ticker:ACES
price:[50.060001373291016, 49.65999984741211, 52.119998931884766, 51.45000076293945, 56.310001373291016, 61.439998626708984, 60.11000061035156, 58.13999938964844, 55.209999084472656, 61.310001373291016, 61.970001220703125, 65.94499969482422, 71.37999725341797, 68.80000305175781, 69.66000366210938, 75.19999694824219, 80.12999725341797, 80.1500015258789, 94.55000305175781, 91.68000030517578, 98.31999969482422, 91.62000274658203, 97.62000274658203, 98.0, 91.19000244140625, 81.13999938964844, 72.94000244140625, 80.98999786376953, 74.8499984741211, 74.6500015258789, 78.23999786376953, 75.95999908447266, 74.62000274658203, 76.05999755859375, 72.80999755859375, 67.62999725341797, 64.2300033569336, 67.62999725341797, 69.16999816894531, 69.0, 72.33999633789062, 71.52999877929688, 74.19000244140625, 75.18000030517578, 73.08999633789062, 67.9000015258789, 69.81999969482422, 72.20999908447266, 70.70999908447266, 69.8499984741211, 67.54000091552734, 70.54000091552734]
assets:[0, 100.00034169273377, 204.95147179985048, 302.3150594829559, 430.8728685081482, 570.1263232566833, 657.7837366790772, 736.2268122711182, 799.1260897483826, 987.4220961174011, 1098.0526486297608, 1268.485041629791, 1473.03331332016, 1519.79206741333, 1638.7864161529542, 1869.118484147644, 2091.6573573051455, 2192.1826917343137, 2686.033216696167, 2704.5050010025025, 3000.3822706871033, 2895.925046813965, 3185.5749776275634, 3297.9744, 3168.7978708374026, 2919.5632300384523, 2724.5133231933596, 3125.2015425682066, 2988.2739140815734, 3080.290477962494, 3328.4233971221925, 3331.4308518470766, 3372.6599601394655, 3537.7482424438476, 3486.5795430908206, 3338.5277624160767, 3270.688115940094, 3543.818619078827, 3724.5138874053955, 3815.3619, 4100.050142440796, 4154.140444107055, 4408.62219107666, 4567.448148540497, 4540.47482550354, 4318.066647037506, 4540.171156155395, 4795.581575198365, 4795.962255903625, 4837.629284321594, 4777.644584762573, 5089.856090060425]
shares:[0, 2.0137, 3.9323, 5.8759, 7.6518, 9.2794, 10.943, 12.663, 14.4743, 16.1054, 17.7191, 19.2355, 20.6365, 22.09, 23.5255, 24.8553, 26.1033, 27.351, 28.4086, 29.4994, 30.5165, 31.608, 32.6324, 33.6528, 34.7494, 35.9818, 37.3528, 38.5875, 39.9235, 41.2631, 42.5412, 43.8577, 45.1978, 46.5126, 47.886, 49.3646, 50.9215, 52.4001, 53.8458, 55.2951, 56.6775, 58.0755, 59.4234, 60.7535, 62.1217, 63.5945, 65.0268, 66.4116, 67.8258, 69.2574, 70.738, 72.1556]
growth_rate:-0.2
