ticker:AIQ
price:[23.280000686645508, 22.724000930786133, 22.739999771118164, 22.81999969482422, 23.472000122070312, 24.579999923706055, 24.67300033569336, 24.59000015258789, 23.110000610351562, 25.520000457763672, 24.989999771118164, 25.31999969482422, 26.020000457763672, 26.639999389648438, 26.40999984741211, 27.158000946044922, 27.049999237060547, 27.200000762939453, 27.899999618530273, 27.440000534057617, 28.670000076293945, 27.649999618530273, 29.5, 30.5, 30.3700008392334, 28.579999923706055, 27.940000534057617, 28.72100067138672, 28.464000701904297, 28.200000762939453, 29.030000686645508, 29.850000381469727, 30.0, 29.704999923706055, 29.31999969482422, 28.850000381469727, 27.989999771118164, 28.149999618530273, 28.969999313354492, 29.25, 29.600000381469727, 29.610000610351562, 30.5, 30.760000228881836, 30.760000228881836, 30.110000610351562, 31.040000915527344, 30.43000030517578, 30.8700008392334, 30.84000015258789, 30.200000762939453, 31.434999465942383]
assets:[0, 99.99923849601745, 200.0687919862747, 300.77215997772214, 409.3657653289795, 528.6887603590012, 630.6887672809601, 728.5672785209656, 784.7162477249145, 966.5496013374329, 1046.4762324153899, 1160.2940500152588, 1292.3717907363891, 1423.1673753936766, 1510.8791172706603, 1653.672404005432, 1747.0972357234955, 1856.7862920814514, 2004.5703325920103, 2071.5197283174516, 2264.376675025749, 2283.8153134916306, 2536.61945, 2722.6068999999998, 2811.0017226781843, 2745.3233426713946, 2783.8466572116854, 2961.6636356323243, 3035.1619372451783, 3107.011224058914, 3298.4583500183107, 3491.6291696214676, 3609.174, 3673.68269156456, 3726.0676572174075, 3766.3386998004917, 3754.0663523019794, 3875.525862481499, 4088.4172260965347, 4227.9324750000005, 4378.523816428185, 4480.001975346374, 4714.659500000001, 4854.85083612442, 4954.851596868515, 4950.1503423431395, 5203.042905464172, 5200.791352157593, 5375.992124151993, 5470.766223067855, 5457.236777865601, 5780.406015795135]
shares:[0, 4.4006, 8.7981, 13.1802, 17.4406, 21.5089, 25.5619, 29.6286, 33.9557, 37.8742, 41.8758, 45.8252, 49.6684, 53.4222, 57.2086, 60.8908, 64.5877, 68.2642, 71.8484, 75.4927, 78.9807, 82.5973, 85.9871, 89.2658, 92.5585, 96.0575, 99.6366, 103.1184, 106.6316, 110.1777, 113.6224, 116.9725, 120.3058, 123.6722, 127.0828, 130.549, 134.1217, 137.6741, 141.1259, 144.5447, 147.9231, 151.3003, 154.579, 157.83, 161.081, 164.4022, 167.6238, 170.91, 174.1494, 177.3919, 180.7032, 183.8844]
growth_rate:13.34
