ticker:AIRR
price:[26.780000686645508, 25.940000534057617, 26.135000228881836, 25.152000427246094, 26.270000457763672, 27.954999923706055, 28.200000762939453, 28.514999389648438, 26.540000915527344, 27.889999389648438, 30.270000457763672, 31.066999435424805, 32.19300079345703, 32.75899887084961, 33.32699966430664, 33.40599822998047, 33.95000076293945, 33.9379997253418, 36.39899826049805, 36.80500030517578, 37.48899841308594, 34.61000061035156, 36.992000579833984, 37.74100112915039, 38.22999954223633, 38.38999938964844, 39.540000915527344, 42.45899963378906, 40.52000045776367, 40.400001525878906, 41.02000045776367, 41.34600067138672, 41.58300018310547, 41.77000045776367, 41.529998779296875, 42.79999923706055, 41.849998474121094, 41.220001220703125, 41.7599983215332, 42.130001068115234, 42.02000045776367, 39.380001068115234, 41.310001373291016, 40.630001068115234, 40.40999984741211, 39.41999816894531, 40.150001525878906, 41.332000732421875, 41.720001220703125, 42.33000183105469, 41.29999923706055, 42.83000183105469]
assets:[0, 100.00129605884553, 200.75339075813292, 293.20189938049316, 406.2340330787659, 532.291153547287, 636.9562372325897, 744.0703940734863, 792.5348533393859, 932.8479655853272, 1112.4527868232726, 1241.7417540340423, 1386.7489214790344, 1511.1300312137605, 1637.3321646076204, 1741.214164541626, 1869.5688270137787, 1968.9062664657592, 2211.6795722042084, 2336.348294872284, 2479.766033531189, 2389.329080136108, 2653.772828796768, 2807.5040106960296, 2943.8781767501832, 3056.1971394104003, 3247.74845719986, 3587.509485557556, 3523.6759678077697, 3613.2387764694213, 3768.6879300567625, 3898.638441307068, 4020.984635105896, 4139.068708360672, 4215.286570098877, 4444.1892807792665, 4445.545382912445, 4478.62320663147, 4637.2933016124725, 4778.380508145523, 4865.903447008896, 4660.193884399796, 4988.587503838348, 5006.469361614228, 5079.359176820373, 5054.920973199463, 5248.532664467621, 5503.04590751648, 5654.703933453369, 5837.383446505738, 5795.343922941971, 6110.038118214417]
shares:[0, 3.8551, 7.6814, 11.6572, 15.4638, 19.041, 22.5871, 26.094, 29.8619, 33.4474, 36.751, 39.9698, 43.0761, 46.1287, 49.1293, 52.1228, 55.0683, 58.0148, 60.7621, 63.4791, 66.1465, 69.0358, 71.7391, 74.3887, 77.0044, 79.6092, 82.1383, 84.4935, 86.9614, 89.4366, 91.8744, 94.293, 96.6978, 99.0919, 101.4998, 103.8362, 106.2257, 108.6517, 111.0463, 113.4199, 115.7997, 118.3391, 120.7598, 123.221, 125.6956, 128.2324, 130.7231, 133.1425, 135.5394, 137.9018, 140.3231, 142.6579]
growth_rate:19.8
