ticker:AMER
price:[0.6800000071525574, 24.739999771118164, 23.6299991607666, 24.540000915527344, 25.170000076293945, 25.280000686645508, 25.719999313354492, 26.110000610351562, 26.149999618530273, 26.350000381469727, 26.299999237060547, 26.329999923706055, 27.209999084472656, 27.100000381469727, 27.5, 26.489999771118164, 27.34000015258789, 28.049999237060547, 28.149999618530273, 27.90999984741211, 28.780000686645508, 30.25, 30.43000030517578, 30.790000915527344, 30.799999237060547, 31.110000610351562, 31.579999923706055, 31.420000076293945, 31.489999771118164, 32.970001220703125, 32.779998779296875, 32.36000061035156, 32.36000061035156, 32.58000183105469, 32.0099983215332, 30.5, 31.190000534057617, 31.139999389648438, 31.239999771118164, 30.700000762939453, 30.829999923706055, 31.149999618530273, 30.8799991607666, 32.13999938964844, 31.540000915527344, 31.770000457763672, 31.690000534057617, 31.693099975585938]
assets:[0, 99.99907907485961, 195.51225005626677, 303.0420173057556, 410.82222424526213, 512.6177419235229, 621.5392154067994, 730.9651330871582, 832.0851428617477, 938.4499935859681, 1036.6696999271392, 1137.8509467029573, 1275.8795780708313, 1370.720729294777, 1490.9537500000001, 1536.194821726799, 1685.486403406906, 1829.258260245514, 1935.7797637676238, 2019.2745339603425, 2182.2176500642777, 2393.6794750000004, 2507.921948151398, 2637.5915594276426, 2738.449492166519, 2866.0119172286986, 3009.3118787298204, 3094.0656555130004, 3200.9584767341616, 3451.401934786987, 3531.5105544891358, 3586.2614716415405, 3686.260345527649, 3811.3226442031864, 3844.6408734035494, 3763.2791, 3948.4170236076357, 4042.0871387741086, 4155.066797557641, 4183.243503959656, 4300.957637356567, 4445.600230558205, 4507.06557351036, 4790.968293017578, 4801.529887376404, 4936.5433971290595, 5024.113670669174, 5124.606292622376]
shares:[0, 4.042, 8.2739, 12.3489, 16.3219, 20.2776, 24.1656, 27.9956, 31.8197, 35.6148, 39.4171, 43.215, 46.8901, 50.5801, 54.2165, 57.9915, 61.6491, 65.2142, 68.7666, 72.3495, 75.8241, 79.1299, 82.4161, 85.6639, 88.9107, 92.1251, 95.2917, 98.4744, 101.65, 104.6831, 107.7337, 110.8239, 113.9141, 116.9835, 120.1075, 123.3862, 126.5924, 129.8037, 133.0047, 136.262, 139.5056, 142.7159, 145.9542, 149.0656, 152.2362, 155.3838, 158.5394, 161.6947]
growth_rate:9.03
