ticker:AMJ
price:[12.1899995803833, 11.520000457763672, 11.539999961853027, 10.5600004196167, 10.850000381469727, 11.649999618530273, 11.720000267028809, 12.079999923706055, 11.329999923706055, 11.34000015258789, 12.649999618530273, 13.789999961853027, 13.979999542236328, 15.289999961853027, 15.130000114440918, 14.569999694824219, 14.109999656677246, 13.890000343322754, 15.020000457763672, 15.90999984741211, 15.100000381469727, 14.710000038146973, 15.3100004196167, 15.609999656677246, 15.520000457763672, 15.430000305175781, 17.0, 17.530000686645508, 16.809999465942383, 16.719999313354492, 16.90999984741211, 16.799999237060547, 16.959999084472656, 17.43000030517578, 17.649999618530273, 18.5, 19.270000457763672, 19.110000610351562, 18.6299991607666, 19.59000015258789, 20.719999313354492, 19.420000076293945, 19.530000686645508, 19.8700008392334, 19.510000228881836, 18.18000030517578, 18.18000030517578, 18.309999465942383, 17.760000228881836, 18.149999618530273, 17.350000381469727, 17.780000686645508]
assets:[0, 100.00051597366333, 200.1739933382988, 283.17485925235746, 390.9515537452698, 519.7775479803086, 622.9004341921806, 742.0333233135224, 795.9630856401444, 896.6651520652771, 1100.247631821251, 1299.3999794054985, 1417.3035375915526, 1650.1120858831407, 1732.844965106964, 1768.7076289535523, 1812.8668658895492, 1884.6008025821684, 2137.919829157257, 2364.6014533218386, 2344.2161692216873, 2383.6701881814956, 2580.8970997372626, 2731.4705209246636, 2815.722291049957, 2899.394266344452, 3294.4079, 3497.11593298111, 3453.4799102821353, 3534.9907428274155, 3675.1618728370668, 3751.255029644012, 3886.9807821746826, 4094.697503692627, 4246.379873222923, 4550.87975, 4840.294597982406, 4900.106094503784, 4877.0263853025435, 5228.337919723893, 5629.922181428528, 5376.693075123024, 5507.147713623047, 5703.022069874, 5699.6963398660655, 5411.1461948333745, 5511.145286511994, 5650.553723187256, 5580.820775922776, 5803.371628026963, 5647.576069171714, 5887.544967370986]
shares:[0, 8.6806, 17.3461, 26.8158, 36.0324, 44.6161, 53.1485, 61.4266, 70.2527, 79.071, 86.9761, 94.2277, 101.3808, 107.921, 114.5304, 121.3938, 128.481, 135.6804, 142.3382, 148.6236, 155.2461, 162.0442, 168.5759, 174.9821, 181.4254, 187.9063, 193.7887, 199.4932, 205.442, 211.4229, 217.3366, 223.289, 229.1852, 234.9224, 240.5881, 245.9935, 251.1829, 256.4158, 261.7835, 266.8881, 271.7144, 276.8637, 281.984, 287.0167, 292.1423, 297.6428, 303.1433, 308.6048, 314.2354, 319.745, 325.5087, 331.133]
growth_rate:15.44
