ticker:AMLP
price:[22.43000030517578, 21.299999237060547, 21.350000381469727, 19.559999465942383, 20.06999969482422, 21.809999465942383, 21.790000915527344, 22.65999984741211, 20.860000610351562, 21.0, 23.010000228881836, 24.829999923706055, 26.020000457763672, 28.34000015258789, 28.15999984741211, 27.06999969482422, 26.170000076293945, 25.65999984741211, 27.770000457763672, 29.510000228881836, 27.709999084472656, 27.049999237060547, 28.149999618530273, 28.15999984741211, 28.049999237060547, 28.450000762939453, 31.68000030517578, 32.41999816894531, 30.850000381469727, 30.799999237060547, 31.1299991607666, 30.989999771118164, 31.329999923706055, 32.189998626708984, 32.7400016784668, 34.369998931884766, 34.560001373291016, 34.54999923706055, 34.34000015258789, 35.97999954223633, 38.279998779296875, 35.81999969482422, 36.2599983215332, 36.970001220703125, 36.349998474121094, 33.72999954223633, 33.75, 33.90999984741211, 32.560001373291016, 33.0, 31.489999771118164, 32.81999969482422]
assets:[0, 99.99923641815185, 200.23311357765198, 283.44590826091763, 390.8371530570984, 524.7224151512146, 624.2421252281189, 749.1667869552613, 789.6574091049195, 894.957, 1080.6163397489547, 1266.0891451097489, 1426.7676951007843, 1653.9819229053496, 1743.4757025527956, 1775.9895909782408, 1816.9438502969742, 1881.5348848114013, 2136.2517172142025, 2370.1045213827133, 2325.5367341651913, 2370.147983150482, 2566.5311752201083, 2667.4419055461885, 2757.023205010986, 2896.3381026706697, 3325.167680031586, 3502.838154162597, 3433.2070774526596, 3527.644032617569, 3665.4391071834566, 3748.9532423114774, 3890.0831745269775, 4096.86619121933, 4266.866910747528, 4579.2971186893465, 4704.611514944459, 4803.251453933716, 4874.058223657608, 5206.831241754913, 5639.673552157593, 5377.248206187439, 5543.30163340187, 5751.844547918701, 5755.382498403931, 5440.551109164047, 5543.778375, 5670.060555485917, 5544.330057844543, 5719.2531, 5557.553546605492, 5892.279569210815]
shares:[0, 4.6948, 9.3786, 14.4911, 19.4737, 24.0588, 28.6481, 33.0612, 37.8551, 42.617, 46.9629, 50.9903, 54.8335, 58.3621, 61.9132, 65.6073, 69.4285, 73.3256, 76.9266, 80.3153, 83.9241, 87.621, 91.1734, 94.7245, 98.2896, 101.8045, 104.9611, 108.0456, 111.2871, 114.5339, 117.7462, 120.973, 124.1648, 127.2714, 130.3258, 133.2353, 136.1288, 139.0232, 141.9353, 144.7146, 147.3269, 150.1186, 152.8765, 155.5814, 158.3324, 161.2971, 164.2601, 167.2091, 170.2804, 173.3107, 176.4863, 179.5332]
growth_rate:15.53
