ticker:AMNA
price:[23.78499984741211, 23.052000045776367, 23.14900016784668, 21.833999633789062, 21.715999603271484, 22.32900047302246, 22.268999099731445, 22.527999877929688, 21.204999923706055, 21.048999786376953, 23.198999404907227, 24.415000915527344, 25.90999984741211, 27.170000076293945, 27.39299964904785, 26.319000244140625, 25.589000701904297, 25.26799964904785, 26.93400001525879, 27.95800018310547, 27.138999938964844, 26.16699981689453, 27.14699935913086, 28.052000045776367, 28.052000045776367, 27.80699920654297, 29.908000946044922, 30.756999969482422, 29.743999481201172, 30.367000579833984, 30.19300079345703, 30.16699981689453, 29.959999084472656, 30.198999404907227, 31.16900062561035, 32.47800064086914, 33.095001220703125, 33.1870002746582, 33.09199905395508, 34.5, 35.44599914550781, 33.775001525878906, 34.367000579833984, 34.555999755859375, 34.37200164794922, 32.189998626708984, 32.14099884033203, 32.340999603271484, 31.968000411987305, 32.222999572753906, 30.775999069213867, 32.14899826049805]
assets:[0, 99.99957619857788, 200.41941365318297, 289.03412035217286, 387.47206612129213, 498.410085358429, 597.0697231622696, 704.0135129852295, 762.6696297559739, 857.0584390018463, 1044.5999054042816, 1199.352738973999, 1372.7921129154206, 1539.5500163230897, 1652.186859432602, 1687.4084859527586, 1740.6047701446535, 1818.7704003387453, 2038.6883291549682, 2216.197124914551, 2251.2750314369205, 2270.6440258110047, 2455.6822709278104, 2637.547226304054, 2737.546996067238, 2813.637311214447, 3126.226513688278, 3314.9710025108334, 3305.789743939972, 3475.029491152954, 3555.117148626709, 3652.056214933014, 3726.9969221092224, 3856.7293135004043, 4080.6081591041566, 4351.980634275055, 4534.657210260009, 4647.261934661103, 4733.959378664016, 5035.38195, 5273.453710673523, 5124.853234029388, 5314.681367968369, 5443.910734338379, 5514.922357610321, 5264.8255683918, 5356.811712722778, 5490.146644752122, 5526.82611282692, 5670.91280560913, 5516.256219566917, 5862.350543402863]
shares:[0, 4.338, 8.6578, 13.2378, 17.8427, 22.3212, 26.8117, 31.2506, 35.9665, 40.7173, 45.0278, 49.1236, 52.9831, 56.6636, 60.3142, 64.1137, 68.0216, 71.9792, 75.692, 79.2688, 82.9535, 86.7751, 90.4587, 94.0235, 97.5883, 101.1845, 104.5281, 107.7794, 111.1414, 114.4344, 117.7464, 121.0613, 124.3991, 127.7105, 130.9188, 133.9978, 137.0194, 140.0326, 143.0545, 145.9531, 148.7743, 151.7351, 154.6449, 157.5388, 160.4481, 163.5547, 166.666, 169.7581, 172.8862, 175.9896, 179.2389, 182.3494]
growth_rate:14.95
