ticker:AMND
price:[24.941999435424805, 24.121999740600586, 24.18400001525879, 22.722999572753906, 22.767000198364258, 23.496000289916992, 23.429000854492188, 23.910999298095703, 22.371000289916992, 22.302000045776367, 24.64900016784668, 26.065000534057617, 27.52400016784668, 29.134000778198242, 29.344999313354492, 28.14299964904785, 27.29599952697754, 26.8700008392334, 28.702999114990234, 29.799999237060547, 28.67300033569336, 27.849000930786133, 28.797000885009766, 29.761999130249023, 29.69499969482422, 29.493000030517578, 31.885000228881836, 32.75, 31.7450008392334, 32.25699996948242, 32.244998931884766, 32.17300033569336, 31.851999282836914, 32.19300079345703, 33.095001220703125, 34.4630012512207, 35.14799880981445, 35.23400115966797, 35.01900100708008, 36.32699966430664, 37.53099822998047, 35.880001068115234, 36.35900115966797, 36.67599868774414, 36.42100143432617, 33.87200164794922, 33.73500061035156, 34.018001556396484, 33.4630012512207, 33.854000091552734, 32.41600036621094, 33.667999267578125]
assets:[0, 100.00016212463379, 200.25803052635192, 288.15944678192136, 388.7169312868118, 501.1626373838424, 599.7332209732056, 712.0719501972198, 766.211234129715, 863.8478999731063, 1054.757831082344, 1215.3510254018784, 1383.3810200361252, 1564.3006439840317, 1675.6288057918548, 1706.9939436132431, 1755.618638376236, 1828.218735100937, 2052.9360869010925, 2231.39712287178, 2247.0084154071806, 2282.4344937849046, 2460.1306653064726, 2642.5708789747237, 2736.622873375702, 2818.0060148159027, 3146.5584935871125, 3331.9195, 3329.6728225255965, 3483.375364104462, 3582.080808843613, 3674.0826404354093, 3737.4244102500916, 3877.437691066742, 4086.0776352142334, 4354.979186512756, 4541.539707413865, 4652.653376534271, 4724.262844160843, 5000.720283288956, 5266.462264625549, 5134.790540858077, 5303.34208864975, 5449.580284615708, 5511.692125860595, 5225.94516145401, 5304.808604977417, 5449.309651317596, 5460.405540370942, 5624.209045409775, 5485.312401168822, 5797.171589086914]
shares:[0, 4.1456, 8.2806, 12.6814, 17.0737, 21.3297, 25.5979, 29.7801, 34.2502, 38.7341, 42.7911, 46.6277, 50.2609, 53.6933, 57.101, 60.6543, 64.3178, 68.0394, 71.5234, 74.8791, 78.3667, 81.9575, 85.4301, 88.7901, 92.1577, 95.5483, 98.6846, 101.738, 104.8881, 107.9882, 111.0895, 114.1977, 117.3372, 120.4435, 123.4651, 126.3668, 129.2119, 132.0501, 134.9057, 137.6585, 140.323, 143.1101, 145.8605, 148.5871, 151.3328, 154.2851, 157.2494, 160.189, 163.1774, 166.1313, 169.2162, 172.1864]
growth_rate:13.67
