ticker:AMTR
price:[25.329999923706055, 23.84600067138672, 23.649999618530273, 26.1299991607666, 27.500999450683594, 29.225000381469727, 30.663999557495117, 30.920000076293945, 29.649999618530273, 28.854000091552734, 28.48699951171875, 30.399999618530273, 32.12300109863281, 31.172000885009766, 30.06800079345703, 31.198999404907227, 32.290000915527344, 32.25, 31.964000701904297, 34.40999984741211, 35.4640007019043, 34.215999603271484, 34.948001861572266, 34.74399948120117, 34.715999603271484, 35.03099822998047, 35.3120002746582, 36.43899917602539, 37.9900016784668, 38.71500015258789, 38.821998596191406, 38.71099853515625, 40.387001037597656, 41.5099983215332, 39.51599884033203, 40.21900177001953, 40.45000076293945, 40.224998474121094, 38.198001861572266, 38.13999938964844, 38.375999450683594, 37.928001403808594, 38.23099899291992, 36.494998931884766, 38.14699935913086, 37.729000091552734]
assets:[0, 100.00058841552735, 199.17793178730014, 320.06374672031404, 436.85612637405393, 564.2412373649597, 692.0251420135498, 797.8040259685516, 865.0357738706589, 941.8118753883361, 1029.8335193481446, 1198.9911849546434, 1366.9461272506715, 1426.4775184993744, 1475.9569753486633, 1631.473676381111, 1788.5237767105102, 1886.30895, 1969.5801700504303, 2220.2983581542967, 2388.3089416694643, 2404.262487322998, 2555.698448934174, 2640.780219767761, 2738.6514755031585, 2863.5003542152403, 2986.470048828888, 3181.7841739521027, 3417.21584697876, 3582.4305951194765, 3692.3331110847475, 3781.774224395752, 4045.505313434601, 4257.996003826905, 4153.455509309387, 4327.347407844543, 4452.202143974304, 4527.4362082580565, 4399.29061299858, 4492.609692105102, 4620.4089322631835, 4666.471652717591, 4803.751785159683, 4685.622108863831, 4997.722309438324, 5042.960020537185]
shares:[0, 4.1936, 8.4219, 12.2489, 15.8851, 19.3068, 22.568, 25.8022, 29.1749, 32.6406, 36.151, 39.4405, 42.5535, 45.7615, 49.0873, 52.2925, 55.3894, 58.4902, 61.6187, 64.5248, 67.3446, 70.2672, 73.1286, 76.0068, 78.8873, 81.7419, 84.5738, 87.3181, 89.9504, 92.5334, 95.1093, 97.6925, 100.1685, 102.5776, 105.1082, 107.5946, 110.0668, 112.5528, 115.1707, 117.7926, 120.3984, 123.035, 125.6507, 128.3908, 131.0122, 133.6627]
growth_rate:12.07
