ticker:AMUB
price:[7.639999866485596, 7.260000228881836, 7.28000020980835, 6.659999847412109, 6.836999893188477, 7.410999774932861, 7.408999919891357, 7.6519999504089355, 7.079999923706055, 7.158999919891357, 8.050000190734863, 8.640000343322754, 8.812999725341797, 9.614999771118164, 9.54800033569336, 9.17199993133545, 8.880000114440918, 8.717000007629395, 9.432999610900879, 10.029000282287598, 9.440999984741211, 9.234000205993652, 9.581999778747559, 9.819999694824219, 9.795999526977539, 9.756999969482422, 10.776000022888184, 11.029999732971191, 10.53499984741211, 10.449999809265137, 10.600000381469727, 10.585000038146973, 10.6899995803833, 10.920000076293945, 11.149999618530273, 11.694999694824219, 12.010000228881836, 12.039999961853027, 11.75100040435791, 12.350000381469727, 13.019000053405762, 12.270999908447266, 12.319000244140625, 12.534000396728516, 12.317999839782715, 11.472000122070312, 11.458999633789062, 11.555999755859375, 11.142000198364258, 11.446000099182129, 10.949000358581543, 11.222000122070312]
assets:[0, 99.9999691526413, 200.27571777191162, 283.2191575111389, 390.74616679553986, 523.551561300087, 623.4102939594746, 743.857036779213, 788.252499505806, 897.0477464621067, 1108.6935212691308, 1289.9520512580873, 1415.781085577011, 1644.61975035038, 1733.1597045352937, 1764.9074115873336, 1808.720159309864, 1875.5192121415137, 2129.571352957916, 2364.1231988432883, 2325.5146690414426, 2374.52592317133, 2564.0137837958337, 2727.699351231384, 2821.032351779938, 2909.8018055988314, 3313.6954390382766, 3491.8023114658354, 3435.0989392463684, 3507.383595982742, 3657.729411633301, 3752.552932023716, 3889.7765613138204, 4073.4668804597854, 4259.263059279823, 4567.451723814392, 4790.474429294968, 4902.439960467338, 4884.765132387257, 5233.76343666172, 5617.276707442856, 5394.53893965187, 5515.640182910156, 5711.9031625942225, 5713.468951886272, 5421.068419284057, 5514.925465151978, 5661.609003988647, 5558.778439164543, 5810.445201148796, 5658.148857205296, 5899.228156570435]
shares:[0, 13.7741, 27.5104, 42.5254, 57.1517, 70.6452, 84.1423, 97.2108, 111.3351, 125.3035, 137.7259, 149.3, 160.6469, 171.0473, 181.5207, 192.4234, 203.6847, 215.1565, 225.7576, 235.7287, 246.3208, 257.1503, 267.5865, 277.7698, 287.978, 298.2271, 307.507, 316.5732, 326.0654, 335.6348, 345.0688, 354.5161, 363.8706, 373.0281, 381.9967, 390.5474, 398.8738, 407.1794, 415.6893, 423.7865, 431.4676, 439.6169, 447.7344, 455.7127, 463.8309, 472.5478, 481.2746, 489.9281, 498.9031, 507.6398, 516.7731, 525.6842]
growth_rate:15.67
