ticker:AMZA
price:[16.059999465942383, 14.880000114440918, 14.9399995803833, 12.949999809265137, 13.520000457763672, 15.039999961853027, 14.9399995803833, 15.489999771118164, 13.829999923706055, 13.90999984741211, 16.469999313354492, 17.920000076293945, 19.06999969482422, 21.3700008392334, 21.450000762939453, 20.31999969482422, 19.479999542236328, 18.979999542236328, 20.889999389648438, 22.530000686645508, 20.739999771118164, 20.139999389648438, 21.149999618530273, 22.110000610351562, 22.049999237060547, 22.040000915527344, 25.1200008392334, 25.729999542236328, 24.190000534057617, 23.979999542236328, 24.350000381469727, 24.440000534057617, 24.84000015258789, 25.280000686645508, 25.950000762939453, 27.459999084472656, 28.309999465942383, 28.030000686645508, 27.790000915527344, 29.389999389648438, 31.530000686645508, 29.190000534057617, 29.270000457763672, 29.93000030517578, 29.280000686645508, 26.639999389648438, 26.280000686645508, 26.739999771118164, 25.378000259399414, 26.329999923706055, 24.719999313354492, 26.139999389648438]
assets:[0, 99.99955276908874, 200.40216637134552, 273.70860596866606, 385.75535706100464, 529.1237426579476, 625.6050124287605, 748.6363359380722, 768.4086257610321, 872.8538814250946, 1133.493351743889, 1333.2856376764298, 1518.847288694, 1802.033868768692, 1908.7797978919982, 1908.224755341339, 1929.3420106620788, 1979.8208342502594, 2279.055064411926, 2557.975169959259, 2454.7448929100037, 2483.7291727294923, 2708.2849461523056, 2931.213431916809, 3023.257755393982, 3121.8867856811526, 3658.1578982152937, 3846.990005558014, 3716.737945056724, 3784.4707717567444, 3942.864071769333, 4057.43846066227, 4223.845789946366, 4398.664503474808, 4615.2439656898505, 4983.800359838104, 5238.068975185775, 5286.261919496536, 5340.999181956481, 5748.504601618957, 6267.076351481438, 5901.964154981804, 6018.140400119782, 6253.840640766144, 6218.0239218189245, 5757.383388092041, 5779.581847009277, 5980.745894807625, 5776.116606440162, 6092.79357834549, 5820.237318331718, 6254.5725479599]
shares:[0, 6.7204, 13.4138, 21.1358, 28.5322, 35.1811, 41.8745, 48.3303, 55.561, 62.7501, 68.8217, 74.4021, 79.6459, 84.3254, 88.9874, 93.9087, 99.0422, 104.3109, 109.0979, 113.5364, 118.358, 123.3232, 128.0513, 132.5741, 137.1092, 141.6464, 145.6273, 149.5138, 153.6477, 157.8178, 161.9246, 166.0163, 170.0421, 173.9978, 177.8514, 181.4931, 185.0254, 188.593, 192.1914, 195.5939, 198.7655, 202.1913, 205.6078, 208.9489, 212.3642, 216.118, 219.9232, 223.6629, 227.6033, 231.4012, 235.4465, 239.2721]
growth_rate:22.64
