ticker:AQWA
price:[15.59000015258789, 15.725000381469727, 15.527999877929688, 15.890000343322754, 15.866999626159668, 15.765000343322754, 15.96399974822998, 15.984999656677246, 16.051000595092773, 15.560999870300293, 15.875, 15.970000267028809, 16.1200008392334, 16.190000534057617, 16.389999389648438, 16.709999084472656, 16.959999084472656, 17.18000030517578, 16.950000762939453, 17.035999298095703, 17.173999786376953, 17.173999786376953]
assets:[0, 99.99999492588043, 198.74752883758546, 303.38142055492403, 402.94245550632473, 500.35273389644624, 606.6687076321601, 707.4673118051529, 810.3877333452225, 885.648083218193, 1003.5190749999999, 1109.52375355196, 1219.9455435123443, 1325.2438267156601, 1441.6151763153075, 1569.7607079940797, 1693.2456045959473, 1815.2096262443542, 1890.9081851119997, 2000.5016219768522, 2116.70749547081, 2216.7082614269257]
shares:[0, 6.3593, 12.7993, 19.0926, 25.395, 31.7382, 38.0023, 44.2582, 50.4883, 56.9146, 63.2138, 69.4755, 75.679, 81.8557, 87.957, 93.9414, 99.8376, 105.6583, 111.558, 117.4279, 123.2507, 129.0735]
growth_rate:5.56
