ticker:ARKG
price:[56.29999923706055, 57.15999984741211, 63.08000183105469, 62.349998474121094, 63.38999938964844, 73.80999755859375, 73.68000030517578, 70.11000061035156, 65.73999786376953, 72.79000091552734, 74.08999633789062, 76.44999694824219, 79.61000061035156, 89.66999816894531, 95.86000061035156, 94.70999908447266, 103.0999984741211, 93.26000213623047, 105.86000061035156, 107.95999908447266, 110.54000091552734, 101.93000030517578, 108.90499877929688, 112.01000213623047, 107.45999908447266, 93.51000213623047, 85.13999938964844, 91.80000305175781, 90.87000274658203, 84.58000183105469, 89.51000213623047, 87.73999786376953, 88.69999694824219, 89.58000183105469, 88.87000274658203, 80.87000274658203, 76.55999755859375, 78.37000274658203, 81.75, 80.29000091552734, 86.93000030517578, 86.62000274658203, 90.08000183105469, 92.02999877929688, 89.98999786376953, 82.87999725341797, 85.66000366210938, 84.3499984741211, 86.98999786376953, 82.20999908447266, 79.7300033569336, 84.91000366210938]
assets:[0, 100.00141973304748, 210.35919010620117, 307.9217024642944, 413.05557502288815, 580.9511097839355, 679.9264108161926, 746.9799905029297, 800.4173439903259, 986.2535594047547, 1103.8668554382323, 1239.0251005401612, 1390.2374016586305, 1665.9161269821166, 1880.9170019760134, 1958.3565350692747, 2231.8365969688416, 2118.829944534302, 2505.0922264434816, 2654.7903574867246, 2818.228377341461, 2698.7190740798947, 2983.3870985595704, 3168.4493324279783, 3139.744761250305, 2832.156136700439, 2678.6491187973024, 2988.1818993377688, 3057.9118974266053, 2946.2428677825924, 3217.9740867996215, 3254.3379387657164, 3389.9453533676146, 3523.5756240234377, 3595.6447631256106, 3371.9718085220334, 3292.2636390136718, 3470.0983296142576, 3719.7558000000004, 3753.3247017982485, 4163.729689617157, 4248.884374725341, 4518.602059849549, 4716.417798440551, 4711.867289147187, 4439.591372875214, 4688.506074441528, 4716.801304673767, 4964.432188087464, 4791.642680638123, 4747.092507870483, 5155.506165353394]
shares:[0, 1.7495, 3.3348, 4.9386, 6.5161, 7.8709, 9.2281, 10.6544, 12.1755, 13.5493, 14.899, 16.207, 17.4631, 18.5783, 19.6215, 20.6774, 21.6473, 22.7196, 23.6642, 24.5905, 25.4951, 26.4762, 27.3944, 28.2872, 29.2178, 30.2872, 31.4617, 32.551, 33.6515, 34.8338, 35.951, 37.0907, 38.2181, 39.3344, 40.4596, 41.6962, 43.0024, 44.2784, 45.5016, 46.7471, 47.8975, 49.052, 50.1621, 51.2487, 52.3599, 53.5665, 54.7339, 55.9194, 57.069, 58.2854, 59.5396, 60.7173]
growth_rate:1.09
