ticker:ARKK
price:[87.05000305175781, 85.3499984741211, 89.87999725341797, 90.75, 92.31999969482422, 102.76000213623047, 102.76000213623047, 99.18000030517578, 90.79000091552734, 102.08000183105469, 99.4000015258789, 104.9000015258789, 111.77999877929688, 117.19000244140625, 123.87000274658203, 127.30000305175781, 133.02999877929688, 124.48999786376953, 142.47999572753906, 141.91000366210938, 146.0800018310547, 137.44000244140625, 149.4600067138672, 156.5800018310547, 152.61000061035156, 130.36000061035156, 117.06999969482422, 126.68000030517578, 122.36000061035156, 113.97000122070312, 120.8499984741211, 123.26000213623047, 124.37999725341797, 123.69999694824219, 120.7699966430664, 109.72000122070312, 104.30999755859375, 105.83999633789062, 112.0999984741211, 109.51000213623047, 116.12000274658203, 118.9000015258789, 125.48999786376953, 128.14999389648438, 125.62000274658203, 116.52999877929688, 122.43000030517578, 120.0, 123.01000213623047, 120.0999984741211, 115.80000305175781, 122.02999877929688]
assets:[0, 99.99605821228027, 205.3038897262573, 307.288575, 412.60577463607785, 559.2610356262207, 659.2567937049865, 736.292486265564, 774.0029158050537, 970.2500014038086, 1044.773536038208, 1202.5841074928285, 1381.4554709136964, 1548.3143122558592, 1736.5707295051575, 1884.651085180664, 2069.481176010132, 2036.6314670516967, 2430.950943104553, 2521.2298890625, 2695.32211378479, 2635.906830822754, 2966.4373752548217, 3207.7605495117186, 3226.4348499038697, 2856.03118137207, 2664.8644030532837, 2983.618039187622, 2981.8765068740845, 2877.412017819214, 3151.115370213318, 3313.956091434479, 3444.0696859474183, 3525.2396230300906, 3541.737152553558, 3317.680480911255, 3254.0964078369143, 3401.8244902954098, 3703.032879595184, 3717.4812875175476, 4041.870219602203, 4238.6304843955995, 4573.558266143798, 4770.498857791138, 4776.323744430541, 4530.69800553894, 4860.091479114532, 4863.624, 5085.61481931839, 5065.3015056449885, 4983.951071345519, 5352.089310461426]
shares:[0, 1.1716, 2.2842, 3.3861, 4.4693, 5.4424, 6.4155, 7.4238, 8.5252, 9.5048, 10.5108, 11.4641, 12.3587, 13.212, 14.0193, 14.8048, 15.5565, 16.3598, 17.0617, 17.7664, 18.451, 19.1786, 19.8477, 20.4864, 21.1417, 21.9088, 22.763, 23.5524, 24.3697, 25.2471, 26.0746, 26.8859, 27.6899, 28.4983, 29.3263, 30.2377, 31.1964, 32.1412, 33.0333, 33.9465, 34.8077, 35.6487, 36.4456, 37.2259, 38.022, 38.8801, 39.6969, 40.5302, 41.3431, 42.1757, 43.0393, 43.8588]
growth_rate:4.94
