ticker:ARKW
price:[104.1500015258789, 100.01000213623047, 103.13999938964844, 106.0, 110.05999755859375, 117.83999633789062, 118.30999755859375, 118.54000091552734, 110.80999755859375, 125.16000366210938, 118.37999725341797, 126.45999908447266, 134.61000061035156, 139.07000732421875, 143.77000427246094, 150.8300018310547, 151.3800048828125, 146.36000061035156, 159.38999938964844, 156.6699981689453, 164.80999755859375, 158.80999755859375, 175.8000030517578, 187.47000122070312, 185.0500030517578, 160.88999938964844, 146.07000732421875, 157.47999572753906, 153.33999633789062, 142.42999267578125, 150.0, 154.2899932861328, 155.41000366210938, 152.0, 148.57000732421875, 137.25, 128.60000610351562, 130.52000427246094, 137.61000061035156, 135.74000549316406, 140.4600067138672, 143.92999267578125, 151.5500030517578, 150.69000244140625, 148.89999389648438, 140.30999755859375, 148.19000244140625, 147.5500030517578, 149.3300018310547, 149.3000030517578, 145.4499969482422, 150.9199981689453]
assets:[0, 100.00000113601685, 203.1342287979126, 308.7674, 420.59428067016603, 550.3245668975829, 652.5151295349121, 753.7840118217468, 804.6246352722168, 1008.8271775177002, 1054.173875541687, 1226.13085912323, 1405.1534133712769, 1551.715327722168, 1704.1633686431885, 1887.848634918213, 1994.7343243408202, 2028.5788804595948, 2309.178555157471, 2369.77472530365, 2592.9062485900877, 2598.5127040527345, 2976.505011669922, 3274.088583319092, 3331.8253049468995, 2996.8175736312865, 2820.7725184387205, 3141.1117427810673, 3158.5279125671386, 3033.8015729919434, 3295.0499999999997, 3489.2836271652222, 3614.6191111755375, 3635.308, 3653.2770520996096, 3474.92295, 3355.920039276123, 3506.0283547668455, 3796.481023838806, 3844.8899515960693, 4078.5793529525754, 4279.340935235596, 4605.8925377487185, 4679.753370819091, 4724.164996353149, 4551.628258801269, 4907.252654846192, 4986.053968125915, 5146.210523101807, 5245.177847213745, 5209.917075688171, 5505.848281199646]
shares:[0, 0.9999, 1.9695, 2.9129, 3.8215, 4.6701, 5.5153, 6.3589, 7.2613, 8.0603, 8.905, 9.6958, 10.4387, 11.1578, 11.8534, 12.5164, 13.177, 13.8602, 14.4876, 15.1259, 15.7327, 16.3624, 16.9312, 17.4646, 18.005, 18.6265, 19.3111, 19.9461, 20.5982, 21.3003, 21.967, 22.6151, 23.2586, 23.9165, 24.5896, 25.3182, 26.0958, 26.862, 27.5887, 28.3254, 29.0373, 29.7321, 30.3919, 31.0555, 31.7271, 32.4398, 33.1146, 33.7923, 34.462, 35.1318, 35.8193, 36.4819]
growth_rate:7.96
