ticker:ARKX
price:[20.90999984741211, 21.030000686645508, 20.969999313354492, 20.700000762939453, 20.59000015258789, 20.440000534057617, 19.75, 19.860000610351562, 20.389999389648438, 20.770000457763672, 20.6200008392334, 20.3700008392334, 21.139999389648438, 20.959999084472656, 20.899999618530273, 20.09000015258789, 20.540000915527344, 20.34000015258789, 20.360000610351562, 20.270000457763672, 19.834999084472656, 20.854999542236328, 21.03499984741211, 21.03499984741211]
assets:[0, 99.99975626506804, 199.7140794605255, 297.14230095176697, 395.56272893142705, 492.681684872818, 576.0502250000001, 679.2576988754273, 797.3855891311645, 912.2454211055756, 1005.6580609302521, 1093.4657190502166, 1234.800048348999, 1324.2862781555177, 1420.4956440729143, 1465.442962130356, 1598.2667672393798, 1682.7038046234131, 1784.3585974914552, 1876.4709683769227, 1936.201369630432, 2135.7688451202393, 2254.2031376480104, 2354.2035269226076]
shares:[0, 4.7551, 9.5238, 14.3547, 19.2114, 24.1038, 29.1671, 34.2023, 39.1067, 43.9213, 48.771, 53.6802, 58.4106, 63.1816, 67.9663, 72.9439, 77.8124, 82.7288, 87.6404, 92.5738, 97.6154, 102.4104, 107.1644, 111.9184]
growth_rate:2.36
