ticker:ARMR
price:[19.667999267578125, 19.304000854492188, 19.327999114990234, 18.961999893188477, 19.451000213623047, 20.18000030517578, 20.26799964904785, 20.195999145507812, 19.027000427246094, 20.43000030517578, 20.8439998626709, 20.829999923706055, 21.256000518798828, 21.613000869750977, 21.514999389648438, 21.697999954223633, 21.639999389648438, 21.642000198364258, 22.25, 21.899999618530273, 22.381999969482422, 21.549999237060547, 22.667999267578125, 23.055999755859375, 22.878000259399414, 22.3799991607666, 22.325000762939453, 23.030000686645508, 22.648000717163086, 22.75, 23.111000061035156, 23.770000457763672, 24.118999481201172, 24.099000930786133, 24.014999389648438, 24.2450008392334, 23.878999710083008, 23.760000228881836, 24.006999969482422, 24.23900032043457, 24.34600067138672, 23.892000198364258, 24.516000747680664, 25.05699920654297, 24.98900032043457, 24.617000579833984, 25.229999542236328, 25.114999771118164, 25.292999267578125, 25.340999603271484, 25.190000534057617, 25.670000076293945]
assets:[0, 100.00051562652588, 200.1240356365204, 296.3343419307709, 403.97587833671565, 519.1163818504333, 621.3803868404389, 719.1734707717894, 777.5459832595825, 934.8808999649048, 1053.8246918569564, 1153.1175507764817, 1276.7012847606659, 1398.1428649641036, 1491.8027246795655, 1604.491153614998, 1700.2028160461425, 1800.3590409015655, 1950.9378499999998, 2020.2486848098756, 2164.7131764484407, 2184.2454276706694, 2397.5625473327636, 2538.6016035186767, 2619.0025478952407, 2661.9934761772156, 2755.4520566654205, 2942.4671887304307, 2993.6602955961225, 3107.142675, 3256.446219200134, 3449.302798426819, 3599.9463888652804, 3696.9602555892943, 3784.074673326111, 3920.3172312005995, 3961.136824207497, 4041.3978389310837, 4183.411800682068, 4323.8401375602725, 4442.9284431221, 4460.0773642299655, 4676.564432224273, 4879.76289597702, 4966.521332385826, 4992.58619609642, 5216.907925346374, 5293.129357261848, 5430.644696942139, 5540.9514728530885, 5607.933944894791, 5814.79408728218]
shares:[0, 5.1803, 10.3541, 15.6278, 20.7689, 25.7243, 30.6582, 35.6097, 40.8654, 45.7602, 50.5577, 55.3585, 60.0631, 64.6899, 69.3378, 73.9465, 78.5676, 83.1882, 87.6826, 92.2488, 96.7167, 101.3571, 105.7686, 110.1059, 114.4769, 118.9452, 123.4245, 127.7667, 132.1821, 136.5777, 140.9046, 145.1116, 149.2577, 153.4072, 157.5713, 161.6959, 165.8837, 170.0925, 174.258, 178.3836, 182.4911, 186.6766, 190.7556, 194.7465, 198.7483, 202.8105, 206.774, 210.7557, 214.7094, 218.6556, 222.6254, 226.521]
growth_rate:14.02
