ticker:ATMP
price:[10.119999885559082, 9.619999885559082, 9.720000267028809, 8.970000267028809, 9.079999923706055, 9.859999656677246, 9.84000015258789, 10.100000381469727, 9.510000228881836, 9.5600004196167, 10.739999771118164, 11.449999809265137, 11.819999694824219, 12.779999732971191, 12.699999809265137, 12.149999618530273, 11.850000381469727, 11.680000305175781, 12.609999656677246, 13.420000076293945, 12.680000305175781, 12.3100004196167, 12.800000190734863, 13.100000381469727, 13.0, 12.880000114440918, 14.149999618530273, 14.4399995803833, 13.869999885559082, 13.930000305175781, 13.880000114440918, 13.899999618530273, 14.069999694824219, 14.260000228881836, 14.609999656677246, 15.40999984741211, 15.859999656677246, 15.859999656677246, 15.569999694824219, 16.530000686645508, 17.209999084472656, 16.219999313354492, 16.559999465942383, 16.770000457763672, 16.559999465942383, 15.4399995803833, 15.460000038146973, 15.550000190734863, 15.1899995803833, 15.579999923706055, 14.880000114440918, 15.3100004196167]
assets:[0, 99.99989881038665, 201.03973752298356, 285.5276664999008, 389.02896473121643, 522.4478578084946, 621.3881376358032, 737.8070478664398, 794.7069731266022, 898.8857314547539, 1109.8361343481063, 1283.2049136242867, 1424.6704732170106, 1640.3794217254638, 1730.1108140163421, 1755.1852998929978, 1811.8472833261492, 1885.8540172737123, 2136.0116248444556, 2373.2183114919662, 2342.354900374603, 2374.005738923836, 2568.5030782736776, 2728.702569459343, 2807.8725999999997, 2881.954121606636, 3266.121306948662, 3433.0593602375984, 3397.5438529669764, 3512.242019945526, 3599.6350656790733, 3704.8211083253864, 3850.1316004913333, 4002.1232522365567, 4200.3515252952575, 4530.350412141037, 4762.645290902614, 4862.645760737896, 4873.732203473663, 5274.232278088188, 5591.199991562653, 5369.567514688683, 5582.122451977349, 5752.910086034775, 5780.868941567803, 5489.892570799828, 5597.003911810398, 5729.587280278587, 5696.9409876246455, 5943.2090908966065, 5776.183916424179, 6043.103656629467]
shares:[0, 10.395, 20.6831, 31.8314, 42.8446, 52.9866, 63.1492, 73.0502, 83.5654, 94.0257, 103.3367, 112.0703, 120.5305, 128.3552, 136.2292, 144.4597, 152.8985, 161.4601, 169.3903, 176.8419, 184.7283, 192.8518, 200.6643, 208.2979, 215.9902, 223.7542, 230.8213, 237.7465, 244.9563, 252.1351, 259.3397, 266.5339, 273.6412, 280.6538, 287.4984, 293.9877, 300.2929, 306.5981, 313.0207, 319.0703, 324.8809, 331.0461, 337.0847, 343.0477, 349.0863, 355.563, 362.0313, 368.4622, 375.0455, 381.464, 388.1844, 394.7161]
growth_rate:18.49
