ticker:AWAY
price:[20.299999237060547, 19.79599952697754, 19.906999588012695, 18.25, 19.0, 19.899999618530273, 18.65999984741211, 19.260000228881836, 17.440000534057617, 19.575000762939453, 22.459999084472656, 23.520000457763672, 24.8700008392334, 26.229999542236328, 25.6200008392334, 25.3799991607666, 25.040000915527344, 25.899999618530273, 26.190000534057617, 26.0, 26.399999618530273, 25.25, 29.239999771118164, 29.790000915527344, 32.040000915527344, 32.7400016784668, 30.899999618530273, 33.4900016784668, 33.20000076293945, 31.010000228881836, 31.75, 30.739999771118164, 30.540000915527344, 30.469999313354492, 30.15999984741211, 29.31999969482422, 28.68000030517578, 29.239999771118164, 31.170000076293945, 31.459999084472656, 31.440000534057617, 30.219999313354492, 30.84000015258789, 29.989999771118164, 28.75, 27.489999771118164, 27.489999771118164, 27.290000915527344, 26.940000534057617, 26.5, 24.6299991607666, 26.729999542236328]
assets:[0, 99.99949161052703, 200.5610301492691, 283.8678, 395.5344, 514.2697201417923, 582.2255832389832, 700.9465223299027, 734.7088544986725, 924.6525660385132, 1160.9304006774903, 1315.7205856075286, 1491.2400683216094, 1672.786744806671, 1733.8847967967988, 1817.6419378965377, 1893.2919972236632, 2058.3169996839524, 2181.365144481659, 2265.5412, 2400.396205315208, 2395.833625, 2874.4235574998856, 3028.4902200736997, 3357.228191931152, 3530.577013000488, 3432.1556576290127, 3819.8361014442444, 3886.7572893180845, 3730.3727855335237, 3919.39145, 3894.7118610010148, 3969.3724849937444, 4060.27366450119, 4118.963243161011, 4104.242877281189, 4114.656547782898, 4294.999238380051, 4678.492331451416, 4822.018775672912, 4918.954715556145, 4828.080058298492, 5027.132820872879, 4988.575548927498, 4882.3135, 4768.341137298775, 4868.341509466171, 4932.9214624900815, 4969.656920518303, 4988.48985, 4736.471988611222, 5240.312163257217]
shares:[0, 5.0515, 10.0749, 15.5544, 20.8176, 25.8427, 31.2018, 36.3939, 42.1278, 47.2364, 51.6888, 55.9405, 59.9614, 63.7738, 67.677, 71.6171, 75.6107, 79.4717, 83.29, 87.1362, 90.9241, 94.8845, 98.3045, 101.6613, 104.7824, 107.8368, 111.073, 114.059, 117.071, 120.2958, 123.4454, 126.6985, 129.9729, 133.2548, 136.5704, 139.981, 143.4678, 146.8878, 150.096, 153.2746, 156.4553, 159.7644, 163.0069, 166.3413, 169.8196, 173.4573, 177.095, 180.7593, 184.4713, 188.2449, 192.305, 196.0461]
growth_rate:2.75
