ticker:BBC
price:[37.560001373291016, 38.125999450683594, 42.630001068115234, 38.84000015258789, 38.540000915527344, 42.7400016784668, 42.91899871826172, 41.06800079345703, 38.7869987487793, 41.04499816894531, 43.75, 43.95000076293945, 46.4119987487793, 46.87699890136719, 49.957000732421875, 51.83000183105469, 53.16299819946289, 49.59000015258789, 52.840999603271484, 53.823001861572266, 53.66999816894531, 52.599998474121094, 59.25, 59.540000915527344, 59.02399826049805, 54.38100051879883, 52.04100036621094, 56.41600036621094, 55.731998443603516, 50.643001556396484, 51.617000579833984, 48.8120002746582, 48.6349983215332, 49.95500183105469, 50.70600128173828, 46.900001525878906, 46.09600067138672, 47.345001220703125, 48.020999908447266, 47.67900085449219, 51.08000183105469, 50.31800079345703, 51.13100051879883, 50.36899948120117, 49.56999969482422, 46.11899948120117, 46.1870002746582, 44.150001525878906, 45.86899948120117, 45.24800109863281, 43.611000061035156, 47.45199966430664]
assets:[0, 100.000683959198, 211.81568630714418, 292.9856571510315, 390.7223832817078, 533.301192943573, 635.5359492202759, 708.1273240814209, 768.7971021995545, 913.5549422454834, 1073.760625, 1178.6687004608154, 1344.6948397483825, 1458.1653032257082, 1653.9713845489503, 1815.9833231552125, 1962.687516427231, 1930.776737940979, 2157.3553431026457, 2297.4455990615847, 2390.9125464294434, 2443.2436291236877, 2852.135025, 2966.0923176086426, 3040.385174396515, 2901.2209395778655, 2876.384151741028, 3218.1943248901366, 3279.1760440242765, 3079.7477893489836, 3238.9771097846983, 3162.9639245975495, 3251.4928127861026, 3439.741570080567, 3591.4553647842404, 3421.880391329956, 3463.220188041687, 3657.0604602905273, 3809.2754219375606, 3882.148214974976, 4259.06587667389, 4295.531996335601, 4464.937923803329, 4498.3949008667, 4527.034749129486, 4311.868185095214, 4418.225352773666, 4323.366824420928, 4591.697845465851, 4629.5311332061765, 4562.042049984741, 5063.840144176484]
shares:[0, 2.6229, 4.9687, 7.5434, 10.1381, 12.4778, 14.8078, 17.2428, 19.821, 22.2574, 24.5431, 26.8184, 28.973, 31.1062, 33.1079, 35.0373, 36.9183, 38.9348, 40.8273, 42.6852, 44.5484, 46.4495, 48.1373, 49.8168, 51.511, 53.3499, 55.2715, 57.044, 58.8383, 60.8129, 62.7502, 64.7989, 66.855, 68.8568, 70.829, 72.9612, 75.1306, 77.2428, 79.3252, 81.4226, 83.3803, 85.3677, 87.3235, 89.3088, 91.3261, 93.4944, 95.6595, 97.9245, 100.1046, 102.3146, 104.6076, 106.715]
growth_rate:-0.71
