ticker:BBH
price:[154.77000427246094, 152.5500030517578, 157.50999450683594, 158.74000549316406, 159.72999572753906, 167.02000427246094, 163.14999389648438, 158.91000366210938, 152.3000030517578, 160.5800018310547, 162.6699981689453, 157.86000061035156, 165.02000427246094, 171.13999938964844, 171.35000610351562, 176.77999877929688, 173.72000122070312, 169.69000244140625, 175.61000061035156, 180.97000122070312, 187.27000427246094, 187.27999877929688, 192.91000366210938, 195.8000030517578, 188.8699951171875, 179.0, 172.5800018310547, 174.02000427246094, 178.64999389648438, 172.58999633789062, 177.0399932861328, 176.9199981689453, 185.99000549316406, 187.94000244140625, 188.77000427246094, 179.49000549316406, 177.6999969482422, 181.72000122070312, 184.14999389648438, 187.30999755859375, 198.6999969482422, 194.19000244140625, 200.02000427246094, 203.0, 200.2100067138672, 199.0800018310547, 208.13999938964844, 206.99000549316406, 214.3000030517578, 212.07000732421875, 209.6999969482422, 214.9499969482422]
assets:[0, 99.99652700042724, 203.25089691162108, 304.84430654907226, 406.75243412017824, 525.3113174377442, 613.133992062378, 697.2017500671387, 768.2012153930664, 909.9586963760376, 1021.795326498413, 1091.5861182205201, 1241.0989501327515, 1387.1239230529784, 1488.8259330322267, 1636.010498703003, 1707.6849839996337, 1768.0680114379882, 1929.7431747070311, 2088.647172088623, 2261.360209591675, 2361.4884166076663, 2532.4839460754397, 2670.418341621399, 2675.9100908203122, 2636.0793, 2641.526766026306, 2763.55948184967, 2937.0952246551515, 2937.4644786712647, 3113.19516993866, 3211.0802747665402, 3475.7068266540527, 3612.1504649230956, 3728.0943223785403, 3644.813796546936, 3708.456776312256, 3892.3515661468505, 4044.394240951538, 4213.800629077149, 4570.040319810486, 4566.319650408936, 4803.400394601441, 4974.9616000000005, 5006.591574891662, 5078.331766708374, 5409.433700137329, 5479.542920417785, 5773.049212211609, 5812.96614276123, 5848.008664894104, 6094.412778474426]
shares:[0, 0.6555, 1.2904, 1.9204, 2.5465, 3.1452, 3.7581, 4.3874, 5.044, 5.6667, 6.2814, 6.9149, 7.5209, 8.1052, 8.6888, 9.2545, 9.8301, 10.4194, 10.9888, 11.5414, 12.0754, 12.6094, 13.1278, 13.6385, 14.168, 14.7267, 15.3061, 15.8807, 16.4405, 17.0199, 17.5847, 18.1499, 18.6876, 19.2197, 19.7494, 20.3065, 20.8692, 21.4195, 21.9625, 22.4964, 22.9997, 23.5147, 24.0146, 24.5072, 25.0067, 25.509, 25.9894, 26.4725, 26.9391, 27.4106, 27.8875, 28.3527]
growth_rate:19.5
