ticker:BBP
price:[45.21699905395508, 44.573001861572266, 48.6150016784668, 47.31100082397461, 47.005001068115234, 50.15999984741211, 50.40999984741211, 49.643001556396484, 48.06700134277344, 49.917999267578125, 51.74300003051758, 50.97700119018555, 51.948001861572266, 52.257999420166016, 51.9739990234375, 55.347999572753906, 55.505001068115234, 53.209999084472656, 56.2400016784668, 56.41899871826172, 57.215999603271484, 56.46099853515625, 60.38199996948242, 58.87300109863281, 57.73899841308594, 54.88999938964844, 53.518001556396484, 54.81800079345703, 54.50899887084961, 51.77299880981445, 53.08300018310547, 51.720001220703125, 52.880001068115234, 53.60100173950195, 53.720001220703125, 52.08100128173828, 52.560001373291016, 52.486000061035156, 51.715999603271484, 51.630001068115234, 55.04899978637695, 53.529998779296875, 54.935001373291016, 53.68600082397461, 52.97700119018555, 50.891998291015625, 51.43000030517578, 50.566001892089844, 51.63199996948242, 50.39400100708008, 49.55699920654297, 52.08399963378906]
assets:[0, 99.99952967643738, 209.06881471824647, 303.46222148513795, 401.4979171234131, 528.445630392456, 631.0777470897675, 721.476634519577, 798.5707402084352, 929.323392364502, 1063.2979534271242, 1147.5585668926237, 1269.4169578899382, 1376.9930589214325, 1469.5076509887697, 1664.9065707481384, 1769.6270955539703, 1796.454705090332, 1998.7527876522065, 2105.116963975525, 2234.8569445037842, 2305.3646772888183, 2565.4621091033937, 2601.3506519439698, 2651.2420074325564, 2620.4211258621217, 2654.921021209717, 2819.410380409241, 2903.519941053772, 2857.7815202037814, 3030.0891247520444, 3052.286904040527, 3220.746361055374, 3364.6581614925385, 3472.127814898681, 3466.193751204681, 3598.0737340106966, 3693.0094390945437, 3738.8288777183534, 3832.6137282886502, 4186.415879854202, 4170.896914886474, 4380.368685002518, 4380.777667236328, 4422.922684565735, 4348.848483963013, 4494.822593671417, 4519.311136104584, 4714.5850388134, 4701.543599756241, 4723.455999572753, 5064.3147867919915]
shares:[0, 2.2435, 4.3005, 6.4142, 8.5416, 10.5352, 12.5189, 14.5333, 16.6137, 18.617, 20.5496, 22.5113, 24.4363, 26.3499, 28.2739, 30.0807, 31.8823, 33.7616, 35.5397, 37.3122, 39.06, 40.8311, 42.4872, 44.1858, 45.9177, 47.7395, 49.608, 51.4322, 53.2668, 55.1983, 57.0821, 59.0156, 60.9067, 62.7723, 64.6338, 66.5539, 68.4565, 70.3618, 72.2954, 74.2323, 76.0489, 77.917, 79.7373, 81.6, 83.4876, 85.4525, 87.3969, 89.3745, 91.3113, 93.2957, 95.3136, 97.2336]
growth_rate:-0.7
