ticker:BDCX
price:[24.479000091552734, 25.131000518798828, 25.246000289916992, 24.608999252319336, 25.947999954223633, 24.8799991607666, 24.19099998474121, 23.90399932861328, 22.32200050354004, 24.58300018310547, 26.726999282836914, 27.920000076293945, 29.863000869750977, 30.600000381469727, 29.84000015258789, 29.670000076293945, 29.231000900268555, 29.770000457763672, 30.704999923706055, 30.114999771118164, 30.520000457763672, 29.490999221801758, 32.380001068115234, 32.880001068115234, 33.1349983215332, 33.900001525878906, 34.28499984741211, 36.24800109863281, 36.13199996948242, 36.301998138427734, 37.02000045776367, 38.672000885009766, 37.630001068115234, 37.63199996948242, 37.96900177001953, 37.98899841308594, 37.303001403808594, 38.11000061035156, 38.86600112915039, 40.07400131225586, 40.70800018310547, 38.654998779296875, 39.63999938964844, 40.12699890136719, 39.994998931884766, 38.09000015258789, 38.28099822998047, 38.07699966430664, 38.612998962402344, 39.637001037597656, 38.266998291015625, 39.29600143432617]
assets:[0, 99.99876416435241, 200.45576690196992, 295.39904432506563, 411.47300407409665, 494.53725531864166, 580.8428433336258, 673.9517474708557, 729.3490444526673, 903.2261344276428, 1081.9998027668, 1230.2975953619004, 1415.9153643381119, 1550.8600393335341, 1612.3417442447662, 1703.1559153795242, 1777.9551680582047, 1910.7398473808291, 2070.751335854721, 2130.9614758041384, 2259.6184298915864, 2283.434985945511, 2607.1243560009, 2747.383841249466, 2868.6923011852264, 3034.92475660553, 3169.391098394394, 3450.856826991272, 3539.8122918102267, 3656.46793969574, 3828.786143344116, 4099.645884220505, 4089.18448207016, 4189.4012126026155, 4326.91706651001, 4429.194308479309, 4449.211044035339, 4645.464256399536, 4837.616181144333, 5087.975539609909, 5268.470091697693, 5102.769078857422, 5332.796865888977, 5498.313745062255, 5580.226235473251, 5414.43638669014, 5541.587928570556, 5612.058557223129, 5791.05788408432, 6044.634730833435, 5935.708905914306, 6195.321134932709]
shares:[0, 3.9791, 7.9401, 12.0037, 15.8576, 19.8769, 24.0107, 28.1941, 32.674, 36.7419, 40.4834, 44.0651, 47.4137, 50.6817, 54.0329, 57.4033, 60.8243, 64.1834, 67.4402, 70.7608, 74.0373, 77.4282, 80.5165, 83.5579, 86.5759, 89.5258, 92.4425, 95.2013, 97.9689, 100.7236, 103.4248, 106.0107, 108.6682, 111.3255, 113.9592, 116.5915, 119.2722, 121.8962, 124.4691, 126.9645, 129.421, 132.008, 134.5307, 137.0228, 139.5231, 142.1485, 144.7608, 147.3871, 149.9769, 152.4998, 155.113, 157.6578]
growth_rate:21.48
