ticker:BDCZ
price:[14.053000450134277, 14.300999641418457, 14.343999862670898, 14.097999572753906, 14.220000267028809, 14.26200008392334, 13.958999633789062, 13.847000122070312, 13.232999801635742, 14.128999710083008, 14.979999542236328, 15.4399995803833, 16.219999313354492, 16.516000747680664, 16.20800018310547, 16.145000457763672, 15.951000213623047, 16.22800064086914, 16.562000274658203, 16.3799991607666, 16.5310001373291, 16.125, 17.177000045776367, 17.354000091552734, 17.461000442504883, 17.74799919128418, 17.8700008392334, 18.583999633789062, 18.548999786376953, 18.615999221801758, 18.850000381469727, 18.8700008392334, 19.131000518798828, 19.13800048828125, 19.260000228881836, 19.270999908447266, 19.035999298095703, 19.329999923706055, 19.57699966430664, 19.975000381469727, 20.187999725341797, 19.459999084472656, 19.82699966430664, 19.9950008392334, 19.96500015258789, 19.340999603271484, 19.408000946044922, 19.336999893188477, 19.530000686645508, 19.867000579833984, 19.405000686645508, 19.753999710083008]
assets:[0, 99.99973999261856, 200.3010484823227, 296.86580640335086, 399.43411950073244, 500.6133173458099, 589.9771195220948, 685.2437256408692, 754.8592707845688, 905.9698291101456, 1060.537529591751, 1193.1043515747072, 1353.3772787071227, 1478.0747129125596, 1550.5107839164734, 1644.484540626526, 1724.7242294982912, 1854.675474044037, 1992.8475260486603, 2070.9478638944624, 2190.038469893456, 2236.2520875, 2482.145214614868, 2607.7231193572998, 2723.8008264278415, 2868.5700636890415, 2988.2894463397984, 3207.6875399902347, 3301.645911075974, 3413.571098903656, 3556.478581972885, 3660.251802787781, 3810.8780854442593, 3912.2723532165523, 4037.2119119773865, 4139.516770833969, 4189.037258739852, 4353.7345428161625, 4509.366102676392, 4701.042432277489, 4851.170277599716, 4776.231039294434, 4966.306529914856, 5108.388797910118, 5200.72481624794, 5138.178307104111, 5255.977776203155, 5336.748987321473, 5490.014044020652, 5684.7475193138125, 5652.550567515373, 5854.212387281417]
shares:[0, 6.9925, 13.9641, 21.0573, 28.0896, 35.1012, 42.265, 49.4868, 57.0437, 64.1213, 70.7969, 77.2736, 83.4388, 89.4935, 95.6633, 101.8572, 108.1264, 114.2886, 120.3265, 126.4315, 132.4807, 138.6823, 144.504, 150.2664, 155.9934, 161.6278, 167.2238, 172.6048, 177.9959, 183.3676, 188.6726, 193.972, 199.1991, 204.4243, 209.6164, 214.8055, 220.0587, 225.232, 230.34, 235.3463, 240.2997, 245.4384, 250.482, 255.4833, 260.4921, 265.6625, 270.815, 275.9864, 281.1067, 286.1402, 291.2935, 296.3558]
growth_rate:14.79
