ticker:BDRY
price:[7.769999980926514, 7.690000057220459, 7.570000171661377, 8.210000038146973, 8.649999618530273, 7.880000114440918, 7.0, 7.389999866485596, 6.769999980926514, 6.800000190734863, 6.309999942779541, 6.610000133514404, 6.619999885559082, 6.539999961853027, 7.179999828338623, 7.460000038146973, 7.559999942779541, 7.699999809265137, 10.34000015258789, 11.039999961853027, 11.0, 10.34000015258789, 10.239999771118164, 12.430000305175781, 14.5, 12.710000038146973, 16.25, 16.59000015258789, 19.56999969482422, 18.420000076293945, 17.93000030517578, 17.520000457763672, 19.790000915527344, 20.920000076293945, 24.700000762939453, 25.899999618530273, 22.950000762939453, 26.860000610351562, 23.0, 23.5, 27.81999969482422, 27.06999969482422, 29.959999084472656, 26.8700008392334, 26.790000915527344, 24.510000228881836, 27.09000015258789, 25.799999237060547, 26.600000381469727, 27.969999313354492, 29.979999542236328, 30.0]
assets:[0, 99.99999174408913, 198.43922749991415, 315.2163834646225, 432.109865943718, 493.6449711691856, 538.5169999999999, 668.5200799219132, 712.4328239928245, 815.5899828766823, 856.8197482301712, 997.5561021494866, 1099.0649590003013, 1185.7830890834807, 1401.8231664848329, 1556.4902159591675, 1677.3545753043652, 1808.4165652041434, 2528.445407312393, 2799.6170303263666, 2889.4734, 2816.1052455574036, 2888.8698234287262, 3606.705047550201, 4307.339550000001, 3875.6056586319924, 5055.041875, 5260.808496386719, 6305.788548667145, 6035.239344997406, 5974.69207769165, 5938.071275150299, 6807.445653926849, 7296.147090608597, 8714.476429174803, 9237.851283939744, 8285.66402044487, 9797.295348628235, 8489.3437, 8773.894199999999, 10486.79617896347, 10304.08168983612, 11504.148304452516, 10417.639049375151, 10486.621699372101, 9694.143819526864, 10814.579997914505, 10399.600432470323, 10822.069175198936, 11479.44711818695, 12404.392698597718, 12512.667000000001]
shares:[0, 13.0039, 26.2139, 38.3942, 49.9549, 62.6453, 76.931, 90.4628, 105.2338, 119.9397, 135.7876, 150.9162, 166.0219, 181.3124, 195.24, 208.6448, 221.8723, 234.8593, 244.5305, 253.5885, 262.6794, 272.3506, 282.1162, 290.1613, 297.0579, 304.9257, 311.0795, 317.1072, 322.2171, 327.646, 333.2232, 338.931, 343.9841, 348.7642, 352.8128, 356.6738, 361.0311, 364.7541, 369.1019, 373.3572, 376.9517, 380.6458, 383.9836, 387.7052, 391.4379, 395.5179, 399.2093, 403.0853, 406.8447, 410.42, 413.7556, 417.0889]
growth_rate:145.35
