ticker:BGRN
price:[55.33000183105469, 55.483001708984375, 55.564998626708984, 55.584999084472656, 55.6349983215332, 55.689998626708984, 55.96500015258789, 55.880001068115234, 55.900001525878906, 55.900001525878906, 55.849998474121094, 56.119998931884766, 56.099998474121094, 56.029998779296875, 56.33000183105469, 56.130001068115234, 56.11000061035156, 56.25, 56.099998474121094, 56.04999923706055, 56.0099983215332, 55.90999984741211, 55.71699905395508, 55.5099983215332, 55.064998626708984, 54.88999938964844, 54.814998626708984, 54.66999816894531, 54.560001373291016, 54.79999923706055, 54.810001373291016, 54.779998779296875, 54.7140007019043, 54.720001220703125, 54.529998779296875, 54.5, 54.20500183105469, 54.2400016784668, 54.45500183105469, 54.573001861572266, 54.90999984741211, 54.74399948120117, 54.505001068115234, 54.90999984741211, 55.06999969482422, 55.40999984741211, 55.63999938964844, 55.75600051879883, 55.7599983215332, 55.81999969482422, 55.94599914550781, 55.650001525878906]
assets:[0, 100.00256228027344, 200.15068155326844, 300.22013855514524, 400.48853541755676, 500.8869856483459, 603.3586666450501, 702.4395534267425, 802.6904819107056, 902.6899946403503, 1001.8819526275635, 1106.72566293602, 1206.3294871887206, 1304.8266115722656, 1411.815734892273, 1506.8042656734467, 1606.2665984725952, 1710.275625, 1805.713090885925, 1904.1025490818024, 2002.7439089832308, 2099.168899271011, 2191.923457882309, 2283.7812489448547, 2365.471198006439, 2457.952216668701, 2554.592714499283, 2647.8374883163456, 2742.507573029709, 2854.57032025795, 2955.0921860412595, 3053.475477957153, 3149.7974780075074, 3250.1437205047605, 3338.860919256592, 3437.02615, 3518.419566352844, 3620.6936800430303, 3735.046793591309, 3843.139937095642, 3966.8741009765627, 4054.882567172623, 4137.18030407486, 4267.923666139985, 4380.3613947258, 4507.404011587524, 4626.115417253112, 4735.75856726532, 4836.098110425567, 4941.303594985198, 5052.455209831238, 5125.721300543212]
shares:[0, 1.8024, 3.6021, 5.4011, 7.1985, 8.9942, 10.781, 12.5705, 14.3594, 16.1483, 17.9388, 19.7207, 21.5032, 23.288, 25.0633, 26.8449, 28.6271, 30.4049, 32.1874, 33.9715, 35.7569, 37.5455, 39.3403, 41.1418, 42.9578, 44.7796, 46.6039, 48.4331, 50.2659, 52.0907, 53.9152, 55.7407, 57.5684, 59.3959, 61.2298, 63.0647, 64.9095, 66.7532, 68.5896, 70.422, 72.2432, 74.0699, 75.9046, 77.7258, 79.5417, 81.3464, 83.1437, 84.9372, 86.7306, 88.5221, 90.3095, 92.1064]
growth_rate:0.5
