ticker:BIS
price:[34.68000030517578, 35.38999938964844, 30.8700008392334, 31.940000534057617, 31.799999237060547, 27.780000686645508, 28.780000686645508, 30.1299991607666, 32.72999954223633, 29.010000228881836, 27.540000915527344, 28.43000030517578, 26.6299991607666, 25.010000228881836, 24.149999618530273, 22.350000381469727, 22.239999771118164, 23.540000915527344, 21.559999465942383, 20.559999465942383, 19.709999084472656, 20.600000381469727, 18.639999389648438, 18.239999771118164, 19.15999984741211, 21.3700008392334, 23.209999084472656, 21.610000610351562, 21.260000228881836, 22.989999771118164, 22.149999618530273, 22.989999771118164, 21.540000915527344, 20.979999542236328, 21.049999237060547, 22.450000762939453, 22.3700008392334, 21.799999237060547, 21.649999618530273, 21.299999237060547, 18.8799991607666, 19.6299991607666, 18.600000381469727, 18.09000015258789, 18.610000610351562, 19.239999771118164, 17.979999542236328, 18.280000686645508, 16.84000015258789, 17.219999313354492, 17.709999084472656, 16.649999618530273]
assets:[0, 100.00152127532958, 187.2296420900345, 293.72024491119384, 392.4342505847931, 442.82432294540405, 558.7637133312226, 684.975400920868, 844.0837771945953, 848.1479706916809, 905.170980091095, 1034.4227181037904, 1068.9308293130873, 1103.9038951025009, 1165.9450765829085, 1179.0429801239013, 1273.239986896515, 1447.6653303031921, 1425.8985926794053, 1459.7620180818558, 1499.4125573524475, 1667.1188908716201, 1608.4996033309938, 1673.983274994278, 1858.4165211997986, 2172.7756023283005, 2459.8560489700317, 2390.2843285110475, 2451.571414393234, 2751.0638376111983, 2750.547082629776, 2954.856391582298, 2868.4905379211427, 2893.914000857544, 3003.569661138153, 3303.331277260208, 3391.560567237854, 3405.1424408294674, 3481.711803652763, 3525.424643723679, 3224.8832166509633, 3452.98948337574, 3371.808069152832, 3379.3549395046234, 3576.4959712982177, 3797.5699908235547, 3648.8718951011656, 3809.7550511045456, 3609.6422447071077, 3791.094778830528, 3998.9709232711793, 3859.6197615718843]
shares:[0, 2.8257, 6.0651, 9.196, 12.3407, 15.9404, 19.415, 22.734, 25.7893, 29.2364, 32.8675, 36.3849, 40.1401, 44.1385, 48.2793, 52.7536, 57.25, 61.4981, 66.1363, 71.0001, 76.0737, 80.9281, 86.2929, 91.7754, 96.9946, 101.6741, 105.9826, 110.6101, 115.3138, 119.6635, 124.1782, 128.5279, 133.1704, 137.9368, 142.6874, 147.1417, 151.612, 156.1992, 160.8181, 165.5129, 170.8095, 175.9037, 181.28, 186.8079, 192.1814, 197.3789, 202.9406, 208.4111, 214.3493, 220.1565, 225.803, 231.809]
growth_rate:-24.32
