ticker:BIZD
price:[12.0, 12.229999542236328, 12.199999809265137, 12.069999694824219, 12.109999656677246, 12.140000343322754, 11.850000381469727, 11.800000190734863, 11.239999771118164, 12.119999885559082, 12.869999885559082, 13.34000015258789, 13.949999809265137, 14.289999961853027, 14.0, 14.010000228881836, 13.880000114440918, 13.729999542236328, 14.050000190734863, 14.239999771118164, 14.420000076293945, 14.010000228881836, 14.949999809265137, 15.119999885559082, 15.220000267028809, 15.489999771118164, 15.609999656677246, 16.25, 16.200000762939453, 16.260000228881836, 16.059999465942383, 16.6299991607666, 16.6200008392334, 16.670000076293945, 16.790000915527344, 16.81999969482422, 16.559999465942383, 16.809999465942383, 17.09000015258789, 17.440000534057617, 17.65999984741211, 16.979999542236328, 17.25, 17.149999618530273, 17.100000381469727, 16.8700008392334, 16.950000762939453, 16.959999084472656, 17.09000015258789, 17.43000030517578, 16.989999771118164, 17.280000686645508]
assets:[0, 99.99981425704956, 199.75425687704086, 297.625673474884, 398.6115376992226, 499.5986481287957, 587.6640339178085, 685.1847110753059, 752.667476673317, 911.5948833924293, 1068.0053575032234, 1207.0085498062135, 1362.2021363749504, 1495.4027680080414, 1565.0557999999999, 1666.1743022203445, 1750.7135624346731, 1831.7933809272768, 1974.4858668045044, 2101.1874382272717, 2227.7472537866593, 2264.4069159936907, 2516.337622896099, 2644.95216398077, 2762.445268465996, 2911.4507889801025, 3034.0063632707597, 3258.3979999999997, 3348.371677691651, 3460.773570715141, 3518.2062670059204, 3743.0735591056823, 3840.8223619438168, 3952.3770020889283, 4080.8281915199277, 4188.119372012329, 4223.379463796616, 4387.137538619613, 4560.21360871582, 4753.605249567604, 4913.570013545227, 4824.3727519397735, 5001.0855, 5072.093522180748, 5157.307105050087, 5187.940260084915, 5312.542124123765, 5415.67538765335, 5557.187820617294, 5767.745713985443, 5722.145273913765, 5919.815467232323]
shares:[0, 8.1766, 16.3733, 24.6583, 32.9159, 41.1531, 49.5919, 58.0665, 66.9633, 75.2141, 82.9841, 90.4804, 97.6489, 104.6468, 111.7897, 118.9275, 126.1321, 133.4154, 140.5328, 147.5553, 154.4901, 161.6279, 168.3169, 174.9307, 181.501, 187.9568, 194.363, 200.5168, 206.6896, 212.8397, 219.0664, 225.0796, 231.0964, 237.0952, 243.0511, 248.9964, 255.035, 260.9838, 266.8352, 272.5691, 278.2316, 284.1209, 289.918, 295.7489, 301.5969, 307.5246, 313.4243, 319.3205, 325.1719, 330.9091, 336.7949, 342.5819]
growth_rate:16.07
