ticker:BJK
price:[38.599998474121094, 38.790000915527344, 39.70000076293945, 38.91999816894531, 39.63999938964844, 39.4900016784668, 39.0, 39.380001068115234, 36.560001373291016, 40.33000183105469, 42.4900016784668, 43.560001373291016, 44.939998626708984, 46.040000915527344, 45.40999984741211, 47.34000015258789, 46.939998626708984, 46.84000015258789, 48.349998474121094, 46.959999084472656, 47.59000015258789, 45.400001525878906, 50.54999923706055, 51.29999923706055, 52.0, 53.08000183105469, 53.0, 55.77000045776367, 56.099998474121094, 54.130001068115234, 54.31999969482422, 54.970001220703125, 54.599998474121094, 54.81999969482422, 55.38999938964844, 54.5099983215332, 52.209999084472656, 52.2400016784668, 54.959999084472656, 55.0, 55.5099983215332, 52.79999923706055, 53.91999816894531, 53.400001525878906, 51.65999984741211, 49.150001525878906, 50.040000915527344, 48.36000061035156, 48.33000183105469, 49.20000076293945, 46.900001525878906, 51.09000015258789]
assets:[0, 100.00062236022949, 202.3469338886261, 298.37238196258545, 403.89195378112794, 502.3641583522796, 596.1306, 701.9406430389404, 751.6736282348633, 929.1830771865845, 1078.9486126213073, 1206.119810024643, 1344.33062491951, 1477.234865375519, 1557.022615768051, 1723.1996755542755, 1808.6403930858614, 1904.7860782051084, 2066.193669792938, 2106.7946149261475, 2235.059598166275, 2232.204575023651, 2585.4150959789276, 2723.7734594917297, 2860.9411999999998, 3020.3582641906737, 3115.8064, 3378.652590732193, 3498.642744839478, 3475.7848025856015, 3587.9826438423156, 3730.91842585144, 3805.8055336410525, 3921.143010171509, 4061.9148252410887, 4097.3802988338475, 4024.492917428589, 4126.803412593841, 4441.674766010285, 4544.9085, 4687.053320276642, 4558.229214135361, 4754.918862528992, 4809.065297416687, 4752.363531962967, 4621.461598474883, 4805.14613191452, 4743.821063871766, 4840.877973403931, 5028.018677968978, 4892.9692891914365, 5430.100666217803]
shares:[0, 2.578, 5.0969, 7.6663, 10.189, 12.7213, 15.2854, 17.8248, 20.56, 23.0395, 25.393, 27.6887, 29.9139, 32.0859, 34.2881, 36.4005, 38.5309, 40.6658, 42.7341, 44.8636, 46.9649, 49.1675, 51.1457, 53.095, 55.0181, 56.902, 58.7888, 60.5819, 62.3644, 64.2118, 66.0527, 67.8719, 69.7034, 71.5276, 73.333, 75.1675, 77.0828, 78.997, 80.8165, 82.6347, 84.4362, 86.3301, 88.1847, 90.0574, 91.9931, 94.0277, 96.0261, 98.0939, 100.163, 102.1955, 104.3277, 106.285]
growth_rate:6.47
