ticker:BLOK
price:[24.280000686645508, 23.809999465942383, 24.25, 24.100000381469727, 24.450000762939453, 25.600000381469727, 25.6200008392334, 26.0, 24.8799991607666, 27.290000915527344, 26.905000686645508, 28.149999618530273, 29.600000381469727, 30.56999969482422, 29.579999923706055, 33.0, 33.599998474121094, 34.97999954223633, 41.599998474121094, 39.52000045776367, 38.790000915527344, 38.40999984741211, 44.06999969482422, 54.47999954223633, 61.56999969482422, 50.630001068115234, 48.9900016784668, 57.31999969482422, 58.9900016784668, 52.29999923706055, 56.720001220703125, 57.540000915527344, 53.79999923706055, 50.0099983215332, 52.90999984741211, 50.43000030517578, 45.7400016784668, 42.619998931884766, 45.81999969482422, 46.11000061035156, 45.59000015258789, 45.84000015258789, 45.31999969482422, 47.349998474121094, 45.97999954223633, 41.54999923706055, 43.15999984741211, 44.75, 48.869998931884766, 49.20000076293945, 47.400001525878906, 49.4900016784668]
assets:[0, 99.99961675701142, 201.84730000000002, 300.5993047580719, 404.9653626365661, 524.0115278083802, 624.420908454132, 733.6836, 802.0789249448777, 979.7710708694458, 1065.9492222042084, 1215.2748935314178, 1377.8740977573393, 1523.0279547958373, 1573.7062819410326, 1855.656, 1989.3954296554564, 2171.1036315879824, 2681.9851816253663, 2647.887454670715, 2698.97723170166, 2772.537495985794, 3281.090803279114, 4156.132069078446, 4797.011031223297, 4044.6586433280945, 4013.6430595130923, 4796.1019424652095, 5035.834867286682, 4564.7230134109495, 5050.49638069458, 5223.510053112031, 4983.9888893218995, 4732.886229151916, 5107.338793270874, 4967.945061063385, 4605.926689018249, 4391.747955936814, 4821.491943887329, 4952.0065705490115, 4996.162526721954, 5123.559737054825, 5165.43760521698, 5496.809237862396, 5437.7694698631285, 5013.859182935715, 5308.140481233597, 5603.688975, 6219.601685062789, 6361.599458648682, 6228.85790051651, 6603.5053629596705]
shares:[0, 4.1999, 8.3236, 12.473, 16.563, 20.4692, 24.3724, 28.2186, 32.2379, 35.9022, 39.619, 43.1714, 46.5498, 49.821, 53.2017, 56.232, 59.2082, 62.067, 64.4708, 67.0012, 69.5792, 72.1827, 74.4518, 76.2873, 77.9115, 79.8866, 81.9278, 83.6724, 85.3676, 87.2796, 89.0426, 90.7805, 92.6392, 94.6388, 96.5288, 98.5117, 100.698, 103.0443, 105.2268, 107.3955, 109.589, 111.7705, 113.977, 116.0889, 118.2638, 120.6705, 122.9875, 125.2221, 127.2683, 129.3008, 131.4105, 133.4311]
growth_rate:29.48
