ticker:BMED
price:[25.270000457763672, 26.65999984741211, 26.726999282836914, 26.479999542236328, 25.125999450683594, 27.05900001525879, 27.209999084472656, 27.270000457763672, 27.6299991607666, 28.257999420166016, 28.625, 29.735000610351562, 30.450000762939453, 30.07699966430664, 30.69099998474121, 30.996999740600586, 31.666000366210938, 29.75, 31.815000534057617, 32.3120002746582, 31.732999801635742, 29.474000930786133, 27.990999221801758, 29.108999252319336, 28.511999130249023, 27.886999130249023, 28.46299934387207, 28.589000701904297, 29.259000778198242, 29.878999710083008, 29.753999710083008, 28.65999984741211, 27.965999603271484, 28.731000900268555, 29.076000213623047, 28.874000549316406, 29.964000701904297, 29.958999633789062, 30.645000457763672, 30.565000534057617, 30.385000228881836, 29.74799919128418, 30.091999053955078, 30.065000534057617, 29.93400001525879, 29.395999908447266, 29.586999893188477, 30.39299964904785, 30.54599952697754, 30.546199798583984]
assets:[0, 99.99899342765808, 200.2493694267273, 298.39781884155275, 383.1388278236389, 512.613813989067, 615.4738532913208, 716.830140032959, 826.2944659021377, 945.0746616077422, 1057.3473875, 1198.3472860977172, 1327.1632832527162, 1410.9060388526916, 1539.7091563344957, 1655.0600035495756, 1790.781985910034, 1782.426625, 2006.1489441759109, 2137.487286169052, 2199.185738652802, 2142.6301820640565, 2134.8231268482205, 2320.0920328071593, 2372.5091084272385, 2420.5022861083985, 2570.4963170450214, 2681.874118944168, 2844.726831960869, 3005.0056983423233, 3092.4343534679415, 3078.731699608612, 3104.1812103637694, 3289.0962520618436, 3428.5925159900667, 3504.7723850769044, 3737.077207140732, 3836.4536243041994, 4024.301460113525, 4113.7953823797225, 4189.568909558869, 4201.73829697342, 4350.3250732326505, 4446.421162983704, 4527.047538507652, 4545.682781442642, 4675.21937512207, 4902.579279989242, 5027.260602149964, 5127.292657131577]
shares:[0, 3.7509, 7.4924, 11.2688, 15.2487, 18.9443, 22.6194, 26.2864, 29.9057, 33.4445, 36.9379, 40.3009, 43.585, 46.9098, 50.1681, 53.3942, 56.5522, 59.9135, 63.0567, 66.1515, 69.3028, 72.6956, 76.2682, 79.7036, 83.2109, 86.7968, 90.3101, 93.8079, 97.2257, 100.5725, 103.9334, 107.4226, 110.9984, 114.479, 117.9183, 121.3816, 124.7189, 128.0568, 131.32, 134.5917, 137.8828, 141.2444, 144.5675, 147.8936, 151.2343, 154.6361, 158.016, 161.3062, 164.58, 167.8537]
growth_rate:4.64
