ticker:BND
price:[88.2300033569336, 88.41000366210938, 88.33999633789062, 88.22000122070312, 88.0999984741211, 87.94000244140625, 88.06999969482422, 87.69999694824219, 87.58000183105469, 88.0199966430664, 87.81999969482422, 88.37999725341797, 88.37000274658203, 87.87000274658203, 88.19000244140625, 88.0999984741211, 88.01000213623047, 88.19000244140625, 87.2699966430664, 87.3499984741211, 87.37999725341797, 87.43000030517578, 86.95999908447266, 86.83999633789062, 86.26000213623047, 85.94000244140625, 85.0999984741211, 84.6500015258789, 84.43000030517578, 84.77999877929688, 84.80000305175781, 84.94999694824219, 85.22000122070312, 85.44999694824219, 85.26000213623047, 85.36000061035156, 85.05999755859375, 85.0999984741211, 85.26000213623047, 85.38999938964844, 85.81999969482422, 85.91999816894531, 85.55999755859375, 85.9000015258789, 86.19999694824219, 86.31999969482422, 86.52999877929688, 86.76000213623047, 86.23999786376953, 86.36000061035156, 86.5, 86.47000122070312]
assets:[0, 100.00055514221191, 199.92224571228027, 299.6480561462402, 399.24276308517454, 498.51428583984375, 599.2546989234924, 696.7413957550049, 795.7869286376953, 899.7844156837464, 997.7405805328369, 1104.1047916877747, 1203.9794284202576, 1297.163341545868, 1401.8859168090821, 1500.4575040122988, 1598.921713809967, 1702.1905131225587, 1784.4358023597715, 1886.0699020530699, 1986.7153075523377, 2087.854636287689, 2176.634865084076, 2273.6274161193846, 2358.443344406891, 2449.6939875915527, 2525.750934712219, 2612.3921620903016, 2705.6015747795104, 2816.815459442139, 2917.4762649932863, 3022.6398214141846, 3132.2441008666997, 3240.6996792617797, 3333.4955635223387, 3437.4045445785523, 3525.3201048156734, 3626.9789549667357, 3733.7997995521546, 3839.49301055603, 3958.825093922424, 4063.4402494033816, 4146.417157684326, 4262.890655723571, 4377.778905012512, 4483.875120147705, 4594.786200180053, 4706.999071897126, 4778.791129625702, 4885.437050527954, 4993.35955, 5091.630375878906]
shares:[0, 1.1311, 2.2631, 3.3966, 4.5317, 5.6688, 6.8043, 7.9446, 9.0864, 10.2225, 11.3612, 12.4927, 13.6243, 14.7623, 15.8962, 17.0313, 18.1675, 19.3014, 20.4473, 21.5921, 22.7365, 23.8803, 25.0303, 26.1818, 27.3411, 28.5047, 29.6798, 30.8611, 32.0455, 33.225, 34.4042, 35.5814, 36.7548, 37.9251, 39.098, 40.2695, 41.4451, 42.6202, 43.7931, 44.9642, 46.1294, 47.2933, 48.4621, 49.6262, 50.7863, 51.9448, 53.1005, 54.2531, 55.4127, 56.5706, 57.7267, 58.8832]
growth_rate:-0.16
