ticker:BNKD
price:[104.19999694824219, 114.51000213623047, 115.52999877929688, 134.5, 116.0, 102.47000122070312, 106.66000366210938, 98.02999877929688, 112.4000015258789, 99.9000015258789, 66.55000305175781, 62.689998626708984, 49.400001525878906, 46.0, 47.099998474121094, 46.29999923706055, 41.7599983215332, 39.599998474121094, 30.600000381469727, 30.299999237060547, 32.70000076293945, 40.0, 30.299999237060547, 27.799999237060547, 23.700000762939453, 23.299999237060547, 20.399999618530273, 17.799999237060547, 18.5, 18.399999618530273, 18.39299964904785, 17.46500015258789, 17.45800018310547, 17.142000198364258, 15.600000381469727, 13.571000099182129, 13.081000328063965, 13.460000038146973, 12.859999656677246, 12.3100004196167, 13.449999809265137, 17.030000686645508, 13.899999618530273, 13.899999618530273, 14.413999557495117, 15.050000190734863, 14.760000228881836, 14.260000228881836, 12.489999771118164, 11.270000457763672, 12.649999618530273, 10.880000114440918]
assets:[0, 100.00158486557007, 200.89511487731932, 333.88280000000003, 387.962, 442.7113932739258, 560.8182992553711, 615.4421353363037, 805.6607309371948, 816.0631324645996, 643.6316995147705, 706.3031385276795, 656.570480280304, 711.3808, 828.3900631629945, 914.3184949337004, 924.6624108348846, 976.8369223602296, 854.8293706565858, 946.4477461688996, 1121.4138261642454, 1471.7599999999998, 1214.8572594104767, 1214.6208866661073, 1135.4859965530395, 1216.3205401725768, 1164.9338182163237, 1116.4622321464537, 1260.368, 1353.5554919380188, 1453.0414543748857, 1479.7291239280698, 1579.1354737625122, 1650.5517730998995, 1602.077919175911, 1493.7056969165803, 1539.773705316639, 1684.385750773716, 1709.3010003668785, 1736.1975351825715, 1996.9819966807365, 2628.521000981331, 2245.415668377113, 2345.415045632744, 2532.1447786640165, 2743.8723897742275, 2791.0009152797697, 2796.454492884827, 2549.3488412826537, 2400.3331584964753, 2794.250825737381, 2503.276954330635]
shares:[0, 0.8733, 1.7389, 2.4824, 3.3445, 4.3204, 5.258, 6.2781, 7.1678, 8.1688, 9.6714, 11.2666, 13.2909, 15.4648, 17.5879, 19.7477, 22.1423, 24.6676, 27.9356, 31.2359, 34.294, 36.794, 40.0943, 43.6914, 47.9108, 52.2026, 57.1046, 62.7226, 68.128, 73.5628, 78.9997, 84.7254, 90.4534, 96.287, 102.6973, 110.066, 117.7107, 125.1401, 132.9161, 141.0396, 148.4745, 154.3465, 161.5407, 168.7349, 175.6726, 182.3171, 189.0922, 196.1048, 204.1112, 212.9843, 220.8894, 230.0806]
growth_rate:-50.92
