ticker:BNKU
price:[14.0, 12.609999656677246, 12.34000015258789, 10.378000259399414, 11.8100004196167, 13.40999984741211, 12.609999656677246, 13.40999984741211, 11.609999656677246, 12.569999694824219, 16.65999984741211, 17.510000228881836, 21.389999389648438, 22.718000411987305, 21.850000381469727, 22.079999923706055, 24.25, 25.540000915527344, 31.729999542236328, 32.09000015258789, 29.010000228881836, 23.3700008392334, 29.93000030517578, 32.650001525878906, 37.869998931884766, 37.58000183105469, 42.09000015258789, 47.70000076293945, 46.0099983215332, 45.2599983215332, 44.97999954223633, 47.470001220703125, 46.77000045776367, 46.630001068115234, 50.84000015258789, 57.900001525878906, 59.290000915527344, 57.540000915527344, 59.869998931884766, 62.150001525878906, 56.72999954223633, 43.849998474121094, 52.70000076293945, 52.650001525878906, 49.61000061035156, 47.04999923706055, 46.84000015258789, 48.27000045776367, 54.869998931884766, 59.38999938964844, 53.0099983215332, 61.11000061035156]
assets:[0, 99.9998192773819, 197.85832844657898, 266.40015325870513, 403.15916532449717, 557.7782156532288, 624.5026669971467, 764.121906305313, 761.5556054798127, 924.5259915542603, 1325.3463038612365, 1492.9656555152892, 1923.788738105774, 2143.2275178670884, 2161.340857733917, 2284.0920881076813, 2608.570075, 2847.3346640678405, 3637.4287845233916, 3778.696996967697, 3516.017829740524, 2932.4490093063355, 3855.5916183128356, 4305.983416237641, 5094.412375313186, 5155.401277192687, 5874.105675295257, 6757.039008075714, 6617.636462585449, 6609.765628876877, 6668.874170130539, 7138.049842556762, 7132.78987581253, 7211.436914186477, 7962.525235898209, 9168.256801617432, 9488.356716514587, 9308.297734105683, 9785.224469425964, 10257.870181846618, 9463.295740639114, 7414.745331983948, 9011.220560455704, 9102.66929380951, 8677.08180575409, 8329.322529935836, 8392.144835338593, 8748.353515964127, 10044.523952470397, 10971.95792524109, 9893.287792746734, 11504.996484909057]
shares:[0, 7.9302, 16.0339, 25.6697, 34.1371, 41.5942, 49.5244, 56.9815, 65.5948, 73.5502, 79.5526, 85.2636, 89.9387, 94.3405, 98.9172, 103.4462, 107.5699, 111.4853, 114.6369, 117.7531, 121.2002, 125.4792, 128.8203, 131.8831, 134.5237, 137.1847, 139.5606, 141.657, 143.8304, 146.0399, 148.2631, 150.3697, 152.5078, 154.6523, 156.6193, 158.3464, 160.033, 161.7709, 163.4412, 165.0502, 166.8129, 169.0934, 170.9909, 172.8902, 174.9059, 177.0313, 179.1662, 181.2379, 183.0604, 184.7442, 186.6306, 188.267]
growth_rate:125.59
