ticker:BSAE
price:[25.450000762939453, 25.450000762939453, 25.489999771118164, 25.420000076293945, 25.350000381469727, 25.389999389648438, 25.3799991607666, 25.3700008392334, 25.309999465942383, 25.329999923706055, 25.3700008392334, 25.3799991607666, 25.34000015258789, 25.309999465942383, 25.3799991607666, 25.34000015258789, 25.290000915527344, 25.299999237060547, 25.34000015258789, 25.309999465942383, 25.260000228881836, 25.25, 25.309999465942383, 25.260000228881836, 25.229999542236328, 25.170000076293945, 25.100000381469727, 25.18000030517578, 25.170000076293945, 25.1299991607666, 25.139999389648438, 25.079999923706055, 25.059999465942383, 24.959999084472656, 25.030000686645508, 24.969999313354492, 24.989999771118164, 25.010000228881836, 24.920000076293945, 24.93000030517578, 24.93000030517578, 24.940000534057617, 24.940000534057617, 24.940000534057617, 24.940000534057617, 24.940000534057617, 24.940000534057617, 24.969999313354492, 24.979999542236328, 24.969999313354492, 24.979999542236328, 24.959999084472656]
assets:[0, 100.00068799781799, 200.1576742027283, 299.60774689922334, 398.7833910009384, 499.41367099456784, 599.2167041858673, 698.981578122139, 797.3282581758499, 897.9586292953492, 999.3776100591659, 1099.7711996341704, 1198.0371972141265, 1296.6186176404954, 1400.204401699829, 1497.9969150203706, 1595.0403577423097, 1695.6717288658142, 1798.351936828995, 1896.2226289884568, 1992.4759800539016, 2091.687275, 2196.657384649086, 2292.317234770775, 2389.5938086441042, 2483.9115255290985, 2577.004489165306, 2685.21789454422, 2784.151871439171, 2879.727019829559, 2980.872353630066, 3073.757138649559, 3171.3053424158097, 3258.6501844734194, 3367.7890953882215, 3459.7157578619003, 3562.4869023714064, 3665.338082543755, 3752.147095487404, 3853.6520241737367, 3953.651241397858, 4055.236604837609, 4155.236030978966, 4255.235457120323, 4355.234883261681, 4455.234309403038, 4555.233735544395, 4660.712796835899, 4762.579298724747, 4860.672551337242, 4962.619135058975, 5058.645510449982]
shares:[0, 3.9293, 7.8524, 11.7863, 15.7311, 19.6697, 23.6098, 27.5515, 31.5025, 35.4504, 39.3921, 43.3322, 47.2785, 51.2295, 55.1696, 59.1159, 63.07, 67.0226, 70.9689, 74.9199, 78.8787, 82.8391, 86.7901, 90.7489, 94.7124, 98.6854, 102.6695, 106.6409, 110.6139, 114.5932, 118.5709, 122.5581, 126.5485, 130.5549, 134.5501, 138.5549, 142.5565, 146.5549, 150.5677, 154.5789, 158.5901, 162.5997, 166.6093, 170.6189, 174.6285, 178.6381, 182.6477, 186.6525, 190.6557, 194.6605, 198.6637, 202.6701]
growth_rate:-0.81
