ticker:BSBE
price:[25.959999084472656, 25.969999313354492, 25.959999084472656, 25.790000915527344, 25.8700008392334, 25.860000610351562, 25.950000762939453, 25.829999923706055, 25.790000915527344, 25.84000015258789, 25.899999618530273, 25.93000030517578, 25.860000610351562, 25.8700008392334, 26.020000457763672, 25.979999542236328, 25.940000534057617, 25.950000762939453, 25.969999313354492, 25.979999542236328, 25.8799991607666, 25.889999389648438, 25.969999313354492, 26.049999237060547, 26.0, 25.850000381469727, 25.860000610351562, 25.860000610351562, 25.899999618530273, 25.770000457763672, 25.799999237060547, 25.81999969482422, 25.84000015258789, 25.700000762939453, 25.709999084472656, 25.739999771118164, 25.75, 25.770000457763672, 25.75, 25.760000228881836, 25.780000686645508, 25.760000228881836, 25.75, 25.760000228881836, 25.75, 25.760000228881836, 25.719999313354492, 25.700000762939453, 25.719999313354492, 25.739999771118164, 25.729999542236328, 25.690000534057617]
assets:[0, 100.00007935600281, 199.96208494796753, 298.6533686019897, 399.58027196254733, 499.4264337875366, 601.1655026744843, 698.3863719371795, 797.3056153038025, 898.8521573078156, 1000.9391552576064, 1102.0976169708251, 1199.1230563018798, 1299.5872531591417, 1407.1225947551727, 1504.959021482849, 1602.6432709955216, 1703.262035076523, 1804.5747452871324, 1905.2692464294432, 1997.9359352111817, 2098.7080755233765, 2205.1931486948015, 2311.986927287674, 2407.5506, 2493.6616467990875, 2594.6269572387696, 2694.627579598999, 2798.795398777771, 2884.7479682430267, 2988.106891637802, 3090.424165473175, 3192.8188428539274, 3275.521637238312, 3376.7949867530824, 3480.7352270490646, 3582.08765, 3684.870404455948, 3782.01065, 3883.479746505356, 3986.4955621795652, 4083.403108281708, 4181.818025, 4283.44239005909, 4381.77965, 4483.481671836472, 4576.518941820908, 4672.961748723221, 4776.597388479424, 4880.311678603935, 4978.415275428772, 5070.676891411972]
shares:[0, 3.8506, 7.7027, 11.5802, 15.4457, 19.3127, 23.1663, 27.0378, 30.9153, 34.7853, 38.6463, 42.5028, 46.3698, 50.2353, 54.0785, 57.9276, 61.7827, 65.6363, 69.4869, 73.336, 77.2, 81.0625, 84.9131, 88.7519, 92.5981, 96.4666, 100.3336, 104.2006, 108.0616, 111.9421, 115.8181, 119.6911, 123.5611, 127.4522, 131.3417, 135.2267, 139.1102, 142.9907, 146.8742, 150.7562, 154.6352, 158.5172, 162.4007, 166.2827, 170.1662, 174.0482, 177.9362, 181.8273, 185.7153, 189.6003, 193.4868, 197.3794]
growth_rate:-0.57
