ticker:BSCE
price:[26.209999084472656, 26.209999084472656, 26.209999084472656, 26.209999084472656, 26.209999084472656, 26.209999084472656, 26.209999084472656, 26.209999084472656, 26.209999084472656, 26.209999084472656, 26.209999084472656, 26.209999084472656, 26.209999084472656, 26.209999084472656, 26.209999084472656, 26.209999084472656, 26.360000610351562, 26.420000076293945, 26.420000076293945, 26.40999984741211, 26.3700008392334, 26.3799991607666, 26.399999618530273, 26.389999389648438, 26.440000534057617, 26.25, 26.260000228881836, 26.25, 26.280000686645508, 26.15999984741211, 26.200000762939453, 26.219999313354492, 26.25, 26.170000076293945, 26.190000534057617, 26.200000762939453, 26.190000534057617, 26.219999313354492, 26.209999084472656, 26.209999084472656, 26.25, 26.209999084472656, 26.18000030517578, 26.200000762939453, 26.200000762939453, 26.200000762939453, 26.170000076293945, 26.190000534057617, 26.209999084472656, 26.25, 26.239999771118164, 26.219999313354492]
assets:[0, 99.99900950698853, 199.99801901397706, 299.99702852096556, 399.9960380279541, 499.9950475349426, 599.9940570419311, 699.9930665489197, 799.9920760559082, 899.9910855628967, 999.9900950698852, 1099.9891045768738, 1199.9881140838622, 1299.9871235908508, 1399.9861330978395, 1499.9851426048278, 1608.5689532455444, 1712.2300069444655, 1812.2297072332385, 1911.5425839557645, 2008.6477929258347, 2109.4106828927997, 2211.010528051758, 2310.1726295700073, 2414.548440771103, 2497.196625, 2598.1486666454316, 2697.158625, 2800.241821164894, 2887.454455157852, 2991.8697871227264, 3094.153946970749, 3197.693625, 3287.9490865854264, 3390.4631851371764, 3491.7579416793824, 3590.42645821476, 3694.5394912479396, 3793.1294145042416, 3893.1284240112304, 3999.0693749999996, 4092.9744250305175, 4188.289538822174, 4291.489384967423, 4391.48954787941, 4491.489710791398, 4586.347470370674, 4689.853871633912, 4793.434029563141, 4900.749, 4998.882644396592, 5095.072888570976]
shares:[0, 3.8153, 7.6306, 11.4459, 15.2612, 19.0765, 22.8918, 26.7071, 30.5224, 34.3377, 38.153, 41.9683, 45.7836, 49.5989, 53.4142, 57.2295, 61.0231, 64.8081, 68.5931, 72.3795, 76.1717, 79.9625, 83.7504, 87.5397, 91.3218, 95.1313, 98.9394, 102.7489, 106.5541, 110.3767, 114.1935, 118.0074, 121.8169, 125.6381, 129.4564, 133.2732, 137.0915, 140.9054, 144.7207, 148.536, 152.3455, 156.1608, 159.9805, 163.7973, 167.6141, 171.4309, 175.2521, 179.0704, 182.8857, 186.6952, 190.5062, 194.3201]
growth_rate:-0.1
