ticker:BSCL
price:[21.360000610351562, 21.360000610351562, 21.360000610351562, 21.309999465942383, 21.309999465942383, 21.329999923706055, 21.329999923706055, 21.299999237060547, 21.309999465942383, 21.299999237060547, 21.309999465942383, 21.299999237060547, 21.260000228881836, 21.270000457763672, 21.260000228881836, 21.270000457763672, 21.190000534057617, 21.209999084472656, 21.190000534057617, 21.200000762939453, 21.170000076293945, 21.18000030517578, 21.170000076293945, 21.170000076293945, 21.170000076293945, 21.15999984741211, 21.149999618530273, 21.139999389648438, 21.139999389648438, 21.1200008392334, 21.1299991607666, 21.1299991607666, 21.149999618530273, 21.1200008392334, 21.110000610351562, 21.1299991607666, 21.1299991607666, 21.139999389648438, 21.110000610351562, 21.1200008392334, 21.110000610351562, 21.110000610351562, 21.09000015258789, 21.09000015258789, 21.09000015258789, 21.100000381469727, 21.100000381469727, 21.09000015258789, 21.09000015258789, 21.09000015258789, 21.09000015258789, 21.09000015258789]
assets:[0, 99.99897885742189, 199.99795771484378, 299.5290904933929, 399.52839398727417, 499.9026762119293, 599.9019818542481, 699.0574549606323, 799.3849619663239, 899.0090677986145, 999.4304509529113, 1098.9606806365966, 1196.8976188856125, 1297.4615199234008, 1396.852173038292, 1497.5101282287596, 1591.8776001205442, 1693.3808749053956, 1791.7840651588442, 1892.6300681114199, 1989.9524861715317, 2090.8917481269837, 2189.9052538921355, 2289.9059832525254, 2389.906712612915, 2488.7778180530545, 2587.6009333290103, 2686.3781064392088, 2786.378759552002, 2883.7418105895995, 2985.106823438645, 3085.1066574668885, 3188.0261574995043, 3283.503298474693, 3381.9487577819823, 3485.1524795780183, 3585.1523136062624, 3686.849717553711, 3781.6180663375853, 3883.4084743127823, 3981.5698811187744, 4081.5700650100707, 4177.703367226029, 4277.70371194954, 4377.704056673049, 4479.779060990524, 4579.7782927984235, 4677.60807684288, 4777.608421566391, 4877.608766289902, 4977.609111013413, 5077.609455736923]
shares:[0, 4.6816, 9.3632, 14.0558, 18.7484, 23.4366, 28.1248, 32.8196, 37.5122, 42.207, 46.8996, 51.5944, 56.2981, 60.9996, 65.7033, 70.4048, 75.124, 79.8388, 84.558, 89.275, 93.9987, 98.7201, 103.4438, 108.1675, 112.8912, 117.6171, 122.3452, 127.0756, 131.806, 136.5408, 141.2734, 146.006, 150.7341, 155.4689, 160.206, 164.9386, 169.6712, 174.4016, 179.1387, 183.8735, 188.6106, 193.3477, 198.0893, 202.8309, 207.5725, 212.3118, 217.0511, 221.7927, 226.5343, 231.2759, 236.0175, 240.7591]
growth_rate:-0.44
