ticker:BSCM
price:[21.8799991607666, 21.8799991607666, 21.8799991607666, 21.81999969482422, 21.81999969482422, 21.8700008392334, 21.8700008392334, 21.829999923706055, 21.81999969482422, 21.850000381469727, 21.84000015258789, 21.850000381469727, 21.829999923706055, 21.829999923706055, 21.81999969482422, 21.84000015258789, 21.739999771118164, 21.75, 21.739999771118164, 21.739999771118164, 21.709999084472656, 21.700000762939453, 21.729999542236328, 21.719999313354492, 21.709999084472656, 21.670000076293945, 21.670000076293945, 21.65999984741211, 21.65999984741211, 21.6299991607666, 21.649999618530273, 21.65999984741211, 21.670000076293945, 21.649999618530273, 21.639999389648438, 21.649999618530273, 21.649999618530273, 21.65999984741211, 21.6299991607666, 21.6299991607666, 21.6200008392334, 21.6200008392334, 21.600000381469727, 21.59000015258789, 21.600000381469727, 21.610000610351562, 21.56999969482422, 21.56999969482422, 21.56999969482422, 21.579999923706055, 21.579999923706055, 21.549999237060547]
assets:[0, 100.00034816436768, 200.00069632873536, 299.45331181182866, 399.454370413208, 500.3703102010727, 600.3708890384673, 699.2738385560989, 798.954562825775, 900.0539557136535, 999.6430149841309, 1100.1016342061996, 1199.0956998092652, 1299.0967464597702, 1398.5026944404601, 1499.7855704784392, 1592.9180452295302, 1693.65075, 1792.8716931243896, 1892.871344071579, 1990.259824069214, 2089.3433434581757, 2192.231003818512, 2291.2231795663834, 2390.1688622047423, 2485.765708751678, 2585.766258103752, 2684.572871088028, 2784.57275838356, 2880.715733229637, 2983.378607433319, 3084.75653026886, 3186.1812842176437, 3283.2397621498108, 3381.7238206192014, 3483.2857586250307, 3583.2849418630603, 3684.939964040756, 3779.835864344215, 3879.8356764642713, 3978.0412384174347, 4078.0402282991413, 4174.267033720207, 4272.335021194839, 4374.313277253151, 4476.338746429443, 4568.053552370453, 4668.0542279556275, 4768.054903540802, 4870.265018781662, 4970.264580428123, 5063.355495740891]
shares:[0, 4.5704, 9.1408, 13.7238, 18.3068, 22.8793, 27.4518, 32.0327, 36.6157, 41.1924, 45.7712, 50.3479, 54.9288, 59.5097, 64.0927, 68.6715, 73.2713, 77.869, 82.4688, 87.0686, 91.6748, 96.2831, 100.885, 105.4891, 110.0953, 114.71, 119.3247, 123.9415, 128.5583, 133.1815, 137.8004, 142.4172, 147.0319, 151.6508, 156.2719, 160.8908, 165.5097, 170.1265, 174.7497, 179.3729, 183.9982, 188.6235, 193.2531, 197.8849, 202.5145, 207.142, 211.7781, 216.4142, 221.0503, 225.6842, 230.3181, 234.9585]
growth_rate:-0.72
