ticker:BSCN
price:[21.8700008392334, 21.860000610351562, 21.8799991607666, 21.780000686645508, 21.829999923706055, 21.850000381469727, 21.8700008392334, 21.829999923706055, 21.809999465942383, 21.850000381469727, 21.850000381469727, 21.8700008392334, 21.860000610351562, 21.8700008392334, 21.8700008392334, 21.889999389648438, 21.8700008392334, 21.899999618530273, 21.8700008392334, 21.8799991607666, 21.850000381469727, 21.829999923706055, 21.860000610351562, 21.8700008392334, 21.860000610351562, 21.809999465942383, 21.780000686645508, 21.760000228881836, 21.770000457763672, 21.75, 21.75, 21.780000686645508, 21.780000686645508, 21.760000228881836, 21.760000228881836, 21.780000686645508, 21.780000686645508, 21.790000915527344, 21.770000457763672, 21.770000457763672, 21.780000686645508, 21.739999771118164, 21.719999313354492, 21.739999771118164, 21.719999313354492, 21.729999542236328, 21.709999084472656, 21.719999313354492, 21.719999313354492, 21.719999313354492, 21.709999084472656, 21.709999084472656]
assets:[0, 100.00075879211427, 200.09259232521057, 299.17880143203735, 399.8666576025009, 500.2339087333679, 600.6923780508041, 699.5947395549775, 798.9548054361344, 900.4210357200623, 1000.4219324659347, 1101.3382502624513, 1200.8354135284424, 1301.3853349390029, 1401.3859137763977, 1502.6674651016235, 1601.2952174476625, 1703.4914703273773, 1801.1585941171647, 1901.982379047203, 1999.3755449062346, 2097.546457669258, 2200.4298474380494, 2301.4370503147125, 2400.3854590209958, 2494.896001907921, 2591.465067699623, 2689.0855962850574, 2790.3219146728516, 2887.758375, 2987.75835, 3091.8801854759217, 3191.8808806285856, 3288.9500505947112, 3388.9503076465608, 3492.065918092346, 3592.0666132450106, 3693.716752194977, 3790.326885700226, 3890.3273828029633, 3992.115131857109, 4084.7829069948198, 4181.026019823074, 4284.875690888214, 4380.934721503258, 4482.951057562256, 4578.82551290741, 4680.935696019173, 4780.936744857789, 4880.937793696404, 4978.6911310447695, 5078.691728827667]
shares:[0, 4.5746, 9.145, 13.7364, 18.3173, 22.894, 27.4665, 32.0474, 36.6325, 41.2092, 45.7859, 50.3584, 54.933, 59.5055, 64.078, 68.6463, 73.2188, 77.785, 82.3575, 86.9279, 91.5046, 96.0855, 100.6601, 105.2326, 109.8072, 114.3923, 118.9837, 123.5793, 128.1728, 132.7705, 137.3682, 141.9596, 146.551, 151.1466, 155.7422, 160.3336, 164.925, 169.5143, 174.1078, 178.7013, 183.2927, 187.8925, 192.4966, 197.0964, 201.7005, 206.3024, 210.9086, 215.5127, 220.1168, 224.7209, 229.3271, 233.9333]
growth_rate:-0.42
