ticker:BSCP
price:[22.454999923706055, 22.479999542236328, 22.469999313354492, 22.299999237060547, 22.389999389648438, 22.395000457763672, 22.44300079345703, 22.389999389648438, 22.34000015258789, 22.459999084472656, 22.43000030517578, 22.5, 22.5, 22.510000228881836, 22.530000686645508, 22.559999465942383, 22.56999969482422, 22.6299991607666, 22.5, 22.530000686645508, 22.479999542236328, 22.5, 22.5, 22.520000457763672, 22.44499969482422, 22.260000228881836, 22.190000534057617, 22.139999389648438, 22.135000228881836, 22.15999984741211, 22.165000915527344, 22.239999771118164, 22.264999389648438, 22.274999618530273, 22.28499984741211, 22.360000610351562, 22.34000015258789, 22.344999313354492, 22.343000411987305, 22.350000381469727, 22.40999984741211, 22.295000076293945, 22.266000747680664, 22.315000534057617, 22.344999313354492, 22.333999633789062, 22.350000381469727, 22.3700008392334, 22.309999465942383, 22.28700065612793, 22.290000915527344, 22.280000686645508]
assets:[0, 100.00002996368409, 199.95602988967894, 298.44311978950503, 399.6480551055908, 499.73771671485895, 600.8081084411621, 699.3896939346313, 797.8284254493714, 902.114847227478, 1000.9096046180725, 1104.03225, 1204.03125, 1304.5670632648469, 1405.7255978422165, 1507.5967803110123, 1608.2659542541503, 1712.5410274904252, 1802.7022499999998, 1905.1053160617828, 2000.877319255829, 2102.6565, 2202.6555, 2304.61352284584, 2396.93742940979, 2477.1818654708864, 2569.391256838798, 2663.6013345703122, 2762.999190070152, 2866.1189802646636, 2966.765424042511, 3076.803888335228, 3180.263491319275, 3281.6910487995146, 3383.1638243350985, 3494.550583389282, 3591.42533853035, 3692.229589540482, 3791.8998632196426, 3893.08845644722, 4003.539749740219, 4082.9948389720917, 4177.685109484482, 4286.878965096474, 4392.642531017304, 4490.48066656952, 4593.698388405228, 4697.809789243126, 4785.209317451477, 4880.275910375023, 4980.932520584106, 5078.6971925199505]
shares:[0, 4.4484, 8.8988, 13.3831, 17.8494, 22.3147, 26.7704, 31.2367, 35.713, 40.1654, 44.6237, 49.0681, 53.5125, 57.955, 62.3935, 66.8261, 71.2568, 75.6757, 80.1201, 84.5586, 89.007, 93.4514, 97.8958, 102.3363, 106.7916, 111.284, 115.7905, 120.3072, 124.8249, 129.3375, 133.8491, 138.3455, 142.8369, 147.3262, 151.8135, 156.2858, 160.7621, 165.2374, 169.7131, 174.1874, 178.6497, 183.135, 187.6262, 192.1075, 196.5828, 201.0603, 205.5346, 210.0049, 214.4872, 218.9741, 223.4604, 227.9487]
growth_rate:-0.42
