ticker:BSCS
price:[23.219999313354492, 23.239999771118164, 23.299999237060547, 23.049999237060547, 23.18000030517578, 23.18000030517578, 23.229999542236328, 23.1299991607666, 23.030000686645508, 23.290000915527344, 23.270000457763672, 23.399999618530273, 23.399999618530273, 23.40999984741211, 23.459999084472656, 23.510000228881836, 23.549999237060547, 23.6200008392334, 23.389999389648438, 23.450000762939453, 23.360000610351562, 23.360000610351562, 23.350000381469727, 23.360000610351562, 23.170000076293945, 22.950000762939453, 22.719999313354492, 22.600000381469727, 22.479999542236328, 22.59000015258789, 22.65999984741211, 22.719999313354492, 22.799999237060547, 22.809999465942383, 22.770000457763672, 22.8799991607666, 22.84000015258789, 22.850000381469727, 22.860000610351562, 22.920000076293945, 23.100000381469727, 23.100000381469727, 22.989999771118164, 23.1200008392334, 23.170000076293945, 23.219999313354492, 23.229999542236328, 23.299999237060547, 23.18000030517578, 23.219999313354492, 23.190000534057617, 23.149999618530273]
assets:[0, 99.99939501514436, 200.25650344276428, 298.10794513282775, 399.79010126342774, 499.79094057998657, 600.8694911594391, 698.2831096639633, 795.2650747110367, 904.2436015457154, 1003.4675757400512, 1109.0734019197464, 1209.0733002895356, 1309.5905064640044, 1412.3881308815003, 1515.3981907531738, 1617.9767925830843, 1722.78617321167, 1806.009683872986, 1910.6427471622467, 2003.3092683425903, 2103.3087589553834, 2202.409395980835, 2303.352124182129, 2384.617018852043, 2461.9751018447873, 2537.3013633174896, 2623.9007242893217, 2709.968440816498, 2823.228190069962, 2931.9773802566524, 3039.7405161327365, 3150.4446145790102, 3251.825457863998, 3346.122154269791, 3462.286129004097, 3556.2337037582397, 3657.791501065063, 3759.3933943740844, 3869.260440879631, 3999.6472560495376, 4099.64715770092, 4180.1245223838805, 4303.762724222374, 4413.069430531311, 4522.591774261093, 4624.540034870148, 4738.4742448425295, 4814.071141379547, 4922.377468438911, 5016.017986517144, 5107.36680583992]
shares:[0, 4.3029, 8.5947, 12.9331, 17.2472, 21.5613, 25.8661, 30.1895, 34.5317, 38.8254, 43.1228, 47.3963, 51.6698, 55.9415, 60.2041, 64.4576, 68.7039, 72.9376, 77.2129, 81.4773, 85.7581, 90.0389, 94.3216, 98.6024, 102.9183, 107.2756, 111.677, 116.1018, 120.5502, 124.9769, 129.39, 133.7914, 138.1774, 142.5614, 146.9531, 151.3237, 155.702, 160.0784, 164.4529, 168.8159, 173.1449, 177.4739, 181.8236, 186.1489, 190.4648, 194.7714, 199.0762, 203.368, 207.6821, 211.9887, 216.3009, 220.6206]
growth_rate:0.14
