ticker:BSDE
price:[26.139999389648438, 26.170000076293945, 26.059999465942383, 25.90999984741211, 25.920000076293945, 26.040000915527344, 26.040000915527344, 25.979999542236328, 25.899999618530273, 25.989999771118164, 26.149999618530273, 26.149999618530273, 26.110000610351562, 26.219999313354492, 26.290000915527344, 26.31999969482422, 26.239999771118164, 26.309999465942383, 26.270000457763672, 26.280000686645508, 26.25, 26.270000457763672, 26.3700008392334, 26.40999984741211, 26.399999618530273, 26.239999771118164, 26.229999542236328, 26.170000076293945, 26.229999542236328, 26.079999923706055, 26.139999389648438, 26.170000076293945, 26.25, 26.149999618530273, 26.239999771118164, 26.270000457763672, 26.299999237060547, 26.34000015258789, 26.31999969482422, 26.360000610351562, 26.40999984741211, 26.34000015258789, 26.309999465942383, 26.350000381469727, 26.329999923706055, 26.329999923706055, 26.260000228881836, 26.209999084472656, 26.229999542236328, 26.270000457763672, 26.270000457763672, 26.260000228881836]
assets:[0, 100.00080429153442, 199.58050590991974, 298.4313782424927, 398.5459211730957, 500.38986559295654, 600.3886771087647, 699.0048776836395, 796.8523382635117, 899.6204510774612, 1005.1589153369904, 1105.159128878212, 1203.4699811325074, 1308.540529732132, 1412.033320172882, 1513.6447584495545, 1609.0446579648972, 1713.3361062215804, 1810.730710552597, 1911.4206619417191, 2009.238, 2110.7682667808535, 2218.803514614105, 2322.1679025833128, 2421.2891650133133, 2506.6153381357194, 2605.65930152626, 2699.699824870491, 2805.8886260318754, 2889.8439435461046, 2996.493480033874, 3099.9333380373, 3209.409, 3297.182846901512, 3408.531362268639, 3512.427784205246, 3616.439255090332, 3721.9394795612334, 3819.1135477180483, 3924.917102879334, 4032.3606477024077, 4121.672687876892, 4216.977238401031, 4323.389487589836, 4420.106609192276, 4520.10531590252, 4608.089084164048, 4699.3139228508, 4802.899149180222, 4910.2229845623015, 5010.222368304825, 5108.315828524018]
shares:[0, 3.8212, 7.6585, 11.518, 15.376, 19.2162, 23.0564, 26.9055, 30.7665, 34.6141, 38.4382, 42.2623, 46.0923, 49.9062, 53.7099, 57.5093, 61.3203, 65.1211, 68.9277, 72.7329, 76.5424, 80.349, 84.1412, 87.9276, 91.7155, 95.5265, 99.3389, 103.1601, 106.9725, 110.8069, 114.6325, 118.4537, 122.2632, 126.0873, 129.8983, 133.7049, 137.5072, 141.3037, 145.1031, 148.8967, 152.6831, 156.4796, 160.2804, 164.0755, 167.8734, 171.6713, 175.4794, 179.2947, 183.1071, 186.9137, 190.7203, 194.5284]
growth_rate:0.16
