ticker:BSJM
price:[22.959999084472656, 22.93000030517578, 22.940000534057617, 22.729999542236328, 22.93000030517578, 23.06999969482422, 23.059999465942383, 23.020000457763672, 22.8799991607666, 23.190000534057617, 23.18000030517578, 23.229999542236328, 23.229999542236328, 23.329999923706055, 23.260000228881836, 23.299999237060547, 23.299999237060547, 23.34000015258789, 23.334999084472656, 23.31999969482422, 23.280000686645508, 23.209999084472656, 23.329999923706055, 23.3799991607666, 23.3799991607666, 23.18000030517578, 23.260000228881836, 23.25, 23.219999313354492, 23.280000686645508, 23.3799991607666, 23.3799991607666, 23.399999618530273, 23.31999969482422, 23.34000015258789, 23.34000015258789, 23.309999465942383, 23.309999465942383, 23.299999237060547, 23.329999923706055, 23.360000610351562, 23.329999923706055, 23.350000381469727, 23.389999389648438, 23.3799991607666, 23.31999969482422, 23.309999465942383, 23.280000686645508, 23.280000686645508, 23.270000457763672, 23.299999237060547, 23.290000915527344]
assets:[0, 100.00002433090211, 200.04368665714264, 298.21304799423217, 400.83704233474725, 503.28357834243775, 603.0651060333253, 702.0179339599609, 797.7477787387847, 908.5563929237367, 1008.1654352729797, 1110.3405491199494, 1210.3410511493682, 1315.550699697876, 1411.602893890381, 1514.0292904243468, 1614.0282271499636, 1716.79938522377, 1816.4313312339782, 1915.2645789360047, 2011.9787153434754, 2105.9290939308166, 2216.8165927505493, 2321.5684526664736, 2421.5693850769044, 2500.855462924957, 2609.485927677727, 2708.3646, 2804.869105056381, 2912.116237893105, 3024.62606942997, 3124.6270018404007, 3227.299867388153, 3316.2671966018675, 3419.111632352829, 3519.111863006592, 3614.5883771858216, 3714.5882748947142, 3812.993615146637, 3917.902540187645, 4022.940169111633, 4117.7729825340275, 4221.304133963585, 4328.534575048829, 4426.684873102569, 4515.325612910461, 4613.389220302201, 4707.451266846657, 4807.450509796142, 4905.385906497955, 5011.708675895691, 5109.558365856171]
shares:[0, 4.3611, 8.7203, 13.1198, 17.4809, 21.8155, 26.152, 30.496, 34.8666, 39.1788, 43.4929, 47.7977, 52.1025, 56.3888, 60.688, 64.9798, 69.2716, 73.5561, 77.8415, 82.1297, 86.4252, 90.7337, 95.02, 99.2972, 103.5744, 107.8885, 112.1877, 116.4888, 120.7954, 125.0909, 129.3681, 133.6453, 137.9188, 142.207, 146.4915, 150.776, 155.066, 159.356, 163.6478, 167.9341, 172.2149, 176.5012, 180.7839, 185.0592, 189.3364, 193.6246, 197.9146, 202.2101, 206.5056, 210.803, 215.0948, 219.3885]
growth_rate:0.19
