ticker:BSJN
price:[24.790000915527344, 24.739999771118164, 24.760000228881836, 24.375, 24.610000610351562, 24.84000015258789, 24.84000015258789, 24.829999923706055, 24.600000381469727, 25.0, 25.040000915527344, 25.149999618530273, 25.149999618530273, 25.290000915527344, 25.270000457763672, 25.34000015258789, 25.34000015258789, 25.3799991607666, 25.399999618530273, 25.350000381469727, 25.309999465942383, 25.239999771118164, 25.420000076293945, 25.489999771118164, 25.450000762939453, 25.200000762939453, 25.239999771118164, 25.239999771118164, 25.170000076293945, 25.270000457763672, 25.34000015258789, 25.399999618530273, 25.43000030517578, 25.3799991607666, 25.389999389648438, 25.43000030517578, 25.389999389648438, 25.329999923706055, 25.329999923706055, 25.3799991607666, 25.459999084472656, 25.399999618530273, 25.440000534057617, 25.489999771118164, 25.469999313354492, 25.420000076293945, 25.399999618530273, 25.3700008392334, 25.350000381469727, 25.34000015258789, 25.34000015258789, 25.3799991607666]
assets:[0, 99.99907907485961, 200.08060984954835, 296.970375, 399.8337579162598, 503.5713870933533, 603.5722597076416, 703.329611838913, 796.8136923561096, 909.77, 1011.2254129730225, 1115.6665580778122, 1215.6654715610503, 1322.4318508735657, 1421.386985748291, 1525.3235711849213, 1625.322813787079, 1727.8881088644025, 1829.2495525274278, 1925.6494039773943, 2022.6106423215865, 2117.017600802422, 2232.1149546993256, 2338.261404004097, 2434.5928829841614, 2510.678596011734, 2614.66458028965, 2714.6654593828202, 2807.1371155088427, 2918.290840864563, 3026.3739562236788, 3133.539532938957, 3237.2415818489076, 3330.8761658588405, 3432.189649493408, 3537.597858453369, 3632.034334689331, 3723.4517297849657, 3823.452036483765, 3930.998936014748, 4043.38901860199, 4133.86009791565, 4240.369817017364, 4348.703567951775, 4445.291715159416, 4536.565061615754, 4632.995490419387, 4727.524603385353, 4823.7983375890735, 4921.894657637787, 5021.893900239945, 5129.820658373642]
shares:[0, 4.042, 8.0808, 12.1834, 16.2468, 20.2726, 24.2984, 28.3258, 32.3908, 36.3908, 40.3844, 44.3605, 48.3366, 52.2907, 56.248, 60.1943, 64.1406, 68.0807, 72.0177, 75.9625, 79.9135, 83.8755, 87.8094, 91.7325, 95.6618, 99.6301, 103.5921, 107.5541, 111.5271, 115.4844, 119.4307, 123.3677, 127.3001, 131.2402, 135.1788, 139.1112, 143.0498, 146.9977, 150.9456, 154.8857, 158.8134, 162.7504, 166.6812, 170.6043, 174.5305, 178.4644, 182.4014, 186.3431, 190.2879, 194.2342, 198.1805, 202.1206]
growth_rate:0.58
