ticker:BSJP
price:[23.690000534057617, 23.690000534057617, 23.670000076293945, 23.270000457763672, 23.56999969482422, 23.809999465942383, 23.774999618530273, 23.774999618530273, 23.530000686645508, 23.950000762939453, 24.049999237060547, 24.18000030517578, 24.190000534057617, 24.399999618530273, 24.350000381469727, 24.440000534057617, 24.440000534057617, 24.510000228881836, 24.530000686645508, 24.5, 24.420000076293945, 24.329999923706055, 24.559999465942383, 24.649999618530273, 24.6200008392334, 24.3799991607666, 24.475000381469727, 24.475000381469727, 24.420000076293945, 24.5, 24.610000610351562, 24.6299991607666, 24.670000076293945, 24.610000610351562, 24.639999389648438, 24.690000534057617, 24.649999618530273, 24.649999618530273, 24.610000610351562, 24.670000076293945, 24.719999313354492, 24.700000762939453, 24.709999084472656, 24.780000686645508, 24.75, 24.709999084472656, 24.649999618530273, 24.6299991607666, 24.59000015258789, 24.579999923706055, 24.549999237060547, 24.610000610351562]
assets:[0, 100.000230254364, 199.91682064437865, 296.53892383346556, 400.3623718162537, 504.43864868545535, 603.6971678136825, 703.6971937091827, 796.4458162416458, 910.6628540096283, 1014.4650428180695, 1119.9474921348572, 1220.409716943741, 1331.0053391910553, 1428.2784923755646, 1533.558709510994, 1633.5598596961977, 1738.2394122322082, 1839.656837495804, 1937.4061, 2031.079782345581, 2123.5953833408357, 2243.6713832113264, 2351.893438603401, 2449.030267481232, 2525.1559750764845, 2634.995673569298, 2734.9956301279067, 2828.849438838005, 2938.1159500000003, 3051.3078406753543, 3153.7876505390172, 3258.9094770784377, 3350.9838181076047, 3455.067530415344, 3562.078226049614, 3656.307328417015, 3756.307446869469, 3850.2124464889525, 3959.5991542453767, 4067.6239750139234, 4164.333678628921, 4266.0182559402465, 4378.103263315773, 4472.802675, 4565.572632841491, 4654.486877969742, 4750.7105911260605, 4842.995612052155, 4941.024882663536, 5034.99371352768, 5147.2997556579585]
shares:[0, 4.2212, 8.446, 12.7434, 16.9861, 21.186, 25.3921, 29.5982, 33.8481, 38.0235, 42.1815, 46.3171, 50.451, 54.5494, 58.6562, 62.7479, 66.8396, 70.9196, 74.9962, 79.0778, 83.1728, 87.283, 91.3547, 95.4115, 99.4732, 103.5749, 107.6607, 111.7465, 115.8415, 119.9231, 123.9865, 128.0466, 132.1001, 136.1635, 140.2219, 144.2721, 148.3289, 152.3857, 156.4491, 160.5026, 164.5479, 168.5965, 172.6434, 176.6789, 180.7193, 184.7662, 188.823, 192.8831, 196.9498, 201.0181, 205.0914, 209.1548]
growth_rate:0.93
