ticker:BSJQ
price:[24.850000381469727, 24.829999923706055, 24.760000228881836, 24.280000686645508, 24.579999923706055, 24.899999618530273, 24.84000015258789, 24.81999969482422, 24.549999237060547, 25.049999237060547, 25.079999923706055, 25.239999771118164, 25.25, 25.469999313354492, 25.450000762939453, 25.530000686645508, 25.549999237060547, 25.610000610351562, 25.6299991607666, 25.6299991607666, 25.59000015258789, 25.469999313354492, 25.68000030517578, 25.780000686645508, 25.709999084472656, 25.459999084472656, 25.549999237060547, 25.540000915527344, 25.450000762939453, 25.530000686645508, 25.6299991607666, 25.670000076293945, 25.719999313354492, 25.65999984741211, 25.68000030517578, 25.729999542236328, 25.709999084472656, 25.65999984741211, 25.649999618530273, 25.729999542236328, 25.809999465942383, 25.780000686645508, 25.790000915527344, 25.860000610351562, 25.860000610351562, 25.790000915527344, 25.739999771118164, 25.729999542236328, 25.65999984741211, 25.670000076293945, 25.6299991607666, 25.739999771118164]
assets:[0, 100.00034169273377, 199.71911384620668, 295.84695236663816, 399.5011967599869, 504.70307226791385, 603.4878037071228, 703.0016713562012, 795.3536902828217, 911.5519372371673, 1012.6426169195175, 1119.1037298517228, 1219.547225, 1330.1732611398697, 1429.1295228424074, 1533.6228832477568, 1634.8243661830902, 1738.6629414367676, 1840.0212107500079, 1940.0217784755705, 2036.9947201461794, 2127.4428206462862, 2244.9841466789244, 2353.726952691078, 2447.334812850952, 2523.536551255035, 2632.457301393127, 2731.426477912903, 2821.8019195919037, 2930.673027822304, 3042.1527503871916, 3146.9007113529206, 3253.0295051540375, 3345.440442106247, 3448.0485049758913, 3554.7615357570644, 3651.9973879531863, 3744.894791730881, 3843.434417840004, 3955.4213696289066, 4067.720440831184, 4162.993180880547, 4264.608761390687, 4376.1844632873535, 4476.185085647583, 4564.069357021332, 4655.220528605461, 4753.411575431824, 4840.479277215958, 4942.365763689231, 5034.664767144012, 5156.27279015007]
shares:[0, 4.0274, 8.0662, 12.1848, 16.2531, 20.2692, 24.295, 28.324, 32.3973, 36.3893, 40.3765, 44.3385, 48.2989, 52.2251, 56.1544, 60.0714, 63.9853, 67.89, 71.7917, 75.6934, 79.6012, 83.5274, 87.4215, 91.3005, 95.19, 99.1177, 103.0316, 106.947, 110.8763, 114.7933, 118.695, 122.5906, 126.4786, 130.3757, 134.2698, 138.1563, 142.0458, 145.9429, 149.8415, 153.728, 157.6025, 161.4815, 165.359, 169.226, 173.093, 176.9705, 180.8555, 184.742, 188.6391, 192.5347, 196.4364, 200.3214]
growth_rate:1.1
