ticker:BSJS
price:[24.799999237060547, 24.336000442504883, 24.6200008392334, 25.06999969482422, 25.030000686645508, 24.989999771118164, 24.674999237060547, 25.25, 25.30500030517578, 25.429000854492188, 25.469999313354492, 25.65999984741211, 25.593000411987305, 25.663999557495117, 25.579999923706055, 25.70400047302246, 25.729000091552734, 25.68000030517578, 25.645000457763672, 25.530000686645508, 25.716999053955078, 25.8700008392334, 25.756999969482422, 25.3700008392334, 25.295000076293945, 25.309999465942383, 25.049999237060547, 25.236000061035156, 25.364999771118164, 25.485000610351562, 25.489999771118164, 25.36400032043457, 25.43000030517578, 25.468000411987305, 25.38800048828125, 25.332000732421875, 25.308000564575195, 25.40999984741211, 25.4950008392334, 25.461000442504883, 25.53499984741211, 25.70400047302246, 25.649999618530273, 25.59000015258789, 25.586000442504883, 25.56999969482422, 25.514999389648438, 25.489999771118164, 25.46500015258789, 25.575000762939453, 25.606000900268555, 25.60569953918457]
assets:[0, 99.99905941829681, 201.16510285720824, 304.84116828918457, 404.3546550926209, 503.7084313865662, 597.3595240299225, 711.279875, 812.8295063026428, 916.8121110076905, 1018.2905725479125, 1125.8863793048858, 1222.946168886566, 1326.3385947309494, 1421.9973117588045, 1528.88937053566, 1630.3772675014495, 1727.2727725265502, 1824.918748574829, 1916.736285551834, 2030.776262394333, 2142.858735515213, 2233.4976467536926, 2299.9402590814593, 2393.142250718117, 2494.561140363121, 2568.9350367588045, 2688.0100229011537, 2801.7493892183306, 2915.0049518127444, 3015.5765799222945, 3100.670410772133, 3208.7396375068665, 3313.5345680019377, 3403.126909051514, 3495.621044668579, 3592.308708937836, 3706.787908740616, 3819.186818718338, 3914.0941370258333, 4025.4701579452512, 4152.111138809967, 4243.387166891861, 4333.461805839539, 4432.784811064148, 4530.011829934692, 4620.268846977234, 4715.741721656036, 4811.1177578285215, 4931.901049625778, 5037.878253124238, 5137.819460516739]
shares:[0, 4.1091, 8.1708, 12.1596, 16.1548, 20.1564, 24.2091, 28.1695, 32.1213, 36.0538, 39.98, 43.8771, 47.7844, 51.6809, 55.5902, 59.4806, 63.3673, 67.2614, 71.1608, 75.0778, 78.9663, 82.8318, 86.7142, 90.6559, 94.6093, 98.5603, 102.5523, 106.5149, 110.4573, 114.3812, 118.3043, 122.2469, 126.1793, 130.1058, 134.0447, 137.9923, 141.9436, 145.8791, 149.8014, 153.729, 157.6452, 161.5356, 165.4342, 169.342, 173.2504, 177.1612, 181.0805, 185.0036, 188.9306, 192.8407, 196.746, 200.6514]
growth_rate:0.74
