ticker:BSMM
price:[25.41900062561035, 25.420000076293945, 25.440000534057617, 25.420000076293945, 25.399999618530273, 25.393999099731445, 25.385000228881836, 25.399999618530273, 25.399999618530273, 25.40999984741211, 25.43000030517578, 25.454999923706055, 25.389999389648438, 25.405000686645508, 25.43000030517578, 25.420000076293945, 25.459999084472656, 25.459999084472656, 25.420000076293945, 25.360000610351562, 25.424999237060547, 25.469999313354492, 25.479999542236328, 25.459999084472656, 25.479999542236328, 25.450000762939453, 25.459999084472656, 25.469999313354492, 25.43000030517578, 25.43000030517578, 25.44499969482422, 25.469999313354492, 25.450000762939453, 25.44499969482422, 25.469999313354492, 25.46500015258789, 25.459999084472656, 25.440000534057617, 25.440000534057617, 25.434999465942383, 25.434999465942383, 25.440000534057617, 25.389999389648438, 25.43000030517578, 25.43000030517578, 25.440000534057617, 25.459999084472656, 25.459999084472656, 25.46500015258789, 25.459999084472656, 25.459999084472656, 25.40999984741211]
assets:[0, 99.99973830013275, 200.07797220020294, 299.92041290016175, 399.68423399734496, 499.5888412885666, 599.410933404541, 699.7649094905854, 799.764707988739, 900.080637594986, 1000.7900330101013, 1101.773852697754, 1198.9614731781007, 1299.669025127411, 1400.948888812256, 1500.3977105031965, 1602.7578623657225, 1702.757100769806, 1800.0817174026488, 1895.8324936279296, 2000.6906474643706, 2104.232010272026, 2205.0569963848116, 2303.3253811737063, 2405.1335967903137, 2502.302610013962, 2603.284906387329, 2704.307741094589, 2800.0617316024777, 2900.0626648025514, 3001.772058998108, 3104.7216002998352, 3202.284520998001, 3301.6541029014584, 3404.898277207375, 3504.231031497574, 3603.54207441864, 3700.7110856884, 3800.710639787674, 3899.963729112625, 3999.9639730129243, 4100.7500060863495, 4192.69122321167, 4299.297571594238, 4399.298504794311, 4501.0280624893185, 4604.565588422393, 4704.564826826477, 4805.4899927948, 4904.545481635285, 5004.544720039367, 5094.717674406052]
shares:[0, 3.9339, 7.8647, 11.7986, 15.7356, 19.6735, 23.6128, 27.5498, 31.4868, 35.4223, 39.3547, 43.2832, 47.2218, 51.158, 55.0904, 59.0243, 62.952, 66.8797, 70.8136, 74.7568, 78.6899, 82.6161, 86.5407, 90.4684, 94.393, 98.3223, 102.25, 106.1762, 110.1086, 114.041, 117.971, 121.8972, 125.8265, 129.7565, 133.6827, 137.6097, 141.5374, 145.4682, 149.399, 153.3306, 157.2622, 161.193, 165.1316, 169.064, 172.9964, 176.9272, 180.8549, 184.7826, 188.7096, 192.6373, 196.565, 200.5005]
growth_rate:-0.1
