ticker:BSMO
price:[25.614999771118164, 25.635000228881836, 25.645000457763672, 25.625, 25.600000381469727, 25.56999969482422, 25.56999969482422, 25.559999465942383, 25.56999969482422, 25.59000015258789, 25.639999389648438, 25.6200008392334, 25.649999618530273, 25.65999984741211, 25.700000762939453, 25.71500015258789, 25.709999084472656, 25.71500015258789, 25.75, 25.766000747680664, 25.739999771118164, 25.829999923706055, 25.809999465942383, 25.780000686645508, 25.798999786376953, 25.635000228881836, 25.729000091552734, 25.739999771118164, 25.700000762939453, 25.71500015258789, 25.729999542236328, 25.75, 25.81999969482422, 25.81999969482422, 25.815000534057617, 25.795000076293945, 25.780000686645508, 25.770000457763672, 25.774999618530273, 25.81999969482422, 25.834999084472656, 25.80500030517578, 25.780000686645508, 25.799999237060547, 25.850000381469727, 25.84000015258789, 25.889999389648438, 25.84000015258789, 25.8799991607666, 25.864999771118164, 25.8700008392334, 25.84000015258789]
assets:[0, 99.99957239284515, 200.03869707069396, 299.8816875, 399.5878459543228, 499.1187230430603, 599.1178778495788, 698.884509397316, 799.1570994621277, 899.7827903652191, 1001.5419641586304, 1100.760774057579, 1202.0487571229935, 1302.516988254547, 1404.5487316959382, 1505.3689664325714, 1605.0752428436278, 1705.3879521194458, 1807.7092249999998, 1908.8329397907257, 2006.9065981544495, 2113.924610756111, 2212.2886182235716, 2309.717913518906, 2411.4196105327605, 2496.090226286316, 2605.2439351703642, 2706.357629934883, 2802.1533231857297, 2903.78924723053, 3005.482651529312, 3107.819, 3216.2682619857787, 3316.2691208038327, 3415.6266061620713, 3512.97978839035, 3610.9376681766507, 3709.5374488941193, 3810.2563336082458, 3916.9094457046513, 4019.184393070221, 4114.5169811592095, 4210.531502146721, 4313.798572435379, 4422.159565258026, 4520.449626693726, 4629.196615867615, 4720.257427873612, 4827.564463452339, 4924.765791920281, 5025.718497036361, 5119.8911182334905]
shares:[0, 3.9009, 7.8003, 11.7027, 15.6089, 19.5197, 23.4305, 27.3429, 31.2537, 35.1615, 39.0617, 42.9649, 46.8635, 50.7606, 54.6517, 58.5405, 62.43, 66.3188, 70.2023, 74.0834, 77.9684, 81.8399, 85.7144, 89.5934, 93.4695, 97.3704, 101.2571, 105.1421, 109.0332, 112.922, 116.8085, 120.692, 124.565, 128.438, 132.3117, 136.1884, 140.0674, 143.9479, 147.8276, 151.7006, 155.5713, 159.4465, 163.3255, 167.2015, 171.07, 174.94, 178.8025, 182.6725, 186.5365, 190.4027, 194.2682, 198.1382]
growth_rate:0.39
