ticker:BSMP
price:[25.770000457763672, 25.795000076293945, 25.799999237060547, 25.84000015258789, 25.809999465942383, 25.780000686645508, 25.760000228881836, 25.770000457763672, 25.760000228881836, 25.889999389648438, 25.899999618530273, 25.927000045776367, 25.950000762939453, 25.905000686645508, 25.989999771118164, 25.954999923706055, 25.979999542236328, 25.974000930786133, 25.954999923706055, 25.959999084472656, 26.0, 26.014999389648438, 26.03499984741211, 26.1299991607666, 25.961999893188477, 25.736000061035156, 25.81999969482422, 25.84000015258789, 25.795000076293945, 25.80500030517578, 25.84000015258789, 25.899999618530273, 26.014999389648438, 26.010000228881836, 25.959999084472656, 25.989999771118164, 25.940000534057617, 25.954999923706055, 25.96500015258789, 25.989999771118164, 26.084999084472656, 26.020000457763672, 25.959999084472656, 26.020000457763672, 26.049999237060547, 26.079999923706055, 26.084999084472656, 26.104999542236328, 26.1200008392334, 26.125, 26.100000381469727, 26.049999237060547]
assets:[0, 99.99947679576874, 200.0196540851593, 300.33056977348326, 399.9827237236023, 499.5184493045807, 599.1312373233795, 699.364311423111, 799.0932391000748, 903.1260267089845, 1003.4747652202606, 1104.5213143501283, 1205.5020954421998, 1303.4127000486374, 1407.688560603142, 1505.7922980737687, 1607.2422796806336, 1706.8710815662384, 1805.6218616924289, 1905.9701527824402, 2008.9081999999999, 2110.0661944946287, 2211.688858037567, 2319.7586134948733, 2404.844472906113, 2483.9100458908083, 2592.018129364014, 2694.0267359085083, 2789.334594750023, 2890.4155036827087, 2994.3366336818694, 3101.2892643224714, 3215.0584965698245, 3314.441324166298, 3408.0702158081053, 3512.0078770713803, 3605.252816225624, 3707.336919602394, 3808.7643283828734, 3912.430605545044, 4026.73087467041, 4116.697128424072, 4207.204655625153, 4316.928837946701, 4421.9066154933935, 4527.000290756798, 4627.867504071807, 4731.416305032349, 4834.135647320366, 4935.0621375, 5030.339203521919, 5120.703055027389]
shares:[0, 3.8767, 7.7527, 11.6227, 15.4972, 19.3762, 23.2582, 27.1387, 31.0207, 34.8832, 38.7442, 42.6012, 46.4548, 50.3151, 54.1627, 58.0155, 61.8646, 65.7146, 69.5674, 73.4195, 77.2657, 81.1096, 84.9506, 88.7776, 92.6294, 96.515, 100.388, 104.258, 108.1347, 112.0099, 115.8799, 119.7409, 123.5848, 127.4295, 131.2816, 135.1292, 138.9843, 142.8371, 146.6884, 150.536, 154.3696, 158.2128, 162.0649, 165.9081, 169.7469, 173.5813, 177.4149, 181.2456, 185.0741, 188.9019, 192.7333, 196.5721]
growth_rate:0.41
