ticker:BSMR
price:[25.375, 25.375, 25.3700008392334, 25.309999465942383, 25.260000228881836, 25.18000030517578, 25.170000076293945, 25.170000076293945, 25.1299991607666, 25.325000762939453, 25.364999771118164, 25.594999313354492, 25.59000015258789, 25.610000610351562, 25.719999313354492, 25.75, 25.75, 25.790000915527344, 25.780000686645508, 25.81999969482422, 25.790000915527344, 25.8799991607666, 25.950000762939453, 26.0, 25.764999389648438, 25.3700008392334, 25.434999465942383, 25.540000915527344, 25.450000762939453, 25.55500030517578, 25.56999969482422, 25.690000534057617, 25.81999969482422, 25.854999542236328, 25.75, 25.799999237060547, 25.790000915527344, 25.84000015258789, 25.81999969482422, 25.8799991607666, 26.010000228881836, 25.959999084472656, 25.850000381469727, 25.934999465942383, 26.014999389648438, 26.06999969482422, 26.059999465942383, 26.020000457763672, 26.020999908447266, 26.0, 25.985000610351562, 25.96500015258789]
assets:[0, 100.0003375, 199.9815686153412, 299.5084096801758, 398.91602761459353, 497.6524900314331, 597.4552578109741, 697.45566811409, 796.3470564054489, 902.5273121894836, 1003.9517639408111, 1113.0548541397095, 1212.8380572319031, 1313.785348310852, 1419.4276061056137, 1521.0834, 1621.083525, 1723.6024991867066, 1822.934784553528, 1925.7640212387084, 2023.5273148338317, 2130.589046909523, 2236.352900749588, 2340.663, 2419.506068183899, 2482.4139901176454, 2588.774245643616, 2699.460612767029, 2789.948698637009, 2901.458513648987, 3003.1606661575315, 3117.2554928031923, 3233.0306057876587, 3337.412465410995, 3423.8590499999996, 3530.508015598297, 3629.1405598320007, 3736.1771980625153, 3833.286212693024, 3942.194164163017, 4061.997341744614, 4154.189145494842, 4236.587582519531, 4350.518355413437, 4463.937158769226, 4573.37401546402, 4671.619744262695, 4764.449427819824, 4864.631137084198, 4960.7064, 5057.845246801758, 5153.951266788102]
shares:[0, 3.9409, 7.8826, 11.8336, 15.7924, 19.7638, 23.7368, 27.7098, 31.6891, 35.6378, 39.5802, 43.4872, 47.395, 51.2997, 55.1877, 59.0712, 62.9547, 66.8322, 70.7112, 74.5842, 78.4617, 82.3257, 86.1793, 90.0255, 93.9067, 97.8484, 101.78, 105.6954, 109.6247, 113.5378, 117.4486, 121.3412, 125.2142, 129.0819, 132.9654, 136.8414, 140.7189, 144.5889, 148.4619, 152.3259, 156.1706, 160.0227, 163.8912, 167.747, 171.5909, 175.4267, 179.264, 183.1072, 186.9502, 190.7964, 194.6448, 198.4961]
growth_rate:1.06
