ticker:BSMT
price:[25.610000610351562, 25.64699935913086, 25.6200008392334, 25.625, 25.440000534057617, 25.31999969482422, 25.389999389648438, 25.295000076293945, 25.31999969482422, 25.614999771118164, 25.64299964904785, 25.959999084472656, 25.905000686645508, 25.94499969482422, 26.079999923706055, 26.110000610351562, 26.079999923706055, 26.125, 26.05500030517578, 26.079999923706055, 26.09000015258789, 26.2450008392334, 26.270000457763672, 26.3700008392334, 26.09000015258789, 25.440000534057617, 25.700000762939453, 25.774999618530273, 25.604999542236328, 25.674999237060547, 25.7450008392334, 25.8700008392334, 26.049999237060547, 26.079999923706055, 25.969999313354492, 26.049999237060547, 26.03499984741211, 26.020000457763672, 26.059999465942383, 26.15999984741211, 26.31599998474121, 26.290000915527344, 26.100000381469727, 26.229999542236328, 26.364999771118164, 26.43000030517578, 26.43000030517578, 26.389999389648438, 26.389999389648438, 26.295000076293945, 26.260000228881836, 26.260000228881836]
assets:[0, 100.00021520118713, 199.89493254795073, 299.93293750000004, 397.7671283502579, 495.8896620231629, 597.261650642395, 695.0281875963211, 795.7139064094544, 904.9856264135361, 1005.9748762321472, 1118.4112765571595, 1216.042904232788, 1317.9203659980774, 1424.779083831978, 1526.4193566818237, 1624.6666352472305, 1727.4712125, 1822.8416928504942, 1924.591850369835, 2025.3301858451846, 2137.361374346161, 2239.3966970222473, 2347.9215867233274, 2422.9913591709137, 2462.6251236974717, 2587.794756822205, 2695.3458376089097, 2777.5688983428954, 2885.1612842666627, 2993.0262645664216, 3107.5588278104783, 3229.1813504253387, 3332.9014142499923, 3418.8439326059342, 3529.376331633377, 3627.3445782405856, 3725.2548435375215, 3830.9814934902192, 3945.6813849853515, 4069.211498440552, 4165.190570049286, 4235.087851898766, 4356.181272976303, 4478.601419120026, 4589.643556994629, 4689.6441061492915, 4782.546112388611, 4882.545737075805, 4964.969324405671, 5058.361430088616, 5158.362136960221]
shares:[0, 3.8991, 7.8023, 11.7047, 15.6355, 19.5849, 23.5235, 27.4769, 31.4263, 35.3303, 39.23, 43.0821, 46.9424, 50.7967, 54.6311, 58.4611, 62.2955, 66.1233, 69.9613, 73.7957, 77.6286, 81.4388, 85.2454, 89.0376, 92.8705, 96.8013, 100.6924, 104.5721, 108.4776, 112.3724, 116.2566, 120.1221, 123.9609, 127.7953, 131.6459, 135.4847, 139.3257, 143.1689, 147.0062, 150.8288, 154.6288, 158.4325, 162.2639, 166.0763, 169.8692, 173.6528, 177.4364, 181.2257, 185.015, 188.818, 192.6261, 196.4342]
growth_rate:1.14
