ticker:BTEC
price:[42.5099983215332, 42.439998626708984, 47.75, 46.66999816894531, 46.97999954223633, 51.198001861572266, 51.34400177001953, 50.233001708984375, 48.1879997253418, 51.19599914550781, 53.27000045776367, 53.215999603271484, 55.40999984741211, 57.31999969482422, 59.0099983215332, 60.2859992980957, 61.584999084472656, 58.720001220703125, 61.7599983215332, 63.68000030517578, 64.65799713134766, 63.25, 68.44000244140625, 69.20500183105469, 67.2030029296875, 62.47999954223633, 58.150001525878906, 60.9900016784668, 60.56999969482422, 55.84000015258789, 58.310001373291016, 57.060001373291016, 58.529998779296875, 59.439998626708984, 60.029998779296875, 54.75899887084961, 52.90999984741211, 54.33000183105469, 56.0, 55.25, 59.81999969482422, 59.0099983215332, 61.02000045776367, 60.89500045776367, 59.52000045776367, 55.630001068115234, 56.81999969482422, 55.880001068115234, 56.72999954223633, 54.380001068115234, 53.52199935913086, 57.095001220703125]
assets:[0, 100.00136876411439, 212.511375, 307.70463192749025, 409.7501600074768, 546.538669872284, 648.0947967422486, 734.0699238739014, 804.1854334163667, 954.3855768707275, 1093.0471393928526, 1191.937280714035, 1341.0771443069457, 1487.3049600814818, 1631.1543736038207, 1766.4280082336425, 1904.4914626876832, 1915.8927118286133, 2115.0823105178833, 2280.839306930542, 2415.8684732162474, 2463.2586, 2765.379894647217, 2896.291611131287, 2912.504223669434, 2807.813691428375, 2713.2267361961367, 2945.7377940677643, 3025.4533137565613, 2889.1895278949737, 3116.990278409958, 3150.1685558166505, 3331.3226755218507, 3483.118535526657, 3617.689867434692, 3400.035522990036, 3385.2294092372895, 3576.082215522766, 3786.0032, 3835.3003, 4252.537976305389, 4294.954212835312, 4541.2487800678255, 4631.947762319564, 4627.358627588654, 4424.932670960236, 4619.585297188568, 4643.158696751404, 4813.784400156784, 4714.376308598328, 4739.993898443603, 5156.426554745483]
shares:[0, 2.3563, 4.4505, 6.5932, 8.7218, 10.675, 12.6226, 14.6133, 16.6885, 18.6418, 20.519, 22.3981, 24.2028, 25.9474, 27.642, 29.3008, 30.9246, 32.6276, 34.2468, 35.8172, 37.3638, 38.9448, 40.4059, 41.8509, 43.3389, 44.9394, 46.6591, 48.2987, 49.9497, 51.7405, 53.4555, 55.208, 56.9165, 58.5989, 60.2647, 62.0909, 63.9809, 65.8215, 67.6072, 69.4172, 71.0889, 72.7835, 74.4223, 76.0645, 77.7446, 79.5422, 81.3021, 83.0916, 84.8543, 86.6932, 88.5616, 90.3131]
growth_rate:1.11
