ticker:BTEK
price:[25.628999710083008, 27.413999557495117, 27.600000381469727, 27.274999618530273, 25.8439998626709, 29.621999740600586, 28.493999481201172, 29.650999069213867, 31.128999710083008, 31.860000610351562, 32.430999755859375, 34.57899856567383, 34.71200180053711, 34.650001525878906, 36.61000061035156, 36.66999816894531, 38.904998779296875, 36.35499954223633, 39.439998626708984, 41.56999969482422, 41.11199951171875, 37.05500030517578, 33.79999923706055, 35.16600036621094, 34.41400146484375, 32.75, 34.79499816894531, 35.54999923706055, 35.65999984741211, 35.95000076293945, 34.970001220703125, 32.88999938964844, 30.847999572753906, 32.08000183105469, 33.720001220703125, 33.709999084472656, 34.74700164794922, 35.560001373291016, 36.790000915527344, 36.98099899291992, 36.439998626708984, 35.165000915527344, 36.71699905395508, 36.305999755859375, 36.68299865722656, 35.93299865722656, 35.0, 36.86000061035156, 37.152000427246094, 37.152000427246094]
assets:[0, 100.0007875858307, 200.67960277366637, 298.317580827713, 382.66693716659546, 538.6079346834183, 618.097535546112, 743.1963614700318, 880.2409506019593, 1000.9105931747437, 1118.8500329772949, 1292.95370906868, 1397.9252077114106, 1495.4282308540344, 1680.0182840087891, 1782.7706329803466, 1991.4301725158691, 1960.9050588092805, 2227.302930445862, 2447.591698031616, 2520.6260244628907, 2371.886864034271, 2263.535248907089, 2455.015850765991, 2502.517358520508, 2481.51335, 2736.4665489959716, 2895.842502852249, 3004.8043031425477, 3129.2390564094544, 3143.9359957458496, 3056.934681271362, 2967.14260210495, 3185.6436298294066, 3448.5006888397215, 3547.478495654297, 3756.6060638648987, 3944.5002643325806, 4180.937111043549, 4302.643082228851, 4339.697740452576, 4287.8549361351015, 4577.097041667175, 4625.863608093262, 4773.899767152405, 4776.296827415466, 4752.279, 5104.829948529053, 5245.268028320313, 5345.266352670288]
shares:[0, 3.6478, 7.271, 10.9374, 14.8068, 18.1827, 21.6922, 25.0648, 28.2772, 31.4159, 34.4994, 37.3913, 40.2721, 43.1581, 45.8896, 48.6166, 51.187, 53.9377, 56.4732, 58.8788, 61.3112, 64.0099, 66.9685, 69.8122, 72.718, 75.7714, 78.6454, 81.4583, 84.2626, 87.0442, 89.9038, 92.9442, 96.1859, 99.3031, 102.2687, 105.2352, 108.1131, 110.9252, 113.6433, 116.3474, 119.0916, 121.9353, 124.6588, 127.4132, 130.1393, 132.9223, 135.7794, 138.4924, 141.184, 143.8756]
growth_rate:9.09
