ticker:BUZZ
price:[23.600000381469727, 25.170000076293945, 24.81999969482422, 23.700000762939453, 24.489999771118164, 25.030000686645508, 25.049999237060547, 24.709999084472656, 24.790000915527344, 23.760000228881836, 23.010000228881836, 23.420000076293945, 24.739999771118164, 25.190000534057617, 25.860000610351562, 25.200000762939453, 26.6299991607666, 26.559999465942383, 26.280000686645508, 24.440000534057617, 25.5, 25.43000030517578, 25.6200008392334, 25.68000030517578, 24.709999084472656, 26.06999969482422, 26.3799991607666, 26.3799991607666]
assets:[0, 100.00041030311584, 198.6096375579834, 289.6471893241882, 399.30209926815036, 508.1065109388352, 608.5120764667511, 700.2517220550537, 802.5192626380921, 869.1764483728408, 941.7394833675385, 1058.5207694482804, 1218.1802707300187, 1340.3372574167252, 1475.9879808364867, 1538.3189265731812, 1725.6132936180113, 1821.0783953824998, 1901.8810216924667, 1868.7215448349, 2049.7716, 2144.145733731079, 2260.1657300361635, 2365.459300110626, 2376.108569963074, 2606.8852614837647, 2737.8851448989867, 2837.886445717621]
shares:[0, 3.973, 8.002, 12.2214, 16.3047, 20.2999, 24.2919, 28.3388, 32.3727, 36.5815, 40.9274, 45.1973, 49.2393, 53.2091, 57.0761, 61.0444, 64.7996, 68.5647, 72.3699, 76.4616, 80.3832, 84.3156, 88.2188, 92.1129, 96.1598, 99.9956, 103.7864, 107.5772]
growth_rate:5.11
