ticker:CARZ
price:[39.119998931884766, 38.560001373291016, 39.9900016784668, 37.38999938964844, 39.290000915527344, 40.7599983215332, 40.599998474121094, 41.459999084472656, 39.349998474121094, 43.65999984741211, 45.93000030517578, 48.40999984741211, 49.400001525878906, 50.0, 49.2400016784668, 51.45000076293945, 50.68000030517578, 51.810001373291016, 55.83000183105469, 54.540000915527344, 57.90999984741211, 54.0, 58.34000015258789, 59.0, 57.689998626708984, 54.400001525878906, 55.29999923706055, 56.939998626708984, 58.560001373291016, 56.29999923706055, 58.0099983215332, 58.060001373291016, 59.38999938964844, 57.77000045776367, 55.56999969482422, 56.33000183105469, 55.400001525878906, 56.93000030517578, 59.25, 62.79999923706055, 61.900001525878906, 59.849998474121094, 61.63999938964844, 60.40999984741211, 59.970001220703125, 58.279998779296875, 59.209999084472656, 60.79999923706055, 61.060001373291016, 61.13999938964844, 56.41999816894531, 58.61000061035156]
assets:[0, 100.00150756149291, 203.70906855010986, 290.4642102584839, 405.2252824424744, 520.3869745708465, 618.3460967605591, 731.4455958480835, 794.220694202423, 981.210470570755, 1132.2250305229186, 1293.3602839233397, 1419.8103838554382, 1537.055, 1613.6933350067138, 1786.1176464859009, 1859.3883951965333, 2000.8452620349883, 2256.095956993103, 2303.965982675171, 2546.3258572906493, 2474.4042, 2773.273583253479, 2904.6467, 2940.1534730106355, 2872.477840570831, 3019.9993183349607, 3209.559678591156, 3400.877935754013, 3369.628144337082, 3571.971447648239, 3675.052936925888, 3859.2393673385623, 3853.9696015384675, 3807.2007050918573, 3959.2724716995235, 3993.9079900039674, 4204.206513536835, 4475.537625, 4843.694861155319, 4874.2784801544185, 4812.849597296143, 5056.791449928283, 5055.888076229477, 5119.063292199707, 5074.806657705689, 5255.787410733032, 5496.92185102272, 5620.426582408142, 5727.790790820312, 5385.604777215576, 5694.653157302856]
shares:[0, 2.5934, 5.094, 7.7685, 10.3137, 12.7671, 15.2302, 17.6422, 20.1835, 22.4739, 24.6511, 26.7168, 28.7411, 30.7411, 32.772, 34.7156, 36.6888, 38.6189, 40.4101, 42.2436, 43.9704, 45.8223, 47.5364, 49.2313, 50.9647, 52.8029, 54.6112, 56.3674, 58.0751, 59.8513, 61.5751, 63.2975, 64.9813, 66.7123, 68.5118, 70.2871, 72.0922, 73.8487, 75.5365, 77.1289, 78.7444, 80.4152, 82.0375, 83.6929, 85.3604, 87.0763, 88.7652, 90.4099, 92.0476, 93.6832, 95.4556, 97.1618]
growth_rate:11.66
