ticker:CEFA
price:[26.399999618530273, 26.229999542236328, 26.579999923706055, 25.700000762939453, 26.0, 26.450000762939453, 26.614999771118164, 26.530000686645508, 24.947999954223633, 26.969999313354492, 28.358999252319336, 28.6299991607666, 29.51799964904785, 29.889999389648438, 29.81599998474121, 29.850000381469727, 30.079999923706055, 30.375, 30.87299919128418, 31.100000381469727, 30.93400001525879, 29.770000457763672, 30.516000747680664, 31.389999389648438, 31.697999954223633, 30.516000747680664, 30.409000396728516, 30.409000396728516, 31.312999725341797, 30.881999969482422, 31.190000534057617, 31.577999114990234, 32.39899826049805, 32.066001892089844, 32.499000549316406, 32.32500076293945, 31.950000762939453, 32.400001525878906, 32.400001525878906, 33.319000244140625, 33.290000915527344, 32.34000015258789, 32.959999084472656, 32.790000915527344, 31.729999542236328, 32.36000061035156, 31.40999984741211, 32.154998779296875, 32.779998779296875, 32.790000915527344, 32.32600021362305, 32.75]
assets:[0, 99.99925025482177, 201.33286742210387, 294.6684987476349, 398.1094, 504.9992845664978, 608.150083270073, 706.2073942779541, 764.0948685979844, 926.0230174238204, 1073.7142501916885, 1183.9735742940904, 1320.6972920976639, 1437.3413236495971, 1533.7827448150636, 1635.5322659013748, 1748.1352915660857, 1865.28015, 1995.8622152185437, 2110.536215887642, 2199.271291484833, 2216.516453082657, 2372.060615318489, 2539.9971366119385, 2664.92059175148, 2665.5482525093075, 2756.20185525856, 2856.2018530632017, 3041.1122707252503, 3099.25266473732, 3230.1643343091964, 3370.3482657421114, 3557.973751572418, 3621.405989685059, 3770.3065507278443, 3850.1209358711244, 3905.4562682590486, 4060.46215122757, 4160.461515937042, 4378.469813482666, 4474.65882806015, 4446.963464981842, 4632.218047331238, 4708.326068460847, 4656.120419826889, 4848.566847450256, 4806.226254651642, 5020.22169291687, 5217.798919692993, 5319.390688522339, 5344.118192316056, 5514.212474999999]
shares:[0, 3.8124, 7.5746, 11.4657, 15.3119, 19.0926, 22.8499, 26.6192, 30.6275, 34.3353, 37.8615, 41.3543, 44.7421, 48.0877, 51.4416, 54.7917, 58.1162, 61.4084, 64.6475, 67.8629, 71.0956, 74.4547, 77.7317, 80.9174, 84.0722, 87.3492, 90.6377, 93.9262, 97.1198, 100.3579, 103.5641, 106.7309, 109.8174, 112.936, 116.013, 119.1066, 122.2365, 125.3229, 128.4093, 131.4106, 134.4145, 137.5066, 140.5406, 143.5903, 146.7419, 149.8321, 153.0158, 156.1257, 159.1763, 162.226, 165.3195, 168.3729]
growth_rate:8.12
