ticker:CGW
price:[40.83000183105469, 40.79999923706055, 41.22999954223633, 40.68000030517578, 41.869998931884766, 43.439998626708984, 43.540000915527344, 43.689998626708984, 41.54999923706055, 44.34000015258789, 45.5, 45.47999954223633, 45.790000915527344, 46.0, 45.93000030517578, 46.79999923706055, 46.33000183105469, 46.79999923706055, 49.33000183105469, 48.68000030517578, 49.029998779296875, 46.970001220703125, 48.56999969482422, 49.0099983215332, 48.849998474121094, 47.18000030517578, 47.349998474121094, 48.939998626708984, 48.709999084472656, 49.15999984741211, 49.720001220703125, 50.7599983215332, 51.97999954223633, 52.59000015258789, 52.060001373291016, 53.2400016784668, 52.900001525878906, 52.90999984741211, 53.59000015258789, 54.08000183105469, 54.529998779296875, 52.470001220703125, 53.63999938964844, 54.119998931884766, 54.7400016784668, 54.66999816894531, 55.810001373291016, 57.20000076293945, 57.91999816894531, 59.0, 58.630001068115234, 59.16999816894531]
assets:[0, 100.0007981300354, 201.05396976776123, 298.3715302383423, 407.0978126148224, 522.3616394863129, 623.5624771118164, 725.7127221889496, 790.1646454910278, 943.2226532459259, 1067.89865, 1167.4306562496186, 1275.3888955001833, 1381.2374, 1479.1343228279113, 1607.1540937999725, 1691.0126358322143, 1808.169450522995, 2005.920663456726, 2079.4879130363465, 2194.440558364868, 2202.240174234009, 2377.2586350631714, 2498.794368422699, 2590.637544078827, 2602.0713768310547, 2711.445577622223, 2902.494286553955, 2988.855285823059, 3116.468694326782, 3251.9714838409423, 3419.9954949119565, 3602.1931762771605, 3744.4658598644255, 3806.7314204177856, 3993.016097885513, 4067.518147325897, 4168.286824979019, 4321.85666530571, 4461.3730150543215, 4598.498438058472, 4524.782037268066, 4725.678582228089, 4867.964015925598, 5023.730810040283, 5117.30864060669, 5324.017405005646, 5556.619714114761, 5726.561802963257, 5933.3409, 5996.131250236893, 6151.354428642273]
shares:[0, 2.451, 4.8764, 7.3346, 9.7229, 12.0249, 14.3216, 16.6105, 19.0172, 21.2725, 23.4703, 25.6691, 27.853, 30.0269, 32.2041, 34.3409, 36.4993, 38.6361, 40.6633, 42.7175, 44.7571, 46.8861, 48.945, 50.9854, 53.0325, 55.152, 57.2639, 59.3072, 61.3602, 63.3944, 65.4057, 67.3758, 69.2996, 71.2011, 73.122, 75.0003, 76.8907, 78.7807, 80.6467, 82.4958, 84.3297, 86.2356, 88.0999, 89.9476, 91.7744, 93.6036, 95.3954, 97.1437, 98.8702, 100.5651, 102.2707, 103.9607]
growth_rate:20.61
