ticker:CHB
price:[15.239999771118164, 15.524999618530273, 16.270000457763672, 16.309999465942383, 15.364999771118164, 15.71399974822998, 15.6899995803833, 15.512999534606934, 15.506999969482422, 14.920000076293945, 15.444999694824219, 14.758000373840332, 15.901000022888184, 15.960000038146973, 16.36199951171875, 16.893999099731445, 16.950000762939453, 18.46500015258789, 17.3799991607666, 18.844999313354492, 20.03499984741211, 18.950000762939453, 17.084999084472656, 16.06999969482422, 15.595000267028809, 15.821999549865723, 16.149999618530273, 16.474000930786133, 16.42099952697754, 16.969999313354492, 18.200000762939453, 18.763999938964844, 17.594999313354492, 19.100000381469727, 18.875, 19.05900001525879, 19.024999618530273, 19.0, 18.034000396728516, 18.863000869750977, 18.350000381469727, 18.15999984741211, 18.65999984741211, 17.871000289916992, 17.520000457763672, 17.833999633789062, 17.32200050354004, 16.26099967956543, 16.5310001373291, 16.39699935913086, 16.396799087524414]
assets:[0, 99.9996275428772, 204.79863076210023, 305.30198700313565, 387.61284922599793, 496.4178232463837, 595.6598510695458, 688.9400658316612, 788.6736128479004, 858.8190763916016, 989.0390894577025, 1045.0464740724565, 1225.9845928647042, 1330.534131180191, 1464.0471733093261, 1611.6503473163605, 1716.9927022838592, 1970.4592542831422, 1954.6746276140211, 2219.437757631493, 2459.5887422676087, 2426.388417687988, 2287.5908269157408, 2251.6881822395326, 2285.1322701276777, 2418.394213396931, 2568.529854330254, 2720.0601838842394, 2811.3096031175614, 3005.3003313985823, 3323.127219304657, 3526.108351730347, 3406.430576063919, 3797.802055850601, 3853.063225, 3990.6248824949266, 4083.5049906217578, 4178.1399, 4065.7148942413332, 4352.611042493821, 4334.237060102463, 4389.359131118775, 4610.2123363010405, 4515.279784850311, 4526.59696627121, 4707.724703129577, 4672.569795228767, 4486.367532992936, 4660.859283319473, 4723.078599500656, 4823.02171048069]
shares:[0, 6.4412, 12.5875, 18.7187, 25.227, 31.5908, 37.9643, 44.4105, 50.8592, 57.5616, 64.0362, 70.8122, 77.1011, 83.3668, 89.4785, 95.3978, 101.2975, 106.7132, 112.4669, 117.7733, 122.7646, 128.0416, 133.8947, 140.1175, 146.5298, 152.8501, 159.0421, 165.1123, 171.2021, 177.0949, 182.5894, 187.9188, 193.6022, 198.8378, 204.1358, 209.3827, 214.6389, 219.9021, 225.4472, 230.7486, 236.1982, 241.7048, 247.0639, 252.6596, 258.3674, 263.9747, 269.7477, 275.8974, 281.9466, 288.0453, 294.1441]
growth_rate:-3.54
