ticker:CHIE
price:[8.34000015258789, 8.15999984741211, 8.460000038146973, 7.96999979019165, 8.119999885559082, 8.329999923706055, 8.359999656677246, 8.329999923706055, 7.909999847412109, 8.229999542236328, 8.59000015258789, 8.9399995803833, 9.289999961853027, 8.880000114440918, 8.630000114440918, 8.710000038146973, 8.520000457763672, 8.430000305175781, 8.989999771118164, 8.899999618530273, 8.970000267028809, 8.420000076293945, 8.640000343322754, 8.649999618530273, 9.380000114440918, 8.970000267028809, 9.430000305175781, 9.350000381469727, 9.319999694824219, 9.130000114440918, 9.289999961853027, 9.199999809265137, 9.5600004196167, 9.529999732971191, 9.40999984741211, 10.220000267028809, 10.140000343322754, 9.970000267028809, 9.979999542236328, 10.3100004196167, 10.479999542236328, 10.0, 10.770000457763672, 10.239999771118164, 10.039999961853027, 10.15999984741211, 10.180000305175781, 9.989999771118164, 10.199999809265137, 10.619999885559082, 10.029999732971191, 10.989999771118164]
assets:[0, 99.99998213005065, 203.676192918396, 291.8797233163357, 397.37330639953615, 507.65018735046385, 609.4782509703637, 707.2911305219651, 771.6291861148835, 902.8457637825013, 1042.338106515503, 1184.8083103886604, 1331.1938225337983, 1372.4439776873587, 1433.805479013443, 1547.0972077757835, 1613.3489906822203, 1696.3065794082643, 1908.991390397835, 1989.8806047101975, 2105.531750679779, 2076.4301168146135, 2230.683928639412, 2333.2656021017074, 2630.1773580895424, 2615.212547852516, 2849.326457210541, 2925.154164343071, 3015.7682972511293, 3054.2881542842865, 3207.8137618279457, 3276.7372520665167, 3504.9580978429794, 3593.9592172979355, 3648.704856834411, 4062.7802121525765, 4130.9773278676985, 4161.720382464314, 4265.893918331528, 4506.950699432755, 4681.26488352356, 4566.856, 5018.504652304458, 4871.539603112603, 4876.3928414721495, 5034.676164386749, 5144.587350224304, 5148.568160040665, 5356.796119830608, 5677.370164820767, 5461.960726586151, 6084.740857276916]
shares:[0, 12.2549, 24.0752, 36.6223, 48.9376, 60.9424, 72.9041, 84.9089, 97.5511, 109.7018, 121.3432, 132.5289, 143.2932, 154.5545, 166.142, 177.6231, 189.3602, 201.2226, 212.3461, 223.5821, 234.7304, 246.6069, 258.181, 269.7417, 280.4027, 291.551, 302.1555, 312.8507, 323.5803, 334.5332, 345.2975, 356.1671, 366.6274, 377.1206, 387.7476, 397.5323, 407.3942, 417.4243, 427.4443, 437.1436, 446.6856, 456.6856, 465.9707, 475.7363, 485.6965, 495.539, 505.3622, 515.3722, 525.1761, 534.5923, 544.5624, 553.6616]
growth_rate:19.31
