ticker:CHIH
price:[24.34000015258789, 23.597999572753906, 24.104000091552734, 23.079999923706055, 23.774999618530273, 24.733999252319336, 24.542999267578125, 24.01300048828125, 23.81999969482422, 24.610000610351562, 24.540000915527344, 24.58300018310547, 23.69300079345703, 24.10700035095215, 23.89299964904785, 26.011999130249023, 26.059999465942383, 26.663999557495117, 27.739999771118164, 28.100000381469727, 31.260000228881836, 28.709999084472656, 31.030000686645508, 32.90999984741211, 32.0, 28.768999099731445, 26.889999389648438, 27.131999969482422, 27.613000869750977, 27.270000457763672, 28.440000534057617, 27.834999084472656, 28.06999969482422, 30.149999618530273, 30.299999237060547, 28.913000106811523, 30.43000030517578, 31.1200008392334, 31.860000610351562, 32.16999816894531, 32.2400016784668, 31.170000076293945, 32.79999923706055, 32.332000732421875, 30.649999618530273, 31.128000259399414, 29.597000122070312, 28.309999465942383, 28.52199935913086, 27.764999389648438, 25.25, 25.52199935913086]
assets:[0, 99.99888298950194, 202.1433759677887, 293.5568270296097, 402.39662354354857, 518.6274431224823, 614.6229677581787, 701.3501065612793, 795.7142358055114, 922.1047298690795, 1019.4824360343933, 1121.2699711517334, 1180.6767234397887, 1301.3079324445725, 1389.7554389865875, 1613.0092684665678, 1715.985814833641, 1855.7583748025893, 2030.6456552452087, 2156.998179282188, 2499.565248301506, 2395.6656796051025, 2689.2553485090257, 2952.1882453121184, 2970.5568, 2770.624350398826, 2689.666810949707, 2813.8732828350066, 2963.7586093521118, 3026.9427808113096, 3256.812349157715, 3287.5305048690793, 3415.285283869171, 3768.358002321243, 3887.105092124557, 3809.1721120719913, 4109.029887208557, 4302.203188020325, 4504.5038842941285, 4648.333111425781, 4758.446927732468, 4700.520170505332, 5046.32908262062, 5074.326455749512, 4910.344488885879, 5086.922238390923, 4936.726345761109, 4822.056364033699, 4958.1673937934875, 4926.574291200256, 4580.317175, 4729.657803036118]
shares:[0, 4.2376, 8.3863, 12.7191, 16.9252, 20.9682, 25.0427, 29.2071, 33.4053, 37.4687, 41.5437, 45.6116, 49.8323, 53.9805, 58.1658, 62.0102, 65.8475, 69.5979, 73.2028, 76.7615, 79.9605, 83.4436, 86.6663, 89.7049, 92.8299, 96.3059, 100.0248, 103.7105, 107.332, 110.999, 114.5152, 118.1078, 121.6703, 124.987, 128.2873, 131.746, 135.0322, 138.2456, 141.3843, 144.4928, 147.5945, 150.8027, 153.8515, 156.9444, 160.207, 163.4195, 166.7982, 170.3305, 173.8366, 177.4383, 181.3987, 185.3169]
growth_rate:-7.26
