ticker:CHII
price:[13.850000381469727, 13.510000228881836, 13.770000457763672, 13.229999542236328, 13.430000305175781, 13.84000015258789, 13.850000381469727, 13.569999694824219, 13.270000457763672, 14.300000190734863, 14.350000381469727, 14.600000381469727, 14.609999656677246, 14.609999656677246, 14.069999694824219, 14.460000038146973, 14.539999961853027, 14.899999618530273, 16.030000686645508, 15.90999984741211, 16.739999771118164, 16.100000381469727, 16.3700008392334, 17.030000686645508, 17.389999389648438, 16.110000610351562, 15.75, 15.930000305175781, 15.8100004196167, 15.640000343322754, 16.280000686645508, 15.920000076293945, 16.020000457763672, 16.520000457763672, 16.43000030517578, 16.6299991607666, 16.520000457763672, 16.610000610351562, 17.100000381469727, 16.860000610351562, 16.979999542236328, 16.5, 17.110000610351562, 16.889999389648438, 16.799999237060547, 16.65999984741211, 16.489999771118164, 16.079999923706055, 16.389999389648438, 16.520000457763672, 15.829999923706055, 16.5]
assets:[0, 99.99967069416047, 201.92466371269225, 294.0063108272552, 398.4506500541687, 510.61434962959294, 610.98307182827, 698.6310792884826, 783.1861380168915, 943.975902590847, 1047.275942840004, 1165.5209504528045, 1266.318798242569, 1366.3184018926622, 1415.8176382911681, 1555.061662102413, 1663.6653416352272, 1804.856323792076, 2041.7347754577638, 2126.4510296058656, 2337.3844060415267, 2348.022445633507, 2487.39870952034, 2687.6849263668064, 2844.4995901641846, 2735.1285166244506, 2774.008125, 2905.7117056655884, 2983.8229601943017, 3051.739426990509, 3276.6187581987383, 3304.162583834648, 3424.917499865341, 3631.813068636322, 3712.026682948303, 3857.211895345688, 3931.69898494606, 4053.1191969360348, 4272.688175315857, 4312.720716125488, 4443.416274209976, 4417.80735, 4681.131910986328, 4720.942308399964, 4795.786582208633, 4855.8218495258325, 4906.2729299007415, 4884.2855048257825, 5078.447866882324, 5218.729268609238, 5100.755239416504, 5416.6431]
shares:[0, 7.4019, 14.6641, 22.2227, 29.6687, 36.8941, 44.1143, 51.4835, 59.0193, 66.0123, 72.9809, 79.8302, 86.6748, 93.5194, 100.6267, 107.5423, 114.4199, 121.1313, 127.3696, 133.655, 139.6287, 145.8399, 151.9486, 157.8206, 163.571, 169.7783, 176.1275, 182.405, 188.7301, 195.124, 201.2665, 207.5479, 213.7901, 219.8434, 225.9298, 231.943, 237.9963, 244.0168, 249.8648, 255.796, 261.6853, 267.7459, 273.5904, 279.5111, 285.4635, 291.4659, 297.5302, 303.7491, 309.8504, 315.9037, 322.2208, 328.2814]
growth_rate:6.21
