ticker:CHIK
price:[28.110000610351562, 26.459999084472656, 27.242000579833984, 25.864999771118164, 26.93000030517578, 28.34000015258789, 28.040000915527344, 27.63599967956543, 27.937000274658203, 30.52400016784668, 29.8799991607666, 30.350000381469727, 30.329999923706055, 30.316999435424805, 30.450000762939453, 31.731000900268555, 32.459999084472656, 33.63999938964844, 35.52000045776367, 34.573001861572266, 37.39500045776367, 34.849998474121094, 35.529998779296875, 37.882999420166016, 38.11000061035156, 33.400001525878906, 31.579999923706055, 31.200000762939453, 30.549999237060547, 29.81999969482422, 31.128999710083008, 30.549999237060547, 30.65999984741211, 32.263999938964844, 31.049999237060547, 29.479999542236328, 29.268999099731445, 29.97599983215332, 31.68000030517578, 31.802000045776367, 31.687000274658203, 32.08100128173828, 32.99800109863281, 32.09000015258789, 32.08000183105469, 31.280000686645508, 30.73900032043457, 30.969999313354492, 31.253000259399414, 30.15999984741211, 29.22800064086914, 30.086000442504883]
assets:[0, 100.00027453994751, 202.95562851982118, 292.6960969099045, 404.7471325866699, 525.9393908317566, 620.3710002555847, 711.4335397510528, 819.1826905536652, 995.0396718715667, 1074.045533833504, 1190.9400849689484, 1290.1563057546616, 1389.6039227222443, 1495.7009924755098, 1658.6238404582978, 1796.729115323639, 1962.0462364013672, 2171.6963799877167, 2213.795741701126, 2494.4970770359037, 2424.7269788352964, 2572.0379296325686, 2842.372811394882, 2959.405420396424, 2693.65334305954, 2646.8745356054305, 2715.0240663909913, 2758.460246111679, 2792.5475474212644, 3015.130008718872, 3059.047798604965, 3170.0630902233124, 3435.9062775001526, 3406.6227212947847, 3334.3707242240907, 3410.5057282981875, 3592.8873686820984, 3897.1279095413206, 4012.137145575142, 4097.629790117645, 4248.5800346443175, 4470.021422024536, 4447.019385145569, 4545.633603454589, 4532.275035490608, 4553.887606571388, 4688.108422058487, 4830.948141596794, 4761.99555190773, 4714.841853380203, 4953.247794652367]
shares:[0, 3.7793, 7.4501, 11.3163, 15.0296, 18.5582, 22.1245, 25.743, 29.3225, 32.5986, 35.9453, 39.2402, 42.5373, 45.8358, 49.1199, 52.2714, 55.3521, 58.3248, 61.1401, 64.0325, 66.7067, 69.5761, 72.3906, 75.0303, 77.6543, 80.6483, 83.8149, 87.02, 90.2933, 93.6468, 96.8592, 100.1325, 103.3941, 106.4935, 109.7141, 113.1062, 116.5228, 119.8588, 123.0154, 126.1599, 129.3158, 132.4329, 135.4634, 138.5796, 141.6968, 144.8937, 148.1469, 151.3758, 154.5755, 157.8911, 161.3125, 164.6363]
growth_rate:-2.88
