ticker:CHIM
price:[19.110000610351562, 18.290000915527344, 19.270000457763672, 17.81999969482422, 17.889999389648438, 18.549999237060547, 18.739999771118164, 18.520000457763672, 18.260000228881836, 20.110000610351562, 20.510000228881836, 21.239999771118164, 21.459999084472656, 21.260000228881836, 20.559999465942383, 21.700000762939453, 21.350000381469727, 21.719999313354492, 24.450000762939453, 23.459999084472656, 24.280000686645508, 22.639999389648438, 23.75, 26.299999237060547, 28.329999923706055, 25.790000915527344, 24.68000030517578, 25.31999969482422, 24.459999084472656, 23.43000030517578, 23.739999771118164, 24.290000915527344, 24.15999984741211, 25.059999465942383, 24.649999618530273, 26.280000686645508, 24.940000534057617, 24.899999618530273, 25.850000381469727, 25.489999771118164, 25.239999771118164, 23.489999771118164, 24.780000686645508, 23.969999313354492, 25.649999618530273, 25.68000030517578, 26.270000457763672, 26.059999465942383, 26.610000610351562, 27.65999984741211, 25.799999237060547, 27.469999313354492]
assets:[0, 100.00058000564576, 205.35846787834168, 289.9064470352173, 391.04497365875244, 505.47078421058654, 610.6485145418167, 703.4803653881073, 793.605173947525, 974.0097805618286, 1093.384010201645, 1232.3001827207565, 1345.0633846168519, 1432.5285794223785, 1485.3612734169005, 1667.7210086345672, 1740.8213861040115, 1870.9911488513947, 2206.157798841095, 2216.829153488159, 2394.3139957118988, 2332.5900811157226, 2546.952375, 2920.415035281372, 3245.8304172588346, 3054.8178714439396, 3023.3395253845215, 3201.7392814102172, 3192.9911584877013, 3158.535080139923, 3300.3252721809386, 3476.78571604538, 3558.178473527527, 3790.72587921524, 3828.706960749054, 4181.883949264526, 4068.651831124878, 4162.127066235924, 4420.923935239792, 4459.355656958199, 4515.620211051369, 4302.531714076996, 4638.813650539971, 4587.181914595413, 5008.685685510254, 5114.544420780182, 5332.050889912796, 5389.4267935523985, 5603.172032519531, 5924.265789318466, 5625.888493635178, 6090.043907772065]
shares:[0, 5.4675, 10.6569, 16.2686, 21.8583, 27.2491, 32.5853, 37.9849, 43.4614, 48.4341, 53.3098, 58.0179, 62.6777, 67.3814, 72.2452, 76.8535, 81.5373, 86.1414, 90.2314, 94.494, 98.6126, 103.0296, 107.2401, 111.0424, 114.5722, 118.4497, 122.5016, 126.451, 130.5393, 134.8073, 139.0196, 143.1365, 147.2756, 151.266, 155.3228, 159.128, 163.1376, 167.1537, 171.0222, 174.9453, 178.9073, 183.1644, 187.1999, 191.3718, 195.2704, 199.1645, 202.9711, 206.8084, 210.5664, 214.1817, 218.0577, 221.698]
growth_rate:19.41
