ticker:CHIX
price:[14.34000015258789, 14.180000305175781, 14.390000343322754, 13.710000038146973, 13.880000114440918, 13.979999542236328, 14.729999542236328, 15.4399995803833, 14.369999885559082, 15.270000457763672, 15.399999618530273, 15.489999771118164, 16.170000076293945, 16.200000762939453, 15.40999984741211, 15.399999618530273, 15.149999618530273, 15.40999984741211, 15.8100004196167, 16.399999618530273, 16.270000457763672, 15.739999771118164, 16.030000686645508, 16.329999923706055, 16.649999618530273, 16.170000076293945, 16.579999923706055, 16.56999969482422, 16.31999969482422, 16.34000015258789, 16.360000610351562, 16.1200008392334, 16.079999923706055, 16.229999542236328, 15.75, 15.949999809265137, 16.1200008392334, 15.899999618530273, 16.639999389648438, 16.229999542236328, 16.010000228881836, 15.680000305175781, 15.970000267028809, 15.149999618530273, 14.869999885559082, 14.899999618530273, 14.670000076293945, 14.100000381469727, 14.180000305175781, 14.640000343322754, 14.59000015258789, 14.600000381469727]
assets:[0, 100.00019815216065, 201.48158980703354, 291.9599348123551, 395.58000326156616, 498.4303216793061, 625.1706405715943, 755.3047074728966, 802.9611056053162, 953.251156576538, 1061.3664337091445, 1167.5695757478713, 1318.8252062225342, 1421.2714269348144, 1451.9625466228485, 1551.0202015800476, 1625.8419040620804, 1753.7442786346435, 1899.266417408848, 2070.144071847725, 2153.734802596283, 2183.5755402477266, 2323.8066825403216, 2467.296422472763, 2615.645010072708, 2640.2392294572833, 2807.184657082558, 2905.491451488495, 2961.65562461853, 3065.285988624573, 3169.038458229065, 3222.549367771149, 3314.5526962736126, 3445.4714718212126, 3443.572125, 3587.3001021019936, 3725.5353059574127, 3774.690119438362, 4050.3672114334104, 4050.568052754593, 4095.662248552322, 4111.242768016052, 4287.2791226861, 4167.143745073319, 4190.126560752392, 4298.579859947777, 4332.22559553051, 4263.89792535801, 4388.090428438568, 4630.44032458849, 4714.625780307388, 4817.857045881272]
shares:[0, 7.0522, 14.0015, 21.2954, 28.5, 35.6531, 42.442, 48.9187, 55.8776, 62.4264, 68.9199, 75.3757, 81.56, 87.7328, 94.2221, 100.7156, 107.3163, 113.8056, 120.1307, 126.2283, 132.3746, 138.7278, 144.9661, 151.0898, 157.0958, 163.2801, 169.3115, 175.3465, 181.474, 187.594, 193.7065, 199.91, 206.1289, 212.2903, 218.6395, 224.9091, 231.1126, 237.4019, 243.4115, 249.5729, 255.819, 262.1966, 268.4583, 275.059, 281.7839, 288.4953, 295.3119, 302.4041, 309.4563, 316.2869, 323.1409, 329.9902]
growth_rate:-5.53
