ticker:CHNA
price:[30.827999114990234, 30.07699966430664, 31.323999404907227, 29.3799991607666, 30.534000396728516, 31.22800064086914, 30.8439998626709, 30.440000534057617, 29.655000686645508, 30.25, 30.312000274658203, 30.447999954223633, 30.100000381469727, 30.469999313354492, 30.06999969482422, 31.665000915527344, 31.944000244140625, 32.55799865722656, 33.731998443603516, 35.04600143432617, 39.099998474121094, 36.54999923706055, 39.83000183105469, 40.79399871826172, 40.87300109863281, 37.875, 35.88999938964844, 36.310001373291016, 37.492000579833984, 36.45100021362305, 37.18000030517578, 37.25899887084961, 37.38199996948242, 40.56100082397461, 41.24599838256836, 39.4900016784668, 41.13999938964844, 43.53900146484375, 45.06999969482422, 45.3489990234375, 46.119998931884766, 44.029998779296875, 47.40999984741211, 46.672000885009766, 44.29600143432617, 45.41899871826172, 43.79999923706055, 41.59299850463867, 41.1609992980957, 40.22700119018555, 36.2130012512207, 37.290000915527344]
assets:[0, 100.00000848388673, 204.14476892166138, 291.47603367404935, 402.9236158351898, 512.0830001091003, 605.7854105028152, 697.8522322435379, 779.8553460571288, 895.50285, 997.337557836914, 1101.8126399435043, 1189.2209150714875, 1303.8386936178208, 1386.723140926361, 1560.2802541122437, 1674.028527194214, 1806.2038125076294, 1971.331721042633, 2148.1236303161622, 2496.609192569733, 2433.787694197464, 2752.1973645233156, 2918.8065288917537, 3024.4590257949826, 2902.6187999999997, 2850.495010523987, 2983.8542448532103, 3180.986293995666, 3192.662916510773, 3356.513759550476, 3463.6449717327114, 3575.0799018814087, 3979.1071906333923, 4146.307607205582, 4069.784286980438, 4339.829737614441, 4692.899165789795, 4957.920809429169, 5088.611180419922, 5275.127073830795, 5136.077342605591, 5630.3546898788445, 5642.710247798919, 5455.446811050034, 5693.75293072052, 5590.793962615585, 5409.08626953125, 5452.906284513473, 5429.1728524314885, 4987.42835472412, 5235.758513545989]
shares:[0, 3.3248, 6.5172, 9.9209, 13.1959, 16.3982, 19.6403, 22.9255, 26.2976, 29.6034, 32.9024, 36.1867, 39.509, 42.7909, 46.1165, 49.2746, 52.4051, 55.4765, 58.441, 61.2944, 63.8519, 66.5879, 69.0986, 71.5499, 73.9965, 76.6368, 79.4231, 82.1772, 84.8444, 87.5878, 90.2774, 92.9613, 95.6364, 98.1018, 100.5263, 103.0586, 105.4893, 107.7861, 110.0049, 112.21, 114.3783, 116.6495, 118.7588, 120.9014, 123.1589, 125.3606, 127.6437, 130.048, 132.4775, 134.9634, 137.7248, 140.4065]
growth_rate:2.66
