ticker:CIBR
price:[34.7599983215332, 33.93000030517578, 34.2400016784668, 34.5, 34.96500015258789, 36.66999816894531, 37.150001525878906, 35.900001525878906, 33.310001373291016, 36.36000061035156, 36.33000183105469, 37.369998931884766, 38.47999954223633, 39.70000076293945, 40.119998931884766, 43.84000015258789, 45.18000030517578, 44.380001068115234, 44.970001220703125, 44.790000915527344, 45.709999084472656, 43.91999816894531, 45.380001068115234, 46.2599983215332, 45.47999954223633, 42.209999084472656, 40.560001373291016, 42.689998626708984, 41.86000061035156, 41.9900016784668, 42.38999938964844, 43.2599983215332, 44.470001220703125, 44.400001525878906, 44.029998779296875, 43.0099983215332, 43.09000015258789, 43.650001525878906, 44.4900016784668, 44.099998474121094, 46.15999984741211, 46.400001525878906, 47.27000045776367, 47.09000015258789, 48.400001525878906, 47.15999984741211, 49.52000045776367, 49.040000915527344, 48.689998626708984, 48.90999984741211, 48.43000030517578, 51.599998474121094]
assets:[0, 99.99849689941406, 200.91348184890748, 302.4408, 406.51707777404783, 526.3391517181396, 633.2292060089112, 711.9221602592469, 760.560599356079, 930.2015316146851, 1029.4323998840332, 1158.8997218761444, 1293.3243286144257, 1434.329267564392, 1549.5025627475736, 1793.1743742412568, 1947.9854111579896, 2013.4940204597472, 2140.261765097046, 2231.6931486167905, 2377.53246638031, 2384.429876591492, 2563.6932423419953, 2713.407957548523, 2767.6580841430664, 2668.663877117157, 2664.3459302101132, 2904.264641572952, 2947.797986981201, 3056.951903195572, 3186.070505125427, 3351.4602199649808, 3545.201861315918, 3639.6235250816344, 3709.294038162231, 3723.362651695633, 3830.2873495635986, 3980.068249131775, 4156.660815817642, 4220.224323978425, 4517.360681067276, 4640.849272615814, 4827.864772753143, 4909.480981908417, 5146.057562236786, 5114.214307452774, 5470.142666566086, 5517.122702999115, 5577.7460896808625, 5702.950001208114, 5746.979887213898, 6223.150735973359]
shares:[0, 2.9472, 5.8678, 8.7664, 11.6264, 14.3534, 17.0452, 19.8307, 22.8328, 25.5831, 28.3356, 31.0115, 33.6103, 36.1292, 38.6217, 40.9027, 43.1161, 45.3694, 47.5931, 49.8257, 52.0134, 54.2903, 56.4939, 58.6556, 60.8544, 63.2235, 65.689, 68.0315, 70.4204, 72.8019, 75.1609, 77.4725, 79.7212, 81.9735, 84.2447, 86.5697, 88.8904, 91.1814, 93.4291, 95.6967, 97.8631, 100.0183, 102.1338, 104.2574, 106.3235, 108.4439, 110.4633, 112.5025, 114.5563, 116.6009, 118.6657, 120.6037]
growth_rate:22.02
