ticker:CLDL
price:[26.200000762939453, 25.05500030517578, 26.201000213623047, 24.12299919128418, 28.975000381469727, 30.809999465942383, 29.924999237060547, 25.093000411987305, 21.517000198364258, 22.889999389648438, 21.275999069213867, 20.479999542236328, 22.089000701904297, 23.260000228881836, 24.809999465942383, 24.719999313354492, 23.899999618530273, 20.920000076293945, 20.079999923706055, 21.100000381469727, 22.448999404907227, 22.131999969482422, 24.479999542236328, 25.90999984741211, 27.079999923706055, 27.725000381469727, 28.635000228881836, 26.56999969482422, 28.780000686645508, 28.719999313354492, 29.860000610351562, 29.104999542236328, 28.687999725341797, 31.594999313354492, 31.200000762939453, 31.200000762939453]
assets:[0, 99.99951721801759, 204.57216946792605, 288.34703393325805, 446.34539337635044, 574.6126520397187, 658.1075907215119, 651.8433810022354, 658.9495242748261, 800.9966156417846, 844.5167414539336, 912.9205555946351, 1084.6428281658173, 1242.1421622228622, 1424.9151803274156, 1519.7460057861329, 1569.333724951744, 1473.6591973743439, 1514.4878102457048, 1691.4182305793763, 1899.5557581453324, 1972.7313908798217, 2282.020661327362, 2515.3246481868746, 2728.908460311699, 2893.9078148174285, 3088.8918366897583, 2966.1366019317625, 3312.8486110393524, 3405.9420545698167, 3641.1374324264525, 3649.0713331073757, 3696.7901518070216, 4171.392974344253, 4219.241623173904, 4319.240745619201]
shares:[0, 3.9912, 7.8078, 11.9532, 15.4045, 18.6502, 21.9919, 25.9771, 30.6246, 34.9933, 39.6934, 44.5762, 49.1033, 53.4025, 57.4331, 61.4784, 65.6625, 70.4426, 75.4227, 80.162, 84.6165, 89.1348, 93.2198, 97.0793, 100.7721, 104.379, 107.8712, 111.6348, 115.1094, 118.5913, 121.9403, 125.3761, 128.8619, 132.027, 135.2321, 138.4372]
growth_rate:23.41
