ticker:CNBS
price:[11.779999732971191, 11.680999755859375, 11.90999984741211, 11.180999755859375, 11.116999626159668, 12.765999794006348, 12.307000160217285, 12.609999656677246, 11.895000457763672, 14.630000114440918, 14.666999816894531, 15.359999656677246, 17.89699935913086, 18.389999389648438, 17.530000686645508, 17.889999389648438, 18.61199951171875, 17.450000762939453, 20.690000534057617, 23.639999389648438, 23.709999084472656, 23.399999618530273, 29.190000534057617, 34.75, 34.27000045776367, 30.1200008392334, 27.3700008392334, 31.15999984741211, 30.709999084472656, 28.610000610351562, 29.540000915527344, 28.950000762939453, 26.729999542236328, 26.84000015258789, 26.799999237060547, 26.079999923706055, 23.600000381469727, 23.90999984741211, 26.040000915527344, 25.93000030517578, 26.469999313354492, 25.030000686645508, 25.77899932861328, 25.559999465942383, 24.8700008392334, 22.700000762939453, 22.670000076293945, 22.770000457763672, 22.760000228881836, 21.649999618530273, 20.229999542236328, 21.065000534057617]
assets:[0, 99.99987080993652, 201.96024941253663, 289.5979565765381, 387.9399306544304, 545.4835115980148, 625.871262447834, 741.2800908177376, 799.2488707580566, 1083.0194074717522, 1185.7580002967834, 1341.7835220088004, 1663.4043908355713, 1809.2246909530638, 1824.6171334697724, 1962.0874720596314, 2141.2733198242186, 2107.5884071468354, 2598.9123470840455, 3069.467164750671, 3178.5553642646787, 3236.996827230072, 4137.945285707473, 5026.125325, 5056.699636545181, 4544.349102619171, 4229.442437685394, 4915.103591931152, 4944.122521605682, 4706.03611239624, 4959.009929693604, 4959.9631007133485, 4679.613000859452, 4798.871247282028, 4891.718100743104, 4860.300081781768, 4498.124672707558, 4657.211289278794, 5172.093625843048, 5250.244229791259, 5459.582943375588, 5262.575165367699, 5520.051970436096, 5573.158515552903, 5522.70948336277, 5140.8328527816775, 5234.038282614708, 5357.1253316986085, 5454.773178854942, 5288.744176813126, 5041.862095912933, 5349.966658636856]
shares:[0, 8.5609, 16.9572, 25.9009, 34.8961, 42.7294, 50.8549, 58.7851, 67.192, 74.0273, 80.8453, 87.3557, 92.9432, 98.3809, 104.0854, 109.6751, 115.048, 120.7787, 125.612, 129.8421, 134.0597, 138.3332, 141.759, 144.6367, 147.5547, 150.8748, 154.5284, 157.7376, 160.9939, 164.4892, 167.8744, 171.3286, 175.0697, 178.7955, 182.5268, 186.3612, 190.5985, 194.7809, 198.6211, 202.4776, 206.2555, 210.2507, 214.1298, 218.0422, 222.0631, 226.4684, 230.8795, 235.2712, 239.6649, 244.2838, 249.227, 253.9742]
growth_rate:4.9
