ticker:CNCR
price:[24.945999145507812, 26.143999099731445, 29.075000762939453, 26.937000274658203, 26.700000762939453, 29.06800079345703, 29.554000854492188, 27.958999633789062, 26.385000228881836, 27.75, 28.899999618530273, 29.715999603271484, 31.53700065612793, 32.290000915527344, 33.05799865722656, 33.20000076293945, 33.165000915527344, 31.715999603271484, 34.08399963378906, 34.645999908447266, 34.417999267578125, 32.83000183105469, 35.13999938964844, 34.266998291015625, 33.31100082397461, 31.520000457763672, 29.72100067138672, 31.9950008392334, 31.25, 29.466999053955078, 29.947999954223633, 28.701000213623047, 29.350000381469727, 30.639999389648438, 30.850000381469727, 29.8799991607666, 29.68000030517578, 29.940000534057617, 30.59000015258789, 30.110000610351562, 31.36400032043457, 30.485000610351562, 31.900999069213867, 32.25, 31.3700008392334, 29.638999938964844, 30.200000762939453, 29.649999618530273, 29.5, 28.770000457763672, 27.760000228881836, 30.600000381469727]
assets:[0, 100.00079655647278, 211.21243554229736, 295.6820646148682, 393.0800812320709, 527.9417508110046, 636.7675470108032, 702.4027641998291, 762.858957617569, 902.3245499999999, 1039.7179462760926, 1169.0749699920655, 1340.7167403936387, 1472.727567756653, 1607.7559298950196, 1714.6605194030763, 1812.8520140441894, 1833.6478306632996, 2070.551851753235, 2204.69127497406, 2290.183996664429, 2284.518356416321, 2545.263949790955, 2582.0320280273436, 2609.9968609603884, 2569.6680373191834, 2523.00385859375, 2816.0431983652115, 2850.471875, 2787.8344733959198, 2933.3407099163055, 2911.199853668213, 3077.030559992981, 3312.2727900192262, 3434.9747824745177, 3426.9699717473986, 3504.032708029175, 3634.7280408348083, 3813.636965023041, 3853.797044119263, 4114.2981980342865, 4098.991842567444, 4389.386065929412, 4537.4073, 4513.597282751083, 4364.535394512176, 4547.147674874115, 4564.335766276359, 4641.24385, 4626.39157061119, 4563.977221630096, 5130.8979039634705]
shares:[0, 3.825, 7.2644, 10.9768, 14.7221, 18.1623, 21.5459, 25.1226, 28.9126, 32.5162, 35.9764, 39.3416, 42.5125, 45.6094, 48.6344, 51.6464, 54.6616, 57.8146, 60.7485, 63.6348, 66.5403, 69.5863, 72.4321, 75.3504, 78.3524, 81.525, 84.8896, 88.0151, 91.2151, 94.6087, 97.9478, 101.432, 104.8392, 108.1029, 111.3444, 114.6911, 118.0604, 121.4004, 124.6694, 127.9906, 131.179, 134.4593, 137.594, 140.6948, 143.8826, 147.2565, 150.5678, 153.9405, 157.3303, 160.8061, 164.4084, 167.6764]
growth_rate:0.61
