ticker:CNRG
price:[63.779998779296875, 63.61000061035156, 66.36000061035156, 67.41000366210938, 74.5, 83.13999938964844, 81.38999938964844, 78.87000274658203, 74.19999694824219, 83.23999786376953, 84.13999938964844, 88.4000015258789, 97.7699966430664, 91.94000244140625, 92.3499984741211, 102.9000015258789, 109.63999938964844, 108.29000091552734, 129.50999450683594, 128.0, 144.66000366210938, 130.8300018310547, 140.10000610351562, 144.5800018310547, 130.58999633789062, 118.19000244140625, 106.20999908447266, 121.58999633789062, 112.6500015258789, 109.5199966430664, 113.55000305175781, 108.44000244140625, 106.01000213623047, 110.33000183105469, 104.73999786376953, 99.55999755859375, 96.12000274658203, 99.62999725341797, 100.9800033569336, 101.05999755859375, 103.30000305175781, 99.33000183105469, 102.97000122070312, 104.91000366210938, 102.94999694824219, 96.2699966430664, 96.72000122070312, 98.94999694824219, 98.63999938964844, 97.16000366210938, 93.06999969482422, 97.54000091552734]
assets:[0, 100.0012819595337, 204.32244187927247, 307.558141708374, 439.9076, 590.9258596618652, 678.4914519119262, 757.4832803787232, 812.6309465774536, 1011.6323420379639, 1122.5706298568725, 1279.4043820838926, 1515.014536981964, 1524.6778364868164, 1631.473543043518, 1917.8502284393312, 2143.472952067566, 2217.075333744049, 2751.5175392944334, 2819.4304, 3286.400429196167, 3072.2155179977417, 3389.9017776824953, 3598.3070855712895, 3350.1296480529786, 3132.0232456970216, 2914.551068876648, 3436.595338494873, 3283.9165194816587, 3292.674891075134, 3513.838909437561, 3455.7117778015136, 3478.2729780914306, 3720.018737738037, 3631.5347319328307, 3551.932340899658, 3529.209304845429, 3758.0833483978267, 3909.0066159492494, 4012.1021150756837, 4201.0355141098025, 4139.577826309203, 4391.27926605835, 4574.013213665772, 4588.553428981018, 4390.816784892273, 4511.340032937623, 4715.353259571838, 4800.581898295593, 4828.550985995484, 4725.294182505799, 5052.240411421203]
shares:[0, 1.5721, 3.079, 4.5625, 5.9048, 7.1076, 8.3363, 9.6042, 10.9519, 12.1532, 13.3417, 14.4729, 15.4957, 16.5834, 17.6662, 18.638, 19.5501, 20.4735, 21.2456, 22.0268, 22.7181, 23.4825, 24.1963, 24.888, 25.6538, 26.4999, 27.4414, 28.2638, 29.1515, 30.0646, 30.9453, 31.8675, 32.8108, 33.7172, 34.6719, 35.6763, 36.7167, 37.7204, 38.7107, 39.7002, 40.6683, 41.675, 42.6462, 43.5994, 44.5707, 45.6094, 46.6433, 47.6539, 48.6677, 49.6969, 50.7714, 51.7966]
growth_rate:-0.94
