ticker:COPX
price:[22.239999771118164, 22.09000015258789, 22.639999389648438, 20.450000762939453, 20.709999084472656, 21.5, 21.200000762939453, 22.440000534057617, 21.5, 23.399999618530273, 23.940000534057617, 25.329999923706055, 26.940000534057617, 29.1299991607666, 28.399999618530273, 29.770000457763672, 29.93000030517578, 30.360000610351562, 33.900001525878906, 32.02000045776367, 32.400001525878906, 29.700000762939453, 31.959999084472656, 34.15999984741211, 39.34000015258789, 36.97999954223633, 36.38999938964844, 38.06999969482422, 36.209999084472656, 35.2400016784668, 36.40999984741211, 37.47999954223633, 39.7400016784668, 39.220001220703125, 39.459999084472656, 44.33000183105469, 41.9900016784668, 39.97999954223633, 41.2400016784668, 41.0099983215332, 40.040000915527344, 34.66999816894531, 37.7400016784668, 37.209999084472656, 37.599998474121094, 35.20000076293945, 36.06999969482422, 37.849998474121094, 37.22999954223633, 38.369998931884766, 33.220001220703125, 36.66999816894531]
assets:[0, 99.99922169075013, 202.48989054107665, 282.9032655544281, 386.50035791397096, 501.24455, 594.2508613857269, 729.0082973499299, 798.4712999999999, 969.0337642026902, 1091.395896347046, 1254.7646072206499, 1434.520006437874, 1651.1349604309082, 1709.7566570344925, 1892.234815096283, 2002.4038174171449, 2131.1718548446656, 2479.669851612854, 2442.152626913452, 2571.134521087646, 2456.87316311264, 2743.8266454002382, 3032.700874453354, 3592.5760219345093, 3477.059248958588, 3521.583966934204, 3784.1617766654967, 3699.2786844680786, 3700.182556238174, 3923.031843559265, 4138.320417456436, 4487.858259550095, 4529.133584967041, 4656.84811595459, 5331.578186221313, 5150.145088866806, 5003.616882709503, 5261.308686135101, 5331.964143772125, 5305.848669319916, 4694.248412078858, 5209.920429708481, 5236.752942153167, 5391.640501197052, 5147.493231568909, 5374.7185145263675, 5739.952268600464, 5745.9292093505865, 6021.872046367645, 5313.618923254395, 5965.453300125122]
shares:[0, 4.5269, 8.9439, 13.8339, 18.6625, 23.3137, 28.0307, 32.487, 37.1382, 41.4117, 45.5888, 49.5367, 53.2487, 56.6816, 60.2027, 63.5618, 66.9029, 70.1967, 73.1466, 76.2696, 79.356, 82.723, 85.8519, 88.7793, 91.3212, 94.0254, 96.7734, 99.4001, 102.1618, 104.9995, 107.746, 110.4141, 112.9305, 115.4802, 118.0144, 120.2702, 122.6517, 125.153, 127.5778, 130.0162, 132.5137, 135.398, 138.0477, 140.7351, 143.3947, 146.2356, 149.008, 151.65, 154.336, 156.9422, 159.9524, 162.6794]
growth_rate:16.97
