ticker:CQQQ
price:[70.41000366210938, 67.58999633789062, 69.9000015258789, 67.12999725341797, 69.19999694824219, 72.73999786376953, 72.61000061035156, 72.68000030517578, 74.41999816894531, 80.58000183105469, 79.45999908447266, 78.5999984741211, 79.08000183105469, 77.8499984741211, 78.1500015258789, 80.5, 78.75, 82.33000183105469, 88.51000213623047, 88.72000122070312, 97.36000061035156, 92.52999877929688, 98.33000183105469, 106.98999786376953, 106.23999786376953, 93.94999694824219, 90.37999725341797, 88.33000183105469, 88.11000061035156, 81.25, 83.72000122070312, 83.04000091552734, 81.33000183105469, 84.80000305175781, 82.55999755859375, 78.4800033569336, 76.44000244140625, 77.23999786376953, 80.79000091552734, 81.12000274658203, 80.80999755859375, 81.02999877929688, 84.5999984741211, 81.19999694824219, 78.76000213623047, 77.66000366210938, 74.87999725341797, 72.19000244140625, 70.52999877929688, 68.9000015258789, 64.48999786376953, 68.83999633789062]
assets:[0, 99.99939958190919, 203.4159944404602, 295.35184891586306, 404.46014216308595, 525.1536885772705, 624.2136532470703, 724.8158390434265, 842.1664672790528, 1011.8753149932861, 1097.8114013511656, 1185.932496977234, 1293.1715459426878, 1373.0559930877685, 1478.347948864746, 1622.7994999999999, 1687.518, 1864.2311634613036, 2104.165982785034, 2209.1546463958744, 2524.291679824829, 2499.059460031128, 2755.7081343154905, 3098.408940135193, 3176.692800124359, 2909.2086305007933, 2898.658233911896, 2932.90938079834, 3025.6004999588013, 2890.0381249999996, 3077.898868878174, 3152.8959707611084, 3187.9734117736816, 3423.9866832214357, 3433.53820246582, 3363.856991886902, 3376.416059838867, 3511.7551228752136, 3773.159649758148, 3888.5684516601564, 3973.7104149475094, 4084.5277664672853, 4364.480081280517, 4289.073158802796, 4260.191523550415, 4300.694512802124, 4246.7441642303465, 4194.18138984375, 4197.733937347412, 4200.7228530303955, 4031.850176445007, 4403.804709729004]
shares:[0, 1.4795, 2.9101, 4.3997, 5.8448, 7.2196, 8.5968, 9.9727, 11.3164, 12.5574, 13.8159, 15.0882, 16.3527, 17.6372, 18.9168, 20.159, 21.4288, 22.6434, 23.7732, 24.9003, 25.9274, 27.0081, 28.0251, 28.9598, 29.9011, 30.9655, 32.0719, 33.204, 34.3389, 35.5697, 36.7642, 37.9684, 39.198, 40.3772, 41.5884, 42.8626, 44.1708, 45.4655, 46.7033, 47.936, 49.1735, 50.4076, 51.5896, 52.8211, 54.0908, 55.3785, 56.714, 58.0992, 59.517, 60.9684, 62.519, 63.9716]
growth_rate:-13.65
