ticker:CRAK
price:[21.3700008392334, 21.14900016784668, 21.329999923706055, 19.76099967956543, 19.69499969482422, 20.670000076293945, 19.958999633789062, 20.010000228881836, 18.66699981689453, 19.63800048828125, 22.54199981689453, 23.16699981689453, 24.549999237060547, 25.441999435424805, 25.899999618530273, 25.43000030517578, 24.643999099731445, 24.96500015258789, 26.777999877929688, 26.350000381469727, 26.92099952697754, 25.243999481201172, 26.389999389648438, 27.424999237060547, 28.3700008392334, 28.190000534057617, 28.885000228881836, 29.402999877929688, 27.766000747680664, 27.729999542236328, 27.704999923706055, 27.0, 27.76300048828125, 27.229000091552734, 28.124000549316406, 29.739999771118164, 29.486000061035156, 29.280000686645508, 29.90999984741211, 31.288000106811523, 30.924999237060547, 29.299999237060547, 30.34600067138672, 29.625, 28.739999771118164, 27.429000854492188, 27.260000228881836, 27.34000015258789, 27.586999893188477, 27.760000228881836, 26.25, 27.920000076293945]
assets:[0, 100.00093239364624, 200.85607728157046, 286.0819684610367, 385.1258715324402, 504.1909098609924, 586.8484785324097, 688.3480098735808, 742.1476451202392, 880.7525390991211, 1110.9959861755372, 1241.7998408851624, 1415.931025997162, 1567.3772730188368, 1695.5926850263595, 1764.8242201789856, 1810.2767062688827, 1933.85631731987, 2174.2959338882447, 2239.544502421951, 2388.0757208396913, 2339.313468323898, 2545.5107271270754, 2745.343896126938, 2939.9434689685822, 3021.291497238159, 3195.778655323029, 3353.0887030792237, 3266.406210957527, 3362.1709354976656, 3459.141011474228, 3471.1173, 3669.208117932129, 3698.6348900360103, 3920.2072489692687, 4245.462291326523, 4309.201992919922, 4379.0964066942215, 4573.3197336689, 4884.019271073151, 4927.354348439026, 4768.440095835113, 5038.67119367752, 5018.954925, 4969.022378427315, 4842.356954353333, 4912.521915246773, 5026.937478055954, 5172.352818773651, 5304.788915738105, 5116.23525, 5541.726343143272]
shares:[0, 4.7284, 9.4166, 14.4771, 19.5545, 24.3924, 29.4027, 34.4002, 39.7572, 44.8494, 49.2856, 53.6021, 57.6754, 61.6059, 65.4669, 69.3993, 73.4571, 77.4627, 81.1971, 84.9922, 88.7068, 92.6681, 96.4574, 100.1037, 103.6286, 107.176, 110.638, 114.039, 117.6405, 121.2467, 124.8562, 128.5599, 132.1618, 135.8344, 139.3901, 142.7526, 146.144, 149.5593, 152.9027, 156.0988, 159.3324, 162.7454, 166.0407, 169.4162, 172.8957, 176.5415, 180.2099, 183.8675, 187.4924, 191.0947, 194.9042, 198.4859]
growth_rate:8.66
