ticker:CTEC
price:[15.149999618530273, 16.65999984741211, 16.950000762939453, 17.857999801635742, 19.179000854492188, 18.551000595092773, 19.02199935913086, 21.295000076293945, 22.618000030517578, 22.719999313354492, 26.559999465942383, 25.270000457763672, 28.290000915527344, 26.270000457763672, 27.989999771118164, 28.829999923706055, 26.510000228881836, 23.809999465942383, 20.851999282836914, 23.079999923706055, 21.540000915527344, 21.079999923706055, 22.15999984741211, 21.170000076293945, 20.6299991607666, 21.655000686645508, 20.399999618530273, 18.479999542236328, 17.600000381469727, 18.84000015258789, 19.149999618530273, 18.8700008392334, 19.34000015258789, 19.229999542236328, 20.309999465942383, 20.479999542236328, 20.190000534057617, 18.739999771118164, 19.145000457763672, 19.399999618530273, 19.809999465942383, 19.5, 18.8799991607666, 19.899999618530273, 20.15999984741211, 20.15999984741211]
assets:[0, 99.99998308410645, 201.74060408058168, 312.54714092826845, 435.6663476104737, 521.399988025856, 634.6385734184265, 810.4727964036941, 960.8262120964051, 1065.1590078086851, 1345.1869489515304, 1379.8532129959106, 1644.7580212280275, 1627.316194356537, 1833.8628000040055, 1988.8980877367019, 1928.849059653282, 1832.398510899353, 1704.7531161684037, 1986.9041094320296, 1954.328591065979, 2012.591912715912, 2215.7030407432553, 2216.717058988762, 2260.173196055603, 2472.4705308980942, 2429.1809545755386, 2300.5529670135497, 2291.0026096561432, 2552.4149606723786, 2694.412606327057, 2755.016348527908, 2923.6355590667727, 3007.00656641922, 3275.8871468595503, 3403.3069319301603, 3455.11479139328, 3306.976547610092, 3478.445560670853, 3624.775468724632, 3801.3823985185622, 3841.89585, 3819.7429022089004, 4126.105720905304, 4280.0143356052395, 4380.013982848358]
shares:[0, 6.0024, 11.9021, 17.5018, 22.7158, 28.1063, 33.3634, 38.0593, 42.4806, 46.882, 50.6471, 54.6044, 58.1392, 61.9458, 65.5185, 68.9871, 72.7593, 76.9592, 81.7549, 86.0877, 90.7302, 95.474, 99.9866, 104.7103, 109.5576, 114.1755, 119.0775, 124.4888, 130.1706, 135.4785, 140.7004, 145.9998, 151.1704, 156.3706, 161.2943, 166.1771, 171.13, 176.4662, 181.6895, 186.8441, 191.8921, 197.0203, 202.3169, 207.342, 212.3023, 217.2626]
growth_rate:-2.67
