ticker:CURE
price:[62.93000030517578, 61.060001373291016, 62.61000061035156, 58.709999084472656, 60.54999923706055, 67.9800033569336, 67.11000061035156, 66.8499984741211, 55.81999969482422, 70.08999633789062, 74.11000061035156, 67.62000274658203, 68.68000030517578, 74.72000122070312, 72.81999969482422, 75.5199966430664, 73.16000366210938, 77.0199966430664, 85.12999725341797, 84.37999725341797, 85.7699966430664, 79.75, 81.05000305175781, 84.47000122070312, 78.29000091552734, 74.51000213623047, 74.95999908447266, 78.4000015258789, 79.22000122070312, 83.98999786376953, 82.58999633789062, 85.83999633789062, 93.63999938964844, 98.70999908447266, 93.04000091552734, 99.5, 97.83000183105469, 99.93000030517578, 98.20999908447266, 94.61000061035156, 100.02999877929688, 98.05999755859375, 104.0199966430664, 110.2300033569336, 111.4000015258789, 111.05000305175781, 118.44999694824219, 120.08999633789062, 122.2699966430664, 124.11000061035156, 130.88999938964844, 126.30000305175781]
assets:[0, 99.99796424903869, 202.53709097442626, 289.92171747894287, 399.0063299724579, 547.9664130592347, 640.9541938293457, 738.4718781440735, 716.6283200820923, 999.8267887603761, 1157.1683715301515, 1155.8354689476014, 1273.952193660736, 1485.9865522766113, 1548.1968855117798, 1705.6040201843264, 1752.306459713745, 1944.762617237091, 2249.543151422119, 2329.7232861671446, 2468.10026940155, 2394.868575, 2533.9067704086306, 2740.831917608643, 2640.306793875885, 2612.8273429107667, 2728.603934674072, 2953.8219774894715, 3084.7159395324707, 3370.4514222747803, 3414.2704486083985, 3648.629044342041, 4080.1663294052123, 4401.084019180298, 4248.280873803711, 4643.2471, 4665.317127319337, 4865.461805858612, 4881.714603491973, 4802.7726099838255, 5177.912844812012, 5175.940075134277, 5590.533915582275, 6024.290143463135, 6188.236664762116, 6268.794882272339, 6786.521505151368, 6980.483226132202, 7207.204952125549, 7415.659413468933, 7920.769046064758, 7743.011137092591]
shares:[0, 1.6377, 3.2349, 4.9382, 6.5897, 8.0607, 9.5508, 11.0467, 12.8382, 14.2649, 15.6142, 17.0931, 18.5491, 19.8874, 21.2606, 22.5848, 23.9517, 25.2501, 26.4248, 27.6099, 28.7758, 30.0297, 31.2635, 32.4474, 33.7247, 35.0668, 36.4008, 37.6763, 38.9386, 40.1292, 41.34, 42.505, 43.5729, 44.586, 45.6608, 46.6658, 47.688, 48.6887, 49.7069, 50.7639, 51.7636, 52.7834, 53.7448, 54.652, 55.5497, 56.4502, 57.2944, 58.1271, 58.945, 59.7507, 60.5147, 61.3065]
growth_rate:51.82
