ticker:CWEB
price:[51.29999923706055, 46.90599822998047, 49.35499954223633, 46.349998474121094, 48.040000915527344, 54.5, 54.61800003051758, 52.65999984741211, 53.900001525878906, 62.880001068115234, 61.93000030517578, 60.08000183105469, 61.87099838256836, 58.36000061035156, 59.88999938964844, 61.99700164794922, 57.02000045776367, 60.779998779296875, 69.79000091552734, 66.58000183105469, 82.83000183105469, 76.36000061035156, 92.45999908447266, 105.5199966430664, 104.37999725341797, 80.69000244140625, 71.89900207519531, 69.5199966430664, 70.33999633789062, 55.290000915527344, 59.54999923706055, 55.5099983215332, 53.66999816894531, 58.04999923706055, 54.130001068115234, 49.91999816894531, 44.56999969482422, 46.71500015258789, 47.0989990234375, 46.93000030517578, 45.08000183105469, 43.31999969482422, 47.099998474121094, 42.02000045776367, 36.72999954223633, 35.66999816894531, 28.329999923706055, 23.049999237060547, 21.389999389648438, 20.8799991607666, 17.31999969482422, 20.579999923706055]
assets:[0, 99.99889762649536, 205.21808809661866, 292.7234153633118, 403.39669168777465, 557.644, 658.8514725681306, 735.2336518695831, 852.5471041351318, 1094.5836185932158, 1178.0448518051148, 1242.8509658782957, 1379.902689826584, 1401.5971186584472, 1538.3405133224487, 1692.4623476875304, 1656.5963712993623, 1865.8365585266113, 2242.429498416901, 2239.291859584045, 2885.8303957946778, 2760.414022064209, 3442.4244559135436, 4028.669055834961, 4085.14082850647, 3257.9798835754395, 3003.027189375305, 3003.6601189613343, 3139.09115256958, 2567.446482513428, 2865.2660782909393, 2770.8814842163088, 2779.032505187988, 3105.8316941806793, 2996.100972120285, 2863.076630982971, 2656.238271812439, 2884.0719934204103, 3007.7797568359374, 3096.9858081390385, 3074.9024168960573, 3054.8527344795225, 3421.4098291580203, 3152.3908583419798, 2855.5297384117125, 2873.122043513489, 2381.9042365854266, 2037.9772075443266, 1991.2078771820068, 2043.732229855919, 1795.2803203674316, 2233.191357721138]
shares:[0, 2.1319, 4.158, 6.3155, 8.3971, 10.232, 12.0629, 13.9619, 15.8172, 17.4075, 19.0222, 20.6866, 22.3029, 24.0164, 25.6861, 27.2991, 29.0529, 30.6982, 32.1311, 33.6331, 34.8404, 36.15, 37.2315, 38.1792, 39.1372, 40.3765, 41.7673, 43.2057, 44.6274, 46.436, 48.1153, 49.9168, 51.78, 53.5027, 55.3501, 57.3533, 59.597, 61.7376, 63.8608, 65.9916, 68.2099, 70.5183, 72.6414, 75.0212, 77.7438, 80.5473, 84.0771, 88.4155, 93.0906, 97.8799, 103.6536, 108.5127]
growth_rate:-56.21
