ticker:DALI
price:[17.709999084472656, 17.68000030517578, 17.882999420166016, 17.409000396728516, 18.290000915527344, 19.174999237060547, 19.270000457763672, 18.86400032043457, 18.450000762939453, 19.520000457763672, 19.219999313354492, 19.920000076293945, 20.600000381469727, 21.030000686645508, 21.055999755859375, 21.8799991607666, 21.9950008392334, 21.740999221801758, 22.600000381469727, 22.687999725341797, 23.350000381469727, 22.118999481201172, 23.660999298095703, 24.541000366210938, 24.389999389648438, 23.381999969482422, 22.90999984741211, 23.988000869750977, 23.74799919128418, 23.582000732421875, 24.09000015258789, 24.562999725341797, 24.72800064086914, 24.795000076293945, 24.6200008392334, 24.628999710083008, 24.08099937438965, 24.099000930786133, 24.740999221801758, 24.843000411987305, 25.06399917602539, 24.445999145507812, 25.368999481201172, 25.433000564575195, 25.30299949645996, 24.43000030517578, 25.295000076293945, 25.398000717163086, 25.6299991607666, 25.648000717163086, 25.152999877929688, 25.69499969482422]
assets:[0, 99.99984972610474, 201.14797747802734, 295.8172165412903, 410.7879335624695, 530.6642688858033, 633.2931490440368, 719.9502314294815, 804.1506632530212, 950.787990296936, 1036.175148982048, 1173.913492496109, 1313.9875043323518, 1441.415174063301, 1543.1963277069092, 1703.587674656868, 1812.5420341587067, 1891.610422891617, 2066.349674878311, 2174.3952056770327, 2337.8417331933974, 2314.59182701149, 2575.951698684311, 2771.7562912612916, 2854.7006495620726, 2836.7206036975863, 2879.457076821899, 3114.947460140991, 3183.782635979271, 3261.5274768981935, 3431.7867427371975, 3599.1696800548552, 3723.3469852970125, 3833.4359457954406, 3906.3792111585617, 4007.80816162262, 4018.634767498207, 4121.637669791794, 4331.438897059822, 4449.296907585525, 4588.877378741455, 4575.728782058715, 4848.49273804779, 4960.724563220787, 5035.367748194122, 4961.637784980011, 5237.317118296623, 5358.642897711944, 5507.592074658393, 5611.459392106247, 5603.160227107239, 5823.897586330414]
shares:[0, 5.6561, 11.248, 16.9922, 22.4597, 27.6748, 32.8642, 38.1653, 43.5854, 48.7084, 53.9113, 58.9314, 63.7858, 68.5409, 73.2901, 77.8605, 82.407, 87.0066, 91.4314, 95.839, 100.1217, 104.6427, 108.8691, 112.9439, 117.0439, 121.3207, 125.6856, 129.8544, 134.0653, 138.3058, 142.4569, 146.5281, 150.5721, 154.6052, 158.6669, 162.7272, 166.8799, 171.0294, 175.0713, 179.0966, 183.0864, 187.177, 191.1188, 195.0507, 199.0028, 203.0961, 207.0495, 210.9868, 214.8885, 218.7874, 222.7631, 226.6549]
growth_rate:14.19
