ticker:DAPP
price:[31.770000457763672, 28.81999969482422, 30.6200008392334, 28.40999984741211, 25.1299991607666, 22.895999908447266, 24.8799991607666, 25.240999221801758, 24.610000610351562, 25.209999084472656, 24.19499969482422, 25.510000228881836, 24.360000610351562, 21.040000915527344, 22.040000915527344, 23.972000122070312, 27.8799991607666, 27.709999084472656, 26.34000015258789, 27.959999084472656, 28.06999969482422]
assets:[0, 99.99963494110108, 206.2440776527405, 291.3587534351349, 357.7205120536804, 425.9205486968994, 562.8278770151138, 670.9941028127671, 754.2202277053833, 872.6088243103027, 937.4763946754455, 1088.4275267656326, 1139.3610765472413, 1084.0797351722717, 1235.6043273262023, 1443.91507215271, 1779.3071224399566, 1868.4575282669068, 1876.0796808681487, 2091.463851516724, 2199.691491085053]
shares:[0, 3.4698, 6.7356, 10.2555, 14.2348, 18.6024, 22.6217, 26.5835, 30.6469, 34.6136, 38.7467, 42.6667, 46.7718, 51.5247, 56.0619, 60.2334, 63.8202, 67.429, 71.2255, 74.802, 78.3645]
growth_rate:9.98
