ticker:DDG
price:[30.790000915527344, 32.849998474121094, 31.84000015258789, 34.61000061035156, 35.470001220703125, 33.630001068115234, 34.130001068115234, 33.86000061035156, 35.75, 35.290000915527344, 29.670000076293945, 27.93000030517578, 25.579999923706055, 24.40999984741211, 24.040000915527344, 24.969999313354492, 25.450000762939453, 25.510000228881836, 23.260000228881836, 22.469999313354492, 22.729999542236328, 24.260000228881836, 22.399999618530273, 21.309999465942383, 20.56999969482422, 19.6299991607666, 17.93000030517578, 17.690000534057617, 19.030000686645508, 18.5, 18.520000457763672, 19.270000457763672, 19.15999984741211, 19.440000534057617, 18.719999313354492, 17.200000762939453, 17.219999313354492, 17.579999923706055, 17.540000915527344, 16.440000534057617, 16.510000228881836, 17.350000381469727, 16.25, 16.3799991607666, 16.899999618530273, 18.299999237060547, 18.219999313354492, 17.959999084472656, 17.860000610351562, 17.8799991607666, 19.149999618530273, 17.790000915527344]
assets:[0, 99.99868035507201, 196.9240329437256, 314.0546065383911, 421.85891251831055, 499.9738628795624, 607.40821600914, 702.601784664917, 841.8195499999999, 930.9890431526184, 882.7270072698593, 930.9599771720885, 952.6298931587219, 1009.0581326923369, 1093.762345654297, 1236.0748940093995, 1359.836805765152, 1463.0418801267624, 1433.9999481107711, 1485.2961656118391, 1602.4831517272949, 1810.3491450798035, 1771.5510098306656, 1785.3453622568131, 1823.3473999488829, 1840.0238603342054, 1780.6731553077698, 1856.8379820575715, 2097.492384682274, 2139.07545, 2241.3886114009856, 2432.1573267765043, 2518.2735039447784, 2655.074448940468, 2656.738558551407, 2541.0214727119446, 2643.975914571762, 2799.2510818517685, 2892.882874998474, 2811.4587433309553, 2923.4290425281524, 3172.168234745598, 3071.0501249999998, 3195.6182622716906, 3397.067233320808, 3778.4813624725343, 3861.9638924566266, 3906.8529688446047, 3985.100150187683, 4089.561684048271, 4480.039000757218, 4261.874022328949]
shares:[0, 3.0441, 6.1848, 9.0741, 11.8934, 14.8669, 17.7969, 20.7502, 23.5474, 26.3811, 29.7515, 33.3319, 37.2412, 41.3379, 45.4976, 49.5024, 53.4317, 57.3517, 61.6509, 66.1013, 70.5008, 74.6228, 79.0871, 83.7797, 88.6411, 93.7353, 99.3125, 104.9654, 110.2203, 115.6257, 121.0253, 126.2147, 131.4339, 136.5779, 141.9198, 147.7338, 153.541, 159.2293, 164.9306, 171.0133, 177.0702, 182.8339, 188.9877, 195.0927, 201.0099, 206.4744, 211.9629, 217.5308, 223.1299, 228.7227, 233.9446, 239.5657]
growth_rate:-16.43
