ticker:DFEN
price:[12.279999732971191, 11.420000076293945, 11.9399995803833, 10.449999809265137, 10.899999618530273, 11.550000190734863, 11.859999656677246, 11.630000114440918, 8.890000343322754, 10.779999732971191, 14.300000190734863, 15.09000015258789, 16.799999237060547, 17.860000610351562, 17.639999389648438, 16.56999969482422, 16.6299991607666, 16.90999984741211, 16.020000457763672, 16.469999313354492, 16.280000686645508, 13.8100004196167, 17.190000534057617, 18.219999313354492, 18.760000228881836, 16.790000915527344, 18.0, 22.34000015258789, 21.209999084472656, 20.559999465942383, 21.6200008392334, 22.440000534057617, 22.530000686645508, 22.1299991607666, 22.739999771118164, 23.469999313354492, 22.31999969482422, 22.309999465942383, 25.020000457763672, 26.100000381469727, 26.020000457763672, 23.649999618530273, 26.239999771118164, 24.790000915527344, 24.950000762939453, 21.450000762939453, 22.510000228881836, 23.139999389648438, 23.40999984741211, 22.889999389648438, 20.610000610351562, 22.110000610351562]
assets:[0, 100.00037266807557, 204.55368481121062, 279.02753490715025, 391.04293631458285, 514.361933494091, 628.1672538158417, 715.9858380454064, 647.3013719981193, 884.9161640799523, 1273.868326990986, 1444.2427886039734, 1707.9047224388123, 1915.6654514663696, 1992.0674910736084, 1971.2334436950684, 2078.3707311149597, 2213.3650990276333, 2196.8723247745515, 2358.581310669136, 2431.3725185485837, 2162.484488707066, 2791.7523507339474, 3059.0303867162706, 3249.693535647965, 3008.440759044647, 3325.2498, 4227.005044871521, 4113.195734454345, 4087.142853834152, 4397.860576713753, 4664.661255015945, 4783.369228782463, 4798.445505029106, 5030.711025365066, 5292.207899169541, 5132.896849819183, 5230.597222789764, 5965.959061152649, 6323.481992422104, 6404.099756665802, 5920.789229498863, 6669.197701827049, 6400.664202384949, 6541.975030045318, 5724.263033602143, 6107.140891097451, 6378.064147769164, 6552.484708290482, 6506.935548495483, 5958.800474465943, 6492.482285226441]
shares:[0, 8.7566, 17.1318, 26.7012, 35.8755, 44.5335, 52.9652, 61.5637, 72.8123, 82.0887, 89.0817, 95.7086, 101.661, 107.2601, 112.929, 118.964, 124.9772, 130.8909, 137.1331, 143.2047, 149.3472, 156.5883, 162.4056, 167.8941, 173.2246, 179.1805, 184.7361, 189.2124, 193.9272, 198.791, 203.4163, 207.8726, 212.3111, 216.8299, 221.2274, 225.4882, 229.9685, 234.4508, 238.4476, 242.279, 246.1222, 250.3505, 254.1615, 258.1954, 262.2034, 266.8654, 271.3079, 275.6294, 279.9011, 284.2698, 289.1218, 293.6446]
growth_rate:27.3
