ticker:DFNL
price:[20.3700008392334, 19.770000457763672, 19.700000762939453, 18.5310001373291, 19.3700008392334, 20.25, 19.976999282836914, 20.489999771118164, 19.290000915527344, 20.339000701904297, 22.347000122070312, 22.354999542236328, 23.325000762939453, 23.709999084472656, 23.350000381469727, 23.381999969482422, 23.790000915527344, 23.854999542236328, 25.236000061035156, 25.110000610351562, 24.6299991607666, 23.559999465942383, 25.177000045776367, 25.615999221801758, 26.274999618530273, 26.399999618530273, 27.7549991607666, 28.649999618530273, 28.139999389648438, 28.3799991607666, 28.422000885009766, 28.940000534057617, 29.259000778198242, 29.08300018310547, 30.020000457763672, 31.047000885009766, 31.05500030517578, 30.834999084472656, 31.082000732421875, 31.43600082397461, 30.690000534057617, 29.0, 30.506999969482422, 30.200000762939453, 30.06800079345703, 29.569000244140625, 29.55500030517578, 29.829999923706055, 30.760000228881836, 31.5, 30.565000534057617, 31.552000045776367]
assets:[0, 100.0006163154602, 199.6457177318573, 287.79940383281706, 400.8292383665085, 519.0399, 612.0433178279876, 727.7597138706208, 785.1377592636109, 927.8347035198211, 1119.437215914917, 1219.838553521347, 1372.7672624019624, 1495.4252072563172, 1572.7205956935884, 1674.8760398139955, 1804.1004454284669, 1909.0297353668211, 2119.546409126282, 2208.9644186935425, 2266.7382307640073, 2268.2648645830154, 2523.9439005889894, 2667.9524277492524, 2836.588526317406, 2950.0837973724365, 3201.5002961956025, 3404.7373046665193, 3444.1305032974246, 3573.5044883268356, 3678.793157950973, 3845.83956497097, 3988.232952174568, 4064.2416684883115, 4295.183613495637, 4542.123449575424, 4643.293957629395, 4710.40071264267, 4848.133175842286, 5003.350747543716, 4984.61771374073, 4810.1314, 5160.091256338119, 5208.165291573334, 5285.401288275147, 5297.685575241089, 5395.1766407089235, 5545.376104817009, 5818.263271293067, 6058.234350000001, 5978.410183459854, 6271.464841098785]
shares:[0, 5.0582, 10.1343, 15.5307, 20.6933, 25.6316, 30.6374, 35.5178, 40.7018, 45.6185, 50.0934, 54.5667, 58.8539, 63.0715, 67.3542, 71.631, 75.8344, 80.0264, 83.989, 87.9715, 92.0316, 96.2761, 100.248, 104.1518, 107.9577, 111.7456, 115.3486, 118.839, 122.3927, 125.9163, 129.4347, 132.8901, 136.3079, 139.7463, 143.0774, 146.2983, 149.5184, 152.7615, 155.9788, 159.1599, 162.4183, 165.8666, 169.1445, 172.4558, 175.7816, 179.1635, 182.547, 185.8993, 189.1503, 192.3249, 195.5966, 198.766]
growth_rate:22.97
