ticker:DIG
price:[31.735000610351562, 27.614999771118164, 29.149999618530273, 24.114999771118164, 22.764999389648438, 25.174999237060547, 24.280000686645508, 24.520000457763672, 21.815000534057617, 22.145000457763672, 29.450000762939453, 32.68000030517578, 38.21500015258789, 41.209999084472656, 42.06999969482422, 38.665000915527344, 36.900001525878906, 36.46500015258789, 43.494998931884766, 46.10499954223633, 44.595001220703125, 39.03499984741211, 45.4900016784668, 49.880001068115234, 53.01499938964844, 57.01499938964844, 68.86000061035156, 70.4800033569336, 60.084999084472656, 63.0, 62.52000045776367, 57.564998626708984, 57.96500015258789, 56.099998474121094, 60.0099983215332, 70.71499633789062, 70.0999984741211, 66.78500366210938, 66.80999755859375, 75.91000366210938, 75.44999694824219, 67.37000274658203, 76.05000305175781, 74.47000122070312, 69.56999969482422, 59.13999938964844, 58.779998779296875, 60.470001220703125, 60.880001068115234, 60.459999084472656, 52.38999938964844, 60.279998779296875]
assets:[0, 99.9994371711731, 205.55705230998993, 270.05182493686675, 354.93365848388675, 492.5085800743103, 574.9989762611389, 680.6825687076569, 705.5909217737197, 816.2647168731689, 1185.5274507125855, 1415.5538212188721, 1755.306673008728, 1992.8743457260132, 2134.4635045166015, 2061.7067783180237, 2067.591955498505, 2143.2194444683078, 2656.4048657661438, 2915.8092650497438, 2920.3125739379884, 2656.2146346168515, 3195.458814904404, 3603.8350651714327, 3930.3412007507322, 4326.8854081802365, 5325.804597206115, 5551.096688396454, 4832.372102368165, 5166.8127, 5227.447286274719, 4913.149606790161, 5047.29079528656, 4984.89439441452, 5432.327085058975, 6501.38119031372, 6544.837287537384, 6335.332303393554, 6437.70446875, 7414.5627446990975, 7469.632692872619, 6769.701673991394, 7741.91312566986, 7681.066782907104, 7275.665353084564, 6284.8905311370845, 6346.635174197388, 6629.10854182129, 6774.056838848114, 6827.324476615906, 6016.037931912231, 7022.059253799439]
shares:[0, 3.6212, 7.0517, 11.1985, 15.5912, 19.5634, 23.682, 27.7603, 32.3443, 36.86, 40.2556, 43.3156, 45.9324, 48.359, 50.736, 53.3223, 56.0323, 58.7747, 61.0738, 63.2428, 65.4852, 68.047, 70.2453, 72.2501, 74.1364, 75.8903, 77.3425, 78.7613, 80.4256, 82.0129, 83.6124, 85.3496, 87.0748, 88.8573, 90.5237, 91.9378, 93.3643, 94.8616, 96.3584, 97.6757, 99.0011, 100.4854, 101.8003, 103.1431, 104.5805, 106.2714, 107.9727, 109.6264, 111.269, 112.923, 114.8318, 116.4907]
growth_rate:37.69
