ticker:DINT
price:[20.440000534057617, 20.059999465942383, 20.155000686645508, 19.530000686645508, 20.149999618530273, 21.04800033569336, 20.959999084472656, 21.329999923706055, 20.621000289916992, 22.268999099731445, 22.479999542236328, 22.93000030517578, 23.190000534057617, 22.829999923706055, 22.7450008392334, 22.937000274658203, 22.8799991607666, 23.29400062561035, 24.229999542236328, 24.18000030517578, 24.75, 23.75, 24.8700008392334, 25.790000915527344, 25.639999389648438, 24.440000534057617, 24.549999237060547, 24.610000610351562, 24.6200008392334, 23.854999542236328, 24.3799991607666, 24.420000076293945, 24.649999618530273, 24.69499969482422, 24.320999145507812, 24.514999389648438, 23.465999603271484, 23.56999969482422, 23.684999465942383, 23.6200008392334, 23.31999969482422, 22.690000534057617, 23.56999969482422, 22.90999984741211, 22.309999465942383, 22.040000915527344, 20.729999542236328, 20.200000762939453, 20.610000610351562, 20.68000030517578, 19.45400047302246, 20.190000534057617]
assets:[0, 99.99909733772279, 200.47171432971956, 294.2546143455505, 403.59643235931395, 521.5820771186828, 619.4015089447022, 730.3349313877106, 806.0584045326233, 970.4763000665665, 1079.6716660144807, 1201.2843719879152, 1314.9054962818145, 1394.4929233398439, 1489.3017139514923, 1601.8742251815795, 1697.8927057216645, 1828.6163195114134, 2002.0933631755827, 2097.960800478363, 2247.416325, 2256.611, 2463.027890114403, 2654.141838220215, 2738.70576680603, 2710.530479229927, 2822.729452278137, 2929.6286146575926, 3030.818121312904, 3036.6436362285613, 3203.473377726746, 3308.7293023372654, 3439.8926567661283, 3546.1723221771244, 3592.4669442825316, 3721.121951354981, 3661.8950506900787, 3778.1248170822146, 3896.5590036390304, 3985.8656936203, 4035.2414431930542, 4026.2271447658536, 4282.379033553314, 4262.4650376106265, 4250.833517243385, 4299.3892625938415, 4143.843988494873, 4137.899456285477, 4321.886212989807, 4436.565253470611, 4273.545881510925, 4535.22530696392]
shares:[0, 4.985, 9.9465, 15.0668, 20.0296, 24.7806, 29.5516, 34.2398, 39.0892, 43.5797, 48.0281, 52.3892, 56.7014, 61.0816, 65.4782, 69.838, 74.2086, 78.5016, 82.6287, 86.7643, 90.8047, 95.0152, 99.0361, 102.9136, 106.8138, 110.9055, 114.9788, 119.0422, 123.1039, 127.2959, 131.3976, 135.4926, 139.5494, 143.5988, 147.7105, 151.7896, 156.0511, 160.2938, 164.5159, 168.7496, 173.0378, 177.445, 181.6877, 186.0526, 190.5349, 195.0721, 199.896, 204.8465, 209.6985, 214.5341, 219.6744, 224.6273]
growth_rate:-11.07
