ticker:DMXF
price:[55.369998931884766, 55.56100082397461, 56.358001708984375, 54.5369987487793, 55.38999938964844, 56.77000045776367, 56.1619987487793, 56.20399856567383, 53.28099822998047, 57.630001068115234, 59.52000045776367, 60.2599983215332, 61.16999816894531, 61.45500183105469, 61.41999816894531, 62.56999969482422, 62.36600112915039, 63.209999084472656, 65.03900146484375, 64.36000061035156, 64.89900207519531, 62.689998626708984, 64.63300323486328, 66.36799621582031, 66.18900299072266, 63.810001373291016, 63.599998474121094, 65.01100158691406, 65.16899871826172, 65.46299743652344, 65.88999938964844, 66.93099975585938, 67.9000015258789, 67.8499984741211, 66.69200134277344, 68.54900360107422, 67.76000213623047, 68.1500015258789, 69.0, 69.40699768066406, 69.13999938964844, 67.04000091552734, 68.6500015258789, 68.09500122070312, 68.48999786376953, 67.40499877929688, 68.58000183105469, 68.56500244140625, 69.4020004272461, 70.4229965209961, 69.36699676513672, 70.43000030517578]
assets:[0, 99.9986892829895, 201.43476970825193, 294.92518183364865, 399.5391435974121, 509.49372310829165, 604.039145142746, 704.4890200214386, 767.8484497917176, 930.5228122463226, 1061.03924016037, 1174.2323532932282, 1291.965414326477, 1397.9845271530153, 1497.1861593658448, 1625.218200073242, 1719.9171059394837, 1843.1909313034057, 1996.5217396667479, 2075.6808156845095, 2193.067078125, 2218.423519403076, 2387.1811946777343, 2551.265416131592, 2644.3830474853517, 2649.3402090179443, 2740.6193342475894, 2901.4214975234986, 3008.4746906295777, 3122.0481811431887, 3242.4139249649047, 3393.6426392211915, 3542.7776396148683, 3640.165988136291, 3678.037197253418, 3880.44941545105, 3935.785516081238, 4058.4416308685304, 4209.0621, 4333.890927076721, 4417.216281005859, 4383.048443856811, 4588.3120969841, 4651.215439379883, 4778.197851966095, 4802.5050555267335, 4986.225619129944, 5085.137119067383, 5247.214584502411, 5424.408772325897, 5443.068692067718, 5626.476649379731]
shares:[0, 1.7998, 3.5742, 5.4078, 7.2132, 8.9747, 10.7553, 12.5345, 14.4113, 16.1465, 17.8266, 19.4861, 21.1209, 22.7481, 24.3762, 25.9744, 27.5778, 29.1598, 30.6973, 32.2511, 33.792, 35.3872, 36.9344, 38.4412, 39.952, 41.5192, 43.0915, 44.6297, 46.1642, 47.6918, 49.2095, 50.7036, 52.1764, 53.6502, 55.1496, 56.6084, 58.0842, 59.5516, 61.0009, 62.4417, 63.888, 65.3796, 66.8363, 68.3048, 69.7649, 71.2485, 72.7067, 74.1652, 75.6061, 77.0261, 78.4677, 79.8875]
growth_rate:10.32
