ticker:DPST
price:[62.97999954223633, 51.529998779296875, 51.81999969482422, 40.47999954223633, 49.2599983215332, 60.45000076293945, 59.0099983215332, 73.79000091552734, 65.87000274658203, 64.88999938964844, 90.58000183105469, 93.4800033569336, 103.25, 112.5, 110.2699966430664, 108.79000091552734, 116.8499984741211, 120.12000274658203, 156.25999450683594, 166.64999389648438, 162.49000549316406, 132.9199981689453, 168.5, 186.6699981689453, 211.9199981689453, 215.3800048828125, 244.72000122070312, 287.25, 268.5, 246.0, 236.42999267578125, 242.8699951171875, 244.88999938964844, 242.8300018310547, 249.47999572753906, 275.70001220703125, 278.6400146484375, 270.54998779296875, 271.1600036621094, 271.6099853515625, 246.7899932861328, 195.4199981689453, 234.5, 211.77000427246094, 203.7100067138672, 178.55999755859375, 175.6199951171875, 180.74000549316406, 208.0800018310547, 210.13999938964844, 194.52000427246094, 217.5500030517578]
assets:[0, 99.99911563110352, 200.56412681884765, 256.6755810974121, 412.3455939498901, 606.0173026485443, 691.5794773288726, 964.7968829704284, 961.2409500808716, 1046.941739152527, 1561.4271295639037, 1711.413205458069, 1990.277975, 2268.585, 2323.6203962623595, 2392.4335471336362, 2669.683600138092, 2844.393617037964, 3800.1805624084473, 4152.867852902222, 4149.198539268494, 3494.121159866333, 4529.43165, 5117.856671798706, 5910.1308689346315, 6106.626202441406, 7038.489843109131, 8361.703875000001, 7915.89015, 7352.5464, 7166.524079992676, 7461.719146984863, 7623.7685269989015, 7659.635313757324, 7969.388983520507, 8906.957584368896, 9101.943262499999, 8937.672956738283, 9057.828762329102, 9172.866747290038, 8434.640316537476, 6778.943858482361, 8234.58475, 7536.407381047058, 7349.571848226929, 6542.188326550292, 6534.468778320313, 6824.977569429016, 7957.3746220230105, 8136.15846836853, 7631.38935561676, 8634.90770112915]
shares:[0, 1.9406, 3.8704, 6.3408, 8.3708, 10.0251, 11.7197, 13.0749, 14.593, 16.1341, 17.2381, 18.3078, 19.2763, 20.1652, 21.0721, 21.9913, 22.8471, 23.6796, 24.3196, 24.9197, 25.5351, 26.2874, 26.8809, 27.4166, 27.8885, 28.3528, 28.7614, 29.1095, 29.4819, 29.8884, 30.3114, 30.7231, 31.1314, 31.5432, 31.944, 32.3067, 32.6656, 33.0352, 33.404, 33.7722, 34.1774, 34.6891, 35.1155, 35.5877, 36.0786, 36.6386, 37.208, 37.7613, 38.2419, 38.7178, 39.2319, 39.6916]
growth_rate:69.31
