ticker:DRIP
price:[54.91999816894531, 66.18000030517578, 57.7400016784668, 70.5, 72.05999755859375, 61.11000061035156, 64.44000244140625, 59.599998474121094, 71.61000061035156, 71.08999633789062, 43.88999938964844, 38.02000045776367, 29.670000076293945, 25.670000076293945, 24.100000381469727, 26.219999313354492, 26.280000686645508, 26.559999465942383, 20.790000915527344, 18.170000076293945, 18.739999771118164, 20.84000015258789, 17.399999618530273, 14.630000114440918, 13.720000267028809, 12.5600004196167, 9.90999984741211, 9.770000457763672, 11.149999618530273, 10.989999771118164, 10.319999694824219, 12.15999984741211, 12.300000190734863, 12.75, 11.260000228881836, 9.59000015258789, 9.529999732971191, 9.399999618530273, 8.8100004196167, 7.420000076293945, 7.25, 8.239999771118164, 6.71999979019165, 7.039999961853027, 7.460000038146973, 9.579999923706055, 9.460000038146973, 9.229999542236328, 9.25, 9.649999618530273, 11.5, 8.65999984741211]
assets:[0, 99.9979804611206, 187.24505144309998, 328.62165, 435.89092523193364, 469.6547986907959, 595.2451905517578, 650.5399433448792, 881.6336835144043, 975.2338967620849, 702.0951532363891, 708.1947465267181, 652.6598926782608, 664.6707449754715, 724.019441460228, 887.7095407527923, 989.7416178600312, 1100.287817875862, 961.2568773307801, 940.1176209474563, 1069.6098489362716, 1289.4708414413453, 1176.6210342042923, 1089.3088445209503, 1121.5523978284837, 1126.727493642807, 989.0021287719727, 1075.0302763694763, 1326.8767146041869, 1407.8365546798705, 1422.0082379493715, 1775.5448097198484, 1895.9872194008826, 2065.3521, 1923.989483108902, 1738.6372986637116, 1827.759601786518, 1902.8268827796937, 1883.3939607052803, 1686.241021338272, 1747.607425, 2086.245990050507, 1801.4048077574728, 1987.1857172322273, 2205.739241279125, 2932.5711386453627, 2995.8372740805626, 3022.9992970737453, 3129.549725, 3364.881526984406, 4109.9631500000005, 3194.9805077049255]
shares:[0, 1.511, 3.2429, 4.6613, 6.049, 7.6854, 9.2372, 10.9151, 12.3116, 13.7183, 15.9967, 18.6269, 21.9973, 25.8929, 30.0423, 33.8562, 37.6614, 41.4265, 46.2365, 51.7401, 57.0763, 61.8748, 67.6219, 74.4572, 81.7458, 89.7076, 99.7984, 110.0338, 119.0024, 128.1016, 137.7915, 146.0152, 154.1453, 161.9884, 170.8694, 181.2969, 191.7901, 202.4284, 213.7791, 227.2562, 241.0493, 253.1852, 268.0662, 282.2707, 295.6755, 306.1139, 316.6847, 327.5189, 338.3297, 348.6924, 357.3881, 368.9354]
growth_rate:-37.35
