ticker:DTEC
price:[37.76499938964844, 37.28300094604492, 37.45000076293945, 37.470001220703125, 38.75, 40.869998931884766, 40.94499969482422, 40.452999114990234, 37.540000915527344, 41.202999114990234, 40.8849983215332, 41.55500030517578, 42.94499969482422, 43.5099983215332, 43.130001068115234, 45.599998474121094, 46.20000076293945, 46.2400016784668, 48.369998931884766, 46.84000015258789, 48.619998931884766, 46.66999816894531, 49.40999984741211, 50.930999755859375, 49.970001220703125, 46.400001525878906, 43.83000183105469, 45.52000045776367, 44.68000030517578, 44.720001220703125, 45.88999938964844, 46.900001525878906, 47.529998779296875, 47.880001068115234, 46.56999969482422, 45.24399948120117, 44.220001220703125, 45.20000076293945, 46.202999114990234, 46.13800048828125, 47.172000885009766, 47.33000183105469, 48.70000076293945, 48.80400085449219, 49.0, 47.808998107910156, 49.152000427246094, 49.5099983215332, 50.099998474121094, 49.63600158691406, 49.27899932861328, 50.89699935913086]
assets:[0, 100.00046513748168, 200.44738408355713, 300.5543737915039, 410.81975000000006, 533.2962680625916, 634.2748957725524, 726.6531778026581, 774.3263368843078, 949.8815806972503, 1042.551103199768, 1159.6338385162353, 1298.4248877731322, 1415.5064243946074, 1503.145232225418, 1689.229143474579, 1811.455829914093, 1913.022853440857, 2101.144383602142, 2134.6814829540253, 2315.8045831249237, 2322.9244868621827, 2559.3045850963595, 2738.0861985748293, 2786.4222110687256, 2687.353528374481, 2638.5047482269288, 2840.2386365623474, 2887.824799724579, 2990.40859362793, 3168.644800856018, 3338.3843186134336, 3483.2264545410158, 3608.878472507477, 3610.13897534256, 3607.344798235703, 3625.699606088257, 3806.0525042430877, 3990.5114508625034, 4084.897080230713, 4276.4437810317995, 4390.766405865478, 4617.860692343902, 4727.7216491760255, 4846.707600000001, 4828.904825791168, 5064.5533112228395, 5201.441207662964, 5363.425276647949, 5413.754020683289, 5474.817979010009, 5754.577617941284]
shares:[0, 2.6822, 5.3524, 8.0212, 10.6018, 13.0486, 15.4909, 17.9629, 20.6267, 23.0537, 25.4996, 27.906, 30.2346, 32.5329, 34.8515, 37.0445, 39.209, 41.3716, 43.439, 45.5739, 47.6307, 49.7734, 51.7973, 53.7607, 55.7619, 57.9171, 60.1986, 62.3954, 64.6335, 66.8696, 69.0487, 71.1809, 73.2848, 75.3734, 77.5207, 79.7309, 81.9923, 84.2047, 86.3691, 88.5365, 90.6564, 92.7692, 94.8226, 96.8716, 98.9124, 101.0041, 103.0386, 105.0584, 107.0544, 109.0691, 111.0984, 113.0632]
growth_rate:12.83
