ticker:DUG
price:[45.29999923706055, 51.41999816894531, 48.220001220703125, 56.91999816894531, 59.709999084472656, 53.369998931884766, 55.130001068115234, 53.939998626708984, 59.7400016784668, 58.279998779296875, 40.040000915527344, 35.290000915527344, 29.219999313354492, 26.360000610351562, 25.649999618530273, 27.649999618530273, 28.6299991607666, 28.829999923706055, 23.8799991607666, 22.209999084472656, 22.84000015258789, 25.81999969482422, 21.950000762939453, 19.81999969482422, 18.530000686645508, 16.8700008392334, 13.869999885559082, 13.489999771118164, 15.579999923706055, 14.630000114440918, 14.710000038146973, 15.930000305175781, 15.760000228881836, 16.18000030517578, 15.0, 12.579999923706055, 12.609999656677246, 13.15999984741211, 13.109999656677246, 11.4399995803833, 11.5, 12.75, 11.130000114440918, 11.300000190734863, 11.989999771118164, 14.010000228881836, 13.930000305175781, 13.479999542236328, 13.289999961853027, 13.350000381469727, 15.289999961853027, 13.149999618530273]
assets:[0, 100.00161243896484, 193.7768969055176, 328.7414494247437, 444.8574061790467, 497.62187004089355, 614.0324388965606, 700.7776741584778, 876.1289426158904, 954.7196280029297, 755.9191812843324, 766.2447318786622, 734.4476047410965, 762.5605496566773, 842.0202324773788, 1007.6738210977554, 1143.3876874837877, 1251.3747956884383, 1136.5184120584488, 1157.0387863052367, 1289.8593166172027, 1558.1517755836487, 1424.609924516678, 1386.3673566535952, 1396.1354897350311, 1371.0637692064286, 1227.2467168740272, 1293.6235280513763, 1594.0443221940995, 1596.8469564910888, 1705.5789034230231, 1947.0347292999268, 2026.2569254272462, 2180.256659122467, 2121.252, 1879.0230106042864, 1983.5037669966698, 2170.016858839035, 2261.7725377690313, 2073.6600839385987, 2184.53655, 2521.9856999999997, 2301.5448986649512, 2436.699271129513, 2685.4889747356415, 3237.924004898071, 3319.4354927215577, 3312.2030395217894, 3365.5183913397786, 3480.7122244596485, 4086.5231228045463, 3614.5706401445386]
shares:[0, 1.9448, 4.0186, 5.7755, 7.4503, 9.324, 11.1379, 12.9918, 14.6657, 16.3816, 18.8791, 21.7128, 25.1351, 28.9287, 32.8273, 36.4439, 39.9367, 43.4053, 47.5929, 52.0954, 56.4737, 60.3467, 64.9025, 69.9479, 75.3446, 81.2723, 88.4821, 95.895, 102.3135, 109.1488, 115.9469, 122.2244, 128.5696, 134.7501, 141.4168, 149.3659, 157.2961, 164.8949, 172.5227, 181.264, 189.9597, 197.8028, 206.7875, 215.6371, 223.9774, 231.1152, 238.294, 245.7124, 253.2369, 260.7275, 267.2677, 274.8723]
growth_rate:-29.13
