ticker:DUSL
price:[20.290000915527344, 20.020000457763672, 21.0, 19.290000915527344, 20.100000381469727, 22.459999084472656, 23.239999771118164, 22.79800033569336, 18.5, 22.648000717163086, 26.440000534057617, 27.190000534057617, 29.1200008392334, 29.486000061035156, 29.020000457763672, 29.0, 28.44300079345703, 29.1299991607666, 29.959999084472656, 29.149999618530273, 28.829999923706055, 25.260000228881836, 29.010000228881836, 30.290000915527344, 30.979000091552734, 30.6200008392334, 33.380001068115234, 37.040000915527344, 36.68000030517578, 38.97999954223633, 39.31999969482422, 41.560001373291016, 42.25, 42.68000030517578, 43.150001525878906, 47.650001525878906, 46.56999969482422, 44.27000045776367, 46.97999954223633, 47.25, 44.75, 39.83000183105469, 43.4900016784668, 44.619998931884766, 44.84000015258789, 42.790000915527344, 44.66999816894531, 44.38999938964844, 44.5099983215332, 46.34000015258789, 43.2599983215332, 46.119998931884766]
assets:[0, 99.99990228652955, 204.8949, 288.2099746788025, 400.3116075973511, 547.3142416900635, 666.3210054376602, 753.6471758972168, 711.5655, 971.1100339508057, 1233.7036449193954, 1368.6984038835524, 1565.852333127594, 1685.5318102890014, 1758.8935217449186, 1857.6820000000002, 1922.0016470169069, 2068.4251114088056, 2227.3611519355773, 2267.141220331192, 2342.252981801605, 2152.2126435012815, 2571.7220152902605, 2785.1928451835633, 2948.5471518138884, 3014.37679661808, 3386.0839983501432, 3857.356807343292, 3919.8669206130985, 4265.659309906006, 4402.864829827881, 4753.691141078949, 4932.615675, 5082.816720343781, 5238.7899052551265, 5885.127798457336, 5851.739340653229, 5662.7351305542, 6109.382496471406, 6244.493850000001, 6014.095700000001, 5452.882587678528, 6053.951750648118, 6311.2489769210815, 6442.369085923004, 6247.836497677612, 6622.3361625457765, 6680.828078140258, 6798.888890614699, 7178.42284163704, 6801.306654112625, 7350.955941755676]
shares:[0, 4.995, 9.7569, 14.9409, 19.916, 24.3684, 28.6713, 33.0576, 38.463, 42.8784, 46.6605, 50.3383, 53.7724, 57.1638, 60.6097, 64.058, 67.5738, 71.0067, 74.3445, 77.775, 81.2436, 85.2024, 88.6495, 91.9509, 95.1789, 98.4447, 101.4405, 104.1403, 106.8666, 109.432, 111.9752, 114.3814, 116.7483, 119.0913, 121.4088, 123.5074, 125.6547, 127.9136, 130.0422, 132.1586, 134.3932, 136.9039, 139.2033, 141.4444, 143.6746, 146.0116, 148.2502, 150.503, 152.7497, 154.9077, 157.2193, 159.3876]
growth_rate:44.14
