ticker:DWAW
price:[30.996000289916992, 29.851999282836914, 29.801000595092773, 30.479999542236328, 30.975000381469727, 32.417999267578125, 32.823001861572266, 32.516998291015625, 30.562000274658203, 33.4739990234375, 33.22999954223633, 33.939998626708984, 34.66999816894531, 35.31999969482422, 35.83599853515625, 37.5, 38.10900115966797, 37.17499923706055, 38.89699935913086, 38.83000183105469, 39.89400100708008, 37.900001525878906, 40.54999923706055, 41.525001525878906, 40.71799850463867, 38.32500076293945, 36.029998779296875, 37.678001403808594, 36.935001373291016, 36.5, 37.262001037597656, 37.69300079345703, 38.279998779296875, 38.61199951171875, 38.31999969482422, 37.604000091552734, 37.404998779296875, 37.06700134277344, 37.358001708984375, 37.834999084472656, 37.46500015258789, 35.70000076293945, 36.948001861572266, 36.91999816894531, 36.62900161743164, 35.70100021362305, 36.09000015258789, 36.400001525878906, 36.47100067138672, 36.5620002746582, 36.31999969482422, 37.17599868774414]
assets:[0, 100.00121239757537, 199.83060949039458, 304.38241942863465, 409.325337541008, 528.3939372619628, 634.9937940139771, 729.0733737823485, 785.2386416568756, 960.0577237915039, 1053.0586854934693, 1175.5593684341432, 1300.8426002975464, 1425.2326276855467, 1546.0545668029783, 1717.8449999999998, 1845.7446858665467, 1900.5086384960175, 2088.5432629890443, 2184.944788032532, 2344.813792592239, 2327.6134337112426, 2590.3623362628937, 2752.646673648834, 2799.1506636016843, 2734.645936938858, 2670.8893975097653, 2893.0563563896176, 2936.007581164551, 3001.42785, 3164.08791330719, 3300.6856162811277, 3452.0864619171143, 3582.027472302246, 3654.9385788925174, 3686.6472837757115, 3767.135977560425, 3833.094902156067, 3963.1871199005122, 4113.791883454895, 4173.563551998139, 4076.943657127762, 4319.465274430084, 4416.192964978028, 4481.386191585159, 4467.848083034134, 4616.531767518615, 4756.187999378204, 4865.464903967285, 4977.60556039238, 5044.659093612671, 5263.552621404648]
shares:[0, 3.3499, 6.7055, 9.9863, 13.2147, 16.2994, 19.346, 22.4213, 25.6933, 28.6807, 31.69, 34.6364, 37.5207, 40.352, 43.1425, 45.8092, 48.4333, 51.1233, 53.6942, 56.2695, 58.7761, 61.4146, 63.8807, 66.2889, 68.7448, 71.3541, 74.1296, 76.7837, 79.4912, 82.2309, 84.9146, 87.5676, 90.1799, 92.7698, 95.3794, 98.0387, 100.7121, 103.4099, 106.0867, 108.7298, 111.399, 114.2001, 116.9066, 119.6152, 122.3453, 125.1463, 127.9172, 130.6645, 133.4064, 136.1415, 138.8948, 141.5847]
growth_rate:3.21
