ticker:DWCR
price:[27.850000381469727, 27.850000381469727, 27.850000381469727, 27.242000579833984, 27.304000854492188, 27.304000854492188, 27.304000854492188, 27.304000854492188, 27.304000854492188, 27.304000854492188, 27.304000854492188, 27.304000854492188, 27.304000854492188, 27.304000854492188, 27.304000854492188, 31.8700008392334, 31.8700008392334, 32.4900016784668, 32.79999923706055, 32.70000076293945, 32.70000076293945, 32.2400016784668, 32.2400016784668, 33.939998626708984, 34.16999816894531, 34.16999816894531, 33.263999938964844, 32.59000015258789, 33.23099899291992, 33.46799850463867, 33.83000183105469, 34.334999084472656, 35.07400131225586, 35.07400131225586, 35.07400131225586, 35.099998474121094, 34.5629997253418, 34.59000015258789, 35.27000045776367, 36.41600036621094, 36.41600036621094, 36.380001068115234, 35.7400016784668, 35.7400016784668, 35.7400016784668, 35.7400016784668, 35.7400016784668, 35.7400016784668, 36.53499984741211, 36.375, 36.32699966430664, 36.099998474121094]
assets:[0, 100.00099636974335, 200.0019927394867, 295.63563869247434, 396.30938120269775, 496.3102843322754, 596.311187461853, 696.3120905914307, 796.3129937210083, 896.3138968505858, 996.3147999801636, 1096.3157031097412, 1196.3166062393188, 1296.3175093688965, 1396.3184124984741, 1729.820783551407, 1829.8192851846695, 1965.417671535492, 2084.1709915214537, 2177.8167808116914, 2277.8166531448364, 2345.7728501247407, 2445.771663330841, 2674.736623773956, 2792.860881340027, 2892.859380981445, 2916.158409049225, 2957.0699588451384, 3115.23003129158, 3237.446512149811, 3372.4655205352783, 3522.8086745658875, 3698.6306011802676, 3798.6300863216397, 3898.6295714630123, 4001.5191660446167, 4040.3006099933623, 4143.456561278153, 4324.913266132355, 4565.437549911499, 4665.435886917115, 4760.825183777618, 4777.072956346893, 4877.073481043243, 4977.074005739593, 5077.074530435943, 5177.0750551322935, 5277.075579828645, 5494.458438552475, 5570.39475, 5663.045039268494, 5727.658247902679]
shares:[0, 3.5907, 7.1814, 10.8522, 14.5147, 18.1772, 21.8397, 25.5022, 29.1647, 32.8272, 36.4897, 40.1522, 43.8147, 47.4772, 51.1397, 54.2774, 57.4151, 60.493, 63.5418, 66.5999, 69.658, 72.7597, 75.8614, 78.8078, 81.7343, 84.6608, 87.6671, 90.7355, 93.7447, 96.7326, 99.6886, 102.6011, 105.4522, 108.3033, 111.1544, 114.0034, 116.8967, 119.7877, 122.623, 125.369, 128.115, 130.8638, 133.6618, 136.4598, 139.2578, 142.0558, 144.8538, 147.6518, 150.3889, 153.138, 155.8908, 158.6609]
growth_rate:12.31
