ticker:DWEQ
price:[22.990999221801758, 22.527999877929688, 22.6299991607666, 23.33300018310547, 24.260000228881836, 24.981000900268555, 25.30699920654297, 25.256999969482422, 24.1299991607666, 26.6200008392334, 25.332000732421875, 26.08099937438965, 26.687000274658203, 26.940000534057617, 26.68899917602539, 27.84000015258789, 28.077999114990234, 27.739999771118164, 28.479999542236328, 28.051000595092773, 29.000999450683594, 27.65999984741211, 29.113000869750977, 29.799999237060547, 29.1299991607666, 28.020000457763672, 26.860000610351562, 27.850000381469727, 27.141000747680664, 26.440000534057617, 27.454999923706055, 27.531999588012695, 27.740999221801758, 27.700000762939453, 28.211999893188477, 28.70800018310547, 28.54400062561035, 27.66200065612793, 28.364999771118164, 28.374000549316406, 28.434999465942383, 26.597000122070312, 28.167999267578125, 28.23200035095215, 27.854999542236328, 26.43000030517578, 27.104999542236328, 27.26300048828125, 27.354999542236328, 27.267000198364258, 27.079999923706055, 27.8439998626709]
assets:[0, 99.9995386581421, 200.4520065662384, 306.67962120666505, 418.8634599517822, 531.3109157474518, 638.2450506889343, 736.9841049095154, 804.0984400337219, 987.0749551189422, 1039.3162596496582, 1170.0457939338685, 1297.231065050888, 1409.5304619424821, 1496.3988058013915, 1660.9344091033934, 1775.1332210483552, 1853.764320704651, 2003.2148158020018, 2073.0390714788437, 2243.2476082099915, 2239.5195476455688, 2457.163475107765, 2615.1466130470276, 2656.350058470726, 2655.130411376953, 2645.210464108276, 2842.7080239374163, 2870.339959672165, 2896.2032864999774, 3107.384346364975, 3216.098221074486, 3340.512870191002, 3435.575694625855, 3599.078177573776, 3762.352801197052, 3840.860743381691, 3822.180343460083, 4019.317631067467, 4120.59436797409, 4229.453099063682, 4056.0664559158326, 4395.644453704834, 4505.632455209541, 4545.465175800705, 4412.929931954193, 4625.633512379837, 4752.598023419189, 4868.634612027359, 4952.971511732292, 5019.0044778596875, 5260.603091254234]
shares:[0, 4.4389, 8.8578, 13.1436, 17.2656, 21.2686, 25.2201, 29.1794, 33.3236, 37.0802, 41.0278, 44.862, 48.6091, 52.3211, 56.068, 59.66, 63.2215, 66.8264, 70.3376, 73.9025, 77.3507, 80.966, 84.4009, 87.7566, 91.1895, 94.7584, 98.4814, 102.0721, 105.7566, 109.5387, 113.181, 116.8131, 120.4179, 124.028, 127.5726, 131.0559, 134.5593, 138.1744, 141.6999, 145.2243, 148.7411, 152.5009, 156.051, 159.5931, 163.1831, 166.9667, 170.6561, 174.3241, 177.9797, 181.6471, 185.3399, 188.9313]
growth_rate:3.15
