ticker:DWMC
price:[21.93000030517578, 21.440000534057617, 21.829999923706055, 20.78700065612793, 20.78700065612793, 23.81100082397461, 23.719999313354492, 23.34000015258789, 22.0, 24.0, 24.229999542236328, 24.75, 25.670000076293945, 25.81999969482422, 26.69499969482422, 28.030000686645508, 29.350000381469727, 28.259000778198242, 31.594999313354492, 32.051998138427734, 33.941001892089844, 32.0, 36.52000045776367, 39.720001220703125, 38.36000061035156, 35.38999938964844, 32.46699905395508, 36.63999938964844, 35.56100082397461, 33.59000015258789, 34.95000076293945, 35.75, 34.66999816894531, 35.013999938964844, 35.83000183105469, 36.244998931884766, 34.999000549316406, 36.31700134277344, 37.5099983215332, 37.040000915527344, 37.65999984741211, 36.29399871826172, 38.54999923706055, 37.5, 37.04999923706055, 35.18000030517578, 35.97999954223633, 36.04999923706055, 36.58000183105469, 36.88999938964844, 35.93000030517578, 37.59400177001953]
assets:[0, 100.00045049095154, 201.82053229465487, 292.17792382240293, 392.17794787883753, 549.2293072059631, 647.1313932668686, 736.7644488166809, 794.4662, 966.6912, 1075.9549366725923, 1199.0459250000001, 1343.61657699337, 1451.468700844574, 1600.6562072013855, 1780.7038986215591, 1964.562820533943, 1991.5361244430542, 2326.6399519357683, 2460.29214590683, 2705.2913145103453, 2650.5824, 3124.976267170334, 3498.7958875274658, 3478.998879354858, 3309.640891920471, 3136.2861350128173, 3639.396179374695, 3632.221960761261, 3530.903559039688, 3773.8626373813627, 3960.245575, 3940.6058598815916, 4079.7052224884033, 4274.784360458374, 4424.296537619019, 4372.201145022583, 4636.849412141419, 4889.1694622234345, 4927.909137804413, 5110.394191294098, 5025.0311515388485, 5437.381017389298, 5389.2825, 5424.612653295517, 5250.819089549255, 5470.222828403855, 5580.864331890106, 5762.912254469299, 5911.751517189026, 5857.908680754852, 6229.202033086395]
shares:[0, 4.6642, 9.2451, 14.0558, 18.8665, 23.0662, 27.2821, 31.5666, 36.1121, 40.2788, 44.4059, 48.4463, 52.3419, 56.2149, 59.9609, 63.5285, 66.9357, 70.4744, 73.6395, 76.7594, 79.7057, 82.8307, 85.5689, 88.0865, 90.6934, 93.5191, 96.5992, 99.3285, 102.1406, 105.1177, 107.9789, 110.7761, 113.6604, 116.5164, 119.3074, 122.0664, 124.9236, 127.6771, 130.3431, 133.0429, 135.6982, 138.4535, 141.0475, 143.7142, 146.4133, 149.2558, 152.0351, 154.809, 157.5427, 160.2535, 163.0367, 165.6967]
growth_rate:22.14
