ticker:EBIZ
price:[26.989999771118164, 26.34000015258789, 26.739999771118164, 27.030000686645508, 27.582000732421875, 28.65999984741211, 28.600000381469727, 28.3799991607666, 26.84000015258789, 29.871000289916992, 29.3799991607666, 30.170000076293945, 31.459999084472656, 31.040000915527344, 30.770000457763672, 32.060001373291016, 31.850000381469727, 31.829999923706055, 33.13999938964844, 33.33000183105469, 34.720001220703125, 33.46799850463867, 36.54999923706055, 37.59000015258789, 37.56999969482422, 35.11000061035156, 33.96900177001953, 35.5, 36.06999969482422, 34.150001525878906, 35.18000030517578, 35.040000915527344, 35.15999984741211, 35.029998779296875, 34.63999938964844, 33.72999954223633, 32.349998474121094, 32.970001220703125, 33.564998626708984, 33.63999938964844, 34.02000045776367, 33.305999755859375, 34.38999938964844, 33.98099899291992, 34.04999923706055, 32.650001525878906, 33.17499923706055, 31.729999542236328, 31.309999465942383, 31.420000076293945, 29.959999084472656, 32.06999969482422]
assets:[0, 99.99981057929993, 201.5179862751007, 303.70368171501156, 409.90714568481445, 525.9281931999207, 624.8270683340073, 720.0204447080612, 780.9500644397735, 969.1407076061249, 1053.211271915245, 1181.5326279878616, 1332.0509672355652, 1414.2662497138977, 1501.963724344635, 1664.9335793174744, 1754.0272960081102, 1852.9261515586852, 2029.1853606277466, 2140.8193476104734, 2330.100945922851, 2346.076573976517, 2662.1228494312286, 2837.872097519684, 2936.362223148346, 2844.0961324417117, 2851.6705233917237, 3080.1965499999997, 3229.6536676750184, 3157.74136109314, 3352.98120308609, 3439.638617871094, 3551.4166525875094, 3638.2857332153317, 3697.778366845703, 3700.636304777145, 3649.2318728736877, 3819.1724074035646, 3988.095798329544, 4097.008797665405, 4243.287441096497, 4254.231969015503, 4492.692325263977, 4539.260001771927, 4648.4786558441165, 4557.35251298523, 4730.632143707658, 4624.580800281906, 4663.367678456497, 4779.751801606179, 4657.650365670013, 5085.676586605072]
shares:[0, 3.7965, 7.5362, 11.2358, 14.8614, 18.3506, 21.8471, 25.3707, 29.0965, 32.4442, 35.8479, 39.1625, 42.3411, 45.5627, 48.8126, 51.9318, 55.0715, 58.2132, 61.2307, 64.231, 67.1112, 70.0991, 72.8351, 75.4954, 78.1571, 81.0053, 83.9492, 86.7661, 89.5385, 92.4668, 95.3093, 98.1632, 101.0073, 103.862, 106.7488, 109.7135, 112.8047, 115.8378, 118.8171, 121.7898, 124.7292, 127.7317, 130.6395, 133.5823, 136.5192, 139.582, 142.5963, 145.7479, 148.9418, 152.1245, 155.4623, 158.5805]
growth_rate:-0.28
