ticker:EBLU
price:[34.40999984741211, 34.09600067138672, 34.683998107910156, 34.28499984741211, 35.459999084472656, 36.45000076293945, 36.59000015258789, 36.51300048828125, 34.83700180053711, 37.04899978637695, 38.26599884033203, 38.30500030517578, 38.80099868774414, 38.6879997253418, 38.71099853515625, 39.369998931884766, 39.65599822998047, 39.84199905395508, 41.50600051879883, 41.28900146484375, 41.44599914550781, 40.02899932861328, 40.90800094604492, 41.34000015258789, 41.349998474121094, 39.9900016784668, 39.87099838256836, 41.2869987487793, 41.209999084472656, 42.09000015258789, 42.354000091552734, 42.875, 43.895999908447266, 44.49100112915039, 43.82099914550781, 45.0, 44.55500030517578, 44.50299835205078, 45.137001037597656, 45.430999755859375, 45.22100067138672, 44.02899932861328, 44.68000030517578, 45.007999420166016, 45.470001220703125, 45.54999923706055, 46.36199951171875, 47.439998626708984, 48.119998931884766, 48.5099983215332, 48.040000915527344, 48.52000045776367]
assets:[0, 100.0001603691101, 201.72560139541625, 299.40404666748043, 409.6658234230041, 521.1037909072876, 623.1057485984802, 721.7962962524414, 788.6644326618194, 938.740146787262, 1069.5767601860045, 1170.6659278266907, 1285.8262955131531, 1382.082364588165, 1482.9022208862305, 1608.146346370697, 1719.8290904365538, 1827.8951377967835, 2004.237602451706, 2093.76113538208, 2201.723378807068, 2226.4489687568666, 2375.3394381324765, 2500.425105229187, 2601.030684017944, 2615.4820757774355, 2707.699306657791, 2903.8632551971436, 2998.4477753860474, 3162.478460464859, 3282.316415895081, 3422.6941, 3604.1995916828155, 3753.05174754982, 3796.5330492691037, 3998.6775, 4059.1342923027037, 4154.394948862457, 4313.580695959473, 4441.675268630981, 4521.145904024505, 4501.969584250641, 4668.532807887268, 4802.803618125915, 4952.106003945923, 5060.819000233841, 5251.034243896484, 5473.128921564103, 5651.578386552429, 5797.381389408111, 5841.212535319519, 5999.57568860321]
shares:[0, 2.9329, 5.8161, 8.7328, 11.5529, 14.2964, 17.0294, 19.7682, 22.6387, 25.3378, 27.9511, 30.5617, 33.139, 35.7238, 38.307, 40.847, 43.3687, 45.8786, 48.2879, 50.7099, 53.1227, 55.6209, 58.0654, 60.4844, 62.9028, 65.4034, 67.9115, 70.3336, 72.7602, 75.1361, 77.4972, 79.8296, 82.1077, 84.3553, 86.6373, 88.8595, 91.1039, 93.3509, 95.5664, 97.7675, 99.9789, 102.2501, 104.4882, 106.71, 108.9093, 111.1047, 113.2616, 115.3695, 117.4476, 119.509, 121.5906, 123.6516]
growth_rate:17.64
