ticker:ECOW
price:[21.40999984741211, 21.450000762939453, 21.55500030517578, 19.899999618530273, 20.010000228881836, 20.56100082397461, 20.489999771118164, 20.81100082397461, 19.6200008392334, 21.04800033569336, 21.577999114990234, 22.309999465942383, 22.966999053955078, 23.28499984741211, 23.511999130249023, 24.01300048828125, 23.56999969482422, 23.833999633789062, 24.809999465942383, 24.94300079345703, 24.91200065612793, 23.98200035095215, 25.034000396728516, 25.590999603271484, 25.79800033569336, 24.677000045776367, 24.959999084472656, 25.674999237060547, 26.010000228881836, 25.0, 25.510000228881836, 25.639999389648438, 26.336000442504883, 26.226999282836914, 26.520000457763672, 26.68000030517578, 26.299999237060547, 26.07900047302246, 26.860000610351562, 27.42099952697754, 27.461999893188477, 26.760000228881836, 26.8799991607666, 26.520000457763672, 26.0, 26.040000915527344, 25.68000030517578, 25.850000381469727, 26.100000381469727, 26.382999420166016, 25.329999923706055, 26.520000457763672]
assets:[0, 99.99990355682372, 200.48952433853148, 285.0953545349121, 386.6712434228897, 497.31920742988586, 595.6012643468857, 704.9331120105744, 764.5894707048417, 920.2375178768158, 1043.4084628051758, 1178.8045967817307, 1313.5194230941772, 1431.7061576179503, 1545.6623644231797, 1678.5975822326661, 1747.6306253723144, 1867.205582710266, 2043.666643008232, 2154.6213059402467, 2251.942720111275, 2267.874650588036, 2467.3585893016816, 2622.2559882480623, 2743.4677072990416, 2724.2569032535553, 2855.4987752609254, 3037.295924745941, 3176.9264529561997, 3153.5625, 3317.894404768944, 3434.803546235657, 3628.0421537593843, 3713.0271013692854, 3854.5070345329286, 3977.761265499115, 4021.106823351288, 4087.317409836006, 4309.722015931702, 4499.7339224779125, 4606.462131083488, 4588.7085032478335, 4709.284460969162, 4746.212877924729, 4753.151, 4860.462518886566, 4893.267562150573, 5025.661429163933, 5174.265045625496, 5330.368436851501, 5217.622831284522, 5562.745128018952]
shares:[0, 4.662, 9.3013, 14.3264, 19.3239, 24.1875, 29.0679, 33.8731, 38.9699, 43.7209, 48.3552, 52.8375, 57.1916, 61.4862, 65.7393, 69.9037, 74.1464, 78.3421, 82.3727, 86.3818, 90.3959, 94.5657, 98.5603, 102.4679, 106.3442, 110.3966, 114.403, 118.2978, 122.1425, 126.1425, 130.0625, 133.9627, 137.7598, 141.5727, 145.3434, 149.0915, 152.8938, 156.7283, 160.4513, 164.0981, 167.7395, 171.4764, 175.1966, 178.9673, 182.8135, 186.6537, 190.5478, 194.4163, 198.2477, 202.038, 205.9859, 209.7566]
growth_rate:9.07
