ticker:EDOC
price:[15.789999961853027, 15.760000228881836, 16.40999984741211, 16.413999557495117, 16.67300033569336, 17.575000762939453, 17.600000381469727, 17.375999450683594, 16.270000457763672, 17.770000457763672, 17.549999237060547, 17.889999389648438, 18.299999237060547, 18.5, 18.801000595092773, 19.1200008392334, 19.469999313354492, 19.280000686645508, 20.299999237060547, 20.520000457763672, 21.670000076293945, 20.479999542236328, 21.729999542236328, 22.6299991607666, 22.1200008392334, 20.149999618530273, 18.600000381469727, 19.420000076293945, 19.420000076293945, 18.940000534057617, 19.56999969482422, 19.65999984741211, 19.959999084472656, 20.06999969482422, 19.75, 18.68000030517578, 17.8700008392334, 18.139999389648438, 18.399999618530273, 18.270000457763672, 18.709999084472656, 18.700000762939453, 19.399999618530273, 19.170000076293945, 18.8700008392334, 18.209999084472656, 18.31999969482422, 18.440000534057617, 18.530000686645508, 18.1200008392334, 17.729999542236328, 18.200000762939453]
assets:[0, 100.00035345230103, 204.12398810195924, 304.17439139976506, 408.973692534256, 531.0989480552673, 631.8540936950683, 723.8128955177308, 777.7418158821106, 949.4457934581756, 1037.691089889145, 1157.7942464996338, 1284.3287164554595, 1398.3650499999999, 1521.1175143466949, 1646.92612828846, 1777.0735653282165, 1859.731514233208, 2058.119482649231, 2180.4244686412812, 2402.622252458954, 2370.682827011108, 2615.377111904526, 2823.698879283142, 2860.063020510864, 2705.3470087837222, 2597.242673267174, 2811.744131046295, 2911.7435374391557, 2939.7740768938065, 3137.5602010726925, 3251.990064760208, 3401.612983974457, 3520.3602334709167, 3564.23115, 3471.130732707977, 3420.6165896432876, 3572.299195803833, 3723.5012028041842, 3797.194874140549, 3988.6425088256838, 4086.5111667251585, 4339.481154671096, 4388.034104463768, 4419.363631548882, 4364.79110055542, 4491.157085186004, 4620.575473820686, 4743.127981760788, 4738.180899450302, 4736.200593717957, 4961.751547995376]
shares:[0, 6.3452, 12.439, 18.5314, 24.5291, 30.219, 35.9008, 41.6559, 47.8022, 53.4297, 59.1277, 64.7174, 70.1819, 75.5873, 80.9062, 86.1363, 91.2724, 96.4591, 101.3852, 106.2585, 110.8732, 115.756, 120.3579, 124.7768, 129.2976, 134.2604, 139.6367, 144.786, 149.9353, 155.2151, 160.325, 165.4115, 170.4215, 175.4041, 180.4674, 185.8207, 191.4167, 196.9294, 202.3642, 207.8377, 213.1824, 218.53, 223.6846, 228.9011, 234.2005, 239.692, 245.1505, 250.5735, 255.9702, 261.489, 267.1292, 272.6237]
growth_rate:-2.71
