ticker:EINC
price:[37.7599983215332, 36.459999084472656, 36.09000015258789, 34.27000045776367, 34.18000030517578, 35.86000061035156, 36.099998474121094, 36.619998931884766, 34.279998779296875, 34.15999984741211, 37.13999938964844, 39.22999954223633, 41.560001373291016, 43.79999923706055, 44.13999938964844, 42.81999969482422, 41.58000183105469, 41.04999923706055, 43.849998474121094, 45.91999816894531, 44.400001525878906, 42.68000030517578, 44.689998626708984, 46.2599983215332, 45.970001220703125, 45.36000061035156, 48.560001373291016, 50.16999816894531, 48.849998474121094, 49.61000061035156, 49.650001525878906, 49.09000015258789, 49.47999954223633, 49.900001525878906, 51.470001220703125, 53.650001525878906, 54.5, 54.029998779296875, 53.939998626708984, 56.7599983215332, 58.5, 55.45000076293945, 56.58000183105469, 56.77000045776367, 56.34000015258789, 53.5, 53.16999816894531, 53.939998626708984, 53.31999969482422, 53.619998931884766, 49.93000030517578, 52.099998474121094]
assets:[0, 99.99883948898317, 198.9858248413086, 288.95093585968016, 388.1925174659729, 507.27198263397213, 610.6675741882324, 719.4621330150604, 773.4904644561768, 870.7828041103363, 1046.7463147979736, 1205.651652931595, 1377.2610415096283, 1551.4923329750059, 1663.5350549972534, 1713.7891297859192, 1764.1604756881713, 1841.6753757713316, 2067.2950230628967, 2264.884517687988, 2289.916758696747, 2301.2074524543764, 2509.580279882431, 2697.744322116852, 2780.8311048431397, 2843.931422267151, 3144.561160929108, 3348.817275778198, 3360.7089200248715, 3512.993285220337, 3615.825906124115, 3675.0443174232482, 3804.2400768051148, 3936.531280374146, 4160.387109671021, 4436.597606182861, 4606.89045, 4667.159921554566, 4759.384990827943, 5108.206864943695, 5364.801, 5185.0963013420105, 5390.761518457031, 5508.864335420609, 5567.135703077697, 5386.5084, 5453.285156201172, 5632.258230604935, 5667.5213995620725, 5799.41039647522, 5500.308805618286, 5839.357408979798]
shares:[0, 2.7427, 5.5136, 8.4316, 11.3573, 14.1459, 16.916, 19.6467, 22.5639, 25.4913, 28.1838, 30.7329, 33.1391, 35.4222, 37.6877, 40.0231, 42.4281, 44.8642, 47.1447, 49.3224, 51.5747, 53.9177, 56.1553, 58.317, 60.4923, 62.6969, 64.7562, 66.7494, 68.7965, 70.8122, 72.8263, 74.8634, 76.8844, 78.8884, 80.8313, 82.6952, 84.5301, 86.3809, 88.2348, 89.9966, 91.706, 93.5094, 95.2768, 97.0383, 98.8132, 100.6824, 102.5632, 104.4171, 106.2926, 108.1576, 110.1604, 112.0798]
growth_rate:14.5
