ticker:EMLP
price:[20.040000915527344, 19.719999313354492, 19.59000015258789, 18.979999542236328, 19.239999771118164, 20.31999969482422, 20.34000015258789, 20.540000915527344, 19.65999984741211, 19.8799991607666, 21.079999923706055, 21.010000228881836, 21.6299991607666, 21.809999465942383, 21.829999923706055, 21.3700008392334, 20.81999969482422, 20.969999313354492, 21.600000381469727, 22.299999237060547, 22.030000686645508, 21.399999618530273, 21.8799991607666, 21.979999542236328, 21.8700008392334, 21.1299991607666, 22.1299991607666, 23.040000915527344, 22.610000610351562, 22.889999389648438, 22.93000030517578, 23.1299991607666, 23.600000381469727, 23.65999984741211, 23.989999771118164, 24.309999465942383, 24.420000076293945, 24.450000762939453, 24.399999618530273, 24.93000030517578, 25.559999465942383, 24.549999237060547, 24.610000610351562, 24.719999313354492, 24.610000610351562, 24.200000762939453, 24.1200008392334, 24.239999771118164, 24.329999923706055, 24.68000030517578, 24.209999084472656, 24.5]
assets:[0, 100.00011651802062, 199.34000555267332, 293.13280693016054, 397.1482272754669, 519.442184198761, 619.9530346508027, 726.0479523620605, 794.942263830185, 903.8381978445053, 1058.3951761693954, 1154.8797935811997, 1288.9597689889906, 1399.6872497261047, 1500.9718537542344, 1569.3444776306153, 1628.9546941230776, 1740.6902850025178, 1892.9851534313202, 2054.33167971611, 2129.4595203723907, 2168.5625413438797, 2317.203499120903, 2427.794255437851, 2515.644960534668, 2530.524473493576, 2750.285313701248, 2963.37957375412, 3008.072918202209, 3145.323972131348, 3250.820538265228, 3379.1749143922807, 3547.8399773471833, 3656.8588184162136, 3807.86309267025, 3958.654899033737, 4076.5673647361755, 4181.576050482177, 4273.025533195496, 4465.840590667724, 4678.696558242034, 4593.817952238083, 4705.045739689636, 4826.075577946473, 4904.600851638794, 4922.889995201111, 5006.615106200599, 5131.523111546516, 5250.576994535256, 5426.11031509552, 5422.775905931854, 5587.73215]
shares:[0, 5.071, 10.1756, 15.4443, 20.6418, 25.5631, 30.4795, 35.348, 40.4345, 45.4647, 50.2085, 54.9681, 59.5913, 64.1764, 68.7573, 73.4368, 78.2399, 83.0086, 87.6382, 92.1225, 96.6618, 101.3347, 105.9051, 110.4547, 115.0272, 119.7598, 124.2786, 128.6189, 133.0417, 137.4104, 141.7715, 146.0949, 150.3322, 154.5587, 158.7271, 162.8406, 166.9356, 171.0256, 175.124, 179.1352, 183.0476, 187.1209, 191.1843, 195.2296, 199.293, 203.4252, 207.5711, 211.6965, 215.8067, 219.8586, 223.9891, 228.0707]
growth_rate:9.56
