ticker:EMQQ
price:[53.25, 51.209999084472656, 51.88999938964844, 51.06999969482422, 51.90999984741211, 54.939998626708984, 55.099998474121094, 54.810001373291016, 55.02000045776367, 61.2400016784668, 59.5099983215332, 60.060001373291016, 61.59000015258789, 61.119998931884766, 61.91999816894531, 63.290000915527344, 61.400001525878906, 63.58000183105469, 67.2699966430664, 66.66000366210938, 72.77999877929688, 69.12000274658203, 75.87000274658203, 80.16999816894531, 79.94000244140625, 70.80000305175781, 67.31999969482422, 67.7699966430664, 67.27999877929688, 63.34000015258789, 66.02999877929688, 64.87000274658203, 64.83999633789062, 65.79000091552734, 63.77000045776367, 61.849998474121094, 57.79999923706055, 59.9900016784668, 61.209999084472656, 62.25, 61.459999084472656, 61.689998626708984, 63.5, 61.959999084472656, 58.720001220703125, 58.630001068115234, 55.83000183105469, 52.95000076293945, 51.939998626708984, 52.060001373291016, 47.970001220703125, 51.59000015258789]
assets:[0, 99.99776521224976, 201.32800863189698, 298.1466582183838, 403.0500028152466, 526.5779108375549, 628.1124326057434, 724.8074581604004, 827.5833368854522, 1021.1402839874266, 1092.2941171920777, 1202.3892154930115, 1333.0170093025208, 1422.8430151348114, 1541.4673944168092, 1675.5711292381286, 1725.5365228820801, 1886.8001343383787, 2096.301270389557, 2177.2890356140133, 2477.183706451416, 2452.6127054580693, 2792.1223190780643, 3050.3642093307494, 3141.6101199462887, 2882.4097242431644, 2840.7289551223757, 2959.7190633926393, 3038.3176488739014, 2960.391261131668, 3186.1191190979002, 3230.1434037635804, 3328.651988000488, 3477.4226043914796, 3470.650389913559, 3466.154319487762, 3339.1868759239196, 3565.703716765213, 3738.2170640869144, 3901.7304000000004, 3952.2159711265563, 4067.00569446373, 4286.33255, 4282.377728723144, 4158.4447904479985, 4252.070471463775, 4149.006586074829, 4034.9806781387324, 4058.014958706284, 4167.392697931671, 3939.987268261719, 4337.315764828491]
shares:[0, 1.9527, 3.8799, 5.838, 7.7644, 9.5846, 11.3995, 13.224, 15.0415, 16.6744, 18.3548, 20.0198, 21.6434, 23.2795, 24.8945, 26.4745, 28.1032, 29.676, 31.1625, 32.6626, 34.0366, 35.4834, 36.8014, 38.0487, 39.2996, 40.712, 42.1974, 43.673, 45.1593, 46.7381, 48.2526, 49.7941, 51.3364, 52.8564, 54.4245, 56.0413, 57.7714, 59.4383, 61.072, 62.6784, 64.3055, 65.9265, 67.5013, 69.1152, 70.8182, 72.5238, 74.315, 76.2036, 78.1289, 80.0498, 82.1344, 84.0728]
growth_rate:-14.95
