ticker:ENFR
price:[13.739999771118164, 13.220000267028809, 13.260000228881836, 12.4399995803833, 12.420000076293945, 13.100000381469727, 13.079999923706055, 13.180000305175781, 12.380000114440918, 12.289999961853027, 13.369999885559082, 14.130000114440918, 14.949999809265137, 15.779999732971191, 15.829999923706055, 15.3100004196167, 14.899999618530273, 14.649999618530273, 15.649999618530273, 16.530000686645508, 15.970000267028809, 15.40999984741211, 16.06999969482422, 16.280000686645508, 16.329999923706055, 16.18000030517578, 17.34000015258789, 17.829999923706055, 17.280000686645508, 17.489999771118164, 17.479999542236328, 17.350000381469727, 17.549999237060547, 17.65999984741211, 18.299999237060547, 19.020000457763672, 19.110000610351562, 19.280000686645508, 19.25, 20.360000610351562, 21.0, 19.940000534057617, 20.280000686645508, 20.309999465942383, 20.170000076293945, 19.139999389648438, 19.239999771118164, 19.309999465942383, 19.1200008392334, 18.940000534057617, 18.079999923706055, 18.940000534057617]
assets:[0, 100.00004801988602, 200.30291145744323, 287.9163262882233, 387.45308038005834, 508.6664648122788, 607.8903804542542, 712.5384944984436, 769.2882551113129, 863.695724319172, 1039.5937001015664, 1198.6874737083435, 1368.250892543602, 1544.2134158688546, 1649.106072052002, 1694.9349334547996, 1749.544545208168, 1820.189202604294, 2044.4345701667787, 2259.3932258537293, 2282.849255170727, 2302.799491197967, 2501.427226496887, 2634.115507099724, 2742.205439188385, 2817.017335132599, 3118.978773446274, 3307.1155178489685, 3305.1008033329013, 3445.2676049137117, 3543.297291208649, 3616.945904524803, 3758.6394616031644, 3882.1977664566043, 4122.889178113937, 4385.1010475383755, 4505.851493911743, 4645.934541462136, 4738.705125, 5111.950269245911, 5372.64, 5201.4488393116, 5390.140262500763, 5498.113862425423, 5560.215513031769, 5376.278450556945, 5504.367686519242, 5624.39457944584, 5669.053480831528, 5715.6830571670525, 5556.153928554153, 5920.439614940643]
shares:[0, 7.5643, 15.1058, 23.1444, 31.1959, 38.8295, 46.4748, 54.0621, 62.1396, 70.2763, 77.7557, 84.8328, 91.5218, 97.8589, 104.176, 110.7077, 117.4191, 124.245, 130.6348, 136.6844, 142.9461, 149.4354, 155.6582, 161.8007, 167.9244, 174.1049, 179.8719, 185.4804, 191.2674, 196.985, 202.7058, 208.4695, 214.1675, 219.83, 225.2945, 230.5521, 235.785, 240.9717, 246.1665, 251.0781, 255.84, 260.855, 265.786, 270.7097, 275.6676, 280.8923, 286.0898, 291.2685, 296.4986, 301.7784, 307.3094, 312.5892]
growth_rate:16.09
