ticker:ERTH
price:[56.4900016784668, 56.650001525878906, 57.29999923706055, 56.18000030517578, 59.59000015258789, 63.13999938964844, 63.5099983215332, 62.41999816894531, 58.439998626708984, 63.66999816894531, 65.30000305175781, 66.81999969482422, 69.0199966430664, 69.19999694824219, 69.7300033569336, 73.31999969482422, 74.69999694824219, 75.12999725341797, 82.33999633789062, 78.9000015258789, 81.80000305175781, 75.80999755859375, 79.72000122070312, 81.83999633789062, 80.79000091552734, 76.12999725341797, 72.9800033569336, 76.79000091552734, 74.5, 73.66999816894531, 76.08000183105469, 74.88999938964844, 75.11000061035156, 76.81999969482422, 74.73999786376953, 73.06999969482422, 70.68000030517578, 72.18000030517578, 74.12000274658203, 74.80999755859375, 76.2699966430664, 75.62000274658203, 67.29000091552734, 68.51000213623047, 67.75, 64.54000091552734, 66.0, 67.04000091552734, 66.98999786376953, 66.41000366210938, 64.77999877929688, 67.06999969482422]
assets:[0, 99.99858269348145, 201.14591732177735, 297.214673614502, 415.2529160633087, 539.9922167800904, 643.1594020023346, 732.1241585235596, 785.4452695426942, 955.7376085144043, 1080.2057104827882, 1205.352610494995, 1345.0409885810852, 1448.549696118164, 1559.644012084198, 1739.9422487579345, 1872.6915734939575, 1983.469492488861, 2273.8189988708496, 2278.821404071045, 2462.580911872864, 2382.25336328125, 2605.122087890625, 2774.4004278533935, 2838.8071311698914, 2775.0602078826905, 2760.2350909652714, 3004.339674819183, 3014.7468, 3081.159269418335, 3281.954334988403, 3330.6203878555298, 3440.4060669570927, 3618.7289976242064, 3620.7493005111696, 3639.850508798218, 3620.795055633545, 3797.6352280563356, 3999.7080602127076, 4136.940497991944, 4317.675017962646, 4380.878495117187, 3998.2978353996277, 4170.7861650505065, 4224.517375, 4124.357764505768, 4317.6606, 4485.693389258576, 4582.350318874359, 4642.676869015503, 4628.7252527771, 4892.354057739258]
shares:[0, 1.7652, 3.5104, 5.2904, 6.9685, 8.5523, 10.1269, 11.729, 13.4402, 15.0108, 16.5422, 18.0388, 19.4877, 20.9328, 22.3669, 23.7308, 25.0695, 26.4005, 27.615, 28.8824, 30.1049, 31.424, 32.6784, 33.9003, 35.1381, 36.4516, 37.8218, 39.1241, 40.4664, 41.8238, 43.1382, 44.4735, 45.8049, 47.1066, 48.4446, 49.8132, 51.228, 52.6134, 53.9626, 55.2993, 56.6104, 57.9328, 59.4189, 60.8785, 62.3545, 63.9039, 65.4191, 66.9107, 68.4035, 69.9093, 71.453, 72.944]
growth_rate:-4.07
