ticker:ERUS
price:[34.06999969482422, 33.619998931884766, 33.77000045776367, 32.27000045776367, 31.950000762939453, 32.47999954223633, 31.610000610351562, 32.83000183105469, 29.770000457763672, 32.93000030517578, 34.7599983215332, 35.34000015258789, 36.41999816894531, 37.58000183105469, 39.31999969482422, 37.90999984741211, 37.22999954223633, 37.290000915527344, 39.900001525878906, 39.779998779296875, 38.060001373291016, 36.29999923706055, 38.470001220703125, 39.18000030517578, 38.790000915527344, 37.4900016784668, 39.040000915527344, 40.720001220703125, 39.529998779296875, 39.369998931884766, 39.04999923706055, 37.75, 39.81999969482422, 40.290000915527344, 39.45000076293945, 42.04999923706055, 41.77000045776367, 41.97999954223633, 43.220001220703125, 44.63999938964844, 44.88999938964844, 43.91999816894531, 44.75, 44.709999084472656, 43.86000061035156, 43.150001525878906, 43.15999984741211, 44.0099983215332, 44.22999954223633, 45.04999923706055, 43.88999938964844, 44.880001068115234]
assets:[0, 99.99932482299805, 200.44521471710206, 291.54331913566585, 388.6525892807007, 495.0991290222168, 581.8389592346192, 704.29546328125, 738.6502743579865, 917.0544064987183, 1068.0183284282684, 1185.840773120117, 1322.0787115310668, 1464.1882733413697, 1631.9805193336485, 1673.457332264328, 1743.4399255634307, 1846.250319328308, 2075.4743893714904, 2169.231179434204, 2175.437364494705, 2174.838224290085, 2404.84825730896, 2549.23104785614, 2623.85651592865, 2635.9220180130005, 2844.903426715851, 3067.3277479522703, 3077.687114959717, 3165.2298041267395, 3239.502026708222, 3231.6567000000005, 3508.8627151084897, 3650.2781119468686, 3674.175821056366, 4016.3257821292873, 4089.5837888183596, 4210.1447680912015, 4434.501785247802, 4680.19592000885, 4806.40814664917, 4802.550783778382, 4993.307925, 5088.842914795685, 5092.097824861145, 5109.667840689087, 5210.853525577545, 5413.476249539184, 5540.537237657547, 5743.257717735672, 5695.372603797913, 5923.841492983627]
shares:[0, 2.9744, 5.9356, 9.0345, 12.1644, 15.2432, 18.4068, 21.4528, 24.8119, 27.8486, 30.7255, 33.5552, 36.3009, 38.9619, 41.5051, 44.1429, 46.8289, 49.5106, 52.0169, 54.5307, 57.1581, 59.9129, 62.5123, 65.0646, 67.6426, 70.31, 72.8715, 75.3273, 77.857, 80.397, 82.9578, 85.6068, 88.1181, 90.6001, 93.135, 95.5131, 97.9072, 100.2893, 102.603, 104.8431, 107.0708, 109.3477, 111.5823, 113.8189, 116.0989, 118.4164, 120.7334, 123.0056, 125.2665, 127.4863, 129.7647, 131.9929]
growth_rate:16.15
