ticker:ERX
price:[12.510000228881836, 10.890000343322754, 11.539999961853027, 9.5, 8.9399995803833, 9.819999694824219, 9.420000076293945, 9.510000228881836, 8.460000038146973, 8.5600004196167, 11.5600004196167, 12.8100004196167, 15.0, 16.290000915527344, 16.610000610351562, 15.220000267028809, 14.489999771118164, 14.350000381469727, 17.100000381469727, 18.1200008392334, 17.549999237060547, 15.300000190734863, 17.860000610351562, 19.610000610351562, 20.940000534057617, 22.68000030517578, 27.3799991607666, 27.950000762939453, 23.780000686645508, 25.040000915527344, 24.84000015258789, 22.799999237060547, 22.920000076293945, 22.079999923706055, 23.709999084472656, 28.030000686645508, 27.790000915527344, 26.3700008392334, 26.3700008392334, 30.010000228881836, 29.6299991607666, 26.43000030517578, 29.84000015258789, 29.06999969482422, 27.06999969482422, 22.969999313354492, 22.739999771118164, 23.5, 23.610000610351562, 23.40999984741211, 20.18000030517578, 23.229999542236328]
assets:[0, 99.99960615262985, 205.96822731914517, 269.55775, 353.6681713998795, 488.4811548194885, 568.5836686050416, 674.0155602218628, 699.5971651545524, 807.8663036021234, 1190.9967872320176, 1419.7810245077133, 1762.5075, 2014.0826811950683, 2153.6476961380004, 2073.4206363773346, 2073.9725042398454, 2153.9336222585675, 2666.709149489403, 2925.7767395082474, 2933.7403574634554, 2657.6192131307603, 3202.292751435852, 3616.066463548279, 3961.316225030136, 4390.480643077088, 5400.324252472878, 5612.748658208847, 4875.354338775444, 5233.678199356842, 5291.876372507096, 4957.2784341182705, 5083.369516921043, 4997.068302733421, 5465.963299939727, 6561.8708117448805, 6605.685996620941, 6368.152153668404, 6468.152470850945, 7460.987223903847, 7466.51385952015, 6760.141257056427, 7732.334799539567, 7632.808074871064, 7207.674360743714, 6216.005691184044, 6253.76372105484, 6562.772150000001, 6693.491837036134, 6736.791637089156, 5907.281399333953, 6900.106653028488]
shares:[0, 9.1827, 17.8482, 28.3745, 39.5602, 49.7435, 60.3592, 70.8744, 82.6947, 94.3769, 103.0274, 110.8338, 117.5005, 123.6392, 129.6597, 136.23, 143.1313, 150.0999, 155.9479, 161.4667, 167.1647, 173.7006, 179.2997, 184.3991, 189.1746, 193.5838, 197.2361, 200.8139, 205.0191, 209.0127, 213.0385, 217.4245, 221.7875, 226.3165, 230.5341, 234.1017, 237.7001, 241.4923, 245.2845, 248.6167, 251.9917, 255.7753, 259.1265, 262.5665, 266.2606, 270.6141, 275.0116, 279.2669, 283.5024, 287.7741, 292.7295, 297.0343]
growth_rate:35.3
