ticker:ERY
price:[54.90999984741211, 62.099998474121094, 58.41999816894531, 69.25, 72.83999633789062, 65.5, 67.88999938964844, 66.44999694824219, 73.55999755859375, 72.0199966430664, 48.2400016784668, 42.459999084472656, 35.029998779296875, 31.360000610351562, 30.510000228881836, 33.11000061035156, 34.290000915527344, 34.59000015258789, 28.649999618530273, 26.579999923706055, 27.25, 30.989999771118164, 26.309999465942383, 23.729999542236328, 22.010000228881836, 20.0, 16.3799991607666, 15.979999542236328, 18.5, 17.360000610351562, 17.40999984741211, 18.8700008392334, 18.75, 19.299999237060547, 17.84000015258789, 14.9399995803833, 14.9399995803833, 15.630000114440918, 15.600000381469727, 13.600000381469727, 13.75, 15.239999771118164, 13.319999694824219, 13.569999694824219, 14.449999809265137, 16.90999984741211, 16.860000610351562, 16.260000228881836, 16.040000915527344, 16.1299991607666, 18.579999923706055, 15.970000267028809]
assets:[0, 99.9996275428772, 194.07123391723633, 330.0455, 447.15745351867673, 502.09680000000003, 620.4195484222412, 707.2605425186157, 882.933294696045, 964.4485830459595, 746.0026819564819, 756.620199685669, 724.2207037628174, 748.3468305648804, 828.0627632120132, 998.6274174087525, 1134.217218283081, 1244.140043488312, 1130.4888749477386, 1148.8088607025145, 1277.766125, 1553.1351155290604, 1418.5851822046282, 1379.4770793891905, 1379.4899703453063, 1353.5120000000002, 1208.5261660808565, 1279.013595361328, 1580.7103, 1583.304967666626, 1687.864665206909, 1929.408523809433, 2017.138125, 2176.3065139694213, 2111.674434061432, 1868.4082995223998, 1968.4076927137376, 2159.3189018102644, 2255.1750551462173, 2066.0494979511263, 2188.836375, 2526.0269140628816, 2307.787183126068, 2451.1015498771667, 2710.0526692282674, 3271.418716480255, 3361.7458696990966, 3342.1113410448074, 3396.8920458869934, 3515.9510840673447, 4149.991622959137, 3667.0266703150746]
shares:[0, 1.6103, 3.322, 4.766, 6.1389, 7.6656, 9.1386, 10.6435, 12.0029, 13.3914, 15.4644, 17.8196, 20.6743, 23.8631, 27.1407, 30.1609, 33.0772, 35.9682, 39.4586, 43.2208, 46.8905, 50.1173, 53.9181, 58.1322, 62.6756, 67.6756, 73.7806, 80.0384, 85.4438, 91.2042, 96.948, 102.2474, 107.5807, 112.762, 118.3674, 125.0608, 131.7542, 138.1522, 144.5625, 151.9154, 159.1881, 165.7498, 173.2573, 180.6265, 187.5469, 193.4606, 199.3918, 205.5419, 211.7763, 217.9759, 223.358, 229.6197]
growth_rate:-28.1
