ticker:EVX
price:[99.41000366210938, 99.04000091552734, 101.0199966430664, 98.0199966430664, 100.4000015258789, 104.19999694824219, 104.86000061035156, 105.08000183105469, 98.87000274658203, 107.9000015258789, 113.7699966430664, 114.62000274658203, 117.08999633789062, 116.93000030517578, 118.87999725341797, 120.08000183105469, 121.12999725341797, 120.2699966430664, 125.44999694824219, 123.31999969482422, 124.7699966430664, 119.05000305175781, 123.36000061035156, 125.5999984741211, 123.47000122070312, 122.69000244140625, 126.58000183105469, 133.63999938964844, 131.83999633789062, 133.97999572753906, 134.80999755859375, 136.4499969482422, 137.13999938964844, 139.72000122070312, 140.32000732421875, 145.99000549316406, 142.66000366210938, 141.11000061035156, 141.6699981689453, 142.72000122070312, 142.88999938964844, 137.52000427246094, 141.38999938964844, 142.25, 141.47999572753906, 140.49000549316406, 142.30999755859375, 144.8000030517578, 145.0399932861328, 148.0399932861328, 145.1199951171875, 148.4499969482422]
assets:[0, 100.00068892440797, 201.99958528747558, 296.00078586273196, 403.18632612762445, 518.447084815979, 621.7359156188965, 723.0449845993041, 780.3117226768493, 951.5809034568787, 1103.3528044441223, 1211.5907390327452, 1337.6946631622316, 1435.865324747467, 1559.812555962372, 1675.5603215499877, 1790.21656840744, 1877.510863595581, 2058.371004927063, 2123.4224107452396, 2248.3927705070496, 2245.318772557068, 2426.6022360061643, 2570.6677287696834, 2627.0712159729005, 2710.4798029357908, 2896.4162598983767, 3157.9666415771485, 3215.4324866851807, 3367.6273866104125, 3488.491787823486, 3630.9344187927245, 3749.2978713134767, 3919.830662246704, 4036.6698427001957, 4299.785235787964, 4301.712686425782, 4354.979171836853, 4472.2668361969, 4605.417447390747, 4710.8975228775025, 4633.860311964417, 4864.268427001953, 4993.85695, 5066.823086990356, 5131.369352636719, 5297.845434112549, 5490.540995716859, 5599.646044793701, 5815.469860258483, 5800.765468823242, 6033.868885958863]
shares:[0, 1.0097, 1.9996, 3.0198, 4.0158, 4.9755, 5.9292, 6.8809, 7.8923, 8.8191, 9.6981, 10.5705, 11.4245, 12.2797, 13.1209, 13.9537, 14.7793, 15.6108, 16.4079, 17.2188, 18.0203, 18.8603, 19.6709, 20.4671, 21.277, 22.0921, 22.8821, 23.6304, 24.3889, 25.1353, 25.8771, 26.61, 27.3392, 28.0549, 28.7676, 29.4526, 30.1536, 30.8623, 31.5682, 32.2689, 32.9687, 33.6959, 34.4032, 35.1062, 35.813, 36.5248, 37.2275, 37.9181, 38.6076, 39.2831, 39.9722, 40.6458]
growth_rate:18.31
