ticker:EWEB
price:[15.119999885559082, 15.083999633789062, 15.32699966430664, 15.229999542236328, 15.295000076293945, 15.5600004196167, 15.234999656677246, 16.06999969482422, 16.969999313354492, 16.610000610351562, 18.059999465942383, 17.329999923706055, 19.101999282836914, 20.270000457763672, 20.18000030517578, 18.03700065612793, 17.309999465942383, 17.31999969482422, 17.079999923706055, 15.609999656677246, 16.21500015258789, 15.949999809265137, 15.800000190734863, 16.209999084472656, 15.800000190734863, 15.350000381469727, 14.289999961853027, 14.880000114440918, 15.079999923706055, 15.255000114440918, 15.076000213623047, 15.039999961853027, 15.50100040435791, 15.152999877929688, 14.4399995803833, 14.460000038146973, 13.579999923706055, 12.835000038146973, 12.59000015258789, 12.569999694824219, 11.451000213623047, 12.49899959564209, 12.949999809265137, 12.949999809265137]
assets:[0, 99.9993755722046, 201.6098208843231, 300.3340679729462, 401.6161120033264, 508.5739457150459, 597.9508840250969, 730.7237771232604, 871.6487417310715, 953.1582410247803, 1136.365868396187, 1190.4323547592162, 1412.1554111822127, 1598.5023710994722, 1691.4048875785827, 1611.7881823316575, 1646.8231501913071, 1747.7750252044677, 1823.5564398544313, 1766.611759145546, 1935.080281709671, 2003.45555104208, 2084.6141051651, 2238.7078595596313, 2282.0840875489234, 2317.0886975830076, 2257.0812009747506, 2450.2702748448373, 2583.2039869308473, 2713.1810963539124, 2781.345650210953, 2874.7034807086948, 3062.8178682964326, 3094.0577084747315, 3048.47163141346, 3152.6935643171314, 3060.8287748039247, 2992.9115148952487, 3035.7814127929687, 3130.958149986267, 2952.2361847751617, 3322.4253272154806, 3542.3079828269006, 3642.307881354046]
shares:[0, 6.6295, 13.1539, 19.7199, 26.258, 32.6847, 39.2485, 45.4713, 51.3641, 57.3846, 62.9217, 68.692, 73.9271, 78.8605, 83.8159, 89.3601, 95.1371, 100.9108, 106.7656, 113.1718, 119.3389, 125.6085, 131.9376, 138.1066, 144.4357, 150.9504, 157.9483, 164.6687, 171.3, 177.8552, 184.4883, 191.1372, 197.5884, 204.1878, 211.113, 218.0286, 225.3924, 233.1836, 241.1264, 249.0818, 257.8147, 265.8153, 273.5373, 281.2593]
growth_rate:-15.3
