ticker:EWJV
price:[23.219999313354492, 23.3700008392334, 23.34000015258789, 22.988000869750977, 23.06999969482422, 23.360000610351562, 23.075000762939453, 23.384000778198242, 22.764999389648438, 23.770000457763672, 24.736000061035156, 25.424999237060547, 25.559999465942383, 25.584999084472656, 25.719999313354492, 25.795000076293945, 25.31999969482422, 25.93000030517578, 26.524999618530273, 26.604000091552734, 26.709999084472656, 25.959999084472656, 27.263999938964844, 28.219999313354492, 28.06999969482422, 27.565000534057617, 27.690000534057617, 28.290000915527344, 29.167999267578125, 28.8700008392334, 28.065000534057617, 28.149999618530273, 28.363000869750977, 28.0049991607666, 27.489999771118164, 28.440000534057617, 27.850000381469727, 28.195999145507812, 28.34000015258789, 28.972999572753906, 28.700000762939453, 27.614999771118164, 28.170000076293945, 27.80500030517578, 28.038000106811523, 27.739999771118164, 27.809999465942383, 27.559999465942383, 27.760000228881836, 28.18000030517578, 27.18000030517578, 27.670000076293945]
assets:[0, 100.0002335910797, 199.8720913066864, 296.85784803161624, 397.91596873626713, 502.9174531402588, 596.7818222316743, 704.7727378541946, 786.1164059234618, 920.8212937332153, 1058.2431866111756, 1187.7186693595886, 1294.026092962265, 1395.2907175712585, 1502.6523798837661, 1607.033663753128, 1677.4398517822267, 1817.8511943946837, 1959.5635243185043, 2065.3988867076873, 2173.6276734954836, 2212.5940859687807, 2423.734151374054, 2608.72164252491, 2694.8547067016602, 2746.372672209549, 2858.8264151382446, 3020.7723497589113, 3214.523528881836, 3281.6818653964997, 3290.1778856098176, 3400.142743923569, 3525.8698730207443, 3581.366108176231, 3615.506761897278, 3840.452352117539, 3860.7814978822707, 4008.746441313171, 4129.220208232498, 4321.4503674743655, 4380.730806454087, 4315.1171027349465, 4501.84207819252, 4543.512221367645, 4681.58618803463, 4731.828132957839, 4843.767722981262, 4900.223025043488, 5035.78340952015, 5211.972778443146, 5127.020535565949, 5319.449601667214]
shares:[0, 4.279, 8.5635, 12.9136, 17.2482, 21.529, 25.8627, 30.1391, 34.5318, 38.7388, 42.7815, 46.7146, 50.627, 54.5355, 58.4235, 62.3002, 66.2496, 70.1061, 73.8761, 77.6349, 81.3788, 85.2309, 88.8987, 92.4423, 96.0048, 99.6326, 103.244, 106.7788, 110.2072, 113.671, 117.2342, 120.7866, 124.3123, 127.8831, 131.5208, 135.037, 138.6277, 142.1743, 145.7029, 149.1544, 152.6387, 156.2599, 159.8098, 163.4063, 166.9729, 170.5778, 174.1736, 177.802, 181.4043, 184.9529, 188.6321, 192.2461]
growth_rate:4.3
