ticker:EXI
price:[93.7300033569336, 93.94999694824219, 95.0199966430664, 92.20999908447266, 93.56999969482422, 96.56999969482422, 96.87000274658203, 96.68000030517578, 90.7699966430664, 98.05999755859375, 102.80000305175781, 104.36000061035156, 106.1500015258789, 106.61000061035156, 106.0999984741211, 106.27999877929688, 105.79000091552734, 106.7300033569336, 109.69999694824219, 107.66000366210938, 108.26000213623047, 103.73999786376953, 108.16000366210938, 110.11000061035156, 110.55000305175781, 109.0, 110.86000061035156, 114.97000122070312, 114.61000061035156, 115.73999786376953, 116.87000274658203, 118.9000015258789, 120.12999725341797, 119.63999938964844, 118.8499984741211, 123.37999725341797, 121.94000244140625, 120.81999969482422, 123.11000061035156, 123.88999938964844, 121.44000244140625, 117.5199966430664, 120.37999725341797, 120.55999755859375, 121.44999694824219, 119.29000091552734, 121.23999786376953, 121.31999969482422, 121.9000015258789, 123.66000366210938, 120.76000213623047, 123.3499984741211]
assets:[0, 100.00037675170898, 201.13832889404296, 295.1918700691223, 399.54389869689936, 512.3521333808899, 613.9427034072876, 712.7346302497864, 769.1667975540162, 930.9423928222657, 1075.945951940918, 1192.2712629730224, 1312.7252238700867, 1418.4140751205446, 1511.627898260498, 1614.191249459839, 1706.752400770569, 1821.9131763038636, 1972.6143751235961, 2035.9367972534178, 2147.2830123710633, 2157.6259715698243, 2349.5597595520017, 2491.921445812988, 2601.8827618255614, 2665.3988, 2810.877487475586, 3015.0882820129395, 3105.6444915390016, 3236.2639502677916, 3367.8662431488037, 3526.3600252548217, 3662.835694255066, 3747.890476879883, 3823.1429809158326, 4068.8625634223936, 4121.3769785156255, 4183.525391432953, 4362.821445629883, 4490.467361877441, 4501.671594500733, 4456.358272705078, 4664.8091595680235, 4771.788815368652, 4907.017096697998, 4919.746288758087, 5100.166618135833, 5203.536106910706, 5328.407536698151, 5505.34336303711, 5476.236652873993, 5693.68790956726]
shares:[0, 1.0644, 2.1168, 3.2013, 4.27, 5.3055, 6.3378, 7.3721, 8.4738, 9.4936, 10.4664, 11.4246, 12.3667, 13.3047, 14.2472, 15.1881, 16.1334, 17.0703, 17.9819, 18.9108, 19.8345, 20.7984, 21.723, 22.6312, 23.5358, 24.4532, 25.3552, 26.225, 27.0975, 27.9615, 28.8172, 29.6582, 30.4906, 31.3264, 32.1678, 32.9783, 33.7984, 34.6261, 35.4384, 36.2456, 37.0691, 37.92, 38.7507, 39.5802, 40.4036, 41.2419, 42.0667, 42.891, 43.7113, 44.52, 45.3481, 46.1588]
growth_rate:11.64
