ticker:FAN
price:[17.09000015258789, 17.149999618530273, 17.479999542236328, 16.93000030517578, 17.950000762939453, 18.989999771118164, 19.1200008392334, 18.75, 18.079999923706055, 19.43000030517578, 19.889999389648438, 20.239999771118164, 20.889999389648438, 20.81999969482422, 20.8799991607666, 21.81999969482422, 22.610000610351562, 23.299999237060547, 25.959999084472656, 24.079999923706055, 25.479999542236328, 23.479999542236328, 24.40999984741211, 24.420000076293945, 23.549999237060547, 21.889999389648438, 20.510000228881836, 21.780000686645508, 21.420000076293945, 21.90999984741211, 22.700000762939453, 22.719999313354492, 22.489999771118164, 23.030000686645508, 21.93000030517578, 21.479999542236328, 21.0, 21.540000915527344, 21.850000381469727, 21.3700008392334, 21.40999984741211, 21.149999618530273, 21.420000076293945, 21.639999389648438, 21.600000381469727, 20.739999771118164, 20.989999771118164, 21.360000610351562, 21.559999465942383, 21.43000030517578, 21.540000915527344, 21.780000686645508]
assets:[0, 99.99993277568817, 201.9237107120514, 295.57071732788086, 413.3777475700378, 537.3277405237199, 641.0056761356353, 728.600625, 802.5657726133346, 962.4922671173096, 1085.2799156967164, 1204.3771383804321, 1343.0556627593994, 1438.5557969139097, 1542.702033993912, 1712.154280053711, 1874.142950592041, 2031.3358734855651, 2363.239960655975, 2292.095728737831, 2525.3558786304475, 2427.1322486808776, 2623.2670126018525, 2724.3416065114975, 2727.2830216453553, 2635.041511528015, 2568.9226506679533, 2827.993697156525, 2881.249192262459, 3047.159520778656, 3257.0301594676976, 3359.899386456871, 3425.8859221345897, 3608.1447525777817, 3535.8068442039494, 3563.252684062958, 3583.6268999999998, 3775.77691648407, 3930.1180536142347, 3943.7823668785095, 4051.1637741275786, 4101.96628601532, 4254.331173153115, 4398.02691595459, 4489.897039294434, 4411.132479319763, 4564.304836229325, 4744.761015579224, 4889.186950891113, 4959.7078386291505, 5085.165570137787, 5241.825435256004]
shares:[0, 5.8309, 11.5517, 17.4584, 23.0294, 28.2953, 33.5254, 38.8587, 44.3897, 49.5364, 54.5641, 59.5048, 64.2918, 69.0949, 73.8842, 78.4672, 82.89, 87.1818, 91.0339, 95.1867, 99.1113, 103.3702, 107.4669, 111.5619, 115.8082, 120.3765, 125.2522, 129.8436, 134.5121, 139.0762, 143.4815, 147.8829, 152.3293, 156.6715, 161.2315, 165.887, 170.6489, 175.2914, 179.8681, 184.5476, 189.2183, 193.9464, 198.6149, 203.236, 207.8656, 212.6872, 217.4514, 222.133, 226.7712, 231.4376, 236.0801, 240.6715]
growth_rate:2.78
