ticker:FAS
price:[38.9900016784668, 36.02000045776367, 36.18000030517578, 31.81999969482422, 35.040000915527344, 39.209999084472656, 38.22999954223633, 39.79999923706055, 33.61000061035156, 38.220001220703125, 47.16999816894531, 48.02000045776367, 54.189998626708984, 57.130001068115234, 54.470001220703125, 54.900001525878906, 57.66999816894531, 60.79999923706055, 69.29000091552734, 69.31999969482422, 65.68000030517578, 57.0099983215332, 68.69999694824219, 73.18000030517578, 79.11000061035156, 77.81999969482422, 87.0, 95.87999725341797, 91.9000015258789, 93.44000244140625, 93.98999786376953, 99.19000244140625, 101.6500015258789, 101.91999816894531, 108.16999816894531, 121.43000030517578, 121.63999938964844, 118.19999694824219, 121.75, 125.29000091552734, 116.98999786376953, 96.58999633789062, 111.87000274658203, 111.37999725341797, 108.5, 103.19999694824219, 104.23999786376953, 106.9800033569336, 118.48999786376953, 125.0, 116.8499984741211, 129.10000610351562]
assets:[0, 99.9987252708435, 200.44443769073484, 276.2898753501892, 404.2494825622558, 552.3590991027831, 638.5518593540191, 764.7768853397369, 745.8328015441895, 948.1312142822267, 1270.1559746948242, 1393.0458072795868, 1672.0378266269684, 1862.7522498264311, 1876.0231000427248, 1990.8332653327943, 2191.281153425598, 2410.209249755859, 2846.765829614258, 2947.9993550216673, 2893.197445442963, 2611.285963119507, 3246.7343757751464, 3558.4580128395082, 3946.8137524505614, 3982.454048382568, 4552.240199999999, 5116.885341421509, 5004.478913092804, 5188.340231561279, 5318.875181111145, 5713.1457606201175, 5954.840059388733, 6070.66085093689, 6542.932764244079, 7444.994748710632, 7557.8702460769655, 7444.12942780304, 7767.710875, 8093.558653141785, 7657.393126176453, 6422.1432895111075, 7538.0916470718375, 7605.070764462281, 7508.42785, 7241.6573058547965, 7414.632744049071, 7709.5353379180915, 8639.010952249146, 9213.65, 8712.92013622284, 9726.342819836427]
shares:[0, 2.7762, 5.5402, 8.6829, 11.5368, 14.0872, 16.7029, 19.2155, 22.1908, 24.8072, 26.9272, 29.0097, 30.8551, 32.6055, 34.4414, 36.2629, 37.9969, 39.6416, 41.0848, 42.5274, 44.0499, 45.804, 47.2596, 48.6261, 49.8902, 51.1752, 52.3246, 53.3676, 54.4557, 55.5259, 56.5898, 57.598, 58.5818, 59.563, 60.4875, 61.311, 62.1331, 62.9791, 63.8005, 64.5986, 65.4534, 66.4887, 67.3826, 68.2804, 69.2021, 70.1711, 71.1304, 72.0652, 72.9092, 73.7092, 74.565, 75.3396]
growth_rate:90.71
