ticker:FAZ
price:[109.36000061035156, 116.87999725341797, 115.76000213623047, 130.0800018310547, 116.95999908447266, 103.91999816894531, 105.83999633789062, 101.04000091552734, 117.5199966430664, 102.0, 77.83999633789062, 76.0, 66.4800033569336, 62.560001373291016, 65.36000061035156, 64.63999938964844, 61.119998931884766, 57.84000015258789, 49.68000030517578, 49.52000045776367, 52.08000183105469, 58.959999084472656, 48.47999954223633, 45.36000061035156, 41.84000015258789, 42.0, 36.97999954223633, 33.43000030517578, 34.790000915527344, 33.77000045776367, 33.5, 31.670000076293945, 30.780000686645508, 30.3799991607666, 28.59000015258789, 25.3700008392334, 25.010000228881836, 25.690000534057617, 24.850000381469727, 24.1299991607666, 25.719999313354492, 30.8700008392334, 26.399999618530273, 26.3799991607666, 26.709999084472656, 27.969999313354492, 27.219999313354492, 26.479999542236328, 23.719999313354492, 22.450000762939453, 23.90999984741211, 21.549999237060547]
assets:[0, 100.00252565002442, 199.0493236732483, 323.6780685562134, 391.03236493911743, 447.43794411621093, 555.7023167724609, 630.4997097129822, 833.3342961959839, 823.2828000000001, 728.2787897369384, 811.0644000000001, 809.4671688743591, 861.7389949165344, 1000.3086653411866, 1089.2874137145998, 1129.968204253006, 1169.3281470848083, 1104.3615667839051, 1200.8055391002654, 1362.8815679168702, 1642.9262704887392, 1450.8997303001404, 1457.5256836120604, 1444.4214052677155, 1549.9470000000001, 1464.692727869034, 1424.084583000183, 1582.019627632141, 1635.6364641716004, 1722.55995, 1728.4630951639176, 1779.8904757061005, 1856.7587127079012, 1847.3571548595428, 1739.296221535492, 1814.6155726066588, 1963.9542988277435, 1999.7366856977465, 2041.7960739870073, 2276.3356792287823, 2832.134269994545, 2522.0394835575103, 2620.1301046451567, 2752.906120639801, 2982.771072774887, 3002.7905562522888, 3021.156107772827, 2806.263306764412, 2756.011483660126, 3035.245366629791, 2835.656649608612]
shares:[0, 0.8556, 1.7195, 2.4883, 3.3433, 4.3056, 5.2504, 6.2401, 7.091, 8.0714, 9.3561, 10.6719, 12.1761, 13.7746, 15.3046, 16.8516, 18.4877, 20.2166, 22.2295, 24.2489, 26.169, 27.8651, 29.9278, 32.1324, 34.5225, 36.9035, 39.6077, 42.599, 45.4734, 48.4346, 51.4197, 54.5773, 57.8262, 61.1178, 64.6155, 68.5572, 72.5556, 76.4482, 80.4723, 84.6165, 88.5045, 91.7439, 95.5318, 99.3226, 103.0665, 106.6418, 110.3156, 114.092, 118.3079, 122.7622, 126.9446, 131.585]
growth_rate:-44.4
