ticker:FBT
price:[153.57000732421875, 150.91000366210938, 157.24000549316406, 155.14999389648438, 154.72000122070312, 163.69000244140625, 160.6199951171875, 157.6199951171875, 152.75, 160.02000427246094, 162.86000061035156, 158.10000610351562, 161.4600067138672, 164.5399932861328, 162.2100067138672, 173.4499969482422, 173.8699951171875, 167.99000549316406, 174.5800018310547, 176.2899932861328, 180.5800018310547, 175.25999450683594, 182.47000122070312, 182.5, 176.82000732421875, 168.1999969482422, 161.8699951171875, 162.41000366210938, 163.3699951171875, 160.08999633789062, 162.9600067138672, 158.83999633789062, 162.42999267578125, 164.63999938964844, 164.17999267578125, 161.85000610351562, 162.67999267578125, 163.6199951171875, 162.92999267578125, 162.52000427246094, 174.99000549316406, 172.92999267578125, 174.4499969482422, 173.77000427246094, 173.02999877929688, 165.60000610351562, 168.17999267578125, 167.94000244140625, 174.07000732421875, 169.74000549316406, 168.82000732421875, 173.6199951171875]
assets:[0, 99.99296842651367, 204.19187113342284, 301.4719531402588, 400.63197116088867, 523.8571148132324, 614.0341793334961, 702.5596042358399, 780.8580000000001, 918.0187625106812, 1034.3075778762818, 1104.075582623291, 1227.531993043518, 1350.9556148757933, 1431.8277292633056, 1631.0370463027953, 1734.9791332763673, 1776.3095190841675, 1945.9909064102171, 2065.043352354431, 2215.3012884628297, 2250.040387477112, 2442.5981773406984, 2542.9915, 2563.8370601989745, 2538.8443939361573, 2543.30136328125, 2651.781816793823, 2767.455043286133, 2811.884731677246, 2962.287002044678, 2987.399115124512, 3154.9102337402346, 3297.837971774292, 3388.6257948303223, 3440.542689746094, 3558.1856038024903, 3678.750160217285, 3763.2429198303225, 3853.771853311157, 4249.474792396545, 4299.454649902344, 4437.240342376709, 4519.948958131408, 4600.694637542724, 4503.14440597229, 4673.301546478272, 4766.641089294433, 5040.632237091065, 5015.240046304321, 5088.049318743896, 5332.7207880249025]
shares:[0, 0.6626, 1.2986, 1.9431, 2.5894, 3.2003, 3.8229, 4.4573, 5.112, 5.7369, 6.3509, 6.9834, 7.6027, 8.2105, 8.827, 9.4035, 9.9786, 10.5739, 11.1467, 11.7139, 12.2677, 12.8383, 13.3863, 13.9342, 14.4997, 15.0942, 15.712, 16.3277, 16.9398, 17.5644, 18.178, 18.8076, 19.4232, 20.0306, 20.6397, 21.2576, 21.8723, 22.4835, 23.0973, 23.7126, 24.2841, 24.8624, 25.4356, 26.0111, 26.589, 27.1929, 27.7875, 28.383, 28.9575, 29.5466, 30.1389, 30.7149]
growth_rate:4.56
