ticker:FCG
price:[7.190000057220459, 6.380000114440918, 6.840000152587891, 6.110000133514404, 6.050000190734863, 6.599999904632568, 6.480000019073486, 6.75, 6.079999923706055, 6.0, 7.210000038146973, 7.849999904632568, 8.729999542236328, 9.319999694824219, 9.630000114440918, 9.220000267028809, 8.960000038146973, 8.819999694824219, 10.029999732971191, 10.869999885559082, 10.369999885559082, 9.829999923706055, 10.729999542236328, 11.630000114440918, 11.739999771118164, 12.34000015258789, 14.010000228881836, 14.0600004196167, 13.170000076293945, 13.210000038146973, 13.479999542236328, 12.489999771118164, 12.460000038146973, 12.279999732971191, 13.010000228881836, 14.220000267028809, 14.25, 14.239999771118164, 14.5600004196167, 15.949999809265137, 16.15999984741211, 15.119999885559082, 16.700000762939453, 16.549999237060547, 16.020000457763672, 14.050000190734863, 14.09000015258789, 14.130000114440918, 13.890000343322754, 13.569999694824219, 12.420000076293945, 14.050000190734863]
assets:[0, 100.00012179374694, 207.21028062248232, 285.0956612298489, 382.2958820524216, 517.0499325288296, 607.649041788578, 732.96765, 760.2140064605713, 850.2113999999999, 1121.6705209345816, 1321.2366239486694, 1569.350113710022, 1775.4114778656005, 1934.4647929887772, 1952.1045565366744, 1997.0558805024148, 2065.85208052063, 2449.262745793247, 2754.3851420014385, 2727.6884748978614, 2685.6483811557773, 3031.537113668442, 3385.8140213169095, 3517.838101416588, 3797.625174958801, 4411.566942071915, 4527.311699116325, 4340.731933145905, 4453.915316861725, 4644.949026263428, 4403.8140472991945, 4493.236747756291, 4528.326037531471, 4897.518312160873, 5453.013180398845, 5564.516699999999, 5660.61208501606, 5887.816649685859, 6549.908891674233, 6736.145648395157, 6402.631991539478, 7171.6900776386265, 7207.2731077514645, 7076.466742206573, 6306.263905610275, 6424.217213571167, 6542.454283988285, 6531.329570436573, 6480.859515251923, 6031.6339330513, 6923.224703985786]
shares:[0, 15.674, 30.2939, 46.6605, 63.1894, 78.3409, 93.773, 108.5878, 125.0352, 141.7019, 155.5715, 168.3104, 179.7652, 190.4948, 200.879, 211.725, 222.8857, 234.2236, 244.1937, 253.3933, 263.0365, 273.2094, 282.5291, 291.1276, 299.6455, 307.7492, 314.887, 321.9994, 329.5924, 337.1624, 344.5808, 352.5872, 360.6129, 368.7562, 376.4426, 383.4749, 390.4924, 397.5149, 404.383, 410.6526, 416.8407, 423.4545, 429.4425, 435.4848, 441.727, 448.8444, 455.9416, 463.0187, 470.2181, 477.5873, 485.6388, 492.7562]
growth_rate:35.75
