ticker:FDN
price:[189.7100067138672, 182.64999389648438, 179.91000366210938, 185.4199981689453, 188.66000366210938, 196.75999450683594, 199.02999877929688, 199.7899932861328, 187.00999450683594, 205.6199951171875, 197.16000366210938, 200.5500030517578, 207.4600067138672, 208.3000030517578, 210.08999633789062, 217.7899932861328, 216.24000549316406, 212.22999572753906, 215.9600067138672, 212.9499969482422, 223.27000427246094, 215.97999572753906, 236.10000610351562, 243.17999267578125, 238.36000061035156, 224.02999877929688, 213.25999450683594, 220.1699981689453, 218.47000122070312, 215.60000610351562, 223.5500030517578, 232.2899932861328, 232.97000122070312, 230.50999450683594, 228.83999633789062, 219.58999633789062, 216.32000732421875, 219.50999450683594, 225.80999755859375, 227.80999755859375, 234.41000366210938, 237.22000122070312, 243.6300048828125, 246.75, 248.33999633789062, 239.47999572753906, 251.38999938964844, 241.89999389648438, 242.02000427246094, 241.35000610351562, 238.4199981689453, 248.11000061035156]
assets:[0, 100.0008716583252, 198.49470704040527, 304.57088899230956, 409.901589956665, 527.4938692733764, 633.5721951141358, 735.9863772674561, 788.9016618270873, 967.4009530273437, 1027.597939086914, 1145.2608474273682, 1284.716837576294, 1389.9234303634644, 1501.8703568206786, 1656.9244899215698, 1745.1217163314818, 1812.7625085067748, 1944.6118804550172, 2017.5095660873412, 2215.2849823913575, 2242.9522556304933, 2551.886915969849, 2728.406563824463, 2774.319719104004, 2707.5369532470704, 2677.372601036072, 2864.1254551803586, 2942.0044244384767, 3003.3512050231934, 3214.090168876648, 3439.7502205810547, 3549.8105026000976, 3612.322123916626, 3686.1546610107425, 3637.156945343018, 3682.9995486999514, 3837.3200669723515, 4047.463558239746, 4183.3205471679685, 4404.517086810302, 4557.304609451295, 4780.45922980957, 4941.686925, 5073.536457183838, 4992.535262930298, 5340.830815032959, 5239.215207806396, 5341.817130300903, 5427.020372244263, 5461.129268058777, 5783.071949226379]
shares:[0, 0.5475, 1.1033, 1.6426, 2.1727, 2.6809, 3.1833, 3.6838, 4.2185, 4.7048, 5.212, 5.7106, 6.1926, 6.6727, 7.1487, 7.6079, 8.0703, 8.5415, 9.0045, 9.4741, 9.922, 10.385, 10.8085, 11.2197, 11.6392, 12.0856, 12.5545, 13.0087, 13.4664, 13.9302, 14.3775, 14.808, 15.2372, 15.671, 16.108, 16.5634, 17.0257, 17.4813, 17.9242, 18.3632, 18.7898, 19.2113, 19.6218, 20.0271, 20.4298, 20.8474, 21.2452, 21.6586, 22.0718, 22.4861, 22.9055, 23.3085]
growth_rate:13.39
