ticker:FENY
price:[9.1899995803833, 8.579999923706055, 8.729999542236328, 7.96999979019165, 7.769999980926514, 8.180000305175781, 8.010000228881836, 8.09000015258789, 7.630000114440918, 7.690000057220459, 8.970000267028809, 9.479999542236328, 10.319999694824219, 10.789999961853027, 10.930000305175781, 10.420000076293945, 10.210000038146973, 10.149999618530273, 11.140000343322754, 11.550000190734863, 11.34000015258789, 10.630000114440918, 11.529999732971191, 12.109999656677246, 12.489999771118164, 12.989999771118164, 14.329999923706055, 14.520000457763672, 13.3100004196167, 13.630000114440918, 13.609999656677246, 13.010000228881836, 13.069999694824219, 12.84000015258789, 13.319999694824219, 14.510000228881836, 14.479999542236328, 14.15999984741211, 14.170000076293945, 15.170000076293945, 15.149999618530273, 14.199999809265137, 15.149999618530273, 14.970000267028809, 14.479999542236328, 13.289999961853027, 13.270000457763672, 13.479999542236328, 13.489999771118164, 13.420000076293945, 12.479999542236328, 13.489999771118164]
assets:[0, 99.99989911079406, 201.74854342117308, 284.18548551888466, 377.0540120744228, 496.94974253997805, 586.6219787624359, 692.4805520610809, 753.1061902956963, 859.0283743919373, 1102.013867805958, 1264.6698589324951, 1476.729004331207, 1643.9827371878625, 1765.3130932891845, 1782.9422470544814, 1847.0094269008634, 1936.1550572330475, 2225.0022945721626, 2406.8918347470285, 2463.1296811431885, 2408.9121609339713, 2712.864812171459, 2949.3310773854255, 3141.8781774244308, 3367.653543662453, 3815.048652688408, 3965.632829022217, 3735.162790756321, 3924.9643459549907, 4019.2043846124648, 3942.017059350968, 4060.1967121971134, 4088.7478205898287, 4341.597956529236, 4829.473652180481, 4919.488620477676, 4910.770075081634, 5014.238736997604, 5468.102377500534, 5560.893714979363, 5312.191528646469, 5767.585159774971, 5799.0592424412725, 5709.243723510743, 5340.0455816721915, 5432.009664383316, 5617.97178922081, 5722.139538913727, 5792.447792930603, 5486.716982748413, 6030.754310677528]
shares:[0, 11.655, 23.1098, 35.6569, 48.5269, 60.7518, 73.2362, 85.5971, 98.7033, 111.7072, 122.8555, 133.404, 143.0939, 152.3617, 161.5108, 171.1077, 180.902, 190.7542, 199.7309, 208.3889, 217.2072, 226.6145, 235.2875, 243.5451, 251.5515, 259.2497, 266.2281, 273.1152, 280.6283, 287.9651, 295.3126, 302.999, 310.6501, 318.4383, 325.9458, 332.8376, 339.7437, 346.8058, 353.863, 360.455, 367.0557, 374.098, 380.6987, 387.3787, 394.2848, 401.8093, 409.3451, 416.7635, 424.1764, 431.628, 439.6408, 447.0537]
growth_rate:18.25
