ticker:FHLC
price:[52.09000015258789, 51.59000015258789, 52.40999984741211, 51.41999816894531, 52.0, 54.5, 54.349998474121094, 54.18000030517578, 51.2400016784668, 55.16999816894531, 56.29999923706055, 54.95000076293945, 55.4900016784668, 57.029998779296875, 56.91999816894531, 57.59000015258789, 57.33000183105469, 57.75, 59.900001525878906, 59.959999084472656, 60.540000915527344, 59.09000015258789, 60.119998931884766, 61.08000183105469, 59.459999084472656, 58.0, 57.38999938964844, 58.58000183105469, 58.43000030517578, 58.90999984741211, 58.939998626708984, 59.439998626708984, 61.310001373291016, 62.310001373291016, 61.349998474121094, 61.88999938964844, 61.31999969482422, 61.880001068115234, 61.880001068115234, 61.22999954223633, 62.939998626708984, 62.220001220703125, 63.72999954223633, 64.68000030517578, 64.7699966430664, 64.31999969482422, 65.91000366210938, 66.08999633789062, 66.52999877929688, 66.41999816894531, 67.36000061035156, 67.2699966430664]
assets:[0, 100.00205629577636, 201.58982341308595, 297.78349339599606, 401.1436, 520.4314, 618.9975676216125, 717.0614680389405, 778.1511614898682, 937.8347988739013, 1057.0437456756592, 1131.6952657127379, 1242.8151165927886, 1377.3086885192872, 1474.6548525619505, 1592.0122052181243, 1684.8255598114015, 1797.1684500000001, 1964.0731300323487, 2066.0416884536744, 2186.0267850585938, 2233.66700476799, 2372.599685847473, 2510.4858032592774, 2543.9009248306274, 2581.435, 2654.2874717712402, 2809.3270058120725, 2902.130470157623, 3025.9710521621705, 3127.5095711296085, 3254.042724819183, 3456.418768420792, 3612.7961896247866, 3657.1347590408323, 3789.3266146301266, 3854.4280128173828, 3989.6264368652346, 4089.624518591309, 4146.6670129989625, 4362.4720088150025, 4412.567822570801, 4619.653833817672, 4788.5191425933845, 4895.180329290009, 4961.168808460999, 5183.808606024169, 5297.965767434692, 5433.238880310058, 5524.2575197082515, 5702.441683670044, 5794.819139824677]
shares:[0, 1.9384, 3.8464, 5.7912, 7.7143, 9.5492, 11.3891, 13.2348, 15.1864, 16.999, 18.7752, 20.595, 22.3971, 24.1506, 25.9075, 27.6439, 29.3882, 31.1198, 32.7892, 34.457, 36.1088, 37.8011, 39.4644, 41.1016, 42.7834, 44.5075, 46.25, 47.9571, 49.6685, 51.366, 53.0626, 54.745, 56.3761, 57.981, 59.611, 61.2268, 62.8576, 64.4736, 66.0896, 67.7228, 69.3116, 70.9188, 72.4879, 74.034, 75.5779, 77.1326, 78.6498, 80.1629, 81.666, 83.1716, 84.6562, 86.1427]
growth_rate:13.62
