ticker:FIDU
price:[40.43000030517578, 40.2599983215332, 40.7599983215332, 39.63999938964844, 40.47999954223633, 42.16999816894531, 42.529998779296875, 42.279998779296875, 39.56999969482422, 42.630001068115234, 44.93000030517578, 45.52000045776367, 46.58000183105469, 46.83000183105469, 46.75, 46.7599983215332, 46.79999923706055, 47.0099983215332, 48.130001068115234, 47.7599983215332, 47.939998626708984, 45.59000015258789, 48.06999969482422, 48.95000076293945, 49.04999923706055, 48.47999954223633, 49.7599983215332, 51.81999969482422, 51.16999816894531, 52.0099983215332, 52.43000030517578, 53.220001220703125, 53.709999084472656, 54.02000045776367, 54.0099983215332, 55.650001525878906, 55.16999816894531, 54.290000915527344, 55.369998931884766, 55.41999816894531, 54.720001220703125, 52.459999084472656, 54.33000183105469, 54.56999969482422, 54.619998931884766, 53.54999923706055, 54.529998779296875, 54.56999969482422, 54.63999938964844, 55.310001373291016, 54.029998779296875, 55.380001068115234]
assets:[0, 100.00180983085633, 201.24433971290586, 295.71439544677736, 401.9825874542237, 518.7668834747315, 623.196325112915, 719.533703225708, 773.4154290351868, 933.226142382431, 1083.5768173599245, 1197.8041880455016, 1325.6948001129151, 1432.8107360229492, 1530.36125, 1630.6894774658206, 1732.0866917633055, 1839.8585103088378, 1983.6924330226898, 2068.4425433071137, 2176.2362376594547, 2169.5597222614288, 2387.579200842285, 2531.287754452896, 2636.4570789916993, 2705.81906245079, 2877.257454946518, 3096.374531764984, 3157.5368430114745, 3309.370188199997, 3436.094444000244, 3587.868958294678, 3720.905203574371, 3842.3832105602264, 3941.6712815048218, 4161.356859101104, 4225.4646427597045, 4258.067922806549, 4442.772437296677, 4546.784115776062, 4589.355558380127, 4499.808881469727, 4760.210038430786, 4881.237359702302, 4985.708040502548, 4988.03784393425, 5179.324720056153, 5283.123579454803, 5389.902635792541, 5555.9947269496915, 5527.414756118775, 5765.523303199769]
shares:[0, 2.4839, 4.9373, 7.46, 9.9304, 12.3018, 14.6531, 17.0183, 19.5455, 21.8913, 24.117, 26.3138, 28.4606, 30.596, 32.735, 34.8736, 37.0104, 39.1376, 41.2153, 43.3091, 45.395, 47.5885, 49.6688, 51.7117, 53.7504, 55.8131, 57.8227, 59.7525, 61.7068, 63.6295, 65.5368, 67.4158, 69.2777, 71.1289, 72.9804, 74.7773, 76.5899, 78.4319, 80.2379, 82.0423, 83.8698, 85.776, 87.6166, 89.4491, 91.2799, 93.1473, 94.9812, 96.8137, 98.6439, 100.4519, 102.3027, 104.1084]
growth_rate:13.05
