ticker:FILL
price:[11.729999542236328, 11.289999961853027, 11.270000457763672, 10.510000228881836, 10.25, 10.819999694824219, 10.5, 10.5600004196167, 9.859999656677246, 10.329999923706055, 11.850000381469727, 12.369999885559082, 13.329999923706055, 13.75, 13.899999618530273, 13.390000343322754, 13.079999923706055, 13.0600004196167, 14.300000190734863, 14.350000381469727, 14.119999885559082, 13.260000228881836, 13.979999542236328, 14.569999694824219, 14.9399995803833, 15.380000114440918, 16.719999313354492, 16.950000762939453, 15.949999809265137, 16.0, 15.9399995803833, 15.449999809265137, 15.609999656677246, 15.34000015258789, 15.6899995803833, 16.84000015258789, 16.850000381469727, 16.450000762939453, 16.6200008392334, 17.540000915527344, 17.3799991607666, 16.6200008392334, 17.549999237060547, 17.25, 16.709999084472656, 15.65999984741211, 15.609999656677246, 15.819999694824219, 15.960000038146973, 15.989999771118164, 14.930000305175781, 15.930000305175781]
assets:[0, 100.000045662117, 199.82274311637877, 286.3470582359314, 379.263325, 500.3535738876343, 585.5556, 688.9016913744927, 743.2359281207085, 878.6635955104828, 1107.9537056667327, 1256.5730393748283, 1454.092377677536, 1599.907375, 1717.3602428689958, 1754.3498109819411, 1813.7342654207232, 1910.9614633990286, 2192.400239242458, 2300.0654161432267, 2363.2008408465385, 2319.2668600330353, 2545.2001146595003, 2752.615337345123, 2922.5164039158817, 3108.588705130672, 3479.428513109207, 3627.291688268662, 3513.2921029870035, 3624.3056, 3710.7139463163376, 3696.6457493638036, 3834.9289086554527, 3868.597706481171, 4056.8643445023536, 4454.212036359787, 4556.856813163376, 4548.681830964661, 4695.688725110626, 5055.619361885833, 5109.500765275955, 4986.0700557735445, 5365.073376767731, 5373.362925, 5305.152336334992, 5071.794754581451, 5155.602002608872, 5324.959691278839, 5472.083917079162, 5582.369557093621, 5312.3061145858765, 5768.120891501618]
shares:[0, 8.8574, 17.7305, 27.2452, 37.0013, 46.2434, 55.7672, 65.2369, 75.3789, 85.0594, 93.4982, 101.5823, 109.0842, 116.3569, 123.5511, 131.0194, 138.6647, 146.3217, 153.3147, 160.2833, 167.3655, 174.907, 182.0601, 188.9235, 195.6169, 202.1189, 208.0998, 213.9995, 220.2691, 226.5191, 232.7926, 239.2651, 245.6713, 252.1902, 258.5637, 264.5019, 270.4366, 276.5156, 282.5324, 288.2337, 293.9874, 300.0042, 305.7022, 311.4993, 317.4837, 323.8694, 330.2756, 336.5967, 342.8624, 349.1163, 355.8142, 362.0917]
growth_rate:13.1
