ticker:FITE
price:[37.52899932861328, 36.625999450683594, 37.529998779296875, 36.72999954223633, 37.224998474121094, 39.0620002746582, 39.117000579833984, 38.39699935913086, 35.599998474121094, 37.71200180053711, 39.30500030517578, 40.05799865722656, 41.37799835205078, 42.729000091552734, 43.04899978637695, 45.290000915527344, 46.14500045776367, 46.28300094604492, 47.20000076293945, 47.856998443603516, 48.970001220703125, 46.86000061035156, 49.314998626708984, 50.60200119018555, 49.93299865722656, 47.33000183105469, 46.8129997253418, 49.50699996948242, 48.6510009765625, 47.95399856567383, 48.69599914550781, 49.58599853515625, 50.38100051879883, 50.242000579833984, 49.99800109863281, 49.73099899291992, 49.51900100708008, 49.76300048828125, 50.99399948120117, 51.388999938964844, 52.59700012207031, 51.856998443603516, 52.50199890136719, 51.62900161743164, 52.04800033569336, 50.18000030517578, 51.78499984741211, 52.124000549316406, 51.5880012512207, 51.50699996948242, 50.54199981689453, 53.22700119018555]
assets:[0, 99.99996630020142, 202.46683741455078, 298.1520982841492, 402.1714385147095, 522.0167592704772, 622.750472631073, 711.2890543281555, 759.4761274475098, 904.5336767864227, 1042.7420055961609, 1162.7194632247924, 1301.0318509841918, 1443.5095371929167, 1554.318576486969, 1735.2320370773316, 1867.9911490306854, 1973.5765848407746, 2112.6767541492463, 2242.0860199832914, 2394.231505682373, 2391.0690191436765, 2616.338211141968, 2784.6180050956727, 2847.8037459182738, 2799.347157298279, 2868.7708426685335, 3133.8624078681946, 3179.6786057250974, 3234.1231620658873, 3384.167417416382, 3546.0187202453617, 3702.872547530365, 3792.6580913703915, 3874.2401093307494, 3953.5497696384427, 4036.6948759952547, 4156.583999584961, 4359.405624048615, 4493.171515163422, 4698.789823805237, 4732.682291656875, 4891.548235241699, 4910.212339126968, 5050.06132857132, 4968.813594218445, 5227.7423410961155, 5361.964662107849, 5406.8249175376895, 5498.33619184227, 5495.325501891327, 5887.257629842376]
shares:[0, 2.7303, 5.3948, 8.1174, 10.8038, 13.3638, 15.9202, 18.5246, 21.3336, 23.9853, 26.5295, 29.0259, 31.4426, 33.7829, 36.1058, 38.3138, 40.4809, 42.6415, 44.7601, 46.8497, 48.8918, 51.0258, 53.0536, 55.0298, 57.0325, 59.1453, 61.2815, 63.3014, 65.3569, 67.4422, 69.4958, 71.5125, 73.4974, 75.4878, 77.4879, 79.4987, 81.5181, 83.5276, 85.4886, 87.4345, 89.3357, 91.2641, 93.1688, 95.1057, 97.027, 99.0198, 100.9509, 102.8694, 104.8078, 106.7493, 108.7279, 110.6066]
growth_rate:15.44
