ticker:FIVG
price:[28.639999389648438, 28.059999465942383, 28.40999984741211, 27.799999237060547, 28.3799991607666, 30.15999984741211, 29.959999084472656, 29.979999542236328, 28.34000015258789, 30.920000076293945, 31.299999237060547, 31.510000228881836, 32.20000076293945, 33.2400016784668, 32.5099983215332, 33.470001220703125, 33.47999954223633, 33.599998474121094, 34.68000030517578, 34.7599983215332, 35.59000015258789, 34.650001525878906, 35.709999084472656, 36.689998626708984, 36.0, 34.54999923706055, 33.4900016784668, 35.0099983215332, 35.16999816894531, 35.529998779296875, 35.88999938964844, 36.36000061035156, 36.599998474121094, 36.7400016784668, 36.099998474121094, 36.41999816894531, 35.5, 36.02000045776367, 36.849998474121094, 37.45000076293945, 37.77000045776367, 36.81999969482422, 37.61000061035156, 38.11000061035156, 37.849998474121094, 36.72999954223633, 37.540000915527344, 38.45000076293945, 38.560001373291016, 38.349998474121094, 37.630001068115234, 38.70000076293945]
assets:[0, 100.00022609672547, 201.24791591911315, 296.9262318511963, 403.1208600791931, 528.4031973266601, 624.8996689041138, 725.3181209251404, 785.6414842300416, 957.1657063617706, 1068.9294039447784, 1176.101305542946, 1301.855690845871, 1443.9024609104156, 1512.1928189266205, 1656.8487354278564, 1757.3450879722595, 1863.644075366211, 2023.5468058067322, 2128.215657234192, 2279.0341317710872, 2318.840472114563, 2489.776127167511, 2658.1023445083615, 2708.1144, 2699.0390303993227, 2716.2333781333923, 2939.512980072403, 3052.9457590545658, 3184.1949376007083, 3316.4584615997314, 3459.890398078918, 3582.7262706336974, 3696.429938871384, 3732.039502253723, 3865.119651676941, 3867.4836, 4024.1328391410825, 4216.859560388946, 4385.5186743427275, 4522.991547817612, 4509.227538626099, 4705.977653370666, 4868.541144972229, 4935.325646038055, 4889.288178065109, 5097.109998308563, 5320.668810574722, 5435.892081595993, 5506.28894591446, 5502.913518198395, 5759.388293541718]
shares:[0, 3.5638, 7.0837, 10.6808, 14.2044, 17.52, 20.8578, 24.1934, 27.722, 30.9562, 34.1511, 37.3247, 40.4303, 43.4387, 46.5147, 49.5025, 52.4894, 55.4656, 58.3491, 61.226, 64.0358, 66.9218, 69.7221, 72.4476, 75.2254, 78.1198, 81.1058, 83.9621, 86.8054, 89.6199, 92.4062, 95.1565, 97.8887, 100.6105, 103.3806, 106.1263, 108.9432, 111.7194, 114.4331, 117.1033, 119.7509, 122.4668, 125.1257, 127.7497, 130.3917, 133.1143, 135.7781, 138.3789, 140.9723, 143.5799, 146.2374, 148.8214]
growth_rate:12.93
