ticker:FIW
price:[59.91999816894531, 59.41999816894531, 59.90999984741211, 58.79999923706055, 61.15999984741211, 64.33000183105469, 65.55999755859375, 66.08999633789062, 62.2400016784668, 65.94000244140625, 68.08000183105469, 68.54000091552734, 69.93000030517578, 70.3499984741211, 70.51000213623047, 71.16000366210938, 71.45999908447266, 72.12000274658203, 76.29000091552734, 75.0999984741211, 75.9800033569336, 71.69000244140625, 75.81999969482422, 77.18000030517578, 77.12999725341797, 75.69000244140625, 75.41999816894531, 77.94999694824219, 77.05999755859375, 77.91999816894531, 78.93000030517578, 80.1500015258789, 81.7300033569336, 83.04000091552734, 82.02999877929688, 83.63999938964844, 82.69999694824219, 81.63999938964844, 83.0, 83.08000183105469, 83.69999694824219, 80.55000305175781, 83.1500015258789, 83.91000366210938, 84.66000366210938, 84.30999755859375, 86.12999725341797, 87.5, 88.56999969482422, 89.11000061035156, 88.93000030517578, 90.41000366210938]
assets:[0, 99.99791491851806, 200.82431048851015, 297.1046361450196, 409.03196297950745, 530.2336070922852, 640.3703881530762, 745.5480306884765, 802.1180216312408, 949.7997951660157, 1080.627061064148, 1187.9284418678285, 1312.0196727256775, 1419.9021592025756, 1523.1288621459962, 1637.1710882537843, 1744.074175655365, 1860.1840188423157, 2067.7412978141783, 2135.4909866111757, 2260.511471873474, 2232.8783230407716, 2461.5114540924073, 2605.666272303009, 2703.977165711975, 2753.4963228149413, 2843.673320960999, 3039.0677110198976, 3104.369707647705, 3239.0174438858035, 3380.9981350723265, 3533.2605322654726, 3702.908570091248, 3862.2568745819094, 3915.283638735962, 4092.1287901382448, 4146.139537001038, 4192.997712652588, 4362.8452, 4467.0538464523315, 4600.386192266846, 4527.256536521912, 4773.383822595978, 4917.017131594849, 5060.966552920532, 5140.0433111572265, 5350.998339363098, 5536.11625, 5703.819410346985, 5838.594171990966, 5926.802121338654, 6125.440486114502]
shares:[0, 1.6829, 3.3521, 5.0528, 6.6879, 8.2424, 9.7677, 11.2808, 12.8875, 14.404, 15.8729, 17.3319, 18.7619, 20.1834, 21.6016, 23.0069, 24.4063, 25.7929, 27.1037, 28.4353, 29.7514, 31.1463, 32.4652, 33.7609, 35.0574, 36.3786, 37.7045, 38.9874, 40.2851, 41.5685, 42.8354, 44.0831, 45.3066, 46.5108, 47.7299, 48.9255, 50.1347, 51.3596, 52.5644, 53.7681, 54.9628, 56.2043, 57.4069, 58.5987, 59.7799, 60.966, 62.127, 63.2699, 64.399, 65.5212, 66.6457, 67.7518]
growth_rate:20.11
