ticker:FLM
price:[43.029998779296875, 42.880001068115234, 43.56999969482422, 41.72999954223633, 42.27000045776367, 44.130001068115234, 43.47999954223633, 43.70000076293945, 41.22999954223633, 44.06999969482422, 46.91999816894531, 47.790000915527344, 48.84000015258789, 49.5099983215332, 49.209999084472656, 48.86000061035156, 48.63999938964844, 49.2400016784668, 52.09000015258789, 51.97999954223633, 51.970001220703125, 48.77000045776367, 51.63999938964844, 52.09000015258789, 51.630001068115234, 51.65999984741211, 52.7599983215332, 55.400001525878906, 55.290000915527344, 55.47999954223633, 56.18000030517578, 56.650001525878906, 57.54999923706055, 57.400001525878906, 56.97999954223633, 59.369998931884766, 57.939998626708984, 57.29999923706055, 57.099998474121094, 57.849998474121094, 57.22999954223633, 54.09000015258789, 55.16999816894531, 54.36000061035156, 54.459999084472656, 53.27000045776367, 54.43000030517578, 54.209999084472656, 53.88999938964844, 55.0099983215332, 53.529998779296875, 54.880001068115234]
assets:[0, 100.00045049095154, 201.6114595878601, 293.0989977848053, 396.88994229812624, 514.3528144493104, 606.7764376117706, 709.8453323928833, 769.7228614540101, 922.7420606101989, 1082.416205758667, 1202.4872240364075, 1328.9071001518248, 1447.1376429397583, 1538.368544379425, 1627.4289003295899, 1720.1000744155883, 1841.32001476593, 2047.8975199989318, 2143.5720131225585, 2243.1603746887204, 2205.038030696869, 2434.800151222229, 2556.019844487381, 2633.450160480499, 2734.978545921707, 2893.2158559574127, 3137.9890464294435, 3231.755843513489, 3342.8641524181367, 3485.042048931122, 3614.1964523490906, 3771.614014999771, 3861.7860026588437, 3933.528798398972, 4198.521647465133, 4197.39367251358, 4251.029643398285, 4336.191014124298, 4493.1457464866635, 4544.989089646149, 4395.623862400055, 4583.391039880371, 4616.099043829346, 4724.59008457489, 4721.352102571869, 4924.162381608581, 5004.260540485382, 5074.718851524352, 5280.1896988906865, 5238.129853549194, 5470.235450465774]
shares:[0, 2.3321, 4.6273, 7.0237, 9.3894, 11.6554, 13.9553, 16.2436, 18.669, 20.9381, 23.0694, 25.1619, 27.2094, 29.2292, 31.2613, 33.308, 35.3639, 37.3948, 39.3146, 41.2384, 43.1626, 45.213, 47.1495, 49.0693, 51.0062, 52.9419, 54.8373, 56.6424, 58.451, 60.2535, 62.0335, 63.7987, 65.5363, 67.2785, 69.0335, 70.7179, 72.4438, 74.189, 75.9403, 77.6689, 79.4162, 81.265, 83.0776, 84.9172, 86.7534, 88.6306, 90.4678, 92.3125, 94.1681, 95.986, 97.8541, 99.6763]
growth_rate:7.26
