ticker:FMAT
price:[35.130001068115234, 35.18000030517578, 35.38999938964844, 33.630001068115234, 34.29999923706055, 36.099998474121094, 36.119998931884766, 36.029998779296875, 34.36000061035156, 37.0099983215332, 37.75, 38.16999816894531, 39.27000045776367, 39.529998779296875, 39.220001220703125, 39.72999954223633, 39.689998626708984, 40.119998931884766, 42.45000076293945, 41.7400016784668, 41.27000045776367, 39.11000061035156, 40.900001525878906, 41.540000915527344, 41.869998931884766, 41.0, 42.15999984741211, 44.279998779296875, 43.61000061035156, 44.560001373291016, 44.630001068115234, 44.81999969482422, 46.220001220703125, 46.380001068115234, 46.41999816894531, 49.27000045776367, 49.220001220703125, 48.470001220703125, 48.91999816894531, 49.22999954223633, 48.470001220703125, 45.060001373291016, 46.16999816894531, 46.52000045776367, 46.540000915527344, 45.209999084472656, 45.560001373291016, 46.90999984741211, 46.869998931884766, 48.2599983215332, 46.630001068115234, 48.08000183105469]
assets:[0, 99.99915086746215, 200.59759454040525, 290.6203802303314, 396.41195118255615, 517.2155081382751, 617.5002777397156, 715.962914743042, 782.7792259048463, 943.1516942264557, 1062.009425, 1173.8266856903076, 1307.6556722431185, 1416.3124202636718, 1505.204816848755, 1624.7781962795257, 1723.1412903785706, 1841.8088509655, 2048.7728768218994, 2114.5067450294496, 2190.698291299057, 2176.041323959351, 2375.6356886291505, 2512.8086573814394, 2632.7687848373416, 2678.0626, 2853.8314696712496, 3097.3372066131587, 3150.4736640930178, 3319.105174291229, 3424.317165953064, 3538.893053903961, 3749.4358290252685, 3862.4151769500736, 3965.743999569702, 4309.223218036652, 4404.850491244507, 4437.7291257629395, 4578.931396612548, 4707.948547223282, 4735.267075256348, 4502.129483211136, 4713.033413085937, 4848.7610397125245, 4950.846179392242, 4909.362842582703, 5047.3693081401825, 5296.9270707702635, 5392.4121251129145, 5652.331653413773, 5561.4203373908995, 5834.35917419281]
shares:[0, 2.8425, 5.6682, 8.6417, 11.5572, 14.3273, 17.0958, 19.8713, 22.7817, 25.4837, 28.1327, 30.7526, 33.2991, 35.8288, 38.3785, 40.8955, 43.415, 45.9075, 48.2632, 50.659, 53.0821, 55.639, 58.084, 60.4913, 62.8796, 65.3186, 67.6905, 69.9489, 72.242, 74.4862, 76.7268, 78.9579, 81.1215, 83.2776, 85.4318, 87.4614, 89.4931, 91.5562, 93.6004, 95.6317, 97.6948, 99.9141, 102.08, 104.2296, 106.3783, 108.5902, 110.7851, 112.9168, 115.0504, 117.1225, 119.267, 121.3469]
growth_rate:14.4
