ticker:FNCL
price:[35.790000915527344, 34.79999923706055, 34.540000915527344, 33.040000915527344, 34.31999969482422, 35.790000915527344, 35.560001373291016, 36.040000915527344, 34.13999938964844, 35.63999938964844, 38.599998474121094, 38.900001525878906, 40.58000183105469, 41.41999816894531, 40.86000061035156, 40.869998931884766, 41.58000183105469, 42.220001220703125, 44.27000045776367, 44.380001068115234, 43.630001068115234, 41.59000015258789, 44.4900016784668, 45.439998626708984, 46.56999969482422, 46.47999954223633, 48.380001068115234, 50.209999084472656, 49.16999816894531, 49.459999084472656, 49.540000915527344, 50.36000061035156, 50.83000183105469, 50.939998626708984, 52.0, 53.9900016784668, 53.9900016784668, 53.58000183105469, 54.150001525878906, 54.720001220703125, 53.58000183105469, 50.220001220703125, 52.88999938964844, 52.63999938964844, 52.290000915527344, 51.41999816894531, 51.689998626708984, 52.189998626708984, 54.0099983215332, 54.939998626708984, 53.72999954223633, 55.630001068115234]
assets:[0, 100.0012778076172, 199.25435728149412, 290.6000240524292, 401.8597404266357, 519.0731202781677, 615.7356477790833, 724.0472223930359, 785.8754739501953, 920.4029842376709, 1096.8459766410829, 1205.371007281494, 1357.429467250061, 1485.5282343292238, 1565.4446873840332, 1665.8284604644775, 1794.7675150360108, 1922.3906495819092, 2115.7341538772584, 2220.99271545372, 2283.45900290184, 2276.6906753528597, 2535.440705654144, 2689.5798867153167, 2856.4640712814335, 2950.9454509372713, 3171.575160020828, 3391.539829158783, 3421.292725593567, 3541.4694764457704, 3647.1992694023133, 3807.5685661468506, 3943.1018110427854, 4051.6350467720035, 4235.946, 4498.052812837601, 4598.053093946457, 4663.13721335907, 4812.743835617065, 4963.405070724487, 4960.002571504211, 4748.958997433472, 5101.441423129272, 5177.328179969787, 5242.904002796173, 5255.674006846619, 5383.270413978195, 5535.344320346832, 5828.37554787178, 6028.73636330452, 5995.961687916184, 6307.991518115617]
shares:[0, 2.8736, 5.7688, 8.7954, 11.7092, 14.5033, 17.3154, 20.0901, 23.0192, 25.825, 28.4157, 30.9864, 33.4507, 35.865, 38.3124, 40.7592, 43.1642, 45.5327, 47.7916, 50.0449, 52.3369, 54.7413, 56.989, 59.1897, 61.337, 63.4885, 65.5555, 67.5471, 69.5809, 71.6027, 73.6213, 75.607, 77.5743, 79.5374, 81.4605, 83.3127, 85.1649, 87.0313, 88.878, 90.7055, 92.5719, 94.5631, 96.4538, 98.3535, 100.2659, 102.2107, 104.1453, 106.0614, 107.9129, 109.7331, 111.5943, 113.3919]
growth_rate:23.69
