ticker:FNILX
price:[12.25, 11.930000305175781, 11.890000343322754, 11.819999694824219, 12.010000228881836, 12.479999542236328, 12.510000228881836, 12.4399995803833, 11.729999542236328, 12.619999885559082, 12.869999885559082, 12.8100004196167, 13.130000114440918, 13.199999809265137, 13.079999923706055, 13.289999961853027, 13.270000457763672, 13.449999809265137, 13.6899995803833, 13.489999771118164, 13.75, 13.300000190734863, 13.9399995803833, 14.130000114440918, 14.029999732971191, 13.630000114440918, 13.670000076293945, 14.0600004196167, 13.9399995803833, 14.130000114440918, 14.3100004196167, 14.720000267028809, 14.930000305175781, 14.90999984741211, 14.899999618530273, 15.010000228881836, 14.800000190734863, 14.770000457763672, 14.970000267028809, 15.050000190734863, 15.149999618530273, 14.90999984741211, 15.319999694824219, 15.579999923706055, 15.649999618530273, 15.489999771118164, 15.84000015258789, 15.760000228881836, 15.90999984741211, 16.010000228881836, 15.920000076293945, 16.18000030517578]
assets:[0, 99.99964855804443, 199.6640197652817, 298.48808829345705, 403.2861996856689, 519.0681409606933, 620.3158673492431, 716.8450238199234, 775.9312587192535, 934.803775522995, 1053.321974633789, 1148.4114136184694, 1277.0986521311759, 1383.9077800030707, 1471.3273354179382, 1594.9501724219324, 1692.550075386429, 1815.5078742542266, 1947.9034942941664, 2019.4462207365036, 2158.36775, 2187.7303313741686, 2393.004451966667, 2525.6202414553645, 2607.7462293675426, 2633.3991651106835, 2741.1275532985687, 2919.3313151266098, 2994.415065863228, 3135.228010392666, 3275.167002038765, 3469.005054929638, 3618.494593963623, 3713.647080994797, 3811.156172426796, 3939.292005068779, 3984.179291346073, 4076.103612329864, 4231.297521476173, 4353.90937017889, 4482.839437124252, 4511.824102826309, 4735.8914216606145, 4916.265859925461, 5038.354617189789, 5086.844670836258, 5301.782691072464, 5375.006390060997, 5526.165028000259, 5660.899132929229, 5729.076299455643, 5922.642189708709]
shares:[0, 8.3822, 16.7926, 25.2528, 33.5792, 41.592, 49.5856, 57.6242, 66.1493, 74.0732, 81.8432, 89.6496, 97.2657, 104.8415, 112.4868, 120.0113, 127.5471, 134.982, 142.2866, 149.6995, 156.9722, 164.491, 171.6646, 178.7417, 185.8693, 193.2061, 200.5214, 207.6338, 214.8074, 221.8845, 228.8726, 235.6661, 242.364, 249.0709, 255.7823, 262.4445, 269.2013, 275.9718, 282.6518, 289.2963, 295.897, 302.6039, 309.1313, 315.5498, 321.9396, 328.3954, 334.7085, 341.0537, 347.3391, 353.5852, 359.8666, 366.0471]
growth_rate:16.13
