ticker:FPXE
price:[24.59000015258789, 24.84000015258789, 25.229999542236328, 24.6200008392334, 25.040000915527344, 26.030000686645508, 26.059999465942383, 25.530000686645508, 24.110000610351562, 26.450000762939453, 26.0, 26.540000915527344, 27.1200008392334, 27.59000015258789, 28.209999084472656, 29.030000686645508, 28.8799991607666, 29.010000228881836, 29.719999313354492, 28.809999465942383, 30.010000228881836, 28.709999084472656, 30.239999771118164, 31.299999237060547, 31.100000381469727, 29.110000610351562, 27.719999313354492, 28.670000076293945, 28.559999465942383, 27.979999542236328, 28.719999313354492, 29.239999771118164, 30.0, 30.139999389648438, 29.969999313354492, 29.799999237060547, 28.690000534057617, 29.219999313354492, 30.09000015258789, 30.270000457763672, 30.530000686645508, 29.56999969482422, 29.850000381469727, 30.3799991607666, 29.93000030517578, 30.280000686645508, 31.6200008392334, 32.029998779296875, 32.7599983215332, 32.7400016784668, 32.400001525878906, 33.310001373291016]
assets:[0, 100.00087261428834, 201.57003534278869, 296.6956301136017, 401.75679868927, 517.6404026548386, 618.2370033302308, 705.6645369792938, 766.4159324020386, 940.8000771369934, 1024.7952, 1146.079513535309, 1271.125287335205, 1393.1542987049104, 1524.459887525177, 1668.772171471405, 1760.149308851242, 1868.0728557386396, 2013.7914894737241, 2052.1304999591825, 2237.6056370658875, 2240.674749547577, 2460.084461380005, 2646.317905495834, 2729.4075634786604, 2654.7592806625366, 2627.994534902573, 2818.060317499161, 2907.248009635925, 2948.207783766174, 3126.180541258431, 3282.783546303368, 3468.108, 3584.2939374160765, 3664.078170051956, 3743.2941241641997, 3703.861854946518, 3872.2839830045705, 4087.5790797283175, 4212.031212697219, 4348.210923794937, 4311.483375503541, 4452.309641898537, 4631.360998060799, 4662.758831542969, 4817.284673239326, 5130.468454168891, 5296.9930781250005, 5517.717377298355, 5614.350433828354, 5656.045586371612, 5914.903577857209]
shares:[0, 4.0258, 7.9893, 12.051, 16.0446, 19.8863, 23.7236, 27.6406, 31.7883, 35.569, 39.4152, 43.1831, 46.8704, 50.4949, 54.0397, 57.4844, 60.947, 64.3941, 67.7588, 71.2298, 74.562, 78.0451, 81.352, 84.5469, 87.7623, 91.1975, 94.805, 98.293, 101.7944, 105.3684, 108.8503, 112.2703, 115.6036, 118.9215, 122.2582, 125.6139, 129.0994, 132.5217, 135.8451, 139.1487, 142.4242, 145.806, 149.1561, 152.4477, 155.7888, 159.0913, 162.2539, 165.376, 168.4285, 171.4829, 174.5693, 177.5714]
growth_rate:15.98
