ticker:FRAK
price:[64.18000030517578, 57.720001220703125, 61.400001525878906, 55.83000183105469, 54.43000030517578, 58.43000030517578, 57.75, 58.93000030517578, 53.349998474121094, 54.209999084472656, 63.380001068115234, 68.2699966430664, 76.01000213623047, 79.54000091552734, 82.47000122070312, 79.23999786376953, 76.26000213623047, 76.48999786376953, 86.58999633789062, 90.7699966430664, 87.19000244140625, 81.91000366210938, 89.30000305175781, 96.30000305175781, 98.27999877929688, 104.54000091552734, 117.7699966430664, 118.0999984741211, 110.31999969482422, 111.19000244140625, 113.27999877929688, 106.2300033569336, 106.75, 104.37999725341797, 110.33999633789062, 120.5199966430664, 120.33999633789062, 118.44000244140625, 120.33999633789062, 131.0399932861328, 131.99000549316406, 123.55999755859375, 135.75999450683594, 135.6999969482422, 129.4499969482422, 116.55999755859375, 116.94999694824219, 116.94000244140625, 116.44999694824219, 114.6500015258789, 104.69000244140625, 117.52999877929688]
assets:[0, 99.99990211486816, 206.37768512878418, 287.6585014343262, 380.44393013305665, 508.3994326553345, 602.48265, 714.7914387016297, 747.1080436317444, 859.1525914901733, 1104.4852506134034, 1289.7021605834962, 1535.918911166382, 1707.2465796508789, 1870.1392296813965, 1896.8946128616333, 1925.5574279396058, 2031.3678202674866, 2399.5992965148926, 2615.437606273651, 2612.2822251464845, 2554.093161190796, 2884.5240485763547, 3210.6324717453003, 3376.6452300598144, 3691.7255923309326, 4258.928165602875, 4370.857323527527, 4182.9262044288635, 4315.917777764893, 4497.046031539918, 4317.176713425445, 4438.312725000001, 4439.771869174957, 4793.279780914307, 5335.5046153861995, 5427.538412832641, 5441.844352172851, 5629.14400869751, 6229.654384822083, 6374.81368830719, 6067.660800109863, 6766.766862200928, 6863.773695640564, 6647.6456932830815, 6085.702376531983, 6206.0685380554205, 6305.533565643311, 6379.107542825318, 6380.501884918213, 5926.207906201172, 6753.03866986084]
shares:[0, 1.7325, 3.3612, 5.1524, 6.9896, 8.701, 10.4326, 12.1295, 14.0039, 15.8486, 17.4264, 18.8912, 20.2068, 21.464, 22.6766, 23.9386, 25.2499, 26.5573, 27.7122, 28.8139, 29.9608, 31.1817, 32.3015, 33.3399, 34.3574, 35.314, 36.1631, 37.0098, 37.9163, 38.8157, 39.6985, 40.6399, 41.5767, 42.5347, 43.441, 44.2707, 45.1017, 45.946, 46.777, 47.5401, 48.2977, 49.107, 49.8436, 50.5805, 51.353, 52.2109, 53.066, 53.9211, 54.7798, 55.652, 56.6072, 57.458]
growth_rate:32.41
