ticker:FTAG
price:[22.010000228881836, 22.049999237060547, 22.600000381469727, 21.309999465942383, 21.15999984741211, 22.530000686645508, 22.18000030517578, 22.110000610351562, 20.959999084472656, 22.389999389648438, 23.440000534057617, 24.170000076293945, 25.270000457763672, 24.979999542236328, 25.290000915527344, 26.059999465942383, 25.959999084472656, 26.399999618530273, 27.90999984741211, 28.15999984741211, 28.309999465942383, 27.829999923706055, 28.75, 29.229999542236328, 29.5, 29.270000457763672, 29.350000381469727, 30.649999618530273, 30.510000228881836, 30.190000534057617, 30.420000076293945, 30.440000534057617, 31.079999923706055, 30.93000030517578, 30.93000030517578, 32.33000183105469, 31.829999923706055, 31.049999237060547, 31.260000228881836, 31.459999084472656, 30.979999542236328, 29.3700008392334, 29.8799991607666, 29.889999389648438, 29.850000381469727, 29.25, 29.399999618530273, 29.6200008392334, 29.420000076293945, 30.1200008392334, 28.639999389648438, 29.579999923706055]
assets:[0, 99.99895153999329, 202.49374341793057, 290.9347677087784, 388.8869411956787, 514.0647726671219, 606.0795983390808, 704.1659324386596, 767.5404944740296, 919.9065589233398, 1063.0462162204742, 1196.1539677757262, 1350.5930794658661, 1435.0934797016143, 1552.9021582168577, 1700.1830311574936, 1793.6594087432861, 1924.0610121980667, 2134.1102283325195, 2253.2252037906646, 2365.2268493808747, 2425.1228913517, 2605.2933749999997, 2748.7891569519043, 2874.1791, 2951.7712471637724, 3059.8402647695543, 3295.3684239858626, 3380.3158123586654, 3444.863219939232, 3571.107236956406, 3673.4566484493257, 3850.6907785474777, 3932.106194796753, 4032.105978783417, 4314.613326364136, 4347.885682578469, 4341.339478327561, 4470.702074733925, 4599.304004154205, 4629.130667599487, 4488.558488258362, 4666.499904932975, 4768.061669636535, 4861.681502130126, 4863.9591, 4988.903575268173, 5126.235799243354, 5191.620907463264, 5415.148446882248, 5249.064624136353, 5521.346583759117]
shares:[0, 4.5351, 8.9599, 13.6525, 18.3784, 22.8169, 27.3255, 31.8483, 36.6193, 41.0856, 45.3518, 49.4892, 53.4465, 57.4497, 61.4038, 65.2411, 69.0932, 72.8811, 76.464, 80.0151, 83.5474, 87.1406, 90.6189, 94.04, 97.4298, 100.8463, 104.2535, 107.5161, 110.7937, 114.1061, 117.3934, 120.6786, 123.8961, 127.1292, 130.3623, 133.4554, 136.5971, 139.8177, 143.0167, 146.1953, 149.4232, 152.828, 156.1747, 159.5203, 162.8704, 166.2892, 169.6906, 173.0667, 176.4657, 179.7858, 183.2774, 186.6581]
growth_rate:8.26
