ticker:FTEC
price:[92.66000366210938, 88.7699966430664, 87.87999725341797, 89.87999725341797, 91.05999755859375, 95.5, 96.27999877929688, 94.0999984741211, 88.11000061035156, 96.7300033569336, 96.0999984741211, 96.04000091552734, 98.38999938964844, 100.91000366210938, 99.9000015258789, 103.29000091552734, 104.23999786376953, 104.51000213623047, 105.62000274658203, 103.27999877929688, 107.52999877929688, 103.77999877929688, 109.56999969482422, 112.4800033569336, 110.41000366210938, 105.30999755859375, 102.94000244140625, 105.45999908447266, 103.66999816894531, 105.62000274658203, 108.0999984741211, 112.9000015258789, 114.2300033569336, 113.72000122070312, 111.33000183105469, 110.06999969482422, 107.55000305175781, 108.0199966430664, 109.94000244140625, 111.05000305175781, 112.95999908447266, 113.2300033569336, 116.04000091552734, 119.27999877929688, 120.23999786376953, 118.8499984741211, 122.55000305175781, 121.75, 122.94999694824219, 122.88999938964844, 122.97000122070312, 125.54000091552734]
assets:[0, 99.9994012184143, 198.99546578063968, 303.52475072479245, 407.51170107421876, 527.3796500000001, 631.6834439910889, 717.3807483673096, 771.7114403457641, 947.2092118721007, 1041.0416734703065, 1140.3885748710632, 1268.2962871322632, 1400.7822158355714, 1486.7617727088927, 1637.2084885116576, 1752.2639400901794, 1856.7978549537659, 1976.5199213981628, 2032.7259519744873, 2216.376075839233, 2239.0846076629637, 2464.010153137207, 2629.4450384750367, 2681.0529959259034, 2657.213451397705, 2697.408941973877, 2863.439349141693, 2914.8375035171507, 3069.6658258247376, 3241.745994241333, 3485.6859371101377, 3626.745491580963, 3710.5585478302005, 3732.5721043899534, 3790.326481491089, 3803.5488779266357, 3920.175302172852, 4089.856042822266, 4231.14948127594, 4403.926300306702, 4514.457587840271, 4726.494901290894, 4958.469549255371, 5098.380317420197, 5139.442369016266, 5399.442839457703, 5464.2008749999995, 5618.052570553589, 5715.306646614074, 5819.026536764527, 6040.645886052704]
shares:[0, 1.1265, 2.2644, 3.377, 4.4752, 5.5223, 6.5609, 7.6236, 8.7585, 9.7923, 10.8329, 11.8741, 12.8905, 13.8815, 14.8825, 15.8506, 16.8099, 17.7667, 18.7135, 19.6817, 20.6117, 21.5753, 22.488, 23.377, 24.2827, 25.2323, 26.2037, 27.1519, 28.1165, 29.0633, 29.9884, 30.8741, 31.7495, 32.6289, 33.5271, 34.4356, 35.3654, 36.2912, 37.2008, 38.1013, 38.9866, 39.8698, 40.7316, 41.57, 42.4017, 43.2431, 44.0591, 44.8805, 45.6938, 46.5075, 47.3207, 48.1173]
growth_rate:18.44
