ticker:FTRI
price:[10.260000228881836, 10.180000305175781, 10.359999656677246, 9.649999618530273, 9.619999885559082, 9.970000267028809, 9.819999694824219, 9.869999885559082, 9.229999542236328, 9.6899995803833, 10.420000076293945, 10.779999732971191, 11.329999923706055, 11.90999984741211, 11.899999618530273, 11.890000343322754, 11.729999542236328, 11.84000015258789, 12.949999809265137, 12.59000015258789, 12.520000457763672, 11.829999923706055, 12.369999885559082, 12.960000038146973, 13.539999961853027, 13.34000015258789, 13.920000076293945, 14.149999618530273, 13.460000038146973, 13.449999809265137, 13.460000038146973, 13.5600004196167, 14.069999694824219, 14.029999732971191, 14.0600004196167, 15.34000015258789, 14.960000038146973, 14.619999885559082, 14.859999656677246, 15.390000343322754, 15.210000038146973, 14.079999923706055, 14.720000267028809, 14.710000038146973, 14.760000228881836, 14.460000038146973, 14.430000305175781, 14.65999984741211, 14.489999771118164, 14.760000228881836, 13.770000457763672, 14.40999984741211]
assets:[0, 100.00017899780273, 201.76824531354904, 287.9405486175537, 387.0453033956528, 501.1271084218025, 593.5875575531006, 696.6097869229317, 751.4391837322236, 888.8888555074692, 1055.8533977308273, 1192.3315724650383, 1353.1645508880615, 1522.4350334949493, 1621.1571780317306, 1719.794618658924, 1796.6511858856202, 1913.4991286602021, 2192.889512701893, 2231.9287880504608, 2319.519136807632, 2291.6862912204742, 2496.2944279055596, 2715.357175992489, 2936.8774437257766, 2993.497368240738, 3223.649297668457, 3376.91297396183, 3312.243539387226, 3409.7820816457747, 3512.317017954254, 3638.411176591301, 3875.2535849464416, 3964.236753549862, 4072.7139235489844, 4543.487149194336, 4530.936707553577, 4527.960164556503, 4702.29086135912, 4970.0036188716895, 5011.874490569878, 4739.526502318382, 5054.959963699723, 5151.5258603592865, 5269.0366897064205, 5261.941957881547, 5351.025065167236, 5536.315224375534, 5572.114921983719, 5775.943805566978, 5488.533533458328, 5843.628157121658]
shares:[0, 9.8232, 19.4757, 29.8384, 40.2334, 50.2635, 60.4468, 70.5785, 81.4127, 91.7326, 101.3295, 110.6059, 119.432, 127.8283, 136.2317, 144.6421, 153.1672, 161.6131, 169.3351, 177.2779, 185.2651, 193.7182, 201.8023, 209.5183, 216.9038, 224.4001, 231.584, 238.6511, 246.0805, 253.5154, 260.9448, 268.3194, 275.4267, 282.5543, 289.6667, 296.1856, 302.8701, 309.71, 316.4395, 322.9372, 329.5118, 336.6141, 343.4076, 350.2057, 356.9808, 363.8964, 370.8264, 377.6477, 384.549, 391.3241, 398.5863, 405.5259]
growth_rate:14.58
