ticker:FTXO
price:[18.599000930786133, 17.700000762939453, 17.719999313354492, 16.319000244140625, 17.344999313354492, 18.540000915527344, 18.326000213623047, 19.5, 18.761999130249023, 19.020000457763672, 21.450000762939453, 21.691999435424805, 22.385000228881836, 23.225000381469727, 22.959999084472656, 22.90399932861328, 23.450000762939453, 23.77400016784668, 26.125, 26.687999725341797, 26.5, 25.110000610351562, 27.218000411987305, 28.18000030517578, 29.75, 30.010000228881836, 31.09000015258789, 32.43199920654297, 31.90999984741211, 31.148000717163086, 31.43000030517578, 31.985000610351562, 31.75200080871582, 31.420000076293945, 31.8799991607666, 32.707000732421875, 32.981998443603516, 32.86000061035156, 33.11000061035156, 33.29999923706055, 32.0, 29.649999618530273, 31.579999923706055, 31.079999923706055, 30.760000228881836, 29.59000015258789, 29.799999237060547, 30.09000015258789, 31.700000762939453, 32.15999984741211, 30.979999542236328, 32.5]
assets:[0, 99.99969431037903, 200.11195224571227, 284.290039453125, 402.16462307929993, 529.8713721656799, 623.7547388710022, 763.7136, 834.8095227006912, 946.2887687747955, 1167.1867765148163, 1280.3550822763443, 1421.259480532074, 1574.5923183626176, 1656.6259259422302, 1752.5842534263609, 1894.3637566326142, 2020.5380098651888, 2320.34935, 2470.353344176483, 2552.9517, 2519.042794230652, 2830.5169002443313, 3030.5589548194885, 3299.39995, 3428.234390146637, 3651.61067892189, 3909.233185959625, 3946.3128721294406, 3952.077019794083, 4087.858128691864, 4260.043849291992, 4329.010636658859, 4383.7466886446, 4547.927356276894, 4765.903882424927, 4905.976620690536, 4987.8293506454465, 5125.77574948883, 5255.1894295978545, 5150.032, 4871.827017320252, 5288.948911222458, 5305.209910976982, 5350.5882278131485, 5247.070449057769, 5384.308562150955, 5536.70746907692, 5932.956292791367, 6119.051010967255, 5994.533873424149, 6388.6485]
shares:[0, 5.6497, 11.293, 17.4208, 23.1862, 28.5799, 34.0366, 39.1648, 44.4947, 49.7523, 54.4143, 59.0243, 63.4916, 67.7973, 72.1527, 76.5187, 80.7831, 84.9894, 88.8172, 92.5642, 96.3378, 100.3203, 103.9943, 107.5429, 110.9042, 114.2364, 117.4529, 120.5363, 123.6701, 126.8806, 130.0623, 133.1888, 136.3382, 139.5209, 142.6577, 145.7151, 148.7471, 151.7903, 154.8105, 157.8135, 160.9385, 164.3112, 167.4778, 170.6953, 173.9463, 177.3258, 180.6815, 184.0049, 187.1595, 190.269, 193.4969, 196.5738]
growth_rate:25.27
