ticker:FXH
price:[90.87999725341797, 90.06999969482422, 93.83999633789062, 92.38999938964844, 94.11000061035156, 99.73999786376953, 100.08999633789062, 100.01000213623047, 95.37999725341797, 103.01000213623047, 102.69000244140625, 100.94999694824219, 101.83999633789062, 104.87999725341797, 104.97000122070312, 107.19999694824219, 107.75, 107.77999877929688, 111.63999938964844, 111.30000305175781, 111.9800033569336, 108.48999786376953, 111.44999694824219, 114.37999725341797, 111.51000213623047, 107.79000091552734, 105.1500015258789, 107.4000015258789, 108.31999969482422, 107.91999816894531, 109.37999725341797, 111.0199966430664, 114.77999877929688, 116.02999877929688, 114.56999969482422, 114.41000366210938, 113.19999694824219, 113.7699966430664, 114.19000244140625, 113.27999877929688, 117.12000274658203, 114.98999786376953, 117.47000122070312, 118.69999694824219, 119.01000213623047, 117.62000274658203, 121.3499984741211, 122.05000305175781, 122.25, 121.93000030517578, 123.11000061035156, 124.48999786376953]
assets:[0, 99.99571366119386, 204.17706403198244, 301.02509601135256, 406.63049063720706, 530.9559046279908, 632.8190018463134, 732.313239642334, 798.406881008911, 962.2782359558105, 1059.288451184082, 1141.340665496826, 1251.3996910003664, 1388.7579956314087, 1489.9546943267824, 1621.6036338363647, 1729.92625, 1830.4061632690432, 1995.9557290878295, 2089.8801573028563, 2202.646666030884, 2233.993489011383, 2394.9489844207765, 2557.914192577362, 2593.7338006889345, 2607.2029841445924, 2643.3448583587647, 2799.9072997795106, 2923.8925837623597, 3013.0939728775024, 3153.8519028053283, 3301.1351921829223, 3512.933686639404, 3651.1855895874023, 3705.2396181304935, 3800.0596256347653, 3859.8708559417723, 3979.310418585205, 4093.9970625305173, 4161.374739157105, 4402.435495241547, 4422.365830843353, 4617.74574798584, 4766.101627464295, 4878.5532155700685, 4921.573774925232, 5177.652519895172, 5307.515252709962, 5416.2129, 5502.030298770905, 5655.279476037597, 5818.674949152374]
shares:[0, 1.1102, 2.1758, 3.2582, 4.3208, 5.3234, 6.3225, 7.3224, 8.3708, 9.3416, 10.3154, 11.306, 12.2879, 13.2414, 14.1941, 15.1269, 16.055, 16.9828, 17.8785, 18.777, 19.67, 20.5917, 21.489, 22.3633, 23.2601, 24.1878, 25.1388, 26.0699, 26.9931, 27.9197, 28.8339, 29.7346, 30.6058, 31.4676, 32.3404, 33.2144, 34.0978, 34.9768, 35.8525, 36.7353, 37.5891, 38.4587, 39.31, 40.1525, 40.9928, 41.843, 42.6671, 43.4864, 44.3044, 45.1245, 45.9368, 46.7401]
growth_rate:14.09
