ticker:FXL
price:[88.16000366210938, 85.43000030517578, 86.38999938964844, 88.7300033569336, 91.58000183105469, 97.12999725341797, 97.98999786376953, 96.02999877929688, 89.9800033569336, 99.69999694824219, 97.72000122070312, 100.5999984741211, 104.25, 107.70999908447266, 107.62000274658203, 112.56999969482422, 113.27999877929688, 111.81999969482422, 114.61000061035156, 114.48999786376953, 117.19999694824219, 111.4800033569336, 118.80999755859375, 124.88999938964844, 123.80000305175781, 115.97000122070312, 109.16000366210938, 113.3499984741211, 112.12000274658203, 112.66000366210938, 116.7300033569336, 119.79000091552734, 120.62000274658203, 120.97000122070312, 118.30000305175781, 116.47000122070312, 114.05000305175781, 115.91999816894531, 118.69999694824219, 119.16999816894531, 121.63999938964844, 120.41999816894531, 123.73999786376953, 124.69000244140625, 124.69000244140625, 120.12000274658203, 125.22000122070312, 125.4800033569336, 126.76000213623047, 125.87999725341797, 123.7699966430664, 128.77999877929688]
assets:[0, 99.99581535720826, 201.11591857910156, 306.5621615982056, 416.40511032562256, 541.6357166839599, 646.4302169075012, 733.4963366760254, 787.2890373718261, 972.3341902374267, 1053.0209611541748, 1184.0519220405579, 1327.008675, 1471.0493124961854, 1569.8206940635682, 1742.0207452774048, 1853.0115640319825, 1929.1298167350767, 2077.260417062378, 2175.0809794158936, 2326.560579418945, 2313.00940565033, 2565.0959662902833, 2796.3620203338623, 2871.961990795898, 2790.319408370972, 2726.4675794677737, 2931.1176105422974, 2999.3109814735412, 3113.75351121521, 3326.2447916564943, 3513.440726852417, 3637.7786628341673, 3748.340166824341, 3765.607397140503, 3807.3577519042965, 3828.2480224365236, 3991.0212089584347, 4186.738812359619, 4303.312052879333, 4492.505769458008, 4547.444474853515, 4772.8125796028135, 4909.456873126221, 5009.458255084229, 4925.857048631287, 5234.997459033203, 5345.862227016449, 5500.39536469574, 5562.2090866378785, 5568.9814909561155, 5894.402202127075]
shares:[0, 1.1705, 2.328, 3.455, 4.5469, 5.5764, 6.5969, 7.6382, 8.7496, 9.7526, 10.7759, 11.7699, 12.7291, 13.6575, 14.5867, 15.475, 16.3578, 17.2521, 18.1246, 18.998, 19.8512, 20.7482, 21.5899, 22.3906, 23.1984, 24.0607, 24.9768, 25.859, 26.7509, 27.6385, 28.4952, 29.33, 30.159, 30.9857, 31.831, 32.6896, 33.5664, 34.4291, 35.2716, 36.1107, 36.9328, 37.7632, 38.5713, 39.3733, 40.1753, 41.0078, 41.8064, 42.6033, 43.3922, 44.1866, 44.9946, 45.7711]
growth_rate:15.58
