ticker:FXN
price:[6.440000057220459, 5.909999847412109, 6.170000076293945, 5.5, 5.619999885559082, 6.079999923706055, 5.960000038146973, 6.03000020980835, 5.610000133514404, 5.679999828338623, 6.510000228881836, 7.0, 7.75, 8.130000114440918, 8.3100004196167, 8.069999694824219, 7.96999979019165, 7.929999828338623, 8.739999771118164, 8.989999771118164, 8.859999656677246, 8.329999923706055, 8.899999618530273, 9.449999809265137, 9.600000381469727, 9.9399995803833, 10.8100004196167, 10.9399995803833, 10.1899995803833, 10.380000114440918, 10.470000267028809, 9.829999923706055, 9.890000343322754, 9.899999618530273, 10.119999885559082, 10.6899995803833, 10.65999984741211, 10.710000038146973, 10.6899995803833, 11.329999923706055, 11.430000305175781, 10.8100004196167, 11.59000015258789, 11.609999656677246, 11.279999732971191, 10.199999809265137, 10.25, 10.319999694824219, 10.390000343322754, 10.359999656677246, 9.630000114440918, 10.479999542236328]
assets:[0, 100.0001524181366, 204.3997625274658, 282.20390000000003, 388.3611000917434, 520.148857472992, 609.882631903553, 717.0454149489402, 767.1018812565327, 876.6733255051136, 1104.778937842369, 1287.9342, 1525.92695, 1700.746430940342, 1838.4014488307953, 1885.3068727050781, 1961.9453593522549, 2052.0983935780523, 2361.7070061519626, 2529.2618186059954, 2592.6875235340117, 2537.5945327583313, 2811.2357595054623, 3084.9637777343746, 3233.931968504906, 3448.4671564230916, 3850.295139458656, 3996.5984587057114, 3822.608169587803, 3993.8835800331117, 4128.512706294346, 3976.1484651397705, 4100.417878342438, 4204.56349798851, 4397.998126265717, 4745.710930715656, 4832.393262828827, 4955.059700648975, 5045.805943935967, 5447.89337031498, 5595.977273410034, 5392.433584320545, 5881.526381433106, 5991.675851818371, 5921.369307824803, 5454.4294980049135, 5581.167025, 5719.281910873413, 5858.075447571754, 5941.160399114322, 5622.526605816937, 6218.803432364272]
shares:[0, 16.9205, 33.128, 51.3098, 69.1034, 85.5508, 102.3293, 118.913, 136.7383, 154.3439, 169.7049, 183.9906, 196.8938, 209.1939, 221.2276, 233.6192, 246.1663, 258.7766, 270.2182, 281.3417, 292.6284, 304.6332, 315.8692, 326.4512, 336.8679, 346.9283, 356.179, 365.3198, 375.1333, 384.7672, 394.3183, 404.4912, 414.6024, 424.7034, 434.5848, 443.9393, 453.3202, 462.6573, 472.0118, 480.8379, 489.5868, 498.8375, 507.4656, 516.0789, 524.9441, 534.748, 544.5041, 554.194, 563.8186, 573.4711, 583.8553, 593.3973]
growth_rate:21.94
