ticker:FXO
price:[27.18000030517578, 26.15999984741211, 26.329999923706055, 24.6200008392334, 26.100000381469727, 27.649999618530273, 27.6299991607666, 28.790000915527344, 27.290000915527344, 28.09000015258789, 31.110000610351562, 31.489999771118164, 32.650001525878906, 33.61000061035156, 33.40999984741211, 33.560001373291016, 33.970001220703125, 34.279998779296875, 36.45000076293945, 37.02000045776367, 36.45000076293945, 34.939998626708984, 37.13999938964844, 38.16999816894531, 39.040000915527344, 39.22999954223633, 40.91999816894531, 42.790000915527344, 42.22999954223633, 42.02000045776367, 42.06999969482422, 42.58000183105469, 43.310001373291016, 43.470001220703125, 44.02000045776367, 45.70000076293945, 45.650001525878906, 45.2400016784668, 45.58000183105469, 45.72999954223633, 44.93000030517578, 42.0099983215332, 44.310001373291016, 44.02000045776367, 43.58000183105469, 42.619998931884766, 42.900001525878906, 43.380001068115234, 44.75, 45.400001525878906, 44.619998931884766, 46.04999923706055]
assets:[0, 99.99921541671753, 200.64776441860198, 287.6157738040924, 404.90496591796875, 528.9500227024078, 628.5686659078598, 754.957315007782, 815.6217153625488, 939.5318531036378, 1140.542398376465, 1254.4734188819887, 1400.6850654602051, 1541.868861000061, 1632.693236543274, 1740.0223072025299, 1861.2809098846435, 1978.2678775543213, 2203.4973161216735, 2337.953704909515, 2401.95663527565, 2402.449847573471, 2653.7198083892827, 2827.3166533706667, 2991.76019815979, 3106.3215927532196, 3340.1398625381466, 3592.7811258705137, 3645.762313480759, 3727.632058608627, 3832.067925202179, 3978.5220830871585, 4146.72907448616, 4262.046698684692, 4415.971993921662, 4684.505998205566, 4779.381689753724, 4836.454763439178, 4972.800989768982, 5089.163605056762, 5100.134631641388, 4868.677338476944, 5235.231093254471, 5300.967691124725, 5347.980936700439, 5330.1721404186255, 5465.1899243873595, 5626.338420533371, 5904.024125000001, 6089.779144675445, 6085.150518333435, 6380.172134295654]
shares:[0, 3.8226, 7.6205, 11.6822, 15.5136, 19.1302, 22.7495, 26.2229, 29.8872, 33.4472, 36.6616, 39.8372, 42.9, 45.8753, 48.8684, 51.8481, 54.7919, 57.7091, 60.4526, 63.1538, 65.8973, 68.7593, 71.4518, 74.0717, 76.6332, 79.1823, 81.6261, 83.9631, 86.3311, 88.7109, 91.0879, 93.4364, 95.7453, 98.0457, 100.3174, 102.5056, 104.6962, 106.9066, 109.1005, 111.2872, 113.5129, 115.8933, 118.1501, 120.4218, 122.7164, 125.0627, 127.3937, 129.6989, 131.9335, 134.1361, 136.3772, 138.5488]
growth_rate:25.1
