ticker:FXR
price:[41.72999954223633, 41.02000045776367, 41.45000076293945, 40.31999969482422, 41.56999969482422, 43.59000015258789, 43.90999984741211, 43.790000915527344, 41.2599983215332, 44.369998931884766, 46.56999969482422, 47.45000076293945, 48.7400016784668, 49.45000076293945, 49.439998626708984, 49.95000076293945, 50.0099983215332, 50.18000030517578, 51.779998779296875, 51.58000183105469, 52.2400016784668, 49.25, 52.459999084472656, 53.9900016784668, 54.189998626708984, 53.279998779296875, 54.150001525878906, 56.36000061035156, 55.56999969482422, 56.58000183105469, 57.15999984741211, 58.13999938964844, 58.959999084472656, 59.20000076293945, 59.119998931884766, 61.09000015258789, 60.34000015258789, 59.13999938964844, 59.970001220703125, 60.029998779296875, 59.599998474121094, 57.0, 59.2400016784668, 59.16999816894531, 59.470001220703125, 57.939998626708984, 59.13999938964844, 59.4900016784668, 59.91999816894531, 60.81999969482422, 59.470001220703125, 61.63999938964844]
assets:[0, 99.9985571159363, 201.04493870048523, 295.5657577629089, 404.7296740287781, 524.3964198356629, 628.2467138168336, 726.5286631896973, 784.5547420841217, 943.6921962825775, 1090.4831128540038, 1211.090094472885, 1344.0152942840575, 1463.5914525810242, 1563.2977005764008, 1679.4239206516268, 1781.4411572101592, 1887.4956214790343, 2047.6762977264402, 2139.765427960205, 2267.142936843109, 2237.383175, 2483.2097946632384, 2655.6332075595856, 2765.4727809169767, 2819.0340794128415, 2965.0645585517887, 3186.0759225036622, 3241.414753199005, 3400.3279760421756, 3535.1859425628663, 3695.79696920166, 3847.924108249664, 3963.5880510807037, 4058.2332066802983, 4293.460191724014, 4340.750998976898, 4354.424929060364, 4515.537193914794, 4620.052778051758, 4686.961760004425, 4582.4979, 4862.579285773087, 4956.830505607605, 5081.961378314209, 5051.214874276352, 5255.830885757446, 5386.938631988526, 5525.876159138489, 5708.875353354645, 5682.156418634033, 5989.49093669281]
shares:[0, 2.4378, 4.8503, 7.3305, 9.7361, 12.0302, 14.3076, 16.5912, 19.0149, 21.2687, 23.416, 25.5235, 27.5752, 29.5974, 31.6201, 33.6221, 35.6217, 37.6145, 39.5457, 41.4844, 43.3986, 45.4291, 47.3353, 49.1875, 51.0329, 52.9098, 54.7565, 56.5308, 58.3303, 60.0977, 61.8472, 63.5672, 65.2633, 66.9525, 68.644, 70.2809, 71.9382, 73.6291, 75.2966, 76.9624, 78.6403, 80.3947, 82.0827, 83.7727, 85.4542, 87.1801, 88.871, 90.552, 92.2209, 93.8651, 95.5466, 97.1689]
growth_rate:17.44
