ticker:GAMR
price:[67.70999908447266, 66.58000183105469, 67.85399627685547, 66.072998046875, 67.31500244140625, 69.0199966430664, 67.92500305175781, 68.58000183105469, 66.13999938964844, 71.55599975585938, 69.7040023803711, 72.33000183105469, 74.33399963378906, 76.0479965209961, 75.26100158691406, 78.85900115966797, 78.10900115966797, 78.93900299072266, 80.63999938964844, 81.69999694824219, 87.41999816894531, 107.26000213623047, 89.9800033569336, 93.65899658203125, 89.91000366210938, 87.5270004272461, 88.44000244140625, 100.66000366210938, 95.18000030517578, 95.34100341796875, 98.06999969482422, 100.66200256347656, 101.69999694824219, 101.05000305175781, 98.2699966430664, 96.87799835205078, 92.20999908447266, 94.51000213623047, 97.5260009765625, 97.53099822998047, 98.10299682617188, 95.13200378417969, 94.63999938964844, 95.26000213623047, 93.22000122070312, 92.1050033569336, 92.52999877929688, 90.49199676513672, 87.43499755859375, 86.44100189208984, 84.73200225830078, 88.61000061035156]
assets:[0, 100.00316275024414, 201.9199221206665, 296.6215101318359, 402.2004080871582, 512.3906510787964, 604.2608271484376, 710.0910549591065, 784.8238467575073, 949.0901583618164, 1024.5233677871704, 1163.1242934448242, 1295.3517110183718, 1425.22310759964, 1510.4732496490478, 1682.6854808448793, 1766.6850100296022, 1885.4580864334107, 2026.088048664856, 2152.721389588928, 2403.4380096588134, 3048.897738722992, 2657.7123651527404, 2866.377394995117, 2851.639622149658, 2876.058459738922, 3006.0579949829103, 3521.4090401123044, 3429.697094996643, 3535.50182744751, 3736.7023563720704, 3935.461519821167, 4076.0443476882933, 4149.992260331726, 4135.820559719085, 4177.233971942901, 4075.958589530945, 4277.626657688141, 4514.13724420166, 4614.36708205719, 4741.425749905396, 4697.837150471497, 4773.537465214538, 4904.81367199173, 4899.773772161865, 4941.166325589752, 5063.963267193603, 5052.430606188203, 4981.748881896972, 5025.117983493805, 5025.768562348175, 5355.783378890991]
shares:[0, 1.502, 2.9758, 4.4893, 5.9749, 7.4238, 8.896, 10.3542, 11.8661, 13.2636, 14.6982, 16.0808, 17.4261, 18.7411, 20.0698, 21.3379, 22.6182, 23.885, 25.1251, 26.3491, 27.493, 28.4253, 29.5367, 30.6044, 31.7166, 32.8591, 33.9898, 34.9832, 36.0338, 37.0827, 38.1024, 39.0958, 40.0791, 41.0687, 42.0863, 43.1185, 44.203, 45.2611, 46.2865, 47.3118, 48.3311, 49.3823, 50.4389, 51.4887, 52.5614, 53.6471, 54.7278, 55.8329, 56.9766, 58.1335, 59.3137, 60.4422]
growth_rate:5.02
