ticker:GBUG
price:[31.986000061035156, 32.11800003051758, 32.23899841308594, 30.736000061035156, 31.410999298095703, 31.851999282836914, 31.350000381469727, 31.37700080871582, 30.915000915527344, 32.15700149536133, 31.055999755859375, 30.781999588012695, 29.351999282836914, 30.166000366210938, 30.215999603271484, 30.926000595092773, 30.867000579833984, 31.222000122070312, 30.304000854492188, 29.930999755859375, 30.3799991607666, 30.16900062561035, 29.63599967956543, 29.781999588012695, 29.141000747680664, 28.283000946044922, 27.777999877929688, 28.184999465942383, 28.48699951171875, 28.309999465942383, 28.264999389648438, 28.492000579833984, 29.018999099731445, 29.020000457763672, 28.857999801635742, 29.915000915527344, 30.104000091552734, 30.69499969482422, 31.100000381469727, 30.905000686645508, 30.635000228881836, 28.87299919128418, 29.02199935913086, 29.174999237060547, 29.524999618530273, 29.55500030517578, 29.413000106811523, 29.594999313354492, 28.69499969482422, 28.966999053955078, 29.059999465942383, 29.64299964904785]
assets:[0, 99.99939309501649, 200.37504683685302, 291.0330373779297, 397.4245275192261, 503.00358747463224, 595.076302240944, 695.5873178281785, 785.3461342575074, 916.8957993373871, 985.5031458526612, 1076.8097531879425, 1126.7850948690414, 1258.033829472351, 1360.11883334198, 1492.0774729112625, 1589.2307386535645, 1707.50933127594, 1757.3047663513182, 1835.6742012268066, 1963.210229767227, 2049.5763110017774, 2113.3668459495543, 2223.777236237526, 2275.9150724939345, 2308.905408631134, 2367.680041995239, 2502.371355584335, 2629.1848303344727, 2712.848163823128, 2808.5347053527835, 2931.091766049957, 3085.305788083267, 3185.412272246933, 3267.628832938957, 3487.314308226776, 3609.3461845767974, 3780.205853416443, 3930.0821682060246, 4005.439523492622, 4070.4449089113236, 3936.3281622457507, 4056.642830820465, 4178.029105742646, 4328.152364079285, 4432.549592269134, 4511.254186982346, 4639.167076864815, 4598.086751098633, 4741.671802539826, 4856.8965147411345, 5054.335976860237]
shares:[0, 3.1135, 6.2153, 9.4688, 12.6524, 15.7919, 18.9817, 22.1687, 25.4034, 28.5131, 31.7331, 34.9818, 38.3887, 41.7037, 45.0132, 48.2467, 51.4864, 54.6893, 57.9892, 61.3302, 64.6218, 67.9365, 71.3108, 74.6685, 78.1001, 81.6358, 85.2358, 88.7838, 92.2942, 95.8265, 99.3644, 102.8742, 106.3202, 109.7661, 113.2313, 116.5741, 119.8959, 123.1538, 126.3692, 129.6049, 132.8691, 136.3325, 139.7782, 143.2058, 146.5928, 149.9763, 153.3762, 156.7551, 160.24, 163.6922, 167.1334, 170.5069]
growth_rate:-0.9
