ticker:GDX
price:[40.86000061035156, 41.15999984741211, 41.36000061035156, 38.41999816894531, 38.970001220703125, 40.779998779296875, 39.83000183105469, 38.81999969482422, 37.4900016784668, 41.41999816894531, 38.0099983215332, 35.900001525878906, 34.22999954223633, 35.310001373291016, 35.08000183105469, 36.58000183105469, 36.029998779296875, 36.02000045776367, 36.52000045776367, 34.5099983215332, 35.22999954223633, 34.5099983215332, 34.61000061035156, 34.779998779296875, 32.7400016784668, 31.1299991607666, 31.780000686645508, 33.08000183105469, 33.88999938964844, 32.77000045776367, 33.599998474121094, 34.72999954223633, 36.029998779296875, 36.060001373291016, 34.36000061035156, 37.41999816894531, 37.84000015258789, 39.290000915527344, 39.41999816894531, 38.68000030517578, 38.279998779296875, 34.130001068115234, 34.36000061035156, 34.41999816894531, 34.369998931884766, 33.91999816894531, 33.150001525878906, 34.91999816894531, 33.2400016784668, 32.81999969482422, 30.850000381469727, 32.61000061035156]
assets:[0, 99.99821962928772, 200.4843309585571, 286.23282835845947, 390.3313262268066, 508.4613367797852, 596.6175804275513, 681.4889766426086, 758.1415589427949, 937.6162145507813, 960.4252345890046, 1007.1099228057861, 1060.2605438209532, 1193.7146234264374, 1285.938151121521, 1440.9228521270752, 1519.2589435272216, 1618.8360745731354, 1741.3064898265839, 1745.4674011054992, 1881.884408547592, 1943.423653477478, 2049.0539371353148, 2159.1179782196045, 2132.477447324753, 2127.6109226417543, 2272.0348770900723, 2464.9761844421387, 2625.332859718323, 2638.5716198581695, 2805.4016325981142, 2999.75161546135, 3212.038361175537, 3314.7146582359314, 3258.4481938812255, 3648.6369214630126, 3789.5889832813264, 4034.804135018158, 4148.154581318664, 4170.284232902527, 4227.1569092010495, 3868.8847700786587, 3994.9582429641723, 4101.93444178772, 4195.975394601822, 4241.037723062134, 4244.7648753845215, 4571.408388294983, 4451.477756779098, 4495.2306422012325, 4325.407598484992, 4672.1717494476325]
shares:[0, 2.4295, 4.8473, 7.4501, 10.0162, 12.4684, 14.9791, 17.5551, 20.2225, 22.6368, 25.2677, 28.0532, 30.9746, 33.8067, 36.6573, 39.391, 42.1665, 44.9427, 47.6809, 50.5786, 53.4171, 56.3148, 59.2041, 62.0793, 65.1337, 68.346, 71.4926, 74.5156, 77.4663, 80.5179, 83.4941, 86.3735, 89.149, 91.9222, 94.8326, 97.505, 100.1477, 102.6929, 105.2297, 107.815, 110.4273, 113.3573, 116.2677, 119.173, 122.0825, 125.0306, 128.0472, 130.9109, 133.9193, 136.9662, 140.2077, 143.2742]
growth_rate:-8.39
