ticker:GDXD
price:[26.41699981689453, 26.632999420166016, 22.347999572753906, 22.81100082397461, 22.368000030517578, 20.790000915527344, 24.891000747680664, 23.15999984741211, 23.88599967956543, 23.040000915527344, 22.75, 26.915000915527344, 29.68000030517578, 28.1200008392334, 25.003999710083008, 22.923999786376953, 25.299999237060547, 23.31999969482422, 20.760000228881836, 18.299999237060547, 18.25200080871582, 20.959999084472656, 16.0, 15.430000305175781, 13.399999618530273, 13.109999656677246, 13.710000038146973, 14.00100040435791, 19.25, 18.950000762939453, 18.709999084472656, 18.920000076293945, 19.7810001373291, 21.200000762939453, 17.989999771118164, 20.520000457763672, 21.270000457763672, 25.760000228881836, 20.8700008392334, 20.709999084472656, 20.709999084472656]
assets:[0, 99.99892292289734, 183.910627684021, 287.71971559295656, 382.13267572135925, 455.1742010444641, 644.9606767734527, 700.1082673873901, 822.0557877719879, 892.9405794822694, 981.7011749999999, 1261.4280394081115, 1491.0163673309328, 1512.6479571445466, 1445.0311512451171, 1424.8228675224304, 1672.5019895645144, 1641.6113785171508, 1561.4011372146608, 1476.3798884487153, 1572.508430475235, 1905.8172607543945, 1554.8224, 1599.4321706336975, 1489.007957611084, 1556.7836172311784, 1728.0317118081093, 1864.709237854004, 2663.7919, 2722.2775196006774, 2787.799218585968, 2919.08923977108, 3151.930277182197, 3478.0360851665496, 3051.4079921777725, 3580.5389838752744, 3811.4075410274504, 4715.978553902245, 3920.748968662834, 3990.690492583466, 4090.6907941627505]
shares:[0, 3.7547, 8.2294, 12.6132, 17.0839, 21.8939, 25.9114, 30.2292, 34.4158, 38.7561, 43.1517, 46.8671, 50.2364, 53.7926, 57.792, 62.1542, 66.1068, 70.395, 75.212, 80.6765, 86.1554, 90.9264, 97.1764, 103.6573, 111.12, 118.7478, 126.0417, 133.184, 138.3788, 143.6558, 149.0005, 154.2859, 159.3413, 164.0583, 169.6169, 174.4902, 179.1917, 183.0737, 187.8653, 192.6939, 197.5225]
growth_rate:2.27
