ticker:GDXJ
price:[58.34000015258789, 58.15999984741211, 60.61000061035156, 54.22999954223633, 55.31999969482422, 59.5, 57.66999816894531, 56.439998626708984, 53.209999084472656, 59.63999938964844, 54.58000183105469, 51.88999938964844, 49.61000061035156, 51.619998931884766, 51.06999969482422, 54.41999816894531, 53.349998474121094, 54.2400016784668, 53.65999984741211, 49.349998474121094, 50.34000015258789, 50.08000183105469, 50.369998931884766, 50.25, 47.540000915527344, 45.7599983215332, 45.61000061035156, 47.099998474121094, 48.56999969482422, 45.93000030517578, 46.720001220703125, 48.650001525878906, 50.31999969482422, 49.689998626708984, 47.45000076293945, 51.470001220703125, 51.11000061035156, 53.869998931884766, 54.709999084472656, 53.68000030517578, 53.209999084472656, 47.72999954223633, 47.43000030517578, 47.459999084472656, 46.619998931884766, 44.869998931884766, 43.630001068115234, 45.83000183105469, 43.599998474121094, 42.849998474121094, 39.689998626708984, 43.08000183105469]
assets:[0, 100.00030373764038, 204.21327505645752, 282.71725661354066, 388.40171785736084, 517.75115, 601.8267998916626, 688.9912832355499, 749.5586151031495, 940.1351303787231, 960.373338218689, 1013.0432690841675, 1068.529959146118, 1211.8207709251403, 1298.9092652381898, 1484.114980064392, 1554.933720526886, 1680.8759560150147, 1762.9027069869996, 1721.3032717781066, 1855.834445625305, 1946.249095159912, 2057.518753369522, 2152.614525, 2136.5237051452636, 2156.526864899063, 2249.457864102173, 2422.9416715049747, 2598.5629816726682, 2557.3181149917605, 2701.3037505798343, 2912.8945163612366, 3112.885757121277, 3173.9138792819977, 3130.8364603401187, 3496.084391915894, 3571.6332856521603, 3864.5044353759768, 4024.7629666488647, 4048.99116701889, 4113.537325222778, 3789.890834652328, 3866.0714978752135, 3968.514949445343, 3998.275630395126, 3948.191972014618, 3939.0822904335023, 4237.7077833099365, 4131.50969540863, 4160.439186847687, 3953.6239572029112, 4391.312598646545]
shares:[0, 1.7194, 3.3693, 5.2133, 7.021, 8.7017, 10.4357, 12.2075, 14.0868, 15.7635, 17.5957, 19.5229, 21.5386, 23.4758, 25.4339, 27.2715, 29.1459, 30.9896, 32.8532, 34.8795, 36.866, 38.8628, 40.8481, 42.8381, 44.9416, 47.1269, 49.3194, 51.4425, 53.5014, 55.6786, 57.819, 59.8745, 61.8618, 63.8743, 65.9818, 67.9247, 69.8813, 71.7376, 73.5654, 75.4283, 77.3076, 79.4027, 81.5111, 83.6181, 85.7631, 87.9918, 90.2838, 92.4658, 94.7594, 97.0931, 99.6126, 101.9339]
growth_rate:-13.9
