ticker:GERM
price:[24.81999969482422, 25.26300048828125, 27.579999923706055, 27.350000381469727, 27.649999618530273, 30.049999237060547, 29.70599937438965, 28.649999618530273, 27.21500015258789, 28.780000686645508, 29.3799991607666, 29.410999298095703, 31.288000106811523, 33.4900016784668, 34.35300064086914, 33.22999954223633, 33.08000183105469, 31.100000381469727, 34.25, 35.81999969482422, 36.68000030517578, 39.380001068115234, 42.465999603271484, 43.40999984741211, 41.88999938964844, 38.439998626708984, 34.255001068115234, 36.349998474121094, 37.15999984741211, 34.400001525878906, 34.970001220703125, 34.380001068115234, 37.119998931884766, 37.814998626708984, 38.029998779296875, 36.09000015258789, 36.209999084472656, 37.055999755859375, 37.707000732421875, 38.814998626708984, 39.849998474121094, 37.952999114990234, 39.18000030517578, 39.76499938964844, 38.84000015258789, 38.42499923706055, 40.733001708984375, 41.06100082397461, 43.404998779296875, 43.733001708984375, 42.60200119018555, 44.16999816894531]
assets:[0, 100.00106113281251, 209.17223542137145, 307.4276792879105, 410.79880933246613, 546.4562311260223, 640.1999337173462, 717.4418304473877, 781.5059443817139, 926.445490103531, 1045.7605041280744, 1146.864271029663, 1320.0563685064317, 1512.961060827255, 1651.9499183177948, 1697.9466406097413, 1790.2830830963135, 1783.124741871643, 2063.730325, 2258.3291927597047, 2412.5499920722964, 2690.138446965408, 3000.9490405643464, 3167.6580758655546, 3156.742385005188, 2996.7592289390564, 2770.4999548877713, 3039.9394673912047, 3207.6809148284915, 3069.436456150818, 3220.296490411377, 3265.9660194667817, 3626.256407655716, 3794.152761211395, 3915.7245973114013, 3815.9761661338807, 3928.6654076683044, 4120.45300965271, 4292.840224484253, 4518.981874116515, 4739.479868522644, 4613.8626058113105, 4863.025555878448, 5035.636721208191, 5018.50088371582, 5064.879841935348, 5469.102013760376, 5613.141465139389, 6033.572622314454, 6179.1670104675295, 6119.3642315586085, 6444.5926638412475]
shares:[0, 3.9584, 7.5842, 11.2405, 14.8571, 18.1849, 21.5512, 25.0416, 28.716, 32.1906, 35.5943, 38.9944, 42.1905, 45.1765, 48.0875, 51.0968, 54.1198, 57.3352, 60.2549, 63.0466, 65.7729, 68.3123, 70.6671, 72.9707, 75.3579, 77.9594, 80.8787, 83.6297, 86.3208, 89.2278, 92.0874, 94.9961, 97.6901, 100.3346, 102.9641, 105.735, 108.4967, 111.1953, 113.8473, 116.4236, 118.933, 121.5678, 124.1201, 126.6349, 129.2096, 131.8121, 134.2671, 136.7025, 139.0064, 141.293, 143.6403, 145.9043]
growth_rate:26.36
