ticker:GNR
price:[39.31999969482422, 39.11000061035156, 39.5099983215332, 37.2599983215332, 37.38999938964844, 39.060001373291016, 38.31999969482422, 38.31999969482422, 36.369998931884766, 38.58000183105469, 40.7400016784668, 41.599998474121094, 43.72999954223633, 45.34000015258789, 45.70000076293945, 45.279998779296875, 44.79999923706055, 44.779998779296875, 48.7400016784668, 47.88999938964844, 47.86000061035156, 45.08000183105469, 47.04999923706055, 48.59000015258789, 49.70000076293945, 49.11000061035156, 51.130001068115234, 52.52000045776367, 50.66999816894531, 50.93000030517578, 50.88999938964844, 50.88999938964844, 52.400001525878906, 52.08000183105469, 52.20000076293945, 56.16999816894531, 55.75, 54.66999816894531, 55.029998779296875, 55.849998474121094, 55.58000183105469, 51.63999938964844, 53.81999969482422, 53.54999923706055, 53.27000045776367, 51.279998779296875, 51.529998779296875, 52.75, 52.63999938964844, 53.470001220703125, 50.08000183105469, 52.349998474121094]
assets:[0, 100.00036056060792, 201.0229204601288, 289.5735289554596, 390.58341162414547, 508.03000186157226, 598.405115234375, 698.4049864379883, 762.8643645961762, 909.2187611526489, 1060.1241016765593, 1182.500756626129, 1343.0488649410247, 1492.4975910228732, 1604.3487967838287, 1689.605042449951, 1771.6921298282623, 1870.8993929992675, 2136.3473835697173, 2199.0896159729004, 2297.710769302368, 2264.246775968933, 2463.1944950580596, 2643.8159213024137, 2804.2132030471803, 2870.9215256805423, 3089.008788529968, 3272.983404527283, 3257.6957902770996, 3374.413007219696, 3471.7615593612672, 3571.7604081619265, 3777.741430007172, 3854.6700875244137, 3963.551277930069, 4364.993025708009, 4432.353575, 4446.491362074279, 4575.771913497924, 4743.95472039032, 4821.02047482605, 4579.264733876037, 4872.577526371002, 4948.132384502793, 5022.258354157639, 4934.64351453247, 5058.699980163574, 5278.465675, 5367.458593765259, 5552.089658752441, 5300.0867857849125, 5640.324945597839]
shares:[0, 2.5569, 5.0879, 7.7717, 10.4462, 13.0064, 15.616, 18.2256, 20.9751, 23.5671, 26.0217, 28.4255, 30.7123, 32.9179, 35.1061, 37.3146, 39.5467, 41.7798, 43.8315, 45.9196, 48.009, 50.2273, 52.3527, 54.4107, 56.4228, 58.459, 60.4148, 62.3188, 64.2924, 66.2559, 68.2209, 70.1859, 72.0943, 74.0144, 75.9301, 77.7104, 79.5041, 81.3333, 83.1505, 84.941, 86.7402, 88.6767, 90.5347, 92.4021, 94.2793, 96.2294, 98.17, 100.0657, 101.9654, 103.8356, 105.8324, 107.7426]
growth_rate:10.59
