ticker:GREK
price:[20.799999237060547, 20.649999618530273, 21.270000457763672, 19.93000030517578, 19.829999923706055, 20.829999923706055, 19.559999465942383, 19.489999771118164, 17.889999389648438, 18.700000762939453, 20.5, 21.950000762939453, 23.489999771118164, 25.979999542236328, 25.280000686645508, 25.979999542236328, 25.700000762939453, 25.459999084472656, 26.1200008392334, 24.799999237060547, 24.440000534057617, 23.200000762939453, 23.899999618530273, 24.229999542236328, 24.239999771118164, 24.8700008392334, 25.760000228881836, 26.65999984741211, 26.049999237060547, 26.579999923706055, 26.940000534057617, 27.959999084472656, 28.290000915527344, 28.270000457763672, 28.520000457763672, 28.739999771118164, 29.200000762939453, 27.59000015258789, 28.299999237060547, 29.239999771118164, 30.0, 28.440000534057617, 28.959999084472656, 27.969999313354492, 27.6299991607666, 26.850000381469727, 26.670000076293945, 27.700000762939453, 27.639999389648438, 27.969999313354492, 27.56999969482422, 28.709999084472656]
assets:[0, 99.9996881526947, 203.00301136894225, 290.2146854438782, 388.75921650428774, 508.3644801380158, 577.3701082357406, 675.3031550695418, 719.8649514404296, 852.4582347793579, 1034.512, 1207.684651976776, 1392.4143674325942, 1640.0134511032104, 1695.8254220613478, 1842.7821515304568, 1922.9228870845795, 2004.964743902588, 2156.9400413022995, 2147.9378539215086, 2216.759372440147, 2204.2877524887085, 2370.7963121595385, 2503.5307807022095, 2604.5637354068754, 2772.2565065492627, 2971.464970401955, 3175.280629826355, 3202.6285862030027, 3367.786994333267, 3513.4017216495513, 3746.4245853263856, 3890.64178490982, 3987.8906525741577, 4123.156430179214, 4254.962714113998, 4423.067195566177, 4279.19246966629, 4489.313778972626, 4738.429682909012, 4961.589, 4803.587190203667, 4991.415122203827, 4920.784355197907, 4960.969112315559, 4920.920394913673, 4987.930094268799, 5280.564715442276, 5369.125161437989, 5533.229445162773, 5554.097746520996, 5883.755437374115]
shares:[0, 4.8426, 9.5441, 14.5617, 19.6046, 24.4054, 29.5179, 34.6487, 40.2384, 45.586, 50.464, 55.0198, 59.2769, 63.126, 67.0817, 70.9308, 74.8219, 78.7496, 82.5781, 86.6104, 90.7021, 95.0124, 99.1965, 103.3236, 107.449, 111.4699, 115.3519, 119.1028, 122.9416, 126.7038, 130.4158, 133.9923, 137.5271, 141.0644, 144.5707, 148.0502, 151.4749, 155.0994, 158.633, 162.053, 165.3863, 168.9025, 172.3555, 175.9308, 179.5501, 183.2745, 187.024, 190.6341, 194.252, 197.8273, 201.4544, 204.9375]
growth_rate:15.37
