ticker:GRES
price:[26.170000076293945, 26.030000686645508, 26.459999084472656, 25.540000915527344, 25.670000076293945, 26.010000228881836, 25.90999984741211, 25.989999771118164, 25.139999389648438, 26.0, 26.600000381469727, 27.020000457763672, 27.690000534057617, 28.260000228881836, 28.309999465942383, 28.450000762939453, 28.25, 25.770000457763672, 26.8700008392334, 26.520000457763672, 26.6299991607666, 25.799999237060547, 26.290000915527344, 26.790000915527344, 27.31999969482422, 27.100000381469727, 27.520000457763672, 28.1200008392334, 27.770000457763672, 27.729999542236328, 27.8700008392334, 28.139999389648438, 28.93000030517578, 28.950000762939453, 28.549999237060547, 30.239999771118164, 30.06999969482422, 29.850000381469727, 29.93000030517578, 30.100000381469727, 29.889999389648438, 28.299999237060547, 29.020000457763672, 28.979999542236328, 29.020000457763672, 28.540000915527344, 28.579999923706055, 29.09000015258789, 28.760000228881836, 29.489999771118164, 28.1200008392334, 29.0]
assets:[0, 99.99945363788605, 201.6516530227661, 294.63966656188967, 396.13944117736816, 501.38697141208655, 599.458938469696, 701.3089558238983, 778.3720911026002, 905.0002, 1025.8848747121813, 1142.0840813488005, 1270.4033795022965, 1396.5555173109055, 1499.0257957214355, 1606.437828079605, 1695.144075, 1646.3319412445067, 1816.6055207382203, 1892.9419406742095, 2000.7943899457932, 2038.4347197208406, 2177.1485878173826, 2318.554024234772, 2464.4224284713746, 2544.576215818405, 2684.011884645462, 2842.529968834496, 2907.149706921768, 3002.9620674274447, 3118.1235638942717, 3248.3323875442507, 3439.5253452827455, 3541.9023183422087, 3592.9631589855194, 3905.6471704387664, 3983.6916015701295, 4054.5464468153, 4165.412016471862, 4289.072464357186, 4359.148543986511, 4227.264276037216, 4434.813253955078, 4528.701630465317, 4634.952589112091, 4658.290387432098, 4764.8204332803725, 4949.846792963791, 4993.696623741531, 5220.449515482331, 5077.9266235492705, 5336.8381]
shares:[0, 3.8417, 7.621, 11.5364, 15.432, 19.2767, 23.1362, 26.9838, 30.9615, 34.8077, 38.5671, 42.2681, 45.8795, 49.4181, 52.9504, 56.4653, 60.0051, 63.8856, 67.6072, 71.3779, 75.1331, 79.0091, 82.8128, 86.5455, 90.2058, 93.8958, 97.5295, 101.0857, 104.6867, 108.2929, 111.881, 115.4347, 118.8913, 122.3455, 125.8481, 129.155, 132.4806, 135.8307, 139.1718, 142.4941, 145.8397, 149.3733, 152.8192, 156.2699, 159.7158, 163.2197, 166.7187, 170.1563, 173.6334, 177.0244, 180.5806, 184.0289]
growth_rate:4.64
