ticker:GRID
price:[62.38999938964844, 60.880001068115234, 62.400001525878906, 60.810001373291016, 64.02999877929688, 67.86000061035156, 68.47000122070312, 68.11000061035156, 63.9900016784668, 69.19000244140625, 71.25, 73.37000274658203, 76.5199966430664, 76.31999969482422, 76.87999725341797, 78.88999938964844, 80.0199966430664, 81.0, 87.19999694824219, 84.19999694824219, 86.29000091552734, 81.22000122070312, 84.91000366210938, 87.23999786376953, 86.51000213623047, 84.9000015258789, 83.48999786376953, 87.41000366210938, 85.66000366210938, 85.58999633789062, 87.08999633789062, 88.0999984741211, 89.55000305175781, 90.19000244140625, 87.88999938964844, 89.16999816894531, 88.3499984741211, 88.81999969482422, 90.69999694824219, 91.63999938964844, 91.72000122070312, 89.31999969482422, 92.38999938964844, 93.38999938964844, 93.9000015258789, 91.26000213623047, 94.58000183105469, 96.47000122070312, 97.77999877929688, 99.36000061035156, 97.51000213623047, 99.19999694824219]
assets:[0, 100.00148975448609, 202.50048495178223, 297.3426637149811, 413.0895371246338, 537.7972908370972, 642.6320434570313, 739.2523246246337, 794.531855840683, 959.0979758422852, 1087.652625, 1220.0184166709898, 1372.3937917930602, 1468.80892212677, 1579.584111568451, 1720.8827796859741, 1845.533190577698, 1968.138, 2218.786482348633, 2242.4479987243653, 2398.111302443695, 2357.2074854278567, 2564.2990925964355, 2734.6685930366516, 2811.782693432617, 2859.4575213920593, 2911.9641454925536, 3148.683151916504, 3185.6441401916504, 3283.043961529541, 3440.577395324707, 3580.480847986603, 3739.4111174346926, 3866.138758654785, 3867.5466891418455, 4023.8764203720093, 4086.876559416199, 4208.620219539642, 4397.69819203186, 4543.272905740356, 4647.24150585022, 4625.641620195771, 4884.631550730896, 5037.503262077332, 5165.016533931732, 5119.804757845307, 5406.060492660523, 5614.091015039063, 5790.326189712525, 5983.886484757995, 5972.468128843689, 6175.983490003967]
shares:[0, 1.6426, 3.2452, 4.8897, 6.4515, 7.9251, 9.3856, 10.8538, 12.4165, 13.8618, 15.2653, 16.6283, 17.9351, 19.2454, 20.5461, 21.8137, 23.0634, 24.298, 25.4448, 26.6324, 27.7913, 29.0225, 30.2002, 31.3465, 32.5024, 33.6803, 34.878, 36.022, 37.1894, 38.3578, 39.506, 40.6411, 41.7578, 42.8666, 44.0044, 45.1259, 46.2578, 47.3837, 48.4862, 49.5774, 50.6677, 51.7873, 52.8697, 53.9405, 55.0055, 56.1013, 57.1586, 58.1952, 59.2179, 60.2243, 61.2498, 62.2579]
growth_rate:21.1
