ticker:GUNR
price:[29.510000228881836, 29.280000686645508, 29.170000076293945, 27.68000030517578, 27.600000381469727, 28.799999237060547, 28.229999542236328, 28.219999313354492, 26.760000228881836, 28.25, 29.770000457763672, 30.309999465942383, 31.729999542236328, 32.790000915527344, 32.95000076293945, 32.779998779296875, 32.47999954223633, 32.540000915527344, 35.150001525878906, 34.72999954223633, 34.61000061035156, 33.0099983215332, 34.4900016784668, 35.400001525878906, 36.08000183105469, 35.52000045776367, 36.880001068115234, 37.84000015258789, 36.439998626708984, 36.54999923706055, 36.630001068115234, 36.79999923706055, 37.84000015258789, 37.68000030517578, 37.66999816894531, 40.31999969482422, 39.810001373291016, 39.060001373291016, 39.41999816894531, 40.40999984741211, 40.06999969482422, 37.209999084472656, 38.709999084472656, 38.540000915527344, 38.349998474121094, 37.0099983215332, 36.970001220703125, 37.810001373291016, 37.63999938964844, 38.2400016784668, 35.83000183105469, 37.459999084472656]
assets:[0, 99.9999863451004, 199.6248955221176, 289.42761919097904, 388.59144537086485, 505.48606660919194, 595.4807873439789, 695.2702330827713, 759.2989504943848, 901.57615, 1050.0861571468354, 1169.1324544000624, 1323.9056739002228, 1468.1329429916382, 1575.2967014751434, 1667.1677919158935, 1751.9094633090972, 1855.1445001953125, 2103.945521333313, 2178.8073592819214, 2271.27782905426, 2266.2783277660374, 2467.88723310051, 2633.002553492737, 2783.579357266235, 2840.374596605301, 3049.1278483085634, 3228.497461018753, 3209.0483950626376, 3318.7362757251735, 3426.000336900711, 3541.9005665691375, 3741.9976150894167, 3826.1741829887387, 3925.157304206848, 4301.285151444245, 4346.87793595047, 4364.98640146637, 4505.2169827331545, 4718.360484183502, 4778.660009605408, 4537.580780355835, 4820.498120990753, 4899.328244384766, 4975.175982046509, 4901.337705715942, 4996.040933963012, 5209.556514215469, 5286.131402282715, 5470.396672111893, 5225.637366050721, 5563.36427203064]
shares:[0, 3.4153, 6.8435, 10.4562, 14.0794, 17.5516, 21.0939, 24.6375, 28.3744, 31.9142, 35.2733, 38.5725, 41.7241, 44.7738, 47.8087, 50.8593, 53.9381, 57.0112, 59.8562, 62.7356, 65.6249, 68.6543, 71.5537, 74.3786, 77.1502, 79.9655, 82.677, 85.3197, 88.0639, 90.7999, 93.5299, 96.2473, 98.89, 101.5439, 104.1985, 106.6787, 109.1906, 111.7508, 114.2876, 116.7622, 119.2578, 121.9452, 124.5285, 127.1232, 129.7308, 132.4328, 135.1377, 137.7825, 140.4392, 143.0543, 145.8453, 148.5148]
growth_rate:9.09
