ticker:GUSH
price:[29.780000686645508, 23.93000030517578, 27.09000015258789, 21.81999969482422, 21.0, 24.170000076293945, 22.75, 24.1200008392334, 19.56999969482422, 19.440000534057617, 27.440000534057617, 31.059999465942383, 37.93000030517578, 41.72999954223633, 43.52000045776367, 39.54999923706055, 38.90999984741211, 38.16999816894531, 47.58000183105469, 52.900001525878906, 50.88999938964844, 45.380001068115234, 53.56999969482422, 62.099998474121094, 65.13999938964844, 69.8499984741211, 87.12000274658203, 87.4800033569336, 74.5, 74.2300033569336, 78.0, 65.19000244140625, 63.5099983215332, 60.47999954223633, 67.51000213623047, 78.48999786376953, 77.56999969482422, 77.86000061035156, 82.1500015258789, 95.86000061035156, 97.80000305175781, 85.0999984741211, 102.4800033569336, 96.91000366210938, 90.19999694824219, 69.02999877929688, 68.41000366210938, 69.19000244140625, 67.9000015258789, 64.55999755859375, 53.599998474121094, 69.11000061035156]
assets:[0, 100.00107827529907, 213.20642820091248, 271.73100219955444, 361.5192, 516.0923436290741, 585.77155, 721.0457170881272, 685.028269317627, 780.4771414413452, 1201.6607353876113, 1460.1895888929366, 1883.1600341514586, 2171.8253071758268, 2364.9856248760225, 2249.244051610947, 2312.8454099300384, 2368.8606223632814, 3052.851867485046, 3494.1985107887267, 3461.4308894851683, 3186.651745004654, 3861.7648520004273, 4576.676737545014, 4900.723172080993, 5355.071088018036, 6779.077485720063, 6907.08864105072, 5982.23825, 6060.5605850791935, 6468.3684, 5506.064948205566, 5464.171619590759, 5303.479063858796, 6019.94115149002, 7099.035705788421, 7115.829623004914, 7242.436038774109, 7741.487543792725, 9133.46417015381, 9418.306553889464, 8295.275531262207, 10089.422778498842, 9641.04325932312, 9073.497313014223, 7043.938426437378, 7080.674814041138, 7261.407728222656, 7226.026802386475, 6970.575216400147, 5887.22015240326, 7690.782019921875]
shares:[0, 4.1789, 7.8703, 12.4533, 17.2152, 21.3526, 25.7482, 29.8941, 35.004, 40.148, 43.7923, 47.0119, 49.6483, 52.0447, 54.3425, 56.8709, 59.4409, 62.0608, 64.1625, 66.0529, 68.0179, 70.2215, 72.0882, 73.6985, 75.2337, 76.6653, 77.8131, 78.9562, 80.2985, 81.6457, 82.9278, 84.4618, 86.0364, 87.6898, 89.1711, 90.4451, 91.7343, 93.0187, 94.236, 95.2792, 96.3017, 97.4768, 98.4526, 99.4845, 100.5931, 102.0417, 103.5035, 104.9488, 106.4216, 107.9705, 109.8362, 111.2832]
growth_rate:50.8
