ticker:GXTG
price:[34.529998779296875, 33.029998779296875, 33.979000091552734, 33.268001556396484, 33.935001373291016, 36.7400016784668, 36.33300018310547, 36.33599853515625, 34.38800048828125, 39.5099983215332, 38.69300079345703, 39.31999969482422, 41.790000915527344, 43.220001220703125, 43.099998474121094, 44.4900016784668, 44.90999984741211, 43.7400016784668, 47.70500183105469, 50.321998596191406, 50.974998474121094, 48.77000045776367, 54.808998107910156, 57.13999938964844, 55.83000183105469, 50.459999084472656, 47.650001525878906, 50.119998931884766, 49.290000915527344, 47.369998931884766, 48.90999984741211, 49.41999816894531, 49.400001525878906, 49.959999084472656, 49.529998779296875, 47.439998626708984, 45.38999938964844, 46.779998779296875, 48.5099983215332, 48.66999816894531, 50.29999923706055, 50.25, 51.86000061035156, 51.64500045776367, 51.55500030517578, 49.375, 50.652000427246094, 50.630001068115234, 51.65999984741211, 51.459999084472656, 50.29899978637695, 52.779998779296875]
assets:[0, 100.00162430419923, 202.87501794662475, 298.63021597099305, 404.61720187416074, 538.060998581314, 632.0997373855591, 732.1522024841308, 792.901321258545, 1011.0015920505524, 1090.0940420539855, 1207.7570426261902, 1383.6251403121948, 1530.9691372406005, 1626.718932408905, 1779.1818611228944, 1895.9789365581514, 1946.5831646976471, 2223.038773826599, 2444.9899135932924, 2576.7148078689575, 2565.253254077911, 2982.897508525848, 3209.7594697143554, 3236.1748901367187, 3024.9053811172485, 2956.453874673462, 3209.7047795974736, 3256.550928488159, 3229.6960011756896, 3434.694957284546, 3570.5108537094115, 3669.0665533309934, 3810.658962168884, 3877.862100427246, 3814.2280735858917, 3749.4045875823977, 3964.225978555298, 4210.827937303543, 4324.718697296143, 4569.558760689926, 4665.014025, 4914.481841839599, 4994.107695766067, 5085.405852102661, 4970.3689375, 5198.921323852539, 5296.662624740982, 5504.414311741638, 5583.106286670685, 5557.144154198456, 5931.252644821167]
shares:[0, 3.0276, 5.9706, 8.9765, 11.9233, 14.6451, 17.3974, 20.1495, 23.0575, 25.5885, 28.1729, 30.7161, 33.109, 35.4227, 37.7429, 39.9906, 42.2173, 44.5035, 46.5997, 48.5869, 50.5486, 52.599, 54.4235, 56.1736, 57.9648, 59.9466, 62.0452, 64.0404, 66.0692, 68.1802, 70.2248, 72.2483, 74.2726, 76.2742, 78.2932, 80.4011, 82.6042, 84.7419, 86.8033, 88.858, 90.8461, 92.8361, 94.7644, 96.7007, 98.6404, 100.6657, 102.64, 104.6151, 106.5508, 108.4941, 110.4822, 112.3769]
growth_rate:16.3
