ticker:HACK
price:[46.95000076293945, 45.709999084472656, 46.189998626708984, 46.22999954223633, 46.779998779296875, 49.130001068115234, 49.4900016784668, 48.36000061035156, 45.04999923706055, 48.459999084472656, 48.15999984741211, 49.029998779296875, 50.459999084472656, 52.2599983215332, 52.939998626708984, 56.90999984741211, 58.369998931884766, 57.560001373291016, 58.84000015258789, 59.619998931884766, 61.7599983215332, 59.83000183105469, 61.47999954223633, 62.150001525878906, 60.81999969482422, 56.189998626708984, 54.47999954223633, 57.43000030517578, 55.95000076293945, 55.02000045776367, 55.650001525878906, 56.2400016784668, 57.33000183105469, 57.66999816894531, 57.15999984741211, 56.04999923706055, 56.5, 57.279998779296875, 58.54999923706055, 59.0099983215332, 61.099998474121094, 60.86000061035156, 61.7599983215332, 60.70000076293945, 62.54999923706055, 60.4900016784668, 63.130001068115234, 62.63999938964844, 61.630001068115234, 62.34000015258789, 61.04999923706055, 64.56999969482422]
assets:[0, 99.99976499710083, 201.05120702247618, 301.22543101730344, 404.81071943664546, 525.145668416977, 628.9931763324738, 714.6302370193482, 765.7193420322418, 923.681504549408, 1017.9627327747345, 1136.3535727081298, 1269.4978869667054, 1414.7826745605469, 1533.1900062282562, 1748.16706631279, 1893.0149463596345, 1966.7446629234312, 2110.4790094730374, 2238.4567078971863, 2418.805630263519, 2443.2179547729493, 2610.59448056221, 2739.043792247772, 2780.4288600486752, 2668.766460774994, 2687.547409418106, 2933.0764615859985, 2957.489065328598, 3008.328565029144, 3142.772621172333, 3276.092577774048, 3439.5879888565064, 3559.9862879684447, 3628.505358313751, 3658.0415452075963, 3787.4097, 3939.6954040405276, 4127.043071222305, 4259.465599844742, 4510.32856736145, 4592.611280058289, 4760.528606621933, 4778.820010065078, 5024.4662987152105, 4958.99453360138, 5275.420661256409, 5334.472460021972, 5348.461034694672, 5510.076763486863, 5496.056706315994, 5912.9460660537725]
shares:[0, 2.1877, 4.3527, 6.5158, 8.6535, 10.6889, 12.7095, 14.7773, 16.9971, 19.0607, 21.1371, 23.1767, 25.1585, 27.072, 28.9609, 30.7181, 32.4313, 34.1686, 35.8681, 37.5454, 39.1646, 40.836, 42.4625, 44.0715, 45.7157, 47.4954, 49.3309, 51.0722, 52.8595, 54.677, 56.4739, 58.252, 59.9963, 61.7303, 63.4798, 65.2639, 67.0338, 68.7796, 70.4875, 72.1821, 73.8188, 75.4619, 77.0811, 78.7285, 80.3272, 81.9804, 83.5644, 85.1608, 86.7834, 88.3875, 90.0255, 91.5742]
growth_rate:15.94
