ticker:HAIL
price:[37.21799850463867, 37.000999450683594, 38.25899887084961, 35.61899948120117, 38.00299835205078, 41.013999938964844, 41.16999816894531, 40.9900016784668, 38.525001525878906, 43.470001220703125, 46.38399887084961, 48.93000030517578, 52.02000045776367, 51.63999938964844, 51.137001037597656, 53.33000183105469, 54.95000076293945, 54.86000061035156, 60.29999923706055, 61.54999923706055, 65.55000305175781, 61.720001220703125, 67.16999816894531, 69.77999877929688, 66.52999877929688, 61.7400016784668, 59.650001525878906, 65.2699966430664, 63.459999084472656, 59.900001525878906, 62.06999969482422, 61.970001220703125, 61.130001068115234, 62.060001373291016, 60.47999954223633, 59.619998931884766, 58.119998931884766, 59.11000061035156, 61.7400016784668, 63.70000076293945, 64.08999633789062, 60.36000061035156, 61.7599983215332, 60.97999954223633, 59.42300033569336, 55.93000030517578, 57.060001373291016, 58.09000015258789, 57.83000183105469, 56.599998474121094, 53.779998779296875, 56.650001525878906]
assets:[0, 99.99890111541748, 203.40014159698487, 289.3651898853302, 408.73364817581177, 541.1182081947327, 643.1782963943482, 740.3655093166352, 795.8417765213013, 997.9929820251466, 1164.8923860424043, 1328.831162287903, 1512.7468153118134, 1601.6972050689697, 1686.0943119117735, 1858.401239807129, 2014.851677974701, 2111.5504514923095, 2420.9364293693543, 2571.1219631298063, 2838.2168071365354, 2772.3822188323975, 3117.1916900253295, 3338.3170096008303, 3282.836300765991, 3146.4804015403747, 3139.9641503219605, 3535.799731148529, 3537.7489909614565, 3439.2843776115415, 3663.880355986023, 3757.9786170257566, 3807.0419805198667, 3964.957633738327, 3964.0103699970246, 4007.6444042015078, 4006.8159743637084, 4175.069385110473, 4460.832427272416, 4702.448716321564, 4831.238512942505, 4650.0620150207515, 4857.917947975159, 4896.565905242538, 4871.545105920411, 4685.1834165641785, 4879.839789445496, 5067.928456312179, 5145.245139912415, 5135.810281543731, 4979.92570496521, 5345.6810889869685]
shares:[0, 2.7026, 5.3164, 8.1239, 10.7553, 13.1935, 15.6225, 18.0621, 20.6578, 22.9582, 25.1141, 27.1578, 29.0801, 31.0166, 32.9721, 34.8472, 36.667, 38.4898, 40.1482, 41.7729, 43.2985, 44.9187, 46.4075, 47.8406, 49.3437, 50.9634, 52.6398, 54.1719, 55.7477, 57.4171, 59.0282, 60.6419, 62.2778, 63.8891, 65.5425, 67.2198, 68.9404, 70.6322, 72.2519, 73.8218, 75.3821, 77.0388, 78.658, 80.2979, 81.9808, 83.7687, 85.5212, 87.2427, 88.9719, 90.7387, 92.5981, 94.3633]
growth_rate:4.82
