ticker:HART
price:[25.010000228881836, 25.468000411987305, 24.829999923706055, 25.35300064086914, 25.645000457763672, 25.190000534057617, 24.801000595092773, 24.88599967956543, 25.264999389648438, 25.222999572753906, 25.184999465942383, 25.257999420166016, 25.823999404907227, 26.325000762939453, 26.614999771118164, 26.26799964904785, 26.829999923706055, 26.738000869750977, 26.875999450683594, 26.982999801635742, 26.910999298095703, 27.29400062561035, 26.895999908447266, 27.64699935913086, 27.968000411987305, 28.025999069213867, 27.711999893188477, 28.31399917602539, 28.42300033569336, 28.66200065612793, 28.749000549316406, 28.8700008392334, 28.875999450683594, 28.888999938964844]
assets:[0, 100.00010361766815, 197.4953363931656, 301.6550722251892, 405.12945923156735, 497.9408165569305, 590.2514136629104, 692.2737618862152, 802.8155676055908, 901.4800939300537, 1000.121513792038, 1103.0193604785918, 1227.7374917078018, 1351.557129170227, 1466.4465648889543, 1547.3270265270232, 1680.4326532215118, 1774.6706365276339, 1883.8301798965456, 1991.329195560837, 2086.0168749916074, 2215.705135586548, 2283.395083427429, 2447.152030673981, 2575.564767539787, 2680.905413763046, 2750.8676949972155, 2910.6253186969757, 3021.8310728897095, 3147.239580646324, 3256.7931535285948, 3370.5004229784013, 3471.201219566345, 3572.763289351654]
shares:[0, 3.9265, 7.9539, 11.8982, 15.7976, 19.7674, 23.7995, 27.8178, 31.7758, 35.7404, 39.711, 43.6701, 47.5425, 51.3412, 55.0985, 58.9054, 62.6326, 66.3726, 70.0934, 73.7994, 77.5154, 81.1792, 84.8972, 88.5142, 92.0897, 95.6578, 99.2663, 102.7981, 106.3164, 109.8053, 113.2837, 116.7475, 120.2106, 123.6721]
growth_rate:8.27
