ticker:HDGE
price:[42.70000076293945, 44.400001525878906, 43.79999923706055, 45.5, 43.70000076293945, 42.20000076293945, 42.70000076293945, 41.599998474121094, 44.400001525878906, 41.79999923706055, 35.900001525878906, 34.20000076293945, 32.79999923706055, 32.29999923706055, 31.600000381469727, 30.600000381469727, 30.200000762939453, 30.299999237060547, 29.5, 29.0, 28.399999618530273, 27.299999237060547, 25.899999618530273, 25.260000228881836, 25.479999542236328, 25.959999084472656, 25.799999237060547, 24.799999237060547, 25.059999465942383, 25.350000381469727, 25.139999389648438, 24.690000534057617, 24.420000076293945, 24.079999923706055, 24.190000534057617, 24.31999969482422, 24.690000534057617, 24.520000457763672, 24.09000015258789, 23.93000030517578, 23.450000762939453, 23.6299991607666, 22.790000915527344, 23.049999237060547, 23.479999542236328, 24.440000534057617, 24.1299991607666, 24.200000762939453, 24.290000915527344, 24.739999771118164, 25.469999313354492, 24.6299991607666]
assets:[0, 100.00212343673707, 198.6505165397644, 306.3606, 394.23955688285827, 480.7086486907959, 586.4033804775238, 671.2950153770447, 816.4805080596923, 868.6666841449738, 846.0553359603882, 905.992220211029, 968.9054174629212, 1054.1363151008607, 1131.2926536567688, 1195.4930549034118, 1279.8669723331452, 1384.1039651489257, 1447.5591, 1523.0249, 1591.5132586227417, 1629.8700144508362, 1646.2868557525635, 1705.6057354545594, 1820.459335294342, 1954.7541830619812, 2042.7071995944978, 2063.5335365180968, 2185.166797431564, 2310.45480476799, 2391.3142279434205, 2448.5098219625474, 2521.733749878502, 2586.6230238046646, 2698.4381015750887, 2812.9387167022705, 2955.733785934067, 3035.3823486675265, 3082.151707522583, 3161.681893320465, 3198.263529054642, 3322.8126739883423, 3304.6937097572327, 3442.395221059036, 3606.612457685852, 3854.0732162183763, 3905.1869991788863, 4016.515266626358, 4131.4522497207645, 4307.991004144668, 4535.106573738099, 4485.539094161415]
shares:[0, 2.2523, 4.5354, 6.7332, 9.0215, 11.3912, 13.7331, 16.1369, 18.3892, 20.7815, 23.567, 26.491, 29.5398, 32.6358, 35.8004, 39.0684, 42.3797, 45.68, 49.0698, 52.5181, 56.0392, 59.7022, 63.5632, 67.522, 71.4466, 75.2987, 79.1747, 83.207, 87.1974, 91.1422, 95.1199, 99.1701, 103.2651, 107.4179, 111.5518, 115.6636, 119.7138, 123.7921, 127.9432, 132.1221, 136.3865, 140.6184, 145.0063, 149.3447, 153.6036, 157.6953, 161.8395, 165.9717, 170.0886, 174.1306, 178.0568, 182.1169]
growth_rate:-12.05
