ticker:HELX
price:[33.23099899291992, 33.279998779296875, 34.44300079345703, 34.202999114990234, 34.749000549316406, 37.9370002746582, 38.20000076293945, 37.18899917602539, 35.540000915527344, 39.393001556396484, 39.36899948120117, 38.85499954223633, 39.59700012207031, 41.650001525878906, 43.65999984741211, 44.119998931884766, 46.59000015258789, 44.2859992980957, 49.279998779296875, 50.040000915527344, 51.23899841308594, 47.91299819946289, 50.81999969482422, 52.70000076293945, 50.61000061035156, 45.040000915527344, 40.70000076293945, 43.439998626708984, 43.632999420166016, 41.25199890136719, 43.86600112915039, 43.78099822998047, 45.08000183105469, 46.689998626708984, 46.165000915527344, 42.7130012512207, 41.108001708984375, 41.57699966430664, 43.659000396728516, 43.96900177001953, 46.888999938964844, 46.233001708984375, 48.435001373291016, 52.0, 51.10100173950195, 49.54499816894531, 52.25199890136719, 53.08700180053711, 55.9109992980957, 54.4640007019043, 53.66899871826172, 55.9640007019043]
assets:[0, 99.99974033203125, 203.4926929878235, 302.0740475837707, 406.8968968322754, 544.2252374401093, 647.9980729419708, 730.8493685070038, 798.4416605682374, 985.0023074169159, 1084.4033431098937, 1170.2465327129364, 1292.5925928848267, 1459.6118084739685, 1630.0504603031156, 1747.2225497009276, 1945.0393263702392, 1948.8496851119996, 2268.6145998046877, 2403.6013879760744, 2561.1915834777833, 2494.940016141891, 2746.3127835083005, 2947.9062926769257, 2930.9972093475344, 2708.4173990539553, 2547.437467752838, 2818.9344548835757, 2931.4568862442015, 2871.4897655258183, 3153.447862372589, 3247.3373350135807, 3443.6883878753665, 3666.6776481521606, 3725.4463263816833, 3546.8748100009916, 3513.595454470825, 3653.682788000107, 3936.644747772217, 4064.595652324677, 4434.5271692276, 4472.488119323731, 4785.504066684723, 5237.7364, 5247.183721216583, 5187.410853286743, 5570.836412469483, 5759.860064855576, 6166.26197068901, 6106.678043499755, 6117.54132239914, 6479.1426388618465]
shares:[0, 3.0048, 5.9081, 8.8318, 11.7096, 14.3455, 16.9633, 19.6523, 22.466, 25.0045, 27.5446, 30.1183, 32.6437, 35.0447, 37.3351, 39.6016, 41.748, 44.006, 46.0352, 48.0336, 49.9852, 52.0723, 54.04, 55.9375, 57.9134, 60.1336, 62.5906, 64.8926, 67.1844, 69.6085, 71.8882, 74.1723, 76.3906, 78.5324, 80.6985, 83.0397, 85.4723, 87.8775, 90.168, 92.4423, 94.575, 96.738, 98.8026, 100.7257, 102.6826, 104.701, 106.6148, 108.4985, 110.2871, 112.1232, 113.9865, 115.7734]
growth_rate:27.04
