ticker:HLAL
price:[30.030000686645508, 29.55500030517578, 29.739999771118164, 29.46500015258789, 29.66900062561035, 30.922000885009766, 31.054000854492188, 30.57699966430664, 28.639999389648438, 31.100000381469727, 31.600000381469727, 31.62700080871582, 32.249000549316406, 33.11899948120117, 32.957000732421875, 33.61800003051758, 33.632999420166016, 33.869998931884766, 35.03200149536133, 34.680999755859375, 35.470001220703125, 34.084999084472656, 35.29999923706055, 35.720001220703125, 35.125, 33.926998138427734, 33.858001708984375, 34.75, 34.5, 35.2400016784668, 35.47999954223633, 36.279998779296875, 36.90999984741211, 36.900001525878906, 36.4900016784668, 37.06999969482422, 36.40599822998047, 36.290000915527344, 36.540000915527344, 36.612998962402344, 36.86899948120117, 36.40999984741211, 37.369998931884766, 38.06999969482422, 38.209999084472656, 37.77000045776367, 38.540000915527344, 38.7599983215332, 39.06999969482422, 39.470001220703125, 39.09000015258789, 39.540000915527344]
assets:[0, 99.99934353256226, 200.62603845596314, 298.77215504722597, 400.84006605224613, 517.767259418869, 619.9776000595093, 710.4535295001983, 765.446943687439, 931.1931014219284, 1046.1654126291273, 1147.060716130829, 1269.6205773262025, 1403.8713333087921, 1497.005844268799, 1627.0305182769775, 1727.7574499134064, 1839.933499976349, 2003.0562783016205, 2082.9859306365965, 2230.374958758545, 2243.2837637451175, 2423.2496376262666, 2552.083355215454, 2609.5732375, 2620.568834009552, 2715.239061251831, 2886.77285, 2966.0063999999998, 3129.62578506279, 3250.9401100563045, 3424.2405207855227, 3583.702615184784, 3682.7308522872922, 3741.8124871158598, 3901.287544882965, 3931.4072962593077, 4018.8817163887024, 4146.566611894226, 4254.85152891922, 4384.601520502472, 4430.015604434586, 4646.817361183929, 4833.8582642509455, 4951.633781356812, 4994.614212533569, 5196.436965442657, 5326.100517358016, 5468.6981832839965, 5624.688311956787, 5670.536146134949, 5835.815493125153]
shares:[0, 3.3835, 6.746, 10.1399, 13.5104, 16.7443, 19.9645, 23.2349, 26.7265, 29.9419, 33.1065, 36.2684, 39.3693, 42.3887, 45.423, 48.3976, 51.3709, 54.3234, 57.1779, 60.0613, 62.8806, 65.8144, 68.6473, 71.4469, 74.2939, 77.2414, 80.1949, 83.0726, 85.9712, 88.8089, 91.6274, 94.3837, 97.093, 99.803, 102.5435, 105.2411, 107.9879, 110.7435, 113.4802, 116.2115, 118.9238, 121.6703, 124.3462, 126.9729, 129.59, 132.2376, 134.8323, 137.4123, 139.9718, 142.5054, 145.0636, 147.5927]
growth_rate:14.43
