ticker:HTEC
price:[33.053001403808594, 33.06100082397461, 34.39500045776367, 34.04999923706055, 34.856998443603516, 37.540000915527344, 37.25, 37.150001525878906, 35.16999816894531, 38.11000061035156, 38.68000030517578, 38.849998474121094, 39.428001403808594, 41.189998626708984, 42.06999969482422, 42.959999084472656, 44.32500076293945, 43.720001220703125, 46.540000915527344, 46.849998474121094, 48.279998779296875, 47.29999923706055, 50.04999923706055, 51.869998931884766, 49.61000061035156, 45.90999984741211, 42.72999954223633, 44.060001373291016, 44.26300048828125, 43.380001068115234, 44.38999938964844, 44.91999816894531, 46.0, 47.10499954223633, 46.43000030517578, 45.040000915527344, 43.10499954223633, 44.06999969482422, 45.0, 44.470001220703125, 46.27000045776367, 46.33000183105469, 48.27000045776367, 47.90999984741211, 47.66999816894531, 45.779998779296875, 47.029998779296875, 47.4900016784668, 48.04999923706055, 46.72999954223633, 46.7599983215332, 48.470001220703125]
assets:[0, 99.99960919227601, 204.03458221549988, 301.98944323348996, 409.1479620311737, 540.6398311851501, 636.464675, 734.7564451789856, 795.5945965789796, 962.1022094085694, 1076.4914844932557, 1181.2225486061095, 1298.797794242859, 1456.8408234283447, 1587.9657944808962, 1721.5575233116151, 1876.2595522949218, 1950.6509224639892, 2176.4710668151856, 2290.969610384369, 2460.899129779053, 2510.948839498901, 2756.9341379745483, 2957.1864441051484, 2928.3394280273437, 2809.939904660797, 2715.307731911087, 2899.82220838356, 3013.181626739502, 3053.07146117363, 3224.15663066864, 3362.6526669296263, 3543.4996, 3728.619791265488, 3775.190823813629, 3762.168756473541, 3700.538347701264, 3883.382268108368, 4065.3315, 4117.45073102417, 4384.110305373383, 4489.794147445679, 4777.798434309769, 4842.163073578262, 4917.908730097962, 4822.927449398803, 5054.614960803223, 5204.054112929916, 5365.421479807664, 5318.028156904983, 5421.4430493953705, 5719.702494049072]
shares:[0, 3.0247, 5.9321, 8.869, 11.7379, 14.4017, 17.0863, 19.7781, 22.6214, 25.2454, 27.8307, 30.4047, 32.941, 35.3688, 37.7458, 40.0735, 42.3296, 44.6169, 46.7656, 48.9001, 50.9714, 53.0856, 55.0836, 57.0115, 59.0272, 61.2054, 63.5457, 65.8153, 68.0745, 70.3797, 72.6325, 74.8587, 77.0326, 79.1555, 81.3093, 83.5295, 85.8494, 88.1185, 90.3407, 92.5894, 94.7506, 96.909, 98.9807, 101.0679, 103.1657, 105.3501, 107.4764, 109.5821, 111.6633, 113.8033, 115.9419, 118.005]
growth_rate:12.15
