ticker:IAI
price:[64.37000274658203, 62.13999938964844, 62.43000030517578, 60.52000045776367, 62.45000076293945, 64.25, 65.41999816894531, 65.2699966430664, 61.63999938964844, 64.68000030517578, 69.02999877929688, 70.0999984741211, 73.80999755859375, 76.04000091552734, 75.0, 76.95999908447266, 78.68000030517578, 79.54000091552734, 85.73999786376953, 86.12000274658203, 84.4000015258789, 79.29000091552734, 85.37000274658203, 87.20999908447266, 89.45999908447266, 89.69000244140625, 92.48999786376953, 96.73999786376953, 95.30000305175781, 92.95999908447266, 93.6500015258789, 94.98999786376953, 96.19000244140625, 96.68000030517578, 97.30000305175781, 100.13999938964844, 100.61000061035156, 100.2699966430664, 101.80000305175781, 103.33999633789062, 101.4800033569336, 96.16999816894531, 101.4800033569336, 102.29000091552734, 100.80999755859375, 99.75, 102.22000122070312, 103.22000122070312, 106.63999938964844, 108.76000213623047, 106.33999633789062, 110.7300033569336]
assets:[0, 100.00190101776123, 200.46897397994996, 294.33297022628784, 403.7205199321747, 515.355675, 624.741356513977, 723.3090487991333, 783.0807162460327, 921.7029403488159, 1083.6881448364259, 1200.483503868866, 1364.0161358825683, 1505.227026123047, 1584.6374999999998, 1726.0511634666443, 1864.6294592323302, 1985.008216847992, 2239.734520196533, 2349.6637069366457, 2402.733003439331, 2357.2600112182618, 2638.0184548721313, 2794.879887659454, 2966.985599636078, 3074.618128692627, 3270.603557459259, 3520.890918251038, 3568.4800242721553, 3580.856348733521, 3707.4349904067994, 3860.4790041816714, 4009.2473967590336, 4129.666877035522, 4256.145383491516, 4480.3737266922, 4601.398377914428, 4685.847564122772, 4857.346425613403, 5030.828703720093, 5040.278362731171, 4876.540182151794, 5245.795665529633, 5387.665493221282, 5409.716493988038, 5452.83375, 5687.85819392395, 5843.501031106567, 6137.1106368743895, 6359.1211929039, 6317.627280435181, 6678.436546466065]
shares:[0, 1.6093, 3.2111, 4.8634, 6.4647, 8.0211, 9.5497, 11.0818, 12.7041, 14.2502, 15.6988, 17.1253, 18.4801, 19.7952, 21.1285, 22.4279, 23.6989, 24.9561, 26.1224, 27.2836, 28.4684, 29.7296, 30.901, 32.0477, 33.1655, 34.2805, 35.3617, 36.3954, 37.4447, 38.5204, 39.5882, 40.6409, 41.6805, 42.7148, 43.7425, 44.7411, 45.735, 46.7323, 47.7146, 48.6823, 49.6677, 50.7075, 51.6929, 52.6705, 53.6625, 54.665, 55.6433, 56.6121, 57.5498, 58.4693, 59.4097, 60.3128]
growth_rate:30.95
