ticker:IAK
price:[59.040000915527344, 57.5, 57.119998931884766, 54.380001068115234, 56.40999984741211, 58.58000183105469, 57.88999938964844, 59.70000076293945, 56.58000183105469, 59.650001525878906, 64.25, 64.91000366210938, 65.81999969482422, 67.04000091552734, 66.5, 66.58000183105469, 66.63999938964844, 67.5, 68.94000244140625, 69.22000122070312, 68.54000091552734, 65.29000091552734, 68.87000274658203, 69.80999755859375, 70.31999969482422, 70.94000244140625, 73.6500015258789, 76.23999786376953, 74.8499984741211, 74.76000213623047, 74.94000244140625, 75.9000015258789, 77.79000091552734, 78.54000091552734, 79.11000061035156, 82.19999694824219, 82.04000091552734, 80.62999725341797, 81.29000091552734, 81.81999969482422, 79.4800033569336, 74.80999755859375, 78.38999938964844, 78.0999984741211, 77.41000366210938, 77.01000213623047, 76.80000305175781, 77.33000183105469, 79.58999633789062, 81.47000122070312, 81.1500015258789, 82.47000122070312]
assets:[0, 99.99825, 199.33737227249145, 289.7747116916657, 400.58997291641236, 516.0019461288452, 609.923244569397, 728.9907393161774, 790.8922395950318, 933.8028788871765, 1105.813175, 1217.1729156707763, 1334.2372138137819, 1458.9647239242554, 1547.2156, 1649.0801173522948, 1750.5661439666746, 1873.1587499999998, 2013.117011291504, 2121.295391409302, 2200.456167392731, 2196.1140577949523, 2416.531317372894, 2549.516958837891, 2668.144716420746, 2791.6664460754396, 2998.313657118988, 3203.749566231537, 3245.338748841095, 3341.435675479889, 3449.4808183776854, 3593.667732246399, 3783.1533355247498, 3919.6251396903995, 4048.0745532318115, 4306.186580128478, 4397.8034730773925, 4422.216703361511, 4558.418091339111, 4688.138706513977, 4654.062868569946, 4480.602664776611, 4795.022194665527, 4877.2824247100825, 4934.191043426514, 5008.692033939362, 5095.035082458496, 5230.199207843018, 5483.05035571289, 5712.5624275939945, 5790.125643872833, 5984.311933578491]
shares:[0, 1.7391, 3.4898, 5.3287, 7.1014, 8.8085, 10.5359, 12.2109, 13.9783, 15.6547, 17.2111, 18.7517, 20.271, 21.7626, 23.2664, 24.7684, 26.269, 27.7505, 29.201, 30.6457, 32.1047, 33.6363, 35.0883, 36.5208, 37.9429, 39.3525, 40.7103, 42.0219, 43.3579, 44.6955, 46.0299, 47.3474, 48.6329, 49.9061, 51.1702, 52.3867, 53.6056, 54.8458, 56.076, 57.2982, 58.5564, 59.8931, 61.1688, 62.4492, 63.741, 65.0395, 66.3416, 67.6348, 68.8912, 70.1186, 71.3509, 72.5635]
growth_rate:17.34
