ticker:IAT
price:[35.58000183105469, 33.970001220703125, 34.400001525878906, 31.579999923706055, 33.84000015258789, 36.150001525878906, 35.709999084472656, 37.869998931884766, 36.529998779296875, 36.88999938964844, 41.310001373291016, 41.65999984741211, 43.380001068115234, 44.459999084472656, 44.18000030517578, 43.61000061035156, 44.720001220703125, 45.34000015258789, 49.189998626708984, 49.86000061035156, 49.060001373291016, 46.029998779296875, 50.029998779296875, 51.66999816894531, 54.29999923706055, 54.43000030517578, 56.779998779296875, 59.279998779296875, 58.06999969482422, 57.68000030517578, 57.119998931884766, 57.83000183105469, 58.029998779296875, 58.119998931884766, 59.61000061035156, 62.040000915527344, 62.45000076293945, 61.36000061035156, 61.810001373291016, 61.59000015258789, 59.349998474121094, 54.959999084472656, 58.84000015258789, 57.97999954223633, 57.4900016784668, 55.95000076293945, 55.68000030517578, 55.7400016784668, 58.130001068115234, 58.709999084472656, 56.900001525878906, 59.43000030517578]
assets:[0, 100.00088959350586, 201.2675289276123, 284.769491312027, 405.14940182685854, 532.807642489624, 626.3212449424744, 764.205217445755, 837.1652880249023, 945.4169043579102, 1158.6918355190278, 1268.5095013538362, 1420.8815689853668, 1556.2555779533388, 1646.456071372986, 1725.2159851455688, 1869.126115020752, 1995.041618714142, 2264.4468297809603, 2395.289387321472, 2456.8561847724914, 2405.118069216919, 2714.1224307769776, 2903.094348121643, 3150.8606257289885, 3258.4029812690737, 3499.084458773804, 3753.1471387145994, 3776.541781153107, 3851.1782603759766, 3913.7880708141324, 4062.4361856277465, 4176.482845144654, 4282.9615252887725, 4492.76401900177, 4775.913718478394, 4907.477184953689, 4921.820640957641, 5057.918593376541, 5139.913395734024, 5052.975780088806, 4779.217096387481, 5216.613197528076, 5240.365712626267, 5296.076687623215, 5254.2086216468815, 5328.854429206848, 5434.594423648834, 5767.618014977646, 5925.1657536026005, 5842.497846677398, 6202.281235848998]
shares:[0, 2.9438, 5.8508, 9.0174, 11.9725, 14.7388, 17.5391, 20.1797, 22.9172, 25.628, 28.0487, 30.4491, 32.7543, 35.0035, 37.267, 39.5601, 41.7962, 44.0018, 46.0347, 48.0403, 50.0786, 52.2511, 54.2499, 56.1853, 58.0269, 59.8641, 61.6253, 63.3122, 65.0343, 66.768, 68.5187, 70.2479, 71.9711, 73.6917, 75.3693, 76.9812, 78.5825, 80.2122, 81.8301, 83.4537, 85.1386, 86.9581, 88.6576, 90.3823, 92.1217, 93.909, 95.705, 97.499, 99.2193, 100.9226, 102.6801, 104.3628]
growth_rate:21.61
