ticker:IBBJ
price:[23.822999954223633, 23.856000900268555, 27.11199951171875, 25.856000900268555, 25.87299919128418, 28.458999633789062, 28.709999084472656, 28.215999603271484, 27.2450008392334, 28.9950008392334, 30.246000289916992, 30.30500030517578, 31.158000946044922, 32.209999084472656, 33.779998779296875, 34.970001220703125, 36.638999938964844, 34.439998626708984, 36.599998474121094, 37.29999923706055, 37.150001525878906, 35.81800079345703, 39.400001525878906, 39.3650016784668, 38.81999969482422, 36.08000183105469, 33.5629997253418, 36.279998779296875, 35.060001373291016, 32.16999816894531, 33.45000076293945, 31.780000686645508, 32.13999938964844, 32.880001068115234, 32.95000076293945, 30.549999237060547, 29.8700008392334, 30.479999542236328, 30.969999313354492, 30.22800064086914, 32.34400177001953, 31.701000213623047, 32.840999603271484, 33.33399963378906, 32.52299880981445, 30.070999145507812, 30.381000518798828, 29.649999618530273, 30.549999237060547, 29.68000030517578, 28.610000610351562, 30.670000076293945]
assets:[0, 99.99958457374572, 213.64797855224612, 303.7511273761749, 403.94996177368165, 544.3239023956298, 649.1244663002014, 737.9556104240418, 812.5603540294647, 964.7535624238968, 1106.3775184049607, 1208.5361376701355, 1342.5515237636566, 1487.8797087089538, 1660.401791998291, 1818.8946734924316, 2005.703126358795, 1985.3247168354033, 2209.838367870331, 2352.1043818897247, 2442.6460353279112, 2455.0660647857667, 2800.587568460846, 2898.0986615707398, 2957.9752807464597, 2849.1944485961913, 2750.4307703922273, 3073.08278460083, 3069.745034241104, 2916.7057519866944, 3132.756476453018, 3076.3517364683153, 3211.200545018005, 3385.1374939670563, 3492.3442208633423, 3337.9692916393283, 3363.6697555063247, 3532.360674949264, 3689.1463182067873, 3700.7597080604555, 4059.819102172851, 4079.1103519878384, 4325.800047243119, 4490.736430264283, 4481.477350299453, 4243.607371014404, 4387.35370402031, 4381.789613624955, 4614.794289752578, 4583.375599127197, 4518.139933387756, 4943.458086297226]
shares:[0, 4.1918, 7.8802, 11.7478, 15.6128, 19.1266, 22.6097, 26.1538, 29.8242, 33.2731, 36.5793, 39.8791, 43.0885, 46.1931, 49.1534, 52.013, 54.7423, 57.6459, 60.3781, 63.0591, 65.7509, 68.5428, 71.0809, 73.6212, 76.1972, 78.9688, 81.9483, 84.7046, 87.5569, 90.6654, 93.6549, 96.8015, 99.9129, 102.9543, 105.9892, 109.2625, 112.6103, 115.8911, 119.12, 122.4282, 125.52, 128.6745, 131.7195, 134.7194, 137.7941, 141.1196, 144.4111, 147.7838, 151.0571, 154.4264, 157.9217, 161.1822]
growth_rate:-3.07
