ticker:IBTD
price:[25.725000381469727, 25.75, 25.760000228881836, 25.75, 25.729999542236328, 25.709999084472656, 25.719999313354492, 25.709999084472656, 25.71500015258789, 25.700000762939453, 25.684999465942383, 25.700000762939453, 25.709999084472656, 25.690000534057617, 25.704999923706055, 25.709999084472656, 25.709999084472656, 25.709999084472656, 25.690000534057617, 25.700000762939453, 25.709999084472656, 25.71500015258789, 25.704999923706055, 25.704999923706055, 25.700000762939453, 25.673999786376953, 25.65999984741211, 25.649999618530273, 25.665000915527344, 25.674999237060547, 25.655000686645508, 25.65999984741211, 25.65999984741211, 25.665000915527344, 25.665000915527344, 25.674999237060547, 25.670000076293945, 25.665000915527344, 25.68000030517578, 25.674999237060547, 25.674999237060547, 25.614999771118164, 25.614999771118164, 25.6299991607666, 25.645000457763672, 25.635000228881836, 25.655000686645508, 25.665000915527344, 25.645000457763672, 25.645000457763672, 25.649999618530273, 25.670000076293945]
assets:[0, 100.00012500000001, 200.03928177738192, 299.96175, 399.7284078884125, 499.4167322158814, 599.6103439922332, 699.3762500953675, 799.5127842441559, 899.0477066894531, 998.5223337381364, 1099.106792628479, 1199.5334302848817, 1298.6012679960252, 1399.3596318466186, 1499.6308235984802, 1599.6298650375368, 1699.6289064765929, 1798.3077443841933, 1899.0090363746644, 1999.7468677894592, 2100.1363479618076, 2199.3197934722903, 2299.3199546754836, 2398.8740512138365, 2496.4473128280642, 2595.0855945682524, 2694.0733249334335, 2795.6500522270203, 2896.7381414226534, 2994.4824661460875, 3095.065559595108, 3195.065145000458, 3295.688964564514, 3395.690074131775, 3497.0119210853577, 3596.3310726886752, 3695.63180683136, 3797.792133132172, 3897.051516698074, 3997.0505037265775, 4087.7108239744184, 4187.711783080865, 4290.164551522064, 4392.675709409333, 4490.962364597512, 4594.466845969009, 4696.2588625259405, 4792.599233547973, 4892.599348332978, 4993.552185735321, 5097.445935150146]
shares:[0, 3.8835, 7.7655, 11.649, 15.5355, 19.425, 23.313, 27.2025, 31.0913, 34.9824, 38.8757, 42.7668, 46.6563, 50.5489, 54.4392, 58.3287, 62.2182, 66.1077, 70.0003, 73.8914, 77.7809, 81.6697, 85.56, 89.4503, 93.3414, 97.2364, 101.1335, 105.0321, 108.9285, 112.8233, 116.7212, 120.6183, 124.5154, 128.4118, 132.3082, 136.203, 140.0986, 143.995, 147.8891, 151.7839, 155.6787, 159.5827, 163.4867, 167.3884, 171.2878, 175.1887, 179.0866, 182.983, 186.8824, 190.7818, 194.6804, 198.576]
growth_rate:-0.05
