ticker:IBTF
price:[26.149999618530273, 26.200000762939453, 26.170000076293945, 26.200000762939453, 26.170000076293945, 26.1200008392334, 26.1299991607666, 26.075000762939453, 26.075000762939453, 26.114999771118164, 26.040000915527344, 26.075000762939453, 26.065000534057617, 26.020000457763672, 26.059999465942383, 26.05500030517578, 26.06999969482422, 26.09000015258789, 25.96500015258789, 26.0, 26.024999618530273, 26.038999557495117, 25.9950008392334, 25.985000610351562, 25.905000686645508, 25.768999099731445, 25.719999313354492, 25.65999984741211, 25.639999389648438, 25.690000534057617, 25.6299991607666, 25.670000076293945, 25.700000762939453, 25.725000381469727, 25.71500015258789, 25.774999618530273, 25.736000061035156, 25.739999771118164, 25.780000686645508, 25.735000610351562, 25.80500030517578, 25.663999557495117, 25.655000686645508, 25.684999465942383, 25.7450008392334, 25.7450008392334, 25.805999755859375, 25.836999893188477, 25.764999389648438, 25.7450008392334, 25.7450008392334, 25.7549991607666]
assets:[0, 100.0001629119873, 199.88646058273315, 300.11576873931887, 399.7729211654663, 499.0095560331345, 599.2000757551193, 697.9391154212951, 797.9393508472443, 899.1629456193924, 996.5794790382384, 1097.9191971244813, 1197.4991065361023, 1295.4317427902222, 1397.4231693620682, 1497.1541890357971, 1598.0153782936097, 1699.241709938049, 1791.0994650257112, 1893.515, 1995.336720752716, 2096.410269973755, 2192.8680842954636, 2292.025168336487, 2384.9697932167055, 2472.447849022293, 2567.7458434490204, 2661.7554061717988, 2759.6818503067016, 2865.064464560509, 2958.3734091304777, 3062.9906151035307, 3166.571624003983, 3269.6526934848785, 3368.3821549873355, 3476.240691051674, 3570.9806732688903, 3671.535549352455, 3777.2418746061326, 3870.6496052993775, 3981.177383582306, 4059.4236612064365, 4158.000884787178, 4262.86230636406, 4372.8192865448, 4472.81801880455, 4583.416519638062, 4688.921993915748, 4775.854393363953, 4872.146152321815, 4972.144884581566, 5074.074800659943]
shares:[0, 3.8168, 7.638, 11.4548, 15.276, 19.1045, 22.9315, 26.7666, 30.6017, 34.4309, 38.2711, 42.1062, 45.9428, 49.786, 53.6233, 57.4613, 61.2971, 65.13, 68.9813, 72.8275, 76.67, 80.5104, 84.3573, 88.2057, 92.066, 95.9466, 99.8346, 103.7317, 107.6319, 111.5245, 115.4262, 119.3218, 123.2129, 127.1002, 130.989, 134.8687, 138.7543, 142.6393, 146.5183, 150.4041, 154.2793, 158.1758, 162.0737, 165.967, 169.8512, 173.7354, 177.6105, 181.4809, 185.3621, 189.2463, 193.1305, 197.0132]
growth_rate:-0.51
