ticker:IBTH
price:[26.3799991607666, 26.469999313354492, 26.450000762939453, 26.479999542236328, 26.459999084472656, 26.309999465942383, 26.350000381469727, 26.209999084472656, 26.200000762939453, 26.249000549316406, 26.155000686645508, 26.235000610351562, 26.239999771118164, 26.15999984741211, 26.229999542236328, 26.165000915527344, 26.18000030517578, 26.219999313354492, 25.969999313354492, 26.016000747680664, 26.045000076293945, 26.055999755859375, 25.959999084472656, 25.950000762939453, 25.732999801635742, 25.52199935913086, 25.39699935913086, 25.28499984741211, 25.18000030517578, 25.270000457763672, 25.19499969482422, 25.264999389648438, 25.350000381469727, 25.385000228881836, 25.334999084472656, 25.450000762939453, 25.389999389648438, 25.405000686645508, 25.454999923706055, 25.489999771118164, 25.59000015258789, 25.46500015258789, 25.395000457763672, 25.5049991607666, 25.618999481201172, 25.665000915527344, 25.709999084472656, 25.80500030517578, 25.687000274658203, 25.684999465942383, 25.70400047302246, 25.68000030517578]
assets:[0, 100.00101040592193, 199.92497576675416, 300.15079481124883, 399.92436416244504, 497.65627089824676, 598.4137786632538, 695.2333307151795, 794.9682831493378, 896.4558667602539, 993.2466130756378, 1096.2845940048219, 1196.4941335634232, 1292.8455044589996, 1396.3041886318206, 1492.8441272354125, 1593.699664577484, 1696.1350475818633, 1779.962976937866, 1883.1161821193693, 1985.215018315315, 2086.053762854004, 2178.3684231758116, 2277.53036196022, 2358.486044419479, 2439.14768755188, 2527.202072528458, 2616.05688221283, 2705.193188786316, 2814.863255990982, 2906.5077622947692, 3014.581829673767, 3124.7247020212176, 3229.0380301143646, 3322.6775294288636, 3437.760653057099, 3529.6567791503903, 3631.7413871585845, 3738.8889352937695, 3844.029611483383, 3959.110811607361, 4039.7727172065734, 4128.668384422303, 4246.551754268646, 4365.533873395538, 4473.373728575134, 4581.215887863922, 4698.14351206131, 4776.659529174423, 4876.286874609375, 4979.893051643372, 5075.243748313141]
shares:[0, 3.7779, 7.5586, 11.335, 15.1143, 18.9151, 22.7102, 26.5255, 30.3423, 34.152, 37.9754, 41.7871, 45.5981, 49.4207, 53.2331, 57.055, 60.8747, 64.6886, 68.5392, 72.383, 76.2225, 80.0604, 83.9125, 87.7661, 91.6522, 95.5704, 99.5079, 103.4628, 107.4342, 111.3915, 115.3605, 119.3185, 123.2633, 127.2026, 131.1497, 135.079, 139.0176, 142.9538, 146.8823, 150.8054, 154.7132, 158.6402, 162.578, 166.4988, 170.4022, 174.2986, 178.1881, 182.0633, 185.9563, 189.8496, 193.74, 197.6341]
growth_rate:-0.49
