ticker:IBTI
price:[26.549999237060547, 26.579999923706055, 26.59000015258789, 26.65999984741211, 26.6200008392334, 26.45400047302246, 26.5, 26.31999969482422, 26.420000076293945, 26.3799991607666, 26.274999618530273, 26.354999542236328, 26.299999237060547, 26.229999542236328, 26.325000762939453, 26.239999771118164, 26.256000518798828, 26.295000076293945, 25.9950008392334, 26.045000076293945, 26.075000762939453, 26.084999084472656, 25.959999084472656, 25.94499969482422, 25.729999542236328, 25.520000457763672, 25.315000534057617, 25.219999313354492, 25.082000732421875, 25.187999725341797, 25.1200008392334, 25.190000534057617, 25.295000076293945, 25.329999923706055, 25.2549991607666, 25.364999771118164, 25.290000915527344, 25.309999465942383, 25.364999771118164, 25.399999618530273, 25.531999588012695, 25.44499969482422, 25.354999542236328, 25.489999771118164, 25.6200008392334, 25.690000534057617, 25.763999938964844, 25.834999084472656, 25.704999923706055, 25.71500015258789, 25.743999481201172, 25.704999923706055]
assets:[0, 99.99927571296692, 200.0365711479187, 300.56217227973934, 400.1119226140976, 497.6156212978363, 598.4813, 694.4163439483643, 797.0544143016815, 895.8489435001374, 992.2832430936814, 1095.303238975525, 1193.0179353916167, 1289.841866489792, 1394.5142654151916, 1490.0121470031738, 1590.9219626354218, 1693.2849364130022, 1773.966444271469, 1877.3782999994278, 1979.541047920227, 2080.299544985962, 2170.331207459259, 2269.0770273101807, 2350.2733591861725, 2431.0913876075747, 2511.561958985138, 2602.136479153633, 2687.897559289551, 2799.255755475998, 2891.698944608688, 2999.756251598358, 3112.2613963871004, 3216.568035311699, 3307.0436456056595, 3421.446771626472, 3511.329481114197, 3614.1059397399904, 3721.9586064147948, 3827.094142522812, 3946.984156711006, 4033.533718123627, 4119.26703913002, 4241.199493917084, 4362.829942913055, 4474.751087023545, 4587.640885131836, 4700.282807933807, 4776.631610822677, 4878.490395948028, 4983.991960361481, 5076.441877432823]
shares:[0, 3.7622, 7.523, 11.2739, 15.0305, 18.8106, 22.5842, 26.3836, 30.1686, 33.9594, 37.7653, 41.5596, 45.3619, 49.1743, 52.973, 56.784, 60.5927, 64.3957, 68.2426, 72.0821, 75.9172, 79.7508, 83.6029, 87.4572, 91.3437, 95.2622, 99.2124, 103.1775, 107.1644, 111.1345, 115.1154, 119.0852, 123.0386, 126.9865, 130.9461, 134.8885, 138.8426, 142.7936, 146.736, 150.673, 154.5897, 158.5197, 162.4637, 166.3868, 170.29, 174.1826, 178.064, 181.9347, 185.825, 189.7138, 193.5982, 197.4885]
growth_rate:-0.46
