ticker:IBTK
price:[25.100000381469727, 25.100000381469727, 25.100000381469727, 25.010000228881836, 25.010000228881836, 24.780000686645508, 24.780000686645508, 24.780000686645508, 24.780000686645508, 24.579999923706055, 24.579999923706055, 24.579999923706055, 24.639999389648438, 24.639999389648438, 24.540000915527344, 24.540000915527344, 24.540000915527344, 24.540000915527344, 24.493999481201172, 24.100000381469727, 24.125, 24.214000701904297, 24.03499984741211, 23.968000411987305, 23.645999908447266, 23.510000228881836, 23.209999084472656, 23.049999237060547, 22.85099983215332, 23.110000610351562, 22.947999954223633, 22.865999221801758, 23.155000686645508, 23.229999542236328, 23.184999465942383, 23.149999618530273, 23.049999237060547, 23.100000381469727, 23.17799949645996, 23.2549991607666, 23.44700050354004, 23.3700008392334, 23.301000595092773, 23.4950008392334, 23.4950008392334, 23.780000686645508, 23.950000762939453, 23.950000762939453, 23.950000762939453, 23.829999923706055, 23.86199951171875, 23.90999984741211]
assets:[0, 100.00091151981354, 200.00182303962708, 299.2846687389374, 399.2846536540985, 495.6124037332535, 595.6120965042114, 695.6117892751694, 795.6114820461273, 889.1888712400437, 989.187684929657, 1089.1864986192704, 1191.844162477112, 1291.8431360000611, 1386.6008497306825, 1486.6013534614563, 1586.6018571922302, 1686.6023609230042, 1783.439944425583, 1854.7528993581773, 1956.677425, 2063.894878227234, 2148.6376533592224, 2242.647449748993, 2312.5173114463805, 2399.216682357597, 2468.6015766250607, 2551.584205544281, 2629.555954685211, 2759.359493876648, 2840.0169367347717, 2929.8684988878254, 3066.8983649467464, 3176.832525398254, 3270.6777341611864, 3365.741404538727, 3451.202625767517, 3558.689038767624, 3670.7044158542635, 3782.9000154815676, 3914.1320631586077, 4001.278334688759, 4089.465410442352, 4223.513039862442, 4323.512462434387, 4475.9573372428895, 4607.956196788788, 4707.9570299743655, 4807.9578631599425, 4883.8679303638455, 4990.426991882324, 5100.4668214500425]
shares:[0, 3.9841, 7.9682, 11.9666, 15.965, 20.0005, 24.036, 28.0715, 32.107, 36.1753, 40.2436, 44.3119, 48.3703, 52.4287, 56.5037, 60.5787, 64.6537, 68.7287, 72.8113, 76.9607, 81.1058, 85.2356, 89.3962, 93.5684, 97.7974, 102.0509, 106.3594, 110.6978, 115.074, 119.4011, 123.7588, 128.1321, 132.4508, 136.7556, 141.0687, 145.3884, 149.7268, 154.0558, 158.3702, 162.6704, 166.9353, 171.2143, 175.506, 179.7622, 184.0184, 188.2236, 192.399, 196.5744, 200.7498, 204.9462, 209.137, 213.3194]
growth_rate:0.01
