ticker:ICLN
price:[16.100000381469727, 16.190000534057617, 16.719999313354492, 16.799999237060547, 19.079999923706055, 21.399999618530273, 20.889999389648438, 20.219999313354492, 19.559999465942383, 21.450000762939453, 21.700000762939453, 22.09000015258789, 23.59000015258789, 23.010000228881836, 23.6299991607666, 25.90999984741211, 27.709999084472656, 28.239999771118164, 33.15999984741211, 30.559999465942383, 32.900001525878906, 29.799999237060547, 31.18000030517578, 30.31999969482422, 28.489999771118164, 25.850000381469727, 22.969999313354492, 25.450000762939453, 23.34000015258789, 22.959999084472656, 24.18000030517578, 23.469999313354492, 23.81999969482422, 24.5, 23.239999771118164, 22.040000915527344, 21.600000381469727, 22.579999923706055, 22.920000076293945, 22.299999237060547, 22.530000686645508, 22.40999984741211, 23.049999237060547, 23.489999771118164, 23.219999313354492, 22.100000381469727, 22.559999465942383, 22.709999084472656, 22.920000076293945, 22.600000381469727, 22.68000030517578, 23.1200008392334]
assets:[0, 100.00077629871369, 203.27506365203857, 304.2479861831665, 445.5389862184524, 599.7135893096925, 685.4217699737549, 763.4384260746002, 838.5195731054307, 1019.5421312633515, 1131.4250197792053, 1251.7585756465912, 1436.7583952934265, 1501.4324279348373, 1641.8879576873778, 1900.309345808792, 2132.3259945487976, 2273.111005576706, 2769.1352152576446, 2652.01508965416, 2955.0814270545957, 2776.638768912506, 3005.221969413757, 3022.333953579712, 2939.9172643814086, 2767.493285840035, 2559.1611274986267, 2935.466712999344, 2792.0941982536315, 2846.6357904907227, 3097.8932790985104, 3106.9303451026917, 3253.264098320007, 3446.1357000000003, 3368.9052268209457, 3294.951484870148, 3329.1713387952805, 3580.2170479030606, 3734.126412429809, 3733.115762280655, 3871.618401995087, 3950.9972640979768, 4163.8325371799465, 4343.315051679611, 4393.391054081726, 4281.479483902931, 4470.595526168633, 4600.319094543457, 4742.858535787583, 4776.641160625839, 4893.550265846252, 5088.487920707131]
shares:[0, 6.1767, 12.1576, 18.11, 23.3511, 28.024, 32.811, 37.7566, 42.8691, 47.5311, 52.1394, 56.6663, 60.9054, 65.2513, 69.4832, 73.3427, 76.9515, 80.4926, 83.5083, 86.7806, 89.8201, 93.1758, 96.383, 99.6812, 103.1912, 107.0597, 111.4132, 115.3425, 119.627, 123.9824, 128.118, 132.3788, 136.577, 140.6586, 144.9615, 149.4987, 154.1283, 158.557, 162.92, 167.4043, 171.8428, 176.3051, 180.6435, 184.9006, 189.2072, 193.7321, 198.1647, 202.568, 206.931, 211.3558, 215.765, 220.0903]
growth_rate:-0.23
