ticker:IDNA
price:[35.73500061035156, 36.220001220703125, 40.40999984741211, 39.130001068115234, 38.220001220703125, 41.349998474121094, 41.45000076293945, 39.65999984741211, 37.93000030517578, 40.560001373291016, 41.689998626708984, 41.560001373291016, 43.73099899291992, 46.22999954223633, 49.150001525878906, 48.59000015258789, 49.32699966430664, 45.939998626708984, 49.34000015258789, 51.31999969482422, 51.470001220703125, 50.349998474121094, 53.29999923706055, 53.02000045776367, 51.630001068115234, 47.0099983215332, 43.689998626708984, 47.290000915527344, 47.189998626708984, 44.25, 46.119998931884766, 44.54999923706055, 46.0099983215332, 47.09000015258789, 47.95000076293945, 45.540000915527344, 45.1150016784668, 45.970001220703125, 46.83000183105469, 46.880001068115234, 49.790000915527344, 47.880001068115234, 50.43000030517578, 52.0099983215332, 50.560001373291016, 48.15999984741211, 49.80400085449219, 50.11000061035156, 53.72999954223633, 52.709999084472656, 51.45000076293945, 53.68000030517578]
assets:[0, 99.99980137023925, 211.5665542011261, 304.86575132179263, 397.7746627044678, 530.3509454292298, 631.6316916259766, 704.3536652900696, 773.6278722244263, 927.2705833957672, 1053.1060413101197, 1149.8239339942932, 1309.8877321346283, 1484.7411572982787, 1678.5217021102908, 1759.3953155250551, 1886.081957264328, 1856.5777585010528, 2093.984672475815, 2278.017806453705, 2384.677214556885, 2432.786051273346, 2675.324171705246, 2761.2710198402406, 2788.88227869606, 2639.3246447643282, 2552.928951754761, 2863.2866014328006, 2957.2320489406584, 2872.9932, 3094.407492335129, 3089.070217098236, 3290.3038079681396, 3467.538087236023, 3630.865162771225, 3548.3766833358764, 3615.2635905029297, 3783.7770094757084, 3954.564187623596, 4058.786108475494, 4410.726895103455, 4341.528672851563, 4672.748011277008, 4919.147249249268, 4882.002948603058, 4750.261584949493, 5012.419077598572, 5143.215297645568, 5614.768833163834, 5608.180501590728, 5574.1188076572425, 5915.718545631409]
shares:[0, 2.7609, 5.2355, 7.7911, 10.4075, 12.8259, 15.2384, 17.7598, 20.3962, 22.8617, 25.2604, 27.6666, 29.9533, 32.1164, 34.151, 36.209, 38.2363, 40.4131, 42.4399, 44.3885, 46.3314, 48.3175, 50.1937, 52.0798, 54.0167, 56.1439, 58.4328, 60.5474, 62.6665, 64.9264, 67.0947, 69.3394, 71.5128, 73.6364, 75.7219, 77.9178, 80.1344, 82.3097, 84.4451, 86.5782, 88.5866, 90.6752, 92.6581, 94.5808, 96.5586, 98.635, 100.6429, 102.6385, 104.4997, 106.3969, 108.3405, 110.2034]
growth_rate:15.99
