ticker:IDRV
price:[33.33000183105469, 32.95000076293945, 33.422000885009766, 32.290000915527344, 33.43000030517578, 35.189998626708984, 35.27000045776367, 35.43000030517578, 33.58000183105469, 36.9900016784668, 37.900001525878906, 39.0099983215332, 40.650001525878906, 41.65999984741211, 40.84000015258789, 42.130001068115234, 42.33000183105469, 43.20000076293945, 46.52000045776367, 45.400001525878906, 47.15999984741211, 44.54999923706055, 46.709999084472656, 47.720001220703125, 47.150001525878906, 44.90999984741211, 44.4900016784668, 46.099998474121094, 46.220001220703125, 45.5, 46.79999923706055, 47.5, 48.18000030517578, 47.7400016784668, 46.689998626708984, 47.189998626708984, 45.66999816894531, 46.349998474121094, 48.02000045776367, 49.59000015258789, 49.27000045776367, 47.84000015258789, 49.130001068115234, 49.858001708984375, 49.25, 47.970001220703125, 48.880001068115234, 49.93000030517578, 50.560001373291016, 50.630001068115234, 48.369998931884766, 50.10499954223633]
assets:[0, 99.99995731544495, 201.43105713386538, 294.60751035308834, 405.0077966972351, 526.329771459961, 627.527375144577, 730.3752842910766, 792.2395511993409, 972.6890841369628, 1096.6175941505433, 1228.7330261318207, 1380.3886868156435, 1514.6867724521637, 1584.873801921463, 1734.9345089855194, 1843.1710367294313, 1981.0526749866485, 2233.299617975998, 2279.5295366142273, 2467.89694001503, 2431.3162083625793, 2649.1996370750426, 2806.484851791382, 2872.962752975464, 2836.475171362686, 2909.948641783142, 3115.253496887207, 3223.3643971313477, 3273.1517, 3466.6725034858705, 3618.5262500000003, 3770.330741881561, 3835.8995868644715, 3851.532690715027, 3992.7788168048855, 3964.1695420639035, 4123.19389426117, 4371.755247674942, 4614.68672619934, 4684.9069715271, 4648.933342827988, 4874.290578969956, 5046.517245379639, 5084.978775, 5052.8193415802, 5248.670970692825, 5461.418328380585, 5630.326360928726, 5738.1207930542, 5581.984942737579, 5882.206694259643]
shares:[0, 3.0349, 6.0269, 9.1238, 12.1151, 14.9568, 17.7921, 20.6146, 23.5926, 26.296, 28.9345, 31.4979, 33.9579, 36.3583, 38.8069, 41.1805, 43.5429, 45.8577, 48.0073, 50.2099, 52.3303, 54.575, 56.7159, 58.8115, 60.9324, 63.1591, 65.4068, 67.576, 69.7396, 71.9374, 74.0742, 76.1795, 78.2551, 80.3498, 82.4916, 84.6107, 86.8003, 88.9578, 91.0403, 93.0568, 95.0864, 97.1767, 99.2121, 101.2178, 103.2483, 105.3329, 107.3787, 109.3815, 111.3593, 113.3344, 115.4018, 117.3976]
growth_rate:15.34
