ticker:IEFN
price:[21.53499984741211, 20.868999481201172, 20.910999298095703, 19.82699966430664, 20.64299964904785, 21.584999084472656, 21.416000366210938, 21.80900001525879, 20.46299934387207, 21.520999908447266, 23.38599967956543, 23.500999450683594, 24.429000854492188, 25.013999938964844, 24.687000274658203, 24.665000915527344, 25.0049991607666, 25.398000717163086, 26.64900016784668, 26.65399932861328, 26.308000564575195, 25.042999267578125, 26.573999404907227, 27.15999984741211, 27.839000701904297, 27.9689998626709, 29.08799934387207, 30.277000427246094, 29.899999618530273, 29.79800033569336, 29.79599952697754, 30.26300048828125, 30.631000518798828, 30.736000061035156, 31.284000396728516, 32.439998626708984, 32.5099983215332, 32.229000091552734, 32.49800109863281, 32.75, 31.899999618530273, 30.0, 31.618999481201172, 31.450000762939453, 31.176000595092773, 30.714000701904297, 30.840999603271484, 31.138999938964844, 32.04899978637695, 32.57500076293945, 31.865999221801758, 32.91699981689453]
assets:[0, 100.00007171401978, 200.20190727996825, 289.82315029296876, 401.7519948698044, 520.0840774406433, 616.011976133728, 727.3170651088715, 782.4293818120956, 922.8828869739532, 1102.860358888626, 1208.2827358573913, 1355.9952078308104, 1488.4680719680787, 1569.0094581562043, 1667.6105778991698, 1790.597987902832, 1918.7402203794477, 2113.2497239101413, 2213.6466290405274, 2284.910357434654, 2275.041285662842, 2514.1262226991657, 2669.567249002075, 2836.3069890117645, 2949.5519906175614, 3167.55805015049, 3397.0340324363706, 3454.7356559238438, 3542.949462113571, 3642.7129017705915, 3799.8072098083494, 3946.014137033844, 4059.540195261383, 4231.918126467132, 4488.2944019958495, 4597.980090609741, 4658.237865632629, 4797.117686772155, 4934.314775, 4906.2486513296135, 4714.026, 5068.4275979381555, 5141.339194722747, 5196.546718392563, 5219.537279281616, 5341.118329693603, 5492.726527433777, 5753.244147651672, 5947.6674243003845, 5918.213920871544, 6213.406302037049]
shares:[0, 4.7918, 9.574, 14.6176, 19.4619, 24.0947, 28.7641, 33.3494, 38.2363, 42.8829, 47.159, 51.4141, 55.5076, 59.5054, 63.5561, 67.6104, 71.6096, 75.5469, 79.2994, 83.0512, 86.8523, 90.8454, 94.6085, 98.2904, 101.8825, 105.4579, 108.8957, 112.1985, 115.543, 118.8989, 122.2551, 125.5595, 128.8242, 132.0777, 135.2742, 138.3568, 141.4328, 144.5356, 147.6127, 150.6661, 153.8009, 157.1342, 160.2969, 163.4766, 166.6842, 169.94, 173.1824, 176.3938, 179.514, 182.5838, 185.7219, 188.7598]
growth_rate:21.83
