ticker:IEHS
price:[33.465999603271484, 33.112998962402344, 33.356998443603516, 32.60100173950195, 33.34000015258789, 34.95399856567383, 35.154998779296875, 35.25, 32.9640007019043, 35.90700149536133, 36.7599983215332, 35.558998107910156, 35.7400016784668, 36.84000015258789, 36.349998474121094, 36.92499923706055, 36.880001068115234, 37.40299987792969, 38.9109992980957, 38.459999084472656, 38.66999816894531, 38.051998138427734, 38.599998474121094, 39.569000244140625, 38.37799835205078, 37.66400146484375, 37.439998626708984, 38.16400146484375, 38.23500061035156, 38.70000076293945, 38.606998443603516, 39.39699935913086, 40.66999816894531, 41.47200012207031, 40.84000015258789, 40.96900177001953, 40.32500076293945, 40.69599914550781, 40.9010009765625, 40.18299865722656, 40.59600067138672, 40.50299835205078, 41.540000915527344, 42.16299819946289, 42.387001037597656, 42.09600067138672, 43.053001403808594, 43.34600067138672, 43.16999816894531, 42.99399948120117, 43.85300064086914, 43.75899887084961]
assets:[0, 100.00125686645508, 200.73908093376158, 296.1898811038971, 402.9038998439789, 522.4084809631348, 625.4109437835693, 727.1017499999999, 779.9480350074767, 949.5821987457275, 1072.1384350460053, 1137.1091973945618, 1242.897872370529, 1381.1500257205962, 1462.7784635963442, 1585.9176397319793, 1683.9851047714233, 1807.866518499756, 1980.7566370697023, 2057.798405014801, 2169.0350002944947, 2234.3714734905243, 2366.550466448975, 2525.958354785156, 2549.930155506134, 2602.4921076171877, 2687.012541440964, 2838.974272167969, 2944.2556339996336, 3080.063400720978, 3172.661360897827, 3337.583775607681, 3545.427425376892, 3715.3437805358885, 3758.7257500434876, 3870.599701924896, 3909.7588389717102, 4045.727641452026, 4166.106427770996, 4192.971342585754, 4336.066950910949, 4426.135257513428, 4639.457312252044, 4809.035681233978, 4934.584454594421, 5000.705998155975, 5214.39009682312, 5349.8761024642945, 5428.152399765015, 5506.02224416008, 5716.028139134217, 5803.773523840332]
shares:[0, 3.02, 6.0179, 9.0853, 12.0847, 14.9456, 17.7901, 20.627, 23.6606, 26.4456, 29.1659, 31.9781, 34.7761, 37.4905, 40.2415, 42.9497, 45.6612, 48.3348, 50.9048, 53.5049, 56.0909, 58.7189, 61.3096, 63.8368, 66.4425, 69.0976, 71.7685, 74.3888, 77.0042, 79.5882, 82.1784, 84.7167, 87.1755, 89.5868, 92.0354, 94.4763, 96.9562, 99.4134, 101.8583, 104.3469, 106.8102, 109.2792, 111.6865, 114.0582, 116.4174, 118.7929, 121.1156, 123.4226, 125.739, 128.0649, 130.3452, 132.6304]
growth_rate:13.8
