ticker:IEIH
price:[29.364999771118164, 28.95599937438965, 30.56999969482422, 29.84000015258789, 29.73900032043457, 31.22800064086914, 30.777000427246094, 30.180999755859375, 28.80299949645996, 30.611000061035156, 31.329999923706055, 30.899999618530273, 31.55500030517578, 32.356998443603516, 32.82699966430664, 32.95800018310547, 32.68899917602539, 32.361000061035156, 33.262001037597656, 33.970001220703125, 34.40999984741211, 33.72999954223633, 34.65599822998047, 34.64699935913086, 33.92499923706055, 32.902000427246094, 31.99799919128418, 32.7400016784668, 32.7239990234375, 32.02199935913086, 32.369998931884766, 31.98900032043457, 33.0620002746582, 33.34199905395508, 33.020999908447266, 32.90599822998047, 33.0, 33.23899841308594, 33.08300018310547, 33.220001220703125, 34.78300094604492, 34.19499969482422, 34.88999938964844, 35.40700149536133, 35.215999603271484, 35.027000427246094, 36.020999908447266, 35.78300094604492, 36.77199935913086, 36.74700164794922, 36.974998474121094, 37.07099914550781]
assets:[0, 99.99954383945465, 205.57407694778445, 300.66485753746036, 399.64755580615997, 519.6589130645751, 612.1545384979248, 700.2987916351318, 768.3257721679688, 916.5545638275147, 1038.0819514720918, 1123.832986125946, 1247.6563125663756, 1379.3659008514405, 1499.4027539669037, 1605.3874847190857, 1692.2833361434937, 1775.301810648346, 1924.7289734413146, 2065.698789230347, 2192.453786277771, 2249.1264884761813, 2410.8722416671753, 2510.247862267685, 2557.938157474518, 2580.803301712799, 2609.89440543766, 2770.4163800296783, 2869.0635247802734, 2907.517486810684, 3039.1156157180785, 3103.345689186287, 3307.43985247612, 3435.449553922653, 3502.37565738945, 3590.179321483612, 3700.4352, 3827.2346703781127, 3909.2725664367676, 4025.4602239196774, 4314.859093757629, 4341.916925250244, 4530.166366751098, 4697.294638283157, 4771.954591041183, 4846.342784513855, 5083.874251478577, 5150.283109165192, 5392.63209201622, 5488.965780757141, 5623.020960449981, 5737.619407546997]
shares:[0, 3.4535, 6.7247, 10.0759, 13.4385, 16.6408, 19.89, 23.2033, 26.6752, 29.942, 33.1338, 36.37, 39.5391, 42.6296, 45.6759, 48.7101, 51.7692, 54.8593, 57.8657, 60.8095, 63.7156, 66.6803, 69.5658, 72.4521, 75.3998, 78.4391, 81.5643, 84.6187, 87.6746, 90.7975, 93.8868, 97.0129, 100.0375, 103.0367, 106.0651, 109.1041, 112.1344, 115.1429, 118.1656, 121.1758, 124.0508, 126.9752, 129.8414, 132.6657, 135.5053, 138.3602, 141.1364, 143.931, 146.6505, 149.3718, 152.0763, 154.7738]
growth_rate:12.5
