ticker:IEO
price:[31.0, 28.329999923706055, 29.969999313354492, 26.799999237060547, 26.09000015258789, 27.75, 27.260000228881836, 27.489999771118164, 25.139999389648438, 25.31999969482422, 30.549999237060547, 32.75, 35.91999816894531, 37.5099983215332, 37.880001068115234, 36.02000045776367, 35.77000045776367, 35.880001068115234, 39.709999084472656, 41.02000045776367, 40.040000915527344, 37.59000015258789, 40.970001220703125, 43.90999984741211, 45.380001068115234, 47.459999084472656, 52.84000015258789, 53.119998931884766, 49.22999954223633, 50.25, 50.689998626708984, 47.75, 47.77000045776367, 46.810001373291016, 49.439998626708984, 53.939998626708984, 53.88999938964844, 53.040000915527344, 53.849998474121094, 58.25, 57.91999816894531, 54.27000045776367, 58.77000045776367, 58.15999984741211, 55.939998626708984, 50.38999938964844, 50.31999969482422, 50.900001525878906, 51.119998931884766, 50.66999816894531, 46.849998474121094, 51.779998779296875]
assets:[0, 99.99923373069763, 205.78900028514863, 284.0210319145202, 376.49696520195005, 500.45182500000004, 591.6156069673539, 696.6075902000428, 737.0570161056519, 842.3330898475647, 1116.321412121582, 1296.7100500000001, 1522.2248664031981, 1689.6078663948058, 1806.2737589321137, 1817.580029098892, 1904.9635673786163, 2010.822899860382, 2325.469169385529, 2502.1831099231717, 2542.4039221328735, 2486.8378810947415, 2810.4478527374267, 3112.125630185318, 3316.3114840564726, 3568.3132531654355, 4072.8120997611995, 4194.3922996608735, 3987.236122924805, 4169.8455, 4306.3586953323365, 4156.58975, 4258.3324888061525, 4272.756072352218, 4612.821087870026, 5132.676751324081, 5227.917341789246, 5245.459842542266, 5425.565051262664, 5968.8775, 6035.0610892105105, 5754.742005540848, 6331.915111319733, 6366.193583297729, 6223.190591224671, 5705.765449888611, 5797.840172837829, 5964.665778808594, 6090.446896744537, 6136.836024234009, 5774.182666938019, 6481.794357192994]
shares:[0, 3.5298, 6.8665, 10.5978, 14.4307, 18.0343, 21.7027, 25.3404, 29.3181, 33.2675, 36.5408, 39.5942, 42.3782, 45.0442, 47.6841, 50.4603, 53.2559, 56.043, 58.5613, 60.9991, 63.4966, 66.1569, 68.5977, 70.8751, 73.0787, 75.1857, 77.0782, 78.9607, 80.992, 82.982, 84.9548, 87.049, 89.1424, 91.2787, 93.3014, 95.1553, 97.0109, 98.8963, 100.7533, 102.47, 104.1965, 106.0391, 107.7406, 109.46, 111.2476, 113.2321, 115.2194, 117.184, 119.1402, 121.1138, 123.2483, 125.1795]
growth_rate:27.09
