ticker:IETC
price:[43.0, 41.257999420166016, 40.65999984741211, 41.47999954223633, 42.04999923706055, 43.88999938964844, 44.31999969482422, 43.823001861572266, 41.099998474121094, 45.22999954223633, 44.4900016784668, 44.37200164794922, 45.38999938964844, 46.19499969482422, 45.78099822998047, 47.11899948120117, 47.29999923706055, 47.529998779296875, 47.7400016784668, 46.4900016784668, 48.77000045776367, 47.2599983215332, 50.2400016784668, 51.189998626708984, 50.33599853515625, 48.28300094604492, 47.31999969482422, 48.16999816894531, 47.75899887084961, 48.18000030517578, 49.560001373291016, 51.944000244140625, 52.60900115966797, 52.36000061035156, 51.98500061035156, 51.22800064086914, 50.099998474121094, 50.34000015258789, 51.369998931884766, 51.810001373291016, 52.849998474121094, 53.25, 54.33000183105469, 55.86000061035156, 56.36000061035156, 55.68000030517578, 57.790000915527344, 56.86000061035156, 57.459999084472656, 57.529998779296875, 57.59000015258789, 58.96799850463867]
assets:[0, 100.00113899459839, 198.55091125488283, 302.55511666107174, 406.7117976207733, 524.5074377059937, 629.6453716644287, 722.5843307949067, 777.6859511276245, 955.8320113262176, 1040.1940352432252, 1137.436327443695, 1263.5304910095215, 1385.9377613441468, 1473.5163652297974, 1616.5821937007904, 1722.793682211685, 1831.1692509704592, 1939.2609301815032, 1988.4842987918855, 2186.0030995182037, 2218.3228832149503, 2458.1980661258694, 2604.6802241233822, 2661.223973754883, 2652.682556875992, 2699.7763345886233, 2848.272723730469, 2923.968291469574, 3049.745839317322, 3237.1006976989747, 3492.818464416504, 3637.5336453826903, 3720.3194153671266, 3793.6730000411985, 3838.4321232192992, 3853.912322622681, 3972.3747180408477, 4153.654825634766, 4289.230850691604, 4475.327300788879, 4609.197525, 4802.679800862122, 5037.929665046692, 5183.023464129638, 5220.490012612915, 5518.320955422973, 5529.515653355408, 5687.861881373597, 5794.789669042969, 5900.832667634582, 6142.024169045258]
shares:[0, 2.4238, 4.8832, 7.294, 9.6721, 11.9505, 14.2068, 16.4887, 18.9218, 21.1327, 23.3804, 25.6341, 27.8372, 30.0019, 32.1862, 34.3085, 36.4227, 38.5266, 40.6213, 42.7723, 44.8227, 46.9387, 48.9291, 50.8826, 52.8692, 54.9403, 57.0536, 59.1296, 61.2234, 63.299, 65.3168, 67.242, 69.1428, 71.0527, 72.9763, 74.9284, 76.9244, 78.9109, 80.8576, 82.7877, 84.6798, 86.5577, 88.3983, 90.1885, 91.9628, 93.7588, 95.4892, 97.2479, 98.9882, 100.7264, 102.4628, 104.1586]
growth_rate:20.43
