ticker:IEZ
price:[9.180000305175781, 8.220000267028809, 8.539999961853027, 7.21999979019165, 7.130000114440918, 7.599999904632568, 7.210000038146973, 7.590000152587891, 7.130000114440918, 7.360000133514404, 8.680000305175781, 9.640000343322754, 10.670000076293945, 11.699999809265137, 11.880000114440918, 11.510000228881836, 11.279999732971191, 11.239999771118164, 12.729999542236328, 12.970000267028809, 12.470000267028809, 11.640000343322754, 12.65999984741211, 13.069999694824219, 13.140000343322754, 14.140000343322754, 15.579999923706055, 15.5600004196167, 14.010000228881836, 13.819999694824219, 13.8100004196167, 12.970000267028809, 12.90999984741211, 12.359999656677246, 12.819999694824219, 15.170000076293945, 15.239999771118164, 14.920000076293945, 14.880000114440918, 17.06999969482422, 16.43000030517578, 15.130000114440918, 16.010000228881836, 15.8100004196167, 14.970000267028809, 13.270000457763672, 13.1899995803833, 13.420000076293945, 13.069999694824219, 12.949999809265137, 11.819999694824219, 13.420000076293945]
assets:[0, 99.99959124851227, 203.89249908924103, 272.3773800848961, 368.98178392238617, 493.3045938098431, 567.990104005146, 697.9255610309601, 755.6267171282768, 880.0020959637166, 1137.8282560043335, 1363.6705925662993, 1609.3742505075456, 1864.7307596009255, 1993.4188752027512, 2031.3343333940504, 2090.742310506344, 2183.32836754055, 2572.755821485138, 2721.2603990258217, 2716.353875167179, 2635.554485735893, 2966.5050902454377, 3162.5765801559446, 3279.5141356873514, 3629.0961321153645, 4098.6788779291155, 4193.417001086616, 3875.692839317322, 3923.1316833686824, 4020.2927481565475, 3875.7564387948037, 3957.826399221039, 3889.2123239696502, 4133.95633159256, 4991.74162010479, 5114.775571183777, 5107.378618116761, 5193.685479944229, 6058.078025694275, 5930.944228163147, 5561.667002067566, 5985.1480665647505, 6010.380351522827, 5791.0428072982795, 5233.4095105323795, 5301.858826330662, 5494.310413235665, 5451.015896722412, 5500.968258978653, 5120.9604957839965, 5914.153773622513]
shares:[0, 12.1654, 23.875, 37.7254, 51.7506, 64.9085, 78.7781, 91.9533, 105.9785, 119.5655, 131.0862, 141.4596, 150.8317, 159.3787, 167.7962, 176.4843, 185.3495, 194.2463, 202.1018, 209.8119, 217.8311, 226.4222, 234.3211, 241.9722, 249.5825, 256.6546, 263.0731, 269.4998, 276.6376, 283.8735, 291.1146, 298.8247, 306.5706, 314.6612, 322.4615, 329.0535, 335.6152, 342.3176, 349.038, 354.8962, 360.9826, 367.592, 373.8381, 380.1632, 386.8432, 394.379, 401.9605, 409.4121, 417.0632, 424.7852, 433.2454, 440.697]
growth_rate:15.96
