ticker:IGM
price:[314.30999755859375, 301.0799865722656, 297.0799865722656, 302.0799865722656, 306.9200134277344, 321.1300048828125, 323.05999755859375, 320.32000732421875, 300.7699890136719, 330.3299865722656, 325.5899963378906, 325.6000061035156, 334.7200012207031, 341.489990234375, 337.239990234375, 347.67999267578125, 347.44000244140625, 349.8299865722656, 352.9599914550781, 344.6499938964844, 359.9200134277344, 347.75, 370.1000061035156, 379.3999938964844, 373.9599914550781, 358.3599853515625, 350.82000732421875, 358.32000732421875, 355.1499938964844, 358.010009765625, 369.0799865722656, 385.44000244140625, 388.19000244140625, 385.2099914550781, 383.3599853515625, 376.79998779296875, 368.0799865722656, 371.20001220703125, 379.1000061035156, 381.70001220703125, 388.760009765625, 391.0299987792969, 399.5199890136719, 408.8299865722656, 412.4700012207031, 405.1400146484375, 420.7699890136719, 413.6000061035156, 417.3500061035156, 415.9700012207031, 414.2799987792969, 426.67999267578125]
assets:[0, 99.98866354064941, 198.657387020874, 301.98936257629396, 406.8224777984619, 525.6577049926758, 628.8039792480469, 723.4747685424804, 779.3251185333252, 955.9089151428224, 1042.181019277954, 1142.2048214111328, 1274.2121006469727, 1399.9723639648437, 1482.5407210693359, 1628.4287816955566, 1727.297972137451, 1839.1961714050292, 1955.6454246551514, 2009.5851844116212, 2198.6073940246583, 2224.27855, 2467.2346806884766, 2629.2419577026367, 2691.5396424987794, 2679.2425944824217, 2722.8544048461913, 2881.0720188903806, 2955.593764205933, 3079.387297998047, 3274.588364865112, 3519.7224702941894, 3644.832389923096, 3716.852686550903, 3799.0207828369143, 3834.0152357910156, 3845.2948117218016, 3977.890690814209, 4162.555977017212, 4291.109707232667, 4470.467980297852, 4596.557635650635, 4796.357324105835, 5008.126452511597, 5152.69899624939, 5161.11916060791, 5460.2479934326175, 5467.2130406799315, 5616.779852142334, 5698.206658721924, 5775.063182983398, 6047.932888183594]
shares:[0, 0.3321, 0.6687, 0.9997, 1.3255, 1.6369, 1.9464, 2.2586, 2.5911, 2.8938, 3.2009, 3.508, 3.8068, 4.0996, 4.3961, 4.6837, 4.9715, 5.2574, 5.5407, 5.8308, 6.1086, 6.3962, 6.6664, 6.93, 7.1974, 7.4764, 7.7614, 8.0405, 8.3221, 8.6014, 8.8723, 9.1317, 9.3893, 9.6489, 9.9098, 10.1752, 10.4469, 10.7163, 10.9801, 11.2421, 11.4993, 11.755, 12.0053, 12.2499, 12.4923, 12.7391, 12.9768, 13.2186, 13.4582, 13.6986, 13.94, 14.1744]
growth_rate:18.59
