ticker:IGN
price:[48.86000061035156, 47.15999984741211, 47.63999938964844, 45.66999816894531, 46.77000045776367, 49.970001220703125, 49.970001220703125, 50.220001220703125, 47.459999084472656, 51.560001373291016, 53.34000015258789, 53.599998474121094, 55.5099983215332, 56.43000030517578, 56.959999084472656, 59.11000061035156, 59.66999816894531, 59.619998931884766, 62.119998931884766, 64.54000091552734, 65.69999694824219, 64.72000122070312, 68.3499984741211, 70.5999984741211, 67.94000244140625, 65.41000366210938, 63.9900016784668, 68.63999938964844, 68.47000122070312, 69.5199966430664, 68.23999786376953, 69.05000305175781, 69.69000244140625, 68.95999908447266, 66.79000091552734, 68.9000015258789, 66.87000274658203, 67.94999694824219, 70.2699966430664, 72.80999755859375, 73.94999694824219, 70.58999633789062, 73.69000244140625, 72.79000091552734, 72.94000244140625, 70.30000305175781, 72.02999877929688, 72.98999786376953, 72.75, 71.62000274658203, 71.4000015258789, 73.56999969482422]
assets:[0, 99.99806367645265, 201.0169774246216, 292.7035852645874, 399.75254791259766, 527.1035608764649, 627.103527319336, 730.2389937500001, 790.1045727584839, 958.3612135257721, 1091.4484171222687, 1196.770045930481, 1339.4174024997712, 1461.6160099044798, 1575.3426946792601, 1734.807585913086, 1851.2437921920775, 1949.6932050704954, 2131.4489793510434, 2314.481880831909, 2456.082695915222, 2519.4460955200198, 2760.758963367462, 2951.637676206207, 2940.429717663574, 2930.930690093994, 2967.2995648326873, 3282.9276188079834, 3374.79734916687, 3526.5478217124937, 3561.6160885047916, 3703.8904986984253, 3838.2186984619143, 3898.012220249176, 3875.3495441215514, 4097.77936075058, 4077.0440064582826, 4242.89293944397, 4487.758200611114, 4749.971339727783, 4924.345086782837, 4800.59976295166, 5111.418591345215, 5148.989968762207, 5259.601460046387, 5169.236554399108, 5396.444290545654, 5568.3704420280455, 5650.063275, 5662.3060651458745, 5744.915522773743, 6019.512089030456]
shares:[0, 2.1204, 4.2195, 6.4091, 8.5472, 10.5484, 12.5496, 14.5408, 16.6478, 18.5873, 20.4621, 22.3278, 24.1293, 25.9014, 27.657, 29.3488, 31.0247, 32.702, 34.3118, 35.8612, 37.3833, 38.9284, 40.3915, 41.8079, 43.2798, 44.8086, 46.3713, 47.8282, 49.2887, 50.7271, 52.1925, 53.6407, 55.0756, 56.5257, 58.0229, 59.4743, 60.9697, 62.4414, 63.8645, 65.2379, 66.5902, 68.0068, 69.3638, 70.7376, 72.1086, 73.5311, 74.9194, 76.2895, 77.6641, 79.0604, 80.461, 81.8202]
growth_rate:18.03
