ticker:IGV
price:[307.010009765625, 296.7699890136719, 297.6499938964844, 308.0400085449219, 310.8599853515625, 326.5199890136719, 331.7300109863281, 327.4200134277344, 304.6400146484375, 333.9200134277344, 320.6700134277344, 326.8999938964844, 336.2099914550781, 338.20001220703125, 339.8399963378906, 358.8900146484375, 360.3800048828125, 354.1000061035156, 355.1300048828125, 347.8900146484375, 358.8299865722656, 348.8599853515625, 377.1600036621094, 385.8800048828125, 380.5299987792969, 354.6000061035156, 336.510009765625, 345.6600036621094, 336.989990234375, 338.44000244140625, 349.55999755859375, 363.760009765625, 370.9200134277344, 368.4599914550781, 361.5899963378906, 346.5, 342.5899963378906, 348.8599853515625, 358.8999938964844, 360.6000061035156, 374.489990234375, 379.3699951171875, 388.6099853515625, 395.3800048828125, 398.55999755859375, 388.70001220703125, 407.6499938964844, 403.17999267578125, 409.55999755859375, 408.8599853515625, 408.9700012207031, 423.8299865722656]
assets:[0, 100.01148629760743, 200.31844589233398, 307.30071252441405, 410.1175786743164, 530.790894140625, 639.2437311706543, 730.9324379760743, 780.0916855102539, 955.0780224060059, 1017.1652825927735, 1136.925488772583, 1269.2935807403564, 1376.8122496948242, 1483.503536013794, 1666.649339025879, 1773.5741560302736, 1842.6656117614748, 1948.0301287841799, 2008.2994765625, 2171.4596637420655, 2211.109473156738, 2490.4629361816405, 2648.024357507324, 2711.314294302368, 2626.5577052093504, 2592.574068237305, 2763.0678052734374, 2793.7481160400393, 2905.778172961426, 3101.261342340088, 3327.240057324219, 3492.731214440918, 3569.5667052185054, 3603.027359509277, 3552.6645, 3612.577252383423, 3778.6769313354494, 3987.4148221893306, 4106.296509503174, 4364.4561421875005, 4521.331601806641, 4731.443154650879, 4913.86177668457, 5053.382065045166, 5028.378837915039, 5373.519924545288, 5414.58634763794, 5600.282450616455, 5690.717706115723, 5792.242127288819, 6102.685593655396]
shares:[0, 0.337, 0.673, 0.9976, 1.3193, 1.6256, 1.927, 2.2324, 2.5607, 2.8602, 3.172, 3.4779, 3.7753, 4.071, 4.3653, 4.6439, 4.9214, 5.2038, 5.4854, 5.7728, 6.0515, 6.3381, 6.6032, 6.8623, 7.1251, 7.4071, 7.7043, 7.9936, 8.2903, 8.5858, 8.8719, 9.1468, 9.4164, 9.6878, 9.9644, 10.253, 10.5449, 10.8315, 11.1101, 11.3874, 11.6544, 11.918, 12.1753, 12.4282, 12.6791, 12.9364, 13.1817, 13.4297, 13.6739, 13.9185, 14.163, 14.3989]
growth_rate:19.66
