ticker:IHAK
price:[32.939998626708984, 31.989999771118164, 32.2599983215332, 32.66999816894531, 32.88999938964844, 34.16999816894531, 34.40999984741211, 33.189998626708984, 30.790000915527344, 33.571998596191406, 32.915000915527344, 33.79999923706055, 34.58100128173828, 36.040000915527344, 36.380001068115234, 39.869998931884766, 41.04800033569336, 40.349998474121094, 40.9900016784668, 41.084999084472656, 42.43000030517578, 41.060001373291016, 42.06999969482422, 42.93000030517578, 42.33000183105469, 39.209999084472656, 37.724998474121094, 39.79999923706055, 38.959999084472656, 38.310001373291016, 38.810001373291016, 39.630001068115234, 41.06999969482422, 40.81999969482422, 40.66999816894531, 39.47999954223633, 39.220001220703125, 39.959999084472656, 40.65999984741211, 41.13999938964844, 42.869998931884766, 42.91999816894531, 43.650001525878906, 43.189998626708984, 44.18000030517578, 42.84000015258789, 44.790000915527344, 43.93000030517578, 43.7599983215332, 43.65999984741211, 43.060001373291016, 45.939998626708984]
assets:[0, 100.00073928451538, 200.8442975502014, 303.3964719955444, 405.43831147613525, 521.2154840698242, 624.8752742290498, 702.7218839237213, 751.9072173576355, 919.8459039367676, 1001.8437573661804, 1128.7813945209502, 1254.8650002113343, 1407.8089317626952, 1521.0915006591797, 1767.0144306617738, 1919.2238844955446, 1986.5877898750305, 2118.096851732254, 2223.0065879631043, 2395.780266231537, 2418.425868886566, 2577.914957299805, 2730.614185411072, 2792.450958792114, 2686.629927268982, 2684.880596403503, 2932.5594637847903, 2970.664866191864, 3021.1037222969053, 3160.5351528354645, 3327.3111116783143, 3548.213874634552, 3626.6161348869323, 3713.2887758193965, 3704.63734104538, 3780.239427658081, 3951.564389465332, 4120.785268535614, 4269.430970658875, 4548.965595661544, 4654.270353439331, 4833.434508963012, 4882.499774753571, 5094.417925189972, 5039.903249951172, 5369.308855751037, 5366.21207827835, 5445.446055133439, 5533.001218662644, 5556.962073225403, 6028.632515785217]
shares:[0, 3.126, 6.2258, 9.2867, 12.3271, 15.2536, 18.1597, 21.1727, 24.4205, 27.3992, 30.4373, 33.3959, 36.2877, 39.0624, 41.8112, 44.3194, 46.7556, 49.2339, 51.6735, 54.1075, 56.4643, 58.8998, 61.2768, 63.6062, 65.9686, 68.519, 71.1698, 73.6824, 76.2491, 78.8594, 81.4361, 83.9594, 86.3943, 88.8441, 91.3029, 93.8358, 96.3855, 98.888, 101.3474, 103.7781, 106.1107, 108.4406, 110.7316, 113.047, 115.3105, 117.6448, 119.8774, 122.1537, 124.4389, 126.7293, 129.0516, 131.2284]
growth_rate:18.21
