ticker:IHE
price:[163.22999572753906, 161.97000122070312, 167.4600067138672, 160.94000244140625, 161.66000366210938, 171.9199981689453, 169.4199981689453, 168.11000061035156, 159.02000427246094, 167.75, 173.3000030517578, 171.97000122070312, 171.8800048828125, 175.10000610351562, 175.9499969482422, 177.6300048828125, 177.25, 179.44000244140625, 183.00999450683594, 183.82000732421875, 184.72999572753906, 179.80999755859375, 182.97000122070312, 185.77999877929688, 182.72999572753906, 179.05999755859375, 174.97000122070312, 180.58999633789062, 179.52000427246094, 176.44000244140625, 176.8000030517578, 175.5800018310547, 179.0500030517578, 181.0800018310547, 179.13999938964844, 181.10000610351562, 184.63999938964844, 186.16000366210938, 184.39999389648438, 183.08999633789062, 187.8300018310547, 184.66000366210938, 187.5800018310547, 189.0500030517578, 188.74000549316406, 185.85000610351562, 190.80999755859375, 191.72000122070312, 193.85000610351562, 195.22999572753906, 196.00999450683594, 193.30999755859375]
assets:[0, 100.0002787536621, 203.39692415466308, 295.46975048217774, 396.7944789886474, 521.9834984405518, 614.3846813598633, 709.625934576416, 771.2629227218629, 913.60005, 1043.8205783813478, 1135.810267062378, 1235.215655090332, 1358.3558073486329, 1464.9420795913697, 1578.935350402832, 1675.5619749999998, 1796.2662004394533, 1931.9999100097657, 2040.5491373046875, 2150.6450832595824, 2193.358312219238, 2331.8977745574953, 2467.7157237854003, 2527.210659910583, 2576.4584928710938, 2617.603709262085, 2801.673203186035, 2885.06598866272, 2935.573472619629, 3041.56117250061, 3120.5658145431516, 3282.237225942993, 3419.4423225769046, 3482.804040133667, 3620.913522033691, 3791.693171466064, 3922.912525170899, 3985.8243080719, 4057.5123358428955, 4262.5577125534055, 4290.612117089843, 4458.457757521057, 4593.404639149475, 4685.866990379333, 4714.1225748168945, 4939.937269793701, 5063.497780239869, 5219.760344348145, 5356.915852767945, 5478.322538470459, 5502.859045501709]
shares:[0, 0.6174, 1.2146, 1.8359, 2.4545, 3.0362, 3.6264, 4.2212, 4.8501, 5.4462, 6.0232, 6.6047, 7.1865, 7.7576, 8.3259, 8.8889, 9.4531, 10.0104, 10.5568, 11.1008, 11.6421, 12.1982, 12.7447, 13.283, 13.8303, 14.3888, 14.9603, 15.514, 16.071, 16.6378, 17.2034, 17.7729, 18.3314, 18.8836, 19.4418, 19.994, 20.5356, 21.0728, 21.6151, 22.1613, 22.6937, 23.2352, 23.7683, 24.2973, 24.8271, 25.3652, 25.8893, 26.4109, 26.9268, 27.439, 27.9492, 28.4665]
growth_rate:7.9
