ticker:IHF
price:[203.19000244140625, 197.11000061035156, 202.07000732421875, 195.67999267578125, 203.02999877929688, 211.82000732421875, 214.0500030517578, 217.25, 200.77999877929688, 224.0, 231.8699951171875, 223.75999450683594, 226.85000610351562, 234.66000366210938, 229.9499969482422, 230.57000732421875, 231.67999267578125, 234.67999267578125, 250.19000244140625, 246.3800048828125, 248.19000244140625, 239.9199981689453, 240.9600067138672, 245.4600067138672, 241.0800018310547, 234.6999969482422, 238.92999267578125, 248.86000061035156, 250.38999938964844, 252.5399932861328, 250.6300048828125, 253.1300048828125, 261.04998779296875, 264.45001220703125, 262.7900085449219, 272.6300048828125, 267.3299865722656, 270.5899963378906, 271.3800048828125, 267.45001220703125, 265.239990234375, 259.5199890136719, 268.5299987792969, 269.82000732421875, 269.1499938964844, 267.25, 271.1700134277344, 268.6300048828125, 266.2200012207031, 261.4200134277344, 266.5299987792969, 266.7799987792969]
assets:[0, 99.99390330963135, 202.51456134033202, 296.1029649169922, 407.21726855163575, 524.8476141479491, 630.3772589874267, 739.801425, 783.7246472351075, 974.3552, 1108.5936336547852, 1169.8172512817382, 1285.9673145996094, 1430.2292563201904, 1501.5274900726317, 1605.5742460021972, 1713.29671383667, 1835.4791587158204, 2056.7869910705567, 2125.4710261230466, 2241.081265045166, 2266.404262702942, 2376.227106208801, 2520.604262944031, 2575.626415562439, 2607.470026095581, 2754.456634564209, 2968.924693281555, 3087.1834974746703, 3213.697684562683, 3289.3934990844723, 3422.216414013672, 3629.2996652893066, 3776.5577343261716, 3852.843152279663, 4097.110976379395, 4117.46991918335, 4267.691304241944, 4380.154692810059, 4416.722991589355, 4480.221723046875, 4483.597090194702, 4739.259095455933, 4862.02162197876, 4949.937537750244, 5014.9997, 5188.56703692627, 5239.977464245605, 5292.959442269898, 5297.5197201049805, 5501.072562805176, 5606.221606347656]
shares:[0, 0.5073, 1.0022, 1.5132, 2.0057, 2.4778, 2.945, 3.4053, 3.9034, 4.3498, 4.7811, 5.228, 5.6688, 6.0949, 6.5298, 6.9635, 7.3951, 7.8212, 8.2209, 8.6268, 9.0297, 9.4465, 9.8615, 10.2689, 10.6837, 11.1098, 11.5283, 11.9301, 12.3295, 12.7255, 13.1245, 13.5196, 13.9027, 14.2808, 14.6613, 15.0281, 15.4022, 15.7718, 16.1403, 16.5142, 16.8912, 17.2765, 17.6489, 18.0195, 18.391, 18.7652, 19.134, 19.5063, 19.8819, 20.2644, 20.6396, 21.0144]
growth_rate:9.93
