ticker:IHI
price:[48.89500045776367, 49.188331604003906, 49.29166793823242, 48.508331298828125, 49.2400016784668, 51.939998626708984, 52.36000061035156, 52.34333419799805, 49.69333267211914, 53.313331604003906, 53.619998931884766, 52.02000045776367, 51.82500076293945, 53.063331604003906, 52.599998474121094, 54.10333251953125, 53.79499816894531, 54.54999923706055, 56.63833236694336, 55.650001525878906, 56.168331146240234, 55.5716667175293, 56.813331604003906, 58.448333740234375, 56.29833221435547, 54.89833450317383, 53.9283332824707, 54.1966667175293, 53.936668395996094, 55.040000915527344, 55.060001373291016, 56.8216667175293, 58.76499938964844, 60.380001068115234, 59.06833267211914, 57.99833297729492, 56.685001373291016, 57.168331146240234, 57.68333435058594, 56.253334045410156, 57.633331298828125, 58.44499969482422, 59.983333587646484, 61.11000061035156, 61.60333251953125, 60.9466667175293, 62.66999816894531, 63.65999984741211, 63.529998779296875, 63.38999938964844, 64.6500015258789, 64.83000183105469]
assets:[0, 99.99987815093994, 200.20796766471864, 297.02621420898436, 401.5078976863861, 523.5240221580506, 627.759755317688, 727.5618766853333, 790.725278812027, 948.3268799057007, 1053.7831150085449, 1122.336711876297, 1218.131095432663, 1347.235538760376, 1435.4697383583068, 1576.4953649536133, 1667.5104557418822, 1790.9146599521637, 1959.4767380664825, 2025.2816355316163, 2144.1474058441163, 2221.3717908664703, 2371.0078118293764, 2539.2411006774905, 2545.8387318992613, 2582.527451698303, 2636.8959626796723, 2750.014744580841, 2836.820648954773, 2994.8530418159485, 3095.9412872180937, 3294.9975382827756, 3507.6886900680543, 3704.0896595249174, 3723.62634381752, 3756.175037775039, 3771.117097361756, 3903.2707120056148, 4038.433311218262, 4038.319969785309, 4237.38694375, 4397.062796040344, 4612.796331223679, 4799.438894935608, 4938.184738098144, 4985.547041493988, 5226.521172294616, 5409.081965034867, 5498.038566357422, 5585.920407215882, 5796.952291820527, 5913.092603009033]
shares:[0, 2.033, 4.0617, 6.1232, 8.1541, 10.0794, 11.9893, 13.8998, 15.9121, 17.7878, 19.6528, 21.5751, 23.5047, 25.3892, 27.2903, 29.1386, 30.9975, 32.8307, 34.5963, 36.3932, 38.1736, 39.9731, 41.7333, 43.4442, 45.2205, 47.042, 48.8963, 50.7414, 52.5954, 54.4123, 56.2285, 57.9884, 59.6901, 61.3463, 63.0393, 64.7635, 66.5276, 68.2768, 70.0104, 71.7881, 73.5232, 75.2342, 76.9013, 78.5377, 80.161, 81.8018, 83.3975, 84.9683, 86.5424, 88.1199, 89.6667, 91.2092]
growth_rate:15.94
