ticker:IHYF
price:[25.28499984741211, 25.28499984741211, 25.28499984741211, 25.28499984741211, 25.28499984741211, 25.584999084472656, 25.52899932861328, 25.464000701904297, 25.614999771118164, 25.7450008392334, 25.68000030517578, 25.454999923706055, 25.454999923706055, 25.469999313354492, 25.344999313354492, 25.461000442504883, 25.5049991607666, 25.649999618530273, 25.670000076293945, 25.6299991607666, 25.594999313354492, 25.71500015258789, 25.604999542236328, 25.584999084472656, 25.565000534057617, 25.594999313354492, 25.774999618530273, 25.7549991607666, 25.71500015258789, 25.854999542236328, 25.895000457763672, 25.80500030517578, 25.719999313354492, 25.735000610351562, 25.704999923706055, 25.645000457763672, 25.69499969482422, 25.739999771118164, 25.774999618530273, 25.790000915527344]
assets:[0, 99.99964589653015, 199.9992917930603, 299.99893768959043, 399.9985835861206, 504.74342043838504, 603.6382949249268, 702.1010665531159, 806.2654172956467, 910.3561021757126, 1008.0581399795533, 1099.225807205391, 1199.2257744056703, 1299.9327309551238, 1393.5542352458954, 1499.9329970684053, 1602.525006269455, 1711.6347345443726, 1812.9694253883363, 1910.144888453865, 2007.5360926431658, 2116.948815061569, 2207.8935055274965, 2306.1678549766543, 2404.365291727638, 2507.186312238884, 2624.8177061527253, 2722.779878777504, 2818.5517362247465, 2933.896073055267, 3038.4339002124784, 3127.8731164909364, 3217.569342100716, 3319.4470682266237, 3415.5775698623656, 3507.605195610809, 3614.4436610717776, 3720.773594914627, 3825.832165877724, 3928.0595654434205]
shares:[0, 3.9549, 7.9098, 11.8647, 15.8196, 19.7281, 23.6452, 27.5723, 31.4763, 35.3605, 39.2546, 43.1831, 47.1116, 51.0378, 54.9834, 58.911, 62.8318, 66.7304, 70.626, 74.5277, 78.4347, 82.3235, 86.229, 90.1375, 94.0491, 97.9561, 101.8358, 105.7185, 109.6073, 113.475, 117.3367, 121.2119, 125.0999, 128.9857, 132.876, 136.7754, 140.6672, 144.5522, 148.4319, 152.3094]
growth_rate:0.72
