ticker:IMLP
price:[8.420000076293945, 7.989999771118164, 8.050000190734863, 7.429999828338623, 7.639999866485596, 8.210000038146973, 8.210000038146973, 8.470000267028809, 7.820000171661377, 7.96999979019165, 8.880000114440918, 9.65999984741211, 9.649999618530273, 10.399999618530273, 10.359999656677246, 10.0600004196167, 9.65999984741211, 9.40999984741211, 10.380000114440918, 10.989999771118164, 10.399999618530273, 10.130000114440918, 10.600000381469727, 10.789999961853027, 10.8100004196167, 10.829999923706055, 11.630000114440918, 11.90999984741211, 11.460000038146973, 11.359999656677246, 11.390000343322754, 11.479999542236328, 11.619999885559082, 11.84000015258789, 12.079999923706055, 12.640000343322754, 12.949999809265137, 12.949999809265137, 12.619999885559082, 13.260000228881836, 13.989999771118164, 13.140000343322754, 13.350000381469727, 13.489999771118164, 13.380000114440918, 12.789999961853027, 12.5600004196167, 12.600000381469727, 12.25, 12.510000228881836, 11.989999771118164, 12.239999771118164]
assets:[0, 99.99964113540649, 200.75090475654602, 285.2897034087181, 393.35303312587735, 522.7003254286766, 622.7005888933181, 742.4209334058762, 785.4462912417889, 900.5127422942161, 1103.332022219181, 1300.246605461502, 1398.9006147006987, 1607.6236210327147, 1701.4403556155203, 1752.1713990855217, 1782.5027778438568, 1836.3718212223055, 2125.6683234357833, 2350.5873090457917, 2324.3957547416685, 2364.0512957072256, 2573.736272622871, 2719.8687393841747, 2824.9103876558306, 2930.136621358108, 3246.5831489468574, 3424.7466581230165, 3395.348183302117, 3465.720055258751, 3574.872341755485, 3703.1195243385314, 3848.280188099766, 4021.138739822388, 4202.6476774572375, 4497.4726501585965, 4707.774295661258, 4807.774194188404, 4785.259128606224, 5127.935134513665, 5510.242608850288, 5275.452593837356, 5459.7630060100555, 5617.018715697288, 5671.216074506665, 5521.139860532856, 5521.854720479489, 5639.4401307361595, 5582.789275, 5801.281171139717, 5660.14077395134, 5878.158298081397]
shares:[0, 12.5156, 24.938, 38.397, 51.486, 63.6663, 75.8466, 87.653, 100.4407, 112.9878, 124.2491, 134.6011, 144.9638, 154.5792, 164.2317, 174.1721, 184.5241, 195.1511, 204.785, 213.8842, 223.4996, 233.3713, 242.8053, 252.0731, 261.3238, 270.5574, 279.1559, 287.5522, 296.2782, 305.081, 313.8606, 322.5714, 331.1773, 339.6232, 347.9013, 355.8127, 363.5347, 371.2567, 379.1806, 386.7221, 393.8701, 401.4804, 408.971, 416.3839, 423.8577, 431.6763, 439.6381, 447.5746, 455.7379, 463.7315, 472.0718, 480.2417]
growth_rate:15.26
