ticker:INDF
price:[25.280000686645508, 24.125, 26.833999633789062, 28.1299991607666, 28.84600067138672, 29.357999801635742, 29.614999771118164, 29.85300064086914, 30.48200035095215, 30.454999923706055, 31.420000076293945, 32.74800109863281, 32.2400016784668, 31.429000854492188, 30.381000518798828, 34.178001403808594, 34.82500076293945, 34.40700149536133, 32.816001892089844, 33.75199890136719, 34.20399856567383, 33.422000885009766, 33.48500061035156, 32.87300109863281, 31.562000274658203, 31.34000015258789, 31.128000259399414, 31.607999801635742, 33.13600158691406, 32.569000244140625, 33.819000244140625, 34.435001373291016, 34.97999954223633, 34.68899917602539, 33.54999923706055, 34.34400177001953, 33.965999603271484, 34.33100128173828, 34.24100112915039, 34.099998474121094, 34.27000045776367, 35.22700119018555, 35.520999908447266, 35.209999084472656, 36.448001861572266, 37.29100036621094]
assets:[0, 100.00053750000001, 211.22919491729735, 321.4302484104157, 429.6121417991638, 537.2367173700333, 641.9406580387116, 747.098208738327, 862.838742934227, 962.0734475898743, 1092.5582366529466, 1238.7357139572146, 1319.518788696289, 1386.3269418914795, 1440.098919891739, 1720.0831122497557, 1852.644768087387, 1930.4082595973969, 1941.1452703216553, 2096.512162158203, 2224.5870219131466, 2273.7254578079223, 2378.010985345459, 2434.5481629638675, 2437.457532411194, 2520.3126682708744, 2603.262676893806, 2743.4068603830337, 2976.030456124878, 3025.1064496765134, 3241.209601498413, 3400.2463321041105, 3554.0623994899747, 3624.4974234066012, 3605.4875730098724, 3790.8153585708615, 3849.0916104419707, 3990.453634682465, 4079.9933377441403, 4163.193793708801, 4283.948823223114, 4503.578353658676, 4641.163191737746, 4700.527835777282, 4965.799696826935, 5180.652225875855]
shares:[0, 4.1451, 7.8717, 11.4266, 14.8933, 18.2995, 21.6762, 25.0259, 28.3065, 31.59, 34.7727, 37.8263, 40.928, 44.1098, 47.4013, 50.3272, 53.1987, 56.1051, 59.1524, 62.1152, 65.0388, 68.0308, 71.0172, 74.0592, 77.2276, 80.4184, 83.6309, 86.7947, 89.8126, 92.883, 95.8399, 98.7439, 101.6027, 104.4855, 107.4661, 110.3778, 113.3219, 116.2347, 119.1552, 122.0878, 125.0058, 127.8445, 130.6597, 133.4998, 136.2434, 138.925]
growth_rate:15.13
