ticker:INFL
price:[24.829999923706055, 24.979999542236328, 24.243999481201172, 25.450000762939453, 26.40999984741211, 26.198999404907227, 25.65999984741211, 25.920000076293945, 27.360000610351562, 27.399999618530273, 27.299999237060547, 27.68000030517578, 28.229999542236328, 28.860000610351562, 28.690000534057617, 29.100000381469727, 30.15999984741211, 29.93000030517578, 29.729999542236328, 29.860000610351562, 30.299999237060547, 30.270000457763672, 29.530000686645508, 30.469999313354492, 30.299999237060547, 30.040000915527344, 29.1299991607666, 29.770000457763672, 30.239999771118164, 30.06999969482422, 30.270000457763672, 29.309999465942383, 30.360000610351562, 30.270000457763672, 30.270000457763672]
assets:[0, 99.99993416748046, 197.05280338325502, 306.8557491989136, 418.4294735824585, 515.0854278001785, 604.4880124053956, 710.6123540916443, 850.0916349639892, 951.3334667552948, 1047.8613307159424, 1162.4465248161316, 1285.5433651542664, 1414.2323819091796, 1505.90083103199, 1627.4204313337327, 1786.6995029605864, 1873.0732930984498, 1960.5567118125919, 2069.130826293945, 2199.619354614639, 2297.4415757434845, 2341.277245440483, 2515.8042453060148, 2601.767004488754, 2679.441913661194, 2698.273953262901, 2857.5568499397277, 3002.671705273247, 3085.7923896827697, 3206.3165014881133, 3204.6293086084365, 3419.431688743591, 3509.2949900699614, 3609.2949635822297]
shares:[0, 4.0032, 8.1279, 12.0572, 15.8436, 19.6605, 23.5576, 27.4156, 31.0706, 34.7202, 38.3832, 41.9959, 45.5382, 49.0032, 52.4887, 55.9251, 59.2407, 62.5818, 65.9454, 69.2944, 72.5947, 75.8983, 79.2847, 82.5666, 85.8669, 89.1958, 92.6287, 95.9878, 99.2947, 102.6203, 105.9239, 109.3357, 112.6295, 115.9331, 119.2367]
growth_rate:6.16
