ticker:IPAY
price:[54.279998779296875, 52.66999816894531, 53.93000030517578, 53.52000045776367, 54.72999954223633, 57.619998931884766, 56.9900016784668, 56.220001220703125, 50.790000915527344, 55.9900016784668, 58.2400016784668, 59.279998779296875, 61.939998626708984, 63.209999084472656, 63.130001068115234, 65.81999969482422, 65.66999816894531, 66.5199966430664, 66.87999725341797, 64.61000061035156, 66.12000274658203, 62.5099983215332, 68.2699966430664, 71.63999938964844, 71.41000366210938, 68.19999694824219, 67.27999877929688, 70.9000015258789, 68.16999816894531, 67.43000030517578, 68.33000183105469, 71.16999816894531, 72.06999969482422, 72.08000183105469, 71.5, 69.38999938964844, 67.16999816894531, 67.87000274658203, 69.36000061035156, 69.61000061035156, 70.44999694824219, 69.76000213623047, 71.7699966430664, 71.52999877929688, 71.26000213623047, 70.19999694824219, 71.95999908447266, 70.20999908447266, 70.69999694824219, 70.36000061035156, 69.54000091552734, 71.66000366210938]
assets:[0, 99.99925852355958, 202.39389814529417, 300.85733057327275, 407.6618745903015, 529.187832190323, 623.4022303604127, 714.9778655242919, 745.9222694458008, 922.2897036483765, 1059.3506865303038, 1178.2670397369386, 1331.1401224868775, 1458.4316668762208, 1556.5838103363037, 1722.9108940116882, 1818.986712281799, 1942.5302459701538, 2053.0420276870727, 2083.355930680847, 2232.045992717743, 2210.1785126541135, 2513.8378163909915, 2737.930332673645, 2829.1429480865477, 2801.969594619751, 2864.1701000335693, 3118.2742371101376, 3098.2037107818605, 3164.5708303222655, 3306.8099396133425, 3544.251674813843, 3689.068695378876, 3789.5772642669676, 3859.0838, 3845.198243177795, 3822.181122807312, 3962.013215335846, 4148.997324510193, 4263.953626387024, 4415.4042437332155, 4472.160264949035, 4701.013727117156, 4785.29254133606, 4867.229169909669, 4894.8281672103885, 5117.550470890808, 5093.096522586822, 5228.639484306335, 5303.497622006225, 5341.687354325866, 5604.5360524139405]
shares:[0, 1.8986, 3.7529, 5.6214, 7.4486, 9.1841, 10.9388, 12.7175, 14.6864, 16.4724, 18.1894, 19.8763, 21.4908, 23.0728, 24.6568, 26.1761, 27.6989, 29.2022, 30.6974, 32.2451, 33.7575, 35.3572, 36.822, 38.2179, 39.6183, 41.0846, 42.5709, 43.9813, 45.4482, 46.9312, 48.3947, 49.7998, 51.1873, 52.5746, 53.9732, 55.4143, 56.9031, 58.3765, 59.8183, 61.2549, 62.6743, 64.1078, 65.5011, 66.8991, 68.3024, 69.7269, 71.1166, 72.5409, 73.9553, 75.3766, 76.8146, 78.2101]
growth_rate:9.89
