ticker:IRBO
price:[32.900001525878906, 32.189998626708984, 32.66999816894531, 32.02000045776367, 32.7400016784668, 34.45000076293945, 34.29999923706055, 34.70000076293945, 33.22999954223633, 36.13999938964844, 35.790000915527344, 36.41400146484375, 37.680999755859375, 38.45000076293945, 38.66999816894531, 39.63999938964844, 39.79999923706055, 39.84000015258789, 42.20000076293945, 42.34000015258789, 44.81999969482422, 43.72999954223633, 47.560001373291016, 50.790000915527344, 50.380001068115234, 46.20000076293945, 43.61000061035156, 45.060001373291016, 44.88999938964844, 42.869998931884766, 44.0, 44.56999969482422, 44.41999816894531, 44.619998931884766, 43.400001525878906, 42.0099983215332, 40.7599983215332, 41.41999816894531, 42.93000030517578, 43.209999084472656, 43.43000030517578, 43.345001220703125, 44.900001525878906, 44.79999923706055, 44.2599983215332, 42.68000030517578, 43.5, 43.36000061035156, 43.689998626708984, 43.599998474121094, 42.4379997253418, 44.099998474121094]
assets:[0, 100.00144973373412, 201.49221370697023, 297.4818142528534, 404.1720467205048, 525.2832766330719, 622.9977461425781, 730.2615160560608, 799.3243779888154, 969.3217656295776, 1059.9351931137085, 1178.4153498046876, 1319.4190469512941, 1446.3467636989594, 1554.6228673873902, 1693.6189739227295, 1800.4564454864503, 1902.2643912857054, 2114.9500982364652, 2221.9651020076753, 2452.111147303772, 2492.478783908844, 2810.77705716095, 3101.669170909882, 3176.630359348297, 3013.067029757309, 2944.154751205444, 3142.0474137599945, 3230.1945760803223, 3184.8379426490783, 3368.7852, 3512.427965950012, 3600.605095578003, 3716.8146770267485, 3715.187690620422, 3696.199290322113, 3686.220120204163, 3845.9089599838258, 4086.1160660469054, 4212.767502740478, 4334.2184844558715, 4425.737015139771, 4684.51144919815, 4774.076078697967, 4816.532353343201, 4744.590521925355, 4935.74925, 5019.865318661499, 5158.071820868301, 5247.447296353912, 5207.5966528965, 5511.5428392982485]
shares:[0, 3.1066, 6.1675, 9.2905, 12.3449, 15.2477, 18.1632, 21.045, 24.0543, 26.8213, 29.6154, 32.3616, 35.0155, 37.6163, 40.2023, 42.725, 45.2376, 47.7476, 50.1173, 52.4791, 54.7102, 56.997, 59.0996, 61.0685, 63.0534, 65.2179, 67.511, 69.7303, 71.958, 74.2906, 76.5633, 78.807, 81.0582, 83.2993, 85.6034, 87.9838, 90.4372, 92.8515, 95.1809, 97.4952, 99.7978, 102.1049, 104.3321, 106.5642, 108.8236, 111.1666, 113.4655, 115.7718, 118.0607, 120.3543, 122.7107, 124.9783]
growth_rate:8.07
