ticker:ISEM
price:[23.790000915527344, 23.600000381469727, 23.940000534057617, 22.350000381469727, 22.8700008392334, 23.520000457763672, 23.43000030517578, 23.950000762939453, 22.690000534057617, 24.290000915527344, 25.030000686645508, 25.540000915527344, 26.309999465942383, 26.520000457763672, 26.34000015258789, 26.93000030517578, 26.239999771118164, 26.850000381469727, 28.280000686645508, 28.540000915527344, 28.670000076293945, 27.299999237060547, 28.84000015258789, 29.719999313354492, 30.350000381469727, 28.950000762939453, 29.34000015258789, 29.65999984741211, 29.389999389648438, 28.549999237060547, 29.030000686645508, 28.90999984741211, 29.6299991607666, 29.700000762939453, 29.81999969482422, 30.399999618530273, 29.510000228881836, 29.59000015258789, 30.450000762939453, 31.190000534057617, 31.200000762939453, 30.200000762939453, 30.90999984741211, 30.389999389648438, 29.559999465942383, 29.34000015258789, 28.8799991607666, 28.56999969482422, 28.700000762939453, 29.030000686645508, 27.81999969482422, 28.969999313354492]
assets:[0, 100.00028161640168, 201.44074049377443, 288.06244991664886, 394.76365848617553, 505.98341784782406, 604.0464948677063, 717.4534078548431, 779.707833352089, 934.6889512298585, 1063.16429716568, 1184.826182472229, 1320.546231194687, 1431.085524702072, 1521.372068813324, 1655.4490577598572, 1713.0337770578383, 1852.8567713243485, 2051.5387138118745, 2170.401427623749, 2280.2885250680924, 2271.3244465244293, 2499.4503372241975, 2675.7153141807557, 2832.435030600929, 2801.778178837204, 2939.521803287506, 3071.580686198044, 3143.618992715454, 3153.769955722046, 3306.7928632154462, 3393.123317090988, 3577.6298036680223, 3686.081944688797, 3800.976441101074, 3974.9063501214982, 3958.536352702713, 4069.2671239841466, 4287.5367174263, 4491.734356910705, 4593.173632317734, 4545.957794844056, 4752.832852537536, 4772.877042141724, 4742.520590317345, 4807.224061000824, 4831.854899589538, 4879.990221873474, 5002.194882974624, 5159.71103804245, 5044.647838661957, 5353.17786811924]
shares:[0, 4.2373, 8.4144, 12.8887, 17.2612, 21.5129, 25.7809, 29.9563, 34.3635, 38.4804, 42.4756, 46.391, 50.1918, 53.9625, 57.759, 61.4723, 65.2833, 69.0077, 72.5438, 76.0477, 79.5357, 83.1987, 86.6661, 90.0308, 93.3257, 96.7799, 100.1882, 103.5597, 106.9622, 110.4648, 113.9095, 117.3685, 120.7435, 124.1105, 127.464, 130.7535, 134.1422, 137.5217, 140.8058, 144.012, 147.2171, 150.5284, 153.7636, 157.0542, 160.4371, 163.8454, 167.308, 170.8082, 174.2925, 177.7372, 181.3317, 184.7835]
growth_rate:4.96
