ticker:ISRA
price:[35.0, 34.06999969482422, 35.099998474121094, 34.47999954223633, 36.029998779296875, 39.2400016784668, 39.08000183105469, 38.08000183105469, 36.290000915527344, 38.45000076293945, 38.38999938964844, 39.540000915527344, 41.209999084472656, 41.279998779296875, 42.189998626708984, 43.68000030517578, 44.54999923706055, 44.849998474121094, 46.54999923706055, 46.119998931884766, 47.2599983215332, 45.59000015258789, 47.45000076293945, 48.72999954223633, 48.5, 45.43000030517578, 43.47999954223633, 45.560001373291016, 44.97999954223633, 44.189998626708984, 44.900001525878906, 45.43000030517578, 46.58000183105469, 47.04999923706055, 46.97999954223633, 45.779998779296875, 44.29999923706055, 45.81999969482422, 46.7599983215332, 46.56999969482422, 47.61000061035156, 47.290000915527344, 48.220001220703125, 47.36000061035156, 47.25, 45.560001373291016, 47.130001068115234, 47.34000015258789, 46.900001525878906, 46.4900016784668, 46.52000045776367, 48.209999084472656]
assets:[0, 99.99885610427856, 203.02190117416382, 299.43466002464294, 412.8965800109863, 549.6817915122986, 647.4422983352661, 730.8770911437989, 796.5219720947265, 943.9321387298585, 1042.4573994262696, 1173.6856171760558, 1323.2571916023255, 1425.5056858459473, 1556.9290813217162, 1711.9153079605103, 1846.0138633861543, 1958.4469433700563, 2132.6789050460816, 2212.98052074852, 2367.683381910324, 2384.0196419792173, 2581.2847865039826, 2750.9156801582335, 2837.93385, 2758.2960975288393, 2739.9008671539304, 2970.9722455524443, 3033.149803131485, 3079.879401286697, 3229.3652597465516, 3367.4851436210633, 3552.7266096572876, 3688.5740851879123, 3783.087953138351, 3786.4591210357667, 3764.0468951751714, 3993.199227404022, 4175.120758132553, 4258.155864096069, 4453.249017089844, 4523.316961570739, 4712.270687292481, 4728.228284934998, 4817.246174999999, 4744.946575024414, 5008.4580835075385, 5130.775492537689, 5183.0880086303705, 5237.77744310379, 5341.15663655777, 5635.194477985382]
shares:[0, 2.9351, 5.7841, 8.6843, 11.4598, 14.0082, 16.5671, 19.1932, 21.9488, 24.5496, 27.1544, 29.6835, 32.1101, 34.5326, 36.9028, 39.1922, 41.4369, 43.6666, 45.8148, 47.9831, 50.0991, 52.2926, 54.4001, 56.4522, 58.5141, 60.7153, 63.0152, 65.2101, 67.4333, 69.6963, 71.9235, 74.1247, 76.2715, 78.3969, 80.5255, 82.7099, 84.9672, 87.1497, 89.2883, 91.4356, 93.536, 95.6506, 97.7244, 99.8359, 101.9523, 104.1472, 106.269, 108.3814, 110.5136, 112.6646, 114.8142, 116.8885]
growth_rate:10.49
