ticker:ITA
price:[83.31999969482422, 81.5, 82.7750015258789, 79.22000122070312, 80.44000244140625, 82.125, 82.77999877929688, 82.41999816894531, 75.51499938964844, 80.73500061035156, 89.37000274658203, 91.06500244140625, 94.66500091552734, 96.5999984741211, 96.2300033569336, 94.19999694824219, 94.19000244140625, 94.72000122070312, 93.31999969482422, 94.30000305175781, 93.94999694824219, 89.08000183105469, 95.98999786376953, 97.91000366210938, 99.01000213623047, 95.61000061035156, 98.05000305175781, 105.55999755859375, 103.97000122070312, 102.63999938964844, 104.44000244140625, 105.79000091552734, 105.9800033569336, 105.4800033569336, 106.44000244140625, 107.62000274658203, 105.97000122070312, 106.08000183105469, 110.30000305175781, 111.9000015258789, 111.58999633789062, 108.19999694824219, 112.01000213623047, 109.9800033569336, 110.33000183105469, 104.94000244140625, 107.0199966430664, 107.97000122070312, 108.44000244140625, 107.69999694824219, 104.0999984741211, 106.68000030517578]
assets:[0, 100.0005, 201.5654062156677, 292.9080325134277, 397.42187606201173, 505.7503875, 609.7823050079346, 707.1306162902831, 747.8854509552002, 899.5816708007812, 1095.7924146766663, 1216.5737936157227, 1364.6717201980591, 1492.566576423645, 1586.8520013565064, 1653.3795064361573, 1753.2056104431151, 1863.0666480102539, 1935.5314496704102, 2055.8532265319827, 2148.2230502197267, 2136.868899923706, 2402.6296465301516, 2550.6828784027102, 2679.3393708091735, 2687.3294091552734, 2855.912243888855, 3174.653590576172, 3226.833751885986, 3285.5577004623415, 3443.1780004882817, 3587.6880380485536, 3694.1343790122987, 3776.700972194672, 3911.074025708008, 4054.432935473633, 4092.275328140259, 4196.524872436524, 4463.466103494263, 4628.217633110809, 4715.391521252442, 4672.140788223266, 4936.66162815094, 4947.197497003937, 5062.944487025452, 4915.599594360351, 5113.030167617798, 5258.4197814514155, 5381.313433154297, 5444.590255723572, 5362.596911396026, 5595.504700006867]
shares:[0, 1.227, 2.4351, 3.6974, 4.9406, 6.1583, 7.3663, 8.5796, 9.9038, 11.1424, 12.2613, 13.3594, 14.4158, 15.451, 16.4902, 17.5518, 18.6135, 19.6692, 20.7408, 21.8012, 22.8656, 23.9882, 25.03, 26.0513, 27.0613, 28.1072, 29.1271, 30.0744, 31.0362, 32.0105, 32.968, 33.9133, 34.8569, 35.8049, 36.7444, 37.6736, 38.6173, 39.56, 40.4666, 41.3603, 42.2564, 43.1806, 44.0734, 44.9827, 45.8891, 46.842, 47.7764, 48.7026, 49.6248, 50.5533, 51.5139, 52.4513]
growth_rate:9.72
