ticker:ITB
price:[52.86000061035156, 54.88999938964844, 55.20000076293945, 54.189998626708984, 58.08000183105469, 59.56999969482422, 59.349998474121094, 56.54999923706055, 52.02000045776367, 55.880001068115234, 55.58000183105469, 56.2400016784668, 56.95000076293945, 54.720001220703125, 54.7599983215332, 58.040000915527344, 58.0, 55.79999923706055, 55.2400016784668, 56.95000076293945, 62.0, 58.970001220703125, 63.029998779296875, 64.43000030517578, 62.869998931884766, 60.130001068115234, 61.31999969482422, 63.7599983215332, 65.02999877929688, 68.52999877929688, 69.36000061035156, 71.20999908447266, 72.94000244140625, 72.08999633789062, 73.22000122070312, 77.02999877929688, 72.83000183105469, 69.33999633789062, 71.91999816894531, 70.58999633789062, 68.13999938964844, 67.33000183105469, 68.0999984741211, 70.05000305175781, 68.56999969482422, 66.31999969482422, 70.25, 71.55999755859375, 71.51000213623047, 73.44000244140625, 72.12999725341797, 73.80000305175781]
assets:[0, 99.99860088806153, 200.5636827720642, 296.89616447601315, 418.21086118469236, 528.9398982902527, 626.98525388031, 697.4028655910491, 741.5347025253295, 896.5555011371613, 991.7417626724242, 1103.518816934204, 1217.4486413097382, 1269.7776283264159, 1370.7084699859618, 1552.80798849411, 1651.7356, 1689.0827169055938, 1772.1323978462217, 1926.988700815201, 2197.8628, 2190.4524893432617, 2441.2590037200926, 2595.48524629364, 2632.6434832733157, 2617.909921503067, 2769.720142215729, 2979.931913554001, 3139.290676071167, 3408.250400289917, 3549.5327112350465, 3744.207509861755, 3935.17148371582, 3989.3162173461915, 4151.844983218383, 4467.886286196899, 4324.281358718872, 4217.0644252807615, 4473.970478094482, 4491.232045001221, 4435.355212271119, 4482.629531906128, 4633.89163617096, 4866.583862014771, 4863.766076353454, 4804.167721893311, 5188.8546750000005, 5385.612572259521, 5481.8494987602235, 5729.803678479004, 5727.597839903259, 5960.206326464844]
shares:[0, 1.8218, 3.6334, 5.4788, 7.2006, 8.8793, 10.5642, 12.3325, 14.2548, 16.0443, 17.8435, 19.6216, 21.3775, 23.205, 25.0312, 26.7541, 28.4782, 30.2703, 32.0806, 33.8365, 35.4494, 37.1452, 38.7317, 40.2838, 41.8744, 43.5375, 45.1683, 46.7367, 48.2745, 49.7337, 51.1755, 52.5798, 53.9508, 55.338, 56.7037, 58.0019, 59.375, 60.8172, 62.2076, 63.6242, 65.0918, 66.577, 68.0454, 69.473, 70.9314, 72.4392, 73.8627, 75.2601, 76.6585, 78.0202, 79.4066, 80.7616]
growth_rate:16.87
