ticker:ITEQ
price:[52.689998626708984, 51.874000549316406, 53.119998931884766, 53.130001068115234, 56.141998291015625, 61.77000045776367, 61.08700180053711, 59.3120002746582, 56.099998474121094, 59.5, 58.04999923706055, 59.86000061035156, 61.632999420166016, 62.75, 64.08999633789062, 66.94999694824219, 69.55500030517578, 68.73999786376953, 72.05000305175781, 70.5770034790039, 73.19999694824219, 71.12999725341797, 75.3270034790039, 79.01000213623047, 78.24700164794922, 70.80999755859375, 64.91000366210938, 69.30000305175781, 67.43000030517578, 64.84100341796875, 66.27999877929688, 66.94000244140625, 68.83200073242188, 69.7699966430664, 68.95999908447266, 64.76000213623047, 61.617000579833984, 64.12000274658203, 66.08999633789062, 66.33999633789062, 68.23999786376953, 68.27999877929688, 70.47000122070312, 69.04000091552734, 69.3499984741211, 66.0999984741211, 69.77100372314453, 69.28399658203125, 67.88500213623047, 66.1500015258789, 65.44999694824219, 68.94000244140625]
assets:[0, 99.99751085891724, 202.39781993026733, 302.4372180801392, 419.5828384277344, 561.6437291622161, 655.4329858188629, 736.3881394100189, 796.5077783355713, 944.78265, 1021.7612565711976, 1153.621931762695, 1287.790706384659, 1411.128275, 1541.261867932129, 1710.0435170516969, 1876.5799972335817, 1954.5943432571412, 2148.7112160110473, 2204.7832424819944, 2386.7225004959105, 2419.2307885849, 2661.9734432441714, 2892.1295241958614, 2964.1998646286006, 2782.46469206543, 2650.6259635437013, 2929.8932490234374, 2950.8312153549196, 2937.530882446289, 3102.7258148559567, 3233.623839935303, 3425.018407644653, 3571.693576150513, 3630.226751804352, 3509.13080775528, 3438.8201555603027, 3678.5132615692137, 3891.5309913665774, 4006.252476846313, 4220.991891863251, 4323.469038705444, 4562.136268026733, 4569.5574445961, 4690.077981806183, 4570.28609449768, 4924.109519062042, 4989.736436242676, 4988.984211495208, 4961.475024446106, 5008.973351445007, 5376.065482385255]
shares:[0, 1.9277, 3.8102, 5.6924, 7.4736, 9.0925, 10.7295, 12.4155, 14.198, 15.8787, 17.6014, 19.272, 20.8945, 22.4881, 24.0484, 25.5421, 26.9798, 28.4346, 29.8225, 31.2394, 32.6055, 34.0114, 35.3389, 36.6046, 37.8826, 39.2948, 40.8354, 42.2784, 43.7614, 45.3036, 46.8124, 48.3063, 49.7591, 51.1924, 52.6425, 54.1867, 55.8096, 57.3692, 58.8823, 60.3897, 61.8551, 63.3197, 64.7387, 66.1871, 67.6291, 69.142, 70.5753, 72.0186, 73.4917, 75.0034, 76.5313, 77.9818]
growth_rate:5.41
