ticker:IVES
price:[41.29199981689453, 39.79499816894531, 41.2130012512207, 41.5099983215332, 42.41999816894531, 45.400001525878906, 45.14099884033203, 43.54199981689453, 40.709999084472656, 45.777000427246094, 44.54999923706055, 45.51499938964844, 47.935001373291016, 49.22999954223633, 50.400001525878906, 52.26300048828125, 52.619998931884766, 52.119998931884766, 52.52299880981445, 52.279998779296875, 54.79999923706055, 53.4119987487793, 57.79800033569336, 59.224998474121094, 58.08000183105469, 52.939998626708984, 48.571998596191406, 50.301998138427734, 49.27000045776367, 47.54999923706055, 49.16299819946289, 49.96200180053711, 50.685001373291016, 50.8849983215332, 49.415000915527344, 46.43199920654297, 45.58399963378906, 46.27899932861328, 47.80699920654297, 48.15999984741211, 50.5, 51.071998596191406, 52.17300033569336, 51.5099983215332, 51.68299865722656, 49.849998474121094, 51.428001403808594, 50.8489990234375, 51.5880012512207, 51.380001068115234, 50.314998626708984, 52.584999084472656]
assets:[0, 100.00085089874268, 203.56337708015442, 305.03207166595456, 411.7200182281494, 540.6413781707764, 637.5579253211974, 714.9726995933534, 768.470439717865, 964.1185613983154, 1038.2778272190094, 1160.7690294342042, 1322.4883398880006, 1458.217201440811, 1592.8718882247927, 1751.751250366211, 1863.7161701690673, 1946.0044001197816, 2061.049743996048, 2151.51538576355, 2355.2217672100064, 2395.5655322818757, 2692.282873836899, 2858.7551413467404, 2903.488987536621, 2746.5324227535248, 2619.9201750801085, 2813.2348196880343, 2855.5167815303803, 2855.829179178238, 3052.707544998169, 3202.319501605606, 3348.661739230728, 3461.874356308365, 3461.866719139099, 3352.8871651039126, 3391.654700752258, 3543.3654672950743, 3760.3551365890503, 3888.120531681061, 4177.0368, 4324.347836337281, 4517.571404967118, 4560.164698405838, 4675.481800326538, 4609.659268901062, 4855.579895340728, 4900.912969177246, 5072.137441820145, 5151.68773909607, 5144.904838075638, 5477.0221306427]
shares:[0, 2.5129, 4.9393, 7.3484, 9.7058, 11.9084, 14.1237, 16.4203, 18.8767, 21.0612, 23.3059, 25.503, 27.5892, 29.6205, 31.6046, 33.518, 35.4184, 37.337, 39.2409, 41.1537, 42.9785, 44.8507, 46.5809, 48.2694, 49.9912, 51.8801, 53.9389, 55.9269, 57.9565, 60.0595, 62.0936, 64.0951, 66.0681, 68.0333, 70.057, 72.2107, 74.4045, 76.5653, 78.657, 80.7334, 82.7136, 84.6716, 86.5883, 88.5297, 90.4646, 92.4706, 94.4151, 96.3817, 98.3201, 100.2664, 102.2539, 104.1556]
growth_rate:7.39
