ticker:IVV
price:[343.9800109863281, 335.3800048828125, 333.3399963378906, 329.8800048828125, 335.04998779296875, 348.010009765625, 348.45001220703125, 346.9599914550781, 327.6199951171875, 351.44000244140625, 359.3399963378906, 356.6300048828125, 364.9800109863281, 371.19000244140625, 367.6199951171875, 370.489990234375, 370.30999755859375, 375.3900146484375, 382.6400146484375, 377.1000061035156, 384.30999755859375, 371.5199890136719, 389.1199951171875, 394.17999267578125, 391.510009765625, 381.7699890136719, 385.07000732421875, 395.6099853515625, 392.20001220703125, 397.45001220703125, 402.0799865722656, 412.9800109863281, 418.8900146484375, 418.30999755859375, 418.8800048828125, 423.7300109863281, 418.1700134277344, 416.5799865722656, 421.6499938964844, 424.239990234375, 424.739990234375, 416.7699890136719, 428.44000244140625, 435.6400146484375, 437.4100036621094, 433.2699890136719, 441.760009765625, 440.3999938964844, 444.4200134277344, 447.8500061035156, 445.30999755859375, 452.19000244140625]
assets:[0, 100.0103174560547, 199.40398580932614, 297.3208484008789, 401.9929753540039, 517.525685522461, 618.1851666564942, 715.5355903778076, 775.6403384399415, 932.0188864746094, 1052.9739912689208, 1145.0319566772462, 1271.8458442840576, 1393.4843881652832, 1480.0748623413085, 1591.6249980468751, 1690.835448852539, 1814.0347067871094, 1949.0534426147462, 2020.8412227081299, 2159.4763072814944, 2187.621151309204, 2391.259105993652, 2522.3577731323244, 2605.264208984375, 2640.4357750152585, 2763.2623725585936, 2938.9074591796875, 3013.5864537963866, 3153.9248268676756, 3290.6628181060796, 3479.852168572998, 3629.640087927246, 3724.6322182617187, 3829.6942206420895, 3974.0366540374757, 4021.875555145264, 4106.56219163208, 4256.55668838501, 4382.696067114258, 4487.84521081543, 4503.616501281738, 4729.72056295166, 4909.183761071778, 5029.121517105103, 5081.520412149048, 5281.108388745118, 5364.864645648194, 5513.830222595215, 5656.390362088013, 5724.326425616455, 5912.746033923339]
shares:[0, 0.2982, 0.5982, 0.9013, 1.1998, 1.4871, 1.7741, 2.0623, 2.3675, 2.652, 2.9303, 3.2107, 3.4847, 3.7541, 4.0261, 4.296, 4.566, 4.8324, 5.0937, 5.3589, 5.6191, 5.8883, 6.1453, 6.399, 6.6544, 6.9163, 7.176, 7.4288, 7.6838, 7.9354, 8.1841, 8.4262, 8.6649, 8.904, 9.1427, 9.3787, 9.6178, 9.8578, 10.095, 10.3307, 10.5661, 10.806, 11.0394, 11.2689, 11.4975, 11.7283, 11.9547, 12.1818, 12.4068, 12.6301, 12.8547, 13.0758]
growth_rate:15.94
