ticker:IWFH
price:[25.57900047302246, 26.729999542236328, 27.364999771118164, 26.702999114990234, 25.506999969482422, 28.00200080871582, 26.257999420166016, 26.902000427246094, 27.753999710083008, 28.26300048828125, 29.02899932861328, 30.218000411987305, 30.27400016784668, 29.90399932861328, 31.139999389648438, 30.674999237060547, 32.388999938964844, 31.312000274658203, 33.696998596191406, 35.23899841308594, 34.41999816894531, 31.107999801635742, 29.219999313354492, 30.035999298095703, 29.22599983215332, 28.0, 29.01799964904785, 29.60300064086914, 29.976999282836914, 29.9950008392334, 29.332000732421875, 27.756000518798828, 26.69099998474121, 27.29199981689453, 27.906999588012695, 27.739999771118164, 28.736000061035156, 28.899999618530273, 29.756000518798828, 29.552000045776367, 29.01099967956543, 27.965999603271484, 28.878999710083008, 28.19700050354004, 27.549999237060547, 27.349000930786133, 26.75, 27.665000915527344, 27.809999465942383, 27.810199737548828]
assets:[0, 99.99960128746032, 202.37511930732728, 297.4794210407257, 384.1558251403809, 521.7332790679932, 589.2400101882935, 703.6917663757324, 825.9784591718674, 941.1268269592287, 1066.6328426307678, 1210.3215705013274, 1312.5656060771942, 1396.522749446106, 1554.244079536438, 1631.0357219333648, 1822.172747566223, 1861.5829587291717, 2103.3767614738463, 2299.6300823410033, 2346.1841031890867, 2220.4268098411562, 2185.66471463871, 2346.700610760498, 2383.4153575119017, 2383.4328, 2570.0865055166246, 2721.898219025803, 2856.2864318668367, 2958.0020002622605, 2992.6179071258543, 2931.824700799942, 2919.3307924310684, 3085.065825701904, 3254.5840594530105, 3335.108048482132, 3554.8558539505007, 3675.14359148941, 3884.0001625179293, 3957.3733405300145, 3984.9277071853635, 3941.3881540870666, 4170.061136436652, 4171.5826818958285, 4175.863584358216, 4245.396354086304, 4252.412725, 4497.869909849549, 4621.443463250733, 4721.476660442352]
shares:[0, 3.7411, 7.3954, 11.1403, 15.0608, 18.632, 22.4404, 26.1576, 29.7607, 33.2989, 36.7437, 40.053, 43.3562, 46.7002, 49.9115, 53.1715, 56.259, 59.4527, 62.4203, 65.2581, 68.1634, 71.378, 74.8003, 78.1296, 81.5512, 85.1226, 88.5687, 91.9467, 95.2826, 98.6165, 102.0257, 105.6285, 109.3751, 113.0392, 116.6225, 120.2274, 123.7074, 127.1676, 130.5283, 133.9122, 137.3592, 140.935, 144.3977, 147.9442, 151.574, 155.2304, 158.9687, 162.5834, 166.1792, 169.775]
growth_rate:-3.64
