ticker:IXC
price:[18.670000076293945, 17.809999465942383, 17.850000381469727, 16.579999923706055, 16.100000381469727, 16.920000076293945, 16.40999984741211, 16.520000457763672, 15.5600004196167, 15.989999771118164, 18.559999465942383, 19.549999237060547, 21.190000534057617, 21.979999542236328, 22.110000610351562, 20.8799991607666, 20.420000076293945, 20.309999465942383, 22.25, 22.559999465942383, 22.149999618530273, 20.889999389648438, 22.010000228881836, 22.81999969482422, 23.530000686645508, 24.100000381469727, 26.149999618530273, 26.469999313354492, 24.889999389648438, 25.209999084472656, 25.09000015258789, 24.329999923706055, 24.59000015258789, 24.1299991607666, 24.719999313354492, 26.709999084472656, 26.610000610351562, 26.100000381469727, 26.149999618530273, 27.68000030517578, 27.18000030517578, 25.8799991607666, 27.350000381469727, 26.989999771118164, 26.209999084472656, 24.489999771118164, 24.360000610351562, 24.829999923706055, 25.049999237060547, 25.040000915527344, 23.399999618530273, 24.950000762939453]
assets:[0, 99.99958500137329, 200.22345427894592, 285.9784706840515, 377.6995689491272, 496.9370182407379, 581.9576705886841, 685.8592070049286, 746.0024361179352, 866.6180125951767, 1105.9049921779633, 1264.894725637436, 1471.0034800741198, 1625.8451801395418, 1735.4603789077757, 1738.9155621074678, 1800.6070187274934, 1890.9076632780075, 2171.526575, 2301.7809535104752, 2359.9495593566894, 2325.7045220489504, 2550.3955705215453, 2744.2532933006287, 2929.6356774917604, 3100.604829078293, 3464.3493344629283, 3606.7438724391936, 3491.4571093826294, 3636.3457299423217, 3719.0380336177827, 3706.3859613775253, 3845.9940558654785, 3874.047235261917, 4068.7709829820633, 4496.3131678817745, 4579.479987039185, 4591.710427111054, 4700.506886430168, 5075.526647958373, 5083.845105081176, 4940.6885277839665, 5321.322739220237, 5351.280264619827, 5296.629317986298, 5049.044476811981, 5122.243100340271, 5321.0714666502, 5468.216938456345, 5566.034131508636, 5301.485193574524, 5752.651815908814]
shares:[0, 5.6148, 11.217, 17.2484, 23.4596, 29.3698, 35.4636, 41.5169, 47.9436, 54.1975, 59.5854, 64.7005, 69.4197, 73.9693, 78.4921, 83.2814, 88.1786, 93.1023, 97.5967, 102.0293, 106.544, 111.331, 115.8744, 120.2565, 124.5064, 128.6558, 132.4799, 136.2578, 140.2755, 144.2422, 148.2279, 152.3381, 156.4048, 160.549, 164.5943, 168.3382, 172.0962, 175.9276, 179.7517, 183.3644, 187.0436, 190.9076, 194.5639, 198.269, 202.0843, 206.1676, 210.2727, 214.3001, 218.2921, 222.2857, 226.5592, 230.5672]
growth_rate:12.8
