ticker:IXG
price:[55.900001525878906, 54.970001220703125, 54.56999969482422, 52.119998931884766, 53.38999938964844, 55.38999938964844, 54.7400016784668, 55.709999084472656, 52.470001220703125, 55.599998474121094, 60.290000915527344, 61.52000045776367, 63.779998779296875, 65.16999816894531, 63.72999954223633, 63.630001068115234, 64.36000061035156, 65.0999984741211, 68.11000061035156, 67.79000091552734, 66.8499984741211, 63.81999969482422, 67.62000274658203, 69.08000183105469, 70.61000061035156, 70.16000366210938, 72.87000274658203, 74.5999984741211, 73.80000305175781, 74.08999633789062, 74.16999816894531, 75.16999816894531, 76.0, 75.48999786376953, 76.87999725341797, 79.75, 80.19999694824219, 79.73999786376953, 81.11000061035156, 81.68000030517578, 79.80999755859375, 76.0, 78.69000244140625, 78.04000091552734, 77.36000061035156, 76.23999786376953, 76.25, 76.83999633789062, 79.19000244140625, 80.56999969482422, 78.56999969482422, 80.66999816894531]
assets:[0, 100.00142622070312, 199.2732678855896, 290.3240300502777, 397.3977824569702, 512.2854873550415, 606.272888589859, 717.0155432167053, 775.3177260375977, 921.5699747085571, 1099.3037606933594, 1221.7318410907747, 1366.614033843994, 1496.394395956421, 1563.3287537708281, 1660.8766508800506, 1779.9337408798217, 1900.399155456543, 2088.266240713501, 2178.452016420746, 2248.2456686828614, 2246.342731258392, 2480.0988407363893, 2633.6474378082276, 2791.975912133789, 2874.181726022339, 3085.1993242858885, 3258.445873351288, 3323.5019574325565, 3436.5607541381837, 3540.274935600281, 3688.0054841644287, 3828.728, 3903.036712551117, 4074.901246421814, 4327.0196750000005, 4451.436670614624, 4525.90672075119, 4703.6662673950195, 4836.722058071136, 4825.990837371826, 4695.6068000000005, 4961.805972943115, 5020.820518901825, 5077.074952056884, 5103.566448999023, 5204.237875000001, 5344.506053286744, 5607.958807891846, 5805.688867009735, 5761.577362621308, 6015.569830458068]
shares:[0, 1.8192, 3.6517, 5.5703, 7.4433, 9.2487, 11.0755, 12.8705, 14.7764, 16.575, 18.2336, 19.8591, 21.427, 22.9614, 24.5305, 26.1021, 27.6559, 29.192, 30.6602, 32.1353, 33.6312, 35.1981, 36.677, 38.1246, 39.5408, 40.9661, 42.3384, 43.6789, 45.0339, 46.3836, 47.7319, 49.0622, 50.378, 51.7027, 53.0034, 54.2573, 55.5042, 56.7583, 57.9912, 59.2155, 60.4685, 61.7843, 63.0551, 64.3365, 65.6292, 66.9408, 68.2523, 69.5537, 70.8165, 72.0577, 73.3305, 74.5701]
growth_rate:17.95
