ticker:IXJ
price:[71.4000015258789, 71.41999816894531, 72.41999816894531, 70.72000122070312, 71.08000183105469, 73.37000274658203, 72.56999969482422, 72.19000244140625, 68.25, 74.16000366210938, 75.61000061035156, 73.79000091552734, 74.37999725341797, 75.87999725341797, 75.41999816894531, 75.75, 74.97000122070312, 76.44999694824219, 78.4800033569336, 78.31999969482422, 79.0, 76.83000183105469, 77.37000274658203, 78.56999969482422, 76.75, 74.56999969482422, 74.58000183105469, 75.72000122070312, 76.22000122070312, 77.41999816894531, 77.13999938964844, 78.0199966430664, 80.0199966430664, 81.29000091552734, 79.55000305175781, 81.30999755859375, 81.05000305175781, 81.93000030517578, 81.61000061035156, 81.0, 82.54000091552734, 81.87999725341797, 83.25, 84.37000274658203, 84.61000061035156, 84.20999908447266, 85.8499984741211, 86.11000061035156, 86.63999938964844, 87.52999877929688, 88.87999725341797, 88.08999633789062]
assets:[0, 100.00228143615722, 201.40001490783692, 296.67040512084964, 398.18306225738525, 511.0147321296692, 605.4442504539489, 702.2715627502441, 763.942725, 930.0925179290772, 1048.279731462097, 1123.0469189338685, 1232.02283650589, 1356.8709348861694, 1448.644698829651, 1554.98085, 1638.9716756866455, 1771.323494291687, 1918.357354056549, 2014.4452161506654, 2131.9335, 2173.3747747970583, 2288.6511032455446, 2424.1516285842895, 2467.996025, 2497.8936507774356, 2598.225561790466, 2737.9443801391603, 2856.0244217407226, 3000.9926790237428, 3090.135807550049, 3225.3856712226866, 3408.0676610275273, 3562.1603561187744, 3585.915262565613, 3765.2545809448243, 3853.214405084229, 3995.0542888809205, 4079.4472615097043, 4148.9577, 4327.836376004028, 4393.230312633515, 4566.737024999999, 4728.179323921203, 4841.629603926087, 4918.739730523682, 5114.530829095459, 5230.020052070618, 5362.210210224915, 5517.295919055176, 5702.389527783966, 5751.704175888061]
shares:[0, 1.4002, 2.781, 4.195, 5.6019, 6.9649, 8.3429, 9.7281, 11.1933, 12.5417, 13.8643, 15.2195, 16.5639, 17.8818, 19.2077, 20.5278, 21.8617, 23.1697, 24.4439, 25.7207, 26.9865, 28.2881, 29.5806, 30.8534, 32.1563, 33.4973, 34.8381, 36.1588, 37.4708, 38.7625, 40.0588, 41.3405, 42.5902, 43.8204, 45.0775, 46.3074, 47.5412, 48.7618, 49.9871, 51.2217, 52.4332, 53.6545, 54.8557, 56.041, 57.2229, 58.4104, 59.5752, 60.7365, 61.8907, 63.0332, 64.1583, 65.2935]
growth_rate:12.78
