ticker:IXN
price:[44.086666107177734, 42.560001373291016, 42.310001373291016, 42.90999984741211, 43.40833282470703, 45.366668701171875, 45.516666412353516, 44.709999084472656, 41.758331298828125, 45.75166702270508, 45.84000015258789, 45.758331298828125, 46.8466682434082, 48.21666717529297, 47.60333251953125, 49.0283317565918, 49.45833206176758, 50.008331298828125, 50.856666564941406, 49.74833297729492, 51.77166748046875, 49.90666580200195, 52.42333221435547, 53.88166809082031, 53.03333282470703, 50.6783332824707, 49.8849983215332, 50.630001068115234, 50.09000015258789, 51.29666519165039, 52.31999969482422, 54.46666717529297, 55.03333282470703, 54.848331451416016, 53.73666763305664, 53.630001068115234, 52.19499969482422, 52.34166717529297, 53.35499954223633, 53.97666549682617, 54.404998779296875, 54.30833435058594, 55.49833297729492, 56.80666732788086, 57.393333435058594, 56.95000076293945, 58.529998779296875, 58.150001525878906, 58.7400016784668, 58.630001068115234, 58.52000045776367, 59.810001373291016]
assets:[0, 99.99897922668458, 199.41126747245787, 302.24087492523194, 405.7507094123841, 524.057610168457, 625.7904398368835, 714.6982773651123, 767.513953439331, 940.9104833221436, 1042.727067470932, 1140.8695951080322, 1268.0034540111542, 1405.08671982193, 1487.2137939086915, 1631.7315205238342, 1746.0423342761994, 1865.4607824401853, 1997.1056963386536, 2053.5813363029483, 2237.105523498535, 2256.5149222377777, 2470.3027452713013, 2639.021727919006, 2697.471530796051, 2677.6860278125764, 2735.7681354503634, 2876.624518686676, 2945.9431789741516, 3116.9084890411377, 3279.0879648735045, 3513.6283594779966, 3650.1848595977785, 3737.913788414002, 3762.1524639911654, 3854.6831417713165, 3851.5421004806517, 3962.3636543373104, 4139.07277998848, 4287.301768414306, 4421.325595297241, 4513.467912875366, 4712.369002935409, 4923.4622606410985, 5074.311049660491, 5135.113228793335, 5377.578256845093, 5442.665692817688, 5597.886915956879, 5687.403253612518, 5776.731621187592, 6004.074835858917]
shares:[0, 2.3496, 4.7131, 7.0436, 9.3473, 11.5516, 13.7486, 15.9852, 18.3799, 20.5656, 22.7471, 24.9325, 27.0671, 29.1411, 31.2418, 33.2814, 35.3033, 37.303, 39.2693, 41.2794, 43.211, 45.2147, 47.1222, 48.9781, 50.8637, 52.8369, 54.8415, 56.8166, 58.813, 60.7624, 62.6737, 64.5097, 66.3268, 68.15, 70.0109, 71.8755, 73.7914, 75.7019, 77.5761, 79.4288, 81.2669, 83.1082, 84.9101, 86.6705, 88.4129, 90.1688, 91.8773, 93.597, 95.2994, 97.005, 98.7138, 100.3858]
growth_rate:17.73
