ticker:IYE
price:[18.540000915527344, 17.31999969482422, 17.809999465942383, 16.059999465942383, 15.630000114440918, 16.459999084472656, 16.18000030517578, 16.270000457763672, 15.369999885559082, 15.529999732971191, 18.079999923706055, 19.059999465942383, 20.709999084472656, 21.59000015258789, 21.809999465942383, 20.709999084472656, 20.329999923706055, 20.239999771118164, 22.110000610351562, 22.81999969482422, 22.469999313354492, 21.040000915527344, 22.719999313354492, 23.829999923706055, 24.6200008392334, 25.549999237060547, 28.139999389648438, 28.469999313354492, 26.360000610351562, 27.0, 26.899999618530273, 25.81999969482422, 25.90999984741211, 25.489999771118164, 26.420000076293945, 28.719999313354492, 28.6299991607666, 27.940000534057617, 27.950000762939453, 29.81999969482422, 29.510000228881836, 27.93000030517578, 29.829999923706055, 29.5, 28.56999969482422, 26.34000015258789, 26.280000686645508, 26.709999084472656, 26.829999923706055, 26.719999313354492, 24.899999618530273, 26.770000457763672]
assets:[0, 100.00048223800658, 202.82917891788483, 282.9001025924683, 375.32631874809266, 495.2566824531555, 586.8324310684204, 690.0969504161835, 751.9234494013787, 859.7516562170982, 1100.921931354332, 1260.5959626783372, 1469.7244340278623, 1632.175944535446, 1748.808635177231, 1760.6067261688233, 1828.3012891387941, 1920.2072342855454, 2197.6168776657105, 2368.186544329834, 2431.865109686279, 2377.1014074363707, 2666.90759940052, 2897.201347724342, 3093.2470574409485, 3310.091826158524, 3745.6365267578126, 3889.5627651906966, 3701.2946737014768, 3891.1589999999997, 3976.7479936056134, 3917.0876037025455, 4030.74094626236, 4065.4026124956135, 4313.728154456901, 4789.260925497055, 4874.251631120682, 4856.779558834648, 4958.517400350571, 5390.2691088363645, 5434.234081148338, 5243.279406290436, 5699.964113421631, 5736.9063, 5656.048551583862, 5314.571784787369, 5402.466465155982, 5590.86222036438, 5715.981235746002, 5792.545819144249, 5497.99461577034, 6010.895747785568]
shares:[0, 5.7737, 11.3885, 17.6152, 24.0132, 30.0885, 36.269, 42.4153, 48.9215, 55.3607, 60.8917, 66.1383, 70.9669, 75.5987, 80.1838, 85.0124, 89.9312, 94.8719, 99.3947, 103.7768, 108.2272, 112.9801, 117.3815, 121.5779, 125.6396, 129.5535, 133.1072, 136.6197, 140.4133, 144.117, 147.8345, 151.7075, 155.567, 159.4901, 163.2751, 166.757, 170.2498, 173.8289, 177.4067, 180.7602, 184.1489, 187.7293, 191.0816, 194.4714, 197.9716, 201.7681, 205.5733, 209.3172, 213.0444, 216.7869, 220.803, 224.5385]
growth_rate:17.86
