ticker:IYF
price:[59.255001068115234, 57.79499816894531, 57.93000030517578, 55.54999923706055, 57.68000030517578, 59.54999923706055, 58.73500061035156, 58.974998474121094, 55.53499984741211, 58.35499954223633, 62.70500183105469, 62.61000061035156, 64.7249984741211, 65.84500122070312, 64.58000183105469, 64.68000030517578, 65.41000366210938, 66.7699966430664, 68.5199966430664, 68.26000213623047, 67.66999816894531, 65.19999694824219, 69.2300033569336, 70.44999694824219, 71.47000122070312, 71.36000061035156, 73.41000366210938, 76.3499984741211, 74.69999694824219, 75.61000061035156, 75.91000366210938, 77.2300033569336, 78.23999786376953, 78.70999908447266, 80.22000122070312, 82.2300033569336, 81.87999725341797, 81.5999984741211, 82.43000030517578, 83.61000061035156, 82.58999633789062, 78.55000305175781, 81.95999908447266, 81.75, 81.83000183105469, 81.36000061035156, 81.80000305175781, 82.20999908447266, 84.06999969482422, 84.7699966430664, 83.33999633789062, 85.44999694824219]
assets:[0, 100.00268533172607, 200.2350460548401, 292.00968098945617, 403.2062741333008, 516.2806283855439, 609.2170468307495, 711.704384085846, 770.1926988838196, 909.2992738670349, 1077.0838164520264, 1175.4526734588624, 1315.1601889953613, 1437.9165521575928, 1510.2937548217772, 1612.6341076087951, 1730.8337299041748, 1866.8223361434937, 2015.7486692443847, 2108.1009499740603, 2189.8823447448726, 2209.947376560974, 2446.546780632019, 2589.657347821045, 2727.15230657959, 2822.9516721450805, 3004.047464859009, 3224.35969056015, 3254.678867034912, 3394.3295134002688, 3507.793678225708, 3668.7881404701234, 3816.7661677886963, 3939.6951971748354, 4115.278040621948, 4318.3908562927245, 4400.009976406097, 4484.964396133423, 4630.587697143555, 4796.87295501709, 4838.353237463379, 4701.68112766571, 5005.788904083252, 5092.9596, 5197.939912310791, 5268.084447520447, 5396.575241333008, 5523.62407048645, 5748.597288132476, 5896.465334497071, 5896.996462875367, 6146.298650491333]
shares:[0, 1.7303, 3.4565, 5.2567, 6.9904, 8.6697, 10.3723, 12.0679, 13.8686, 15.5822, 17.177, 18.7742, 20.3192, 21.8379, 23.3864, 24.9325, 26.4613, 27.959, 29.4184, 30.8834, 32.3612, 33.8949, 35.3394, 36.7588, 38.158, 39.5593, 40.9215, 42.2313, 43.57, 44.8926, 46.2099, 47.5047, 48.7828, 50.0533, 51.2999, 52.516, 53.7373, 54.9628, 56.176, 57.372, 58.5828, 59.8559, 61.076, 62.2992, 63.5212, 64.7503, 65.9728, 67.1892, 68.3787, 69.5584, 70.7583, 71.9286]
growth_rate:20.52
