ticker:IYG
price:[128.10000610351562, 124.52999877929688, 124.75, 119.12999725341797, 123.8499984741211, 129.0399932861328, 127.44999694824219, 127.80000305175781, 119.48999786376953, 126.27999877929688, 136.22000122070312, 136.1699981689453, 143.25999450683594, 146.22000122070312, 143.42999267578125, 143.97999572753906, 146.4600067138672, 150.0500030517578, 157.25, 155.1300048828125, 152.60000610351562, 145.36000061035156, 156.42999267578125, 159.32000732421875, 163.16000366210938, 163.80999755859375, 169.91000366210938, 176.75, 172.3699951171875, 173.44000244140625, 173.64999389648438, 177.38999938964844, 178.52999877929688, 179.02000427246094, 182.72000122070312, 188.0800018310547, 187.72000122070312, 186.72000122070312, 188.33999633789062, 190.75999450683594, 187.14999389648438, 177.55999755859375, 187.1999969482422, 186.86000061035156, 185.72999572753906, 184.07000732421875, 185.38999938964844, 186.30999755859375, 191.3800048828125, 192.92999267578125, 187.82000732421875, 194.8800048828125]
assets:[0, 99.99758901977539, 200.17385000000002, 291.1537132873535, 402.6858850387573, 519.5666289672852, 613.1619353179932, 714.8493170700073, 768.3684822631835, 912.0320351837158, 1083.8208177124025, 1183.42622008667, 1345.0394364257813, 1472.8302062957762, 1544.7266781188964, 1650.6442630187987, 1779.0789935546875, 1922.6807191040039, 2114.933875, 2186.4178018188477, 2250.758530023193, 2243.96593742218, 2514.8624202514648, 2661.329198345947, 2825.4744154174805, 2936.7364932312016, 3146.08760980835, 3372.7435, 3389.1560809936523, 3510.200177410889, 3614.4551629577636, 3792.296623951721, 3916.662525219727, 4027.4130361175535, 4210.654524130249, 4434.174123168946, 4525.6851934295655, 4601.583726083374, 4741.515909805298, 4902.43647882843, 4909.655509881592, 4758.075254577637, 5116.400556591797, 5207.115521008301, 5275.623382641602, 5328.476979022217, 5466.687607002258, 5593.808628698731, 5846.027595153809, 5993.370222473145, 5934.623899426269, 6257.694396789551]
shares:[0, 0.803, 1.6046, 2.444, 3.2514, 4.0264, 4.811, 5.5935, 6.4304, 7.2223, 7.9564, 8.6908, 9.3888, 10.0727, 10.7699, 11.4644, 12.1472, 12.8136, 13.4495, 14.0941, 14.7494, 15.4373, 16.0766, 16.7043, 17.3172, 17.9277, 18.5162, 19.082, 19.6621, 20.2387, 20.8146, 21.3783, 21.9384, 22.497, 23.0443, 23.576, 24.1087, 24.6443, 25.1753, 25.6995, 26.2338, 26.797, 27.3312, 27.8664, 28.4048, 28.9481, 29.4875, 30.0242, 30.5467, 31.065, 31.5974, 32.1105]
growth_rate:22.7
