ticker:IYH
price:[226.19000244140625, 223.72999572753906, 227.22999572753906, 222.11000061035156, 224.6699981689453, 234.0, 233.47000122070312, 232.6199951171875, 219.61000061035156, 236.7899932861328, 241.47000122070312, 234.5500030517578, 236.67999267578125, 243.7899932861328, 242.2899932861328, 244.88999938964844, 242.74000549316406, 245.91000366210938, 254.16000366210938, 254.22000122070312, 256.3299865722656, 250.91000366210938, 254.0800018310547, 257.9599914550781, 251.6300048828125, 246.36000061035156, 244.9499969482422, 248.8699951171875, 249.64999389648438, 252.72999572753906, 251.8300018310547, 254.89999389648438, 263.510009765625, 267.8399963378906, 262.9800109863281, 266.6600036621094, 264.8599853515625, 267.1199951171875, 266.489990234375, 263.54998779296875, 268.8299865722656, 267.25, 273.0799865722656, 277.45001220703125, 278.4200134277344, 278.29998779296875, 284.42999267578125, 285.9700012207031, 287.6300048828125, 288.8500061035156, 293.45001220703125, 291.3900146484375]
assets:[0, 100.00730809020996, 201.5757292098999, 297.02770381622315, 400.45180473632814, 517.0932, 615.917210220337, 713.6781450195313, 773.7738761505127, 934.3022765090942, 1052.7609113220215, 1122.579769606018, 1232.7714098510742, 1369.8072142761232, 1461.37209450531, 1577.042618069458, 1663.2059696380616, 1784.9377615814208, 1944.832348022461, 2045.301597821045, 2162.2716017303464, 2216.5389723510743, 2344.54862489624, 2480.3627058380125, 2519.4957498901367, 2566.7263023590085, 2652.0246269592285, 2794.4616271728514, 2903.2297090209963, 3039.0529256240848, 3128.2322827453613, 3266.3649917877196, 3476.698366845703, 3633.83879831543, 3667.9137032318113, 3819.2379024505613, 3893.468270666504, 4026.700366394043, 4117.190402124023, 4171.759111773682, 4355.341495455933, 4429.748925, 4626.384592514039, 4800.412366204834, 4917.20369914856, 5015.077100024414, 5225.547825439453, 5353.844571853637, 5484.931615112305, 5608.196178503418, 5797.515821166992, 5856.822738427734]
shares:[0, 0.447, 0.8871, 1.3373, 1.7824, 2.2098, 2.6381, 3.068, 3.5234, 3.9457, 4.3598, 4.7861, 5.2086, 5.6188, 6.0315, 6.4398, 6.8518, 7.2585, 7.652, 8.0454, 8.4355, 8.834, 9.2276, 9.6153, 10.0127, 10.4186, 10.8268, 11.2286, 11.6292, 12.0249, 12.422, 12.8143, 13.1938, 13.5672, 13.9475, 14.3225, 14.7001, 15.0745, 15.4497, 15.8291, 16.2011, 16.5753, 16.9415, 17.3019, 17.6611, 18.0204, 18.372, 18.7217, 19.0694, 19.4156, 19.7564, 20.0996]
growth_rate:14.84
