ticker:IYJ
price:[83.9000015258789, 82.99500274658203, 84.17500305175781, 82.32499694824219, 83.86000061035156, 87.43000030517578, 88.17500305175781, 87.7300033569336, 82.22000122070312, 88.53500366210938, 92.00499725341797, 93.12000274658203, 95.82499694824219, 96.48500061035156, 95.93000030517578, 97.19000244140625, 96.81999969482422, 97.0999984741211, 99.12999725341797, 97.55000305175781, 97.88999938964844, 93.23999786376953, 98.61000061035156, 101.25, 101.19999694824219, 99.47000122070312, 100.97000122070312, 104.87999725341797, 103.7699966430664, 105.87000274658203, 106.5, 109.02999877929688, 110.11000061035156, 110.6500015258789, 110.31999969482422, 112.79000091552734, 111.54000091552734, 110.05999755859375, 112.0199966430664, 112.37999725341797, 111.0999984741211, 107.62999725341797, 111.12999725341797, 112.01000213623047, 112.69999694824219, 111.12000274658203, 113.2699966430664, 112.62000274658203, 112.9000015258789, 114.12000274658203, 112.43000030517578, 114.62999725341797]
assets:[0, 100.0006788093567, 201.42236480255127, 296.99565899047855, 402.5363889297485, 519.6751788139344, 624.1026716003419, 720.9563945869446, 775.6717135162354, 935.2483646850585, 1071.904220500946, 1184.8961629486084, 1319.3185579833985, 1428.4025430358886, 1520.1835288360596, 1640.1493242004392, 1733.9009645347596, 1838.918611102295, 1977.3658812133788, 2045.8479290023804, 2152.982857575989, 2150.711086724854, 2374.578119697571, 2538.1552500000003, 2636.897480482483, 2691.8173850341796, 2832.410474243164, 3042.096760334015, 3109.9037833953857, 3272.8440909072874, 3392.3232, 3572.913059997559, 3708.3066225555417, 3826.498352767944, 3915.0913091697694, 4102.747562302399, 4157.274298123169, 4202.112718786621, 4376.946126834869, 4491.008116239166, 4539.857017648315, 4498.062082215119, 4744.328503743744, 4881.899938106537, 5011.971724282837, 5041.703428617096, 5239.247059726715, 5309.177217480469, 5422.372563285065, 5580.970262319946, 5598.3169491958615, 5807.8663668411255]
shares:[0, 1.2049, 2.3929, 3.6076, 4.8001, 5.9439, 7.078, 8.2179, 9.4341, 10.5636, 11.6505, 12.7244, 13.768, 14.8044, 15.8468, 16.8757, 17.9085, 18.9384, 19.9472, 20.9723, 21.9939, 23.0664, 24.0805, 25.0682, 26.0563, 27.0616, 28.052, 29.0055, 29.9692, 30.9138, 31.8528, 32.77, 33.6782, 34.582, 35.4885, 36.3751, 37.2716, 38.1802, 39.0729, 39.9627, 40.8628, 41.7919, 42.6917, 43.5845, 44.4718, 45.3717, 46.2545, 47.1424, 48.0281, 48.9044, 49.7938, 50.6662]
growth_rate:13.88
