ticker:IYM
price:[102.06999969482422, 102.36000061035156, 103.0999984741211, 96.66999816894531, 98.3499984741211, 103.33000183105469, 102.73999786376953, 102.37000274658203, 97.30000305175781, 105.2699966430664, 107.16000366210938, 108.06999969482422, 111.62000274658203, 112.19999694824219, 111.2699966430664, 113.0, 112.30999755859375, 113.41000366210938, 121.16000366210938, 119.12000274658203, 117.19000244140625, 111.16000366210938, 116.1500015258789, 116.83999633789062, 118.23999786376953, 115.8499984741211, 119.37999725341797, 125.47000122070312, 124.66000366210938, 126.88999938964844, 126.97000122070312, 126.73999786376953, 130.99000549316406, 131.19000244140625, 131.02000427246094, 139.32000732421875, 139.4499969482422, 137.3300018310547, 139.08999633789062, 140.1699981689453, 136.89999389648438, 127.61000061035156, 129.99000549316406, 131.5399932861328, 131.33999633789062, 127.41999816894531, 129.1199951171875, 133.08999633789062, 132.35000610351562, 135.9199981689453, 129.77000427246094, 134.1300048828125]
assets:[0, 99.99548459625244, 200.71507702941895, 288.19259854125977, 393.20329389953616, 513.1161230926514, 610.1831213127136, 707.9807019950866, 772.9123042419434, 936.218715145111, 1053.0292079864503, 1161.96863671875, 1300.138629991913, 1406.8982017333983, 1495.2350878898621, 1618.4877000000001, 1708.6056858581544, 1825.3453499420164, 2050.0878419647215, 2115.571248779297, 2181.292672442627, 2169.0540354583736, 2366.428516088104, 2480.4897542541503, 2610.2070728416443, 2657.4483599983214, 2838.426566696167, 3083.224527996826, 3163.3223889282226, 3319.9118770309447, 3422.0065938995363, 3515.805562740326, 3733.6998195755004, 3839.406611450195, 3934.425912298584, 4283.672265197754, 4387.668648979186, 4420.968617945862, 4577.6325964752195, 4713.174137431335, 4703.226670312501, 4484.062289447022, 4667.694116249084, 4823.347935813904, 4916.016660928344, 4869.291520027161, 5034.259489624023, 5289.049690466309, 5359.645847167969, 5604.212588502502, 5450.638650453186, 5733.762622729492]
shares:[0, 0.9769, 1.9468, 2.9812, 3.998, 4.9658, 5.9391, 6.9159, 7.9436, 8.8935, 9.8267, 10.752, 11.6479, 12.5392, 13.4379, 14.3229, 15.2133, 16.0951, 16.9205, 17.76, 18.6133, 19.5129, 20.3739, 21.2298, 22.0755, 22.9387, 23.7764, 24.5734, 25.3756, 26.1637, 26.9513, 27.7403, 28.5037, 29.266, 30.0292, 30.747, 31.4641, 32.1923, 32.9113, 33.6247, 34.3552, 35.1388, 35.9081, 36.6683, 37.4297, 38.2145, 38.989, 39.7404, 40.496, 41.2317, 42.0023, 42.7478]
growth_rate:12.43
