ticker:IYT
price:[198.92999267578125, 200.10000610351562, 202.5399932861328, 199.52000427246094, 199.97000122070312, 209.8699951171875, 209.52999877929688, 210.36000061035156, 196.61000061035156, 204.72000122070312, 213.42999267578125, 215.9199981689453, 221.77999877929688, 225.05999755859375, 224.07000732421875, 221.47000122070312, 220.75, 220.5399932861328, 227.25999450683594, 228.47999572753906, 226.92999267578125, 213.1199951171875, 225.33999633789062, 232.02000427246094, 234.08999633789062, 235.02999877929688, 240.4499969482422, 249.80999755859375, 250.0800018310547, 257.0, 259.42999267578125, 262.3299865722656, 262.54998779296875, 266.239990234375, 270.07000732421875, 278.69000244140625, 278.07000732421875, 270.4200134277344, 275.32000732421875, 270.489990234375, 267.67999267578125, 255.4600067138672, 261.4200134277344, 262.7099914550781, 259.1499938964844, 252.94000244140625, 257.7699890136719, 250.60000610351562, 252.35000610351562, 257.44000244140625, 251.52999877929688, 256.5899963378906]
assets:[0, 100.00998305053712, 201.22348332977296, 298.2225503860474, 398.9001584350586, 518.6517189331055, 617.8201544006347, 720.2726420898438, 773.1884884002685, 905.0875973968506, 1043.5872921875, 1155.7549741989135, 1287.1224009155274, 1406.1523587463378, 1499.9694430297852, 1582.5581877227783, 1677.413025, 1775.8100799392698, 1929.9145993515017, 2040.2806658477784, 2126.4474963684083, 2097.03681595459, 2317.283852340698, 2485.9783357772826, 2608.160512197876, 2718.639001879883, 2881.336358430481, 3093.4971237670898, 3196.8476874069215, 3385.3068, 3517.3258976989746, 3656.643915829468, 3759.7158251953124, 3912.5564004882813, 4068.847723345947, 4298.709680657959, 4389.140416607666, 4368.391938912964, 4547.543156976318, 4567.764465087891, 4620.31728157959, 4509.4055845138555, 4714.605374163819, 4837.8570346435545, 4872.304950247193, 4855.562756866455, 5048.270572839355, 5007.840161968994, 5142.817419387818, 5346.539714703369, 5323.808495162964, 5530.900007061768]
shares:[0, 0.4998, 0.9935, 1.4947, 1.9948, 2.4713, 2.9486, 3.424, 3.9326, 4.4211, 4.8896, 5.3527, 5.8036, 6.2479, 6.6942, 7.1457, 7.5987, 8.0521, 8.4921, 8.9298, 9.3705, 9.8397, 10.2835, 10.7145, 11.1417, 11.5672, 11.9831, 12.3834, 12.7833, 13.1724, 13.5579, 13.9391, 14.32, 14.6956, 15.0659, 15.4247, 15.7843, 16.1541, 16.5173, 16.887, 17.2606, 17.6521, 18.0346, 18.4152, 18.8011, 19.1965, 19.5844, 19.9834, 20.3797, 20.7681, 21.1657, 21.5554]
growth_rate:8.45
