ticker:IYW
price:[76.25749969482422, 72.9124984741211, 71.65499877929688, 73.57499694824219, 74.4124984741211, 77.9749984741211, 78.96499633789062, 77.79499816894531, 73.18499755859375, 80.63500213623047, 79.14749908447266, 78.98999786376953, 80.75749969482422, 82.9175033569336, 82.11000061035156, 84.4800033569336, 85.18000030517578, 85.08000183105469, 85.9800033569336, 84.29000091552734, 88.62999725341797, 85.77999877929688, 90.93000030517578, 93.0999984741211, 91.5199966430664, 86.91999816894531, 85.26000213623047, 86.55999755859375, 85.98999786376953, 87.0199966430664, 89.72000122070312, 93.95999908447266, 94.87000274658203, 94.31999969482422, 93.05999755859375, 91.83000183105469, 89.80000305175781, 90.44999694824219, 92.45999908447266, 93.4000015258789, 95.0199966430664, 95.43000030517578, 97.81999969482422, 100.77999877929688, 101.38999938964844, 99.91999816894531, 103.88999938964844, 103.19000244140625, 104.5999984741211, 104.8499984741211, 104.91999816894531, 107.66999816894531]
assets:[0, 99.99949165725708, 198.2765471221924, 303.59250990753173, 407.05124915313723, 526.5417721961975, 633.2282021331787, 723.8435604629517, 780.949790447998, 960.4515739448547, 1042.7366414382934, 1140.6629631515502, 1266.1887619651795, 1400.053752431488, 1486.4209190490722, 1629.3235847434999, 1742.825396244049, 1840.7824116165161, 1960.258096534729, 2021.7293879592894, 2225.827162023163, 2254.255477920532, 2489.590664355469, 2649.0021865837098, 2704.0498208160398, 2668.1397237930296, 2717.185112080383, 2858.6179513732914, 2939.7916509674073, 3075.0082173767087, 3270.4196524963377, 3524.975137653351, 3659.1170319351195, 3737.901587905884, 3787.969976623535, 3837.906364526367, 3853.066690942383, 3980.9576256835935, 4169.418936714935, 4311.8110704422, 4486.597189494323, 4605.957593729401, 4821.3130169586175, 5067.208260623169, 5197.879986709594, 5222.518544296265, 5530.02311151123, 5592.763985321045, 5769.181535840607, 5882.965654385376, 5986.892475517273, 6243.815494816589]
shares:[0, 1.3715, 2.7671, 4.1263, 5.4702, 6.7527, 8.0191, 9.3045, 10.6709, 11.9111, 13.1746, 14.4406, 15.6789, 16.8849, 18.1028, 19.2865, 20.4605, 21.6359, 22.799, 23.9854, 25.1137, 26.2795, 27.3792, 28.4533, 29.546, 30.6965, 31.8694, 33.0247, 34.1876, 35.3368, 36.4514, 37.5157, 38.5698, 39.63, 40.7046, 41.7936, 42.9072, 44.0128, 45.0943, 46.165, 47.2174, 48.2653, 49.2876, 50.2799, 51.2662, 52.267, 53.2296, 54.1987, 55.1547, 56.1084, 57.0615, 57.9903]
growth_rate:22.43
