ticker:IZRL
price:[24.420000076293945, 24.201000213623047, 25.510000228881836, 24.6299991607666, 25.110000610351562, 26.829999923706055, 26.809999465942383, 25.920000076293945, 24.31999969482422, 25.700000762939453, 26.0, 26.575000762939453, 27.815000534057617, 28.290000915527344, 28.639999389648438, 29.350000381469727, 30.100000381469727, 29.68000030517578, 31.530000686645508, 32.400001525878906, 33.02000045776367, 32.529998779296875, 35.09000015258789, 37.97999954223633, 36.689998626708984, 32.72999954223633, 30.8700008392334, 32.81999969482422, 32.5, 31.139999389648438, 31.899999618530273, 32.34000015258789, 31.959999084472656, 32.0, 32.04999923706055, 30.700000762939453, 29.670000076293945, 30.649999618530273, 31.170000076293945, 31.170000076293945, 31.514999389648438, 31.489999771118164, 32.43000030517578, 31.799999237060547, 31.290000915527344, 29.420000076293945, 29.829999923706055, 30.149999618530273, 30.040000915527344, 30.040000915527344, 29.079999923706055, 30.56999969482422]
assets:[0, 100.0009529827118, 205.4090728429794, 298.32347583503724, 404.1379268234253, 531.8215754877091, 631.4264264219285, 710.4646100912095, 766.6077343803405, 910.1089870178222, 1020.734, 1143.3070253231049, 1296.6546613962173, 1418.7972969154357, 1536.349807258606, 1674.4380667631149, 1817.2273230304718, 1891.8714834526063, 2109.795312946129, 2268.009826811981, 2411.4110094299317, 2475.6272441009523, 2770.4502550472257, 3098.6248486530303, 3093.3778122161866, 2859.5055050067904, 2797.0042090394977, 3073.6848674194334, 3143.7152499999997, 3112.1626790008545, 3288.1179806797027, 3433.469902199936, 3493.1256279357913, 3597.4976, 3703.117806848526, 3647.1355306365967, 3624.772041320801, 3844.4968821514126, 4009.7212778144835, 4109.72087205925, 4255.208793089295, 4351.832945369149, 4581.7396301155095, 4592.733969812012, 4619.07687015152, 4443.02312152195, 4604.940612222291, 4754.3383648462295, 4836.992883416749, 4936.993042464447, 4879.219775198937, 5229.221608797455]
shares:[0, 4.1321, 8.0521, 12.1122, 16.0947, 19.8219, 23.5519, 27.4099, 31.5217, 35.4128, 39.259, 43.0219, 46.6171, 50.1519, 53.6435, 57.0507, 60.373, 63.7423, 66.9139, 70.0003, 73.0288, 76.1029, 78.9527, 81.5857, 84.3112, 87.3665, 90.6059, 93.6528, 96.7297, 99.941, 103.0758, 106.1679, 109.2968, 112.4218, 115.5419, 118.7992, 122.1696, 125.4322, 128.6404, 131.8486, 135.0217, 138.1973, 141.2809, 144.4256, 147.6215, 151.0205, 154.3728, 157.6895, 161.0184, 164.3473, 167.7861, 171.0573]
growth_rate:2.53
