ticker:JETS
price:[18.25, 17.93000030517578, 18.149999618530273, 16.760000228881836, 17.329999923706055, 17.989999771118164, 17.489999771118164, 18.68000030517578, 16.920000076293945, 17.75, 20.149999618530273, 20.760000228881836, 22.639999389648438, 23.510000228881836, 22.959999084472656, 22.530000686645508, 22.15999984741211, 22.3799991607666, 22.200000762939453, 22.280000686645508, 22.25, 21.3799991607666, 23.049999237060547, 23.559999465942383, 24.81999969482422, 26.110000610351562, 25.709999084472656, 27.68000030517578, 28.059999465942383, 26.670000076293945, 27.049999237060547, 27.299999237060547, 26.440000534057617, 25.950000762939453, 26.079999923706055, 26.170000076293945, 26.280000686645508, 25.940000534057617, 26.850000381469727, 26.389999389648438, 26.329999923706055, 25.219999313354492, 25.049999237060547, 24.5, 23.979999542236328, 22.420000076293945, 23.010000228881836, 22.889999389648438, 23.1200008392334, 22.809999465942383, 21.649999618530273, 23.329999923706055]
assets:[0, 99.99919770202638, 201.22541577072144, 285.8149879032135, 395.53471925868985, 510.5975705038071, 596.4072431951522, 736.9857880401612, 767.5487314609527, 905.2003, 1127.593978652954, 1261.7305339107513, 1475.9921202087403, 1632.7107408952713, 1694.514516431427, 1762.7787957241057, 1833.8286273727417, 1952.0350008001328, 2036.3350299819945, 2143.6724940656663, 2240.786375, 2253.1696955558778, 2529.165776286316, 2685.1260711336136, 2928.7276979896546, 3180.9474313583373, 3232.21480690155, 3579.879351468659, 3729.0252110265733, 3644.3008244251255, 3796.2266479282384, 3931.3118201335906, 3907.467206926346, 3935.0529256919863, 4054.76712413826, 4168.760630153274, 4286.283879992294, 4330.830947163963, 4582.760750109292, 4604.247359512329, 4693.777995399285, 4595.901002870942, 4664.921077922058, 4662.497, 4663.536788975906, 4460.154103177642, 4677.525769527626, 4753.131263259888, 4900.892233897591, 4935.178327451134, 4784.199595703125, 5255.444097813606]
shares:[0, 5.5772, 11.0868, 17.0534, 22.8237, 28.3823, 34.0999, 39.4532, 45.3634, 50.9972, 55.96, 60.777, 65.194, 69.4475, 73.8029, 78.2414, 82.754, 87.2223, 91.7268, 96.2151, 100.7095, 105.3868, 109.7252, 113.9697, 117.9987, 121.8287, 125.7182, 129.3309, 132.8947, 136.6442, 140.3411, 144.0041, 147.7862, 151.6398, 155.4742, 159.2954, 163.1006, 166.9557, 170.6801, 174.4694, 178.2673, 182.2324, 186.2244, 190.306, 194.4761, 198.9364, 203.2823, 207.651, 211.9763, 216.3603, 220.9792, 225.2655]
growth_rate:3.05
