ticker:JGLD
price:[26.176000595092773, 26.030000686645508, 27.780000686645508, 27.43600082397461, 27.950000762939453, 28.475000381469727, 26.860000610351562, 27.1200008392334, 26.023000717163086, 26.743999481201172, 26.858999252319336, 25.305999755859375, 24.139999389648438, 23.75, 24.670000076293945, 25.049999237060547, 24.136999130249023, 24.41200065612793, 25.665000915527344, 26.540000915527344, 26.437999725341797, 25.388999938964844, 27.10700035095215, 26.69499969482422, 28.0, 28.0, 27.5, 27.959999084472656, 25.200000762939453, 25.36400032043457, 25.075000762939453, 24.812000274658203, 24.240999221801758, 23.555999755859375, 24.52199935913086, 23.520000457763672, 22.940000534057617, 21.378000259399414, 22.979999542236328, 23.049999237060547, 23.049999237060547]
assets:[0, 99.99945363788605, 206.72209710960388, 304.16099233474733, 409.85881118774415, 517.5587594335556, 588.2044673660279, 693.8977654727936, 765.8308881053924, 887.0503235923767, 990.8633991170883, 1033.5704174285888, 1085.9475285430908, 1168.402625, 1313.6627020626067, 1433.8970263282777, 1481.6352094108581, 1598.514891363716, 1780.563335016632, 1941.2683669662474, 2033.8065800712586, 2053.109407964325, 2292.037836074829, 2357.200507052612, 2572.4328, 2672.4320000000002, 2724.711, 2870.2868300148007, 2686.955121348572, 2804.4417146297455, 2872.4867723991397, 2942.358345770645, 2974.644527806282, 2990.587283004761, 3213.2279250240326, 3181.931485929108, 3203.4655505786895, 3085.3392692373277, 3416.5445379421235, 3526.951838260269, 3626.9519549503325]
shares:[0, 3.8417, 7.4414, 11.0862, 14.664, 18.1759, 21.8989, 25.5862, 29.429, 33.1682, 36.8913, 40.8429, 44.9854, 49.1959, 53.2494, 57.2414, 61.3844, 65.4807, 69.3771, 73.145, 76.9274, 80.8661, 84.5552, 88.3012, 91.8726, 95.444, 99.0804, 102.6569, 106.6252, 110.5678, 114.5558, 118.5861, 122.7113, 126.9565, 131.0345, 135.2862, 139.6454, 144.3231, 148.6747, 153.0131, 157.3515]
growth_rate:-9.33
