ticker:JHMA
price:[34.64099884033203, 34.70800018310547, 35.28799819946289, 33.698001861572266, 34.38100051879883, 36.24599838256836, 36.43899917602539, 36.308998107910156, 34.604000091552734, 37.027000427246094, 37.86199951171875, 38.45600128173828, 39.527000427246094, 39.856998443603516, 39.444000244140625, 40.0880012512207, 39.60900115966797, 39.97100067138672, 42.19300079345703, 41.599998474121094, 41.332000732421875, 39.07500076293945, 40.86399841308594, 41.76599884033203, 42.22999954223633, 41.49399948120117, 42.680999755859375, 44.40599822998047, 43.99399948120117, 44.91899871826172, 44.9010009765625, 45.16699981689453, 46.58300018310547, 46.66600036621094, 46.91699981689453, 50.03099822998047, 50.05099868774414, 49.1510009765625, 49.3489990234375, 49.763999938964844, 48.8380012512207, 45.62300109863281, 46.3650016784668, 46.685001373291016, 46.74300003051758, 45.5260009765625, 45.5260009765625, 46.683998107910156, 46.70399856567383, 48.39799880981445, 46.8849983215332, 48.198001861572266]
assets:[0, 100.00069012756349, 201.6709097099304, 292.58290116310116, 398.51361511344913, 520.1300767898559, 622.8991836147309, 720.675518045044, 786.8326748817443, 941.9261611686707, 1063.1687324890138, 1179.8493473243714, 1312.7074949890136, 1423.6680702064514, 1508.914451739502, 1633.5499717861176, 1714.0319943832399, 1829.6965383331299, 2031.4115583015441, 2102.859122867584, 2189.310613595581, 2169.7605498645785, 2369.09848079834, 2521.3924669914245, 2649.4045962810515, 2703.230331201553, 2880.562014022827, 3096.98089095459, 3168.245470238495, 3334.8583352416995, 3433.521173376465, 3553.8614964927674, 3765.2759550003057, 3871.985382185364, 3992.810277317047, 4357.8250233268745, 4459.569008577347, 4479.376473999024, 4597.421837622071, 4736.084661791229, 4747.9572246418, 4535.400788415527, 4709.163398477172, 4841.664144422913, 4947.681113030243, 4918.861328112793, 5018.859189257812, 5246.520438159942, 5348.766094934082, 5642.771079235076, 5566.369852225876, 5822.255967475509]
shares:[0, 2.8812, 5.715, 8.6825, 11.5911, 14.35, 17.0943, 19.8484, 22.7382, 25.4389, 28.0801, 30.6805, 33.2104, 35.7194, 38.2546, 40.7491, 43.2738, 45.7756, 48.1457, 50.5495, 52.9689, 55.5281, 57.9752, 60.3695, 62.7375, 65.1475, 67.4905, 69.7424, 72.0154, 74.2416, 76.4687, 78.6827, 80.8294, 82.9723, 85.1037, 87.1025, 89.1005, 91.135, 93.1614, 95.1709, 97.2185, 99.4104, 101.5672, 103.7092, 105.8486, 108.0451, 110.2416, 112.3837, 114.5248, 116.591, 118.7239, 120.7987]
growth_rate:14.16
