ticker:JHME
price:[13.026000022888184, 12.024999618530273, 12.579999923706055, 11.447999954223633, 11.142999649047852, 11.718000411987305, 11.479999542236328, 11.65999984741211, 10.907999992370605, 10.987000465393066, 12.87399959564209, 13.708999633789062, 14.904999732971191, 15.64900016784668, 15.776000022888184, 15.119999885559082, 14.588000297546387, 14.5600004196167, 15.904000282287598, 16.420000076293945, 16.097999572753906, 15.126999855041504, 16.190000534057617, 17.18000030517578, 17.68000030517578, 18.47100067138672, 20.15999984741211, 20.295000076293945, 18.933000564575195, 19.326000213623047, 19.38800048828125, 18.510000228881836, 18.530000686645508, 18.200000762939453, 19.03700065612793, 20.850000381469727, 20.80699920654297, 20.417999267578125, 20.479999542236328, 22.05699920654297, 21.871000289916992, 20.540000915527344, 21.79400062561035, 21.636999130249023, 20.836999893188477, 18.964000701904297, 18.95199966430664, 19.155000686645508, 19.239999771118164, 19.159000396728516, 17.781999588012695, 19.405000686645508]
assets:[0, 99.99989682769777, 204.61495675907136, 286.20343325557707, 378.57784157657625, 498.1134487129212, 587.996392553711, 697.2155208759308, 752.2494942738533, 857.6979939308167, 1105.0062828929902, 1276.6766379959108, 1488.0570438408852, 1662.3353865297317, 1775.8254425764082, 1801.9834423610687, 1838.579653100872, 1935.0502637678148, 2213.6698472914695, 2385.4910430839536, 2438.7117120758057, 2391.6134691817288, 2659.6770977344513, 2922.312897910309, 3107.3625976364133, 3346.3856503349307, 3752.380771598816, 3877.507918076515, 3717.2882911481856, 3894.4499440479276, 4006.9432653137205, 3925.486086539841, 4029.7285143251415, 4057.963170108795, 4344.584312040138, 4858.344073887825, 4948.32471269989, 4955.811862628174, 5070.8601746574395, 5561.3260550422665, 5614.430123023605, 5372.752793479157, 5800.767485514641, 5858.979136884307, 5742.352113364411, 5326.181827135087, 5422.811471946717, 5580.897563057328, 5705.662336124611, 5781.642204121398, 5466.10309795704, 6065.0057976100925]
shares:[0, 8.316, 16.2651, 25.0003, 33.9745, 42.5084, 51.2192, 59.7955, 68.9631, 78.0648, 85.8324, 93.1269, 99.8361, 106.2263, 112.565, 119.1788, 126.0337, 132.9018, 139.1895, 145.2796, 151.4916, 158.1023, 164.279, 170.0997, 175.7558, 181.1697, 186.13, 191.0573, 196.3391, 201.5135, 206.6713, 212.0738, 217.4705, 222.965, 228.2179, 233.0141, 237.8202, 242.7178, 247.6006, 252.1343, 256.7066, 261.5751, 266.1635, 270.7852, 275.5844, 280.8575, 286.134, 291.3546, 296.5521, 301.7716, 307.3953, 312.5486]
growth_rate:18.92
