ticker:JHMF
price:[35.402000427246094, 34.36800003051758, 34.46099853515625, 33.24599838256836, 34.4900016784668, 35.946998596191406, 35.766998291015625, 35.99800109863281, 33.597999572753906, 35.62200164794922, 38.20199966430664, 38.3650016784668, 39.93000030517578, 40.79800033569336, 40.2239990234375, 40.74599838256836, 40.75699996948242, 41.49399948120117, 43.11899948120117, 42.83599853515625, 42.36199951171875, 40.39899826049805, 43.165000915527344, 44.209999084472656, 44.95800018310547, 45.15800094604492, 46.29899978637695, 47.972999572753906, 47.11899948120117, 47.41400146484375, 47.5890007019043, 48.61199951171875, 49.15700149536133, 49.47200012207031, 50.37799835205078, 51.84600067138672, 51.70000076293945, 51.29800033569336, 51.76100158691406, 52.220001220703125, 51.36399841308594, 48.79499816894531, 50.85300064086914, 50.689998626708984, 50.5, 50.04999923706055, 50.380001068115234, 50.48500061035156, 51.84199905395508, 52.44300079345703, 51.422000885009766, 53.02899932861328]
assets:[0, 100.000569688797, 200.27009298706054, 293.2097581352234, 404.1814316696167, 521.2566425437927, 618.6474626403809, 722.6418730545045, 774.464128351593, 921.1208430130005, 1087.8363222408295, 1192.4763281707765, 1341.1209342498778, 1470.2742562976837, 1549.5893383789062, 1669.6976709205628, 1770.1498712745667, 1902.1596254173278, 2076.65413401413, 2163.0251640319825, 2239.0900823913576, 2235.333132350922, 2488.380289278412, 2648.621045150757, 2793.4338707771303, 2905.8586554767608, 3079.2816571922303, 3290.616756993866, 3332.0388959129336, 3452.900949676514, 3565.6439487907405, 3742.2926972106934, 3884.248618559265, 4009.136681892395, 4182.557746181488, 4404.437002835845, 4492.032116289139, 4557.104028021621, 4698.237415940856, 4839.901151138306, 4860.56489703064, 4717.461386975097, 5016.429845318985, 5100.351626821518, 5181.23435, 5235.0647551990505, 5369.58112184143, 5480.77283026123, 5728.089870070266, 5894.493647483063, 5879.735562794494, 6163.486351365662]
shares:[0, 2.9097, 5.8115, 8.8194, 11.7188, 14.5007, 17.2966, 20.0745, 23.0509, 25.8582, 28.4759, 31.0824, 33.5868, 36.0379, 38.524, 40.9782, 43.4318, 45.8418, 48.161, 50.4955, 52.8561, 55.3314, 57.6481, 59.91, 62.1343, 64.3487, 66.5086, 68.5931, 70.7154, 72.8245, 74.9258, 76.9829, 79.0172, 81.0385, 83.0235, 84.9523, 86.8865, 88.8359, 90.7679, 92.6829, 94.6298, 96.6792, 98.6457, 100.6185, 102.5987, 104.5967, 106.5816, 108.5624, 110.4913, 112.3981, 114.3428, 116.2286]
growth_rate:20.85
