ticker:JHMH
price:[39.43600082397461, 39.00400161743164, 39.66699981689453, 38.928001403808594, 39.47200012207031, 41.266998291015625, 41.2859992980957, 41.26599884033203, 38.928001403808594, 42.2400016784668, 42.8849983215332, 41.80699920654297, 42.172000885009766, 43.279998779296875, 42.974998474121094, 43.779998779296875, 42.85599899291992, 43.220001220703125, 45.029998779296875, 44.90999984741211, 45.25899887084961, 44.060001373291016, 44.76300048828125, 45.435001373291016, 44.303001403808594, 43.40700149536133, 43.01599884033203, 43.80400085449219, 43.94900131225586, 44.41999816894531, 44.415000915527344, 44.935001373291016, 46.375999450683594, 47.119998931884766, 46.349998474121094, 46.81999969482422, 46.34000015258789, 46.68000030517578, 46.75, 46.15999984741211, 47.45500183105469, 47.09000015258789, 47.970001220703125, 48.62900161743164, 48.810001373291016, 48.459999084472656, 49.54600143432617, 49.83300018310547, 49.9010009765625, 49.85300064086914, 50.63999938964844, 50.56399917602539]
assets:[0, 99.99845934677124, 201.69876066894534, 297.93935154418944, 402.10126524353024, 520.3851018493652, 620.623527248764, 720.3227693572999, 779.5098713104248, 945.8296695838928, 1060.2715445022584, 1133.617686985016, 1243.5131384960175, 1376.1827771850585, 1466.4831454307555, 1593.9509515563966, 1660.3099705841064, 1774.410116116333, 1948.7182271728518, 2043.5262500568388, 2159.4064059257507, 2202.198176639557, 2337.335880895996, 2472.422839229965, 2510.823871259308, 2560.0451120929715, 2636.9839673095703, 2785.290535533142, 2894.511990726089, 3025.5304732833865, 3125.1904754196166, 3261.777827685547, 3466.37871654129, 3621.9870938968656, 3662.7993594177246, 3799.939267231751, 3860.9839367134095, 3989.310170080567, 4095.29065, 4143.607778302765, 4359.857110725403, 4426.323453342819, 4609.039266287231, 4772.357823631668, 4890.12272658577, 4955.059136386872, 5166.102114355469, 5296.027010959625, 5403.255435241699, 5498.058116878509, 5684.851395481873, 5776.320025070953]
shares:[0, 2.5638, 5.0848, 7.6536, 10.187, 12.6102, 15.0323, 17.4556, 20.0244, 22.3918, 24.7236, 27.1155, 29.4867, 31.7972, 34.1241, 36.4082, 38.7416, 41.0553, 43.276, 45.5027, 47.7122, 49.9818, 52.2158, 54.4167, 56.6739, 58.9777, 61.3024, 63.5853, 65.8607, 68.1119, 70.3634, 72.5888, 74.7451, 76.8673, 79.0248, 81.1606, 83.3186, 85.4608, 87.5998, 89.7662, 91.8735, 93.9971, 96.0817, 98.1381, 100.1869, 102.2505, 104.2688, 106.2755, 108.2795, 110.2854, 112.2601, 114.2378]
growth_rate:13.26
