ticker:JHMI
price:[38.625999450683594, 38.529998779296875, 38.96500015258789, 37.98400115966797, 38.95000076293945, 40.54800033569336, 40.847999572753906, 40.67100143432617, 38.20199966430664, 41.22999954223633, 42.880001068115234, 43.374000549316406, 44.20500183105469, 44.26900100708008, 44.018001556396484, 44.558998107910156, 44.19300079345703, 44.375, 45.400001525878906, 44.94900131225586, 45.44300079345703, 43.332000732421875, 45.284000396728516, 46.13399887084961, 46.152000427246094, 45.92599868774414, 46.895999908447266, 48.654998779296875, 48.47600173950195, 49.44599914550781, 49.86000061035156, 50.5359992980957, 51.130001068115234, 51.625999450683594, 51.49100112915039, 53.220001220703125, 52.55699920654297, 51.540000915527344, 52.49599838256836, 52.61000061035156, 51.893001556396484, 50.060001373291016, 51.5, 52.11600112915039, 52.150001525878906, 51.29999923706055, 52.41999816894531, 52.720001220703125, 52.79199981689453, 53.5620002746582, 52.58700180053711, 53.76300048828125]
assets:[0, 100.00075883178711, 201.12953778762818, 296.066297039032, 403.59601290550233, 520.1538031063079, 624.0022110733032, 721.3002104377746, 777.5138385677337, 939.1410525730132, 1076.725402820587, 1189.1285868598939, 1311.911623841858, 1413.8102313629151, 1505.7942080421446, 1624.3002462280274, 1710.9585415191652, 1818.0038124999999, 1959.9952458747864, 2040.5228431716919, 2162.950508766174, 2162.4748301513673, 2359.889641074753, 2504.1857525089267, 2605.1650441169736, 2692.4070804691314, 2849.2743352375032, 3056.146976324463, 3144.904850851059, 3307.8335062362676, 3435.5285520553584, 3582.107863047409, 3724.212130799484, 3860.3392715248106, 3950.2454318252567, 4182.889859942627, 4230.780623427582, 4248.91128947525, 4427.722487579345, 4537.338980639648, 4575.499354630279, 4513.880287828827, 4743.7216499999995, 4900.462374573898, 5003.657056404114, 5022.100635310745, 5231.746465252686, 5361.687388146973, 5469.008337831116, 5648.777097766113, 5645.950861312866, 5872.209965332031]
shares:[0, 2.5954, 5.1618, 7.7945, 10.3619, 12.8281, 15.2762, 17.735, 20.3527, 22.7781, 25.1102, 27.4157, 29.6779, 31.9368, 34.2086, 36.4528, 38.7156, 40.9691, 43.1717, 45.3964, 47.597, 49.9048, 52.1131, 54.2807, 56.4475, 58.6249, 60.7573, 62.8126, 64.8755, 66.8979, 68.9035, 70.8823, 72.8381, 74.7751, 76.7172, 78.5962, 80.4989, 82.4391, 84.344, 86.2448, 88.1718, 90.1694, 92.1111, 94.0299, 95.9474, 97.8967, 99.8044, 101.7012, 103.5954, 105.4624, 107.364, 109.224]
growth_rate:15.14
