ticker:JHMT
price:[65.45500183105469, 63.016998291015625, 63.42499923706055, 64.41500091552734, 65.81800079345703, 69.8239974975586, 70.38999938964844, 68.82599639892578, 64.43000030517578, 71.38899993896484, 70.73600006103516, 71.91600036621094, 74.2020034790039, 76.58100128173828, 75.88099670410156, 78.45999908447266, 78.71499633789062, 78.7040023803711, 80.74299621582031, 80.61000061035156, 82.69999694824219, 79.44499969482422, 83.4000015258789, 86.87999725341797, 86.06500244140625, 82.08699798583984, 78.71099853515625, 80.8030014038086, 80.3010025024414, 81.4800033569336, 84.06800079345703, 86.49800109863281, 87.24600219726562, 86.48999786376953, 84.7750015258789, 83.55799865722656, 81.7249984741211, 82.62999725341797, 84.64600372314453, 85.5780029296875, 86.86399841308594, 86.33300018310547, 88.39199829101562, 90.24500274658203, 90.45899963378906, 87.78800201416016, 91.12999725341797, 91.7229995727539, 93.10700225830078, 92.43699645996094, 92.13999938964844, 95.2979965209961]
assets:[0, 100.00167458801269, 200.65132758636477, 303.78114431762697, 410.3949803474426, 535.3755008125305, 639.7183924530029, 725.5017106407165, 779.1648796905517, 963.3231651763916, 1054.5110681098938, 1172.1013571685792, 1309.3611331901552, 1451.3401619911192, 1538.077450793457, 1690.3500662757874, 1795.8432839508055, 1895.593767731476, 2044.7033389709472, 2141.33211721344, 2296.8518252426147, 2306.447231140137, 2521.2654461288453, 2726.4680738067627, 2800.890832952881, 2771.429434697723, 2757.450927282715, 2930.7410215164186, 3012.5322593803407, 3156.763474057007, 3357.028628084564, 3554.0644683410646, 3684.800004400635, 3752.870199307251, 3778.455728009033, 3824.2156361450197, 3840.3230582977294, 3982.8484976119994, 4180.022814257813, 4326.04506829834, 4491.051132353211, 4563.596922879028, 4772.434254129029, 4972.481602336121, 5084.275212117004, 5034.150302700806, 5325.791960485077, 5460.444438265228, 5642.833668166351, 5702.225706523132, 5783.904181686402, 6082.137323361969]
shares:[0, 1.5869, 3.1636, 4.716, 6.2353, 7.6675, 9.0882, 10.5411, 12.0932, 13.494, 14.9077, 16.2982, 17.6459, 18.9517, 20.2696, 21.5441, 22.8145, 24.0851, 25.3236, 26.5641, 27.7733, 29.032, 30.231, 31.382, 32.5439, 33.7621, 35.0326, 36.2702, 37.5155, 38.7428, 39.9323, 41.0884, 42.2346, 43.3908, 44.5704, 45.7672, 46.9908, 48.201, 49.3824, 50.5509, 51.7021, 52.8604, 53.9917, 55.0998, 56.2053, 57.3444, 58.4417, 59.5319, 60.6059, 61.6877, 62.773, 63.8223]
growth_rate:19.26
