ticker:JNUG
price:[145.97999572753906, 144.7899932861328, 156.63999938964844, 123.9800033569336, 129.3000030517578, 147.75, 138.97999572753906, 133.0, 117.55000305175781, 145.11000061035156, 121.01000213623047, 109.12000274658203, 99.55000305175781, 107.62000274658203, 104.69000244140625, 118.31999969482422, 116.83000183105469, 120.55999755859375, 117.30000305175781, 98.70999908447266, 102.26000213623047, 100.58000183105469, 101.16999816894531, 100.8499984741211, 89.87000274658203, 82.5, 81.61000061035156, 87.23999786376953, 92.12999725341797, 81.81999969482422, 84.13999938964844, 91.19999694824219, 97.1500015258789, 94.55999755859375, 86.19999694824219, 100.80999755859375, 98.83000183105469, 109.80000305175781, 113.0999984741211, 108.4000015258789, 106.55000305175781, 85.13999938964844, 84.37000274658203, 84.0, 81.13999938964844, 75.1500015258789, 70.58000183105469, 77.73999786376953, 70.4800033569336, 67.4800033569336, 57.88999938964844, 67.66000366210938]
assets:[0, 100.00644836273193, 208.19022318878174, 264.7840931694031, 376.14663887786867, 529.816725, 598.3644736053467, 672.6209, 694.4854180297853, 957.3051850265504, 898.3177508583069, 910.0499109062195, 930.2350485168457, 1105.6448602172852, 1175.5430994140625, 1428.5956763153076, 1510.600240675354, 1658.8332304077148, 1713.97591459198, 1542.3437356948853, 1697.8125894676211, 1769.9163502212525, 1880.295000968933, 1974.3505051277161, 1859.392382826233, 1806.90675, 1887.4108061157226, 2117.6200881462096, 2336.315387349701, 2174.865593888092, 2336.534127050781, 2632.5882319076536, 2904.33815561676, 2926.9061484313966, 2768.1405019989015, 3337.314969177246, 3371.7634064697263, 3846.019606895447, 4061.613215203095, 3992.8273362045293, 4024.6813002731324, 3315.964584228516, 3385.979135227203, 3471.132, 3452.945130026245, 3298.0404819648743, 3197.4787649520877, 3621.8443084747314, 3383.6040011596683, 3339.578618134308, 2964.969465739441, 3565.364190975952]
shares:[0, 0.6907, 1.3291, 2.1357, 2.9091, 3.5859, 4.3054, 5.0573, 5.908, 6.5971, 7.4235, 8.3399, 9.3444, 10.2736, 11.2288, 12.074, 12.9299, 13.7594, 14.6119, 15.625, 16.6029, 17.5971, 18.5855, 19.5771, 20.6898, 21.9019, 23.1272, 24.2735, 25.3589, 26.5811, 27.7696, 28.8661, 29.8954, 30.9529, 32.113, 33.105, 34.1168, 35.0275, 35.9117, 36.8342, 37.7727, 38.9472, 40.1325, 41.323, 42.5554, 43.8861, 45.3029, 46.5892, 48.008, 49.4899, 51.2173, 52.6953]
growth_rate:-30.09
