ticker:KARS
price:[29.309999465942383, 28.711000442504883, 29.268999099731445, 27.95199966430664, 29.3700008392334, 31.079999923706055, 31.25, 30.96500015258789, 29.465999603271484, 33.439998626708984, 34.43000030517578, 36.36000061035156, 38.68000030517578, 38.5099983215332, 37.369998931884766, 39.459999084472656, 39.77199935913086, 40.27000045776367, 44.400001525878906, 43.849998474121094, 45.70000076293945, 43.119998931884766, 46.0099983215332, 47.54999923706055, 46.869998931884766, 43.36000061035156, 41.790000915527344, 43.22999954223633, 43.13999938964844, 41.43000030517578, 43.220001220703125, 43.060001373291016, 43.029998779296875, 42.9900016784668, 41.880001068115234, 41.29999923706055, 39.869998931884766, 40.63999938964844, 42.79999923706055, 43.959999084472656, 44.56999969482422, 43.689998626708984, 45.18199920654297, 45.97999954223633, 47.029998779296875, 45.5, 46.939998626708984, 47.68000030517578, 49.11000061035156, 48.59000015258789, 46.33000183105469, 48.310001373291016]
assets:[0, 100.00041454124451, 201.94438618850708, 292.85869088287353, 407.71435165023803, 531.4524586954117, 634.359375, 728.5754885902405, 793.3042675189971, 1000.2940229206085, 1129.9065350151063, 1293.2452297088623, 1475.7619196434023, 1569.2747296028137, 1622.8183626163482, 1813.5776119224547, 1927.9158513343812, 2052.0545213264463, 2362.5107611915587, 2433.2451853286743, 2635.9029240051273, 2587.0921359157564, 2860.483004648209, 3056.2238959629058, 3112.5194540691377, 2979.4304099395754, 2971.549058100128, 3173.9422433910368, 3267.332959773254, 3237.8208118499756, 3477.710364224243, 3564.834169691467, 3662.3520441040037, 3758.9468697612765, 3761.8920359439853, 3809.7927696212764, 3777.881748790741, 3950.8419246643066, 4260.825524047852, 4476.3060347747805, 4638.422153240203, 4646.842039937591, 4905.5316452522275, 5092.174597303772, 5308.459379214478, 5235.76235, 5501.466413047409, 5688.195428407288, 5958.791390057373, 5995.69504282837, 5816.824389892578, 6165.418995262146]
shares:[0, 3.483, 6.8996, 10.4772, 13.882, 17.0995, 20.2995, 23.529, 26.9227, 29.9131, 32.8175, 35.5678, 38.1531, 40.7498, 43.4257, 45.9599, 48.4742, 50.9574, 53.2097, 55.4902, 57.6784, 59.9975, 62.1709, 64.2739, 66.4075, 68.7138, 71.1067, 73.4199, 75.7379, 78.1516, 80.4653, 82.7876, 85.1116, 87.4377, 89.8255, 92.2468, 94.755, 97.2156, 99.552, 101.8268, 104.0705, 106.3594, 108.5727, 110.7476, 112.8739, 115.0717, 117.2021, 119.2994, 121.3356, 123.3936, 125.552, 127.622]
growth_rate:20.89
