ticker:KBE
price:[32.880001068115234, 31.020000457763672, 31.040000915527344, 28.59000015258789, 30.549999237060547, 32.75, 32.5, 34.59000015258789, 33.150001525878906, 33.66999816894531, 37.93000030517578, 38.4900016784668, 39.959999084472656, 41.13999938964844, 40.84000015258789, 40.849998474121094, 41.459999084472656, 41.81999969482422, 45.220001220703125, 46.040000915527344, 45.439998626708984, 42.72999954223633, 46.040000915527344, 47.470001220703125, 49.38999938964844, 49.72999954223633, 52.20000076293945, 55.060001373291016, 53.90999984741211, 52.56999969482422, 52.27000045776367, 52.630001068115234, 52.83000183105469, 53.029998779296875, 53.630001068115234, 54.93000030517578, 55.150001525878906, 54.7400016784668, 54.97999954223633, 55.04999923706055, 53.650001525878906, 49.93000030517578, 52.86000061035156, 51.310001373291016, 50.70000076293945, 48.900001525878906, 48.79999923706055, 49.459999084472656, 51.83000183105469, 52.29999923706055, 50.939998626708984, 52.849998474121094]
assets:[0, 99.99917547569275, 200.06211790084836, 284.2703715171814, 403.7579549167633, 532.832675, 628.7645, 769.1985873931885, 837.1767685348511, 950.3087623199463, 1170.5425674179078, 1287.825419159317, 1437.009519076538, 1579.442742567444, 1667.9260262317657, 1768.335158946991, 1894.7426881599426, 2011.194879323578, 2274.7062434051513, 2415.953652042389, 2484.468276914215, 2436.2979269001007, 2725.020178188324, 2909.659483822632, 3127.3451273529054, 3248.8757890941615, 3510.241251304626, 3802.564826842499, 3823.1408501789097, 3828.110578777313, 3906.262582209778, 4033.1685568523403, 4148.497025784302, 4264.200534841919, 4412.445878879928, 4619.404291664123, 4737.903541087341, 4802.679735262298, 4923.733859004975, 5030.0010052890775, 5002.0793522659305, 4755.243355064393, 5134.291859283447, 5083.7384950641635, 5123.300987096023, 5041.40922731247, 5131.100319780349, 5300.4945598854065, 5654.482160762024, 5805.754925307084, 5754.783336856842, 6070.556939731598]
shares:[0, 3.2237, 6.4453, 9.943, 13.2163, 16.2697, 19.3466, 22.2376, 25.2542, 28.2242, 30.8606, 33.4587, 35.9612, 38.3919, 40.8405, 43.2885, 45.7005, 48.0917, 50.3031, 52.4751, 54.6758, 57.0161, 59.1881, 61.2947, 63.3194, 65.3303, 67.246, 69.0622, 70.9171, 72.8193, 74.7324, 76.6325, 78.5254, 80.4111, 82.2757, 84.0962, 85.9094, 87.7362, 89.555, 91.3715, 93.2354, 95.2382, 97.13, 99.0789, 101.0513, 103.0963, 105.1455, 107.1673, 109.0967, 111.0087, 112.9718, 114.8639]
growth_rate:19.03
