ticker:KBWB
price:[40.88999938964844, 39.459999084472656, 39.45000076293945, 36.5, 38.439998626708984, 40.88999938964844, 40.189998626708984, 41.63999938964844, 39.709999084472656, 40.5099983215332, 45.11000061035156, 45.560001373291016, 48.0, 49.36000061035156, 48.70000076293945, 48.349998474121094, 49.47999954223633, 50.380001068115234, 54.689998626708984, 55.02000045776367, 53.40999984741211, 50.29999923706055, 54.810001373291016, 55.91999816894531, 58.72999954223633, 58.5, 61.09000015258789, 63.72999954223633, 62.599998474121094, 62.58000183105469, 62.43000030517578, 63.43000030517578, 63.369998931884766, 63.34000015258789, 65.63999938964844, 68.37000274658203, 69.0, 68.26000213623047, 69.01000213623047, 69.12999725341797, 66.7300033569336, 61.58000183105469, 65.41999816894531, 64.7300033569336, 64.05000305175781, 62.45000076293945, 62.279998779296875, 62.900001525878906, 65.66000366210938, 66.97000122070312, 64.47000122070312, 67.91000366210938]
assets:[0, 99.99952967987059, 199.97599886741637, 285.02119999999996, 400.17191770362854, 525.6777431533814, 616.6793579280853, 738.9267731689453, 804.6794504478454, 920.8894858444213, 1125.4584272277832, 1236.6852332767487, 1402.9152, 1542.6629070755005, 1622.0363154109955, 1710.3811960220337, 1850.3540628814699, 1984.009784063339, 2253.7420294075014, 2367.3400576961517, 2398.0662651489256, 2358.431154227829, 2669.8938248954773, 2823.9654995315555, 3065.8704201034548, 3153.8637, 3393.4945274761203, 3640.142859853363, 3675.596470407105, 3774.4251984375, 3865.3784408950805, 4027.29123637619, 4123.479493497849, 4221.528668169785, 4474.823166390992, 4760.93146725769, 4904.802900000001, 4952.201720981598, 5106.615940077209, 5215.498816784668, 5134.433340293884, 4838.174477861023, 5239.873631340027, 5284.609258062744, 5329.094758912659, 5295.972394699859, 5381.558642520141, 5535.130944275666, 5878.008281838989, 6095.2813581024175, 5967.7430269958495, 6386.168461380005]
shares:[0, 2.5342, 5.0691, 7.8088, 10.4103, 12.8559, 15.3441, 17.7456, 20.2639, 22.7324, 24.9492, 27.1441, 29.2274, 31.2533, 33.3067, 35.375, 37.396, 39.3809, 41.2094, 43.0269, 44.8992, 46.8873, 48.7118, 50.5001, 52.2028, 53.9122, 55.5491, 57.1182, 58.7156, 60.3136, 61.9154, 63.4919, 65.0699, 66.6487, 68.1722, 69.6348, 71.0841, 72.5491, 73.9982, 75.4448, 76.9434, 78.5673, 80.0959, 81.6408, 83.2021, 84.8034, 86.4091, 87.9989, 89.5219, 91.0151, 92.5662, 94.0387]
growth_rate:25.22
