ticker:KBWD
price:[13.779999732971191, 13.600000381469727, 13.880000114440918, 13.180000305175781, 13.819999694824219, 14.140000343322754, 14.0600004196167, 14.0600004196167, 13.270000457763672, 13.850000381469727, 15.119999885559082, 15.600000381469727, 16.15999984741211, 16.780000686645508, 16.520000457763672, 16.530000686645508, 16.440000534057617, 16.559999465942383, 17.0, 17.299999237060547, 17.299999237060547, 16.700000762939453, 17.729999542236328, 18.139999389648438, 18.3700008392334, 18.459999084472656, 18.809999465942383, 19.799999237060547, 19.81999969482422, 19.690000534057617, 19.8700008392334, 20.110000610351562, 20.209999084472656, 20.1200008392334, 20.299999237060547, 20.719999313354492, 20.610000610351562, 20.760000228881836, 20.8799991607666, 21.299999237060547, 21.469999313354492, 20.31999969482422, 20.84000015258789, 20.760000228881836, 20.649999618530273, 20.190000534057617, 20.1200008392334, 20.309999465942383, 20.450000762939453, 20.780000686645508, 20.399999618530273, 20.850000381469727]
assets:[0, 99.99944280490875, 202.05810166597365, 291.8684707580566, 406.0412650337219, 515.4426045150757, 612.5267302806853, 712.5270772651672, 772.4918446479797, 906.2553849609375, 1089.3566797548294, 1223.9401499292374, 1367.8761150840758, 1520.3569962137221, 1596.8001162467958, 1697.7666165241242, 1788.5224541006087, 1901.5764586744308, 2052.1023, 2188.31496349411, 2288.3141490840912, 2308.95045548439, 2551.3593451274874, 2710.358984805298, 2844.72505696125, 2958.6615852645878, 3114.757216565132, 3378.6916698112486, 3482.1043943847653, 3559.2649155389786, 3691.802441927719, 3836.3948714370727, 3955.4707058143617, 4037.85681242466, 4173.980283128357, 4360.339447501564, 4437.19092240448, 4569.485726379204, 4695.899283256913, 4890.356284833527, 5029.388132151986, 4859.999351010132, 5084.370265227127, 5164.8534689432145, 5237.486248247337, 5220.815136098862, 5302.714749183655, 5452.790067617226, 5590.377853563309, 5780.588903011322, 5774.880852012634, 6002.268919816971]
shares:[0, 7.3529, 14.5575, 22.1448, 29.3807, 36.4528, 43.5652, 50.6776, 58.2134, 65.4336, 72.0474, 78.4577, 84.6458, 90.6053, 96.6586, 102.7082, 108.7909, 114.8295, 120.7119, 126.4922, 132.2725, 138.2605, 143.9007, 149.4134, 154.8571, 160.2742, 165.5905, 170.641, 175.6864, 180.7651, 185.7978, 190.7705, 195.7185, 200.6887, 205.6148, 210.4411, 215.2931, 220.1101, 224.8994, 229.5942, 234.2519, 239.1732, 243.9717, 248.7887, 253.6313, 258.5842, 263.5544, 268.4781, 273.3681, 278.1804, 283.0824, 287.8786]
growth_rate:17.69
