ticker:KBWR
price:[36.65999984741211, 33.9900016784668, 33.880001068115234, 31.209999084472656, 33.189998626708984, 35.630001068115234, 35.279998779296875, 38.04999923706055, 36.63999938964844, 36.70000076293945, 42.540000915527344, 43.22999954223633, 44.779998779296875, 45.900001525878906, 46.09000015258789, 46.41999816894531, 47.11000061035156, 47.29999923706055, 51.619998931884766, 53.130001068115234, 53.279998779296875, 50.20000076293945, 53.25, 55.61000061035156, 57.369998931884766, 58.52000045776367, 61.970001220703125, 66.19000244140625, 64.69999694824219, 63.0099983215332, 61.369998931884766, 61.18000030517578, 62.369998931884766, 62.90999984741211, 62.5, 64.7699966430664, 65.43000030517578, 64.81999969482422, 64.20999908447266, 64.27999877929688, 62.869998931884766, 58.5099983215332, 62.09000015258789, 59.7400016784668, 59.16999816894531, 56.9900016784668, 56.65999984741211, 57.130001068115234, 59.68000030517578, 59.88999938964844, 58.83000183105469, 60.52000045776367]
assets:[0, 99.99858493804932, 199.67517429504394, 283.93920867080686, 401.9541163684845, 531.5034149333953, 626.2834823303223, 775.4551794513702, 846.7210738952638, 948.1078197097778, 1198.9771638038635, 1318.4242030391695, 1465.694140045166, 1602.3506932678222, 1708.9849426578523, 1821.218998161316, 1948.2906072418214, 2056.1498868347167, 2343.940263499451, 2512.5071245109557, 2619.601715982056, 2568.1667790309907, 2824.19895, 3049.363261468506, 3245.874062568283, 3410.937710681534, 3712.0278611206054, 4064.8074779296876, 4073.3047678710936, 4066.904729665375, 4061.05535031929, 4148.481224693298, 4329.170232860947, 4466.654026166153, 4537.54375, 4802.345493101501, 4951.284413093567, 5005.121650435638, 5058.020678881073, 5163.535165942383, 5150.272590500641, 4893.10339463234, 5292.495732006454, 5192.182765880584, 5242.639347763061, 5149.485474662399, 5219.666501943208, 5362.964590267182, 5702.340477159119, 5822.403927662659, 5819.35200412445, 6086.520654037476]
shares:[0, 2.942, 5.8936, 9.0977, 12.1107, 14.9173, 17.7518, 20.3799, 23.1092, 25.834, 28.1847, 30.4979, 32.731, 34.9096, 37.0793, 39.2335, 41.3562, 43.4704, 45.4076, 47.2898, 49.1667, 51.1587, 53.0366, 54.8348, 56.5779, 58.2867, 59.9004, 61.4112, 62.9568, 64.5438, 66.1733, 67.8078, 69.4111, 71.0007, 72.6007, 74.1446, 75.673, 77.2157, 78.7731, 80.3288, 81.9194, 83.6285, 85.2391, 86.913, 88.603, 90.3577, 92.1226, 93.873, 95.5486, 97.2183, 98.9181, 100.5704]
growth_rate:19.34
