ticker:KCE
price:[59.650001525878906, 57.5, 58.380001068115234, 56.209999084472656, 59.18000030517578, 63.18000030517578, 64.4800033569336, 63.93000030517578, 60.439998626708984, 64.06999969482422, 67.16999816894531, 67.72000122070312, 70.22000122070312, 73.44000244140625, 73.47000122070312, 74.94000244140625, 74.7300033569336, 75.30999755859375, 78.37000274658203, 78.52999877929688, 77.94000244140625, 74.5199966430664, 79.30000305175781, 81.77999877929688, 81.88999938964844, 80.62999725341797, 82.11000061035156, 85.95999908447266, 85.20999908447266, 84.31999969482422, 86.2300033569336, 87.4000015258789, 88.7300033569336, 89.33000183105469, 89.70999908447266, 92.41999816894531, 91.79000091552734, 91.29000091552734, 92.75, 93.19999694824219, 93.08999633789062, 90.26000213623047, 94.58000183105469, 94.68000030517578, 94.27999877929688, 92.08000183105469, 93.80999755859375, 95.30000305175781, 98.13999938964844, 98.55000305175781, 96.37000274658203, 100.36000061035156]
assets:[0, 99.99825, 201.52776368713378, 294.03450521087643, 409.57294611206055, 537.2574505950928, 648.3141937522889, 742.7834945457458, 802.2321897720336, 950.4143754730225, 1096.4024461120607, 1205.3821617279052, 1349.8812154663087, 1511.78448225708, 1612.4020347900391, 1744.6632088378906, 1839.777952644348, 1954.0534446533202, 2133.450910769653, 2237.8065512146, 2320.990920703125, 2319.144267528534, 2567.900628822327, 2748.2086809783937, 2851.909307743835, 2908.0256699409483, 3061.40568475647, 3304.947064800262, 3376.1138947257996, 3440.8546595466614, 3618.7973048797608, 3767.9014657821654, 3925.2378885040284, 4051.77662505188, 4169.012048453522, 4394.949834925842, 4464.986909534455, 4540.664226537323, 4713.286025, 4836.157161643981, 4930.44649303894, 4880.556887510681, 5214.148210945129, 5319.662093146515, 5397.190522119141, 5371.247498809815, 5572.163758984375, 5760.66599447174, 6032.341900483704, 6157.542160678101, 6121.335841460419, 6474.7756193771365]
shares:[0, 1.7391, 3.452, 5.231, 6.9208, 8.5036, 10.0545, 11.6187, 13.2732, 14.834, 16.3228, 17.7995, 19.2236, 20.5853, 21.9464, 23.2808, 24.619, 25.9468, 27.2228, 28.4962, 29.7792, 31.1211, 32.3821, 33.6049, 34.8261, 36.0663, 37.2842, 38.4475, 39.6211, 40.8071, 41.9668, 43.111, 44.238, 45.3574, 46.4721, 47.5541, 48.6435, 49.7389, 50.8171, 51.8901, 52.9643, 54.0722, 55.1295, 56.1857, 57.2464, 58.3324, 59.3984, 60.4477, 61.4667, 62.4814, 63.5191, 64.5155]
growth_rate:26.96
