ticker:KEJI
price:[22.549999237060547, 21.389999389648438, 20.790000915527344, 20.31100082397461, 19.968000411987305, 20.551000595092773, 20.1299991607666, 20.051000595092773, 21.264999389648438, 20.84600067138672, 19.891000747680664, 19.704999923706055, 20.242000579833984, 21.010000228881836, 21.260000228881836, 21.510000228881836, 21.309999465942383, 22.187999725341797, 21.899999618530273, 21.639999389648438, 21.6299991607666, 20.625, 20.079999923706055, 20.235000610351562, 19.68000030517578, 18.350000381469727, 18.954999923706055, 19.170000076293945]
assets:[0, 100.0003861465454, 197.19523768386838, 292.65105537223815, 387.7086799993515, 499.02761685028076, 588.8044884523391, 686.4941277744293, 828.0590762329101, 911.743615964508, 969.9747059602737, 1060.9053728923798, 1189.8166972824097, 1334.9586065429687, 1450.8440696195603, 1567.904785683632, 1653.3256535654068, 1821.4439606529234, 1897.801406942749, 1975.2710122879027, 2074.3580165159224, 2077.977, 2123.068431933403, 2239.456081549072, 2278.0328513252257, 2224.0806012353896, 2397.409435350418, 2524.6027450475694]
shares:[0, 4.6751, 9.4851, 14.4085, 19.4165, 24.2824, 29.2501, 34.2374, 38.94, 43.7371, 48.7645, 53.8394, 58.7796, 63.5392, 68.2429, 72.8919, 77.5845, 82.0914, 86.6576, 91.2787, 95.9019, 100.7504, 105.7305, 110.6724, 115.7537, 121.2033, 126.479, 131.6955]
growth_rate:-6.5
