ticker:KEMQ
price:[29.035999298095703, 28.030000686645508, 28.535999298095703, 27.80900001525879, 28.25, 29.351999282836914, 29.0, 29.260000228881836, 28.113000869750977, 30.631999969482422, 30.409000396728516, 30.834999084472656, 31.489999771118164, 32.06999969482422, 31.847999572753906, 32.8129997253418, 32.198001861572266, 32.599998474121094, 34.11000061035156, 33.880001068115234, 36.05799865722656, 34.229000091552734, 37.18000030517578, 38.959999084472656, 38.79999923706055, 35.5099983215332, 34.27000045776367, 33.86000061035156, 33.5, 31.950000762939453, 32.91999816894531, 33.13999938964844, 33.47999954223633, 33.81999969482422, 33.09000015258789, 32.696998596191406, 30.549999237060547, 31.239999771118164, 32.06999969482422, 32.540000915527344, 32.56999969482422, 32.41999816894531, 33.400001525878906, 33.220001220703125, 31.969999313354492, 31.70800018310547, 30.280000686645508, 29.15999984741211, 29.361000061035156, 29.020000457763672, 27.18000030517578, 28.981000900268555]
assets:[0, 99.99983044967652, 201.803733436203, 296.66363126277923, 401.367525, 517.0237265674591, 610.8240999999999, 716.2994356031418, 788.22107318573, 958.8489894447326, 1051.868610023117, 1166.6051883621215, 1291.3859966136931, 1415.1721185333251, 1505.3753198051452, 1650.989362480545, 1720.0462376468658, 1841.521753805542, 2026.819647267151, 2113.153262620163, 2348.9983225250244, 2329.8482347316744, 2630.7118195930484, 2856.6562208709715, 2944.923822092819, 2795.212129877472, 2797.6040713691714, 2864.132801628113, 2933.6821, 2897.9449442005157, 3085.9272123565675, 3206.5501189437864, 3339.4491623405456, 3473.3613166580203, 3498.3906311321257, 3556.8416315910335, 3423.286274508667, 3600.6036616199494, 3796.266971875, 3951.9017611885074, 4055.5447080001827, 4136.86633235321, 4361.9166192741395, 4438.408093093873, 4371.398674111938, 4435.575071214294, 4335.814494321251, 4275.442093627548, 4404.913395156861, 4453.75460825386, 4271.36694595871, 4654.39511418457]
shares:[0, 3.5676, 7.0719, 10.6679, 14.2077, 17.6146, 21.0629, 24.4805, 28.0376, 31.3022, 34.5907, 37.8338, 41.0094, 44.1276, 47.2675, 50.3151, 53.4209, 56.4884, 59.4201, 62.3717, 65.145, 68.0665, 70.7561, 73.3228, 75.9001, 78.7162, 81.6342, 84.5875, 87.5726, 90.7025, 93.7402, 96.7577, 99.7446, 102.7014, 105.7235, 108.7819, 112.0552, 115.2562, 118.3744, 121.4475, 124.5178, 127.6023, 130.5963, 133.6065, 136.7344, 139.8882, 143.1907, 146.6201, 150.026, 153.4719, 157.1511, 160.6016]
growth_rate:-8.74
