ticker:KIE
price:[29.809999465942383, 29.010000228881836, 28.59000015258789, 27.280000686645508, 28.799999237060547, 29.799999237060547, 29.610000610351562, 30.329999923706055, 28.420000076293945, 29.700000762939453, 32.18000030517578, 32.65999984741211, 33.38999938964844, 33.9900016784668, 33.349998474121094, 33.47999954223633, 33.34000015258789, 33.58000183105469, 34.209999084472656, 34.27000045776367, 33.88999938964844, 32.20000076293945, 34.08000183105469, 34.72999954223633, 34.83000183105469, 34.9900016784668, 35.939998626708984, 37.5099983215332, 36.90999984741211, 36.849998474121094, 37.119998931884766, 37.650001525878906, 38.5, 38.83000183105469, 39.2599983215332, 40.33000183105469, 39.81999969482422, 39.4900016784668, 39.790000915527344, 39.900001525878906, 39.45000076293945, 37.290000915527344, 39.06999969482422, 38.81999969482422, 38.16999816894531, 37.810001373291016, 37.84000015258789, 38.09000015258789, 38.93000030517578, 39.52000045776367, 39.22999954223633, 39.84000015258789]
assets:[0, 100.00037178897857, 198.55183305969237, 289.4544472856522, 405.5817492557526, 519.6643066955567, 616.3499287048339, 731.338189160347, 785.2815481081009, 920.649533649826, 1097.5246544082643, 1213.8938103286744, 1341.0258504867554, 1465.122027349472, 1537.534979652405, 1643.5298295284272, 1736.6572699481965, 1849.160034831238, 1983.8515309082031, 2087.330895881653, 2164.1848600234985, 2156.2633910900113, 2382.1580479888917, 2527.5937986846925, 2634.872223518372, 2746.9775567722318, 2921.5588943653106, 3149.1856680828096, 3198.8125187759397, 3293.612328618622, 3417.745949655533, 3566.54322954483, 3747.06255, 3879.179310925293, 4022.1357900432586, 4231.754498129272, 4278.240857212067, 4342.7865665840145, 4475.778252983093, 4588.153045462799, 4636.408679665375, 4482.552701053619, 4796.522280534363, 4865.83074974823, 4884.3589266922, 4938.29244036293, 5042.210292332458, 5175.524478733063, 5389.6599992500305, 5571.343920533371, 5630.462146299744, 5818.010518283081]
shares:[0, 3.4471, 6.9448, 10.6105, 14.0827, 17.4384, 20.8156, 24.1127, 27.6313, 30.9983, 34.1058, 37.1676, 40.1625, 43.1045, 46.103, 49.0899, 52.0893, 55.0673, 57.9904, 60.9084, 63.8591, 66.9647, 69.899, 72.7784, 75.6495, 78.5075, 81.2899, 83.9559, 86.6652, 89.3789, 92.0729, 94.7289, 97.3263, 99.9016, 102.4487, 104.9282, 107.4395, 109.9718, 112.485, 114.9913, 117.5262, 120.2079, 122.7674, 125.3434, 127.9633, 130.6081, 133.2508, 135.8762, 138.4449, 140.9753, 143.5244, 146.0344]
growth_rate:14.08
