ticker:KMED
price:[31.420000076293945, 30.56999969482422, 30.90999984741211, 30.040000915527344, 30.719999313354492, 31.889999389648438, 31.6299991607666, 30.600000381469727, 30.639999389648438, 32.4900016784668, 31.75, 31.84000015258789, 32.08000183105469, 34.33000183105469, 34.04999923706055, 35.349998474121094, 34.95000076293945, 36.15999984741211, 37.25, 36.25, 37.08000183105469, 35.97999954223633, 38.2400016784668, 39.4900016784668, 38.040000915527344, 34.13999938964844, 33.470001220703125, 33.0, 33.09000015258789, 33.58000183105469, 34.20000076293945, 34.279998779296875, 34.720001220703125, 35.970001220703125, 35.79999923706055, 35.08000183105469, 35.9900016784668, 35.95000076293945, 36.40999984741211, 36.459999084472656, 36.459999084472656, 35.5, 36.45000076293945, 36.31999969482422, 35.13999938964844, 35.0099983215332, 34.220001220703125, 32.970001220703125, 33.11000061035156, 32.900001525878906, 31.0, 31.950000762939453]
assets:[0, 100.00058300170897, 201.11282300720217, 295.4524210044861, 402.14015101146697, 517.4566970962524, 613.2392607290268, 693.2705486425399, 794.1765281799317, 942.1288236713409, 1020.670425, 1123.5635573844909, 1232.0324703216554, 1418.4435826553345, 1506.8759062362672, 1664.4087231559754, 1745.5742931049347, 1906.0080559570313, 2063.46375, 2108.0679999999998, 2256.336651420593, 2289.400174872589, 2533.205087189865, 2716.0117434402464, 2716.284305374146, 2537.8002686294553, 2587.9975573883057, 2651.6556, 2758.888689722061, 2899.7439721176147, 3053.283728113174, 3160.427347457886, 3300.9937000579835, 3519.83727545166, 3603.2019032115936, 3630.7345855117796, 3824.916606382751, 3920.6639432052616, 4070.8309559398654, 4176.419975128174, 4276.418814617157, 4263.8198, 4477.922688727951, 4561.951769668579, 4513.73994960022, 4597.040344606399, 4593.309699853516, 4525.52501055603, 4644.740416621399, 4715.280858691406, 4542.9694, 4782.189849194718]
shares:[0, 3.2712, 6.5064, 9.8353, 13.0905, 16.2263, 19.3879, 22.6559, 25.9196, 28.9975, 32.1471, 35.2878, 38.405, 41.3179, 44.2548, 47.0837, 49.9449, 52.7104, 55.395, 58.1536, 60.8505, 63.6298, 66.2449, 68.7772, 71.406, 74.3351, 77.3229, 80.3532, 83.3753, 86.3533, 89.2773, 92.1945, 95.0747, 97.8548, 100.6481, 103.4987, 106.2772, 109.0588, 111.8053, 114.548, 117.2907, 120.1076, 122.8511, 125.6044, 128.4502, 131.3065, 134.2288, 137.2619, 140.2821, 143.3216, 146.5474, 149.6773]
growth_rate:-6.23
