ticker:KOIN
price:[33.61600112915039, 33.130001068115234, 33.229000091552734, 33.02299880981445, 33.61000061035156, 35.15999984741211, 35.0099983215332, 34.29999923706055, 31.552000045776367, 34.470001220703125, 34.599998474121094, 35.012001037597656, 36.04999923706055, 36.880001068115234, 36.29199981689453, 37.33000183105469, 37.0, 37.48400115966797, 38.849998474121094, 38.290000915527344, 38.959999084472656, 37.61000061035156, 39.84000015258789, 41.790000915527344, 41.68000030517578, 39.54999923706055, 39.099998474121094, 39.99599838256836, 39.555999755859375, 39.45000076293945, 40.40999984741211, 41.619998931884766, 42.02000045776367, 41.736000061035156, 41.26599884033203, 40.900001525878906, 40.183998107910156, 40.40999984741211, 41.27000045776367, 41.939998626708984, 42.349998474121094, 42.058998107910156, 42.819000244140625, 43.34000015258789, 43.46099853515625, 42.81999969482422, 43.56999969482422, 43.119998931884766, 43.77000045776367, 43.33300018310547, 42.709999084472656, 43.814998626708984]
assets:[0, 99.99959522399902, 200.2977667518616, 299.05627722167964, 404.3720003433227, 523.0190617301942, 620.7867872379303, 708.1989442474365, 751.4613642902375, 920.95915161438, 1024.4332948219298, 1136.6331028846741, 1270.3298731155396, 1399.5776005344392, 1477.2622233467102, 1619.5136004379272, 1705.1968, 1827.502489338684, 1994.1004916793825, 2065.3549913833617, 2201.4931882667543, 2225.2107301116944, 2457.1479454109194, 2677.4143156562805, 2770.3654202842713, 2728.787792360306, 2797.737830818176, 2961.8516654232026, 3029.2696621032715, 3121.1538753612517, 3297.1044205501557, 3495.830190284729, 3629.427115538788, 3704.8963782180786, 3763.174358846283, 3829.7984328804014, 3862.7551309196474, 3984.478517954635, 4169.2770342453005, 4336.964929989624, 4479.363573607636, 4548.583909674835, 4730.775885873413, 4888.33595321045, 5001.982820709229, 5028.211258164215, 5216.283146463776, 5262.407789646149, 5441.735945911789, 5487.405145387268, 5508.513589920043, 5751.029656245804]
shares:[0, 3.0184, 6.0278, 9.056, 12.0313, 14.8754, 17.7317, 20.6472, 23.8166, 26.7177, 29.6079, 32.4641, 35.238, 37.9495, 40.7049, 43.3837, 46.0864, 48.7542, 51.3282, 53.9398, 56.5065, 59.1654, 61.6754, 64.0683, 66.4675, 68.9959, 71.5534, 74.0537, 76.5818, 79.1167, 81.5913, 83.994, 86.3738, 88.7698, 91.1931, 93.6381, 96.1267, 98.6013, 101.0244, 103.4088, 105.7701, 108.1477, 110.4831, 112.7904, 115.0913, 117.4267, 119.7219, 122.041, 124.3257, 126.6334, 128.9748, 131.2571]
growth_rate:12.77
