ticker:KRBN
price:[21.111000061035156, 21.44499969482422, 21.600000381469727, 20.399999618530273, 20.774999618530273, 20.450000762939453, 19.850000381469727, 20.264999389648438, 19.329999923706055, 20.40999984741211, 20.700000762939453, 20.854999542236328, 22.082000732421875, 23.299999237060547, 23.552000045776367, 24.045000076293945, 24.586999893188477, 24.6299991607666, 26.15999984741211, 24.0, 25.785999298095703, 25.0, 27.621000289916992, 28.655000686645508, 27.190000534057617, 27.200000762939453, 27.799999237060547, 29.56999969482422, 28.950000762939453, 28.43000030517578, 28.700000762939453, 29.299999237060547, 29.889999389648438, 31.56999969482422, 32.38999938964844, 33.93000030517578, 36.939998626708984, 34.150001525878906, 34.400001525878906, 33.650001525878906, 34.900001525878906, 34.31999969482422, 36.220001220703125, 37.63999938964844, 36.130001068115234, 35.619998931884766, 34.31999969482422, 35.47999954223633, 37.25, 36.65999984741211, 35.77000045776367, 39.369998931884766]
assets:[0, 100.00017807693482, 200.72232354488372, 289.57187458515165, 394.89534774894713, 488.71820823287965, 574.379611038208, 686.3876883270265, 754.7185840211869, 896.8868282947541, 1009.630117211914, 1117.1898124778747, 1282.920078552246, 1453.6822924003602, 1569.4040094503403, 1702.2561624011994, 1840.6270686038972, 1943.8463307661054, 2164.5961073741914, 2085.8687999999997, 2341.0928260746, 2369.7325, 2718.174352230644, 2919.930242468834, 2870.646843384361, 2971.7034433540343, 3137.254933901596, 3437.000903528595, 3464.935846313858, 3502.6982865989685, 3635.962916655731, 3811.9767807403564, 3988.736726550293, 4312.929194308472, 4524.954172732544, 4840.094185533143, 5369.468910383225, 5063.926146264648, 5200.998150700379, 5187.605375234985, 5480.308849607086, 5489.233415189362, 5893.124590612792, 6224.161591072082, 6074.4684325801845, 6088.722327421188, 5966.507922945404, 6268.1734631279, 6680.876899999999, 6675.060104216766, 6613.007450629425, 7378.5598458183285]
shares:[0, 4.6631, 9.2927, 14.1947, 19.0082, 23.8982, 28.936, 33.8706, 39.0439, 43.9435, 48.7744, 53.5694, 58.098, 62.3898, 66.6357, 70.7946, 74.8618, 78.9219, 82.7445, 86.9112, 90.7893, 94.7893, 98.4097, 101.8995, 105.5773, 109.2538, 112.8509, 116.2327, 119.6869, 123.2043, 126.6886, 130.1016, 133.4472, 136.6148, 139.7022, 142.6494, 145.3565, 148.2848, 151.1918, 154.1636, 157.0289, 159.9427, 162.7036, 165.3603, 168.1281, 170.9355, 173.8493, 176.6678, 179.3524, 182.0802, 184.8758, 187.4158]
growth_rate:44.68
