ticker:KRE
price:[39.83000183105469, 37.47999954223633, 37.599998474121094, 34.54999923706055, 36.939998626708984, 39.65999984741211, 39.40999984741211, 42.59000015258789, 41.150001525878906, 41.36000061035156, 47.16999816894531, 47.66999816894531, 49.43000030517578, 50.90999984741211, 50.7400016784668, 50.58000183105469, 51.45000076293945, 51.95000076293945, 57.029998779296875, 58.38999938964844, 57.959999084472656, 54.369998931884766, 58.95000076293945, 61.08000183105469, 63.810001373291016, 64.26000213623047, 67.30000305175781, 71.0999984741211, 69.55000305175781, 67.54000091552734, 66.81999969482422, 67.41999816894531, 67.66999816894531, 67.8499984741211, 68.38999938964844, 70.80000305175781, 71.19999694824219, 70.52999877929688, 70.69000244140625, 70.72000122070312, 68.5999984741211, 63.65999984741211, 67.63999938964844, 65.33000183105469, 64.79000091552734, 62.0099983215332, 61.959999084472656, 62.56999969482422, 65.68000030517578, 65.9000015258789, 64.37999725341797, 66.88999938964844]
assets:[0, 100.00038677864075, 200.32151187057497, 284.0735487270355, 403.7246329910278, 533.4507939476013, 630.0870775604247, 780.9302427978515, 854.525046686554, 958.8861181503296, 1193.5849166671753, 1306.2389888259888, 1454.4678729797363, 1598.0190762104035, 1692.6813819934846, 1787.3455247039797, 1918.0868984428405, 2036.7257549114227, 2335.891720001221, 2491.5946979553223, 2573.244283353424, 2513.8567076145173, 2825.620911569595, 3027.7173667648312, 3263.045659225845, 3386.058718564606, 3646.2468653411865, 3952.128965183258, 3965.970689021301, 3951.3534595619203, 4009.233391689301, 4145.230941419983, 4260.60458971405, 4371.935006679535, 4506.729984779357, 4765.541125413513, 4892.465070300293, 4946.423980389404, 5057.643466674805, 5159.787865063477, 5105.10898644638, 4837.478826404953, 5239.915180717468, 5160.965616650391, 5218.30329573822, 5094.394206106567, 5190.28379130783, 5341.381878948212, 5706.869546516418, 5825.9884848976135, 5791.61167691803, 6117.41151618042]
shares:[0, 2.6681, 5.3277, 8.2221, 10.9292, 13.4506, 15.988, 18.336, 20.7661, 23.1839, 25.3039, 27.4017, 29.4248, 31.3891, 33.3599, 35.337, 37.2806, 39.2055, 40.959, 42.6716, 44.3969, 46.2361, 47.9325, 49.5697, 51.1369, 52.6931, 54.179, 55.5855, 57.0233, 58.5039, 60.0005, 61.4837, 62.9615, 64.4353, 65.8975, 67.3099, 68.7144, 70.1322, 71.5468, 72.9608, 74.4185, 75.9893, 77.4677, 78.9984, 80.5418, 82.1544, 83.7683, 85.3665, 86.889, 88.4065, 89.9598, 91.4548]
growth_rate:19.95
