ticker:KURE
price:[34.869998931884766, 33.150001525878906, 33.52000045776367, 32.88999938964844, 33.599998474121094, 35.13999938964844, 35.75, 34.400001525878906, 34.83000183105469, 35.70000076293945, 34.88999938964844, 34.959999084472656, 33.507999420166016, 34.75, 34.47999954223633, 37.54999923706055, 37.900001525878906, 39.04999923706055, 40.560001373291016, 40.25, 44.25, 41.2400016784668, 44.0099983215332, 46.95000076293945, 45.04999923706055, 40.150001525878906, 37.90999984741211, 38.2400016784668, 37.58000183105469, 37.88999938964844, 39.310001373291016, 38.720001220703125, 38.599998474121094, 42.18000030517578, 42.619998931884766, 40.400001525878906, 43.279998779296875, 43.5, 44.2599983215332, 44.9900016784668, 44.900001525878906, 43.43000030517578, 45.63999938964844, 44.61000061035156, 42.880001068115234, 43.15999984741211, 41.45000076293945, 39.77000045776367, 39.650001525878906, 38.599998474121094, 34.52000045776367, 35.52000045776367]
assets:[0, 100.0002946029663, 201.11665074653627, 297.33546148223877, 403.75438166427614, 522.2612129287719, 631.327125, 707.4876313819885, 816.3316509155273, 936.7216100185395, 1015.4699432357788, 1117.5068587348937, 1171.0945273349762, 1314.5021499999998, 1404.2876293563843, 1629.3207518955232, 1744.5067502349855, 1897.4394629287722, 2070.8111501140597, 2154.985, 2469.145575, 2401.1867257282256, 2662.468467457962, 2940.3283077804567, 2921.33928052597, 2703.5926977485656, 2652.756030322647, 2775.8493698402403, 2827.9402337890624, 2951.267208459473, 3161.872443459701, 3214.4144693389894, 3304.453229373169, 3710.928938848877, 3849.638617522812, 3749.11610160141, 4116.377995898438, 4237.30455, 4411.336494709396, 4584.094257021332, 4674.925298872376, 4621.8727484771725, 4957.065305708314, 4945.19254665985, 4853.415800895691, 4985.109462375641, 4887.597564962387, 4789.50115512848, 4875.050952610016, 4845.95188843689, 4433.738502795029, 4662.17766008377]
shares:[0, 3.0166, 5.9999, 9.0403, 12.0165, 14.8623, 17.6595, 20.5665, 23.4376, 26.2387, 29.1049, 31.9653, 34.9497, 37.8274, 40.7276, 43.3907, 46.0292, 48.59, 51.0555, 53.54, 55.7999, 58.2247, 60.4969, 62.6268, 64.8466, 67.3373, 69.9751, 72.5902, 75.2512, 77.8904, 80.4343, 83.0169, 85.6076, 87.9784, 90.3247, 92.7999, 95.1104, 97.4093, 99.6687, 101.8914, 104.1186, 106.4212, 108.6123, 110.8539, 113.186, 115.503, 117.9155, 120.43, 122.9521, 125.5428, 128.4397, 131.255]
growth_rate:-8.58
