ticker:KWEB
price:[69.75, 66.80999755859375, 68.47000122070312, 66.44000244140625, 67.62999725341797, 72.06999969482422, 72.20999908447266, 70.9800033569336, 71.83000183105469, 77.72000122070312, 77.37000274658203, 76.23999786376953, 77.54000091552734, 75.37999725341797, 76.31999969482422, 77.69000244140625, 74.12000274658203, 76.79000091552734, 82.58999633789062, 80.77999877929688, 90.33999633789062, 86.79000091552734, 95.68000030517578, 102.19999694824219, 101.80000305175781, 89.79000091552734, 84.81999969482422, 84.37000274658203, 85.01000213623047, 75.58999633789062, 78.58999633789062, 75.87999725341797, 74.73999786376953, 77.77999877929688, 75.13999938964844, 72.2300033569336, 68.41000366210938, 70.13999938964844, 70.4000015258789, 70.43000030517578, 69.05000305175781, 67.7699966430664, 70.69999694824219, 66.80000305175781, 62.63999938964844, 61.810001373291016, 55.279998779296875, 50.459999084472656, 48.66999816894531, 48.20000076293945, 44.09000015258789, 48.31999969482422]
assets:[0, 100.00120434570312, 202.48633460998536, 296.4818668945312, 401.78981368255614, 528.1649927635193, 629.1873850227356, 718.4666919792176, 827.072190083313, 994.8937356262207, 1090.4141337089538, 1174.484791091156, 1294.514807284546, 1358.4530825027466, 1475.3953381004335, 1601.8823913391113, 1628.2756323371887, 1786.9340373046873, 2021.9022183471682, 2077.5888666046144, 2423.4607417602538, 2428.228003614807, 2776.958920857239, 3066.194088441467, 3154.1916545562744, 2882.0704703865053, 2822.546647844696, 2907.5759086532594, 3029.6289611320494, 2793.9120906433104, 3004.794201983643, 3001.182887368011, 3056.096090650177, 3280.402560516358, 3269.055841445923, 3242.455411695099, 3170.974694747925, 3351.162918838501, 3463.5885550712587, 3565.06097044754, 3595.2057938949583, 3628.5614912620545, 3885.438522285461, 3771.10733228302, 3636.258228569031, 3688.079161941528, 3398.448484954834, 3202.1309899017333, 3188.5419250411983, 3257.7512915657044, 3079.9642776592254, 3475.4546340499874]
shares:[0, 1.4968, 2.9573, 4.4624, 5.941, 7.3285, 8.7133, 10.1221, 11.5143, 12.801, 14.0935, 15.4051, 16.6948, 18.0214, 19.3317, 20.6189, 21.9681, 23.2704, 24.4812, 25.7191, 26.826, 27.9782, 29.0234, 30.0019, 30.9842, 32.0979, 33.2769, 34.4622, 35.6385, 36.9614, 38.2338, 39.5517, 40.8897, 42.1754, 43.5062, 44.8907, 46.3525, 47.7782, 49.1987, 50.6185, 52.0667, 53.5423, 54.9567, 56.4537, 58.0501, 59.668, 61.477, 63.4588, 65.5135, 67.5882, 69.8563, 71.9258]
growth_rate:-31.85
