ticker:KWT
price:[25.156999588012695, 25.496000289916992, 26.336000442504883, 27.61400032043457, 26.367000579833984, 28.231000900268555, 28.23900032043457, 27.677000045776367, 26.042999267578125, 26.711999893188477, 26.792999267578125, 26.959999084472656, 27.006000518798828, 27.260000228881836, 27.35099983215332, 27.577999114990234, 27.21500015258789, 27.33799934387207, 27.40399932861328, 27.70800018310547, 28.073999404907227, 28.513999938964844, 28.281999588012695, 28.371000289916992, 28.360000610351562, 27.989999771118164, 28.260000228881836, 28.743000030517578, 28.63800048828125, 28.940000534057617, 29.214000701904297, 30.041000366210938, 30.152000427246094, 30.483999252319336, 30.937999725341797, 32.16999816894531, 32.05099868774414, 32.08599853515625, 31.51099967956543, 31.804000854492188, 31.628999710083008, 31.8700008392334, 32.25299835205078, 31.913000106811523, 31.73200035095215, 31.589000701904297, 31.700000762939453, 32.6510009765625, 32.790000915527344, 32.79999923706055, 33.189998626708984, 34.11000061035156]
assets:[0, 100.00041233711244, 203.29548821582793, 313.16209343395235, 399.01972987480167, 527.2280573129653, 627.3773984189987, 714.8913757823943, 772.6853710693359, 892.5333948310853, 995.2393542938232, 1101.4426745964051, 1203.3225687164306, 1314.6407710380554, 1419.030043491745, 1530.8078482746123, 1610.6571895305633, 1717.9362815685272, 1822.0836941596986, 1942.2975632354735, 2067.95325536499, 2200.3626444900515, 2282.459181951141, 2389.6411237192156, 2488.7148375610354, 2556.2455080968857, 2680.904703713036, 2826.7245894012453, 2916.399464324951, 3047.1534302320483, 3176.003007707596, 3365.9108409317014, 3478.34683008728, 3616.646058494568, 3770.5099343265533, 4020.6578431518556, 4105.784213497925, 4210.26697298584, 4234.816815636253, 4374.195061523437, 4450.127512509346, 4584.034318711471, 4739.123340557098, 4789.164778229141, 4862.002479373169, 4940.093258268356, 5057.4529917202, 5309.176832592773, 5431.778416660309, 5533.43531129036, 5699.230571184922, 5957.209276596069]
shares:[0, 3.9222, 7.7193, 11.3407, 15.1333, 18.6755, 22.2167, 25.8298, 29.6696, 33.4132, 37.1455, 40.8547, 44.5576, 48.226, 51.8822, 55.5083, 59.1827, 62.8406, 66.4897, 70.0988, 73.6608, 77.1678, 80.7036, 84.2283, 87.7544, 91.3271, 94.8657, 98.3448, 101.8367, 105.2921, 108.7151, 112.0439, 115.3604, 118.6408, 121.8731, 124.9816, 128.1016, 131.2182, 134.3917, 137.536, 140.6977, 143.8354, 146.9359, 150.0694, 153.2208, 156.3865, 159.5411, 162.6038, 165.6535, 168.7023, 171.7153, 174.647]
growth_rate:16.81
