ticker:LABD
price:[75.3499984741211, 76.9000015258789, 53.40999984741211, 60.470001220703125, 61.13999938964844, 45.7599983215332, 45.220001220703125, 48.439998626708984, 54.189998626708984, 43.650001525878906, 38.34000015258789, 37.2599983215332, 32.56999969482422, 29.1200008392334, 25.170000076293945, 22.3799991607666, 21.200000762939453, 25.270000457763672, 20.799999237060547, 19.729999542236328, 19.260000228881836, 19.010000228881836, 14.329999923706055, 14.739999771118164, 16.030000686645508, 19.489999771118164, 22.889999389648438, 18.829999923706055, 19.020000457763672, 23.3700008392334, 21.170000076293945, 24.469999313354492, 23.31999969482422, 21.719999313354492, 20.290000915527344, 24.489999771118164, 24.520000457763672, 24.3799991607666, 23.579999923706055, 24.200000762939453, 19.399999618530273, 20.309999465942383, 18.059999465942383, 18.770000457763672, 19.889999389648438, 23.6299991607666, 23.1299991607666, 24.510000228881836, 22.06999969482422, 23.479999542236328, 24.530000686645508, 19.139999389648438]
assets:[0, 100.00076198425293, 169.4539065158844, 291.85241389160154, 395.0866760559082, 395.70043348579406, 491.03042725524904, 625.9949462528228, 800.3049947185516, 744.6472010307313, 754.0596210010528, 832.8168524837495, 827.9880182418824, 840.283832216835, 826.3034155046462, 834.711304698944, 890.7010720542909, 1161.6998260440826, 1056.2073212585449, 1101.8731224349976, 1175.6246359708787, 1260.3649161748885, 1050.080899409294, 1180.1256536750793, 1383.4066922582626, 1782.0077100728988, 2192.875675527954, 1903.92577128582, 2023.136526691818, 2585.8415158594134, 2442.4167808021543, 2923.142071974564, 2885.766010235596, 2787.772771868706, 2704.231032020569, 3364.002695560265, 3468.123576746368, 3548.321151856041, 3531.8878445724486, 3724.752797428131, 3085.9579393196104, 3330.7119594179153, 3061.726157460785, 3282.094125043869, 3577.936408206177, 4350.710548481941, 4358.6517368536, 4718.702009064675, 4348.94861486435, 4726.791579846954, 5038.167781028747, 4031.1269494522094]
shares:[0, 1.3004, 3.1727, 4.8264, 6.462, 8.6473, 10.8587, 12.9231, 14.7685, 17.0595, 19.6677, 22.3515, 25.4218, 28.8559, 32.8289, 37.2972, 42.0142, 45.9715, 50.7792, 55.8476, 61.0397, 66.3001, 73.2785, 80.0628, 86.3011, 91.4319, 95.8006, 101.1113, 106.3689, 110.6479, 115.3716, 119.4582, 123.7464, 128.3505, 133.279, 137.3623, 141.4406, 145.5423, 149.7832, 153.9154, 159.07, 163.9937, 169.5308, 174.8585, 179.8862, 184.1181, 188.4415, 192.5215, 197.0525, 201.3114, 205.388, 210.6127]
growth_rate:-20.96
