ticker:LABU
price:[46.56999969482422, 45.08000183105469, 61.2400016784668, 52.7400016784668, 51.70000076293945, 66.33999633789062, 66.9800033569336, 61.45000076293945, 53.77000045776367, 63.77000045776367, 72.23999786376953, 73.77999877929688, 83.41000366210938, 92.44999694824219, 104.3499984741211, 116.52999877929688, 122.36000061035156, 100.43000030517578, 119.51000213623047, 124.37999725341797, 126.2300033569336, 126.16999816894531, 162.5, 153.6300048828125, 139.0, 110.44000244140625, 89.5, 103.66999816894531, 99.08999633789062, 75.12000274658203, 81.13999938964844, 68.62999725341797, 70.80000305175781, 74.83000183105469, 78.75, 63.720001220703125, 61.83000183105469, 61.29999923706055, 63.0, 61.29999923706055, 74.58999633789062, 70.47000122070312, 78.83999633789062, 75.22000122070312, 70.45999908447266, 58.7400016784668, 59.400001525878906, 54.72999954223633, 59.70000076293945, 55.97999954223633, 52.0, 64.9800033569336]
assets:[0, 100.00096806182862, 235.84749446411132, 303.1126116466522, 397.1335558605194, 609.5915923492432, 715.473697858429, 756.4003493911744, 761.8671364860535, 1003.5548742038727, 1236.8498994247439, 1363.2182814453126, 1641.1502090545653, 1919.0215666534425, 2266.033261864471, 2630.5248864440914, 2862.1350102767947, 2449.166331442261, 3014.472489883423, 3237.3128165130615, 3385.4634440322875, 3483.8564574401857, 4587.0175, 4436.634822009277, 4114.1359, 3368.8176584716794, 2830.07055, 3378.1387253341677, 3328.8986999725344, 2623.633703926849, 2933.884439930725, 2581.544798686218, 2763.1683591033934, 3020.4531599090574, 3278.6775000000002, 2752.9207007385257, 2771.263963069153, 2847.5075645599363, 3026.4759, 3044.8077421043395, 3804.9326801910397, 3694.763305001831, 4233.605311349487, 4139.213749172974, 3977.276706320953, 3415.713475602341, 3554.0921712982176, 3374.673663774109, 3781.1234283210756, 3645.5183341896054, 3486.3348, 4456.575554231262]
shares:[0, 2.2183, 3.8512, 5.7473, 7.6815, 9.1889, 10.6819, 12.3092, 14.169, 15.7371, 17.1214, 18.4768, 19.6757, 20.7574, 21.7157, 22.5738, 23.3911, 24.3868, 25.2236, 26.0276, 26.8198, 27.6124, 28.2278, 28.8787, 29.5981, 30.5036, 31.6209, 32.5855, 33.5947, 34.9259, 36.1583, 37.6154, 39.0278, 40.3642, 41.634, 43.2034, 44.8207, 46.452, 48.0393, 49.6706, 51.0113, 52.4303, 53.6987, 55.0281, 56.4473, 58.1497, 59.8332, 61.6604, 63.3354, 65.1218, 67.0449, 68.5838]
growth_rate:-12.62
