ticker:LEGR
price:[32.33300018310547, 31.69300079345703, 31.766000747680664, 30.663000106811523, 31.25, 32.68000030517578, 32.529998779296875, 32.790000915527344, 30.709999084472656, 33.15800094604492, 34.650001525878906, 35.00299835205078, 36.20500183105469, 37.04100036621094, 36.5, 37.10499954223633, 36.983001708984375, 37.518001556396484, 39.12900161743164, 38.90999984741211, 39.18000030517578, 37.650001525878906, 39.606998443603516, 40.599998474121094, 40.805999755859375, 39.43000030517578, 39.70000076293945, 40.459999084472656, 40.19300079345703, 40.310001373291016, 40.619998931884766, 41.244998931884766, 41.560001373291016, 41.37200164794922, 41.220001220703125, 42.029998779296875, 41.57400131225586, 41.935001373291016, 42.65999984741211, 42.98500061035156, 42.915000915527344, 41.77000045776367, 42.459999084472656, 42.38999938964844, 42.25, 41.63999938964844, 42.119998931884766, 42.13999938964844, 42.959999084472656, 43.36000061035156, 42.619998931884766, 43.619998931884766]
assets:[0, 100.00092540359498, 200.23063251285552, 293.2793308216095, 398.89375, 517.1479328292846, 614.7746879302979, 719.6880560943604, 774.036313924408, 935.7386814979553, 1077.8437374649047, 1188.8243345298768, 1329.6467947463989, 1460.3488476379393, 1539.0188500000002, 1664.5302794647216, 1759.0557949859617, 1884.502955576706, 2065.4204374759674, 2153.859150553513, 2268.8041136718753, 2280.2045724121094, 2498.726317810059, 2661.3745599769595, 2774.8773535980226, 2781.3054755264284, 2900.351045737839, 3055.874948851776, 3135.7092078025817, 3244.8382115459444, 3369.7904293903352, 3521.6382418006897, 3648.535896560669, 3732.0317410560606, 3818.3200070770263, 3993.3542440185547, 4050.0269580364225, 4185.192813557052, 4357.548344413757, 4490.746177764892, 4583.433676780701, 4561.1462089862825, 4736.493571871186, 4828.682981474304, 4912.73705, 4941.805979563904, 5098.773290700912, 5201.192634666443, 5402.400316868591, 5552.703358161926, 5557.9376767105105, 5788.343324261856]
shares:[0, 3.1553, 6.3033, 9.5646, 12.7646, 15.8246, 18.8987, 21.9484, 25.2047, 28.2206, 31.1066, 33.9635, 36.7255, 39.4252, 42.1649, 44.86, 47.5639, 50.2293, 52.7849, 55.3549, 57.9072, 60.5632, 63.088, 65.5511, 68.0017, 70.5378, 73.0567, 75.5283, 78.0163, 80.4971, 82.9589, 85.3834, 87.7896, 90.2067, 92.6327, 95.012, 97.4173, 99.8019, 102.146, 104.4724, 106.8026, 109.1967, 111.5519, 113.9109, 116.2778, 118.6793, 121.0535, 123.4265, 125.7542, 128.0605, 130.4068, 132.6993]
growth_rate:13.5
