ticker:LIT
price:[38.7599983215332, 37.38999938964844, 40.849998474121094, 37.619998931884766, 40.06999969482422, 42.65999984741211, 42.06999969482422, 42.189998626708984, 43.130001068115234, 49.18000030517578, 49.900001525878906, 51.09000015258789, 53.22999954223633, 53.709999084472656, 54.040000915527344, 57.27000045776367, 59.2400016784668, 61.88999938964844, 70.87000274658203, 68.29000091552734, 71.83000183105469, 65.58000183105469, 67.6500015258789, 71.69000244140625, 68.30999755859375, 60.7599983215332, 59.0, 60.90999984741211, 59.52000045776367, 58.31999969482422, 59.790000915527344, 58.970001220703125, 60.72999954223633, 63.27000045776367, 63.59000015258789, 62.18000030517578, 60.619998931884766, 62.279998779296875, 66.44000244140625, 69.12000274658203, 70.29000091552734, 68.2699966430664, 71.01000213623047, 72.05999755859375, 78.19000244140625, 77.19999694824219, 80.33999633789062, 83.27999877929688, 86.44999694824219, 86.05999755859375, 81.87999725341797, 85.04000091552734]
assets:[0, 99.99955336761475, 209.25411718368528, 292.7099256893158, 411.77133786392216, 538.3862620742798, 630.9406134231567, 732.7390201492309, 849.0658270271301, 1068.1650166282654, 1183.8026861991882, 1312.0320759185793, 1466.9868493843078, 1580.2179960639953, 1689.9281006301878, 1890.935148114395, 2055.977574252701, 2247.9499908309936, 2674.116552635956, 2676.7631658859254, 2915.5223103210446, 2761.8427551132204, 2949.0191615165713, 3225.1324778320313, 3173.074527593994, 2922.36756327095, 2937.7162000000003, 3132.8205681518552, 3161.3274483135224, 3197.5922712677, 3378.188862728119, 3431.8594700408935, 3634.2835816059114, 3886.2838541175843, 4005.9410856124878, 4017.1140477157596, 4016.3295332328794, 4226.314489163207, 4608.6107693481445, 4894.511810490418, 5077.36307113266, 5031.450963596343, 5333.390836447144, 5512.251131243896, 6081.164887878417, 6104.165158699036, 6452.442533880615, 6788.569100494385, 7146.968212705994, 7214.7280173278805, 6964.303166389466, 7333.075814946747]
shares:[0, 2.6745, 5.1225, 7.7807, 10.2763, 12.6204, 14.9974, 17.3676, 19.6862, 21.7195, 23.7235, 25.6808, 27.5594, 29.4213, 31.2718, 33.0179, 34.7059, 36.3217, 37.7327, 39.197, 40.5892, 42.1141, 43.5923, 44.9872, 46.4511, 48.0969, 49.7918, 51.4336, 53.1137, 54.8284, 56.5009, 58.1967, 59.8433, 61.4238, 62.9964, 64.6046, 66.2542, 67.8599, 69.365, 70.8118, 72.2345, 73.6993, 75.1076, 76.4953, 77.7742, 79.0695, 80.3142, 81.515, 82.6717, 83.8337, 85.055, 86.2309]
growth_rate:43.79
