ticker:LOUP
price:[33.41400146484375, 32.68199920654297, 33.77899932861328, 33.323001861572266, 35.07500076293945, 37.222999572753906, 37.5629997253418, 38.948001861572266, 37.41999816894531, 41.209999084472656, 41.83300018310547, 44.005001068115234, 46.130001068115234, 48.41699981689453, 48.07699966430664, 49.32099914550781, 49.33300018310547, 49.84000015258789, 53.56999969482422, 54.5, 57.38999938964844, 54.665000915527344, 58.880001068115234, 63.209999084472656, 61.91999816894531, 58.279998779296875, 54.7400016784668, 57.459999084472656, 56.43000030517578, 53.619998931884766, 55.27000045776367, 56.22999954223633, 55.650001525878906, 55.06999969482422, 53.66999816894531, 51.5099983215332, 49.47999954223633, 49.970001220703125, 52.61000061035156, 53.209999084472656, 54.150001525878906, 52.91999816894531, 54.650001525878906, 54.71900177001953, 53.31999969482422, 50.29999923706055, 51.2599983215332, 51.20800018310547, 52.00699996948242, 51.40999984741211, 49.95000076293945, 51.83000183105469]
assets:[0, 100.00038117218018, 203.35633175811768, 300.61013209342957, 416.4139165576935, 541.9147615798951, 646.8649056701661, 770.7147452373505, 840.4793528732299, 1025.6056102149964, 1141.1122123947143, 1300.3609830631256, 1463.1559868785857, 1635.6957133140563, 1724.2094774608613, 1868.8219786224365, 1969.2747013092041, 2089.5121023971556, 2345.889213636017, 2486.6169999999997, 2718.478186088562, 2689.3977820419314, 2996.7683103630065, 3317.146973954773, 3349.450844952393, 3252.5542798736574, 3154.9892627399445, 3411.7563976394654, 3450.5985876609802, 3378.7730786945344, 3582.745131673431, 3744.974199512482, 3806.343239366913, 3866.6739445724493, 3868.372458023071, 3812.6876597625733, 3762.429477191925, 3899.6888772644043, 4205.717102792359, 4353.679372090912, 4530.589837666321, 4527.676283340455, 4775.688753341675, 4881.717439611053, 4856.908108201599, 4681.8182989871975, 4871.171002497483, 4966.228669757843, 5143.715927081681, 5184.667638611603, 5137.427508469391, 5430.789055859375]
shares:[0, 3.0598, 6.0202, 9.0211, 11.8721, 14.5586, 17.2208, 19.7883, 22.4607, 24.8873, 27.2778, 29.5503, 31.7181, 33.7835, 35.8635, 37.891, 39.918, 41.9244, 43.7911, 45.626, 47.3685, 49.1978, 50.8962, 52.4782, 54.0932, 55.8091, 57.6359, 59.3762, 61.1483, 63.0133, 64.8226, 66.601, 68.3979, 70.2138, 72.077, 74.0184, 76.0394, 78.0406, 79.9414, 81.8207, 83.6674, 85.557, 87.3868, 89.2143, 91.0898, 93.0779, 95.0287, 96.9815, 98.9043, 100.8494, 102.8514, 104.7808]
growth_rate:6.49
