ticker:LRNZ
price:[36.97600173950195, 35.946998596191406, 37.071998596191406, 38.29999923706055, 39.720001220703125, 41.90599822998047, 41.823001861572266, 40.61199951171875, 38.0629997253418, 42.321998596191406, 40.95600128173828, 42.152000427246094, 43.79999923706055, 45.516998291015625, 46.334999084472656, 48.930999755859375, 50.040000915527344, 47.630001068115234, 48.54199981689453, 49.03499984741211, 51.16899871826172, 48.81999969482422, 51.30400085449219, 53.220001220703125, 51.7599983215332, 46.689998626708984, 40.481998443603516, 42.80099868774414, 41.08700180053711, 38.98899841308594, 41.472999572753906, 42.42499923706055, 44.029998779296875, 44.06999969482422, 42.90299987792969, 39.18600082397461, 38.05099868774414, 40.43199920654297, 41.83300018310547, 41.21500015258789, 43.39500045776367, 44.66400146484375, 45.57899856567383, 45.763999938964844, 46.44200134277344, 43.61800003051758, 46.41600036621094, 45.25699996948242, 46.125, 46.10900115966797, 45.099998474121094, 48.893001556396484]
assets:[0, 100.00095539474486, 203.1323091079712, 309.8623138275147, 421.3497729492188, 544.5391127998353, 643.4594305408478, 724.8267224853515, 779.3323067764281, 966.5328751403808, 1035.3349476013184, 1165.570255014038, 1311.1398371616363, 1462.538533987427, 1588.822485106659, 1777.839372729492, 1918.1333150939943, 1925.752388185501, 2062.6272394195557, 2183.5775782051087, 2378.6062561180115, 2369.410337188721, 2589.969614337158, 2786.695059918213, 2810.246996869659, 2634.9780864974978, 2384.62450391922, 2621.227321834564, 2616.260035351181, 2582.666344981384, 2847.2085139686587, 3012.56525582428, 3226.5359225463867, 3329.466441944122, 3341.2985013931275, 3151.81625547409, 3160.5273663036346, 3458.294447332764, 3678.1288913993835, 3723.791749786377, 4020.7550884140014, 4238.332355804443, 4425.160139044571, 4543.1204131408695, 4710.426428192139, 4523.997897965241, 4914.201206771851, 4891.494224901581, 5085.308925, 5183.546244969177, 5170.114995078277, 5704.933207603454]
shares:[0, 2.7819, 5.4794, 8.0904, 10.608, 12.9943, 15.3853, 17.8476, 20.4748, 22.8376, 25.2792, 27.6516, 29.9347, 32.1317, 34.2899, 36.3336, 38.332, 40.4315, 42.4916, 44.531, 46.4853, 48.5336, 50.4828, 52.3618, 54.2938, 56.4356, 58.9058, 61.2422, 63.6761, 66.2409, 68.6521, 71.0092, 73.2804, 75.5495, 77.8803, 80.4322, 83.0603, 85.5336, 87.9241, 90.3504, 92.6548, 94.8937, 97.0877, 99.2728, 101.426, 103.7186, 105.873, 108.0826, 110.2506, 112.4194, 114.6367, 116.682]
growth_rate:11.86
