ticker:MJJ
price:[52.87099838256836, 52.71200180053711, 52.70600128173828, 51.26900100708008, 52.012001037597656, 56.465999603271484, 55.72999954223633, 57.28900146484375, 54.99700164794922, 65.64600372314453, 63.108001708984375, 61.93299865722656, 64.40699768066406, 66.23999786376953, 66.15899658203125, 68.38899993896484, 67.7959976196289, 67.68299865722656, 74.85700225830078, 81.75399780273438, 81.3740005493164, 79.69499969482422, 85.8550033569336, 88.83999633789062, 86.20500183105469, 81.1449966430664, 76.9800033569336, 81.3550033569336, 80.64700317382812, 79.52300262451172, 80.93399810791016, 81.17400360107422, 79.75700378417969, 81.04199981689453, 80.43900299072266, 79.66400146484375, 76.2229995727539, 77.11499786376953, 80.25, 80.16100311279297, 82.99700164794922, 79.45099639892578, 81.58200073242188, 80.71800231933594, 79.9229965209961, 76.47699737548828, 77.54299926757812, 78.66600036621094, 78.91899871826172, 77.11199951171875, 75.50700378417969, 78.16600036621094]
assets:[0, 99.99993861579895, 199.98765126342772, 294.53528388557436, 398.80201795578006, 532.9543372554779, 626.0095118579865, 743.5195766113281, 813.7741342842102, 1071.3427807617188, 1129.9235273986815, 1208.882587390137, 1357.171373727417, 1495.7985117607116, 1593.9687046508789, 1747.6945712402344, 1832.5393748580932, 1929.4866208206176, 2234.002432595825, 2539.8350989379883, 2628.0303095405575, 2673.8070872611997, 2980.4821980369566, 3184.105424746704, 3189.6626522506717, 3102.4410001533506, 3043.196586707306, 3316.1519693336486, 3387.295103805542, 3440.0855705337526, 3601.1258722122193, 3711.8030756645203, 3747.007964881897, 3907.375187571716, 3978.3039465133666, 4039.9766070861815, 3965.471063572693, 4111.8796470932, 4379.041875, 4474.18638874054, 4732.4807342659, 4630.284893634796, 4854.479846182251, 4903.069758483887, 4954.77821552124, 4841.1468878631595, 5008.626391491699, 5181.163048919677, 5297.824492057038, 5276.519656988525, 5266.696571650696, 5552.16227241211]
shares:[0, 1.8971, 3.7944, 5.7449, 7.6675, 9.4385, 11.2329, 12.9784, 14.7967, 16.32, 17.9046, 19.5192, 21.0718, 22.5815, 24.093, 25.5552, 27.0302, 28.5077, 29.8436, 31.0668, 32.2957, 33.5505, 34.7153, 35.8409, 37.0009, 38.2333, 39.5323, 40.7615, 42.0015, 43.259, 44.4946, 45.7265, 46.9803, 48.2142, 49.4574, 50.7127, 52.0246, 53.3214, 54.5675, 55.815, 57.0199, 58.2785, 59.5043, 60.7432, 61.9944, 63.302, 64.5916, 65.8628, 67.1299, 68.4267, 69.7511, 71.0304]
growth_rate:8.87
