ticker:MJO
price:[48.619998931884766, 48.9119987487793, 48.821998596191406, 46.19499969482422, 47.79199981689453, 55.86600112915039, 54.35100173950195, 57.33599853515625, 52.89099884033203, 74.69300079345703, 68.23300170898438, 66.21700286865234, 71.44300079345703, 75.6729965209961, 75.61699676513672, 80.3239974975586, 80.20600128173828, 78.91400146484375, 95.89399719238281, 114.39399719238281, 113.40599822998047, 108.24299621582031, 124.86499786376953, 127.63999938964844, 121.74500274658203, 104.55999755859375, 93.58799743652344, 105.3550033569336, 102.91999816894531, 100.07099914550781, 103.55799865722656, 103.84100341796875, 100.3550033569336, 103.5, 101.9020004272461, 99.8740005493164, 91.15299987792969, 93.25900268554688, 100.70899963378906, 100.48500061035156, 108.09300231933594, 98.95899963378906, 104.27100372314453, 102.375, 99.99299621582031, 91.3949966430664, 94.05999755859375, 96.55400085449219, 96.91899871826172, 92.8239974975586, 90.41899871826172, 96.56800079345703]
assets:[0, 100.00058144187928, 199.8186758544922, 289.06521059036254, 399.05841927108764, 566.4756648494721, 651.1141306388854, 786.8735102966309, 825.8717904922485, 1266.3003196517943, 1256.7836584777833, 1319.6518935699464, 1523.8006196235658, 1714.02364039917, 1812.7587017509459, 2025.602536493683, 2122.627762120819, 2188.4351972229006, 2759.3210010116577, 3391.656183357239, 3462.3645101600646, 3404.72932447052, 4027.570452095032, 4217.085175834655, 4122.322316500092, 3640.4340669982907, 3358.4240056091307, 3880.688335650635, 3890.9934507751464, 3883.2851431411746, 4118.594808796692, 4229.849049127197, 4187.854432086182, 4419.098099999999, 4450.865384461213, 4462.290445343017, 4172.647068312072, 4369.053713214111, 4818.079676879883, 4907.365877807617, 5378.913172114562, 5024.385913006591, 5394.0850020034795, 5396.001975, 5370.453838658143, 5008.674303531647, 5254.7276056091305, 5494.057824221802, 5614.827736544799, 5477.590504329682, 5435.673736446381, 5905.326384521484]
shares:[0, 2.0445, 4.0928, 6.2575, 8.3499, 10.1399, 11.9798, 13.7239, 15.6146, 16.9534, 18.419, 19.9292, 21.3289, 22.6504, 23.9729, 25.2179, 26.4647, 27.7319, 28.7747, 29.6489, 30.5307, 31.4545, 32.2554, 33.0389, 33.8603, 34.8167, 35.8852, 36.8344, 37.806, 38.8053, 39.7709, 40.7339, 41.7304, 42.6966, 43.6779, 44.6792, 45.7763, 46.8486, 47.8416, 48.8368, 49.7619, 50.7724, 51.7314, 52.7082, 53.7083, 54.8025, 55.8657, 56.9014, 57.9332, 59.0105, 60.1165, 61.152]
growth_rate:15.79
