ticker:MLPA
price:[24.6200008392334, 23.3700008392334, 23.350000381469727, 21.459999084472656, 22.110000610351562, 23.959999084472656, 23.81999969482422, 24.729999542236328, 22.709999084472656, 21.84000015258789, 24.75, 26.639999389648438, 27.90999984741211, 30.1200008392334, 29.989999771118164, 28.760000228881836, 27.8799991607666, 27.420000076293945, 29.530000686645508, 31.309999465942383, 29.5, 28.969999313354492, 29.309999465942383, 30.1299991607666, 30.049999237060547, 30.6200008392334, 33.560001373291016, 34.70000076293945, 33.02000045776367, 33.20000076293945, 33.68000030517578, 33.61000061035156, 33.91999816894531, 34.709999084472656, 35.33000183105469, 36.209999084472656, 37.060001373291016, 37.189998626708984, 37.029998779296875, 38.43000030517578, 40.790000915527344, 38.810001373291016, 38.47999954223633, 39.220001220703125, 38.5, 35.91999816894531, 35.77000045776367, 36.20000076293945, 33.880001068115234, 34.7400016784668, 33.2400016784668, 34.650001525878906]
assets:[0, 100.0002335910797, 199.91569826602935, 283.73337789535526, 392.3264838302612, 525.1528639335633, 622.0854940299988, 745.8518401939392, 784.9279693565368, 854.85910197258, 1068.761925, 1250.377675352478, 1409.9852822914122, 1621.633737183571, 1714.6332519140242, 1744.3112698818206, 1790.9386580898283, 1861.3902531791687, 2104.6267729377746, 2331.4897172315596, 2296.70775, 2355.4434551713944, 2483.0874657556537, 2652.5577491163253, 2745.5151752941133, 2897.592113417244, 3275.8051580474853, 3487.079416669464, 3418.253561388016, 3536.885721278, 3688.0206574172976, 3780.3553996505734, 3915.2225726501465, 4106.408093687439, 4279.759832807923, 4486.360950567627, 4691.6738758541105, 4808.1312864532465, 4887.445121884155, 5172.224567073059, 5589.853567463685, 5418.5165567340855, 5472.444678899003, 5677.683476715088, 5673.4524, 5393.2584130737305, 5470.735410011292, 5636.499398793029, 5375.2654494628905, 5611.708801130295, 5469.4062721797945, 5801.411640476227]
shares:[0, 4.279, 8.5617, 13.2215, 17.7443, 21.9179, 26.1161, 30.1598, 34.5631, 39.1419, 43.1823, 46.9361, 50.519, 53.8391, 57.1735, 60.6506, 64.2374, 67.8844, 71.2708, 74.4647, 77.8545, 81.3063, 84.7181, 88.0371, 91.3649, 94.6307, 97.6104, 100.4922, 103.5207, 106.5327, 109.5018, 112.4771, 115.4252, 118.3062, 121.1367, 123.8984, 126.5967, 129.2856, 131.9861, 134.5882, 137.0398, 139.6165, 142.2153, 144.765, 147.3624, 150.1464, 152.942, 155.7044, 158.656, 161.5345, 164.5429, 167.4289]
growth_rate:13.75
