ticker:MLPB
price:[10.460000038146973, 9.890000343322754, 9.982000350952148, 9.15999984741211, 9.418999671936035, 9.869999885559082, 9.850000381469727, 10.237000465393066, 9.449999809265137, 9.531000137329102, 10.744999885559082, 11.619999885559082, 12.07800006866455, 13.149999618530273, 13.065999984741211, 12.545000076293945, 12.142000198364258, 11.869999885559082, 12.907999992370605, 13.380000114440918, 12.640000343322754, 12.210000038146973, 12.729999542236328, 13.119999885559082, 13.109999656677246, 13.229999542236328, 14.706999778747559, 15.020000457763672, 14.289999961853027, 14.229999542236328, 14.319999694824219, 14.380999565124512, 14.288999557495117, 14.640000343322754, 14.90999984741211, 15.649999618530273, 16.079999923706055, 16.079999923706055, 15.949999809265137, 16.780000686645508, 17.739999771118164, 16.700000762939453, 16.8700008392334, 17.15399932861328, 16.84000015258789, 15.432000160217285, 15.390000343322754, 15.579999923706055, 14.892999649047852, 15.378999710083008, 14.699999809265137, 15.329999923706055]
assets:[0, 99.99977147140503, 200.929681464386, 284.3831872627258, 392.423783331871, 511.213683072567, 610.1779736309052, 734.1516068758965, 777.7113593029976, 884.3776903427123, 1097.0247318160057, 1286.3595513311386, 1437.060980769825, 1664.6097967111587, 1753.9772247516632, 1784.0382603498458, 1826.7275038433074, 1885.8058738185882, 2150.7141783288002, 2329.3576699233054, 2300.52935848608, 2322.2675262553216, 2521.1687713401793, 2698.408744462776, 2796.3524387695315, 2921.9485928993226, 3348.1558607302663, 3519.4129092609405, 3448.3627607946396, 3533.8837783187864, 3656.2338740814207, 3771.8082991420747, 3847.678929244232, 4042.194862793541, 4216.743277846146, 4526.025274677849, 4750.382521461106, 4850.38243298664, 4911.169226270771, 5266.735459517288, 5668.050558870697, 5435.763408332825, 5591.097853140831, 5785.220581573487, 5779.323020366669, 5396.110582423211, 5481.424103280544, 5649.096084336853, 5499.9996633930205, 5779.480379648208, 5624.309597023678, 5965.352139311791]
shares:[0, 10.1112, 20.1292, 31.0462, 41.663, 51.7947, 61.947, 71.7155, 82.2975, 92.7896, 102.0963, 110.7022, 118.9817, 126.5863, 134.2398, 142.2111, 150.447, 158.8716, 166.6187, 174.0925, 182.0039, 190.1939, 198.0494, 205.6714, 213.2992, 220.8578, 227.6573, 234.3151, 241.313, 248.3404, 255.3236, 262.2772, 269.2756, 276.1062, 282.8131, 289.2029, 295.4218, 301.6407, 307.9103, 313.8698, 319.5068, 325.4948, 331.4225, 337.252, 343.1902, 349.6702, 356.1679, 362.5864, 369.301, 375.8034, 382.6061, 389.1293]
growth_rate:16.97
