ticker:MLPO
price:[6.929999828338623, 6.255000114440918, 6.789999961853027, 6.394999980926514, 6.074999809265137, 7.695000171661377, 7.5, 6.304999828338623, 6.295000076293945, 6.408999919891357, 6.744999885559082, 8.079999923706055, 8.010000228881836, 8.25, 7.840000152587891, 7.684999942779541, 7.684999942779541, 7.039999961853027, 7.960000038146973, 8.75, 7.519999980926514, 7.110000133514404, 7.639999866485596, 7.769000053405762, 8.430000305175781, 8.300000190734863, 9.729999542236328, 8.744999885559082, 9.640000343322754, 8.845000267028809, 9.199999809265137, 8.246999740600586, 8.324999809265137, 9.3100004196167, 10.050000190734863, 9.850000381469727, 9.949999809265137, 9.625, 10.920000076293945, 11.649999618530273, 10.625, 10.024999618530273, 10.489999771118164, 11.029999732971191, 11.244999885559082, 10.3149995803833, 11.029999732971191, 10.116999626159668, 10.354999542236328, 10.335000038146973, 10.779999732971191, 10.640000343322754]
assets:[0, 99.99993782958984, 208.55281182832718, 296.4203996159077, 381.5877480194092, 583.3448815133572, 668.562, 662.0375919752121, 760.987451222992, 874.7688853659154, 1020.6297751832008, 1322.6370035112382, 1411.178611323738, 1553.4609750000002, 1576.2586866783142, 1645.0956607510566, 1745.0959540064812, 1698.6301987957954, 2020.6101896834373, 2321.1483749999998, 2094.8614346866607, 2080.646976071215, 2335.7443071812154, 2475.183217614937, 2785.7762148483275, 2842.8164653282165, 3432.602753507614, 3185.10910531826, 3611.0862886066434, 3413.283834046364, 3650.2784043222427, 3372.1569589328765, 3504.050694718361, 4018.643992126751, 4438.062999228191, 4449.743582329178, 4594.918866918469, 4544.8335625, 5256.320196723938, 5707.7041181058885, 5305.5246875, 5105.918770710373, 5442.752116244316, 5822.932090030765, 6036.4340110669145, 5637.199877177333, 6127.951290646457, 5720.715105509853, 5955.293816234207, 6043.792270307923, 6404.022697367477, 6420.853975182819]
shares:[0, 15.9872, 30.7147, 46.3519, 62.8128, 75.8083, 89.1416, 105.002, 120.8876, 136.4907, 151.3165, 163.6927, 176.1771, 188.2983, 201.0534, 214.0658, 227.0782, 241.2827, 253.8455, 265.2741, 278.572, 292.6367, 305.7257, 318.5974, 330.4598, 342.508, 352.7855, 364.2206, 374.594, 385.8998, 396.7694, 408.895, 420.907, 431.6481, 441.5983, 451.7506, 461.8009, 472.1905, 481.348, 489.9317, 499.3435, 509.3186, 518.8515, 527.9177, 536.8105, 546.5051, 555.5713, 565.4557, 575.1129, 584.7888, 594.0652, 603.4637]
growth_rate:25.9
