ticker:MLPR
price:[19.4689998626709, 18.016000747680664, 18.117000579833984, 15.720000267028809, 16.365999221801758, 17.389999389648438, 17.336999893188477, 18.16900062561035, 16.260000228881836, 16.511999130249023, 19.56999969482422, 21.649999618530273, 22.90999984741211, 25.638999938964844, 25.40999984741211, 24.027999877929688, 23.125999450683594, 22.555999755859375, 25.020000457763672, 26.166000366210938, 24.2450008392334, 23.54800033569336, 24.881999969482422, 25.829999923706055, 25.650999069213867, 26.23699951171875, 30.14900016784668, 31.047000885009766, 29.22599983215332, 29.016000747680664, 29.39699935913086, 29.413000106811523, 28.996000289916992, 29.867000579833984, 30.722000122070312, 32.974998474121094, 34.32600021362305, 34.39099884033203, 34.08100128173828, 36.54499816894531, 39.27899932861328, 36.2400016784668, 36.402000427246094, 37.277000427246094, 36.3849983215332, 32.02299880981445, 31.97100067138672, 32.38399887084961, 30.639999389648438, 31.90999984741211, 29.82200050354004, 31.797000885009766]
assets:[0, 99.99961375007629, 200.56063151893616, 274.02475665473935, 385.2850804798126, 509.39134012145996, 607.8386836551666, 737.0091582773209, 759.5729026920318, 871.3447989028931, 1132.7174533363343, 1353.1076561584473, 1531.856520797348, 1814.3284472808837, 1898.1244476016998, 1894.8889179733276, 1923.7547651046752, 1976.3386538085938, 2292.2323619384765, 2497.225509750366, 2413.890471556091, 2444.494366847992, 2682.9762927093507, 2885.1980764780046, 2965.2041904029848, 3132.944369494629, 3700.0752392992017, 3910.2828298645018, 3780.9325270858762, 3853.765942503357, 4004.3681220027925, 4106.548953312684, 4148.330179077148, 4372.941049495697, 4598.124891870118, 5035.328431996155, 5341.626792842865, 5451.7402354667665, 5502.599183444977, 6000.429229853821, 6549.333213253784, 6142.615052497101, 6270.073484191131, 6520.787403037261, 6464.75187727623, 5789.729364115525, 5880.327043386077, 6056.287072032166, 5830.13312386322, 6171.786463487625, 5867.940840079307, 6356.554345422745]
shares:[0, 5.5506, 11.0703, 17.4316, 23.5418, 29.2922, 35.0602, 40.5641, 46.7142, 52.7704, 57.8803, 62.4992, 66.8641, 70.7644, 74.6999, 78.8617, 83.1858, 87.6192, 91.616, 95.4378, 99.5624, 103.809, 107.828, 111.6995, 115.598, 119.4094, 122.7263, 125.9472, 129.3688, 132.8152, 136.2169, 139.6168, 143.0656, 146.4138, 149.6688, 152.7014, 155.6146, 158.5223, 161.4565, 164.1929, 166.7388, 169.4982, 172.2453, 174.9279, 177.6763, 180.7991, 183.9269, 187.0148, 190.2785, 193.4123, 196.7655, 199.9105]
growth_rate:24.64
