ticker:MLPX
price:[24.420000076293945, 23.40999984741211, 23.68000030517578, 22.209999084472656, 22.139999389648438, 23.489999771118164, 23.469999313354492, 23.90999984741211, 22.540000915527344, 21.920000076293945, 24.3799991607666, 25.81999969482422, 27.440000534057617, 29.1299991607666, 29.229999542236328, 28.139999389648438, 27.459999084472656, 26.950000762939453, 28.729999542236328, 30.479999542236328, 29.299999237060547, 28.18000030517578, 28.90999984741211, 29.780000686645508, 29.469999313354492, 29.329999923706055, 31.809999465942383, 32.630001068115234, 31.5, 32.25, 32.0, 31.639999389648438, 32.04999923706055, 32.31999969482422, 33.25, 34.29999923706055, 34.900001525878906, 35.119998931884766, 34.880001068115234, 36.66999816894531, 37.79999923706055, 35.81999969482422, 36.66999816894531, 36.84000015258789, 36.65999984741211, 34.400001525878906, 34.43000030517578, 34.63999938964844, 33.900001525878906, 34.29999923706055, 32.61000061035156, 34.36000061035156]
assets:[0, 100.00049634819031, 201.1544985923767, 288.667800100708, 387.7577353103638, 511.40078501701356, 610.9663281253814, 722.421517389679, 781.0290637237548, 859.5445789916993, 1056.007473649025, 1218.3812355995178, 1394.82461914711, 1580.7306654592514, 1686.1559075935363, 1723.2794926223755, 1781.6376925994875, 1848.5490623313906, 2070.642892007828, 2296.768549505997, 2307.852529906082, 2319.633907120514, 2479.7234359119416, 2654.3480432020187, 2726.717580467987, 2813.7647436807633, 3151.683851086426, 3332.9294621006015, 3317.5075500000003, 3496.4966249999998, 3569.392, 3629.2376539901734, 3776.2655201072694, 3908.0794190986635, 4120.53285, 4350.656493227768, 4526.760537916565, 4655.296338417053, 4723.4846246452325, 5065.886907043457, 5321.9941925830835, 5143.221820181274, 5365.26810609436, 5490.1399667396545, 5563.316280844117, 5320.352395994568, 5424.990542085266, 5558.077966067504, 5539.344999332428, 5704.707273109437, 5523.628648384094, 5920.052869160462]
shares:[0, 4.2717, 8.4947, 12.9972, 17.5139, 21.771, 26.0318, 30.2142, 34.6508, 39.2128, 43.3145, 47.1875, 50.8318, 54.2647, 57.6858, 61.2395, 64.8812, 68.5918, 72.0725, 75.3533, 78.7663, 82.3149, 85.7739, 89.1319, 92.5252, 95.9347, 99.0784, 102.1431, 105.3177, 108.4185, 111.5435, 114.7041, 117.8242, 120.9183, 123.9258, 126.8413, 129.7066, 132.554, 135.421, 138.148, 140.7935, 143.5852, 146.3122, 149.0266, 151.7544, 154.6614, 157.5658, 160.4526, 163.4025, 166.318, 169.3845, 172.2949]
growth_rate:16.08
