ticker:MOO
price:[67.7300033569336, 67.93000030517578, 68.44000244140625, 66.61000061035156, 66.66000366210938, 69.69999694824219, 69.44999694824219, 69.30999755859375, 66.37999725341797, 70.55999755859375, 72.81999969482422, 74.06999969482422, 76.0199966430664, 76.33000183105469, 75.87999725341797, 77.86000061035156, 77.13999938964844, 77.88999938964844, 82.37999725341797, 82.13999938964844, 82.69000244140625, 78.80999755859375, 83.4800033569336, 85.69999694824219, 86.47000122070312, 84.77999877929688, 85.16999816894531, 88.58000183105469, 88.0, 87.93000030517578, 87.77999877929688, 88.5999984741211, 90.83999633789062, 91.31999969482422, 91.41000366210938, 94.80000305175781, 93.62999725341797, 92.08000183105469, 92.91999816894531, 93.69999694824219, 92.93000030517578, 89.01000213623047, 91.44999694824219, 92.12999725341797, 91.73999786376953, 90.18000030517578, 91.44000244140625, 91.76000213623047, 91.55000305175781, 93.6500015258789, 90.44999694824219, 92.87999725341797]
assets:[0, 99.99975344924927, 200.7482151611328, 295.382047706604, 395.60045773315426, 513.6401875106811, 611.7989131164551, 710.5660949707031, 780.5291977043152, 929.6773598327637, 1059.4508935600281, 1177.6389251480102, 1308.6386302124024, 1413.9751189193726, 1505.6412575012207, 1644.9326608947754, 1729.717920314026, 1846.5382155303955, 2052.9836735527037, 2146.999946046448, 2261.3731107666017, 2255.266295135498, 2488.9062120849608, 2655.097315452576, 2778.955605230713, 2824.640653329468, 2937.6324748443603, 3155.246239222717, 3234.5896000000002, 3332.0194315643307, 3426.334248352051, 3558.344278717804, 3748.30351689148, 3868.114283073425, 3971.929197125244, 4219.23529582367, 4267.159035825348, 4296.517341438293, 4435.712660591125, 4572.944021061707, 4635.367001222229, 4539.839445955658, 4764.288781011963, 4899.712791929626, 4978.968208061218, 4994.303686901093, 5164.083281878662, 5282.155346971894, 5370.066839007569, 5593.246341133118, 5502.127584359741, 5749.949853966522]
shares:[0, 1.4721, 2.9332, 4.4345, 5.9346, 7.3693, 8.8092, 10.252, 11.7585, 13.1757, 14.5489, 15.899, 17.2144, 18.5245, 19.8424, 21.1268, 22.4231, 23.707, 24.9209, 26.1383, 27.3476, 28.6165, 29.8144, 30.9813, 32.1378, 33.3173, 34.4914, 35.6203, 36.7567, 37.894, 39.0332, 40.1619, 41.2627, 42.3578, 43.4518, 44.5067, 45.5747, 46.6607, 47.7369, 48.8041, 49.8802, 51.0037, 52.0972, 53.1826, 54.2726, 55.3815, 56.4751, 57.5649, 58.6572, 59.725, 60.8306, 61.9073]
growth_rate:12.74
