ticker:MOON
price:[25.309999465942383, 27.479999542236328, 30.200000762939453, 29.325000762939453, 29.75, 31.510000228881836, 33.040000915527344, 31.760000228881836, 35.1349983215332, 36.14899826049805, 39.0099983215332, 39.499000549316406, 44.790000915527344, 49.970001220703125, 49.189998626708984, 42.560001373291016, 38.04999923706055, 43.79999923706055, 44.02000045776367, 39.16999816894531, 40.599998474121094, 39.439998626708984, 36.880001068115234, 38.75, 36.790000915527344, 33.86000061035156, 32.439998626708984, 33.52000045776367, 35.43000030517578, 37.2400016784668, 38.470001220703125, 36.380001068115234, 37.189998626708984, 35.70000076293945, 34.77000045776367, 31.8700008392334, 32.08000183105469, 32.45000076293945, 33.20000076293945, 32.63999938964844, 30.93000030517578, 33.439998626708984, 33.720001220703125, 33.720001220703125]
assets:[0, 99.999718334198, 209.8990653026581, 303.81873790435793, 408.220575, 532.3709068670272, 658.2195942390442, 732.7190852804183, 910.5832109996795, 1036.8617171058654, 1218.9220115539551, 1334.2011904548647, 1612.9192859687805, 1899.4546894012449, 1969.8036570068361, 1804.3057222198486, 1713.1060906505586, 2071.9852439086912, 2182.3927686946868, 2041.9437555465697, 2216.4919566970825, 2253.163737545395, 2206.914015916443, 2418.81375, 2396.4675486366273, 2305.6087055603025, 2308.916902256012, 2485.7862499469757, 2727.4297674926756, 2966.7656977169036, 3164.7538854217532, 3092.820324805069, 3261.6818875579834, 3231.003579049301, 3246.833073746109, 3076.028741001129, 3196.2973984375, 3333.1634833667754, 3510.199560664749, 3550.9903975982666, 3464.9549351875307, 3846.138226049423, 3978.34306802063, 4078.343103640747]
shares:[0, 3.639, 6.9503, 10.3604, 13.7217, 16.8953, 19.9219, 23.0705, 25.9167, 28.683, 31.2464, 33.7781, 36.0107, 38.0119, 40.0448, 42.3944, 45.0225, 47.3056, 49.5773, 52.1303, 54.5934, 57.1289, 59.8404, 62.421, 65.1391, 68.0924, 71.175, 74.1583, 76.9808, 79.6661, 82.2655, 85.0143, 87.7032, 90.5043, 93.3803, 96.518, 99.6352, 102.7169, 105.7289, 108.7926, 112.0257, 115.0161, 117.9817, 120.9473]
growth_rate:-5.15
