ticker:MOTO
price:[32.38999938964844, 31.78499984741211, 32.24599838256836, 30.884000778198242, 32.51100158691406, 34.37699890136719, 34.23099899291992, 34.28499984741211, 32.30099868774414, 35.34700012207031, 36.29999923706055, 37.14699935913086, 38.862998962402344, 38.67900085449219, 38.31800079345703, 39.45100021362305, 39.72800064086914, 40.74399948120117, 44.53099822998047, 43.481998443603516, 44.63800048828125, 41.89699935913086, 44.63999938964844, 46.11000061035156, 45.98699951171875, 43.40999984741211, 43.0, 44.0880012512207, 44.02299880981445, 43.3849983215332, 44.49599838256836, 44.96500015258789, 45.8120002746582, 45.69300079345703, 44.41999816894531, 44.7859992980957, 43.4370002746582, 43.60900115966797, 44.965999603271484, 45.880001068115234, 45.516998291015625, 43.89799880981445, 45.34000015258789, 45.56999969482422, 45.1619987487793, 43.935001373291016, 44.71699905395508, 45.77199935913086, 46.652000427246094, 47.09199905395508, 45.176998138427734, 47.018001556396484]
assets:[0, 99.99878801994325, 201.4504256954193, 292.940924181366, 408.37394203338624, 531.8121730041504, 629.5525717784882, 730.5447767486572, 788.2703418758392, 962.6048543243409, 1088.5571171211243, 1213.9565096565248, 1370.0334161216736, 1463.5476380325317, 1549.88649609375, 1695.7144519821165, 1807.6200563594816, 1953.8458999214172, 2235.447204945374, 2282.787525489807, 2443.4752191284183, 2393.433123589325, 2650.129451765442, 2837.3973315582275, 2929.8271401916504, 2865.646024927139, 2938.5813000000003, 3112.9347307453154, 3208.3433256607054, 3261.844698306656, 3445.374100360489, 3581.691583654404, 3749.157897277451, 3839.4183618713378, 3832.4508340209964, 3964.02671227417, 3944.6269311424257, 4060.246579271698, 4286.590755780029, 4473.722200151063, 4538.326935003662, 4476.902290219879, 4723.965547898102, 4847.927961534119, 4904.5253211193085, 4871.2757032630925, 5057.980008292007, 5277.310129310607, 5478.768943375397, 5630.44184608841, 5501.47864300499, 5825.666745042038]
shares:[0, 3.1461, 6.2473, 9.4852, 12.5611, 15.47, 18.3913, 21.308, 24.4039, 27.233, 29.9878, 32.6798, 35.2529, 37.8383, 40.448, 42.9828, 45.4999, 47.9542, 50.1998, 52.4996, 54.7398, 57.1266, 59.3667, 61.5354, 63.7099, 66.0135, 68.3391, 70.6073, 72.8788, 75.1837, 77.4311, 79.6551, 81.8379, 84.0264, 86.2776, 88.5104, 90.8126, 93.1057, 95.3296, 97.5092, 99.7062, 101.9842, 104.1898, 106.3842, 108.5985, 110.8746, 113.1109, 115.2956, 117.4391, 119.5626, 121.7761, 123.9029]
growth_rate:14.23
