ticker:MRAD
price:[25.253999710083008, 26.124000549316406, 26.5, 28.011999130249023, 26.868000030517578, 30.0049991607666, 31.746000289916992, 31.406999588012695, 29.437999725341797, 26.56999969482422, 27.93000030517578, 26.948999404907227, 25.743000030517578, 27.12700080871582, 27.33300018310547, 27.323999404907227, 27.530000686645508, 27.61199951171875, 26.163000106811523, 24.46500015258789, 25.39900016784668, 25.91200065612793, 25.979999542236328, 26.868000030517578, 27.020000457763672, 28.937999725341797, 28.520000457763672, 27.93000030517578, 26.62700080871582, 27.933000564575195, 27.229999542236328, 28.1299991607666, 27.547000885009766, 27.03700065612793, 28.572999954223633, 28.96430015563965]
assets:[0, 100.00006170272827, 201.43975, 312.93324708366396, 400.15318485450746, 546.8741152040482, 678.6056767972947, 771.3590505815506, 823.0011021213531, 842.8189893196106, 985.9597337730407, 1051.3289749843598, 1104.2820265090943, 1263.6516532722474, 1373.248195399475, 1472.7963567237855, 1583.900047505188, 1688.6173525390625, 1700.003723140335, 1689.6727890384673, 1854.1803501531601, 1991.6300560308457, 2096.856155053711, 2268.5270389766692, 2381.361806344223, 2650.4024568443297, 2712.1179995311736, 2756.012331113434, 2727.4383079378126, 2961.2137027513504, 2986.6871007907866, 3185.401722966385, 3219.384937030029, 3259.7808729076387, 3544.9720999206543, 3693.5188665571213]
shares:[0, 3.8279, 7.6015, 11.1714, 14.8933, 18.2261, 21.3761, 24.5601, 27.9571, 31.7207, 35.3011, 39.0118, 42.8964, 46.5828, 50.2414, 53.9012, 57.5336, 61.1552, 64.9774, 69.0649, 73.0021, 76.8613, 80.7104, 84.4323, 88.1333, 91.589, 95.0953, 98.6757, 102.4313, 106.0113, 109.6837, 113.2386, 116.8688, 120.5674, 124.0672, 127.5197]
growth_rate:5.53
