ticker:MXI
price:[70.76000213623047, 71.69999694824219, 72.5199966430664, 68.87999725341797, 69.87999725341797, 72.52999877929688, 71.63999938964844, 71.58999633789062, 67.95999908447266, 73.27999877929688, 74.44000244140625, 75.37000274658203, 77.97000122070312, 80.30000305175781, 80.08000183105469, 81.26000213623047, 80.83999633789062, 81.41000366210938, 87.33000183105469, 84.66999816894531, 84.63999938964844, 80.48999786376953, 83.19000244140625, 84.87000274658203, 85.88999938964844, 83.56999969482422, 85.5199966430664, 88.12999725341797, 86.30999755859375, 87.16000366210938, 87.6500015258789, 89.25, 92.2300033569336, 92.44999694824219, 91.4800033569336, 97.4000015258789, 96.01000213623047, 94.5999984741211, 95.4800033569336, 96.66999816894531, 94.31999969482422, 88.4800033569336, 91.56999969482422, 91.4800033569336, 91.93000030517578, 90.11000061035156, 90.91999816894531, 93.04000091552734, 92.69000244140625, 94.62000274658203, 89.69000244140625, 92.4000015258789]
assets:[0, 99.99998574371338, 201.141462689209, 291.04554039459225, 395.26921646423335, 510.25579441223147, 603.996834854126, 703.5721660095214, 767.900417655182, 928.0105765411377, 1042.7034461975097, 1155.7311591163634, 1295.5963222839355, 1434.3106245101928, 1530.384890992737, 1652.934081453705, 1744.3896929779053, 1856.6935305206298, 2091.7107378570554, 2128.0025969802855, 2227.250799938965, 2218.0467731323242, 2392.4529612121582, 2540.770246224976, 2671.307816017151, 2699.152207143402, 2862.1319356521603, 3049.482977962494, 3086.5059296936033, 3216.9014151611327, 3334.986143058014, 3495.860025, 3712.5804401283267, 3821.4391138549804, 3881.3410264289855, 4232.517066307068, 4272.118661054993, 4309.37995049057, 4449.463636436462, 4604.914030776978, 4592.968977139282, 4408.586951261902, 4662.55208746109, 4757.966454597474, 4881.372700204468, 4884.736979086303, 5028.648718727112, 5245.902283620453, 5326.171458288574, 5537.077402727508, 5348.582574591064, 5610.195452645874]
shares:[0, 1.3947, 2.7736, 4.2254, 5.6564, 7.0351, 8.431, 9.8278, 11.2993, 12.6639, 14.0073, 15.3341, 16.6166, 17.8619, 19.1107, 20.3413, 21.5783, 22.8067, 23.9518, 25.1329, 26.3144, 27.5568, 28.7589, 29.9372, 31.1015, 32.2981, 33.4674, 34.6021, 35.7607, 36.908, 38.0489, 39.1693, 40.2535, 41.3352, 42.4283, 43.455, 44.4966, 45.5537, 46.601, 47.6354, 48.6956, 49.8258, 50.9179, 52.011, 53.0988, 54.2086, 55.3085, 56.3833, 57.4622, 58.5191, 59.6341, 60.7164]
growth_rate:10.0
