ticker:NLR
price:[44.380001068115234, 43.9900016784668, 44.20000076293945, 43.97999954223633, 45.2400016784668, 46.709999084472656, 46.790000915527344, 47.27000045776367, 45.209999084472656, 47.08000183105469, 48.630001068115234, 48.560001373291016, 49.290000915527344, 48.59000015258789, 48.849998474121094, 50.02000045776367, 48.40999984741211, 49.189998626708984, 50.0, 49.5, 49.790000915527344, 48.45000076293945, 50.11000061035156, 50.63999938964844, 49.900001525878906, 47.630001068115234, 48.560001373291016, 51.310001373291016, 52.119998931884766, 52.68000030517578, 52.5099983215332, 53.25, 53.689998626708984, 53.349998474121094, 53.5099983215332, 55.189998626708984, 54.68000030517578, 54.650001525878906, 54.459999084472656, 55.0, 55.650001525878906, 53.150001525878906, 53.310001373291016, 53.13999938964844, 52.77000045776367, 52.58000183105469, 52.33000183105469, 51.900001525878906, 52.27000045776367, 53.02000045776367, 53.2400016784668, 53.52000045776367]
assets:[0, 99.99807181549073, 200.47352346038818, 299.47740888290406, 408.0557671394348, 521.316286782074, 622.208753174591, 728.5914250556946, 796.8397968635559, 929.7970801620484, 1060.4063512908936, 1158.8795767734528, 1276.3004967063903, 1358.173107265091, 1465.4413342254638, 1600.539974647522, 1649.0237118022917, 1775.5917044288635, 1904.8300000000002, 1985.7815999999998, 2097.4137465667723, 2140.9667737136842, 2314.320356188965, 2438.797050605774, 2503.1587265434264, 2489.2867458229066, 2637.8909626003265, 2887.2753492767333, 3032.852313846588, 3165.4411263374327, 3255.2260709476473, 3401.0987999999998, 3529.199310729599, 3606.8493518394466, 3717.665994386673, 3934.38462210083, 3998.0266463134762, 4095.8318043594363, 4181.591217703247, 4323.055, 4474.1432576774605, 4373.150235548401, 4486.31382756958, 4572.006127487183, 4640.171680252075, 4723.466626490784, 4801.005551989746, 4861.556182931518, 4996.212312755203, 5167.901860618591, 5289.346250754166, 5417.16599833374]
shares:[0, 2.2732, 4.5356, 6.8094, 9.0198, 11.1607, 13.2979, 15.4134, 17.6253, 19.7493, 21.8056, 23.8649, 25.8937, 27.9517, 29.9988, 31.998, 34.0637, 36.0966, 38.0966, 40.1168, 42.1252, 44.1892, 46.1848, 48.1595, 50.1635, 52.263, 54.3223, 56.2712, 58.1898, 60.0881, 61.9925, 63.8704, 65.7329, 67.6073, 69.4761, 71.288, 73.1168, 74.9466, 76.7828, 78.601, 80.3979, 82.2794, 84.1552, 86.037, 87.932, 89.8339, 91.7448, 93.6716, 95.5847, 97.4708, 99.3491, 101.2176]
growth_rate:6.22
