ticker:NRGD
price:[209.5, 264.5, 226.8000030517578, 294.739990234375, 324.0, 271.79998779296875, 290.3999938964844, 282.0, 339.20001220703125, 316.1400146484375, 129.3000030517578, 104.9000015258789, 70.80000305175781, 56.79999923706055, 52.099998474121094, 60.0, 61.900001525878906, 61.099998474121094, 44.599998474121094, 40.459999084472656, 41.0, 50.20000076293945, 38.0, 30.899999618530273, 26.5, 21.5, 16.450000762939453, 15.699999809265137, 19.200000762939453, 17.700000762939453, 17.389999389648438, 20.25, 20.170000076293945, 21.177000045776367, 18.0, 13.600000381469727, 13.854000091552734, 14.829999923706055, 14.100000381469727, 11.34000015258789, 11.699999809265137, 13.430000305175781, 10.529999732971191, 10.850000381469727, 12.359999656677246, 16.25, 16.110000610351562, 15.119999885559082, 14.649999618530273, 14.899999618530273, 18.93000030517578, 14.279999732971191]
assets:[0, 100.00744999999999, 185.74920249938964, 341.3973306884766, 475.27560000000005, 498.69861760253906, 632.8396666992187, 714.5315999999999, 959.4611545288085, 994.2287320678711, 506.6362019577026, 511.03084743347165, 444.9072191772461, 456.9332738624573, 519.1243847961426, 697.842, 819.9398002120971, 909.3451672904968, 763.7794338691712, 792.8824640586853, 903.4636999999999, 1206.1905583316802, 1013.0534, 923.7709385957718, 892.23115, 823.8864500000001, 730.3685188739776, 797.068580316639, 1074.7584427070617, 1090.7926370174407, 1171.6877278762818, 1464.3868499999999, 1558.6024668954851, 1736.4165895534516, 1575.9180000000001, 1290.6930762029647, 1414.7981973495484, 1614.469424694252, 1634.9979742341995, 1414.9553230392455, 1559.874394570732, 1890.5223409591674, 1582.293568874836, 1730.3786758375168, 2071.1960424685476, 2823.052375, 2898.730405822754, 2820.5966666513445, 2832.9187712339403, 2981.2619536737443, 3887.603051673126, 3032.6449712910653]
shares:[0, 0.3781, 0.819, 1.1583, 1.4669, 1.8348, 2.1792, 2.5338, 2.8286, 3.1449, 3.9183, 4.8716, 6.284, 8.0446, 9.964, 11.6307, 13.2462, 14.8829, 17.1251, 19.5967, 22.0357, 24.0277, 26.6593, 29.8955, 33.6691, 38.3203, 44.3993, 50.7687, 55.977, 61.6267, 67.3771, 72.3154, 77.2733, 81.9954, 87.551, 94.9039, 102.122, 108.8651, 115.9573, 124.7756, 133.3226, 140.7686, 150.2653, 159.4819, 167.5725, 173.7263, 179.9336, 186.5474, 193.3733, 200.0847, 205.3673, 212.3701]
growth_rate:-40.54
