ticker:NRGU
price:[50.599998474121094, 38.79999923706055, 43.79999923706055, 32.400001525878906, 29.0, 33.20000076293945, 30.850000381469727, 30.219999313354492, 24.06999969482422, 25.270000457763672, 40.79999923706055, 48.15999984741211, 64.05999755859375, 71.91999816894531, 76.04000091552734, 65.16999816894531, 60.90999984741211, 61.16999816894531, 80.12000274658203, 84.62000274658203, 81.13999938964844, 66.0, 83.3499984741211, 98.41999816894531, 112.72000122070312, 128.41000366210938, 170.8800048828125, 174.39999389648438, 136.8699951171875, 146.69000244140625, 146.8000030517578, 123.55000305175781, 122.93000030517578, 115.13999938964844, 131.69000244140625, 169.7100067138672, 162.6999969482422, 149.4499969482422, 155.00999450683594, 189.61000061035156, 182.66000366210938, 154.85000610351562, 192.19000244140625, 183.75999450683594, 157.35000610351562, 117.02999877929688, 113.76000213623047, 119.77999877929688, 120.63999938964844, 117.0, 90.83999633789062, 116.41000366210938]
assets:[0, 99.99923803367615, 212.8855162918091, 257.47633212585447, 330.4579, 478.315730991745, 544.4593167324066, 633.3416796094895, 604.4506463363648, 734.586278306961, 1286.036375951767, 1618.0266988735198, 2252.214988165283, 2628.5536690780636, 2879.132970664978, 2567.5545538604733, 2499.722029737854, 2610.39296986084, 3519.0708206367494, 3816.72598988266, 3759.7598097183227, 3158.2254000000003, 4088.459120153045, 4927.67278432312, 5743.647662200928, 6643.137447454834, 8940.270975463867, 9224.43423717041, 7339.379748168945, 7965.956575579834, 8071.93028780365, 6893.509485273742, 6958.919801275635, 6617.93628691864, 7669.1911651794435, 9983.34388394928, 9670.96916860199, 8983.379536560058, 9417.585713264465, 11619.699018403626, 11293.794962426759, 9674.31607131958, 12107.143736798096, 11676.091674964906, 10097.999581695556, 7610.449117617798, 7497.796604796601, 7994.572282525634, 8151.970486756897, 8006.005800000001, 6315.941433380127, 8193.774209765626]
shares:[0, 2.5773, 4.8604, 7.9468, 11.3951, 14.4071, 17.6486, 20.9577, 25.1122, 29.0695, 31.5205, 33.5969, 35.1579, 36.5483, 37.8634, 39.3978, 41.0396, 42.6744, 43.9225, 45.1043, 46.3367, 47.8519, 49.0517, 50.0678, 50.955, 51.7338, 52.319, 52.8924, 53.623, 54.3047, 54.9859, 55.7953, 56.6088, 57.4773, 58.2367, 58.8259, 59.4405, 60.1096, 60.7547, 61.2821, 61.8296, 62.4754, 62.9957, 63.5399, 64.1754, 65.0299, 65.9089, 66.7438, 67.5727, 68.4274, 69.5282, 70.3872]
growth_rate:60.66
