ticker:NUGT
price:[93.36000061035156, 94.5199966430664, 95.3499984741211, 81.77999877929688, 83.9800033569336, 91.41999816894531, 87.36000061035156, 82.7699966430664, 76.87999725341797, 92.95999908447266, 77.68000030517578, 69.05000305175781, 62.75, 66.69000244140625, 65.58999633789062, 71.19000244140625, 69.2699966430664, 69.4000015258789, 70.83000183105469, 63.20000076293945, 65.58000183105469, 62.810001373291016, 62.900001525878906, 63.5099983215332, 56.18000030517578, 50.349998474121094, 52.45000076293945, 56.7400016784668, 59.2400016784668, 55.34000015258789, 58.209999084472656, 62.09000015258789, 66.63999938964844, 66.77999877929688, 60.5, 71.41000366210938, 73.08000183105469, 78.29000091552734, 78.7699966430664, 75.87000274658203, 74.18000030517578, 58.65999984741211, 59.40999984741211, 59.540000915527344, 59.2400016784668, 57.709999084472656, 55.0, 61.04999923706055, 55.029998779296875, 53.529998779296875, 47.2400016784668, 52.72999954223633]
assets:[0, 100.00215644836426, 200.8833767852783, 272.29468393554686, 379.62320717468265, 513.2592957199097, 590.4662441253662, 659.4451172546387, 712.5161265449523, 961.5410465301514, 903.488315549469, 903.1118949142457, 920.7119250000001, 1078.5240574829102, 1160.7330471923829, 1359.8358316345216, 1423.1590080314638, 1525.8284335479736, 1657.2662168426514, 1578.7423390583037, 1738.1979485321044, 1764.778889585495, 1867.3060552986146, 1985.4178125286103, 1856.2714800834656, 1763.639606552124, 1937.1988181785582, 2195.645148950958, 2392.3837717842102, 2334.8831504379273, 2555.9719547996524, 2826.343015945816, 3133.459419300842, 3240.045336773682, 3035.3515500000003, 3682.7210038604735, 3868.8479889358523, 4244.664637637329, 4370.6871727348325, 4309.772745018768, 4313.774721746826, 3511.2409408664703, 3656.1329776096345, 3764.130765879822, 3845.161876946258, 3845.8520489883426, 3765.256, 4279.43400652008, 3957.4493442138673, 3949.577134933472, 3585.487783394623, 4102.177771387864]
shares:[0, 1.058, 2.1068, 3.3296, 4.5204, 5.6143, 6.759, 7.9672, 9.2679, 10.3436, 11.6309, 13.0791, 14.6727, 16.1722, 17.6968, 19.1015, 20.5451, 21.986, 23.3978, 24.9801, 26.505, 28.0971, 29.6869, 31.2615, 33.0415, 35.0276, 36.9342, 38.6966, 40.3846, 42.1916, 43.9095, 45.5201, 47.0207, 48.5182, 50.1711, 51.5715, 52.9399, 54.2172, 55.4867, 56.8047, 58.1528, 59.8575, 61.5407, 63.2202, 64.9082, 66.641, 68.4592, 70.0972, 71.9144, 73.7825, 75.8994, 77.7959]
growth_rate:-19.57
