ticker:OGIG
price:[43.11000061035156, 41.68000030517578, 41.81999969482422, 43.08000183105469, 44.45000076293945, 47.0, 47.400001525878906, 47.21500015258789, 44.9900016784668, 50.28499984741211, 47.720001220703125, 49.36000061035156, 50.93000030517578, 51.22999954223633, 52.810001373291016, 55.2599983215332, 54.630001068115234, 54.279998779296875, 56.18000030517578, 55.3650016784668, 59.025001525878906, 56.540000915527344, 61.41999816894531, 63.68000030517578, 62.83000183105469, 57.279998779296875, 53.43000030517578, 54.61000061035156, 53.58000183105469, 51.529998779296875, 53.599998474121094, 54.97999954223633, 55.61000061035156, 55.66999816894531, 54.689998626708984, 51.79999923706055, 49.790000915527344, 51.25, 52.959999084472656, 53.02000045776367, 54.20000076293945, 55.33000183105469, 57.220001220703125, 56.75, 56.279998779296875, 54.45000076293945, 56.4900016784668, 54.599998474121094, 54.59000015258789, 54.400001525878906, 52.720001220703125, 56.0099983215332]
assets:[0, 99.99865673217774, 200.33452653808592, 306.3720490219116, 416.11423714218137, 539.9877, 644.5831407501221, 742.0687143981934, 807.0981351108551, 1002.089533959198, 1050.9757628845216, 1187.093206678772, 1324.8522839385987, 1432.6571831985473, 1576.8432690048217, 1749.995730845642, 1830.0449427806855, 1918.3202928588867, 2085.4690273284914, 2155.2155663383483, 2397.6900019836426, 2396.747600809479, 2703.610047399902, 2903.0947979125976, 2964.3446183898923, 2802.492676275635, 2714.1264695022583, 2874.069722122192, 2919.8636317840574, 2908.1470111083986, 3124.9710310386654, 3305.4250624790193, 3443.2989447921755, 3547.013933334351, 3584.5739249897, 3495.1531485214236, 3459.528759613037, 3660.9719999999998, 3883.122460871887, 3987.5228924274443, 4176.267238786697, 4363.335010397339, 4612.378414398193, 4674.491825, 4735.77617328186, 4681.785305599976, 4957.189713291168, 4891.335403304291, 4990.437666949082, 5073.066702295685, 5016.397740151978, 5429.446808294297]
shares:[0, 2.3992, 4.7904, 7.1117, 9.3614, 11.4891, 13.5988, 15.7168, 17.9395, 19.9282, 22.0238, 24.0497, 26.0132, 27.9652, 29.8588, 31.6684, 33.4989, 35.3412, 37.1212, 38.9274, 40.6216, 42.3903, 44.0184, 45.5888, 47.1804, 48.9262, 50.7978, 52.629, 54.4954, 56.436, 58.3017, 60.1205, 61.9187, 63.715, 65.5435, 67.474, 69.4824, 71.4336, 73.3218, 75.2079, 77.0529, 78.8602, 80.6078, 82.3699, 84.1467, 85.9832, 87.7534, 89.5849, 91.4167, 93.2549, 95.1517, 96.9371]
growth_rate:6.46
