ticker:OIH
price:[124.98999786376953, 111.55999755859375, 115.44000244140625, 97.37000274658203, 96.75, 102.80999755859375, 97.0999984741211, 102.11000061035156, 95.66999816894531, 100.5, 119.19000244140625, 132.16000366210938, 147.72999572753906, 161.75999450683594, 164.00999450683594, 159.02000427246094, 154.11000061035156, 154.0, 175.64999389648438, 178.99000549316406, 172.00999450683594, 162.58999633789062, 176.80999755859375, 181.1999969482422, 182.97000122070312, 200.67999267578125, 222.0, 220.72999572753906, 198.1699981689453, 196.16000366210938, 196.8000030517578, 184.50999450683594, 183.4600067138672, 176.11000061035156, 182.6300048828125, 217.2899932861328, 217.92999267578125, 212.75999450683594, 212.8800048828125, 244.63999938964844, 235.35000610351562, 216.88999938964844, 229.0399932861328, 226.0500030517578, 213.6199951171875, 189.35000610351562, 188.25, 190.8699951171875, 185.91000366210938, 184.02999877929688, 168.5, 191.2899932861328]
assets:[0, 100.00238181152343, 203.4860923034668, 271.6330966621399, 369.90427500000004, 493.07674829101563, 565.6948811103821, 694.8789761535645, 751.0573206253052, 888.9727499999999, 1154.2955786437988, 1379.9090302368165, 1642.476865498352, 1898.4638235305786, 2024.8673921813966, 2063.2686534347536, 2099.5638263153073, 2198.0728, 2607.0850344085693, 2756.6608726013183, 2749.166938204956, 2698.603723217773, 3034.6253500976563, 3209.9760659378053, 3341.3249742919925, 3764.7365945983884, 4264.7088, 4340.302197988892, 3996.692523071289, 4056.1573237243656, 4169.385184654236, 4009.014709645081, 4086.204729537964, 4022.493301940918, 4271.423606201172, 5182.062133883667, 5297.333296966553, 5271.660763893127, 5374.624059277344, 6276.48382434082, 6138.139974185181, 5756.694363800049, 6179.178362869263, 6198.5171336822505, 5957.669405822754, 5380.796993444825, 5449.5363, 5625.377757092286, 5579.196391900635, 5622.778970703125, 5248.286349999999, 6058.134958372497]
shares:[0, 0.8964, 1.7627, 2.7897, 3.8233, 4.796, 5.8259, 6.8052, 7.8505, 8.8455, 9.6845, 10.4412, 11.1181, 11.7363, 12.346, 12.9749, 13.6238, 14.2732, 14.8425, 15.4012, 15.9826, 16.5976, 17.1632, 17.7151, 18.2616, 18.7599, 19.2104, 19.6634, 20.168, 20.6778, 21.1859, 21.7279, 22.273, 22.8408, 23.3884, 23.8486, 24.3075, 24.7775, 25.2472, 25.656, 26.0809, 26.542, 26.9786, 27.421, 27.8891, 28.4172, 28.9484, 29.4723, 30.0102, 30.5536, 31.1471, 31.6699]
growth_rate:18.79
