ticker:PBD
price:[20.06999969482422, 20.079999923706055, 21.1299991607666, 20.489999771118164, 22.489999771118164, 24.700000762939453, 24.450000762939453, 23.959999084472656, 22.969999313354492, 25.719999313354492, 26.540000915527344, 27.950000762939453, 30.360000610351562, 29.59000015258789, 29.760000228881836, 32.290000915527344, 34.43000030517578, 34.75, 39.709999084472656, 37.650001525878906, 40.709999084472656, 36.900001525878906, 38.95000076293945, 39.349998474121094, 37.099998474121094, 33.79999923706055, 30.5, 33.439998626708984, 31.790000915527344, 30.8799991607666, 32.58000183105469, 31.760000228881836, 30.8799991607666, 31.389999389648438, 30.459999084472656, 28.610000610351562, 27.3700008392334, 28.81999969482422, 29.700000762939453, 29.90999984741211, 30.209999084472656, 29.600000381469727, 30.579999923706055, 30.799999237060547, 30.3700008392334, 28.559999465942383, 29.25, 29.6200008392334, 29.350000381469727, 29.059999465942383, 28.030000686645508, 29.309999465942383]
assets:[0, 100.00040762004852, 205.22934284877778, 299.0126156599045, 428.1983506422043, 570.2760876148224, 664.5045657352448, 751.1867032966614, 820.1484194831847, 1018.3370768135071, 1150.8036336982727, 1311.9422908115387, 1525.064802659607, 1586.3850061805726, 1695.4986370399474, 1939.6377519950865, 2168.184510218048, 2288.33615, 2714.96072440567, 2674.1177133766173, 2991.4562237251284, 2811.488606259918, 3067.68258508873, 3199.186355944824, 3116.2588918319702, 2939.0721736587525, 2752.1217500000002, 3117.407087976456, 3063.5864932289123, 3075.888780405807, 3345.2233640075683, 3361.0274322216032, 3367.8993164697645, 3523.521153488159, 3519.128982226562, 3405.394013648987, 3357.7982319585803, 3635.6861915016175, 3846.699548814773, 3973.8994087268825, 4113.759016330719, 4130.694853234291, 4367.4539371036535, 4498.875808559417, 4536.066362347984, 4365.724358363152, 4571.198775000001, 4729.022701988983, 4785.916722203827, 4838.629399076843, 4767.129488779449, 5084.8218093494415]
shares:[0, 4.9801, 9.7127, 14.5931, 19.0395, 23.0881, 27.1781, 31.3517, 35.7052, 39.5932, 43.3611, 46.9389, 50.2327, 53.6122, 56.9724, 60.0693, 62.9737, 65.8514, 68.3697, 71.0257, 73.4821, 76.1921, 78.7595, 81.3008, 83.9962, 86.9548, 90.2335, 93.2239, 96.3695, 99.6078, 102.6772, 105.8258, 109.0641, 112.2498, 115.5328, 119.0281, 122.6817, 126.1515, 129.5185, 132.8619, 136.1721, 139.5505, 142.8206, 146.0674, 149.3601, 152.8615, 156.2803, 159.6564, 163.0636, 166.5048, 170.0724, 173.4842]
growth_rate:-0.3
