ticker:PBE
price:[54.349998474121094, 54.279998779296875, 57.5, 55.900001525878906, 56.43000030517578, 62.279998779296875, 61.459999084472656, 59.66999816894531, 56.540000915527344, 61.5099983215332, 62.56999969482422, 61.709999084472656, 63.59000015258789, 65.12000274658203, 66.69000244140625, 71.12000274658203, 72.19000244140625, 70.12999725341797, 74.72000122070312, 76.13999938964844, 76.36000061035156, 75.68000030517578, 80.87999725341797, 82.01000213623047, 78.9800033569336, 74.16999816894531, 71.06999969482422, 74.33000183105469, 75.33000183105469, 72.6500015258789, 74.4000015258789, 72.94000244140625, 75.23999786376953, 76.51000213623047, 75.41999816894531, 71.75, 71.08999633789062, 72.22000122070312, 73.22000122070312, 71.91999816894531, 77.20999908447266, 76.51000213623047, 78.80999755859375, 77.25, 77.08000183105469, 72.52999877929688, 74.86000061035156, 75.4000015258789, 76.80999755859375, 76.08000183105469, 75.91999816894531, 78.18000030517578]
assets:[0, 100.00004175109864, 205.9305, 300.1997781944275, 403.0456341796875, 544.8316573211671, 637.6597825012207, 719.0891149337768, 781.3715046524048, 950.0588300750733, 1066.430560798645, 1151.773935912323, 1286.8644740879058, 1417.8252597999574, 1552.009736816406, 1755.1065397804261, 1881.5096906311037, 1927.8175204986574, 2153.9908351898193, 2294.9281076034545, 2401.560199195862, 2480.1774020011903, 2750.591210593414, 2889.0237522544858, 2882.280446507263, 2806.7484877090455, 2789.4406320220946, 3017.3966923309326, 3157.9918697616577, 3145.6433560684204, 3321.416948119354, 3356.239390338135, 3562.072170864868, 3722.196301927185, 3769.1672024917607, 3685.75445, 3751.8527557281495, 3911.493042114258, 4065.650397781372, 4093.4633437820435, 4494.5561877052305, 4553.806468146515, 4790.702131591796, 4795.873125, 4885.322808052063, 4696.941178948975, 4947.82682434082, 5083.520882875824, 5278.582738220215, 5328.415088241578, 5417.210733346558, 5678.471416165925]
shares:[0, 1.8423, 3.5814, 5.3703, 7.1424, 8.7481, 10.3752, 12.0511, 13.8198, 15.4456, 17.0438, 18.6643, 20.2369, 21.7725, 23.272, 24.6781, 26.0633, 27.4892, 28.8275, 30.1409, 31.4505, 32.7719, 34.0083, 35.2277, 36.4938, 37.8421, 39.2492, 40.5946, 41.9221, 43.2986, 44.6427, 46.0137, 47.3428, 48.6498, 49.9757, 51.3694, 52.7761, 54.1608, 55.5265, 56.9169, 58.2121, 59.5191, 60.788, 62.0825, 63.3799, 64.7586, 66.0944, 67.4207, 68.7226, 70.037, 71.3542, 72.6333]
growth_rate:11.34
