ticker:PBW
price:[53.59000015258789, 53.65999984741211, 57.310001373291016, 56.459999084472656, 62.540000915527344, 70.56999969482422, 69.25, 67.69999694824219, 63.31999969482422, 73.18000030517578, 75.55999755859375, 84.58999633789062, 95.19999694824219, 89.0, 89.25, 98.36000061035156, 107.56999969482422, 103.38999938964844, 122.20999908447266, 119.02999877929688, 131.3000030517578, 119.48999786376953, 129.8699951171875, 132.8699951171875, 120.26000213623047, 108.05999755859375, 94.0199966430664, 108.12000274658203, 101.16000366210938, 93.73999786376953, 99.25, 94.2699966430664, 87.91000366210938, 91.08999633789062, 87.88999938964844, 80.88999938964844, 75.31999969482422, 79.44000244140625, 83.08999633789062, 86.38999938964844, 89.43000030517578, 87.7699966430664, 90.58000183105469, 90.44999694824219, 87.66000366210938, 80.44000244140625, 81.55000305175781, 83.66999816894531, 82.52999877929688, 81.41999816894531, 74.9800033569336, 80.9800033569336]
assets:[0, 100.0007757156372, 206.8031399555206, 303.7378570747375, 436.4479043891907, 592.4845464378357, 681.399225, 766.1473254638672, 816.5810480644226, 1043.7370723526, 1177.685677947998, 1418.4304355926513, 1696.340185621643, 1685.8646999999999, 1790.595975, 2073.369796865845, 2367.5081232833863, 2375.50930397644, 2907.9258232154843, 2932.2564079284666, 3334.5211375030517, 3134.5930629600525, 3506.8924651489256, 3687.8997234741214, 3437.8967330688474, 3189.1314839477536, 2874.774221357727, 3405.899018520355, 3286.648054980469, 3145.576864315796, 3430.477, 3358.349776409912, 3231.773927627564, 3448.6763703521733, 3427.525407197571, 3254.536324443054, 3130.434763316345, 3401.6685685424804, 3657.9623077789306, 3903.23839642334, 4140.591128129578, 4163.729647750092, 4397.034086885071, 4490.7247634841915, 4452.207755996704, 4185.510515032959, 4343.263457533264, 4556.174447291564, 4594.0984060485835, 4632.309375823975, 4365.913141466522, 4815.2815476119995]
shares:[0, 1.8636, 3.6085, 5.3797, 6.9787, 8.3957, 9.8397, 11.3168, 12.8961, 14.2626, 15.5861, 16.7683, 17.8187, 18.9423, 20.0627, 21.0794, 22.009, 22.9762, 23.7945, 24.6346, 25.3962, 26.2331, 27.0031, 27.7557, 28.5872, 29.5126, 30.5762, 31.5011, 32.4896, 33.5564, 34.564, 35.6248, 36.7623, 37.8601, 38.9979, 40.2341, 41.5618, 42.8206, 44.0241, 45.1816, 46.2998, 47.4391, 48.5431, 49.6487, 50.7895, 52.0327, 53.2589, 54.4541, 55.6658, 56.894, 58.2277, 59.4626]
growth_rate:-5.58
