ticker:PDEV
price:[25.694000244140625, 25.38599967956543, 25.44700050354004, 25.44700050354004, 24.7549991607666, 24.7549991607666, 24.7549991607666, 24.94300079345703, 24.94300079345703, 24.982999801635742, 26.854999542236328, 27.334999084472656, 27.334999084472656, 27.334999084472656, 27.334999084472656, 27.334999084472656, 27.334999084472656, 27.334999084472656, 29.43000030517578, 29.1560001373291, 29.1560001373291, 29.1560001373291, 28.97599983215332, 28.97599983215332, 29.891000747680664, 29.290000915527344, 29.621000289916992, 30.240999221801758, 30.302000045776367, 30.35300064086914, 30.232999801635742, 30.34000015258789, 30.70800018310547, 30.940000534057617, 30.67799949645996, 31.707000732421875, 31.520999908447266, 31.329999923706055, 31.969999313354492, 32.279998779296875, 32.61600112915039, 32.13399887084961, 31.950000762939453, 31.958999633789062, 31.440000534057617, 31.56999969482422, 31.729999542236328, 31.86199951171875, 32.13199996948242, 32.3650016784668, 31.799999237060547, 32.250999450683594]
assets:[0, 100.00052993774415, 200.2399022623062, 300.23898014106754, 392.0746277080536, 492.0749223178864, 592.0752169277191, 696.5707116584778, 796.5696961395264, 897.8465417711258, 1065.1229918441772, 1184.1603608390808, 1284.1599879898072, 1384.1596151405333, 1484.1592422912597, 1584.158869441986, 1684.1584965927125, 1784.1581237434386, 2020.8992609558106, 2102.0834667011263, 2202.0827159721375, 2302.081965243149, 2387.868682168007, 2487.8677551887513, 2666.4297107969282, 2712.8164527954104, 2843.4738470306397, 3002.9917047233585, 3109.048838896751, 3214.282602965927, 3301.5735802377703, 3413.259119166183, 3554.659835595703, 3681.5166295469285, 3750.3424892429352, 3976.137159347534, 4052.812563228607, 4128.25383394699, 4312.58346637516, 4454.400959552002, 4600.767456876374, 4632.777897609711, 4706.251087381363, 4807.576335411071, 4829.504770036697, 4949.475098155212, 5074.55978879013, 5195.669350177002, 5339.698968128586, 5478.420597613907, 5482.7841484580995, 5660.543843886566]
shares:[0, 3.9392, 7.8689, 11.7986, 15.8382, 19.8778, 23.9174, 27.9265, 31.9356, 35.9383, 39.662, 43.3203, 46.9786, 50.6369, 54.2952, 57.9535, 61.6118, 65.2701, 68.668, 72.0978, 75.5276, 78.9574, 82.4085, 85.8596, 89.2051, 92.6192, 95.9952, 99.302, 102.6021, 105.8967, 109.2043, 112.5003, 115.7568, 118.9889, 122.2486, 125.4025, 128.575, 131.7668, 134.8947, 137.9926, 141.0586, 144.1706, 147.3005, 150.4295, 153.6102, 156.7778, 159.9294, 163.0679, 166.1801, 169.2699, 172.4146, 175.5153]
growth_rate:10.99
