ticker:PEX
price:[27.760000228881836, 27.860000610351562, 28.09000015258789, 26.1299991607666, 27.280000686645508, 27.729999542236328, 27.079999923706055, 27.420000076293945, 25.579999923706055, 27.450000762939453, 29.3799991607666, 30.329999923706055, 31.229999542236328, 32.2400016784668, 31.8700008392334, 32.290000915527344, 31.719999313354492, 31.989999771118164, 32.83000183105469, 32.5099983215332, 32.79999923706055, 32.02000045776367, 34.029998779296875, 34.290000915527344, 34.27000045776367, 34.33000183105469, 34.880001068115234, 36.27000045776367, 35.779998779296875, 35.13999938964844, 35.709999084472656, 36.650001525878906, 37.02000045776367, 36.91999816894531, 37.189998626708984, 37.63999938964844, 37.4900016784668, 37.63999938964844, 38.119998931884766, 38.5099983215332, 38.70000076293945, 37.2400016784668, 36.810001373291016, 36.9900016784668, 36.900001525878906, 36.45000076293945, 37.459999084472656, 37.93000030517578, 38.61000061035156, 39.0099983215332, 37.90999984741211, 38.54999923706055]
assets:[0, 100.00068619079589, 200.82664709091188, 286.8133227882385, 399.43649805393216, 506.0253506465912, 594.1649863260269, 701.6257039522171, 754.543489749527, 909.7040052841187, 1073.6656273309707, 1208.3835929603576, 1344.2391162963868, 1487.7116534526824, 1570.636503359604, 1691.3341029548644, 1761.478173869133, 1876.4726055742262, 2025.7457159835815, 2106.000942268753, 2224.787868250656, 2271.879870479202, 2514.4936248016356, 2633.7052423187256, 2732.168932495117, 2836.952392314148, 2982.404027328873, 3201.255526403045, 3258.008614846802, 3299.7337926864625, 3453.2568994659423, 3644.157296720123, 3780.945196752548, 3870.733220030212, 3999.040552330017, 4147.427320747375, 4230.90039842186, 4347.826441497803, 4503.271765819169, 4649.342905357361, 4772.282854081726, 4692.243935486985, 4738.065584765625, 4861.233418584442, 4949.404584666443, 4989.046469426346, 5227.288144244385, 5392.8722713897705, 5589.554344360351, 5747.460082706451, 5685.3930051162715, 5881.372923602295]
shares:[0, 3.5894, 7.1494, 10.9764, 14.6421, 18.2483, 21.9411, 25.5881, 29.4974, 33.1404, 36.5441, 39.8412, 43.0432, 46.1449, 49.2826, 52.3795, 55.5321, 58.6581, 61.7041, 64.7801, 67.8289, 70.9519, 73.8905, 76.8068, 79.7248, 82.6377, 85.5047, 88.2618, 91.0567, 93.9025, 96.7028, 99.4313, 102.1325, 104.8411, 107.53, 110.1867, 112.8541, 115.5108, 118.1341, 120.7308, 123.3148, 126.0001, 128.7168, 131.4202, 134.1302, 136.8737, 139.5432, 142.1796, 144.7696, 147.333, 149.9708, 152.5648]
growth_rate:15.32
