ticker:PFI
price:[37.63999938964844, 37.22999954223633, 37.119998931884766, 36.0, 37.900001525878906, 39.119998931884766, 38.97999954223633, 38.0, 35.720001220703125, 38.97999954223633, 39.29999923706055, 39.38999938964844, 40.25, 40.849998474121094, 41.040000915527344, 42.880001068115234, 42.77000045776367, 43.060001373291016, 44.7599983215332, 44.97999954223633, 45.130001068115234, 42.720001220703125, 46.43000030517578, 47.709999084472656, 48.58000183105469, 47.88999938964844, 47.47999954223633, 50.939998626708984, 49.79999923706055, 48.5099983215332, 48.790000915527344, 49.189998626708984, 50.02000045776367, 50.04999923706055, 51.11000061035156, 51.95000076293945, 51.279998779296875, 50.849998474121094, 51.81999969482422, 52.27000045776367, 51.61000061035156, 49.04999923706055, 51.779998779296875, 51.060001373291016, 50.86000061035156, 49.59000015258789, 50.2400016784668, 51.220001220703125, 53.06999969482422, 53.70000076293945, 52.09000015258789, 54.529998779296875]
assets:[0, 99.99977877044678, 199.70559425354003, 293.6808, 409.17978647384643, 522.3497857379913, 620.4797347133637, 704.881, 762.5898780609131, 932.1871990528107, 1039.838679813385, 1142.2193853012084, 1267.1585499999999, 1386.0486182266236, 1492.4935052947997, 1659.4088733348847, 1755.1525087852478, 1867.051517544937, 2040.760507472992, 2150.7906461112975, 2257.962265440369, 2237.383167932129, 2531.68862664032, 2701.4832781600953, 2850.7473774490354, 2910.2561069091794, 2985.3382072177887, 3302.888382957459, 3328.970588999939, 3342.736666339874, 3462.0311269638064, 3590.4124327625277, 3750.994832327652, 3853.2443362628933, 4034.8534431838993, 4201.165391698456, 4246.983858901978, 4311.373055626678, 4493.6179115364075, 4632.637870571137, 4674.142281277465, 4542.289894347763, 4895.099854599, 4927.0348325157165, 5007.736692095948, 4982.68915833168, 5147.997515989304, 5348.418137466431, 5641.59570355835, 5808.567982524872, 5734.421428797912, 6103.035634378051]
shares:[0, 2.686, 5.38, 8.1578, 10.7963, 13.3525, 15.9179, 18.5495, 21.3491, 23.9145, 26.459, 28.9977, 31.4822, 33.9302, 36.3668, 38.6989, 41.037, 43.3593, 45.5934, 47.8166, 50.0324, 52.3732, 54.527, 56.623, 58.6815, 60.7696, 62.8757, 64.8388, 66.8468, 68.9082, 70.9578, 72.9907, 74.9899, 76.9879, 78.9445, 80.8694, 82.8195, 84.7861, 86.7159, 88.629, 90.5666, 92.6053, 94.5365, 96.495, 98.4612, 100.4777, 102.4681, 104.4205, 106.3048, 108.167, 110.0868, 111.9207]
growth_rate:19.67
