ticker:PHDG
price:[33.619998931884766, 32.540000915527344, 31.899999618530273, 32.56999969482422, 33.029998779296875, 33.439998626708984, 33.29999923706055, 33.31999969482422, 32.58000183105469, 32.22999954223633, 32.130001068115234, 31.899999618530273, 32.31999969482422, 32.81999969482422, 32.619998931884766, 32.77000045776367, 32.59000015258789, 33.06999969482422, 33.91999816894531, 33.61000061035156, 34.04999923706055, 33.97999954223633, 34.56999969482422, 34.84000015258789, 34.400001525878906, 33.81999969482422, 33.4900016784668, 33.86000061035156, 33.25, 33.63999938964844, 33.900001525878906, 34.470001220703125, 35.25, 35.209999084472656, 35.29999923706055, 35.52000045776367, 35.599998474121094, 35.5, 35.18000030517578, 35.29999923706055, 35.25, 34.70000076293945, 35.36000061035156, 36.0, 36.189998626708984, 35.880001068115234, 36.34000015258789, 36.15999984741211, 36.25, 36.04999923706055, 36.33000183105469, 36.849998474121094]
assets:[0, 99.99867681350709, 198.0320076318741, 302.19097116851805, 406.4605589782715, 511.504906993866, 609.3633460388183, 709.7293214996338, 793.9681286224366, 885.4386624240875, 982.6928696681977, 1075.6584171369554, 1189.82200476532, 1308.2281618354798, 1400.2558601497649, 1506.6958040470122, 1598.4189244838715, 1721.961498109436, 1866.220635258484, 1949.1649313964845, 2074.6834785137175, 2170.418102761078, 2308.104056624603, 2426.1321866256712, 2495.4930706924442, 2553.416740959168, 2628.5029697364807, 2757.541519706726, 2807.8627500000002, 2940.79865464325, 3063.5295778930667, 3215.041142855835, 3387.7929000000004, 3483.948426410675, 3592.8551023475648, 3715.246415880203, 3823.6142761131287, 3912.8739, 3977.6021085044863, 4091.1710715774534, 4185.377025, 4220.071822785568, 4400.33991595459, 4579.9848, 4704.156971492768, 4763.863089815903, 4924.938546679306, 5000.544682898712, 5112.99, 5184.779385272598, 5325.048220385742, 5501.266257204436]
shares:[0, 3.0731, 6.2079, 9.2782, 12.3058, 15.2962, 18.2992, 21.3004, 24.3698, 27.4725, 30.5849, 33.7197, 36.8138, 39.8607, 42.9263, 45.9779, 49.0463, 52.0702, 55.0183, 57.9936, 60.9305, 63.8734, 66.7661, 69.6364, 72.5434, 75.5002, 78.4862, 81.4395, 84.447, 87.4197, 90.3696, 93.2707, 96.1076, 98.9477, 101.7806, 104.5959, 107.4049, 110.2218, 113.0643, 115.8972, 118.7341, 121.6159, 124.444, 127.2218, 129.985, 132.7721, 135.5239, 138.2894, 141.048, 143.8219, 146.5744, 149.2881]
growth_rate:7.87
