ticker:PICK
price:[27.93000030517578, 28.18000030517578, 28.670000076293945, 26.670000076293945, 26.799999237060547, 28.09000015258789, 27.68000030517578, 28.329999923706055, 26.65999984741211, 28.670000076293945, 29.889999389648438, 30.850000381469727, 32.939998626708984, 35.880001068115234, 36.33000183105469, 36.75, 36.43000030517578, 36.849998474121094, 41.16999816894531, 39.439998626708984, 39.2400016784668, 36.52000045776367, 38.38999938964844, 39.970001220703125, 42.88999938964844, 41.540000915527344, 42.58000183105469, 43.560001373291016, 41.689998626708984, 41.84000015258789, 42.54999923706055, 43.439998626708984, 45.779998779296875, 45.869998931884766, 45.810001373291016, 50.47999954223633, 48.2599983215332, 46.63999938964844, 47.54999923706055, 48.29999923706055, 47.18000030517578, 42.7400016784668, 45.52000045776367, 45.31999969482422, 46.0, 44.84000015258789, 45.63999938964844, 47.45000076293945, 46.63999938964844, 47.779998779296875, 42.65999984741211, 45.459999084472656]
assets:[0, 99.99954908294677, 201.73932253684998, 287.6652878229141, 389.06630892410277, 507.79416875839235, 600.3819746192933, 714.4797650758743, 772.3615235794067, 930.5937984764098, 1070.1934941467287, 1204.566029894829, 1386.1711402095793, 1609.892591925049, 1730.0819161972045, 1850.0832, 1933.973998200989, 2056.2704498542785, 2397.3331103775026, 2396.595180551147, 2484.4414662704467, 2412.2263742362975, 2635.742188095093, 2844.2213198638915, 3152.003211145019, 3152.7905274864197, 3331.7233392730714, 3508.4052746074676, 3457.7935000984194, 3570.236501020431, 3730.822228104782, 3908.857052427292, 4219.4188814910885, 4327.715137226104, 4422.053175564193, 4972.850378905106, 4854.154715174102, 4791.21053730011, 4984.690195020676, 5163.313388441085, 5143.582505270386, 4759.53086091423, 5169.110139982224, 5246.397252671814, 5425.1158, 5388.310718336105, 5584.446429318237, 5905.916539960098, 5905.099650723267, 6149.433960891724, 5590.473532003784, 6057.40395200882]
shares:[0, 3.5486, 7.0366, 10.7861, 14.5174, 18.0774, 21.6901, 25.2199, 28.9708, 32.4588, 35.8044, 39.0459, 42.0817, 44.8688, 47.6213, 50.3424, 53.0874, 55.8011, 58.2301, 60.7656, 63.314, 66.0522, 68.657, 71.1589, 73.4904, 75.8977, 78.2462, 80.5419, 82.9406, 85.3307, 87.6809, 89.9829, 92.1673, 94.3474, 96.5303, 98.5113, 100.5834, 102.7275, 104.8305, 106.9009, 109.0204, 111.3601, 113.5569, 115.7634, 117.9373, 120.1675, 122.3586, 124.4661, 126.6102, 128.7031, 131.0472, 133.2469]
growth_rate:18.77
