ticker:PILL
price:[15.210000038146973, 15.109999656677246, 17.510000228881836, 14.729999542236328, 15.220000267028809, 19.780000686645508, 18.829999923706055, 18.450000762939453, 15.704999923706055, 17.84000015258789, 20.860000610351562, 20.25, 20.589000701904297, 21.209999084472656, 20.700000762939453, 23.309999465942383, 24.84000015258789, 25.34000015258789, 27.25, 27.799999237060547, 27.600000381469727, 24.8700008392334, 28.200000762939453, 31.139999389648438, 30.440000534057617, 26.75, 24.420000076293945, 28.190000534057617, 26.59000015258789, 21.739999771118164, 22.040000915527344, 20.329999923706055, 20.15999984741211, 20.700000762939453, 20.5, 19.799999237060547, 20.610000610351562, 21.8700008392334, 22.0, 22.09000015258789, 25.299999237060547, 23.979999542236328, 24.889999389648438, 24.399999618530273, 23.950000762939453, 20.469999313354492, 24.260000228881836, 21.540000915527344, 22.31999969482422, 21.0, 19.540000915527344, 18.81999969482422]
assets:[0, 99.99948872785568, 215.88254382190706, 281.6081312484741, 390.97593285951615, 608.1143631101609, 678.9081152492523, 765.2082466426849, 751.3601768499375, 953.5034081554412, 1214.9156395477294, 1279.388925, 1400.807664055252, 1543.0592483940122, 1605.955739190674, 1908.4456002754212, 2133.711301107025, 2276.6596437091825, 2548.26195, 2699.6940659099578, 2780.272238427162, 2605.26688591423, 3054.1023826274873, 3472.5085239379882, 3494.4511813087465, 3170.846025, 2994.6563553560254, 3556.977620386696, 3455.0913248271945, 2924.884351206398, 3065.2461873283387, 2927.4244380140303, 3002.9448732711794, 3183.380667329788, 3252.62225, 3241.5568750953676, 3474.165972885132, 3786.561010304451, 3909.07, 4025.0608988033296, 4709.961707967758, 4564.223620871734, 4837.428628376771, 4842.197004297066, 4852.895249591446, 4247.756168513298, 5134.223906439018, 4658.580930006408, 4927.276084630585, 4735.878, 4506.62178915329, 4440.563871994018]
shares:[0, 6.6181, 12.3291, 19.118, 25.6883, 30.7439, 36.0546, 41.4747, 47.8421, 53.4475, 58.2414, 63.1797, 68.0367, 72.7515, 77.5824, 81.8724, 85.8982, 89.8445, 93.5142, 97.1113, 100.7345, 104.7554, 108.3015, 111.5128, 114.798, 118.5363, 122.6313, 126.1787, 129.9395, 134.5393, 139.0765, 143.9953, 148.9556, 153.7865, 158.6645, 163.715, 168.567, 173.1395, 177.685, 182.2119, 186.1645, 190.3346, 194.3523, 198.4507, 202.6261, 207.5113, 211.6333, 216.2758, 220.7561, 225.518, 230.6357, 235.9492]
growth_rate:-12.93
