ticker:PJP
price:[64.97000122070312, 63.459999084472656, 65.19000244140625, 62.849998474121094, 63.20000076293945, 66.76000213623047, 65.94000244140625, 65.45999908447266, 61.869998931884766, 64.9800033569336, 67.13999938964844, 67.51000213623047, 67.62000274658203, 68.36000061035156, 68.6500015258789, 70.66000366210938, 70.76000213623047, 71.4000015258789, 74.1500015258789, 76.12000274658203, 77.22000122070312, 77.20999908447266, 80.37999725341797, 80.87000274658203, 79.2699966430664, 76.62999725341797, 77.68000030517578, 79.75, 79.58000183105469, 79.25, 79.02999877929688, 78.27999877929688, 79.91999816894531, 79.5, 77.97000122070312, 78.63999938964844, 79.87999725341797, 80.05999755859375, 78.6500015258789, 78.16000366210938, 81.55000305175781, 80.2699966430664, 81.26000213623047, 81.45999908447266, 80.55000305175781, 78.7699966430664, 81.30000305175781, 81.16000366210938, 82.33000183105469, 82.16999816894531, 81.51000213623047, 81.36000061035156]
assets:[0, 100.00026655731202, 202.72786959228515, 295.45155782699584, 397.09824479370116, 519.4662526222229, 613.0837666992187, 708.6241280891419, 769.7617787109375, 908.4529369316101, 1038.6490765579224, 1144.3755482116699, 1246.2434126197816, 1359.8786561416628, 1465.6500725769042, 1608.5608513671875, 1710.8353316497803, 1826.3120790298462, 1996.6519210876463, 2149.6973855659485, 2280.7622340545654, 2380.469202773285, 2578.204487902832, 2693.925357493591, 2740.625374939728, 2749.354030457306, 2887.023819342041, 3063.955125, 3157.4241106491086, 3244.328575, 3335.3188444824223, 3403.6691429229736, 3574.981358093262, 3656.1970499999998, 3685.8290857055663, 3817.5001303710933, 3977.696355231476, 4086.6625753784183, 4114.692804828644, 4189.055740274048, 4470.7424223037715, 4500.570144783783, 4656.076232402801, 4767.536052417755, 4814.28036239624, 4807.892162102508, 5062.315420024109, 5153.595304541016, 5327.887272494508, 5417.5337152771, 5474.016119464111, 5563.94195373993]
shares:[0, 1.5758, 3.1098, 4.7009, 6.2832, 7.7811, 9.2976, 10.8253, 12.4416, 13.9805, 15.4699, 16.9512, 18.4301, 19.8929, 21.3496, 22.7648, 24.178, 25.5786, 26.9272, 28.2409, 29.5359, 30.8311, 32.0752, 33.3118, 34.5733, 35.8783, 37.1656, 38.4195, 39.6761, 40.9379, 42.2032, 43.4807, 44.732, 45.9899, 47.2724, 48.544, 49.7959, 51.045, 52.3165, 53.5959, 54.8221, 56.0679, 57.2985, 58.5261, 59.7676, 61.0371, 62.2671, 63.4992, 64.7138, 65.9308, 67.1576, 68.3867]
growth_rate:9.1
