ticker:PNQI
price:[205.83999633789062, 198.1199951171875, 197.0, 201.44000244140625, 206.47000122070312, 215.77999877929688, 216.4600067138672, 217.7899932861328, 204.8000030517578, 226.24000549316406, 215.3699951171875, 219.55999755859375, 224.8800048828125, 225.6199951171875, 225.99000549316406, 232.63999938964844, 228.5500030517578, 228.1999969482422, 233.7899932861328, 229.7899932861328, 241.58999633789062, 231.52999877929688, 252.05999755859375, 260.55999755859375, 259.69000244140625, 240.4199981689453, 231.3800048828125, 235.9600067138672, 233.47999572753906, 226.50999450683594, 235.58999633789062, 244.80999755859375, 247.0399932861328, 243.61000061035156, 244.2899932861328, 233.22999572753906, 226.0500030517578, 230.86000061035156, 238.00999450683594, 238.30999755859375, 243.33999633789062, 248.3800048828125, 256.2200012207031, 257.0799865722656, 256.79998779296875, 250.1699981689453, 261.30999755859375, 249.74000549316406, 251.5800018310547, 248.92999267578125, 242.4600067138672, 252.5800018310547]
assets:[0, 99.99116153564454, 199.4231, 303.9125316833496, 411.4947124328614, 530.0419890014648, 631.71688359375, 735.6074813232423, 791.7363317977905, 974.6193196640015, 1027.7886906982421, 1147.7937992370605, 1275.6093396972656, 1379.8016421386717, 1482.0650550247192, 1625.6650517349242, 1697.0751926605224, 1794.4734960021972, 1938.422971333313, 2005.262376411438, 2208.2292025268553, 2216.2746073150633, 2512.786115661621, 2697.5255427246093, 2788.525277215576, 2681.5965755767825, 2680.768736572266, 2833.832488632202, 2904.047534858704, 2917.358125250244, 3134.312870278931, 3356.981572521973, 3487.5624012176513, 3539.1417278671265, 3649.0084877136233, 3583.812114349365, 3573.4888682434084, 3749.5357859130854, 3965.6749264739988, 4070.668392297363, 4256.576217941284, 4444.735349377442, 4685.033966320801, 4800.763085247802, 4895.532247290039, 4869.133725361633, 5185.9582115478515, 5056.336047216797, 5193.59239980011, 5238.881053857422, 5202.706824066162, 5519.858102015686]
shares:[0, 0.5047, 1.0123, 1.5087, 1.993, 2.4564, 2.9184, 3.3776, 3.8659, 4.3079, 4.7722, 5.2277, 5.6724, 6.1156, 6.5581, 6.9879, 7.4254, 7.8636, 8.2913, 8.7265, 9.1404, 9.5723, 9.969, 10.3528, 10.7379, 11.1538, 11.586, 12.0098, 12.4381, 12.8796, 13.3041, 13.7126, 14.1174, 14.5279, 14.9372, 15.366, 15.8084, 16.2416, 16.6618, 17.0814, 17.4923, 17.8949, 18.2852, 18.6742, 19.0636, 19.4633, 19.846, 20.2464, 20.6439, 21.0456, 21.458, 21.8539]
growth_rate:8.23
