ticker:PPA
price:[58.04999923706055, 57.099998474121094, 57.91999816894531, 55.689998626708984, 56.40999984741211, 57.900001525878906, 58.150001525878906, 57.91999816894531, 53.88999938964844, 57.86000061035156, 63.22999954223633, 64.22000122070312, 66.37000274658203, 67.80000305175781, 67.37999725341797, 67.05000305175781, 67.08000183105469, 67.87000274658203, 67.37999725341797, 68.29000091552734, 68.3499984741211, 64.5999984741211, 68.3499984741211, 69.47000122070312, 69.4800033569336, 67.19000244140625, 68.69999694824219, 72.2300033569336, 71.62999725341797, 71.88999938964844, 72.91999816894531, 74.31999969482422, 74.83999633789062, 74.47000122070312, 75.04000091552734, 76.0199966430664, 75.20999908447266, 74.61000061035156, 76.41000366210938, 77.2699966430664, 77.2300033569336, 74.5999984741211, 76.51000213623047, 75.51000213623047, 75.69999694824219, 73.44999694824219, 74.55000305175781, 74.87000274658203, 74.0, 73.87999725341797, 72.47000122070312, 74.05999755859375]
assets:[0, 99.99922732772828, 201.43416963195799, 293.68120775794984, 397.4761409248352, 507.97408338699347, 610.1679660110474, 707.7534176254272, 758.5071304092407, 914.3847336456299, 1099.2472190418243, 1216.4552631225586, 1357.1802751640319, 1486.4201469055176, 1577.2107617088316, 1669.484730986023, 1770.23454032135, 1891.082247528839, 1977.4277313949585, 2104.131021208954, 2205.9825307525634, 2184.952828390503, 2411.7912111579894, 2551.3135828308104, 2651.6834841163636, 2664.285166809082, 2824.160694546509, 3069.2767556465146, 3143.783275454712, 3255.1935503631594, 3401.8345865783695, 3567.1444573524477, 3692.1039913360596, 3773.8492288604734, 3902.732895615387, 4053.6979029945373, 4110.504726963043, 4177.712374176025, 4378.499516848755, 4527.782266294098, 4625.43619205246, 4567.922026567077, 4784.874325598144, 4822.333021427155, 4934.4664510726925, 4887.803496917725, 5061.005877175903, 5182.726200126648, 5222.5055999999995, 5314.033054444122, 5312.616355487061, 5529.178703729249]
shares:[0, 1.7513, 3.4778, 5.2735, 7.0462, 8.7733, 10.493, 12.2195, 14.0751, 15.8034, 17.3849, 18.942, 20.4487, 21.9236, 23.4077, 24.8991, 26.3899, 27.8633, 29.3474, 30.8117, 32.2748, 33.8228, 35.2859, 36.7254, 38.1647, 39.653, 41.1086, 42.4931, 43.8892, 45.2802, 46.6516, 47.9971, 49.3333, 50.6761, 52.0087, 53.3241, 54.6537, 55.994, 57.3027, 58.5969, 59.8917, 61.2322, 62.5392, 63.8635, 65.1845, 66.546, 67.8874, 69.223, 70.5744, 71.9279, 73.3078, 74.6581]
growth_rate:8.42
