ticker:PRNT
price:[24.43600082397461, 24.579999923706055, 23.910999298095703, 22.84000015258789, 24.1200008392334, 26.399999618530273, 26.5, 26.45400047302246, 23.614999771118164, 26.149999618530273, 26.799999237060547, 27.469999313354492, 28.829999923706055, 30.43000030517578, 29.90999984741211, 31.489999771118164, 32.15999984741211, 31.469999313354492, 36.86000061035156, 37.58000183105469, 40.10499954223633, 39.709999084472656, 45.650001525878906, 47.83000183105469, 44.70000076293945, 39.880001068115234, 36.41999816894531, 39.810001373291016, 38.959999084472656, 38.0, 39.869998931884766, 39.41999816894531, 38.91999816894531, 39.029998779296875, 38.2599983215332, 37.459999084472656, 36.689998626708984, 37.43000030517578, 38.209999084472656, 38.900001525878906, 38.290000915527344, 37.099998474121094, 39.90999984741211, 39.34000015258789, 38.77000045776367, 36.060001373291016, 37.13999938964844, 38.0, 38.150001525878906, 38.380001068115234, 37.4900016784668, 38.970001220703125]
assets:[0, 99.99881368961334, 197.27769970893863, 288.441793927002, 404.6057780778885, 542.8526321559906, 644.9093, 743.7886134996414, 763.9664960954667, 945.9762362003326, 1069.4888095539093, 1196.2250720989227, 1355.448212413025, 1530.671617350769, 1604.515959814453, 1789.2743829948424, 1927.3455748554231, 1985.9929816675187, 2426.1436701736448, 2573.5348953933712, 2846.452342510223, 2918.4188757148745, 3454.970150484466, 3719.959260409546, 3576.523051044083, 3290.8657841400145, 3105.347501875305, 3494.3945285430905, 3519.7826772880558, 3533.0537999999997, 3806.9190690128326, 3863.9521625198363, 3914.9431558151246, 4026.0068220825196, 4046.5802004764555, 4061.9675087249752, 4078.471254344559, 4260.731794738769, 4449.520004387665, 4629.870401609803, 4657.266417356873, 4612.524090292359, 5061.881064646912, 5089.584981740952, 5115.841132403564, 4858.248593019104, 5103.752718125916, 5321.934200000001, 5442.9408327003475, 5575.754443173218, 5546.45829832077, 5865.41775072937]
shares:[0, 4.0683, 8.2505, 12.6288, 16.7747, 20.5626, 24.3362, 28.1163, 32.3509, 36.175, 39.9063, 43.5466, 47.0152, 50.3014, 53.6448, 56.8204, 59.9299, 63.1075, 65.8205, 68.4815, 70.975, 73.4933, 75.6839, 77.7746, 80.0117, 82.5192, 85.2649, 87.7768, 90.3435, 92.9751, 95.4833, 98.0201, 100.5895, 103.1516, 105.7653, 108.4348, 111.1603, 113.832, 116.4491, 119.0198, 121.6314, 124.3268, 126.8324, 129.3743, 131.9536, 134.7268, 137.4193, 140.0509, 142.6721, 145.2776, 147.945, 150.5111]
growth_rate:15.01
