ticker:PSCE
price:[3.450000047683716, 3.0899999141693115, 3.319999933242798, 2.950000047683716, 3.0399999618530273, 3.319999933242798, 3.1700000762939453, 3.359999895095825, 3.0299999713897705, 2.990000009536743, 3.5299999713897705, 3.7699999809265137, 4.210000038146973, 4.429999828338623, 4.639999866485596, 4.53000020980835, 4.510000228881836, 4.389999866485596, 5.090000152587891, 5.389999866485596, 5.369999885559082, 5.070000171661377, 5.690000057220459, 6.090000152587891, 6.079999923706055, 6.349999904632568, 7.150000095367432, 7.320000171661377, 6.630000114440918, 6.46999979019165, 6.699999809265137, 6.050000190734863, 6.079999923706055, 5.829999923706055, 6.119999885559082, 6.960000038146973, 6.960000038146973, 6.980000019073486, 7.139999866485596, 8.029999732971191, 8.140000343322754, 7.599999904632568, 8.319999694824219, 8.050000190734863, 7.809999942779541, 6.800000190734863, 6.710000038146973, 6.760000228881836, 6.559999942779541, 6.329999923706055, 5.699999809265137, 6.630000114440918]
assets:[0, 100.00012222230434, 207.44355582880974, 284.3248395958185, 392.999035068512, 529.1963693591356, 605.2867885677338, 741.5657528472185, 768.733414741373, 858.5850807384968, 1113.6472149740218, 1289.362613476753, 1539.8454039525986, 1720.3124653383256, 1901.8621692745685, 1956.775266628647, 2048.1358749425885, 2093.6396653254983, 2527.4777507686617, 2776.4449872253417, 2866.142926919174, 2806.023536007071, 3249.1664226746557, 3577.57911563797, 3671.7046579261782, 3934.757120905876, 4530.474580427933, 4738.1921911153795, 4391.559585803032, 4385.579367784977, 4641.481147866822, 4291.188300285816, 4412.466920630836, 4331.033485322189, 4646.470989113331, 5384.221925510311, 5484.221814058399, 5599.980725302457, 5828.346905012846, 6654.849430700302, 6846.012164745904, 6491.853798537969, 7206.871095653534, 7072.995012585926, 6962.122918991566, 6161.771892833042, 6180.218695135117, 6326.271178196525, 6239.103113578606, 6120.354124232864, 5611.2194622359275, 6626.734839384556]
shares:[0, 32.3625, 62.483, 96.3813, 129.276, 159.3965, 190.9422, 220.7041, 253.7074, 287.1522, 315.4808, 342.006, 365.759, 388.3324, 409.8841, 431.9592, 454.1321, 476.9111, 496.5575, 515.1104, 533.7324, 553.4563, 571.031, 587.4514, 603.8988, 619.6468, 633.6328, 647.294, 662.377, 677.833, 692.7584, 709.2873, 725.7347, 742.8874, 759.2273, 773.5951, 787.9629, 802.2895, 816.2951, 828.7484, 841.0334, 854.1913, 866.2105, 878.6329, 891.437, 906.1429, 921.046, 935.8389, 951.0828, 966.8806, 984.4245, 999.5075]
growth_rate:29.94
