ticker:PSCH
price:[130.14999389648438, 127.33999633789062, 130.3699951171875, 128.07000732421875, 130.94000244140625, 139.02999877929688, 139.38999938964844, 140.0500030517578, 133.66000366210938, 140.50999450683594, 148.3699951171875, 150.49000549316406, 155.82000732421875, 158.30999755859375, 160.8000030517578, 166.3000030517578, 170.25, 169.88999938964844, 180.0, 182.2100067138672, 185.85000610351562, 180.4600067138672, 191.5800018310547, 196.85000610351562, 190.97999572753906, 185.5399932861328, 178.0, 191.41000366210938, 189.3300018310547, 183.92999267578125, 185.05999755859375, 182.32000732421875, 186.11000061035156, 189.60000610351562, 186.82000732421875, 186.25, 181.0, 183.35000610351562, 185.9600067138672, 184.63999938964844, 190.3800048828125, 190.02999877929688, 198.1699981689453, 193.5800018310547, 192.32000732421875, 182.99000549316406, 188.82000732421875, 190.27000427246094, 191.47000122070312, 185.0, 183.9199981689453, 190.4499969482422]
assets:[0, 100.0000991241455, 202.37334342041015, 298.80013408813477, 405.4949995605469, 530.5523783416749, 631.9245622329712, 734.9123910140991, 801.3852839569092, 942.4567371551514, 1095.1782819580078, 1210.8275351974487, 1353.7174776306151, 1475.3541912475587, 1598.56107033844, 1753.234412173462, 1894.8825000000002, 1990.8729468475342, 2209.356, 2336.478916091919, 2483.1605165496826, 2511.137085424805, 2765.878802435303, 2941.9627112182616, 2954.231357910156, 2970.087104525757, 2949.3888, 3271.579782592773, 3336.0324982635498, 3340.885993963623, 3461.417712335205, 3510.170637011719, 3683.135523078918, 3852.1981240081786, 3895.7202487304685, 3983.8316250000003, 3971.5382, 4123.101597253418, 4281.803538589478, 4351.410865615845, 4586.692191638184, 4678.253524948121, 4978.64468099823, 4963.333172947693, 5031.033695599365, 4886.967684701538, 5142.663955480957, 5282.161696609497, 5415.4800735260005, 5332.477, 5401.344114225769, 5693.121758773804]
shares:[0, 0.7853, 1.5523, 2.3331, 3.0968, 3.8161, 4.5335, 5.2475, 5.9957, 6.7074, 7.3814, 8.0459, 8.6877, 9.3194, 9.9413, 10.5426, 11.13, 11.7186, 12.2742, 12.823, 13.3611, 13.9152, 14.4372, 14.9452, 15.4688, 16.0078, 16.5696, 17.092, 17.6202, 18.1639, 18.7043, 19.2528, 19.7901, 20.3175, 20.8528, 21.3897, 21.9422, 22.4876, 23.0254, 23.567, 24.0923, 24.6185, 25.1231, 25.6397, 26.1597, 26.7062, 27.2358, 27.7614, 28.2837, 28.8242, 29.3679, 29.893]
growth_rate:11.63
