ticker:PSCM
price:[42.43000030517578, 40.310001373291016, 42.150001525878906, 38.150001525878906, 40.54999923706055, 43.560001373291016, 43.65999984741211, 44.0, 42.47999954223633, 45.41999816894531, 48.97999954223633, 50.2599983215332, 52.29999923706055, 54.779998779296875, 55.20000076293945, 55.66999816894531, 56.36000061035156, 57.20000076293945, 62.90999984741211, 61.97999954223633, 61.310001373291016, 56.72999954223633, 60.650001525878906, 63.52000045776367, 63.900001525878906, 61.63999938964844, 63.0099983215332, 67.43000030517578, 64.16999816894531, 63.439998626708984, 63.54999923706055, 62.84000015258789, 63.9900016784668, 63.849998474121094, 63.68000030517578, 67.68000030517578, 67.83000183105469, 67.05000305175781, 68.29000091552734, 68.76000213623047, 68.12999725341797, 63.5099983215332, 64.93000030517578, 64.75, 64.93000030517578, 61.869998931884766, 61.54999923706055, 64.45999908447266, 64.7699966430664, 65.58999633789062, 63.06999969482422, 66.27999877929688]
assets:[0, 100.00105140686034, 204.56660240554808, 285.1521864051819, 403.0913224159241, 533.0132448040008, 634.2357197834015, 739.1736, 813.6364232322693, 969.948602897644, 1145.9703552898407, 1275.9204213897704, 1427.7062991729738, 1595.4072064483641, 1707.6396236019136, 1822.1792460662841, 1944.7638170608523, 2073.751707659912, 2380.766034225464, 2445.5696339378355, 2519.135991426468, 2430.9485563842773, 2698.9250679016113, 2926.639557091141, 3044.1449526916504, 3036.4788299331663, 3203.9638996524814, 3528.7130609703063, 3458.114784324646, 3518.775651828766, 3624.8792464820863, 3684.3783329463963, 3851.801363033295, 3943.3759057617185, 4032.8798913269043, 4386.198691777802, 4495.921747366333, 4544.220086828614, 4728.25625438919, 4860.7958230148315, 4916.260601806641, 4682.884322238922, 4887.5862939720155, 4974.036725, 5087.86287991333, 4948.0840995769495, 5022.492247743988, 5359.945613872528, 5485.720773683167, 5655.16948425293, 5537.892858203888, 5919.751694973755]
shares:[0, 2.4808, 4.8533, 7.4745, 9.9406, 12.2363, 14.5267, 16.7994, 19.1534, 21.3551, 23.3967, 25.3864, 27.2984, 29.1239, 30.9355, 32.7318, 34.5061, 36.2544, 37.844, 39.4574, 41.0885, 42.8512, 44.5, 46.0743, 47.6392, 49.2615, 50.8485, 52.3315, 53.8899, 55.4662, 57.0398, 58.6311, 60.1938, 61.76, 63.3304, 64.8079, 66.2822, 67.7736, 69.2379, 70.6922, 72.16, 73.7346, 75.2747, 76.8191, 78.3592, 79.9755, 81.6002, 83.1515, 84.6954, 86.22, 87.8055, 89.3143]
growth_rate:16.07
