ticker:PSI
price:[77.12999725341797, 72.06999969482422, 74.26000213623047, 74.7300033569336, 77.08000183105469, 84.18000030517578, 83.47000122070312, 82.76000213623047, 80.2699966430664, 92.06999969482422, 92.12000274658203, 94.22000122070312, 97.16000366210938, 103.62000274658203, 100.48999786376953, 103.62000274658203, 103.16999816894531, 104.93000030517578, 112.19999694824219, 115.70999908447266, 120.48999786376953, 109.16000366210938, 114.80000305175781, 127.06999969482422, 125.9000015258789, 118.66000366210938, 112.47000122070312, 115.87999725341797, 117.55000305175781, 119.37999725341797, 126.1500015258789, 126.94000244140625, 125.6500015258789, 125.31999969482422, 121.11000061035156, 119.73999786376953, 113.86000061035156, 117.77999877929688, 124.23999786376953, 125.05999755859375, 124.83000183105469, 120.45999908447266, 125.0999984741211, 125.9000015258789, 123.63999938964844, 118.12000274658203, 123.76000213623047, 127.86000061035156, 131.2100067138672, 126.80999755859375, 122.98999786376953, 131.22999572753906]
assets:[0, 99.9971245765686, 203.03427184066774, 304.32299267044067, 413.89648583221435, 552.0187700012207, 647.3599414672851, 741.8523831489564, 819.5325847267151, 1040.0043025527955, 1140.5653900062562, 1266.5617884094238, 1406.0801409973144, 1599.5716203987122, 1651.251644897461, 1802.687549782562, 1894.8614543701171, 2027.1846478958132, 2267.640478321838, 2438.5766597053525, 2639.309305206299, 2491.129527572632, 2719.841672302246, 3110.546522529602, 3181.9085085639954, 3098.9246556396483, 3037.26362996521, 3229.355351457977, 3375.8950276428222, 3528.454888820648, 3828.551626309204, 3952.5308560180665, 4012.3689337257383, 4101.836378011321, 4064.039846481324, 4118.062084531402, 4015.8422215271, 4254.0957759094235, 4587.42525712204, 4717.700817901611, 4809.025888540649, 4740.679171969604, 5023.290358729553, 5155.4162124824525, 5162.872546513367, 5032.372785015106, 5372.656836737824, 5650.6448669738775, 5898.690182829285, 5800.885295318603, 5726.143722541809, 6209.777151828003]
shares:[0, 1.3875, 2.7341, 4.0723, 5.3697, 6.5576, 7.7556, 8.9639, 10.2097, 11.2958, 12.3813, 13.4426, 14.4718, 15.4369, 16.432, 17.3971, 18.3664, 19.3194, 20.2107, 21.0749, 21.9048, 22.8209, 23.692, 24.479, 25.2733, 26.116, 27.0051, 27.8681, 28.7188, 29.5565, 30.3492, 31.137, 31.9329, 32.7309, 33.5566, 34.3917, 35.27, 36.119, 36.9239, 37.7235, 38.5246, 39.3548, 40.1542, 40.9485, 41.7573, 42.6039, 43.4119, 44.194, 44.9561, 45.7447, 46.5578, 47.3198]
growth_rate:21.76
