ticker:PSJ
price:[119.58000183105469, 116.2699966430664, 118.6500015258789, 121.4000015258789, 123.87000274658203, 129.6999969482422, 131.39999389648438, 133.10000610351562, 123.6500015258789, 136.32000732421875, 130.6699981689453, 136.7899932861328, 140.5500030517578, 145.0500030517578, 147.7899932861328, 157.77999877929688, 160.05999755859375, 153.82000732421875, 159.6199951171875, 160.8699951171875, 166.83999633789062, 158.80999755859375, 177.8000030517578, 185.3000030517578, 182.63999938964844, 169.44000244140625, 155.9199981689453, 163.49000549316406, 159.57000732421875, 154.25, 160.19000244140625, 164.58999633789062, 167.05999755859375, 167.0399932861328, 163.22000122070312, 158.44000244140625, 153.25, 156.00999450683594, 158.75999450683594, 158.6999969482422, 162.55999755859375, 159.0800018310547, 165.64999389648438, 164.63999938964844, 162.7100067138672, 155.0, 161.74000549316406, 158.72999572753906, 158.57000732421875, 154.6300048828125, 150.77000427246094, 154.92999267578125]
assets:[0, 100.00382411270141, 202.0490875984192, 306.7292438552857, 412.9702021568298, 532.4055174728393, 639.3792303009033, 747.649354284668, 794.5625448051453, 975.9830924377442, 1035.5336014892578, 1184.0268238861083, 1316.574043586731, 1458.7243656906128, 1586.2743349380494, 1793.5010241241457, 1919.4234847229002, 1944.5925325927733, 2117.9179052124023, 2234.500319177246, 2417.428126937866, 2401.0801150878906, 2788.188527856445, 3005.806939503479, 3062.6536217651364, 2941.3090023803716, 2806.622335040283, 3042.892331239319, 3069.9354569091797, 3067.585175, 3285.72121607666, 3475.976132659912, 3628.142202978516, 3727.714602171325, 3742.4714079895016, 3732.878145520019, 3710.5962750000003, 3877.4256004745484, 4045.7761960144044, 4144.244110307312, 4345.049918743896, 4352.031150093079, 4631.772609338379, 4703.53428656311, 4748.398667932129, 4623.402, 4924.449425248718, 4932.804458226013, 5027.826793231201, 5002.899177978516, 4978.018462065124, 5215.377357446288]
shares:[0, 0.8601, 1.7029, 2.5266, 3.3339, 4.1049, 4.8659, 5.6172, 6.4259, 7.1595, 7.9248, 8.6558, 9.3673, 10.0567, 10.7333, 11.3671, 11.9919, 12.642, 13.2685, 13.8901, 14.4895, 15.1192, 15.6816, 16.2213, 16.7688, 17.359, 18.0004, 18.6121, 19.2388, 19.8871, 20.5114, 21.119, 21.7176, 22.3163, 22.929, 23.5602, 24.2127, 24.8537, 25.4836, 26.1137, 26.7289, 27.3575, 27.9612, 28.5686, 29.1832, 29.8284, 30.4467, 31.0767, 31.7073, 32.354, 33.0173, 33.6628]
growth_rate:2.26
