ticker:PSP
price:[11.119999885559082, 10.970000267028809, 11.100000381469727, 10.699999809265137, 11.020000457763672, 11.380000114440918, 11.329999923706055, 11.369999885559082, 10.789999961853027, 11.779999732971191, 12.220000267028809, 12.5, 12.760000228881836, 13.020000457763672, 12.949999809265137, 13.34000015258789, 13.25, 13.479999542236328, 13.720000267028809, 13.5600004196167, 13.770000457763672, 13.529999732971191, 14.40999984741211, 14.680000305175781, 14.6899995803833, 14.149999618530273, 14.1899995803833, 14.75, 14.619999885559082, 14.569999694824219, 14.850000381469727, 15.279999732971191, 15.609999656677246, 15.479999542236328, 15.619999885559082, 15.770000457763672, 15.460000038146973, 15.630000114440918, 15.90999984741211, 16.010000228881836, 16.110000610351562, 15.569999694824219, 15.420000076293945, 15.520000457763672, 15.510000228881836, 15.359999656677246, 16.049999237060547, 16.110000610351562, 16.350000381469727, 16.489999771118164, 15.960000038146973, 16.31999969482422]
assets:[0, 100.00032843418121, 201.18528691406252, 293.9354147603989, 402.7259167289734, 515.88157918787, 613.614667868042, 715.7812877955437, 779.267824244976, 950.7673124480248, 1086.2798157371521, 1211.17, 1336.3624799709319, 1463.592573457718, 1555.7236220864295, 1702.576215474701, 1791.08995, 1922.180534725189, 2056.403032023239, 2132.421257988167, 2265.4459833114624, 2325.9611960947036, 2577.242882709503, 2725.5328966598513, 2827.3900952362064, 2823.4555488824844, 2931.43680631361, 3147.1249, 3219.3868407996174, 3308.3763197044373, 3471.9553341882706, 3672.489871820641, 3851.8048792842865, 3919.726288088608, 4055.1753362895015, 4194.118356744766, 4211.671958392144, 4357.984765908623, 4536.055508496093, 4664.566399685478, 4793.701447616578, 4733.018331231689, 4787.421209686851, 4918.468177070618, 5015.299715011025, 5066.795406748295, 5394.40474357605, 5514.570811927795, 5696.724357913017, 5845.503740864181, 5757.625873761654, 5987.497808036804]
shares:[0, 9.1158, 18.1248, 27.4706, 36.545, 45.3323, 54.1584, 62.9535, 72.2213, 80.7103, 88.8936, 96.8936, 104.7306, 112.4111, 120.1331, 127.6294, 135.1766, 142.595, 149.8836, 157.2582, 164.5204, 171.9114, 178.851, 185.663, 192.4704, 199.5375, 206.5847, 213.3644, 220.2043, 227.0677, 233.8017, 240.3462, 246.7524, 253.2123, 259.6143, 265.9555, 272.4238, 278.8218, 285.1072, 291.3533, 297.5606, 303.9832, 310.4683, 316.9116, 323.3591, 329.8695, 336.1, 342.3073, 348.4235, 354.4878, 360.7535, 366.881]
growth_rate:17.4
