ticker:PXE
price:[8.880000114440918, 8.010000228881836, 8.550000190734863, 7.619999885559082, 7.409999847412109, 8.039999961853027, 7.880000114440918, 8.109999656677246, 7.269999980926514, 7.190000057220459, 8.710000038146973, 9.220000267028809, 10.199999809265137, 10.59000015258789, 10.779999732971191, 10.369999885559082, 10.1899995803833, 10.140000343322754, 11.319999694824219, 11.970000267028809, 11.680000305175781, 11.039999961853027, 12.140000343322754, 13.210000038146973, 13.640000343322754, 14.489999771118164, 15.970000267028809, 16.200000762939453, 14.989999771118164, 15.229999542236328, 15.489999771118164, 14.529999732971191, 14.460000038146973, 14.239999771118164, 15.119999885559082, 16.360000610351562, 16.190000534057617, 16.3799991607666, 16.969999313354492, 18.219999313354492, 18.469999313354492, 17.31999969482422, 19.06999969482422, 18.68000030517578, 18.06999969482422, 15.920000076293945, 15.850000381469727, 16.010000228881836, 15.920000076293945, 15.670000076293945, 14.34000015258789, 16.229999542236328]
assets:[0, 100.0000468574524, 206.7415696120262, 284.2541897309303, 376.42058224868777, 508.42386958770754, 598.3063446891784, 715.7699166991234, 741.6337810542584, 833.4727156330586, 1109.6731668600082, 1274.6484409162522, 1510.131391761303, 1667.87207403183, 1797.7956474672317, 1829.4193818109513, 1897.6642608555794, 1988.3526673221588, 2319.7384854621887, 2552.938913951397, 2591.0877637001036, 2549.1105991919517, 2903.0977681004524, 3258.9717384110454, 3465.0552192164423, 3780.9857642761226, 4267.17289234991, 4428.62822856636, 4197.847503903198, 4365.05798480072, 4539.576782922744, 4358.23418890543, 4437.237545705891, 4469.7280241573335, 4845.947867321777, 5343.367611347961, 5387.8443737281805, 5551.07360758934, 5851.021577254105, 6382.004793485451, 6569.573738767815, 6260.5321216903685, 6993.090936090088, 6950.07530954361, 6823.1180437675475, 6111.291621287345, 6184.41971884346, 6346.849193735695, 6411.170294724465, 6410.492042211342, 5966.397975486755, 6852.763492719269]
shares:[0, 12.4844, 24.1803, 37.3037, 50.799, 63.2368, 75.9272, 88.2577, 102.0129, 115.9211, 127.4022, 138.2482, 148.0521, 157.495, 166.7714, 176.4146, 186.2281, 196.09, 204.9239, 213.2781, 221.8397, 230.8977, 239.1349, 246.7049, 254.0363, 260.9376, 267.1993, 273.3721, 280.0432, 286.6092, 293.065, 299.9473, 306.8629, 313.8854, 320.4992, 326.6117, 332.7884, 338.8934, 344.7862, 350.2747, 355.6889, 361.4626, 366.7064, 372.0597, 377.5937, 383.8751, 390.1842, 396.4303, 402.7117, 409.0933, 416.0668, 422.2282]
growth_rate:34.37
