ticker:PXJ
price:[2.430000066757202, 2.240000009536743, 2.319999933242798, 1.9700000286102295, 1.9600000381469727, 2.069999933242798, 1.9800000190734863, 2.049999952316284, 1.8899999856948853, 1.9900000095367432, 2.309999942779541, 2.559999942779541, 2.819999933242798, 3.049999952316284, 3.0899999141693115, 3.0, 2.940000057220459, 2.9200000762939453, 3.2899999618530273, 3.380000114440918, 3.25, 3.0899999141693115, 3.309999942779541, 3.380000114440918, 3.4000000953674316, 3.569999933242798, 3.9800000190734863, 3.9600000381469727, 3.5899999141693115, 3.4600000381469727, 3.430000066757202, 3.25, 3.240000009536743, 3.140000104904175, 3.2699999809265137, 3.809999942779541, 3.809999942779541, 3.75, 3.7699999809265137, 4.260000228881836, 4.130000114440918, 3.8299999237060547, 4.050000190734863, 3.990000009536743, 3.799999952316284, 3.380000114440918, 3.3299999237060547, 3.359999895095825, 3.25, 3.2200000286102295, 2.9700000286102295, 3.3399999141693115]
assets:[0, 100.00009642574787, 203.5714101423025, 272.86017296273707, 371.47508322992326, 492.3231951226473, 570.9179574996948, 691.1019289247274, 737.1623644205332, 876.1657611988783, 1117.0566053296566, 1337.9501780944825, 1573.8357587429523, 1802.1983068244217, 1925.8337945062638, 1969.7415, 2030.3466935161114, 2116.5348993009566, 2484.725753190041, 2652.697097815704, 2650.6701, 2620.1756242195843, 2906.725437751007, 3068.197131883812, 3186.3522493747714, 3445.6696875677108, 3941.3908348884584, 4021.5847707402227, 3745.8306814436673, 3710.187796905327, 3778.0185065305945, 3679.754975, 3768.4326710921528, 3752.1230293545723, 4007.465418624973, 4769.248581373072, 4869.248506871224, 4892.567625, 5018.6612976091865, 5770.954576062583, 5694.845593802262, 5381.176319806481, 5790.27838769331, 5804.496403873682, 5628.091769376755, 5106.039760881615, 5130.506240454483, 5276.726955252767, 5203.977025, 5255.940358699894, 4947.8703596632, 5664.271452440619]
shares:[0, 44.6429, 87.7463, 138.5077, 189.5281, 237.8373, 288.3424, 337.1229, 390.033, 440.2843, 483.5743, 522.6368, 558.0978, 590.8847, 623.2472, 656.5805, 690.5941, 724.8407, 755.2358, 784.8216, 815.5908, 847.9533, 878.1648, 907.7506, 937.1624, 965.1736, 990.2992, 1015.5517, 1043.4069, 1072.3086, 1101.4631, 1132.2323, 1163.0965, 1194.9436, 1225.5246, 1251.7713, 1278.018, 1304.6847, 1331.2099, 1354.6841, 1378.8972, 1405.0069, 1429.6983, 1454.761, 1481.0768, 1510.6626, 1540.6926, 1570.4545, 1601.2237, 1632.2796, 1665.9496, 1695.8897]
growth_rate:11.06
