ticker:PXQ
price:[67.69000244140625, 65.80000305175781, 66.66000366210938, 66.9800033569336, 68.44000244140625, 72.66000366210938, 73.37999725341797, 71.9000015258789, 66.51000213623047, 73.0199966430664, 71.83999633789062, 72.83999633789062, 74.54000091552734, 77.16999816894531, 77.37000274658203, 83.61000061035156, 85.41000366210938, 84.44999694824219, 86.44999694824219, 86.44000244140625, 88.88999938964844, 86.06999969482422, 89.86000061035156, 92.19000244140625, 90.55000305175781, 84.58000183105469, 80.12000274658203, 84.95999908447266, 83.38999938964844, 83.13999938964844, 83.95999908447266, 86.11000061035156, 88.4000015258789, 88.12000274658203, 85.41999816894531, 84.11000061035156, 82.11000061035156, 84.69999694824219, 86.79000091552734, 86.7300033569336, 89.11000061035156, 88.0, 90.55000305175781, 91.22000122070312, 92.37000274658203, 89.13999938964844, 92.8499984741211, 93.38999938964844, 94.5999984741211, 94.38999938964844, 93.20999908447266, 97.30999755859375]
assets:[0, 100.00284463806153, 201.3065450592041, 302.2740571495056, 408.86057458496094, 534.0728249176025, 639.3672540687562, 726.4704254173279, 772.0081987960815, 947.5731944374085, 1032.2617233795165, 1146.6326543518067, 1273.39665164032, 1418.3228303466797, 1521.999483029938, 1744.7484097366332, 1882.3083657073973, 1961.148499130249, 2107.590410600281, 2207.349190344238, 2369.914051727295, 2394.7256015090943, 2600.171005661011, 2767.5899682922363, 2818.359789985657, 2732.54303515625, 2688.450728162384, 2950.8561762016298, 2996.3277630691528, 3087.3456793350224, 3217.79215291214, 3400.1911501007085, 3590.6135819778447, 3679.239226676941, 3666.50820740509, 3710.2771689239503, 3722.0545386672975, 3939.456148060608, 4136.6631346366885, 4233.803170871734, 4449.984121479797, 4494.5560000000005, 4724.799554237366, 4859.763809033203, 5021.030135298157, 4945.451510137939, 5251.280223701478, 5381.822850827027, 5551.553610454559, 5639.226684535217, 5668.724551320648, 6018.0686820129395]
shares:[0, 1.5198, 3.0199, 4.5129, 5.974, 7.3503, 8.7131, 10.1039, 11.6074, 12.9769, 14.3689, 15.7418, 17.0834, 18.3792, 19.6717, 20.8677, 22.0385, 23.2226, 24.3793, 25.5362, 26.6612, 27.823, 28.9358, 30.0205, 31.1249, 32.3072, 33.5553, 34.7323, 35.9315, 37.1343, 38.3253, 39.4866, 40.6178, 41.7526, 42.9233, 44.1122, 45.3301, 46.5107, 47.6629, 48.8159, 49.9381, 51.0745, 52.1789, 53.2752, 54.3578, 55.4796, 56.5566, 57.6274, 58.6845, 59.7439, 60.8167, 61.8443]
growth_rate:18.0
