ticker:PYPE
price:[12.130000114440918, 11.84000015258789, 11.979999542236328, 11.0600004196167, 11.239999771118164, 11.739999771118164, 11.710000038146973, 12.09000015258789, 11.279999732971191, 11.1899995803833, 12.619999885559082, 13.510000228881836, 14.270000457763672, 15.350000381469727, 15.40999984741211, 14.84000015258789, 14.399999618530273, 14.130000114440918, 15.029999732971191, 15.649999618530273, 14.819999694824219, 14.449999809265137, 14.970000267028809, 15.550000190734863, 15.460000038146973, 15.630000114440918, 17.110000610351562, 17.530000686645508, 16.84000015258789, 17.040000915527344, 17.09000015258789, 16.93000030517578, 16.790000915527344, 17.049999237060547, 17.459999084472656, 18.260000228881836, 18.709999084472656, 18.799999237060547, 18.6299991607666, 19.6200008392334, 20.43000030517578, 19.309999465942383, 19.610000610351562, 19.899999618530273, 19.670000076293945, 18.059999465942383, 18.020000457763672, 18.149999618530273, 17.649999618530273, 17.979999542236328, 17.229999542236328, 18.040000915527344]
assets:[0, 99.99945728874206, 201.18133031272887, 285.7317928406716, 390.38205205059046, 507.7479461009979, 606.4503629755974, 726.1302451644898, 777.4807495948792, 871.2779853277207, 1082.62057218256, 1258.9699013290406, 1429.7926848659515, 1638.0046807067872, 1744.4073597270967, 1779.882906301117, 1827.1093915981292, 1892.850576330471, 2113.4148554522517, 2300.595328922844, 2278.582363079071, 2321.6944743544577, 2505.2430176875114, 2702.307023146248, 2786.666552875996, 2917.30982436018, 3293.5485034881594, 3474.3952990911484, 3437.638483148575, 3578.4649442642212, 3688.9654009368896, 3754.429034676361, 3823.3820704818727, 3982.5882667903898, 4178.357618904877, 4469.807024027252, 4679.960135997772, 4802.471085106659, 4859.044710112572, 5217.254485164833, 5532.646339644623, 5329.339718606187, 5512.135851562501, 5693.650580856513, 5727.845012216568, 5359.0176875268935, 5447.148808374405, 5586.44464758625, 5532.547700424957, 5735.988443964005, 5596.722540307235, 5959.83000246048]
shares:[0, 8.4459, 16.7931, 25.8347, 34.7315, 43.2494, 51.7891, 60.0604, 68.9256, 77.8622, 85.7861, 93.188, 100.1957, 106.7104, 113.1997, 119.9382, 126.8826, 133.9597, 140.6131, 147.0029, 153.7505, 160.6709, 167.3509, 173.7818, 180.2501, 186.6481, 192.4926, 198.1971, 204.1353, 210.0038, 215.8552, 221.7619, 227.7178, 233.5829, 239.3103, 244.7868, 250.1315, 255.4506, 260.8183, 265.9151, 270.8099, 275.9886, 281.088, 286.1131, 291.197, 296.7341, 302.2835, 307.7931, 313.4588, 319.0205, 324.8243, 330.3675]
growth_rate:16.86
