ticker:QABA
price:[35.81999969482422, 33.529998779296875, 33.38999938964844, 30.850000381469727, 33.0, 35.2599983215332, 35.02000045776367, 37.63999938964844, 36.38999938964844, 36.41999816894531, 41.41999816894531, 41.959999084472656, 43.04999923706055, 43.9900016784668, 44.189998626708984, 44.38999938964844, 44.630001068115234, 44.77000045776367, 48.189998626708984, 49.279998779296875, 49.529998779296875, 46.15999984741211, 49.16999816894531, 50.91999816894531, 52.11000061035156, 53.279998779296875, 56.9900016784668, 60.869998931884766, 59.54999923706055, 58.150001525878906, 57.11000061035156, 57.2400016784668, 57.59000015258789, 57.97999954223633, 57.54999923706055, 59.33000183105469, 59.90999984741211, 59.529998779296875, 59.13999938964844, 59.279998779296875, 58.040000915527344, 54.439998626708984, 56.939998626708984, 55.15999984741211, 54.5, 52.959999084472656, 52.43000030517578, 53.220001220703125, 55.439998626708984, 55.52000045776367, 54.68000030517578, 56.0]
assets:[0, 99.999868359375, 199.5820433517456, 284.3999835166931, 404.2203, 531.9041266799927, 628.2833222126008, 775.2861234283447, 849.5390917510987, 950.2378142257691, 1180.6936158050537, 1296.0856277206422, 1429.7550496616363, 1560.9720125598906, 1668.0708111614229, 1775.6221705856324, 1885.2203381183626, 1991.1323393589018, 2243.2347980735776, 2393.973060699463, 2506.118878234863, 2435.6046959487917, 2694.427393661499, 2890.3260280654904, 3057.8721568161013, 3226.53016607666, 3551.200877589798, 3892.9712166881563, 3908.5522899246216, 3916.6642777748107, 3946.61514717865, 4055.597218923569, 4180.394762076186, 4308.702493981933, 4376.746501977539, 4612.1185533401485, 4757.2074568836215, 4827.031622018433, 4895.408073477173, 5006.996176895142, 5002.258734906006, 4791.988331118393, 5112.04460670662, 5052.236770024108, 5091.78785, 5047.908792736053, 5097.3914336700445, 5274.197916973877, 5594.206325427246, 5702.281583015442, 5716.006639901733, 5953.9928]
shares:[0, 2.9824, 5.9773, 9.2188, 12.2491, 15.0852, 17.9407, 20.5974, 23.3454, 26.0911, 28.5054, 30.8886, 33.2115, 35.4847, 37.7477, 40.0005, 42.2411, 44.4747, 46.5498, 48.579, 50.598, 52.7644, 54.7982, 56.7621, 58.6811, 60.558, 62.3127, 63.9555, 65.6348, 67.3545, 69.1055, 70.8525, 72.5889, 74.3136, 76.0512, 77.7367, 79.4059, 81.0857, 82.7766, 84.4635, 86.1864, 88.0233, 89.7795, 91.5924, 93.4273, 95.3155, 97.2228, 99.1018, 100.9056, 102.7068, 104.5356, 106.3213]
growth_rate:16.74
