ticker:QQC
price:[25.43000030517578, 26.275999069213867, 26.18199920654297, 26.570999145507812, 27.042999267578125, 26.599000930786133, 27.753000259399414, 26.87299919128418, 28.263999938964844, 28.716999053955078, 28.18000030517578, 26.71500015258789, 26.031999588012695, 26.538000106811523, 26.37700080871582, 26.48200035095215, 26.969999313354492, 28.256999969482422, 28.600000381469727, 28.030000686645508, 28.19499969482422, 27.829999923706055, 27.170000076293945, 27.143999099731445, 27.70800018310547, 27.843000411987305, 28.270000457763672, 28.479999542236328, 29.025999069213867, 29.549999237060547, 29.950000762939453, 29.80699920654297, 30.760000228881836, 30.44300079345703, 30.726999282836914, 30.73900032043457, 30.68899917602539, 31.429000854492188, 31.89900016784668, 31.89940071105957]
assets:[0, 100.00119725761414, 199.64298034973146, 302.6091379684448, 407.98420845031734, 501.2847715415955, 623.0326534233094, 703.2771380355836, 839.681042186737, 953.1401722000123, 1035.316303211975, 1081.4926651771545, 1153.8423497390747, 1276.2708087368012, 1368.5284837589265, 1473.974898533821, 1601.1360402357102, 1777.540491480255, 1899.1172453306197, 1961.267557044792, 2072.811792564392, 2145.976860116959, 2195.0833251638414, 2292.983895149994, 2440.6287173286437, 2552.520984269142, 2691.665899584961, 2811.6594748077396, 2965.5631041023257, 3119.0999344692227, 3261.3214730781556, 3345.749220636749, 3552.721582435417, 3616.107918949127, 3749.843102279282, 3851.3077935474394, 3945.043223978806, 4140.170568663025, 4302.084176836777, 4402.139627706718]
shares:[0, 3.8058, 7.6252, 11.3887, 15.0865, 18.846, 22.4492, 26.1704, 29.7085, 33.1908, 36.7394, 40.4826, 44.324, 48.0922, 51.8834, 55.6595, 59.3673, 62.9062, 66.4027, 69.9703, 73.517, 77.1102, 80.7907, 84.4748, 88.0839, 91.6755, 95.2128, 98.724, 102.1692, 105.5533, 108.8922, 112.2471, 115.4981, 118.7829, 122.0374, 125.2906, 128.5491, 131.7309, 134.8658, 138.0007]
growth_rate:12.88
