ticker:QQD
price:[25.299999237060547, 26.05299949645996, 26.003000259399414, 26.003000259399414, 26.392000198364258, 26.167999267578125, 27.299999237060547, 26.43000030517578, 27.739999771118164, 28.158000946044922, 27.676000595092773, 26.413000106811523, 25.81800079345703, 26.270000457763672, 26.155000686645508, 26.19499969482422, 26.406999588012695, 27.579999923706055, 28.0939998626709, 27.57699966430664, 27.73699951171875, 27.09000015258789, 26.847999572753906, 26.856000900268555, 27.41200065612793, 27.555999755859375, 27.908000946044922, 28.1299991607666, 28.621999740600586, 29.322999954223633, 29.506999969482422, 29.243000030517578, 30.14699935913086, 30.00200080871582, 30.18600082397461, 30.10300064086914, 30.0939998626709, 30.724000930786133, 31.052000045776367, 31.052200317382812]
assets:[0, 99.99922796726226, 199.8070539932251, 299.80679209079744, 404.29113343868255, 500.86073958129884, 622.5273426025391, 702.6891321136475, 837.5177510896683, 950.1382417224884, 1033.8729810304642, 1086.6915742944718, 1162.2127965179443, 1282.5592163490296, 1376.9457041488647, 1479.0508872688292, 1591.021725177765, 1761.694559126663, 1894.5273089391708, 1959.6629616451262, 2071.0329951416015, 2122.7236499565124, 2203.7616641304016, 2304.4194412488937, 2452.1268126935956, 2565.0089032745364, 2697.774355051041, 2819.233523890686, 2968.542151896286, 3141.2468961961745, 3260.957249527359, 3331.7807383769987, 3534.777880657196, 3617.776266518593, 3739.9639998882294, 3829.6796591308594, 3928.5339394727707, 4110.776080136299, 4254.661205872155, 4354.689152449036]
shares:[0, 3.8383, 7.684, 11.5297, 15.3187, 19.1402, 22.8032, 26.5868, 30.1917, 33.7431, 37.3563, 41.1423, 45.0156, 48.8222, 52.6456, 56.4631, 60.25, 63.8758, 67.4353, 71.0615, 74.6668, 78.3582, 82.0829, 85.8065, 89.4545, 93.0835, 96.6667, 100.2216, 103.7154, 107.1257, 110.5147, 113.9343, 117.2514, 120.5845, 123.8973, 127.2192, 130.5421, 133.7969, 137.0173, 140.2377]
growth_rate:11.66
