ticker:QTUM
price:[33.18000030517578, 32.369998931884766, 33.0099983215332, 32.33000183105469, 32.9900016784668, 35.220001220703125, 35.04999923706055, 35.06999969482422, 32.81999969482422, 35.900001525878906, 36.63999938964844, 37.779998779296875, 39.119998931884766, 40.83000183105469, 40.20000076293945, 40.939998626708984, 41.06999969482422, 41.5, 43.880001068115234, 44.959999084472656, 46.70000076293945, 44.40999984741211, 46.880001068115234, 49.970001220703125, 49.470001220703125, 46.540000915527344, 44.7599983215332, 46.70000076293945, 46.86000061035156, 46.90999984741211, 48.400001525878906, 48.869998931884766, 48.70000076293945, 48.709999084472656, 48.06999969482422, 47.52000045776367, 45.54999923706055, 46.15999984741211, 48.04999923706055, 49.0, 49.11000061035156, 48.13999938964844, 49.13999938964844, 49.689998626708984, 49.209999084472656, 47.5, 48.81999969482422, 49.41999816894531, 50.400001525878906, 49.84000015258789, 48.90999984741211, 51.2400016784668]
assets:[0, 100.00063770027161, 201.9782767299652, 297.8175108673096, 403.896590549469, 531.1986244110108, 628.6357563163758, 728.9930696563721, 782.222026726532, 955.6293206176757, 1075.3290220870972, 1208.7861729431152, 1351.6585550949096, 1510.7427317504882, 1587.4337101272583, 1716.6550824165342, 1822.107499460602, 1941.18325, 2152.507124395752, 2305.4858090530392, 2494.7093707561494, 2472.375747505188, 2709.8843977420806, 2988.500896005249, 3058.596606472778, 2977.443098571777, 2963.5639648685456, 3192.01043214798, 3302.945887020874, 3406.4681499195094, 3614.6669939575195, 3749.7656960441586, 3836.722420106506, 3937.5117439926153, 3985.776901696014, 4040.174198919296, 3972.684178459549, 4125.886954361344, 4394.821105218887, 4581.7107, 4691.994013313293, 4699.320832418824, 4896.938531176757, 5051.748617383957, 5102.948959062195, 5025.62825, 5265.285787086486, 5429.9975888137815, 5637.673610682678, 5675.0316173744195, 5669.138518313598, 6039.208085826111]
shares:[0, 3.0893, 6.1187, 9.2118, 12.243, 15.0823, 17.9354, 20.7868, 23.8337, 26.6192, 29.3485, 31.9954, 34.5516, 37.0008, 39.4884, 41.931, 44.3659, 46.7755, 49.0544, 51.2786, 53.4199, 55.6716, 57.8047, 59.8059, 61.8273, 63.976, 66.2101, 68.3514, 70.4854, 72.6171, 74.6832, 76.7294, 78.7828, 80.8358, 82.9161, 85.0205, 87.2159, 89.3823, 91.4635, 93.5043, 95.5405, 97.6178, 99.6528, 101.6653, 103.6974, 105.8027, 107.851, 109.8745, 111.8586, 113.865, 115.9096, 117.8612]
growth_rate:18.42
