ticker:QYLG
price:[26.802000045776367, 27.520000457763672, 27.797000885009766, 27.920000076293945, 27.554000854492188, 26.18000030517578, 28.466999053955078, 28.274999618530273, 28.39299964904785, 28.760000228881836, 29.277999877929688, 29.086000442504883, 29.399999618530273, 29.559999465942383, 29.805999755859375, 30.211999893188477, 29.799999237060547, 30.57699966430664, 30.0, 31.011999130249023, 31.285999298095703, 31.100000381469727, 29.75, 29.110000610351562, 29.63599967956543, 29.485000610351562, 29.200000762939453, 30.149999618530273, 30.850000381469727, 31.106000900268555, 30.920000076293945, 30.73699951171875, 30.600000381469727, 29.940000534057617, 30.0, 30.389999389648438, 30.559999465942383, 30.850000381469727, 30.84000015258789, 31.197999954223633, 31.700000762939453, 31.836999893188477, 31.566999435424805, 32.1619987487793, 31.969999313354492, 32.21500015258789, 32.310001373291016, 32.33000183105469, 32.779998779296875, 32.97999954223633, 32.97999954223633]
assets:[0, 99.99942566337586, 201.00567279968263, 301.8961688249588, 397.9376357406616, 478.0939295730591, 619.8575176002503, 715.6769978445053, 818.6638767808914, 929.2471113952637, 1045.9828958389282, 1139.1241213302612, 1251.4227437625884, 1358.2317234609604, 1469.5341477630616, 1589.549992780304, 1667.873177299118, 1811.3600562137603, 1877.178, 2040.5027091728211, 2158.530592573166, 2245.6968175455095, 2248.21345, 2299.8472422210693, 2441.404762802696, 2528.966832850647, 2604.5232680511476, 2789.2578697092054, 2954.0171065273285, 3078.5298030986783, 3160.1229517974853, 3241.4194627075194, 3326.972801475143, 3355.2141838489533, 3461.9370000000004, 3606.9434425582886, 3727.121982865906, 3862.491002760887, 3961.2376515991205, 4107.219813773537, 4273.309092847824, 4391.777236165809, 4454.532931530762, 4638.496729345322, 4710.804974822235, 4846.904626457596, 4961.197479868699, 5064.2684768219, 5234.756013061524, 5366.693511510086, 5466.692168122101]
shares:[0, 3.6337, 7.2312, 10.8129, 14.4421, 18.2618, 21.7746, 25.3113, 28.8333, 32.3104, 35.7259, 39.164, 42.5654, 45.9483, 49.3033, 52.6132, 55.9689, 59.2393, 62.5726, 65.7972, 68.9935, 72.2089, 75.5702, 79.0054, 82.3797, 85.7713, 89.196, 92.5127, 95.7542, 98.969, 102.2032, 105.4566, 108.7246, 112.0646, 115.3979, 118.6885, 121.9608, 125.2023, 128.4448, 131.6501, 134.8047, 137.9457, 141.1136, 144.2229, 147.3508, 150.4549, 153.5499, 156.643, 159.6936, 162.7257, 165.7578]
growth_rate:9.33
