ticker:REMX
price:[40.9900016784668, 39.59000015258789, 41.779998779296875, 37.220001220703125, 37.5, 41.81999969482422, 40.709999084472656, 41.22999954223633, 40.290000915527344, 45.72999954223633, 48.279998779296875, 52.06999969482422, 56.099998474121094, 57.09000015258789, 56.54999923706055, 60.4900016784668, 62.84000015258789, 65.81999969482422, 75.41999816894531, 72.37999725341797, 81.22000122070312, 74.19000244140625, 76.4000015258789, 84.87000274658203, 90.83999633789062, 83.27999877929688, 77.04000091552734, 80.38999938964844, 77.1500015258789, 73.18000030517578, 76.30999755859375, 77.43000030517578, 78.58000183105469, 80.08000183105469, 79.80999755859375, 84.51000213623047, 78.33999633789062, 77.94999694824219, 83.4800033569336, 88.1500015258789, 84.41999816894531, 78.86000061035156, 83.44999694824219, 84.94999694824219, 95.73999786376953, 95.45999908447266, 102.37999725341797, 108.73999786376953, 111.66999816894531, 113.01000213623047, 103.02999877929688, 111.2699966430664]
assets:[0, 100.00038138542176, 205.53252599487305, 283.09905128479005, 385.23, 529.6084761352539, 615.5514701568603, 723.4133259681702, 806.9200803359985, 1015.8690748310089, 1172.518394354248, 1364.562033002472, 1570.1716372924805, 1697.879440538025, 1781.8169609607696, 2005.9633866611482, 2183.8910933029174, 2387.4559389305114, 2835.671259155273, 2821.372292938232, 3265.953713085937, 3083.2697304626467, 3275.115265411377, 3738.2096019767764, 4101.162398666382, 3859.8530554229737, 3670.640179621124, 3930.2509921600345, 3871.8499765777588, 3772.6119657325744, 4033.967769940186, 4193.175208526612, 4355.453761489868, 4538.598167776489, 4623.297386572266, 4995.563697277069, 4730.842702850342, 4807.293236793518, 5248.337723048401, 5641.935067662048, 5503.204608636474, 5240.759630561829, 5645.792853533935, 5847.278189941406, 6689.975960727691, 6770.414521067047, 7361.213944518279, 7918.501014438629, 8231.865585021971, 8430.647868364715, 7786.131552749634, 8508.838897294618]
shares:[0, 2.5259, 4.9194, 7.6061, 10.2728, 12.664, 15.1204, 17.5458, 20.0278, 22.2145, 24.2858, 26.2063, 27.9888, 29.7404, 31.5087, 33.1619, 34.7532, 36.2725, 37.5984, 38.98, 40.2112, 41.5591, 42.868, 44.0463, 45.1471, 46.3479, 47.6459, 48.8898, 50.186, 51.5525, 52.8629, 54.1544, 55.427, 56.6758, 57.9288, 59.1121, 60.3886, 61.6715, 62.8694, 64.0038, 65.1884, 66.4565, 67.6548, 68.832, 69.8765, 70.9241, 71.9009, 72.8205, 73.716, 74.6009, 75.5715, 76.4702]
growth_rate:66.84
