ticker:REW
price:[18.950000762939453, 20.649999618530273, 21.399999618530273, 20.18000030517578, 19.719999313354492, 17.920000076293945, 17.149999618530273, 17.690000534057617, 19.610000610351562, 16.170000076293945, 16.59000015258789, 16.700000762939453, 16.0, 15.1899995803833, 15.510000228881836, 14.65999984741211, 14.4399995803833, 14.380000114440918, 14.0600004196167, 14.710000038146973, 13.119999885559082, 13.899999618530273, 12.4399995803833, 11.869999885559082, 12.279999732971191, 13.4399995803833, 13.770000457763672, 13.289999961853027, 13.289999961853027, 13.050000190734863, 12.1899995803833, 11.039999961853027, 10.819999694824219, 10.90999984741211, 11.140000343322754, 11.359999656677246, 11.800000190734863, 11.649999618530273, 11.100000381469727, 10.869999885559082, 10.5, 10.420000076293945, 9.859999656677246, 9.300000190734863, 9.149999618530273, 9.40999984741211, 8.680000305175781, 8.760000228881836, 8.529999732971191, 8.510000228881836, 8.449999809265137, 8.020000457763672]
assets:[0, 99.9996881526947, 203.6316963701248, 292.0227664161682, 385.3662545816421, 450.1916179166794, 530.8473681922912, 647.5619285497665, 817.8448804550171, 774.3780696537018, 894.4913332271575, 1000.4218957042694, 1058.488, 1104.9023414775847, 1228.1795311243059, 1260.8714028762818, 1341.9495930038452, 1436.3736334311484, 1504.4102028986931, 1673.9597583410261, 1593.0225141046524, 1787.728990937805, 1699.9533106584547, 1722.0615993972776, 1881.5427870858193, 2159.278396584129, 2312.2970328689576, 2331.694610307217, 2431.6952150201796, 2487.7815663606643, 2423.8351365642548, 2295.1718320693967, 2349.4341757347106, 2468.97660546875, 2621.027078777218, 2772.7884762005806, 2980.1856281716346, 3042.301870382309, 2998.673983054352, 3036.5388160308835, 3033.1791, 3110.0688847715373, 3042.9250600461005, 2970.102000914192, 3022.197294002533, 3208.074085979462, 3059.201007556915, 3187.396163280487, 3203.708388708973, 3296.197110653305, 3372.956848865032, 3301.315294431686]
shares:[0, 4.8426, 9.5155, 14.4709, 19.5419, 25.1223, 30.9532, 36.6061, 41.7055, 47.8898, 53.9175, 59.9055, 66.1555, 72.7388, 79.1863, 86.0076, 92.9328, 99.8869, 106.9993, 113.7974, 121.4194, 128.6136, 136.6522, 145.0768, 153.2201, 160.6606, 167.9228, 175.4473, 182.9718, 190.6346, 198.838, 207.896, 217.1381, 226.304, 235.2807, 244.0835, 252.5581, 261.1418, 270.1508, 279.3504, 288.8742, 298.4711, 308.6131, 319.3658, 330.2948, 340.9218, 352.4425, 363.858, 375.5813, 387.3322, 399.1665, 411.6353]
growth_rate:-35.27
