ticker:RFEU
price:[58.130001068115234, 59.275001525878906, 60.36000061035156, 57.28499984741211, 59.04499816894531, 60.5099983215332, 59.630001068115234, 59.34000015258789, 55.63399887084961, 60.75, 61.834999084472656, 61.83399963378906, 62.529998779296875, 63.720001220703125, 63.869998931884766, 65.4749984741211, 64.48999786376953, 64.90799713134766, 67.30000305175781, 65.91999816894531, 67.13500213623047, 64.8030014038086, 66.12000274658203, 68.19000244140625, 67.95999908447266, 67.51000213623047, 65.57499694824219, 67.81999969482422, 68.27999877929688, 68.06999969482422, 67.98500061035156, 70.54499816894531, 72.31999969482422, 72.36499786376953, 71.66500091552734, 74.04100036621094, 73.67500305175781, 74.56999969482422, 75.31999969482422, 76.12999725341797, 76.76000213623047, 76.77999877929688, 75.47000122070312, 74.91999816894531, 76.04000091552734, 75.86499786376953, 77.15499877929688, 78.03500366210938, 78.7699966430664, 79.5790023803711, 77.96499633789062, 79.12000274658203]
assets:[0, 100.0028550743103, 201.83177004089356, 291.55200672340396, 400.508127079773, 510.44419284095767, 603.0203118015289, 700.0873878002167, 756.3664682487488, 925.921125, 1042.457699065399, 1142.4387938339232, 1255.2959784942627, 1379.1875664215088, 1482.4354492088319, 1619.6877747535707, 1695.3195128425598, 1806.3051797691346, 1972.8726694610596, 2032.4190155456545, 2169.8771175453185, 2194.501800138855, 2339.1008891647343, 2512.3310789489747, 2603.860180921936, 2686.6212940132145, 2709.617891398621, 2902.38401493988, 3022.0727459716795, 3112.7798230445865, 3208.8920288085938, 3429.7214484786987, 3616.01444874115, 3718.2655567359925, 3782.299585819245, 4007.6986719223023, 4087.887014328003, 4237.544630657959, 4380.166794252777, 4527.2682246673585, 4664.73603381958, 4765.949508227539, 4784.632043389893, 4849.766273471069, 5022.267168468476, 5110.706273091125, 5297.608810684204, 5458.033475140381, 5609.439893943024, 5767.050513004303, 5750.082206411743, 5935.266126037598]
shares:[0, 1.6871, 3.3438, 5.0895, 6.7831, 8.4357, 10.1127, 11.7979, 13.5954, 15.2415, 16.8587, 18.4759, 20.0751, 21.6445, 23.2102, 24.7375, 26.2881, 27.8287, 29.3146, 30.8316, 32.3211, 33.8642, 35.3766, 36.8431, 38.3146, 39.7959, 41.3209, 42.7954, 44.26, 45.7291, 47.2, 48.6175, 50.0002, 51.3821, 52.7775, 54.1281, 55.4854, 56.8264, 58.1541, 59.4676, 60.7704, 62.0728, 63.3978, 64.7326, 66.0477, 67.3658, 68.6619, 69.9434, 71.2129, 72.4695, 73.7521, 75.016]
growth_rate:16.38
