ticker:RGI
price:[136.8000030517578, 136.14999389648438, 137.89999389648438, 133.41000366210938, 136.17999267578125, 141.77999877929688, 142.4499969482422, 142.72999572753906, 134.27000427246094, 143.49000549316406, 151.1199951171875, 152.64999389648438, 156.3300018310547, 157.38999938964844, 157.17999267578125, 157.82000732421875, 156.72999572753906, 157.99000549316406, 160.5, 159.0399932861328, 159.6199951171875, 152.00999450683594, 159.07000732421875, 162.2100067138672, 162.9600067138672, 162.8699951171875, 167.52000427246094, 173.57000732421875, 174.22999572753906, 177.33999633789062, 178.6999969482422, 181.50999450683594, 182.83999633789062, 185.0500030517578, 185.3300018310547, 191.42999267578125, 190.17999267578125, 186.80999755859375, 190.22999572753906, 190.4199981689453, 188.02999877929688, 181.25999450683594, 186.5800018310547, 187.74000549316406, 188.25999450683594, 185.77000427246094, 189.39999389648438, 189.75, 190.07000732421875, 192.47000122070312, 189.0399932861328, 193.8000030517578]
assets:[0, 100.00217051696778, 201.29262109069825, 294.74272109069824, 400.8594264404297, 517.3410375457763, 619.785691722107, 721.0005734176635, 778.2692257644653, 931.7093036682129, 1081.2484530639647, 1192.196452331543, 1320.9416164718627, 1429.903883454895, 1527.993862799072, 1634.2103938415528, 1722.9171700332643, 1836.776004862976, 1965.9645, 2048.0852255401614, 2155.5563000610355, 2152.7959442047118, 2352.7885713317874, 2499.2344574432373, 2610.7822675628663, 2709.3423687744144, 2886.6879616226197, 3090.9346904296876, 3202.6957814636235, 3359.8658366180425, 3485.6327904739383, 3640.4370538269045, 3767.1072965484623, 3912.6417495254514, 4018.566028703308, 4250.836988360596, 4323.076503509522, 4346.470851196289, 4526.047173347473, 4630.576389472961, 4672.451454666138, 4604.221372467041, 4839.362823492432, 4969.459171403503, 5083.226937678528, 5115.994455661011, 5315.965388690185, 5425.7874, 5534.933648284912, 5704.830083181762, 5703.16646144867, 5946.772473643493]
shares:[0, 0.7345, 1.4597, 2.2093, 2.9436, 3.6489, 4.3509, 5.0515, 5.7963, 6.4932, 7.1549, 7.81, 8.4497, 9.0851, 9.7213, 10.3549, 10.9929, 11.6259, 12.249, 12.8778, 13.5043, 14.1622, 14.7909, 15.4074, 16.021, 16.635, 17.2319, 17.808, 18.382, 18.9459, 19.5055, 20.0564, 20.6033, 21.1437, 21.6833, 22.2057, 22.7315, 23.2668, 23.7925, 24.3177, 24.8495, 25.4012, 25.9372, 26.4699, 27.0011, 27.5394, 28.0674, 28.5944, 29.1205, 29.6401, 30.1691, 30.6851]
growth_rate:16.6
