ticker:ROBO
price:[47.29999923706055, 47.310001373291016, 48.18000030517578, 46.86000061035156, 48.27000045776367, 50.65999984741211, 50.849998474121094, 50.77000045776367, 48.220001220703125, 51.95000076293945, 53.11000061035156, 54.41999816894531, 56.369998931884766, 58.20000076293945, 57.849998474121094, 60.13999938964844, 60.650001525878906, 60.88999938964844, 65.30999755859375, 65.27999877929688, 67.37000274658203, 64.45999908447266, 68.66999816894531, 71.55000305175781, 69.83000183105469, 65.19999694824219, 62.310001373291016, 64.4000015258789, 64.26000213623047, 63.209999084472656, 64.83000183105469, 65.72000122070312, 65.70999908447266, 65.94999694824219, 64.69000244140625, 63.90999984741211, 61.790000915527344, 62.36000061035156, 63.900001525878906, 64.29000091552734, 64.22000122070312, 63.02000045776367, 65.47000122070312, 65.16999816894531, 65.45999908447266, 63.65999984741211, 65.30999755859375, 65.79000091552734, 66.7300033569336, 66.52999877929688, 64.7300033569336, 67.05000305175781]
assets:[0, 99.99914990272522, 201.84047527847292, 296.309841859436, 405.226653842926, 525.2884724178314, 627.2601561775207, 726.2750105484008, 789.7953999938966, 950.8876189647674, 1072.120960321045, 1198.5678076721192, 1341.5157825805666, 1485.0661394676208, 1576.134778427124, 1738.5271023559571, 1853.2699666259764, 1960.6031793472291, 2202.925810650635, 2301.9163729553225, 2475.6118059272762, 2468.676152937317, 2729.907107208252, 2944.397105584717, 2973.6128659729, 2876.4478253646853, 2848.9503447898865, 3044.5100721359254, 3137.8930163146974, 3186.618325845337, 3368.288126133728, 3514.528221279907, 3613.99081064682, 3727.1904575286867, 3755.9791697509763, 3810.6912599018096, 3784.2853530708317, 3919.1950823593143, 4115.978018286133, 4241.102067395783, 4336.481270428467, 4355.450875637054, 4624.7746982299805, 4703.579447845459, 4824.513214524079, 4791.847338514328, 5016.049459490967, 5152.916294707489, 5326.54234695816, 5410.5787627258305, 5364.194797190094, 5656.452242451477]
shares:[0, 2.1137, 4.1893, 6.3233, 8.395, 10.3689, 12.3355, 14.3052, 16.379, 18.3039, 20.1868, 22.0244, 23.7984, 25.5166, 27.2452, 28.908, 30.5568, 32.1991, 33.7303, 35.2622, 36.7465, 38.2978, 39.754, 41.1516, 42.5836, 44.1173, 45.7222, 47.275, 48.8312, 50.4132, 51.9557, 53.4773, 54.9991, 56.5154, 58.0612, 59.6259, 61.2443, 62.8479, 64.4128, 65.9683, 67.5254, 69.1122, 70.6396, 72.174, 73.7017, 75.2725, 76.8037, 78.3237, 79.8223, 81.3254, 82.8703, 84.3617]
growth_rate:10.91
