ticker:ROKT
price:[32.2400016784668, 31.56999969482422, 32.7599983215332, 31.059999465942383, 32.099998474121094, 33.290000915527344, 33.459999084472656, 33.119998931884766, 30.440000534057617, 32.22999954223633, 35.209999084472656, 35.97999954223633, 37.459999084472656, 38.58000183105469, 39.2400016784668, 37.93000030517578, 38.43000030517578, 38.810001373291016, 38.88999938964844, 39.68000030517578, 39.689998626708984, 37.95000076293945, 40.58000183105469, 41.040000915527344, 41.0, 39.43000030517578, 39.09000015258789, 41.33000183105469, 40.45000076293945, 39.970001220703125, 40.560001373291016, 41.279998779296875, 41.29999923706055, 41.08000183105469, 41.02000045776367, 40.97999954223633, 40.20000076293945, 40.099998474121094, 41.599998474121094, 42.529998779296875, 42.70000076293945, 41.61000061035156, 43.63999938964844, 42.599998474121094, 42.689998626708984, 40.720001220703125, 41.16999816894531, 41.439998626708984, 41.2599983215332, 40.84000015258789, 39.93000030517578, 40.9900016784668]
assets:[0, 100.00113103332521, 203.7704655597687, 293.19707695865634, 403.0154808425903, 517.9557952445983, 620.5993330192566, 714.2923929641723, 756.4948932724, 900.9799682033539, 1084.2848798065186, 1207.9961026309968, 1357.6852228179932, 1498.2775191101075, 1623.9082294616699, 1669.69378543396, 1791.702689228058, 1909.4210195648193, 2013.3586024017334, 2154.2589605682374, 2254.800728982925, 2255.9491803531646, 2512.291681359863, 2640.7681069107052, 2738.1932, 2733.3388801551814, 2809.769665967941, 3070.7778060455325, 3105.395098571777, 3168.5459037689207, 3315.317728250885, 3474.1701052642825, 3575.853053942871, 3656.806198994446, 3751.4636318645476, 3847.8047630184174, 3874.5685335338594, 3964.9314591270445, 4213.243685459137, 4407.434809497071, 4525.051450851059, 4509.542070147705, 4829.547088453674, 4814.451607552338, 4924.624323580169, 4797.369935815429, 4950.3876218292235, 5082.852039558029, 5160.7758340583805, 5208.2435394592285, 5192.193771682739, 5430.027502349853]
shares:[0, 3.1676, 6.2201, 9.4397, 12.555, 15.5589, 18.5475, 21.5668, 24.852, 27.9547, 30.7948, 33.5741, 36.2436, 38.8356, 41.384, 44.0204, 46.6225, 49.1992, 51.7706, 54.2908, 56.8103, 59.4453, 61.9096, 64.3462, 66.7852, 69.3213, 71.8795, 74.299, 76.7712, 79.2731, 81.7386, 84.1611, 86.5824, 89.0167, 91.4545, 93.8947, 96.3823, 98.8761, 101.2799, 103.6312, 105.9731, 108.3764, 110.6679, 113.0153, 115.3578, 117.8136, 120.2426, 122.6557, 125.0794, 127.528, 130.0324, 132.472]
growth_rate:6.47
