ticker:ROM
price:[59.099998474121094, 54.029998779296875, 51.900001525878906, 54.400001525878906, 55.59000015258789, 60.81999969482422, 62.56999969482422, 61.16999816894531, 54.13999938964844, 65.16999816894531, 62.88999938964844, 62.34000015258789, 65.06999969482422, 68.41000366210938, 66.91999816894531, 70.38999938964844, 71.41999816894531, 71.63999938964844, 72.77999877929688, 69.63999938964844, 77.30000305175781, 72.19000244140625, 81.22000122070312, 84.83999633789062, 81.94999694824219, 73.95999908447266, 71.41999816894531, 72.97000122070312, 72.33999633789062, 73.81999969482422, 78.48999786376953, 86.19000244140625, 87.69999694824219, 86.80000305175781, 84.7699966430664, 82.83999633789062, 78.97000122070312, 79.80999755859375, 83.48999786376953, 85.0199966430664, 88.12000274658203, 88.83000183105469, 93.19000244140625, 99.0, 100.16999816894531, 97.5, 105.45999908447266, 103.79000091552734, 106.55000305175781, 107.11000061035156, 107.44000244140625, 112.9000015258789]
assets:[0, 99.99872174072266, 196.05744576416015, 305.49952856903076, 412.1831741313934, 550.9622952354431, 666.8147437477112, 751.8955004928589, 765.4854513702393, 1021.4354493011475, 1085.7015044631958, 1176.2061868789672, 1327.7143017730712, 1495.866822076416, 1563.2846172256468, 1744.3486528747558, 1869.8755400604248, 1975.637755168152, 2107.0755786590576, 2116.171553453064, 2448.941396682739, 2387.0490587280274, 2785.6348698669435, 3009.792194082642, 3007.2698680114745, 2814.0670251655574, 2817.426081767273, 2978.569776828003, 3052.8563554534912, 3215.311288707733, 3518.7144532325747, 3963.904069281006, 4133.353476168823, 4190.938507347107, 4192.927481958008, 4197.461194442749, 4101.370189398193, 4244.997998144531, 4540.728768817901, 4723.940567479705, 4996.1838557243345, 5136.434961877441, 5488.546340789794, 5930.7336, 6100.823687480163, 6038.204250000001, 6631.166552433014, 6626.161238449096, 6902.362472694397, 7038.637291108704, 7160.328218707276, 7624.204843043519]
shares:[0, 1.8508, 3.7776, 5.6158, 7.4147, 9.0589, 10.6571, 12.2919, 14.139, 15.6734, 17.2635, 18.8676, 20.4044, 21.8662, 23.3605, 24.7812, 26.1814, 27.5773, 28.9513, 30.3873, 31.681, 33.0662, 34.2974, 35.4761, 36.6964, 38.0485, 39.4487, 40.8191, 42.2015, 43.5561, 44.8301, 45.9903, 47.1306, 48.2827, 49.4624, 50.6695, 51.9358, 53.1888, 54.3865, 55.5627, 56.6975, 57.8232, 58.8963, 59.9064, 60.9047, 61.9303, 62.8785, 63.842, 64.7805, 65.7141, 66.6449, 67.5306]
growth_rate:49.49
