ticker:RXD
price:[23.639999389648438, 24.200000762939453, 23.3799991607666, 24.15999984741211, 23.579999923706055, 21.719999313354492, 21.760000228881836, 21.860000610351562, 24.579999923706055, 21.15999984741211, 20.100000381469727, 21.139999389648438, 20.81999969482422, 19.6200008392334, 19.84000015258789, 19.280000686645508, 19.559999465942383, 19.079999923706055, 17.81999969482422, 17.799999237060547, 17.440000534057617, 18.059999465942383, 17.719999313354492, 17.18000030517578, 18.059999465942383, 18.899999618530273, 18.940000534057617, 18.299999237060547, 18.1200008392334, 17.739999771118164, 17.739999771118164, 17.299999237060547, 16.200000762939453, 15.65999984741211, 16.200000762939453, 15.739999771118164, 15.920000076293945, 15.65999984741211, 15.770000457763672, 16.059999465942383, 15.34000015258789, 15.5, 14.84000015258789, 14.34000015258789, 14.25, 14.270000457763672, 13.630000114440918, 13.529999732971191, 13.359999656677246, 13.25, 12.760000228881836, 12.960000038146973]
assets:[0, 99.9992431526184, 196.61176494255065, 303.1717580852509, 395.89405071907044, 464.66680531024934, 565.5228219484329, 668.122500654602, 851.254557357788, 832.8131579944611, 891.0933169116973, 1037.200246054077, 1121.500513561249, 1156.8599954839706, 1269.8314337661745, 1333.9890315092086, 1453.3627283180238, 1517.697605931282, 1517.4727660125734, 1615.7700107452392, 1683.0908515405654, 1842.925421502304, 1908.2295140565873, 1950.0777826400756, 2149.965278422737, 2349.963582569313, 2454.936579222679, 2471.9821969413756, 2547.668493996048, 2594.2407985290524, 2694.2411772388455, 2727.4158097194672, 2653.9959049900053, 2665.5292900276186, 2857.4436145713807, 2876.3055221744535, 3009.198414421082, 3060.053232183456, 3181.548705352402, 3340.055904930115, 3290.314982728958, 3424.63355, 3378.8098187416076, 3364.9685098056793, 3443.8487999999998, 3548.682264837265, 3489.5267322989466, 3563.925052662182, 3619.1450829958912, 3689.347225, 3652.911173523903, 3810.1661392149927]
shares:[0, 4.1322, 8.4094, 12.5485, 16.7894, 21.3935, 25.9891, 30.5637, 34.632, 39.3579, 44.333, 49.0634, 53.8665, 58.9633, 64.0036, 69.1903, 74.3028, 79.5439, 85.1556, 90.7736, 96.5075, 102.0446, 107.6879, 113.5086, 119.0457, 124.3367, 129.6165, 135.081, 140.5998, 146.2368, 151.8738, 157.6541, 163.8269, 170.2126, 176.3854, 182.7386, 189.02, 195.4057, 201.7469, 207.9736, 214.4925, 220.9441, 227.6826, 234.6561, 241.6736, 248.6813, 256.0181, 263.4091, 270.8941, 278.4413, 286.2783, 293.9943]
growth_rate:-25.29
