ticker:RXL
price:[64.02999877929688, 62.47999954223633, 64.56500244140625, 62.04499816894531, 63.525001525878906, 68.84500122070312, 68.4800033569336, 67.93499755859375, 59.9900016784668, 70.25499725341797, 72.8550033569336, 68.93000030517578, 69.93499755859375, 74.03500366210938, 73.125, 75.04499816894531, 73.80999755859375, 75.69000244140625, 81.0250015258789, 80.92500305175781, 82.3499984741211, 79.30999755859375, 80.66000366210938, 83.16000366210938, 78.9800033569336, 76.20999908447266, 74.77999877929688, 77.36000061035156, 77.70999908447266, 79.7300033569336, 79.33000183105469, 81.2699966430664, 86.58999633789062, 89.44000244140625, 86.3499984741211, 88.83000183105469, 87.5199966430664, 88.97000122070312, 88.5199966430664, 86.58000183105469, 90.5199966430664, 89.0999984741211, 93.04000091552734, 96.29000091552734, 96.73999786376953, 96.45999908447266, 101.2300033569336, 101.6500015258789, 103.08000183105469, 103.68000030517578, 107.18000030517578, 105.4800033569336]
assets:[0, 99.99923926734924, 203.33456218872072, 295.39623628234864, 402.4435896667481, 536.1442160064697, 633.3030710449218, 728.263173828125, 743.0901517910004, 970.2425885688782, 1106.150230467987, 1146.554053076172, 1263.2708283996583, 1437.3303680969238, 1519.6618125, 1659.5600985076906, 1732.2468327026368, 1876.370298522949, 2108.627049710083, 2206.023675691223, 2344.8667965515137, 2358.3065704040528, 2498.4516794342044, 2675.8893338378903, 2641.38353826828, 2648.747107180023, 2699.049451940918, 2892.1732468185423, 3005.2554815940857, 3183.371871031952, 3267.404450416565, 3447.310717605591, 3772.977251431274, 3997.163149108887, 3959.0697150398255, 4172.771570013428, 4211.2346864730835, 4381.00741810913, 4458.849602907562, 4461.1298323471065, 4764.1398393219, 4789.4011279792785, 5101.187866196442, 5379.375707147216, 5504.5155524482725, 5588.583674957275, 5964.937455805969, 6089.688951412964, 6275.355891471863, 6411.882258872986, 6728.331699157715, 6721.607733917236]
shares:[0, 1.6005, 3.1493, 4.761, 6.3352, 7.7877, 9.248, 10.72, 12.3869, 13.8103, 15.1829, 16.6336, 18.0635, 19.4142, 20.7817, 22.1142, 23.469, 24.7902, 26.0244, 27.2601, 28.4744, 29.7353, 30.9751, 32.1776, 33.4437, 34.7559, 36.0932, 37.3859, 38.6727, 39.9269, 41.1875, 42.418, 43.5729, 44.691, 45.8491, 46.9748, 48.1174, 49.2414, 50.3711, 51.5261, 52.6308, 53.7531, 54.8279, 55.8664, 56.9001, 57.9368, 58.9246, 59.9084, 60.8785, 61.843, 62.776, 63.724]
growth_rate:31.8
