ticker:RYE
price:[26.530000686645508, 24.389999389648438, 25.6200008392334, 22.610000610351562, 22.15999984741211, 23.34000015258789, 22.809999465942383, 23.110000610351562, 21.450000762939453, 21.65999984741211, 25.950000762939453, 27.950000762939453, 30.809999465942383, 32.97999954223633, 33.38999938964844, 31.889999389648438, 31.06999969482422, 31.09000015258789, 34.279998779296875, 35.58000183105469, 34.7599983215332, 32.400001525878906, 34.84000015258789, 37.0, 38.18000030517578, 40.06999969482422, 44.31999969482422, 44.150001525878906, 40.86000061035156, 41.470001220703125, 41.779998779296875, 39.4900016784668, 39.380001068115234, 38.779998779296875, 40.7599983215332, 44.380001068115234, 44.38999938964844, 43.41999816894531, 43.56999969482422, 47.119998931884766, 46.5099983215332, 43.43000030517578, 46.400001525878906, 46.150001525878906, 44.33000183105469, 40.22999954223633, 40.0099983215332, 40.63999938964844, 40.779998779296875, 40.54999923706055, 37.38999938964844, 41.060001373291016]
assets:[0, 99.99899749755859, 205.04199071655273, 280.9518675842285, 375.35937341537476, 495.34715723838804, 584.0979373243332, 691.7793802703858, 742.088516394806, 849.3535740165711, 1117.5783028572082, 1303.711015586853, 1537.113954355812, 1745.3741317741392, 1867.0719348709106, 1883.1969449569704, 1934.7723789962768, 2036.0188209926605, 2344.926744497681, 2533.8547363998414, 2575.4586516380314, 2500.5997177658082, 2788.917624214554, 3061.8239999999996, 3259.472442053223, 3520.8226491851806, 3994.2557644966123, 4078.9347559730527, 3874.9785878829953, 4032.8290617095945, 4162.975790368652, 4034.8000944934847, 4123.562609844589, 4160.733215029907, 4473.169331798172, 4970.444731626129, 5071.566308267213, 5060.744072584534, 5178.2291087303165, 5700.139254789352, 5726.348201345825, 5447.138300276184, 5919.6472346694945, 5987.750407975768, 5851.613437701417, 5410.4079254367825, 5480.821633073044, 5667.1219308883665, 5786.645124783326, 5854.008749858092, 5497.8142932540895, 6137.45191727295]
shares:[0, 4.1, 8.0032, 12.426, 16.9386, 21.2231, 25.6071, 29.9342, 34.5962, 39.213, 43.0666, 46.6444, 49.8901, 52.9222, 55.9171, 59.0529, 62.2714, 65.4879, 68.4051, 71.2157, 74.0926, 77.179, 80.0493, 82.752, 85.3712, 87.8668, 90.1231, 92.3881, 94.8355, 97.2469, 99.6404, 102.1727, 104.7121, 107.2907, 109.7441, 111.9974, 114.2502, 116.5533, 118.8485, 120.9707, 123.1208, 125.4234, 127.5786, 129.7454, 132.0012, 134.4869, 136.9863, 139.4469, 141.8991, 144.3652, 147.0397, 149.4752]
growth_rate:20.34
