ticker:RYF
price:[40.099998474121094, 38.779998779296875, 39.099998474121094, 36.9900016784668, 38.619998931884766, 40.439998626708984, 40.310001373291016, 41.15999984741211, 38.70000076293945, 40.439998626708984, 44.04999923706055, 44.400001525878906, 46.150001525878906, 47.529998779296875, 46.63999938964844, 46.709999084472656, 47.13999938964844, 48.0099983215332, 50.290000915527344, 50.72999954223633, 49.959999084472656, 47.56999969482422, 50.619998931884766, 51.52000045776367, 52.90999984741211, 53.099998474121094, 55.22999954223633, 56.9900016784668, 56.25, 56.41999816894531, 56.59000015258789, 57.560001373291016, 58.130001068115234, 58.2599983215332, 59.68000030517578, 62.02000045776367, 62.220001220703125, 61.41999816894531, 62.09000015258789, 62.70000076293945, 61.29999923706055, 57.47999954223633, 60.59000015258789, 60.16999816894531, 59.79999923706055, 58.79999923706055, 58.9900016784668, 59.45000076293945, 61.52000045776367, 62.68000030517578, 61.349998474121094, 63.58000183105469]
assets:[0, 99.99810485229492, 200.82150216293334, 289.98311815834046, 402.76024486083986, 521.7406862823486, 620.0645651245118, 733.1378012821198, 789.3213455608368, 924.8101965946198, 1107.3641208206177, 1216.1648817955017, 1364.0971301017762, 1504.8853153503417, 1576.7071553665162, 1679.0749950897218, 1794.5302107650757, 1927.6494426078798, 2119.1954935798644, 2237.7357908077242, 2303.7704657829286, 2293.5637502861023, 2540.6177463912964, 2685.789143863678, 2858.2511017570496, 2968.5129346969607, 3187.588377580261, 3389.166904817581, 3445.160625, 3555.571358607483, 3666.285021885681, 3829.127287356949, 3967.047044892883, 4075.9160905731205, 4275.2603738616945, 4542.89060953064, 4657.540411376953, 4697.65328195343, 4848.899934916306, 4996.53798079834, 4984.971107957077, 4774.323249977874, 5132.639502925873, 5197.0632518463135, 5265.102892826843, 5277.058851529312, 5394.11064248085, 5536.1743110473635, 5828.940067372513, 6038.848217401885, 6010.7108855033875, 6329.192084275817]
shares:[0, 2.5786, 5.1361, 7.8395, 10.4288, 12.9016, 15.3824, 17.8119, 20.3959, 22.8687, 25.1388, 27.3911, 29.5579, 31.6618, 33.8059, 35.9468, 38.0681, 40.151, 42.1395, 44.1107, 46.1123, 48.2145, 50.19, 52.131, 54.021, 55.9042, 57.7148, 59.4695, 61.2473, 63.0197, 64.7868, 66.5241, 68.2444, 69.9608, 71.6364, 73.2488, 74.856, 76.4841, 78.0947, 79.6896, 81.3209, 83.0606, 84.711, 86.373, 88.0452, 89.7459, 91.4411, 93.1232, 94.7487, 96.3441, 97.9741, 99.5469]
growth_rate:24.1
