ticker:RYH
price:[235.97000122070312, 234.02000427246094, 235.3000030517578, 230.0800018310547, 232.67999267578125, 243.97000122070312, 244.24000549316406, 246.27999877929688, 231.64999389648438, 251.07000732421875, 255.91000366210938, 249.05999755859375, 250.75, 256.5799865722656, 253.47999572753906, 260.6300048828125, 257.739990234375, 261.57000732421875, 272.67999267578125, 269.3800048828125, 271.6000061035156, 265.1000061035156, 268.3299865722656, 272.0899963378906, 265.3399963378906, 259.92999267578125, 258.8500061035156, 262.8900146484375, 264.3900146484375, 267.760009765625, 268.0299987792969, 272.3999938964844, 280.4599914550781, 285.9100036621094, 280.6199951171875, 285.2099914550781, 283.19000244140625, 284.54998779296875, 284.6499938964844, 282.20001220703125, 288.79998779296875, 287.9700012207031, 293.010009765625, 297.9100036621094, 298.9100036621094, 296.4599914550781, 304.44000244140625, 308.3500061035156, 309.1700134277344, 308.6700134277344, 313.3999938964844, 313.2799987792969]
assets:[0, 99.99674782562256, 200.54619260101316, 296.0899543563843, 399.44174342651365, 518.8266045959472, 619.3926539306641, 724.5557564086914, 781.5175844085693, 947.0360676269531, 1065.302163244629, 1136.7845468566895, 1244.497325, 1373.4213521240235, 1456.8255794448853, 1597.9225599365234, 1680.2069963378906, 1805.1730915466308, 1981.838186767578, 2057.8477333007813, 2174.809888873291, 2222.7575111755373, 2349.846191409302, 2482.7667985839844, 2521.181043203735, 2569.7718795898436, 2659.088457699585, 2800.59361505127, 2916.5655685913084, 3053.749359375, 3156.8305226226807, 3308.297925872803, 3506.198629174805, 3674.3438210632326, 3706.3727715087894, 3866.9911481445315, 3939.5977189636233, 4058.508020892334, 4159.931940802002, 4224.139102722168, 4422.942933050537, 4510.243753118896, 4689.1856912841795, 4867.611131835938, 4983.935728060913, 5043.0809146423335, 5278.837422332764, 5446.6328378112785, 5561.102865527344, 5652.118349877929, 5838.735906289672, 5936.499336868286]
shares:[0, 0.4273, 0.8523, 1.2869, 1.7167, 2.1266, 2.536, 2.942, 3.3737, 3.772, 4.1628, 4.5643, 4.9631, 5.3528, 5.7473, 6.131, 6.519, 6.9013, 7.268, 7.6392, 8.0074, 8.3846, 8.7573, 9.1248, 9.5017, 9.8864, 10.2727, 10.6531, 11.0313, 11.4048, 11.7779, 12.145, 12.5016, 12.8514, 13.2078, 13.5584, 13.9115, 14.2629, 14.6142, 14.9686, 15.3149, 15.6622, 16.0035, 16.3392, 16.6737, 17.011, 17.3395, 17.6638, 17.9872, 18.3112, 18.6303, 18.9495]
growth_rate:16.4
