ticker:RYT
price:[211.1999969482422, 204.6999969482422, 207.08999633789062, 206.1999969482422, 209.5, 221.4499969482422, 222.8800048828125, 220.8699951171875, 207.5399932861328, 226.91000366210938, 230.8699951171875, 232.39999389648438, 240.02000427246094, 249.02999877929688, 245.5800018310547, 253.3000030517578, 250.8699951171875, 253.5500030517578, 260.3500061035156, 256.69000244140625, 259.8800048828125, 250.00999450683594, 262.1099853515625, 272.6499938964844, 270.0400085449219, 262.19000244140625, 256.6099853515625, 263.2300109863281, 261.8500061035156, 269.3699951171875, 275.75, 281.9599914550781, 283.3900146484375, 283.94000244140625, 277.3500061035156, 276.4599914550781, 271.7200012207031, 274.3699951171875, 279.4100036621094, 282.7699890136719, 285.0299987792969, 279.0799865722656, 286.6199951171875, 292.45001220703125, 292.45001220703125, 286.3299865722656, 295.3900146484375, 298.3500061035156, 301.9100036621094, 299.5899963378906, 296.8900146484375, 305.1099853515625]
assets:[0, 99.9959485092163, 201.16722244262695, 300.3096755554199, 405.11015, 528.224677720642, 631.6419338378906, 725.9554999511719, 782.1352186981202, 955.132278414917, 1071.7908653320312, 1178.8954490386964, 1317.5418094528197, 1467.01081980896, 1546.6874095321655, 1695.31159042511, 1779.0445703735352, 1898.0499678451538, 2048.954548034668, 2120.156744165039, 2246.5067142089842, 2261.1903943176267, 2470.622510925293, 2669.9795952301024, 2744.416606842041, 2764.636261743164, 2805.79924083252, 2978.1843442993163, 3062.5714863861085, 3250.5146680786133, 3427.489775, 3604.6893147583005, 3722.9796394409177, 3830.2086629333494, 3841.325319534302, 3928.9941065612793, 3961.6232737976075, 4100.267518029786, 4275.587758038329, 4426.990394000244, 4562.361178460693, 4567.116072256469, 4790.509274389648, 4987.939673199463, 5087.928332373047, 5081.4410057006835, 5342.2170319213865, 5495.75628742981, 5661.325815670776, 5717.824875106811, 5766.286931506347, 6025.952721691894]
shares:[0, 0.4885, 0.9714, 1.4564, 1.9337, 2.3853, 2.834, 3.2868, 3.7686, 4.2093, 4.6424, 5.0727, 5.4893, 5.8909, 6.2981, 6.6929, 7.0915, 7.4859, 7.87, 8.2596, 8.6444, 9.0444, 9.4259, 9.7927, 10.163, 10.5444, 10.9341, 11.314, 11.6959, 12.0671, 12.4297, 12.7844, 13.1373, 13.4895, 13.8501, 14.2118, 14.5798, 14.9443, 15.3022, 15.6558, 16.0066, 16.3649, 16.7138, 17.0557, 17.3976, 17.7468, 18.0853, 18.4205, 18.7517, 19.0855, 19.4223, 19.7501]
growth_rate:18.16
