ticker:SBIO
price:[38.61000061035156, 38.38999938964844, 42.529998779296875, 40.65999984741211, 40.560001373291016, 44.66999816894531, 44.93000030517578, 44.560001373291016, 43.65800094604492, 46.09000015258789, 46.95600128173828, 47.290000915527344, 48.540000915527344, 49.220001220703125, 51.80500030517578, 53.5099983215332, 54.13999938964844, 51.22999954223633, 55.15999984741211, 56.22999954223633, 55.959999084472656, 56.03499984741211, 61.22999954223633, 60.77000045776367, 59.290000915527344, 55.16999816894531, 51.599998474121094, 54.52000045776367, 53.4900016784668, 49.310001373291016, 50.279998779296875, 47.470001220703125, 48.119998931884766, 48.79999923706055, 50.119998931884766, 46.11000061035156, 45.400001525878906, 46.5, 46.61000061035156, 46.380001068115234, 49.810001373291016, 49.25, 50.1150016784668, 49.630001068115234, 49.099998474121094, 45.599998474121094, 45.720001220703125, 44.02000045776367, 44.33000183105469, 43.720001220703125, 42.790000915527344, 46.650001525878906]
assets:[0, 99.99827041015625, 210.78292695007326, 301.5142288684845, 400.7733735694885, 541.3825098083496, 644.5343333778382, 739.2281427822113, 824.2630578613281, 970.1806762119294, 1088.4119361099245, 1196.1532831573486, 1327.772893043518, 1446.37403387146, 1622.3357505569456, 1775.7292943000796, 1896.637872618103, 1894.6954260700224, 2140.0425140800476, 2281.554723426056, 2370.5998652160647, 2473.7771382637025, 2803.1216250434877, 2882.0598107097626, 2911.8683119636535, 2809.526639753723, 2727.7255593376162, 2982.085917038345, 3025.74752894516, 2889.2998064674375, 3046.1383060455323, 2975.899123526001, 3116.6457148200984, 3260.6890690223695, 3448.8874385002136, 3272.9477863235475, 3322.549171669769, 3503.0496000000003, 3611.3381862899782, 3693.5177650604246, 4066.6678281204227, 4120.949425, 4293.327136293411, 4351.776865657043, 4405.305873096467, 4191.282819750214, 4302.311550869751, 4242.339504116058, 4372.214884594727, 4412.0520151885985, 4418.200243531037, 4916.756215822601]
shares:[0, 2.6048, 4.9561, 7.4155, 9.881, 12.1196, 14.3453, 16.5895, 18.88, 21.0497, 23.1794, 25.294, 27.3542, 29.3859, 31.3162, 33.185, 35.0321, 36.9841, 38.797, 40.5754, 42.3624, 44.147, 45.7802, 47.4257, 49.1123, 50.9249, 52.8629, 54.6971, 56.5666, 58.5946, 60.5835, 62.6901, 64.7682, 66.8174, 68.8126, 70.9813, 73.1839, 75.3344, 77.4799, 79.636, 81.6436, 83.6741, 85.6695, 87.6844, 89.7211, 91.9141, 94.1013, 96.373, 98.6288, 100.9161, 103.2531, 105.3967]
growth_rate:-3.59
