ticker:SBM
price:[14.1899995803833, 14.109999656677246, 14.029999732971191, 14.850000381469727, 14.5600004196167, 13.880000114440918, 13.90999984741211, 13.979999542236328, 14.729999542236328, 13.479999542236328, 13.220000267028809, 13.079999923706055, 12.670000076293945, 12.609999656677246, 12.6899995803833, 12.4399995803833, 12.520000457763672, 12.369999885559082, 11.550000190734863, 11.739999771118164, 11.90999984741211, 12.510000228881836, 12.010000228881836, 11.90999984741211, 11.779999732971191, 11.970000267028809, 11.609999656677246, 11.0600004196167, 11.229999542236328, 10.869999885559082, 10.850000381469727, 10.859999656677246, 10.489999771118164, 10.470000267028809, 10.470000267028809, 9.819999694824219, 9.8100004196167, 9.9399995803833, 9.829999923706055, 9.729999542236328, 9.9399995803833, 10.630000114440918, 10.430000305175781, 10.3100004196167, 10.319999694824219, 10.619999885559082, 10.470000267028809, 10.15999984741211, 10.1899995803833, 9.90999984741211, 10.369999885559082, 10.020000457763672]
assets:[0, 100.00038956680298, 199.43364020423888, 311.089687991333, 405.01407567243575, 486.0984240078927, 587.1494395591736, 690.1045034030915, 827.1277722953796, 856.9370508995056, 940.4086849951744, 1030.4502419895173, 1098.150717612648, 1192.9501025204659, 1300.518109996128, 1374.8973656229973, 1483.738994249344, 1565.9628175125122, 1562.1560057971953, 1687.8538970937727, 1812.2946547813415, 2003.5941306575776, 2023.5144965633394, 2106.6657840099338, 2183.6715085005762, 2318.891892730236, 2349.1510765325547, 2337.865100698662, 2473.799326161575, 2494.496488737583, 2589.9070260572435, 2692.2938268871308, 2700.5675700761794, 2795.418875294876, 2895.418894845295, 2815.6649444976806, 2912.7980775931355, 3051.3979691853524, 3117.6296938030246, 3185.9141831134793, 3354.675308382511, 3687.5449136995317, 3718.1647337913514, 3775.3860616580964, 3879.0474292915346, 4091.8105539067265, 4134.016785434723, 4111.614778249741, 4223.754826068878, 4207.694763212586, 4503.006530305862, 4451.0244833450315]
shares:[0, 7.0872, 14.2148, 20.9488, 27.8169, 35.0215, 42.2106, 49.3637, 56.1526, 63.571, 71.1353, 78.7806, 86.6733, 94.6035, 102.4837, 110.5223, 118.5095, 126.5936, 135.2516, 143.7695, 152.1658, 160.1594, 168.4858, 176.8821, 185.3711, 193.7253, 202.3386, 211.3802, 220.2849, 229.4845, 238.7011, 247.9092, 257.4421, 266.9932, 276.5443, 286.7276, 296.9213, 306.9817, 317.1546, 327.4321, 337.4925, 346.8998, 356.4875, 366.1868, 375.8767, 385.2929, 394.844, 404.6865, 414.5, 424.5908, 434.234, 444.214]
growth_rate:-12.73
