ticker:SEF
price:[18.5, 18.940000534057617, 18.90999984741211, 19.56999969482422, 18.84000015258789, 18.239999771118164, 18.479999542236328, 18.420000076293945, 19.520000457763672, 18.540000915527344, 17.139999389648438, 17.190000534057617, 16.610000610351562, 16.31999969482422, 16.639999389648438, 16.489999771118164, 16.31999969482422, 15.960000038146973, 15.550000190734863, 15.630000114440918, 15.720000267028809, 16.309999465942383, 15.34000015258789, 15.069999694824219, 14.869999885559082, 14.8100004196167, 14.430000305175781, 13.869999885559082, 14.149999618530273, 13.949999809265137, 13.859999656677246, 13.609999656677246, 13.430000305175781, 13.34000015258789, 13.100000381469727, 12.770000457763672, 12.800000190734863, 12.850000381469727, 12.710000038146973, 12.529999732971191, 12.670000076293945, 13.260000228881836, 12.720000267028809, 12.739999771118164, 12.720000267028809, 12.789999961853027, 12.6899995803833, 12.630000114440918, 12.350000381469727, 12.239999771118164, 12.4399995803833, 12.130000114440918]
assets:[0, 99.9994148197174, 199.84087838745117, 306.8164982154846, 395.372475202179, 482.7817859418869, 589.1349934066773, 687.2225728464127, 828.2628994235993, 886.6792517852783, 919.7237972488404, 1022.406223764038, 1087.9101929763792, 1168.9167141418457, 1291.8363686157227, 1380.191543842888, 1465.9635565872193, 1533.626727665615, 1594.2295595546723, 1702.4321164649964, 1812.234642783642, 1980.2508581583024, 1962.4799675209044, 2027.938211933136, 2101.0239198303225, 2192.546512122154, 2236.2892972946165, 2249.5031574394225, 2394.914320435524, 2461.0645463504793, 2545.186580953789, 2599.2772034312247, 2664.9001875556946, 2747.0421994216917, 2797.6203614662168, 2827.1465703441622, 2933.78820371685, 3045.248345402336, 3112.0702003403667, 3167.996169486332, 3303.3933718917847, 3557.221807401467, 3512.3571377343173, 3617.879655002594, 3712.199789929581, 3832.628366568947, 3902.662166951752, 3984.2105791010854, 3995.8833784257886, 4060.291892074585, 4226.636649430275, 4221.310393826104]
shares:[0, 5.2798, 10.568, 15.6779, 20.9858, 26.4683, 31.8796, 37.3085, 42.4315, 47.8252, 53.6595, 59.4768, 65.4973, 71.6248, 77.6344, 83.6987, 89.8262, 96.0919, 102.5228, 108.9208, 115.2821, 121.4133, 127.9322, 134.5679, 141.2928, 148.045, 154.975, 162.1848, 169.2519, 176.4204, 183.6354, 190.9829, 198.4289, 205.9252, 213.5588, 221.3897, 229.2022, 236.9843, 244.8521, 252.8329, 260.7256, 268.2671, 276.1287, 283.978, 291.8396, 299.6582, 307.5384, 315.4561, 323.5533, 331.7232, 339.7618, 348.0058]
growth_rate:-17.23
