ticker:SFY
price:[12.460000038146973, 12.170000076293945, 12.170000076293945, 12.125, 12.350000381469727, 12.789999961853027, 12.880000114440918, 12.75, 12.039999961853027, 12.970000267028809, 13.170000076293945, 13.149999618530273, 13.545999526977539, 13.670000076293945, 13.54699993133545, 13.779999732971191, 13.8100004196167, 13.800000190734863, 14.100000381469727, 13.90999984741211, 14.199999809265137, 13.75, 14.380000114440918, 14.53499984741211, 14.390000343322754, 13.994999885559082, 13.960000038146973, 14.430000305175781, 14.289999961853027, 14.470000267028809, 14.640000343322754, 15.029999732971191, 15.300000190734863, 15.260000228881836, 15.239999771118164, 15.34000015258789, 15.079999923706055, 15.09000015258789, 15.350000381469727, 15.399999618530273, 15.5600004196167, 15.380000114440918, 15.760000228881836, 16.040000915527344, 16.110000610351562, 15.9350004196167, 16.350000381469727, 16.270000457763672, 16.420000076293945, 16.520000457763672, 16.40999984741211, 16.700000762939453]
assets:[0, 99.99967362689974, 199.99934725379947, 299.25955, 404.81325250396725, 519.2356284513473, 622.8896855344772, 716.602275, 776.6967855391501, 936.6908252847672, 1051.1345820892334, 1149.5387766529084, 1284.1566913576125, 1395.912057790756, 1483.3517873814583, 1608.8645768234253, 1712.3668590302466, 1811.1272050322532, 1950.4995827699663, 2024.216561795044, 2166.4187109005925, 2197.76425, 2398.4617890877726, 2524.3137724998473, 2599.131935011196, 2627.786548011875, 2721.214431435966, 2912.8312036026, 2984.5708090327266, 3122.1644646162986, 3258.845044423199, 3445.659001783085, 3607.5564449729923, 3698.125241467476, 3793.27861503067, 3918.168916974258, 3951.7592200069425, 4054.3797319972987, 4224.237214978409, 4337.9966325445175, 4483.066408897781, 4531.206417716217, 4743.161188884735, 4927.430537246704, 5048.933798286438, 5094.088186142731, 5326.754914281081, 5400.691610950852, 5550.482181789779, 5684.286009509659, 5746.43569556694, 5947.98750173378]
shares:[0, 8.2169, 16.4338, 24.6812, 32.7784, 40.597, 48.361, 56.2041, 64.5097, 72.2198, 79.8128, 87.4174, 94.7997, 102.115, 109.4967, 116.7536, 123.9947, 131.2411, 138.3333, 145.5224, 152.5647, 159.8374, 166.7915, 173.6714, 180.6207, 187.7661, 194.9294, 201.8594, 208.8573, 215.7681, 222.5987, 229.2521, 235.788, 242.3411, 248.9028, 255.4217, 262.053, 268.6799, 275.1946, 281.6881, 288.1148, 294.6168, 300.962, 307.1964, 313.4037, 319.6792, 325.7954, 331.9417, 338.0318, 344.0851, 350.1789, 356.1669]
growth_rate:16.63
