ticker:SIJ
price:[28.440000534057617, 28.959999084472656, 28.0, 29.0, 27.8799991607666, 25.68000030517578, 25.15999984741211, 25.399999618530273, 28.959999084472656, 24.520000457763672, 22.799999237060547, 22.079999923706055, 20.920000076293945, 20.600000381469727, 20.799999237060547, 20.1200008392334, 20.239999771118164, 20.1200008392334, 19.280000686645508, 19.920000076293945, 19.68000030517578, 21.739999771118164, 19.299999237060547, 18.219999313354492, 18.260000228881836, 18.719999313354492, 18.239999771118164, 16.84000015258789, 17.1200008392334, 16.5, 16.219999313354492, 15.4399995803833, 15.119999885559082, 14.9399995803833, 15.020000457763672, 14.34000015258789, 14.600000381469727, 14.979999542236328, 14.449999809265137, 14.359999656677246, 14.65999984741211, 15.539999961853027, 14.59000015258789, 14.289999961853027, 14.109999656677246, 14.510000228881836, 13.920000076293945, 14.069999694824219, 13.989999771118164, 13.680000305175781, 14.0600004196167, 13.529999732971191]
assets:[0, 99.99887683868408, 196.6832, 303.7083, 391.97884820079804, 461.04845347900397, 551.7135086540222, 656.9760701332093, 849.0550451583863, 818.8821952877046, 861.4409711742401, 934.2379167718888, 985.1562755928039, 1070.0876198158264, 1180.4769167003633, 1241.8849198007583, 1349.291488741684, 1441.2922361183166, 1481.118572749138, 1630.2846782440186, 1710.642698526764, 1989.7034770521163, 1866.387126220703, 1861.947279829979, 1966.0359646434783, 2115.5639704015734, 2161.319588879013, 2095.4281629867555, 2230.2687333292006, 2249.4994500000003, 2311.3255721540454, 2300.177025487518, 2352.505662194252, 2424.4989879035948, 2537.4818813346865, 2522.6024848423003, 2668.3398697185517, 2837.790141281891, 2837.3875125474933, 2919.7153381946564, 3080.712473934555, 3365.639205738163, 3259.8889630931853, 3292.8589812097553, 3351.3817204545976, 3546.3891559410094, 3502.187107195091, 3639.9258050506587, 3719.230247151947, 3736.816571361542, 3940.617407606602, 3892.0735481858255]
shares:[0, 3.453, 7.0244, 10.4727, 14.0595, 17.9536, 21.9282, 25.8652, 29.3182, 33.3965, 37.7825, 42.3115, 47.0916, 51.946, 56.7537, 61.7239, 66.6646, 71.6348, 76.8215, 81.8416, 86.9229, 91.5227, 96.704, 102.1925, 107.669, 113.0109, 118.4934, 124.4316, 130.2727, 136.3333, 142.4985, 148.9752, 155.589, 162.2824, 168.9402, 175.9137, 182.763, 189.4386, 196.359, 203.3228, 210.1441, 216.5791, 223.4331, 230.431, 237.5182, 244.41, 251.5939, 258.7012, 265.8492, 273.1591, 280.2715, 287.6625]
growth_rate:-23.68
