ticker:SIL
price:[47.86000061035156, 47.310001373291016, 47.09000015258789, 42.349998474121094, 43.5099983215332, 46.2599983215332, 45.52000045776367, 45.20000076293945, 42.290000915527344, 48.209999084472656, 44.06999969482422, 41.619998931884766, 39.939998626708984, 42.08000183105469, 41.939998626708984, 45.2400016784668, 45.380001068115234, 45.619998931884766, 45.9900016784668, 41.630001068115234, 42.619998931884766, 43.779998779296875, 43.959999084472656, 44.22999954223633, 42.84000015258789, 41.849998474121094, 40.369998931884766, 42.290000915527344, 42.869998931884766, 40.36000061035156, 41.29999923706055, 42.90999984741211, 44.0, 43.959999084472656, 41.68000030517578, 45.59000015258789, 45.380001068115234, 47.689998626708984, 48.70000076293945, 48.40999984741211, 48.09000015258789, 43.31999969482422, 43.38999938964844, 43.20000076293945, 42.29999923706055, 40.83000183105469, 40.33000183105469, 42.18000030517578, 40.529998779296875, 40.20000076293945, 37.439998626708984, 40.20000076293945]
assets:[0, 99.99914990272522, 199.5344576465607, 279.45069993133546, 387.1041040668488, 511.5708174385071, 603.3858140678406, 699.1445718009949, 754.1322123260499, 959.7019887748719, 977.2874992324829, 1022.9571437473296, 1081.6670248081207, 1239.6221499404908, 1335.499570270157, 1540.580397157669, 1645.347236726761, 1754.0479009319306, 1868.274833185196, 1791.1557739562986, 1933.7503295375823, 2086.379621826172, 2194.957922286987, 2308.4388671085358, 2335.8938483200077, 2381.913588153839, 2397.6791985618593, 2611.7120445404053, 2747.5296575447082, 2686.6643406295775, 2849.2373873657225, 3060.3111521175383, 3238.048, 3335.10445854187, 3262.1269038848877, 3668.1486172771456, 3751.251566293716, 4042.2042835998536, 4227.812646233368, 4302.637217438125, 4374.194278879166, 4040.3220795372013, 4146.851665667725, 4228.692554681396, 4240.596073514938, 4193.228939048768, 4241.877328588867, 4536.4590328216555, 4459.001034701539, 4522.697065834427, 4312.181793830108, 4730.06876977005]
shares:[0, 2.1137, 4.2373, 6.5986, 8.8969, 11.0586, 13.2554, 15.4678, 17.8324, 19.9067, 22.1758, 24.5785, 27.0823, 29.4587, 31.8431, 34.0535, 36.2571, 38.4491, 40.6235, 43.0256, 45.3719, 47.656, 49.9308, 52.1917, 54.526, 56.9155, 59.3926, 61.7572, 64.0898, 66.5675, 68.9888, 71.3193, 73.592, 75.8668, 78.266, 80.4595, 82.6631, 84.76, 86.8134, 88.8791, 90.9585, 93.2669, 95.5716, 97.8864, 100.2505, 102.6997, 105.1792, 107.55, 110.0173, 112.5049, 115.1758, 117.6634]
growth_rate:-7.25
