ticker:SILJ
price:[15.1899995803833, 14.930000305175781, 15.399999618530273, 13.4399995803833, 13.899999618530273, 15.029999732971191, 14.680000305175781, 14.680000305175781, 13.699999809265137, 15.979999542236328, 14.699999809265137, 14.069999694824219, 13.579999923706055, 14.319999694824219, 14.0600004196167, 15.40999984741211, 15.59000015258789, 16.309999465942383, 15.949999809265137, 14.149999618530273, 14.59000015258789, 15.529999732971191, 15.59000015258789, 15.75, 15.569999694824219, 15.40999984741211, 14.539999961853027, 15.369999885559082, 15.600000381469727, 14.609999656677246, 15.050000190734863, 15.6899995803833, 15.949999809265137, 15.760000228881836, 15.039999961853027, 16.729999542236328, 16.219999313354492, 17.15999984741211, 17.649999618530273, 17.450000762939453, 17.3799991607666, 15.40999984741211, 15.289999961853027, 15.380000114440918, 14.890000343322754, 13.670000076293945, 13.460000038146973, 14.369999885559082, 13.75, 13.539999961853027, 12.220000267028809, 13.479999542236328]
assets:[0, 99.99964904403686, 203.14755496788024, 277.29272734251026, 386.7827793851852, 518.2268757929802, 606.1592326011657, 706.1593946800232, 759.0183494327545, 985.3363597740174, 1006.4104969416619, 1063.278318937683, 1126.2491456726075, 1287.6200045593262, 1364.2418407154084, 1595.2323972042084, 1713.8663997745514, 1893.018457014656, 1951.235251666546, 1831.032590637207, 1987.9692247909545, 2216.0502058963775, 2324.612450752258, 2448.4698000000003, 2520.4871205978393, 2594.586297308731, 2548.104459314823, 2793.560496199894, 2935.3647117790224, 2849.0814230489727, 3034.885213462353, 3263.9435427083968, 3418.0307291261674, 3477.3148185009, 3418.4521193295477, 3902.573533218384, 3883.606339594269, 4208.673574576187, 4428.850864279175, 4478.6665908138275, 4560.699483776092, 4143.750499969101, 4211.4821764927865, 4336.272606265736, 4298.120697102929, 4045.957767580986, 4083.803045573902, 4459.899030481911, 4367.474375, 4400.770787601471, 4071.7444149748803, 4591.58036007576]
shares:[0, 6.6979, 13.1914, 20.6319, 27.8261, 34.4795, 41.2915, 48.1035, 55.4028, 61.6606, 68.4633, 75.5706, 82.9344, 89.9176, 97.03, 103.5193, 109.9337, 116.0649, 122.3345, 129.4016, 136.2556, 142.6948, 149.1092, 155.4584, 161.881, 168.3703, 175.2479, 181.7541, 188.1644, 195.009, 201.6535, 208.027, 214.2966, 220.6418, 227.2907, 233.268, 239.4332, 245.2607, 250.9264, 256.6571, 262.4108, 268.9001, 275.4403, 281.9423, 288.6582, 295.9735, 303.4029, 310.3618, 317.6345, 325.02, 333.2033, 340.6217]
growth_rate:-9.97
