ticker:SKF
price:[21.6200008392334, 22.579999923706055, 22.559999465942383, 24.059999465942383, 22.34000015258789, 20.860000610351562, 21.440000534057617, 21.260000228881836, 23.84000015258789, 21.459999084472656, 18.299999237060547, 18.360000610351562, 17.139999389648438, 16.520000457763672, 17.18000030517578, 16.899999618530273, 16.540000915527344, 15.800000190734863, 15.0, 15.140000343322754, 15.359999656677246, 16.479999542236328, 14.569999694824219, 14.050000190734863, 13.65999984741211, 13.59000015258789, 12.829999923706055, 11.850000381469727, 12.380000114440918, 11.930000305175781, 11.84000015258789, 11.420000076293945, 11.130000114440918, 10.970000267028809, 10.59000015258789, 10.0600004196167, 10.100000381469727, 10.15999984741211, 9.960000038146973, 9.670000076293945, 9.869999885559082, 10.859999656677246, 9.9399995803833, 9.979999542236328, 9.9399995803833, 10.0600004196167, 9.890000343322754, 9.779999732971191, 9.34000015258789, 9.1899995803833, 9.489999771118164, 9.029999732971191]
assets:[0, 100.000045662117, 199.91092326755523, 313.20344904785156, 390.8137286693573, 464.92352160339357, 577.850894393921, 673.0001892454147, 854.6711574703215, 869.3467089118958, 841.3351449241638, 944.0932633850098, 981.359235054016, 1045.8614049804687, 1187.644831096649, 1268.2892013719559, 1341.2716782424927, 1381.262876674366, 1411.3259999999998, 1524.4981105703353, 1646.6503311944962, 1866.719212148285, 1750.3698273376465, 1787.8990542715073, 1838.2698914657594, 1928.8504656570435, 1920.9820025768279, 1874.2505703350068, 2058.0772170248983, 2083.267952291107, 2167.5511959342957, 2190.6620706352232, 2235.0320179810524, 2302.902537056637, 2323.130451473236, 2306.864732222557, 2416.037251251984, 2530.3896179973603, 2580.579237883663, 2605.442272556305, 2759.3292190060615, 3136.1007448568344, 2970.427726603508, 3082.3807426170347, 3170.026894177437, 3308.297533993721, 3352.3916583753585, 3415.1045127554894, 3361.459516916275, 3407.474477414227, 3618.7086817232134, 3543.3023642199514]
shares:[0, 4.4287, 8.8613, 13.0176, 17.4939, 22.2878, 26.952, 31.6557, 35.8503, 40.5101, 45.9746, 51.4212, 57.2555, 63.3088, 69.1295, 75.0467, 81.0926, 87.4217, 94.0884, 100.6934, 107.2038, 113.2718, 120.1352, 127.2526, 134.5732, 141.9316, 149.7258, 158.1646, 166.2421, 174.6243, 183.0702, 191.8268, 200.8115, 209.9273, 219.3702, 229.3106, 239.2116, 249.0541, 259.0943, 269.4356, 279.5673, 288.7754, 298.8358, 308.8558, 318.9162, 328.8566, 338.9678, 349.1927, 359.8993, 370.7807, 381.3181, 392.3923]
growth_rate:-30.52
