ticker:SMN
price:[27.5, 27.079999923706055, 26.739999771118164, 29.8799991607666, 28.940000534057617, 26.040000915527344, 26.239999771118164, 26.440000534057617, 29.280000686645508, 24.459999084472656, 23.459999084472656, 23.059999465942383, 21.420000076293945, 21.239999771118164, 21.559999465942383, 20.639999389648438, 20.899999618530273, 20.440000534057617, 17.780000686645508, 18.399999618530273, 18.899999618530273, 20.899999618530273, 19.18000030517578, 18.84000015258789, 18.420000076293945, 18.959999084472656, 17.959999084472656, 16.15999984741211, 16.299999237060547, 15.600000381469727, 15.539999961853027, 15.5600004196167, 14.5, 14.4399995803833, 14.4399995803833, 12.699999809265137, 12.65999984741211, 13.0, 12.680000305175781, 12.470000267028809, 12.989999771118164, 14.880000114440918, 14.279999732971191, 13.949999809265137, 13.979999542236328, 14.819999694824219, 14.329999923706055, 13.520000457763672, 13.609999656677246, 12.890000343322754, 14.079999923706055, 13.100000381469727]
assets:[0, 100.00102371826172, 198.74504829883577, 322.0824869537353, 411.94933160209655, 470.6678085479736, 574.2833869907379, 678.6592897081375, 851.5561159698486, 811.3748596305848, 878.2039517280579, 963.2300136920929, 994.7255255430222, 1086.3665162933348, 1202.7331942073822, 1251.4114189941406, 1367.1755650461196, 1437.0853375482561, 1350.0674561382293, 1497.1454089611054, 1637.828606942749, 1911.1440351175308, 1853.8640274971008, 1921.0017755584718, 1978.177226193428, 2136.1700088500975, 2123.502287752533, 2010.6788930145262, 2128.0985603919985, 2136.7086522493364, 2228.4903845295908, 2331.3579748712536, 2272.5386, 2363.1348113288877, 2463.1346964229583, 2266.3302059631346, 2359.192237565231, 2522.5512, 2560.4572456237793, 2618.0516160621646, 2827.224088184738, 3338.5750336767196, 3303.954970217705, 3327.603659502506, 3434.7600675315857, 3741.139974961853, 3717.445590208053, 3607.317290137482, 3731.3297548743253, 3633.934717789173, 4069.4184739494326, 3886.1779931648257]
shares:[0, 3.6928, 7.4325, 10.7792, 14.2346, 18.0748, 21.8858, 25.6679, 29.0832, 33.1715, 37.4341, 41.7706, 46.4391, 51.1472, 55.7854, 60.6304, 65.4151, 70.3075, 75.9318, 81.3666, 86.6576, 91.4423, 96.6561, 101.964, 107.3929, 112.6672, 118.2351, 124.4232, 130.5582, 136.9685, 143.4035, 149.8302, 156.7268, 163.652, 170.5772, 178.4512, 186.3501, 194.0424, 201.9288, 209.948, 217.6462, 224.3666, 231.3694, 238.5379, 245.691, 252.4386, 259.417, 266.8134, 274.1609, 281.9189, 289.0212, 296.6548]
growth_rate:-23.8
