ticker:SMOG
price:[103.61000061035156, 100.61000061035156, 105.01000213623047, 103.45999908447266, 111.80999755859375, 121.72000122070312, 122.58000183105469, 119.54000091552734, 115.37999725341797, 130.07000732421875, 131.00999450683594, 140.50999450683594, 149.1300048828125, 145.07000732421875, 146.55999755859375, 156.17999267578125, 161.6300048828125, 165.47999572753906, 191.3000030517578, 180.1300048828125, 191.3699951171875, 176.50999450683594, 182.58999633789062, 187.27999877929688, 179.25999450683594, 163.02999877929688, 147.44000244140625, 161.77000427246094, 154.8800048828125, 151.89999389648438, 159.30999755859375, 155.47999572753906, 154.0, 159.25, 151.6999969482422, 145.6999969482422, 140.25, 146.00999450683594, 150.07000732421875, 149.72000122070312, 152.52999877929688, 154.1199951171875, 157.52000427246094, 160.57000732421875, 157.58999633789062, 152.3800048828125, 155.67999267578125, 157.4600067138672, 159.2100067138672, 158.75999450683594, 156.89999389648438, 159.8699951171875]
assets:[0, 99.99627960662842, 204.37046615753172, 301.35828533325196, 425.6830227050781, 563.4175416503906, 667.3990779693604, 750.8426997505188, 824.7131443679809, 1029.71221998291, 1137.1536513198853, 1319.6136644104004, 1500.575935131836, 1559.7201837463379, 1675.7377000854492, 1885.7328495666504, 2051.5373259765624, 2200.4040511886597, 2643.727782174683, 2589.3688201904297, 2850.934502258301, 2729.550555053711, 2923.5762443634035, 3098.6786758026124, 3065.9733160476685, 2888.3861853729245, 2712.173588909912, 3075.781622233582, 3044.7860159912107, 3086.1977459930417, 3336.7478988647463, 3356.5332437652587, 3424.5904, 3641.330875, 3568.696918208313, 3527.5426261138914, 3495.591, 3739.1553483261105, 3943.134463446045, 4033.9359368896485, 4209.644930310059, 4353.5199740722655, 4549.555771398926, 4737.650180102539, 4749.730971624756, 4692.709868371582, 4894.329881738281, 5050.29352533722, 5206.4219555541995, 5291.708756904602, 5329.704512670899, 5530.590572082519]
shares:[0, 0.9939, 1.9462, 2.9128, 3.8072, 4.6288, 5.4446, 6.2811, 7.1478, 7.9166, 8.6799, 9.3916, 10.0622, 10.7515, 11.4338, 12.0741, 12.6928, 13.2971, 13.8198, 14.375, 14.8975, 15.464, 16.0117, 16.5457, 17.1035, 17.7169, 18.3951, 19.0133, 19.659, 20.3173, 20.945, 21.5882, 22.2376, 22.8655, 23.5247, 24.211, 24.924, 25.6089, 26.2753, 26.9432, 27.5988, 28.2476, 28.8824, 29.5052, 30.1398, 30.7961, 31.4384, 32.0735, 32.7016, 33.3315, 33.9688, 34.5943]
growth_rate:8.44
