ticker:SNSR
price:[26.5, 26.34000015258789, 26.280000686645508, 25.489999771118164, 26.450000762939453, 27.979999542236328, 27.93000030517578, 27.81999969482422, 25.950000762939453, 28.270000457763672, 28.6200008392334, 29.260000228881836, 30.18000030517578, 31.31999969482422, 30.3700008392334, 31.329999923706055, 31.530000686645508, 31.790000915527344, 33.72999954223633, 33.150001525878906, 33.88999938964844, 32.56999969482422, 34.0, 35.290000915527344, 35.560001373291016, 33.720001220703125, 32.59000015258789, 33.290000915527344, 33.040000915527344, 33.25, 33.880001068115234, 34.54999923706055, 34.72999954223633, 34.900001525878906, 34.150001525878906, 34.41999816894531, 33.2599983215332, 33.529998779296875, 34.65999984741211, 35.150001525878906, 35.54999923706055, 34.560001373291016, 35.63999938964844, 35.83000183105469, 35.939998626708984, 35.33000183105469, 36.150001525878906, 36.9900016784668, 37.34000015258789, 37.06999969482422, 36.58000183105469, 37.93000030517578]
assets:[0, 99.99981057929993, 199.77268121967316, 293.76714936218264, 404.8304866771698, 528.2484013576508, 627.3050138542176, 724.8334000488281, 776.1126228179932, 945.4986463100435, 1057.2056590007783, 1180.8458292369842, 1317.975703327179, 1467.758541698456, 1523.2377620925904, 1671.3865699298858, 1782.056720808792, 1896.750404624939, 2112.4997523303987, 2176.1749451683045, 2324.7522881317136, 2334.203939128876, 2536.6890000000003, 2732.9353089004517, 2853.8430182125094, 2806.1751295867916, 2812.13571016655, 2972.5374197494507, 3050.2132365203856, 3169.599475, 3329.6553569721223, 3495.502887811661, 3613.7154933689117, 3731.403463142395, 3751.217162610626, 3880.8754455474855, 3850.084277705383, 3981.338643054199, 4215.5155494415285, 4375.1136599258425, 4524.899887891007, 4498.8896507698055, 4739.478398834229, 4864.746838607788, 4979.6808857231135, 4995.164105885315, 5211.102249958801, 5432.188890492249, 5583.588380817032, 5643.214244542694, 5668.61998374939, 5977.821150096131]
shares:[0, 3.7965, 7.6017, 11.5248, 15.3055, 18.8795, 22.4599, 26.0544, 29.908, 33.4453, 36.9394, 40.357, 43.6705, 46.8633, 50.156, 53.3478, 56.5194, 59.665, 62.6297, 65.6463, 68.597, 71.6673, 74.6085, 77.4422, 80.2543, 83.2199, 86.2883, 89.2922, 92.3188, 95.3263, 98.2779, 101.1723, 104.0517, 106.917, 109.8453, 112.7506, 115.7572, 118.7396, 121.6248, 124.4698, 127.2827, 130.1762, 132.982, 135.773, 138.5554, 141.3859, 144.1522, 146.8556, 149.5337, 152.2313, 154.965, 157.6014]
growth_rate:17.21
