ticker:SNUG
price:[26.5, 26.101999282836914, 26.281999588012695, 26.18000030517578, 26.34600067138672, 26.3799991607666, 26.1299991607666, 25.989999771118164, 25.309999465942383, 26.3799991607666, 26.40999984741211, 26.4689998626709, 26.70599937438965, 27.18000030517578, 27.18000030517578, 27.361000061035156, 27.440000534057617, 27.454999923706055, 27.8700008392334, 27.900999069213867, 28.11400032043457, 27.579999923706055, 28.3700008392334, 28.775999069213867, 28.575000762939453, 27.584999084472656, 26.950000762939453, 27.40399932861328, 26.989999771118164, 26.937000274658203, 27.327999114990234, 27.55500030517578, 27.7549991607666, 27.760000228881836, 27.625, 27.770000457763672, 27.555999755859375, 27.475000381469727, 27.58099937438965, 27.825000762939453, 27.93000030517578, 27.718000411987305, 28.027000427246094, 28.31999969482422, 28.415000915527344, 27.899999618530273, 28.200000762939453, 28.222000122070312, 28.1200008392334, 28.198999404907227, 28.06999969482422, 28.295000076293945]
assets:[0, 99.9993694524765, 200.68934885406495, 299.9102294960022, 401.8107600395203, 502.33058201923376, 597.5695638074875, 694.3670268850326, 776.1994706216813, 909.0152010812759, 1010.0478031642914, 1112.3041343290329, 1222.2641557674408, 1343.9586030899047, 1443.9592602127075, 1553.5740000656128, 1658.0592882703781, 1758.9649711120605, 1885.5532677785873, 1987.6504330913544, 2102.8232021673202, 2162.881512016869, 2324.836458772659, 2458.106270090294, 2540.937645341873, 2552.9061517707823, 2594.1396984386442, 2737.8403993240354, 2796.4797592851637, 2890.9893111774445, 3032.954256978607, 3158.147472476959, 3281.0711032896043, 3381.662155881882, 3465.2164625, 3583.4047580692295, 3655.7911088104247, 3745.0458669971467, 3859.494743556404, 3993.6388845024107, 4108.709726893616, 4177.523975692749, 4324.095312316895, 4469.300927838898, 4584.294391705322, 4601.206557088852, 4750.682108527755, 4854.387219396973, 4936.842955338669, 5050.7115038131715, 5127.6057912528995, 5268.707272706413]
shares:[0, 3.8311, 7.636, 11.4557, 15.2513, 19.0421, 22.8691, 26.7167, 30.6677, 34.4585, 38.2449, 42.0229, 45.7674, 49.4466, 53.1258, 56.7806, 60.4249, 64.0672, 67.6553, 71.2394, 74.7963, 78.4221, 81.947, 85.4221, 88.9217, 92.5469, 96.2575, 99.9066, 103.6117, 107.3241, 110.9834, 114.6125, 118.2155, 121.8178, 125.4377, 129.0387, 132.6677, 136.3074, 139.9331, 143.527, 147.1074, 150.7152, 154.2832, 157.8143, 161.3336, 164.9178, 168.4639, 172.0072, 175.5634, 179.1096, 182.6721, 186.2063]
growth_rate:3.31
