ticker:SOXL
price:[16.527334213256836, 14.657333374023438, 15.081999778747559, 15.455333709716797, 16.329334259033203, 20.342666625976562, 20.404666900634766, 19.3700008392334, 16.59666633605957, 23.492666244506836, 22.73466682434082, 23.997333526611328, 26.083999633789062, 31.154666900634766, 28.163333892822266, 30.139333724975586, 29.65399932861328, 31.09866714477539, 35.78666687011719, 37.82400131225586, 40.790000915527344, 33.400665283203125, 36.7226676940918, 45.77199935913086, 45.798667907714844, 38.71066665649414, 32.75, 33.41999816894531, 34.75, 37.689998626708984, 42.40999984741211, 44.47999954223633, 42.75, 40.150001525878906, 36.900001525878906, 36.93000030517578, 31.93000030517578, 34.13999938964844, 38.779998779296875, 39.7400016784668, 39.4900016784668, 37.31999969482422, 40.65999984741211, 43.31999969482422, 41.77000045776367, 36.7599983215332, 41.54999923706055, 44.38999938964844, 46.630001068115234, 43.47999954223633, 40.43000030517578, 47.29999923706055]
assets:[0, 99.9996569442749, 202.89663482351304, 307.9197045654297, 425.33180237846375, 629.8679524734497, 731.7868523242951, 794.6794654306411, 780.8997057777405, 1205.3664182064056, 1266.4755378501893, 1436.813947838974, 1661.7516234695436, 2084.792422323227, 1984.619445426178, 2223.863892164421, 2288.052176396942, 2499.521163227463, 2976.3126675872804, 3245.7532006072997, 3600.272324807739, 3048.0645521484375, 3451.222015758133, 4401.682627170563, 4504.248610189056, 3907.1527491065976, 3405.5284, 3575.197880117798, 3817.478625, 4240.452748492813, 4871.492488472748, 5209.266250389099, 5106.6585, 4896.079891072845, 4599.758620207977, 4703.49716386795, 4166.686231823731, 4555.078208564758, 5274.161271981812, 5504.725422498703, 5570.096328749085, 5364.014752136994, 5944.073179693221, 6432.937646681976, 6302.767263072968, 5646.7952421665195, 6482.597640966797, 7025.693983398437, 7480.221566343308, 7074.908997514343, 6678.623664411926, 7913.479072357178]
shares:[0, 6.8225, 13.4529, 19.9232, 26.0471, 30.9629, 35.8637, 41.0263, 47.0516, 51.3082, 55.7068, 59.8739, 63.7077, 66.9175, 70.4682, 73.7861, 77.1583, 80.3739, 83.1682, 85.812, 88.2636, 91.2576, 93.9807, 96.1654, 98.3489, 100.9322, 103.9856, 106.9778, 109.8555, 112.5087, 114.8666, 117.1148, 119.454, 121.9447, 124.6547, 127.3625, 130.4944, 133.4235, 136.0021, 138.5185, 141.0508, 143.7303, 146.1897, 148.4981, 150.8922, 153.6125, 156.0192, 158.272, 160.4165, 162.7164, 165.1898, 167.304]
growth_rate:55.17
