ticker:SOXS
price:[42.72999954223633, 46.400001525878906, 44.560001373291016, 43.13999938964844, 40.11000061035156, 31.479999542236328, 31.290000915527344, 32.959999084472656, 37.349998474121094, 25.56999969482422, 25.700000762939453, 24.1200008392334, 22.079999923706055, 18.260000228881836, 19.959999084472656, 18.649999618530273, 18.93000030517578, 17.940000534057617, 15.300000190734863, 14.34000015258789, 13.09000015258789, 15.470000267028809, 13.770000457763672, 10.789999961853027, 10.670000076293945, 11.930000305175781, 13.300000190734863, 12.020000457763672, 11.25, 10.029999732971191, 8.710000038146973, 8.220000267028809, 8.520000457763672, 8.850000381469727, 9.520000457763672, 9.449999809265137, 10.420000076293945, 9.59000015258789, 8.40999984741211, 8.130000114440918, 8.15999984741211, 8.520000457763672, 7.809999942779541, 7.25, 7.46999979019165, 8.40999984741211, 7.340000152587891, 6.820000171661377, 6.449999809265137, 6.900000095367432, 7.360000133514404, 6.21999979019165]
assets:[0, 100.00128328857421, 196.03727004165648, 289.78863190002437, 369.433160621643, 389.9459023296356, 487.5920842666626, 613.6163029556275, 795.3458075073243, 644.4969563079834, 747.7749321987152, 801.8018918979644, 833.9880931182861, 789.703011898613, 963.2236478187561, 1000.0055195457459, 1115.018663975525, 1156.7048564340591, 1086.4866735445023, 1118.3149498996734, 1120.8325720653534, 1424.6199485904694, 1368.0688234794616, 1172.0011638565063, 1258.9671800020217, 1507.6358935661317, 1780.7676155379297, 1709.3859010993958, 1699.8828749999998, 1615.540080989456, 1502.9270555823325, 1518.3762553248405, 1673.7915779296875, 1838.6212092517853, 2077.8162599105835, 2162.537956352234, 2484.512516191292, 2386.6096339736937, 2192.9495102119445, 2219.937994248676, 2328.129556465149, 2530.841427977371, 2419.937854270172, 2346.421175, 2517.62299328804, 2934.4322847587587, 2661.0862273200987, 2572.5627167521475, 2532.995550096035, 2809.7166088341237, 3097.0313841818333, 2717.328198341131]
shares:[0, 2.1552, 4.3994, 6.7174, 9.2105, 12.3871, 15.583, 18.617, 21.2944, 25.2052, 29.0963, 33.2422, 37.7712, 43.2477, 48.2577, 53.6196, 58.9022, 64.4763, 71.0122, 77.9857, 85.6251, 92.0892, 99.3514, 108.6192, 117.9913, 126.3735, 133.8923, 142.2118, 151.1007, 161.0708, 172.5519, 184.7173, 196.4544, 207.7538, 218.258, 228.84, 238.4369, 248.8644, 260.755, 273.0551, 285.31, 297.0471, 309.8512, 323.6443, 337.0312, 348.9218, 362.5458, 377.2086, 392.7125, 407.2053, 420.7923, 436.8695]
growth_rate:-46.72
