ticker:SOXX
price:[301.260009765625, 290.9200134277344, 294.20001220703125, 295.25, 301.79998779296875, 325.2099914550781, 325.67999267578125, 320.3399963378906, 305.4800109863281, 343.29998779296875, 340.8999938964844, 347.3699951171875, 357.6700134277344, 379.4100036621094, 367.6499938964844, 374.8399963378906, 373.1199951171875, 379.17999267578125, 398.760009765625, 406.07000732421875, 417.3500061035156, 391.4200134277344, 405.6099853515625, 437.1600036621094, 437.69000244140625, 416.9100036621094, 396.6099853515625, 403.1600036621094, 409.760009765625, 421.3299865722656, 439.5799865722656, 446.79998779296875, 441.67999267578125, 433.3500061035156, 422.0299987792969, 422.2799987792969, 404.6700134277344, 414.0400085449219, 432.67999267578125, 437.0, 435.6000061035156, 428.2300109863281, 439.80999755859375, 450.44000244140625, 444.29998779296875, 426.75, 445.0299987792969, 456.9100036621094, 465.7699890136719, 455.1600036621094, 445.7300109863281, 471.0199890136719]
assets:[0, 99.9892086151123, 201.11512834472657, 301.834075, 408.5164634765625, 540.2063168060303, 640.9707935852051, 730.471293649292, 796.6002246490478, 995.2266646118164, 1088.2550505157471, 1208.9170570068359, 1344.7677164855957, 1526.5182087341307, 1579.203783782959, 1710.0950312927246, 1802.244200415039, 1931.504964691162, 2131.2526241943356, 2270.337410949707, 2433.400945587158, 2382.221343722534, 2568.5657932373047, 2868.3379320281983, 2971.82757857666, 2930.7522527435303, 2888.0345913330075, 3035.714195574951, 3185.3923639160153, 3375.3166554290774, 3621.5236773742677, 3781.000216699219, 3837.669120361328, 3865.3087144409183, 3864.317683822632, 3966.6027125335695, 3901.18079744873, 4091.5019604400636, 4375.6927659301755, 4519.366599999999, 4604.901904522705, 4626.982445706177, 4852.115836065674, 5069.386919476318, 5100.297279870605, 4998.821475, 5312.946137426758, 5554.791987521362, 5762.506304077148, 5731.238218112182, 5712.52039380188, 6136.636824865723]
shares:[0, 0.3437, 0.6836, 1.0223, 1.3536, 1.6611, 1.9681, 2.2803, 2.6077, 2.899, 3.1923, 3.4802, 3.7598, 4.0234, 4.2954, 4.5622, 4.8302, 5.0939, 5.3447, 5.591, 5.8306, 6.0861, 6.3326, 6.5613, 6.7898, 7.0297, 7.2818, 7.5298, 7.7738, 8.0111, 8.2386, 8.4624, 8.6888, 8.9196, 9.1565, 9.3933, 9.6404, 9.8819, 10.113, 10.3418, 10.5714, 10.8049, 11.0323, 11.2543, 11.4794, 11.7137, 11.9384, 12.1573, 12.372, 12.5917, 12.8161, 13.0284]
growth_rate:20.33
