ticker:SPQQ
price:[27.83799934387207, 26.966999053955078, 26.85300064086914, 26.753000259399414, 27.389999389648438, 27.959999084472656, 28.084999084472656, 27.690000534057617, 25.950000762939453, 28.018999099731445, 28.743000030517578, 28.642000198364258, 28.829999923706055, 29.989999771118164, 30.224000930786133, 28.5, 28.420000076293945, 28.792999267578125, 29.38599967956543, 29.13800048828125, 29.488000869750977, 28.31999969482422, 29.649999618530273, 30.0, 29.881999969482422, 28.8799991607666, 28.114999771118164, 29.43000030517578, 29.45800018310547, 29.45800018310547, 29.312000274658203, 30.476999282836914, 30.476999282836914, 30.476999282836914, 30.773000717163086, 30.5, 30.479999542236328, 29.797000885009766, 29.797000885009766, 30.797000885009766, 30.797000885009766, 31.16699981689453, 31.16699981689453, 31.16699981689453, 32.36199951171875, 32.79899978637695, 32.555999755859375, 32.555999755859375, 33.18600082397461, 33.18600082397461, 33.0620002746582, 33.540000915527344]
assets:[0, 99.99902589187623, 199.57687136306762, 298.8336881975174, 405.9499199539184, 514.3968791564942, 616.6960268966675, 708.0222376556396, 763.5320624481202, 924.4084220981597, 1048.2945770130157, 1144.6116613271713, 1252.1243756864549, 1402.5033322961808, 1513.445689808464, 1527.11835, 1622.830318356514, 1744.1301720336915, 1880.0516102993013, 1964.1838715148926, 2087.777000779152, 2105.0822173156735, 2303.9443253580093, 2431.14, 2521.5776264247893, 2537.02417427578, 2569.8206275793073, 2790.0170029312135, 2892.672514980316, 2992.6735882019043, 3077.8421024398804, 3300.1713903427126, 3400.172520389557, 3500.1736504364017, 3634.168292694092, 3701.92835, 3799.4995829372406, 3814.358778791428, 3914.3575137615207, 4145.725955335235, 4245.726896908951, 4396.734897569275, 4496.734216481781, 4596.733535394287, 4872.979272875977, 5038.782421081924, 5101.450282943725, 5201.449291793823, 5402.103497728729, 5502.102874011612, 5581.543417367936, 5762.239237289428]
shares:[0, 3.7082, 7.4322, 11.1701, 14.8211, 18.3976, 21.9582, 25.5696, 29.4232, 32.9922, 36.4713, 39.9627, 43.4313, 46.7657, 50.0743, 53.5831, 57.1017, 60.5748, 63.9778, 67.4097, 70.8009, 74.332, 77.7047, 81.038, 84.3845, 87.8471, 91.4039, 94.8018, 98.1965, 101.5912, 105.0028, 108.284, 111.5652, 114.8464, 118.096, 121.3747, 124.6555, 128.0115, 131.3675, 134.6146, 137.8617, 141.0702, 144.2787, 147.4872, 150.5772, 153.6261, 156.6977, 159.7693, 162.7826, 165.7959, 168.8205, 171.802]
growth_rate:12.99
