ticker:SPXL
price:[56.349998474121094, 51.939998626708984, 50.970001220703125, 49.849998474121094, 52.18000030517578, 58.220001220703125, 58.40999984741211, 57.52000045776367, 48.13999938964844, 59.13999938964844, 63.119998931884766, 61.619998931884766, 65.9800033569336, 69.36000061035156, 67.27999877929688, 69.70999908447266, 69.5, 72.25, 76.37999725341797, 73.0199966430664, 77.2300033569336, 69.52999877929688, 79.69000244140625, 82.77999877929688, 81.06999969482422, 75.01000213623047, 76.58000183105469, 82.95999908447266, 80.79000091552734, 84.62999725341797, 87.54000091552734, 94.80999755859375, 98.91999816894531, 98.26000213623047, 98.72000122070312, 102.01000213623047, 97.76000213623047, 96.44000244140625, 100.05000305175781, 101.79000091552734, 103.02999877929688, 97.20999908447266, 105.43000030517578, 110.77999877929688, 111.95999908447266, 108.75, 115.12000274658203, 113.87999725341797, 117.02999877929688, 119.66999816894531, 117.58000183105469, 122.93000030517578]
assets:[0, 100.00007935600281, 198.1305887451172, 293.77601100769044, 407.50493038330075, 554.6735956298828, 656.4816702850342, 746.4773099407196, 724.7476908111572, 990.3525157791137, 1157.0022044212342, 1229.5038386878966, 1416.4983000686645, 1589.0653579833984, 1641.409946218872, 1800.69292835083, 1895.2649999999999, 2070.258725, 2288.5967717033386, 2287.920950817871, 2519.8296575286868, 2368.5950324157716, 2814.706669232178, 3023.845741409302, 3061.381542475891, 2932.5460375167845, 3093.923969976807, 3451.68349790802, 3461.3991152252197, 3725.9202590789796, 3954.033023352814, 4382.402517150879, 4672.377301512146, 4741.2023190765385, 4863.401372137451, 5125.482356334686, 5011.940237519837, 5044.265395697022, 5333.085372671509, 5525.833063700867, 5693.149248547363, 5471.552287468719, 6034.2228094665525, 6440.42786703186, 6609.0323339561455, 6519.54075, 7001.425887042999, 7026.008638545227, 7320.355156643676, 7585.486272935485, 7553.010093621826, 7996.682570851899]
shares:[0, 1.9253, 3.8872, 5.8932, 7.8096, 9.5272, 11.2392, 12.9777, 15.055, 16.7459, 18.3302, 19.953, 21.4686, 22.9104, 24.3967, 25.8312, 27.27, 28.6541, 29.9633, 31.3328, 32.6276, 34.0658, 35.3207, 36.5287, 37.7622, 39.0954, 40.4012, 41.6066, 42.8444, 44.026, 45.1683, 46.223, 47.2339, 48.2516, 49.2646, 50.2449, 51.2678, 52.3047, 53.3042, 54.2866, 55.2572, 56.2859, 57.2344, 58.1371, 59.0303, 59.9498, 60.8185, 61.6966, 62.5511, 63.3867, 64.2372, 65.0507]
growth_rate:56.8
