ticker:SPXZ
price:[27.239999771118164, 26.722000122070312, 24.149999618530273, 21.65999984741211, 24.049999237060547, 23.579999923706055, 21.219999313354492, 21.31999969482422, 21.1200008392334, 19.700000762939453, 19.885000228881836, 20.190000534057617, 18.834999084472656, 17.871000289916992, 19.238000869750977, 19.979999542236328, 20.91200065612793, 21.235000610351562, 20.68000030517578, 21.027000427246094, 20.402000427246094, 19.90999984741211, 18.280000686645508, 18.430999755859375, 18.09000015258789, 18.132999420166016, 17.920000076293945, 16.829999923706055, 17.920000076293945, 18.040000915527344, 18.040000915527344]
assets:[0, 99.99906885681152, 190.37444699287414, 270.7456660926819, 400.62007729110724, 492.7913444055558, 543.4696464141846, 646.0301027526856, 739.9687974037171, 790.2162806034088, 897.6367493320464, 1011.4039437532424, 1043.5267552764892, 1090.1185079847335, 1273.5037149751663, 1422.6219214061737, 1588.9816402553558, 1713.5243982513427, 1768.7397461013793, 1898.4185281738282, 1941.990933267975, 1995.1591837093354, 1931.8195045642854, 2047.776227874756, 2109.889178796768, 2214.9041732746123, 2288.8875617448807, 2249.6644068017963, 2495.365386623955, 2612.0748725624085, 2712.0742056373597]
shares:[0, 3.7422, 7.883, 12.4998, 16.6578, 20.8987, 25.6112, 30.3016, 35.0364, 40.1125, 45.1414, 50.0943, 55.4036, 60.9993, 66.1973, 71.2023, 75.9842, 80.6934, 85.529, 90.2848, 95.1863, 100.2089, 105.6794, 111.105, 116.6329, 122.1477, 127.7281, 133.6699, 139.2503, 144.7935, 150.3367]
growth_rate:-9.6
