ticker:SPY
price:[342.57000732421875, 334.05999755859375, 330.6499938964844, 328.7300109863281, 333.8399963378906, 346.8500061035156, 347.2900085449219, 345.7799987792969, 326.5400085449219, 350.1600036621094, 358.1000061035156, 355.3299865722656, 363.6700134277344, 369.8500061035156, 366.29998779296875, 369.17999267578125, 369.0, 373.8800048828125, 381.260009765625, 375.70001220703125, 382.8800048828125, 370.07000732421875, 387.7099914550781, 392.6400146484375, 390.0299987792969, 380.3599853515625, 383.6300048828125, 394.05999755859375, 389.4800109863281, 395.9800109863281, 400.6099853515625, 411.489990234375, 417.260009765625, 416.739990234375, 417.29998779296875, 422.1199951171875, 416.5799865722656, 414.94000244140625, 420.0400085449219, 422.6000061035156, 424.30999755859375, 414.9200134277344, 426.6099853515625, 433.7200012207031, 435.5199890136719, 431.3399963378906, 439.94000244140625, 438.510009765625, 442.489990234375, 445.9200134277344, 443.3599853515625, 450.25]
assets:[0, 99.98415726928711, 198.95210132751464, 297.79651695251465, 402.4107315856934, 518.0898541168212, 618.7318792236329, 716.041221472168, 776.1856003112792, 932.3360257507323, 1053.4944079559325, 1145.3351457183837, 1272.2268079742432, 1393.8537180023193, 1480.4746606628416, 1592.125636413574, 1691.3483999999999, 1813.7292916870117, 1949.534933935547, 2021.1157856689454, 2159.7495315429687, 2187.483813293457, 2391.7441662872316, 2522.1623980957033, 2605.400391845703, 2640.801342297363, 2763.517103173828, 2938.663025793457, 3004.5267007507323, 3154.6539535247803, 3291.531822644043, 3480.917274389649, 3629.7448249511717, 3725.238772705078, 3830.229667956543, 3974.470814025879, 4022.288060348511, 4106.453734161377, 4256.937470599366, 4382.8691833007815, 4500.613713104248, 4501.01081366272, 4727.819840661621, 4906.631001809693, 5026.989473190308, 5078.726518881225, 5279.983933300781, 5362.802015429687, 5511.478322363281, 5654.221178262329, 5721.78229095459, 5910.7019]
shares:[0, 0.2993, 0.6017, 0.9059, 1.2054, 1.4937, 1.7816, 2.0708, 2.377, 2.6626, 2.9419, 3.2233, 3.4983, 3.7687, 4.0417, 4.3126, 4.5836, 4.8511, 5.1134, 5.3796, 5.6408, 5.911, 6.1689, 6.4236, 6.68, 6.9429, 7.2036, 7.4574, 7.7142, 7.9667, 8.2163, 8.4593, 8.699, 8.939, 9.1786, 9.4155, 9.6555, 9.8965, 10.1346, 10.3712, 10.6069, 10.8479, 11.0823, 11.3129, 11.5425, 11.7743, 12.0016, 12.2296, 12.4556, 12.6799, 12.9055, 13.1276]
growth_rate:15.9
