ticker:SSG
price:[87.76000213623047, 93.4000015258789, 91.4800033569336, 87.76000213623047, 83.5999984741211, 73.04000091552734, 71.68000030517578, 75.63999938964844, 84.83999633789062, 65.36000061035156, 68.0, 65.63999938964844, 62.36000061035156, 55.31999969482422, 59.2400016784668, 56.47999954223633, 57.68000030517578, 55.720001220703125, 50.68000030517578, 49.439998626708984, 46.20000076293945, 51.599998474121094, 48.20000076293945, 41.52000045776367, 41.20000076293945, 45.15999984741211, 48.68000030517578, 45.52000045776367, 43.79999923706055, 41.79999923706055, 38.0, 36.119998931884766, 36.52000045776367, 38.15999984741211, 40.040000915527344, 39.84000015258789, 42.880001068115234, 40.08000183105469, 36.54999923706055, 35.400001525878906, 35.29999923706055, 35.52000045776367, 33.880001068115234, 31.530000686645508, 32.4900016784668, 35.86000061035156, 32.619998931884766, 31.139999389648438, 29.889999389648438, 31.350000381469727, 32.040000915527344, 28.450000762939453]
assets:[0, 100.00338163375855, 197.94443126373292, 289.8976150566101, 376.1581931343079, 428.64254937286375, 520.6620182167053, 649.4299067596436, 828.420144241333, 738.2085268936157, 868.0268, 937.9036952789307, 991.0376016998291, 979.1584625984192, 1148.5392285419464, 1195.0264223144532, 1320.4163349861144, 1375.548526135254, 1351.1288081359864, 1418.0726486103058, 1425.1406635345459, 1691.716269973755, 1680.2472065959932, 1547.3839850601196, 1635.4587502853394, 1892.6510776050568, 2140.1724014167785, 2101.244189130783, 2121.8471630401614, 2124.9573012149813, 2031.7802, 2031.2587079330447, 2153.7524189964297, 2350.4690066013336, 2566.267762678528, 2653.44759416275, 2955.9200096302034, 2862.902506791687, 2710.7562784160614, 2725.4673574783324, 2817.7694890995026, 2935.3302138290405, 2899.80284342041, 2798.6659209480285, 2983.8785051502227, 3393.378067756653, 3186.781437651444, 3142.1940944122316, 3116.0623263702396, 3368.2691209854124, 3542.4033772224425, 3245.4850470336914]
shares:[0, 1.0707, 2.1638, 3.3033, 4.4995, 5.8686, 7.2637, 8.5858, 9.7645, 11.2945, 12.7651, 14.2886, 15.8922, 17.6999, 19.3879, 21.1584, 22.8921, 24.6868, 26.66, 28.6827, 30.8472, 32.7852, 34.8599, 37.2684, 39.6956, 41.9099, 43.9641, 46.1609, 48.444, 50.8363, 53.4679, 56.2364, 58.9746, 61.5951, 64.0926, 66.6026, 68.9347, 71.4297, 74.1657, 76.9906, 79.8235, 82.6388, 85.5904, 88.762, 91.8399, 94.6285, 97.6941, 100.9054, 104.251, 107.4408, 110.5619, 114.0768]
growth_rate:-36.36
