ticker:SSO
price:[76.61000061035156, 72.70999908447266, 71.77999877929688, 70.83999633789062, 73.0, 78.7300033569336, 78.87999725341797, 78.12000274658203, 69.5199966430664, 79.87000274658203, 83.45999908447266, 82.08999633789062, 85.95999908447266, 88.83999633789062, 87.08999633789062, 89.33000183105469, 89.0, 91.3499984741211, 94.93000030517578, 92.11000061035156, 95.62000274658203, 89.25, 97.81999969482422, 100.33999633789062, 98.9000015258789, 93.97000122070312, 95.47000122070312, 100.72000122070312, 98.9000015258789, 102.11000061035156, 104.44999694824219, 110.16999816894531, 113.29000091552734, 112.91000366210938, 113.16000366210938, 115.69000244140625, 112.55000305175781, 111.68000030517578, 114.38999938964844, 115.7300033569336, 116.63999938964844, 112.2300033569336, 118.4800033569336, 122.47000122070312, 123.3499984741211, 121.0, 125.72000122070312, 124.91000366210938, 127.13999938964844, 129.07000732421875, 127.52999877929688, 131.4600067138672]
assets:[0, 99.99806174087524, 198.7157486206055, 296.1111846923828, 405.1427, 536.9464958946228, 637.9656417861938, 731.8203737297058, 751.2539397239685, 963.09645411911, 1106.387477863312, 1188.2280699920655, 1344.2424656829835, 1489.2781626098633, 1559.9385964050293, 1700.0571308471679, 1793.7772000000002, 1941.1417925758362, 2117.214303806305, 2154.3239602752687, 2336.417395111084, 2280.7659, 2599.771913889313, 2766.7449570220947, 2827.0367636169435, 2786.116566192627, 2930.5853454711914, 3191.7463346832274, 3234.0696098968506, 3439.0341875564573, 3617.8449892959593, 3915.9705509155274, 4126.871508350372, 4213.033548645019, 4322.361343881225, 4519.001892364502, 4496.350111917114, 4561.591948464966, 4772.282140536499, 4928.188597949982, 5066.93488548584, 4975.358062818909, 5352.428935652161, 5632.677037142945, 5773.149978584289, 5763.1574, 6087.965915112304, 6148.744894268799, 6358.512935475158, 6555.039740972901, 6576.824061047363, 6879.499341346741]
shares:[0, 1.3753, 2.7684, 4.18, 5.5499, 6.8201, 8.0878, 9.3679, 10.8063, 12.0583, 13.2565, 14.4747, 15.638, 16.7636, 17.9118, 19.0312, 20.1548, 21.2495, 22.3029, 23.3886, 24.4344, 25.5548, 26.5771, 27.5737, 28.5848, 29.649, 30.6964, 31.6893, 32.7004, 33.6797, 34.6371, 35.5448, 36.4275, 37.3132, 38.1969, 39.0613, 39.9498, 40.8452, 41.7194, 42.5835, 43.4408, 44.3318, 45.1758, 45.9923, 46.803, 47.6294, 48.4248, 49.2254, 50.0119, 50.7867, 51.5708, 52.3315]
growth_rate:34.89
