ticker:SUBZ
price:[16.1200008392334, 15.729999542236328, 14.270000457763672, 13.84000015258789, 14.461000442504883, 14.5, 12.949999809265137, 13.065999984741211, 13.154999732971191, 12.824999809265137, 12.906000137329102, 12.420000076293945, 11.930000305175781, 11.390000343322754, 11.678000450134277, 12.029999732971191, 12.020000457763672, 12.260000228881836, 12.109999656677246, 12.96500015258789, 12.710000038146973, 12.170000076293945, 11.59000015258789, 11.619999885559082, 11.260000228881836, 11.0, 10.760000228881836, 10.289999961853027, 10.760000228881836, 11.020000457763672, 11.019599914550781]
assets:[0, 100.00032608985902, 190.7185561180115, 284.9711391418457, 397.75849377136234, 498.8319, 545.5083819654465, 650.3954274404526, 754.8259916780471, 835.891165068531, 941.1700600147246, 1005.7281361780167, 1066.0493182701111, 1117.7952706931114, 1246.0589972299576, 1383.6183892879485, 1482.4687264575957, 1612.0686560956956, 1692.344599021435, 1911.8292945007324, 1974.226511925316, 1990.3487474775316, 1995.4920502716063, 2100.657769311428, 2135.5772734098437, 2186.2653999999998, 2238.5653236177445, 2240.784348692989, 2443.133371969223, 2602.1681360923767, 2702.0731186073303]
shares:[0, 6.3573, 13.365, 20.5904, 27.5056, 34.4022, 42.1242, 49.7777, 57.3794, 65.1767, 72.925, 80.9765, 89.3587, 98.1383, 106.7014, 115.014, 123.3335, 131.4901, 139.7477, 147.4608, 155.3286, 163.5455, 172.1736, 180.7795, 189.6605, 198.7514, 208.0451, 217.7633, 227.057, 236.1314, 245.2061]
growth_rate:-9.93
