ticker:SULR
price:[25.496000289916992, 26.749000549316406, 26.538000106811523, 26.672000885009766, 28.6200008392334, 29.617000579833984, 30.25, 34.1870002746582, 31.985000610351562, 34.14899826049805, 31.93400001525879, 33.91299819946289, 35.23400115966797, 33.999000549316406, 31.621000289916992, 29.160999298095703, 31.070999145507812, 30.020999908447266, 30.239999771118164, 31.361000061035156, 31.135000228881836, 31.364999771118164, 32.00199890136719, 30.940000534057617, 30.56399917602539, 29.847000122070312, 30.79800033569336, 31.243999481201172, 31.010000228881836, 31.5049991607666, 30.863000869750977, 32.262001037597656, 32.439998626708984, 32.25199890136719, 31.229000091552734, 31.825000762939453, 32.85100173950195, 33.32400131225586, 33.56999969482422, 33.053001403808594, 33.93299865722656, 34.077999114990234, 34.077999114990234]
assets:[0, 100.00113855361938, 199.2128054018021, 300.22004196166995, 422.1478743787765, 536.8525610103608, 648.327075, 832.7064404899596, 879.0725582748413, 1038.5461648979187, 1071.1845163118362, 1237.5666954940798, 1385.774406010437, 1437.2023513206482, 1436.6811755722044, 1424.911405302429, 1618.2397774963379, 1663.5536679267882, 1775.6897625600816, 1941.515608378601, 2027.5236689048768, 2142.5023598653793, 2286.014788520813, 2310.1537038757324, 2382.0786293815613, 2426.1969765228273, 2603.502798777771, 2741.2047920829773, 2820.6758228191375, 2965.7010424993514, 3005.266191891479, 3241.492292251587, 3359.3759617866517, 3439.9078972229004, 3430.7992126579284, 3596.276006213379, 3812.2142074615476, 3967.102389819336, 4096.389283760834, 4133.300962647248, 4343.345782228088, 4461.903987923813, 4561.9024685268405]
shares:[0, 3.7385, 7.5067, 11.256, 14.7501, 18.1265, 21.4323, 24.3574, 27.4839, 30.4122, 33.5437, 36.4924, 39.3306, 42.2719, 45.4344, 48.8636, 52.082, 55.413, 58.7199, 61.9086, 65.1204, 68.3087, 71.4335, 74.6656, 77.9374, 81.2878, 84.5348, 87.7354, 90.9602, 94.1343, 97.3744, 100.474, 103.5566, 106.6572, 109.8594, 113.0016, 116.0456, 119.0464, 122.0253, 125.0507, 127.9977, 130.9321, 133.8665]
growth_rate:8.62
