ticker:SUSL
price:[59.143001556396484, 57.89899826049805, 58.060001373291016, 57.040000915527344, 58.150001525878906, 60.060001373291016, 60.310001373291016, 59.88100051879883, 56.53200149536133, 60.720001220703125, 61.974998474121094, 61.65999984741211, 63.15999984741211, 63.93899917602539, 63.387001037597656, 64.11900329589844, 63.709999084472656, 64.94999694824219, 66.37999725341797, 65.40499877929688, 66.30000305175781, 64.50800323486328, 67.69000244140625, 68.30000305175781, 68.16400146484375, 66.37000274658203, 66.68000030517578, 68.5199966430664, 67.93499755859375, 69.06999969482422, 70.05000305175781, 71.75, 73.04000091552734, 73.0999984741211, 72.73999786376953, 73.83999633789062, 72.63999938964844, 72.33000183105469, 73.37000274658203, 73.8499984741211, 74.12999725341797, 72.6500015258789, 74.80999755859375, 76.08000183105469, 76.0999984741211, 75.75, 77.38999938964844, 77.30999755859375, 77.94000244140625, 78.55999755859375, 78.52999877929688, 79.58000183105469]
assets:[0, 99.99735989570618, 200.27797473716737, 296.7620127632141, 402.5375705627441, 515.7592557929993, 617.9061190700531, 713.5120616817475, 773.6065212631225, 930.9165547149659, 1050.1601516441347, 1144.8227191669464, 1272.673996925354, 1388.3714281082152, 1476.3846733673095, 1593.4341747070312, 1683.269143811035, 1816.0278946716307, 1956.012741066742, 2027.2802611633301, 2155.021929194641, 2196.7748945610047, 2405.1340907470703, 2526.8064229019164, 2621.7783555419924, 2652.7758247795105, 2765.1662686553955, 2941.4675278915406, 3016.3546526000973, 3166.7489740081787, 3311.6839442749024, 3492.050975, 3654.8339978118897, 3757.837001559448, 3839.333471246338, 3997.394657748413, 4032.435230117798, 4115.2299201782225, 4274.404294010926, 4402.368264038849, 4519.061001564789, 4528.841265119934, 4763.489189544678, 4944.3556309982305, 5045.65819882965, 5122.449825, 5333.355024937439, 5427.842156591797, 5572.071066540527, 5716.394654351807, 5814.21190262146, 5991.952363868714]
shares:[0, 1.7271, 3.4495, 5.2027, 6.9224, 8.5874, 10.2455, 11.9155, 13.6844, 15.3313, 16.9449, 18.5667, 20.15, 21.714, 23.2916, 24.8512, 26.4208, 27.9604, 29.4669, 30.9958, 32.5041, 34.0543, 35.5316, 36.9957, 38.4628, 39.9695, 41.4692, 42.9286, 44.4006, 45.8484, 47.276, 48.6697, 50.0388, 51.4068, 52.7816, 54.1359, 55.5126, 56.8952, 58.2582, 59.6123, 60.9613, 62.3378, 63.6745, 64.9889, 66.303, 67.6231, 68.9153, 70.2088, 71.4918, 72.7647, 74.0381, 75.2947]
growth_rate:17.49
