ticker:TAN
price:[51.5, 52.720001220703125, 55.220001220703125, 57.63999938964844, 66.58999633789062, 75.66000366210938, 73.51000213623047, 71.12000274658203, 68.7699966430664, 75.55000305175781, 73.63999938964844, 78.0199966430664, 85.41999816894531, 81.41999816894531, 83.80000305175781, 96.0, 102.80000305175781, 102.76000213623047, 119.12999725341797, 106.88999938964844, 121.11000061035156, 108.69000244140625, 116.69000244140625, 121.31999969482422, 110.63999938964844, 101.31999969482422, 87.4800033569336, 97.30000305175781, 89.58000183105469, 88.0199966430664, 90.68000030517578, 86.45999908447266, 85.48999786376953, 90.94000244140625, 83.1500015258789, 75.1500015258789, 72.54000091552734, 78.51000213623047, 79.11000061035156, 76.83999633789062, 79.81999969482422, 82.47000122070312, 85.56999969482422, 88.18000030517578, 88.20999908447266, 80.62999725341797, 83.45999908447266, 85.66999816894531, 86.23999786376953, 82.81999969482422, 79.6500015258789, 84.11000061035156]
assets:[0, 99.99929831542968, 204.739198526001, 313.7114606781006, 462.4209115692139, 625.4055902709961, 707.636684564209, 784.6314303016663, 858.7034400833129, 1043.3606521453858, 1116.9862387420656, 1283.421142778778, 1505.1516197357178, 1534.6692614868164, 1679.5280411636354, 2024.0448000000001, 2267.418547311401, 2366.5320211967464, 2843.525817441559, 2651.3636788604736, 3104.0856486434936, 2885.7521718200683, 3198.1579039123535, 3425.0577033843992, 3223.540638217163, 3052.001558807373, 2735.1060449562074, 3142.1284585510252, 2992.823071174622, 3040.703596032715, 3232.5969228790286, 3182.160266304016, 3246.4570218772888, 3553.4169373962404, 3349.024296457672, 3126.811203488159, 3118.21173335495, 3474.8369925491334, 3601.395756785583, 3598.0558805206297, 3837.593927327728, 4065.0040891693116, 4317.802285601044, 4549.497209745025, 4651.048621726989, 4351.375187774658, 4604.104233494568, 4826.022305851746, 4958.135829183197, 4861.509136086273, 4775.431771484375, 5142.830288319397]
shares:[0, 1.8968, 3.7077, 5.4426, 6.9443, 8.266, 9.6264, 11.0325, 12.4866, 13.8102, 15.1682, 16.4499, 17.6206, 18.8488, 20.0421, 21.0838, 22.0566, 23.0297, 23.8691, 24.8046, 25.6303, 26.5503, 27.4073, 28.2316, 29.1354, 30.1224, 31.2655, 32.2932, 33.4095, 34.5456, 35.6484, 36.805, 37.9747, 39.0743, 40.2769, 41.6076, 42.9861, 44.2598, 45.5239, 46.8253, 48.0781, 49.2907, 50.4593, 51.5933, 52.727, 53.9672, 55.1654, 56.3327, 57.4923, 58.6997, 59.9552, 61.1441]
growth_rate:0.84
