ticker:TDV
price:[44.53099822998047, 43.266998291015625, 43.845001220703125, 43.42599868774414, 44.255001068115234, 46.707000732421875, 46.96099853515625, 46.513999938964844, 43.91999816894531, 47.797000885009766, 48.72600173950195, 49.04999923706055, 50.40299987792969, 52.104000091552734, 51.268001556396484, 52.80500030517578, 52.35200119018555, 52.80799865722656, 54.8120002746582, 54.290000915527344, 54.763999938964844, 52.47999954223633, 54.52799987792969, 56.26900100708008, 55.95899963378906, 55.0099983215332, 54.49599838256836, 56.15999984741211, 55.73400115966797, 57.20600128173828, 57.667999267578125, 58.56999969482422, 59.082000732421875, 59.369998931884766, 57.95100021362305, 58.78499984741211, 57.694000244140625, 57.66699981689453, 58.19200134277344, 58.98500061035156, 59.48500061035156, 57.40999984741211, 58.89699935913086, 59.66899871826172, 59.880001068115234, 58.75299835205078, 60.06999969482422, 61.2599983215332, 61.624000549316406, 61.86000061035156, 61.22600173950195, 62.720001220703125]
assets:[0, 99.99868645019531, 201.33624560546875, 299.4135757522583, 405.1279817779541, 527.5742560729981, 630.4420131347656, 724.4415948493958, 784.0422393127442, 953.2538262504578, 1071.7820068622589, 1178.906921662903, 1311.4255732238769, 1455.6815545578002, 1532.3236645183563, 1678.2643611991882, 1763.8645649002074, 1879.2307210159304, 2050.5443362751007, 2131.018260936737, 2249.622971492767, 2255.800300323486, 2443.830445729065, 2621.859728824997, 2707.4139161819458, 2761.501915740967, 2835.6992758369443, 3022.2840877883914, 3099.356657688904, 3281.216100917816, 3407.7174127197263, 3561.0208394454953, 3692.152389770508, 3810.1527994522094, 3819.086816078186, 3974.0482231845854, 4000.294278527832, 4098.422510486603, 4235.731766539001, 4393.450582461548, 4530.69291698761, 4472.652340112305, 4688.501523683548, 4849.955884819031, 4967.105968601227, 4973.617569496155, 5185.104212657929, 5387.822978378677, 5519.834276403809, 5640.976339657594, 5683.162791665268, 5921.840627255249]
shares:[0, 2.3112, 4.592, 6.8948, 9.1544, 11.2954, 13.4248, 15.5747, 17.8516, 19.9438, 21.9961, 24.0348, 26.0188, 27.938, 29.8885, 31.7823, 33.6924, 35.5861, 37.4105, 39.2525, 41.0785, 42.984, 44.8179, 46.5951, 48.3821, 50.2, 52.035, 53.8156, 55.6098, 57.3579, 59.092, 60.7994, 62.492, 64.1764, 65.902, 67.6031, 69.3364, 71.0705, 72.7889, 74.4842, 76.1653, 77.9072, 79.6051, 81.281, 82.951, 84.653, 86.3177, 87.9501, 89.5728, 91.1894, 92.8227, 94.4171]
growth_rate:16.11
