ticker:TECL
price:[32.25, 27.850000381469727, 26.856000900268555, 28.53499984741211, 29.124000549316406, 33.19499969482422, 33.88399887084961, 31.599000930786133, 25.650999069213867, 33.50899887084961, 33.08300018310547, 32.165000915527344, 34.22700119018555, 37.06999969482422, 35.31399917602539, 38.72100067138672, 39.70000076293945, 40.65299987792969, 41.016998291015625, 37.94499969482422, 42.81399917602539, 39.07699966430664, 45.0, 48.27299880981445, 45.584999084472656, 40.23899841308594, 38.27000045776367, 40.20000076293945, 38.33000183105469, 41.290000915527344, 43.779998779296875, 50.11000061035156, 51.689998626708984, 50.83000183105469, 47.75, 46.86000061035156, 43.58000183105469, 43.70000076293945, 45.779998779296875, 47.279998779296875, 49.279998779296875, 49.31999969482422, 52.97999954223633, 58.130001068115234, 59.58000183105469, 58.45000076293945, 63.33000183105469, 61.959999084472656, 63.68000030517578, 63.849998474121094, 64.62999725341797, 67.30999755859375]
assets:[0, 100.00099636974335, 196.4328473848343, 308.7144563491821, 415.08690542907715, 573.1083502311707, 685.0023095729828, 738.8099209625244, 699.7412989088058, 1014.1029382278442, 1101.2106689949035, 1170.6548578208924, 1345.703005794525, 1557.4812091781616, 1583.7022012477873, 1836.4944687431334, 1982.9276981071473, 2130.526156402588, 2249.6018814697263, 2181.116527458191, 2560.992144512558, 2437.459115660858, 2906.91, 3218.341521450806, 3139.1334674537657, 2870.992178276062, 2830.506638856888, 3073.2538783260347, 3030.2932847595216, 3364.3051455970763, 3667.1878177490235, 4297.413608343506, 4532.9130775703425, 4557.49420917511, 4381.334675, 4399.671399305726, 4191.711970118713, 4303.252695128632, 4608.0773371276855, 4859.064762545776, 5164.607936068725, 5268.8013153984075, 5759.794822233581, 6419.685488959121, 6679.817863288879, 6653.129786842346, 7308.598861312867, 7250.490936865997, 7551.766660190582, 7671.928491657257, 7865.651629733276, 8291.817634246827]
shares:[0, 3.5907, 7.3143, 10.8188, 14.2524, 17.2649, 20.2161, 23.3808, 27.2793, 30.2636, 33.2863, 36.3953, 39.317, 42.0146, 44.8463, 47.4289, 49.9478, 52.4076, 54.8456, 57.481, 59.8167, 62.3758, 64.598, 66.6696, 68.8633, 71.3485, 73.9615, 76.4491, 79.058, 81.4799, 83.764, 85.7596, 87.6942, 89.6615, 91.7557, 93.8897, 96.1843, 98.4726, 100.657, 102.7721, 104.8013, 106.8289, 108.7164, 110.4367, 112.1151, 113.826, 115.405, 117.0189, 118.5893, 120.1555, 121.7028, 123.1885]
growth_rate:62.58
