ticker:TECS
price:[13.359999656677246, 14.90999984741211, 15.350000381469727, 14.180000305175781, 13.720000267028809, 11.90999984741211, 11.5600004196167, 12.329999923706055, 14.75, 10.989999771118164, 11.010000228881836, 11.270000457763672, 10.569999694824219, 9.720000267028809, 10.109999656677246, 9.170000076293945, 8.930000305175781, 8.720000267028809, 8.489999771118164, 9.170000076293945, 8.050000190734863, 8.75, 7.510000228881836, 6.989999771118164, 7.369999885559082, 8.210000038146973, 8.40999984741211, 7.829999923706055, 8.119999885559082, 7.460000038146973, 6.989999771118164, 6.050000190734863, 5.849999904632568, 5.900000095367432, 6.28000020980835, 6.340000152587891, 6.699999809265137, 6.639999866485596, 6.300000190734863, 6.070000171661377, 5.829999923706055, 5.789999961853027, 5.380000114440918, 4.889999866485596, 4.75, 4.829999923706055, 4.429999828338623, 4.53000020980835, 4.389999866485596, 4.369999885559082, 4.300000190734863, 4.099999904632568]
assets:[0, 99.99987797660827, 202.95156504364013, 287.48249018707276, 378.1561353599548, 428.2681115131378, 515.6823707187652, 650.0314309778213, 877.6132, 753.8964002990723, 855.2689287797928, 975.4658736213684, 1014.8774636985778, 1033.2651883859635, 1174.7233221078873, 1165.500590696907, 1234.9967172050476, 1305.9543279916763, 1371.5085230255129, 1581.358260156822, 1488.2156102614404, 1717.625875, 1574.2139549772262, 1565.2140297483443, 1750.3042208213806, 2049.7964565241814, 2199.730493088913, 2148.0250200700757, 2327.58172719574, 2238.393899446106, 2197.369338048935, 2001.8718581118583, 2035.6940818138598, 2153.0935248025417, 2391.767595906496, 2514.619044520569, 2757.405021502495, 2832.711591040993, 2787.663144397545, 2785.8915277858255, 2775.7410856754304, 2856.696815178871, 2754.4094185905456, 2603.5430199140073, 2629.0038750000003, 2773.281628193665, 2643.610371560764, 2803.2859868350506, 2816.6498153363705, 2903.817727955246, 2957.303631176949, 2919.7542520854954]
shares:[0, 6.7069, 13.2216, 20.2738, 27.5624, 35.9587, 44.6092, 52.7195, 59.4992, 68.5984, 77.6811, 86.5542, 96.0149, 106.303, 116.1942, 127.0993, 138.2975, 149.7654, 161.544, 172.4491, 184.8715, 196.3001, 209.6157, 223.9219, 237.4904, 249.6707, 261.5613, 274.3327, 286.648, 300.0528, 314.359, 330.8879, 347.9819, 364.9311, 380.8547, 396.6276, 411.553, 426.6132, 442.4862, 458.9607, 476.1134, 493.3846, 511.972, 532.4219, 553.4745, 574.1784, 596.7518, 618.8269, 641.6059, 664.4892, 687.745, 712.1352]
growth_rate:-42.75
