ticker:THNQ
price:[32.04399871826172, 31.062000274658203, 31.406999588012695, 31.665000915527344, 32.35300064086914, 34.74300003051758, 35.13399887084961, 34.46099853515625, 32.31999969482422, 35.8650016784668, 35.15599822998047, 36.21500015258789, 37.40999984741211, 38.09000015258789, 38.45500183105469, 40.08700180053711, 40.362998962402344, 40.06999969482422, 41.52000045776367, 41.064998626708984, 42.60100173950195, 41.0099983215332, 43.71799850463867, 45.92900085449219, 45.53099822998047, 41.779998779296875, 38.939998626708984, 40.5, 39.78900146484375, 39.04899978637695, 40.54999923706055, 41.25, 41.849998474121094, 41.91999816894531, 41.54999923706055, 39.44900131225586, 38.34000015258789, 39.0620002746582, 40.263999938964844, 40.22200012207031, 41.275001525878906, 42.04999923706055, 43.07899856567383, 43.025001525878906, 42.9640007019043, 41.637001037597656, 43.44300079345703, 43.055999755859375, 43.499000549316406, 42.83000183105469, 42.189998626708984, 44.340999603271484]
assets:[0, 100.00100368423462, 201.1115811618805, 302.76490625381473, 409.3431053085327, 539.5831105739593, 645.6539838497162, 733.2852495300293, 787.7288885620118, 974.1293105888367, 1054.873304889679, 1186.649666999817, 1325.8066535923006, 1449.9072828083038, 1563.7995679611206, 1730.1670238117217, 1842.0784740463257, 1928.705323310852, 2098.499711136246, 2175.5045387470245, 2356.879120737076, 2368.8564320468904, 2625.2789256031037, 2858.051493572998, 2933.284476868439, 2791.630890435791, 2701.871274713516, 2910.1113, 2959.0244820373537, 3003.992694766235, 3219.4631344264985, 3375.0378750000004, 3524.1297815078738, 3630.024513441467, 3697.983172097778, 3610.991949418259, 3609.4771403652194, 3777.4477683605196, 3993.6854939460754, 4089.5195738113403, 4296.583196338654, 4477.256848766327, 4686.818420051193, 4780.942472055816, 4874.162766029358, 4823.617424304962, 5132.842675347901, 5187.119903387451, 5340.4897447410585, 5358.354454078674, 5378.28398793602, 5752.486467431259]
shares:[0, 3.2194, 6.4034, 9.5615, 12.6524, 15.5307, 18.3769, 21.2787, 24.3728, 27.161, 30.0055, 32.7668, 35.4399, 38.0653, 40.6657, 43.1603, 45.6378, 48.1334, 50.5419, 52.9771, 55.3245, 57.7629, 60.0503, 62.2276, 64.4239, 66.8174, 69.3855, 71.8546, 74.3679, 76.9288, 79.3949, 81.8191, 84.2086, 86.5941, 89.0008, 91.5357, 94.1439, 96.7039, 99.1875, 101.6737, 104.0965, 106.4746, 108.7959, 111.1201, 113.4476, 115.8493, 118.1512, 120.4738, 122.7727, 125.1075, 127.4777, 129.7329]
growth_rate:12.79
