ticker:TPAY
price:[36.29100036621094, 35.111000061035156, 36.191001892089844, 35.944000244140625, 36.709999084472656, 38.790000915527344, 38.525001525878906, 38.117000579833984, 34.52799987792969, 38.2130012512207, 39.41299819946289, 40.14500045776367, 41.694000244140625, 42.66899871826172, 42.630001068115234, 44.5099983215332, 44.422000885009766, 44.68199920654297, 45.297000885009766, 44.275001525878906, 45.159000396728516, 42.2400016784668, 46.189998626708984, 48.150001525878906, 47.93899917602539, 45.35599899291992, 44.284000396728516, 46.117000579833984, 44.400001525878906, 44.132999420166016, 44.46099853515625, 46.21699905395508, 46.93000030517578, 47.108001708984375, 46.650001525878906, 45.154998779296875, 43.540000915527344, 43.9900016784668, 44.867000579833984, 45.310001373291016, 46.18299865722656, 46.19900131225586, 47.69599914550781, 47.29999923706055, 47.2400016784668, 46.39699935913086, 47.82500076293945, 46.9379997253418, 47.33000183105469, 46.90999984741211, 46.13999938964844, 47.470001220703125]
assets:[0, 99.99963927383423, 203.07494981689453, 301.6887772491455, 408.1197438217163, 531.2445785385131, 627.6146523582458, 720.9678191673279, 753.0832997375488, 933.455730664444, 1062.7675551486968, 1182.5071189838409, 1328.1331919769286, 1459.1901512672423, 1557.8579700328828, 1726.5606388916015, 1823.1455493221283, 1933.8145846595764, 2060.4337386566162, 2113.945367854309, 2256.152691620636, 2210.317911830139, 2517.013119165802, 2723.8166963180543, 2811.8811722694395, 2760.375169908905, 2795.1352506408693, 3010.8313934555053, 2998.7361430564883, 3080.704024524689, 3203.601680651855, 3430.1286140865327, 3583.0445142997737, 3696.6355561065675, 3760.6945380088805, 3740.1750023895265, 3706.403533935547, 3844.708550697327, 4021.357474769592, 4161.06210011673, 4341.2342018783565, 4442.736200993347, 4686.694728836059, 4747.7847234191895, 4841.76476803093, 4855.362468334198, 5104.802321435547, 5110.125948698043, 5252.801928215027, 5306.187104740143, 5319.088339637756, 5572.41325029602]
shares:[0, 2.8481, 5.6112, 8.3933, 11.1174, 13.6954, 16.2911, 18.9146, 21.8108, 24.4277, 26.9649, 29.4559, 31.8543, 34.1979, 36.5437, 38.7904, 41.0415, 43.2795, 45.4872, 47.7458, 49.9602, 52.3276, 54.4926, 56.5694, 58.6554, 60.8602, 63.1184, 65.2868, 67.5391, 69.805, 72.0542, 74.2179, 76.3487, 78.4715, 80.6151, 82.8297, 85.1264, 87.3996, 89.6284, 91.8354, 94.0007, 96.1652, 98.2618, 100.376, 102.4929, 104.6482, 106.7392, 108.8697, 110.9825, 113.1142, 115.2815, 117.3881]
growth_rate:9.26
