ticker:TPOR
price:[19.09000015258789, 19.489999771118164, 20.100000381469727, 19.280000686645508, 19.399999618530273, 22.3799991607666, 22.219999313354492, 22.40999984741211, 18.09000015258789, 20.549999237060547, 23.170000076293945, 23.969999313354492, 25.90999984741211, 27.049999237060547, 26.549999237060547, 25.899999618530273, 25.549999237060547, 25.5, 27.670000076293945, 28.040000915527344, 27.420000076293945, 22.6299991607666, 26.799999237060547, 29.260000228881836, 29.889999389648438, 30.360000610351562, 32.290000915527344, 36.189998626708984, 36.20000076293945, 39.41999816894531, 40.56999969482422, 41.869998931884766, 41.959999084472656, 43.619998931884766, 45.45000076293945, 51.099998474121094, 50.47999954223633, 46.45000076293945, 48.959999084472656, 46.45000076293945, 44.9900016784668, 39.02000045776367, 42.0, 42.43000030517578, 40.619998931884766, 37.689998626708984, 39.59000015258789, 37.22999954223633, 37.470001220703125, 40.68000030517578, 37.790000915527344, 40.43000030517578]
assets:[0, 99.99929082565308, 203.12859385509492, 294.8413385005951, 396.6756722000122, 557.6088690900802, 653.6234998016357, 759.2126978305818, 712.8581640129089, 909.7977862228392, 1125.7909147069931, 1264.6619577724457, 1467.0164183605195, 1631.5639839820863, 1701.4062561084747, 1759.752164081383, 1835.971845176697, 1932.3798000000002, 2196.820918057251, 2326.195671952057, 2374.761204607582, 2059.913777608109, 2539.4902077060697, 2872.5917444704055, 3034.4417050369266, 3182.1561399734496, 3484.4462887954714, 4005.299146012115, 4106.4050065452575, 4571.671215646362, 4805.0417948555, 5059.009612943268, 5169.883095198059, 5474.410191949081, 5804.078722429275, 6625.595142155456, 6645.207331739807, 6214.698887076187, 6650.520643638612, 6409.575220277023, 6308.111121340179, 5571.049349356842, 6096.5184, 6258.93420501709, 6091.9355958107, 5752.511420398712, 6142.503334674453, 5876.342174747086, 6014.223714932251, 6629.452861733246, 6258.481410622406, 6795.696816295624]
shares:[0, 5.1308, 10.1059, 15.2926, 20.4472, 24.9155, 29.416, 33.8783, 39.4062, 44.2724, 48.5883, 52.7602, 56.6197, 60.3166, 64.0831, 67.9441, 71.858, 75.7796, 79.3936, 82.9599, 86.6069, 91.0258, 94.7571, 98.1747, 101.5203, 104.8141, 107.911, 110.6742, 113.4366, 115.9734, 118.4383, 120.8266, 123.2098, 125.5023, 127.7025, 129.6594, 131.6404, 133.7933, 135.8358, 137.9887, 140.2114, 142.7742, 145.1552, 147.512, 149.9738, 152.627, 155.1529, 157.8389, 160.5077, 162.9659, 165.6121, 168.0855]
growth_rate:33.25
