ticker:TPYP
price:[16.549999237060547, 15.975000381469727, 16.00200080871582, 15.09000015258789, 15.039999961853027, 15.760000228881836, 15.72599983215332, 16.0, 15.079999923706055, 15.029999732971191, 16.540000915527344, 17.100000381469727, 18.06999969482422, 18.6200008392334, 18.770000457763672, 18.149999618530273, 17.65999984741211, 17.31999969482422, 18.020000457763672, 18.979999542236328, 18.360000610351562, 17.84000015258789, 18.530000686645508, 19.09000015258789, 19.25, 18.950000762939453, 20.350000381469727, 20.8799991607666, 20.3799991607666, 20.5, 20.38800048828125, 20.40999984741211, 20.739999771118164, 20.889999389648438, 21.360000610351562, 22.1200008392334, 22.329999923706055, 22.3799991607666, 22.274999618530273, 23.235000610351562, 23.84000015258789, 22.6200008392334, 22.860000610351562, 22.860000610351562, 22.739999771118164, 21.8799991607666, 21.84000015258789, 21.93199920654297, 21.878999710083008, 21.989999771118164, 21.1200008392334, 21.81999969482422]
assets:[0, 100.0003073879242, 200.1690281162262, 288.7607339199066, 387.80339101638793, 506.3688073539734, 605.276434939766, 715.8224, 774.6626120807647, 872.0946925060273, 1059.7095886573793, 1195.5892766714096, 1363.4085819740294, 1504.9075698286058, 1617.0317854362488, 1663.618075034714, 1718.7047391498566, 1785.6157605377198, 1957.782949733734, 2162.0819738544465, 2191.4551808517454, 2229.3881070682523, 2415.6153615127564, 2588.6173836910248, 2710.313375, 2768.073986444473, 3072.575332596779, 3252.598573267746, 3274.7112531497955, 3393.9923, 3475.4486584350584, 3579.199623241425, 3737.0700427585602, 3864.0983911010744, 4051.035187756348, 4295.173282958984, 4435.95050384388, 4545.883617532731, 4624.554993302345, 4923.863742343139, 5152.07196897583, 4988.418191077232, 5141.346725271606, 5241.347797941589, 5313.833118515396, 5212.870416054154, 5303.34171705246, 5425.6805217094425, 5512.569317853356, 5640.536095290756, 5517.376347240829, 5800.244686877441]
shares:[0, 6.2598, 12.509, 19.1359, 25.7848, 32.13, 38.4889, 44.7389, 51.3702, 58.0236, 64.0695, 69.9175, 75.4515, 80.8221, 86.1498, 91.6594, 97.3219, 103.0956, 108.645, 113.9137, 119.3603, 124.9657, 130.3624, 135.6007, 140.7955, 146.0725, 150.9865, 155.7758, 160.6826, 165.5606, 170.4654, 175.365, 180.1866, 184.9736, 189.6552, 194.176, 198.6543, 203.1226, 207.6119, 211.9158, 216.1104, 220.5313, 224.9058, 229.2803, 233.6778, 238.2482, 242.827, 247.3865, 251.9571, 256.5046, 261.2394, 265.8224]
growth_rate:13.73
