ticker:UCYB
price:[40.54999923706055, 37.560001373291016, 39.805999755859375, 41.33399963378906, 40.0, 34.5260009765625, 31.513999938964844, 34.95000076293945, 33.428001403808594, 33.375, 34.06999969482422, 35.729000091552734, 37.57600021362305, 37.40999984741211, 37.492000579833984, 34.650001525878906, 35.06999969482422, 36.04899978637695, 37.441001892089844, 36.58000183105469, 40.209999084472656, 40.83000183105469, 42.16299819946289, 41.86899948120117, 44.22999954223633, 41.91999816894531, 46.25299835205078, 45.279998779296875, 44.61899948120117, 45.060001373291016, 44.064998626708984, 50.0369987487793, 50.070701599121094]
assets:[0, 99.99974765625, 205.9801263366699, 313.8862598190307, 403.756, 448.50311048583984, 509.37653801345823, 664.9132795146942, 735.9575645065308, 834.7921875, 952.1747234710693, 1098.538128414917, 1255.3277423366546, 1349.782722494507, 1452.7400384674072, 1442.6181635284424, 1560.1029644241332, 1703.654100504303, 1869.4404567726135, 1926.4492164306641, 2217.617638507843, 2351.812188468933, 2528.590895418549, 2610.959181447601, 2858.191223418808, 2808.9165493072514, 3199.2551418136595, 3231.955000869751, 3284.7748895069126, 3417.2423601470946, 3441.7848477363586, 4008.23880327034, 4110.939792182159]
shares:[0, 2.6624, 5.1746, 7.5939, 10.0939, 12.9903, 16.1635, 19.0247, 22.0162, 25.0125, 27.9476, 30.7464, 33.4077, 36.0808, 38.748, 41.634, 44.4854, 47.2594, 49.9303, 52.664, 55.1509, 57.6001, 59.9718, 62.3602, 64.6211, 67.0066, 69.1686, 71.3771, 73.6183, 75.8376, 78.107, 80.1055, 82.1027]
growth_rate:28.47
