ticker:UFO
price:[21.81100082397461, 21.399999618530273, 21.899999618530273, 20.520000457763672, 21.1299991607666, 22.173999786376953, 21.8700008392334, 21.92099952697754, 20.84000015258789, 22.158000946044922, 23.704999923706055, 24.15999984741211, 25.049999237060547, 25.6200008392334, 25.979999542236328, 25.18000030517578, 25.649999618530273, 25.489999771118164, 26.03499984741211, 27.06999969482422, 27.850000381469727, 27.25, 30.270000457763672, 31.979999542236328, 30.760000228881836, 29.100000381469727, 28.09000015258789, 30.520000457763672, 29.309999465942383, 28.6299991607666, 28.899999618530273, 30.06999969482422, 29.790000915527344, 29.790000915527344, 29.700000762939453, 29.889999389648438, 29.079999923706055, 29.030000686645508, 30.18000030517578, 30.450000762939453, 30.594999313354492, 29.8700008392334, 31.979999542236328, 31.1200008392334, 31.040000915527344, 29.06999969482422, 29.700000762939453, 29.68000030517578, 30.1200008392334, 29.834999084472656, 29.219999313354492, 30.309999465942383]
assets:[0, 100.00005821743012, 202.33628647556307, 289.586454460144, 398.1948341846466, 517.8693302108765, 610.7700744375229, 712.193545731926, 777.0735896896362, 926.2177343452454, 1090.8827619890214, 1211.8221043464662, 1356.462468686676, 1487.3281567203524, 1608.2269216632844, 1658.704822103119, 1789.6645983839032, 1878.5008271324157, 2018.6653691688539, 2198.915024210358, 2362.276022356796, 2411.382475, 2778.625611020279, 3035.5959225482943, 3019.792274469948, 2956.8248487607957, 2954.200035047531, 3309.759761642456, 3278.5403342617033, 3302.4761291942596, 3433.620514677429, 3672.629482727051, 3738.43062689209, 3838.4297019653322, 3926.8331208732607, 4051.954075259399, 4042.1490693950655, 4135.1987688097, 4399.012700482178, 4538.368598711014, 4659.979416415787, 4649.552382634735, 5077.995395313263, 5041.440135955811, 5128.478615264892, 4902.992660528565, 5109.249551247406, 5205.8097255271905, 5382.986309986114, 5432.052316310119, 5420.079034632683, 5722.264202174569]
shares:[0, 4.6729, 9.2391, 14.1124, 18.845, 23.3548, 27.9273, 32.4891, 37.2876, 41.8006, 46.0191, 50.1582, 54.1502, 58.0534, 61.9025, 65.8739, 69.7725, 73.6956, 77.5366, 81.2307, 84.8214, 88.4911, 91.7947, 94.9217, 98.1727, 101.6091, 105.1691, 108.4456, 111.8574, 115.3502, 118.8104, 122.136, 125.4928, 128.8496, 132.2166, 135.5622, 139.001, 142.4457, 145.7592, 149.0433, 152.3118, 155.6596, 158.7866, 162.0, 165.2216, 168.6616, 172.0286, 175.3979, 178.718, 182.0698, 185.4921, 188.7913]
growth_rate:12.2
