ticker:URA
price:[12.010000228881836, 11.8100004196167, 11.710000038146973, 11.079999923706055, 10.859999656677246, 11.029999732971191, 10.699999809265137, 11.149999618530273, 10.8100004196167, 11.149999618530273, 11.470000267028809, 11.430000305175781, 11.930000305175781, 13.239999771118164, 14.350000381469727, 14.970000267028809, 15.180000305175781, 15.329999923706055, 16.399999618530273, 15.600000381469727, 15.109999656677246, 14.520000457763672, 16.299999237060547, 17.81999969482422, 18.520000457763672, 17.5, 17.8700008392334, 18.93000030517578, 19.440000534057617, 18.950000762939453, 19.610000610351562, 20.1299991607666, 19.360000610351562, 19.049999237060547, 19.610000610351562, 22.209999084472656, 21.219999313354492, 21.350000381469727, 21.8799991607666, 23.299999237060547, 23.469999313354492, 20.8799991607666, 22.09000015258789, 21.34000015258789, 20.420000076293945, 19.420000076293945, 19.3799991607666, 20.010000228881836, 19.399999618530273, 18.969999313354492, 17.809999465942383, 19.81999969482422]
assets:[0, 99.99999755306243, 199.1531416487694, 288.4389900138855, 382.71181790113445, 488.7028891688347, 574.0817397665978, 698.225241111946, 776.9341881586074, 901.3704291618347, 1027.2394599147797, 1123.657041001129, 1272.8105395591735, 1512.5746458518981, 1739.3836362384795, 1914.5342921506883, 2041.391261039734, 2161.5637152423856, 2412.436663885879, 2394.7576185594558, 2419.537047024345, 2425.062232453537, 2822.3497578968045, 3185.538785446167, 3410.67291630249, 3322.82825, 3493.083017046547, 3800.2827462654113, 4002.6669499616623, 4001.7758861141206, 4241.150921003723, 4453.613352325821, 4383.257082188416, 4413.069483259583, 4642.797070504761, 5358.364390120697, 5219.5171831047055, 5351.4928856174465, 5584.340289805984, 6046.759882003785, 6190.878866877746, 5607.693350609016, 6032.659755670929, 5927.838046385956, 5772.280697566604, 5589.602303959465, 5678.08975211544, 5962.6719142032625, 5880.900364361572, 5850.550767231179, 5592.79398729229, 6323.985140627288]
shares:[0, 8.4674, 17.0071, 26.0324, 35.2405, 44.3067, 53.6525, 62.6211, 71.8718, 80.8404, 89.5588, 98.3077, 106.6899, 114.2428, 121.2114, 127.8914, 134.479, 141.0022, 147.0998, 153.5101, 160.1282, 167.0153, 173.1503, 178.762, 184.1616, 189.8759, 195.4719, 200.7545, 205.8985, 211.1755, 216.2749, 221.2426, 226.4079, 231.6572, 236.7566, 241.2591, 245.9716, 250.6554, 255.2258, 259.5176, 263.7784, 268.5677, 273.0946, 277.7806, 282.6778, 287.8271, 292.9871, 297.9846, 303.1392, 308.4107, 314.0255, 319.0709]
growth_rate:24.0
