ticker:USAI
price:[16.138999938964844, 15.628000259399414, 15.845000267028809, 14.984000205993652, 14.994999885559082, 15.887999534606934, 15.883999824523926, 16.066999435424805, 14.937000274658203, 14.897000312805176, 16.420000076293945, 17.40399932861328, 18.444000244140625, 19.514999389648438, 19.718000411987305, 19.101999282836914, 18.638999938964844, 18.19499969482422, 19.347000122070312, 20.340999603271484, 19.6299991607666, 18.79800033569336, 19.704999923706055, 20.43000030517578, 20.398000717163086, 20.158000946044922, 21.635000228881836, 22.202999114990234, 21.601999282836914, 21.854999542236328, 21.80699920654297, 21.53499984741211, 21.608999252319336, 21.847000122070312, 22.500999450683594, 23.277999877929688, 23.691999435424805, 23.964000701904297, 24.030000686645508, 25.350000381469727, 25.937000274658203, 24.399999618530273, 25.069000244140625, 25.100000381469727, 24.8700008392334, 23.44499969482422, 23.445999145507812, 23.5310001373291, 23.201000213623047, 23.304000854492188, 22.20599937438965, 23.3700008392334]
assets:[0, 100.00044805984497, 201.38836889390944, 290.4453647929192, 390.65873401851655, 513.92435454607, 613.7942864192008, 720.8652100696563, 770.1666711616516, 868.1048168283463, 1056.855242910576, 1220.1891717292785, 1393.1030044403076, 1573.9978877716064, 1690.3709367185593, 1737.5636995651246, 1795.448266620636, 1852.6785514259338, 2069.9800411605834, 2276.330754102707, 2296.7629028074266, 2299.4165162628174, 2510.3637867803573, 2702.727643372345, 2798.493509390831, 2865.5666718853, 3175.529082594681, 3358.8985700145718, 3367.9785091867448, 3507.4236420352936, 3599.7206116226193, 3654.821113103485, 3767.379917547035, 3908.8740006408693, 4125.886763874817, 4368.361096092224, 4546.051651268578, 4698.2429864112855, 4811.183408477211, 5175.46875288105, 5395.311049133301, 5175.591279084778, 5417.496187359619, 5524.196333956718, 5573.576096079254, 5354.221326805878, 5454.449106011963, 5574.223326031684, 5596.051090225601, 5720.894508969116, 5551.346622201729, 5942.339190393638]
shares:[0, 6.3988, 12.7099, 19.3837, 26.0526, 32.3467, 38.6423, 44.8662, 51.561, 58.2738, 64.3639, 70.1097, 75.5315, 80.6558, 85.7273, 90.9624, 96.3275, 101.8235, 106.9923, 111.9085, 117.0027, 122.3224, 127.3973, 132.2921, 137.1945, 142.1553, 146.7774, 151.2813, 155.9105, 160.4861, 165.0718, 169.7154, 174.3431, 178.9204, 183.3646, 187.6605, 191.8813, 196.0542, 200.2157, 204.1605, 208.016, 212.1144, 216.1034, 220.0875, 224.1084, 228.3737, 232.6388, 236.8885, 241.1987, 245.4898, 249.9931, 254.2721]
growth_rate:16.52
