ticker:USD
price:[18.204999923706055, 16.927499771118164, 17.207500457763672, 17.80500030517578, 18.537500381469727, 21.135000228881836, 21.375, 20.297500610351562, 18.06999969482422, 22.75749969482422, 21.614999771118164, 22.252500534057617, 23.4424991607666, 26.302499771118164, 24.547500610351562, 25.547500610351562, 24.967500686645508, 25.857500076293945, 28.202499389648438, 28.764999389648438, 30.532499313354492, 26.912500381469727, 28.649999618530273, 33.150001525878906, 33.13249969482422, 29.752500534057617, 26.59749984741211, 27.52750015258789, 28.309999465942383, 29.547500610351562, 31.915000915527344, 33.33250045776367, 33.01499938964844, 31.299999237060547, 29.767499923706055, 29.667499542236328, 27.052499771118164, 28.697500228881836, 31.3700008392334, 32.40999984741211, 32.380001068115234, 31.90999984741211, 33.59000015258789, 35.869998931884766, 34.689998626708984, 31.31999969482422, 34.06999969482422, 35.59000015258789, 37.119998931884766, 35.38999938964844, 34.36000061035156, 38.38999938964844]
assets:[0, 99.99920489788055, 201.65297711448667, 308.6550217903137, 421.3536761707306, 580.3945817853928, 686.9860874999999, 752.3552766235351, 769.7892149993896, 1069.4795951583862, 1115.7879031848909, 1248.6968422185898, 1415.4745090764998, 1688.1628218097685, 1675.5215659103392, 1843.7784475494384, 1901.9193388057708, 2069.714464356804, 2357.415901231384, 2504.433301359558, 2758.321254218102, 2531.287518379593, 2794.710052788925, 3333.6702334472657, 3431.9107038894654, 3181.8067883634567, 2944.4044073581695, 3147.3567299461365, 3336.8232000520707, 3582.6846797561643, 3969.7473888778686, 4246.063904062271, 4305.618130401611, 4181.958468064499, 4077.203859800148, 4163.507218257904, 3896.5203307828906, 4233.458103514672, 4727.706949479103, 4984.444070532989, 5079.829613567734, 5106.094580583573, 5474.921458870697, 5946.542770927429, 5850.92270737648, 5382.526735553741, 5955.12931665802, 6320.812499099731, 6692.542783424377, 6480.634383232116, 6392.021837544251, 7241.724407865906]
shares:[0, 5.9075, 11.7189, 17.3353, 22.7298, 27.4613, 32.1397, 37.0664, 42.6004, 46.9946, 51.621, 56.1149, 60.3807, 64.1826, 68.2563, 72.1706, 76.1758, 80.0431, 83.5889, 87.0653, 90.3405, 94.0562, 97.5466, 100.5632, 103.5814, 106.9425, 110.7023, 114.335, 117.8673, 121.2517, 124.385, 127.3851, 130.414, 133.6089, 136.9683, 140.339, 144.0355, 147.5201, 150.7079, 153.7934, 156.8817, 160.0155, 162.9926, 165.7804, 168.6631, 171.8559, 174.791, 177.6008, 180.2948, 183.1205, 186.0309, 188.6357]
growth_rate:41.99
