ticker:USXF
price:[28.216999053955078, 27.527999877929688, 27.57699966430664, 27.367000579833984, 27.89699935913086, 28.97100067138672, 29.099000930786133, 28.9060001373291, 27.253999710083008, 29.524999618530273, 29.756999969482422, 29.684999465942383, 30.40999984741211, 30.850000381469727, 30.469999313354492, 31.093000411987305, 30.927000045776367, 31.309999465942383, 32.2400016784668, 31.639999389648438, 32.21900177001953, 31.018999099731445, 32.73699951171875, 33.32899856567383, 33.119998931884766, 32.0, 31.836999893188477, 32.810001373291016, 32.48699951171875, 32.90999984741211, 33.5629997253418, 34.45500183105469, 35.11899948120117, 35.20000076293945, 35.03200149536133, 35.22999954223633, 34.558998107910156, 34.56999969482422, 35.22999954223633, 35.41699981689453, 35.59000015258789, 35.042999267578125, 36.099998474121094, 36.61000061035156, 36.641998291015625, 36.21799850463867, 37.13999938964844, 37.150001525878906, 37.52000045776367, 37.61899948120117, 37.375999450683594, 38.0880012512207]
assets:[0, 100.00096515655517, 200.17868286323545, 298.6533406276703, 404.43674820899963, 520.0062852508545, 622.302504205513, 718.1753546119689, 777.1314493331909, 941.8888228305816, 1049.2913329238893, 1146.7523088689804, 1274.759824603653, 1393.2045272274017, 1476.0429417371752, 1606.2239803827288, 1697.647979212761, 1818.672628978729, 1972.6915507015228, 2035.9801727249144, 2173.2393292915344, 2192.29567847271, 2413.7153424987796, 2557.364056042862, 2641.3265388175964, 2652.0064, 2738.4977502124784, 2922.193243310928, 2993.426855108643, 3132.403404476547, 3294.5574782394406, 3482.115513551331, 3649.22225989151, 3757.6388014446256, 3839.7035430999754, 3961.405591527176, 3985.955356070709, 4087.2248919189456, 4265.257291579056, 4387.897108114624, 4509.331317333222, 4540.023804510498, 4776.9647880867, 4944.451496432495, 5048.772697525024, 5090.352766630554, 5319.937226573182, 5421.370307674409, 5575.363260022355, 5690.073052228928, 5753.317496243287, 5962.9165502864835]
shares:[0, 3.6327, 7.2589, 10.9129, 14.4975, 17.9492, 21.3857, 24.8452, 28.5144, 31.9014, 35.262, 38.6307, 41.9191, 45.1606, 48.4425, 51.6587, 54.8921, 58.086, 61.1877, 64.3483, 67.4521, 70.6759, 73.7305, 76.7309, 79.7502, 82.8752, 86.0162, 89.0641, 92.1423, 95.1809, 98.1604, 101.0627, 103.9102, 106.7511, 109.6056, 112.4441, 115.3377, 118.2304, 121.0689, 123.8924, 126.7022, 129.5558, 132.3259, 135.0574, 137.7865, 140.5476, 143.2401, 145.9319, 148.5971, 151.2553, 153.9308, 156.5563]
growth_rate:16.92
