ticker:UXI
price:[18.84000015258789, 18.412500381469727, 18.940000534057617, 18.155000686645508, 18.782499313354492, 20.427499771118164, 20.827499389648438, 20.575000762939453, 17.895000457763672, 20.917499542236328, 22.475000381469727, 23.112499237060547, 24.344999313354492, 24.69499969482422, 24.427499771118164, 25.21500015258789, 24.947500228881836, 25.149999618530273, 26.155000686645508, 25.342500686645508, 25.532499313354492, 23.24250030517578, 25.770000457763672, 27.200000762939453, 27.142499923706055, 26.377500534057617, 26.977500915527344, 29.052499771118164, 28.520000457763672, 29.547500610351562, 30.065000534057617, 31.405000686645508, 32.032501220703125, 32.334999084472656, 32.130001068115234, 33.622501373291016, 32.837501525878906, 31.9375, 32.97999954223633, 33.2599983215332, 32.540000915527344, 30.309999465942383, 32.54999923706055, 33.11000061035156, 33.47999954223633, 32.650001525878906, 33.779998779296875, 33.369998931884766, 33.459999084472656, 34.220001220703125, 33.25, 34.52000045776367]
assets:[0, 100.00013082180023, 202.86445172023775, 294.4559561367035, 404.63326095752717, 540.0724526987076, 650.6469154327392, 742.7595850421905, 746.0121475833893, 972.01528622818, 1144.391059423828, 1276.8523316013336, 1444.9414407457352, 1565.7148401512145, 1648.7536390514374, 1801.90677640419, 1882.790337023735, 1998.0718996936798, 2177.9164451766965, 2210.2588686361314, 2326.830280674553, 2218.1387196243286, 2559.350172462845, 2801.371598576355, 2895.450607611275, 2913.843351495743, 3080.123794029236, 3417.0330025798794, 3454.4023474452974, 3678.855884742737, 3843.287187269974, 4114.5826939620965, 4296.794868243408, 4437.370726361084, 4509.240017903137, 4818.702927317047, 4806.198519582367, 4774.4710125, 5030.3173041790005, 5173.023992943192, 5161.03938520813, 4907.346525533295, 5370.014244132232, 5562.400638537598, 5724.560981729507, 5682.644610575104, 5979.316511926269, 6006.743298734665, 6122.9422664649965, 6362.018370947266, 6281.679775, 6621.612679808045]
shares:[0, 5.4311, 10.7109, 16.219, 21.5431, 26.4385, 31.2398, 36.1001, 41.6883, 46.469, 50.9184, 55.2451, 59.3527, 63.4021, 67.4958, 71.4617, 75.4701, 79.4462, 83.2696, 87.2155, 91.1321, 95.4346, 99.3151, 102.9916, 106.6759, 110.467, 114.1738, 117.6158, 121.1221, 124.5065, 127.8326, 131.0168, 134.1386, 137.2312, 140.3436, 143.3178, 146.3631, 149.4942, 152.5263, 155.5329, 158.606, 161.9052, 164.9774, 167.9976, 170.9845, 174.0473, 177.0076, 180.0043, 182.9929, 185.9152, 188.9227, 191.8196]
growth_rate:29.84
