ticker:UYG
price:[33.54999923706055, 31.950000762939453, 31.920000076293945, 29.729999542236328, 31.90999984741211, 34.029998779296875, 33.04999923706055, 33.2599983215332, 29.43000030517578, 32.41999816894531, 37.29999923706055, 37.060001373291016, 39.56999969482422, 40.90999984741211, 39.33000183105469, 39.79999923706055, 40.65999984741211, 42.310001373291016, 44.45000076293945, 44.02000045776367, 43.31999969482422, 40.13999938964844, 45.18000030517578, 46.75, 48.04999923706055, 48.0, 50.689998626708984, 54.66999816894531, 52.31999969482422, 53.95000076293945, 54.349998474121094, 56.22999954223633, 57.720001220703125, 58.38999938964844, 60.5099983215332, 63.5099983215332, 62.970001220703125, 62.470001220703125, 63.72999954223633, 65.47000122070312, 64.1500015258789, 58.09000015258789, 63.04999923706055, 62.83000183105469, 62.83000183105469, 62.0099983215332, 62.560001373291016, 63.20000076293945, 66.0199966430664, 67.12999725341797, 64.94000244140625, 68.12999725341797]
assets:[0, 100.0003073879242, 199.90538447780608, 286.1898945934296, 407.17478905296326, 534.2267418365478, 618.8414057144165, 722.773023525238, 739.5435346687317, 914.6783763397217, 1152.3610964294435, 1244.9455081325532, 1429.2644319770814, 1577.6655071155549, 1616.734452268982, 1736.0560667209627, 1873.5680669689177, 2049.5980105255126, 2253.2638836750034, 2331.4665002449037, 2394.391687132263, 2318.6268547439577, 2709.7563603034973, 2903.918325, 3084.6706060215, 3181.4592000000002, 3459.754614268494, 3831.404679675293, 3766.7103620292664, 3984.061891341019, 4113.599204510499, 4355.890652539062, 4571.314428677368, 4724.375723616028, 4995.905144420242, 5343.597887777329, 5398.166324645996, 5455.305302600098, 5665.335666306686, 5920.013561380005, 5900.651855353546, 5443.242138298035, 6008.009207299804, 6087.0459733947755, 6187.046204309083, 6206.29548600998, 6361.344923641586, 6526.423918785858, 6917.634666257477, 7133.938373119354, 7001.207639208985, 7445.123465858459]
shares:[0, 3.1299, 6.2627, 9.6263, 12.7601, 15.6987, 18.7244, 21.731, 25.1289, 28.2134, 30.8944, 33.5927, 36.1199, 38.5643, 41.1069, 43.6195, 46.0789, 48.4424, 50.6921, 52.9638, 55.2722, 57.7635, 59.9769, 62.1159, 64.1971, 66.2804, 68.2532, 70.0824, 71.9937, 73.8473, 75.6872, 77.4656, 79.1981, 80.9107, 82.5633, 84.1379, 85.726, 87.3268, 88.8959, 90.4233, 91.9821, 93.7036, 95.2896, 96.8812, 98.4728, 100.0854, 101.6839, 103.2662, 104.7809, 106.2705, 107.8104, 109.2782]
growth_rate:45.98
