ticker:VAW
price:[137.6300048828125, 137.38999938964844, 138.72000122070312, 132.08999633789062, 134.52000427246094, 141.75, 141.75999450683594, 141.38999938964844, 135.07000732421875, 145.27000427246094, 148.13999938964844, 149.6999969482422, 153.91000366210938, 155.08999633789062, 153.7899932861328, 155.74000549316406, 155.52000427246094, 156.97000122070312, 166.3300018310547, 163.3699951171875, 161.60000610351562, 153.25, 159.89999389648438, 162.27000427246094, 163.63999938964844, 160.1300048828125, 164.77000427246094, 172.97999572753906, 171.0, 174.39999389648438, 174.5500030517578, 175.11000061035156, 180.83999633789062, 181.2100067138672, 181.55999755859375, 193.0399932861328, 192.66000366210938, 189.58999633789062, 191.3800048828125, 192.58999633789062, 189.58999633789062, 176.8800048828125, 180.4499969482422, 181.94000244140625, 182.0500030517578, 176.97999572753906, 178.24000549316406, 183.58999633789062, 183.35000610351562, 188.8000030517578, 182.47999572753906, 188.10000610351562]
assets:[0, 100.0061805557251, 200.9775377685547, 291.377322921753, 396.73984860076905, 518.0679, 618.101928048706, 716.4938219070434, 784.4730955383301, 943.7175287551879, 1062.3563776229857, 1173.543186076355, 1306.5420210876466, 1416.5610085510255, 1504.6812943115235, 1623.7608712722779, 1721.4664792922974, 1837.522228289795, 2047.0898645355223, 2110.658651916504, 2187.7893626312257, 2174.7401, 2369.110289569092, 2504.231840934753, 2625.3746942077637, 2669.062934387207, 2846.4018238067624, 3088.2291617233277, 3152.8808999999997, 3315.570603964233, 3418.422169766235, 3529.3945953018188, 3744.8888961639404, 3852.542863737488, 3959.9869507507324, 4310.370706086731, 4401.876497671508, 4431.742000396728, 4573.580218688965, 4702.48919958191, 4729.2466226501465, 4512.2089245605475, 4703.284810458374, 4842.114836975098, 4945.042437895203, 4907.319019532776, 5042.249339396668, 5293.5972364074705, 5386.676499316406, 5646.800411274719, 5557.774981874085, 5828.937039138794]
shares:[0, 0.7279, 1.4488, 2.2059, 2.9493, 3.6548, 4.3602, 5.0675, 5.8079, 6.4963, 7.1713, 7.8393, 8.489, 9.1338, 9.784, 10.4261, 11.0691, 11.7062, 12.3074, 12.9195, 13.5383, 14.1908, 14.8162, 15.4325, 16.0436, 16.6681, 17.275, 17.8531, 18.4379, 19.0113, 19.5842, 20.1553, 20.7083, 21.2601, 21.8109, 22.3289, 22.8479, 23.3754, 23.8979, 24.4171, 24.9446, 25.51, 26.0642, 26.6138, 27.1631, 27.7281, 28.2891, 28.8338, 29.3792, 29.9089, 30.4569, 30.9885]
growth_rate:14.29
