ticker:VCLO
price:[12.220000267028809, 12.670000076293945, 12.506999969482422, 12.559000015258789, 12.37600040435791, 12.9350004196167, 13.104999542236328, 12.562000274658203, 11.489999771118164, 10.20199966430664, 10.760000228881836, 10.515000343322754, 10.144000053405762, 10.491999626159668, 10.71399974822998, 11.239999771118164, 11.696999549865723, 11.545999526977539, 10.208999633789062, 10.217000007629395, 10.819999694824219, 11.265999794006348, 11.086999893188477, 12.145000457763672, 13.03499984741211, 13.324999809265137, 13.569999694824219, 13.800000190734863, 13.145000457763672, 14.253000259399414, 14.100000381469727, 14.220000267028809, 14.111000061035156, 13.788999557495117, 14.850000381469727, 14.774999618530273]
assets:[0, 100.00050960216522, 198.71371691513062, 299.5396857639313, 395.17559371147155, 513.0253996427535, 619.7681908512116, 694.0882011756897, 734.8567233615876, 752.481131639862, 893.6384630090714, 973.2905132786751, 1038.9494998698235, 1174.5919485481263, 1299.4453166641235, 1463.2411542037964, 1622.7341051525113, 1701.7856530803679, 1604.7230463363646, 1705.980511173916, 1906.6657222229005, 2085.258826471996, 2152.1274841665268, 2457.4983351268766, 2737.587204953766, 2898.4926010107993, 3051.7857283683775, 3203.5113442769048, 3151.4612797470095, 3517.100275309944, 3579.34572683773, 3709.807521664238, 3781.371252655792, 3795.0842977113725, 4187.0986825590135, 4265.951657359124]
shares:[0, 7.8927, 15.8882, 23.8506, 31.9308, 39.6618, 47.2925, 55.253, 63.9562, 73.7582, 83.0519, 92.5621, 102.4201, 111.9512, 121.2848, 130.1816, 138.7308, 147.3918, 157.1871, 166.9747, 176.2168, 185.0931, 194.1127, 202.3465, 210.0182, 217.5229, 224.8921, 232.1385, 239.746, 246.7621, 253.8543, 260.8866, 267.9733, 275.2255, 281.9595, 288.7277]
growth_rate:21.88
