ticker:VDE
price:[46.810001373291016, 43.09000015258789, 44.5, 40.56999969482422, 39.599998474121094, 41.68000030517578, 40.900001525878906, 41.29999923706055, 38.90999984741211, 39.150001525878906, 45.779998779296875, 48.43000030517578, 52.7400016784668, 55.09000015258789, 55.95000076293945, 53.060001373291016, 52.15999984741211, 51.86000061035156, 57.029998779296875, 59.040000915527344, 58.0099983215332, 54.43000030517578, 59.119998931884766, 62.18000030517578, 64.0199966430664, 66.6500015258789, 73.44999694824219, 74.47000122070312, 69.01000213623047, 69.95999908447266, 69.83000183105469, 66.77999877929688, 67.06999969482422, 65.80999755859375, 68.29000091552734, 74.55000305175781, 74.30999755859375, 72.66000366210938, 72.76000213623047, 78.05000305175781, 77.76000213623047, 73.62000274658203, 77.87999725341797, 77.01000213623047, 74.45999908447266, 68.4000015258789, 68.2300033569336, 69.29000091552734, 69.2699966430664, 68.91999816894531, 64.04000091552734, 69.23999786376953]
assets:[0, 99.99896335411071, 203.27155, 285.32069385375974, 378.5007454154968, 498.38026764907835, 589.0540919761658, 694.8146671646118, 754.6049730407715, 859.2603184898377, 1104.776664541626, 1268.7255609947204, 1481.6354151535033, 1647.6537605636597, 1773.3744391819, 1781.7760701156615, 1851.554810583496, 1940.9071968429564, 2234.401134173584, 2413.153765420532, 2471.05189850235, 2418.5535195602415, 2726.9513347324373, 2968.0939165672303, 3155.9233525169375, 3385.573472509003, 3830.9902508270266, 3984.1897473083495, 3792.0789143852235, 3944.2817843833923, 4036.949218855286, 3960.6282356018064, 4077.8291534454343, 4101.2198188537595, 4355.768444395447, 4855.0540387451165, 4939.422692718506, 4929.748736462402, 5036.534659872436, 5502.71253515625, 5582.266137356567, 5385.060254903412, 5796.662711569977, 5831.905853775025, 5738.795941438293, 5371.739399833679, 5458.386622554016, 5643.185544563294, 5741.554503755188, 5812.547237573242, 5500.978442642975, 6047.656829414368]
shares:[0, 2.3207, 4.5679, 7.0328, 9.5581, 11.9573, 14.4023, 16.8236, 19.3936, 21.9479, 24.1323, 26.1971, 28.0932, 29.9084, 31.6957, 33.5804, 35.4976, 37.4259, 39.1794, 40.8732, 42.597, 44.4342, 46.1257, 47.7339, 49.2959, 50.7963, 52.1578, 53.5006, 54.9497, 56.3791, 57.8111, 59.3086, 60.7996, 62.3191, 63.7834, 65.1248, 66.4705, 67.8468, 69.2212, 70.5024, 71.7884, 73.1467, 74.4307, 75.7292, 77.0722, 78.5342, 79.9998, 81.443, 82.8866, 84.3376, 85.8991, 87.3434]
growth_rate:18.58
