ticker:VETS
price:[30.275699615478516, 29.668100357055664, 30.264999389648438, 30.264999389648438, 29.3700008392334, 30.54129981994629, 30.439899444580078, 30.34119987487793, 30.34119987487793, 30.34119987487793, 30.34119987487793, 30.34119987487793, 33.64339828491211, 33.421600341796875, 33.752498626708984, 33.752498626708984, 33.752498626708984, 33.62649917602539, 33.333099365234375, 34.791099548339844, 35.062198638916016, 33.22809982299805, 33.22809982299805, 34.77519989013672, 34.77519989013672, 34.83679962158203, 35.0, 37.20000076293945, 37.39970016479492, 37.39970016479492, 37.61790084838867, 38.23350143432617, 38.48910140991211, 38.32490158081055, 38.91780090332031, 39.80590057373047, 38.84989929199219, 39.51020050048828, 39.6416015625, 39.72010040283203, 39.390201568603516, 38.607200622558594, 38.849700927734375, 38.5703010559082, 38.70000076293945, 38.52000045776367, 38.6150016784668, 38.619998931884766, 38.619998931884766]
assets:[0, 99.99929906349182, 202.00979142608642, 302.0083759094238, 393.0763432319641, 508.75391827068336, 607.065958613205, 705.0961097723008, 805.0946363199234, 905.0931628675461, 1005.0916894151687, 1105.0902159627915, 1325.3648537349702, 1416.6280050476075, 1530.6521859722138, 1630.6507136535645, 1730.6492413349154, 1824.1871405506133, 1908.2699390106202, 2091.7383199249266, 2208.038453065872, 2192.536229960632, 2292.5361963779446, 2499.276228504181, 2599.275793308258, 2703.8791047088625, 2816.5445, 3093.5855434467317, 3210.1920437351228, 3310.1913620357514, 3429.50364306488, 3585.625701564408, 3709.5949895278927, 3793.770510013962, 3952.4607255004885, 4142.655800968933, 4143.163049954223, 4313.581453921509, 4427.927252929688, 4536.694819670105, 4599.014801202774, 4607.595661899567, 4736.536112258911, 4802.473039133453, 4918.6230369667055, 4995.747455368423, 5108.069652030946, 5208.729461941909, 5308.728225176239]
shares:[0, 3.3706, 6.6747, 9.9788, 13.3836, 16.6579, 19.9431, 23.2389, 26.5347, 29.8305, 33.1263, 36.4221, 39.3945, 42.3866, 45.3493, 48.312, 51.2747, 54.2485, 57.2485, 60.1228, 62.9749, 65.9844, 68.9939, 71.8695, 74.7451, 77.6156, 80.4727, 83.1609, 85.8347, 88.5085, 91.1668, 93.7823, 96.3804, 98.9897, 101.5592, 104.0714, 106.6454, 109.1764, 111.699, 114.2166, 116.7553, 119.3455, 121.9195, 124.5122, 127.0962, 129.6923, 132.282, 134.8713, 137.4606]
growth_rate:10.6
