ticker:VFH
price:[61.77000045776367, 59.77000045776367, 59.650001525878906, 57.04999923706055, 59.310001373291016, 61.810001373291016, 61.439998626708984, 62.31999969482422, 58.939998626708984, 61.599998474121094, 66.69999694824219, 67.22000122070312, 70.16000366210938, 71.5999984741211, 70.6500015258789, 70.33000183105469, 71.68000030517578, 72.8499984741211, 76.36000061035156, 76.48999786376953, 75.30000305175781, 71.73999786376953, 76.66999816894531, 78.43000030517578, 80.44000244140625, 80.18000030517578, 83.52999877929688, 86.70999908447266, 85.18000030517578, 85.41000366210938, 85.52999877929688, 87.0199966430664, 87.76000213623047, 87.94000244140625, 89.80000305175781, 93.2300033569336, 93.30999755859375, 92.5999984741211, 93.51000213623047, 94.48999786376953, 92.58999633789062, 87.12999725341797, 91.37999725341797, 91.02999877929688, 90.38999938964844, 88.81999969482422, 89.2699966430664, 90.19000244140625, 93.36000061035156, 94.95999908447266, 92.8499984741211, 96.08999633789062]
assets:[0, 100.0011877658844, 199.7976801109314, 291.08621110725403, 402.62001332244876, 519.5934145442963, 616.4828022205352, 725.3113164482118, 785.970775687027, 921.4435771751404, 1097.7352097747803, 1206.296531906128, 1359.0553989379882, 1486.9458083114623, 1567.2148538482666, 1660.1185942214966, 1791.9856716293336, 1921.2365847587585, 2113.805172895813, 2217.406793071747, 2282.9078425216676, 2274.975768257141, 2531.313658546448, 2689.419611464691, 2858.347002752686, 2949.108609224701, 3172.32735263977, 3393.10100017395, 3433.231020300293, 3542.499475891113, 3647.478115942383, 3811.0233489837647, 3943.434263990021, 4051.5190284790037, 4237.213143997193, 4499.056209997559, 4602.916862567139, 4667.891843081665, 4813.763995970154, 4964.211568769074, 4964.388574649048, 4771.639447584534, 5104.386128578949, 5184.832052471924, 5248.37780756073, 5257.220253936767, 5383.855643544007, 5539.343683947754, 5834.038430140686, 6034.0242298248295, 5999.94833139801, 6309.317204544067]
shares:[0, 1.6731, 3.3495, 5.1023, 6.7884, 8.4063, 10.0339, 11.6385, 13.3351, 14.9585, 16.4578, 17.9455, 19.3708, 20.7674, 22.1828, 23.6047, 24.9998, 26.3725, 27.6821, 28.9895, 30.3175, 31.7114, 33.0157, 34.2907, 35.5339, 36.7811, 37.9783, 39.1316, 40.3056, 41.4764, 42.6456, 43.7948, 44.9343, 46.0714, 47.185, 48.2576, 49.3293, 50.4092, 51.4786, 52.5369, 53.6169, 54.7646, 55.8589, 56.9574, 58.0637, 59.1896, 60.3098, 61.4186, 62.4897, 63.5428, 64.6198, 65.6605]
growth_rate:23.71
