ticker:VFIN
price:[12.220000267028809, 14.710000038146973, 13.36299991607666, 13.322999954223633, 12.942000389099121, 13.402999877929688, 15.137999534606934, 14.461000442504883, 11.960000038146973, 10.206000328063965, 11.130000114440918, 10.456000328063965, 10.5, 10.217000007629395, 10.949000358581543, 10.694999694824219, 10.484999656677246, 10.37600040435791, 9.583999633789062, 8.925999641418457, 9.045999526977539, 10.020000457763672, 10.4399995803833, 10.895000457763672, 11.159000396728516, 11.630000114440918, 11.642999649047852, 11.279000282287598, 10.682000160217285, 11.270000457763672, 10.895000457763672, 11.255999565124512, 10.939000129699707, 10.668999671936035, 11.430999755859375, 11.53499984741211, 11.534700393676758]
assets:[0, 100.00005125932694, 190.8423470014572, 290.2708646026611, 381.97019948387145, 495.57592048645023, 659.7276439177513, 730.2241244447708, 703.9333102452279, 700.6980555233956, 864.1354348852157, 911.8060982085227, 1015.64295, 1088.2688643126487, 1266.2387526695252, 1336.8642668533325, 1410.6141078105925, 1495.9494822978975, 1481.7639737808229, 1480.031604343128, 1599.9288477384569, 1872.1960035312652, 2050.6706535770413, 2240.0436896175383, 2394.3231088237762, 2595.3833895389557, 2698.2849617662428, 2713.9271062233925, 2670.277854450989, 2917.2655394931794, 2920.1956886947632, 3116.9551195764543, 3129.1731845014574, 3151.937238580227, 3477.0540713378905, 3608.6889437633513, 3708.5953456535335]
shares:[0, 6.7981, 14.2814, 21.7872, 29.514, 36.975, 43.5809, 50.4961, 58.8573, 68.6555, 77.6402, 87.2041, 96.7279, 106.5155, 115.6488, 124.999, 134.5364, 144.174, 154.6081, 165.8113, 176.8659, 186.8459, 196.4244, 205.6029, 214.5643, 223.1628, 231.7517, 240.6177, 249.9792, 258.8523, 268.0308, 276.915, 286.0566, 295.4295, 304.1776, 312.8469, 321.5164]
growth_rate:3.02
