ticker:VGT
price:[313.2900085449219, 299.45001220703125, 297.3699951171875, 304.3599853515625, 308.07000732421875, 323.3699951171875, 325.7799987792969, 318.6000061035156, 297.989990234375, 327.6199951171875, 325.2699890136719, 325.0299987792969, 333.0899963378906, 341.70001220703125, 337.92999267578125, 349.05999755859375, 352.8800048828125, 353.7900085449219, 357.3599853515625, 349.6199951171875, 363.7900085449219, 351.29998779296875, 370.70001220703125, 380.6099853515625, 373.80999755859375, 356.5, 348.3999938964844, 356.95001220703125, 351.5400085449219, 357.5899963378906, 365.9700012207031, 381.95001220703125, 386.489990234375, 384.9200134277344, 376.94000244140625, 372.5, 364.1199951171875, 365.6400146484375, 372.2799987792969, 375.70001220703125, 382.3999938964844, 384.17999267578125, 393.04998779296875, 403.7099914550781, 407.1099853515625, 402.2799987792969, 414.7300109863281, 412.2099914550781, 416.4800109863281, 416.0799865722656, 416.2799987792969, 425.0899963378906]
assets:[0, 99.98635907592772, 199.29737072753906, 303.99475336914065, 407.69984769287106, 527.9338540283203, 631.8828856323242, 717.9651137542725, 771.5258837158203, 948.2305518676758, 1041.4169238250734, 1140.6602777160645, 1268.939650048828, 1401.755960076904, 1486.2836937866211, 1635.2413705627444, 1753.1431522583007, 1857.6805768676757, 1976.4151349853514, 2033.5996635986328, 2216.026837051392, 2239.9589821655272, 2463.6722811279296, 2629.5202057983397, 2682.5353044799804, 2658.31355, 2697.905032736206, 2864.1312029479977, 2920.735006994629, 3070.9828885498046, 3242.9333748168947, 3484.5299613647458, 3625.933141381836, 3711.2063094635014, 3734.2692161865234, 3790.29925, 3805.0175369750973, 3920.9041330810546, 4092.1017465820314, 4229.705877429199, 4405.133209689331, 4525.640313720703, 4730.120773095703, 4958.406486050415, 5100.15176348877, 5139.649948403931, 5398.706445013428, 5465.904486694336, 5622.521796316528, 5717.105447497558, 5819.844150933838, 6042.994369940186]
shares:[0, 0.3339, 0.6702, 0.9988, 1.3234, 1.6326, 1.9396, 2.2535, 2.5891, 2.8943, 3.2017, 3.5094, 3.8096, 4.1023, 4.3982, 4.6847, 4.9681, 5.2508, 5.5306, 5.8166, 6.0915, 6.3762, 6.646, 6.9087, 7.1762, 7.4567, 7.7437, 8.0239, 8.3084, 8.588, 8.8612, 9.123, 9.3817, 9.6415, 9.9068, 10.1753, 10.4499, 10.7234, 10.992, 11.2582, 11.5197, 11.78, 12.0344, 12.2821, 12.5277, 12.7763, 13.0174, 13.26, 13.5001, 13.7404, 13.9806, 14.2158]
growth_rate:18.49
