ticker:VHT
price:[201.80999755859375, 199.3800048828125, 203.19000244140625, 199.22999572753906, 201.67999267578125, 211.0399932861328, 210.58999633789062, 209.85000610351562, 198.14999389648438, 213.72999572753906, 218.22999572753906, 212.8300018310547, 215.0, 221.08999633789062, 220.52000427246094, 223.1300048828125, 222.16000366210938, 223.72999572753906, 232.02000427246094, 232.3000030517578, 234.3000030517578, 229.02999877929688, 233.02000427246094, 236.7899932861328, 230.64999389648438, 224.6199951171875, 222.30999755859375, 227.17999267578125, 227.4199981689453, 228.2899932861328, 228.6300048828125, 230.4499969482422, 237.7899932861328, 241.82000732421875, 238.22999572753906, 240.14999389648438, 237.86000061035156, 240.0, 239.97999572753906, 237.50999450683594, 244.0399932861328, 242.1300048828125, 247.10000610351562, 250.92999267578125, 251.08999633789062, 249.42999267578125, 255.4499969482422, 256.4200134277344, 257.94000244140625, 257.7200012207031, 261.3599853515625, 260.9599914550781]
assets:[0, 100.00901044921876, 201.93022442626955, 297.9883046096802, 401.64570541381835, 520.2768954483032, 619.176707232666, 716.9945158538818, 777.0253860656738, 938.1250702468873, 1057.8699042892456, 1131.7022517364503, 1243.2375, 1378.4519091674804, 1474.9039445755004, 1592.3672798461914, 1685.439083782959, 1797.3572936767578, 1963.956528164673, 2066.331757145691, 2184.121198448181, 2234.9892430877685, 2373.914595526123, 2512.3181497665405, 2547.183207595825, 2580.591737902832, 2654.0479058532715, 2812.1929753356935, 2915.160504528809, 3026.303466998291, 3130.813560864258, 3255.728421885681, 3459.4163803253173, 3618.0384035827637, 3664.334679283142, 3793.8655885772705, 3857.6848478988645, 3992.4000000000005, 4092.066893147278, 4149.940881019592, 4364.04517993927, 4429.889504333496, 4620.819534136963, 4792.436651116944, 4895.501658599854, 4963.133051263428, 5182.9271680816655, 5302.61202567749, 5434.047825433349, 5529.408398190308, 5707.500952111817, 5798.765874124146]
shares:[0, 0.5016, 0.9938, 1.4957, 1.9915, 2.4653, 2.9402, 3.4167, 3.9214, 4.3893, 4.8475, 5.3174, 5.7825, 6.2348, 6.6883, 7.1365, 7.5866, 8.0336, 8.4646, 8.8951, 9.3219, 9.7585, 10.1876, 10.6099, 11.0435, 11.4887, 11.9385, 12.3787, 12.8184, 13.2564, 13.6938, 14.1277, 14.5482, 14.9617, 15.3815, 15.7979, 16.2183, 16.635, 17.0517, 17.4727, 17.8825, 18.2955, 18.7002, 19.0987, 19.497, 19.8979, 20.2894, 20.6794, 21.0671, 21.4551, 21.8377, 22.2209]
growth_rate:13.7
