ticker:VIRT
price:[27.31999969482422, 27.239999771118164, 26.940000534057617, 22.8799991607666, 23.459999084472656, 22.25, 23.229999542236328, 21.985000610351562, 21.3799991607666, 23.59000015258789, 23.399999618530273, 22.56999969482422, 22.889999389648438, 23.389999389648438, 23.0, 24.8700008392334, 25.049999237060547, 25.170000076293945, 25.639999389648438, 24.459999084472656, 24.84000015258789, 27.770000457763672, 27.635000228881836, 27.260000228881836, 27.979999542236328, 27.270000457763672, 26.979999542236328, 29.600000381469727, 29.479999542236328, 30.280000686645508, 31.5, 30.94499969482422, 31.56999969482422, 30.825000762939453, 29.6299991607666, 28.1299991607666, 28.989999771118164, 29.0, 30.450000762939453, 31.639999389648438, 29.059999465942383, 28.719999313354492, 27.75, 27.889999389648438, 27.309999465942383, 26.020000457763672, 25.280000686645508, 25.739999771118164, 26.200000762939453, 26.079999923706055, 25.469999313354492, 26.030000686645508]
assets:[0, 100.0007631597519, 198.90071794300079, 268.92464613590244, 375.7423833366394, 456.363075, 576.4640536403656, 645.5697564224243, 727.8051034313203, 903.0370008411409, 995.7635837669374, 1060.4446646614074, 1175.479294656372, 1301.1552590469362, 1379.4595, 1591.6153917087554, 1703.1344181282045, 1811.2936134902955, 1945.1170176971436, 1955.598940802765, 2085.9812408138273, 2432.0327690898894, 2520.2097713731764, 2586.0117437128065, 2754.314780938339, 2784.42248574028, 2854.8104095630647, 3232.0388416528704, 3318.9349964637754, 3509.000907571983, 3750.3805500000003, 3784.3011466796875, 3960.7342777130125, 3967.2669906925203, 3913.468066155815, 3815.3505501724244, 4031.995845166588, 4133.3874, 4440.057726247787, 4713.578401072693, 4429.2234086008075, 4477.401940953064, 4426.1805, 4548.51027545929, 4553.9205629463195, 4438.814326091004, 4412.576087852669, 4592.867953159905, 4774.947519045639, 4853.078529802895, 4839.567304530144, 5045.972899107743]
shares:[0, 3.6711, 7.3831, 11.7537, 16.0163, 20.5107, 24.8155, 29.3641, 34.0414, 38.2805, 42.554, 46.9847, 51.3534, 55.6287, 59.9765, 63.9974, 67.9894, 71.9624, 75.8626, 79.9509, 83.9767, 87.5777, 91.1963, 94.8647, 98.4387, 102.1057, 105.8121, 109.1905, 112.5826, 115.8851, 119.0597, 122.2912, 125.4588, 128.7029, 132.0779, 135.6328, 139.0823, 142.5306, 145.8147, 148.9753, 152.4165, 155.8984, 159.502, 163.0875, 166.7492, 170.5924, 174.5481, 178.4331, 182.2499, 186.0843, 190.0105, 193.8522]
growth_rate:-1.06
