ticker:VIS
price:[146.38999938964844, 145.2100067138672, 147.5, 143.39999389648438, 146.4499969482422, 152.47999572753906, 153.72000122070312, 153.10000610351562, 143.19000244140625, 154.25, 162.60000610351562, 164.7899932861328, 169.08999633789062, 170.11000061035156, 169.3800048828125, 169.3699951171875, 169.41000366210938, 169.99000549316406, 174.0500030517578, 172.85000610351562, 173.47000122070312, 164.97999572753906, 174.1300048828125, 177.08999633789062, 177.9600067138672, 176.27000427246094, 180.74000549316406, 188.52000427246094, 186.72000122070312, 188.88999938964844, 190.52999877929688, 193.47999572753906, 195.05999755859375, 196.08999633789062, 196.0500030517578, 201.74000549316406, 200.19000244140625, 197.00999450683594, 200.97000122070312, 201.25, 198.52999877929688, 190.8300018310547, 196.75999450683594, 197.77000427246094, 197.85000610351562, 193.77000427246094, 197.22999572753906, 197.3300018310547, 197.58999633789062, 199.8800048828125, 195.2100067138672, 200.22999572753906]
assets:[0, 100.00613162384033, 201.58825000000002, 295.9919274017334, 402.2834966171265, 518.8436814620972, 623.057908947754, 720.549868725586, 773.9133251953125, 933.6906749999999, 1084.2331006988525, 1198.8307221572875, 1330.112638192749, 1438.1439671600342, 1531.9743921630861, 1631.8799029541015, 1732.2681104461672, 1838.2039234008787, 1982.098839753723, 2068.42688303833, 2175.8515723114015, 2169.354959820557, 2389.6731220092774, 2530.297285675049, 2642.723895701599, 2717.6251638702392, 2886.5444057296754, 3110.7874425003056, 3181.0926447967527, 3318.060618278503, 3446.87820791626, 3600.2370644989014, 3729.6446833190917, 3849.344673110962, 3948.5646914642334, 4163.167275358581, 4231.175853601074, 4263.966115109253, 4449.676797027588, 4555.877375, 4594.301819750976, 4516.106491333008, 4756.436755209351, 4880.845043441773, 4982.8128337158205, 4980.0635028060915, 5168.984005027771, 5271.611799916077, 5378.557772314453, 5540.893603356933, 5511.442203555298, 5753.168421240234]
shares:[0, 0.6887, 1.3667, 2.0641, 2.7469, 3.4027, 4.0532, 4.7064, 5.4048, 6.0531, 6.6681, 7.2749, 7.8663, 8.4542, 9.0446, 9.635, 10.2253, 10.8136, 11.3881, 11.9666, 12.5431, 13.1492, 13.7235, 14.2882, 14.8501, 15.4174, 15.9707, 16.5011, 17.0367, 17.5661, 18.091, 18.6078, 19.1205, 19.6305, 20.1406, 20.6363, 21.1358, 21.6434, 22.141, 22.6379, 23.1416, 23.6656, 24.1738, 24.6794, 25.1848, 25.7009, 26.2079, 26.7147, 27.2208, 27.7211, 28.2334, 28.7328]
growth_rate:12.81
