ticker:VMOT
price:[23.386999130249023, 23.31999969482422, 23.801000595092773, 23.437000274658203, 24.082000732421875, 24.798999786376953, 24.62700080871582, 24.288999557495117, 23.37700080871582, 24.267000198364258, 23.687999725341797, 23.979999542236328, 24.520000457763672, 24.618000030517578, 25.030000686645508, 25.94700050354004, 26.167999267578125, 26.100000381469727, 27.43000030517578, 27.235000610351562, 28.038000106811523, 27.020000457763672, 28.312000274658203, 29.225000381469727, 28.69499969482422, 26.827999114990234, 25.839000701904297, 27.136999130249023, 27.097999572753906, 26.775999069213867, 27.450000762939453, 27.81999969482422, 28.354000091552734, 28.22100067138672, 27.725000381469727, 27.639999389648438, 26.742000579833984, 27.024999618530273, 27.665000915527344, 27.785999298095703, 27.729999542236328, 26.621000289916992, 27.614999771118164, 27.65999984741211, 27.565000534057617, 26.773000717163086, 27.48900032043457, 27.649999618530273, 27.80900001525879, 28.014999389648438, 27.038999557495117, 28.163000106811523]
assets:[0, 100.0008226913452, 202.06335475215909, 298.9740940036774, 407.20255038452143, 519.3257741264343, 615.724274219513, 707.2738070146561, 780.7170206085204, 910.4396066421509, 988.7157893360138, 1100.902594984436, 1225.6935228824614, 1330.593054449463, 1452.8613838562012, 1606.0881947685243, 1719.7687622650144, 1815.2993965318678, 2007.8019613380432, 2093.527261917114, 2255.253361391449, 2273.370970514679, 2482.0762584789277, 2662.11697474823, 2713.838204637909, 2637.2647486011506, 2640.043050915527, 2872.663026530075, 2968.5343669960025, 3033.2601473579407, 3209.6132992073058, 3352.8747092201233, 3517.2314847568514, 3600.734408262634, 3637.4507375478743, 3726.29757371521, 3705.2325419387817, 3844.4440232339857, 4035.4881505477906, 4153.137193287278, 4244.766906927872, 4175.006082768059, 4430.895750775337, 4538.115322965241, 4622.529303559113, 4589.71425404377, 4812.458052598, 4940.642946837044, 5069.055112681389, 5206.604445565796, 5125.215327123642, 5438.269688025283]
shares:[0, 4.2882, 8.4897, 12.7565, 16.909, 20.9414, 25.002, 29.1191, 33.3968, 37.5176, 41.7391, 45.9092, 49.9875, 54.0496, 58.0448, 61.8988, 65.7203, 69.5517, 73.1973, 76.869, 80.4356, 84.1366, 87.6687, 91.0904, 94.5753, 98.3027, 102.1728, 105.8578, 109.5481, 113.2828, 116.9258, 120.5203, 124.0471, 127.5906, 131.1975, 134.8154, 138.5548, 142.2551, 145.8698, 149.4687, 153.0749, 156.8313, 160.4525, 164.0678, 167.6956, 171.4307, 175.0685, 178.6851, 182.2811, 185.8506, 189.549, 193.0998]
growth_rate:6.63
