ticker:VOO
price:[314.82000732421875, 306.9800109863281, 305.0, 303.2799987792969, 306.7200012207031, 318.5799865722656, 318.989990234375, 317.6499938964844, 299.82000732421875, 321.75, 329.010009765625, 326.489990234375, 334.1400146484375, 339.80999755859375, 336.54998779296875, 340.6400146484375, 339.1600036621094, 343.69000244140625, 350.4200134277344, 345.3699951171875, 351.8999938964844, 340.17999267578125, 356.44000244140625, 361.04998779296875, 358.5899963378906, 349.5899963378906, 352.69000244140625, 362.3599853515625, 359.2300109863281, 364.010009765625, 368.1600036621094, 378.25, 383.6300048828125, 383.0299987792969, 383.57000732421875, 388.0299987792969, 382.95001220703125, 381.4700012207031, 386.1300048828125, 388.5, 390.0899963378906, 382.82000732421875, 393.5, 398.75, 400.3699951171875, 396.6099853515625, 404.3800048828125, 403.1499938964844, 406.8599853515625, 409.9599914550781, 407.6099853515625, 413.8599853515625]
assets:[0, 100.0140875793457, 199.37849999999997, 298.2455507995606, 401.6191695983886, 517.1508922027588, 617.8198130859375, 715.2207262573241, 775.0647009338379, 931.7558250000001, 1052.766229248047, 1144.7065547607422, 1271.536411743164, 1393.1190469909668, 1479.742986328125, 1597.7379247070314, 1690.7804502563476, 1813.3771908813478, 1948.8959466796875, 2020.7943784301756, 2159.0120325531007, 2187.1192269104004, 2391.676772381592, 2522.6201597106933, 2605.4431953918456, 2640.0337343444826, 2763.4319761291504, 2939.210549182129, 3013.8320231719968, 3153.9283286132813, 3289.877792724609, 3480.0513, 3629.5618391967773, 3723.8942541320803, 3829.1410261169435, 3973.6600054992678, 4021.62614319458, 4106.066799139404, 4256.233817822265, 4382.3577000000005, 4500.312251751709, 4516.4338824096685, 4742.4226499999995, 4905.701625, 5025.644363708496, 5078.432218432617, 5277.92738572998, 5361.854603823852, 5511.20330357666, 5653.184298168945, 5720.765383410645, 5908.472080871582]
shares:[0, 0.3258, 0.6537, 0.9834, 1.3094, 1.6233, 1.9368, 2.2516, 2.5851, 2.8959, 3.1998, 3.5061, 3.8054, 4.0997, 4.3968, 4.6904, 4.9852, 5.2762, 5.5616, 5.8511, 6.1353, 6.4293, 6.7099, 6.9869, 7.2658, 7.5518, 7.8353, 8.1113, 8.3897, 8.6644, 8.936, 9.2004, 9.4611, 9.7222, 9.9829, 10.2406, 10.5017, 10.7638, 11.0228, 11.2802, 11.5366, 11.7978, 12.0519, 12.3027, 12.5525, 12.8046, 13.0519, 13.2999, 13.5457, 13.7896, 14.0349, 14.2765]
growth_rate:15.85
