ticker:VPC
price:[18.34000015258789, 18.625, 18.649999618530273, 17.719999313354492, 18.229000091552734, 18.46500015258789, 18.170000076293945, 17.950000762939453, 17.350000381469727, 18.2810001373291, 19.256999969482422, 19.833999633789062, 20.618999481201172, 21.179000854492188, 21.000999450683594, 20.867000579833984, 20.100000381469727, 20.209999084472656, 20.988000869750977, 21.280000686645508, 21.614999771118164, 21.184999465942383, 22.360000610351562, 22.5049991607666, 22.56999969482422, 22.68000030517578, 22.84000015258789, 23.520000457763672, 23.386999130249023, 23.25, 23.524999618530273, 24.270000457763672, 24.34000015258789, 24.304000854492188, 24.448999404907227, 24.75, 24.405000686645508, 24.530000686645508, 24.8700008392334, 25.408000946044922, 25.540000915527344, 24.9950008392334, 24.959999084472656, 25.3700008392334, 25.260000228881836, 25.045000076293945, 24.969999313354492, 24.920000076293945, 25.295000076293945, 25.549999237060547, 25.184999465942383, 25.48200035095215]
assets:[0, 99.99948750000001, 200.13314590644836, 290.1525847566605, 398.4877649013519, 503.6476511619568, 595.6017005008698, 688.3897092590332, 765.3796518281937, 906.4505951093673, 1054.8445387283325, 1186.450024093628, 1333.4080155498502, 1469.6235766937257, 1557.272411566925, 1647.337013974762, 1686.786002012825, 1796.0161356391907, 1965.1547938367844, 2092.494387518883, 2225.434984934807, 2281.1626094936373, 2507.685248451233, 2623.947872150421, 2731.5274420661926, 2844.840890279388, 2964.9106678077696, 3153.182989369583, 3235.3527822788237, 3316.400925, 3455.627186465263, 3665.061309127808, 3775.6329936695097, 3870.047576065064, 3993.135272706413, 4142.296125, 4184.554632734298, 4305.986508533478, 4465.669785693169, 4662.274163995742, 4786.494989580536, 4784.355598139763, 4877.655565088654, 5057.778589310074, 5135.8480905361175, 5192.134064816665, 5276.5853449001315, 5366.01863242836, 5546.76856072998, 5702.685734714127, 5721.2184031793595, 5888.686425102234]
shares:[0, 5.3691, 10.731, 16.3743, 21.8601, 27.2758, 32.7794, 38.3504, 44.1141, 49.5843, 54.7772, 59.819, 64.6689, 69.3906, 74.1523, 78.9446, 83.9197, 88.8677, 93.6323, 98.3315, 102.9579, 107.6782, 112.1505, 116.594, 121.0247, 125.4339, 129.8122, 134.0639, 138.3398, 142.6409, 146.8917, 151.012, 155.1205, 159.235, 163.3251, 167.3655, 171.463, 175.5396, 179.5605, 183.4963, 187.4117, 191.4125, 195.4189, 199.3606, 203.3194, 207.3122, 211.317, 215.3298, 219.2832, 223.1971, 227.1677, 231.092]
growth_rate:15.46
