ticker:VPOP
price:[12.562000274658203, 13.166999816894531, 12.472999572753906, 12.98900032043457, 12.6850004196167, 13.22599983215332, 13.531000137329102, 13.831999778747559, 13.093999862670898, 11.692999839782715, 12.119999885559082, 11.692999839782715, 10.930999755859375, 11.38700008392334, 12.184000015258789, 12.194000244140625, 11.86400032043457, 11.574000358581543, 10.901000022888184, 10.553000450134277, 10.847999572753906, 11.409000396728516, 11.26099967956543, 11.588000297546387, 11.545999526977539, 12.154000282287598, 12.345999717712402, 12.116999626159668, 11.505000114440918, 12.777999877929688, 12.303999900817871, 12.37399959564209, 12.17199993133545, 12.062999725341797, 12.293999671936035, 12.673999786376953, 12.673600196838379]
assets:[0, 99.99941350936889, 194.72846932983398, 302.78398866958617, 395.69717158956524, 512.573623495102, 624.3934137371064, 738.2829881906509, 798.8924290212631, 813.4141794546127, 943.1177910947799, 1009.8904864624976, 1044.0788140808106, 1187.633363852978, 1370.758484916687, 1471.8841158691407, 1532.051749379158, 1594.6032698034285, 1601.8812414633753, 1650.7435977118494, 1796.8886844299318, 1989.8140957923888, 2064.0016048683165, 2223.9365707042693, 2315.875802322006, 2537.826967543316, 2677.917710970211, 2728.2466720266343, 2690.450029262066, 3088.142287498474, 3073.587160823917, 3191.0738353219986, 3238.9813537282944, 3309.976145036316, 3473.3597985137944, 3680.719647960663, 3780.6033761579515]
shares:[0, 7.5947, 15.612, 23.3108, 31.1941, 38.755, 46.1454, 53.375, 61.0121, 69.5642, 77.815, 86.3671, 95.5154, 104.2973, 112.5048, 120.7056, 129.1345, 137.7746, 146.9481, 156.4241, 165.6424, 174.4074, 183.2876, 191.9172, 200.5782, 208.8059, 216.9057, 225.1586, 233.8505, 241.6765, 249.8039, 257.8854, 266.101, 274.3908, 282.5248, 290.415, 298.3054]
growth_rate:5.02
