ticker:VTRN
price:[27.09000015258789, 27.64699935913086, 27.64699935913086, 27.64699935913086, 27.64699935913086, 27.64699935913086, 27.64699935913086, 28.09000015258789, 28.09000015258789, 29.090999603271484, 28.968000411987305, 28.05500030517578, 28.8799991607666, 29.1560001373291, 29.270000457763672, 29.270000457763672, 29.270000457763672, 29.270000457763672, 30.815000534057617, 31.006999969482422, 31.349000930786133, 31.349000930786133, 31.349000930786133, 31.349000930786133, 32.25, 33.40599822998047, 32.41400146484375, 32.41400146484375, 33.040000915527344, 33.185001373291016, 32.79399871826172, 32.72999954223633, 32.2130012512207, 32.33000183105469, 32.33000183105469, 32.70000076293945, 32.70000076293945, 32.70000076293945, 32.70000076293945, 32.70000076293945, 32.70000076293945, 32.70000076293945, 32.70000076293945, 32.70000076293945]
assets:[0, 99.99919668197631, 199.99839336395263, 299.997590045929, 399.99678672790526, 499.9959834098816, 599.995180091858, 709.6095838546753, 809.6099843978882, 938.4611017017365, 1034.4936435127258, 1101.8881919860842, 1234.2907321323394, 1346.085876740265, 1451.3500456981658, 1551.3510022621153, 1651.3519588260651, 1751.3529153900147, 1943.7979076881409, 2055.909830876541, 2178.5862800846103, 2278.586458153725, 2378.5866362228394, 2478.586814291954, 2649.824475, 2844.808040867615, 2860.3314210632325, 2960.331856982422, 3117.502502384949, 3231.183761715698, 3293.111042690277, 3386.6843346336364, 3433.1875834522243, 3545.6571648132326, 3645.657093476868, 3787.3794883651735, 3887.3793606983186, 3987.3792330314636, 4087.379105364609, 4187.378977697754, 4287.378850030899, 4387.378722364045, 4487.378594697189, 4587.378467030335]
shares:[0, 3.617, 7.234, 10.851, 14.468, 18.085, 21.702, 25.262, 28.822, 32.2595, 35.7116, 39.276, 42.7386, 46.1684, 49.5849, 53.0014, 56.4179, 59.8344, 63.0796, 66.3047, 69.4946, 72.6845, 75.8744, 79.0643, 82.1651, 85.1586, 88.2437, 91.3288, 94.3554, 97.3688, 100.4181, 103.4734, 106.5777, 109.6708, 112.7639, 115.822, 118.8801, 121.9382, 124.9963, 128.0544, 131.1125, 134.1706, 137.2287, 140.2868]
growth_rate:6.68
