ticker:WCBR
price:[24.540000915527344, 25.649999618530273, 25.764999389648438, 25.149999618530273, 22.509000778198242, 21.110000610351562, 22.329999923706055, 21.68000030517578, 21.1299991607666, 21.690000534057617, 22.038000106811523, 22.79400062561035, 22.88599967956543, 22.709999084472656, 21.165000915527344, 21.389999389648438, 22.1200008392334, 22.75, 22.229999542236328, 23.670000076293945, 24.290000915527344, 24.770000457763672, 24.594999313354492, 25.209999084472656, 24.4950008392334, 25.940000534057617, 25.613000869750977, 25.915000915527344, 26.200000762939453, 25.709999084472656, 27.760000228881836, 27.709999084472656, 27.709999084472656]
assets:[0, 99.99908851280213, 200.44654225158692, 295.6608805154801, 364.61430000572204, 441.9526397781372, 567.4946180610657, 650.9745291633606, 734.4597538290024, 853.9244760255814, 967.6246744897842, 1100.8180250133514, 1205.2614213247298, 1295.991517753601, 1307.8235035720825, 1421.7269504318235, 1570.2479835752488, 1714.9700750000002, 1775.7701544330596, 1990.8008614168166, 2142.946466770935, 2285.2926272335053, 2369.14774185791, 2528.3889591789243, 2556.6804095954894, 2807.50441580143, 2872.113852529526, 3005.9794331954954, 3139.0378114082337, 3180.329457749176, 3533.914653137207, 3627.549232147217, 3727.549076843262]
shares:[0, 3.8986, 7.7798, 11.7559, 16.1986, 20.9357, 25.414, 30.0265, 34.7591, 39.3695, 43.9071, 48.2942, 52.6637, 57.067, 61.7918, 66.4669, 70.9877, 75.3833, 79.8817, 84.1065, 88.2234, 92.2605, 96.3264, 100.2931, 104.3756, 108.2307, 112.135, 115.9938, 119.8106, 123.7001, 127.3024, 130.9112, 134.52]
growth_rate:16.49
