ticker:WCLD
price:[41.150001525878906, 39.790000915527344, 40.29999923706055, 42.15999984741211, 43.08000183105469, 46.66999816894531, 47.189998626708984, 45.470001220703125, 42.029998779296875, 46.66999816894531, 44.22999954223633, 46.15999984741211, 48.5099983215332, 49.5099983215332, 50.75, 54.880001068115234, 56.0, 53.58000183105469, 54.72999954223633, 53.90999984741211, 56.150001525878906, 53.7400016784668, 58.70000076293945, 60.400001525878906, 59.790000915527344, 53.150001525878906, 48.540000915527344, 50.66999816894531, 48.83000183105469, 47.540000915527344, 49.5099983215332, 50.7400016784668, 51.97999954223633, 51.86000061035156, 51.2599983215332, 46.90999984741211, 46.130001068115234, 47.84000015258789, 49.560001373291016, 49.290000915527344, 52.4900016784668, 55.279998779296875, 56.5099983215332, 56.369998931884766, 57.38999938964844, 54.4900016784668, 58.20000076293945, 57.36000061035156, 58.70000076293945, 58.060001373291016, 57.04999923706055, 60.849998474121094]
assets:[0, 100.00023030090331, 201.28237618942262, 310.5716388759613, 417.35044173889156, 552.1294133377075, 658.2816048431397, 734.2905027130128, 778.7402233825683, 964.7108651504517, 1014.273503502655, 1158.5329081703185, 1317.5121504135132, 1444.672045023346, 1580.85235, 1809.5033952178956, 1946.4312, 1962.3193450607298, 2104.439631398392, 2172.907235849762, 2363.190729219818, 2361.760219765091, 2679.74308482933, 2857.348912184906, 2928.490328842163, 2703.2675426078795, 2568.7999504508975, 2781.5244824844362, 2780.5170282653808, 2807.061156058502, 3023.3825085025787, 3198.4924118053436, 3376.6571562633517, 3468.8635808258055, 3528.7280324546814, 3329.2730541706087, 3373.915987121201, 3598.984075479126, 3828.3812500831605, 3907.523970579529, 4261.206573260116, 4587.703682693482, 4789.781806733322, 4877.915850571823, 5066.182542120361, 4910.181235249328, 5344.4944300605775, 5367.358809112548, 5592.748232690429, 5631.77368520813, 5633.801524658203, 6109.059936808777]
shares:[0, 2.5132, 4.9946, 7.3665, 9.6878, 11.8305, 13.9496, 16.1489, 18.5282, 20.6709, 22.9318, 25.0982, 27.1596, 29.1794, 31.1498, 32.972, 34.7577, 36.6241, 38.4513, 40.3062, 42.0871, 43.9479, 45.6515, 47.3071, 48.9796, 50.8611, 52.9213, 54.8949, 56.9428, 59.0463, 61.0661, 63.0369, 64.9607, 66.889, 68.8398, 70.9715, 73.1393, 75.2296, 77.2474, 79.2762, 81.1813, 82.9903, 84.7599, 86.5339, 88.2764, 90.1116, 91.8298, 93.5732, 95.2768, 96.9992, 98.752, 100.3954]
growth_rate:19.79
