ticker:WFH
price:[53.58000183105469, 52.3849983215332, 52.790000915527344, 53.2400016784668, 54.5, 57.709999084472656, 58.720001220703125, 57.45000076293945, 53.77000045776367, 58.209999084472656, 57.11000061035156, 58.68000030517578, 61.70000076293945, 63.380001068115234, 64.30000305175781, 67.55999755859375, 68.4280014038086, 67.5199966430664, 68.9800033569336, 68.51000213623047, 70.78199768066406, 68.12000274658203, 73.41000366210938, 75.91999816894531, 75.00299835205078, 70.01000213623047, 66.71600341796875, 69.97000122070312, 68.8499984741211, 68.44000244140625, 69.61000061035156, 70.54000091552734, 72.20999908447266, 72.12000274658203, 71.83000183105469, 70.15699768066406, 68.5260009765625, 69.70999908447266, 71.18000030517578, 71.89199829101562, 74.73100280761719, 74.37000274658203, 76.02899932861328, 76.03099822998047, 76.37000274658203, 73.7979965209961, 76.31500244140625, 75.83499908447266, 76.64099884033203, 76.33999633789062, 74.76000213623047, 78.64399719238281]
assets:[0, 99.99772329597474, 200.7709314819336, 302.4830695362091, 409.6438, 533.7713235321045, 643.1131973693847, 729.2013696838379, 782.4933086616516, 947.1057901039122, 1029.2078759994506, 1157.504082019806, 1317.0728962860107, 1452.9358204856871, 1574.0254947052001, 1753.8305126220703, 1876.3642264938353, 1951.4629429779054, 2093.6603678886413, 2179.392230956268, 2351.668169142151, 2363.2259472846986, 2646.74629503479, 2837.2442115707395, 2902.976050616455, 2809.725417733765, 2777.527325897217, 3012.9992135650637, 3064.7681770774843, 3146.515424243164, 3300.307582937622, 3444.397704704285, 3625.938452027893, 3721.4209897247315, 3806.458555032349, 3817.803499786377, 3829.0479143676757, 3995.20552552948, 4179.454723918915, 4321.26266567688, 4591.906252316284, 4669.722220458984, 4873.892222260284, 4974.023935203552, 5096.200831280517, 5024.573492130279, 5295.948277923584, 5362.64162625885, 5519.638751881409, 5597.958493460083, 5582.0976035057065, 5972.107180793762]
shares:[0, 1.9089, 3.8032, 5.6815, 7.5164, 9.2492, 10.9522, 12.6928, 14.5526, 16.2705, 18.0215, 19.7257, 21.3464, 22.9242, 24.4794, 25.9596, 27.421, 28.902, 30.3517, 31.8113, 33.2241, 34.6921, 36.0543, 37.3715, 38.7048, 40.1332, 41.6321, 43.0613, 44.5137, 45.9748, 47.4114, 48.829, 50.2138, 51.6004, 52.9926, 54.418, 55.8773, 57.3118, 58.7167, 60.1077, 61.4458, 62.7904, 64.1057, 65.421, 66.7304, 68.0855, 69.3959, 70.7146, 72.0194, 73.3293, 74.6669, 75.9385]
growth_rate:17.1
