ticker:WUGI
price:[42.790000915527344, 41.32899856567383, 41.369998931884766, 41.970001220703125, 43.130001068115234, 45.882999420166016, 45.84199905395508, 45.28200149536133, 43.207000732421875, 48.07099914550781, 46.21099853515625, 47.130001068115234, 48.22999954223633, 49.29499816894531, 48.9739990234375, 50.59199905395508, 50.099998474121094, 50.32600021362305, 52.80500030517578, 52.40299987792969, 56.119998931884766, 53.16999816894531, 57.70000076293945, 61.1349983215332, 59.880001068115234, 53.900001525878906, 50.77000045776367, 51.763999938964844, 50.59000015258789, 49.54999923706055, 52.20000076293945, 53.35599899291992, 53.36000061035156, 53.88600158691406, 53.0099983215332, 50.895999908447266, 48.1150016784668, 50.016998291015625, 51.9010009765625, 52.784000396728516, 54.029998779296875, 55.4739990234375, 56.803001403808594, 57.275001525878906, 56.65999984741211, 54.78799819946289, 56.733001708984375, 55.90299987792969, 57.46699905395508, 57.37099838256836, 56.26300048828125, 59.520999908447266]
assets:[0, 99.9996449295044, 200.09841083374025, 303.0024238128662, 411.3782631877899, 537.6386340057372, 637.1579448509216, 729.375310886383, 795.9507260925293, 985.5564315811157, 1047.423113897705, 1168.2537534763337, 1295.5204867038726, 1424.1275676010132, 1514.853942993164, 1664.9017416671752, 1748.7103867401124, 1856.5966042808532, 2048.0524978363037, 2132.461475532532, 2383.719402631378, 2358.419072781372, 2659.3526451633456, 2917.6677948951724, 2957.7726527595523, 2762.3912482017518, 2701.9794243621827, 2854.8777718338015, 2890.1308237171174, 2930.718939874649, 3187.457326586914, 3358.045166217804, 3458.2989915573116, 3592.3911247940064, 3633.989113936233, 3589.068852743912, 3492.961473350144, 3731.0379943176267, 3971.573586828613, 4139.141845510101, 4336.847524017334, 4552.751099853515, 4761.824009181976, 4901.394168079376, 4948.76371067276, 4885.259520252228, 5158.686458996582, 5183.214342681885, 5428.223543338394, 5519.153152501297, 5512.564393341065, 5931.7795214759835]
shares:[0, 2.4196, 4.8368, 7.2195, 9.5381, 11.7176, 13.899, 16.1074, 18.4218, 20.5021, 22.6661, 24.7879, 26.8613, 28.8899, 30.9318, 32.9084, 34.9044, 36.8914, 38.7852, 40.6935, 42.4754, 44.3562, 46.0893, 47.725, 49.395, 51.2503, 53.22, 55.1518, 57.1285, 59.1467, 61.0624, 62.9366, 64.8107, 66.6665, 68.5529, 70.5177, 72.5961, 74.5954, 76.5221, 78.4166, 80.2674, 82.07, 83.8305, 85.5765, 87.3414, 89.1666, 90.9292, 92.718, 94.4581, 96.2011, 97.9785, 99.6586]
growth_rate:16.31
