ticker:XAR
price:[89.81999969482422, 87.66999816894531, 91.2300033569336, 87.20999908447266, 89.36000061035156, 92.0999984741211, 92.55999755859375, 92.45999908447266, 85.12000274658203, 90.44999694824219, 101.37000274658203, 104.12999725341797, 109.54000091552734, 114.44999694824219, 114.93000030517578, 111.75, 113.3499984741211, 114.73999786376953, 114.01000213623047, 118.22000122070312, 119.30999755859375, 111.7699966430664, 121.95999908447266, 125.95999908447266, 124.95999908447266, 119.16999816894531, 119.7300033569336, 127.16999816894531, 125.12000274658203, 124.05000305175781, 126.48999786376953, 128.10000610351562, 127.7300033569336, 127.37999725341797, 128.0800018310547, 126.86000061035156, 124.55999755859375, 123.5999984741211, 129.57000732421875, 132.11000061035156, 133.44000244140625, 129.83999633789062, 136.44000244140625, 132.60000610351562, 132.5399932861328, 124.70999908447266, 126.87000274658203, 127.31999969482422, 125.66000366210938, 122.80000305175781, 119.4000015258789, 123.38999938964844]
assets:[0, 99.99639991149903, 204.05414850845335, 295.0663109024048, 402.34340274810796, 514.682421472931, 617.2548557189941, 716.58348490448, 759.6960245132447, 907.2677393890381, 1116.8034572593688, 1247.2066291030883, 1412.0034738014222, 1575.2897579956054, 1681.897117465973, 1735.36575, 1860.2094949584962, 1983.0169610801695, 2070.398836793518, 2246.8538772003176, 2367.5756605529787, 2317.953252381897, 2629.2746402626035, 2815.5082835357666, 2893.16137080307, 2859.1027620697023, 2972.5367933425905, 3257.243314100647, 3304.732072544098, 3376.467413064575, 3542.8836481658936, 3687.9735557189942, 3777.32107027359, 3866.9764806198123, 3988.2319450164796, 4050.2465534866333, 4076.811352093506, 4145.395628823852, 4445.62469329834, 4632.7674464035035, 4779.4072234436035, 4750.468930014038, 5091.940891113281, 5048.625892385864, 5146.342383309937, 4942.319618717193, 5127.920580013275, 5246.1059994255065, 5277.707587808227, 5257.5838906585695, 5212.013046607208, 5486.178491862488]
shares:[0, 1.1406, 2.2367, 3.3834, 4.5025, 5.5883, 6.6687, 7.7502, 8.925, 10.0306, 11.0171, 11.9774, 12.8903, 13.764, 14.6341, 15.529, 16.4112, 17.2827, 18.1598, 19.0057, 19.8439, 20.7386, 21.5585, 22.3524, 23.1527, 23.9918, 24.827, 25.6133, 26.4125, 27.2186, 28.0092, 28.7898, 29.5727, 30.3578, 31.1386, 31.9269, 32.7297, 33.5388, 34.3106, 35.0675, 35.8169, 36.5871, 37.32, 38.0741, 38.8286, 39.6305, 40.4187, 41.2041, 41.9999, 42.8142, 43.6517, 44.4621]
growth_rate:7.57
