ticker:XBI
price:[105.29000091552734, 104.44000244140625, 116.23999786376953, 110.80999755859375, 110.36000061035156, 120.25, 120.62000274658203, 117.62999725341797, 112.7699966430664, 119.87000274658203, 125.04000091552734, 126.04000091552734, 131.4600067138672, 136.1999969482422, 142.27000427246094, 147.5500030517578, 150.00999450683594, 140.77999877929688, 149.5399932861328, 151.72999572753906, 152.55999755859375, 152.8800048828125, 166.77999877929688, 164.32000732421875, 159.07000732421875, 148.0, 138.77000427246094, 146.50999450683594, 145.07000732421875, 133.05999755859375, 137.02999877929688, 129.6300048828125, 131.5500030517578, 134.3000030517578, 136.6199951171875, 127.73999786376953, 126.91999816894531, 126.66999816894531, 128.10000610351562, 126.76000213623047, 135.8300018310547, 133.5800018310547, 138.67999267578125, 136.52999877929688, 133.8000030517578, 125.94000244140625, 126.51000213623047, 123.41000366210938, 127.29000091552734, 124.62000274658203, 122.12999725341797, 132.02999877929688]
assets:[0, 100.0013023376465, 211.30106811676026, 301.42535535888675, 400.1984702133179, 536.0624750000001, 637.7058925209045, 721.895293144226, 792.0739024215698, 941.9384815826415, 1082.5588159263611, 1191.2166526527405, 1342.443296560669, 1490.845166595459, 1657.2890527694701, 1818.7898676177977, 1949.1098606262208, 1929.1787132720947, 2149.218691506958, 2280.6990847793577, 2393.1781697021484, 2498.196871789551, 2825.336569320679, 2883.6682405334473, 2891.542779138184, 2790.318, 2716.2979406295776, 2967.7943547271725, 3038.621866412354, 2887.0559910278316, 3073.1991886230467, 3007.234631274414, 3151.780213116455, 3317.666695388794, 3474.9842238037113, 3349.112811991882, 3427.614162550354, 3520.868601104736, 3660.611394415283, 3722.3201387306217, 4088.659634117126, 4120.929698487854, 4378.26604876709, 4410.383162567139, 4422.197140863037, 4262.414194628906, 4381.711876988983, 4374.341625805664, 4611.869481170655, 4615.12733371582, 4622.913508035279, 5097.651846868896]
shares:[0, 0.9575, 1.8178, 2.7202, 3.6263, 4.4579, 5.2869, 6.137, 7.0238, 7.858, 8.6577, 9.4511, 10.2118, 10.946, 11.6489, 12.3266, 12.9932, 13.7035, 14.3722, 15.0313, 15.6868, 16.3409, 16.9405, 17.5491, 18.1778, 18.8535, 19.5741, 20.2566, 20.9459, 21.6974, 22.4272, 23.1986, 23.9588, 24.7034, 25.4354, 26.2182, 27.0061, 27.7956, 28.5762, 29.3651, 30.1013, 30.8499, 31.571, 32.3034, 33.0508, 33.8448, 34.6353, 35.4456, 36.2312, 37.0336, 37.8524, 38.6098]
growth_rate:-0.05
