ticker:XES
price:[34.7599983215332, 30.75, 32.5099983215332, 27.309999465942383, 28.0, 29.709999084472656, 28.059999465942383, 29.479999542236328, 27.360000610351562, 28.700000762939453, 33.86000061035156, 37.59000015258789, 42.209999084472656, 45.68000030517578, 47.25, 45.63999938964844, 45.150001525878906, 44.84000015258789, 51.31999969482422, 52.869998931884766, 51.029998779296875, 48.310001373291016, 52.86000061035156, 53.369998931884766, 54.400001525878906, 57.709999084472656, 64.55999755859375, 64.1500015258789, 57.150001525878906, 54.720001220703125, 55.08000183105469, 51.06999969482422, 50.97999954223633, 48.91999816894531, 50.5099983215332, 59.72999954223633, 59.47999954223633, 58.380001068115234, 58.65999984741211, 67.93000030517578, 65.5, 61.7599983215332, 64.66000366210938, 64.27999877929688, 60.709999084472656, 53.119998931884766, 52.4900016784668, 52.970001220703125, 51.529998779296875, 50.439998626708984, 45.970001220703125, 52.959999084472656]
assets:[0, 99.999, 205.7232693786621, 272.8187016649246, 379.7108, 502.9011545028686, 574.9718370567322, 704.067881067276, 753.4369608078003, 890.3371636680604, 1150.4104507369993, 1377.1397275901795, 1646.3967932899475, 1881.7419325714113, 2046.4164, 2076.6884322280885, 2154.3910178092956, 2239.601067621231, 2663.2565161628722, 2843.69219754982, 2844.7234149505616, 2793.0958703983306, 3156.1596304428103, 3286.609926223755, 3450.037216770935, 3759.9564863510136, 4306.248677154541, 4378.898349156952, 4001.0773218269346, 3930.9535596923824, 4056.8128828628537, 3861.4639609252927, 3954.6613084899905, 3894.863494216919, 4121.45423104248, 4973.776791881562, 5052.956817111969, 5059.5086305683135, 5183.772454515839, 6102.960294417571, 5984.6433, 5742.926371923065, 6112.594650195313, 6176.671510702515, 5933.63139351883, 5291.803669594574, 5329.042171406174, 5477.776142236328, 5428.860573394775, 5414.027692596435, 5034.234594680786, 5899.717418010712]
shares:[0, 3.252, 6.328, 9.9897, 13.5611, 16.927, 20.4908, 23.8829, 27.5379, 31.0222, 33.9755, 36.6358, 39.0049, 41.194, 43.3104, 45.5015, 47.7163, 49.9465, 51.8951, 53.7865, 55.7461, 57.8161, 59.7079, 61.5816, 63.4198, 65.1526, 66.7015, 68.2603, 70.0101, 71.8376, 73.6531, 75.6112, 77.5728, 79.617, 81.5968, 83.271, 84.9522, 86.6651, 88.3698, 89.8419, 91.3686, 92.9878, 94.5344, 96.0901, 97.7373, 99.6198, 101.5249, 103.4128, 105.3534, 107.336, 109.5113, 111.3995]
growth_rate:15.68
