ticker:XHB
price:[51.310001373291016, 52.4900016784668, 53.15999984741211, 51.970001220703125, 55.099998474121094, 56.939998626708984, 57.31999969482422, 55.81999969482422, 51.97999954223633, 56.709999084472656, 56.04999923706055, 57.150001525878906, 57.91999816894531, 56.72999954223633, 56.540000915527344, 59.40999984741211, 59.369998931884766, 57.63999938964844, 58.650001525878906, 60.4900016784668, 63.560001373291016, 60.29999923706055, 63.61000061035156, 65.05999755859375, 64.4000015258789, 62.040000915527344, 63.18000030517578, 66.08999633789062, 68.08000183105469, 70.83999633789062, 71.58999633789062, 73.75, 75.11000061035156, 75.12000274658203, 75.3499984741211, 79.37999725341797, 75.9800033569336, 72.58999633789062, 74.97000122070312, 73.55999755859375, 72.55999755859375, 70.12999725341797, 72.19999694824219, 73.95999908447266, 73.20999908447266, 70.93000030517578, 74.3499984741211, 75.38999938964844, 75.76000213623047, 77.51000213623047, 76.20999908447266, 78.63999938964844]
assets:[0, 99.99870219764709, 201.27439142227172, 296.76949497070314, 414.64401851730344, 528.4885972537994, 632.0160486351012, 715.4784280883789, 766.2579652519227, 935.9871928894042, 1025.0928310466768, 1145.2117355766295, 1260.6403441467285, 1334.737756229782, 1430.269787159729, 1602.8699138832094, 1701.7935233833314, 1752.2041054458618, 1882.9055139869693, 2041.9791336605072, 2245.6129845191954, 2230.4366717796324, 2452.8715945358276, 2608.782288104248, 2682.3180235542295, 2684.0241516082765, 2833.345021685791, 3063.84631322937, 3256.103095574951, 3488.104747680664, 3625.0310545654297, 3834.402625, 4005.11309554596, 4105.646190113068, 4218.213474578857, 4543.822174781799, 4449.199046573639, 4350.688689511108, 4593.3370047912595, 4606.944951098632, 4644.318739733887, 4588.781045284271, 4824.223296089172, 5041.823553588867, 5090.693891338348, 5032.1501506507875, 5374.783694693756, 5549.962968067932, 5677.204552082062, 5908.347181838227, 5909.254740010834, 6197.673399897766]
shares:[0, 1.9051, 3.7862, 5.7104, 7.5253, 9.2815, 11.0261, 12.8176, 14.7414, 16.5048, 18.2889, 20.0387, 21.7652, 23.5279, 25.2966, 26.9798, 28.6642, 30.3991, 32.1041, 33.7573, 35.3306, 36.989, 38.5611, 40.0981, 41.6509, 43.2628, 44.8456, 46.3587, 47.8276, 49.2392, 50.636, 51.9919, 53.3233, 54.6545, 55.9816, 57.2414, 58.5575, 59.9351, 61.269, 62.6284, 64.0066, 65.4325, 66.8175, 68.1696, 69.5355, 70.9453, 72.2903, 73.6167, 74.9367, 76.2269, 77.5391, 78.8107]
growth_rate:21.52
