ticker:XHE
price:[93.79000091552734, 93.97000122070312, 95.73999786376953, 94.37999725341797, 96.18000030517578, 102.73999786376953, 102.23999786376953, 103.37999725341797, 97.38999938964844, 102.55999755859375, 105.70999908447266, 105.0199966430664, 106.16000366210938, 108.02999877929688, 108.19999694824219, 112.58999633789062, 114.30000305175781, 113.83999633789062, 118.79000091552734, 119.19999694824219, 122.44000244140625, 118.54000091552734, 125.1500015258789, 128.9600067138672, 124.7699966430664, 120.4000015258789, 116.19999694824219, 120.11000061035156, 119.61000061035156, 117.5, 119.87999725341797, 121.5999984741211, 123.54000091552734, 126.26000213623047, 125.81999969482422, 122.66999816894531, 117.0, 119.61000061035156, 121.06999969482422, 119.9000015258789, 124.95999908447266, 125.72000122070312, 130.77000427246094, 128.88999938964844, 128.00999450683594, 122.58000183105469, 126.69999694824219, 129.77000427246094, 128.61000061035156, 123.37999725341797, 124.87000274658203, 128.77999877929688]
assets:[0, 100.00287529907227, 201.8869334953308, 299.01470729827884, 404.7158232841492, 532.3164769317626, 629.7268188423157, 736.7478884262085, 794.0596210235595, 936.2086817138671, 1064.9648147766113, 1158.013494984436, 1270.5866198303222, 1392.9712132598877, 1495.1616578292846, 1655.827299142456, 1780.9769275512695, 1873.8063397216797, 2055.280837840271, 2162.371384638977, 2321.144102282715, 2347.2105581283568, 2578.0900314331057, 2756.5717275115967, 2767.0117385536196, 2770.103035106659, 2773.473147160339, 2966.8010920761108, 3054.4566635864257, 3100.57825, 3263.3852732322694, 3410.211157207489, 3564.6231864166257, 3743.1040233306885, 3830.061446710205, 3834.1734627685546, 3756.9519, 3940.766768109131, 4088.872885693359, 4149.355372805786, 4424.471183583832, 4551.378344192505, 4834.200901940918, 4864.708135963439, 4931.495431379699, 4822.309530033875, 5084.3948575347895, 5307.5931747436525, 5360.143300437928, 5242.169323303223, 5405.47257489624, 5674.729280209351]
shares:[0, 1.0642, 2.1087, 3.1682, 4.2079, 5.1812, 6.1593, 7.1266, 8.1534, 9.1284, 10.0744, 11.0266, 11.9686, 12.8943, 13.8185, 14.7067, 15.5816, 16.46, 17.3018, 18.1407, 18.9574, 19.801, 20.6, 21.3754, 22.1769, 23.0075, 23.8681, 24.7007, 25.5368, 26.3879, 27.2221, 28.0445, 28.854, 29.646, 30.4408, 31.256, 32.1107, 32.9468, 33.7728, 34.6068, 35.4071, 36.2025, 36.9672, 37.7431, 38.5243, 39.3401, 40.1294, 40.9, 41.6775, 42.488, 43.2888, 44.0653]
growth_rate:11.27
