ticker:XHS
price:[76.62999725341797, 74.8499984741211, 75.93000030517578, 74.33000183105469, 77.44999694824219, 80.83999633789062, 82.13999938964844, 82.87000274658203, 78.22000122070312, 85.58999633789062, 89.33000183105469, 88.25, 90.20999908447266, 92.68000030517578, 92.79000091552734, 95.5, 96.36000061035156, 96.7699966430664, 103.16000366210938, 102.97000122070312, 105.2699966430664, 103.33999633789062, 107.47000122070312, 109.43000030517578, 105.33000183105469, 101.87000274658203, 101.0, 107.47000122070312, 107.13999938964844, 105.97000122070312, 107.0199966430664, 107.30999755859375, 108.7699966430664, 110.56999969482422, 109.98999786376953, 112.54000091552734, 109.31999969482422, 110.58999633789062, 112.69000244140625, 112.54000091552734, 115.08999633789062, 112.26000213623047, 115.45999908447266, 115.08000183105469, 114.16999816894531, 109.83999633789062, 112.04000091552734, 111.97000122070312, 110.94999694824219, 107.33999633789062, 107.0, 110.0]
assets:[0, 99.99959796142579, 201.44229080963134, 297.20107932128906, 409.6795038574219, 527.610320098877, 636.0921552734375, 741.7445335838318, 800.1202144866944, 975.5119832611085, 1118.1346999191285, 1204.6125, 1331.3642714881896, 1467.8195048332216, 1569.561423486328, 1715.3996499999998, 1830.8496475967406, 1938.6417277488708, 2166.659240914917, 2262.6731038238527, 2413.209403045654, 2468.9681905059815, 2667.641864300537, 2816.290487854004, 2810.7732308624268, 2818.437365989685, 2894.3671, 3179.7794081176758, 3270.01992137146, 3334.314297409058, 3467.3515732383726, 3576.7495286254884, 3725.4158930236817, 3887.0662252716065, 3966.6792829589845, 4158.645637831115, 4139.653224443817, 4287.740043014527, 4469.1615378234865, 4563.215687122345, 4766.613324328614, 4749.40636237793, 4984.789178473663, 5068.38796464386, 5128.310811752319, 5033.813256170654, 5234.632086774444, 5331.362032122803, 5382.794576942444, 5307.651532919312, 5390.8419, 5641.987999999999]
shares:[0, 1.336, 2.653, 3.9984, 5.2896, 6.5266, 7.744, 8.9507, 10.2291, 11.3975, 12.5169, 13.65, 14.7585, 15.8375, 16.9152, 17.9623, 19.0001, 20.0335, 21.0029, 21.9741, 22.924, 23.8917, 24.8222, 25.736, 26.6854, 27.667, 28.6571, 29.5876, 30.521, 31.4647, 32.3991, 33.331, 34.2504, 35.1548, 36.064, 36.9526, 37.8673, 38.7715, 39.6589, 40.5475, 41.4164, 42.3072, 43.1733, 44.0423, 44.9182, 45.8286, 46.7211, 47.6142, 48.5155, 49.4471, 50.3817, 51.2908]
growth_rate:10.63
