ticker:XITK
price:[162.32899475097656, 157.1840057373047, 161.4550018310547, 165.97999572753906, 172.2100067138672, 182.47000122070312, 183.9499969482422, 181.11700439453125, 169.4669952392578, 190.3699951171875, 180.2220001220703, 189.19000244140625, 198.0, 200.47000122070312, 204.60899353027344, 218.18899536132812, 221.0970001220703, 215.08999633789062, 221.36500549316406, 219.63999938964844, 230.42999267578125, 222.4199981689453, 246.3699951171875, 262.1499938964844, 256.3599853515625, 231.94000244140625, 216.4199981689453, 224.47000122070312, 218.75, 206.7259979248047, 214.52000427246094, 218.947998046875, 219.4199981689453, 220.91000366210938, 216.16700744628906, 201.13999938964844, 195.52499389648438, 201.08999633789062, 208.4949951171875, 206.93800354003906, 216.27000427246094, 220.47999572753906, 228.43499755859375, 225.7449951171875, 225.36500549316406, 214.36300659179688, 225.7969970703125, 222.38499450683594, 219.81199645996094, 215.947998046875, 210.56500244140625, 224.18499755859375]
assets:[0, 100.00046445007324, 202.72290029907228, 308.40743006134034, 419.9857643737793, 545.0013996459961, 649.4170692260742, 739.4101704406737, 791.8514819549561, 989.5241976196288, 1036.781122302246, 1188.3780813354492, 1343.727, 1460.4840998931886, 1590.6303157043458, 1796.1972665130615, 1920.1390072601318, 1967.9659214935302, 2125.3696907409667, 2208.8096538619993, 2417.3258381652836, 2433.2970219680783, 2795.3139645996093, 3074.3640534210203, 3106.4677584960937, 2910.5455086364746, 2815.7973121765135, 3020.5356774261477, 3043.5562499999996, 2976.2548647232056, 3188.4751795028687, 3354.283330078125, 3461.5040651138306, 3585.015903430176, 3608.0435212860107, 3457.234537509155, 3460.7141819702147, 3659.2145543609618, 3893.9567763061523, 3964.8700664260864, 4243.671650834655, 4426.290250227356, 4686.001322418213, 4730.82499017334, 4822.85619055481, 4687.411556240845, 5037.440685839843, 5061.326805479431, 5102.7596482208255, 5113.065534155273, 5085.608051965332, 5514.5698254455565]
shares:[0, 0.6362, 1.2556, 1.8581, 2.4388, 2.9868, 3.5304, 4.0825, 4.6726, 5.1979, 5.7528, 6.2814, 6.7865, 7.2853, 7.774, 8.2323, 8.6846, 9.1495, 9.6012, 10.0565, 10.4905, 10.9401, 11.346, 11.7275, 12.1176, 12.5487, 13.0108, 13.4563, 13.9134, 14.3971, 14.8633, 15.32, 15.7757, 16.2284, 16.691, 17.1882, 17.6996, 18.1969, 18.6765, 19.1597, 19.6221, 20.0757, 20.5135, 20.9565, 21.4002, 21.8667, 22.3096, 22.7593, 23.2142, 23.6773, 24.1522, 24.5983]
growth_rate:8.13
