ticker:XLB
price:[64.44000244140625, 65.06999969482422, 65.72000122070312, 62.459999084472656, 63.29999923706055, 66.51000213623047, 66.2699966430664, 66.0, 63.18000030517578, 68.0, 69.01000213623047, 69.76000213623047, 71.70999908447266, 71.77999877929688, 70.9000015258789, 72.20999908447266, 71.58000183105469, 72.38999938964844, 76.51000213623047, 75.33999633789062, 74.37999725341797, 70.63999938964844, 73.52999877929688, 74.33999633789062, 75.05000305175781, 73.55000305175781, 75.30999755859375, 78.69000244140625, 78.0, 79.69000244140625, 79.48999786376953, 80.05000305175781, 82.66000366210938, 82.91000366210938, 83.04000091552734, 87.87000274658203, 87.91000366210938, 86.5999984741211, 87.26000213623047, 87.91000366210938, 86.12000274658203, 80.73999786376953, 82.12999725341797, 82.87999725341797, 82.9800033569336, 81.08999633789062, 81.7300033569336, 84.0199966430664, 84.13999938964844, 86.44999694824219, 83.77999877929688, 85.94999694824219]
assets:[0, 99.99957553100586, 200.99805173339843, 291.02611973419187, 394.9413552398682, 514.9669935401917, 613.1101279426574, 710.6154, 780.2540497688294, 939.7804, 1053.7413266189574, 1165.194339681244, 1297.7645374313354, 1399.0280662078858, 1481.8738418922424, 1609.2503765968322, 1695.2077093643188, 1814.3901837020874, 2017.6529173347471, 2086.7973545654295, 2160.2033842315673, 2151.581357409668, 2339.60691315918, 2465.38190255127, 2588.9249052734376, 2637.1794894226077, 2800.2817632202145, 3025.961091882324, 3099.4314, 3266.588828076172, 3358.3888177459717, 3482.047052746582, 3695.579975726318, 3806.754781143188, 3912.720283138275, 4240.298787540436, 4342.22672088623, 4377.517342868805, 4510.879632431793, 4644.478895477295, 4649.911756297302, 4459.423488011933, 4636.1972799568175, 4778.537409642792, 4884.30257359314, 4873.054675927734, 5011.512172840118, 5251.930352164459, 5359.431885122681, 5606.567587083436, 5533.409201376342, 5776.733674890137]
shares:[0, 1.5368, 3.0584, 4.6594, 6.2392, 7.7427, 9.2517, 10.7669, 12.3497, 13.8203, 15.2694, 16.7029, 18.0974, 19.4905, 20.9009, 22.2857, 23.6827, 25.0641, 26.3711, 27.6984, 29.0428, 30.4584, 31.8184, 33.1636, 34.496, 35.8556, 37.1834, 38.4542, 39.7363, 40.9912, 42.2492, 43.4984, 44.7082, 45.9143, 47.1185, 48.2565, 49.394, 50.5487, 51.6947, 52.8322, 53.9934, 55.2319, 56.4495, 57.6561, 58.8612, 60.0944, 61.3179, 62.5081, 63.6966, 64.8533, 66.0469, 67.2104]
growth_rate:13.27
