ticker:XLE
price:[34.869998931884766, 32.619998931884766, 33.61000061035156, 30.18000030517578, 29.309999465942383, 30.790000915527344, 30.190000534057617, 30.389999389648438, 28.719999313354492, 28.93000030517578, 33.880001068115234, 35.810001373291016, 38.90999984741211, 40.630001068115234, 41.119998931884766, 39.400001525878906, 38.119998931884766, 37.900001525878906, 41.41999816894531, 42.75, 42.06999969482422, 39.31999969482422, 42.560001373291016, 44.66999816894531, 46.18000030517578, 48.150001525878906, 52.95000076293945, 53.56999969482422, 49.529998779296875, 50.43000030517578, 50.310001373291016, 48.189998626708984, 48.400001525878906, 47.540000915527344, 49.38999938964844, 53.630001068115234, 53.4900016784668, 52.15999984741211, 52.209999084472656, 55.75, 55.380001068115234, 52.38999938964844, 55.34000015258789, 54.689998626708984, 52.849998474121094, 48.68000030517578, 48.52000045776367, 49.38999938964844, 49.5099983215332, 49.41999816894531, 45.88999938964844, 49.310001373291016]
assets:[0, 99.99986872558593, 203.03465268707274, 282.31579485473634, 374.17731518211366, 493.07107466125484, 583.4640263214111, 687.3306161956788, 749.5603900793076, 855.0406240196228, 1101.3405827213287, 1264.0787244766234, 1473.5061302215574, 1638.640447077942, 1758.4021783245087, 1784.8515891235352, 1826.866640811539, 1916.322617152405, 2194.303100996399, 2364.763275, 2427.148699393463, 2368.49129761734, 2663.655989948654, 2895.7102963027955, 3093.5936024436955, 3325.5617103874206, 3757.0831891345974, 3901.0745177764893, 3706.8746386413573, 3874.2293004447934, 3965.0117042312622, 3897.929961919022, 4014.9156465759274, 4043.5765798713683, 4300.930536849975, 4770.15262300415, 4857.69985143013, 4836.916753850173, 4941.551109347534, 5376.602475, 5440.918964939117, 5247.162300869751, 5642.6213675582885, 5676.34605446434, 5585.367528739929, 5244.666400878907, 5327.42812226181, 5522.952718748475, 5636.371689918137, 5726.127159841919, 5417.117100950622, 5920.834311896134]
shares:[0, 3.0656, 6.0409, 9.3544, 12.7662, 16.014, 19.3264, 22.617, 26.0989, 29.5555, 32.5071, 35.2996, 37.8696, 40.3308, 42.7627, 45.3008, 47.9241, 50.5626, 52.9769, 55.3161, 57.6931, 60.2363, 62.5859, 64.8245, 66.9899, 69.0667, 70.9553, 72.822, 74.841, 76.8239, 78.8116, 80.8867, 82.9528, 85.0563, 87.081, 88.9456, 90.8151, 92.7323, 94.6476, 96.4413, 98.247, 100.1558, 101.9628, 103.7913, 105.6834, 107.7376, 109.7986, 111.8233, 113.8431, 115.8666, 118.0457, 120.0737]
growth_rate:16.09
