ticker:XLF
price:[25.290000915527344, 24.709999084472656, 24.68000030517578, 23.489999771118164, 24.299999237060547, 25.229999542236328, 24.989999771118164, 25.25, 23.860000610351562, 24.959999084472656, 27.030000686645508, 27.18000030517578, 28.469999313354492, 28.979999542236328, 28.459999084472656, 28.489999771118164, 28.950000762939453, 29.479999542236328, 30.920000076293945, 30.940000534057617, 30.34000015258789, 28.950000762939453, 30.889999389648438, 31.520000457763672, 32.40999984741211, 32.310001373291016, 33.709999084472656, 34.77000045776367, 34.220001220703125, 34.369998931884766, 34.470001220703125, 35.150001525878906, 35.400001525878906, 35.380001068115234, 36.2599983215332, 37.779998779296875, 37.880001068115234, 37.58000183105469, 37.9900016784668, 38.470001220703125, 37.560001373291016, 35.22999954223633, 36.93000030517578, 36.939998626708984, 36.709999084472656, 36.119998931884766, 36.2599983215332, 36.52000045776367, 37.86000061035156, 38.58000183105469, 37.689998626708984, 39.0]
assets:[0, 99.99889529495239, 199.87838647155763, 290.2400881719589, 400.24771743354796, 515.5649486457825, 610.6606324069977, 717.01415, 777.5425418899536, 913.3887024971008, 1089.138738667488, 1195.183435419464, 1351.9093053943634, 1476.1281546833038, 1549.6412581497193, 1651.2746887340545, 1777.9353468551635, 1910.4837983341217, 2103.806081191063, 2205.1680940635683, 2262.405267378235, 2258.7543295265195, 2510.118261402893, 2661.3124386501313, 2836.458366645813, 2927.706154438019, 3154.5648593254086, 3353.757779153824, 3400.708437310791, 3515.6143917453765, 3625.8442764038086, 3797.374174845886, 3924.3839891563416, 4022.1683454284666, 4222.212106554794, 4499.204942626953, 4611.113590021134, 4674.595217765808, 4825.596385203552, 4986.566192230224, 4968.609757665253, 4760.386751145554, 5090.095179062653, 5191.473527000428, 5259.15155983963, 5274.625116022491, 5395.070760263443, 5533.755153363419, 5836.80057409668, 6047.801087036132, 6008.283289079284, 6317.1147]
shares:[0, 4.0469, 8.0988, 12.3559, 16.4711, 20.4346, 24.4362, 28.3966, 32.5877, 36.5941, 40.2937, 43.9729, 47.4854, 50.9361, 54.4498, 57.9598, 61.414, 64.8061, 68.0403, 71.2724, 74.5684, 78.0226, 81.2599, 84.4325, 87.518, 90.613, 93.5795, 96.4555, 99.3778, 102.2873, 105.1884, 108.0334, 110.8583, 113.6848, 116.4427, 119.0896, 121.7295, 124.3905, 127.0228, 129.6222, 132.2846, 135.1231, 137.8309, 140.538, 143.2621, 146.0306, 148.7885, 151.5267, 154.168, 156.76, 159.4132, 161.9773]
growth_rate:23.86
