ticker:XLI
price:[77.83999633789062, 77.61000061035156, 78.77999877929688, 76.48999786376953, 77.61000061035156, 80.70999908447266, 81.5999984741211, 81.16999816894531, 75.87000274658203, 81.33999633789062, 85.76000213623047, 86.66000366210938, 88.81999969482422, 89.20999908447266, 88.7699966430664, 88.83999633789062, 88.0, 88.55000305175781, 89.61000061035156, 88.83000183105469, 88.51000213623047, 84.7699966430664, 88.98999786376953, 90.30000305175781, 90.9800033569336, 90.61000061035156, 93.44000244140625, 96.7699966430664, 96.47000122070312, 98.31999969482422, 98.77999877929688, 100.51000213623047, 101.13999938964844, 101.55999755859375, 101.93000030517578, 105.3499984741211, 104.7300033569336, 103.04000091552734, 105.12000274658203, 105.33999633789062, 103.51000213623047, 99.61000061035156, 102.3499984741211, 103.29000091552734, 103.48999786376953, 101.91000366210938, 103.61000061035156, 103.36000061035156, 103.54000091552734, 105.0, 102.62999725341797, 104.91999816894531]
assets:[0, 100.00048578643799, 201.51135887756348, 295.6567887428284, 399.9864211456299, 515.9628821472169, 621.6532683753967, 718.3788347946168, 771.4689489280701, 927.088876260376, 1077.4629388389587, 1188.7672662353516, 1318.3996654701234, 1424.1930303840636, 1517.168012626648, 1618.3626772888183, 1703.064, 1813.707727507019, 1935.414715182495, 2018.5640786087035, 2111.2910379570008, 2122.0812339645386, 2327.720273122406, 2461.984433204651, 2580.5204232147216, 2670.0230099853516, 2853.414730554199, 3055.1062100189206, 3145.6359178039547, 3305.9608297386167, 3421.4329397186275, 3581.3522941177366, 3703.7973476486204, 3819.173864190674, 3933.0913777755736, 4165.054329673768, 4240.538781922913, 4272.110565958405, 4458.349556488037, 4567.679183206177, 4588.329268693542, 4515.450820668029, 4739.654434339142, 4883.179399282837, 4992.636919942474, 5016.418020263672, 5200.103042633056, 5287.556543223572, 5396.763697719574, 5572.8645, 5547.079510549164, 5770.8517072875975]
shares:[0, 1.2885, 2.5579, 3.8653, 5.1538, 6.3928, 7.6183, 8.8503, 10.1683, 11.3977, 12.5637, 13.7176, 14.8435, 15.9645, 17.091, 18.2166, 19.353, 20.4823, 21.5982, 22.7239, 23.8537, 25.0334, 26.1571, 27.2645, 28.3636, 29.4672, 30.5374, 31.5708, 32.6074, 33.6245, 34.6369, 35.6318, 36.6205, 37.6051, 38.5862, 39.5354, 40.4902, 41.4607, 42.412, 43.3613, 44.3274, 45.3313, 46.3083, 47.2764, 48.2427, 49.224, 50.1892, 51.1567, 52.1225, 53.0749, 54.0493, 55.0024]
growth_rate:13.15
