ticker:XLK
price:[118.12000274658203, 112.95999908447266, 111.76000213623047, 113.94000244140625, 114.94000244140625, 120.18000030517578, 121.12000274658203, 118.44000244140625, 110.86000061035156, 121.58000183105469, 121.19999694824219, 120.11000061035156, 122.66000366210938, 126.04000091552734, 124.30000305175781, 128.25, 129.05999755859375, 130.02000427246094, 130.75999450683594, 127.41999816894531, 132.8300018310547, 128.92999267578125, 135.32000732421875, 138.58999633789062, 136.0500030517578, 130.69000244140625, 128.9499969482422, 131.41000366210938, 129.60000610351562, 132.6699981689453, 135.47999572753906, 141.77000427246094, 143.3000030517578, 142.6999969482422, 139.6999969482422, 139.02999877929688, 135.97999572753906, 136.19000244140625, 138.39999389648438, 140.02000427246094, 141.97000122070312, 142.08999633789062, 145.22999572753906, 149.86000061035156, 151.1999969482422, 150.3000030517578, 154.52000427246094, 153.39999389648438, 154.86000061035156, 154.99000549316406, 155.74000549316406, 158.0]
assets:[0, 100.00348718948364, 198.94397980270386, 302.8297384887695, 405.485340612793, 523.9727833305359, 628.0677742424011, 714.1695267211913, 768.459352230835, 942.7678081985473, 1039.823253817749, 1130.475325744629, 1254.4806554534912, 1389.0490380897522, 1469.8723960876466, 1616.5784250000002, 1726.7840493347167, 1839.6270364501952, 1950.1022540771485, 2000.290099255371, 2185.212926123047, 2221.0511978271484, 2431.1321875854496, 2589.8866975646974, 2642.417579272461, 2638.317493286133, 2703.1916810256957, 2854.7640605560305, 2915.4428573028563, 3084.4978554290774, 3249.826397514343, 3500.712538499451, 3638.487387486267, 3723.256970375061, 3744.979728190613, 3827.0231643981933, 3843.066639251709, 3949.0061677917483, 4113.08173861084, 4261.228790023803, 4420.576716009521, 4524.315991394043, 4724.3027150177, 4974.917426261902, 5119.405096672058, 5188.927245358276, 5434.6230702667235, 5495.23264135437, 5647.527418258667, 5752.268065872192, 5880.104073399352, 6065.4304]
shares:[0, 0.8853, 1.7801, 2.6578, 3.5278, 4.3599, 5.1855, 6.0298, 6.9318, 7.7543, 8.5794, 9.412, 10.2273, 11.0207, 11.8252, 12.6049, 13.3797, 14.1488, 14.9136, 15.6984, 16.4512, 17.2268, 17.9658, 18.6874, 19.4224, 20.1876, 20.9631, 21.7241, 22.4957, 23.2494, 23.9875, 24.6929, 25.3907, 26.0915, 26.8073, 27.5266, 28.262, 28.9963, 29.7188, 30.433, 31.1374, 31.8412, 32.5298, 33.1971, 33.8585, 34.5238, 35.171, 35.8229, 36.4686, 37.1138, 37.7559, 38.3888]
growth_rate:18.93
