ticker:XLV
price:[105.69999694824219, 104.58999633789062, 105.54000091552734, 103.0199966430664, 104.16000366210938, 108.36000061035156, 107.91999816894531, 107.81999969482422, 101.66000366210938, 109.91999816894531, 112.12000274658203, 108.80000305175781, 109.44000244140625, 112.54000091552734, 111.68000030517578, 113.0, 111.47000122070312, 113.44000244140625, 117.38999938964844, 116.97000122070312, 117.58999633789062, 115.02999877929688, 115.66999816894531, 117.27999877929688, 114.41000366210938, 112.61000061035156, 113.0199966430664, 114.5999984741211, 115.06999969482422, 117.0199966430664, 116.38999938964844, 117.94999694824219, 121.4800033569336, 123.68000030517578, 121.33000183105469, 124.06999969482422, 123.44999694824219, 124.36000061035156, 123.5999984741211, 122.08999633789062, 124.55000305175781, 123.73999786376953, 125.69999694824219, 128.2899932861328, 128.7100067138672, 128.6199951171875, 131.47999572753906, 132.14999389648438, 132.94000244140625, 133.69000244140625, 136.11000061035156, 134.6300048828125]
assets:[0, 99.99849549865722, 200.90594574279785, 296.11037635116577, 399.3911180419922, 515.4901949035644, 613.3956855926514, 712.8303639823913, 772.1077278137207, 934.847600427246, 1053.5580298088073, 1122.359071481323, 1228.9565074157715, 1363.7709850944518, 1453.347683971405, 1570.5305, 1649.2655500610351, 1778.4102622741698, 1940.339299911499, 2033.3948042205811, 2144.1712702239993, 2197.487084680176, 2309.710090437317, 2441.8633985839842, 2482.1021474487306, 2543.049121783447, 2652.3080732208255, 2789.386882859802, 2900.8226363067624, 3049.9857885055544, 3133.567953567505, 3275.5657752502443, 3473.5992159881594, 3636.5012089729307, 3667.4055663467407, 3850.2270795295713, 3930.9812178237917, 4059.9560679260253, 4135.149188950348, 4184.634624481201, 4368.952552049255, 4440.533563339233, 4610.864438056946, 4805.871438491821, 4921.600365724183, 5018.160557495117, 5229.748310058594, 5356.396057608032, 5488.414706793213, 5619.378503619385, 5821.098062103271, 5857.805364453125]
shares:[0, 0.9561, 1.9036, 2.8743, 3.8344, 4.7572, 5.6838, 6.6113, 7.595, 8.5048, 9.3967, 10.3158, 11.2295, 12.1181, 13.0135, 13.8985, 14.7956, 15.6771, 16.529, 17.3839, 18.2343, 19.1036, 19.9681, 20.8208, 21.6948, 22.5828, 23.4676, 24.3402, 25.2092, 26.0638, 26.923, 27.7708, 28.594, 29.4025, 30.2267, 31.0327, 31.8427, 32.6468, 33.4559, 34.275, 35.0779, 35.886, 36.6815, 37.461, 38.2379, 39.0154, 39.776, 40.5327, 41.2849, 42.0329, 42.7676, 43.5104]
growth_rate:14.86
