ticker:XME
price:[24.829999923706055, 23.959999084472656, 25.6200008392334, 23.030000686645508, 24.010000228881836, 25.360000610351562, 25.209999084472656, 25.600000381469727, 24.43000030517578, 25.850000381469727, 27.739999771118164, 28.260000228881836, 30.170000076293945, 32.59000015258789, 32.84000015258789, 32.41999816894531, 32.599998474121094, 33.439998626708984, 36.36000061035156, 35.290000915527344, 34.5, 32.349998474121094, 34.529998779296875, 35.59000015258789, 36.59000015258789, 35.86000061035156, 38.02000045776367, 41.4900016784668, 39.79999923706055, 39.86000061035156, 40.36000061035156, 39.5, 41.11000061035156, 40.939998626708984, 40.459999084472656, 45.7400016784668, 45.09000015258789, 44.560001373291016, 46.47999954223633, 46.66999816894531, 47.09000015258789, 41.310001373291016, 43.02000045776367, 43.41999816894531, 43.650001525878906, 40.7599983215332, 42.029998779296875, 44.97999954223633, 43.529998779296875, 45.880001068115234, 41.630001068115234, 44.81999969482422]
assets:[0, 99.99945217895508, 206.9276227783203, 286.00957852745057, 398.17944279575346, 520.5672685287476, 617.4886755752564, 727.0400108337402, 793.8113289161681, 939.952543870926, 1108.6762488523484, 1229.4597879575729, 1412.5563865720749, 1625.8597046123505, 1738.3328640769957, 1816.1002154281616, 1926.1839498428344, 2075.8146667518618, 2357.0770355667114, 2387.714403944397, 2434.2648000000004, 2382.564447619629, 2643.1194745605467, 2824.2586981086733, 3003.6145685256956, 3043.6892718048093, 3327.023784057617, 3730.6730769233704, 3678.7139294815065, 3784.260625946045, 3931.729999458313, 3947.9499499999997, 4208.866528488159, 4291.461664047241, 4341.147509768676, 5007.665697760391, 5036.5034180439, 5077.304692477035, 5396.076954856109, 5518.134574501038, 5667.794799365616, 5072.108064614868, 5382.064479269027, 5532.107230706787, 5661.4139279067995, 5386.58051418457, 5654.417622775269, 6151.289315398026, 6052.994332257081, 6479.770190853119, 5979.529366418838, 6537.723039485169]
shares:[0, 4.1736, 8.0768, 12.419, 16.5839, 20.5271, 24.4938, 28.4, 32.4933, 36.3618, 39.9667, 43.5053, 46.8199, 49.8883, 52.9334, 56.0179, 59.0854, 62.0758, 64.8261, 67.6598, 70.5584, 73.6496, 76.5456, 79.3554, 82.0884, 84.877, 87.5072, 89.9174, 92.43, 94.9388, 97.4165, 99.9481, 102.3806, 104.8232, 107.2948, 109.4811, 111.6989, 113.9431, 116.0946, 118.2373, 120.3609, 122.7816, 125.1061, 127.4092, 129.7002, 132.1536, 134.5329, 136.7561, 139.0534, 141.233, 143.6351, 145.8662]
growth_rate:28.19
