ticker:XNTK
price:[118.4000015258789, 112.68000030517578, 114.52999877929688, 115.2699966430664, 117.29000091552734, 123.36000061035156, 123.87999725341797, 121.6500015258789, 114.87000274658203, 126.55000305175781, 123.73999786376953, 126.66000366210938, 132.4499969482422, 136.10000610351562, 134.92999267578125, 140.30999755859375, 139.66000366210938, 141.35000610351562, 146.25999450683594, 145.35000610351562, 151.0800018310547, 144.0, 154.1300048828125, 159.1699981689453, 157.69000244140625, 147.77000427246094, 141.99000549316406, 144.9499969482422, 142.67999267578125, 142.52999877929688, 148.75999450683594, 153.16000366210938, 153.25, 151.42999267578125, 150.13999938964844, 146.58999633789062, 140.88999938964844, 144.1699981689453, 149.02000427246094, 150.25, 152.05999755859375, 152.67999267578125, 156.2899932861328, 158.77000427246094, 158.0, 153.5500030517578, 159.99000549316406, 158.57000732421875, 161.60000610351562, 159.57000732421875, 156.02999877929688, 163.13999938964844]
assets:[0, 100.0035002708435, 201.64151585083007, 302.9410781776428, 408.25130618667606, 529.3747706192016, 631.6021659965514, 720.228834033966, 780.0821886520387, 959.4008831359863, 1038.0919640785219, 1162.5868416137696, 1315.7317796844482, 1451.9965251159667, 1539.5107374328613, 1700.893914404297, 1793.010991015625, 1914.7130476776122, 2081.2212178344726, 2168.273251049805, 2353.7508885269162, 2343.4416, 2608.295833630371, 2793.592637863159, 2867.6242323974607, 2787.223043586731, 2778.2048454803466, 2936.1216331832884, 2990.144606506348, 3087.000231561279, 3321.929685333252, 3520.183576168823, 3622.24765, 3679.233960046387, 3747.884748764038, 3759.2711380859373, 3713.099577914429, 3899.538944473267, 4130.730204429627, 4264.831225, 4416.202479095459, 4534.214082489014, 4741.416413319397, 4916.6465993057245, 4992.8, 4952.187213423157, 5259.87941759491, 5313.189378411866, 5514.7133282867435, 5545.44072253418, 5522.416555795288, 5874.067760023499]
shares:[0, 0.8875, 1.7606, 2.6281, 3.4807, 4.2913, 5.0985, 5.9205, 6.791, 7.5812, 8.3893, 9.1788, 9.9338, 10.6686, 11.4097, 12.1224, 12.8384, 13.5459, 14.2296, 14.9176, 15.5795, 16.2739, 16.9227, 17.551, 18.1852, 18.8619, 19.5662, 20.2561, 20.957, 21.6586, 22.3308, 22.9837, 23.6362, 24.2966, 24.9626, 25.6448, 26.3546, 27.0482, 27.7193, 28.3849, 29.0425, 29.6975, 30.3373, 30.9671, 31.6, 32.2513, 32.8763, 33.5069, 34.1257, 34.7524, 35.3933, 36.0063]
growth_rate:15.18
