ticker:XOP
price:[49.45000076293945, 44.61000061035156, 47.52000045776367, 42.38999938964844, 41.619998931884766, 44.849998474121094, 43.560001373291016, 44.91999816894531, 40.58000183105469, 40.59000015258789, 48.86000061035156, 52.060001373291016, 57.880001068115234, 61.0, 62.47999954223633, 59.619998931884766, 59.0, 58.5, 65.5, 69.2699966430664, 68.05000305175781, 64.31999969482422, 70.01000213623047, 75.62999725341797, 77.54000091552734, 80.51000213623047, 90.0, 90.44000244140625, 83.75, 83.31999969482422, 85.55999755859375, 78.48999786376953, 77.51000213623047, 75.87999725341797, 80.19999694824219, 86.6500015258789, 86.36000061035156, 86.61000061035156, 89.06999969482422, 96.41999816894531, 97.36000061035156, 91.01000213623047, 99.75, 97.19000244140625, 93.88999938964844, 82.31999969482422, 82.18000030517578, 82.80000305175781, 82.12999725341797, 80.2300033569336, 73.16999816894531, 83.4000015258789]
assets:[0, 99.99777736816407, 206.52192198944093, 284.22494590759277, 379.06246427192684, 508.4823727005005, 593.8578547222138, 712.3997269607544, 743.5717215515136, 843.7565101718902, 1115.6692539367675, 1288.7401279956816, 1532.8129162864686, 1715.4359, 1857.055538394165, 1872.050080461502, 1952.5814, 2036.034, 2379.66085, 2616.625634194183, 2670.5407097625734, 2624.1595075492855, 2956.30535920639, 3293.618313388825, 3476.800593051147, 3709.9733574394227, 4247.28, 4368.044105914307, 4144.929875, 4223.6490925300595, 4437.201365386963, 4170.542489492035, 4218.47411526413, 4229.7635108978275, 4570.573766081237, 5038.160358720398, 5121.294848194885, 5236.120179899597, 5484.841511207581, 6037.444247346497, 6196.301990844727, 5892.169558303834, 6558.013875000001, 6489.706909020995, 6369.356723594665, 5684.467634926605, 5774.7968394447325, 5918.362058132935, 5970.473002336121, 5932.350862217712, 5510.3228071060175, 6380.72561674118]
shares:[0, 2.2416, 4.346, 6.705, 9.1077, 11.3374, 13.6331, 15.8593, 18.3236, 20.7873, 22.834, 24.7549, 26.4826, 28.1219, 29.7224, 31.3997, 33.0946, 34.804, 36.3307, 37.7743, 39.2438, 40.7985, 42.2269, 43.5491, 44.8388, 46.0809, 47.192, 48.2977, 49.4917, 50.6919, 51.8607, 53.1347, 54.4249, 55.7428, 56.9897, 58.1438, 59.3017, 60.4563, 61.579, 62.6161, 63.6432, 64.742, 65.7445, 66.7734, 67.8385, 69.0533, 70.2701, 71.4778, 72.6954, 73.9418, 75.3085, 76.5075]
growth_rate:25.11
