ticker:XPH
price:[43.20000076293945, 43.22999954223633, 45.34000015258789, 42.81999969482422, 43.41999816894531, 47.47999954223633, 46.66999816894531, 46.38999938964844, 44.11000061035156, 46.209999084472656, 48.619998931884766, 48.150001525878906, 48.470001220703125, 49.0, 48.599998474121094, 50.650001525878906, 51.66999816894531, 52.060001373291016, 53.380001068115234, 53.689998626708984, 53.59000015258789, 51.88999938964844, 54.18000030517578, 55.970001220703125, 55.560001373291016, 53.36000061035156, 51.849998474121094, 54.45000076293945, 53.4900016784668, 50.11000061035156, 50.25, 49.0, 48.81999969482422, 49.29999923706055, 49.189998626708984, 48.68000030517578, 49.36000061035156, 50.349998474121094, 50.5, 50.54999923706055, 52.900001525878906, 51.939998626708984, 52.59000015258789, 52.34000015258789, 52.040000915527344, 49.33000183105469, 52.36000061035156, 50.34000015258789, 51.0099983215332, 50.060001373291016, 48.90999984741211, 48.349998474121094]
assets:[0, 99.99963494110108, 204.88239268951415, 293.4968419082641, 397.6099492324829, 534.7862268440247, 625.6626624526978, 721.9072535018921, 786.428378881836, 923.8672696960449, 1072.0515284484864, 1161.686196813965, 1269.4050969696045, 1383.2847, 1471.9918937843322, 1634.0804792282104, 1766.9899293823244, 1880.3291596012114, 2028.0076625797271, 2139.7826812683106, 2235.796242366028, 2264.873937359619, 2464.8270078834535, 2646.2616577148438, 2726.879311400986, 2718.9054710998535, 2741.962729307556, 2979.4550367473603, 3026.924308982086, 2935.654297756958, 3043.85355, 3068.135, 3156.8622862663274, 3287.900759118271, 3380.562979621124, 3445.512005599976, 3593.640036436462, 3765.716665878296, 3876.9355, 3980.7719999191286, 4265.834963046264, 4288.4207926143645, 4442.087988888549, 4520.972193180084, 4595.0592248397825, 4455.771879391479, 4829.461308296203, 4743.145562377167, 4906.2742645606995, 4914.900946829986, 4901.994952706909, 4945.871228913116]
shares:[0, 2.3132, 4.5188, 6.8542, 9.1573, 11.2634, 13.4061, 15.5617, 17.8288, 19.9928, 22.0496, 24.1264, 26.1895, 28.2303, 30.2879, 32.2622, 34.1976, 36.1185, 37.9919, 39.8544, 41.7204, 43.6476, 45.4933, 47.28, 49.0799, 50.954, 52.8826, 54.7191, 56.5886, 58.5842, 60.5742, 62.615, 64.6633, 66.6917, 68.7246, 70.7788, 72.8047, 74.7908, 76.771, 78.7492, 80.6396, 82.5649, 84.4664, 86.377, 88.2986, 90.3258, 92.2357, 94.2222, 96.1826, 98.1802, 100.2248, 102.2931]
growth_rate:-3.02
