ticker:XSD
price:[123.30000305175781, 119.87000274658203, 120.73999786376953, 120.2699966430664, 125.0999984741211, 138.1699981689453, 136.97999572753906, 137.00999450683594, 132.52000427246094, 148.02999877929688, 145.75, 150.1300048828125, 155.83999633789062, 163.66000366210938, 158.67999267578125, 165.8699951171875, 168.5, 170.77999877929688, 180.82000732421875, 183.07000732421875, 191.72000122070312, 179.5800018310547, 185.47999572753906, 200.33999633789062, 197.92999267578125, 186.38999938964844, 175.1199951171875, 182.1199951171875, 183.11000061035156, 180.86000061035156, 189.11000061035156, 188.5500030517578, 187.3800048828125, 187.11000061035156, 176.80999755859375, 174.77999877929688, 164.77000427246094, 170.5500030517578, 178.75999450683594, 179.64999389648438, 181.6699981689453, 179.3300018310547, 186.6699981689453, 190.6699981689453, 187.27000427246094, 176.7100067138672, 183.75, 190.97000122070312, 198.35000610351562, 195.52000427246094, 191.4600067138672, 203.38999938964844]
assets:[0, 99.99555629119874, 200.71817244873048, 299.9413446281433, 411.991824974823, 555.0288826446533, 650.244039718628, 750.3900389144897, 825.7984066238403, 1022.4432015686035, 1106.694325, 1239.953736328125, 1387.1162234039307, 1556.7175888336183, 1609.348353717041, 1782.2730975341797, 1910.5372499999999, 2036.380705444336, 2256.0912313842773, 2384.1573193847653, 2596.80907253418, 2532.3833118209836, 2715.575521447754, 3033.1475445556644, 3096.654321411133, 3016.107053123474, 2933.732742199707, 3151.0037315185546, 3268.1289798934936, 3327.968699230957, 3579.776667553711, 3669.1830593872073, 3746.4196036254884, 3841.012803529358, 3729.5770455017087, 3786.7484975524903, 3669.872874159241, 3898.602519760132, 4186.273055358886, 4307.108603668213, 4455.529373092651, 4498.134435928345, 4782.242682090759, 4984.723896130371, 4995.839357977295, 4814.1283839065545, 5105.916375, 5406.532607559204, 5715.475260873413, 5733.936957296753, 5714.87059440155, 6170.974615481567]
shares:[0, 0.8342, 1.6624, 2.4939, 3.2933, 4.017, 4.747, 5.4769, 6.2315, 6.907, 7.5931, 8.2592, 8.9009, 9.5119, 10.1421, 10.745, 11.3385, 11.924, 12.477, 13.0232, 13.5448, 14.1017, 14.6408, 15.14, 15.6452, 16.1817, 16.7527, 17.3018, 17.8479, 18.4008, 18.9296, 19.46, 19.9937, 20.5281, 21.0937, 21.6658, 22.2727, 22.859, 23.4184, 23.975, 24.5254, 25.083, 25.6187, 26.1432, 26.6772, 27.2431, 27.7873, 28.3109, 28.8151, 29.3266, 29.8489, 30.3406]
growth_rate:21.0
