ticker:XSW
price:[118.20999908447266, 114.77999877929688, 117.36000061035156, 117.72000122070312, 120.11000061035156, 127.63999938964844, 128.7100067138672, 126.97000122070312, 117.97000122070312, 129.22999572753906, 129.42999267578125, 133.82000732421875, 140.22000122070312, 142.97000122070312, 144.6999969482422, 153.0500030517578, 155.6300048828125, 154.10000610351562, 158.72000122070312, 156.8800048828125, 160.72000122070312, 154.38999938964844, 166.89999389648438, 175.77000427246094, 175.3000030517578, 160.58999633789062, 154.41000366210938, 164.17999267578125, 159.8800048828125, 157.11000061035156, 160.8699951171875, 163.3800048828125, 165.7899932861328, 165.7899932861328, 163.0800018310547, 156.8800048828125, 154.7100067138672, 156.57000732421875, 160.7100067138672, 162.05999755859375, 168.02999877929688, 168.61000061035156, 172.88999938964844, 172.42999267578125, 172.30999755859375, 165.19000244140625, 171.8699951171875, 171.49000549316406, 173.64999389648438, 172.58999633789062, 169.85000610351562, 178.22000122070312]
assets:[0, 99.99633493652344, 202.24648905181886, 302.870019140625, 409.02259607849123, 534.6711934432984, 639.1481513397216, 730.5092050231933, 778.7317750579833, 953.0582954910278, 1054.5308653259278, 1190.302201147461, 1347.2337717285156, 1473.6489905822752, 1591.4829164352416, 1783.323330558777, 1913.37753203125, 1994.562608999634, 2154.3541925689697, 2229.3746853881835, 2383.9437061065673, 2390.049824551392, 2683.718521856689, 2926.3420701309205, 3018.525812548828, 2865.2306556610106, 2854.9637627105712, 3135.608008117676, 3153.489204309082, 3198.853878427124, 3375.4064115478513, 3528.076839440918, 3680.1233759689335, 3780.127899919128, 3818.338854872132, 3773.1680614379884, 3820.9813328170776, 3966.920333569336, 4171.806780282593, 4306.85787711792, 4565.509490832519, 4681.271195945739, 4900.100229701233, 4987.05473416748, 5083.575702972413, 4973.524074505615, 5274.638589147949, 5362.972643786621, 5530.526560610962, 5596.765660244751, 5607.920666519165, 5984.27120098877]
shares:[0, 0.8712, 1.7233, 2.5728, 3.4054, 4.1889, 4.9658, 5.7534, 6.6011, 7.3749, 8.1475, 8.8948, 9.608, 10.3074, 10.9985, 11.6519, 12.2944, 12.9433, 13.5733, 14.2107, 14.8329, 15.4806, 16.0798, 16.6487, 17.2192, 17.8419, 18.4895, 19.0986, 19.7241, 20.3606, 20.9822, 21.5943, 22.1975, 22.8007, 23.4139, 24.0513, 24.6977, 25.3364, 25.9586, 26.5757, 27.1708, 27.7639, 28.3423, 28.9222, 29.5025, 30.1079, 30.6897, 31.2728, 31.8487, 32.4281, 33.0169, 33.578]
growth_rate:17.34
