ticker:XTN
price:[60.630001068115234, 60.599998474121094, 60.54999923706055, 57.939998626708984, 59.380001068115234, 61.84000015258789, 61.13999938964844, 63.0099983215332, 58.56999969482422, 61.619998931884766, 66.33999633789062, 67.48999786376953, 70.6500015258789, 72.94000244140625, 72.29000091552734, 71.93000030517578, 71.38999938964844, 71.37000274658203, 73.37000274658203, 73.83999633789062, 74.2300033569336, 69.8499984741211, 74.97000122070312, 77.75, 80.55000305175781, 81.30000305175781, 83.6500015258789, 88.29000091552734, 87.94999694824219, 87.27999877929688, 88.36000061035156, 89.29000091552734, 89.48999786376953, 88.83000183105469, 88.91000366210938, 91.54000091552734, 91.33000183105469, 89.22000122070312, 90.91000366210938, 89.01000213623047, 88.76000213623047, 84.37999725341797, 86.43000030517578, 85.7300033569336, 84.70999908447266, 81.05000305175781, 82.87999725341797, 82.95999908447266, 84.12999725341797, 85.87999725341797, 83.37999725341797, 87.0]
assets:[0, 100.00211748199462, 199.9179324810028, 291.2991370956421, 398.54075316886906, 515.052993270874, 609.2234099182128, 727.8536946113586, 776.5679119537353, 917.0041761047364, 1087.2461999816894, 1206.093504824066, 1362.5629944282532, 1506.728924432373, 1593.300536178589, 1685.3630651504516, 1772.713630844116, 1872.2135970497131, 2024.6819107933045, 2137.653125982666, 2248.946411705017, 2216.2426615859986, 2478.695665359497, 2670.611425, 2866.7907186126713, 2993.482372366333, 3180.013363007355, 3456.403442841339, 3543.092012059021, 3616.0976294250486, 3760.84019797821, 3900.419393992615, 4009.151904296875, 4079.5800150924683, 4183.251236303711, 4406.99195607605, 4496.879231156921, 4492.985431472778, 4678.092423446656, 4680.323932327271, 4767.175450733947, 4631.9302552299505, 4844.462018105316, 4905.23074807434, 4946.869113535309, 4833.1332569808965, 5042.261560903167, 5147.12870319748, 5319.716399327851, 5530.371243129731, 5469.377623835754, 5806.832399999999]
shares:[0, 1.6502, 3.3017, 5.0276, 6.7117, 8.3288, 9.9644, 11.5514, 13.2588, 14.8816, 16.389, 17.8707, 19.2861, 20.6571, 22.0404, 23.4306, 24.8314, 26.2325, 27.5955, 28.9498, 30.297, 31.7286, 33.0625, 34.3487, 35.5902, 36.8202, 38.0157, 39.1483, 40.2853, 41.431, 42.5627, 43.6826, 44.8, 45.9257, 47.0504, 48.1428, 49.2377, 50.3585, 51.4585, 52.582, 53.7086, 54.8937, 56.0507, 57.2172, 58.3977, 59.6315, 60.8381, 62.0435, 63.2321, 64.3965, 65.5958, 66.7452]
growth_rate:13.86
