ticker:XWEB
price:[116.49099731445312, 113.1989974975586, 116.61299896240234, 116.81300354003906, 121.24800109863281, 126.75700378417969, 125.94000244140625, 127.08999633789062, 116.86000061035156, 131.05999755859375, 128.1909942626953, 135.8280029296875, 145.27000427246094, 146.41900634765625, 150.4239959716797, 159.9709930419922, 161.49400329589844, 156.8470001220703, 161.39599609375, 162.94200134277344, 171.19000244140625, 169.64300537109375, 187.1490020751953, 194.2899932861328, 189.28700256347656, 179.42999267578125, 169.927001953125, 179.4409942626953, 177.6929931640625, 167.54800415039062, 174.16600036621094, 178.09800720214844, 179.00399780273438, 176.7790069580078, 175.6009979248047, 167.11000061035156, 160.08999633789062, 162.968994140625, 169.0800018310547, 170.0469970703125, 175.99000549316406, 175.93499755859375, 184.7310028076172, 182.1300048828125, 182.15899658203125, 171.02999877929688, 179.69500732421875, 173.99600219726562, 170.9720001220703, 168.1790008544922, 160.73500061035156, 170.28799438476562]
assets:[0, 99.99999438934326, 203.01156989364623, 303.36337019348144, 414.88641015930176, 533.7357158340454, 630.2919302185059, 736.0417137908936, 776.7917960571289, 971.1807939086914, 1049.9227003097535, 1212.4686681518556, 1396.7565640792848, 1507.8082854675292, 1649.0531406387329, 1853.711873171997, 1971.3572982330325, 2014.6369777679442, 2173.067970605469, 2293.8812007034303, 2509.9878157958988, 2587.3102964172363, 2954.296716958618, 3167.024035560608, 3185.4731087402347, 3119.5877956604004, 3054.3698893066403, 3325.3825615768433, 3392.994396569824, 3299.2715237274174, 3529.5959136215206, 3709.282815600586, 3828.143696209717, 3880.564371238708, 3954.7100742645266, 3863.482948110962, 3801.176873046875, 3969.5335716796876, 4218.376965682984, 4342.507168884277, 4594.271890400696, 4692.837344378662, 5027.454241409302, 5056.675668566894, 5157.4858861267085, 4942.390698724365, 5292.790654229736, 5224.92594998169, 5234.119714537049, 5248.61434816742, 5116.291510427856, 5520.362144366455]
shares:[0, 0.8834, 1.7409, 2.597, 3.4218, 4.2107, 5.0047, 5.7915, 6.6472, 7.4102, 8.1903, 8.9265, 9.6149, 10.2979, 10.9627, 11.5878, 12.207, 12.8446, 13.4642, 14.0779, 14.662, 15.2515, 15.7858, 16.3005, 16.8288, 17.3861, 17.9746, 18.5319, 19.0947, 19.6915, 20.2657, 20.8272, 21.3858, 21.9515, 22.521, 23.1194, 23.744, 24.3576, 24.949, 25.5371, 26.1053, 26.6737, 27.215, 27.7641, 28.3131, 28.8978, 29.4543, 30.029, 30.6139, 31.2085, 31.8306, 32.4178]
growth_rate:8.24
