ticker:YOLO
price:[11.729999542236328, 11.319999694824219, 11.449999809265137, 10.729999542236328, 10.630000114440918, 12.069999694824219, 11.829999923706055, 12.210000038146973, 11.329999923706055, 13.949999809265137, 13.850000381469727, 14.180000305175781, 16.59000015258789, 17.1200008392334, 16.299999237060547, 16.969999313354492, 17.65999984741211, 17.0, 19.649999618530273, 21.860000610351562, 21.889999389648438, 21.06999969482422, 26.049999237060547, 27.06999969482422, 27.690000534057617, 25.09000015258789, 23.0, 25.729999542236328, 25.15999984741211, 23.06999969482422, 23.8700008392334, 23.030000686645508, 21.450000762939453, 21.15999984741211, 21.770000457763672, 21.3799991607666, 19.6299991607666, 19.649999618530273, 21.0, 21.059999465942383, 21.34000015258789, 19.889999389648438, 21.170000076293945, 21.190000534057617, 20.6299991607666, 19.110000610351562, 18.899999618530273, 18.889999389648438, 19.229999542236328, 18.170000076293945, 17.139999389648438, 17.899999618530273]
assets:[0, 99.99974530410766, 201.14787164926528, 288.4996436920166, 385.8105391535759, 538.0745513954163, 627.3756539539337, 747.5279483354568, 793.6517656557082, 1077.179925271988, 1169.4580222103118, 1297.3225559204102, 1617.8120218799593, 1769.4958947418213, 1784.7423364631652, 1958.1037347705842, 2137.720023529434, 2157.8287, 2594.1968796382903, 2985.9624113708496, 3090.060172840881, 3074.306799472046, 3900.9352857513427, 4153.677600173188, 4348.811498875619, 4040.473552572632, 3803.901, 4355.407077512741, 4358.922169564437, 4096.83283480606, 4338.900179549217, 4286.2124567945475, 4092.151780550766, 4136.826522168732, 4356.083480596542, 4378.046568147659, 4119.692959872436, 4223.891213000679, 4614.0822, 4727.264370121956, 4890.1143849658965, 4657.844035067749, 5057.595581226921, 5162.373619108772, 5125.944143475342, 4848.270217848206, 4894.992171201516, 4992.402047691345, 5182.2598856380455, 4996.602843980217, 4813.36089659729, 5126.789010742187]
shares:[0, 8.8339, 17.5675, 26.8872, 36.2945, 44.5795, 53.0326, 61.2226, 70.0487, 77.2172, 84.4374, 91.4896, 97.5173, 103.3584, 109.4934, 115.3862, 121.0487, 126.9311, 132.0202, 136.5948, 141.1631, 145.9092, 149.748, 153.4421, 157.0535, 161.0392, 165.387, 169.2735, 173.2481, 177.5827, 181.7721, 186.1143, 190.7763, 195.5022, 200.0957, 204.773, 209.8672, 214.9563, 219.7182, 224.4665, 229.1525, 234.1802, 238.9039, 243.6231, 248.4704, 253.7033, 258.9943, 264.2881, 269.4883, 274.9919, 280.8262, 286.4128]
growth_rate:0.53
