ticker:ZIG
price:[22.238000869750977, 21.91900062561035, 22.329999923706055, 21.53700065612793, 22.016000747680664, 22.625999450683594, 23.014999389648438, 22.332000732421875, 21.357999801635742, 22.530000686645508, 22.253999710083008, 22.36199951171875, 22.531999588012695, 22.684999465942383, 22.610000610351562, 23.055999755859375, 23.01300048828125, 23.006000518798828, 24.0, 24.152999877929688, 24.420000076293945, 23.68899917602539, 24.239999771118164, 24.652000427246094, 24.309999465942383, 23.3700008392334, 23.888999938964844, 24.569000244140625, 24.60300064086914, 25.350000381469727, 25.511999130249023, 26.010000228881836, 26.43000030517578, 26.06800079345703, 26.110000610351562, 27.59000015258789, 27.399999618530273, 26.94300079345703, 26.64299964904785, 26.850000381469727, 26.718000411987305, 25.97599983215332, 26.530000686645508, 27.222000122070312, 27.239999771118164, 27.35700035095215, 27.94700050354004, 28.135000228881836, 28.364999771118164, 28.88800048828125, 28.920000076293945, 29.10099983215332]
assets:[0, 100.0010565542221, 201.87659731025695, 294.70800957832336, 401.2636296272278, 512.3815957603455, 621.1909440261841, 702.756798248291, 772.1066434289933, 914.4747038703917, 1003.2726181297302, 1108.142177203369, 1216.5657473556519, 1324.8266538105013, 1420.4461563446046, 1548.4663052032472, 1645.5791194152832, 1745.0787585525513, 1920.4776000000002, 2032.721300326538, 2155.1919907333377, 2190.67810120163, 2341.632457889557, 2481.433385005951, 2547.0072640457156, 2548.5219615192414, 2705.118686088562, 2882.120625439453, 2986.1080128833773, 3176.7733228044513, 3297.073821996689, 3461.434239459801, 3617.3287767677307, 3667.7833524398807, 3773.6940542144775, 4087.5992316066745, 4159.448722091102, 4190.073099995422, 4243.417232604027, 4376.386277177238, 4454.871219293404, 4431.1522977676395, 4625.656840720559, 4846.31090413208, 4949.516130412102, 5070.775949950981, 5280.135798435783, 5415.655551057052, 5559.928555636025, 5762.442563800049, 5868.825267482567, 6005.555874761581]
shares:[0, 4.5623, 9.0406, 13.6838, 18.226, 22.6457, 26.9907, 31.4686, 36.1507, 40.5892, 45.0828, 49.5547, 53.9928, 58.401, 62.8238, 67.1611, 71.5065, 75.8532, 80.0199, 84.1602, 88.2552, 92.4766, 96.602, 100.6585, 104.772, 109.051, 113.237, 117.3072, 121.3717, 125.3165, 129.2362, 133.0809, 136.8645, 140.7006, 144.5306, 148.1551, 151.8047, 155.5162, 159.2695, 162.9939, 166.7367, 170.5864, 174.3557, 178.0292, 181.7003, 185.3557, 188.9339, 192.4882, 196.0137, 199.4753, 202.9331, 206.3694]
growth_rate:17.76
