ticker:AACG
price:[1.100000023841858, 1.059999942779541, 1.059999942779541, 1.100000023841858, 1.100000023841858, 1.0800000429153442, 1.190000057220459, 1.2300000190734863, 1.090000033378601, 1.159999966621399, 1.1299999952316284, 1.149999976158142, 1.2400000095367432, 1.1799999475479126, 1.159999966621399, 1.2000000476837158, 1.2799999713897705, 1.190000057220459, 1.2400000095367432, 1.2599999904632568, 1.350000023841858, 1.309999942779541, 6.329999923706055, 5.71999979019165, 5.659999847412109, 5.050000190734863, 4.079999923706055, 4.46999979019165, 5.289999961853027, 4.920000076293945, 4.190000057220459, 4.059999942779541, 2.809999942779541, 2.8399999141693115, 3.0899999141693115, 2.9100000858306885, 2.75, 2.930000066757202, 2.9800000190734863, 3.240000009536743, 3.190000057220459, 2.990000009536743, 3.049999952316284, 2.880000114440918, 2.7300000190734863, 3.0999999046325684, 4.130000114440918, 3.109999895095825, 2.859999895095825, 2.7100000381469727, 2.5799999237060547, 2.6600000858306885]
assets:[0, 99.9999706018448, 199.9999412036896, 307.54713666590453, 407.5471488333464, 500.1372198736667, 651.0771153066635, 772.9620239862442, 784.9825990381837, 935.3942770843506, 1011.2030957329273, 1129.1004515914321, 1317.4649181325199, 1353.7165898260473, 1430.7722628300191, 1580.1093027879, 1785.449816092086, 1759.9104816242696, 1933.8562748731374, 2065.047500369978, 2312.550985841119, 2344.0308436133387, 11426.500614279174, 10425.368285599756, 10416.011121194839, 9393.438189783383, 7689.153576216698, 8524.146112902212, 10187.860161533832, 9575.287912483025, 8254.56408272791, 8098.455495862723, 5705.088650826407, 5865.9971027174, 6482.370224939704, 6204.756891009808, 5963.601599999999, 6453.946600046897, 6664.081960653448, 7345.511913621068, 7332.155478520154, 6972.459061238981, 7212.374537241698, 6910.373650593567, 6650.458042464256, 7651.801994602347, 10294.175617248153, 7851.787812149406, 7320.61503348143, 7036.667130050754, 6799.11456294136, 7109.940297417688]
shares:[0, 94.3396, 188.6792, 279.5883, 370.4974, 463.09, 547.1236, 628.4244, 720.1675, 806.3744, 894.87, 981.8265, 1062.4717, 1147.2175, 1233.4244, 1316.7577, 1394.8827, 1478.9163, 1559.5615, 1638.9266, 1713.0007, 1789.3366, 1805.1344, 1822.6169, 1840.2847, 1860.0867, 1884.5965, 1906.9679, 1925.8715, 1946.1967, 1970.063, 1994.6935, 2030.2807, 2065.492, 2097.8545, 2132.2188, 2168.5824, 2202.7121, 2236.2691, 2267.1333, 2298.4813, 2331.9261, 2364.713, 2399.4352, 2436.0652, 2468.3233, 2492.5364, 2524.6907, 2559.6557, 2596.5561, 2635.3158, 2672.9098]
growth_rate:39.41
