ticker:AADI
price:[1.2200000286102295, 1.2100000381469727, 1.5, 1.409999966621399, 1.4600000381469727, 1.399999976158142, 1.3600000143051147, 1.340000033378601, 1.340000033378601, 1.2999999523162842, 1.6799999475479126, 1.5700000524520874, 1.6200000047683716, 1.7899999618530273, 2.25, 1.0, 1.0499999523162842, 0.9800000190734863, 1.1200000047683716, 1.2000000476837158, 1.2699999809265137, 1.5099999904632568, 1.6299999952316284, 2.0299999713897705, 1.9700000286102295, 1.7799999713897705, 1.4700000286102295, 1.6200000047683716, 1.6699999570846558, 1.4900000095367432, 1.2799999713897705, 1.350000023841858, 1.2000000476837158, 1.149999976158142, 1.1799999475479126, 1.0499999523162842, 1.159999966621399, 2.0199999809265137, 1.7000000476837158, 1.8899999856948853, 2.069999933242798, 1.8700000047683716, 1.840000033378601, 1.75, 2.5, 2.059999942779541, 2.069999933242798, 2.0199999809265137, 2.059999942779541, 2.2300000190734863, 2.140000104904175, 26.0]
assets:[0, 99.9999691526413, 223.96695, 310.52894564892057, 421.5405550140381, 504.21699141323563, 589.8107902039051, 681.1371589667201, 781.1372074576617, 857.8196585353613, 1208.5669302667498, 1229.434699074149, 1368.5886400283575, 1612.205888642025, 2126.515725, 1045.1181, 1197.373955623579, 1217.5490836968422, 1491.484630349958, 1698.019267473221, 1897.0703455088617, 2355.5718991228578, 2642.769685268891, 3391.302118203974, 3391.0666412483215, 3164.0094011443616, 2712.9741348019124, 3089.808189094663, 3285.1724795782566, 3031.0821364004373, 2703.882563563514, 2951.7512921298026, 2723.778948233247, 2710.287973810172, 2880.9911119372846, 2663.593784038043, 3042.6369924491646, 5398.385309026718, 4643.195680238127, 5262.140984171677, 5863.297166909504, 5396.795142761457, 5410.2155781442525, 5245.5854500000005, 7593.6935, 6357.203289416456, 6488.063511760879, 6431.347245273161, 6658.70055504179, 7308.2051225080495, 7113.255488696337, 86522.7272]
shares:[0, 82.6446, 149.3113, 220.2333, 288.7264, 360.155, 433.6844, 508.3113, 582.9382, 659.8613, 719.3851, 783.0794, 844.8078, 900.6737, 945.1181, 1045.1181, 1140.3562, 1242.397, 1331.6827, 1415.016, 1493.7562, 1559.9814, 1621.3311, 1670.5922, 1721.3536, 1777.5334, 1845.5606, 1907.289, 1967.1692, 2034.2833, 2112.4083, 2186.4824, 2269.8157, 2356.7722, 2441.518, 2536.7561, 2622.963, 2672.468, 2731.2915, 2784.2016, 2832.5108, 2885.9867, 2940.3345, 2997.4774, 3037.4774, 3086.0211, 3134.3303, 3183.8353, 3232.379, 3277.222, 3323.951, 3327.7972]
growth_rate:1596.52
