ticker:AADR
price:[55.38999938964844, 55.31999969482422, 56.2599983215332, 54.279998779296875, 55.61000061035156, 57.9900016784668, 57.5, 56.31999969482422, 53.349998474121094, 59.599998474121094, 57.709999084472656, 57.58000183105469, 57.88999938964844, 58.66999816894531, 58.040000915527344, 60.779998779296875, 60.16999816894531, 60.88999938964844, 62.91999816894531, 62.310001373291016, 63.939998626708984, 60.15999984741211, 64.81999969482422, 67.0, 66.20999908447266, 62.709999084472656, 61.7400016784668, 64.04000091552734, 63.529998779296875, 62.04999923706055, 63.5099983215332, 63.70000076293945, 64.66999816894531, 65.79000091552734, 65.16000366210938, 66.68000030517578, 64.75, 64.36000061035156, 66.29000091552734, 67.37000274658203, 68.20999908447266, 64.3499984741211, 66.86000061035156, 66.62999725341797, 65.55000305175781, 64.1500015258789, 65.81999969482422, 66.94000244140625, 68.43000030517578, 69.0, 64.55999755859375, 68.7300033569336]
assets:[0, 100.00196344833374, 201.70334598236084, 294.6046933746338, 401.82118141021726, 519.0163140224457, 614.629, 702.017532196045, 764.9962981201172, 954.619135559845, 1024.3467127494812, 1122.0384636810302, 1228.0784470520018, 1344.622486035156, 1430.181074559784, 1597.6995159118653, 1681.6672108245848, 1801.7898829391481, 1961.8581269073486, 2042.8396260234833, 2196.28140682869, 2166.4398025051114, 2434.250268539429, 2616.1155000000003, 2685.2656908691406, 2643.314255409241, 2702.427787468338, 2903.0997455032348, 2979.9825937408445, 3010.560477983475, 3181.3999949207305, 3290.9203994155882, 3441.032399571228, 3600.6275391059876, 3666.1494140441896, 3851.6701976280215, 3840.1865249999996, 3917.0590491470334, 4134.520615101624, 4301.877840381622, 4455.5180661972045, 4303.380407957458, 4571.238299729919, 4655.511201093293, 4680.053902885436, 4680.095436321259, 4901.9313132720945, 5085.344963470458, 5298.534923629762, 5442.6717, 5192.44439564209, 5627.832610876465]
shares:[0, 1.8077, 3.5852, 5.4275, 7.2257, 8.9501, 10.6892, 12.4648, 14.3392, 16.0171, 17.7499, 19.4866, 21.214, 22.9184, 24.6413, 26.2866, 27.9486, 29.5909, 31.1802, 32.7851, 34.3491, 36.0113, 37.554, 39.0465, 40.5568, 42.1514, 43.7711, 45.3326, 46.9067, 48.5183, 50.0929, 51.6628, 53.2091, 54.7291, 56.2638, 57.7635, 59.3079, 60.8617, 62.3702, 63.8545, 65.3206, 66.8746, 68.3703, 69.8711, 71.3967, 72.9555, 74.4748, 75.9687, 77.43, 78.8793, 80.4282, 81.8832]
growth_rate:10.35
