ticker:AAL
price:[13.609999656677246, 12.949999809265137, 13.1899995803833, 12.289999961853027, 13.0, 13.199999809265137, 12.460000038146973, 12.600000381469727, 11.279999732971191, 11.460000038146973, 12.239999771118164, 12.529999732971191, 14.979999542236328, 16.399999618530273, 17.049999237060547, 16.510000228881836, 15.65999984741211, 15.770000457763672, 15.130000114440918, 15.760000228881836, 15.819999694824219, 17.170000076293945, 17.190000534057617, 17.270000457763672, 18.68000030517578, 20.940000534057617, 20.450000762939453, 23.3700008392334, 24.969999313354492, 22.93000030517578, 23.860000610351562, 23.540000915527344, 22.030000686645508, 21.110000610351562, 21.719999313354492, 22.0, 22.399999618530273, 22.56999969482422, 24.239999771118164, 24.299999237060547, 23.530000686645508, 22.290000915527344, 22.219999313354492, 21.479999542236328, 20.889999389648438, 19.790000915527344, 21.200000762939453, 20.3799991607666, 21.020000457763672, 19.84000015258789, 18.5, 20.219999313354492]
assets:[0, 99.99989852714539, 201.85315857839583, 288.08005710582734, 404.7225, 510.9495526169777, 582.3056417827606, 688.8483208551406, 716.6826790341377, 828.1190847565651, 984.4827655906678, 1107.8073483913422, 1424.418196472168, 1659.4438014007567, 1825.2143533267977, 1867.4065018882752, 1871.2650597667696, 1984.410122602463, 2003.8762221570016, 2187.316247766304, 2295.6433197158813, 2591.541942515373, 2694.560087714386, 2807.100414405823, 3136.284255237579, 3615.7266442161563, 3631.11849546814, 4249.596278606034, 4640.53953439064, 4361.416759046173, 4638.307766650391, 4676.1011278648375, 4476.148065515518, 4389.21876990509, 4616.051542070389, 4775.5598, 4962.388395491028, 5100.0502940406805, 5577.413059336281, 5691.217771314621, 5610.879255735016, 5415.193005420685, 5498.187734094238, 5415.079960598374, 5366.342116209411, 5183.769091812134, 5653.103163442231, 5534.445560095596, 5808.246526489258, 5582.188394932175, 5305.1654499999995, 5898.402285697746]
shares:[0, 7.722, 15.3035, 23.4402, 31.1325, 38.7083, 46.734, 54.6705, 63.5357, 72.2617, 80.4316, 88.4124, 95.088, 101.1856, 107.0507, 113.1076, 119.4933, 125.8345, 132.4439, 138.7891, 145.1102, 150.9343, 156.7516, 162.542, 167.8953, 172.6708, 177.5608, 181.8398, 185.8446, 190.2057, 194.3968, 198.6449, 203.1842, 207.9213, 212.5254, 217.0709, 221.5352, 225.9659, 230.0913, 234.2065, 238.4564, 242.9427, 247.4432, 252.0987, 256.8857, 261.9388, 266.6558, 271.5626, 276.32, 281.3603, 286.7657, 291.7113]
growth_rate:15.65
