ticker:AAME
price:[2.0199999809265137, 1.940000057220459, 2.140000104904175, 2.059999942779541, 1.9600000381469727, 2.0, 2.200000047683716, 2.25, 2.0199999809265137, 2.1500000953674316, 2.200000047683716, 2.2100000381469727, 2.059999942779541, 2.180000066757202, 2.2699999809265137, 2.0799999237060547, 2.0799999237060547, 2.059999942779541, 2.4100000858306885, 2.3299999237060547, 2.4000000953674316, 2.380000114440918, 5.199999809265137, 5.710000038146973, 4.639999866485596, 4.46999979019165, 3.6700000762939453, 4.369999885559082, 5.699999809265137, 3.640000104904175, 4.0, 3.8499999046325684, 3.700000047683716, 4.0, 4.090000152587891, 4.0, 4.130000114440918, 4.300000190734863, 4.329999923706055, 4.25, 4.28000020980835, 4.079999923706055, 4.260000228881836, 4.389999866485596, 4.360000133514404, 4.090000152587891, 4.119999885559082, 4.090000152587891, 4.53000020980835, 3.8499999046325684, 3.5999999046325684, 3.799999952316284]
assets:[0, 100.00001894950866, 210.30936630949975, 302.4473375989437, 387.76542754697795, 495.679, 645.2468139853477, 759.9114000000001, 782.2316606139183, 932.5732913661003, 1054.2609228504896, 1159.0530840065003, 1180.384293212557, 1349.1447073142767, 1504.8433693556785, 1478.887225754738, 1578.8871740867617, 1663.7055997873783, 2046.3742118803739, 2078.4447439430237, 2240.8875290448664, 2322.213473662281, 5173.743450228214, 5781.168336622429, 4797.831781944036, 4722.049221361208, 3976.940165674782, 4835.484407369041, 6407.153755602169, 4191.5860648007865, 4706.1384, 4629.6579953198425, 4549.281778628826, 5018.1424, 5231.0508901576995, 5215.942, 5485.460370000267, 5811.2541777694705, 5951.797498130226, 5941.833625, 6083.77633823061, 5899.487313682556, 6259.759356325149, 6550.784140769005, 6606.018450293255, 6296.93028792305, 6443.1174410300255, 6496.2020483573915, 7295.0602428729535, 6299.995468944311, 5990.904921295214, 6423.733099392772]
shares:[0, 51.5464, 98.2754, 146.8191, 197.8395, 247.8395, 293.294, 337.7384, 387.2434, 433.755, 479.2095, 524.4584, 573.0021, 618.8737, 662.9266, 711.0035, 759.0804, 807.6241, 849.1179, 892.0364, 933.7031, 975.7199, 994.9507, 1012.4638, 1034.0155, 1056.3869, 1083.6349, 1106.5182, 1124.0621, 1151.5346, 1176.5346, 1202.5086, 1229.5356, 1254.5356, 1278.9855, 1303.9855, 1328.1986, 1351.4544, 1374.5491, 1398.0785, 1421.443, 1445.9528, 1469.427, 1492.206, 1515.1418, 1539.5917, 1563.8635, 1588.3134, 1610.3885, 1636.3625, 1664.1403, 1690.4561]
growth_rate:25.96
