ticker:AAOI
price:[10.520000457763672, 9.699999809265137, 10.289999961853027, 10.729999542236328, 11.329999923706055, 11.829999923706055, 10.979999542236328, 10.170000076293945, 8.779999732971191, 7.690000057220459, 7.590000152587891, 7.920000076293945, 8.140000343322754, 8.449999809265137, 7.760000228881836, 8.510000228881836, 8.770000457763672, 8.510000228881836, 10.1899995803833, 10.789999961853027, 10.470000267028809, 11.010000228881836, 11.729999542236328, 12.25, 12.300000190734863, 9.324999809265137, 8.045000076293945, 8.949999809265137, 8.479999542236328, 8.289999961853027, 8.819999694824219, 8.4399995803833, 7.889999866485596, 8.270000457763672, 7.409999847412109, 7.579999923706055, 7.46999979019165, 8.0600004196167, 8.229999542236328, 8.4399995803833, 8.789999961853027, 8.239999771118164, 8.819999694824219, 8.390000343322754, 8.020000457763672, 7.309999942779541, 7.329999923706055, 7.730000019073486, 7.150000095367432, 7.039999961853027, 6.619999885559082, 7.300000190734863]
assets:[0, 100.00020803365707, 206.0829742360115, 314.89544256591796, 432.50348608760834, 551.590308442688, 611.9581964870453, 666.8133440023422, 675.6754154504775, 691.7931741475581, 782.7969427371979, 916.8318808319092, 1042.2993679613114, 1181.9935783198357, 1185.4758349657059, 1400.0516216552735, 1542.826373530197, 1597.087060954666, 2012.3751241318703, 2230.865941112995, 2264.705031759453, 2481.5098205869676, 2743.787652923584, 2965.422425, 3077.526467722893, 2433.165672731686, 2199.176393855667, 2546.5667157297135, 2512.8367123531343, 2556.5348502359393, 2819.9805764274597, 2798.484420866013, 2716.119041037893, 2946.9336171195982, 2740.4809985675815, 2903.3529687772752, 2961.219966828823, 3295.1046855484965, 3464.6043052940367, 3653.0082143811223, 3904.49600805521, 3760.1871115535737, 4124.860723278045, 4023.7627816542627, 3946.3142072467804, 3696.952061061382, 3807.067088374329, 4114.819696153164, 3906.0750820996286, 3945.98122661829, 3810.56726212616, 4301.985012402534]
shares:[0, 10.3093, 20.0275, 29.3472, 38.1733, 46.6264, 55.7339, 65.5667, 76.9562, 89.9601, 103.1353, 115.7616, 128.0466, 139.8809, 152.7675, 164.5184, 175.9209, 187.6718, 197.4853, 206.7531, 216.3042, 225.3869, 233.912, 242.0753, 250.2054, 260.9293, 273.3594, 284.5326, 296.3251, 308.3878, 319.7257, 331.574, 344.2483, 356.3402, 369.8355, 383.0281, 396.415, 408.8219, 420.9726, 432.8209, 444.1975, 456.3334, 467.6713, 479.5903, 492.0591, 505.739, 519.3816, 532.3182, 546.3042, 560.5087, 575.6144, 589.313]
growth_rate:-15.65
