ticker:AAON
price:[56.43000030517578, 56.459999084472656, 57.27000045776367, 57.43000030517578, 60.93000030517578, 63.560001373291016, 63.08000183105469, 61.86000061035156, 58.40999984741211, 63.540000915527344, 65.08999633789062, 65.47000122070312, 65.91999816894531, 62.45000076293945, 63.099998474121094, 64.31999969482422, 65.4800033569336, 66.62999725341797, 69.30999755859375, 70.44000244140625, 72.73999786376953, 74.0, 77.63999938964844, 79.20999908447266, 77.0, 77.0999984741211, 72.80000305175781, 74.86000061035156, 72.33999633789062, 72.33000183105469, 70.87000274658203, 70.16000366210938, 69.51000213623047, 69.80000305175781, 65.41000366210938, 66.29000091552734, 68.63999938964844, 66.80000305175781, 66.25, 64.31999969482422, 64.58999633789062, 60.900001525878906, 61.08000183105469, 63.13999938964844, 63.16999816894531, 60.75, 60.650001525878906, 62.150001525878906, 67.25, 68.97000122070312, 68.94000244140625, 68.72000122070312]
assets:[0, 100.00195037841797, 201.43577261009216, 302.00139960479737, 420.40481610565183, 538.5502476360322, 634.4838904174806, 722.2155071258545, 781.9346679573059, 950.6092456970215, 1073.7961785858154, 1180.0640370025635, 1288.1756442184449, 1320.3678761306764, 1434.1115253204346, 1561.83752858963, 1690.0061466407776, 1819.6852139900209, 1992.8772908020019, 2125.3650616638183, 2294.765082607269, 2434.5186, 2654.2708951339723, 2807.946941545105, 2829.6037, 2933.277151947784, 2869.681480296326, 3050.881894874573, 3048.1831916900633, 3147.7655146865845, 3184.224658405304, 3252.32309776001, 3322.188846099854, 3436.051730229187, 3319.943604873657, 3464.6071238494874, 3687.4299992111205, 3688.5826085128783, 3758.210125, 3748.723950213623, 3864.458234893799, 3743.6814337997434, 3854.746699557495, 4084.7538645141603, 4186.692700643921, 4126.304025, 4219.511581157684, 4423.8681836128235, 4886.889375000001, 5111.877168475342, 5209.651210491943, 5293.027526022339]
shares:[0, 1.7712, 3.5173, 5.2586, 6.8998, 8.4731, 10.0584, 11.675, 13.387, 14.9608, 16.4971, 18.0245, 19.5415, 21.1428, 22.7276, 24.2823, 25.8095, 27.3103, 28.7531, 30.1727, 31.5475, 32.8989, 34.1869, 35.4494, 36.7481, 38.0451, 39.4187, 40.7545, 42.1369, 43.5195, 44.9305, 46.3558, 47.7944, 49.2271, 50.7559, 52.2644, 53.7213, 55.2183, 56.7277, 58.2824, 59.8306, 61.4726, 63.1098, 64.6936, 66.2766, 67.9227, 69.5715, 71.1805, 72.6675, 74.1174, 75.5679, 77.0231]
growth_rate:3.78
