ticker:AAPL
price:[120.95999908447266, 112.0, 106.83999633789062, 112.27999877929688, 113.0199966430664, 116.97000122070312, 119.0199966430664, 115.04000091552734, 108.86000061035156, 118.69000244140625, 119.26000213623047, 117.33999633789062, 116.58999633789062, 122.25, 122.41000366210938, 126.66000366210938, 131.97000122070312, 132.69000244140625, 132.0500030517578, 127.13999938964844, 139.07000732421875, 131.9600067138672, 136.75999450683594, 135.3699951171875, 129.8699951171875, 121.26000213623047, 121.41999816894531, 121.02999877929688, 119.98999786376953, 121.20999908447266, 123.0, 133.0, 134.16000366210938, 134.32000732421875, 131.4600067138672, 130.2100067138672, 127.44999694824219, 125.43000030517578, 124.61000061035156, 125.88999938964844, 127.3499984741211, 130.4600067138672, 133.11000061035156, 139.9600067138672, 145.11000061035156, 146.38999938964844, 148.55999755859375, 145.86000061035156, 146.13999938964844, 149.10000610351562, 148.19000244140625, 148.60000610351562]
assets:[0, 100.0048, 195.39966930236815, 305.34545668029784, 407.35797390060424, 521.5926294433593, 630.7345702102662, 709.6472536476135, 771.5234823257446, 941.1879813598633, 1045.7074767311096, 1128.8694347686767, 1221.6532996276856, 1380.96045, 1482.764615359497, 1634.2433632507323, 1802.7498076751708, 1912.5804261901856, 2003.3570062988283, 2028.861968260193, 2319.2426981445315, 2300.669933053589, 2484.3547082122805, 2559.102072692871, 2555.1272189331053, 2485.7330357910155, 2589.0143369567872, 2680.6934429626467, 2757.6581269042968, 2885.6949322036744, 3028.3092, 3374.5159, 3503.950727645874, 3608.130900744629, 3631.306619456482, 3696.779279612732, 3718.4173859634398, 3759.4883131469724, 3834.9101517837526, 3974.2969247314454, 4120.383730630493, 4321.005020372009, 4508.781806674194, 4840.810748213195, 5118.929403530884, 5264.081905052185, 5442.109254565429, 5443.203502777099, 5553.656098805237, 5766.14453604126, 5830.950578063965, 5947.076264266968]
shares:[0, 0.8929, 1.8289, 2.7195, 3.6043, 4.4592, 5.2994, 6.1687, 7.0873, 7.9298, 8.7683, 9.6205, 10.4782, 11.2962, 12.1131, 12.9026, 13.6603, 14.4139, 15.1712, 15.9577, 16.6768, 17.4346, 18.1658, 18.9045, 19.6745, 20.4992, 21.3228, 22.149, 22.9824, 23.8074, 24.6204, 25.3723, 26.1177, 26.8622, 27.6229, 28.3909, 29.1755, 29.9728, 30.7753, 31.5696, 32.3548, 33.1213, 33.8726, 34.5871, 35.2762, 35.9593, 36.6324, 37.318, 38.0023, 38.673, 39.3478, 40.0207]
growth_rate:16.61
