ticker:AATC
price:[3.509999990463257, 3.809999942779541, 3.490000009536743, 3.490000009536743, 3.5999999046325684, 3.8499999046325684, 3.569999933242798, 3.7300000190734863, 3.630000114440918, 4.050000190734863, 4.039999961853027, 4.230000019073486, 4.53000020980835, 4.360000133514404, 4.429999828338623, 4.380000114440918, 4.519999980926514, 4.489999771118164, 4.510000228881836, 4.539999961853027, 4.769999980926514, 4.429999828338623, 5.059999942779541, 5.119999885559082, 5.75, 4.590000152587891, 4.349999904632568, 4.440000057220459, 4.880000114440918, 4.519999980926514, 4.75, 4.639999866485596, 4.5, 4.300000190734863, 6.519999980926514, 7.369999885559082, 7.409999847412109, 7.170000076293945, 7.96999979019165, 8.550000190734863, 7.309999942779541, 6.820000171661377, 6.909999847412109, 6.730000019073486, 6.820000171661377, 6.389999866485596, 6.409999847412109, 6.659999847412109, 6.789999961853027, 7.130000114440918, 6.829999923706055, 7.670000076293945]
assets:[0, 99.99992549815178, 191.6010005235672, 291.60101779682634, 400.79194938263896, 528.6246219055653, 590.1791799639464, 716.6299836645127, 797.4173711397171, 989.6807266090393, 1087.2371137339594, 1238.369729583931, 1426.1976330547811, 1472.6759370971204, 1596.3198711430073, 1678.3026018507958, 1831.9469522695542, 1919.787855137062, 2028.339228937912, 2141.831242003441, 2350.338308601856, 2282.809035541725, 2707.452145383072, 2839.556544530964, 3288.9551500000002, 2725.444323603439, 2682.937261180496, 2838.44630458045, 3219.7337955060007, 3082.2123949936868, 3339.0505, 3361.7249112675186, 3360.29355, 3310.9472568634988, 5120.319637021113, 5887.845740573883, 6019.801625039292, 5924.828466044426, 6685.897333995343, 7272.44975723505, 6317.731778546715, 5994.245462876892, 6173.348257678986, 6112.537323323536, 6294.28045842886, 5997.42702968812, 6116.1981454059605, 6454.739318114853, 6680.732566466903, 7115.260978204346, 6915.881025746728, 7866.443351247979]
shares:[0, 26.2467, 54.9, 83.5533, 111.3311, 137.3051, 165.3163, 192.126, 219.6742, 244.3656, 269.1181, 292.7588, 314.8339, 337.7697, 360.3431, 383.1741, 405.298, 427.5697, 449.7426, 471.769, 492.7334, 515.3068, 535.0696, 554.6009, 571.9922, 593.7787, 616.7672, 639.2897, 659.7815, 681.9054, 702.958, 724.5097, 746.7319, 769.9877, 785.3251, 798.8936, 812.3889, 826.3359, 838.883, 850.5789, 864.2588, 878.9216, 893.3934, 908.2522, 922.915, 938.5645, 954.1651, 969.1801, 983.9076, 997.9328, 1012.5741, 1025.6119]
growth_rate:54.24
