ticker:AAWW
price:[55.720001220703125, 56.939998626708984, 61.22999954223633, 60.2400016784668, 63.88999938964844, 67.7300033569336, 66.04000091552734, 62.9900016784668, 59.15999984741211, 60.599998474121094, 54.709999084472656, 53.400001525878906, 56.33000183105469, 56.369998931884766, 55.22999954223633, 55.27000045776367, 56.13999938964844, 54.540000915527344, 50.779998779296875, 53.2599983215332, 53.560001373291016, 51.81999969482422, 53.72999954223633, 56.13999938964844, 62.22999954223633, 55.130001068115234, 57.650001525878906, 60.2599983215332, 59.209999084472656, 58.27000045776367, 61.22999954223633, 62.709999084472656, 66.87000274658203, 67.72000122070312, 67.91000366210938, 74.02999877929688, 74.08000183105469, 74.12000274658203, 74.93000030517578, 74.16000366210938, 74.2300033569336, 66.98999786376953, 68.18000030517578, 68.93000030517578, 67.77999877929688, 64.06999969482422, 65.62999725341797, 66.97000122070312, 72.87000274658203, 76.5999984741211, 76.26000213623047, 73.83000183105469]
assets:[0, 99.99802558822631, 207.5329604484558, 304.17586447525025, 422.6067899627686, 548.0102301612854, 634.3340207939148, 705.040789786911, 762.1701100341797, 880.7240178237915, 895.121237020874, 973.6902878227233, 1127.1182726379395, 1227.9189607330322, 1303.0855631996155, 1404.0293486286162, 1526.132199407959, 1582.636292566681, 1573.529978173828, 1750.3791928375244, 1860.2406116970064, 1899.8092828117371, 2069.835399365616, 2262.6777634002688, 2608.127733814621, 2410.5592967033385, 2620.7460093658447, 2839.3968869121554, 2889.9216353149413, 2944.0393301280974, 3193.5914551242827, 3370.7815997886655, 3694.3871027412415, 3841.349349243164, 3952.124528121948, 4408.2865463104245, 4511.264687506104, 4613.703338964844, 4764.1243494033815, 4815.164541778565, 4919.712240486145, 4539.871961228943, 4720.517319129181, 4872.4411455719, 4891.1538279113765, 4723.432587501526, 4938.440714328766, 5139.2711966766365, 5692.036228541565, 6083.395698818206, 6156.39371245575, 6060.224955299377]
shares:[0, 1.7562, 3.3894, 5.0494, 6.6146, 8.0911, 9.6053, 11.1929, 12.8832, 14.5334, 16.3612, 18.2339, 20.0092, 21.7832, 23.5938, 25.4031, 27.1844, 29.0179, 30.9872, 32.8648, 34.7319, 36.6617, 38.5229, 40.3042, 41.9111, 43.725, 45.4596, 47.1191, 48.808, 50.5241, 52.1573, 53.7519, 55.2473, 56.724, 58.1965, 59.5473, 60.8972, 62.2464, 63.581, 64.9294, 66.2766, 67.7694, 69.2361, 70.6868, 72.1622, 73.723, 75.2467, 76.7399, 78.1122, 79.4177, 80.729, 82.0835]
growth_rate:18.83
