ticker:AAXJ
price:[77.37999725341797, 76.55999755859375, 77.62000274658203, 74.94999694824219, 77.19000244140625, 80.12000274658203, 79.63999938964844, 80.79000091552734, 78.5999984741211, 83.80999755859375, 84.33000183105469, 85.7699966430664, 87.27999877929688, 88.05999755859375, 87.51000213623047, 87.8499984741211, 86.76000213623047, 89.61000061035156, 95.13999938964844, 94.7300033569336, 98.13999938964844, 93.5199966430664, 98.7300033569336, 101.69999694824219, 101.19999694824219, 94.6500015258789, 94.45999908447266, 94.06999969482422, 94.30000305175781, 92.55999755859375, 93.70999908447266, 93.25, 94.0999984741211, 94.66000366210938, 93.68000030517578, 94.12000274658203, 90.7699966430664, 91.2699966430664, 94.33000183105469, 95.58000183105469, 94.62000274658203, 92.9000015258789, 94.87999725341797, 93.61000061035156, 91.6500015258789, 91.80999755859375, 89.93000030517578, 87.80000305175781, 88.16999816894531, 87.55999755859375, 84.0199966430664, 87.25]
assets:[0, 100.00266881103516, 201.38509712600708, 294.45605301055906, 403.25601075439454, 518.5606937767028, 615.4579152832031, 724.346990208435, 804.7146443778992, 958.0572250915527, 1064.0000661026002, 1182.1678637313842, 1302.9769177764892, 1414.6222187805174, 1505.7846067581177, 1611.634577007294, 1691.637845652008, 1847.202630581665, 2061.198572776794, 2152.31304127121, 2329.794515510559, 2320.118892718506, 2549.376527681732, 2726.0684181976317, 2812.66163518219, 2730.614684020996, 2825.128544618225, 2913.46077454834, 3020.5799777526854, 3064.8466391601564, 3202.9234297080993, 3287.202375, 3417.166164588928, 3537.501132855225, 3600.881219730377, 3717.796580491638, 3685.470634700775, 3805.776320022583, 4033.3716512924193, 4186.815074208069, 4244.766867214966, 4267.603110095215, 4458.562878933716, 4498.887268333435, 4504.689224998475, 4612.552639343262, 4618.1033616714485, 4608.7275201904295, 4728.15141980896, 4795.442166290283, 4701.565766153717, 4982.30655]
shares:[0, 1.3062, 2.5945, 3.9287, 5.2242, 6.4723, 7.728, 8.9658, 10.2381, 11.4313, 12.6171, 13.783, 14.9287, 16.0643, 17.207, 18.3453, 19.4979, 20.6138, 21.6649, 22.7205, 23.7395, 24.8088, 25.8217, 26.805, 27.7931, 28.8496, 29.9082, 30.9712, 32.0316, 33.112, 34.1791, 35.2515, 36.3142, 37.3706, 38.4381, 39.5006, 40.6023, 41.698, 42.7581, 43.8043, 44.8612, 45.9376, 46.9916, 48.0599, 49.151, 50.2402, 51.3522, 52.4912, 53.6254, 54.7675, 55.9577, 57.1038]
growth_rate:-2.31
