ticker:ABCB
price:[25.219999313354492, 23.479999542236328, 23.0, 21.90999984741211, 23.81999969482422, 25.8799991607666, 25.979999542236328, 29.139999389648438, 29.299999237060547, 29.40999984741211, 33.5099983215332, 33.90999984741211, 35.279998779296875, 36.2599983215332, 37.619998931884766, 37.79999923706055, 37.47999954223633, 38.06999969482422, 42.75, 44.099998474121094, 44.31999969482422, 39.11000061035156, 44.0, 45.93000030517578, 47.529998779296875, 47.63999938964844, 50.349998474121094, 55.470001220703125, 55.97999954223633, 54.939998626708984, 53.2400016784668, 52.099998474121094, 51.310001373291016, 50.810001373291016, 54.09000015258789, 57.02000045776367, 56.939998626708984, 58.52000045776367, 54.939998626708984, 56.470001220703125, 54.27000045776367, 50.029998779296875, 53.02000045776367, 50.38999938964844, 49.84000015258789, 47.15999984741211, 45.970001220703125, 48.61000061035156, 50.15999984741211, 50.43000030517578, 48.31999969482422, 50.06999969482422]
assets:[0, 99.99897005043029, 197.9541, 288.5722259902954, 413.72957469940184, 549.5100221805573, 651.6329465183259, 830.8921145965576, 935.4552156417847, 1038.9670646095276, 1283.8082476959228, 1399.133375704193, 1555.660962173462, 1698.8751973594667, 1862.5962431167604, 1971.508100207901, 2054.818486903381, 2187.1633594673153, 2556.0353250000003, 2736.753295307159, 2850.4053243728636, 2615.32876181488, 3042.3271999999997, 3275.773551765442, 3489.885407369995, 3597.9633139038087, 3902.6334167289733, 4399.486659817505, 4539.938776875687, 4555.597216127396, 4514.635014330292, 4517.965987680054, 4549.457712764359, 4605.123826467133, 5002.405484111786, 5373.382379138184, 5465.841288173675, 5717.509380724335, 5467.738543327332, 5720.01018664856, 5597.163632211685, 5259.868900662232, 5674.221656990051, 5492.756844468689, 5532.803208938981, 5335.290954737472, 5300.662930755615, 5705.0738336334225, 5986.987229787445, 6119.211538030243, 5963.180826338196, 6279.1484797286985]
shares:[0, 4.2589, 8.6067, 13.1708, 17.369, 21.233, 25.0821, 28.5138, 31.9268, 35.327, 38.3112, 41.2602, 44.0947, 46.8526, 49.5108, 52.1563, 54.8244, 57.4511, 59.7903, 62.0579, 64.3142, 66.8711, 69.1438, 71.321, 73.4249, 75.524, 77.5101, 79.3129, 81.0993, 82.9195, 84.7978, 86.7172, 88.6661, 90.6342, 92.483, 94.2368, 95.993, 97.7018, 99.522, 101.2929, 103.1355, 105.1343, 107.0204, 109.0049, 111.0113, 113.1317, 115.307, 117.3642, 119.3578, 121.3407, 123.4102, 125.4074]
growth_rate:23.12
