ticker:ABCL
price:[58.900001525878906, 49.220001220703125, 42.41999816894531, 40.2400016784668, 39.720001220703125, 44.40999984741211, 50.5, 52.83000183105469, 46.54999923706055, 42.970001220703125, 44.06999969482422, 37.709999084472656, 28.610000610351562, 36.540000915527344, 31.200000762939453, 24.75, 30.709999084472656, 28.350000381469727, 29.81999969482422, 29.329999923706055, 26.649999618530273, 29.09000015258789, 31.75, 32.029998779296875, 26.829999923706055, 25.969999313354492, 25.899999618530273, 23.190000534057617, 20.739999771118164, 20.479999542236328, 19.3700008392334, 16.93000030517578, 15.789999961853027, 15.170000076293945, 14.970000267028809, 17.889999389648438, 16.040000915527344, 17.579999923706055, 17.350000381469727]
assets:[0, 100.00027648010253, 186.18561396331788, 276.61781953811646, 373.0423074645996, 517.0878332233428, 687.99685, 819.7420064117432, 822.2964265228271, 859.0562644042969, 981.0466702064514, 939.4654361915589, 812.7586193389893, 1138.0346745140075, 1071.7200262069703, 950.1623999999999, 1278.9701188713075, 1280.6829172325133, 1447.0900351905823, 1523.3122060375213, 1484.119823756218, 1720.0015300220489, 1977.278875, 2094.7170781677246, 1854.64520872612, 1895.1970578910827, 1990.088630688858, 1881.8592673385622, 1783.0426683227538, 1860.6898784103394, 1859.8416225803376, 1725.5615001045226, 1709.368551870346, 1742.2502367622376, 1819.2801804515839, 2274.142731413269, 2138.97422208786, 2444.3372533920287, 2512.358130238533]
shares:[0, 2.0317, 4.3891, 6.8742, 9.3918, 11.6435, 13.6237, 15.5166, 17.6648, 19.992, 22.2611, 24.9129, 28.4082, 31.1449, 34.35, 38.3904, 41.6467, 45.174, 48.5275, 51.937, 55.6893, 59.1269, 62.2765, 65.3986, 69.1258, 72.9764, 76.8374, 81.1496, 85.9712, 90.854, 96.0166, 101.9233, 108.2564, 114.8484, 121.5284, 127.1181, 133.3525, 139.0408, 144.8045]
growth_rate:-33.89
