ticker:ABCM
price:[18.899999618530273, 19.0, 20.09000015258789, 18.729999542236328, 19.09000015258789, 19.030000686645508, 19.010000228881836, 19.020000457763672, 19.639999389648438, 20.299999237060547, 21.549999237060547, 19.639999389648438, 23.0, 23.59000015258789, 23.1299991607666, 22.649999618530273, 23.75, 23.799999237060547, 23.829999923706055, 21.110000610351562, 21.1200008392334, 21.010000228881836, 19.889999389648438, 19.760000228881836, 19.889999389648438, 20.020000457763672, 20.65999984741211, 21.440000534057617, 21.260000228881836, 20.110000610351562, 19.950000762939453, 20.100000381469727, 19.3799991607666, 18.469999313354492, 18.770000457763672, 19.200000762939453, 19.15999984741211, 19.270000457763672, 17.90999984741211, 18.290000915527344, 18.90999984741211, 20.399999618530273, 20.56999969482422, 20.260000228881836, 20.639999389648438, 20.940000534057617]
assets:[0, 100.00080000000001, 205.73767356262206, 291.80964686813354, 397.41753217659, 496.16920790290834, 595.6479411716462, 695.9608367500306, 818.64623855896, 946.1565744403839, 1104.4180659000397, 1106.5313136123657, 1395.8355, 1531.6420939071654, 1601.775571882248, 1668.534871898651, 1849.5668749999998, 1953.4610973793028, 2055.9237114177704, 1921.2570425491333, 2022.1661603536606, 2111.6331840040207, 2099.06721758728, 2185.3473453130723, 2299.7254874298096, 2414.7563992141722, 2591.9519308567046, 2789.809317492485, 2866.388034859085, 2811.339876325989, 2888.9715804817197, 3010.6926271387097, 3002.8475359643935, 2961.8472428895952, 3109.956327845764, 3281.201410383225, 3374.3652891269685, 3493.7377979946136, 3347.1640514831543, 3518.1822711067202, 3737.442336841965, 4131.932202734947, 4266.363983704377, 4302.067202601433, 4482.758123439026, 4647.913714541245]
shares:[0, 5.2632, 10.2408, 15.5798, 20.8181, 26.073, 31.3334, 36.591, 41.6826, 46.6087, 51.2491, 56.3407, 60.6885, 64.9276, 69.251, 73.666, 77.8765, 82.0782, 86.2746, 91.0117, 95.7465, 100.5061, 105.5338, 110.5945, 115.6222, 120.6172, 125.4575, 130.1217, 134.8254, 139.7981, 144.8106, 149.7857, 154.9457, 160.3599, 165.6876, 170.8959, 176.1151, 181.3045, 186.888, 192.3555, 197.6437, 202.5457, 207.4071, 212.3429, 217.1879, 221.9634]
growth_rate:3.29
