ticker:ABEO
price:[1.9800000190734863, 1.9199999570846558, 2.0799999237060547, 1.8600000143051147, 1.0499999523162842, 1.3799999952316284, 1.350000023841858, 1.340000033378601, 1.0700000524520874, 1.0299999713897705, 1.2799999713897705, 1.3700000047683716, 1.649999976158142, 1.5099999904632568, 1.5299999713897705, 1.5399999618530273, 1.7300000190734863, 1.5700000524520874, 1.7599999904632568, 1.909999966621399, 2.119999885559082, 1.909999966621399, 2.5799999237060547, 2.9600000381469727, 2.4100000858306885, 2.4200000762939453, 2.009999990463257, 2.3499999046325684, 2.180000066757202, 1.7999999523162842, 1.8600000143051147, 1.6399999856948853, 1.4900000095367432, 1.6200000047683716, 1.7699999809265137, 1.5399999618530273, 1.3799999952316284, 1.6200000047683716, 1.649999976158142, 1.690000057220459, 1.8200000524520874, 1.7000000476837158, 1.690000057220459, 1.5499999523162842, 1.5399999618530273, 1.2799999713897705, 1.309999942779541, 1.2200000286102295, 1.2899999618530273, 1.2300000190734863, 1.1699999570846558, 1.309999942779541]
assets:[0, 99.99993376482725, 208.3332083583832, 286.2978982018947, 261.6197731190443, 443.84318846637007, 534.1944694342136, 630.2375256988406, 603.2493375716687, 680.6979350923061, 945.9158828571319, 1112.4256188718678, 1439.7827191956997, 1417.619399046707, 1536.3958302701712, 1646.437675216484, 1949.5697184942721, 1869.2627864501476, 2195.479252103567, 2482.593890614915, 2855.5491098529815, 2672.6881652928832, 3710.2279722837447, 4356.695888146877, 3647.1748348919155, 3762.3082946121217, 3224.8922246990205, 3870.3962629320145, 3690.4104970098497, 3147.1278366295815, 3352.032133780217, 3055.5551493475195, 2876.08369340837, 3227.0171674985286, 3625.8150479282854, 3254.663947379494, 3016.5171495769023, 3641.1288587174417, 3808.5571699678303, 4000.8860244630337, 4408.646551056433, 4217.966508310771, 4293.154972358751, 4037.50869579134, 4111.460328155995, 3517.317681381822, 3699.7547623956684, 3545.5733551472667, 3849.0077161798476, 3769.9842524607657, 3686.082407795298, 4227.152093359089]
shares:[0, 52.0833, 100.1602, 153.9236, 249.1617, 321.6255, 395.6996, 470.3265, 563.7844, 660.8718, 738.9968, 811.9895, 872.5956, 938.8208, 1004.1803, 1069.1154, 1126.9189, 1190.6132, 1247.4314, 1299.7874, 1346.9572, 1399.3132, 1438.0729, 1471.8567, 1513.3505, 1554.6728, 1604.424, 1646.9772, 1692.8488, 1748.4044, 1802.1678, 1863.1434, 1930.2575, 1991.9859, 2048.4831, 2113.4182, 2185.882, 2247.6104, 2308.2165, 2367.3881, 2422.3332, 2481.1567, 2540.3283, 2604.8444, 2669.7795, 2747.9045, 2824.2404, 2906.2076, 2983.727, 3065.0278, 3150.4979, 3226.8338]
growth_rate:-17.11
