ticker:ABGI
price:[10.399999618530273, 10.260000228881836, 9.970000267028809, 10.010000228881836, 10.010000228881836, 9.789999961853027, 9.899999618530273, 9.970000267028809, 10.0, 9.970000267028809, 9.92199993133545, 9.970000267028809, 9.880000114440918, 9.899999618530273, 9.949999809265137, 9.895000457763672, 9.9399995803833, 9.916000366210938, 9.8100004196167, 9.800000190734863, 9.850000381469727, 9.850000381469727, 9.829999923706055, 9.710000038146973, 9.75, 9.6899995803833, 9.65999984741211, 9.670000076293945, 9.619999885559082]
assets:[0, 100.00011823081971, 197.17370428094867, 297.96467381305695, 397.9645760995865, 489.21804609375005, 594.7147570842743, 698.9199497193337, 801.023, 898.6200520679474, 994.2935351190567, 1099.1037964375496, 1189.1825017744065, 1291.5895902320863, 1398.1132781991005, 1490.3849689483643, 1597.1631085758208, 1693.3067941360473, 1775.2059039333344, 1873.3964564614296, 1982.9547967956544, 2082.954955668449, 2178.7251150901793, 2252.1286698477743, 2361.406125, 2446.8741200403215, 2539.2990438896177, 2641.9281498441696, 2728.267561544132]
shares:[0, 9.7466, 19.7767, 29.7667, 39.7567, 49.9712, 60.0722, 70.1023, 80.1023, 90.1324, 100.211, 110.2411, 120.3626, 130.4636, 140.5139, 150.62, 160.6804, 170.7651, 180.9588, 191.1629, 201.3152, 211.4675, 221.6404, 231.9391, 242.1955, 252.5154, 262.8674, 273.2087, 283.6037]
growth_rate:-2.56
