ticker:ABIO
price:[4.409999847412109, 4.53000020980835, 5.179999828338623, 4.489999771118164, 4.550000190734863, 4.380000114440918, 4.170000076293945, 4.03000020980835, 3.8499999046325684, 3.950000047683716, 4.03000020980835, 3.890000104904175, 4.28000020980835, 4.190000057220459, 4.429999828338623, 4.0, 4.25, 4.010000228881836, 4.21999979019165, 4.449999809265137, 4.659999847412109, 4.199999809265137, 4.659999847412109, 5.179999828338623, 4.75, 4.210000038146973, 4.119999885559082, 4.269999980926514, 4.179999828338623, 3.680000066757202, 3.759999990463257, 3.630000114440918, 3.359999895095825, 3.5399999618530273, 3.440000057220459, 3.2300000190734863, 3.2300000190734863, 3.3299999237060547, 3.490000009536743, 3.569999933242798, 3.680000066757202, 3.609999895095825, 3.619999885559082, 3.4700000286102295, 3.680000066757202, 2.9000000953674316, 2.9700000286102295, 3.1600000858306885, 3.109999895095825, 2.9200000762939453, 2.859999895095825, 3.049999952316284]
assets:[0, 100.00020763154029, 214.34891089663506, 285.7965674312592, 389.6156063325882, 475.0583164123535, 552.2814821044922, 633.739697993517, 705.4335575258732, 823.7567099442482, 940.4404459608555, 1007.7698791771888, 1208.806023256445, 1283.3869615264891, 1456.8984735455513, 1415.484, 1603.9517, 1613.375873087883, 1797.8667666143417, 1995.854729454136, 2190.0410222888945, 2073.8565858198167, 2400.9931573814392, 2768.915036240196, 2639.0629500000005, 2439.0433141002654, 2486.9019709215163, 2677.4445620402334, 2721.0110162553788, 2495.5313252702954, 2649.7817852791786, 2658.167045802498, 2560.451968058896, 2797.619135852909, 2818.590534884024, 2746.5255412185193, 2846.5256958090304, 3034.653239472771, 3280.462502964163, 3455.659261380911, 3662.136242433143, 3692.475757699132, 3802.7041757831576, 3745.1335548787115, 4071.784281864381, 3308.7432188090797, 3488.6092566060306, 3811.7864435342553, 3851.473008085012, 3716.1743050964355, 3739.814226824427, 4088.263551084065]
shares:[0, 22.0751, 41.3801, 63.6518, 85.6298, 108.4608, 132.4416, 157.2555, 183.2295, 208.546, 233.3599, 259.0668, 282.4313, 306.2976, 328.871, 353.871, 377.4004, 402.3381, 426.0348, 448.5067, 469.9659, 493.7754, 515.2346, 534.5396, 555.5922, 579.3452, 603.617, 627.0362, 650.9596, 678.1335, 704.7292, 732.2774, 762.0393, 790.2879, 819.3577, 850.3175, 881.2773, 911.3073, 939.9606, 967.9718, 995.1457, 1022.8465, 1050.4708, 1079.2892, 1106.4631, 1140.9459, 1174.6159, 1206.2615, 1238.4158, 1272.6624, 1307.6274, 1340.4143]
growth_rate:-19.84
