ticker:ABMD
price:[275.8900146484375, 269.7699890136719, 265.07000732421875, 266.44000244140625, 261.989990234375, 273.55999755859375, 286.4800109863281, 281.4200134277344, 251.8800048828125, 272.2099914550781, 272.1000061035156, 268.2099914550781, 271.8999938964844, 272.6099853515625, 258.45001220703125, 293.3900146484375, 303.4100036621094, 324.20001220703125, 324.05999755859375, 329.69000244140625, 347.8999938964844, 348.25, 327.8500061035156, 328.3599853515625, 331.9700012207031, 324.54998779296875, 301.2200012207031, 303.54998779296875, 299.80999755859375, 301.3999938964844, 315.3399963378906, 333.80999755859375, 330.5299987792969, 351.0299987792969, 320.7300109863281, 296.80999755859375, 268.55999755859375, 280.0, 284.5799865722656, 289.510009765625, 299.19000244140625, 318.57000732421875, 311.5400085449219, 317.0199890136719, 324.7699890136719, 317.9800109863281, 328.5199890136719, 327.1400146484375, 345.8800048828125, 321.6499938964844, 348.1099853515625, 358.5299987792969]
assets:[0, 100.00373492736816, 198.27236547851564, 299.2920547424316, 394.29493530273436, 511.7213314331055, 635.8996803863525, 724.6565345764161, 748.5873745117187, 909.0180454650879, 1008.6475126251221, 1094.216302139282, 1209.2752228546142, 1312.4262524780274, 1344.2502034912109, 1625.9674611816406, 1781.5021775024413, 2003.588495440674, 2102.728106158447, 2239.254496582031, 2462.923216790771, 2565.41845, 2515.1341068237302, 2619.0320791625977, 2747.815291104126, 2786.391465197754, 2686.0992388854984, 2806.8660271240237, 2872.2697196105955, 2987.506879501343, 3225.675890539551, 3514.618702294922, 3580.069575778198, 3902.1196724304195, 3665.302565551758, 3491.9399402771, 3259.59325836792, 3498.4320000000002, 3655.6575915100098, 3818.9844408203126, 4046.6644590209958, 4408.78590236206, 4411.499982998657, 4589.08625496521, 4801.2696095825195, 4800.8940038726805, 5060.029130783081, 5138.780778100586, 5533.146202111816, 5245.5324304626465, 5777.059261901856, 6049.978611401368]
shares:[0, 0.3707, 0.748, 1.1233, 1.505, 1.8706, 2.2197, 2.575, 2.972, 3.3394, 3.7069, 4.0797, 4.4475, 4.8143, 5.2012, 5.542, 5.8716, 6.1801, 6.4887, 6.792, 7.0794, 7.3666, 7.6716, 7.9761, 8.2773, 8.5854, 8.9174, 9.2468, 9.5803, 9.9121, 10.2292, 10.5288, 10.8313, 11.1162, 11.428, 11.7649, 12.1373, 12.4944, 12.8458, 13.1912, 13.5254, 13.8393, 14.1603, 14.4757, 14.7836, 15.0981, 15.4025, 15.7082, 15.9973, 16.3082, 16.5955, 16.8744]
growth_rate:18.63
