ticker:ABNB
price:[139.25, 157.3000030517578, 154.83999633789062, 146.8000030517578, 149.77000427246094, 169.27000427246094, 181.8699951171875, 183.6300048828125, 195.30999755859375, 212.67999267578125, 201.07000732421875, 206.35000610351562, 179.80999755859375, 206.74000549316406, 194.38999938964844, 174.39999389648438, 188.24000549316406, 179.5, 178.69000244140625, 174.25, 172.7100067138672, 151.2100067138672, 141.1999969482422, 134.7100067138672, 140.39999389648438, 150.72999572753906, 148.44000244140625, 152.52000427246094, 149.6699981689453, 150.22999572753906, 149.63999938964844, 134.30999755859375, 138.72999572753906, 144.00999450683594, 149.99000549316406, 152.75999450683594, 143.6999969482422, 154.17999267578125, 156.02000427246094, 156.02000427246094]
assets:[0, 99.99561194000245, 198.42745530700685, 288.12436598968503, 393.95501923828124, 545.2525377624512, 685.831751586914, 792.4736490722656, 942.8785442138673, 1126.7360651977538, 1165.22079944458, 1295.8161333282471, 1229.1451813110352, 1513.2334702072144, 1522.831816218567, 1466.233068685913, 1682.5832891006469, 1704.4602, 1796.763712548828, 1852.120675, 1935.7510262496949, 1794.7720536895754, 1775.9570816162109, 1794.3238184280397, 1970.120794354248, 2215.0677252136234, 2281.418929522705, 2444.133068466186, 2498.456246434021, 2607.797426835632, 2697.5602689971925, 2521.2001191711424, 2704.1666957199095, 2907.086556111145, 3127.8015805511477, 3285.5619618530272, 3190.700362239075, 3523.398282623291, 3665.440368374634, 3765.433589112854]
shares:[0, 0.6357, 1.2815, 1.9627, 2.6304, 3.2212, 3.771, 4.3156, 4.8276, 5.2978, 5.7951, 6.2797, 6.8358, 7.3195, 7.8339, 8.4073, 8.9385, 9.4956, 10.0552, 10.6291, 11.2081, 11.8694, 12.5776, 13.3199, 14.0322, 14.6956, 15.3693, 16.025, 16.6931, 17.3587, 18.027, 18.7715, 19.4923, 20.1867, 20.8534, 21.508, 22.2039, 22.8525, 23.4934, 24.1343]
growth_rate:-3.45
