ticker:ABST
price:[11.34000015258789, 10.369999885559082, 10.430000305175781, 11.25, 12.289999961853027, 12.640000343322754, 13.449999809265137, 12.199999809265137, 11.279999732971191, 11.789999961853027, 10.40999984741211, 9.829999923706055, 10.210000038146973, 10.279999732971191, 10.369999885559082, 11.75, 11.84000015258789, 11.90999984741211, 12.0600004196167, 12.699999809265137, 13.289999961853027, 12.630000114440918, 13.739999771118164, 15.640000343322754, 15.6899995803833, 15.1899995803833, 13.850000381469727, 15.859999656677246, 14.199999809265137, 13.550000190734863, 13.989999771118164, 14.619999885559082, 14.15999984741211, 14.579999923706055, 14.960000038146973, 14.140000343322754, 14.1899995803833, 14.470000267028809, 14.420000076293945, 13.550000190734863, 13.829999923706055, 13.699999809265137, 14.109999656677246, 11.539999961853027, 11.220000267028809, 11.84000015258789, 12.079999923706055]
assets:[0, 99.99998289642335, 200.5782928688049, 316.34775, 445.59238361692434, 558.282271163845, 694.0576501575471, 729.5538885941505, 774.5377976645469, 909.5572320570947, 903.0945527626038, 952.7776576051712, 1089.6091620710374, 1197.0792409051896, 1307.559507570076, 1581.5641, 1693.6776858272553, 1803.690870891571, 1926.4077850275992, 2128.638078031063, 2327.5281953191757, 2311.9404659485817, 2615.1272864370344, 3076.7540435396195, 3186.590275777149, 3185.0421500146867, 3004.070622740936, 3540.0407393684386, 3269.520136083698, 3219.859445323944, 3424.41618397522, 3678.6244292048455, 3662.8804405288697, 3871.5250657411575, 4072.4291623844147, 3949.207357887745, 4063.171574846745, 4243.3463893065455, 4328.683584902382, 4167.522068663597, 4353.641102982902, 4412.717878565026, 4644.777660983848, 3898.7762931120874, 3890.665244595337, 4205.656854200363, 4390.906020268249]
shares:[0, 9.6432, 19.2309, 28.1198, 36.2565, 44.1679, 51.6028, 59.7995, 68.6647, 77.1465, 86.7526, 96.9255, 106.7198, 116.4474, 126.0906, 134.6012, 143.0471, 151.4434, 159.7353, 167.6093, 175.1338, 183.0515, 190.3295, 196.7234, 203.0969, 209.6802, 216.9004, 223.2056, 230.2479, 237.628, 244.776, 251.6159, 258.678, 265.5367, 272.2212, 279.2933, 286.3405, 293.2513, 300.1861, 307.5662, 314.7969, 322.0962, 329.1834, 337.8489, 346.7616, 355.2075, 363.4856]
growth_rate:-4.55
