ticker:ABTX
price:[26.25, 24.8700008392334, 24.959999084472656, 22.030000686645508, 24.200000762939453, 26.190000534057617, 26.110000610351562, 27.90999984741211, 28.299999237060547, 27.75, 30.81999969482422, 31.440000534057617, 32.400001525878906, 34.220001220703125, 34.25, 33.13999938964844, 33.84000015258789, 34.130001068115234, 36.349998474121094, 36.47999954223633, 36.470001220703125, 35.18000030517578, 36.810001373291016, 36.560001373291016, 37.11000061035156, 37.650001525878906, 39.689998626708984, 42.779998779296875, 42.77000045776367, 41.630001068115234, 40.88999938964844, 40.290000915527344, 40.470001220703125, 40.709999084472656, 39.599998474121094, 40.880001068115234, 40.97999954223633, 41.119998931884766, 40.560001373291016, 40.68000030517578, 41.11000061035156, 38.4900016784668, 39.93000030517578, 38.15999984741211, 37.29999923706055, 35.79999923706055, 35.33000183105469, 36.470001220703125, 38.099998474121094, 37.0, 37.5, 37.84000015258789]
assets:[0, 99.99978637447357, 200.36140065078737, 276.84220662879943, 404.1109727401733, 537.3428599573135, 635.7027958602905, 779.5262957382203, 890.4198559951782, 973.1148, 1180.7696643081665, 1304.5242221593858, 1444.356428022003, 1625.4911219848632, 1726.915825, 1770.948543383789, 1908.3560486049653, 2024.7111183643342, 2256.40798028183, 2364.476706329727, 2463.8294014678954, 2476.679057484436, 2691.433189410782, 2773.152880167007, 2914.8717959411624, 3057.2855439056393, 3322.9379720249176, 3681.638138946533, 3780.7782234653478, 3780.0040969848633, 3812.812527087402, 3856.8650916412353, 3974.097461871338, 4097.664957847595, 4085.9397225593566, 4318.011432821274, 4428.57331653099, 4543.702313974762, 4581.824051132584, 4695.379199224091, 4845.010899932861, 4636.232323176193, 4909.68502652359, 4792.0488288383485, 4784.053142146302, 4691.665080015182, 4730.072503146363, 4982.699328778076, 5305.398117522431, 5252.224, 5423.20125, 5572.371398470306]
shares:[0, 4.0209, 8.0273, 12.5666, 16.6988, 20.5171, 24.3471, 27.93, 31.4636, 35.0672, 38.3118, 41.4925, 44.5789, 47.5012, 50.4209, 53.4384, 56.3935, 59.3235, 62.0745, 64.8157, 67.5577, 70.4002, 73.1169, 75.8521, 78.5468, 81.2028, 83.7223, 86.0598, 88.3979, 90.8, 93.2456, 95.7276, 98.1986, 100.655, 103.1803, 105.6265, 108.0667, 110.4986, 112.9641, 115.4223, 117.8548, 120.4529, 122.9573, 125.5778, 128.2588, 131.0521, 133.8826, 136.6246, 139.2493, 141.952, 144.6187, 147.2614]
growth_rate:9.26
