ticker:ABUS
price:[2.440000057220459, 2.369999885559082, 3.140000104904175, 3.0799999237060547, 3.0199999809265137, 3.200000047683716, 3.069999933242798, 2.890000104904175, 2.819999933242798, 2.7899999618530273, 3.630000114440918, 3.359999895095825, 4.340000152587891, 4.010000228881836, 3.9100000858306885, 4.349999904632568, 3.869999885559082, 3.549999952316284, 3.869999885559082, 3.9100000858306885, 4.050000190734863, 3.7799999713897705, 4.150000095367432, 4.329999923706055, 4.389999866485596, 3.75, 3.299999952316284, 3.7899999618530273, 3.6500000953674316, 3.359999895095825, 3.430000066757202, 3.299999952316284, 3.069999933242798, 3.25, 3.4700000286102295, 2.809999942779541, 2.619999885559082, 2.740000009536743, 2.8299999237060547, 2.940000057220459, 3.2799999713897705, 3.25, 3.369999885559082, 2.950000047683716, 2.9200000762939453, 2.6600000858306885, 2.759999990463257, 2.690000057220459, 3.009999990463257, 3.069999933242798, 2.9200000762939453, 3.3299999237060547]
assets:[0, 100.00001217126847, 232.489375767231, 328.04678787403105, 421.65632333693503, 546.7881681477785, 624.5749084186077, 687.9549879720926, 771.2916957413912, 863.086488199234, 1222.9405045549393, 1231.9778975358247, 1691.3050034637452, 1662.7036879034042, 1721.2395147839306, 2014.9338758255003, 1892.59635403347, 1836.10257533741, 2101.6104038526532, 2223.3324008056643, 2402.9404431665416, 2342.744190268135, 2672.0605614042283, 2887.9571001146314, 3027.974750909281, 2686.5389999999998, 2464.1541843939303, 2930.043664508629, 2921.810111341238, 2789.6661209024905, 2947.7842463719603, 2936.0604475750683, 2831.4259404305935, 3097.4378500000003, 3407.1104420917036, 2859.0720957802773, 2765.753885192585, 2992.4299084153413, 3190.721335981369, 3414.7424464602473, 3909.6445098976133, 3973.8855, 4220.613468673325, 3794.6024663358453, 3856.01340075016, 3612.669806570649, 3848.4843707021714, 3850.8779209141258, 4408.97484303081, 4596.86133004117, 4472.2592688514715, 5200.213128857422]
shares:[0, 42.1941, 74.0412, 106.5087, 139.6213, 170.8713, 203.4446, 238.0467, 273.5077, 309.35, 336.8982, 366.6601, 389.7016, 414.6393, 440.2147, 463.2032, 489.043, 517.212, 543.0518, 568.6272, 593.3186, 619.7736, 643.87, 666.9647, 689.7437, 716.4104, 746.7134, 773.0986, 800.4959, 830.2578, 859.4123, 889.7153, 922.2886, 953.0578, 981.8762, 1017.4634, 1055.6313, 1092.1277, 1127.4634, 1161.477, 1191.9648, 1222.734, 1252.4076, 1286.3059, 1320.5525, 1358.1465, 1394.3784, 1431.5531, 1464.7757, 1497.349, 1531.5956, 1561.6256]
growth_rate:1.96
