ticker:ABVC
price:[4.0, 3.950000047683716, 4.0, 3.950000047683716, 4.099999904632568, 4.0, 4.099999904632568, 4.0, 3.9000000953674316, 4.0, 3.950000047683716, 4.0, 4.199999809265137, 4.25, 4.5, 5.0, 5.199999809265137, 5.099999904632568, 5.0, 5.400000095367432, 5.300000190734863, 5.0, 4.949999809265137, 4.849999904632568, 5.0, 4.400000095367432, 4.400000095367432, 4.5, 4.400000095367432, 4.449999809265137, 4.5, 4.400000095367432, 4.400000095367432, 4.5, 4.5, 4.650000095367432, 5.5, 5.5, 5.5, 5.349999904632568, 5.199999809265137, 4.75, 5.0, 4.5, 5.0, 5.0, 4.949999809265137, 4.940000057220459, 3.1700000762939453, 2.319999933242798, 2.0299999713897705, 2.9700000286102295]
assets:[0, 100.0001762071848, 201.266, 298.75035360646245, 410.0951104610443, 500.0928, 612.5949257508278, 697.6536, 780.2121790786742, 900.2176, 988.9650669386149, 1101.4836, 1256.5576229358674, 1371.5166499999998, 1552.194, 1824.66, 1997.646486726761, 2059.230021493435, 2118.853, 2388.3611821799755, 2444.132187958717, 2405.785, 2481.7269543733596, 2531.591310220337, 2709.8880000000004, 2484.701613854456, 2584.7017360219, 2743.4448, 2782.4795403086187, 2914.0983950965883, 3046.8410999999996, 3079.1337067384243, 3179.1338289058685, 3351.3867, 3451.3866, 3666.4330051953316, 4436.6410000000005, 4536.6409, 4636.6408, 4610.186937820244, 4580.929431972503, 4284.50285, 4610.003, 4249.0026, 4821.114, 4921.114, 4971.902568421173, 5061.858496631956, 3348.196558582688, 2550.414902612686, 2331.6131041389226, 3511.2762968243837]
shares:[0, 25.3165, 50.3165, 75.633, 100.0232, 125.0232, 149.4134, 174.4134, 200.0544, 225.0544, 250.3709, 275.3709, 299.1804, 322.7098, 344.932, 364.932, 384.1628, 403.7706, 423.7706, 442.2891, 461.157, 481.157, 501.359, 521.9776, 541.9776, 564.7049, 587.4322, 609.6544, 632.3817, 654.8536, 677.0758, 699.8031, 722.5304, 744.7526, 766.9748, 788.4802, 806.662, 824.8438, 843.0256, 861.7172, 880.948, 902.0006, 922.0006, 944.2228, 964.2228, 984.2228, 1004.4248, 1024.6677, 1056.2134, 1099.3168, 1148.5779, 1182.2479]
growth_rate:-31.15
