ticker:ACAD
price:[38.27000045776367, 36.619998931884766, 42.41999816894531, 40.18000030517578, 41.36000061035156, 42.72999954223633, 42.61000061035156, 43.16999816894531, 46.45000076293945, 50.189998626708984, 51.56999969482422, 53.56999969482422, 56.0, 54.2400016784668, 51.2599983215332, 55.25, 55.0099983215332, 53.459999084472656, 53.130001068115234, 53.65999984741211, 52.83000183105469, 48.04999923706055, 51.70000076293945, 50.130001068115234, 51.72999954223633, 48.970001220703125, 48.97999954223633, 27.040000915527344, 27.75, 25.860000610351562, 25.59000015258789, 20.389999389648438, 21.149999618530273, 20.5, 20.559999465942383, 21.06999969482422, 21.770000457763672, 21.940000534057617, 22.34000015258789, 23.690000534057617, 27.420000076293945, 26.030000686645508, 26.170000076293945, 24.299999237060547, 23.709999084472656, 23.5, 21.459999084472656, 21.6299991607666, 19.18000030517578, 17.579999923706055, 16.68000030517578, 17.110000610351562]
assets:[0, 99.99823108329774, 215.83719268341065, 304.43984431228637, 413.38079810028074, 527.0745443534852, 625.5957679611206, 733.8165798751832, 889.573254611206, 1061.1972549636841, 1190.374831955719, 1336.5393503860473, 1497.1656, 1550.114159968567, 1564.94724475708, 1786.7629, 1879.0040176677703, 1926.0621930152895, 2014.174279492569, 2134.2674679309844, 2201.2571202941895, 2102.091366622925, 2361.7697748527526, 2390.04806092453, 2566.330450290299, 2529.408297052002, 2629.922299420929, 1551.8797325439455, 1692.6279000000002, 1677.3468755889892, 1759.83454649353, 1502.2291270324708, 1658.2213050916673, 1707.25845, 1812.2549849256516, 1957.2091276519775, 2122.233255624771, 2238.805922496414, 2379.6233062534334, 2623.4235521413802, 3136.483322727013, 3077.4853331809995, 3194.0380413116454, 3065.8045437438964, 3091.3665846313475, 3163.98595, 2989.32422246933, 3113.004620216942, 2860.399755512238, 2721.784812187958, 2682.444289077759, 2851.595476722717]
shares:[0, 2.7307, 5.0881, 7.5769, 9.9947, 12.335, 14.6819, 16.9983, 19.1512, 21.1436, 23.0827, 24.9494, 26.7351, 28.5788, 30.5296, 32.3396, 34.1575, 36.0281, 37.9103, 39.7739, 41.6668, 43.748, 45.6822, 47.677, 49.6101, 51.6522, 53.6938, 57.392, 60.9956, 64.8626, 68.7704, 73.6748, 78.4029, 83.2809, 88.1447, 92.8908, 97.4843, 102.0422, 106.5185, 110.7397, 114.3867, 118.2284, 122.0496, 126.1648, 130.3824, 134.6377, 139.2975, 143.9207, 149.1345, 154.8228, 160.818, 166.6625]
growth_rate:-44.09
