ticker:ACAHU
price:[9.989999771118164, 10.020000457763672, 9.9399995803833, 9.920000076293945, 9.949999809265137, 10.029999732971191, 9.9399995803833, 9.930000305175781, 9.930000305175781, 9.920000076293945, 9.930000305175781, 9.899999618530273, 9.899999618530273, 9.9399995803833, 9.920000076293945, 9.989999771118164, 9.9399995803833, 10.0, 9.960000038146973, 9.970000267028809, 9.954999923706055, 9.9399995803833, 9.9399995803833, 9.920000076293945, 9.899999618530273, 9.899999618530273, 9.9399995803833, 9.9399995803833]
assets:[0, 99.99960456848144, 199.20156759071352, 298.80032229804993, 399.7044273379326, 502.9182286108017, 598.4058667383193, 697.8039604454041, 797.8040285186768, 897.0001348987579, 997.9044576683044, 1094.8894678113936, 1194.889363958168, 1299.717567132473, 1397.102058745003, 1506.9604964738846, 1599.4184944806098, 1709.0729999999999, 1802.2371069025992, 1904.0467229965209, 2001.1819586631773, 2098.1669194259644, 2198.1672912044523, 2293.7440816410062, 2389.119387941742, 2489.119284088516, 2599.1766942758563, 2699.1770660543443]
shares:[0, 9.98, 20.0404, 30.121, 40.1713, 50.1414, 60.2018, 70.2723, 80.3428, 90.4234, 100.4939, 110.5949, 120.6959, 130.7563, 140.8369, 150.8469, 160.9073, 170.9073, 180.9475, 190.9776, 201.0228, 211.0832, 221.1436, 231.2242, 241.3252, 251.4262, 261.4866, 271.547]
growth_rate:-0.03
