ticker:ACB
price:[8.510000228881836, 6.980000019073486, 6.53000020980835, 5.050000190734863, 4.579999923706055, 5.03000020980835, 4.019999980926514, 4.679999828338623, 4.050000190734863, 9.789999961853027, 7.079999923706055, 7.130000114440918, 10.470000267028809, 10.890000343322754, 9.90999984741211, 9.600000381469727, 8.869999885559082, 8.3100004196167, 9.989999771118164, 12.039999961853027, 10.649999618530273, 11.149999618530273, 12.800000190734863, 12.479999542236328, 12.210000038146973, 10.520000457763672, 9.600000381469727, 10.569999694824219, 10.140000343322754, 9.109999656677246, 9.140000343322754, 8.90999984741211, 7.880000114440918, 8.350000381469727, 8.9399995803833, 8.899999618530273, 6.860000133514404, 7.599999904632568, 9.65999984741211, 9.15999984741211, 9.819999694824219, 8.729999542236328, 9.109999656677246, 8.619999885559082, 8.239999771118164, 7.039999961853027, 7.079999923706055, 7.019999980926514, 7.320000171661377, 6.78000020980835, 6.679999828338623, 7.179999828338623]
assets:[0, 99.99966827325821, 193.5524712188244, 249.6846344304085, 326.44682256202697, 458.5212381255627, 466.45225578684807, 643.0338484136581, 656.4718209165574, 1686.8786704270362, 1319.928633776474, 1429.2498769403458, 2198.7722990778925, 2386.9748192527773, 2272.1687290145874, 2301.0922514371873, 2226.113628278637, 2185.5699983612058, 2727.417789511871, 3387.0976052684787, 3096.062454102898, 3341.417390681648, 3935.8874186492917, 3937.4897755737306, 3952.3037523479466, 3505.2609965267184, 3298.717571079254, 3732.02483924942, 3680.2015846052172, 3406.3737206261635, 3517.5912841300965, 3529.073630562973, 3221.1115867800713, 3513.2334355020525, 3861.473686754036, 3944.196810944748, 3140.134191115618, 3578.865795091152, 4648.927090566253, 4508.299108900452, 4933.132820693207, 4485.565429796219, 4780.8130338285455, 4623.66708461523, 4519.839282452774, 3961.6100265336036, 4084.119195989608, 4149.5079487257, 4426.837447813797, 4200.267759978056, 4238.31693908453, 4655.556404693699]
shares:[0, 14.3266, 29.6405, 49.4425, 71.2766, 91.1573, 116.0329, 137.4004, 162.0918, 172.3063, 186.4306, 200.4558, 210.0069, 219.1896, 229.2804, 239.6971, 250.9711, 263.0048, 273.0148, 281.3204, 290.7101, 299.6787, 307.4912, 315.504, 323.694, 333.1997, 343.6164, 353.0771, 362.939, 373.9159, 384.8568, 396.0801, 408.7705, 420.7465, 431.9322, 443.1682, 457.7455, 470.9034, 481.2554, 492.1724, 502.3557, 513.8105, 524.7874, 536.3883, 548.5242, 562.7287, 576.853, 591.098, 604.7592, 619.5085, 634.4786, 648.4062]
growth_rate:-8.71
