ticker:ACBAU
price:[10.069999694824219, 10.12600040435791, 10.157999992370605, 10.15999984741211, 10.15999984741211, 10.149999618530273, 10.170000076293945, 10.289999961853027, 10.366999626159668, 10.366999626159668, 10.479999542236328, 10.449999809265137, 10.604000091552734, 10.604000091552734, 11.220000267028809, 10.75, 10.489999771118164, 10.489999771118164, 10.489999771118164, 10.279999732971191, 10.34000015258789, 10.34000015258789]
assets:[0, 100.00032959327699, 200.31677564954757, 300.35601148910524, 400.3558099872589, 499.96157620983126, 600.9463215082169, 708.0374043751717, 813.3356987706185, 913.3357771645547, 1023.2912593029023, 1120.362244550991, 1236.872839078903, 1336.872801542282, 1514.5339800449372, 1551.090625, 1613.5759607933046, 1713.5760796113966, 1813.576198429489, 1877.2698152368546, 1988.2269293403624, 2088.2271388160707]
shares:[0, 9.8756, 19.7201, 29.5626, 39.4051, 49.2573, 59.0901, 68.8083, 78.4543, 88.1003, 97.6423, 107.2117, 116.6421, 126.0725, 134.9852, 144.2875, 153.8204, 163.3533, 172.8862, 182.6138, 192.285, 201.9562]
growth_rate:-0.56
