ticker:ACBI
price:[12.460000038146973, 11.569999694824219, 11.899999618530273, 10.619999885559082, 12.010000228881836, 13.260000228881836, 13.140000343322754, 14.829999923706055, 13.880000114440918, 13.859999656677246, 15.029999732971191, 15.59000015258789, 15.210000038146973, 15.680000305175781, 15.079999923706055, 15.65999984741211, 15.760000228881836, 15.920000076293945, 16.8799991607666, 17.43000030517578, 17.520000457763672, 17.889999389648438, 18.8700008392334, 19.239999771118164, 19.290000915527344, 20.350000381469727, 22.8700008392334, 25.260000228881836, 24.610000610351562, 24.729999542236328, 24.200000762939453, 24.459999084472656, 25.06999969482422, 26.219999313354492, 26.75, 27.290000915527344, 27.6200008392334, 27.479999542236328, 28.1200008392334, 28.290000915527344, 28.100000381469727, 25.299999237060547, 26.020000457763672, 25.299999237060547, 24.709999084472656, 24.219999313354492, 24.15999984741211, 24.0, 25.34000015258789, 25.209999084472656, 24.270000457763672, 24.81999969482422]
assets:[0, 99.99950736236573, 202.85215349731445, 281.0328089715957, 417.8158979625702, 561.3024396886825, 656.222129145813, 840.6222326753616, 886.7723873114586, 985.4944855885506, 1168.6861862366677, 1312.2305798435211, 1380.2451424616816, 1522.89650963974, 1564.622376084137, 1724.8002131938936, 1835.8146586614607, 1954.4522413663865, 2172.3090359979633, 2343.0887960243226, 2455.188040149307, 2607.038051055908, 2849.8494247455596, 3005.728560243416, 3113.5392487724307, 3384.630378446388, 3903.7582012516023, 4411.714611974716, 4398.191025079345, 4519.637405339432, 4522.774442586899, 4671.365733152771, 4887.862742500305, 5212.07701350689, 5417.4314, 5626.791567768097, 5794.833610075951, 5865.460258292771, 6102.065490114403, 6238.955154906464, 6297.0527254852295, 5769.588926013947, 6033.783110150909, 5966.822660066224, 5927.67426737442, 5910.127902445793, 5995.487578134155, 6055.7832, 6493.897043103791, 6560.582094745636, 6415.959073013305, 6661.35533009491]
shares:[0, 8.643, 17.0464, 26.4626, 34.789, 42.3305, 49.9408, 56.6839, 63.8885, 71.1035, 77.7569, 84.1713, 90.7459, 97.1235, 103.7548, 110.1405, 116.4857, 122.7671, 128.6913, 134.4285, 140.1363, 145.726, 151.0254, 156.2229, 161.4069, 166.3209, 170.6934, 174.6522, 178.7156, 182.7593, 186.8915, 190.9798, 194.9686, 198.7825, 202.5208, 206.1851, 209.8057, 213.4447, 217.0009, 220.5357, 224.0944, 228.047, 231.8902, 235.8428, 239.8897, 244.0185, 248.1576, 252.3243, 256.2706, 260.2373, 264.3576, 268.3866]
growth_rate:30.61
