ticker:ACCD
price:[32.599998474121094, 32.650001525878906, 32.36000061035156, 34.31999969482422, 38.7400016784668, 38.935001373291016, 41.630001068115234, 42.0099983215332, 35.02000045776367, 37.459999084472656, 37.349998474121094, 48.93000030517578, 51.84000015258789, 49.349998474121094, 59.279998779296875, 50.9900016784668, 52.41999816894531, 43.5, 49.66999816894531, 52.349998474121094, 59.09000015258789, 50.689998626708984, 53.290000915527344, 52.77000045776367, 52.880001068115234, 44.31999969482422, 39.91999816894531, 46.0099983215332, 43.59000015258789, 41.810001373291016, 46.86000061035156, 47.18000030517578, 47.689998626708984, 48.66999816894531, 50.150001525878906, 44.58000183105469, 42.5099983215332, 45.04999923706055, 50.4900016784668, 51.02000045776367, 53.880001068115234, 52.88999938964844, 52.90999984741211, 54.38999938964844, 53.959999084472656, 46.0, 48.939998626708984, 46.810001373291016, 48.810001373291016, 45.04999923706055, 42.880001068115234, 46.84000015258789]
assets:[0, 100.00042467346192, 199.11108375549315, 311.17257323303227, 451.2474135509491, 553.5194470233918, 691.8323357505799, 798.1479581108093, 765.3446000041962, 918.6690175476075, 1015.9722484939575, 1430.9627519248963, 1616.0653487567902, 1638.43968934021, 2068.119101412964, 1878.9050768489838, 2031.5999330352784, 1785.89685, 2139.207349139404, 2354.629641368103, 2757.7834881214144, 2465.749086198044, 2692.2215042526245, 2765.9501279937745, 2871.7172020053863, 2506.8544147384646, 2357.978483843994, 2817.6983072090147, 2769.4950186946867, 2756.4037795368195, 3189.333815541077, 3311.111293417359, 3446.904337742233, 3617.7383038940425, 3827.749016464233, 3502.6150798645017, 3439.9770801757813, 3745.520006568146, 4297.80992287445, 4442.923679862975, 4791.979534996033, 4803.929887562561, 4905.746402852249, 5142.971489286804, 5202.310491733551, 4534.8824, 4924.7194998088835, 4810.382981124878, 5115.912911938476, 4821.818548340607, 4689.558452814103, 5222.641281013489]
shares:[0, 3.0628, 6.153, 9.0668, 11.6481, 14.2165, 16.6186, 18.999, 21.8545, 24.524, 27.2014, 29.2451, 31.1741, 33.2004, 34.8873, 36.8485, 38.7562, 41.0551, 43.0684, 44.9786, 46.6709, 48.6437, 50.5202, 52.4152, 54.3063, 56.5626, 59.0676, 61.241, 63.5351, 65.9269, 68.0609, 70.1804, 72.2773, 74.332, 76.326, 78.5692, 80.9216, 83.1414, 85.122, 87.082, 88.938, 90.8287, 92.7187, 94.5573, 96.4105, 98.5844, 100.6277, 102.764, 104.8128, 107.0326, 109.3647, 111.4996]
growth_rate:2.4
