ticker:ACER
price:[2.440000057220459, 2.1600000858306885, 2.5899999141693115, 2.5399999618530273, 2.819999933242798, 2.9600000381469727, 2.9000000953674316, 2.7799999713897705, 2.440000057220459, 2.640000104904175, 2.799999952316284, 2.7300000190734863, 2.5999999046325684, 2.5899999141693115, 2.4100000858306885, 2.690000057220459, 2.6500000953674316, 2.619999885559082, 2.490000009536743, 3.8499999046325684, 3.6700000762939453, 3.6500000953674316, 3.990000009536743, 3.8399999141693115, 3.5799999237060547, 3.1500000953674316, 2.869999885559082, 3.4100000858306885, 3.4600000381469727, 2.9800000190734863, 3.180000066757202, 3.0199999809265137, 2.7200000286102295, 2.9200000762939453, 2.9200000762939453, 2.7200000286102295, 2.630000114440918, 2.890000104904175, 2.930000066757202, 3.0, 3.0999999046325684, 2.880000114440918, 2.9800000190734863, 2.859999895095825, 2.619999885559082, 2.4000000953674316, 2.5, 2.559999942779541, 2.5999999046325684, 2.450000047683716, 2.4200000762939453, 2.5399999618530273]
assets:[0, 100.00001197364331, 219.90730971243383, 315.66205125923153, 450.45945733637814, 572.8227593822479, 661.2116217441559, 733.8510484476088, 744.0994894498825, 905.0912999650956, 1059.9453019492387, 1133.4465949189662, 1179.4727967371941, 1274.9362637495517, 1286.3307978118896, 1535.7799436684134, 1612.9429630461216, 1694.6829979766846, 1710.595644551611, 2744.8967020068167, 2716.564150473404, 2801.760148204565, 3162.746125559473, 3143.8459457295653, 3030.9815174062733, 2766.9251187696937, 2620.97602248888, 3214.1214969003677, 3361.249215058231, 2994.9485931691647, 3295.9517731913566, 3230.117687599468, 3009.245103652644, 3330.5132510198596, 3430.5133256326676, 3295.5465946640966, 3286.5028470077514, 3711.4043157203437, 3862.773206009531, 4055.0577, 4290.226268016815, 4085.7588183534617, 4327.625163698959, 4253.358095987749, 3996.4328074368477, 3760.8548694429396, 4017.557, 4213.978273810243, 4379.821519349099, 4227.1396772717235, 4275.3788027874, 4587.3809011044505]
shares:[0, 46.2963, 84.9063, 124.2764, 159.7374, 193.5212, 228.004, 263.9752, 304.9588, 342.8376, 378.5519, 415.1819, 453.6434, 492.2534, 533.7472, 570.9219, 608.6577, 646.8256, 686.9862, 712.9602, 740.2082, 767.6055, 792.6682, 818.7099, 846.6429, 878.3889, 913.2321, 942.5576, 971.4593, 1005.0163, 1036.4628, 1069.5754, 1106.3401, 1140.5867, 1174.8333, 1211.598, 1249.6208, 1284.2229, 1318.3526, 1351.6859, 1383.944, 1418.6662, 1452.2232, 1487.1882, 1525.3561, 1567.0228, 1607.0228, 1646.0853, 1684.5468, 1725.3631, 1766.6854, 1806.0555]
growth_rate:-10.05
