ticker:ACET
price:[14.0, 15.050000190734863, 21.399999618530273, 11.079999923706055, 11.890000343322754, 13.720000267028809, 13.520000457763672, 12.489999771118164, 10.720000267028809, 11.90999984741211, 13.300000190734863, 12.800000190734863, 12.430000305175781, 13.760000228881836, 12.5600004196167, 14.479999542236328, 14.350000381469727, 14.050000190734863, 13.720000267028809, 13.100000381469727, 14.539999961853027, 12.300000190734863, 12.670000076293945, 16.81999969482422, 16.1200008392334, 15.3100004196167, 13.699999809265137, 14.760000228881836, 14.539999961853027, 13.140000343322754, 13.109999656677246, 13.1899995803833, 12.239999771118164, 14.1899995803833, 15.930000305175781, 14.239999771118164, 13.420000076293945, 14.460000038146973, 13.420000076293945, 12.270000457763672, 11.75, 10.539999961853027, 9.699999809265137, 9.930000305175781, 9.25, 7.800000190734863, 8.130000114440918, 7.400000095367432, 6.989999771118164, 7.730000019073486, 6.920000076293945, 8.069999694824219]
assets:[0, 99.99972626733779, 242.1923556827545, 225.39711444797516, 341.87436887159345, 494.4921336241722, 587.2831318843841, 642.5417932252884, 651.4855042281151, 823.8051614456177, 1019.9504146270752, 1081.6064161171914, 1150.3418362426758, 1373.4269028453828, 1353.6515332241058, 1660.57937950325, 1745.6703714056016, 1809.1749695603369, 1866.681496330738, 1882.3272648130417, 2189.2398122563363, 1951.9706702690123, 2110.68897770977, 2902.0352833465577, 2881.261546003151, 2836.483777742386, 2638.199373270321, 2942.3233896263123, 2998.4678721332552, 2809.756495413494, 2903.3418349677086, 3021.0586078903198, 2903.468705706596, 3466.0308505049707, 3991.0417424575808, 3667.635829049492, 3556.438246218681, 3932.04852437315, 3749.2460713148116, 3527.9625566196437, 3478.447675, 3220.241920345116, 3063.6004097592354, 3236.242707458496, 3114.6267000000003, 2726.387886668873, 2941.7348514089585, 2777.5937357962134, 2723.700243814659, 3112.046216678858, 2885.9458958179475, 3465.546774946594]
shares:[0, 6.6445, 11.3174, 20.3427, 28.7531, 36.0417, 43.4381, 51.4445, 60.7729, 69.1692, 76.688, 84.5005, 92.5456, 99.813, 107.7748, 114.6809, 121.6495, 128.7669, 136.0555, 143.6891, 150.5667, 158.6968, 166.5895, 172.5348, 178.7383, 185.27, 192.5693, 199.3444, 206.222, 213.8323, 221.4601, 229.0416, 237.2115, 244.2587, 250.5362, 257.5587, 265.0103, 271.9259, 279.3775, 287.5275, 296.0381, 305.5258, 315.8351, 325.9056, 336.7164, 349.5369, 361.837, 375.3505, 389.6567, 402.5933, 417.0442, 429.4358]
growth_rate:-32.05
