ticker:ACEVU
price:[10.0600004196167, 10.0, 10.239999771118164, 10.140000343322754, 10.050000190734863, 10.029999732971191, 10.02299976348877, 10.0, 9.920000076293945, 10.0, 10.0, 10.09000015258789, 10.100000381469727, 10.279999732971191, 10.800000190734863, 10.729999542236328, 11.050000190734863, 10.890000343322754, 12.8100004196167, 12.270000457763672, 12.510000228881836, 11.369999885559082, 12.300000190734863, 13.96399974822998, 13.890000343322754, 12.5, 11.680000305175781, 11.579999923706055, 11.449999809265137, 10.890000343322754, 11.154999732971191, 10.949999809265137, 10.817999839782715, 10.769000053405762, 11.0600004196167, 11.0, 10.779999732971191, 10.975000381469727, 10.949999809265137, 11.800000190734863, 11.619999885559082, 10.90999984741211, 10.949999809265137, 10.890000343322754, 10.760000228881836, 10.260000228881836, 10.100000381469727, 10.319999694824219, 10.140000343322754, 10.199999809265137, 10.170000076293945, 10.140000343322754]
assets:[0, 100.0, 202.39973947601317, 300.4228601717949, 397.7558925488472, 496.96442076931004, 596.6180586216926, 695.249, 789.6865660734177, 896.0550000000001, 996.0550000000001, 1105.0194837108613, 1206.1147755540846, 1327.6095375145912, 1494.7653863985063, 1585.0773793773649, 1732.3494149022101, 1807.2652529766083, 2225.9015409137724, 2232.070139273071, 2375.7291074661252, 2259.236032260418, 2544.028719449997, 2988.1968017230033, 3072.3611229403496, 2864.90375, 2776.965624556732, 2853.190391201973, 2921.15944633913, 2878.2902527421948, 3048.3312390289307, 3092.310606135941, 3155.0339538731578, 3240.7431854715346, 3428.3147820703507, 3509.7160999999996, 3539.5212823233605, 3703.5479012281417, 3795.111158894062, 4189.70924772234, 4225.798878381729, 4067.595972110367, 4182.509012146092, 4259.590964289665, 4308.742023653603, 4208.521791884422, 4242.891990250969, 4435.3108928421025, 4457.95076493845, 4584.328714275361, 4670.845091040039, 4757.0665790659905]
shares:[0, 10.0, 19.7656, 29.6275, 39.5777, 49.5478, 59.5249, 69.5249, 79.6055, 89.6055, 99.6055, 109.5163, 119.4173, 129.1449, 138.4042, 147.7239, 156.7737, 165.9564, 173.7628, 181.9128, 189.9064, 198.7015, 206.8316, 213.9929, 221.1923, 229.1923, 237.7539, 246.3895, 255.1231, 264.3058, 273.2704, 282.4028, 291.6467, 300.9326, 309.9742, 319.0651, 328.3415, 337.4531, 346.5855, 355.0601, 363.666, 372.8319, 381.9643, 391.147, 400.4407, 410.1873, 420.0883, 429.7782, 439.6401, 449.444, 459.2768, 469.1387]
growth_rate:-6.72
