ticker:ACEV
price:[9.779999732971191, 9.760000228881836, 9.75, 9.720000267028809, 9.710000038146973, 9.65999984741211, 9.710000038146973, 9.770000457763672, 9.6899995803833, 9.850000381469727, 10.020000457763672, 10.149999618530273, 10.149999618530273, 10.260000228881836, 10.220000267028809, 11.4399995803833, 10.930000305175781, 11.1899995803833, 10.520000457763672, 10.949999809265137, 12.5, 12.149999618530273, 11.4399995803833, 10.579999923706055, 10.6899995803833, 10.260000228881836, 10.100000381469727, 10.069999694824219, 9.949999809265137, 9.920000076293945, 9.930000305175781, 9.970000267028809, 10.039999961853027, 9.960000038146973, 9.970000267028809, 9.970000267028809, 9.989999771118164, 10.300000190734863, 9.979999542236328, 9.970000267028809, 9.979999542236328, 9.9399995803833, 9.850000381469727, 9.859999656677246, 9.850000381469727, 9.869999885559082, 9.850000381469727, 9.859999656677246, 9.859999656677246, 9.869999885559082]
assets:[0, 99.99998634510041, 199.89742500000003, 299.28269622192386, 398.9751625674248, 496.92101815071106, 599.4934603551865, 703.1977369476318, 797.4394844676018, 910.6069252658845, 1026.322594887543, 1139.6378971687318, 1239.6377234104157, 1353.0724141845703, 1447.7969198281287, 1720.6262728878023, 1743.9198036918642, 1885.4041482987404, 1872.515897480011, 2049.053754308128, 2439.1025, 2470.8081274248125, 2426.423910999298, 2344.018027096939, 2468.3882501078606, 2469.0988090810774, 2530.594485578728, 2623.07782850647, 2691.820213399601, 2783.703797409248, 2886.510082710266, 2998.1376032998082, 3119.1880321486474, 3194.3343602343557, 3297.5416963188172, 3397.541795997143, 3504.357054711342, 3713.1006287590026, 3697.7415263916014, 3794.036742616558, 3897.841515213394, 3982.219289890766, 4046.1634566993716, 4150.271055488586, 4246.062319441032, 4354.683429508209, 4445.859727178764, 4550.373079557133, 4650.373196075154, 4755.08958486557]
shares:[0, 10.2459, 20.5023, 30.7904, 41.0891, 51.4411, 61.7398, 71.9752, 82.2951, 92.4474, 102.4274, 112.2796, 122.1318, 131.8784, 141.6631, 150.4044, 159.5535, 168.4901, 177.9958, 187.1282, 195.1282, 203.3587, 212.1, 221.5518, 230.9063, 240.6529, 250.5539, 260.4844, 270.5347, 280.6153, 290.6858, 300.7159, 310.6761, 320.7163, 330.7464, 340.7765, 350.7865, 360.4952, 370.5152, 380.5453, 390.5653, 400.6257, 410.778, 420.92, 431.0723, 441.204, 451.3563, 461.4983, 471.6403, 481.772]
growth_rate:-2.96
