ticker:ACGLP
price:[25.610000610351562, 25.700000762939453, 25.270000457763672, 25.59000015258789, 25.549999237060547, 25.68000030517578, 25.56999969482422, 25.799999237060547, 25.489999771118164, 25.610000610351562, 25.719999313354492, 25.950000762939453, 25.649999618530273, 26.0, 25.8799991607666, 25.899999618530273, 25.649999618530273, 25.959999084472656, 25.75, 25.450000762939453, 25.59000015258789, 25.700000762939453, 25.709999084472656, 25.549999237060547, 25.440000534057617, 25.299999237060547, 25.31999969482422, 25.280000686645508, 25.299999237060547, 25.5, 25.739999771118164, 25.799999237060547, 25.729999542236328, 25.649999618530273, 25.389999389648438, 25.5, 25.450000762939453, 25.450000762939453, 25.450000762939453, 25.510000228881836, 25.549999237060547, 25.31999969482422, 25.31999969482422, 25.360000610351562, 25.3700008392334, 25.239999771118164, 25.25, 25.31999969482422, 25.3700008392334, 25.260000228881836, 25.280000686645508, 25.260000228881836]
assets:[0, 100.0012729686737, 198.3290715927124, 300.84115979385376, 400.3710430446625, 502.40866197052003, 600.2557428359986, 705.655779132843, 797.1768018419266, 900.9290894714356, 1004.7980691749573, 1113.7844127456665, 1200.907332139969, 1317.2952, 1411.2156502372743, 1512.3061577259064, 1597.7076962387086, 1717.0177034461976, 1803.1283, 1882.1217214221954, 1992.4757968807223, 2101.041882372284, 2201.8583125923155, 2288.155731674194, 2378.304241927338, 2465.2167456596376, 2567.164385058594, 2663.109032334328, 2765.2165466129304, 2887.07685, 3014.24921119709, 3121.276167699814, 3212.80726884079, 3302.817070880127, 3369.339245004272, 3483.9375, 3577.107042234421, 3677.1077302322387, 3777.108418230057, 3886.012313866234, 3992.105620793152, 4056.1677351119997, 4156.1665419067385, 4262.732070593262, 4364.413929373741, 4442.050659718514, 4543.810725, 4656.406179877472, 4765.602437644959, 4844.938771900177, 4948.775014416695, 5044.859043711662]
shares:[0, 3.8911, 7.8484, 11.7562, 15.6701, 19.5642, 23.475, 27.351, 31.2741, 35.1788, 39.0668, 42.9204, 46.819, 50.6652, 54.5292, 58.3902, 62.2888, 66.1409, 70.0244, 73.9537, 77.8615, 81.7526, 85.6421, 89.556, 93.4868, 97.4394, 101.3888, 105.3445, 109.2971, 113.2187, 117.1037, 120.9797, 124.8662, 128.7648, 132.7034, 136.625, 140.5543, 144.4836, 148.4129, 152.3329, 156.2468, 160.1962, 164.1456, 168.0888, 172.0305, 175.9925, 179.9529, 183.9023, 187.844, 191.8028, 195.7585, 199.7173]
growth_rate:-1.08
