ticker:ACGLO
price:[26.280000686645508, 26.260000228881836, 26.1299991607666, 26.1299991607666, 26.1299991607666, 26.469999313354492, 26.229999542236328, 26.43000030517578, 26.100000381469727, 26.309999465942383, 26.43600082397461, 26.889999389648438, 26.690000534057617, 26.639999389648438, 26.799999237060547, 26.75, 26.579999923706055, 26.5, 26.270000457763672, 26.15999984741211, 26.700000762939453, 26.579999923706055, 26.450000762939453, 26.139999389648438, 26.049999237060547, 25.709999084472656, 25.719999313354492, 26.06999969482422, 25.959999084472656, 26.364999771118164, 26.290000915527344, 26.56999969482422, 26.600000381469727, 26.440000534057617, 26.09000015258789, 26.440000534057617, 26.280000686645508, 26.459999084472656, 26.440000534057617, 26.760000228881836, 26.920000076293945, 26.649999618530273, 26.190000534057617, 26.329999923706055, 26.290000915527344, 25.950000762939453, 26.059999465942383, 26.309999465942383, 26.469999313354492, 26.559999465942383, 26.3799991607666, 26.389999389648438]
assets:[0, 100.00070687160492, 199.5051565923691, 299.50466338062284, 399.5041701688766, 504.70347690773013, 600.1266515266418, 704.7030981369019, 795.9038516326904, 902.3066936843873, 1006.6273957752228, 1123.9159264892578, 1215.5560393228532, 1313.280041911316, 1421.1664395423888, 1518.514575, 1608.863473381996, 1704.02155, 1789.2313421779634, 1881.738493024063, 2020.5812977371215, 2111.4992459392547, 2201.171708491898, 2275.374544871521, 2367.5411556606296, 2436.6394532318113, 2537.586572254181, 2672.1176147201536, 2760.843306633759, 2903.9148967903134, 2995.6535893211367, 3127.5573210777284, 3231.0887463369368, 3311.652370891571, 3367.8146246967312, 3512.99297495842, 3591.7349978450775, 3716.3359774131773, 3813.525885028839, 3959.6799098676684, 4083.3548275726316, 4142.398655705451, 4170.89901105156, 4293.193376560021, 4386.670682762146, 4429.940200241852, 4548.718180781364, 4692.354201751518, 4820.890976943589, 4937.283452723122, 5003.824190812111, 5105.7206839141845]
shares:[0, 3.8081, 7.6351, 11.4621, 15.2891, 19.067, 22.8794, 26.663, 30.4944, 34.2952, 38.0779, 41.7968, 45.5435, 49.2973, 53.0286, 56.7669, 60.5291, 64.3027, 68.1093, 71.9319, 75.6772, 79.4394, 83.2201, 87.0457, 90.8845, 94.774, 98.662, 102.4978, 106.3499, 110.1428, 113.9465, 117.7101, 121.4695, 125.2516, 129.0845, 132.8666, 136.6718, 140.4511, 144.2332, 147.9701, 151.6848, 155.4371, 159.2554, 163.0533, 166.857, 170.7106, 174.5479, 178.3487, 182.1266, 185.8917, 189.6825, 193.4718]
growth_rate:0.11
