ticker:ACGL
price:[31.8700008392334, 30.729999542236328, 29.479999542236328, 28.450000762939453, 29.700000762939453, 31.530000686645508, 30.850000381469727, 31.809999465942383, 30.209999084472656, 31.549999237060547, 34.150001525878906, 33.970001220703125, 33.029998779296875, 34.16999816894531, 33.75, 34.43000030517578, 34.86000061035156, 36.06999969482422, 36.439998626708984, 34.689998626708984, 33.310001373291016, 31.40999984741211, 33.79999923706055, 35.150001525878906, 35.09000015258789, 35.81999969482422, 36.369998931884766, 37.619998931884766, 36.90999984741211, 38.779998779296875, 39.40999984741211, 40.060001373291016, 40.08000183105469, 39.9900016784668, 39.709999084472656, 40.790000915527344, 40.189998626708984, 39.93000030517578, 39.88999938964844, 39.63999938964844, 39.290000915527344, 37.119998931884766, 39.29999923706055, 39.5099983215332, 38.5, 38.08000183105469, 38.529998779296875, 39.0, 40.58000183105469, 41.779998779296875, 42.099998474121094, 41.75]
assets:[0, 99.99849151039125, 195.92997295761108, 289.08330275230406, 401.7845803211212, 526.541552466774, 615.1860276069641, 734.3306566713334, 797.3959468345641, 932.7662624439239, 1109.6359995803834, 1203.7881392578124, 1270.4790850463867, 1414.3269772109986, 1496.9441250000002, 1627.1032834220887, 1747.4237645950318, 1908.0777348564147, 2027.6490635852815, 2030.2737976264955, 2049.5077574962615, 2032.6039101257325, 2287.2662283714294, 2478.623447598267, 2574.3918971946714, 2727.9472987586973, 2869.8329577186582, 3068.4676888793947, 3110.557018140793, 3368.1475999786376, 3522.863827360153, 3680.9693101867674, 3782.806684817505, 3874.3113426132204, 3947.1858219963074, 4154.539094248199, 4193.428475710678, 4266.300917606353, 4362.027279257202, 4434.689255717468, 4495.534401753998, 4347.2455709095, 4702.551448708344, 4827.679282910156, 4804.2687, 4851.860617298889, 5009.196522299194, 5170.3002, 5479.765185258484, 5741.808520239258, 5885.786076674653, 5936.8541749999995]
shares:[0, 3.2541, 6.6462, 10.1611, 13.5281, 16.6997, 19.9412, 23.0849, 26.3951, 29.5647, 32.493, 35.4368, 38.4644, 41.3909, 44.3539, 47.2583, 50.1269, 52.8993, 55.6435, 58.5262, 61.5283, 64.712, 67.6706, 70.5156, 73.3654, 76.1571, 78.9066, 81.5648, 84.2741, 86.8527, 89.3901, 91.8864, 94.3814, 96.882, 99.4003, 101.8519, 104.3401, 106.8445, 109.3514, 111.8741, 114.4193, 117.1133, 119.6578, 122.1888, 124.7862, 127.4123, 130.0077, 132.5718, 135.0361, 137.4296, 139.8049, 142.2001]
growth_rate:16.41
