ticker:ACHC
price:[29.809999465942383, 29.899999618530273, 29.440000534057617, 28.260000228881836, 30.950000762939453, 32.40999984741211, 33.209999084472656, 31.190000534057617, 35.650001525878906, 38.290000915527344, 41.790000915527344, 43.11000061035156, 43.18000030517578, 42.91999816894531, 47.02000045776367, 48.939998626708984, 49.27000045776367, 50.2599983215332, 52.0099983215332, 50.7400016784668, 52.0099983215332, 50.68000030517578, 54.400001525878906, 53.130001068115234, 51.810001373291016, 55.2400016784668, 54.97999954223633, 59.720001220703125, 57.20000076293945, 57.709999084472656, 56.79999923706055, 59.709999084472656, 62.119998931884766, 62.189998626708984, 60.91999816894531, 63.97999954223633, 65.62000274658203, 62.13999938964844, 64.36000061035156, 65.5999984741211, 67.80000305175781, 61.560001373291016, 65.55999755859375, 63.439998626708984, 63.22999954223633, 59.189998626708984, 61.58000183105469, 61.720001220703125, 62.52000045776367, 61.900001525878906, 63.220001220703125, 66.08000183105469]
assets:[0, 100.00054872417451, 198.4609316001892, 290.50715035285947, 418.1592703079223, 537.8860804676056, 651.1617360488891, 711.5561961837769, 913.3031290908814, 1080.93438384552, 1279.7393770362855, 1420.1598171066285, 1522.4663587600708, 1613.298351173401, 1867.4134241802215, 2043.66582665329, 2157.4446340446475, 2300.797177163315, 2480.908125936127, 2520.3269193717956, 2683.409054401016, 2714.7907803474427, 3014.059284542084, 3043.695562189865, 3068.0742993232725, 3371.1923464336396, 3455.322533230972, 3853.2180867614748, 3790.6268905597685, 3924.4242127418515, 3962.544026774978, 4265.556943596649, 4537.723045976639, 4642.837880475998, 4648.025284295654, 4981.495560358429, 5209.184860034943, 5032.929826565552, 5312.737842382813, 5515.096831716919, 5800.052961067199, 5366.240723711014, 5814.922655456543, 5726.887276029586, 5807.928377952576, 5536.839636537552, 5860.408666256714, 5973.730790148926, 6151.1615370380405, 6190.161092591858, 6422.165892004395, 6812.696204777527]
shares:[0, 3.3445, 6.7412, 10.2798, 13.5108, 16.5963, 19.6074, 22.8136, 25.6186, 28.2302, 30.6231, 32.9427, 35.2586, 37.5885, 39.7153, 41.7586, 43.7882, 45.7779, 47.7006, 49.6714, 51.5941, 53.5673, 55.4055, 57.2877, 59.2178, 61.0281, 62.8469, 64.5214, 66.2697, 68.0025, 69.7631, 71.4379, 73.0477, 74.6557, 76.2972, 77.8602, 79.3841, 80.9934, 82.5472, 84.0716, 85.5465, 87.1709, 88.6962, 90.2725, 91.854, 93.5435, 95.1674, 96.7876, 98.3871, 100.0026, 101.5844, 103.0977]
growth_rate:33.58
