ticker:ACHL
price:[16.0, 13.779999732971191, 15.149999618530273, 16.600000381469727, 15.550000190734863, 14.170000076293945, 13.029999732971191, 13.510000228881836, 12.630000114440918, 12.609999656677246, 12.609999656677246, 11.539999961853027, 10.930000305175781, 9.699999809265137, 7.110000133514404, 6.690000057220459, 6.420000076293945, 5.829999923706055, 6.21999979019165, 6.449999809265137, 6.199999809265137, 6.5, 6.489999771118164]
assets:[0, 100.00008006219863, 209.94263471374512, 330.0362275842666, 409.1609350187302, 472.85006854591364, 534.8085210399628, 654.5095240884781, 711.8773264503478, 810.7498399263383, 910.7496592037202, 933.4694429142952, 984.1262974777222, 973.3784908600807, 813.4764452757835, 865.4230904020786, 930.4955510578156, 944.9829386335373, 1108.1980806190968, 1249.1766230602266, 1300.7587199838638, 1463.6986000000002, 1561.446567932701]
shares:[0, 7.2569, 13.8576, 19.8817, 26.3126, 33.3698, 41.0444, 48.4463, 56.364, 64.2942, 72.2244, 80.8899, 90.039, 100.3483, 114.413, 129.3607, 144.937, 162.0897, 178.1669, 193.6708, 209.7998, 225.1844, 240.5927]
growth_rate:-29.03
