ticker:ACHV
price:[7.360000133514404, 7.980000019073486, 10.229999542236328, 9.15999984741211, 8.40999984741211, 9.619999885559082, 8.899999618530273, 8.859999656677246, 7.860000133514404, 8.210000038146973, 9.710000038146973, 9.079999923706055, 9.100000381469727, 7.239999771118164, 7.690000057220459, 7.460000038146973, 7.980000019073486, 8.100000381469727, 8.8100004196167, 9.75, 11.779999732971191, 12.199999809265137, 13.65999984741211, 15.770000457763672, 14.119999885559082, 11.420000076293945, 10.59000015258789, 11.649999618530273, 12.289999961853027, 11.84000015258789, 11.550000190734863, 11.399999618530273, 9.930000305175781, 10.960000038146973, 10.789999961853027, 10.079999923706055, 9.40999984741211, 9.15999984741211, 8.010000228881836, 8.649999618530273, 8.710000038146973, 7.71999979019165, 8.350000381469727, 8.819999694824219, 8.09000015258789, 7.53000020980835, 7.78000020980835, 7.309999942779541, 7.239999771118164, 7.28000020980835, 6.909999847412109, 7.860000133514404]
assets:[0, 99.99977423901558, 228.19548478889465, 304.3272549304962, 379.40957411613465, 533.9975356474876, 594.0313645387649, 691.3617212099076, 713.3295961170197, 845.0938909266472, 1099.4963183195114, 1128.1591185207367, 1230.6440115882874, 1079.106037885666, 1246.1775822726727, 1308.9054966931344, 1500.1426475855826, 1622.7014264211653, 1864.9378908262254, 2163.92085, 2714.4606264686586, 2911.240814485645, 3359.6346164714814, 3978.5834524883267, 3662.3086063174246, 3062.0092184564587, 2939.46422435379, 3333.6881658411025, 3616.82654677372, 3584.3954701938633, 3596.601914393711, 3649.8922778663637, 3279.2485457801818, 3719.392188945579, 3761.700422700882, 3614.173892644882, 3473.946103668213, 3481.651822002411, 3144.545063853836, 3495.7944108335496, 3620.043247854614, 3308.58038208189, 3678.5809780559543, 3985.6387920951843, 3755.761536838532, 3595.7829281892778, 3815.165060886049, 3684.685881157398, 3749.4018494682314, 3870.117271536112, 3773.4216996746068, 4392.1987286083695]
shares:[0, 12.5313, 22.3065, 33.2235, 45.1141, 55.5091, 66.7451, 78.0318, 90.7544, 102.9347, 113.2334, 124.2466, 135.2356, 149.0478, 162.0517, 175.4565, 187.9878, 200.3335, 211.6842, 221.9406, 230.4296, 238.6263, 245.9469, 252.2881, 259.3703, 268.1269, 277.5698, 286.1535, 294.2902, 302.7361, 311.3941, 320.166, 330.2365, 339.3606, 348.6284, 358.549, 369.176, 380.093, 392.5774, 404.1381, 415.6192, 428.5726, 440.5486, 451.8865, 464.2474, 477.5276, 490.3811, 504.061, 517.8732, 531.6095, 546.0813, 558.8039]
growth_rate:-13.88
