ticker:ACIU
price:[7.289999961853027, 7.789999961853027, 8.979999542236328, 4.784999847412109, 4.849999904632568, 5.130000114440918, 4.880000114440918, 4.989999771118164, 4.820000171661377, 4.840000152587891, 5.139999866485596, 5.429999828338623, 5.570000171661377, 5.099999904632568, 4.920000076293945, 5.489999771118164, 5.510000228881836, 5.170000076293945, 5.78000020980835, 5.929999828338623, 6.329999923706055, 5.980000019073486, 7.050000190734863, 8.1899995803833, 8.010000228881836, 7.590000152587891, 7.429999828338623, 7.800000190734863, 7.980000019073486, 7.630000114440918, 7.690000057220459, 6.869999885559082, 6.730000019073486, 6.78000020980835, 6.760000228881836, 6.150000095367432, 6.210000038146973, 6.300000190734863, 6.090000152587891, 6.28000020980835, 7.679999828338623, 7.929999828338623, 8.180000305175781, 8.34000015258789, 8.079999923706055, 7.389999866485596, 7.460000038146973, 7.28000020980835, 7.230000019073486, 6.639999866485596, 6.5, 6.940000057220459]
assets:[0, 100.0002295103073, 215.27663102607727, 214.71012065315244, 317.6269787543774, 435.96433872556685, 514.7185000706672, 626.3208192718505, 704.9833471075535, 807.9087974704743, 957.9859791157722, 1112.0357288446428, 1240.7069552372454, 1236.0150668871402, 1292.3910320409775, 1542.1189757080078, 1647.7369164459228, 1646.0618482910156, 1940.2778664301873, 2090.630927480507, 2331.651673897171, 2302.7293713446616, 2814.7562861520764, 3369.9080053419116, 3395.844403034592, 3317.784888700104, 3347.8449866519927, 3614.5614283875466, 3797.9740770777703, 3731.396619966507, 3860.7391517273427, 3549.060489879513, 3576.7359051368235, 3703.309338599586, 3792.3851404035568, 3550.1730400521756, 3684.8090926351547, 3838.212116203308, 3810.2719314682004, 4029.1476546096796, 5027.364751629639, 5291.015628464937, 5557.819407348633, 5766.529641503906, 5686.757274303818, 5301.130680224991, 5451.344299875641, 5419.810916198016, 5482.58709846363, 5135.183336743831, 5126.9114, 5573.963757957458]
shares:[0, 12.837, 23.9729, 44.8715, 65.4901, 84.9833, 105.4751, 125.5152, 146.2621, 166.9233, 186.3786, 204.7948, 222.7481, 242.3559, 262.6811, 280.896, 299.0448, 318.3872, 335.6882, 352.5516, 368.3494, 385.0718, 399.2562, 411.4662, 423.9506, 437.1258, 450.5848, 463.4053, 475.9366, 489.0428, 502.0467, 516.6027, 531.4615, 546.2108, 561.0037, 577.2639, 593.367, 609.24, 625.6604, 641.584, 654.6048, 667.2151, 679.44, 691.4304, 703.8066, 717.3384, 730.7432, 744.4795, 758.3108, 773.371, 788.7556, 803.1648]
growth_rate:9.29
