ticker:ACIW
price:[29.110000610351562, 24.65999984741211, 25.469999313354492, 25.239999771118164, 27.260000228881836, 30.079999923706055, 31.530000686645508, 32.13999938964844, 29.170000076293945, 33.08000183105469, 31.780000686645508, 32.130001068115234, 33.13999938964844, 38.84000015258789, 39.279998779296875, 38.540000915527344, 38.529998779296875, 38.43000030517578, 39.209999084472656, 38.45000076293945, 40.29999923706055, 38.38999938964844, 40.529998779296875, 41.31999969482422, 42.43000030517578, 38.2599983215332, 38.290000915527344, 40.689998626708984, 39.34000015258789, 38.209999084472656, 38.810001373291016, 40.20000076293945, 40.68000030517578, 40.369998931884766, 37.779998779296875, 38.33000183105469, 39.84000015258789, 39.599998474121094, 38.2599983215332, 39.130001068115234, 39.34000015258789, 37.849998474121094, 38.189998626708984, 37.279998779296875, 37.15999984741211, 35.36000061035156, 35.189998626708984, 34.29999923706055, 32.41999816894531, 31.959999084472656, 31.229999542236328, 31.8700008392334]
assets:[0, 100.0012313812256, 203.28625251960753, 301.4514132663727, 425.5776715732575, 569.6039025552749, 697.0621021802903, 810.5482866073609, 835.6475771856308, 1047.6601979904176, 1106.4874619070054, 1218.6748755130766, 1356.9835550079347, 1690.3828346408845, 1809.531343765259, 1875.4412325515746, 1974.9552654296874, 2069.828287436676, 2211.839969355011, 2268.9691500217436, 2478.139643085098, 2460.687629878235, 2697.8550507446294, 2850.4395189476013, 3027.011380771637, 2829.518175868988, 2931.735184098816, 3215.4945894767757, 3208.8103864459995, 3216.6399949279785, 3367.151838146591, 3587.749568090439, 3730.5879039863585, 3802.1595354019164, 3658.2259477996827, 3811.4817200775146, 4061.632239556122, 4137.166280585479, 4097.171396257019, 4290.338533111572, 4413.3618511180875, 4346.205559787751, 4485.247302713013, 4478.371693359375, 4563.957737259293, 4442.885068688965, 4521.5242145473485, 4507.1708197463995, 4360.12989174347, 4398.264762007141, 4397.802289537811, 4587.9256458139425]
shares:[0, 4.0552, 7.9814, 11.9434, 15.6118, 18.9363, 22.1079, 25.2193, 28.6475, 31.6705, 34.8171, 37.9295, 40.947, 43.5217, 46.0675, 48.6622, 51.2576, 53.8597, 56.4101, 59.0109, 61.4923, 64.0971, 66.5644, 68.9845, 71.3413, 73.955, 76.5666, 79.0242, 81.5661, 84.1832, 86.7599, 89.2475, 91.7057, 94.1828, 96.8297, 99.4386, 101.9486, 104.4739, 107.0876, 109.6432, 112.1851, 114.8271, 117.4456, 120.128, 122.8191, 125.6472, 128.4889, 131.4044, 134.4889, 137.6178, 140.8198, 143.9575]
growth_rate:-10.04
