ticker:ACKIT
price:[10.210000038146973, 10.220000267028809, 10.199999809265137, 10.100000381469727, 9.899999618530273, 9.9399995803833, 9.9399995803833, 9.899999618530273, 9.899999618530273, 9.989999771118164, 9.949999809265137, 9.932999610900879, 9.970000267028809, 9.9399995803833, 9.9399995803833, 9.899999618530273, 9.949999809265137, 9.960000038146973, 9.979999542236328, 9.986000061035156, 9.960000038146973, 9.930000305175781, 9.961000442504883, 9.944000244140625, 9.949999809265137, 9.949999809265137, 9.960000038146973, 9.970000267028809, 9.970000267028809, 9.970000267028809, 9.989999771118164]
assets:[0, 99.99963661279679, 199.80371626377107, 297.84497124938963, 391.9469248973847, 493.5309191656113, 593.5312909440994, 691.1427333686828, 791.1426295154571, 898.3347454181671, 994.7382959315299, 1093.0391967830658, 1197.1108930624962, 1293.5090433945654, 1393.5094151730539, 1487.9016326677324, 1595.4167994169236, 1697.0206624996185, 1800.4278454177856, 1901.5101652221679, 1996.5596956468582, 2090.5460832481385, 2197.0729651021957, 2293.3231235046387, 2394.7072490950586, 2494.7077321781157, 2597.2154259473796, 2699.823231309986, 2799.8233309883117, 2899.8234306666373, 3005.640282137489]
shares:[0, 9.7847, 19.5886, 29.4896, 39.5906, 49.651, 59.7114, 69.8124, 79.9134, 89.9234, 99.9737, 110.0412, 120.0713, 130.1317, 140.1921, 150.2931, 160.3434, 170.3836, 180.4036, 190.4176, 200.4578, 210.5283, 220.5675, 230.6238, 240.6741, 250.7244, 260.7646, 270.7947, 280.8248, 290.8549, 300.8649]
growth_rate:0.19
