ticker:ACKIU
price:[10.180000305175781, 10.289999961853027, 10.324999809265137, 10.491000175476074, 10.470000267028809, 10.350000381469727, 10.720000267028809, 10.699999809265137, 10.770000457763672, 10.579999923706055, 10.350000381469727, 10.289999961853027, 10.1899995803833, 10.149999618530273, 10.149999618530273, 10.210000038146973, 10.199999809265137, 10.1899995803833, 10.230999946594238, 10.251999855041504, 10.199999809265137, 10.140000343322754, 10.180000305175781, 10.204000473022461, 10.260000228881836, 10.220999717712402, 10.239999771118164, 10.229999542236328, 10.284000396728516, 10.34000015258789, 10.234999656677246, 10.229999542236328, 10.220000267028809, 10.220000267028809, 10.258999824523926, 10.1899995803833, 10.220000267028809]
assets:[0, 100.00027762928009, 200.34010129909518, 303.5612864774704, 402.95366527700423, 498.33492336711885, 616.1502393479348, 715.0007372546197, 819.6788868392945, 905.2184454723358, 985.5394563240051, 1079.8264219968796, 1169.332002847767, 1264.7417174669265, 1364.7415437086106, 1472.8088415027619, 1571.3660706162452, 1669.825041237831, 1776.5435699264526, 1880.1901182149888, 1970.6532231497765, 2059.060917716217, 2167.1836169677736, 2272.293151335716, 2384.7636591997148, 2475.6988665251733, 2580.3007423257827, 2677.781151176834, 2791.9158537044523, 2907.1189609004973, 2977.59782861948, 3076.143471351242, 3173.1363429079056, 3273.135979520702, 3385.6258788902283, 3462.854310402203, 3573.04904135685]
shares:[0, 9.7182, 19.4034, 28.9354, 38.4865, 48.1483, 57.4767, 66.8225, 76.1076, 85.5594, 95.2212, 104.9394, 114.7529, 124.6051, 134.4573, 144.2516, 154.0555, 163.869, 173.6432, 183.3974, 193.2013, 203.0632, 212.8864, 222.6865, 232.4331, 242.2169, 251.9825, 261.7577, 271.4815, 281.1527, 290.9231, 300.6983, 310.483, 320.2677, 330.0152, 339.8287, 349.6134]
growth_rate:-0.75
