ticker:ACLS
price:[22.649999618530273, 20.5, 22.540000915527344, 21.520000457763672, 22.25, 23.780000686645508, 23.6299991607666, 23.040000915527344, 22.06999969482422, 24.260000228881836, 26.010000228881836, 26.399999618530273, 27.219999313354492, 29.239999771118164, 28.360000610351562, 29.670000076293945, 29.15999984741211, 29.1200008392334, 31.68000030517578, 34.91999816894531, 40.09000015258789, 34.2400016784668, 36.900001525878906, 39.7599983215332, 39.75, 36.869998931884766, 37.20000076293945, 39.790000915527344, 38.470001220703125, 39.189998626708984, 47.599998474121094, 44.33000183105469, 42.65999984741211, 43.970001220703125, 41.529998779296875, 41.02000045776367, 38.29999923706055, 39.58000183105469, 41.439998626708984, 41.5099983215332, 41.5099983215332, 38.4900016784668, 39.119998931884766, 39.5099983215332, 37.970001220703125, 34.5, 37.54999923706055, 38.54999923706055, 45.560001373291016, 43.06999969482422, 42.52000045776367, 51.66999816894531]
assets:[0, 99.999, 209.951092527771, 300.4493343910217, 410.64155, 538.8785955600739, 635.4792044305801, 719.6129565948486, 789.3158830856323, 967.6392211292267, 1137.4407190092086, 1254.4963018730164, 1393.4625368488312, 1596.8724115001678, 1648.8135674850464, 1824.975001692772, 1893.6066500911713, 1991.0101693805696, 2266.0450778289796, 2597.7999317825315, 3082.4118687320706, 2732.6226299549103, 3044.910635912323, 3380.911937274933, 3480.060825, 3327.919286590958, 3457.7065909145354, 3798.445004398346, 3772.433718704224, 3943.039007828522, 4889.195763270569, 4653.320292205811, 4578.019489625168, 4818.602081774902, 4651.206202285767, 4694.086834383774, 4482.827240701676, 4732.644146942139, 5055.045800479507, 5163.586429209137, 5263.588166165542, 4980.6447071952825, 5162.165523054505, 5313.628556266022, 5206.518710385132, 4830.70725, 5357.769071141052, 5600.451369161988, 6718.847302522659, 6451.640455286407, 6469.252241646957, 7961.390822868348]
shares:[0, 4.878, 9.3146, 13.9614, 18.4558, 22.661, 26.8929, 31.2332, 35.7642, 39.8862, 43.7309, 47.5188, 51.1926, 54.6126, 58.1387, 61.5091, 64.9385, 68.3726, 71.5292, 74.3929, 76.8873, 79.8079, 82.5179, 85.033, 87.5487, 90.2609, 92.9491, 95.4623, 98.0617, 100.6134, 102.7142, 104.97, 107.3141, 109.5884, 111.9963, 114.4341, 117.0451, 119.5716, 121.9847, 124.3938, 126.8029, 129.401, 131.9572, 134.4882, 137.1219, 140.0205, 142.6836, 145.2776, 147.4725, 149.7943, 152.1461, 154.0815]
growth_rate:56.11
