ticker:ACMR
price:[82.06999969482422, 66.36000061035156, 72.83999633789062, 69.86000061035156, 73.0, 75.44999694824219, 75.5999984741211, 67.97000122070312, 70.37000274658203, 91.36000061035156, 84.4000015258789, 75.2300033569336, 83.72000122070312, 77.7300033569336, 71.9800033569336, 74.47000122070312, 69.66999816894531, 81.25, 103.76000213623047, 94.5999984741211, 97.5999984741211, 90.0, 98.2300033569336, 135.22999572753906, 123.55999755859375, 97.16000366210938, 88.0999984741211, 91.62000274658203, 90.7300033569336, 83.36000061035156, 90.08000183105469, 87.86000061035156, 78.18000030517578, 82.38999938964844, 78.94999694824219, 76.06999969482422, 64.83999633789062, 66.19000244140625, 75.9800033569336, 83.94999694824219, 88.7699966430664, 101.75, 103.69999694824219, 100.61000061035156, 82.75, 75.22000122070312, 87.48999786376953, 92.86000061035156, 88.16000366210938, 83.37999725341797, 82.87000274658203, 87.73999786376953]
assets:[0, 99.99788491973877, 209.76462145385742, 301.1804346313477, 414.7203, 528.6404036178589, 629.6950672904968, 666.139996963501, 789.6640228210449, 1125.208039517212, 1139.484420600891, 1115.6835187843321, 1341.5962755615233, 1345.6074071128844, 1346.0692507766726, 1492.632022467041, 1496.4209896713257, 1845.146875, 2456.341658571625, 2339.495802264404, 2513.6879607009887, 2417.949, 2739.055236605072, 3870.7693057067872, 3636.729052142334, 2959.697747555542, 2783.7132717864993, 2994.938783782196, 3065.8484704338075, 2916.808101356506, 3251.942114102173, 3271.8009907287596, 3011.32943375473, 3273.4864997497557, 3236.807764883423, 3218.7346830871584, 2843.564523397827, 3002.769031756592, 3546.8985167083742, 4018.954993902588, 4349.703204511261, 5085.719375000001, 5283.183004522705, 5225.753858702087, 4398.0963, 4097.880358502197, 4866.333665179443, 5265.022744606018, 5098.539859790039, 4922.0963358634945, 4991.989521450805, 5385.349458881378]
shares:[0, 1.5069, 2.8798, 4.3112, 5.6811, 7.0065, 8.3293, 9.8005, 11.2216, 12.3162, 13.501, 14.8303, 16.0248, 17.3113, 18.7006, 20.0434, 21.4787, 22.7095, 23.6733, 24.7304, 25.755, 26.8661, 27.8841, 28.6236, 29.4329, 30.4621, 31.5972, 32.6887, 33.7909, 34.9905, 36.1006, 37.2388, 38.5179, 39.7316, 40.9982, 42.3128, 43.8551, 45.3659, 46.682, 47.8732, 48.9997, 49.9825, 50.9468, 51.9407, 53.1492, 54.4786, 55.6216, 56.6985, 57.8328, 59.0321, 60.2388, 61.3785]
growth_rate:5.6
