ticker:ACNB
price:[22.75, 20.8799991607666, 21.700000762939453, 20.25, 20.700000762939453, 21.889999389648438, 20.8799991607666, 22.25, 20.8700008392334, 21.739999771118164, 23.579999923706055, 25.639999389648438, 26.549999237060547, 27.25, 27.600000381469727, 25.299999237060547, 25.09000015258789, 25.0, 25.90999984741211, 26.100000381469727, 27.170000076293945, 25.049999237060547, 27.100000381469727, 26.559999465942383, 26.8700008392334, 27.610000610351562, 31.260000228881836, 33.4900016784668, 31.34000015258789, 30.93000030517578, 29.889999389648438, 29.1299991607666, 28.450000762939453, 27.350000381469727, 27.5, 28.780000686645508, 28.530000686645508, 28.719999313354492, 28.799999237060547, 28.93000030517578, 28.219999313354492, 27.6299991607666, 28.020000457763672, 28.969999313354492, 27.530000686645508, 28.31999969482422, 28.049999237060547, 27.93000030517578, 28.780000686645508, 28.739999771118164, 28.229999542236328, 28.950000762939453]
assets:[0, 100.00057998065948, 203.92792716979983, 290.301975, 396.7527746231079, 519.5613245132446, 595.5894480613708, 734.6682999999999, 789.1030797317505, 921.9977382930756, 1100.0329344408035, 1296.135301145935, 1442.1375485588073, 1580.159375, 1700.4553435026169, 1658.7514399791717, 1744.9844206123353, 1838.7250000000001, 2005.6542231884005, 2120.3614209905627, 2307.2872744789124, 2227.2555521652225, 2509.5250753250125, 2559.5207485342025, 2689.3942009981156, 2863.460773300171, 3342.006624469757, 3680.417224456787, 3544.140329255676, 3597.7745424980167, 3576.801721961975, 3585.856288691711, 3602.1484815982817, 3562.8736096939087, 3682.415, 3953.8137623317716, 4019.4691177385334, 4146.237372870636, 4257.786127207184, 4377.004898171997, 4369.58469367981, 4378.230326015663, 4540.030238170623, 4793.955486373901, 4655.66448812027, 4889.263867313384, 4942.651095563507, 5021.506824867248, 5274.3265338371275, 5366.996651257897, 5371.756754894257, 5608.761567811584]
shares:[0, 4.7893, 9.3976, 14.3359, 19.1668, 23.7351, 28.5244, 33.0188, 37.8104, 42.4102, 46.6511, 50.5513, 54.3178, 57.9875, 61.6107, 65.5633, 69.549, 73.549, 77.4085, 81.2399, 84.9204, 88.9124, 92.6024, 96.3675, 100.0891, 103.711, 106.91, 109.896, 113.0868, 116.3199, 119.6655, 123.0984, 126.6133, 130.2696, 133.906, 137.3806, 140.8857, 144.3676, 147.8398, 151.2964, 154.84, 158.4593, 162.0282, 165.48, 169.1124, 172.6435, 176.2086, 179.789, 183.2636, 186.7431, 190.2854, 193.7396]
growth_rate:9.98
