ticker:ACOR
price:[2.880000114440918, 2.700000047683716, 3.240000009536743, 3.7200000286102295, 3.359999895095825, 4.440000057220459, 4.019999980926514, 5.039999961853027, 5.21999979019165, 4.860000133514404, 4.980000019073486, 4.260000228881836, 4.139999866485596, 4.800000190734863, 4.5, 4.559999942779541, 4.320000171661377, 4.139999866485596, 4.110000133514404, 6.699999809265137, 7.599999904632568, 6.739999771118164, 7.349999904632568, 7.53000020980835, 6.630000114440918, 5.820000171661377, 5.21999979019165, 5.860000133514404, 5.739999771118164, 4.949999809265137, 4.78000020980835, 4.190000057220459, 4.190000057220459, 4.699999809265137, 5.21999979019165, 4.599999904632568, 4.489999771118164, 4.0, 3.7200000286102295, 3.609999895095825, 3.8499999046325684, 4.460000038146973, 5.190000057220459, 4.510000228881836, 4.210000038146973, 3.690000057220459, 4.730000019073486, 3.75, 3.6500000953674316, 3.5799999237060547, 3.880000114440918, 4.28000020980835]
assets:[0, 99.99990176606178, 219.9998886475563, 352.5923907117605, 418.4705149347305, 652.9788204152584, 691.2104547204494, 966.5923606840133, 1101.113541742754, 1125.174594910908, 1252.9565507988452, 1171.8063569589617, 1238.797670048952, 1536.2871010465622, 1540.269, 1660.8057871596336, 1673.3948344947337, 1703.6699750568866, 1791.324652191639, 3020.1642740222933, 3525.8580757563113, 3226.8793604192733, 3618.926068043852, 3807.5528890898227, 3452.4671425932884, 3130.6723763394357, 2907.9225091213702, 3364.4493426557065, 3395.5525426027298, 3028.220298315716, 3024.221048742008, 2750.9382525680066, 2850.938050933647, 3297.949446162987, 3762.8290187599655, 3415.9028891813277, 3434.218081937599, 3159.4372, 3038.2765433671475, 3048.43480941453, 3351.100746990681, 3982.0543920590403, 4733.825521191073, 4213.593993839264, 4033.310546545982, 3635.1345533696654, 4759.670836193132, 3873.5235, 3870.229786121607, 3896.0061589715956, 4322.487355492115, 4868.104766637612]
shares:[0, 37.037, 67.9012, 94.7829, 124.5448, 147.0673, 171.9429, 191.7842, 210.9413, 231.5174, 251.5977, 275.0719, 299.2265, 320.0598, 342.282, 364.2118, 387.3599, 411.5145, 435.8454, 450.7708, 463.9287, 478.7655, 492.3709, 505.6511, 520.7341, 537.9162, 557.0733, 574.1381, 591.5597, 611.7617, 632.6822, 656.5485, 680.4148, 701.6914, 720.8485, 742.5876, 764.8593, 789.8593, 816.741, 844.4418, 870.4158, 892.8373, 912.1051, 934.278, 958.031, 985.1313, 1006.2729, 1032.9396, 1060.3369, 1088.2699, 1114.0431, 1137.4076]
growth_rate:-4.55
