ticker:ACQRU
price:[10.119999885559082, 10.079999923706055, 10.024999618530273, 10.050000190734863, 10.0600004196167, 10.15999984741211, 10.024999618530273, 10.0649995803833, 10.029999732971191, 9.979999542236328, 10.0, 10.039999961853027, 10.045000076293945, 10.029999732971191, 10.0, 9.979999542236328, 10.020000457763672, 10.0, 10.029999732971191, 10.020000457763672, 10.010000228881836, 9.970000267028809, 9.970000267028809, 9.880000114440918, 9.880000114440918, 9.880000114440918, 9.880000114440918]
assets:[0, 99.99964724311829, 199.45438491039278, 299.95130069265366, 400.25019469499586, 504.2286004272461, 597.5290747629166, 699.9130253201484, 797.4792607686996, 893.5033710166931, 995.294, 1099.2755798233031, 1199.823025112915, 1298.0314124424933, 1394.149, 1491.3602335941314, 1597.3373709743498, 1694.149, 1799.231502099037, 1897.4373866844178, 1995.5435956287383, 2087.5695029118538, 2187.5696025901793, 2267.8226222683907, 2367.8230434267043, 2467.823464585018, 2567.823885743332]
shares:[0, 9.9206, 19.8957, 29.8459, 39.7863, 49.6288, 59.6039, 69.5393, 79.5094, 89.5294, 99.5294, 109.4896, 119.4448, 129.4149, 139.4149, 149.4349, 159.4149, 169.4149, 179.385, 189.365, 199.355, 209.3851, 219.4152, 229.5367, 239.6582, 249.7797, 259.9012]
growth_rate:-1.24
