ticker:ACRS
price:[2.140000104904175, 2.1600000858306885, 2.5299999713897705, 2.4600000381469727, 2.9600000381469727, 4.75, 4.309999942779541, 4.300000190734863, 3.8399999141693115, 4.119999885559082, 3.640000104904175, 3.0899999141693115, 3.319999933242798, 3.740000009536743, 3.930000066757202, 5.519999980926514, 7.610000133514404, 6.46999979019165, 6.190000057220459, 5.880000114440918, 18.219999313354492, 20.75, 20.770000457763672, 24.209999084472656, 21.200000762939453, 22.280000686645508, 21.309999465942383, 25.209999084472656, 26.790000915527344, 23.020000457763672, 26.5, 28.959999084472656, 26.68000030517578, 26.709999084472656, 23.850000381469727, 22.950000762939453, 21.190000534057617, 22.559999465942383, 22.239999771118164, 21.729999542236328, 18.3799991607666, 18.290000915527344, 17.790000915527344, 17.06999969482422, 17.59000015258789, 14.489999771118164, 15.699999809265137, 14.930000305175781, 14.899999618530273, 14.720000267028809, 13.779999732971191, 15.6899995803833]
assets:[0, 100.00001197364331, 217.12965754461288, 311.12210882453917, 474.3583581132889, 861.2167999999999, 881.4411052978039, 979.3959934430122, 974.6234662154675, 1145.6895681762694, 1112.2111320537329, 1044.157320996523, 1221.8778354309798, 1476.4528937648536, 1651.4599120526314, 2419.607535639429, 3435.727093278456, 3021.045413033915, 2990.3048436424256, 2940.548073231125, 9211.698226844597, 10590.82075, 10701.028247846985, 12573.368605524443, 11110.138119828414, 11776.125554927443, 11363.42935521698, 13543.081255168914, 14491.874181248473, 12552.516197612764, 14550.1165, 16000.804934158325, 14841.072997757721, 14957.759747299193, 13456.1439802248, 13048.365223773955, 12147.706032162094, 13033.092171470642, 12948.225722743988, 12751.300630381393, 10885.499362966537, 10932.198752223969, 10733.34087637024, 10398.937980088805, 10815.718185823058, 9009.59350668583, 9861.947030189991, 9478.27187574005, 9559.22587526474, 9543.746029128743, 9034.294600933456, 10386.508285221005]
shares:[0, 46.2963, 85.822, 126.4724, 160.2562, 181.3088, 204.5107, 227.7665, 253.8082, 278.08, 305.5525, 337.915, 368.0355, 394.7735, 420.2188, 438.3347, 451.4753, 466.9313, 483.0864, 500.0932, 505.5817, 510.401, 515.2156, 519.3461, 524.0631, 528.5514, 533.244, 537.2107, 540.9434, 545.2874, 549.061, 552.514, 556.2621, 560.006, 564.1989, 568.5562, 573.2754, 577.708, 582.2044, 586.8063, 592.247, 597.7145, 603.3356, 609.1938, 614.8788, 621.7801, 628.1495, 634.8474, 641.5588, 648.3523, 655.6092, 661.9827]
growth_rate:103.66
