ticker:ACRX
price:[1.149999976158142, 1.0700000524520874, 1.5700000524520874, 1.4900000095367432, 1.350000023841858, 1.8799999952316284, 1.8899999856948853, 1.7599999904632568, 1.7100000381469727, 1.4500000476837158, 1.5499999523162842, 1.5199999809265137, 1.5199999809265137, 1.5199999809265137, 1.409999966621399, 1.2599999904632568, 1.2699999809265137, 1.2400000095367432, 1.350000023841858, 2.0799999237060547, 1.909999966621399, 2.200000047683716, 2.319999933242798, 2.509999990463257, 2.1600000858306885, 1.8799999952316284, 1.7400000095367432, 2.2200000286102295, 1.7400000095367432, 1.6699999570846558, 1.7000000476837158, 1.399999976158142, 1.2000000476837158, 1.2300000190734863, 1.2999999523162842, 1.1399999856948853, 1.159999966621399, 1.2699999809265137, 1.3899999856948853, 1.4700000286102295, 1.5399999618530273, 1.3899999856948853, 1.4199999570846558, 1.340000033378601, 1.2699999809265137, 1.2599999904632568, 1.2599999904632568, 1.1799999475479126, 1.2400000095367432, 1.1699999570846558, 1.0499999523162842, 1.1100000143051147]
assets:[0, 99.99995790206194, 246.72896224296093, 334.1567891387701, 402.7595471129894, 660.8799703237653, 764.3953742144108, 811.8179476010799, 888.754906826496, 853.6225680716515, 1012.4929838519812, 1092.8964022859573, 1192.896441031122, 1292.896479776287, 1299.3316072412251, 1261.104884454894, 1371.1136964079378, 1438.7252630651237, 1666.3541694288729, 2667.4195661596295, 2549.4093184472677, 3036.4924258141996, 3302.119008982658, 3672.5511640461445, 3260.4425855583427, 2937.7925205486777, 2819.0208214507343, 3696.6816656409505, 2997.3991844284055, 2976.8140015023946, 3130.2898178022624, 2677.885654395878, 2395.3306551818846, 2555.2138476234436, 2800.6324072734114, 2555.939247927189, 2700.780246285975, 3056.8888110901357, 3445.7286495384574, 3744.0440618693588, 4022.331752363777, 3730.5461796072723, 3911.0614357996105, 3790.7201984245776, 3692.6974105412482, 3763.6211055137396, 3863.621130756855, 3718.3117587176084, 4007.3787108204365, 3881.155564640057, 3583.088297280979, 3887.8364331044554]
shares:[0, 93.4579, 157.1522, 224.2663, 298.3404, 351.5319, 404.442, 461.2602, 519.7397, 588.7052, 653.2213, 719.0108, 784.8003, 850.5898, 921.5118, 1000.8769, 1079.6171, 1160.2623, 1234.3364, 1282.4133, 1334.7693, 1380.2238, 1423.3272, 1463.1678, 1509.4641, 1562.6556, 1620.1269, 1665.1719, 1722.6432, 1782.5234, 1841.3469, 1912.7755, 1996.1088, 2077.4096, 2154.3327, 2242.052, 2328.2589, 2406.9991, 2478.9415, 2546.9687, 2611.9038, 2683.8462, 2754.2687, 2828.8956, 2907.6358, 2987.0009, 3066.366, 3151.1118, 3231.757, 3317.2271, 3412.4652, 3502.5553]
growth_rate:-23.77
