ticker:ACST
price:[0.20000000298023224, 0.1899999976158142, 0.2199999988079071, 0.2199999988079071, 0.20000000298023224, 0.20000000298023224, 0.20000000298023224, 0.20999999344348907, 0.1899999976158142, 0.18000000715255737, 0.20999999344348907, 0.23999999463558197, 0.25, 0.30000001192092896, 0.25999999046325684, 0.25999999046325684, 0.33000001311302185, 0.33000001311302185, 0.5699999928474426, 0.6000000238418579, 0.800000011920929, 0.6499999761581421, 0.7699999809265137, 1.0299999713897705, 0.9399999976158142, 0.7200000286102295, 0.6299999952316284, 0.7200000286102295, 0.6800000071525574, 0.6100000143051147, 0.6100000143051147, 0.5400000214576721, 0.4099999964237213, 0.4699999988079071, 0.49000000953674316, 0.4699999988079071, 0.4399999976158142, 0.5099999904632568, 0.5, 0.5699999928474426, 0.550000011920929, 0.5, 0.6100000143051147, 0.5600000023841858, 0.550000011920929, 0.5, 0.47999998927116394, 0.46000000834465027, 0.4699999988079071, 0.44999998807907104, 0.4099999964237213, 0.41999998688697815]
assets:[0, 100.00000074516534, 215.78948483072222, 315.78949428886176, 387.08136576796176, 487.0813672580779, 587.081368748194, 716.435410631825, 748.2034796112836, 808.824380139792, 1043.6283784163759, 1292.7181631054966, 1446.58145, 1835.8978029520213, 1691.1113079704048, 1791.1113083024263, 2373.3337603078066, 2473.3337632814496, 4372.121732137102, 4702.233666849971, 6369.644734915101, 5275.336106501818, 6349.244359724379, 8593.145046308875, 7942.287929855436, 6183.45485370841, 5510.522766291714, 6397.740614223361, 6142.310388607687, 5610.0137885604745, 5710.013774905574, 5154.766386832005, 4013.8039019890693, 4701.189887076052, 5001.24061433785, 4897.108258579132, 4684.526854616403, 5529.792400595665, 5521.3652, 6394.356249761403, 6269.993095898437, 5799.9936, 7175.992344284248, 6687.796108473122, 6668.371304533052, 6162.1556, 6015.669225539312, 5865.01657439459, 6092.516830547136, 5933.260642822265, 5505.859775974417, 5740.148892784047]
shares:[0, 526.3158, 980.8613, 1435.4068, 1935.4068, 2435.4068, 2935.4068, 3411.5973, 3937.9131, 4493.4686, 4969.6591, 5386.3258, 5786.3258, 6119.6591, 6504.2745, 6888.8899, 7191.9202, 7494.9505, 7670.3891, 7837.0558, 7962.0558, 8115.902, 8245.7721, 8342.8595, 8449.2425, 8588.1314, 8746.8616, 8885.7505, 9032.8093, 9196.7437, 9360.6781, 9545.8633, 9789.7657, 10002.5317, 10206.6133, 10419.3793, 10646.652, 10842.7304, 11042.7304, 11218.169, 11399.9872, 11599.9872, 11763.9216, 11942.493, 12124.3112, 12324.3112, 12532.6445, 12750.0358, 12962.8018, 13185.024, 13428.9264, 13667.0216]
growth_rate:12.55
