ticker:ACTDU
price:[10.0, 10.0, 10.289999961853027, 10.199999809265137, 10.15999984741211, 10.199999809265137, 10.229999542236328, 10.0, 10.029999732971191, 10.010000228881836, 10.100000381469727, 10.069999694824219, 10.069999694824219, 10.0600004196167, 10.100000381469727, 10.100000381469727, 10.0600004196167, 10.09000015258789, 9.960000038146973, 9.979999542236328, 9.949999809265137, 9.899999618530273, 9.84000015258789, 9.800000190734863, 9.800100326538086]
assets:[0, 100.0, 202.90027724781035, 301.1254143691063, 399.94432999343877, 501.5186906218529, 602.9940240177154, 689.4370000000001, 791.5053929277419, 889.927058348465, 997.92851769104, 1094.96443781662, 1194.964569786072, 1293.7784259653092, 1398.922772836304, 1498.9228766132353, 1592.9869824457169, 1697.7373716743468, 1775.86402280159, 1879.4295217941285, 1973.7804671639442, 2063.861830474663, 2151.3536733608244, 2242.6085236473086, 2342.631662216186]
shares:[0, 10.0, 19.7182, 29.5221, 39.3646, 49.1685, 58.9437, 68.9437, 78.9138, 88.9038, 98.8048, 108.7353, 118.6658, 128.6062, 138.5072, 148.4082, 158.3486, 168.2594, 178.2996, 188.3196, 198.3699, 208.4709, 218.6335, 228.8376, 239.0416]
growth_rate:-2.39
