ticker:ACTG
price:[3.799999952316284, 3.759999990463257, 3.799999952316284, 3.380000114440918, 3.4100000858306885, 3.380000114440918, 3.259999990463257, 3.3499999046325684, 3.1500000953674316, 3.5899999141693115, 3.5, 3.700000047683716, 3.700000047683716, 3.630000114440918, 3.7899999618530273, 4.010000228881836, 4.099999904632568, 3.940000057220459, 4.380000114440918, 5.159999847412109, 5.739999771118164, 5.599999904632568, 7.150000095367432, 8.0, 8.5, 7.099999904632568, 6.519999980926514, 6.389999866485596, 5.820000171661377, 6.070000171661377, 6.389999866485596, 6.559999942779541, 5.960000038146973, 6.0, 6.079999923706055, 5.949999809265137, 5.480000019073486, 5.510000228881836, 5.349999904632568, 5.289999961853027, 6.429999828338623, 6.130000114440918, 6.510000228881836, 6.420000076293945, 6.119999885559082, 5.539999961853027, 5.849999904632568, 5.639999866485596, 5.920000076293945, 5.75, 5.5, 5.71999979019165]
assets:[0, 99.99983174636364, 201.06369747698307, 278.84088344106675, 381.31575759782794, 477.96108418293, 560.9918823588848, 676.4792157420635, 736.092337285471, 938.9117045522452, 1015.3734499999999, 1173.3947051221132, 1273.3946064108611, 1349.3033495387078, 1508.7766238139154, 1696.3576148242948, 1834.430157330513, 1862.8426650539875, 2170.8756627207754, 2657.4695814151764, 3056.177352135277, 3081.636267520046, 4034.5891838137622, 4614.2256, 5002.61465, 4278.654482528972, 4029.1304842132568, 4048.795292403364, 3787.635159716606, 4050.3344775446412, 4363.86126482029, 4579.957768050718, 4261.059115272904, 4389.657, 4548.1858949277885, 4550.938274113846, 4291.452678936672, 4414.946089393997, 4386.744191803265, 4437.547150000191, 5493.842650331164, 5337.520442646121, 5768.394673808098, 5788.646996791077, 5618.149490943431, 5185.710316292572, 5575.885289101219, 5475.725282374429, 5847.570059360504, 5779.649875, 5628.36065, 5953.494757627105]
shares:[0, 26.5957, 52.9115, 82.4973, 111.8228, 141.4086, 172.0834, 201.9341, 233.6801, 261.5353, 290.1067, 317.1337, 344.1607, 371.7089, 398.0941, 423.0318, 447.422, 472.8027, 495.6337, 515.0135, 532.4351, 550.2922, 564.2782, 576.7782, 588.5429, 602.6274, 617.9648, 633.6143, 650.7964, 667.2709, 682.9204, 698.1643, 714.9428, 731.6095, 748.0569, 764.8636, 783.1118, 801.2606, 819.9522, 838.8558, 854.4079, 870.7211, 886.0821, 901.6584, 917.9983, 936.0488, 953.1428, 970.8733, 987.7652, 1005.1565, 1023.3383, 1040.8208]
growth_rate:16.74
