ticker:ACVA
price:[30.270000457763672, 33.900001525878906, 31.399999618530273, 37.040000915527344, 34.91999816894531, 33.9900016784668, 33.08000183105469, 28.450000762939453, 26.239999771118164, 25.920000076293945, 26.200000762939453, 24.290000915527344, 23.93000030517578, 24.649999618530273, 25.18000030517578, 23.360000610351562, 21.459999084472656, 22.93000030517578, 23.15999984741211, 23.709999084472656, 21.860000610351562, 18.510000228881836, 19.0, 20.15999984741211, 20.15999984741211]
assets:[0, 100.00161450119019, 192.6264376598358, 327.2261840881348, 408.4976305801392, 497.61702357292177, 584.295380342102, 602.5141161575318, 655.7113542804718, 747.7142422008515, 855.7915849205018, 893.4032366737366, 980.1632404998779, 1109.6542428276061, 1233.51281894989, 1244.3545285125733, 1243.1434109649658, 1428.2982540092466, 1542.6250578365325, 1679.2583141578675, 1648.2331160202027, 1495.6450384941102, 1635.2388, 1835.0740661106108, 1935.073713353729]
shares:[0, 2.9499, 6.1346, 8.8344, 11.6981, 14.6401, 17.6631, 21.178, 24.989, 28.847, 32.6638, 36.7807, 40.9596, 45.0164, 48.9878, 53.2686, 57.9284, 62.2895, 66.6073, 70.8249, 75.3995, 80.802, 86.0652, 91.0255, 95.9858]
growth_rate:-19.37
