ticker:ACWI
price:[81.05000305175781, 79.80000305175781, 79.9000015258789, 78.58999633789062, 79.91000366210938, 82.81999969482422, 82.44999694824219, 82.44000244140625, 78.13999938964844, 83.93000030517578, 86.0, 86.3499984741211, 88.41000366210938, 89.68000030517578, 89.16000366210938, 89.77999877929688, 89.58999633789062, 90.72000122070312, 93.44000244140625, 92.16999816894531, 93.7699966430664, 90.44000244140625, 94.48999786376953, 96.33999633789062, 95.83000183105469, 92.51000213623047, 92.95999908447266, 95.16999816894531, 94.7300033569336, 95.33000183105469, 96.38999938964844, 98.2300033569336, 99.68000030517578, 99.55000305175781, 99.19000244140625, 100.61000061035156, 99.08000183105469, 99.22000122070312, 100.6500015258789, 101.48999786376953, 101.18000030517578, 99.06999969482422, 101.58000183105469, 102.08000183105469, 102.08000183105469, 100.97000122070312, 102.41000366210938, 102.11000061035156, 102.94999694824219, 103.76000213623047, 102.0199966430664, 103.9800033569336]
assets:[0, 99.99738382415772, 200.1255338218689, 296.84227516784665, 401.827453414917, 516.4572360969544, 614.1535372680664, 714.0788131469726, 776.8366179321289, 934.4010863975525, 1057.4474, 1161.7528794708253, 1289.4687444122314, 1407.993940791321, 1499.8317496032714, 1610.2581461059572, 1706.8506922302247, 1828.3799766021727, 1983.1986438171386, 2056.2481401504515, 2191.939310529327, 2214.097875769043, 2413.246198441315, 2560.495520669556, 2646.939646575928, 2655.2405833145144, 2768.153556737518, 2933.9673225509646, 3020.399846033478, 3139.5315493026737, 3274.4453912658687, 3436.949941455078, 3587.6825709838863, 3683.001687904358, 3769.686285784912, 3923.6491698028567, 3963.9828052566527, 4069.587726068115, 4228.236109101105, 4363.521862153625, 4450.189835422516, 4457.38714726944, 4670.313270185852, 4793.299189979553, 4893.296759773254, 4940.088570724487, 5110.545930749512, 5195.57126205597, 5338.307371755982, 5480.312784829712, 5488.410567405701, 5693.851401822662]
shares:[0, 1.2531, 2.5047, 3.7771, 5.0285, 6.2359, 7.4488, 8.6618, 9.9416, 11.1331, 12.2959, 13.454, 14.5851, 15.7002, 16.8218, 17.9356, 19.0518, 20.1541, 21.2243, 22.3093, 23.3757, 24.4814, 25.5397, 26.5777, 27.6212, 28.7022, 29.7779, 30.8287, 31.8843, 32.9333, 33.9708, 34.9888, 35.992, 36.9965, 38.0047, 38.9986, 40.0079, 41.0158, 42.0093, 42.9946, 43.9829, 44.9923, 45.9767, 46.9563, 47.9359, 48.9263, 49.9028, 50.8821, 51.8534, 52.8172, 53.7974, 54.7591]
growth_rate:11.64
