ticker:ACWX
price:[46.54999923706055, 46.5099983215332, 46.810001373291016, 45.36000061035156, 46.13999938964844, 47.59000015258789, 47.06999969482422, 47.29999923706055, 45.04999923706055, 48.43000030517578, 50.02000045776367, 50.79999923706055, 51.849998474121094, 52.52000045776367, 52.34000015258789, 52.650001525878906, 52.290000915527344, 53.040000915527344, 55.36000061035156, 54.58000183105469, 55.38999938964844, 53.189998626708984, 55.34000015258789, 56.689998626708984, 56.63999938964844, 54.2400016784668, 54.77000045776367, 55.72999954223633, 55.75, 55.52000045776367, 55.91999816894531, 56.38999938964844, 57.2400016784668, 57.15999984741211, 56.59000015258789, 57.97999954223633, 57.06999969482422, 57.400001525878906, 58.34000015258789, 59.13999938964844, 58.58000183105469, 56.95000076293945, 58.13999938964844, 57.560001373291016, 57.31999969482422, 56.59000015258789, 56.7599983215332, 56.560001373291016, 57.09000015258789, 57.5099983215332, 55.83000183105469, 57.18000030517578]
assets:[0, 100.00114739112854, 200.64638988647462, 294.431763961792, 399.4939567153931, 512.0493656417847, 606.4545830680847, 709.4195785572052, 775.6753918636322, 933.8708528846742, 1064.5306517421723, 1181.1304622612, 1305.54148157959, 1422.4096763977052, 1517.5354964241028, 1626.5217621391296, 1715.3996250343323, 1840.0053677604674, 2020.4905502761842, 2092.024180183411, 2223.072086503601, 2234.777792301178, 2425.1094866867065, 2584.2702773971555, 2681.988931098938, 2668.3477305725096, 2794.4201933555605, 2943.4022178230284, 3044.457325, 3131.899881822586, 3254.465605435181, 3381.821043395996, 3532.7956635932924, 3627.8594503154754, 3691.6826139541627, 3882.3581633480076, 3921.4223540306093, 4044.0998875053406, 4210.3278030120855, 4368.062612919617, 4426.703282366943, 4403.527823992538, 4595.542529756164, 4649.696910934448, 4730.310046815491, 4770.067315861893, 4884.396515562057, 4967.184160604477, 5113.72829266777, 5251.3472157360075, 5197.9462434768675, 5423.637388946533]
shares:[0, 2.1501, 4.2864, 6.491, 8.6583, 10.7596, 12.8841, 14.9983, 17.2181, 19.2829, 21.2821, 23.2506, 25.1792, 27.0832, 28.9938, 30.8931, 32.8055, 34.6909, 36.4973, 38.3295, 40.1349, 42.015, 43.822, 45.586, 47.3515, 49.1952, 51.021, 52.8154, 54.6091, 56.4103, 58.1986, 59.972, 61.719, 63.4685, 65.2356, 66.9603, 68.7125, 70.4547, 72.1688, 73.8597, 75.5668, 77.3227, 79.0427, 80.78, 82.5246, 84.2917, 86.0535, 87.8215, 89.5731, 91.3119, 93.1031, 94.852]
growth_rate:6.35
