ticker:ADAG
price:[27.65999984741211, 26.31999969482422, 24.5, 23.110000610351562, 22.219999313354492, 20.950000762939453, 17.729999542236328, 17.68000030517578, 14.479999542236328, 13.390000343322754, 14.880000114440918, 14.600000381469727, 12.649999618530273, 12.699999809265137, 13.199999809265137, 14.180000305175781, 13.779999732971191, 13.529999732971191, 14.0, 14.25, 13.680000305175781, 14.180000305175781, 18.6200008392334, 20.06999969482422, 15.470000267028809, 17.40999984741211, 18.5, 16.5, 16.969999313354492, 16.78619956970215]
assets:[0, 100.00020684051513, 193.0845, 282.1291984512329, 371.2650805271149, 450.045821389389, 480.8748205844879, 579.5185860031128, 574.6286458339691, 631.3733301885604, 801.6302461652756, 886.5456031637191, 868.1365838207245, 971.5677654085159, 1109.819023963547, 1292.214919810486, 1355.7631877280237, 1431.1668407544137, 1580.8827999999999, 1709.112225, 1740.747206832886, 1904.3712049850465, 2600.6629652160645, 2903.1856658554075, 2337.781577352619, 2730.948245064926, 3001.92655, 2777.39385, 2956.5081893728257, 3024.487079870224]
shares:[0, 3.7994, 7.881, 12.2081, 16.7086, 21.4819, 27.1221, 32.7782, 39.6843, 47.1526, 53.873, 60.7223, 68.6274, 76.5014, 84.0772, 91.1294, 98.3863, 105.7773, 112.9202, 119.9377, 127.2476, 134.2998, 139.6704, 144.653, 151.1171, 156.8609, 162.2663, 168.3269, 174.2197, 180.177]
growth_rate:4.29
