ticker:ADAP
price:[7.940000057220459, 7.940000057220459, 10.430000305175781, 7.869999885559082, 8.010000228881836, 8.210000038146973, 6.309999942779541, 4.800000190734863, 4.510000228881836, 5.210000038146973, 4.989999771118164, 4.96999979019165, 4.909999847412109, 4.46999979019165, 4.0, 4.909999847412109, 5.21999979019165, 5.389999866485596, 6.179999828338623, 5.71999979019165, 5.599999904632568, 5.460000038146973, 6.210000038146973, 6.519999980926514, 6.289999961853027, 5.539999961853027, 5.130000114440918, 5.480000019073486, 5.170000076293945, 5.130000114440918, 5.5, 5.050000190734863, 4.929999828338623, 5.429999828338623, 5.659999847412109, 4.78000020980835, 4.820000171661377, 5.090000152587891, 5.03000020980835, 4.71999979019165, 4.460000038146973, 3.950000047683716, 4.349999904632568, 4.309999942779541, 4.099999904632568, 3.7100000381469727, 3.619999885559082, 3.569999933242798, 3.490000009536743, 3.990000009536743, 3.799999952316284, 5.150000095367432]
assets:[0, 100.00033072066307, 231.36035276947024, 274.57406500730514, 379.4585418428421, 488.93341627178194, 475.78219868550303, 461.9260983552933, 534.017852101326, 716.9032992490769, 786.6310489187241, 883.4780967040062, 972.8123777679444, 985.635847737217, 982.0008, 1305.4059474319458, 1487.824698199606, 1636.2789114681243, 1976.1043851099014, 1929.0155892441273, 1988.546526135254, 2038.8328102445603, 2418.8925118588445, 2639.64220427804, 2646.526289949608, 2430.962509261036, 2351.053915447712, 2611.457293089342, 2563.7291068330765, 2643.8938159804347, 2934.58385, 2794.481740545559, 2828.0781325270177, 3214.9014453656673, 3451.075668962478, 3014.5128683158873, 3139.738953819895, 3415.6166073932645, 3475.353900961876, 3361.1666025930404, 3276.017654020214, 3001.4059562324524, 3405.345660342741, 3474.0323538780212, 3404.7637408040046, 3180.8961567066194, 3203.731392718792, 3259.480982049346, 3286.4394769804953, 3857.276250219512, 3773.5964126476047, 5214.216476556588]
shares:[0, 12.5945, 22.1822, 34.8887, 47.3731, 59.5534, 75.4013, 96.2346, 118.4075, 137.6014, 157.6415, 177.7622, 198.1288, 220.5002, 245.5002, 265.8668, 285.0239, 303.5768, 319.758, 337.2405, 355.0976, 373.4126, 389.5157, 404.8531, 420.7514, 438.8019, 458.2951, 476.5433, 495.8857, 515.3789, 533.5607, 553.3627, 573.6467, 592.0629, 609.7307, 630.6512, 651.3981, 671.0445, 690.9252, 712.1116, 734.5331, 759.8496, 782.8381, 806.04, 830.4302, 857.3844, 885.0087, 913.0199, 941.6732, 966.7359, 993.0517, 1012.4692]
growth_rate:2.24
