ticker:ADBE
price:[491.94000244140625, 471.3500061035156, 467.54998779296875, 479.7799987792969, 478.989990234375, 502.1600036621094, 502.82000732421875, 488.5, 447.1000061035156, 494.6300048828125, 469.3399963378906, 462.9200134277344, 477.0299987792969, 486.0, 475.9100036621094, 502.95001220703125, 499.8599853515625, 500.1199951171875, 485.1000061035156, 458.0799865722656, 472.44000244140625, 458.7699890136719, 492.1199951171875, 498.8399963378906, 479.1199951171875, 459.6700134277344, 440.8299865722656, 444.29998779296875, 441.5, 469.0899963378906, 483.3399963378906, 504.0400085449219, 525.0800170898438, 515.8400268554688, 508.3399963378906, 488.7300109863281, 486.55999755859375, 488.07000732421875, 504.5799865722656, 504.5, 541.260009765625, 565.5900268554688, 579.6599731445312, 593.0700073242188, 604.5, 606.0999755859375, 625.8699951171875, 621.6300048828125, 631.3800048828125, 637.3099975585938, 647.3400268554688, 658.52001953125]
assets:[0, 100.02047129516602, 199.223049798584, 304.42040922546386, 403.93225876464845, 523.4515878173828, 624.1504750915527, 706.371, 746.52288019104, 925.8979061401367, 978.573892364502, 1065.178950897217, 1197.631514935303, 1320.1704, 1392.750625717163, 1571.8696731506348, 1662.234395288086, 1763.1230307861329, 1810.1506727752685, 1809.3243309631348, 1966.0590701599122, 2009.183166885376, 2255.2383016235353, 2386.0514704833986, 2391.7191036254885, 2394.6049679504395, 2396.4399730041505, 2515.315520892334, 2599.4637000000002, 2861.9180676574706, 3048.8603628997803, 3279.4355075958256, 3516.3033504455566, 3554.447289050293, 3602.758056045532, 3563.7703671112063, 3647.9349256958008, 3759.26161741333, 3986.434183914185, 4085.7941499999997, 4483.527290893555, 4785.061304205322, 5004.088616162109, 5219.846362463379, 5420.4306, 5534.783757055664, 5815.33364663086, 5875.957621154786, 6068.130088928223, 6225.116594152832, 6423.101948468017, 6634.0623807617185]
shares:[0, 0.2122, 0.4261, 0.6345, 0.8433, 1.0424, 1.2413, 1.446, 1.6697, 1.8719, 2.085, 2.301, 2.5106, 2.7164, 2.9265, 3.1253, 3.3254, 3.5254, 3.7315, 3.9498, 4.1615, 4.3795, 4.5827, 4.7832, 4.9919, 5.2094, 5.4362, 5.6613, 5.8878, 6.101, 6.3079, 6.5063, 6.6967, 6.8906, 7.0873, 7.2919, 7.4974, 7.7023, 7.9005, 8.0987, 8.2835, 8.4603, 8.6328, 8.8014, 8.9668, 9.1318, 9.2916, 9.4525, 9.6109, 9.7678, 9.9223, 10.0742]
growth_rate:30.08
