ticker:ADERU
price:[10.550000190734863, 10.699999809265137, 10.5, 10.869999885559082, 10.800000190734863, 10.600000381469727, 10.300000190734863, 10.229999542236328, 10.270000457763672, 10.140000343322754, 10.119999885559082, 10.15999984741211, 10.350000381469727, 10.170000076293945, 10.100000381469727, 10.079999923706055, 10.210000038146973, 10.149999618530273, 10.03499984741211, 10.130000114440918, 10.140000343322754, 10.199999809265137, 10.119999885559082, 10.12399959564209, 10.220000267028809, 10.229999542236328, 10.220999717712402, 10.270000457763672, 10.210000038146973, 10.079999923706055, 10.010000228881836, 10.039999961853027, 10.010000228881836, 10.050000190734863, 10.050000190734863]
assets:[0, 100.00005821743012, 198.1308, 305.112200787735, 403.14780711984633, 495.68251783847813, 581.6533707710266, 677.7006416748046, 780.3505797824861, 870.4723854726791, 968.7552050449372, 1072.5840718914033, 1192.641928957176, 1271.8998725416184, 1363.1455414850234, 1460.4458289461136, 1579.2807639005662, 1669.999737236023, 1751.0783718738555, 1867.6559650993347, 1969.4993646838188, 2081.1528810834884, 2164.8298955192568, 2265.685303507328, 2387.1692663721087, 2489.505170601654, 2587.315249742508, 2699.7191813343047, 2783.946416401482, 2848.499114440155, 2928.717858966065, 3037.4955644590377, 3128.419365532303, 3240.9200415081023, 3340.9195534059522]
shares:[0, 9.3458, 18.8696, 28.0692, 37.3285, 46.7625, 56.4712, 66.2464, 75.9835, 85.8454, 95.7268, 105.5693, 115.2311, 125.0639, 134.9649, 144.8855, 154.6798, 164.532, 174.4971, 184.3688, 194.2307, 204.0346, 213.916, 223.7935, 233.5782, 243.3534, 253.1372, 262.8743, 272.6686, 282.5892, 292.5792, 302.5394, 312.5294, 322.4796, 332.4298]
growth_rate:-1.74
