ticker:ADER
price:[9.819999694824219, 9.739999771118164, 9.850000381469727, 9.75, 9.845000267028809, 9.850000381469727, 9.739999771118164, 9.739999771118164, 9.8100004196167, 9.760000228881836, 9.640000343322754, 9.670000076293945, 9.699999809265137, 9.710000038146973, 9.699999809265137, 9.6899995803833, 9.720000267028809, 9.720000267028809, 9.739999771118164, 9.729999542236328, 9.729999542236328, 9.6899995803833, 9.659000396728516, 9.649999618530273, 9.649999618530273, 9.65999984741211, 9.65999984741211]
assets:[0, 99.99960365009308, 201.12912778930664, 299.0871, 402.0008959035873, 502.20522444934846, 596.596413980484, 696.5960176305771, 801.6026022880554, 897.516933047676, 986.4814791329384, 1089.5517865962981, 1192.9321665429115, 1294.1623990842818, 1392.8297626122474, 1491.3936494165418, 1596.0114078457832, 1696.0117425930023, 1799.500995713234, 1897.653486721802, 1997.6535570171354, 2089.4410435186387, 2182.7563640533444, 2280.7224048418047, 2380.7224558887483, 2483.18990077591, 2583.1902191963195]
shares:[0, 10.2669, 20.4192, 30.6756, 40.833, 50.9853, 61.2522, 71.5191, 81.7128, 91.9587, 102.3321, 112.6734, 122.9827, 133.2814, 143.5907, 153.9106, 164.1987, 174.4868, 184.7537, 195.0312, 205.3087, 215.6286, 225.9816, 236.3443, 246.707, 257.059, 267.411]
growth_rate:-0.65
