ticker:ADES
price:[3.9100000858306885, 3.859999895095825, 4.03000020980835, 4.010000228881836, 4.809999942779541, 4.690000057220459, 4.5, 4.420000076293945, 4.449999809265137, 4.5, 4.980000019073486, 5.5, 6.019999980926514, 5.46999979019165, 5.550000190734863, 5.75, 5.960000038146973, 5.5, 5.489999771118164, 5.5, 5.380000114440918, 5.070000171661377, 5.920000076293945, 5.690000057220459, 6.099999904632568, 5.699999809265137, 5.800000190734863, 5.75, 5.429999828338623, 5.53000020980835, 5.539999961853027, 5.21999979019165, 5.079999923706055, 5.019999980926514, 4.699999809265137, 4.679999828338623, 5.25, 7.03000020980835, 7.940000057220459, 7.989999771118164, 7.75, 6.949999809265137, 7.099999904632568, 7.099999904632568, 6.820000171661377, 6.460000038146973, 7.110000133514404, 7.519999980926514, 7.610000133514404, 6.699999809265137, 6.880000114440918, 7.039999961853027]
assets:[0, 99.99985928227902, 204.40402864160538, 303.3898003168106, 463.916317481184, 552.3427137388707, 629.9662500000001, 718.7667104066849, 823.645124697113, 932.8995, 1132.408678337145, 1350.6520500000001, 1578.3500829992292, 1534.1484141559122, 1656.585701931286, 1816.2824, 1982.6160646897317, 1929.59525, 2026.086611531067, 2129.7771, 2183.3094944423674, 2157.505618049383, 2619.2176017551424, 2617.457495321989, 2906.061304566622, 2815.5000857870104, 2964.895137501526, 3039.335575, 2970.189815101862, 3124.8897535583974, 3230.5401777553557, 3143.9385356351377, 3159.618220547294, 3222.299835756874, 3116.8941735105514, 3203.6307024915222, 3693.816525, 5046.196717602301, 5799.403037794018, 5935.922639959335, 5857.62205, 5352.964218093967, 5568.495845203781, 5668.4957938605785, 5544.9499895679955, 5352.254735605621, 5990.794393497515, 6436.255183675289, 6613.284932027435, 5922.471531399727, 6181.583094823552, 6425.340381183624]
shares:[0, 25.9067, 50.7206, 75.6583, 96.4483, 117.7703, 139.9925, 162.6169, 185.0888, 207.311, 227.3913, 245.5731, 262.1844, 280.4659, 298.4839, 315.8752, 332.6537, 350.8355, 369.0504, 387.2322, 405.8196, 425.5435, 442.4354, 460.0101, 476.4035, 493.9474, 511.1888, 528.5801, 546.9963, 565.0795, 583.13, 602.2871, 621.9721, 641.8924, 663.169, 684.5365, 703.5841, 717.8089, 730.4034, 742.919, 755.8222, 770.2107, 784.2952, 798.3797, 813.0425, 828.5224, 842.5871, 855.885, 869.0256, 883.951, 898.4859, 912.6904]
growth_rate:25.99
