ticker:ADI
price:[117.44000244140625, 113.80000305175781, 114.91000366210938, 113.4800033569336, 114.01000213623047, 123.33000183105469, 123.63999938964844, 124.19999694824219, 118.52999877929688, 133.5, 136.27000427246094, 134.8800048828125, 137.75, 143.97000122070312, 141.14999389648438, 144.55999755859375, 144.47000122070312, 147.72999572753906, 156.74000549316406, 157.75, 155.5800018310547, 147.3300018310547, 148.75999450683594, 160.77999877929688, 163.8000030517578, 155.82000732421875, 148.8800048828125, 149.5399932861328, 151.91000366210938, 157.11000061035156, 160.3800048828125, 161.24000549316406, 159.50999450683594, 159.02000427246094, 153.16000366210938, 157.25999450683594, 149.61000061035156, 159.36000061035156, 164.60000610351562, 165.5800018310547, 167.60000610351562, 162.19000244140625, 167.66000366210938, 170.6699981689453, 166.27000427246094, 160.44000244140625, 163.5500030517578, 167.4199981689453, 171.1300048828125, 170.0800018310547, 166.63999938964844, 166.47999572753906]
assets:[0, 99.99606268157959, 200.96610540466307, 298.46375682907103, 399.8558794921875, 532.5389479064941, 633.8775488708496, 736.7543818969727, 803.1237127288817, 1004.5608, 1125.3994572845459, 1213.9200439453125, 1339.7565000000002, 1500.253794720459, 1570.8723970733643, 1708.8292751403808, 1807.7675722747802, 1948.5586436462402, 2167.4007959594724, 2281.364725, 2349.9892536575317, 2325.3683509002685, 2447.9349656066897, 2745.7365071533204, 2897.3108339797973, 2856.165152252197, 2828.95830078125, 2941.4965299362184, 3088.1177004455567, 3293.8268737960816, 3462.379773413086, 3580.947033996582, 3642.5223815597533, 3731.340792251587, 3693.8363883209227, 3892.7195480255127, 3803.3555135162355, 4151.216463899231, 4387.709442700196, 4513.826755915832, 4668.900410028076, 4618.1981295166015, 4873.943370458985, 5061.440666697693, 5030.947908274841, 4954.547715393066, 5150.582116107178, 5372.457515242005, 5591.518892541504, 5657.218028904724, 5642.796987332154, 5737.383444758606]
shares:[0, 0.8787, 1.7489, 2.6301, 3.5072, 4.318, 5.1268, 5.932, 6.7757, 7.5248, 8.2586, 9.0, 9.726, 10.4206, 11.1291, 11.8209, 12.5131, 13.19, 13.828, 14.4619, 15.1047, 15.7834, 16.4556, 17.0776, 17.6881, 18.3299, 19.0016, 19.6703, 20.3286, 20.9651, 21.5886, 22.2088, 22.8357, 23.4646, 24.1175, 24.7534, 25.4218, 26.0493, 26.6568, 27.2607, 27.8574, 28.474, 29.0704, 29.6563, 30.2577, 30.881, 31.4924, 32.0897, 32.6741, 33.2621, 33.8622, 34.4629]
growth_rate:12.5
