ticker:ADIL
price:[1.2999999523162842, 1.2699999809265137, 1.3200000524520874, 1.2100000381469727, 2.1600000858306885, 2.0299999713897705, 1.8799999952316284, 1.7999999523162842, 1.7400000095367432, 1.8300000429153442, 1.840000033378601, 1.7300000190734863, 1.9500000476837158, 2.0299999713897705, 1.9800000190734863, 1.8200000524520874, 1.7999999523162842, 1.7000000476837158, 1.9299999475479126, 1.9199999570846558, 2.2200000286102295, 2.1500000953674316, 2.799999952316284, 3.0199999809265137, 2.9700000286102295, 2.509999990463257, 2.130000114440918, 2.569999933242798, 2.5399999618530273, 2.390000104904175, 2.4200000762939453, 2.380000114440918, 2.190000057220459, 2.190000057220459, 2.200000047683716, 2.1700000762939453, 2.3499999046325684, 2.5199999809265137, 2.4700000286102295, 2.6600000858306885, 2.700000047683716, 2.9200000762939453, 2.4800000190734863, 2.940000057220459, 2.7799999713897705, 2.5299999713897705, 2.390000104904175, 2.440000057220459, 2.75, 3.2799999713897705, 3.3399999141693115, 4.199999809265137]
assets:[0, 100.00005249814987, 203.93710410373214, 286.94231304626464, 612.2276163277387, 675.3805844813824, 725.4756421599269, 794.6043989501716, 868.1176727580547, 1013.0203137563467, 1118.555892291212, 1151.6857516974926, 1398.1430141890526, 1555.502703077197, 1617.1899635785103, 1586.5080597228884, 1669.0738957846402, 1676.3476070202828, 2003.1475245599627, 2092.7684652229786, 2519.763524473429, 2540.3115426804543, 3408.3125419567823, 3776.10861815114, 3813.5902237365963, 3322.9330143745183, 2919.859749878597, 3623.0229678899286, 3680.7309627209665, 3563.365159406638, 3708.0935169029235, 3746.802764162827, 3547.68818369422, 3647.6881853070263, 3764.344181589961, 3813.012162059784, 4229.298588367081, 4635.247896916532, 4643.278706783509, 5100.454138577246, 5277.152523197866, 5807.1428517293925, 5032.09388670144, 6065.466196050596, 5835.372561945558, 5410.608856814718, 5211.207852735329, 5420.2288151098255, 6208.8642, 7505.481582532454, 7742.776779027581, 9836.425593297767]
shares:[0, 78.7402, 154.4978, 237.1424, 283.4387, 332.6998, 385.8913, 441.4469, 498.9182, 553.563, 607.9108, 665.7143, 716.9964, 766.2575, 816.7626, 871.7077, 927.2633, 986.0868, 1037.9003, 1089.9836, 1135.0286, 1181.5402, 1217.2545, 1250.3671, 1284.0371, 1323.8777, 1370.8261, 1409.7366, 1449.1067, 1490.9477, 1532.27, 1574.2868, 1619.9489, 1665.611, 1711.0655, 1757.1484, 1799.7016, 1839.3841, 1879.8699, 1917.4639, 1954.5009, 1988.7475, 2029.0701, 2063.0837, 2099.0549, 2138.5806, 2180.4216, 2221.4052, 2257.7688, 2288.2566, 2318.1967, 2342.0062]
growth_rate:92.87
