ticker:ADMA
price:[2.2200000286102295, 2.240000009536743, 2.380000114440918, 2.180000066757202, 2.484999895095825, 2.490000009536743, 2.2699999809265137, 2.25, 1.9900000095367432, 1.909999966621399, 1.9199999570846558, 1.850000023841858, 1.899999976158142, 2.0, 2.059999942779541, 2.059999942779541, 2.1500000953674316, 1.9500000476837158, 2.140000104904175, 2.059999942779541, 2.430000066757202, 2.2200000286102295, 2.5999999046325684, 2.7899999618530273, 2.5999999046325684, 2.309999942779541, 2.0899999141693115, 2.119999885559082, 2.119999885559082, 1.809999942779541, 1.8300000429153442, 1.7599999904632568, 1.649999976158142, 1.899999976158142, 1.9600000381469727, 1.7400000095367432, 1.7200000286102295, 1.7599999904632568, 1.75, 1.7400000095367432, 1.8200000524520874, 1.7200000286102295, 1.7200000286102295, 1.5499999523162842, 1.5, 1.5299999713897705, 1.6100000143051147, 1.5499999523162842, 1.5800000429153442, 1.4900000095367432, 1.2200000286102295, 1.3799999952316284]
assets:[0, 100.00009642574787, 206.25009591741562, 288.91824284741875, 429.340389875412, 530.2041680306911, 583.3588960983753, 678.219075, 699.847183353901, 771.7125665137768, 875.7528764253974, 943.8245021635295, 1069.3332865816355, 1225.614, 1362.3824041572093, 1462.3824233795167, 1626.2729721364974, 1574.9918335135699, 1828.4526836319208, 1860.0991963321685, 2294.194896026349, 2195.9310103000403, 2671.810861998558, 2967.058660432148, 2865.0007349123953, 2645.442888470364, 2493.4959245988134, 2629.287670066929, 2729.2876406687733, 2430.1937081730366, 2557.046798965323, 2559.236226132512, 2499.2840038863183, 2977.9634426314833, 3172.0044777359008, 2915.9631819820643, 2982.446337609577, 3151.805518921614, 3233.8976249999996, 3315.4182901714325, 3567.8514808248638, 3471.8155857496736, 3571.815527413058, 3318.7870479018684, 3311.72955, 3477.9641109638214, 3759.818543406606, 3719.70089056828, 3891.695261704707, 3770.016351129985, 3186.859064735055, 3704.8077411986233]
shares:[0, 44.6429, 86.6597, 132.5313, 172.7728, 212.9334, 256.9863, 301.4307, 351.682, 404.038, 456.1213, 510.1754, 562.807, 612.807, 661.3507, 709.8944, 756.406, 807.6881, 854.4171, 902.9608, 944.1131, 989.1581, 1027.6196, 1063.4619, 1101.9234, 1145.2134, 1193.0603, 1240.2301, 1287.3999, 1342.6485, 1397.2933, 1454.1115, 1514.7176, 1567.3492, 1618.3696, 1675.8409, 1733.9804, 1790.7986, 1847.9415, 1905.4128, 1960.3579, 2018.4974, 2076.6369, 2141.153, 2207.8197, 2273.1792, 2335.291, 2399.8071, 2463.0982, 2530.2123, 2612.1795, 2684.6433]
growth_rate:-27.36
