ticker:ADMP
price:[0.7699999809265137, 0.7300000190734863, 0.7200000286102295, 0.7200000286102295, 0.7300000190734863, 0.9800000190734863, 0.9200000166893005, 0.7900000214576721, 0.7099999785423279, 0.7200000286102295, 0.6800000071525574, 0.4099999964237213, 0.4399999976158142, 0.47999998927116394, 0.5199999809265137, 0.49000000953674316, 0.5199999809265137, 0.49000000953674316, 0.699999988079071, 0.7799999713897705, 1.7899999618530273, 1.149999976158142, 1.2200000286102295, 1.5499999523162842, 1.3799999952316284, 1.1200000047683716, 0.8799999952316284, 1.0399999618530273, 1.0299999713897705, 0.949999988079071, 0.9300000071525574, 0.8899999856948853, 0.7300000190734863, 0.75, 0.7900000214576721, 0.75, 0.7099999785423279, 0.800000011920929, 0.6899999976158142, 1.0, 1.0, 1.0299999713897705, 1.2300000190734863, 1.1100000143051147, 1.0499999523162842, 0.9200000166893005, 1.0199999809265137, 1.1799999475479126, 1.0299999713897705, 0.9900000095367432, 1.059999942779541, 1.090000033378601]
assets:[0, 100.00000161280632, 198.63015189285278, 298.63016386649605, 402.7778025238037, 640.7153884700775, 701.487960725373, 702.3646870773554, 731.2391309004365, 841.5383374397278, 894.7861694117785, 639.5033984218478, 786.2963197393716, 957.7777705919981, 1137.5925702733516, 1171.962275809598, 1343.7149987128257, 1366.1930365898609, 2051.7042350596844, 2386.1846484752655, 5575.987890169239, 3682.33856365757, 4006.481069956016, 5190.201035330272, 4720.953349687493, 3931.4983847382546, 3189.0344467198847, 3868.8587220911027, 3931.658210790634, 3726.2867932412623, 3747.8387418243346, 3686.6413337440135, 3123.874481620788, 3309.4599749999998, 3585.964621400571, 3504.396675, 3417.4954367161986, 3950.6992588700055, 3507.4780228804643, 5183.3015, 5283.3015, 5541.800413065839, 6717.878435173464, 6162.475657418848, 5929.368525729203, 5295.256608058834, 5970.827744348526, 7007.428036513353, 6216.653407320499, 6075.23019752314, 6604.791485462999, 6891.720103042173]
shares:[0, 136.9863, 275.8752, 414.7641, 551.7504, 653.7912, 762.4869, 889.0692, 1029.9143, 1168.8032, 1315.862, 1559.7644, 1787.0371, 1995.3704, 2187.6781, 2391.7597, 2584.0674, 2788.149, 2931.0061, 3059.2112, 3115.0771, 3202.0336, 3284.0008, 3348.5169, 3420.9807, 3510.2664, 3623.9028, 3720.0566, 3817.144, 3922.4072, 4029.9341, 4142.2937, 4279.28, 4412.6133, 4539.1956, 4672.5289, 4813.374, 4938.374, 5083.3015, 5183.3015, 5283.3015, 5380.3889, 5461.6897, 5551.7798, 5647.0179, 5755.7136, 5853.7528, 5938.4986, 6035.586, 6136.5961, 6230.9357, 6322.6788]
growth_rate:35.13
