ticker:ADMS
price:[5.369999885559082, 4.300000190734863, 4.760000228881836, 4.230000019073486, 4.190000057220459, 4.820000171661377, 4.440000057220459, 3.549999952316284, 3.0399999618530273, 3.450000047683716, 3.9800000190734863, 4.349999904632568, 4.449999809265137, 4.889999866485596, 4.860000133514404, 5.03000020980835, 4.579999923706055, 4.329999923706055, 4.659999847412109, 4.460000038146973, 4.71999979019165, 5.909999847412109, 6.0, 5.920000076293945, 5.869999885559082, 4.75, 4.739999771118164, 5.010000228881836, 5.630000114440918, 5.119999885559082, 5.150000095367432, 4.519999980926514, 5.090000152587891, 5.449999809265137, 5.639999866485596, 5.150000095367432, 5.090000152587891, 5.21999979019165, 5.53000020980835, 5.139999866485596, 5.090000152587891, 5.380000114440918, 5.230000019073486, 5.369999885559082, 5.360000133514404, 5.079999923706055, 4.940000057220459, 4.78000020980835, 5.269999980926514, 4.5, 4.340000152587891, 4.480000019073486]
assets:[0, 99.99994443569183, 210.69760213127137, 287.23772829518316, 384.5213332511902, 542.337261315012, 599.5802717270851, 579.3940722175598, 596.1570645192146, 776.559820733118, 995.8572967724799, 1188.4369389452456, 1315.7572536043167, 1545.8546307926654, 1636.3707929545403, 1793.6100498139858, 1733.1479991291046, 1738.5438983671188, 1971.0424654598237, 1986.4483369903564, 2202.249950107956, 2857.478425223923, 3000.9936, 3060.9804394483567, 3135.1276098778726, 2636.943025, 2731.391214108467, 2986.977166460037, 3456.6230202627185, 3243.500983502102, 3362.5061322667125, 3051.1703911246777, 3535.942175000381, 3886.0280789998055, 4121.504350432587, 3863.430676542807, 3918.4200564662933, 4118.497358464527, 4463.082891329479, 4248.326567647314, 4307.000848115158, 4652.3900689635275, 4622.676726858615, 4846.419526717186, 4937.394674987555, 4779.470684219551, 4747.753038993645, 4693.97980403266, 5275.161418907834, 4604.4072, 4540.695213644028, 4787.168980381251]
shares:[0, 23.2558, 44.2642, 67.9049, 91.7712, 112.5181, 135.0406, 163.2096, 196.1043, 225.0898, 250.2154, 273.2039, 295.6758, 316.1257, 336.7018, 356.5825, 378.4166, 401.5113, 422.9705, 445.392, 466.5784, 483.4989, 500.1656, 517.0575, 534.0933, 555.1459, 576.2429, 596.203, 613.965, 633.4963, 652.9138, 675.0377, 694.6841, 713.0327, 730.7632, 750.1807, 769.8271, 788.9842, 807.0674, 826.5227, 846.1691, 864.7565, 883.877, 902.499, 921.1557, 940.8407, 961.0836, 982.0041, 1000.9794, 1023.2016, 1046.2431, 1068.5645]
growth_rate:-6.13
