ticker:ADN
price:[10.430000305175781, 10.380000114440918, 10.270000457763672, 10.390000343322754, 10.329999923706055, 10.34000015258789, 10.3100004196167, 10.289999961853027, 10.239999771118164, 10.239999771118164, 10.229999542236328, 10.300000190734863, 11.520000457763672, 13.550000190734863, 13.800000190734863, 12.850000381469727, 15.5, 14.930000305175781, 15.9399995803833, 17.700000762939453, 16.489999771118164, 14.949999809265137, 15.970000267028809, 15.149999618530273, 13.260000228881836, 13.6899995803833, 12.640000343322754, 13.600000381469727, 14.609999656677246, 15.90999984741211, 13.430000305175781, 13.699999809265137, 12.319999694824219, 12.180000305175781, 12.020000457763672, 11.350000381469727, 9.0, 10.699999809265137, 10.539999961853027, 10.350000381469727, 10.359999656677246, 9.550000190734863, 9.34000015258789, 9.970000267028809, 8.859999656677246, 7.860000133514404, 8.180000305175781, 7.789999961853027, 8.029999732971191, 7.150000095367432, 6.78000020980835, 7.78000020980835]
assets:[0, 99.99988310251237, 198.94017886734008, 301.2642939548492, 399.5241100492477, 499.9110893772125, 598.4604703573227, 697.2997894149779, 793.9112782546997, 893.9110200195313, 993.0383315643311, 1099.8329903666497, 1330.1050128536224, 1664.490153429985, 1795.200624812126, 1771.6179875928879, 2236.9708499999997, 2254.707744087219, 2507.2360079976083, 2884.0699843147277, 2786.910550317574, 2626.641711488819, 2905.8501445877073, 2856.646053071022, 2600.272784883499, 2784.595198648453, 2671.021672549248, 2973.883523415184, 3294.7375475764275, 3687.9045536304475, 3213.045650011444, 3377.6417929756167, 3137.412354283905, 3201.760334221649, 3259.7015201408385, 3178.004646811676, 2620.0035, 3214.8930526923177, 3266.8202881765365, 3307.930501920319, 3411.1262349577905, 3244.4263397984505, 3273.082567472458, 3593.858080255127, 3293.7394263684273, 3021.9853413331507, 3245.0175730636597, 3190.30412037735, 3388.593238316059, 3117.2405965780736, 3055.9291545662877, 3606.6563872630595]
shares:[0, 9.6339, 19.371, 28.9956, 38.6761, 48.3473, 58.0466, 67.7648, 77.5304, 87.296, 97.0712, 106.7799, 115.4605, 122.8406, 130.087, 137.8691, 144.3207, 151.0186, 157.2921, 162.9418, 169.0061, 175.6951, 181.9568, 188.5575, 196.099, 203.4036, 211.315, 218.6679, 225.5125, 231.7979, 239.2439, 246.5432, 254.6601, 262.8703, 271.1898, 280.0004, 291.1115, 300.4573, 309.945, 319.6068, 329.2593, 339.7305, 350.4371, 360.4672, 371.7539, 384.4765, 396.7014, 409.5384, 421.9917, 435.9777, 450.727, 463.5805]
growth_rate:-29.28
