ticker:ADOC
price:[10.104000091552734, 10.0, 10.029999732971191, 10.239999771118164, 10.300000190734863, 10.319999694824219, 10.295000076293945, 10.15999984741211, 10.300000190734863, 10.15999984741211, 10.319999694824219, 10.15999984741211, 10.0600004196167, 10.029999732971191, 10.029999732971191, 10.0, 9.989999771118164, 10.119999885559082, 10.079999923706055, 10.039999961853027, 10.039999961853027, 10.067999839782715, 10.050000190734863, 10.0, 10.029999732971191, 10.069999694824219, 10.069999694824219, 10.069999694824219, 10.050000190734863, 10.050000190734863, 10.069999694824219, 10.050000190734863, 10.050000190734863, 10.079999923706055, 10.050000190734863, 10.050000190734863, 10.050000190734863, 10.069999694824219, 10.069999694824219, 10.069999694824219]
assets:[0, 100.0, 200.30009766740798, 304.4935611940384, 406.2773275234223, 507.0659610054016, 605.8381054897309, 697.8934375186919, 807.5097149534225, 896.5336265354157, 1010.6520181137084, 1094.9828075550079, 1184.205907394886, 1280.6744979045868, 1380.674598242283, 1476.545, 1575.0683189134597, 1695.5644888258932, 1788.8623064603805, 1881.7640608502388, 1981.7644684702873, 2087.2916859838488, 2183.5595214408872, 2272.696, 2379.5141276501654, 2489.003838569641, 2589.003970539093, 2689.004102508545, 2783.6631228300093, 2883.6626347278593, 2989.4012564048767, 3083.463673519802, 3183.463185417652, 3292.9656230760575, 3383.164729207707, 3483.164241105557, 3583.163753003407, 3690.2943821640015, 3790.2945141334535, 3890.294646102905]
shares:[0, 10.0, 19.9701, 29.7357, 39.4444, 49.1343, 58.8478, 68.6903, 78.399, 88.2415, 97.9314, 107.7739, 117.7143, 127.6844, 137.6545, 147.6545, 157.6645, 167.5459, 177.4665, 187.4267, 197.3869, 207.3194, 217.2696, 227.2696, 237.2397, 247.1702, 257.1007, 267.0312, 276.9814, 286.9316, 296.8621, 306.8123, 316.7625, 326.6831, 336.6333, 346.5835, 356.5337, 366.4642, 376.3947, 386.3252]
growth_rate:-0.25
