ticker:ADP
price:[138.52999877929688, 133.44000244140625, 135.08999633789062, 134.5399932861328, 138.6699981689453, 149.85000610351562, 148.4199981689453, 149.1999969482422, 157.9600067138672, 166.22999572753906, 171.6300048828125, 171.27000427246094, 175.25, 174.7899932861328, 173.52999877929688, 179.24000549316406, 176.55999755859375, 176.1999969482422, 171.0500030517578, 161.1199951171875, 161.97999572753906, 165.1199951171875, 167.27999877929688, 167.02999877929688, 169.2899932861328, 174.02000427246094, 178.25999450683594, 182.77000427246094, 183.92999267578125, 192.69000244140625, 189.39999389648438, 189.44000244140625, 192.94000244140625, 195.86000061035156, 186.99000549316406, 194.88999938964844, 194.63999938964844, 195.27999877929688, 196.02000427246094, 197.72000122070312, 199.64999389648438, 192.89999389648438, 197.36000061035156, 201.47999572753906, 203.72000122070312, 205.60000610351562, 206.0800018310547, 209.6300048828125, 213.0, 215.1699981689453, 211.5800018310547, 208.9600067138672]
assets:[0, 99.99993782958984, 201.2300585449219, 300.41435100860593, 409.63117459106445, 542.6518271026612, 637.478734135437, 740.822744847107, 884.323301586914, 1030.6259735107421, 1164.097671118164, 1261.6604864730834, 1390.976775, 1487.3230108703613, 1576.6068039093018, 1728.4830689727783, 1802.6422630737304, 1898.9602271102906, 1943.453029673767, 1930.636453491211, 2040.947946166992, 2180.5086075195313, 2309.0327351501464, 2405.582745419312, 2538.131011340332, 2709.0390145111082, 2875.0484954040526, 3047.7812062454223, 3167.127329882813, 3417.9738013061524, 3459.618168511963, 3560.354349884033, 3726.1345031494143, 3882.532792098999, 3806.7051338287356, 4067.5296882614134, 4162.317994947814, 4276.007077270508, 4392.2202357330325, 4530.318843969727, 4674.545062094116, 4616.501943930053, 4823.24158291626, 5023.923841465759, 5179.784751037598, 5327.589598156738, 5440.017456335449, 5633.722529223633, 5824.2933, 5983.619445080567, 5983.77866378479, 6009.689793090821]
shares:[0, 0.7494, 1.4896, 2.2329, 2.954, 3.6213, 4.2951, 4.9653, 5.5984, 6.2, 6.7826, 7.3665, 7.9371, 8.5092, 9.0855, 9.6434, 10.2098, 10.7773, 11.3619, 11.9826, 12.6, 13.2056, 13.8034, 14.4021, 14.9928, 15.5674, 16.1284, 16.6755, 17.2192, 17.7382, 18.2662, 18.7941, 19.3124, 19.823, 20.3578, 20.8709, 21.3847, 21.8968, 22.407, 22.9128, 23.4137, 23.9321, 24.4388, 24.9351, 25.426, 25.9124, 26.3976, 26.8746, 27.3441, 27.8088, 28.2814, 28.76]
growth_rate:17.84
