ticker:ADPT
price:[35.790000915527344, 40.22999954223633, 46.349998474121094, 48.290000915527344, 48.279998779296875, 52.119998931884766, 51.689998626708984, 49.5, 46.08000183105469, 51.29999923706055, 49.099998474121094, 46.400001525878906, 47.0, 47.779998779296875, 56.04999923706055, 59.58000183105469, 62.529998779296875, 59.130001068115234, 60.279998779296875, 65.08999633789062, 67.73999786376953, 55.470001220703125, 61.36000061035156, 66.5, 63.209999084472656, 56.56999969482422, 42.22999954223633, 41.4900016784668, 41.88999938964844, 38.15999984741211, 40.77000045776367, 40.41999816894531, 42.029998779296875, 43.06999969482422, 41.599998474121094, 34.9900016784668, 34.540000915527344, 36.119998931884766, 37.810001373291016, 35.93000030517578, 38.7599983215332, 39.45000076293945, 40.40999984741211, 39.310001373291016, 38.880001068115234, 36.7599983215332, 38.72999954223633, 36.65999984741211, 35.310001373291016, 31.799999237060547, 30.520000457763672, 35.09000015258789]
assets:[0, 99.99970986213684, 215.21231291503906, 324.2190661468506, 424.1542732757568, 557.8872565670014, 653.2840476436616, 725.60565, 775.4711348144532, 963.3165156734466, 1022.0066482391359, 1065.8080350494383, 1179.5919, 1299.1668348083497, 1624.0319128940582, 1826.3117541275024, 2016.7362796295165, 2007.0791912555694, 2146.112628540039, 2417.3578469940185, 2615.773243509674, 2241.969868338013, 2580.0284896636963, 2896.1548000000003, 2852.8695306793215, 2653.183898686981, 2080.6256244464876, 2144.1659457416536, 2264.8372740005493, 2163.1682793502805, 2411.1215190719604, 2490.421599182129, 2689.621508883667, 2856.1741087623595, 2858.689495143891, 2504.4618551387784, 2572.2525861808776, 2789.9159414985656, 3020.451959705353, 2970.2684512283327, 3304.2200889137266, 3463.0433619731907, 3647.313643227768, 3648.0310234436033, 3708.125669869995, 3605.931599352646, 3899.17756091423, 3790.7796262218476, 3751.1862438926696, 3478.299816549301, 3438.2916915702817, 4053.1336296249387]
shares:[0, 2.4857, 4.6432, 6.714, 8.7853, 10.7039, 12.6385, 14.6587, 16.8288, 18.7781, 20.8148, 22.97, 25.0977, 27.1906, 28.9747, 30.6531, 32.2523, 33.9435, 35.6024, 37.1387, 38.6149, 40.4177, 42.0474, 43.5512, 45.1332, 46.9009, 49.2689, 51.6791, 54.0663, 56.6868, 59.1396, 61.6136, 63.9929, 66.3147, 68.7185, 71.5765, 74.4717, 77.2402, 79.885, 82.6682, 85.2482, 87.7831, 90.2577, 92.8016, 95.3736, 98.0939, 100.6759, 103.4037, 106.2358, 109.3805, 112.657, 115.5068]
growth_rate:-20.53
