ticker:ADRE
price:[46.9900016784668, 46.02000045776367, 46.709999084472656, 45.380001068115234, 46.630001068115234, 49.41999816894531, 49.529998779296875, 50.380001068115234, 48.41999816894531, 52.380001068115234, 52.560001373291016, 53.2599983215332, 54.84000015258789, 55.029998779296875, 55.06999969482422, 56.130001068115234, 54.43000030517578, 56.310001373291016, 59.5, 59.720001220703125, 61.779998779296875, 59.130001068115234, 63.119998931884766, 65.80999755859375, 65.25, 59.790000915527344, 58.83000183105469, 58.7400016784668, 58.099998474121094, 55.529998779296875, 56.939998626708984, 56.38999938964844, 56.66999816894531, 57.2400016784668, 56.77000045776367, 56.880001068115234, 54.380001068115234, 55.13999938964844, 56.790000915527344, 57.650001525878906, 56.9900016784668, 55.95000076293945, 57.63999938964844, 56.83000183105469, 55.400001525878906, 54.95000076293945, 53.75, 52.790000915527344, 53.16999816894531, 52.09000015258789, 48.29999923706055, 51.189998626708984]
assets:[0, 100.00146099472046, 201.5022650505066, 295.764156961441, 403.9090692520142, 528.0773904342651, 629.2538694915771, 740.0519876899718, 811.262543321228, 977.609863935089, 1080.9700122436525, 1195.3674023284912, 1330.8297037029265, 1435.4410091583252, 1536.4860334854127, 1666.06191770401, 1715.6009516189577, 1874.8583887241361, 2081.072, 2188.76790473938, 2364.26495128479, 2362.852581682205, 2622.29510762558, 2834.0483158630373, 2909.934675, 2766.4355103607177, 2822.0163578338625, 2917.6981193717957, 2985.909981581116, 2953.8294370666504, 3128.8301485382076, 3198.6099353790282, 3314.492184906006, 3447.8286051017762, 3519.5186253795623, 3626.338964096832, 3566.9528480609897, 3716.8053968582153, 3928.0280673248285, 4087.511938188171, 4140.716852952194, 4165.153046796417, 4390.963277503967, 4429.256463710022, 4417.806641679382, 4481.919882228088, 4484.045375, 4503.958414111328, 4636.381304333497, 4642.20872359848, 4404.447950428009, 4767.984923087693]
shares:[0, 2.173, 4.3139, 6.5175, 8.662, 10.6855, 12.7045, 14.6894, 16.7547, 18.6638, 20.5664, 22.444, 24.2675, 26.0847, 27.9006, 29.6822, 31.5194, 33.2953, 34.976, 36.6505, 38.2691, 39.9603, 41.5446, 43.0641, 44.5967, 46.2692, 47.969, 49.6714, 51.3926, 53.1934, 54.9496, 56.723, 58.4876, 60.2346, 61.9961, 63.7542, 65.5931, 67.4067, 69.1676, 70.9022, 72.6569, 74.4442, 76.1791, 77.9387, 79.7438, 81.5636, 83.4241, 85.3184, 87.1992, 89.119, 91.1894, 93.1429]
growth_rate:-6.51
