ticker:ADSK
price:[233.8800048828125, 227.47999572753906, 225.1300048828125, 227.8000030517578, 225.55999755859375, 237.5, 259.9700012207031, 254.4199981689453, 235.5399932861328, 259.4100036621094, 251.0, 254.88999938964844, 272.80999755859375, 278.0, 279.67999267578125, 305.0, 301.3900146484375, 305.3399963378906, 319.8500061035156, 308.510009765625, 299.1700134277344, 277.42999267578125, 305.8599853515625, 305.1400146484375, 305.3999938964844, 276.0, 267.3900146484375, 268.1099853515625, 261.5, 269.010009765625, 283.8999938964844, 297.57000732421875, 300.1600036621094, 295.2699890136719, 291.9100036621094, 285.760009765625, 277.6300048828125, 281.67999267578125, 285.8599853515625, 284.7799987792969, 277.510009765625, 277.9800109863281, 288.739990234375, 297.739990234375, 295.3800048828125, 293.3299865722656, 312.6499938964844, 321.1300048828125, 332.7699890136719, 332.7799987792969, 334.3800048828125, 315.6400146484375]
assets:[0, 100.00020612182617, 198.9698983154297, 301.33384403686523, 398.36151168823244, 519.4599999999999, 668.6168461395263, 754.3552945709229, 798.3863612426758, 979.2987048248291, 1047.5484999999999, 1163.7767592132568, 1345.6080319580078, 1471.2037999999998, 1580.1080546203614, 1823.168, 1901.5901584228516, 2026.5110216949463, 2222.797617416382, 2243.97840703125, 2276.0555451568603, 2210.673153637695, 2537.200336486816, 2631.2223463134765, 2733.4521053710937, 2570.3052, 2590.1268548950197, 2697.106019641113, 2730.6091499999998, 2909.0204436035156, 3170.0273318481445, 3422.6799812438967, 3552.483691342163, 3594.616846252441, 3653.7207518371583, 3676.731165649414, 3672.1287855834958, 3825.693156524658, 3982.458385925293, 4067.3988105651856, 4063.55132199707, 4170.4229128234865, 4431.841236108398, 4669.992198828125, 4732.962432238769, 4800.110566265869, 5216.252498168946, 5457.732884985352, 5755.556452981567, 5855.729970520019, 5983.897377380371, 5748.530638781738]
shares:[0, 0.4396, 0.8838, 1.3228, 1.7661, 2.1872, 2.5719, 2.965, 3.3896, 3.7751, 4.1735, 4.5658, 4.9324, 5.2921, 5.6497, 5.9776, 6.3094, 6.6369, 6.9495, 7.2736, 7.6079, 7.9684, 8.2953, 8.623, 8.9504, 9.3127, 9.6867, 10.0597, 10.4421, 10.8138, 11.166, 11.5021, 11.8353, 12.174, 12.5166, 12.8665, 13.2267, 13.5817, 13.9315, 14.2826, 14.6429, 15.0026, 15.3489, 15.6848, 16.0233, 16.3642, 16.684, 16.9954, 17.2959, 17.5964, 17.8955, 18.2123]
growth_rate:12.72
