ticker:ADTN
price:[10.449999809265137, 10.319999694824219, 10.479999542236328, 9.930000305175781, 10.350000381469727, 10.890000343322754, 10.880000114440918, 12.420000076293945, 10.6899995803833, 12.1899995803833, 12.649999618530273, 12.170000076293945, 12.850000381469727, 14.65999984741211, 14.069999694824219, 15.140000343322754, 15.020000457763672, 14.770000457763672, 15.729999542236328, 16.709999084472656, 17.510000228881836, 17.200000762939453, 16.110000610351562, 16.440000534057617, 16.110000610351562, 16.84000015258789, 16.520000457763672, 18.290000915527344, 17.860000610351562, 17.350000381469727, 17.18000030517578, 18.270000457763672, 18.459999084472656, 17.549999237060547, 17.09000015258789, 19.93000030517578, 20.049999237060547, 19.510000228881836, 19.809999465942383, 20.520000457763672, 21.350000381469727, 20.049999237060547, 21.219999313354492, 20.31999969482422, 19.700000762939453, 18.459999084472656, 22.149999618530273, 22.40999984741211, 23.530000686645508, 23.40999984741211, 22.799999237060547, 24.56999969482422]
assets:[0, 99.9997650428772, 201.55030319633482, 290.9728409423828, 403.2794848636627, 524.3197575299263, 623.8385345618248, 812.1388369888306, 799.0143976361275, 1011.1299901938439, 1149.2853553424834, 1205.675822558403, 1373.0431007606508, 1666.444696654892, 1699.377377140808, 1928.6119717342376, 2013.3259213600159, 2079.8154594593047, 2314.9966166305544, 2559.2232517822267, 2781.7471983615874, 2832.499565641022, 2752.9977293014526, 2909.3901825122834, 2950.9896368026734, 3184.708416856766, 3224.1919693412783, 3669.6417686882023, 3683.367941876221, 3678.187935871315, 3742.1476664733887, 4079.5723472156524, 4221.997466609192, 4113.870751160431, 4106.043436660766, 4888.382642852784, 5017.815064062881, 4982.672615454292, 5159.290507910728, 5444.202361450196, 5764.410432995223, 5513.414955204391, 5935.144683948136, 5783.419385141754, 5706.956261018371, 5447.735867818451, 6636.693635702133, 6814.596346599961, 7255.174527718354, 7318.174301299668, 7227.483478152084, 7888.564495018769]
shares:[0, 9.6899, 19.2319, 29.3024, 38.9642, 48.1469, 57.3381, 65.3896, 74.7441, 82.9475, 90.8526, 99.0695, 106.8516, 113.6729, 120.7802, 127.3852, 134.043, 140.8135, 147.1708, 153.1552, 158.8662, 164.6802, 170.8875, 176.9702, 183.1775, 189.1157, 195.169, 200.6365, 206.2356, 211.9993, 217.82, 223.2935, 228.7106, 234.4086, 240.26, 245.2776, 250.2651, 255.3907, 260.4387, 265.312, 269.9958, 274.9833, 279.6958, 284.6171, 289.6932, 295.1103, 299.625, 304.0873, 308.3372, 312.6089, 316.9949, 321.0649]
growth_rate:54.68
