ticker:ADTX
price:[2.359999895095825, 1.8700000047683716, 1.940000057220459, 1.8300000429153442, 1.9800000190734863, 1.899999976158142, 2.200000047683716, 2.2100000381469727, 1.9199999570846558, 2.0, 1.9700000286102295, 1.9500000476837158, 1.9700000286102295, 1.9500000476837158, 2.4800000190734863, 1.9800000190734863, 2.25, 2.0799999237060547, 2.3399999141693115, 2.369999885559082, 3.5999999046325684, 3.7300000190734863, 3.440000057220459, 4.550000190734863, 3.9000000953674316, 3.0299999713897705, 2.5399999618530273, 3.309999942779541, 3.319999933242798, 2.9000000953674316, 2.609999895095825, 2.940000057220459, 2.5999999046325684, 2.619999885559082, 2.859999895095825, 2.8399999141693115, 2.299999952316284, 2.4000000953674316, 2.809999942779541, 2.799999952316284, 2.9000000953674316, 2.7300000190734863, 2.759999990463257, 2.609999895095825, 2.5, 2.4000000953674316, 2.3499999046325684, 2.140000104904175, 2.1700000762939453, 2.0399999618530273, 1.8600000143051147, 1.9700000286102295]
assets:[0, 99.99993325499297, 203.7432680094242, 292.1907998521686, 416.1409600087166, 499.3272137342692, 678.1682746989012, 781.2509254852296, 778.7337425939442, 911.181, 997.513257486844, 1087.3863265900611, 1198.538955406332, 1286.3711564558744, 1736.0002613514423, 1486.0003103147505, 1788.6366, 1753.4950556821825, 2072.6818339744805, 2199.254665803909, 3440.64014885416, 3664.8857817405224, 3479.9484338849543, 4702.838792141819, 4131.0045110162255, 3309.4726247509006, 2874.2774188326835, 3845.61354152031, 3957.231756429601, 3556.618406960535, 3300.956390324092, 3818.318900314951, 3476.744312473774, 3603.4883686005596, 4033.578830049205, 4105.372099927139, 3424.773298997426, 3673.6767859787938, 4401.263008376408, 4485.600203610682, 4745.800566067171, 4567.598248912096, 4717.791631698418, 4561.389806663275, 4469.1475, 4390.381854458094, 4398.915236483716, 4105.821107269979, 4263.379185894013, 4107.969139183045, 3845.5012975754503, 4172.923404603195]
shares:[0, 53.4759, 105.0223, 159.6671, 210.1722, 262.8038, 308.2583, 353.5072, 405.5905, 455.5905, 506.3519, 557.634, 608.3954, 659.6775, 700.0001, 750.5052, 794.9496, 843.0265, 885.7615, 927.9556, 955.7334, 982.5431, 1011.6129, 1033.5909, 1059.2319, 1092.2352, 1131.6053, 1161.8168, 1191.9373, 1226.4201, 1264.7343, 1298.7479, 1337.2094, 1375.3773, 1410.3423, 1445.5536, 1489.0319, 1530.6986, 1566.2858, 1602.0001, 1636.4829, 1673.1129, 1709.3448, 1747.659, 1787.659, 1829.3257, 1871.8789, 1918.6079, 1964.6908, 2013.7104, 2067.4738, 2118.2352]
growth_rate:-18.18
