ticker:ADUS
price:[87.81999969482422, 93.75, 96.33000183105469, 93.1500015258789, 95.05000305175781, 96.55000305175781, 102.52999877929688, 101.16000366210938, 97.56999969482422, 107.58999633789062, 101.06999969482422, 95.48999786376953, 96.25, 104.37000274658203, 104.77999877929688, 115.16000366210938, 115.23999786376953, 117.08999633789062, 121.66999816894531, 120.43000030517578, 127.80000305175781, 112.55000305175781, 124.0999984741211, 123.16999816894531, 117.61000061035156, 107.56999969482422, 93.83000183105469, 106.25, 109.4800033569336, 107.5999984741211, 106.48999786376953, 106.83999633789062, 108.3499984741211, 110.22000122070312, 105.80000305175781, 97.2699966430664, 95.87000274658203, 94.4800033569336, 96.16999816894531, 94.91000366210938, 90.97000122070312, 80.75, 88.05999755859375, 88.88999938964844, 84.63999938964844, 82.83999633789062, 84.6500015258789, 86.79000091552734, 91.4000015258789, 90.19000244140625, 87.56999969482422, 90.48999786376953]
assets:[0, 100.003125, 202.7553878540039, 296.05864984970094, 402.0995329101563, 508.44197107086177, 639.9307343811034, 731.3767104766846, 805.4208334808349, 988.138803366089, 1028.2558558952333, 1071.4837170295716, 1180.015375, 1379.5626963043212, 1484.984054699707, 1732.0985830810548, 1833.307030015564, 1962.7327726135252, 2139.5060828018186, 2217.7064126197815, 2453.4277785858153, 2260.668106297302, 2592.6599381217957, 2673.2323722595215, 2652.564192765808, 2526.1200878334043, 2303.4608639511107, 2708.365625, 2890.6990606361387, 2941.0630382926943, 3010.7278156036377, 3120.625349035645, 3264.726309023285, 3421.074529888916, 3383.886137606811, 3211.067402181244, 3264.852943534851, 3317.514149873352, 3476.8531778015135, 3531.297524255371, 3484.705963760376, 3193.218375, 3582.28950668335, 3716.055313484192, 3638.385797763062, 3661.005946157837, 3840.9938192367554, 4038.0957305969237, 4352.586892664337, 4394.967837969971, 4367.291024780274, 4612.917670101166]
shares:[0, 1.0667, 2.1048, 3.1783, 4.2304, 5.2661, 6.2414, 7.2299, 8.2548, 9.1843, 10.1737, 11.2209, 12.2599, 13.218, 14.1724, 15.0408, 15.9086, 16.7626, 17.5845, 18.4149, 19.1974, 20.0859, 20.8917, 21.7036, 22.5539, 23.4835, 24.5493, 25.4905, 26.4039, 27.3333, 28.2724, 29.2084, 30.1313, 31.0386, 31.9838, 33.0119, 34.055, 35.1134, 36.1532, 37.2068, 38.3061, 39.5445, 40.6801, 41.8051, 42.9866, 44.1937, 45.375, 46.5272, 47.6213, 48.7301, 49.872, 50.9771]
growth_rate:-9.55
