ticker:ADV
price:[10.880000114440918, 10.25, 10.25, 10.199999809265137, 10.180000305175781, 10.050000190734863, 10.020000457763672, 9.84000015258789, 8.989999771118164, 8.739999771118164, 10.239999771118164, 9.899999618530273, 10.420000076293945, 10.949999809265137, 11.479999542236328, 12.720000267028809, 13.34000015258789, 13.170000076293945, 12.920000076293945, 12.270000457763672, 11.220000267028809, 9.779999732971191, 10.029999732971191, 10.0, 10.050000190734863, 9.050000190734863, 9.130000114440918, 9.90999984741211, 10.800000190734863, 11.84000015258789, 12.010000228881836, 12.890000343322754, 13.0600004196167, 12.9399995803833, 12.8100004196167, 12.960000038146973, 12.239999771118164, 12.359999656677246, 12.600000381469727, 12.539999961853027, 12.210000038146973, 11.5600004196167, 11.329999923706055, 10.449999809265137, 10.289999961853027, 10.210000038146973, 10.279999732971191, 9.779999732971191, 9.989999771118164, 9.390000343322754, 9.130000114440918, 9.149999618530273]
assets:[0, 100.000025, 200.00005, 299.02421440839765, 398.43808594436643, 493.34948436307906, 591.8764170398712, 681.2438745639802, 722.3968256080627, 802.3075069892884, 1040.0030487541198, 1105.4715774036406, 1263.5365032514571, 1427.80442012949, 1596.9127083232881, 1869.4011992440223, 2060.5204355690003, 2134.2617283638, 2193.7475369543076, 2183.3815504566196, 2096.540077896309, 1927.4648413733482, 2076.7355167110445, 2170.524, 2281.37617329731, 2154.373360404873, 2273.4175044963836, 2567.641320465088, 2898.2372911847115, 3277.326250236511, 3424.3825412605283, 3775.295484554291, 3925.086482112694, 3989.021434644508, 4048.9465026311873, 4196.357292351723, 4063.225820019722, 4203.061143251895, 4384.67413274765, 4463.794816421032, 4446.326458891392, 4309.625956435204, 4323.880333883858, 4088.045150384426, 4125.453407706165, 4193.379745667457, 4322.129255730248, 4211.908474999905, 4402.348144137382, 4237.942843950176, 4220.598192903519, 4329.843869485855]
shares:[0, 9.7561, 19.5122, 29.3161, 39.1393, 49.0895, 59.0695, 69.2321, 80.3556, 91.7972, 101.5628, 111.6638, 121.2607, 130.3931, 139.1039, 146.9655, 154.4618, 162.0548, 169.7947, 177.9447, 186.8574, 197.0823, 207.0524, 217.0524, 227.0026, 238.0523, 249.0052, 259.096, 268.3553, 276.8012, 285.1276, 292.8856, 300.5426, 308.2706, 316.077, 323.793, 331.9629, 340.0535, 347.99, 355.9645, 364.1545, 372.805, 381.6311, 391.2005, 400.9187, 410.713, 420.4406, 430.6655, 440.6755, 451.3251, 462.278, 473.207]
growth_rate:-15.1
