ticker:ADVM
price:[11.609999656677246, 11.890000343322754, 12.380000114440918, 10.8100004196167, 9.84000015258789, 11.140000343322754, 12.329999923706055, 12.359999656677246, 10.90999984741211, 12.020000457763672, 12.609999656677246, 13.0, 14.100000381469727, 13.710000038146973, 12.949999809265137, 12.34000015258789, 12.279999732971191, 10.84000015258789, 11.899999618530273, 11.369999885559082, 13.390000343322754, 12.329999923706055, 14.010000228881836, 13.430000305175781, 12.850000381469727, 12.829999923706055, 11.119999885559082, 10.670000076293945, 10.930000305175781, 9.9399995803833, 10.079999923706055, 9.079999923706055, 8.859999656677246, 9.5, 3.9000000953674316, 3.7799999713897705, 3.5999999046325684, 3.4700000286102295, 3.4600000381469727, 3.359999895095825, 3.7200000286102295, 3.6700000762939453, 3.819999933242798, 3.549999952316284, 3.5399999618530273, 3.0899999141693115, 2.359999895095825, 2.2699999809265137, 2.4800000190734863, 2.3399999141693115, 2.1700000762939453, 2.4000000953674316]
assets:[0, 99.99965888748169, 204.1202038868904, 278.2342768003464, 353.2678134780884, 499.9398214076042, 653.3445019573212, 754.9339470302582, 766.3696662815094, 944.3417199638367, 1090.6943543045045, 1224.4271, 1428.032528634834, 1488.5330921417237, 1506.0176378185272, 1535.0775089817048, 1627.613268607521, 1536.753217631912, 1787.0265127145767, 1807.4365798078536, 2228.547300140476, 2152.1275066833496, 2545.362059583664, 2539.986411717224, 2530.2922901151655, 2626.3535873823166, 2376.3095035443307, 2380.146247018814, 2538.14390386734, 2408.2481883358955, 2542.1669087587356, 2389.9676639184954, 2432.0610457582475, 2707.74035, 1211.5985996274471, 1274.3185043548824, 1313.63672520051, 1366.1997362643478, 1462.262448121643, 1520.000448543334, 1782.8576297118188, 1858.8946746437073, 2034.8711804391862, 1991.045163256216, 2085.4366335273744, 1920.3388476588964, 1566.6665783602239, 1606.92095549798, 1855.5789182711126, 1850.8283141120196, 1816.366447860718, 2108.8846437995435]
shares:[0, 8.4104, 16.4879, 25.7386, 35.9012, 44.8779, 52.9882, 61.0788, 70.2447, 78.5642, 86.4944, 94.1867, 101.2789, 108.5728, 116.2948, 124.3985, 132.5418, 141.7669, 150.1703, 158.9654, 166.4337, 174.544, 181.6818, 189.1278, 196.9099, 204.7041, 213.6969, 223.069, 232.2181, 242.2785, 252.1991, 263.2123, 274.499, 285.0253, 310.6663, 337.1213, 364.8991, 393.7175, 422.6192, 452.3811, 479.2628, 506.5108, 532.6888, 560.8578, 589.1064, 621.4689, 663.8418, 707.8947, 748.2173, 790.9523, 837.0352, 878.7019]
growth_rate:-58.65
