ticker:ADXN
price:[14.770000457763672, 12.600000381469727, 12.260000228881836, 12.350000381469727, 13.135000228881836, 12.680999755859375, 12.199999809265137, 12.454999923706055, 11.029999732971191, 11.329999923706055, 11.890000343322754, 12.0, 10.618000030517578, 10.5600004196167, 11.800000190734863, 12.161999702453613, 24.190000534057617, 13.399999618530273, 10.699999809265137, 10.699999809265137, 12.119999885559082, 10.755000114440918, 11.40999984741211, 11.520000457763672, 12.289999961853027, 10.649999618530273, 10.539999961853027, 10.789999961853027, 11.0, 10.5, 10.5600004196167, 10.109999656677246, 10.25, 10.609999656677246, 9.779999732971191, 9.899999618530273, 9.649999618530273, 10.0, 9.350000381469727, 10.0, 11.25, 10.25, 10.125, 10.239999771118164, 9.630000114440918, 9.09000015258789, 9.300000190734863, 9.850000381469727, 9.869999885559082, 9.930000305175781, 9.890000343322754, 9.675999641418457]
assets:[0, 99.99990302753449, 197.30140968341826, 298.75021422786716, 417.73897977924344, 503.3000036102295, 584.2091908664704, 696.4200752340317, 716.7415156481743, 836.2355703689575, 977.5672922271729, 1086.6108, 1061.4697832508089, 1155.671661922264, 1391.3757824901581, 1534.0599134688377, 3151.216855571365, 1845.6100874593735, 1573.7335019471168, 1673.733560164547, 1995.854921154499, 1871.0742574095725, 2085.0257191165924, 2205.127383623886, 2452.518652387619, 2225.250325294304, 2302.2669476675032, 2456.8743593139648, 2604.6911, 2586.2959499999997, 2701.07492333107, 2685.972136787796, 2823.166725, 3022.3220622024537, 2885.8911232048986, 3021.3006935823437, 3045.005269629288, 3255.446, 3143.8422582653047, 3462.398, 3995.197875, 3740.0692, 3794.4581625, 3937.555367988777, 3802.9939381939885, 3689.741959937286, 3874.9836494725228, 4204.14958281784, 4312.685592995166, 4438.902778419495, 4521.021790943337, 4523.1950427755355]
shares:[0, 7.9365, 16.0931, 24.1903, 31.8035, 39.6893, 47.886, 55.9149, 64.9811, 73.8072, 82.2176, 90.5509, 99.9689, 109.4386, 117.9132, 126.1355, 130.2694, 137.7321, 147.0779, 156.4237, 164.6745, 173.9725, 182.7367, 191.4173, 199.554, 208.9437, 218.4314, 227.6992, 236.7901, 246.3139, 255.7836, 265.6748, 275.4309, 284.856, 295.0809, 305.1819, 315.5446, 325.5446, 336.2398, 346.2398, 355.1287, 364.8848, 374.7613, 384.5269, 394.9111, 405.9122, 416.6649, 426.8172, 436.9489, 447.0194, 457.1306, 467.4654]
growth_rate:-11.31
