ticker:ADXS
price:[0.4399999976158142, 0.4399999976158142, 0.4449999928474426, 0.3880000114440918, 0.4090000092983246, 0.4099999964237213, 0.4059999883174896, 0.5090000033378601, 0.33799999952316284, 0.3700000047683716, 0.4000000059604645, 0.38499999046325684, 0.2849999964237213, 0.3400000035762787, 0.3319999873638153, 0.30000001192092896, 0.38499999046325684, 0.3490000069141388, 0.5400000214576721, 0.6100000143051147, 0.7450000047683716, 0.7300000190734863, 1.0399999618530273, 1.0800000429153442, 1.1699999570846558, 0.8399999737739563, 0.6800000071525574, 0.8690000176429749, 0.843999981880188, 0.7799999713897705, 0.7850000262260437, 0.6660000085830688, 0.4690000116825104, 0.48399999737739563, 0.48899999260902405, 0.44600000977516174, 0.4009999930858612, 0.5059999823570251, 0.4779999852180481, 0.5080000162124634, 0.515999972820282, 0.460999995470047, 0.48899999260902405, 0.47200000286102295, 0.4880000054836273, 0.4410000145435333, 0.41999998688697815, 0.4099999964237213, 0.4309999942779541, 0.41999998688697815, 0.39899998903274536, 0.460999995470047]
assets:[0, 99.99998745813966, 201.13634776710273, 275.3728425221443, 390.2770522726715, 491.2312457151711, 586.4387255254269, 835.2151023770749, 654.6222088764846, 816.5982985239028, 982.8089746449947, 1045.953613590932, 874.2773605292648, 1142.9975620225819, 1216.103437314132, 1198.888727639556, 1638.5737809112786, 1585.3565426079513, 2552.9872614465953, 2983.929993976164, 3744.3078909654378, 3768.919215474558, 5469.418767382908, 5779.781473667872, 6361.429464664149, 4667.180134283722, 3878.1935847926497, 5056.103324052131, 5010.64558842659, 4730.6913244792695, 4861.016578401565, 4224.123502638352, 3074.645560287586, 3272.981689865008, 3406.7934616081207, 3207.2186728939023, 2983.620278255698, 3864.8674344415786, 3751.001253601837, 4086.4199992152217, 4250.772739695329, 3897.686641499919, 4234.422477198947, 4187.213599780751, 4429.153051370132, 4102.5748898969, 4007.213910888845, 4011.8041270065128, 4317.2867734828, 4307.100705525935, 4191.745696182096, 4943.09471772736]
shares:[0, 227.2727, 451.9918, 709.7238, 954.2226, 1198.125, 1444.4304, 1640.8941, 1936.7521, 2207.0224, 2457.0224, 2716.7627, 3067.6399, 3361.7575, 3662.9623, 3996.2956, 4256.0359, 4542.5688, 4727.754, 4891.6884, 5025.9166, 5162.9029, 5259.0567, 5351.6493, 5437.1194, 5556.167, 5703.2258, 5818.3006, 5936.784, 6064.9891, 6192.3776, 6342.5277, 6555.7473, 6762.3589, 6966.8579, 7191.0731, 7440.4497, 7638.0782, 7847.2832, 8044.1336, 8237.9321, 8454.8518, 8659.3508, 8871.2152, 9076.1332, 9302.8906, 9540.9858, 9784.8882, 10016.9068, 10255.002, 10505.6286, 10722.5483]
growth_rate:-3.08
