ticker:AEAC
price:[9.789999961853027, 9.715999603271484, 9.680000305175781, 9.670000076293945, 9.770000457763672, 9.850000381469727, 9.699999809265137, 9.789999961853027, 9.729999542236328, 9.720000267028809, 9.6899995803833, 9.680000305175781, 9.680000305175781, 9.699000358581543, 9.6899995803833, 9.699999809265137, 9.6899995803833, 9.710000038146973, 9.680000305175781, 9.699999809265137, 9.729999542236328, 9.65999984741211, 9.649999618530273, 9.619999885559082, 9.630000114440918, 9.670000076293945]
assets:[0, 99.99998271675109, 199.62967829360963, 299.423816362381, 402.52011085968013, 505.81623458919523, 598.1136282390595, 703.6631002581596, 799.3505983932495, 898.5294606844902, 995.7559848796844, 1094.7286585128784, 1194.7288696655273, 1297.0735052540779, 1395.8696335531235, 1497.310400557804, 1595.7665728967668, 1699.0606616749765, 1793.8115045524598, 1897.5178426883697, 2003.3864727474213, 2088.974001002884, 2186.811503554153, 2280.0130848766325, 2382.3830623117447, 2492.279096663475]
shares:[0, 10.2923, 20.6229, 30.9642, 41.1996, 51.3519, 61.6612, 71.8757, 82.1532, 92.4413, 102.7612, 113.0918, 123.4224, 133.7327, 144.0526, 154.3619, 164.6818, 174.9805, 185.3111, 195.6204, 205.8979, 216.2499, 226.6126, 237.0076, 247.3918, 257.7331]
growth_rate:-0.31
