ticker:AEACU
price:[10.380000114440918, 10.430000305175781, 10.399999618530273, 10.369999885559082, 10.4350004196167, 10.470000267028809, 10.25, 10.050000190734863, 10.100000381469727, 10.0, 9.989999771118164, 10.0, 10.149999618530273, 10.149999618530273, 9.980999946594238, 10.09000015258789, 10.039999961853027, 10.0, 10.0, 9.989999771118164, 10.039999961853027, 10.050000190734863, 10.09000015258789, 10.100000381469727, 10.109999656677246, 10.050000190734863, 10.039999961853027, 10.050000190734863, 10.04699993133545, 10.029999732971191, 10.010000228881836, 9.9399995803833, 9.968000411987305, 9.979999542236328, 9.979999542236328]
assets:[0, 99.99971392593383, 199.71223267459868, 299.13612769880297, 401.010805125618, 502.35584781217574, 591.80015, 680.2523529102326, 783.6368095973969, 875.878, 975.0019996616364, 1075.978, 1192.1174551963807, 1292.1172814380645, 1370.6028898662566, 1485.5709024658204, 1578.2096820035936, 1671.922, 1771.922, 1870.1499351528169, 1979.5104884788511, 2081.4816695035934, 2189.766139115143, 2291.936526564789, 2394.205634695816, 2479.996337066841, 2577.52903020668, 2680.0958608644487, 2779.2955628053664, 2874.592908469677, 2968.860962883949, 3048.099877324581, 3156.6863064689637, 3260.485810447693, 3360.4854058609008]
shares:[0, 9.5877, 19.2031, 28.8463, 38.4294, 47.9805, 57.7366, 67.6868, 77.5878, 87.5878, 97.5978, 107.5978, 117.45, 127.3022, 137.3212, 147.232, 157.1922, 167.1922, 177.1922, 187.2022, 197.1624, 207.1126, 217.0234, 226.9244, 236.8156, 246.7658, 256.726, 266.6762, 276.6294, 286.5995, 296.5895, 306.6499, 316.682, 326.702, 336.722]
growth_rate:-1.16
