ticker:AEHL
price:[1.8300018310546875, 2.390000104904175, 2.3499999046325684, 1.9700000286102295, 2.119999885559082, 2.0799999237060547, 2.109999895095825, 2.359999895095825, 2.319999933242798, 2.299999952316284, 2.4100000858306885, 2.309999942779541, 2.4800000190734863, 2.890000104904175, 2.7899999618530273, 2.799999952316284, 2.7899999618530273, 3.359999895095825, 3.549999952316284, 4.610000133514404, 3.200000047683716, 3.3499999046325684, 2.950000047683716, 2.799999952316284, 2.7200000286102295, 2.8399999141693115, 2.509999990463257, 2.690000057220459, 2.640000104904175, 2.799999952316284, 3.2300000190734863, 2.7100000381469727, 2.950000047683716, 2.930000066757202, 3.3299999237060547, 3.009999990463257, 2.9000000953674316, 3.0799999237060547, 3.700000047683716, 2.869999885559082, 2.5799999237060547, 3.119999885559082, 3.4600000381469727]
assets:[0, 99.99999438929558, 198.32636195154188, 266.25653586683273, 386.5298271345139, 479.23676642169954, 586.1488978580713, 755.5978624129773, 842.7910157489777, 935.5256706046342, 1080.2683194730996, 1135.4437428741933, 1319.0046261443615, 1637.065991423893, 1680.4200460240365, 1786.443089577055, 1880.0629572943687, 2364.1617821873665, 2597.8494951056005, 3473.5456666005134, 2511.137957418871, 2728.8472773154735, 2503.01486045866, 2475.742877838349, 2505.007418348837, 2715.522433931279, 2499.9863455013037, 2779.268247119331, 2827.609072359085, 3098.979187224698, 3674.894084700632, 3183.270379808903, 3565.1836176275256, 3641.0129279569387, 4238.079247900963, 3930.8164785457852, 3887.1656378306866, 4228.437647258377, 5179.616746752263, 4117.702487807083, 3801.628081580925, 4697.317699703407, 5309.20501653471]
shares:[0, 41.841, 84.3942, 135.1556, 182.3254, 230.4023, 277.7957, 320.1686, 363.272, 406.7503, 448.2441, 491.5341, 531.8567, 566.4588, 602.3011, 638.0154, 673.8577, 703.6196, 731.7886, 753.4806, 784.7306, 814.5813, 848.4796, 884.1939, 920.9586, 956.1699, 996.0105, 1033.1852, 1071.064, 1106.7783, 1137.7381, 1174.6385, 1208.5368, 1242.6665, 1272.6965, 1305.9191, 1340.4019, 1372.8694, 1399.8964, 1434.7396, 1473.4993, 1505.5506, 1534.4523]
growth_rate:26.41
