ticker:AEHR
price:[1.7699999809265137, 1.350000023841858, 1.5, 1.5299999713897705, 1.3600000143051147, 1.4600000381469727, 1.4500000476837158, 1.309999942779541, 1.2200000286102295, 1.2699999809265137, 1.559999942779541, 1.5399999618530273, 1.7100000381469727, 2.109999895095825, 2.049999952316284, 2.200000047683716, 2.4700000286102295, 2.5299999713897705, 2.109999895095825, 2.140000104904175, 2.4000000953674316, 2.2899999618530273, 2.549999952316284, 3.130000114440918, 3.0199999809265137, 2.799999952316284, 2.450000047683716, 2.559999942779541, 2.630000114440918, 2.4200000762939453, 2.569999933242798, 2.390000104904175, 2.180000066757202, 2.3299999237060547, 2.259999990463257, 2.2899999618530273, 2.0999999046325684, 2.1600000858306885, 2.25, 2.7300000190734863, 2.680000066757202, 2.440000057220459, 2.5899999141693115, 2.740000009536743, 2.7200000286102295, 3.4000000953674316, 6.099999904632568, 5.619999885559082, 5.849999904632568, 5.670000076293945, 5.570000171661377, 7.519999980926514]
assets:[0, 100.00003676606417, 211.1112, 315.33345310342315, 380.29639600013496, 508.25930127983094, 604.77805488832, 646.3856737660408, 701.9775244620799, 830.7471195234299, 1120.4453109023093, 1206.080692124462, 1439.2194801063538, 1875.8789487357617, 1922.536490281129, 2163.2098868863104, 2528.6946392900945, 2690.1203805790665, 2343.539114484811, 2476.8598754172563, 2877.7868343529703, 2845.888063593006, 3269.0020188713074, 4112.5400153651235, 4068.009736307574, 3871.6646540659426, 3487.70663288033, 3744.2973883084296, 3946.6807417345044, 3731.5464636423108, 4062.8404204654216, 3878.2837622293473, 3637.514103390026, 3987.8016264226912, 3967.9965652558567, 4120.66898335762, 3878.779203852749, 4089.6018185061694, 4360.001625, 5390.135242658854, 5391.414826296926, 5008.6015374567505, 5416.506965500951, 5830.204626292396, 5887.648413929033, 7459.5607692350395, 13483.328769201566, 12522.345493005563, 13134.825775874424, 12830.677759646034, 12704.387249535464, 17252.06285224242]
shares:[0, 74.0741, 140.7408, 206.1003, 279.6297, 348.1228, 417.0883, 493.4242, 575.3914, 654.1316, 718.2342, 783.1693, 841.6488, 889.0422, 937.8227, 983.2772, 1023.763, 1063.2887, 1110.6821, 1157.4111, 1199.0778, 1242.7459, 1281.9616, 1313.9105, 1347.0231, 1382.7374, 1423.5537, 1462.6162, 1500.639, 1541.9613, 1580.8718, 1622.7128, 1668.5844, 1711.5029, 1755.7507, 1799.4188, 1847.0378, 1893.3341, 1937.7785, 1974.4085, 2011.7219, 2052.7055, 2091.3155, 2127.8119, 2164.5766, 2193.9884, 2210.3818, 2228.1754, 2245.2694, 2262.9061, 2280.8594, 2294.1573]
growth_rate:238.28
