ticker:AEI
price:[5.550000190734863, 5.460000038146973, 5.070000171661377, 5.800000190734863, 5.260000228881836, 5.980000019073486, 5.869999885559082, 6.699999809265137, 5.880000114440918, 6.309999942779541, 6.050000190734863, 17.559999465942383, 23.889999389648438, 14.350000381469727, 10.260000228881836, 10.029999732971191, 11.220000267028809, 11.170000076293945, 11.430000305175781, 11.5, 9.329999923706055, 10.380000114440918, 10.649999618530273, 7.679999828338623, 3.740000009536743, 4.170000076293945, 4.019999980926514, 1.9600000381469727, 1.8700000047683716, 1.7699999809265137, 1.9700000286102295, 2.0199999809265137]
assets:[0, 99.9999006986618, 192.85722952980996, 320.62575054388043, 390.7743590040207, 544.2643197359562, 634.2529006346703, 823.934486544323, 823.09476401968, 983.287291083336, 1042.7713778748512, 3126.6228769090653, 4353.703932769775, 2715.1377421772004, 2041.27629353714, 2095.516691211033, 2444.137930168915, 2533.246551302719, 2692.211984880829, 2808.7002, 2378.7105375486376, 2746.411014279556, 2917.8496204862595, 2204.1392147336483, 1173.370024992013, 1408.2761627656937, 1457.6186270841122, 810.6797317780495, 873.4545622272492, 926.7457940134049, 1131.462818432188, 1260.180220100975]
shares:[0, 18.315, 38.0389, 55.2803, 74.2917, 91.0141, 108.0499, 122.9753, 139.9821, 155.83, 172.3589, 178.0537, 182.2396, 189.2082, 198.9548, 208.9249, 217.8376, 226.7902, 235.5391, 244.2348, 254.9529, 264.5868, 273.9765, 286.9973, 313.7353, 337.7161, 362.5917, 413.6121, 467.088, 523.5852, 574.3466, 623.8516]
growth_rate:-59.35
