ticker:AEIS
price:[69.12000274658203, 58.84000015258789, 59.22999954223633, 59.720001220703125, 61.720001220703125, 70.4000015258789, 73.26000213623047, 72.48999786376953, 67.47000122070312, 83.4800033569336, 86.29000091552734, 90.08999633789062, 97.37999725341797, 100.91999816894531, 98.11000061035156, 98.79000091552734, 98.9000015258789, 96.97000122070312, 112.26000213623047, 115.47000122070312, 118.83000183105469, 102.58000183105469, 113.16000366210938, 109.02999877929688, 108.5, 104.44999694824219, 102.19999694824219, 106.3499984741211, 103.30999755859375, 111.05000305175781, 116.69999694824219, 118.44999694824219, 116.75, 116.41999816894531, 110.30999755859375, 90.12000274658203, 93.7300033569336, 98.05999755859375, 102.01000213623047, 102.80000305175781, 104.55000305175781, 104.0, 111.52999877929688, 109.48999786376953, 106.68000030517578, 96.19999694824219, 101.3499984741211, 103.75, 94.19000244140625, 86.61000061035156, 82.7300033569336, 91.08999633789062]
assets:[0, 99.99858025932312, 200.65939244918823, 302.3205621795654, 412.44390815734863, 570.4512123641967, 693.6257002258301, 786.33525182724, 831.8781270507812, 1129.2757454109192, 1267.289469445801, 1423.0976181518554, 1638.2529077934264, 1797.8090313812256, 1847.7546964950561, 1960.556721169281, 2062.737551824951, 2122.47938671875, 2557.148136660767, 2730.265084863281, 2909.7070738357543, 2611.7996846206665, 2981.177664477539, 2972.3758267211915, 3057.93145, 3043.7878060684207, 3078.223028082275, 3303.2203176063535, 3308.802270806885, 3656.698920489502, 3942.744406895447, 4101.864169319153, 4142.9905, 4231.284833450317, 4109.212874053955, 3457.102437361908, 3695.5865723571774, 3966.3111692504885, 4226.08056949997, 4358.812649397278, 4533.016302316284, 4609.1656, 5042.884659805298, 5050.642213458252, 5021.022230363465, 4627.768193193054, 4975.514665090942, 5193.341125, 4814.804544799805, 4527.329917904663, 4424.5164015335085, 4971.619128125]
shares:[0, 1.6995, 3.3878, 5.0623, 6.6825, 8.103, 9.468, 10.8475, 12.3296, 13.5275, 14.6864, 15.7964, 16.8233, 17.8142, 18.8335, 19.8457, 20.8568, 21.888, 22.7788, 23.6448, 24.4863, 25.4611, 26.3448, 27.262, 28.1837, 29.1411, 30.1196, 31.0599, 32.0279, 32.9284, 33.7853, 34.6295, 35.486, 36.345, 37.2515, 38.3611, 39.428, 40.4478, 41.4281, 42.4009, 43.3574, 44.3189, 45.2155, 46.1288, 47.0662, 48.1057, 49.0924, 50.0563, 51.118, 52.2726, 53.4814, 54.5792]
growth_rate:-2.52
