ticker:AEMD
price:[1.2899999618530273, 1.340000033378601, 1.4299999475479126, 1.340000033378601, 1.350000023841858, 1.5199999809265137, 1.6699999570846558, 1.649999976158142, 1.340000033378601, 1.4900000095367432, 1.5299999713897705, 1.5399999618530273, 1.8200000524520874, 1.7699999809265137, 1.6799999475479126, 2.069999933242798, 2.1600000858306885, 2.4700000286102295, 2.7100000381469727, 2.5399999618530273, 2.640000104904175, 2.299999952316284, 2.759999990463257, 2.7699999809265137, 2.640000104904175, 2.200000047683716, 1.909999966621399, 2.3499999046325684, 2.1500000953674316, 2.0799999237060547, 2.0799999237060547, 2.059999942779541, 1.7899999618530273, 1.9199999570846558, 1.8200000524520874, 1.7100000381469727, 1.6100000143051147, 1.7599999904632568, 1.7400000095367432, 2.2100000381469727, 6.489999771118164, 5.21999979019165, 5.119999885559082, 4.789999961853027, 4.210000038146973, 3.759999990463257, 5.519999980926514, 4.900000095367432, 5.210000038146973, 3.8399999141693115, 3.430000066757202, 3.9800000190734863]
assets:[0, 100.00004849094154, 206.71650241768359, 293.70643331605197, 395.89830699181556, 545.7521931517124, 699.6092410215736, 791.2307585670233, 742.5753564971089, 925.6994579249382, 1050.5504593552353, 1157.4168473299026, 1467.856432303369, 1527.5306925393581, 1549.8595916110874, 2009.648464189124, 2197.0246473019124, 2612.3382262589453, 2966.168753752899, 2880.099098745251, 3093.489026924205, 2795.0850620521546, 3454.102176064897, 3566.617073441219, 3499.2309070469382, 3016.025605370593, 2718.4584494930145, 3444.700125207567, 3251.5343692281244, 3245.670152949524, 3345.6701012815474, 3413.500245183468, 3066.0997056578635, 3388.777268254924, 3312.2787014593005, 3212.0859596557616, 3124.244633759427, 3515.3233089518544, 3575.3765535962343, 4641.139310111046, 13729.408252807047, 11142.759800137139, 11029.297417475987, 10418.424752028943, 9256.903878877163, 8367.448330777073, 12384.126029208612, 11093.155785903215, 11894.967759093475, 8867.116217804503, 8020.367098098325, 9406.431545078754]
shares:[0, 74.6269, 144.557, 219.1839, 293.258, 359.0475, 418.9277, 479.5338, 554.1607, 621.2748, 686.6343, 751.5694, 806.5145, 863.0117, 922.5355, 970.8447, 1017.141, 1057.6268, 1094.5272, 1133.8973, 1171.7761, 1215.2544, 1251.4863, 1287.5874, 1325.4662, 1370.9207, 1423.2767, 1465.8299, 1512.3415, 1560.4184, 1608.4953, 1657.039, 1712.9049, 1764.9882, 1819.9333, 1878.4128, 1940.5246, 1997.3428, 2054.8141, 2100.063, 2115.4713, 2134.6284, 2154.1597, 2175.0365, 2198.7895, 2225.3852, 2243.5011, 2263.9093, 2283.1032, 2309.1449, 2338.2994, 2363.425]
growth_rate:84.44
