ticker:AEP
price:[79.05000305175781, 79.1500015258789, 78.77999877929688, 80.6500015258789, 85.30000305175781, 89.81999969482422, 91.5199966430664, 91.87999725341797, 89.93000030517578, 90.91999816894531, 89.87000274658203, 82.48999786376953, 84.91999816894531, 83.38999938964844, 82.76000213623047, 83.29000091552734, 81.41999816894531, 83.2699966430664, 79.18000030517578, 80.47000122070312, 82.08000183105469, 80.91000366210938, 82.19000244140625, 78.61000061035156, 79.08000183105469, 74.8499984741211, 78.9000015258789, 81.04000091552734, 83.66999816894531, 84.98999786376953, 85.54000091552734, 85.88999938964844, 88.55000305175781, 87.69999694824219, 88.70999908447266, 87.19000244140625, 86.76000213623047, 86.6500015258789, 86.0, 86.02999877929688, 84.76000213623047, 82.3499984741211, 84.7699966430664, 85.19999694824219, 85.38999938964844, 87.48999786376953, 85.9800033569336, 88.12000274658203, 89.33999633789062, 89.69000244140625, 91.08000183105469, 89.29000091552734]
assets:[0, 99.99811192779542, 199.53398090820312, 304.26826075668333, 421.8085150909424, 544.1565041511535, 654.4594959945679, 757.036049369812, 840.9714048538208, 950.2321768630982, 1039.2567117614747, 1053.9169597068787, 1184.965162449646, 1263.6169997512818, 1354.0694989517212, 1462.7389960784913, 1529.8980495941162, 1664.6588298912047, 1682.8917264862062, 1810.309476461792, 1946.5272434234619, 2018.7774103729248, 2150.7151078857423, 2157.0348337478636, 2269.92818855896, 2248.5089241622923, 2470.1696877716067, 2637.171293792725, 2822.7579942260745, 2967.2897914169316, 3086.4885290344237, 3199.1190402664183, 3398.194917114258, 3465.579389405823, 3605.4937187896726, 3643.713797027588, 3725.7434477363586, 3821.0224472869872, 3892.3599999999997, 3993.7190153320316, 4034.76257368927, 4020.0387005119323, 4238.177706166077, 4359.675323841858, 4469.397958053589, 4679.31504574585, 4698.557841446686, 4915.5011812095645, 5083.552999621582, 5203.473119641113, 5384.11233624115, 5378.293915145874]
shares:[0, 1.2634, 2.5328, 3.7727, 4.945, 6.0583, 7.151, 8.2394, 9.3514, 10.4513, 11.564, 12.7763, 13.9539, 15.1531, 16.3614, 17.562, 18.7902, 19.9911, 21.254, 22.4967, 23.715, 24.9509, 26.1676, 27.4397, 28.7042, 30.0402, 31.3076, 32.5416, 33.7368, 34.9134, 36.0824, 37.2467, 38.376, 39.5163, 40.6436, 41.7905, 42.9431, 44.0972, 45.26, 46.4224, 47.6022, 48.8165, 49.9962, 51.1699, 52.341, 53.484, 54.6471, 55.7819, 56.9012, 58.0162, 59.1141, 60.234]
growth_rate:5.46
