ticker:AEPPL
price:[48.81999969482422, 47.849998474121094, 47.689998626708984, 48.2400016784668, 50.060001373291016, 52.15999984741211, 52.58000183105469, 53.130001068115234, 53.38999938964844, 52.400001525878906, 52.630001068115234, 49.900001525878906, 50.869998931884766, 49.79999923706055, 49.41999816894531, 49.2400016784668, 49.02000045776367, 50.099998474121094, 48.41999816894531, 48.15999984741211, 48.470001220703125, 47.720001220703125, 48.29999923706055, 46.61000061035156, 46.88999938964844, 45.349998474121094, 46.91999816894531, 47.18000030517578, 48.11000061035156, 48.720001220703125, 48.84000015258789, 49.0, 49.91999816894531, 49.91999816894531, 50.189998626708984, 50.18000030517578, 50.060001373291016, 49.9900016784668, 49.83000183105469, 50.23899841308594, 49.2599983215332, 48.47999954223633, 49.22999954223633, 49.40999984741211, 49.58000183105469, 50.25, 49.7599983215332, 50.27000045776367, 50.40999984741211, 50.900001525878906, 51.22999954223633, 50.86000061035156]
assets:[0, 100.00171181106568, 199.66848625030516, 301.97276250686645, 413.36545533981325, 530.7071344474792, 634.9823921127319, 741.6257459095001, 845.2544533370972, 929.5812670692445, 1033.6637469779969, 1080.0456130264283, 1201.0406747817992, 1275.776380455017, 1366.0428793869019, 1461.0690258041382, 1554.5418625167847, 1688.7907885650634, 1732.1624884963987, 1822.860810224533, 1934.5928527221681, 2004.6599872802735, 2129.0253263702393, 2154.5332952133176, 2267.478456484985, 2293.009297847748, 2472.3929995147705, 2586.0915107276915, 2737.06934372406, 2871.7712399536135, 2978.8444053066255, 3088.6023, 3246.5920089157103, 3346.591749247742, 3464.6908901996608, 3563.9993956748963, 3655.476414280319, 3750.36490292244, 3838.3601940444946, 3969.8655590026856, 3992.5031599609374, 4029.2842659542084, 4191.619389024353, 4306.946161699295, 4421.762715301514, 4581.5136, 4636.83568359375, 4784.361834566879, 4897.684355175018, 5045.289591247559, 5178.000481732178, 5240.604290890503]
shares:[0, 2.0899, 4.1868, 6.2598, 8.2574, 10.1746, 12.0765, 13.9587, 15.8317, 17.7401, 19.6402, 21.6442, 23.61, 25.618, 27.6415, 29.6724, 31.7124, 33.7084, 35.7737, 37.8501, 39.9132, 42.0088, 44.0792, 46.2247, 48.3574, 50.5625, 52.6938, 54.8133, 56.8919, 58.9444, 60.9919, 63.0327, 65.0359, 67.0391, 69.0315, 71.0243, 73.0219, 75.0223, 77.0291, 79.0196, 81.0496, 83.1123, 85.1436, 87.1675, 89.1844, 91.1744, 93.184, 95.1733, 97.157, 99.1216, 101.0736, 103.0398]
growth_rate:2.76
