ticker:AEPPZ
price:[48.540000915527344, 48.5, 48.16999816894531, 48.7869987487793, 50.84600067138672, 53.11000061035156, 53.32500076293945, 53.72999954223633, 53.540000915527344, 53.220001220703125, 52.349998474121094, 49.209999084472656, 50.130001068115234, 49.790000915527344, 49.709999084472656, 50.9900016784668, 49.31999969482422, 50.630001068115234, 48.900001525878906, 49.20000076293945, 50.029998779296875, 49.349998474121094, 49.81999969482422, 47.41999816894531, 47.63999938964844, 44.709999084472656, 46.68000030517578, 47.59000015258789, 48.7400016784668, 49.06999969482422, 49.619998931884766, 50.06999969482422, 51.220001220703125, 50.63999938964844, 51.18000030517578, 51.34000015258789, 50.31999969482422, 50.5, 50.209999084472656, 50.709999084472656, 50.650001525878906, 50.060001373291016, 50.970001220703125, 51.58000183105469, 51.779998779296875, 52.61000061035156, 52.22999954223633, 53.06999969482422, 53.85200119018555, 53.31999969482422, 53.63999938964844, 53.209999084472656]
assets:[0, 100.00215, 199.32263542327883, 301.8744334579468, 414.6135432746887, 533.0756981262207, 635.2340715885163, 740.0608946949005, 837.445924320221, 932.441031387329, 1017.1971153511048, 1056.1843683502198, 1175.9295130554199, 1267.9521633148195, 1365.9164418434143, 1501.0895604122163, 1551.9277703971864, 1693.1482437194825, 1735.2947941482546, 1845.9397486248017, 1977.0804887603758, 2050.2062066085814, 2169.7307347091673, 2165.206600393677, 2275.253022850037, 2235.3166432273865, 2433.8065239112857, 2581.2530542762756, 2743.6283084827423, 2862.204012199402, 2994.2841015453337, 3121.438885974884, 3293.1336364837643, 3355.841863552857, 3491.6275708198546, 3602.543212707138, 3630.970409979248, 3743.9589, 3822.457104301453, 3960.5219224960324, 4055.8343271858216, 4108.589510710525, 4283.274246582031, 4434.533919422913, 4551.72597069397, 4724.688453813171, 4790.561673013687, 4967.606707434082, 5140.803582017135, 5190.019474295043, 5321.168399452209, 5378.509275457764]
shares:[0, 2.0619, 4.1379, 6.1876, 8.1543, 10.0372, 11.9125, 13.7737, 15.6415, 17.5205, 19.4307, 21.4628, 23.4576, 25.466, 27.4777, 29.4389, 31.4665, 33.4416, 35.4866, 37.5191, 39.5179, 41.5442, 43.5514, 45.6602, 47.7593, 49.9959, 52.1381, 54.2394, 56.2911, 58.329, 60.3443, 62.3415, 64.2939, 66.2686, 68.2225, 70.1703, 72.1576, 74.1378, 76.1294, 78.1014, 80.0757, 82.0733, 84.0352, 85.9739, 87.9051, 89.8059, 91.7205, 93.6048, 95.4617, 97.3372, 99.2015, 101.0808]
growth_rate:5.46
