ticker:AERI
price:[11.670000076293945, 10.460000038146973, 12.199999809265137, 11.210000038146973, 11.970000267028809, 11.829999923706055, 11.640000343322754, 9.90999984741211, 10.609999656677246, 10.5600004196167, 12.979999542236328, 12.045000076293945, 13.0, 12.770000457763672, 12.40999984741211, 13.180000305175781, 14.329999923706055, 13.510000228881836, 13.960000038146973, 13.949999809265137, 16.809999465942383, 17.190000534057617, 17.68000030517578, 16.40999984741211, 15.949999809265137, 18.389999389648438, 18.75, 20.899999618530273, 19.690000534057617, 17.670000076293945, 17.770000457763672, 18.829999923706055, 17.25, 17.649999618530273, 17.1299991607666, 17.510000228881836, 17.40999984741211, 18.200000762939453, 16.290000915527344, 15.710000038146973, 15.460000038146973, 16.510000228881836, 18.780000686645508, 16.010000228881836, 15.789999961853027, 15.270000457763672, 15.510000228881836, 15.779999732971191, 15.220000267028809, 14.699999809265137, 14.5, 14.680000305175781]
assets:[0, 99.99969236469269, 216.6341766131401, 299.05477601766586, 419.3294583544731, 514.425180682373, 606.1634938788413, 616.0719875141143, 759.5889734209061, 856.009474014759, 1152.178745366287, 1169.182862905693, 1361.8826, 1437.7883985401154, 1497.2553125904083, 1690.1557911346436, 1937.6280736839294, 1926.7516496423723, 2090.9288057136537, 2189.4315450644494, 2738.303526003456, 2900.2040641033173, 3082.8740292137145, 2961.4224174633023, 2978.408859383297, 3534.0392847076414, 3703.220625, 4227.856742832566, 4083.085875746727, 3764.2012422527314, 3885.5047810924534, 4217.279762912751, 3963.4134750000003, 4155.31823019104, 4132.894942521096, 4324.576081528663, 4399.87779443779, 4699.527757003021, 4306.335047023773, 4253.009639327144, 4285.329582573891, 4676.376665829658, 5419.342920145225, 4720.004227478027, 4755.144277512073, 4698.54707385292, 4872.395225902176, 5057.21376442194, 4977.7437033325195, 4907.675786322117, 4940.90545, 5102.241094068146]
shares:[0, 9.5602, 17.7569, 26.6775, 35.0317, 43.4848, 52.0759, 62.1667, 71.5918, 81.0615, 88.7657, 97.0679, 104.7602, 112.5911, 120.6491, 128.2364, 135.2148, 142.6167, 149.78, 156.9485, 162.8973, 168.7146, 174.3707, 180.4645, 186.7341, 192.1718, 197.5051, 202.2898, 207.3685, 213.0278, 218.6553, 223.966, 229.7631, 235.4288, 241.2665, 246.9775, 252.7213, 258.2158, 264.3545, 270.7199, 277.1882, 283.2451, 288.5699, 294.816, 301.1491, 307.6979, 314.1454, 320.4825, 327.0528, 333.8555, 340.7521, 347.5641]
growth_rate:0.04
