ticker:AESE
price:[1.399999976158142, 1.4500000476837158, 1.5, 1.3799999952316284, 1.3799999952316284, 1.3300000429153442, 1.2000000476837158, 1.1399999856948853, 0.9599999785423279, 1.059999942779541, 0.9599999785423279, 0.9610000252723694, 1.059999942779541, 1.059999942779541, 1.440000057220459, 1.4600000381469727, 1.8899999856948853, 1.5800000429153442, 1.5499999523162842, 1.5800000429153442, 1.75, 1.8600000143051147, 2.1600000858306885, 2.8399999141693115, 2.369999885559082, 2.0899999141693115, 2.440000057220459, 2.5, 3.7100000381469727, 2.7899999618530273, 2.9600000381469727, 2.7200000286102295, 2.3399999141693115, 2.6449999809265137, 2.700000047683716, 2.380000114440918, 2.25, 2.390000104904175, 2.319999933242798, 2.3499999046325684, 2.2200000286102295, 2.140000104904175, 2.3399999141693115, 2.5299999713897705, 2.2699999809265137, 2.059999942779541, 2.0399999618530273, 1.9800000190734863, 2.049999952316284, 2.059999942779541, 1.840000033378601, 2.0199999809265137]
assets:[0, 99.99997828853131, 203.44830000000002, 287.17247900772094, 387.1725226621866, 473.1445892670393, 526.8973409370184, 600.5524484640598, 605.7284024609148, 768.8250604976176, 796.2944462014317, 897.1239872925579, 1089.5435191847325, 1189.5434897865773, 1715.983700187063, 1839.8167120708465, 2481.6805462165476, 2174.632427066517, 2233.3417662941697, 2376.567808551407, 2732.274475, 3004.017389103663, 3588.5364465956213, 4818.260642382169, 4120.87237701416, 3734.0182996538874, 4459.332636575842, 4668.98825, 7028.778717271328, 5385.793048361397, 5813.959850927353, 5442.557673247361, 4782.200026589942, 5505.521172798873, 5720.002751018881, 5142.076641253758, 4961.206575, 5369.904098700977, 5312.626079131007, 5481.323782557536, 5278.101794021487, 5187.900176314187, 5772.750070256781, 6341.477818288087, 5789.784544351816, 5354.165627277755, 5402.183466981887, 5343.2959654723645, 5632.200208993054, 5759.674350013972, 5244.563687139237, 5857.618770690488]
shares:[0, 68.9655, 135.6322, 208.096, 280.5598, 355.7478, 439.0811, 526.8004, 630.9671, 725.3067, 829.4734, 933.5317, 1027.8713, 1122.2109, 1191.6553, 1260.1484, 1313.0585, 1376.3496, 1440.8657, 1504.1568, 1561.2997, 1615.0631, 1661.3594, 1696.5707, 1738.7648, 1786.6117, 1827.5953, 1867.5953, 1894.5495, 1930.3918, 1964.1756, 2000.9403, 2043.6753, 2081.4825, 2118.5195, 2160.5363, 2204.9807, 2246.8217, 2289.9251, 2332.4783, 2377.5233, 2424.2523, 2466.9873, 2506.513, 2550.5659, 2599.1096, 2648.1292, 2698.6343, 2747.4148, 2795.9585, 2850.3063, 2899.8113]
growth_rate:14.86
