ticker:AEY
price:[2.0999999046325684, 2.0399999618530273, 2.0399999618530273, 1.899999976158142, 2.0, 2.059999942779541, 2.0999999046325684, 2.0299999713897705, 1.8799999952316284, 1.8300000429153442, 2.0799999237060547, 2.1600000858306885, 3.1500000953674316, 3.319999933242798, 3.569999933242798, 3.309999942779541, 2.9800000190734863, 2.990000009536743, 2.7799999713897705, 2.740000009536743, 3.0399999618530273, 2.9100000858306885, 3.069999933242798, 3.3399999141693115, 3.369999885559082, 3.059999942779541, 2.6700000762939453, 2.759999990463257, 2.7799999713897705, 2.630000114440918, 2.700000047683716, 2.7200000286102295, 2.1600000858306885, 2.0299999713897705, 2.0199999809265137, 1.909999966621399, 2.259999990463257, 2.390000104904175, 2.5799999237060547, 2.5, 2.4800000190734863, 2.490000009536743, 2.430000066757202, 2.609999895095825, 2.559999942779541, 2.4100000858306885, 2.380000114440918, 2.240000009536743, 2.4100000858306885, 2.740000009536743, 2.3399999141693115, 2.5799999237060547]
assets:[0, 99.99998213005065, 199.9999642601013, 286.27451640772824, 401.3416, 513.3818557398318, 623.3503216917516, 702.5720280981541, 750.6578660960555, 830.6935664806008, 1044.1761856998444, 1184.3369030613183, 1827.1578703178884, 2025.766351266718, 2278.3089833967683, 2212.3817847542286, 2091.811907388639, 2198.831356013274, 2144.3982919310333, 2213.5438057043793, 2555.9024639276504, 2546.604222112298, 2786.6235894048214, 3131.7011535221336, 3259.8302083003045, 3059.9644467802045, 2769.969151150513, 2963.338849760652, 3084.8122342528104, 3018.3656563401223, 3198.702206491113, 3322.396258946514, 2738.3735888131855, 2673.5639603195664, 2760.393805935478, 2710.0752686395167, 3306.6859900464533, 3596.8937538783075, 3982.8390202222827, 3959.34025, 4027.6656069764617, 4143.906072871232, 4144.053101845837, 4551.01975508008, 4563.835545990324, 4396.423617575955, 4441.696395576382, 4280.42005022378, 4705.273563575459, 5449.564098967552, 4754.007005624056, 5341.597528042031]
shares:[0, 49.0196, 98.0392, 150.6708, 200.6708, 249.2145, 296.8335, 346.0946, 399.2861, 453.9309, 502.0078, 548.3041, 580.0501, 610.1706, 638.1818, 668.3933, 701.9503, 735.3951, 771.3663, 807.8627, 840.7574, 875.1217, 907.695, 937.6351, 967.3087, 999.9884, 1037.4416, 1073.6735, 1109.6447, 1147.6675, 1184.7045, 1221.4692, 1267.7655, 1317.0266, 1366.5316, 1418.8876, 1463.1354, 1504.9764, 1543.7361, 1583.7361, 1624.0587, 1664.2193, 1705.3716, 1743.6858, 1782.7483, 1824.2421, 1866.2589, 1910.9018, 1952.3956, 1988.892, 2031.627, 2070.3867]
growth_rate:4.74
