ticker:AEYE
price:[18.229999542236328, 16.579999923706055, 15.850000381469727, 15.760000228881836, 14.229999542236328, 16.760000228881836, 17.790000915527344, 16.6200008392334, 16.809999465942383, 20.56999969482422, 17.739999771118164, 17.200000762939453, 15.739999771118164, 18.239999771118164, 19.690000534057617, 24.959999084472656, 26.200000762939453, 25.829999923706055, 25.0, 23.860000610351562, 24.899999618530273, 23.920000076293945, 29.600000381469727, 42.25, 40.45000076293945, 31.559999465942383, 27.549999237060547, 28.5, 32.83000183105469, 26.360000610351562, 28.549999237060547, 28.950000762939453, 23.860000610351562, 24.780000686645508, 25.299999237060547, 20.34000015258789, 16.100000381469727, 18.049999237060547, 18.34000015258789, 17.90999984741211, 18.200000762939453, 17.040000915527344, 17.729999542236328, 16.520000457763672, 16.350000381469727, 15.630000114440918, 14.5, 13.859999656677246, 13.84000015258789, 9.5, 11.300000190734863, 12.90999984741211]
assets:[0, 100.00061153984069, 195.59692970752718, 294.4866362768173, 365.89740122947694, 530.9517792509079, 663.5812661499024, 719.9385483535766, 828.1681576889038, 1113.4088294815065, 1060.2275383209228, 1127.9554100326538, 1132.2096635360717, 1412.0404622812273, 1624.2911520561217, 2159.029936807251, 2366.289748905945, 2432.8734498140334, 2454.6974999999998, 2442.763002487183, 2649.2379494134902, 2644.970752436256, 3373.0414034700393, 4914.56225, 4805.185030632019, 3849.114342865372, 3460.0484841812136, 3679.3614000000002, 4338.366553967285, 3583.3784829711913, 3981.086123613739, 4136.862469021607, 3509.5173837753296, 3744.8379557682038, 3923.422681686401, 3254.245440412903, 2675.8780234016417, 3099.975458969879, 3249.7820030380253, 3273.587981110001, 3426.5942236419683, 3308.1951937431336, 3542.1542715465544, 3400.4174222244264, 3465.4250908535, 3412.819902988243, 3266.0843999999997, 3221.926012190437, 3317.276420573425, 2377.03205, 2927.417599412441, 3444.509313288116]
shares:[0, 6.0314, 12.3405, 18.6857, 25.7131, 31.6797, 37.3008, 43.3176, 49.2664, 54.1278, 59.7648, 65.5788, 71.932, 77.4145, 82.4932, 86.4996, 90.3164, 94.1879, 98.1879, 102.379, 106.3951, 110.5757, 113.9541, 116.321, 118.7932, 121.9618, 125.5916, 129.1004, 132.1464, 135.94, 139.4426, 142.8968, 147.0879, 151.1234, 155.076, 159.9924, 166.2036, 171.7438, 177.1964, 182.7799, 188.2744, 194.1429, 199.7831, 205.8364, 211.9526, 218.3506, 225.2472, 232.4622, 239.6876, 250.2139, 259.0635, 266.8094]
growth_rate:-32.46
