ticker:AEZS
price:[0.4000000059604645, 0.3799999952316284, 0.3700000047683716, 0.3499999940395355, 0.36000001430511475, 0.38999998569488525, 0.3700000047683716, 0.36000001430511475, 0.3100000023841858, 0.3100000023841858, 0.3499999940395355, 0.41999998688697815, 0.4099999964237213, 0.41999998688697815, 0.3799999952316284, 0.3799999952316284, 0.4099999964237213, 0.4300000071525574, 0.5400000214576721, 0.6399999856948853, 0.7099999785423279, 0.6899999976158142, 1.1100000143051147, 1.899999976158142, 1.4800000190734863, 1.1699999570846558, 0.9200000166893005, 1.1799999475479126, 1.3300000429153442, 1.2300000190734863, 1.1200000047683716, 1.100000023841858, 0.8799999952316284, 0.9399999976158142, 1.059999942779541, 0.9599999785423279, 0.8700000047683716, 0.8999999761581421, 0.8799999952316284, 0.8700000047683716, 1.0499999523162842, 0.8899999856948853, 0.8999999761581421, 0.8600000143051147, 0.8500000238418579, 0.7200000286102295, 0.7099999785423279, 0.7300000190734863, 0.7200000286102295, 0.6899999976158142, 0.6200000047683716, 0.7200000286102295]
assets:[0, 100.00000074516534, 197.36843654358384, 286.6998701175302, 394.89132369157073, 527.7989146404504, 600.7323407419324, 684.4963591994405, 689.4273883023321, 789.4273750714243, 991.2889531184494, 1289.5467077384412, 1358.843226147312, 1491.9856934179963, 1449.8918438062549, 1549.8918445514203, 1772.2517165413021, 1958.7030515807808, 2559.7666917159854, 3133.797369954169, 3576.556447909045, 3575.80844664436, 5852.38760742259, 10117.60019304085, 7981.078294856071, 6409.365649905861, 5139.843397239553, 6692.407462516308, 7643.137846622468, 7168.465695160676, 6627.383308215916, 6609.037303247023, 5387.2297308087345, 5854.54088515073, 6701.928714219379, 6169.671510097092, 5691.264937193179, 5987.515251385009, 5954.459511735142, 5986.795238812948, 7325.442162329221, 6309.184533591449, 6480.074168336653, 6292.071166661394, 6318.907657240581, 5452.486560662342, 5476.7572224810365, 5731.0323927407735, 5752.525188584805, 5612.836375605732, 5143.418235557629, 6073.00202531941]
shares:[0, 263.1579, 533.4282, 819.1425, 1096.9203, 1353.3306, 1623.6009, 1901.3787, 2223.9593, 2546.5399, 2832.2542, 3070.3494, 3314.2518, 3552.347, 3815.5049, 4078.6628, 4322.5652, 4555.1233, 4740.3085, 4896.5585, 5037.4036, 5182.3311, 5272.4212, 5325.0528, 5392.6204, 5478.0905, 5586.7862, 5671.532, 5746.72, 5828.0208, 5917.3065, 6008.2156, 6121.852, 6228.235, 6322.5746, 6426.7413, 6541.6838, 6652.7949, 6766.4313, 6881.3738, 6976.6119, 7088.9715, 7200.0826, 7316.3617, 7434.0088, 7572.8977, 7713.7428, 7850.7291, 7989.618, 8134.5455, 8295.8358, 8434.7247]
growth_rate:19.08
