ticker:AFAQU
price:[9.829999923706055, 9.819999694824219, 9.949999809265137, 10.0, 10.0, 9.899999618530273, 9.9399995803833, 9.994999885559082, 9.949999809265137, 9.869999885559082, 9.899999618530273, 9.880000114440918, 9.890000343322754, 9.9399995803833, 9.979999542236328, 9.970000267028809, 9.979999542236328, 9.979999542236328, 9.899999618530273, 9.927000045776367, 9.859999656677246, 9.850000381469727, 9.850000381469727, 9.850000381469727]
assets:[0, 100.00000289230346, 201.32431614074707, 302.336, 402.336, 498.3125207988739, 600.3262746572494, 703.6479919433594, 800.480469655323, 894.0443296337127, 996.7616615924836, 1094.7484726805687, 1195.856314513111, 1301.9023790402412, 1407.1410134571076, 1505.731254328346, 1607.2410022789002, 1707.2405976921082, 1793.555210890198, 1898.4464376543046, 1985.6333528607367, 2083.6198306941988, 2183.619989566994, 2283.620148439789]
shares:[0, 10.1833, 20.2336, 30.2336, 40.2336, 50.3346, 60.395, 70.4, 80.4503, 90.582, 100.683, 110.8045, 120.9157, 130.9761, 140.9961, 151.0262, 161.0462, 171.0662, 181.1672, 191.2407, 201.3827, 211.535, 221.6873, 231.8396]
growth_rate:-0.71
