ticker:AFBI
price:[6.599999904632568, 7.820000171661377, 7.949999809265137, 7.435999870300293, 7.190000057220459, 7.144000053405762, 7.25, 7.760000228881836, 7.40500020980835, 7.690000057220459, 8.29800033569336, 9.175000190734863, 9.770000457763672, 9.420000076293945, 9.755000114440918, 9.460000038146973, 9.859999656677246, 9.89900016784668, 10.0, 9.920000076293945, 10.819999694824219, 10.670000076293945, 10.75, 10.899999618530273, 11.300000190734863, 11.239999771118164, 11.210000038146973, 11.470000267028809, 12.0, 12.09000015258789, 12.100000381469727, 12.140000343322754, 12.229999542236328, 12.449999809265137, 12.449999809265137, 12.579999923706055, 12.489999771118164, 12.529999732971191, 12.5, 12.649999618530273, 12.949999809265137, 12.979999542236328, 12.800000190734863, 13.684000015258789, 13.0649995803833, 13.010000228881836, 13.25, 13.140000343322754, 13.199999809265137, 13.256999969482422, 13.489999771118164, 13.579999923706055]
assets:[0, 99.99981619515418, 201.66208016176222, 288.6238733657837, 379.07549701681137, 476.65054116325376, 583.7228749999999, 724.7847973775863, 791.6278449294567, 922.0956028612137, 1094.9999752979277, 1310.7285997481347, 1495.7294270809173, 1542.1463284900665, 1696.9895749082566, 1745.6708350393296, 1919.4836011640548, 2027.0756785709382, 2147.758, 2230.575505155182, 2532.945698558807, 2597.8313205753325, 2717.3086749999998, 2855.2243800750734, 3060.003891650391, 3143.7559999832156, 3235.3651930097576, 3410.40500139637, 3667.9908000000005, 3795.5007959030154, 3898.6406929101945, 4011.528359447193, 4141.267409994125, 4315.762553882218, 4415.762197350216, 4561.870276333619, 4629.2335631683345, 4744.0583788986205, 4832.7, 4990.691764502144, 5209.048068278217, 5321.115766341019, 5347.325519681358, 5816.625044886017, 5653.507522422791, 5729.708180801392, 5935.4064, 5986.130826406002, 6113.4650716628075, 6239.86440213585, 6449.53381657219, 6592.56305896225]
shares:[0, 12.7877, 25.3663, 38.8144, 52.7226, 66.7204, 80.5135, 93.4001, 106.9045, 119.9084, 131.9595, 142.8587, 153.0941, 163.7098, 173.961, 184.5318, 194.6738, 204.7758, 214.7758, 224.8564, 234.0985, 243.4706, 252.7729, 261.9472, 270.7968, 279.6936, 288.6142, 297.3326, 305.6659, 313.9372, 322.2017, 330.4389, 338.6155, 346.6476, 354.6797, 362.6288, 370.6352, 378.616, 386.616, 394.5211, 402.2431, 409.9473, 417.7598, 425.0676, 432.7216, 440.408, 447.9552, 455.5655, 463.1413, 470.6845, 478.0974, 485.4612]
growth_rate:29.27
