ticker:AFCG
price:[23.0, 20.790000915527344, 21.1299991607666, 22.389999389648438, 21.190000534057617, 23.049999237060547, 22.719999313354492, 23.280000686645508, 22.670000076293945, 22.75, 23.0, 24.299999237060547, 24.09000015258789, 22.040000915527344, 20.3799991607666, 21.459999084472656, 21.40999984741211, 20.18000030517578, 21.0, 21.280000686645508, 20.389999389648438, 20.860000610351562, 20.170000076293945, 21.309999465942383, 21.100000381469727]
assets:[0, 99.99990440368651, 201.6351299915314, 313.659262449646, 396.8484490018845, 531.6828074016571, 624.0706691392899, 739.4519738101959, 820.0759177598953, 922.9697749999999, 1033.1117000000002, 1191.5042925907135, 1281.2073861152649, 1272.17970884552, 1276.3626634403229, 1444.0004183959961, 1540.6357560199735, 1552.1265614723206, 1715.1960000000001, 1838.0643153091432, 1861.1909882873535, 2004.0932686386107, 2037.8033457080842, 2252.9783835372928, 2330.775672138405]
shares:[0, 4.81, 9.5426, 14.0089, 18.7281, 23.0665, 27.4679, 31.7634, 36.1745, 40.5701, 44.9179, 49.0331, 53.1842, 57.7214, 62.6282, 67.288, 71.9587, 76.9141, 81.676, 86.3752, 91.2796, 96.0735, 101.0314, 105.724, 110.4633]
growth_rate:-2.88
