ticker:AFIB
price:[33.560001373291016, 34.2400016784668, 33.68000030517578, 29.760000228881836, 27.31999969482422, 30.270000457763672, 26.170000076293945, 26.25, 22.8700008392334, 23.030000686645508, 24.190000534057617, 26.75, 28.770000457763672, 27.139999389648438, 29.729999542236328, 29.1200008392334, 32.099998474121094, 28.809999465942383, 32.540000915527344, 23.65999984741211, 25.950000762939453, 25.889999389648438, 24.559999465942383, 23.8799991607666, 23.799999237060547, 20.760000228881836, 17.0, 16.6299991607666, 15.510000228881836, 13.5, 13.65999984741211, 13.199999809265137, 12.890000343322754, 14.1899995803833, 13.649999618530273, 11.880000114440918, 13.649999618530273, 15.100000381469727, 16.270000457763672, 16.420000076293945, 16.610000610351562, 17.040000915527344, 17.65999984741211, 16.969999313354492, 15.479999542236328, 13.529999732971191, 16.700000762939453, 15.399999618530273, 15.470000267028809, 11.5600004196167, 13.25, 13.350000381469727]
assets:[0, 100.00134890213012, 198.36509779739382, 275.2770261171341, 352.70666006011965, 490.7917334220886, 524.3159515285492, 625.918125, 645.3228136806488, 749.8383983566283, 887.6061085962295, 1081.5399499999999, 1263.2101640991211, 1291.6414229522704, 1514.904018674469, 1583.822285645485, 1845.9039922546388, 1756.7127654354094, 2084.1512646385195, 1615.3959535820009, 1871.74760503006, 1967.4198886184693, 1966.352149241638, 2011.9090332939147, 2105.169432516098, 1936.2748413476943, 1685.5823, 1748.8955247419356, 1731.1114515460968, 1606.77, 1725.8125767219542, 1767.696454457474, 1826.1830646400451, 2110.359441593933, 2130.0496804725644, 1953.8454068215372, 2344.948449466896, 2694.045428059387, 3002.7896574848173, 3130.473014545441, 3266.697125038147, 3451.2647454299927, 3676.8384582309723, 3633.1801239931106, 3414.1789150382997, 3084.0984951320647, 3906.684618476868, 3702.571088284493, 3819.4007419269565, 2954.0575352293968, 3485.922625, 3612.231088217735]
shares:[0, 2.9206, 5.8897, 9.2499, 12.9102, 16.2138, 20.035, 23.8445, 28.217, 32.5592, 36.6931, 40.4314, 43.9072, 47.5918, 50.9554, 54.3895, 57.5048, 60.9758, 64.0489, 68.2754, 72.129, 75.9915, 80.0632, 84.2508, 88.4525, 93.2695, 99.1519, 105.1651, 111.6126, 119.02, 126.3406, 133.9164, 141.6744, 148.7216, 156.0476, 164.4651, 171.7911, 178.4136, 184.5599, 190.65, 196.6705, 202.539, 208.2015, 214.0943, 220.5542, 227.9452, 233.9332, 240.4267, 246.8908, 255.5413, 263.0885, 270.5791]
growth_rate:-29.17
