ticker:AFINP
price:[23.18000030517578, 23.469999313354492, 24.1200008392334, 24.1200008392334, 24.280000686645508, 24.1299991607666, 24.100000381469727, 24.110000610351562, 23.850000381469727, 23.889999389648438, 24.940000534057617, 24.829999923706055, 24.905000686645508, 25.049999237060547, 25.040000915527344, 25.520000457763672, 25.479999542236328, 25.59000015258789, 25.31999969482422, 25.040000915527344, 25.270000457763672, 25.209999084472656, 25.389999389648438, 25.17300033569336, 25.110000610351562, 25.3700008392334, 25.5, 25.549999237060547, 25.56399917602539, 25.899999618530273, 26.690000534057617, 25.65999984741211, 25.600000381469727, 25.829999923706055, 26.09000015258789, 26.079999923706055, 25.885000228881836, 25.84000015258789, 25.93000030517578, 25.8700008392334, 25.8700008392334, 26.079999923706055, 26.450000762939453, 26.81999969482422, 26.93199920654297, 26.690000534057617, 26.75, 27.0, 27.5, 27.489999771118164, 26.850000381469727, 27.100000381469727]
assets:[0, 100.00097307434082, 202.76961105518342, 302.76872253456116, 404.77674744720457, 502.27558453102114, 601.6516895233154, 701.9023927688598, 794.3338027050019, 895.6671341171266, 1035.0324681638717, 1130.4676855264663, 1233.8833920188904, 1341.0667391555787, 1440.5312206695558, 1568.1453321285246, 1665.6861740749357, 1772.8777695713045, 1854.1709176521301, 1933.6664946998596, 2051.428745161438, 2146.5583130455016, 2261.885868626404, 2342.5540998390197, 2436.692036228943, 2561.9235727478026, 2675.0519999999997, 2780.297261978531, 2881.8219579135894, 3019.6990855241775, 3211.8052702671052, 3187.8572510433196, 3280.401968881798, 3409.8751159282688, 3544.1986797283175, 3642.8413493432995, 3715.6028223543167, 3809.144190493393, 3922.4104021636967, 4013.334819194222, 4113.3353074382785, 4246.726355576706, 4406.974812117385, 4568.623346015167, 4687.702985893249, 4745.58084795742, 4856.2485, 5001.6339, 5194.257750000001, 5292.369257935715, 5269.1568448612215, 5418.216896268845]
shares:[0, 4.2608, 8.4067, 12.5526, 16.6712, 20.8154, 24.9648, 29.1125, 33.3054, 37.4913, 41.5009, 45.5283, 49.5436, 53.5356, 57.5292, 61.4477, 65.3723, 69.2801, 73.2295, 77.2231, 81.1804, 85.1471, 89.0857, 93.0582, 97.0407, 100.9824, 104.904, 108.8179, 112.7297, 116.5907, 120.3374, 124.2345, 128.1407, 132.0122, 135.8451, 139.6795, 143.5427, 147.4127, 151.2692, 155.1347, 159.0002, 162.8346, 166.6153, 170.3439, 174.057, 177.8037, 181.542, 185.2457, 188.8821, 192.5198, 196.2442, 199.9342]
growth_rate:6.24
