ticker:AFINO
price:[24.690000534057617, 24.760000228881836, 24.93000030517578, 25.100000381469727, 25.020000457763672, 25.0, 24.940000534057617, 24.950000762939453, 25.0, 25.010000228881836, 25.010000228881836, 25.010000228881836, 25.040000915527344, 25.0049991607666, 25.030000686645508, 24.844999313354492, 25.010000228881836, 25.079999923706055, 25.469999313354492, 25.719999313354492, 25.75, 25.600000381469727, 25.6299991607666, 25.8799991607666, 25.829999923706055, 25.790000915527344, 26.079999923706055, 26.190000534057617, 26.100000381469727, 26.110000610351562, 26.25, 26.290000915527344, 26.399999618530273, 26.549999237060547, 26.799999237060547, 26.466999053955078, 26.809999465942383, 26.75]
assets:[0, 100.00068892440797, 200.68650245666507, 302.0559145906449, 401.0931253383636, 500.7725, 599.5700828390122, 699.8100963993072, 801.2125, 901.5329772504807, 1001.5329621656417, 1101.5329470808028, 1202.8540359794617, 1301.1726388292311, 1402.4734894739152, 1492.1086702623368, 1602.0180656610487, 1706.5008788087844, 1833.0376455831529, 1951.029127913475, 2053.305, 2141.342751908493, 2243.8526035268783, 2365.7398952840804, 2461.1702147304536, 2557.3597017845154, 2686.117416142082, 2797.4482410446167, 2887.8345422077177, 2988.942319869995, 3104.968125, 3209.6988897750853, 3323.1289919820783, 3442.0109310905455, 3574.4204182437893, 3630.0071476478574, 3777.0517067607884, 3868.5983749999996]
shares:[0, 4.0388, 8.05, 12.0341, 16.0309, 20.0309, 24.0405, 28.0485, 32.0485, 36.0469, 40.0453, 44.0437, 48.0373, 52.0365, 56.0317, 60.0567, 64.0551, 68.0423, 71.9685, 75.8565, 79.74, 83.6462, 87.5479, 91.4119, 95.2834, 99.1609, 102.9953, 106.8136, 110.645, 114.475, 118.2845, 122.0882, 125.8761, 129.6426, 133.3739, 137.1522, 140.8822, 144.6205]
growth_rate:4.56
