ticker:AFIN
price:[6.860000133514404, 6.690000057220459, 6.639999866485596, 6.039999961853027, 6.550000190734863, 6.639999866485596, 6.159999847412109, 6.150000095367432, 5.769999980926514, 5.900000095367432, 7.230000019073486, 7.5, 8.100000381469727, 7.940000057220459, 7.519999980926514, 8.149999618530273, 7.690000057220459, 7.429999828338623, 7.699999809265137, 7.789999961853027, 7.820000171661377, 7.28000020980835, 7.809999942779541, 8.420000076293945, 8.449999809265137, 8.859999656677246, 9.899999618530273, 10.550000190734863, 9.8100004196167, 9.949999809265137, 9.869999885559082, 9.569999694824219, 9.619999885559082, 9.770000457763672, 10.010000228881836, 9.800000190734863, 9.430000305175781, 9.479999542236328, 9.100000381469727, 9.069999694824219, 9.09000015258789, 8.119999885559082, 8.609999656677246, 8.380000114440918, 8.319999694824219, 8.4399995803833, 8.399999618530273, 8.470000267028809, 8.550000190734863, 8.569999694824219, 8.399999618530273, 8.680000305175781]
assets:[0, 100.00011385531425, 199.2524519935131, 281.2477662237167, 404.99568179340366, 510.5602137338638, 573.6524497901917, 672.7214504318237, 731.1547795830727, 847.6282337010383, 1138.7040360040187, 1281.228, 1483.7264798761366, 1554.4185752020835, 1572.195116012335, 1803.9078755661012, 1802.092300409174, 1841.1636164620877, 2008.0698602585792, 2131.541076562023, 2239.7497091660503, 2185.086966973829, 2444.1660360926626, 2735.067782782555, 2844.8124257863997, 3082.8448545405386, 3544.7136734140395, 3877.4479001008986, 3705.4755414994243, 3858.357196037865, 3927.3351354632377, 3907.9629673797604, 4028.380724077797, 4191.193416374206, 4394.1498604736325, 4401.965065674305, 4335.768918315124, 4458.757572698593, 4380.03129360981, 4465.591674747468, 4575.4388508049005, 4187.19080898695, 4539.865981973361, 4518.592431707859, 4586.23925577774, 4752.386523722648, 4829.863700661087, 4970.113150689888, 5117.0562691521645, 5229.025592795563, 5225.299562703132, 5499.476329353332]
shares:[0, 14.9477, 30.0079, 46.5642, 61.8314, 76.8916, 93.1254, 109.3856, 126.7166, 143.6658, 157.4971, 170.8304, 183.1761, 195.7706, 209.0685, 221.3384, 234.3423, 247.8013, 260.7883, 273.6253, 286.413, 300.1493, 312.9534, 324.8299, 336.6642, 347.9509, 358.0519, 367.5306, 377.7243, 387.7746, 397.9063, 408.3556, 418.7506, 428.986, 438.976, 449.1801, 459.7846, 470.3331, 481.3221, 492.3475, 503.3486, 515.6639, 527.2783, 539.2115, 551.2307, 563.079, 574.9838, 586.7902, 598.4861, 610.1547, 622.0595, 633.5802]
growth_rate:7.83
