ticker:AFMD
price:[3.2799999713897705, 3.430000066757202, 3.799999952316284, 3.3299999237060547, 3.200000047683716, 3.700000047683716, 3.549999952316284, 3.299999952316284, 3.1600000858306885, 3.4200000762939453, 4.420000076293945, 4.940000057220459, 5.289999961853027, 5.619999885559082, 6.690000057220459, 6.360000133514404, 6.460000038146973, 5.820000171661377, 6.179999828338623, 6.880000114440918, 6.519999980926514, 5.730000019073486, 5.945000171661377, 6.090000152587891, 6.039999961853027, 5.670000076293945, 5.21999979019165, 7.329999923706055, 8.319999694824219, 7.769999980926514, 7.78000020980835, 9.739999771118164, 9.510000228881836, 11.039999961853027, 10.6899995803833, 9.8100004196167, 8.800000190734863, 9.199999809265137, 8.869999885559082, 8.100000381469727, 8.149999618530273, 8.039999961853027, 8.239999771118164, 7.28000020980835, 7.28000020980835, 6.53000020980835, 6.900000095367432, 6.650000095367432, 6.760000228881836, 6.090000152587891, 5.730000019073486, 7.210000038146973]
assets:[0, 99.99993694627284, 210.78713735496999, 284.71599247684475, 373.6009655670881, 531.976016855836, 610.4093568009615, 667.4226803560018, 739.1079040753604, 899.9206940755845, 1263.0552438016891, 1511.6498975095749, 1718.7506116058348, 1925.9694647811891, 2392.65778146472, 2374.6345218502997, 2511.9716608334543, 2363.1074737000463, 2609.2787395222663, 3004.8283539818763, 2947.5987553771492, 2690.451029955721, 2891.4019604889872, 3061.924186717987, 3136.78519218893, 3044.6312809677124, 2902.9937853194715, 4176.426517529869, 4840.500110451508, 4620.515181657744, 4726.462159461594, 6017.189720601082, 5975.099858805656, 7036.393655686856, 6913.318938630104, 6444.215762647343, 5880.743567461682, 6248.0501504651065, 6123.9357339888575, 5692.320628079986, 5827.457552239418, 5848.804904249478, 6094.297238719178, 5484.282598056078, 5584.282864938069, 5108.978785151053, 5498.461725996256, 5399.242142430353, 5588.553029218673, 5134.658174651337, 4931.131438414288, 6304.791743357659]
shares:[0, 29.1545, 55.4703, 85.5003, 116.7503, 143.7773, 171.9463, 202.2493, 233.8949, 263.1347, 285.7591, 306.002, 324.9056, 342.6992, 357.6469, 373.3702, 388.8501, 406.0322, 422.2134, 436.7483, 452.0857, 469.5377, 486.3586, 502.779, 519.3353, 536.972, 556.1291, 569.7717, 581.7909, 594.6609, 607.5144, 617.7813, 628.2965, 637.3545, 646.709, 656.9027, 668.2663, 679.1359, 690.4099, 702.7556, 715.0255, 727.4633, 739.5992, 753.3355, 767.0718, 782.3857, 796.8785, 811.9161, 826.709, 843.1294, 860.5814, 874.451]
growth_rate:23.62
