ticker:AFRM
price:[117.0, 119.94999694824219, 99.58999633789062, 103.44999694824219, 125.88999938964844, 105.98999786376953, 93.05999755859375, 81.13999938964844, 79.56999969482422, 77.37000274658203, 69.72000122070312, 71.44999694824219, 70.70999908447266, 69.72000122070312, 74.12000274658203, 70.5, 54.0, 54.0, 53.36000061035156, 60.810001373291016, 59.650001525878906, 67.9800033569336, 68.18000030517578, 64.4000015258789, 68.87000274658203, 67.25, 57.5, 58.689998626708984, 56.31999969482422, 67.16999816894531, 65.94999694824219, 64.76000213623047, 67.9000015258789, 99.58999633789062]
assets:[0, 100.00231245574952, 183.0264952697754, 290.1255164413452, 453.05292980346684, 481.43836729660035, 522.7087002868652, 555.7521978195191, 645.0023745262146, 727.1697078140259, 755.2698012237549, 874.0120876693726, 964.9581445060729, 1051.4473384094238, 1217.8064691268921, 1258.3263000000002, 1063.827, 1163.8296, 1250.038054298401, 1524.5675444297792, 1595.4824508132933, 1918.286926727295, 2023.9301270591734, 2011.7208076652528, 2251.353502785492, 2298.396525, 2065.1699999999996, 2207.9118793369294, 2218.7545479774476, 2746.198356138611, 2796.3194406036373, 2845.8653418762206, 3083.8551093017577, 4623.136932998657]
shares:[0, 0.8337, 1.8378, 2.8045, 3.5988, 4.5423, 5.6169, 6.8493, 8.1061, 9.3986, 10.8329, 12.2325, 13.6467, 15.081, 16.4302, 17.8486, 19.7005, 21.5524, 23.4265, 25.071, 26.7474, 28.2184, 29.6851, 31.2379, 32.6899, 34.1769, 35.916, 37.6199, 39.3955, 40.8843, 42.4006, 43.9448, 45.4176, 46.4217]
growth_rate:40.1
