ticker:AFYA
price:[24.850000381469727, 25.219999313354492, 23.860000610351562, 25.950000762939453, 26.709999084472656, 25.90999984741211, 26.860000610351562, 26.3700008392334, 24.0, 26.09000015258789, 27.170000076293945, 27.700000762939453, 27.790000915527344, 25.299999237060547, 23.75, 24.15999984741211, 25.450000762939453, 25.299999237060547, 25.520000457763672, 23.729999542236328, 23.469999313354492, 22.200000762939453, 24.850000381469727, 23.639999389648438, 23.059999465942383, 22.420000076293945, 22.40999984741211, 21.149999618530273, 20.639999389648438, 19.34000015258789, 19.5, 21.8700008392334, 23.81999969482422, 22.020000457763672, 22.40999984741211, 21.549999237060547, 23.049999237060547, 21.81999969482422, 23.40999984741211, 24.600000381469727, 25.25, 26.56999969482422, 26.799999237060547, 26.850000381469727, 25.729999542236328, 25.309999465942383, 23.239999771118164, 23.0, 23.219999313354492, 22.5, 20.09000015258789, 20.979999542236328]
assets:[0, 99.9998192773819, 194.6069369781494, 311.65431916275026, 420.7813125770569, 508.17800900726314, 626.8103462432862, 715.3759307670593, 751.0824, 916.4895253601075, 1054.4269479608536, 1174.9952523628235, 1278.8124721298218, 1264.2308418762207, 1286.7773750000001, 1408.9918631011963, 1584.2243724918364, 1674.8877794925688, 1789.4522240982058, 1763.9386669727323, 1844.6128610334395, 1844.7978633995058, 2165.009068234825, 2159.5895922424315, 2206.604430896187, 2245.3630076408385, 2344.36162703743, 2312.5494182899474, 2356.7865863067627, 2308.34505821228, 2427.4419, 2822.470137308693, 3174.1316773338317, 3034.2723870780947, 3188.0129632930757, 3165.6711829250335, 3486.019649615097, 3399.9988984474185, 3747.7536955718997, 4038.2622626209263, 4244.96435, 4566.878117546082, 4706.409506018448, 4815.190463411522, 4714.332852127075, 4737.378902038193, 4449.92776017437, 4503.9727, 4647.053292580605, 4602.95775, 4209.929846975327, 4496.431403892136]
shares:[0, 3.9651, 8.1562, 12.0098, 15.7537, 19.6132, 23.3362, 27.1284, 31.2951, 35.128, 38.8085, 42.4186, 46.017, 49.9696, 54.1801, 58.3192, 62.2485, 66.2011, 70.1196, 74.3337, 78.5945, 83.099, 87.1231, 91.3532, 95.6897, 100.15, 104.6123, 109.3404, 114.1854, 119.356, 124.4842, 129.0567, 133.2549, 137.7962, 142.2585, 146.8989, 151.2373, 155.8203, 160.092, 164.157, 168.1174, 171.881, 175.6123, 179.3367, 183.2232, 187.1742, 191.4771, 195.8249, 200.1315, 204.5759, 209.5535, 214.3199]
growth_rate:-11.83
