ticker:AGBAU
price:[10.699999809265137, 10.699999809265137, 10.699999809265137, 10.800000190734863, 10.699999809265137, 10.699999809265137, 10.699999809265137, 10.699999809265137, 10.699999809265137, 10.549500465393066, 10.549500465393066, 10.549500465393066, 11.9399995803833, 11.399999618530273, 11.399999618530273, 10.229999542236328, 10.229999542236328, 11.0, 11.0, 11.399999618530273, 11.399999618530273, 11.399999618530273, 11.399999618530273, 11.399999618530273, 11.399999618530273, 11.399999618530273, 11.399999618530273, 11.399999618530273, 11.399999618530273, 12.199999809265137, 12.199999809265137, 10.75, 10.75, 9.989999771118164, 9.989999771118164, 9.989999771118164, 9.989999771118164, 9.989999771118164, 9.989999771118164, 9.989999771118164, 9.989999771118164, 9.989999771118164, 9.989999771118164, 9.989999771118164, 9.989999771118164, 12.260000228881836, 11.75, 11.75, 11.149999618530273, 12.260000228881836, 12.3100004196167, 12.3100004196167]
assets:[0, 100.00005821743012, 200.00011643486025, 301.8697253312111, 399.074682886219, 499.0747411036491, 599.0747993210792, 699.0748575385095, 799.0749157559395, 887.8354096670151, 987.8351795285224, 1087.8349493900298, 1331.219209215927, 1371.0129741228104, 1471.012630776596, 1420.0405584571838, 1520.0408499824525, 1734.4525, 1834.4524000000001, 2001.1593530366897, 2101.159009690475, 2201.1586663442613, 2301.158322998047, 2401.1579796518326, 2501.1576363056183, 2601.157292959404, 2701.1569496131897, 2801.1566062669754, 2901.156262920761, 3204.745969896984, 3304.745708333588, 3011.9683250000003, 3111.9680500000004, 2991.958977450943, 3091.9588751598358, 3191.958772868729, 3291.9586705776214, 3391.958568286514, 3491.9584659954066, 3591.9583637043, 3691.9582614131928, 3791.958159122086, 3891.9580568309784, 3991.957954539871, 4091.9578522487636, 5121.762215618133, 5008.70305, 5108.7026000000005, 4947.832400722123, 5540.397087433624, 5662.992882037068, 5762.993170445823]
shares:[0, 9.3458, 18.6916, 27.9509, 37.2967, 46.6425, 55.9883, 65.3341, 74.6799, 84.159, 93.6381, 103.1172, 111.4924, 120.2643, 129.0362, 138.8114, 148.5866, 157.6775, 166.7684, 175.5403, 184.3122, 193.0841, 201.856, 210.6279, 219.3998, 228.1717, 236.9436, 245.7155, 254.4874, 262.6841, 270.8808, 280.1831, 289.4854, 299.4954, 309.5054, 319.5154, 329.5254, 339.5354, 349.5454, 359.5554, 369.5654, 379.5754, 389.5854, 399.5954, 409.6054, 417.762, 426.2726, 434.7832, 443.7518, 451.9084, 460.0319, 468.1554]
growth_rate:13.0
