ticker:AGBA
price:[10.369999885559082, 10.300000190734863, 10.3100004196167, 10.3100004196167, 10.350000381469727, 10.319999694824219, 10.3100004196167, 10.319999694824219, 10.25, 10.350000381469727, 10.25, 10.333000183105469, 10.5, 10.369999885559082, 10.42199993133545, 10.414999961853027, 10.489999771118164, 10.539999961853027, 10.600000381469727, 10.649999618530273, 10.635000228881836, 10.460000038146973, 10.550000190734863, 10.550000190734863, 10.520000457763672, 10.5, 10.529999732971191, 10.5600004196167, 10.550000190734863, 10.579999923706055, 10.574999809265137, 10.600000381469727, 10.539999961853027, 10.5600004196167, 10.569999694824219, 10.59000015258789, 10.600000381469727, 10.640000343322754, 10.630000114440918, 10.65999984741211, 10.720000267028809, 10.699999809265137, 10.729999542236328, 10.739999771118164, 10.739999771118164, 10.720000267028809, 10.770000457763672, 10.739999771118164, 10.739999771118164, 10.800000190734863, 10.84000015258789, 10.819999694824219]
assets:[0, 99.99961185178758, 200.0964881439209, 300.0962752139091, 401.260199789238, 500.09686521148683, 599.6120974041938, 700.1934032943726, 795.444075, 903.2041682893753, 994.47755, 1102.5300862373351, 1220.3488499999999, 1305.2397385956765, 1411.7849546985626, 1510.8363469662668, 1621.716200615692, 1729.4464077406883, 1839.2919261919021, 1947.9680002262116, 2045.224338516426, 2111.569621700764, 2229.738320311737, 2329.7386071196556, 2423.1137854385374, 2518.5069, 2625.702818415165, 2733.183660606957, 2830.5956461747173, 2938.644704808998, 3037.2562702188493, 3144.437113161087, 3226.638646321964, 3332.7614764320374, 3435.916867798615, 3542.4185910415645, 3645.7641312026976, 3759.5217613091468, 3855.987895512962, 3966.870565217972, 4089.198773859501, 4181.569555460644, 4293.293854839325, 4397.295290288544, 4497.295428157425, 4588.9212343072895, 4710.325397205735, 4797.204551766014, 4897.204689634895, 5024.564008736992, 5143.1735723972315, 5233.683624385071]
shares:[0, 9.7087, 19.408, 29.1073, 38.7691, 48.459, 58.1583, 67.8482, 77.6043, 87.2661, 97.0222, 106.6999, 116.2237, 125.8669, 135.462, 145.0635, 154.5964, 164.0841, 173.5181, 182.9078, 192.3107, 201.8709, 211.3496, 220.8283, 230.334, 239.8578, 249.3545, 258.8242, 268.3029, 277.7547, 287.211, 296.645, 306.1327, 315.6024, 325.0631, 334.506, 343.94, 353.3385, 362.7458, 372.1267, 381.4551, 390.8009, 400.1206, 409.4316, 418.7426, 428.071, 437.3561, 446.6671, 455.9781, 465.2374, 474.4625, 483.7046]
growth_rate:2.62
