ticker:AGC
price:[12.399999618530273, 12.75, 13.039999961853027, 13.319999694824219, 12.859999656677246, 13.8149995803833, 14.850000381469727, 16.75, 13.899999618530273, 14.350000381469727, 13.869999885559082, 13.899999618530273, 12.949999809265137, 11.520000457763672, 13.949999809265137, 12.989999771118164, 11.670000076293945, 11.949999809265137, 13.75, 12.520000457763672, 13.0600004196167, 13.3100004196167, 11.670000076293945, 11.5, 11.350000381469727, 11.789999961853027, 11.380000114440918, 11.739999771118164, 11.760000228881836, 11.75, 11.399999618530273, 11.34000015258789, 10.729999542236328, 10.670000076293945, 10.680000305175781, 10.84000015258789, 10.510000228881836, 10.3100004196167, 10.529999732971191, 10.489999771118164]
assets:[0, 99.99952499999999, 202.2738714082718, 306.6170689750671, 396.0275474272728, 525.4369310403824, 664.8018470775604, 849.859825, 805.2561679006576, 931.3250697576523, 1000.1726267476082, 1102.3352997476577, 1126.9957484009744, 1102.5481398113252, 1435.1173903779984, 1436.3562346916199, 1390.3988190898895, 1523.7588156791687, 1853.278625, 1787.494237355423, 1964.5910491221427, 2102.1974382747653, 1943.17404670372, 2014.86785, 2088.587345196724, 2269.554949656773, 2290.6301510353087, 2463.09304197979, 2567.289193966484, 2665.105625, 2685.7190701297764, 2771.5833552936556, 2722.4948858528137, 2807.2716850728984, 2909.902787149048, 3053.496878982163, 3060.539392650986, 3102.2987152634623, 3268.4971751146313, 3356.081361773491]
shares:[0, 7.8431, 15.5118, 23.0193, 30.7953, 38.0338, 44.7678, 50.7379, 57.9321, 64.9007, 72.1105, 79.3047, 87.0267, 95.7073, 102.8758, 110.574, 119.143, 127.5112, 134.7839, 142.7711, 150.4281, 157.9412, 166.5102, 175.2059, 184.0165, 192.4983, 201.2856, 209.8035, 218.3069, 226.8175, 235.5894, 244.4077, 253.7274, 263.0995, 272.4628, 281.6879, 291.2026, 300.9019, 310.3986, 319.9315]
growth_rate:-13.95
