ticker:AGCUU
price:[12.0, 11.75, 11.899999618530273, 11.75, 11.699999809265137, 12.199999809265137, 11.970000267028809, 12.0, 12.079999923706055, 13.0, 12.819999694824219, 14.220000267028809, 14.239999771118164, 13.0, 14.25, 15.300000190734863, 18.0, 14.5, 15.800000190734863, 14.850000381469727, 14.675000190734863, 13.489999771118164, 12.039999961853027, 14.979999542236328, 13.829999923706055, 12.329999923706055, 12.609999656677246, 14.619999885559082, 13.420000076293945, 13.779999732971191, 14.069999694824219, 12.350000381469727, 12.180000305175781, 12.09000015258789, 12.5, 12.020000457763672, 12.40999984741211, 12.430000305175781, 12.359999656677246, 12.010000228881836, 11.850000381469727, 11.300000190734863, 11.180000305175781, 11.100000381469727, 11.274999618530273, 10.9399995803833, 10.699999809265137, 10.850000381469727, 10.859999656677246, 10.859999656677246]
assets:[0, 99.99955, 201.27659354782105, 298.73905, 397.4677135204315, 514.453251957035, 604.7543384909629, 706.2696000000001, 810.9775068780899, 972.7406, 1059.2717047843933, 1274.9481599414826, 1376.7416898714064, 1356.8568, 1587.323175, 1804.2831224927904, 2222.6868, 1890.4984, 2159.991166075039, 2130.118209718895, 2205.0156336591717, 2126.9615189123156, 1998.3401976685523, 2586.3074069667814, 2487.7597482761385, 2317.9376466573717, 2470.5750917355535, 2964.3774927957534, 2821.06384403801, 2996.740675929165, 3159.8067634643553, 2873.5338687583926, 2933.979373512268, 3012.299705018234, 3214.4537499999997, 3191.019237525177, 3394.5544162620545, 3500.0258129310605, 3580.31492054987, 3578.930827205849, 3631.2513118955617, 3562.7126501357075, 3624.878082946777, 3698.9397071201324, 3857.2562944965366, 3842.6507846105574, 3858.3514512222287, 4012.440811071396, 4116.1386078743935, 4216.138570713043]
shares:[0, 8.5106, 16.914, 25.4246, 33.9716, 42.1683, 50.5225, 58.8558, 67.1339, 74.8262, 82.6265, 89.6588, 96.6813, 104.3736, 111.3911, 117.927, 123.4826, 130.3792, 136.7083, 143.4423, 150.2566, 157.6695, 165.9751, 172.6507, 179.8814, 187.9917, 195.9219, 202.7618, 210.2134, 217.4703, 224.5776, 232.6748, 240.885, 249.1563, 257.1563, 265.4758, 273.5338, 281.5789, 289.6695, 297.9959, 306.4347, 315.2843, 324.2288, 333.2378, 342.107, 351.2478, 360.5936, 369.8102, 379.0183, 388.2264]
growth_rate:-13.96
