ticker:AGCWW
price:[5.0, 5.849999904632568, 5.400000095367432, 5.474999904632568, 5.5, 5.099999904632568, 6.03000020980835, 4.849999904632568, 5.21999979019165, 4.75, 4.789999961853027, 3.950000047683716, 3.069999933242798, 5.079999923706055, 4.5, 3.619999885559082, 3.569999933242798, 4.989999771118164, 4.284999847412109, 3.890000104904175, 3.7699999809265137, 3.319999933242798, 3.25, 3.5199999809265137, 3.2300000190734863, 3.3499999046325684, 3.2200000286102295, 3.3499999046325684, 3.1700000762939453, 3.1500000953674316, 2.9800000190734863, 2.799999952316284, 2.799999952316284, 2.440000057220459, 2.380000114440918, 2.359999895095825, 2.200000047683716, 2.0999999046325684, 2.1600000858306885, 2.1600000858306885]
assets:[0, 99.99989836978914, 192.30750339627264, 294.97821236186024, 396.32505000000003, 467.5011812579632, 652.7511407118798, 625.0156077100754, 772.6972549428463, 803.124775, 909.8877957537651, 850.3252002649784, 760.8856684545278, 1359.0549195890428, 1303.88715, 1148.9047036790848, 1233.03585094285, 1823.4871333600997, 1665.8601081790923, 1612.2976794798851, 1662.560943588638, 1564.1120605494739, 1631.133725, 1866.6433178853986, 1812.8575367051126, 1980.2080586276531, 2003.3642338002203, 2184.245162819147, 2166.882716151428, 2253.21144821682, 2231.609370283413, 2196.8141625884773, 2296.8142008854866, 2101.5095852825166, 2149.8331593734742, 2231.7671767958877, 2180.460967260218, 2181.348860938263, 2343.673317129206, 2443.6733291028504]
shares:[0, 17.094, 35.6125, 53.8773, 72.0591, 91.6669, 108.2506, 128.8692, 148.0263, 169.0789, 189.9557, 215.2722, 247.8455, 267.5305, 289.7527, 317.377, 345.3882, 365.4283, 388.7655, 414.4724, 440.9976, 471.1181, 501.8873, 530.2964, 561.2562, 591.1069, 622.1628, 652.0135, 683.5592, 715.3052, 748.8622, 784.5765, 820.2908, 861.2744, 903.2912, 945.6641, 991.1186, 1038.7376, 1085.0339, 1131.3302]
growth_rate:-37.34
