ticker:AGEN
price:[3.9200000762939453, 4.989999771118164, 5.179999828338623, 4.019999980926514, 3.880000114440918, 4.349999904632568, 4.380000114440918, 3.940000057220459, 3.690000057220459, 3.819999933242798, 3.7899999618530273, 3.6500000953674316, 3.7100000381469727, 3.3299999237060547, 3.440000057220459, 3.549999952316284, 3.390000104904175, 3.180000066757202, 3.25, 3.3499999046325684, 3.440000057220459, 3.680000066757202, 5.179999828338623, 4.639999866485596, 4.480000019073486, 4.0, 3.200000047683716, 3.309999942779541, 3.0999999046325684, 2.8499999046325684, 2.869999885559082, 2.7899999618530273, 2.619999885559082, 3.049999952316284, 3.0899999141693115, 3.069999933242798, 3.2300000190734863, 4.190000057220459, 4.260000228881836, 4.03000020980835, 5.179999828338623, 5.260000228881836, 5.369999885559082, 5.519999980926514, 5.639999866485596, 5.389999866485596, 5.619999885559082, 5.179999828338623, 5.630000114440918, 6.150000095367432, 6.050000190734863, 6.260000228881836]
assets:[0, 100.00009441318511, 203.80761124596597, 258.1672127750873, 349.17634229898454, 491.47342922515867, 594.8627075426102, 635.1047632236003, 694.806346774292, 819.2845536824226, 912.8502948120117, 979.1304105827809, 1095.2257722613333, 1083.046178186226, 1218.8226362737178, 1357.7965267620325, 1396.6000392180442, 1410.0848516016722, 1541.124325, 1688.5433319307326, 1833.9073745049477, 2061.854357403159, 3002.283870506525, 2789.3043677387236, 2793.1214198916437, 2593.8584, 2175.086752411318, 2349.855350377703, 2300.770949219799, 2215.224840873575, 2330.7702440608023, 2365.801113652992, 2321.6481845910075, 2802.6821661828517, 2939.438741351438, 3020.41329432106, 3277.829213355923, 4352.044538433409, 4524.7520011064535, 4380.457894053745, 5730.463906096649, 5918.965693555832, 6142.746091090965, 6414.331057836294, 6653.772922486783, 6458.836301009703, 6834.445330829143, 6399.364017929793, 7055.293758412838, 7806.937426061391, 7779.99532527542, 8150.044537986755]
shares:[0, 20.0401, 39.3451, 64.2207, 89.9939, 112.9824, 135.8134, 161.1941, 188.2944, 214.4724, 240.8576, 268.2549, 295.2091, 325.2391, 354.3089, 382.4779, 411.9764, 443.4229, 474.1921, 504.0428, 533.1126, 560.2865, 579.5915, 601.1432, 623.4646, 648.4646, 679.7146, 709.9261, 742.1842, 777.2719, 812.1151, 847.9574, 886.1253, 918.9122, 951.2747, 983.848, 1014.8078, 1038.6741, 1062.1483, 1086.9622, 1106.2672, 1125.2786, 1143.9006, 1162.0165, 1179.747, 1198.2999, 1216.0935, 1235.3985, 1253.1605, 1269.4207, 1285.9496, 1301.924]
growth_rate:59.8
