ticker:AGFS
price:[2.5299999713897705, 2.5, 3.055000066757202, 2.4000000953674316, 2.390000104904175, 2.5999999046325684, 2.3499999046325684, 2.240000009536743, 2.059999942779541, 2.259999990463257, 2.240000009536743, 2.240000009536743, 2.369999885559082, 2.5, 2.490000009536743, 2.6600000858306885, 2.369999885559082, 2.2699999809265137, 2.130000114440918, 1.9700000286102295, 2.0299999713897705, 1.9600000381469727, 2.2799999713897705, 2.5299999713897705, 2.4800000190734863, 2.390000104904175, 2.4200000762939453, 2.4100000858306885, 2.2100000381469727, 2.119999885559082, 2.0999999046325684, 2.1500000953674316, 2.009999990463257, 2.0799999237060547, 2.119999885559082, 2.0199999809265137, 2.369999885559082, 2.180000066757202, 2.2100000381469727, 2.200000047683716, 2.1700000762939453, 2.069999933242798, 2.0899999141693115, 2.049999952316284, 1.9900000095367432, 1.9600000381469727, 1.9800000190734863, 1.9500000476837158, 1.9600000381469727, 1.9500000476837158, 1.8300000429153442, 2.059999942779541]
assets:[0, 100.0, 222.1999308554649, 274.55977091002467, 373.4157673903227, 506.2262214317322, 557.5506373735427, 631.4526426883937, 680.7109130919457, 846.7993964266777, 939.3056999990702, 1039.305796424818, 1199.622605073452, 1365.42475, 1459.9629505916835, 1659.6392235518692, 1578.701005768776, 1612.0892914545536, 1612.6654736454964, 1591.5261841136694, 1739.999047476959, 1779.9991226436614, 2170.6110447624205, 2508.6166646315814, 2559.0393556813715, 2566.17107563684, 2698.3823650703434, 2787.2320972655775, 2655.926552844143, 2647.766437069416, 2722.7874263498784, 2887.6158930858132, 2799.584869716954, 2997.0827060676575, 3154.7188297033313, 3105.9115706729885, 3744.064436209202, 3543.9077345235587, 3692.677129739571, 3775.9681018419024, 3824.4775744628905, 3748.2341631199834, 3884.4489694761037, 3910.1055390495776, 3895.663619669318, 3936.9350646235466, 4077.1079312750812, 4115.333725633025, 4236.437966452694, 4314.823605511188, 4149.29598130517, 4770.791977482081]
shares:[0, 40.0, 72.7332, 114.3999, 156.2409, 194.7024, 237.2556, 281.8985, 330.4422, 374.69, 419.3329, 463.9758, 506.1699, 546.1699, 586.3305, 623.9245, 666.1186, 710.1715, 757.1199, 807.8813, 857.1424, 908.1628, 952.0224, 991.5481, 1031.8707, 1073.7117, 1115.034, 1156.5278, 1201.7767, 1248.9465, 1296.5655, 1343.0771, 1392.8283, 1440.9052, 1488.075, 1537.58, 1579.7741, 1625.6457, 1670.8946, 1716.3491, 1762.432, 1810.7412, 1858.5881, 1907.3686, 1957.6199, 2008.6403, 2059.1454, 2110.4275, 2161.4479, 2212.73, 2267.3748, 2315.9185]
growth_rate:-6.46
