ticker:AGFY
price:[11.399999618530273, 19.760000228881836, 18.940000534057617, 14.029999732971191, 12.819999694824219, 12.899999618530273, 13.239999771118164, 11.920000076293945, 11.649999618530273, 12.619999885559082, 12.630000114440918, 11.90999984741211, 10.149999618530273, 10.800000190734863, 7.989999771118164, 7.679999828338623, 8.979999542236328, 9.369999885559082, 11.0, 10.699999809265137, 9.899999618530273, 13.09000015258789, 14.460000038146973, 14.0, 13.579999923706055, 19.829999923706055, 19.100000381469727, 21.790000915527344, 28.860000610351562, 31.8799991607666, 27.540000915527344, 29.610000610351562, 29.610000610351562]
assets:[0, 99.9994331583023, 195.8490755224228, 245.07743833551407, 323.9408802886963, 425.9618574037552, 537.1891587135315, 583.6330037355423, 670.4132080478668, 826.2326545075417, 926.8879223985672, 974.0486185207367, 930.1084100435257, 1089.6724992443085, 906.1554620422363, 970.9977382965088, 1235.359679026413, 1389.011594035244, 1730.6432, 1783.443868208885, 1750.1021325645445, 2414.023794139862, 2766.6751872987747, 2778.6626, 2795.303110295677, 4181.801941910934, 4127.85770244255, 4809.216627063752, 6469.618486824036, 7246.620293234444, 6360.098827432252, 6938.144279016114, 7038.143173077392]
shares:[0, 5.0607, 10.3405, 17.4681, 25.2684, 33.0203, 40.5732, 48.9625, 57.5462, 65.4701, 73.3878, 81.7841, 91.6363, 100.8956, 113.4112, 126.432, 137.5679, 148.2403, 157.3312, 166.677, 176.778, 184.4174, 191.333, 198.4759, 205.8397, 210.8826, 216.1182, 220.7075, 224.1725, 227.3093, 230.9404, 234.3176, 237.6948]
growth_rate:119.94
