ticker:AGGRU
price:[10.0, 9.90999984741211, 9.949999809265137, 9.90999984741211, 10.0, 10.0, 10.0, 9.970000267028809, 9.965999603271484, 9.949999809265137, 9.949999809265137, 10.050000190734863, 9.970000267028809, 9.949999809265137, 10.0, 10.0, 9.970000267028809, 9.979999542236328, 10.0, 10.0, 10.0, 9.949999809265137, 9.920000076293945, 9.899999618530273, 9.859999656677246, 9.890000343322754]
assets:[0, 99.9998264602661, 200.40394115839007, 299.59812438697816, 402.319, 502.319, 602.3190000000001, 700.5121587619782, 800.2309007442474, 898.9466627677917, 998.9471458508491, 1108.986366047001, 1200.1587221441268, 1297.751610122967, 1404.2730000000001, 1504.2730000000001, 1599.7603208467485, 1701.3643739616393, 1804.774, 1904.774, 2004.774, 2094.750574845028, 2188.434352831078, 2284.0219819913864, 2374.7937353102684, 2482.019211161137]
shares:[0, 10.0908, 20.1411, 30.2319, 40.2319, 50.2319, 60.2319, 70.262, 80.2961, 90.3464, 100.3967, 110.3469, 120.377, 130.4273, 140.4273, 150.4273, 160.4574, 170.4774, 180.4774, 190.4774, 200.4774, 210.5277, 220.6083, 230.7093, 240.8513, 250.9625]
growth_rate:-0.72
