ticker:AGIO
price:[40.38999938964844, 36.970001220703125, 38.459999084472656, 34.439998626708984, 33.41999816894531, 35.61000061035156, 35.869998931884766, 38.040000915527344, 40.06999969482422, 39.22999954223633, 41.529998779296875, 43.59000015258789, 44.66999816894531, 44.70000076293945, 33.709999084472656, 33.209999084472656, 45.150001525878906, 43.33000183105469, 45.83000183105469, 45.66999816894531, 47.470001220703125, 46.970001220703125, 52.84000015258789, 55.88999938964844, 52.18000030517578, 47.439998626708984, 48.88999938964844, 51.59000015258789, 50.41999816894531, 49.63999938964844, 52.619998931884766, 52.77000045776367, 54.689998626708984, 54.72999954223633, 55.79999923706055, 55.790000915527344, 55.220001220703125, 57.11000061035156, 55.779998779296875, 57.599998474121094, 57.7400016784668, 60.459999084472656, 56.720001220703125, 55.72999954223633, 58.18000030517578, 56.040000915527344, 50.189998626708984, 48.09000015258789, 46.04999923706055, 43.95000076293945, 43.20000076293945, 45.04999923706055]
assets:[0, 100.00015630187988, 204.03029514312743, 282.7041727272034, 374.33071549072264, 498.86049855041506, 602.5011980590821, 738.9498417846679, 878.3824773101807, 959.9698577983856, 1116.2516131896973, 1271.6205614513397, 1403.1248454849244, 1504.065625671387, 1234.2747614784241, 1315.9661397216796, 1889.0941238433838, 1912.9459198379516, 2123.317733833313, 2215.9037441574096, 2403.2400167999267, 2477.9258993988037, 2887.600328338623, 3154.2750735534664, 3044.8908658081054, 2868.2934769687654, 3055.962302848816, 3324.7330368335724, 3349.329890365601, 3397.515442225647, 3701.4748948650363, 3812.025678068161, 4050.724128284454, 4153.689531258392, 4334.895480730057, 4434.1167457649235, 4488.811811230468, 4742.44871668396, 4732.0069484436035, 4986.403067905427, 5098.522984210968, 5438.703401643372, 5202.267759960938, 5211.4683011932375, 5540.574517062378, 5436.7767288208015, 4969.231460032654, 4861.312317424774, 4755.09529121933, 4638.250145516587, 4659.0984822826385, 4958.621881023789]
shares:[0, 2.7049, 5.305, 8.2086, 11.2008, 14.009, 16.7968, 19.4256, 21.9212, 24.4703, 26.8782, 29.1723, 31.4109, 33.648, 36.6145, 39.6256, 41.8404, 44.1483, 46.3303, 48.5199, 50.6265, 52.7555, 54.648, 56.4372, 58.3536, 60.4615, 62.5069, 64.4453, 66.4286, 68.4431, 70.3435, 72.2385, 74.067, 75.8942, 77.6863, 79.4787, 81.2896, 83.0406, 84.8334, 86.5695, 88.3014, 89.9554, 91.7184, 93.5128, 95.2316, 97.016, 99.0084, 101.0878, 103.2594, 105.5347, 107.8495, 110.0693]
growth_rate:-2.77
