ticker:AGLE
price:[7.300000190734863, 6.949999809265137, 7.880000114440918, 7.059999942779541, 7.019999980926514, 7.900000095367432, 8.15999984741211, 7.679999828338623, 7.679999828338623, 8.279999732971191, 9.399999618530273, 8.630000114440918, 8.609999656677246, 8.199999809265137, 8.529999732971191, 8.9399995803833, 8.130000114440918, 7.869999885559082, 8.180000305175781, 7.980000019073486, 7.630000114440918, 6.949999809265137, 7.599999904632568, 7.630000114440918, 7.289999961853027, 7.449999809265137, 7.25, 7.949999809265137, 7.889999866485596, 7.639999866485596, 8.029999732971191, 7.710000038146973, 8.170000076293945, 7.820000171661377, 7.78000020980835, 7.239999771118164, 7.559999942779541, 7.340000152587891, 6.610000133514404, 6.570000171661377, 6.599999904632568, 6.440000057220459, 7.829999923706055, 7.03000020980835, 7.150000095367432, 6.769999980926514, 6.559999942779541, 6.130000114440918, 6.559999942779541, 6.03000020980835, 7.010000228881836, 7.360000133514404]
assets:[0, 100.00007225561143, 213.38173509893417, 291.1769896400452, 389.52716294164657, 538.3565664989471, 656.0745957317353, 717.4817119630337, 817.4814537278652, 981.3472243516923, 1214.0898507299423, 1214.6379961071016, 1311.8229916912078, 1349.355068613529, 1503.658116928482, 1675.932551336765, 1624.086220861244, 1672.1475326846123, 1838.0133485717772, 1893.0738585247518, 1910.0446336483953, 1839.8178495082855, 2111.8872134993076, 2220.2239763007165, 2221.288503376484, 2370.0408743222238, 2406.41565, 2738.759034292221, 2818.089399312353, 2828.7962825647833, 3073.1981358041767, 3050.7298230941774, 3332.7448301221843, 3289.97104022007, 3373.142792965746, 3239.0173416032794, 3482.178309643936, 3480.8453363616945, 3234.6577673363686, 3315.0834596167088, 3430.220590434647, 3447.0641266277316, 4291.073292188645, 3952.6499559657095, 4120.120344954586, 4001.1485207273486, 3977.036045309782, 3816.3462022473336, 4184.05061950407, 3946.0098262978076, 4687.317969044495, 5021.3497870900155]
shares:[0, 14.3885, 27.0789, 41.2432, 55.4882, 68.1464, 80.4013, 93.4221, 106.4429, 118.5202, 129.1585, 140.746, 152.3604, 164.5555, 176.2788, 187.4645, 199.7646, 212.4711, 224.696, 237.2273, 250.3335, 264.722, 277.8799, 290.9861, 304.7035, 318.1263, 331.9194, 344.498, 357.1723, 370.2613, 382.7146, 395.6848, 407.9247, 420.7124, 433.5659, 447.3781, 460.6056, 474.2296, 489.3582, 504.5789, 519.7304, 535.2584, 548.0298, 562.2546, 576.2406, 591.0116, 606.2555, 622.5687, 637.8126, 654.3963, 668.6616, 682.2486]
growth_rate:-1.54
