ticker:AGMH
price:[14.8100004196167, 14.739999771118164, 15.100000381469727, 15.899999618530273, 15.760000228881836, 15.039999961853027, 15.399999618530273, 15.4399995803833, 14.380000114440918, 14.199999809265137, 15.020000457763672, 15.1899995803833, 14.819999694824219, 15.119999885559082, 15.119999885559082, 15.34000015258789, 16.15999984741211, 15.279999732971191, 15.454999923706055, 15.020000457763672, 15.859999656677246, 15.210000038146973, 15.109999656677246, 15.0, 16.450000762939453, 14.8100004196167, 15.619999885559082, 16.459999084472656, 14.600000381469727, 12.15999984741211, 11.880000114440918, 12.6899995803833, 12.170000076293945, 12.319999694824219, 12.22599983215332, 11.84000015258789, 12.0, 11.829999923706055, 11.569999694824219, 11.949999809265137, 12.5, 10.399999618530273, 10.649999618530273, 10.010000228881836, 10.029999732971191, 9.079999923706055, 9.263999938964844, 9.399999618530273, 9.100000381469727, 7.409999847412109, 8.729999542236328, 9.180000305175781]
assets:[0, 100.00058044719697, 202.44268511428834, 313.16798248653413, 410.4108939603806, 491.6606067529678, 603.4289650526047, 704.9965568401337, 756.5965160212517, 847.1265486213683, 996.0453223564148, 1107.319070410824, 1180.3462856941223, 1304.2406061284064, 1404.241261371517, 1524.6732951660156, 1706.1743998897553, 1713.2638580595017, 1832.8857159519196, 1881.2971133361816, 2086.509834833145, 2100.9968512693404, 2187.183027303791, 2271.261, 2590.815900160217, 2432.5218349214556, 2665.562352470589, 2908.9081522026063, 2680.1979900283814, 2332.2745947338103, 2378.5708549129486, 2640.7457666791915, 2632.5353115034104, 2764.9824595092773, 2843.8861531572343, 2854.0983407821655, 2992.6668, 3050.2708403282163, 3083.2313686752323, 3284.4956875759126, 3535.665, 3041.673328432083, 3214.7907798501965, 3121.6015543764115, 3227.838466065216, 3022.110902606964, 3183.3521694267274, 3330.0852248588562, 3323.8060793331147, 2806.5278092075346, 3406.4763763790133, 3682.0678284049986]
shares:[0, 6.7843, 13.4068, 19.6961, 26.0413, 32.6902, 39.1837, 45.6604, 52.6145, 59.6568, 66.3146, 72.8979, 79.6455, 86.2593, 92.8731, 99.392, 105.5801, 112.1246, 118.595, 125.2528, 131.558, 138.1326, 144.7507, 151.4174, 157.4964, 164.2486, 170.6506, 176.7259, 183.5752, 191.7989, 200.2164, 208.0966, 216.3135, 224.4304, 232.6097, 241.0556, 249.3889, 257.842, 266.485, 274.8532, 282.8532, 292.4686, 301.8583, 311.8483, 321.8184, 332.8316, 343.6261, 354.2644, 365.2534, 378.7487, 390.2035, 401.0967]
growth_rate:-27.8
