ticker:AGNCO
price:[23.450000762939453, 23.3799991607666, 23.6200008392334, 23.326000213623047, 22.780000686645508, 22.809999465942383, 22.8700008392334, 22.75, 22.170000076293945, 21.899999618530273, 22.190000534057617, 22.6200008392334, 23.190000534057617, 23.549999237060547, 23.950000762939453, 24.260000228881836, 24.610000610351562, 24.709999084472656, 24.450000762939453, 24.639999389648438, 24.899999618530273, 24.43000030517578, 24.719999313354492, 24.5, 24.540000915527344, 24.479999542236328, 24.719999313354492, 24.780000686645508, 24.719999313354492, 24.920000076293945, 24.799999237060547, 24.709999084472656, 24.850000381469727, 24.93000030517578, 25.030000686645508, 25.260000228881836, 25.360000610351562, 25.43000030517578, 25.399999618530273, 25.43000030517578, 25.3700008392334, 25.6200008392334, 25.579999923706055, 25.790000915527344, 26.040000915527344, 25.799999237060547, 25.700000762939453, 25.75, 26.125, 26.049999237060547, 25.90999984741211, 25.899999618530273]
assets:[0, 100.0009324104309, 201.0274651426315, 298.52615073394776, 391.53809580192564, 492.0527464794159, 593.346162773323, 690.232725, 772.6355876588821, 863.2257149637222, 974.6558314575195, 1093.5435825719833, 1221.099625121498, 1340.0561865867614, 1462.818146598816, 1581.7520149230959, 1704.5723162750246, 1811.4974458824158, 1892.4373940517426, 2007.142318281555, 2128.3224873939516, 2188.148710334015, 2314.1231837207793, 2393.5274999999997, 2497.4358931732177, 2591.330351543427, 2716.735340537453, 2823.3292022335054, 2916.4927109888076, 3040.0879973073957, 3125.44966384964, 3214.1061819145207, 3332.315471154022, 3443.0424541473385, 3556.8532055747987, 3689.53625743103, 3804.142107556152, 3914.643386978149, 4010.024939775467, 4114.7622313797, 4205.05480610218, 4346.492068377876, 4439.705714758301, 4576.154551450348, 4720.513137966156, 4777.006598737717, 4858.4926242309575, 4967.944925, 5140.2949125, 5225.538671957016, 5297.45492880249, 5395.410220533371]
shares:[0, 4.2772, 8.5109, 12.798, 17.1878, 21.5718, 25.9443, 30.3399, 34.8505, 39.4167, 43.9232, 48.3441, 52.6563, 56.9026, 61.078, 65.2, 69.2634, 73.3103, 77.4003, 81.4587, 85.4748, 89.5681, 93.6134, 97.695, 101.77, 105.855, 109.9003, 113.9358, 117.9811, 121.9939, 126.0262, 130.0731, 134.0972, 138.1084, 142.1036, 146.0624, 150.0056, 153.938, 157.875, 161.8074, 165.7491, 169.6523, 173.5616, 177.4391, 181.2793, 185.1553, 189.0464, 192.9299, 196.7577, 200.5965, 204.456, 208.317]
growth_rate:5.79
