ticker:AGNC
price:[13.84000015258789, 14.109999656677246, 14.510000228881836, 14.0, 13.9399995803833, 14.069999694824219, 14.109999656677246, 14.1899995803833, 13.970000267028809, 14.109999656677246, 14.869999885559082, 15.210000038146973, 15.569999694824219, 15.539999961853027, 15.319999694824219, 15.420000076293945, 15.569999694824219, 15.600000381469727, 15.539999961853027, 15.649999618530273, 16.139999389648438, 15.600000381469727, 16.299999237060547, 16.350000381469727, 16.459999084472656, 16.030000686645508, 15.899999618530273, 16.469999313354492, 16.59000015258789, 17.020000457763672, 17.020000457763672, 17.059999465942383, 17.479999542236328, 17.469999313354492, 17.93000030517578, 18.31999969482422, 18.18000030517578, 18.5, 18.540000915527344, 18.649999618530273, 17.709999084472656, 16.700000762939453, 17.219999313354492, 16.940000534057617, 16.889999389648438, 16.1299991607666, 16.1200008392334, 15.869999885559082, 16.010000228881836, 16.34000015258789, 16.09000015258789, 16.530000686645508]
assets:[0, 100.00038956680298, 202.83529319953917, 295.7066, 394.4392581267357, 498.11738519592285, 599.5338854122163, 702.9328472133636, 792.034753139305, 899.9724641019822, 1048.446516931057, 1172.4187439404486, 1300.168153516388, 1397.6629345690728, 1477.8759425605774, 1587.5229318546296, 1702.9656026214598, 1806.2476041685104, 1899.3003493376732, 2012.7448859392168, 2175.7639157211306, 2202.969653869629, 2401.8211875801085, 2509.188778543091, 2626.0694039344785, 2657.466337832642, 2735.9145243604657, 2933.993676679802, 3055.3703741020204, 3234.5625829956057, 3334.56189368515, 3442.3991062368395, 3627.147101012802, 3725.0720495887754, 3923.1557867736815, 4108.488931560516, 4177.091410118103, 4350.6154, 4460.02155424118, 4586.482506187439, 4455.313324680328, 4301.227146501541, 4535.157173161126, 4561.4153098051065, 4647.952176037597, 4538.807559848786, 4635.994565357399, 4664.0961593665115, 4805.241468696594, 5004.288446731567, 5027.722797679901, 5265.211856713486]
shares:[0, 7.0872, 13.979, 21.1219, 28.2955, 35.4028, 42.49, 49.5372, 56.6954, 63.7826, 70.5075, 77.0821, 83.5047, 89.9397, 96.4671, 102.9522, 109.3748, 115.7851, 122.2201, 128.6099, 134.8057, 141.216, 147.351, 153.4672, 159.5425, 165.7808, 172.0701, 178.1417, 184.1694, 190.0448, 195.9202, 201.7819, 207.5027, 213.2268, 218.804, 224.2625, 229.763, 235.1684, 240.5621, 245.924, 251.5705, 257.5585, 263.3657, 269.2689, 275.1896, 281.3892, 287.5927, 293.8939, 300.14, 306.26, 312.475, 318.5246]
growth_rate:3.24
