ticker:AGNCP
price:[22.610000610351562, 22.489999771118164, 22.90999984741211, 22.760000228881836, 22.010000228881836, 22.229999542236328, 22.25, 22.079999923706055, 21.649999618530273, 21.729999542236328, 21.450000762939453, 21.8700008392334, 22.299999237060547, 22.899999618530273, 23.030000686645508, 23.489999771118164, 23.690000534057617, 23.889999389648438, 23.709999084472656, 24.100000381469727, 24.280000686645508, 24.0, 24.149999618530273, 23.75, 23.649999618530273, 23.40999984741211, 23.649999618530273, 23.700000762939453, 23.950000762939453, 23.899999618530273, 23.81999969482422, 23.850000381469727, 23.770000457763672, 23.84000015258789, 24.020000457763672, 24.56999969482422, 24.360000610351562, 24.90999984741211, 25.139999389648438, 25.18000030517578, 25.149999618530273, 25.06999969482422, 25.100000381469727, 25.18000030517578, 25.31999969482422, 25.25, 25.174999237060547, 25.399999618530273, 25.399999618530273, 25.229999542236328, 25.25, 25.469999313354492]
assets:[0, 99.99953498229979, 201.8668816555023, 300.54580302238463, 390.64228806228635, 494.54635381622313, 594.9917, 690.446013614273, 776.9990013093948, 879.8694114646912, 968.5318844490051, 1087.4967267313002, 1208.878498641205, 1341.4041176548003, 1449.0200072029113, 1577.9618756246566, 1691.397337130165, 1805.6778238677978, 1892.0721529403688, 2023.1950320243836, 2138.3056684719086, 2213.6472, 2327.4827782354355, 2388.93175, 2478.872345016289, 2553.717289354706, 2679.897341773796, 2785.5629996715547, 2914.947407857132, 3008.8617719753265, 3098.7914002990724, 3202.6949162256237, 3291.95252639656, 3401.646181772232, 3527.329861222458, 3708.0969829429628, 3776.404222619629, 3961.6689387325287, 4098.247280502319, 4204.767962960816, 4299.757109782218, 4386.079177608491, 4491.328808259201, 4605.643639819336, 4731.2495669754035, 4818.16965, 4903.858241386413, 5047.68604419136, 5147.685842689514, 5213.231914413071, 5317.364675, 5463.694355704308]
shares:[0, 4.4464, 8.8113, 13.205, 17.7484, 22.2468, 26.7412, 31.2702, 35.8891, 40.491, 45.153, 49.7255, 54.2098, 58.5766, 62.9188, 67.1759, 71.3971, 75.583, 79.8006, 83.95, 88.0686, 92.2353, 96.3761, 100.5866, 104.8149, 109.0866, 113.3149, 117.5343, 121.7097, 125.8938, 130.092, 134.2849, 138.4919, 142.6865, 146.8497, 150.9197, 155.0248, 159.0393, 163.017, 166.9884, 170.9645, 174.9533, 178.9374, 182.9088, 186.8582, 190.8186, 194.7908, 198.7278, 202.6648, 206.6283, 210.5887, 214.5149]
growth_rate:7.13
