ticker:AGNCN
price:[24.299999237060547, 24.110000610351562, 24.549999237060547, 24.6200008392334, 23.68000030517578, 23.770000457763672, 23.469999313354492, 23.6299991607666, 22.850000381469727, 23.1299991607666, 23.600000381469727, 23.780000686645508, 23.989999771118164, 24.350000381469727, 25.030000686645508, 25.40999984741211, 25.860000610351562, 25.489999771118164, 25.368999481201172, 25.520000457763672, 25.65999984741211, 25.09000015258789, 25.25, 25.450000762939453, 25.420000076293945, 25.489999771118164, 25.3799991607666, 25.760000228881836, 25.790000915527344, 25.93000030517578, 25.56999969482422, 25.600000381469727, 25.6299991607666, 25.690000534057617, 25.729999542236328, 25.920000076293945, 25.639999389648438, 25.940000534057617, 26.059999465942383, 26.010000228881836, 26.25, 26.90999984741211, 26.760000228881836, 26.549999237060547, 26.518999099731445, 26.200000762939453, 25.950000762939453, 26.260000228881836, 26.399999618530273, 26.350000381469727, 26.489999771118164, 26.420000076293945]
assets:[0, 100.00104953155518, 201.82554372787476, 302.40008430805204, 390.8549810371399, 492.34088848152163, 586.1280278520585, 690.1235774898529, 767.3441428104401, 876.7472441886902, 994.5630160760879, 1102.14833782444, 1211.8812274377824, 1330.0676358369828, 1467.211083249855, 1589.4869664550781, 1717.6367565399169, 1793.0608968996048, 1884.5488109607695, 1995.76611579895, 2106.7142134723663, 2159.917825135803, 2273.6918, 2391.7019966983794, 2488.8823754699706, 2595.7358916921617, 2684.5338792312623, 2824.728281098175, 2928.0187529426576, 3043.912363824463, 3101.6511909820556, 3205.2890077625275, 3309.045620648003, 3416.793192030144, 3522.1127393379215, 3648.1207787380217, 3708.713095715332, 3852.10823730793, 3969.9281986427304, 4062.3120627473836, 4199.79525, 4405.390328020096, 4480.833590325165, 4545.670504375839, 4640.363411868668, 4684.544416413116, 4739.84548935318, 4896.468528677558, 5022.573527425766, 5113.062109021949, 5240.227913722801, 5326.380337381172]
shares:[0, 4.1477, 8.221, 12.2827, 16.5057, 20.7127, 24.9735, 29.2054, 33.5818, 37.9052, 42.1425, 46.3477, 50.5161, 54.6229, 58.6181, 62.5536, 66.4206, 70.3437, 74.2855, 78.204, 82.1011, 86.0868, 90.0472, 93.9765, 97.9104, 101.8335, 105.7736, 109.6556, 113.5331, 117.3896, 121.3004, 125.2066, 129.1083, 133.0009, 136.8874, 140.7454, 144.6456, 148.5007, 152.338, 156.1827, 159.9922, 163.7083, 167.4452, 171.2117, 174.9826, 178.7994, 182.653, 186.4611, 190.249, 194.0441, 197.8191, 201.6041]
growth_rate:4.44
