ticker:AGNCM
price:[23.469999313354492, 23.440000534057617, 23.450000762939453, 23.270000457763672, 22.81999969482422, 23.010000228881836, 22.959999084472656, 22.8799991607666, 22.34000015258789, 22.399999618530273, 22.8799991607666, 23.229999542236328, 23.600000381469727, 23.639999389648438, 23.950000762939453, 24.309999465942383, 24.940000534057617, 24.8700008392334, 24.579999923706055, 24.559999465942383, 25.030000686645508, 24.6200008392334, 24.950000762939453, 24.799999237060547, 24.81999969482422, 24.989999771118164, 25.049999237060547, 25.100000381469727, 25.450000762939453, 25.81999969482422, 25.6200008392334, 25.6299991607666, 25.790000915527344, 25.600000381469727, 25.329999923706055, 25.93000030517578, 25.280000686645508, 25.549999237060547, 25.700000762939453, 25.829999923706055, 26.149999618530273, 25.979999542236328, 26.0, 26.179000854492188, 26.475000381469727, 25.93000030517578, 25.70400047302246, 25.959999084472656, 26.3700008392334, 26.100000381469727, 26.100000381469727, 26.09000015258789]
assets:[0, 99.99973027839661, 200.04257650833128, 298.50756587219234, 392.7344767478943, 496.0035649337769, 594.9257202774048, 692.8521345863343, 776.5004273036957, 878.5862250377655, 997.4123794151307, 1112.6705180740357, 1230.3930998880387, 1332.47802159729, 1449.9522061889647, 1571.7459984708787, 1712.4777026704787, 1807.6710369995117, 1886.5911921442032, 1985.0570448349, 2123.044658241272, 2188.267528592491, 2317.598085869217, 2403.665526054382, 2505.6037891921997, 2622.765449978256, 2729.0621468818663, 2834.5104130788804, 2974.0361891555785, 3117.2743831558228, 3193.1283085971836, 3294.3750091283796, 3414.9417072280885, 3489.781812001801, 3552.975764298439, 3737.135363983154, 3743.4549176782607, 3883.4363640380857, 4006.236908930588, 4126.5026338115695, 4277.624782599068, 4349.815735356903, 4453.1656, 4583.8252441177365, 4735.652153234482, 4738.165618764496, 4796.867716275215, 4944.642561618042, 5122.736569032669, 5170.284795567322, 5270.284337028885, 5368.265386396408]
shares:[0, 4.2662, 8.5306, 12.828, 17.2101, 21.556, 25.9114, 30.282, 34.7583, 39.2226, 43.5932, 47.898, 52.1353, 56.3654, 60.5408, 64.6543, 68.6639, 72.6848, 76.7531, 80.8248, 84.82, 88.8817, 92.8897, 96.922, 100.951, 104.9526, 108.9446, 112.9287, 116.858, 120.731, 124.6342, 128.5359, 132.4134, 136.3196, 140.2675, 144.124, 148.0797, 151.9936, 155.8847, 159.7562, 163.5803, 167.4294, 171.2756, 175.0955, 178.8726, 182.7291, 186.6195, 190.4716, 194.2638, 198.0952, 201.9266, 205.7595]
growth_rate:5.26
