ticker:AGNG
price:[25.179000854492188, 25.1299991607666, 25.719999313354492, 24.729999542236328, 25.594999313354492, 26.59000015258789, 26.159000396728516, 26.059999465942383, 24.489999771118164, 26.184999465942383, 26.868000030517578, 26.34000015258789, 26.79199981689453, 27.360000610351562, 27.030000686645508, 27.950000762939453, 27.829999923706055, 27.920000076293945, 28.649999618530273, 29.003000259399414, 29.319000244140625, 28.20199966430664, 29.239999771118164, 29.489999771118164, 28.8799991607666, 27.809999465942383, 27.09000015258789, 27.639999389648438, 27.434999465942383, 27.57200050354004, 27.839000701904297, 28.084999084472656, 28.780000686645508, 29.448999404907227, 28.975000381469727, 28.81100082397461, 28.65999984741211, 29.174999237060547, 29.18899917602539, 29.280000686645508, 30.514999389648438, 30.18000030517578, 30.90999984741211, 30.850000381469727, 30.68000030517578, 30.280000686645508, 30.61400032043457, 30.530000686645508, 30.56999969482422, 30.479999542236328, 30.63800048828125, 30.731000900268555]
assets:[0, 99.99980566043854, 202.3469505979538, 294.5590245475769, 404.86169913864137, 520.6002949874878, 612.162463684082, 709.845719452858, 767.0806708309174, 920.1723032325744, 1044.1737719860078, 1123.6538705093383, 1242.9371347053527, 1369.2886865463256, 1452.77333790493, 1602.2198187351228, 1695.3395863523485, 1800.8232529209135, 1947.9077440639496, 2071.907631630898, 2194.4831897735594, 2210.876022283554, 2392.2501132741927, 2512.704277498054, 2560.728877586937, 2565.853447725868, 2599.4236736415864, 2752.1976592254637, 2831.785774875641, 2945.927636600685, 3074.4557205162046, 3201.6224916320803, 3380.8499966617583, 3559.4387151723863, 3602.1488674240113, 3681.7606763957974, 3762.464717968369, 3930.073704726791, 4031.95818538208, 4144.528465193367, 4419.340889605713, 4470.8260112083435, 4678.967225902175, 4769.885148981094, 4843.601980179596, 4880.451782671737, 5034.285607293511, 5120.4733971637725, 5227.18258981781, 5311.792192224884, 5439.326608087158, 5555.836141058921]
shares:[0, 3.9793, 7.8673, 11.911, 15.818, 19.5788, 23.4016, 27.2389, 31.3222, 35.1412, 38.8631, 42.6596, 46.3921, 50.0471, 53.7467, 57.3245, 60.9177, 64.4994, 67.9898, 71.4377, 74.8485, 78.3943, 81.8143, 85.2053, 88.6679, 92.2637, 95.9551, 99.573, 103.218, 106.8449, 110.437, 113.9976, 117.4722, 120.8679, 124.3192, 127.7901, 131.2793, 134.7069, 138.1328, 141.5481, 144.8252, 148.1387, 151.3739, 154.6154, 157.8749, 161.1774, 164.4439, 167.7194, 170.9906, 174.2714, 177.5353, 180.7893]
growth_rate:8.94
