ticker:AGRX
price:[2.930000066757202, 3.630000114440918, 3.799999952316284, 2.880000114440918, 3.059999942779541, 3.25, 3.0799999237060547, 2.990000009536743, 2.7200000286102295, 2.9200000762939453, 2.869999885559082, 2.8299999237060547, 2.740000009536743, 3.0, 2.9100000858306885, 2.9000000953674316, 2.9100000858306885, 2.869999885559082, 2.859999895095825, 2.809999942779541, 2.940000057220459, 2.819999933242798, 2.9800000190734863, 3.319999933242798, 3.3499999046325684, 2.869999885559082, 2.2300000190734863, 2.200000047683716, 2.069999933242798, 2.049999952316284, 2.1700000762939453, 1.9700000286102295, 1.8200000524520874, 1.8200000524520874, 1.850000023841858, 1.4900000095367432, 1.6100000143051147, 1.7100000381469727, 1.6100000143051147, 1.5299999713897705, 1.5399999618530273, 1.409999966621399, 1.350000023841858, 1.350000023841858, 1.2799999713897705, 1.1399999856948853, 1.159999966621399, 1.2000000476837158, 1.1100000143051147, 1.0299999713897705, 1.0199999809265137, 1.1100000143051147]
assets:[0, 99.9999691526413, 204.6831974315643, 255.12826613788607, 371.07364706110957, 494.114075, 568.2679939235687, 651.6627280785084, 692.8169192873717, 843.7594260457993, 929.3114159438132, 1016.3593805999757, 1084.0371637730598, 1286.9019, 1348.29499576807, 1443.6618074752807, 1548.6400626772643, 1627.352788109493, 1721.682470849061, 1791.5831845177174, 1974.4678764285566, 1993.877286799407, 2207.0050001259324, 2558.810932548475, 2681.9325386510372, 2397.655591393757, 1962.9867297896863, 2036.5787641416548, 2016.235410976696, 2096.7549162287473, 2319.491815549851, 2205.7136840334892, 2137.766055610049, 2237.766140492034, 2374.652445603311, 2012.5579128813745, 2274.643118210578, 2515.9252791256904, 2468.79511293565, 2446.122032258749, 2562.1097945345878, 2445.827819100487, 2441.750173122859, 2541.750209888923, 2509.955655898118, 2335.429278694224, 2476.401684742391, 2661.7949857702256, 2562.160308019817, 2477.5000281826733, 2553.446634251833, 2878.7508490998744]
shares:[0, 27.5482, 53.864, 88.5862, 121.2659, 152.0351, 184.5026, 217.9474, 254.7121, 288.9587, 323.8019, 359.1376, 395.634, 428.9673, 463.3316, 497.8144, 532.1787, 567.0219, 601.9869, 637.5741, 671.5877, 707.0487, 740.6057, 770.7262, 800.5769, 835.4201, 880.2631, 925.7176, 974.0268, 1022.8073, 1068.8902, 1119.6516, 1174.5967, 1229.5418, 1283.5959, 1350.71, 1412.8218, 1471.3013, 1533.4131, 1598.7726, 1663.7077, 1734.6297, 1808.7038, 1882.7779, 1960.9029, 2048.6222, 2134.8291, 2218.1624, 2308.2525, 2405.3399, 2503.3791, 2593.4692]
growth_rate:-43.55
