ticker:AGTC
price:[5.860000133514404, 4.550000190734863, 5.489999771118164, 4.869999885559082, 4.920000076293945, 5.550000190734863, 5.440000057220459, 5.460000038146973, 5.159999847412109, 5.269999980926514, 4.960000038146973, 3.990000009536743, 4.340000152587891, 4.690000057220459, 4.670000076293945, 4.639999866485596, 4.590000152587891, 4.090000152587891, 4.539999961853027, 4.53000020980835, 4.739999771118164, 3.940000057220459, 5.269999980926514, 6.179999828338623, 7.03000020980835, 5.079999923706055, 4.880000114440918, 5.239999771118164, 6.039999961853027, 5.090000152587891, 5.230000019073486, 4.409999847412109, 3.990000009536743, 4.239999771118164, 4.230000019073486, 3.890000104904175, 3.880000114440918, 4.260000228881836, 4.010000228881836, 4.039999961853027, 4.260000228881836, 4.440000057220459, 4.119999885559082, 4.119999885559082, 3.990000009536743, 3.5999999046325684, 3.740000009536743, 3.5999999046325684, 3.740000009536743, 3.5799999237060547, 3.2799999713897705, 3.619999885559082]
assets:[0, 99.99990419197083, 220.65901180057526, 295.73950905036924, 398.7758461837769, 549.8385188961029, 638.9410627206802, 741.2900091791154, 800.5595283264161, 917.6255716788769, 963.6476554113389, 875.1925370918512, 1051.9639569854737, 1236.799915089607, 1331.5258327531812, 1422.97195905447, 1507.6383351192474, 1443.4076798500062, 1702.2175976972578, 1798.4685202966214, 1981.8408303022384, 1747.3529893767356, 2437.195284179163, 2958.03899583478, 3464.8895604086397, 2603.789012895012, 2601.277717002583, 2893.1752216268537, 3434.881538306236, 2994.627275772858, 3176.9943685863022, 2778.8802598495486, 2614.2252632484197, 2878.0236526397703, 2971.236190397596, 2832.4133283835413, 2925.132086277008, 3311.614269926834, 3217.2709026346206, 3341.340144449997, 3623.2946306728363, 3876.3913339569567, 3697.0114453083993, 3797.011258530712, 3777.202935028124, 3508.002627069664, 3744.425177548027, 3704.259501870632, 3948.3142700679305, 3879.4024773254396, 3654.3129121247766, 4133.113511337757]
shares:[0, 21.978, 40.1929, 60.7268, 81.052, 99.07, 117.4524, 135.7674, 155.1472, 174.1225, 194.2838, 219.3465, 242.388, 263.71, 285.1233, 306.675, 328.4615, 352.9114, 374.9378, 397.0129, 418.1099, 443.4906, 462.4659, 478.6471, 492.8719, 512.5569, 533.0487, 552.1327, 568.689, 588.3354, 607.4559, 630.1316, 655.1943, 678.7792, 702.4199, 728.1268, 753.9, 777.3742, 802.3119, 827.0644, 850.5386, 873.0611, 897.3329, 921.6047, 946.6674, 974.4452, 1001.1832, 1028.961, 1055.699, 1083.632, 1114.1198, 1141.7441]
growth_rate:-18.96
