ticker:AGYS
price:[23.920000076293945, 24.299999237060547, 25.639999389648438, 24.31999969482422, 24.520000457763672, 27.479999542236328, 26.3799991607666, 26.719999313354492, 27.079999923706055, 30.850000381469727, 33.15999984741211, 40.65999984741211, 38.43000030517578, 38.83000183105469, 39.66999816894531, 39.66999816894531, 41.040000915527344, 38.380001068115234, 39.34000015258789, 42.5, 44.880001068115234, 36.790000915527344, 45.06999969482422, 56.36000061035156, 57.25, 59.59000015258789, 54.150001525878906, 59.91999816894531, 54.369998931884766, 48.34000015258789, 49.779998779296875, 50.41999816894531, 50.439998626708984, 50.9900016784668, 50.40999984741211, 52.150001525878906, 48.04999923706055, 49.02000045776367, 50.790000915527344, 54.54999923706055, 56.290000915527344, 54.38999938964844, 55.88999938964844, 57.22999954223633, 57.33000183105469, 55.40999984741211, 54.58000183105469, 55.560001373291016, 56.939998626708984, 56.86000061035156, 52.90999984741211, 57.29999923706055]
assets:[0, 99.99935686035155, 205.51485110778808, 294.93350029907225, 397.3588674182892, 545.3268509159088, 623.4991941644669, 731.5347972011566, 841.3918456295013, 1058.5282980890274, 1237.7898423042298, 1617.747545928955, 1629.0208119361878, 1745.9755003326416, 1883.7457310516356, 1983.745862435913, 2152.2525600128174, 2112.753812797928, 2265.598476787567, 2547.58175, 2790.248010406113, 2387.28108540802, 3024.5665535202024, 3882.217742042541, 4043.5217, 4308.7920180332185, 4015.4392131500244, 4543.308029164124, 4222.488294047927, 3854.186884165955, 4068.9971882202144, 4221.308464698791, 4322.985302301407, 4470.125180145646, 4519.276650320435, 4775.2661247215265, 4499.839183551407, 4690.679725802994, 4960.049909408569, 5427.244884094239, 5700.358925713349, 5607.951594068909, 5862.609430976868, 6103.1673951828, 6213.832641462708, 6105.727621186065, 6114.270125122071, 6324.056040313339, 6581.130735274887, 6671.884239617921, 6308.395789807129, 6931.810107704163]
shares:[0, 4.1152, 8.0154, 12.1272, 16.2055, 19.8445, 23.6353, 27.3778, 31.0706, 34.3121, 37.3278, 39.7872, 42.3893, 44.9646, 47.4854, 50.0062, 52.4428, 55.0483, 57.5902, 59.9431, 62.1713, 64.8894, 67.1082, 68.8825, 70.6292, 72.3073, 74.154, 75.8229, 77.6621, 79.7308, 81.7396, 83.7229, 85.7055, 87.6667, 89.6504, 91.5679, 93.6491, 95.6891, 97.658, 99.4912, 101.2677, 103.1063, 104.8955, 106.6428, 108.3871, 110.1918, 112.024, 113.8239, 115.5801, 117.3388, 119.2288, 120.974]
growth_rate:35.92
