ticker:AGZD
price:[47.15999984741211, 47.099998474121094, 47.0, 46.869998931884766, 46.88999938964844, 46.84000015258789, 46.939998626708984, 47.0099983215332, 46.79999923706055, 47.02000045776367, 47.0099983215332, 47.13999938964844, 47.029998779296875, 47.290000915527344, 47.04999923706055, 47.13999938964844, 47.099998474121094, 47.130001068115234, 47.09000015258789, 47.11000061035156, 47.25, 47.290000915527344, 47.34000015258789, 47.36000061035156, 47.36000061035156, 47.290000915527344, 47.2599983215332, 47.310001373291016, 47.150001525878906, 46.93000030517578, 47.119998931884766, 47.09000015258789, 47.11000061035156, 47.11000061035156, 47.08000183105469, 47.06999969482422, 47.0, 47.02000045776367, 46.970001220703125, 47.029998779296875, 46.91999816894531, 47.0099983215332, 47.0, 47.09000015258789, 47.029998779296875, 46.959999084472656, 46.970001220703125, 46.91999816894531, 46.95000076293945, 46.81999969482422, 46.84000015258789, 46.81999969482422]
assets:[0, 99.9980067604065, 199.7876, 299.2368211807251, 399.36681380157466, 498.9396816253662, 600.005838446045, 700.9002709747314, 797.7715069946288, 901.5238727767945, 1001.3317682479858, 1104.098923704529, 1201.5224088134764, 1308.1643793258668, 1401.5253772735596, 1504.204382524109, 1602.9259880706788, 1703.9474846168519, 1802.5016078407286, 1903.2675796585083, 2008.923525, 2110.6236758613586, 2212.856233132553, 2313.79177381897, 2413.7924151077273, 2510.2241835975647, 2608.633757352829, 2711.392950704956, 2802.2236056861875, 2889.1469157875063, 3000.8418439769744, 3098.9316930416107, 3200.248295462036, 3300.2486937576296, 3398.1450801620485, 3497.423359324646, 3592.2241, 3693.754877960587, 3789.8262154937743, 3894.6670709106443, 3985.55824846344, 4093.2028628543853, 4192.3342, 4300.362411934661, 4394.882840927124, 4488.342792495728, 4589.29790927124, 4684.412853190613, 4787.407067795562, 4874.14924822998, 4976.23009221077, 5074.103420926666]
shares:[0, 2.1231, 4.2508, 6.3844, 8.5171, 10.652, 12.7824, 14.9096, 17.0464, 19.1732, 21.3004, 23.4217, 25.548, 27.6626, 29.788, 31.9093, 34.0324, 36.1542, 38.2778, 40.4005, 42.5169, 44.6315, 46.7439, 48.8554, 50.9669, 53.0815, 55.1975, 57.3112, 59.4321, 61.5629, 63.6851, 65.8087, 67.9314, 70.0541, 72.1781, 74.3026, 76.4303, 78.5571, 80.6861, 82.8124, 84.9437, 87.0709, 89.1986, 91.3222, 93.4485, 95.578, 97.707, 99.8383, 101.9682, 104.104, 106.2389, 108.3747]
growth_rate:-0.51
