ticker:AHCO
price:[21.200000762939453, 21.989999771118164, 22.6299991607666, 20.06999969482422, 23.40999984741211, 26.1299991607666, 28.139999389648438, 28.540000915527344, 27.299999237060547, 30.0, 29.780000686645508, 29.979999542236328, 29.75, 34.939998626708984, 37.4900016784668, 37.27000045776367, 37.93000030517578, 37.560001373291016, 38.13999938964844, 37.22999954223633, 38.0, 38.27000045776367, 35.7400016784668, 32.88999938964844, 31.75, 30.770000457763672, 31.139999389648438, 37.16999816894531, 37.119998931884766, 35.25, 37.099998474121094, 37.880001068115234, 29.170000076293945, 29.40999984741211, 29.059999465942383, 26.34000015258789, 25.280000686645508, 25.06999969482422, 26.190000534057617, 25.809999465942383, 27.209999084472656, 27.68000030517578, 29.899999618530273, 27.450000762939453, 27.049999237060547, 25.469999313354492, 22.299999237060547, 22.389999389648438, 25.270000457763672, 25.1200008392334, 23.350000381469727, 23.65999984741211]
assets:[0, 99.99952395915986, 202.90962447509767, 279.956425743103, 426.5465842197418, 576.1063824968338, 720.4233803741456, 830.665288646698, 894.5745649997713, 1083.048, 1175.1069150947571, 1283.0000764099123, 1373.155875, 1712.7063226833345, 1937.7044777530668, 2026.332654888153, 2162.2148393966677, 2241.1226499412537, 2375.7291199813844, 2419.045281256485, 2569.0773999999997, 2687.330913144302, 2609.674164558792, 2501.5705965774537, 2514.8635249999998, 2537.2388517463687, 2667.7481777114867, 3284.3336042083743, 3379.9169587440488, 3309.647175, 3583.3441626213075, 3758.680985984802, 2994.423021831894, 3119.059887817383, 3181.9420775230406, 2984.1139312870027, 2964.024464507675, 3039.401525001526, 3275.187897786522, 3327.6677451442715, 3608.1683235969545, 3770.49213757019, 4172.894776761436, 3930.9691242565154, 3973.6881679229737, 3841.5839624347686, 3463.459711506271, 3577.438278479004, 4137.601213952255, 4213.041132753372, 4016.183720612526, 4169.502401110077]
shares:[0, 4.5475, 8.9664, 13.949, 18.2207, 22.0477, 25.6014, 29.1053, 32.7683, 36.1016, 39.4596, 42.7952, 46.1565, 49.0185, 51.6859, 54.369, 57.0054, 59.6678, 62.2897, 64.9757, 67.6073, 70.2203, 73.0183, 76.0587, 79.2083, 82.4582, 85.6695, 88.3598, 91.0538, 93.8907, 96.5861, 99.226, 102.6542, 106.0544, 109.4956, 113.2921, 117.2478, 121.2366, 125.0549, 128.9294, 132.6045, 136.2172, 139.5617, 143.2047, 146.9016, 150.8278, 155.3121, 159.7784, 163.7357, 167.7166, 171.9993, 176.2258]
growth_rate:-18.25
