ticker:AHPI
price:[4.929999828338623, 5.610000133514404, 5.769999980926514, 5.699999809265137, 5.96999979019165, 5.239999771118164, 5.190000057220459, 4.940000057220459, 4.929999828338623, 4.639999866485596, 5.860000133514404, 4.980000019073486, 5.119999885559082, 5.400000095367432, 4.78000020980835, 4.840000152587891, 4.900000095367432, 4.869999885559082, 4.860000133514404, 6.090000152587891, 6.650000095367432, 6.019999980926514, 6.71999979019165, 7.010000228881836, 6.269999980926514, 5.0, 4.460000038146973, 5.0, 5.119999885559082, 4.460000038146973, 4.829999923706055, 4.579999923706055, 4.480000019073486, 4.730000019073486, 4.739999771118164, 4.400000095367432, 4.099999904632568, 3.7899999618530273, 3.75, 4.039999961853027, 4.230000019073486, 4.070000171661377, 3.9700000286102295, 3.9100000858306885, 4.010000228881836, 5.789999961853027, 5.480000019073486, 8.25, 8.239999771118164, 12.300000190734863, 9.3100004196167, 9.6899995803833]
assets:[0, 99.9999353799343, 202.8518503294468, 300.39112994823455, 414.6200674286842, 463.9212837360382, 559.4944621685029, 632.5437893268108, 731.2634235375881, 788.2478173184395, 1095.5024129599572, 1030.9899819487096, 1159.9738620725632, 1323.4098833722592, 1271.4628478082657, 1387.4228277404786, 1504.6224492840768, 1595.4105015091895, 1692.1344344864845, 2220.3909136329653, 2524.5648062047007, 2385.3954944422244, 2762.7673057423117, 2981.9938113643643, 2767.2042995821, 2306.7019999999998, 2157.5780924540522, 2518.8095000000003, 2679.2611241138457, 2433.8875828173636, 2735.80179478569, 2694.1973211198806, 2735.3719796457767, 2988.015273049021, 3094.3320485830304, 2972.3760644245144, 2869.7137532494544, 2752.735338293266, 2823.682875, 3142.0477543317793, 3389.817534285021, 3361.5975127829074, 3379.0027983511445, 3427.9346112485887, 3615.6058793706893, 5320.538079946041, 5135.673533875036, 7831.625175, 7922.131891947556, 11925.51315492773, 9126.546861348152, 9599.057965321446]
shares:[0, 17.8253, 35.1563, 52.7002, 69.4506, 88.5346, 107.8024, 128.0453, 148.3293, 169.881, 186.9458, 207.0261, 226.5574, 245.0759, 265.9964, 286.6576, 307.0658, 327.5997, 348.1758, 364.5962, 379.6338, 396.2451, 411.1261, 425.3914, 441.3404, 461.3404, 483.7619, 503.7619, 523.2932, 545.7147, 566.4186, 588.2527, 610.5741, 631.7157, 652.8127, 675.54, 699.9302, 726.3154, 752.9821, 777.7346, 801.3753, 825.9453, 851.1342, 876.7096, 901.6473, 918.9185, 937.1667, 949.2879, 961.4238, 969.5539, 980.295, 990.6149]
growth_rate:88.22
