ticker:AIA
price:[71.80999755859375, 71.79000091552734, 72.58999633789062, 70.22000122070312, 71.81999969482422, 74.83999633789062, 74.63999938964844, 76.05000305175781, 74.26000213623047, 79.80000305175781, 80.81999969482422, 82.06999969482422, 84.05999755859375, 85.37000274658203, 84.76000213623047, 84.04000091552734, 84.0, 87.16999816894531, 93.80000305175781, 94.33999633789062, 98.56999969482422, 93.66999816894531, 98.83999633789062, 102.05999755859375, 101.0999984741211, 94.7300033569336, 95.05999755859375, 93.8499984741211, 93.5, 92.30000305175781, 93.56999969482422, 92.88999938964844, 93.8499984741211, 94.0999984741211, 92.20999908447266, 92.63999938964844, 88.19000244140625, 88.5, 91.30999755859375, 92.91999816894531, 91.16000366210938, 89.7300033569336, 92.3499984741211, 90.37000274658203, 88.41999816894531, 88.91000366210938, 86.7300033569336, 83.94999694824219, 84.11000061035156, 83.06999969482422, 78.33000183105469, 81.63999938964844]
assets:[0, 100.00347127532959, 201.11784385375975, 294.5518391204834, 401.2655202949524, 518.1397466461182, 616.7577789566039, 728.4069292297363, 811.2608193374633, 971.7804971633911, 1084.200295906067, 1200.9713405342102, 1330.0897473693847, 1450.820511676788, 1540.4537068244933, 1627.3673857284546, 1726.5948, 1891.7545832626342, 2135.638469482422, 2247.9334327392576, 2448.7252174186706, 2426.99901955719, 2660.950613409424, 2847.6372278808594, 2920.84972591629, 2836.8130995277406, 2946.6983223205566, 3009.187581074524, 3097.96355, 3158.201514421082, 3301.654867231751, 3377.656868806457, 3512.56143289032, 3621.918351268768, 3649.1738297683714, 3766.1865351867677, 3685.27500302124, 3798.2253, 4018.8269225463864, 4189.688381439209, 4210.334161138916, 4244.2919697853085, 4468.216151172638, 4472.420472928619, 4475.917569309998, 4600.719267498779, 4587.913101577759, 4540.85533493042, 4649.508312739563, 4692.017871762848, 4524.29390776062, 4815.47821599884]
shares:[0, 1.393, 2.7706, 4.1947, 5.5871, 6.9233, 8.2631, 9.578, 10.9246, 12.1777, 13.415, 14.6335, 15.8231, 16.9945, 18.1743, 19.3642, 20.5547, 21.7019, 22.768, 23.828, 24.8425, 25.9101, 26.9218, 27.9016, 28.8907, 29.9463, 30.9983, 32.0638, 33.1333, 34.2167, 35.2854, 36.3619, 37.4274, 38.4901, 39.5746, 40.654, 41.7879, 42.9178, 44.013, 45.0892, 46.1862, 47.3007, 48.3835, 49.4901, 50.6211, 51.7458, 52.8988, 54.09, 55.2789, 56.4827, 57.7594, 58.9843]
growth_rate:-5.58
