ticker:AIH
price:[3.990000009536743, 4.139999866485596, 4.349999904632568, 4.230000019073486, 4.570000171661377, 5.340000152587891, 6.855000019073486, 5.909999847412109, 5.579999923706055, 5.829999923706055, 5.239999771118164, 4.849999904632568, 5.739999771118164, 5.21999979019165, 4.460000038146973, 4.889999866485596, 4.690000057220459, 5.269999980926514, 5.059999942779541, 5.0, 5.079999923706055, 5.119999885559082, 6.050000190734863, 6.510000228881836, 6.980000019073486, 7.340000152587891, 6.619999885559082, 7.960000038146973, 7.699999809265137, 7.929999828338623, 7.340000152587891, 7.420000076293945, 5.420000076293945, 6.28000020980835, 6.699999809265137, 6.489999771118164, 6.670000076293945, 7.409999847412109, 8.630000114440918, 9.739999771118164, 8.65999984741211, 7.909999847412109, 7.900000095367432, 8.220000267028809, 7.130000114440918, 6.460000038146973, 5.349999904632568, 5.010000228881836, 4.639999866485596, 4.289999961853027, 4.360000133514404, 4.230000019073486]
assets:[0, 100.00004077501296, 205.07248050408361, 299.41547535009386, 423.4818079071045, 594.8343649971008, 863.5935879028797, 844.5425241950988, 897.385073730278, 1037.590738421631, 1032.5859708969117, 1055.7334292407036, 1349.465910190201, 1327.2147006550313, 1233.9803225543976, 1452.9514793292522, 1493.5262972218036, 1778.2265815641404, 1807.3672115615846, 1885.9360000000001, 2016.1107457210542, 2131.9858723464013, 2619.2411025753017, 2918.3901366062164, 3229.0876088237765, 3495.6310326690677, 3252.734957769489, 4011.1435192227364, 3980.1260514092446, 4199.012623103619, 3986.6021748756407, 4130.0529204660415, 3116.83120587368, 3711.3840399935243, 4059.5975544318203, 4032.356273791504, 4244.193751546669, 4815.063842847442, 5707.827706690502, 6541.974090269089, 5916.580309750748, 5504.174184821701, 5597.215637568616, 5923.93800644064, 5238.403241079616, 4846.15507661705, 4113.456566674805, 3952.0409855489734, 3760.1732998023035, 3576.5395061971662, 3734.8981943721774, 3723.5366177897927]
shares:[0, 24.1546, 47.1431, 70.7838, 92.6656, 111.3922, 125.9801, 142.9006, 160.8217, 177.9744, 197.0584, 217.677, 235.0986, 254.2557, 276.6772, 297.1271, 318.4491, 337.4244, 357.1872, 377.1872, 396.8722, 416.4035, 432.9324, 448.2934, 462.62, 476.244, 491.3497, 503.9125, 516.8995, 529.5098, 543.1338, 556.6109, 575.0611, 590.9847, 605.9101, 621.3184, 636.3109, 649.8062, 661.3937, 671.6606, 683.2079, 695.8501, 708.5083, 720.6737, 734.6989, 750.1788, 768.8704, 788.8305, 810.3822, 833.6922, 856.628, 880.2687]
growth_rate:-26.99
