ticker:AIHS
price:[0.45899999141693115, 0.44999998807907104, 0.44999998807907104, 0.746999979019165, 0.5600000023841858, 0.6100000143051147, 0.7870000004768372, 1.159999966621399, 1.0299999713897705, 1.0399999618530273, 1.0399999618530273, 1.1299999952316284, 1.5099999904632568, 1.1799999475479126, 1.1399999856948853, 1.1200000047683716, 1.0399999618530273, 1.0700000524520874, 1.2200000286102295, 1.3200000524520874, 1.4900000095367432, 1.4299999475479126, 1.7699999809265137, 1.6100000143051147, 1.840000033378601, 1.440000057220459, 1.2300000190734863, 1.4199999570846558, 1.440000057220459, 1.4199999570846558, 1.4299999475479126, 1.4199999570846558, 1.340000033378601, 1.2899999618530273, 1.2300000190734863, 1.100000023841858, 0.7269999980926514, 0.8050000071525574, 0.8100000023841858, 0.8669999837875366, 1.0499999523162842, 0.9760000109672546, 1.059999942779541, 0.9800000190734863, 0.8799999952316284, 0.8180000185966492, 0.6790000200271606, 0.7329999804496765, 0.7599999904632568, 0.699999988079071, 0.5989999771118164, 0.6150000095367432]
assets:[0, 99.99998735090493, 199.99997470180986, 431.99994826650624, 423.8553778045535, 561.6996031724215, 824.68455109967, 1315.5451741456388, 1268.1134077757122, 1380.4251253663062, 1480.42507369833, 1708.5388617903113, 2383.09179994905, 1962.2836267746804, 1995.7655989564419, 2060.7521847736, 2013.555470143223, 2171.6389364551305, 2576.0742244115354, 2887.2279307281256, 3359.0677924997094, 3323.8032180836203, 4214.078258589172, 3933.1447049466374, 4595.022515356207, 3696.1045948699953, 3257.089250507355, 3860.216633336246, 4014.5860955253124, 4058.82762533381, 4187.410931406677, 4258.128311310529, 4118.234028582751, 4064.5683868054393, 3975.5188546479703, 3655.3420992274046, 2515.848777999449, 2885.7748126405836, 3003.698870841205, 3315.0702415098544, 4114.790843134737, 3924.7962617027047, 4362.585796500779, 4133.334320446014, 3811.565451346636, 3643.0234512215497, 3123.976698941946, 3472.4224090847433, 3700.3288415669917, 3508.1975702557506, 3102.0147056699757, 3284.8733519382004]
shares:[0, 222.2222, 444.4444, 578.3132, 756.8846, 920.819, 1047.8838, 1134.0907, 1231.1781, 1327.3319, 1423.4857, 1511.9813, 1578.2065, 1662.9523, 1750.6716, 1839.9573, 1936.1111, 2029.569, 2111.5362, 2187.2938, 2254.4079, 2324.338, 2380.8352, 2442.947, 2497.2948, 2566.7392, 2648.04, 2718.4625, 2787.9069, 2858.3294, 2928.2595, 2998.682, 3073.3089, 3150.8283, 3232.1291, 3323.0382, 3460.5898, 3584.8134, 3708.2702, 3823.6105, 3918.8486, 4021.3076, 4115.6472, 4217.688, 4331.3244, 4453.5738, 4600.8492, 4737.2749, 4868.8538, 5011.7109, 5178.6558, 5341.2574]
growth_rate:-35.59
