ticker:AIKI
price:[0.6000000238418579, 0.5799999833106995, 0.5899999737739563, 0.550000011920929, 0.5899999737739563, 0.6100000143051147, 0.5699999928474426, 0.5799999833106995, 0.5099999904632568, 0.5, 0.5199999809265137, 0.5099999904632568, 0.5099999904632568, 0.6299999952316284, 0.6499999761581421, 0.6200000047683716, 0.6600000262260437, 0.8700000047683716, 1.100000023841858, 1.090000033378601, 1.2400000095367432, 1.6799999475479126, 1.4800000190734863, 2.3499999046325684, 1.6200000047683716, 1.190000057220459, 1.059999942779541, 1.190000057220459, 1.3799999952316284, 1.159999966621399, 1.1699999570846558, 1.0299999713897705, 0.8899999856948853, 0.9900000095367432, 1.0299999713897705, 0.9100000262260437, 0.8999999761581421, 1.1200000047683716, 1.0700000524520874, 1.0499999523162842, 1.090000033378601, 0.9700000286102295, 1.0099999904632568, 0.9399999976158142, 0.9100000262260437, 0.8399999737739563, 0.8799999952316284, 0.8799999952316284, 0.8299999833106995, 0.8100000023841858, 0.7400000095367432, 0.7900000214576721]
assets:[0, 100.00000112253429, 201.72411803317667, 288.0479312432706, 408.9968318197131, 522.8611462616205, 588.575152614355, 698.9010238893628, 714.550888638258, 800.5401, 932.5616737938403, 1014.6277940269708, 1114.6277761570216, 1476.893175821626, 1623.7786554401516, 1648.8350806810618, 1855.2115637194813, 2545.5060439516305, 3318.4559819255946, 3388.2882117580893, 3954.5663664142608, 5457.799365599418, 4908.061607252597, 7893.205529678822, 5541.273844310403, 4170.442070533275, 3814.847150068569, 4382.706188739872, 5182.46578209281, 4456.275475772202, 4594.691621467709, 4144.899516867446, 3681.5152008264063, 4195.16869941237, 4464.6703209851985, 4044.514772562218, 4100.069321385253, 5202.3086301486965, 5070.062889537728, 5075.294889515305, 5368.639839401543, 4877.596934865118, 5178.734753100729, 4919.8125955215455, 4862.797443144983, 4588.735812732869, 4907.247197409571, 5007.24722886771, 4822.744451026225, 4806.533858147741, 4491.15440787971, 4894.610874945509]
shares:[0, 172.4138, 341.9053, 523.7235, 693.215, 857.1494, 1032.588, 1205.0018, 1401.0802, 1601.0802, 1793.3879, 1989.4663, 2185.5447, 2344.2749, 2498.1211, 2659.4114, 2810.9265, 2925.869, 3016.7781, 3108.5212, 3189.1664, 3248.6902, 3316.2578, 3358.811, 3420.5394, 3504.573, 3598.9126, 3682.9462, 3755.41, 3841.6169, 3927.087, 4024.1744, 4136.534, 4237.5441, 4334.6315, 4444.5216, 4555.6327, 4644.9184, 4738.3763, 4833.6144, 4925.3575, 5028.4503, 5127.4602, 5233.8432, 5343.7333, 5462.7809, 5576.4173, 5690.0537, 5810.5356, 5933.9924, 6069.1275, 6195.7098]
growth_rate:-4.03
