ticker:AIMC
price:[40.40999984741211, 38.810001373291016, 39.77000045776367, 36.439998626708984, 38.31999969482422, 40.209999084472656, 40.81999969482422, 44.81999969482422, 42.7599983215332, 45.939998626708984, 53.0, 53.810001373291016, 57.869998931884766, 55.45000076293945, 53.2599983215332, 53.540000915527344, 55.11000061035156, 55.43000030517578, 64.36000061035156, 56.529998779296875, 56.43000030517578, 51.40999984741211, 56.45000076293945, 53.0099983215332, 57.349998474121094, 57.91999816894531, 61.7400016784668, 63.4900016784668, 59.0, 55.7400016784668, 56.83000183105469, 60.79999923706055, 62.95000076293945, 63.45000076293945, 59.0099983215332, 67.69000244140625, 65.87000274658203, 64.3499984741211, 65.69000244140625, 64.51000213623047, 66.04000091552734, 59.939998626708984, 64.11000061035156, 65.54000091552734, 65.1500015258789, 61.54999923706055, 62.20000076293945, 62.68000030517578, 60.20000076293945, 61.97999954223633, 57.72999954223633, 61.33000183105469]
assets:[0, 100.00173053855897, 202.4770263305664, 285.5219652397156, 400.252396812439, 519.991687160492, 627.8809893058777, 789.405690625, 853.1218305122376, 1016.5694776115417, 1272.795, 1392.2476895317077, 1597.2929885185242, 1630.4961824340821, 1666.1005714935302, 1774.8617383499145, 1926.9101493408202, 2038.100138220978, 2466.44899539032, 2266.383752059937, 2362.374246775818, 2252.2155423152926, 2573.0136147750854, 2516.2149883285524, 2822.2220999107362, 2950.270946731567, 3244.850746214676, 3436.8280728584286, 3293.7753000000002, 3211.7779147144315, 3374.5825577285764, 3710.31995344162, 3941.5261677703857, 4072.830168972778, 3887.8265314155583, 4559.700099456788, 4537.099441183472, 4532.402052526855, 4726.783246673584, 4741.872217025757, 4954.334076683044, 4596.708584684372, 5016.498560758972, 5228.39458703537, 5297.281474067688, 5104.569171726608, 5258.475144499969, 5399.054650286865, 5285.433646984482, 5541.7123330707545, 5261.714213277817, 5689.829589874267]
shares:[0, 2.5767, 5.0912, 7.8354, 10.445, 12.9319, 15.3817, 17.6128, 19.9514, 22.1282, 24.015, 25.8734, 27.6014, 29.4048, 31.2824, 33.1502, 34.9648, 36.7689, 38.3227, 40.0917, 41.8638, 43.8089, 45.5804, 47.4668, 49.2105, 50.937, 52.5567, 54.1318, 55.8267, 57.6207, 59.3803, 61.025, 62.6136, 64.1896, 65.8842, 67.3615, 68.8796, 70.4336, 71.9559, 73.506, 75.0202, 76.6885, 78.2483, 79.7741, 81.309, 82.9337, 84.5414, 86.1368, 87.7979, 89.4113, 91.1435, 92.774]
growth_rate:11.57
