ticker:AINV
price:[8.869999885559082, 9.140000343322754, 8.890000343322754, 8.1899995803833, 8.619999885559082, 8.4399995803833, 8.329999923706055, 8.319999694824219, 7.570000171661377, 8.569999694824219, 9.960000038146973, 10.579999923706055, 11.109999656677246, 11.5600004196167, 11.270000457763672, 10.970000267028809, 10.75, 10.630000114440918, 11.699999809265137, 12.15999984741211, 12.3100004196167, 12.109999656677246, 13.550000190734863, 13.880000114440918, 14.100000381469727, 13.829999923706055, 14.0, 14.470000267028809, 13.829999923706055, 13.670000076293945, 13.869999885559082, 14.369999885559082, 14.329999923706055, 14.289999961853027, 14.529999732971191, 15.069999694824219, 14.569999694824219, 14.069999694824219, 14.239999771118164, 14.609999656677246, 15.09000015258789, 13.539999961853027, 13.84000015258789, 13.989999771118164, 13.8100004196167, 13.579999923706055, 13.729999542236328, 13.75, 13.779999732971191, 13.829999923706055, 13.649999618530273, 13.920000076293945]
assets:[0, 99.99982975625991, 197.26466261816023, 281.73189056539536, 396.523442735672, 488.24300372571946, 581.8796496706009, 681.1808390144348, 719.7760553220272, 914.8586084220887, 1163.243344455242, 1335.6541043684006, 1502.563015567589, 1663.422792380619, 1721.693175931549, 1775.863135227585, 1840.248425, 1919.7057366672516, 2212.94030392437, 2399.9449938846587, 2529.5499802259446, 2588.451876616478, 2996.2451471762656, 3169.2162621302605, 3319.4488798063276, 3355.885439487076, 3497.137, 3714.5402295479776, 3650.248689863205, 3708.018961694908, 3862.269295132542, 4101.499737336158, 4190.083379691697, 4278.387405578899, 4450.242506214524, 4715.633475505829, 4659.175561411285, 4599.28592024231, 4754.85696357441, 4978.402674011708, 5241.964253005981, 4803.52485646677, 5009.954111235428, 5164.253126510811, 5197.807957935333, 5211.240774722672, 5368.801904001999, 5476.62225, 5588.571217704677, 5708.849710506821, 5734.547749739457, 5947.978448600197]
shares:[0, 10.9409, 22.1895, 34.3995, 46.0004, 57.8487, 69.8535, 81.8727, 95.0827, 106.7513, 116.7915, 126.2433, 135.2442, 143.8947, 152.7678, 161.8836, 171.1859, 180.5932, 189.1402, 197.3639, 205.4874, 213.745, 221.1251, 228.3297, 235.4219, 242.6526, 249.7955, 256.7063, 263.937, 271.2523, 278.4621, 285.421, 292.3994, 299.3973, 306.2796, 312.9153, 319.7787, 326.886, 333.9085, 340.7531, 347.38, 354.7655, 361.9909, 369.1389, 376.38, 383.7438, 391.0271, 398.2998, 405.5567, 412.7874, 420.1134, 427.2973]
growth_rate:16.63
