ticker:AIRG
price:[13.520000457763672, 13.380000114440918, 13.180000305175781, 13.079999923706055, 13.380000114440918, 14.1899995803833, 13.630000114440918, 13.260000228881836, 13.819999694824219, 12.800000190734863, 13.079999923706055, 13.289999961853027, 13.470000267028809, 13.619999885559082, 13.864999771118164, 14.350000381469727, 15.170000076293945, 17.780000686645508, 17.84000015258789, 19.34000015258789, 22.729999542236328, 22.81999969482422, 24.219999313354492, 26.530000686645508, 26.90999984741211, 23.420000076293945, 20.350000381469727, 23.139999389648438, 22.809999465942383, 21.6299991607666, 21.989999771118164, 21.579999923706055, 20.940000534057617, 20.420000076293945, 23.6299991607666, 21.510000228881836, 18.639999389648438, 20.040000915527344, 19.850000381469727, 19.389999389648438, 19.299999237060547, 21.049999237060547, 20.770000457763672, 20.049999237060547, 19.299999237060547, 17.579999923706055, 17.65999984741211, 18.25, 17.68000030517578, 14.819999694824219, 12.670000076293945, 14.270000457763672]
assets:[0, 99.99944485530852, 198.50530259628295, 296.99971026763916, 403.8110794538498, 528.2567903787614, 607.410051099968, 690.9215939260482, 820.1008938903808, 859.5724928086281, 978.3761462932588, 1094.0846278595923, 1208.902889965248, 1322.3644268889427, 1446.1513656270981, 1596.7374574464798, 1787.9802019922256, 2195.602500791931, 2303.0120036979674, 2596.6503084869387, 3151.8031075252534, 3264.2822923461918, 3564.5444909439084, 4004.5152406442644, 4161.873666400909, 3722.114850125313, 3334.203077501106, 3891.3241133605957, 3935.8289118492125, 3832.221559311676, 3996.0029674077987, 4021.497725782395, 4002.2308920736314, 4002.844808955574, 4732.086919937134, 4407.541012899399, 3919.4587676605224, 4313.838653077698, 4372.939204037476, 4371.601397392273, 4451.309364037323, 4954.925640412903, 4989.016419956208, 4916.069337934494, 4832.175548981476, 4501.536538464165, 4622.0210760643, 4876.438324999999, 4824.133059269715, 4143.757870671081, 3642.6060169343946, 4202.603608814239]
shares:[0, 7.4738, 15.0611, 22.7064, 30.1802, 37.2274, 44.5642, 52.1057, 59.3416, 67.1541, 74.7994, 82.3239, 89.7478, 97.0899, 104.3023, 111.2709, 117.8629, 123.4872, 129.0926, 134.2632, 138.6627, 143.0448, 147.1736, 150.9429, 154.659, 158.9289, 163.8429, 168.1644, 172.5484, 177.1716, 181.7191, 186.353, 191.1285, 196.0257, 200.2576, 204.9066, 210.2714, 215.2614, 220.2992, 225.4565, 230.6378, 235.3884, 240.203, 245.1905, 250.3718, 256.0601, 261.7226, 267.2021, 272.8582, 279.6058, 287.4985, 294.5062]
growth_rate:-17.6
