ticker:AIRT
price:[11.15999984741211, 10.949999809265137, 10.569999694824219, 10.0, 9.699999809265137, 9.729999542236328, 9.899999618530273, 10.069999694824219, 9.640000343322754, 9.829999923706055, 10.630000114440918, 10.800000190734863, 10.859999656677246, 11.0600004196167, 11.0, 9.75, 38.380001068115234, 24.899999618530273, 23.450000762939453, 21.600000381469727, 22.56999969482422, 20.399999618530273, 23.610000610351562, 25.649999618530273, 25.920000076293945, 24.559999465942383, 24.100000381469727, 27.040000915527344, 26.6200008392334, 23.450000762939453, 23.729999542236328, 23.0, 21.940000534057617, 21.559999465942383, 22.540000915527344, 22.100000381469727, 22.1200008392334, 22.540000915527344, 23.239999771118164, 23.43000030517578, 23.559999465942383, 23.15999984741211, 24.899999618530273, 24.5, 24.1200008392334, 24.450000762939453, 28.81999969482422, 30.6299991607666, 31.09000015258789, 33.5, 33.5, 34.619998931884766]
assets:[0, 99.99977825813293, 196.52906132583618, 285.931, 377.35327257995607, 478.5204044872284, 586.8808873861313, 696.958776878357, 767.1974993232727, 882.318184152031, 1054.1239613485336, 1170.982460680294, 1277.4878236141205, 1401.0144931545258, 1493.4139, 1423.7076749999999, 5704.296742750549, 3800.8081517713545, 3679.4763047107695, 3489.197101621437, 3745.888681350708, 3485.7397748184203, 4134.231517875672, 4591.444836715507, 4739.775277951241, 4591.084204166794, 4605.095552892303, 5266.878418327332, 5285.071078619385, 4755.707054725647, 4912.49195823555, 4861.3697, 4737.324407314682, 4755.273482208252, 5071.423569990539, 5072.425237555504, 5177.015872416115, 5375.314624333954, 5642.248976431656, 5788.376889393616, 5920.493573794365, 5919.9761969966885, 6464.7420809597015, 6460.8901, 6460.67970879345, 6649.072572478103, 7937.47462594986, 8535.977355122184, 8764.171555014038, 9543.54365, 9643.5445, 10065.95509943962]
shares:[0, 9.1324, 18.5931, 28.5931, 38.9024, 49.1799, 59.2809, 69.2114, 79.5848, 89.7577, 99.165, 108.4243, 117.6324, 126.674, 135.7649, 146.0213, 148.6268, 152.6429, 156.9073, 161.5369, 165.9676, 170.8696, 175.1051, 179.0037, 182.8617, 186.9334, 191.0828, 194.781, 198.5376, 202.802, 207.0161, 211.3639, 215.9218, 220.56, 224.9966, 229.5215, 234.0423, 238.4789, 242.7818, 247.0498, 251.2943, 255.6121, 259.6282, 263.7098, 267.8557, 271.9457, 275.4155, 278.6803, 281.8968, 284.8819, 287.867, 290.7555]
growth_rate:97.37
