ticker:AIRTP
price:[21.15999984741211, 21.040000915527344, 22.0, 21.0, 21.0, 22.590999603271484, 21.829999923706055, 22.5, 22.850000381469727, 23.5, 23.486000061035156, 22.899999618530273, 22.420000076293945, 23.299999237060547, 23.25, 24.020000457763672, 22.8799991607666, 25.513999938964844, 25.0, 25.25, 25.200000762939453, 25.361000061035156, 25.5, 25.0, 25.100000381469727, 25.09000015258789, 25.0, 24.989999771118164, 24.899999618530273, 25.0, 25.100000381469727, 25.5, 25.399999618530273, 25.31599998474121, 25.43000030517578, 25.790000915527344, 25.319000244140625, 25.549999237060547, 25.350000381469727, 25.274999618530273, 24.670000076293945, 25.0, 24.479999542236328, 24.579999923706055, 24.819000244140625, 25.100000381469727, 25.200000762939453, 25.020000457763672, 25.209999084472656, 24.8799991607666, 24.899999618530273, 25.0]
assets:[0, 100.00102035140992, 204.56480000000002, 295.2663, 395.26619999999997, 525.2113724765777, 607.52016587677, 726.165, 837.461653981018, 961.2839500000001, 1060.7123123565675, 1134.2461411056518, 1210.4714981191635, 1357.9822055339812, 1455.0687, 1603.25816655426, 1627.1660523159028, 1914.4889106201172, 1975.92, 2095.6793000000002, 2191.530666349411, 2305.5330101486206, 2418.1701000000003, 2470.755, 2580.638969220543, 2679.6120162963866, 2770.0, 2868.891957723999, 2958.5606846746446, 3070.4425, 3182.725228371048, 3333.4467, 3420.3741086311343, 3509.0634158849716, 3624.865990500641, 3776.1822500518797, 3807.2180667114258, 3941.9535272907256, 4011.097605359459, 4099.230868131256, 4101.108741683006, 4255.9675, 4267.444096200943, 4384.87534638977, 4527.511807336426, 4678.7731011079795, 4797.414865243531, 4863.147496975707, 5000.0781094169615, 5034.627062175751, 5138.675171275139, 5259.3125]
shares:[0, 4.7529, 9.2984, 14.0603, 18.8222, 23.2487, 27.8296, 32.274, 36.6504, 40.9057, 45.1636, 49.5304, 53.9907, 58.2825, 62.5836, 66.7468, 71.1174, 75.0368, 79.0368, 82.9972, 86.9655, 90.9086, 94.8302, 98.8302, 102.8143, 106.8, 110.8, 114.8016, 118.8177, 122.8177, 126.8018, 130.7234, 134.6604, 138.6105, 142.5429, 146.4204, 150.37, 154.2839, 158.2287, 162.1852, 166.2387, 170.2387, 174.3237, 178.392, 182.4212, 186.4053, 190.3736, 194.3704, 198.3371, 202.3564, 206.3725, 210.3725]
growth_rate:3.12
