ticker:AKAM
price:[108.43000030517578, 106.48999786376953, 109.05999755859375, 111.47000122070312, 108.61000061035156, 112.52999877929688, 110.70999908447266, 106.75, 95.12000274658203, 101.62999725341797, 101.52999877929688, 102.31999969482422, 104.31999969482422, 104.19000244140625, 103.52999877929688, 107.08000183105469, 107.45999908447266, 104.98999786376953, 103.45999908447266, 106.44999694824219, 109.05999755859375, 111.02999877929688, 114.66999816894531, 101.58999633789062, 98.86000061035156, 94.5, 97.12999725341797, 97.55000305175781, 99.4000015258789, 102.69999694824219, 102.83000183105469, 103.87000274658203, 105.95999908447266, 107.01000213623047, 108.69999694824219, 110.80999755859375, 113.16000366210938, 113.52999877929688, 114.20999908447266, 116.12999725341797, 118.44999694824219, 114.62999725341797, 116.94999694824219, 118.04000091552734, 117.9000015258789, 117.02999877929688, 119.54000091552734, 119.91999816894531, 114.56999969482422, 116.29000091552734, 114.48999786376953, 112.19999694824219]
assets:[0, 100.00475699386597, 202.41535546875002, 306.88806036071776, 399.01142024230955, 513.418119430542, 605.1187129959106, 683.47755, 709.0149884727477, 857.5437538246156, 956.6968724975586, 1064.1382288261414, 1184.9395805335998, 1283.4645450744629, 1375.3339157836913, 1522.4955900344848, 1627.9007801307678, 1690.4859516036988, 1765.8552643737794, 1916.8876750457764, 2063.8841117980955, 2201.1697257995606, 2373.336419102478, 2202.6133466003416, 2243.420107850647, 2244.47895, 2406.939609938049, 2517.3461137527465, 2665.0830209114074, 2853.5604952056883, 2957.1749096572876, 3087.078803630066, 3249.1997959259033, 3381.398356502533, 3534.804330760193, 3703.4141714050297, 3881.953925628662, 3994.643831048584, 4118.572460984802, 4287.809823589325, 4473.465499745178, 4429.199926874542, 4618.846569473267, 4761.898892933655, 4856.253902850342, 4920.420971676635, 5125.946963258362, 5242.24275995636, 5108.366947393036, 5285.054929608154, 5303.245395048522, 5297.175035920715]
shares:[0, 0.9391, 1.856, 2.7531, 3.6738, 4.5625, 5.4658, 6.4026, 7.4539, 8.4379, 9.4228, 10.4001, 11.3587, 12.3185, 13.2844, 14.2183, 15.1489, 16.1014, 17.068, 18.0074, 18.9243, 19.825, 20.6971, 21.6814, 22.6929, 23.7511, 24.7806, 25.8057, 26.8117, 27.7854, 28.7579, 29.7206, 30.6644, 31.5989, 32.5189, 33.4213, 34.305, 35.1858, 36.0614, 36.9225, 37.7667, 38.6391, 39.4942, 40.3414, 41.1896, 42.0441, 42.8806, 43.7145, 44.5873, 45.4472, 46.3206, 47.2119]
growth_rate:3.87
