ticker:AKBA
price:[2.7200000286102295, 2.5299999713897705, 2.799999952316284, 2.4800000190734863, 2.4700000286102295, 3.109999895095825, 3.7799999713897705, 3.180000066757202, 2.2200000286102295, 2.380000114440918, 2.5399999618530273, 2.880000114440918, 3.390000104904175, 3.0799999237060547, 2.869999885559082, 3.0, 2.9200000762939453, 2.799999952316284, 3.0999999046325684, 3.049999952316284, 3.359999895095825, 3.240000009536743, 4.510000228881836, 4.610000133514404, 4.440000057220459, 3.4600000381469727, 3.4049999713897705, 3.609999895095825, 3.509999990463257, 3.1600000858306885, 3.3299999237060547, 3.059999942779541, 2.9600000381469727, 3.069999933242798, 3.190000057220459, 3.119999885559082, 3.450000047683716, 3.490000009536743, 3.509999990463257, 3.359999895095825, 3.6700000762939453, 3.680000066757202, 4.199999809265137, 3.7100000381469727, 3.4100000858306885, 3.0999999046325684, 2.4700000286102295, 2.4700000286102295, 2.740000009536743, 2.5199999809265137, 2.509999990463257, 2.8499999046325684]
assets:[0, 100.00001986916065, 210.6719964122772, 286.5952502041817, 385.4395524645805, 585.310377256751, 811.406099858594, 782.6113724292278, 646.3512323298454, 792.9351181278229, 946.2416797888756, 1172.9039506070137, 1480.6055978176116, 1445.210808201027, 1446.6736673140526, 1612.2024000000001, 1669.2104516132354, 1700.6127310387374, 1982.8213190011027, 2050.84040293715, 2359.2864223395823, 2375.0262789907456, 3405.977879852867, 3581.4985007270334, 3549.425733743191, 2865.993805597973, 2920.436127961278, 3196.262500118756, 3207.723354284549, 2987.8650851552247, 3248.604402570915, 3085.203938308239, 3084.380423749924, 3299.002587263131, 3527.954086282492, 3550.5380297670363, 4026.075880645871, 4172.754993402434, 4296.667506325864, 4213.0491004623655, 4701.7534367425915, 4814.564695338821, 5594.883165919208, 5042.14715484438, 4734.426387166882, 4404.023854515982, 3609.0126308035133, 3709.012557961821, 4214.4512806686635, 3976.0645379057883, 4060.2864245729447, 4710.285187383222]
shares:[0, 39.5257, 75.24, 115.5626, 156.0484, 188.2027, 214.6577, 246.1042, 291.1492, 333.166, 372.5361, 407.2583, 436.7568, 469.2243, 504.0675, 537.4008, 571.6474, 607.3617, 639.6198, 672.4067, 702.1686, 733.0328, 755.2057, 776.8977, 799.4202, 828.3219, 857.6905, 885.3913, 913.8813, 945.5269, 975.5569, 1008.2366, 1042.0204, 1074.5937, 1105.9417, 1137.993, 1166.9785, 1195.6318, 1224.1218, 1253.8837, 1281.1317, 1308.3056, 1332.1151, 1359.0693, 1388.3948, 1420.6529, 1461.1387, 1501.6245, 1538.1209, 1577.8034, 1617.644, 1652.7317]
growth_rate:-7.64
