ticker:AKIC
price:[9.970000267028809, 9.802000045776367, 9.899999618530273, 9.850000381469727, 9.800000190734863, 9.680000305175781, 9.829999923706055, 9.850000381469727, 9.8100004196167, 9.770000457763672, 9.800000190734863, 9.800000190734863, 9.699999809265137, 9.699999809265137, 9.789999961853027, 9.729999542236328, 9.779999732971191, 9.699999809265137, 9.729999542236328, 9.699999809265137, 9.720000267028809, 9.680000305175781, 9.720000267028809, 9.699999809265137, 9.699999809265137, 9.649999618530273, 9.619999885559082, 9.657899856567383]
assets:[0, 100.0000044670105, 200.99969225502014, 299.98471661777495, 398.46212775516506, 493.5832155609131, 601.2313023336411, 702.4547472045899, 799.6023432024955, 896.3418529972076, 999.0943394451142, 1099.0945213913917, 1187.8794366422653, 1287.8796446759222, 1399.8290185455323, 1491.2498928417206, 1598.9125963439942, 1685.8337768507959, 1791.0477197372438, 1885.5257329241751, 1989.4138386533737, 2081.2271696136477, 2189.8276081591607, 2285.321895062828, 2385.322103096485, 2473.026632239914, 2565.338433482361, 2675.4449393260957]
shares:[0, 10.202, 20.303, 30.4553, 40.6594, 50.99, 61.1629, 71.3152, 81.5089, 91.7443, 101.9484, 112.1525, 122.4618, 132.7711, 142.9856, 153.2631, 163.488, 173.7973, 184.0748, 194.3841, 204.6722, 215.0028, 225.2909, 235.6002, 245.9095, 256.2722, 266.6672, 277.0214]
growth_rate:-0.91
