ticker:AKICU
price:[10.592000007629395, 10.460000038146973, 10.489999771118164, 10.390000343322754, 10.460000038146973, 10.5, 10.6899995803833, 10.4399995803833, 10.119999885559082, 10.229999542236328, 10.069999694824219, 9.970000267028809, 9.949999809265137, 10.130000114440918, 10.199999809265137, 10.0600004196167, 10.050000190734863, 10.020000457763672, 9.970000267028809, 9.949999809265137, 9.989999771118164, 9.96500015258789, 9.930000305175781, 10.0, 9.960000038146973, 9.960000038146973, 10.0, 9.960000038146973, 9.979999542236328, 9.970000267028809, 9.930000305175781, 9.920000076293945, 9.930000305175781, 9.819999694824219, 9.84000015258789]
assets:[0, 99.99969236469269, 200.28661462993622, 298.37691285943987, 400.38683546018603, 501.91785, 610.999754016304, 696.7102399970055, 775.3549232319832, 883.7829594532013, 969.9604966049194, 1060.328471399021, 1158.2018677980423, 1279.154621450901, 1387.9935340452193, 1468.943153271675, 1567.4824497486115, 1662.8030439651488, 1754.505691991329, 1850.986524517822, 1958.4275671302796, 2053.5264449443816, 2146.313957962036, 2261.444, 2352.3986250097273, 2452.3990173927305, 2562.248, 2651.9994101572033, 2757.3241735267643, 2854.56162345438, 2943.1090984497073, 3040.1447273815156, 3143.2095275993347, 3208.390300292969, 3314.9248354042056]
shares:[0, 9.5602, 19.0931, 28.7177, 38.2779, 47.8017, 57.1562, 66.7347, 76.6161, 86.3913, 96.3218, 106.3519, 116.4022, 126.2739, 136.0778, 146.0182, 155.9684, 165.9484, 175.9785, 186.0288, 196.0388, 206.0739, 216.1444, 226.1444, 236.1846, 246.2248, 256.2248, 266.265, 276.285, 286.3151, 296.3856, 306.4662, 316.5367, 326.72, 336.8826]
growth_rate:-2.5
