ticker:AKRO
price:[32.34000015258789, 34.029998779296875, 37.0, 32.130001068115234, 28.989999771118164, 28.809999465942383, 28.350000381469727, 26.239999771118164, 26.549999237060547, 28.850000381469727, 27.899999618530273, 28.93000030517578, 29.229999542236328, 28.510000228881836, 28.309999465942383, 25.489999771118164, 26.06999969482422, 25.799999237060547, 28.889999389648438, 29.239999771118164, 31.059999465942383, 29.420000076293945, 31.450000762939453, 31.149999618530273, 31.579999923706055, 30.399999618530273, 30.549999237060547, 32.97999954223633, 31.729999542236328, 29.290000915527344, 28.639999389648438, 27.760000228881836, 27.34000015258789, 28.959999084472656, 30.799999237060547, 27.329999923706055, 28.209999084472656, 26.920000076293945, 26.18000030517578, 26.81999969482422, 28.969999313354492, 29.950000762939453, 27.639999389648438, 24.719999313354492, 25.079999923706055, 22.329999923706055, 22.3700008392334, 21.440000534057617, 20.469999313354492, 18.850000381469727, 20.8799991607666, 23.010000228881836]
assets:[0, 100.0005544128418, 208.7281, 281.2563903499603, 353.7707652069092, 451.5736936290741, 544.3625323247909, 603.8479947328567, 710.9824295692443, 872.5740315376282, 943.840247095108, 1078.6839913787842, 1189.8685143657683, 1260.5582561199187, 1351.7147135004043, 1317.0682881736757, 1447.036189060974, 1532.050394695282, 1815.5400096435549, 1937.535952833557, 2158.1357308921815, 2144.18256156044, 2392.134233030319, 2469.316539760208, 2603.404665710449, 2606.1281272974015, 2718.986592097473, 3035.2581918704986, 3020.216833427811, 2887.9648002700806, 2923.874721688843, 2934.034928191185, 2989.6426866855622, 3266.789256725311, 3574.3491514606476, 3271.6551598669053, 3476.998048157501, 3418.0001056869505, 3424.0429699134825, 3607.748580948639, 3996.9589382642744, 4232.168717809295, 4005.7462595443726, 3682.5630177097323, 3836.1916443302157, 3515.557032988548, 3621.855251877594, 3571.2823289585112, 3509.7082962703703, 3331.9486874290465, 3790.774287636757, 4277.476206548309]
shares:[0, 2.9386, 5.6413, 8.7537, 12.2032, 15.6742, 19.2015, 23.0125, 26.779, 30.2452, 33.8294, 37.286, 40.7071, 44.2146, 47.7469, 51.67, 55.5058, 59.3818, 62.8432, 66.2632, 69.4828, 72.8818, 76.0615, 79.2718, 82.4384, 85.7279, 89.0012, 92.0333, 95.1849, 98.599, 102.0906, 105.6929, 109.3505, 112.8035, 116.0503, 119.7093, 123.2541, 126.9688, 130.7885, 134.5171, 137.9689, 141.3078, 144.9257, 148.971, 152.9582, 157.4365, 161.9068, 166.571, 171.4562, 176.7612, 181.5505, 185.8964]
growth_rate:-16.13
