ticker:AKTS
price:[8.170000076293945, 7.639999866485596, 7.989999771118164, 8.329999923706055, 8.029999732971191, 8.539999961853027, 7.760000228881836, 8.0600004196167, 8.289999961853027, 8.239999771118164, 7.909999847412109, 7.920000076293945, 7.980000019073486, 7.96999979019165, 8.729999542236328, 11.029999732971191, 12.329999923706055, 12.229999542236328, 13.444999694824219, 13.109999656677246, 15.369999885559082, 15.079999923706055, 18.579999923706055, 16.1299991607666, 15.829999923706055, 14.289999961853027, 12.260000228881836, 14.270000457763672, 13.40999984741211, 12.739999771118164, 14.0, 12.369999885559082, 11.850000381469727, 11.75, 11.229999542236328, 9.210000038146973, 8.550000190734863, 9.149999618530273, 9.579999923706055, 10.100000381469727, 10.119999885559082, 10.430000305175781, 10.899999618530273, 10.739999771118164, 10.010000228881836, 9.140000343322754, 9.420000076293945, 9.680000305175781, 9.569999694824219, 8.75, 8.109999656677246, 9.989999771118164]
assets:[0, 99.99995825242996, 204.58074813957217, 313.2862991306305, 402.0034676318169, 527.5354396435738, 579.3530810880661, 701.7503845342636, 821.7752612185478, 916.8186305335998, 980.1011870933532, 1081.3405784166337, 1189.532318843174, 1288.0420270926, 1510.8669737766265, 2008.9192203654288, 2345.6912434856417, 2426.666725170898, 2767.7459576774595, 2798.784343705845, 3381.2601078240396, 3417.462758710098, 4310.639876299477, 3842.2287070913317, 3870.7674113445278, 3594.2050714053153, 3183.621689435005, 3805.569386077881, 3676.22138116951, 3592.5474394577027, 4047.855, 3676.56930798626, 3622.0166065982817, 3691.4505, 3628.08381310997, 3075.481497738361, 2955.0886859226225, 3262.463473985672, 3515.781416000748, 3806.6174237731934, 3914.1548597372057, 4134.054737960052, 4420.344425300217, 4455.458833049011, 4252.620469237519, 3983.0119836125373, 4205.0296300571445, 4421.092331381225, 4470.852166429901, 4187.770125, 3981.464839451599, 5004.418457343292]
shares:[0, 13.089, 25.6046, 37.6094, 50.0627, 61.7723, 74.6589, 87.0658, 99.1285, 111.2644, 123.9066, 136.5329, 149.0642, 161.6113, 173.0661, 182.1323, 190.2426, 198.4192, 205.8569, 213.4847, 219.9909, 226.6222, 232.0043, 238.2039, 244.521, 251.5189, 259.6755, 266.6832, 274.1403, 281.9896, 289.1325, 297.2166, 305.6554, 314.166, 323.0707, 333.9285, 345.6244, 356.5534, 366.9918, 376.8928, 386.7742, 396.3619, 405.5362, 414.8472, 424.8372, 435.7781, 446.3938, 456.7244, 467.1737, 478.6023, 490.9328, 500.9428]
growth_rate:-1.87
