ticker:AKTX
price:[1.590000033378601, 1.600000023841858, 1.7300000190734863, 1.6399999856948853, 1.7300000190734863, 1.8899999856948853, 1.7599999904632568, 1.6799999475479126, 1.5, 1.6699999570846558, 1.6200000047683716, 1.590000033378601, 1.5700000524520874, 1.8350000381469727, 2.0, 1.9800000190734863, 1.899999976158142, 1.850000023841858, 2.049999952316284, 3.190000057220459, 2.940000057220459, 2.5299999713897705, 2.819999933242798, 2.809999942779541, 3.880000114440918, 3.3499999046325684, 2.799999952316284, 3.119999885559082, 3.0399999618530273, 2.559999942779541, 2.8499999046325684, 2.4100000858306885, 2.1700000762939453, 2.3299999237060547, 2.059999942779541, 1.809999942779541, 1.8700000047683716, 1.840000033378601, 1.7949999570846558, 1.7899999618530273, 1.7799999713897705, 1.7699999809265137, 1.7599999904632568, 1.7100000381469727, 1.6699999570846558, 1.6299999952316284, 1.6200000047683716, 1.6200000047683716, 1.6699999570846558, 1.6699999570846558, 1.600000023841858, 1.8600000143051147]
assets:[0, 100.00000149011612, 208.12505729460716, 297.29772140678165, 413.6129025601387, 551.8661988230109, 613.9071806734801, 686.0022745819927, 712.5020999999999, 893.2522490453721, 966.5082028448581, 1048.6099510132908, 1135.4199559332133, 1427.067235166645, 1655.3866, 1738.8328487503052, 1768.5769778072836, 1822.0356084814669, 2119.0123807110313, 3397.3902549405097, 3231.1370908867834, 2880.5362744257686, 3310.716299626183, 3398.9762117861274, 4793.248545377254, 4238.500279338837, 3642.627177966428, 4158.927399451447, 4152.288219895649, 3596.6637276082993, 4104.098187667608, 3570.483330160594, 3314.9164205474854, 3659.334081178093, 3335.291111355877, 3030.5227241945263, 3230.9820812387825, 3279.1481474855304, 3298.951441127777, 3389.7621287602424, 3470.8249702128646, 3551.326014730978, 3631.262076323628, 3628.1012669363026, 3643.2331623768805, 3655.970184304893, 3733.540948989451, 3833.540957283795, 4051.8599408760665, 4151.859872306288, 4077.829980764401, 4840.477243227732]
shares:[0, 62.5, 120.3035, 181.2791, 239.0826, 291.9927, 348.8109, 408.3347, 475.0014, 534.8816, 596.61, 659.5031, 723.1974, 777.6933, 827.6933, 878.1984, 930.83, 984.8841, 1033.6646, 1065.0126, 1099.0262, 1138.5519, 1174.0129, 1209.6001, 1235.3733, 1265.224, 1300.9383, 1332.9896, 1365.8843, 1404.9468, 1440.0345, 1481.5283, 1527.6112, 1570.5297, 1619.0734, 1674.322, 1727.7979, 1782.1457, 1837.856, 1893.7219, 1949.9017, 2006.3989, 2063.2171, 2121.6966, 2181.5768, 2242.9265, 2304.6549, 2366.3833, 2426.2635, 2486.1437, 2548.6437, 2602.4071]
growth_rate:-5.09
