ticker:AKU
price:[3.0199999809265137, 3.049999952316284, 3.0299999713897705, 3.0899999141693115, 3.25, 3.490000009536743, 3.5299999713897705, 3.740000009536743, 3.680000066757202, 3.569999933242798, 3.509999990463257, 3.299999952316284, 3.2899999618530273, 3.2699999809265137, 3.0799999237060547, 3.0999999046325684, 3.009999990463257, 3.009999990463257, 3.009999990463257, 2.9600000381469727, 3.0799999237060547, 3.1500000953674316, 3.180000066757202, 3.25, 3.7200000286102295, 3.640000104904175, 3.5799999237060547, 3.759999990463257, 3.799999952316284, 3.609999895095825, 3.059999942779541, 3.25, 3.069999933242798, 3.240000009536743, 3.0899999141693115, 3.1500000953674316, 2.990000009536743, 2.799999952316284, 2.7799999713897705, 2.7699999809265137, 3.0, 2.9200000762939453, 3.369999885559082, 3.3499999046325684, 3.25, 3.1700000762939453, 3.190000057220459, 3.1500000953674316, 3.0950000286102295, 2.930000066757202, 2.259999990463257, 2.240000009536743]
assets:[0, 100.00004343659879, 199.34430411772726, 303.2918345754862, 418.996175, 549.9374495027542, 656.2404086812496, 795.2803340279102, 882.5217920094251, 956.1420151206256, 1040.0723161741018, 1077.8456544255494, 1174.5793363809585, 1267.438912607193, 1293.7955479516982, 1402.1969168632506, 1461.4880373694896, 1561.4880630526543, 1661.488088735819, 1733.8886943454743, 1904.1813088319777, 2047.4581669875622, 2166.957621490574, 2314.6578, 2749.3928731453657, 2790.2661044149877, 2844.272707385254, 3087.28072016952, 3220.124139592767, 3159.1177671981573, 2777.8116440563203, 3050.2901, 2981.350922170472, 3246.442101555705, 3196.1438832209583, 3358.205021670914, 3287.629394486046, 3178.7164658667807, 3256.011304490924, 3344.299090972042, 3721.9844999999996, 3722.7317492677694, 4396.440179702473, 4470.348412738609, 4436.9052, 4427.689047563362, 4555.6240887162685, 4598.500234221316, 4618.208935190797, 4472.004017890263, 3549.3955250222684, 3617.9850714034797]
shares:[0, 32.7869, 65.7902, 98.1527, 128.9219, 157.5752, 185.9038, 212.6418, 239.8157, 267.8269, 296.3169, 326.6199, 357.015, 387.596, 420.0635, 452.3216, 485.5442, 518.7668, 551.9894, 585.7732, 618.2407, 649.9867, 681.4332, 712.2024, 739.0841, 766.5566, 794.4896, 821.0853, 847.4011, 875.1019, 907.7816, 938.5508, 971.1241, 1001.9883, 1034.3508, 1066.0968, 1099.5416, 1135.2559, 1171.2271, 1207.3282, 1240.6615, 1274.9081, 1304.5817, 1334.4324, 1365.2016, 1396.7473, 1428.0953, 1459.8413, 1492.1515, 1526.2812, 1570.529, 1615.1719]
growth_rate:-29.06
