ticker:AKUS
price:[22.760000228881836, 25.829999923706055, 26.34000015258789, 24.329999923706055, 21.34000015258789, 17.030000686645508, 19.989999771118164, 19.700000762939453, 19.40999984741211, 19.18000030517578, 18.520000457763672, 19.09000015258789, 20.709999084472656, 19.739999771118164, 18.489999771118164, 18.520000457763672, 20.760000228881836, 19.829999923706055, 19.1200008392334, 17.760000228881836, 16.950000762939453, 15.920000076293945, 16.40999984741211, 17.969999313354492, 19.190000534057617, 20.3700008392334, 17.329999923706055, 19.1299991607666, 19.219999313354492, 17.40999984741211, 13.9399995803833, 13.869999885559082, 13.760000228881836, 13.979999542236328, 14.220000267028809, 13.170000076293945, 12.399999618530273, 12.489999771118164, 13.0600004196167, 13.010000228881836, 13.0, 13.100000381469727, 15.069999694824219, 13.029999732971191, 12.760000228881836, 12.270000457763672, 11.65999984741211, 10.869999885559082, 12.550000190734863, 11.300000190734863, 10.289999961853027, 11.149999618530273]
assets:[0, 100.000844704628, 201.97512117004396, 286.56360510139467, 351.3460305122376, 380.38550133705144, 546.5006067426681, 638.5715847305298, 729.1715822677612, 820.531921055603, 892.2973260551453, 1019.7591731510163, 1206.2973876731874, 1249.7986055088043, 1270.6568212709426, 1372.7191019298555, 1638.7508220674515, 1665.3392575927735, 1705.7124828687668, 1684.3850617074966, 1707.563416859436, 1703.7998001651763, 1856.240106739807, 2132.7010825080874, 2377.491384165573, 2623.6846260944367, 2332.1275507329938, 2674.3566656759263, 2786.9383404350283, 2624.4843549980164, 2201.3963697343825, 2290.341985102463, 2372.1772554584504, 2510.10472380867, 2653.196089822769, 2557.284764814377, 2507.769722851753, 2625.9712428785324, 2845.8119654356956, 2934.9168446332933, 3032.6608, 3155.9892119018555, 3730.5919874534607, 3325.588196847439, 3356.677560210228, 3327.7774991512297, 3262.337365307617, 3141.303874927902, 3726.8041316399576, 3455.6089883278846, 3246.745034963703, 3618.0957112157826]
shares:[0, 3.8715, 7.668, 11.7782, 16.4642, 22.3362, 27.3387, 32.4148, 37.5668, 42.7806, 48.1802, 53.4185, 58.2471, 63.313, 68.7213, 74.1209, 78.9379, 83.9808, 89.2109, 94.8415, 100.7412, 107.0226, 113.1164, 118.6812, 123.8922, 128.8014, 134.5717, 139.7991, 145.002, 150.7458, 157.9194, 165.1292, 172.3966, 179.5497, 186.582, 194.175, 202.2395, 210.2459, 217.9029, 225.5893, 233.2816, 240.9152, 247.5509, 255.2255, 263.0625, 271.2125, 279.7888, 288.9884, 296.9565, 305.8061, 315.5243, 324.4929]
growth_rate:-29.06
