ticker:AKYA
price:[26.049999237060547, 22.350000381469727, 22.440000534057617, 19.75, 20.399999618530273, 21.950000762939453, 20.81999969482422, 20.270000457763672, 19.940000534057617, 19.200000762939453, 18.850000381469727, 18.459999084472656, 19.329999923706055, 17.700000762939453, 16.3799991607666, 17.34000015258789, 17.290000915527344, 15.479999542236328, 15.84000015258789, 16.56999969482422, 16.59000015258789, 16.59000015258789]
assets:[0, 100.00060670681, 200.40266876945495, 276.379525, 385.4763527917862, 514.7648328922271, 588.2649273773193, 672.7248291923523, 761.77182840271, 833.500833120346, 918.30604358387, 999.3062064392091, 1146.4023724752426, 1149.7318695579527, 1163.988948362732, 1332.207935723114, 1428.3667426338197, 1378.8376152259825, 1510.9031665546418, 1680.5343400489808, 1782.5623363952636, 1882.5618803150178]
shares:[0, 4.4743, 8.9306, 13.9939, 18.8959, 23.4517, 28.2548, 33.1882, 38.2032, 43.4115, 48.7165, 54.1336, 59.3069, 64.9566, 71.0616, 76.8286, 82.6123, 89.0722, 95.3853, 101.4203, 107.448, 113.4757]
growth_rate:-10.35
