ticker:ALACU
price:[10.800000190734863, 10.800000190734863, 10.800000190734863, 10.800000190734863, 11.0, 11.0, 11.0, 12.0, 12.0, 12.0, 11.199999809265137, 11.199999809265137, 11.199999809265137, 11.199999809265137, 12.819999694824219, 12.989999771118164, 13.199999809265137, 13.199999809265137, 13.850000381469727, 15.5, 15.5, 17.0, 16.5, 16.5, 16.5, 16.5, 16.5, 16.5, 16.5, 16.5, 16.5, 16.5, 16.5, 16.5, 16.5, 16.5, 16.5, 16.5, 16.5, 16.5, 16.5, 16.5, 16.5, 16.5, 16.5, 16.5, 16.5, 16.5, 16.5, 16.5, 16.5, 16.5]
assets:[0, 100.00044176607132, 200.00088353214264, 300.00132529821394, 405.5568, 505.5567, 605.5566, 760.6068, 860.6064000000001, 960.606, 996.5659030285835, 1096.5662213255882, 1196.566539622593, 1296.5668579195976, 1584.1058262908937, 1705.1115359561918, 1832.6774135185242, 1932.6779720735549, 2127.8475786071776, 2481.3454, 2581.3451999999997, 2931.1536, 2944.9431, 3044.943, 3144.9429, 3244.9428, 3344.9427, 3444.9426000000003, 3544.9425, 3644.9424, 3744.9422999999997, 3844.9422, 3944.9421, 4044.942, 4144.9419, 4244.9418000000005, 4344.941699999999, 4444.9416, 4544.941500000001, 4644.9414, 4744.9413, 4844.941199999999, 4944.9411, 5044.941000000001, 5144.9409, 5244.9408, 5344.940699999999, 5444.9406, 5544.940500000001, 5644.9403999999995, 5744.9403, 5844.9402]
shares:[0, 9.2593, 18.5186, 27.7779, 36.8688, 45.9597, 55.0506, 63.3839, 71.7172, 80.0505, 88.9791, 97.9077, 106.8363, 115.7649, 123.5652, 131.2634, 138.8392, 146.415, 153.6352, 160.0868, 166.5384, 172.4208, 178.4814, 184.542, 190.6026, 196.6632, 202.7238, 208.7844, 214.845, 220.9056, 226.9662, 233.0268, 239.0874, 245.148, 251.2086, 257.2692, 263.3298, 269.3904, 275.451, 281.5116, 287.5722, 293.6328, 299.6934, 305.754, 311.8146, 317.8752, 323.9358, 329.9964, 336.057, 342.1176, 348.1782, 354.2388]
growth_rate:14.61
