ticker:ALAC
price:[10.75, 10.65999984741211, 10.729999542236328, 10.680000305175781, 10.75, 10.800000190734863, 10.829999923706055, 10.829999923706055, 10.8100004196167, 10.869999885559082, 10.829999923706055, 10.760000228881836, 11.449999809265137, 10.989999771118164, 10.899999618530273, 10.960000038146973, 11.25, 11.40999984741211, 13.229999542236328, 14.420000076293945, 14.399999618530273, 12.829999923706055, 13.640000343322754, 12.949999809265137, 11.729999542236328, 11.289999961853027, 10.800000190734863, 11.0, 10.9399995803833, 10.899999618530273, 10.960000038146973, 10.949999809265137, 10.970000267028809, 11.079999923706055, 11.140000343322754, 11.0600004196167, 11.069999694824219, 11.119999885559082, 11.109999656677246, 11.15999984741211, 11.199999809265137, 11.15999984741211, 11.1899995803833, 11.199999809265137, 11.130000114440918, 11.149999618530273, 11.15999984741211, 11.170000076293945, 11.180000305175781, 11.3100004196167, 11.279999732971191, 11.279999732971191]
assets:[0, 100.00039256858827, 200.6574294395447, 299.7224605644226, 401.68665, 503.5554088931084, 604.9540487382889, 704.953936033821, 803.6521851957322, 908.1124004392625, 1004.7705709217072, 1098.2764513620377, 1268.7046338658333, 1317.7350415563583, 1406.9436107608797, 1514.688445271969, 1654.7669999999998, 1778.3009622184754, 2161.9565611953735, 2456.418172996521, 2553.0104923683166, 2374.661063879013, 2624.5815860614775, 2591.812961826324, 2447.6415274806977, 2455.829016702175, 2449.2434832551958, 2594.5997, 2680.4475871882437, 2770.6469230350494, 2885.898434044552, 2983.2650330353736, 3088.714372184658, 3219.6862098300935, 3337.121896846485, 3413.157051495266, 3516.2426000648497, 3632.1244506201747, 3728.8580727703097, 3845.6399714195254, 3959.423932571411, 4045.2834406898496, 4156.15831214714, 4259.872887454796, 4333.248509555339, 4441.034813060951, 4545.018189857102, 4649.091422754479, 4753.253153747558, 4908.523217113017, 4995.502417742634, 5095.50187137537]
shares:[0, 9.3809, 18.7006, 28.0639, 37.3662, 46.6255, 55.8591, 65.0927, 74.3434, 83.543, 92.7766, 102.0703, 110.8039, 119.9031, 129.0774, 138.2015, 147.0904, 155.8546, 163.4132, 170.348, 177.2924, 185.0866, 192.418, 200.14, 208.6651, 217.5225, 226.7818, 235.8727, 245.0135, 254.1878, 263.3119, 272.4443, 281.5601, 290.5854, 299.5621, 308.6037, 317.6371, 326.6299, 335.6308, 344.5914, 353.52, 362.4806, 371.4172, 380.3458, 389.3305, 398.2991, 407.2597, 416.2123, 425.1568, 433.9985, 442.8637, 451.7289]
growth_rate:-0.09
