ticker:ALBO
price:[27.3700008392334, 38.47999954223633, 38.900001525878906, 33.310001373291016, 33.59000015258789, 37.65999984741211, 34.63999938964844, 34.810001373291016, 31.559999465942383, 32.84000015258789, 35.369998931884766, 35.18000030517578, 36.310001373291016, 38.47999954223633, 40.470001220703125, 40.779998779296875, 38.939998626708984, 37.5099983215332, 37.56999969482422, 35.599998474121094, 35.060001373291016, 36.66999816894531, 41.95000076293945, 37.84000015258789, 37.91999816894531, 34.86000061035156, 34.849998474121094, 37.34000015258789, 35.97999954223633, 34.91999816894531, 35.47999954223633, 32.880001068115234, 32.599998474121094, 31.360000610351562, 32.099998474121094, 29.90999984741211, 29.899999618530273, 33.11000061035156, 33.45000076293945, 30.559999465942383, 33.29999923706055, 34.27000045776367, 36.869998931884766, 34.84000015258789, 35.439998626708984, 35.25, 30.799999237060547, 28.610000610351562, 30.0, 29.200000762939453, 27.809999465942383, 29.81999969482422]
assets:[0, 100.00182281036378, 201.093557888031, 272.19600722198487, 374.4848347011566, 519.8586378936768, 578.1693018127442, 681.0054618663788, 717.4250638597488, 846.5232519332886, 1011.7411344470978, 1106.3054695968628, 1241.8419879680632, 1416.0601351543428, 1589.2933709381102, 1701.4679670684816, 1724.699267175293, 1761.364493183899, 1864.1820578575132, 1866.4331600013734, 1938.123887915802, 2127.1239177856446, 2533.4024960746765, 2385.1952176181794, 2490.2366157531737, 2389.2835258331297, 2488.596571038818, 2766.404857304764, 2765.6458408134463, 2784.1679620101927, 2928.8171942123413, 2814.1927154197692, 2890.2278447196963, 2880.293752058411, 3048.260795100403, 2940.296552999878, 3039.3140312238693, 3465.607208885193, 3601.1936321372987, 3390.060468756294, 3794.0121030750274, 4004.528374490738, 4408.342987291336, 4265.6284506820675, 4439.090187986374, 4515.29235, 4045.27805979538, 3857.643737297058, 4145.064, 4134.530308027268, 4037.7143554605486, 4429.546250668335]
shares:[0, 2.5988, 5.1695, 8.1716, 11.1487, 13.804, 16.6908, 19.5635, 22.7321, 25.7772, 28.6045, 31.447, 34.2011, 36.7999, 39.2709, 41.7231, 44.2912, 46.9572, 49.6189, 52.4279, 55.2802, 58.0072, 60.391, 63.0337, 65.6708, 68.5394, 71.4088, 74.0869, 76.8662, 79.7299, 82.5484, 85.5898, 88.6573, 91.8461, 94.9614, 98.3048, 101.6493, 104.6695, 107.659, 110.9313, 113.9343, 116.8523, 119.5645, 122.4348, 125.2565, 128.0934, 131.3402, 134.8355, 138.1688, 141.5935, 145.1893, 148.5428]
growth_rate:-13.15
