ticker:ALCO
price:[30.290000915527344, 30.350000381469727, 30.0, 27.75, 29.3799991607666, 31.170000076293945, 30.719999313354492, 30.920000076293945, 28.8799991607666, 28.920000076293945, 31.389999389648438, 31.1299991607666, 32.150001525878906, 31.15999984741211, 31.299999237060547, 31.219999313354492, 31.450000762939453, 31.020000457763672, 30.81999969482422, 31.0, 30.940000534057617, 29.700000762939453, 30.889999389648438, 30.079999923706055, 29.65999984741211, 29.639999389648438, 30.100000381469727, 31.0, 30.059999465942383, 29.989999771118164, 29.510000228881836, 29.1299991607666, 29.31999969482422, 29.420000076293945, 29.969999313354492, 30.90999984741211, 31.899999618530273, 32.45000076293945, 32.0, 32.650001525878906, 31.829999923706055, 33.79999923706055, 35.2599983215332, 34.7400016784668, 34.25, 35.18000030517578, 36.5, 37.810001373291016, 36.790000915527344, 37.02000045776367, 36.15999984741211, 37.65999984741211]
assets:[0, 100.00021625690461, 198.846, 283.93245, 400.61097855663303, 525.0181302850723, 617.4381941991807, 721.4594537801743, 773.8597935121536, 874.9312223081588, 1049.656467590332, 1140.961164240837, 1278.3451456718444, 1338.9794694431305, 1444.995764778137, 1541.3032681009292, 1652.6598000915528, 1730.0629755306245, 1818.9070039894104, 1929.5299, 2025.7965349674223, 2044.6074525222778, 2226.529533006287, 2268.1462982471467, 2336.4753859798434, 2434.8992738601687, 2572.6891726047515, 2749.6132, 2766.2383848539353, 2859.795395174217, 2914.0239926013946, 2976.5004012472154, 3095.913427776337, 3206.471098315239, 3366.4161368717196, 3572.0028563667297, 3786.4087347209934, 3951.6929479091646, 3996.8928, 4178.080300260162, 4173.1485319973, 4531.430697715759, 4827.167816214371, 4855.978278617095, 4887.485275, 5120.195748416138, 5412.31125, 5706.561420267105, 5652.614406666565, 5787.9512035697935, 5753.49351172142, 6092.160259316254]
shares:[0, 3.2949, 6.6282, 10.2318, 13.6355, 16.8437, 20.0989, 23.3331, 26.7957, 30.2535, 33.4392, 36.6515, 39.7619, 42.9711, 46.166, 49.3691, 52.5488, 55.7725, 59.0171, 62.2429, 65.475, 68.842, 72.0793, 75.4038, 78.7753, 82.1491, 85.4714, 88.6972, 92.0239, 95.3583, 98.747, 102.1799, 105.5905, 108.9895, 112.3262, 115.5614, 118.6962, 121.7779, 124.9029, 127.9657, 131.1074, 134.066, 136.9021, 139.7806, 142.7003, 145.5428, 148.2825, 150.9273, 153.6454, 156.3466, 159.1121, 161.7674]
growth_rate:19.45
