ticker:ALDX
price:[5.849999904632568, 6.949999809265137, 7.429999828338623, 6.829999923706055, 6.96999979019165, 7.050000190734863, 8.100000381469727, 7.639999866485596, 6.679999828338623, 6.679999828338623, 6.71999979019165, 6.760000228881836, 6.940000057220459, 7.179999828338623, 6.96999979019165, 7.53000020980835, 7.269999980926514, 6.860000133514404, 10.3100004196167, 13.369999885559082, 12.289999961853027, 11.199999809265137, 12.59000015258789, 12.699999809265137, 12.75, 12.260000228881836, 11.180000305175781, 12.520000457763672, 11.979999542236328, 11.15999984741211, 12.289999961853027, 12.039999961853027, 11.279999732971191, 10.600000381469727, 12.569999694824219, 12.479999542236328, 12.140000343322754, 11.729999542236328, 12.520000457763672, 12.640000343322754, 12.34000015258789, 11.920000076293945, 11.470000267028809, 10.920000076293945, 10.779999732971191, 9.520000457763672, 9.069999694824219, 8.899999618530273, 9.819999694824219, 9.289999961853027, 8.300000190734863, 9.039999961853027]
assets:[0, 100.00007225561143, 206.9069202196598, 290.1985007583618, 396.14690807533265, 500.69383354606623, 675.2654418016434, 736.9169511218548, 744.3203168725968, 844.3205823028088, 949.3767063590526, 1055.027827721405, 1183.1201057548521, 1324.035048344612, 1385.3097622999192, 1596.6115464863776, 1641.4831176934242, 1648.9101060923101, 2578.1723169315337, 3443.3712725263595, 3265.223166865063, 3075.630827622318, 3557.338536114121, 3688.419034605503, 3802.9399499999995, 3756.787734135437, 3525.846758243561, 4048.443560021591, 3973.829342157364, 3801.831392018509, 4286.783940694237, 4299.582714377403, 4128.179854274559, 3979.3185832065583, 4818.870279006958, 4884.367308842468, 4851.299529196167, 4787.457380169296, 5209.8864424869535, 5359.821505581379, 5332.610133939362, 5251.111673609734, 5152.873532962131, 5005.787002973557, 5041.609679115486, 4552.330938896179, 4437.147248704529, 4453.981669094467, 5014.393318167877, 4843.759530110359, 4427.578661746216, 4922.326083228779]
shares:[0, 14.3885, 27.8475, 42.4888, 56.836, 71.0204, 83.3661, 96.4551, 111.4252, 126.3953, 141.2763, 156.0692, 170.4784, 184.406, 198.7532, 212.0334, 225.7886, 240.3659, 250.0652, 257.5446, 265.6813, 274.6099, 282.5527, 290.4267, 298.2698, 306.4264, 315.3709, 323.3581, 331.7053, 340.6659, 348.8026, 357.1082, 365.9734, 375.4074, 383.3628, 391.3756, 399.6128, 408.1379, 416.1251, 424.0365, 432.1402, 440.5295, 449.2479, 458.4054, 467.6818, 478.186, 489.2114, 500.4474, 510.6307, 521.395, 533.4432, 544.5051]
growth_rate:-3.48
