ticker:ALEC
price:[12.40999984741211, 13.0, 14.069999694824219, 11.289999961853027, 10.119999885559082, 10.119999885559082, 10.289999961853027, 9.489999771118164, 9.40999984741211, 11.369999885559082, 12.869999885559082, 12.630000114440918, 13.289999961853027, 14.550000190734863, 14.470000267028809, 15.779999732971191, 15.34000015258789, 15.130000114440918, 15.399999618530273, 16.8700008392334, 16.59000015258789, 16.84000015258789, 20.760000228881836, 21.049999237060547, 17.690000534057617, 18.18000030517578, 17.06999969482422, 19.030000686645508, 21.020000457763672, 16.350000381469727, 20.0, 17.3700008392334, 17.799999237060547, 18.760000228881836, 19.5, 16.350000381469727, 17.0, 18.139999389648438, 17.799999237060547, 19.540000915527344, 19.6200008392334, 21.229999542236328, 21.270000457763672, 35.209999084472656, 36.90999984741211, 33.11000061035156, 32.77000045776367, 24.03499984741211, 27.6200008392334, 28.31999969482422, 24.510000228881836, 27.209999084472656]
assets:[0, 99.99990000000001, 208.2303674835205, 267.0875290975571, 339.4086041618348, 439.40837103099824, 546.7900179729462, 604.2795314258576, 699.1855726623536, 944.8185654902458, 1169.46471460104, 1247.657087305069, 1412.8559089446069, 1646.8068515878676, 1737.7515300683976, 1995.0732562394141, 2039.4438162864685, 2111.5246599712373, 2249.205364285469, 2563.902727546692, 2621.347767110062, 2760.848981016159, 3503.5178426267626, 3652.459042619705, 3169.4537116851807, 3357.2442983558653, 3252.263398856354, 3725.6935344314575, 4215.296239798737, 3378.7864388320927, 4233.072, 3776.4240414583205, 3969.9106898426053, 4284.018644267273, 4553.0043000000005, 3917.5189514015196, 4173.262, 4553.116264802551, 4567.777064216995, 5114.290415625, 5235.228367933655, 5764.825920698166, 5875.68873645401, 9826.515695491791, 10400.957441001892, 9430.145359835815, 9433.309965773773, 7018.816023440552, 8165.726196115494, 8472.678388698578, 7432.816884409905, 8351.608554995728]
shares:[0, 7.6923, 14.7996, 23.657, 33.5384, 43.4198, 53.138, 63.6754, 74.3024, 83.0975, 90.8675, 98.7852, 106.3097, 113.1826, 120.0934, 126.4305, 132.9494, 139.5588, 146.0523, 151.98, 158.0077, 163.9459, 168.7629, 173.5135, 179.1664, 184.6669, 190.5251, 195.78, 200.5374, 206.6536, 211.6536, 217.4107, 223.0287, 228.3592, 233.4874, 239.6036, 245.486, 250.9987, 256.6167, 261.7344, 266.8312, 271.5415, 276.243, 279.0831, 281.7924, 284.8126, 287.8642, 292.0248, 295.6454, 299.1765, 303.2565, 306.9316]
growth_rate:63.76
