ticker:ALGM
price:[18.299999237060547, 24.0, 20.81999969482422, 22.790000915527344, 25.40999984741211, 28.0, 26.079999923706055, 25.360000610351562, 24.790000915527344, 26.65999984741211, 29.190000534057617, 32.720001220703125, 33.5, 27.920000076293945, 30.190000534057617, 30.399999618530273, 30.135000228881836, 26.139999389648438, 25.6299991607666, 26.790000915527344, 26.040000915527344, 25.270000457763672, 27.260000228881836, 27.399999618530273, 26.729999542236328, 27.059999465942383, 24.68000030517578, 24.790000915527344, 23.729999542236328, 24.020000457763672, 26.209999084472656, 26.93000030517578, 27.469999313354492, 26.549999237060547, 27.31999969482422, 27.639999389648438, 27.530000686645508, 25.229999542236328, 26.170000076293945, 27.40999984741211, 28.530000686645508, 29.59000015258789, 28.25, 30.40999984741211, 30.530000686645508]
assets:[0, 100.0008, 186.75123326263426, 304.4219952293396, 439.42020936126704, 584.2088, 644.1499181156158, 726.3662094818116, 810.040548915863, 971.1438144416809, 1163.3032532836914, 1403.9825323791504, 1537.45235, 1381.364339774704, 1593.6757861919405, 1704.7620586080552, 1789.9014870946883, 1652.6151994125366, 1720.372685667801, 1898.2349838706969, 1945.091720386505, 1987.5765080047606, 2244.0977388420106, 2355.621807204437, 2398.020429932785, 2527.625842114639, 2405.315297742462, 2516.0363529205324, 2508.453164610672, 2639.10867629509, 2979.725681916809, 3161.579342827606, 3324.97421088829, 3313.617789780045, 3509.718400794983, 3650.826555381775, 3736.297362189674, 3524.1465200592042, 3755.447350948334, 4033.3897005466456, 4298.198665446853, 4557.892714503861, 4451.485275, 4891.846846454239, 5011.151570705032]
shares:[0, 4.1667, 8.9698, 13.3577, 17.2932, 20.8646, 24.699, 28.6422, 32.6761, 36.427, 39.8528, 42.909, 45.8941, 49.4758, 52.7882, 56.0777, 59.3961, 63.2217, 67.1234, 70.8561, 74.6963, 78.6536, 82.322, 85.9716, 89.7127, 93.4082, 97.4601, 101.494, 105.7081, 109.8713, 113.6866, 117.3999, 121.0402, 124.8067, 128.467, 132.0849, 135.7173, 139.6808, 143.502, 147.1503, 150.6554, 154.0349, 157.5747, 160.8631, 164.1386]
growth_rate:13.89
