ticker:ALGN
price:[309.0, 317.6600036621094, 320.9700012207031, 317.92999267578125, 314.8900146484375, 328.6400146484375, 336.5199890136719, 469.55999755859375, 426.0799865722656, 477.8500061035156, 457.260009765625, 446.45001220703125, 475.5, 521.719970703125, 507.0799865722656, 529.9199829101562, 528.030029296875, 534.3800048828125, 570.530029296875, 567.22998046875, 534.0800170898438, 525.3800048828125, 620.4500122070312, 609.5800170898438, 599.25, 567.1099853515625, 536.4600219726562, 536.4400024414062, 529.4600219726562, 528.3400268554688, 545.0499877929688, 592.5599975585938, 606.3300170898438, 620.1199951171875, 595.530029296875, 598.3400268554688, 569.0399780273438, 591.75, 590.1500244140625, 582.3499755859375, 611.5399780273438, 601.6400146484375, 614.97998046875, 624.1699829101562, 627.1900024414062, 616.1199951171875, 638.280029296875, 695.7999877929688, 693.6699829101562, 691.1900024414062, 681.5700073242188, 701.8499755859375]
assets:[0, 99.99936915283205, 201.0556087646484, 299.14033010864256, 396.28908343505856, 513.5986148925781, 625.9271795654297, 973.3978749389648, 983.2647850128175, 1202.7484653625488, 1250.9262087158204, 1321.3581011291506, 1507.335, 1753.8660255126952, 1804.6469642120362, 1985.9281279541015, 2078.854225341797, 2203.836578137207, 2452.9368079589844, 2538.751223583984, 2490.3617116882324, 2549.774239697266, 3111.184541210938, 3156.649160498047, 3203.171025, 3131.3544951171875, 3062.113805419922, 3161.991950390625, 3220.86415166626, 3314.065652453613, 3518.897226190186, 3925.650727825928, 4116.859550036621, 4310.516098059083, 4239.578278564453, 4359.565269671631, 4246.062508044433, 4515.5259, 4603.288220434571, 4642.435770373535, 4975.1223372436525, 4994.574745605469, 5205.313550683593, 5383.091600610352, 5509.111543444824, 5511.871088317871, 5810.135450683594, 6433.714587127685, 6514.046708514405, 6590.773149279785, 6599.028967913819, 6895.395270141602]
shares:[0, 0.3148, 0.6264, 0.9409, 1.2585, 1.5628, 1.86, 2.073, 2.3077, 2.517, 2.7357, 2.9597, 3.17, 3.3617, 3.5589, 3.7476, 3.937, 4.1241, 4.2994, 4.4757, 4.6629, 4.8532, 5.0144, 5.1784, 5.3453, 5.5216, 5.708, 5.8944, 6.0833, 6.2726, 6.4561, 6.6249, 6.7898, 6.9511, 7.119, 7.2861, 7.4618, 7.6308, 7.8002, 7.9719, 8.1354, 8.3016, 8.4642, 8.6244, 8.7838, 8.9461, 9.1028, 9.2465, 9.3907, 9.5354, 9.6821, 9.8246]
growth_rate:35.2
