ticker:ALGS
price:[14.850000381469727, 15.100000381469727, 14.9399995803833, 15.09000015258789, 19.700000762939453, 19.469999313354492, 18.15999984741211, 17.18000030517578, 22.1200008392334, 25.670000076293945, 28.850000381469727, 27.649999618530273, 31.719999313354492, 31.6200008392334, 32.849998474121094, 28.170000076293945, 23.06999969482422, 25.229999542236328, 29.799999237060547, 28.739999771118164, 22.40999984741211, 26.139999389648438, 24.149999618530273, 19.100000381469727, 22.0, 21.469999313354492, 21.610000610351562, 24.469999313354492, 25.719999313354492, 27.1299991607666, 21.190000534057617, 26.889999389648438, 27.8799991607666, 29.260000228881836, 33.599998474121094, 25.889999389648438, 26.790000915527344, 17.719999313354492, 16.079999923706055, 15.5, 16.549999237060547, 14.569999694824219, 15.829999923706055, 15.720000267028809, 15.15999984741211, 16.549999237060547, 16.6200008392334, 16.6200008392334]
assets:[0, 99.99975252628326, 198.93954041242597, 300.93685504302977, 492.87234908790583, 587.1178292942047, 647.6146505584717, 712.6659266593933, 1017.5886106073381, 1280.8996328069686, 1539.5773853570938, 1575.5384532632827, 1907.4536107091903, 2001.4417071207047, 2179.2951787719726, 1968.8210243322371, 1712.377648348236, 1972.703388208008, 2430.026037786484, 2443.589740539551, 2005.3879693454742, 2439.173009046936, 2353.482667824745, 1961.3465691724778, 2359.1436, 2402.310428170204, 2517.975661117554, 2951.2189491867066, 3201.975306517029, 3477.5124404273984, 2816.1256429756163, 3673.649869615174, 3908.901342335701, 4202.38267887249, 4925.702656308747, 3895.4300201660158, 4130.844006168366, 2832.3079862487793, 2670.1756433309556, 2673.8631499999997, 2954.9957437774656, 2701.467353416443, 3035.087468372154, 3113.9968608961103, 3103.0655007671357, 3487.5813392257687, 3602.3319979011535, 3702.3312189506532]
shares:[0, 6.6225, 13.3159, 19.9428, 25.0189, 30.155, 35.6616, 41.4823, 46.0031, 49.8987, 53.3649, 56.9815, 60.1341, 63.2967, 66.3408, 69.8907, 74.2253, 78.1888, 81.5445, 85.024, 89.4863, 93.3119, 97.4527, 102.6883, 107.2338, 111.8915, 116.519, 120.6056, 124.4936, 128.1796, 132.8988, 136.6177, 140.2045, 143.6221, 146.5983, 150.4608, 154.1935, 159.8368, 166.0557, 172.5073, 178.5496, 185.413, 191.7301, 198.0914, 204.6877, 210.73, 216.7468, 222.7636]
growth_rate:-21.23
