ticker:ALGT
price:[133.64999389648438, 133.0800018310547, 134.5, 123.76000213623047, 119.6500015258789, 124.41000366210938, 130.08999633789062, 142.27999877929688, 134.75999450683594, 137.97000122070312, 154.72000122070312, 154.94000244140625, 177.69000244140625, 180.6300048828125, 174.7100067138672, 175.1199951171875, 179.22999572753906, 189.24000549316406, 186.9199981689453, 185.89999389648438, 191.4199981689453, 181.49000549316406, 213.49000549316406, 214.75999450683594, 242.75999450683594, 252.19000244140625, 244.07000732421875, 253.7100067138672, 257.739990234375, 250.47000122070312, 244.75, 252.82000732421875, 244.0800018310547, 240.80999755859375, 235.72999572753906, 224.74000549316406, 229.1999969482422, 216.72000122070312, 221.4600067138672, 217.14999389648438, 211.02999877929688, 194.85000610351562, 190.27000427246094, 195.1300048828125, 192.52999877929688, 182.25999450683594, 189.50999450683594, 190.1199951171875, 191.8000030517578, 191.77999877929688, 177.7100067138672, 191.17999267578125]
assets:[0, 99.99631337585448, 201.06404999999998, 285.0069089195252, 375.54545978927615, 490.4864394378662, 612.8799907470703, 770.3039133911133, 829.5960021835327, 949.3577813995361, 1164.6083931884766, 1266.2626639526366, 1552.1932473266602, 1677.8721153564452, 1722.88526020813, 1826.9218370605467, 1969.7914220443724, 2179.798851274109, 2253.077581929016, 2340.7783631469724, 2510.281855987549, 2480.060925064087, 3017.339643637085, 3135.281159805298, 3644.0460015426634, 3885.592243615723, 3860.4797128479004, 4112.9690318405155, 4278.303419897461, 4257.614315750122, 4260.387725, 4500.853462390137, 4445.258217347717, 4485.712310522461, 4491.0807326019285, 4381.710939099121, 4568.666459169006, 4419.89606489563, 4616.555299957276, 4626.706344955444, 4596.317785412598, 4343.908096069336, 4341.80928149414, 4552.714734924317, 4592.052253884887, 4447.107413967895, 4724.010388069152, 4839.219295715332, 4981.985899269104, 5081.460381655884, 4808.655071670532, 5273.145675982666]
shares:[0, 0.7514, 1.4949, 2.3029, 3.1387, 3.9425, 4.7112, 5.414, 6.1561, 6.8809, 7.5272, 8.1726, 8.7354, 9.289, 9.8614, 10.4324, 10.9903, 11.5187, 12.0537, 12.5916, 13.114, 13.665, 14.1334, 14.599, 15.0109, 15.4074, 15.8171, 16.2113, 16.5993, 16.9985, 17.4071, 17.8026, 18.2123, 18.6276, 19.0518, 19.4968, 19.9331, 20.3945, 20.846, 21.3065, 21.7804, 22.2936, 22.8192, 23.3317, 23.8511, 24.3998, 24.9275, 25.4535, 25.9749, 26.4963, 27.059, 27.5821]
growth_rate:3.4
