ticker:ALHC
price:[17.309999465942383, 23.200000762939453, 23.829999923706055, 26.059999465942383, 24.709999084472656, 26.540000915527344, 23.6200008392334, 20.959999084472656, 23.75, 25.229999542236328, 23.3700008392334, 23.600000381469727, 26.799999237060547, 24.81999969482422, 22.920000076293945, 21.489999771118164, 20.270000457763672, 20.299999237060547, 20.829999923706055, 20.239999771118164, 19.260000228881836, 18.540000915527344, 18.280000686645508, 18.200000762939453, 18.200000762939453]
assets:[0, 99.99896328849792, 202.7146603509903, 321.68463340759274, 405.0191239936828, 535.0145704559326, 576.1508704710006, 611.2669333000183, 792.6325, 942.0251079082489, 972.5776399259568, 1082.1496974918366, 1328.8806421695708, 1330.7019456382752, 1328.8351364233017, 1345.9272816650391, 1369.518256928253, 1471.5449146945955, 1609.9652751031877, 1664.3635171787262, 1683.7766300096512, 1720.8309729766845, 1796.6992234888078, 1888.836119179535, 1988.836023371506]
shares:[0, 4.3103, 8.5067, 12.344, 16.3909, 20.1588, 24.3925, 29.1635, 33.374, 37.3375, 41.6165, 45.8538, 49.5851, 53.6141, 57.9771, 62.6304, 67.5638, 72.4899, 77.2907, 82.2314, 87.4235, 92.8172, 98.2877, 103.7822, 109.2767]
growth_rate:-17.13
