ticker:ALIM
price:[5.75, 5.53000020980835, 5.699999809265137, 5.050000190734863, 4.800000190734863, 4.860000133514404, 4.670000076293945, 4.510000228881836, 4.244999885559082, 3.990000009536743, 5.090000152587891, 4.75, 4.710000038146973, 4.329999923706055, 4.179999828338623, 4.190000057220459, 4.429999828338623, 4.21999979019165, 5.800000190734863, 6.599999904632568, 8.0, 6.71999979019165, 7.909999847412109, 8.5, 9.199999809265137, 8.069999694824219, 7.320000171661377, 11.289999961853027, 11.100000381469727, 9.670000076293945, 9.859999656677246, 9.5600004196167, 9.800000190734863, 10.699999809265137, 10.239999771118164, 9.670000076293945, 8.569999694824219, 9.800000190734863, 10.5, 10.279999732971191, 10.300000190734863, 9.5, 9.5, 9.020000457763672, 9.180000305175781, 8.819999694824219, 8.90999984741211, 8.829999923706055, 8.119999885559082, 7.309999942779541, 5.300000190734863, 6.519999980926514]
assets:[0, 100.00009979400636, 203.07446320466994, 279.9169655722618, 366.05953454589843, 470.6351229293346, 552.2359150218964, 633.3154291406631, 696.1027222337723, 754.2875568028688, 1062.2367128437043, 1091.281625, 1182.0917885739327, 1186.7213470901488, 1245.6106888461113, 1348.5904854169369, 1525.8368018742085, 1553.5059907633781, 2235.150713503647, 2643.4471418032167, 3304.1784, 2875.510086222315, 3484.7148377780914, 3844.6367, 4261.254071655464, 3837.8610528671265, 3581.1827159823415, 5623.436080999374, 5628.799093442917, 5003.6477404775615, 5201.961296868993, 5143.68748177166, 5372.81776456976, 5966.23964364767, 5809.746814142037, 5586.353242074966, 5050.883580139161, 5875.806694359302, 6395.50695, 6361.505414756298, 6473.881779883003, 6071.0557499999995, 6171.0556, 5959.25542843132, 6164.962314945221, 6023.198959594726, 6184.6598810848245, 6229.129627178383, 5828.2598378582, 5346.86948714633, 3976.663283111, 4992.0458093963625]
shares:[0, 18.0832, 35.6271, 55.4291, 76.2624, 96.8385, 118.2518, 140.4247, 163.9818, 189.0445, 208.6909, 229.7435, 250.9749, 274.0696, 297.993, 321.8593, 344.4327, 368.1294, 385.3708, 400.5223, 413.0223, 427.9033, 440.5455, 452.3102, 463.1798, 475.5714, 489.2326, 498.09, 507.099, 517.4403, 527.5823, 538.0426, 548.2467, 557.5925, 567.3581, 577.6994, 589.368, 599.5721, 609.0959, 618.8235, 628.5322, 639.0585, 649.5848, 660.6713, 671.5645, 682.9024, 694.1257, 705.4507, 717.766, 731.4459, 750.3138, 765.6512]
growth_rate:-2.12
