ticker:ALJJ
price:[0.9700000286102295, 0.9100000262260437, 0.8600000143051147, 0.7599999904632568, 0.8299999833106995, 1.0099999904632568, 0.9700000286102295, 1.059999942779541, 1.0299999713897705, 1.1299999952316284, 1.2300000190734863, 1.1100000143051147, 1.0700000524520874, 1.1299999952316284, 1.159999966621399, 1.059999942779541, 1.0700000524520874, 1.100000023841858, 1.1399999856948853, 1.2300000190734863, 1.2799999713897705, 1.1699999570846558, 1.350000023841858, 1.3300000429153442, 1.6100000143051147, 1.4700000286102295, 1.309999942779541, 1.3899999856948853, 1.5199999809265137, 1.4199999570846558, 1.4500000476837158, 1.5099999904632568, 1.350000023841858, 1.3600000143051147, 1.4299999475479126, 1.3899999856948853, 1.350000023841858, 1.4199999570846558, 1.4900000095367432, 1.6100000143051147, 1.659999966621399, 1.4900000095367432, 1.6799999475479126, 1.6200000047683716, 1.440000057220459, 1.3799999952316284, 1.3700000047683716, 1.2899999618530273, 1.2999999523162842, 1.2899999618530273, 1.2400000095367432, 1.2300000190734863]
assets:[0, 99.99999388198256, 194.50551523537635, 271.8885525882483, 396.9308920186758, 583.0122934950114, 659.9227384644747, 821.1525936728954, 897.9124660587548, 1085.088484421146, 1281.114022866106, 1256.1272981883287, 1310.8614512592674, 1484.3676547362686, 1623.775609276414, 1583.7948865042686, 1698.736470273149, 1846.3645600188734, 2013.5050247338415, 2272.465994238901, 2464.8425689064743, 2353.0201416917325, 2815.0234247151016, 2873.319457713902, 3578.2287347931506, 3367.0784305325747, 3100.593538566876, 3389.9428071125744, 3806.9878482285976, 3656.528005492139, 3833.7788110750434, 4092.4178291534186, 3758.784276382518, 3886.627080881357, 4186.673909433711, 4169.56419208914, 4149.576883284163, 4464.739867066301, 4784.8328586253165, 5270.188536826491, 5533.858888727426, 5067.138541432214, 5813.283490500677, 5705.666422794282, 5171.703613505029, 5056.215792529047, 5119.576581819009, 4920.623068490791, 5058.76742444551, 5119.853887599277, 5021.410170619273, 5080.9149517892365]
shares:[0, 109.8901, 226.1692, 357.7481, 478.23, 577.2399, 680.3327, 774.6723, 871.7597, 960.2553, 1041.5561, 1131.6462, 1225.1041, 1313.5997, 1399.8066, 1494.1462, 1587.6041, 1678.5132, 1766.2325, 1847.5333, 1925.6583, 2011.1284, 2085.2025, 2160.3905, 2222.5023, 2290.5295, 2366.8654, 2438.8078, 2504.5973, 2575.0198, 2643.9853, 2710.2105, 2784.2846, 2857.814, 2927.7441, 2999.6865, 3073.7606, 3144.1831, 3211.2972, 3273.409, 3333.65, 3400.7641, 3460.2879, 3522.0163, 3591.4607, 3663.9245, 3736.9172, 3814.4366, 3891.3597, 3968.8791, 4049.5243, 4130.8251]
growth_rate:-0.37
