ticker:ALKS
price:[16.34000015258789, 17.399999618530273, 18.030000686645508, 16.739999771118164, 15.789999961853027, 16.860000610351562, 17.1299991607666, 16.389999389648438, 16.25, 17.0, 17.799999237060547, 18.239999771118164, 18.5, 19.079999923706055, 21.299999237060547, 22.0, 21.459999084472656, 19.950000762939453, 20.3799991607666, 22.3700008392334, 22.190000534057617, 20.989999771118164, 22.329999923706055, 20.219999313354492, 19.579999923706055, 19.040000915527344, 19.280000686645508, 19.420000076293945, 20.049999237060547, 19.520000457763672, 19.149999618530273, 19.020000457763672, 19.8700008392334, 21.280000686645508, 22.010000228881836, 22.0, 22.260000228881836, 22.190000534057617, 22.670000076293945, 23.079999923706055, 25.030000686645508, 24.420000076293945, 24.1299991607666, 25.299999237060547, 25.360000610351562, 23.709999084472656, 24.479999542236328, 25.8700008392334, 28.559999465942383, 28.75, 30.25, 31.110000610351562]
assets:[0, 99.99953780765533, 203.62000975456237, 289.0512500478744, 372.6471570997238, 497.89942202453614, 605.8726533170701, 679.6998306884765, 773.8932500000001, 909.6122, 1052.41783489151, 1178.4334892126085, 1295.23125, 1435.838682258606, 1702.9008590042115, 1858.8658, 1913.23832037735, 1878.615761843109, 2019.1076568546293, 2316.2637078969956, 2397.6251197048186, 2367.9658341789245, 2619.1370500513076, 2471.650254065895, 2493.419006284332, 2524.6527133964537, 2656.4756146087643, 2775.7646969049456, 2965.811927145386, 2987.415046057892, 3030.7880946264268, 3110.2132408550265, 3349.207861457825, 3686.8707749649047, 3913.3472266948697, 4011.5702, 4158.980532763481, 4245.901272188186, 4437.745461934853, 4618.0056367345815, 5108.175103132057, 5083.684797882652, 5123.3127908128745, 5471.7295049961085, 5584.705790409851, 5321.3465315238955, 5594.162151391983, 6011.805319025421, 6736.921170022964, 6881.740875, 7340.788675000001, 7649.485611076355]
shares:[0, 5.7471, 11.2934, 17.2671, 23.6002, 29.5314, 35.3691, 41.4704, 47.6242, 53.5066, 59.1246, 64.6071, 70.0125, 75.2536, 79.9484, 84.4939, 89.1537, 94.1662, 99.073, 103.5433, 108.0498, 112.814, 117.2923, 122.2379, 127.3452, 132.5973, 137.784, 142.9333, 147.9208, 153.0438, 158.2657, 163.5233, 168.556, 173.2552, 177.7986, 182.3441, 186.8365, 191.343, 195.7541, 200.0869, 204.0821, 208.1771, 212.3213, 216.2739, 220.2171, 224.4347, 228.5197, 232.3852, 235.8866, 239.3649, 242.6707, 245.8851]
growth_rate:49.99
