ticker:ALKT
price:[42.130001068115234, 44.630001068115234, 47.689998626708984, 38.650001525878906, 29.239999771118164, 30.709999084472656, 33.27000045776367, 33.060001373291016, 32.0099983215332, 34.459999084472656, 36.040000915527344, 36.619998931884766, 35.7599983215332, 32.15999984741211, 31.540000915527344, 31.290000915527344, 31.209999084472656, 30.399999618530273, 26.90999984741211, 27.760000228881836, 28.479999542236328, 28.479999542236328]
assets:[0, 99.997980393219, 206.85536904335024, 267.64353056640624, 302.48194963226314, 417.6897685478211, 552.5082436019898, 649.0207229598999, 728.406717805481, 884.1574265098571, 1024.6965140304567, 1141.1853647144317, 1214.3845110004424, 1192.13260234375, 1269.1507128402711, 1359.0905767662048, 1455.6156313003542, 1517.838540953636, 1443.5869418144227, 1589.1850611028672, 1730.4020521869659, 1830.4010265796662]
shares:[0, 2.2406, 4.3375, 6.9248, 10.3448, 13.6011, 16.6068, 19.6316, 22.7556, 25.6575, 28.4322, 31.1629, 33.9593, 37.0688, 40.2394, 43.4353, 46.6394, 49.9289, 53.645, 57.2473, 60.7585, 64.2697]
growth_rate:-12.84
