ticker:ALLK
price:[83.72000122070312, 77.43000030517578, 84.12000274658203, 80.27999877929688, 79.8499984741211, 82.48999786376953, 80.86000061035156, 89.83999633789062, 95.12999725341797, 99.2699966430664, 100.72000122070312, 101.41000366210938, 104.70999908447266, 109.41999816894531, 119.36000061035156, 130.57000732421875, 151.52999877929688, 140.0, 127.7300033569336, 128.50999450683594, 132.3300018310547, 133.3300018310547, 144.13999938964844, 138.80999755859375, 135.64999389648438, 121.18000030517578, 123.7300033569336, 123.98999786376953, 116.9000015258789, 115.13999938964844, 114.0999984741211, 105.0, 104.5, 107.4000015258789, 109.12000274658203, 100.93000030517578, 100.63999938964844, 101.8499984741211, 101.44000244140625, 89.62000274658203, 93.91000366210938, 91.86000061035156, 92.29000091552734, 85.81999969482422, 83.88999938964844, 80.81999969482422, 82.0999984741211, 79.55999755859375, 78.6500015258789, 82.38999938964844, 80.0, 86.26000213623047]
assets:[0, 100.00084539413453, 208.64284281234742, 299.11524745178224, 397.5092624038696, 510.6543317756653, 600.5633965332031, 767.2605207244874, 912.4393686561584, 1052.1527674201966, 1167.5261101501465, 1275.5248850616454, 1417.02994661026, 1580.7688295471191, 1824.3698653289794, 2095.713902557373, 2532.1268916015624, 2439.458, 2325.656809121704, 2439.852202708435, 2612.379498147583, 2732.118399520874, 3053.6347150695797, 3040.7162825195314, 3071.4956817993166, 2843.8522471618653, 3003.694307493591, 3110.003919417572, 3032.1639295783993, 3086.51190763855, 3158.630257759094, 3006.717, 3092.3953500000002, 3278.213206575012, 3430.7110623519898, 3273.2204678970334, 3363.811467599487, 3504.25104750061, 3590.144278405762, 3271.8112122711177, 3528.4242215942386, 3551.399483596802, 3668.019941387177, 3510.87044151535, 3531.911587303162, 3502.6579667739866, 3658.129632011414, 3644.953772149658, 3703.266781846619, 3979.3628195205692, 3963.9280000000003, 4374.106692324829]
shares:[0, 1.2915, 2.4803, 3.7259, 4.9782, 6.1905, 7.4272, 8.5403, 9.5915, 10.5989, 11.5918, 12.5779, 13.5329, 14.4468, 15.2846, 16.0505, 16.7104, 17.4247, 18.2076, 18.9857, 19.7414, 20.4914, 21.1852, 21.9056, 22.6428, 23.468, 24.2762, 25.0827, 25.9381, 26.8066, 27.683, 28.6354, 29.5923, 30.5234, 31.4398, 32.4306, 33.4242, 34.406, 35.3918, 36.5076, 37.5724, 38.661, 39.7445, 40.9097, 42.1017, 43.339, 44.557, 45.8139, 47.0854, 48.2991, 49.5491, 50.7084]
growth_rate:-14.23
