ticker:ALLO
price:[33.029998779296875, 32.380001068115234, 38.0, 37.02000045776367, 36.58000183105469, 41.540000915527344, 39.22999954223633, 36.29999923706055, 33.91999816894531, 27.799999237060547, 32.06999969482422, 31.229999542236328, 31.520000457763672, 33.650001525878906, 27.420000076293945, 27.139999389648438, 27.329999923706055, 25.239999771118164, 27.8700008392334, 32.38999938964844, 30.760000228881836, 34.70000076293945, 35.220001220703125, 34.72999954223633, 34.720001220703125, 34.709999084472656, 34.0, 38.47999954223633, 37.0099983215332, 33.779998779296875, 34.93000030517578, 32.81999969482422, 32.5099983215332, 34.41999816894531, 30.920000076293945, 30.020000457763672, 27.5, 26.020000457763672, 25.700000762939453, 23.809999465942383, 26.100000381469727, 24.479999542236328, 24.18000030517578, 26.280000686645508, 24.100000381469727, 22.6299991607666, 22.049999237060547, 21.950000762939453, 23.399999618530273, 21.440000534057617, 23.450000762939453, 24.399999618530273]
assets:[0, 99.99915729866028, 217.3562, 311.7491258548736, 408.0426044250488, 563.3696464164733, 632.0423686248779, 684.8357856063843, 739.9342320571899, 706.431340612793, 914.9378492935181, 990.9716074745179, 1100.1740959777833, 1274.5207277938841, 1138.5551791679381, 1226.9288084075927, 1335.5187082717896, 1333.3888039085389, 1572.327902346611, 1927.3312846817016, 1930.3407383634567, 2277.593540076828, 2411.724803588867, 2478.17300933609, 2577.460122619629, 2676.717115397644, 2721.9652, 3180.625930162811, 3159.121642728424, 2983.4123341888426, 3184.980301826477, 3092.585905243683, 3163.3756336772917, 3449.2280165100096, 3198.494671892166, 3205.3945548778534, 3036.32175, 2972.9125503017426, 3036.352290138245, 2913.0558136602403, 3293.2275781328203, 3188.8210443706516, 3249.741263014984, 3631.977562896538, 3430.695304303169, 3321.4366588245393, 3336.3082095623017, 3421.177603913498, 3747.17765891304, 3533.3120880126958, 3964.560308985901, 4225.172253943634]
shares:[0, 3.0883, 5.7199, 8.4211, 11.1548, 13.5621, 16.1112, 18.866, 21.8141, 25.4112, 28.5294, 31.7314, 34.904, 37.8758, 41.5228, 45.2074, 48.8664, 52.8284, 56.4165, 59.5039, 62.7549, 65.6367, 68.476, 71.3554, 74.2356, 77.1166, 80.0578, 82.6566, 85.3586, 88.3189, 91.1818, 94.2287, 97.3047, 100.21, 103.4442, 106.7753, 110.4117, 114.2549, 118.146, 122.3459, 126.1773, 130.2623, 134.3979, 138.2031, 142.3525, 146.7714, 151.3065, 155.8623, 160.1358, 164.8, 169.0644, 173.1628]
growth_rate:-17.15
