ticker:ALLT
price:[9.180000305175781, 9.470000267028809, 9.789999961853027, 8.680000305175781, 8.90999984741211, 9.84000015258789, 10.079999923706055, 10.180000305175781, 9.130000114440918, 10.0600004196167, 10.699999809265137, 9.890000343322754, 9.920000076293945, 10.220000267028809, 10.069999694824219, 11.710000038146973, 11.210000038146973, 10.520000457763672, 14.390000343322754, 13.550000190734863, 14.569999694824219, 12.90999984741211, 13.800000190734863, 15.0, 15.880000114440918, 14.550000190734863, 14.300000190734863, 15.930000305175781, 15.210000038146973, 15.220000267028809, 16.579999923706055, 19.0, 17.75, 18.1299991607666, 18.43000030517578, 18.110000610351562, 17.079999923706055, 18.18000030517578, 19.280000686645508, 18.809999465942383, 19.3799991607666, 20.219999313354492, 19.15999984741211, 19.649999618530273, 19.329999923706055, 18.030000686645508, 17.420000076293945, 18.899999618530273, 18.43000030517578, 16.270000457763672, 15.869999885559082, 16.530000686645508]
assets:[0, 100.0003618197441, 203.37941720752715, 280.3197418556213, 387.74715535964964, 528.21908019104, 641.1021071475983, 747.4624504074096, 770.3665846562385, 948.8381135773658, 1109.2015702277183, 1125.233800061512, 1228.6465694494248, 1365.8028796857834, 1445.7569051856995, 1781.2127898025512, 1805.1575161428452, 1794.046162065506, 2554.0236009349824, 2504.93569026041, 2793.4987564888, 2575.2273835624696, 2852.7608794290545, 3200.8275, 3488.608941141033, 3296.4276732126236, 3339.787924546433, 3820.477636190033, 3747.800286399555, 3850.2643475513455, 4294.309512239456, 5021.1034, 4790.7676, 4993.329921859931, 5175.955005706787, 5186.0848127838135, 4991.127825705337, 5412.569688857269, 5840.06259199028, 5797.695156390572, 6073.383594997596, 6436.626315420342, 6199.1968746303555, 6457.736574634551, 6452.572403532219, 6118.617761018371, 6011.608928328896, 6622.353856337166, 6557.670558586121, 5889.110516692734, 5844.325832855701, 6187.379270019722]
shares:[0, 10.5597, 20.7742, 32.2949, 43.5182, 53.6808, 63.6014, 73.4246, 84.3775, 94.3179, 103.6637, 113.7749, 123.8555, 133.6402, 143.5707, 152.1104, 161.031, 170.5367, 177.486, 184.8661, 191.7295, 199.4754, 206.7218, 213.3885, 219.6857, 226.5586, 233.5516, 239.8291, 246.4037, 252.974, 259.0054, 264.2686, 269.9024, 275.4181, 280.844, 286.3658, 292.2206, 297.7211, 302.9078, 308.2241, 313.3841, 318.3297, 323.5489, 328.638, 333.8113, 339.3576, 345.0981, 350.3891, 355.815, 361.9613, 368.2625, 374.3121]
growth_rate:21.32
