ticker:ALNA
price:[1.159999966621399, 1.100000023841858, 1.3700000047683716, 1.2300000190734863, 1.5099999904632568, 1.5700000524520874, 1.5499999523162842, 1.3899999856948853, 1.25, 1.2899999618530273, 1.5099999904632568, 1.3700000047683716, 1.4600000381469727, 1.2899999618530273, 1.309999942779541, 1.2999999523162842, 1.3600000143051147, 1.2799999713897705, 1.3600000143051147, 1.4800000190734863, 1.6799999475479126, 1.7000000476837158, 2.0299999713897705, 2.049999952316284, 1.909999966621399, 1.6799999475479126, 1.4700000286102295, 1.7100000381469727, 1.659999966621399, 1.4299999475479126, 1.3799999952316284, 1.2999999523162842, 1.1200000047683716, 1.149999976158142, 1.2000000476837158, 1.149999976158142, 1.100000023841858, 1.190000057220459, 1.090000033378601, 1.159999966621399, 1.2699999809265137, 1.2699999809265137, 1.3700000047683716, 1.3200000524520874, 1.2200000286102295, 0.8450000286102295, 0.7749999761581421, 0.9430000185966492, 0.949999988079071, 0.9900000095367432, 0.8460000157356262, 0.9700000286102295]
assets:[0, 100.00001216744184, 224.5454667815447, 301.5992026768684, 470.25597502999307, 588.9417166759372, 681.439189036417, 711.0970266817808, 739.4757500000001, 863.1389744758607, 1110.3410449873925, 1107.39552685436, 1280.1440934476852, 1231.0861795951844, 1350.1727940248013, 1439.8661671860218, 1606.32158489604, 1611.832027972746, 1812.5715710654736, 2072.504410709381, 2452.5724514270546, 2581.769842416692, 3182.936831140614, 3314.2958079083205, 3187.9536312882547, 2904.0638693308233, 2641.056000402188, 3172.248772767067, 3179.492888068056, 2838.9607348675368, 2839.696508187878, 2775.076358210802, 2490.835098604667, 2657.5538049034594, 2873.099754166722, 2853.3870708434342, 2829.3268913240076, 3160.8173429860594, 2995.202371720791, 3287.5546294017436, 3699.3056014420035, 3799.3056539401528, 4198.463654613018, 4145.235236716842, 3931.202188190651, 2822.840895576477, 2688.9959497765662, 3371.901008896351, 3496.930956119299, 3744.1702350678684, 3299.5636777719856, 3883.187728534937]
shares:[0, 90.9091, 163.9018, 245.2026, 311.4278, 375.1221, 439.6382, 511.5806, 591.5806, 669.1, 735.3252, 808.3179, 876.811, 954.3304, 1030.6663, 1107.5894, 1181.1188, 1259.2438, 1332.7732, 1400.3408, 1459.8646, 1518.6881, 1567.9492, 1616.7297, 1669.0857, 1728.6095, 1796.6367, 1855.1162, 1915.3572, 1985.2873, 2057.7511, 2134.6742, 2223.9599, 2310.9164, 2394.2497, 2481.2062, 2572.1153, 2656.1489, 2747.892, 2834.0989, 2912.8391, 2991.5793, 3064.572, 3140.3296, 3222.2968, 3340.64, 3469.6723, 3575.7168, 3680.98, 3781.9901, 3900.1934, 4003.2862]
growth_rate:-23.86
