ticker:ALNY
price:[122.83000183105469, 122.44000244140625, 132.25999450683594, 138.30999755859375, 135.67999267578125, 147.0, 145.39999389648438, 131.83999633789062, 122.97000122070312, 130.72999572753906, 135.50999450683594, 124.69999694824219, 129.86000061035156, 129.55999755859375, 129.64999389648438, 142.38999938964844, 137.55999755859375, 129.97000122070312, 146.66000366210938, 166.36000061035156, 172.3800048828125, 150.47999572753906, 165.11000061035156, 157.9199981689453, 155.05999755859375, 148.10000610351562, 143.38999938964844, 142.1999969482422, 144.16000366210938, 136.25, 141.80999755859375, 138.22999572753906, 138.8800048828125, 136.72000122070312, 140.63999938964844, 131.3000030517578, 135.6999969482422, 140.05999755859375, 141.99000549316406, 145.60000610351562, 165.02000427246094, 176.88999938964844, 175.38999938964844, 171.42999267578125, 176.74000549316406, 177.5399932861328, 182.41000366210938, 178.94000244140625, 195.22999572753906, 196.5399932861328, 197.77999877929688, 203.92999267578125]
assets:[0, 99.99674999389649, 208.01851936035155, 317.5320923950195, 411.4902817871094, 545.8257, 639.8908331390381, 680.2152771057129, 734.4506292907714, 880.7933462142944, 1013.0049639358521, 1032.1917547393798, 1174.9083555221557, 1272.1884840270995, 1373.0712253601075, 1607.9960241073609, 1653.457414654541, 1662.2253366119385, 1975.6715753326416, 2341.0512005889896, 2525.763545544434, 2304.8719985595703, 2628.9639847183225, 2614.476113685608, 2667.124994006348, 2647.406089105225, 2663.2111366638183, 2741.1040211730956, 2878.8896891326904, 2820.92, 3036.038599731445, 3059.389203439331, 3173.769199584961, 3224.4045087890627, 3416.848785171509, 3289.9316564666747, 3500.1778712844853, 3712.6403852844237, 3863.803631478882, 4062.036330279541, 4703.82921378479, 5142.174593257141, 5198.577120909119, 5181.197240637207, 5441.683377130127, 5566.322639503479, 5819.006803823852, 5808.303009246826, 6437.064850129699, 6580.2572452163695, 6721.770816513062, 7030.792392486573]
shares:[0, 0.8167, 1.5728, 2.2958, 3.0328, 3.7131, 4.4009, 5.1594, 5.9726, 6.7375, 7.4755, 8.2774, 9.0475, 9.8193, 10.5906, 11.2929, 12.0199, 12.7893, 13.4711, 14.0722, 14.6523, 15.3168, 15.9225, 16.5557, 17.2006, 17.8758, 18.5732, 19.2764, 19.9701, 20.704, 21.4092, 22.1326, 22.8526, 23.584, 24.295, 25.0566, 25.7935, 26.5075, 27.2118, 27.8986, 28.5046, 29.0699, 29.6401, 30.2234, 30.7892, 31.3525, 31.9007, 32.4595, 32.9717, 33.4805, 33.9861, 34.4765]
growth_rate:37.86
