ticker:ALOT
price:[6.929999828338623, 7.320000171661377, 7.989999771118164, 7.789999961853027, 8.079999923706055, 7.900000095367432, 7.920000076293945, 8.3100004196167, 7.900000095367432, 8.319999694824219, 8.699999809265137, 9.819999694824219, 10.0, 12.0, 10.989999771118164, 10.5, 10.3100004196167, 10.649999618530273, 10.25, 10.399999618530273, 10.529999732971191, 10.75, 11.029999732971191, 11.239999771118164, 11.140000343322754, 11.15999984741211, 11.5, 11.550000190734863, 12.3100004196167, 14.199999809265137, 13.680000305175781, 14.739999771118164, 15.170000076293945, 17.8700008392334, 14.65999984741211, 15.100000381469727, 15.3100004196167, 16.889999389648438, 16.25, 15.710000038146973, 14.75, 14.140000343322754, 13.550000190734863, 14.020000457763672, 14.220000267028809, 14.489999771118164, 15.199999809265137, 16.049999237060547, 15.75, 15.670000076293945, 15.079999923706055, 15.25]
assets:[0, 99.9999863451004, 209.15262600860595, 303.91750051174165, 415.2311960792542, 505.9807861081123, 607.2620458498001, 737.1651792234421, 800.7945696670532, 943.3681573974609, 1086.4551061810494, 1326.3205827819825, 1450.632, 1840.758, 1785.8277058076858, 1806.2047499999999, 1873.5209042522429, 2035.3054520978926, 2058.86215, 2188.9919197082518, 2316.3545922598837, 2464.74925, 2628.947492354965, 2779.000023410797, 2854.2764059657097, 2959.4009475368503, 3149.5625, 3263.256203888893, 3577.981636964321, 4227.32290321846, 4172.519109081268, 4595.828748636246, 4829.900474290847, 5789.540741895676, 4849.561667523575, 5095.1146087173465, 5265.974159329891, 5909.425694451905, 5785.50375, 5693.247457824326, 5445.3474750000005, 5320.149677174568, 5198.163538171291, 5478.46939887619, 5656.620832222271, 5864.024661372757, 6251.357121555805, 6700.938881469727, 6675.6879, 6741.779348824311, 6587.940754669762, 6762.208375]
shares:[0, 13.6612, 26.1768, 39.0138, 51.39, 64.0482, 76.6745, 88.7082, 101.3664, 113.3856, 124.8799, 135.0632, 145.0632, 153.3965, 162.4957, 172.0195, 181.7188, 191.1085, 200.8646, 210.48, 219.9767, 229.279, 238.3452, 247.242, 256.2187, 265.1793, 273.875, 282.533, 290.6565, 297.6988, 305.0087, 311.793, 318.385, 323.981, 330.8023, 337.4248, 343.9565, 349.8772, 356.031, 362.3964, 369.1761, 376.2482, 383.6283, 390.761, 397.7933, 404.6946, 411.2735, 417.504, 423.8532, 430.2348, 436.8661, 443.4235]
growth_rate:32.59
