ticker:ALPN
price:[7.150000095367432, 7.590000152587891, 8.670000076293945, 8.180000305175781, 8.979999542236328, 8.489999771118164, 8.720000267028809, 7.880000114440918, 7.5, 7.949999809265137, 8.180000305175781, 7.800000190734863, 9.84000015258789, 9.869999885559082, 13.0, 14.569999694824219, 15.899999618530273, 12.600000381469727, 13.4399995803833, 13.15999984741211, 13.119999885559082, 12.869999885559082, 13.109999656677246, 12.449999809265137, 11.34000015258789, 11.720000267028809, 12.949999809265137, 13.329999923706055, 12.75, 10.979999542236328, 10.779999732971191, 11.329999923706055, 11.0, 12.069999694824219, 13.270000457763672, 12.0, 11.829999923706055, 11.970000267028809, 10.65999984741211, 9.649999618530273, 8.8100004196167, 9.199999809265137, 9.729999542236328, 8.859999656677246, 8.829999923706055, 8.220000267028809, 8.579999923706055, 8.84000015258789, 8.859999656677246, 9.25, 9.050000190734863, 9.5]
assets:[0, 99.99977001037598, 214.22876588516235, 302.1209492713928, 431.66857799530027, 508.11460030174254, 621.87989904356, 661.9743816138267, 730.0514999999999, 873.8544390346527, 999.135503275299, 1052.7207857423782, 1428.0477341445924, 1532.4013772320748, 2118.3604, 2474.192842176819, 2800.045582821846, 2318.904070205688, 2573.497839651585, 2619.8835576229094, 2711.9210323449133, 2760.2456064557077, 2911.719124748325, 2865.133396105957, 2709.6873664608, 2900.487934084797, 3304.8904563237193, 3501.868293957138, 3449.498475, 3070.6271439834595, 3114.6955068466186, 3373.6083142827983, 3375.3478, 3803.676939828491, 4281.839009706879, 3972.0468, 4015.776284101486, 4163.30015687561, 3807.6677314968106, 3546.9036797889707, 3338.1576139950753, 3585.9308456563, 3892.511614870453, 3644.4660567778587, 3732.125736753273, 3574.300250112057, 3830.8386919359205, 4046.9246658542634, 4156.080534952926, 4439.0232000000005, 4443.044198640156, 4763.9688]
shares:[0, 13.1752, 24.7092, 36.9341, 48.07, 59.8486, 71.3165, 84.0069, 97.3402, 109.9188, 122.1437, 134.9642, 145.1268, 155.2585, 162.9508, 169.8142, 176.1035, 184.04, 191.4805, 199.0793, 206.7013, 214.4713, 222.0991, 230.1312, 238.9495, 247.4819, 255.2039, 262.7058, 270.5489, 279.6564, 288.9328, 297.7589, 306.8498, 315.1348, 322.6706, 331.0039, 339.457, 347.8112, 357.1921, 367.5548, 378.9055, 389.7751, 400.0526, 411.3393, 422.6643, 434.8297, 446.4847, 457.7969, 469.0836, 479.8944, 490.9441, 501.4704]
growth_rate:-6.59
