ticker:ALRM
price:[58.689998626708984, 55.935001373291016, 54.08000183105469, 55.040000915527344, 57.130001068115234, 60.540000915527344, 60.619998931884766, 60.29999923706055, 58.33000183105469, 73.1500015258789, 70.0199966430664, 69.45999908447266, 74.41999816894531, 79.80000305175781, 77.8499984741211, 93.54000091552734, 98.87999725341797, 103.44999694824219, 105.08000183105469, 97.61000061035156, 97.0, 92.91999816894531, 102.12000274658203, 103.7699966430664, 99.29000091552734, 87.87999725341797, 86.63999938964844, 87.23999786376953, 86.52999877929688, 87.12999725341797, 87.52999877929688, 88.77999877929688, 94.9000015258789, 93.16000366210938, 89.76000213623047, 85.06999969482422, 82.51000213623047, 79.81999969482422, 81.87999725341797, 79.87000274658203, 82.5999984741211, 83.29000091552734, 86.30000305175781, 86.30999755859375, 86.87000274658203, 80.0, 82.18000030517578, 83.22000122070312, 90.27999877929688, 83.86000061035156, 79.5, 83.70999908447266]
assets:[0, 100.00059545516969, 196.68355865936277, 300.17715699310304, 411.57595369491577, 536.1422481079102, 636.8494607788085, 733.4891907196045, 809.5270974121094, 1115.2083482627868, 1167.4924180274963, 1258.1567474166868, 1447.997346372986, 1652.6740232025147, 1712.2873614387513, 2157.3878731155396, 2380.545821875763, 2590.574133578491, 2731.3970275955203, 2637.2269964904785, 2720.7433, 2706.304238670349, 3074.2511986839295, 3223.9262557067873, 3184.746637365723, 2918.767136777496, 2977.582851023865, 3098.2063881347653, 3172.994484237671, 3294.9951061325073, 3410.1249874420164, 3558.826153067017, 3904.148102774048, 3932.5632345886233, 3889.040588556671, 3785.8361684188844, 3771.9117436569213, 3748.937853666687, 3945.690623645782, 3948.828844792938, 4183.8055627120975, 4318.753127471923, 4574.823571775818, 4675.352150750732, 4805.683299942017, 4525.632, 4748.952113635254, 4909.048008007812, 5425.511946640015, 5139.695577407837, 4972.47855, 5335.800906642914]
shares:[0, 1.7878, 3.6369, 5.4538, 7.2042, 8.856, 10.5056, 12.164, 13.8784, 15.2455, 16.6737, 18.1134, 19.4571, 20.7102, 21.9947, 23.0638, 24.0751, 25.0418, 25.9935, 27.018, 28.0489, 29.1251, 30.1043, 31.068, 32.0752, 33.2131, 34.3673, 35.5136, 36.6693, 37.817, 38.9595, 40.0859, 41.1396, 42.213, 43.3271, 44.5026, 45.7146, 46.9674, 48.1887, 49.4407, 50.6514, 51.852, 53.0107, 54.1693, 55.3204, 56.5704, 57.7872, 58.9888, 60.0965, 61.289, 62.5469, 63.7415]
growth_rate:4.62
