ticker:ALRN
price:[1.159999966621399, 1.1799999475479126, 1.3600000143051147, 1.2699999809265137, 1.159999966621399, 1.5499999523162842, 1.909999966621399, 1.899999976158142, 1.149999976158142, 1.1299999952316284, 1.0499999523162842, 1.0700000524520874, 1.090000033378601, 1.0499999523162842, 1.0099999904632568, 0.9900000095367432, 1.1299999952316284, 1.0399999618530273, 1.350000023841858, 1.840000033378601, 1.9800000190734863, 1.8300000429153442, 2.190000057220459, 2.009999990463257, 1.840000033378601, 1.5199999809265137, 1.3600000143051147, 1.6299999952316284, 1.659999966621399, 1.5, 1.4299999475479126, 1.340000033378601, 1.2100000381469727, 1.2100000381469727, 1.190000057220459, 1.190000057220459, 1.059999942779541, 1.2200000286102295, 1.2300000190734863, 1.2899999618530273, 1.3700000047683716, 1.2000000476837158, 1.399999976158142, 1.2400000095367432, 1.2000000476837158, 1.0499999523162842, 1.0399999618530273, 1.0299999713897705, 1.0199999809265137, 1.0700000524520874, 1.0199999809265137, 1.1200000047683716]
assets:[0, 100.0000395549059, 215.25427426414493, 301.00955347929, 374.9378572112918, 600.9945015111923, 840.5802893102646, 936.1793882524967, 666.6348611792922, 755.0412498138785, 801.5869735974788, 916.8553319448351, 1033.9927796635152, 1096.0480152251005, 1154.293841100788, 1231.4365588625192, 1505.5791106467605, 1485.6656335061073, 2028.508415824747, 2864.7817959686995, 3182.754396659708, 3041.636666329444, 3739.991431718731, 3532.5946812390807, 3333.818044477272, 2854.0235561867235, 2653.6000679118038, 3280.4176964035273, 3440.79348281393, 3209.15085, 3159.3904041142464, 3060.5478822364207, 2863.6290452799794, 2963.629014432621, 3014.6434479573727, 3114.643436765814, 2874.387958836031, 3408.258081927085, 3536.1945818354134, 3808.6917343720434, 4144.889804426551, 3730.56050823915, 4452.320384177435, 4043.483915098119, 4013.049039464235, 3611.417610994458, 3677.02313712759, 3741.667197068, 3805.3403468420506, 4091.8768665864227, 4000.667385189533, 4492.8897631283635]
shares:[0, 84.7458, 158.2752, 237.0154, 323.2223, 387.7384, 440.0944, 492.726, 579.6825, 668.1781, 763.4162, 856.8741, 948.6172, 1043.8553, 1142.8652, 1243.8753, 1332.3709, 1428.5247, 1502.5988, 1556.9466, 1607.4517, 1662.0965, 1707.7586, 1757.5098, 1811.8576, 1877.6471, 1951.1765, 2012.5262, 2072.7672, 2139.4339, 2209.364, 2283.9909, 2366.6355, 2449.2801, 2533.3137, 2617.3473, 2711.6869, 2793.6541, 2874.9549, 2952.4743, 3025.467, 3108.8003, 3180.2289, 3260.8741, 3344.2074, 3439.4455, 3535.5993, 3632.6867, 3730.7259, 3824.1838, 3922.223, 4011.5087]
growth_rate:-11.9
