ticker:ALRS
price:[21.100000381469727, 21.940000534057617, 22.1200008392334, 18.719999313354492, 20.6299991607666, 22.149999618530273, 21.799999237060547, 22.360000610351562, 21.510000228881836, 21.809999465942383, 24.309999465942383, 24.809999465942383, 25.06999969482422, 24.979999542236328, 25.829999923706055, 28.75, 27.100000381469727, 27.3700008392334, 29.459999084472656, 29.010000228881836, 28.479999542236328, 24.059999465942383, 26.75, 27.270000457763672, 28.219999313354492, 27.510000228881836, 30.309999465942383, 33.40999984741211, 34.25, 31.5, 30.899999618530273, 31.309999465942383, 30.8700008392334, 30.649999618530273, 28.75, 29.540000915527344, 32.08000183105469, 32.02000045776367, 32.95000076293945, 33.099998474121094, 32.75, 33.29999923706055, 32.599998474121094, 29.579999923706055, 29.059999465942383, 29.100000381469727, 28.979999542236328, 27.950000762939453, 29.18000030517578, 29.399999618530273, 27.030000686645508, 30.25]
assets:[0, 100.00032843418121, 200.82085161914824, 269.95362209815977, 397.4967608297348, 526.784580927658, 618.4616183555603, 734.3493760452271, 806.4335695810319, 917.6818995288849, 1122.871582332039, 1245.9656161794662, 1359.0221204566956, 1454.1432273525238, 1603.6245492633818, 1884.910375, 1876.7319364175796, 1995.4290701848984, 2247.800876145172, 2313.4662902526857, 2371.199193887329, 2103.1976353155137, 2438.3427500000003, 2585.741443405151, 2775.8207244590762, 2805.981509345627, 3191.5762617649075, 3617.99895247612, 3808.96305, 3603.1338, 3634.5012151309966, 3782.7269784776686, 3829.5686931108476, 3902.2751964323043, 3760.3735, 3963.7009548461915, 4404.520091400146, 4496.280484279632, 4726.872014448167, 4848.388476493836, 4897.120599999999, 5079.362103626251, 5072.589102571868, 4702.675715870666, 4720.006481256866, 4826.5027832702635, 4906.6008244960785, 4832.211346902847, 5144.862999806976, 5283.653271443749, 4957.726496941566, 5648.325374999999]
shares:[0, 4.5579, 9.0787, 14.4206, 19.2679, 23.7826, 28.3698, 32.8421, 37.4911, 42.0762, 46.1897, 50.2203, 54.2091, 58.2123, 62.0838, 65.5621, 69.2521, 72.9057, 76.3001, 79.7472, 83.2584, 87.4147, 91.153, 94.82, 98.3636, 101.9986, 105.2978, 108.2909, 111.2106, 114.3852, 117.6214, 120.8153, 124.0547, 127.3173, 130.7956, 134.1808, 137.298, 140.421, 143.4559, 146.477, 149.5304, 152.5334, 155.6009, 158.9816, 162.4228, 165.8592, 169.3099, 172.8877, 176.3147, 179.7161, 183.4157, 186.7215]
growth_rate:10.75
