ticker:ALT
price:[12.430000305175781, 12.09000015258789, 14.119999885559082, 12.920000076293945, 12.970000267028809, 12.369999885559082, 12.970000267028809, 12.0, 11.449999809265137, 12.449999809265137, 10.130000114440918, 9.319999694824219, 10.520000457763672, 12.329999923706055, 11.970000267028809, 12.470000267028809, 11.449999809265137, 11.279999732971191, 14.119999885559082, 12.930000305175781, 14.350000381469727, 14.279999732971191, 18.360000610351562, 22.219999313354492, 22.93000030517578, 15.9399995803833, 12.9399995803833, 16.760000228881836, 16.420000076293945, 13.850000381469727, 14.0, 12.899999618530273, 12.270000457763672, 12.4399995803833, 14.470000267028809, 13.270000457763672, 13.380000114440918, 14.010000228881836, 12.649999618530273, 12.949999809265137, 14.369999885559082, 15.979999542236328, 16.079999923706055, 9.34000015258789, 9.210000038146973, 8.789999961853027, 8.880000114440918, 9.069999694824219, 10.25, 12.020000457763672, 12.680000305175781, 14.6899995803833]
assets:[0, 100.00001826210023, 216.79141824293137, 298.3667297618866, 399.5214032254219, 481.0396075496673, 604.3721814429283, 659.172, 728.9596578569412, 892.6239013249398, 826.2879013347625, 860.2173318328857, 1070.9749706020357, 1355.2396116142272, 1415.6703855810165, 1574.803911722374, 1545.9904242467878, 1623.0362975782396, 2131.6737907230377, 2052.022080432129, 2377.378913198471, 2465.781817891121, 3270.2906527160644, 4057.8362726041796, 4287.497317062378, 3080.4925889067654, 2600.726405663967, 3468.4837233671187, 3498.1201002536773, 3050.6066240226746, 3183.6462, 3033.5019902954105, 2985.354915376282, 3126.716766531944, 3736.944130961418, 3527.0387296691893, 3656.275027272606, 3928.4320841789245, 3647.0847050195694, 3833.5767885369305, 4353.937525325775, 4941.747742438507, 5072.672351931953, 3046.4399917697906, 3104.03802385664, 3062.4860897093777, 3193.8430011606215, 3362.1799548736576, 3899.5971250000002, 4672.991537963867, 5029.5779130493165, 5926.853672700691]
shares:[0, 8.2713, 15.3535, 23.0934, 30.8035, 38.8876, 46.5977, 54.931, 63.6646, 71.6967, 81.5684, 92.298, 101.8037, 109.914, 118.2682, 126.2874, 135.021, 143.8862, 150.9684, 158.7024, 165.671, 172.6738, 178.1204, 182.6209, 186.982, 193.2555, 200.9835, 206.9501, 213.0402, 220.2604, 227.4033, 235.1552, 243.3052, 251.3438, 258.2546, 265.7904, 273.2642, 280.402, 288.3071, 296.0291, 302.988, 309.2458, 315.4647, 326.1713, 337.0291, 348.4057, 359.667, 370.6924, 380.4485, 388.768, 396.6544, 403.4618]
growth_rate:16.21
