ticker:ALTA
price:[20.700000762939453, 20.360000610351562, 21.670000076293945, 19.290000915527344, 20.989999771118164, 21.969999313354492, 22.260000228881836, 23.25, 21.770000457763672, 22.739999771118164, 26.719999313354492, 26.860000610351562, 27.43000030517578, 28.100000381469727, 29.850000381469727, 26.299999237060547, 27.65999984741211, 27.920000076293945, 29.0, 31.100000381469727, 33.0, 32.209999084472656, 34.16999816894531, 34.61000061035156, 35.33000183105469, 34.41999816894531, 36.720001220703125, 38.630001068115234, 42.130001068115234, 42.59000015258789, 42.45000076293945, 42.349998474121094, 43.4900016784668, 43.25, 41.75, 41.880001068115234, 43.13999938964844, 46.22999954223633, 46.0, 46.0099983215332, 45.630001068115234, 41.86000061035156, 44.09000015258789, 43.31999969482422, 42.65999984741211, 40.95000076293945, 40.20000076293945, 40.38999938964844, 42.38999938964844, 41.849998474121094, 41.88999938964844, 42.0099983215332]
assets:[0, 100.00017899780273, 206.43492172679902, 283.76170046768186, 408.7697505426407, 527.8555975025176, 634.8240425273896, 763.0580249999999, 814.4853811264039, 950.7753084302901, 1217.1814727210997, 1323.5587620758058, 1451.6449901504516, 1587.102071545601, 1785.9434328235625, 1673.54522145195, 1860.085201738739, 1977.5708134038923, 2154.0678, 2410.0509895614623, 2657.2887, 2693.6739084358214, 2957.584191513062, 3095.667277592468, 3260.068852960205, 3276.0988677200316, 3595.0129675109865, 3882.0099303371426, 4333.7320508724215, 4481.051499054337, 4566.321112068939, 4655.564977259064, 4880.887237374496, 4953.95015, 4882.13645, 4997.339503453064, 5247.687573754883, 5723.565192325973, 5795.089199999999, 5896.346920898438, 5947.647052223587, 5556.245321014405, 5952.242609599686, 5948.29081809616, 5957.665214690399, 5818.855878411102, 5812.284950308991, 5939.757349241639, 6333.875557801818, 6353.18967835846, 6459.261967886352, 6577.765899192047]
shares:[0, 4.9116, 9.5263, 14.7103, 19.4745, 24.0262, 28.5186, 32.8197, 37.4132, 41.8107, 45.5532, 49.2762, 52.9218, 56.4805, 59.8306, 63.6329, 67.2482, 70.8299, 74.2782, 77.4936, 80.5239, 83.6285, 86.555, 89.4443, 92.2748, 95.1801, 97.9034, 100.4921, 102.8657, 105.2137, 107.5694, 109.9307, 112.2301, 114.5422, 116.9374, 119.3252, 121.6432, 123.8063, 125.9802, 128.1536, 130.3451, 132.734, 135.0021, 137.3105, 139.6546, 142.0966, 144.5842, 147.0601, 149.4191, 151.8086, 154.1958, 156.5762]
growth_rate:28.98
