ticker:ALTM
price:[12.899999618530273, 11.989999771118164, 11.979999542236328, 11.100000381469727, 10.800000190734863, 10.4399995803833, 10.0600004196167, 10.069999694824219, 9.649999618530273, 29.25, 33.380001068115234, 37.36000061035156, 40.0, 49.65999984741211, 45.9900016784668, 47.5099983215332, 48.06999969482422, 47.459999084472656, 47.709999084472656, 51.90999984741211, 47.7599983215332, 47.43000030517578, 54.7599983215332, 53.540000915527344, 52.4900016784668, 52.939998626708984, 53.869998931884766, 59.220001220703125, 53.25, 53.77000045776367, 54.06999969482422, 54.66999816894531, 53.810001373291016, 57.13999938964844, 60.0, 66.0, 63.7400016784668, 66.5199966430664, 62.97999954223633, 67.27999877929688, 68.54000091552734, 68.18000030517578, 70.68000030517578, 69.43000030517578, 65.0, 62.720001220703125, 66.0199966430664, 63.849998474121094, 65.51000213623047, 67.61000061035156, 64.16999816894531, 65.48999786376953]
assets:[0, 100.00019509105681, 199.91624236106873, 285.2311598024368, 377.5226466672898, 464.9380733126641, 548.0155048584938, 648.5603443450927, 721.5102064783096, 2286.960975, 2709.8719367122653, 3132.9797631835936, 3454.368, 4388.5982005153655, 4164.270478980637, 4401.901115486527, 4553.786439089966, 4595.9978353408815, 4720.207843421936, 5235.736022609711, 4917.1592831924445, 4983.185552062988, 5853.307172588348, 5822.903419570923, 5808.706304744339, 5958.50272543335, 6163.174998798751, 6875.258559719849, 6282.1581, 6443.506496855926, 6579.45924986496, 6752.471884840393, 6746.251349171829, 7263.73957441101, 7727.3099999999995, 8600.0442, 8405.55974534378, 8872.16442026596, 8500.01376421852, 9180.355833435058, 9452.282986259459, 9502.635268534088, 9951.072582965851, 9875.084487405395, 9345.0045, 9117.211441445923, 9696.911474938965, 9478.187483491516, 9824.607081372833, 10239.548114437866, 9818.561581832886, 10120.536113876342]
shares:[0, 8.3403, 16.6875, 25.6965, 34.9558, 44.5343, 54.4747, 64.4052, 74.7679, 78.1867, 81.1825, 83.8592, 86.3592, 88.3729, 90.5473, 92.6521, 94.7324, 96.8394, 98.9354, 100.8618, 102.9556, 105.064, 106.8902, 108.758, 110.6631, 112.552, 114.4083, 116.0969, 117.9748, 119.8346, 121.6841, 123.5133, 125.3717, 127.1218, 128.7885, 130.3037, 131.8726, 133.3759, 134.9637, 136.45, 137.909, 139.3757, 140.7905, 142.2308, 143.7693, 145.3637, 146.8784, 148.4446, 149.9711, 151.4502, 153.0086, 154.5356]
growth_rate:98.44
