ticker:ALTO
price:[4.21999979019165, 4.630000114440918, 7.099999904632568, 6.559999942779541, 7.46999979019165, 8.829999923706055, 10.149999618530273, 8.869999885559082, 6.090000152587891, 6.739999771118164, 5.730000019073486, 5.900000095367432, 6.690000057220459, 6.619999885559082, 5.920000076293945, 5.809999942779541, 6.010000228881836, 5.429999828338623, 6.230000019073486, 7.300000190734863, 6.78000020980835, 7.650000095367432, 7.46999979019165, 6.960000038146973, 6.480000019073486, 6.329999923706055, 5.920000076293945, 6.289999961853027, 5.619999885559082, 5.659999847412109, 5.239999771118164, 4.940000057220459, 5.130000114440918, 5.559999942779541, 5.760000228881836, 5.179999828338623, 6.019999980926514, 6.670000076293945, 6.019999980926514, 6.090000152587891, 5.590000152587891, 6.139999866485596, 5.869999885559082, 5.579999923706055, 5.420000076293945, 5.159999847412109, 4.829999923706055, 4.460000038146973, 4.960000038146973, 4.889999866485596]
assets:[0, 100.00013147172928, 253.347876597023, 334.0791490859508, 480.4225785064697, 667.8888322292328, 867.7315873878479, 858.3037649261474, 689.2978852706909, 862.8682506980896, 833.5660227746963, 958.2968954898835, 1186.6113311492443, 1274.195069972801, 1239.461535973549, 1316.430949034977, 1461.746846668434, 1420.679634087324, 1729.9881462964534, 2127.1127455773353, 2075.592652229595, 2441.929755441904, 2484.4726282191273, 2414.8499652355194, 2348.3085909121037, 2393.949634146309, 2338.8913901424407, 2585.0723613223076, 2409.714888930607, 2526.8656138782503, 2439.359801449394, 2399.7018517959596, 2591.9982218227387, 2909.261074059486, 3113.910843735695, 2900.3570138843056, 3470.685305003643, 3945.4271061292643, 3660.9401804008485, 3803.5095952987667, 3591.2346670284273, 4044.5757100506303, 3966.719927665233, 3870.7488550762178, 3859.7598303314207, 3774.6049043800354, 3633.2056376104356, 3454.885509550095, 3942.204558319187, 3986.5684791524886]
shares:[0, 21.5983, 35.6828, 50.9267, 64.3136, 75.6386, 85.4908, 96.7648, 113.1852, 128.022, 145.474, 162.4232, 177.3709, 192.4766, 209.3685, 226.5802, 243.2191, 261.6353, 277.6867, 291.3853, 306.1346, 319.2065, 332.5934, 346.9612, 362.3933, 378.1911, 395.083, 410.9813, 428.7749, 446.4427, 465.5267, 485.7696, 505.2628, 523.2484, 540.6095, 559.9145, 576.5258, 591.5183, 608.1296, 624.55, 642.4391, 658.7257, 675.7615, 693.6826, 712.1328, 731.5126, 752.2165, 774.638, 794.7993, 815.2492]
growth_rate:-18.64
