ticker:ALTR
price:[39.93000030517578, 37.66999816894531, 41.93000030517578, 41.43000030517578, 43.0, 45.099998474121094, 46.279998779296875, 47.38999938964844, 43.029998779296875, 50.04999923706055, 49.0099983215332, 51.029998779296875, 53.18000030517578, 53.95500183105469, 56.5, 57.91999816894531, 59.209999084472656, 58.18000030517578, 60.5099983215332, 59.900001525878906, 59.75, 55.93000030517578, 64.63999938964844, 67.33999633789062, 63.08000183105469, 61.59000015258789, 58.439998626708984, 60.630001068115234, 61.400001525878906, 63.45000076293945, 63.31999969482422, 65.1500015258789, 63.29999923706055, 67.11000061035156, 65.0, 65.8499984741211, 66.0199966430664, 64.86000061035156, 67.37000274658203, 65.44999694824219, 65.48999786376953, 64.27999877929688, 69.56999969482422, 70.47000122070312, 69.08000183105469, 64.16999816894531, 68.05000305175781, 69.76000213623047, 71.66000366210938, 72.11000061035156, 73.62000274658203, 74.94999694824219]
assets:[0, 99.99877713928223, 211.30623653793336, 308.7860782745361, 420.4884, 541.0240916954041, 655.181314718628, 770.8931200714111, 799.9707073059083, 1030.4794342918394, 1109.0668560173035, 1254.7766399841307, 1407.6427000778199, 1528.1567258605958, 1700.23755, 1842.9680057373046, 1984.0145703224182, 2049.501052750397, 2231.5784830989837, 2309.079168820954, 2403.294375, 2349.6416848205563, 2815.550309414673, 3033.1550510498046, 2941.2754013778685, 2971.7975743625643, 2919.8084313869476, 3129.22348912735, 3268.9667812385555, 3478.1069668216705, 3570.982038789368, 3774.1851933952335, 3767.014604597092, 4093.7503032318114, 4065.0415, 4218.199447255706, 4329.089627877807, 4353.027052963256, 4621.481133411407, 4589.772665991211, 4692.581012931824, 4705.8808586334235, 5193.156982219696, 5360.335877853394, 5354.605089930725, 5074.018010215759, 5480.815295791625, 5718.541295116425, 5974.294505310059, 6111.812899731445, 6339.793898522186, 6554.324768125915]
shares:[0, 2.6546, 5.0395, 7.4532, 9.7788, 11.9961, 14.1569, 16.267, 18.591, 20.589, 22.6294, 24.589, 26.4694, 28.3228, 30.0927, 31.8192, 33.5081, 35.2269, 36.8795, 38.5489, 40.2225, 42.0104, 43.5574, 45.0424, 46.6277, 48.2513, 49.9625, 51.6118, 53.2405, 54.8165, 56.3958, 57.9307, 59.5105, 61.0006, 62.5391, 64.0577, 65.5724, 67.1142, 68.5985, 70.1264, 71.6534, 73.2091, 74.6465, 76.0655, 77.5131, 79.0715, 80.541, 81.9745, 83.37, 84.7568, 86.1151, 87.4493]
growth_rate:28.52
