ticker:ALTUU
price:[10.289999961853027, 10.220000267028809, 10.350000381469727, 10.350000381469727, 10.489999771118164, 10.539999961853027, 10.640000343322754, 10.800000190734863, 11.25, 11.350000381469727, 15.680000305175781, 12.979999542236328, 11.729999542236328, 11.869999885559082, 11.279999732971191, 11.180000305175781, 10.869999885559082, 10.869999885559082, 10.609999656677246, 10.5, 10.470000267028809, 10.399999618530273, 10.279999732971191, 10.380000114440918, 10.149999618530273, 10.109999656677246, 10.170000076293945, 10.100000381469727, 10.130000114440918, 10.175000190734863, 10.175000190734863, 9.960000038146973, 10.114999771118164, 10.10099983215332, 10.095000267028809, 10.199999809265137, 10.069999694824219, 10.050000190734863, 10.029999732971191]
assets:[0, 99.99963661279679, 201.27128241825105, 301.27091610393524, 405.3461791557312, 507.2786041640282, 612.0915557504654, 721.296372738552, 851.3505, 958.9184022289276, 1424.744411729431, 1279.4125948791504, 1256.2020139766694, 1371.1950857800484, 1403.0390787861825, 1490.6003726882936, 1549.2684736890792, 1649.2681246362686, 1709.8194816729547, 1792.09275, 1886.9725501256942, 1974.3567275810244, 2051.5754347091674, 2171.5323539414403, 2223.415271436882, 2314.6530803973196, 2428.3895672174453, 2511.6751648641584, 2619.1358415889736, 2730.770621189499, 2830.770523064041, 2870.9560669958114, 3015.634445262337, 3111.4604731973645, 3209.612460899353, 3342.9958774876595, 3400.3891609497073, 3493.635336304283, 3586.6827695117]
shares:[0, 9.7847, 19.4465, 29.1083, 38.6412, 48.1289, 57.5274, 66.7867, 75.6756, 84.4862, 90.8638, 98.568, 107.0931, 115.5177, 124.3829, 133.3274, 142.527, 151.7266, 161.1517, 170.6755, 180.2266, 189.842, 199.5696, 209.2035, 219.0557, 228.9469, 238.7797, 248.6807, 258.5524, 268.3804, 278.2084, 288.2486, 298.1349, 308.0349, 317.9408, 327.7447, 337.6752, 347.6254, 357.5955]
growth_rate:-5.61
