ticker:ALTU
price:[10.100000381469727, 10.279999732971191, 10.470000267028809, 13.529999732971191, 11.6899995803833, 10.649999618530273, 10.619999885559082, 10.239999771118164, 10.220000267028809, 10.039999961853027, 10.180000305175781, 10.0, 9.869999885559082, 9.960000038146973, 9.9399995803833, 9.789999961853027, 9.779999732971191, 9.760000228881836, 9.789999961853027, 9.8100004196167, 9.800000190734863, 9.789999961853027, 9.789999961853027, 9.779999732971191, 9.789999961853027, 9.779999732971191, 9.8100004196167, 9.770000457763672, 9.8100004196167, 9.789999961853027, 9.800000190734863, 9.779999732971191]
assets:[0, 99.99972540245057, 201.8479941479683, 360.84103387842174, 411.76854521942136, 475.1358879812241, 573.7975318167686, 653.2659053983688, 751.9896636480332, 838.7456128131867, 950.4414764923097, 1033.636, 1120.1985980114937, 1230.4135847125053, 1327.9431899409294, 1407.9038105140685, 1506.4651928681374, 1603.3845496009828, 1708.3128963435172, 1811.8030914987564, 1909.956337172985, 2008.0073121757507, 2108.007266786098, 2205.853511772347, 2308.1089920063973, 2405.7508383144377, 2513.130812497616, 2602.883464955521, 2713.540292070007, 2808.0079280585287, 2910.8764166536334, 3004.935235954571]
shares:[0, 9.7276, 19.2787, 26.6697, 35.224, 44.6137, 54.0299, 63.7955, 73.5802, 83.5404, 93.3636, 103.3636, 113.4953, 123.5355, 133.5959, 143.8104, 154.0353, 164.2812, 174.4957, 184.6894, 194.8935, 205.108, 215.3225, 225.5474, 235.7619, 245.9868, 256.1805, 266.4159, 276.6096, 286.8241, 297.0282, 307.2531]
growth_rate:-3.07
