ticker:ALTUW
price:[1.7000000476837158, 2.119999885559082, 2.049999952316284, 4.260000228881836, 3.0, 2.0999999046325684, 2.559999942779541, 2.0199999809265137, 1.8899999856948853, 1.690000057220459, 1.7400000095367432, 1.4600000381469727, 1.2999999523162842, 1.2200000286102295, 1.1100000143051147, 0.878000020980835, 0.8899999856948853, 0.7200000286102295, 0.7039999961853027, 0.800000011920929, 0.7900000214576721, 0.7699999809265137, 0.8199999928474426, 0.8500000238418579, 0.800000011920929, 0.8100000023841858, 0.7789999842643738, 0.7900000214576721, 0.7789999842643738, 0.7099999785423279, 0.6549999713897705, 0.6050000190734863, 0.6050000190734863]
assets:[0, 99.9999706018448, 196.69811042473316, 508.7483973340988, 458.27340000000004, 420.7912608905792, 612.9645942991733, 583.6674804888248, 646.1048111097335, 677.7339629468918, 797.785306372571, 769.4060041030884, 785.0875212031602, 836.7744736232042, 861.3275991003514, 781.3023666701316, 891.9807696630478, 821.6024726475476, 903.3446351051331, 1126.5280167865753, 1212.446449931997, 1281.751516250038, 1464.9821392215013, 1618.579140399921, 1623.3685841900767, 1743.6606801323592, 1776.9279429064513, 1902.0194566619095, 1975.5355468946218, 1900.5522955613674, 1853.3264145471812, 1811.8512741211891, 1911.8513037738323]
shares:[0, 47.1698, 95.9503, 119.4245, 152.7578, 200.3768, 239.4393, 288.9443, 341.8544, 401.026, 458.4973, 526.9904, 603.9135, 685.8807, 775.9708, 889.866, 1002.2256, 1141.1145, 1283.16, 1408.16, 1534.7423, 1664.6124, 1786.5636, 1904.2107, 2029.2107, 2152.6675, 2281.0372, 2407.6195, 2535.9892, 2676.8343, 2829.5061, 2994.7954, 3160.0847]
growth_rate:-40.25
