ticker:ALTY
price:[10.734999656677246, 10.680000305175781, 10.767000198364258, 10.364999771118164, 10.720000267028809, 10.824000358581543, 10.75, 10.779999732971191, 10.317999839782715, 10.663000106811523, 11.258000373840332, 11.442000389099121, 11.654999732971191, 11.800000190734863, 11.819999694824219, 11.845000267028809, 11.680000305175781, 11.6899995803833, 11.84000015258789, 12.017999649047852, 12.010000228881836, 11.850000381469727, 12.180000305175781, 12.350000381469727, 12.390000343322754, 12.260000228881836, 12.335000038146973, 12.675999641418457, 12.680000305175781, 12.670999526977539, 12.789999961853027, 12.90999984741211, 13.130000114440918, 13.175999641418457, 13.404999732971191, 13.460000038146973, 13.319999694824219, 13.404999732971191, 13.489999771118164, 13.600000381469727, 13.855999946594238, 13.470000267028809, 13.6850004196167, 13.699999809265137, 13.59000015258789, 13.479999542236328, 13.510000228881836, 13.680000305175781, 13.640999794006348, 13.720000267028809, 13.550000190734863, 13.739999771118164]
assets:[0, 100.0000468574524, 200.81424399967193, 293.3170555229187, 403.3635940475464, 507.27651840524675, 603.80815, 705.4927705244064, 775.2573631618499, 901.1791888271332, 1051.4657125156402, 1168.650449541378, 1290.4054399353981, 1406.4597227339746, 1508.8430550437927, 1612.0346508410453, 1689.5786201454162, 1791.0248357105256, 1914.0058806667328, 2042.7811227462769, 2141.421472810364, 2212.89277123642, 2374.51785549469, 2507.660167457199, 2615.781828482437, 2688.336070188522, 2804.781648674011, 2982.31919603548, 3083.2599982063293, 3181.0709035470963, 3310.946011124897, 3442.009937317657, 3600.6648783833502, 3713.279982944012, 3877.817089753533, 3993.7273793186187, 4052.1876631599425, 4178.046187772941, 4304.538865965843, 4439.638524528504, 4623.2081837805745, 4594.415041079521, 4767.7487716912265, 4872.974852157211, 4933.849555397034, 4993.913862413025, 5105.027839487648, 5269.265253547669, 5354.2424701452255, 5485.250618758011, 5517.285012663365, 5694.64870313816]
shares:[0, 9.3633, 18.6509, 28.2988, 37.6272, 46.8659, 56.1682, 65.4446, 75.1364, 84.5146, 93.3972, 102.1369, 110.7169, 119.1915, 127.6517, 136.0941, 144.6557, 153.21, 161.6559, 169.9768, 178.3032, 186.742, 194.9522, 203.0494, 211.1204, 219.277, 227.384, 235.2729, 243.1593, 251.0513, 258.8699, 266.6158, 274.2319, 281.8215, 289.2814, 296.7108, 304.2183, 311.6782, 319.0911, 326.444, 333.6611, 341.085, 348.3923, 355.6916, 363.05, 370.4684, 377.8703, 385.1802, 392.511, 399.7996, 407.1797, 414.4577]
growth_rate:11.66
