ticker:ALVR
price:[24.770000457763672, 22.020000457763672, 29.579999923706055, 26.690000534057617, 28.239999771118164, 27.760000228881836, 28.100000381469727, 25.809999465942383, 26.43000030517578, 33.61000061035156, 29.75, 33.5, 34.970001220703125, 46.810001373291016, 39.279998779296875, 35.77000045776367, 40.459999084472656, 38.439998626708984, 42.970001220703125, 44.93000030517578, 42.689998626708984, 36.56999969482422, 43.70000076293945, 42.849998474121094, 41.61000061035156, 36.560001373291016, 30.520000457763672, 30.100000381469727, 25.389999389648438, 21.600000381469727, 23.479999542236328, 23.209999084472656, 22.079999923706055, 22.34000015258789, 23.6299991607666, 23.850000381469727, 24.0, 21.56999969482422, 23.440000534057617, 23.049999237060547, 22.049999237060547, 19.8700008392334, 21.170000076293945, 19.850000381469727, 19.43000030517578, 17.6299991607666, 18.75, 19.139999389648438, 20.450000762939453, 18.68000030517578, 18.469999313354492, 19.43000030517578]
assets:[0, 99.99942807884216, 234.33275939559937, 311.4376092317581, 429.52474851875303, 522.223900305748, 628.6194885337829, 677.3911789834976, 793.663836164093, 1109.2711821441649, 1081.873625, 1318.2451, 1476.090745526123, 2075.85972590065, 1841.9294867584229, 1777.3362057453155, 2110.3733222465517, 2105.012764797211, 2453.080023687744, 2664.9735451011657, 2632.11163132782, 2354.775193349457, 2913.881090872192, 2957.2026596946716, 2971.6281255889894, 2710.9752858314514, 2363.0995434436795, 2430.581050803757, 2150.2485803100585, 1929.2774740722655, 2197.1949611637115, 2271.929328382874, 2261.318776186371, 2387.947190310287, 2625.8363967418672, 2750.284258989525, 2867.5824000000002, 2677.240321121979, 3009.3421245649333, 3059.271963740158, 3026.547615280151, 2827.3242764154434, 3112.3033272163393, 3018.244168003464, 3054.382446973419, 2871.4244083127974, 3153.84, 3319.4405241470336, 3646.633911046982, 3431.00796005249, 3492.4367601642607, 3773.9608502754213]
shares:[0, 4.5413, 7.922, 11.6687, 15.2098, 18.8121, 22.3708, 26.2453, 30.0289, 33.0042, 36.3655, 39.3506, 42.2102, 44.3465, 46.8923, 49.6879, 52.1595, 54.761, 57.0882, 59.3139, 61.6564, 64.3909, 66.6792, 69.0129, 71.4162, 74.1514, 77.4279, 80.7502, 84.6888, 89.3184, 93.5773, 97.8858, 102.4148, 106.8911, 111.123, 115.3159, 119.4826, 124.1187, 128.3849, 132.7233, 137.2584, 142.2911, 147.0148, 152.0526, 157.1993, 162.8715, 168.2048, 173.4295, 178.3195, 183.6728, 189.087, 194.2337]
growth_rate:-26.0
