ticker:ALXO
price:[42.9900016784668, 39.43000030517578, 37.36000061035156, 39.06999969482422, 34.630001068115234, 35.65999984741211, 43.099998474121094, 41.7599983215332, 39.5099983215332, 46.0, 50.779998779296875, 73.94000244140625, 68.51000213623047, 73.22000122070312, 80.4000015258789, 83.16000366210938, 88.63999938964844, 86.19999694824219, 86.0, 83.33000183105469, 81.47000122070312, 79.25, 80.12000274658203, 81.7699966430664, 87.55000305175781, 80.29000091552734, 68.62000274658203, 77.1500015258789, 63.06999969482422, 65.80000305175781, 74.18000030517578, 63.77000045776367, 60.72999954223633, 62.869998931884766, 62.65999984741211, 64.9800033569336, 55.400001525878906, 54.5099983215332, 56.560001373291016, 54.86000061035156, 59.65999984741211, 59.290000915527344, 57.2400016784668, 55.900001525878906, 56.470001220703125, 54.5, 59.9900016784668, 58.560001373291016, 66.5, 66.66000366210938, 62.58000183105469, 75.06999969482422]
assets:[0, 99.99842377395629, 194.75021118164062, 303.6637586280823, 369.1558113861084, 480.13693594551086, 680.3119259147644, 759.1591854869841, 818.2560162387848, 1052.664, 1262.050543661499, 1937.6495219787598, 1895.3497620994567, 2125.6498554382324, 2434.0939661956786, 2617.6523832733155, 2890.151500099182, 2910.5946169555664, 3003.8424000000005, 3010.5796381530763, 3043.377071600342, 3060.4448, 3194.039993494415, 3359.8146840682984, 3697.306668878174, 3490.7121668037416, 3083.343755413818, 3566.6291405410766, 3015.7109564079283, 3246.2497305587767, 3759.679791467285, 3332.065424918747, 3273.2194423274996, 3488.561935731888, 3576.908495289612, 3809.342230794525, 3347.733452206421, 3393.9505744937896, 3621.5877919330596, 3612.734022193909, 4028.8338236957547, 4103.846348369598, 4061.9508591098784, 4066.859271011352, 4208.3308419708255, 4161.5219, 4680.72587996254, 4669.152877496338, 5402.233899999999, 5515.228724990845, 5277.665680421447, 6431.006649856567]
shares:[0, 2.5361, 5.2128, 7.7723, 10.66, 13.4643, 15.7845, 18.1791, 20.7101, 22.884, 24.8533, 26.2057, 27.6653, 29.031, 30.2748, 31.4773, 32.6055, 33.7656, 34.9284, 36.1284, 37.3558, 38.6176, 39.8657, 41.0886, 42.2308, 43.4763, 44.9336, 46.2298, 47.8153, 49.3351, 50.6832, 52.2513, 53.8979, 55.4885, 57.0844, 58.6233, 60.4284, 62.2629, 64.0309, 65.8537, 67.5299, 69.2165, 70.9635, 72.7524, 74.5233, 76.3582, 78.0251, 79.7328, 81.2366, 82.7367, 84.3347, 85.6668]
growth_rate:26.1
