ticker:ALYA
price:[2.009999990463257, 2.069999933242798, 2.119999885559082, 2.1600000858306885, 2.4700000286102295, 2.7200000286102295, 2.8499999046325684, 2.559999942779541, 2.4600000381469727, 2.559999942779541, 2.7200000286102295, 2.5999999046325684, 2.430000066757202, 2.4700000286102295, 2.3399999141693115, 2.259999990463257, 2.1600000858306885, 2.0899999141693115, 2.1600000858306885, 2.4800000190734863, 2.369999885559082, 2.509999990463257, 2.619999885559082, 2.630000114440918, 2.619999885559082, 2.180000066757202, 2.1600000858306885, 2.4000000953674316, 2.359999895095825, 2.5999999046325684, 2.559999942779541, 2.309999942779541, 2.200000047683716, 2.190000057220459, 2.240000009536743, 2.299999952316284, 2.3299999237060547, 2.1700000762939453, 2.0799999237060547, 2.7300000190734863, 2.6600000858306885, 2.75, 2.7100000381469727, 2.799999952316284, 2.880000114440918, 2.940000057220459, 3.0799999237060547, 3.049999952316284, 2.7699999809265137, 2.6600000858306885, 2.619999885559082, 2.809999942779541]
assets:[0, 100.00004077501296, 202.41546907329558, 306.23466016867155, 450.1849222145319, 595.7501822663784, 724.2234507658482, 750.5305432243347, 821.2129567344665, 954.595562663126, 1114.2578037202834, 1165.0992172644137, 1188.9198146621227, 1308.4904191563605, 1339.6223388629437, 1393.8233541183472, 1432.1498249085187, 1485.7374669847488, 1635.4991449888946, 1977.7953032110693, 1990.0704179048537, 2207.6273196121215, 2404.3757289774894, 2513.5529143738745, 2603.9953542581557, 2266.6834094116684, 2345.888181217217, 2706.5425075483327, 2761.4332812517405, 3142.256924742699, 3193.9145526104453, 2982.0087251333716, 2940.0083437229637, 3026.6446840803624, 3195.746189605808, 3381.3465398977514, 3525.451120561981, 3383.360175953865, 3343.0361973781587, 4487.735101354122, 4472.665124320269, 4723.995650000001, 4755.2831369371415, 5013.207554625583, 5256.442288872242, 5465.951380382395, 5826.2344236797335, 5869.485483236432, 5430.647564605999, 5314.990327499723, 5335.065156965733, 5821.959358446551]
shares:[0, 48.3092, 95.479, 141.7753, 182.2611, 219.0258, 254.1135, 293.176, 333.8264, 372.8889, 409.6536, 448.1151, 489.2674, 529.7532, 572.4882, 616.736, 663.0323, 710.8792, 757.1755, 797.4981, 839.6922, 879.5328, 917.7007, 955.7235, 993.8914, 1039.763, 1086.0593, 1127.726, 1170.0989, 1208.5604, 1247.6229, 1290.9129, 1336.3674, 1382.0295, 1426.6724, 1470.1507, 1513.0692, 1559.1521, 1607.229, 1643.859, 1681.453, 1717.8166, 1754.717, 1790.4313, 1825.1535, 1859.1671, 1891.6346, 1924.4215, 1960.5226, 1998.1166, 2036.2845, 2071.8717]
growth_rate:14.16
