ticker:AMAL
price:[11.699999809265137, 12.460000038146973, 11.829999923706055, 10.529999732971191, 11.600000381469727, 11.970000267028809, 11.859999656677246, 11.880000114440918, 11.100000381469727, 11.050000190734863, 12.5, 13.319999694824219, 13.449999809265137, 13.609999656677246, 13.25, 14.170000076293945, 13.640000343322754, 13.739999771118164, 14.800000190734863, 15.600000381469727, 15.029999732971191, 14.65999984741211, 15.5600004196167, 16.190000534057617, 16.350000381469727, 17.559999465942383, 18.010000228881836, 17.969999313354492, 17.5, 16.15999984741211, 17.040000915527344, 17.079999923706055, 16.850000381469727, 16.6200008392334, 16.149999618530273, 16.280000686645508, 16.1200008392334, 16.030000686645508, 16.270000457763672, 15.869999885559082, 15.579999923706055, 15.420000076293945, 15.470000267028809, 15.619999885559082, 15.510000228881836, 15.65999984741211, 15.5600004196167, 15.359999656677246, 15.640000343322754, 15.5600004196167, 15.359999656677246, 15.739999771118164]
assets:[0, 100.00022230615616, 194.94420274276732, 273.5220080637932, 401.315933197403, 514.1162994689942, 609.391688359356, 710.4192548435211, 763.7754862483978, 860.3353348503114, 1073.23, 1243.6337595069886, 1355.7707407737732, 1471.8983258702278, 1532.965375, 1739.405768365288, 1774.3471686608316, 1887.3552225603103, 2132.9597474884986, 2348.255577422333, 2362.4544360277177, 2404.2971489749907, 2651.900207515526, 2859.272281318474, 2987.5292947034836, 3308.6252473737713, 3493.4141523963926, 3585.6545949897763, 3591.87325, 3416.8380477371215, 3702.902958950043, 3811.5949869741444, 3860.2676873931887, 3907.574933314514, 3897.072427949524, 4028.4422139085773, 4088.851108872223, 4166.022451451683, 4328.3960797813415, 4321.981810833549, 4343.004436732674, 4398.4039057621, 4512.665598893452, 4656.420371884441, 4723.6295077068335, 4869.312522554398, 4938.2182051721575, 4974.7444648057935, 5165.430733389378, 5239.008573283768, 5271.668618169022, 5502.086911991882]
shares:[0, 8.0257, 16.4788, 25.9755, 34.5962, 42.9504, 51.3821, 59.7996, 68.8086, 77.8584, 85.8584, 93.3659, 100.8008, 108.1483, 115.6955, 122.7527, 130.0841, 137.3621, 144.1189, 150.5292, 157.1826, 164.0039, 170.4306, 176.6073, 182.7235, 188.4183, 193.9708, 199.5356, 205.2499, 211.438, 217.3065, 223.1613, 229.096, 235.1128, 241.3048, 247.4473, 253.6508, 259.8891, 266.0354, 272.3366, 278.7551, 285.2402, 291.7043, 298.1063, 304.5538, 310.9395, 317.3662, 323.8766, 330.2705, 336.6972, 343.2076, 349.5608]
growth_rate:7.88
