ticker:AMAOU
price:[9.970000267028809, 9.970000267028809, 9.970000267028809, 10.0649995803833, 10.100000381469727, 10.050000190734863, 10.039999961853027, 10.069999694824219, 10.069999694824219, 10.039999961853027, 10.079999923706055, 10.130000114440918, 10.170000076293945, 10.164999961853027, 10.25, 10.25, 10.25, 10.180000305175781, 10.09000015258789, 10.100000381469727, 10.100000381469727, 10.100000381469727, 10.10200023651123, 10.10200023651123]
assets:[0, 100.00009967832564, 200.00019935665128, 301.90570141334535, 402.9556752193451, 500.9603495075226, 600.462277718544, 702.256603717804, 802.256735687256, 899.8671245809555, 1003.4518964050293, 1108.4296775221826, 1212.8060700983046, 1312.2100100755692, 1423.1827750000002, 1523.1827999999998, 1623.1828249999999, 1712.0979013252258, 1796.961424174881, 1898.7425017141343, 1998.742605491066, 2098.7427092679977, 2199.1579720873833, 2299.157672428608]
shares:[0, 10.0301, 20.0602, 29.9956, 39.8966, 49.8468, 59.807, 69.7375, 79.668, 89.6282, 99.5488, 109.4205, 119.2533, 129.091, 138.8471, 148.6032, 158.3593, 168.1825, 178.0933, 187.9943, 197.8953, 207.7963, 217.6953, 227.5943]
growth_rate:-0.04
