ticker:AMAT
price:[60.959999084472656, 55.0, 56.150001525878906, 58.22999954223633, 58.209999084472656, 63.290000915527344, 63.0, 60.95000076293945, 59.22999954223633, 70.52999877929688, 72.80999755859375, 76.72000122070312, 82.66000366210938, 88.83999633789062, 88.30000305175781, 86.08999633789062, 85.33000183105469, 86.30000305175781, 95.55999755859375, 103.13999938964844, 106.33000183105469, 96.68000030517578, 100.70999908447266, 116.69999694824219, 119.45999908447266, 118.19000244140625, 113.44999694824219, 114.29000091552734, 114.86000061035156, 128.63999938964844, 141.52000427246094, 138.91000366210938, 133.72999572753906, 134.86000061035156, 132.7100067138672, 132.9499969482422, 124.83000183105469, 128.66000366210938, 138.1300048828125, 139.85000610351562, 136.82000732421875, 131.22999572753906, 136.19000244140625, 138.16000366210938, 134.89999389648438, 128.17999267578125, 138.42999267578125, 139.92999267578125, 142.64999389648438, 129.89999389648438, 127.19999694824219, 136.5500030517578]
assets:[0, 100.001, 202.08947049179076, 309.5739695663452, 409.466596559906, 545.1990548866272, 642.7008, 721.7881940349579, 801.4174318061829, 1054.3106337524414, 1188.3902181518554, 1352.2053655151367, 1556.9011689758302, 1773.2996309020996, 1862.5207943710327, 1915.9070415008546, 1998.991820895386, 2121.7114650283816, 2449.374745422363, 2743.6683797637943, 2928.5302774307247, 2762.7470247207643, 2977.9141049285886, 3550.7257771469117, 3734.7018433776857, 3794.9982453918456, 3742.794814320373, 3870.510884004974, 3989.811439201355, 4568.482346324157, 5125.897010749817, 5131.363317279052, 5040.016078979493, 5182.602393455505, 5199.976193069458, 5309.384718127441, 5085.112403590393, 5341.127062026978, 5834.266081237793, 6006.921372161864, 5976.77678994751, 5832.582775108338, 6153.037072302246, 6342.041544104003, 6292.396725302124, 6078.948970648194, 6665.0580723571775, 6837.273295123291, 7070.175912490845, 6538.243402792359, 6502.349363996887, 7080.308828237915]
shares:[0, 1.8182, 3.5991, 5.3164, 7.0343, 8.6143, 10.2016, 11.8423, 13.5306, 14.9484, 16.3218, 17.6252, 18.835, 19.9606, 21.0931, 22.2547, 23.4266, 24.5853, 25.6318, 26.6014, 27.5419, 28.5762, 29.5692, 30.4261, 31.2632, 32.1093, 32.9907, 33.8657, 34.7363, 35.5137, 36.2203, 36.9402, 37.688, 38.4295, 39.183, 39.9352, 40.7363, 41.5135, 42.2375, 42.9526, 43.6835, 44.4455, 45.1798, 45.9036, 46.6449, 47.4251, 48.1475, 48.8621, 49.5631, 50.3329, 51.1191, 51.8514]
growth_rate:38.83
