ticker:AMBA
price:[52.18000030517578, 50.369998931884766, 53.029998779296875, 49.61000061035156, 51.91999816894531, 58.150001525878906, 57.060001373291016, 57.150001525878906, 54.66999816894531, 60.150001525878906, 58.709999084472656, 66.45999908447266, 77.87000274658203, 95.01000213623047, 88.45999908447266, 88.08999633789062, 92.56999969482422, 91.81999969482422, 99.83999633789062, 104.3499984741211, 112.9000015258789, 94.36000061035156, 112.68000030517578, 124.19999694824219, 127.16000366210938, 112.48999786376953, 113.26000213623047, 113.77999877929688, 106.25, 98.2699966430664, 105.2300033569336, 103.2300033569336, 102.30999755859375, 103.54000091552734, 97.48999786376953, 92.66000366210938, 90.0, 93.37000274658203, 100.37999725341797, 98.36000061035156, 101.12000274658203, 97.93000030517578, 103.8499984741211, 106.0, 101.4800033569336, 91.63999938964844, 94.29000091552734, 98.48999786376953, 102.76000213623047, 98.6500015258789, 95.0999984741211, 102.43000030517578]
assets:[0, 99.99955887947083, 205.2791252746582, 292.0391905929566, 405.63536969451906, 554.3090745452881, 643.9164094974518, 744.9331248893739, 812.6093857833862, 994.0629852172851, 1070.2656703102111, 1311.5482059326173, 1636.718439729309, 2096.9752581489565, 2052.4135147583006, 2143.8286228759766, 2352.860939243317, 2433.7992759109497, 2746.378651263428, 2970.4374915641783, 3313.8182647872927, 2869.6385945617676, 3526.782597551727, 3987.353962025452, 4182.381532449341, 3799.8783808387752, 3925.886150047302, 4043.9118266143796, 3876.2868750000002, 3685.1543551139835, 4046.156767076111, 4069.254471327972, 4132.986278375244, 4282.6732878685, 4132.425527449035, 4027.689443182373, 4012.065, 4262.2939403800965, 4682.295237883758, 4688.07369309082, 4919.619589624786, 4864.418147158814, 5258.475827736664, 5467.3422, 5334.205044454194, 4916.971659251403, 5159.162261093902, 5488.965768945312, 5826.933989133454, 5693.880788070679, 5588.97936032486, 6119.762312232971]
shares:[0, 1.9853, 3.871, 5.8867, 7.8127, 9.5324, 11.2849, 13.0347, 14.8639, 16.5264, 18.2297, 19.7344, 21.0186, 22.0711, 23.2016, 24.3368, 25.4171, 26.5062, 27.5078, 28.4661, 29.3518, 30.4116, 31.2991, 32.1043, 32.8907, 33.7797, 34.6626, 35.5415, 36.4827, 37.5003, 38.4506, 39.4193, 40.3967, 41.3625, 42.3882, 43.4674, 44.5785, 45.6495, 46.6457, 47.6624, 48.6513, 49.6724, 50.6353, 51.5787, 52.5641, 53.6553, 54.7159, 55.7312, 56.7043, 57.718, 58.7695, 59.7458]
growth_rate:20.0
