ticker:AMCX
price:[23.209999084472656, 20.860000610351562, 24.979999542236328, 24.190000534057617, 24.049999237060547, 23.75, 23.280000686645508, 23.360000610351562, 21.25, 23.889999389648438, 26.360000610351562, 30.1200008392334, 34.11000061035156, 33.029998779296875, 32.18000030517578, 32.06999969482422, 32.93000030517578, 35.77000045776367, 39.18000030517578, 42.04999923706055, 49.380001068115234, 49.41999816894531, 46.869998931884766, 49.54999923706055, 50.27000045776367, 65.58999633789062, 69.06999969482422, 78.62999725341797, 69.2699966430664, 54.0099983215332, 53.560001373291016, 51.619998931884766, 52.86000061035156, 52.540000915527344, 50.279998779296875, 47.220001220703125, 49.220001220703125, 50.970001220703125, 53.68000030517578, 66.80000305175781, 64.97000122070312, 61.439998626708984, 65.1500015258789, 66.86000061035156, 60.91999816894531, 55.0099983215332, 52.22999954223633, 50.040000915527344, 52.709999084472656, 51.40999984741211, 48.060001373291016, 48.2400016784668]
assets:[0, 100.00075692596435, 219.75155397300722, 312.80089690589904, 410.99043696212766, 505.86312499999997, 595.8516175746918, 697.8987062347412, 734.8611249999999, 926.1579403381348, 1121.913257977295, 1381.9447945051195, 1665.0114597930908, 1712.2949547180176, 1768.2298747688292, 1862.1862232795715, 2012.1218086471558, 2285.652951250458, 2603.5462822792056, 2894.25939748764, 3498.775533680344, 3601.610858557129, 3515.7748638793946, 3816.8067112312315, 3972.27008517189, 5282.834752041626, 5663.125251978302, 6546.9615983116155, 5867.6189706459045, 4674.997434715271, 4736.048477433395, 4664.501829482651, 4876.551782307433, 4947.029882203674, 4834.235846633911, 4640.026199951171, 4936.554476431274, 5212.0699968261715, 5589.188471775055, 7055.249322319031, 6961.970929806519, 6683.707242607498, 7187.29604833374, 7475.944282246399, 6911.763680255127, 6341.239049515914, 6120.776193355179, 5964.132601119232, 6382.36388414383, 6324.951717227173, 6012.801189812851, 6135.322605472947]
shares:[0, 4.7939, 8.7971, 12.931, 17.089, 21.2995, 25.595, 29.8758, 34.5817, 38.7676, 42.5612, 45.8813, 48.813, 51.8406, 54.9481, 58.0663, 61.103, 63.8986, 66.4509, 68.829, 70.8541, 72.8776, 75.0112, 77.0294, 79.0187, 80.5433, 81.9911, 83.2629, 84.7065, 86.558, 88.4251, 90.3623, 92.2541, 94.1574, 96.1463, 98.264, 100.2957, 102.2576, 104.1205, 105.6175, 107.1567, 108.7843, 110.3192, 111.8149, 113.4564, 115.2743, 117.1889, 119.1873, 121.0845, 123.0296, 125.1103, 127.1833]
growth_rate:20.3
