ticker:AMD
price:[82.01000213623047, 76.33999633789062, 74.93000030517578, 78.05999755859375, 81.80000305175781, 83.0999984741211, 83.16999816894531, 81.95999908447266, 75.29000091552734, 85.87999725341797, 81.43000030517578, 84.63999938964844, 87.19000244140625, 94.04000091552734, 91.6500015258789, 95.91999816894531, 91.80999755859375, 91.70999908447266, 94.58000183105469, 88.20999908447266, 92.79000091552734, 85.63999938964844, 87.9000015258789, 93.7699966430664, 89.58000183105469, 84.51000213623047, 78.5199966430664, 81.05000305175781, 79.05999755859375, 77.41000366210938, 81.08999633789062, 82.76000213623047, 82.1500015258789, 82.76000213623047, 81.62000274658203, 78.80999755859375, 74.58999633789062, 77.16999816894531, 80.08000183105469, 81.58000183105469, 81.30999755859375, 84.6500015258789, 85.62000274658203, 94.69999694824219, 90.9000015258789, 85.88999938964844, 92.1500015258789, 106.19000244140625, 110.11000061035156, 110.55000305175781, 104.6500015258789, 111.4000015258789]
assets:[0, 99.99776120300294, 198.15238580703735, 306.43232641601566, 421.11459571075443, 527.8096403083802, 628.257849168396, 719.117031967163, 760.5946472488404, 967.575577055359, 1017.4352818130493, 1157.545095652771, 1292.4174061889648, 1493.9570705444337, 1555.987900905609, 1728.4783670043944, 1754.4156053466797, 1852.505297506714, 2010.4776409225465, 1975.0748055007934, 2177.6235784858704, 2109.827024963379, 2265.5082693275453, 2516.7960868995665, 2504.3343631896973, 2462.596109249115, 2388.0522139045715, 2564.9975515792844, 2602.0226396484372, 2647.7162832580566, 2873.58620022583, 3032.7651062828063, 3110.4126477737427, 3233.507767464447, 3288.9677926765444, 3275.737548522949, 3200.336005874634, 3411.0296740646363, 3639.6601072219846, 3807.8363234664916, 3895.236743041992, 4155.240019901275, 4302.858924030304, 4859.179953410339, 4764.1963399734495, 4601.616840299987, 5037.002018405914, 5904.440229748536, 6222.404222491456, 6347.272645217895, 6108.525239067078, 6602.533270436859]
shares:[0, 1.3099, 2.6445, 3.9256, 5.1481, 6.3515, 7.5539, 8.774, 10.1022, 11.2666, 12.4946, 13.6761, 14.823, 15.8864, 16.9775, 18.02, 19.1092, 20.1996, 21.2569, 22.3906, 23.4683, 24.636, 25.7737, 26.8401, 27.9564, 29.1397, 30.4133, 31.6471, 32.912, 34.2038, 35.437, 36.6453, 37.8626, 39.0709, 40.2961, 41.565, 42.9057, 44.2015, 45.4503, 46.6761, 47.906, 49.0873, 50.2553, 51.3113, 52.4114, 53.5757, 54.6609, 55.6026, 56.5108, 57.4154, 58.371, 59.2687]
growth_rate:29.46
