ticker:AMED
price:[231.5399932861328, 231.69000244140625, 233.61000061035156, 232.3800048828125, 233.52999877929688, 247.8300018310547, 251.6699981689453, 251.11000061035156, 259.0, 268.55999755859375, 243.42999267578125, 241.10000610351562, 240.6699981689453, 253.63999938964844, 270.2900085449219, 289.79998779296875, 292.3500061035156, 293.3299865722656, 307.07000732421875, 293.8900146484375, 313.5400085449219, 287.30999755859375, 298.8299865722656, 308.82000732421875, 292.4800109863281, 253.63999938964844, 241.25, 266.29998779296875, 269.0, 271.1600036621094, 269.4599914550781, 283.0899963378906, 282.9599914550781, 284.57000732421875, 269.8500061035156, 260.1300048828125, 256.9700012207031, 258.9599914550781, 258.3699951171875, 255.61000061035156, 252.92999267578125, 238.97000122070312, 249.72000122070312, 264.6600036621094, 269.92999267578125, 258.44000244140625, 264.0, 260.6199951171875, 191.33999633789062, 180.6199951171875, 176.75, 177.55999755859375]
assets:[0, 99.99740505371093, 200.83451752471925, 299.77020629882816, 401.2512439025879, 525.8209148849488, 633.9567253875733, 732.5380937805176, 855.5547, 987.1459830261231, 994.7766650695801, 1085.263457473755, 1183.3262469970705, 1347.1074007583618, 1535.5445675445555, 1746.3926864379885, 1861.7725438690184, 1968.0095459106446, 2160.2067945251465, 2167.4976360351566, 2412.4081797454833, 2310.6044623657226, 2503.2390315185544, 2686.9193557250974, 2644.750499343872, 2393.5499462402345, 2376.6261250000002, 2723.396715161133, 2850.9964999999997, 2973.8931081634523, 3055.245167114258, 3309.7750011840817, 3408.253097076416, 3527.6436387939452, 3445.175027923584, 3421.0737462158204, 3479.5279985290526, 3606.484008996582, 3698.2564361083987, 3758.7450589752198, 3819.3440614013675, 3708.55155194397, 3975.367615432739, 4313.190545681763, 4499.085145922852, 4407.565021636963, 4602.3912, 4643.4664530029295, 3509.098996838379, 3412.489691748047, 3439.3782499999998, 3555.141783117676]
shares:[0, 0.4316, 0.8597, 1.29, 1.7182, 2.1217, 2.519, 2.9172, 3.3033, 3.6757, 4.0865, 4.5013, 4.9168, 5.3111, 5.6811, 6.0262, 6.3683, 6.7092, 7.0349, 7.3752, 7.6941, 8.0422, 8.3768, 8.7006, 9.0425, 9.4368, 9.8513, 10.2268, 10.5985, 10.9673, 11.3384, 11.6916, 12.045, 12.3964, 12.767, 13.1514, 13.5406, 13.9268, 14.3138, 14.705, 15.1004, 15.5189, 15.9193, 16.2971, 16.6676, 17.0545, 17.4333, 17.817, 18.3396, 18.8932, 19.459, 20.0222]
growth_rate:-30.29
