ticker:AMEH
price:[19.010000228881836, 17.850000381469727, 17.280000686645508, 16.860000610351562, 18.049999237060547, 17.649999618530273, 18.280000686645508, 18.209999084472656, 17.260000228881836, 17.190000534057617, 18.920000076293945, 18.540000915527344, 18.290000915527344, 18.049999237060547, 17.520000457763672, 17.989999771118164, 17.479999542236328, 18.270000457763672, 21.360000610351562, 21.670000076293945, 22.360000610351562, 22.0, 23.59000015258789, 24.549999237060547, 23.59000015258789, 24.75, 24.440000534057617, 27.729999542236328, 27.700000762939453, 26.40999984741211, 27.969999313354492, 26.920000076293945, 27.040000915527344, 27.5, 29.690000534057617, 33.459999084472656, 30.899999618530273, 33.77000045776367, 34.880001068115234, 36.93000030517578, 48.34000015258789, 53.470001220703125, 56.5, 66.36000061035156, 85.38999938964844, 77.41999816894531, 112.83999633789062, 88.37000274658203, 80.95999908447266, 76.54000091552734, 70.19000244140625, 75.08000183105469]
assets:[0, 99.9992721370697, 196.80538382034302, 292.0219545715332, 412.63381255874634, 503.4891841180801, 621.46152734375, 719.0819068473817, 781.5673303642272, 878.3969942899704, 1066.7985283018113, 1145.3715925598144, 1229.9275725654604, 1313.7890494686128, 1375.2131639316558, 1512.1044557619093, 1569.2372429050447, 1740.1590796005248, 2134.470684991455, 2265.4489849760052, 2437.5844105377196, 2498.3398, 2778.9020179748536, 2991.9894220180513, 2974.991535243225, 3221.2818, 3280.9356516942976, 3822.5998478969573, 3918.4642679260255, 3835.978529837036, 4162.565222811699, 4106.301435637665, 4224.6053590377805, 4396.4745, 4846.592718179512, 5562.005457813263, 5236.459165354347, 5822.8227219303135, 6114.216539233017, 6573.565905321502, 8704.55482347641, 9728.31063409424, 10379.58675, 12290.96041704712, 15915.628511238097, 14530.123320349121, 21277.719045452883, 16763.52441101837, 15457.87073719635, 14713.950273999786, 13593.234518811036, 14640.247481047058]
shares:[0, 5.6022, 11.3892, 17.3204, 22.8606, 28.5263, 33.9968, 39.4883, 45.282, 51.0993, 56.3847, 61.7784, 67.2459, 72.7861, 78.4939, 84.0525, 89.7733, 95.2468, 99.9284, 104.5431, 109.0154, 113.5609, 117.8, 121.8733, 126.1124, 130.1528, 134.2445, 137.8507, 141.4608, 145.2472, 148.8225, 152.5372, 156.2354, 159.8718, 163.2399, 166.2285, 169.4647, 172.4259, 175.2929, 178.0007, 180.0694, 181.9396, 183.7095, 185.2164, 186.3875, 187.6792, 188.5654, 189.697, 190.9322, 192.2387, 193.6634, 194.9953]
growth_rate:187.06
