ticker:AMGN
price:[248.39999389648438, 243.2100067138672, 247.72000122070312, 243.82000732421875, 245.41000366210938, 236.6999969482422, 235.72000122070312, 227.16000366210938, 216.94000244140625, 231.6699981689453, 237.36000061035156, 223.1699981689453, 224.80999755859375, 229.2100067138672, 227.39999389648438, 228.49000549316406, 222.92999267578125, 229.9199981689453, 238.49000549316406, 245.49000549316406, 253.5, 241.42999267578125, 236.32000732421875, 237.2100067138672, 231.69000244140625, 224.9199981689453, 227.72999572753906, 230.36000061035156, 245.94000244140625, 252.86000061035156, 249.1699981689453, 248.9499969482422, 255.7100067138672, 257.0299987792969, 239.63999938964844, 254.2100067138672, 251.3800048828125, 251.00999450683594, 237.94000244140625, 236.85000610351562, 242.77000427246094, 238.67999267578125, 242.67999267578125, 248.6999969482422, 245.1999969482422, 247.9600067138672, 247.72000122070312, 241.5399932861328, 230.14999389648438, 229.67999267578125, 223.52999877929688, 222.77999877929688]
assets:[0, 100.0079547607422, 201.86702899475097, 298.679508972168, 400.63183097839357, 486.4184937286377, 584.3970270263673, 663.1709146911621, 733.3439842529297, 883.1260330200195, 1004.8160905838013, 1044.7480294281006, 1152.4210094848634, 1274.9806623458862, 1364.922983364868, 1471.4756353759767, 1535.6755475463867, 1683.819106590271, 1846.5804145324707, 2000.7680937698365, 2166.0561000000002, 2162.923018383789, 2217.15430871582, 2325.512021820068, 2371.3935129882816, 2402.100596444702, 2532.107049494934, 2661.349087051392, 2941.3440531982424, 3124.1105935409546, 3178.512164642334, 3275.708954844665, 3464.6660229675294, 3582.5612319854736, 3440.175975238037, 3749.343389022827, 3807.6026579589848, 3902.000566607666, 3798.8311089782715, 3881.4268450225827, 4078.4389637756353, 4109.735321887207, 4278.6181468688965, 4484.757304968262, 4521.635063723755, 4672.533570515442, 4768.015495495605, 4749.062731994629, 4625.1172923431395, 4715.674769622803, 4689.413491390991, 4773.685257843018]
shares:[0, 0.4112, 0.8149, 1.225, 1.6325, 2.055, 2.4792, 2.9194, 3.3804, 3.812, 4.2333, 4.6814, 5.1262, 5.5625, 6.0023, 6.44, 6.8886, 7.3235, 7.7428, 8.1501, 8.5446, 8.9588, 9.382, 9.8036, 10.2352, 10.6798, 11.1189, 11.553, 11.9596, 12.3551, 12.7564, 13.1581, 13.5492, 13.9383, 14.3556, 14.749, 15.1468, 15.5452, 15.9655, 16.3877, 16.7996, 17.2186, 17.6307, 18.0328, 18.4406, 18.8439, 19.2476, 19.6616, 20.0961, 20.5315, 20.9789, 21.4278]
growth_rate:-6.4
