ticker:AMHC
price:[9.899999618530273, 9.989999771118164, 10.050000190734863, 9.90999984741211, 9.949999809265137, 9.91100025177002, 9.91100025177002, 9.869999885559082, 9.84000015258789, 9.850000381469727, 9.869999885559082, 9.869999885559082, 9.913999557495117, 9.920000076293945, 9.986000061035156, 10.039999961853027, 10.09000015258789, 10.010000228881836, 10.289999961853027, 10.3100004196167, 10.359999656677246, 10.074999809265137, 10.369999885559082, 10.369999885559082, 10.479999542236328, 10.220000267028809, 9.979999542236328, 9.940999984741211, 9.979999542236328, 9.880000114440918, 9.899999618530273, 10.0, 10.0, 9.920000076293945, 9.949999809265137, 9.920000076293945, 9.949999809265137, 9.899999618530273, 9.90999984741211, 9.930000305175781, 9.949999809265137, 9.920000076293945, 9.930000305175781, 9.930000305175781, 9.920000076293945, 9.9399995803833, 9.930000305175781, 9.914999961853027, 9.920999526977539, 9.930000305175781, 9.930000305175781, 9.970000267028809]
assets:[0, 99.99989770889282, 200.60001380710602, 297.8054054145813, 399.007927351284, 497.4440047366142, 597.4440150769234, 694.9723539419174, 792.8599802947998, 893.6659096097947, 995.4802924575806, 1095.4801702980994, 1200.363272822571, 1301.0893540065765, 1409.7455978164674, 1517.3692902347564, 1624.9259125732424, 1712.0423711463927, 1859.9318991048813, 1963.5467969162942, 2073.069083300018, 2116.0401199401854, 2277.9986148605344, 2377.998597756958, 2503.2233466598514, 2541.1202843945503, 2581.4456435939787, 2671.3584391996383, 2781.8380464023594, 2853.9644970577237, 2959.741505954361, 3089.638, 3189.638, 3264.1204731040953, 3373.9922003228185, 3463.819002639961, 3574.294651483154, 3656.3331991130826, 3760.026376105499, 3867.6149658622744, 3975.4050137941363, 4063.4185272514346, 4167.51487707901, 4267.514945152283, 4363.21680155716, 4472.013763214111, 4567.5151493721005, 4660.6151370687485, 4763.434981484604, 4867.756652599335, 4967.756720672607, 5087.767905266857]
shares:[0, 10.01, 19.9602, 30.051, 40.1013, 50.1911, 60.2809, 70.4126, 80.5752, 90.7275, 100.8592, 110.9909, 121.0776, 131.1582, 141.1722, 151.1324, 161.0432, 171.0332, 180.7514, 190.4507, 200.1032, 210.0288, 219.672, 229.3152, 238.8572, 248.6419, 258.6619, 268.7213, 278.7413, 288.8628, 298.9638, 308.9638, 318.9638, 329.0444, 339.0947, 349.1753, 359.2256, 369.3266, 379.4174, 389.4879, 399.5382, 409.6188, 419.6893, 429.7598, 439.8404, 449.9008, 459.9713, 470.057, 480.1366, 490.2071, 500.2776, 510.3077]
growth_rate:-0.24
