ticker:AMHCU
price:[10.253999710083008, 10.253999710083008, 10.300000190734863, 10.300000190734863, 10.300000190734863, 10.350000381469727, 10.350000381469727, 10.350000381469727, 10.350000381469727, 10.199999809265137, 10.343000411987305, 10.449999809265137, 10.449999809265137, 10.449999809265137, 10.670000076293945, 11.956999778747559, 11.050000190734863, 10.630000114440918, 10.630000114440918, 11.227999687194824, 11.0, 10.553000450134277, 10.699999809265137, 10.770000457763672, 11.25, 10.989999771118164, 10.5, 10.199999809265137, 10.399999618530273, 10.149999618530273, 10.149999618530273, 11.3100004196167, 10.1899995803833, 10.1899995803833, 10.050000190734863, 10.25, 10.300000190734863, 10.192000389099121, 10.289999961853027, 10.489999771118164, 10.489999771118164, 10.5, 10.5, 10.5, 10.5, 10.789999961853027, 10.699999809265137, 10.350000381469727, 10.350000381469727, 10.279999732971191, 10.489999771118164, 10.239999771118164]
assets:[0, 100.00008137264251, 200.44830371189116, 300.44791556367875, 400.4475274154663, 502.39108851661683, 602.390722202301, 702.3903558879852, 802.3899895736694, 890.7608833432197, 1003.2493196619034, 1113.6282646739007, 1213.6284928486825, 1313.6287210234643, 1441.2844043056489, 1715.1299837632178, 1685.0288940854073, 1720.9821365278242, 1820.9817366044044, 2023.422525228691, 2082.3341, 2097.7159317772866, 2226.9363903033254, 2341.5057995223997, 2545.862625, 2587.0250651216506, 2571.6799499999997, 2598.2031114149095, 2749.148379161835, 2783.0629054035185, 2883.0627316452023, 3312.555485900402, 3084.5210249816896, 3184.520585863781, 3240.768286505222, 3405.26115, 3521.8718552178384, 3584.9433896620753, 3719.4141252114296, 3891.70599508667, 3991.7061139047623, 4095.5113499999998, 4195.51125, 4295.51115, 4395.51105, 4616.910424677372, 4678.40050660429, 4625.3685954771045, 4725.368229162788, 4793.408647488499, 4991.328613093948, 4972.3739048587795]
shares:[0, 9.7523, 19.461, 29.1697, 38.8784, 48.5402, 58.202, 67.8638, 77.5256, 87.3295, 96.9979, 106.5673, 116.1367, 125.7061, 135.0782, 143.4415, 152.4913, 161.8986, 171.3059, 180.2122, 189.3031, 198.7791, 208.1249, 217.41, 226.2989, 235.3981, 244.9219, 254.7258, 264.3412, 274.1934, 284.0456, 292.8873, 302.7008, 312.5143, 322.4645, 332.2206, 341.9293, 351.7409, 361.4591, 370.992, 380.5249, 390.0487, 399.5725, 409.0963, 418.6201, 427.8879, 437.2337, 446.8955, 456.5573, 466.2849, 475.8178, 485.5834]
growth_rate:-2.5
