ticker:AMKR
price:[11.5, 10.880000114440918, 11.25, 10.90999984741211, 11.149999618530273, 12.6899995803833, 12.800000190734863, 13.279999732971191, 11.850000381469727, 12.710000038146973, 13.300000190734863, 13.5, 14.640000343322754, 15.489999771118164, 14.829999923706055, 15.289999961853027, 14.989999771118164, 15.079999923706055, 16.670000076293945, 18.040000915527344, 18.469999313354492, 15.520000457763672, 17.850000381469727, 24.209999084472656, 23.670000076293945, 23.889999389648438, 21.3799991607666, 22.610000610351562, 23.969999313354492, 23.3700008392334, 24.559999465942383, 25.049999237060547, 24.020000457763672, 23.81999969482422, 20.219999313354492, 20.229999542236328, 19.3700008392334, 19.850000381469727, 21.100000381469727, 22.049999237060547, 23.59000015258789, 22.950000762939453, 23.610000610351562, 23.110000610351562, 22.780000686645508, 21.899999618530273, 22.969999313354492, 24.639999389648438, 27.450000762939453, 26.280000686645508, 24.8700008392334, 27.6200008392334]
assets:[0, 100.00025705184937, 203.401125, 297.2538558425903, 403.7927761852264, 559.5629934970856, 664.4134499005318, 789.3286561285018, 804.3329958927154, 962.7062428894043, 1107.3952558811188, 1224.0476999999998, 1427.4117454742432, 1610.2877102062225, 1641.6765425542833, 1792.598066527653, 1857.4258616390227, 1968.577874040413, 2276.1401474172594, 2563.200902082062, 2724.2971937208176, 2389.1768064689636, 2847.8604608612063, 3962.5594951515195, 3974.1764438097002, 4111.115322967529, 3779.182101655006, 4096.599743586731, 4443.011956725311, 4431.798153149032, 4757.465920548821, 4952.3823441669465, 4848.751754405594, 4908.3801031150815, 4266.55937311306, 4368.670424145889, 4282.953184565163, 4489.087511269569, 4871.774868077469, 5191.118865385056, 5653.673796569824, 5600.2890211734775, 5861.343199523926, 5837.214083164978, 5853.861062449837, 5727.723710230445, 6107.571215425491, 6651.612187234497, 7510.177468736268, 7290.072190475464, 6998.938019177819, 7872.846469216346]
shares:[0, 9.1912, 18.0801, 27.246, 36.2146, 44.0948, 51.9073, 59.4374, 67.8762, 75.744, 83.2628, 90.6702, 97.5008, 103.9566, 110.6997, 117.2399, 123.911, 130.5423, 136.5411, 142.0843, 147.4985, 153.9418, 159.544, 163.6745, 167.8993, 172.0852, 176.7625, 181.1853, 185.3572, 189.6362, 193.7079, 197.6999, 201.8631, 206.0613, 211.0069, 215.9501, 221.1127, 226.1505, 230.8898, 235.4249, 239.664, 244.0213, 248.2568, 252.5839, 256.9737, 261.5399, 265.8934, 269.9518, 273.5948, 277.4, 281.4209, 285.0415]
growth_rate:54.37
