ticker:AMNB
price:[22.889999389648438, 21.780000686645508, 22.139999389648438, 20.100000381469727, 21.520000457763672, 22.260000228881836, 22.719999313354492, 23.989999771118164, 22.799999237060547, 23.0, 25.6299991607666, 26.81999969482422, 27.200000762939453, 27.459999084472656, 26.860000610351562, 26.899999618530273, 26.40999984741211, 26.209999084472656, 28.40999984741211, 27.809999465942383, 27.979999542236328, 27.950000762939453, 29.3700008392334, 29.43000030517578, 29.479999542236328, 31.0, 34.0, 36.5, 35.31999969482422, 34.2599983215332, 33.650001525878906, 32.56999969482422, 32.369998931884766, 33.2400016784668, 34.029998779296875, 35.040000915527344, 35.33000183105469, 35.369998931884766, 34.68000030517578, 34.59000015258789, 32.93000030517578, 32.880001068115234, 32.099998474121094, 31.280000686645508, 30.760000228881836, 30.6299991607666, 29.40999984741211, 31.59000015258789, 32.459999084472656, 33.099998474121094, 32.90999984741211, 34.72999954223633]
assets:[0, 100.00069515266419, 201.65332844085694, 283.0723253723144, 403.06960857391357, 516.9306293151856, 627.6127170322418, 762.6948707233429, 824.8629323982238, 932.0980000000001, 1138.6819137147904, 1291.5519513038635, 1409.8521995452882, 1523.3297192115783, 1590.0448861312866, 1692.4134759998321, 1761.5839638221742, 1848.242642440033, 2103.3797947029116, 2158.9570025398257, 2272.15503482666, 2369.7184546852113, 2590.111004011154, 2695.4024949501036, 2799.980876522064, 3044.3488, 3438.964, 3791.82805, 3769.2444074325563, 3756.1257499797825, 3789.249276825714, 3767.632424697876, 3844.4973741428375, 4047.824472396469, 4244.027476760864, 4469.989844792175, 4606.9863097671505, 4712.20347769928, 4720.277501537323, 4808.027316209793, 4677.285039346314, 4770.184522960662, 4757.023963874054, 4735.504327951813, 4756.781803394699, 4836.679025479508, 4744.032963386536, 5195.683141096496, 5438.773472600556, 5646.005759724426, 5713.597221508789, 6129.574025208282]
shares:[0, 4.5914, 9.1081, 14.0832, 18.73, 23.2224, 27.6238, 31.7922, 36.1782, 40.526, 44.4277, 48.1563, 51.8328, 55.4745, 59.1975, 62.915, 66.7014, 70.5167, 74.0366, 77.6324, 81.2064, 84.7842, 88.189, 91.5869, 94.979, 98.2048, 101.146, 103.8857, 106.717, 109.6359, 112.6077, 115.678, 118.7673, 121.7757, 124.7143, 127.5682, 130.3987, 133.226, 136.1095, 139.0005, 142.0372, 145.0786, 148.1939, 151.3908, 154.6418, 157.9066, 161.3068, 164.4724, 167.5531, 170.5742, 173.6128, 176.4922]
growth_rate:20.19
