ticker:AMOT
price:[27.299999237060547, 26.96666717529297, 26.873332977294922, 26.053333282470703, 27.773332595825195, 29.253334045410156, 28.440000534057617, 29.02666664123535, 25.18666648864746, 26.700000762939453, 26.96666717529297, 27.16666603088379, 28.16666603088379, 32.119998931884766, 31.459999084472656, 33.13999938964844, 33.34000015258789, 34.06666564941406, 33.47999954223633, 33.47999954223633, 33.51333236694336, 30.16666603088379, 32.606666564941406, 31.726667404174805, 30.613332748413086, 32.36000061035156, 31.420000076293945, 36.5, 36.253334045410156, 35.880001068115234, 34.85333251953125, 35.46666717529297, 34.17333221435547, 36.00666809082031, 34.70000076293945, 35.7599983215332, 34.63999938964844, 36.13999938964844, 35.400001525878906, 37.7599983215332, 36.630001068115234, 34.09000015258789, 34.77000045776367, 34.709999084472656, 33.4900016784668, 31.989999771118164, 32.45000076293945, 32.90999984741211, 32.650001525878906, 33.75, 31.559999465942383, 34.52000045776367]
assets:[0, 100.00049188613892, 199.65542735481262, 293.56374876022335, 412.9450183677673, 534.9498690216064, 620.0773316440583, 732.8681820245743, 735.9166147985458, 880.1334851493835, 988.9243153190613, 1096.2591910108565, 1236.6124054203033, 1510.1763537807465, 1579.1440920448304, 1763.4721595214844, 1874.114756577301, 2014.9615131652831, 2080.263031557083, 2180.2644421897885, 2282.4355548503877, 2154.5093212589263, 2428.776033089447, 2463.2267305927276, 2476.79005401001, 2718.1041392669676, 2739.1484766511917, 3282.0143, 3359.835737992859, 3425.2376579662323, 3427.2292613098143, 3587.5385047821046, 3556.7159915382385, 3847.528525512695, 3807.901743723297, 4024.2228031150817, 3998.1833695526125, 4271.314247863769, 4283.856844651032, 4669.446704438781, 4629.709791000366, 4408.675633733368, 4596.614922516633, 4688.682212329102, 4623.884155741882, 4516.78323168335, 4681.733595073318, 4848.1004265216825, 4909.799484456635, 5175.214875, 4939.40186441555, 5502.6675769699095]
shares:[0, 3.7083, 7.4295, 11.2678, 14.8684, 18.2868, 21.803, 25.2481, 29.2185, 32.9638, 36.6721, 40.3531, 43.9034, 47.0167, 50.1953, 53.2128, 56.2122, 59.1476, 62.1345, 65.1214, 68.1053, 71.4202, 74.4871, 77.639, 80.9056, 83.9958, 87.1785, 89.9182, 92.6766, 95.4637, 98.3329, 101.1524, 104.0787, 106.856, 109.7378, 112.5342, 115.421, 118.188, 121.0129, 123.6612, 126.3912, 129.3246, 132.2006, 135.0816, 138.0676, 141.1936, 144.2753, 147.3139, 150.3767, 153.3397, 156.5083, 159.4052]
growth_rate:7.9
