ticker:AMPG
price:[8.800000190734863, 8.600000381469727, 9.0, 13.199999809265137, 14.5, 12.680000305175781, 8.359999656677246, 9.0, 9.960000038146973, 11.029999732971191, 8.619999885559082, 10.779999732971191, 11.729999542236328, 9.34000015258789, 6.599999904632568, 5.559999942779541, 6.090000152587891, 4.690000057220459, 3.890000104904175, 4.210000038146973, 4.539999961853027, 5.239999771118164, 5.630000114440918, 5.039999961853027, 4.909999847412109, 4.449999809265137, 4.449999809265137, 3.940000057220459, 3.9000000953674316, 4.230000019073486, 3.940000057220459, 3.7699999809265137, 3.2799999713897705, 3.8299999237060547, 3.759999990463257, 3.759999990463257]
assets:[0, 99.99994443569183, 204.651, 400.15535421791077, 539.5653, 571.8401177627563, 477.0174004101753, 613.5354, 778.9795709835053, 962.6652866945267, 852.3274866843224, 1165.903325119686, 1368.6493085884094, 1189.785259437561, 940.7474864065647, 892.5084268147946, 1077.5859419994354, 929.8652063448429, 871.2526594956398, 1042.923943449974, 1224.6731617097855, 1513.4995258907318, 1726.1456490873338, 1645.2530515473366, 1702.8159340816499, 1643.2852495658874, 1743.2852002797126, 1643.4930118683815, 1726.8077222259521, 1972.922345896101, 1937.6628721405982, 1954.0580961138726, 1800.0823522985459, 2201.9255551374436, 2261.681354263544, 2361.681186009908]
shares:[0, 11.6279, 22.739, 30.3148, 37.2114, 45.0978, 57.0595, 68.1706, 78.2108, 87.277, 98.8779, 108.1543, 116.6794, 127.386, 142.5375, 160.5231, 176.9435, 198.2655, 223.9724, 247.7254, 269.7518, 288.8358, 306.5978, 326.4391, 346.8057, 369.2776, 391.7495, 417.1302, 442.7712, 466.4119, 491.7926, 518.3178, 548.8056, 574.9153, 601.511, 628.1067]
growth_rate:-32.52
