ticker:AMPGW
price:[2.2300000190734863, 2.6700000762939453, 3.0369999408721924, 4.179999828338623, 2.549999952316284, 3.809999942779541, 4.559999942779541, 3.624000072479248, 2.5799999237060547, 2.700000047683716, 2.4000000953674316, 2.0, 1.6100000143051147, 1.649999976158142, 2.0399999618530273, 2.25, 2.3499999046325684, 1.7999999523162842, 1.7699999809265137, 1.649999976158142, 1.531999945640564, 1.5800000429153442, 1.3600000143051147, 1.4880000352859497, 1.399999976158142, 1.3300000429153442, 1.2319999933242798, 1.4600000381469727, 1.4600000381469727]
assets:[0, 100.0000468574524, 213.74527063856124, 394.18986781167985, 340.4747186332941, 608.7092128581047, 828.5337496032715, 758.4662503691674, 639.967691075325, 769.7335635939836, 784.2077111616135, 753.5064, 706.5726562780142, 824.1273030916809, 1118.9210070767401, 1334.103975, 1493.3974443951129, 1243.878987048459, 1323.1477327417851, 1333.4428607322693, 1338.0815373213052, 1480.0057901993393, 1373.9289984516263, 1603.2399836187126, 1608.4246926086903, 1628.0035765310763, 1608.0453224866392, 2005.6381144034385, 2105.638043016243]
shares:[0, 37.4532, 70.3804, 94.3038, 133.5195, 159.7662, 181.696, 209.2898, 248.0495, 285.0865, 326.7532, 376.7532, 438.865, 499.4711, 548.4907, 592.9351, 635.4883, 691.0439, 747.5411, 808.1472, 873.4214, 936.7125, 1010.2419, 1077.4462, 1148.8748, 1224.0628, 1305.2316, 1373.7247, 1442.2178]
growth_rate:-24.8
