ticker:AMPH
price:[19.920000076293945, 19.420000076293945, 19.56999969482422, 18.030000686645508, 19.0, 21.239999771118164, 20.959999084472656, 20.84000015258789, 19.59000015258789, 19.200000762939453, 19.3700008392334, 18.360000610351562, 18.1200008392334, 18.950000762939453, 18.690000534057617, 18.959999084472656, 19.139999389648438, 20.110000610351562, 19.799999237060547, 18.690000534057617, 18.700000762939453, 18.18000030517578, 19.06999969482422, 18.8799991607666, 18.479999542236328, 17.530000686645508, 17.520000457763672, 19.360000610351562, 18.06999969482422, 18.040000915527344, 18.09000015258789, 17.889999389648438, 17.299999237060547, 17.31999969482422, 17.399999618530273, 18.68000030517578, 19.969999313354492, 19.719999313354492, 18.920000076293945, 18.790000915527344, 19.920000076293945, 20.170000076293945, 20.920000076293945, 20.610000610351562, 20.059999465942383, 20.059999465942383, 20.860000610351562, 20.950000762939453, 20.309999465942383, 19.600000381469727, 18.889999389648438, 19.299999237060547]
assets:[0, 99.99940639286042, 200.7725408691406, 284.97317585277557, 400.3053, 547.4992261001587, 640.2818600326538, 736.6168973934174, 792.4331371723174, 876.6566748352051, 984.4183086513519, 1033.0878583435058, 1119.5841158538817, 1270.866641165924, 1353.430781673622, 1472.983368873596, 1586.9681673934938, 1767.3955576416015, 1840.1505490947723, 1836.9915584911348, 1937.9745790672303, 1984.0834233055114, 2181.213216094208, 2259.480891563988, 2311.611398739624, 2292.778590807533, 2391.4713024845128, 2742.630614465332, 2659.882271078491, 2755.4658198394773, 2863.1025151500703, 2931.448143988037, 2934.7701405750277, 3038.1634984680177, 3152.196110892677, 3484.081576919556, 3824.6842234926226, 3876.803965010643, 3819.529883402062, 3893.2863106971745, 4227.422416191101, 4380.478259569359, 4643.361376934052, 4674.554238433838, 4649.807576208114, 4749.806673545838, 5039.231701445007, 5160.9740279479975, 5103.311844806862, 5024.9089377985, 4942.883803291321, 5150.166196411133]
shares:[0, 5.1493, 10.2592, 15.8055, 21.0687, 25.7768, 30.5478, 35.3463, 40.4509, 45.6592, 50.8218, 56.2684, 61.7872, 67.0642, 72.4147, 77.689, 82.9137, 87.8864, 92.9369, 98.2874, 103.635, 109.1355, 114.3793, 119.6759, 125.0872, 130.7917, 136.4995, 141.6648, 147.1988, 152.742, 158.2699, 163.8596, 169.6399, 175.4136, 181.1607, 186.514, 191.5215, 196.5925, 201.8779, 207.1999, 212.22, 217.1779, 221.958, 226.81, 231.795, 236.78, 241.5739, 246.3472, 251.2709, 256.3729, 261.6667, 266.848]
growth_rate:0.98
