ticker:AMRK
price:[24.600000381469727, 33.150001525878906, 34.150001525878906, 32.02000045776367, 34.18000030517578, 37.0, 36.209999084472656, 33.689998626708984, 31.079999923706055, 28.899999618530273, 30.6299991607666, 30.530000686645508, 30.459999084472656, 28.530000686645508, 30.25, 30.81999969482422, 27.950000762939453, 25.649999618530273, 28.239999771118164, 28.520000457763672, 28.610000610351562, 28.579999923706055, 33.5, 30.25, 28.920000076293945, 28.440000534057617, 28.309999465942383, 36.68000030517578, 39.7400016784668, 36.939998626708984, 35.380001068115234, 38.70000076293945, 37.279998779296875, 37.060001373291016, 37.27000045776367, 39.43000030517578, 48.119998931884766, 55.130001068115234, 53.31999969482422, 50.77000045776367, 47.79999923706055, 48.5099983215332, 48.720001220703125, 45.97999954223633, 45.83000183105469, 44.18000030517578, 47.33000183105469, 50.939998626708984, 51.2400016784668, 50.119998931884766, 47.22999954223633, 48.349998474121094]
assets:[0, 100.0002946029663, 203.0183440711975, 290.3541621509552, 409.9412516601563, 543.7631, 632.1541640167236, 688.1586499488831, 734.8461941961289, 783.3026996606826, 930.1932555135727, 1027.1574491016388, 1124.8024781921386, 1153.5335467626571, 1323.0775250000002, 1448.0067996620178, 1413.1660135746001, 1396.875894225502, 1637.9256347248077, 1754.1654081554414, 1859.7015376739503, 1957.7528587738036, 2394.77765, 2262.448925, 2262.975545969963, 2325.416551667595, 2414.7863344459533, 3228.7313508628845, 3598.087569969559, 3444.5736039436338, 3399.108836618423, 3818.076285270309, 3777.981172293091, 3855.685482875824, 3977.5327158535, 4308.050859342957, 5357.5026370800015, 6237.970646857452, 6133.170288896942, 5939.856511556244, 5692.382409143448, 5876.932935655594, 6002.372358392335, 5764.802216607284, 5845.997122566223, 5735.527163618469, 6244.464859579467, 6820.748654119491, 6960.91836001854, 6908.76619276619, 6610.395749930573, 6867.155118279266]
shares:[0, 3.0166, 5.9449, 9.0679, 11.9936, 14.6963, 17.458, 20.4262, 23.6437, 27.1039, 30.3687, 33.6442, 36.9272, 40.4323, 43.7381, 46.9827, 50.5605, 54.4591, 58.0002, 61.5065, 65.0018, 68.5008, 71.4859, 74.7917, 78.2495, 81.7657, 85.298, 88.0243, 90.5407, 93.2478, 96.0743, 98.6583, 101.3407, 104.039, 106.7221, 109.2582, 111.3363, 113.1502, 115.0257, 116.9954, 119.0875, 121.1489, 123.2014, 125.3763, 127.5583, 129.8218, 131.9346, 133.8977, 135.8493, 137.8445, 139.9618, 142.0301]
growth_rate:34.65
