ticker:AMRN
price:[4.300000190734863, 4.079999923706055, 4.170000076293945, 3.809999942779541, 4.46999979019165, 5.25, 5.150000095367432, 4.980000019073486, 4.860000133514404, 4.28000020980835, 4.28000020980835, 4.619999885559082, 4.599999904632568, 5.010000228881836, 5.010000228881836, 4.980000019073486, 5.010000228881836, 4.889999866485596, 5.869999885559082, 6.070000171661377, 6.550000190734863, 7.5, 8.420000076293945, 7.820000171661377, 7.590000152587891, 6.739999771118164, 5.989999771118164, 6.5, 6.440000057220459, 6.059999942779541, 6.480000019073486, 5.929999828338623, 5.019999980926514, 5.130000114440918, 5.090000152587891, 4.599999904632568, 4.380000114440918, 4.559999942779541, 4.539999961853027, 4.449999809265137, 4.949999809265137, 4.960000038146973, 4.619999885559082, 4.389999866485596, 4.53000020980835, 4.179999828338623, 4.019999980926514, 4.139999866485596, 4.929999828338623, 5.420000076293945, 5.389999866485596, 5.619999885559082]
assets:[0, 99.99998213005065, 202.20580569953918, 284.7491087234974, 434.0758686257839, 609.820575, 698.2050829293252, 775.1574209688663, 856.4787955292702, 854.2653578766345, 954.2654227787018, 1130.0713760072708, 1225.1791545995236, 1434.3800995296479, 1534.3802050981524, 1625.192130224514, 1734.9826182626725, 1793.4260330330849, 2252.844908078766, 2429.6031557098863, 2721.7300942563056, 3216.4845, 3711.0400956258777, 3546.5952938533783, 3542.283431213379, 3245.5848817840574, 2984.42933296299, 3338.5293500000002, 3407.712506278086, 3306.6365447776793, 3635.8094267017837, 3427.2143437891486, 3001.2842965966224, 3167.049688651085, 3242.355547199249, 3030.2227971772672, 2985.29901600008, 3207.982303745127, 3293.9120743231774, 3328.614097329712, 3802.615593476486, 3910.2978700737954, 3742.25303730154, 3655.9501838104725, 3872.5413473579406, 3673.33786914587, 3632.731674763965, 3841.1713641227725, 4674.148613247299, 5238.719501742173, 5309.722825474119, 5636.297323227215]
shares:[0, 24.5098, 48.4906, 74.7373, 97.1087, 116.1563, 135.5738, 155.6541, 176.2302, 199.5947, 222.9592, 244.6042, 266.3433, 286.3034, 306.2635, 326.3438, 346.3039, 366.7538, 383.7896, 400.2641, 415.5313, 428.8646, 440.7411, 453.5288, 466.704, 481.5408, 498.2353, 513.6199, 529.1479, 545.6496, 561.0817, 577.9451, 597.8654, 617.3586, 637.005, 658.7441, 681.5751, 703.5049, 725.5313, 748.0032, 768.2052, 788.3665, 810.0115, 832.7905, 854.8656, 878.789, 903.6646, 927.8192, 948.1032, 966.5534, 985.1063, 1002.8999]
growth_rate:10.52
