ticker:AMRS
price:[3.049999952316284, 2.3299999237060547, 2.8299999237060547, 2.7100000381469727, 3.0399999618530273, 3.130000114440918, 2.819999933242798, 3.049999952316284, 2.5, 1.8899999856948853, 2.3299999237060547, 2.299999952316284, 2.9200000762939453, 2.990000009536743, 3.490000009536743, 4.369999885559082, 5.440000057220459, 6.179999828338623, 8.329999923706055, 11.289999961853027, 10.390000343322754, 9.399999618530273, 12.130000114440918, 14.850000381469727, 16.200000762939453, 13.800000190734863, 16.139999389648438, 20.649999618530273, 20.81999969482422, 19.459999084472656, 19.3700008392334, 16.59000015258789, 15.0600004196167, 15.1899995803833, 14.5600004196167, 12.220000267028809, 11.670000076293945, 13.510000228881836, 14.229999542236328, 14.989999771118164, 15.850000381469727, 15.829999923706055, 16.5, 16.6200008392334, 15.670000076293945, 13.0600004196167, 15.5600004196167, 14.579999923706055, 14.539999961853027, 12.949999809265137, 13.989999771118164, 16.049999237060547]
assets:[0, 100.00010172557832, 221.45938002967833, 312.0689703927994, 450.06986635236734, 563.3943865991592, 607.5949296165467, 757.1505931627036, 720.6152500000001, 644.7852131197214, 894.8940216974258, 983.3718796126842, 1348.4548672325134, 1480.7807607230186, 1828.4029779962777, 2389.4329074258803, 3074.4889283389093, 3592.7095282055857, 4942.600456731033, 6798.914749027635, 6356.928456055642, 5851.214942546653, 7650.557253179455, 9466.098588167, 10426.652591043472, 8981.963344143009, 10604.991576960754, 13668.344192503166, 13880.868684536743, 13074.143950905609, 13113.67845716915, 11331.590570223238, 10386.543439400197, 10576.201259837342, 10237.557079044629, 8692.235273940849, 8401.013658922577, 9825.59484746189, 10449.23807885933, 11107.314014402771, 11844.55788006878, 11929.611416504287, 12534.5286, 12725.688666588592, 12098.28681490402, 10183.193155185127, 12232.502109881878, 11562.0740754982, 11630.35404148674, 10458.533805960846, 11398.447445516967, 13176.845538636398]
shares:[0, 42.9185, 78.2542, 115.1546, 148.0493, 179.9982, 215.4592, 248.2461, 288.2461, 341.1562, 384.0747, 427.553, 461.7996, 495.2444, 523.8977, 546.781, 565.1634, 581.3446, 593.3494, 602.2068, 611.8314, 622.4697, 630.7137, 637.4477, 643.6205, 650.8669, 657.0627, 661.9053, 666.7084, 671.8471, 677.0097, 683.0374, 689.6775, 696.2608, 703.1289, 711.3122, 719.8812, 727.2831, 734.3105, 740.9816, 747.2907, 753.6078, 759.6684, 765.6852, 772.0668, 779.7238, 786.1505, 793.0092, 799.8868, 807.6088, 814.7568, 820.9873]
growth_rate:158.37
