ticker:AMSC
price:[11.960000038146973, 11.90999984741211, 12.390000343322754, 13.380000114440918, 14.350000381469727, 17.010000228881836, 17.56999969482422, 15.029999732971191, 13.90999984741211, 13.329999923706055, 14.220000267028809, 16.0, 19.520000457763672, 18.8700008392334, 19.469999313354492, 22.690000534057617, 25.219999313354492, 23.420000076293945, 29.3799991607666, 23.760000228881836, 29.350000381469727, 24.719999313354492, 24.670000076293945, 25.799999237060547, 25.979999542236328, 23.790000915527344, 21.809999465942383, 25.920000076293945, 24.079999923706055, 18.8700008392334, 19.290000915527344, 18.610000610351562, 16.540000915527344, 17.1299991607666, 16.469999313354492, 14.989999771118164, 14.170000076293945, 14.989999771118164, 14.970000267028809, 17.540000915527344, 15.180000305175781, 14.489999771118164, 17.579999923706055, 17.3700008392334, 16.139999389648438, 13.800000190734863, 14.130000114440918, 14.050000190734863, 12.6899995803833, 12.630000114440918, 11.470000267028809, 12.539999961853027]
assets:[0, 99.99993171882629, 204.0298526535988, 320.33192073984145, 443.55420679111484, 625.7740944202424, 746.3753440361023, 738.47649187994, 783.4473574058533, 850.780580130577, 1007.583714920807, 1233.7088, 1605.125733641815, 1651.676077457428, 1804.193327371788, 2202.575076842308, 2548.168202622986, 2466.3016580343246, 3193.9349647659305, 2682.979225845337, 3414.2033643753052, 2975.6081173467637, 3069.5894294929503, 3310.1915021133423, 3433.2855175060276, 3243.8736798362734, 3073.8926007301334, 3753.1538030471797, 3586.725620635986, 2910.6938554515837, 3075.4781479660032, 3067.063953590393, 2825.912084420776, 3026.7149687150954, 3010.09824950695, 2839.6096206420902, 2784.2746509910585, 3045.396834499931, 3141.3332990338326, 3780.6279253356934, 3371.9456117889404, 3318.675076578713, 4126.384614092255, 4177.094376816749, 3981.306911442566, 3504.0919084313396, 3687.8848138687135, 3767.004561138725, 3502.3688201881405, 3585.8098554911617, 3356.4719131407737, 3769.5866885328296]
shares:[0, 8.3963, 16.4673, 23.9411, 30.9097, 36.7886, 42.4801, 49.1335, 56.3226, 63.8245, 70.8568, 77.1068, 82.2298, 87.5292, 92.6653, 97.0725, 101.0376, 105.3075, 108.7112, 112.92, 116.3272, 120.3725, 124.426, 128.302, 132.1511, 136.3545, 140.9396, 144.7976, 148.9504, 154.2498, 159.4338, 164.8073, 170.8532, 176.6909, 182.7625, 189.4336, 196.4908, 203.1619, 209.8419, 215.5432, 222.1308, 229.0321, 234.7204, 240.4775, 246.6733, 253.9197, 260.9968, 268.1142, 275.9944, 283.9121, 292.6305, 300.605]
growth_rate:-26.09
