ticker:AMSF
price:[65.66000366210938, 63.869998931884766, 57.5, 57.20000076293945, 57.810001373291016, 57.95000076293945, 57.38999938964844, 58.86000061035156, 58.97999954223633, 61.099998474121094, 58.08000183105469, 57.43000030517578, 56.0, 56.31999969482422, 57.040000915527344, 59.70000076293945, 57.220001220703125, 57.43000030517578, 59.619998931884766, 58.0, 56.20000076293945, 55.5, 56.93000030517578, 58.20000076293945, 58.119998931884766, 58.52000045776367, 62.13999938964844, 64.69999694824219, 65.4000015258789, 65.04000091552734, 63.7599983215332, 65.16000366210938, 64.5, 64.26000213623047, 62.08000183105469, 65.01000213623047, 66.3499984741211, 64.7699966430664, 65.52999877929688, 63.279998779296875, 62.400001525878906, 59.27000045776367, 60.22999954223633, 59.779998779296875, 58.84000015258789, 58.470001220703125, 55.66999816894531, 57.20000076293945, 57.77000045776367, 57.959999084472656, 57.130001068115234, 57.54999923706055]
assets:[0, 100.00125732765198, 190.026, 289.0373238552093, 392.1194583148956, 493.0675814914703, 588.3048837432862, 703.3711212936402, 804.8056857536316, 933.736286681366, 987.5865431350709, 1076.5368417205812, 1149.7304, 1256.3020731925965, 1372.3653100273132, 1536.361609634018, 1572.5372395477293, 1678.311356918335, 1842.311624994278, 1892.25, 1933.5273062484744, 2009.4441000000002, 2161.2165225852964, 2309.4284102741244, 2406.255135778427, 2522.8147757343295, 2778.875916705322, 2993.3582988098146, 3125.747292928314, 3208.5403171646117, 3245.3966665657044, 3416.6582760223387, 3482.0518500000003, 3569.0969086494447, 3548.0148886489865, 3815.4695303764342, 3994.117303145599, 3999.003224737549, 4145.925750769043, 4103.575032839965, 4146.511301395417, 4038.5215101909635, 4203.933508049011, 4272.524336755371, 4305.340463164902, 4378.268773406982, 4268.602882600403, 4485.921499833679, 4630.623710692596, 4745.851665035248, 4777.890536328507, 4913.01465986824]
shares:[0, 1.5657, 3.3048, 5.0531, 6.7829, 8.5085, 10.251, 11.9499, 13.6454, 15.2821, 17.0039, 18.7452, 20.5309, 22.3065, 24.0597, 25.7347, 27.4823, 29.2236, 30.9009, 32.625, 34.4044, 36.2062, 37.9627, 39.6809, 41.4015, 43.1103, 44.7196, 46.2652, 47.7943, 49.3318, 50.9002, 52.4349, 53.9853, 55.5415, 57.1523, 58.6905, 60.1977, 61.7416, 63.2676, 64.8479, 66.4505, 68.1377, 69.798, 71.4708, 73.1703, 74.8806, 76.6769, 78.4252, 80.1562, 81.8815, 83.6319, 85.3695]
growth_rate:-3.67
