ticker:AMST
price:[5.21999979019165, 4.769999980926514, 4.679999828338623, 4.300000190734863, 4.4730000495910645, 4.25, 4.119999885559082, 4.369999885559082, 4.920000076293945, 4.599999904632568, 5.130000114440918, 4.78000020980835, 5.099999904632568, 4.730000019073486, 4.849999904632568, 4.590000152587891, 4.510000228881836, 4.300000190734863, 4.420000076293945, 6.320000171661377, 5.650000095367432, 8.5, 6.110000133514404, 5.869999885559082, 5.679999828338623, 5.050000190734863, 4.829999923706055, 4.159999847412109, 3.630000114440918, 2.740000009536743, 3.0, 2.819999933242798, 2.700000047683716, 2.380000114440918, 2.2049999237060547, 2.390000104904175, 2.299999952316284, 3.200000047683716, 2.5799999237060547, 2.5299999713897705, 2.380000114440918, 2.3399999141693115, 2.109999895095825, 2.0299999713897705, 2.0799999237060547, 2.0899999141693115, 2.0999999046325684, 1.7300000190734863, 2.009999990463257, 2.0399999618530273]
assets:[0, 100.0001876001358, 198.11328473324775, 282.027122509861, 393.37396366124153, 473.762375, 559.2706204651832, 693.2069638463975, 880.4527096530915, 923.1873208604336, 1129.5547181982995, 1152.4895985861779, 1329.6434151363374, 1333.1788853759765, 1467.0017811537743, 1488.3584984783172, 1562.4174192924502, 1589.6662105127334, 1734.0287939311982, 2579.4259100613594, 2405.974005610895, 3719.6068, 2773.740874611187, 2764.7887300979614, 2775.2979001247404, 2567.4746369716645, 2555.6239606317517, 2301.11722759552, 2107.9461484560015, 1691.121977886057, 1951.5933, 1934.497676205087, 1952.178604476714, 1820.809329552555, 1786.926205171585, 2036.849865403366, 2060.1483672888994, 2966.2934842012164, 2491.5740383209227, 2543.287784239507, 2492.5001018504145, 2550.609032444215, 2399.908183682275, 2408.916518049431, 2568.249329797173, 2680.596687915087, 2793.422393142128, 2401.2481574740887, 2889.8893452884913, 3033.021963284016]
shares:[0, 20.9644, 42.3319, 65.5877, 87.9441, 111.4735, 135.7453, 158.6286, 178.9538, 200.6929, 220.1861, 241.1066, 260.7144, 281.856, 302.4746, 324.2611, 346.434, 369.6898, 392.3142, 408.137, 425.8361, 437.6008, 453.9674, 471.0032, 488.6088, 508.4108, 529.1147, 553.1532, 580.7014, 617.1978, 650.5311, 685.9921, 723.0291, 765.0459, 810.3974, 852.2384, 895.7167, 926.9667, 965.7264, 1005.2521, 1047.2689, 1090.0039, 1137.3973, 1186.6584, 1234.7353, 1282.5822, 1330.2012, 1388.0047, 1437.7559, 1486.7755]
growth_rate:-38.1
