ticker:AMSWA
price:[13.65999984741211, 13.989999771118164, 14.25, 14.0, 14.319999694824219, 15.479999542236328, 15.329999923706055, 15.640000343322754, 14.680000305175781, 15.670000076293945, 16.6299991607666, 17.270000457763672, 16.68000030517578, 16.299999237060547, 16.40999984741211, 16.709999084472656, 16.40999984741211, 17.170000076293945, 18.530000686645508, 19.559999465942383, 20.110000610351562, 19.209999084472656, 20.520000457763672, 20.6299991607666, 19.829999923706055, 20.200000762939453, 20.049999237060547, 21.3799991607666, 21.639999389648438, 20.719999313354492, 20.989999771118164, 20.649999618530273, 20.43000030517578, 20.260000228881836, 20.690000534057617, 20.290000915527344, 19.8700008392334, 19.81999969482422, 20.1200008392334, 19.43000030517578, 24.219999313354492, 23.239999771118164, 22.959999084472656, 22.739999771118164, 22.15999984741211, 20.829999923706055, 20.84000015258789, 22.0, 22.829999923706055, 22.600000381469727, 22.690000534057617, 24.5]
assets:[0, 100.00051836395264, 201.858375, 298.31759999999997, 405.1357033660889, 537.9532040920258, 632.7411478509904, 745.536920365715, 799.7752246261597, 953.7106786434174, 1112.1378458759307, 1254.9383992637636, 1312.065504005432, 1382.1747353057863, 1491.501604131317, 1618.767793309021, 1689.70486428833, 1867.9603653001786, 2115.9185424072266, 2333.533364286232, 2499.15021585083, 2487.302997457886, 2756.921569501877, 2871.700009178543, 2860.3406619951247, 3013.7108338256835, 3091.3309373691554, 3396.3924586807248, 3537.696280220032, 3487.2960604335785, 3632.7392603874205, 3673.8951221317293, 3734.7552377883912, 3803.6772749710085, 3984.407887846947, 4007.376630821228, 4024.4242689764023, 4114.296978650666, 4276.572574381828, 4229.911066436767, 5372.693383682251, 5255.300656242562, 5291.983604982757, 5341.275750239181, 5305.041915470886, 5086.644321369171, 5189.087097993851, 5577.924, 5888.363806322097, 5929.042300077438, 6052.652940462113, 6635.4771]
shares:[0, 7.148, 14.1655, 21.3084, 28.2916, 34.7515, 41.2747, 47.6686, 54.4806, 60.8622, 66.8754, 72.6658, 78.661, 84.796, 90.8898, 96.8742, 102.968, 108.7921, 114.1888, 119.3013, 124.274, 129.4796, 134.3529, 139.2002, 144.2431, 149.1936, 154.1811, 158.8584, 163.4795, 168.3058, 173.07, 177.9126, 182.8074, 187.7432, 192.5765, 197.505, 202.5377, 207.5831, 212.5533, 217.7, 221.8288, 226.1317, 230.4871, 234.8846, 239.3972, 244.198, 248.9965, 253.542, 257.9222, 262.347, 266.7542, 270.8358]
growth_rate:30.11
