ticker:AMTB
price:[12.9399995803833, 11.170000076293945, 11.489999771118164, 10.050000190734863, 9.930000305175781, 10.680000305175781, 10.680000305175781, 11.1899995803833, 10.069999694824219, 10.329999923706055, 12.729999542236328, 13.0, 15.460000038146973, 16.110000610351562, 16.0, 15.609999656677246, 15.1899995803833, 15.199999809265137, 15.930000305175781, 15.170000076293945, 15.300000190734863, 14.260000228881836, 15.579999923706055, 16.579999923706055, 16.440000534057617, 16.469999313354492, 17.75, 19.200000762939453, 19.229999542236328, 18.309999465942383, 18.940000534057617, 18.90999984741211, 18.719999313354492, 18.229999542236328, 18.950000762939453, 21.0, 23.010000228881836, 23.420000076293945, 24.1200008392334, 23.739999771118164, 22.579999923706055, 20.600000381469727, 22.0, 21.329999923706055, 21.34000015258789, 21.59000015258789, 22.0, 22.149999618530273, 23.360000610351562, 24.100000381469727, 24.270000457763672, 24.649999618530273]
assets:[0, 100.00054268302918, 202.86513795890806, 277.4403052654267, 374.1276564979553, 502.3850783554077, 602.3851252128601, 731.1512155823707, 757.970891029358, 877.540724518776, 1181.4228835166932, 1306.4805000000001, 1653.7067320804597, 1823.2348200759886, 1910.7856, 1964.2109397995948, 2011.3625284370423, 2112.6859734892846, 2314.151144332886, 2303.746551586151, 2423.4879002120015, 2358.753767859459, 2677.095806890488, 2948.925418430328, 3024.0246622362133, 3129.5419785272597, 3472.7608750000004, 3856.450713241577, 3962.476015674591, 3872.9036220369335, 4106.159917782784, 4199.655681112289, 4257.459491837311, 4246.020290380478, 4513.717736725235, 5102.0088, 5690.34314360218, 5891.736631193161, 6167.833954604149, 6170.662172507477, 5969.147169831276, 5545.724042695427, 6022.6188, 5939.201966756439, 6041.985707202148, 6212.7686699089045, 6430.7518, 6574.5983267715455, 7033.75224777832, 7356.568496444321, 7508.461008619308, 7726.022265436363]
shares:[0, 8.9526, 17.6558, 27.606, 37.6765, 47.0398, 56.4031, 65.3397, 75.2702, 84.9507, 92.8062, 100.4985, 106.9668, 113.1741, 119.4241, 125.8303, 132.4136, 138.9925, 145.27, 151.862, 158.3979, 165.4105, 171.829, 177.8604, 183.9431, 190.0147, 195.6485, 200.8568, 206.057, 211.5185, 216.7983, 222.0865, 227.4284, 232.9139, 238.1909, 242.9528, 247.2987, 251.5686, 255.7145, 259.9268, 264.3555, 269.2099, 273.7554, 278.4436, 283.1296, 287.7614, 292.3069, 296.8216, 301.1024, 305.2518, 309.3721, 313.4289]
growth_rate:51.49
