ticker:AMTBB
price:[9.0, 9.0, 8.800000190734863, 8.15999984741211, 8.100000381469727, 8.0, 8.0, 8.0, 7.989999771118164, 8.0, 9.979999542236328, 12.399999618530273, 12.550000190734863, 12.300000190734863, 11.90999984741211, 12.079999923706055, 11.600000381469727, 11.630000114440918, 12.5, 12.5, 12.5, 12.399999618530273, 12.5, 12.680000305175781, 12.529999732971191, 12.699999809265137, 13.0, 15.899999618530273, 16.09000015258789, 16.149999618530273, 16.440000534057617, 16.25, 16.239999771118164, 15.8100004196167, 16.059999465942383, 16.56999969482422, 16.950000762939453, 16.600000381469727, 17.649999618530273, 17.350000381469727, 17.0, 17.520000457763672, 19.350000381469727, 19.299999237060547, 19.149999618530273, 18.18000030517578, 19.100000381469727, 18.649999618530273, 19.200000762939453, 19.93000030517578, 20.5, 21.0]
assets:[0, 99.9999, 197.77736428670883, 283.3935307006836, 381.3099479578018, 476.6024, 576.6024, 676.6024, 775.7562687776566, 876.7272, 1193.7167272464753, 1583.1749112957, 1702.3259508719443, 1768.4153074226379, 1812.343485780716, 1938.2118277587892, 1961.1969844945909, 2066.2695563323978, 2320.84, 2420.84, 2520.84, 2600.6729999937056, 2721.64625, 2860.83757685318, 2926.994154622364, 3066.7057839427, 3239.1476, 4061.7264525518417, 4210.262294927597, 4325.963122818946, 4503.642794301987, 4551.592500000001, 4648.790878481293, 4625.700989771747, 4798.846684419632, 5051.238474969482, 5267.078832077408, 5258.319040836716, 5690.922912001991, 5694.193785196686, 5679.325999999999, 5953.047371541596, 6674.856161589431, 6757.607162868118, 6805.086414442063, 6560.389460124969, 6992.378349653434, 6927.635608301162, 7231.935647371292, 7606.900453479767, 7924.45745, 8217.7368]
shares:[0, 11.1111, 22.4747, 34.7296, 47.0753, 59.5753, 72.0753, 84.5753, 97.0909, 109.5909, 119.6109, 127.6754, 135.6435, 143.7736, 152.1699, 160.448, 169.0687, 177.6672, 185.6672, 193.6672, 201.6672, 209.7317, 217.7317, 225.6181, 233.5989, 241.4729, 249.1652, 255.4545, 261.6695, 267.8615, 273.9442, 280.098, 286.2556, 292.5807, 298.8074, 304.8424, 310.7421, 316.7662, 322.4319, 328.1956, 334.078, 339.7858, 344.9538, 350.1351, 355.357, 360.8575, 366.0931, 371.455, 376.6633, 381.6809, 386.5589, 391.3208]
growth_rate:61.13
