ticker:AMTI
price:[25.299999237060547, 26.780000686645508, 33.58000183105469, 32.20000076293945, 31.459999084472656, 35.0, 32.0, 32.68000030517578, 29.389999389648438, 29.690000534057617, 29.860000610351562, 30.43000030517578, 32.970001220703125, 31.450000762939453, 31.56999969482422, 31.729999542236328, 33.900001525878906, 30.770000457763672, 33.630001068115234, 35.0099983215332, 38.959999084472656, 35.04999923706055, 41.41999816894531, 49.779998779296875, 64.47000122070312, 48.869998931884766, 60.18000030517578, 69.55999755859375, 64.0999984741211, 49.20000076293945, 63.56999969482422, 48.93000030517578, 41.84000015258789, 45.689998626708984, 57.4900016784668, 45.81999969482422, 44.70000076293945, 46.34000015258789, 47.939998626708984, 47.40999984741211, 45.400001525878906, 42.58000183105469, 45.9900016784668, 45.66999816894531, 43.2400016784668, 37.63999938964844, 34.189998626708984, 28.030000686645508, 28.950000762939453, 30.1200008392334, 29.239999771118164, 31.0]
assets:[0, 99.99920056400299, 225.3923302902222, 316.12994749031066, 408.86358610153195, 554.869, 607.3088, 720.2149187255859, 747.7080354721069, 855.3392253856659, 960.2378996276856, 1078.5670168167114, 1268.5966279693603, 1310.1126817817687, 1415.1126083206175, 1522.2848040382385, 1726.3948677070616, 1666.9955447998047, 1921.9377460422518, 2100.802957282257, 2437.824542713165, 2293.167230084229, 2809.928533781433, 3477.0682007354735, 4603.145193157959, 3589.3059415512084, 4519.98140892105, 5324.490881121826, 5006.556020820618, 3942.784741140366, 5194.368245063782, 4098.117496559906, 3604.2984451446537, 4035.957493692398, 5178.291172184372, 4227.142399845886, 4223.814822092057, 4478.784184747696, 4733.4228804061895, 4781.094621612167, 4678.392977239228, 4487.795936987304, 4947.199668554687, 5012.775535021973, 4846.058328111649, 4318.4446579742435, 4022.6242884254457, 3397.869561236954, 3609.3934551208495, 3855.266735419273, 3842.6301259210586, 4173.923699999999]
shares:[0, 3.7341, 6.7121, 9.8177, 12.9963, 15.8534, 18.9784, 22.0384, 25.4409, 28.809, 32.158, 35.4442, 38.4773, 41.657, 44.8246, 47.9762, 50.9261, 54.176, 57.1495, 60.0058, 62.5725, 65.4256, 67.8399, 69.8487, 71.3998, 73.446, 75.1077, 76.5453, 78.1054, 80.1379, 81.711, 83.7547, 86.1448, 88.3335, 90.0729, 92.2554, 94.4925, 96.6505, 98.7364, 100.8457, 103.0483, 105.3968, 107.5712, 109.7608, 112.0735, 114.7302, 117.655, 121.2226, 124.6768, 127.9969, 131.4169, 134.6427]
growth_rate:-18.16
