ticker:AMTX
price:[2.049999952316284, 2.130000114440918, 2.799999952316284, 2.700000047683716, 3.4800000190734863, 3.390000104904175, 3.7899999618530273, 4.019999980926514, 3.690000057220459, 4.320000171661377, 2.2100000381469727, 2.059999942779541, 2.2100000381469727, 2.680000066757202, 2.25, 2.2899999618530273, 2.9000000953674316, 2.490000009536743, 2.9600000381469727, 3.619999885559082, 4.400000095367432, 6.769999980926514, 7.510000228881836, 7.679999828338623, 8.529999732971191, 9.829999923706055, 12.15999984741211, 20.829999923706055, 19.860000610351562, 23.84000015258789, 26.149999618530273, 26.100000381469727, 18.989999771118164, 18.079999923706055, 18.229999542236328, 13.069999694824219, 9.390000343322754, 11.15999984741211, 13.569999694824219, 12.520000457763672, 14.149999618530273, 14.3100004196167, 12.09000015258789, 10.649999618530273, 10.270000457763672, 9.25, 9.710000038146973, 8.770000457763672, 9.270000457763672, 9.779999732971191, 8.539999961853027, 10.680000305175781]
assets:[0, 100.00009737281799, 231.4555560583353, 323.1891957077265, 516.5548468311787, 603.1956006659984, 774.3690022058487, 921.36228762846, 945.7281956653118, 1207.1938079695701, 717.569111386013, 768.8653146432877, 924.8507609639169, 1221.5384024277926, 1125.545175, 1245.5547952514648, 1677.3403351598738, 1540.1989678989887, 1930.9193208847043, 2461.462000184536, 3091.832547013664, 4857.205540315533, 5488.126425261306, 5712.357760318851, 6444.584545254421, 7526.7601655822755, 9410.824521909713, 16220.681299588585, 15565.325128364564, 18784.658984231184, 20704.816577963258, 20765.22816349831, 15208.492631695748, 14579.7028984766, 14800.66317834854, 10711.33657689743, 7795.444008021641, 9364.872579956436, 11487.21507666397, 10698.374195160293, 12191.212341337205, 12429.0639134614, 10600.865161793517, 9438.230946934318, 9201.468530136108, 8387.5929, 8904.706039983274, 8142.66478501892, 8706.898914957046, 9285.91805846138, 8208.562563333511, 10365.509540189361]
shares:[0, 46.9484, 82.6627, 119.6997, 148.4353, 177.9338, 204.319, 229.1946, 256.2949, 279.443, 324.6919, 373.2356, 418.4845, 455.7979, 500.2423, 543.9104, 578.3932, 618.5538, 652.3376, 679.9619, 702.6892, 717.4602, 730.7758, 743.7966, 755.5199, 765.6928, 773.9165, 778.7173, 783.7525, 787.9471, 791.7712, 795.6026, 800.8685, 806.3995, 811.885, 819.5361, 830.1857, 839.1463, 846.5155, 854.5027, 861.5698, 868.5579, 876.8292, 886.2189, 895.956, 906.7668, 917.0655, 928.468, 939.2555, 949.4804, 961.19, 970.5533]
growth_rate:103.25
