ticker:AMWD
price:[81.7699966430664, 82.37000274658203, 78.44999694824219, 75.4000015258789, 83.91000366210938, 91.83999633789062, 92.94999694824219, 86.73999786376953, 82.61000061035156, 91.0, 91.98999786376953, 98.44999694824219, 92.87000274658203, 87.56999969482422, 93.58000183105469, 95.87000274658203, 95.41999816894531, 93.8499984741211, 97.79000091552734, 96.66000366210938, 98.44999694824219, 86.51000213623047, 94.04000091552734, 96.58000183105469, 97.19999694824219, 93.41000366210938, 94.8499984741211, 106.36000061035156, 100.25, 97.12000274658203, 99.25, 102.70999908447266, 105.19000244140625, 101.19000244140625, 99.45999908447266, 104.37000274658203, 97.36000061035156, 94.0, 86.91999816894531, 84.69999694824219, 83.81999969482422, 81.94999694824219, 82.2699966430664, 80.81999969482422, 77.88999938964844, 74.94999694824219, 75.9800033569336, 74.25, 73.11000061035156, 79.0, 79.1500015258789, 82.48999786376953]
assets:[0, 99.99718333435058, 195.23850740509033, 287.651005821228, 420.1206063354492, 559.8290656768798, 666.5909031143188, 722.0584382171631, 787.6780948196412, 967.6758000000001, 1078.2055659614564, 1253.9182311309814, 1282.8504959396362, 1309.6356164360045, 1499.5165913406372, 1636.2133368759155, 1728.5332668304443, 1800.0898957328795, 1975.6611674964904, 2052.8361597747803, 2190.8471620880127, 2025.1385930076601, 2301.412730405426, 2463.5723447067257, 2579.386599015808, 2578.807335101318, 2718.5622012657163, 3148.458102067566, 3067.58985, 3071.8182788719178, 3239.192475, 3452.1138822288517, 3635.4716743774416, 3597.223634790039, 3635.720482533264, 3915.200602031708, 3752.234951522827, 3722.7384, 3542.3462973770143, 3551.8689620254518, 3614.9638008384704, 3634.3184646606446, 3748.508992046356, 3782.4406417175296, 3745.317253651428, 3703.946404185486, 3854.845470314026, 3867.0736500000003, 3907.7002886230466, 4322.5166, 4430.72210541687, 4717.6937168266295]
shares:[0, 1.214, 2.4887, 3.815, 5.0068, 6.0957, 7.1715, 8.3244, 9.5349, 10.6338, 11.7209, 12.7366, 13.8134, 14.9553, 16.0239, 17.067, 18.115, 19.1805, 20.2031, 21.2377, 22.2534, 23.4093, 24.4727, 25.5081, 26.5369, 27.6074, 28.6617, 29.6019, 30.5994, 31.6291, 32.6367, 33.6103, 34.561, 35.5492, 36.5546, 37.5127, 38.5398, 39.6036, 40.7541, 41.9347, 43.1277, 44.348, 45.5635, 46.8008, 48.0847, 49.4189, 50.735, 52.0818, 53.4496, 54.7154, 55.9788, 57.1911]
growth_rate:-7.5
