ticker:AMYT
price:[10.829999923706055, 11.800000190734863, 12.069999694824219, 11.850000381469727, 12.510000228881836, 12.510000228881836, 12.460000038146973, 12.767999649047852, 12.854999542236328, 13.017000198364258, 13.850000381469727, 12.989999771118164, 12.625, 13.460000038146973, 13.180000305175781, 13.109000205993652, 13.079999923706055, 14.15999984741211, 13.300000190734863, 13.5, 13.934000015258789, 13.369999885559082, 14.020000457763672, 14.149999618530273, 14.510000228881836, 14.739999771118164, 14.020000457763672, 14.079999923706055, 13.800000190734863, 13.03499984741211, 13.829999923706055, 14.0, 13.75, 13.170000076293945, 13.199999809265137, 11.25, 11.069999694824219, 12.0600004196167, 11.75, 11.550000190734863, 11.6899995803833, 11.75, 13.149999618530273, 12.199999809265137, 11.9399995803833, 11.600000381469727, 11.180000305175781, 10.3100004196167, 10.100000381469727, 10.75, 11.529999732971191, 11.350000381469727]
assets:[0, 100.00028161640168, 202.28836688537595, 298.6010496124268, 415.2319275970459, 515.2318654266357, 613.1727998772622, 728.3301111804961, 833.2932078266144, 943.7949959823609, 1104.191280412674, 1135.6273479904173, 1203.7179999999998, 1383.329967920494, 1454.5540596794128, 1546.7178253049851, 1643.2966344148635, 1878.9810037521363, 1864.8621867439272, 1992.9051000000002, 2156.9734485620497, 2169.6662004286763, 2375.147905550384, 2497.1707076787948, 2660.7030949701307, 2802.878760477066, 2765.9680363109587, 2877.805552406311, 2920.5768403663633, 2858.675836036301, 3133.0260547164917, 3271.5382, 3313.1175000000003, 3273.364008962631, 3380.8209111484525, 2981.381625, 3033.6791733680725, 3404.98433847332, 3417.4593, 3459.2897371261597, 3601.220101732922, 3719.7033749999996, 4262.902441337013, 4054.9358966051104, 4068.519037016869, 4052.6654532732014, 4005.9305053482058, 3794.198719423771, 3816.916394162178, 4162.5591, 4564.586228286553, 4593.326994380188]
shares:[0, 8.4746, 16.7596, 25.1984, 33.192, 41.1856, 49.2113, 57.0434, 64.8225, 72.5048, 79.725, 87.4232, 95.344, 102.7734, 110.3607, 117.989, 125.6343, 132.6964, 140.2152, 147.6226, 154.7993, 162.2787, 169.4114, 176.4785, 183.3703, 190.1546, 197.2873, 204.3896, 211.636, 219.3077, 226.5384, 233.6813, 240.954, 248.547, 256.1228, 265.0117, 274.0451, 282.337, 290.8476, 299.5056, 308.0599, 316.5705, 324.1751, 332.3718, 340.747, 349.3677, 358.3122, 368.0115, 377.9125, 387.2148, 395.8878, 404.6984]
growth_rate:-9.93
