ticker:AMZN
price:[3294.6201171875, 3116.219970703125, 2954.909912109375, 3095.1298828125, 3125.0, 3286.64990234375, 3272.7099609375, 3204.39990234375, 3036.14990234375, 3311.3701171875, 3128.81005859375, 3099.39990234375, 3195.340087890625, 3162.580078125, 3116.419921875, 3201.64990234375, 3172.68994140625, 3256.929931640625, 3182.699951171875, 3104.25, 3292.22998046875, 3206.199951171875, 3352.14990234375, 3277.7099609375, 3249.89990234375, 3092.929931640625, 3000.4599609375, 3089.489990234375, 3074.9599609375, 3052.030029296875, 3161.0, 3372.199951171875, 3399.43994140625, 3340.8798828125, 3467.419921875, 3291.610107421875, 3222.89990234375, 3203.080078125, 3223.070068359375, 3206.219970703125, 3346.830078125, 3486.89990234375, 3401.4599609375, 3510.97998046875, 3719.340087890625, 3573.6298828125, 3656.639892578125, 3327.590087890625, 3344.93994140625, 3293.969970703125, 3199.949951171875, 3349.6298828125]
assets:[0, 100.0306610595703, 194.7285632080078, 303.9417544921875, 406.87500000000006, 527.8359743164062, 625.74214453125, 712.65853828125, 775.1290700683595, 945.3961684570312, 993.3971936035157, 1084.1700858398438, 1217.744107495117, 1305.1967982421875, 1386.1835812499999, 1523.9853535156249, 1610.1401452636717, 1752.8796892089845, 1812.8658921875, 1868.13765, 2081.3477936523436, 2126.993047607422, 2323.7103123046877, 2372.0786987304687, 2452.049476318359, 2433.517270214844, 2460.6772139648438, 2633.790216674805, 2721.3395654296874, 2801.1531608886717, 3001.0534000000002, 3301.7209721923828, 3428.335180908203, 3469.1696703125, 3700.4305406249996, 3612.87125390625, 3637.3648297851564, 3714.932274609375, 3838.031837402344, 3918.0008041992187, 4189.896574804688, 4465.324014941406, 4455.912548828125, 4699.446703857422, 5078.386956005859, 4979.495878710937, 5194.988295385742, 4827.667699511719, 4952.852571240234, 4977.518022729492, 4935.6028046875, 5266.623064746093]
shares:[0, 0.0321, 0.0659, 0.0982, 0.1302, 0.1606, 0.1912, 0.2224, 0.2553, 0.2855, 0.3175, 0.3498, 0.3811, 0.4127, 0.4448, 0.476, 0.5075, 0.5382, 0.5696, 0.6018, 0.6322, 0.6634, 0.6932, 0.7237, 0.7545, 0.7868, 0.8201, 0.8525, 0.885, 0.9178, 0.9494, 0.9791, 1.0085, 1.0384, 1.0672, 1.0976, 1.1286, 1.1598, 1.1908, 1.222, 1.2519, 1.2806, 1.31, 1.3385, 1.3654, 1.3934, 1.4207, 1.4508, 1.4807, 1.5111, 1.5424, 1.5723]
growth_rate:3.27
