ticker:ANAB
price:[15.960000038146973, 14.4399995803833, 16.079999923706055, 14.600000381469727, 15.609999656677246, 16.84000015258789, 24.079999923706055, 25.729999542236328, 29.459999084472656, 28.899999618530273, 29.25, 26.459999084472656, 25.790000915527344, 24.15999984741211, 22.959999084472656, 22.799999237060547, 22.25, 21.5, 25.34000015258789, 26.110000610351562, 25.540000915527344, 25.920000076293945, 29.209999084472656, 35.22999954223633, 29.170000076293945, 28.700000762939453, 29.469999313354492, 21.350000381469727, 21.520000457763672, 21.209999084472656, 21.790000915527344, 20.8700008392334, 21.719999313354492, 23.610000610351562, 23.350000381469727, 26.15999984741211, 26.100000381469727, 25.3700008392334, 23.8700008392334, 22.799999237060547, 24.280000686645508, 24.329999923706055, 26.440000534057617, 25.84000015258789, 25.989999771118164, 26.06999969482422, 25.75, 22.979999542236328, 23.479999542236328, 23.56999969482422, 24.229999542236328, 25.350000381469727]
assets:[0, 99.99988509407044, 211.35712699718476, 291.9036476268769, 412.0977469364166, 544.5685569343567, 878.6936452159882, 1038.9027645168303, 1289.508349925995, 1364.9961119825361, 1481.527125, 1440.2124581680298, 1503.7453203819275, 1508.7050144714356, 1533.7692668411255, 1623.0817856880187, 1683.92895, 1727.1680999999999, 2135.647610860062, 2300.544320777893, 2350.321138251495, 2485.2899593153, 2900.7456950820924, 3598.571826241684, 3079.5731690546036, 3129.9532032043453, 3313.927945786095, 2500.8258896833418, 2620.7379357471464, 2682.9864071891784, 2856.355344012451, 2835.757278032684, 3051.2537395391464, 3416.763736328125, 3479.138381838799, 3997.826112681198, 4088.656409758568, 4074.300358776856, 3933.4085402927403, 3857.0895509330753, 4207.461894988251, 4316.1273884655, 4790.43895676136, 4781.7307882366185, 4909.487565764427, 5024.598784181977, 5062.9238000000005, 4618.290508003235, 4818.774478053665, 4937.245548074341, 5175.496403222275, 5514.727807986259]
shares:[0, 6.9252, 13.1441, 19.9934, 26.3996, 32.3378, 36.4906, 40.3771, 43.7715, 47.2317, 50.6505, 54.4298, 58.3073, 62.4464, 66.8018, 71.1878, 75.6822, 80.3334, 84.2797, 88.1097, 92.0251, 95.8831, 99.3066, 102.1451, 105.5733, 109.0576, 112.4509, 117.1347, 121.7815, 126.4963, 131.0856, 135.8772, 140.4813, 144.7168, 148.9995, 152.8221, 156.6535, 160.5952, 164.7846, 169.1706, 173.2892, 177.3994, 181.1815, 185.0515, 188.8991, 192.7349, 196.6184, 200.97, 205.2289, 209.4716, 213.5987, 217.5435]
growth_rate:8.13
