ticker:ANAT
price:[76.58000183105469, 74.97000122070312, 70.66000366210938, 67.62999725341797, 70.44000244140625, 73.11000061035156, 69.72000122070312, 72.69999694824219, 68.80000305175781, 71.52999877929688, 83.12000274658203, 84.22000122070312, 86.0999984741211, 86.20999908447266, 88.27999877929688, 94.31999969482422, 93.45999908447266, 96.12000274658203, 95.9800033569336, 97.69999694824219, 95.06999969482422, 88.37999725341797, 92.26000213623047, 91.94999694824219, 91.0, 90.0199966430664, 95.80000305175781, 103.79000091552734, 115.2699966430664, 109.70999908447266, 108.87999725341797, 110.56999969482422, 113.19999694824219, 113.88999938964844, 113.3499984741211, 121.7300033569336, 150.07000732421875, 152.8800048828125, 150.02000427246094, 147.1999969482422, 150.52000427246094, 148.97000122070312, 146.50999450683594, 153.00999450683594, 154.6699981689453, 158.61000061035156, 156.69000244140625, 164.97999572753906, 172.8000030517578, 191.69000244140625, 191.35000610351562, 192.8000030517578]
assets:[0, 100.0024846282959, 194.25141606750486, 285.9193393882751, 397.7958257873535, 512.8739652816772, 589.092178314209, 714.2702000167847, 775.9539544189453, 906.7428765258788, 1153.6640781211854, 1268.934336392212, 1397.2566052375794, 1499.045327080536, 1635.0426853912354, 1846.9082100242613, 1930.07047909317, 2085.0062635780337, 2181.9710043151854, 2321.0685974990847, 2358.591622428894, 2292.621318752289, 2493.2712017303465, 2584.889119209289, 2658.1828, 2729.5593322120667, 3004.81499571991, 3355.4269395980837, 3826.560443561554, 3741.988648773193, 3813.6743357971195, 3972.86854503479, 4167.367327651978, 4292.764634994507, 4372.408181140137, 4795.66303924942, 6012.1496544250485, 6224.723430810547, 6208.277836807251, 6191.570431636047, 6431.223066548157, 6465.000112976075, 6458.233812858582, 6844.764395268249, 7019.0173189056395, 7297.8205990829465, 7309.478930889892, 7796.19569010315, 8265.732625978088, 9269.323420056153, 9352.882138330078, 9523.761030747986]
shares:[0, 1.3339, 2.7491, 4.2277, 5.6473, 7.0151, 8.4494, 9.8249, 11.2784, 12.6764, 13.8795, 15.0669, 16.2283, 17.3883, 18.5211, 19.5813, 20.6513, 21.6917, 22.7336, 23.7571, 24.809, 25.9405, 27.0244, 28.1119, 29.2108, 30.3217, 31.3655, 32.329, 33.1965, 34.108, 35.0264, 35.9308, 36.8142, 37.6922, 38.5744, 39.3959, 40.0623, 40.7164, 41.383, 42.0623, 42.7267, 43.398, 44.0805, 44.7341, 45.3806, 46.0111, 46.6493, 47.2554, 47.8341, 48.3558, 48.8784, 49.3971]
growth_rate:86.74
