ticker:ANDE
price:[18.09000015258789, 16.59000015258789, 20.059999465942383, 19.56999969482422, 19.440000534057617, 19.610000610351562, 23.149999618530273, 23.850000381469727, 21.690000534057617, 18.18000030517578, 22.079999923706055, 21.360000610351562, 23.299999237060547, 24.020000457763672, 23.0, 21.889999389648438, 23.809999465942383, 24.510000228881836, 25.18000030517578, 24.610000610351562, 25.25, 23.0, 25.81999969482422, 26.860000610351562, 25.6299991607666, 26.139999389648438, 27.8700008392334, 30.40999984741211, 28.760000228881836, 28.90999984741211, 27.579999923706055, 27.75, 28.790000915527344, 28.0, 28.719999313354492, 30.860000610351562, 31.6200008392334, 30.3799991607666, 31.079999923706055, 33.459999084472656, 32.41999816894531, 29.31999969482422, 30.790000915527344, 29.889999389648438, 28.950000762939453, 26.530000686645508, 25.709999084472656, 26.700000762939453, 27.780000686645508, 29.030000686645508, 30.360000610351562, 30.68000030517578]
assets:[0, 99.99954391975403, 220.91475611858368, 315.5192770797729, 413.4227153575897, 517.0372760925293, 710.3739432943345, 831.85462330513, 856.5164310894012, 817.9091237297058, 1093.3684762220382, 1157.7141690811156, 1362.861225374222, 1504.9755306812285, 1541.0666999999999, 1566.6935243164064, 1804.109850533867, 1957.1504792764665, 2110.650575580597, 2162.8720526412967, 2319.119075, 2212.4643, 2583.7324914619444, 2787.80214934845, 2760.140743621445, 2915.0647679351805, 3207.9903816003803, 3600.358480934525, 3505.009987894058, 3623.2902808761596, 3556.6009541614535, 3678.5233500000004, 3916.3844365417485, 3908.9175999999998, 4109.432693750572, 4515.635879310608, 4726.845467456245, 4641.477537781334, 4848.424044098282, 5319.698182443237, 5254.351249238587, 4851.929257498932, 5195.187617476654, 5143.330611973572, 5081.579158918381, 4756.797287114716, 4709.7710252861025, 4991.127262619018, 5293.015204828835, 5631.181473194122, 5989.171968405151, 6152.300345197295]
shares:[0, 6.0277, 11.0127, 16.1226, 21.2666, 26.366, 30.6857, 34.8786, 39.489, 44.9895, 49.5185, 54.2001, 58.4919, 62.6551, 67.0029, 71.5712, 75.7711, 79.8511, 83.8225, 87.8859, 91.8463, 96.1941, 100.0671, 103.7901, 107.6918, 111.5174, 115.1055, 118.3939, 121.871, 125.33, 128.9558, 132.5594, 136.0328, 139.6042, 143.0861, 146.3265, 149.4891, 152.7807, 155.9982, 158.9868, 162.0713, 165.4819, 168.7297, 172.0753, 175.5295, 179.2988, 183.1883, 186.9336, 190.5333, 193.978, 197.2718, 200.5313]
growth_rate:20.63
