ticker:ANGI
price:[12.630000114440918, 12.34000015258789, 10.34000015258789, 10.279999732971191, 12.029999732971191, 11.3100004196167, 10.9399995803833, 11.09000015258789, 10.600000381469727, 10.010000228881836, 10.770000457763672, 11.5600004196167, 12.220000267028809, 12.039999961853027, 11.899999618530273, 12.869999885559082, 13.270000457763672, 13.199999809265137, 11.739999771118164, 11.979999542236328, 12.479999542236328, 13.979999542236328, 16.25, 15.489999771118164, 15.329999923706055, 14.949999809265137, 15.59000015258789, 16.8799991607666, 16.950000762939453, 13.8100004196167, 14.65999984741211, 14.880000114440918, 16.799999237060547, 16.190000534057617, 16.010000228881836, 13.579999923706055, 13.0600004196167, 14.0600004196167, 14.180000305175781, 13.619999885559082, 14.300000190734863, 13.5600004196167, 14.390000343322754, 12.84000015258789, 12.510000228881836, 12.199999809265137, 12.029999732971191, 11.510000228881836, 11.210000038146973, 10.380000114440918, 10.279999732971191, 10.550000190734863]
assets:[0, 99.99965923652648, 183.7924687122345, 282.7256926560402, 430.85564343633655, 505.068426738739, 588.5457214256287, 696.6150325847626, 765.8362475606918, 823.2094058229446, 985.7113678962706, 1158.014950034809, 1324.129900934601, 1404.624923549652, 1488.2924922908783, 1709.6070267980576, 1862.7418122573852, 1952.9162117811204, 1836.9119781877519, 1974.4632585544587, 2156.86964888649, 2516.1091336120603, 3024.66125, 2983.2004679199217, 3052.38694480896, 3076.724910746574, 3308.4381183815, 3682.196264929962, 3797.4663059284208, 3193.982421049118, 3490.5708856685637, 3642.952876017666, 4213.01140867424, 4160.040065226745, 4213.788833241081, 3674.2197173578265, 3633.528502744961, 4011.7469497294423, 4145.986775228119, 4082.251741699219, 4386.064598501778, 4259.093075798416, 4619.79017322092, 4222.175966175461, 4213.6620620927815, 4209.246374192619, 4250.593489649964, 4166.860641860008, 4158.254229150295, 3950.372695553398, 4012.314735777855, 4217.697011252308]
shares:[0, 8.1037, 17.7749, 27.5025, 35.8151, 44.6568, 53.7976, 62.8147, 72.2487, 82.2387, 91.5238, 100.1743, 108.3576, 116.6632, 125.0666, 132.8366, 140.3724, 147.9482, 156.4661, 164.8133, 172.8261, 179.9792, 186.133, 192.5888, 199.112, 205.801, 212.2154, 218.1396, 224.0393, 231.2804, 238.1017, 244.8221, 250.7745, 256.9512, 263.1973, 270.5611, 278.2181, 285.3305, 292.3827, 299.7248, 306.7178, 314.0924, 321.0417, 328.8299, 336.8235, 345.0202, 353.3328, 362.0209, 370.9415, 380.5754, 390.303, 399.7817]
growth_rate:-17.3
