ticker:ANGL
price:[30.389999389648438, 30.030000686645508, 30.06999969482422, 29.43000030517578, 29.65999984741211, 30.149999618530273, 29.979999542236328, 30.18000030517578, 29.889999389648438, 30.510000228881836, 30.690000534057617, 31.100000381469727, 31.469999313354492, 31.84000015258789, 31.850000381469727, 31.90999984741211, 32.130001068115234, 32.099998474121094, 32.16999816894531, 32.16999816894531, 32.130001068115234, 32.06999969482422, 32.369998931884766, 32.619998931884766, 32.4900016784668, 32.06999969482422, 31.90999984741211, 31.739999771118164, 31.3799991607666, 31.899999618530273, 31.979999542236328, 32.040000915527344, 32.150001525878906, 32.16999816894531, 32.209999084472656, 32.279998779296875, 32.13999938964844, 32.06999969482422, 32.209999084472656, 32.2400016784668, 32.52000045776367, 32.540000915527344, 32.709999084472656, 32.9900016784668, 33.13999938964844, 33.0099983215332, 33.06999969482422, 33.099998474121094, 32.900001525878906, 32.95000076293945, 32.86000061035156, 33.20000076293945]
assets:[0, 99.99990228652955, 200.13388996887207, 295.8745080680847, 398.1854979515076, 504.7622486135483, 601.9174448093414, 705.9343511383056, 799.1509796813965, 915.7271468696594, 1021.1299737693786, 1134.7705939189912, 1248.2701107639311, 1362.9462305316924, 1463.3737475269318, 1566.1300285110474, 1676.9290157470703, 1775.3642456077575, 1879.2361790374755, 1979.236618345642, 2076.777240039444, 2172.8996223228455, 2293.2266783302307, 2410.9375970558167, 2501.3305022212985, 2568.9961885536195, 2656.1788142986297, 2742.0281022268296, 2810.92618482399, 2957.506384633255, 3064.924780128479, 3170.6752866004945, 3281.5603007469176, 3383.601803411865, 3487.8082148635863, 3595.3882280364987, 3679.7953081192018, 3771.7815271080017, 3888.246144481659, 3991.866735823059, 4126.53440208664, 4229.070980986787, 4351.165853214264, 4488.411791361617, 4608.819483117676, 4690.7405674888605, 4799.267170711518, 4903.619133947754, 4973.990020690155, 5081.549117660523, 5167.66884798584, 5321.136762280274]
shares:[0, 3.33, 6.6556, 10.0535, 13.425, 16.7417, 20.0773, 23.3908, 26.7364, 30.014, 33.2724, 36.4878, 39.6654, 42.8061, 45.9458, 49.0796, 52.192, 55.3073, 58.4158, 61.5243, 64.6367, 67.7549, 70.8442, 73.9098, 76.9877, 80.1059, 83.2397, 86.3903, 89.577, 92.7118, 95.8388, 98.9599, 102.0703, 105.1788, 108.2834, 111.3813, 114.4927, 117.6109, 120.7155, 123.8172, 126.8922, 129.9653, 133.0225, 136.0537, 139.0712, 142.1006, 145.1245, 148.1456, 151.1851, 154.22, 157.2632, 160.2752]
growth_rate:4.34
