ticker:ANGN
price:[17.020000457763672, 19.540000915527344, 25.020000457763672, 17.34000015258789, 16.049999237060547, 20.450000762939453, 17.670000076293945, 18.170000076293945, 17.829999923706055, 15.479999542236328, 14.069999694824219, 13.350000381469727, 14.130000114440918, 14.239999771118164, 14.0600004196167, 15.1899995803833, 15.4399995803833, 14.670000076293945, 13.4399995803833, 13.640000343322754, 15.300000190734863, 11.529999732971191, 11.619999885559082, 10.850000381469727, 10.75, 10.630000114440918, 10.819999694824219, 11.079999923706055, 9.350000381469727, 9.979999542236328, 10.539999961853027, 10.539999961853027]
assets:[0, 99.99986268539429, 228.04479417228697, 258.0452122707367, 338.84758389282223, 531.7409198379517, 559.4551734155655, 675.2862358354569, 762.6497187366487, 762.1314614627838, 792.7122248062134, 852.1465443496704, 1001.9342871148109, 1109.7345741630554, 1195.707427685547, 1391.8064965519904, 1514.713366834259, 1539.1734740047455, 1510.1223848517418, 1632.594829092884, 1931.282304076004, 1555.4038819776536, 1667.5455135769844, 1657.045693259239, 1741.7730499999998, 1822.3296206189157, 1954.9012808624268, 2101.877093527031, 1873.6961314447403, 2099.9445976795196, 2317.7776116113664, 2417.777969249439]
shares:[0, 5.1177, 9.1145, 14.8815, 21.112, 26.002, 31.6613, 37.1649, 42.7734, 49.2333, 56.3406, 63.8312, 70.9083, 77.9308, 85.0432, 91.6265, 98.1032, 104.9198, 112.3603, 119.6917, 126.2276, 134.9006, 143.5065, 152.7231, 162.0254, 171.4327, 180.6748, 189.7001, 200.3953, 210.4153, 219.903, 229.3907]
growth_rate:-22.01
