ticker:ANGO
price:[9.140000343322754, 9.100000381469727, 9.970000267028809, 10.050000190734863, 11.5, 11.619999885559082, 11.5, 11.069999694824219, 10.34000015258789, 11.390000343322754, 12.130000114440918, 12.59000015258789, 14.359999656677246, 15.289999961853027, 14.550000190734863, 14.289999961853027, 14.140000343322754, 15.329999923706055, 18.56999969482422, 18.010000228881836, 18.200000762939453, 18.739999771118164, 20.190000534057617, 21.190000534057617, 20.200000762939453, 20.950000762939453, 21.059999465942383, 22.93000030517578, 21.31999969482422, 21.1200008392334, 23.149999618530273, 23.770000457763672, 24.229999542236328, 25.06999969482422, 24.299999237060547, 24.110000610351562, 22.950000762939453, 23.68000030517578, 23.1200008392334, 23.329999923706055, 25.229999542236328, 25.469999313354492, 27.899999618530273, 26.770000457763672, 28.110000610351562, 25.979999542236328, 26.15999984741211, 26.6299991607666, 27.18000030517578, 27.139999389648438, 27.959999084472656, 28.219999313354492]
assets:[0, 99.99990419197083, 209.56043261270526, 311.2414709069252, 456.1475, 560.9078524758339, 655.1159, 730.6199798583984, 782.4402195465087, 961.8946409938812, 1124.387934608078, 1267.0273993560793, 1545.156067057991, 1745.2250596458434, 1760.7609980816842, 1829.2971911167147, 1910.0948763775825, 2170.84603019619, 2729.6543941413884, 2747.339086914825, 2876.3226605747227, 3061.664328606224, 3398.5585618972777, 3666.8872124176028, 3595.5698358020786, 3829.0693494438174, 3949.1732058534626, 4399.835974557495, 4190.906452011108, 4251.591336943055, 4760.244136559868, 4987.73288305397, 5184.255548056793, 5463.981363487244, 5396.15989057846, 5453.969047068787, 5291.563315910339, 5559.879367652893, 5528.396800675392, 5678.6106354297635, 6241.076865764237, 6400.445272450447, 7111.087732771874, 6923.075482383728, 7369.618537016297, 6911.194282225799, 7059.077142825317, 7285.903858387756, 7536.383508618163, 7625.292224514771, 7955.6794234977715, 8129.659732190133]
shares:[0, 10.989, 21.0191, 30.9693, 39.665, 48.2709, 56.9666, 66.0, 75.6712, 84.4508, 92.6948, 100.6376, 107.6014, 114.1416, 121.0145, 128.0124, 135.0845, 141.6077, 146.9927, 152.5452, 158.0397, 163.3759, 168.3288, 173.048, 177.9985, 182.7718, 187.5201, 191.8812, 196.5716, 201.3064, 205.6261, 209.8331, 213.9602, 217.949, 222.0642, 226.2119, 230.5692, 234.7922, 239.1175, 243.4038, 247.3673, 251.2935, 254.8777, 258.6132, 262.1707, 266.0198, 269.8424, 273.5976, 277.2768, 280.9614, 284.5379, 288.0815]
growth_rate:59.41
