ticker:ANIK
price:[37.29999923706055, 36.459999084472656, 36.540000915527344, 34.220001220703125, 36.09000015258789, 38.31999969482422, 38.54999923706055, 35.209999084472656, 32.619998931884766, 32.59000015258789, 37.810001373291016, 36.20000076293945, 38.27000045776367, 37.720001220703125, 37.2599983215332, 44.79999923706055, 43.20000076293945, 45.2599983215332, 42.86000061035156, 39.22999954223633, 38.959999084472656, 37.0099983215332, 37.88999938964844, 36.58000183105469, 35.63999938964844, 36.70000076293945, 34.63999938964844, 37.06999969482422, 36.45000076293945, 36.599998474121094, 40.20000076293945, 39.79999923706055, 40.209999084472656, 41.52000045776367, 40.18000030517578, 41.97999954223633, 43.68000030517578, 44.060001373291016, 46.650001525878906, 45.959999084472656, 43.380001068115234, 39.9900016784668, 45.11000061035156, 44.16999816894531, 43.150001525878906, 40.68000030517578, 40.279998779296875, 40.130001068115234, 40.470001220703125, 41.84000015258789, 43.04999923706055, 42.15999984741211]
assets:[0, 99.99883948898317, 200.21728101654054, 287.50618425598145, 403.2191357048034, 528.1338997940063, 631.302497505951, 676.6059054069519, 726.8355542003632, 826.1662808681489, 1058.4947694454193, 1113.4215234661103, 1277.0890502758025, 1358.7347959716797, 1442.1631390342711, 1833.9999687671661, 1868.499392998886, 2057.600991693878, 2048.493729171753, 1974.9990199543, 2061.404719558716, 2058.229634655762, 2207.168244445801, 2230.857017668152, 2273.529021064758, 2441.1482607479097, 2404.1233416397095, 2672.7729269966126, 2728.071147101593, 2839.2961216278077, 3218.572861083984, 3286.548616999054, 3420.40325712204, 3631.8374800415036, 3614.6249714538576, 3876.554899728775, 4133.538892879486, 4269.497847074508, 4620.472726131439, 4652.130855329132, 4490.979680578232, 4240.023906962967, 4882.882395066833, 4881.133740653992, 4868.416182157898, 4689.736883181763, 4743.6223922424315, 4825.9576814495085, 4966.846826815796, 5234.9873470916755, 5486.382307769394, 5472.958220191956]
shares:[0, 2.7427, 5.4794, 8.4017, 11.1726, 13.7822, 16.3762, 19.2163, 22.2819, 25.3503, 27.9951, 30.7575, 33.3705, 36.0216, 38.7054, 40.9375, 43.2523, 45.4618, 47.795, 50.3441, 52.9108, 55.6128, 58.252, 60.9857, 63.7915, 66.5163, 69.4031, 72.1007, 74.8442, 77.5764, 80.064, 82.5766, 85.0635, 87.472, 89.9608, 92.3429, 94.6323, 96.9019, 99.0455, 101.2213, 103.5265, 106.0271, 108.2439, 110.5079, 112.8254, 115.2836, 117.7662, 120.2581, 122.7291, 125.1192, 127.4421, 129.814]
growth_rate:7.31
