ticker:ANIP
price:[29.149999618530273, 27.6200008392334, 30.360000610351562, 27.25, 28.59000015258789, 30.780000686645508, 29.790000915527344, 28.950000762939453, 25.489999771118164, 23.690000534057617, 27.799999237060547, 28.020000457763672, 29.479999542236328, 29.329999923706055, 29.93000030517578, 31.170000076293945, 28.0, 29.040000915527344, 31.309999465942383, 32.130001068115234, 32.09000015258789, 28.540000915527344, 30.709999084472656, 31.489999771118164, 30.239999771118164, 29.100000381469727, 29.5, 32.34000015258789, 34.33000183105469, 32.68000030517578, 34.029998779296875, 31.860000610351562, 34.18000030517578, 32.95000076293945, 33.279998779296875, 38.599998474121094, 35.060001373291016, 35.380001068115234, 34.349998474121094, 34.380001068115234, 34.849998474121094, 32.970001220703125, 33.040000915527344, 35.040000915527344, 33.34000015258789, 32.75, 33.130001068115234, 33.93000030517578, 33.060001373291016, 30.049999237060547, 27.959999084472656, 27.959999084472656]
assets:[0, 100.00097503852844, 209.92118822021484, 288.416725, 402.59866414871215, 533.4389579000473, 616.2806439399719, 698.9022334186554, 715.3717455764771, 764.8553572425842, 997.5501526233672, 1105.4450580596924, 1263.0440483875275, 1356.6180844711303, 1484.3693861351014, 1645.8663970285415, 1578.4804, 1737.1089667648314, 1972.8962933481216, 2124.5674036281584, 2221.9212375652314, 2076.119534599304, 2333.9752854194644, 2493.255370878029, 2494.2859011211394, 2500.25457277565, 2634.6214, 2988.2580560993197, 3272.1366605255125, 3214.8688860214234, 3447.674460327148, 3327.8248537521363, 3670.152728768921, 3638.078779237747, 3774.5142935516355, 4477.8931829864505, 4167.228257229232, 4305.264961975098, 4279.92736987915, 4383.666730191421, 4543.592946062469, 4398.48829885254, 4507.825740910339, 4880.697199523162, 4743.905279711533, 4759.953775, 4915.18352346611, 5133.870307175446, 5102.232661943436, 4737.691894714737, 4508.180780383301, 4608.179717108917]
shares:[0, 3.6206, 6.9144, 10.5841, 14.0818, 17.3307, 20.6875, 24.1417, 28.0648, 32.286, 35.8831, 39.452, 42.8441, 46.2536, 49.5947, 52.8029, 56.3743, 59.8178, 63.0117, 66.1241, 69.2403, 72.7442, 76.0005, 79.1761, 82.483, 85.9194, 89.3092, 92.4013, 95.3142, 98.3742, 101.3128, 104.4515, 107.3772, 110.4121, 113.4169, 116.0076, 118.8599, 121.6864, 124.5976, 127.5063, 130.3757, 133.4088, 136.4354, 139.2893, 142.2887, 145.3421, 148.3605, 151.3077, 154.3325, 157.6603, 161.2368, 164.8133]
growth_rate:-9.64
