ticker:ANIX
price:[1.7899999618530273, 2.0799999237060547, 2.5799999237060547, 2.490000009536743, 2.5999999046325684, 2.6500000953674316, 2.640000104904175, 2.259999990463257, 2.059999942779541, 2.0399999618530273, 2.1700000762939453, 2.2100000381469727, 2.7799999713897705, 2.890000104904175, 2.990000009536743, 2.7899999618530273, 2.8499999046325684, 3.069999933242798, 3.9100000858306885, 4.449999809265137, 4.210000038146973, 3.6500000953674316, 4.519999980926514, 5.25, 5.179999828338623, 5.059999942779541, 4.769999980926514, 5.840000152587891, 6.96999979019165, 5.059999942779541, 4.75, 4.5, 4.699999809265137, 4.699999809265137, 4.880000114440918, 4.369999885559082, 3.7200000286102295, 4.039999961853027, 3.9700000286102295, 4.119999885559082, 4.269999980926514, 3.950000047683716, 3.990000009536743, 3.7899999618530273, 3.7899999618530273, 3.9800000190734863, 4.25, 4.420000076293945, 4.260000228881836, 4.150000095367432, 4.389999866485596, 5.25]
assets:[0, 99.99994833202362, 224.0384213748932, 316.2230292111397, 430.1926042206287, 538.4654443781376, 636.4335372895956, 644.8256832789659, 687.7614688961029, 781.0841613941193, 930.8590737276078, 1048.0178200899124, 1418.3209574034215, 1574.4417121506929, 1728.9205625144718, 1713.2736905748368, 1850.118193090868, 2092.9343864891052, 2765.5938907091618, 3247.5426658045767, 3172.3945877451897, 2850.413554475784, 3629.827116682863, 4316.0601750000005, 4358.512461562109, 4357.5429207232, 4207.802536174536, 5251.691385216523, 6367.85732631712, 4722.8632785920145, 4533.5178, 4394.9115, 4690.240729661178, 4790.24074560299, 5073.697078983307, 4643.453939397908, 4052.780071169615, 4501.406337496281, 4523.4116805984495, 4794.321090828515, 5068.8717153580665, 4789.003362812018, 4937.49972580142, 4790.005853787804, 4890.005760781289, 5235.151133088589, 5690.2995, 6017.91143187561, 5900.068792999649, 5847.7194843811985, 6285.900328824997, 7617.3069000000005]
shares:[0, 48.0769, 86.8366, 126.9972, 165.4587, 203.1945, 241.0733, 285.3211, 333.8648, 382.8844, 428.9673, 474.2162, 510.1874, 544.7895, 578.2343, 614.0766, 649.1643, 681.7376, 707.313, 729.7849, 753.5379, 780.9352, 803.0591, 822.1067, 841.4117, 861.1745, 882.1389, 899.2622, 913.6094, 933.3722, 954.4248, 976.647, 997.9236, 1019.2002, 1039.692, 1062.5753, 1089.457, 1114.2095, 1139.3984, 1163.6702, 1187.0894, 1212.4059, 1237.4686, 1263.8538, 1290.239, 1315.3646, 1338.894, 1361.5184, 1384.9926, 1409.089, 1431.868, 1450.9156]
growth_rate:49.36
