ticker:ANNX
price:[25.09000015258789, 24.799999237060547, 22.5, 23.0, 26.969999313354492, 27.8799991607666, 30.31999969482422, 24.440000534057617, 20.809999465942383, 23.40999984741211, 22.860000610351562, 24.950000762939453, 25.1299991607666, 25.149999618530273, 24.829999923706055, 28.979999542236328, 29.979999542236328, 25.030000686645508, 22.309999465942383, 27.450000762939453, 27.020000457763672, 22.0, 24.34000015258789, 27.799999237060547, 30.1200008392334, 29.110000610351562, 31.010000228881836, 33.88999938964844, 29.829999923706055, 27.5, 27.479999542236328, 24.93000030517578, 23.420000076293945, 21.079999923706055, 19.93000030517578, 19.93000030517578, 20.530000686645508, 22.43000030517578, 21.1200008392334, 21.510000228881836, 23.850000381469727, 23.950000762939453, 23.940000534057617, 23.329999923706055, 23.270000457763672, 22.989999771118164, 21.0, 21.059999465942383, 20.68000030517578, 19.399999618530273, 16.75, 16.5]
assets:[0, 100.00103692359924, 190.72574999999998, 294.9635, 445.87611964817046, 560.9204911153794, 710.0125288536073, 672.319974691391, 672.4626467422485, 856.4805954174042, 936.3593410003662, 1121.9666043083191, 1230.0606859212874, 1331.0385798110963, 1414.103257654953, 1750.452830350113, 1910.8562168231963, 1695.3545335084916, 1611.1210734329222, 2082.3076478752137, 2149.6896204193117, 1850.3033999999998, 2147.109301460266, 2552.3262699542997, 2865.3277278366086, 2869.244676159668, 3156.520327297974, 3549.675815071106, 3224.426113753128, 3072.5695, 3170.3345711883544, 2976.1434364318848, 2895.880667433739, 2706.539186204338, 2658.8872497138977, 2758.8880192451475, 2941.9449923961643, 3314.214228092194, 3220.6501759771345, 3380.1223049669265, 3847.835041544342, 3963.969416274261, 4062.314052622795, 4058.804074726868, 4148.366251605988, 4198.449851201439, 3935.0346, 4046.276651391029, 4073.2672801094054, 3921.1492628969195, 3485.5276, 3533.5047]
shares:[0, 4.0323, 8.4767, 12.8245, 16.5323, 20.1191, 23.4173, 27.509, 32.3144, 36.5861, 40.9606, 44.9686, 48.9479, 52.924, 56.9514, 60.4021, 63.7377, 67.7329, 72.2152, 75.8582, 79.5592, 84.1047, 88.2132, 91.8103, 95.1304, 98.5656, 101.7904, 104.7411, 108.0934, 111.7298, 115.3688, 119.38, 123.6499, 128.3937, 133.4113, 138.4289, 143.2998, 147.7581, 152.4929, 157.1419, 161.3348, 165.5102, 169.6873, 173.9736, 178.271, 182.6207, 187.3826, 192.1309, 196.9665, 202.1211, 208.0912, 214.1518]
growth_rate:-30.72
