ticker:ANPC
price:[5.150000095367432, 4.539999961853027, 4.840000152587891, 4.199999809265137, 3.8499999046325684, 3.8540000915527344, 3.5, 3.5899999141693115, 3.2079999446868896, 3.7950000762939453, 3.4700000286102295, 3.4000000953674316, 6.199999809265137, 4.75, 4.21999979019165, 5.78000020980835, 5.650000095367432, 5.300000190734863, 5.650000095367432, 5.739999771118164, 5.920000076293945, 5.550000190734863, 5.940000057220459, 5.869999885559082, 7.230000019073486, 6.610000133514404, 5.800000190734863, 6.869999885559082, 7.010000228881836, 5.789999961853027, 6.010000228881836, 5.769999980926514, 5.0, 5.099999904632568, 5.75, 4.690000057220459, 4.110000133514404, 4.539999961853027, 4.320000171661377, 4.380000114440918, 4.449999809265137, 4.579999923706055, 3.9600000381469727, 4.21999979019165, 4.230000019073486, 4.21999979019165, 3.8299999237060547, 3.880000114440918, 3.940000057220459, 3.990000009536743, 3.369999885559082, 3.3499999046325684]
assets:[0, 99.99985515975952, 206.60799051361084, 279.28780731668473, 356.01372618126874, 456.38375364151, 514.4636, 627.6928169929504, 660.9022038045645, 881.8343007282257, 906.3147334725855, 988.0318677135467, 1901.704861496544, 1556.9512, 1483.2282242574215, 2131.530559372473, 2183.5894368572235, 2148.3227473132133, 2390.1929903445243, 2528.2667031856536, 2707.5505148935317, 2638.32856567049, 2923.7244581644536, 2989.2698527215002, 3781.8438279768943, 3557.5364438581464, 3221.5903859430314, 3915.9177967683795, 4095.71811272831, 3482.9113660531043, 3715.2499214897157, 3666.886917878628, 3277.545, 3443.095615615845, 3981.9215750000003, 3347.863209845686, 3033.841808555126, 3451.2507670011523, 3384.0094944684506, 3531.0093622584345, 3687.4407219497684, 3895.1639851140976, 3467.8710334062575, 3795.5593852938173, 3904.553969606018, 3995.3232033620357, 3726.087429776001, 3874.7310742855075, 4034.6494965950487, 4185.850756004857, 3635.41770654583, 3713.84238927474]
shares:[0, 22.0264, 42.6876, 66.4971, 92.4711, 118.4182, 146.9896, 174.8448, 206.0169, 232.3674, 261.1858, 290.5976, 306.7266, 327.7792, 351.4759, 368.7769, 386.476, 405.3439, 423.043, 440.4646, 457.3565, 475.3745, 492.2095, 509.2453, 523.0766, 538.2052, 555.4466, 570.0026, 584.2679, 601.5391, 618.178, 635.509, 655.509, 675.1168, 692.5081, 713.8301, 738.161, 760.1874, 783.3355, 806.1665, 828.6384, 850.4725, 875.725, 899.4217, 923.0624, 946.7591, 972.8688, 998.642, 1024.0227, 1049.0854, 1078.759, 1108.6097]
growth_rate:-27.18
