ticker:ANSS
price:[321.2099914550781, 314.0799865722656, 305.0799865722656, 312.1600036621094, 321.5799865722656, 336.82000732421875, 349.7200012207031, 330.2200012207031, 304.3699951171875, 336.79998779296875, 328.2099914550781, 318.260009765625, 330.4100036621094, 343.4700012207031, 335.19000244140625, 357.80999755859375, 364.1700134277344, 363.79998779296875, 374.6600036621094, 364.2799987792969, 374.57000732421875, 354.3699951171875, 379.4800109863281, 403.6000061035156, 395.3699951171875, 340.989990234375, 308.0299987792969, 316.8800048828125, 324.25, 342.9599914550781, 351.8500061035156, 366.70001220703125, 373.92999267578125, 371.7300109863281, 365.6600036621094, 332.3800048828125, 326.4700012207031, 330.260009765625, 337.94000244140625, 338.7799987792969, 336.4200134277344, 331.42999267578125, 343.4800109863281, 353.4100036621094, 353.760009765625, 349.7900085449219, 365.3999938964844, 368.4599914550781, 374.739990234375, 362.5899963378906, 362.2200012207031, 365.0199890136719]
assets:[0, 100.00306772460938, 197.14268732299806, 301.7026435394287, 410.81843284606936, 530.28941953125, 650.584118270874, 714.2988846405029, 758.3682798339844, 939.1667659606934, 1015.2191455688477, 1084.4391572753907, 1225.854154586792, 1374.2921688842773, 1441.1494154968261, 1638.4119788208006, 1767.5355771728516, 1865.7482373962403, 2021.440583758545, 2065.4311650787354, 2223.7846764831543, 2203.8624366333006, 2460.0171192199705, 2716.3894810791016, 2760.9872869018554, 2481.247762939453, 2341.3976267211915, 2508.67562265625, 2667.0211, 2920.9216552246094, 3096.631903717041, 3327.3259007629395, 3492.9174545837404, 3572.3625785797117, 3614.037212194824, 3385.124159729004, 3424.931488806152, 3564.69444140625, 3747.5856570739743, 3856.908652102661, 3930.0249548614506, 3971.724460229492, 4216.114090853882, 4438.016802987671, 4542.420029394531, 4591.448589163208, 4896.359918212891, 5037.363927178955, 5223.238405883789, 5153.890466946411, 5248.640261688232, 5389.228121795654]
shares:[0, 0.3184, 0.6462, 0.9665, 1.2775, 1.5744, 1.8603, 2.1631, 2.4916, 2.7885, 3.0932, 3.4074, 3.7101, 4.0012, 4.2995, 4.579, 4.8536, 5.1285, 5.3954, 5.6699, 5.9369, 6.2191, 6.4826, 6.7304, 6.9833, 7.2766, 7.6012, 7.9168, 8.2252, 8.5168, 8.801, 9.0737, 9.3411, 9.6101, 9.8836, 10.1845, 10.4908, 10.7936, 11.0895, 11.3847, 11.6819, 11.9836, 12.2747, 12.5577, 12.8404, 13.1263, 13.4, 13.6714, 13.9383, 14.2141, 14.4902, 14.7642]
growth_rate:5.67
