ticker:ANTE
price:[1.0299999713897705, 0.8399999737739563, 0.8700000047683716, 0.7599999904632568, 0.7799999713897705, 0.8399999737739563, 1.1399999856948853, 1.159999966621399, 1.0700000524520874, 1.1299999952316284, 1.0700000524520874, 1.0800000429153442, 1.2699999809265137, 1.2599999904632568, 1.2400000095367432, 1.440000057220459, 1.5700000524520874, 2.190000057220459, 2.7300000190734863, 2.450000047683716, 2.4200000762939453, 2.430000066757202, 3.4200000762939453, 3.9800000190734863, 6.170000076293945, 3.8499999046325684, 2.9000000953674316, 4.480000019073486, 4.099999904632568, 3.200000047683716, 3.299999952316284, 3.0999999046325684, 2.559999942779541, 2.5299999713897705, 3.240000009536743, 3.319999933242798, 3.049999952316284, 3.7200000286102295, 3.200000047683716, 3.359999895095825, 3.0199999809265137, 2.819999933242798, 2.6500000953674316, 2.6700000762939453, 2.630000114440918, 2.2899999618530273, 2.25, 2.2100000381469727, 2.4100000858306885, 2.5, 2.640000104904175, 2.869999885559082]
assets:[0, 99.99998087785244, 203.57138811575174, 277.83243651366234, 385.1437838730097, 514.7702119281113, 798.6167299786807, 912.6275377394556, 941.8202521686316, 1094.632577380872, 1136.5105067124725, 1247.1321015565752, 1566.5349434730051, 1654.200059479618, 1727.9429892894746, 2106.643475710487, 2396.8266070755126, 3443.344097967911, 4392.387666687965, 4041.886353666186, 4092.393885018539, 4209.304678638434, 6024.20667238903, 7110.62624407649, 11123.257627542496, 7040.768175594807, 5403.436197693729, 8447.376931964493, 7830.8579578515055, 6211.889372564364, 6506.010625990677, 6211.706958904982, 5229.667723107815, 5268.382631423068, 6846.861656153322, 7115.919864915991, 6637.215611233735, 8195.22702302885, 7149.657706538201, 7607.1402264938115, 6937.370306185484, 6577.9417142819175, 6281.399371053171, 6428.806158699989, 6432.494518901349, 5700.916891033745, 5701.33755, 5699.980605387783, 6315.816129933954, 6651.67625, 7124.170435089088, 7844.836162188053]
shares:[0, 119.0476, 233.9901, 365.569, 493.7741, 612.8217, 700.541, 786.7479, 880.2058, 968.7014, 1062.1593, 1154.7519, 1233.4921, 1312.8572, 1393.5024, 1462.9468, 1526.6411, 1572.3032, 1608.9332, 1649.7495, 1691.0718, 1732.2241, 1761.4639, 1786.5895, 1802.797, 1828.771, 1863.2538, 1885.5752, 1909.9654, 1941.2154, 1971.5184, 2003.7765, 2042.839, 2082.3647, 2113.2289, 2143.3494, 2176.1363, 2203.018, 2234.268, 2264.0299, 2297.1425, 2332.6035, 2370.3393, 2407.7925, 2445.8153, 2489.4834, 2533.9278, 2579.1767, 2620.6705, 2660.6705, 2698.5493, 2733.3925]
growth_rate:53.82
