ticker:ANY
price:[2.5799999237060547, 2.559999942779541, 2.559999942779541, 2.6500000953674316, 2.4000000953674316, 2.059999942779541, 1.7100000381469727, 1.659999966621399, 1.4800000190734863, 1.340000033378601, 1.340000033378601, 1.4700000286102295, 1.7000000476837158, 1.649999976158142, 1.600000023841858, 1.5399999618530273, 1.559999942779541, 1.4299999475479126, 2.180000066757202, 2.069999933242798, 1.899999976158142, 2.109999895095825, 3.0899999141693115, 3.4800000190734863, 3.5799999237060547, 2.5999999046325684, 2.059999942779541, 2.700000047683716, 2.950000047683716, 2.0899999141693115, 2.7100000381469727, 2.2300000190734863, 2.1500000953674316, 2.1700000762939453, 1.9700000286102295, 1.600000023841858, 1.4500000476837158, 1.4800000190734863, 1.5299999713897705, 1.6100000143051147, 2.680000066757202, 2.2100000381469727, 2.5, 2.690000057220459, 3.5, 2.430000066757202, 2.7100000381469727, 3.380000114440918, 4.860000133514404, 4.150000095367432, 4.019999980926514, 5.21999979019165]
assets:[0, 99.99999776482582, 199.99999552965164, 307.0311310493469, 378.0660150229931, 424.50666020851133, 452.3817070918083, 539.1542111589074, 580.6917714836597, 625.7615235873461, 725.7615720782876, 896.1712584419489, 1136.3884918748379, 1202.965317617619, 1266.511858872497, 1319.0176673269273, 1436.1478033224107, 1416.46885904423, 2259.372343187785, 2245.367222587228, 2160.965162883461, 2499.808660715461, 3760.857435534954, 4335.528791762543, 4560.11297081871, 3411.8137348554137, 2803.206310135555, 3774.105426653099, 4223.5596132694955, 3092.2844530081748, 4109.61316184845, 3481.711071779537, 3456.8067033333778, 3588.962909182548, 3358.182809770751, 2827.458122132409, 2662.3839475533487, 2817.467748310089, 3012.6524106649163, 3270.1768060560585, 5543.5241260858775, 4671.338960632324, 5384.32, 5893.528388364458, 7768.15935, 5493.322302913094, 6226.297715643692, 7865.640854316902, 11409.767395450259, 9842.908391191053, 9634.575968287325, 12610.568409141253]
shares:[0, 39.0625, 78.125, 115.8608, 157.5275, 206.0712, 264.5507, 324.7917, 392.3593, 466.9862, 541.6131, 609.6403, 668.4638, 729.0699, 791.5699, 856.505, 920.6076, 990.5377, 1036.4093, 1084.7185, 1137.3501, 1184.7435, 1217.106, 1245.8416, 1273.7746, 1312.2361, 1360.7798, 1397.8168, 1431.7151, 1479.562, 1516.4624, 1561.3054, 1607.817, 1653.8999, 1704.6613, 1767.1613, 1836.1268, 1903.6944, 1969.0539, 2031.1657, 2068.4791, 2113.728, 2153.728, 2190.9027, 2219.4741, 2260.6264, 2297.5268, 2327.1126, 2347.6887, 2371.7851, 2396.6607, 2415.8178]
growth_rate:147.27
