ticker:ANZUU
price:[10.029999732971191, 10.010000228881836, 10.0, 10.0, 9.989999771118164, 10.079999923706055, 10.09000015258789, 9.979999542236328, 9.989999771118164, 9.994999885559082, 9.979999542236328, 9.989999771118164, 9.949999809265137, 9.970000267028809, 9.970000267028809, 9.970000267028809, 9.970000267028809, 10.0, 9.979999542236328, 10.0, 9.947999954223633, 9.960000038146973, 9.904999732971191, 9.875, 9.859999656677246, 9.84000015258789, 9.84000015258789, 9.84000015258789]
assets:[0, 99.99990228652955, 199.89999999999998, 299.9, 399.59999084472656, 503.19964419136045, 603.6988351295471, 697.1169400245666, 797.8153677211761, 898.2146577156067, 996.8662262756347, 1097.8650108467102, 1193.4696421219826, 1295.86873070755, 1395.8688303858758, 1495.8689300642013, 1595.8690297425271, 1700.671, 1797.2691755626677, 1900.8709999999999, 1990.9867420383453, 2093.3888240177153, 2181.8287686800954, 2275.2207375, 2371.764743415737, 2466.953966254807, 2566.953951805496, 2666.953937356186]
shares:[0, 9.99, 19.99, 29.99, 40.0, 49.9206, 59.8314, 69.8514, 79.8614, 89.8664, 99.8864, 109.8964, 119.9467, 129.9768, 140.0069, 150.037, 160.0671, 170.0671, 180.0871, 190.0871, 200.1394, 210.1796, 220.2755, 230.4021, 240.5441, 250.7067, 260.8693, 271.0319]
growth_rate:-1.22
