ticker:AOSL
price:[13.319999694824219, 12.670000076293945, 12.75, 12.300000190734863, 13.069999694824219, 16.360000610351562, 16.979999542236328, 16.65999984741211, 15.859999656677246, 18.610000610351562, 20.43000030517578, 21.6200008392334, 25.030000686645508, 24.770000457763672, 24.899999618530273, 22.8799991607666, 23.43000030517578, 23.639999389648438, 27.850000381469727, 28.3700008392334, 30.860000610351562, 28.739999771118164, 33.58000183105469, 40.369998931884766, 38.88999938964844, 35.189998626708984, 32.91999816894531, 36.2400016784668, 34.880001068115234, 32.279998779296875, 34.5, 33.630001068115234, 32.099998474121094, 31.59000015258789, 31.100000381469727, 30.3799991607666, 28.469999313354492, 30.600000381469727, 32.209999084472656, 31.200000762939453, 30.15999984741211, 27.829999923706055, 28.790000915527344, 29.760000228881836, 29.139999389648438, 25.399999618530273, 25.309999465942383, 25.989999771118164, 26.520000457763672, 26.90999984741211, 25.81999969482422, 28.969999313354492]
assets:[0, 100.00050960216522, 200.63145, 293.5505745520592, 411.9271803817749, 615.6186429672241, 738.9492040786743, 825.0231844436646, 885.4066848335266, 1138.9301763534545, 1350.3147411705017, 1528.9664593505859, 1870.1215073028563, 1950.694507049942, 2060.9331284263612, 1993.740246870041, 2141.6660378952024, 2260.8609856277467, 2763.4942678524017, 2915.0941852334977, 3270.947130693054, 3146.2424989437104, 3776.091353903198, 4639.631126243973, 4569.539927284241, 4234.79258673706, 4061.6199940872193, 4571.237707718277, 4499.691049792099, 4264.278222741699, 4657.5482999999995, 4640.096034373092, 4528.99520471344, 4557.040744011688, 4586.354376255798, 4580.173737474823, 4392.217685067558, 4820.825040098, 5174.4687119224545, 5112.213725009919, 5041.8049504920955, 4752.300880971909, 5016.231567517089, 5285.239144648362, 5275.129583509826, 4698.088069441796, 4781.441080108451, 5009.9025288801195, 5212.065857965851, 5388.714014444352, 5270.442887706757, 6013.427328470039]
shares:[0, 7.8927, 15.7358, 23.8659, 31.517, 37.6295, 43.5188, 49.5212, 55.8264, 61.1999, 66.0947, 70.72, 74.7152, 78.7523, 82.7684, 87.139, 91.407, 95.6371, 99.2278, 102.7527, 105.9931, 109.4726, 112.4506, 114.9277, 117.4991, 120.3408, 123.3785, 126.1379, 129.0049, 132.1028, 135.0014, 137.9749, 141.0902, 144.2558, 147.4712, 150.7628, 154.2753, 157.5433, 160.6479, 163.853, 167.1686, 170.7618, 174.2352, 177.5954, 181.0271, 184.9641, 188.9151, 192.7627, 196.5334, 200.2495, 204.1225, 207.5743]
growth_rate:17.91
