ticker:AOUT
price:[14.630000114440918, 14.229999542236328, 13.9399995803833, 13.170000076293945, 13.109999656677246, 15.010000228881836, 15.010000228881836, 15.079999923706055, 15.130000114440918, 14.880000114440918, 14.199999809265137, 14.239999771118164, 14.229999542236328, 13.84000015258789, 13.90999984741211, 17.850000381469727, 17.479999542236328, 17.030000686645508, 19.010000228881836, 19.729999542236328, 19.84000015258789, 18.979999542236328, 19.489999771118164, 23.309999465942383, 23.329999923706055, 20.010000228881836, 21.329999923706055, 22.700000762939453, 26.139999389648438, 26.100000381469727, 26.06999969482422, 26.56999969482422, 26.329999923706055, 26.610000610351562, 25.850000381469727, 27.540000915527344, 29.75, 31.559999465942383, 32.029998779296875, 31.31999969482422, 32.11000061035156, 32.349998474121094, 32.529998779296875, 34.0, 33.790000915527344, 28.040000915527344, 27.3700008392334, 26.979999542236328, 28.65999984741211, 27.510000228881836, 27.09000015258789, 27.209999084472656]
assets:[0, 99.99989878311158, 197.96193404102326, 287.02698166275025, 385.7197878988266, 541.6208482589722, 641.6204717838287, 744.6126962327957, 847.0818034071922, 933.0846311762809, 990.4443066963196, 1093.2346864282608, 1192.466846639633, 1259.7846298892975, 1366.156725013733, 1853.1192096027373, 1914.7067098579407, 1965.4153492450714, 2293.9253216190336, 2480.806736441803, 2594.6375239551544, 2582.168201722717, 2751.551391687012, 3390.8496783119203, 3493.758475574684, 3096.5755494197842, 3400.846655835724, 3719.279355003738, 4382.906767662049, 4476.1996554227835, 4571.053785491181, 4758.721486342621, 4815.735922045898, 4966.948205926514, 4925.0894176797865, 5347.07844975586, 5876.163475, 6333.6721448217395, 6527.99561520996, 6483.290048828125, 6746.8216772445685, 6897.249359671783, 7035.627171984864, 7453.5616, 7507.526604413605, 6329.97973467865, 6278.727458521653, 6289.259129291535, 6780.881447898101, 6608.793378984833, 6607.895779219818, 6737.165842316436]
shares:[0, 7.0274, 14.201, 21.794, 29.4218, 36.084, 42.7462, 49.3775, 55.9869, 62.7073, 69.7496, 76.7721, 83.7995, 91.0249, 98.214, 103.8162, 109.537, 115.409, 120.6694, 125.7378, 130.7781, 136.0468, 141.1776, 145.4676, 149.7539, 154.7514, 159.4396, 163.8449, 167.6705, 171.5019, 175.3377, 179.1013, 182.8992, 186.6572, 190.5257, 194.1568, 197.5181, 200.6867, 203.8088, 207.0016, 210.1159, 213.2071, 216.2812, 219.2224, 222.1819, 225.7482, 229.4018, 233.1082, 236.5974, 240.2324, 243.9238, 247.5989]
growth_rate:32.1
