ticker:APA
price:[14.600000381469727, 11.890000343322754, 12.649999618530273, 9.850000381469727, 9.739999771118164, 9.670000076293945, 9.369999885559082, 9.279999732971191, 8.300000190734863, 8.539999961853027, 10.319999694824219, 11.4399995803833, 13.920000076293945, 15.180000305175781, 16.100000381469727, 15.329999923706055, 14.430000305175781, 14.1899995803833, 16.579999923706055, 17.270000457763672, 16.3799991607666, 14.279999732971191, 16.219999313354492, 17.479999542236328, 18.020000457763672, 19.729999542236328, 23.25, 21.229999542236328, 19.479999542236328, 18.790000915527344, 18.850000381469727, 17.260000228881836, 17.799999237060547, 18.18000030517578, 20.0, 21.59000015258789, 21.559999465942383, 20.889999389648438, 20.799999237060547, 23.420000076293945, 22.6299991607666, 20.649999618530273, 22.200000762939453, 21.469999313354492, 20.56999969482422, 17.979999542236328, 18.209999084472656, 18.75, 18.329999923706055, 17.8799991607666, 16.06999969482422, 18.739999771118164]
assets:[0, 99.99965888748169, 206.39106877613068, 260.7078400966644, 357.79596959209437, 455.2249235916138, 541.10250139122, 635.9054857020378, 668.7517653679848, 788.0891304797173, 1052.3510088806152, 1266.5601055428506, 1641.1290329948424, 1889.6793019897461, 2104.2056498565676, 2103.570325531006, 2080.072999990845, 2145.476852555466, 2606.836912004471, 2815.32438862381, 2770.237874066162, 2515.079232969284, 2956.7631388305663, 3286.4496739349365, 3487.976516605377, 3918.965863074493, 4718.143425, 4408.222580949402, 4144.851058599472, 4098.037192673492, 4211.122130220985, 3955.912656458664, 4179.678340851593, 4368.906775337982, 4906.278, 5396.327701138687, 5488.828748037529, 5418.257942692566, 5494.914678447723, 6287.063890480996, 6174.989033000564, 5734.711394062042, 6265.162115312576, 6159.145937020493, 6000.960062969971, 5345.369357909011, 5513.747350790406, 5777.251875, 5747.840724076081, 5706.730724143219, 5229.036484698487, 6197.831400302505]
shares:[0, 8.4104, 16.3155, 26.4678, 36.7347, 47.076, 57.7484, 68.5243, 80.5725, 92.2821, 101.972, 110.7133, 117.8972, 124.4848, 130.696, 137.2192, 144.1492, 151.1964, 157.2278, 163.0182, 169.1232, 176.126, 182.2912, 188.012, 193.5614, 198.6298, 202.9309, 207.6412, 212.7747, 218.0967, 223.4017, 229.1954, 234.8134, 240.3139, 245.3139, 249.9457, 254.5839, 259.3709, 264.1786, 268.4485, 272.8674, 277.71, 282.2145, 286.8722, 291.7336, 297.2953, 302.7868, 308.1201, 313.5756, 319.1684, 325.3912, 330.7274]
growth_rate:21.53
