ticker:APDN
price:[7.650000095367432, 8.119999885559082, 7.760000228881836, 7.650000095367432, 7.400000095367432, 7.639999866485596, 7.699999809265137, 7.699999809265137, 7.710000038146973, 7.190000057220459, 6.760000228881836, 7.050000190734863, 7.179999828338623, 7.159999847412109, 6.349999904632568, 5.159999847412109, 5.420000076293945, 5.099999904632568, 11.640000343322754, 11.0, 10.460000038146973, 11.140000343322754, 10.819999694824219, 11.869999885559082, 11.140000343322754, 8.949999809265137, 7.929999828338623, 9.260000228881836, 8.770000457763672, 7.78000020980835, 7.599999904632568, 7.099999904632568, 6.300000190734863, 6.760000228881836, 6.869999885559082, 5.849999904632568, 6.179999828338623, 6.010000228881836, 5.789999961853027, 5.800000190734863, 6.679999828338623, 6.730000019073486, 7.010000228881836, 6.360000133514404, 5.829999923706055, 5.309999942779541, 5.599999904632568, 5.380000114440918, 6.800000190734863, 6.010000228881836, 5.679999828338623, 5.820000171661377]
assets:[0, 100.00023459062577, 195.56674976825713, 292.794573650074, 383.2260249388218, 495.65492333807947, 599.547395148754, 699.5472926716805, 800.4560589604378, 846.4693597364902, 895.8460463317872, 1034.2773279819487, 1153.349220425415, 1250.136689358139, 1208.7104168469905, 1082.1959319980622, 1236.7253194086074, 1263.708066369295, 2984.2283680200576, 2920.1468999999997, 2876.793936491489, 3163.8135695053097, 3172.931368508148, 3580.8406704764366, 3460.6210546525954, 2880.3014686174392, 2652.0433235909936, 3196.837287017059, 3127.674204253769, 2874.607381521416, 2908.099683508158, 2816.777282164955, 2599.393938697624, 2889.190973822975, 3036.2040064227103, 2685.4137912220476, 2936.898452421999, 2956.10996457901, 2947.8997365779874, 3052.9913403985975, 3616.203879071474, 3743.2711016088006, 3999.0088505706785, 3728.202186265516, 3517.5187939682005, 3303.7778883985516, 3584.2099389612677, 3543.4020373736384, 4578.649568427658, 4146.718054921532, 4019.0275825366493, 4218.0881924128535]
shares:[0, 12.3153, 25.2019, 38.2738, 51.7873, 64.8763, 77.8633, 90.8503, 103.8205, 117.7287, 132.5216, 146.706, 160.6336, 174.6001, 190.3481, 209.7279, 228.1781, 247.7859, 256.377, 265.4679, 275.0281, 284.0048, 293.2469, 301.6715, 310.6482, 321.8214, 334.4317, 345.2308, 356.6333, 369.4868, 382.6447, 396.7292, 412.6022, 427.3951, 441.9511, 459.0451, 475.2263, 491.8652, 509.1364, 526.3778, 541.3479, 556.2067, 570.472, 586.1953, 603.348, 622.1804, 640.0375, 658.6249, 673.3308, 689.9697, 707.5753, 724.7574]
growth_rate:-17.29
