ticker:APEI
price:[29.610000610351562, 27.219999313354492, 27.979999542236328, 27.84000015258789, 29.15999984741211, 30.149999618530273, 30.309999465942383, 29.59000015258789, 28.270000457763672, 29.200000762939453, 31.219999313354492, 31.100000381469727, 31.229999542236328, 32.5, 32.400001525878906, 35.0, 31.75, 30.479999542236328, 31.8700008392334, 31.170000076293945, 29.579999923706055, 28.780000686645508, 29.860000610351562, 31.389999389648438, 29.690000534057617, 29.440000534057617, 27.809999465942383, 33.40999984741211, 38.81999969482422, 37.220001220703125, 36.290000915527344, 34.630001068115234, 34.310001373291016, 32.400001525878906, 30.459999084472656, 30.81999969482422, 27.3700008392334, 28.110000610351562, 28.0, 28.43000030517578, 28.299999237060547, 29.059999465942383, 28.260000228881836, 28.510000228881836, 28.489999771118164, 28.510000228881836, 28.469999313354492, 29.6200008392334, 29.100000381469727, 27.700000762939453, 26.59000015258789, 26.540000915527344]
assets:[0, 100.00083347740173, 202.79344068222045, 301.78003365402225, 416.08986982269283, 530.2148782915115, 633.0273698461533, 717.9895177024841, 785.9597257266998, 911.8167438240051, 1074.895210359001, 1170.762624360466, 1275.6549143016814, 1427.53, 1523.1370317321775, 1745.3625, 1683.292925, 1715.9599662288665, 1894.2126218803405, 1952.6072507793426, 1953.0047049627306, 2000.1841457212447, 2175.244310462952, 2386.700935592651, 2357.4424534051896, 2437.5908282192227, 2402.628217860413, 2986.43636136055, 3570.023041934967, 3522.880559539795, 3534.8565711776732, 3473.1640121250152, 3541.0700527347567, 3443.9419621925354, 3337.7305496788026, 3477.177087569428, 3187.9400067502975, 3374.133325262451, 3460.9288, 3614.078498794556, 3697.5533803176877, 3896.852936384583, 3889.5764355022434, 4023.984111305046, 4121.161087891578, 4224.053037911224, 4318.127358854485, 4592.551510122299, 4611.925200457382, 4490.045473669052, 4410.119042307663, 4501.8264232955935]
shares:[0, 3.6738, 7.2478, 10.8398, 14.2692, 17.5859, 20.8851, 24.2646, 27.8019, 31.2266, 34.4297, 37.6451, 40.8471, 43.924, 47.0104, 49.8675, 53.0171, 56.2979, 59.4356, 62.6438, 66.0245, 69.4991, 72.8481, 76.0338, 79.4019, 82.7986, 86.3944, 89.3875, 91.9635, 94.6502, 97.4058, 100.2935, 103.2081, 106.2945, 109.5775, 112.8221, 116.4757, 120.0332, 123.6046, 127.122, 130.6556, 134.0968, 137.6354, 141.1429, 144.6529, 148.1604, 151.6729, 155.049, 158.4854, 162.0955, 165.8563, 169.6242]
growth_rate:-11.73
