ticker:APEN
price:[1.3300000429153442, 1.5099999904632568, 1.4800000190734863, 1.409999966621399, 1.7200000286102295, 1.659999966621399, 1.75, 1.7300000190734863, 1.75, 2.049999952316284, 2.1500000953674316, 2.549999952316284, 2.7799999713897705, 3.740000009536743, 4.039999961853027, 3.5, 3.5899999141693115, 3.4000000953674316, 3.6700000762939453, 3.9000000953674316, 4.409999847412109, 4.170000076293945, 4.789999961853027, 5.119999885559082, 4.849999904632568, 4.690000057220459, 5.949999809265137, 6.119999885559082, 5.800000190734863, 5.489999771118164, 5.5, 5.659999847412109, 5.630000114440918, 5.630000114440918, 5.590000152587891, 6.300000190734863, 6.860000133514404, 7.03000020980835, 7.199999809265137, 7.75, 7.800000190734863, 8.800000190734863, 8.550000190734863, 8.239999771118164, 8.180000305175781, 7.599999904632568, 7.800000190734863, 8.09000015258789, 8.65999984741211, 8.899999618530273, 7.75, 8.460000038146973]
assets:[0, 100.00005136842728, 198.01334655189515, 288.64786116690635, 452.1094035203219, 536.3381872155309, 665.4168500000001, 757.8121493549824, 866.57305, 1115.1284290617227, 1269.5249613122464, 1605.7155899739266, 1850.5447889552115, 2589.581990603256, 2897.302536642742, 2610.03925, 2777.154646603036, 2730.174576579332, 3046.982698342323, 3337.9379316232203, 3874.43711794281, 3763.5835288581848, 4423.156856774521, 4827.883924088383, 4673.28870310731, 4619.118679355669, 5960.0755389421465, 6230.3636794953345, 6004.593457462978, 5783.657662875366, 5894.1927, 6165.659705780029, 6232.979882697678, 6332.979944730378, 6387.985531370164, 7299.339610990238, 8048.169992639447, 8347.614871132184, 8649.477130867099, 9410.201125, 9570.912234039306, 10897.951916206743, 10688.350963437557, 10400.819407097244, 10425.085642934417, 9785.898197203158, 10143.422108038998, 10620.548964317322, 11468.8439519207, 11886.687300515558, 10450.767275, 11508.19219589157]
shares:[0, 66.2252, 133.7928, 204.7148, 262.8543, 323.0953, 380.2382, 438.0417, 495.1846, 543.9651, 590.4767, 629.6924, 665.6636, 692.4016, 717.1541, 745.7255, 773.5807, 802.9925, 830.2405, 855.8815, 878.5572, 902.538, 923.4148, 942.9461, 963.5647, 984.8867, 1001.6934, 1018.0333, 1035.2747, 1053.4896, 1071.6714, 1089.3392, 1107.1012, 1124.8632, 1142.7523, 1158.6253, 1173.2026, 1187.4274, 1201.3163, 1214.2195, 1227.04, 1238.4036, 1250.0995, 1262.2354, 1274.4603, 1287.6182, 1300.4387, 1312.7996, 1324.3469, 1335.5829, 1348.4861, 1360.3064]
growth_rate:125.65
