ticker:API
price:[52.7599983215332, 48.400001525878906, 47.86000061035156, 46.47999954223633, 43.9900016784668, 45.04999923706055, 42.0, 42.150001525878906, 38.5, 43.25, 39.0, 36.650001525878906, 40.650001525878906, 39.2400016784668, 47.529998779296875, 45.77000045776367, 42.41999816894531, 39.560001373291016, 43.619998931884766, 37.13999938964844, 46.380001068115234, 56.4900016784668, 99.0, 106.13999938964844, 98.08000183105469, 60.869998931884766, 57.63999938964844, 65.38999938964844, 57.689998626708984, 51.400001525878906, 53.720001220703125, 56.4900016784668, 56.72999954223633, 59.79999923706055, 48.61000061035156, 42.970001220703125, 37.630001068115234, 41.439998626708984, 44.689998626708984, 43.40999984741211, 44.0, 39.970001220703125, 41.75, 39.400001525878906, 37.900001525878906, 35.16999816894531, 26.010000228881836, 31.579999923706055, 28.6299991607666, 28.510000228881836, 27.09000015258789, 29.780000686645508]
assets:[0, 99.9992431526184, 198.8822325363159, 293.14935711288456, 377.4430124015808, 486.53999176025394, 553.602, 655.5800487327575, 698.80965, 885.02475, 898.0569, 943.9427792999268, 1146.9641830535888, 1207.1794116363526, 1562.2112468780517, 1604.3620950458528, 1586.936373500061, 1579.943378846359, 1842.0900028930666, 1668.4364785812377, 2183.5240702857973, 2759.4913899917606, 4936.070699999999, 5392.071178993225, 5082.613582887268, 3254.3475358943942, 3181.658798309326, 3709.450424375915, 3372.6438547153475, 3104.919892173767, 3345.063896011353, 3617.546270486832, 3732.9133918785096, 4034.9212285217286, 3379.892230438232, 3087.7383477172853, 2804.0183445911407, 3187.921078354645, 3537.937369281769, 3536.6040055686954, 3684.67, 3447.1887732788086, 3700.7033, 3592.401519126129, 3555.6341231521606, 3399.514438011169, 2614.114265003586, 3273.9238560905455, 3068.0937780647278, 3155.2330863306042, 3098.0801424503325, 3505.7165708322527]
shares:[0, 2.0661, 4.1555, 6.307, 8.5802, 10.8, 13.181, 15.5535, 18.1509, 20.463, 23.0271, 25.7556, 28.2156, 30.764, 32.8679, 35.0527, 37.4101, 39.9379, 42.2304, 44.9229, 47.079, 48.8492, 49.8593, 50.8015, 51.8211, 53.4639, 55.1988, 56.7281, 58.4615, 60.407, 62.2685, 64.0387, 65.8014, 67.4736, 69.5308, 71.858, 74.5155, 76.9286, 79.1662, 81.4698, 83.7425, 86.2444, 88.6396, 91.1777, 93.8162, 96.6595, 100.5042, 103.6708, 107.1636, 110.6711, 114.3625, 117.7205]
growth_rate:-31.26
