ticker:APLS
price:[30.530000686645508, 28.65999984741211, 32.61000061035156, 30.770000457763672, 30.790000915527344, 36.290000915527344, 34.810001373291016, 35.79999923706055, 31.899999618530273, 36.0099983215332, 38.72999954223633, 45.43000030517578, 47.220001220703125, 49.959999084472656, 47.86000061035156, 52.83000183105469, 55.439998626708984, 57.20000076293945, 57.38999938964844, 52.400001525878906, 45.68000030517578, 44.27000045776367, 46.18000030517578, 46.650001525878906, 45.72999954223633, 48.16999816894531, 48.810001373291016, 46.65999984741211, 43.95000076293945, 41.4900016784668, 43.29999923706055, 41.560001373291016, 45.56999969482422, 44.209999084472656, 50.66999816894531, 47.06999969482422, 44.2599983215332, 47.83000183105469, 56.279998779296875, 57.130001068115234, 62.119998931884766, 60.11000061035156, 63.0, 69.83999633789062, 67.0, 62.029998779296875, 68.11000061035156, 63.9900016784668, 63.380001068115234, 57.459999084472656, 61.25, 66.38999938964844]
assets:[0, 100.00047146759033, 213.78138100128174, 301.7183164886475, 401.9141979507446, 573.7086244735717, 650.3100026554107, 768.8049836158752, 785.0526106121063, 986.1986220321655, 1160.691610281372, 1461.483109817505, 1619.0652358551026, 1813.0133947761535, 1836.8046054244996, 2127.548701739502, 2332.660118218231, 2506.71567343483, 2615.044190188599, 2487.669112440491, 2268.6378311561584, 2298.61352576828, 2497.7838565063475, 2623.204225802612, 2671.4688322582247, 2914.0103202316286, 3052.7287968898772, 3018.262748129654, 2942.9623710876467, 2878.2360984382626, 3103.800235311508, 3079.0766017436986, 3476.166159720611, 3472.4213260910037, 4079.816510568237, 3889.954207779694, 3757.7313954959873, 4160.82751928711, 4995.907955639648, 5171.361992684936, 5723.053381595611, 5637.873243246459, 6008.9337000000005, 6761.328773464966, 6586.381399999999, 6197.807967031861, 6905.298356880188, 6587.591500793456, 6624.794611644746, 6106.004040711212, 6608.7525, 7263.351410224915]
shares:[0, 3.4892, 6.5557, 9.8056, 13.0534, 15.809, 18.6817, 21.475, 24.6098, 27.3868, 29.9688, 32.17, 34.2877, 36.2893, 38.3787, 40.2716, 42.0754, 43.8237, 45.5662, 47.4746, 49.6637, 51.9226, 54.088, 56.2316, 58.4183, 60.4943, 62.5431, 64.6863, 66.9616, 69.3718, 71.6813, 74.0875, 76.2819, 78.5438, 80.5174, 82.6419, 84.9013, 86.992, 88.7688, 90.5192, 92.129, 93.7926, 95.3799, 96.8117, 98.3042, 99.9163, 101.3845, 102.9472, 104.525, 106.2653, 107.898, 109.4043]
growth_rate:42.42
