ticker:APLT
price:[23.760000228881836, 24.260000228881836, 24.360000610351562, 19.8700008392334, 20.020000457763672, 22.860000610351562, 23.459999084472656, 22.579999923706055, 16.270000457763672, 16.5, 16.40999984741211, 19.5, 23.5, 21.5, 22.399999618530273, 22.899999618530273, 22.299999237060547, 22.010000228881836, 23.049999237060547, 21.889999389648438, 19.729999542236328, 20.940000534057617, 26.489999771118164, 21.790000915527344, 21.899999618530273, 21.719999313354492, 17.950000762939453, 19.469999313354492, 20.329999923706055, 19.850000381469727, 18.209999084472656, 16.75, 16.389999389648438, 16.579999923706055, 18.520000457763672, 17.43000030517578, 14.050000190734863, 17.110000610351562, 19.229999542236328, 19.520000457763672, 23.0, 22.440000534057617, 24.770000457763672, 20.809999465942383, 22.059999465942383, 19.600000381469727, 19.100000381469727, 17.209999084472656, 18.25, 16.059999465942383, 16.15999984741211, 15.460000038146973]
assets:[0, 99.99972094345092, 200.41216102142334, 263.47223712806704, 365.4611043563843, 517.3058118118287, 630.8839493797302, 707.2191456104279, 609.5864801509857, 718.20375, 814.2855254283904, 1067.61525, 1386.6128, 1368.604, 1525.8946940141677, 1659.9545623483657, 1716.4621612754822, 1794.140766657257, 1978.9161944992065, 1979.326579811096, 1884.0156832881928, 2099.5575295475005, 2756.0301721870424, 2367.0412624534606, 2478.990166819191, 2558.615919113159, 2214.509544124603, 2502.033148761177, 2712.5485368204118, 2748.5044978197097, 2621.424060205078, 2511.248775, 2557.275878768921, 2686.9216276359557, 3101.3148286560063, 3018.7854168548583, 2533.386444391823, 3185.1412506210327, 3679.793099403763, 3835.2877379413603, 4619.0371, 4606.573069633484, 5184.883742819596, 4455.972350644111, 4823.630659223175, 4385.727445358276, 4373.846607355499, 4041.0420230270383, 4385.243225, 3959.0147083473207, 4083.6658974407196, 4006.7743938865656]
shares:[0, 4.122, 8.2271, 13.2598, 18.2548, 22.6293, 26.8919, 31.3206, 37.4669, 43.5275, 49.6213, 54.7495, 59.0048, 63.656, 68.1203, 72.4871, 76.9714, 81.5148, 85.8532, 90.4215, 95.4899, 100.2654, 104.0404, 108.6297, 113.1959, 117.8, 123.371, 128.5071, 133.4259, 138.4637, 143.9552, 149.9253, 156.0266, 162.058, 167.4576, 173.1948, 180.3122, 186.1567, 191.3569, 196.4799, 200.8277, 205.284, 209.3211, 214.1265, 218.6596, 223.7616, 228.9972, 234.8078, 240.2873, 246.514, 252.7021, 259.1704]
growth_rate:-21.44
