ticker:APM
price:[1.600000023841858, 1.7599999904632568, 1.690000057220459, 1.309999942779541, 2.5799999237060547, 2.8499999046325684, 2.759999990463257, 2.25, 2.0999999046325684, 2.0299999713897705, 2.190000057220459, 2.3299999237060547, 2.4600000381469727, 2.559999942779541, 2.759999990463257, 2.630000114440918, 2.5899999141693115, 2.4700000286102295, 2.700000047683716, 3.309999942779541, 3.5999999046325684, 3.200000047683716, 3.5899999141693115, 3.4200000762939453, 3.890000104904175, 3.069999933242798, 2.690000057220459, 3.259999990463257, 3.309999942779541, 2.9200000762939453, 3.109999895095825, 2.869999885559082, 2.640000104904175, 2.509999990463257, 2.640000104904175, 2.490000009536743, 2.4100000858306885, 2.380000114440918, 2.799999952316284, 3.190000057220459, 2.9000000953674316, 3.430000066757202, 3.1500000953674316, 3.130000114440918, 3.0199999809265137, 2.819999933242798, 2.640000104904175, 2.569999933242798, 2.5999999046325684, 2.5399999618530273, 2.390000104904175, 2.549999952316284]
assets:[0, 100.00003145813942, 196.0227686369896, 251.9466559950352, 596.2003143695831, 758.5933096157551, 834.6377971160412, 780.41115, 828.3836023805618, 900.7708723047971, 1071.767632003212, 1240.2824923879625, 1409.4828518567085, 1566.778844979763, 1789.1835178177596, 1804.91042953825, 1877.4590807823897, 1890.4725668975116, 2166.508388261914, 2755.978772356987, 3097.439197945881, 2853.2794025171756, 3301.0228710782526, 3244.707288383484, 3790.6172152240515, 3091.5666827738282, 2808.8972527495857, 3504.0908597491975, 3657.834596766472, 3326.851278924179, 3643.3241361061337, 3462.167248946476, 3284.7116265227082, 3222.9642327543497, 3489.8908506757975, 3391.6013739898917, 3382.6344274704693, 3440.5269754357337, 4147.678569365454, 4825.391228555202, 4486.719487547207, 5406.706018229317, 5065.342218355131, 5133.1814076824185, 5052.7819000880245, 4818.160517940808, 4610.618679209519, 4588.367113814568, 4741.927666067124, 4732.498718925, 4553.020704845548, 4957.825167291165]
shares:[0, 56.8182, 115.9898, 192.3257, 231.0854, 266.1731, 302.405, 346.8494, 394.4684, 443.7295, 489.3916, 532.3101, 572.9605, 612.023, 648.2549, 686.2777, 724.8877, 765.3735, 802.4105, 832.622, 860.3998, 891.6498, 919.505, 948.7448, 974.4517, 1007.025, 1044.1997, 1074.8745, 1105.086, 1139.3326, 1171.4869, 1206.3301, 1244.2089, 1284.0495, 1321.9283, 1362.0889, 1403.5827, 1445.5995, 1481.3138, 1512.6618, 1547.1446, 1576.2991, 1608.0451, 1639.994, 1673.1066, 1708.5676, 1746.4464, 1785.3569, 1823.8184, 1863.1885, 1905.0295, 1944.2452]
growth_rate:-2.79
