ticker:APOG
price:[20.969999313354492, 19.489999771118164, 22.56999969482422, 20.81999969482422, 21.34000015258789, 25.450000762939453, 25.610000610351562, 27.139999389648438, 23.889999389648438, 24.100000381469727, 24.93000030517578, 26.479999542236328, 27.600000381469727, 28.360000610351562, 28.739999771118164, 32.540000915527344, 32.650001525878906, 31.68000030517578, 34.72999954223633, 36.790000915527344, 37.880001068115234, 35.099998474121094, 36.939998626708984, 37.5099983215332, 37.33000183105469, 37.400001525878906, 38.38999938964844, 42.560001373291016, 39.75, 39.029998779296875, 41.369998931884766, 36.54999923706055, 36.15999984741211, 36.13999938964844, 35.130001068115234, 36.599998474121094, 39.349998474121094, 37.810001373291016, 38.0099983215332, 38.290000915527344, 39.380001068115234, 36.7400016784668, 43.29999923706055, 40.33000183105469, 39.400001525878906, 36.7400016784668, 38.5, 39.66999816894531, 40.5, 41.709999084472656, 41.36000061035156, 43.709999084472656]
assets:[0, 99.99929082565308, 215.80305208206178, 299.07096761627196, 406.5398069068909, 584.8384725322724, 688.5146224090576, 829.648069342041, 830.2993177871704, 937.5984648408889, 1069.8884140968323, 1236.406786626053, 1388.7022991937638, 1526.9421368621827, 1647.4026528802872, 1965.2208152923583, 2071.8646168273926, 2110.3125323287964, 2413.484912188721, 2656.639077111053, 2835.34838394928, 2727.262861439514, 2970.2307755779266, 3116.064339564896, 3201.1111180160524, 3307.1138349266053, 3494.653161439514, 3974.248672237778, 3811.8501, 3842.803910812378, 4173.194505253982, 3786.9783159511567, 3846.57060776825, 3944.4424093841553, 3934.208819618225, 4198.832344947815, 4614.318546070099, 4533.732987668991, 4657.714786322022, 4792.02424657898, 5028.440212387848, 4791.337098892212, 5746.840848741531, 5452.656577560425, 5426.920750173187, 5160.533701758957, 5507.74455, 5775.122630436707, 5995.9521, 6275.090009262847, 6322.434453300476, 6781.6631809547425]
shares:[0, 5.1308, 9.5615, 14.3646, 19.0506, 22.9799, 26.8846, 30.5692, 34.7551, 38.9045, 42.9157, 46.6921, 50.3153, 53.8414, 57.3209, 60.394, 63.4568, 66.6134, 69.4928, 72.2109, 74.8508, 77.6998, 80.4069, 83.0729, 85.7517, 88.4255, 91.0303, 93.3799, 95.8956, 98.4577, 100.8749, 103.6109, 106.3764, 109.1434, 111.99, 114.7222, 117.2635, 119.9083, 122.5392, 125.1508, 127.6902, 130.412, 132.7215, 135.201, 137.7391, 140.4609, 143.0583, 145.5791, 148.0482, 150.4457, 152.8635, 155.1513]
growth_rate:32.97
