ticker:APOP
price:[1.8899999856948853, 2.059999942779541, 2.180000066757202, 2.25, 2.0399999618530273, 2.2100000381469727, 2.2309999465942383, 1.9490000009536743, 1.809999942779541, 1.75, 1.8830000162124634, 1.809999942779541, 1.9199999570846558, 2.130000114440918, 2.2899999618530273, 2.259000062942505, 2.309999942779541, 2.1600000858306885, 2.75, 2.740000009536743, 3.1700000762939453, 2.880000114440918, 3.2200000286102295, 4.039999961853027, 3.990000009536743, 3.3399999141693115, 2.859999895095825, 3.859999895095825, 3.619999885559082, 4.019999980926514, 3.049999952316284, 2.9200000762939453, 2.5399999618530273, 2.4200000762939453, 2.5199999809265137, 2.5, 2.619999885559082, 2.799999952316284, 3.130000114440918, 3.1500000953674316, 3.0399999618530273, 3.9100000858306885, 3.7699999809265137, 3.619999885559082, 3.630000114440918, 4.050000190734863, 4.070000171661377, 4.269999980926514, 4.199999809265137, 3.9000000953674316, 4.110000133514404, 4.190000057220459]
assets:[0, 100.0000192223072, 205.82536030290126, 312.434325, 383.2737648329735, 515.2133308931351, 620.1091123558044, 641.7269607140064, 695.9598199982643, 772.889425, 931.6289454212426, 995.5115525283813, 1156.0121981611132, 1382.451227276516, 1586.2971715753554, 1664.8234087869646, 1802.4088713529586, 1785.3694549442052, 2373.039625, 2464.4105345775365, 2951.1610230270385, 2781.1809745141986, 3209.5147425170658, 4126.844609033013, 4175.770020980764, 3595.5065676033496, 3178.786923402786, 4390.250782685065, 4217.281766676902, 4783.279789305019, 3729.1053166991474, 3670.1600678941727, 3292.536418551064, 3236.9836320505146, 3470.7430537304876, 3543.1975, 3813.2707114373206, 4175.251288895893, 4767.334787306118, 4897.796863282632, 4826.7623714321135, 6308.1055804728985, 6182.239746722316, 6036.2618431725505, 6152.936950980091, 6964.847293009663, 7099.2414704264165, 7548.098181283713, 7524.358458295822, 7086.904673297405, 7568.507294864892, 7815.825824736309]
shares:[0, 48.5437, 94.4153, 138.8597, 187.8793, 233.1282, 277.9512, 329.2596, 384.5082, 441.6511, 494.7578, 550.0064, 602.0897, 649.0381, 692.7062, 736.9736, 780.2636, 826.5599, 862.9235, 899.4199, 930.9656, 965.6878, 996.7437, 1021.4962, 1046.5589, 1076.499, 1111.464, 1137.3707, 1164.995, 1189.8706, 1222.6575, 1256.9041, 1296.2742, 1337.5965, 1377.279, 1417.279, 1455.4469, 1491.1612, 1523.1101, 1554.8561, 1587.7508, 1613.3262, 1639.8514, 1667.4757, 1695.0239, 1719.7153, 1744.2853, 1767.7045, 1791.514, 1817.155, 1841.4859, 1865.3522]
growth_rate:53.25
