ticker:APP
price:[61.0, 58.5, 58.0099983215332, 57.2599983215332, 57.2599983215332, 68.3499984741211, 74.30999755859375, 74.36000061035156, 82.41999816894531, 88.20999908447266, 84.86000061035156, 72.06999969482422, 66.18000030517578, 60.75, 63.349998474121094, 61.470001220703125, 58.650001525878906, 56.459999084472656, 69.97000122070312, 74.19999694824219, 73.30000305175781, 73.30000305175781]
assets:[0, 99.9999, 199.15992623748778, 296.58388730621334, 396.582748374939, 573.3949721992492, 723.3929642333984, 823.8790627624511, 1013.1807954910278, 1184.3603737075807, 1239.3803089141845, 1152.5794701194764, 1158.3816353416441, 1163.3382, 1313.1251033714295, 1374.1557302886963, 1411.1131717124938, 1458.4238823509215, 1907.4032242767335, 2122.7135126953126, 2196.9696814682006, 2296.972875631714]
shares:[0, 1.7094, 3.4332, 5.1796, 6.926, 8.3891, 9.7348, 11.0796, 12.2929, 13.4266, 14.605, 15.9925, 17.5035, 19.1496, 20.7281, 22.3549, 24.0599, 25.8311, 27.2603, 28.608, 29.9723, 31.3366]
growth_rate:9.38
