ticker:APPF
price:[151.6999969482422, 143.85000610351562, 142.3800048828125, 142.8000030517578, 147.55999755859375, 164.30999755859375, 162.5800018310547, 153.0, 142.8699951171875, 163.8699951171875, 144.55999755859375, 151.0800018310547, 155.8000030517578, 163.77999877929688, 168.9600067138672, 172.8300018310547, 180.61000061035156, 180.0399932861328, 173.22999572753906, 152.9199981689453, 157.0, 152.80999755859375, 157.75999450683594, 181.5, 174.14999389648438, 164.02000427246094, 138.67999267578125, 139.42999267578125, 136.2100067138672, 140.6699981689453, 143.0, 142.47000122070312, 146.25999450683594, 147.17999267578125, 144.6300048828125, 130.24000549316406, 127.68000030517578, 131.49000549316406, 134.88999938964844, 134.1199951171875, 143.27000427246094, 140.47999572753906, 144.91000366210938, 139.77999877929688, 135.13999938964844, 134.75999450683594, 141.80999755859375, 141.60000610351562, 138.77999877929688, 132.5, 125.19000244140625, 122.3499984741211]
assets:[0, 100.00452424316407, 198.97605682373046, 299.5658464019775, 409.55277322387695, 556.0414627380371, 650.189943322754, 711.8784, 764.7402228637694, 977.1403938842774, 962.0034157531738, 1105.3919413970948, 1239.9187442871093, 1403.430809539795, 1547.825725505066, 1683.277802833557, 1859.0548582824708, 1953.1818711639403, 1979.3086081832887, 1847.2429938812256, 1996.5219, 2043.237758355713, 2209.4287230682376, 2641.9139999999998, 2634.924237652588, 2581.658465248108, 2282.8113594360348, 2395.1563001831055, 2439.848124261475, 2619.7395768997194, 2763.1318, 2852.89053944397, 3028.78121824646, 3147.8268113525387, 3193.2858778076175, 2975.567357501221, 3017.078407211304, 3207.106978981018, 3390.0284866607662, 3470.676761645508, 3807.457671542358, 3833.305739416504, 4054.1906454559326, 4010.665570974731, 3977.5350600357056, 4066.355882244873, 4379.092724609375, 4472.606112786865, 4483.5376645629885, 4380.64875, 4238.971039666749, 4242.804307086181]
shares:[0, 0.6952, 1.3975, 2.0978, 2.7755, 3.3841, 3.9992, 4.6528, 5.3527, 5.9629, 6.6547, 7.3166, 7.9584, 8.569, 9.1609, 9.7395, 10.2932, 10.8486, 11.4259, 12.0798, 12.7167, 13.3711, 14.005, 14.556, 15.1302, 15.7399, 16.461, 17.1782, 17.9124, 18.6233, 19.3226, 20.0245, 20.7082, 21.3876, 22.079, 22.8468, 23.63, 24.3905, 25.1318, 25.8774, 26.5754, 27.2872, 27.9773, 28.6927, 29.4327, 30.1748, 30.88, 31.5862, 32.3068, 33.0615, 33.8603, 34.6776]
growth_rate:-16.81
