ticker:APPH
price:[9.970000267028809, 9.880000114440918, 10.069999694824219, 10.029999732971191, 11.350000381469727, 10.520000457763672, 10.65999984741211, 11.5, 11.104999542236328, 11.039999961853027, 10.649999618530273, 11.84000015258789, 11.880000114440918, 13.510000228881836, 17.350000381469727, 16.06999969482422, 15.930000305175781, 15.649999618530273, 19.149999618530273, 23.670000076293945, 25.030000686645508, 24.950000762939453, 33.75, 33.2599983215332, 35.70000076293945, 30.450000762939453, 16.8700008392334, 23.329999923706055, 21.59000015258789, 17.959999084472656, 17.84000015258789, 16.979999542236328, 16.0, 15.180000305175781, 17.110000610351562, 13.90999984741211, 11.90999984741211, 15.479999542236328, 16.649999618530273, 17.979999542236328, 17.040000915527344, 15.319999694824219, 16.530000686645508, 14.800000190734863, 14.850000381469727, 12.880000114440918, 12.15999984741211, 11.920000076293945, 11.90999984741211, 7.599999904632568, 7.139999866485596, 8.119999885559082]
assets:[0, 100.00042115831374, 201.92363388061523, 301.1216549832344, 440.7511598134995, 508.51999012756346, 615.2877291927338, 763.7725, 837.5390654754639, 932.63711677742, 999.6909691923141, 1211.3930396118162, 1315.4854806721687, 1595.9768570384979, 2149.60779226284, 2091.02032529068, 2172.8042516250607, 2234.6133655311583, 2834.3665485391616, 3603.366956614494, 3910.4044682737353, 3997.9057872509006, 5507.989875, 5528.021259028244, 6033.564308942413, 5246.276306447983, 3006.558053567505, 4257.853301075936, 4040.294335554886, 3460.98521557312, 3537.861134259796, 3467.314208524704, 3367.1984, 3294.6293162345887, 3813.511156036377, 3200.288965893936, 2840.1466976127626, 3791.47449188118, 4178.039349276542, 4611.779982585907, 4470.6742802009585, 4119.408505941009, 4544.766653786659, 4169.120093729496, 4283.20491502781, 3814.9954978968617, 3701.7349935493467, 3728.674959865379, 3825.546736988068, 2541.154968112707, 2487.3481874878407, 2928.7491667230606]
shares:[0, 10.1215, 20.052, 30.0221, 38.8327, 48.3384, 57.7193, 66.415, 75.42, 84.478, 93.8677, 102.3136, 110.7311, 118.133, 123.8967, 130.1195, 136.397, 142.7868, 148.0087, 152.2335, 156.2287, 160.2367, 163.1997, 166.2063, 169.0074, 172.2915, 178.2192, 182.5055, 187.1373, 192.7052, 198.3106, 204.1999, 210.4499, 217.0375, 222.882, 230.0711, 238.4674, 244.9273, 250.9333, 256.495, 262.3635, 268.8909, 274.9405, 281.6973, 288.4313, 296.1953, 304.419, 312.8083, 321.2046, 334.3625, 348.3681, 360.6834]
growth_rate:-42.57
