ticker:APPN
price:[58.470001220703125, 56.33000183105469, 56.650001525878906, 60.02000045776367, 65.79000091552734, 77.19000244140625, 81.76000213623047, 78.27999877929688, 63.29999923706055, 90.58000183105469, 99.08999633789062, 125.05999755859375, 193.8699951171875, 151.22000122070312, 152.8699951171875, 155.89999389648438, 157.97999572753906, 162.08999633789062, 152.00999450683594, 169.6999969482422, 204.85000610351562, 218.4600067138672, 226.33999633789062, 223.99000549316406, 203.86000061035156, 171.89999389648438, 145.0, 173.8800048828125, 151.66000366210938, 140.66000366210938, 137.27000427246094, 134.1699981689453, 135.22999572753906, 129.4600067138672, 121.18000030517578, 88.2699966430664, 83.26000213623047, 82.31999969482422, 90.4800033569336, 90.95999908447266, 113.0, 131.33999633789062, 139.50999450683594, 134.17999267578125, 133.60000610351562, 115.95999908447266, 125.7699966430664, 116.43000030517578, 103.38999938964844, 99.12999725341797, 98.75, 108.95999908447266]
assets:[0, 100.00265225067139, 200.56933040237428, 312.5001343833923, 442.54302015838624, 619.225918585205, 755.887571749878, 823.7169431549073, 766.0882407665252, 1196.2447941818236, 1408.6336609405519, 1877.8133813415527, 3011.014281164551, 2448.614747766113, 2575.3396597412107, 2726.3790932617185, 2862.755502578735, 3037.226142379761, 2948.3554514556886, 3391.471409010315, 4193.955629959106, 4572.5864005279545, 4837.519473730469, 4887.282727856445, 4548.05545561676, 3935.0315202819825, 3419.2595, 4200.280173950195, 3763.5339868774413, 3590.5575834808346, 3604.0239621734618, 3622.630201560974, 3751.253035482788, 3691.189603427124, 3555.106140953064, 2689.6132787132265, 2636.9608316574095, 2707.1919739639284, 3075.5419861068726, 3191.8591358734134, 4065.2653999999998, 4825.063713464356, 5225.207334259033, 5125.581794219971, 5203.426317718506, 4616.390755552674, 5106.928444690704, 4827.676818653869, 4386.982420101928, 4306.226906687927, 4389.723875, 4943.591430461884]
shares:[0, 1.7753, 3.5405, 5.2066, 6.7266, 8.0221, 9.2452, 10.5227, 12.1025, 13.2065, 14.2157, 15.0153, 15.5311, 16.1924, 16.8466, 17.488, 18.121, 18.7379, 19.3958, 19.9851, 20.4733, 20.931, 21.3728, 21.8192, 22.3097, 22.8914, 23.5811, 24.1562, 24.8156, 25.5265, 26.255, 27.0003, 27.7398, 28.5122, 29.3374, 30.4703, 31.6714, 32.8862, 33.9914, 35.0908, 35.9758, 36.7372, 37.454, 38.1993, 38.9478, 39.8102, 40.6053, 41.4642, 42.4314, 43.4402, 44.4529, 45.3707]
growth_rate:-3.07
