ticker:APPS
price:[23.5, 24.200000762939453, 32.790000915527344, 30.3799991607666, 34.380001068115234, 36.43000030517578, 38.38999938964844, 33.849998474121094, 28.65999984741211, 42.29999923706055, 37.27000045776367, 40.189998626708984, 40.41999816894531, 42.95000076293945, 43.54999923706055, 57.439998626708984, 58.58000183105469, 56.560001373291016, 52.11000061035156, 55.9900016784668, 67.93000030517578, 57.209999084472656, 88.08000183105469, 85.58999633789062, 84.97000122070312, 82.56999969482422, 74.0, 87.19999694824219, 81.0, 75.66000366210938, 82.2699966430664, 86.69000244140625, 75.29000091552734, 74.0999984741211, 75.43000030517578, 65.0999984741211, 59.11000061035156, 61.869998931884766, 66.16999816894531, 67.7699966430664, 73.9000015258789, 67.56999969482422, 77.5, 68.2699966430664, 64.29000091552734, 59.599998474121094, 63.79999923706055, 62.95000076293945, 65.83999633789062, 54.91999816894531, 48.63999938964844, 52.599998474121094]
assets:[0, 99.9992431526184, 235.4945075752258, 318.18492121028896, 460.0800502937317, 587.5139009216308, 719.1214685668945, 734.0778369094849, 721.5269601585388, 1164.920828989029, 1126.3963158348083, 1314.6470070785522, 1422.1695515747072, 1611.1876736202241, 1733.6949846279144, 2386.6434309394836, 2534.012713206482, 2546.63102983284, 2446.267501652527, 2728.4095787921906, 3410.2490473205567, 2972.07661543808, 4675.779745202637, 4643.599661315918, 4709.963640664673, 4676.929922714234, 4291.5116, 5157.025259518433, 4890.3588, 4667.957415939331, 5175.770028808593, 5553.838351409912, 4923.49173286972, 4945.671018157959, 5134.43714777298, 4531.285393791199, 4214.353891516113, 4511.133419120407, 4924.662411724854, 5143.74274520874, 5709.011597879029, 5319.995542972564, 6201.813499999999, 5563.199140449525, 5338.8795490287785, 5049.407230725097, 5505.238134166718, 5531.894987045288, 5885.858648620606, 5009.648456976319, 4536.803527070618, 5006.162774775696]
shares:[0, 4.1322, 7.1819, 10.4735, 13.3822, 16.1272, 18.732, 21.6862, 25.1754, 27.5395, 30.2226, 32.7108, 35.1848, 37.5131, 39.8093, 41.5502, 43.2573, 45.0253, 46.9443, 48.7303, 50.2024, 51.9503, 53.0856, 54.254, 55.4309, 56.642, 57.9934, 59.1402, 60.3748, 61.6965, 62.912, 64.0655, 65.3937, 66.7432, 68.0689, 69.605, 71.2968, 72.9131, 74.4244, 75.9, 77.2532, 78.7331, 80.0234, 81.4882, 83.0437, 84.7216, 86.289, 87.8776, 89.3964, 91.2172, 93.2731, 95.1742]
growth_rate:-1.84
