ticker:APR
price:[20.989999771118164, 21.139999389648438, 21.540000915527344, 21.59000015258789, 22.84000015258789, 24.200000762939453, 22.489999771118164, 28.360000610351562, 30.809999465942383, 29.850000381469727, 29.920000076293945, 29.950000762939453, 28.059999465942383, 29.040000915527344, 33.0099983215332, 30.450000762939453, 30.760000228881836, 27.979999542236328, 26.3799991607666, 27.979999542236328, 27.920000076293945, 27.75, 27.639999389648438, 27.979999542236328, 31.530000686645508, 32.18000030517578, 35.040000915527344, 36.599998474121094, 36.099998474121094, 35.5, 35.5]
assets:[0, 100.00065311279297, 201.89227458114624, 302.3614751369476, 419.86772280502316, 544.8678571777343, 606.3663778289795, 864.6311906082153, 1039.326035984421, 1106.9424891462327, 1209.536947084236, 1310.74980338974, 1328.0348787239075, 1474.4160224830628, 1775.9808226963044, 1738.2504735527039, 1855.9476778099058, 1788.2129627441407, 1785.957599182892, 1994.2800633728027, 2090.004653711128, 2177.278875, 2268.64692590332, 2396.554112791443, 2800.6207809906005, 2958.355698055267, 3321.2805027786253, 3569.1440111999514, 3620.385816973114, 3660.2133000000003, 3760.21325]
shares:[0, 4.7304, 9.3729, 14.0047, 18.383, 22.5152, 26.9616, 30.4877, 33.7334, 37.0835, 40.4257, 43.7646, 47.3284, 50.7719, 53.8013, 57.0854, 60.3364, 63.9104, 67.7012, 71.2752, 74.8569, 78.4605, 82.0784, 85.6524, 88.824, 91.9315, 94.7854, 97.5176, 100.2877, 103.1046, 105.9215]
growth_rate:25.34
