ticker:APRE
price:[25.739999771118164, 27.010000228881836, 29.559999465942383, 23.43000030517578, 25.059999465942383, 28.649999618530273, 24.040000915527344, 26.780000686645508, 21.809999465942383, 20.399999618530273, 21.389999389648438, 24.84000015258789, 26.450000762939453, 26.940000534057617, 27.559999465942383, 25.93000030517578, 25.09000015258789, 4.920000076293945, 5.099999904632568, 5.150000095367432, 5.710000038146973, 5.519999980926514, 6.650000095367432, 7.28000020980835, 6.849999904632568, 6.03000020980835, 5.385000228881836, 5.960000038146973, 5.699999809265137, 5.099999904632568, 5.039999961853027, 4.96999979019165, 4.650000095367432, 4.610000133514404, 4.690000057220459, 4.300000190734863, 4.119999885559082, 4.239999771118164, 4.21999979019165, 4.730000019073486, 5.139999866485596, 4.820000171661377, 5.019999980926514, 5.260000228881836, 5.630000114440918, 5.039999961853027, 4.369999885559082, 4.230000019073486, 4.309999942779541, 3.6500000953674316, 3.549999952316284, 4.289999961853027]
assets:[0, 99.99912384738923, 209.438508216095, 266.00547946472165, 384.5106078056335, 539.5940928153991, 552.768569051361, 715.7705023525237, 682.9343322771073, 738.783946185112, 874.6370750427246, 1115.7084788536072, 1288.022462152481, 1411.8850179891585, 1544.3769340730669, 1553.0358802780152, 1602.726628747177, 414.28516242427827, 529.4417000997066, 634.6324517520904, 803.6408223689081, 876.8994689700127, 1156.4097465840339, 1365.9646393668652, 1385.282330713749, 1319.452686909151, 1278.317202333069, 1514.8132776955604, 1548.7309881759643, 1485.7064722180367, 1568.227740130329, 1646.4466204953194, 1640.4381936439513, 1726.3270339977264, 1856.2851386476516, 1801.924539927864, 1826.4948292655945, 1979.693629133034, 2070.3555290668487, 2420.564265760803, 2730.3807790768146, 2660.396202748394, 2870.785883092451, 3108.0347212419506, 3426.6607226536753, 3167.561352025223, 2846.4767744568826, 2855.2855448747637, 3009.286353048086, 2648.4678091993333, 2675.906894057131, 3333.7014843564984]
shares:[0, 3.7023, 7.0852, 11.3532, 15.3436, 18.834, 22.9937, 26.7278, 31.3129, 36.2149, 40.89, 44.9158, 48.6965, 52.4085, 56.0369, 59.8934, 63.8791, 84.2043, 103.8121, 123.2296, 140.7427, 158.8586, 173.8962, 187.6325, 202.231, 218.8147, 237.3848, 254.1633, 271.7072, 291.315, 311.1563, 331.277, 352.7824, 374.4744, 395.7964, 419.0522, 443.324, 466.9089, 490.6056, 511.7472, 531.2025, 551.9494, 571.8697, 590.8811, 608.6431, 628.4844, 651.3677, 675.0084, 698.2103, 725.6076, 753.7766, 777.0866]
growth_rate:-34.63
