ticker:APTO
price:[5.5, 5.53000020980835, 6.460000038146973, 5.730000019073486, 5.860000133514404, 6.159999847412109, 5.730000019073486, 5.099999904632568, 4.489999771118164, 4.510000228881836, 5.360000133514404, 5.889999866485596, 6.28000020980835, 6.119999885559082, 4.099999904632568, 4.150000095367432, 4.25, 4.380000114440918, 4.570000171661377, 4.400000095367432, 4.389999866485596, 4.119999885559082, 4.449999809265137, 4.599999904632568, 4.309999942779541, 3.9600000381469727, 3.75, 3.950000047683716, 3.9000000953674316, 5.909999847412109, 6.0, 5.25, 5.119999885559082, 5.119999885559082, 5.639999866485596, 4.849999904632568, 4.860000133514404, 5.400000095367432, 5.300000190734863, 5.309999942779541, 3.759999990463257, 3.4000000953674316, 3.4000000953674316, 3.3399999141693115, 3.2300000190734863, 2.859999895095825, 2.759999990463257, 2.690000057220459, 2.8499999046325684, 2.630000114440918, 2.5399999618530273, 2.9600000381469727]
assets:[0, 100.00009979400636, 216.81762728033064, 292.31652397303577, 398.9482230896473, 519.3723791347503, 583.1174629410267, 619.0048384249211, 644.9669151222229, 747.8396689527511, 988.784952630043, 1186.5563761031626, 1365.1232096073627, 1430.3431172533035, 1058.2362153850556, 1171.1416469129563, 1299.36185, 1439.1068536010741, 1601.5337101578712, 1641.9581555884838, 1738.226154134798, 1731.3191239092826, 1969.9926655626298, 2136.3968157081126, 2101.7111320972444, 2031.0384795651437, 2023.332, 2231.2432419351817, 2302.9995863156796, 3589.9301193130495, 3744.5994, 3376.524375, 3392.9153801624298, 3492.91563392725, 3947.664890547848, 3494.71205128212, 3601.9176569522383, 4102.130592446232, 4126.16515849123, 4233.9502253750325, 3098.0512401422025, 2901.429521382904, 3001.429644187832, 3048.4630116611715, 3048.06477699914, 2798.9054353367565, 2801.0417423214435, 2830.0008411984923, 3098.327806322956, 2959.158830763817, 2957.8947255768776, 3546.9955737118717]
shares:[0, 18.0832, 33.5631, 51.0151, 68.0799, 84.3137, 101.7657, 121.3735, 143.6452, 165.8181, 184.4748, 201.4527, 217.3763, 233.7162, 258.1064, 282.2028, 305.7322, 328.5632, 350.445, 373.1723, 395.9513, 420.2231, 442.695, 464.4341, 487.636, 512.8885, 539.5552, 564.8717, 590.5127, 607.4332, 624.0999, 643.1475, 662.6788, 682.2101, 699.9406, 720.5592, 741.1353, 759.6538, 778.5217, 797.3541, 823.9498, 853.3616, 882.7734, 912.7135, 943.6733, 978.6383, 1014.8702, 1052.0449, 1087.1326, 1125.1554, 1164.5255, 1198.3093]
growth_rate:-30.45
