ticker:APTX
price:[3.2699999809265137, 3.049999952316284, 3.4700000286102295, 3.140000104904175, 3.3399999141693115, 3.9000000953674316, 3.7300000190734863, 3.130000114440918, 2.930000066757202, 3.009999990463257, 3.119999885559082, 3.2699999809265137, 3.809999942779541, 3.7699999809265137, 3.559999942779541, 3.630000114440918, 3.809999942779541, 3.4600000381469727, 3.609999895095825, 4.119999885559082, 4.0, 3.4800000190734863, 3.9000000953674316, 3.950000047683716, 4.110000133514404, 3.6600000858306885, 3.200000047683716, 3.369999885559082, 3.1500000953674316, 3.009999990463257, 3.0, 2.8499999046325684, 2.680000066757202, 2.7200000286102295, 2.680000066757202, 2.5399999618530273, 2.5299999713897705, 2.549999952316284, 2.5399999618530273, 2.5799999237060547, 3.5, 3.0999999046325684, 2.9100000858306885, 2.819999933242798, 2.890000104904175, 2.630000114440918, 2.6600000858306885, 2.509999990463257, 2.569999933242798, 2.4100000858306885, 2.3299999237060547, 2.549999952316284]
assets:[0, 100.00004343659879, 213.77039276254177, 293.4405458035469, 412.1309394091368, 581.2306642129421, 655.8951393539429, 650.3892967799187, 708.8308901500225, 828.1846413760186, 958.450548844242, 1104.5298025574207, 1386.929133170414, 1472.3682145508767, 1490.353036045313, 1619.6577720620155, 1799.971226967144, 1734.6194651244164, 1909.8195435019254, 2279.627660678959, 2313.2308, 2112.510695578432, 2467.468830337477, 2599.1031913759234, 2804.3833781011103, 2597.3340669101, 2370.8931553290604, 2596.846760814381, 2527.3197315155508, 2514.9943550316093, 2606.6387999999997, 2576.3067187909605, 2522.632338837266, 2660.2835159821034, 2721.1616517825128, 2679.0113657652855, 2768.464106693125, 2890.3492109519243, 2979.0145712596895, 3125.9281655622485, 4340.6002499999995, 3944.531638651657, 3802.77036116302, 3785.158728394818, 3979.1168744380475, 3721.134035920143, 3863.5804326668263, 3745.709129768181, 3935.2478907797095, 3790.2522019875287, 3764.4345527366636, 4219.874816090465]
shares:[0, 32.7869, 61.6053, 93.4524, 123.3925, 149.0335, 175.8432, 207.7921, 241.9218, 275.1444, 307.1957, 337.7767, 364.0234, 390.5486, 418.6385, 446.1867, 472.4334, 501.3351, 529.0359, 553.3077, 578.3077, 607.0433, 632.6843, 658.0008, 682.3317, 709.6541, 740.9041, 770.5777, 802.3237, 835.5463, 868.8796, 903.9673, 941.2807, 978.0454, 1015.3588, 1054.7289, 1094.2546, 1133.4703, 1172.8404, 1211.6001, 1240.1715, 1272.4296, 1306.7939, 1342.2549, 1376.857, 1414.8798, 1452.4738, 1492.3144, 1531.2249, 1572.7187, 1615.6372, 1654.8529]
growth_rate:-17.26
