ticker:APVO
price:[7.860000133514404, 7.519999980926514, 7.800000190734863, 7.289999961853027, 7.679999828338623, 7.170000076293945, 6.980000019073486, 7.010000228881836, 6.460000038146973, 23.700000762939453, 44.97999954223633, 45.630001068115234, 44.38999938964844, 45.709999084472656, 44.040000915527344, 40.02000045776367, 35.400001525878906, 36.650001525878906, 37.40999984741211, 32.5099983215332, 33.54999923706055, 33.5, 35.279998779296875, 37.0099983215332, 36.09000015258789, 32.709999084472656, 32.47999954223633, 35.970001220703125, 33.939998626708984, 29.5, 28.309999465942383, 25.649999618530273, 25.31999969482422, 25.530000686645508, 26.709999084472656, 23.600000381469727, 22.920000076293945, 25.3700008392334, 26.1200008392334, 26.25, 25.834999084472656, 27.360000610351562, 24.920000076293945, 21.420000076293945, 22.020000457763672, 18.940000534057617, 20.625, 18.770000457763672, 18.84000015258789, 17.0, 17.139999389648438, 17.579999923706055]
assets:[0, 100.00020774636269, 203.72352498168945, 290.4029804803848, 405.9386789265633, 478.98181709671024, 566.2887975474358, 668.7224768342971, 716.2550882295609, 2727.7468478103638, 5276.963586296081, 5453.218612649917, 5405.02842268219, 5665.754386520386, 5558.759743558502, 5151.354448923112, 4656.671960720825, 4921.101989884186, 5123.1498391036985, 4552.114984977722, 4797.737120897675, 4890.58795, 5250.4470343322755, 5607.910387671662, 5568.510182543563, 5146.9935889396675, 5210.80205456047, 5870.707063232421, 5639.388715817261, 5001.648300000001, 4899.8862145654675, 4539.493327488136, 4581.089308785247, 4719.085317922782, 5037.20133334198, 4550.691313557243, 4519.569603044319, 5102.683490795516, 5353.5318640085225, 5480.175749999999, 5493.536120822906, 5917.812180015564, 5490.052948808097, 4818.977369164276, 5053.962243064499, 4447.049623394966, 4942.68225, 4598.141445139694, 4715.290310189819, 4354.7744, 4490.636990089417, 4705.916343577193]
shares:[0, 13.2979, 26.1184, 39.8358, 52.8566, 66.8036, 81.1302, 95.3955, 110.8754, 115.0948, 117.318, 119.5095, 121.7623, 123.95, 126.2207, 128.7195, 131.5444, 134.2729, 136.946, 140.022, 143.0026, 145.9877, 148.8222, 151.5242, 154.2951, 157.3523, 160.4311, 163.2112, 166.1576, 169.5474, 173.0797, 176.9783, 180.9277, 184.8447, 188.5886, 192.8259, 197.1889, 201.1306, 204.9591, 208.7686, 212.6393, 216.2943, 220.3071, 224.9756, 229.5169, 234.7967, 239.6452, 244.9729, 250.2808, 256.1632, 261.9975, 267.6858]
growth_rate:-7.73
