ticker:APWC
price:[1.0299999713897705, 1.0199999809265137, 1.0800000429153442, 1.7100000381469727, 1.2599999904632568, 1.649999976158142, 1.5800000429153442, 1.4600000381469727, 1.2300000190734863, 1.3700000047683716, 1.9500000476837158, 2.25, 2.299999952316284, 2.2300000190734863, 1.9700000286102295, 2.109999895095825, 2.1500000953674316, 2.2200000286102295, 2.8499999046325684, 3.690000057220459, 5.579999923706055, 4.889999866485596, 6.789999961853027, 6.0, 6.75, 5.420000076293945, 4.079999923706055, 4.690000057220459, 4.159999847412109, 3.630000114440918, 3.9000000953674316, 3.690000057220459, 3.0799999237060547, 3.299999952316284, 3.240000009536743, 4.050000190734863, 3.490000009536743, 3.549999952316284, 4.230000019073486, 4.090000152587891, 4.03000020980835, 3.869999885559082, 4.170000076293945, 4.230000019073486, 3.700000047683716, 3.5399999618530273, 3.9700000286102295, 3.2699999809265137, 3.0899999141693115, 3.119999885559082, 2.9700000286102295, 3.359999895095825]
assets:[0, 99.99998213005065, 205.88235218102932, 425.980332502842, 413.88026086740496, 641.9861157235503, 714.7503074137688, 760.4654018694878, 740.6660364854336, 924.9694772194148, 1416.5625196394683, 1734.495075, 1873.0394611680508, 1916.0338563880919, 1792.6397440344333, 2020.0354075686455, 2158.3300557369234, 2328.601098009825, 3089.420131621027, 4099.986369578076, 6299.978943861961, 5620.949222528076, 7904.958016589069, 7085.2356, 8070.88995, 6580.625884631348, 5053.681297498703, 5909.256558096027, 5341.472668075943, 4760.948793095684, 5215.068817525053, 5034.2574840657235, 4302.035785435295, 4709.3240019521, 4723.700017903924, 6004.62545778799, 5274.356046412659, 5465.032516593504, 6611.855924813509, 6493.02411823883, 6497.772047284556, 6339.795499524022, 6931.252779813576, 7130.983100154304, 6337.502901674509, 6163.448621582794, 7012.116167533564, 5875.722682727671, 5652.288406996822, 5807.164994994449, 5627.974527214694, 6467.001206090641]
shares:[0, 98.0392, 190.6318, 249.1113, 328.4764, 389.0825, 452.3736, 520.8667, 602.1675, 675.1602, 726.4423, 770.8867, 814.365, 859.208, 909.9694, 957.3628, 1003.8744, 1048.9194, 1084.0071, 1111.1074, 1129.0285, 1149.4784, 1164.2059, 1180.8726, 1195.6874, 1214.1376, 1238.6474, 1259.9694, 1284.0079, 1311.5561, 1337.1971, 1364.2974, 1396.7649, 1427.0679, 1457.9321, 1482.6235, 1511.2768, 1539.4458, 1563.0865, 1587.5364, 1612.3503, 1638.1901, 1662.1709, 1685.8116, 1712.8386, 1741.0872, 1766.2761, 1796.8571, 1829.2196, 1861.2709, 1894.9409, 1924.7028]
growth_rate:26.8
