ticker:APYX
price:[4.730000019073486, 4.789999961853027, 4.949999809265137, 4.75, 5.159999847412109, 5.570000171661377, 5.920000076293945, 6.25, 6.019999980926514, 5.980000019073486, 6.710000038146973, 6.769999980926514, 7.730000019073486, 7.809999942779541, 7.900000095367432, 6.880000114440918, 7.039999961853027, 7.199999809265137, 7.949999809265137, 9.920000076293945, 10.970000267028809, 9.289999961853027, 10.270000457763672, 10.069999694824219, 10.0600004196167, 10.449999809265137, 10.920000076293945, 11.489999771118164, 10.630000114440918, 9.829999923706055, 9.760000228881836, 9.5, 9.640000343322754, 10.0, 10.130000114440918, 9.600000381469727, 9.760000228881836, 10.359999656677246, 9.789999961853027, 9.729999542236328, 10.119999885559082, 10.430000305175781, 10.420000076293945, 10.279999732971191, 9.630000114440918, 9.199999809265137, 9.359999656677246, 9.0, 9.420000076293945, 10.90999984741211, 10.5, 11.430000305175781]
assets:[0, 99.99987120361328, 203.3400521648407, 295.12415, 420.5977795623779, 554.0172820742131, 688.8298968772888, 827.2275000000001, 896.7855511586666, 990.8268011602879, 1211.7803788890837, 1322.6156302737236, 1610.1651879730225, 1726.829256348276, 1846.7285122933865, 1708.290268415451, 1848.0175899863243, 1990.018027282524, 2297.3114448833467, 2966.58197481575, 3380.5854902893066, 2962.8661908337594, 3375.418456452179, 3409.6847776679992, 3506.2994682526587, 3742.2295766963002, 4010.5403800201416, 4319.88142594757, 4096.547987102795, 3888.246639822006, 3960.5583168790818, 3955.0514, 4113.336090493965, 4366.946, 4523.7166701054575, 4387.03697432518, 4560.154170940208, 4940.491140275764, 4768.668842418766, 4839.442954320526, 5133.418517949295, 5390.667432727813, 5485.498588164139, 5511.796616827965, 5263.288118547821, 5128.27125368042, 5317.4588609567645, 5212.9412999999995, 5556.211833000565, 6535.060451600266, 6389.47155, 7055.396288375854]
shares:[0, 20.8768, 41.0788, 62.1314, 81.5112, 99.4645, 116.3564, 132.3564, 148.9677, 165.6901, 180.5932, 195.3642, 208.3008, 221.1049, 233.7631, 248.298, 262.5025, 276.3914, 288.97, 299.0506, 308.1664, 318.9307, 328.6678, 338.5983, 348.5387, 358.1081, 367.2656, 375.9688, 385.3761, 395.549, 405.7949, 416.3212, 426.6946, 436.6946, 446.5663, 456.983, 467.2289, 476.8814, 487.0959, 497.3734, 507.2548, 516.8425, 526.4394, 536.167, 546.5512, 557.4208, 568.1046, 579.2157, 589.8314, 598.9973, 608.5211, 617.27]
growth_rate:38.34
