ticker:AQB
price:[2.990000009536743, 3.690000057220459, 5.159999847412109, 4.650000095367432, 4.289999961853027, 4.630000114440918, 4.409999847412109, 4.28000020980835, 3.799999952316284, 3.9600000381469727, 3.950000047683716, 3.859999895095825, 4.159999847412109, 8.0600004196167, 7.239999771118164, 8.09000015258789, 9.390000343322754, 8.760000228881836, 9.34000015258789, 11.0, 12.069999694824219, 9.970000267028809, 9.579999923706055, 9.25, 8.279999732971191, 7.090000152587891, 6.394999980926514, 7.510000228881836, 7.659999847412109, 6.440000057220459, 6.739999771118164, 6.260000228881836, 5.849999904632568, 5.849999904632568, 5.670000076293945, 5.320000171661377, 4.880000114440918, 5.230000019073486, 5.440000057220459, 5.659999847412109, 6.099999904632568, 5.840000152587891, 5.909999847412109, 5.480000019073486, 5.369999885559082, 5.019999980926514, 4.889999866485596, 4.949999809265137, 4.960000038146973, 4.739999771118164, 4.320000171661377, 4.639999866485596]
assets:[0, 100.0001085506916, 239.8373089076996, 316.1325814836025, 391.6576915173531, 522.6983069196701, 597.861474313736, 680.2375533456802, 703.9492311666012, 833.5891160300255, 931.4842712447166, 1010.2604025439024, 1188.7781963958741, 2403.257579117489, 2258.757572592735, 2623.9430094909667, 3145.5900190109255, 3034.543795286751, 3335.4606924915315, 4028.2726, 4520.113497714234, 3833.6814516783716, 3783.717727866936, 3753.3808249999997, 3459.782984422493, 3062.543999910736, 2862.3367624629022, 3461.399659492874, 3630.535059679413, 3152.3040360087393, 3399.150384569168, 3257.074363087082, 3143.7513387501717, 3243.7512371199605, 3243.943690649605, 3143.70035343833, 2983.6950219706537, 3297.6896940264705, 3530.10198913126, 3772.8630742874147, 4166.159634866238, 4088.585858826828, 4237.592818591309, 4029.274134024143, 4048.3945837240217, 3884.5327112407203, 3883.937161954689, 4031.592684653473, 4139.737551838398, 4056.119714140892, 3796.7168228679657, 4177.954711780786]
shares:[0, 27.1003, 46.4801, 67.9855, 91.2955, 112.8938, 135.5695, 158.934, 185.2498, 210.5023, 235.8188, 261.7255, 285.764, 298.1709, 311.9831, 324.344, 334.9936, 346.4091, 357.1157, 366.2066, 374.4916, 384.5217, 394.9601, 405.7709, 417.8482, 431.9526, 447.5898, 460.9054, 473.9602, 489.4882, 504.325, 520.2994, 537.3934, 554.4874, 572.1241, 590.9211, 611.4129, 630.5334, 648.9158, 666.5836, 682.977, 700.1003, 717.0208, 735.269, 753.891, 773.8113, 794.2612, 814.4632, 834.6245, 855.7215, 878.8696, 900.4213]
growth_rate:-18.08
