ticker:AQMS
price:[1.0099999904632568, 0.8970000147819519, 1.0399999618530273, 0.8849999904632568, 0.8820000290870667, 0.9599999785423279, 0.9900000095367432, 0.9810000061988831, 0.8899999856948853, 0.9010000228881836, 0.972000002861023, 0.9300000071525574, 1.2400000095367432, 1.25, 1.1699999570846558, 1.5099999904632568, 2.3399999141693115, 3.0, 3.7200000286102295, 3.7200000286102295, 4.789999961853027, 5.679999828338623, 5.869999885559082, 5.860000133514404, 6.010000228881836, 4.739999771118164, 3.944999933242798, 4.699999809265137, 4.380000114440918, 4.019999980926514, 4.179999828338623, 3.5, 3.119999885559082, 2.940000057220459, 2.9700000286102295, 2.75, 2.4000000953674316, 2.5199999809265137, 2.8299999237060547, 3.4000000953674316, 3.4200000762939453, 3.130000114440918, 3.2200000286102295, 2.690000057220459, 2.6700000762939453, 2.3399999141693115, 2.259999990463257, 2.309999942779541, 2.2899999618530273, 2.319999933242798, 1.9900000095367432, 2.25]
assets:[0, 99.9999835479319, 215.94195207929613, 283.75834344222545, 382.7964798240661, 516.6492364519894, 632.7945420957566, 727.041863794136, 759.5996797908306, 868.9880326749801, 1037.4654666537167, 1092.6367344033838, 1556.8490279736043, 1669.40425, 1662.5623340175748, 2245.700222816777, 3580.0915266830207, 4689.861, 5915.427609495091, 6015.427534264183, 7845.671225518036, 9403.42601980896, 9817.977490589714, 9901.251949590396, 10254.696913534737, 8187.730086636544, 6914.471603993463, 8337.773341637421, 7870.095457630348, 7323.237985253811, 7714.709675177573, 6559.6853, 5947.490733847332, 5704.366569022608, 5862.57423547461, 5528.309325, 4924.70659569025, 5270.941580105066, 6019.350973724366, 7331.7296056494715, 7474.857502750397, 6941.024714781855, 7240.606696333981, 6148.829837795115, 6203.113722250939, 5536.43628692472, 5447.1566150141, 5667.668712607528, 5718.597980739212, 5893.513926416159, 5155.212633705497, 5928.757874999999]
shares:[0, 111.4827, 207.6365, 320.6309, 434.0096, 538.1763, 639.1864, 741.1232, 853.4828, 964.4706, 1067.3513, 1174.8782, 1255.5234, 1335.5234, 1420.9935, 1487.2187, 1529.9537, 1563.287, 1590.1687, 1617.0504, 1637.9272, 1655.5328, 1672.5686, 1689.6334, 1706.2723, 1727.3693, 1752.7178, 1773.9944, 1796.8254, 1821.701, 1845.6244, 1874.1958, 1906.2471, 1940.2607, 1973.9307, 2010.2943, 2051.961, 2091.6435, 2126.9792, 2156.391, 2185.6308, 2217.5797, 2248.6356, 2285.8103, 2323.2635, 2365.9985, 2410.2463, 2453.5363, 2497.2044, 2540.3078, 2590.5591, 2635.0035]
growth_rate:16.25
