ticker:AQST
price:[7.230000019073486, 9.09000015258789, 9.050000190734863, 7.610000133514404, 4.670000076293945, 4.829999923706055, 5.03000020980835, 5.260000228881836, 4.840000152587891, 5.630000114440918, 6.139999866485596, 6.739999771118164, 7.050000190734863, 6.869999885559082, 7.639999866485596, 6.920000076293945, 6.369999885559082, 5.349999904632568, 5.349999904632568, 5.329999923706055, 5.670000076293945, 5.289999961853027, 6.054999828338623, 6.28000020980835, 5.650000095367432, 4.579999923706055, 4.409999847412109, 5.309999942779541, 5.170000076293945, 4.300000190734863, 5.139999866485596, 4.679999828338623, 4.239999771118164, 4.110000133514404, 4.070000171661377, 3.4200000762939453, 3.430000066757202, 3.359999895095825, 3.7100000381469727, 3.700000047683716, 4.230000019073486, 4.070000171661377, 4.119999885559082, 3.809999942779541, 3.640000104904175, 3.319999933242798, 3.5799999237060547, 3.25, 3.7100000381469727, 3.930000066757202, 3.6500000953674316, 4.039999961853027]
assets:[0, 100.00000067863463, 199.5597442058563, 267.80655869855883, 264.3439533185959, 373.4005321018219, 488.86219939112664, 611.2157085962295, 662.4116168834686, 870.532574695301, 1049.3904471809865, 1251.936759485817, 1409.5185231339456, 1473.5304744538307, 1738.6859576152324, 1674.8310104652405, 1641.7158645055772, 1478.8352036387444, 1578.8352618561744, 1672.9329390535356, 1879.649251292038, 1853.676292632866, 2221.7411055128573, 2404.2999643251896, 2263.1041481993675, 1934.5163977746965, 1962.7110040893554, 2463.2643694559097, 2498.319816867828, 2177.9062366052626, 2703.3577437787535, 2561.4228740475655, 2420.605269331932, 2446.388803471565, 2522.5795943954467, 2219.710693517685, 2326.201006274247, 2378.727381732607, 2726.511676034546, 2819.16249633193, 3322.9886099836826, 3297.2963940708637, 3437.803300508404, 3279.1336007523537, 3232.820593169332, 3048.616498699665, 3387.3637078113557, 3175.12065, 3724.522462296295, 4045.3836897171736, 3857.1631507802012, 4369.298338743686]
shares:[0, 11.0011, 22.0508, 35.1914, 56.6047, 77.3086, 97.1893, 116.2007, 136.8619, 154.6239, 170.9105, 185.7473, 199.9317, 214.4877, 227.5767, 242.0276, 257.7262, 276.4178, 295.1094, 313.8711, 331.5078, 350.4114, 366.9267, 382.8503, 400.5494, 422.3835, 445.0592, 463.8916, 483.234, 506.4898, 525.9451, 547.3126, 570.8975, 595.2284, 619.7984, 649.0382, 678.1927, 707.9546, 734.9088, 761.9358, 785.5765, 810.1465, 834.4183, 860.665, 888.1375, 918.258, 946.191, 976.9602, 1003.9144, 1029.3597, 1056.757, 1081.5095]
growth_rate:-14.33
