ticker:ARAV
price:[5.170000076293945, 5.079999923706055, 6.230000019073486, 5.010000228881836, 4.800000190734863, 5.199999809265137, 5.070000171661377, 5.230000019073486, 4.630000114440918, 4.360000133514404, 5.539999961853027, 5.489999771118164, 5.639999866485596, 5.739999771118164, 6.25, 6.190000057220459, 6.179999828338623, 5.639999866485596, 5.619999885559082, 5.860000133514404, 5.800000190734863, 5.25, 5.610000133514404, 7.289999961853027, 8.199999809265137, 6.809999942779541, 6.460000038146973, 7.21999979019165, 9.239999771118164, 6.570000171661377, 6.420000076293945, 5.489999771118164, 5.179999828338623, 5.300000190734863, 5.25, 5.0, 4.820000171661377, 5.260000228881836, 5.130000114440918, 5.260000228881836, 5.329999923706055, 4.96999979019165, 5.550000190734863, 5.730000019073486, 5.0, 4.519999980926514, 4.269999980926514, 4.150000095367432, 4.199999809265137, 4.070000171661377, 3.859999895095825, 4.110000133514404]
assets:[0, 99.99979849815368, 222.63777268161775, 279.0394777479172, 367.3430545969009, 497.955101735115, 585.5064348242282, 703.9841525673866, 723.2212968760491, 781.0464999176503, 1092.4303764778138, 1182.5706556978225, 1314.8813688731193, 1438.1948266521454, 1665.97875, 1749.9854391768934, 1847.1580706916332, 1785.7559337262153, 1879.4235017290114, 2059.6833949278835, 2138.5946303283695, 2035.7967, 2275.3941751529214, 3056.7953990044593, 3538.370437696266, 3038.5736234686374, 2982.4063056114196, 3433.277404231262, 4493.834156684304, 3295.2913340995788, 3320.056173454857, 2939.1131014663697, 2873.1521727858544, 3039.7117593922612, 3111.0350249999997, 3062.8904999999995, 3052.6266087174417, 3431.289613307953, 3446.485924884796, 3633.8238181209563, 3782.1823368616106, 3626.7251448979378, 4149.964912620354, 4384.558196594906, 3925.967, 3649.074180601645, 3547.2448391549588, 3547.556616523218, 3690.2979124122617, 3676.0746230466843, 3586.3996285315275, 3918.679627299309]
shares:[0, 19.685, 35.7364, 55.6965, 76.5298, 95.7606, 115.4845, 134.605, 156.2033, 179.1391, 197.1896, 215.4045, 233.135, 250.5566, 266.5566, 282.7117, 298.8929, 316.6234, 334.417, 351.4818, 368.7232, 387.7708, 405.5961, 419.3135, 431.5086, 446.1929, 461.6728, 475.5232, 486.3457, 501.5664, 517.1427, 535.3576, 554.6626, 573.5305, 592.5781, 612.5781, 633.325, 652.3364, 671.8296, 690.841, 709.6027, 729.7234, 747.7414, 765.1934, 785.1934, 807.3173, 830.7365, 854.8329, 878.6424, 903.2124, 929.1191, 953.45]
growth_rate:-23.16
