ticker:ARAY
price:[2.25, 2.259999990463257, 2.6500000953674316, 2.299999952316284, 2.549999952316284, 2.7300000190734863, 3.119999885559082, 3.0999999046325684, 2.9100000858306885, 2.890000104904175, 3.8399999141693115, 3.9100000858306885, 4.300000190734863, 4.309999942779541, 4.369999885559082, 4.710000038146973, 4.429999828338623, 4.170000076293945, 4.739999771118164, 4.75, 5.110000133514404, 4.940000057220459, 5.429999828338623, 5.519999980926514, 5.610000133514404, 4.980000019073486, 5.079999923706055, 5.440000057220459, 5.190000057220459, 4.860000133514404, 4.96999979019165, 5.210000038146973, 5.210000038146973, 5.329999923706055, 4.699999809265137, 4.840000152587891, 4.360000133514404, 4.579999923706055, 4.260000228881836, 4.340000152587891, 4.460000038146973, 4.289999961853027, 4.630000114440918, 4.409999847412109, 4.519999980926514, 4.03000020980835, 4.190000057220459, 4.099999904632568, 3.9700000286102295, 3.6500000953674316, 3.859999895095825, 4.070000171661377]
assets:[0, 100.0000275780201, 217.25654781856537, 288.5623640175104, 419.92787214756015, 549.5697518396378, 728.0797412941932, 823.412674668789, 872.9456087476015, 966.9460610991954, 1384.8003530472993, 1510.0439881478546, 1760.6621680975913, 1864.7568172430992, 1990.7163028674124, 2245.6003771874425, 2212.1040232815267, 2182.274046926689, 2580.570109391212, 2686.014325, 2989.586160112095, 2990.1281886349198, 3386.719671933889, 3542.853011758232, 3700.616953072309, 3385.03947696476, 3553.0118906391144, 3904.8004890725138, 3825.351822175026, 3682.1212671555995, 3865.4610728197094, 4152.123597401333, 4252.123817133523, 4450.061175301552, 4024.06886669569, 4243.935257796096, 3923.0492041338443, 4221.001209686279, 4026.08446831398, 4201.691725725174, 4417.867309786606, 4349.473089324189, 4794.186863499164, 4666.384890541076, 4882.780151395655, 4453.452481853962, 4730.264111598539, 4728.659040009737, 4678.72602171774, 4401.599720005273, 4754.842054776478, 5113.525423674392]
shares:[0, 44.2478, 81.9836, 125.4619, 164.6776, 201.3076, 233.3589, 265.617, 299.9813, 334.5834, 360.6251, 386.2005, 409.4563, 432.6582, 455.5415, 476.7729, 499.3463, 523.3271, 544.4241, 565.4767, 585.0462, 605.2891, 623.7053, 641.8212, 659.6465, 679.7268, 699.4118, 717.7942, 737.062, 757.6381, 777.7588, 796.9527, 816.1466, 834.9083, 856.1849, 876.8461, 899.7819, 921.616, 945.0902, 968.1317, 990.5532, 1013.8632, 1035.4615, 1058.1372, 1080.2611, 1105.075, 1128.9413, 1153.3315, 1178.5204, 1205.9177, 1231.8244, 1256.3944]
growth_rate:0.27
