ticker:ARBG
price:[10.449999809265137, 10.3100004196167, 10.130000114440918, 10.489999771118164, 10.449999809265137, 10.470000267028809, 10.229999542236328, 10.050000190734863, 9.880000114440918, 9.850000381469727, 9.850000381469727, 9.75, 9.90999984741211, 9.824000358581543, 9.75, 9.84000015258789, 9.710000038146973, 9.710000038146973, 9.739999771118164, 9.670000076293945, 9.699999809265137, 9.75, 9.760000228881836, 9.729999542236328, 9.710000038146973, 9.75, 9.720000267028809, 9.734999656677246, 9.739999771118164, 9.739999771118164, 9.739999771118164, 9.680000305175781, 9.729999542236328, 9.729999542236328]
assets:[0, 99.99978706998824, 198.25423223972322, 305.29990433864594, 404.1359776236534, 504.90948087730413, 593.3358814498902, 682.8955029603958, 771.3444529345512, 869.0024936546326, 969.0026525274277, 1059.164925, 1176.5459028842927, 1266.3362414219855, 1356.797325, 1469.3216147846222, 1549.9102060890198, 1649.910583481884, 1755.007702758789, 1842.395137536049, 1948.1111016935347, 2058.15285, 2160.263810660362, 2253.6235739746094, 2348.9917462283133, 2458.668225, 2551.103494084168, 2655.040085365105, 2756.4033772268294, 2856.4029808769224, 2956.4025845270157, 3038.191031783295, 3153.8839976203917, 3253.884067915726]
shares:[0, 9.6993, 19.571, 29.1039, 38.6733, 48.2244, 57.9996, 67.9498, 78.0713, 88.2236, 98.3759, 108.6323, 118.7231, 128.9023, 139.1587, 149.3213, 159.62, 169.9187, 180.1856, 190.5269, 200.8362, 211.0926, 221.3385, 231.616, 241.9147, 252.1711, 262.4592, 272.7314, 282.9983, 293.2652, 303.5321, 313.8627, 324.1402, 334.4177]
growth_rate:-1.4
