ticker:ARBGU
price:[9.850000381469727, 9.880000114440918, 10.0, 10.050000190734863, 10.095000267028809, 10.199999809265137, 10.100000381469727, 10.319999694824219, 10.710000038146973, 10.649999618530273, 10.5, 10.90999984741211, 10.720000267028809, 10.9399995803833, 10.789999961853027, 10.350000381469727, 10.199999809265137, 10.25, 10.020000457763672, 10.130000114440918, 10.15999984741211, 10.100000381469727, 10.050000190734863, 9.961000442504883, 9.979999542236328, 9.989999771118164, 9.968999862670898, 9.899999618530273, 9.920000076293945, 10.029999732971191, 9.9399995803833, 10.01099967956543, 9.979999542236328, 10.010000228881836, 10.010000228881836, 10.010000228881836, 9.989999771118164, 10.0, 10.0, 9.899999618530273, 9.899999618530273, 9.899999618530273]
assets:[0, 100.00042115831374, 201.215, 302.2205907357216, 403.5738826751709, 507.77129050493244, 602.7932727670669, 715.9231468292236, 842.9787480025292, 938.2564463928222, 1025.0415, 1165.066882705307, 1244.7774870066644, 1370.3235614396094, 1451.5344558682443, 1492.3427500032426, 1570.7142906284332, 1678.413925, 1740.7516335262299, 1859.861943011284, 1965.3696744831086, 2053.7633675691604, 2143.5956956824302, 2224.613139125633, 2328.8558471797946, 2431.18932129879, 2526.078769801712, 2608.594459484863, 2713.864020872116, 2843.95727728529, 2918.4385467982293, 3039.284442217827, 3129.872566438675, 3239.281119067192, 3339.2810213537214, 3439.280923640251, 3532.4089740686413, 3635.9449999999997, 3735.9449999999997, 3798.585303631782, 3898.5851997785567, 3998.5850959253307]
shares:[0, 10.1215, 20.1215, 30.0717, 39.9776, 49.7815, 59.6825, 69.3724, 78.7095, 88.0992, 97.623, 106.7889, 116.1173, 125.2581, 134.5259, 144.1877, 153.9916, 163.7477, 173.7277, 183.5994, 193.4419, 203.3429, 213.2931, 223.3323, 233.3523, 243.3623, 253.3934, 263.4944, 273.575, 283.5451, 293.6055, 303.5945, 313.6145, 323.6045, 333.5945, 343.5845, 353.5945, 363.5945, 373.5945, 383.6955, 393.7965, 403.8975]
growth_rate:-2.47
