ticker:ARCB
price:[32.91999816894531, 32.45000076293945, 30.670000076293945, 30.139999389648438, 31.65999984741211, 35.0, 33.4900016784668, 33.470001220703125, 30.520000457763672, 33.310001373291016, 37.099998474121094, 37.91999816894531, 42.34000015258789, 44.9900016784668, 44.70000076293945, 43.290000915527344, 43.290000915527344, 42.66999816894531, 47.790000915527344, 47.400001525878906, 48.439998626708984, 46.349998474121094, 49.90999984741211, 56.959999084472656, 55.65999984741211, 58.9900016784668, 66.38999938964844, 73.9000015258789, 69.80999755859375, 70.72000122070312, 71.98999786376953, 73.26000213623047, 74.1500015258789, 72.52999877929688, 72.76000213623047, 90.44999694824219, 84.11000061035156, 78.25, 77.83999633789062, 69.83000183105469, 60.099998474121094, 54.150001525878906, 58.13999938964844, 58.52000045776367, 60.439998626708984, 57.150001525878906, 57.689998626708984, 59.11000061035156, 67.69000244140625, 69.02999877929688, 64.4800033569336, 67.7699966430664]
assets:[0, 100.00116735115051, 194.51527448387145, 291.1554081039429, 405.8400400440216, 548.653, 624.9837133232116, 724.6121384277344, 760.7445834102631, 930.2883803535461, 1136.1355132720946, 1261.2456830978394, 1508.2566554355622, 1702.6556115219116, 1791.678840580368, 1835.1627058113097, 1935.162607926178, 2007.4484668563844, 2348.3241809875485, 2429.160018198395, 2582.4574267864227, 2571.034415359497, 2868.5073672302246, 3373.695177774048, 3396.6960186882015, 3699.911895275116, 4264.050407798767, 4846.399050067902, 4678.177366394043, 4839.157523529053, 5026.060889856721, 5214.727538059235, 5378.07736567154, 5360.576161779785, 5477.576688821411, 6909.330546881104, 6525.026750349426, 6170.427225, 6238.097306518554, 5696.172909362793, 5002.477462992096, 4607.222919825745, 5046.703111019898, 5179.687168517303, 5449.626872175979, 5252.982395252227, 5402.616450392533, 5635.600657191468, 6553.624194372559, 6783.35708404541, 6436.2456310813905, 6864.6466009651185]
shares:[0, 3.0817, 6.3422, 9.6601, 12.8187, 15.6758, 18.6618, 21.6496, 24.9261, 27.9282, 30.6236, 33.2607, 35.6225, 37.8452, 40.0823, 42.3923, 44.7023, 47.0459, 49.1384, 51.2481, 53.3125, 55.47, 57.4736, 59.2292, 61.0258, 62.721, 64.2273, 65.5805, 67.013, 68.427, 69.8161, 71.1811, 72.5297, 73.9084, 75.2828, 76.3884, 77.5773, 78.8553, 80.14, 81.572, 83.2359, 85.0826, 86.8026, 88.5114, 90.1659, 91.9157, 93.6491, 95.3409, 96.8182, 98.2668, 99.8177, 101.2933]
growth_rate:34.6
