ticker:ARCC
price:[14.09000015258789, 14.569999694824219, 13.8100004196167, 13.699999809265137, 14.34000015258789, 14.359999656677246, 14.010000228881836, 14.039999961853027, 13.829999923706055, 14.649999618530273, 15.569999694824219, 16.15999984741211, 16.829999923706055, 17.280000686645508, 16.979999542236328, 16.56999969482422, 16.3700008392334, 16.889999389648438, 17.0, 17.200000762939453, 17.5, 17.299999237060547, 18.09000015258789, 17.940000534057617, 17.950000762939453, 18.329999923706055, 18.739999771118164, 18.56999969482422, 18.260000228881836, 18.68000030517578, 18.93000030517578, 19.350000381469727, 19.6200008392334, 19.559999465942383, 19.25, 19.239999771118164, 18.90999984741211, 19.239999771118164, 19.469999313354492, 19.719999313354492, 19.959999084472656, 19.0, 19.549999237060547, 19.93000030517578, 20.010000228881836, 19.940000534057617, 19.950000762939453, 19.969999313354492, 20.110000610351562, 20.299999237060547, 19.760000228881836, 20.1200008392334]
assets:[0, 99.99973590545655, 194.78315091848373, 293.23205591754913, 406.93048633003235, 507.4981838665962, 595.1293987226487, 696.4036541078567, 785.9879386640548, 932.5896757164002, 1091.1549206130983, 1232.50218036232, 1383.6027087278364, 1520.5968604230882, 1594.1978210220336, 1655.7041955062866, 1735.719373984337, 1890.85569967041, 2003.1712, 2126.7388143356325, 2263.8332499999997, 2337.9599568946837, 2544.7221304645536, 2623.621026102829, 2725.0829558258056, 2882.771919001198, 3047.253268782234, 3119.6095317329405, 3167.533023703766, 3340.389410572052, 3485.0944551841735, 3662.4190772016527, 3813.5219051210406, 3901.8599894653316, 3940.0207, 4037.9737879636764, 4068.715278168869, 4239.71865356369, 4390.40112416439, 4546.775165682411, 4702.110716323089, 4575.9581, 4808.420062351227, 5001.883994590759, 5121.961759586907, 5204.04303338108, 5306.652322940063, 5411.971660915566, 5549.913726443481, 5702.348955687333, 5650.660561452103, 5853.608420162201]
shares:[0, 6.8634, 14.1045, 21.4038, 28.3773, 35.3411, 42.4789, 49.6014, 56.8321, 63.658, 70.0806, 76.2687, 82.2105, 87.9975, 93.8868, 99.9218, 106.0305, 111.9512, 117.8336, 123.6476, 129.3619, 135.1422, 140.6701, 146.2442, 151.8152, 157.2707, 162.6069, 167.9919, 173.4684, 178.8217, 184.1043, 189.2723, 194.3691, 199.4816, 204.6764, 209.8739, 215.1621, 220.3596, 225.4957, 230.5667, 235.5767, 240.8399, 245.955, 250.9726, 255.9701, 260.9851, 265.9976, 271.0051, 275.9778, 280.9039, 285.9646, 290.9348]
growth_rate:14.78
