ticker:ARCE
price:[48.13999938964844, 44.220001220703125, 39.029998779296875, 40.119998931884766, 41.2599983215332, 38.310001373291016, 36.459999084472656, 35.400001525878906, 34.08000183105469, 37.810001373291016, 40.97999954223633, 41.18000030517578, 42.400001525878906, 37.650001525878906, 38.709999084472656, 36.0099983215332, 36.65999984741211, 35.4900016784668, 36.79999923706055, 37.7400016784668, 35.95000076293945, 31.739999771118164, 40.20000076293945, 37.2400016784668, 35.5, 35.54999923706055, 33.70000076293945, 31.700000762939453, 30.469999313354492, 25.530000686645508, 27.100000381469727, 30.010000228881836, 28.799999237060547, 27.709999084472656, 25.65999984741211, 27.219999313354492, 24.360000610351562, 23.6299991607666, 29.059999465942383, 30.0, 30.3700008392334, 33.2400016784668, 33.34000015258789, 31.479999542236328, 27.68000030517578, 27.549999237060547, 29.110000610351562, 29.100000381469727, 27.950000762939453, 26.989999771118164, 24.079999923706055, 23.100000381469727]
assets:[0, 99.99911076049806, 188.26119911193848, 293.51791218566893, 401.8600056522369, 473.12851696014405, 550.2798281822205, 634.2830673400879, 710.6327901809692, 888.4102592678071, 1062.8941501270294, 1168.0830626564027, 1302.6891668807984, 1256.7495209335327, 1392.1315680747985, 1395.0309359760283, 1520.2132076725006, 1571.6960183319093, 1729.710364139557, 1873.8929813404084, 1885.0131250041961, 1764.264713277626, 2334.5145443058013, 2262.62057397995, 2256.90185, 2360.079129350281, 2337.263552913666, 2298.5543753204347, 2309.366952958107, 2034.9580597314834, 2260.0993818140028, 2602.788326851082, 2597.8434511806486, 2599.5221211128237, 2507.2077930908204, 2759.634302386093, 2569.6804363845827, 2592.6740559196473, 3288.4527875656127, 3494.8230000000003, 3637.925216529083, 4081.712654107666, 4193.991983194733, 4060.01331696167, 3669.9223924613952, 3752.687331077194, 4065.1795642349243, 4163.7822845827095, 4099.233756895065, 4058.4376835834505, 3720.865668210983, 3669.435060596466]
shares:[0, 2.2614, 4.8235, 7.316, 9.7397, 12.35, 15.0927, 17.9176, 20.8519, 23.4967, 25.9369, 28.3653, 30.7238, 33.3798, 35.9631, 38.7401, 41.4679, 44.2856, 47.003, 49.6527, 52.4343, 55.5849, 58.0725, 60.7578, 63.5747, 66.3876, 69.355, 72.5096, 75.7915, 79.7085, 83.3985, 86.7307, 90.2029, 93.8117, 97.7088, 101.3826, 105.4877, 109.7196, 113.1608, 116.4941, 119.7868, 122.7952, 125.7946, 128.9712, 132.5839, 136.2137, 139.6489, 143.0853, 146.6631, 150.3682, 154.521, 158.85]
growth_rate:-28.05
