ticker:ARCT
price:[38.2599983215332, 38.599998474121094, 46.88999938964844, 40.09000015258789, 42.790000915527344, 51.119998931884766, 55.130001068115234, 49.369998931884766, 54.08000183105469, 63.36000061035156, 47.470001220703125, 60.34000015258789, 76.0, 112.01000213623047, 106.01000213623047, 99.29000091552734, 98.12999725341797, 43.380001068115234, 69.66000366210938, 59.689998626708984, 67.69999694824219, 72.45999908447266, 85.05000305175781, 73.47000122070312, 66.9800033569336, 52.66999816894531, 43.189998626708984, 49.47999954223633, 46.400001525878906, 40.83000183105469, 40.5, 37.0, 40.33000183105469, 36.16999816894531, 36.65999984741211, 31.799999237060547, 28.860000610351562, 28.809999465942383, 29.219999313354492, 30.739999771118164, 34.38999938964844, 35.09000015258789, 34.7400016784668, 34.72999954223633, 32.09000015258789, 28.030000686645508, 31.219999313354492, 31.309999465942383, 49.29999923706055, 48.02000045776367, 47.900001525878906, 56.689998626708984]
assets:[0, 100.00101604690552, 221.48022311706544, 289.3616031013489, 408.8499007476807, 588.4423077049255, 734.6017512325286, 757.8492316040039, 930.1489914932251, 1189.7614194610594, 991.3824934936523, 1360.1661814395904, 1813.17, 2772.2811558723447, 2723.778590887451, 2651.1224564453128, 2720.1537108650205, 1302.4888700702666, 2191.545511212158, 1977.8818254947662, 2343.2999943695067, 2608.0599930473327, 3161.215058430481, 2830.7991470336915, 2680.7406743545534, 2208.010595239258, 1910.5959692497254, 2288.8458188247682, 2246.372553872681, 2076.711885131836, 2159.92575, 2073.2653999999998, 2359.8576281417845, 2216.439615795898, 2346.467282233429, 2135.3985687679287, 2037.9749171005249, 2134.4435494333266, 2264.818770778656, 2482.6330835149765, 2877.414687931824, 3035.9833042018895, 3105.700566052246, 3204.807951758575, 3061.1934745559693, 2773.893715951538, 3189.5818638490678, 3298.777709732437, 5294.179018070221, 5256.72544011116, 5343.590050222778, 6424.178672377015]
shares:[0, 2.5907, 4.7234, 7.2178, 9.5548, 11.511, 13.3249, 15.3504, 17.1995, 18.7778, 20.8844, 22.5417, 23.8575, 24.7503, 25.6936, 26.7008, 27.7199, 30.0251, 31.4606, 33.1359, 34.613, 35.9931, 37.1689, 38.53, 40.023, 41.9216, 44.237, 46.258, 48.4132, 50.8624, 53.3315, 56.0342, 58.5137, 61.2784, 64.0062, 67.1509, 70.6159, 74.0869, 77.5092, 80.7623, 83.6701, 86.5199, 89.3984, 92.2778, 95.394, 98.9616, 102.1647, 105.3586, 107.387, 109.4695, 111.5572, 113.3212]
growth_rate:25.96
