ticker:ARDS
price:[6.940000057220459, 6.800000190734863, 7.340000152587891, 7.190000057220459, 7.5, 7.429999828338623, 7.710000038146973, 7.769999980926514, 6.190000057220459, 6.800000190734863, 7.099999904632568, 7.210000038146973, 6.829999923706055, 6.829999923706055, 7.369999885559082, 6.699999809265137, 6.480000019073486, 6.070000171661377, 6.25, 7.099999904632568, 6.889999866485596, 7.019999980926514, 7.059999942779541, 8.079999923706055, 6.480000019073486, 6.309999942779541, 5.539999961853027, 7.71999979019165, 7.039999961853027, 6.5, 5.960000038146973, 5.599999904632568, 5.639999866485596, 5.860000133514404, 6.230000019073486, 5.599999904632568, 6.400000095367432, 5.929999828338623, 5.78000020980835, 6.03000020980835, 6.929999828338623, 6.639999866485596, 7.25, 7.489999771118164, 7.210000038146973, 5.849999904632568, 5.170000076293945, 4.989999771118164, 4.199999809265137, 3.8499999046325684, 3.5899999141693115, 3.7699999809265137]
assets:[0, 100.00012280492783, 207.94147032279966, 303.6919414168835, 416.78549999999996, 512.8958601501465, 632.2246291280746, 737.1445601904869, 687.2490893529415, 854.9749039813995, 992.6942966660977, 1108.0739028626442, 1149.6733971576691, 1249.6734750406265, 1448.4761935081483, 1416.7966996667863, 1470.2750683276652, 1477.2486577770233, 1621.055, 1941.5184039214612, 1984.0932805522443, 2121.5289362357616, 2233.6173658967973, 2656.320982918167, 2230.3168625648022, 2271.8056853987696, 2094.5803595772745, 3018.801697957277, 2852.8966245412826, 2734.0664, 2606.9284526856422, 2549.4626765829084, 2667.673124848795, 2871.731155429602, 3153.052226653242, 2934.2039500308038, 3453.3760514593127, 3299.768566478443, 3316.300552378464, 3559.738866857863, 4191.042829184676, 4115.659829243994, 4593.75515, 4845.823876919746, 4764.671566209126, 3965.9261203469755, 3604.929898198128, 3579.4196498188016, 3112.737878641033, 2953.3430118434426, 2853.8966387682676, 3096.989009331465]
shares:[0, 14.7059, 28.3299, 42.2381, 55.5714, 69.0304, 82.0006, 94.8706, 111.0257, 125.7316, 139.8161, 153.6857, 168.327, 182.9683, 196.5368, 211.4622, 226.8943, 243.3688, 259.3688, 273.4533, 287.9671, 302.2121, 316.3764, 328.7526, 344.1847, 360.0326, 378.0831, 391.0365, 405.241, 420.6256, 437.4041, 455.2612, 472.9917, 490.0565, 506.1079, 523.965, 539.59, 556.4534, 573.7544, 590.3381, 604.7681, 619.8283, 633.6214, 646.9725, 660.8421, 677.9361, 697.2785, 717.3186, 741.1281, 767.1021, 794.9573, 821.4825]
growth_rate:-39.27
