ticker:ARDX
price:[5.769999980926514, 5.889999866485596, 6.059999942779541, 5.389999866485596, 5.255000114440918, 5.789999961853027, 5.71999979019165, 5.159999847412109, 5.110000133514404, 5.360000133514404, 5.789999961853027, 5.650000095367432, 6.309999942779541, 6.320000171661377, 6.679999828338623, 6.949999809265137, 6.880000114440918, 6.46999979019165, 7.0, 6.820000171661377, 7.21999979019165, 6.789999961853027, 7.309999942779541, 7.230000019073486, 6.949999809265137, 6.449999809265137, 6.670000076293945, 6.96999979019165, 6.960000038146973, 6.25, 6.860000133514404, 7.440000057220459, 8.6899995803833, 8.239999771118164, 7.309999942779541, 6.739999771118164, 6.789999961853027, 6.949999809265137, 7.150000095367432, 6.75, 7.380000114440918, 7.28000020980835, 8.069999694824219, 7.889999866485596, 8.050000190734863, 7.5, 1.6799999475479126, 1.7400000095367432, 1.600000023841858, 1.440000057220459, 1.340000033378601, 1.4500000476837158]
assets:[0, 99.9998287332058, 202.8863740842819, 280.45516805291174, 373.4308181324005, 511.44922463035584, 605.2657817989826, 646.0087608966827, 739.7491693282127, 875.9403338191509, 1046.2118841071128, 1120.9148189201355, 1351.8537567410947, 1453.9963034928799, 1636.8190619373322, 1802.9779855193137, 1884.818687351799, 1872.4968732789039, 2125.8853, 2171.220028650236, 2398.564072299337, 2355.713080765343, 2636.1212143652438, 2707.272061142063, 2702.42611083498, 2608.007112877846, 2796.9624809926986, 3022.7627520099163, 3118.4259290917394, 2900.3106249999996, 3283.381283903599, 3660.9852041563513, 4376.070014691353, 4249.460993963051, 3869.8496417079928, 3668.096595436096, 3795.30782367754, 3984.7406906433107, 4199.409556012154, 4064.4774, 4543.828432460689, 4582.259268059921, 5179.509800131226, 5163.98203161521, 5368.702102204799, 5101.896, 1242.8246491971731, 1387.2113536031484, 1375.5966604979872, 1338.03696516881, 1345.1177615060806, 1555.5378661543607]
shares:[0, 16.9779, 33.4796, 52.0325, 71.062, 88.3332, 105.8157, 125.1955, 144.765, 163.4217, 180.6929, 198.392, 214.2399, 230.0627, 245.0328, 259.4213, 273.9562, 289.4122, 303.6979, 318.3607, 332.2111, 346.9386, 360.6185, 374.4498, 388.8383, 404.3422, 419.3347, 433.6819, 448.0497, 464.0497, 478.627, 492.0679, 503.5754, 515.7113, 529.3912, 544.228, 558.9555, 573.344, 587.33, 602.1448, 615.6949, 629.4312, 641.8228, 654.4971, 666.9195, 680.2528, 739.7766, 797.2479, 859.7479, 929.1923, 1003.8192, 1072.7847]
growth_rate:-69.5
