ticker:AREC
price:[1.2999999523162842, 1.340000033378601, 1.6100000143051147, 1.4900000095367432, 1.5299999713897705, 2.009999990463257, 1.7200000286102295, 1.5299999713897705, 1.440000057220459, 1.3600000143051147, 1.3799999952316284, 1.4700000286102295, 1.9199999570846558, 1.75, 1.8300000429153442, 1.6299999952316284, 1.7200000286102295, 1.9500000476837158, 2.140000104904175, 2.059999942779541, 2.7799999713897705, 2.3399999141693115, 6.0, 6.340000152587891, 6.550000190734863, 5.199999809265137, 3.930000066757202, 4.340000152587891, 4.559999942779541, 3.7100000381469727, 3.7950000762939453, 3.7200000286102295, 3.3499999046325684, 3.2799999713897705, 3.2100000381469727, 3.0399999618530273, 2.7799999713897705, 2.819999933242798, 2.859999895095825, 3.299999952316284, 2.8499999046325684, 2.559999942779541, 2.7899999618530273, 2.5399999618530273, 2.559999942779541, 2.0799999237060547, 2.119999885559082, 2.059999942779541, 1.9500000476837158, 1.840000033378601, 1.8300000429153442, 2.180000066757202]
assets:[0, 100.00004849094154, 220.14930895606278, 303.7406739440918, 411.89481129777437, 641.1166319581271, 648.6171707890034, 676.9676123410463, 737.1459652915478, 796.1933763747334, 907.9021348628878, 1067.1131517689466, 1493.7803186114072, 1461.518625, 1628.3309271860005, 1550.371235464573, 1735.974528875947, 2068.1107705718996, 2369.619120160246, 2381.035071862173, 3313.241495901942, 2888.8433840378525, 7507.291200000001, 8032.704747327042, 8398.77245957079, 6767.727471761227, 5214.840490582227, 5858.882591989517, 6255.876233499098, 5189.759152362156, 5408.662191734696, 5401.771493544602, 4964.498188671208, 4960.762484729099, 4954.892500882912, 4792.483635862255, 4482.600111867547, 4647.097911990332, 4813.014029459691, 5653.477748309445, 4982.548813272667, 4575.552665728426, 5086.6375344516755, 4730.845686949826, 4868.096403189564, 4055.328219251442, 4233.315199479008, 4213.504518961811, 4088.5118649771453, 3957.877791798055, 4036.3675936568857, 4908.350592306304]
shares:[0, 74.6269, 136.7387, 203.8528, 269.2123, 318.9635, 377.103, 442.4625, 511.9069, 585.4363, 657.9001, 725.9273, 778.0106, 835.1535, 889.7983, 951.148, 1009.2875, 1060.5696, 1107.2986, 1155.8423, 1191.8135, 1234.5485, 1251.2152, 1266.9881, 1282.2553, 1301.4861, 1326.9314, 1349.9729, 1371.9027, 1398.8569, 1425.2074, 1452.0891, 1481.9398, 1512.4276, 1543.5802, 1576.4749, 1612.4461, 1647.9071, 1682.8721, 1713.1751, 1748.2628, 1787.3253, 1823.1676, 1862.5377, 1901.6002, 1949.6771, 1996.8469, 2045.3906, 2096.6727, 2151.0205, 2205.6653, 2251.5369]
growth_rate:-3.76
