ticker:ARGX
price:[218.27999877929688, 219.2899932861328, 249.74000549316406, 248.57000732421875, 262.29998779296875, 276.2699890136719, 269.8999938964844, 250.4199981689453, 248.1300048828125, 272.6600036621094, 262.6700134277344, 269.3299865722656, 281.5899963378906, 289.0199890136719, 294.510009765625, 308.3599853515625, 299.489990234375, 294.0899963378906, 289.0199890136719, 279.2200012207031, 310.9800109863281, 293.0199890136719, 371.010009765625, 369.7799987792969, 370.2099914550781, 330.67999267578125, 289.75, 310.6600036621094, 305.9700012207031, 283.0, 282.3599853515625, 277.9599914550781, 281.7200012207031, 296.4100036621094, 286.7099914550781, 263.70001220703125, 272.29998779296875, 268.2099914550781, 278.989990234375, 269.92999267578125, 314.6700134277344, 318.1600036621094, 313.70001220703125, 316.0899963378906, 313.07000732421875, 309.3999938964844, 316.0899963378906, 304.42999267578125, 313.1099853515625, 311.010009765625, 314.5799865722656, 336.69000244140625]
assets:[0, 99.99623693847657, 213.87734070434573, 312.8750682189941, 430.14574998168945, 553.0648910064697, 640.3107455200195, 694.0891089248657, 787.7383265014648, 965.6254029693604, 1030.24432666626, 1156.3682973480225, 1308.9992569763183, 1443.5392371276855, 1570.9458430908203, 1744.8241411132813, 1794.6338684814455, 1862.2660838104248, 1930.162192630005, 1964.7036165893555, 2288.1909208374022, 2256.0488014129637, 2956.5045658203126, 3046.691365942383, 3150.2278802886963, 2913.8528914611816, 2653.1828, 2944.652976712036, 3000.1888469696046, 2874.9687, 2968.478761999512, 3022.231191091919, 3163.1240017059326, 3428.070615353394, 3415.891509194946, 3241.7433600646973, 3447.453995452881, 3495.66128163147, 3736.1502522216797, 3714.8305452026366, 4430.5537890625, 4579.690540713501, 4615.499649603272, 4750.674599960327, 4805.2802354187015, 4848.947644345093, 5053.804906448364, 4967.384190490723, 5209.022960302734, 5274.076644604492, 5434.620932025146, 5916.586074902344]
shares:[0, 0.456, 0.8564, 1.2587, 1.6399, 2.0019, 2.3724, 2.7717, 3.1747, 3.5415, 3.9222, 4.2935, 4.6486, 4.9946, 5.3341, 5.6584, 5.9923, 6.3323, 6.6783, 7.0364, 7.358, 7.6993, 7.9688, 8.2392, 8.5093, 8.8117, 9.1568, 9.4787, 9.8055, 10.1589, 10.5131, 10.8729, 11.2279, 11.5653, 11.9141, 12.2933, 12.6605, 13.0333, 13.3917, 13.7622, 14.08, 14.3943, 14.7131, 15.0295, 15.3489, 15.6721, 15.9885, 16.317, 16.6364, 16.9579, 17.2758, 17.5728]
growth_rate:16.01
