ticker:ARKO
price:[10.079999923706055, 10.0600004196167, 10.020000457763672, 10.0, 10.020000457763672, 10.09000015258789, 10.010000228881836, 10.029999732971191, 10.020000457763672, 10.029999732971191, 10.029999732971191, 10.09000015258789, 10.0649995803833, 10.229999542236328, 9.619999885559082, 9.3100004196167, 9.4399995803833, 9.0, 8.470000267028809, 8.260000228881836, 8.130000114440918, 9.25, 9.920000076293945, 9.949999809265137, 9.699999809265137, 9.270000457763672, 9.600000381469727, 9.609999656677246, 10.149999618530273, 9.850000381469727, 9.8100004196167, 10.210000038146973, 9.949999809265137, 10.09000015258789, 10.520000457763672, 10.369999885559082, 10.199999809265137, 10.59000015258789, 10.489999771118164, 10.600000381469727, 10.260000228881836, 9.520000457763672, 9.289999961853027, 8.949999809265137, 8.510000228881836, 8.3100004196167, 8.260000228881836, 8.300000190734863, 7.599999904632568, 8.300000190734863, 8.229999542236328, 9.760000228881836]
assets:[0, 100.00042817115784, 199.60241711883546, 299.204, 399.8020262649536, 502.59501560058595, 598.6100256874084, 699.8061203690529, 799.108062507248, 899.9056180418015, 999.9057183794976, 1105.8872237239837, 1203.146900339985, 1322.8709078052523, 1343.9899820116996, 1400.680253130913, 1520.2383004240037, 1549.3797, 1558.1387081225396, 1619.5068568759918, 1694.0180428456306, 2027.388175, 2274.2364014909745, 2381.1145543556213, 2421.287762389278, 2413.9526152038575, 2599.886503310204, 2702.594256448269, 2954.456813961983, 2967.1333449108124, 3055.08428567934, 3279.6541702535633, 3296.137431815243, 3442.5153330600738, 3689.2231925315855, 3736.6199847635266, 3775.363669402599, 4019.7162519187928, 4081.7585659399037, 4224.56125203228, 4189.056519450188, 3986.921927708817, 3990.59937761364, 3944.5495259370805, 3850.6278805650713, 3860.131478918838, 3936.9052630903248, 4055.9702232066156, 3813.900352141857, 4265.180858014298, 4329.209376203537, 5234.032410743333]
shares:[0, 9.9404, 19.9204, 29.9204, 39.9004, 49.8112, 59.8012, 69.7713, 79.7513, 89.7214, 99.6915, 109.6023, 119.5377, 129.3129, 139.7079, 150.449, 161.0422, 172.1533, 183.9597, 196.0662, 208.3663, 219.1771, 229.2577, 239.308, 249.6173, 260.4048, 270.8215, 281.2273, 291.0795, 301.2318, 311.4255, 321.2198, 331.2701, 341.1809, 350.6866, 360.3298, 370.1337, 379.5766, 389.1095, 398.5435, 408.2901, 418.7943, 429.5586, 440.7318, 452.4827, 464.5164, 476.6229, 488.6711, 501.829, 513.8772, 526.0279, 536.2738]
growth_rate:2.63
