ticker:ARKR
price:[9.949999809265137, 10.029999732971191, 12.100000381469727, 11.640000343322754, 11.510000228881836, 12.180000305175781, 12.0, 11.550000190734863, 10.050000190734863, 9.779999732971191, 10.15999984741211, 11.210000038146973, 15.8100004196167, 15.260000228881836, 14.25, 14.600000381469727, 17.100000381469727, 19.389999389648438, 20.940000534057617, 19.68000030517578, 19.989999771118164, 18.520000457763672, 19.049999237060547, 18.959999084472656, 18.850000381469727, 18.110000610351562, 18.139999389648438, 19.1200008392334, 23.299999237060547, 20.559999465942383, 20.93000030517578, 20.639999389648438, 19.950000762939453, 19.079999923706055, 20.299999237060547, 20.059999465942383, 19.25, 20.969999313354492, 19.940000534057617, 19.700000762939453, 20.25, 19.649999618530273, 19.75, 19.530000686645508, 17.329999923706055, 17.299999237060547, 16.110000610351562, 15.800000190734863, 15.140000343322754, 15.25, 15.899999618530273, 16.299999237060547]
assets:[0, 100.00010033769608, 220.63866695594788, 312.2511572098732, 408.7638461284638, 532.5583333435059, 624.6876, 701.2617265805244, 710.1882884783744, 791.1080903999328, 921.8462501552582, 1117.1157388014792, 1675.5217104703904, 1717.2337677564622, 1703.5761, 1845.4181482172012, 2261.415200448036, 2664.2595981353757, 2977.2346179319384, 2898.088652940369, 3043.7393341497423, 2919.9132761722567, 3103.4734757080078, 3188.8120940208432, 3270.3110711816785, 3241.9273502609253, 3347.2978993743895, 3628.132967249489, 4521.311261953354, 4089.620333769798, 4263.217111161041, 4304.147824720764, 4260.258822923279, 4174.473115307808, 4541.394029319763, 4587.701817861557, 4502.45565, 5004.752461123467, 4858.9294801378255, 4900.446109783936, 5137.260975, 5085.046551282883, 5210.924924999999, 5252.878822683335, 4761.15579603939, 4852.912745983886, 4619.099650001526, 4630.215335895157, 4536.801026878929, 4669.7635, 4968.802350789452, 5193.80404689827]
shares:[0, 9.9701, 18.2346, 26.8257, 35.5138, 43.724, 52.0573, 60.7153, 70.6655, 80.8904, 90.7329, 99.6535, 105.9786, 112.5317, 119.5492, 126.3985, 132.2465, 137.4038, 142.1793, 147.2606, 152.2631, 157.6627, 162.912, 168.1863, 173.4913, 179.0131, 184.5258, 189.7559, 194.0477, 198.9115, 203.6893, 208.5343, 213.5468, 218.7879, 223.714, 228.699, 233.8938, 238.6625, 243.6775, 248.7536, 253.6919, 258.781, 263.8443, 268.9646, 274.7349, 280.5152, 286.7225, 293.0516, 299.6566, 306.214, 312.5033, 318.6383]
growth_rate:1.84
