ticker:ARLP
price:[3.0999999046325684, 3.119999885559082, 3.180000066757202, 2.869999885559082, 2.859999895095825, 2.7799999713897705, 2.680000066757202, 3.119999885559082, 3.2200000286102295, 3.25, 3.5299999713897705, 4.019999980926514, 4.639999866485596, 4.78000020980835, 5.090000152587891, 5.03000020980835, 4.510000228881836, 4.480000019073486, 5.039999961853027, 5.519999980926514, 5.230000019073486, 5.03000020980835, 6.300000190734863, 6.5, 6.300000190734863, 5.980000019073486, 5.78000020980835, 5.849999904632568, 5.849999904632568, 5.820000171661377, 5.880000114440918, 5.769999980926514, 5.75, 6.539999961853027, 5.480000019073486, 5.840000152587891, 6.119999885559082, 6.090000152587891, 5.960000038146973, 6.400000095367432, 7.130000114440918, 6.639999866485596, 7.099999904632568, 7.269999980926514, 7.800000190734863, 6.96999979019165, 7.309999942779541, 7.940000057220459, 7.849999904632568, 8.149999618530273, 7.829999923706055, 8.5]
assets:[0, 100.0000523320198, 201.92300823893547, 282.2386587457657, 381.25514601564413, 470.59061115694044, 553.6628217914105, 744.5627006896019, 868.4269237161159, 976.51775, 1160.6484585930823, 1421.7582172542573, 1741.034205902338, 1893.565535114193, 2116.3701454444886, 2191.4227064073084, 2064.873838792038, 2151.1383131584166, 2520.030724926281, 2860.0334301176067, 2809.7782852470873, 2802.3298128890992, 3609.876169290352, 3824.4752000000003, 3806.7990552522656, 3713.437687844181, 3689.242349915886, 3833.9214574989323, 3933.921355868721, 4013.747404385805, 4155.126188870144, 4177.39401319108, 4262.9143, 4948.601497135449, 4246.534762780333, 4625.504376855469, 4947.275103488445, 5023.024208854295, 5015.800144103622, 5486.094161749172, 6211.851461704064, 5884.949545667839, 6392.641824133826, 6645.705453564406, 7230.193016801262, 6560.8259525084495, 6980.866464355899, 7682.501091364765, 7695.420061510516, 8089.511951361465, 7871.887291297912, 8645.47155]
shares:[0, 32.0513, 63.4978, 98.341, 133.306, 169.2772, 206.5906, 238.6419, 269.6978, 300.467, 328.7956, 353.6712, 375.2229, 396.1434, 415.7898, 435.6705, 457.8434, 480.1648, 500.0061, 518.122, 537.2425, 557.1232, 572.9962, 588.3808, 604.2538, 620.9762, 638.2772, 655.3712, 672.4652, 689.6473, 706.6541, 723.9851, 741.3764, 756.6669, 774.9151, 792.0384, 808.3783, 824.7987, 841.5772, 857.2022, 871.2274, 886.2876, 900.3721, 914.1273, 926.9478, 941.295, 954.9749, 967.5694, 980.3083, 992.5782, 1005.3496, 1017.1143]
growth_rate:69.52
