ticker:ARNA
price:[65.05999755859375, 63.369998931884766, 71.25, 73.69000244140625, 74.9800033569336, 82.56999969482422, 80.91999816894531, 81.33999633789062, 85.72000122070312, 86.63999938964844, 66.68000030517578, 64.83000183105469, 65.9000015258789, 67.05000305175781, 69.19000244140625, 72.4000015258789, 78.08000183105469, 76.83000183105469, 77.13999938964844, 80.5, 77.68000030517578, 74.23999786376953, 81.18000030517578, 83.94999694824219, 81.11000061035156, 80.3499984741211, 73.56999969482422, 77.06999969482422, 75.91999816894531, 69.9000015258789, 68.4800033569336, 66.29000091552734, 65.9000015258789, 66.91999816894531, 68.62999725341797, 64.79000091552734, 61.459999084472656, 62.790000915527344, 61.11000061035156, 60.599998474121094, 65.19000244140625, 67.04000091552734, 73.33999633789062, 70.55999755859375, 68.01000213623047, 64.33000183105469, 65.30000305175781, 61.86000061035156, 55.15999984741211, 48.119998931884766, 46.900001525878906, 52.43000030517578]
assets:[0, 99.99785831451416, 212.431875, 319.704075592041, 425.30157504119876, 568.3540788993836, 656.9975571334838, 760.4069557647705, 901.3543848358155, 1011.0281448776245, 878.1089240188599, 953.7465719375609, 1069.4911247634886, 1188.1528740783692, 1326.0748297912598, 1487.5955913520813, 1704.2990479675293, 1777.01647835083, 1884.1830550918578, 2066.24985, 2093.864408226013, 2101.140419540405, 2397.5538930130006, 2579.3636562347415, 2592.105288505554, 2667.820824337006, 2542.704258452606, 2763.6685330566406, 2822.4322199279786, 2698.6293589096067, 2743.8088385032656, 2756.059820063782, 2839.8485357551576, 2983.802110357666, 3160.047634534454, 3083.2330425682067, 3024.7661469421387, 3190.22180851593, 3204.8650940093994, 3278.120557458496, 3626.4155318115236, 3829.3248522949216, 4289.179675827027, 4226.593245758057, 4173.848642102814, 4048.003963220215, 4209.042296707153, 4087.312936328125, 3744.619329641342, 3366.696477269745, 3381.3400300109865, 3880.0349855842587]
shares:[0, 1.578, 2.9815, 4.3385, 5.6722, 6.8833, 8.1191, 9.3485, 10.5151, 11.6693, 13.169, 14.7115, 16.229, 17.7204, 19.1657, 20.5469, 21.8276, 23.1292, 24.4255, 25.6677, 26.955, 28.302, 29.5338, 30.725, 31.9579, 33.2025, 34.5617, 35.8592, 37.1764, 38.607, 40.0673, 41.5758, 43.0933, 44.5876, 46.0447, 47.5881, 49.2152, 50.8078, 52.4442, 54.0944, 55.6284, 57.12, 58.4835, 59.9007, 61.3711, 62.9256, 64.457, 66.0736, 67.8865, 69.9646, 72.0968, 74.0041]
growth_rate:-23.92
