ticker:AROW
price:[28.489999771118164, 27.540000915527344, 27.469999313354492, 25.139999389648438, 25.690000534057617, 27.190000534057617, 27.020000457763672, 29.190000534057617, 27.3700008392334, 26.559999465942383, 29.219999313354492, 30.190000534057617, 30.700000762939453, 30.719999313354492, 30.959999084472656, 31.09000015258789, 30.229999542236328, 29.90999984741211, 30.950000762939453, 31.079999923706055, 31.350000381469727, 29.399999618530273, 31.030000686645508, 31.09000015258789, 31.420000076293945, 31.860000610351562, 33.97999954223633, 36.099998474121094, 34.34000015258789, 34.31999969482422, 33.849998474121094, 33.5, 34.0, 34.400001525878906, 35.349998474121094, 37.70000076293945, 37.27000045776367, 36.68000030517578, 37.099998474121094, 36.66999816894531, 36.88999938964844, 36.18000030517578, 36.61000061035156, 35.959999084472656, 36.04999923706055, 36.31999969482422, 35.810001373291016, 36.04999923706055, 36.20000076293945, 37.150001525878906, 35.33000183105469, 36.470001220703125]
assets:[0, 100.00049732437134, 199.74535300712586, 282.80236713409425, 388.9902810865402, 511.70221505069736, 608.5039203090668, 757.3725108568192, 810.1492878412247, 886.1743821811676, 1074.9248807401657, 1210.6099644155502, 1331.0599330787659, 1431.9267519939424, 1543.114466368103, 1649.594991096115, 1703.9653151973725, 1785.9290818889617, 1948.0270930202485, 2056.2092829524995, 2174.072366454315, 2138.8440922481536, 2357.4267271661756, 2461.9860220832825, 2588.118820284462, 2724.3613961914066, 3005.6430935092926, 3293.164600804138, 3232.613084363937, 3330.731946382904, 3385.118322406769, 3450.1181, 3601.6132, 3743.986086071777, 3947.382324611664, 4309.796227217865, 4360.638504558945, 4391.608404537964, 4541.893113197327, 4589.250270843506, 4716.78483395996, 4726.005303863525, 4882.174224394226, 4895.493587362671, 5007.745049019241, 5145.250964767456, 5173.001787381362, 5307.670227671813, 5429.75395443573, 5672.247982978821, 5494.362899757385, 5771.651218185424]
shares:[0, 3.6311, 7.2714, 11.2491, 15.1417, 18.8195, 22.5205, 25.9463, 29.5999, 33.365, 36.7873, 40.0997, 43.357, 46.6122, 49.8422, 53.0587, 56.3667, 59.7101, 62.9411, 66.1586, 69.3484, 72.7498, 75.9725, 79.189, 82.3717, 85.5104, 88.4533, 91.2234, 94.1355, 97.0493, 100.0035, 102.9886, 105.9298, 108.8368, 111.6657, 114.3182, 117.0013, 119.7276, 122.423, 125.15, 127.8608, 130.6248, 133.3563, 136.1372, 138.9111, 141.6644, 144.4569, 147.2308, 149.9932, 152.685, 155.5155, 158.2575]
growth_rate:13.17
