ticker:ARQT
price:[24.399999618530273, 23.440000534057617, 26.34000015258789, 25.059999465942383, 23.299999237060547, 24.139999389648438, 23.989999771118164, 23.040000915527344, 17.81999969482422, 18.25, 21.170000076293945, 23.1200008392334, 25.940000534057617, 26.010000228881836, 28.850000381469727, 28.899999618530273, 29.610000610351562, 28.1299991607666, 28.15999984741211, 28.6299991607666, 26.809999465942383, 27.290000915527344, 35.040000915527344, 35.08000183105469, 36.13999938964844, 34.16999816894531, 31.25, 32.54999923706055, 30.829999923706055, 28.1299991607666, 29.739999771118164, 26.6200008392334, 27.520000457763672, 28.969999313354492, 33.5, 34.130001068115234, 25.75, 25.350000381469727, 26.350000381469727, 26.3799991607666, 28.360000610351562, 27.350000381469727, 27.389999389648438, 26.350000381469727, 26.489999771118164, 25.600000381469727, 24.3799991607666, 23.329999923706055, 21.450000762939453, 20.479999542236328, 20.25, 21.690000534057617]
assets:[0, 99.99973027839661, 212.37151923027037, 302.05067956295017, 380.8361575298309, 494.5658234954834, 591.4926363567353, 668.0701705467224, 616.7109854385376, 731.593225, 948.648873418808, 1136.031297236824, 1374.5969443004608, 1478.306974008751, 1739.721378003502, 1842.7362256765366, 1988.0065579788209, 1988.6390386707303, 2090.7589006710054, 2225.6531897592545, 2184.1704414911273, 2323.2741899414063, 3083.0540485542297, 3186.572650328064, 3382.859344868469, 3298.457259246826, 3116.5875, 3346.2375715675353, 3269.4166699092866, 3083.0901030187606, 3359.549334144592, 3107.102469955826, 3312.1503910938263, 3586.6626319890975, 4247.5052000000005, 4427.38469455719, 3440.321025, 3486.87987747097, 3724.4302639186863, 3828.671730197525, 4216.040230735778, 4165.891888104629, 4271.985336804199, 4209.778825945092, 4332.145423568917, 4286.594623875237, 4182.310840032196, 4102.186209584999, 3871.620032706833, 3796.539307140732, 3853.9030500000003, 4227.9580581020355]
shares:[0, 4.2662, 8.0627, 12.0531, 16.3449, 20.4874, 24.6558, 28.9961, 34.6078, 40.0873, 44.811, 49.1363, 52.9914, 56.8361, 60.3023, 63.7625, 67.1397, 70.6946, 74.2457, 77.7385, 81.4685, 85.1328, 87.9867, 90.8373, 93.6043, 96.5308, 99.7308, 102.803, 106.0466, 109.6015, 112.964, 116.7206, 120.3543, 123.8061, 126.7912, 129.7212, 133.6047, 137.5495, 141.3446, 145.1354, 148.6615, 152.3178, 155.9688, 159.7639, 163.5389, 167.4451, 171.5468, 175.8331, 180.4951, 185.3779, 190.3162, 194.9266]
growth_rate:-17.1
