ticker:ARRWU
price:[10.100000381469727, 10.0600004196167, 9.949999809265137, 9.970000267028809, 9.9399995803833, 10.020000457763672, 10.029999732971191, 9.989999771118164, 9.960000038146973, 9.989999771118164, 9.989999771118164, 9.979999542236328, 9.949999809265137, 10.0, 10.0, 10.0, 9.949999809265137, 10.029999732971191, 10.029999732971191, 10.0, 10.069999694824219, 10.029999732971191, 10.0600004196167, 9.979999542236328, 9.979999542236328, 9.979999542236328]
assets:[0, 100.00042817115784, 198.90746118707656, 299.3073840164185, 398.40711118125915, 501.6132469161987, 602.1139229699135, 699.7125709688187, 797.6117430548668, 900.0140643796921, 1000.0139620885849, 1099.0125195903777, 1195.7093870790482, 1301.7179999999998, 1401.7179999999998, 1501.7179999999998, 1594.2098644400598, 1707.0277205537798, 1807.0278208914756, 1901.6229999999998, 2014.9344349365235, 2106.9308309071544, 2213.2332903170586, 2295.6324287036896, 2395.6320241168974, 2495.6316195301056]
shares:[0, 9.9404, 19.9907, 30.0208, 40.0812, 50.0612, 60.0313, 70.0413, 80.0815, 90.0915, 100.1015, 110.1215, 120.1718, 130.1718, 140.1718, 150.1718, 160.2221, 170.1922, 180.1623, 190.1623, 200.0928, 210.0629, 220.0033, 230.0233, 240.0433, 250.0633]
growth_rate:-0.17
