ticker:ARRY
price:[38.95000076293945, 42.0, 36.849998474121094, 44.810001373291016, 38.470001220703125, 45.099998474121094, 47.11000061035156, 34.09000015258789, 36.470001220703125, 42.0, 44.18000030517578, 43.13999938964844, 50.7599983215332, 45.93000030517578, 51.04999923706055, 40.7599983215332, 43.810001373291016, 44.34000015258789, 40.060001373291016, 37.08000183105469, 34.220001220703125, 34.560001373291016, 29.649999618530273, 28.459999084472656, 30.020000457763672, 29.81999969482422, 27.719999313354492, 29.3700008392334, 28.15999984741211, 25.360000610351562, 14.229999542236328, 16.1200008392334, 16.299999237060547, 15.029999732971191, 16.149999618530273, 16.209999084472656, 15.779999732971191, 15.789999961853027, 15.920000076293945, 13.539999961853027, 13.649999618530273, 13.539999961853027, 13.619999885559082, 17.309999465942383, 18.790000915527344, 19.31999969482422, 18.920000076293945]
assets:[0, 100.002, 187.7396872261047, 328.291513061142, 381.84169111633304, 547.6492814712525, 672.0571357070924, 586.3173216243745, 727.251941342163, 937.5282, 1086.1918155029296, 1160.6212875793458, 1465.6289635364533, 1426.1678464759825, 1685.1502648155213, 1445.4799724761963, 1653.643549835968, 1773.6487801036835, 1702.4459023612976, 1675.8047267532347, 1646.550110736084, 1762.909126051712, 1612.4499992546082, 1647.7343369941711, 1838.052580027771, 1925.8083822914125, 1890.187945178604, 2102.6982180835726, 2116.069108533859, 2005.6641202713013, 1225.4178335796355, 1488.1759094768524, 1604.7936048858642, 1579.758181933403, 1797.478807542801, 1904.156172454834, 1953.6444449404717, 2054.8821730356217, 2171.8000424079896, 1947.121048514271, 2062.939457348061, 2146.314757953072, 2258.995475018978, 2971.0138753366473, 3325.0353450096127, 3518.823028417206, 3545.9693862989425]
shares:[0, 2.381, 5.0947, 7.3263, 9.9257, 12.143, 14.2657, 17.1991, 19.9411, 22.3221, 24.5856, 26.9036, 28.8737, 31.0509, 33.0098, 35.4632, 37.7458, 40.0011, 42.4974, 45.1943, 48.1166, 51.0101, 54.3828, 57.8965, 61.2276, 64.5811, 68.1886, 71.5934, 75.1445, 79.0877, 86.1151, 92.3186, 98.4536, 105.107, 111.299, 117.468, 123.8051, 130.1382, 136.4196, 143.8051, 151.1311, 158.5166, 165.8587, 171.6357, 176.9577, 182.1337, 187.4191]
growth_rate:-22.91
