ticker:ARTL
price:[0.7400000095367432, 0.8899999856948853, 0.8500000238418579, 0.7099999785423279, 0.8600000143051147, 0.8619999885559082, 0.6269999742507935, 0.5699999928474426, 0.4580000042915344, 0.5609999895095825, 0.5199999809265137, 0.5979999899864197, 0.6000000238418579, 0.6039999723434448, 0.6150000095367432, 0.6060000061988831, 0.6489999890327454, 0.7300000190734863, 1.0499999523162842, 0.9700000286102295, 1.1399999856948853, 0.9580000042915344, 1.1799999475479126, 2.6600000858306885, 2.390000104904175, 1.840000033378601, 1.5199999809265137, 1.9700000286102295, 2.0399999618530273, 1.6699999570846558, 1.6799999475479126, 1.5199999809265137, 1.159999966621399, 1.2899999618530273, 1.3200000524520874, 1.25, 1.1100000143051147, 1.190000057220459, 1.2400000095367432, 1.190000057220459, 1.2300000190734863, 1.1799999475479126, 1.2599999904632568, 1.159999966621399, 1.1200000047683716, 1.0, 1.0099999904632568, 1.0, 0.949999988079071, 0.8679999709129333, 0.8870000243186951, 0.9800000190734863]
assets:[0, 100.00004239268303, 195.50570048378705, 263.30477004238367, 418.9325809684634, 519.9068454976082, 478.16886496288777, 534.6989812904119, 529.6353269627691, 748.7454240988374, 794.0242668753624, 1013.1279352350533, 1116.516404366374, 1223.9597379561067, 1346.25045737617, 1426.5492241924287, 1627.7729676927568, 1930.9311534514904, 2877.3665293299678, 2758.1388213515283, 3341.5238400694016, 2908.0525062271477, 3681.9434523342134, 8399.974903043461, 7647.345953664637, 5987.496268616438, 5046.192456678629, 6640.131149434352, 6976.074649550915, 5810.806099675, 5945.601294369519, 5479.353691243172, 4281.6119607980845, 4861.4478032406805, 5074.505109642708, 4905.402375, 4455.997377426624, 4877.150498514939, 5182.072631854916, 5073.118279937935, 5343.643078863334, 5226.421547680736, 5680.75544300325, 5329.901726633907, 5246.11216633519, 4784.0287, 4931.868939431715, 4983.0386, 4833.886649342716, 4516.6458342451815, 4715.512814884234, 5309.923911345672]
shares:[0, 112.3596, 230.0067, 370.8518, 487.1309, 603.1402, 762.6298, 938.0684, 1156.409, 1334.6621, 1526.9698, 1694.1939, 1860.8606, 2026.4235, 2189.0251, 2354.0416, 2508.1248, 2645.1111, 2740.3492, 2843.442, 2931.1613, 3035.5454, 3120.2912, 3157.8852, 3199.7262, 3254.074, 3319.8635, 3370.6249, 3419.6445, 3479.5247, 3539.0485, 3604.838, 3691.0449, 3768.5643, 3844.3219, 3924.3219, 4014.412, 4098.4456, 4179.0908, 4263.1244, 4344.4252, 4429.171, 4508.5361, 4594.743, 4684.0287, 4784.0287, 4883.0386, 4983.0386, 5088.3018, 5203.5092, 5316.2488, 5418.2896]
growth_rate:4.12
