ticker:ARTNA
price:[34.59000015258789, 33.95000076293945, 34.65999984741211, 33.7599983215332, 35.08000183105469, 34.810001373291016, 37.18000030517578, 36.34000015258789, 35.22999954223633, 35.650001525878906, 39.060001373291016, 37.31999969482422, 38.099998474121094, 38.08000183105469, 39.36000061035156, 37.33000183105469, 37.04999923706055, 37.08000183105469, 38.41999816894531, 38.70000076293945, 38.38999938964844, 40.880001068115234, 39.90999984741211, 38.83000183105469, 38.20000076293945, 37.0, 38.65999984741211, 42.33000183105469, 40.849998474121094, 39.29999923706055, 39.70000076293945, 40.0, 41.439998626708984, 40.349998474121094, 40.45000076293945, 40.31999969482422, 39.5, 40.650001525878906, 41.2400016784668, 40.939998626708984, 41.369998931884766, 36.130001068115234, 36.63999938964844, 38.7400016784668, 37.27000045776367, 38.220001220703125, 38.43000030517578, 39.08000183105469, 39.70000076293945, 39.18000030517578, 37.880001068115234, 38.5099983215332]
assets:[0, 99.99972724723816, 202.0920611103058, 296.84491324157716, 408.45049331970216, 505.3054609348297, 639.707931250763, 725.2555530452728, 803.1030695648193, 912.6756890640258, 1099.976510673523, 1150.9749145881651, 1275.0316889358521, 1374.3643860855104, 1520.5634155792236, 1542.1397056427002, 1630.5741714229584, 1731.8956455230714, 1894.4824257110597, 2008.2900995918274, 2092.2012207366943, 2327.9034848236083, 2372.665454928589, 2408.4580445724487, 2469.381749319077, 2491.8093999999996, 2703.6059033290862, 3060.260181376648, 3053.2636909507755, 3037.410481034088, 3168.32605088768, 3292.268, 3510.78839565506, 3518.4432019462583, 3627.1637034130094, 3715.508131877899, 3739.94295, 3948.8265132270813, 4106.139123119736, 4176.268789911271, 4320.132467460251, 3872.937399496079, 4027.607964907837, 4358.447762836075, 4293.064266728973, 4502.491955804443, 4627.229517745209, 4805.4958731567385, 4981.734745737076, 5016.481863073731, 4950.033535577774, 5132.358410305023]
shares:[0, 2.9455, 5.8307, 8.7928, 11.6434, 14.5161, 17.2057, 19.9575, 22.796, 25.601, 28.1612, 30.8407, 33.4654, 36.0915, 38.6322, 41.311, 44.0101, 46.707, 49.3098, 51.8938, 54.4986, 56.9448, 59.4504, 62.0257, 64.6435, 67.3462, 69.9329, 72.2953, 74.7433, 77.2878, 79.8067, 82.3067, 84.7198, 87.1981, 89.6703, 92.1505, 94.6821, 97.1421, 99.5669, 102.0095, 104.4267, 107.1945, 109.9238, 112.5051, 115.1882, 117.8046, 120.4067, 122.9656, 125.4845, 128.0368, 130.6767, 133.2734]
growth_rate:0.63
