ticker:ARTW
price:[2.680000066757202, 2.5899999141693115, 2.8299999237060547, 2.240000009536743, 2.3499999046325684, 2.3399999141693115, 2.5299999713897705, 2.680000066757202, 2.3399999141693115, 2.2200000286102295, 2.3499999046325684, 2.4200000762939453, 2.5899999141693115, 2.4200000762939453, 2.430000066757202, 2.4200000762939453, 2.4700000286102295, 2.880000114440918, 3.109999895095825, 2.930000066757202, 3.0299999713897705, 3.2899999618530273, 3.0999999046325684, 3.6600000858306885, 3.9600000381469727, 3.1500000953674316, 2.890000104904175, 3.140000104904175, 3.4100000858306885, 3.1600000858306885, 3.2799999713897705, 3.430000066757202, 2.9600000381469727, 2.8499999046325684, 3.130000114440918, 3.25, 3.009999990463257, 3.1700000762939453, 3.2899999618530273, 3.490000009536743, 3.4100000858306885, 3.299999952316284, 3.380000114440918, 3.549999952316284, 3.619999885559082, 3.690000057220459, 3.4700000286102295, 3.690000057220459, 3.5799999237060547, 3.619999885559082, 3.25, 3.359999895095825]
assets:[0, 99.99989668607712, 209.26632535839082, 265.63846513094904, 378.68321463232036, 477.0716945011139, 615.8083180361987, 752.318630739808, 756.8750782379865, 818.0609085427523, 965.9653457993031, 1094.7388225131988, 1271.6417838587283, 1288.1749946115494, 1393.498118282318, 1487.763532903862, 1618.5023457472562, 1987.1606229626657, 2245.857190244436, 2215.8720294864893, 2391.498985418701, 2696.70999173212, 2640.972998753929, 3218.0521474665643, 3581.8267665040016, 2949.1803442875384, 2805.756023846197, 3148.468371187091, 3519.196472579193, 3361.1909712953566, 3588.8309926959514, 3852.954403989053, 3424.998580139637, 3397.7180163046837, 3831.5292310906407, 4078.4246749999998, 3877.2487127155064, 4183.348294682693, 4441.708205499172, 4811.720947148466, 4801.423681853223, 4746.538761414361, 4961.60660999136, 5311.154573660398, 5515.881429623604, 5722.54249373889, 5481.360908193946, 5928.882499938583, 5852.1406712841035, 6017.527619764805, 5502.476525, 5788.713995267773]
shares:[0, 38.61, 73.9457, 118.5886, 161.1418, 203.8768, 243.4025, 280.7159, 323.4509, 368.4959, 411.0491, 452.3714, 490.9814, 532.3037, 573.456, 614.7783, 655.2641, 689.9863, 722.1406, 756.2703, 789.2736, 819.6687, 851.9268, 879.2492, 904.5017, 936.2477, 970.8498, 1002.6969, 1032.0224, 1063.668, 1094.1558, 1123.3103, 1157.0941, 1192.1818, 1224.1307, 1254.8999, 1288.1225, 1319.6682, 1350.0633, 1378.7166, 1408.0421, 1438.3451, 1467.9309, 1496.0999, 1523.7242, 1550.8245, 1579.6429, 1606.7432, 1634.6762, 1662.3005, 1693.0697, 1722.8316]
growth_rate:13.5
