ticker:ARVL
price:[10.010000228881836, 10.072999954223633, 10.069999694824219, 10.0600004196167, 10.020000457763672, 10.020000457763672, 9.970000267028809, 10.229999542236328, 10.029999732971191, 10.130000114440918, 10.149999618530273, 17.0, 24.100000381469727, 27.239999771118164, 28.649999618530273, 29.079999923706055, 31.540000915527344, 28.1200008392334, 27.520000457763672, 29.969999313354492, 28.280000686645508, 26.950000762939453, 27.219999313354492, 28.799999237060547, 26.290000915527344, 22.93000030517578, 18.59000015258789, 26.3700008392334, 24.350000381469727, 22.25, 16.239999771118164, 15.220000267028809, 14.399999618530273, 16.81999969482422, 18.600000381469727, 18.520000457763672, 18.290000915527344, 18.940000534057617, 19.190000534057617, 20.639999389648438, 19.200000762939453, 17.90999984741211, 16.649999618530273, 15.199999809265137, 15.550000190734863, 13.510000228881836, 13.8100004196167, 12.869999885559082, 12.1899995803833, 10.75, 10.350000381469727, 11.130000114440918]
assets:[0, 99.99970704555511, 199.97005393981934, 299.77191650390625, 398.5795862091064, 498.5791907775879, 596.091360965252, 711.6366191562653, 797.7239927621841, 905.6777252316475, 1007.4656171361923, 1787.3817000000001, 2633.876991690636, 3077.0467181453705, 3336.3211055774686, 3486.395374853134, 3881.325128665161, 3560.45889826088, 3584.4883156238557, 4003.602298273086, 3877.8413621549603, 3795.4683224475857, 3933.494050774574, 4261.815247100449, 3990.385724961853, 3580.3934326515196, 3002.7256076465605, 4359.380421738624, 4125.442809629631, 3869.655475, 2924.4130867841723, 2840.736949839592, 2787.687286151505, 3356.173593106842, 3811.3446781673433, 3894.9524082725525, 3946.5816465507505, 4186.836744057655, 4342.10031184063, 4770.19075493927, 4537.38642029953, 4332.53105008812, 4127.729710429191, 3868.25707145977, 4057.3293747668263, 3625.049195414352, 3805.545860631466, 3646.5149825749395, 3553.8468786658286, 3234.03215, 3213.695818447113, 3555.887007562351]
shares:[0, 9.9275, 19.858, 29.7984, 39.7784, 49.7584, 59.7885, 69.5637, 79.5338, 89.4055, 99.2577, 105.1401, 109.2895, 112.9606, 116.451, 119.8898, 123.0604, 126.6166, 130.2503, 133.587, 137.1231, 140.8337, 144.5075, 147.9797, 151.7834, 156.1445, 161.5237, 165.3159, 169.4227, 173.9171, 180.0747, 186.645, 193.5894, 199.5347, 204.911, 210.3106, 215.7781, 221.0579, 226.2689, 231.1139, 236.3222, 241.9057, 247.9117, 254.4906, 260.9215, 268.3234, 275.5645, 283.3345, 291.5379, 300.8402, 310.502, 319.4867]
growth_rate:-30.28
