ticker:ARVN
price:[24.610000610351562, 25.0, 27.989999771118164, 24.420000076293945, 24.1200008392334, 25.260000228881836, 23.889999389648438, 21.049999237060547, 20.90999984741211, 21.959999084472656, 25.450000762939453, 23.200000762939453, 24.84000015258789, 27.010000228881836, 29.93000030517578, 68.94999694824219, 82.22000122070312, 84.93000030517578, 80.44000244140625, 90.5999984741211, 84.08999633789062, 75.44000244140625, 83.13999938964844, 81.08999633789062, 79.16000366210938, 78.30000305175781, 72.04000091552734, 76.86000061035156, 66.94000244140625, 59.97999954223633, 65.80000305175781, 63.4900016784668, 64.69000244140625, 64.80999755859375, 68.94000244140625, 63.630001068115234, 66.91000366210938, 66.5, 72.73999786376953, 70.44000244140625, 81.63999938964844, 79.16999816894531, 76.20999908447266, 79.87999725341797, 82.56999969482422, 74.52999877929688, 95.47000122070312, 101.0999984741211, 95.0, 91.20999908447266, 85.83000183105469, 85.41999816894531]
assets:[0, 100.0, 211.95987126674652, 284.92523489017486, 381.4240452713012, 499.4508285255432, 572.3637723770142, 604.3223230968475, 700.3030778896332, 835.4681651687622, 1068.2459670238495, 1073.8027553123472, 1249.710343676758, 1458.883039362526, 1716.5992515029907, 4054.5425155441285, 4934.869139266968, 5197.520679676056, 5022.7461484436035, 5757.149723038483, 5443.473413937379, 4983.5288412780765, 5592.18758094635, 5554.2998441619875, 5522.106863464355, 5562.111186784363, 5217.425026306153, 5666.51123099823, 5035.160043640136, 4611.634240804291, 5159.115039276124, 5078.00017324562, 5273.975360040283, 5383.7600161926275, 5826.836582348633, 5478.034051956177, 5860.413035751343, 5924.50495, 6580.431180745698, 6472.35849232788, 7601.4676871704105, 7471.486486198425, 7292.146141397858, 7743.311317755128, 8104.072073047639, 7414.959766552734, 9598.26751272583, 10264.288555083465, 9744.9765, 9456.205776082612, 8998.43455796814, 9055.450883888245]
shares:[0, 4.0, 7.5727, 11.6677, 15.8136, 19.7724, 23.9583, 28.7089, 33.4913, 38.045, 41.9743, 46.2846, 50.3104, 54.0127, 57.3538, 58.8041, 60.0203, 61.1977, 62.4409, 63.5447, 64.7339, 66.0595, 67.2623, 68.4955, 69.7588, 71.0359, 72.424, 73.7251, 75.219, 76.8862, 78.406, 79.9811, 81.5269, 83.0699, 84.5204, 86.092, 87.5865, 89.0903, 90.4651, 91.8847, 93.1096, 94.3727, 95.6849, 96.9368, 98.1479, 99.4896, 100.537, 101.5261, 102.5787, 103.6751, 104.8402, 106.0109]
growth_rate:77.56
