ticker:ARWR
price:[36.040000915527344, 33.209999084472656, 43.099998474121094, 44.915000915527344, 43.81999969482422, 46.04999923706055, 49.380001068115234, 58.880001068115234, 57.29999923706055, 66.44999694824219, 68.54000091552734, 68.80000305175781, 62.9900016784668, 65.29000091552734, 74.05999755859375, 80.16000366210938, 84.19000244140625, 76.7300033569336, 79.87999725341797, 80.73999786376953, 82.06999969482422, 77.16999816894531, 90.47000122070312, 88.19999694824219, 89.51000213623047, 79.66000366210938, 69.0, 72.73999786376953, 67.4000015258789, 62.95000076293945, 67.06999969482422, 62.150001525878906, 67.6500015258789, 71.58999633789062, 72.76000213623047, 66.37999725341797, 72.83000183105469, 74.2300033569336, 72.5999984741211, 76.13999938964844, 88.70999908447266, 85.63999938964844, 90.31999969482422, 63.130001068115234, 67.13999938964844, 63.43000030517578, 68.37000274658203, 69.29000091552734, 64.79000091552734, 60.52000045776367, 59.93000030517578, 66.06999969482422]
assets:[0, 99.99862824325561, 229.77902186508177, 339.454102419281, 431.1800329971314, 553.124960836029, 693.1223849925995, 926.4709288066864, 1001.6097166637421, 1261.553192062378, 1401.231778717041, 1506.5480668258667, 1479.3264884189605, 1633.340365903473, 1952.7399556274415, 2213.5784211273194, 2424.8657073181153, 2310.0027890625, 2504.8370138740543, 2631.8009703674315, 2775.156004680634, 2709.4617867111206, 3276.4253762084963, 3294.216966018677, 3443.1454481735227, 3164.246699465942, 2840.8127999999997, 3094.7959491119386, 2967.6018471839902, 2871.6720198040007, 3159.6207366233825, 3027.842419338226, 3395.7933015937806, 3693.5641580596925, 3853.9299651512147, 3615.9972463821414, 4067.35896125946, 4245.547926998138, 4252.319850626373, 4559.6667054489135, 5412.427690141296, 5325.120854048157, 5716.126980686188, 4095.337864290237, 4455.470785496521, 4309.269302732849, 4744.878190612793, 4908.725392858886, 4689.927880271912, 4480.834261892319, 4537.150498104095, 5101.991446434021]
shares:[0, 3.0111, 5.3313, 7.5577, 9.8398, 12.0114, 14.0365, 15.7349, 17.4801, 18.985, 20.444, 21.8975, 23.4851, 25.0167, 26.367, 27.6145, 28.8023, 30.1056, 31.3575, 32.596, 33.8145, 35.1103, 36.2156, 37.3494, 38.4666, 39.7219, 41.1712, 42.546, 44.0297, 45.6183, 47.1093, 48.7183, 50.1965, 51.5933, 52.9677, 54.4742, 55.8473, 57.1945, 58.5719, 59.8853, 61.0126, 62.1803, 63.2875, 64.8715, 66.3609, 67.9374, 69.4, 70.8432, 72.3866, 74.0389, 75.7075, 77.221]
growth_rate:0.04
