ticker:ARYD
price:[11.130000114440918, 10.800000190734863, 10.979999542236328, 10.510000228881836, 10.5, 10.649999618530273, 10.75, 10.800000190734863, 10.920000076293945, 10.960000038146973, 11.100000381469727, 10.25, 10.199999809265137, 10.300000190734863, 10.199999809265137, 10.59000015258789, 10.75, 10.539999961853027, 10.5, 10.899999618530273, 10.229000091552734, 10.149999618530273, 10.170000076293945, 10.09000015258789, 10.079999923706055, 9.850000381469727, 9.859999656677246, 9.869999885559082]
assets:[0, 100.00044176607132, 201.66745559234622, 293.0345713815689, 392.75564999999995, 498.3667321491242, 603.045975, 705.8512924657822, 813.6939776849747, 916.6746751905441, 1028.3839553421021, 1049.6338250000001, 1144.5134185981751, 1255.7337932536125, 1343.541934876442, 1494.9130145397187, 1617.49875, 1685.9014518982885, 1779.5032499999998, 1947.2936518501283, 1927.4187773509977, 2012.532789362526, 2116.498038877678, 2199.849076267624, 2297.668446609306, 2345.2417508262633, 2447.6226507743836, 2550.1049614319804]
shares:[0, 9.2593, 18.3668, 27.8815, 37.4053, 46.795, 56.0973, 65.3566, 74.5141, 83.6382, 92.6472, 102.4033, 112.2072, 121.9159, 131.7198, 141.1627, 150.465, 159.9527, 169.4765, 178.6508, 188.4269, 198.2791, 208.1119, 218.0227, 227.9433, 238.0956, 248.2376, 258.3693]
growth_rate:-5.55
