ticker:ASAX
price:[9.75, 9.640000343322754, 9.720000267028809, 9.829999923706055, 9.789999961853027, 9.739999771118164, 9.770000457763672, 9.71500015258789, 9.680000305175781, 9.680000305175781, 9.640000343322754, 9.640000343322754, 9.720000267028809, 9.680000305175781, 9.670000076293945, 9.649999618530273, 9.699999809265137, 9.649999618530273, 9.720000267028809, 9.720000267028809, 9.720000267028809, 9.819999694824219, 9.805000305175781, 9.770000457763672, 9.770000457763672]
assets:[0, 99.99957956142426, 200.82978551721573, 303.10214964752197, 401.8687294341088, 499.81588025474554, 601.3552521759034, 697.970299962616, 795.4559610778809, 895.4561722305298, 991.7555233207703, 1091.7551028821945, 1200.815636988926, 1295.8742248542785, 1394.5358530025483, 1491.6515860342026, 1599.3805885507584, 1691.1363781484604, 1803.4041375432969, 1903.404472290516, 2003.404807037735, 2124.015851992035, 2220.7717781204224, 2312.844392366028, 2412.844255051422]
shares:[0, 10.3734, 20.6615, 30.8344, 41.0489, 51.3158, 61.5512, 71.8446, 82.1752, 92.5058, 102.8792, 113.2526, 123.5407, 133.8713, 144.2126, 154.5753, 164.8846, 175.2473, 185.5354, 195.8235, 206.1116, 216.2949, 226.4938, 236.7292, 246.9646]
growth_rate:0.54
