ticker:ASAXU
price:[10.1899995803833, 10.260000228881836, 10.239999771118164, 10.069999694824219, 10.100000381469727, 10.0, 9.960000038146973, 9.979999542236328, 9.989999771118164, 10.050000190734863, 9.979999542236328, 9.960000038146973, 9.960000038146973, 9.930000305175781, 9.9399995803833, 9.949999809265137, 9.930000305175781, 9.9399995803833, 9.920000076293945, 9.920000076293945, 9.979999542236328, 9.979999542236328, 9.970000267028809, 9.989999771118164, 10.020000457763672, 10.020000457763672, 10.100000381469727, 10.020000457763672, 10.039999961853027, 9.989999771118164, 10.039999961853027, 10.039999961853027]
assets:[0, 100.00011823081971, 199.80492353401183, 296.487980014801, 397.3713850084305, 493.437, 591.463646265316, 692.6508902294158, 793.3448428236007, 898.1092220448493, 991.8532725055695, 1089.8660321742059, 1189.866424557209, 1286.2825895309447, 1387.5782174234391, 1488.9746864573478, 1585.981914741516, 1687.5793327589035, 1784.1834377220155, 1884.1829904911042, 1995.5787524665832, 2095.578347879791, 2193.4788217484474, 2297.878768353081, 2404.7790678623196, 2504.7786724308016, 2624.7769891359326, 2703.986301531601, 2809.3837533257483, 2895.3926426633834, 3009.8845605639463, 3109.8849681839943]
shares:[0, 9.7466, 19.5122, 29.4427, 39.3437, 49.3437, 59.3839, 69.4039, 79.4139, 89.3641, 99.3841, 109.4243, 119.4645, 129.535, 139.5954, 149.6457, 159.7162, 169.7766, 179.8572, 189.9378, 199.9578, 209.9778, 220.0079, 230.0179, 239.9979, 249.9779, 259.8789, 269.8589, 279.8191, 289.8291, 299.7893, 309.7495]
growth_rate:0.32
