ticker:ASET
price:[27.121999740600586, 27.079999923706055, 27.075000762939453, 26.329999923706055, 26.937000274658203, 27.440000534057617, 27.204999923706055, 27.030000686645508, 25.829999923706055, 26.56999969482422, 28.469999313354492, 28.575000762939453, 29.219999313354492, 29.639999389648438, 29.63599967956543, 29.697999954223633, 29.31999969482422, 29.579999923706055, 30.360000610351562, 30.336999893188477, 30.506000518798828, 29.400999069213867, 30.475000381469727, 30.920000076293945, 30.951000213623047, 30.437999725341797, 31.02400016784668, 31.983999252319336, 31.570999145507812, 31.770000457763672, 31.58099937438965, 32.11600112915039, 32.85499954223633, 32.89699935913086, 32.900001525878906, 34.16400146484375, 33.810001373291016, 33.51599884033203, 33.900001525878906, 34.38999938964844, 34.41400146484375, 32.95000076293945, 33.529998779296875, 33.400001525878906, 33.66999816894531, 33.01499938964844, 33.060001373291016, 33.292999267578125, 33.3129997253418, 33.650001525878906, 32.8489990234375, 33.481998443603516]
assets:[0, 100.00102371826172, 199.98137063522339, 294.47735214672093, 401.26702459144593, 508.7595619018555, 604.4026013050079, 700.5149037952423, 769.4162887273789, 891.4580307609557, 1055.2063605503083, 1159.0991859474182, 1285.2621237974167, 1403.7355510940552, 1503.5468805431367, 1606.6914955234527, 1686.2400944488527, 1801.194229354286, 1948.6900351760862, 2047.213561592102, 2158.6167991104126, 2180.4251325714113, 2360.07545454216, 2494.539030155182, 2597.039621024704, 2653.99572905159, 2805.0908183761594, 2991.8920356594085, 3053.2597412612913, 3172.5045907115937, 3253.632460546494, 3408.7506090465545, 3587.1877020202637, 3691.7736414802553, 3792.110105875397, 4037.802336328125, 4095.9633313694003, 4160.344287650299, 4308.012193908691, 4470.280362661743, 4573.400545068359, 4478.844178705216, 4657.6823074310305, 4739.623876529694, 4877.937617726135, 4883.043866726684, 4989.69972326889, 5124.864621856689, 5227.94229889679, 5380.830413996887, 5352.74439086914, 5555.892331136703]
shares:[0, 3.6928, 7.3862, 11.1841, 14.8965, 18.5408, 22.2166, 25.9162, 29.7877, 33.5513, 37.0638, 40.5634, 43.9857, 47.3595, 50.7338, 54.101, 57.5116, 60.8923, 64.1861, 67.4824, 70.7604, 74.1616, 77.443, 80.6772, 83.9081, 87.1935, 90.4168, 93.5434, 96.7109, 99.8585, 103.025, 106.1387, 109.1824, 112.2222, 115.2617, 118.1888, 121.1465, 124.1301, 127.08, 129.9878, 132.8936, 135.9285, 138.9109, 141.9049, 144.8749, 147.9038, 150.9286, 153.9322, 156.934, 159.9058, 162.95, 165.9367]
growth_rate:8.94
