ticker:ASLE
price:[10.263999938964844, 10.199999809265137, 10.244999885559082, 10.220000267028809, 10.229999542236328, 10.229999542236328, 10.239999771118164, 10.234999656677246, 9.829999923706055, 10.119999885559082, 10.270000457763672, 10.100000381469727, 10.460000038146973, 10.920000076293945, 10.630000114440918, 11.0, 11.883999824523926, 13.40999984741211, 14.850000381469727, 15.1899995803833, 15.0, 15.149999618530273, 14.710000038146973, 11.630000114440918, 11.0, 9.850000381469727, 9.59000015258789, 10.0, 12.550000190734863, 12.260000228881836, 12.420000076293945, 12.579999923706055, 12.550000190734863, 12.199999809265137, 12.119999885559082, 12.050000190734863, 11.779999732971191, 11.920000076293945, 12.010000228881836, 11.960000038146973, 12.739999771118164, 12.135000228881836, 11.989999771118164, 12.390000343322754, 12.170000076293945, 11.930000305175781, 11.680000305175781, 11.380000114440918, 11.510000228881836, 13.420000076293945, 13.4399995803833, 13.25]
assets:[0, 99.99977813005448, 200.44137376098635, 299.951897837162, 400.24566309013363, 500.24595461540224, 600.7347065725327, 700.4414130043983, 772.7244980026245, 895.5208138731003, 1008.7944159648895, 1092.095871247673, 1231.02171448946, 1385.1583296775818, 1448.3725945929527, 1598.7862, 1827.270740618992, 2161.9065354003906, 2494.0575640678403, 2651.160753762913, 2718.0, 2845.1805333597185, 2862.548355423355, 2363.1846222540858, 2335.1702, 2191.0390098543166, 2233.204155532837, 2428.68, 3147.9931028431893, 3175.250561278725, 3316.6889843738554, 3459.415693019676, 3551.1656239706044, 3552.1287644659997, 3628.8358337353707, 3707.877843690586, 3724.797041566372, 3869.0651447639466, 3998.278000197601, 4081.6322690185543, 4447.82566609211, 4336.606154294014, 4384.788478297043, 4631.069900325394, 4648.839018143653, 4657.160746132659, 4659.566761745453, 4639.885510660171, 4792.889554308892, 5688.234782338142, 5796.712139018059, 5814.765149999999]
shares:[0, 9.8039, 19.5648, 29.3495, 39.1247, 48.8999, 58.6655, 68.4359, 78.6088, 88.4902, 98.2273, 108.1283, 117.6885, 126.846, 136.2533, 145.3442, 153.7589, 161.216, 167.95, 174.5333, 181.2, 187.8007, 194.5988, 203.1973, 212.2882, 222.4405, 232.868, 242.868, 250.8361, 258.9927, 267.0442, 274.9933, 282.9614, 291.1581, 299.4089, 307.7077, 316.1967, 324.586, 332.9124, 341.2736, 349.1229, 357.3635, 365.7038, 373.7748, 381.9917, 390.3739, 398.9355, 407.7228, 416.4109, 423.8625, 431.303, 438.8502]
growth_rate:14.02
