ticker:ASLN
price:[1.4290000200271606, 1.4800000190734863, 1.5299999713897705, 1.8700000047683716, 1.9500000476837158, 1.940000057220459, 2.049999952316284, 1.840000033378601, 1.659999966621399, 1.5399999618530273, 1.600000023841858, 1.75, 1.8799999952316284, 1.9600000381469727, 1.9299999475479126, 2.0999999046325684, 1.9500000476837158, 1.8300000429153442, 1.9900000095367432, 1.9199999570846558, 2.1700000762939453, 2.2200000286102295, 3.0, 3.609999895095825, 3.8399999141693115, 4.429999828338623, 3.4200000762939453, 4.099999904632568, 4.119999885559082, 3.640000104904175, 3.3499999046325684, 3.3499999046325684, 3.009999990463257, 3.200000047683716, 3.2300000190734863, 2.930000066757202, 2.569999933242798, 2.890000104904175, 2.9700000286102295, 3.069999933242798, 3.1600000858306885, 3.569999933242798, 3.549999952316284, 3.2899999618530273, 3.4100000858306885, 2.7200000286102295, 2.7799999713897705, 2.7699999809265137, 2.990000009536743, 2.8299999237060547, 2.319999933242798, 2.7100000381469727]
assets:[0, 100.0000492887497, 203.37845919692515, 348.57361088883874, 463.48595633370877, 561.1091265499591, 692.9245838823318, 721.9420450964212, 751.3173128928184, 797.0052662575721, 928.0574538291335, 1115.0629000000001, 1297.896160708058, 1453.1258002818108, 1530.884064394784, 1765.728639812851, 1739.6053775388957, 1732.5527236301064, 1984.0327955081464, 2014.2425789781691, 2376.513775554657, 2531.272004621744, 3520.6377, 4336.500460984206, 4712.787350660991, 5536.887559447002, 4374.527569587707, 5344.316255689335, 5470.3858800495145, 4933.059546169925, 4640.040647907829, 4740.040490061045, 4358.961887189269, 4734.112390543771, 4878.494805808019, 4525.383931106472, 4069.363851295972, 4676.055427736234, 4905.496181255006, 5170.664272563815, 5422.247623276973, 6225.766794581294, 6290.888530500579, 5930.147287240982, 6246.444636224818, 5082.501205460119, 5294.615029510736, 5375.569715985251, 5902.5102818263285, 5686.656748693466, 4761.852758979321, 5662.336951705171]
shares:[0, 67.5676, 132.9271, 186.403, 237.6851, 289.2315, 338.012, 392.3598, 452.6008, 517.5359, 580.0359, 637.1788, 690.3703, 741.3907, 793.2042, 840.8232, 892.1053, 946.7501, 997.0014, 1049.0847, 1095.1676, 1140.2126, 1173.5459, 1201.2467, 1227.2884, 1249.8618, 1279.1016, 1303.4918, 1327.7636, 1355.2361, 1385.0868, 1414.9375, 1448.1601, 1479.4101, 1510.3699, 1544.4996, 1583.4101, 1618.0122, 1651.6822, 1684.2555, 1715.9011, 1743.9123, 1772.0813, 1802.4764, 1831.8019, 1868.5666, 1904.5378, 1940.6389, 1974.0837, 2009.4194, 2052.5228, 2089.4232]
growth_rate:11.03
