ticker:ASMB
price:[18.770000457763672, 17.229999542236328, 17.440000534057617, 16.239999771118164, 16.530000686645508, 15.420000076293945, 15.619999885559082, 14.869999885559082, 14.739999771118164, 4.869999885559082, 5.619999885559082, 5.440000057220459, 6.0, 6.210000038146973, 6.050000190734863, 6.070000171661377, 6.199999809265137, 6.050000190734863, 6.110000133514404, 6.130000114440918, 5.880000114440918, 5.579999923706055, 6.150000095367432, 6.289999961853027, 5.829999923706055, 5.079999923706055, 4.480000019073486, 5.139999866485596, 4.849999904632568, 4.46999979019165, 4.559999942779541, 4.360000133514404, 4.28000020980835, 4.300000190734863, 4.28000020980835, 4.059999942779541, 3.9600000381469727, 4.050000190734863, 3.9700000286102295, 3.859999895095825, 4.380000114440918, 4.059999942779541, 4.099999904632568, 3.6700000762939453, 3.680000066757202, 3.390000104904175, 3.5, 3.4700000286102295, 3.6600000858306885, 3.5799999237060547, 3.5199999809265137, 3.6700000762939453]
assets:[0, 99.99947134323119, 201.21749416179657, 287.37166794986723, 392.50321330432894, 466.146602306366, 572.1918358078003, 644.7170980381966, 739.0812765235901, 344.18772891187666, 497.19408387556075, 581.269990114069, 741.1068, 867.0457943261147, 944.7063197832108, 1047.829530632925, 1170.2704239981651, 1241.9573491544722, 1354.2741975933075, 1458.7070872325896, 1499.2165731788634, 1522.725621180153, 1778.2731425755026, 1918.7544243633272, 1878.432388418007, 1736.7813619161607, 1631.6496069467066, 1972.0267407754898, 1960.7647514447212, 1907.1379264846803, 2045.5366303318979, 2055.8202869544984, 2118.0989158305647, 2227.9965088271138, 2317.6338096118925, 2298.50278960557, 2341.8893745595933, 2495.1143975074765, 2545.8280233467817, 2575.2884820107456, 3022.218474964714, 2901.416841108274, 3030.002019521093, 2812.221601461983, 2919.8842769682888, 2789.7846533303973, 2980.30845, 3054.7628221865893, 3322.026527904868, 3349.4139186201096, 3393.278573613167, 3637.8787676261904]
shares:[0, 5.8038, 11.5377, 17.6953, 23.7449, 30.23, 36.632, 43.3569, 50.1412, 70.6751, 88.4687, 106.8511, 123.5178, 139.6209, 156.1498, 172.6243, 188.7533, 205.2822, 221.6488, 237.962, 254.9688, 272.8899, 289.1501, 305.0484, 322.2011, 341.8861, 364.2075, 383.6628, 404.2814, 426.6528, 448.5826, 471.5184, 494.8829, 518.1387, 541.5032, 566.1337, 591.3862, 616.0776, 641.2665, 667.1732, 690.0042, 714.6347, 739.0249, 766.2729, 793.4468, 822.9453, 851.5167, 880.3351, 907.6575, 935.5905, 963.9996, 991.2476]
growth_rate:-28.67
