ticker:ASML
price:[367.4200134277344, 359.2300109863281, 366.3399963378906, 360.4800109863281, 370.0, 388.989990234375, 386.8999938964844, 378.55999755859375, 361.2099914550781, 406.239990234375, 419.5899963378906, 423.5899963378906, 437.7699890136719, 464.3900146484375, 452.6300048828125, 477.239990234375, 483.0899963378906, 487.7200012207031, 508.739990234375, 527.5, 569.4500122070312, 534.1599731445312, 552.8099975585938, 597.989990234375, 594.4000244140625, 567.0900268554688, 527.0399780273438, 537.6300048828125, 547.4199829101562, 625.6699829101562, 637.0999755859375, 634.3200073242188, 645.6900024414062, 670.9099731445312, 648.0999755859375, 658.5700073242188, 647.760009765625, 639.219970703125, 675.469970703125, 683.2999877929688, 697.030029296875, 671.0700073242188, 686.2100219726562, 687.5399780273438, 691.3599853515625, 687.4199829101562, 748.1400146484375, 766.739990234375, 783.280029296875, 788.9600219726562, 788.1799926757812, 832.9199829101562]
assets:[0, 100.00963505859374, 201.9998739807129, 298.76583310546874, 406.667, 527.5482247558595, 624.7274201446534, 711.2763794128418, 778.6603785797118, 975.7478325439453, 1107.801508331299, 1218.3719064666748, 1359.144484890747, 1541.7748486328123, 1602.7175842895508, 1789.840859375, 1911.7803515075682, 2030.0857330810547, 2217.5976174316406, 2399.3865, 2690.195747668457, 2623.473292102051, 2815.074350567627, 3145.1283536376955, 3226.225012512207, 3177.972510498047, 3053.5115206970218, 3214.8661401977542, 3373.420902685547, 3955.6107659545896, 4127.898161816406, 4209.855024609375, 4385.332789581299, 4656.651941601563, 4598.334136779786, 4772.590986077881, 4794.26616027832, 4831.0327725830075, 5204.96895324707, 5365.271504150391, 5573.103599243164, 5465.5296746521, 5688.818324157715, 5799.8122386474615, 5932.006946313476, 5998.22054487915, 6628.071645776367, 6892.839164208985, 7141.555667114258, 7293.304235119628, 7386.113529364014, 7905.410141796874]
shares:[0, 0.2784, 0.5514, 0.8288, 1.0991, 1.3562, 1.6147, 1.8789, 2.1557, 2.4019, 2.6402, 2.8763, 3.1047, 3.32, 3.5409, 3.7504, 3.9574, 4.1624, 4.359, 4.5486, 4.7242, 4.9114, 5.0923, 5.2595, 5.4277, 5.604, 5.7937, 5.9797, 6.1624, 6.3222, 6.4792, 6.6368, 6.7917, 6.9408, 7.0951, 7.2469, 7.4013, 7.5577, 7.7057, 7.852, 7.9955, 8.1445, 8.2902, 8.4356, 8.5802, 8.7257, 8.8594, 8.9898, 9.1175, 9.2442, 9.3711, 9.4912]
growth_rate:55.01
