ticker:ASND
price:[140.33999633789062, 144.6999969482422, 147.0, 154.02999877929688, 158.6300048828125, 160.72999572753906, 158.47000122070312, 159.75, 163.35000610351562, 168.97999572753906, 165.67999267578125, 156.5, 164.52000427246094, 166.86000061035156, 179.11000061035156, 177.66000366210938, 170.94000244140625, 166.77999877929688, 169.05999755859375, 157.92999267578125, 160.66000366210938, 150.14999389648438, 152.72000122070312, 160.6699981689453, 158.55999755859375, 154.97000122070312, 146.91000366210938, 149.25, 144.5, 130.80999755859375, 130.39999389648438, 125.61000061035156, 121.94999694824219, 132.07000732421875, 144.97000122070312, 132.89999389648438, 132.17999267578125, 137.22999572753906, 134.3800048828125, 130.36000061035156, 130.25, 140.9499969482422, 140.35000610351562, 133.83999633789062, 126.05000305175781, 121.04000091552734, 115.66000366210938, 118.19000244140625, 123.7300033569336, 121.0, 120.44999694824219, 154.75999450683594]
assets:[0, 100.00216789093018, 201.5958, 311.23301553344726, 420.5281429443359, 526.1014220153809, 618.6985787658691, 723.69945, 840.0110713867188, 968.9650915008546, 1050.0466575805663, 1091.8692, 1247.8184244049073, 1365.565558995056, 1565.8154473358154, 1653.1441000762939, 1690.613718145752, 1749.4721531951902, 1873.3876449462891, 1850.0551062011718, 1982.0303331787109, 1952.3703406372072, 2085.788688671875, 2294.367573852539, 2364.240555596924, 2410.713338989258, 2385.333656460571, 2523.324975, 2543.01215, 2402.0901471679686, 2494.5649232391356, 2502.9299941619875, 2529.999026687622, 2839.9541954956053, 3217.3482310913087, 3049.4700999511715, 3132.943404400635, 3352.6385796203617, 3383.016622924805, 3381.812171833801, 3478.964475, 3864.764346322632, 3948.3123367034914, 3865.178638241577, 3740.2061105529783, 3691.5505719223024, 3627.4678268554685, 3806.817245635986, 4085.2553858375545, 4095.1119, 4176.495239183045, 5466.169433979798]
shares:[0, 0.6911, 1.3714, 2.0206, 2.651, 3.2732, 3.9042, 4.5302, 5.1424, 5.7342, 6.3378, 6.9768, 7.5846, 8.1839, 8.7422, 9.3051, 9.8901, 10.4897, 11.0812, 11.7144, 12.3368, 13.0028, 13.6576, 14.28, 14.9107, 15.556, 16.2367, 16.9067, 17.5987, 18.3632, 19.1301, 19.9262, 20.7462, 21.5034, 22.1932, 22.9456, 23.7021, 24.4308, 25.175, 25.9421, 26.7099, 27.4194, 28.1319, 28.8791, 29.6724, 30.4986, 31.3632, 32.2093, 33.0175, 33.8439, 34.6741, 35.3203]
growth_rate:7.18
