ticker:ASO
price:[12.989999771118164, 13.300000190734863, 13.920000076293945, 14.579999923706055, 14.699999809265137, 17.5, 16.670000076293945, 15.819999694824219, 16.579999923706055, 15.880000114440918, 17.579999923706055, 18.40999984741211, 20.139999389648438, 20.729999542236328, 20.780000686645508, 22.18000030517578, 22.459999084472656, 21.5, 23.920000076293945, 25.469999313354492, 25.149999618530273, 23.959999084472656, 24.540000915527344, 25.700000762939453, 25.65999984741211, 24.649999618530273, 29.040000915527344, 30.84000015258789, 30.770000457763672, 32.11000061035156, 30.809999465942383, 33.810001373291016, 35.619998931884766, 33.779998779296875, 36.529998779296875, 37.119998931884766, 41.709999084472656, 38.43000030517578, 42.40999984741211, 41.7400016784668, 40.02000045776367, 35.75, 37.22999954223633, 37.04999923706055, 35.25, 36.88999938964844, 37.08000183105469, 42.189998626708984, 43.400001525878906]
assets:[0, 100.00004143409728, 204.661585121727, 314.3652103549957, 416.9522645899773, 596.3720000000001, 668.0869270576477, 734.0210918403625, 869.2844219999313, 932.5831787207603, 1132.4192110855101, 1285.8832593421935, 1506.717662338257, 1650.8563165454864, 1754.8378099861147, 1973.0662871475217, 2097.9750384811405, 2108.3028999999997, 2445.6095118003846, 2704.0836051006318, 2770.108982983589, 2739.037611339569, 2905.3422423912048, 3142.6783332946775, 3237.786478746414, 3210.344465318489, 3882.0847463882446, 4222.708424892807, 4313.123274166107, 4600.955290455627, 4514.681651742935, 5054.280772294235, 5424.85815932808, 5244.628562475586, 5771.590034133911, 5964.80891636467, 6802.375304689026, 6367.447535564423, 7126.890208358002, 7114.2994540832515, 6921.138919166565, 6282.6764, 6642.770114323425, 6710.655176813126, 6484.632299999999, 6886.329966064453, 7021.799158744812, 8089.472365686417, 8421.475176086426]
shares:[0, 7.5188, 14.7027, 21.5614, 28.3641, 34.0784, 40.0772, 46.3983, 52.4297, 58.7269, 64.4152, 69.847, 74.8122, 79.6361, 84.4484, 88.957, 93.4094, 98.0606, 102.2412, 106.1674, 110.1435, 114.3171, 118.3921, 122.2832, 126.1803, 130.2371, 133.6806, 136.9231, 140.173, 143.2873, 146.533, 149.4907, 152.2981, 155.2584, 157.9959, 160.6899, 163.0874, 165.6895, 168.0474, 170.4432, 172.942, 175.7392, 178.4252, 181.1243, 183.9612, 186.672, 189.3689, 191.7391, 194.0432]
growth_rate:75.45
