ticker:ASPC
price:[9.800000190734863, 9.755000114440918, 9.720000267028809, 9.699999809265137, 9.770000457763672, 9.640000343322754, 9.65999984741211, 9.670000076293945, 9.729999542236328, 9.699999809265137, 9.65999984741211, 9.680000305175781, 9.6899995803833, 9.670000076293945, 9.65999984741211, 9.699999809265137, 9.675000190734863, 9.710000038146973, 9.699999809265137, 9.6899995803833, 9.65999984741211]
assets:[0, 100.00045717315675, 199.64200148458482, 299.2314141160965, 401.3906988067627, 496.0493536664963, 597.078794568634, 697.6972745046616, 802.0263482673646, 899.5537323117256, 995.8445542697907, 1097.9066026130677, 1199.0405480766296, 1296.5661812295914, 1395.2256559612274, 1501.0031904851915, 1597.134518986225, 1702.9126186901092, 1801.1590145831108, 1899.3019337524415, 1993.422112512207]
shares:[0, 10.2512, 20.5393, 30.8486, 41.084, 51.4574, 61.8094, 72.1507, 82.4282, 92.7375, 103.0895, 113.4201, 123.74, 134.0813, 144.4333, 154.7426, 165.0785, 175.3772, 185.6865, 196.0064, 206.3584]
growth_rate:-0.33
