ticker:ASPCU
price:[10.470000267028809, 10.399999618530273, 10.239999771118164, 10.130000114440918, 10.100000381469727, 10.140000343322754, 10.0, 10.100000381469727, 10.050000190734863, 9.960000038146973, 10.0, 10.0, 10.0, 9.989999771118164, 9.979999542236328, 10.0, 9.989999771118164, 10.050000190734863, 10.010000228881836, 10.140000343322754, 10.100000381469727, 10.050000190734863, 10.125, 10.020000457763672, 9.994999885559082, 10.0, 9.949999809265137, 10.204000473022461, 10.204000473022461]
assets:[0, 100.00015633201599, 198.46143556404115, 296.32985434770586, 395.4523849359512, 497.0182008281708, 590.156, 696.0576862895966, 792.6113550426483, 885.5137233915328, 989.0699999999999, 1089.07, 1189.07, 1287.8808004932405, 1386.591196399689, 1489.3700000000001, 1587.8804936199188, 1697.4168922145843, 1790.6609129440308, 1913.9159388018609, 2006.3660857789994, 2096.4330547873496, 2212.0776, 2289.1372405792235, 2383.425663710213, 2484.618, 2572.19534569273, 2737.857815717697, 2837.8580407533645]
shares:[0, 9.6154, 19.381, 29.2527, 39.1537, 49.0156, 59.0156, 68.9166, 78.8668, 88.907, 98.907, 108.907, 118.907, 128.917, 138.937, 148.937, 158.947, 168.8972, 178.8872, 188.7491, 198.6501, 208.6003, 218.4768, 228.4568, 238.4618, 248.4618, 258.5121, 268.3122, 278.1123]
growth_rate:1.35
