ticker:ASPS
price:[10.699999809265137, 12.59000015258789, 13.510000228881836, 12.020000457763672, 13.140000343322754, 13.380000114440918, 13.029999732971191, 12.65999984741211, 11.130000114440918, 11.050000190734863, 11.65999984741211, 12.869999885559082, 13.050000190734863, 13.130000114440918, 13.770000457763672, 13.899999618530273, 13.510000228881836, 12.880000114440918, 12.260000228881836, 12.220000267028809, 11.170000076293945, 10.130000114440918, 11.350000381469727, 10.819999694824219, 10.520000457763672, 10.170000076293945, 9.470000267028809, 9.0600004196167, 8.770000457763672, 8.850000381469727, 9.0600004196167, 8.9399995803833, 7.610000133514404, 6.53000020980835, 6.300000190734863, 6.679999828338623, 6.059999942779541, 6.809999942779541, 6.829999923706055, 7.050000190734863, 7.139999866485596, 7.03000020980835, 9.010000228881836, 8.569999694824219, 9.510000228881836, 7.800000190734863, 8.0, 9.239999771118164, 9.069999694824219, 9.140000343322754, 8.119999885559082, 10.449999809265137]
assets:[0, 99.9998532119751, 207.3069005121231, 284.4436948326111, 410.9469407372475, 518.4522584343911, 604.8903746037483, 687.7139797111512, 704.601352244854, 799.537128800869, 943.6741036506652, 1141.6024518487932, 1257.5684883802412, 1365.2771068997383, 1531.8257999233247, 1646.2867648195268, 1700.0957268024445, 1720.8169592897416, 1737.9825364463807, 1832.3120540392877, 1774.8716831228255, 1709.6198593139648, 2015.51717774086, 2021.3999169868468, 2065.3538178710937, 2096.6390797286986, 2052.3280408701894, 2063.473079570389, 2097.423662478256, 2216.556050542259, 2369.1520577280044, 2437.772495578289, 2175.1062191613673, 1966.4181431808474, 1997.1567604646684, 2217.620331012011, 2111.7936280597687, 2473.1543102195265, 2580.417683175659, 2763.5352147663116, 2898.8142417936324, 2954.1551241659167, 3886.1932987213136, 3796.412166810608, 4312.8212417987825, 3637.3296289443015, 3830.5944, 4524.336319928741, 4541.09670120697, 4676.143909648418, 4254.2985480411535, 5575.05190824337]
shares:[0, 7.9428, 15.3447, 23.6642, 31.2745, 38.7483, 46.4229, 54.3218, 63.3065, 72.3563, 80.9326, 88.7026, 96.3654, 103.9815, 111.2437, 118.4379, 125.8398, 133.6038, 141.7604, 149.9437, 158.8963, 168.768, 177.5786, 186.8207, 196.3264, 206.1592, 216.7189, 227.7564, 239.1589, 250.4583, 261.4958, 272.6815, 285.8221, 301.136, 317.009, 331.9791, 348.4808, 363.1651, 377.8064, 391.9908, 405.9964, 420.2212, 431.32, 442.9886, 453.5038, 466.3243, 478.8243, 489.6468, 500.6722, 511.6131, 523.9284, 533.4978]
growth_rate:9.31
