ticker:ASPU
price:[11.770000457763672, 11.539999961853027, 11.899999618530273, 10.859999656677246, 10.920000076293945, 12.069999694824219, 11.390000343322754, 11.510000228881836, 9.380000114440918, 10.800000190734863, 10.630000114440918, 10.720000267028809, 11.970000267028809, 11.25, 10.739999771118164, 11.1899995803833, 10.920000076293945, 11.130000114440918, 10.0600004196167, 9.789999961853027, 9.90999984741211, 9.454999923706055, 9.5600004196167, 9.859999656677246, 10.239999771118164, 8.880000114440918, 8.609999656677246, 8.90999984741211, 6.78000020980835, 6.300000190734863, 6.099999904632568, 5.800000190734863, 5.300000190734863, 5.0, 4.769999980926514, 5.21999979019165, 5.5, 5.809999942779541, 5.820000171661377, 6.0, 5.800000190734863, 6.099999904632568, 7.099999904632568, 6.420000076293945, 6.480000019073486, 5.900000095367432, 6.769999980926514, 6.590000152587891, 6.25, 6.050000190734863, 5.789999961853027, 5.730000019073486]
assets:[0, 99.9998696694374, 203.11990348873138, 285.368210978508, 386.9447427034378, 527.6943516578674, 597.9647670241355, 704.2646860046386, 673.936124222374, 875.961015470028, 962.1723343585967, 1070.3191306610106, 1295.1229068918228, 1317.220875, 1357.506973069954, 1514.3862842116355, 1577.8460990238189, 1708.1890105639459, 1643.9700585722924, 1699.847483376503, 1820.6830099662782, 1837.0894661762238, 1957.491345920086, 2118.9188562197683, 2300.5808125780104, 2095.035338999748, 2131.3348130132676, 2305.5970015155794, 1854.427689385605, 1823.1406751962663, 1865.2628508384705, 1873.528821611595, 1812.0175952103616, 1809.4505000000001, 1826.2159576976298, 2098.5004676546096, 2311.0637, 2541.3236059714795, 2645.697582035065, 2827.5234, 2833.272833173084, 3079.8210218500612, 3684.709670506859, 3431.80783078289, 3563.8807784900664, 3344.8917740667343, 3938.121174904919, 3933.414908076096, 3830.4768750000003, 3807.901580049515, 3744.2563313312526, 3805.4557446672443]
shares:[0, 8.6655, 17.0689, 26.277, 35.4345, 43.7195, 52.4991, 61.1872, 71.8482, 81.1075, 90.5148, 99.8432, 108.1974, 117.0863, 126.3973, 135.3339, 144.4914, 153.4761, 163.4165, 173.631, 183.7218, 194.2982, 204.7585, 214.9005, 224.6661, 235.9274, 247.5418, 258.7651, 273.5144, 289.3874, 305.7808, 323.0222, 341.8901, 361.8901, 382.8545, 402.0116, 420.1934, 437.4051, 454.5872, 471.2539, 488.4953, 504.8887, 518.9732, 534.5495, 549.9816, 566.9308, 581.7018, 596.8763, 612.8763, 629.4052, 646.6764, 664.1284]
growth_rate:-25.38
