ticker:ASRT
price:[2.880000114440918, 2.759999990463257, 2.799999952316284, 2.640000104904175, 2.640000104904175, 3.0, 2.880000114440918, 2.799999952316284, 2.4800000190734863, 1.9199999570846558, 1.559999942779541, 1.5199999809265137, 1.6399999856948853, 1.6799999475479126, 1.840000033378601, 1.4800000190734863, 1.559999942779541, 1.440000057220459, 2.1600000858306885, 2.359999895095825, 2.8399999141693115, 2.5199999809265137, 3.4800000190734863, 4.559999942779541, 4.320000171661377, 3.4000000953674316, 3.5199999809265137, 3.9200000762939453, 3.7200000286102295, 2.799999952316284, 2.880000114440918, 2.440000057220459, 1.9199999570846558, 2.119999885559082, 2.200000047683716, 2.2799999713897705, 1.9600000381469727, 1.4800000190734863, 1.809999942779541, 1.7999999523162842, 1.8600000143051147, 1.6299999952316284, 1.6200000047683716, 1.4600000381469727, 1.440000057220459, 1.2899999618530273, 1.25, 1.2599999904632568, 1.2599999904632568, 1.2100000381469727, 0.8999999761581421, 1.0800000429153442]
assets:[0, 100.00004365446568, 201.44935656933785, 289.93801152110103, 389.93804749474526, 543.1113, 621.3868086916923, 704.1260680088043, 723.6545815655709, 660.2486252422929, 636.452052655077, 720.1328229635238, 876.98540035038, 998.3752488292455, 1193.4586136499881, 1059.9558856601716, 1217.2507953515053, 1223.6161446221352, 1935.424228906846, 2214.6300375576498, 2765.0633924340486, 2553.506908672905, 3626.271379875183, 4851.665747119618, 4696.314954614782, 3796.173886479807, 4030.1563941621785, 4588.128809297562, 4454.040478255677, 3452.5035412042143, 3651.1466410835264, 3193.3325068868635, 2612.7860535996797, 2984.9511468676565, 3197.5909493059157, 3413.866757161617, 3034.7276430641177, 2391.529070820808, 3024.7752503762244, 3108.0638776644228, 3311.666041469765, 3002.1589302175403, 3083.740803076804, 2879.173803227234, 2939.733044814491, 2733.510693166542, 2748.7507499999997, 2870.7407602718113, 2970.7407855149268, 2952.8543270929335, 2296.3377891678215, 2855.6055414715647]
shares:[0, 36.2319, 71.9462, 109.825, 147.7038, 181.0371, 215.7593, 251.4736, 291.7962, 343.8795, 407.9821, 473.7716, 534.7472, 594.271, 648.6188, 716.1864, 780.289, 849.7334, 896.0297, 938.4026, 973.6139, 1013.2964, 1042.032, 1063.9618, 1087.1099, 1116.5217, 1144.9308, 1170.441, 1197.3227, 1233.037, 1267.7592, 1308.7428, 1360.8261, 1407.9959, 1453.4504, 1497.31, 1548.3304, 1615.898, 1671.1466, 1726.7022, 1780.4656, 1841.8153, 1903.5437, 1972.0368, 2041.4812, 2119.0006, 2199.0006, 2278.3657, 2357.7308, 2440.3754, 2551.4865, 2644.0791]
growth_rate:-44.01
