ticker:ASRV
price:[2.7699999809265137, 2.6700000762939453, 2.7699999809265137, 2.7200000286102295, 2.690000057220459, 2.880000114440918, 3.0199999809265137, 2.930000066757202, 2.759999990463257, 2.759999990463257, 3.119999885559082, 3.009999990463257, 3.180000066757202, 3.240000009536743, 3.2699999809265137, 3.1500000953674316, 3.299999952316284, 3.130000114440918, 3.2799999713897705, 3.609999895095825, 3.5799999237060547, 3.4000000953674316, 3.890000104904175, 3.930000066757202, 3.9200000762939453, 3.9000000953674316, 3.6500000953674316, 3.9100000858306885, 4.150000095367432, 4.150000095367432, 4.010000228881836, 3.799999952316284, 4.0, 4.179999828338623, 4.199999809265137, 4.289999961853027, 4.260000228881836, 4.230000019073486, 4.179999828338623, 4.150000095367432, 4.050000190734863, 3.9800000190734863, 3.7699999809265137, 3.9600000381469727, 3.799999952316284, 3.7300000190734863, 3.8499999046325684, 3.7899999618530273, 3.930000066757202, 3.9200000762939453, 3.759999990463257, 3.9200000762939453]
assets:[0, 100.0000468574524, 203.74540959706306, 300.0676831562519, 396.7580614396572, 524.7818128529549, 650.2920658929348, 730.9125426531315, 788.5046732754469, 888.5047169299127, 1104.3966554909705, 1165.459655307412, 1331.2828599473953, 1456.401388286829, 1569.8864428430556, 1612.2758888122557, 1789.0507541489126, 1796.8876806988717, 1983.0004067030193, 2282.5094346718074, 2363.5413676301955, 2344.7043257671835, 2782.6174370406625, 2911.2304724518062, 3003.8227544626234, 3088.4970455235957, 2990.516618136406, 3303.5395225179195, 3606.314392873478, 3706.31445517149, 3681.282465119362, 3588.496894970298, 3877.3652, 4151.846275494814, 4271.711446008491, 4463.248178312492, 4532.037027497864, 4600.121213742399, 4645.745859211683, 4712.403543291522, 4698.851936292553, 4717.636904608488, 4568.716323885584, 4898.969903192138, 4801.031659754992, 4812.591867609358, 5067.420309476137, 5088.44750578394, 5376.411439326763, 5462.731002319717, 5339.762106456399, 5666.986134295082]
shares:[0, 37.4532, 73.5543, 110.319, 147.4937, 182.2159, 215.3285, 249.4582, 285.6901, 321.922, 353.9733, 387.1959, 418.6424, 449.5066, 480.0876, 511.8336, 542.1366, 574.0855, 604.5733, 632.2741, 660.2071, 689.6189, 715.3258, 740.7711, 766.2813, 791.9223, 819.3196, 844.895, 868.9914, 893.0878, 918.0255, 944.3413, 969.3413, 993.2647, 1017.0742, 1040.3842, 1063.8584, 1087.4991, 1111.4225, 1135.5189, 1160.2103, 1185.3359, 1211.8611, 1237.1136, 1263.4294, 1290.2391, 1316.2131, 1342.5983, 1368.0436, 1393.5538, 1420.1495, 1445.6597]
growth_rate:11.12
