ticker:ASRVP
price:[27.75, 28.299999237060547, 29.25, 28.639999389648438, 28.139999389648438, 28.0, 27.950000762939453, 27.299999237060547, 27.84000015258789, 27.790000915527344, 28.450000762939453, 28.0, 28.450000762939453, 28.110000610351562, 28.850000381469727, 29.25, 28.8700008392334, 28.059999465942383, 28.010000228881836, 28.899999618530273, 29.989999771118164, 29.479999542236328, 29.479999542236328, 29.030000686645508, 28.969999313354492, 29.709999084472656, 29.149999618530273, 28.549999237060547, 28.549999237060547, 29.399999618530273, 28.299999237060547, 28.600000381469727, 28.610000610351562, 28.40999984741211, 29.0, 28.270000457763672, 28.389999389648438, 27.600000381469727, 27.969999313354492, 28.6299991607666, 28.229999542236328, 28.440000534057617, 29.149999618530273, 28.399999618530273, 28.459999084472656, 28.309999465942383, 28.0, 28.049999237060547, 28.200000762939453, 28.200000762939453, 28.399999618530273, 25.5]
assets:[0, 100.00087730407715, 203.3577, 299.1161536254883, 393.8952694564819, 491.9348, 591.0558711338043, 677.3102510715485, 790.708900333786, 889.2883662971498, 1010.4074670959473, 1094.4248, 1212.0127075023652, 1297.5295181732176, 1431.6870389305116, 1551.5369999999998, 1631.3802334232332, 1685.6090639183044, 1782.606832566452, 1939.2477744026185, 2112.387619878388, 2176.464146203995, 2276.4632526512146, 2341.713714388466, 2436.872329241371, 2599.1198499069214, 2650.128490319252, 2695.5795829662325, 2795.5788102939605, 2978.810901349449, 2967.3596300029753, 3098.815761332321, 3199.8998232650756, 3277.530996396637, 3445.5973, 3458.862826007843, 3573.545749172974, 3574.1062093990327, 3722.020951626778, 3909.847246390342, 3955.220545864105, 4084.643884703064, 4286.615298903465, 4276.3242625602725, 4385.358568927765, 4462.244763821412, 4513.381600000001, 4621.442139300155, 4746.156008405304, 4846.156031110764, 4980.524973101425, 4571.9511]
shares:[0, 3.5336, 6.9524, 10.444, 13.9977, 17.5691, 21.1469, 24.8099, 28.4019, 32.0003, 35.5152, 39.0866, 42.6015, 46.159, 49.6252, 53.044, 56.5078, 60.0716, 63.6418, 67.102, 70.4364, 73.8285, 77.2206, 80.6653, 84.1171, 87.483, 90.9135, 94.4161, 97.9187, 101.3201, 104.8537, 108.3502, 111.8455, 115.3654, 118.8137, 122.351, 125.8734, 129.4966, 133.0719, 136.5647, 140.107, 143.6232, 147.0537, 150.5748, 154.0885, 157.6208, 161.1922, 164.7573, 168.3034, 171.8495, 175.3706, 179.2922]
growth_rate:-10.35
