ticker:ASTC
price:[1.7200000286102295, 1.8200000524520874, 1.5099999904632568, 1.5800000429153442, 1.7200000286102295, 1.75, 1.649999976158142, 2.4100000858306885, 1.9900000095367432, 1.7400000095367432, 1.8899999856948853, 1.7400000095367432, 1.9700000286102295, 1.7999999523162842, 1.9600000381469727, 1.840000033378601, 1.899999976158142, 1.7699999809265137, 2.0399999618530273, 2.299999952316284, 2.430000066757202, 2.0399999618530273, 2.5999999046325684, 3.5899999141693115, 3.0899999141693115, 2.190000057220459, 1.7699999809265137, 2.2300000190734863, 2.130000114440918, 2.0199999809265137, 2.130000114440918, 1.4700000286102295, 1.2000000476837158, 1.2699999809265137, 1.2300000190734863, 1.1399999856948853, 1.059999942779541, 1.100000023841858, 1.1699999570846558, 1.2100000381469727, 1.2699999809265137, 1.159999966621399, 1.25, 1.2599999904632568, 1.1699999570846558, 1.0800000429153442, 1.0700000524520874, 1.0800000429153442, 1.059999942779541, 1.0800000429153442, 1.0, 1.100000023841858]
assets:[0, 100.00008488198519, 182.96715184442996, 291.4490199162245, 417.2735549408674, 524.55165, 594.5773264085889, 968.4433514905214, 899.669054311514, 886.645366859603, 1063.0803879537107, 1078.709003912282, 1321.2969461891414, 1307.2764253690004, 1523.4788256510735, 1530.2045637587428, 1680.1025289174913, 1665.1481910563946, 2019.1538142428399, 2376.497030730343, 2610.8209887247326, 2291.800217144489, 3020.9216891932488, 4271.195935883093, 3776.3219581053972, 2776.4225045425414, 2343.9578747415544, 3053.122016113758, 3016.210944055367, 2960.444100046539, 3221.656697093582, 2323.3967852196693, 1996.650439339757, 2213.1216517622474, 2243.4170837884426, 2179.2645566538336, 2126.3335972171785, 2306.5727799936176, 2553.35455434351, 2740.6488764028545, 2976.5487392967225, 2818.7373948917984, 3137.4326250000004, 3262.5320873064043, 3129.49400621084, 2988.7639307628037, 3061.0901760565994, 3189.6984787472247, 3230.629665605545, 3391.5852627694844, 3240.3566, 3664.3923494235632]
shares:[0, 54.9451, 121.1703, 184.4614, 242.6009, 299.7438, 360.3499, 401.8437, 452.095, 509.5663, 562.4764, 619.9477, 670.7091, 726.2647, 777.2851, 831.6329, 884.2645, 940.7617, 989.7813, 1033.2596, 1074.4119, 1123.4315, 1161.893, 1189.7482, 1222.1107, 1267.7728, 1324.27, 1369.113, 1416.0614, 1465.5664, 1512.5148, 1580.542, 1663.8753, 1742.6155, 1823.9163, 1911.6356, 2005.9752, 2096.8843, 2182.3544, 2264.999, 2343.7392, 2429.9461, 2509.9461, 2589.3112, 2674.7813, 2767.3739, 2860.8318, 2953.4244, 3047.764, 3140.3566, 3240.3566, 3331.2657]
growth_rate:-28.15
