ticker:ASTE
price:[53.36000061035156, 51.310001373291016, 53.040000915527344, 51.0, 54.83000183105469, 58.47999954223633, 57.689998626708984, 57.16999816894531, 50.79999923706055, 50.29999923706055, 54.06999969482422, 55.529998779296875, 58.619998931884766, 62.47999954223633, 60.90999984741211, 58.83000183105469, 58.630001068115234, 57.880001068115234, 64.94000244140625, 67.05999755859375, 66.98999786376953, 59.470001220703125, 63.56999969482422, 64.55000305175781, 64.54000091552734, 67.91999816894531, 71.44000244140625, 77.16999816894531, 71.73999786376953, 76.29000091552734, 77.0, 75.86000061035156, 77.30000305175781, 78.08000183105469, 75.01000213623047, 69.7699966430664, 71.0, 68.0999984741211, 68.52999877929688, 69.37999725341797, 65.5, 59.08000183105469, 64.87000274658203, 61.36000061035156, 61.400001525878906, 58.54999923706055, 59.400001525878906, 61.310001373291016, 60.43000030517578, 62.43000030517578, 58.380001068115234, 61.959999084472656]
assets:[0, 99.99806167640686, 203.3712755104065, 295.5501, 417.7443009506226, 545.5540677295685, 638.1840718082428, 732.4334315414429, 750.8239887237548, 843.435417206955, 1006.6536263183593, 1133.8337270751952, 1296.9264423686982, 1482.3254931396484, 1545.0796021293638, 1592.3163615600588, 1686.9023907318115, 1765.3226685771942, 2080.65170222168, 2248.5753661376953, 2346.2308891815187, 2182.8523418060304, 2433.34516231842, 2570.8587915435787, 2670.458709881592, 2910.3107935409544, 3161.141524029541, 3514.6844156051634, 3367.3750637283324, 3680.9467701736453, 3815.2037, 3858.717549046326, 4031.968159179687, 4172.649953852844, 4108.590356009674, 3921.576155316162, 4090.7147, 4023.627119844818, 4149.032275094604, 4300.4913777542115, 4159.99015, 3852.246531391907, 4329.774281321716, 4195.496177732849, 4298.233426817322, 4198.719980288314, 4359.674991992188, 4599.862556032944, 4633.838896401215, 4887.201470890045, 4670.154889444733, 5056.536937284089]
shares:[0, 1.9489, 3.8343, 5.7951, 7.6189, 9.3289, 11.0623, 12.8115, 14.78, 16.7681, 18.6176, 20.4184, 22.1243, 23.7248, 25.3666, 27.0664, 28.772, 30.4997, 32.0396, 33.5308, 35.0236, 36.7051, 38.2782, 39.8274, 41.3768, 42.8491, 44.2489, 45.5447, 46.9386, 48.2494, 49.5481, 50.8663, 52.16, 53.4407, 54.7739, 56.2072, 57.6157, 59.0841, 60.5433, 61.9846, 63.5113, 65.2039, 66.7454, 68.3751, 70.0038, 71.7117, 73.3952, 75.0263, 76.6811, 78.2829, 79.9958, 81.6097]
growth_rate:-0.85
