ticker:ASTR
price:[9.800000190734863, 9.800000190734863, 9.850000381469727, 9.789999961853027, 9.765000343322754, 9.850000381469727, 9.819999694824219, 9.850000381469727, 9.930000305175781, 10.0, 10.050000190734863, 2000.0, 2000.0, 10.229999542236328, 10.399999618530273, 10.399999618530273, 10.300000190734863, 19.3700008392334, 19.549999237060547, 19.520000457763672, 13.949999809265137, 13.100000381469727, 14.0, 12.819999694824219, 12.420000076293945, 2000.0, 10.760000228881836, 10.119999885559082, 10.289999961853027, 10.569999694824219, 10.15999984741211, 10.020000457763672, 10.039999961853027, 10.100000381469727, 10.079999923706055, 11.100000381469727, 11.579999923706055, 10.899999618530273, 15.470000267028809, 13.579999923706055, 10.050000190734863, 8.270000457763672, 8.369999885559082, 10.770000457763672, 11.220000267028809, 9.619999885559082, 11.670000076293945, 9.489999771118164]
assets:[0, 100.00018194627762, 200.51054776535034, 299.28910983381274, 398.5252880115509, 501.99443444118504, 600.4654853393555, 702.3001021986007, 808.0041248321534, 913.7, 1018.2680293252945, 202740.4, 202840.4, 1137.5288910987854, 1256.4322739143372, 1356.432430246353, 1443.3894967286108, 2814.412696938515, 2940.5662152442933, 3036.0549831985472, 2269.722163966656, 2231.423934978676, 2484.7284, 2375.3010814567565, 2401.188422750092, 386764.8, 2180.794882388878, 2151.0818756747244, 2287.216944520855, 2449.453677279663, 2454.441587137985, 2520.620293154526, 2625.651754023838, 2741.3431135385513, 2835.9142345354085, 3222.8817807596206, 3462.249751189232, 3358.939522446442, 4867.228723013592, 4372.590225434304, 3335.973948312092, 2845.124949484253, 2979.527449261665, 3933.8729842037196, 4198.241355915451, 3699.561431989479, 4587.92982599411, 3830.8870456058503]
shares:[0, 10.2041, 20.3564, 30.5709, 40.8116, 50.9639, 61.1472, 71.2995, 81.37, 91.37, 101.3202, 101.3702, 101.4202, 111.1954, 120.8108, 130.4262, 140.1349, 145.2975, 150.4126, 155.5356, 162.7041, 170.3377, 177.4806, 185.2809, 193.3324, 193.3824, 202.6761, 212.5575, 222.2757, 231.7364, 241.5789, 251.5589, 261.5191, 271.4201, 281.3407, 290.3497, 298.9853, 308.1596, 314.6237, 321.9875, 331.9377, 344.0296, 355.977, 365.2621, 374.1748, 384.5698, 393.1388, 403.6762]
growth_rate:-18.49
