ticker:ASTS
price:[10.050000190734863, 10.100000381469727, 10.15999984741211, 10.109999656677246, 10.100000381469727, 10.100000381469727, 10.08899974822998, 10.130000114440918, 10.050000190734863, 10.010000228881836, 10.109999656677246, 10.15999984741211, 10.119999885559082, 10.204999923706055, 10.319999694824219, 11.0, 13.420000076293945, 13.579999923706055, 12.6899995803833, 14.5, 15.880000114440918, 13.5, 16.049999237060547, 20.06999969482422, 19.350000381469727, 13.84000015258789, 12.890000343322754, 13.800000190734863, 12.479999542236328, 12.390000343322754, 11.390000343322754, 10.0, 7.809999942779541, 9.489999771118164, 8.770000457763672, 8.289999961853027, 7.480000019073486, 7.579999923706055, 7.21999979019165, 8.229999542236328, 10.15999984741211, 10.520000457763672, 10.5, 13.130000114440918, 12.760000228881836, 11.010000228881836, 12.199999809265137, 10.779999732971191, 10.630000114440918, 9.539999961853027, 8.420000076293945, 10.989999771118164]
assets:[0, 100.00010377693177, 200.59395698738098, 299.60680682573314, 399.3105850816726, 499.31068885860446, 598.767001557827, 701.2006339216233, 795.6625351005554, 892.495624407196, 1001.4116419933318, 1106.364039384079, 1202.0080464072228, 1312.1037831905364, 1426.8895978050232, 1620.9094, 2077.509951810837, 2202.27945162735, 2157.9471186437604, 2565.7401999999997, 2909.927444970703, 2573.8046999999997, 3159.9671847904206, 4051.4365093955994, 4006.094433976936, 2965.340440693283, 2861.795339223385, 3163.830823728466, 2961.203123383713, 3039.8481752331736, 2894.5009222474096, 2641.2650000000003, 2162.827970153904, 2728.0712542037963, 2621.0944218120576, 2577.6362161388397, 2425.780462185574, 2558.2105582511904, 2536.7122702848433, 2991.571090604782, 3793.118087033081, 4027.5201072521213, 4119.862950000001, 5251.789965774536, 5203.7960533428195, 4590.109832421685, 5186.224798918533, 4682.581788008881, 4717.42503378706, 4333.700484671116, 3924.9224115638735, 5222.909471225738]
shares:[0, 9.901, 19.7435, 29.6347, 39.5357, 49.4367, 59.3485, 69.2202, 79.1704, 89.1604, 99.0516, 108.8941, 118.7755, 128.5746, 138.2645, 147.3554, 154.807, 162.1708, 170.051, 176.9476, 183.2448, 190.6522, 196.8827, 201.8653, 207.0333, 214.2587, 222.0167, 229.2631, 237.2759, 245.3469, 254.1265, 264.1265, 276.9306, 287.468, 298.8705, 310.9332, 324.3022, 337.4948, 351.3452, 363.4959, 373.3384, 382.8441, 392.3679, 399.984, 407.821, 416.9037, 425.1004, 434.3768, 443.7841, 454.2663, 466.1428, 475.242]
growth_rate:2.41
