ticker:ASUR
price:[6.880000114440918, 7.010000228881836, 7.610000133514404, 6.980000019073486, 7.389999866485596, 8.369999885559082, 8.25, 8.579999923706055, 7.070000171661377, 6.989999771118164, 7.119999885559082, 7.739999771118164, 7.989999771118164, 7.760000228881836, 7.5, 7.25, 7.269999980926514, 7.099999904632568, 7.25, 7.420000076293945, 8.25, 8.180000305175781, 9.1899995803833, 8.5, 8.449999809265137, 7.789999961853027, 8.079999923706055, 8.229999542236328, 7.699999809265137, 7.699999809265137, 8.0, 7.849999904632568, 7.909999847412109, 8.100000381469727, 8.010000228881836, 8.270000457763672, 8.069999694824219, 8.710000038146973, 8.449999809265137, 8.260000228881836, 8.260000228881836, 8.15999984741211, 8.859999656677246, 8.729999542236328, 8.470000267028809, 8.199999809265137, 8.960000038146973, 9.420000076293945, 9.369999885559082, 9.449999809265137, 8.829999923706055, 9.0]
assets:[0, 99.99975626506806, 208.5589026590824, 291.2928507959843, 408.4031696214199, 562.5619213082313, 654.4964249999999, 780.6761750581741, 743.2846720471382, 834.8743886627198, 950.4010807240487, 1133.160734490967, 1269.7611756263734, 1333.2099433231353, 1388.54025, 1442.25555, 1546.2344859433174, 1610.0776283733844, 1744.09335, 1884.9894333818436, 2195.8439249999997, 2277.2122889572147, 2658.383826617813, 2558.7881500000003, 2643.7362303251266, 2537.2434955753324, 2731.6976862064357, 2882.410022676468, 2796.7870007214547, 2896.786898244381, 3109.6488, 3151.3432117152215, 3275.4296888153076, 3454.106652671242, 3515.7276734601974, 3729.8462904556277, 3739.6443145812987, 4136.221367115307, 4112.751797166252, 4120.275616171455, 4220.275308942413, 4269.182176168441, 4735.411104504014, 4765.930238095093, 4723.990188930511, 4673.402111295032, 5206.546710166741, 5573.847015143394, 5644.262114063549, 5792.452038087558, 5512.417959370995, 5718.546]
shares:[0, 14.2653, 27.4059, 41.7325, 55.2643, 67.2117, 79.3329, 90.9879, 105.1322, 119.4384, 133.4833, 146.4032, 158.9188, 171.8054, 185.1387, 198.9318, 212.687, 226.7715, 240.5646, 254.0417, 266.1629, 278.3878, 289.2692, 301.0339, 312.8682, 325.7052, 338.0814, 350.2321, 363.2191, 376.2061, 388.7061, 401.445, 414.0872, 426.4329, 438.9173, 451.0092, 463.4008, 474.8819, 486.7162, 498.8227, 510.9292, 523.1841, 534.4708, 545.9256, 557.732, 569.9271, 581.0878, 591.7035, 602.3759, 612.9579, 624.2829, 635.394]
growth_rate:12.13
