ticker:ASYS
price:[5.630000114440918, 5.309999942779541, 5.269999980926514, 5.170000076293945, 5.349999904632568, 5.860000133514404, 6.360000133514404, 5.869999885559082, 5.320000171661377, 5.460000038146973, 5.829999923706055, 5.829999923706055, 5.909999847412109, 7.130000114440918, 6.25, 6.28000020980835, 6.130000114440918, 6.380000114440918, 6.619999885559082, 7.150000095367432, 7.610000133514404, 6.989999771118164, 7.860000133514404, 10.800000190734863, 10.890000343322754, 9.59000015258789, 9.010000228881836, 12.319999694824219, 11.850000381469727, 11.829999923706055, 12.789999961853027, 12.369999885559082, 11.0, 10.65999984741211, 10.539999961853027, 9.84000015258789, 9.1899995803833, 9.029999732971191, 10.4399995803833, 9.829999923706055, 9.739999771118164, 9.140000343322754, 9.270000457763672, 9.130000114440918, 9.140000343322754, 9.079999923706055, 9.489999771118164, 10.359999656677246, 9.789999961853027, 9.710000038146973, 9.699999809265137, 10.010000228881836]
assets:[0, 100.00004292240143, 199.24657827887535, 295.46602136020664, 405.75308776717185, 544.432102404356, 690.885542503643, 737.6570576187133, 768.5410567986489, 888.7657022094727, 1048.9936352724076, 1148.9938749637604, 1264.7606523456573, 1625.8446570958135, 1525.179375, 1632.5004985401629, 1693.5075466160772, 1862.5740434098245, 2032.6391888614655, 2295.373110615921, 2543.047442616749, 2435.8611402397155, 2839.036764225483, 4000.966990659618, 4134.308044339943, 3740.772318519974, 3614.5318808202746, 5042.400931095886, 4950.036669349289, 5041.682158485222, 5550.812660444355, 5468.5344974079135, 4962.8843, 4909.486381725312, 4954.220528069401, 4725.192673273086, 4513.060834932995, 4534.487508909321, 5342.529889266777, 5130.370345181465, 5183.398014194488, 4964.092308464527, 5134.697749557496, 5157.150865642834, 5262.799401684761, 5328.251099229812, 5668.8437712776185, 6288.537403602505, 6042.54657445507, 6093.169702937794, 6186.894618344689, 6484.620290272904]
shares:[0, 18.8324, 37.8077, 57.1501, 75.8417, 92.9065, 108.6298, 125.6656, 144.4626, 162.7776, 179.9303, 197.083, 214.0035, 228.0287, 244.0287, 259.9523, 276.2655, 291.9395, 307.0452, 321.0312, 334.1718, 348.478, 361.2006, 370.4599, 379.6426, 390.0701, 401.1689, 409.2858, 417.7246, 426.1777, 433.9963, 442.0804, 451.1713, 460.5522, 470.0399, 480.2025, 491.0839, 502.1581, 511.7366, 521.9095, 532.1764, 543.1173, 553.9048, 564.8577, 575.7986, 586.8118, 597.3492, 607.0017, 617.2162, 627.5149, 637.8242, 647.8142]
growth_rate:27.15
