ticker:ATAX
price:[4.239999771118164, 4.070000171661377, 4.130000114440918, 3.990000009536743, 4.159999847412109, 4.090000152587891, 4.099999904632568, 4.019999980926514, 3.9600000381469727, 3.819999933242798, 3.6700000762939453, 3.819999933242798, 3.880000114440918, 4.059999942779541, 4.019999980926514, 4.079999923706055, 4.360000133514404, 4.25, 4.340000152587891, 4.380000114440918, 4.440000057220459, 4.480000019073486, 4.579999923706055, 4.590000152587891, 4.800000190734863, 4.659999847412109, 4.71999979019165, 4.699999809265137, 5.420000076293945, 5.840000152587891, 5.5, 5.710000038146973, 5.690000057220459, 5.670000076293945, 5.869999885559082, 6.03000020980835, 6.130000114440918, 6.230000019073486, 6.28000020980835, 6.670000076293945, 6.380000114440918, 6.380000114440918, 6.949999809265137, 6.809999942779541, 6.900000095367432, 6.75, 6.699999809265137, 6.869999885559082, 6.5, 6.460000038146973, 6.460000038146973, 6.5]
assets:[0, 99.99990421772003, 201.47420858278272, 294.6447427042484, 407.19867306404115, 500.3468966667175, 601.5700260072708, 689.8319967269897, 779.5359075093269, 851.9764951111077, 918.5221140947342, 1056.0638115445377, 1172.6512705874443, 1327.0523932969095, 1413.977909291172, 1535.0820192947388, 1740.4309572964669, 1796.5209, 1934.5650500164031, 2052.394907625103, 2180.5097801012994, 2300.153865792847, 2451.4967131628036, 2556.849486998749, 2773.8293902220726, 2792.925706547928, 2928.885893808317, 3016.4753875857355, 3578.5740203733444, 3955.880615359497, 3825.5723, 4071.6394342015265, 4157.378057807922, 4242.76523408947, 4492.421855416203, 4714.872842049695, 4893.062945348549, 5072.884671530915, 5213.598398180961, 5637.372675482368, 5492.2696725173, 5592.269794311046, 6191.892440070534, 6167.163869180918, 6348.668697747278, 6310.653975, 6363.908388832951, 6625.380486633969, 6368.55505, 6429.364133966064, 6529.364288556575, 6669.7936500000005]
shares:[0, 24.57, 48.7831, 73.8458, 97.8843, 122.3342, 146.7244, 171.6, 196.8525, 223.0305, 250.2785, 276.4565, 302.2297, 326.8602, 351.7358, 376.2456, 399.1814, 422.7108, 445.7523, 468.5833, 491.1058, 513.4272, 535.2613, 557.0478, 577.8811, 599.3403, 620.5267, 641.8033, 660.2535, 677.3768, 695.5586, 713.0717, 730.6464, 748.2831, 765.3189, 781.9026, 798.2158, 814.2672, 830.1908, 845.1833, 860.8573, 876.5313, 890.9198, 905.6041, 920.0969, 934.9117, 949.8371, 964.3931, 979.7777, 995.2576, 1010.7375, 1026.1221]
growth_rate:30.78
