ticker:ATCX
price:[8.5, 8.300000190734863, 9.149999618530273, 8.670000076293945, 8.609999656677246, 9.15999984741211, 9.149999618530273, 6.900000095367432, 6.849999904632568, 6.78000020980835, 6.860000133514404, 5.230000019073486, 5.190000057220459, 7.070000171661377, 7.260000228881836, 6.800000190734863, 7.360000133514404, 7.03000020980835, 8.949999809265137, 10.079999923706055, 9.8100004196167, 9.65999984741211, 9.289999961853027, 8.850000381469727, 9.40999984741211, 9.699999809265137, 8.65999984741211, 9.670000076293945, 10.640000343322754, 9.649999618530273, 10.039999961853027, 10.260000228881836, 10.199999809265137, 10.329999923706055, 11.520000457763672, 11.729999542236328, 11.300000190734863, 10.850000381469727, 11.0600004196167, 10.550000190734863, 10.029999732971191, 9.699999809265137, 9.539999961853027, 9.949999809265137, 9.350000381469727, 9.0600004196167, 9.260000228881836, 8.989999771118164, 13.0, 12.609999656677246, 10.1899995803833, 10.119999885559082]
assets:[0, 100.00006229801177, 210.2413712348938, 299.21210663299564, 397.14140016403195, 522.51020729599, 621.9401140708923, 569.004367864418, 664.8808557433605, 758.0867394591331, 867.0319868748188, 761.017302775383, 855.1967914286614, 1264.979277714014, 1398.97445610466, 1410.334319558811, 1626.4798055052281, 1653.55376634984, 2205.16449800539, 2583.5815964452745, 2614.3788458284375, 2674.403801755524, 2671.9684220282556, 2645.4164490278245, 2912.809933767319, 3102.5779189928057, 2869.930011432266, 3304.6451660728458, 3736.135040554523, 3488.505742097473, 3729.492521829796, 3911.2146872520443, 3988.341705420017, 4139.173121429443, 4716.000187397003, 4901.967981700516, 4822.271691396046, 4730.234521307945, 4921.787560732746, 4794.833716686439, 4658.500576976681, 4605.230109445572, 4629.26780948925, 4928.2199805293085, 4731.041288021278, 4684.302888954926, 4887.708698810768, 4845.194538643264, 7106.399300000001, 6993.2069526013365, 5751.131825172615, 5811.624478279877]
shares:[0, 12.0482, 22.9772, 34.5112, 46.1256, 57.0426, 67.9716, 82.4644, 97.0629, 111.8122, 126.3895, 145.51, 164.7778, 178.9221, 192.6962, 207.4021, 220.9891, 235.2139, 246.3871, 256.3077, 266.5014, 276.8534, 287.6177, 298.9171, 309.5441, 319.8534, 331.4007, 341.742, 351.1405, 361.5032, 371.4634, 381.21, 391.0139, 400.6944, 409.375, 417.9001, 426.7497, 435.9663, 445.0079, 454.4866, 464.4567, 474.766, 485.2482, 495.2985, 505.9937, 517.0312, 527.8303, 538.9538, 546.6461, 554.5763, 564.3898, 574.2712]
growth_rate:13.95
