ticker:ATEC
price:[5.71999979019165, 6.0, 6.170000076293945, 6.940000057220459, 6.510000228881836, 9.680000305175781, 10.109999656677246, 9.539999961853027, 8.539999961853027, 10.15999984741211, 10.270000457763672, 10.800000190734863, 10.600000381469727, 11.34000015258789, 11.59000015258789, 13.90999984741211, 14.100000381469727, 14.520000457763672, 13.380000114440918, 14.25, 14.8100004196167, 14.880000114440918, 15.970000267028809, 16.40999984741211, 16.479999542236328, 16.049999237060547, 15.239999771118164, 16.760000228881836, 18.290000915527344, 16.329999923706055, 15.59000015258789, 17.600000381469727, 16.770000457763672, 16.709999084472656, 15.989999771118164, 15.109999656677246, 14.8100004196167, 15.15999984741211, 14.5, 14.140000343322754, 14.359999656677246, 14.829999923706055, 15.789999961853027, 15.0600004196167, 14.149999618530273, 14.140000343322754, 14.109999656677246, 14.739999771118164, 14.010000228881836, 12.920000076293945, 12.350000381469727, 13.100000381469727]
assets:[0, 100.00019999999999, 202.83381650810242, 328.14679870557785, 407.8150583381653, 706.3980222702025, 837.7772535501481, 890.5437324390412, 897.1953159923554, 1167.389062467575, 1280.0282090545654, 1446.0865455388068, 1519.3075946763993, 1725.3719512161256, 1863.408931532669, 2336.412598370361, 2468.3263267795564, 2641.8516472881315, 2534.4329316773415, 2799.2272500000004, 3009.2321372615816, 3123.4548720222474, 3452.255718723965, 3647.370257085037, 3762.9293834774016, 3764.7456010421756, 3674.749516810799, 4141.260300554848, 4619.3116572250365, 4224.2950032640465, 4132.870065450668, 4765.715783294105, 4640.968497682571, 4724.362898155975, 4620.7997278575895, 4466.49625551424, 4477.816955871487, 4683.639504858398, 4579.7351, 4566.030936864377, 4737.072378744793, 4992.116098317718, 5415.273647917271, 5264.915906696319, 5046.782728943825, 5143.215852878571, 5232.303936688233, 5565.922671572685, 5390.270533061028, 5070.8984779441835, 4947.182912809753, 5347.61927572174]
shares:[0, 16.6667, 32.8742, 47.2834, 62.6444, 72.975, 82.8662, 93.3484, 105.058, 114.9005, 124.6376, 133.8969, 143.3309, 152.1492, 160.7773, 167.9664, 175.0586, 181.9457, 189.4195, 196.437, 203.1892, 209.9096, 216.1713, 222.2651, 228.3331, 234.5636, 241.1253, 247.0919, 252.5594, 258.6831, 265.0975, 270.7793, 276.7423, 282.7267, 288.9806, 295.5987, 302.3509, 308.9472, 315.8438, 322.9159, 329.8797, 336.6228, 342.9559, 349.596, 356.6631, 363.7352, 370.8224, 377.6067, 384.7445, 392.4844, 400.5816, 408.2152]
growth_rate:4.86
