ticker:ATER
price:[9.149999618530273, 7.75, 7.320000171661377, 7.400000095367432, 9.6899995803833, 9.609999656677246, 12.199999809265137, 16.690000534057617, 17.209999084472656, 20.920000076293945, 22.549999237060547, 26.020000457763672, 23.020000457763672, 33.400001525878906, 21.700000762939453, 15.279999732971191, 12.850000381469727, 17.040000915527344, 17.950000762939453, 17.469999313354492, 15.8100004196167, 15.069999694824219, 16.299999237060547, 13.739999771118164, 13.600000381469727, 10.539999961853027, 9.710000038146973, 9.029999732971191, 8.229999542236328, 4.039999961853027, 3.115000009536743, 6.079999923706055, 6.619999885559082]
assets:[0, 99.9998, 194.45141256008148, 296.5764638221264, 488.35466085224147, 584.3225751247406, 841.8036468392372, 1251.6148510499954, 1390.6109510231017, 1790.3879985294343, 2029.8877913223266, 2442.2476509658813, 2260.665332954407, 3380.026714416504, 2296.005470724106, 1716.726305998993, 1543.7129508272171, 2147.070787358093, 2361.73186038208, 2398.5767487257003, 2270.6638802661896, 2264.383493144989, 2549.2008906818387, 2248.8353805387496, 2325.921025240326, 1902.5890951140404, 1852.765107278824, 1823.0142720911026, 1761.5071290225983, 964.7010868909836, 843.8226640834093, 1747.0119780778884, 2002.1739493881225]
shares:[0, 12.9032, 26.5644, 40.0779, 50.3978, 60.8036, 69.0003, 74.9919, 80.8025, 85.5826, 90.0172, 93.8604, 98.2044, 101.1984, 105.8067, 112.3512, 120.1333, 126.0018, 131.5728, 137.2969, 143.622, 150.2577, 156.3927, 163.6707, 171.0236, 180.5113, 190.81, 201.8842, 214.0349, 238.7874, 270.8901, 287.3375, 302.4432]
growth_rate:-37.43
