ticker:ATEX
price:[41.77000045776367, 40.20000076293945, 39.220001220703125, 34.279998779296875, 34.0, 34.75, 35.75, 34.22999954223633, 31.920000076293945, 32.25, 32.68000030517578, 29.1299991607666, 29.010000228881836, 31.040000915527344, 29.65999984741211, 29.469999313354492, 39.59000015258789, 37.599998474121094, 35.060001373291016, 38.060001373291016, 40.34000015258789, 36.279998779296875, 37.04999923706055, 38.31999969482422, 43.91999816894531, 42.22999954223633, 43.0099983215332, 45.099998474121094, 46.380001068115234, 46.619998931884766, 46.91999816894531, 46.2400016784668, 46.88999938964844, 46.290000915527344, 47.31999969482422, 48.38999938964844, 47.959999084472656, 48.90999984741211, 49.459999084472656, 50.11000061035156, 50.09000015258789, 59.709999084472656, 61.959999084472656, 59.45000076293945, 59.290000915527344, 58.380001068115234, 59.88999938964844, 58.31999969482422, 60.0, 56.560001373291016, 56.900001525878906, 57.40999984741211]
assets:[0, 100.00152189788818, 197.56291214904786, 272.680250289917, 370.4538, 478.62565, 592.39895, 667.2111510772705, 722.1836177261353, 829.6506, 940.713416784668, 938.5248779611587, 1034.6590641632079, 1207.058723602295, 1253.393035551834, 1345.3644086532593, 1907.3630683513643, 1911.489922428131, 1882.36446173172, 2143.4327093399047, 2371.834682971573, 2233.1209968627927, 2380.5180259799954, 2562.117331595611, 3036.5408334045414, 3019.698347267151, 3175.471186077118, 3429.778213959503, 3627.1201555313114, 3745.888942177582, 3869.9942929733274, 3913.9063340709686, 4068.926587036133, 4116.861408423614, 4308.467044213867, 4505.888022166443, 4565.849464840699, 4756.292063161469, 4909.775405117798, 5074.299013806152, 5172.273379756165, 6265.632927929687, 6601.732570452118, 6434.297362573242, 6516.979030632019, 6516.953681233597, 6785.512974847412, 6707.633940900421, 7000.86, 6699.4756026649475, 6839.750033420563, 7001.057625392151]
shares:[0, 2.4876, 5.0373, 7.9545, 10.8957, 13.7734, 16.5706, 19.492, 22.6248, 25.7256, 28.7856, 32.2185, 35.6656, 38.8872, 42.2587, 45.652, 48.1779, 50.8375, 53.6898, 56.3172, 58.7961, 61.5524, 64.2515, 66.8611, 69.138, 71.506, 73.831, 76.0483, 78.2044, 80.3494, 82.4807, 84.6433, 86.776, 88.9363, 91.0496, 93.1161, 95.2012, 97.2458, 99.2676, 101.2632, 103.2596, 104.9344, 106.5483, 108.2304, 109.917, 111.6299, 113.2996, 115.0143, 116.681, 118.449, 120.2065, 121.9484]
growth_rate:37.28
