ticker:ATHA
price:[17.110000610351562, 16.25, 16.479999542236328, 16.809999465942383, 18.309999465942383, 19.34000015258789, 18.059999465942383, 22.219999313354492, 26.5, 23.420000076293945, 24.010000228881836, 25.360000610351562, 29.40999984741211, 30.940000534057617, 31.530000686645508, 34.25, 27.06999969482422, 26.549999237060547, 20.059999465942383, 21.31999969482422, 22.959999084472656, 21.700000762939453, 21.520000457763672, 22.059999465942383, 19.18000030517578, 21.559999465942383, 19.170000076293945, 18.09000015258789, 18.389999389648438, 19.079999923706055, 16.59000015258789, 17.979999542236328, 19.68000030517578, 18.479999542236328, 18.09000015258789, 19.350000381469727, 19.940000534057617, 20.0, 19.700000762939453, 11.149999618530273, 10.84000015258789, 10.539999961853027, 10.890000343322754, 9.520000457763672, 10.1899995803833, 9.609999656677246, 9.970000267028809, 9.829999923706055, 9.619999885559082, 10.760000228881836, 10.65999984741211]
assets:[0, 99.99925, 201.41525840530394, 305.4477762958527, 432.703738379097, 557.0442223949433, 620.1767696605682, 863.0314393304825, 1129.26835, 1098.01859957695, 1225.67929868412, 1394.5946175643921, 1717.3116520900726, 1906.6527809108734, 2043.011618491745, 2319.2558750000003, 1933.0578502075196, 1995.9253976451876, 1608.0316231893541, 1809.0339541053772, 2048.190342328644, 2035.7899115753175, 2118.902285072327, 2272.0718509946823, 2075.4467350227355, 2432.9834157331466, 2263.2792210075377, 2235.7702538585663, 2372.8469092468263, 2561.877313755989, 2327.5438414077757, 2622.5573392307283, 2970.5189260635375, 2889.3904324275973, 2928.412842700958, 3232.3827337238313, 3430.9402998916626, 3541.264, 3588.144348961258, 2130.853012098122, 2171.6097505683897, 2211.5101699959755, 2384.9471011888504, 2184.9124570602416, 2438.68190857687, 2399.875423263073, 2589.7773593626025, 2653.410896405983, 2696.7255059193612, 3116.296202288437, 3187.334624376297]
shares:[0, 6.1538, 12.2218, 18.1706, 23.6321, 28.8027, 34.3398, 38.8403, 42.6139, 46.8838, 51.0487, 54.9919, 58.3921, 61.6242, 64.7958, 67.7155, 71.4096, 75.1761, 80.1611, 84.8515, 89.2069, 93.8152, 98.462, 102.9951, 108.2089, 112.8471, 118.0636, 123.5915, 129.0292, 134.2703, 140.298, 145.8597, 150.941, 156.3523, 161.8802, 167.0482, 172.0632, 177.0632, 182.1393, 191.1079, 200.333, 209.8207, 219.0034, 229.5076, 239.3211, 249.7269, 259.757, 269.9299, 280.3249, 289.6186, 298.9995]
growth_rate:-36.25
