ticker:ATHE
price:[1.9500000476837158, 2.0299999713897705, 2.2899999618530273, 2.0299999713897705, 2.0199999809265137, 2.0299999713897705, 1.840000033378601, 1.6299999952316284, 1.2400000095367432, 1.2400000095367432, 1.149999976158142, 1.600000023841858, 1.5499999523162842, 1.4800000190734863, 1.5199999809265137, 1.4199999570846558, 1.4500000476837158, 1.340000033378601, 1.5199999809265137, 1.600000023841858, 1.899999976158142, 1.649999976158142, 1.909999966621399, 2.0199999809265137, 1.909999966621399, 1.600000023841858, 1.3700000047683716, 1.7200000286102295, 1.6200000047683716, 1.4600000381469727, 1.5, 1.3899999856948853, 1.2799999713897705, 1.590000033378601, 1.4500000476837158, 1.309999942779541, 1.2400000095367432, 1.2799999713897705, 1.340000033378601, 1.3600000143051147, 1.399999976158142, 1.3600000143051147, 1.3600000143051147, 1.75, 1.6799999475479126, 1.409999966621399, 1.340000033378601, 1.2899999618530273, 1.4199999570846558, 1.350000023841858, 1.3300000429153442, 1.3899999856948853]
assets:[0, 100.00003159062862, 212.80786445503233, 288.6463049319029, 387.22450234370234, 489.14148510618213, 543.3597378568411, 581.3458552993417, 542.2508881704092, 642.2509369395018, 695.635905578041, 1067.841295912075, 1134.4711600994826, 1183.2370752489567, 1315.2164634962082, 1328.6889898442626, 1456.7599479060173, 1446.2471620251536, 1740.519146159363, 1932.1254687909127, 2394.398969954252, 2179.34653350929, 2622.7586651654365, 2873.807714864588, 2817.3131717654587, 2460.052996657646, 2206.4203536795853, 2870.104363740897, 2803.2378022511602, 2626.3747966220853, 2798.33025, 2693.1192732838986, 2579.9946943326236, 3304.83732937789, 3113.845377399802, 2913.198046752262, 2857.5311659770487, 3049.7094998336793, 3292.664832018316, 3441.8090202025533, 3643.038637959421, 3638.9519022761942, 3738.9518873280404, 4911.15135, 4814.705129677773, 4140.913281973124, 4035.336266517818, 3984.7638291653634, 4486.329120413829, 4365.1722920917155, 4400.503178991807, 4699.021858640253]
shares:[0, 49.2611, 92.9292, 142.1903, 191.6953, 240.9564, 295.3042, 356.6539, 437.2991, 517.9443, 604.9008, 667.4008, 731.9169, 799.4845, 865.274, 935.6965, 1004.662, 1079.2889, 1145.0784, 1207.5784, 1260.21, 1320.8161, 1373.1721, 1422.6771, 1475.0331, 1537.5331, 1610.5258, 1668.6653, 1730.3937, 1798.8868, 1865.5535, 1937.4959, 2015.6209, 2078.514, 2147.4795, 2223.8154, 2304.4606, 2382.5856, 2457.2125, 2530.7419, 2602.1705, 2675.6999, 2749.2293, 2806.3722, 2865.896, 2936.818, 3011.4449, 3088.9643, 3159.3868, 3233.4609, 3308.6489, 3380.5913]
growth_rate:-7.86
