ticker:ATHX
price:[1.9700000286102295, 2.009999990463257, 2.180000066757202, 2.0399999618530273, 1.8600000143051147, 1.9299999475479126, 1.8700000047683716, 1.6100000143051147, 1.75, 1.7599999904632568, 1.75, 1.6399999856948853, 1.899999976158142, 1.8200000524520874, 1.840000033378601, 2.0199999809265137, 1.8799999952316284, 1.75, 1.9600000381469727, 1.9199999570846558, 1.940000057220459, 1.940000057220459, 2.7200000286102295, 2.690000057220459, 2.3499999046325684, 2.0399999618530273, 1.850000023841858, 1.9500000476837158, 1.8700000047683716, 1.6699999570846558, 1.9299999475479126, 1.7799999713897705, 1.690000057220459, 1.6799999475479126, 1.6699999570846558, 1.5399999618530273, 1.690000057220459, 1.659999966621399, 1.6699999570846558, 1.659999966621399, 1.6299999952316284, 1.5700000524520874, 1.5, 1.4700000286102295, 1.4900000095367432, 1.3899999856948853, 1.5, 1.6299999952316284, 1.600000023841858, 1.6299999952316284, 1.4900000095367432, 1.590000033378601]
assets:[0, 99.99991152553558, 208.45771038351057, 295.07049048233034, 369.03479083821776, 482.9232358754754, 567.9100254481316, 588.9492752329112, 740.162325, 844.3918514245748, 939.5942499999999, 980.5340154471637, 1235.9845644904374, 1283.9432430030226, 1398.0524493614316, 1634.8185065635205, 1621.5142838872432, 1609.388375, 1902.5150010281561, 1963.6880201081515, 2084.1432254719734, 2184.143244421482, 3162.3038572625874, 3227.4254846523286, 2919.4979415212633, 2634.372718738556, 2489.0146370771527, 2723.5560965996265, 2711.8203379149554, 2521.7859401956202, 3014.3993680769204, 2880.119697707367, 2834.4958119710923, 2917.7234449043513, 3000.355990897417, 2866.795398987293, 3246.0289089048865, 3288.406979878056, 3408.2165734162927, 3487.8081678685785, 3524.7755596886873, 3495.029397765338, 3439.2000000000003, 3470.4160515438084, 3617.6325601546523, 3474.8383072388765, 3849.8256, 4283.477150469195, 4304.6402241441365, 4485.352160878634, 4200.107237882781, 4581.993726189017]
shares:[0, 49.7512, 95.6228, 144.6424, 198.4058, 250.2193, 303.6952, 365.807, 422.9499, 479.7681, 536.911, 597.8866, 650.5182, 705.4633, 759.8111, 809.3161, 862.5076, 919.6505, 970.6709, 1022.7542, 1074.3006, 1125.847, 1162.6117, 1199.7864, 1242.3396, 1291.3592, 1345.4133, 1396.6954, 1450.1713, 1510.0515, 1561.865, 1618.0448, 1677.2164, 1736.7402, 1796.6204, 1861.5555, 1920.7271, 1980.9681, 2040.8483, 2101.0893, 2162.439, 2226.1333, 2292.8, 2360.8272, 2427.9413, 2499.8837, 2566.5504, 2627.9001, 2690.4001, 2751.7498, 2818.8639, 2881.757]
growth_rate:-10.16
