ticker:ATIF
price:[1.100000023841858, 1.1160000562667847, 1.0700000524520874, 1.1100000143051147, 1.2100000381469727, 1.190000057220459, 1.409999966621399, 1.2200000286102295, 1.3300000429153442, 0.6700000166893005, 0.6840000152587891, 0.7400000095367432, 0.800000011920929, 0.753000020980835, 0.7110000252723694, 0.7210000157356262, 0.699999988079071, 0.9300000071525574, 0.9179999828338623, 1.0399999618530273, 1.1299999952316284, 1.0800000429153442, 1.1399999856948853, 1.340000033378601, 1.5499999523162842, 1.4600000381469727, 1.090000033378601, 1.2799999713897705, 1.590000033378601, 1.340000033378601, 1.3799999952316284, 1.340000033378601, 1.149999976158142, 1.100000023841858, 1.1100000143051147, 0.949999988079071, 0.9229999780654907, 0.9679999947547913, 0.9900000095367432, 1.0499999523162842, 0.9950000047683716, 0.9359999895095825, 0.902999997138977, 0.8799999952316284, 0.8330000042915344, 0.7990000247955322, 0.7950000166893005, 0.7680000066757202, 0.8399999737739563, 0.7979999780654907, 0.5099999904632568, 0.550000011920929]
assets:[0, 99.99996624182462, 195.87806160206796, 303.20061090749505, 430.515956572628, 523.3999861673832, 720.1629819517493, 723.1197589578867, 888.3191316635489, 547.4990896378755, 658.9393490997314, 812.8875684760808, 978.7973745852172, 1021.2930248562812, 1064.328501631367, 1179.2979798378528, 1244.9494187986375, 1754.0042864899099, 1831.371960554266, 2174.7568162303924, 2462.9570296068196, 2453.976745512271, 2690.308652241075, 3262.2927932617667, 3873.5473758353946, 3748.6318579444887, 2898.636107763684, 3503.9027696816684, 4452.504441470671, 3852.4251899616124, 4067.422887945664, 4049.526732871294, 3575.3399208758715, 3519.8905162915707, 3651.8895020636915, 3225.490974525422, 3233.8191234503392, 3491.4810202810463, 3670.832915361404, 3993.3074236516713, 3884.134355614066, 3753.8187851282837, 3721.4726648090605, 3726.6843478065725, 3627.6455464892742, 3579.578438085795, 3661.6581408685684, 3637.2998716166617, 4078.2965566695393, 3974.3817539567467, 2640.0184186329843, 2947.0788138762114]
shares:[0, 89.6057, 183.0636, 273.1537, 355.7983, 439.8319, 510.7539, 592.7211, 667.9091, 817.1628, 963.3616, 1098.4967, 1223.4967, 1356.2988, 1496.9458, 1635.6421, 1778.4992, 1886.0261, 1994.9586, 2091.1124, 2179.608, 2272.2006, 2359.9199, 2434.5468, 2499.0629, 2567.556, 2659.2991, 2737.4241, 2800.3172, 2874.9441, 2947.4079, 3022.0348, 3108.9913, 3199.9004, 3289.9905, 3395.2537, 3503.5961, 3606.9019, 3707.912, 3803.1501, 3903.6526, 4010.4902, 4121.2322, 4234.8686, 4354.9166, 4480.073, 4605.8592, 4736.0675, 4855.1151, 4980.4284, 5176.5068, 5358.325]
growth_rate:-42.21
