ticker:ATLC
price:[10.1899995803833, 11.34000015258789, 12.899999618530273, 12.270000457763672, 12.729999542236328, 13.670000076293945, 12.109999656677246, 12.359999656677246, 11.449999809265137, 13.430000305175781, 14.5, 14.8100004196167, 15.6899995803833, 17.399999618530273, 21.6299991607666, 26.229999542236328, 24.010000228881836, 24.6299991607666, 23.860000610351562, 24.15999984741211, 26.459999084472656, 25.729999542236328, 29.8799991607666, 28.270000457763672, 32.380001068115234, 26.280000686645508, 28.829999923706055, 32.529998779296875, 29.850000381469727, 26.559999465942383, 30.420000076293945, 28.459999084472656, 32.38999938964844, 34.95000076293945, 31.260000228881836, 34.22999954223633, 29.739999771118164, 39.2599983215332, 39.61000061035156, 38.20000076293945, 39.04999923706055, 37.150001525878906, 42.279998779296875, 41.650001525878906, 42.79999923706055, 41.7400016784668, 44.56999969482422, 43.47999954223633, 47.5, 45.86000061035156, 49.08000183105469, 56.95000076293945]
assets:[0, 99.9995233455658, 213.75557367897034, 303.3168653160095, 414.68864608802795, 545.3099730434418, 583.0795294694901, 695.1164926918029, 743.9385476074219, 972.584506100464, 1150.0733, 1274.6611921154022, 1450.4008202101709, 1708.474642544174, 2223.8104957172395, 2796.7422251914977, 2660.036712357521, 2828.7258476150514, 2840.292086656189, 2976.0046212043762, 3359.3165017662045, 3366.6366441040036, 4009.641907382011, 3893.5932390472412, 4559.6578484088905, 3800.6741433042525, 4269.460635701561, 4917.397265472412, 4612.275793942833, 4203.922027469253, 4914.883362326622, 4698.210800863647, 5446.980851358032, 5977.491640485382, 5446.3923278778075, 6063.851264907074, 5368.447656683922, 7186.927440740204, 7350.998197271728, 7189.324183586884, 7449.295004459382, 7186.846115188599, 8279.269360961915, 8255.904952461242, 8583.856566986848, 8471.266908650208, 9145.625770378876, 9021.960769015503, 9956.099750000001, 9712.350165261842, 10494.290899516296, 12277.053364471436]
shares:[0, 8.8183, 16.5702, 24.7202, 32.5757, 39.891, 48.1486, 56.2392, 64.9728, 72.4188, 79.3154, 86.0676, 92.4411, 98.1882, 102.8114, 106.6238, 110.7887, 114.8488, 119.0399, 123.179, 126.9583, 130.8448, 134.1915, 137.7288, 140.8171, 144.6223, 148.0909, 151.165, 154.5151, 158.2802, 161.5675, 165.0812, 168.1686, 171.0298, 174.2288, 177.1502, 180.5127, 183.0598, 185.5844, 188.2022, 190.763, 193.4548, 195.82, 198.221, 200.5574, 202.9532, 205.1969, 207.4968, 209.6021, 211.7826, 213.8201, 215.576]
growth_rate:140.73
