ticker:ATLO
price:[19.799999237060547, 18.579999923706055, 18.110000610351562, 17.389999389648438, 16.790000915527344, 18.780000686645508, 20.020000457763672, 19.8799991607666, 19.299999237060547, 18.81999969482422, 20.3799991607666, 21.540000915527344, 21.989999771118164, 22.030000686645508, 25.389999389648438, 25.09000015258789, 24.920000076293945, 24.020000457763672, 24.139999389648438, 24.90999984741211, 24.469999313354492, 22.510000228881836, 23.3799991607666, 22.489999771118164, 22.479999542236328, 22.860000610351562, 25.8799991607666, 26.790000915527344, 26.989999771118164, 26.530000686645508, 26.020000457763672, 25.549999237060547, 25.299999237060547, 25.34000015258789, 25.280000686645508, 25.31999969482422, 26.0, 25.3700008392334, 25.299999237060547, 25.709999084472656, 25.1200008392334, 24.670000076293945, 24.600000381469727, 24.579999923706055, 23.84000015258789, 23.829999923706055, 23.440000534057617, 23.59000015258789, 24.1200008392334, 24.0, 23.530000686645508, 23.5]
assets:[0, 99.99941758937837, 197.46963565521241, 289.618266835022, 379.62527870025633, 524.6193191814423, 659.2586150741577, 754.6487441425323, 832.6309170856476, 911.9230852127075, 1087.5134392169953, 1249.4126751045228, 1375.5140676830292, 1478.0169790678024, 1803.4440396469117, 1882.1363974464416, 1969.382750029373, 1998.2574660820007, 2108.240292695618, 2275.4886300613402, 2335.294384469986, 2248.2425478601454, 2435.1367985898974, 2442.4387141431807, 2541.3527082500455, 2684.312711669922, 3138.9333382110594, 3349.3046674598695, 3474.3093125370024, 3515.0950939771656, 3547.5226284107207, 3583.443602996063, 3648.3813299804688, 3754.148896606064, 3845.2600084434507, 3951.342936375427, 4157.4624, 4156.724954503441, 4245.256381981277, 4414.05204481659, 4412.757699425698, 4433.707215711594, 4521.125830108643, 4617.448847667885, 4578.436269304275, 4676.515952027702, 4699.98029108448, 4830.057249242402, 5038.574107312584, 5113.5072, 5113.367980216789, 5206.848]
shares:[0, 5.3821, 10.9039, 16.6543, 22.6102, 27.935, 32.93, 37.9602, 43.1415, 48.455, 53.3618, 58.0043, 62.5518, 67.0911, 71.0297, 75.0154, 79.0282, 83.1914, 87.3339, 91.3484, 95.435, 99.8775, 104.1547, 108.6011, 113.0495, 117.424, 121.288, 125.0207, 128.7258, 132.4951, 136.3383, 140.2522, 144.2048, 148.1511, 152.1068, 156.0562, 159.9024, 163.8441, 167.7967, 171.6862, 175.6671, 179.7206, 183.7856, 187.8539, 192.0485, 196.2449, 200.5111, 204.7502, 208.8961, 213.0628, 217.3127, 221.568]
growth_rate:2.1
