ticker:ATNF
price:[10.899999618530273, 10.925000190734863, 10.901000022888184, 11.079999923706055, 11.100000381469727, 11.170000076293945, 11.017999649047852, 11.039999961853027, 10.949999809265137, 4.989999771118164, 2.450000047683716, 2.5799999237060547, 2.9100000858306885, 2.569999933242798, 2.490000009536743, 2.7699999809265137, 2.7660000324249268, 2.7300000190734863, 2.569999933242798, 3.0899999141693115, 3.880000114440918, 3.4200000762939453, 5.159999847412109, 6.71999979019165, 4.5, 4.429999828338623, 4.03000020980835, 6.380000114440918, 6.300000190734863, 6.960000038146973, 6.699999809265137, 9.739999771118164, 9.979999542236328, 9.220000267028809, 9.649999618530273, 8.930000305175781, 8.039999961853027, 8.34000015258789, 8.539999961853027, 9.8100004196167, 10.670000076293945, 10.270000457763672, 11.199999809265137, 10.34000015258789, 9.850000381469727, 8.869999885559082, 8.59000015258789, 7.570000171661377, 7.949999809265137, 7.769999980926514, 5.364999771118164, 5.21999979019165]
assets:[0, 99.99980424585343, 199.78044721946713, 303.0612659132004, 403.6082238706589, 506.1540324571609, 599.2667973117829, 700.4637095796585, 794.7531761564255, 462.1752758008957, 326.9196763627529, 444.26644086246495, 601.0913637292385, 630.8607106130362, 711.2229357239962, 891.1998498634339, 989.9129642044305, 1077.0289605247974, 1113.906333065653, 1439.288279021001, 1907.261780254841, 1781.1432217340468, 2787.3385215747835, 3730.0225715431693, 2597.7829500000003, 2657.373052027464, 2517.429903061485, 4085.41010528183, 4134.1823451639175, 4667.286937580872, 4592.9342892488485, 6776.892170748711, 7043.878686910629, 6607.471701364993, 7015.62885266838, 6592.183377282715, 6035.179339365196, 6360.372680368805, 6612.899438461113, 7696.317128205204, 8471.019760570525, 8253.456084880447, 9100.847685013485, 8502.033071464919, 8199.132437535094, 7483.381187449264, 7347.152544510651, 6574.731371092128, 7004.770271942902, 6946.171746948815, 4896.1658536195755, 4863.8371165069575]
shares:[0, 9.1533, 18.3268, 27.3521, 36.3611, 45.3137, 54.3898, 63.4478, 72.5802, 92.6203, 133.4366, 172.1963, 206.5606, 245.4711, 285.6317, 321.7328, 357.8861, 394.5161, 433.4266, 465.7891, 491.5623, 520.8021, 540.1819, 555.0629, 577.2851, 599.8585, 624.6724, 640.3464, 656.2194, 670.5872, 685.5126, 695.7795, 705.7995, 716.6455, 727.0082, 738.2064, 750.6442, 762.6346, 774.3442, 784.5379, 793.91, 803.6471, 812.5757, 822.2469, 832.3992, 843.6732, 855.3146, 868.5246, 881.1032, 893.9732, 912.6125, 931.7696]
growth_rate:-4.63
