ticker:ATNI
price:[56.61000061035156, 54.59000015258789, 52.18000030517578, 51.630001068115234, 48.70000076293945, 50.369998931884766, 48.119998931884766, 46.099998474121094, 44.70000076293945, 46.93000030517578, 50.790000915527344, 49.11000061035156, 50.88999938964844, 47.68000030517578, 46.400001525878906, 43.34000015258789, 44.5, 41.7599983215332, 48.27000045776367, 47.029998779296875, 45.81999969482422, 43.18000030517578, 45.43000030517578, 45.41999816894531, 44.939998626708984, 48.68000030517578, 49.880001068115234, 52.09000015258789, 50.529998779296875, 48.41999816894531, 50.59000015258789, 48.310001373291016, 50.02000045776367, 48.95000076293945, 45.58000183105469, 47.43000030517578, 49.369998931884766, 47.9900016784668, 47.27000045776367, 47.47999954223633, 48.540000915527344, 45.369998931884766, 47.45000076293945, 45.869998931884766, 45.560001373291016, 44.34000015258789, 43.630001068115234, 43.04999923706055, 43.970001220703125, 46.439998626708984, 45.310001373291016, 45.369998931884766]
assets:[0, 99.9979622795105, 195.5810771438599, 293.5217190723419, 376.864955904007, 489.78779561386114, 567.9074153942108, 644.0676886817932, 724.5065523658753, 860.6492755966186, 1031.4382595924378, 1097.3187646377564, 1237.090084162903, 1259.0571600585938, 1325.2582835815429, 1337.8581307102204, 1473.6664500000002, 1482.926772396469, 1814.1024652038575, 1867.500112527466, 1919.4547712158203, 1908.8625914909362, 2108.329083162689, 2207.8661109924315, 2284.5338181884767, 2574.656008140564, 2738.122754633331, 2959.4412686691285, 2970.8102182312014, 2946.7587745651244, 3178.82265958786, 3135.5606391334536, 3346.5481146263123, 3374.960597602463, 3242.6069102630618, 3474.2190643539425, 3716.3217325977325, 3712.4441428440095, 3756.7454703804015, 3873.4326066555022, 4059.909946575165, 3894.769410308075, 4173.327212102127, 4134.363917728424, 4206.422802791977, 4193.783630432129, 4226.630175473022, 4270.443689318467, 4461.706375866699, 4812.340213692855, 4795.2435343379975, 4901.593204605103]
shares:[0, 1.8318, 3.7482, 5.6851, 7.7385, 9.7238, 11.8019, 13.9711, 16.2082, 18.339, 20.3079, 22.3441, 24.3091, 26.4064, 28.5616, 30.8689, 33.1161, 35.5107, 37.5824, 39.7087, 41.8912, 44.2071, 46.4083, 48.61, 50.8352, 52.8894, 54.8942, 56.814, 58.793, 60.8583, 62.835, 64.905, 66.9042, 68.9471, 71.141, 73.2494, 75.2749, 77.3587, 79.4742, 81.5803, 83.6405, 85.8446, 87.9521, 90.1322, 92.3271, 94.5824, 96.8744, 99.1973, 101.4716, 103.6249, 105.8319, 108.036]
growth_rate:-3.89
