ticker:ATNX
price:[14.550000190734863, 10.9399995803833, 13.130000114440918, 12.390000343322754, 12.229999542236328, 12.239999771118164, 12.510000228881836, 11.449999809265137, 11.399999618530273, 11.579999923706055, 12.449999809265137, 14.010000228881836, 13.930000305175781, 13.0, 11.569999694824219, 11.520000457763672, 11.630000114440918, 11.0600004196167, 11.649999618530273, 11.109999656677246, 12.380000114440918, 13.069999694824219, 14.0, 13.149999618530273, 12.199999809265137, 12.100000381469727, 4.315000057220459, 5.135000228881836, 4.909999847412109, 4.539999961853027, 4.400000095367432, 4.099999904632568, 3.9700000286102295, 4.03000020980835, 4.010000228881836, 4.599999904632568, 5.079999923706055, 4.78000020980835, 4.690000057220459, 4.659999847412109, 5.010000228881836, 4.699999809265137, 5.079999923706055, 4.559999942779541, 4.230000019073486, 3.9800000190734863, 3.75, 3.7699999809265137, 3.5999999046325684, 3.3399999141693115, 3.2899999618530273, 3.640000104904175]
assets:[0, 100.00034816436768, 220.01809891767505, 307.617689523983, 403.6450198917389, 503.9746465759277, 615.0916912536621, 662.9733089561463, 760.0778745660782, 872.0793722543716, 1037.5979241039277, 1267.6108107089997, 1360.3731838027954, 1369.5513, 1318.9001322120666, 1413.2010801555632, 1526.695701022911, 1551.8706868780134, 1734.6558182001115, 1754.2511697898865, 2054.7816609944343, 2269.3048370132447, 2530.7786, 2477.1246031408314, 2398.168602507019, 2478.5120481386184, 983.866183546877, 1270.8350181447984, 1315.1508241291046, 1316.0456549420358, 1375.462909812355, 1381.6811078616142, 1437.8716813621759, 1559.6028271954535, 1651.863053284645, 1994.9049586415292, 2303.068765411377, 2267.060889508009, 2324.3757533586027, 2409.5074431026455, 2690.4793409145354, 2624.002373513031, 2936.1556279033657, 2735.604157672691, 2637.633008893347, 2581.7444223725793, 2532.54825, 2646.0551646128656, 2626.7370504152295, 2537.028196803927, 2599.048645864487, 2975.543201754642]
shares:[0, 9.1408, 16.7569, 24.8279, 33.0045, 41.1744, 49.168, 57.9016, 66.6735, 75.3091, 83.3412, 90.479, 97.6578, 105.3501, 113.9931, 122.6737, 131.2722, 140.3138, 148.8975, 157.8984, 165.9759, 173.627, 180.7699, 188.3745, 196.5712, 204.8357, 228.0107, 247.4849, 267.8515, 289.8779, 312.6052, 336.9954, 362.1843, 386.9982, 411.9359, 433.675, 453.36, 474.2805, 495.6025, 517.0617, 537.0218, 558.2984, 577.9834, 599.9132, 623.5539, 648.6795, 675.3462, 701.8714, 729.6492, 759.5893, 789.9844, 817.4569]
growth_rate:-41.66
