ticker:ATOM
price:[10.029999732971191, 9.819999694824219, 10.579999923706055, 10.119999885559082, 10.4399995803833, 10.850000381469727, 9.819999694824219, 9.25, 8.149999618530273, 8.970000267028809, 9.5600004196167, 9.0600004196167, 9.3100004196167, 10.180000305175781, 10.819999694824219, 12.380000114440918, 14.15999984741211, 16.09000015258789, 27.440000534057617, 28.65999984741211, 32.93000030517578, 28.719999313354492, 41.27000045776367, 38.52000045776367, 34.9900016784668, 27.979999542236328, 22.690000534057617, 26.68000030517578, 26.260000228881836, 23.950000762939453, 25.700000762939453, 23.719999313354492, 20.420000076293945, 21.780000686645508, 16.639999389648438, 15.699999809265137, 15.140000343322754, 16.579999923706055, 17.549999237060547, 20.709999084472656, 25.770000457763672, 24.59000015258789, 23.459999084472656, 21.110000610351562, 20.790000915527344, 17.579999923706055, 18.25, 17.649999618530273, 23.549999237060547, 22.670000076293945, 20.31999969482422, 24.3799991607666]
assets:[0, 100.00000289230346, 207.73935650196077, 298.70697662210466, 408.15178359508513, 524.1808784294128, 574.4199001487732, 641.077725, 664.8411088813781, 831.7334077599526, 986.4409952978134, 1034.8486499293326, 1163.4037204364777, 1372.121521133423, 1558.383998046112, 1883.0673454071045, 2253.8146077129363, 2661.0076682353974, 4638.100970270157, 4944.3142656761165, 5780.957050574493, 5141.8793330665585, 7488.767616064834, 7089.7601642532345, 6540.051193725586, 5329.798192802429, 4422.126812084198, 5299.749944620514, 5316.32129033699, 4948.664117642212, 5410.258790610886, 5093.438148555374, 4484.824196756363, 4883.52046595993, 3831.0270594787594, 3714.610534872246, 3682.1146994976043, 4132.329544984817, 4474.087995500946, 5379.67906618042, 6794.077653686142, 6582.979104849243, 6380.467563002014, 5841.333491889954, 5852.786504738617, 5049.1095860877995, 5341.539575, 5265.926806187439, 7126.208574135208, 6959.92125742302, 6338.447984806061, 7704.889150774384]
shares:[0, 10.1833, 19.6351, 29.5165, 39.095, 48.3116, 58.4949, 69.3057, 81.5756, 92.7239, 103.1842, 114.2217, 124.9628, 134.786, 144.0281, 152.1056, 159.1677, 165.3827, 169.027, 172.5162, 175.5529, 179.0348, 181.4579, 184.054, 186.912, 190.486, 194.8932, 198.6413, 202.4494, 206.6248, 210.5159, 214.7318, 219.629, 224.2204, 230.23, 236.5994, 243.2044, 249.2358, 254.9338, 259.7624, 263.6429, 267.7096, 271.9722, 276.7093, 281.5193, 287.2076, 292.6871, 298.3528, 302.5991, 307.0102, 311.9315, 316.0332]
growth_rate:51.08
