ticker:ATOS
price:[2.069999933242798, 1.9800000190734863, 2.440000057220459, 2.4200000762939453, 2.4000000953674316, 2.3299999237060547, 2.109999895095825, 1.8300000429153442, 1.4900000095367432, 1.559999942779541, 1.5700000524520874, 1.5399999618530273, 1.7400000095367432, 1.4800000190734863, 0.8700000047683716, 0.8500000238418579, 0.8799999952316284, 0.949999988079071, 0.9599999785423279, 1.25, 1.8700000047683716, 2.2100000381469727, 3.890000104904175, 3.640000104904175, 3.109999895095825, 2.7200000286102295, 2.2300000190734863, 2.9100000858306885, 2.7799999713897705, 2.1600000858306885, 2.1600000858306885, 2.0199999809265137, 1.6299999952316284, 1.7699999809265137, 2.3299999237060547, 2.740000009536743, 2.9000000953674316, 3.2300000190734863, 3.2200000286102295, 4.619999885559082, 4.309999942779541, 5.349999904632568, 8.619999885559082, 5.369999885559082, 5.320000171661377, 4.5, 4.179999828338623, 2.990000009536743, 3.380000114440918, 3.2200000286102295, 3.259999990463257, 3.7300000190734863]
assets:[0, 100.00009896330833, 223.23243323502538, 321.4026301326752, 418.74649663949015, 506.5331294139862, 558.7060282224655, 584.5649657086373, 575.9572686864137, 703.0156902135371, 807.52230497849, 892.0919479022025, 1107.9481380725383, 1042.3927254338264, 712.7578569065452, 796.3726723376512, 924.4799469906092, 1098.0181562216878, 1209.5762609638632, 1674.969125, 2605.7537506444933, 3179.5272758820533, 5696.543383622407, 5430.441536504388, 4739.744958122492, 4245.371964654803, 3580.580575625181, 4772.417018762827, 4659.216012049914, 3720.110475823903, 3820.1104877975463, 3672.5106573229787, 3063.4616000382066, 3426.581018075228, 4610.697049026489, 5522.0217552197455, 5944.475875485992, 6720.91620968771, 6800.10843842008, 9856.676893842601, 9295.298434593677, 11638.247482540226, 18851.71821572065, 11844.051878589536, 11833.772737842417, 10109.76975, 9490.852212236166, 6888.911284972502, 7887.465177055836, 7614.093855652475, 7808.678629156638, 9034.46997319808]
shares:[0, 50.5051, 91.4887, 132.811, 174.4777, 217.3962, 264.7896, 319.4344, 386.5485, 450.6511, 514.3454, 579.2805, 636.7518, 704.3194, 819.2619, 936.909, 1050.5454, 1155.8086, 1259.9753, 1339.9753, 1393.4512, 1438.7001, 1464.407, 1491.8795, 1524.0338, 1560.7985, 1605.6415, 1640.0058, 1675.977, 1722.2733, 1768.5696, 1818.0746, 1879.4243, 1935.9215, 1978.84, 2015.3364, 2049.8192, 2080.779, 2111.8349, 2133.4799, 2156.6818, 2175.3734, 2186.9743, 2205.5963, 2224.3933, 2246.6155, 2270.5389, 2303.9837, 2333.5695, 2364.6254, 2395.3002, 2422.1099]
growth_rate:77.15
