ticker:ATRA
price:[12.90999984741211, 14.960000038146973, 15.869999885559082, 12.970000267028809, 13.069999694824219, 14.470000267028809, 14.010000228881836, 14.609999656677246, 12.90999984741211, 13.449999809265137, 18.049999237060547, 22.979999542236328, 23.270000457763672, 24.59000015258789, 24.1200008392334, 21.649999618530273, 22.18000030517578, 19.6299991607666, 20.40999984741211, 18.610000610351562, 18.440000534057617, 18.459999084472656, 20.31999969482422, 18.59000015258789, 17.8799991607666, 16.780000686645508, 16.06999969482422, 16.899999618530273, 15.039999961853027, 14.800000190734863, 14.90999984741211, 13.770000457763672, 13.279999732971191, 14.140000343322754, 14.0600004196167, 13.59000015258789, 14.989999771118164, 13.770000457763672, 13.5600004196167, 13.180000305175781, 14.399999618530273, 15.010000228881836, 16.350000381469727, 15.920000076293945, 14.149999618530273, 13.260000228881836, 12.770000457763672, 12.75, 12.640000343322754, 12.449999809265137, 12.630000114440918, 14.699999809265137]
assets:[0, 100.00012025499343, 206.08305751390458, 268.4245315263748, 370.4939743492127, 510.1789284148216, 593.9609647035599, 719.3978440947533, 735.6892513046264, 866.4610927126885, 1262.7978016239167, 1707.7058119823457, 1829.257062984848, 2033.0225246154785, 2094.1635968645096, 1979.7106051177977, 2128.175465281677, 1983.5014872001648, 2162.3170238342286, 2071.61874294281, 2152.694882346153, 2255.029184161377, 2582.2432092185977, 2462.396099211502, 2468.3499761430744, 2416.4946108840945, 2414.247478152466, 2638.9417004333495, 2448.5014657896995, 2509.430312340259, 2628.081303104401, 2527.1420880111696, 2537.214332982731, 2801.5215040216444, 2885.6716741220475, 2889.2095704399107, 3286.84675681324, 3119.3388586978913, 3171.7668141509057, 3182.883085697937, 3577.5042252285007, 3829.0510583877563, 4270.884969646073, 4258.561812408447, 3885.090400261879, 3740.728276568985, 3702.4968997226715, 3796.69755, 3863.941928950882, 3905.8600051619533, 4062.330918808937, 4828.12820735426]
shares:[0, 6.6845, 12.9857, 20.6958, 28.3469, 35.2577, 42.3955, 49.2401, 56.986, 64.4209, 69.9611, 74.3127, 78.6101, 82.6768, 86.8227, 91.4416, 95.9502, 101.0444, 105.944, 111.3175, 116.7405, 122.1576, 127.0789, 132.4581, 138.0509, 144.0104, 150.2332, 156.1504, 162.7993, 169.5561, 176.263, 183.5252, 191.0553, 198.1274, 205.2398, 212.5982, 219.2693, 226.5315, 233.9061, 241.4934, 248.4378, 255.1, 261.2162, 267.4976, 274.5647, 282.1062, 289.9371, 297.7802, 305.6916, 313.7237, 321.6414, 328.4441]
growth_rate:-5.33
