ticker:ATRC
price:[42.93000030517578, 40.65999984741211, 39.9900016784668, 40.06999969482422, 37.86000061035156, 41.349998474121094, 40.689998626708984, 37.959999084472656, 34.560001373291016, 36.709999084472656, 39.45000076293945, 42.459999084472656, 43.84000015258789, 46.09000015258789, 46.869998931884766, 54.88999938964844, 57.54999923706055, 55.66999816894531, 56.91999816894531, 56.599998474121094, 59.06999969482422, 58.22999954223633, 59.7400016784668, 66.5999984741211, 65.4800033569336, 65.2699966430664, 63.72999954223633, 65.80999755859375, 62.459999084472656, 63.400001525878906, 64.12999725341797, 65.9000015258789, 68.0, 69.0, 77.06999969482422, 77.66999816894531, 72.0, 72.05000305175781, 74.7300033569336, 74.58000183105469, 75.91999816894531, 74.54000091552734, 80.18000030517578, 81.0999984741211, 82.23999786376953, 77.58000183105469, 80.16999816894531, 84.45999908447266, 83.75, 73.23999786376953, 74.76000213623047, 74.4800033569336]
assets:[0, 99.99920362472534, 198.3504083251953, 298.74588972473146, 382.2686401626587, 517.5076359031677, 609.2472804378509, 668.3730918800353, 708.5076761535645, 852.5860577369691, 1016.2241296531677, 1193.7628742599486, 1332.5606446380616, 1500.9531179691314, 1626.3561539371492, 2004.6431567092893, 2201.7881558109284, 2229.8617766571047, 2379.9332714401244, 2466.5543535041807, 2674.193398184204, 2736.1636254901887, 2907.1157536788937, 3340.9423034553524, 3384.759593524933, 3473.904193331909, 3491.938745917893, 3705.905744519043, 3617.258418978882, 3771.697790775299, 3915.1235063217164, 4123.185165470123, 4354.5772, 4518.6168, 5147.096808618927, 5287.167649356079, 5001.1992, 5104.6706662139895, 5394.549698327637, 5483.71837463379, 5682.247446954346, 5678.964141751099, 6208.658143630982, 6379.893579963684, 6569.577749351502, 6297.323908630371, 6607.555130085755, 7061.134641458893, 7101.773875000001, 6310.555963936615, 6541.5226149208065, 6617.019490239715]
shares:[0, 2.4594, 4.96, 7.4556, 10.0969, 12.5153, 14.9729, 17.6073, 20.5008, 23.2249, 25.7598, 28.115, 30.396, 32.5657, 34.6993, 36.5211, 38.2587, 40.055, 41.8119, 43.5787, 45.2716, 46.9889, 48.6628, 50.1643, 51.6915, 53.2236, 54.7927, 56.3122, 57.9132, 59.4905, 61.0498, 62.5673, 64.0379, 65.4872, 66.7847, 68.0722, 69.4611, 70.849, 72.1872, 73.528, 74.8452, 76.1868, 77.434, 78.667, 79.883, 81.172, 82.4193, 83.6033, 84.7973, 86.1627, 87.5003, 88.8429]
growth_rate:29.75
