ticker:ATRI
price:[643.7899780273438, 633.25, 656.8900146484375, 630.6199951171875, 605.0, 640.3499755859375, 672.2000122070312, 655.1500244140625, 601.1500244140625, 602.0999755859375, 594.2999877929688, 592.0999755859375, 594.4099731445312, 638.6199951171875, 623.739990234375, 640.5, 630.010009765625, 642.239990234375, 666.5399780273438, 734.0, 736.0, 651.469970703125, 697.6900024414062, 662.0999755859375, 629.0999755859375, 624.9000244140625, 632.9000244140625, 685.0, 668.75, 642.030029296875, 643.4000244140625, 644.0, 669.7999877929688, 654.2000122070312, 638.5999755859375, 625.969970703125, 600.3900146484375, 594.6900024414062, 621.0, 621.2000122070312, 619.6500244140625, 600.0, 606.1300048828125, 603.0, 606.6500244140625, 610.1199951171875, 615.5999755859375, 628.9400024414062, 646.9000244140625, 627.2000122070312, 694.0499877929688, 702.010009765625]
assets:[0, 99.99017500000001, 203.70159354248045, 295.5715917114258, 383.57, 506.0045507080078, 631.1958114624023, 715.1617666503905, 756.1866157104492, 857.3903652343749, 946.3038705627441, 1042.8064770019532, 1146.8546021850586, 1332.161309814453, 1401.1071400634767, 1538.7372, 1613.5186360107423, 1744.83760546875, 1910.836809008789, 2204.202, 2310.2304, 2144.8997315429688, 2397.0535413879397, 2374.753982434082, 2356.419778552246, 2440.672025354004, 2571.9158292114257, 2883.6445, 2915.215, 2898.7655822753904, 3004.9354740234376, 3107.7508000000003, 3332.2549392700193, 3354.672242596436, 3374.681570983887, 3407.9683114990235, 3368.728333190918, 3436.7729931091308, 3688.8021, 3790.003394476318, 3880.5582778930666, 3857.52, 3996.942478198242, 4076.2799999999997, 4200.9300890625, 4324.957609387207, 4463.7769829711915, 4660.508312091064, 4893.604614685059, 4844.55561428833, 5460.924113952637, 5623.521384228516]
shares:[0, 0.1579, 0.3101, 0.4687, 0.634, 0.7902, 0.939, 1.0916, 1.2579, 1.424, 1.5923, 1.7612, 1.9294, 2.086, 2.2463, 2.4024, 2.5611, 2.7168, 2.8668, 3.003, 3.1389, 3.2924, 3.4357, 3.5867, 3.7457, 3.9057, 4.0637, 4.2097, 4.3592, 4.515, 4.6704, 4.8257, 4.975, 5.1279, 5.2845, 5.4443, 5.6109, 5.7791, 5.9401, 6.1011, 6.2625, 6.4292, 6.5942, 6.76, 6.9248, 7.0887, 7.2511, 7.4101, 7.5647, 7.7241, 7.8682, 8.0106]
growth_rate:10.27
