ticker:ATRO
price:[8.829999923706055, 8.140000343322754, 9.0, 7.869999885559082, 8.050000190734863, 8.239999771118164, 7.739999771118164, 7.519999980926514, 6.400000095367432, 6.789999961853027, 8.710000038146973, 11.279999732971191, 12.300000190734863, 13.149999618530273, 11.680000305175781, 12.399999618530273, 13.079999923706055, 13.229999542236328, 13.140000343322754, 14.140000343322754, 14.670000076293945, 12.460000038146973, 14.079999923706055, 15.739999771118164, 16.600000381469727, 15.800000190734863, 15.770000457763672, 18.40999984741211, 18.780000686645508, 17.329999923706055, 18.239999771118164, 18.360000610351562, 17.360000610351562, 17.190000534057617, 17.40999984741211, 15.609999656677246, 16.09000015258789, 15.989999771118164, 16.959999084472656, 18.239999771118164, 19.229999542236328, 17.389999389648438, 17.549999237060547, 17.809999465942383, 18.43000030517578, 18.93000030517578, 17.420000076293945, 17.079999923706055, 15.5600004196167, 13.59000015258789, 13.140000343322754, 13.899999618530273]
assets:[0, 99.99990421772003, 210.5649, 284.1274578683853, 390.62625925540925, 499.8458021158218, 569.5153751586914, 653.3278223429203, 656.0236897755145, 795.9998435279846, 1121.0841379099845, 1551.874163262844, 1792.2035077915193, 2016.0553715160368, 1890.6860333999632, 2107.234855173683, 2322.7934744514464, 2449.4312212486266, 2532.767916176319, 2825.519912604332, 3031.4264197654725, 2674.7495821888924, 3122.510319080353, 3590.646523786926, 3886.8319893198013, 3799.5145258670805, 3892.3010489837648, 4643.896687509919, 4837.228628861618, 4563.74630090847, 4903.389826470565, 5035.648775402832, 4861.376522918702, 4913.770247660637, 5076.65671850624, 4651.787702689648, 4894.827441419602, 4964.405634939194, 5365.560286358642, 5870.5092703348155, 6289.138659289169, 5787.369189875793, 5940.616826747512, 6128.625631224631, 6441.974388670349, 6716.742708282471, 6280.963937508583, 6258.373296044731, 5801.421676450729, 5166.923494013977, 5095.832731144237, 5490.567959317589]
shares:[0, 12.285, 23.3961, 36.1026, 48.525, 60.6609, 73.5808, 86.8787, 102.5037, 117.2312, 128.7123, 137.5775, 145.7076, 153.3122, 161.8738, 169.9383, 177.5836, 185.1422, 192.7525, 199.8246, 206.6412, 214.6669, 221.7692, 228.1224, 234.1465, 240.4756, 246.8168, 252.2486, 257.5734, 263.3437, 268.8262, 274.2728, 280.0332, 285.8505, 291.5943, 298.0005, 304.2155, 310.4694, 316.3656, 321.8481, 327.0483, 332.7987, 338.4967, 344.1115, 349.5374, 354.82, 360.5605, 366.4153, 372.842, 380.2004, 387.8107, 395.0049]
growth_rate:7.66
