ticker:ATRS
price:[2.6700000762939453, 2.7699999809265137, 2.859999895095825, 2.690000057220459, 2.880000114440918, 3.299999952316284, 3.369999885559082, 2.9700000286102295, 2.7300000190734863, 2.8499999046325684, 2.8499999046325684, 2.880000114440918, 3.119999885559082, 3.3399999141693115, 3.430000066757202, 3.869999885559082, 3.7899999618530273, 3.990000009536743, 3.9800000190734863, 4.28000020980835, 4.559999942779541, 4.380000114440918, 4.679999828338623, 4.53000020980835, 4.829999923706055, 4.25, 4.150000095367432, 4.539999961853027, 4.340000152587891, 4.039999961853027, 4.130000114440918, 4.099999904632568, 4.010000228881836, 3.9600000381469727, 3.7899999618530273, 3.8299999237060547, 4.0, 4.079999923706055, 3.9700000286102295, 4.119999885559082, 4.449999809265137, 4.130000114440918, 4.340000152587891, 4.480000019073486, 4.429999828338623, 4.150000095367432, 4.349999904632568, 4.400000095367432, 4.099999904632568, 3.9100000858306885, 3.8299999237060547, 4.0]
assets:[0, 100.00004631142617, 203.24903854486945, 291.1677581935882, 411.73345636081694, 571.7777917380332, 683.906428775406, 702.730518769455, 745.9441132116318, 878.7327755956172, 978.7327172493935, 1089.0351792743684, 1279.7880730576514, 1470.0294862234593, 1609.6410643280267, 1916.1255663376808, 1976.515679106045, 2180.8174972125053, 2275.3516829042437, 2546.860776848745, 2813.4775566955086, 2802.4191192217827, 3094.3653424993518, 3095.1874223545556, 3400.1663522914887, 3091.8648000000003, 3119.11517167759, 3512.236586488724, 3457.5127675609588, 3318.5141446655275, 3492.4416717743875, 3567.0724870286463, 3588.771358839035, 3644.0233191031457, 3587.587812890339, 3725.4516497886657, 3990.8112, 4170.627330011368, 4158.1839849663975, 4415.293873356723, 4868.945931308364, 4618.819906985951, 4953.675306163787, 5213.4709981962205, 5255.284874359035, 5023.122765431881, 5365.200707375765, 5526.870039791679, 5250.03757788229, 5106.743196101093, 5102.257341362571, 5428.7284]
shares:[0, 36.1011, 71.0661, 108.2408, 142.963, 173.266, 202.9396, 236.6096, 273.2396, 308.3273, 343.415, 378.1372, 410.1885, 440.1286, 469.2831, 495.1229, 521.5081, 546.5708, 571.6964, 595.0609, 616.9907, 639.8217, 661.1892, 683.2643, 703.9682, 727.4976, 751.594, 773.6204, 796.6619, 821.4144, 845.6275, 870.0177, 894.9554, 920.2079, 946.5931, 972.7028, 997.7028, 1022.2126, 1047.4015, 1071.6733, 1094.1452, 1118.3583, 1141.3998, 1163.7212, 1186.2946, 1210.391, 1233.3795, 1256.1068, 1280.497, 1306.0724, 1332.1821, 1357.1821]
growth_rate:6.45
