ticker:ATSG
price:[25.040000915527344, 24.489999771118164, 25.09000015258789, 24.709999084472656, 25.5, 26.549999237060547, 27.479999542236328, 29.8799991607666, 28.040000915527344, 28.479999542236328, 28.6200008392334, 29.479999542236328, 30.8700008392334, 30.81999969482422, 30.350000381469727, 31.780000686645508, 31.229999542236328, 31.34000015258789, 28.170000076293945, 27.459999084472656, 27.450000762939453, 25.40999984741211, 27.729999542236328, 28.489999771118164, 28.829999923706055, 26.540000915527344, 28.360000610351562, 29.31999969482422, 31.209999084472656, 29.270000457763672, 29.709999084472656, 29.399999618530273, 29.90999984741211, 27.530000686645508, 26.31999969482422, 26.360000610351562, 25.270000457763672, 24.299999237060547, 24.84000015258789, 24.65999984741211, 25.1200008392334, 22.889999389648438, 23.18000030517578, 23.079999923706055, 22.920000076293945, 22.540000915527344, 22.889999389648438, 24.200000762939453, 26.860000610351562, 27.09000015258789, 27.329999923706055, 26.84000015258789]
assets:[0, 100.00001606540681, 202.45121123123172, 299.38387790756224, 408.95625, 525.796184890747, 644.2136292686463, 800.476213517189, 851.1822677917481, 964.5378404968261, 1069.2804373548508, 1201.410213344574, 1358.057772920227, 1455.8566535842897, 1533.6553242765426, 1705.9154788583755, 1776.3904809619903, 1882.647087166214, 1792.220476853943, 1847.0501564186097, 1946.3779890972137, 1901.7301265800477, 2175.3630040893554, 2334.9834012413025, 2462.8488714824675, 2367.222111660004, 2629.556272592163, 2818.566754663086, 3100.254622055817, 3007.5452330360413, 3152.756769846344, 3219.8614982217787, 3375.7173577785493, 3207.1046769906998, 3166.1459392890933, 3270.957119737244, 3235.7022626144408, 3211.497619169617, 3382.865228780365, 3458.3529026008605, 3622.8642970361707, 3401.2478993072514, 3544.3402646629334, 3629.0507200037, 3703.8926403291703, 3742.4854020118714, 3900.59781399231, 4223.8294131622315, 4788.101312802124, 4929.101379763794, 5072.770479838943, 5081.821212890625]
shares:[0, 4.0833, 8.069, 12.1159, 16.0375, 19.804, 23.443, 26.7897, 30.356, 33.8672, 37.3613, 40.7534, 43.9928, 47.2374, 50.5323, 53.6789, 56.8809, 60.0717, 63.6216, 67.2633, 70.9063, 74.8418, 78.448, 81.958, 85.4266, 89.1945, 92.7206, 96.1312, 99.3353, 102.7518, 106.1177, 109.5191, 112.8625, 116.4949, 120.2943, 124.0879, 128.0452, 132.1604, 136.1862, 140.2414, 144.2223, 148.591, 152.9051, 157.2379, 161.6009, 166.0375, 170.4062, 174.5384, 178.2614, 181.9528, 185.6118, 189.3376]
growth_rate:-0.36
