ticker:ATSPU
price:[9.930000305175781, 9.899999618530273, 9.869999885559082, 9.925000190734863, 9.949999809265137, 9.979999542236328, 10.0, 10.0, 10.0, 9.960000038146973, 9.925000190734863, 9.920000076293945, 9.970000267028809, 9.960000038146973, 9.970000267028809, 9.970000267028809, 9.989999771118164, 9.979999542236328, 10.0, 9.989999771118164, 9.899999618530273, 9.899999618530273, 9.880000114440918, 9.880000114440918, 9.859999656677246]
assets:[0, 99.9998961467743, 199.69674668455124, 300.8098832808495, 401.568062302208, 502.7784049385071, 603.786, 703.7860000000001, 803.7860000000001, 900.5712514492035, 997.4069391677856, 1096.904008436203, 1202.432879205036, 1301.2271929837227, 1402.5337755643843, 1502.53387524271, 1605.5478082151412, 1703.9402118434907, 1807.355, 1905.5475013418197, 1988.3802733831405, 2088.380169529915, 2184.161745299339, 2284.162166457653, 2379.538367145062]
shares:[0, 10.101, 20.2327, 30.3083, 40.3586, 50.3786, 60.3786, 70.3786, 80.3786, 90.4188, 100.4944, 110.575, 120.6051, 130.6453, 140.6754, 150.7055, 160.7155, 170.7355, 180.7355, 190.7455, 200.8465, 210.9475, 221.069, 231.1905, 241.3325]
growth_rate:-0.85
