ticker:ATVCU
price:[10.199999809265137, 10.300000190734863, 10.300000190734863, 10.0, 10.0600004196167, 10.239999771118164, 10.149999618530273, 10.100000381469727, 10.100000381469727, 9.989999771118164, 9.960000038146973, 9.973999977111816, 9.949999809265137, 9.949999809265137, 10.15999984741211, 10.180000305175781, 10.199999809265137, 10.050000190734863, 10.0, 10.0, 9.979999542236328, 9.989999771118164, 9.989999771118164, 9.9399995803833, 9.899999618530273, 9.850000381469727, 9.90999984741211]
assets:[0, 99.99961185178758, 199.99922370357515, 294.174, 395.9394845151901, 503.023604756546, 598.602317502594, 695.6536862743377, 795.6537900512697, 886.9881036781311, 984.3248917699814, 1085.708796108532, 1183.0967673208238, 1283.097250403881, 1410.1774988212585, 1512.9536813552857, 1615.925789783001, 1692.161747114849, 1783.743, 1883.743, 1979.9750231822966, 2081.9589093000413, 2181.958807008934, 2271.0384221282006, 2361.899338990593, 2449.970894882202, 2564.8942685073853]
shares:[0, 9.7087, 19.4174, 29.4174, 39.3578, 49.1234, 58.9756, 68.8766, 78.7776, 88.7876, 98.8278, 108.8539, 118.9042, 128.9545, 138.797, 148.6202, 158.4241, 168.3743, 178.3743, 188.3743, 198.3943, 208.4043, 218.4143, 228.4747, 238.5757, 248.728, 258.8188]
growth_rate:-1.35
