ticker:ATVI
price:[79.01000213623047, 77.97000122070312, 80.08999633789062, 80.9800033569336, 78.30000305175781, 78.20999908447266, 80.62000274658203, 81.04000091552734, 75.7300033569336, 78.80999755859375, 77.55000305175781, 76.80999755859375, 78.13999938964844, 80.87999725341797, 83.68000030517578, 90.37000274658203, 90.95999908447266, 92.8499984741211, 91.30000305175781, 90.69000244140625, 94.43000030517578, 91.0, 101.61000061035156, 103.80999755859375, 100.80000305175781, 95.61000061035156, 92.58000183105469, 93.04000091552734, 90.48999786376953, 92.4000015258789, 95.54000091552734, 95.77999877929688, 96.4800033569336, 93.0199966430664, 91.19000244140625, 94.80000305175781, 93.3499984741211, 95.37000274658203, 97.25, 96.83999633789062, 98.1500015258789, 91.48999786376953, 92.26000213623047, 94.2699966430664, 92.37999725341797, 91.80000305175781, 91.5, 83.62000274658203, 82.43000030517578, 83.8499984741211, 82.62999725341797, 82.43000030517578]
assets:[0, 99.99652656555176, 202.71578973083496, 304.97069264221193, 394.87474539031984, 494.42015121231077, 609.656522769928, 712.83595205307, 766.1301519607543, 897.2912272033692, 982.9462886810303, 1073.565654876709, 1192.1585286880493, 1333.9618827003478, 1480.1402133979796, 1698.4770906211852, 1809.5673177864076, 1947.1666030006409, 2014.6623873413087, 2101.2057355651855, 2287.8594903938297, 2304.757, 2673.481048059082, 2831.365778411865, 2849.2733662628175, 2802.56814289093, 2813.746963650513, 2927.7269248092653, 2947.4854554176327, 3109.7035713531495, 3315.381341770172, 3423.7135243652347, 3548.737131475067, 3521.4673149162295, 3552.1879981018064, 3792.8154020965576, 3834.7992673172, 4017.7760867088323, 4196.97935, 4279.281966174316, 4437.165268981934, 4236.078391090393, 4371.730975225068, 4566.975976371003, 4575.414979966736, 4646.686654472351, 4731.5016, 4424.024951311493, 4461.070401515961, 4637.919500600434, 4670.437493756866, 4759.1372826194765]
shares:[0, 1.2825, 2.5311, 3.766, 5.0431, 6.3217, 7.5621, 8.7961, 10.1166, 11.3855, 12.675, 13.9769, 15.2567, 16.4931, 17.6881, 18.7947, 19.8941, 20.9711, 22.0664, 23.1691, 24.2281, 25.327, 26.3112, 27.2745, 28.2666, 29.3125, 30.3926, 31.4674, 32.5725, 33.6548, 34.7015, 35.7456, 36.7821, 37.8571, 38.9537, 40.0086, 41.0798, 42.1283, 43.1566, 44.1892, 45.208, 46.301, 47.3849, 48.4457, 49.5282, 50.6175, 51.7104, 52.9063, 54.1195, 55.3121, 56.5223, 57.7355]
growth_rate:-6.68
