ticker:ATXI
price:[11.4399995803833, 11.5600004196167, 11.5, 10.920000076293945, 10.960000038146973, 11.039999961853027, 3.8399999141693115, 3.4600000381469727, 3.140000104904175, 3.0399999618530273, 3.2899999618530273, 3.359999895095825, 3.4100000858306885, 3.369999885559082, 3.6500000953674316, 6.289999961853027, 6.230000019073486, 5.949999809265137, 6.199999809265137, 6.230000019073486, 6.289999961853027, 5.920000076293945, 6.53000020980835, 6.96999979019165, 5.360000133514404, 4.699999809265137, 6.050000190734863, 6.840000152587891, 6.429999828338623, 5.880000114440918, 6.099999904632568, 6.860000133514404, 4.539999961853027, 4.800000190734863, 5.119999885559082, 4.519999980926514, 4.190000057220459, 4.639999866485596, 4.960000038146973, 4.590000152587891, 4.210000038146973, 2.4100000858306885, 2.569999933242798, 2.5299999713897705, 2.380000114440918, 1.9299999475479126, 1.9700000286102295, 1.7899999618530273, 1.7599999904632568, 1.7100000381469727, 1.6399999856948853, 1.6799999475479126]
assets:[0, 99.99978362989425, 199.4813, 289.4204060220718, 390.4806893590927, 493.331230295372, 271.59359392941, 344.71703580055237, 412.8355957924128, 499.687833729744, 640.7804615702629, 754.4140564460754, 865.6404567884207, 955.4862945528985, 1134.8740896520615, 2055.7147705327034, 2136.1056495398043, 2140.1006913963315, 2330.020688319969, 2441.295283474159, 2564.8072394452097, 2513.9363203983307, 2872.9735013083937, 3166.558029681444, 2535.114975148201, 2322.955165730095, 3090.1870324225424, 3593.6991441688538, 3478.2871881403444, 3280.7666438527103, 3503.5160352260114, 4040.020090629864, 2773.7157006940843, 3032.5628405032157, 3334.7337494628905, 3043.944719155169, 2921.709665900135, 3335.4968480222224, 3665.531292191315, 3492.094607089615, 3302.9887889285087, 1990.784667900586, 2222.952796257544, 2288.3543611223936, 2252.6812943188665, 1926.7540736361266, 2066.6868420144083, 1977.8524028496743, 2044.704100920558, 2086.615918548584, 2101.1988136720183, 2252.447497675252]
shares:[0, 8.6505, 17.3462, 26.5037, 35.6278, 44.6858, 70.7275, 99.6292, 131.4763, 164.371, 194.7661, 224.528, 253.8535, 283.5271, 310.9244, 326.8227, 342.8741, 359.6808, 375.8098, 391.8612, 407.7595, 424.6514, 439.9653, 454.3125, 472.9692, 494.2458, 510.7747, 525.3946, 540.9467, 557.9535, 574.3469, 588.9242, 610.9506, 631.7839, 651.3152, 673.4391, 697.3054, 718.8571, 739.0184, 760.8049, 784.5579, 826.0517, 864.9622, 904.4879, 946.5047, 998.3182, 1049.0796, 1104.9455, 1161.7637, 1220.2432, 1281.2188, 1340.7426]
growth_rate:-55.83
