ticker:ATY
price:[7.046000003814697, 14.258000373840332, 12.399999618530273, 11.229999542236328, 13.239999771118164, 12.890000343322754, 15.920000076293945, 14.699999809265137, 16.908000946044922, 11.619999885559082, 9.960000038146973, 10.59000015258789, 9.989999771118164, 8.90999984741211, 7.800000190734863, 8.59000015258789, 8.170000076293945, 8.550000190734863, 8.539999961853027, 7.730000019073486, 8.199999809265137, 8.229999542236328]
assets:[0, 99.99991142196656, 186.96843424816132, 269.32683302154544, 417.53266078205104, 506.49580649042133, 725.5555954771041, 769.9536500097275, 985.6045727470398, 777.35591434412, 766.3054709349632, 914.7769211807251, 962.9480659378052, 958.8451785793305, 939.3930229711533, 1134.5362961532594, 1179.06418201046, 1333.9043397569658, 1432.344165601921, 1396.4894354457856, 1581.398663216114, 1687.1844721565246]
shares:[0, 7.0136, 15.0781, 23.9828, 31.5357, 39.2937, 45.5751, 52.3778, 58.2922, 66.8981, 76.9383, 86.3812, 96.3912, 107.6145, 120.435, 132.0764, 144.3163, 156.0122, 167.7218, 180.6584, 192.8535, 205.0042]
growth_rate:-19.66
