ticker:AUB
price:[24.389999389648438, 22.049999237060547, 22.40999984741211, 20.469999313354492, 22.540000915527344, 24.3700008392334, 24.389999389648438, 26.600000381469727, 25.290000915527344, 24.8700008392334, 29.40999984741211, 29.81999969482422, 31.3700008392334, 31.959999084472656, 32.7400016784668, 32.540000915527344, 32.900001525878906, 32.939998626708984, 35.83000183105469, 36.47999954223633, 36.849998474121094, 32.84000015258789, 34.97999954223633, 35.5, 36.439998626708984, 36.72999954223633, 38.869998931884766, 41.22999954223633, 39.939998626708984, 39.5, 38.58000183105469, 38.93000030517578, 38.959999084472656, 39.150001525878906, 38.66999816894531, 40.7400016784668, 41.88999938964844, 42.02000045776367, 41.02000045776367, 40.41999816894531, 38.95000076293945, 35.52000045776367, 37.22999954223633, 36.20000076293945, 36.47999954223633, 35.400001525878906, 35.15999984741211, 35.470001220703125, 37.189998626708984, 37.66999816894531, 37.4900016784668, 37.97999954223633]
assets:[0, 99.99895153999329, 201.63173262710572, 284.1768124675751, 412.9147847717285, 546.4387808177947, 646.8861978118897, 805.5012115516663, 865.8310003440857, 951.4516221065521, 1225.1382456436158, 1342.2190602638245, 1511.986985449791, 1640.4236570083617, 1780.4602232780455, 1869.582498601532, 1990.2658523071289, 2092.684700754547, 2376.2887174377443, 2519.396320385742, 2644.949175478363, 2457.1282194168093, 2717.246364440918, 2857.6399499999998, 3033.3055696857455, 3157.4466616489412, 3441.4097734329225, 3750.354972360992, 3733.015935644531, 3791.8894000000005, 3803.571516522217, 3938.077077870941, 4041.110321037292, 4160.819097168732, 4209.805483662415, 4535.156616846085, 4763.173593598938, 4877.954783140182, 4861.866840256119, 4890.751064445496, 4812.884109273148, 4489.053177852631, 4805.164350917817, 4772.22438057785, 4909.135426398469, 4863.800909648895, 4930.8243146011355, 5074.299357632446, 5420.360481845856, 5590.31813626709, 5663.607055565642, 5837.632273640442]
shares:[0, 4.5351, 8.9974, 13.8826, 18.3192, 22.4226, 26.5226, 30.282, 34.2361, 38.257, 41.6572, 45.0107, 48.1985, 51.3274, 54.3818, 57.4549, 60.4944, 63.5302, 66.3212, 69.0624, 71.7761, 74.8212, 77.68, 80.4969, 83.2411, 85.9637, 88.5364, 90.9618, 93.4656, 95.9972, 98.5892, 101.1579, 103.7246, 106.2789, 108.8649, 111.3195, 113.7067, 116.0865, 118.5243, 120.9983, 123.5657, 126.381, 129.067, 131.8294, 134.5706, 137.3955, 140.2396, 143.0589, 145.7478, 148.4024, 151.0698, 153.7028]
growth_rate:14.46
