ticker:AUBAP
price:[26.329999923706055, 26.299999237060547, 26.399999618530273, 26.31999969482422, 26.31999969482422, 26.5, 26.549999237060547, 26.739999771118164, 26.670000076293945, 26.889999389648438, 26.90999984741211, 26.9950008392334, 27.0, 26.920000076293945, 26.760000228881836, 27.389999389648438, 27.600000381469727, 27.700000762939453, 27.149999618530273, 26.93000030517578, 27.219999313354492, 27.270000457763672, 27.420000076293945, 27.040000915527344, 26.8799991607666, 26.700000762939453, 27.15999984741211, 27.360000610351562, 27.450000762939453, 27.360000610351562, 27.579999923706055, 27.610000610351562, 27.959999084472656, 27.610000610351562, 27.639999389648438, 27.8799991607666, 27.559999465942383, 27.711000442504883, 27.780000686645508, 27.6200008392334, 27.75, 28.049999237060547, 27.881000518798828, 28.010000228881836, 28.3700008392334, 28.113000869750977, 28.350000381469727, 28.479999542236328, 28.350000381469727, 28.299999237060547, 27.9950008392334, 27.950000762939453]
assets:[0, 100.00048709907531, 200.38127710456848, 299.77426852416994, 399.7744753646851, 502.5089, 603.4575876590728, 707.7757059417725, 805.9220633054733, 912.5712872863769, 1013.2502972545624, 1116.4511462087632, 1216.6578, 1313.052615721321, 1405.2478920192718, 1538.331925720215, 1650.1267428070068, 1756.1052583683015, 1821.23554941082, 1906.4770556045532, 2027.008020867157, 2130.730577767182, 2242.451478239441, 2311.373870259094, 2397.695925140381, 2481.6395809116366, 2624.3947372558596, 2743.7210532073977, 2852.7468192886354, 2943.3943376617435, 3067.0614715156557, 3170.3983890853883, 3310.5869155975342, 3369.146217478943, 3472.805611312866, 3602.9601715450285, 3661.604993045425, 3781.6675794878006, 3891.083580176926, 3968.6737285881045, 4087.353, 4231.541539905166, 4306.047667925262, 4425.972176166535, 4582.85872856884, 4641.343991592407, 4780.470619324684, 4902.39048120308, 4980.012097009659, 5071.22968328476, 5116.57631588459, 5208.351277170182]
shares:[0, 3.8023, 7.5902, 11.3896, 15.189, 18.9626, 22.7291, 26.4688, 30.2183, 33.9372, 37.6533, 41.3577, 45.0614, 48.7761, 52.513, 56.164, 59.7872, 63.3973, 67.0805, 70.7938, 74.4676, 78.1346, 81.7816, 85.4798, 89.2, 92.9453, 96.6272, 100.2822, 103.9252, 107.5802, 111.206, 114.8279, 118.4044, 122.0263, 125.6442, 129.231, 132.8594, 136.4681, 140.0678, 143.6884, 147.292, 150.8571, 154.4438, 158.014, 161.5389, 165.096, 168.6233, 172.1345, 175.6618, 179.1954, 182.7675, 186.3453]
growth_rate:2.12
