ticker:AUBN
price:[42.38999938964844, 39.650001525878906, 40.0, 37.41999816894531, 36.75, 37.0, 37.79999923706055, 37.529998779296875, 37.15999984741211, 37.31999969482422, 39.09000015258789, 38.29999923706055, 40.97999954223633, 42.689998626708984, 42.95000076293945, 43.0, 42.54999923706055, 41.689998626708984, 42.27000045776367, 41.86000061035156, 41.849998474121094, 39.529998779296875, 39.650001525878906, 39.290000915527344, 39.29999923706055, 39.099998474121094, 46.68000030517578, 43.31999969482422, 40.79999923706055, 39.439998626708984, 38.900001525878906, 38.08000183105469, 37.04999923706055, 36.060001373291016, 35.5, 35.560001373291016, 37.86000061035156, 37.790000915527344, 38.20000076293945, 38.15999984741211, 36.900001525878906, 35.77000045776367, 35.790000915527344, 35.36000061035156, 34.65999984741211, 34.0, 34.29999923706055, 33.9900016784668, 34.369998931884766, 34.209999084472656, 34.400001525878906, 34.36000061035156]
assets:[0, 100.00126884841919, 200.88400000000001, 287.9281759109497, 382.7733, 485.3771, 595.871627973175, 691.6140765045166, 784.7969007774352, 888.174940737152, 1030.2990430217742, 1109.4782078990936, 1287.1121196224212, 1440.8216056503295, 1549.5973725261688, 1651.4021, 1734.120963906479, 1799.0735247375487, 1924.100831837082, 2005.4372812408449, 2104.9586682518006, 2088.2670575134275, 2194.6077594566345, 2274.682816004181, 2375.2605138885497, 2463.1708738746643, 3040.683871878815, 2921.8170154167174, 2851.8505866718297, 2856.7889725273135, 2917.675164447784, 2956.1733901458742, 2976.2153237133025, 2996.6906881244663, 3050.1529, 3155.306485854721, 3459.389407769775, 3552.993212077332, 3691.5411137283327, 3787.673816854477, 3762.6082855903624, 3747.383288956833, 3849.479444471741, 3903.2313473739623, 3925.962444716263, 3951.2046, 4086.0697291130064, 4149.139110889435, 4295.524659508133, 4375.527302902222, 4499.829799598694, 4594.598665615845]
shares:[0, 2.5221, 5.0221, 7.6945, 10.4156, 13.1183, 15.7638, 18.4283, 21.1194, 23.7989, 26.3571, 28.9681, 31.4083, 33.7508, 36.0791, 38.4047, 40.7549, 43.1536, 45.5193, 47.9082, 50.2977, 52.8274, 55.3495, 57.8947, 60.4392, 62.9967, 65.1389, 67.4473, 69.8983, 72.4338, 75.0045, 77.6306, 80.3297, 83.1029, 85.9198, 88.7319, 91.3732, 94.0194, 96.6372, 99.2577, 101.9677, 104.7633, 107.5574, 110.3855, 113.2707, 116.2119, 119.1274, 122.0694, 124.9789, 127.902, 130.809, 133.7194]
growth_rate:-9.91
