ticker:AUDC
price:[28.790000915527344, 30.350000381469727, 30.889999389648438, 31.530000686645508, 31.18000030517578, 34.029998779296875, 33.09000015258789, 31.670000076293945, 28.989999771118164, 28.860000610351562, 28.100000381469727, 26.81999969482422, 28.450000762939453, 28.34000015258789, 27.3700008392334, 27.81999969482422, 28.600000381469727, 27.549999237060547, 29.399999618530273, 30.719999313354492, 32.810001373291016, 30.0, 30.360000610351562, 30.850000381469727, 31.049999237060547, 28.489999771118164, 28.459999084472656, 29.3700008392334, 28.690000534057617, 27.469999313354492, 27.709999084472656, 30.940000534057617, 31.030000686645508, 30.260000228881836, 30.809999465942383, 31.649999618530273, 31.81999969482422, 33.13999938964844, 32.290000915527344, 33.130001068115234, 33.43000030517578, 33.68000030517578, 35.0099983215332, 33.25, 33.099998474121094, 31.940000534057617, 32.290000915527344, 32.7599983215332, 32.11000061035156, 32.650001525878906, 32.65999984741211, 32.70000076293945]
assets:[0, 100.00021625690461, 201.7796540130615, 305.96082066307065, 402.5649839401245, 539.3618686523438, 624.4645558795929, 697.6679326807022, 738.6304061683654, 835.3180856658936, 913.3202623987197, 971.7180909431457, 1130.7737303237916, 1226.40217060318, 1284.4248733837128, 1405.5414985816956, 1544.9491406066893, 1588.2299060173034, 1794.8817367111208, 1975.4679878448485, 2209.8684274959564, 2120.6040000000003, 2246.0510611541745, 2382.301814457893, 2497.7457736270903, 2391.8124037847515, 2489.293663922119, 2668.887220262146, 2707.0937733919145, 2691.9775227108003, 2815.496624977112, 3243.684681989479, 3353.1204921993253, 3369.9140034894945, 3531.1648487911225, 3727.4394450740815, 3847.4611691001896, 4107.066636358642, 4101.7245492973325, 4308.427431904221, 4447.440322599792, 4580.698961505889, 4861.586394923401, 4717.187475, 4795.905118913269, 4727.832341052437, 4879.63910635376, 5050.66463322792, 5050.453555999756, 5235.388564672852, 5336.990171065521, 5443.526617005539]
shares:[0, 3.2949, 6.5322, 9.7038, 12.911, 15.8496, 18.8717, 22.0293, 25.4788, 28.9438, 32.5025, 36.2311, 39.746, 43.2746, 46.9282, 50.5227, 54.0192, 57.649, 61.0504, 64.3056, 67.3535, 70.6868, 73.9806, 77.2221, 80.4427, 83.9527, 87.4664, 90.8712, 94.3567, 97.997, 101.6058, 104.8379, 108.0606, 111.3653, 114.611, 117.7706, 120.9133, 123.9308, 127.0277, 130.0461, 133.0374, 136.0065, 138.8628, 141.8703, 144.8914, 148.0223, 151.1192, 154.1717, 157.286, 160.3488, 163.4106, 166.4687]
growth_rate:6.74
