ticker:AUID
price:[3.7500369548797607, 3.6900360584259033, 3.33003306388855, 3.000030040740967, 2.7330269813537598, 2.400023937225342, 2.8500280380249023, 2.9475290775299072, 3.000030040740967, 3.7500369548797607, 4.800047874450684, 4.560044765472412, 5.100050926208496, 4.500044822692871, 4.050039768218994, 4.077040195465088, 4.200041770935059, 4.080039978027344, 5.370052814483643, 6.675065994262695, 6.600066184997559, 8.799086570739746, 9.000089645385742, 8.70008659362793, 9.000089645385742, 8.400083541870117, 8.400083541870117, 8.625085830688477, 8.58758544921875, 8.580084800720215, 8.325082778930664, 8.400083541870117, 8.397083282470703, 7.050069808959961, 7.500074863433838, 7.500074863433838, 8.115080833435059, 7.650075912475586, 7.7685770988464355, 7.950078964233398, 8.100081443786621, 9.300000190734863, 12.5, 11.5, 11.029500007629395, 9.649999618530273, 10.170000076293945, 9.850000381469727, 9.260000228881836, 10.239999771118164, 6.809999942779541, 9.5]
assets:[0, 99.99997718334198, 190.24378993003367, 271.39081756653786, 347.23709064035415, 404.92843865275387, 580.8525293148995, 700.7237511767864, 813.2049430114747, 1116.506002650261, 1529.1277311291694, 1552.6710744060995, 1836.5400686448097, 1720.476486804676, 1648.4285562775613, 1759.4181570715905, 1912.4986804913522, 1957.8557359321594, 2676.88379615922, 3427.4114257308956, 3488.901906461907, 4751.339565554619, 4959.87740285492, 4894.547786371421, 5163.325329297829, 4919.103202261163, 5019.102836793709, 5253.543229506684, 5330.701588433838, 5426.0456279754635, 5364.782411227989, 5513.1134299077985, 5611.144335262299, 4811.036023311424, 5218.123835702562, 5318.1238338716985, 5854.209575143052, 5618.755845481491, 5805.791714783191, 6041.435931618691, 6255.426406356907, 7282.0842893491745, 9887.747500000001, 9196.72825, 8920.462178120519, 7904.747007521058, 8430.702255245973, 8265.429835102654, 7870.342734533309, 8803.272507231522, 5954.520258967638, 8406.599400000001]
shares:[0, 27.1, 57.1297, 90.4627, 127.0522, 168.7185, 203.8059, 237.7326, 271.0656, 297.732, 318.5651, 340.4947, 360.1023, 382.3243, 407.0154, 431.543, 455.3523, 479.8619, 498.4837, 513.4648, 528.6162, 539.981, 551.092, 562.5861, 573.6971, 585.6017, 597.5063, 609.1004, 620.7451, 632.4, 644.4119, 656.3165, 668.2254, 682.4097, 695.7429, 709.0761, 721.3988, 734.4706, 747.343, 759.9215, 772.2671, 783.0198, 791.0198, 799.7155, 808.7821, 819.1448, 828.9776, 839.1299, 849.929, 859.6946, 874.3789, 884.9052]
growth_rate:64.84
