ticker:AUPH
price:[13.710000038146973, 14.510000228881836, 15.550000190734863, 14.25, 14.039999961853027, 15.680000305175781, 15.489999771118164, 15.65999984741211, 15.680000305175781, 13.770000457763672, 13.399999618530273, 14.430000305175781, 14.579999923706055, 14.920000076293945, 14.5, 13.029999732971191, 14.180000305175781, 13.829999923706055, 13.399999618530273, 13.3100004196167, 14.859999656677246, 16.709999084472656, 15.520000457763672, 15.760000228881836, 15.949999809265137, 14.0, 13.09000015258789, 13.760000228881836, 13.640000343322754, 12.520000457763672, 13.140000343322754, 12.800000190734863, 12.350000381469727, 12.489999771118164, 13.270000457763672, 10.145000457763672, 11.920000076293945, 13.039999961853027, 14.520000457763672, 12.479999542236328, 12.859999656677246, 13.0, 14.300000190734863, 12.729999542236328, 12.579999923706055, 11.25, 11.350000381469727, 13.5600004196167, 14.420000076293945, 15.170000076293945, 13.640000343322754, 17.700000762939453]
assets:[0, 100.00001957740784, 207.16798754110334, 289.84785, 385.5763069523812, 530.6159143272399, 624.1865797769547, 731.0369808769226, 831.9714081924438, 830.6284596130371, 908.3095941423417, 1078.1273718009948, 1189.3343337764738, 1317.0689747348786, 1379.994, 1340.091170536995, 1558.365017538452, 1619.9009760637282, 1669.5354324718476, 1758.32159843359, 2063.085080334854, 2419.9286994140625, 2347.5940692424774, 2483.89738807354, 2613.8429037428855, 2394.2828, 2338.6541912612915, 2558.355562555313, 2636.044642350006, 2519.595004122925, 2744.3665977049827, 2773.3555613262174, 2775.855245741272, 2907.322226722717, 3188.8846160041808, 2537.9230250164032, 3081.96608372612, 3471.546605844402, 3965.5573250198368, 3508.4124153121948, 3715.2384688144684, 3855.6843, 4341.2526879040715, 3964.625965434265, 4017.9098216325756, 3693.123, 3825.951198588943, 4670.9157125423435, 5067.153418809509, 5430.702259312439, 4982.978565423012, 6566.1816730281835]
shares:[0, 6.8918, 13.3227, 20.3402, 27.4627, 33.8403, 40.2961, 46.6818, 53.0594, 60.3216, 67.7843, 74.7143, 81.573, 88.2754, 95.172, 102.8466, 109.8988, 117.1295, 124.5922, 132.1053, 138.8348, 144.8192, 151.2625, 157.6077, 163.8773, 171.0202, 178.6596, 185.927, 193.2584, 201.2456, 208.8559, 216.6684, 224.7656, 232.772, 240.3078, 250.1649, 258.5542, 266.2229, 273.11, 281.1228, 288.8988, 296.5911, 303.5841, 311.4396, 319.3887, 328.2776, 337.0882, 344.4628, 351.3976, 357.9896, 365.321, 370.9707]
growth_rate:28.75
