ticker:AURCU
price:[10.0, 10.005000114440918, 10.0, 10.149999618530273, 10.300000190734863, 10.34000015258789, 10.536999702453613, 10.140000343322754, 10.199999809265137, 10.4399995803833, 10.199999809265137, 10.175000190734863, 10.229999542236328, 10.270000457763672, 10.062999725341797, 10.350000381469727, 10.390000343322754, 10.399999618530273, 10.345000267028809, 10.25, 10.4399995803833, 10.279999732971191, 10.25, 10.25, 10.199999809265137, 10.380000114440918]
assets:[0, 99.99997614383696, 199.95000000000002, 302.9490686141968, 407.4257775446892, 509.00822151145934, 618.7062800288201, 695.3951395448686, 799.5096450495721, 918.3211550897598, 997.2101213526726, 1094.7659180218695, 1200.6837932727813, 1305.3786781845092, 1379.067696559906, 1518.3988759635924, 1624.2666756715776, 1725.83001669693, 1816.7030833933832, 1900.0199499999999, 2035.2392901972771, 2104.0476373461725, 2197.9075000000003, 2297.907525, 2386.6979553699493, 2528.8161098805426]
shares:[0, 9.995, 19.995, 29.8472, 39.5559, 49.2271, 58.7175, 68.5794, 78.3833, 87.9618, 97.7657, 107.5937, 117.3689, 127.106, 137.0434, 146.7052, 156.3298, 165.9452, 175.6117, 185.3678, 194.9463, 204.6739, 214.43, 224.1861, 233.99, 243.6239]
growth_rate:1.15
