ticker:AUTL
price:[12.359999656677246, 12.649999618530273, 14.279999732971191, 12.770000457763672, 11.09000015258789, 12.350000381469727, 12.25, 12.010000228881836, 10.8100004196167, 10.949999809265137, 10.970000267028809, 10.890000343322754, 9.609999656677246, 10.5, 8.899999618530273, 8.619999885559082, 8.899999618530273, 8.9399995803833, 9.279999732971191, 9.020000457763672, 8.770000457763672, 7.349999904632568, 8.069999694824219, 7.289999961853027, 7.150000095367432, 6.440000057220459, 6.190000057220459, 6.699999809265137, 6.900000095367432, 6.010000228881836, 5.909999847412109, 5.599999904632568, 5.289999961853027, 5.429999828338623, 5.820000171661377, 5.369999885559082, 6.170000076293945, 6.730000019073486, 6.630000114440918, 6.349999904632568, 7.730000019073486, 7.570000171661377, 6.949999809265137, 6.730000019073486, 7.0, 6.03000020980835, 5.519999980926514, 5.320000171661377, 6.070000171661377, 5.909999847412109, 5.639999866485596, 6.789999961853027]
assets:[0, 99.99951198444367, 212.88480801916123, 290.3744864089966, 352.1729358455658, 492.1858002027511, 588.2008999999999, 676.6770408958434, 709.065762524128, 818.2485907471656, 919.7434713881493, 1013.0357479373932, 993.9641864900589, 1186.0169999999998, 1105.2909526252747, 1170.5175424599647, 1308.5393539136887, 1414.420577611351, 1568.213234875202, 1624.276582431793, 1679.2577626514435, 1507.3592954417704, 1755.0191486320496, 1685.388942180729, 1753.0220083819866, 1678.9460109177112, 1713.7696058421134, 1954.968824346161, 2113.3265092090605, 1940.7378549100874, 2008.446074144745, 2003.0958858874797, 1992.210282633877, 2144.934097191095, 2398.990102758408, 2313.501202696609, 2758.1572411054613, 3108.4921158097745, 3162.303861584759, 3128.752268010855, 3908.7015646445752, 3927.7967840688234, 3706.1012982902525, 3688.785694454384, 3936.7754999999997, 3491.25072747488, 3295.9704606112955, 3276.5513977250575, 3838.471440553093, 3837.292571926498, 3761.9848149434088, 4629.05599299345]
shares:[0, 7.9051, 14.9079, 22.7388, 31.7559, 39.8531, 48.0164, 56.3428, 65.5935, 74.7259, 83.8417, 93.0244, 103.4302, 112.954, 124.19, 135.7909, 147.0269, 158.2126, 168.9885, 180.075, 191.4775, 205.0829, 217.4745, 231.1919, 245.1779, 260.7059, 276.861, 291.7864, 306.2792, 322.9181, 339.8386, 357.6957, 376.5993, 395.0155, 412.1976, 430.8196, 447.0271, 461.8859, 476.9689, 492.7169, 505.6535, 518.8635, 533.252, 548.1108, 562.3965, 578.9802, 597.0961, 615.8931, 632.3676, 649.2881, 667.0186, 681.7461]
growth_rate:-9.23
