ticker:AUTO
price:[4.25, 3.609999895095825, 3.5899999141693115, 2.950000047683716, 3.140000104904175, 3.740000009536743, 4.21999979019165, 3.8399999141693115, 3.0899999141693115, 2.319999933242798, 2.369999885559082, 2.609999895095825, 3.299999952316284, 2.8299999237060547, 2.7200000286102295, 2.9000000953674316, 2.740000009536743, 2.4700000286102295, 2.7899999618530273, 2.5899999141693115, 3.3499999046325684, 2.9800000190734863, 3.2699999809265137, 3.4700000286102295, 3.0399999618530273, 2.569999933242798, 2.4200000762939453, 2.930000066757202, 3.0799999237060547, 2.680000066757202, 2.7799999713897705, 2.940000057220459, 2.569999933242798, 2.640000104904175, 2.5999999046325684, 2.509999990463257, 2.6500000953674316, 2.7699999809265137, 2.859999895095825, 2.7899999618530273, 2.859999895095825, 2.809999942779541, 3.059999942779541, 3.069999933242798, 2.9700000286102295, 3.119999885559082, 3.0, 2.9600000381469727, 2.9200000762939453, 2.559999942779541, 2.5299999713897705, 2.5999999046325684]
assets:[0, 99.99988509407044, 199.44603523159026, 263.8901892655134, 380.8864087250233, 553.6673574118138, 724.7263059683322, 759.4667350245953, 711.1335072468996, 633.9253657590151, 747.5875499010085, 923.2926828899384, 1267.3814816868305, 1186.875649003029, 1240.7427010507106, 1422.8508267909049, 1444.3488090271471, 1402.02240423975, 1683.660909979725, 1662.9682378904583, 2250.943325920391, 2102.331605455971, 2406.920763960743, 2654.132927883387, 2425.234449567318, 2150.2803941452503, 2124.777732986641, 2672.5614708917137, 2909.381787932396, 2631.5400375500917, 2829.7316688779592, 3092.5939981903557, 2803.3898511803627, 2979.746998404503, 3034.598988691568, 3029.555179489207, 3298.5343537066938, 3547.901845570087, 3763.1764219675065, 3771.070805439091, 3965.685292539525, 3996.3552236216065, 4451.902728751659, 4566.451445702434, 4517.707138519406, 4845.873998254395, 4759.4943, 4796.034485808849, 4831.223346230507, 4335.592863091945, 4384.785201415134, 4606.103151049137]
shares:[0, 27.7008, 55.556, 89.4543, 121.3014, 148.0394, 171.7361, 197.7778, 230.1403, 273.2437, 315.4378, 353.752, 384.055, 419.3907, 456.1554, 490.6382, 527.1346, 567.6204, 603.4627, 642.0727, 671.9234, 705.4804, 736.0614, 764.8798, 797.7745, 836.685, 878.0073, 912.137, 944.6045, 981.9179, 1017.8891, 1051.9027, 1090.8132, 1128.692, 1167.1535, 1206.9941, 1244.7299, 1280.831, 1315.796, 1351.6383, 1386.6033, 1422.1905, 1454.8702, 1487.4435, 1521.1135, 1553.1648, 1586.4981, 1620.2819, 1654.5285, 1693.591, 1733.1167, 1771.5782]
growth_rate:-9.68
