ticker:AUUD
price:[3.069999933242798, 3.4700000286102295, 2.9600000381469727, 3.134000062942505, 3.309999942779541, 3.119999885559082, 3.2100000381469727, 3.049999952316284, 2.640000104904175, 2.3320000171661377, 2.819999933242798, 2.6700000762939453, 2.4700000286102295, 2.299999952316284, 2.2699999809265137, 2.4600000381469727, 3.049999952316284, 2.549999952316284, 4.099999904632568, 7.420000076293945, 5.369999885559082, 3.7899999618530273, 3.109999895095825, 3.2300000190734863, 3.180000066757202, 2.9000000953674316, 2.7799999713897705, 3.009999990463257, 2.9100000858306885]
assets:[0, 99.99984882450104, 185.30251438808443, 296.195286148715, 412.82915086336135, 489.13205405874254, 603.2415041687966, 673.1734194756032, 682.6813231273175, 703.035041175127, 950.153857507229, 999.6138525634766, 1024.7363218696116, 1054.2079681441069, 1140.4575244174005, 1335.914336715889, 1756.3165475417375, 1568.3958306717873, 2621.734279017544, 4844.699839814186, 3606.2046281476023, 2645.1611163760185, 2270.5673834109307, 2458.1779485157967, 2520.1255669045686, 2398.2278688664915, 2398.9906893109082, 2697.4683804534675, 2707.851691868305]
shares:[0, 28.8184, 62.6022, 94.5103, 124.7218, 156.7731, 187.9257, 220.7126, 258.5914, 301.473, 336.934, 374.3872, 414.873, 458.3513, 502.4042, 543.0546, 575.8415, 615.0572, 639.4474, 652.9245, 671.5465, 697.9317, 730.086, 761.0458, 792.4923, 826.9751, 862.9463, 896.1689, 930.5332]
growth_rate:-3.29
