ticker:AUVI
price:[5.699999809265137, 5.960000038146973, 6.199999809265137, 7.400000095367432, 7.099999904632568, 6.619999885559082, 7.139999866485596, 6.75, 6.460000038146973, 6.309999942779541, 5.159999847412109, 5.099999904632568, 5.079999923706055, 5.239999771118164, 5.119999885559082, 4.840000152587891, 5.039999961853027, 4.590000152587891, 5.090000152587891, 4.869999885559082, 5.230000019073486, 4.900000095367432, 5.210000038146973, 13.239999771118164, 10.859999656677246, 10.59000015258789, 9.170000076293945, 9.229999542236328, 10.09000015258789, 10.199999809265137, 9.979999542236328, 10.770000457763672, 9.40999984741211, 9.470000267028809, 9.420000076293945, 10.5600004196167, 8.130000114440918, 7.800000190734863, 8.25, 9.529999732971191, 9.34000015258789, 10.220000267028809, 10.739999771118164, 9.640000343322754, 9.260000228881836, 9.09000015258789, 8.489999771118164, 8.300000190734863, 7.889999866485596, 7.420000076293945, 6.75, 6.599999904632568]
assets:[0, 99.999860640049, 204.0264937233925, 343.5154044270515, 429.58904422974587, 500.54613534698484, 639.8639400348663, 704.9133, 774.6282945742607, 856.6418062317848, 800.5182483276367, 891.2096833348274, 987.7145451660156, 1118.823791130066, 1193.202149329853, 1227.9491787128447, 1378.6909815649033, 1355.593662064743, 1603.2619910625458, 1633.9658036031722, 1854.7520397641658, 1837.722005767107, 2053.9862470390317, 5319.727312037086, 4463.462030894279, 4452.492493154526, 3955.4630269092563, 4081.343349584961, 4561.620456983948, 4711.35033190012, 4709.732441973496, 5182.547914276886, 4628.1126969528195, 4757.623017152309, 4832.503371139144, 5517.328827238941, 4347.715933200074, 4271.240324445439, 4617.657825, 5434.09447673769, 5425.754594640732, 6036.960289734077, 6444.124446668244, 5884.111609559059, 5752.164908177757, 5746.563564463806, 5467.2525146083835, 5444.899725124359, 5275.934817720747, 5061.652480044937, 4704.60285, 4700.055952086019]
shares:[0, 16.7785, 32.9075, 46.421, 60.5055, 75.6112, 89.6168, 104.4316, 119.9115, 135.7594, 155.1392, 174.747, 194.432, 213.516, 233.0473, 253.7085, 273.5498, 295.3363, 314.9827, 335.5166, 354.6371, 375.0453, 394.2392, 401.7921, 411.0002, 420.4431, 431.3482, 442.1824, 452.0932, 461.8971, 471.9171, 481.2022, 491.8292, 502.3889, 513.0046, 522.4743, 534.7744, 547.5949, 559.7161, 570.2093, 580.9159, 590.7006, 600.0116, 610.385, 621.1841, 632.1852, 643.9638, 656.012, 668.6863, 682.1634, 696.9782, 712.1297]
growth_rate:-7.84
