ticker:AVAV
price:[71.87000274658203, 63.95000076293945, 63.41999816894531, 61.720001220703125, 62.970001220703125, 71.13999938964844, 75.0, 77.51000213623047, 76.36000061035156, 76.69999694824219, 81.22000122070312, 83.30000305175781, 86.66000366210938, 90.47000122070312, 83.9000015258789, 86.12999725341797, 88.97000122070312, 86.9000015258789, 92.69000244140625, 116.63999938964844, 133.25, 114.7699966430664, 122.66999816894531, 136.58999633789062, 127.30000305175781, 110.08000183105469, 105.41999816894531, 121.68000030517578, 119.45999908447266, 118.80999755859375, 119.3499984741211, 113.18000030517578, 108.4000015258789, 111.45999908447266, 110.37000274658203, 109.44999694824219, 107.27999877929688, 108.05999755859375, 109.62999725341797, 111.33999633789062, 112.48999786376953, 109.80999755859375, 111.61000061035156, 97.69000244140625, 99.33999633789062, 94.16000366210938, 96.4000015258789, 101.0999984741211, 104.98999786376953, 100.87000274658203, 99.51000213623047, 103.44000244140625]
assets:[0, 99.99861619300843, 199.17050424957276, 293.83040981140135, 399.78394375, 551.6551252670288, 681.5849999999999, 804.3988021697999, 892.4651431335449, 996.4403403533936, 1155.1595893615722, 1284.744277067566, 1436.5628807067872, 1599.717702584839, 1583.5454087997434, 1725.6317209716797, 1882.5340498291014, 1938.7303440422056, 2167.9079291015623, 2828.065089201355, 3330.79695, 2968.8587961631774, 3273.2158281417846, 3744.642067602539, 3589.9491960617065, 3204.329781300354, 3168.6826789627075, 3757.4175694236756, 3788.8650069625855, 3868.251543511963, 3985.8364190414427, 3879.776456461334, 3815.918533714294, 4023.6390909500124, 4084.286099638367, 4150.245379280091, 4167.956688574219, 4298.25929888916, 4460.713032244873, 4630.2852937042235, 4778.113900261688, 4764.282440075684, 4942.381013027954, 4425.962788610839, 4600.713382397461, 4460.811341491699, 4666.9265138710025, 4994.461244619752, 5286.634855432892, 5179.18037802353, 5209.348611831665, 5515.079578167724]
shares:[0, 1.5637, 3.1405, 4.7607, 6.3488, 7.7545, 9.0878, 10.378, 11.6876, 12.9914, 14.2226, 15.4231, 16.577, 17.6823, 18.8742, 20.0352, 21.1592, 22.3099, 23.3888, 24.2461, 24.9966, 25.8679, 26.6831, 27.4152, 28.2007, 29.1091, 30.0577, 30.8795, 31.7166, 32.5583, 33.3962, 34.2797, 35.2022, 36.0994, 37.0054, 37.9191, 38.8512, 39.7766, 40.6888, 41.5869, 42.4759, 43.3866, 44.2826, 45.3062, 46.3128, 47.3748, 48.4121, 49.4012, 50.3537, 51.3451, 52.35, 53.3167]
growth_rate:8.14
