ticker:AVCO
price:[1.1950000524520874, 1.2799999713897705, 1.2999999523162842, 1.2000000476837158, 1.1699999570846558, 1.2200000286102295, 1.159999966621399, 1.149999976158142, 1.1200000047683716, 1.1399999856948853, 1.2100000381469727, 1.2000000476837158, 1.2599999904632568, 1.2200000286102295, 1.2000000476837158, 1.1699999570846558, 1.190000057220459, 1.1200000047683716, 1.159999966621399, 1.1299999952316284, 1.2400000095367432, 1.2400000095367432, 1.3200000524520874, 1.409999966621399, 1.4299999475479126, 1.2000000476837158, 1.159999966621399, 1.2300000190734863, 1.2799999713897705, 1.149999976158142, 1.1299999952316284, 1.100000023841858, 0.9490000009536743, 1.0399999618530273, 1.0199999809265137, 0.925000011920929, 1.0199999809265137, 1.0800000429153442, 1.1399999856948853, 1.1799999475479126, 1.2400000095367432, 1.0499999523162842, 1.0199999809265137, 0.9729999899864197, 0.9399999976158142, 0.8730000257492065, 0.8849999904632568, 0.9819999933242798, 1.0099999904632568, 1.159999966621399, 0.9919999837875366, 1.090000033378601]
assets:[0, 99.99999776482582, 201.56252260673045, 286.05769136691094, 378.90624110180136, 495.0988256105661, 570.7496795768737, 665.829401195991, 748.4599391865491, 861.8252831855178, 1014.7443889912605, 1106.3580439627171, 1261.675916450572, 1321.6227369933843, 1399.956775629282, 1464.9577652656674, 1589.9998934542177, 1596.4704067969324, 1753.4871535440086, 1808.1384173700212, 2084.15196402905, 2184.1520127981426, 2425.0651563634274, 2690.4103613105417, 2828.5722142485856, 2473.627178293109, 2491.172776317358, 2741.5022705121996, 2952.945341996527, 2753.036807923901, 2805.1579791628005, 2830.6848413534403, 2542.1089836546303, 2885.872702146816, 2930.375183203459, 2757.4481605365872, 3140.6454252715107, 3425.3894801127435, 3715.688707374251, 3946.063666593826, 4246.7112366611245, 3696.0052921530723, 3690.40521899128, 3620.3571416412774, 3597.5701528752384, 3441.1476768969296, 3588.448578330946, 4081.7587826518534, 4298.142930415558, 5036.48089507699, 4407.059623974502, 4942.434675350047]
shares:[0, 78.125, 155.0481, 238.3814, 323.8515, 405.8187, 492.0256, 578.9821, 668.2678, 755.9871, 838.6317, 921.965, 1001.3301, 1083.2973, 1166.6306, 1252.1007, 1336.1343, 1425.42, 1511.6269, 1600.1225, 1680.7677, 1761.4129, 1837.1705, 1908.0925, 1978.0226, 2061.3559, 2147.5628, 2228.8636, 2306.9886, 2393.9451, 2482.4407, 2573.3498, 2678.7239, 2774.8777, 2872.9169, 2981.025, 3079.0642, 3171.6568, 3259.3761, 3344.1219, 3424.7671, 3520.0052, 3618.0444, 3720.8193, 3827.2023, 3941.7498, 4054.7442, 4156.5772, 4255.5871, 4341.794, 4442.6005, 4534.3436]
growth_rate:-3.09
