ticker:AVCT
price:[4.96999979019165, 4.090000152587891, 4.159999847412109, 4.0, 4.360000133514404, 4.150000095367432, 4.179999828338623, 4.369999885559082, 3.9000000953674316, 4.139999866485596, 3.9800000190734863, 4.489999771118164, 4.920000076293945, 5.170000076293945, 5.139999866485596, 5.190000057220459, 6.869999885559082, 7.199999809265137, 7.730000019073486, 8.90999984741211, 9.079999923706055, 8.09000015258789, 8.0600004196167, 7.815000057220459, 7.860000133514404, 6.71999979019165, 5.320000171661377, 6.260000228881836, 5.860000133514404, 6.039999961853027, 5.710000038146973, 7.630000114440918, 7.079999923706055, 6.900000095367432, 7.070000171661377, 6.519999980926514, 5.860000133514404, 6.050000190734863, 5.940000057220459, 6.050000190734863, 6.160999774932861, 5.840000152587891, 6.25, 5.820000171661377, 6.139999866485596, 5.730000019073486, 5.309999942779541, 4.650000095367432, 4.500999927520752, 4.460000038146973, 4.409999847412109, 4.239999771118164]
assets:[0, 100.00009473075866, 201.71173660125731, 293.9536, 420.4095248740196, 500.16050149374007, 603.775895204544, 731.2202818509102, 752.5763884028912, 898.8887770109653, 964.1490346205235, 1187.695637456131, 1401.4393897319792, 1572.6509492076873, 1663.5254907889844, 1779.7075906215193, 2455.7975620911598, 2673.761689169502, 2970.580259329796, 3524.0448266490935, 3691.2823809843067, 3388.8185459175106, 3476.2515829792974, 3470.5836944111825, 3590.5675329914093, 3169.7983650341985, 2609.423908198738, 3170.4872919212344, 3067.8999338991166, 3262.1357273972512, 3183.906299270821, 4354.502105312347, 4140.612639380836, 4135.3432471560955, 4337.228763309002, 4099.820324006462, 3784.8076622331614, 4007.5231513428685, 4034.658908866167, 4209.374752706528, 4386.60411525321, 4258.053903254699, 4656.992499999999, 4436.591368857622, 4780.527146047353, 4561.3063501832485, 4326.969742372656, 3889.1545247631548, 3864.534232369709, 3929.331839608097, 3985.2807001075744, 3931.6529957632065]
shares:[0, 24.4499, 48.4884, 73.4884, 96.4242, 120.5206, 144.444, 167.3273, 192.9683, 217.1229, 242.2485, 264.5202, 284.8454, 304.1878, 323.6431, 342.9109, 357.4669, 371.3558, 384.2924, 395.5157, 406.5289, 418.8898, 431.2967, 444.0926, 456.8152, 471.6962, 490.4932, 506.4676, 523.5324, 540.0887, 557.6018, 570.708, 584.8323, 599.3251, 613.4694, 628.8068, 645.8716, 662.4005, 679.2355, 695.7644, 711.9955, 729.1188, 745.1188, 762.3009, 778.5875, 796.0395, 814.8719, 836.3773, 858.5946, 881.0161, 903.6918, 927.2767]
growth_rate:-22.91
