ticker:AVDL
price:[6.409999847412109, 5.300000190734863, 5.880000114440918, 5.230000019073486, 5.119999885559082, 5.619999885559082, 5.460000038146973, 5.340000152587891, 5.039999961853027, 5.400000095367432, 6.449999809265137, 6.949999809265137, 7.46999979019165, 6.980000019073486, 7.179999828338623, 7.159999847412109, 6.900000095367432, 6.679999828338623, 6.840000152587891, 6.670000076293945, 6.75, 7.300000190734863, 8.680000305175781, 8.989999771118164, 9.109999656677246, 8.039999961853027, 7.71999979019165, 9.770000457763672, 9.149999618530273, 8.880000114440918, 9.050000190734863, 8.779999732971191, 8.619999885559082, 8.319999694824219, 7.5, 8.170000076293945, 7.670000076293945, 7.920000076293945, 7.690000057220459, 7.829999923706055, 7.679999828338623, 7.849999904632568, 7.25, 7.25, 7.010000228881836, 6.639999866485596, 7.610000133514404, 7.769999980926514, 7.900000095367432, 8.069999694824219, 7.789999961853027, 8.260000228881836]
assets:[0, 99.99987359876631, 210.9432401055336, 287.6248970489502, 381.57567147111894, 518.838951434803, 604.0676502203941, 690.791497739029, 751.9831143083572, 905.6961159951686, 1181.8037950525284, 1373.4165673081397, 1576.1759317302703, 1572.7852562977791, 1717.8508589291573, 1813.0659013614654, 1847.228695531225, 1888.3317434740065, 2033.5614573650362, 2083.019679826355, 2208.0033, 2487.914525004387, 3058.2323195228573, 3267.45497281189, 3411.069014449215, 3110.427549242115, 3086.629616113901, 4006.26587070961, 3852.029974406242, 3838.3640654668807, 4011.8460795523647, 3992.1552505853656, 4019.405092637539, 3979.5182540321352, 3687.306, 4116.7053574430465, 3964.764934437752, 4193.994856401062, 4172.199534044886, 4348.1563406324385, 4364.858014437818, 4561.476374583912, 4312.828525, 4412.8285000000005, 4366.748555577659, 4236.263474818945, 4955.115367935515, 5159.296304335166, 5345.616434531355, 5560.6486227180485, 5467.714504225064, 5897.602167420579]
shares:[0, 18.8679, 35.8747, 54.9952, 74.5265, 92.3201, 110.6351, 129.3617, 149.203, 167.7215, 183.2254, 197.6139, 211.0008, 225.3274, 239.255, 253.2215, 267.7143, 282.6844, 297.3043, 312.2968, 327.1116, 340.8102, 352.3309, 363.4544, 374.4313, 386.8691, 399.8225, 410.0579, 420.9869, 432.2482, 443.2979, 454.6874, 466.2883, 478.3075, 491.6408, 503.8807, 516.9185, 529.5448, 542.5487, 555.3201, 568.3409, 581.0798, 594.8729, 608.666, 622.9313, 637.9915, 651.1321, 664.0021, 676.6603, 689.0519, 701.8889, 713.9954]
growth_rate:15.64
