ticker:AVEO
price:[4.730000019073486, 5.409999847412109, 6.25, 5.860000133514404, 6.019999980926514, 6.539999961853027, 6.110000133514404, 5.900000095367432, 5.429999828338623, 5.659999847412109, 5.949999809265137, 6.130000114440918, 5.409999847412109, 5.369999885559082, 5.099999904632568, 5.150000095367432, 5.860000133514404, 5.769999980926514, 7.510000228881836, 8.180000305175781, 8.390000343322754, 7.929999828338623, 9.119999885559082, 8.489999771118164, 8.90999984741211, 8.260000228881836, 8.180000305175781, 12.4399995803833, 10.40999984741211, 7.409999847412109, 7.429999828338623, 6.820000171661377, 6.210000038146973, 7.010000228881836, 7.050000190734863, 6.429999828338623, 6.75, 7.019999980926514, 7.300000190734863, 7.199999809265137, 7.210000038146973, 7.039999961853027, 7.0, 6.260000228881836, 6.130000114440918, 5.300000190734863, 5.170000076293945, 5.170000076293945, 5.949999809265137, 6.210000038146973, 5.539999961853027, 6.539999961853027]
assets:[0, 100.00006017951966, 215.526875, 302.0777328825474, 410.32560669994353, 545.7688828166008, 609.884938327074, 688.9235411357403, 734.0431237943172, 865.134938676834, 1009.461497640419, 1139.999799282646, 1106.1009778026582, 1197.9229274708748, 1237.6919468557835, 1349.8263549960136, 1635.9186572728156, 1710.7934543447493, 2326.7002069107057, 2634.275028278351, 2801.9035396552085, 2748.2825945076943, 3260.6981830836294, 3135.452852471352, 3390.5632279350284, 3243.2155758684157, 3311.8040035552976, 5136.533050738335, 4398.336322529984, 3230.804393470764, 3339.524872844219, 3165.3516756728172, 2982.2339073193552, 3466.418475181198, 3586.198327023125, 3370.8161710094932, 3638.5706250000003, 3884.1133394467834, 4139.03513814497, 4182.335889205932, 4288.144638687897, 4287.036840770244, 4362.678599999999, 4001.4810383045196, 4018.383037019157, 3574.2952186306957, 3586.6239619279863, 3686.624171403694, 4342.8263207851405, 4632.597307457257, 4232.783786854172, 5096.824056270886]
shares:[0, 18.4843, 34.4843, 51.5491, 68.1604, 83.4509, 99.8175, 116.7667, 135.1829, 152.8507, 169.6574, 185.9706, 204.4549, 223.0769, 242.6847, 262.1022, 279.167, 296.498, 309.8136, 322.0385, 333.9575, 346.5678, 357.5327, 369.3113, 380.5346, 392.6411, 404.866, 412.9046, 422.5107, 436.006, 449.465, 464.1278, 480.2309, 494.4962, 508.6806, 524.2327, 539.0475, 553.2925, 566.9911, 580.88, 594.7496, 608.9541, 623.2398, 639.2142, 655.5274, 674.3953, 693.7377, 713.0801, 729.8868, 745.9899, 764.0404, 779.3309]
growth_rate:-0.06
