ticker:AVGO
price:[362.95001220703125, 359.70001220703125, 359.7300109863281, 356.79998779296875, 356.8299865722656, 376.70001220703125, 378.6499938964844, 372.7200012207031, 349.6300048828125, 380.6199951171875, 373.5, 383.3299865722656, 394.95001220703125, 411.67999267578125, 405.82000732421875, 434.55999755859375, 431.4599914550781, 437.8500061035156, 445.6400146484375, 445.8500061035156, 465.0199890136719, 450.5, 466.010009765625, 486.32000732421875, 489.9599914550781, 469.8699951171875, 450.1400146484375, 451.1700134277344, 474.4599914550781, 482.0400085449219, 475.95001220703125, 485.0899963378906, 478.7900085449219, 466.1300048828125, 456.20001220703125, 452.5799865722656, 441.6199951171875, 451.239990234375, 472.3299865722656, 475.0, 470.70001220703125, 463.5, 462.20001220703125, 468.1700134277344, 480.17999267578125, 468.07000732421875, 483.1499938964844, 485.3999938964844, 485.42999267578125, 486.1600036621094, 475.1700134277344, 495.94000244140625]
assets:[0, 99.9966033935547, 200.00988610839846, 298.3918297912598, 398.40068000793457, 520.5994168701171, 623.2957549530029, 713.5351703369141, 769.3258627441406, 937.5051099731445, 1019.9538, 1146.808320828247, 1281.5732946105957, 1435.85747845459, 1515.4130713500977, 1722.7261983215333, 1810.4492701446534, 1937.267352005005, 2071.735864099121, 2172.716249743652, 2366.114708099365, 2392.2451, 2574.612101953125, 2786.808169970703, 2907.6675692901613, 2888.431820983887, 2867.166823303223, 2973.70667550354, 3227.2294158782956, 3378.8112358947756, 3436.1211131286623, 3602.084276806641, 3655.322320236206, 3658.6544083251956, 3680.712938488769, 3751.5260246948237, 3760.6592304199216, 3942.574042675781, 4226.833816836548, 4350.715, 4411.3063744018555, 4443.806250000001, 4531.362699676514, 4689.893109512329, 4910.224569104003, 4886.370034460449, 5143.808095019531, 5267.754893762207, 5368.07903100586, 5476.154897250366, 5452.385836077881, 5790.694656506347]
shares:[0, 0.278, 0.556, 0.8363, 1.1165, 1.382, 1.6461, 1.9144, 2.2004, 2.4631, 2.7308, 2.9917, 3.2449, 3.4878, 3.7342, 3.9643, 4.1961, 4.4245, 4.6489, 4.8732, 5.0882, 5.3102, 5.5248, 5.7304, 5.9345, 6.1473, 6.3695, 6.5911, 6.8019, 7.0094, 7.2195, 7.4256, 7.6345, 7.849, 8.0682, 8.2892, 8.5156, 8.7372, 8.9489, 9.1594, 9.3718, 9.5875, 9.8039, 10.0175, 10.2258, 10.4394, 10.6464, 10.8524, 11.0584, 11.2641, 11.4746, 11.6762]
growth_rate:13.54
