ticker:AVGOP
price:[1292.3299560546875, 1257.530029296875, 1236.3699951171875, 1232.14599609375, 1235.02001953125, 1280.0, 1269.1300048828125, 1248.8399658203125, 1189.989990234375, 1275.3800048828125, 1258.550048828125, 1298.1080322265625, 1319.4100341796875, 1363.1800537109375, 1337.5, 1410.72998046875, 1399.280029296875, 1422.469970703125, 1446.6199951171875, 1447.1300048828125, 1503.4200439453125, 1468.75, 1494.6400146484375, 1553.0400390625, 1575.6400146484375, 1511.81005859375, 1455.68994140625, 1432.4580078125, 1513.18994140625, 1522.8299560546875, 1502.530029296875, 1542.27001953125, 1515.719970703125, 1487.4100341796875, 1449.449951171875, 1444.425048828125, 1420.31201171875, 1448.6400146484375, 1520.8800048828125, 1519.510009765625, 1499.489990234375, 1464.0, 1472.3599853515625, 1485.449951171875, 1490.89501953125, 1490.469970703125, 1534.6500244140625, 1544.3399658203125, 1540.5, 1520.22998046875, 1505.8599853515625, 1572.530029296875]
assets:[0, 99.97363732910156, 198.31374721679686, 297.68647265625003, 398.4174583007812, 512.896, 608.5478373413085, 698.8508448730469, 765.8775577148436, 920.8243635253906, 1008.7278641357422, 1140.387906311035, 1259.1129956176758, 1400.9401411987305, 1474.59375, 1655.3505590820312, 1741.9637084716796, 1870.8325054687498, 2002.5560592407228, 2103.25874909668, 2285.0481247924804, 2332.375, 2473.4797602416993, 2670.1417391601562, 2809.0510181152345, 2795.1856173339843, 2791.431031640625, 2846.8670447265627, 3107.3355446777346, 3227.181242871094, 3284.230138037109, 3471.0329059570313, 3511.3168841308598, 3545.688039477539, 3555.2108402343747, 3642.839973144531, 3682.0168591796873, 3855.4105349853517, 4147.743949316406, 4243.9914572753905, 4288.091525073242, 4286.592, 4411.043280114745, 4550.230290429688, 4666.948679638672, 4765.628684326172, 5006.9491696533205, 5138.636802270507, 5225.8381500000005, 5257.1072954589845, 5307.403518371582, 5642.394998120117]
shares:[0, 0.0795, 0.1604, 0.2416, 0.3226, 0.4007, 0.4795, 0.5596, 0.6436, 0.722, 0.8015, 0.8785, 0.9543, 1.0277, 1.1025, 1.1734, 1.2449, 1.3152, 1.3843, 1.4534, 1.5199, 1.588, 1.6549, 1.7193, 1.7828, 1.8489, 1.9176, 1.9874, 2.0535, 2.1192, 2.1858, 2.2506, 2.3166, 2.3838, 2.4528, 2.522, 2.5924, 2.6614, 2.7272, 2.793, 2.8597, 2.928, 2.9959, 3.0632, 3.1303, 3.1974, 3.2626, 3.3274, 3.3923, 3.4581, 3.5245, 3.5881]
growth_rate:10.64
