ticker:AVGR
price:[0.41999998688697815, 0.36500000953674316, 0.3499999940395355, 0.3199999928474426, 0.31700000166893005, 0.30300000309944153, 0.2980000078678131, 0.29100000858306885, 0.2370000034570694, 0.24699999392032623, 0.2680000066757202, 0.29499998688697815, 0.2849999964237213, 0.3370000123977661, 0.3019999861717224, 0.28999999165534973, 0.47999998927116394, 0.4399999976158142, 0.8960000276565552, 1.4700000286102295, 2.130000114440918, 1.4600000381469727, 1.7000000476837158, 1.8300000429153442, 1.909999966621399, 1.600000023841858, 1.4700000286102295, 1.7100000381469727, 1.7200000286102295, 1.5499999523162842, 1.5700000524520874, 1.5, 1.1399999856948853, 1.1699999570846558, 1.2400000095367432, 1.090000033378601, 0.9599999785423279, 1.0099999904632568, 1.0499999523162842, 1.0199999809265137, 1.149999976158142, 1.100000023841858, 1.1699999570846558, 1.1100000143051147, 1.059999942779541, 0.9800000190734863, 0.9679999947547913, 0.9449999928474426, 0.9399999976158142, 0.9210000038146973, 0.800000011920929, 0.8830000162124634]
assets:[0, 100.00000161280632, 195.89041166400614, 279.09980176163316, 376.48324508209527, 459.85622660395205, 552.2678589810074, 639.2951252560616, 620.6630271534815, 746.8513128169537, 910.348827876246, 1102.0630160122812, 1164.7049823848783, 1477.2126280446173, 1423.7927966059506, 1467.2182727812974, 2528.4992074836373, 2417.790966898948, 5023.501748658871, 8341.682448352003, 12186.92814078083, 8453.48095887308, 9943.094238896276, 10803.448441351748, 11375.729837201072, 9629.407503489352, 8947.018170133495, 10507.75580740881, 10669.204553469992, 9714.689646140314, 9940.041166086556, 9596.85435, 7393.60921522243, 7688.177708999312, 8248.154563435912, 7350.394079087949, 6573.741261065429, 7016.123705751514, 7393.989729216266, 7282.733053816557, 8310.924477697492, 8049.580284469951, 8661.825816286111, 8317.630040193379, 8042.961459828329, 7535.946032670165, 7543.668971123845, 7464.428880502904, 7524.934604913998, 7472.834882151794, 6591.061858214473, 7374.88456790775]
shares:[0, 273.9726, 559.6869, 872.1869, 1187.6443, 1517.6773, 1853.2478, 2196.8904, 2618.8313, 3023.6896, 3396.8239, 3735.807, 4086.6842, 4383.4201, 4714.5459, 5059.3735, 5267.7068, 5494.9795, 5606.5866, 5674.6138, 5721.5622, 5790.0553, 5848.8788, 5903.5236, 5955.8796, 6018.3796, 6086.4068, 6144.8863, 6203.0258, 6267.5419, 6331.2362, 6397.9029, 6485.6222, 6571.0923, 6651.7375, 6743.4806, 6847.6473, 6946.6572, 7041.8953, 7139.9345, 7226.891, 7317.8001, 7403.2702, 7493.3603, 7587.6999, 7689.7407, 7793.0465, 7898.8666, 8005.2496, 8113.8272, 8238.8272, 8352.0775]
growth_rate:44.61
