ticker:AVID
price:[7.599999904632568, 7.510000228881836, 7.96999979019165, 8.220000267028809, 8.359999656677246, 8.90999984741211, 8.819999694824219, 9.350000381469727, 9.319999694824219, 9.670000076293945, 11.069999694824219, 12.289999961853027, 12.34000015258789, 13.920000076293945, 13.640000343322754, 14.15999984741211, 13.770000457763672, 15.869999885559082, 16.450000762939453, 16.270000457763672, 18.350000381469727, 17.040000915527344, 20.90999984741211, 23.5, 22.31999969482422, 19.389999389648438, 19.219999313354492, 21.110000610351562, 20.049999237060547, 20.15999984741211, 21.639999389648438, 22.209999084472656, 22.34000015258789, 21.229999542236328, 22.739999771118164, 29.940000534057617, 27.360000610351562, 30.770000457763672, 30.8799991607666, 33.68000030517578, 36.59000015258789, 37.13999938964844, 38.16999816894531, 39.40999984741211, 39.47999954223633, 37.650001525878906, 36.90999984741211, 37.38999938964844, 28.399999618530273, 27.68000030517578, 26.5, 26.31999969482422]
assets:[0, 100.00015904769897, 206.1257135737896, 312.59099215459827, 417.9147108373642, 545.4087116596222, 639.899797859192, 778.3520017559051, 875.8544273208619, 1008.7463649587631, 1254.7900004081725, 1493.0776833656312, 1599.1517257740022, 1903.9052264350892, 1965.6086174749375, 2140.543104933548, 2181.5880575237275, 2614.2920601479527, 2809.836145318222, 2879.090471004486, 3347.1611795825957, 3208.2078763710024, 4036.8322955417634, 4636.8508, 4504.0219304176335, 4012.7681296875, 4077.5862803258897, 4578.556476379395, 4448.651725720597, 4573.058077387238, 5008.779110728455, 5240.711361970521, 5371.387190687942, 5204.500419779968, 5674.673708883476, 7571.4039810556405, 7018.95918058014, 7993.76303492279, 8122.338387257196, 8958.819457176209, 9832.874649005127, 10080.67605233612, 10460.243710211183, 10900.05716779709, 11019.416644231796, 10608.637164946747, 10500.127228591919, 10736.676667735292, 8255.164209116363, 8145.878089809418, 7898.61915, 7944.968267879486]
shares:[0, 13.3156, 25.8627, 38.0281, 49.9898, 61.2131, 72.551, 83.2462, 93.9758, 104.3171, 113.3505, 121.4872, 129.5909, 136.7748, 144.1062, 151.1683, 158.4305, 164.7317, 170.8107, 176.957, 182.4066, 188.2751, 193.0575, 197.3128, 201.7931, 206.9504, 212.1533, 216.8904, 221.8779, 226.8382, 231.4593, 235.9618, 240.4381, 245.1484, 249.5459, 252.8859, 256.5409, 259.7908, 263.0291, 265.9982, 268.7312, 271.4237, 274.0436, 276.581, 279.1139, 281.7699, 284.4792, 287.1537, 290.6748, 294.2875, 298.0611, 301.8605]
growth_rate:55.78
