ticker:AVIR
price:[30.34000015258789, 34.16999816894531, 32.31999969482422, 33.16999816894531, 34.439998626708984, 29.25, 29.770000457763672, 34.11000061035156, 34.47999954223633, 41.779998779296875, 48.060001373291016, 53.439998626708984, 54.27000045776367, 73.0, 86.05999755859375, 82.02999877929688, 83.62999725341797, 75.36000061035156, 59.97999954223633, 67.86000061035156, 78.08999633789062, 60.15999984741211, 57.810001373291016, 56.5099983215332, 44.939998626708984, 36.40999984741211, 24.709999084472656, 21.31999969482422, 22.90999984741211, 22.43000030517578, 20.420000076293945, 21.530000686645508, 23.760000228881836, 23.389999389648438, 23.809999465942383, 23.280000686645508, 22.989999771118164, 22.899999618530273, 25.110000610351562, 25.040000915527344, 31.15999984741211, 27.670000076293945, 29.65999984741211, 31.350000381469727, 30.5, 30.5]
assets:[0, 99.99849964141845, 194.5857901626587, 299.70420145568846, 411.1791436042786, 449.21565, 557.2021215679168, 738.4337592132567, 846.4426127624512, 1125.6492611114502, 1394.845419857025, 1650.9913495731355, 1776.6315779857634, 2489.7964, 3035.2328418945312, 2993.102392459107, 3151.4793644989013, 2939.8388398101806, 2439.8544253791806, 2860.394029727173, 3391.604720947266, 2712.867065119171, 2706.895504302978, 2746.024254437256, 2283.7968022109985, 1950.3125648265839, 1423.5974092544557, 1328.2914129867554, 1527.3524148273468, 1595.3517157058716, 1552.3896658000945, 1736.7756363901137, 2016.665659426689, 2085.2605475860596, 2222.7039271448134, 2273.226883049011, 2344.908707654762, 2435.7286894254685, 2770.7931493499755, 2863.068696681213, 3662.8268220634463, 3352.5802192440033, 3693.693250997543, 4004.1568537229537, 3995.5914999999995, 4095.59185]
shares:[0, 2.9265, 6.0206, 9.0354, 11.939, 15.3578, 18.7169, 21.6486, 24.5488, 26.9423, 29.023, 30.8943, 32.7369, 34.1068, 35.2688, 36.4879, 37.6836, 39.0106, 40.6778, 42.1514, 43.432, 45.0942, 46.824, 48.5936, 50.8188, 53.5653, 57.6122, 62.3026, 66.6675, 71.1258, 76.023, 80.6677, 84.8765, 89.1518, 93.3517, 97.6472, 101.9969, 106.3637, 110.3462, 114.3398, 117.549, 121.163, 124.5345, 127.7243, 131.003, 134.2817]
growth_rate:-8.99
