ticker:AVNW
price:[10.274999618530273, 10.0649995803833, 10.5600004196167, 10.3100004196167, 10.555000305175781, 11.09000015258789, 11.119999885559082, 11.0, 9.255000114440918, 11.220000267028809, 13.399999618530273, 15.199999809265137, 17.864999771118164, 18.059999465942383, 17.9950008392334, 17.924999237060547, 17.59000015258789, 17.075000762939453, 16.69499969482422, 17.78499984741211, 18.815000534057617, 17.975000381469727, 27.375, 27.024999618530273, 32.71500015258789, 30.665000915527344, 26.795000076293945, 31.875, 32.29999923706055, 33.97999954223633, 38.560001373291016, 40.63999938964844, 30.850000381469727, 31.729999542236328, 32.40999984741211, 32.2599983215332, 31.329999923706055, 35.66999816894531, 36.959999084472656, 37.15999984741211, 38.869998931884766, 36.58000183105469, 33.91999816894531, 31.8799991607666, 31.899999618530273, 29.079999923706055, 30.979999542236328, 37.279998779296875, 38.97999954223633, 38.41999816894531, 36.849998474121094, 35.56999969482422]
assets:[0, 99.99979683094024, 204.91786414270402, 300.06637621269226, 407.1971347732544, 527.8363202625275, 629.2641135239602, 722.4734, 707.8631307529449, 958.1554848034858, 1244.3212845767976, 1511.4682210335732, 1876.4716889591216, 1996.953738947487, 2089.76664546051, 2181.637317143249, 2240.863997438812, 2275.255804162216, 2324.620105007172, 2576.39198989563, 2825.601031703758, 2799.451724410629, 4363.4217, 4407.634205284309, 5435.643076352691, 5195.031401101684, 4639.40421120987, 5618.9791875, 5793.899573145676, 6195.253904540253, 7130.284093940734, 7614.90362963562, 5880.506757714271, 6148.249032300186, 6380.012181962585, 6450.483444385529, 6364.526568501282, 7346.175483897399, 7711.847952971649, 7853.580167751312, 8314.980770511245, 7925.1086087005615, 7448.814637901306, 7100.833057072258, 7205.288003837014, 6668.331874505043, 7204.020937552643, 8769.008768865968, 9268.88257915039, 9235.721887835693, 8958.312014055633, 8747.143119953156]
shares:[0, 9.9354, 19.4051, 29.1044, 38.5786, 47.5957, 56.5885, 65.6794, 76.4844, 85.3971, 92.8598, 99.4387, 105.0362, 110.5733, 116.1304, 121.7092, 127.3942, 133.2507, 139.2405, 144.8632, 150.1781, 155.7414, 159.3944, 163.0947, 166.1514, 169.4124, 173.1444, 176.2817, 179.3777, 182.3206, 184.914, 187.3746, 190.6161, 193.7677, 196.8532, 199.953, 203.1448, 205.9483, 208.6539, 211.345, 213.9177, 216.6514, 219.5995, 222.7363, 225.8711, 229.3099, 232.5378, 235.2202, 237.7856, 240.3884, 243.1021, 245.9135]
growth_rate:71.51
