ticker:AVO
price:[12.449999809265137, 12.5, 13.1899995803833, 13.170000076293945, 13.1899995803833, 13.680000305175781, 13.289999961853027, 13.789999961853027, 13.34000015258789, 13.630000114440918, 13.3100004196167, 14.289999961853027, 14.649999618530273, 15.050000190734863, 15.699999809265137, 15.640000343322754, 16.200000762939453, 19.229999542236328, 20.739999771118164, 21.739999771118164, 20.8700008392334, 20.959999084472656, 20.93000030517578, 20.260000228881836, 20.81999969482422, 20.200000762939453, 19.15999984741211, 19.8799991607666, 19.90999984741211, 19.920000076293945, 20.200000762939453, 19.850000381469727, 19.690000534057617, 20.290000915527344, 20.309999465942383, 20.299999237060547, 22.690000534057617, 21.059999465942383, 21.309999465942383, 20.809999465942383, 20.649999618530273, 19.389999389648438, 19.3700008392334, 19.3700008392334, 19.5, 19.530000686645508, 19.760000228881836, 20.90999984741211, 20.5]
assets:[0, 100.0, 205.5199784617424, 305.208166768074, 405.6716270942688, 520.7415236167908, 605.8964142608643, 728.6911779842377, 804.9129312068939, 922.4116207448005, 1000.7549735502242, 1174.439365864849, 1304.0257660446166, 1439.6303432450293, 1601.8066105401037, 1695.6857092229843, 1856.4002074272157, 2303.615489163208, 2584.5026274780275, 2809.116678425217, 2796.7011584621428, 2908.7616009460453, 3004.597821809387, 3008.415537986755, 3191.570623218536, 3196.528920730591, 3131.954887057495, 3349.6486505947114, 3454.7035335235596, 3556.4391256212234, 3706.4294599891664, 3742.2094119163517, 3812.0451423952104, 4028.2063457611084, 4132.177034343147, 4230.142261017609, 4828.173447641373, 4581.326997822762, 4735.710526316643, 4724.596147750282, 4788.270286545753, 4596.10462732544, 4691.363841260147, 4791.363407592774, 4923.5199, 5031.094181885719, 5190.343452120209, 5592.412915190124, 5582.756800000001]
shares:[0, 8.0, 15.5815, 23.1745, 30.756, 38.0659, 45.5904, 52.842, 60.3383, 67.6751, 75.1882, 82.1861, 89.012, 95.6565, 102.0259, 108.4198, 114.5926, 119.7928, 124.6144, 129.2142, 134.0058, 138.7768, 143.5546, 148.4904, 153.2935, 158.244, 163.4632, 168.4934, 173.516, 178.5361, 183.4866, 188.5244, 193.6031, 198.5316, 203.4553, 208.3814, 212.7886, 217.5369, 222.2295, 227.0349, 231.8775, 237.0348, 242.1974, 247.36, 252.4882, 257.6085, 262.6692, 267.4516, 272.3296]
growth_rate:16.31
