ticker:AVPT
price:[10.25, 10.25, 10.710000038146973, 10.765000343322754, 10.579999923706055, 10.5, 10.5, 10.390000343322754, 10.0600004196167, 10.149999618530273, 10.239999771118164, 10.149999618530273, 14.199999809265137, 14.100000381469727, 14.329999923706055, 14.380000114440918, 16.329999923706055, 15.010000228881836, 14.630000114440918, 16.549999237060547, 15.59000015258789, 14.859999656677246, 15.260000228881836, 15.300000190734863, 14.229999542236328, 12.869999885559082, 12.010000228881836, 12.609999656677246, 12.420000076293945, 11.569999694824219, 11.180000305175781, 12.220000267028809, 11.09000015258789, 10.84000015258789, 10.710000038146973, 10.149999618530273, 10.039999961853027, 10.109999656677246, 10.3100004196167, 10.760000228881836, 11.130000114440918, 11.380000114440918, 12.40999984741211, 11.949999809265137, 10.949999809265137, 9.449999809265137, 11.449999809265137, 10.550000190734863, 10.289999961853027, 9.680000305175781, 8.819999694824219, 9.819999694824219]
assets:[0, 100.000025, 204.48817272834776, 305.5386987443924, 400.2879491134644, 497.26109999999994, 597.261, 691.0035968332292, 769.0568520784378, 875.9368470794677, 983.7035300125123, 1075.057509595871, 1604.0220384547233, 1692.726195796013, 1820.3384573083877, 1926.6899353332522, 2287.958730310631, 2203.016232592964, 2247.24409357872, 2642.166003198624, 2588.9050463390354, 2567.680144676781, 2736.7971110486988, 2843.970155453873, 2745.0779056938172, 2582.7232630342482, 2510.140489837265, 2735.5427095214845, 2794.3248951650617, 2703.086301702118, 2711.970686027527, 3064.2469409592627, 2880.8914816383362, 2915.948117045975, 2980.978570617676, 2925.110120064926, 2993.409924626541, 3114.2802502429963, 3275.8881923285485, 3518.870850851822, 3739.872587454128, 3923.876387459755, 4379.0248121574405, 4316.707991100692, 4055.476969358826, 3599.9320673404695, 4461.822185674668, 4211.111701133252, 4207.330937402629, 4057.91711193161, 3797.3997126083373, 4327.943915500641]
shares:[0, 9.7561, 19.0932, 28.3826, 37.8344, 47.3582, 56.882, 66.5066, 76.447, 86.2992, 96.0648, 105.917, 112.9593, 120.0515, 127.0299, 133.984, 140.1077, 146.7699, 153.6052, 159.6475, 166.0619, 172.7914, 179.3445, 185.8804, 192.9078, 200.6778, 209.0042, 216.9344, 224.9859, 233.6289, 242.5734, 250.7567, 259.7738, 268.9989, 278.336, 288.1882, 298.1484, 308.0396, 317.7389, 327.0326, 336.0173, 344.8046, 352.8626, 361.2308, 370.3632, 380.9452, 389.6788, 399.1575, 408.8757, 419.2063, 430.5442, 440.7275]
growth_rate:-15.14
