ticker:AVRO
price:[16.420000076293945, 15.010000228881836, 16.0, 13.59000015258789, 12.789999961853027, 15.119999885559082, 15.680000305175781, 16.68000030517578, 14.279999732971191, 14.6899995803833, 16.229999542236328, 13.989999771118164, 14.029999732971191, 13.270000457763672, 13.3100004196167, 14.84000015258789, 14.680000305175781, 13.9399995803833, 15.079999923706055, 14.390000343322754, 14.59000015258789, 14.3100004196167, 17.110000610351562, 16.1299991607666, 11.84000015258789, 11.0, 11.319999694824219, 13.210000038146973, 12.520000457763672, 11.979999542236328, 12.3100004196167, 11.319999694824219, 10.350000381469727, 11.34000015258789, 11.680000305175781, 8.600000381469727, 9.600000381469727, 9.09000015258789, 8.989999771118164, 8.720000267028809, 9.539999961853027, 9.34000015258789, 9.890000343322754, 8.9399995803833, 8.739999771118164, 7.900000095367432, 7.570000171661377, 7.360000133514404, 7.71999979019165, 5.96999979019165, 5.75, 6.269999980926514]
assets:[0, 99.99962352485657, 206.5952, 275.47745709304814, 359.2608669284821, 524.7093560285568, 644.1438205368041, 785.2243583663941, 772.2423935594559, 894.4153144512177, 1088.1792713081359, 1037.9936290180208, 1140.9616682844162, 1179.1563166763306, 1282.7100294392585, 1530.1583517333984, 1613.6608655456541, 1632.3181908645631, 1865.8076745603562, 1880.4363188642503, 2006.571474985504, 2068.0626576424597, 2572.714443774414, 2525.3578326072693, 1953.7030331783296, 1915.0956, 2070.8071641731262, 2516.551242267132, 2485.1036548618317, 2477.9179473171234, 2646.174924201393, 2533.3627277030946, 2416.281074056816, 2747.4030729682922, 2929.7762365493772, 2257.1982401224136, 2619.663464096069, 2580.4937863170626, 2652.105670478439, 2672.454233837414, 3023.763089909077, 3060.3715359973908, 3340.585964965534, 3119.7004655706405, 3149.908153510666, 2947.170875577736, 2924.0609383075716, 2942.944629386616, 3186.893113389015, 2564.4754978746414, 2569.972275, 2902.3873801708696]
shares:[0, 6.6622, 12.9122, 20.2706, 28.0892, 34.703, 41.0806, 47.0758, 54.0786, 60.886, 67.0474, 74.1954, 81.323, 88.8588, 96.3719, 103.1104, 109.9224, 117.096, 123.7273, 130.6766, 137.5306, 144.5187, 150.3632, 156.5628, 165.0087, 174.0996, 182.9335, 190.5035, 198.4907, 206.8379, 214.9614, 223.7953, 233.4571, 242.2754, 250.837, 262.4649, 272.8816, 283.8827, 295.0062, 306.4741, 316.9563, 327.6629, 337.7741, 348.9598, 360.4014, 373.0596, 386.2696, 399.8566, 412.81, 429.5604, 446.9517, 462.9007]
growth_rate:-43.09
