ticker:AVT
price:[28.170000076293945, 27.3700008392334, 27.059999465942383, 25.479999542236328, 25.969999313354492, 28.06999969482422, 28.700000762939453, 27.719999313354492, 24.670000076293945, 26.739999771118164, 28.75, 28.739999771118164, 30.670000076293945, 32.869998931884766, 31.559999465942383, 33.869998931884766, 34.470001220703125, 35.11000061035156, 37.959999084472656, 38.61000061035156, 39.290000915527344, 35.310001373291016, 37.70000076293945, 38.900001525878906, 38.529998779296875, 38.06999969482422, 39.0, 39.38999938964844, 40.529998779296875, 41.400001525878906, 42.02000045776367, 43.2599983215332, 44.25, 44.16999816894531, 43.91999816894531, 44.75, 43.470001220703125, 44.58000183105469, 44.060001373291016, 43.95000076293945, 43.91999816894531, 38.849998474121094, 40.34000015258789, 40.029998779296875, 39.56999969482422, 38.939998626708984, 39.9900016784668, 41.31999969482422, 41.79999923706055, 40.84000015258789, 39.58000183105469, 41.13999938964844]
assets:[0, 99.99903506622314, 198.86664207515716, 287.2538708393097, 392.77806061496733, 524.5384702972412, 636.3105869152068, 714.5827742992401, 735.9579092760086, 897.7099243160249, 1065.190375, 1164.8206947235108, 1343.0423703409197, 1539.3809379776, 1578.031533296585, 1793.5349884395598, 1925.3081301818847, 2061.055343829346, 2328.3600558441162, 2468.2292310180665, 2611.7006568572997, 2447.1419901752474, 2712.778954898834, 2899.127643720245, 2971.552948855591, 3036.0748616622923, 3210.2421, 3342.343862210083, 3539.0754404083254, 3715.045696925354, 3870.6807461669923, 4084.9032095077514, 4278.386475, 4370.652237815857, 4445.916006646728, 4629.9334499999995, 4597.500351104736, 4814.898761764526, 4858.734275440216, 4946.60335086937, 5043.227981744385, 4561.051980859375, 4835.979388292312, 4898.815208612061, 4942.522467881775, 4963.833490941239, 5197.680473157883, 5470.544831596374, 5634.092317165756, 5604.6978409404755, 5531.7802159118655, 5849.807591212463]
shares:[0, 3.6536, 7.3491, 11.2737, 15.1243, 18.6868, 22.1711, 25.7786, 29.8321, 33.5718, 37.0501, 40.5296, 43.7901, 46.8324, 50.001, 52.9535, 55.8546, 58.7028, 61.3372, 63.9272, 66.4724, 69.3045, 71.957, 74.5277, 77.1231, 79.7498, 82.3139, 84.8526, 87.3199, 89.7354, 92.1152, 94.4268, 96.6867, 98.9507, 101.2276, 103.4622, 105.7626, 108.0058, 110.2754, 112.5507, 114.8276, 117.4016, 119.8805, 122.3786, 124.9058, 127.4739, 129.9745, 132.3946, 134.7869, 137.2355, 139.762, 142.1927]
growth_rate:14.7
