ticker:AVXL
price:[3.805000066757202, 3.9100000858306885, 4.25, 3.869999885559082, 4.010000228881836, 4.300000190734863, 4.840000152587891, 5.724999904632568, 5.900000095367432, 4.909999847412109, 5.380000114440918, 5.170000076293945, 5.369999885559082, 4.869999885559082, 5.0, 6.050000190734863, 5.75, 5.400000095367432, 5.639999866485596, 5.820000171661377, 6.110000133514404, 6.28000020980835, 12.390000343322754, 13.210000038146973, 12.539999961853027, 13.020000457763672, 11.869999885559082, 14.029999732971191, 14.890000343322754, 14.960000038146973, 15.380000114440918, 14.59000015258789, 11.800000190734863, 11.949999809265137, 12.079999923706055, 11.3100004196167, 11.079999923706055, 11.680000305175781, 12.449999809265137, 13.569999694824219, 15.5, 22.139999389648438, 24.75, 24.579999923706055, 25.06999969482422, 21.68000030517578, 20.979999542236328, 17.950000762939453, 19.31999969482422, 19.549999237060547, 18.360000610351562, 19.030000686645508]
assets:[0, 99.99981619515418, 208.69539999999998, 290.03559342327117, 400.5280458612442, 529.4938534867287, 695.9886339420318, 923.2506971204282, 1051.4726469959735, 975.0390626987457, 1168.3730108531, 1222.7675750444412, 1370.0700878022194, 1342.503128452301, 1478.3400000000001, 1888.7913045468333, 1895.13215, 1879.776213198042, 2063.321759155464, 2229.17239174962, 2440.2479023237706, 2608.1437471354006, 5245.684540356159, 5692.856121439457, 5504.119483256341, 5814.803814439773, 5401.207234925938, 6484.07240759058, 6981.528064974976, 7114.349194141102, 7414.0843931674, 7133.2567936023715, 5869.186754869365, 6043.794858534527, 6209.542760782241, 5913.735696407795, 5893.474119419098, 6312.615012936402, 6828.771360382749, 7543.086523363495, 8715.90575, 12549.686702032472, 14129.1216, 14132.071858135416, 14513.792472324372, 12651.21675408325, 12342.735138693239, 10660.157223094939, 11573.773329182433, 11811.556274053573, 11192.592360081482, 11701.037418199921]
shares:[0, 25.5754, 49.1048, 74.9446, 99.8823, 123.1381, 143.7993, 161.2665, 178.2157, 198.5823, 217.1697, 236.5121, 255.1341, 275.668, 295.668, 312.1969, 329.5882, 348.1067, 365.8372, 383.0193, 399.3859, 415.3095, 423.3805, 430.9505, 438.925, 446.6055, 455.0301, 462.1577, 468.8736, 475.5581, 482.0601, 488.9141, 497.3887, 505.7569, 514.035, 522.8767, 531.902, 540.4636, 548.4957, 555.8649, 562.3165, 566.8332, 570.8736, 574.9419, 578.9307, 583.5432, 588.3096, 593.8806, 599.0566, 604.1717, 609.6183, 614.8732]
growth_rate:129.43
