ticker:AWH
price:[2.759999990463257, 2.869999885559082, 2.869999885559082, 2.890000104904175, 3.0, 3.2899999618530273, 3.9100000858306885, 3.680000066757202, 3.7699999809265137, 4.409999847412109, 4.929999828338623, 4.519999980926514, 4.340000152587891, 4.639999866485596, 4.650000095367432, 6.550000190734863, 6.460000038146973, 6.710000038146973, 6.320000171661377, 6.239999771118164, 5.989999771118164, 8.920000076293945, 7.949999809265137, 9.130000114440918, 7.800000190734863, 6.929999828338623, 6.71999979019165, 7.659999847412109, 7.400000095367432, 6.809999942779541, 6.840000152587891, 6.230000019073486, 6.099999904632568, 6.039999961853027, 5.71999979019165, 5.199999809265137, 5.110000133514404, 5.539999961853027, 5.590000152587891, 5.929999828338623, 5.869999885559082, 5.639999866485596, 5.840000152587891, 5.179999828338623, 5.239999771118164, 4.739999771118164, 4.880000114440918, 4.480000019073486, 4.489999771118164, 4.0, 3.5899999141693115, 3.690000057220459]
assets:[0, 99.99998001251221, 199.99996002502442, 301.393775940299, 412.8654, 552.7755945906639, 756.9459096161604, 812.4196307377339, 932.2885732832909, 1190.5548698062898, 1430.9378731750965, 1411.9349940419197, 1455.7076611804962, 1656.3324003396035, 1759.902276094055, 2579.0023151000973, 2643.565737610531, 2845.870714179039, 2780.462587521839, 2845.2664236362457, 2831.273424815178, 4316.187336916923, 3946.8259003085136, 4632.644228068351, 4057.7901992259026, 3705.190243219614, 3692.9120447018145, 4309.479912154769, 4263.205174942016, 4023.3009771945476, 4141.025012378693, 3871.7232238534925, 3890.93251916914, 3952.661139036083, 3843.2484110304836, 3593.8623481779096, 3631.661253888273, 4037.260568200493, 4173.698148927689, 4527.554275936556, 4581.744469674778, 4502.221261419964, 4761.874804418564, 4323.717366715193, 4473.79914458561, 4146.909669756889, 4369.392526466656, 4111.245393503523, 4220.421980860138, 3859.8416, 3564.2079187859536, 3763.4897293600557]
shares:[0, 34.8432, 69.6864, 104.2885, 137.6218, 168.0169, 193.5923, 220.7662, 247.2914, 269.9671, 290.2511, 312.375, 335.4165, 356.9682, 378.4736, 393.7408, 409.2207, 424.1238, 439.9466, 455.9722, 472.6667, 483.8775, 496.4561, 507.409, 520.2295, 534.6595, 549.5405, 562.5953, 576.1088, 590.7931, 605.413, 621.4644, 637.8578, 654.4141, 671.8966, 691.1274, 710.6969, 728.7474, 746.6365, 763.4999, 780.5357, 798.2662, 815.3895, 834.6945, 853.7785, 874.8755, 895.3673, 917.6887, 939.9604, 964.9604, 992.8156, 1019.9159]
growth_rate:-26.21
