ticker:AWRE
price:[2.700000047683716, 2.7899999618530273, 2.6500000953674316, 2.640000104904175, 2.7300000190734863, 2.690000057220459, 2.680000066757202, 2.609999895095825, 2.640000104904175, 2.640000104904175, 2.6700000762939453, 2.690000057220459, 3.0999999046325684, 3.4200000762939453, 3.5799999237060547, 3.490000009536743, 3.5399999618530273, 3.5, 4.059999942779541, 4.440000057220459, 4.28000020980835, 4.010000228881836, 4.710000038146973, 4.880000114440918, 4.96999979019165, 4.440000057220459, 4.159999847412109, 4.079999923706055, 3.809999942779541, 3.7699999809265137, 3.75, 3.6600000858306885, 3.509999990463257, 3.4200000762939453, 3.5, 3.5199999809265137, 3.5, 3.7100000381469727, 3.799999952316284, 3.8399999141693115, 4.050000190734863, 3.740000009536743, 3.7799999713897705, 3.690000057220459, 3.640000104904175, 3.5, 3.680000066757202, 3.9800000190734863, 4.130000114440918, 3.950000047683716, 3.930000066757202, 3.9600000381469727]
assets:[0, 100.00001563272477, 194.98197201695444, 294.24622769229416, 404.2772398245335, 498.35371460075373, 596.5010148584843, 680.9207846316338, 788.7475513420104, 888.7475873156548, 998.847028541565, 1106.328966533327, 1374.951637701416, 1616.882328069687, 1792.5260097991943, 1847.4625660483598, 1973.9305287289617, 2051.62615, 2479.886129049206, 2811.993672239542, 2810.660729780388, 2733.352897013664, 3310.496531812191, 3529.9837067816734, 3695.085504012108, 3401.0422638309, 3286.5621194496152, 3323.3590418548583, 3203.4308068892956, 3269.7990224571704, 3352.45275, 3371.9939470766544, 3333.7972889420034, 3348.3155066947934, 3526.6385, 3646.7907322394844, 3726.0702499999998, 4049.6345886391637, 4247.87364669621, 4392.5881898180005, 4732.8083528917305, 4470.54393539958, 4618.357093044377, 4608.3964224619385, 4645.951989895535, 4567.2613, 4902.149064927649, 5401.780599887133, 5705.365530093765, 5556.705622079587, 5628.570461610079, 5771.536507597637]
shares:[0, 35.8423, 73.5781, 111.4569, 148.0869, 185.2616, 222.575, 260.8892, 298.768, 336.6468, 374.1, 411.2747, 443.5328, 472.7726, 500.7056, 529.3589, 557.6075, 586.1789, 610.8094, 633.3319, 656.6964, 681.6341, 702.8655, 723.3573, 743.478, 766.0005, 790.039, 814.5488, 840.7955, 867.3207, 893.9874, 921.3098, 949.7998, 979.0396, 1007.611, 1036.0201, 1064.5915, 1091.5457, 1117.8615, 1143.9032, 1168.5946, 1195.3326, 1221.7876, 1248.8879, 1276.3604, 1304.9318, 1332.1057, 1357.2313, 1381.4444, 1406.7609, 1432.2062, 1457.4587]
growth_rate:13.17
