ticker:AXDX
price:[10.979999542236328, 10.4399995803833, 11.220000267028809, 11.5, 10.680000305175781, 11.0600004196167, 11.619999885559082, 10.029999732971191, 9.420000076293945, 9.449999809265137, 8.59000015258789, 8.34000015258789, 8.119999885559082, 7.53000020980835, 7.320000171661377, 7.400000095367432, 7.739999771118164, 7.579999923706055, 8.6899995803833, 9.229999542236328, 8.779999732971191, 10.260000228881836, 13.039999961853027, 13.609999656677246, 12.350000381469727, 10.010000228881836, 9.390000343322754, 8.989999771118164, 9.289999961853027, 8.470000267028809, 8.899999618530273, 8.869999885559082, 8.0600004196167, 7.860000133514404, 7.309999942779541, 7.389999866485596, 7.0, 7.170000076293945, 7.590000152587891, 7.829999923706055, 8.75, 8.109999656677246, 9.229999542236328, 7.949999809265137, 7.420000076293945, 6.53000020980835, 7.070000171661377, 7.460000038146973, 7.050000190734863, 5.96999979019165, 6.510000228881836, 6.239999771118164]
assets:[0, 99.99953598070145, 207.4712689376831, 312.64935, 390.3561471542358, 504.2453271310806, 629.7772677975654, 643.6030168653488, 704.4605757055283, 806.703958717823, 833.2892858020782, 909.0374986316681, 985.0582981168748, 1013.4838122386933, 1085.2193054494858, 1197.079515427351, 1352.0804360172272, 1424.1303856658935, 1732.6772913336754, 1940.3461947681426, 1945.7462768234252, 2373.731080953598, 3116.905550881863, 3353.1500554142, 3142.719417073059, 2647.256672530365, 2583.2905064517972, 2573.246291486168, 2759.1169826704026, 2615.578432459831, 2848.3647779140474, 2938.7640120840074, 2770.398658231449, 2801.6538175904752, 2705.6093428213117, 2835.219266776371, 2785.5933, 2953.243444424629, 3226.2365838596343, 3428.2519315958025, 3931.0608749999997, 3743.532047524071, 4360.517607739258, 3855.80873749218, 3698.7550280313494, 3355.1036597991942, 3732.5549796273704, 4038.452370650768, 3916.5000009593005, 3416.525210930395, 3825.558017500877, 3766.8937978311537]
shares:[0, 9.5785, 18.4912, 27.1869, 36.5502, 45.5918, 54.1977, 64.1678, 74.7835, 85.3655, 97.0069, 108.9973, 121.3126, 134.5928, 148.254, 161.7675, 174.6874, 187.88, 199.3875, 210.2217, 221.6112, 231.3578, 239.0265, 246.374, 254.4712, 264.4612, 275.1108, 286.2343, 296.9986, 308.805, 320.041, 331.315, 343.7219, 356.4445, 370.1244, 383.6562, 397.9419, 411.8889, 425.0641, 437.8355, 449.2641, 461.5946, 472.4288, 485.0074, 498.4845, 513.7984, 527.9427, 541.3475, 555.5319, 572.2823, 587.6433, 603.6689]
growth_rate:-26.14
