ticker:AXGN
price:[11.800000190734863, 10.800000190734863, 13.119999885559082, 11.800000190734863, 11.510000228881836, 13.0, 13.510000228881836, 13.539999961853027, 12.609999656677246, 13.890000343322754, 14.640000343322754, 14.460000038146973, 14.380000114440918, 16.579999923706055, 16.200000762939453, 16.969999313354492, 17.709999084472656, 17.899999618530273, 19.520000457763672, 18.739999771118164, 18.760000228881836, 17.350000381469727, 19.809999465942383, 19.06999969482422, 20.649999618530273, 22.100000381469727, 20.299999237060547, 20.510000228881836, 21.469999313354492, 19.170000076293945, 19.860000610351562, 20.059999465942383, 18.850000381469727, 19.110000610351562, 18.719999313354492, 23.5, 21.469999313354492, 20.760000228881836, 20.299999237060547, 18.979999542236328, 20.559999465942383, 20.81999969482422, 22.079999923706055, 21.459999084472656, 20.540000915527344, 19.81999969482422, 19.850000381469727, 20.3700008392334, 18.25, 15.890000343322754, 15.550000190734863, 16.81999969482422]
assets:[0, 100.00044176607132, 221.48265406808852, 299.1996248362541, 391.8464477920532, 542.5719, 663.8570932468414, 765.330895843792, 812.7636568715096, 995.2643616002083, 1149.0043229453088, 1234.8767732577323, 1328.0447785690308, 1631.2232924938203, 1693.8364397712708, 1874.3466061595916, 2056.07953470993, 2178.138183581352, 2475.2668420475006, 2476.35791575489, 2579.001015465164, 2485.163739640617, 2937.527751807213, 2927.796076146698, 3270.371414586067, 3600.010502140045, 3406.7966219615932, 3542.0401215274815, 3807.831051219368, 3499.9129219291685, 3725.8870505065915, 3863.407453144455, 3730.3698354919434, 3881.823978981018, 3902.603184853363, 4999.10095, 4667.2643887332915, 4612.921874858093, 4610.708376714707, 4410.898749617005, 4878.086033288955, 5039.7744881278995, 5444.77562918644, 5391.8870039711, 5260.733790486145, 5176.325896298218, 5284.1614115489965, 5522.588333527756, 5047.827725, 4495.0681711214065, 4498.887180182934, 4966.320205892945]
shares:[0, 9.2593, 16.8813, 25.3559, 34.044, 41.7363, 49.1382, 56.5237, 64.4539, 71.6533, 78.4839, 85.3995, 92.3536, 98.385, 104.5578, 110.4506, 116.0971, 121.6837, 126.8067, 132.1429, 137.4734, 143.2371, 148.2851, 153.5289, 158.3715, 162.8964, 167.8225, 172.6982, 177.3559, 182.5724, 187.6076, 192.5926, 197.8976, 203.1305, 208.4724, 212.7277, 217.3854, 222.2024, 227.1285, 232.3972, 237.261, 242.0641, 246.5931, 251.2529, 256.1214, 261.1668, 266.2046, 271.1138, 276.5933, 282.8866, 289.3175, 295.2628]
growth_rate:-2.62
