ticker:AXLA
price:[4.420000076293945, 4.550000190734863, 4.809999942779541, 4.710000038146973, 4.710000038146973, 4.929999828338623, 4.820000171661377, 4.449999809265137, 4.239999771118164, 4.610000133514404, 5.289999961853027, 5.349999904632568, 5.739999771118164, 5.570000171661377, 5.5, 5.829999923706055, 5.429999828338623, 5.190000057220459, 5.300000190734863, 5.690000057220459, 5.989999771118164, 5.440000057220459, 6.510000228881836, 6.329999923706055, 6.480000019073486, 5.699999809265137, 5.360000133514404, 5.849999904632568, 5.420000076293945, 4.869999885559082, 4.829999923706055, 4.340000152587891, 4.25, 4.269999980926514, 4.139999866485596, 3.6700000762939453, 3.359999895095825, 3.3399999141693115, 3.190000057220459, 3.259999990463257, 4.949999809265137, 4.300000190734863, 4.110000133514404, 3.9700000286102295, 4.059999942779541, 3.509999990463257, 3.569999933242798, 3.4000000953674316, 3.6600000858306885, 3.299999952316284, 3.0, 3.4200000762939453]
assets:[0, 99.99990419197083, 205.7140775527954, 301.4371764413834, 401.437071251297, 520.1879458871841, 608.5814156742573, 661.8644916313172, 730.6304005594253, 894.3884309031964, 1126.3155808779716, 1239.0904729123592, 1429.4166450021744, 1487.0819878302573, 1568.3932, 1762.497009935188, 1741.5709039428232, 1764.5953484549045, 1901.9951684484483, 2141.953294540167, 2354.8857480182646, 2238.661207547283, 2778.9862937049866, 2802.1479082263945, 2968.5495687377456, 2711.224289276314, 2649.5022019975186, 2991.713936228705, 2871.8103464246747, 2680.390471013069, 2758.3747994291302, 2578.539914657593, 2625.06775, 2737.420981772327, 2754.080263181305, 2541.4192688323974, 2426.748836233306, 2512.303847439289, 2499.476056834221, 2654.323288235092, 4130.337260848618, 3687.9699835870742, 3625.0131307594775, 3601.5332099548336, 3783.179808680963, 3370.680017841792, 3528.2984070225953, 3460.284477058363, 3824.894435697627, 3548.6750787230253, 3326.0681999999997, 3891.7179508171084]
shares:[0, 21.978, 42.768, 63.9994, 85.2308, 105.5148, 126.2617, 148.7336, 172.3185, 194.0105, 212.9141, 231.6057, 249.0273, 266.9806, 285.1624, 302.3151, 320.7313, 339.9991, 358.867, 376.4417, 393.1362, 411.5186, 426.8796, 442.6774, 458.1095, 475.6534, 494.3101, 511.4041, 529.8543, 550.3882, 571.0921, 594.1336, 617.663, 641.0822, 665.2368, 692.4848, 722.2467, 752.1868, 783.5348, 814.2096, 834.4116, 857.6674, 881.9983, 907.1872, 931.8177, 960.3077, 988.3189, 1017.7307, 1045.0531, 1075.3561, 1108.6894, 1137.9292]
growth_rate:-23.69
