ticker:AXNX
price:[36.04999923706055, 38.439998626708984, 43.029998779296875, 45.279998779296875, 48.70000076293945, 50.95000076293945, 48.11000061035156, 49.939998626708984, 46.88999938964844, 47.779998779296875, 45.810001373291016, 47.11000061035156, 45.790000915527344, 44.2599983215332, 43.939998626708984, 48.689998626708984, 47.779998779296875, 49.91999816894531, 51.83000183105469, 51.70000076293945, 56.54999923706055, 51.70000076293945, 53.779998779296875, 54.540000915527344, 54.279998779296875, 50.310001373291016, 56.560001373291016, 58.119998931884766, 57.13999938964844, 56.54999923706055, 58.61000061035156, 60.130001068115234, 59.83000183105469, 61.93000030517578, 62.93000030517578, 56.91999816894531, 54.029998779296875, 55.25, 57.689998626708984, 58.40999984741211, 60.38999938964844, 62.939998626708984, 66.9000015258789, 65.45999908447266, 62.91999816894531, 59.77000045776367, 66.25, 67.94999694824219, 69.58000183105469, 66.33999633789062, 72.0, 73.56999969482422]
assets:[0, 100.00165642738342, 211.94425898742676, 323.0275112915039, 447.42638700942996, 568.0976035068512, 636.4327650741577, 760.6411130832672, 814.1885714019776, 929.6411022491455, 991.3101057174683, 1119.4419675033569, 1188.0765217544556, 1248.379808657837, 1339.3526741401672, 1584.1388433197023, 1654.5305757293702, 1828.6344289260867, 1998.6011516067504, 2093.5863608951568, 2389.983927755737, 2285.0056137199404, 2476.9346477783206, 2611.9370058448794, 2699.4854672912597, 2602.0483640270236, 3025.2983214550018, 3208.741209030533, 3254.6372252349856, 3321.028770194626, 3542.0074718856813, 3733.8686243263246, 3815.2395567626954, 4049.1506309532165, 4214.535394438171, 3912.0374781539917, 3813.4102988433838, 3999.519875, 4276.149999207688, 4429.516497428513, 4679.669364703369, 4977.269915400696, 5390.427482946777, 5374.403390833282, 5265.86273475647, 5102.2362040767675, 5755.395875, 6003.083250390625, 6247.087388397216, 6056.191533685303, 6672.895200000001, 6918.397702301789]
shares:[0, 2.6015, 4.9255, 7.134, 9.1874, 11.1501, 13.2287, 15.2311, 17.3638, 19.4567, 21.6396, 23.7623, 25.9462, 28.2056, 30.4814, 32.5352, 34.6281, 36.6313, 38.5607, 40.4949, 42.2632, 44.1974, 46.0568, 47.8903, 49.7326, 51.7203, 53.4883, 55.2089, 56.959, 58.7273, 60.4335, 62.0966, 63.768, 65.3827, 66.9718, 68.7287, 70.5795, 72.3895, 74.1229, 75.8349, 77.4908, 79.0796, 80.5744, 82.1021, 83.6914, 85.3645, 86.8739, 88.3456, 89.7828, 91.2902, 92.6791, 94.0383]
growth_rate:35.65
