ticker:AXON
price:[82.66999816894531, 83.91000366210938, 82.55000305175781, 87.19999694824219, 91.55000305175781, 98.98999786376953, 109.16000366210938, 102.91000366210938, 98.9000015258789, 122.58999633789062, 120.9800033569336, 124.80999755859375, 125.55000305175781, 124.18000030517578, 123.12000274658203, 125.33999633789062, 130.75, 122.52999877929688, 125.36000061035156, 150.77000427246094, 170.25999450683594, 164.16000366210938, 177.17999267578125, 195.5399932861328, 177.0, 165.49000549316406, 143.0399932861328, 152.25999450683594, 144.75, 137.82000732421875, 143.05999755859375, 149.4199981689453, 152.74000549316406, 153.94000244140625, 151.61000061035156, 134.74000549316406, 132.75999450683594, 127.06999969482422, 140.58999633789062, 141.16000366210938, 157.44000244140625, 156.85000610351562, 172.17999267578125, 177.7899932861328, 178.2899932861328, 173.75999450683594, 183.02999877929688, 186.02000427246094, 192.58999633789062, 185.13999938964844, 186.8300018310547, 187.00999450683594]
assets:[0, 100.00394236450195, 198.38416733398438, 309.55998916625975, 425.00257916717527, 559.5409629249573, 717.0284000549317, 775.9723006134034, 845.7334730484008, 1148.3127546966552, 1233.233860219574, 1372.2734421569824, 1480.410305984497, 1564.2582098442078, 1650.9038048286436, 1780.6677259735106, 1957.523625, 1934.4546087280273, 2079.1332181228636, 2600.5714956939696, 3036.740236024475, 3027.9476835479736, 3368.1030707702635, 3817.11665493927, 3555.2043, 3424.0213116546634, 3059.5253283950806, 3356.7390648971555, 3291.1662749999996, 3233.601921844482, 3456.544131011963, 3710.218090533447, 3892.6554099960326, 4023.2373578063966, 4062.3444833541867, 3710.322057264709, 3755.7935205978392, 3694.8270881263734, 4187.951046911621, 4304.928399682617, 4901.4221560058595, 4983.06195390625, 5570.091635058594, 5851.5842700271605, 5968.043577261352, 5916.40618096161, 6332.050928768921, 6535.496616105652, 6866.314844436646, 6700.69794190979, 6861.854941250611, 6968.459920310975]
shares:[0, 1.1918, 2.4032, 3.55, 4.6423, 5.6525, 6.5686, 7.5403, 8.5514, 9.3671, 10.1937, 10.9949, 11.7914, 12.5967, 13.4089, 14.2067, 14.9715, 15.7876, 16.5853, 17.2486, 17.8359, 18.4451, 19.0095, 19.5209, 20.0859, 20.6902, 21.3893, 22.0461, 22.7369, 23.4625, 24.1615, 24.8308, 25.4855, 26.1351, 26.7947, 27.5369, 28.2901, 29.0771, 29.7884, 30.4968, 31.132, 31.7696, 32.3504, 32.9129, 33.4738, 34.0493, 34.5957, 35.1333, 35.6525, 36.1926, 36.7278, 37.2625]
growth_rate:36.64
