ticker:AXSM
price:[68.33999633789062, 73.02999877929688, 81.6500015258789, 77.0199966430664, 70.5, 74.5999984741211, 73.73999786376953, 71.37999725341797, 66.30999755859375, 67.45999908447266, 74.18000030517578, 72.44000244140625, 75.18000030517578, 80.05999755859375, 79.31999969482422, 78.2699966430664, 84.91000366210938, 81.47000122070312, 77.70999908447266, 76.75, 74.6500015258789, 68.08999633789062, 75.25, 74.62999725341797, 72.2699966430664, 67.36000061035156, 65.0199966430664, 66.48999786376953, 64.5999984741211, 59.2400016784668, 57.5, 52.9900016784668, 53.439998626708984, 52.88999938964844, 60.459999084472656, 56.959999084472656, 58.41999816894531, 55.369998931884766, 60.709999084472656, 61.31999969482422, 66.38999938964844, 67.3499984741211, 73.5, 66.04000091552734, 65.31999969482422, 54.220001220703125, 53.68000030517578, 48.59000015258789, 51.15999984741211, 22.860000610351562, 21.559999465942383, 24.0]
assets:[0, 99.99997732849121, 211.80010395812988, 299.7926349334717, 374.4114, 496.1869698509216, 590.4656588943482, 671.5715661590576, 723.8730883483886, 836.429782648468, 1019.7524641952515, 1095.836136932373, 1237.282373022461, 1417.5983587707522, 1504.494162211609, 1584.5760820388796, 1819.0015354522704, 1845.3036746490477, 1860.1364770851137, 1937.15465, 1984.1522505569458, 1909.7882172851562, 2210.6117249999998, 2292.394699633789, 2319.903027240753, 2262.292356498718, 2283.7038440940855, 2435.335800756073, 2466.11140174942, 2361.49011090889, 2392.1265000000003, 2304.498079995346, 2424.0704017066955, 2499.121228160095, 2956.8143932258604, 2885.644817618561, 3059.607196102905, 2999.8690241310123, 3389.1842668899535, 3523.2386944656373, 3914.5468950119016, 4071.1525027641296, 4542.9027, 4181.811353973389, 4236.2175362083435, 3616.3439534179684, 3680.3276609230043, 3431.3529257755276, 3712.8449009262085, 1759.0244689651488, 1758.9919604284285, 2058.0624]
shares:[0, 1.3693, 2.594, 3.8924, 5.3108, 6.6513, 8.0074, 9.4084, 10.9165, 12.3989, 13.747, 15.1275, 16.4576, 17.7067, 18.9674, 20.245, 21.4227, 22.6501, 23.9369, 25.2398, 26.5794, 28.048, 29.3769, 30.7168, 32.1005, 33.5851, 35.1231, 36.6271, 38.1751, 39.8631, 41.6022, 43.4893, 45.3606, 47.2513, 48.9053, 50.6609, 52.3726, 54.1786, 55.8258, 57.4566, 58.9629, 60.4477, 61.8082, 63.3224, 64.8533, 66.6976, 68.5605, 70.6185, 72.5732, 76.9477, 81.5859, 85.7526]
growth_rate:-59.65
