ticker:AXTI
price:[5.150000095367432, 4.920000076293945, 5.400000095367432, 4.929999828338623, 6.210000038146973, 6.309999942779541, 6.389999866485596, 5.829999923706055, 5.949999809265137, 6.559999942779541, 7.699999809265137, 10.220000267028809, 9.970000267028809, 9.989999771118164, 9.119999885559082, 9.84000015258789, 9.640000343322754, 9.569999694824219, 11.1899995803833, 11.59000015258789, 11.9399995803833, 10.329999923706055, 11.229999542236328, 12.489999771118164, 15.369999885559082, 12.930000305175781, 11.289999961853027, 13.869999885559082, 13.109999656677246, 11.359999656677246, 12.3100004196167, 12.40999984741211, 10.9399995803833, 11.079999923706055, 9.859999656677246, 9.65999984741211, 8.949999809265137, 9.949999809265137, 10.180000305175781, 10.579999923706055, 10.199999809265137, 11.100000381469727, 10.930000305175781, 10.6899995803833, 10.399999618530273, 9.369999885559082, 9.819999694824219, 10.199999809265137, 9.779999732971191, 9.59000015258789, 8.609999656677246, 9.329999923706055]
assets:[0, 99.99998555068969, 209.7559837044239, 291.4995508500576, 467.1832708698273, 574.7065917884349, 681.9931837502479, 722.2256375486373, 837.0911931659699, 1022.910631077528, 1300.672417781353, 1826.3467517189026, 1881.6710513972284, 1985.4455215112687, 1912.5387600008012, 2163.5287055496215, 2219.554167048073, 2303.436721546173, 2793.3607142510414, 2993.2125774070737, 3183.602684116173, 2854.3225659189225, 3203.0047474372864, 3662.3801828861237, 4606.868509698486, 3975.525129830932, 3571.282141933251, 4487.394350974655, 4341.510108305168, 3861.979563282967, 4284.944961062908, 4419.753190656662, 3996.2210287201883, 4147.361419442368, 3790.7025040086746, 3813.8123757575986, 3633.50123256588, 4139.479515648937, 4335.166363959503, 4605.506764789009, 4540.091315102578, 5040.687773231506, 5063.487684377289, 5052.303325680923, 5015.243816041947, 4618.542281591224, 4940.350520468903, 5231.524822173118, 5116.108570312023, 5116.7158114128115, 4693.839466833687, 5186.35569258976]
shares:[0, 20.3252, 38.8437, 59.1277, 75.2308, 91.0787, 106.7282, 123.8809, 140.6876, 155.9315, 168.9185, 178.7032, 188.7333, 198.7433, 209.7082, 219.8708, 230.2442, 240.6935, 249.6301, 258.2582, 266.6334, 276.3139, 285.2186, 293.225, 299.7312, 307.4652, 316.3226, 323.5324, 331.1602, 339.963, 348.0865, 356.1445, 365.2853, 374.3106, 384.4526, 394.8046, 405.9778, 416.0281, 425.8513, 435.3031, 445.107, 454.116, 463.2651, 472.6196, 482.235, 492.9074, 503.0907, 512.8946, 523.1195, 533.547, 545.1614, 555.8795]
growth_rate:1.69
