ticker:AY
price:[28.290000915527344, 27.299999237060547, 26.959999084472656, 27.31999969482422, 28.260000228881836, 30.040000915527344, 29.770000457763672, 30.3799991607666, 29.489999771118164, 33.25, 33.7599983215332, 32.349998474121094, 35.189998626708984, 35.13999938964844, 33.349998474121094, 37.2400016784668, 40.810001373291016, 37.97999954223633, 46.15999984741211, 44.0, 46.189998626708984, 41.349998474121094, 44.72999954223633, 39.95000076293945, 38.04999923706055, 36.150001525878906, 35.15999984741211, 36.88999938964844, 32.59000015258789, 33.5099983215332, 37.630001068115234, 38.810001373291016, 39.040000915527344, 39.25, 38.54999923706055, 36.04999923706055, 35.439998626708984, 36.93000030517578, 36.349998474121094, 36.31999969482422, 37.310001373291016, 36.5, 37.41999816894531, 38.119998931884766, 37.33000183105469, 37.04999923706055, 39.16999816894531, 39.7599983215332, 38.77000045776367, 38.834999084472656, 38.43000030517578, 38.25]
assets:[0, 99.99989720535278, 198.75450525054933, 301.4078966331482, 411.7792893350601, 537.7160163879394, 632.8834167316437, 745.8502453962326, 824.0007266046524, 1029.0609, 1144.8454310810089, 1197.0308185386657, 1402.1173432823182, 1500.1265739440917, 1523.7114052848815, 1801.4403931938173, 2074.1356717964172, 2030.304431529236, 2567.585367512512, 2547.4372, 2774.2313645183563, 2583.5354996635438, 2894.7153393756867, 2685.3751312835693, 2657.65927171135, 2624.9528307983396, 2653.064592486191, 2883.606405290222, 2647.484511395645, 2822.222111639023, 3269.2117067955014, 3471.729267847061, 3592.3047242431644, 3711.62915, 3745.433115874481, 3602.5377087581637, 3641.580354889679, 3894.6821481842044, 3933.5133048812863, 4030.266926136017, 4240.121223068619, 4248.0671, 4455.142657998657, 4638.483402030563, 4642.355294709778, 4707.535853061676, 5076.901802673339, 5253.37327422905, 5222.567189663697, 5331.323043315124, 5375.722947689056, 5450.544674999999]
shares:[0, 3.663, 7.3722, 11.0325, 14.5711, 17.9, 21.2591, 24.5507, 27.9417, 30.9492, 33.9113, 37.0025, 39.8442, 42.69, 45.6885, 48.3738, 50.8242, 53.4572, 55.6236, 57.8963, 60.0613, 62.4797, 64.7153, 67.2184, 69.8465, 72.6128, 75.4569, 78.1677, 81.2361, 84.2203, 86.8778, 89.4545, 92.016, 94.5638, 97.1578, 99.9317, 102.7534, 105.4612, 108.2122, 110.9655, 113.6457, 116.3854, 119.0578, 121.6811, 124.3599, 127.059, 129.612, 132.1271, 134.7064, 137.2814, 139.8835, 142.4979]
growth_rate:6.87
