ticker:AYLA
price:[8.800000190734863, 9.857000350952148, 13.5, 12.859999656677246, 11.899999618530273, 11.890000343322754, 13.149999618530273, 13.5, 11.390000343322754, 11.329999923706055, 10.399999618530273, 10.307000160217285, 9.890000343322754, 10.520000457763672, 11.229999542236328, 11.550000190734863, 11.75, 11.0, 12.604000091552734, 12.9399995803833, 13.149999618530273, 12.989999771118164, 14.020000457763672, 20.530000686645508, 21.0, 17.149999618530273, 13.40999984741211, 13.420000076293945, 13.479999542236328, 11.890000343322754, 10.149999618530273, 10.850000381469727, 10.449999809265137, 10.5, 10.630000114440918, 10.0, 10.0, 9.979999542236328, 9.539999961853027, 9.21500015258789, 11.145000457763672, 11.21399974822998, 10.880000114440918, 9.15999984741211, 8.229999542236328, 11.970000267028809, 11.789999961853027, 12.5, 13.079999923706055, 12.210000038146973, 12.460000038146973, 12.600000381469727]
assets:[0, 100.00025426044463, 236.95874999999998, 325.7245013041496, 401.40959713230137, 501.07196146841045, 654.1717160230636, 771.58305, 750.987143636608, 847.0307942962647, 877.5041278133392, 969.6568075728417, 1030.4262787703515, 1196.0651400451661, 1376.787836878586, 1516.019530035305, 1642.2704749999998, 1637.4446, 1976.213944754791, 2128.8964949644087, 2263.4463143394473, 2335.9059248416897, 2621.1246075817107, 3938.2084417171477, 4128.3669, 3471.4994927829744, 2814.4491969753267, 2916.5484865808485, 3029.588109119034, 2772.240377048206, 2466.5463322992323, 2736.6532812166215, 2735.7629250664713, 2848.85265, 2984.12379012661, 2907.266, 3007.266, 3101.2509257514953, 3064.5227397460935, 3060.1237011714934, 3801.039184621811, 3924.5713416878702, 3907.6815131028175, 3389.9226675304412, 3145.7494330291747, 4675.288190297127, 4704.983408776856, 5088.320000000001, 5424.418540360069, 5163.6200051323885, 5369.345452438545, 5529.675227412987]
shares:[0, 10.1451, 17.5525, 25.3285, 33.7319, 42.1423, 49.7469, 57.1543, 65.9339, 74.76, 84.3754, 94.0775, 104.1887, 113.6944, 122.5991, 131.2571, 139.7677, 148.8586, 156.7926, 164.5206, 172.1252, 179.8234, 186.9561, 191.827, 196.5889, 202.4198, 209.8769, 217.3285, 224.7469, 233.1573, 243.0095, 252.2261, 261.7955, 271.3193, 280.7266, 290.7266, 300.7266, 310.7466, 321.2288, 332.0807, 341.0533, 349.9707, 359.1619, 370.0789, 382.2296, 390.5838, 399.0656, 407.0656, 414.7109, 422.9009, 430.9266, 438.8631]
growth_rate:8.43
