ticker:AYRO
price:[2.869999885559082, 2.6600000858306885, 2.7899999618530273, 2.9000000953674316, 2.809999942779541, 2.940000057220459, 3.0299999713897705, 2.9000000953674316, 2.5199999809265137, 2.8299999237060547, 3.990000009536743, 8.09000015258789, 8.380000114440918, 6.679999828338623, 5.960000038146973, 6.769999980926514, 6.159999847412109, 6.079999923706055, 6.820000171661377, 6.659999847412109, 6.929999828338623, 6.670000076293945, 7.170000076293945, 9.90999984741211, 8.079999923706055, 7.170000076293945, 5.449999809265137, 7.0, 6.909999847412109, 6.75, 6.579999923706055, 5.900000095367432, 4.869999885559082, 5.119999885559082, 5.53000020980835, 4.710000038146973, 4.369999885559082, 4.760000228881836, 4.889999866485596, 5.150000095367432, 5.449999809265137, 5.289999961853027, 4.989999771118164, 4.739999771118164, 4.639999866485596, 4.369999885559082, 4.28000020980835, 4.400000095367432, 4.28000020980835, 4.130000114440918, 3.759999990463257, 3.990000009536743]
assets:[0, 100.0000432267189, 204.88727419862747, 312.9654002919674, 403.2526947885037, 521.9085161577701, 637.885289976883, 710.517423365593, 717.4150145699978, 905.6684615840912, 1376.8967342910053, 2891.7527565422056, 3095.4128222723007, 2567.4652820217607, 2390.73243130188, 2815.6470540673254, 2661.9478380615237, 2727.3773097759245, 3159.328251521206, 3185.208863023376, 3414.3388434242247, 3386.23964573307, 3740.080686797142, 5269.344127865983, 4396.296446488762, 4001.1690695753095, 3141.334655062008, 4134.7418, 4181.580879661559, 4184.7570000000005, 4179.363279541016, 3847.453782190132, 3275.7796120219227, 3543.9410407867435, 3927.7335250183105, 3445.320753904152, 3296.6138566687587, 3690.8199254709243, 3891.619351744938, 4198.5360327482695, 4543.110576003743, 4509.735018479633, 4353.984380290985, 4235.848655462265, 4246.4847258088585, 4099.3832726459505, 4114.956981717824, 4330.329613857364, 4312.229895388269, 4261.100360073662, 3979.3550059068916, 4322.773192332125]
shares:[0, 37.594, 73.4363, 107.9191, 143.5063, 177.5199, 210.5232, 245.006, 284.6885, 320.0242, 345.0869, 357.4478, 369.381, 384.3511, 401.1296, 415.9006, 432.1344, 448.5818, 463.2446, 478.2596, 492.6896, 507.6821, 521.6291, 531.7199, 544.0961, 558.0431, 576.3917, 590.6774, 605.1492, 619.964, 635.1616, 652.1108, 672.6447, 692.176, 710.2592, 731.4906, 754.3739, 775.3823, 795.8322, 815.2497, 833.5983, 852.5019, 872.542, 893.639, 915.1907, 938.074, 961.4385, 984.1658, 1007.5303, 1031.7434, 1058.3391, 1083.4018]
growth_rate:-15.24
