ticker:AYTU
price:[9.800000190734863, 11.399999618530273, 13.800000190734863, 11.800000190734863, 12.100000381469727, 11.300000190734863, 10.300000190734863, 9.899999618530273, 9.5, 10.199999809265137, 9.699999809265137, 9.5, 9.199999809265137, 8.600000381469727, 6.28000020980835, 6.110000133514404, 6.119999885559082, 5.980000019073486, 6.75, 7.440000057220459, 8.029999732971191, 7.139999866485596, 8.15999984741211, 8.569999694824219, 8.069999694824219, 7.670000076293945, 7.460000038146973, 8.59000015258789, 9.729999542236328, 7.710000038146973, 7.559999942779541, 7.230000019073486, 6.489999771118164, 6.789999961853027, 6.619999885559082, 5.739999771118164, 5.389999866485596, 5.659999847412109, 5.079999923706055, 5.320000171661377, 5.440000057220459, 4.730000019073486, 5.21999979019165, 4.949999809265137, 4.789999961853027, 4.239999771118164, 4.099999904632568, 3.9700000286102295, 3.9000000953674316, 3.4600000381469727, 3.4200000762939453, 3.6600000858306885]
assets:[0, 99.9996566537857, 221.05254305524826, 289.0162246716499, 396.3645524959564, 470.15910793590547, 528.5517197876931, 608.0253065713882, 683.4585, 833.8183644080161, 892.9451224416733, 974.5337499999999, 1043.7592983607292, 1075.6880477142333, 885.5026375837326, 961.5319430111886, 1063.1057921204567, 1138.7863536322118, 1385.419275, 1627.0402205134392, 1856.0661832785606, 1750.350261269331, 2100.4002807235715, 2305.9349598861695, 2271.399868104553, 2258.815022468567, 2296.969819745636, 2744.9019067588806, 3209.1844500186917, 2642.9409820765495, 2691.5217636282923, 2674.0350280543807, 2500.3438018207553, 2715.9218997416497, 2747.9235564962387, 2482.6405930049896, 2431.260232775831, 2653.048518476486, 2481.1811827363967, 2698.4025070698262, 2859.268926075125, 2586.0920354282853, 2953.995793269539, 2901.2028082099914, 2907.4265128456113, 2673.588247675514, 2685.3092875387665, 2700.16534745903, 2752.5553273087503, 2542.0104740260126, 2612.6232162828446, 2895.9651859133005]
shares:[0, 8.7719, 16.0183, 24.4929, 32.7574, 41.607, 51.3157, 61.4167, 71.943, 81.7469, 92.0562, 102.5825, 113.4521, 125.08, 141.0036, 157.3702, 173.7101, 190.4325, 205.2473, 218.6882, 231.1415, 245.1471, 257.402, 269.0706, 281.4622, 294.5, 307.9048, 319.5462, 329.8237, 342.7939, 356.0214, 369.8527, 385.261, 399.9885, 415.0942, 432.5158, 451.0687, 468.7365, 488.4215, 507.2185, 525.6009, 546.7425, 565.8996, 586.1016, 606.9784, 630.5633, 654.9535, 680.1424, 705.7834, 734.6851, 763.9249, 791.2473]
growth_rate:-43.22
