ticker:AZN
price:[53.58000183105469, 53.72999954223633, 56.45000076293945, 55.5099983215332, 54.220001220703125, 54.720001220703125, 53.029998779296875, 52.0, 50.15999984741211, 55.52000045776367, 57.380001068115234, 55.29999923706055, 52.61000061035156, 53.7400016784668, 54.27000045776367, 50.209999084472656, 48.52000045776367, 49.9900016784668, 50.86000061035156, 51.34000015258789, 53.25, 50.599998474121094, 49.72999954223633, 51.689998626708984, 50.59000015258789, 48.380001068115234, 48.060001373291016, 48.41999816894531, 49.209999084472656, 50.63999938964844, 49.529998779296875, 49.939998626708984, 50.7400016784668, 52.2599983215332, 53.06999969482422, 53.810001373291016, 55.209999084472656, 57.400001525878906, 56.77000045776367, 56.79999923706055, 58.77000045776367, 58.369998931884766, 59.349998474121094, 60.790000915527344, 59.630001068115234, 56.790000915527344, 58.22999954223633, 57.2400016784668, 56.439998626708984, 58.47999954223633, 59.38999938964844, 58.630001068115234]
assets:[0, 100.00227514801026, 205.06591777153014, 301.65243287887574, 394.6402788848877, 498.2803311157227, 582.8898375823975, 671.5696, 747.8053417251587, 927.7169996490478, 1058.7987317092895, 1120.4166945423126, 1165.9165285263061, 1290.958442320633, 1403.6881348400116, 1398.6748394966125, 1451.5971136951446, 1595.5758745731353, 1723.3453466812132, 1839.609751467514, 2008.0468500000002, 2008.1165994438172, 2073.5917909126283, 2255.3173440811156, 2307.3239039592745, 2306.5310649227144, 2391.2734283294676, 2509.1872511123656, 2650.1257646957397, 2827.134949925232, 2865.166792385864, 2988.8839478092195, 3136.762125763321, 3330.728281024933, 3482.352546974945, 3630.9105576648712, 3825.3793745651246, 4077.122108383179, 4132.373488321305, 4234.559223121261, 4481.424106906128, 4550.922032722474, 4727.328273461151, 4942.026467429352, 4947.721819625473, 4812.078011576843, 5034.094097425461, 5048.505184038925, 5077.946184444046, 5361.4872940319065, 5544.917598014832, 5573.960064545822]
shares:[0, 1.8612, 3.6327, 5.4342, 7.2785, 9.106, 10.9917, 12.9148, 14.9084, 16.7096, 18.4524, 20.2607, 22.1615, 24.0223, 25.8649, 27.8565, 29.9175, 31.9179, 33.8841, 35.8319, 37.7098, 39.6861, 41.697, 43.6316, 45.6083, 47.6753, 49.756, 51.8213, 53.8534, 55.8281, 57.8471, 59.8495, 61.8203, 63.7338, 65.6181, 67.4765, 69.2878, 71.03, 72.7915, 74.5521, 76.2536, 77.9668, 79.6517, 81.2967, 82.9737, 84.7346, 86.4519, 88.1989, 89.9707, 91.6807, 93.3645, 95.0701]
growth_rate:9.29
