ticker:AZPN
price:[127.95999908447266, 123.77999877929688, 129.1999969482422, 127.75, 126.54000091552734, 132.39999389648438, 133.0399932861328, 129.49000549316406, 109.80999755859375, 116.16000366210938, 120.76000213623047, 131.08999633789062, 134.5500030517578, 135.6999969482422, 134.8699951171875, 129.8699951171875, 130.50999450683594, 130.25, 142.58999633789062, 141.8000030517578, 142.3800048828125, 133.89999389648438, 151.44000244140625, 158.64999389648438, 155.35000610351562, 150.50999450683594, 149.5, 150.5399932861328, 148.82000732421875, 144.89999389648438, 153.0, 153.07000732421875, 152.67999267578125, 150.8699951171875, 130.83999633789062, 127.06999969482422, 146.00999450683594, 142.05999755859375, 136.47000122070312, 139.1199951171875, 139.05999755859375, 137.0500030517578, 140.9499969482422, 142.99000549316406, 145.49000549316406, 143.50999450683594, 145.85000610351562, 146.25999450683594, 147.97000122070312, 127.02999877929688, 126.80999755859375, 130.5800018310547]
assets:[0, 100.00186101379394, 204.38147517242433, 302.090425, 399.2337028884887, 517.7236961334229, 620.2324486999512, 703.6875368515015, 696.7444345092773, 837.0373703887939, 970.1858571624757, 1153.1724797851562, 1283.6070291137694, 1394.57529863739, 1486.0515541992188, 1530.9594504394531, 1638.5007770355226, 1735.2426, 1999.6393316436768, 2088.5580649490357, 2197.0943313476564, 2166.2341012573243, 2549.9921931091308, 2771.393283380127, 2813.7459155487063, 2826.0810138565066, 2907.1171999999997, 3027.344210984802, 3092.7625102111815, 3111.2926689453125, 3385.2167999999997, 3486.7663898376463, 3577.8876803649905, 3635.4690113403317, 3252.813148956299, 3259.0913521728517, 3844.86658434906, 3840.8477419921874, 3789.7173458984375, 3963.3060688964842, 4061.594878692627, 4102.893351361084, 4319.652271473694, 4482.164712188721, 4660.524992964172, 4697.096471208191, 4873.680048953247, 4987.378056686402, 5145.686386450195, 4517.491628588867, 4609.6702212524415, 4846.71181196289]
shares:[0, 0.8079, 1.5819, 2.3647, 3.155, 3.9103, 4.662, 5.4343, 6.345, 7.2059, 8.034, 8.7968, 9.54, 10.2769, 11.0184, 11.7884, 12.5546, 13.3224, 14.0237, 14.7289, 15.4312, 16.178, 16.8383, 17.4686, 18.1123, 18.7767, 19.4456, 20.1099, 20.7819, 21.472, 22.1256, 22.7789, 23.4339, 24.0967, 24.861, 25.648, 26.3329, 27.0368, 27.7696, 28.4884, 29.2075, 29.9372, 30.6467, 31.346, 32.0333, 32.7301, 33.4157, 34.0994, 34.7752, 35.5624, 36.351, 37.1168]
growth_rate:-4.97
