ticker:AZRX
price:[0.800000011920929, 0.7200000286102295, 0.8149999976158142, 0.722000002861023, 0.7160000205039978, 0.7749999761581421, 0.7680000066757202, 0.8009999990463257, 0.7269999980926514, 0.7239999771118164, 0.7300000190734863, 0.7749999761581421, 0.7749999761581421, 0.7749999761581421, 0.7400000095367432, 0.800000011920929, 0.7910000085830688, 0.9700000286102295, 0.8199999928474426, 0.8700000047683716, 1.840000033378601, 1.4600000381469727, 1.5399999618530273, 1.809999942779541, 1.7100000381469727, 1.440000057220459, 1.2100000381469727, 1.3600000143051147, 1.3899999856948853, 1.309999942779541, 1.0199999809265137, 0.9300000071525574, 0.7940000295639038, 0.843999981880188, 0.9150000214576721, 0.8199999928474426, 0.7799999713897705, 0.8899999856948853, 0.8500000238418579, 0.859000027179718, 0.8519999980926514, 0.8349999785423279, 0.8299999833106995, 0.800000011920929, 0.746999979019165, 0.6800000071525574, 0.5690000057220459, 0.5440000295639038, 0.5860000252723694, 0.5899999737739563, 0.5809999704360962, 0.625]
assets:[0, 100.00001197364331, 213.1944638763249, 288.8667861446738, 386.4662378671825, 518.3119240548134, 613.6303925338864, 739.9972809189559, 771.6329997755527, 868.4488325452805, 975.6459744917393, 1135.7885050589562, 1235.7885344825863, 1335.7885639062165, 1375.4626597262622, 1586.9866636479437, 1669.1330186116097, 2146.850914321542, 1914.8635732973516, 2131.6235516831875, 4608.261315596365, 3756.555132151508, 4062.3936193714144, 4874.631391895771, 4705.314935966969, 4062.3704814240928, 3513.519581768703, 4049.0797625901105, 4238.397547380746, 4094.4608891550065, 3288.053578515053, 3097.931300825948, 2744.9005812039973, 3017.7530788119434, 3371.6163265677988, 3121.557686771804, 3069.286471419239, 3602.1346781023026, 3540.2411743010875, 3677.726066467351, 3747.756121210003, 3772.976878542751, 3850.3841985780477, 3811.213816791511, 3658.7207392382625, 3430.5625000842574, 2970.5736071730375, 2940.056428578567, 3267.0460690975965, 3389.346417340422, 3437.644473277116, 3797.982625]
shares:[0, 138.8889, 261.5883, 400.0925, 539.7573, 668.7896, 798.9979, 923.8418, 1061.3934, 1199.515, 1336.5013, 1465.5336, 1594.5659, 1723.5982, 1858.7333, 1983.7333, 2110.1555, 2213.2483, 2335.1995, 2450.142, 2504.4898, 2572.9829, 2637.918, 2693.1666, 2751.6461, 2821.0905, 2903.7351, 2977.2645, 3049.2069, 3125.5428, 3223.582, 3331.1089, 3457.0535, 3575.5369, 3684.8265, 3806.7777, 3934.9828, 4047.3424, 4164.9895, 4281.4039, 4398.7748, 4518.5353, 4639.0172, 4764.0172, 4897.886, 5044.9448, 5220.6917, 5404.5152, 5575.1637, 5744.6552, 5916.7722, 6076.7722]
growth_rate:-25.53
