ticker:AZYO
price:[13.539999961853027, 12.0, 11.079999923706055, 10.979999542236328, 10.770000457763672, 12.25, 12.399999618530273, 13.550000190734863, 14.460000038146973, 13.569999694824219, 12.520000457763672, 12.5600004196167, 13.630000114440918, 14.050000190734863, 14.989999771118164, 15.300000190734863, 16.18000030517578, 15.9399995803833, 15.579999923706055, 16.299999237060547, 15.920000076293945, 14.640000343322754, 13.84000015258789, 16.25, 14.680000305175781, 13.970000267028809, 13.239999771118164, 12.899999618530273, 11.619999885559082, 9.770000457763672, 11.579999923706055, 11.5, 11.949999809265137, 12.550000190734863, 11.449999809265137, 10.59000015258789, 10.619999885559082, 10.770000457763672, 9.100000381469727, 8.029999732971191, 7.550000190734863, 8.640000343322754, 8.489999771118164, 8.119999885559082, 7.928999900817871, 7.980000019073486, 8.100000381469727, 8.180000305175781, 8.180000305175781]
assets:[0, 99.99959999999999, 192.3332866756439, 290.59776588478087, 385.04044036560055, 537.952625, 644.539580171585, 804.3158163218498, 958.3321645281791, 999.3477005256653, 1022.0214093677521, 1125.286861594677, 1321.1518220927237, 1461.8617748454094, 1659.6657926586151, 1793.9877523644445, 1997.1718656692506, 2067.5470595723154, 2120.8524176143646, 2318.8639714630126, 2364.8045713329316, 2274.6695573432926, 2250.3701848106384, 2742.233, 2577.291317578125, 2552.640358792305, 2519.2528724493027, 2554.5585444583894, 2401.0835703526495, 2118.8112062747955, 2611.3444087953567, 2693.3046, 2898.6947237337113, 3144.235632786083, 2968.644885548115, 2845.6728290023802, 2953.734196170616, 3095.4542965679166, 2715.4719638319016, 2496.1800209922794, 2446.9686518175126, 2900.2398912451745, 2949.888625473976, 2921.3307348276135, 2952.6144623663904, 3071.605747341633, 3217.7956215421673, 3349.575972964478, 3449.575658695221]
shares:[0, 8.3333, 17.3586, 26.4661, 35.7512, 43.9145, 51.979, 59.3591, 66.2747, 73.6439, 81.6311, 89.5929, 96.9297, 104.0471, 110.7182, 117.2541, 123.4346, 129.7081, 136.1266, 142.2616, 148.543, 155.3736, 162.599, 168.7528, 175.5648, 182.723, 190.2759, 198.0278, 206.6337, 216.8691, 225.5047, 234.2004, 242.5686, 250.5367, 259.2703, 268.7132, 278.1294, 287.4145, 298.4035, 310.8568, 324.1018, 335.6759, 347.4545, 359.7698, 372.3817, 384.913, 397.2587, 409.4836, 421.7085]
growth_rate:-28.13
