ticker:BAND
price:[148.13999938964844, 143.97000122070312, 154.67999267578125, 174.22999572753906, 181.25, 178.1199951171875, 185.33999633789062, 162.3699951171875, 160.35499572753906, 163.44000244140625, 143.6999969482422, 153.0, 150.0800018310547, 158.11000061035156, 169.00999450683594, 180.11000061035156, 174.05999755859375, 153.6699981689453, 156.07000732421875, 162.10000610351562, 169.22999572753906, 178.13999938964844, 185.0, 184.10000610351562, 188.8300018310547, 158.36000061035156, 125.0999984741211, 127.72000122070312, 123.19999694824219, 114.94999694824219, 126.73999786376953, 128.55999755859375, 135.0500030517578, 138.00999450683594, 132.1999969482422, 125.66000366210938, 114.11000061035156, 116.5999984741211, 118.29000091552734, 114.73999786376953, 127.0, 131.85000610351562, 138.82000732421875, 137.67999267578125, 130.67999267578125, 128.74000549316406, 133.55999755859375, 129.66000366210938, 119.97000122070312, 110.75, 103.31999969482422, 105.12000274658203]
assets:[0, 100.00156284790039, 207.44133817749022, 333.6678648178101, 447.1075, 539.3829692138672, 661.2375049346923, 679.2911115722657, 770.8585354614257, 885.6813732299804, 878.7111113388061, 1035.5805, 1115.8147976135253, 1275.5208079238892, 1463.4575424346924, 1659.5695676239013, 1703.8210981018067, 1604.2225788848875, 1729.271288153076, 1896.0837713928222, 2079.481264500427, 2288.9742941574095, 2477.113, 2565.065385040283, 2730.9727844818117, 2390.3016852127075, 1988.2768257484436, 2129.9226003570557, 2154.546186630249, 2110.263538975525, 2426.703413097381, 2561.545095355225, 2790.862333065796, 2952.0337825012207, 2927.7540124145507, 2882.9169360168457, 2717.9290495376586, 2877.23322234726, 3018.938258365631, 3028.3327636184695, 3451.9107999999997, 3683.7309505249023, 3978.47035390625, 4045.79542477417, 3940.093255169678, 3981.6065198898314, 4230.673194665527, 4207.130002825928, 3992.709613626099, 3785.85585, 3631.8736332725525, 3795.147459159851]
shares:[0, 0.6946, 1.3411, 1.9151, 2.4668, 3.0282, 3.5677, 4.1836, 4.8072, 5.419, 6.1149, 6.7685, 7.4348, 8.0673, 8.659, 9.2142, 9.7887, 10.4394, 11.0801, 11.697, 12.2879, 12.8493, 13.3898, 13.933, 14.4626, 15.0941, 15.8935, 16.6765, 17.4882, 18.3581, 19.1471, 19.9249, 20.6654, 21.39, 22.1464, 22.9422, 23.8185, 24.6761, 25.5215, 26.393, 27.1804, 27.9388, 28.6592, 29.3855, 30.1507, 30.9275, 31.6762, 32.4474, 33.2809, 34.1838, 35.1517, 36.103]
growth_rate:-25.59
