ticker:BANFP
price:[28.299999237060547, 28.309999465942383, 28.399999618530273, 28.399999618530273, 28.34000015258789, 28.0, 28.100000381469727, 27.920000076293945, 27.559999465942383, 27.780000686645508, 26.81999969482422, 28.479999542236328, 28.8799991607666, 28.850000381469727, 28.899999618530273, 28.469999313354492, 28.75, 28.479999542236328, 28.899999618530273, 28.079999923706055, 28.209999084472656, 28.1299991607666, 28.0, 28.950000762939453, 28.100000381469727, 28.5, 28.5, 28.190000534057617, 27.809999465942383, 27.440000534057617, 27.0, 26.84000015258789, 26.920000076293945, 27.0, 27.0, 27.0, 27.0, 27.0, 26.8799991607666, 26.860000610351562, 27.06999969482422, 27.700000762939453, 27.700000762939453, 26.850000381469727, 27.030000686645508, 27.420000076293945, 27.100000381469727, 26.950000762939453, 27.049999237060547, 27.68000030517578, 27.049999237060547, 27.020000457763672]
assets:[0, 99.99941111354829, 200.31655730934142, 300.3157959661484, 399.6818561519623, 494.88599999999997, 596.652928099823, 692.8320098932267, 783.897332809639, 890.1545620021819, 959.394301083374, 1118.7741260177613, 1234.4871161266326, 1333.2046776283264, 1435.515001051712, 1514.1569844812393, 1629.04975, 1713.7497964546203, 1839.0225757255555, 1886.8440188734055, 1995.5781562355041, 2089.9182876491545, 2180.2592, 2354.231432042694, 2385.108362378883, 2519.06085, 2619.06165, 2690.5748679727553, 2754.30512810688, 2817.659990839386, 2872.4786999999997, 2955.4570928020476, 3064.265920684433, 3173.3721, 3273.3720000000003, 3373.3719, 3473.3718000000003, 3573.3717, 3657.488909807777, 3754.767543321228, 3884.122664212036, 4074.5177622241977, 4174.517534978485, 4146.418708909989, 4274.216166578293, 4435.886964342499, 4484.1178231201175, 4559.298719071197, 4676.217223108291, 4885.126997859193, 4873.941897531509, 4968.537658175278]
shares:[0, 3.5323, 7.0534, 10.5745, 14.1031, 17.6745, 21.2332, 24.8149, 28.4433, 32.043, 35.7716, 39.2828, 42.7454, 46.2116, 49.6718, 53.1843, 56.6626, 60.1738, 63.634, 67.1953, 70.7401, 74.295, 77.8664, 81.3206, 84.8793, 88.3881, 91.8969, 95.4443, 99.0401, 102.6844, 106.3881, 110.1139, 113.8286, 117.5323, 121.236, 124.9397, 128.6434, 132.3471, 136.0673, 139.7903, 143.4844, 147.0945, 150.7046, 154.429, 158.1286, 161.7756, 165.4656, 169.1762, 172.8731, 176.4858, 180.1827, 183.8837]
growth_rate:-2.58
