ticker:BANF
price:[44.88999938964844, 43.54999923706055, 43.459999084472656, 40.34000015258789, 42.27000045776367, 44.560001373291016, 43.81999969482422, 46.22999954223633, 44.45000076293945, 44.5099983215332, 52.95000076293945, 54.18000030517578, 57.25, 57.65999984741211, 58.29999923706055, 56.2599983215332, 58.130001068115234, 58.70000076293945, 62.47999954223633, 64.16999816894531, 64.52999877929688, 57.630001068115234, 62.310001373291016, 64.51000213623047, 65.41000366210938, 63.880001068115234, 69.47000122070312, 77.22000122070312, 75.31999969482422, 72.93000030517578, 70.86000061035156, 71.30000305175781, 70.30999755859375, 70.4800033569336, 69.51000213623047, 73.58999633789062, 73.4000015258789, 71.87999725341797, 68.97000122070312, 68.16999816894531, 66.37999725341797, 63.369998931884766, 64.7699966430664, 61.220001220703125, 60.81999969482422, 57.279998779296875, 55.68000030517578, 55.47999954223633, 58.09000015258789, 58.060001373291016, 56.88999938964844, 57.290000915527344]
assets:[0, 99.99950824813843, 199.7943077911377, 285.4498750797272, 399.1048903221131, 520.7281760482788, 612.0821377372741, 745.7453686157227, 817.0310190235139, 918.1344413772583, 1192.2328071784973, 1319.9277494346618, 1494.71735, 1605.4216097515107, 1723.2430374488831, 1762.9464294040679, 1921.545315307617, 2040.38854651947, 2271.7790313556675, 2433.230075569153, 2546.882897821045, 2374.5519860099794, 2667.385231788254, 2861.560478759766, 3001.481920043945, 3031.272138684845, 3396.534246682739, 3875.44792326355, 3880.0947202789307, 3856.9759961395266, 3847.4996251403804, 3971.3887799819945, 4016.2476805419924, 4125.955780517578, 4169.1682221298215, 4513.885272372437, 4602.231475673675, 4606.925595966339, 4520.41802600708, 4567.982956303406, 4548.038787817382, 4441.806009132385, 4639.934726519013, 4485.62622144165, 4556.318113137817, 4391.119074420166, 4368.463511943054, 4452.7748312603, 4762.253066509246, 4859.796294948578, 4861.864859838867, 4996.049006839752]
shares:[0, 2.2962, 4.5972, 7.0761, 9.4418, 11.686, 13.9681, 16.1312, 18.3809, 20.6276, 22.5162, 24.3619, 26.1086, 27.8429, 29.5582, 31.3357, 33.056, 34.7596, 36.3601, 37.9185, 39.4682, 41.2034, 42.8083, 44.3584, 45.8872, 47.4526, 48.8921, 50.1871, 51.5148, 52.886, 54.2972, 55.6997, 57.122, 58.5408, 59.9794, 61.3383, 62.7007, 64.0919, 65.5418, 67.0087, 68.5152, 70.0932, 71.6371, 73.2706, 74.9148, 76.6606, 78.4566, 80.2591, 81.9806, 83.703, 85.4608, 87.2063]
growth_rate:-2.04
