ticker:BANR
price:[36.369998931884766, 33.560001373291016, 33.77000045776367, 31.3799991607666, 33.36000061035156, 35.83000183105469, 35.93000030517578, 39.08000183105469, 36.869998931884766, 36.150001525878906, 43.31999969482422, 43.15999984741211, 43.880001068115234, 45.77000045776367, 44.720001220703125, 44.08000183105469, 45.630001068115234, 46.59000015258789, 50.38999938964844, 51.209999084472656, 51.83000183105469, 44.22999954223633, 48.5099983215332, 50.400001525878906, 51.439998626708984, 51.779998779296875, 56.380001068115234, 59.02000045776367, 57.25, 55.959999084472656, 53.95000076293945, 54.68000030517578, 55.41999816894531, 57.18000030517578, 56.84000015258789, 57.849998474121094, 59.0099983215332, 59.52000045776367, 58.529998779296875, 58.95000076293945, 57.2599983215332, 52.9900016784668, 56.84000015258789, 53.810001373291016, 52.970001220703125, 51.66999816894531, 52.349998474121094, 53.040000915527344, 55.41999816894531, 56.18000030517578, 55.599998474121094, 58.29999923706055]
assets:[0, 99.99873609199523, 200.6241957195282, 286.4240803398132, 404.4966794006348, 534.447473312378, 635.9394474014282, 791.6944010940551, 846.922310464859, 930.3853592712402, 1214.9180554412842, 1310.432547367096, 1432.2915028644563, 1593.9814589420316, 1657.4126852416991, 1733.6929200164793, 1894.6534673503877, 2034.5154216632843, 2300.45464213562, 2437.8878534156797, 2567.404323701477, 2290.937056289673, 2612.6223836021422, 2814.411685207367, 2972.486040643692, 3092.130653103638, 3466.8288176788333, 3729.1610229236603, 3717.3226499999996, 3733.5616029174807, 3699.459452316284, 3849.5157654846194, 4001.6120517883305, 4228.695460569, 4303.5496675529475, 4480.019581832886, 4669.8506331718445, 4810.210020994949, 4830.19985526123, 4964.863384255981, 4922.527535705567, 4655.441896461868, 5093.682509674072, 4922.151493618775, 4945.316392965698, 4923.949312507629, 5088.749656674957, 5255.823858721161, 5591.661677253724, 5768.34332933426, 5808.793160584259, 6190.876918983459]
shares:[0, 2.9797, 5.9409, 9.1276, 12.1252, 14.9162, 17.6994, 20.2583, 22.9705, 25.7368, 28.0452, 30.3622, 32.6411, 34.8259, 37.062, 39.3306, 41.5221, 43.6685, 45.653, 47.6057, 49.5351, 51.796, 53.8574, 55.8415, 57.7855, 59.7167, 61.4904, 63.1847, 64.9314, 66.7184, 68.572, 70.4008, 72.2052, 73.9541, 75.7134, 77.442, 79.1366, 80.8167, 82.5252, 84.2216, 85.968, 87.8551, 89.6144, 91.4728, 93.3607, 95.2961, 97.2063, 99.0917, 100.8961, 102.6761, 104.4747, 106.19]
growth_rate:21.39
