ticker:BANX
price:[18.899999618530273, 18.829999923706055, 19.0, 18.530000686645508, 18.81999969482422, 18.579999923706055, 18.799999237060547, 18.149999618530273, 18.829999923706055, 19.139999389648438, 19.260000228881836, 19.479999542236328, 19.8700008392334, 20.579999923706055, 21.0, 20.670000076293945, 19.809999465942383, 19.25, 20.1200008392334, 19.8799991607666, 19.959999084472656, 19.8700008392334, 20.239999771118164, 19.84000015258789, 20.399999618530273, 20.520000457763672, 20.399999618530273, 20.520000457763672, 19.899999618530273, 19.790000915527344, 19.610000610351562, 19.889999389648438, 19.799999237060547, 19.8799991607666, 19.90999984741211, 20.860000610351562, 21.200000762939453, 21.43000030517578, 21.809999465942383, 22.18000030517578, 22.040000915527344, 21.799999237060547, 21.860000610351562, 21.950000762939453, 21.889999389648438, 22.200000762939453, 21.549999237060547, 21.600000381469727, 21.729999542236328, 22.06999969482422, 22.209999084472656, 22.040000915527344]
assets:[0, 100.00048059482575, 200.9041, 295.93522896614076, 400.5667555046081, 495.4579939655304, 601.3236155971526, 680.5324206968307, 806.0294447341919, 919.2999126846313, 1025.0634361816406, 1136.772905286789, 1259.5315351978302, 1404.5376607931137, 1533.2016, 1609.1078309392929, 1642.1598107290267, 1695.738275, 1872.3773380994799, 1950.0430336790084, 2057.88987760849, 2148.610748749161, 2288.6197581193924, 2343.3897140228273, 2509.5345130729675, 2624.2967025432586, 2708.9506293439863, 2824.8858630180357, 2839.5329355680465, 2923.8380632629396, 2997.2434792877198, 3140.0401706436155, 3225.8317157012943, 3338.8657390499116, 3443.904349606323, 3708.2301585006717, 3868.6715392246247, 4010.643844113922, 4181.762057601928, 4352.705287889099, 4425.231055821228, 4477.044043315887, 4589.367224139404, 4708.261993650055, 4795.391819291687, 4963.303010572052, 4917.981355887604, 5029.39160882225, 5159.6601843067165, 5340.39038315506, 5474.267270343017, 5532.366421810913]
shares:[0, 5.3107, 10.5739, 15.9706, 21.2841, 26.6662, 31.9853, 37.4949, 42.8056, 48.0303, 53.2224, 58.3559, 63.3886, 68.2477, 73.0096, 77.8475, 82.8955, 88.0903, 93.0605, 98.0907, 103.1007, 108.1334, 113.0741, 118.1144, 123.0164, 127.8897, 132.7917, 137.665, 142.6901, 147.7432, 152.8426, 157.8703, 162.9208, 167.951, 172.9736, 177.7675, 182.4845, 187.1509, 191.736, 196.2446, 200.7818, 205.369, 209.9436, 214.4994, 219.0677, 223.5722, 228.2126, 232.8422, 237.4441, 241.9751, 246.4776, 251.0148]
growth_rate:8.48
