ticker:BAOS
price:[7.090000152587891, 6.559999942779541, 5.760000228881836, 4.820000171661377, 4.949999809265137, 6.579999923706055, 5.25, 5.920000076293945, 5.78000020980835, 5.614999771118164, 4.179999828338623, 4.079999923706055, 3.569999933242798, 3.109999895095825, 3.119999885559082, 2.7100000381469727, 2.819999933242798, 5.0, 3.359999895095825, 3.309999942779541, 3.2799999713897705, 3.240000009536743, 2.5399999618530273, 2.140000104904175, 2.140000104904175, 2.319999933242798, 2.140000104904175, 2.0999999046325684, 2.380000114440918, 2.240000009536743, 2.240000009536743]
assets:[0, 99.99998312773704, 187.80480746269225, 257.1561671584606, 364.09179097070694, 583.9848632287978, 565.9452749999999, 738.1707295131683, 820.7137897911072, 897.2848244243622, 767.9696324615478, 849.5971521129608, 843.3974902288913, 834.724282843709, 937.4083336160659, 914.22339086895, 1051.3320711120605, 1964.0639999999999, 1419.85094767015, 1498.722296091366, 1585.13870617342, 1665.8077729032038, 1405.9110608853339, 1284.5078849673987, 1384.5079498694658, 1600.9616579328776, 1576.7492952932598, 1647.2770951920986, 1966.9142045779226, 1951.2133843072415, 2051.2134807329894]
shares:[0, 15.2439, 32.605, 53.3519, 73.5539, 88.7515, 107.7991, 124.691, 141.992, 159.8014, 183.7248, 208.2346, 236.2458, 268.4001, 300.4514, 337.3518, 372.8128, 392.8128, 422.5747, 452.7862, 483.274, 514.1382, 553.5083, 600.2373, 646.9663, 690.0697, 736.7987, 784.4177, 826.4345, 871.0774, 915.7203]
growth_rate:-31.63
