ticker:BATRA
price:[19.280000686645508, 18.610000610351562, 20.030000686645508, 20.18000030517578, 20.649999618530273, 22.579999923706055, 20.8799991607666, 22.3700008392334, 20.700000762939453, 21.549999237060547, 24.65999984741211, 24.40999984741211, 26.209999084472656, 27.770000457763672, 25.93000030517578, 25.329999923706055, 25.170000076293945, 24.8700008392334, 26.25, 25.75, 26.100000381469727, 27.360000610351562, 29.43000030517578, 29.329999923706055, 29.18000030517578, 29.3799991607666, 30.489999771118164, 32.150001525878906, 30.709999084472656, 29.309999465942383, 29.280000686645508, 29.520000457763672, 28.899999618530273, 28.940000534057617, 27.989999771118164, 28.079999923706055, 27.440000534057617, 27.450000762939453, 27.920000076293945, 26.90999984741211, 27.729999542236328, 26.299999237060547, 28.010000228881836, 28.09000015258789, 28.139999389648438, 27.770000457763672, 27.739999771118164, 26.540000915527344, 26.139999389648438, 26.34000015258789, 25.549999237060547, 26.350000381469727]
assets:[0, 100.00083827972412, 207.63098711776732, 309.18585667572023, 416.38659230804444, 555.3031641237259, 613.4961353416443, 757.2759794099808, 800.7422695129394, 933.6235469467163, 1168.3612007705688, 1256.516947145462, 1449.1718173797606, 1635.4253129585268, 1627.0634381492614, 1689.414740911484, 1778.7437693916322, 1857.5428496824265, 2060.6145, 2121.364825, 2250.198482888222, 2458.82957485199, 2744.8596104629514, 2835.533469624138, 2921.031832549286, 3041.053201132965, 3255.947801558304, 3533.214437690735, 3474.9623074043275, 3416.5464667470933, 3513.049618384552, 3641.8440804737093, 3665.355161618614, 3770.427711579323, 3746.657399362564, 3858.7058535158153, 3870.757819335556, 3972.1688304016116, 4140.181427313423, 4090.411470806122, 4315.054136767578, 4192.532848378372, 4565.128658303643, 4678.167614412308, 4786.495708181763, 4823.560215512085, 4918.349117418862, 4805.58734977417, 4833.1604151489255, 4970.139406792068, 4921.072933053589, 5175.158519920921]
shares:[0, 5.3735, 10.366, 15.3214, 20.164, 24.5927, 29.382, 33.8523, 38.6832, 43.3236, 47.3788, 51.4755, 55.2908, 58.8918, 62.7483, 66.6962, 70.6692, 74.6901, 78.4996, 82.3831, 86.2145, 89.8695, 93.2674, 96.6769, 100.1039, 103.5076, 106.7874, 109.8978, 113.1541, 116.5659, 119.9812, 123.3687, 126.8289, 130.2843, 133.857, 137.4183, 141.0626, 144.7056, 148.2873, 152.0034, 155.6096, 159.4119, 162.9821, 166.5421, 170.0958, 173.6968, 177.3017, 181.0696, 184.8952, 188.6917, 192.6056, 196.4007]
growth_rate:1.47
