ticker:BATRK
price:[19.25, 18.649999618530273, 20.270000457763672, 20.290000915527344, 20.709999084472656, 22.229999542236328, 20.5, 21.985000610351562, 20.469999313354492, 21.389999389648438, 24.5, 24.1299991607666, 25.950000762939453, 27.309999465942383, 25.729999542236328, 25.0, 24.899999618530273, 24.8799991607666, 25.979999542236328, 25.520000457763672, 25.739999771118164, 26.780000686645508, 28.719999313354492, 28.5, 28.540000915527344, 28.790000915527344, 29.770000457763672, 31.260000228881836, 29.729999542236328, 28.579999923706055, 28.5, 28.920000076293945, 28.25, 28.420000076293945, 27.690000534057617, 27.65999984741211, 27.040000915527344, 26.899999618530273, 27.350000381469727, 26.479999542236328, 27.040000915527344, 25.8700008392334, 27.270000457763672, 27.600000381469727, 27.290000915527344, 26.920000076293945, 26.969999313354492, 26.450000762939453, 26.170000076293945, 26.020000457763672, 25.360000610351562, 26.170000076293945]
assets:[0, 99.99943295459748, 208.6857357128143, 308.8909159378052, 415.2851856414795, 545.7642727615356, 603.2904, 746.9931597381592, 795.5173953151703, 931.2713764266967, 1166.6728500000002, 1249.053211558342, 1443.2637874324798, 1618.9039963417051, 1625.2431400852204, 1679.1325000000002, 1772.4168328464507, 1870.9933528890608, 2053.7137678138733, 2117.3510539798735, 2235.6039221208575, 2425.9306342014315, 2701.670231407738, 2780.9758500000003, 2884.880372543335, 3010.150061723328, 3212.614714399338, 3473.408035431862, 3403.404130596542, 3371.756928999138, 3462.31965, 3613.3428935323714, 3629.630625, 3751.471272070885, 3755.110197424889, 3851.0409267555237, 3864.7191708526607, 3944.710094059944, 4110.699587334824, 4079.937705469513, 4266.219920446778, 4181.624348653603, 4507.919238671494, 4662.47082444172, 4710.101334014893, 4746.240985451317, 4855.055669392204, 4861.44666022644, 4909.984010314179, 4981.841327644348, 4955.475991265869, 5213.754903199769]
shares:[0, 5.3619, 10.2953, 15.2238, 20.0524, 24.5508, 29.4288, 33.9774, 38.8626, 43.5377, 47.6193, 51.7635, 55.6171, 59.2788, 63.1653, 67.1653, 71.1814, 75.2007, 79.0498, 82.9683, 86.8533, 90.5874, 94.0693, 97.5781, 101.082, 104.5554, 107.9145, 111.1135, 114.4771, 117.9761, 121.4849, 124.9427, 128.4825, 132.0011, 135.6125, 139.2278, 142.926, 146.6435, 150.2998, 154.0762, 157.7744, 161.6399, 165.3069, 168.9301, 172.5944, 176.3091, 180.0169, 183.7976, 187.6188, 191.462, 195.4052, 199.2264]
growth_rate:2.23
