ticker:BBBY
price:[11.75, 12.039999961853027, 12.5600004196167, 14.529999732971191, 20.600000381469727, 21.459999084472656, 24.84000015258789, 25.360000610351562, 19.799999237060547, 21.440000534057617, 20.229999542236328, 20.239999771118164, 21.799999237060547, 19.700000762939453, 19.170000076293945, 18.719999313354492, 18.600000381469727, 17.760000228881836, 18.940000534057617, 25.600000381469727, 30.209999084472656, 35.33000183105469, 26.540000915527344, 28.149999618530273, 26.469999313354492, 26.860000610351562, 28.09000015258789, 30.15999984741211, 31.579999923706055, 29.260000228881836, 28.920000076293945, 30.030000686645508, 25.520000457763672, 26.520000457763672, 25.31999969482422, 25.399999618530273, 25.1200008392334, 24.149999618530273, 27.989999771118164, 31.709999084472656, 31.90999984741211, 27.3799991607666, 28.93000030517578, 31.299999237060547, 29.600000381469727, 27.15999984741211, 28.719999313354492, 28.540000915527344, 27.239999771118164, 27.850000381469727, 26.579999923706055, 28.329999923706055]
assets:[0, 99.99942368316651, 204.31855082607268, 336.3651348183632, 576.8844706827164, 700.9672640953064, 911.372153598404, 1030.450368800354, 904.5312851463318, 1079.4525708885192, 1118.5328586898804, 1219.0855462141037, 1413.0476105472567, 1376.9276133255005, 1439.8836267305373, 1506.0838487571716, 1596.4287327413558, 1624.3313969335557, 1832.2537576646805, 2576.5401983934403, 3140.519727825165, 3772.777839532471, 2934.1218392158507, 3212.114821471596, 3120.4158690547943, 3266.390954223633, 3515.969139099121, 3875.065356394958, 4157.5133059558875, 3952.083858914566, 4006.1603625686644, 4259.923765404511, 3720.1550987300875, 3965.928164456177, 3886.4730971572876, 3998.752419944763, 4054.6720874624257, 3998.1024718465806, 4733.825505290222, 5462.973274273681, 5597.428803234101, 4902.80776372242, 5280.358622701263, 5812.935698309327, 5597.217992134094, 5235.826006584549, 5636.558345239639, 5701.233348888397, 5541.542113437653, 5765.637973973656, 5602.715785918236, 6071.592094648933]
shares:[0, 8.3056, 16.2674, 23.1497, 28.0041, 32.6639, 36.6897, 40.6329, 45.6834, 50.3476, 55.2908, 60.2315, 64.8187, 69.8948, 75.1113, 80.4532, 85.8295, 91.4601, 96.7399, 100.6461, 103.9563, 106.7868, 110.5547, 114.1071, 117.885, 121.608, 125.168, 128.4836, 131.6502, 135.0678, 138.5256, 141.8556, 145.7741, 149.5448, 153.4942, 157.4312, 161.4121, 165.5529, 169.1256, 172.2792, 175.413, 179.0653, 182.5219, 185.7168, 189.0952, 192.7771, 196.259, 199.7629, 203.434, 207.0247, 210.7869, 214.3167]
growth_rate:19.05
