ticker:BBCP
price:[4.420000076293945, 3.509999990463257, 3.7799999713897705, 3.4100000858306885, 3.6600000858306885, 4.0, 3.880000114440918, 3.759999990463257, 3.2300000190734863, 3.4000000953674316, 3.569999933242798, 3.5, 3.5, 3.490000009536743, 3.390000104904175, 3.630000114440918, 3.5999999046325684, 3.8299999237060547, 4.400000095367432, 5.159999847412109, 5.909999847412109, 5.460000038146973, 5.840000152587891, 5.920000076293945, 6.440000057220459, 6.159999847412109, 6.25, 7.275000095367432, 6.590000152587891, 6.989999771118164, 7.510000228881836, 7.309999942779541, 7.784999847412109, 7.650000095367432, 8.130000114440918, 8.020000457763672, 8.079999923706055, 8.170000076293945, 8.020000457763672, 8.520000457763672, 8.420000076293945, 8.350000381469727, 8.84000015258789, 8.300000190734863, 8.029999732971191, 8.140000343322754, 8.390000343322754, 8.699999809265137, 8.880000114440918, 8.720000267028809, 8.100000381469727, 8.34000015258789]
assets:[0, 99.99989972829817, 207.69209842801095, 287.36241223299504, 408.4300235780954, 546.3716, 629.9804865813255, 710.4963661979199, 710.3467721946716, 847.7335837782861, 990.1202034852505, 1070.706, 1170.7059, 1267.3610464631795, 1331.0469291894913, 1525.280310086632, 1612.6746772787094, 1815.7068308309556, 2185.92972737875, 2663.4990412368775, 3150.6356936550137, 3010.7395710349083, 3320.2783587524414, 3465.76162866497, 3870.1869423872467, 3801.918025823593, 3957.465625, 4706.490016697026, 4363.335974030685, 4728.181936179542, 5179.921272868156, 5141.97384375019, 5576.0964467071535, 5579.4013445546625, 6029.48125287323, 6047.901593200683, 6193.1470295223235, 6362.130204411506, 6345.322508176804, 6840.916255549621, 6860.623640164375, 6903.587430390357, 7408.707771882248, 7056.139752150822, 6926.60228766346, 7121.4876843647, 7440.206998456763, 7815.113258664989, 8076.80588008976, 8031.278077938366, 7560.247136050033, 7884.2541722496035]
shares:[0, 28.49, 54.945, 84.2705, 111.5929, 136.5929, 162.3661, 188.9618, 219.9216, 249.3334, 277.3446, 305.916, 334.4874, 363.1407, 392.6392, 420.1874, 447.9652, 474.0749, 496.8022, 516.182, 533.1025, 551.4175, 568.5408, 585.4327, 600.9607, 617.1945, 633.1945, 646.9402, 662.1147, 676.4209, 689.7365, 703.4164, 716.2616, 729.3335, 741.6336, 754.1024, 766.4786, 778.7185, 791.1873, 802.9244, 814.8009, 826.7769, 838.0891, 850.1373, 862.5906, 874.8756, 886.7946, 898.2889, 909.5502, 921.0181, 933.3638, 945.3542]
growth_rate:54.59
