ticker:BBGI
price:[1.2999999523162842, 1.340000033378601, 1.3300000429153442, 1.3600000143051147, 1.2300000190734863, 1.2999999523162842, 1.340000033378601, 1.3600000143051147, 1.2100000381469727, 1.3600000143051147, 1.440000057220459, 1.5399999618530273, 1.600000023841858, 1.5099999904632568, 1.4700000286102295, 1.4500000476837158, 1.4800000190734863, 1.4900000095367432, 1.7100000381469727, 2.009999990463257, 2.119999885559082, 2.049999952316284, 2.549999952316284, 2.7300000190734863, 2.890000104904175, 2.440000057220459, 2.3299999237060547, 2.8499999046325684, 2.75, 2.890000104904175, 2.890000104904175, 2.9700000286102295, 2.799999952316284, 2.7799999713897705, 2.809999942779541, 2.7100000381469727, 2.559999942779541, 2.700000047683716, 2.759999990463257, 2.890000104904175, 2.930000066757202, 2.7200000286102295, 2.9200000762939453, 2.950000047683716, 2.8399999141693115, 2.5899999141693115, 2.5899999141693115, 2.6600000858306885, 2.6500000953674316, 2.7699999809265137, 2.5199999809265137, 2.609999895095825]
assets:[0, 100.00004849094154, 199.253823429358, 303.74825119496586, 374.7134788106442, 496.03864180541035, 611.3014492271543, 720.4253275777698, 740.9666343600273, 932.8219698118568, 1087.6938192210673, 1263.2280887088775, 1412.4448210470678, 1432.9948229496001, 1495.034717097473, 1574.6941067843197, 1707.2740020024776, 1818.8096356412887, 2187.358689795971, 2671.105670326543, 2917.285414520359, 2920.9600620574474, 3733.389395187497, 4096.922767623663, 4437.035657060051, 3846.1476901960373, 3772.7556814641953, 4714.74401223402, 4649.31445, 4986.007071987176, 5086.0071446170805, 5326.79603131342, 5121.895152774644, 5185.310156635642, 5341.266718234969, 5251.18631491766, 5060.530062888336, 5437.277916025781, 5658.10624044931, 6024.611552687503, 6207.997120443178, 5863.055261670351, 6394.162439067077, 6559.855811033321, 6415.250814117813, 5950.52791080389, 6050.527807489967, 6314.056035736751, 6390.318879972934, 6779.69157031684, 6267.805944559956, 6591.656003060436]
shares:[0, 74.6269, 149.8149, 223.3443, 304.6451, 381.5682, 456.1951, 529.7245, 612.3691, 685.8985, 755.3429, 820.278, 882.778, 949.0032, 1017.0304, 1085.9959, 1153.5635, 1220.6776, 1279.1571, 1328.9083, 1376.0781, 1424.8586, 1464.0743, 1500.7043, 1535.3064, 1576.29, 1619.2085, 1654.2962, 1690.6598, 1725.2619, 1759.864, 1793.534, 1829.2483, 1865.2195, 1900.8067, 1937.7071, 1976.7696, 2013.8066, 2050.0385, 2084.6406, 2118.7703, 2155.535, 2189.7816, 2223.6799, 2258.8912, 2297.5012, 2336.1112, 2373.7052, 2411.441, 2447.5421, 2487.2246, 2525.5388]
growth_rate:29.25
