ticker:BBI
price:[0.7900000214576721, 0.7900000214576721, 0.8299999833106995, 0.8100000023841858, 0.8799999952316284, 1.0499999523162842, 0.9300000071525574, 0.5199999809265137, 0.5099999904632568, 0.5299999713897705, 0.5299999713897705, 0.5899999737739563, 0.6700000166893005, 0.699999988079071, 0.7099999785423279, 0.6899999976158142, 0.800000011920929, 0.7799999713897705, 1.0700000524520874, 1.100000023841858, 1.2899999618530273, 1.0800000429153442, 1.25, 1.6100000143051147, 1.409999966621399, 1.190000057220459, 1.1699999570846558, 1.1299999952316284, 1.2699999809265137, 1.159999966621399, 1.1399999856948853, 1.059999942779541, 0.8399999737739563, 0.9300000071525574, 1.0499999523162842, 0.9399999976158142, 0.8199999928474426, 0.8999999761581421, 0.8199999928474426, 0.8600000143051147, 0.8999999761581421, 0.8299999833106995, 0.9399999976158142, 0.8799999952316284, 0.8299999833106995, 0.75, 0.6399999856948853, 0.6899999976158142, 0.6499999761581421, 0.6499999761581421, 0.6299999952316284, 0.699999988079071]
assets:[0, 100.00001971616149, 205.0632818766713, 300.12201088339094, 426.0585096913576, 608.3652473722696, 638.8378369132519, 457.1996352300167, 548.4073247450591, 669.913497837019, 769.9135214388608, 957.0735314571976, 1186.8462705636323, 1339.9885571801303, 1459.131250902027, 1518.028974754691, 1860.0336277166605, 1913.5326678120375, 2724.9744835799934, 2901.3755728856204, 3502.5221114258766, 3032.344308494532, 3609.657625, 4749.23906119777, 4259.2713581712605, 3694.7044426577095, 3732.6082750887394, 3704.9978803656577, 4264.024173960781, 3994.699193053901, 4025.825133482552, 3843.3109045320507, 3145.642653788376, 3582.6759485540806, 4144.956501764822, 3810.7231423346043, 3424.24781013155, 3858.3206877894045, 3615.358894464558, 3891.7179887342686, 4172.727939460456, 3948.182432611561, 4571.435624405158, 4379.641880268454, 4230.798505928832, 3923.0107499999995, 3447.6357629393337, 3816.9823518110215, 3695.7079194422367, 3795.7079457742575, 3778.917064397967, 4298.796666791928]
shares:[0, 126.5823, 247.0642, 370.521, 484.1574, 579.3955, 686.9224, 879.2301, 1075.3085, 1263.9878, 1452.6671, 1622.1586, 1771.4123, 1914.2694, 2055.1145, 2200.042, 2325.042, 2453.2471, 2546.705, 2637.6141, 2715.1335, 2807.7261, 2887.7261, 2949.8379, 3020.7599, 3104.7935, 3190.2636, 3278.7592, 3357.4994, 3443.7063, 3531.4256, 3625.7652, 3744.8128, 3852.3397, 3947.5778, 4053.9608, 4175.912, 4287.0231, 4408.9743, 4525.2534, 4636.3645, 4756.8464, 4863.2294, 4976.8658, 5097.3477, 5230.681, 5386.931, 5531.8585, 5685.7047, 5839.5509, 5998.2811, 6141.1382]
growth_rate:-15.71
