ticker:BBIG
price:[2.0299999713897705, 1.8200000524520874, 1.7999999523162842, 1.7899999618530273, 1.7999999523162842, 1.7200000286102295, 1.6699999570846558, 1.7300000190734863, 1.6200000047683716, 1.75, 1.75, 1.4600000381469727, 1.409999966621399, 1.4500000476837158, 1.440000057220459, 1.350000023841858, 1.3799999952316284, 1.3700000047683716, 1.3600000143051147, 1.4299999475479126, 4.869999885559082, 3.190000057220459, 3.8399999141693115, 3.7100000381469727, 3.9200000762939453, 2.9000000953674316, 2.569999933242798, 2.880000114440918, 3.0799999237060547, 3.690000057220459, 2.640000104904175, 2.630000114440918, 2.0999999046325684, 2.6600000858306885, 2.5799999237060547, 2.3299999237060547, 2.4700000286102295, 3.7699999809265137, 2.8299999237060547, 4.199999809265137, 5.150000095367432, 4.0, 4.119999885559082, 3.930000066757202, 3.809999942779541, 3.3499999046325684, 3.2300000190734863, 3.430000066757202, 2.8399999141693115, 2.890000104904175, 2.4000000953674316, 5.300000190734863]
assets:[0, 100.00008488198519, 198.901254730916, 297.79620765361784, 399.45994941792486, 481.70613201262944, 567.7029584112763, 688.0995495863915, 744.3475581909418, 904.0792250000001, 1004.0793, 937.6889664999962, 1005.5763031952263, 1134.1033272953512, 1226.2818727280617, 1249.639267069423, 1377.409045240581, 1467.4278291074752, 1556.7166723742725, 1736.8417572930216, 6014.978740653039, 4039.996626467228, 4963.193361063981, 4895.168825333119, 5272.2538866125105, 4000.3920815541746, 3645.174825314522, 4184.865382291603, 4575.480642661857, 5581.663826554298, 4093.3856346565244, 4177.880369794846, 3435.9497039629937, 4452.2033396600245, 4418.30224334507, 4090.1722700706478, 4435.9338133818155, 6870.635711239529, 5257.532823262214, 7902.698641114235, 9790.21455629468, 7704.05, 8035.1710928076745, 7764.61745989418, 7627.529588445997, 6806.620256229878, 6662.801403344535, 7175.358798652148, 6041.113201425028, 6247.471309777093, 5288.21157013464, 11778.133713868045]
shares:[0, 54.9451, 110.5007, 166.3666, 221.9222, 280.0617, 339.9419, 397.7454, 459.4738, 516.6167, 573.7596, 642.2527, 713.1747, 782.1402, 851.5846, 925.6587, 998.1225, 1071.1152, 1144.6446, 1214.5747, 1235.1086, 1266.4566, 1292.4983, 1319.4525, 1344.9627, 1379.4455, 1418.356, 1453.0782, 1485.5457, 1512.646, 1550.5248, 1588.5476, 1636.1666, 1673.7606, 1712.5203, 1755.4388, 1795.9246, 1822.4498, 1857.7855, 1881.595, 1901.0125, 1926.0125, 1950.2843, 1975.7296, 2001.9763, 2031.827, 2062.7868, 2091.9413, 2127.1526, 2161.7547, 2203.4214, 2222.2893]
growth_rate:130.94
