ticker:BBIO
price:[28.920000076293945, 33.560001373291016, 42.189998626708984, 36.65999984741211, 39.599998474121094, 39.34000015258789, 40.970001220703125, 39.65999984741211, 38.380001068115234, 39.375, 43.52000045776367, 44.22999954223633, 49.130001068115234, 52.189998626708984, 61.349998474121094, 64.88999938964844, 69.5, 71.11000061035156, 65.51000213623047, 68.61000061035156, 69.4800033569336, 56.7599983215332, 68.27999877929688, 67.36000061035156, 66.68000030517578, 70.68000030517578, 62.220001220703125, 70.94000244140625, 67.66000366210938, 60.81999969482422, 59.36000061035156, 54.4900016784668, 55.119998931884766, 54.470001220703125, 55.91999816894531, 48.029998779296875, 53.65999984741211, 57.900001525878906, 59.20000076293945, 57.959999084472656, 63.93000030517578, 61.33000183105469, 60.45000076293945, 63.849998474121094, 64.16999816894531, 59.18000030517578, 60.599998474121094, 53.45000076293945, 54.099998474121094, 50.119998931884766, 49.029998779296875, 50.47999954223633]
assets:[0, 99.99873609199523, 225.7122736530304, 296.1284807674408, 419.87878382110597, 517.1203680057525, 638.5461480255127, 718.1275832370758, 794.9496101234436, 915.5593125, 1111.9403636959075, 1230.0805172691346, 1466.3536638793944, 1657.6848313808441, 2048.6298240470887, 2266.8412826782223, 2527.8818, 2686.4433800582888, 2574.8837359649656, 2796.7288718795776, 2932.1951016693115, 2495.3852142082214, 3101.85109654541, 3160.059708633423, 3228.1588507743836, 3521.8077152061464, 3200.2670967864988, 3748.774771014404, 3675.447016934204, 3403.8825129203797, 3422.1693311874387, 3241.4085868457796, 3378.883494524002, 3439.039785070801, 3630.589105119324, 3218.3317192047116, 3695.580287491226, 4087.5895677230833, 4279.3667751503, 4289.729656240082, 4831.580096063995, 4735.080919369507, 4767.141465166092, 5135.270212277985, 5261.009384880066, 4951.9042795356745, 5170.72516980362, 4660.647646525574, 4817.323544128418, 4562.924702758789, 4563.692674377441, 4798.659044484711]
shares:[0, 2.9797, 5.3499, 8.0777, 10.603, 13.1449, 15.5857, 18.1071, 20.7126, 23.2523, 25.5501, 27.811, 29.8464, 31.7625, 33.3925, 34.9336, 36.3724, 37.7787, 39.3052, 40.7627, 42.202, 43.9638, 45.4284, 46.913, 48.4127, 49.8275, 51.4347, 52.8443, 54.3223, 55.9665, 57.6511, 59.4863, 61.3005, 63.1364, 64.9247, 67.0067, 68.8703, 70.5974, 72.2866, 74.0119, 75.5761, 77.2066, 78.8609, 80.4271, 81.9855, 83.6753, 85.3255, 87.1964, 89.0448, 91.04, 93.0796, 95.0606]
growth_rate:-5.91
