ticker:BBQ
price:[4.360000133514404, 4.690000057220459, 4.230000019073486, 3.2699999809265137, 3.25, 4.03000020980835, 4.329999923706055, 4.150000095367432, 4.199999809265137, 4.46999979019165, 4.630000114440918, 4.789999961853027, 4.550000190734863, 4.400000095367432, 4.769999980926514, 4.739999771118164, 4.880000114440918, 4.880000114440918, 5.150000095367432, 5.239999771118164, 6.139999866485596, 6.409999847412109, 6.050000190734863, 6.150000095367432, 6.260000228881836, 5.849999904632568, 6.440000057220459, 6.420000076293945, 6.960000038146973, 7.139999866485596, 7.929999828338623, 13.899999618530273, 11.220000267028809, 14.539999961853027, 13.199999809265137, 12.09000015258789, 11.300000190734863, 15.140000343322754, 13.390000343322754, 12.989999771118164, 14.84000015258789, 14.850000381469727, 16.420000076293945, 18.15999984741211, 16.399999618530273, 15.729999542236328, 15.859999656677246, 14.09000015258789, 13.430000305175781, 13.0, 12.5600004196167, 14.140000343322754]
assets:[0, 100.00018122005463, 190.19222185759543, 247.0278975591183, 345.516925, 528.4410315114975, 667.7790832338333, 740.0193020057202, 848.935041447258, 1003.5095888982772, 1139.4296011635781, 1278.804970815754, 1314.7312001132013, 1371.3885097240448, 1586.7099656553269, 1676.730363035202, 1826.2541548274994, 1926.2541411725997, 2132.8297944956303, 2270.1025688425066, 2760.005461983633, 2981.373618029404, 2913.932981865883, 3062.097347483635, 3216.8663816169737, 3106.176789362717, 3519.449727270889, 3608.5196168828966, 4012.0398219895364, 4215.799355166673, 4782.253008478165, 8482.510907207108, 6947.034831334972, 9102.663742118359, 8363.766719146824, 7760.450197944641, 7353.357604118729, 9952.197469681358, 8901.844959245396, 8735.919035074425, 10080.064167645263, 10186.856721681977, 11363.850206801033, 12668.058141557693, 11540.317291568184, 11168.85337097168, 11361.158498064042, 10193.235894387817, 9815.766971047973, 9601.486700000001, 9376.513825259684, 10656.04283073139]
shares:[0, 21.322, 44.9627, 75.5437, 106.3129, 131.1268, 154.2215, 178.3179, 202.1274, 224.4988, 246.0971, 266.9739, 288.9519, 311.6792, 332.6436, 353.7406, 374.2324, 394.7242, 414.1417, 433.2257, 449.5123, 465.1129, 481.6418, 497.902, 513.8764, 530.9704, 546.4984, 562.0747, 576.4425, 590.4481, 603.0584, 610.2526, 619.1653, 626.0429, 633.6187, 641.89, 650.7396, 657.3446, 664.8129, 672.5111, 679.2496, 685.9836, 692.0737, 697.5803, 703.6779, 710.0352, 716.3404, 723.4376, 730.8836, 738.5759, 746.5377, 753.6098]
growth_rate:108.94
