ticker:BBSI
price:[54.0099983215332, 52.150001525878906, 52.880001068115234, 49.5, 54.400001525878906, 55.54999923706055, 57.400001525878906, 61.86000061035156, 59.25, 65.05999755859375, 70.05000305175781, 68.13999938964844, 69.80999755859375, 70.44000244140625, 70.13999938964844, 71.30000305175781, 69.29000091552734, 68.20999908447266, 70.20999908447266, 67.72000122070312, 67.86000061035156, 63.04999923706055, 66.88999938964844, 69.9000015258789, 71.5999984741211, 71.19999694824219, 71.62000274658203, 73.27999877929688, 73.2699966430664, 70.29000091552734, 71.30000305175781, 71.11000061035156, 70.30000305175781, 70.29000091552734, 73.33000183105469, 78.4000015258789, 74.31999969482422, 74.2300033569336, 74.47000122070312, 74.37999725341797, 75.33000183105469, 70.93000030517578, 76.0, 72.55000305175781, 72.48999786376953, 72.63999938964844, 71.80000305175781, 73.20999908447266, 75.9800033569336, 78.38999938964844, 74.58000183105469, 76.44999694824219]
assets:[0, 99.9976279258728, 201.3987720680237, 288.5256, 417.08481169891354, 525.9029527770996, 643.419577104187, 793.4163678283692, 859.94265, 1044.2650088134765, 1224.3619733398439, 1290.9804284362795, 1422.6230352478026, 1535.4582172180176, 1628.9173178253175, 1755.8552651535035, 1806.3556788673402, 1878.2032507904053, 2033.2745524864197, 2061.1665891540524, 2165.42619147644, 2111.9353844444277, 2340.5613466430664, 2545.8838755752563, 2707.797382293701, 2792.670360301209, 2909.147215563965, 3076.5728127502443, 3176.151776481628, 3146.9747179893493, 3292.192080911255, 3383.4209400405884, 3444.8829295440673, 3544.394383165741, 3797.687464828491, 4160.2568809700015, 4043.7511833953854, 4138.857143173218, 4252.237069702149, 4347.094311477661, 4502.617336445618, 4339.6179996711735, 4749.81, 4634.196739933777, 4730.3638065994255, 4840.155703330994, 4884.18802759552, 5080.100404470825, 5372.310499358368, 5642.715970065308, 5468.459306259156, 5705.570302243042]
shares:[0, 1.9175, 3.8086, 5.8288, 7.667, 9.4672, 11.2094, 12.826, 14.5138, 16.0508, 17.4784, 18.946, 20.3785, 21.7981, 23.2238, 24.6263, 26.0695, 27.5356, 28.9599, 30.4366, 31.9102, 33.4962, 34.9912, 36.4218, 37.8184, 39.2229, 40.6192, 41.9838, 43.3486, 44.7713, 46.1738, 47.5801, 49.0026, 50.4253, 51.789, 53.0645, 54.41, 55.7572, 57.1, 58.4444, 59.7719, 61.1817, 62.4975, 63.8759, 65.2554, 66.6321, 68.0249, 69.3908, 70.7069, 71.9826, 73.3234, 74.6314]
growth_rate:11.87
