ticker:BCAB
price:[35.0, 31.81999969482422, 34.0099983215332, 38.25, 45.380001068115234, 45.81999969482422, 43.970001220703125, 47.849998474121094, 50.5099983215332, 55.209999084472656, 53.099998474121094, 48.38999938964844, 66.41000366210938, 68.0, 57.369998931884766, 51.09000015258789, 47.349998474121094, 47.7400016784668, 50.439998626708984, 49.59000015258789, 46.810001373291016, 45.33000183105469, 42.470001220703125, 43.04999923706055, 41.70000076293945, 49.75, 39.54999923706055, 42.75, 43.65999984741211, 42.0, 39.08000183105469, 41.27000045776367, 40.9900016784668, 41.22999954223633, 41.209999084472656, 40.9900016784668, 40.86000061035156, 40.470001220703125, 40.470001220703125]
assets:[0, 100.00071304092407, 206.88281978988647, 332.67555, 494.68739164352417, 599.4859660072327, 675.2824847473145, 834.8724183769226, 981.2829923915863, 1172.5941285552979, 1227.778164718628, 1218.8714996261597, 1772.7685607574463, 1915.2132, 1715.8219280548096, 1627.998181862259, 1608.8203681549073, 1722.0725665454863, 1919.468927740097, 1987.1208961143493, 1975.7237709629057, 2013.2549703231812, 1986.2327700897215, 2113.3589025466918, 2147.0871692829132, 2661.5752500000003, 2215.883627254486, 2495.17215, 2648.284610744476, 2647.596, 2563.5269721115114, 2807.185431137085, 2888.139122264099, 3005.048516635895, 3103.590967050171, 3187.0218185028075, 3276.914844949341, 3345.638812915039, 3445.640185931397]
shares:[0, 3.1427, 6.083, 8.6974, 10.901, 13.0835, 15.3578, 17.4477, 19.4275, 21.2388, 23.122, 25.1885, 26.6943, 28.1649, 29.908, 31.8653, 33.9772, 36.0719, 38.0545, 40.071, 42.2073, 44.4133, 46.7679, 49.0908, 51.4889, 53.499, 56.0274, 58.3666, 60.657, 63.038, 65.5969, 68.02, 70.4596, 72.885, 75.3116, 77.7512, 80.1986, 82.6696, 85.1406]
growth_rate:-9.33
