ticker:BCACU
price:[10.229999542236328, 10.5, 11.600000381469727, 11.892999649047852, 11.524999618530273, 10.994999885559082, 10.90999984741211, 10.800000190734863, 10.586000442504883, 10.623000144958496, 10.789999961853027, 10.642000198364258, 10.630000114440918, 10.680000305175781, 10.58899974822998, 10.779999732971191, 10.510000228881836, 11.0, 10.744999885559082, 10.84000015258789, 10.75, 10.739999771118164, 10.956999778747559, 10.734999656677246, 10.5, 10.654999732971191, 10.369999885559082, 10.300999641418457, 10.3100004196167, 10.25, 10.15999984741211, 10.15999984741211, 10.15999984741211]
assets:[0, 99.9999, 210.47620692157747, 315.7924410812378, 406.0211265609741, 487.34897192745206, 583.5813468379974, 677.6978519685746, 764.269005147171, 866.9398549300195, 980.5682215332985, 1067.118056290817, 1165.9143575520516, 1271.3985003295898, 1360.5657530504225, 1485.106663212776, 1547.909680709648, 1720.0765999999999, 1780.2025695397376, 1895.9420426879883, 1980.200525, 2078.3585737077715, 2220.3516362648966, 2275.364763230133, 2325.5547, 2459.88462685194, 2494.087635475826, 2577.492437976551, 2679.7443790655134, 2764.1492749999998, 2839.8784533493044, 2939.8782518474577, 3039.878050345612]
shares:[0, 9.5238, 18.1445, 26.5528, 35.2296, 44.3246, 53.4905, 62.7498, 72.1962, 81.6097, 90.8775, 100.2742, 109.6815, 119.0448, 128.4886, 137.765, 147.2797, 156.3706, 165.6773, 174.9024, 184.2047, 193.5157, 202.6423, 211.9576, 221.4814, 230.8667, 240.5099, 250.2177, 259.917, 269.6731, 279.5156, 289.3581, 299.2006]
growth_rate:-5.0
