ticker:BCAC
price:[10.109999656677246, 10.045000076293945, 10.0, 9.819999694824219, 9.84000015258789, 9.850000381469727, 9.989999771118164, 9.899999618530273, 9.899999618530273, 9.890000343322754, 9.899999618530273, 9.899999618530273, 9.890000343322754, 9.90999984741211, 9.920000076293945, 9.970000267028809, 9.930000305175781, 9.869999885559082, 9.925000190734863, 9.90999984741211, 9.859999656677246, 9.8100004196167, 9.8100004196167, 9.835000038146973, 9.869999885559082, 9.840999603271484, 9.930000305175781, 9.914999961853027]
assets:[0, 99.99998475952148, 199.55200000000002, 295.96006080245974, 396.56283014945984, 496.96600924644474, 604.029352161026, 698.5875330818177, 798.587429228592, 897.7806051656723, 998.6882015182496, 1098.6880976650239, 1197.5781635728836, 1299.999725983429, 1401.3111147773743, 1508.3743013991357, 1602.3227232437132, 1692.6408253741265, 1802.0733521315574, 1899.3495797550202, 1989.7666647168157, 2079.676924956894, 2179.677126234341, 2285.23208736372, 2393.364428249359, 2486.332486166382, 2608.818617176056, 2704.877428593254]
shares:[0, 9.9552, 19.9552, 30.1385, 40.3011, 50.4534, 60.4634, 70.5644, 80.6654, 90.7766, 100.8776, 110.9786, 121.0898, 131.1806, 141.2612, 151.2913, 161.3618, 171.4935, 181.5691, 191.6599, 201.8019, 211.9956, 222.1893, 232.3571, 242.4888, 252.6504, 262.7209, 272.8066]
growth_rate:0.18
