ticker:BCACW
price:[2.4860000610351562, 1.8700000047683716, 1.5099999904632568, 2.049999952316284, 1.649999976158142, 1.6100000143051147, 1.6399999856948853, 1.5199999809265137, 1.6200000047683716, 1.5740000009536743, 1.465000033378601, 1.850000023841858, 1.600000023841858, 1.8220000267028809, 1.6699999570846558, 1.7799999713897705, 1.659999966621399, 1.659999966621399, 1.6950000524520874, 1.4500000476837158, 1.399999976158142, 1.2699999809265137, 1.1799999475479126, 0.949999988079071, 0.921999990940094, 0.800000011920929, 0.6899999976158142, 0.660099983215332]
assets:[0, 99.99993325499297, 180.74865985844136, 345.3872719661712, 377.99469953812365, 468.83119916564226, 577.5671589620947, 635.3061840279579, 777.1026622873544, 855.0367801180602, 895.8252524105071, 1231.246980867684, 1164.8622573578, 1426.4868201063155, 1407.4823098307847, 1600.190782279873, 1592.3128039824248, 1692.3128619716645, 1827.9941635676146, 1663.7707997136356, 1706.3993509401919, 1647.9480382503032, 1631.16431349324, 1413.2255872663557, 1471.572653139794, 1376.8526605167033, 1287.5353725511254, 1331.7421446871758]
shares:[0, 53.4759, 119.7011, 168.4816, 229.0877, 291.1995, 352.1751, 417.9646, 479.693, 543.2254, 611.4848, 665.5389, 728.0389, 782.9236, 842.8038, 898.9836, 959.2246, 1019.4656, 1078.4626, 1147.4281, 1218.8567, 1297.5969, 1382.3427, 1487.6059, 1596.0658, 1721.0658, 1865.9933, 2017.4855]
growth_rate:-50.68
