ticker:BCBP
price:[8.149999618530273, 8.069999694824219, 8.199999809265137, 7.920000076293945, 8.050000190734863, 8.369999885559082, 8.760000228881836, 9.8100004196167, 9.09000015258789, 9.270000457763672, 10.420000076293945, 10.300000190734863, 10.75, 10.819999694824219, 11.100000381469727, 10.710000038146973, 10.75, 11.069999694824219, 11.920000076293945, 12.220000267028809, 12.09000015258789, 11.479999542236328, 12.550000190734863, 12.859999656677246, 13.050000190734863, 13.229999542236328, 14.880000114440918, 15.770000457763672, 14.4399995803833, 13.869999885559082, 13.920000076293945, 13.720000267028809, 13.539999961853027, 13.859999656677246, 13.770000457763672, 13.770000457763672, 13.9399995803833, 14.510000228881836, 14.609999656677246, 14.510000228881836, 13.84000015258789, 12.890000343322754, 13.3100004196167, 13.390000343322754, 13.40999984741211, 13.380000114440918, 14.550000190734863, 15.039999961853027, 15.350000381469727, 15.270000457763672, 15.149999618530273, 15.069999694824219]
assets:[0, 100.00020821838379, 201.61093531045913, 294.7269628391266, 399.5649794672012, 515.4480289524079, 639.465124707985, 816.1135549087523, 856.2152933727265, 973.1702100563049, 1193.8975587415696, 1280.1478837057114, 1436.076375, 1545.42704841156, 1685.4196179222106, 1726.2024631484032, 1832.6492500000002, 1987.2022132171633, 2239.7882783357622, 2396.158752360344, 2470.6676981822966, 2446.010210465622, 2773.991802159119, 2942.511953443909, 3085.985745103836, 3228.551186290741, 3731.204668696403, 4054.375651688385, 3812.4400252130513, 3761.9489729602815, 3875.5103732412335, 3919.8274002905846, 3968.4006768196105, 4162.188388899422, 4235.161928791808, 4335.1624261161805, 4488.682652883339, 4772.222995277405, 4905.111610733986, 4971.538162421417, 4841.976645383453, 4609.616224776269, 4859.812572212506, 4989.023075919724, 5096.474465008926, 5185.072502348614, 5738.476425225258, 6031.730320701313, 6256.055365472031, 6323.450727564239, 6373.757854511833, 6440.101075584412]
shares:[0, 12.3916, 24.5867, 37.213, 49.6354, 61.5828, 72.9983, 83.192, 94.1931, 104.9806, 114.5775, 124.2862, 133.5885, 142.8306, 151.8396, 161.1767, 170.479, 179.5124, 187.9017, 196.085, 204.3563, 213.0671, 221.0352, 228.8112, 236.474, 244.0326, 250.753, 257.0942, 264.0194, 271.2292, 278.4131, 285.7017, 293.0872, 300.3022, 307.5644, 314.8266, 322.0002, 328.892, 335.7366, 342.6284, 349.8538, 357.6118, 365.1249, 372.5932, 380.0503, 387.5241, 394.397, 401.0459, 407.5606, 414.1094, 420.7101, 427.3458]
growth_rate:26.28
