ticker:BCDA
price:[2.049999952316284, 2.1700000762939453, 2.450000047683716, 2.369999885559082, 2.309999942779541, 2.3499999046325684, 2.299999952316284, 2.190000057220459, 1.9900000095367432, 1.9199999570846558, 2.1700000762939453, 2.4000000953674316, 2.3499999046325684, 2.5899999141693115, 2.819999933242798, 3.559999942779541, 3.8299999237060547, 3.4600000381469727, 3.799999952316284, 3.8299999237060547, 4.300000190734863, 4.110000133514404, 4.699999809265137, 5.130000114440918, 4.440000057220459, 3.880000114440918, 3.5, 4.0, 4.409999847412109, 4.110000133514404, 4.420000076293945, 4.340000152587891, 3.9800000190734863, 3.799999952316284, 3.5399999618530273, 3.450000047683716, 3.430000066757202, 3.809999942779541, 4.090000152587891, 4.53000020980835, 4.320000171661377, 4.900000095367432, 4.550000190734863, 3.859999895095825, 3.7100000381469727, 3.369999885559082, 3.7100000381469727, 3.319999933242798, 3.4800000190734863, 3.0999999046325684, 2.9000000953674316, 2.9200000762939453]
assets:[0, 99.99989651584626, 212.90304414367674, 305.95110622644427, 398.2054131361484, 505.100754502058, 594.3540276778222, 665.9284283994199, 705.113121379137, 780.3100625587106, 981.912882522583, 1185.9866871268748, 1261.2785538149355, 1490.0898876195192, 1722.4145052256822, 2274.3956754432675, 2546.8921162656784, 2400.847662469673, 2736.7690856580734, 2858.375286060905, 3309.1421167834283, 3262.9241739969257, 3831.3242245176316, 4281.85001352024, 3805.9285330488683, 3425.901585047245, 3190.37495, 3746.1428, 4230.122127635956, 4042.358984317064, 4447.256890764427, 4466.763745044708, 4196.2485441098215, 4106.468428470612, 3925.499585698891, 3925.698819258523, 4002.9411039082047, 4546.41540071969, 4980.535517811584, 5616.339107122469, 5455.978776801109, 6288.494502391338, 5939.316358974647, 5138.628334346223, 5038.940972811412, 4677.151060169887, 5249.030112971593, 4797.245191538954, 5128.4377481083875, 4668.435866381693, 4467.246856906843, 4598.055500138283]
shares:[0, 46.0829, 86.8992, 129.0933, 172.3833, 214.9365, 258.4148, 304.0769, 354.3282, 406.4115, 452.4944, 494.1611, 536.7143, 575.3243, 610.7853, 638.8752, 664.9849, 693.8866, 720.2024, 746.3121, 769.5679, 793.8988, 815.1754, 834.6686, 857.1911, 882.9643, 911.5357, 936.5357, 959.2114, 983.5423, 1006.1667, 1029.2082, 1054.3338, 1080.6496, 1108.8982, 1137.8837, 1167.0382, 1193.2849, 1217.7348, 1239.8099, 1262.958, 1283.3662, 1305.3442, 1331.2509, 1358.2051, 1387.8787, 1414.8329, 1444.9534, 1473.689, 1505.9471, 1540.4299, 1574.6765]
growth_rate:-9.84
