ticker:BCEL
price:[12.670000076293945, 13.369999885559082, 14.90999984741211, 12.960000038146973, 13.59000015258789, 14.960000038146973, 14.960000038146973, 14.510000228881836, 13.359999656677246, 13.029999732971191, 14.619999885559082, 14.770000457763672, 15.729999542236328, 15.520000457763672, 15.979999542236328, 16.079999923706055, 15.550000190734863, 16.149999618530273, 15.289999961853027, 15.0600004196167, 15.09000015258789, 13.0, 14.930000305175781, 19.09000015258789, 17.950000762939453, 17.350000381469727, 18.149999618530273, 16.989999771118164, 15.989999771118164, 14.979999542236328, 13.6899995803833, 12.289999961853027, 11.8100004196167, 11.960000038146973, 11.9399995803833, 9.779999732971191, 9.579999923706055, 9.119999885559082, 9.020000457763672, 8.65999984741211, 9.600000381469727, 7.820000171661377, 8.989999771118164, 8.949999809265137, 9.010000228881836, 7.800000190734863, 7.059999942779541, 5.489999771118164, 5.690000057220459, 5.789999961853027, 5.539999961853027, 5.889999866485596]
assets:[0, 99.9995771440506, 211.5177308353424, 283.85380883550647, 397.6529174648285, 537.7401933712006, 637.740313626194, 718.5569763345719, 761.6068204283715, 842.7947157282829, 1045.6370118150712, 1156.3654908390045, 1331.5255852508544, 1413.7494336986542, 1555.6513574367525, 1665.3862960983276, 1710.4953559807777, 1876.495910676384, 1876.5707463181495, 1948.3423742866519, 2052.2234217517853, 1867.9856000000002, 2245.3093088951114, 2970.9270897468564, 2893.511402984619, 2896.7924986909866, 3130.361289207268, 3030.293884177208, 2951.936243745804, 2865.4791724357606, 2718.7189206676485, 2540.690799113941, 2541.461307299709, 2673.7405325280192, 2769.269176677418, 2368.2953953371048, 2419.8639127285005, 2403.669905837917, 2477.3142617233275, 2478.440862330246, 2847.4637931480406, 2419.4963231117727, 2881.492706638336, 2968.6719767341615, 3088.57401845932, 2773.7931678280834, 2610.6383068410873, 2130.0853241952896, 2307.6842192068098, 2448.2412678699493, 2442.5311371813773, 2696.842458868027]
shares:[0, 7.4794, 14.1863, 21.9023, 29.2607, 35.9452, 42.6297, 49.5215, 57.0065, 64.6811, 71.521, 78.2915, 84.6488, 91.0921, 97.3499, 103.5688, 109.9997, 116.1917, 122.7319, 129.372, 135.9989, 143.6912, 150.3891, 155.6274, 161.1984, 166.9621, 172.4717, 178.3575, 184.6114, 191.287, 198.5916, 206.7283, 215.1957, 223.5569, 231.9321, 242.157, 252.5954, 263.5603, 274.6468, 286.1941, 296.6108, 309.3985, 320.522, 331.6952, 342.794, 355.6145, 369.7788, 387.9937, 405.5684, 422.8396, 440.8901, 457.868]
growth_rate:-47.12
