ticker:BCLI
price:[12.579999923706055, 13.369999885559082, 15.09000015258789, 14.949999809265137, 15.289999961853027, 17.549999237060547, 13.859999656677246, 10.75, 10.029999732971191, 11.390000343322754, 11.649999618530273, 4.340000152587891, 5.25, 5.769999980926514, 4.670000076293945, 5.320000171661377, 5.070000171661377, 4.53000020980835, 4.539999961853027, 5.099999904632568, 5.300000190734863, 6.039999961853027, 7.050000190734863, 7.320000171661377, 6.900000095367432, 4.059999942779541, 3.509999990463257, 4.28000020980835, 4.170000076293945, 3.8499999046325684, 3.8399999141693115, 3.6500000953674316, 3.130000114440918, 3.4600000381469727, 3.4700000286102295, 3.1700000762939453, 3.380000114440918, 3.509999990463257, 3.5799999237060547, 3.619999885559082, 3.950000047683716, 3.9000000953674316, 4.010000228881836, 3.7300000190734863, 3.4800000190734863, 3.3399999141693115, 3.390000104904175, 4.03000020980835, 3.9600000381469727, 3.680000066757202, 3.2799999713897705, 3.5299999713897705]
assets:[0, 99.9995771440506, 212.86406915245055, 310.8897310336113, 417.95979395723344, 579.7378997974395, 557.8441961817741, 532.6711, 596.994611106205, 777.9427184491158, 895.7009006710053, 433.6775532474518, 624.609825, 786.4758084002019, 736.541204032898, 939.0577023007393, 994.929228686571, 988.9606538040161, 1091.1435908317567, 1325.733755209446, 1477.7232631798745, 1784.0468687324524, 2182.3726790431974, 2365.9528874839784, 2330.2017922065734, 1471.1040332666873, 1371.816455272746, 1772.7563989016533, 1827.1947874301911, 1786.9782257351874, 1882.3368539264916, 1889.2006293611528, 1720.0543158896446, 2001.4017300657272, 2107.1859713737963, 2025.00841173687, 2259.1572624911305, 2446.047740354037, 2594.8294107011793, 2723.821853890419, 3072.126362086177, 3133.23862661767, 3321.6123115901946, 3189.6793033105373, 3075.893716858626, 3052.150705566406, 3197.841677957797, 3901.5641031217574, 3933.794737894535, 3755.64762012949, 3447.424945929384, 3810.185953118897]
shares:[0, 7.4794, 14.1063, 20.7953, 27.3355, 33.0335, 40.2485, 49.5508, 59.5209, 68.3005, 76.8842, 99.9257, 118.9733, 136.3043, 157.7176, 176.5146, 196.2385, 218.3136, 240.34, 259.9478, 278.8157, 295.372, 309.5564, 323.2176, 337.7104, 362.3409, 390.8309, 414.1954, 438.1762, 464.1502, 490.1919, 517.5892, 549.5381, 578.4398, 607.2582, 638.8039, 668.3897, 696.8797, 724.8127, 752.437, 777.7535, 803.3945, 828.3322, 855.1419, 883.8775, 913.8176, 943.3161, 968.13, 993.3825, 1020.5564, 1051.0442, 1079.3728]
growth_rate:-25.29
