ticker:BCML
price:[11.880000114440918, 11.579999923706055, 11.600000381469727, 10.100000381469727, 11.229999542236328, 12.350000381469727, 12.380000114440918, 12.34000015258789, 11.100000381469727, 12.09000015258789, 13.510000228881836, 14.869999885559082, 15.640000343322754, 15.359999656677246, 14.770000457763672, 15.390000343322754, 14.930000305175781, 15.170000076293945, 15.430000305175781, 15.460000038146973, 15.300000190734863, 14.699999809265137, 14.649999618530273, 15.15999984741211, 15.140000343322754, 17.09000015258789, 18.700000762939453, 18.399999618530273, 18.780000686645508, 18.170000076293945, 17.950000762939453, 17.84000015258789, 17.889999389648438, 18.239999771118164, 18.09000015258789, 17.899999618530273, 18.610000610351562, 18.559999465942383, 18.520000457763672, 18.600000381469727, 18.649999618530273, 18.209999084472656, 17.719999313354492, 17.899999618530273, 17.899999618530273, 17.829999923706055, 18.40999984741211, 18.299999237060547, 18.18000030517578, 17.760000228881836, 17.3799991607666, 17.309999465942383]
assets:[0, 100.00024734115601, 200.17308658275604, 274.2887403596878, 404.97624349212646, 545.3661368453979, 646.6903519780159, 744.6005452072144, 769.7783664546967, 938.4342748439789, 1148.6553454601287, 1364.2853145003319, 1534.9315296941759, 1607.4516120706558, 1645.7074220050813, 1814.7888404846192, 1860.545285030365, 1990.454193010521, 2124.5690860198974, 2228.6996914992333, 2305.63352874279, 2315.216159959698, 2407.340677315521, 2591.1456579196933, 2687.7270469483374, 3133.9009949810024, 3529.137073984909, 3572.5200059343338, 3746.300266974449, 3724.6156226392745, 3779.5180556430814, 3856.3568729839326, 3967.164612652588, 4144.779115989876, 4210.693559516907, 4266.468489076615, 4535.698205757141, 4623.511162960052, 4713.5475405059815, 4833.907599139214, 4946.901208815383, 4930.191541129303, 4897.527834222031, 5047.277212436676, 5147.277350305557, 5227.147974633217, 5497.1836114376065, 5564.338028018952, 5627.849980471039, 5597.833080142022, 5578.0585906505585, 5655.592265510559]
shares:[0, 8.6356, 17.2563, 27.1573, 36.062, 44.1592, 52.2367, 60.3404, 69.3494, 77.6207, 85.0226, 91.7475, 98.1414, 104.6518, 111.4223, 117.92, 124.6179, 131.2099, 137.6908, 144.1591, 150.695, 157.4977, 164.3236, 170.9199, 177.5249, 183.3763, 188.7239, 194.1587, 199.4835, 204.9871, 210.5581, 216.1635, 221.7532, 227.2357, 232.7636, 238.3502, 243.7237, 249.1116, 254.5112, 259.8875, 265.2494, 270.7409, 276.3842, 281.9708, 287.5574, 293.1659, 298.5977, 304.0622, 309.5627, 315.1933, 320.947, 326.724]
growth_rate:10.89
