ticker:BCOR
price:[11.850000381469727, 10.0, 8.989999771118164, 8.819999694824219, 9.6899995803833, 10.829999923706055, 10.350000381469727, 11.100000381469727, 9.949999809265137, 10.979999542236328, 12.010000228881836, 12.640000343322754, 13.6899995803833, 13.069999694824219, 13.199999809265137, 13.880000114440918, 15.0600004196167, 15.90999984741211, 16.049999237060547, 16.600000381469727, 17.09000015258789, 16.559999465942383, 17.280000686645508, 17.1200008392334, 16.18000030517578, 16.200000762939453, 16.40999984741211, 17.350000381469727, 17.209999084472656, 16.350000381469727, 17.049999237060547, 16.799999237060547, 16.399999618530273, 14.609999656677246, 14.399999618530273, 15.539999961853027, 16.170000076293945, 16.3700008392334, 17.34000015258789, 17.6200008392334, 17.0, 17.489999771118164, 17.790000915527344, 17.25, 17.100000381469727, 16.260000228881836, 16.200000762939453, 16.860000610351562, 15.75, 16.219999313354492, 15.989999771118164, 16.860000610351562]
assets:[0, 100.0, 189.90026016521455, 286.30953809356686, 414.55077904825214, 563.321363031578, 638.3538685277939, 784.6112969644546, 803.3231846008301, 986.4815888729096, 1179.020521469307, 1340.8676684201241, 1552.252923421383, 1581.9535530624391, 1697.6889354690552, 1885.1455275430678, 2145.4100097775463, 2366.4995163036347, 2487.322951764679, 2672.5585614156726, 2851.4477264591214, 2863.0169076681136, 3087.4954826860426, 3158.9072268516543, 3085.4629561958313, 3189.276330199051, 3330.61787603035, 3621.403119622803, 3692.1815735855103, 3607.6799041725158, 3862.136842180252, 3905.507582638931, 3912.5200289934155, 3585.4823847441676, 3633.94502373333, 4021.6323321278574, 4284.671642216111, 4437.666588503838, 4800.618924244309, 4978.138311106682, 4902.9717, 5144.293405679512, 5332.531426428223, 5270.666775000001, 5324.835808787346, 5163.265512680054, 5244.212406976318, 5557.865481201172, 5291.9559, 5549.873893055725, 5571.176557253837, 5974.299066276551]
shares:[0, 10.0, 21.1235, 32.4614, 42.7813, 52.0149, 61.6767, 70.6857, 80.736, 89.8435, 98.1699, 106.0813, 113.3859, 121.037, 128.6128, 135.8174, 142.4575, 148.7429, 154.9734, 160.9975, 166.8489, 172.8875, 178.6745, 184.5156, 190.6961, 196.8689, 202.9627, 208.7264, 214.537, 220.6532, 226.5183, 232.4707, 238.5683, 245.4129, 252.3573, 258.7923, 264.9766, 271.0853, 276.8523, 282.5277, 288.4101, 294.1277, 299.7488, 305.5459, 311.3939, 317.544, 323.7168, 329.648, 335.9972, 342.1624, 348.4163, 354.3475]
growth_rate:17.14
