ticker:BCOV
price:[10.329999923706055, 9.989999771118164, 10.1899995803833, 9.9399995803833, 10.050000190734863, 10.720000267028809, 11.819999694824219, 13.899999618530273, 12.649999618530273, 12.970000267028809, 12.84000015258789, 13.399999618530273, 15.420000076293945, 17.56999969482422, 16.8799991607666, 17.850000381469727, 17.639999389648438, 18.399999618530273, 18.190000534057617, 17.559999465942383, 18.93000030517578, 16.450000762939453, 18.459999084472656, 21.25, 24.43000030517578, 21.780000686645508, 20.940000534057617, 22.549999237060547, 21.84000015258789, 20.799999237060547, 21.290000915527344, 21.600000381469727, 21.420000076293945, 19.56999969482422, 14.520000457763672, 14.09000015258789, 13.720000267028809, 13.859999656677246, 14.5, 14.149999618530273, 14.199999809265137, 13.449999809265137, 14.420000076293945, 14.229999542236328, 13.829999923706055, 12.850000381469727, 12.869999885559082, 11.470000267028809, 11.4399995803833, 11.569999694824219, 11.399999618530273, 11.640000343322754]
assets:[0, 99.99989770889282, 202.00145668172834, 297.04595346021654, 400.3327125977516, 527.0220131278038, 681.1002964149475, 900.954885274315, 919.9332722587585, 1043.204358477688, 1132.7486654613494, 1282.1521634998323, 1575.4321097948073, 1895.0931390838623, 1920.6704485088349, 2131.0401455421447, 2205.9683596725463, 2401.01043022213, 2473.607240625, 2487.9358443336487, 2782.0399228500364, 2517.5673367630006, 2925.1843769248962, 3467.2902499999996, 4086.1594080436703, 3742.9214320009232, 3698.565286328888, 4082.9344318611143, 4054.3819963264464, 3961.3161746997835, 4154.635099660492, 4315.129276207924, 4379.169075597763, 4100.95018904953, 3142.708899078369, 3149.63918210907, 3166.9300376371384, 3299.2454062751767, 3551.5923, 3565.8635788679126, 3678.4645105907443, 3584.1788141726493, 3942.6659508600233, 3990.7165686229705, 3978.53969605217, 3796.6187077077866, 3902.527594298458, 3578.0103802983285, 3668.6522814346313, 3810.3410574966433, 3854.354691024589, 4035.49965502739]
shares:[0, 10.01, 19.8235, 29.8839, 39.8341, 49.1625, 57.6227, 64.8169, 72.722, 80.4321, 88.2203, 95.683, 102.1681, 107.8596, 113.7838, 119.386, 125.0549, 130.4897, 135.9872, 141.682, 146.9646, 153.0436, 158.4607, 163.1666, 167.2599, 171.8513, 176.6268, 181.0614, 185.6402, 190.4479, 195.1449, 199.7745, 204.443, 209.5529, 216.44, 223.5372, 230.8258, 238.0408, 244.9374, 252.0045, 259.0468, 266.4817, 273.4165, 280.4439, 287.6746, 295.4567, 303.2267, 311.9451, 320.6864, 329.3294, 338.1013, 346.6924]
growth_rate:-20.87
