ticker:BCOW
price:[6.132218837738037, 6.732522964477539, 7.370820999145508, 6.895896911621094, 6.9110941886901855, 7.393617153167725, 7.104863166809082, 7.012917995452881, 7.08966588973999, 7.061550140380859, 7.222643852233887, 7.325228214263916, 7.492401123046875, 7.264438152313232, 7.575987815856934, 7.454407215118408, 7.560790061950684, 7.568388938903809, 7.729483127593994, 7.636777877807617, 7.424012184143066, 7.188449859619141, 7.484801769256592, 7.545592784881592, 7.674771785736084, 7.758358955383301, 10.729482650756836, 11.063830375671387, 11.352583885192871, 10.714285850524902, 10.81990909576416, 10.779635429382324, 10.828267097473145, 11.007598876953125, 11.003040313720703, 10.562310218811035, 10.790273666381836, 10.752280235290527, 11.20440673828125, 11.13981819152832, 11.238601684570312, 11.200608253479004, 11.390578269958496, 11.398176193237305, 12.082066535949707, 11.100000381469727, 11.020000457763672, 10.6899995803833, 10.65999984741211, 10.734999656677246, 10.899999618530273, 10.949999809265137]
assets:[0, 100.00018334827423, 209.4809440420151, 295.9836184715271, 396.63598880195616, 524.3287114809036, 603.8515568692206, 696.0370200912952, 803.6540396975994, 900.466983095932, 1021.0088247682571, 1135.5107288374425, 1261.4251485168456, 1323.0452422596454, 1479.7866385212897, 1556.0389256095887, 1678.2451316020013, 1779.93219697361, 1917.8184840141773, 1994.8164956623077, 2039.239545159912, 2074.5348726470947, 2260.0598455926893, 2378.4161193513874, 2519.1340894313335, 2646.5701986551285, 3760.0946204927445, 3977.265573235703, 4181.0680947622295, 4045.9875514473915, 4185.873346087361, 4270.293287354946, 4389.558584666825, 4562.255662457275, 4660.366332781219, 4573.693683411598, 4772.406401301956, 4855.602877350426, 5159.7783215881345, 5230.03435672245, 5376.412182678222, 5458.236731713199, 5650.812344008541, 5754.581257233048, 6199.855657209873, 5795.912929186058, 5854.1405171772, 5778.834181162262, 5862.617222082138, 6003.8641669866565, 6196.145113152123, 6324.567684834194]
shares:[0, 14.8533, 28.4203, 42.9217, 57.3912, 70.9164, 84.9913, 99.2507, 113.3557, 127.5169, 141.3622, 155.0137, 168.3606, 182.1263, 195.3259, 208.7408, 221.9669, 235.1798, 248.1173, 261.2118, 274.6816, 288.5928, 301.9532, 315.206, 328.2357, 341.125, 350.4451, 359.4836, 368.2922, 377.6255, 386.8677, 396.1445, 405.3796, 414.4642, 423.5526, 433.0202, 442.2878, 451.5882, 460.5133, 469.4901, 478.388, 487.3161, 496.0953, 504.8686, 513.1453, 522.1543, 531.2287, 540.5832, 549.9641, 559.2794, 568.4537, 577.5861]
growth_rate:24.01
