ticker:BCPC
price:[98.87999725341797, 96.05000305175781, 96.97000122070312, 95.6500015258789, 98.58000183105469, 103.41999816894531, 105.31999969482422, 104.80000305175781, 99.94999694824219, 100.94000244140625, 106.20999908447266, 103.80999755859375, 105.2699966430664, 105.12000274658203, 111.73999786376953, 113.12000274658203, 113.6500015258789, 115.22000122070312, 129.80999755859375, 122.1500015258789, 117.83000183105469, 107.02999877929688, 115.55999755859375, 120.02999877929688, 114.55000305175781, 119.36000061035156, 123.48999786376953, 130.6999969482422, 127.6500015258789, 128.27999877929688, 126.37000274658203, 121.2699966430664, 122.83999633789062, 124.20999908447266, 127.19000244140625, 131.5800018310547, 133.25, 129.3300018310547, 131.0, 132.80999755859375, 132.13999938964844, 129.75999450683594, 131.8000030517578, 131.2899932861328, 130.97000122070312, 129.88999938964844, 131.8699951171875, 134.88999938964844, 133.7899932861328, 130.55999755859375, 133.9600067138672, 137.8699951171875]
assets:[0, 99.99765817718504, 200.95093352966308, 298.21757475738525, 407.3522835662842, 527.3489126632691, 637.0385501541139, 733.8934613708495, 799.9298105758667, 907.8543819580078, 1055.249445903778, 1131.4044013916016, 1247.3126092247007, 1345.5360351562501, 1530.2680967445374, 1649.165208042145, 1756.8926435882568, 1881.1623939300537, 2219.3745092590334, 2188.4149973373414, 2211.021069358826, 2108.362539953613, 2376.3989017944336, 2568.317892880249, 2551.0629329635617, 2758.182830104065, 2953.621419905853, 3226.068024673462, 3250.7859988586424, 3366.8240199615475, 3416.6910382598876, 3378.8003924697873, 3522.5474509857177, 3661.8349830093384, 3849.685241894531, 4082.5590328125, 4234.378525, 4209.807956602478, 4364.1733, 4524.478029827881, 4601.656552745057, 4618.781052471923, 4791.3914109420775, 4872.854358813477, 4960.973385238648, 5020.066630410767, 5196.587710583496, 5415.590673495484, 5471.422049432374, 5439.325338287353, 5680.97596472168, 5946.787860388184]
shares:[0, 1.0411, 2.0723, 3.1178, 4.1322, 5.0991, 6.0486, 7.0028, 8.0033, 8.994, 9.9355, 10.8988, 11.8487, 12.8, 13.6949, 14.5789, 15.4588, 16.3267, 17.0971, 17.9158, 18.7645, 19.6988, 20.5642, 21.3973, 22.2703, 23.1081, 23.9179, 24.683, 25.4664, 26.2459, 27.0372, 27.8618, 28.6759, 29.481, 30.2672, 31.0272, 31.7777, 32.5509, 33.3143, 34.0673, 34.8241, 35.5948, 36.3535, 37.1152, 37.8787, 38.6486, 39.4069, 40.1482, 40.8956, 41.6615, 42.408, 43.1333]
growth_rate:16.6
