ticker:BCRX
price:[3.6600000858306885, 3.7699999809265137, 4.010000228881836, 3.640000104904175, 3.369999885559082, 3.9100000858306885, 3.8499999046325684, 3.7100000381469727, 3.819999933242798, 4.079999923706055, 4.409999847412109, 4.329999923706055, 5.130000114440918, 6.099999904632568, 8.119999885559082, 8.609999656677246, 7.28000020980835, 7.449999809265137, 7.739999771118164, 8.800000190734863, 9.210000038146973, 8.520000457763672, 9.789999961853027, 9.569999694824219, 11.529999732971191, 10.779999732971191, 11.149999618530273, 12.640000343322754, 13.239999771118164, 10.350000381469727, 9.949999809265137, 10.210000038146973, 11.239999771118164, 12.130000114440918, 11.640000343322754, 13.119999885559082, 12.84000015258789, 13.859999656677246, 15.770000457763672, 16.290000915527344, 16.709999084472656, 15.890000343322754, 17.1299991607666, 16.479999542236328, 16.360000610351562, 15.609999656677246, 17.260000228881836, 16.1200008392334, 17.610000610351562, 16.149999618530273, 14.210000038146973, 15.65999984741211]
assets:[0, 100.00000349407196, 206.36624077892301, 287.324864280653, 366.0123175706863, 524.6610155171395, 616.6098247261048, 694.1877531377792, 814.7700777613163, 970.2256138572693, 1148.6995612545013, 1227.861542365265, 1554.7183546829224, 1948.6901095341682, 2693.9942860316273, 2956.562813107395, 2599.858426927471, 2760.5691193239213, 2968.027526231575, 3474.501435307789, 3736.38189047575, 3556.4577830818175, 4186.586772686863, 4192.50585430603, 5151.158822701836, 4916.08736222477, 5184.821182614136, 5977.681154363441, 6361.431958028985, 5072.871561970711, 4976.818764597702, 5206.866210454083, 5832.14251723919, 6393.940187323856, 6235.652943921089, 7128.502657820702, 7076.370612094116, 7738.511820311165, 8904.931316487884, 9298.562211595918, 9638.3024069252, 9265.328902188683, 10088.361840750693, 9805.558527631758, 9834.159966888428, 9483.327673425865, 10585.729014375496, 9986.556527916337, 11009.631501586915, 10196.851359146118, 9071.966697353839, 10097.67752161026]
shares:[0, 26.5252, 51.4629, 78.9354, 108.609, 134.1844, 160.1584, 187.1126, 213.2906, 237.8004, 260.4761, 283.5708, 303.064, 319.4574, 331.7727, 343.3871, 357.1234, 370.5462, 383.4661, 394.8297, 405.6875, 417.4246, 427.6391, 438.0884, 446.7614, 456.0378, 465.0064, 472.9178, 480.4707, 490.1325, 500.1828, 509.9771, 518.8739, 527.1179, 535.709, 543.331, 551.1192, 558.3342, 564.6754, 570.8141, 576.7985, 583.0918, 588.9295, 594.9975, 601.11, 607.5162, 613.3099, 619.5134, 625.192, 631.384, 638.4213, 644.807]
growth_rate:97.99
