ticker:BCYC
price:[17.270000457763672, 15.649999618530273, 19.819000244140625, 19.010000228881836, 19.5, 19.010000228881836, 19.239999771118164, 18.989999771118164, 18.510000228881836, 18.489999771118164, 20.31999969482422, 20.6299991607666, 20.440000534057617, 19.75, 19.399999618530273, 19.15999984741211, 19.8700008392334, 17.950000762939453, 19.65999984741211, 27.030000686645508, 26.799999237060547, 26.809999465942383, 30.25, 27.579999923706055, 25.65999984741211, 25.270000457763672, 23.920000076293945, 27.8799991607666, 26.0, 26.43000030517578, 30.479999542236328, 28.3799991607666, 29.450000762939453, 30.979999542236328, 31.0, 31.75, 31.18000030517578, 30.709999084472656, 29.5, 29.440000534057617, 30.0, 28.75, 31.040000915527344, 31.93000030517578, 31.110000610351562, 34.0099983215332, 35.310001373291016, 31.600000381469727, 29.950000762939453, 28.584999084472656, 28.6200008392334, 33.2400016784668]
assets:[0, 100.00036756248474, 226.64017729187012, 317.3890628213883, 425.56995, 514.87635119915, 621.1056726112365, 713.0346124059677, 795.0119138305664, 894.152351931572, 1082.6495837402344, 1199.1661502176285, 1288.1227016561509, 1344.63925, 1420.8094120620729, 1503.2322760284424, 1658.936435067177, 1598.6360429477693, 1850.930005634308, 2644.793665185928, 2722.2876425022123, 2823.304742759514, 3285.564425, 3095.565401436806, 2980.065138278961, 3034.7729079746246, 2972.646049481392, 3564.772936694527, 3424.3950000000004, 3581.029814348602, 4229.767448475265, 4038.346170580864, 4290.603006153488, 4613.510551830292, 4716.4888, 4930.5972, 4942.079936370849, 4967.58496090622, 4871.85715, 4961.94722601242, 5156.331, 5041.485, 5543.0488674926755, 5801.984390453338, 5752.982641868592, 6389.261126676179, 6733.486614881515, 6126.004513952064, 5906.134160451508, 5736.955004755402, 5843.980935364914, 6887.348291779328]
shares:[0, 6.3898, 11.4355, 16.6959, 21.8241, 27.0845, 32.282, 37.5479, 42.9504, 48.3587, 53.28, 58.1273, 63.0197, 68.083, 73.2376, 78.4568, 83.4895, 89.0605, 94.147, 97.8466, 101.5779, 105.3079, 108.6137, 112.2395, 116.1366, 120.0939, 124.2745, 127.8613, 131.7075, 135.4911, 138.7719, 142.2955, 145.6911, 148.919, 152.1448, 155.2944, 158.5016, 161.7579, 165.1477, 168.5444, 171.8777, 175.356, 178.5776, 181.7095, 184.9239, 187.8642, 190.6963, 193.8609, 197.1998, 200.6981, 204.1922, 207.2006]
growth_rate:35.05
