ticker:BCYPU
price:[10.390000343322754, 10.40999984741211, 10.329999923706055, 10.430000305175781, 10.729999542236328, 10.680000305175781, 10.649999618530273, 10.199999809265137, 10.210000038146973, 10.3100004196167, 10.003999710083008, 10.15999984741211, 10.289999961853027, 10.270000457763672, 10.289999961853027, 10.369999885559082, 10.25, 10.1899995803833, 10.149999618530273, 10.140000343322754, 10.149999618530273, 10.239999771118164, 10.289999961853027, 10.380000114440918, 10.380000114440918, 10.359999656677246, 10.390000343322754, 10.3100004196167, 10.229999542236328, 10.170000076293945, 10.25, 10.239999771118164, 10.1899995803833, 10.1899995803833]
assets:[0, 99.99949953422546, 199.2305765285492, 301.1589578117371, 409.8216025161743, 507.9119785133362, 606.4855282764435, 680.8591672682762, 781.5264949199676, 889.1808311896324, 962.7899340982436, 1077.8032638130187, 1191.5943435825347, 1289.2783984668733, 1391.7893798403738, 1502.6098724175454, 1585.22195, 1675.9420979859353, 1769.3631585016249, 1867.6197392343522, 1969.4612659812926, 2086.924241353607, 2197.114617854881, 2316.3312795378683, 2416.331162640381, 2511.6752087649343, 2618.9481635394095, 2698.782825840378, 2777.8417996994017, 2861.5491934669494, 2984.0589250000003, 3081.147323130989, 3166.102161622238, 3266.1017225043297]
shares:[0, 9.6061, 19.2866, 28.8743, 38.194, 47.5573, 56.947, 66.7509, 76.5452, 86.2445, 96.2405, 106.083, 115.8012, 125.5383, 135.2565, 144.8997, 154.6558, 164.4693, 174.3215, 184.1834, 194.0356, 203.8012, 213.5194, 223.1533, 232.7872, 242.4397, 252.0643, 261.7636, 271.5388, 281.3716, 291.1277, 300.8933, 310.7068, 320.5203]
growth_rate:-1.03
