ticker:BCYP
price:[10.210000038146973, 10.15999984741211, 10.079999923706055, 9.920000076293945, 9.890000343322754, 9.899999618530273, 9.800000190734863, 9.890000343322754, 9.960000038146973, 9.989999771118164, 9.949999809265137, 9.949999809265137, 9.90999984741211, 9.84000015258789, 9.84000015258789, 9.920000076293945, 9.859999656677246, 9.949999809265137, 9.949999809265137, 9.949999809265137, 9.949999809265137, 9.925000190734863, 9.920000076293945, 9.970000267028809, 9.90999984741211, 9.90999984741211, 9.949999809265137, 9.96500015258789, 9.970000267028809, 9.96500015258789]
assets:[0, 99.99979849815368, 199.21204649219516, 296.0495062768936, 395.1539747174263, 495.55339090518953, 590.5480114936828, 695.9711921600342, 800.8975470674515, 903.309765304184, 999.693395836544, 1099.6938789196015, 1195.272829595947, 1286.8299559547424, 1386.829941505432, 1498.1045235218048, 1589.0434606698989, 1703.5484223441124, 1803.5489054271698, 1903.5493885102271, 2003.5498715932845, 2098.5162353284836, 2197.458576900482, 2308.534618830013, 2394.64146212883, 2494.6412885890963, 2604.7109500694273, 2708.6375129756925, 2809.996719260788, 2908.587234037399]
shares:[0, 9.8425, 19.7631, 29.8437, 39.9549, 50.0559, 60.26, 70.3712, 80.4114, 90.4214, 100.4717, 110.522, 120.6128, 130.7754, 140.938, 151.0186, 161.1606, 171.2109, 181.2612, 191.3115, 201.3618, 211.4374, 221.518, 231.5481, 241.6389, 251.7297, 261.78, 271.8151, 281.8452, 291.8803]
growth_rate:0.3
