ticker:BDSI
price:[3.819999933242798, 3.990000009536743, 4.070000171661377, 3.7699999809265137, 3.8299999237060547, 4.159999847412109, 3.690000057220459, 3.4000000953674316, 3.1600000858306885, 3.359999895095825, 3.809999942779541, 3.990000009536743, 3.819999933242798, 4.03000020980835, 4.309999942779541, 4.539999961853027, 4.300000190734863, 4.199999809265137, 4.489999771118164, 4.309999942779541, 4.139999866485596, 3.8499999046325684, 4.139999866485596, 4.119999885559082, 4.539999961853027, 4.199999809265137, 4.050000190734863, 4.0, 3.8499999046325684, 3.6500000953674316, 3.740000009536743, 3.549999952316284, 3.4200000762939453, 3.4800000190734863, 3.4600000381469727, 3.380000114440918, 3.559999942779541, 3.609999895095825, 3.5299999713897705, 3.5999999046325684, 3.6500000953674316, 3.640000104904175, 3.690000057220459, 3.700000047683716, 3.700000047683716, 3.740000009536743, 3.6500000953674316, 3.759999990463257, 3.75, 3.569999933242798, 3.5399999618530273, 3.819999933242798]
assets:[0, 100.00017323901653, 202.0050975200176, 287.11528154740336, 391.68490019760134, 525.4333567272187, 566.0696247779846, 621.5818974349022, 677.7056264075756, 820.5983263797044, 1030.499828523445, 1179.1850518184424, 1228.9440205233336, 1396.5038827042579, 1593.5315378439427, 1778.5690470557213, 1784.5478091570853, 1843.0464363016129, 2070.304321464348, 2087.3079742884634, 2104.9779641147616, 2057.52772903347, 2312.510361421871, 2401.3386372982027, 2746.1352009258267, 2640.4773000878336, 2646.174949621677, 2713.506, 2711.749357827902, 2670.879539784908, 2836.7368992334846, 2792.624502489376, 2790.3595942478178, 2939.3131121100423, 3022.4204073225974, 3052.537929353619, 3315.0990027158737, 3461.6592234065056, 3484.9465817549226, 3654.0531832006454, 3804.8042644121647, 3894.3800562353613, 4047.874343769979, 4158.844083597064, 4258.843984885812, 4404.885617232156, 4398.885944934368, 4631.454812252927, 4719.13725, 4592.618560120344, 4654.025205848313, 5122.1401184869765]
shares:[0, 25.0627, 49.6327, 76.1579, 102.2676, 126.3061, 153.4064, 182.8182, 214.4638, 244.2257, 270.4724, 295.5351, 321.7131, 346.527, 369.7289, 391.7553, 415.0111, 438.8206, 461.0923, 484.2942, 508.4488, 534.4228, 558.5774, 582.8492, 604.8756, 628.6851, 653.3765, 678.3765, 704.3505, 731.7478, 758.4858, 786.6548, 815.8946, 844.6302, 873.5319, 903.1177, 931.2076, 958.9084, 987.237, 1015.0148, 1042.4121, 1069.8846, 1096.9849, 1124.0119, 1151.0389, 1177.7769, 1205.1742, 1231.7699, 1258.4366, 1286.4478, 1314.6964, 1340.8744]
growth_rate:0.43
