ticker:BDSX
price:[12.430000305175781, 12.430000305175781, 11.319999694824219, 17.09000015258789, 16.940000534057617, 15.4399995803833, 15.739999771118164, 16.110000610351562, 17.969999313354492, 20.15999984741211, 21.190000534057617, 28.0, 27.59000015258789, 24.18000030517578, 21.8799991607666, 24.790000915527344, 24.3700008392334, 19.739999771118164, 18.34000015258789, 22.799999237060547, 22.25, 17.219999313354492, 20.280000686645508, 18.950000762939453, 19.3700008392334, 17.969999313354492, 16.360000610351562, 14.239999771118164, 12.619999885559082, 13.449999809265137, 14.449999809265137, 13.609999656677246, 15.130000114440918, 15.649999618530273, 14.1899995803833, 12.15999984741211, 11.9399995803833, 11.40999984741211, 9.920000076293945, 9.390000343322754, 9.640000343322754, 7.449999809265137, 7.960000038146973, 8.760000228881836, 8.890000343322754]
assets:[0, 100.00059545516967, 191.070274848938, 388.4625394683838, 485.0531992919922, 542.1030172671318, 652.635480509758, 767.9766170959473, 956.6436954460144, 1173.2293351200103, 1333.1710026002884, 1861.6220000000003, 1934.3625006980897, 1795.2828106582642, 1724.515893854141, 2053.873886852264, 2119.076363974953, 1816.4787269382477, 1787.6511668731691, 2322.380562287903, 2366.3587, 1931.402010985565, 2374.6136724002836, 2318.88127335968, 2470.2755770282747, 2391.7314346103667, 2277.4478729660036, 2082.3265585304257, 1945.4322963583945, 2173.38008917923, 2434.969467859268, 2393.420514624119, 2760.7242178816796, 2955.607282956886, 2779.876258795452, 2482.1915848526, 2537.2833428302765, 2524.656436237335, 2294.968209650421, 2272.353791083145, 2432.8526706445696, 1980.1607793039323, 2215.7153626184463, 2538.400158323479, 2676.0705703471185]
shares:[0, 8.0451, 16.879, 22.7304, 28.6336, 35.1103, 41.4635, 47.6708, 53.2356, 58.1959, 62.9151, 66.4865, 70.111, 74.2466, 78.817, 82.8509, 86.9543, 92.0202, 97.4728, 101.8588, 106.3532, 112.1604, 117.0914, 122.3684, 127.531, 133.0958, 139.2083, 146.2308, 154.1547, 161.5896, 168.51, 175.8575, 182.4669, 188.8567, 195.9039, 204.1276, 212.5028, 221.267, 231.3476, 241.9972, 252.3706, 265.7934, 278.3562, 289.7717, 301.0203]
growth_rate:-39.18
