ticker:BDTX
price:[28.31999969482422, 29.5, 30.09000015258789, 29.649999618530273, 30.670000076293945, 33.779998779296875, 33.70000076293945, 31.860000610351562, 31.510000228881836, 32.349998474121094, 33.06999969482422, 33.34000015258789, 34.40999984741211, 34.459999084472656, 34.91999816894531, 31.459999084472656, 33.720001220703125, 32.04999923706055, 34.11000061035156, 26.940000534057617, 26.139999389648438, 24.770000457763672, 28.93000030517578, 26.81999969482422, 27.56999969482422, 28.0, 25.100000381469727, 26.489999771118164, 25.110000610351562, 22.8799991607666, 25.469999313354492, 24.6299991607666, 25.860000610351562, 26.68000030517578, 26.639999389648438, 25.5, 27.5, 13.399999618530273, 13.119999885559082, 12.710000038146973, 12.829999923706055, 12.550000190734863, 12.859999656677246, 12.029999732971191, 11.460000038146973, 10.039999961853027, 9.350000381469727, 9.5600004196167, 9.859999656677246, 9.279999732971191, 9.279999732971191, 9.949999809265137]
assets:[0, 99.9991, 202.000189024353, 299.0469311525345, 409.3340890182495, 550.8403060943604, 649.5371847049713, 714.0718216796876, 806.2274698562622, 927.7203162414552, 1048.3685953254699, 1156.928011294937, 1294.0568642616272, 1395.9366569129943, 1514.5711125823975, 1464.5007093811037, 1669.7065564453126, 1687.0126048412321, 1895.444979916382, 1597.019395659256, 1649.5960294830322, 1663.1395717357634, 2042.4551285453797, 1993.4903473167421, 2149.235868209839, 2282.756, 2146.328642619896, 2365.1887685640336, 2341.9746029266357, 2233.9848140579224, 2586.8706682605743, 2601.555976355553, 2831.4761168289187, 3021.2592425582884, 3116.730744592285, 3083.3579999999997, 3425.1910000000003, 1769.0022896402359, 1832.0387360198022, 1874.7872846268654, 1992.4874411516191, 2049.003391140747, 2199.6154932769778, 2157.6502261068345, 2155.417435174751, 1988.3416724452973, 1951.6928996269226, 2095.5281919789313, 2261.287391262531, 2228.2708478822706, 2328.271197004795, 2596.3688702293393]
shares:[0, 3.3898, 6.7132, 10.0859, 13.3464, 16.3067, 19.2741, 22.4128, 25.5864, 28.6776, 31.7015, 34.7009, 37.607, 40.5089, 43.3726, 46.5512, 49.5168, 52.6369, 55.5686, 59.2806, 63.1062, 67.1433, 70.5999, 74.3285, 77.9556, 81.527, 85.5111, 89.2861, 93.2686, 97.6392, 101.5654, 105.6255, 109.4925, 113.2406, 116.9944, 120.916, 124.5524, 132.0151, 139.6371, 147.5049, 155.2991, 163.2672, 171.0432, 179.3558, 188.0818, 198.042, 208.7372, 219.1975, 229.3395, 240.1154, 250.8913, 260.9416]
growth_rate:-49.09
