ticker:BEAM
price:[21.829999923706055, 25.649999618530273, 29.450000762939453, 26.760000228881836, 22.239999771118164, 29.40999984741211, 32.61000061035156, 37.88999938964844, 34.16999816894531, 36.130001068115234, 36.41999816894531, 41.630001068115234, 47.65999984741211, 60.060001373291016, 78.3499984741211, 72.3499984741211, 87.83999633789062, 81.63999938964844, 101.66999816894531, 113.04000091552734, 99.51000213623047, 96.43000030517578, 116.16000366210938, 105.0, 106.91000366210938, 89.12999725341797, 72.5999984741211, 98.41999816894531, 92.88999938964844, 81.33000183105469, 79.73999786376953, 70.2300033569336, 72.69000244140625, 76.7699966430664, 82.0, 70.81999969482422, 71.91999816894531, 72.62000274658203, 78.2300033569336, 82.61000061035156, 88.76000213623047, 85.0, 93.8499984741211, 130.2100067138672, 100.98999786376953, 88.01000213623047, 92.36000061035156, 92.0, 108.38999938964844, 101.0199966430664, 101.94999694824219, 106.58000183105469]
assets:[0, 99.99908851280213, 214.81419556503295, 295.19223852481844, 345.3315964460373, 556.6636541118622, 717.2308754241943, 933.3595109649659, 941.7217325363159, 1095.7398333934784, 1204.533167440796, 1476.845102891922, 1790.7625362667086, 2356.6763758861543, 3174.350188179016, 3031.2623560699462, 3780.246946398926, 3613.4271929855345, 4599.967564155579, 5214.388290232087, 4690.264636688233, 4645.090972700501, 5695.499219558716, 5248.309499999999, 5443.7825494720455, 4638.440926064301, 3878.1975384895327, 5357.472916326905, 5156.444623118591, 4614.7375008956915, 4624.521176109314, 4172.989546465302, 4419.159622424317, 4767.201835543823, 5191.9694, 4584.086514246369, 4755.285550932313, 4901.5669673835755, 5380.221542871093, 5781.452631715393, 6311.856891910554, 6144.48, 6884.225863071441, 9651.361012641906, 7585.530422544098, 6710.577841883087, 7142.254263198853, 7214.419199999999, 8599.684229574585, 8114.9464323371885, 8289.656201858521, 8766.130544602967]
shares:[0, 3.8986, 7.2942, 11.0311, 15.5275, 18.9277, 21.9942, 24.6334, 27.5599, 30.3277, 33.0734, 35.4755, 37.5737, 39.2387, 40.515, 41.8972, 43.0356, 44.2605, 45.2441, 46.1287, 47.1336, 48.1706, 49.0315, 49.9839, 50.9193, 52.0413, 53.4187, 54.4348, 55.5113, 56.7409, 57.995, 59.4189, 60.7946, 62.0972, 63.3167, 64.7287, 66.1191, 67.4961, 68.7744, 69.9849, 71.1115, 72.288, 73.3535, 74.1215, 75.1117, 76.2479, 77.3306, 78.4176, 79.3402, 80.3301, 81.311, 82.2493]
growth_rate:71.88
