ticker:BECN
price:[33.5, 30.049999237060547, 29.809999465942383, 29.399999618530273, 32.15999984741211, 35.849998474121094, 35.97999954223633, 35.529998779296875, 30.700000762939453, 34.400001525878906, 37.15999984741211, 36.9900016784668, 37.33000183105469, 38.0099983215332, 38.11000061035156, 38.959999084472656, 40.5, 40.189998626708984, 42.209999084472656, 42.5099983215332, 42.599998474121094, 39.77000045776367, 42.2599983215332, 47.81999969482422, 47.220001220703125, 47.83000183105469, 49.349998474121094, 54.310001373291016, 53.25, 52.029998779296875, 53.61000061035156, 55.31999969482422, 56.779998779296875, 56.36000061035156, 56.33000183105469, 60.25, 58.459999084472656, 56.4900016784668, 56.63999938964844, 56.97999954223633, 54.9900016784668, 51.95000076293945, 54.54999923706055, 53.65999984741211, 54.22999954223633, 51.95000076293945, 53.45000076293945, 53.47999954223633, 54.58000183105469, 50.290000915527344, 49.369998931884766, 53.849998474121094]
assets:[0, 100.00038746109009, 199.2023404312134, 296.46371615333555, 424.2965259868622, 572.9797706123352, 675.056751411438, 766.613018661499, 762.3976789466858, 954.2835623291015, 1130.8493993564605, 1225.674802616501, 1336.9404185775759, 1461.294385471344, 1565.1396150665284, 1700.0468320503235, 1867.2443999999998, 1952.95260326767, 2151.110194342804, 2266.399305513382, 2371.196855066681, 2313.6754546310426, 2558.5344003810883, 2995.1530788856503, 3057.5706310424803, 3197.0673313919065, 3398.665304914856, 3840.254766105271, 3865.30035, 3876.7448030456544, 4094.469157615662, 4325.072472140503, 4539.220222412109, 4605.643437876892, 4703.194640881347, 5130.49235, 5078.069360473633, 5006.946106769562, 5120.238952824401, 5250.9747638149265, 5167.586425730897, 4981.906368164444, 5331.242340436936, 5344.262318803024, 5501.031500564957, 5369.7494888603205, 5624.794795287705, 5727.953958971405, 5945.770743469238, 5578.433438555145, 5576.3808753555295, 6182.399854817199]
shares:[0, 3.3278, 6.6824, 10.0838, 13.1933, 15.9827, 18.762, 21.5765, 24.8338, 27.7408, 30.4319, 33.1353, 35.8141, 38.445, 41.069, 43.6357, 46.1048, 48.593, 50.9621, 53.3145, 55.6619, 58.1764, 60.5427, 62.6339, 64.7516, 66.8423, 68.8686, 70.7099, 72.5878, 74.5098, 76.3751, 78.1828, 79.944, 81.7183, 83.4936, 85.1534, 86.864, 88.6342, 90.3997, 92.1547, 93.9732, 95.8981, 97.7313, 99.5949, 101.4389, 103.3638, 105.2347, 107.1046, 108.9368, 110.9253, 112.9508, 114.8078]
growth_rate:21.22
