ticker:BEEM
price:[11.649999618530273, 11.75, 12.930000305175781, 11.5, 14.989999771118164, 16.889999389648438, 15.539999961853027, 16.145000457763672, 16.0, 18.579999923706055, 18.8700008392334, 25.299999237060547, 35.349998474121094, 29.020000457763672, 34.47999954223633, 44.349998474121094, 55.310001373291016, 73.77999877929688, 70.0999984741211, 60.709999084472656, 65.79000091552734, 56.779998779296875, 66.75, 62.7599983215332, 54.279998779296875, 42.13999938964844, 30.520000457763672, 48.150001525878906, 45.369998931884766, 40.369998931884766, 40.099998474121094, 39.70000076293945, 33.34000015258789, 34.470001220703125, 34.43000030517578, 31.1200008392334, 23.969999313354492, 25.469999313354492, 29.190000534057617, 31.59000015258789, 34.7400016784668, 35.560001373291016, 37.970001220703125, 34.36000061035156, 33.720001220703125, 29.079999923706055, 29.25, 30.56999969482422, 29.469999313354492, 31.299999237060547, 25.420000076293945, 28.700000762939453]
assets:[0, 99.99955, 210.04268295745848, 286.81345, 473.85487876472473, 633.9171460922241, 683.2487323227882, 809.8493679618836, 902.576, 1148.1157932855606, 1266.0355313062669, 1797.4409757968904, 2611.4457872772214, 2243.8235333942416, 2765.9890112781527, 3657.76168915329, 4661.68731474495, 6318.393669461059, 6103.242347149659, 5385.705438781739, 5936.3633626098635, 5223.373783703613, 6240.544274999999, 5967.515612403488, 5261.197441680909, 4184.501939392089, 3130.6348269557952, 5039.056554688263, 4848.120123863983, 4413.833648218155, 4484.314659363556, 4539.58392723999, 3912.33566190567, 4144.938365786743, 4240.126840583039, 3932.494466050148, 3128.9813883670804, 3424.7877996711736, 4024.9916596408843, 4455.927471523285, 5000.250031587601, 5218.273737524414, 5671.932203347778, 5232.674184950257, 5235.20890552063, 4614.824415892601, 4741.802325, 5055.7918865287775, 4973.8698621097565, 5382.732858795547, 4471.535617420578, 5148.50748686409]
shares:[0, 8.5106, 16.2446, 24.9403, 31.6114, 37.5321, 43.9671, 50.161, 56.411, 61.7931, 67.0925, 71.0451, 73.874, 77.3199, 80.2201, 82.4749, 84.2829, 85.6383, 87.0648, 88.712, 90.232, 91.9932, 93.4913, 95.0847, 96.927, 99.3, 102.5765, 104.6533, 106.8574, 109.3345, 111.8283, 114.3472, 117.3466, 120.2477, 123.1521, 126.3655, 130.5374, 134.4636, 137.8894, 141.055, 143.9335, 146.7456, 149.3793, 152.2897, 155.2553, 158.6941, 162.1129, 165.3841, 168.7774, 171.9723, 175.9062, 179.3905]
growth_rate:0.95
