ticker:BELFB
price:[11.25, 10.760000228881836, 11.100000381469727, 10.260000228881836, 10.699999809265137, 10.5, 10.75, 10.760000228881836, 11.710000038146973, 12.15999984741211, 13.770000457763672, 14.09000015258789, 15.15999984741211, 15.329999923706055, 13.9399995803833, 17.799999237060547, 15.6899995803833, 15.029999732971191, 16.760000228881836, 16.3799991607666, 16.489999771118164, 14.579999923706055, 15.880000114440918, 15.90999984741211, 15.350000381469727, 17.75, 19.100000381469727, 22.90999984741211, 20.40999984741211, 19.93000030517578, 20.290000915527344, 18.979999542236328, 18.799999237060547, 17.329999923706055, 19.93000030517578, 17.459999084472656, 16.459999084472656, 16.610000610351562, 16.479999542236328, 14.65999984741211, 14.329999923706055, 14.40999984741211, 14.960000038146973, 14.34000015258789, 13.890000343322754, 13.079999923706055, 12.739999771118164, 13.640000343322754, 14.859999656677246, 14.470000267028809, 13.8100004196167, 14.380000114440918]
assets:[0, 100.00021412715911, 203.15997698192598, 287.78582441997526, 400.1275628674507, 492.64845, 604.3779000000001, 704.9403389951706, 867.1793688249587, 1000.5041154453278, 1232.972725988388, 1361.6252077457427, 1565.0274242477417, 1682.5778676261903, 1630.0153029338837, 2181.3685465026856, 2022.7908329020502, 2037.7027347973826, 2372.248980396462, 2418.4626500894547, 2534.704248818207, 2341.1149617494584, 2649.85591909647, 2754.862612578964, 2757.89772853775, 3289.09985, 3639.2567726840975, 4465.20249926033, 4077.9485845127106, 4082.044725505829, 4255.778996029663, 4081.009275573349, 4142.30535189743, 3918.411763749504, 4606.287439533234, 4135.413005156707, 3998.5617375946044, 4135.001516944885, 4202.638843263626, 3838.5127880470277, 3852.1074654911044, 3973.6122159233096, 4225.276978774166, 4150.165256160736, 4119.929669833374, 3979.6749967870714, 3976.227820564651, 4357.123517670059, 4846.837050019551, 4819.631513941288, 4699.800008803368, 4993.781465742207]
shares:[0, 9.2937, 18.3027, 28.0493, 37.3951, 46.9189, 56.2212, 65.5149, 74.0546, 82.2783, 89.5405, 96.6377, 103.234, 109.7572, 116.9308, 122.5488, 128.9223, 135.5757, 141.5423, 147.6473, 153.7116, 160.5703, 166.8675, 173.1529, 179.6676, 185.3014, 190.537, 194.9019, 199.8015, 204.8191, 209.7476, 215.0163, 220.3354, 226.1057, 231.1233, 236.8507, 242.926, 248.9465, 255.0145, 261.8358, 268.8142, 275.7538, 282.4383, 289.4118, 296.6112, 304.2565, 312.1058, 319.4372, 326.1667, 333.0775, 340.3186, 347.2727]
growth_rate:-2.08
