ticker:BELFA
price:[11.670000076293945, 10.899999618530273, 10.5, 10.899999618530273, 10.880000114440918, 10.75, 10.40999984741211, 10.989999771118164, 11.420000076293945, 12.300000190734863, 12.529999732971191, 13.75, 14.680000305175781, 14.949999809265137, 13.109999656677246, 14.720000267028809, 13.8100004196167, 13.279999732971191, 14.720000267028809, 15.25, 14.640000343322754, 13.680000305175781, 14.25, 15.220000267028809, 15.260000228881836, 16.700000762939453, 18.68000030517578, 21.299999237060547, 19.040000915527344, 18.479999542236328, 18.290000915527344, 17.200000762939453, 15.970000267028809, 15.350000381469727, 18.90999984741211, 17.84000015258789, 16.709999084472656, 17.040000915527344, 17.010000228881836, 14.649999618530273, 14.949999809265137, 14.899999618530273, 14.640000343322754, 14.6899995803833, 14.579999923706055, 14.0, 14.0, 15.4399995803833, 15.40999984741211, 15.350000381469727, 15.180000305175781, 15.5]
assets:[0, 99.9998665002823, 196.33005, 303.80914936752316, 403.2519722415924, 498.43342500000006, 582.6685114593506, 715.1324731063843, 843.1134816326141, 1008.0821856322287, 1126.9318869837762, 1336.6567499999999, 1527.0635437454223, 1655.1503588832857, 1551.4399813711166, 1841.968097414303, 1828.0960435466766, 1857.9370346413612, 2159.400487172699, 2337.1509499999997, 2343.6649509613035, 2289.9814350852967, 2485.39665, 2754.578050327969, 2861.817714923859, 3231.8709876480107, 3715.0504406929017, 4336.111134685898, 3976.035807185364, 3959.0941179302217, 4018.3900191452026, 3878.9132120567324, 3701.5250648919105, 3657.822200902176, 4606.150710832214, 4445.517526023102, 4263.9339123825075, 4448.140582990264, 4540.30926109314, 4010.3773305742266, 4192.501701511288, 4278.479760462379, 4303.821916928959, 4418.521240785884, 4485.434916528701, 4407.002600000001, 4507.0032, 5070.580782195569, 5160.728816899108, 5240.635955237388, 5282.596084200287, 5493.954849999999]
shares:[0, 9.1743, 18.6981, 27.8724, 37.0636, 46.3659, 55.972, 65.0712, 73.8278, 81.9579, 89.9387, 97.2114, 104.0234, 110.7124, 118.3402, 125.1337, 132.3748, 139.9049, 146.6984, 153.2558, 160.0864, 167.3963, 174.4138, 180.9841, 187.5372, 193.5252, 198.8785, 203.5733, 208.8254, 214.2367, 219.7042, 225.5182, 231.7799, 238.2946, 243.5828, 249.1882, 255.1726, 261.0411, 266.92, 273.7459, 280.4349, 287.1463, 293.9769, 300.7843, 307.643, 314.7859, 321.9288, 328.4055, 334.8948, 341.4095, 347.9971, 354.4487]
growth_rate:7.72
