ticker:BENER
price:[0.32499998807907104, 0.5299999713897705, 0.4099999964237213, 0.40299999713897705, 0.3799999952316284, 0.3400000035762787, 0.3400000035762787, 0.32899999618530273, 0.32899999618530273, 0.33000001311302185, 0.3199999928474426, 0.3100000023841858, 0.29499998688697815, 0.29600000381469727, 0.2709999978542328, 0.2800000011920929, 0.2800000011920929, 0.3400000035762787, 0.3310000002384186, 0.31700000166893005, 0.3100000023841858, 0.36000001430511475, 0.4300000071525574, 0.38199999928474426, 0.4000000059604645, 0.39100000262260437, 0.3799999952316284, 0.3799999952316284, 0.36000001430511475, 0.4000000059604645, 0.3499999940395355, 0.3499999940395355]
assets:[0, 100.00002360184193, 177.3584954529673, 274.33044015244246, 358.6738634992361, 420.91871242741945, 520.9186974792659, 604.0654437959671, 704.0654532364845, 806.2055090357273, 881.7749882907926, 954.2195323388279, 1008.0475821913541, 1111.4647407239916, 1117.591010250959, 1254.7066053418816, 1354.706617767629, 1745.0008883547334, 1798.8096705956787, 1822.7270904962272, 1882.4775874779882, 2286.1030868415714, 2830.623053084171, 2614.6464777043434, 2837.8497622872565, 2873.9981300771356, 2893.143909695828, 2993.1439104409933, 2935.610180650663, 3361.789010094559, 3041.565293202451, 3141.565296499461]
shares:[0, 188.6793, 432.5817, 680.7207, 943.8786, 1237.9962, 1532.1138, 1836.0652, 2140.0166, 2443.0469, 2755.5469, 3078.1275, 3417.1106, 3754.9484, 4123.9521, 4481.095, 4838.2379, 5132.3555, 5434.4703, 5749.9277, 6072.5083, 6350.2861, 6582.8442, 6844.6243, 7094.6243, 7350.3788, 7613.5367, 7876.6946, 8154.4724, 8404.4724, 8690.1867, 8975.901]
growth_rate:1.34
