ticker:BENEU
price:[10.5600004196167, 10.529999732971191, 10.614999771118164, 10.770000457763672, 11.1899995803833, 11.1850004196167, 11.0, 11.020000457763672, 10.579999923706055, 10.616000175476074, 10.510000228881836, 10.699999809265137, 10.5, 10.739999771118164, 10.720000267028809, 10.652999877929688, 10.630000114440918, 10.600000381469727, 10.430000305175781, 10.470000267028809, 10.550000190734863, 10.569999694824219, 10.630000114440918, 10.767000198364258, 10.699999809265137, 10.75, 10.699999809265137, 10.739999771118164, 10.800000190734863, 10.770000457763672, 10.75, 10.734999656677246, 10.779999732971191, 10.699999809265137]
assets:[0, 100.00024846410751, 200.80713517017367, 303.73986091003417, 415.58539441585543, 515.3992268357277, 606.8744, 707.9777254089355, 779.7100223773957, 882.3626553849219, 973.5518312015533, 1091.151740549469, 1170.7563, 1297.5165563484193, 1395.100834751129, 1486.3811139678953, 1583.171626044178, 1678.7040404127122, 1751.7811312561034, 1858.4993843995096, 1972.700225664711, 2076.439445049286, 2188.225917558098, 2316.427496476364, 2402.0129971824645, 2513.237125, 2601.5476636256217, 2711.2732042196276, 2826.420529916382, 2918.569963049698, 3013.14975, 3108.9450010708806, 3221.9769861891746, 3298.0662912096977]
shares:[0, 9.4967, 18.9173, 28.2024, 37.139, 46.0795, 55.1704, 64.2448, 73.6966, 83.1163, 92.631, 101.9768, 111.5006, 120.8116, 130.14, 139.527, 148.9343, 158.3683, 167.956, 177.5071, 186.9858, 196.4465, 205.8538, 215.1414, 224.4872, 233.7895, 243.1353, 252.4463, 261.7056, 270.9907, 280.293, 289.6083, 298.8847, 308.2305]
growth_rate:-0.06
