ticker:BENE
price:[10.149999618530273, 10.239999771118164, 10.149999618530273, 10.15999984741211, 10.140000343322754, 9.930000305175781, 9.979999542236328, 9.949999809265137, 9.949999809265137, 9.9399995803833, 10.239999771118164, 10.0, 10.020000457763672, 9.989999771118164, 9.989999771118164, 10.0600004196167, 9.9399995803833, 10.029999732971191, 9.949999809265137, 10.039999961853027, 10.029999732971191, 9.989999771118164, 10.0, 10.020000457763672, 10.020000457763672, 10.029999732971191, 10.010000228881836, 10.0, 10.0, 10.039999961853027, 10.050000190734863, 10.050000190734863]
assets:[0, 99.99974176483154, 199.1206625164032, 299.316643504715, 398.727121500206, 490.46952607345577, 592.9387188030244, 691.1568367509841, 791.1573198340416, 890.3625404133797, 1017.2344092630386, 1093.393, 1195.579440620041, 1291.9996773988723, 1391.9995751077654, 1501.7538446402548, 1583.8405271382333, 1698.1812607892991, 1784.6369407896996, 1900.7798207779883, 1998.886670783615, 2090.9149440948486, 2193.0080000000003, 2297.393720956421, 2397.393325524902, 2499.78586044817, 2594.8012683309553, 2692.209, 2792.209, 2903.3782329686164, 3006.2696220547678, 3106.2691339526177]
shares:[0, 9.7656, 19.6178, 29.4603, 39.3222, 49.3927, 59.4127, 69.463, 79.5133, 89.5737, 99.3393, 109.3393, 119.3193, 129.3293, 139.3393, 149.2797, 159.3401, 169.3102, 179.3605, 189.3207, 199.2908, 209.3008, 219.3008, 229.2808, 239.2608, 249.2309, 259.2209, 269.2209, 279.2209, 289.1811, 299.1313, 309.0815]
growth_rate:0.2
