ticker:BENEW
price:[0.5799999833106995, 0.8199999928474426, 1.0149999856948853, 1.0499999523162842, 0.9049999713897705, 0.6399999856948853, 0.6110000014305115, 0.5400000214576721, 0.4699999988079071, 0.49000000953674316, 0.5669999718666077, 0.5799999833106995, 0.49900001287460327, 0.5400000214576721, 0.47999998927116394, 0.4699999988079071, 0.40299999713897705, 0.49000000953674316, 0.527999997138977, 0.550000011920929, 0.5799999833106995, 0.5600000023841858, 0.6000000238418579, 0.5699999928474426, 0.5569999814033508, 0.5799999833106995, 0.5649999976158142, 0.5590000152587891, 0.5400000214576721, 0.49900001287460327, 0.43700000643730164, 0.4300000071525574, 0.4300000071525574]
assets:[0, 99.99998312773704, 223.78049784610272, 331.4970599457026, 385.7188613060713, 372.7735596678615, 455.8822538673401, 502.9074199837446, 537.7157186361551, 660.5972368570327, 864.4053486099541, 984.2241856792867, 946.7722353274881, 1124.5631666861236, 1099.6116234217643, 1176.703089015448, 1108.9603199271442, 1448.363686189127, 1660.6857078014016, 1829.881004661602, 2029.6925995962918, 2059.703248769134, 2306.8250116649865, 2291.4836472456695, 2339.2216819000246, 2535.8143310328123, 2570.233014154136, 2642.938600243187, 2653.107099425, 2551.6674539350806, 2334.6265619906067, 2397.2297868751707, 2497.2297715385557]
shares:[0, 121.9512, 220.4734, 315.7115, 426.2087, 582.4587, 746.1248, 931.31, 1144.076, 1348.1576, 1524.5245, 1696.9383, 1897.3391, 2082.5243, 2290.8576, 2503.6236, 2751.7626, 2955.8442, 3145.2381, 3327.0563, 3499.4701, 3678.0415, 3844.7082, 4020.1468, 4199.68, 4372.0938, 4549.085, 4727.9759, 4913.1611, 5113.5619, 5342.3948, 5574.9529, 5807.511]
growth_rate:-21.96
