ticker:BFRA
price:[7.630000114440918, 8.779999732971191, 8.90999984741211, 7.809999942779541, 7.940000057220459, 7.829999923706055, 7.510000228881836, 7.429999828338623, 6.349999904632568, 6.670000076293945, 6.909999847412109, 7.230000019073486, 7.170000076293945, 7.579999923706055, 6.940000057220459, 7.090000152587891, 6.929999828338623, 7.289999961853027, 8.130000114440918, 8.170000076293945, 8.0, 7.900000095367432, 7.900000095367432, 8.59000015258789, 7.360000133514404, 6.539999961853027, 5.980000019073486, 6.010000228881836, 5.980000019073486, 4.78000020980835, 5.610000133514404, 5.599999904632568, 5.369999885559082, 5.539999961853027, 5.230000019073486, 5.940000057220459, 5.434999942779541, 6.25, 7.039999961853027, 7.010000228881836, 6.690000057220459, 6.53000020980835, 6.574999809265137, 6.179999828338623, 6.210000038146973, 6.570000171661377, 6.639999866485596, 6.050000190734863, 5.829999923706055, 5.760000228881836, 5.320000171661377, 6.190000057220459]
assets:[0, 99.99980695867538, 201.48004454956055, 276.6059869734287, 381.21051874723435, 475.9293193626404, 556.4790009597779, 650.5514669697761, 655.9892801480294, 789.0470020254135, 917.4386067409515, 1059.9252327961922, 1151.1291722488404, 1316.9537347446442, 1305.7596227660179, 1433.9823088615417, 1501.6214688036919, 1679.6276552108766, 1973.1648487750053, 2082.8728914505004, 2139.5328, 2212.7884467123986, 2312.7882279195783, 2614.7908924476624, 2340.3799464557646, 2179.6309132864953, 2092.995820675707, 2203.4956659168242, 2292.496395312023, 1932.4637428215503, 2368.0169603572845, 2463.795558041811, 2462.6040825190544, 2640.5634218177797, 2592.8065044558048, 3044.7935393307207, 2885.934967616463, 3418.6925, 3950.814890592098, 4033.9789377124785, 3949.8315607834343, 3955.3660930855754, 4082.623179066753, 3937.355140632391, 4056.4689009181975, 4391.626605744696, 4538.416668743372, 4235.153803519249, 4181.148268283653, 4230.945960122681, 4007.748713318729, 4763.151191030645]
shares:[0, 11.3895, 22.6128, 35.4169, 48.0114, 60.7828, 74.0984, 87.5574, 103.3054, 118.2979, 132.7697, 146.601, 160.548, 173.7406, 188.1498, 202.2542, 216.6842, 230.4016, 242.7017, 254.9416, 267.4416, 280.0998, 292.758, 304.3994, 317.9864, 333.2769, 349.9993, 366.6382, 383.3606, 404.2811, 422.1064, 439.9635, 458.5855, 476.636, 495.7565, 512.5915, 530.9908, 546.9908, 561.1953, 575.4606, 590.4083, 605.7222, 620.9313, 637.1125, 653.2156, 668.4363, 683.4965, 700.0254, 717.1781, 734.5392, 753.3362, 769.4913]
growth_rate:-6.6
