ticker:BGFV
price:[5.71999979019165, 6.079999923706055, 6.769999980926514, 5.949999809265137, 7.860000133514404, 8.100000381469727, 9.050000190734863, 8.210000038146973, 7.340000152587891, 9.119999885559082, 8.229999542236328, 9.850000381469727, 10.170000076293945, 9.350000381469727, 8.180000305175781, 9.210000038146973, 10.9399995803833, 10.210000038146973, 12.229999542236328, 11.210000038146973, 12.130000114440918, 13.020000457763672, 15.350000381469727, 15.609999656677246, 15.319999694824219, 13.5, 13.199999809265137, 14.899999618530273, 17.100000381469727, 14.729999542236328, 16.479999542236328, 16.989999771118164, 16.479999542236328, 18.030000686645508, 18.31999969482422, 30.360000610351562, 28.110000610351562, 28.610000610351562, 30.75, 30.59000015258789, 29.209999084472656, 24.8799991607666, 25.649999618530273, 25.860000610351562, 25.360000610351562, 21.290000915527344, 23.100000381469727, 21.920000076293945, 22.989999771118164, 22.15999984741211, 22.360000610351562, 23.790000915527344]
assets:[0, 100.00019074516295, 211.34856740455626, 285.74933583993914, 477.476930110693, 592.0565678829194, 761.4950710490227, 790.8151176744461, 807.0139327766418, 1102.7201621626855, 1095.1084290885924, 1410.6707596323015, 1556.4991886766434, 1530.9999174631118, 1439.4199297012328, 1720.6674671268463, 2143.8767097690584, 2100.820838849163, 2616.457973067093, 2498.2415515013695, 2803.2709254475594, 3108.9521653060915, 3765.3167185735706, 3929.0946705843926, 3956.1003731941228, 3586.1197500000003, 3606.4287078885077, 4170.89282321682, 4886.730379014016, 4309.44696407547, 4921.43215129776, 5173.733566301727, 5118.430769825745, 5699.836738069725, 5891.514045858765, 9863.448078292846, 9232.462655464173, 9496.683440597533, 10307.02485, 10353.39356364441, 9986.323249999235, 8605.981757709504, 8972.323696562577, 9145.782287860107, 9068.949242266846, 7713.482297700501, 8469.254779859924, 8136.625116320038, 8633.80475304432, 8422.100734007645, 8598.113394699098, 9247.991731896973]
shares:[0, 16.4474, 31.2184, 48.0251, 60.7477, 73.0934, 84.1431, 96.3234, 109.9474, 120.9123, 133.063, 143.2153, 153.0481, 163.7433, 175.9682, 186.826, 195.9668, 205.7611, 213.9377, 222.8583, 231.1023, 238.7828, 245.2975, 251.7037, 258.2311, 265.6385, 273.2143, 279.9257, 285.7737, 292.5626, 298.6306, 304.5164, 310.5844, 316.1307, 321.5892, 324.883, 328.4405, 331.9358, 335.1878, 338.4568, 341.8803, 345.8996, 349.7982, 353.6652, 357.6084, 362.3054, 366.6344, 371.1964, 375.5461, 380.0587, 384.531, 388.7344]
growth_rate:81.33
