ticker:BGNE
price:[240.1699981689453, 249.58999633789062, 273.9599914550781, 282.3999938964844, 283.2799987792969, 312.6600036621094, 316.6099853515625, 299.0, 296.5199890136719, 293.45001220703125, 278.04998779296875, 284.1700134277344, 285.8900146484375, 222.8800048828125, 228.25, 257.2799987792969, 263.7200012207031, 258.3900146484375, 279.25, 345.0, 374.5, 320.0, 371.8900146484375, 380.7799987792969, 351.0400085449219, 320.0, 301.2799987792969, 321.70001220703125, 348.95001220703125, 324.8599853515625, 342.2799987792969, 308.2699890136719, 305.5400085449219, 317.8500061035156, 343.5400085449219, 311.9700012207031, 319.6099853515625, 347.5199890136719, 358.510009765625, 353.260009765625, 346.9100036621094, 321.80999755859375, 363.3399963378906, 339.260009765625, 329.25, 325.9800109863281, 316.92999267578125, 316.5899963378906, 321.45001220703125, 276.19000244140625, 249.60000610351562, 281.9800109863281]
assets:[0, 100.01071153259278, 209.77116545715333, 316.23151316528316, 417.21478220214846, 560.4743225646972, 667.5404931152344, 730.3972, 824.3255694580077, 915.7987980957031, 967.7251775146484, 1089.0247424591064, 1195.6206302612304, 1032.112726611328, 1156.976425, 1404.1313213378908, 1539.2809031250001, 1608.1677731689454, 1837.995575, 2370.771, 2673.4806, 2384.416, 2871.065291088867, 3039.6905742553713, 2902.2934786468504, 2745.6639999999998, 2685.0374771209717, 2967.007042584228, 3318.3401410827632, 3189.2479341918943, 3460.279647659302, 3216.4582383697507, 3287.9771399536135, 3520.443097601318, 3904.9849231292724, 3646.1181922668457, 3835.4157072143553, 4270.360376998901, 4505.395292724609, 4539.4264514892575, 4557.8423921142585, 4328.054838165283, 4986.587111740112, 4756.120002905273, 4715.7819, 4768.957168725586, 4736.550433538819, 4831.479934112549, 5005.651735089112, 4400.866736901856, 4077.1661796997073, 4706.077195355224]
shares:[0, 0.4007, 0.7657, 1.1198, 1.4728, 1.7926, 2.1084, 2.4428, 2.78, 3.1208, 3.4804, 3.8323, 4.1821, 4.6308, 5.0689, 5.4576, 5.8368, 6.2238, 6.5819, 6.8718, 7.1388, 7.4513, 7.7202, 7.9828, 8.2677, 8.5802, 8.9121, 9.2229, 9.5095, 9.8173, 10.1095, 10.4339, 10.7612, 11.0758, 11.3669, 11.6874, 12.0003, 12.2881, 12.567, 12.8501, 13.1384, 13.4491, 13.7243, 14.0191, 14.3228, 14.6296, 14.9451, 15.261, 15.5721, 15.9342, 16.3348, 16.6894]
growth_rate:-7.72
