ticker:BGRYW
price:[2.2699999809265137, 2.819999933242798, 1.850000023841858, 2.0799999237060547, 2.240000009536743, 1.909999966621399, 2.0299999713897705, 1.9600000381469727, 1.6200000047683716, 1.649999976158142, 1.8300000429153442, 1.75, 1.5499999523162842, 1.6100000143051147, 1.4450000524520874, 1.6779999732971191, 2.234999895095825, 2.0199999809265137, 2.0, 2.0299999713897705, 2.049999952316284, 1.75, 1.600000023841858, 1.3899999856948853, 1.190000057220459, 1.2899999618530273, 1.0800000429153442, 1.2050000429153442, 1.2000000476837158, 1.2000000476837158]
assets:[0, 100.00001763272284, 165.60293713420631, 286.1913495025635, 408.2061777379275, 448.06861116968395, 576.2195518789291, 656.3499167743684, 642.49329789114, 754.3913740993381, 936.688632966292, 995.74055, 981.9415547918559, 1119.9522349509596, 1105.1744771167516, 1383.3790871855736, 1942.5816723210573, 1855.7115644777773, 1937.3382, 2066.3982768767833, 2186.7568841352704, 1966.7437999999997, 1898.1657882848738, 1749.0314219999314, 1597.3723008087159, 1831.6051558370589, 1633.4369929069521, 1922.492133968389, 2014.5149600496293, 2114.514924023271]
shares:[0, 35.461, 89.5151, 137.592, 182.2349, 234.5909, 283.852, 334.8724, 396.6008, 457.2069, 511.8517, 568.9946, 633.5107, 695.6225, 764.8266, 824.4214, 869.1641, 918.6691, 968.6691, 1017.9302, 1066.7107, 1123.8536, 1186.3536, 1258.296, 1342.3296, 1419.849, 1512.4416, 1595.4291, 1678.7624, 1762.0957]
growth_rate:-27.09
