ticker:BGRY
price:[10.8100004196167, 10.75, 11.90999984741211, 10.84000015258789, 10.970000267028809, 10.619999885559082, 10.199999809265137, 10.15999984741211, 10.289999961853027, 10.09000015258789, 10.079999923706055, 9.979999542236328, 9.90999984741211, 9.890000343322754, 9.90999984741211, 10.0, 9.9399995803833, 10.020000457763672, 9.960000038146973, 9.960000038146973, 9.970000267028809, 9.979999542236328, 9.0, 9.970000267028809, 9.460000038146973, 8.350000381469727, 9.399999618530273, 9.199999809265137, 8.930000305175781, 8.630000114440918]
assets:[0, 99.99972500000001, 210.79032329940796, 291.8529121082306, 395.35332462358474, 482.739528798008, 563.6479094600677, 661.4373260662078, 769.900884145832, 854.9368119289398, 954.0891287786484, 1044.6235180850983, 1137.2963574886323, 1235.0009358719826, 1337.4981744060515, 1449.645, 1540.9474409489633, 1653.3491735332489, 1743.4492026774406, 1843.4495950604437, 1945.3005901014328, 2047.2511980964662, 1946.2185, 2255.977762422371, 2240.5764130350112, 2077.6754849185945, 2438.9398810232165, 2487.0479084383965, 2514.058520915985, 2529.599743544579]
shares:[0, 9.3023, 17.6986, 26.9237, 36.0395, 45.4557, 55.2596, 65.1021, 74.8203, 84.7311, 94.6517, 104.6717, 114.7625, 124.8737, 134.9645, 144.9645, 155.0249, 165.0049, 175.0451, 185.0853, 195.1154, 205.1354, 216.2465, 226.2766, 236.8474, 248.8234, 259.4617, 270.3313, 281.5295, 293.117]
growth_rate:-12.77
