ticker:BHAT
price:[1.059999942779541, 1.0800000429153442, 1.0800000429153442, 0.9700000286102295, 0.8539999723434448, 0.8790000081062317, 0.8899999856948853, 0.9200000166893005, 0.7799999713897705, 0.800000011920929, 0.8809999823570251, 0.8600000143051147, 0.9409999847412109, 0.8709999918937683, 0.8999999761581421, 0.8949999809265137, 0.8500000238418579, 0.8899999856948853, 0.9399999976158142, 1.0399999618530273, 1.340000033378601, 1.3300000429153442, 1.3899999856948853, 1.6299999952316284, 1.5700000524520874, 1.2699999809265137, 1.2699999809265137, 1.5700000524520874, 1.5199999809265137, 1.409999966621399, 1.409999966621399, 1.3799999952316284, 1.1299999952316284, 1.1699999570846558, 1.159999966621399, 0.8299999833106995, 0.7509999871253967, 0.8050000071525574, 0.8299999833106995, 0.8399999737739563, 0.8799999952316284, 0.843999981880188, 0.8659999966621399, 0.9549999833106995, 0.9399999976158142, 0.8190000057220459, 0.7300000190734863, 0.7170000076293945, 0.6700000166893005, 0.6399999856948853, 0.5879999995231628, 0.6650000214576721]
assets:[0, 100.00001197364331, 200.00002394728662, 279.6296682476998, 346.1893847887516, 456.32371260826585, 562.0342789663315, 680.9793203533351, 677.3519751548766, 794.7200118422508, 975.1853998708606, 1051.9404074978233, 1251.0184521141052, 1257.956545292437, 1399.8402529168964, 1492.063328702402, 1517.0434925519228, 1688.4337468615295, 1883.2896192232847, 2183.6394559045793, 2913.535674574435, 2991.7929355367064, 3226.7608397919535, 3883.899440638113, 3840.9340073216554, 3206.9974748357295, 3306.9975273338796, 4188.17829792273, 4154.796675864172, 3954.120575395024, 4054.120593027747, 4067.862831944144, 3430.9311845221637, 3652.3799740314957, 3721.163080924809, 2762.5563404516456, 2599.614242434084, 2886.5373086473583, 3076.181213145405, 3213.243583677775, 3466.255301217735, 3424.4538820804955, 3613.7169238714996, 4085.1034401099264, 4120.939591547781, 3690.478235383988, 3389.437319559431, 3429.077416387844, 3304.298310308099, 3256.344503215027, 3091.7665606927394, 3596.6408455534397]
shares:[0, 92.5926, 185.1852, 288.278, 405.374, 519.1396, 631.4992, 740.1949, 868.4, 993.4, 1106.9074, 1223.1865, 1329.4564, 1444.267, 1555.3781, 1667.1099, 1784.757, 1897.1166, 2003.4996, 2099.6534, 2174.2803, 2249.4683, 2321.4107, 2382.7604, 2446.4547, 2525.1949, 2603.9351, 2667.6294, 2733.4189, 2804.3409, 2875.2629, 2947.7267, 3036.2223, 3121.6924, 3207.8993, 3328.3812, 3461.537, 3585.7606, 3706.2425, 3825.2901, 3938.9265, 4057.4099, 4172.8833, 4277.5953, 4383.9783, 4506.0784, 4643.0647, 4782.5347, 4931.7884, 5088.0384, 5258.1064, 5408.4823]
growth_rate:-29.48
