ticker:BHF
price:[32.43000030517578, 29.510000228881836, 28.290000915527344, 25.809999465942383, 28.690000534057617, 30.610000610351562, 31.739999771118164, 32.970001220703125, 33.099998474121094, 31.520000457763672, 33.900001525878906, 34.0099983215332, 37.15999984741211, 37.47999954223633, 33.68000030517578, 34.04999923706055, 35.439998626708984, 36.20500183105469, 38.599998474121094, 42.16999816894531, 40.560001373291016, 35.36000061035156, 40.040000915527344, 40.0, 40.459999084472656, 39.88999938964844, 42.064998626708984, 44.625, 45.59000015258789, 43.2400016784668, 45.439998626708984, 46.09000015258789, 47.400001525878906, 45.439998626708984, 46.790000915527344, 48.93000030517578, 49.41999816894531, 48.68000030517578, 48.65999984741211, 48.66999816894531, 46.650001525878906, 43.52000045776367, 46.54999923706055, 45.38999938964844, 43.68000030517578, 42.13999938964844, 41.720001220703125, 43.060001373291016, 47.11000061035156, 48.2599983215332, 46.31999969482422, 49.04999923706055]
assets:[0, 100.00053777561187, 195.86582133865355, 278.6963742332459, 409.79362262821195, 537.217754711914, 657.0497352619171, 782.5133059722901, 885.5970791748047, 943.3242696998597, 1114.5540801673887, 1218.170119880676, 1430.9981501239774, 1543.3214371505737, 1486.8473974723815, 1603.182924078369, 1768.629587466049, 1906.805210935974, 2132.9432756835936, 2430.2148244781492, 2437.433002527237, 2224.9431744049075, 2619.420863893891, 2716.804, 2848.0481175544737, 2907.9251095062255, 3166.4806301242825, 3459.1872000000003, 3633.992589162827, 3546.674657672882, 3827.1248123363494, 3981.8718191825865, 4195.047075045014, 4121.580547437286, 4344.030474998473, 4642.708399956512, 4789.203066555786, 4817.489662200928, 4915.511534585953, 5016.523785269164, 4908.31723054657, 4678.99192121582, 5104.756706334686, 5077.5477427230835, 4986.259858837128, 4910.46035087738, 4961.517769171142, 5220.874456506729, 5811.9230872985845, 6053.796927450943, 5910.44122505951, 6358.787946093369]
shares:[0, 3.3887, 6.9235, 10.798, 14.2835, 17.5504, 20.701, 23.7341, 26.7552, 29.9278, 32.8777, 35.818, 38.5091, 41.1772, 44.1463, 47.0832, 49.9049, 52.6669, 55.2576, 57.629, 60.0945, 62.9226, 65.4201, 67.9201, 70.3917, 72.8986, 75.2759, 77.5168, 79.7103, 82.023, 84.2237, 86.3934, 88.5031, 90.7038, 92.841, 94.8847, 96.9082, 98.9624, 101.0175, 103.0722, 105.2158, 107.5136, 109.6618, 111.8649, 114.1543, 116.5273, 118.9242, 121.2465, 123.3692, 125.4413, 127.6002, 129.6389]
growth_rate:24.68
