ticker:BHFAN
price:[25.299999237060547, 25.770000457763672, 25.809999465942383, 25.8799991607666, 25.969999313354492, 26.280000686645508, 26.200000762939453, 26.920000076293945, 25.860000610351562, 26.110000610351562, 26.350000381469727, 25.649999618530273, 25.864999771118164, 25.770000457763672, 25.860000610351562, 25.100000381469727, 25.260000228881836, 25.200000762939453, 25.670000076293945, 25.8799991607666, 26.719999313354492, 26.469999313354492, 26.489999771118164, 26.389999389648438, 26.229999542236328, 26.649999618530273, 25.920000076293945, 26.18000030517578, 26.280000686645508, 26.600000381469727, 26.350000381469727, 27.030000686645508, 27.100000381469727, 27.34000015258789, 27.43000030517578, 27.06999969482422, 26.3700008392334, 26.59000015258789, 26.690000534057617, 26.260000228881836, 26.209999084472656, 26.3700008392334, 26.399999618530273]
assets:[0, 100.00048677635193, 200.15654585838317, 300.69971024894716, 401.74550137786866, 506.5417572349548, 604.9999376174927, 721.6255980451584, 793.2115567214967, 900.8811840591432, 1009.1628546096802, 1082.353033903122, 1191.4246574569702, 1287.0491718624114, 1391.5447348434448, 1450.6495020469665, 1559.8959501342772, 1656.1919301418307, 1787.081230311394, 1901.701158331871, 2063.4252269744875, 2144.1202373804094, 2245.7400615961074, 2337.2619639434815, 2423.090635712433, 2561.8884483289717, 2591.7122956285475, 2717.7091796798704, 2828.090737892532, 2962.527162485504, 3034.68474893322, 3212.9994186201097, 3321.3191367521285, 3450.731789258957, 3562.0900126304623, 3615.339223242188, 3621.851053266525, 3752.0670595314027, 3866.1773583608624, 3903.8904140262607, 3996.4561034019466, 4120.853216147423, 4225.541698942566]
shares:[0, 3.8805, 7.755, 11.619, 15.4696, 19.2748, 23.0916, 26.8063, 30.6733, 34.5033, 38.2984, 42.197, 46.0632, 49.9437, 53.8107, 57.7948, 61.7536, 65.7219, 69.6175, 73.4815, 77.224, 81.0019, 84.7769, 88.5662, 92.3786, 96.1309, 99.9889, 103.8086, 107.6138, 111.3732, 115.1683, 118.8679, 122.5579, 126.2155, 129.8611, 133.5552, 137.3474, 141.1082, 144.8549, 148.663, 152.4783, 156.2705, 160.0584]
growth_rate:0.61
