ticker:BHFAP
price:[26.81999969482422, 26.450000762939453, 26.780000686645508, 26.920000076293945, 27.5, 27.540000915527344, 26.639999389648438, 26.90999984741211, 26.510000228881836, 27.31999969482422, 27.1299991607666, 27.979999542236328, 27.979999542236328, 27.829999923706055, 27.149999618530273, 27.93000030517578, 27.56999969482422, 27.799999237060547, 26.979999542236328, 27.200000762939453, 27.3799991607666, 27.020000457763672, 27.790000915527344, 27.040000915527344, 26.799999237060547, 26.34000015258789, 26.75, 26.68000030517578, 26.63599967956543, 27.020000457763672, 27.739999771118164, 27.860000610351562, 27.65999984741211, 27.25, 26.940000534057617, 27.700000762939453, 27.149999618530273, 27.209999084472656, 27.75, 27.8799991607666, 27.549999237060547, 27.71500015258789, 27.850000381469727, 28.360000610351562, 28.18000030517578, 27.489999771118164, 27.405000686645508, 27.770000457763672, 27.950000762939453, 27.790000915527344, 27.68000030517578, 27.760000228881836]
assets:[0, 99.99951788444518, 201.24634916000366, 302.29814085674286, 408.81225, 509.4073969345093, 592.7612984191895, 698.7692750377655, 788.3835478067398, 912.471597807312, 1006.1268708766937, 1137.6499933876037, 1237.6505117515565, 1331.0142743511199, 1398.4910503505707, 1538.669302812195, 1618.835943080902, 1732.3402724578857, 1781.241153778076, 1895.76661317482, 2008.3119864425657, 2081.907247270966, 2241.2357838363646, 2280.748365222168, 2360.5037328014373, 2419.9875140190125, 2557.6557749999997, 2650.962182322693, 2746.589752158165, 2886.187282896805, 3063.0951587265013, 3176.346529586792, 3253.543440051651, 3305.3160000000003, 3367.7155867614747, 3562.721468127823, 3591.9802445310593, 3699.9177195098882, 3873.3450000000003, 3991.4902638496396, 4044.2462180030825, 4168.469054949951, 4288.774733744621, 4467.312672143555, 4538.958285154724, 4527.820133301353, 4613.820960101509, 4775.27096171608, 4906.22294892311, 4978.136803002167, 5058.431479769898, 5173.051058651924]
shares:[0, 3.7807, 7.5148, 11.2295, 14.8659, 18.497, 22.2508, 25.9669, 29.7391, 33.3994, 37.0854, 40.6594, 44.2334, 47.8266, 51.5098, 55.0902, 58.7173, 62.3144, 66.0208, 69.6973, 73.3496, 77.0506, 80.649, 84.3472, 88.0785, 91.875, 95.6133, 99.3614, 103.1157, 106.8167, 110.4216, 114.011, 117.6263, 121.296, 125.008, 128.6181, 132.3013, 135.9764, 139.58, 143.1668, 146.7966, 150.4048, 153.9955, 157.5216, 161.0702, 164.7079, 168.3569, 171.9579, 175.5357, 179.1341, 182.7468, 186.3491]
growth_rate:1.43
