ticker:BHFAO
price:[27.5, 26.600000381469727, 27.020000457763672, 27.309999465942383, 28.100000381469727, 27.1299991607666, 27.079999923706055, 27.850000381469727, 27.31999969482422, 27.729999542236328, 27.790000915527344, 27.719999313354492, 27.559999465942383, 27.59000015258789, 27.31999969482422, 28.34000015258789, 27.889999389648438, 28.3799991607666, 27.649999618530273, 28.030000686645508, 28.100000381469727, 27.549999237060547, 27.690000534057617, 27.25, 27.139999389648438, 26.969999313354492, 27.329999923706055, 27.5, 27.489999771118164, 27.75, 28.329999923706055, 28.290000915527344, 28.389999389648438, 28.5, 28.06999969482422, 28.690000534057617, 28.200000762939453, 27.670000076293945, 27.799999237060547, 28.2189998626709, 27.950000762939453, 28.200000762939453, 28.700000762939453, 28.920000076293945, 28.90999984741211, 28.299999237060547, 28.3799991607666, 28.5, 28.3799991607666, 28.31999969482422, 28.399999618530273, 28.454999923706055]
assets:[0, 100.00004143409728, 201.5800114151001, 303.74454506015775, 412.53048560028077, 498.29126858596806, 597.3739663169861, 714.360864784813, 800.7655830551148, 912.7828489318848, 1014.757441430664, 1112.2012164499283, 1205.7802926343918, 1307.0928112289428, 1394.3007724250792, 1546.357938325882, 1621.8034645080565, 1750.296716241455, 1805.2740050937653, 1930.084181280899, 2034.9036776247024, 2095.0755069812776, 2205.7217555418015, 2270.6716499999998, 2361.50562689209, 2446.712943707657, 2579.3725967994687, 2695.4179999999997, 2794.438197733498, 2920.867875, 3081.915870700264, 3177.564021833038, 3288.796894294739, 3401.54055, 3450.21839848938, 3626.424674505043, 3664.4885791412357, 3695.6162781898497, 3812.978395357132, 3970.4471434776306, 4032.598160076141, 4168.667932781601, 4342.5798954399115, 4475.867435807801, 4574.319417856598, 4577.802216587067, 4690.74275328865, 4810.5777, 4890.322259386826, 4979.984154335785, 5094.051131576538, 5203.915832547187]
shares:[0, 3.7594, 7.4604, 11.1221, 14.6808, 18.3668, 22.0596, 25.6503, 29.3106, 32.9168, 36.5152, 40.1227, 43.7511, 47.3756, 51.0359, 54.5645, 58.15, 61.6736, 65.2902, 68.8578, 72.4165, 76.0463, 79.6577, 83.3274, 87.012, 90.7198, 94.3788, 98.0152, 101.6529, 105.2565, 108.7863, 112.3211, 115.8435, 119.3523, 122.9148, 126.4003, 129.9464, 133.5604, 137.1575, 140.7012, 144.279, 147.8251, 151.3094, 154.7672, 158.2262, 161.7598, 165.2834, 168.7922, 172.3158, 175.8469, 179.368, 182.8823]
growth_rate:2.04
