ticker:BHFAL
price:[26.510000228881836, 26.670000076293945, 26.75, 27.09000015258789, 27.190000534057617, 27.3700008392334, 26.600000381469727, 27.489999771118164, 26.360000610351562, 26.579999923706055, 26.889999389648438, 26.950000762939453, 27.299999237060547, 26.8799991607666, 26.979999542236328, 27.93000030517578, 27.899999618530273, 28.399999618530273, 26.93000030517578, 26.6200008392334, 26.93000030517578, 26.5, 26.850000381469727, 26.399999618530273, 26.510000228881836, 26.139999389648438, 26.360000610351562, 26.8700008392334, 26.989999771118164, 27.020000457763672, 27.360000610351562, 27.239999771118164, 27.079999923706055, 27.06999969482422, 26.90999984741211, 27.5, 27.299999237060547, 27.260000228881836, 27.299999237060547, 27.540000915527344, 27.389999389648438, 27.729999542236328, 27.979999542236328, 28.25, 28.399999618530273, 27.639999389648438, 27.639999389648438, 28.030000686645508, 28.149999618530273, 27.729999542236328, 27.739999771118164, 27.610000610351562]
assets:[0, 99.99916528606414, 200.29865, 302.84452970581054, 403.961837934494, 506.63513753471375, 592.3820084953308, 712.202667070198, 782.9262861282349, 889.4598274469377, 999.8347133056641, 1102.0663811988832, 1216.3787660064697, 1297.6642154850008, 1402.4905242042541, 1551.874606956482, 1650.2068574371337, 1779.7796960939409, 1787.6565082580569, 1867.07894286232, 1988.8209175376892, 2057.06515, 2184.2341060323715, 2247.6273275226595, 2356.9935163497926, 2424.098071398926, 2544.499226916504, 2693.728332133484, 2805.7589212064745, 2908.878679281235, 3045.482707939148, 3132.1259976825713, 3213.7298229457856, 3312.542327655792, 3392.963476760864, 3567.355, 3641.410398235321, 3736.0757153690342, 3841.5576126419064, 3975.3302821540833, 4053.6788246688843, 4203.9982616008765, 4341.899954964828, 4483.797625, 4607.604578110504, 4584.301198768615, 4684.299952560425, 4850.395408819199, 4971.160442634201, 4996.990285510255, 5098.792267930031, 5174.898238397217]
shares:[0, 3.7495, 7.4878, 11.1792, 14.857, 18.5106, 22.27, 25.9077, 29.7013, 33.4635, 37.1824, 40.893, 44.556, 48.2762, 51.9826, 55.563, 59.1472, 62.6683, 66.3816, 70.1382, 73.8515, 77.6251, 81.3495, 85.1374, 88.9096, 92.7352, 96.5288, 100.2504, 103.9555, 107.6565, 111.3115, 114.9826, 118.6754, 122.3695, 126.0856, 129.722, 133.385, 137.0534, 140.7164, 144.3475, 147.9985, 151.6047, 155.1787, 158.7185, 162.2396, 165.8575, 169.4754, 173.043, 176.5954, 180.2016, 183.8065, 187.4284]
growth_rate:1.47
