ticker:BHSE
price:[9.899999618530273, 9.975000381469727, 10.1899995803833, 10.229999542236328, 10.210000038146973, 10.1899995803833, 10.079999923706055, 10.140000343322754, 10.1899995803833, 10.270000457763672, 10.199999809265137, 9.920000076293945, 9.899999618530273, 9.9399995803833, 9.970000267028809, 9.859999656677246, 9.99899959564209, 9.899999618530273, 9.869999885559082, 9.90999984741211, 9.899999618530273, 9.899999618530273, 9.88599967956543, 9.84000015258789, 9.880000114440918, 9.920000076293945, 9.899999618530273, 9.84000015258789, 9.869999885559082, 9.859999656677246, 9.880000114440918, 9.850000381469727, 9.850000381469727, 9.850000381469727, 9.859999656677246, 9.84000015258789, 9.899999618530273, 9.859999656677246]
assets:[0, 100.00037632427215, 202.15532567539213, 302.9491604438782, 402.3567025032997, 501.5680833457947, 596.1533714878083, 699.7015976906775, 803.1513109268188, 909.4568095371246, 1003.2577012395858, 1075.7168722732545, 1173.5479347805024, 1278.2899100370405, 1382.1481160183905, 1466.8987709229468, 1587.5781620985983, 1671.8594655794143, 1766.7931475143434, 1873.953223146057, 1972.0621040119172, 2072.0620001586917, 2169.131676692009, 2259.0386990306856, 2368.2221954313277, 2477.8096830566406, 2572.8138808635713, 2657.2211932052614, 2765.322282936573, 2862.5205903277397, 2968.3274743824004, 3059.3145734807968, 3159.314732353592, 3259.3148912263873, 3362.6237169142723, 3455.803133588791, 3576.874812174797, 3662.422922475338]
shares:[0, 10.0251, 19.8386, 29.6138, 39.4081, 49.2216, 59.1422, 69.0041, 78.8176, 88.5547, 98.3586, 108.4392, 118.5402, 128.6006, 138.6307, 148.7727, 158.7737, 168.8747, 179.0064, 189.0972, 199.1982, 209.2992, 219.4145, 229.5771, 239.6986, 249.7792, 259.8802, 270.0428, 280.1745, 290.3165, 300.438, 310.5903, 320.7426, 330.8949, 341.0369, 351.1995, 361.3005, 371.4425]
growth_rate:-1.02
