ticker:BHSEU
price:[9.880000114440918, 9.890000343322754, 9.880000114440918, 9.899999618530273, 9.9399995803833, 9.989999771118164, 10.069999694824219, 10.300000190734863, 10.640000343322754, 11.380000114440918, 11.140000343322754, 11.25, 11.199999809265137, 10.800000190734863, 10.899999618530273, 11.1899995803833, 11.255000114440918, 10.899999618530273, 10.399999618530273, 10.399999618530273, 10.5600004196167, 10.390000343322754, 10.390000343322754, 10.390000343322754, 10.614999771118164, 10.270000457763672, 10.149999618530273, 10.494999885559082, 10.5, 10.5, 10.399999618530273, 10.300000190734863, 10.369999885559082, 10.350000381469727, 10.489999771118164, 10.262999534606934, 10.262999534606934, 10.262999534606934, 10.409000396728516, 10.409000396728516, 10.229999542236328, 10.229999542236328, 10.229999542236328, 10.229999542236328]
assets:[0, 99.99977147140503, 199.89907831544878, 300.30361842861174, 401.5173370499611, 503.53694746341705, 607.5694035873413, 721.4460033596993, 845.2607792741776, 1004.0471680970193, 1082.872645372963, 1193.5653750000001, 1288.2609380610468, 1342.2521037050246, 1454.6801590902328, 1593.3832052493094, 1702.638409312439, 1748.9343687921523, 1768.7081751241683, 1868.7083314561844, 1997.4578713718415, 2065.301410244942, 2165.3010075492857, 2265.30060485363, 2414.3562219413757, 2435.8869775745393, 2507.424440762901, 2692.6517446384432, 2793.9345, 2893.9344, 2966.373171194077, 3037.8501262547493, 3158.4956021435737, 3252.4037848737717, 3396.3975778938297, 3422.9002102828026, 3522.8997988481524, 3622.8993874135017, 3774.4388608589175, 3874.4391685703276, 3907.811744136429, 4007.812035661698, 4107.812327186966, 4207.812618712234]
shares:[0, 10.1112, 20.2327, 30.3337, 40.3941, 50.4041, 60.3346, 70.0433, 79.4418, 88.2291, 97.2058, 106.0947, 115.0233, 124.2826, 133.4569, 142.3935, 151.2784, 160.4527, 170.0681, 179.6835, 189.1532, 198.7778, 208.4024, 218.027, 227.4476, 237.1847, 247.0369, 256.5652, 266.089, 275.6128, 285.2282, 294.9369, 304.5801, 314.2419, 323.7748, 333.5185, 343.2622, 353.0059, 362.613, 372.2201, 381.9953, 391.7705, 401.5457, 411.3209]
growth_rate:-2.14
