ticker:BHTG
price:[1.3200000524520874, 1.2699999809265137, 1.25, 1.2400000095367432, 1.2799999713897705, 1.399999976158142, 1.309999942779541, 1.2799999713897705, 1.159999966621399, 1.2120000123977661, 1.2999999523162842, 1.2400000095367432, 1.3600000143051147, 1.340000033378601, 1.2799999713897705, 1.2100000381469727, 1.2200000286102295, 1.1200000047683716, 1.25, 1.440000057220459, 1.7400000095367432, 1.5199999809265137, 1.7599999904632568, 2.740000009536743, 2.2899999618530273, 1.899999976158142, 1.559999942779541, 1.7999999523162842, 1.8200000524520874, 1.5499999523162842, 1.559999942779541, 1.590000033378601, 1.350000023841858, 1.4500000476837158, 1.5, 1.2999999523162842, 1.190000057220459, 1.3600000143051147, 1.3700000047683716, 1.3899999856948853, 1.399999976158142, 1.409999966621399, 1.5399999618530273, 1.4199999570846558, 1.75, 1.440000057220459, 1.3899999856948853, 1.3700000047683716, 1.440000057220459, 1.2300000190734863, 1.2400000095367432, 1.3600000143051147]
assets:[0, 100.00005249814987, 198.42524999999998, 296.8378982829571, 406.4133029159546, 544.5145907269716, 609.5100923767567, 695.5518564532042, 730.3438669846058, 863.0833888286352, 1025.7494923757315, 1078.4073002939463, 1282.769285492766, 1363.905097974062, 1402.8346566442012, 1426.117176960373, 1537.90324406538, 1511.845558436644, 1787.3276250000001, 2159.001445791006, 2708.7933868465902, 2466.3022650519847, 2955.718463984132, 4701.516422363925, 4029.369432878494, 3443.1449967942235, 2927.003244638157, 3477.3115478827, 3615.9486222110154, 3179.5164521863458, 3300.029494955635, 3463.4918257084964, 3040.7006337007047, 3365.9377456899406, 3582.0045, 3204.4038124631643, 3033.2621888526437, 3566.585213515007, 3692.8100788530587, 3846.7195984116793, 3974.393852316475, 4102.782370875788, 4581.053132523823, 4324.087877317094, 5428.981774999999, 4567.276549487257, 4508.690272599041, 4543.817091815043, 4875.983041754151, 4264.902066135407, 4399.576081836796, 4925.34150780704]
shares:[0, 78.7402, 158.7402, 239.3854, 317.5104, 388.939, 465.2749, 543.3999, 629.6068, 712.115, 789.0381, 869.6833, 943.2127, 1017.8396, 1095.9646, 1178.6092, 1260.5764, 1349.8621, 1429.8621, 1499.3065, 1556.7778, 1622.5673, 1679.3855, 1715.8819, 1759.55, 1812.1816, 1876.2842, 1931.8398, 1986.7849, 2051.301, 2115.4036, 2178.2967, 2252.3708, 2321.3363, 2388.003, 2464.9261, 2548.9597, 2622.4891, 2695.4818, 2767.4242, 2838.8528, 2909.7748, 2974.7099, 3045.1324, 3102.2753, 3171.7197, 3243.6621, 3316.6548, 3386.0992, 3467.4, 3548.0452, 3621.5746]
growth_rate:-3.42
