ticker:BIB
price:[64.19999694824219, 62.630001068115234, 70.9800033569336, 68.05999755859375, 68.37000274658203, 77.33999633789062, 74.36000061035156, 70.73999786376953, 64.69999694824219, 71.5999984741211, 75.13999938964844, 72.70999908447266, 77.3499984741211, 82.16999816894531, 84.91000366210938, 91.23999786376953, 91.58999633789062, 86.31999969482422, 94.01000213623047, 97.9000015258789, 101.91000366210938, 96.91999816894531, 106.9800033569336, 108.81999969482422, 103.12999725341797, 91.87000274658203, 83.62999725341797, 89.04000091552734, 89.87000274658203, 82.16999816894531, 84.7699966430664, 81.56999969482422, 86.76000213623047, 88.94000244140625, 88.47000122070312, 82.5, 82.11000061035156, 84.16000366210938, 84.56999969482422, 85.83999633789062, 96.01000213623047, 92.0, 97.22000122070312, 99.80000305175781, 96.72000122070312, 93.12000274658203, 99.66999816894531, 97.51000213623047, 105.12999725341797, 102.33000183105469, 98.58999633789062, 104.36000061035156]
assets:[0, 100.0013227054596, 213.33040008926392, 304.5548770751953, 405.9400543075562, 559.1991095214844, 637.6518772338868, 706.6076906616211, 746.2756447998047, 925.8595802688598, 1071.631643295288, 1136.9735266838074, 1309.5277391670227, 1491.1307397720336, 1640.8518567687988, 1863.1755003768922, 1970.3206372192383, 1956.9520810813904, 2231.2897967025756, 2423.6222277748107, 2622.898528253174, 2594.470814984131, 2963.774013000488, 3114.743969264984, 3051.8744437217715, 2818.6635542678832, 2665.8483334480284, 2938.3022222122195, 3065.690468692779, 2903.024950309754, 3094.88476144104, 3078.052095484162, 3373.89693507309, 3558.6762716857907, 3639.8681782226563, 3494.24625, 3577.7297905944824, 3767.0522599182127, 3885.407952979279, 4043.7591314849856, 4622.852799858856, 4529.7764, 4886.792527359009, 5116.476696455383, 5058.572127844239, 4970.289458599091, 5419.895028430175, 5402.434407355499, 5924.611508216095, 5866.814363978577, 5752.39108032837, 6189.048964196777]
shares:[0, 1.5967, 3.0055, 4.4748, 5.9374, 7.2304, 8.5752, 9.9888, 11.5344, 12.931, 14.2618, 15.6371, 16.9299, 18.1469, 19.3246, 20.4206, 21.5124, 22.6709, 23.7346, 24.7561, 25.7374, 26.7692, 27.704, 28.6229, 29.5925, 30.681, 31.8767, 32.9998, 34.1125, 35.3295, 36.5092, 37.7351, 38.8877, 40.0121, 41.1424, 42.3545, 43.5724, 44.7606, 45.9431, 47.1081, 48.1497, 49.2367, 50.2653, 51.2673, 52.3012, 53.3751, 54.3784, 55.4039, 56.3551, 57.3323, 58.3466, 59.3048]
growth_rate:21.35
