ticker:BICK
price:[30.25, 29.510000228881836, 30.280000686645508, 28.760000228881836, 29.1200008392334, 30.56999969482422, 30.09000015258789, 30.600000381469727, 29.579999923706055, 31.940000534057617, 33.040000915527344, 33.630001068115234, 34.9900016784668, 36.310001373291016, 36.189998626708984, 36.68000030517578, 36.47999954223633, 37.599998474121094, 39.65999984741211, 39.59000015258789, 40.2599983215332, 38.34000015258789, 41.15999984741211, 42.31999969482422, 41.869998931884766, 39.0099983215332, 38.97999954223633, 39.15999984741211, 39.22999954223633, 37.25, 37.83000183105469, 37.939998626708984, 37.720001220703125, 38.380001068115234, 37.79999923706055, 38.52000045776367, 37.4900016784668, 38.0, 39.279998779296875, 40.41999816894531, 40.290000915527344, 40.09000015258789, 40.86000061035156, 40.45000076293945, 39.02000045776367, 38.77000045776367, 37.900001525878906, 36.959999084472656, 37.459999084472656, 36.880001068115234, 34.81999969482422, 36.45000076293945]
assets:[0, 100.00053777561187, 202.60954059448244, 292.4403103273392, 396.1018994155884, 515.825946850586, 607.7277330818176, 718.0290089511872, 794.0958039518357, 957.4526200092316, 1090.425758215332, 1209.8964594272613, 1358.8262181827545, 1510.0893851135254, 1605.0988190917967, 1726.8320583671568, 1817.4153371944426, 1973.2140799232484, 2181.31982160759, 2277.470184777832, 2416.014577274704, 2400.793299554825, 2677.375670074463, 2852.829267427826, 2922.4924294464113, 2822.8649045417787, 2920.6934057006833, 3034.1794441772463, 3139.604324364853, 3081.144925, 3229.119777296448, 3338.507415158081, 3419.148370651245, 3578.9734796028138, 3624.8876268367767, 3793.934997086334, 3792.488569793701, 3944.0808, 4176.932942193604, 4398.1565887603765, 4484.011187892151, 4561.752919362641, 4749.370342944336, 4801.714420566559, 4731.963259513092, 4801.645171693802, 4793.895393005371, 4774.995337719727, 4939.591605275727, 4963.11139174118, 4785.8870880546565, 5109.925606956482]
shares:[0, 3.3887, 6.6912, 10.1683, 13.6024, 16.8736, 20.197, 23.465, 26.8457, 29.9766, 33.0032, 35.9767, 38.8347, 41.5888, 44.352, 47.0783, 49.8195, 52.4791, 55.0005, 57.5264, 60.0103, 62.6185, 65.048, 67.4109, 69.7992, 72.3626, 74.928, 77.4816, 80.0307, 82.7153, 85.3587, 87.9944, 90.6455, 93.251, 95.8965, 98.4926, 101.16, 103.7916, 106.3374, 108.8114, 111.2934, 113.7878, 116.2352, 118.7074, 121.2702, 123.8495, 126.488, 129.1936, 131.8631, 134.5746, 137.4465, 140.19]
growth_rate:0.19
