ticker:BIDU
price:[122.87000274658203, 120.62000274658203, 124.66000366210938, 123.79000091552734, 124.62000274658203, 126.48999786376953, 130.3699951171875, 133.92999267578125, 133.0500030517578, 144.0, 145.0800018310547, 136.11000061035156, 139.4199981689453, 144.07000732421875, 161.24000549316406, 192.69000244140625, 191.02000427246094, 216.24000549316406, 240.25, 238.8699951171875, 252.75, 235.02000427246094, 270.1300048828125, 313.0, 339.9100036621094, 283.4599914550781, 261.7200012207031, 264.25, 257.4700012207031, 208.61000061035156, 219.6999969482422, 219.6699981689453, 213.55999755859375, 220.94000244140625, 210.3300018310547, 191.5500030517578, 186.2100067138672, 189.52999877929688, 196.27000427246094, 192.99000549316406, 187.69000244140625, 186.33999633789062, 202.63999938964844, 196.6999969482422, 181.36000061035156, 179.5800018310547, 172.66000366210938, 164.00999450683594, 164.25999450683594, 152.4499969482422, 137.64999389648438, 153.25999450683594]
assets:[0, 99.9939822769165, 203.3453979736328, 301.9238122329712, 403.943276902771, 510.00767138671876, 625.6456065673829, 742.73556038208, 837.8557842178344, 1006.8048, 1114.359494064331, 1145.4609321365356, 1273.3228432769774, 1415.79036897583, 1684.522709388733, 2113.0963737731936, 2194.7816450897217, 2584.5437936553953, 2971.5081, 3054.4306275634767, 3331.9021500000003, 3198.1757201400756, 3775.958247253418, 4475.2114, 4959.9667734375, 4236.252880297851, 4011.3562867095948, 4150.1255249999995, 4143.644958645629, 3457.3144011154177, 3741.117458033753, 3840.600412986755, 3833.786364172363, 4066.268180932617, 3970.988368569946, 3716.4340042099, 3712.8227028671267, 3879.0157200164795, 4116.959609619141, 4148.165776071167, 4134.247683776855, 4204.519775369263, 4672.3109939270025, 4635.353448083496, 4373.859134719849, 4430.93900717926, 4360.200338479614, 4241.757685931397, 4348.224870587158, 4135.602537213135, 3834.1166949920653, 4368.9213594085695]
shares:[0, 0.829, 1.6312, 2.439, 3.2414, 4.032, 4.799, 5.5457, 6.2973, 6.9917, 7.681, 8.4157, 9.133, 9.8271, 10.4473, 10.9663, 11.4898, 11.9522, 12.3684, 12.787, 13.1826, 13.6081, 13.9783, 14.2978, 14.592, 14.9448, 15.3269, 15.7053, 16.0937, 16.5731, 17.0283, 17.4835, 17.9518, 18.4044, 18.8798, 19.4019, 19.9389, 20.4665, 20.976, 21.4942, 22.027, 22.5637, 23.0572, 23.5656, 24.117, 24.6739, 25.2531, 25.8628, 26.4716, 27.1276, 27.8541, 28.5066]
growth_rate:-14.33
