ticker:BIGC
price:[106.9800033569336, 82.87000274658203, 74.95999908447266, 79.98999786376953, 84.66999816894531, 97.76000213623047, 102.94000244140625, 90.11000061035156, 73.4000015258789, 79.5, 66.79000091552734, 67.62999725341797, 80.12000274658203, 80.29000091552734, 72.4800033569336, 70.58000183105469, 72.81999969482422, 64.1500015258789, 64.6500015258789, 62.369998931884766, 71.25, 79.94000244140625, 82.30000305175781, 75.0, 70.76000213623047, 59.11000061035156, 59.099998474121094, 59.560001373291016, 54.7400016784668, 54.47999954223633, 58.75, 57.369998931884766, 59.790000915527344, 53.86000061035156, 59.939998626708984, 48.43000030517578, 46.56999969482422, 51.119998931884766, 54.38999938964844, 55.310001373291016, 60.65999984741211, 63.459999084472656, 63.209999084472656, 65.08000183105469, 69.97000122070312, 60.7599983215332, 69.0999984741211, 64.76000213623047, 63.15999984741211, 63.130001068115234, 54.65999984741211, 59.45000076293945]
assets:[0, 99.99923231430054, 190.4508696739197, 303.23408290176394, 420.9792308959961, 586.061436806488, 717.1109390075684, 727.7373759292602, 692.785914402008, 850.3638000000001, 814.4105551635743, 924.6508484481811, 1195.414476979828, 1297.952096800232, 1271.6978988990784, 1338.3591687210082, 1480.8311037940978, 1404.5193784080507, 1515.46715076828, 1562.0192012496948, 1884.412875, 2214.2421396240234, 2379.6140582382204, 2268.54, 2240.289971633911, 1971.4485623565677, 2071.112166526794, 2187.2338424316404, 2110.227064704895, 2200.202021512985, 2472.6465000000003, 2514.5672121837615, 2720.636369659424, 2550.8042429061893, 2938.750240670013, 2474.4340055923462, 2479.4007547523497, 2821.6450210437774, 3102.1390541885376, 3254.6119418087005, 3669.420446769714, 3938.797147175598, 4023.2785157272338, 4242.304999359131, 4661.065625317383, 4147.538245426178, 4816.836513633729, 4614.305576211547, 4600.302800886155, 4698.115740488815, 4167.781260365296, 4633.015844456863]
shares:[0, 1.2067, 2.5407, 3.7909, 4.972, 5.9949, 6.9663, 8.0761, 9.4385, 10.6964, 12.1936, 13.6722, 14.9203, 16.1658, 17.5455, 18.9623, 20.3355, 21.8943, 23.4411, 25.0444, 26.4479, 27.6988, 28.9139, 30.2472, 31.6604, 33.3522, 35.0442, 36.7232, 38.55, 40.3855, 42.0876, 43.8307, 45.5032, 47.3599, 49.0282, 51.093, 53.2403, 55.1965, 57.0351, 58.8431, 60.4916, 62.0674, 63.6494, 65.186, 66.6152, 68.261, 69.7082, 71.2524, 72.8357, 74.4197, 76.2492, 77.9313]
growth_rate:-9.16
