ticker:BIIB
price:[276.0, 269.9100036621094, 274.4800109863281, 273.2799987792969, 277.6400146484375, 286.5400085449219, 280.010009765625, 265.0, 252.07000732421875, 328.8999938964844, 248.58999633789062, 244.14999389648438, 243.77999877929688, 245.8699951171875, 241.42999267578125, 249.6199951171875, 248.88999938964844, 244.86000061035156, 252.5399932861328, 275.8399963378906, 269.44000244140625, 282.6099853515625, 265.0899963378906, 278.0299987792969, 278.3500061035156, 272.8800048828125, 270.7099914550781, 266.1300048828125, 267.07000732421875, 276.6300048828125, 278.7099914550781, 268.1700134277344, 270.30999755859375, 262.6300048828125, 267.3299865722656, 274.0400085449219, 280.2099914550781, 283.19000244140625, 267.4800109863281, 286.1400146484375, 396.6400146484375, 388.44000244140625, 347.92999267578125, 348.7200012207031, 358.1600036621094, 324.6199951171875, 325.3999938964844, 326.7300109863281, 340.0, 342.25, 341.739990234375, 343.19000244140625]
assets:[0, 100.00165635681152, 201.6879120727539, 300.79929465637207, 405.60429739990235, 518.6087614654541, 606.7816911621093, 674.266, 741.3630985412598, 1067.3133701934814, 906.7071526428223, 990.5165252380372, 1089.014010546875, 1198.3457692016602, 1276.705944268799, 1420.0132662231445, 1515.8645412826538, 1591.3206579666137, 1741.237999708557, 2001.8811894226073, 2055.4230586242675, 2255.8776860717776, 2216.0198243865966, 2424.1991653564455, 2527.0005304107667, 2577.3516461181644, 2656.8561401367183, 2711.9179757568363, 2821.4877993774417, 3022.4870963500975, 3145.214382571411, 3126.2723825378416, 3251.207557635498, 3258.844415588379, 3417.172286358643, 3602.9410123443604, 3784.067808605957, 3924.3054588317873, 3806.6150283508305, 4172.178939587402, 5883.361337280274, 5861.715012841797, 5350.3978413696295, 5462.559331121826, 5710.4314663879395, 5275.69169864502, 5388.3635789306645, 5510.39965428772, 5834.196000000001, 5972.8101, 6063.902734716797, 6189.637608032226]
shares:[0, 0.3705, 0.7348, 1.1007, 1.4609, 1.8099, 2.167, 2.5444, 2.9411, 3.2451, 3.6474, 4.057, 4.4672, 4.8739, 5.2881, 5.6887, 6.0905, 6.4989, 6.8949, 7.2574, 7.6285, 7.9823, 8.3595, 8.7192, 9.0785, 9.445, 9.8144, 10.1902, 10.5646, 10.9261, 11.2849, 11.6578, 12.0277, 12.4085, 12.7826, 13.1475, 13.5044, 13.8575, 14.2314, 14.5809, 14.833, 15.0904, 15.3778, 15.6646, 15.9438, 16.2519, 16.5592, 16.8653, 17.1594, 17.4516, 17.7442, 18.0356]
growth_rate:21.37
