ticker:BILI
price:[47.02000045776367, 43.02000045776367, 43.08000183105469, 42.20000076293945, 41.79999923706055, 48.41999816894531, 43.81999969482422, 44.439998626708984, 44.66999816894531, 48.869998931884766, 48.900001525878906, 60.0, 64.86000061035156, 67.79000091552734, 75.91000366210938, 84.68000030517578, 82.01000213623047, 85.72000122070312, 118.47000122070312, 122.62999725341797, 133.75, 113.88999938964844, 138.97999572753906, 153.1199951171875, 143.60000610351562, 125.97000122070312, 118.83999633789062, 109.98999786376953, 108.86000061035156, 97.08000183105469, 111.9800033569336, 105.80000305175781, 103.4800033569336, 116.66000366210938, 110.86000061035156, 101.66999816894531, 96.87000274658203, 102.43000030517578, 107.18000030517578, 108.93000030517578, 111.41000366210938, 118.37999725341797, 124.44999694824219, 119.58000183105469, 106.73999786376953, 109.01000213623047, 95.20999908447266, 85.58000183105469, 78.68000030517578, 74.0999984741211, 66.54000091552734, 75.33000183105469]
assets:[0, 99.99999106407165, 200.1410725067139, 296.05410535240173, 393.2460328224182, 555.5274809921265, 602.7528598022461, 711.279954019928, 814.9594465942382, 991.5820523277282, 1092.1913140808106, 1440.114, 1656.7643975906374, 1831.6044767364501, 2150.993454769897, 2499.4995690078736, 2520.692229660034, 2734.7251989440915, 3879.5489769744877, 4115.781545817566, 4589.002625, 4007.595465522766, 4990.4658905853275, 5598.20482947998, 5350.148507400513, 4793.297113449096, 4621.996441571045, 4377.799896974182, 4432.82276885376, 4053.138616447449, 4775.219273151398, 4611.684593022156, 4610.561897568512, 5297.79908430481, 5134.403326268006, 4808.777406394958, 4681.746606742859, 5050.4648100471495, 5384.669625331879, 5572.58649061203, 5799.45888163147, 6262.2781787063595, 6683.3755211105345, 6521.8454678649905, 5921.56149148941, 6147.488258470154, 5469.252708408356, 5016.066415322876, 4711.641666275024, 4537.372616565704, 4174.453497436523, 4825.903572303772]
shares:[0, 2.3245, 4.6458, 7.0155, 9.4078, 11.4731, 13.7552, 16.0054, 18.244, 20.2902, 22.3352, 24.0019, 25.5437, 27.0188, 28.3361, 29.517, 30.7364, 31.903, 32.7471, 33.5626, 34.3103, 35.1883, 35.9078, 36.5609, 37.2573, 38.0511, 38.8926, 39.8018, 40.7204, 41.7505, 42.6435, 43.5887, 44.5551, 45.4123, 46.3143, 47.2979, 48.3302, 49.3065, 50.2395, 51.1575, 52.0551, 52.8998, 53.7033, 54.5396, 55.4765, 56.3938, 57.4441, 58.6126, 59.8836, 61.2331, 62.736, 64.0635]
growth_rate:-5.37
