ticker:BIMI
price:[1.7100000381469727, 1.75, 1.7000000476837158, 1.590000033378601, 1.7200000286102295, 1.8700000047683716, 1.940000057220459, 2.240000009536743, 1.7999999523162842, 1.8600000143051147, 1.850000023841858, 1.7300000190734863, 2.069999933242798, 1.8899999856948853, 1.8600000143051147, 1.8300000429153442, 1.7899999618530273, 1.6699999570846558, 1.75, 1.8200000524520874, 1.9700000286102295, 1.8899999856948853, 2.0399999618530273, 2.369999885559082, 2.2300000190734863, 1.7599999904632568, 1.4800000190734863, 1.7799999713897705, 1.850000023841858, 1.7400000095367432, 1.75, 1.7000000476837158, 1.4800000190734863, 1.4800000190734863, 1.4900000095367432, 1.3799999952316284, 1.2000000476837158, 1.2599999904632568, 1.25, 1.3300000429153442, 1.4199999570846558, 1.190000057220459, 1.2300000190734863, 1.2899999618530273, 1.2200000286102295, 1.1100000143051147, 1.1200000047683716, 1.2000000476837158, 1.0499999523162842, 0.9200000166893005, 0.800000011920929, 0.8299999833106995]
assets:[0, 100.000075, 197.14288552970885, 284.3866109700799, 407.63828678059576, 543.1880643850923, 663.5213415706157, 866.1278116875171, 795.9956189133168, 922.5287590950966, 1017.569018113911, 1051.5645955936432, 1358.2304561972617, 1340.123578856814, 1418.8517209122776, 1495.9670240819335, 1563.2681846849441, 1558.4680079507827, 1733.125275, 1902.4504228282929, 2159.2457173586367, 2171.5606545637966, 2443.906694300175, 2939.2444700717924, 2865.6182625100137, 2361.6538752031324, 2085.9362988824846, 2608.7611940689562, 2811.3530912312867, 2744.1915990406037, 2859.962875, 2878.249680732727, 2605.7703215818406, 2705.77037087059, 2824.052595075345, 2715.565508616793, 2461.3613778057097, 2684.4293496819732, 2763.124375, 3039.964473091066, 3345.6760988867286, 2903.7710236261364, 3101.376660092735, 3352.663202857399, 3270.7358967020514, 3075.833460639775, 3203.5436296390053, 3532.368260363698, 3190.8219650949954, 2895.7680405308065, 2618.0591590121207, 2816.236257372272]
shares:[0, 57.1429, 115.9664, 178.8595, 236.999, 290.4749, 342.0213, 386.6642, 442.2198, 495.9832, 550.0373, 607.8408, 656.15, 709.0601, 762.8235, 817.4683, 873.3342, 933.2144, 990.3573, 1045.3024, 1096.0638, 1148.9739, 1197.9935, 1240.1876, 1285.0306, 1341.8488, 1409.4164, 1465.5962, 1519.6503, 1577.1216, 1634.2645, 1693.088, 1760.6556, 1828.2232, 1895.3373, 1967.8011, 2051.1344, 2130.4995, 2210.4995, 2285.6875, 2356.11, 2440.1436, 2521.4444, 2598.9638, 2680.931, 2771.0211, 2860.3068, 2943.6401, 3038.8782, 3147.5739, 3272.5739, 3393.0558]
growth_rate:-44.78
