ticker:BIOC
price:[5.300000190734863, 3.609999895095825, 4.489999771118164, 4.199999809265137, 4.550000190734863, 4.769999980926514, 4.699999809265137, 4.519999980926514, 4.320000171661377, 4.449999809265137, 4.78000020980835, 4.599999904632568, 4.440000057220459, 5.03000020980835, 5.409999847412109, 4.920000076293945, 4.710000038146973, 4.440000057220459, 5.150000095367432, 5.360000133514404, 6.5, 5.869999885559082, 7.25, 7.320000171661377, 7.139999866485596, 6.03000020980835, 5.150000095367432, 6.079999923706055, 5.849999904632568, 5.679999828338623, 4.880000114440918, 4.599999904632568, 4.360000133514404, 4.730000019073486, 4.78000020980835, 4.610000133514404, 4.429999828338623, 4.639999866485596, 4.519999980926514, 4.340000152587891, 4.610000133514404, 4.349999904632568, 4.289999961853027, 4.210000038146973, 4.059999942779541, 3.7699999809265137, 4.119999885559082, 4.090000152587891, 4.070000171661377, 4.0, 3.509999990463257, 3.509999990463257]
assets:[0, 99.99988509407044, 224.37651356220243, 309.8843859272003, 435.70801826477054, 556.7753857736587, 648.6046736783982, 723.7645449458599, 791.7393914608955, 915.5647657572746, 1083.4606595562934, 1142.660676310301, 1202.9158955025673, 1462.7627920138837, 1673.269672805786, 1621.7166491477967, 1652.496919383812, 1657.7677053644659, 2022.8613274592399, 2205.346862933874, 2774.39435, 2605.491608203602, 3318.0263, 3450.06248090744, 3465.224719202042, 3026.5131843047616, 2684.8330697175984, 3269.667094971084, 3245.978917083645, 3251.6510857283592, 2893.6721958595276, 2827.6415613771915, 2780.1126651341915, 3116.0393455652716, 3248.9785706072807, 3233.429199646282, 3207.178115722656, 3459.211308462381, 3469.7490573583605, 3431.5734546489716, 3745.0585394640448, 3633.8402803333283, 3683.7182912441253, 3715.0244396619796, 3682.659894097662, 3519.6127931932924, 3946.3670223820686, 4017.6316898880004, 4097.985492841721, 4127.504, 3721.884649887562, 3821.88454961586]
shares:[0, 27.7008, 49.9725, 73.782, 95.76, 116.7244, 138.001, 160.1249, 183.273, 205.7449, 226.6654, 248.4045, 270.927, 290.8077, 309.292, 329.6172, 350.8486, 373.3711, 392.7886, 411.4453, 426.8299, 443.8657, 457.6588, 471.32, 485.3256, 501.9093, 521.3268, 537.7742, 554.8682, 572.4738, 592.9656, 614.7047, 637.6405, 658.7821, 679.7026, 701.3946, 723.968, 745.5197, 767.6436, 790.6851, 812.3771, 835.3656, 858.6756, 882.4286, 907.0591, 933.5843, 957.8561, 982.306, 1006.876, 1031.876, 1060.366, 1088.856]
growth_rate:-25.06
