ticker:BIOL
price:[0.27000001072883606, 0.30000001192092896, 0.3100000023841858, 0.2800000011920929, 0.2800000011920929, 0.28999999165534973, 0.3100000023841858, 0.30000001192092896, 0.25999999046325684, 0.27000001072883606, 0.28999999165534973, 0.28999999165534973, 0.28999999165534973, 0.30000001192092896, 0.28999999165534973, 0.27000001072883606, 0.3799999952316284, 0.41999998688697815, 0.5299999713897705, 0.8299999833106995, 1.0399999618530273, 1.1299999952316284, 1.2100000381469727, 1.2899999618530273, 1.100000023841858, 0.9100000262260437, 0.75, 0.9800000190734863, 1.0099999904632568, 0.8600000143051147, 0.8299999833106995, 1.0099999904632568, 0.7099999785423279, 0.75, 0.75, 0.6700000166893005, 0.699999988079071, 0.7400000095367432, 0.7300000190734863, 0.7300000190734863, 0.8399999737739563, 0.7400000095367432, 0.7400000095367432, 0.6800000071525574, 0.6600000262260437, 0.5799999833106995, 0.5899999737739563, 0.5699999928474426, 0.5899999737739563, 0.7900000214576721, 0.6200000047683716, 0.7400000095367432]
assets:[0, 99.99999397364259, 203.33331056382062, 283.6559052076578, 383.6559176334053, 497.357902688697, 631.6584538580358, 711.2823882638216, 716.4446897209644, 844.0003235375583, 1006.5188050377668, 1106.518806160301, 1206.5188072828353, 1348.1229835695922, 1403.1854626238198, 1406.4141528858752, 2079.3975939069987, 2398.2814891220987, 3126.4027862318753, 4996.064881541169, 6360.129334711838, 7010.525394417, 7606.846013816643, 8209.777509226227, 7100.585843901051, 5974.121052173137, 5023.725975, 6664.335387706232, 6968.345454202652, 6033.442846359408, 5922.973670903266, 7307.474060000492, 5236.937121728897, 5631.975975, 5731.97595, 5220.565291041165, 5554.321685410464, 5971.711646960378, 5991.012920533562, 6091.0129221463685, 7108.836366051596, 6362.546573997259, 6462.546549286008, 6038.556259516352, 5960.951804866934, 5338.411834389031, 5530.453313166243, 5442.980490699595, 5733.962063120091, 7777.678586254269, 6204.000783714485, 7504.775142717719]
shares:[0, 333.3333, 655.9139, 1013.0568, 1370.1997, 1715.0273, 2037.6079, 2370.9412, 2755.5566, 3125.927, 3470.7546, 3815.5822, 4160.4098, 4493.7431, 4838.5707, 5208.9411, 5472.099, 5710.1942, 5898.8735, 6019.3554, 6115.5092, 6204.0048, 6286.6494, 6364.1688, 6455.0779, 6564.968, 6698.3013, 6800.3421, 6899.352, 7015.6311, 7136.113, 7235.1229, 7375.968, 7509.3013, 7642.6346, 7791.8883, 7934.7454, 8069.8805, 8206.8668, 8343.8531, 8462.9007, 8598.0358, 8733.1709, 8880.2297, 9031.7448, 9204.1586, 9373.6501, 9549.0887, 9718.5802, 9845.1625, 10006.4528, 10141.5879]
growth_rate:47.15
