ticker:BIOTU
price:[10.289999961853027, 10.40999984741211, 10.699000358581543, 10.694999694824219, 10.359999656677246, 10.199999809265137, 10.100000381469727, 10.039999961853027, 9.890000343322754, 9.979999542236328, 10.0600004196167, 10.010000228881836, 9.984999656677246, 10.012999534606934, 10.010000228881836, 10.0, 9.989999771118164, 10.0, 9.989999771118164, 10.010000228881836, 10.039999961853027, 10.050000190734863, 10.100000381469727, 10.100000381469727, 10.100000381469727, 10.069999694824219, 10.069999694824219, 10.109999656677246, 10.039999961853027, 9.949999809265137, 9.989999771118164, 9.989999771118164]
assets:[0, 99.99949953422546, 202.77601399612428, 302.70057636260987, 393.2189669690132, 487.14587089061735, 582.370061995697, 678.9108214204788, 768.7675286870957, 875.7629238304138, 982.7835729932785, 1077.8988466464996, 1175.2065015918731, 1278.5018351766587, 1378.118773511124, 1476.7420000000002, 1575.265121908951, 1676.842, 1775.1650173290252, 1878.7188849575043, 1984.3497684604645, 2086.3257695955276, 2196.705642967987, 2296.705746744919, 2396.7058505218506, 2489.5868915519713, 2589.587023521423, 2699.873386315727, 2781.180389432907, 2856.2499302475926, 2967.732229006004, 3067.7321267148973]
shares:[0, 9.6061, 18.9528, 28.303, 37.9555, 47.7594, 57.6604, 67.6206, 77.7318, 87.7518, 97.6922, 107.6822, 117.6972, 127.6842, 137.6742, 147.6742, 157.6842, 167.6842, 177.6942, 187.6842, 197.6444, 207.5946, 217.4956, 227.3966, 237.2976, 247.2281, 257.1586, 267.0498, 277.01, 287.0603, 297.0703, 307.0803]
growth_rate:-1.04
