ticker:BIOT
price:[9.729999542236328, 9.659000396728516, 9.779999732971191, 9.84000015258789, 9.699999809265137, 9.720000267028809, 9.739999771118164, 9.710000038146973, 9.699999809265137, 9.720000267028809, 9.640000343322754, 9.710000038146973, 9.710000038146973, 9.65999984741211, 9.699999809265137, 9.680000305175781, 9.6899995803833, 9.739999771118164, 9.710000038146973, 9.699999809265137, 9.699999809265137, 9.680000305175781, 9.6899995803833, 9.65999984741211]
assets:[0, 99.99963110733032, 201.25185650510787, 302.4865246906281, 398.183052170372, 499.00440170869825, 600.0307378997802, 698.1829877429008, 797.4641443191529, 899.1087727004051, 991.7082873190881, 1098.9098343172072, 1198.9102117100715, 1292.7369215801239, 1398.090072508812, 1495.20769513855, 1596.7520458540916, 1704.990855934143, 1799.739768070507, 1897.886442681122, 1997.886650714779, 2093.767610009003, 2195.930262907219, 2289.132095841217]
shares:[0, 10.353, 20.5779, 30.7405, 41.0498, 51.3379, 61.6048, 71.9035, 82.2128, 92.5009, 102.8743, 113.173, 123.4717, 133.8237, 144.133, 154.4636, 164.7835, 175.0504, 185.3491, 195.6584, 205.9677, 216.2983, 226.6182, 236.9702]
growth_rate:-0.47
