ticker:BIOX
price:[5.400000095367432, 5.679999828338623, 5.639999866485596, 5.340000152587891, 5.28000020980835, 6.389999866485596, 5.739999771118164, 5.429999828338623, 6.050000190734863, 5.449999809265137, 5.840000152587891, 5.670000076293945, 5.71999979019165, 5.690000057220459, 5.429999828338623, 5.5, 5.579999923706055, 6.199999809265137, 6.53000020980835, 7.900000095367432, 8.039999961853027, 7.110000133514404, 8.819999694824219, 8.600000381469727, 8.600000381469727, 8.199999809265137, 7.449999809265137, 8.109999656677246, 10.010000228881836, 10.1899995803833, 10.550000190734863, 14.609999656677246, 13.25, 13.579999923706055, 15.0, 14.899999618530273, 15.1899995803833, 15.699999809265137, 15.359999656677246, 14.239999771118164, 13.970000267028809, 14.329999923706055, 13.930000305175781, 14.100000381469727, 13.25, 13.390000343322754, 14.0, 13.979999542236328, 14.199999809265137, 13.09000015258789, 13.399999618530273, 13.699999809265137]
assets:[0, 99.99980497779846, 199.29559928212166, 288.69482624931334, 385.4511033164501, 566.4837121637345, 608.8601437217712, 675.9774206299782, 853.1607418971063, 868.5495746031761, 1030.7027949302674, 1100.6995378107072, 1210.405723602581, 1304.0575421140195, 1344.4695864965915, 1461.8015500000001, 1583.0638343551634, 1858.9595828115464, 2057.9040991202833, 2589.6540012618543, 2735.546471020794, 2519.1213953050615, 3224.986142414093, 3244.544503918076, 3344.5444483537676, 3288.9838434970857, 3088.1620009368894, 3461.74443245306, 4372.75748898449, 4551.387768577194, 4812.183192000103, 6764.074818049908, 6234.428425, 6489.701349540139, 7268.301, 7319.8453325973505, 7562.312430094624, 7916.214653828144, 7844.780368655491, 7372.765577496338, 7332.973282165718, 7621.940669420242, 7509.186758509826, 7700.8280083427435, 7336.5939, 7514.113357663631, 7956.4296, 8045.063346570969, 8271.667448894692, 7725.079298049927, 8008.026032028388, 8287.310724621962]
shares:[0, 17.6056, 35.3361, 54.0627, 73.0021, 88.6516, 106.0732, 124.4894, 141.0183, 159.3669, 176.4902, 194.1269, 211.6094, 229.1841, 247.6003, 265.7821, 283.7032, 299.8322, 315.1461, 327.8043, 340.2421, 354.3068, 365.6447, 377.2726, 388.9005, 401.0956, 414.5184, 426.8489, 436.8389, 446.6524, 456.1311, 462.9757, 470.5229, 477.8867, 484.5534, 491.2648, 497.8481, 504.2175, 510.7279, 517.7504, 524.9086, 531.887, 539.0658, 546.158, 553.7052, 561.1735, 568.3164, 575.4695, 582.5118, 590.1512, 597.6139, 604.9132]
growth_rate:62.5
