ticker:BIVI
price:[9.989999771118164, 9.15999984741211, 9.369999885559082, 9.600000381469727, 9.75, 9.010000228881836, 7.96999979019165, 8.239999771118164, 8.039999961853027, 7.900000095367432, 8.84000015258789, 8.829999923706055, 10.300000190734863, 13.90999984741211, 15.5, 17.31999969482422, 24.440000534057617, 37.91999816894531, 34.869998931884766, 33.5099983215332, 40.83000183105469, 37.5, 41.5, 32.099998474121094, 14.779999732971191, 20.399999618530273, 21.700000762939453, 18.549999237060547, 18.690000534057617, 16.5, 13.1899995803833, 17.770000457763672, 17.510000228881836, 15.350000381469727, 13.149999618530273, 14.9399995803833, 13.75, 15.0, 18.09000015258789, 16.520000457763672, 17.34000015258789, 16.610000610351562, 15.170000076293945, 14.550000190734863, 15.699999809265137, 14.140000343322754, 12.850000381469727, 8.130000114440918, 7.739999771118164, 7.900000095367432, 8.1899995803833]
assets:[0, 99.999718334198, 202.29267552928926, 307.25857220935825, 412.05937500000005, 480.7853252134323, 525.2899341718673, 643.0850141370773, 727.4760805483818, 814.8083798362255, 1011.7601174640655, 1110.6153154039382, 1395.5078858419417, 1984.6134012294767, 2311.46695, 2682.8783447280885, 3885.7718969110488, 6128.98655204773, 5736.017188298035, 5612.301432888031, 6938.266709152222, 6472.398749999999, 7262.78635, 5717.722348207092, 2732.646068629551, 3871.7179676008222, 4218.4454283142095, 3706.089507572937, 3834.0611025564194, 3484.80495, 2885.7318501955033, 3987.753363726425, 4029.4065056703566, 3632.347340269089, 3211.7506468299866, 3748.9389147043225, 3550.3283749999996, 3973.0860000000002, 4891.541468259812, 4567.013598550415, 4893.705247063446, 4787.684846928406, 4472.61814949398, 4389.822357545853, 4836.783721239281, 4456.185758197307, 4149.645483187866, 2725.4174993639945, 2694.6778243148806, 2850.381654409313, 3055.015625475502]
shares:[0, 10.917, 21.5894, 32.0061, 42.2625, 53.3613, 65.9084, 78.0443, 90.4821, 103.1403, 114.4525, 125.7775, 135.4862, 142.6753, 149.1269, 154.9006, 158.9923, 161.6294, 164.4972, 167.4814, 169.9306, 172.5973, 175.0069, 178.1222, 184.8881, 189.7901, 194.3984, 199.7892, 205.1397, 211.2003, 218.7818, 224.4093, 230.1203, 236.635, 244.2396, 250.933, 258.2057, 264.8724, 270.4003, 276.4536, 282.2206, 288.2411, 294.8331, 301.706, 308.0754, 315.1475, 322.9296, 335.2297, 348.1496, 360.8078, 373.0178]
growth_rate:-38.9
