ticker:BJRI
price:[34.599998474121094, 35.0099983215332, 33.529998779296875, 30.030000686645508, 30.520000457763672, 33.040000915527344, 32.4900016784668, 31.290000915527344, 28.209999084472656, 31.209999084472656, 37.040000915527344, 35.900001525878906, 35.0, 36.95000076293945, 32.65999984741211, 35.75, 39.099998474121094, 38.4900016784668, 44.43000030517578, 46.90999984741211, 45.209999084472656, 46.7400016784668, 52.13999938964844, 53.22999954223633, 52.33000183105469, 55.529998779296875, 56.970001220703125, 61.560001373291016, 60.209999084472656, 59.84000015258789, 59.52000045776367, 59.630001068115234, 58.689998626708984, 57.0, 60.9900016784668, 59.380001068115234, 54.959999084472656, 53.599998474121094, 55.279998779296875, 51.61000061035156, 51.75, 47.060001373291016, 48.7400016784668, 48.0099983215332, 48.25, 42.97999954223633, 44.310001373291016, 40.58000183105469, 39.290000915527344, 40.369998931884766, 38.13999938964844, 44.220001220703125]
assets:[0, 99.9990582057953, 195.77160387268069, 275.33606729564667, 379.8275096969604, 511.188286164856, 602.6797841350556, 680.4198439086914, 713.4421608459473, 889.313318912506, 1155.4369005592346, 1219.87487184906, 1289.2915, 1461.1249651691437, 1391.4825594989777, 1623.1322249999998, 1875.2281068191528, 1945.9736558597563, 2346.2861141159055, 2577.2494646167756, 2583.8509096755984, 2771.29415751915, 3191.468506640625, 3358.184857120514, 3401.4030220169066, 3709.398365457153, 3905.589827685547, 4320.256272377013, 4325.5164392280585, 4398.93415521698, 4475.410018420029, 4583.68066310463, 4611.425786096954, 4578.639, 4999.143071578216, 4967.178655348587, 4697.442113749695, 4681.204106735992, 4927.9299631805425, 4700.767880592346, 4813.521075, 4477.279118654632, 4737.1138731327055, 4766.1637773712155, 4889.987925, 4455.891280541992, 4693.776169473267, 4398.657124476624, 4358.828772568511, 4578.644168857574, 4425.723575175476, 5231.239410409546]
shares:[0, 2.8563, 5.8387, 9.1687, 12.4452, 15.4718, 18.5497, 21.7456, 25.2904, 28.4945, 31.1943, 33.9798, 36.8369, 39.5433, 42.6051, 45.4023, 47.9598, 50.5579, 52.8086, 54.9403, 57.1522, 59.2917, 61.2096, 63.0882, 64.9991, 66.7999, 68.5552, 70.1796, 71.8405, 73.5116, 75.1917, 76.8687, 78.5726, 80.327, 81.9666, 83.6507, 85.4702, 87.3359, 89.1449, 91.0825, 93.0149, 95.1398, 97.1915, 99.2744, 101.3469, 103.6736, 105.9304, 108.3947, 110.9399, 113.417, 116.0389, 118.3003]
growth_rate:2.57
