ticker:BKCC
price:[2.640000104904175, 2.619999885559082, 2.6500000953674316, 2.4800000190734863, 2.490000009536743, 2.6600000858306885, 2.5799999237060547, 2.5999999046325684, 2.3399999141693115, 2.509999990463257, 2.880000114440918, 2.8299999237060547, 3.0199999809265137, 2.9600000381469727, 2.75, 2.690000057220459, 2.7100000381469727, 2.690000057220459, 2.7899999618530273, 2.7200000286102295, 2.9000000953674316, 3.0, 3.380000114440918, 3.2200000286102295, 3.3299999237060547, 3.2699999809265137, 3.309999942779541, 3.549999952316284, 3.319999933242798, 3.299999952316284, 3.4800000190734863, 3.799999952316284, 3.6500000953674316, 3.759999990463257, 3.890000104904175, 3.9800000190734863, 3.890000104904175, 4.039999961853027, 4.099999904632568, 4.260000228881836, 4.369999885559082, 3.9600000381469727, 3.950000047683716, 3.990000009536743, 4.019999980926514, 3.940000057220459, 3.9200000762939453, 3.809999942779541, 4.059999942779541, 4.199999809265137, 4.059999942779541, 4.150000095367432]
assets:[0, 99.99989363203049, 201.1448122387409, 288.24122621684074, 389.40338249142167, 515.9892106495141, 600.4707302433014, 705.1254341361522, 734.6127870545625, 887.9820236261129, 1118.8797564602853, 1199.4547156639098, 1379.9835552844047, 1452.5667387199403, 1449.5129, 1517.8871392878057, 1629.1726199328423, 1717.1491625264168, 1880.98365728178, 1933.7905483405114, 2161.7621510902404, 2336.3055, 2732.237626508808, 2702.9008680157185, 2895.235799666977, 2943.069306833458, 3079.070183771658, 3402.325989299846, 3281.8936380090236, 3362.1231114186285, 3645.5116039806367, 4080.7310287935734, 4019.6498400256633, 4240.789685243797, 4487.41270601499, 4691.234380481958, 4685.151136347533, 4965.81241311121, 5139.561850451993, 5440.1306262880325, 5680.6030552371985, 5247.640382550908, 5334.3889543958185, 5488.40820411818, 5629.674303289175, 5617.64104958477, 5689.125118725967, 5629.481036453676, 6098.869390044308, 6409.174928939724, 6295.535787272549, 6535.092300177097]
shares:[0, 38.1679, 75.9037, 116.2263, 156.3869, 193.9809, 232.7406, 271.2021, 313.9371, 353.7777, 388.4999, 423.8356, 456.9482, 490.732, 527.0956, 564.2703, 601.1707, 638.3454, 674.1877, 710.9524, 745.4352, 778.7685, 808.3543, 839.4102, 869.4402, 900.0212, 930.2327, 958.4017, 988.5222, 1018.8252, 1047.5608, 1073.8766, 1101.2739, 1127.8696, 1153.5765, 1178.7021, 1204.409, 1229.1615, 1253.5517, 1277.0259, 1299.9092, 1325.1617, 1350.4782, 1375.5409, 1400.4165, 1425.7972, 1451.3074, 1477.5541, 1502.1846, 1525.9941, 1550.6246, 1574.721]
growth_rate:28.14
