ticker:BKEPP
price:[5.849999904632568, 5.880000114440918, 5.860000133514404, 5.920000076293945, 5.840000152587891, 5.889999866485596, 5.929999828338623, 5.980000019073486, 5.989999771118164, 6.039999961853027, 5.989999771118164, 5.949999809265137, 6.079999923706055, 6.239999771118164, 6.400000095367432, 6.440000057220459, 6.840000152587891, 6.809999942779541, 6.829999923706055, 6.989999771118164, 7.010000228881836, 6.949999809265137, 7.070000171661377, 7.039999961853027, 6.980000019073486, 7.150000095367432, 7.230000019073486, 7.829999923706055, 7.96999979019165, 7.96999979019165, 8.0, 7.989999771118164, 7.96999979019165, 7.989999771118164, 8.0, 8.100000381469727, 8.0, 7.829999923706055, 7.650000095367432, 8.180000305175781, 8.1899995803833, 8.100000381469727, 8.09000015258789, 8.199999809265137, 8.1899995803833, 8.109999656677246, 8.149999618530273, 8.199999809265137, 8.149999618530273, 8.149999618530273, 8.119999885559082, 8.119999885559082]
assets:[0, 99.9999859462738, 199.65958054904937, 301.7039238882065, 397.6269223892212, 501.03107164263724, 604.433615502882, 709.5299922630786, 810.7165190219879, 917.4838462054253, 1009.8888034114838, 1103.1448396372796, 1227.2473766000746, 1359.5430701322555, 1494.403222268343, 1603.7435542495252, 1803.355096229553, 1895.4456710736752, 2001.0123976478576, 2147.8885276691435, 2254.0340285959246, 2334.7412359256746, 2475.053641094923, 2564.550898103714, 2642.693619221401, 2807.057147440815, 2938.465048751974, 3282.321091017723, 3441.009153416252, 3541.009537783766, 3654.3384, 3749.7700135839464, 3840.384248902798, 3950.0209808475497, 4054.9648, 4205.652228065301, 4253.7304, 4263.338649458885, 4265.330993173027, 4660.83738388443, 4766.5347107853895, 4814.155846722793, 4908.211991575241, 5074.948721954918, 5168.759513177299, 5218.27141609354, 5344.008539867782, 5476.793812607861, 5543.398280535126, 5643.3979608545305, 5722.625135346985, 5822.62536993761]
shares:[0, 17.0068, 34.0716, 50.9635, 68.0868, 85.0647, 101.9281, 118.6505, 135.345, 151.9013, 168.5958, 185.4025, 201.8499, 217.8755, 233.5005, 249.0285, 263.6484, 278.3327, 292.974, 307.2802, 321.5455, 335.934, 350.0783, 364.2828, 378.6094, 392.5954, 406.4267, 419.1981, 431.7452, 444.2923, 456.7923, 469.3079, 481.855, 494.3706, 506.8706, 519.2163, 531.7163, 544.4877, 557.5596, 569.7845, 581.9945, 594.3402, 606.7011, 618.8962, 631.1062, 643.4367, 655.7066, 667.9017, 680.1716, 692.4415, 704.7568, 717.0721]
growth_rate:14.17
