ticker:BKEP
price:[1.5399999618530273, 1.399999976158142, 1.5099999904632568, 1.4800000190734863, 1.440000057220459, 1.440000057220459, 1.3700000047683716, 1.4199999570846558, 1.3899999856948853, 1.4500000476837158, 1.5800000429153442, 1.6299999952316284, 1.7000000476837158, 1.7899999618530273, 1.7999999523162842, 1.7999999523162842, 2.0999999046325684, 1.9900000095367432, 2.0799999237060547, 2.0199999809265137, 2.0399999618530273, 2.009999990463257, 2.0399999618530273, 2.2100000381469727, 2.200000047683716, 2.259999990463257, 2.4000000953674316, 3.069999933242798, 3.2100000381469727, 3.2799999713897705, 3.4200000762939453, 3.369999885559082, 3.1600000858306885, 3.1600000858306885, 3.25, 3.180000066757202, 3.569999933242798, 3.8499999046325684, 4.0, 4.150000095367432, 3.9600000381469727, 3.5199999809265137, 3.5199999809265137, 3.700000047683716, 3.549999952316284, 3.309999942779541, 3.5999999046325684, 3.430000066757202, 3.3399999141693115, 3.309999942779541, 3.190000057220459, 3.2300000190734863]
assets:[0, 100.00003829700947, 207.85723668723105, 303.72767591428754, 395.51876771650313, 495.51870769014363, 571.4309749889015, 692.2860470776797, 777.660233996749, 911.228314966035, 1092.9245816855907, 1227.510779409063, 1380.2259587142944, 1553.2966318974495, 1661.9743359727145, 1761.974413323617, 2155.636672105932, 2142.7225602686403, 2339.6294661828993, 2372.140315601492, 2495.6268133330345, 2558.9263648587944, 2697.119241565227, 3021.879354160881, 3108.2056073685408, 3292.974796104312, 3596.9646229305267, 4701.116992774129, 5015.500190603161, 5224.872346425367, 5547.885477763176, 5566.775761959362, 5319.885108496643, 5419.885207212806, 5674.248775, 5652.034174652195, 6445.207907477856, 7050.714265348434, 7425.4176, 7803.870999333763, 7546.585140696811, 6808.0756111097335, 6908.075642567873, 7361.329544869066, 7162.897028787732, 6778.644872816563, 7472.5442820451735, 7219.674399514652, 7130.236492768526, 7166.192575116968, 7006.39139667678, 7194.245903482772]
shares:[0, 71.4286, 137.6538, 205.2214, 274.6658, 344.1102, 417.1029, 487.5254, 559.4678, 628.4333, 691.7244, 753.0741, 811.8976, 867.7635, 923.3191, 978.8747, 1026.4937, 1076.745, 1124.8219, 1174.3269, 1223.3465, 1273.0977, 1322.1173, 1367.3662, 1412.8207, 1457.0685, 1498.7352, 1531.3085, 1562.4611, 1592.9489, 1622.1887, 1651.8623, 1683.5079, 1715.1535, 1745.9227, 1777.3692, 1805.3804, 1831.3544, 1856.3544, 1880.4508, 1905.7033, 1934.1124, 1962.5215, 1989.5485, 2017.7175, 2047.929, 2075.7068, 2104.8613, 2134.8014, 2165.0129, 2196.3609, 2227.3207]
growth_rate:41.06
