ticker:BKNG
price:[1917.739990234375, 1783.739990234375, 1732.280029296875, 1657.77001953125, 1710.7099609375, 1817.8900146484375, 1667.8699951171875, 1823.550048828125, 1622.5, 1783.75, 2052.8701171875, 1992.77001953125, 2052.669921875, 2125.030029296875, 2089.2099609375, 2099.64990234375, 2088.35009765625, 2227.27001953125, 2281.5400390625, 2119.22998046875, 2066.239990234375, 1944.3299560546875, 2096.419921875, 2150.580078125, 2293.050048828125, 2328.510009765625, 2307.10009765625, 2401.0400390625, 2287.739990234375, 2323.530029296875, 2382.4599609375, 2450.06005859375, 2476.89990234375, 2395.429931640625, 2466.080078125, 2327.080078125, 2282.47998046875, 2293.3798828125, 2361.550048828125, 2315.68994140625, 2304.3701171875, 2242.610107421875, 2281.659912109375, 2238.889892578125, 2194.989990234375, 2144.719970703125, 2202.570068359375, 2178.260009765625, 2182.97998046875, 2203.419921875, 2074.739990234375, 2305.469970703125]
assets:[0, 100.06781345214843, 197.13346733398438, 288.61776040039064, 397.9111369140625, 522.8251682128906, 579.7516103027344, 733.7965396484375, 752.84, 927.728375, 1167.6725226562498, 1233.5246420898438, 1370.5677068359373, 1518.9714649414063, 1593.4404372070314, 1701.3463158691407, 1792.2220538085937, 2011.4475546386718, 2160.3902629882814, 2106.7265235839845, 2154.0551898193357, 2126.902538928223, 2393.2729828125, 2555.1041908203124, 2824.3497451416015, 2967.9188584472654, 3040.527218701172, 3264.2139331054686, 3210.156754296875, 3360.2891283691406, 3545.5769138671876, 3746.1418295898434, 3887.246706738281, 3859.277162866211, 4073.2244650390626, 3943.702608398438, 3968.0914460449217, 4087.0322891601563, 4308.411909082031, 4324.782534570312, 4403.651293945312, 4385.648326074219, 4561.950828271484, 4576.514829418945, 4586.870582592774, 4581.765273413085, 4805.347118139649, 4852.291997753906, 4962.786687597656, 5109.2901148437495, 4910.909556884766, 5557.104817382813]
shares:[0, 0.0561, 0.1138, 0.1741, 0.2326, 0.2876, 0.3476, 0.4024, 0.464, 0.5201, 0.5688, 0.619, 0.6677, 0.7148, 0.7627, 0.8103, 0.8582, 0.9031, 0.9469, 0.9941, 1.0425, 1.0939, 1.1416, 1.1881, 1.2317, 1.2746, 1.3179, 1.3595, 1.4032, 1.4462, 1.4882, 1.529, 1.5694, 1.6111, 1.6517, 1.6947, 1.7385, 1.7821, 1.8244, 1.8676, 1.911, 1.9556, 1.9994, 2.0441, 2.0897, 2.1363, 2.1817, 2.2276, 2.2734, 2.3188, 2.367, 2.4104]
growth_rate:8.96
