ticker:BKSC
price:[16.5, 16.5, 16.5, 16.280000686645508, 16.049999237060547, 16.670000076293945, 16.5, 16.690000534057617, 16.649999618530273, 16.780000686645508, 16.450000762939453, 16.540000915527344, 16.469999313354492, 16.329999923706055, 16.350000381469727, 15.949999809265137, 16.31999969482422, 16.030000686645508, 16.25, 16.299999237060547, 16.399999618530273, 16.280000686645508, 16.90999984741211, 17.889999389648438, 18.079999923706055, 17.639999389648438, 18.5, 18.489999771118164, 21.25, 22.790000915527344, 22.350000381469727, 21.0, 21.68000030517578, 20.84000015258789, 20.0, 21.530000686645508, 20.5, 20.5, 20.049999237060547, 20.06999969482422, 20.100000381469727, 20.299999237060547, 21.0, 20.329999923706055, 20.200000762939453, 20.440000534057617, 20.110000610351562, 21.18000030517578, 22.549999237060547, 22.5, 19.639999389648438, 20.809999465942383]
assets:[0, 99.9999, 199.9998, 297.33304854068757, 393.1318913124084, 508.3183123264312, 603.1344, 710.0794107215881, 808.377461479187, 914.6895834295273, 996.7006112262726, 1102.1528850067139, 1197.4875340759277, 1287.3085909856795, 1388.885117404747, 1454.9063476017952, 1588.6573142929078, 1660.4275461244583, 1783.214875, 1888.7021015972139, 2000.2899134725571, 2085.6536799671176, 2266.364420549393, 2497.708686785889, 2624.2360529262546, 2660.371215950012, 2890.0718500000003, 2988.509079006195, 3534.6038750000002, 3890.759094300842, 3915.6418418321605, 3779.1264, 4001.4971683265685, 3946.4583248954777, 3887.3880000000004, 4284.773709652138, 4179.78805, 4279.78705, 4285.839716915893, 4390.115747245788, 4496.6776153406145, 4641.420245560455, 4901.4693, 4845.088274817467, 4914.106705602265, 5072.492732534409, 5090.599301502991, 5461.4558166923525, 5914.722734885788, 6001.607249999999, 5338.735142088318, 5756.776283260918]
shares:[0, 6.0606, 12.1212, 18.2637, 24.4942, 30.493, 36.5536, 42.5452, 48.5512, 54.5107, 60.5897, 66.6356, 72.7072, 78.8309, 84.9471, 91.2167, 97.3442, 103.5825, 109.7363, 115.8713, 121.9689, 128.1114, 134.0251, 139.6148, 145.1458, 150.8147, 156.2201, 161.6284, 166.3343, 170.7222, 175.1965, 179.9584, 184.5709, 189.3694, 194.3694, 199.0141, 203.8921, 208.7701, 213.7576, 218.7402, 223.7153, 228.6414, 233.4033, 238.3221, 243.2726, 248.165, 253.1377, 257.8591, 262.2937, 266.7381, 271.8297, 276.6351]
growth_rate:12.88
