ticker:BKYI
price:[3.9200000762939453, 3.759999990463257, 3.759999990463257, 3.440000057220459, 3.440000057220459, 4.320000171661377, 3.759999990463257, 3.5999999046325684, 3.2799999713897705, 3.359999895095825, 3.2799999713897705, 2.930000066757202, 3.4700000286102295, 3.6600000858306885, 3.4800000190734863, 3.4700000286102295, 3.4700000286102295, 3.5199999809265137, 3.740000009536743, 3.7899999618530273, 4.309999942779541, 3.880000114440918, 4.239999771118164, 4.869999885559082, 4.849999904632568, 4.079999923706055, 3.5199999809265137, 3.5899999141693115, 3.819999933242798, 3.5299999713897705, 3.619999885559082, 3.5299999713897705, 3.309999942779541, 3.3399999141693115, 3.450000047683716, 3.4000000953674316, 3.3499999046325684, 3.5799999237060547, 4.03000020980835, 4.090000152587891, 4.099999904632568, 4.110000133514404, 4.0, 3.680000066757202, 3.5299999713897705, 3.130000114440918, 3.2699999809265137, 3.200000047683716, 3.3399999141693115, 3.109999895095825, 2.940000057220459, 3.2100000381469727]
assets:[0, 99.99983174636364, 199.99966349272728, 282.97853270702365, 382.97864637041096, 580.9497350848674, 605.6412464638711, 679.8693419896125, 719.4365057246208, 836.9837018681288, 917.0555200008631, 919.1990349430562, 1188.6075638000966, 1353.68982774539, 1387.1147836026191, 1483.1286742284299, 1583.1285230529309, 1705.9401827561855, 1912.5615788769007, 2038.130466485882, 2417.7685999011997, 2276.55281914711, 2587.779132307625, 3072.284231803894, 3159.6672678702353, 2758.0293564262392, 2479.476370564699, 2628.784258150315, 2897.2021673693416, 2777.2574824906587, 2948.065642801285, 2974.7712178898337, 2889.374749050951, 3015.5623425066474, 3214.877369433999, 3268.285111672926, 3320.2217554802896, 3648.1774422531125, 4206.747556010103, 4369.379065010834, 4480.061695792198, 4590.988928139448, 4568.1156, 4302.666382052707, 4227.285807738352, 3848.273479702854, 4120.400426966238, 4132.196221574522, 4412.979562596083, 4209.091585022092, 4079.012821388769, 4553.615853114223]
shares:[0, 26.5957, 53.1914, 82.2612, 111.331, 134.4791, 161.0748, 188.8526, 219.3404, 249.1023, 279.5901, 313.7198, 342.5382, 369.8606, 398.5962, 427.4146, 456.233, 484.6421, 511.3801, 537.7653, 560.9672, 586.7404, 610.3253, 630.8592, 651.4778, 675.9876, 704.3967, 732.2519, 758.4299, 786.7585, 814.3828, 842.7114, 872.9229, 902.863, 931.8485, 961.2603, 991.111, 1019.044, 1043.8579, 1068.3078, 1092.698, 1117.0289, 1142.0289, 1169.2028, 1197.5314, 1229.4803, 1260.0613, 1291.3113, 1321.2514, 1353.4057, 1387.4193, 1418.5719]
growth_rate:-10.71
