ticker:BL
price:[81.45999908447266, 80.01000213623047, 82.37999725341797, 89.23999786376953, 88.0999984741211, 98.43000030517578, 101.0, 99.02999877929688, 97.68000030517578, 111.3499984741211, 107.04000091552734, 112.62000274658203, 120.37999725341797, 123.55999755859375, 126.5, 134.1999969482422, 137.8300018310547, 133.3800048828125, 129.69000244140625, 125.73999786376953, 135.02000427246094, 129.6199951171875, 148.50999450683594, 133.47000122070312, 132.05999755859375, 124.0199966430664, 111.52999877929688, 112.91000366210938, 111.33999633789062, 108.6500015258789, 111.30000305175781, 112.87999725341797, 119.08999633789062, 120.05000305175781, 116.05999755859375, 107.47000122070312, 104.70999908447266, 104.04000091552734, 103.97000122070312, 101.55000305175781, 106.0999984741211, 108.12000274658203, 112.18000030517578, 113.87000274658203, 115.20999908447266, 109.95999908447266, 115.91999816894531, 114.38999938964844, 114.58999633789062, 112.08999633789062, 106.41000366210938, 110.05000305175781]
assets:[0, 99.99650066986084, 202.95959923324583, 319.8629243431091, 415.77913279876714, 564.5354237503052, 679.2755000000001, 766.0267495574951, 855.5888906730652, 1075.329205264282, 1133.7034656967164, 1292.798797528839, 1481.8777661895754, 1621.020675970459, 1759.5897, 1966.7009552764891, 2119.8943431625366, 2151.446154760742, 2191.9296382629395, 2225.170446195984, 2489.390822772217, 2489.8316002075194, 2952.690561784363, 2753.6596361846923, 2824.5652577819824, 2752.5990214935305, 2575.383813812256, 2707.254448806763, 2769.604676904297, 2802.691979360962, 2971.053411463928, 3113.2303242492676, 3384.5019689239502, 3511.786724272156, 3495.06558447876, 3336.3846938964844, 3350.699028703308, 3429.2624701766968, 3526.953557409668, 3544.8567315292357, 3803.6849452972415, 3976.10228900528, 4225.405545494842, 4389.062320865631, 4540.714088916779, 4433.796087084198, 4774.118756588746, 4811.1061063293455, 4919.520427780151, 4912.187163513184, 4763.273557928466, 5026.214744380188]
shares:[0, 1.2498, 2.4637, 3.5843, 4.7194, 5.7354, 6.7255, 7.7353, 8.7591, 9.6572, 10.5914, 11.4793, 12.31, 13.1193, 13.9098, 14.655, 15.3805, 16.1302, 16.9013, 17.6966, 18.4372, 19.2087, 19.8821, 20.6313, 21.3885, 22.1948, 23.0914, 23.9771, 24.8752, 25.7956, 26.6941, 27.58, 28.4197, 29.2527, 30.1143, 31.0448, 31.9998, 32.961, 33.9228, 34.9075, 35.85, 36.7749, 37.6663, 38.5445, 39.4125, 40.3219, 41.1846, 42.0588, 42.9315, 43.8236, 44.7634, 45.6721]
growth_rate:-1.45
