ticker:BLBD
price:[11.59000015258789, 11.930000305175781, 12.569999694824219, 11.399999618530273, 12.0600004196167, 12.479999542236328, 11.6899995803833, 12.010000228881836, 11.539999961853027, 11.819999694824219, 14.579999923706055, 15.90999984741211, 16.59000015258789, 16.899999618530273, 16.200000762939453, 16.989999771118164, 19.049999237060547, 18.260000228881836, 18.399999618530273, 22.389999389648438, 22.200000762939453, 20.5, 21.959999084472656, 18.440000534057617, 20.75, 24.309999465942383, 26.850000381469727, 25.290000915527344, 25.969999313354492, 24.149999618530273, 26.75, 26.719999313354492, 26.270000457763672, 27.360000610351562, 26.940000534057617, 26.5, 27.93000030517578, 26.010000228881836, 26.15999984741211, 26.850000381469727, 25.600000381469727, 26.100000381469727, 27.540000915527344, 23.139999389648438, 23.219999313354492, 23.530000686645508, 24.889999389648438, 25.0, 23.610000610351562, 22.780000686645508, 20.690000534057617, 21.389999389648438]
assets:[0, 99.99964855804443, 205.36362701416013, 286.24829042148593, 402.82089801578525, 516.8491970420838, 584.1317440323829, 700.1217623426437, 772.7230134456636, 891.4714689834594, 1199.6321877225878, 1409.0643634860992, 1569.2879304336548, 1698.6122016586305, 1728.254961392212, 1912.5336922351837, 2244.423285112381, 2251.3484682197573, 2368.60987089386, 2982.2382077041625, 3056.9312250564576, 2922.8408, 3231.003213297272, 2813.1013734727862, 3265.5022000000004, 3925.751314756584, 4435.928838023186, 4278.198178875733, 4493.230595199203, 4278.341482419968, 4838.949275, 4933.521889219284, 4950.434474263, 5255.839701248169, 5275.159220574569, 5289.0025000000005, 5674.40968400116, 5384.332748380852, 5515.383399829483, 5760.858216847038, 5592.6605633371355, 5801.8917547986985, 6221.996738841248, 5327.922381468201, 5446.341396944618, 5619.0535779735565, 6043.826986793518, 6170.537499999999, 5927.455923233032, 5819.078279401398, 5385.19540800457, 5667.391566284179]
shares:[0, 8.3822, 16.3376, 25.1095, 33.4014, 41.4142, 49.9685, 58.2949, 66.9604, 75.4206, 82.2793, 88.5647, 94.5924, 100.5096, 106.6824, 112.5682, 117.8175, 123.294, 128.7288, 133.1951, 137.6996, 142.5776, 147.1313, 152.5543, 157.3736, 161.4871, 165.2115, 169.1656, 173.0162, 177.157, 180.8953, 184.6378, 188.4444, 192.0994, 195.8114, 199.585, 203.1654, 207.0101, 210.8327, 214.5571, 218.4633, 222.2947, 225.9258, 230.2473, 234.5539, 238.8038, 242.8215, 246.8215, 251.057, 255.4468, 260.2801, 264.9552]
growth_rate:11.13
