ticker:BLCM
price:[5.210000038146973, 5.659999847412109, 7.739999771118164, 6.510000228881836, 6.329999923706055, 6.96999979019165, 6.869999885559082, 6.199999809265137, 3.7100000381469727, 2.799999952316284, 2.9100000858306885, 3.0399999618530273, 3.190000057220459, 3.0899999141693115, 2.9200000762939453, 3.1700000762939453, 3.799999952316284, 3.5299999713897705, 3.5299999713897705, 3.6500000953674316, 4.170000076293945, 4.650000095367432, 4.489999771118164, 6.639999866485596, 5.670000076293945, 4.369999885559082, 3.690000057220459, 4.449999809265137, 4.409999847412109, 3.9600000381469727, 3.690000057220459, 3.5899999141693115, 3.200000047683716, 3.1600000858306885, 3.690000057220459, 3.299999952316284, 3.140000104904175, 2.640000104904175, 2.9800000190734863, 2.940000057220459, 3.2899999618530273, 3.2699999809265137, 3.359999895095825, 3.319999933242798, 3.2799999713897705, 2.930000066757202, 2.950000047683716, 2.990000009536743, 3.2200000286102295, 2.950000047683716, 2.859999895095825, 3.2300000190734863]
assets:[0, 99.99974530410766, 236.7487909990311, 299.12604751682284, 390.8553402891159, 530.3730730349064, 622.763428625965, 662.0279196335792, 496.1490641015053, 474.4521519201279, 593.0914824932813, 719.5868389703751, 855.0929133381843, 928.2875772150278, 977.2168615327835, 1160.8825579395295, 1491.594221282959, 1485.6124899592878, 1585.6124471488, 1739.5144904501437, 2087.335655189705, 2427.6046247880463, 2444.0739034111025, 3714.398661312389, 3271.783391024208, 2621.6389693449023, 2313.6953488782406, 2890.22859611969, 2964.2488704357147, 2761.774514604378, 2673.4718304572584, 2701.0200824232816, 2507.5945973660705, 2576.249793975091, 3108.3423962007523, 2879.8182183877466, 2840.190696887851, 2487.931082861495, 2908.346216614866, 2969.3080357908725, 3422.796862313271, 3501.989475573349, 3698.374396531272, 3754.34622850914, 3809.1131667745117, 3502.6530508045435, 3626.5619086196425, 3775.735534042883, 4166.176751017165, 3916.838963311672, 3897.341877046347, 4501.5437905820845]
shares:[0, 17.6678, 30.5877, 45.9487, 61.7465, 76.0937, 90.6497, 106.7787, 133.7329, 169.4472, 203.8115, 236.7062, 268.0542, 300.4167, 334.6633, 366.209, 392.5248, 420.8534, 449.182, 476.5793, 500.5601, 522.0655, 544.3372, 559.3974, 577.0341, 599.9174, 627.0177, 649.4896, 672.1653, 697.4178, 724.5181, 752.3733, 783.6233, 815.2689, 842.3692, 872.6722, 904.5193, 942.3981, 975.9551, 1009.9687, 1040.3638, 1070.9448, 1100.7067, 1130.8272, 1161.315, 1195.4447, 1229.343, 1262.7878, 1293.8437, 1327.742, 1362.707, 1393.6668]
growth_rate:-11.73
