ticker:BLCN
price:[34.209999084472656, 33.470001220703125, 34.130001068115234, 33.630001068115234, 34.13999938964844, 35.529998779296875, 35.36000061035156, 35.279998779296875, 33.11000061035156, 35.84000015258789, 36.47999954223633, 37.349998474121094, 38.939998626708984, 39.099998474121094, 38.5, 40.040000915527344, 39.56999969482422, 40.75, 42.43000030517578, 41.52000045776367, 41.90999984741211, 40.790000915527344, 44.16999816894531, 48.06999969482422, 50.31999969482422, 46.31999969482422, 47.47999954223633, 51.66999816894531, 51.540000915527344, 47.650001525878906, 48.68000030517578, 49.79999923706055, 49.20000076293945, 48.349998474121094, 48.459999084472656, 48.05500030517578, 46.65999984741211, 46.41999816894531, 47.41999816894531, 47.97999954223633, 47.779998779296875, 47.15999984741211, 47.06999969482422, 47.2599983215332, 47.130001068115234, 45.470001220703125, 45.9900016784668, 45.720001220703125, 47.25, 47.31999969482422, 46.150001525878906, 47.630001068115234]
assets:[0, 100.0016696472168, 201.97452032089234, 299.01442849693296, 403.54844878540035, 519.9779791351318, 617.4916906585694, 716.0957752227783, 772.0490612319945, 935.7071399837495, 1052.41515479393, 1177.5147268943786, 1327.643677178192, 1433.0970540733335, 1511.10575, 1671.54991822052, 1751.9300804885866, 1904.17415, 2082.6765649795534, 2138.0101435718534, 2258.094027778626, 2297.749699572754, 2588.1498767089843, 2916.6712664833067, 3153.192076876831, 3002.5411242179875, 3177.731913362885, 3558.161417907715, 3649.2073008224484, 3473.780411239624, 3648.8678388748167, 3832.8171012809757, 3886.6377002696995, 3919.4926263046264, 4028.4118798934937, 4094.742548503876, 4075.8769686710357, 4154.910134107971, 4344.416326246644, 4495.721159107589, 4576.97986706543, 4617.586497059631, 4708.774508470917, 4827.7836905384065, 4914.50442637825, 4841.409285974121, 4996.7768903640745, 5067.44034329834, 5337.0198, 5444.927816884613, 5410.298513883209, 5683.802339460754]
shares:[0, 2.9878, 5.9178, 8.8913, 11.8204, 14.6349, 17.463, 20.2975, 23.3177, 26.1079, 28.8491, 31.5265, 34.0946, 36.6521, 39.2495, 41.747, 44.2742, 46.7282, 49.085, 51.4935, 53.8796, 56.3312, 58.5952, 60.6755, 62.6628, 64.8217, 66.9278, 68.8632, 70.8034, 72.902, 74.9562, 76.9642, 78.9967, 81.065, 83.1286, 85.2095, 87.3527, 89.5069, 91.6157, 93.6999, 95.7928, 97.9132, 100.0377, 102.1537, 104.2755, 106.4748, 108.6492, 110.8364, 112.9528, 115.0661, 117.2329, 119.3324]
growth_rate:11.45
