ticker:BLCT
price:[11.850000381469727, 11.050000190734863, 10.789999961853027, 9.760000228881836, 8.279999732971191, 10.1899995803833, 9.350000381469727, 10.84000015258789, 9.960000038146973, 10.140000343322754, 9.359999656677246, 9.390000343322754, 13.40999984741211, 10.739999771118164, 10.079999923706055, 11.020000457763672, 10.40999984741211, 10.100000381469727, 9.5, 10.869999885559082, 10.289999961853027, 9.819999694824219, 12.729999542236328, 14.390000343322754, 15.789999961853027, 11.359999656677246, 11.25, 12.029999732971191, 12.1899995803833, 8.529999732971191, 9.039999961853027, 8.199999809265137, 8.609999656677246, 8.680000305175781, 8.289999961853027, 7.139999866485596, 6.460000038146973, 7.070000171661377, 7.039999961853027, 7.230000019073486, 6.920000076293945, 6.949999809265137, 6.78000020980835, 7.099999904632568, 7.179999828338623, 7.159999847412109, 6.739999771118164, 5.550000190734863, 5.489999771118164, 5.210000038146973, 4.25, 3.259999990463257]
assets:[0, 100.00029172611237, 197.646903301239, 278.7797665376663, 336.5058131477356, 514.1292958285333, 571.7478483266831, 762.8606747383118, 800.9314110675812, 915.4057689940453, 944.9902453379631, 1048.018877318287, 1596.691133831787, 1378.7818386165618, 1394.051893448639, 1624.0527314620972, 1634.1544890468597, 1685.4910936597826, 1685.3627, 2028.4093726446151, 2020.1780685108185, 2027.9055509788514, 2728.8434378723146, 3184.686950981617, 3594.5240153160094, 2686.053742821884, 2760.044625, 3051.4082292681696, 3191.9916171219825, 2333.6083249471662, 2573.1320291419033, 2434.0354633834836, 2655.7371741027832, 2777.328413646698, 2752.5402933340074, 2470.704133799076, 2335.3991877907756, 2655.924748486519, 2744.654513127804, 2918.729317699909, 2893.583499902153, 3006.127897500229, 3032.597139844275, 3275.7283760003093, 3412.638122409725, 3503.1323133441924, 3397.6412986204145, 2897.761104586315, 2966.4335363273617, 2915.140380344296, 2477.9935250000003, 2000.7666401469944]
shares:[0, 9.0498, 18.3176, 28.5635, 40.6408, 50.4543, 61.1495, 70.3746, 80.4148, 90.2767, 100.9605, 111.6101, 119.0672, 128.3782, 138.2988, 147.3732, 156.9793, 166.8803, 177.4066, 186.6062, 196.3244, 206.5077, 214.3632, 221.3125, 227.6456, 236.4484, 245.3373, 253.6499, 261.8533, 273.5766, 284.6385, 296.8336, 308.448, 319.9687, 332.0314, 346.037, 361.5169, 375.6612, 389.8657, 403.697, 418.1479, 432.5364, 447.2857, 461.3702, 475.2978, 489.2643, 504.1011, 522.1191, 540.334, 559.5279, 583.0573, 613.7321]
growth_rate:-60.77
