ticker:BLDE
price:[9.920000076293945, 9.949999809265137, 10.0, 10.079999923706055, 10.220000267028809, 10.65999984741211, 10.970000267028809, 11.079999923706055, 12.270000457763672, 14.130000114440918, 14.880000114440918, 14.75, 14.960000038146973, 7.070000171661377, 8.229999542236328, 9.720000267028809, 10.739999771118164, 10.789999961853027, 11.3100004196167, 11.130000114440918, 10.119999885559082, 9.449999809265137, 7.289999961853027, 8.09000015258789, 7.670000076293945, 7.190000057220459, 7.079999923706055, 7.230000019073486, 8.920000076293945, 8.640000343322754]
assets:[0, 100.0004830830574, 200.503, 302.1066697134018, 406.3022426158905, 523.7950825023651, 639.0277465550422, 745.4358028671265, 925.4966865280151, 1165.7914204419135, 1327.6694982110023, 1416.0708, 1536.231931917286, 826.0135720558167, 1061.5407299556732, 1353.7277651897432, 1595.7856819919587, 1703.2144419784547, 1885.2967689471245, 1955.291708104706, 1877.8570587644576, 1853.5324125890731, 1529.8677279945373, 1797.7541709079742, 1804.4219749486924, 1791.4985212573529, 1864.0903479125977, 2003.5841122856618, 2571.918785997963, 2591.1862149644853]
shares:[0, 10.0503, 20.0503, 29.9709, 39.7556, 49.1365, 58.2523, 67.2776, 75.4276, 82.5047, 89.2251, 96.0048, 102.6893, 116.8336, 128.9843, 139.2724, 148.5834, 157.8512, 166.6929, 175.6776, 185.559, 196.141, 209.8584, 222.2193, 235.2571, 249.1653, 263.2896, 277.1209, 288.3317, 299.9058]
growth_rate:-10.65
