ticker:BLDP
price:[13.720000267028809, 13.800000190734863, 15.90999984741211, 14.260000228881836, 16.030000686645508, 18.81999969482422, 17.889999389648438, 16.0, 14.770000457763672, 15.59000015258789, 16.18000030517578, 19.290000915527344, 20.520000457763672, 19.229999542236328, 19.030000686645508, 21.18000030517578, 23.450000762939453, 23.399999618530273, 28.84000015258789, 30.829999923706055, 37.06999969482422, 34.16999816894531, 38.68000030517578, 35.9900016784668, 32.20000076293945, 27.81999969482422, 22.3799991607666, 26.360000610351562, 24.90999984741211, 22.75, 24.149999618530273, 23.299999237060547, 21.420000076293945, 21.90999984741211, 21.8700008392334, 15.399999618530273, 14.640000343322754, 16.389999389648438, 17.31999969482422, 17.0, 18.219999313354492, 16.93000030517578, 18.100000381469727, 18.190000534057617, 16.989999771118164, 15.149999618530273, 15.760000228881836, 16.170000076293945, 15.489999771118164, 15.119999885559082, 14.829999923706055, 16.3700008392334]
assets:[0, 100.00032138214112, 215.2909359352112, 292.96314870224, 429.3266993902206, 604.0504742050172, 674.200727998352, 702.9744, 748.9335512115479, 890.5132807159424, 1024.2150533180236, 1321.0814997001646, 1505.318505580902, 1510.6856880386354, 1594.9747685503005, 1875.1734450187682, 2176.1483458003995, 2271.508162969589, 2899.5851513412476, 3199.6607120819094, 3947.2728795043945, 3738.4745766677856, 4331.904746177673, 4130.640873640824, 3795.6555899333953, 3379.351002929687, 2818.543808306694, 3419.7856831832887, 3331.672623591614, 3142.7760000000003, 3436.177865722656, 3415.234668170929, 3239.6700535390855, 3413.779548225403, 3507.547913597679, 2569.8780163421634, 2543.052971637154, 2947.0382592544556, 3214.2593993652345, 3254.8744, 3588.459838764, 3434.3927739074707, 3771.7378094919204, 3890.4918662246705, 3733.8344836994174, 3429.464508647728, 3667.5490532636645, 3862.96127422638, 3800.5117178432465, 3809.731939164734, 3836.6618652620314, 4335.074156244278]
shares:[0, 7.2464, 13.5318, 20.5444, 26.7827, 32.0962, 37.6859, 43.9359, 50.7064, 57.1208, 63.3013, 68.4853, 73.3586, 78.5588, 83.8137, 88.5351, 92.7995, 97.073, 100.5404, 103.784, 106.4816, 109.4081, 111.9934, 114.7719, 117.8775, 121.472, 125.9403, 129.7339, 133.7484, 138.144, 142.2848, 146.5766, 151.2451, 155.8092, 160.3817, 166.8752, 173.7058, 179.8071, 185.5808, 191.4632, 196.9517, 202.8584, 208.3833, 213.8808, 219.7666, 226.3673, 232.7125, 238.8968, 245.3526, 251.9664, 258.7095, 264.8182]
growth_rate:-15.0
