ticker:BLFS
price:[22.1200008392334, 23.770000457763672, 27.209999084472656, 26.25, 28.600000381469727, 29.020000457763672, 28.170000076293945, 29.020000457763672, 28.709999084472656, 33.83000183105469, 32.189998626708984, 32.41999816894531, 35.90999984741211, 38.88999938964844, 40.58000183105469, 43.459999084472656, 43.720001220703125, 39.88999938964844, 40.79999923706055, 40.33000183105469, 41.369998931884766, 37.91999816894531, 41.349998474121094, 43.7400016784668, 40.91999816894531, 39.22999954223633, 35.31999969482422, 37.970001220703125, 38.7599983215332, 35.720001220703125, 36.689998626708984, 36.0, 34.16999816894531, 33.16999816894531, 34.900001525878906, 31.670000076293945, 29.739999771118164, 32.529998779296875, 33.310001373291016, 32.95000076293945, 38.0, 42.2599983215332, 44.619998931884766, 45.220001220703125, 47.880001068115234, 44.369998931884766, 46.689998626708984, 46.900001525878906, 48.709999084472656, 45.31999969482422, 45.380001068115234, 55.59000015258789]
assets:[0, 100.00039192581177, 214.47193378372194, 306.9045, 434.37966579380037, 540.7586885299683, 624.9204646924973, 743.7768077323914, 835.831332346344, 1084.8909457199097, 1132.2992966938018, 1240.3891299438476, 1473.9151707370759, 1696.2301023788452, 1869.9427163757323, 2102.655599705505, 2215.2356258514405, 2121.1746515441896, 2269.565237560272, 2343.4191193954466, 2503.8488563541414, 2395.0422523498537, 2711.6832799346926, 2968.415213909149, 2877.0359672607424, 2858.2153836483003, 2673.342520901489, 2973.920608609009, 3135.796268207169, 2989.8534021759033, 3171.043201309204, 3211.4087999999997, 3148.1605223007205, 3156.029132780456, 3420.6329095550536, 3204.0539077186586, 3108.7965260744095, 3500.442566644287, 3684.375948897934, 3744.556706703186, 4418.4576, 5013.789590864181, 5393.7814828834535, 5566.31083026123, 5993.743021709442, 5654.35293188324, 6050.005980051423, 6177.217960974121, 6515.615091535949, 6162.155826505279, 6270.31357758522, 7781.0657373580925]
shares:[0, 4.207, 7.8821, 11.6916, 15.1881, 18.634, 22.1839, 25.6298, 29.1129, 32.0689, 35.1755, 38.26, 41.0447, 43.6161, 46.0804, 48.3814, 50.6687, 53.1756, 55.6266, 58.1061, 60.5233, 63.1604, 65.5788, 67.865, 70.3088, 72.8579, 75.6892, 78.3229, 80.9029, 83.7025, 86.428, 89.2058, 92.1323, 95.1471, 98.0124, 101.17, 104.5325, 107.6066, 110.6087, 113.6436, 116.2752, 118.6415, 120.8826, 123.094, 125.1826, 127.4364, 129.5782, 131.7104, 133.7634, 135.9699, 138.1735, 139.9724]
growth_rate:52.57
