ticker:BLI
price:[62.400001525878906, 58.70000076293945, 72.30999755859375, 66.5999984741211, 78.18000030517578, 83.97000122070312, 75.11000061035156, 75.5999984741211, 72.56999969482422, 83.44999694824219, 95.0, 83.77999877929688, 81.94000244140625, 81.27999877929688, 89.51000213623047, 94.20500183105469, 103.37999725341797, 89.41000366210938, 88.8499984741211, 83.75, 81.02999877929688, 72.0, 78.30999755859375, 79.9800033569336, 72.0199966430664, 61.970001220703125, 49.744998931884766, 54.2400016784668, 48.810001373291016, 44.779998779296875, 48.85499954223633, 47.2400016784668, 47.93000030517578, 50.040000915527344, 49.11000061035156, 46.5, 37.130001068115234, 42.529998779296875, 43.5, 40.84000015258789, 48.79999923706055, 48.619998931884766, 48.099998474121094, 45.34000015258789, 47.90999984741211, 44.68000030517578, 48.060001373291016, 45.58000183105469, 44.15999984741211, 41.0, 34.68000030517578, 34.02000045776367]
assets:[0, 100.00132129974365, 223.1848074645996, 305.56079299926756, 458.68987979049683, 592.6602686157227, 630.1278391204834, 734.2423051803588, 804.8158106155395, 1025.4752874984742, 1267.4045, 1217.7171482574463, 1290.9729324645996, 1380.573291265869, 1620.3637646713255, 1805.3540755905153, 2081.1840767074586, 1899.9446958190917, 1988.0453708580017, 1973.9288749999998, 2009.8194717224121, 1885.8455999999999, 2151.1208159362795, 2296.99370440979, 2168.3852609291075, 1965.7999847229005, 1678.0032784702303, 1929.6314517127992, 1836.456777669525, 1784.8277573455812, 2047.2492138175965, 2079.5757338886265, 2209.9516610710143, 2407.2392960426328, 2462.4982056045533, 2431.6245, 2041.6376647315979, 2438.5638050079347, 2594.1834, 2535.5514094734194, 3129.7489110694887, 3218.2063493003848, 3283.786895828247, 3195.3637147537233, 3476.4837369277952, 3342.104234827423, 3694.929801580811, 3604.261434791565, 3591.974387588501, 3434.939, 3005.455526447296, 3048.2566790164947]
shares:[0, 1.7036, 3.0865, 4.588, 5.8671, 7.058, 8.3894, 9.7122, 11.0902, 12.2885, 13.3411, 14.5347, 15.7551, 16.9854, 18.1026, 19.1641, 20.1314, 21.2498, 22.3753, 23.5693, 24.8034, 26.1923, 27.4693, 28.7196, 30.1081, 31.7218, 33.7321, 35.5758, 37.6246, 39.8577, 41.9046, 44.0215, 46.1079, 48.1063, 50.1425, 52.293, 54.9862, 57.3375, 59.6364, 62.085, 64.1342, 66.191, 68.27, 70.4756, 72.5628, 74.8009, 76.8816, 79.0755, 81.34, 83.779, 86.6625, 89.6019]
growth_rate:-40.23
