ticker:BLIN
price:[1.7699999809265137, 1.809999942779541, 1.9500000476837158, 1.8600000143051147, 2.109999895095825, 2.3399999141693115, 2.359999895095825, 2.299999952316284, 2.0799999237060547, 2.190000057220459, 2.0799999237060547, 2.069999933242798, 2.450000047683716, 2.880000114440918, 2.9000000953674316, 2.759999990463257, 2.680000066757202, 2.5799999237060547, 2.809999942779541, 3.0199999809265137, 3.440000057220459, 3.4000000953674316, 3.4700000286102295, 3.3299999237060547, 3.5299999713897705, 3.059999942779541, 2.740000009536743, 3.1600000858306885, 3.0899999141693115, 2.9200000762939453, 2.9000000953674316, 2.9000000953674316, 2.4700000286102295, 2.740000009536743, 2.7699999809265137, 2.390000104904175, 2.5, 2.559999942779541, 2.509999990463257, 2.6700000762939453, 2.7100000381469727, 2.440000057220459, 2.309999942779541, 8.970000267028809, 6.760000228881836, 5.880000114440918, 5.449999809265137, 6.400000095367432, 5.0, 4.690000057220459, 4.300000190734863, 4.860000133514404]
assets:[0, 99.99996283864975, 207.73487007977963, 298.14702829302547, 438.2206032127142, 585.9886285060644, 690.9971132845401, 773.4294939652204, 799.4492186763763, 941.7278376055241, 994.4263315246583, 1089.645480859089, 1389.6770220469236, 1733.5794928862574, 1845.6183506937505, 1856.5195135850909, 1902.7073193953038, 1931.7107008768082, 2203.9175181212904, 2468.6231824088572, 2911.9418164368153, 2978.0821835329534, 3139.395428884387, 3112.733745683861, 3399.68472744596, 3047.0353350219725, 2828.391313844395, 3361.9405233157154, 3387.467098906589, 3301.101842251396, 3378.4917011027815, 3478.4918243913176, 3062.715314475703, 3497.506166173291, 3635.8000389648437, 3237.0261800826547, 3486.0105, 3669.6746699763776, 3698.0013089494464, 4033.7306502618794, 4194.1610980385785, 3876.2926709029675, 3769.768601619959, 14738.453154750441, 11207.240111457635, 9848.30929167509, 9228.109172041797, 10936.679202969217, 8644.2805, 8208.335389145994, 7625.766108255672, 8718.888839526177]
shares:[0, 55.2486, 106.5307, 160.2941, 207.6875, 250.4225, 292.7954, 336.2737, 384.3506, 430.0127, 478.0896, 526.3988, 567.2151, 601.9373, 636.4201, 672.652, 709.9654, 748.7251, 784.3123, 817.4249, 846.4947, 875.9065, 904.7249, 934.7549, 963.0835, 995.7632, 1032.2596, 1063.9052, 1096.2677, 1130.5143, 1164.9971, 1199.4799, 1239.9657, 1276.4621, 1312.5632, 1354.4042, 1394.4042, 1433.4667, 1473.3073, 1510.7605, 1547.6609, 1588.6445, 1631.9345, 1643.0828, 1657.8757, 1674.8825, 1693.2311, 1708.8561, 1728.8561, 1750.1781, 1773.4339, 1794.01]
growth_rate:70.96
