ticker:BLKB
price:[60.02000045776367, 57.25, 56.5, 56.77000045776367, 54.22999954223633, 59.93000030517578, 58.060001373291016, 57.36000061035156, 49.34000015258789, 49.86000061035156, 52.369998931884766, 53.31999969482422, 55.599998474121094, 56.9900016784668, 55.91999816894531, 56.08000183105469, 58.880001068115234, 57.560001373291016, 62.2400016784668, 63.709999084472656, 66.04000091552734, 66.48999786376953, 70.62000274658203, 76.54000091552734, 72.48999786376953, 68.81999969482422, 69.27999877929688, 73.81999969482422, 70.87000274658203, 73.25, 71.2300033569336, 71.97000122070312, 71.75, 70.83999633789062, 71.12000274658203, 67.02999877929688, 69.31999969482422, 70.41000366210938, 70.69000244140625, 73.33000183105469, 76.5, 75.86000061035156, 79.0199966430664, 76.9800033569336, 75.3499984741211, 70.77999877929688, 71.69000244140625, 71.33000183105469, 72.6500015258789, 68.54000091552734, 66.05000305175781, 69.80999755859375]
assets:[0, 99.998575, 198.68789999999998, 299.63773941612243, 386.2314797397613, 526.8266536827088, 610.3906004375458, 703.032847480774, 704.7380241794586, 812.1645639419556, 953.0501885620117, 1070.3403418739317, 1216.1109666252135, 1346.5141676574706, 1421.2347134628296, 1525.303145802307, 1701.4612788654326, 1763.3161060699463, 2006.686118115616, 2154.0796660453793, 2332.856428340912, 2448.7534823249816, 2700.854943042755, 3027.264192210388, 2967.0808535621645, 2916.8668670654297, 3036.3622184997557, 3335.335226211548, 3302.046037971497, 3512.93815, 3516.0625487052916, 3652.592713952637, 3741.425275, 3793.970599868774, 3908.9687109603883, 3784.171878085327, 4013.454682331085, 4176.566515228272, 4293.17350427246, 4553.5071267013545, 4850.35245, 4909.773029502869, 5214.292518486022, 5179.676505874634, 5169.996980304718, 4956.433116519164, 5120.157326367187, 5194.443324342346, 5390.571993218994, 5185.613097267151, 5097.224045510865, 5487.393915093994]
shares:[0, 1.7467, 3.5166, 5.2781, 7.1221, 8.7907, 10.5131, 12.2565, 14.2833, 16.2889, 18.1984, 20.0739, 21.8725, 23.6272, 25.4155, 27.1987, 28.8971, 30.6344, 32.2411, 33.8107, 35.3249, 36.8289, 38.2449, 39.5514, 40.9309, 42.384, 43.8274, 45.182, 46.593, 47.9582, 49.3621, 50.7516, 52.1453, 53.5569, 54.963, 56.4549, 57.8975, 59.3178, 60.7324, 62.0961, 63.4033, 64.7215, 65.987, 67.286, 68.6131, 70.0259, 71.4208, 72.8227, 74.1992, 75.6582, 77.1722, 78.6047]
growth_rate:7.6
