ticker:BLMN
price:[16.899999618530273, 16.290000915527344, 15.09000015258789, 15.260000228881836, 16.149999618530273, 17.329999923706055, 17.3799991607666, 16.260000228881836, 13.979999542236328, 14.460000038146973, 15.9399995803833, 17.079999923706055, 17.770000457763672, 18.290000915527344, 17.84000015258789, 18.610000610351562, 18.950000762939453, 19.420000076293945, 20.68000030517578, 21.459999084472656, 22.149999618530273, 21.06999969482422, 23.34000015258789, 22.770000457763672, 24.829999923706055, 24.84000015258789, 27.010000228881836, 28.479999542236328, 28.3700008392334, 29.209999084472656, 27.260000228881836, 28.1299991607666, 28.15999984741211, 28.190000534057617, 31.600000381469727, 30.25, 29.219999313354492, 28.56999969482422, 29.549999237060547, 28.100000381469727, 28.059999465942383, 25.56999969482422, 27.229999542236328, 27.209999084472656, 27.149999618530273, 25.760000228881836, 25.780000686645508, 25.1299991607666, 25.84000015258789, 26.709999084472656, 24.329999923706055, 27.65999984741211]
assets:[0, 99.99942862014771, 192.63290594787597, 294.80336642169954, 411.99779526844026, 542.0997276134491, 643.6630549192429, 702.1848578842164, 703.7238189571381, 827.8856121840478, 1012.6203533430099, 1185.0411387065888, 1332.9152953365326, 1471.920745678711, 1535.7064611351013, 1701.9906328201293, 1833.0847388011932, 1978.54844777298, 2206.920000567627, 2390.158902030945, 2567.0099707906725, 2541.846837184143, 2915.6958370616912, 2944.488947195435, 3310.8768838268284, 3412.2112049606326, 3810.2980312883374, 4117.669661816025, 4201.767344295502, 4426.1765562706, 4230.69478952198, 4465.716130769349, 4570.477799234391, 4675.348235574151, 5340.9025044744485, 5212.731425, 5135.239559326172, 5121.006739299011, 5396.666125665664, 5231.854771024704, 5324.407346662139, 4951.92705289917, 5373.404729667664, 5469.457426970673, 5557.395866916084, 5372.874015738868, 5477.046219880104, 5438.951056362534, 5692.619217615509, 5984.281809879303, 5551.052493593025, 6410.813484634399]
shares:[0, 6.1387, 12.7656, 19.3187, 25.5107, 31.281, 37.0347, 43.1848, 50.3379, 57.2535, 63.527, 69.3818, 75.0093, 80.4768, 86.0822, 91.4557, 96.7327, 101.882, 106.7176, 111.3774, 115.8921, 120.6382, 124.9227, 129.3144, 133.3418, 137.3676, 141.0699, 144.5811, 148.106, 151.5295, 155.1979, 158.7528, 162.3039, 165.8513, 169.0159, 172.3217, 175.744, 179.2442, 182.6283, 186.187, 189.7508, 193.6616, 197.334, 201.0091, 204.6923, 208.5743, 212.4533, 216.4326, 220.3026, 224.0465, 228.1567, 231.772]
growth_rate:25.7
