ticker:BLNK
price:[6.400000095367432, 6.059999942779541, 8.390000343322754, 8.520000457763672, 10.859999656677246, 9.760000228881836, 9.770000457763672, 8.600000381469727, 7.760000228881836, 9.949999809265137, 9.699999809265137, 22.670000076293945, 28.0, 23.93000030517578, 27.239999771118164, 36.34000015258789, 49.5, 42.75, 43.90999984741211, 47.099998474121094, 44.349998474121094, 49.43000030517578, 53.349998474121094, 51.43000030517578, 46.0099983215332, 38.2400016784668, 30.1299991607666, 39.310001373291016, 38.2400016784668, 35.83000183105469, 41.25, 44.08000183105469, 36.40999984741211, 37.59000015258789, 36.79999923706055, 32.56999969482422, 29.950000762939453, 34.09000015258789, 34.0, 38.77000045776367, 39.5, 39.279998779296875, 42.27000045776367, 37.380001068115234, 35.400001525878906, 30.43000030517578, 32.0099983215332, 34.529998779296875, 33.869998931884766, 32.5, 30.709999084472656, 31.3799991607666]
assets:[0, 100.00030105576515, 238.449682757473, 342.144474382782, 536.1136570515633, 581.8111816440583, 682.4071759735108, 700.6858910802841, 732.2468135976791, 1038.8993800849914, 1112.7965881186485, 2700.731517089081, 3435.7064, 3036.3030497215273, 3556.2854821186065, 4844.32552434082, 6698.6271, 5885.17875, 6144.870762646484, 6691.28483322525, 6400.605084784698, 7233.754306660461, 7907.419403837586, 7722.841991825868, 7008.9607003097535, 5925.315028079605, 4768.665928174782, 6321.582836843872, 6249.513762309646, 5955.65215535736, 6956.560875, 7533.823312950134, 6322.924163501739, 6627.84251390419, 6588.550423405838, 5931.224934425354, 5554.104846483993, 6421.8503657444, 6504.897, 7517.495334760284, 7759.0403, 7815.824173107911, 8510.764475167465, 7626.196795914841, 7322.24251561737, 6394.231620126343, 6826.234574061585, 7463.631612145997, 7420.974344974136, 7220.804499999999, 6923.105572608185, 7174.145616133118]
shares:[0, 16.5017, 28.4207, 40.1578, 49.3659, 59.6118, 69.8472, 81.4751, 94.3617, 104.412, 114.7213, 119.1324, 122.7038, 126.8827, 130.5538, 133.3056, 135.3258, 137.665, 139.9424, 142.0655, 144.3203, 146.3434, 148.2178, 150.1622, 152.3356, 154.9507, 158.2697, 160.8136, 163.4287, 166.2197, 168.6439, 170.9125, 173.659, 176.3193, 179.0367, 182.107, 185.4459, 188.3793, 191.3205, 193.8998, 196.4314, 198.9772, 201.3429, 204.0181, 206.843, 210.1292, 213.2532, 216.1492, 219.1017, 222.1786, 225.4349, 228.6216]
growth_rate:40.67
