ticker:BLPH
price:[9.460000038146973, 9.859999656677246, 10.569999694824219, 9.649999618530273, 9.930000305175781, 10.369999885559082, 9.260000228881836, 9.029999732971191, 8.430000305175781, 8.800000190734863, 8.0, 8.779999732971191, 6.71999979019165, 7.019999980926514, 6.269999980926514, 7.329999923706055, 7.329999923706055, 6.670000076293945, 7.210000038146973, 7.559999942779541, 7.909999847412109, 6.920000076293945, 7.550000190734863, 7.800000190734863, 7.400000095367432, 6.349999904632568, 6.340000152587891, 6.849999904632568, 5.849999904632568, 5.559999942779541, 5.650000095367432, 4.869999885559082, 4.460000038146973, 4.550000190734863, 4.389999866485596, 4.03000020980835, 3.940000057220459, 4.329999923706055, 4.139999866485596, 4.550000190734863, 4.710000038146973, 4.090000152587891, 5.380000114440918, 4.619999885559082, 4.860000133514404, 4.139999866485596, 4.159999847412109, 4.159999847412109, 4.110000133514404, 4.051000118255615, 3.7799999713897705, 4.139999866485596]
assets:[0, 100.00011651802062, 207.2005330177307, 289.166098569107, 397.55649921798704, 515.1722613146782, 560.0281458423615, 646.1181528934479, 703.1867894561767, 834.0499380775452, 858.2272, 1041.9041303122522, 897.4485799803257, 1037.5131751810552, 1026.667979876852, 1300.2357014665604, 1400.2359584257126, 1374.1574177181244, 1585.4083503881454, 1762.3697986608984, 1943.9607715000152, 1800.6587558525086, 2064.5913421575547, 2232.955194602871, 2218.4445485901833, 2003.6649999079705, 2100.509888554001, 2369.477987011528, 2123.568685381317, 2118.297706199646, 2252.5866730218413, 2041.6101180238722, 1969.729134847355, 2109.4770034287453, 2135.2972520585536, 2060.1933332570075, 2114.1839367042066, 2423.4559252990725, 2417.1149100483894, 2756.4911255514144, 2953.4224799201966, 2664.649414411545, 3605.089118685818, 3195.8197788371085, 3461.8364151039123, 3048.9716256711004, 3163.7010999561307, 3263.701256288147, 3324.474302996397, 3376.750848373127, 3250.8559193947794, 3660.4611979506494]
shares:[0, 10.142, 19.6027, 29.9654, 40.0359, 49.6791, 60.4782, 71.5524, 83.4148, 94.7784, 107.2784, 118.6679, 133.5489, 147.7939, 163.7429, 177.3855, 191.0281, 206.0206, 219.8902, 233.1177, 245.7599, 260.2108, 273.4558, 286.2763, 299.7898, 315.5378, 331.3107, 345.9092, 363.0032, 380.9888, 398.6879, 419.2218, 441.6433, 463.6213, 486.4003, 511.2142, 536.5949, 559.6896, 583.8442, 605.8222, 627.0536, 651.5035, 670.0909, 691.7359, 712.312, 736.4666, 760.5051, 784.5436, 808.8745, 833.5598, 860.0148, 884.1694]
growth_rate:-28.23
