ticker:BLRX
price:[1.6699999570846558, 1.649999976158142, 1.75, 1.559999942779541, 1.5700000524520874, 1.590000033378601, 1.600000023841858, 1.5499999523162842, 1.9800000190734863, 2.5999999046325684, 2.3499999046325684, 2.640000104904175, 2.319999933242798, 2.319999933242798, 2.6700000762939453, 2.630000114440918, 2.5799999237060547, 2.5199999809265137, 2.619999885559082, 2.7799999713897705, 2.5299999713897705, 2.7899999618530273, 3.490000009536743, 3.5899999141693115, 3.3299999237060547, 3.0899999141693115, 2.890000104904175, 3.0299999713897705, 3.059999942779541, 2.9000000953674316, 2.8499999046325684, 2.869999885559082, 2.630000114440918, 2.880000114440918, 3.140000104904175, 3.7200000286102295, 2.8499999046325684, 3.0999999046325684, 2.859999895095825, 2.8499999046325684, 2.7899999618530273, 2.740000009536743, 2.700000047683716, 3.3499999046325684, 3.200000047683716, 3.119999885559082, 3.2799999713897705, 3.2300000190734863, 3.1500000953674316, 3.0199999809265137, 2.75, 2.859999895095825]
assets:[0, 100.00006355503797, 206.06074999999998, 283.688485594368, 385.507075879395, 490.41802029526235, 593.502408843875, 674.9553842358828, 962.2012052689552, 1363.4963699872494, 1332.3909609290602, 1596.8138314516782, 1503.2604287441968, 1603.2603138667346, 1945.1316345811842, 2015.9910827231408, 2077.664134560776, 2129.34630788331, 2313.8439909318927, 2555.147457703829, 2425.3680275729894, 2774.6153440633775, 3570.7554687574147, 3773.069446792436, 3599.810836524391, 3440.3651164372445, 3317.6880414288285, 3578.4063322115417, 3713.835944553137, 3619.6487490333084, 3657.2407176204683, 3782.9055211570744, 3566.5652471942904, 4005.5922871679304, 4467.20812724483, 5392.361009472227, 4231.244093413019, 4702.405975336646, 4438.348609202338, 4522.829863655901, 4527.612496095085, 4546.472699824285, 4580.100800887489, 5782.717240378236, 5623.789843800997, 5583.194867209625, 5969.512699930144, 5978.5142713037485, 5930.43965954628, 5785.691199459171, 5368.42735, 5683.164135542775]
shares:[0, 60.6061, 117.749, 181.8516, 245.5459, 308.439, 370.939, 435.4551, 485.9602, 524.4217, 566.9749, 604.8537, 647.9571, 691.0605, 728.5137, 766.5365, 805.2962, 844.9787, 883.1466, 919.1178, 958.6435, 994.4858, 1023.1391, 1050.9943, 1081.0243, 1113.3868, 1147.9889, 1180.9922, 1213.6719, 1248.1547, 1283.2424, 1318.0856, 1356.1084, 1390.8306, 1422.6777, 1449.5594, 1484.6471, 1516.9052, 1551.8702, 1586.9579, 1622.8002, 1659.2966, 1696.3336, 1726.1843, 1757.4343, 1789.4856, 1819.9734, 1850.9332, 1882.6792, 1915.7918, 1952.1554, 1987.1204]
growth_rate:11.43
