ticker:BLSA
price:[10.270000457763672, 10.329999923706055, 10.800000190734863, 10.635000228881836, 10.88700008392334, 10.5, 10.829999923706055, 10.758999824523926, 11.100000381469727, 11.217000007629395, 11.140000343322754, 11.0, 10.979999542236328, 10.859999656677246, 10.859999656677246, 11.1899995803833, 12.125, 13.350000381469727, 11.960000038146973, 10.789999961853027, 11.619999885559082, 10.739999771118164, 10.329999923706055, 10.3100004196167, 10.300000190734863, 10.329999923706055, 10.40999984741211, 10.295999526977539, 10.260000228881836, 10.350000381469727, 10.420000076293945, 10.25, 10.350000381469727, 10.220000267028809, 10.399999618530273, 10.600000381469727, 10.640000343322754, 11.46500015258789, 10.75, 10.079999923706055, 10.024999618530273, 9.8100004196167, 9.800000190734863, 9.760000228881836, 9.789999961853027, 9.819999694824219]
assets:[0, 99.99956426143646, 204.54984361248017, 301.42462098712923, 408.56733914947506, 494.0439, 609.5708777057648, 705.5741325922966, 827.9368184534072, 936.6632469370842, 1030.2339157506942, 1117.2865, 1215.2553693351747, 1301.9738648400307, 1401.9738276786804, 1544.5757840795518, 1773.6353000000001, 2052.826888658524, 1939.0867661848067, 1849.3930454616545, 2091.654593400097, 2033.250574669075, 2055.6307308177948, 2151.650692572117, 2249.563301657295, 2356.1149335985183, 2474.3611917312624, 2547.264259772682, 2638.3580328569415, 2761.501196780586, 2880.177633088302, 2933.188175, 3061.8043878488543, 3123.3465456069944, 3278.3565197505955, 3441.40248384819, 3554.38893869009, 3929.9876568042755, 3784.8986999999997, 3649.0023083812716, 3729.0923406011584, 3749.1172903661727, 3845.2956548399925, 3929.6005721530914, 4041.679109251499, 4154.064126904297]
shares:[0, 9.6805, 18.9398, 28.3427, 37.528, 47.0518, 56.2854, 65.5799, 74.5889, 83.5039, 92.4806, 101.5715, 110.679, 119.8871, 129.0952, 138.0318, 146.2792, 153.7698, 162.131, 171.3988, 180.0047, 189.3157, 198.9962, 208.6955, 218.4042, 228.0847, 237.6908, 247.4033, 257.1499, 266.8117, 276.4086, 286.1647, 295.8265, 305.6112, 315.2266, 324.6606, 334.0591, 342.7813, 352.0836, 362.0042, 371.9793, 382.173, 392.3771, 402.623, 412.8375, 423.0208]
growth_rate:-7.69
