ticker:BLTS
price:[9.979999542236328, 9.84000015258789, 9.850000381469727, 9.760000228881836, 9.75, 9.850000381469727, 9.789999961853027, 9.770000457763672, 9.6899995803833, 9.75, 9.734999656677246, 9.649999618530273, 9.729999542236328, 9.720000267028809, 9.6899995803833, 9.699999809265137, 9.694999694824219, 9.6899995803833, 9.680000305175781, 9.670000076293945, 9.631999969482422, 9.729999542236328, 9.697999954223633, 9.699999809265137, 9.699999809265137, 9.704999923706055, 9.704999923706055]
assets:[0, 99.99998555068969, 200.10177274951937, 298.273414994812, 397.9677, 502.0495944433212, 598.9913576660156, 697.7675706932067, 792.0537827008247, 896.958075, 995.5779713891029, 1086.8852470348359, 1195.895756737137, 1294.6670995672227, 1390.6709487782477, 1492.1063506601333, 1591.3372499084471, 1690.5163577937126, 1788.7720963935853, 1886.924520887375, 1979.5098785282137, 2099.6502232185367, 2192.7449440498353, 2293.1973249079706, 2393.1975329416273, 2494.431487390518, 2594.4318066043857]
shares:[0, 10.1626, 20.3149, 30.5608, 40.8172, 50.9695, 61.184, 71.4194, 81.7393, 91.9957, 102.2679, 112.6306, 122.9081, 133.1962, 143.5161, 153.8254, 164.14, 174.4599, 184.7905, 195.1318, 205.5139, 215.7914, 226.1028, 236.4121, 246.7214, 257.0254, 267.3294]
growth_rate:-0.21
