ticker:BLTSU
price:[10.430000305175781, 10.550000190734863, 10.59000015258789, 10.460000038146973, 10.729999542236328, 10.670000076293945, 10.75, 10.399999618530273, 10.300000190734863, 10.199999809265137, 10.15999984741211, 9.979999542236328, 10.0, 10.050000190734863, 10.100000381469727, 10.119999885559082, 10.1899995803833, 10.069999694824219, 10.039999961853027, 10.020000457763672, 10.0, 10.050000190734863, 10.050000190734863, 10.0600004196167, 10.100000381469727, 10.079999923706055, 10.079999923706055, 10.0600004196167, 10.029999732971191, 10.1899995803833, 10.1850004196167, 10.130000114440918, 10.01200008392334, 10.010000228881836, 10.035099983215332]
assets:[0, 100.00028680791854, 200.37974688720703, 297.91962908649447, 405.61007769584654, 503.34231559906004, 607.1159250000001, 687.3494947881699, 780.7400144577026, 873.1597636723518, 969.7354094360351, 1052.5546237213134, 1154.664, 1260.436853921318, 1366.7078116195678, 1469.4138633832933, 1579.5773099541664, 1660.9759596633912, 1756.0281213279725, 1852.5297486328125, 1948.8319999999999, 2058.5757090688708, 2158.5752209667207, 2260.723534297943, 2369.7125895023346, 2465.0196293426516, 2565.0192765857696, 2659.930506949425, 2751.998227733517, 2895.8980187490465, 2994.4777143709184, 3078.3074737763404, 3142.4494459408756, 3241.821657125282, 3349.950192226887]
shares:[0, 9.4787, 18.9216, 28.4818, 37.8015, 47.1736, 56.4759, 66.0913, 75.8, 85.6039, 95.4464, 105.4664, 115.4664, 125.4166, 135.3176, 145.199, 155.0125, 164.943, 174.9032, 184.8832, 194.8832, 204.8334, 214.7836, 224.724, 234.625, 244.5456, 254.4662, 264.4066, 274.3767, 284.1902, 294.0086, 303.8803, 313.8683, 323.8583, 333.8233]
growth_rate:-1.47
