ticker:BLU
price:[2.4200000762939453, 2.319999933242798, 2.430000066757202, 2.1700000762939453, 2.2799999713897705, 2.4100000858306885, 2.390000104904175, 2.450000047683716, 2.309999942779541, 2.369999885559082, 2.4200000762939453, 3.2100000381469727, 3.049999952316284, 3.1500000953674316, 3.140000104904175, 2.9200000762939453, 3.0799999237060547, 3.059999942779541, 3.119999885559082, 3.7100000381469727, 3.8399999141693115, 3.2300000190734863, 3.690000057220459, 3.759999990463257, 4.559999942779541, 3.819999933242798, 3.8399999141693115, 4.269999980926514, 4.170000076293945, 3.759999990463257, 3.930000066757202, 4.380000114440918, 4.579999923706055, 4.269999980926514, 4.099999904632568, 3.8499999046325684, 3.640000104904175, 3.880000114440918, 4.0, 3.5, 3.450000047683716, 3.369999885559082, 3.309999942779541, 3.1600000858306885, 3.0199999809265137, 2.740000009536743, 2.799999952316284, 2.9000000953674316, 3.1700000762939453, 3.3499999046325684, 3.049999952316284, 3.640000104904175]
assets:[0, 99.99988512253762, 204.7413566246748, 282.83477194404605, 397.1718910161496, 519.8177385129928, 615.5038970162869, 730.9557992264033, 789.1867634512424, 909.6851140737533, 1028.8768264368057, 1464.74966040678, 1491.7403366781234, 1640.6498296712873, 1735.44131997931, 1713.849952779579, 1907.759344743347, 1995.3711886875628, 2134.496129707146, 2638.135023125839, 2830.5764487316846, 2480.927807650137, 2934.2489315011026, 3089.9119681628467, 3847.3398957222457, 3322.990819928384, 3440.3887871013167, 3925.6407084647176, 3933.7053539707185, 3646.937918750024, 3911.82617444849, 4459.745024524498, 4763.386326651192, 4540.973752716112, 4460.185306254531, 4288.222678777456, 4154.319743726777, 4528.2309575605395, 4768.2792, 4272.2442, 4311.212174586844, 4311.2418645957, 4334.4839830691335, 4238.057499112463, 4150.29537378788, 3865.4999494541166, 4050.1458910264255, 4294.794291235686, 4794.654279395294, 5166.905517909097, 4804.197664891148, 5833.534420121456]
shares:[0, 43.1034, 84.2557, 130.3386, 174.1982, 215.692, 257.533, 298.3493, 341.6393, 383.8334, 425.1557, 456.3083, 489.0952, 520.8412, 552.6883, 586.9349, 619.4024, 652.0821, 684.1334, 711.0876, 737.1293, 768.0891, 795.1894, 821.7851, 843.7149, 869.8929, 895.9346, 919.3538, 943.3346, 969.9303, 995.3756, 1018.2066, 1040.0407, 1063.4599, 1087.8501, 1113.8241, 1141.2966, 1167.0698, 1192.0698, 1220.6412, 1249.6267, 1279.3003, 1309.5118, 1341.1574, 1374.27, 1410.7664, 1446.4807, 1480.9635, 1512.5092, 1542.3599, 1575.1468, 1602.6193]
growth_rate:14.38
