ticker:BLUE
price:[56.29999923706055, 53.18000030517578, 56.65999984741211, 57.040000915527344, 51.650001525878906, 57.599998474121094, 56.099998474121094, 55.529998779296875, 51.709999084472656, 45.88999938964844, 46.0099983215332, 43.06999969482422, 44.060001373291016, 46.91999816894531, 42.459999084472656, 44.720001220703125, 45.540000915527344, 43.27000045776367, 48.540000915527344, 50.529998779296875, 46.63999938964844, 44.54999923706055, 47.70000076293945, 45.7599983215332, 26.68000030517578, 31.100000381469727, 28.68000030517578, 32.43000030517578, 31.579999923706055, 29.979999542236328, 30.040000915527344, 28.15999984741211, 28.280000686645508, 28.649999618530273, 30.0, 30.479999542236328, 30.31999969482422, 31.549999237060547, 31.1200008392334, 30.920000076293945, 34.099998474121094, 33.150001525878906, 30.90999984741211, 31.3700008392334, 30.56999969482422, 26.780000686645508, 25.979999542236328, 25.40999984741211, 25.030000686645508, 18.469999313354492, 17.59000015258789, 18.1299991607666]
assets:[0, 99.99967257385255, 206.54269744377137, 307.93044494247437, 378.83210119171144, 522.4723061592102, 608.864503439331, 702.6766045532227, 754.3402956443787, 769.4376197662353, 871.4477722091675, 915.7629475112915, 1036.8111403160096, 1204.1126050094604, 1189.6569923484801, 1352.9768049316406, 1477.786691709137, 1504.1257939125062, 1787.3204977111814, 1960.5942706359865, 1909.6607830093383, 1924.0877370491028, 2160.132694550324, 2172.2774563213347, 1366.5282716308593, 1692.9160807651522, 1661.1857696762083, 1978.3921686172487, 2026.5391231040953, 2023.8658250976562, 2127.9165088523864, 2094.743540649414, 2203.670977505684, 2332.5024739431383, 2542.41, 2683.087303704071, 2769.004292129516, 2981.3361079055785, 3040.704162000656, 3121.163751701355, 3542.164621498108, 3543.483223104858, 3404.0440991958617, 3554.704193098068, 3564.0523264205935, 3222.1884286176683, 3225.9313471595765, 3255.1556534526826, 3306.475605706215, 2539.8964145761493, 2518.8827448505403, 2696.210077193069]
shares:[0, 1.8804, 3.6453, 5.3985, 7.3346, 9.0707, 10.8532, 12.654, 14.5879, 16.767, 18.9404, 21.2622, 23.5318, 25.6631, 28.0183, 30.2544, 32.4503, 34.7614, 36.8216, 38.8006, 40.9447, 43.1894, 45.2858, 47.4711, 51.2192, 54.4346, 57.9214, 61.005, 64.1716, 67.5072, 70.8361, 74.3872, 77.9233, 81.4137, 84.747, 88.0278, 91.326, 94.4956, 97.709, 100.9432, 103.8758, 106.8924, 110.1276, 113.3154, 116.5866, 120.3207, 124.1698, 128.1053, 132.1005, 137.5147, 143.1997, 148.7154]
growth_rate:-47.13
