ticker:BLUWU
price:[10.25, 10.279999732971191, 10.350000381469727, 10.394000053405762, 10.630000114440918, 10.699999809265137, 10.460000038146973, 10.649999618530273, 11.100000381469727, 11.029999732971191, 11.079999923706055, 10.699999809265137, 10.770000457763672, 10.699999809265137, 10.720000267028809, 10.5, 10.670000076293945, 10.59000015258789, 10.6899995803833, 10.609999656677246, 10.59000015258789, 10.59000015258789, 10.5600004196167, 10.59000015258789, 10.609999656677246, 10.739999771118164, 10.760000228881836, 10.779999732971191, 10.770000457763672, 11.008000373840332, 10.739999771118164, 10.75, 10.680000305175781, 10.899999618530273, 10.890000343322754, 10.510000228881836, 9.050000190734863, 7.900000095367432]
assets:[0, 99.99972540245057, 200.6802973964691, 301.5330597493172, 408.3790923965454, 511.0683708898544, 599.6048581867218, 710.4966195508957, 840.5175588857651, 935.2171323590278, 1039.4568968425751, 1103.8077003238677, 1211.0294704730986, 1303.1583267703056, 1405.5946430125236, 1476.7483499999998, 1600.657927445221, 1688.657067331314, 1804.6023471635817, 1891.0976918070794, 1987.533346637726, 2087.533659078598, 2181.620054689789, 2287.8180959644314, 2392.1390105941773, 2521.4490782649996, 2626.1448358621597, 2731.0256143504143, 2828.4929102211, 2990.9980919766426, 3018.1794376791, 3120.9894499999996, 3200.666863457489, 3366.5978621784207, 3463.509070192051, 3442.6514709724424, 3064.4142295845986, 2775.0132834994793]
shares:[0, 9.7276, 19.3894, 29.0103, 38.4176, 47.7634, 57.3236, 66.7133, 75.7223, 84.7885, 93.8138, 103.1596, 112.4447, 121.7905, 131.1189, 140.6427, 150.0148, 159.4577, 168.8122, 178.2373, 187.6802, 197.1231, 206.5928, 216.0357, 225.4608, 234.7718, 244.0655, 253.3419, 262.627, 271.7113, 281.0223, 290.3246, 299.6879, 308.8622, 318.0449, 327.5596, 338.6093, 351.2675]
growth_rate:-25.0
