ticker:BLUW
price:[10.199999809265137, 10.170000076293945, 10.109999656677246, 10.0, 10.039999961853027, 10.00100040435791, 9.949999809265137, 10.010000228881836, 10.09000015258789, 10.0600004196167, 10.039999961853027, 10.050000190734863, 10.050000190734863, 10.0600004196167, 10.050000190734863, 10.050000190734863, 10.0600004196167, 10.119999885559082, 10.079999923706055, 10.09000015258789, 10.079999923706055, 10.079999923706055, 10.100000381469727, 10.149999618530273, 10.149999618530273, 10.199999809265137, 10.15999984741211, 10.125, 8.380000114440918, 7.150000095367432, 7.150000095367432]
assets:[0, 99.99957675018311, 199.409633228302, 297.24, 398.42936648616785, 496.8817032897949, 594.348313606739, 697.9322509584428, 803.5100991512298, 901.12151958704, 999.3303922030449, 1100.3252758826256, 1200.3247877804756, 1301.5195962882042, 1400.2253215743065, 1500.2248334721567, 1601.7180568099022, 1711.2707286482812, 1804.5064663419723, 1906.2966658283235, 2004.4069768289564, 2104.406624072075, 2208.5822334165573, 2319.5154678251265, 2419.515294066811, 2531.43391266346, 2621.5065286289214, 2712.47535, 2344.992192024231, 2100.798728020668, 2200.798629354477]
shares:[0, 9.8328, 19.724, 29.724, 39.6842, 49.6832, 59.7335, 69.7235, 79.6343, 89.5747, 99.5349, 109.4851, 119.4353, 129.3757, 139.3259, 149.2761, 159.2165, 169.0979, 179.0185, 188.9293, 198.8499, 208.7705, 218.6715, 228.5237, 238.3759, 248.1798, 258.0223, 267.8988, 279.832, 293.818, 307.804]
growth_rate:-26.64
