ticker:BMBL
price:[75.45999908447266, 71.75, 67.30999755859375, 61.650001525878906, 69.26000213623047, 68.16000366210938, 62.599998474121094, 61.47999954223633, 60.209999084472656, 59.810001373291016, 58.959999084472656, 60.2400016784668, 57.9900016784668, 42.81999969482422, 40.45000076293945, 47.720001220703125, 46.720001220703125, 47.619998931884766, 50.2400016784668, 58.70000076293945, 55.400001525878906, 53.29999923706055, 48.7599983215332, 51.7599983215332, 50.880001068115234, 48.779998779296875, 49.56999969482422, 48.290000915527344, 55.189998626708984, 55.5, 55.5]
assets:[0, 99.997975, 193.81240697021485, 277.5174818687439, 411.771490700531, 505.2292111450195, 564.0134662521363, 653.9197191310883, 740.4144007415772, 835.4978711837769, 923.6260736579895, 1043.6761010799407, 1104.692134974289, 915.7099754737854, 965.0278032016754, 1238.472419680786, 1312.519010293579, 1437.8049137500764, 1616.909142019272, 1989.1845358539583, 1977.3590144622801, 2002.406351337433, 1931.8467534999847, 2150.7055702571865, 2214.139918481064, 2222.7533263763426, 2358.7487794784547, 2397.83999546051, 2840.4581403209686, 2956.41285, 3056.41275]
shares:[0, 1.3937, 2.8794, 4.5015, 5.9453, 7.4124, 9.0098, 10.6363, 12.2972, 13.9692, 15.6653, 17.3253, 19.0497, 21.3851, 23.8573, 25.9529, 28.0933, 30.1933, 32.1837, 33.8873, 35.6924, 37.5686, 39.6195, 41.5515, 43.5169, 45.5669, 47.5842, 49.655, 51.4669, 53.2687, 55.0705]
growth_rate:1.88
