ticker:BMEA
price:[18.600000381469727, 16.799999237060547, 16.950000762939453, 16.940000534057617, 15.869999885559082, 17.5, 17.309999465942383, 18.860000610351562, 20.610000610351562, 20.0, 13.649999618530273, 15.199999809265137, 15.6899995803833, 13.65999984741211, 13.239999771118164, 13.1899995803833, 12.739999771118164, 10.609999656677246, 11.170000076293945, 13.59000015258789, 13.760000228881836]
assets:[0, 100.0003154586792, 200.8931040424347, 300.7747914823532, 381.77665224695204, 520.989, 615.3323990154266, 770.4310249328613, 941.9182478942871, 1014.04, 792.0821778640747, 982.0248676772117, 1113.6824462154389, 1069.5916480522155, 1136.7056163496018, 1232.412886792946, 1290.367054817772, 1174.6309399908066, 1336.6290171295166, 1726.2126913818358, 1847.8056627361295]
shares:[0, 5.9524, 11.8521, 17.7553, 24.0565, 29.7708, 35.5478, 40.85, 45.702, 50.702, 58.028, 64.6069, 70.9804, 78.301, 85.8539, 93.4354, 101.2847, 110.7098, 119.6624, 127.0208, 134.2882]
growth_rate:-7.61
