ticker:BMRA
price:[6.889999866485596, 6.630000114440918, 7.559999942779541, 7.099999904632568, 7.349999904632568, 7.849999904632568, 5.840000152587891, 5.610000133514404, 5.460000038146973, 6.0, 6.71999979019165, 6.800000190734863, 6.739999771118164, 6.789999961853027, 6.150000095367432, 5.380000114440918, 4.96999979019165, 4.980000019073486, 5.329999923706055, 5.699999809265137, 6.980000019073486, 6.800000190734863, 7.630000114440918, 7.860000133514404, 6.96999979019165, 6.130000114440918, 5.5, 6.019999980926514, 6.760000228881836, 5.559999942779541, 5.900000095367432, 5.369999885559082, 4.739999771118164, 4.400000095367432, 4.659999847412109, 4.400000095367432, 3.549999952316284, 3.759999990463257, 3.6500000953674316, 3.690000057220459, 4.070000171661377, 3.9700000286102295, 3.930000066757202, 3.9000000953674316, 3.75, 3.7799999713897705, 3.6700000762939453, 3.75, 3.940000057220459, 4.059999942779541, 3.9200000762939453, 4.260000228881836]
assets:[0, 100.00029172611237, 214.0273783800602, 301.00449595689776, 411.60293465938565, 539.6034984445095, 501.43759710159304, 581.6891328438282, 666.1358386540413, 832.0176, 1031.859999783802, 1144.1442320923804, 1234.0488000932694, 1343.2032244537354, 1316.598170416355, 1251.7560186267851, 1256.3617739627362, 1358.8896172045706, 1554.3937407503129, 1762.2974410295487, 2258.0411741703033, 2299.811064507961, 2680.5235712046624, 2861.3253666040896, 2637.3329156119826, 2419.490816169453, 2270.83175, 2585.528587808132, 3003.3511536882397, 2570.2117215487956, 2827.383295701742, 2673.3980580267907, 2459.758891224861, 2383.3207716570855, 2624.1530940742496, 2577.741375871038, 2179.7684857212785, 2408.7123938906193, 2438.244958706617, 2564.965533774662, 2929.108305541706, 2957.1398763109446, 3027.345075424194, 3104.235495908451, 3084.841875, 3209.520485707641, 3216.1219918584825, 3386.22825, 3657.797159122038, 3869.2018694685935, 3835.7812266548153, 4268.476777337265]
shares:[0, 15.083, 28.3105, 42.395, 56.0004, 68.7393, 85.8626, 103.6879, 122.0029, 138.6696, 153.5506, 168.2565, 183.0933, 197.8208, 214.081, 232.6684, 252.7891, 272.8694, 291.6311, 309.175, 323.5016, 338.2075, 351.3137, 364.0363, 378.3835, 394.6967, 412.8785, 429.4898, 444.2827, 462.2683, 479.2175, 497.8395, 518.9365, 541.6638, 563.123, 585.8503, 614.0193, 640.615, 668.0123, 695.1126, 719.6826, 744.8715, 770.3168, 795.9578, 822.6245, 849.0795, 876.3275, 902.9942, 928.3749, 953.0054, 978.5156, 1001.9898]
growth_rate:-16.3
