ticker:BMRC
price:[31.780000686645508, 30.059999465942383, 30.729999542236328, 27.84000015258789, 29.6200008392334, 31.93000030517578, 31.809999465942383, 32.77000045776367, 30.139999389648438, 29.899999618530273, 33.84000015258789, 35.619998931884766, 36.97999954223633, 36.970001220703125, 38.400001525878906, 37.790000915527344, 36.459999084472656, 34.34000015258789, 37.11000061035156, 39.689998626708984, 39.83000183105469, 37.13999938964844, 37.060001373291016, 36.66999816894531, 36.95000076293945, 37.0, 39.599998474121094, 41.5, 40.33000183105469, 40.79999923706055, 39.790000915527344, 39.5099983215332, 39.060001373291016, 35.93000030517578, 35.41999816894531, 35.869998931884766, 35.709999084472656, 34.91999816894531, 33.709999084472656, 33.9900016784668, 32.65999984741211, 30.84000015258789, 31.34000015258789, 32.15999984741211, 31.760000228881836, 31.90999984741211, 32.70000076293945, 34.70000076293945, 36.150001525878906, 36.11000061035156, 36.439998626708984, 36.47999954223633]
assets:[0, 100.00060022335053, 202.22798098754882, 283.2107535522461, 401.3184293706894, 532.6179490905762, 630.6173344125748, 749.6498074718476, 789.4871440124512, 883.2011387319565, 1099.5834289581298, 1257.421582294464, 1405.4322786026003, 1505.0524466949462, 1663.269186092377, 1736.8473370780946, 1775.7186274108888, 1772.4694098758696, 2015.4441331481935, 2255.5627769565585, 2363.5202746551513, 2303.8944401382446, 2398.9309488945005, 2473.6847364807127, 2592.574633531189, 2696.0827, 2985.5389249603268, 3228.7830000000004, 3237.7530419998166, 3375.4859368801117, 3391.9264810447694, 3468.0572696697236, 3528.559438058853, 3345.805221417999, 3398.3150523223876, 3541.4880385437014, 3625.689772045135, 3645.48019284668, 3619.1628087074278, 3749.222948141098, 3702.5172127017972, 3596.190737792969, 3754.4944102798463, 3952.7309092456817, 4003.5671728521347, 4122.475217287063, 4324.535860897827, 4689.031923096466, 4984.97314541397, 5079.456567855835, 5225.874779055786, 5331.610301097107]
shares:[0, 3.3267, 6.5808, 10.1728, 13.5489, 16.6808, 19.8245, 22.8761, 26.194, 29.5385, 32.4936, 35.301, 38.0052, 40.7101, 43.3143, 45.9605, 48.7032, 51.6153, 54.31, 56.8295, 59.3402, 62.0327, 64.731, 67.458, 70.1644, 72.8671, 75.3924, 77.802, 80.2815, 82.7325, 85.2457, 87.7767, 90.3369, 93.1201, 95.9434, 98.7312, 101.5315, 104.3952, 107.3617, 110.3037, 113.3655, 116.608, 119.7988, 122.9083, 126.0569, 129.1907, 132.2488, 135.1306, 137.8969, 140.6662, 143.4104, 146.1516]
growth_rate:4.54
