ticker:BMRN
price:[76.0, 72.05000305175781, 79.37999725341797, 77.38999938964844, 74.9800033569336, 78.8499984741211, 79.25, 77.52999877929688, 74.43000030517578, 76.73999786376953, 77.5199966430664, 75.94999694824219, 80.4000015258789, 79.61000061035156, 79.48999786376953, 88.8499984741211, 88.66000366210938, 87.69000244140625, 89.86000061035156, 82.97000122070312, 87.98999786376953, 82.77999877929688, 85.22000122070312, 87.04000091552734, 81.76000213623047, 77.43000030517578, 77.7300033569336, 76.7699966430664, 78.18000030517578, 75.4800033569336, 77.83000183105469, 77.06999969482422, 79.4000015258789, 78.7300033569336, 77.91999816894531, 77.7699966430664, 76.93000030517578, 78.0999984741211, 77.30000305175781, 77.88999938964844, 82.06999969482422, 81.9000015258789, 84.79000091552734, 85.47000122070312, 83.62000274658203, 78.83999633789062, 77.04000091552734, 76.7300033569336, 78.12999725341797, 75.02999877929688, 75.13999938964844, 83.51000213623047]
assets:[0, 99.99819923553466, 210.17441872787475, 304.9088585952759, 395.414545703125, 515.8209200180054, 618.4353, 705.0112908996583, 776.818470185089, 900.9275749206544, 1010.0855562591552, 1089.6318212173462, 1253.476223789215, 1341.1578362823486, 1439.134615324402, 1708.594355657196, 1804.9403545532227, 1885.194748486328, 2031.8424458007812, 1976.0550340728762, 2195.614416694641, 2165.6075480651857, 2329.437601367187, 2479.18645807724, 2428.7953274597166, 2400.1674064598083, 2509.4665203765867, 2578.4738772506716, 2725.8317086402894, 2731.696801490784, 2916.7493656204224, 2988.2659261672975, 3178.604381085205, 3251.785328651428, 3318.3322100219725, 3411.9408467239377, 3475.089666785431, 3627.9401791191103, 3690.781405709839, 3818.9544590744017, 4123.902586665345, 4215.360318536377, 4464.108758201599, 4599.909995697021, 4600.346089102935, 4437.375165884399, 4436.063404717254, 4518.215555671692, 4700.652219753265, 4614.142343930054, 4720.903395652771, 5346.777992773437]
shares:[0, 1.3879, 2.6477, 3.9399, 5.2736, 6.5418, 7.8036, 9.0934, 10.4369, 11.74, 13.03, 14.3467, 15.5905, 16.8466, 18.1046, 19.2301, 20.358, 21.4984, 22.6112, 23.8165, 24.953, 26.161, 27.3344, 28.4833, 29.7064, 30.9979, 32.2844, 33.587, 34.8661, 36.191, 37.4759, 38.7734, 40.0328, 41.303, 42.5864, 43.8722, 45.1721, 46.4525, 47.7462, 49.0301, 50.2486, 51.4696, 52.649, 53.819, 55.0149, 56.2833, 57.5813, 58.8846, 60.1645, 61.4973, 62.8281, 64.0256]
growth_rate:4.84
