ticker:BMTC
price:[28.1299991607666, 26.6299991607666, 26.639999389648438, 24.530000686645508, 25.790000915527344, 27.530000686645508, 27.209999084472656, 28.43000030517578, 26.860000610351562, 26.399999618530273, 29.6200008392334, 30.469999313354492, 31.1200008392334, 31.670000076293945, 31.299999237060547, 30.399999618530273, 30.540000915527344, 30.600000381469727, 32.5099983215332, 33.720001220703125, 33.369998931884766, 31.079999923706055, 33.58000183105469, 35.119998931884766, 36.22999954223633, 37.83000183105469, 41.75, 47.52000045776367, 48.04999923706055, 46.04999923706055, 46.11000061035156, 46.130001068115234, 45.2599983215332, 44.18000030517578, 45.959999084472656, 47.02000045776367, 47.58000183105469, 47.619998931884766, 47.79999923706055, 48.130001068115234, 46.439998626708984, 42.2400016784668, 43.279998779296875, 41.349998474121094, 40.790000915527344, 40.16999816894531, 39.06999969482422, 39.130001068115234, 40.869998931884766, 40.84000015258789, 40.279998779296875, 41.34000015258789]
assets:[0, 100.00097284851074, 200.03975541687012, 284.19477595520016, 398.7933631568909, 525.6991281118393, 619.5880051528931, 747.367848022461, 806.0954783172607, 892.2909471067429, 1101.1235311985015, 1232.7217152204512, 1359.0197726495742, 1483.0395965726852, 1565.7136018356323, 1620.6938996629715, 1728.1578698066712, 1831.5538428327561, 2045.8769513729096, 2222.023316439819, 2298.959336414337, 2241.1943344984056, 2521.47196749115, 2737.108724755478, 2923.6160430603027, 3152.729654598999, 3579.41955, 4174.1093202095035, 4320.665541396332, 4240.827319739533, 4346.351712532043, 4448.2375819965355, 4464.346662439728, 4457.819464792633, 4737.4234216300965, 4946.6874261585235, 5105.600644482422, 5209.894555142212, 5329.589974934005, 5466.384123311615, 5374.4406690708165, 4988.379462220383, 5211.197501019287, 5078.813562583923, 5110.032628694153, 5132.359986053467, 5091.817245227814, 5199.637584932328, 5530.851128454208, 5626.792281023026, 5649.636376785278, 5898.312675770951]
shares:[0, 3.7552, 7.509, 11.5856, 15.4631, 19.0955, 22.7706, 26.288, 30.011, 33.7989, 37.175, 40.4569, 43.6703, 46.8279, 50.0228, 53.3123, 56.5867, 59.8547, 62.9307, 65.8963, 68.893, 72.1105, 75.0885, 77.9359, 80.696, 83.3394, 85.7346, 87.839, 89.9202, 92.0918, 94.2605, 96.4283, 98.6378, 100.9013, 103.0771, 105.2039, 107.3056, 109.4056, 111.4977, 113.5754, 115.7287, 118.0961, 120.4066, 122.825, 125.2766, 127.766, 130.3255, 132.8811, 135.3279, 137.7765, 140.2591, 142.6781]
growth_rate:15.65
