ticker:BNDW
price:[81.62999725341797, 81.81999969482422, 81.81999969482422, 81.83999633789062, 81.77999877929688, 81.7300033569336, 81.9800033569336, 81.66000366210938, 81.58000183105469, 81.91000366210938, 81.73999786376953, 82.12000274658203, 82.13999938964844, 81.80999755859375, 82.20999908447266, 82.02999877929688, 82.05999755859375, 82.19999694824219, 81.68000030517578, 81.69999694824219, 81.5999984741211, 81.58000183105469, 81.25, 81.08999633789062, 80.43000030517578, 80.06999969482422, 79.76000213623047, 79.58000183105469, 79.41000366210938, 79.80000305175781, 79.70999908447266, 79.80999755859375, 79.86000061035156, 80.0, 79.73999786376953, 79.76000213623047, 79.45999908447266, 79.55000305175781, 79.76000213623047, 79.80999755859375, 80.25, 80.12999725341797, 79.8499984741211, 80.23999786376953, 80.4000015258789, 80.73999786376953, 80.95999908447266, 81.12000274658203, 80.88999938964844, 80.94000244140625, 81.05999755859375, 80.91000366210938]
assets:[0, 100.00040362701415, 200.0008072540283, 300.0499785736084, 399.83059203186036, 499.58281851959225, 601.1101766143798, 698.76465133667, 798.0808419128418, 901.313107296753, 999.4431278800964, 1104.0870129272462, 1204.3530990509034, 1299.5109062194824, 1405.8649733436584, 1502.7895776367188, 1603.3374682983397, 1706.0691566604614, 1795.2773987075805, 1895.7177091888427, 1993.3982027244567, 2092.9104729751584, 2184.446875, 2280.145280026245, 2361.585668960571, 2451.014753658295, 2541.528540070343, 2635.7931146469114, 2730.1635719055175, 2843.5693687454223, 2940.358388227844, 3044.0490788818356, 3145.956948043823, 3251.4719999999998, 3340.906560497284, 3441.747780181122, 3528.8026673416134, 3632.802034364319, 3742.3951322334287, 3844.7428793884274, 3965.93895, 4060.010674836731, 4145.819905776214, 4266.071822424316, 4374.580163023376, 4493.075919121551, 4605.320491921234, 4714.418751622009, 4801.047955773926, 4904.017149920654, 5011.291169067383, 5102.014919924926]
shares:[0, 1.2222, 2.4444, 3.6663, 4.8891, 6.1126, 7.3324, 8.557, 9.7828, 11.0037, 12.2271, 13.4448, 14.6622, 15.8845, 17.1009, 18.32, 19.5386, 20.7551, 21.9794, 23.2034, 24.4289, 25.6547, 26.8855, 28.1187, 29.362, 30.6109, 31.8647, 33.1213, 34.3806, 35.6337, 36.8882, 38.1412, 39.3934, 40.6434, 41.8975, 43.1513, 44.4098, 45.6669, 46.9207, 48.1737, 49.4198, 50.6678, 51.9201, 53.1664, 54.4102, 55.6487, 56.8839, 58.1166, 59.3528, 60.5883, 61.822, 63.0579]
growth_rate:0.04
