ticker:BNDX
price:[57.900001525878906, 58.06999969482422, 58.119998931884766, 58.20000076293945, 58.209999084472656, 58.2400016784668, 58.47999954223633, 58.27000045776367, 58.34000015258789, 58.41999816894531, 58.290000915527344, 58.52000045776367, 58.54999923706055, 58.38999938964844, 58.75, 58.54999923706055, 58.459999084472656, 58.54999923706055, 58.38999938964844, 58.34000015258789, 58.220001220703125, 58.18000030517578, 58.02000045776367, 57.849998474121094, 57.380001068115234, 57.16999816894531, 57.15999984741211, 57.130001068115234, 57.08000183105469, 57.290000915527344, 57.150001525878906, 57.16999816894531, 57.150001525878906, 57.18000030517578, 56.970001220703125, 56.91999816894531, 56.709999084472656, 56.72999954223633, 56.93000030517578, 56.9900016784668, 57.290000915527344, 57.08000183105469, 56.95000076293945, 57.209999084472656, 57.31999969482422, 57.619998931884766, 57.810001373291016, 57.90999984741211, 57.86000061035156, 57.939998626708984, 58.0, 57.81999969482422]
assets:[0, 100.00234647445679, 200.08972032279968, 300.3643839374542, 400.4149417022705, 500.61940642776494, 602.6831792823791, 700.5161185031891, 801.3582420959473, 902.4546057144165, 1000.4487727134705, 1104.3953006389618, 1204.958984298706, 1301.6649003936768, 1409.688625, 1504.8872103904723, 1602.575646902466, 1705.0403827823638, 1800.379724180603, 1898.8386569664003, 1994.931629827881, 2093.5607669815063, 2187.8007712612152, 2281.3898948249816, 2362.856801984024, 2454.210832395935, 2553.7830411827085, 2652.4431155906677, 2750.120196220398, 2860.2376697082523, 2953.2491888504032, 3054.2842841766355, 3153.217044189453, 3254.8743113716123, 3342.9199136291504, 3439.9885493392944, 3527.2995620552065, 3628.541538720703, 3741.331453055573, 3845.274985250855, 3965.516470371246, 4050.9791459503176, 4141.751450485611, 4260.657471817017, 4368.850128739929, 4491.715158736038, 4606.526368429184, 4714.4936245777135, 4810.422590744019, 4917.0721894557955, 5022.162, 5106.575643047333]
shares:[0, 1.7221, 3.4427, 5.1609, 6.8788, 8.5958, 10.3058, 12.0219, 13.736, 15.4477, 17.1633, 18.8721, 20.58, 22.2926, 23.9947, 25.7026, 27.4132, 29.1211, 30.8337, 32.5478, 34.2654, 35.9842, 37.7077, 39.4363, 41.1791, 42.9283, 44.6778, 46.4282, 48.1801, 49.9256, 51.6754, 53.4246, 55.1744, 56.9233, 58.6786, 60.4355, 62.1989, 63.9616, 65.7181, 67.4728, 69.2183, 70.9702, 72.7261, 74.474, 76.2186, 77.9541, 79.6839, 81.4107, 83.139, 84.8649, 86.589, 88.3185]
growth_rate:0.13
