ticker:BNFT
price:[10.100000381469727, 10.170000076293945, 11.34000015258789, 11.460000038146973, 11.460000038146973, 10.84000015258789, 10.5, 11.15999984741211, 10.270000457763672, 10.079999923706055, 11.479999542236328, 12.050000190734863, 14.40999984741211, 14.710000038146973, 13.520000457763672, 14.079999923706055, 13.989999771118164, 14.479999542236328, 14.420000076293945, 13.989999771118164, 13.989999771118164, 12.300000190734863, 14.430000305175781, 16.6299991607666, 15.979999542236328, 15.199999809265137, 14.0, 14.8100004196167, 14.15999984741211, 13.869999885559082, 13.90999984741211, 14.479999542236328, 14.069999694824219, 14.210000038146973, 13.520000457763672, 13.710000038146973, 14.220000267028809, 14.300000190734863, 14.789999961853027, 13.699999809265137, 14.069999694824219, 13.920000076293945, 14.4399995803833, 13.819999694824219, 13.319999694824219, 12.789999961853027, 13.069999694824219, 13.15999984741211, 11.5600004196167, 11.489999771118164, 11.59000015258789, 11.84000015258789]
assets:[0, 99.99957675018311, 211.503476845932, 313.7415670443535, 413.7415273772239, 491.35769491653446, 575.9459999999999, 712.14860626297, 755.3554526683807, 841.3806176317214, 1058.2389858028412, 1210.78281416502, 1547.914978609085, 1680.1409003570557, 1644.2213356704713, 1812.3254941797254, 1900.7415259031293, 2067.3153266448976, 2158.7489954216003, 2194.3762320991514, 2294.3767504631046, 2117.21502283144, 2583.854613645172, 3077.7887796792984, 3057.4900664150236, 3008.2502022514345, 2870.7574, 3136.85139187746, 3099.1765106033326, 3135.7046081274034, 3244.748107406235, 3477.7107220573425, 3479.239373535919, 3613.858789701462, 3538.378807803345, 3688.1038032618526, 3925.297405710792, 4047.380533984375, 4286.066559945201, 4070.1904833337785, 4280.11501216507, 4334.48479175682, 4596.404930431557, 4499.052530651093, 4436.279178359985, 4359.760540996742, 4555.204652639008, 4686.572045660019, 4216.7760330648425, 4291.241452518082, 4428.58889530449, 4624.114427593231]
shares:[0, 9.8328, 18.6511, 27.3771, 36.1031, 45.3282, 54.852, 63.8126, 73.5497, 83.4703, 92.1811, 100.4799, 107.4195, 114.2176, 121.614, 128.7163, 135.8643, 142.7704, 149.7052, 156.8532, 164.0012, 172.1313, 179.0613, 185.0745, 191.3323, 197.9112, 205.0541, 211.8063, 218.8684, 226.0782, 233.2673, 240.1734, 247.2807, 254.318, 261.7144, 269.0083, 276.0406, 283.0336, 289.7949, 297.0942, 304.2015, 311.3854, 318.3106, 325.5465, 333.054, 340.8726, 348.5237, 356.1225, 364.773, 373.4762, 382.1043, 390.5502]
growth_rate:-9.33
