ticker:BNGO
price:[0.5299999713897705, 0.5199999809265137, 0.6200000047683716, 0.5899999737739563, 0.6200000047683716, 0.6100000143051147, 0.5699999928474426, 0.5400000214576721, 0.49000000953674316, 0.47999998927116394, 0.5199999809265137, 0.5199999809265137, 0.49000000953674316, 0.5, 0.5, 0.5400000214576721, 0.7099999785423279, 3.0799999237060547, 4.699999809265137, 8.430000305175781, 9.800000190734863, 11.050000190734863, 11.050000190734863, 13.699999809265137, 13.569999694824219, 9.729999542236328, 7.150000095367432, 9.380000114440918, 9.029999732971191, 7.75, 7.829999923706055, 7.289999961853027, 5.659999847412109, 6.159999847412109, 6.369999885559082, 5.409999847412109, 5.400000095367432, 5.519999980926514, 6.170000076293945, 6.869999885559082, 7.579999923706055, 7.619999885559082, 7.519999980926514, 6.71999979019165, 6.75, 5.769999980926514, 5.96999979019165, 5.929999828338623, 6.320000171661377, 5.690000057220459, 5.389999866485596, 5.880000114440918]
assets:[0, 100.00000033202171, 219.23076168608665, 308.62279128143194, 424.3154792633772, 517.471674135232, 583.5390886775493, 652.8265459409953, 692.3796174756051, 778.2493746047705, 943.1034774071693, 1043.103477739191, 1082.9244720766783, 1205.02495, 1305.02495, 1509.4270139792382, 2084.6168789985536, 9143.126689517785, 14052.173639736271, 25304.219797042086, 29516.53041447258, 33381.39420619869, 33481.394497924804, 41610.86831068296, 41316.02034384384, 29724.5297735611, 21942.795452675247, 28886.492644430353, 27908.637302705385, 24052.5962, 24400.880888242722, 22818.061464598082, 17816.080003696443, 19489.93890921936, 20254.368862117957, 17301.904993003463, 17369.924346763895, 17855.922058301687, 20058.522168029787, 22434.20446628952, 24852.732217853165, 25083.881383277894, 24854.697104959345, 22310.580071430635, 22510.181475, 19342.03641506238, 20112.470200171803, 20077.713363791227, 21498.171359924938, 19455.157155647277, 18529.401432012604, 20313.89335136404]
shares:[0, 192.3077, 353.598, 523.0895, 684.3798, 848.3142, 1023.7528, 1208.938, 1413.0196, 1621.3529, 1813.6606, 2005.9683, 2210.0499, 2410.0499, 2610.0499, 2795.2351, 2936.0802, 2968.5477, 2989.8243, 3001.6867, 3011.8908, 3020.9406, 3029.9904, 3037.2897, 3044.6589, 3054.9364, 3068.9224, 3079.5834, 3090.6576, 3103.5608, 3116.3322, 3130.0496, 3147.7174, 3163.9512, 3179.6498, 3198.1341, 3216.6526, 3234.7685, 3250.976, 3265.532, 3278.7246, 3291.848, 3305.1459, 3320.0269, 3334.8417, 3352.1727, 3368.9231, 3385.7865, 3401.6093, 3419.184, 3437.7369, 3454.7437]
growth_rate:298.31
