ticker:BNR
price:[19.549999237060547, 20.079999923706055, 22.709999084472656, 21.549999237060547, 24.299999237060547, 26.5, 27.90999984741211, 29.700000762939453, 30.8700008392334, 29.040000915527344, 28.5, 24.010000228881836, 29.1299991607666, 25.5, 26.190000534057617, 24.229999542236328, 25.75, 23.100000381469727, 24.8700008392334, 34.29999923706055, 36.63999938964844, 30.170000076293945, 30.950000762939453, 34.2599983215332, 31.579999923706055, 35.9900016784668, 34.15999984741211, 27.09000015258789, 24.459999084472656, 25.469999313354492, 29.280000686645508, 28.969999313354492, 29.559999465942383, 29.350000381469727, 30.5, 27.15999984741211, 32.7599983215332, 36.810001373291016, 27.06999969482422, 26.889999389648438, 29.670000076293945, 27.219999313354492, 30.06999969482422, 27.829999923706055, 27.40999984741211, 27.75, 26.600000381469727, 22.780000686645508, 22.8799991607666, 21.389999389648438, 19.719999313354492, 19.299999237060547]
assets:[0, 100.00040762004852, 213.09700540924072, 302.2128793006897, 440.77768616104123, 580.6839, 711.5794011096955, 857.2162720203399, 990.9856799409866, 1032.2384485427856, 1113.0447000000001, 1037.6906008920669, 1358.9727208480836, 1289.6268, 1424.5238900484085, 1417.9153432121277, 1606.864375, 1541.497675456047, 1759.612247377777, 2526.8089137958527, 2799.1933613708497, 2404.9050120815277, 2567.0797232803347, 2941.6216978839875, 2811.51370720768, 3304.126886094665, 3236.1202575447082, 2666.349519018555, 2507.4899001457215, 2711.0292739133833, 3216.566187431717, 3282.50950619812, 3449.359293680763, 3524.855800813484, 3762.9680000000003, 3450.892544612503, 4262.416485614013, 4889.365733410263, 3695.628842337036, 3771.0562034042364, 4260.923545956612, 4009.078544867897, 4528.839647037506, 4291.472261235237, 4326.706849913789, 4480.37625, 4394.703103024292, 3863.583792457962, 3980.543277994537, 3821.3212519607546, 3622.9760218488696, 3645.8123158790586]
shares:[0, 4.9801, 9.3834, 14.0238, 18.139, 21.9126, 25.4955, 28.8625, 32.1019, 35.5454, 39.0542, 43.2191, 46.652, 50.5736, 54.3919, 58.519, 62.4025, 66.7315, 70.7524, 73.6679, 76.3972, 79.7118, 82.9428, 85.8617, 89.0283, 91.8068, 94.7342, 98.4256, 102.5139, 106.4401, 109.8554, 113.3072, 116.6901, 120.0973, 123.376, 127.0579, 130.1104, 132.8271, 136.5212, 140.2401, 143.6105, 147.2843, 150.6099, 154.2031, 157.8514, 161.455, 165.2144, 169.6042, 173.9748, 178.6499, 183.7209, 188.9022]
growth_rate:-28.51
