ticker:BNSO
price:[4.309999942779541, 3.809999942779541, 3.640000104904175, 4.630000114440918, 4.360000133514404, 4.5, 4.929999828338623, 5.239999771118164, 4.309999942779541, 4.25, 4.239999771118164, 4.400000095367432, 4.210000038146973, 4.409999847412109, 4.400000095367432, 4.630000114440918, 4.199999809265137, 7.690000057220459, 5.510000228881836, 6.21999979019165, 5.619999885559082, 6.070000171661377, 6.550000190734863, 6.460000038146973, 6.519999980926514, 5.340000152587891, 5.119999885559082, 5.889999866485596, 6.119999885559082, 5.650000095367432, 7.349999904632568, 8.270000457763672, 6.110000133514404, 6.599999904632568, 6.039999961853027, 6.099999904632568, 6.03000020980835, 6.360000133514404, 6.989999771118164, 6.78000020980835, 7.210000038146973, 7.0, 6.730000019073486, 7.010000228881836, 7.860000133514404, 6.989999771118164, 6.860000133514404, 6.929999828338623, 7.190000057220459, 7.190000057220459, 6.550000190734863, 6.449999809265137]
assets:[0, 99.99992549815178, 195.53789363536836, 348.7200336194038, 428.3844011182308, 542.1397499999999, 693.9443108370305, 837.5799034147262, 788.9256635260582, 877.9429, 975.8770753206253, 1112.7028241171836, 1164.6544105529786, 1319.9821913280487, 1416.989230712414, 1591.059258326626, 1543.293289914322, 2925.6966647697927, 2196.305376233101, 2579.313866996527, 2430.5055165072445, 2725.119293067169, 3040.6148885421753, 3098.8355322989464, 3227.6171065579892, 2743.4779443935395, 2730.4508829696656, 3241.0849255311487, 3467.647015156746, 3301.3408207239627, 4394.664167978525, 5044.744937238312, 3827.133003629684, 4234.055038819552, 3974.801966896248, 4114.286455677223, 4167.073251989508, 4495.122166365338, 5040.393770956421, 4988.966200384473, 5405.3752415989875, 5347.937, 5241.659168855381, 5559.73703252964, 6333.884429590941, 5732.805673283959, 5726.187543447303, 5884.617670233536, 6205.397135384655, 6305.397094180488, 5844.138110180283, 5854.914441862583]
shares:[0, 26.2467, 53.7192, 75.3175, 98.2533, 120.4755, 140.7595, 159.8435, 183.0454, 206.5748, 230.1597, 252.887, 276.64, 299.3157, 322.043, 343.6413, 367.4508, 380.4547, 398.6035, 414.6807, 432.4743, 448.9488, 464.216, 479.6959, 495.0333, 513.7599, 533.2912, 550.2691, 566.609, 584.3081, 597.9135, 610.0054, 626.372, 641.5235, 658.0798, 674.4732, 691.0569, 706.7802, 721.0864, 735.8357, 749.7053, 763.991, 778.8498, 793.1151, 805.8377, 820.1439, 834.7212, 849.1512, 863.0594, 876.9676, 892.2348, 907.7387]
growth_rate:14.8
