ticker:BNTC
price:[6.579999923706055, 5.744999885559082, 6.769999980926514, 5.889999866485596, 3.0299999713897705, 3.0999999046325684, 2.930000066757202, 2.9000000953674316, 2.690000057220459, 2.690000057220459, 2.875, 2.880000114440918, 2.940000057220459, 2.759999990463257, 2.7100000381469727, 2.8299999237060547, 3.0899999141693115, 3.0, 3.440000057220459, 3.549999952316284, 4.28000020980835, 4.010000228881836, 4.349999904632568, 4.949999809265137, 4.340000152587891, 3.1500000953674316, 2.75, 3.2899999618530273, 3.2899999618530273, 5.119999885559082, 5.809999942779541, 4.96999979019165, 4.639999866485596, 5.75, 4.269999980926514, 4.21999979019165, 4.5, 4.650000095367432, 4.710000038146973, 4.610000133514404, 4.710000038146973, 3.940000057220459, 4.119999885559082, 4.050000190734863, 3.930000066757202, 3.7200000286102295, 3.7699999809265137, 3.5, 3.859999895095825, 3.9700000286102295, 3.9200000762939453, 4.010000228881836]
assets:[0, 99.99976600799562, 217.8409973862648, 289.5247104370594, 248.94055564942363, 354.6917590883732, 435.24096191654206, 530.7846974550247, 592.3485036001682, 692.3484487273216, 839.96345, 941.4242294088364, 1061.037200650692, 1096.0757602126837, 1176.2194195569039, 1328.3029141902923, 1550.3379319363833, 1605.1824, 1940.6092962798118, 2102.6635517569543, 2635.0424771714684, 2568.8133646221163, 2886.617741715097, 3384.7717545769688, 3067.6587998542786, 2326.5264404364584, 2131.09435, 2649.5636342787743, 2749.563512119293, 4378.9561901227, 5069.088996076488, 4436.208393725634, 4241.651237947941, 5356.356725, 4077.677046785593, 4129.928958669758, 4503.9528, 4754.084767502117, 4915.42763181076, 4911.066334233856, 5117.596847448159, 4380.962105624532, 4681.107201973247, 4701.574346420764, 4662.268333195925, 4513.139374710202, 4673.799795353937, 4439.07135, 4995.661272231674, 5238.024786748385, 5272.054750608635, 5493.097209533691]
shares:[0, 17.4064, 32.1774, 49.1553, 82.1586, 114.4167, 148.5464, 183.0292, 220.2039, 257.3786, 292.1612, 326.8834, 360.897, 397.1289, 434.0293, 469.365, 501.7275, 535.0608, 564.1306, 592.2996, 615.6641, 640.6018, 663.5903, 683.7923, 706.8338, 738.5798, 774.9434, 805.3385, 835.7336, 855.2649, 872.4766, 892.5973, 914.149, 931.5403, 954.9595, 978.6562, 1000.8784, 1022.3838, 1043.6152, 1065.3072, 1086.5386, 1111.9193, 1136.1911, 1160.8825, 1186.3278, 1213.2095, 1239.7347, 1268.3061, 1294.2128, 1319.4017, 1344.9119, 1369.8496]
growth_rate:7.71
