ticker:BNTX
price:[58.56999969482422, 65.12999725341797, 67.0, 66.69000244140625, 73.69999694824219, 89.04000091552734, 94.08999633789062, 88.69000244140625, 85.36000061035156, 92.0, 106.0, 104.06999969482422, 109.98999786376953, 120.0, 127.30000305175781, 104.23999786376953, 96.95999908447266, 81.5199966430664, 100.38999938964844, 101.58999633789062, 108.44000244140625, 116.94000244140625, 117.56999969482422, 117.55999755859375, 115.69000244140625, 109.02999877929688, 96.19999694824219, 103.27999877929688, 107.58999633789062, 95.76000213623047, 113.87000274658203, 122.13999938964844, 151.5399932861328, 173.0, 188.27999877929688, 183.7100067138672, 192.77000427246094, 195.69000244140625, 204.0, 233.2899932861328, 238.5500030517578, 212.4199981689453, 230.02000427246094, 224.0, 217.39999389648438, 231.47000122070312, 281.9599914550781, 328.3500061035156, 389.010009765625, 377.32000732421875, 348.67999267578125, 358.4800109863281]
assets:[0, 100.00059778289796, 202.86929999999998, 301.9323170532227, 433.6728920425415, 623.9389024154663, 759.3250884460449, 815.7440354553222, 885.1149183288574, 1053.9704000000002, 1314.3576, 1390.427230922699, 1569.5242725166322, 1812.36, 2022.606098487854, 1756.2146360092163, 1733.5672156311036, 1557.5129038627624, 2018.0397677307128, 2142.1571397796633, 2386.6017937316897, 2673.6694398193363, 2788.078486763001, 2887.837828027344, 2941.904210083008, 2872.547959838867, 2634.5234964248657, 2928.411413388061, 3150.622416760254, 2904.199768787384, 3553.4386927101136, 3911.509052453613, 4953.0392185592655, 5754.4471, 6362.696622747802, 6308.252581541442, 6719.364761924744, 6921.144437347411, 7315.0524000000005, 8465.347328375245, 8756.216412017822, 7897.095787927246, 8651.397390693664, 8524.969599999999, 8373.791224905395, 9015.733400546265, 11082.324680145264, 13005.681061755371, 15508.389752319337, 15142.342409930421, 14092.982811968996, 14589.096855111695]
shares:[0, 1.5354, 3.0279, 4.5274, 5.8843, 7.0074, 8.0702, 9.1977, 10.3692, 11.4562, 12.3996, 13.3605, 14.2697, 15.103, 15.8885, 16.8478, 17.8792, 19.1059, 20.102, 21.0863, 22.0085, 22.8636, 23.7142, 24.5648, 25.4292, 26.3464, 27.3859, 28.3541, 29.2836, 30.3279, 31.2061, 32.0248, 32.6847, 33.2627, 33.7938, 34.3381, 34.8569, 35.3679, 35.8581, 36.2868, 36.706, 37.1768, 37.6115, 38.0579, 38.5179, 38.9499, 39.3046, 39.6092, 39.8663, 40.1313, 40.4181, 40.6971]
growth_rate:186.06
