ticker:BOCH
price:[7.599999904632568, 7.199999809265137, 7.130000114440918, 6.769999980926514, 7.400000095367432, 7.400000095367432, 8.130000114440918, 8.380000114440918, 8.010000228881836, 7.670000076293945, 9.180000305175781, 9.130000114440918, 9.550000190734863, 9.960000038146973, 9.979999542236328, 10.279999732971191, 9.850000381469727, 9.899999618530273, 10.930000305175781, 10.300000190734863, 10.25, 10.130000114440918, 10.539999961853027, 10.609999656677246, 10.489999771118164, 10.869999885559082, 11.239999771118164, 12.90999984741211, 12.739999771118164, 12.850000381469727, 12.930000305175781, 13.100000381469727, 12.8100004196167, 13.029999732971191, 12.90999984741211, 13.239999771118164, 14.239999771118164, 14.359999656677246, 14.75, 14.850000381469727, 14.640000343322754, 13.6899995803833, 15.069999694824219, 14.5600004196167, 13.720000267028809, 13.279999732971191, 13.34000015258789, 13.470000267028809, 14.260000228881836, 14.430000305175781, 14.369999885559082, 14.350000381469727]
assets:[0, 100.00007735090256, 199.02753619451525, 288.9781261858463, 415.86964535951614, 515.869546648264, 666.7591953855515, 787.2624627511979, 852.502722359848, 916.3165011146546, 1196.712183782959, 1290.1940971720696, 1449.545823950672, 1611.7780021731376, 1715.014019335556, 1866.5673075148582, 1888.4913231372832, 1998.077323009491, 2305.957907384491, 2273.0431820920944, 2362.0089749999997, 2434.3565355014803, 2632.884612470913, 2750.370795002365, 2819.2640154863357, 3021.3914711903576, 3224.2355223443988, 3803.2807910476686, 3853.1989167749402, 3986.4684683437345, 4111.287547035217, 4265.341784206009, 4270.918189902305, 4444.267096921921, 4503.337151773452, 4718.449934431457, 5174.828732824135, 5318.436964845371, 5562.8799, 5700.594386437988, 5719.97989413929, 5448.806016986847, 6098.064827510833, 5991.693516679573, 5746.018431833267, 5661.743294155979, 5787.324282197571, 5943.722478828145, 6392.314616600608, 6568.520265915679, 6641.207533110237, 6731.964018957519]
shares:[0, 13.8889, 27.9141, 42.6851, 56.1986, 69.7121, 82.0122, 93.9454, 106.4298, 119.4676, 130.3608, 141.3137, 151.7849, 161.8251, 171.8451, 181.5727, 191.725, 201.826, 210.9751, 220.6838, 230.4399, 240.3116, 249.7993, 259.2244, 268.7573, 277.9569, 286.8537, 294.5996, 302.4489, 310.231, 317.965, 325.5986, 333.405, 341.0796, 348.8255, 356.3784, 363.4009, 370.3647, 377.1444, 383.8784, 390.709, 398.0136, 404.6493, 411.5174, 418.806, 426.3361, 433.8324, 441.2563, 448.2689, 455.1989, 462.1578, 469.1264]
growth_rate:32.0
