ticker:BOKF
price:[58.27000045776367, 53.400001525878906, 52.93000030517578, 50.04999923706055, 53.959999084472656, 57.380001068115234, 56.060001373291016, 62.59000015258789, 58.7400016784668, 60.08000183105469, 67.62000274658203, 69.0999984741211, 70.0199966430664, 70.86000061035156, 70.37000274658203, 67.91999816894531, 68.69000244140625, 68.4800033569336, 75.87000274658203, 79.25, 79.12000274658203, 73.86000061035156, 80.9000015258789, 82.62000274658203, 84.81999969482422, 86.05999755859375, 93.66999816894531, 97.79000091552734, 96.30000305175781, 92.83999633789062, 89.5999984741211, 89.58999633789062, 91.37999725341797, 89.22000122070312, 87.94000244140625, 90.97000122070312, 91.20999908447266, 91.30999755859375, 91.04000091552734, 90.75, 89.01000213623047, 83.68000030517578, 90.69000244140625, 85.94000244140625, 85.44000244140625, 81.23999786376953, 81.87000274658203, 84.01000213623047, 89.12999725341797, 87.93000030517578, 86.95999908447266, 88.73999786376953]
assets:[0, 100.00218285751343, 199.1226611480713, 288.2879956054687, 410.8082650299072, 536.8472899932862, 624.4972032981872, 797.2401269435883, 848.1997502368927, 967.5463734878539, 1188.9760322937013, 1315.0006109619142, 1432.5111033218384, 1549.6940413482666, 1638.9806969703675, 1681.9164986572266, 1800.9831740112306, 1895.4785569175722, 2200.025230643463, 2398.033675, 2494.0998465805055, 2428.2878540664674, 2759.741752052307, 2918.4194050186156, 3096.1335568603517, 3241.3981720458983, 3628.0263690795896, 3887.602370396424, 3928.3660244903563, 3887.219930667114, 3851.563454408264, 3951.1338544921878, 4130.074321863556, 4132.447406539917, 4173.157639855957, 4416.948342269898, 4528.6038175437925, 4633.5714811096195, 4719.868703464508, 4804.8313499999995, 4812.7085085044855, 4624.516640865326, 5111.923367614746, 4944.179904455566, 5015.4135833129885, 4868.867427971649, 5006.620838962555, 5237.485969180298, 5656.688753686523, 5680.533016715241, 5717.872123801422, 5934.913309129333]
shares:[0, 1.8727, 3.762, 5.76, 7.6132, 9.356, 11.1398, 12.7375, 14.4399, 16.1043, 17.5832, 19.0304, 20.4586, 21.8698, 23.2909, 24.7632, 26.219, 27.6793, 28.9973, 30.2591, 31.523, 32.8769, 34.113, 35.3234, 36.5024, 37.6644, 38.732, 39.7546, 40.793, 41.8701, 42.9862, 44.1024, 45.1967, 46.3175, 47.4546, 48.5539, 49.6503, 50.7455, 51.8439, 52.9458, 54.0693, 55.2643, 56.367, 57.5306, 58.701, 59.9319, 61.1533, 62.3436, 63.4656, 64.6029, 65.7529, 66.8798]
growth_rate:16.37
