ticker:BOLT
price:[32.150001525878906, 33.310001373291016, 33.04999923706055, 26.700000762939453, 30.030000686645508, 39.099998474121094, 37.459999084472656, 26.3799991607666, 31.459999084472656, 23.190000534057617, 22.360000610351562, 24.739999771118164, 22.360000610351562, 22.850000381469727, 18.790000915527344, 18.75, 17.510000228881836, 16.649999618530273, 16.3700008392334, 15.880000114440918, 17.139999389648438, 15.34000015258789, 14.779999732971191, 13.3100004196167, 12.350000381469727, 11.149999618530273, 12.789999961853027, 12.890000343322754, 13.739999771118164, 17.280000686645508, 16.940000534057617]
assets:[0, 99.99995512275696, 199.21878540115355, 260.94177745628355, 393.48610199718473, 612.3294361038209, 686.6455292182923, 583.5493234354019, 795.922246837616, 686.6953388143539, 762.1182608032227, 943.2372312736511, 952.498013999939, 1073.371912919426, 982.6550408790589, 1080.5625, 1109.1009244976044, 1154.6275235462188, 1235.2098723249435, 1298.236061355877, 1501.2445545410155, 1443.5875883594513, 1490.88813306427, 1442.6057264801977, 1438.556449434471, 1398.7774871442796, 1704.516899916172, 1817.8445234179496, 2037.7175360555648, 2662.718505806923, 2710.3272434469222]
shares:[0, 3.0021, 6.0278, 9.7731, 13.1031, 15.6606, 18.3301, 22.1209, 25.2995, 29.6117, 34.084, 38.126, 42.5983, 46.9747, 52.2967, 57.63, 63.341, 69.347, 75.4557, 81.7529, 87.5872, 94.1061, 100.872, 108.3851, 116.4823, 125.4509, 133.2695, 141.0275, 148.3055, 154.0925, 159.9957]
growth_rate:-9.66
