ticker:BOMN
price:[15.869999885559082, 16.270000457763672, 15.800000190734863, 15.5, 16.3799991607666, 17.530000686645508, 17.690000534057617, 17.6299991607666, 15.979999542236328, 16.860000610351562, 19.75, 21.610000610351562, 22.81999969482422, 23.5, 22.950000762939453, 25.790000915527344, 26.010000228881836, 27.649999618530273, 26.709999084472656, 25.350000381469727, 27.209999084472656, 27.299999237060547, 37.900001525878906, 40.33000183105469, 46.97999954223633, 41.97999954223633, 38.68000030517578, 45.310001373291016, 39.435001373291016, 35.41999816894531, 29.90999984741211, 26.280000686645508, 26.3799991607666, 26.559999465942383, 28.020000457763672, 27.959999084472656, 26.979999542236328, 28.190000534057617, 30.65999984741211, 30.700000762939453, 33.369998931884766, 32.099998474121094, 32.54999923706055, 30.600000381469727, 29.559999465942383, 29.93000030517578, 32.4900016784668, 32.709999084472656, 32.040000915527344, 29.760000228881836, 31.459999084472656, 36.0]
assets:[0, 100.00030381355286, 197.1113223794937, 293.3685, 410.0241389923096, 538.8108661050796, 643.7285054340363, 741.5459727005004, 772.1439898811341, 914.6651491119385, 1171.449525, 1381.7736930267333, 1559.1422491493224, 1705.6018, 1765.683553697586, 2084.1828179870604, 2201.962402376747, 2440.800951325798, 2457.822063754272, 2432.677296607208, 2711.1689357780456, 2820.1363311870573, 4015.133741651917, 4372.5666995224, 5193.559083395005, 4740.8181403045655, 4468.147311252594, 5334.0156986675265, 4742.394112649918, 4359.557130630493, 3781.3777127090457, 3422.455001422119, 3535.4791435249326, 3659.6040544141774, 3960.772768707275, 4052.290199311066, 4010.2558699588776, 4290.109326275825, 4766.008062280655, 4872.225201081848, 5395.965534284592, 5290.606188510132, 5464.773801911163, 5237.392025291061, 5159.38752678585, 5323.966412284851, 5879.341968732833, 6019.153378528596, 5995.863243328858, 5669.190763601304, 6093.0341986846925, 7072.322399999999]
shares:[0, 6.1463, 12.4754, 18.927, 25.032, 30.7365, 36.3894, 42.0616, 48.3194, 54.2506, 59.3139, 63.9414, 68.3235, 72.5788, 76.9361, 80.8136, 84.6583, 88.2749, 92.0188, 95.9636, 99.6387, 103.3017, 105.9402, 108.4197, 110.5483, 112.9304, 115.5157, 117.7227, 120.2585, 123.0818, 126.4252, 130.2304, 134.0212, 137.7863, 141.3552, 144.9317, 148.6381, 152.1855, 155.4471, 158.7044, 161.7011, 164.8164, 167.8886, 171.1566, 174.5395, 177.8806, 180.9585, 184.0157, 187.1368, 190.497, 193.6756, 196.4534]
growth_rate:38.67
