ticker:BOOM
price:[36.91999816894531, 33.279998779296875, 34.79999923706055, 30.950000762939453, 32.90999984741211, 34.04999923706055, 33.220001220703125, 37.40999984741211, 35.56999969482422, 35.36000061035156, 37.459999084472656, 41.33000183105469, 41.88999938964844, 45.61000061035156, 47.130001068115234, 45.47999954223633, 44.0099983215332, 43.25, 49.97999954223633, 49.97999954223633, 50.90999984741211, 57.16999816894531, 56.9900016784668, 56.540000915527344, 64.4000015258789, 62.9900016784668, 67.48999786376953, 67.0999984741211, 55.0, 57.0, 55.290000915527344, 51.529998779296875, 56.029998779296875, 50.0, 54.0, 55.66999816894531, 53.79999923706055, 51.93000030517578, 52.970001220703125, 59.84000015258789, 60.310001373291016, 55.029998779296875, 56.900001525878906, 59.209999084472656, 57.04999923706055, 50.790000915527344, 41.84000015258789, 43.77000045776367, 43.27000045776367, 40.459999084472656, 37.08000183105469, 41.34000015258789]
assets:[0, 99.99974033203125, 204.56831551513673, 281.9359369499207, 399.79067814636227, 513.6408334911346, 601.1192440887451, 776.9383588310242, 838.7263648040771, 933.7762881179809, 1089.2318853790284, 1301.7586686721802, 1419.3965503189086, 1645.4446260192872, 1800.2812068000794, 1837.2555415077209, 1877.8714203811644, 1945.4412249999998, 2348.1653364933013, 2448.165319577408, 2593.7219442260744, 3012.6530915100097, 3103.168280394363, 3178.667543470764, 3720.5555281539914, 3739.0990976341245, 4106.21970102768, 4182.490524888611, 3528.2720000000004, 3756.5735999999997, 3743.873947993469, 3589.2705349731445, 4002.715876794434, 3671.94, 4065.6978, 4291.433148849487, 4247.278599769211, 4199.651826679992, 4383.760222024536, 5052.315148883057, 5191.9975532245635, 4837.450563693237, 5101.836216815186, 5408.957757364654, 5311.634473966598, 4828.798389042664, 4077.889590871811, 4365.996267661285, 4416.123265719223, 4229.336302298737, 3976.0218523406984, 4532.815264730835]
shares:[0, 3.0048, 5.8784, 9.1094, 12.148, 15.0849, 18.0951, 20.7682, 23.5796, 26.4077, 29.0772, 31.4967, 33.8839, 36.0764, 38.1982, 40.397, 42.6692, 44.9813, 46.9821, 48.9829, 50.9472, 52.6964, 54.4511, 56.2198, 57.7726, 59.3602, 60.8419, 62.3322, 64.1504, 65.9048, 67.7134, 69.654, 71.4388, 73.4388, 75.2907, 77.087, 78.9457, 80.8714, 82.7593, 84.4304, 86.0885, 87.9057, 89.6632, 91.3521, 93.1049, 95.0738, 97.4639, 99.7486, 102.0597, 104.5313, 107.2282, 109.6472]
growth_rate:-11.12
