ticker:BOSC
price:[2.4700000286102295, 2.359999895095825, 2.5199999809265137, 2.549999952316284, 2.4700000286102295, 2.490000009536743, 2.549999952316284, 2.6500000953674316, 2.4800000190734863, 2.450000047683716, 2.5399999618530273, 2.5, 2.890000104904175, 2.6600000858306885, 2.6600000858306885, 2.7100000381469727, 2.5999999046325684, 2.2699999809265137, 2.309999942779541, 2.4100000858306885, 2.5, 2.4200000762939453, 3.1500000953674316, 3.259999990463257, 3.3399999141693115, 3.059999942779541, 3.200000047683716, 3.5199999809265137, 3.7899999618530273, 3.7699999809265137, 3.5899999141693115, 3.549999952316284, 3.190000057220459, 3.200000047683716, 3.1600000858306885, 3.3399999141693115, 3.130000114440918, 3.5299999713897705, 3.6500000953674316, 3.7300000190734863, 4.099999904632568, 4.130000114440918, 3.809999942779541, 3.950000047683716, 4.269999980926514, 3.75, 3.8499999046325684, 3.9100000858306885, 3.9200000762939453, 4.019999980926514, 4.110000133514404, 4.210000038146973]
assets:[0, 100.0000395549059, 206.77960643491747, 309.24129921734334, 399.53954762790204, 502.7745769256353, 614.889648501873, 739.0028765950203, 791.5951740880967, 882.0193721665144, 1014.4201047649383, 1098.445, 1369.8025387224911, 1360.787149908757, 1460.7871931354762, 1588.245657356739, 1623.7779404401779, 1517.6831702477932, 1644.426358266306, 1815.6138116619827, 1983.41675, 2019.9474436817168, 2729.2703326296805, 2924.577939444494, 3096.3465864306686, 2936.7725210838316, 3171.13476725359, 3588.2482045567035, 3963.4830411068915, 4042.5675865475177, 3949.5538425729987, 4005.5476611973527, 3699.351513356924, 3810.9482167875526, 3863.311508933759, 4183.373272496462, 4020.347113994312, 4634.129247440934, 4891.663697809697, 5098.878321073294, 5704.6648373075, 5846.406686001968, 5493.416032497167, 5795.274169959544, 6364.764615569496, 5689.664624999999, 5941.388767827273, 6133.981937650609, 6249.669841635704, 6509.09995111661, 6754.826319432259, 7019.177293601036]
shares:[0, 42.3729, 82.0554, 121.2711, 161.7569, 201.9175, 241.1332, 278.869, 319.1916, 360.0079, 399.378, 439.378, 473.9801, 511.5741, 549.1681, 586.0685, 624.53, 668.5829, 711.8729, 753.3667, 793.3667, 834.689, 866.435, 897.1098, 927.0499, 959.7296, 990.9796, 1019.3887, 1045.7739, 1072.2991, 1100.1543, 1128.3233, 1159.6713, 1190.9213, 1222.5669, 1252.507, 1284.4559, 1312.7845, 1340.1818, 1366.9915, 1391.3817, 1415.5948, 1441.8415, 1467.158, 1490.5772, 1517.2439, 1543.2179, 1568.7933, 1594.3035, 1619.1791, 1643.51, 1667.263]
growth_rate:37.63
