ticker:BOTJ
price:[9.236363410949707, 9.445454597473145, 8.890909194946289, 8.92727279663086, 9.081818580627441, 9.300000190734863, 9.272727012634277, 9.281818389892578, 8.96363639831543, 9.327272415161133, 9.818181991577148, 10.645454406738281, 11.418181419372559, 11.227272987365723, 11.145454406738281, 11.136363983154297, 11.045454978942871, 11.018181800842285, 12.054545402526855, 11.645454406738281, 12.227272987365723, 12.345454216003418, 12.890909194946289, 12.53636360168457, 13.381817817687988, 13.445454597473145, 13.363636016845703, 13.018181800842285, 13.254545211791992, 12.809090614318848, 13.236363410949707, 13.627272605895996, 13.518181800842285, 13.136363983154297, 13.627272605895996, 13.636363983154297, 13.727272987365723, 14.472726821899414, 16.690908432006836, 17.054546356201172, 17.054546356201172, 17.045454025268555, 17.5, 15.600000381469727, 15.720000267028809, 15.569999694824219, 16.600000381469727, 15.970000267028809, 15.119999885559082, 14.119999885559082, 14.390000343322754, 14.079999923706055]
assets:[0, 99.99997236890792, 194.12855681705474, 294.9222768367767, 400.027771202755, 509.63815045223237, 608.1434556693077, 708.7401604335785, 784.4445721258163, 916.2674038850784, 1064.4922006177903, 1254.1856945663453, 1445.2243422491074, 1521.0608397826193, 1609.9764926895143, 1708.663462299347, 1794.715229526043, 1890.2836770252227, 2168.08231791687, 2194.504364768982, 2404.143532958031, 2527.3799052815434, 2739.046205742073, 2763.712813263893, 3050.097662458897, 3164.6028667888645, 3245.3456430549622, 3261.4528974740983, 3420.669406442261, 3405.709192534447, 3619.312825636196, 3826.20155410223, 3895.570948639584, 3885.54204803009, 4130.7452050260545, 4233.500562208938, 4361.7243099150655, 4698.585235456467, 5518.720353048134, 5738.953765230561, 5838.953097790146, 5935.8407279434205, 6194.13025, 5621.625497466659, 5764.868365925312, 5809.859751125336, 6294.198904641343, 6155.321993920994, 5927.706747134113, 5635.66331032362, 5843.428023414994, 5817.544800477028]
shares:[0, 10.5871, 21.8345, 33.0361, 44.0471, 54.7998, 65.5841, 76.3579, 87.5141, 98.2353, 108.4205, 117.8142, 126.5722, 135.4791, 144.4514, 153.431, 162.4845, 171.5604, 179.856, 188.443, 196.6214, 204.7215, 212.4789, 220.4557, 227.9285, 235.366, 242.849, 250.5306, 258.0752, 265.8822, 273.4371, 280.7753, 288.1727, 295.7852, 303.1234, 310.4567, 317.7415, 324.651, 330.6423, 336.5058, 342.3693, 348.236, 353.9503, 360.3606, 366.7219, 373.1445, 379.1686, 385.4303, 392.0441, 399.1263, 406.0756, 413.1779]
growth_rate:14.07
