ticker:BOTZ
price:[26.920000076293945, 26.8799991607666, 27.3700008392334, 27.15999984741211, 27.979999542236328, 29.030000686645508, 28.899999618530273, 29.040000915527344, 27.709999084472656, 29.860000610351562, 30.5, 31.059999465942383, 32.0, 32.70000076293945, 32.029998779296875, 32.79999923706055, 32.959999084472656, 33.1349983215332, 34.380001068115234, 34.52000045776367, 35.41999816894531, 33.849998474121094, 35.060001373291016, 36.459999084472656, 35.79999923706055, 33.619998931884766, 32.52000045776367, 33.4900016784668, 33.400001525878906, 33.150001525878906, 34.04999923706055, 34.709999084472656, 35.41999816894531, 35.119998931884766, 34.34000015258789, 34.27000045776367, 32.849998474121094, 33.13999938964844, 34.25, 34.93000030517578, 34.91999816894531, 34.400001525878906, 35.220001220703125, 34.84000015258789, 34.779998779296875, 33.369998931884766, 33.86000061035156, 34.0099983215332, 34.36000061035156, 35.43000030517578, 34.70000076293945, 36.79999923706055]
assets:[0, 99.99897287788392, 201.82091218833924, 300.27281031303403, 409.3389993030548, 524.6998444107056, 622.3499317852021, 725.3640468681335, 792.1429728279114, 953.6059934921265, 1074.0453, 1193.7662314739227, 1329.8944, 1458.9857440402984, 1529.0929237243654, 1665.8529212516785, 1773.9796627243043, 1883.3999315956116, 2054.1672458187104, 2162.5330446769713, 2318.9154021224977, 2316.12860059433, 2498.922633882141, 2698.7071502342224, 2749.8552213974, 2682.405234779358, 2694.639757930756, 2875.016174091339, 2967.289535560608, 3045.0795801635745, 3227.752652677536, 3390.316515575409, 3559.6673119812012, 3629.5184336143493, 3648.91003821373, 3741.471850976944, 3686.4399687652585, 3818.9839356643674, 4046.8978, 4227.246101932526, 4326.036037161255, 4361.617473468018, 4565.586368240357, 4616.327892218018, 4708.377114746094, 4617.496851202011, 4785.298446258545, 4906.496620853805, 5056.99150182953, 5314.471701776123, 5304.970816638946, 5726.0210012878415]
shares:[0, 3.7202, 7.3738, 11.0557, 14.6297, 18.0744, 21.5346, 24.9781, 28.5869, 31.9359, 35.2146, 38.4342, 41.5592, 44.6173, 47.7394, 50.7882, 53.8222, 56.8402, 59.7489, 62.6458, 65.4691, 68.4233, 71.2756, 74.0183, 76.8116, 79.786, 82.861, 85.847, 88.841, 91.8576, 94.7945, 97.6755, 100.4988, 103.3462, 106.2583, 109.1763, 112.2204, 115.2379, 118.1576, 121.0205, 123.8842, 126.7912, 129.6305, 132.5008, 135.376, 138.3727, 141.326, 144.2663, 147.1767, 149.9992, 152.881, 155.5984]
growth_rate:12.27
