ticker:BOWX
price:[9.819999694824219, 9.800000190734863, 9.800000190734863, 9.8100004196167, 9.850000381469727, 10.25, 10.270000457763672, 10.0600004196167, 10.1899995803833, 10.170000076293945, 10.260000228881836, 10.470000267028809, 10.449999809265137, 11.020000457763672, 10.649999618530273, 10.710000038146973, 10.609999656677246, 11.020000457763672, 10.5, 10.020000457763672, 10.069999694824219, 10.119999885559082, 11.710000038146973, 12.930000305175781, 12.989999771118164, 12.069999694824219, 11.930000305175781, 12.199999809265137, 11.869999885559082, 12.380000114440918, 12.770000457763672, 12.279999732971191, 11.899999618530273, 12.050000190734863, 11.350000381469727, 11.34000015258789, 11.479999542236328, 11.119999885559082, 10.789999961853027, 10.229999542236328, 10.569999694824219, 9.949999809265137, 9.899999618530273, 9.920000076293945, 9.920000076293945, 9.920000076293945, 9.920000076293945]
assets:[0, 100.00018194627762, 200.00036389255524, 300.20465184106826, 401.4288855464935, 517.730575, 618.740825579071, 706.0892974519729, 815.2132134301186, 913.612803853798, 1021.6980047922134, 1142.6099751413344, 1240.427517359543, 1408.0871704910278, 1460.8103926755905, 1569.040709588623, 1654.3907214665414, 1818.3210135318757, 1832.51985, 1848.7471984600065, 1957.972474662781, 2067.6940886177063, 2492.5589911198617, 2852.2455763191224, 2965.48055274868, 2855.454142803192, 2922.3335057548525, 3088.471431714821, 3104.930830064773, 3338.335120859623, 3543.5014550231936, 3507.5326397286417, 3498.9937778352737, 3643.099452665234, 3531.4674936914444, 3628.3555208221437, 3773.1498175460815, 3754.828089357376, 3743.398424765587, 3649.116538712311, 3870.396705254364, 3743.3730082420348, 3824.561912630844, 3932.28803024292, 4032.2875830120083, 4132.287135781097, 4232.286688550186]
shares:[0, 10.2041, 20.4082, 30.6019, 40.7542, 50.5103, 60.2474, 70.1878, 80.0013, 89.8341, 99.5807, 109.1318, 118.7012, 127.7756, 137.1653, 146.5024, 155.9275, 165.0019, 174.5257, 184.5057, 194.4362, 204.3176, 212.8573, 220.5913, 228.2895, 236.5745, 244.9567, 253.1534, 261.578, 269.6555, 277.4864, 285.6297, 294.0331, 302.3319, 311.1425, 319.9608, 328.6716, 337.6644, 346.9322, 356.7074, 366.1681, 376.2184, 386.3194, 396.4, 406.4806, 416.5612, 426.6418]
growth_rate:-7.99
