ticker:BOWXW
price:[1.2999999523162842, 1.190000057220459, 1.2000000476837158, 1.100000023841858, 1.2000000476837158, 1.5, 1.4900000095367432, 1.4800000190734863, 1.409999966621399, 1.7029999494552612, 1.7100000381469727, 1.7100000381469727, 1.8700000047683716, 2.2899999618530273, 1.9600000381469727, 2.0, 1.9900000095367432, 2.1610000133514404, 1.7799999713897705, 1.2999999523162842, 1.2799999713897705, 1.190000057220459, 2.119999885559082, 2.8499999046325684, 3.0899999141693115, 2.940000057220459, 2.8399999141693115, 3.299999952316284, 3.1500000953674316, 3.2699999809265137, 3.200000047683716, 2.990000009536743, 3.049999952316284, 3.2699999809265137, 3.25, 3.3299999237060547, 3.309999942779541, 3.119999885559082, 2.880000114440918, 2.809999942779541, 2.430000066757202, 2.069999933242798, 1.9500000476837158, 1.690000057220459, 1.534999966621399, 1.5299999713897705]
assets:[0, 99.99998880844117, 200.84028798067567, 284.1036061577797, 409.9311762892008, 612.414, 708.3312535336734, 803.5774063560964, 865.5703565095544, 1145.437084803629, 1250.1452888884546, 1350.1452361192703, 1576.4745190199017, 2030.5489201749801, 1837.9371157712935, 1975.446, 2065.5688668988946, 2343.0625356762885, 2029.9635873720647, 1582.5576719521284, 1658.2106509361029, 1641.6178119362355, 3024.562496729374, 4166.039230594921, 4616.863734757733, 4492.744329441118, 4439.929769816113, 5259.073304008436, 5120.024645010662, 5415.072880414581, 5399.154000453663, 5144.834412409687, 5348.075181388163, 5833.837906971979, 5898.156875000001, 6143.342034249306, 6206.445182708263, 5950.183917748547, 5592.477822225093, 5556.549243851137, 4905.130094754219, 4278.443946020793, 4130.418536001897, 3679.696105588102, 3442.2090276491044, 3530.9966639721392]
shares:[0, 84.0336, 167.3669, 258.276, 341.6093, 408.276, 475.3901, 542.9577, 613.8797, 672.5996, 731.0791, 789.5586, 843.0345, 886.7026, 937.723, 987.723, 1037.9743, 1084.2492, 1140.429, 1217.3521, 1295.4771, 1379.5107, 1426.6805, 1461.7682, 1494.1307, 1528.1443, 1563.3556, 1593.6586, 1625.4046, 1655.9856, 1687.2356, 1720.6804, 1753.4673, 1784.0483, 1814.8175, 1844.8475, 1875.059, 1907.1103, 1941.8325, 1977.4197, 2018.572, 2066.8812, 2118.1633, 2177.3349, 2242.4815, 2307.841]
growth_rate:-21.53
