ticker:BOWXU
price:[10.199999809265137, 10.3100004196167, 10.390000343322754, 10.329999923706055, 10.239999771118164, 10.170000076293945, 10.154999732971191, 10.255000114440918, 9.979999542236328, 10.095000267028809, 10.100000381469727, 10.149999618530273, 10.239999771118164, 10.380000114440918, 10.399999618530273, 10.600000381469727, 10.75, 10.699999809265137, 10.989999771118164, 11.029999732971191, 11.739999771118164, 11.34000015258789, 11.359999656677246, 11.25, 11.680000305175781, 11.039999961853027, 10.449999809265137, 10.600000381469727, 10.5600004196167, 12.329999923706055, 13.869999885559082, 13.935999870300293, 13.130000114440918, 12.90999984741211, 13.25, 12.90999984741211, 13.5, 14.029999732971191, 13.611000061035156, 13.25, 13.571999549865723, 12.359999656677246, 12.15999984741211, 12.5600004196167, 12.020000457763672, 12.25, 11.850000381469727, 11.463000297546387, 10.569999694824219, 10.600000381469727, 10.460000038146973, 10.314000129699707]
assets:[0, 99.99978706998824, 200.77532763433456, 299.6154497871399, 397.00479112625123, 494.2904797080994, 593.5617653921128, 699.4063903050422, 780.650534193039, 889.6461265325546, 990.086877394867, 1094.988048846817, 1204.6970610729218, 1321.1674525660515, 1423.713147778511, 1551.0927558202743, 1673.04185, 1765.26028853302, 1913.1039921569823, 2020.0672410955428, 2250.098922132301, 2273.434158590698, 2377.4434481487274, 2454.4226249999997, 2648.2356691932678, 2603.1271110053062, 2564.010908201313, 2700.8154371961596, 2790.6237268894197, 3358.3701662195203, 3877.825887004185, 3996.2789612073902, 3865.150348688602, 3900.387227899933, 4103.108950000001, 4097.821146566391, 4385.09565, 4657.25139635992, 4618.164682209014, 4595.679025, 4807.362390157127, 4478.057539613342, 4505.597319462204, 4753.808182819844, 4649.425125066376, 4838.3910750000005, 4780.402728888512, 4724.282994228744, 4456.247394339753, 4568.895904424095, 4608.551542807102, 4644.226140201664]
shares:[0, 9.6993, 19.3239, 29.0044, 38.77, 48.6028, 58.4502, 68.2015, 78.2215, 88.1274, 98.0284, 107.8806, 117.6462, 127.2801, 136.8955, 146.3295, 155.6318, 164.9776, 174.0768, 183.143, 191.6609, 200.4792, 209.282, 218.1709, 226.7325, 235.7905, 245.3599, 254.7939, 264.2636, 272.3739, 279.5837, 286.7594, 294.3755, 302.1214, 309.6686, 317.4145, 324.8219, 331.9495, 339.2965, 346.8437, 354.2118, 362.3024, 370.5261, 378.4879, 386.8074, 394.9707, 403.4095, 412.1332, 421.5939, 431.0279, 440.5881, 450.2837]
growth_rate:-8.94
