ticker:BOXL
price:[1.7100000381469727, 1.4500000476837158, 1.4500000476837158, 1.659999966621399, 1.7899999618530273, 1.75, 1.6799999475479126, 1.5299999713897705, 1.3300000429153442, 1.4199999570846558, 1.6799999475479126, 1.4700000286102295, 1.4900000095367432, 1.5399999618530273, 1.7000000476837158, 1.7699999809265137, 1.649999976158142, 1.5299999713897705, 1.7599999904632568, 2.190000057220459, 2.0799999237060547, 2.049999952316284, 2.5799999237060547, 3.140000104904175, 3.390000104904175, 2.7799999713897705, 2.1600000858306885, 2.5199999809265137, 2.819999933242798, 2.9000000953674316, 2.5799999237060547, 2.4800000190734863, 1.9600000381469727, 2.059999942779541, 2.5799999237060547, 2.440000057220459, 2.2200000286102295, 2.2799999713897705, 2.5, 2.5999999046325684, 2.5199999809265137, 2.630000114440918, 2.5899999141693115, 2.299999952316284, 2.2200000286102295, 2.0199999809265137, 1.9600000381469727, 1.9199999570846558, 1.9700000286102295, 2.240000009536743, 2.0799999237060547, 2.5799999237060547]
assets:[0, 99.99997828853131, 199.99995657706262, 328.9655133852959, 454.7278313092232, 544.5663999999999, 622.78370855577, 667.1780605241061, 679.9653149405599, 825.9779070372343, 1077.2132783678055, 1042.561652291107, 1156.7461604037524, 1295.5631599079134, 1530.1671529200316, 1693.1740167543887, 1678.382615748024, 1656.3184520276784, 2005.3075571340323, 2595.240733808613, 2564.88596992054, 2627.8924788743016, 3407.2988292417526, 4246.867725883484, 4684.994043978, 3941.9712934314016, 3162.8267816794396, 3789.964303314352, 4341.150479232955, 4564.3040600986005, 4160.656484963989, 4099.390927528095, 3339.8412410024644, 3610.241157718611, 4621.564183334351, 4470.781848844338, 4167.678425710917, 4380.31816103425, 4902.9805, 5199.099429298162, 5139.127185102749, 5463.454407734871, 5480.3595283849245, 4966.728687029528, 4893.97296907103, 4553.074503008414, 4517.834779929447, 4525.6338188442, 4743.488996889496, 5493.611895388913, 5201.210785220718, 6551.501908263588]
shares:[0, 68.9655, 137.931, 198.172, 254.0379, 311.1808, 370.7046, 436.0641, 511.2521, 581.6746, 641.1984, 709.2256, 776.3397, 841.2748, 900.0983, 956.5955, 1017.2016, 1082.5611, 1139.3793, 1185.0414, 1233.1183, 1281.8988, 1320.6585, 1352.5056, 1382.0041, 1417.9753, 1464.2716, 1503.9541, 1539.4151, 1573.8979, 1612.6576, 1652.9802, 1704.0006, 1752.5443, 1791.304, 1832.2876, 1877.3326, 1921.1922, 1961.1922, 1999.6537, 2039.3362, 2077.359, 2115.969, 2159.4473, 2204.4923, 2253.9973, 2305.0177, 2357.101, 2407.8624, 2452.5053, 2500.5822, 2539.3419]
growth_rate:28.46
