ticker:BPMC
price:[73.04000091552734, 66.44999694824219, 79.44999694824219, 88.0, 92.08000183105469, 99.91000366210938, 102.33000183105469, 104.66999816894531, 102.27999877929688, 98.56999969482422, 100.72000122070312, 97.6500015258789, 107.26000213623047, 103.45999908447266, 114.69999694824219, 123.63999938964844, 123.0, 112.1500015258789, 108.27999877929688, 100.98999786376953, 101.36000061035156, 96.75, 102.0, 96.97000122070312, 100.30999755859375, 98.22000122070312, 95.93000030517578, 107.36000061035156, 104.6500015258789, 96.66999816894531, 97.94999694824219, 94.16000366210938, 95.19999694824219, 97.0, 96.31999969482422, 94.93000030517578, 96.44999694824219, 96.41999816894531, 91.3499984741211, 84.72000122070312, 86.9000015258789, 82.79000091552734, 90.81999969482422, 86.02999877929688, 85.97000122070312, 82.94999694824219, 84.55000305175781, 87.87000274658203, 95.48999786376953, 94.5199966430664, 93.83000183105469, 93.7699966430664]
assets:[0, 100.00060040740966, 219.56801156616208, 343.2, 459.1108891296387, 598.1512009246826, 712.636365751648, 828.9340504989624, 910.0056051391601, 976.9962659751892, 1098.3113253112792, 1164.8375732017516, 1379.4708874740602, 1430.6034833404542, 1686.0211351409912, 1917.4338385345459, 2007.5076000000001, 1930.4267612648011, 1963.8093698608398, 1931.5952931411744, 2038.673964276123, 2045.9529, 2256.9744, 2245.6700762695314, 2423.0180840270996, 2472.531378729248, 2514.8817020004276, 2914.523408569336, 2940.9580628814697, 2816.6930706481935, 2953.985802964783, 2939.6847303314207, 3072.1515015182495, 3230.2358, 3307.5902615203854, 3359.8575008010866, 3513.654098825073, 3612.5584293960574, 3522.6021011596677, 3366.9422885131835, 3553.575692397308, 3485.5087125442506, 3923.5783808158876, 3816.6434688446047, 3913.982036575317, 3876.4856173828125, 4051.255671226502, 4310.331179729462, 4784.115735973359, 4835.520152263642, 4900.2249306259155, 4997.087514105988]
shares:[0, 1.5049, 2.7636, 3.9, 4.986, 5.9869, 6.9641, 7.9195, 8.8972, 9.9117, 10.9046, 11.9287, 12.861, 13.8276, 14.6994, 15.5082, 16.3212, 17.2129, 18.1364, 19.1266, 20.1132, 21.1468, 22.1272, 23.1584, 24.1553, 25.1734, 26.2158, 27.1472, 28.1028, 29.1372, 30.1581, 31.2201, 32.2705, 33.3014, 34.3396, 35.393, 36.4298, 37.4669, 38.5616, 39.742, 40.8927, 42.1006, 43.2017, 44.3641, 45.5273, 46.7328, 47.9155, 49.0535, 50.1007, 51.1587, 52.2245, 53.2909]
growth_rate:-2.02
