ticker:BPOPM
price:[25.459999084472656, 25.90999984741211, 25.420000076293945, 25.440000534057617, 26.389999389648438, 26.6299991607666, 26.270000457763672, 25.770000457763672, 25.6200008392334, 25.520000457763672, 25.979999542236328, 25.75, 25.950000762939453, 25.75, 25.649999618530273, 25.649999618530273, 25.420000076293945, 25.18000030517578, 25.549999237060547, 25.549999237060547, 25.479999542236328, 25.420000076293945, 25.3700008392334, 25.209999084472656, 25.299999237060547, 25.420000076293945, 25.440000534057617, 25.399999618530273, 25.459999084472656, 25.649999618530273, 26.020000457763672, 25.530000686645508, 25.530000686645508, 25.540000915527344, 25.690000534057617, 25.579999923706055, 25.450000762939453, 25.65999984741211, 25.979999542236328, 26.100000381469727, 25.940000534057617, 25.899999618530273, 25.850000381469727, 27.149999618530273, 27.3700008392334, 26.469999313354492, 26.280000686645508, 25.889999389648438, 26.469999313354492, 26.309999465942383, 26.3799991607666, 26.299999237060547]
assets:[0, 99.99964441108705, 198.10822859458924, 298.2636542613983, 409.40125553131105, 513.1254648290634, 606.188141563034, 694.650978339386, 790.6076058979035, 887.5218159198762, 1003.5190503181458, 1094.6350750000001, 1203.138050372696, 1293.8654, 1388.8397493450166, 1488.8388378578186, 1575.488390728569, 1660.6134661262513, 1785.0149266983033, 1885.0150687122346, 1979.8494724308014, 2075.1871262283325, 2171.106320819664, 2257.414242019653, 2365.47402866745, 2476.6934854333877, 2578.641702132988, 2674.5869398317336, 2780.904044000244, 2901.656206846237, 3043.5126175437927, 3086.1992390052797, 3186.20025169487, 3287.4476218444825, 3406.756108821487, 3492.1687995843886, 3574.4220671539306, 3703.9157719745635, 3850.1060321617124, 3967.889097993469, 4043.5661932497023, 4137.330689063072, 4229.344412412644, 4542.037466182327, 4678.841429465103, 4624.989159025383, 4691.792174587441, 4722.165014675904, 4927.954183166314, 4998.165849543953, 5111.465139387703, 5195.964609269715]
shares:[0, 3.8595, 7.7934, 11.7242, 15.5135, 19.2687, 23.0753, 26.9558, 30.859, 34.7775, 38.6266, 42.5101, 46.3637, 50.2472, 54.1458, 58.0444, 61.9783, 65.9497, 69.8636, 73.7775, 77.7021, 81.636, 85.5777, 89.5444, 93.497, 97.4309, 101.3617, 105.2987, 109.2264, 113.125, 116.9682, 120.8852, 124.8022, 128.7176, 132.6102, 136.5195, 140.4488, 144.3459, 148.195, 152.0264, 155.8815, 159.7425, 163.611, 167.2942, 170.9478, 174.7257, 178.5309, 182.3934, 186.1713, 189.9721, 193.7629, 197.5652]
growth_rate:1.88
