ticker:BPOPN
price:[26.0, 26.34000015258789, 26.049999237060547, 26.510000228881836, 27.0, 26.950000762939453, 27.290000915527344, 26.860000610351562, 26.0, 26.040000915527344, 26.899999618530273, 26.0, 26.1299991607666, 26.219999313354492, 26.34000015258789, 26.440000534057617, 26.3799991607666, 25.3799991607666, 25.729999542236328, 25.649999618530273, 25.700000762939453, 25.690000534057617, 25.520000457763672, 25.350000381469727, 25.399999618530273, 25.479999542236328, 25.600000381469727, 25.670000076293945, 25.729999542236328, 26.280000686645508, 26.899999618530273, 26.600000381469727, 26.079999923706055, 25.790000915527344, 25.989999771118164, 26.18000030517578, 25.889999389648438, 26.18000030517578, 26.700000762939453, 26.90999984741211, 26.5, 26.489999771118164, 26.75, 27.270000457763672, 27.639999389648438, 26.899999618530273, 26.360000610351562, 26.5, 26.649999618530273, 26.510000228881836, 26.700000762939453, 27.1200008392334]
assets:[0, 99.99981057929993, 198.89955917472838, 302.41282761096954, 408.0024, 507.2475243598938, 613.6456895866394, 703.9764419967652, 781.4377999999999, 882.6388510322571, 1011.7896856517791, 1077.9392, 1183.3283679943086, 1287.404588285637, 1393.2964520713806, 1498.5848582696915, 1595.185359251976, 1634.7155939453125, 1757.2586217365263, 1851.7940274599075, 1955.4051180488589, 2054.6451387130737, 2141.048926404953, 2226.7871285089495, 2331.1789449892044, 2438.520040190506, 2550.0032379980084, 2656.9759248968126, 2763.185818840027, 2922.251980352783, 3091.1946261636735, 3156.7204652704236, 3195.0112386533738, 3259.4847397094727, 3384.7608381919863, 3509.5049629096984, 3570.62962182312, 3710.6249612541196, 3884.3267909927367, 4014.87779223442, 4053.7076500000003, 4152.177663123894, 4292.93095, 4476.38148314209, 4637.115709602356, 4612.967954583359, 4620.365090982056, 4744.9045, 4871.761175265312, 4946.169567704201, 5081.618905204773, 5261.554074819755]
shares:[0, 3.7965, 7.6353, 11.4075, 15.1112, 18.8218, 22.4861, 26.2091, 30.0553, 33.8955, 37.613, 41.4592, 45.2862, 49.1001, 52.8966, 56.6787, 60.4695, 64.4096, 68.2961, 72.1947, 76.0858, 79.9784, 83.8969, 87.8417, 91.7787, 95.7033, 99.6095, 103.5051, 107.3916, 111.1968, 114.9143, 118.6737, 122.5081, 126.3856, 130.2332, 134.0529, 137.9154, 141.7351, 145.4804, 149.1965, 152.9701, 156.7451, 160.4834, 164.1504, 167.7683, 171.4858, 175.2794, 179.053, 182.8053, 186.5775, 190.3228, 194.0101]
growth_rate:3.17
