ticker:BPOP
price:[38.52000045776367, 36.59000015258789, 38.029998779296875, 35.33000183105469, 37.79999923706055, 40.45000076293945, 38.9900016784668, 41.27000045776367, 42.20000076293945, 44.58000183105469, 50.599998474121094, 49.0, 50.810001373291016, 52.119998931884766, 52.4900016784668, 54.97999954223633, 56.029998779296875, 56.31999969482422, 59.54999923706055, 60.29999923706055, 59.79999923706055, 56.75, 61.86000061035156, 62.29999923706055, 63.88999938964844, 66.81999969482422, 69.2300033569336, 73.36000061035156, 72.0999984741211, 71.33000183105469, 71.5199966430664, 71.52999877929688, 72.80000305175781, 72.81999969482422, 73.95999908447266, 79.11000061035156, 80.98999786376953, 81.73999786376953, 81.61000061035156, 81.68000030517578, 79.37999725341797, 72.4000015258789, 78.16999816894531, 75.51000213623047, 74.91000366210938, 71.56999969482422, 72.55999755859375, 72.76000213623047, 75.41000366210938, 76.91999816894531, 75.20999908447266, 77.31999969482422]
assets:[0, 100.00047041702271, 203.93586845397948, 289.45870500183105, 409.69529173088074, 538.4178251552582, 618.9857716464996, 755.1832303764344, 872.2022757686615, 1021.3947119522095, 1259.3226420242308, 1319.5013999999999, 1468.2413666835785, 1606.0934030857086, 1717.493850920105, 1898.965200189209, 2035.2336756591797, 2145.769460372925, 2368.833464651108, 2498.669158385849, 2577.9480671100614, 2546.4633, 2875.7600803741457, 2996.2125533077237, 3172.6815346908566, 3418.183766388702, 3641.4704845733645, 3958.703704936218, 3990.71328554306, 4048.0917319152836, 4158.873500794983, 4259.454061309814, 4435.078105917359, 4536.292752989197, 4707.309873729706, 5135.093427618408, 5357.123903697968, 5506.733742084503, 5597.972703866577, 5702.7751013069155, 5642.195258777619, 5246.067910564423, 5764.161860980224, 5668.014841352082, 5722.974459777832, 5567.802440258789, 5744.821710705566, 5860.658100068664, 6174.1110988311775, 6397.7439277038575, 6355.515678634644, 6633.816281816864]
shares:[0, 2.733, 5.3625, 8.193, 10.8385, 13.3107, 15.8755, 18.2986, 20.6683, 22.9115, 24.8878, 26.9286, 28.8967, 30.8153, 32.7204, 34.5392, 36.324, 38.0996, 39.7789, 41.4373, 43.1095, 44.8716, 46.4882, 48.0933, 49.6585, 51.1551, 52.5996, 53.9627, 55.3497, 56.7516, 58.1498, 59.5478, 60.9214, 62.2946, 63.6467, 64.9108, 66.1455, 67.3689, 68.5942, 69.8185, 71.0783, 72.4595, 73.7388, 75.0631, 76.398, 77.7952, 79.1734, 80.5478, 81.8739, 83.174, 84.5036, 85.7969]
growth_rate:30.07
