ticker:BPRN
price:[20.190000534057617, 18.969999313354492, 18.899999618530273, 18.030000686645508, 18.18000030517578, 20.299999237060547, 20.65999984741211, 20.459999084472656, 19.670000076293945, 20.15999984741211, 23.8700008392334, 22.75, 24.799999237060547, 23.989999771118164, 24.3700008392334, 23.889999389648438, 23.6299991607666, 23.40999984741211, 24.020000457763672, 24.200000762939453, 23.280000686645508, 23.31999969482422, 24.110000610351562, 25.68000030517578, 26.170000076293945, 26.270000457763672, 28.09000015258789, 29.549999237060547, 29.209999084472656, 29.059999465942383, 28.450000762939453, 27.1200008392334, 26.579999923706055, 27.020000457763672, 29.850000381469727, 30.049999237060547, 30.1299991607666, 30.399999618530273, 29.43000030517578, 29.65999984741211, 29.399999618530273, 28.290000915527344, 28.25, 28.690000534057617, 28.5, 29.200000762939453, 29.770000457763672, 29.489999771118164, 30.43000030517578, 30.65999984741211, 30.392000198364258, 30.530000686645508]
assets:[0, 100.00035138034819, 199.631245970726, 290.44167506103514, 392.857080594635, 538.6685997550965, 648.221957212448, 741.9470847999573, 813.299427154541, 933.5591929340362, 1205.3610453786848, 1248.804375, 1461.3349950439454, 1513.6058535591126, 1637.581198393631, 1705.3278814315795, 1786.7682085418703, 1870.1335888103486, 2018.8642244747161, 2133.9923672771456, 2152.864623498917, 2256.5644344696043, 2433.010080592346, 2691.443791984558, 2842.800002287674, 2953.662247468567, 3258.2939496994018, 3527.6464039211273, 3587.057991571045, 3668.638948578644, 3691.629423997879, 3619.050207992172, 3646.98862953186, 3807.361244503021, 4306.134190030479, 4434.9862324001315, 4546.7946403547285, 4687.540101179123, 4637.970867093659, 4774.21594343872, 4832.366217299271, 4749.919443717957, 4843.2026, 5018.635640420723, 5085.40035, 5310.306298748016, 5513.9667377864835, 5562.10590783062, 5839.398381562042, 5983.535052221298, 6031.231655364991, 6158.618593512535]
shares:[0, 5.2715, 10.5625, 16.1088, 21.6093, 26.5354, 31.3757, 36.2633, 41.3472, 46.3075, 50.4969, 54.8925, 58.9248, 63.0932, 67.1966, 71.3825, 75.6144, 79.8861, 84.0493, 88.1815, 92.477, 96.7652, 100.9129, 104.807, 108.6282, 112.4348, 115.9948, 119.3789, 122.8024, 126.2436, 129.7585, 133.4458, 137.208, 140.909, 144.2591, 147.5869, 150.9059, 154.1954, 157.5933, 160.9648, 164.3662, 167.901, 171.4408, 174.9263, 178.4351, 181.8598, 185.2189, 188.6099, 191.8961, 195.1577, 198.448, 201.7235]
growth_rate:20.76
