ticker:BPTH
price:[3.8499999046325684, 3.890000104904175, 4.440000057220459, 4.110000133514404, 4.139999866485596, 4.340000152587891, 4.110000133514404, 4.710000038146973, 3.2799999713897705, 3.2100000381469727, 3.3499999046325684, 3.6700000762939453, 3.5, 3.3299999237060547, 4.059999942779541, 3.700000047683716, 3.809999942779541, 3.5, 4.0, 4.050000190734863, 4.269999980926514, 4.139999866485596, 4.639999866485596, 8.930000305175781, 7.599999904632568, 6.480000019073486, 6.070000171661377, 7.480000019073486, 7.179999828338623, 6.909999847412109, 7.150000095367432, 6.840000152587891, 5.579999923706055, 6.039999961853027, 5.960000038146973, 5.510000228881836, 5.329999923706055, 5.920000076293945, 5.699999809265137, 5.769999980926514, 6.849999904632568, 6.480000019073486, 7.03000020980835, 6.53000020980835, 6.679999828338623, 6.300000190734863, 6.489999771118164, 6.400000095367432, 6.769999980926514, 6.510000228881836, 5.53000020980835, 5.78000020980835]
assets:[0, 99.99984369676113, 214.1385387597084, 298.22284268784523, 400.39967308716774, 519.7427942733765, 592.19882223773, 778.6510833064079, 642.2453143979311, 728.5387196578026, 860.312805508709, 1042.4921476718903, 1094.2022000000002, 1141.0551098571777, 1491.1961609835148, 1458.9718088024856, 1602.3465299351692, 1571.9718, 1896.5392, 2020.2462051435468, 2229.98784803896, 2262.095927047729, 2635.295812170267, 5171.808783742523, 4501.539223513127, 3938.1545635917187, 3788.981515153503, 4769.1238441609385, 4677.848868160724, 4601.941046379089, 4861.776984846878, 4750.9868139858245, 3975.8046296398165, 4403.559216188335, 4445.233844451714, 4209.603808864212, 4172.084623280525, 4733.910301008224, 4657.987974133206, 4815.191347082758, 5816.474659021568, 5602.30021649003, 6177.804603374815, 5838.415723587799, 6072.529327949285, 5827.086266417217, 6102.823258772659, 6118.192731168175, 6571.900303484631, 6419.508621700287, 5553.131094685937, 5904.17657831583]
shares:[0, 25.7069, 48.2294, 72.5603, 96.7149, 119.7564, 144.0873, 165.3187, 195.8065, 226.9591, 256.8098, 284.0578, 312.6292, 342.6592, 367.2897, 394.3167, 420.5634, 449.1348, 474.1348, 498.8262, 522.2454, 546.4, 567.9517, 579.1499, 592.3078, 607.7399, 624.2144, 637.5834, 651.511, 665.9828, 679.9688, 694.5887, 712.5098, 729.0661, 745.8446, 763.9934, 782.7551, 799.647, 817.1909, 834.5219, 849.1204, 864.5525, 878.7773, 894.0912, 909.0613, 924.9343, 940.3426, 955.9676, 970.7386, 986.0996, 1004.1828, 1021.4838]
growth_rate:15.77
