ticker:BPTS
price:[17.020000457763672, 15.359999656677246, 16.5, 14.416000366210938, 14.600000381469727, 16.118999481201172, 12.800000190734863, 13.270000457763672, 15.210000038146973, 12.140000343322754, 13.800000190734863, 13.0, 13.010000228881836, 12.699999809265137, 11.600000381469727, 11.25, 11.300000190734863, 11.890000343322754, 12.350000381469727, 11.029999732971191, 9.779999732971191, 9.039999961853027, 9.0, 8.399999618530273, 8.600000381469727, 8.699999809265137, 8.539999961853027, 8.489999771118164, 9.020000457763672, 9.020000457763672]
assets:[0, 99.99974176483154, 207.4215, 281.2230103439331, 384.81221005439755, 524.8491302074432, 516.7795277006148, 635.7551059310913, 828.698600078392, 761.4329615335464, 965.5501333452224, 1009.5761, 1110.352780534172, 1183.895252219677, 1181.3533188491822, 1245.7091249999999, 1351.2461128079415, 1521.7975769417762, 1680.6732669130326, 1601.0386542399406, 1519.5967985095976, 1504.6166896508216, 1597.9589999999998, 1591.4286477283479, 1729.319896707344, 1849.4285594539642, 1915.416095444107, 2004.2019839687348, 2229.3174671375277, 2329.317702212524]
shares:[0, 6.5104, 12.571, 19.5077, 26.357, 32.5609, 40.3734, 47.9092, 54.4838, 62.721, 69.9674, 77.6597, 85.3461, 93.2201, 101.8408, 110.7297, 119.5793, 127.9897, 136.0869, 145.1531, 155.378, 166.4399, 177.551, 189.4558, 201.0837, 212.578, 224.2876, 236.0662, 247.1527, 258.2392]
growth_rate:-19.68
