ticker:BPYPM
price:[11.239999771118164, 10.479999542236328, 11.449999809265137, 11.199999809265137, 12.90999984741211, 13.779999732971191, 12.880000114440918, 14.449999809265137, 13.890000343322754, 14.050000190734863, 15.289999961853027, 15.75, 16.18000030517578, 15.420000076293945, 15.520000457763672, 15.010000228881836, 15.050000190734863, 14.470000267028809, 16.90999984741211, 17.25, 17.079999923706055, 17.030000686645508, 17.31999969482422, 17.739999771118164, 17.84000015258789, 17.040000915527344, 17.31999969482422, 17.809999465942383, 17.8700008392334, 18.110000610351562, 17.739999771118164, 17.8700008392334, 17.90999984741211, 17.860000610351562, 17.989999771118164, 18.0, 18.290000915527344, 18.440000534057617, 18.790000915527344, 18.75, 18.549999237060547, 18.43000030517578, 19.0, 19.030000686645508, 18.979999542236328, 18.829999923706055, 18.639999389648438, 24.950000762939453, 24.670000076293945, 24.700000762939453, 24.90999984741211, 25.31999969482422]
assets:[0, 100.00015563201904, 209.25561651420594, 304.68703481121065, 451.20578566703796, 581.6124487295151, 643.626485718727, 822.0807191488266, 890.22123400383, 1000.4752235818863, 1188.773033034134, 1324.5372, 1460.6996855506895, 1492.0885513824462, 1601.7649272441865, 1649.1292121469498, 1753.5236822231293, 1785.9453129577637, 2187.1004872646336, 2331.0753000000004, 2408.102357243347, 2501.0531488418583, 2643.643349419403, 2807.7505657743454, 2923.578193005753, 2892.4754034072876, 3040.0046144355774, 3226.008910263634, 3336.8777657106402, 3481.6928923416135, 3510.5596847066877, 3636.2860557718277, 3744.4257580986023, 3833.97239702301, 3961.8782825941084, 4064.0814, 4229.559053715515, 4364.2465583969115, 4547.082513552857, 4637.4018750000005, 4687.93540219078, 4757.608742779541, 5004.752, 5112.655171476173, 5199.221642604065, 5258.132487695503, 5305.076170289612, 7200.946965195846, 7220.134384328843, 7328.915066377258, 7491.226601111984, 7714.525359018708]
shares:[0, 9.542, 18.2756, 27.2042, 34.9501, 42.207, 49.971, 56.8914, 64.0908, 71.2082, 77.7484, 84.0976, 90.2781, 96.7632, 103.2065, 109.8687, 116.5132, 123.424, 129.3377, 135.1348, 140.9896, 146.8616, 152.6353, 158.2723, 163.8777, 169.7462, 175.5199, 181.1347, 186.7307, 192.2525, 197.8895, 203.4855, 209.069, 214.6681, 220.2267, 225.7823, 231.2498, 236.6728, 241.9948, 247.3281, 252.7189, 258.1448, 263.408, 268.6629, 273.9316, 279.2423, 284.6071, 288.6151, 292.6686, 296.7172, 300.7317, 304.6811]
growth_rate:51.27
