ticker:BPYPO
price:[21.700000762939453, 21.549999237060547, 21.43000030517578, 20.201000213623047, 20.239999771118164, 21.350000381469727, 21.030000686645508, 21.290000915527344, 20.200000762939453, 20.5, 22.5, 23.674999237060547, 24.139999389648438, 24.049999237060547, 23.81999969482422, 23.729999542236328, 23.290000915527344, 23.190000534057617, 24.280000686645508, 24.43400001525879, 24.700000762939453, 24.229999542236328, 24.43000030517578, 24.229999542236328, 23.889999389648438, 23.68000030517578, 24.250999450683594, 24.709999084472656, 24.5, 25.079999923706055, 25.360000610351562, 24.84000015258789, 25.100000381469727, 25.459999084472656, 25.260000228881836, 25.770000457763672, 25.700000762939453, 25.750999450683594, 26.549999237060547, 26.229999542236328, 26.270000457763672, 26.059999465942383, 26.299999237060547, 26.190000534057617, 26.350000381469727, 26.149999618530273, 26.139999389648438, 25.43000030517578, 25.590999603271484, 25.719999313354492, 26.110000610351562, 26.280000686645508]
assets:[0, 100.00061645965576, 199.44472684020997, 288.00566004562376, 388.5614436059952, 509.87003411006924, 602.2277176631928, 709.6723745178222, 773.3388492084504, 884.8230500000001, 1071.14625, 1227.0846804565429, 1351.185771836853, 1446.148099123764, 1532.3191423683165, 1626.530104623413, 1696.3714676841737, 1789.0876702020646, 1973.1798118021013, 2085.6960149024962, 2208.4023682136535, 2266.3796601825716, 2385.0862717941286, 2465.559948419571, 2530.963871337891, 2608.7167056198123, 2771.6200511192324, 2924.0775096603397, 2999.2263, 3170.2273583560946, 3305.6202875579834, 3337.8402445037846, 3472.778322779274, 3622.586153733826, 3694.1285254726413, 3868.7135877216338, 3958.2061775047305, 4066.059637363434, 4292.221556658936, 4340.4878642501835, 4447.10651949234, 4511.556621542931, 4653.1063250175475, 4733.646171526909, 4862.565830395508, 4925.658383145714, 5023.775904698181, 4987.324030850982, 5118.8985549434665, 5244.701375982475, 5424.229909797668, 5559.547285260201]
shares:[0, 4.6404, 9.3068, 14.257, 19.1977, 23.8815, 28.6366, 33.3336, 38.2841, 43.1621, 47.6065, 51.8304, 55.9729, 60.1309, 64.3291, 68.5432, 72.8369, 77.1491, 81.2677, 85.3604, 89.409, 93.5361, 97.6294, 101.7565, 105.9424, 110.1654, 114.2889, 118.3358, 122.4174, 126.4046, 130.3478, 134.3736, 138.3577, 142.2854, 146.2442, 150.1247, 154.0158, 157.8991, 161.6656, 165.478, 169.2846, 173.1219, 176.9242, 180.7425, 184.5376, 188.3617, 192.1873, 196.1197, 200.0273, 203.9153, 207.7453, 211.5505]
growth_rate:9.01
