ticker:BPYPP
price:[21.84000015258789, 21.809999465942383, 21.690000534057617, 20.350000381469727, 20.329999923706055, 21.579999923706055, 21.190000534057617, 21.530000686645508, 20.8799991607666, 20.8700008392334, 23.049999237060547, 23.959999084472656, 24.520000457763672, 24.5, 24.360000610351562, 24.15999984741211, 23.510000228881836, 23.40999984741211, 24.639999389648438, 24.670000076293945, 24.889999389648438, 24.729999542236328, 24.940000534057617, 24.75, 24.450000762939453, 24.3799991607666, 24.649999618530273, 25.079999923706055, 24.809999465942383, 25.200000762939453, 25.770000457763672, 25.121999740600586, 25.219999313354492, 25.760000228881836, 25.43000030517578, 25.527000427246094, 25.541000366210938, 25.59000015258789, 26.25, 25.770999908447266, 26.110000610351562, 26.0, 26.1200008392334, 25.850000381469727, 26.010000228881836, 25.93000030517578, 25.860000610351562, 25.489999771118164, 25.68000030517578, 25.549999237060547, 25.889999389648438, 26.579999923706055]
assets:[0, 100.0010285512924, 199.4503999109268, 287.12833038234714, 386.84533754825594, 510.6302741947174, 601.4018811573028, 711.0519556772232, 789.5855202640532, 889.2081257572174, 1082.091434183502, 1224.8111931991577, 1353.4378212673187, 1452.33305, 1544.0342786865235, 1631.3580856967926, 1687.46788242836, 1780.2906913959503, 1973.8290391067505, 2076.2321404209138, 2194.747877180481, 2280.6401257843017, 2400.0061793930054, 2481.7221, 2551.641199621582, 2644.3351629739764, 2773.6204220769882, 2922.0030751111985, 2990.545234625816, 3137.5563349906924, 3308.525317770767, 3325.331276264, 3438.30303438797, 3611.9229760925296, 3665.6531679901127, 3779.634896659851, 3881.708465156555, 3989.1560307865147, 4192.041, 4215.545429124069, 4370.9994831771855, 4452.5858, 4573.136762934494, 4625.865323264122, 4754.497991838455, 4839.873451961517, 4926.808526283264, 4956.316339495849, 5093.260836527253, 5167.4771256958, 5336.242143199158, 5578.458877987861]
shares:[0, 4.5851, 9.1955, 14.1095, 19.0283, 23.6622, 28.3814, 33.0261, 37.8154, 42.607, 46.9454, 51.119, 55.1973, 59.2789, 63.384, 67.5231, 71.7766, 76.0483, 80.1067, 84.1602, 88.1779, 92.2216, 96.2312, 100.2716, 104.3616, 108.4633, 112.5201, 116.5073, 120.5379, 124.5062, 128.3867, 132.3673, 136.3324, 140.2144, 144.1468, 148.0642, 151.9795, 155.8873, 159.6968, 163.5771, 167.4071, 171.2533, 175.0818, 178.9503, 182.795, 186.6515, 190.5185, 194.4416, 198.3357, 202.2496, 206.1121, 209.8743]
growth_rate:9.38
