ticker:BPYPN
price:[19.420000076293945, 19.3700008392334, 19.0, 18.25, 17.989999771118164, 19.329999923706055, 19.15999984741211, 19.969999313354492, 19.399999618530273, 19.549999237060547, 21.780000686645508, 22.459999084472656, 22.989999771118164, 22.959999084472656, 22.479999542236328, 21.81999969482422, 21.229999542236328, 21.399999618530273, 23.200000762939453, 23.149999618530273, 23.18000030517578, 23.25, 23.520000457763672, 23.09000015258789, 22.350000381469727, 21.920000076293945, 22.770000457763672, 23.334999084472656, 23.100000381469727, 23.549999237060547, 24.479999542236328, 23.979999542236328, 23.940000534057617, 24.3799991607666, 23.700000762939453, 24.139999389648438, 23.700000762939453, 23.990999221801758, 24.489999771118164, 24.889999389648438, 24.989999771118164, 25.0, 24.90999984741211, 25.049999237060547, 25.020000457763672, 24.969999313354492, 24.940000534057617, 24.489999771118164, 24.989999771118164, 24.81999969482422, 24.860000610351562, 24.84000015258789]
assets:[0, 99.99956633262634, 198.0902, 290.271725, 386.13555608730314, 514.8970739677429, 610.3686191390991, 736.1720576875687, 815.1588839712143, 921.461844039917, 1126.570535516739, 1261.7443525680542, 1391.5180151464463, 1489.7021405982969, 1558.5586002628327, 1612.8012754432677, 1669.1917300086975, 1782.5579082246782, 2032.4917468391418, 2128.112329932594, 2230.8710453704834, 2337.608475, 2464.754927970886, 2519.693957651138, 2538.9421633346556, 2590.093513014984, 2790.529589100265, 2959.771614376068, 3029.9646800363544, 3188.9901766876224, 3414.925664142609, 3445.1753602336885, 3539.4285309581755, 3704.479922480583, 3701.155649145889, 3869.8688181549073, 3899.3326855255123, 4047.2095957202914, 4231.389507453728, 4400.502112091064, 4518.181962618256, 4619.99, 4703.359202189255, 4829.792657900619, 4924.008648089218, 5014.168131116295, 5108.143571384239, 5115.975646186447, 5320.425929270554, 5384.2323177978515, 5492.909116859436, 5588.490814329148]
shares:[0, 5.1626, 10.4258, 15.9053, 21.4639, 26.6372, 31.8564, 36.8639, 42.0185, 47.1336, 51.725, 56.1774, 60.5271, 64.8825, 69.3309, 73.9139, 78.6242, 83.2971, 87.6074, 91.9271, 96.2412, 100.5423, 104.794, 109.1249, 113.5992, 118.1612, 122.5529, 126.8383, 131.1673, 135.4136, 139.4986, 143.6687, 147.8458, 151.9475, 156.1669, 160.3094, 164.5288, 168.697, 172.7803, 176.798, 180.7996, 184.7996, 188.8141, 192.8061, 196.8029, 200.8077, 204.8173, 208.9006, 212.9022, 216.9312, 220.9537, 224.9795]
growth_rate:9.58
