ticker:BRCN
price:[1.850000023841858, 2.119999885559082, 2.3299999237060547, 2.259999990463257, 2.380000114440918, 2.700000047683716, 3.319999933242798, 3.2100000381469727, 3.630000114440918, 2.9200000762939453, 3.6600000858306885, 3.6500000953674316, 3.3399999141693115, 2.9800000190734863, 3.009999990463257, 3.0999999046325684, 2.619999885559082, 2.6500000953674316, 2.380000114440918, 2.680000066757202, 2.759999990463257, 2.490000009536743, 2.4600000381469727, 2.240000009536743, 2.4000000953674316, 2.2850000858306885]
assets:[0, 99.9999706018448, 209.90573212680818, 303.5995847188711, 419.7199221819878, 576.1527401752234, 808.454511743927, 881.668240477562, 1097.0266905853273, 982.456801669693, 1331.435563223505, 1427.7979123055936, 1406.5327478551865, 1354.9303166722298, 1468.5705673470497, 1612.481380394125, 1462.8067201049805, 1579.5564068446158, 1518.6204770219802, 1810.0431010870932, 1964.0742292134523, 1871.936440169549, 1949.3829962288855, 1875.0480079829695, 2108.980163803339, 2107.924918179274]
shares:[0, 47.1698, 90.0883, 134.3361, 176.3529, 213.3899, 243.5104, 274.663, 302.2112, 336.4578, 363.7802, 391.1775, 421.1176, 454.6746, 487.8972, 520.1553, 558.3232, 596.059, 638.0758, 675.3892, 711.6211, 751.7817, 792.4321, 837.075, 878.7417, 922.5054]
growth_rate:-15.68
