ticker:BREZ
price:[10.09000015258789, 10.130000114440918, 10.300000190734863, 10.399999618530273, 10.140000343322754, 10.149999618530273, 10.324999809265137, 10.300000190734863, 10.418000221252441, 10.15999984741211, 10.520000457763672, 10.220000267028809, 10.420000076293945, 10.319999694824219, 10.050000190734863, 10.0600004196167, 10.029999732971191, 9.949999809265137, 10.039999961853027, 10.050000190734863, 10.03499984741211, 10.010000228881836, 10.039999961853027, 10.010000228881836, 10.020000457763672, 10.020000457763672, 10.09000015258789, 10.079999923706055, 10.0600004196167, 10.020000457763672, 10.010000228881836, 10.029999732971191, 10.034000396728516, 10.039999961853027, 10.050000190734863, 10.0600004196167, 10.0600004196167]
assets:[0, 100.00032212972641, 201.67812373466492, 303.6363088626861, 396.0450914093971, 496.43546634235383, 604.9943963238717, 703.5291530279159, 811.5893040361406, 891.4902026111602, 1023.0784605178833, 1093.902838581562, 1215.309616898346, 1303.6460974494935, 1369.5386509919167, 1470.9018353533743, 1566.5154482946396, 1654.0213032935144, 1768.9827332787513, 1870.7442205040932, 1967.9517780761719, 2063.049035172272, 2169.232351758003, 2262.75054173851, 2365.010688045502, 2465.010292613983, 2582.2308210502624, 2679.671211717987, 2774.354963722229, 2863.3233468109133, 2960.4655756919865, 3066.380545363712, 3167.603483242035, 3269.497875577545, 3372.7539340101243, 3476.110412993431, 3576.110841164589]
shares:[0, 9.8717, 19.5804, 29.1958, 39.0577, 48.9099, 58.5951, 68.3038, 77.9026, 87.7451, 97.2508, 107.0355, 116.6324, 126.3223, 136.2725, 146.2129, 156.183, 166.2333, 176.1935, 186.1437, 196.1088, 206.0988, 216.059, 226.049, 236.029, 246.009, 255.9198, 265.8404, 275.7808, 285.7608, 295.7508, 305.7209, 315.687, 325.6472, 335.5974, 345.5378, 355.4782]
growth_rate:-0.66
