ticker:BRID
price:[17.780000686645508, 17.34000015258789, 18.100000381469727, 18.010000228881836, 18.700000762939453, 18.700000762939453, 18.389999389648438, 18.510000228881836, 18.25, 18.170000076293945, 18.299999237060547, 18.700000762939453, 18.5, 18.729999542236328, 19.649999618530273, 18.489999771118164, 18.530000686645508, 18.219999313354492, 18.270000457763672, 17.979999542236328, 17.450000762939453, 16.75, 15.710000038146973, 15.899999618530273, 15.149999618530273, 15.399999618530273, 14.979999542236328, 15.989999771118164, 15.199999809265137, 15.279999732971191, 14.59000015258789, 14.75, 14.970000267028809, 14.680000305175781, 14.239999771118164, 14.0, 20.8799991607666, 19.950000762939453, 17.670000076293945, 16.420000076293945, 15.109999656677246, 13.34000015258789, 13.960000038146973, 13.550000190734863, 13.100000381469727, 13.0600004196167, 12.8100004196167, 13.069999694824219, 12.859999656677246, 12.8100004196167, 13.0, 13.09000015258789]
assets:[0, 99.99978087997437, 204.38339430751802, 303.3676478553772, 414.99041693115237, 514.9905410110474, 606.4525268722534, 710.4101067844391, 800.4322249999999, 896.9238967660905, 1003.3413781700134, 1125.2725459098815, 1213.2374, 1328.320329535675, 1493.5669960050582, 1505.3966133651732, 1608.6542146100999, 1681.7423766212464, 1786.3584297580717, 1858.0028086959837, 1903.2349382122038, 1926.8864999999998, 1907.2474186311722, 2030.3138812891007, 2034.5449587711332, 2168.1182062940597, 2208.988182497025, 2457.925200817108, 2436.488529426098, 2549.312099448967, 2534.192568503571, 2661.984125, 2801.6879449753765, 2847.4135991935727, 2862.0690739974975, 2913.8325999999997, 4445.773597310257, 4347.757531269455, 3950.870657058716, 3771.3800995233532, 3570.4959408727645, 3252.245347200394, 3503.3988175733566, 3500.5056942744254, 3484.252951460838, 3573.614444819927, 3605.206807095623, 3778.3800717773443, 3817.670938079834, 3902.827951844787, 4060.7151000000003, 4188.827537828445]
shares:[0, 5.767, 11.2919, 16.8444, 22.192, 27.5396, 32.9773, 38.3798, 43.8593, 49.3629, 54.8274, 60.175, 65.5804, 70.9194, 76.0085, 81.4168, 86.8135, 92.302, 97.7755, 103.3372, 109.0679, 115.038, 121.4034, 127.6927, 134.2934, 140.7869, 147.4625, 153.7164, 160.2953, 166.8398, 173.6938, 180.4735, 187.1535, 193.9655, 200.988, 208.1309, 212.9202, 217.9327, 223.592, 229.6821, 236.3002, 243.7965, 250.9598, 258.3399, 265.9735, 273.6305, 281.4369, 289.088, 296.864, 304.6704, 312.3627, 320.0021]
growth_rate:-17.87
