ticker:BRKL
price:[9.84000015258789, 9.180000305175781, 9.069999694824219, 8.539999961853027, 8.789999961853027, 9.300000190734863, 9.420000076293945, 10.020000457763672, 9.579999923706055, 9.75, 11.390000343322754, 11.75, 11.899999618530273, 12.050000190734863, 11.800000190734863, 11.920000076293945, 11.789999961853027, 12.039999961853027, 12.899999618530273, 13.15999984741211, 13.0600004196167, 12.59000015258789, 12.869999885559082, 13.0600004196167, 13.779999732971191, 14.229999542236328, 15.229999542236328, 16.329999923706055, 15.65999984741211, 15.489999771118164, 15.050000190734863, 15.220000267028809, 15.579999923706055, 15.789999961853027, 16.100000381469727, 16.899999618530273, 16.770000457763672, 17.010000228881836, 16.860000610351562, 16.75, 16.31999969482422, 15.010000228881836, 15.630000114440918, 14.729999542236328, 14.420000076293945, 13.789999961853027, 13.59000015258789, 14.369999885559082, 15.069999694824219, 14.859999656677246, 14.680000305175781, 14.899999618530273]
assets:[0, 99.99957932434083, 198.80169531097414, 287.18482671718596, 395.59219028320314, 518.5447606348991, 625.2355490638732, 765.0590989517212, 831.4635213783264, 946.2180000000001, 1205.3764003330232, 1343.47385, 1460.6249931777954, 1579.0368449939729, 1646.2770266103744, 1763.0192672842027, 1843.7921130343436, 1982.8880617175103, 2224.522374217987, 2369.3579565277096, 2451.3542427618027, 2463.135327852631, 2617.9149907213214, 2756.563840568161, 3008.5335997006414, 3206.7802018413545, 3532.133878835678, 3887.245437838745, 3827.7565367031098, 3886.2039455770496, 3875.8145091197966, 4019.5944605221744, 4214.670419361114, 4371.478858438968, 4557.3031379796985, 4883.753439763069, 4946.185860013962, 5116.972082852554, 5171.849023226929, 5238.105224999999, 5203.63516669464, 4885.941198503876, 5187.759589984131, 4989.040533955765, 4984.043748369789, 4866.293789538478, 4895.717373968887, 5276.707067976951, 5633.749094913483, 5655.243321342277, 5686.741454219055, 5871.964689665985]
shares:[0, 10.8932, 21.9186, 33.6282, 45.0048, 55.7575, 66.3732, 76.3532, 86.7916, 97.048, 105.8276, 114.3382, 122.7416, 131.0404, 139.515, 147.9043, 156.3861, 164.6917, 172.4436, 180.0424, 187.6994, 195.6422, 203.4122, 211.0692, 218.3261, 225.3535, 231.9195, 238.0432, 244.4289, 250.8847, 257.5292, 264.0995, 270.518, 276.8511, 283.0623, 288.9795, 294.9425, 300.8214, 306.7526, 312.7227, 318.8502, 325.5124, 331.9104, 338.6993, 345.6341, 352.8857, 360.2441, 367.203, 373.8387, 380.5682, 387.3802, 394.0916]
growth_rate:15.14
