ticker:BRKR
price:[39.689998626708984, 40.400001525878906, 38.630001068115234, 39.15999984741211, 38.779998779296875, 42.13999938964844, 42.189998626708984, 42.459999084472656, 42.540000915527344, 46.459999084472656, 48.970001220703125, 51.040000915527344, 50.65999984741211, 53.65999984741211, 54.029998779296875, 55.47999954223633, 54.33000183105469, 54.130001068115234, 58.97999954223633, 59.040000915527344, 60.84000015258789, 57.88999938964844, 55.77000045776367, 60.75, 62.880001068115234, 60.97999954223633, 59.40999984741211, 61.38999938964844, 60.689998626708984, 63.400001525878906, 64.91999816894531, 68.61000061035156, 67.6500015258789, 69.51000213623047, 68.5199966430664, 69.33000183105469, 68.55000305175781, 69.08999633789062, 69.44000244140625, 69.52999877929688, 73.5199966430664, 72.29000091552734, 74.54000091552734, 77.55999755859375, 80.05999755859375, 78.36000061035156, 82.3499984741211, 82.25, 82.61000061035156, 82.91999816894531, 84.16000366210938, 88.0199966430664]
assets:[0, 99.99808377685547, 195.61846240882875, 298.3012988376617, 395.40474555358884, 529.6618663284302, 630.2890464839935, 734.3244541664124, 835.7068259857177, 1012.7164760437012, 1167.4301381011962, 1316.7758796195983, 1406.970043762207, 1590.2892194778442, 1701.2533775634765, 1846.9125407611848, 1908.6292633255005, 2001.6029404964447, 2280.945318296814, 2383.267716957092, 2555.9309944103243, 2531.9985823043826, 2539.275044842529, 2866.0209750000004, 3066.506740089417, 3073.8493269252776, 3094.70847905159, 3297.8462112121583, 3360.241360964584, 3610.287726890564, 3796.8460929107664, 4112.6549615859985, 4155.11044872055, 4369.350077281952, 4407.117108086396, 4559.21718341217, 4607.924350138855, 4744.2235055328365, 4868.258027160645, 4974.565480664062, 5360.034171260071, 5370.359107013703, 5637.512447241974, 5965.915012207031, 6258.217955157471, 6225.333756489563, 6642.3179369232175, 6734.25165, 6863.726249711609, 6989.484193656921, 7194.005529037475, 7623.957633235169]
shares:[0, 2.4752, 5.0639, 7.6175, 10.1961, 12.5691, 14.9393, 17.2945, 19.6452, 21.7976, 23.8397, 25.7989, 27.7728, 29.6364, 31.4872, 33.2897, 35.1303, 36.9777, 38.6732, 40.367, 42.0107, 43.7381, 45.5312, 47.1773, 48.7676, 50.4075, 52.0907, 53.7196, 55.3673, 56.9446, 58.485, 59.9425, 61.4207, 62.8593, 64.3187, 65.7611, 67.2199, 68.6673, 70.1074, 71.5456, 72.9058, 74.2891, 75.6307, 76.92, 78.1691, 79.4453, 80.6596, 81.8754, 83.0859, 84.2919, 85.4801, 86.6162]
growth_rate:49.49
