ticker:BRKS
price:[47.22999954223633, 42.77000045776367, 45.5099983215332, 44.939998626708984, 47.13999938964844, 52.54999923706055, 50.0099983215332, 48.68000030517578, 46.70000076293945, 57.45000076293945, 68.48999786376953, 67.18000030517578, 73.02999877929688, 75.19000244140625, 71.47000122070312, 73.05000305175781, 74.55999755859375, 67.8499984741211, 68.2300033569336, 77.7300033569336, 84.41999816894531, 75.76000213623047, 79.58999633789062, 90.93000030517578, 86.38999938964844, 83.16000366210938, 77.80000305175781, 84.08999633789062, 85.83999633789062, 81.95999908447266, 90.63999938964844, 95.69999694824219, 102.33000183105469, 102.73999786376953, 101.33000183105469, 99.16999816894531, 92.11000061035156, 95.01000213623047, 102.08999633789062, 99.12999725341797, 99.62000274658203, 91.68000030517578, 94.2699966430664, 91.70999908447266, 89.8499984741211, 85.66999816894531, 89.95999908447266, 89.01000213623047, 85.2300033569336, 82.66000366210938, 78.38999938964844, 84.69999694824219]
assets:[0, 100.00053807029724, 206.4060463874817, 303.8213547157288, 418.69276057891847, 566.7412317718506, 639.347822541809, 722.3430525283813, 792.9613429546356, 1075.492739282608, 1382.1692508895874, 1455.7301446128845, 1682.494323876953, 1832.2600554931641, 1841.61040345459, 1982.321407814026, 2123.2972424743652, 2032.2092292976379, 2143.5888384651184, 2542.0509377838134, 2860.8417819488523, 2667.3733072128293, 2902.2173804626464, 3415.721810463715, 3345.176278366089, 3320.1049342071533, 3206.107005761719, 3565.314936730957, 3739.5164324646, 3670.4884029991154, 4159.215779992675, 4491.401826774597, 4902.558756724548, 5022.1982195755, 5053.276526313782, 5045.561249839782, 4786.367227716064, 5037.059774254608, 5512.410606262208, 5452.586020925903, 5579.537037831116, 5234.836337425231, 5482.7241507614135, 5433.8357877548215, 5423.633427893066, 5271.31782233429, 5635.283258649444, 5675.776192218017, 5534.742664995575, 5467.851784243775, 5285.398674847413, 5810.843290634156]
shares:[0, 2.3381, 4.5354, 6.7606, 8.8819, 10.7848, 12.7844, 14.8386, 16.9799, 18.7205, 20.1806, 21.6691, 23.0384, 24.3684, 25.7676, 27.1365, 28.4777, 29.9515, 31.4171, 32.7036, 33.8882, 35.2082, 36.4646, 37.5643, 38.7218, 39.9243, 41.2096, 42.3988, 43.5638, 44.7839, 45.8872, 46.9321, 47.9093, 48.8826, 49.8695, 50.8779, 51.9636, 53.0161, 53.9956, 55.0044, 56.0082, 57.099, 58.1598, 59.2502, 60.3632, 61.5305, 62.6421, 63.7656, 64.9389, 66.1487, 67.4244, 68.605]
growth_rate:13.94
