ticker:BRLI
price:[9.781000137329102, 9.770000457763672, 9.800000190734863, 9.75, 9.8100004196167, 9.8100004196167, 9.800000190734863, 9.800000190734863, 9.779999732971191, 9.75, 9.793999671936035, 9.819999694824219, 9.819999694824219, 9.869999885559082, 9.949999809265137, 9.989999771118164, 10.09000015258789, 10.010000228881836, 10.199999809265137, 10.25, 10.199999809265137, 10.09000015258789, 10.270000457763672, 10.319999694824219, 10.350000381469727, 10.260000228881836, 9.930000305175781, 9.9399995803833, 9.930000305175781, 9.899999618530273, 9.9399995803833, 10.0600004196167, 10.0, 10.050000190734863, 10.029999732971191, 10.029999732971191, 9.960000038146973, 9.960000038146973, 9.970000267028809, 10.0, 10.010000228881836, 10.0, 10.029999732971191, 10.043999671936035, 10.031000137329102, 10.039999961853027, 10.020000457763672, 10.010000228881836, 10.020000457763672, 10.050000190734863, 10.0600004196167, 10.069999694824219]
assets:[0, 99.99986268539429, 200.3071038985252, 299.285025, 401.126993157959, 501.1271944354057, 600.6165316896438, 700.6167136359215, 799.186370179367, 896.7348000000001, 1000.781247877407, 1103.438013708496, 1203.4380166007995, 1309.5654028158187, 1420.1803877760885, 1525.8895480401993, 1641.163749818802, 1728.1514645147324, 1860.953245201111, 1970.075625, 2060.465241470337, 2138.2445803359988, 2276.3897624652864, 2387.472073399353, 2494.412191936493, 2572.7217333927156, 2589.9734625968936, 2692.58187633276, 2789.8733057403565, 2881.444388971329, 2993.08694964695, 3129.2214785242077, 3210.558, 3326.610363134384, 3419.990191949558, 3519.9902922872543, 3595.4245577705383, 3695.4249501535414, 3799.1354007531163, 3910.567, 4014.477558792305, 4110.467, 4222.798391576385, 4328.692670613289, 4423.090265654182, 4527.059074799443, 4618.0408569751735, 4713.431830774117, 4818.140266116715, 4932.565218613147, 5037.473784120083, 5142.480982154846]
shares:[0, 10.2354, 20.4395, 30.6959, 40.8896, 51.0833, 61.2874, 71.4915, 81.7164, 91.9728, 102.1831, 112.3664, 122.5497, 132.6814, 142.7317, 152.7417, 162.6525, 172.6425, 182.4464, 192.2025, 202.0064, 211.9172, 221.6543, 231.3442, 241.006, 250.7526, 260.8231, 270.8835, 280.954, 291.055, 301.1154, 311.0558, 321.0558, 331.006, 340.9761, 350.9462, 360.9864, 371.0266, 381.0567, 391.0567, 401.0467, 411.0467, 421.0168, 430.973, 440.9421, 450.9023, 460.8823, 470.8723, 480.8523, 490.8025, 500.7429, 510.6734]
growth_rate:0.83
