ticker:BRLIU
price:[10.149999618530273, 10.199999809265137, 10.199999809265137, 10.149999618530273, 10.050000190734863, 10.180000305175781, 10.199999809265137, 10.199999809265137, 10.149999618530273, 10.149999618530273, 10.15999984741211, 10.270000457763672, 10.5, 10.75, 10.75, 10.911999702453613, 11.0, 10.949999809265137, 11.149999618530273, 11.449999809265137, 11.399999618530273, 10.920000076293945, 11.329999923706055, 11.579999923706055, 11.609999656677246, 11.609999656677246, 11.449000358581543, 10.899999618530273, 10.720000267028809, 10.720000267028809, 10.720000267028809, 10.5, 10.699999809265137, 10.75, 10.649999618530273, 10.649999618530273, 10.649999618530273, 10.649999618530273, 10.600000381469727, 10.40999984741211, 10.4399995803833, 10.430000305175781, 10.430000305175781, 10.430000305175781, 10.704999923706055, 10.704999923706055, 10.704999923706055, 10.800000190734863, 10.800000190734863, 10.84000015258789, 10.25, 10.25]
assets:[0, 99.99977813005448, 199.99955626010896, 299.0189887619019, 396.07251751689915, 501.1960270248413, 602.1804487395286, 702.1802268695832, 798.7379799808502, 898.7378062225341, 999.6230809871673, 1110.4458534957887, 1235.3145, 1364.726475, 1464.7262, 1586.798990331459, 1699.5957, 1791.870013787937, 1924.598089154625, 2076.3807504115102, 2167.3132074768064, 2176.0578992033, 2357.7593881233215, 2509.7843354644774, 2616.286719633007, 2716.2871296758653, 2778.619721626091, 2745.3796339193345, 2800.0437017474173, 2900.044152238369, 3000.0446027293206, 3038.47635, 3196.3520930228233, 3311.2880999999998, 3380.4856039152146, 3480.485905333328, 3580.486206751442, 3680.4865081695557, 3763.20789542923, 3795.7534813625334, 3906.6916909776687, 4002.949634123993, 4102.949348049927, 4202.949061975861, 4413.764602043342, 4513.764288330651, 4613.7639746179575, 4754.708723971176, 4854.7091657372475, 4972.689637997437, 4802.035825, 4902.03585]
shares:[0, 9.8039, 19.6078, 29.46, 39.4102, 49.2334, 59.0373, 68.8412, 78.6934, 88.5456, 98.3881, 108.1252, 117.649, 126.9513, 136.2536, 145.4178, 154.5087, 163.6411, 172.6097, 181.3433, 190.1152, 199.2727, 208.0988, 216.7344, 225.3477, 233.961, 242.6954, 251.8697, 261.1981, 270.5265, 279.8549, 289.3787, 298.7245, 308.0268, 317.4165, 326.8062, 336.1959, 345.5856, 355.0196, 364.6257, 374.2042, 383.7919, 393.3796, 402.9673, 412.3087, 421.6501, 430.9915, 440.2508, 449.5101, 458.7352, 468.4913, 478.2474]
growth_rate:-3.88
