ticker:BROG
price:[9.131999969482422, 9.260000228881836, 9.390000343322754, 9.300000190734863, 8.895000457763672, 9.0, 9.225000381469727, 9.180000305175781, 9.859999656677246, 8.600000381469727, 9.199999809265137, 8.873000144958496, 9.326000213623047, 9.130000114440918, 9.359999656677246, 10.930000305175781, 10.850000381469727, 10.260000228881836, 10.75, 10.505000114440918, 11.149999618530273, 10.699999809265137, 10.701000213623047, 10.5600004196167, 10.449999809265137, 10.399999618530273, 10.09000015258789, 10.800000190734863, 10.399999618530273, 10.960000038146973, 10.109999656677246, 10.029999732971191, 10.029999732971191, 9.147000312805176, 9.199999809265137, 9.300000190734863, 9.199999809265137, 8.90999984741211, 9.0, 9.59000015258789, 9.196999549865723, 8.75, 8.899999618530273, 9.085000038146973, 8.619999885559082, 8.640000343322754, 8.6899995803833, 9.0, 8.760000228881836, 8.600000381469727, 8.550000190734863, 8.369999885559082]
assets:[0, 99.99966847171783, 201.40330036382673, 299.4730261419296, 386.4317313869476, 490.9932, 603.2679774461747, 700.3247812812805, 852.2007563265801, 843.2988374061586, 1002.1338992237091, 1066.514209523678, 1220.9636783676146, 1295.3032452361108, 1427.9344036236762, 1767.448815348816, 1854.5124452018738, 1853.668085351944, 2042.195775, 2095.652977829933, 2324.3244604789734, 2330.5177384569165, 2430.7354088245393, 2498.7072992897033, 2572.6791830430984, 2660.369822418213, 2681.070444544983, 2969.7289724473, 2959.739011437416, 3219.1098352043155, 3069.4525117652893, 3145.1641872662544, 3245.1642876039505, 3059.4731147265434, 3177.2006141301154, 3311.7356479207992, 3376.1257700059887, 3369.7040272922513, 3503.7414, 3833.430899994278, 3776.3358395725254, 3692.7957499999998, 3856.1010547206874, 4036.2565619478223, 3929.667445828915, 4038.785440486908, 4162.157854020596, 4410.6354, 4393.01835078106, 4412.780595737458, 4487.124745099544, 4492.658539573002]
shares:[0, 10.7991, 21.4487, 32.2014, 43.4437, 54.5548, 65.3949, 76.2881, 86.4301, 98.058, 108.9276, 120.1977, 130.9204, 141.8733, 152.5571, 161.7062, 170.9228, 180.6694, 189.9717, 199.491, 208.4596, 217.8054, 227.1503, 236.62, 246.1894, 255.8048, 265.7156, 274.9749, 284.5903, 293.7144, 303.6056, 313.5757, 323.5458, 334.4783, 345.3479, 356.1006, 366.9702, 378.1935, 389.3046, 399.7321, 410.6052, 422.0338, 433.2698, 444.277, 455.8779, 467.452, 478.9595, 490.0706, 501.4861, 513.114, 524.8099, 536.7573]
growth_rate:-11.91
