ticker:BRP
price:[28.469999313354492, 27.049999237060547, 26.3799991607666, 24.979999542236328, 26.729999542236328, 27.299999237060547, 27.65999984741211, 26.6299991607666, 25.5, 29.959999084472656, 31.899999618530273, 31.299999237060547, 30.989999771118164, 30.68000030517578, 28.530000686645508, 29.850000381469727, 30.25, 29.969999313354492, 30.209999084472656, 26.920000076293945, 26.06999969482422, 23.209999084472656, 27.3700008392334, 28.670000076293945, 28.270000457763672, 26.530000686645508, 26.450000762939453, 27.8799991607666, 27.18000030517578, 26.860000610351562, 28.059999465942383, 29.3700008392334, 30.690000534057617, 28.719999313354492, 29.020000457763672, 26.309999465942383, 24.579999923706055, 23.770000457763672, 24.579999923706055, 25.399999618530273, 27.670000076293945, 27.90999984741211, 26.40999984741211, 26.950000762939453, 26.649999618530273, 26.149999618530273, 26.549999237060547, 27.260000228881836, 27.649999618530273, 35.04999923706055, 34.25, 34.06999969482422]
assets:[0, 100.00114217948914, 197.5255197160721, 287.0426767398834, 407.15135302734376, 515.833485584259, 622.6348945652009, 699.4502429571152, 769.7710500000001, 1004.4059733070375, 1169.4444160154344, 1247.4489495933533, 1335.09257613945, 1421.7388261421204, 1422.1064142265318, 1587.9036052927017, 1709.182475, 1793.3628009120941, 1907.7251901855468, 1799.9654251012803, 1843.1307294242856, 1740.9309693283083, 2152.962584015274, 2355.223304267502, 2422.3630482242584, 2373.2677414245604, 2466.110786133957, 2699.439098742485, 2731.66341667099, 2799.502365614319, 3024.5733124341964, 3265.77668431797, 3512.553424124336, 3387.081631020737, 3522.4621655635833, 3293.519936145973, 3176.955158139038, 3172.2634430915837, 3380.362031507683, 3593.132206036568, 4014.2501640684127, 4149.0670853164675, 4026.0777087387087, 4208.398929137421, 4261.5508039999, 4281.5969675411225, 4447.090357208634, 4666.015185177041, 4832.76923832531, 6226.169704473877, 6184.060125, 6251.558756002808]
shares:[0, 3.6969, 7.4877, 11.4909, 15.232, 18.895, 22.5103, 26.2655, 30.1871, 33.5249, 36.6597, 39.8546, 43.0814, 46.3409, 49.846, 53.1961, 56.5019, 59.8386, 63.1488, 66.8635, 70.6993, 75.0078, 78.6614, 82.1494, 85.6867, 89.456, 93.2367, 96.8235, 100.5027, 104.2257, 107.7895, 111.1943, 114.4527, 117.9346, 121.3805, 125.1813, 129.2496, 133.4566, 137.5249, 141.4619, 145.0759, 148.6588, 152.4452, 156.1558, 159.9081, 163.7322, 167.4987, 171.1671, 174.7837, 177.6368, 180.5565, 183.4916]
growth_rate:22.58
