ticker:BRPMU
price:[10.800000190734863, 10.300000190734863, 10.140000343322754, 10.100000381469727, 10.0, 9.989999771118164, 9.989999771118164, 10.050000190734863, 10.100000381469727, 10.0, 10.069999694824219, 10.210000038146973, 10.166000366210938, 10.050000190734863, 10.020000457763672, 10.010000228881836, 10.050000190734863, 10.020000457763672, 10.100000381469727, 10.151000022888184, 10.08899974822998, 10.09000015258789, 10.050000190734863, 10.024999618530273, 10.005000114440918, 10.0, 9.890000343322754, 9.989999771118164, 9.930000305175781, 9.930000305175781]
assets:[0, 99.99961185178758, 198.44589071903226, 297.66317124252316, 394.716, 494.32117267456056, 594.3210703834534, 697.8901032449722, 801.3623102668762, 893.428, 999.6821007041932, 1113.5802001605987, 1208.7811573440551, 1294.9877495770454, 1391.1217535533904, 1489.7332790632247, 1595.6857652838708, 1690.9221712497713, 1804.422638151741, 1913.5335462145806, 2001.84621434412, 2102.044686788559, 2193.7110266335485, 2288.2542829277036, 2383.6892762655257, 2482.498, 2555.1903787012097, 2681.0262285747526, 2764.9241799736023, 2864.924248046875]
shares:[0, 9.7087, 19.5706, 29.4716, 39.4716, 49.4816, 59.4916, 69.4418, 79.3428, 89.3428, 99.2733, 109.0676, 118.9043, 128.8545, 138.8345, 148.8245, 158.7747, 168.7547, 178.6557, 188.5069, 198.4187, 208.3295, 218.2797, 228.2548, 238.2498, 248.2498, 258.361, 268.371, 278.4415, 288.512]
growth_rate:-1.21
