ticker:BRPM
price:[9.829999923706055, 9.729999542236328, 9.75, 9.859999656677246, 9.800000190734863, 9.649999618530273, 9.65999984741211, 9.699999809265137, 9.710000038146973, 9.680000305175781, 9.789999961853027, 9.8100004196167, 9.779999732971191, 9.770000457763672, 9.75, 9.65999984741211, 9.682000160217285, 9.6899995803833, 9.720000267028809, 9.670000076293945, 9.630000114440918]
assets:[0, 100.00007029533386, 200.205525, 302.4643634682655, 400.62400779724123, 494.4920354524612, 595.0047926013947, 697.4687862854004, 798.188220135784, 895.722372238922, 1005.9009580804825, 1107.9561623921395, 1204.5673591110228, 1303.3356470664978, 1400.66745, 1487.7385084999084, 1591.1263515298845, 1692.4407917103767, 1797.6810013860702, 1888.4340078992843, 1980.6223465373039]
shares:[0, 10.2775, 20.5339, 30.6759, 40.88, 51.2427, 61.5947, 71.904, 82.2027, 92.5333, 102.7478, 112.9415, 123.1664, 133.4018, 143.6582, 154.0102, 164.3386, 174.6585, 184.9466, 195.2879, 205.6721]
growth_rate:-0.97
