ticker:BRQS
price:[1.0399999618530273, 1.0099999904632568, 1.0499999523162842, 1.0499999523162842, 0.9700000286102295, 1.1799999475479126, 1.2200000286102295, 1.159999966621399, 0.9269999861717224, 0.9800000190734863, 1.0800000429153442, 1.0099999904632568, 1.149999976158142, 1.0800000429153442, 1.059999942779541, 1.0800000429153442, 1.0499999523162842, 0.9869999885559082, 1.3300000429153442, 1.2400000095367432, 1.2799999713897705, 1.1699999570846558, 1.5499999523162842, 2.569999933242798, 2.4100000858306885, 1.590000033378601, 1.2999999523162842, 1.5399999618530273, 1.559999942779541, 1.5, 1.4500000476837158, 1.399999976158142, 1.149999976158142, 1.1100000143051147, 1.100000023841858, 0.9340000152587891, 0.8569999933242798, 0.859000027179718, 0.9190000295639038, 0.9679999947547913, 0.9269999861717224, 0.8659999966621399, 0.8949999809265137, 1.0700000524520874, 0.9480000138282776, 0.8700000047683716, 0.8130000233650208, 0.7649999856948853, 0.8199999928474426, 0.7599999904632568, 0.7279999852180481, 0.777999997138977]
assets:[0, 99.99999805576802, 203.96039073753357, 303.9603911962271, 380.8015442317724, 563.2431209633231, 682.3361340014696, 748.778586454153, 698.3774094821393, 838.3062263157367, 1023.8477086840511, 1057.4871600148679, 1304.069497963965, 1324.6914406385065, 1400.1599664171697, 1526.5782246607662, 1584.1731480578424, 1589.1227860744, 2241.371267322719, 2189.699524840808, 2360.334923242402, 2257.4936231956244, 3090.696649918771, 5224.5744522887235, 4999.309480047369, 3398.2995983399273, 2878.4838144178393, 3509.8963030571936, 3655.4793819178103, 3614.8841999999995, 3594.3881532026053, 3570.4435991957066, 3032.8643471225023, 3027.3735240152478, 3100.0999271928545, 2732.2666706371306, 2607.015490392291, 2713.0996163454947, 3002.605971192765, 3262.7012879207136, 3224.5083625992474, 3112.3238830040395, 3316.5471028205393, 4065.0342032705785, 3701.544169193649, 3496.9866821665883, 3367.8738160902085, 3269.0324403707386, 3604.060934563106, 3440.3491088293076, 3395.4922494549396, 3728.699191288054]
shares:[0, 99.0099, 194.248, 289.4861, 392.5789, 477.3247, 559.2919, 645.4988, 753.3737, 855.4145, 948.0071, 1047.017, 1133.9735, 1226.5661, 1320.9057, 1413.4983, 1508.7364, 1610.0535, 1685.2415, 1765.8867, 1844.0117, 1929.4818, 1993.9979, 2032.9084, 2074.4022, 2137.2953, 2214.2184, 2279.1535, 2343.2561, 2409.9228, 2478.8883, 2550.3169, 2637.2734, 2727.3635, 2818.2726, 2925.339, 3042.0251, 3158.4395, 3267.2534, 3370.5592, 3478.4341, 3593.9075, 3705.6393, 3799.0972, 3904.5824, 4019.5249, 4142.5261, 4273.2451, 4395.1963, 4526.7752, 4664.1378, 4792.6725]
growth_rate:-26.89
