ticker:BRY
price:[3.9600000381469727, 3.359999895095825, 4.03000020980835, 3.1500000953674316, 3.2799999713897705, 3.359999895095825, 3.180000066757202, 3.140000104904175, 2.619999885559082, 2.6700000762939453, 3.2899999618530273, 3.4000000953674316, 4.28000020980835, 3.9800000190734863, 3.819999933242798, 3.859999895095825, 3.7899999618530273, 3.680000066757202, 4.300000190734863, 4.710000038146973, 4.340000152587891, 3.8499999046325684, 4.309999942779541, 4.579999923706055, 4.630000114440918, 4.960000038146973, 5.510000228881836, 6.329999923706055, 5.650000095367432, 5.980000019073486, 6.019999980926514, 5.579999923706055, 6.050000190734863, 6.010000228881836, 6.110000133514404, 6.199999809265137, 6.25, 6.099999904632568, 6.360000133514404, 6.960000038146973, 6.869999885559082, 6.860000133514404, 6.820000171661377, 6.739999771118164, 6.519999980926514, 5.800000190734863, 5.590000152587891, 5.550000190734863, 5.260000228881836, 5.239999771118164, 4.960000038146973, 5.809999942779541]
assets:[0, 99.99998087785244, 219.94048545045854, 271.91367823228836, 383.13548465805053, 492.4802246240377, 566.0972518839836, 658.9764360157252, 649.8464316148758, 762.2481757808686, 1039.2494649500848, 1173.996572929716, 1577.8546053474427, 1567.2571435108187, 1604.2517559645653, 1721.050047226596, 1789.839230984974, 1837.8913933403492, 2247.5361396938324, 2561.8359027486804, 2460.587824510574, 2282.7792884538176, 2655.527160744667, 2921.88285732708, 3053.7813954811095, 3371.437513929462, 3845.2864507307054, 4517.543072551155, 4132.246219748974, 4473.5985462687495, 4603.522279414416, 4367.05190429039, 4834.886087426663, 4902.919722720337, 5084.498933105374, 5259.392878201676, 5401.8075, 5372.163776011562, 5701.1416436831, 6338.9849867432595, 6357.0149331044195, 6447.762145491123, 6510.166199862766, 6533.800262120438, 6420.530861217499, 5811.515511113548, 5701.098610620499, 5760.303572962283, 5559.314755906105, 5638.176349725914, 5436.900073814774, 6468.626765292977]
shares:[0, 29.7619, 54.5758, 86.3218, 116.8096, 146.5715, 178.018, 209.8651, 248.033, 285.4862, 315.8813, 345.2931, 368.6576, 393.7832, 419.9612, 445.8679, 472.2531, 499.427, 522.6828, 543.9142, 566.9557, 592.9297, 616.1316, 637.9657, 659.564, 679.7253, 697.8741, 713.6719, 731.371, 748.0934, 764.7047, 782.6258, 799.1547, 815.7936, 832.1602, 848.2892, 864.2892, 880.6826, 896.4059, 910.7737, 925.3297, 939.907, 954.5698, 969.4066, 984.744, 1001.9854, 1019.8745, 1037.8925, 1056.9039, 1075.9879, 1096.1492, 1113.3609]
growth_rate:26.84
