ticker:BSBK
price:[7.300000190734863, 7.75, 7.900000095367432, 7.579999923706055, 7.650000095367432, 7.840000152587891, 7.78000020980835, 7.920000076293945, 7.900000095367432, 7.949999809265137, 8.600000381469727, 8.8100004196167, 8.890000343322754, 8.859999656677246, 9.1899995803833, 9.279999732971191, 9.170000076293945, 8.90999984741211, 9.119999885559082, 8.90999984741211, 9.09000015258789, 9.069999694824219, 9.119999885559082, 9.140000343322754, 9.09000015258789, 9.0600004196167, 9.890000343322754, 10.630000114440918, 10.350000381469727, 10.470000267028809, 10.260000228881836, 9.989999771118164, 9.979999542236328, 9.760000228881836, 9.90999984741211, 9.970000267028809, 10.229999542236328, 10.149999618530273, 10.050000190734863, 10.149999618530273, 10.029999732971191, 9.970000267028809, 10.149999618530273, 10.149999618530273, 10.220000267028809, 10.199999809265137, 10.100000381469727, 10.149999618530273, 10.390000343322754, 10.449999809265137, 10.350000381469727, 10.380000114440918]
assets:[0, 99.9998, 201.93506243772507, 293.75531704330444, 396.46813994250294, 506.3150498542786, 602.4404262464046, 713.2815428710937, 811.4801097960471, 916.6158980087281, 1091.5593484182357, 1218.2133800230026, 1329.2755233352661, 1424.7898347897528, 1577.8576789547922, 1693.3104152755736, 1773.2386777532577, 1822.9610207809446, 1965.9263273308752, 2020.6578793952942, 2161.47932128334, 2256.723857068634, 2369.1643862709043, 2474.359870943546, 2560.8239349868772, 2652.3722008454324, 2995.359678981304, 3319.481159737015, 3332.043932809067, 3470.676307516766, 3501.0639961023335, 3508.9304766065598, 3605.4175486263275, 3625.9396370319364, 3781.6658517723085, 3904.562171576786, 4106.386265250778, 4174.273618117333, 4233.147515339184, 4375.267970563316, 4423.540812232018, 4497.079287446309, 4678.26981917553, 4778.269645417213, 4911.223172320748, 5001.611726472378, 5052.576700832176, 5177.588900409508, 5400.014619435788, 5531.198484043789, 5578.268290598107, 5694.436922781944]
shares:[0, 12.9032, 25.5614, 38.754, 51.8259, 64.581, 77.4345, 90.0608, 102.719, 115.2976, 126.9255, 138.2762, 149.5248, 160.8115, 171.6929, 182.4688, 193.3739, 204.5972, 215.5621, 226.7854, 237.7865, 248.8119, 259.7768, 270.7177, 281.7188, 292.7563, 302.8675, 312.2748, 321.9366, 331.4877, 341.2343, 351.2443, 361.2643, 371.5102, 381.601, 391.6311, 401.4063, 411.2585, 421.2087, 431.0609, 441.031, 451.0611, 460.9133, 470.7655, 480.5502, 490.3541, 500.2551, 510.1073, 519.7319, 529.3013, 538.9631, 548.597]
growth_rate:11.66
