ticker:BSCE
price:[26.100200653076172, 26.15999984741211, 26.200000762939453, 26.014999389648438, 26.05500030517578, 26.139999389648438, 26.170000076293945, 26.09000015258789, 26.059999465942383, 26.190000534057617, 26.270000457763672, 26.364999771118164, 26.350000381469727, 26.354999542236328, 26.389999389648438, 26.450000762939453, 26.360000610351562, 26.420000076293945, 26.420000076293945, 26.40999984741211, 26.3700008392334, 26.3799991607666, 26.399999618530273, 26.389999389648438, 26.440000534057617, 26.25, 26.260000228881836, 26.25, 26.280000686645508, 26.15999984741211, 26.200000762939453, 26.219999313354492, 26.25, 26.170000076293945, 26.190000534057617, 26.200000762939453, 26.190000534057617, 26.219999313354492, 26.209999084472656, 26.209999084472656, 26.25, 26.209999084472656, 26.18000030517578, 26.200000762939453, 26.200000762939453, 26.200000762939453, 26.170000076293945, 26.190000534057617, 26.209999084472656, 26.25, 26.239999771118164, 26.219999313354492]
assets:[0, 99.99921541671753, 200.15228582839967, 298.7380424911499, 399.1964761756897, 500.49995431365966, 601.0751787523269, 699.238094089508, 798.4340816373825, 902.4183724018097, 1005.1742815155029, 1108.8090668741227, 1208.1791374908446, 1308.4071297740936, 1410.1443393859863, 1513.3500186519623, 1608.1999132369995, 1711.8601269433975, 1811.8598272321701, 1911.172843957901, 2008.2786129140854, 2109.0413629045484, 2210.6409280570983, 2309.803169578552, 2414.178280763626, 2496.829125, 2597.781026642227, 2696.7911249999997, 2799.873901155281, 2887.0882151599885, 2991.5029871120455, 3093.786866980362, 3197.326125, 3287.582706584358, 3390.0965251296993, 3491.391141668701, 3590.0597982072827, 3694.172411257553, 3792.7624745170597, 3892.7614840240476, 3998.701875, 4092.607485043335, 4187.923018817902, 4291.122584956741, 4391.122747868729, 4491.122910780716, 4585.981090369606, 4689.487211626434, 4793.067089575959, 4900.3814999999995, 4998.515284399796, 5094.705808580589]
shares:[0, 3.8226, 7.6394, 11.4833, 15.3213, 19.1469, 22.9681, 26.801, 30.6383, 34.4566, 38.2632, 42.0561, 45.8512, 49.6455, 53.4348, 57.2155, 61.0091, 64.7941, 68.5791, 72.3655, 76.1577, 79.9485, 83.7364, 87.5257, 91.3078, 95.1173, 98.9254, 102.7349, 106.5401, 110.3627, 114.1795, 117.9934, 121.8029, 125.6241, 129.4424, 133.2592, 137.0775, 140.8914, 144.7067, 148.522, 152.3315, 156.1468, 159.9665, 163.7833, 167.6001, 171.4169, 175.2381, 179.0564, 182.8717, 186.6812, 190.4922, 194.3061]
growth_rate:-0.1
