ticker:BSCO
price:[22.260000228881836, 22.260000228881836, 22.290000915527344, 22.1299991607666, 22.209999084472656, 22.229999542236328, 22.2549991607666, 22.197999954223633, 22.170000076293945, 22.2450008392334, 22.229999542236328, 22.290000915527344, 22.290000915527344, 22.299999237060547, 22.309999465942383, 22.34000015258789, 22.34000015258789, 22.389999389648438, 22.3700008392334, 22.3799991607666, 22.329999923706055, 22.34000015258789, 22.3700008392334, 22.389999389648438, 22.3700008392334, 22.25, 22.209999084472656, 22.15999984741211, 22.170000076293945, 22.139999389648438, 22.18000030517578, 22.209999084472656, 22.219999313354492, 22.200000762939453, 22.219999313354492, 22.270000457763672, 22.270000457763672, 22.270000457763672, 22.260000228881836, 22.2450008392334, 22.274999618530273, 22.18000030517578, 22.155000686645508, 22.19499969482422, 22.204999923706055, 22.190000534057617, 22.174999237060547, 22.190000534057617, 22.170000076293945, 22.170000076293945, 22.15999984741211, 22.15999984741211]
assets:[0, 100.00082502822876, 200.13523122024537, 298.69966367244723, 399.7799835205078, 500.1394217010498, 600.70248634758, 699.1637451581955, 798.281843747139, 900.9825954912185, 1000.3744324001312, 1103.0741913070678, 1203.0738224143981, 1303.6133554000853, 1404.1980593862534, 1506.0868542869569, 1606.087396969986, 1709.682441394043, 1808.1559828348159, 1908.9646924152373, 2004.700306150627, 2105.598630381775, 2208.426881851387, 2310.4016470184324, 2408.33863135128, 2495.419825, 2590.934095198059, 2685.1005895111084, 2786.3123075885774, 2882.5415745346068, 2987.750287108612, 3091.791784552002, 3193.184995323753, 3290.3109530769348, 3393.276089140511, 3500.9108819618227, 3600.9098650173187, 3700.908848072815, 3799.247799064636, 3896.6879400096896, 4001.9420239648816, 4084.87513020401, 4180.271994558334, 4287.818698543549, 4389.750844917297, 4486.784822985649, 4583.7519597942355, 4686.852086800765, 4782.627700458526, 4882.627702802658, 4980.424509706116, 5080.423725017547]
shares:[0, 4.4924, 8.9787, 13.4975, 18.0, 22.4984, 26.9918, 31.4967, 36.0073, 40.5027, 45.0011, 49.4874, 53.9737, 58.458, 62.9403, 67.4166, 71.8929, 76.3592, 80.8295, 85.2978, 89.7761, 94.2524, 98.7227, 103.189, 107.6593, 112.1537, 116.6562, 121.1688, 125.6794, 130.1961, 134.7047, 139.2072, 143.7077, 148.2122, 152.7127, 157.203, 161.6933, 166.1836, 170.676, 175.1714, 179.6607, 184.1693, 188.683, 193.1885, 197.692, 202.1985, 206.7081, 211.2146, 215.7252, 220.2358, 224.7484, 229.261]
growth_rate:-0.38
