ticker:BSCQ
price:[21.764999389648438, 21.760000228881836, 21.795000076293945, 21.600000381469727, 21.68000030517578, 21.65999984741211, 21.704999923706055, 21.65999984741211, 21.65999984741211, 21.790000915527344, 21.719999313354492, 21.829999923706055, 21.8700008392334, 21.809999465942383, 21.81999969482422, 21.864999771118164, 21.889999389648438, 21.93000030517578, 21.809999465942383, 21.834999084472656, 21.790000915527344, 21.780000686645508, 21.81999969482422, 21.84000015258789, 21.725000381469727, 21.503000259399414, 21.389999389648438, 21.329999923706055, 21.31999969482422, 21.315000534057617, 21.329999923706055, 21.399999618530273, 21.454999923706055, 21.44499969482422, 21.46500015258789, 21.549999237060547, 21.530000686645508, 21.540000915527344, 21.545000076293945, 21.549999237060547, 21.594999313354492, 21.496999740600586, 21.475000381469727, 21.540000915527344, 21.575000762939453, 21.56999969482422, 21.610000610351562, 21.6200008392334, 21.56999969482422, 21.540000915527344, 21.549999237060547, 21.549999237060547]
assets:[0, 100.00025705184937, 200.16092170066833, 298.3694452693939, 399.4735176231384, 499.10487848396303, 600.1410773904801, 698.8967170764923, 798.8966043720245, 903.6923499694824, 1000.7902363615036, 1105.8597701351166, 1207.8867073511124, 1304.57384205513, 1405.1730683471678, 1508.070577713585, 1609.794933114624, 1712.7374098342896, 1803.3663488412856, 1905.4333786064149, 2001.5074600952148, 2100.5895902240754, 2204.448385168457, 2306.470000114441, 2394.3253270420073, 2469.8582630949018, 2556.8792450408932, 2649.7064425224303, 2748.4634966583253, 2847.8183558534624, 2949.821674448967, 3059.5023054622648, 3167.3651652368544, 3265.889026524353, 3368.9339204486846, 3482.275151716232, 3579.043970144653, 3680.7058144432067, 3781.5590228910446, 3882.43708754921, 3990.5442421146395, 4072.4346248588563, 4168.26750904274, 4280.883475952911, 4387.839512663651, 4486.823090519714, 4595.144046784973, 4697.269482336044, 4786.406659281159, 4879.74935140686, 4982.0150236206055, 5082.015640080262]
shares:[0, 4.5956, 9.1838, 13.8134, 18.4259, 23.0427, 27.6499, 32.2667, 36.8835, 41.4728, 46.0769, 50.6578, 55.2303, 59.8154, 64.3984, 68.9719, 73.5402, 78.1002, 82.6853, 87.2651, 91.8544, 96.4458, 101.0288, 105.6076, 110.2106, 114.8611, 119.5362, 124.2244, 128.9148, 133.6063, 138.2945, 142.9674, 147.6283, 152.2914, 156.9501, 161.5905, 166.2352, 170.8777, 175.5191, 180.1595, 184.7902, 189.442, 194.0986, 198.7411, 203.3761, 208.0122, 212.6397, 217.265, 221.9011, 226.5436, 231.184, 235.8244]
growth_rate:-0.35
