ticker:BSCR
price:[22.065000534057617, 22.079999923706055, 22.125, 21.899999618530273, 22.020000457763672, 22.024999618530273, 22.05500030517578, 21.989999771118164, 21.920000076293945, 22.139999389648438, 22.06999969482422, 22.211000442504883, 22.260000228881836, 22.21500015258789, 22.270000457763672, 22.309999465942383, 22.34000015258789, 22.389999389648438, 22.299999237060547, 22.354999542236328, 22.295000076293945, 22.290000915527344, 22.329999923706055, 22.315000534057617, 22.174999237060547, 21.920000076293945, 21.75, 21.649999618530273, 21.6299991607666, 21.649999618530273, 21.670000076293945, 21.73699951171875, 21.766000747680664, 21.795000076293945, 21.80900001525879, 21.895000457763672, 21.8700008392334, 21.875, 21.895000457763672, 21.915000915527344, 22.0049991607666, 21.895000457763672, 21.850000381469727, 21.934999465942383, 21.989999771118164, 22.0, 22.059999465942383, 22.079999923706055, 21.9950008392334, 21.98699951171875, 21.979999542236328, 22.0]
assets:[0, 100.00031965446472, 200.2047, 298.1684948062897, 399.8017343112946, 499.8926063419342, 600.5730968101501, 698.8026107265472, 796.5771867725373, 904.5717410629273, 1001.7109391487122, 1108.111254276657, 1210.5566884471893, 1308.1102904850006, 1411.3479170104981, 1513.8829407606127, 1615.9192310371398, 1719.5362801254273, 1812.6242179855349, 1917.0954602436066, 2011.9498558849334, 2111.498351726532, 2215.287836431122, 2313.80000687542, 2399.283914951706, 2471.6926326028824, 2552.52345, 2640.786848469734, 2738.3470787534716, 2840.878309944153, 2943.503287363243, 3052.6050946289065, 3156.677379834556, 3260.8829109148023, 3362.9783349529266, 3476.240759178543, 3572.27218108139, 3673.0881249999998, 3776.447489455032, 3879.8975070877077, 3995.830584605789, 4075.857241714859, 4167.481162758255, 4283.692626203728, 4394.433176260757, 4496.4326, 4608.695672426606, 4712.874415715409, 4794.732023446083, 4892.98687133789, 4991.429304046631, 5095.9722]
shares:[0, 4.529, 9.0488, 13.615, 18.1563, 22.6966, 27.2307, 31.7782, 36.3402, 40.8569, 45.3879, 49.8902, 54.3826, 58.8841, 63.3744, 67.8567, 72.333, 76.7993, 81.2836, 85.7569, 90.2422, 94.7285, 99.2068, 103.6881, 108.1977, 112.7597, 117.3574, 121.9763, 126.5995, 131.2184, 135.8331, 140.4336, 145.0279, 149.6161, 154.2014, 158.7687, 163.3412, 167.9126, 172.4799, 177.043, 181.5874, 186.1547, 190.7314, 195.2903, 199.8378, 204.3833, 208.9164, 213.4454, 217.9919, 222.54, 227.0896, 231.6351]
growth_rate:-0.08
