ticker:BSCT
price:[21.489999771118164, 21.52400016784668, 21.545000076293945, 21.35700035095215, 21.479999542236328, 21.475000381469727, 21.52199935913086, 21.40999984741211, 21.309999465942383, 21.56999969482422, 21.520000457763672, 21.649999618530273, 21.66900062561035, 21.643999099731445, 21.655000686645508, 21.684999465942383, 21.739999771118164, 21.799999237060547, 21.530000686645508, 21.584999084472656, 21.530000686645508, 21.510000228881836, 21.5, 21.5, 21.274999618530273, 21.070999145507812, 20.81999969482422, 20.69499969482422, 20.59000015258789, 20.690000534057617, 20.770000457763672, 20.84000015258789, 20.91900062561035, 20.959999084472656, 20.893999099731445, 21.010000228881836, 20.940000534057617, 20.959999084472656, 20.979999542236328, 21.052000045776367, 21.25, 21.26099967956543, 21.170000076293945, 21.309999465942383, 21.375, 21.43000030517578, 21.450000762939453, 21.5, 21.389999389648438, 21.415000915527344, 21.399999618530273, 21.3700008392334]
assets:[0, 100.00050477981567, 200.09703370857238, 298.3508878026962, 400.06928747406005, 499.9766638813019, 601.0707025016785, 697.9424440258026, 794.6818450841904, 904.3783192047118, 1002.2811093200683, 1108.334925471306, 1209.3079207141875, 1307.9122351982116, 1408.5776711637498, 1510.529355798721, 1614.3602070037841, 1718.8165798461916, 1797.5289923276903, 1902.1197648216246, 1997.2735736980437, 2095.418182296753, 2194.4448, 2294.4456, 2370.434927497101, 2447.7062944381714, 2518.549559083557, 2603.428892108917, 2690.2194139366147, 2803.286103359413, 2914.124529226303, 3023.946542140961, 3135.4088464685437, 3241.5539864097595, 3331.347574060822, 3449.842037582397, 3538.3470602426532, 3641.7264809303283, 3745.2005602832796, 3858.0526843891143, 3994.339125, 4096.405708561135, 4178.87333506012, 4306.507958073044, 4419.644625, 4531.017826524353, 4635.246494867706, 4746.0519, 4821.7700254135125, 4927.405400154877, 5023.953790444564, 5116.9120699491505]
shares:[0, 4.646, 9.2874, 13.9697, 18.6252, 23.2818, 27.9282, 32.5989, 37.2915, 41.9276, 46.5744, 51.1933, 55.8082, 60.4284, 65.0463, 69.6578, 74.2576, 78.8448, 83.4895, 88.1223, 92.767, 97.416, 102.0672, 106.7184, 111.4188, 116.1647, 120.9678, 125.7999, 130.6566, 135.4899, 140.3045, 145.103, 149.8833, 154.6543, 159.4404, 164.2, 168.9755, 173.7465, 178.5129, 183.263, 187.9689, 192.6723, 197.396, 202.0886, 206.767, 211.4334, 216.0954, 220.7466, 225.4217, 230.0913, 234.7642, 239.4437]
growth_rate:0.33
