ticker:BSCU
price:[20.010000228881836, 19.7450008392334, 19.860000610351562, 19.892000198364258, 19.930999755859375, 19.860000610351562, 19.729999542236328, 20.072999954223633, 20.03499984741211, 20.200000762939453, 20.260000228881836, 20.219999313354492, 20.225000381469727, 20.260000228881836, 20.280000686645508, 20.350000381469727, 20.049999237060547, 20.100000381469727, 20.020000457763672, 19.985000610351562, 19.979999542236328, 19.94499969482422, 19.700000762939453, 19.479999542236328, 19.19499969482422, 19.06999969482422, 18.954999923706055, 19.079999923706055, 19.165000915527344, 19.21500015258789, 19.299999237060547, 19.325000762939453, 19.235000610351562, 19.344999313354492, 19.290000915527344, 19.309999465942383, 19.329999923706055, 19.399999618530273, 19.610000610351562, 19.6299991607666, 19.51099967956543, 19.648000717163086, 19.735000610351562, 19.790000915527344, 19.815000534057617, 19.895000457763672, 19.774999618530273, 19.799999237060547, 19.795000076293945, 19.760000228881836, 19.809999465942383, 19.809999465942383]
assets:[0, 100.00053125038148, 200.5820341644287, 300.9042978006363, 401.49404528198244, 500.06289936828614, 596.7890801536561, 707.1637591873168, 805.8257253627777, 912.4623144630432, 1015.1718834686279, 1113.1675781982422, 1213.4433928871156, 1315.5425948619843, 1416.8419679718018, 1521.7323285255434, 1599.298214143753, 1703.2860923259734, 1796.5067530776978, 1893.3669668243408, 1992.8930663406372, 2089.4022670303343, 2163.735793796921, 2239.5726913719177, 2306.8070758247372, 2391.784152724457, 2477.3616250286104, 2593.698937628746, 2705.252952732086, 2812.311265332794, 2924.750834383011, 3028.538752064896, 3114.435123825073, 3232.245668772316, 3323.0556647163394, 3426.501475233078, 3530.0503850671766, 3642.83298836956, 3782.2651407211306, 3886.121488858223, 3962.563066721725, 4090.3875925014495, 4208.498747657775, 4320.228443862915, 4425.686313781929, 4543.554551042556, 4616.149350952149, 4721.984998051072, 4820.793159080315, 4912.268872899246, 5024.699390539169, 5124.700267843247]
shares:[0, 5.0646, 10.0998, 15.1269, 20.1442, 25.1794, 30.2478, 35.2296, 40.2209, 45.1714, 50.1072, 55.0528, 59.9972, 64.933, 69.864, 74.778, 79.7655, 84.7406, 89.7356, 94.7394, 99.7444, 104.7582, 109.8343, 114.9678, 120.1775, 125.4213, 130.697, 135.9381, 141.1559, 146.3602, 151.5415, 156.7161, 161.915, 167.0843, 172.2683, 177.447, 182.6203, 187.7749, 192.8743, 197.9685, 203.0938, 208.1834, 213.2505, 218.3036, 223.3503, 228.3767, 233.4336, 238.4841, 243.5359, 248.5966, 253.6446, 258.6926]
growth_rate:0.48
