ticker:BSET
price:[12.380000114440918, 12.399999618530273, 14.220000267028809, 13.0600004196167, 15.149999618530273, 15.600000381469727, 16.739999771118164, 15.630000114440918, 14.760000228881836, 15.170000076293945, 14.779999732971191, 16.329999923706055, 16.56999969482422, 17.979999542236328, 18.139999389648438, 19.549999237060547, 19.90999984741211, 20.079999923706055, 20.15999984741211, 21.389999389648438, 23.350000381469727, 19.3799991607666, 22.420000076293945, 22.600000381469727, 22.280000686645508, 21.1299991607666, 21.290000915527344, 27.56999969482422, 24.43000030517578, 23.459999084472656, 24.18000030517578, 25.940000534057617, 25.780000686645508, 26.739999771118164, 34.29999923706055, 35.95000076293945, 30.420000076293945, 31.65999984741211, 30.290000915527344, 30.649999618530273, 30.700000762939453, 26.350000381469727, 26.540000915527344, 26.399999618530273, 24.899999618530273, 25.020000457763672, 23.440000534057617, 22.780000686645508, 22.040000915527344, 23.469999313354492, 19.889999389648438, 22.110000610351562]
assets:[0, 99.9997969236374, 214.6765000312805, 297.1646375478744, 444.72066380214693, 557.9308936431885, 698.7024804468156, 752.3735005087852, 810.4952285682679, 933.0096166923523, 1009.0231917700767, 1214.8409503242492, 1332.6952494552613, 1546.0983626369477, 1659.857108151245, 1888.8759612865447, 2023.658357490921, 2140.937623865509, 2249.4668949741363, 2486.7114910430905, 2814.5740209817886, 2436.0368245096206, 2918.160305930329, 3041.589411339569, 3098.5220274930953, 3038.5889643144606, 3161.597070957184, 4194.185455574036, 3816.5010646751407, 3764.966223072052, 3980.514068238068, 4370.246777975464, 4443.291394346237, 4708.750845695305, 6140.022283426666, 6535.386588695526, 5630.0819001203545, 5959.580225277328, 5801.695282358551, 5970.647510689354, 6080.386891106415, 5318.834532000923, 5457.186836251831, 5528.400160116767, 5314.287398584747, 5439.898539527893, 5196.371526394271, 5150.0569952354435, 5082.759219134521, 5512.53955872345, 4771.684446574402, 5404.2700641860965]
shares:[0, 8.0645, 15.0968, 22.7538, 29.3545, 35.7648, 41.7385, 48.1365, 54.9116, 61.5036, 68.2695, 74.3932, 80.4282, 85.9899, 91.5026, 96.6177, 101.6403, 106.6204, 111.5807, 116.2558, 120.5385, 125.6985, 130.1588, 134.5836, 139.0719, 143.8045, 148.5015, 152.1286, 156.2219, 160.4845, 164.6201, 168.4752, 172.3542, 176.0939, 179.0094, 181.791, 185.0783, 188.2369, 191.5383, 194.8009, 198.0582, 201.8533, 205.6212, 209.4091, 213.4252, 217.422, 221.6882, 226.078, 230.6152, 234.876, 239.9037, 244.4265]
growth_rate:5.97
