ticker:BSGM
price:[7.409999847412109, 7.079999923706055, 8.600000381469727, 5.21999979019165, 4.929999828338623, 5.400000095367432, 5.590000152587891, 5.019999980926514, 3.1600000858306885, 3.2699999809265137, 3.859999895095825, 4.429999828338623, 4.639999866485596, 4.489999771118164, 5.300000190734863, 4.46999979019165, 4.409999847412109, 3.9000000953674316, 4.559999942779541, 4.820000171661377, 4.789999961853027, 4.429999828338623, 5.010000228881836, 5.519999980926514, 5.110000133514404, 4.449999809265137, 4.230000019073486, 4.579999923706055, 4.610000133514404, 4.25, 4.480000019073486, 4.570000171661377, 3.880000114440918, 3.819999933242798, 3.4200000762939453, 3.2100000381469727, 3.3299999237060547, 3.369999885559082, 3.619999885559082, 3.549999952316284, 4.119999885559082, 3.680000066757202, 3.5999999046325684, 4.170000076293945, 3.880000114440918, 3.4100000858306885, 3.700000047683716, 3.390000104904175, 3.2699999809265137, 2.9749999046325684, 2.8499999046325684, 3.059999942779541]
assets:[0, 100.00004292240143, 221.46892982368468, 234.4265365776539, 321.4029578088283, 452.04372798337937, 567.9490465030669, 610.036421682167, 484.00710114641186, 600.8553024952889, 809.2663480063677, 1028.7695571354388, 1177.537310116768, 1239.4702738168717, 1563.0718162513733, 1418.2889154297827, 1499.2513311252594, 1425.8685048670293, 1767.1691538249493, 1967.9289500865937, 2055.6802156288145, 2001.1824284546851, 2363.1885509622575, 2703.752294657612, 2602.9303350095274, 2366.7395185573578, 2349.7324395951746, 2644.1548679534912, 2761.474903977585, 2645.8281500000003, 2889.0140282999037, 3047.0521844553946, 2686.993975253105, 2745.442356021452, 2557.961697063446, 2500.8936957201004, 2694.384856268692, 2826.749838007164, 3136.449350845814, 3175.799782342553, 3785.7166908444406, 3481.4169591547966, 3505.7339071297647, 4160.808562125778, 3971.4478371381756, 3590.37033537066, 3995.7096014946696, 3760.93391638279, 3727.8032482562066, 3491.502728075409, 3444.8008697291853, 3798.628236967564]
shares:[0, 14.1243, 25.7522, 44.9093, 65.1933, 83.7118, 101.6009, 121.5212, 153.1668, 183.7478, 209.6545, 232.2279, 253.7796, 276.0513, 294.9192, 317.2906, 339.9663, 365.6073, 387.5371, 408.284, 429.1608, 451.7342, 471.6943, 489.8102, 509.3797, 531.8516, 555.4923, 577.3264, 599.0184, 622.5478, 644.8692, 666.751, 692.5242, 718.7022, 747.942, 779.0946, 809.1246, 838.7982, 866.4225, 894.5915, 918.8633, 946.0372, 973.815, 997.7958, 1023.569, 1052.8945, 1079.9215, 1109.42, 1140.001, 1173.6144, 1208.7021, 1241.3818]
growth_rate:-25.52
