ticker:BSJL
price:[23.049999237060547, 23.040000915527344, 23.030000686645508, 22.81999969482422, 22.969999313354492, 23.100000381469727, 23.059999465942383, 23.030000686645508, 22.959999084472656, 23.06999969482422, 23.1200008392334, 23.1299991607666, 23.079999923706055, 23.1200008392334, 23.09000015258789, 23.1200008392334, 23.06999969482422, 23.100000381469727, 23.1299991607666, 23.100000381469727, 23.079999923706055, 23.079999923706055, 23.09000015258789, 23.110000610351562, 23.1200008392334, 23.030000686645508, 23.059999465942383, 23.079999923706055, 23.059999465942383, 23.059999465942383, 23.062000274658203, 23.06999969482422, 23.06999969482422, 23.03499984741211, 23.03499984741211, 23.05500030517578, 23.049999237060547, 23.05500030517578, 23.030000686645508, 23.020000457763672, 23.030000686645508, 23.030000686645508, 23.010000228881836, 23.020000457763672, 23.030000686645508, 23.030000686645508, 23.010000228881836, 23.0, 23.0, 23.010000228881836, 23.0, 23.010000228881836]
assets:[0, 100.00051597366333, 199.9579809617996, 298.1341680130005, 400.09374503993985, 502.3580182958603, 601.4878020698548, 700.7061948917388, 798.5763201568603, 902.4014940628052, 1004.3582684572219, 1104.7928449144363, 1202.4056800252913, 1304.4905593517303, 1402.7983242702485, 1504.6219106163026, 1601.3671168167114, 1703.4494681304932, 1805.6618884845732, 1903.319911431122, 2001.673001383209, 2101.6740250526427, 2202.5851315555574, 2304.4922848632814, 2405.490431316948, 2496.1273514226914, 2599.3784837997437, 2701.634007069397, 2799.292537169838, 2899.292224853897, 2999.542922323227, 3100.5825819847105, 3200.5818026618954, 3295.7256926685336, 3395.7252340061186, 3498.6746833114626, 3597.9158709114076, 3698.697560459137, 3794.68775813961, 3893.038887414932, 3994.7309501039504, 4094.7318190855026, 4191.174899689865, 4292.995281368256, 4394.861091033936, 4494.861960015488, 4590.957546666527, 4688.9617, 4788.9610999999995, 4891.042464651489, 4988.9162, 5091.084503641319]
shares:[0, 4.3403, 8.6825, 13.0646, 17.4181, 21.7471, 26.0836, 30.4258, 34.7812, 39.1158, 43.4411, 47.7645, 52.0973, 56.4226, 60.7535, 65.0788, 69.4134, 73.7424, 78.0658, 82.3948, 86.7276, 91.0604, 95.3913, 99.7184, 104.0437, 108.3859, 112.7224, 117.0552, 121.3917, 125.7282, 130.0643, 134.3989, 138.7335, 143.0747, 147.4159, 151.7534, 156.0918, 160.4293, 164.7715, 169.1155, 173.4577, 177.7999, 182.1458, 186.4898, 190.832, 195.1742, 199.5201, 203.8679, 208.2157, 212.5616, 216.9094, 221.2553]
growth_rate:-0.17
