ticker:BSJO
price:[24.389999389648438, 24.34000015258789, 24.329999923706055, 23.959999084472656, 24.15999984741211, 24.389999389648438, 24.31999969482422, 24.309999465942383, 24.100000381469727, 24.520000457763672, 24.584999084472656, 24.690000534057617, 24.690000534057617, 24.850000381469727, 24.799999237060547, 24.8700008392334, 24.899999618530273, 24.920000076293945, 24.959999084472656, 24.920000076293945, 24.889999389648438, 24.790000915527344, 25.030000686645508, 25.06999969482422, 25.059999465942383, 24.81999969482422, 24.899999618530273, 24.899999618530273, 24.850000381469727, 24.920000076293945, 25.040000915527344, 25.06999969482422, 25.100000381469727, 25.030000686645508, 25.059999465942383, 25.100000381469727, 25.049999237060547, 25.040000915527344, 25.040000915527344, 25.09000015258789, 25.170000076293945, 25.1200008392334, 25.139999389648438, 25.209999084472656, 25.200000762939453, 25.139999389648438, 25.110000610351562, 25.06999969482422, 25.059999465942383, 25.049999237060547, 25.040000915527344, 25.09000015258789]
assets:[0, 100.00089062690735, 199.96097037296295, 296.9194966545105, 399.3986214775086, 503.19983340759273, 601.7546164489746, 701.5063615888596, 795.447022590828, 909.3095049758912, 1011.7194238243103, 1116.0398731405257, 1216.039313303566, 1323.9185603233338, 1421.2557162769317, 1525.2672034698487, 1627.1079050725934, 1728.4138252916337, 1831.187836832428, 1928.2522899034502, 2025.9314563201904, 2117.79242521286, 2238.295296402931, 2341.8714024925234, 2440.936669980812, 2517.5595830451966, 2625.6750797744753, 2725.6759682424545, 2820.201693292618, 2928.144864964676, 3042.244927232361, 3145.8888557052614, 3249.654379388237, 3340.591496642113, 3444.594660591698, 3550.093853954315, 3643.0213890457153, 3741.5670808013915, 3841.566828457642, 3949.238785017776, 4061.831415312004, 4153.762954772949, 4257.069226646423, 4368.923093338012, 4467.1915352458955, 4556.554497375488, 4651.117880055237, 4743.707737255097, 4841.814930815315, 4939.882394547653, 5037.910464199066, 5147.971249308014]
shares:[0, 4.1085, 8.2187, 12.3923, 16.5314, 20.6314, 24.7432, 28.8567, 33.0061, 37.0844, 41.1519, 45.2021, 49.2523, 53.2764, 57.3087, 61.3296, 65.3457, 69.3585, 73.3649, 77.3777, 81.3954, 85.4293, 89.4245, 93.4133, 97.4037, 101.4327, 105.4488, 109.4649, 113.489, 117.5018, 121.4954, 125.4842, 129.4683, 133.4635, 137.4539, 141.438, 145.43, 149.4236, 153.4172, 157.4029, 161.3759, 165.3568, 169.3345, 173.3012, 177.2695, 181.2472, 185.2297, 189.2185, 193.2089, 197.2009, 201.1945, 205.1802]
growth_rate:0.94
