ticker:BSJR
price:[24.797000885009766, 24.75, 24.639999389648438, 24.09000015258789, 24.489999771118164, 24.84000015258789, 24.774999618530273, 24.809999465942383, 24.440000534057617, 25.110000610351562, 25.139999389648438, 25.239999771118164, 25.216999053955078, 25.434999465942383, 25.415000915527344, 25.540000915527344, 25.4950008392334, 25.6200008392334, 25.600000381469727, 25.540000915527344, 25.46500015258789, 25.34000015258789, 25.610000610351562, 25.700000762939453, 25.6299991607666, 25.360000610351562, 25.3700008392334, 25.290000915527344, 25.1200008392334, 25.290000915527344, 25.389999389648438, 25.475000381469727, 25.509000778198242, 25.440000534057617, 25.44499969482422, 25.559999465942383, 25.434999465942383, 25.44499969482422, 25.440000534057617, 25.514999389648438, 25.649999618530273, 25.590999603271484, 25.6299991607666, 25.7450008392334, 25.75, 25.625, 25.6299991607666, 25.579999923706055, 25.514999389648438, 25.520000457763672, 25.489999771118164, 25.6200008392334]
assets:[0, 99.9999, 199.55442705688478, 295.1000928691864, 400.00006426162724, 505.7175631065369, 604.3935481939316, 705.2465638189316, 794.730161366272, 916.5175332778931, 1017.6118672943115, 1121.660541828537, 1220.6389260063172, 1331.1915670490266, 1430.1453070182802, 1537.1785891029358, 1634.4692068027496, 1742.4828690784457, 1841.121307434845, 1936.8055374282835, 2031.1189701705932, 2121.1480627727506, 2243.748495474243, 2351.6348798114777, 2445.2300699329376, 2519.4704126373294, 2620.464849684334, 2712.2008581848145, 2793.969581343651, 2912.877015449524, 3024.3957912963865, 3134.5204719371795, 3238.704367602539, 3329.943429904938, 3430.596638854981, 3546.102309906769, 3628.760503807068, 3730.186065261841, 3829.452752391052, 3940.743177232361, 4061.5927945955277, 4152.2497269290925, 4258.578140556336, 4377.685091703415, 4478.535275, 4556.7938125, 4657.683361487961, 4748.597003837013, 4836.531430303955, 4937.47953656578, 5031.674974819183, 5157.33691293869]
shares:[0, 4.0404, 8.0988, 12.2499, 16.3332, 20.359, 24.3953, 28.4259, 32.5176, 36.5001, 40.4778, 44.4398, 48.4054, 52.337, 56.2717, 60.1871, 64.1094, 68.0126, 71.9188, 75.8342, 79.7612, 83.7075, 87.6122, 91.5033, 95.405, 99.3482, 103.2899, 107.244, 111.2249, 115.179, 119.1176, 123.043, 126.9632, 130.894, 134.824, 138.7364, 142.668, 146.598, 150.5288, 154.4481, 158.3467, 162.2543, 166.156, 170.0402, 173.9237, 177.8261, 181.7278, 185.6371, 189.5564, 193.4749, 197.398, 201.3012]
growth_rate:1.12
