ticker:BSML
price:[25.344999313354492, 25.344999313354492, 25.344999313354492, 25.329999923706055, 25.34000015258789, 25.329999923706055, 25.325000762939453, 25.329999923706055, 25.31999969482422, 25.329999923706055, 25.34000015258789, 25.34000015258789, 25.309999465942383, 25.30500030517578, 25.315000534057617, 25.315000534057617, 25.309999465942383, 25.315000534057617, 25.315000534057617, 25.325000762939453, 25.333999633789062, 25.349000930786133, 25.34000015258789, 25.329999923706055, 25.309999465942383, 25.309999465942383, 25.31999969482422, 25.31999969482422, 25.315000534057617, 25.315000534057617, 25.31999969482422, 25.31999969482422, 25.31999969482422, 25.309999465942383, 25.325000762939453, 25.28499984741211, 25.31999969482422, 25.30500030517578, 25.270000457763672, 25.290000915527344, 25.270000457763672, 25.239999771118164, 25.260000228881836, 25.260000228881836, 25.260000228881836, 25.260000228881836, 25.260000228881836, 25.260000228881836, 25.260000228881836, 25.260000228881836, 25.260000228881836, 25.26300048828125]
assets:[0, 100.00122929077149, 200.00245858154298, 299.8844020967484, 400.0020384086609, 499.8444874944687, 599.7466680679321, 699.8653648920059, 799.5878663627625, 899.9039732894897, 1000.2584960231782, 1100.2577386253358, 1198.9549227012635, 1298.7184086624145, 1399.2309615188599, 1499.2302766284943, 1598.933906261444, 1699.2491588481903, 1799.2484739578247, 1899.9600647380828, 2000.6360846801758, 2101.8200168764115, 2201.072957254028, 2300.204628071785, 2398.388204392433, 2498.3880122823716, 2599.37395667038, 2699.372763465118, 2798.8391165456774, 2898.8384316553115, 2999.4096958488462, 3099.408502643585, 3199.4073094383243, 3298.1434994070055, 3400.0991474311827, 3494.728326410294, 3599.564584615326, 3697.432528090668, 3792.3195086975097, 3895.3202100151066, 3992.240590319061, 4087.5018589336396, 4190.740129972458, 4290.739418878556, 4390.738707784652, 4490.73799669075, 4590.737285596847, 4690.736574502946, 4790.735863409042, 4890.73515231514, 4990.734441221237, 5091.328277404785]
shares:[0, 3.9456, 7.8912, 11.8391, 15.7854, 19.7333, 23.682, 27.6299, 31.5793, 35.5272, 39.4735, 43.4198, 47.3708, 51.3226, 55.2728, 59.223, 63.174, 67.1242, 71.0744, 75.0231, 78.9704, 82.9153, 86.8616, 90.8095, 94.7605, 98.7115, 102.6609, 106.6103, 110.5605, 114.5107, 118.4601, 122.4095, 126.3589, 130.3099, 134.2586, 138.2135, 142.1629, 146.1147, 150.072, 154.0261, 157.9834, 161.9454, 165.9042, 169.863, 173.8218, 177.7806, 181.7394, 185.6982, 189.657, 193.6158, 197.5746, 201.533]
growth_rate:-0.17
