ticker:BSMN
price:[25.56999969482422, 25.579999923706055, 25.579999923706055, 25.59000015258789, 25.56999969482422, 25.559999465942383, 25.549999237060547, 25.540000915527344, 25.520000457763672, 25.549999237060547, 25.56999969482422, 25.594999313354492, 25.549999237060547, 25.549999237060547, 25.579999923706055, 25.584999084472656, 25.614999771118164, 25.614999771118164, 25.649999618530273, 25.649999618530273, 25.65999984741211, 25.674999237060547, 25.649999618530273, 25.65999984741211, 25.645000457763672, 25.610000610351562, 25.614999771118164, 25.6299991607666, 25.6299991607666, 25.6299991607666, 25.6299991607666, 25.639999389648438, 25.670000076293945, 25.670000076293945, 25.700000762939453, 25.649999618530273, 25.655000686645508, 25.690000534057617, 25.649999618530273, 25.68000030517578, 25.674999237060547, 25.670000076293945, 25.639999389648438, 25.65999984741211, 25.670000076293945, 25.68000030517578, 25.68000030517578, 25.69499969482422, 25.684999465942383, 25.68000030517578, 25.68000030517578, 25.65999984741211]
assets:[0, 99.99989370174409, 199.99978740348817, 300.0785777893066, 399.84319922790525, 499.68776555938723, 599.4924070987702, 699.2571310661316, 798.7096623268127, 899.6486881359101, 1000.3520850608827, 1101.3297849542619, 1199.3936141853333, 1299.3937561992645, 1400.9193918216704, 1501.1921457817077, 1602.9533861768723, 1702.9543452833175, 1805.2803181516647, 1905.2794066644667, 2006.0218080711365, 2107.193402384186, 2205.140727204895, 2306.000036287308, 2404.6521934230805, 2501.3697356140137, 2601.85897075119, 2703.383110479927, 2803.38367820549, 2903.384245931053, 3003.384813656616, 3104.557790097046, 3208.19040353508, 3308.1904558322904, 3412.0580312915804, 3505.418722867012, 3606.1028135158535, 3711.0233371467593, 3805.244133407974, 3909.6953024620057, 4008.9328933734896, 4108.152369209862, 4203.352271940613, 4306.630678390503, 4408.309113101959, 4510.026941596222, 4610.0274307846075, 4712.71989402771, 4810.885160469246, 4909.949290348815, 5009.949779537201, 5106.047445636749]
shares:[0, 3.9093, 7.8186, 11.7264, 15.6372, 19.5496, 23.4635, 27.3789, 31.2974, 35.2113, 39.1221, 43.0291, 46.943, 50.8569, 54.7662, 58.6747, 62.5787, 66.4827, 70.3813, 74.2799, 78.177, 82.0718, 85.9704, 89.8675, 93.7669, 97.6716, 101.5756, 105.4773, 109.379, 113.2807, 117.1824, 121.0826, 124.9782, 128.8738, 132.7649, 136.6635, 140.5614, 144.454, 148.3526, 152.2467, 156.1415, 160.0371, 163.9373, 167.8344, 171.73, 175.6241, 179.5182, 183.41, 187.3033, 191.1974, 195.0915, 198.9886]
growth_rate:0.12
