ticker:BSMQ
price:[25.524999618530273, 25.530000686645508, 25.549999237060547, 25.530000686645508, 25.44499969482422, 25.40999984741211, 25.469999313354492, 25.40999984741211, 25.420000076293945, 25.579999923706055, 25.6200008392334, 25.760000228881836, 25.700000762939453, 25.760000228881836, 25.84000015258789, 25.860000610351562, 25.8700008392334, 25.8799991607666, 25.889999389648438, 25.905000686645508, 25.90999984741211, 26.030000686645508, 26.040000915527344, 26.100000381469727, 25.922000885009766, 25.584999084472656, 25.649999618530273, 25.739999771118164, 25.645000457763672, 25.71500015258789, 25.75, 25.829999923706055, 26.0, 25.975000381469727, 25.934999465942383, 25.959999084472656, 25.920000076293945, 25.934999465942383, 25.950000762939453, 26.0, 26.15999984741211, 26.040000915527344, 25.93000030517578, 26.010000228881836, 26.059999465942383, 26.114999771118164, 26.100000381469727, 26.1200008392334, 26.110000610351562, 26.094999313354492, 26.049999237060547, 26.049999237060547]
assets:[0, 100.00101268959045, 200.07948902549742, 299.92389506664273, 398.9241607154846, 498.37649100723263, 599.5535958366394, 698.1422868076324, 798.4167823963165, 903.4421113054276, 1004.8548629159927, 1110.346169865608, 1207.7612558540343, 1310.5812276447298, 1414.6521523536683, 1515.7477317749024, 1616.3343694345474, 1716.9593723226549, 1817.6229411499025, 1918.6771903570175, 2019.0471021095275, 2128.397669145012, 2229.214170375824, 2334.350104118156, 2418.429363368225, 2486.987277506256, 2593.3047364320755, 2702.4039659700393, 2792.430245344925, 2900.0528577083587, 3004.0001500000003, 3113.333801804161, 3233.8253999999997, 3330.717153915024, 3425.588095459747, 3528.8906475471495, 3623.4527146654127, 3725.54970578289, 3827.705557535934, 3935.0818, 4059.2968803226468, 4140.675229579926, 4223.1828477035515, 4336.212971157646, 4444.548544916153, 4553.928437087631, 4651.312387982178, 4754.877116773796, 4853.057980445862, 4950.270950242042, 5041.735087340164, 5141.735824411392]
shares:[0, 3.917, 7.8309, 11.7479, 15.6779, 19.6134, 23.5396, 27.4751, 31.409, 35.3183, 39.2215, 43.1035, 46.9946, 50.8766, 54.7466, 58.6136, 62.4791, 66.3431, 70.2056, 74.0659, 77.9254, 81.7671, 85.6073, 89.4387, 93.2964, 97.2049, 101.1035, 104.9885, 108.8879, 112.7767, 116.6602, 120.5317, 124.3779, 128.2278, 132.0836, 135.9357, 139.7937, 143.6495, 147.5031, 151.3493, 155.1719, 159.0121, 162.8686, 166.7133, 170.5506, 174.3798, 178.2112, 182.0397, 185.8697, 189.7019, 193.5407, 197.3795]
growth_rate:0.82
