ticker:BSMS
price:[25.71500015258789, 25.729999542236328, 25.729999542236328, 25.71500015258789, 25.565000534057617, 25.46500015258789, 25.510000228881836, 25.454999923706055, 25.46500015258789, 25.69499969482422, 25.7450008392334, 26.03499984741211, 26.0049991607666, 26.0049991607666, 26.139999389648438, 26.155000686645508, 26.155000686645508, 26.190000534057617, 26.200000762939453, 26.155000686645508, 26.165000915527344, 26.360000610351562, 26.399999618530273, 26.434999465942383, 26.170000076293945, 25.690000534057617, 25.700000762939453, 25.860000610351562, 25.75, 25.799999237060547, 25.854999542236328, 26.030000686645508, 26.15999984741211, 26.18000030517578, 26.149999618530273, 26.155000686645508, 26.155000686645508, 26.145000457763672, 26.190000534057617, 26.270000457763672, 26.440000534057617, 26.3700008392334, 26.235000610351562, 26.344999313354492, 26.475000381469727, 26.540000915527344, 26.514999389648438, 26.520000457763672, 26.454999923706055, 26.415000915527344, 26.434999465942383, 26.385000228881836]
assets:[0, 99.99964322090149, 199.99928644180298, 299.8831887794494, 398.1339793170929, 496.5776889755249, 597.4544093605042, 696.1662474134446, 796.4407982723236, 903.6340407676697, 1005.3911982736588, 1116.7166449550627, 1215.4294522756577, 1315.4290760484696, 1422.2590687911988, 1523.076308485222, 1623.0773381105423, 1725.250571180725, 1825.909493170166, 1922.7744134784698, 2023.5095933036805, 2138.589485517883, 2241.835167606354, 2344.8082441286087, 2421.303364058876, 2476.8936944910047, 2577.8591365272523, 2693.9086715820313, 2782.449725, 2887.853254602432, 2994.0089469909667, 3114.273533151436, 3229.826069160843, 3332.295158843994, 3428.476764986229, 3529.1334751501086, 3629.1345047754285, 3727.746321767807, 3834.163698184967, 3945.8749107582094, 4071.4084302377705, 4160.629725413322, 4239.329489627075, 4357.104594438171, 4478.603727030754, 4589.599514323425, 4685.277285649109, 4786.159954614258, 4874.428973942566, 4967.0582816551205, 5070.819754555893, 5161.227941772079]
shares:[0, 3.8865, 7.773, 11.6618, 15.5734, 19.5004, 23.4204, 27.3489, 31.2759, 35.1677, 39.0519, 42.8929, 46.7383, 50.5837, 54.4093, 58.2327, 62.0561, 65.8744, 69.6912, 73.5146, 77.3365, 81.1301, 84.918, 88.7009, 92.5221, 96.4147, 100.3058, 104.1728, 108.0563, 111.9323, 115.8, 119.6417, 123.4643, 127.284, 131.1081, 134.9315, 138.7549, 142.5797, 146.398, 150.2046, 153.9867, 157.7789, 161.5906, 165.3864, 169.1635, 172.9314, 176.7029, 180.4736, 184.2536, 188.0393, 191.8222, 195.6122]
growth_rate:1.2
