ticker:BSMU
price:[24.7450008392334, 24.71500015258789, 24.729999542236328, 24.684999465942383, 24.684999465942383, 25.434999465942383, 25.360000610351562, 25.360000610351562, 25.593000411987305, 25.594999313354492, 25.604999542236328, 25.604999542236328, 25.514999389648438, 25.584999084472656, 25.6200008392334, 25.764999389648438, 25.80500030517578, 25.905000686645508, 25.514999389648438, 24.950000762939453, 24.985000610351562, 25.145000457763672, 25.0049991607666, 25.05500030517578, 25.059999465942383, 25.295000076293945, 25.5049991607666, 25.579999923706055, 25.434999465942383, 25.524999618530273, 25.485000610351562, 25.524999618530273, 25.575000762939453, 25.704999923706055, 25.895000457763672, 25.795000076293945, 25.614999771118164, 25.725000381469727, 25.90999984741211, 25.969999313354492, 25.959999084472656, 25.915000915527344, 25.924999237060547, 25.764999389648438, 25.740999221801758, 25.719999313354492, 25.69499969482422]
assets:[0, 99.99936211738587, 200.06075029678345, 299.6956415161133, 399.6945743526459, 511.83866825294496, 610.3289906890869, 710.3285450958251, 816.85435344944, 916.9178149015427, 1017.2763898132324, 1117.2767155254364, 1213.3504869750977, 1316.6782493843077, 1418.4795284650804, 1526.506648338318, 1628.8761317634583, 1735.1894799934387, 1809.0670382247927, 1869.0070521518708, 1971.6288606643675, 2084.254000943756, 2172.649370080185, 2276.993416734314, 2377.447161333847, 2499.742969539642, 2620.495835773468, 2728.2016378629683, 2812.7370464410783, 2922.6890313205718, 3018.1096187820435, 3122.845868329239, 3228.964048824692, 3345.3772150707246, 3470.103557843399, 3556.702313519668, 3631.8842185474396, 3747.481713070488, 3874.431099182892, 3983.4031506790166, 4081.8697800453183, 4174.795212987518, 4276.406399150848, 4350.013059951782, 4445.9622186903, 4542.334490733529, 4637.919180416107]
shares:[0, 4.0461, 8.0898, 12.1408, 16.1918, 20.1234, 24.0666, 28.0098, 31.9171, 35.8241, 39.7296, 43.6351, 47.5544, 51.4629, 55.3661, 59.2473, 63.1225, 66.9828, 70.9021, 74.9101, 78.9125, 82.8894, 86.8886, 90.8798, 94.8702, 98.8236, 102.7444, 106.6537, 110.5853, 114.503, 118.4269, 122.3446, 126.2547, 130.145, 134.0067, 137.8834, 141.7874, 145.6747, 149.5342, 153.3848, 157.2369, 161.0957, 164.953, 168.8342, 172.7191, 176.6071, 180.4989]
growth_rate:0.82
