ticker:BSQR
price:[1.4700000286102295, 1.3899999856948853, 1.3700000047683716, 1.309999942779541, 1.3899999856948853, 1.3799999952316284, 1.2699999809265137, 1.3200000524520874, 1.1399999856948853, 1.2699999809265137, 1.4700000286102295, 1.4700000286102295, 1.4600000381469727, 1.399999976158142, 1.2899999618530273, 1.2599999904632568, 1.350000023841858, 1.5199999809265137, 1.649999976158142, 1.8799999952316284, 1.7200000286102295, 1.6100000143051147, 3.190000057220459, 7.829999923706055, 6.199999809265137, 4.800000190734863, 3.7300000190734863, 4.690000057220459, 4.860000133514404, 3.490000009536743, 3.5799999237060547, 3.190000057220459, 2.619999885559082, 2.5999999046325684, 2.4200000762939453, 2.5, 2.0999999046325684, 2.2100000381469727, 2.2200000286102295, 2.5299999713897705, 2.5999999046325684, 2.2699999809265137, 2.4200000762939453, 3.9800000190734863, 4.71999979019165, 3.069999933242798, 2.819999933242798, 3.1500000953674316, 2.859999895095825, 2.619999885559082, 2.4600000381469727, 2.759999990463257]
assets:[0, 99.99993497085572, 198.56108769110443, 289.8649973387718, 407.56662180554866, 504.63453425631525, 564.4100895234108, 686.6310272842645, 692.9994933040024, 872.0258019034862, 1109.3527205910443, 1209.3527065373182, 1301.1257539958954, 1347.6548170495748, 1341.7676603221894, 1410.5638153236628, 1611.3184484569072, 1914.225199979639, 2177.941888529587, 2581.5338374522807, 2461.8288169497014, 2404.386257363367, 4863.970451247215, 12038.836292696, 9632.666903663636, 7557.548940310001, 5972.845300542354, 7610.092582847119, 7985.938125390482, 5834.757911944008, 6085.224442316819, 5522.309265056133, 4635.563963519764, 4700.177907598496, 4474.781243073845, 4722.7077500000005, 4067.0742253016947, 4380.111785605431, 4499.931177992821, 5228.299841876339, 5472.956119253159, 4878.311906010389, 5300.6674951110845, 8817.626362257004, 10557.083818727875, 6966.57800751164, 6499.267100144361, 7359.819927821302, 6782.248653228593, 6313.108756245041, 6027.575733469009, 6862.6458602872135]
shares:[0, 71.9424, 144.9351, 221.271, 293.2134, 365.6772, 444.4174, 520.175, 607.8943, 686.6345, 754.6617, 822.6889, 891.182, 962.6106, 1040.13, 1119.4951, 1193.5692, 1259.3587, 1319.9648, 1373.1563, 1431.2958, 1493.4076, 1524.7556, 1537.527, 1553.656, 1574.4893, 1601.299, 1622.621, 1643.1971, 1671.8504, 1699.7834, 1731.1314, 1769.2993, 1807.7608, 1849.0831, 1889.0831, 1936.7021, 1981.951, 2026.996, 2066.5217, 2104.9832, 2149.0361, 2190.3584, 2215.484, 2236.6704, 2269.2437, 2304.7047, 2336.4507, 2371.4157, 2409.5836, 2450.234, 2486.4659]
growth_rate:34.56
