ticker:BSRR
price:[17.950000762939453, 17.520000457763672, 18.1299991607666, 16.260000228881836, 17.510000228881836, 17.639999389648438, 17.81999969482422, 21.260000228881836, 19.84000015258789, 19.469999313354492, 21.530000686645508, 21.940000534057617, 22.610000610351562, 24.06999969482422, 23.75, 23.969999313354492, 23.600000381469727, 23.920000076293945, 25.0, 25.389999389648438, 24.989999771118164, 21.8700008392334, 23.25, 24.049999237060547, 24.290000915527344, 23.850000381469727, 26.450000762939453, 28.399999618530273, 27.530000686645508, 27.670000076293945, 26.790000915527344, 27.049999237060547, 26.75, 27.950000762939453, 27.06999969482422, 27.889999389648438, 27.8799991607666, 27.540000915527344, 27.719999313354492, 27.5, 26.889999389648438, 24.399999618530273, 25.280000686645508, 25.350000381469727, 25.06999969482422, 25.030000686645508, 24.200000762939453, 24.1299991607666, 24.950000762939453, 24.520000457763672, 24.1200008392334, 25.260000228881836]
assets:[0, 100.00065861282349, 203.48204558086394, 282.4947399765015, 404.2113512836456, 507.21172245025633, 612.3878535125733, 830.6048229421615, 875.1265347305298, 958.805957185936, 1160.2517370033265, 1282.3469572145461, 1421.50656537323, 1613.2965435455321, 1691.847875, 1807.5201202217102, 1879.6196703821183, 2005.1059663953783, 2195.6375000000003, 2329.8904429916383, 2393.184821080971, 2194.396518207169, 2432.863725, 2616.5749819942475, 2742.6860213760374, 2793.0043796728137, 3197.482402230072, 3533.212712541771, 3524.9770769189836, 3642.9021610445025, 3627.044643951416, 3762.2464388866424, 3820.5206000000003, 4091.908061695099, 4063.074311194611, 4286.151840200806, 4384.614980015946, 4431.144837306977, 4560.106207042694, 4623.916, 4621.350252104187, 4293.416612876701, 4548.261435538101, 4660.8561401371, 4709.3743726730345, 4801.860457728958, 4742.629029518128, 4828.909910052109, 5093.008725737763, 5105.233283309555, 5121.949714213562, 5464.0310655097965]
shares:[0, 5.7078, 11.2235, 17.3736, 23.0846, 28.7535, 34.3652, 39.0689, 44.1092, 49.2453, 53.89, 58.4479, 62.8707, 67.0252, 71.2357, 75.4076, 79.6449, 83.8255, 87.8255, 91.7641, 95.7657, 100.3382, 104.6393, 108.7973, 112.9142, 117.1071, 120.8878, 124.4089, 128.0413, 131.6553, 135.388, 139.0849, 142.8232, 146.401, 150.0951, 153.6806, 157.2674, 160.8985, 164.506, 168.1424, 171.8613, 175.9597, 179.9154, 183.8602, 187.849, 191.8442, 195.9764, 200.1206, 204.1286, 208.2069, 212.3528, 216.3116]
growth_rate:7.14
