ticker:BSVN
price:[10.0, 9.65999984741211, 9.550000190734863, 8.75, 9.180000305175781, 9.5, 9.319999694824219, 9.550000190734863, 9.069999694824219, 9.550000190734863, 11.199999809265137, 12.149999618530273, 12.640000343322754, 11.9399995803833, 12.079999923706055, 13.539999961853027, 13.899999618530273, 14.199999809265137, 15.789999961853027, 15.84000015258789, 15.279999732971191, 15.989999771118164, 16.690000534057617, 16.850000381469727, 16.239999771118164, 16.329999923706055, 18.610000610351562, 18.770000457763672, 18.5, 17.940000534057617, 17.520000457763672, 17.1299991607666, 17.399999618530273, 17.239999771118164, 17.709999084472656, 17.149999618530273, 17.049999237060547, 17.559999465942383, 18.229999542236328, 17.8799991607666, 17.559999465942383, 17.1299991607666, 16.950000762939453, 17.899999618530273, 18.200000762939453, 18.309999465942383, 19.459999084472656, 19.100000381469727, 22.3799991607666, 21.549999237060547, 22.309999465942383, 21.030000686645508]
assets:[0, 100.00031842041015, 198.8615639717102, 282.20325, 396.0711131668091, 509.87735000000004, 600.2163683464049, 715.0285692807198, 779.0902987861633, 920.3211033808709, 1179.329739916134, 1379.3627266925812, 1534.9915296928405, 1549.98388152771, 1668.1573894643784, 1969.7721144504549, 2122.1435217601775, 2267.9458695368767, 2621.891597665787, 2730.1935143001556, 2733.671408227158, 2960.6939666204453, 3190.3052850854874, 3320.8890651821134, 3300.666273481369, 3418.958195026589, 3996.3152530670163, 4130.67458373909, 4171.25605, 4144.990479392624, 4147.95121237793, 4155.616173407936, 4321.115905265809, 4381.382161831856, 4600.827532157898, 4555.3468836748125, 4628.784942874909, 4867.242019971084, 5152.95182960701, 5154.018826085854, 5161.777647013282, 5135.378466407394, 5181.416918221665, 5571.820591258049, 5765.203321675873, 5900.047606910134, 6370.612116284179, 6352.759446878815, 7543.704647116661, 7363.934284292985, 7723.637037111282, 7380.506079979134]
shares:[0, 10.352, 20.8232, 32.2518, 43.145, 53.6713, 64.4009, 74.8721, 85.8975, 96.3687, 105.2973, 113.5278, 121.4392, 129.8144, 138.0925, 145.478, 152.6722, 159.7145, 166.0476, 172.3607, 178.9052, 185.1591, 191.1507, 197.0854, 203.243, 209.3667, 214.7402, 220.0679, 225.4733, 231.0474, 236.7552, 242.5929, 248.34, 254.1405, 259.787, 265.6179, 271.483, 277.1778, 282.6633, 288.2561, 293.9509, 299.7886, 305.6883, 311.2749, 316.7694, 322.2309, 327.3696, 332.6052, 337.0735, 341.7139, 346.1962, 350.9513]
growth_rate:44.72
