ticker:BSY
price:[34.790000915527344, 30.170000076293945, 30.389999389648438, 39.9900016784668, 36.470001220703125, 35.060001373291016, 36.93000030517578, 33.099998474121094, 35.54999923706055, 35.5, 34.15999984741211, 36.47999954223633, 37.40999984741211, 38.47999954223633, 40.5099983215332, 48.11000061035156, 51.56999969482422, 45.849998474121094, 39.290000915527344, 46.68000030517578, 48.290000915527344, 47.04999923706055, 44.36000061035156, 47.16999816894531, 46.83000183105469, 42.02000045776367, 44.529998779296875, 47.939998626708984, 48.9900016784668, 50.650001525878906, 50.779998779296875, 51.20000076293945, 48.470001220703125, 49.959999084472656, 53.15999984741211, 57.36000061035156, 61.70000076293945, 63.779998779296875, 63.90999984741211, 60.849998474121094, 64.83000183105469, 64.19999694824219, 58.900001525878906, 60.939998626708984, 60.810001373291016, 62.869998931884766, 64.1500015258789, 64.29000091552734, 65.05999755859375, 64.66999816894531]
assets:[0, 100.00148225288392, 200.73202396850587, 364.140957283783, 432.08928046264646, 515.3855261875153, 642.8737523124695, 676.1998688278197, 826.2495272678376, 925.0874, 990.1685875770569, 1157.4155374763488, 1286.9226997509004, 1423.7330470630645, 1598.840511754608, 1998.79732935791, 2242.5472217292786, 2093.808955318451, 1894.2377371391296, 2350.520067366791, 2531.5888109962466, 2566.5821633815767, 2519.8432186706546, 2779.463840106201, 2859.430545803833, 2665.732021040344, 2924.966328817749, 3248.9512349304196, 3420.1095931777954, 3635.996464537811, 3745.32958996582, 3876.30597776146, 3769.6186289367674, 3985.4989749649044, 4340.774471540451, 4783.726538902283, 5245.67236486435, 5522.512376303101, 5633.768742549133, 5464.0256129837035, 5921.410292243958, 5963.865136506653, 5571.5219543373105, 5864.49373384285, 5951.985638415527, 6253.615923755646, 6480.9335241561885, 6595.080450917816, 6774.066463800049, 6833.458828518677]
shares:[0, 3.3146, 6.6052, 9.1058, 11.8478, 14.7001, 17.4079, 20.429, 23.2419, 26.0588, 28.9862, 31.7274, 34.4005, 36.9993, 39.4678, 41.5464, 43.4855, 45.6665, 48.2117, 50.3539, 52.4247, 54.5501, 56.8044, 58.9244, 61.0598, 63.4396, 65.6853, 67.7712, 69.8124, 71.7867, 73.756, 75.7091, 77.7722, 79.7738, 81.6549, 83.3983, 85.019, 86.5869, 88.1516, 89.795, 91.3375, 92.8951, 94.5929, 96.2339, 97.8784, 99.469, 101.0278, 102.5833, 104.1203, 105.6666]
growth_rate:39.46
