ticker:BTAI
price:[41.04999923706055, 44.939998626708984, 48.400001525878906, 43.13999938964844, 45.0, 48.02000045776367, 51.70000076293945, 46.52000045776367, 45.689998626708984, 53.06999969482422, 54.279998779296875, 49.52000045776367, 44.59000015258789, 45.70000076293945, 43.11000061035156, 51.2599983215332, 52.83000183105469, 46.20000076293945, 52.61000061035156, 51.4900016784668, 47.31999969482422, 46.31999969482422, 57.75, 60.70000076293945, 54.720001220703125, 53.61000061035156, 45.20000076293945, 46.9900016784668, 44.7599983215332, 41.54999923706055, 37.630001068115234, 35.869998931884766, 34.95000076293945, 34.5, 33.970001220703125, 30.520000457763672, 31.469999313354492, 32.0, 33.029998779296875, 34.959999084472656, 37.86000061035156, 37.790000915527344, 31.079999923706055, 27.969999313354492, 27.959999084472656, 27.190000534057617, 24.860000610351562, 25.59000015258789, 26.200000762939453, 24.59000015258789, 24.270000457763672, 28.110000610351562]
assets:[0, 100.00048494415283, 207.69892654800412, 285.12519796600344, 397.4175, 524.0902849960327, 664.2519498023987, 697.697662865448, 785.2511613979339, 1012.0873501800536, 1135.1630424713135, 1135.6174104976656, 1122.5621718414307, 1250.5074008766173, 1279.6341481170655, 1621.5485349037172, 1771.2156223892212, 1648.9334672302248, 1977.7151429443359, 2035.6108753566743, 1970.7549552902221, 2029.1078026313783, 2629.813725, 2864.1477459995267, 2681.980475830078, 2727.574972053528, 2399.690640504837, 2594.722106682587, 2571.5827555675505, 2487.158024330902, 2352.511013775253, 2342.479519247055, 2382.398257006454, 2451.72525, 2514.0620413421634, 2358.732131378174, 2532.1516727508547, 2674.7968, 2860.8933442687985, 3128.0599020828245, 3487.5383182235714, 3581.0900777580264, 3045.2308245246886, 2840.512859267235, 2939.496215748596, 2958.5439581108094, 2805.0160188674927, 2987.3842948131564, 3158.596111977768, 3064.499261016083, 3124.619365934372, 3718.9980567504886]
shares:[0, 2.2252, 4.2913, 6.6093, 8.8315, 10.914, 12.8482, 14.9978, 17.1865, 19.0708, 20.9131, 22.9325, 25.1752, 27.3634, 29.683, 31.6338, 33.5267, 35.6912, 37.592, 39.5341, 41.6474, 43.8063, 45.5379, 47.1853, 49.0128, 50.8781, 53.0905, 55.2186, 57.4527, 59.8594, 62.5169, 65.3047, 68.1659, 71.0645, 74.0083, 77.2848, 80.4624, 83.5874, 86.615, 89.4754, 92.1167, 94.7629, 97.9804, 101.5557, 105.1322, 108.81, 112.8325, 116.7403, 120.5571, 124.6238, 128.7441, 132.3016]
growth_rate:-27.08
