ticker:BTAQU
price:[9.989999771118164, 9.960000038146973, 10.0, 9.975000381469727, 9.9399995803833, 10.0, 10.039999961853027, 9.979999542236328, 9.949999809265137, 10.031000137329102, 10.0, 10.069999694824219, 10.119999885559082, 10.25, 10.329999923706055, 10.454999923706055, 10.600000381469727, 11.279999732971191, 11.380000114440918, 12.15999984741211, 12.970000267028809, 12.270000457763672, 12.255000114440918, 12.119999885559082, 12.899999618530273, 11.140000343322754, 10.65999984741211, 10.864999771118164, 11.350000381469727, 10.710000038146973, 10.5, 10.59000015258789, 10.449999809265137, 10.289999961853027, 10.479999542236328, 10.270000457763672, 10.210000038146973, 10.220000267028809, 10.319999694824219, 10.260000228881836, 10.329999923706055, 10.317999839782715, 10.289999961853027, 10.279999732971191, 10.300000190734863, 10.300000190734863, 10.25, 10.21500015258789, 10.260000228881836, 10.25, 10.260000228881836, 10.170000076293945]
assets:[0, 100.00039238300324, 200.402, 299.90137896900177, 398.84944116258623, 501.257, 603.2624337079048, 699.6568499080659, 797.5541747114181, 904.0468966768265, 1001.2529999999999, 1108.2618724136353, 1213.7644502742767, 1329.356325, 1439.7313433666227, 1557.1530516368866, 1678.7496204143524, 1886.4423393426894, 2003.165658144474, 2240.465379885864, 2489.7069842585565, 2455.336294602585, 2552.3341678344727, 2624.217527221298, 2893.1022644472123, 2598.3850280794145, 2586.4261689777372, 2736.1654873600005, 2958.3049594276426, 2891.4933072989465, 2934.79725, 3059.9530100898746, 3119.500503062439, 3171.738138241768, 3330.3028145332337, 3363.569956924057, 3443.9187768672946, 3547.291574683857, 3682.0004511184693, 3760.593779891968, 3886.250304297447, 3981.7357423718454, 4070.9308139082905, 4166.974247760486, 4275.080999165726, 4375.080611017514, 4453.8423, 4538.633868296432, 4658.628001925468, 4754.08735, 4858.725708389282, 4916.104812879944]
shares:[0, 10.0402, 20.0402, 30.0653, 40.1257, 50.1257, 60.0859, 70.1059, 80.1562, 90.1253, 100.1253, 110.0558, 119.9372, 129.6933, 139.3738, 148.9386, 158.3726, 167.2378, 176.0251, 184.2488, 191.9589, 200.1089, 208.2688, 216.5196, 224.2715, 233.2482, 242.6291, 251.833, 260.6436, 269.9807, 279.5045, 288.9474, 298.5168, 308.235, 317.777, 327.5141, 337.3084, 347.0931, 356.783, 366.5296, 376.2101, 385.9019, 395.6201, 405.3477, 415.0564, 424.7651, 434.5212, 444.3107, 454.0573, 463.8134, 473.56, 483.3928]
growth_rate:-3.61
