ticker:BTAQ
price:[9.739999771118164, 9.710000038146973, 9.699999809265137, 9.640000343322754, 9.75, 9.770000457763672, 9.739999771118164, 9.850000381469727, 9.850000381469727, 9.899999618530273, 9.960000038146973, 10.029999732971191, 10.40999984741211, 10.489999771118164, 10.899999618530273, 11.4399995803833, 11.069999694824219, 11.020000457763672, 10.979999542236328, 11.359999656677246, 10.3100004196167, 10.1899995803833, 10.079999923706055, 10.319999694824219, 10.09000015258789, 9.90999984741211, 10.069999694824219, 9.920000076293945, 9.949999809265137, 9.979999542236328, 9.949999809265137, 9.880000114440918, 9.869999885559082, 9.890000343322754, 9.899999618530273, 9.920000076293945, 9.880000114440918, 9.859999656677246, 9.850000381469727, 9.850000381469727, 9.869999885559082, 9.859999656677246, 9.859999656677246, 9.869999885559082, 9.859999656677246, 9.869999885559082, 9.880000114440918, 9.880000114440918]
assets:[0, 100.00037739286422, 199.89759606933595, 298.6607066366196, 402.06855, 502.893187562561, 601.3485598688126, 708.1401674247742, 808.1403262975693, 912.2423948492051, 1017.7715678980828, 1124.924650051117, 1267.543442420578, 1377.2845199489593, 1531.1153164152147, 1706.9692013887404, 1751.7610317077638, 1843.848844592285, 1937.1563012386323, 2104.197968406773, 2009.707761795044, 2086.3157990870477, 2163.7939516225815, 2315.312571533203, 2363.7116877456665, 2421.5441387145997, 2560.640809398651, 2622.497844169426, 2730.4291976594927, 2838.66116979599, 2930.1286788313864, 3009.515218859482, 3106.468958981037, 3212.7636445282933, 3316.011802226448, 3422.710522323799, 3508.9097046440124, 3601.8066025859835, 3698.1540782217025, 3798.1542370944976, 3905.8659117121697, 4001.9086266545296, 4101.90874317255, 4206.068867231369, 4301.807418212127, 4406.170283911229, 4510.635012247085, 4610.635433405399]
shares:[0, 10.2987, 20.608, 30.9814, 41.2378, 51.4732, 61.7401, 71.8924, 82.0447, 92.1457, 102.1859, 112.156, 121.7621, 131.295, 140.4693, 149.2106, 158.244, 167.3184, 176.4259, 185.2287, 194.928, 204.7415, 214.6621, 224.352, 234.2628, 244.3536, 254.2841, 264.3647, 274.415, 284.435, 294.4853, 304.6068, 314.7385, 324.8497, 334.9507, 345.0313, 355.1528, 365.2948, 375.4471, 385.5994, 395.7311, 405.8731, 416.0151, 426.1468, 436.2888, 446.4205, 456.542, 466.6635]
growth_rate:-1.9
