ticker:BTBT
price:[4.605000019073486, 4.579999923706055, 4.449999809265137, 4.190000057220459, 4.039999961853027, 4.050000190734863, 3.8499999046325684, 3.9600000381469727, 3.75, 3.9600000381469727, 4.340000152587891, 6.099999904632568, 6.320000171661377, 6.349999904632568, 5.960000038146973, 5.559999942779541, 5.789999961853027, 21.90999984741211, 25.030000686645508, 16.65999984741211, 17.469999313354492, 19.420000076293945, 17.510000228881836, 24.299999237060547, 21.059999465942383, 14.760000228881836, 13.260000228881836, 17.989999771118164, 16.940000534057617, 13.5600004196167, 14.329999923706055, 16.959999084472656, 13.329999923706055, 13.15999984741211, 13.199999809265137, 11.859999656677246, 10.180000305175781, 8.569999694824219, 8.449999809265137, 8.199999809265137, 7.739999771118164, 7.5, 6.550000190734863, 5.860000133514404, 5.630000114440918, 4.570000171661377, 4.230000019073486, 9.0, 17.549999237060547, 13.569999694824219, 11.960000038146973, 12.460000038146973]
assets:[0, 100.00017633419037, 197.16169154930114, 285.64194090085033, 375.4161884552002, 476.3456324335099, 552.8222563061714, 668.6170984408379, 733.16025, 874.2171324213981, 1058.1067932014466, 1587.2004551856994, 1744.4439193819048, 1852.7242321748734, 1838.9347677700998, 1815.5162333157064, 1990.6187778849603, 7632.720916843415, 8819.62610794792, 5970.354181317902, 6360.62933900013, 7170.601988170623, 6565.357075819015, 9211.259770796967, 8083.091045022011, 5765.073065398407, 5279.191957124519, 7262.341630603219, 6938.47006474514, 5654.052354965687, 6075.116054655647, 7290.087702469635, 5829.7688266334535, 5855.420860107422, 5973.219033689308, 5466.8466797459605, 4792.454013668061, 4134.511509770965, 4176.61858572464, 4153.049803398609, 4020.0738371212005, 3995.42025, 3589.333949520779, 3311.2206174429416, 3281.258087698078, 2763.472248803377, 2657.874827984619, 5755.0527, 11322.352172790908, 8854.662275867462, 7904.109277210521, 8334.548849516677]
shares:[0, 21.8341, 44.306, 68.1723, 92.9248, 117.6162, 143.5902, 168.8427, 195.5094, 220.7619, 243.8034, 260.1968, 276.0196, 291.7676, 308.5461, 326.5317, 343.8029, 348.367, 352.3622, 358.3646, 364.0887, 369.238, 374.949, 379.0642, 383.8125, 390.5876, 398.1291, 403.6877, 409.5909, 416.9655, 423.9439, 429.8401, 437.342, 444.9408, 452.5166, 460.9483, 470.7715, 482.4401, 494.2744, 506.4695, 519.3894, 532.7227, 547.9899, 565.0547, 582.8167, 604.6985, 628.3392, 639.4503, 645.1483, 652.5175, 660.8787, 668.9044]
growth_rate:63.42
