ticker:BTCY
price:[1.2000000476837158, 1.149999976158142, 1.1799999475479126, 1.1200000047683716, 1.0700000524520874, 1.1399999856948853, 1.0700000524520874, 1.0199999809265137, 0.949999988079071, 0.7699999809265137, 1.0, 0.8479999899864197, 0.7200000286102295, 0.8399999737739563, 0.7450000047683716, 0.7850000262260437, 0.8199999928474426, 0.7379999756813049, 1.2200000286102295, 1.100000023841858, 1.3899999856948853, 1.149999976158142, 1.2000000476837158, 1.690000057220459, 1.7799999713897705, 2.549999952316284, 2.240000009536743, 2.5, 2.4000000953674316, 2.3499999046325684, 2.299999952316284, 2.1600000858306885, 2.299999952316284, 2.190000057220459, 2.440000057220459, 2.25, 2.130000114440918, 2.5799999237060547, 2.7750000953674316, 2.9700000286102295, 4.150000095367432, 3.950000047683716, 3.5, 3.309999942779541, 3.7100000381469727, 3.6500000953674316, 3.5999999046325684, 3.680000066757202, 3.509999990463257, 3.569999933242798, 3.5299999713897705, 3.0199999809265137]
assets:[0, 99.9999729267955, 202.60870499385595, 292.30656124448774, 379.2571315914273, 504.0683216747761, 573.1167450945496, 646.3355339138508, 701.9792161913217, 668.9725954290391, 968.7956, 921.538633918041, 882.4385150649547, 1129.5115087349773, 1101.7691830518722, 1260.9245826261938, 1417.1440776387751, 1375.429668876618, 2373.745637666726, 2240.26246855638, 2930.8769638370277, 2524.8262126551745, 2734.6013886632923, 3951.2302737817763, 4261.650655501795, 6205.173708966374, 5550.819479632473, 6295.111000000001, 6143.3068841130735, 6115.320856828736, 6085.2078538411615, 5814.804255059552, 6291.689429560374, 6090.782826140356, 6886.077637485456, 6449.866425, 6205.873974429988, 7616.973506756211, 8292.675419991398, 8975.403644460726, 12641.389160500432, 12132.1656314574, 10850.01995, 10361.018752887536, 11713.106014436531, 11623.676058704137, 11564.447093646766, 11921.435288261318, 11470.716472833825, 11766.79689196682, 11734.956110889578, 10139.537591961478]
shares:[0, 86.9565, 171.7023, 260.988, 354.4459, 442.1652, 535.6231, 633.6623, 738.9255, 868.7956, 968.7956, 1086.7201, 1225.609, 1344.6566, 1478.8848, 1606.2733, 1728.2245, 1863.7259, 1945.6931, 2036.6022, 2108.5446, 2195.5011, 2278.8344, 2338.006, 2394.1858, 2433.4015, 2478.0444, 2518.0444, 2559.7111, 2602.2643, 2645.7426, 2692.0389, 2735.5172, 2781.1793, 2822.1629, 2866.6073, 2913.5557, 2952.3154, 2988.3514, 3022.0214, 3046.1178, 3071.4343, 3100.0057, 3130.2172, 3157.1714, 3184.5687, 3212.3465, 3239.5204, 3268.0104, 3296.0216, 3324.3502, 3357.4628]
growth_rate:98.81
