ticker:BTNB
price:[12.199999809265137, 13.5, 13.380000114440918, 13.59000015258789, 11.729999542236328, 10.930000305175781, 11.329999923706055, 10.800000190734863, 10.329999923706055, 10.300000190734863, 10.729999542236328, 10.3100004196167, 10.220000267028809, 10.279999732971191, 10.0, 9.970000267028809, 10.010000228881836, 9.920000076293945, 10.050000190734863, 10.329999923706055, 10.34000015258789, 10.229999542236328, 10.09000015258789, 10.100000381469727, 10.0, 9.9399995803833, 10.25, 9.970000267028809, 9.890000343322754, 9.84000015258789, 9.84000015258789, 9.859999656677246]
assets:[0, 99.9999, 199.1104577030182, 302.23616739349364, 360.869916917038, 436.2578461807251, 552.2230632814408, 626.3913710624695, 699.1312958364487, 797.1005347606659, 930.3778733081817, 993.9603344541549, 1085.2832903563499, 1191.6544850461007, 1259.1970000000001, 1355.4195423025133, 1460.8574314029693, 1547.7223799034118, 1668.0045616563796, 1814.4758495988847, 1916.2326102779389, 1995.847335691452, 2068.533778281784, 2170.584011981392, 2249.093, 2335.59871940279, 2508.43945, 2539.9163910271645, 2619.535709934902, 2706.2922899662017, 2806.2922755168916, 2911.996096605015]
shares:[0, 7.4074, 14.8812, 22.2396, 30.7647, 39.9138, 48.7399, 57.9992, 67.6797, 77.3884, 86.7081, 96.4074, 106.1921, 115.9197, 125.9197, 135.9498, 145.9398, 156.0204, 165.9706, 175.6511, 185.3223, 195.0975, 205.0083, 214.9093, 224.9093, 234.9697, 244.7258, 254.7559, 264.8671, 275.0297, 285.1923, 295.3343]
growth_rate:-6.06
