ticker:BTRS
price:[10.529999732971191, 10.550000190734863, 10.75, 10.319999694824219, 10.4399995803833, 10.199999809265137, 10.350000381469727, 11.300000190734863, 11.229999542236328, 12.399999618530273, 12.1899995803833, 12.5, 12.609999656677246, 14.59000015258789, 14.510000228881836, 15.460000038146973, 16.600000381469727, 16.1299991607666, 16.899999618530273, 16.75, 16.6200008392334, 16.200000762939453, 17.0, 17.729999542236328, 19.0, 16.899999618530273, 15.050000190734863, 17.09000015258789, 16.18000030517578, 14.40999984741211, 14.640000343322754, 15.09000015258789, 15.300000190734863, 15.010000228881836, 15.800000190734863, 14.699999809265137, 12.34000015258789, 13.100000381469727, 14.300000190734863, 15.270000457763672, 14.949999809265137, 14.890000343322754, 13.0, 13.430000305175781, 12.850000381469727, 12.40999984741211, 12.329999923706055, 11.710000038146973, 11.770000457763672, 12.0, 10.8100004196167, 11.270000457763672]
assets:[0, 100.00028680791854, 201.89575, 293.81967931137086, 397.23572003383634, 488.10365087270736, 595.2813069402695, 749.921122658062, 845.2753275444031, 1033.3403282106399, 1115.8396485894204, 1244.21625, 1355.165138103962, 1667.9507024440766, 1758.8050107435226, 1973.9575408706667, 2219.514671004677, 2256.6723715867997, 2464.4001943731305, 2542.52605, 2622.7923604389193, 2656.51176510849, 2887.6982, 3111.700023660278, 3434.592, 3154.9798087852478, 2909.6120218747137, 3404.005029392624, 3322.750750671387, 3059.2602596054076, 3208.089627232933, 3406.698817448044, 3554.1074243066787, 3586.741622692871, 3875.5172667845727, 3705.7023719179156, 3210.773021702194, 3508.5193921674727, 3929.910322417545, 4296.4849077999115, 4306.447610057545, 4389.164115202141, 3932.0437, 4162.103481577301, 4082.3551711902614, 4042.5698602943417, 4116.5098035284045, 4009.515723061562, 4130.060204627991, 4310.766, 3983.281926620865, 4252.78313373909]
shares:[0, 9.4787, 18.781, 28.4709, 38.0494, 47.8533, 57.5151, 66.3647, 75.2694, 83.3339, 91.5373, 99.5373, 107.4675, 114.3215, 121.2133, 127.6816, 133.7057, 139.9053, 145.8225, 151.7926, 157.8094, 163.9822, 169.8646, 175.5048, 180.768, 186.6852, 193.3297, 199.1811, 205.3616, 212.3012, 219.1318, 225.7587, 232.2946, 238.9568, 245.2859, 252.0886, 260.1923, 267.8259, 274.8189, 281.3677, 288.0567, 294.7726, 302.4649, 309.9109, 317.693, 325.751, 333.8613, 342.401, 350.8972, 359.2305, 368.4812, 377.3543]
growth_rate:-16.61
