ticker:BTWNW
price:[2.8399999141693115, 3.630000114440918, 4.699999809265137, 4.389999866485596, 3.8499999046325684, 4.599999904632568, 4.099999904632568, 3.7699999809265137, 4.480000019073486, 4.369999885559082, 5.900000095367432, 4.360000133514404, 3.549999952316284, 4.630000114440918, 3.700000047683716, 2.5999999046325684, 2.8499999046325684, 3.240000009536743, 2.5299999713897705, 2.25, 2.380000114440918, 2.200000047683716, 1.9800000190734863, 1.8600000143051147, 1.9500000476837158, 2.240000009536743, 2.2850000858306885, 2.1549999713897705, 1.909999966621399, 2.0799999237060547, 2.009999990463257, 1.840000033378601, 1.7699999809265137, 1.5299999713897705, 1.6549999713897705, 1.4500000476837158, 1.2100000381469727, 1.1200000047683716, 1.159999966621399]
assets:[0, 99.9999691526413, 229.47655068740846, 314.34067243986135, 375.6745206942558, 548.8577286210538, 589.199096295023, 641.7757677530766, 862.6405796726704, 941.459665345192, 1371.078602162075, 1113.2039540891647, 1006.3930364820957, 1412.5634939146994, 1228.8303258365393, 963.502244658947, 1156.146636312723, 1414.3562321630716, 1204.4201483799459, 1171.12455, 1338.7895723749161, 1337.536448990321, 1303.7828885594367, 1324.7656661886692, 1488.8673514075517, 1810.288711707258, 1946.6562386215926, 1935.9054342985153, 1815.8140482673646, 2077.430915800285, 2107.5173510005716, 2029.2696128120542, 2052.069124886942, 1873.8224829604628, 2126.912621231747, 1963.4582595689533, 1738.4720318078041, 1709.1641352767228, 1870.205654185474]
shares:[0, 27.5482, 48.8248, 71.6038, 97.5778, 119.3169, 143.7071, 170.2323, 192.5537, 215.437, 232.3862, 255.322, 283.491, 305.0893, 332.1163, 370.5778, 405.6655, 436.5297, 476.0554, 520.4998, 562.5166, 607.9711, 658.4762, 712.2396, 763.5217, 808.1646, 851.9283, 898.332, 950.688, 998.7649, 1048.5161, 1102.8639, 1159.3611, 1224.7206, 1285.1436, 1354.1091, 1436.7537, 1526.0394, 1612.2463]
growth_rate:-50.78
