ticker:BTWNU
price:[10.039999961853027, 10.210000038146973, 10.100000381469727, 10.144000053405762, 10.229000091552734, 10.289999961853027, 10.380000114440918, 10.949999809265137, 11.699999809265137, 14.100000381469727, 17.719999313354492, 16.979999542236328, 15.829999923706055, 17.0, 16.0, 14.770000457763672, 16.860000610351562, 16.329999923706055, 19.329999923706055, 14.930000305175781, 13.829999923706055, 14.270000457763672, 13.050000190734863, 11.489999771118164, 11.720000267028809, 12.960000038146973, 11.470000267028809, 11.279999732971191, 11.199999809265137, 10.819999694824219, 10.692000389099121, 10.75, 10.779999732971191, 11.279999732971191, 11.182999610900879, 10.859999656677246, 10.78499984741211, 10.890000343322754, 10.819999694824219, 10.5, 10.460000038146973, 10.319999694824219, 10.380000114440918, 10.300000190734863, 10.131999969482422, 10.109999656677246, 10.119999885559082]
assets:[0, 99.9998033736229, 198.9225375131607, 299.78867677831647, 402.3004362007141, 504.6998021289826, 609.1139767155647, 742.5621920655251, 893.4225154353142, 1176.6887418348313, 1578.7881468223572, 1612.857142518997, 1603.62331627121, 1822.1483999999998, 1814.9632, 1775.4382440258025, 2126.668210987854, 2159.8155879093174, 2656.5972765146253, 2151.8878179855346, 2093.343363451958, 2259.9428264961243, 2166.7306816682812, 2007.7188980060578, 2147.908040937996, 2475.1604232854843, 2290.593463326454, 2352.649240306282, 2435.9641185157775, 2453.314828804779, 2524.292548263073, 2637.9855000000002, 2745.3468439956664, 2972.6814976284027, 3047.1180130791668, 3059.107691290855, 3137.980907103348, 3268.5312370450974, 3347.520719583893, 3348.51825, 3435.76169453001, 3489.776008802796, 3610.0654298014642, 3682.2418281875607, 3722.1816835887907, 3814.099481478024, 3917.8719356951715]
shares:[0, 9.7943, 19.6953, 29.5533, 39.3294, 49.0476, 58.6815, 67.8139, 76.3609, 83.4531, 89.0964, 94.9857, 101.3028, 107.1852, 113.4352, 120.2057, 126.1369, 132.2606, 137.4339, 144.1318, 151.3625, 158.3702, 166.033, 174.7362, 183.2686, 190.9846, 199.703, 208.5682, 217.4968, 226.7389, 236.0917, 245.394, 254.6704, 263.5356, 272.4777, 281.6858, 290.9579, 300.1406, 309.3827, 318.9065, 328.4667, 338.1566, 347.7905, 357.4992, 367.3689, 377.2601, 387.1415]
growth_rate:-14.83
