ticker:BTWN
price:[11.149999618530273, 13.0, 16.200000762939453, 15.479999542236328, 14.649999618530273, 15.380000114440918, 14.670000076293945, 13.640000343322754, 15.289999961853027, 14.880000114440918, 17.3700008392334, 13.5, 12.59000015258789, 12.710000038146973, 11.739999771118164, 10.5, 10.850000381469727, 11.829999923706055, 10.720000267028809, 10.520000457763672, 10.449999809265137, 10.100000381469727, 10.020000457763672, 10.109999656677246, 10.109999656677246, 10.569999694824219, 10.34000015258789, 10.180000305175781, 10.130000114440918, 10.15999984741211, 10.130000114440918, 9.920000076293945, 9.869999885559082, 9.770000457763672, 9.789999961853027, 9.819999694824219, 9.779999732971191, 9.729999542236328, 9.770000457763672]
assets:[0, 99.99990000000001, 224.6146305782318, 314.63099069595336, 397.7606746427536, 517.5816058512688, 593.6875680875778, 652.0042924111366, 830.8754169270514, 908.5951269879341, 1160.6391380764007, 1002.0509999999999, 1034.505204537964, 1144.3651894346237, 1157.029807442665, 1134.82215, 1272.6497097444535, 1487.598830406189, 1448.0190440692902, 1521.0037581844329, 1610.8831455979348, 1656.9303125810625, 1743.8057296657562, 1859.4685438548088, 1959.4685724589347, 2148.6230299652098, 2201.869944493103, 2267.7986679840087, 2356.6604476237294, 2463.6394349998473, 2556.3652958798407, 2603.3701000223164, 2690.2481028070447, 2762.9913014572144, 2868.6471878222465, 2977.437655470276, 3065.3091303061487, 3149.63782582016, 3262.5861368652345]
shares:[0, 7.6923, 13.8651, 20.325, 27.1509, 33.6529, 40.4695, 47.8009, 54.3411, 61.0615, 66.8186, 74.226, 82.1688, 90.0366, 98.5545, 108.0783, 117.2949, 125.748, 135.0764, 144.5821, 154.1515, 164.0525, 174.0325, 183.9237, 193.8149, 203.2756, 212.9468, 222.77, 232.6417, 242.4842, 252.3559, 262.4365, 272.5682, 282.8036, 293.0181, 303.2014, 313.4263, 323.7038, 333.9392]
growth_rate:-14.14
