ticker:BUG
price:[21.65999984741211, 20.96500015258789, 21.225000381469727, 21.639999389648438, 21.927000045776367, 23.110000610351562, 23.200000762939453, 22.329999923706055, 20.760000228881836, 22.375, 21.520000457763672, 22.100000381469727, 22.635000228881836, 23.549999237060547, 23.93000030517578, 27.559999465942383, 28.729999542236328, 28.239999771118164, 28.549999237060547, 28.25, 28.959999084472656, 27.8700008392334, 28.68000030517578, 29.399999618530273, 29.18000030517578, 26.530000686645508, 24.969999313354492, 26.399999618530273, 25.549999237060547, 25.030000686645508, 25.530000686645508, 26.149999618530273, 27.209999084472656, 27.110000610351562, 26.889999389648438, 25.790000915527344, 26.1299991607666, 26.84000015258789, 27.440000534057617, 27.059999465942383, 28.559999465942383, 28.989999771118164, 29.190000534057617, 28.950000762939453, 29.889999389648438, 28.959999084472656, 30.360000610351562, 29.950000762939453, 29.93000030517578, 30.290000915527344, 29.719999313354492, 32.5]
assets:[0, 100.00095422782897, 201.2405961168289, 305.1759273925781, 409.22360185432433, 531.3012250320435, 633.3693008285522, 709.6183685754776, 759.726740376091, 918.8293749999999, 983.7179569252013, 1110.23108916378, 1237.1068835094452, 1387.1161500621795, 1509.4996332504272, 1838.4779563739778, 2016.5270648700716, 2082.1351831245424, 2204.9906710762025, 2281.8203000000003, 2439.1675068893433, 2447.362318696022, 2618.4926318626403, 2784.2299438741684, 2863.3954959465027, 2703.354009967804, 2644.392843282318, 2895.834438156319, 2902.5974433265687, 2943.5230747493742, 3102.323987438965, 3277.6644871862413, 3510.525241882324, 3597.624497996521, 3668.4305207336424, 3618.365497449493, 3766.0671320428846, 3968.398698560715, 4157.110688908768, 4199.541439117623, 4532.331971247673, 4700.571916888046, 4833.000064424134, 4893.262298955536, 5152.145172793579, 5091.839711029053, 5437.992229324341, 5464.554344202805, 5560.904266700744, 5727.790709124756, 5720.003199846077, 6355.05]
shares:[0, 4.7699, 9.4813, 14.1024, 18.663, 22.9901, 27.3004, 31.7787, 36.5957, 41.065, 45.7118, 50.2367, 54.6546, 58.9009, 63.0798, 66.7082, 70.1889, 73.73, 77.2326, 80.7724, 84.2254, 87.8135, 91.3003, 94.7017, 98.1287, 101.898, 105.9028, 109.6907, 113.6046, 117.5998, 121.5168, 125.3409, 129.016, 132.7047, 136.4236, 140.3011, 144.1281, 147.8539, 151.4982, 155.1937, 158.6951, 162.1446, 165.5704, 169.0246, 172.3702, 175.8232, 179.117, 182.4559, 185.797, 189.0984, 192.4631, 195.54]
growth_rate:24.61
