ticker:BUSE
price:[18.1200008392334, 16.850000381469727, 16.93000030517578, 15.6899995803833, 16.469999313354492, 17.34000015258789, 17.489999771118164, 18.700000762939453, 17.989999771118164, 17.700000762939453, 20.049999237060547, 20.520000457763672, 21.010000228881836, 21.510000228881836, 21.190000534057617, 21.649999618530273, 21.420000076293945, 21.549999237060547, 23.010000228881836, 23.540000915527344, 23.25, 20.670000076293945, 21.90999984741211, 22.399999618530273, 22.59000015258789, 22.889999389648438, 24.579999923706055, 26.440000534057617, 26.459999084472656, 26.020000457763672, 25.799999237060547, 25.68000030517578, 25.469999313354492, 25.360000610351562, 24.979999542236328, 25.799999237060547, 25.469999313354492, 25.709999084472656, 26.790000915527344, 27.18000030517578, 26.479999542236328, 24.709999084472656, 25.3799991607666, 24.709999084472656, 24.329999923706055, 23.709999084472656, 22.809999465942383, 23.600000381469727, 24.09000015258789, 23.690000534057617, 23.579999923706055, 24.510000228881836]
assets:[0, 99.99969726390839, 200.4749056137085, 285.7917733567238, 399.9986383237839, 521.1276945858002, 625.6365308126449, 768.9197213710785, 839.724616316414, 926.1879399223327, 1149.1556812725069, 1276.0936844673158, 1406.5648893230439, 1540.0385803871156, 1617.1276047569277, 1752.2318941259384, 1833.6162665309905, 1944.7452011497496, 2176.4998146497724, 2326.6324864883422, 2397.970125, 2231.8721962379454, 2465.7623378276826, 2620.907475366211, 2743.1376035289763, 2879.5665012176514, 3192.1677200918202, 3533.721935377121, 3636.395028179169, 3675.926126669693, 3744.846669260025, 3827.4294214843753, 3896.1305129642487, 3979.3036317718506, 4019.676610338592, 4251.628314273834, 4297.247344150543, 4437.738666973114, 4724.154119444275, 4892.927346937561, 4866.91269986496, 4641.592945024872, 4867.447303049469, 4838.951707712555, 4864.537751745796, 4840.574138088226, 4756.831503626824, 5021.57976116867, 5225.841324100876, 5239.06967710743, 5314.743342803955, 5624.358772521973]
shares:[0, 5.9347, 11.8414, 18.2149, 24.2865, 30.0535, 35.7711, 41.1187, 46.6773, 52.327, 57.3145, 62.1878, 66.9474, 71.5964, 76.3156, 80.9345, 85.603, 90.2434, 94.5893, 98.8374, 103.1385, 107.9764, 112.5405, 117.0048, 121.4315, 125.8002, 129.8685, 133.6506, 137.4299, 141.2731, 145.1491, 149.0432, 152.9694, 156.9126, 160.9158, 164.7918, 168.718, 172.6075, 176.3402, 180.0194, 183.7958, 187.8427, 191.7828, 195.8297, 199.9399, 204.1575, 208.5415, 212.7788, 216.9299, 221.1511, 225.392, 229.472]
growth_rate:10.28
