ticker:BVS
price:[17.219999313354492, 13.989999771118164, 12.180000305175781, 11.489999771118164, 14.350000381469727, 14.920000076293945, 14.75, 15.229999542236328, 13.75, 14.819999694824219, 14.09000015258789, 14.399999618530273, 14.649999618530273, 15.850000381469727, 16.760000228881836, 17.780000686645508, 18.049999237060547, 18.420000076293945, 17.549999237060547, 18.799999237060547, 16.510000228881836, 16.329999923706055, 16.350000381469727, 16.670000076293945, 15.59000015258789, 15.260000228881836, 15.079999923706055, 15.890000343322754, 15.130000114440918, 14.699999809265137]
assets:[0, 100.00051836395264, 187.06288068695068, 276.4654804927826, 445.28051183700563, 562.9674108787536, 656.5534749999999, 777.9194396183013, 802.3235, 964.7582681335449, 1017.2360150161743, 1139.615969810486, 1259.4004022066117, 1462.558785200119, 1646.5292384857178, 1846.7357733190536, 1974.7800215297698, 2115.260708761215, 2115.354058040619, 2366.0193839824674, 2177.817620191574, 2254.073980468941, 2356.834569988441, 2502.96217045536, 2440.8031628894805, 2489.1379893341064, 2559.7772070493697, 2797.272482438469, 2763.4824169025424, 2784.9428938649176]
shares:[0, 7.148, 15.3582, 24.0614, 31.03, 37.7324, 44.5121, 51.0781, 58.3508, 65.0984, 72.1956, 79.14, 85.9659, 92.275, 98.2416, 103.8659, 109.4061, 114.835, 120.533, 125.8521, 131.909, 138.0327, 144.1489, 150.1477, 156.5621, 163.1152, 169.7465, 176.0398, 182.6492, 189.4519]
growth_rate:-3.97
