ticker:BVXV
price:[37.849998474121094, 38.5099983215332, 42.470001220703125, 39.619998931884766, 39.45000076293945, 37.54999923706055, 40.970001220703125, 5.199999809265137, 3.0, 2.6700000762939453, 2.869999885559082, 3.2899999618530273, 3.2300000190734863, 3.630000114440918, 3.559999942779541, 3.240000009536743, 3.1700000762939453, 2.809999942779541, 3.25, 3.75, 5.769999980926514, 4.550000190734863, 4.710000038146973, 5.289999961853027, 5.079999923706055, 3.9800000190734863, 3.619999885559082, 4.239999771118164, 4.260000228881836, 3.7899999618530273, 3.9100000858306885, 3.690000057220459, 3.0899999141693115, 3.369999885559082, 3.200000047683716, 2.859999895095825, 2.8299999237060547, 2.880000114440918, 3.0299999713897705, 3.0899999141693115, 3.200000047683716, 3.119999885559082, 2.930000066757202, 2.799999952316284, 2.8299999237060547, 2.5199999809265137, 2.859999895095825, 2.9200000762939453, 2.7200000286102295, 2.299999952316284, 2.1500000953674316, 2.440000057220459]
assets:[0, 99.99891264152527, 210.28171704406736, 296.1713780155182, 394.9023976371765, 475.8824053310394, 619.2246954498291, 178.5934734492302, 203.0346, 280.7008460208893, 401.72708598117833, 560.5163065009117, 650.2942888400554, 830.8260771929741, 914.804641296196, 932.5750347449779, 1012.4266993665696, 997.4507866887569, 1253.6351750000001, 1546.50225, 2479.55132380352, 2055.278766156769, 2227.552128041267, 2601.8579152376174, 2598.5703289733888, 2135.8877062358856, 2042.691725423336, 2492.544921448517, 2604.3025759243014, 2416.9731776727676, 2593.4999289314273, 2547.5741945049763, 2233.33451796484, 2535.7078858905793, 2507.7939573690414, 2341.3406301201344, 2416.781163846016, 2559.4805817046163, 2792.786727629614, 2948.089505111146, 3153.037806983924, 3174.2117555706022, 3080.910599195552, 3044.214828157329, 3176.8314133558274, 2928.8392338320737, 3423.999882408428, 3595.832341952133, 3449.5423882838963, 3016.8924574536322, 2920.138729528427, 3414.0178240621567]
shares:[0, 2.5967, 4.9513, 7.4753, 10.0102, 12.6733, 15.1141, 34.3449, 67.6782, 105.1314, 139.9746, 170.3697, 201.3295, 228.8777, 256.9676, 287.8318, 319.3775, 354.9647, 385.7339, 412.4006, 429.7316, 451.7096, 472.941, 491.8446, 511.5296, 536.6552, 564.2795, 587.8644, 611.3386, 637.7238, 663.2992, 690.3995, 722.762, 752.4356, 783.6856, 818.6506, 853.9863, 888.7085, 921.7118, 954.0743, 985.3243, 1017.3756, 1051.5053, 1087.2196, 1122.5553, 1162.2378, 1197.2028, 1231.4494, 1268.2141, 1311.6924, 1358.204, 1399.1876]
growth_rate:-33.06
