ticker:BWACU
price:[10.0, 10.039999961853027, 10.239999771118164, 10.229999542236328, 10.489999771118164, 10.319999694824219, 10.359999656677246, 11.050000190734863, 11.100000381469727, 11.739999771118164, 12.210000038146973, 11.390000343322754, 12.130000114440918, 12.75, 12.9399995803833, 12.255999565124512, 10.920000076293945, 11.279999732971191, 11.210000038146973, 10.800000190734863, 10.880000114440918, 11.0, 10.819999694824219, 11.100000381469727, 10.880999565124512, 10.739999771118164, 10.729999542236328, 10.6899995803833, 10.760000228881836, 10.829999923706055, 10.84000015258789, 10.850000381469727, 10.899999618530273, 10.890000343322754, 10.890000343322754, 10.890000343322754, 10.890000343322754, 10.890000343322754, 10.994999885559082, 10.800000190734863, 10.710000038146973, 10.699999809265137, 10.619999885559082]
assets:[0, 100.00040762004852, 201.99218748512268, 301.79521649551396, 409.46560206584934, 502.8296011306762, 604.7784479580879, 745.058417860508, 848.4296391576768, 997.3482005558014, 1137.2760335531234, 1160.8984489923478, 1336.3208706075668, 1504.623675, 1627.0457852383613, 1641.0415737714766, 1562.155150914192, 1713.6541754330635, 1803.0197691355706, 1837.075712443924, 1950.6839245182036, 2072.1987, 2138.2894556900023, 2293.624158824158, 2348.371057243824, 2417.940182470894, 2515.689166675568, 2606.310624693966, 2723.3775779304506, 2841.0945279853822, 2943.7180294368745, 3046.43381210804, 3160.472329392242, 3257.5726296996118, 3357.5722358522416, 3457.5718420048715, 3557.571448157501, 3657.571054310131, 3792.8362600224496, 3825.569587561989, 3893.6901288685804, 3990.054538874531, 4060.2224262471195]
shares:[0, 9.9602, 19.7258, 29.501, 39.0339, 48.7238, 58.3763, 67.4261, 76.4351, 84.953, 93.143, 101.9226, 110.1666, 118.0097, 125.7377, 133.897, 143.0545, 151.9197, 160.8403, 170.0996, 179.2908, 188.3817, 197.6238, 206.6328, 215.8231, 225.1341, 234.4538, 243.8083, 253.102, 262.3356, 271.5607, 280.7773, 289.9516, 299.1343, 308.317, 317.4997, 326.6824, 335.8651, 344.9601, 354.2194, 363.5565, 372.9023, 382.3185]
growth_rate:-3.33
