ticker:BWAC
price:[10.149999618530273, 10.180000305175781, 10.289999961853027, 10.449999809265137, 10.289999961853027, 10.520000457763672, 10.680000305175781, 10.770000457763672, 10.4399995803833, 10.010000228881836, 10.100000381469727, 10.100000381469727, 9.949999809265137, 9.970000267028809, 10.079999923706055, 10.010000228881836, 9.970000267028809, 9.970000267028809, 9.979999542236328, 9.949999809265137, 9.930000305175781, 9.979999542236328, 10.0, 10.039999961853027, 10.0, 10.0, 9.989999771118164, 9.989999771118164, 9.989999771118164, 10.020000457763672, 10.029999732971191, 10.020000457763672, 10.020000457763672, 10.0, 10.050000190734863, 10.050000190734863]
assets:[0, 100.00017899780273, 201.08100525455475, 304.2078544475556, 399.5504085187912, 508.48106612586975, 616.2146576080322, 721.4080176624298, 799.3030718734741, 866.3815358100891, 974.1712967937469, 1074.1714005706788, 1158.218782797718, 1260.5470137615202, 1374.4543575969697, 1464.9094794956209, 1559.0558007565498, 1659.0559004348754, 1760.7194232391357, 1855.4272094326973, 1951.6978679809572, 2061.524593441772, 2165.656, 2274.3190233587266, 2365.258, 2465.258, 2562.792583283615, 2662.792480992508, 2762.7923787014006, 2871.08884716568, 2973.9540978243826, 3070.988858298111, 3170.9884628665923, 3264.6589999999997, 3380.9818691662786, 3480.981381064129]
shares:[0, 9.8232, 19.5414, 29.1108, 38.829, 48.3347, 57.698, 66.9831, 76.5616, 86.5516, 96.4526, 106.3536, 116.4039, 126.434, 136.3546, 146.3446, 156.3747, 166.4048, 176.4248, 186.4751, 196.5456, 206.5656, 216.5656, 226.5258, 236.5258, 246.5258, 256.5358, 266.5458, 276.5558, 286.5358, 296.5059, 306.4859, 316.4659, 326.4659, 336.4161, 346.3663]
growth_rate:-0.54
