ticker:BWAY
price:[6.730000019073486, 5.949999809265137, 6.050000190734863, 5.835000038146973, 5.810999870300293, 5.900000095367432, 6.010000228881836, 6.199999809265137, 5.589000225067139, 5.789999961853027, 5.909999847412109, 6.059999942779541, 6.449999809265137, 6.354000091552734, 6.150000095367432, 6.170000076293945, 6.179999828338623, 7.539999961853027, 8.100000381469727, 8.086000442504883, 9.949999809265137, 7.949999809265137, 7.96999979019165, 9.130000114440918, 9.460000038146973, 8.550000190734863, 8.449999809265137, 8.789999961853027, 8.479999542236328, 9.319999694824219, 9.369999885559082, 9.369999885559082, 9.0600004196167, 8.279999732971191, 8.619999885559082, 8.626999855041504, 8.850000381469727, 9.670000076293945, 11.140000343322754, 11.59000015258789, 11.569999694824219, 10.529999732971191, 10.220000267028809, 10.130000114440918, 9.609999656677246, 9.0, 9.029999732971191, 8.960000038146973, 7.989999771118164, 8.140000343322754, 7.5, 7.599999904632568]
assets:[0, 99.99986179437637, 201.6803863582611, 294.513457925415, 393.3018365216255, 499.3258580710888, 608.635127178955, 727.8762576078415, 756.1453417497157, 883.3391851801873, 1001.6468681388855, 1127.0696953578472, 1299.6040115690232, 1380.261013287735, 1435.9469172670842, 1540.6169350502014, 1643.1136343593596, 2104.7050333517072, 2361.0229411924365, 2456.9425548557283, 3123.3218551280024, 2595.5183227288244, 2702.0483068692206, 3195.3201790520666, 3410.813419753933, 3182.7119210004807, 3245.486911742306, 3476.074925914478, 3453.4832055755614, 3895.573472442627, 4016.4729389446256, 4116.4733257232665, 4080.282626979542, 3828.9997645153044, 4086.22905575037, 4189.547193603516, 4397.843079564285, 4905.327047701836, 5751.018493240166, 6083.330305089951, 6172.832022182464, 5717.970970998764, 5649.635565614033, 5699.883632392883, 5507.292837248802, 5257.7145, 5375.240082047176, 5433.571607133293, 4945.338448335648, 5138.179856714249, 4834.19475, 4998.6506572752005]
shares:[0, 16.8067, 33.3356, 50.4736, 67.6823, 84.6315, 101.2704, 117.3994, 135.2917, 152.5629, 169.4834, 185.9851, 201.489, 217.2271, 233.4873, 249.6948, 265.876, 279.1386, 291.4843, 303.8514, 313.9017, 326.4803, 339.0274, 349.9803, 360.5511, 372.247, 384.0813, 395.4579, 407.2504, 417.98, 428.6524, 439.3248, 450.3623, 462.4396, 474.0405, 485.632, 496.9314, 507.2727, 516.2494, 524.8775, 533.5205, 543.0172, 552.8019, 562.6736, 573.0794, 584.1905, 595.2647, 606.4254, 618.941, 631.226, 644.5593, 657.7172]
growth_rate:-1.99
