ticker:BWB
price:[9.920000076293945, 9.5, 9.930000305175781, 9.0, 10.149999618530273, 10.699999809265137, 10.720000267028809, 11.529999732971191, 11.109999656677246, 10.579999923706055, 11.9399995803833, 11.579999923706055, 12.0, 12.119999885559082, 12.4399995803833, 12.430000305175781, 12.3100004196167, 12.489999771118164, 12.9399995803833, 13.350000381469727, 13.460000038146973, 12.84000015258789, 13.979999542236328, 14.520000457763672, 14.619999885559082, 14.449999809265137, 17.520000457763672, 16.969999313354492, 16.18000030517578, 16.200000762939453, 16.139999389648438, 16.309999465942383, 16.559999465942383, 15.970000267028809, 16.90999984741211, 17.440000534057617, 17.700000762939453, 17.84000015258789, 17.360000610351562, 17.3700008392334, 17.09000015258789, 16.399999618530273, 16.780000686645508, 16.100000381469727, 16.100000381469727, 16.059999465942383, 16.079999923706055, 16.219999313354492, 16.760000228881836, 15.960000038146973, 15.630000114440918, 16.700000762939453]
assets:[0, 99.99985000000001, 204.52623028564454, 285.3711, 421.83499914608, 544.6931202904701, 645.7117120842934, 794.5011505997659, 865.5600752523421, 924.268793334961, 1143.0782478279114, 1208.6138560371398, 1352.4492, 1465.9733741578102, 1604.6790858721733, 1703.3898398208619, 1786.9455119124414, 1913.0745299425125, 2082.0006424851417, 2247.967849234581, 2366.490096706867, 2357.484376015854, 2666.793956678009, 2869.804038474655, 2989.567752598572, 3054.8050996776583, 3803.819859386444, 3784.408272874069, 3708.2344039421077, 3812.8175995647434, 3898.6959385665896, 4039.7601587213517, 4201.680896496391, 4151.982877423859, 4496.370650426865, 4737.297105068207, 4907.921701550675, 5046.741587165451, 5010.955496177673, 5113.842889075852, 5131.409265815734, 5024.231723134612, 5240.64759244976, 5128.27355150814, 5228.273873877525, 5315.284875246048, 5421.904222274971, 5569.109190241432, 5854.517803951836, 5675.066389564324, 5657.725559425163, 6145.042500736237]
shares:[0, 10.5263, 20.5968, 31.7079, 41.5601, 50.9059, 60.2343, 68.9073, 77.9082, 87.36, 95.7352, 104.3708, 112.7041, 120.9549, 128.9935, 137.0386, 145.1621, 153.1685, 160.8965, 168.3871, 175.8165, 183.6047, 190.7578, 197.6449, 204.4848, 211.4052, 217.113, 223.0058, 229.1863, 235.3591, 241.5549, 247.6861, 253.7247, 259.9864, 265.9001, 271.634, 277.2837, 282.8891, 288.6495, 294.4066, 300.258, 306.3556, 312.3151, 318.5263, 324.7375, 330.9642, 337.1831, 343.3483, 349.3149, 355.5806, 361.9786, 367.9666]
growth_rate:20.49
