ticker:BWEN
price:[3.3499999046325684, 3.309999942779541, 3.0399999618530273, 2.869999885559082, 2.7300000190734863, 3.7799999713897705, 4.449999809265137, 4.369999885559082, 3.7200000286102295, 3.200000047683716, 3.5899999141693115, 4.670000076293945, 4.820000171661377, 4.349999904632568, 3.869999885559082, 4.329999923706055, 6.010000228881836, 7.929999828338623, 8.869999885559082, 8.300000190734863, 8.979999542236328, 8.8100004196167, 10.930000305175781, 9.819999694824219, 9.140000343322754, 6.989999771118164, 6.190000057220459, 6.019999980926514, 5.659999847412109, 5.090000152587891, 6.190000057220459, 5.690000057220459, 5.230000019073486, 5.230000019073486, 5.170000076293945, 4.820000171661377, 4.380000114440918, 4.21999979019165, 4.71999979019165, 4.670000076293945, 4.829999923706055, 4.460000038146973, 4.920000076293945, 4.429999828338623, 4.449999809265137, 4.0, 4.0, 3.799999952316284, 3.5299999713897705, 3.4200000762939453, 3.109999895095825, 3.309999942779541]
assets:[0, 100.0000632712841, 191.8428455926895, 281.11476679058075, 367.40176456689835, 608.7100273927689, 816.602999998951, 901.9225283805847, 867.7692426739454, 846.4681726133584, 1049.6316099051237, 1465.398389940262, 1612.4669514270306, 1555.2345859037398, 1483.6225061273576, 1759.9704699895858, 2542.822682839584, 3455.1715022056105, 3964.738271846866, 3809.958217553234, 4222.099444774627, 4242.171139052868, 5362.988273739625, 4918.347829152679, 4677.769915709496, 3677.419307585907, 3356.5417680279256, 3364.3588613405227, 3263.1676360282895, 3034.545092969513, 3790.3406860379696, 3584.174280043602, 3394.4169753792285, 3494.417190743923, 3554.3285224514007, 3413.706799577093, 3202.081865664196, 3185.110673643875, 3662.4932771987915, 3723.696011834145, 3951.2741735862733, 3748.5885540621757, 4235.2142936750415, 3913.4144473561764, 4031.082167220688, 3723.4448, 3823.4448, 3732.2725531661513, 3567.0847390892027, 3555.9293473262787, 3333.607954553246, 3647.9880089366916]
shares:[0, 30.2115, 63.1062, 97.9494, 134.5794, 161.0344, 183.5063, 206.3896, 233.2713, 264.5213, 292.3765, 313.7898, 334.5367, 357.5252, 383.365, 406.4597, 423.0986, 435.7089, 446.9829, 459.0311, 470.167, 481.5177, 490.6668, 500.8501, 511.791, 526.0972, 542.2523, 558.8636, 576.5314, 596.1778, 612.3329, 629.9076, 649.0281, 668.1486, 687.491, 708.2379, 731.0689, 754.7656, 775.952, 797.3653, 818.0692, 840.4907, 860.8159, 883.3893, 905.8612, 930.8612, 955.8612, 982.177, 1010.5056, 1039.7454, 1071.8997, 1102.1112]
growth_rate:-28.47
