ticker:BWFG
price:[15.680000305175781, 15.15999984741211, 15.5, 14.869999885559082, 14.960000038146973, 15.300000190734863, 15.119999885559082, 16.170000076293945, 16.5, 15.6899995803833, 17.18000030517578, 18.1299991607666, 18.290000915527344, 19.579999923706055, 20.0, 18.989999771118164, 18.459999084472656, 19.549999237060547, 19.3700008392334, 20.1200008392334, 20.350000381469727, 19.450000762939453, 20.56999969482422, 21.020000457763672, 23.25, 24.799999237060547, 27.299999237060547, 28.329999923706055, 27.549999237060547, 27.040000915527344, 26.979999542236328, 27.299999237060547, 27.600000381469727, 27.68000030517578, 27.010000228881836, 29.15999984741211, 29.040000915527344, 28.360000610351562, 28.559999465942383, 29.149999618530273, 28.700000762939453, 27.299999237060547, 27.989999771118164, 27.549999237060547, 27.670000076293945, 27.969999313354492, 27.780000686645508, 28.81999969482422, 30.920000076293945, 31.049999237060547, 29.93000030517578, 30.510000228881836]
assets:[0, 99.9999069934845, 202.24245, 294.0215337371826, 395.8012090092659, 504.7959662929535, 598.8578354673385, 740.445324493599, 855.5563500000001, 913.5565015676499, 1100.3120175453184, 1261.1553756214144, 1372.2859656913758, 1569.0746218860627, 1702.732, 1716.7434543085099, 1768.8297282745361, 1973.2733079929353, 2055.104790040398, 2234.6781932115555, 2360.223569243431, 2355.840497409439, 2591.497012552643, 2748.1905938488007, 3139.7451, 3449.062373894119, 3896.750021099472, 4143.769595840645, 4129.68152063713, 4153.233276621247, 4244.015981992721, 4394.352567193222, 4542.642662785531, 4655.809267330933, 4643.113574345589, 5112.707337246323, 5191.666819674682, 5170.099011268616, 5306.559284770012, 5516.182687812805, 5531.0268370327, 5361.220260172653, 5596.723610234069, 5608.744554677582, 5733.1742098079685, 5895.334650273324, 5955.287643198395, 6278.235193519592, 6835.707040866852, 6964.446518874359, 6813.232346469879, 7045.262467852593]
shares:[0, 6.5963, 13.0479, 19.7728, 26.4573, 32.9932, 39.607, 45.7913, 51.8519, 58.2254, 64.0461, 69.5618, 75.0293, 80.1366, 85.1366, 90.4025, 95.8196, 100.9347, 106.0973, 111.0675, 115.9815, 121.1229, 125.9843, 130.7417, 135.0428, 139.0751, 142.7381, 146.2679, 149.8977, 153.5959, 157.3023, 160.9653, 164.5885, 168.2012, 171.9035, 175.3329, 178.7764, 182.3025, 185.8039, 189.2344, 192.7187, 196.3817, 199.9544, 203.5842, 207.1982, 210.7735, 214.3732, 217.843, 221.0772, 224.2978, 227.6389, 230.9165]
growth_rate:38.14
