ticker:BWMX
price:[17.93000030517578, 22.0, 19.59000015258789, 17.799999237060547, 18.1200008392334, 19.770000457763672, 25.58300018310547, 25.809999465942383, 27.25, 34.15999984741211, 31.489999771118164, 30.90999984741211, 29.260000228881836, 29.84000015258789, 29.760000228881836, 33.43000030517578, 31.709999084472656, 34.150001525878906, 34.70000076293945, 37.650001525878906, 38.150001525878906, 36.0, 40.849998474121094, 39.779998779296875, 45.5099983215332, 43.20000076293945, 39.33000183105469, 38.11000061035156, 37.93000030517578, 38.04999923706055, 38.79999923706055, 38.709999084472656, 39.790000915527344, 42.90999984741211, 47.220001220703125, 46.65999984741211, 44.7400016784668, 42.72999954223633, 43.43000030517578, 44.0099983215332, 42.810001373291016, 40.650001525878906, 41.779998779296875, 46.880001068115234, 48.970001220703125, 45.59000015258789, 45.90999984741211, 42.5, 41.400001525878906, 38.150001525878906, 36.470001220703125, 39.77000045776367]
assets:[0, 100.00099999999999, 189.0454604724884, 271.77216835136414, 376.6586454450607, 510.9576388309479, 761.1940291481019, 867.9489860404968, 1016.3732249999999, 1374.1030738620757, 1366.7006290662766, 1441.5280258838652, 1464.5771254564286, 1593.6081921489715, 1689.3353409925462, 1997.663156236267, 1994.8823844039919, 2248.3848754615783, 2384.594462429428, 2687.3178039115905, 2823.0047379112243, 2763.9108, 3236.2716841148376, 3251.5017382232663, 3819.8544031188962, 3725.9655058029175, 3492.1816565826416, 3483.8561937957766, 3567.3999747024536, 3678.685341238785, 3851.1948042724607, 3942.2611457618714, 4152.249734539032, 4577.836169721222, 5137.644738815307, 5176.71701307106, 5063.700233969879, 4936.208004118728, 5117.074640956878, 5285.411555423355, 5241.296964134216, 5076.843730569458, 5317.97132262268, 6067.125354233552, 6437.6110514739985, 6093.276762393951, 6236.047099273681, 5872.85825, 5820.856774539185, 5463.904258538818, 5323.2926701782235, 5904.9741049678805]
shares:[0, 4.5455, 9.6501, 15.2681, 20.7869, 25.8451, 29.7539, 33.6284, 37.2981, 40.2255, 43.4011, 46.6363, 50.0539, 53.4051, 56.7653, 59.7566, 62.9102, 65.8385, 68.7203, 71.3763, 73.9975, 76.7753, 79.2233, 81.7371, 83.9344, 86.2492, 88.7918, 91.4158, 94.0522, 96.6803, 99.2576, 101.8409, 104.3541, 106.6846, 108.8023, 110.9455, 113.1806, 115.5209, 117.8235, 120.0957, 122.4316, 124.8916, 127.2851, 129.4182, 131.4603, 133.6538, 135.832, 138.1849, 140.6004, 143.2216, 145.9636, 148.4781]
growth_rate:15.78
