ticker:BXRX
price:[3.309999942779541, 3.1600000858306885, 3.450000047683716, 3.009999990463257, 2.869999885559082, 2.859999895095825, 2.690000057220459, 1.4600000381469727, 1.090000033378601, 1.190000057220459, 1.100000023841858, 1.059999942779541, 1.149999976158142, 1.1699999570846558, 1.1299999952316284, 0.9750000238418579, 1.0499999523162842, 1.0099999904632568, 1.1699999570846558, 1.2999999523162842, 1.4600000381469727, 1.3300000429153442, 1.600000023841858, 1.909999966621399, 1.6799999475479126, 1.350000023841858, 1.2200000286102295, 1.399999976158142, 1.5700000524520874, 1.340000033378601, 1.340000033378601, 1.1699999570846558, 1.0700000524520874, 1.0700000524520874, 1.1299999952316284, 0.8830000162124634, 0.8100000023841858, 0.8510000109672546, 0.902999997138977, 0.7670000195503235, 0.8450000286102295, 0.7799999713897705, 0.824999988079071, 0.7649999856948853, 0.699999988079071, 0.6129999756813049, 0.6359999775886536, 0.6100000143051147, 0.5490000247955322, 0.527999997138977, 0.5070000290870667, 0.6050000190734863]
assets:[0, 100.00009871616363, 209.17729789111615, 282.4996361049414, 369.36008827180865, 468.07301683118345, 540.2504654919625, 393.2213722741127, 393.5693640521049, 529.6766414691925, 589.6170627796054, 668.1763699307918, 824.9083228979588, 939.254554548347, 1007.1433447500586, 968.9953886950254, 1143.5334230686426, 1199.9702826694966, 1490.0645603447558, 1755.6273156039715, 2071.704576129627, 1987.2377851225497, 2490.661957113755, 3073.2275732931735, 2803.1529924814104, 2352.533801547241, 2225.99350820179, 2654.418714795518, 3076.7411917907593, 2726.008431903243, 2826.0084803941845, 2567.484877825212, 2448.0418850045803, 2548.041842906642, 2790.9225782228705, 2280.8714257783054, 2192.305587452918, 2403.274154872173, 2650.1252043034674, 2350.992352925241, 2690.0763500813005, 2583.1471992507218, 2832.1749640761736, 2726.1986250214577, 2594.560805814892, 2372.09388469522, 2561.0957805521903, 2556.397026950085, 2400.7573993299725, 2408.925010946989, 2413.1156146427033, 2979.556063434744]
shares:[0, 31.6456, 60.6311, 93.8537, 128.6969, 163.6619, 200.8366, 269.3297, 361.0728, 445.1064, 536.0155, 630.3551, 717.3116, 802.7817, 891.2773, 993.8414, 1089.0795, 1188.0894, 1273.5595, 1350.4826, 1418.9757, 1494.1637, 1556.6637, 1609.0197, 1668.5435, 1742.6176, 1824.5848, 1896.0134, 1959.7077, 2034.3346, 2108.9615, 2194.4316, 2287.8895, 2381.3474, 2469.843, 2583.0933, 2706.5501, 2824.0589, 2934.8009, 3065.179, 3183.5222, 3311.7273, 3432.9394, 3563.6584, 3706.5155, 3869.6476, 4026.8803, 4190.8147, 4372.9641, 4562.358, 4759.5966, 4924.8859]
growth_rate:-41.58
