ticker:BYFC
price:[1.6399999856948853, 1.5199999809265137, 1.4700000286102295, 2.0799999237060547, 1.6799999475479126, 1.8899999856948853, 1.7599999904632568, 1.940000057220459, 1.6100000143051147, 1.649999976158142, 1.659999966621399, 1.6399999856948853, 1.7599999904632568, 1.7999999523162842, 1.7000000476837158, 1.7100000381469727, 1.8300000429153442, 1.850000023841858, 2.049999952316284, 2.0899999141693115, 2.1600000858306885, 2.0299999713897705, 2.2100000381469727, 2.2200000286102295, 2.299999952316284, 1.9700000286102295, 2.200000047683716, 3.009999990463257, 2.5899999141693115, 2.490000009536743, 2.319999933242798, 2.2699999809265137, 2.049999952316284, 2.069999933242798, 2.0999999046325684, 1.840000033378601, 2.1600000858306885, 2.2100000381469727, 2.4100000858306885, 2.640000104904175, 3.069999933242798, 2.509999990463257, 2.75, 2.7100000381469727, 3.25, 3.0199999809265137, 2.890000104904175, 2.9600000381469727, 3.009999990463257, 3.3399999141693115, 3.069999933242798, 3.509999990463257]
assets:[0, 100.00003874516487, 196.7105528285265, 378.33867412261964, 405.5812193371534, 556.2789707896113, 618.0164286512136, 781.2226970422267, 748.3342856490731, 866.9264874732494, 972.1806404517888, 1060.4676147499324, 1238.0628412914275, 1366.2006838080406, 1390.3006689968825, 1498.4788474283218, 1703.6352459519626, 1822.254278484285, 2119.2546907053948, 2260.605980162978, 2436.320256810665, 2389.689779320407, 2701.5836066322327, 2813.807856262922, 3015.206327488589, 2682.589817959142, 3095.7855070993423, 4335.597364263296, 3830.6300750557425, 3782.729330487919, 3624.4704717071054, 3646.3570383617875, 3392.965581078434, 3526.0676942848204, 3677.169973008442, 3321.901468261099, 3999.623558930755, 4192.207416362, 4671.592848375941, 5217.429567322016, 6167.237826893306, 5142.269359461951, 5733.960375000001, 5750.557479946995, 6996.424824999999, 6601.293232308055, 6417.131944935608, 6672.564101992607, 6885.276250185013, 7740.1401830953355, 7214.440285121869, 8348.431783317137]
shares:[0, 65.7895, 133.8167, 181.8936, 241.4174, 294.3275, 351.1457, 402.6921, 464.8039, 525.41, 585.651, 646.6266, 703.4448, 759.0004, 817.8239, 876.3034, 930.9482, 985.0023, 1033.7828, 1081.6297, 1127.926, 1177.1871, 1222.436, 1267.481, 1310.9593, 1361.7207, 1407.1752, 1440.3978, 1479.0078, 1519.1684, 1562.2718, 1606.3247, 1655.1052, 1703.4144, 1751.0334, 1805.3812, 1851.6775, 1896.9264, 1938.4202, 1976.299, 2008.8723, 2048.7129, 2085.0765, 2121.9769, 2152.7461, 2185.8587, 2220.4608, 2254.2446, 2287.4672, 2317.4073, 2349.9806, 2378.4706]
growth_rate:63.69
