ticker:BYND
price:[125.81999969482422, 134.8800048828125, 149.0399932861328, 155.02000427246094, 166.24000549316406, 194.94500732421875, 183.5800018310547, 171.72999572753906, 142.42999267578125, 156.86000061035156, 124.73999786376953, 136.55999755859375, 142.1999969482422, 139.6199951171875, 138.6999969482422, 144.72999572753906, 136.58999633789062, 125.0, 118.0999984741211, 140.10000610351562, 140.6999969482422, 178.0800018310547, 168.9199981689453, 175.4499969482422, 160.22000122070312, 145.47999572753906, 138.3000030517578, 142.4499969482422, 139.38999938964844, 129.7100067138672, 131.3800048828125, 130.3699951171875, 137.30999755859375, 131.4199981689453, 131.67999267578125, 110.7249984741211, 104.97000122070312, 106.58999633789062, 145.4199981689453, 145.5500030517578, 149.4199981689453, 145.3699951171875, 148.00999450683594, 150.80999755859375, 140.32000732421875, 124.94999694824219, 126.54000091552734, 122.69999694824219, 123.87999725341797, 121.23999786376953, 117.3499984741211, 121.5]
assets:[0, 100.00003562011717, 210.504086517334, 318.9536587905884, 442.0321746063232, 618.3655632324219, 682.311792805481, 738.2672516326905, 712.3066363708497, 884.4707994415284, 803.3630082420349, 979.4902384887696, 1119.9387359649659, 1199.6149980468751, 1291.7130715789797, 1447.864404258728, 1466.4302006835937, 1442.0, 1462.3968511054993, 1834.8197299346925, 1942.6729978637695, 2558.7781223098755, 2527.16141660614, 2724.861267604065, 2588.3220757202153, 2450.2031840423583, 2429.2810436050418, 2602.1768292526244, 2646.2773214126587, 2562.511979637146, 2695.5104221801757, 2774.7819390747068, 3022.4951282592774, 2992.8407603012083, 3098.759427642822, 2705.6317727142336, 2665.0098819915775, 2806.1415385894775, 3928.4049145355225, 4031.9097445373536, 4239.120058052063, 4224.219466113281, 4400.92917666626, 4584.18657678833, 4365.327363854981, 3987.166897618103, 4137.908645938111, 4112.339477719116, 4251.883593730164, 4261.270700917053, 4224.5530050689695, 4473.9459]
shares:[0, 0.7414, 1.4124, 2.0575, 2.659, 3.172, 3.7167, 4.299, 5.0011, 5.6386, 6.4403, 7.1726, 7.8758, 8.592, 9.313, 10.0039, 10.736, 11.536, 12.3827, 13.0965, 13.8072, 14.3687, 14.9607, 15.5307, 16.1548, 16.8422, 17.5653, 18.2673, 18.9847, 19.7557, 20.5169, 21.2839, 22.0122, 22.7731, 23.5325, 24.4356, 25.3883, 26.3265, 27.0142, 27.7012, 28.3705, 29.0584, 29.734, 30.3971, 31.1098, 31.9101, 32.7004, 33.5154, 34.3226, 35.1474, 35.9996, 36.8226]
growth_rate:-12.28
