ticker:BYRN
price:[1.809999942779541, 1.7699999809265137, 1.690000057220459, 1.600000023841858, 1.559999942779541, 1.6200000047683716, 1.6299999952316284, 1.4900000095367432, 1.4800000190734863, 14.5, 14.199999809265137, 14.399999618530273, 14.199999809265137, 14.600000381469727, 15.899999618530273, 15.800000190734863, 14.899999618530273, 14.5, 14.0, 14.0, 13.899999618530273, 13.600000381469727, 1.5299999713897705, 1.659999966621399, 1.5, 1.5, 1.3700000047683716, 1.3200000524520874, 1.25, 1.2300000190734863, 1.2699999809265137, 1.2599999904632568, 1.9900000095367432, 1.8799999952316284, 1.899999976158142, 23.079999923706055, 26.350000381469727, 26.8700008392334, 24.0, 23.700000762939453, 24.059999465942383, 25.600000381469727, 22.719999313354492, 20.93000030517578, 21.350000381469727, 25.40999984741211, 24.0, 24.0, 24.65999984741211, 24.309999465942383, 26.299999237060547, 29.40999984741211]
assets:[0, 100.00004292240143, 195.48027861862184, 285.07008424787523, 377.9433701371193, 492.479677449584, 595.5196832578778, 644.3707681242943, 740.0461855373383, 7350.4531, 7298.375321967983, 7501.168601286888, 7496.986459300232, 7808.1692640123365, 8603.416653588487, 8649.307204412937, 8256.62469861393, 8134.9712500000005, 7954.455599999999, 8054.4562000000005, 8096.923527789117, 8022.169665015793, 1002.4940782538653, 1187.6733701187493, 1173.1989, 1273.19895, 1262.8550443954468, 1316.7655243235588, 1346.9370000000001, 1425.3860141033174, 1571.7400383948327, 1659.3641694405317, 2720.741943038702, 2670.349173227012, 2798.7571548802257, 34097.53561928616, 39028.51386501693, 39898.716098160556, 35737.1112, 35390.39822927131, 36027.97252029037, 38434.00249271125, 34210.17547809753, 31614.920342970276, 32349.332697999573, 38601.009215199665, 36559.0416, 36659.0424, 37767.16706430931, 37331.13530788574, 40487.03675550728, 45374.668297582626]
shares:[0, 56.4972, 115.6688, 178.1688, 242.2714, 303.9998, 365.3495, 432.4636, 500.0312, 506.9278, 513.9701, 520.9145, 527.9568, 534.8061, 541.0954, 547.4245, 554.1359, 561.0325, 568.1754, 575.3183, 582.5125, 589.8654, 655.2249, 715.4659, 782.1326, 848.7993, 921.792, 997.5496, 1077.5496, 1158.8504, 1237.5906, 1316.9557, 1367.207, 1420.3985, 1473.0301, 1477.3629, 1481.158, 1484.8796, 1489.0463, 1493.2657, 1497.422, 1501.3282, 1505.7296, 1510.5074, 1515.1912, 1519.1267, 1523.2934, 1527.4601, 1531.5153, 1535.6288, 1539.4311, 1542.8313]
growth_rate:789.7
