ticker:BYSI
price:[11.800000190734863, 13.380000114440918, 15.229999542236328, 13.140000343322754, 13.470000267028809, 15.359999656677246, 15.229999542236328, 14.829999923706055, 14.739999771118164, 16.020000457763672, 17.309999465942383, 10.390000343322754, 11.1899995803833, 10.65999984741211, 10.600000381469727, 11.779999732971191, 11.050000190734863, 12.199999809265137, 12.619999885559082, 12.880000114440918, 12.65999984741211, 12.140000343322754, 14.1899995803833, 15.40999984741211, 14.920000076293945, 12.979999542236328, 12.579999923706055, 12.819999694824219, 12.4399995803833, 11.140000343322754, 10.800000190734863, 10.289999961853027, 9.800000190734863, 9.760000228881836, 10.789999961853027, 9.979999542236328, 9.75, 10.710000038146973, 10.369999885559082, 10.699999809265137, 11.430000305175781, 11.680000305175781, 10.710000038146973, 10.5600004196167, 10.470000267028809, 9.899999618530273, 9.75, 9.520000457763672, 26.8700008392334, 21.700000762939453, 20.190000534057617, 28.799999237060547]
assets:[0, 99.99944485530852, 213.8261475730896, 284.48232143297196, 391.6267877635956, 546.5763717830658, 641.9505727050781, 725.090601269722, 820.6907592563629, 991.9584283447266, 1171.8350338459015, 803.3714505462647, 965.2292218046189, 1019.5127914066314, 1113.7749000822066, 1337.7615076756476, 1354.861518386364, 1595.8648950502397, 1750.8041341233252, 1886.874936765194, 1954.6457404411315, 1974.359819835472, 2407.7562907995225, 2714.7658041187283, 2728.4427939519883, 2473.672498761368, 2497.4419688537596, 2645.0877190345764, 2666.6843380494115, 2488.0121326778412, 2512.0768043648723, 2493.4511817563057, 2474.715648164749, 2564.6147641427992, 2935.2651926226617, 2814.915756885147, 2850.042975, 3230.662943507004, 3228.102152375412, 3430.8286788431164, 3764.894653520965, 3947.2409191337583, 3719.4309312479018, 3767.338229700565, 3835.230199814415, 3726.4350964118958, 3769.9739999999997, 3781.0414458091736, 10771.90926244011, 8799.3090793705, 8287.005909204483, 11920.98784420166]
shares:[0, 7.4738, 14.0398, 21.6501, 29.074, 35.5844, 42.1504, 48.8935, 55.6778, 61.92, 67.697, 77.3216, 86.2582, 95.6391, 105.0731, 113.5621, 122.6119, 130.8086, 138.7325, 146.4965, 154.3954, 162.6326, 169.6798, 176.1691, 182.8715, 190.5757, 198.5248, 206.3251, 214.3637, 223.3404, 232.5997, 242.3179, 252.522, 262.7679, 272.0357, 282.0557, 292.3121, 301.6492, 311.2924, 320.6382, 329.3871, 337.9487, 347.2858, 356.7555, 366.3066, 376.4076, 386.664, 397.1682, 400.8898, 405.4981, 410.451, 413.9232]
growth_rate:133.74
