ticker:BYTSU
price:[9.949999809265137, 10.0, 10.0600004196167, 10.149999618530273, 10.100000381469727, 10.020000457763672, 10.0, 10.005000114440918, 9.989999771118164, 9.989999771118164, 9.989999771118164, 9.9399995803833, 10.079999923706055, 9.960000038146973, 10.09000015258789, 10.15999984741211, 10.045000076293945, 10.029999732971191, 10.100000381469727, 9.989999771118164, 9.960000038146973, 9.960000038146973, 9.960000038146973, 9.90999984741211]
assets:[0, 100.0, 200.60043236732483, 302.394878635025, 400.9053751419068, 497.7294947387695, 596.736, 697.0343509729386, 795.9891957630158, 895.9890934719085, 995.9889911808013, 1091.0044139432907, 1206.370358869171, 1292.0092129484176, 1408.8727753059386, 1518.6466731922148, 1601.457285663414, 1699.065906765747, 1810.924008397293, 1891.2008626705172, 1985.5220236045839, 2085.522415987587, 2185.52280837059, 2274.5510929779052]
shares:[0, 10.0, 19.9404, 29.7926, 39.6936, 49.6736, 59.6736, 69.6686, 79.6786, 89.6886, 99.6986, 109.759, 119.6796, 129.7198, 139.6306, 149.4731, 159.4283, 169.3984, 179.2994, 189.3094, 199.3496, 209.3898, 219.43, 229.5208]
growth_rate:-1.11
