ticker:BZUN
price:[38.70000076293945, 36.79999923706055, 34.65999984741211, 32.72999954223633, 32.599998474121094, 33.779998779296875, 33.56999969482422, 38.22999954223633, 36.59000015258789, 42.380001068115234, 41.61000061035156, 41.91999816894531, 38.970001220703125, 38.34000015258789, 35.54999923706055, 35.81999969482422, 32.0099983215332, 34.349998474121094, 36.40999984741211, 35.63999938964844, 34.79999923706055, 40.9900016784668, 48.150001525878906, 54.040000915527344, 52.439998626708984, 45.93000030517578, 44.66999816894531, 45.709999084472656, 44.220001220703125, 35.130001068115234, 37.959999084472656, 35.150001525878906, 35.5, 37.0099983215332, 34.709999084472656, 32.91999816894531, 32.2599983215332, 36.060001373291016, 34.689998626708984, 34.529998779296875, 37.04999923706055, 35.40999984741211, 36.2400016784668, 34.5, 32.9900016784668, 32.45000076293945, 26.520000457763672, 24.719999313354492, 23.8799991607666, 22.06999969482422, 18.649999618530273, 22.780000686645508]
assets:[0, 100.00031792678833, 194.18611514511107, 283.3730630367279, 382.2480221084595, 496.0829280731201, 593.0006166091919, 775.3158597164154, 842.056650511551, 1075.303529101181, 1155.767698953247, 1264.378408772278, 1275.402405950928, 1354.7822453918457, 1356.193365894699, 1466.4922795059206, 1410.507772039032, 1613.6186583206177, 1810.388935412979, 1872.101451939392, 1927.9791177318573, 2370.9149840847012, 2885.056606427765, 3337.975200550842, 3339.143132555008, 3024.614531096649, 3041.638246321106, 3212.4530256576536, 3207.736576550293, 2648.345390522003, 2961.692272569275, 2842.454083392334, 2970.75715, 3197.119808005142, 3098.4331912742614, 3038.647510986328, 3077.7264278678895, 3540.2627548255923, 3505.760854215622, 3589.590194100952, 3951.560258628845, 3876.6478322948456, 4067.5161803882597, 3972.22305, 3898.3658173412323, 3934.5561025062557, 3315.543717229843, 3190.506487377548, 3182.091080169296, 3040.9016659515382, 2669.67844039402, 3360.8724593050006]
shares:[0, 2.7174, 5.6026, 8.6579, 11.7254, 14.6857, 17.6646, 20.2803, 23.0133, 25.3729, 27.7762, 30.1617, 32.7278, 35.336, 38.1489, 40.9406, 44.0646, 46.9758, 49.7223, 52.5281, 55.4017, 57.8413, 59.9181, 61.7686, 63.6755, 65.8527, 68.0913, 70.279, 72.5404, 75.387, 78.0214, 80.8664, 83.6833, 86.3853, 89.2663, 92.304, 95.4038, 98.177, 101.0597, 103.9557, 106.6548, 109.4789, 112.2383, 115.1369, 118.1681, 121.2498, 125.0205, 129.0658, 133.2534, 137.7844, 143.1463, 147.5361]
growth_rate:-34.1
