ticker:CAAS
price:[2.7799999713897705, 3.3499999046325684, 3.2200000286102295, 2.950000047683716, 2.9800000190734863, 2.9600000381469727, 3.069999933242798, 3.2100000381469727, 2.950000047683716, 3.0999999046325684, 3.1600000858306885, 3.380000114440918, 3.8299999237060547, 7.820000171661377, 6.989999771118164, 6.869999885559082, 6.800000190734863, 6.239999771118164, 6.730000019073486, 6.960000038146973, 7.019999980926514, 6.309999942779541, 6.920000076293945, 6.650000095367432, 6.710000038146973, 5.460000038146973, 4.989999771118164, 5.53000020980835, 5.980000019073486, 4.869999885559082, 5.309999942779541, 4.949999809265137, 4.489999771118164, 4.539999961853027, 4.449999809265137, 4.329999923706055, 4.190000057220459, 4.389999866485596, 4.190000057220459, 4.789999961853027, 5.039999961853027, 4.900000095367432, 4.820000171661377, 5.010000228881836, 4.739999771118164, 4.349999904632568, 4.230000019073486, 4.210000038146973, 4.070000171661377, 4.03000020980835, 3.490000009536743, 3.640000104904175]
assets:[0, 99.99984215321541, 196.1192537425518, 279.6744595206499, 382.5184644483089, 479.9512781853676, 597.7873170011044, 725.0478446163178, 766.3212173867942, 905.2867721500397, 1022.808603781128, 1194.01681242733, 1452.9836240564346, 3066.666243318176, 2841.1762769680026, 2892.4004818181993, 2962.9294031079294, 2818.9230166025163, 3140.2805978998663, 3347.6006343478202, 3476.459132554388, 3224.85167075634, 3636.6046680940626, 3594.7140765516756, 3727.1473571891784, 3132.8202578878404, 2963.1451970861435, 3383.806575381708, 3759.161365990019, 3161.3906197099686, 3547.0194277773858, 3406.54333873806, 3189.9755643880844, 3325.498670057774, 3359.5745260026933, 3368.9793896390916, 3360.051549886322, 3620.4355238905905, 3555.4953595553875, 4164.635289833355, 4481.99636607647, 4457.4967667551045, 4484.721441720629, 4761.505219529343, 4604.896505641937, 4326.012700158452, 4306.67469141922, 4386.3123137445455, 4340.449241068172, 4397.791327956153, 3908.508944680357, 4176.496444365907]
shares:[0, 29.8507, 60.9066, 94.8049, 128.3619, 162.1457, 194.719, 225.8716, 259.7699, 292.028, 323.6736, 353.2594, 379.3691, 392.1568, 406.463, 421.019, 435.7249, 451.7505, 466.6093, 480.9771, 495.2221, 511.07, 525.5209, 540.5585, 555.4616, 573.7766, 593.8167, 611.8999, 628.6223, 649.1562, 667.9886, 688.1906, 710.4623, 732.4887, 754.9606, 778.0553, 801.9216, 824.7006, 848.5669, 869.4437, 889.285, 909.6932, 930.4401, 950.4002, 971.4972, 994.4857, 1018.1264, 1041.8794, 1066.4494, 1091.2633, 1119.9166, 1147.3891]
growth_rate:-18.11
