ticker:CABA
price:[9.90999984741211, 10.649999618530273, 11.680000305175781, 10.4399995803833, 9.8100004196167, 10.8100004196167, 12.149999618530273, 12.0600004196167, 11.569999694824219, 13.289999961853027, 14.010000228881836, 14.109999656677246, 15.029999732971191, 15.529999732971191, 14.970000267028809, 12.989999771118164, 12.329999923706055, 12.479999542236328, 13.300000190734863, 13.039999961853027, 14.220000267028809, 13.029999732971191, 12.779999732971191, 12.199999809265137, 11.770000457763672, 10.869999885559082, 10.800000190734863, 11.90999984741211, 11.3100004196167, 10.829999923706055, 11.729999542236328, 10.760000228881836, 10.699999809265137, 10.229999542236328, 11.130000114440918, 9.569999694824219, 9.25, 11.239999771118164, 11.34000015258789, 9.930000305175781, 8.5600004196167, 7.46999979019165, 7.480000019073486, 8.430000305175781, 8.34000015258789, 7.849999904632568, 8.170000076293945, 7.460000038146973, 7.139999866485596, 7.460000038146973, 7.690000057220459, 10.630000114440918]
assets:[0, 100.00030141811371, 209.671189478302, 287.4111004480362, 370.06755082941055, 507.7911217111588, 670.7370839410783, 765.7690226442337, 834.6551499847412, 1058.7358859610558, 1216.0946388673783, 1324.7751687657355, 1511.1537481522562, 1661.4257724328043, 1701.5156793509482, 1576.4650732229231, 1596.3675561222078, 1715.7877770652772, 1928.5239676568985, 1990.8233141760827, 2270.9738586452486, 2180.927477305412, 2239.082791215992, 2237.4653250194547, 2258.60423784256, 2185.8982789865495, 2271.8221601218224, 2605.3148486213686, 2574.064484501362, 2564.820146931648, 2877.962425687408, 2739.972726283455, 2824.694019647884, 2800.6188936801914, 3147.0075323581696, 2805.9172115226743, 2812.093425, 3517.0734843812943, 3648.363817091369, 3294.731402256012, 2940.1709681290627, 2665.7799811267855, 2769.348831061649, 3221.0710826065065, 3286.682304132843, 3193.5801362020966, 3423.764349972153, 3226.227708497429, 3187.8371523890496, 3430.709293543053, 3636.4818320586683, 5126.761889193916]
shares:[0, 9.3897, 17.9513, 27.5298, 37.7235, 46.9742, 55.2047, 63.4966, 72.1396, 79.6641, 86.8019, 93.8891, 100.5425, 106.9817, 113.6617, 121.3599, 129.4702, 137.483, 145.0018, 152.6705, 159.7028, 167.3774, 175.2021, 183.3988, 191.895, 201.0946, 210.3539, 218.7502, 227.5919, 236.8255, 245.3506, 254.6443, 263.9901, 273.7653, 282.75, 293.1993, 304.0101, 312.9069, 321.7252, 331.7957, 343.4779, 356.8648, 370.2338, 382.0962, 394.0866, 406.8255, 419.0654, 432.4702, 446.4758, 459.8806, 472.8845, 482.2918]
growth_rate:0.52
