ticker:CAC
price:[32.869998931884766, 30.299999237060547, 30.770000457763672, 29.299999237060547, 31.049999237060547, 32.52000045776367, 32.040000915527344, 33.459999084472656, 31.969999313354492, 31.8799991607666, 35.400001525878906, 35.86000061035156, 35.7599983215332, 36.65999984741211, 36.27000045776367, 35.47999954223633, 35.31999969482422, 35.779998779296875, 38.65999984741211, 38.529998779296875, 38.34000015258789, 37.54999923706055, 39.13999938964844, 39.59000015258789, 39.93000030517578, 40.529998779296875, 45.119998931884766, 49.189998626708984, 47.90999984741211, 48.599998474121094, 48.029998779296875, 47.83000183105469, 48.02000045776367, 47.56999969482422, 47.720001220703125, 47.61000061035156, 48.0, 47.959999084472656, 47.619998931884766, 47.90999984741211, 47.130001068115234, 46.2599983215332, 49.20000076293945, 47.290000915527344, 46.45000076293945, 45.16999816894531, 44.59000015258789, 44.77000045776367, 45.77000045776367, 47.439998626708984, 46.709999084472656, 47.31999969482422]
assets:[0, 99.99908748207092, 201.54965699844362, 291.92175239868163, 409.35697994155885, 528.736183442688, 620.9320137428283, 748.4499895210266, 815.1198904930116, 912.8263919700622, 1113.6167880012513, 1228.0866829025267, 1324.6611938243866, 1458.0011879314422, 1542.4905794677734, 1608.8937992420197, 1701.639881297302, 1823.803143777466, 2070.606395827484, 2163.6443754516604, 2252.973428966522, 2306.550008135605, 2504.216300949097, 2633.0081811481477, 2755.6212300605775, 2897.0275707458495, 3325.113809285355, 3725.050378003693, 3728.1166381263733, 3881.8082381240847, 3936.279337957764, 4019.8868528915405, 4135.8569954261775, 4197.101073074341, 4310.337742260742, 4400.401916412354, 4536.4464, 4632.667335565186, 4699.827222583008, 4828.446440621949, 4849.83735191269, 4860.311349651718, 5269.202001708984, 5164.645037986756, 5172.908979964828, 5130.363222030639, 5164.489620672989, 5285.335835041427, 5503.389432041549, 5804.188951980591, 5814.876405027008, 5990.816065364074]
shares:[0, 3.3003, 6.5502, 9.9632, 13.1838, 16.2588, 19.3799, 22.3685, 25.4964, 28.6332, 31.4581, 34.2467, 37.0431, 39.7709, 42.528, 45.3465, 48.1778, 50.9727, 53.5594, 56.1548, 58.763, 61.4261, 63.981, 66.5069, 69.0113, 71.4786, 73.6949, 75.7278, 77.815, 79.8726, 81.9546, 84.0453, 86.1278, 88.23, 90.3256, 92.426, 94.5093, 96.5944, 98.6944, 100.7816, 102.9034, 105.0651, 107.0976, 109.2122, 111.3651, 113.579, 115.8217, 118.0553, 120.2401, 122.348, 124.4889, 126.6022]
growth_rate:17.47
