ticker:CACC
price:[375.54998779296875, 337.8500061035156, 319.6400146484375, 303.2900085449219, 353.92999267578125, 353.82000732421875, 333.6199951171875, 339.6400146484375, 298.1199951171875, 312.3599853515625, 313.2799987792969, 293.30999755859375, 299.54998779296875, 332.1199951171875, 333.6600036621094, 332.20001220703125, 329.0, 346.1400146484375, 340.0, 354.9700012207031, 325.19000244140625, 385.7699890136719, 347.0, 355.510009765625, 366.07000732421875, 363.0199890136719, 399.5199890136719, 384.5899963378906, 364.739990234375, 367.04998779296875, 362.9700012207031, 362.3900146484375, 374.9700012207031, 376.1499938964844, 394.7900085449219, 424.0299987792969, 421.57000732421875, 432.42999267578125, 447.4599914550781, 397.3399963378906, 427.739990234375, 413.4200134277344, 450.0, 453.2099914550781, 448.6499938964844, 455.6499938964844, 476.9200134277344, 484.7699890136719, 552.52001953125, 563.0999755859375, 579.9299926757812, 579.1300048828125]
assets:[0, 100.00360180664062, 194.6288049194336, 284.66800202026366, 432.18391405639653, 532.0391450134277, 601.650299194336, 712.4968227294921, 725.3855721191405, 860.020747668457, 962.5527962493895, 1001.184345666504, 1122.4737142578124, 1344.5213762329101, 1450.7536959228514, 1544.3978567504882, 1629.537, 1814.4313427856446, 1882.2399999999998, 2065.1089761016847, 1991.8538029541016, 2462.9099178588867, 2315.3922000000002, 2472.1810569091795, 2645.6245499328616, 2723.5937695739744, 3097.4385228240967, 3081.681181655884, 3022.636773071289, 3141.7643705139158, 3206.8399607849124, 3301.6991844604495, 3516.3186834472654, 3627.402466140747, 3907.157756567383, 4296.5263656311035, 4371.5966619506835, 4584.233595355225, 4843.575423504639, 4401.057001437378, 4837.782063549805, 4775.827995117187, 5298.39, 5436.163205505371, 5481.4710304290775, 5667.010104089356, 6031.559717819214, 6230.845622790527, 7201.656438574219, 7439.564257446289, 7761.899007971191, 7851.207563195801]
shares:[0, 0.296, 0.6089, 0.9386, 1.2211, 1.5037, 1.8034, 2.0978, 2.4332, 2.7533, 3.0725, 3.4134, 3.7472, 4.0483, 4.348, 4.649, 4.953, 5.2419, 5.536, 5.8177, 6.1252, 6.3844, 6.6726, 6.9539, 7.2271, 7.5026, 7.7529, 8.0129, 8.2871, 8.5595, 8.835, 9.1109, 9.3776, 9.6435, 9.8968, 10.1326, 10.3698, 10.6011, 10.8246, 11.0763, 11.3101, 11.552, 11.7742, 11.9948, 12.2177, 12.4372, 12.6469, 12.8532, 13.0342, 13.2118, 13.3842, 13.5569]
growth_rate:53.95
