ticker:CACG
price:[39.50899887084961, 38.597999572753906, 38.70500183105469, 38.75299835205078, 39.25600051879883, 40.74300003051758, 40.590999603271484, 40.41699981689453, 37.79100036621094, 41.2400016784668, 41.4900016784668, 41.37300109863281, 42.446998596191406, 42.9900016784668, 42.52299880981445, 43.79800033569336, 43.715999603271484, 44.0359992980957, 44.49800109863281, 43.77299880981445, 44.696998596191406, 43.56999969482422, 45.233001708984375, 46.49399948120117, 46.084999084472656, 45.02000045776367, 44.66999816894531, 45.57500076293945, 45.62099838256836, 45.18000030517578, 46.308998107910156, 47.45600128173828, 48.21500015258789, 48.09000015258789, 47.987998962402344, 47.58399963378906, 46.91400146484375, 47.0, 47.97800064086914, 47.875999450683594, 48.70600128173828, 48.3120002746582, 49.3120002746582, 50.04899978637695, 50.38100051879883, 49.4370002746582, 50.86000061035156, 50.22800064086914, 50.43199920654297, 50.263999938964844, 50.117000579833984, 51.099998474121094]
assets:[0, 99.99969729309083, 200.27516147460938, 300.5217516204834, 404.4231685447692, 519.7421541893005, 617.8031321617126, 715.1545615600587, 768.6878429489135, 938.8410102108002, 1044.5315372562409, 1141.584532814026, 1271.2196927581788, 1387.4808091716768, 1472.409861388397, 1616.5579135902403, 1713.531664849472, 1826.0760116935728, 1945.2345678268432, 2013.540436051941, 2156.044651584625, 2201.6835815788268, 2385.719685836792, 2552.2276593212127, 2629.775953756714, 2669.0017231384277, 2748.25016534729, 2903.929668612671, 3006.8617549957276, 3077.79716078949, 3254.7075286193844, 3435.3209503845214, 3590.2624853622438, 3680.952881679535, 3773.1475956169133, 3841.380156036377, 3887.294161376953, 3994.4219000000003, 4177.540471801758, 4268.657624222565, 4442.659459712219, 4506.722140021133, 4700.005645378113, 4870.248149612427, 5002.556256013871, 5008.823387927628, 5252.998873039246, 5287.722630667115, 5409.200068495941, 5491.181148532104, 5575.12039020195, 5784.468727272034]
shares:[0, 2.5908, 5.1744, 7.7548, 10.3022, 12.7566, 15.2202, 17.6944, 20.3405, 22.7653, 25.1755, 27.5925, 29.9484, 32.2745, 34.6262, 36.9094, 39.1969, 41.4678, 43.7151, 45.9996, 48.2369, 50.5321, 52.7429, 54.8937, 57.0636, 59.2848, 61.5234, 63.7176, 65.9096, 68.123, 70.2824, 72.3896, 74.4636, 76.543, 78.6269, 80.7284, 82.86, 84.9877, 87.072, 89.1607, 91.2138, 93.2837, 95.3116, 97.3096, 99.2945, 101.3173, 103.2835, 105.2744, 107.2573, 109.2468, 111.2421, 113.199]
growth_rate:13.42
