ticker:CAHC
price:[9.800000190734863, 9.649999618530273, 9.670000076293945, 10.020000457763672, 9.899999618530273, 9.90999984741211, 9.920000076293945, 9.890000343322754, 9.880000114440918, 9.880000114440918, 9.850000381469727, 9.869999885559082, 9.880000114440918, 9.880000114440918, 9.880000114440918, 9.890000343322754, 9.880000114440918, 9.880000114440918, 9.890000343322754, 9.859999656677246, 9.880000114440918, 9.880000114440918, 9.897000312805176, 9.880000114440918, 9.920000076293945]
assets:[0, 100.00005104694367, 200.20768157958986, 307.45369404602053, 403.7714844417572, 504.17917023696896, 604.6874926506042, 702.8585883991242, 802.148317291355, 902.1487384496688, 999.4096037050248, 1101.4386892290115, 1202.555081929302, 1302.555503087616, 1402.5559242459299, 1503.9753192091941, 1602.4550025613785, 1702.4554237196921, 1804.1783676304817, 1898.7056238875389, 2002.5574631958007, 2102.557884354115, 2206.1759689285277, 2302.386814668751, 2411.707762548256]
shares:[0, 10.3627, 20.704, 30.684, 40.785, 50.8758, 60.9564, 71.0676, 81.1891, 91.3106, 101.4629, 111.5946, 121.7161, 131.8376, 141.9591, 152.0703, 162.1918, 172.3133, 182.4245, 192.5665, 202.688, 212.8095, 222.9136, 233.0351, 243.1157]
growth_rate:0.49
