ticker:CAHCU
price:[10.260000228881836, 10.380000114440918, 10.34000015258789, 10.399999618530273, 10.199999809265137, 10.15999984741211, 10.140000343322754, 9.989999771118164, 10.050000190734863, 10.0, 10.430000305175781, 10.350000381469727, 10.289999961853027, 10.350000381469727, 10.40999984741211, 10.369999885559082, 10.369999885559082, 10.319999694824219, 10.329999923706055, 10.380000114440918, 10.329999923706055, 10.300000190734863, 10.34000015258789, 10.329999923706055, 10.300000190734863, 10.289999961853027, 10.270000457763672, 10.279999732971191, 10.25, 10.25, 10.270000457763672, 10.390000343322754]
assets:[0, 99.99988310251237, 199.61473694572447, 300.77318896770475, 394.9888726139069, 493.43969658927915, 592.4680520599366, 683.7035963356018, 787.8094649515151, 883.89, 1021.8970109001159, 1114.058516060829, 1207.6004385231972, 1314.6415234537126, 1422.2620651527404, 1516.7970692609786, 1616.797052157402, 1709.001237462616, 1810.6568486270903, 1919.4208351618768, 2010.1745991535186, 2104.336388967991, 2212.508770650101, 2310.368528936386, 2403.6585145108224, 2501.3250897271155, 2596.463569731903, 2698.991313892174, 2791.114975, 2891.1150000000002, 2996.756350574112, 3131.771566484928]
shares:[0, 9.6339, 19.3051, 28.9205, 38.7244, 48.5669, 58.4288, 68.4388, 78.389, 88.389, 97.9767, 107.6385, 117.3567, 127.0185, 136.6246, 146.2678, 155.911, 165.6009, 175.2814, 184.9153, 194.5958, 204.3045, 213.9757, 223.6562, 233.3649, 243.0831, 252.8202, 262.5478, 272.3039, 282.06, 291.7971, 301.4217]
growth_rate:1.02
