ticker:CAKE
price:[31.200000762939453, 28.209999084472656, 29.31999969482422, 26.760000228881836, 29.290000915527344, 31.670000076293945, 30.479999542236328, 32.720001220703125, 29.719999313354492, 31.059999465942383, 35.11000061035156, 34.79999923706055, 37.220001220703125, 38.619998931884766, 37.16999816894531, 37.45000076293945, 37.209999084472656, 37.060001373291016, 38.130001068115234, 41.220001220703125, 42.36000061035156, 44.970001220703125, 47.380001068115234, 50.0099983215332, 52.75, 54.95000076293945, 56.119998931884766, 61.75, 60.34000015258789, 62.0099983215332, 59.08000183105469, 58.61000061035156, 57.84000015258789, 57.86000061035156, 62.59000015258789, 63.779998779296875, 59.29999923706055, 55.77000045776367, 58.81999969482422, 56.209999084472656, 56.08000183105469, 51.720001220703125, 54.130001068115234, 53.33000183105469, 51.65999984741211, 49.849998474121094, 51.790000915527344, 45.2599983215332, 43.68000030517578, 44.150001525878906, 42.279998779296875, 46.68000030517578]
assets:[0, 99.99880475463867, 203.93232587738038, 286.1259504472732, 413.17646891479495, 546.7508813171387, 626.2054945953369, 772.2247488098144, 801.4205854841232, 937.5554018793107, 1159.8062051620482, 1249.5670526050567, 1436.4612831115724, 1590.4912780117036, 1630.7741976654052, 1743.0578555099487, 1831.8854649276734, 1924.499929314041, 2080.0640052677154, 2348.6291075531003, 2513.583132217407, 2768.456706149292, 3016.8220700099946, 3284.281614770889, 3564.2225500000004, 3812.8706529388433, 3994.0547119823455, 4494.739275, 4492.10785535965, 4716.430864337159, 4593.576486367798, 4657.033428497314, 4695.850308388138, 4797.473522607422, 5289.662423895646, 5490.2333189208985, 5204.588963039017, 4994.772394997406, 5367.930818149567, 5229.738967819977, 5317.645973625184, 5004.220438110352, 5337.402147319794, 5358.518588981628, 5290.717556372833, 5205.346810667419, 5507.92356636734, 4913.452573784637, 4841.928033828735, 4994.027422599792, 4882.502715032959, 5490.613667895508]
shares:[0, 3.5448, 6.9554, 10.6923, 14.1064, 17.264, 20.5448, 23.601, 26.9657, 30.1853, 33.0335, 35.9071, 38.5938, 41.1831, 43.8734, 46.5436, 49.231, 51.9293, 54.5519, 56.9779, 59.3386, 61.5623, 63.6729, 65.6725, 67.5682, 69.388, 71.1699, 72.7893, 74.4466, 76.0592, 77.7518, 79.458, 81.1869, 82.9152, 84.5129, 86.0808, 87.7671, 89.5602, 91.2603, 93.0393, 94.8225, 96.756, 98.6034, 100.4785, 102.4142, 104.4202, 106.3511, 108.5606, 110.85, 113.115, 115.4802, 117.6224]
growth_rate:7.66
