ticker:CALA
price:[3.5999999046325684, 3.630000114440918, 3.819999933242798, 3.359999895095825, 3.549999952316284, 3.7699999809265137, 4.21999979019165, 3.6600000858306885, 3.5399999618530273, 3.9000000953674316, 4.599999904632568, 4.889999866485596, 4.889999866485596, 4.789999961853027, 4.849999904632568, 5.300000190734863, 5.099999904632568, 4.909999847412109, 2.75, 3.3299999237060547, 3.0999999046325684, 2.869999885559082, 3.190000057220459, 3.109999895095825, 3.0999999046325684, 2.9200000762939453, 2.700000047683716, 2.890000104904175, 2.740000009536743, 2.4700000286102295, 2.5, 2.3499999046325684, 2.1500000953674316, 2.2100000381469727, 2.1700000762939453, 2.0899999141693115, 2.0299999713897705, 2.109999895095825, 2.2799999713897705, 2.2300000190734863, 2.2799999713897705, 2.0799999237060547, 2.1700000762939453, 2.0399999618530273, 2.0299999713897705, 2.0299999713897705, 2.059999942779541, 1.9500000476837158, 2.299999952316284, 2.2899999618530273, 2.1500000953674316, 2.4000000953674316]
assets:[0, 99.9999691526413, 205.2340804133892, 280.5200072417498, 396.3826996757746, 520.9472683643818, 683.1293460364342, 692.4771402392864, 769.7729917049408, 948.0549231829643, 1218.2184347438335, 1395.0191619110105, 1495.0191701806546, 1564.446080540943, 1684.042671886015, 1940.2940298267365, 1967.0750632166864, 1993.7918540390017, 1216.6858, 1573.2957599540712, 1564.6297818662165, 1548.5443132519722, 1821.2045276677607, 1875.5314647359849, 1969.5009294108868, 1955.1429910840986, 1907.8375836936234, 2142.0929317558766, 2130.911707416773, 2020.9312994086265, 2145.477, 2116.748314098358, 2036.5996303373336, 2193.434982861042, 2253.73473723793, 2270.6475937505957, 2305.4616295074943, 2496.3172438890456, 2797.4423168967246, 2836.094846257496, 2999.6842423589233, 2836.5539279558184, 3059.289543560028, 2976.0139603500365, 3061.425701853156, 3161.425733443785, 3308.1462861098767, 3231.497959020424, 3911.510328906369, 3994.50372545929, 3850.2984307874676, 4398.0076147611135]
shares:[0, 27.5482, 53.7262, 83.4881, 111.6571, 138.1823, 161.879, 189.2014, 217.45, 243.091, 264.8301, 285.28, 305.7299, 326.6067, 347.2253, 366.0932, 385.701, 406.0676, 442.4312, 472.4612, 504.7193, 539.5625, 570.9105, 603.0648, 635.3229, 669.5695, 706.6065, 741.2086, 777.705, 818.1908, 858.1908, 900.744, 947.2556, 992.5045, 1038.5874, 1086.4343, 1135.6954, 1183.0888, 1226.9484, 1271.7914, 1315.651, 1363.7279, 1409.8108, 1458.8304, 1508.0915, 1557.3526, 1605.8963, 1657.1784, 1700.6567, 1744.3248, 1790.8364, 1832.5031]
growth_rate:-13.76
