ticker:CALB
price:[12.520000457763672, 12.119999885559082, 12.850000381469727, 10.520000457763672, 11.210000038146973, 12.0, 12.819999694824219, 13.470000267028809, 13.649999618530273, 13.449999809265137, 16.639999389648438, 16.3799991607666, 16.200000762939453, 16.700000762939453, 17.0, 17.25, 16.420000076293945, 15.5600004196167, 17.010000228881836, 15.0, 14.8100004196167, 13.510000228881836, 14.819999694824219, 14.5, 15.140000343322754, 15.420000076293945, 18.100000381469727, 18.579999923706055, 19.420000076293945, 17.899999618530273, 18.0, 16.850000381469727, 16.93000030517578, 17.010000228881836, 17.5, 17.5, 18.450000762939453, 18.84000015258789, 18.90999984741211, 18.219999313354492, 18.190000534057617, 17.969999313354492, 17.920000076293945, 18.610000610351562, 17.420000076293945, 17.649999618530273, 17.8700008392334, 17.860000610351562, 17.700000762939453, 17.950000762939453, 17.7450008392334, 17.350000381469727]
assets:[0, 99.99969505577087, 206.022771116066, 268.6660836906433, 386.2876333145142, 513.51, 648.5996805603027, 781.4849644921303, 891.927830073738, 978.8587061187745, 1311.0189599121093, 1390.5341647556306, 1475.2530694770812, 1620.7851740455626, 1749.9018, 1875.6356250000001, 1885.387100760269, 1886.6391588782312, 2162.450711097336, 2006.9235, 2081.50260997591, 1998.791023862839, 2292.603564790344, 2343.1014, 2546.5208057462696, 2693.6164993272782, 3261.7684887439727, 3448.267759840584, 3704.1630465522767, 3514.2389051074983, 3633.8724, 3501.708104275703, 3618.333841223144, 3735.4317712629318, 3943.037, 4043.03725, 4362.517440397643, 4554.73394488945, 4671.656841303635, 4601.194814597702, 4693.618588804436, 4736.850488001823, 4823.6715725366585, 5109.405443572999, 4882.68840338459, 5047.155060915757, 5210.066650681687, 5307.1509753677365, 5359.60625102005, 5535.306355270386, 5572.0899685268405, 5548.056466983604]
shares:[0, 8.2508, 16.0329, 25.5386, 34.4592, 42.7925, 50.5928, 58.0167, 65.3427, 72.7776, 78.7872, 84.8922, 91.065, 97.053, 102.9354, 108.7325, 114.8226, 121.2493, 127.1282, 133.7949, 140.5471, 147.949, 154.6966, 161.5932, 168.1982, 174.6833, 180.2082, 185.5903, 190.7396, 196.3262, 201.8818, 207.8165, 213.7232, 219.6021, 225.3164, 231.0307, 236.4508, 241.7587, 247.0469, 252.5354, 258.0329, 263.5977, 269.1781, 274.5516, 280.2921, 285.9578, 291.5538, 297.1529, 302.8026, 308.3736, 314.009, 319.7727]
growth_rate:8.79
