ticker:CALM
price:[38.779998779296875, 38.880001068115234, 39.029998779296875, 38.939998626708984, 38.40999984741211, 38.0099983215332, 38.45000076293945, 39.75, 38.349998474121094, 39.209999084472656, 40.20000076293945, 39.15999984741211, 39.25, 39.150001525878906, 37.54999923706055, 36.560001373291016, 37.36000061035156, 37.540000915527344, 38.02000045776367, 36.470001220703125, 37.43000030517578, 38.34000015258789, 38.58000183105469, 39.06999969482422, 38.72999954223633, 38.099998474121094, 40.91999816894531, 42.38999938964844, 42.27000045776367, 40.5099983215332, 38.83000183105469, 39.529998779296875, 39.2599983215332, 39.04999923706055, 37.36000061035156, 37.560001373291016, 37.290000915527344, 37.25, 34.90999984741211, 35.72999954223633, 37.099998474121094, 36.060001373291016, 37.130001068115234, 35.7400016784668, 36.0099983215332, 36.18000030517578, 35.08000183105469, 34.88999938964844, 34.619998931884766, 34.810001373291016, 36.2400016784668, 36.18000030517578]
assets:[0, 99.99936274719238, 200.3839167327881, 299.923657422638, 395.841935427475, 491.72014428634645, 597.4130418540955, 717.610725, 792.3378134742736, 910.1072097496032, 1033.087759606552, 1106.3600636890412, 1208.903925, 1305.8248108947753, 1352.4570975208283, 1416.7987652187346, 1547.8024092864991, 1655.2587683685304, 1776.423689388275, 1804.0031983825684, 1951.49166891098, 2098.93481035347, 2212.073138987732, 2340.167957720947, 2419.803895399475, 2480.4432506599424, 2764.0353923172, 2963.3280143325806, 3054.937473083496, 3027.737529550552, 3002.1726555694577, 3156.2925175323485, 3234.7333377067566, 3317.4302051856994, 3273.8605894851685, 3391.3864239978793, 3467.008003120422, 3563.2903, 3439.4483879665377, 3620.2385866184236, 3859.049091281891, 3850.872788654709, 4065.1373239414215, 4012.9552944614406, 4143.270795877456, 4262.832557956695, 4233.226600959778, 4310.300057597351, 4376.944148960114, 4500.964506567765, 4785.865493658829, 4877.943215145111]
shares:[0, 2.572, 5.1341, 7.7022, 10.3057, 12.9366, 15.5374, 18.0531, 20.6607, 23.2111, 25.6987, 28.2523, 30.8001, 33.3544, 36.0175, 38.7527, 41.4294, 44.0932, 46.7234, 49.4654, 52.1371, 54.7453, 57.3373, 59.8968, 62.4788, 65.1035, 67.5473, 69.9063, 72.272, 74.7405, 77.3158, 79.8455, 82.3926, 84.9534, 87.6301, 90.2925, 92.9742, 95.6588, 98.5233, 101.3221, 104.0175, 106.7907, 109.4839, 112.2819, 115.0589, 117.8229, 120.6735, 123.5397, 126.4282, 129.3009, 132.0603, 134.8243]
growth_rate:-4.35
