ticker:CALT
price:[22.469999313354492, 22.540000915527344, 23.799999237060547, 23.420000076293945, 23.530000686645508, 28.260000228881836, 28.989999771118164, 26.0, 23.34000015258789, 25.170000076293945, 32.5, 33.0, 33.16999816894531, 33.90999984741211, 33.4900016784668, 33.68000030517578, 33.279998779296875, 33.619998931884766, 31.600000381469727, 30.100000381469727, 32.91999816894531, 27.010000228881836, 29.799999237060547, 32.38999938964844, 30.549999237060547, 28.06999969482422, 27.489999771118164, 29.940000534057617, 29.0, 29.299999237060547, 27.56999969482422, 27.4950008392334, 26.8799991607666, 28.360000610351562, 29.600000381469727, 28.030000686645508, 27.709999084472656, 30.149999618530273, 29.600000381469727, 29.440000534057617, 31.09000015258789, 28.049999237060547, 28.540000915527344, 30.200000762939453, 32.0, 29.510000228881836, 30.049999237060547, 29.049999237060547, 29.25, 30.149999618530273, 21.030000686645508, 23.909000396728516]
assets:[0, 100.00096806182862, 205.5915334095001, 302.3100449848175, 403.7301047815323, 584.8887467370987, 699.9983324733735, 727.8024, 753.342850925064, 912.4099857656478, 1278.1209999999999, 1397.7843, 1504.9858399215698, 1638.5617116268158, 1718.268167116928, 1828.015696563721, 1906.3049540771485, 2025.779759640503, 2004.0657041927338, 2008.9372354600905, 2297.15088822937, 1984.7515378187181, 2289.766381377411, 2588.7771792175295, 2541.7141115245818, 2435.381243522644, 2485.0602423093796, 2806.5367280618666, 2818.423, 2947.579923248291, 2873.541115192413, 2965.723520023155, 2999.385890354729, 3264.5310142578123, 3507.26852519989, 3421.2409758094786, 3482.1825769500733, 3888.80423579731, 3917.8649304914475, 3996.68615250206, 4320.686136205673, 3998.2076212516786, 4168.053083705901, 4510.484873947907, 4879.3216, 4599.6499606752395, 4783.818643543625, 4724.622155917358, 4857.1497, 5106.59890038929, 3661.916165564346, 4263.230597040939]
shares:[0, 4.4366, 8.6383, 12.9082, 17.1581, 20.6967, 24.1462, 27.9924, 32.2769, 36.2499, 39.3268, 42.3571, 45.3719, 48.3209, 51.3069, 54.276, 57.2808, 60.2552, 63.4198, 66.7421, 69.7798, 73.4821, 76.8378, 79.9252, 83.1985, 86.761, 90.3987, 93.7387, 97.187, 100.6, 104.2271, 107.8641, 111.5843, 115.1104, 118.4888, 122.0564, 125.6652, 128.9819, 132.3603, 135.757, 138.9735, 142.5386, 146.0425, 149.3538, 152.4788, 155.8675, 159.1953, 162.6376, 166.0564, 169.3731, 174.1282, 178.3107]
growth_rate:-16.41
