ticker:CAMP
price:[8.279999732971191, 8.380000114440918, 8.739999771118164, 7.329999923706055, 7.460000038146973, 7.929999828338623, 7.920000076293945, 8.460000038146973, 7.079999923706055, 7.820000171661377, 8.460000038146973, 9.020000457763672, 9.350000381469727, 10.0, 10.279999732971191, 9.6899995803833, 9.899999618530273, 9.920000076293945, 10.029999732971191, 10.390000343322754, 11.4399995803833, 10.010000228881836, 11.369999885559082, 11.25, 11.539999961853027, 11.170000076293945, 11.130000114440918, 11.979999542236328, 11.550000190734863, 10.989999771118164, 11.130000114440918, 11.449999809265137, 11.789999961853027, 13.460000038146973, 13.75, 12.569999694824219, 12.699999809265137, 14.09000015258789, 13.869999885559082, 13.770000457763672, 13.859999656677246, 13.25, 12.640000343322754, 12.640000343322754, 12.279999732971191, 11.90999984741211, 12.079999923706055, 12.130000114440918, 12.079999923706055, 11.770000457763672, 11.130000114440918, 11.640000343322754]
assets:[0, 100.00021736564636, 204.29574664993285, 271.3375391757965, 376.14961392345424, 499.84771417975423, 599.2177017723084, 740.0731893370629, 719.3520642482757, 894.5384216365337, 1067.7484488145828, 1238.4271208499908, 1383.7355414548874, 1579.931, 1724.1687512137412, 1725.2133392911912, 1862.6017682296754, 1966.3642391231535, 2088.168713406658, 2263.117665781498, 2591.825712932396, 2367.8475361415863, 2789.5532929226874, 2860.11225, 3033.8394479712483, 3036.567871740532, 3125.693582139015, 3464.4026236228947, 3440.0543668085097, 3373.263935747146, 3516.235269154644, 3717.330603076458, 3927.7146922917364, 4584.057406991672, 4782.822, 4472.368181419373, 4618.621630635262, 5224.1239945747375, 5242.554816743851, 5304.757730348969, 5439.4289372612, 5300.031800000001, 5156.030572046089, 5256.030670762253, 5206.333066788196, 5149.464702026367, 5322.966198381615, 5444.998148371029, 5522.553165121079, 5480.832537162781, 5282.808921318912, 5624.878845906258]
shares:[0, 11.9332, 23.3748, 37.0174, 50.4222, 63.0325, 75.6588, 87.4791, 101.6034, 114.3911, 126.2114, 137.2979, 147.9931, 157.9931, 167.7207, 178.0406, 188.1416, 198.2222, 208.1923, 217.8169, 226.5582, 236.5482, 245.3433, 254.2322, 262.8977, 271.8503, 280.835, 289.1822, 297.8402, 306.9394, 315.9241, 324.6577, 333.1395, 340.5689, 347.8416, 355.797, 363.671, 370.7682, 377.978, 385.2402, 392.4552, 400.0024, 407.9138, 415.8252, 423.9685, 432.3648, 440.6429, 448.8869, 457.165, 465.6612, 474.6459, 483.237]
growth_rate:10.29
