ticker:CAMT
price:[15.180000305175781, 14.489999771118164, 15.359999656677246, 15.0, 17.440000534057617, 19.43000030517578, 18.030000686645508, 17.969999313354492, 17.639999389648438, 19.520000457763672, 19.3799991607666, 18.600000381469727, 18.940000534057617, 19.829999923706055, 20.010000228881836, 19.920000076293945, 21.09000015258789, 21.90999984741211, 22.799999237060547, 24.399999618530273, 23.709999084472656, 23.6200008392334, 27.139999389648438, 29.0, 29.860000610351562, 27.600000381469727, 26.229999542236328, 31.799999237060547, 28.799999237060547, 29.489999771118164, 32.939998626708984, 32.72999954223633, 32.91999816894531, 33.08000183105469, 34.060001373291016, 31.020000457763672, 27.360000610351562, 32.400001525878906, 36.470001220703125, 37.41999816894531, 38.810001373291016, 36.189998626708984, 37.060001373291016, 36.06999969482422, 35.16999816894531, 33.380001068115234, 34.869998931884766, 37.400001525878906, 37.63999938964844, 37.56999969482422, 35.58000183105469, 41.20000076293945]
assets:[0, 99.99983542041778, 206.0037073954582, 301.176, 450.16652578525543, 601.533379447937, 658.1905840662002, 755.9996681127548, 842.1159308624267, 1031.8662641983033, 1124.4663113059996, 1179.2084041845321, 1300.7632506780624, 1461.8874243755342, 1575.157203017235, 1668.0729183887483, 1866.047431501007, 2038.6005988025668, 2221.41076566658, 2477.3002412698747, 2507.244676186371, 2597.7276922988895, 3084.8571746246334, 3396.2741, 3596.992407524109, 3424.748807334709, 3354.7513664531707, 4167.141860022736, 3874.014617373657, 4066.8302144359586, 4642.602934446717, 4713.005379083634, 4840.365594772339, 4963.892450762939, 5210.948602104187, 4845.848309510422, 4374.095281578065, 5279.849168654633, 6043.090143270874, 6300.506125700379, 6634.546448763275, 6286.658755442048, 6537.788196263504, 6463.141576317596, 6401.8751886993405, 6176.047909625244, 6551.731073311615, 7127.093890777588, 7272.827030067444, 7359.301708221436, 7069.4973038177495, 8286.152393442535]
shares:[0, 6.9013, 13.4117, 20.0784, 25.8123, 30.959, 36.5053, 42.0701, 47.739, 52.862, 58.022, 63.3983, 68.6781, 73.721, 78.7185, 83.7386, 88.4802, 93.0443, 97.4303, 101.5287, 105.7463, 109.98, 113.6646, 117.1129, 120.4619, 124.0851, 127.8975, 131.0422, 134.5144, 137.9054, 140.9412, 143.9965, 147.0342, 150.0572, 152.9932, 156.2169, 159.8719, 162.9583, 165.7003, 168.3727, 170.9494, 173.7126, 176.4109, 179.1833, 182.0266, 185.0224, 187.8902, 190.564, 193.2207, 195.8824, 198.693, 201.1202]
growth_rate:62.47
