ticker:CAN
price:[1.9199999570846558, 2.0, 1.8600000143051147, 2.0, 1.8700000047683716, 1.9600000381469727, 1.8899999856948853, 1.9299999475479126, 2.180000066757202, 2.4200000762939453, 2.6600000858306885, 4.28000020980835, 5.75, 3.7100000381469727, 3.369999885559082, 4.320000171661377, 3.7300000190734863, 5.929999828338623, 6.25, 4.849999904632568, 4.909999847412109, 4.559999942779541, 6.019999980926514, 13.039999961853027, 24.790000915527344, 15.15999984741211, 19.969999313354492, 34.630001068115234, 27.6200008392334, 17.399999618530273, 22.0, 18.670000076293945, 13.609999656677246, 13.359999656677246, 12.510000228881836, 11.630000114440918, 9.6899995803833, 7.96999979019165, 8.399999618530273, 10.970000267028809, 8.720000267028809, 9.079999923706055, 7.599999904632568, 7.320000171661377, 6.739999771118164, 5.769999980926514, 5.760000228881836, 6.880000114440918, 9.0, 9.260000228881836, 8.0600004196167, 9.869999885559082]
assets:[0, 100.0, 192.99992548434736, 307.5268, 387.53749198819395, 506.1890218518257, 588.1109175486803, 700.5577499607682, 891.3037092940092, 1089.4288583457947, 1297.471433865738, 2187.6609032405377, 3039.0302500000003, 2060.835273189926, 1971.9716090343477, 2627.8686324221135, 2368.9700101138114, 3866.2175680809023, 4174.85, 3339.6837443305017, 3480.9993838211058, 3332.862918178081, 4499.963831742525, 9847.429811192513, 18820.690166072844, 11609.54607514801, 15393.04920972767, 26793.107158396913, 21469.496192350387, 13625.315041284754, 17327.4112, 14804.671546498488, 10892.263738234235, 10792.185010664463, 10205.556855719948, 9587.660446343994, 8088.342456741619, 6752.641300238323, 7216.96215225563, 9525.00989185524, 7671.3844829175, 8088.0925600404735, 6869.769113795757, 6716.672581512737, 6284.476886587143, 5480.034401885033, 5570.5371173532485, 6753.697072340012, 8934.777900000001, 9292.89360169487, 8188.630772313404, 10127.516078573226]
shares:[0, 50.0, 103.7634, 153.7634, 207.2393, 258.2597, 311.1698, 362.9833, 408.8549, 450.1772, 487.7712, 511.1357, 528.527, 555.4812, 585.1548, 608.3029, 635.1126, 651.976, 667.976, 688.5946, 708.9612, 730.891, 747.5023, 755.171, 759.2049, 765.8012, 770.8087, 773.6964, 777.317, 783.0641, 787.6096, 792.9658, 800.3133, 807.7983, 815.7919, 824.3904, 834.7103, 847.2574, 859.1622, 868.278, 879.7459, 890.7591, 903.917, 917.5782, 932.415, 949.746, 967.1071, 981.642, 992.7531, 1003.5522, 1015.9591, 1026.0908]
growth_rate:98.58
