ticker:CAPR
price:[4.730000019073486, 4.760000228881836, 5.559999942779541, 5.300000190734863, 4.920000076293945, 4.929999828338623, 4.769999980926514, 4.46999979019165, 3.859999895095825, 3.990000009536743, 4.349999904632568, 4.300000190734863, 4.289999961853027, 4.579999923706055, 4.199999809265137, 4.170000076293945, 3.9000000953674316, 3.430000066757202, 4.349999904632568, 4.989999771118164, 5.710000038146973, 6.579999923706055, 6.820000171661377, 7.46999979019165, 7.5, 6.139999866485596, 5.340000152587891, 5.179999828338623, 5.349999904632568, 5.090000152587891, 4.829999923706055, 4.389999866485596, 4.010000228881836, 3.9200000762939453, 4.630000114440918, 3.4700000286102295, 3.619999885559082, 3.8499999046325684, 3.7899999618530273, 3.859999895095825, 4.449999809265137, 5.309999942779541, 5.610000133514404, 4.980000019073486, 4.699999809265137, 4.329999923706055, 4.860000133514404, 4.369999885559082, 4.389999866485596, 4.039999961853027, 3.869999885559082, 4.190000057220459]
assets:[0, 99.99998880844117, 216.80663776874542, 306.6680810362816, 384.68053796520235, 485.4625060963154, 569.7073327219487, 633.8768132477284, 647.3744784061432, 769.177438838458, 938.5768594230652, 1027.7886255895614, 1125.3982639928818, 1301.474304319954, 1293.491581258583, 1384.2523753261567, 1394.6244341030122, 1326.5542408183812, 1782.3646109242438, 2144.5976106313706, 2554.038479062843, 3043.1828487148287, 3254.1808139086725, 3664.329962080717, 3779.046, 3193.7786465512277, 2877.651322227478, 2891.4292841801644, 3086.321854984188, 3036.332701023102, 2981.234859908867, 2809.6521555491922, 2666.4480481948854, 2706.602468677902, 3296.8290844885823, 2570.8414761966465, 2781.972808052063, 3058.7279042329787, 3111.059368686676, 3268.519373170638, 3868.1116042058948, 4715.65695918417, 5082.078363950205, 4611.363485661602, 4452.089859325791, 4201.60633296833, 4815.890772302628, 4430.337784978962, 4550.613718600797, 4287.8087115131375, 4207.381057582283, 4655.278194574499]
shares:[0, 21.0084, 38.994, 57.8619, 78.1871, 98.4711, 119.4355, 141.8069, 167.7136, 192.7763, 215.7648, 239.0206, 262.3306, 284.1647, 307.9742, 331.955, 357.596, 386.7505, 409.739, 429.7791, 447.2922, 462.4898, 477.1526, 490.5395, 503.8728, 520.1594, 538.886, 558.191, 576.8826, 596.529, 617.2329, 640.0119, 664.9496, 690.4598, 712.0581, 740.8765, 768.5008, 794.4748, 820.86, 846.7667, 869.2386, 888.071, 905.8963, 925.9766, 947.2532, 970.3479, 990.924, 1013.8073, 1036.5863, 1061.3388, 1087.1786, 1111.0449]
growth_rate:-8.72
