ticker:CAR
price:[34.869998931884766, 33.349998474121094, 30.940000534057617, 27.209999084472656, 28.34000015258789, 31.56999969482422, 31.950000762939453, 40.380001068115234, 33.66999816894531, 30.950000762939453, 36.709999084472656, 34.790000915527344, 37.029998779296875, 39.720001220703125, 39.06999969482422, 36.2400016784668, 36.900001525878906, 37.29999923706055, 37.349998474121094, 38.9900016784668, 41.04999923706055, 41.34000015258789, 43.369998931884766, 44.709999084472656, 48.75, 55.54999923706055, 62.33000183105469, 68.8499984741211, 67.43000030517578, 69.0, 74.20999908447266, 77.04000091552734, 79.1500015258789, 83.25, 89.61000061035156, 82.2300033569336, 86.83000183105469, 83.11000061035156, 87.81999969482422, 85.48999786376953, 94.23999786376953, 80.86000061035156, 80.75, 78.94000244140625, 74.30999755859375, 71.29000091552734, 79.45999908447266, 82.7699966430664, 83.58000183105469, 92.01000213623047, 89.80000305175781, 91.0]
assets:[0, 99.99997042465209, 192.77476732749938, 269.53408793106075, 380.7280640499115, 524.1219779335022, 630.4310250541687, 896.7711777210236, 847.7533148971557, 879.2678566745759, 1142.907085496521, 1183.131393135071, 1359.3083041900636, 1558.0527958831788, 1632.555565248108, 1614.303626766968, 1743.7021921051025, 1862.605301902008, 1965.1029397186278, 2151.390312614441, 2365.05876104393, 2481.768363160324, 2703.633689414978, 2887.1660748794557, 3248.051625, 3801.1142427944187, 4365.0510572311405, 4921.65263592453, 4920.1446032676695, 5134.704, 5622.409265636444, 5936.81803055191, 6199.415954514313, 6620.547825, 7226.32966921997, 6731.191837792206, 7207.741085995483, 6998.942481399536, 7495.586267952728, 7396.714301170349, 8253.774612903595, 7181.920566210937, 7272.151199999999, 7209.148358959961, 6886.314904754639, 6706.449998126221, 7575.025010721588, 7990.57409092331, 8168.775058959961, 9092.686039108277, 8974.28902498169, 9194.212300000001]
shares:[0, 2.9985, 6.2306, 9.9057, 13.4343, 16.6019, 19.7318, 22.2083, 25.1783, 28.4093, 31.1334, 34.0078, 36.7083, 39.2259, 41.7854, 44.5448, 47.2548, 49.9358, 52.6132, 55.178, 57.6141, 60.0331, 62.3388, 64.5754, 66.6267, 68.4269, 70.0313, 71.4837, 72.9667, 74.416, 75.7635, 77.0615, 78.3249, 79.5261, 80.642, 81.8581, 83.0098, 84.213, 85.3517, 86.5214, 87.5825, 88.8192, 90.0576, 91.3244, 92.6701, 94.0728, 95.3313, 96.5395, 97.736, 98.8228, 99.9364, 101.0353]
growth_rate:80.28
