ticker:CARA
price:[15.239999771118164, 14.90999984741211, 14.529999732971191, 12.9399995803833, 13.180000305175781, 13.989999771118164, 14.0, 14.260000228881836, 13.260000228881836, 13.949999809265137, 15.40999984741211, 15.329999923706055, 14.949999809265137, 15.079999923706055, 14.90999984741211, 15.100000381469727, 15.699999809265137, 15.130000114440918, 16.0, 18.559999465942383, 19.149999618530273, 18.700000762939453, 19.100000381469727, 19.8799991607666, 20.030000686645508, 18.350000381469727, 18.09000015258789, 19.299999237060547, 19.6299991607666, 20.1299991607666, 21.75, 29.190000534057617, 28.510000228881836, 26.34000015258789, 12.949999809265137, 12.5600004196167, 13.199999809265137, 13.270000457763672, 13.59000015258789, 13.0, 13.960000038146973, 14.550000190734863, 14.680000305175781, 14.380000114440918, 13.90999984741211, 12.989999771118164, 11.9399995803833, 11.970000267028809, 12.779999732971191, 13.850000381469727, 13.699999809265137, 14.579999923706055]
assets:[0, 99.99987797660827, 197.45107237129213, 275.8445590549469, 380.96131882095335, 504.37446674823764, 604.7356, 715.9660914916992, 765.7583832178116, 905.6060876178742, 1100.3864821041109, 1194.6745590543746, 1265.0615088601112, 1376.0620570381163, 1460.5492920528413, 1579.1610598941804, 1741.9086988380432, 1778.66768345356, 1980.944, 2397.8943950014113, 2574.119968723297, 2613.631786633301, 2769.5382553138734, 2982.640010087967, 3105.144847447014, 2944.7034662160872, 3002.9798233299252, 3303.8414193973545, 3460.331103061867, 3648.4697498928067, 4042.0874249999997, 5524.759292080498, 5496.055208123016, 5177.730215994644, 2645.6189160338404, 2665.9442410664556, 2901.788958070278, 3017.177445080948, 3189.935888816452, 3151.447, 3484.1689175208094, 3731.4232089149473, 3864.7625763427736, 3885.7823249243734, 3858.778621670532, 3703.5606487438204, 3504.1964488492963, 3613.000940599442, 3957.4892233111377, 4388.828285881234, 4441.296078167153, 4826.576296743584]
shares:[0, 6.7069, 13.5892, 21.3172, 28.9045, 36.0525, 43.1954, 50.208, 57.7495, 64.918, 71.4073, 77.9305, 84.6195, 91.2508, 97.9577, 104.5802, 110.9496, 117.559, 123.809, 129.1969, 134.4188, 139.7664, 145.002, 150.0322, 155.0247, 160.4743, 166.0022, 171.1835, 176.2777, 181.2454, 185.8431, 189.2689, 192.7764, 196.5729, 204.2949, 212.2567, 219.8325, 227.3683, 234.7267, 242.419, 249.5823, 256.4552, 263.2672, 270.2213, 277.4104, 285.1086, 293.4838, 301.838, 309.6627, 316.8829, 324.1822, 331.0409]
growth_rate:-5.36
