ticker:CARE
price:[7.170000076293945, 7.019999980926514, 7.010000228881836, 6.420000076293945, 6.889999866485596, 7.150000095367432, 7.099999904632568, 7.349999904632568, 6.949999809265137, 7.019999980926514, 7.760000228881836, 8.170000076293945, 9.890000343322754, 9.90999984741211, 9.569999694824219, 10.960000038146973, 10.75, 10.720000267028809, 11.649999618530273, 12.020000457763672, 11.300000190734863, 10.010000228881836, 10.880000114440918, 10.859999656677246, 11.300000190734863, 11.829999923706055, 13.34000015258789, 14.5, 14.119999885559082, 13.850000381469727, 14.199999809265137, 14.369999885559082, 14.069999694824219, 13.420000076293945, 12.949999809265137, 13.989999771118164, 14.029999732971191, 14.90999984741211, 15.569999694824219, 14.0, 14.270000457763672, 12.949999809265137, 13.069999694824219, 12.729999542236328, 11.539999961853027, 11.050000190734863, 10.239999771118164, 11.470000267028809, 11.789999961853027, 12.270000457763672, 11.850000381469727, 12.300000190734863]
assets:[0, 99.99989972829817, 199.85720952548982, 283.0359753635406, 403.75674817600253, 518.9927669223786, 615.3633817344189, 737.0307954369068, 796.9203381294251, 904.9467935412406, 1100.3400964546204, 1258.476582752037, 1623.418831355572, 1726.7015264133454, 1767.4602756378174, 2124.1762393933295, 2183.4755, 2277.382584728241, 2574.9539806852345, 2756.734216986084, 2691.605805432129, 2484.3339088050843, 2800.2552614543915, 2895.1075784754753, 3112.4053825348856, 3358.3855543411255, 3887.055934461594, 4325.06145, 4311.715641054058, 4329.26774424076, 4538.672099036407, 4693.007731625462, 4695.032268165588, 4578.133718027115, 4517.796503459358, 4980.616192515183, 5094.856909031105, 5514.420204565811, 5858.5191141716, 5367.7764, 5571.29785972023, 5155.942709060382, 5303.719614161682, 5265.750307646561, 4873.508159889984, 4766.574492276191, 4517.169051033401, 5159.758974122429, 5403.710682516098, 5723.709813537598, 5627.787961167144, 5941.501562134266]
shares:[0, 14.245, 28.5103, 44.0866, 58.6004, 72.5864, 86.6709, 100.2763, 114.6648, 128.9098, 141.7964, 154.0363, 164.1475, 174.2383, 184.6876, 193.8117, 203.114, 212.4424, 221.0261, 229.3456, 238.1952, 248.1852, 257.3764, 266.5845, 275.4341, 283.8872, 291.3835, 298.2801, 305.3623, 312.5825, 319.6248, 326.5837, 333.691, 341.1426, 348.8646, 356.0126, 363.1402, 369.8471, 376.2697, 383.4126, 390.4203, 398.1423, 405.7934, 413.6489, 422.3144, 431.3642, 441.1298, 449.8482, 458.33, 466.48, 474.9188, 483.0489]
growth_rate:16.5
