ticker:CARG
price:[23.15999984741211, 22.989999771118164, 23.329999923706055, 21.94499969482422, 21.969999313354492, 22.6299991607666, 22.100000381469727, 21.450000762939453, 19.93000030517578, 22.979999542236328, 22.1299991607666, 22.690000534057617, 24.68000030517578, 25.084999084472656, 28.440000534057617, 34.09000015258789, 33.689998626708984, 31.729999542236328, 32.31999969482422, 31.899999618530273, 31.40999984741211, 29.25, 34.560001373291016, 32.119998931884766, 29.75, 25.950000762939453, 25.3700008392334, 25.149999618530273, 24.739999771118164, 24.06999969482422, 24.5049991607666, 24.360000610351562, 25.280000686645508, 25.450000762939453, 24.68000030517578, 27.350000381469727, 28.579999923706055, 28.260000228881836, 28.219999313354492, 26.440000534057617, 25.1299991607666, 24.190000534057617, 27.030000686645508, 25.440000534057617, 25.809999465942383, 27.459999084472656, 28.239999771118164, 28.600000381469727, 31.1299991607666, 29.93000030517578, 26.81999969482422, 30.950000762939453]
assets:[0, 99.99960200443269, 201.47787934112546, 289.51599197387696, 389.84665281581874, 501.55772339973447, 589.8114401807785, 672.4639589183807, 724.8122580986022, 935.7340913600921, 1001.1235410345078, 1126.4564215135574, 1325.251848387146, 1446.9980701889037, 1740.5280326843263, 2186.30761578598, 2260.652811849976, 2229.1340038406374, 2370.5847136161806, 2439.7789608243943, 2502.3027658439637, 2430.22455, 2971.403254072952, 2861.6156728401183, 2750.4678249999997, 2499.1485584758757, 2543.29184413147, 2621.236075241661, 2678.503289219856, 2705.9638076919555, 2854.8667092281344, 2937.9744136123654, 3148.932501530075, 3270.1087730312347, 3271.1711524490356, 3725.0618469560627, 3992.588835341835, 4047.8861307844163, 4142.156897213555, 3980.8858004093167, 3883.6478693029408, 3838.3773627422333, 4389.017985494614, 4230.839992817307, 4392.374100113487, 4773.173928860474, 5008.756495404625, 5172.607508992767, 5730.182996520042, 5609.295091194153, 5126.439109667969, 6015.856878295135]
shares:[0, 4.3497, 8.636, 13.1928, 17.7445, 22.1634, 26.6883, 31.3503, 36.3679, 40.7195, 45.2383, 49.6455, 53.6974, 57.6838, 61.2, 64.1334, 67.1016, 70.2532, 73.3473, 76.4821, 79.6658, 83.0846, 85.9781, 89.0914, 92.4527, 96.3063, 100.248, 104.2241, 108.2661, 112.4206, 116.5014, 120.6065, 124.5622, 128.4915, 132.5434, 136.1997, 139.6987, 143.2373, 146.7809, 150.563, 154.5423, 158.6762, 162.3758, 166.3066, 170.1811, 173.8228, 177.3639, 180.8604, 184.0727, 187.4138, 191.1424, 194.3734]
growth_rate:17.96
