ticker:CARV
price:[5.909999847412109, 6.179999828338623, 6.190000057220459, 7.179999828338623, 6.389999866485596, 7.059999942779541, 6.690000057220459, 7.449999809265137, 6.630000114440918, 6.869999885559082, 6.550000190734863, 6.679999828338623, 7.079999923706055, 7.079999923706055, 6.460000038146973, 6.53000020980835, 6.670000076293945, 6.489999771118164, 7.070000171661377, 7.429999828338623, 7.53000020980835, 8.1899995803833, 8.899999618530273, 8.569999694824219, 10.40999984741211, 10.0600004196167, 8.720000267028809, 11.350000381469727, 10.4399995803833, 9.680000305175781, 9.539999961853027, 9.390000343322754, 8.6899995803833, 8.520000457763672, 8.739999771118164, 8.050000190734863, 7.920000076293945, 8.25, 8.5600004196167, 11.699999809265137, 15.4399995803833, 10.010000228881836, 10.970000267028809, 10.600000381469727, 26.5, 17.450000762939453, 14.3100004196167, 14.8100004196167, 15.489999771118164, 16.790000915527344, 16.799999237060547, 18.200000762939453]
assets:[0, 99.99981322231292, 200.16169885029794, 332.1747940582752, 395.6266177336693, 537.108557646799, 608.9599312085152, 778.1390700780869, 792.4918696792603, 921.1790486549377, 978.271348487091, 1097.68763179183, 1263.417490385437, 1363.4175333078385, 1344.0223879365922, 1458.5859038642407, 1589.857216185379, 1646.9523149171828, 1894.1378859901426, 2090.5864816994667, 2218.723597820282, 2513.193099235916, 2831.064958655548, 2826.0928053634643, 3532.8614272159575, 3514.081884577274, 3146.0034403387067, 4194.855720987702, 3958.5273328942303, 3770.3591508659365, 3815.829218741894, 3855.831803979206, 3668.3894708633425, 3696.626274612808, 3892.0783440748214, 3684.8095023070337, 3725.3035078861235, 3980.52435, 4230.095407361984, 5881.7888041143415, 7861.95051433382, 5197.028955831719, 5795.445656071186, 5699.975305129052, 14349.938150000002, 9549.300027509307, 7930.9728615624435, 8308.08589639578, 8789.550981124687, 9627.215266954041, 9732.94851799698, 10644.028386194992]
shares:[0, 16.1812, 32.3363, 46.2639, 61.9134, 76.0777, 91.0254, 104.4482, 119.5312, 134.0872, 149.3544, 164.3245, 178.4488, 192.5731, 208.053, 223.3669, 238.3594, 253.7677, 267.912, 281.371, 294.6512, 306.8612, 318.0972, 329.7658, 339.3719, 349.3123, 360.7802, 369.5908, 379.1693, 389.4999, 399.9821, 410.6317, 422.1392, 433.8763, 445.3179, 457.7403, 470.3666, 482.4878, 494.17, 502.717, 509.1937, 519.1837, 528.2995, 537.7335, 541.5071, 547.2378, 554.2259, 560.9781, 567.4339, 573.3898, 579.3422, 584.8367]
growth_rate:108.71
