ticker:CASA
price:[4.539999961853027, 4.269999980926514, 4.260000228881836, 3.7799999713897705, 4.099999904632568, 4.53000020980835, 4.429999828338623, 4.539999961853027, 4.170000076293945, 4.420000076293945, 4.639999866485596, 5.360000133514404, 5.239999771118164, 6.809999942779541, 6.639999866485596, 6.559999942779541, 6.639999866485596, 6.170000076293945, 6.730000019073486, 7.889999866485596, 7.940000057220459, 7.710000038146973, 8.279999732971191, 9.399999618530273, 10.640000343322754, 8.210000038146973, 7.579999923706055, 9.050000190734863, 10.069999694824219, 9.699999809265137, 9.800000190734863, 9.869999885559082, 8.760000228881836, 9.039999961853027, 7.84499979019165, 8.470000267028809, 8.4399995803833, 8.5600004196167, 8.680000305175781, 9.180000305175781, 8.970000267028809, 9.210000038146973, 9.40999984741211, 8.649999618530273, 8.770000457763672, 7.599999904632568, 7.880000114440918, 7.510000228881836, 7.400000095367432, 7.210000038146973, 7.050000190734863, 7.360000133514404]
assets:[0, 99.99998355331421, 199.76589473304747, 277.2569499014854, 400.72825067892074, 542.7560861379146, 630.7748285576344, 746.4372837281227, 785.6042453733444, 932.7026700994492, 1079.1266249485016, 1346.5772895424366, 1416.4301021306992, 1940.8186576924325, 1992.3691439382555, 2068.364701958418, 2193.5883638922214, 2138.319650440979, 2432.396986893654, 2951.651317052221, 3070.356734126854, 3081.41716524601, 3409.226134052944, 3970.377478874588, 4594.12977223959, 3644.906690935707, 3465.21212512207, 4237.225474302388, 4814.791108085632, 4737.882456837177, 4886.726975109101, 5021.631892775059, 4556.889047062683, 4802.542467734241, 4267.693222363901, 4707.694755416775, 4791.019777801895, 4959.138659100151, 5128.658904315948, 5524.08813364029, 5497.720339662171, 5744.816729794502, 5969.568399200439, 5587.435248591041, 5764.9492769104, 5095.850856055498, 5383.593226185703, 5230.810536419105, 5254.193947713376, 5219.2887456144335, 5203.465550777626, 5532.270692358398]
shares:[0, 23.4192, 46.8934, 73.3484, 97.7386, 119.8137, 142.3871, 164.4135, 188.3943, 211.0187, 232.5704, 251.2271, 270.3111, 284.9954, 300.0556, 315.2995, 330.3597, 346.5672, 361.426, 374.1003, 386.6948, 399.665, 411.7423, 422.3806, 431.7791, 443.9594, 457.152, 468.2017, 478.1322, 488.4415, 498.6456, 508.7773, 520.1928, 531.2547, 544.0017, 555.8081, 567.6564, 579.3386, 590.8593, 601.7525, 612.9008, 623.7586, 634.3856, 645.9463, 657.3488, 670.5067, 683.1971, 696.5127, 710.0262, 723.8958, 738.0802, 751.6672]
growth_rate:8.48
