ticker:CASH
price:[19.15999984741211, 17.889999389648438, 20.079999923706055, 18.549999237060547, 20.450000762939453, 22.049999237060547, 23.209999084472656, 25.31999969482422, 29.34000015258789, 29.290000915527344, 33.58000183105469, 34.65999984741211, 34.91999816894531, 34.83000183105469, 34.75, 35.560001373291016, 36.65999984741211, 36.560001373291016, 38.529998779296875, 39.209999084472656, 39.029998779296875, 38.630001068115234, 42.15999984741211, 42.72999954223633, 43.5, 44.290000915527344, 45.20000076293945, 47.189998626708984, 48.88999938964844, 46.119998931884766, 46.349998474121094, 46.9900016784668, 46.369998931884766, 45.849998474121094, 49.2599983215332, 50.209999084472656, 50.0, 50.619998931884766, 53.0099983215332, 53.22999954223633, 51.77000045776367, 48.72999954223633, 52.41999816894531, 51.040000915527344, 50.63999938964844, 48.459999084472656, 48.5, 49.70000076293945, 49.91999816894531, 49.810001373291016, 49.02000045776367, 49.88999938964844]
assets:[0, 99.99972958831786, 212.24158319358827, 296.06911782302853, 426.39478590774536, 559.7546656322479, 689.202354814148, 851.8559417327881, 1087.1027516536715, 1185.2491770477295, 1458.84959954834, 1605.770064930725, 1717.81597792511, 1813.3892153320312, 1909.2240749999999, 2053.7252073127747, 2217.2554467712403, 2311.2062948150633, 2535.743985662842, 2680.4974834121704, 2768.190954421997, 2839.8227205207827, 3199.324236420822, 3342.579852191162, 3502.81575, 3666.4281427894593, 3841.76050484581, 4110.900102367401, 4358.993233581543, 4212.024202451706, 4333.029607353211, 4492.8597294834135, 4533.580884570694, 4582.7394424873355, 5023.569110828781, 5220.449087810516, 5298.615, 5464.31752069931, 5822.310757646942, 5946.4722928619385, 5883.370640022278, 5637.890392038345, 6164.811948660278, 6102.5160454635625, 6154.68930981903, 5989.738268839264, 6094.6846000000005, 6345.482387408829, 6473.570450550842, 6559.304745843887, 6555.273091215133, 6771.6145181564325]
shares:[0, 5.5897, 10.5698, 15.9606, 20.8506, 25.3857, 29.6942, 33.6436, 37.0519, 40.466, 43.444, 46.3292, 49.1929, 52.064, 54.9417, 57.7538, 60.4816, 63.2168, 65.8122, 68.3626, 70.9247, 73.5134, 75.8853, 78.2256, 80.5245, 82.7823, 84.9947, 87.1138, 89.1592, 91.3275, 93.485, 95.6131, 97.7697, 99.9507, 101.9807, 103.9723, 105.9723, 107.9478, 109.8342, 111.7128, 113.6444, 115.6965, 117.6042, 119.5634, 121.5381, 123.6017, 125.6636, 127.6757, 129.6789, 131.6865, 133.7265, 135.7309]
growth_rate:32.78
