ticker:CASI
price:[1.6100000143051147, 1.6299999952316284, 1.6200000047683716, 1.5199999809265137, 1.5299999713897705, 1.7999999523162842, 1.649999976158142, 1.7699999809265137, 2.3499999046325684, 1.9199999570846558, 1.9800000190734863, 2.2100000381469727, 2.4200000762939453, 2.430000066757202, 2.690000057220459, 2.7799999713897705, 2.930000066757202, 2.950000047683716, 2.9000000953674316, 3.390000104904175, 3.390000104904175, 3.359999895095825, 3.4800000190734863, 2.890000104904175, 2.7899999618530273, 2.4600000381469727, 2.2699999809265137, 2.4800000190734863, 2.4200000762939453, 2.059999942779541, 2.25, 2.0299999713897705, 1.7899999618530273, 1.6799999475479126, 1.7899999618530273, 1.600000023841858, 1.4500000476837158, 1.5399999618530273, 1.600000023841858, 1.690000057220459, 1.7000000476837158, 1.5299999713897705, 1.6200000047683716, 1.5, 1.399999976158142, 1.2899999618530273, 1.2799999713897705, 1.159999966621399, 1.190000057220459, 1.309999942779541, 1.2899999618530273, 1.5399999618530273]
assets:[0, 100.00001070746183, 199.38652258688214, 287.07874839763645, 388.96745572650434, 557.6088452284097, 611.1415111692429, 755.5882118577957, 1103.1820752307892, 1001.3231776186825, 1132.6146589105606, 1364.1810885472298, 1593.809146247101, 1700.3952197134256, 1982.3304441672324, 2148.6536378872397, 2364.5882848748447, 2480.728790098429, 2538.682703485393, 3067.6324519284485, 3167.6323700229646, 3239.600010854888, 3455.300022938108, 2969.4878237895014, 2966.737252436543, 2715.8329081141474, 2606.073478102684, 2947.1640706664084, 2975.8617518182755, 2633.1714428586006, 2976.03675, 2785.046483748364, 2555.779845533371, 2498.7207059862376, 2762.327404131603, 2569.119558282864, 2428.2646198542593, 2678.9843956395152, 2883.3605229654195, 3145.5496175028325, 3264.1622715572835, 3037.7459401956794, 3316.4369557617306, 3170.7749999999996, 3059.389987898898, 2919.0093336811065, 2996.3813730256556, 2815.4706029857994, 2988.2847086899283, 3389.624065942097, 3437.8741503376004, 4204.128901860523]
shares:[0, 61.3497, 123.0781, 188.8676, 254.2271, 309.7827, 370.3888, 426.886, 469.4392, 521.5225, 572.0276, 617.2765, 658.5988, 699.7511, 736.9258, 772.897, 807.0267, 840.925, 875.4078, 904.9063, 934.4048, 964.1667, 992.9023, 1027.5044, 1063.3467, 1103.9971, 1148.05, 1188.3726, 1229.6949, 1278.2386, 1322.683, 1371.9441, 1427.81, 1487.3338, 1543.1997, 1605.6997, 1674.6652, 1739.6003, 1802.1003, 1861.2719, 1920.0954, 1985.4549, 2047.1833, 2113.85, 2185.2786, 2262.798, 2340.923, 2427.1299, 2511.1635, 2587.4994, 2665.0188, 2729.9539]
growth_rate:-17.57
