ticker:CASS
price:[39.02000045776367, 36.869998931884766, 38.27000045776367, 37.5099983215332, 40.209999084472656, 43.5, 42.34000015258789, 43.2599983215332, 39.220001220703125, 40.06999969482422, 41.810001373291016, 42.59000015258789, 43.86000061035156, 43.279998779296875, 42.93000030517578, 41.470001220703125, 38.08000183105469, 38.90999984741211, 39.900001525878906, 41.59000015258789, 40.18000030517578, 40.599998474121094, 42.400001525878906, 41.34000015258789, 42.849998474121094, 43.08000183105469, 45.099998474121094, 47.95000076293945, 47.5, 46.95000076293945, 46.31999969482422, 45.63999938964844, 46.349998474121094, 46.5, 45.88999938964844, 46.290000915527344, 45.7400016784668, 43.9900016784668, 45.630001068115234, 45.790000915527344, 46.060001373291016, 41.93000030517578, 40.599998474121094, 41.0, 41.529998779296875, 40.91999816894531, 40.65999984741211, 44.09000015258789, 43.439998626708984, 44.25, 44.459999084472656, 44.97999954223633]
assets:[0, 99.99881110305786, 203.79540643768308, 299.7498985870361, 421.3243914070129, 555.7995, 640.9767943099976, 754.904274710083, 784.4039464141846, 901.4026921348571, 1040.54640917778, 1159.9599491558074, 1294.5498480148315, 1377.4292411499023, 1466.291332423401, 1516.425240637207, 1492.4657037643433, 1624.9944326274872, 1766.3411475494383, 1941.1550311218261, 1975.3452470031737, 2095.9952212257385, 2288.921682373047, 2331.700028606415, 2516.8675053749084, 2630.378751800537, 2853.7159334495545, 3134.0504098663328, 3204.63975, 3267.5322530975345, 3323.6869461021424, 3374.895394866943, 3527.3971088752746, 3638.811, 3691.0749099075315, 3823.2485616165163, 3877.823620299912, 3829.457217115402, 4072.2220673233032, 4186.501940705109, 4311.188492539215, 4024.621728292084, 3996.964289781189, 4136.3423999999995, 4289.8121529083255, 4326.802858387757, 4399.310333490372, 4870.428320855713, 4898.624389137268, 5089.966875, 5214.121974629975, 5375.105447297286]
shares:[0, 2.7122, 5.3252, 7.9912, 10.4781, 12.777, 15.1388, 17.4504, 20.0001, 22.4957, 24.8875, 27.2355, 29.5155, 31.826, 34.1554, 36.5668, 39.1929, 41.7629, 44.2692, 46.6736, 49.1624, 51.6255, 53.984, 56.403, 58.7367, 61.058, 63.2753, 65.3608, 67.4661, 69.596, 71.7549, 73.946, 76.1035, 78.254, 80.4331, 82.5934, 84.7797, 87.0529, 89.2444, 91.4283, 93.5994, 95.9843, 98.4474, 100.8864, 103.2943, 105.7381, 108.1975, 110.4656, 112.7676, 115.0275, 117.2767, 119.4999]
growth_rate:5.39
