ticker:CASY
price:[176.0500030517578, 179.0, 173.41000366210938, 173.6699981689453, 181.0500030517578, 183.30999755859375, 184.74000549316406, 182.33999633789062, 168.57000732421875, 177.19000244140625, 191.02000427246094, 179.0, 181.1199951171875, 191.55999755859375, 175.38999938964844, 181.35000610351562, 177.72000122070312, 178.6199951171875, 184.94000244140625, 186.72999572753906, 197.41000366210938, 187.47999572753906, 194.02000427246094, 209.1999969482422, 208.91000366210938, 201.9600067138672, 203.6199951171875, 206.30999755859375, 207.94000244140625, 216.91000366210938, 216.6999969482422, 219.61000061035156, 223.32000732421875, 224.0399932861328, 222.19000244140625, 223.27000427246094, 223.83999633789062, 219.4499969482422, 220.83999633789062, 218.9600067138672, 207.5, 197.07000732421875, 196.9499969482422, 195.10000610351562, 197.27999877929688, 195.14999389648438, 195.14999389648438, 197.7100067138672, 195.4499969482422, 198.9600067138672, 200.6699981689453, 203.6300048828125]
assets:[0, 100.0073, 196.88971815795898, 297.1841008666992, 409.8066819076538, 514.9177831420899, 618.9344404037475, 710.8889437225341, 757.1996158996583, 895.9258093444824, 1065.8534198394775, 1098.7915, 1211.8014393310546, 1381.6456383911134, 1365.0252872497558, 1511.4072208679197, 1581.1570788604738, 1689.155707824707, 1848.919180407715, 1966.8083719985962, 2179.3077354278566, 2169.687242555237, 2345.3720176467896, 2628.8699216506957, 2725.2309977722166, 2734.558686906433, 2857.032875488281, 2994.775293560791, 3118.4346286132813, 3352.9514546081546, 3449.7122614181517, 3596.047876994324, 3756.8008232116704, 3868.90183605957, 3936.9624342590337, 4056.101513616943, 4166.445771835327, 4184.73588180542, 4311.2384085083, 4374.536286134338, 4245.5745, 4132.163913574219, 4229.639049461364, 4289.917464205932, 4437.853028540039, 4489.932999572754, 4589.9278564453125, 4750.14107930603, 4795.8347551177985, 4981.958568115234, 5124.770614237976, 5300.366849096679]
shares:[0, 0.5587, 1.1354, 1.7112, 2.2635, 2.809, 3.3503, 3.8987, 4.4919, 5.0563, 5.5798, 6.1385, 6.6906, 7.2126, 7.7828, 8.3342, 8.8969, 9.4567, 9.9974, 10.5329, 11.0395, 11.5729, 12.0883, 12.5663, 13.045, 13.5401, 14.0312, 14.5159, 14.9968, 15.4578, 15.9193, 16.3747, 16.8225, 17.2688, 17.7189, 18.1668, 18.6135, 19.0692, 19.522, 19.9787, 20.4606, 20.968, 21.4757, 21.9883, 22.4952, 23.0076, 23.52, 24.0258, 24.5374, 25.04, 25.5383, 26.0294]
growth_rate:3.93
