ticker:CATB
price:[5.960000038146973, 6.489999771118164, 7.0, 6.289999961853027, 6.130000114440918, 6.28000020980835, 6.260000228881836, 5.820000171661377, 1.340000033378601, 1.3200000524520874, 1.409999966621399, 1.3600000143051147, 1.590000033378601, 1.9199999570846558, 2.2100000381469727, 2.1600000858306885, 2.25, 2.140000104904175, 2.359999895095825, 2.609999895095825, 2.7300000190734863, 4.150000095367432, 3.299999952316284, 3.5199999809265137, 3.559999942779541, 2.880000114440918, 2.809999942779541, 3.369999885559082, 3.450000047683716, 2.880000114440918, 2.869999885559082, 2.7100000381469727, 2.240000009536743, 2.25, 2.25, 1.9600000381469727, 1.7799999713897705, 1.9199999570846558, 2.0399999618530273, 2.009999990463257, 2.069999933242798, 2.0999999046325684, 2.1500000953674316, 2.0799999237060547, 2.009999990463257, 1.649999976158142, 1.6299999952316284, 1.6299999952316284, 1.5499999523162842, 1.340000033378601, 7.579999923706055, 9.359999656677246]
assets:[0, 99.99986347332, 207.858, 286.7755652607918, 379.48072208452226, 488.766764329195, 587.2099314699173, 645.936211051941, 248.72075619548562, 345.0085457094073, 468.53184990855453, 551.9172458053231, 745.2562296450377, 999.9319456497789, 1250.9634495929718, 1322.66114855783, 1477.7718750000001, 1505.5253838018177, 1760.298905753088, 2046.7713137337687, 2240.8757436561586, 3506.459580578804, 2888.2688582656383, 3180.820174764395, 3316.9658666858672, 2783.388206601906, 2815.736276662731, 3476.879431929588, 3659.416775578141, 3154.8175013611794, 3243.863003651333, 3163.020717523861, 2714.4526195567128, 2826.5706, 2926.5705000000003, 2649.3681155639647, 2506.0587557197096, 2803.1644173443915, 3078.362186436176, 3133.09210813458, 3326.6171977170707, 3474.8288921973704, 3657.5631772383213, 3638.4793865413667, 3616.0305848432063, 3068.383350663054, 3131.190870840073, 3231.1908815475344, 3172.604692398977, 2842.7681288116573, 16180.73249113827, 20080.429399454213]
shares:[0, 15.4083, 29.694, 45.5923, 61.9055, 77.8291, 93.8035, 110.9856, 185.6125, 261.3701, 332.2921, 405.8215, 468.7146, 520.7979, 566.0468, 612.3431, 656.7875, 703.5165, 745.8894, 784.2036, 820.8336, 844.93, 875.233, 903.6421, 931.732, 966.4542, 1002.0414, 1031.715, 1060.7005, 1095.4227, 1130.2659, 1167.1663, 1211.8092, 1256.2536, 1300.698, 1351.7184, 1407.8982, 1459.9815, 1509.0011, 1558.7523, 1607.0615, 1654.6805, 1701.1921, 1749.269, 1799.0202, 1859.6263, 1920.976, 1982.3257, 2046.8418, 2121.4687, 2134.6613, 2145.3451]
growth_rate:293.73
