ticker:CATC
price:[54.63999938964844, 52.529998779296875, 51.130001068115234, 48.349998474121094, 55.0, 63.47999954223633, 61.70000076293945, 65.86000061035156, 62.09000015258789, 61.93000030517578, 69.73999786376953, 70.55999755859375, 71.26000213623047, 70.0, 72.94999694824219, 72.04000091552734, 70.58999633789062, 69.75, 74.25, 75.37999725341797, 77.08999633789062, 73.5, 75.3499984741211, 76.7699966430664, 77.7699966430664, 76.22000122070312, 83.05000305175781, 83.81999969482422, 82.80000305175781, 82.6500015258789, 84.0999984741211, 84.0, 82.77999877929688, 84.91999816894531, 87.55000305175781, 86.77999877929688, 87.0, 87.5999984741211, 85.75, 85.54000091552734, 85.62999725341797, 87.19999694824219, 84.33000183105469, 83.86000061035156, 80.62999725341797, 83.5999984741211, 84.7300033569336, 85.58000183105469, 85.0, 85.95999908447266, 84.19999694824219, 86.5]
assets:[0, 100.00135867614746, 197.33623912239077, 286.60912095489505, 426.03000000000003, 591.7161197330475, 675.1214083480835, 820.6419516052246, 873.6683921470642, 971.4154057868958, 1193.9208674285887, 1307.9565627441407, 1420.9315685966492, 1495.809, 1658.8464556045533, 1738.1523260894776, 1803.1649844543458, 1881.7085250000002, 2103.108975, 2235.114912560272, 2385.819751663208, 2374.7115, 2534.4800836753843, 2682.243881713104, 2817.179243396759, 2861.0320758209227, 3217.4069482269288, 3347.2343398132325, 3406.499765553284, 3500.326744622803, 3661.739163562775, 3757.3872, 3802.813807922363, 4001.1246017272947, 4225.040577273559, 4287.87784168396, 4398.746099999999, 4529.086361109162, 4533.439574999999, 4622.333583472443, 4727.1954353752135, 4913.86806802826, 4852.137480354309, 4925.097835845947, 4835.397061286926, 5113.51094666748, 5282.6276272933965, 5435.622374299622, 5498.785999999999, 5660.887143708039, 5644.978295402527, 5899.1789]
shares:[0, 1.9037, 3.8595, 5.9278, 7.746, 9.3213, 10.942, 12.4604, 14.071, 15.6857, 17.1196, 18.5368, 19.9401, 21.3687, 22.7395, 24.1276, 25.5442, 26.9779, 28.3247, 29.6513, 30.9485, 32.309, 33.6361, 34.9387, 36.2245, 37.5365, 38.7406, 39.9336, 41.1413, 42.3512, 43.5403, 44.7308, 45.9388, 47.1164, 48.2586, 49.4109, 50.5603, 51.7019, 52.8681, 54.0371, 55.2049, 56.3517, 57.5375, 58.73, 59.9702, 61.1664, 62.3466, 63.5151, 64.6916, 65.8549, 67.0425, 68.1986]
growth_rate:15.67
