ticker:CATH
price:[42.3390007019043, 41.13999938964844, 40.97999954223633, 40.540000915527344, 41.290000915527344, 42.90599822998047, 43.16999816894531, 42.83700180053711, 40.04999923706055, 43.209999084472656, 44.16999816894531, 44.06999969482422, 44.94499969482422, 45.650001525878906, 45.15999984741211, 45.959999084472656, 45.83000183105469, 46.20000076293945, 46.90999984741211, 46.2400016784668, 47.224998474121094, 45.599998474121094, 47.84000015258789, 48.540000915527344, 48.18000030517578, 47.2599983215332, 47.779998779296875, 48.900001525878906, 48.4900016784668, 48.97999954223633, 49.810001373291016, 51.400001525878906, 51.9900016784668, 51.9900016784668, 52.060001373291016, 52.81999969482422, 51.90999984741211, 51.7400016784668, 52.40999984741211, 52.619998931884766, 52.91999816894531, 52.13999938964844, 53.38999938964844, 53.95000076293945, 54.38999938964844, 53.560001373291016, 54.720001220703125, 54.650001525878906, 55.04999923706055, 55.560001373291016, 55.00299835205078, 56.16999816894531]
assets:[0, 99.99899651641846, 199.6094797702789, 297.46631071777347, 402.9697639350891, 518.7420998001098, 621.9328956207275, 717.1342471427918, 770.4778803226471, 931.2705422683715, 1051.9615103912354, 1149.5791630393983, 1272.4019303604125, 1392.3615665405275, 1477.4139110080719, 1603.585732056427, 1699.0510748825072, 1812.7679099357606, 1940.6244746875764, 2012.905881066513, 2155.783400344849, 2181.604246998596, 2388.7708076190947, 2523.7257056007384, 2605.010710500336, 2655.269923696518, 2784.48454486084, 2949.7556720443727, 3025.024509710312, 3155.590348508072, 3309.0626882328033, 3514.6909843383787, 3655.0322920005797, 3755.029861228943, 3860.0877158252715, 4016.438058794403, 4047.241003103256, 4133.984742108154, 4287.515339517212, 4404.693822590637, 4529.803667266846, 4563.0372605850225, 4772.430604441834, 4922.489784611892, 5062.6374601882935, 5085.382874390411, 5295.522646133423, 5388.747005458831, 5528.186983384705, 5679.404456379319, 5722.467946148681, 5943.881121238709]
shares:[0, 2.4307, 4.8709, 7.3376, 9.7595, 12.0902, 14.4066, 16.741, 19.2379, 21.5522, 23.8162, 26.0853, 28.3102, 30.5008, 32.7151, 34.8909, 37.0729, 39.2374, 41.3691, 43.5317, 45.6492, 47.8422, 49.9325, 51.9927, 54.0683, 56.1843, 58.2772, 60.3222, 62.3845, 64.4261, 66.4337, 68.3792, 70.3026, 72.226, 74.1469, 76.0401, 77.9665, 79.8992, 81.8072, 83.7076, 85.5972, 87.5151, 89.3881, 91.2417, 93.0803, 94.9474, 96.7749, 98.6047, 100.4212, 102.2211, 104.0392, 105.8195]
growth_rate:16.55
