ticker:CATY
price:[25.049999237060547, 23.1299991607666, 22.850000381469727, 21.290000915527344, 22.209999084472656, 23.829999923706055, 23.360000610351562, 24.229999542236328, 23.530000686645508, 23.610000610351562, 27.6200008392334, 28.75, 30.3799991607666, 30.479999542236328, 30.190000534057617, 30.579999923706055, 31.5, 32.189998626708984, 34.91999816894531, 36.59000015258789, 36.81999969482422, 33.81999969482422, 36.18000030517578, 37.41999816894531, 38.599998474121094, 37.63999938964844, 41.95000076293945, 44.91999816894531, 43.310001373291016, 41.88999938964844, 41.47999954223633, 41.38999938964844, 41.27000045776367, 41.2400016784668, 40.47999954223633, 42.18000030517578, 43.040000915527344, 41.88999938964844, 41.68000030517578, 42.369998931884766, 41.27000045776367, 38.310001373291016, 40.810001373291016, 38.88999938964844, 38.13999938964844, 37.150001525878906, 37.099998474121094, 37.869998931884766, 39.79999923706055, 39.45000076293945, 39.18000030517578, 40.310001373291016]
assets:[0, 100.00023837165833, 198.7904333187103, 285.2178842651367, 397.54343661270144, 526.5405293142319, 616.155056098938, 739.10221403656, 817.7498788633347, 920.530313796997, 1176.8771877593995, 1325.0271249999998, 1500.1491685590745, 1605.0859198940277, 1689.815842892647, 1811.644819480133, 1966.1481, 2109.2174700164796, 2388.098358778381, 2602.3064238521574, 2718.663589466858, 2597.152764564514, 2878.386756278992, 3077.038965432739, 3274.0711705741883, 3292.6417546081543, 3769.6690185585026, 4136.556855383301, 4088.295220633316, 4054.2523779281614, 4114.5712225925445, 4205.641976982117, 4293.4502116226195, 4390.328098686218, 4409.421582136535, 4694.600289965821, 4890.316808024598, 4859.650451193237, 4935.28715613556, 5116.990875004578, 5084.14627739296, 4819.49777876358, 5234.005106128692, 5087.760836151123, 5089.641800550842, 5057.530622730255, 5150.722638156891, 5357.624015889358, 5730.670550146866, 5780.2772317871095, 5840.715447493744, 6109.170165128708]
shares:[0, 4.3234, 8.6998, 13.3968, 17.8993, 22.0957, 26.3765, 30.5036, 34.7535, 38.989, 42.6096, 46.0879, 49.3795, 52.6603, 55.9727, 59.2428, 62.4174, 65.524, 68.3877, 71.1207, 73.8366, 76.7934, 79.5574, 82.2298, 84.8205, 87.4772, 89.861, 92.0872, 94.3961, 96.7833, 99.1941, 101.6101, 104.0332, 106.458, 108.9284, 111.2992, 113.6226, 116.0098, 118.409, 120.7692, 123.1923, 125.8026, 128.253, 130.8244, 133.4463, 136.1381, 138.8335, 141.4741, 143.9867, 146.5216, 149.0739, 151.5547]
growth_rate:19.79
