ticker:CBAN
price:[10.699999809265137, 10.449999809265137, 10.75, 9.890000343322754, 10.390000343322754, 11.399999618530273, 12.229999542236328, 12.75, 12.529999732971191, 12.40999984741211, 13.0, 13.149999618530273, 14.0600004196167, 14.3100004196167, 14.6899995803833, 14.119999885559082, 14.130000114440918, 14.649999618530273, 14.59000015258789, 14.550000190734863, 14.350000381469727, 13.850000381469727, 14.170000076293945, 14.380000114440918, 14.539999961853027, 14.350000381469727, 14.989999771118164, 15.25, 16.3799991607666, 15.34000015258789, 15.789999961853027, 15.329999923706055, 15.09000015258789, 14.850000381469727, 15.59000015258789, 16.290000915527344, 16.739999771118164, 17.979999542236328, 18.360000610351562, 18.229999542236328, 17.850000381469727, 17.6299991607666, 17.649999618530273, 17.950000762939453, 18.1299991607666, 18.15999984741211, 17.959999084472656, 17.899999618530273, 17.790000915527344, 18.049999237060547, 17.969999313354492, 18.06999969482422]
assets:[0, 100.0002281747818, 202.870775, 286.64089095048905, 401.13193825483324, 540.1251419261932, 679.4498545684814, 808.338525, 894.3901279395104, 985.8243268787384, 1132.6926, 1245.7625838615418, 1431.9716747367859, 1557.4331886691093, 1698.791214474392, 1732.8755739552498, 1834.10227485466, 2001.5986828805926, 2093.4009428936006, 2187.6623686779026, 2257.5908500141145, 2278.928922768402, 2431.583349092102, 2567.619482433987, 2696.1885429263116, 2760.9558583951953, 2984.0922324359894, 3135.8514, 3468.212570305252, 3348.008723302841, 3546.222405432701, 3542.913216367722, 3587.4468392757417, 3630.389988258171, 3911.298747282028, 4186.917937312317, 4402.57808980465, 4828.694293063354, 5030.746655239868, 5095.126271059036, 5088.919083754539, 5126.199046979713, 5232.014096920395, 5420.943310409546, 5575.30289492054, 5684.528504236221, 5721.922804319764, 5802.807556335449, 5867.147638941193, 6052.895769155502, 6126.0680069189075, 6260.158045275116]
shares:[0, 9.5694, 18.8717, 28.9829, 38.6075, 47.3794, 55.556, 63.3991, 71.3799, 79.4379, 87.1302, 94.7348, 101.8472, 108.8353, 115.6427, 122.7249, 129.802, 136.6279, 143.4819, 150.3548, 157.3234, 164.5436, 171.6008, 178.5549, 185.4325, 192.4011, 199.0722, 205.6296, 211.7346, 218.2535, 224.5866, 231.1098, 237.7367, 244.4707, 250.8851, 257.0238, 262.9975, 268.5592, 274.0058, 279.4913, 285.0935, 290.7657, 296.4314, 302.0024, 307.5181, 313.0247, 318.5926, 324.1792, 329.8003, 335.3405, 340.9053, 346.4393]
growth_rate:22.75
