ticker:CBAT
price:[0.7200000286102295, 0.7099999785423279, 0.9300000071525574, 2.450000047683716, 3.130000114440918, 3.259999990463257, 3.2699999809265137, 3.0, 2.440000057220459, 3.130000114440918, 6.150000095367432, 7.989999771118164, 8.1899995803833, 5.96999979019165, 5.119999885559082, 4.949999809265137, 6.260000228881836, 5.059999942779541, 7.599999904632568, 6.599999904632568, 8.029999732971191, 7.360000133514404, 8.119999885559082, 7.440000057220459, 8.279999732971191, 5.920000076293945, 4.630000114440918, 5.440000057220459, 5.960000038146973, 5.050000190734863, 5.269999980926514, 4.789999961853027, 4.460000038146973, 4.679999828338623, 4.630000114440918, 4.130000114440918, 3.559999942779541, 3.8299999237060547, 4.190000057220459, 4.389999866485596, 4.829999923706055, 4.940000057220459, 4.75, 4.28000020980835, 4.309999942779541, 3.859999895095825, 3.880000114440918, 3.5299999713897705, 3.5299999713897705, 3.200000047683716, 3.0, 3.2699999809265137]
assets:[0, 100.00001797779203, 230.985961776495, 708.5113487895728, 1005.159472751236, 1146.9071166448593, 1250.4251027064322, 1247.1788999999999, 1114.37218213315, 1529.5020999225617, 3105.2518981528283, 4134.302335568619, 4337.789051752281, 3261.9780353617666, 2897.5425912348746, 2901.3349732048987, 3769.1630398103716, 3146.6393944165707, 4826.177779439449, 4291.154277994489, 5320.904269059181, 4976.943962284469, 5590.867581203937, 5222.667256167126, 5912.323045328427, 4327.168407766342, 3484.2551931212424, 4193.8119161124705, 4694.690838048363, 4077.8842440187454, 4355.5343012362, 4058.8251486760137, 3879.1983171792986, 4170.548619025183, 4225.991860454941, 3869.62136622591, 3435.557296779728, 3796.1193613809587, 4252.934696079922, 4555.938349438858, 5112.569892242622, 5329.005301726342, 5224.04335, 4807.138303648996, 4940.8330844044685, 4524.968639023805, 4648.414349105358, 4329.098419913173, 4429.098377102685, 4115.046781318974, 3957.8562, 4414.063102253342]
shares:[0, 140.8451, 248.372, 289.1883, 321.1372, 351.812, 382.393, 415.7263, 456.7099, 488.6588, 504.919, 517.4346, 529.6446, 546.395, 565.9263, 586.1283, 602.1027, 621.8655, 635.0234, 650.1749, 662.6282, 676.2152, 688.5305, 701.9714, 714.0487, 730.9406, 752.5389, 770.9213, 787.6998, 807.5018, 826.4771, 847.3539, 869.7754, 891.1429, 912.7412, 936.9543, 965.0442, 991.1539, 1015.0202, 1037.7992, 1058.5031, 1078.746, 1099.7986, 1123.1631, 1146.365, 1172.2717, 1198.0449, 1226.3735, 1254.7021, 1285.9521, 1319.2854, 1349.8664]
growth_rate:-13.45
