ticker:CBAY
price:[5.804999828338623, 5.789999961853027, 6.920000076293945, 6.510000228881836, 7.039999961853027, 7.909999847412109, 8.239999771118164, 9.029999732971191, 8.319999694824219, 7.849999904632568, 8.199999809265137, 7.769999980926514, 7.460000038146973, 7.199999809265137, 6.989999771118164, 6.949999809265137, 6.519999980926514, 5.739999771118164, 6.409999847412109, 6.090000152587891, 5.880000114440918, 5.349999904632568, 5.889999866485596, 5.800000190734863, 5.409999847412109, 4.800000190734863, 4.574999809265137, 4.989999771118164, 5.019999980926514, 4.489999771118164, 4.659999847412109, 4.300000190734863, 4.320000171661377, 4.440000057220459, 4.329999923706055, 4.170000076293945, 4.300000190734863, 4.400000095367432, 4.230000019073486, 4.269999980926514, 4.679999828338623, 4.630000114440918, 4.699999809265137, 4.340000152587891, 4.360000133514404, 4.119999885559082, 4.130000114440918, 3.940000057220459, 3.930000066757202, 3.630000114440918, 3.4700000286102295, 3.890000104904175]
assets:[0, 100.00024734115601, 219.51693442020417, 306.51099177646637, 431.4647016620636, 584.7847067192077, 709.1813483011247, 877.1732710608483, 908.2036786872864, 956.8992883749008, 1099.563394423771, 1141.9032841969013, 1196.3445401175497, 1254.648926763153, 1318.0553268413544, 1410.5128862900735, 1423.2436238364696, 1352.978216050148, 1610.9041126529694, 1630.4848758525848, 1674.2612365857124, 1623.3499360626697, 1887.2018992209435, 1958.365424401474, 1926.6821806583405, 1809.440711900711, 1824.6229264302253, 2090.1352561294557, 2202.7011936308386, 2070.1449264724733, 2248.5244863739013, 2174.818836468315, 2284.9340587951183, 2448.4042875537875, 2487.745599166298, 2495.8196886632923, 2673.6270285939213, 2835.804461464405, 2826.2394037437916, 2952.9650298095225, 3336.5047896177293, 3400.85870505991, 3552.275365841961, 3380.186550842285, 3495.763523049259, 3403.335793465805, 3511.5966123051644, 3450.046078104878, 3541.289655154347, 3370.9622172743793, 3322.379634393096, 3824.511953138113]
shares:[0, 17.2712, 31.7221, 47.0831, 61.2876, 73.9298, 86.0657, 97.1399, 109.1591, 121.898, 134.0931, 146.9631, 160.3679, 174.2568, 188.563, 202.9515, 218.2889, 235.7105, 251.3111, 267.7315, 284.7383, 303.4299, 320.4078, 337.6492, 356.1335, 376.9668, 398.8247, 418.8648, 438.7851, 461.0568, 482.516, 505.7718, 528.9199, 551.4424, 574.5371, 598.5179, 621.7737, 644.501, 668.1417, 691.5609, 712.9284, 734.5267, 755.8033, 778.8448, 801.7806, 826.0524, 850.2655, 875.6462, 901.0915, 928.6397, 957.4581, 983.165]
growth_rate:-25.01
