ticker:CBFV
price:[19.649999618530273, 19.0, 20.0, 18.440000534057617, 18.75, 20.459999084472656, 20.479999542236328, 20.610000610351562, 19.610000610351562, 19.799999237060547, 22.809999465942383, 22.399999618530273, 22.799999237060547, 21.600000381469727, 20.959999084472656, 22.3700008392334, 20.260000228881836, 20.010000228881836, 19.6200008392334, 19.81999969482422, 19.450000762939453, 18.010000228881836, 18.350000381469727, 18.729999542236328, 19.290000915527344, 20.350000381469727, 21.81999969482422, 23.829999923706055, 24.649999618530273, 22.260000228881836, 22.299999237060547, 21.68000030517578, 21.010000228881836, 21.309999465942383, 21.5, 21.559999465942383, 22.489999771118164, 22.049999237060547, 21.75, 22.0, 22.049999237060547, 22.0, 22.139999389648438, 22.3799991607666, 22.760000228881836, 23.0, 23.639999389648438, 23.309999465942383, 23.780000686645508, 23.530000686645508, 23.549999237060547, 23.0]
assets:[0, 100.00080000000001, 205.26399999999998, 289.25353637733457, 394.115625, 530.0592422813415, 630.5771379055024, 734.5795807540893, 798.9369178665162, 906.6776050636292, 1144.5099712032318, 1223.938219156456, 1345.7950349666596, 1374.9631442827226, 1434.2235693534851, 1630.7059511775972, 1576.8925458145143, 1657.4343219583511, 1725.129775791359, 1842.7149216270445, 1908.3154298549653, 1867.031887727356, 2002.2786416244508, 2143.7420976066587, 2307.836419532776, 2534.6535975131987, 2817.74748059082, 3177.3110818275454, 3386.643727590179, 3158.284448474121, 3263.9594583316807, 3273.211758074951, 3272.055415645599, 3418.776000320816, 3549.2587, 3659.163109359741, 3917.002296136475, 3940.3679386615754, 3986.7576000000004, 4132.5833999999995, 4241.97444322586, 4332.3566, 4459.925757049561, 4608.272341193199, 4786.519088134765, 4936.9914, 5174.3679824050905, 5202.1368698133465, 5407.027594127465, 5450.183469045639, 5554.816035042953, 5525.0853]
shares:[0, 5.2632, 10.2632, 15.6862, 21.0195, 25.9071, 30.7899, 35.6419, 40.7413, 45.7918, 50.1758, 54.6401, 59.0261, 63.6557, 68.4267, 72.897, 77.8328, 82.8303, 87.9271, 92.9725, 98.1139, 103.6664, 109.116, 114.455, 119.639, 124.553, 129.136, 133.3324, 137.3892, 141.8816, 146.3659, 150.9784, 155.738, 160.4306, 165.0818, 169.72, 174.1664, 178.7015, 183.2992, 187.8447, 192.3798, 196.9253, 201.442, 205.9103, 210.304, 214.6518, 218.8819, 223.1719, 227.3771, 231.627, 235.8733, 240.2211]
growth_rate:8.34
