ticker:CBIO
price:[4.670000076293945, 4.550000190734863, 4.820000171661377, 4.460000038146973, 4.550000190734863, 4.650000095367432, 6.409999847412109, 5.5, 5.480000019073486, 5.53000020980835, 5.920000076293945, 5.809999942779541, 5.949999809265137, 6.190000057220459, 6.199999809265137, 6.590000152587891, 6.46999979019165, 6.309999942779541, 6.139999866485596, 6.53000020980835, 6.860000133514404, 5.650000095367432, 5.869999885559082, 6.699999809265137, 6.829999923706055, 6.03000020980835, 5.690000057220459, 6.150000095367432, 5.699999809265137, 5.150000095367432, 5.329999923706055, 5.110000133514404, 4.739999771118164, 5.110000133514404, 5.039999961853027, 4.510000228881836, 4.179999828338623, 4.25, 4.269999980926514, 4.199999809265137, 4.5, 4.329999923706055, 4.539999961853027, 4.340000152587891, 4.380000114440918, 4.369999885559082, 4.309999942779541, 4.070000171661377, 4.369999885559082, 4.099999904632568, 3.930000066757202, 4.659999847412109]
assets:[0, 99.99990419197083, 205.93402533421516, 290.55294648513797, 396.4160366176605, 505.12858035974506, 796.3168450439454, 783.2671, 880.418995064354, 988.4521455018996, 1158.1621749258043, 1236.6422198207854, 1366.4406611969948, 1521.5577240653038, 1624.0155500392914, 1826.171417284012, 1892.9181336166857, 1946.107466352272, 1993.6763766474721, 2220.3104283383846, 2432.5162593434334, 2103.4571805046558, 2285.3617724448204, 2708.5050728945735, 2861.0582820407867, 2625.941476367235, 2577.878423923969, 2886.2836047573087, 2775.0922171391485, 2607.320418282223, 2798.4498349428177, 2782.941842712879, 2681.4368305206294, 2990.747663142443, 3049.778568916702, 2829.06767057476, 2722.062286212206, 2867.647125, 2981.1419056836608, 3032.2705022953032, 3348.8613, 3322.3487544607165, 3583.4787198901176, 3525.6164839553835, 3658.110395579338, 3749.7583728018762, 3798.274511573315, 3686.769769497776, 4058.52158871603, 3907.7660791039943, 3845.736935325861, 4660.084659409332]
shares:[0, 21.978, 42.7249, 65.1464, 87.1244, 108.6298, 124.2304, 142.4122, 160.6604, 178.7436, 195.6355, 212.8472, 229.6539, 245.809, 261.938, 277.1125, 292.5685, 308.4164, 324.703, 340.0169, 354.5942, 372.2933, 389.3291, 404.2545, 418.8958, 435.4795, 453.0542, 469.3144, 486.8583, 506.2758, 525.0375, 544.607, 565.704, 585.2735, 605.1148, 627.2877, 651.2111, 674.7405, 698.1597, 721.9692, 744.1914, 767.2861, 789.3125, 812.354, 835.185, 858.0683, 881.2702, 905.8402, 928.7235, 953.1137, 978.559, 1000.0182]
growth_rate:-8.63
