ticker:CBLI
price:[1.840000033378601, 2.3299999237060547, 2.0999999046325684, 2.0199999809265137, 2.0, 2.0999999046325684, 2.2799999713897705, 2.5999999046325684, 2.7699999809265137, 3.240000009536743, 3.1500000953674316, 3.0999999046325684, 3.5, 2.9800000190734863, 2.859999895095825, 2.8399999141693115, 3.7200000286102295, 3.450000047683716, 3.8399999141693115, 3.549999952316284, 3.940000057220459, 4.590000152587891, 6.179999828338623, 6.869999885559082, 6.929999828338623, 5.789999961853027, 5.769999980926514, 5.989999771118164, 6.159999847412109, 5.480000019073486, 6.159999847412109, 5.820000171661377, 5.309999942779541, 5.21999979019165, 5.760000228881836, 5.489999771118164, 4.659999847412109, 5.230000019073486, 5.400000095367432, 5.449999809265137, 5.829999923706055, 5.260000228881836, 5.400000095367432, 5.809999942779541, 4.619999885559082, 4.360000133514404, 4.579999923706055, 4.300000190734863, 3.869999885559082, 2.9700000286102295, 3.5799999237060547, 3.430000066757202]
assets:[0, 100.00010172557832, 190.12874136567115, 282.88584732890126, 380.085, 499.0891273348331, 641.8680999456167, 831.9547294840812, 986.3518422082425, 1253.7111996902227, 1318.8858249297618, 1397.9511569938659, 1678.3319, 1528.9796017862323, 1567.4097865077495, 1656.4489779386759, 2269.7148654561997, 2204.9774854758025, 2554.235846908379, 2461.33779693923, 2831.7383231252193, 3398.9033749916075, 4676.300810106754, 5298.411841738701, 5444.686035130978, 4649.023727370262, 4732.964808354569, 5013.424351433754, 5255.708789812088, 4775.533412621546, 5468.117904550552, 5266.306307330132, 4904.825707145691, 4921.692984181547, 5530.834011775589, 5371.575535055351, 4659.4793254291535, 5329.41604343605, 5602.6475189463135, 5754.523453607655, 6255.756656134416, 5744.13064994812, 5997.016005911112, 6552.344797468471, 5310.298092459869, 5111.450516525746, 5469.367666890907, 5234.9961022084235, 4811.496166717816, 3792.543615533853, 4671.483546445274, 4575.751115056658]
shares:[0, 42.9185, 90.5375, 140.0425, 190.0425, 237.6615, 281.5211, 319.9826, 356.0837, 386.9479, 418.6939, 450.952, 479.5234, 513.0804, 548.0454, 583.2567, 610.1384, 639.1239, 665.1656, 693.3346, 718.7153, 740.5018, 756.683, 771.239, 785.669, 802.9402, 820.2712, 836.9657, 853.1995, 871.4477, 887.6815, 904.8636, 923.696, 942.8531, 960.2142, 978.4291, 999.8883, 1019.0088, 1037.5273, 1055.8759, 1073.0286, 1092.04, 1110.5585, 1127.7702, 1149.4152, 1172.351, 1194.1851, 1217.4409, 1243.2807, 1276.9507, 1304.8837, 1334.0382]
growth_rate:-10.28
