ticker:CBMB
price:[12.0, 12.020000457763672, 12.800000190734863, 12.289999961853027, 12.25, 12.75, 12.90999984741211, 12.25, 12.640000343322754, 12.399999618530273, 13.0, 13.739999771118164, 13.25, 13.130000114440918, 13.270000457763672, 13.270000457763672, 13.25, 13.279999732971191, 13.510000228881836, 13.699999809265137, 13.989999771118164, 13.949999809265137, 13.949999809265137, 14.0, 14.420000076293945, 14.649999618530273, 14.029999732971191, 14.270000457763672, 14.300000190734863, 13.760000228881836, 14.0, 14.180000305175781, 14.199999809265137, 14.220000267028809, 14.550000190734863, 14.649999618530273, 14.5600004196167, 14.350000381469727, 14.600000381469727, 14.770000457763672, 14.800000190734863, 15.029999732971191, 15.029999732971191, 15.1899995803833, 15.0, 15.010000228881836, 15.149999618530273, 15.149999618530273, 14.829999923706055, 14.699999809265137, 14.75, 15.0600004196167]
assets:[0, 100.00039380836486, 206.48960307693483, 298.26232207422254, 397.29200000000003, 513.507525, 619.9511026725769, 688.257675, 810.1696700055121, 894.7864524730683, 1038.0825, 1197.1730500574113, 1254.479525, 1343.1176057065964, 1457.438842276001, 1557.4389117256164, 1655.09195, 1758.8390206339836, 1889.300578007889, 2015.8714019345284, 2158.5436456853868, 2252.3725492038725, 2352.3731228365896, 2460.8052000000002, 2634.6291859394073, 2776.651052699089, 2759.141150486088, 2906.33959923172, 3012.449480180359, 2998.6920818798067, 3150.9954, 3291.5084648384095, 3396.151474382782, 3500.934203741932, 3682.1801882694244, 3807.486555857277, 3884.0955999389644, 3928.0743944210053, 4096.507527033806, 4244.206895539856, 4352.828056097031, 4520.473821687508, 4620.474421910859, 4769.661387240314, 4810.002, 4913.208364919663, 5059.034827615929, 5159.035430097962, 5150.065978505135, 5204.920072465324, 5322.624525, 5534.489914207458]
shares:[0, 8.3195, 16.132, 24.2687, 32.432, 40.2751, 48.021, 56.1843, 64.0957, 72.1602, 79.8525, 87.1305, 94.6777, 102.2938, 109.8296, 117.3654, 124.9126, 132.4427, 139.8446, 147.1439, 154.2919, 161.4604, 168.6289, 175.7718, 182.7066, 189.5325, 196.6601, 203.6678, 210.6608, 217.9282, 225.0711, 232.1233, 239.1656, 246.1979, 253.0708, 259.8967, 266.7648, 273.7334, 280.5827, 287.3532, 294.11, 300.7634, 307.4168, 314.0001, 320.6668, 327.329, 333.9297, 340.5304, 347.2735, 354.0762, 360.8559, 367.496]
growth_rate:8.52
