ticker:CBNK
price:[10.75, 10.359999656677246, 9.65999984741211, 9.260000228881836, 9.609999656677246, 10.520000457763672, 10.039999961853027, 10.569999694824219, 10.520000457763672, 10.640000343322754, 12.010000228881836, 12.3100004196167, 12.390000343322754, 12.270000457763672, 12.779999732971191, 13.649999618530273, 13.640000343322754, 13.930000305175781, 14.399999618530273, 14.460000038146973, 14.649999618530273, 14.739999771118164, 14.529999732971191, 15.460000038146973, 15.5, 15.949999809265137, 18.0, 20.18000030517578, 20.040000915527344, 19.93000030517578, 19.18000030517578, 19.559999465942383, 20.639999389648438, 22.770000457763672, 21.969999313354492, 22.299999237060547, 21.829999923706055, 21.5, 21.989999771118164, 24.360000610351562, 20.850000381469727, 20.049999237060547, 21.049999237060547, 20.260000228881836, 19.959999084472656, 19.8799991607666, 21.25, 22.719999313354492, 23.639999389648438, 23.530000686645508, 23.790000915527344, 23.729999542236328]
assets:[0, 99.99989668607712, 193.24346694755553, 285.2413430503845, 396.02231985187535, 533.5228752155303, 609.1800096854209, 741.3374985961914, 837.8307204570771, 947.3877585695267, 1169.3728882854462, 1298.5831752654076, 1407.0220679881095, 1493.3952527149202, 1655.4674894102095, 1868.1635177913663, 1966.7952975048063, 2108.6120061950687, 2279.756099607086, 2389.2547263031006, 2520.64816936512, 2636.1339870662687, 2698.576935406208, 2971.3006953315735, 3078.9882, 3268.378260915756, 3788.4528, 4347.2765657424925, 4417.116801795959, 4492.87178679657, 4423.798022387696, 4611.443958091164, 4966.064349147034, 5578.549924150086, 5482.554009649468, 5664.90448618927, 5645.510855269432, 5660.16955, 5889.168226702881, 6623.881233964538, 5769.455730557441, 5648.0847850799555, 6029.784911455536, 5903.488530693054, 5916.071872640991, 5992.36055503273, 6505.315625, 7055.329994773293, 7441.020767883301, 7506.3972860494605, 7689.339862914277, 7769.9469721138]
shares:[0, 9.6525, 20.0045, 30.8036, 41.2094, 50.7151, 60.6753, 70.136, 79.6417, 89.0402, 97.3666, 105.4901, 113.5611, 121.7111, 129.5358, 136.8618, 144.1932, 151.372, 158.3164, 165.232, 172.0579, 178.8422, 185.7245, 192.1928, 198.6444, 204.914, 210.4696, 215.425, 220.415, 225.4326, 230.6464, 235.7589, 240.6039, 244.9956, 249.5473, 254.0316, 258.6125, 263.2637, 267.8112, 271.9163, 276.7125, 281.7, 286.4506, 291.3864, 296.3964, 301.4266, 306.1325, 310.5339, 314.764, 319.0139, 323.2173, 327.4314]
growth_rate:52.35
