ticker:CBRL
price:[136.2899932861328, 136.7899932861328, 118.27999877929688, 116.33999633789062, 118.30000305175781, 118.26000213623047, 116.97000122070312, 124.98999786376953, 113.81999969482422, 119.94000244140625, 129.72999572753906, 139.13999938964844, 143.05999755859375, 141.13999938964844, 135.0500030517578, 134.77000427246094, 135.0500030517578, 131.9199981689453, 136.5399932861328, 141.05999755859375, 139.88999938964844, 135.30999755859375, 147.77000427246094, 149.5, 153.25, 154.8699951171875, 163.3300018310547, 172.00999450683594, 170.02999877929688, 172.02999877929688, 170.47000122070312, 175.08999633789062, 171.58999633789062, 170.6199951171875, 167.47000122070312, 164.42999267578125, 157.33999633789062, 160.3699951171875, 157.72000122070312, 155.86000061035156, 155.3300018310547, 144.0, 149.1199951171875, 149.49000549316406, 145.57000732421875, 140.88999938964844, 138.77999877929688, 136.17999267578125, 134.91000366210938, 137.22000122070312, 135.89999389648438, 144.4499969482422]
assets:[0, 99.99348509216308, 186.46841807556152, 283.4042310791016, 388.1778000137329, 488.04720281600953, 582.7211520812988, 722.6796686485291, 758.0981079673767, 898.8663602966309, 1072.231387687683, 1250.0059265167238, 1385.2213443603516, 1466.6280756576537, 1503.3496239715575, 1600.2320767303465, 1703.5612534957886, 1764.0737915145874, 1925.8556433029173, 2089.606379833984, 2172.2678665222165, 2201.1418542846677, 2503.829729393005, 2633.1435, 2799.187875, 2928.777451660156, 3188.773290748596, 3458.243738560486, 3518.4307647399905, 3659.8178030303957, 3726.627649685669, 3927.6187978515622, 3949.1094477172855, 4026.7854427612306, 4052.439089538574, 4078.883284313965, 4003.012718829346, 4180.108070727539, 4211.029400592041, 4261.368276687622, 4346.879035241699, 4129.8048, 4376.642032690429, 4487.495627897644, 4469.8289738952635, 4426.1297758255005, 4459.847918771362, 4476.290831249999, 4534.541079089356, 4712.189729919434, 4766.855365911865, 5166.759715843201]
shares:[0, 0.731, 1.5765, 2.436, 3.2813, 4.1269, 4.9818, 5.7819, 6.6605, 7.4943, 8.2651, 8.9838, 9.6828, 10.3913, 11.1318, 11.8738, 12.6143, 13.3723, 14.1047, 14.8136, 15.5284, 16.2674, 16.9441, 17.613, 18.2655, 18.9112, 19.5235, 20.1049, 20.693, 21.2743, 21.8609, 22.432, 23.0148, 23.6009, 24.198, 24.8062, 25.4418, 26.0654, 26.6994, 27.341, 27.9848, 28.6792, 29.3498, 30.0187, 30.7057, 31.4155, 32.1361, 32.8704, 33.6116, 34.3404, 35.0762, 35.7685]
growth_rate:1.31
