ticker:CBSH
price:[57.17142868041992, 52.599998474121094, 53.4571418762207, 51.4952392578125, 54.19047546386719, 57.628570556640625, 55.514286041259766, 60.72380828857422, 59.28571319580078, 59.53333282470703, 65.4857177734375, 65.43809509277344, 64.80952453613281, 63.47999954223633, 62.9900016784668, 62.720001220703125, 66.37999725341797, 65.69999694824219, 70.05000305175781, 70.5, 69.38999938964844, 66.8499984741211, 71.05999755859375, 73.4000015258789, 73.95999908447266, 74.02999877929688, 77.12999725341797, 80.72000122070312, 79.36000061035156, 78.33000183105469, 77.05999755859375, 77.66999816894531, 77.13999938964844, 77.2300033569336, 77.80999755859375, 79.98999786376953, 80.12000274658203, 78.88999938964844, 77.87999725341797, 76.80000305175781, 75.22000122070312, 70.72000122070312, 75.81999969482422, 75.05999755859375, 73.86000061035156, 72.69999694824219, 71.83000183105469, 70.7300033569336, 70.81999969482422, 70.27999877929688, 69.91000366210938, 70.91999816894531]
assets:[0, 99.99785709915162, 201.62964772872922, 294.2283485473633, 409.62580403137207, 535.617223324585, 615.9643121994018, 773.7670547363281, 855.439484273529, 959.0105518066406, 1154.8995700805663, 1254.0621981674194, 1342.0173055221558, 1414.4867417999267, 1503.5713400650025, 1597.1271990844727, 1790.3282679222107, 1871.9900130462645, 2095.938121310425, 2209.3995, 2274.6111189926146, 2291.350547698975, 2535.6552108825686, 2719.154436527252, 2839.901252845764, 2942.58880947876, 3165.8084502662655, 3413.1645316162108, 3455.6598025772096, 3510.8133460693357, 3553.891497406006, 3682.0239331970215, 3756.8953922744754, 3861.276200836945, 3990.2756377990722, 4202.074562778473, 4308.90181971283, 4342.752464401246, 4387.151581278992, 4426.314415885926, 4435.249585977173, 4269.911017703247, 4677.836193171692, 4730.949080120849, 4755.313647296143, 4780.628209321595, 4823.420537956237, 4849.5531691658025, 4955.721544644927, 5017.935688842773, 5091.517602709961, 5265.072296063232]
shares:[0, 1.9011, 3.7718, 5.7137, 7.559, 9.2943, 11.0956, 12.7424, 14.4291, 16.1088, 17.6359, 19.1641, 20.7071, 22.2824, 23.87, 25.4644, 26.9709, 28.493, 29.9206, 31.339, 32.7801, 34.276, 35.6833, 37.0457, 38.3978, 39.7486, 41.0451, 42.284, 43.5441, 44.8208, 46.1185, 47.406, 48.7023, 49.9971, 51.2823, 52.5325, 53.7806, 55.0482, 56.3322, 57.6343, 58.9637, 60.3777, 61.6966, 63.0289, 64.3828, 65.7583, 67.1505, 68.5643, 69.9763, 71.3992, 72.8296, 74.2396]
growth_rate:3.24
