ticker:CBTX
price:[15.8100004196167, 15.829999923706055, 15.779999732971191, 16.059999465942383, 16.84000015258789, 18.209999084472656, 18.260000228881836, 19.8799991607666, 18.899999618530273, 19.0, 22.489999771118164, 22.770000457763672, 22.969999313354492, 23.549999237060547, 23.530000686645508, 25.149999618530273, 26.110000610351562, 25.510000228881836, 26.43000030517578, 27.530000686645508, 28.700000762939453, 26.31999969482422, 27.920000076293945, 27.829999923706055, 27.729999542236328, 29.170000076293945, 30.59000015258789, 31.59000015258789, 31.559999465942383, 31.3799991607666, 30.75, 32.040000915527344, 32.970001220703125, 32.06999969482422, 31.270000457763672, 31.389999389648438, 30.65999984741211, 29.489999771118164, 29.600000381469727, 28.860000610351562, 28.809999465942383, 26.979999542236328, 27.729999542236328, 26.729999542236328, 26.93000030517578, 28.25, 26.959999084472656, 26.299999237060547, 26.6200008392334, 25.969999313354492, 26.459999084472656, 27.219999313354492]
assets:[0, 99.99969251804352, 199.68327262096403, 303.22724391651155, 417.9536477870941, 551.955998249817, 653.4724541910172, 811.4478897447586, 871.4468524110794, 976.0585, 1255.3445582242966, 1370.9726195617677, 1483.0143626680376, 1620.4613175025938, 1719.08537916584, 1937.4402806133269, 2111.395643356323, 2162.8755734058377, 2340.878697029114, 2538.3046053096773, 2746.1796630023955, 2618.447801639557, 2877.625063863373, 2968.3477918624876, 3057.6816755241393, 3316.465656674194, 3577.910423847198, 3794.875128330231, 3891.2721901519776, 3969.0772278501513, 3989.391225, 4256.751217634583, 4480.309950881958, 4458.008966577911, 4446.803574097062, 4563.867347259522, 4557.731617317199, 4483.807015199661, 4600.5326992893215, 4585.519320977783, 4677.5742272907255, 4480.455207981109, 4705.004482330322, 4635.332083617782, 4770.014006054687, 5103.8201500000005, 4970.76061519928, 4949.073366431808, 5109.291227077675, 5084.533718565178, 5280.468549293518, 5532.13822044754]
shares:[0, 6.3171, 12.6542, 18.8809, 24.8191, 30.3106, 35.7871, 40.8173, 46.1083, 51.3715, 55.8179, 60.2096, 64.5631, 68.8094, 73.0593, 77.0354, 80.8654, 84.7854, 88.569, 92.2014, 95.6857, 99.4851, 103.0668, 106.66, 110.2662, 113.6944, 116.9634, 120.129, 123.2976, 126.4843, 129.7363, 132.8574, 135.8905, 139.0087, 142.2067, 145.3924, 148.654, 152.045, 155.4234, 158.8884, 162.3594, 166.0658, 169.672, 173.4131, 177.1264, 180.6662, 184.3754, 188.1777, 191.9343, 195.7849, 199.5642, 203.238]
growth_rate:8.47
