ticker:CCAP
price:[13.050000190734863, 13.1899995803833, 13.503000259399414, 13.8100004196167, 12.62600040435791, 12.729999542236328, 12.800000190734863, 12.399999618530273, 12.800000190734863, 13.899999618530273, 13.859999656677246, 13.430000305175781, 13.6899995803833, 14.699999809265137, 14.890000343322754, 14.65999984741211, 14.998000144958496, 14.569999694824219, 14.880000114440918, 15.354999542236328, 15.600000381469727, 15.5, 15.479999542236328, 15.979999542236328, 16.280000686645508, 16.649999618530273, 16.950000762939453, 17.905000686645508, 17.329999923706055, 17.479999542236328, 17.049999237060547, 18.139999389648438, 18.530000686645508, 18.479999542236328, 18.25, 17.6299991607666, 18.850000381469727, 18.860000610351562, 18.56999969482422, 18.09000015258789, 18.600000381469727, 19.25, 18.8700008392334, 18.829999923706055, 18.8700008392334, 18.899999618530273, 18.850000381469727, 18.399999618530273, 18.639999389648438, 18.75, 18.559999465942383, 18.700000762939453]
assets:[0, 99.99998181867599, 202.37351578769682, 306.9742133274078, 380.6562357908249, 483.79217560310366, 586.4524887388229, 668.1256194459916, 789.6780917671205, 957.5403937213897, 1054.784781872177, 1122.0604094970704, 1243.7830078763961, 1435.5446513735772, 1554.0991158332824, 1630.0937610332487, 1767.6777952849388, 1817.2330129371644, 1955.8971510426522, 2118.3327428482057, 2252.1330550718308, 2337.69605, 2434.6788480033874, 2613.317989138794, 2762.3791205095295, 2925.160177981377, 3077.8658885383607, 3351.2789785194395, 3343.6553842798235, 3472.5959370601654, 3487.1715539588927, 3810.1055178024294, 3992.021815927887, 4081.2506109043125, 4130.4568, 4090.135123299027, 4473.172950524139, 4575.545536074829, 4605.189080319214, 4586.153321683883, 4815.447098760605, 5083.728650000001, 5083.374430080414, 5172.599096042061, 5283.587025984764, 5391.986561170387, 5477.72151585331, 5446.953727073479, 5618.000752043152, 5751.15375, 5792.87464931202, 5936.571432205582]
shares:[0, 7.5815, 14.9873, 22.2284, 30.1486, 38.0041, 45.8166, 53.8811, 61.6936, 68.8878, 76.1028, 83.5488, 90.8534, 97.6561, 104.372, 111.1933, 117.8609, 124.7243, 131.4447, 137.9572, 144.3675, 150.8191, 157.279, 163.5368, 169.6793, 175.6853, 181.585, 187.17, 192.9403, 198.6611, 204.5262, 210.0389, 215.4356, 220.8469, 226.3264, 231.9986, 237.3036, 242.6058, 247.9908, 253.5187, 258.895, 264.0898, 269.3892, 274.6999, 279.9993, 285.2903, 290.5953, 296.0301, 301.3949, 306.7282, 312.1161, 317.4637]
growth_rate:16.4
