ticker:CCB
price:[14.079999923706055, 14.609999656677246, 14.59000015258789, 12.350000381469727, 12.630000114440918, 13.859999656677246, 13.600000381469727, 15.430000305175781, 14.859999656677246, 17.770000457763672, 18.139999389648438, 19.709999084472656, 19.75, 19.729999542236328, 22.190000534057617, 21.479999542236328, 21.350000381469727, 21.0, 21.959999084472656, 21.479999542236328, 21.530000686645508, 19.799999237060547, 22.010000228881836, 23.06999969482422, 24.5, 28.0, 30.0, 31.489999771118164, 29.3799991607666, 26.850000381469727, 26.65999984741211, 27.290000915527344, 26.18000030517578, 28.0, 29.770000457763672, 29.549999237060547, 30.899999618530273, 31.170000076293945, 31.100000381469727, 30.700000762939453, 29.950000762939453, 29.459999084472656, 29.6299991607666, 28.899999618530273, 28.84000015258789, 29.030000686645508, 28.65999984741211, 29.219999313354492, 30.940000534057617, 29.459999084472656, 29.600000381469727, 30.440000534057617]
assets:[0, 99.99960365009308, 199.86257609024048, 269.1781383144379, 375.2815084004402, 511.8289973216057, 602.2270568920135, 783.2623044914246, 854.3281282617569, 1121.6299898937225, 1244.9844381103517, 1452.737308520508, 1555.6857750000001, 1654.1098906223297, 1960.3489691806794, 1997.624921428299, 2085.5342222631452, 2151.345, 2349.6913540397645, 2398.3321648887636, 2503.9153968561172, 2402.7180274177554, 2770.900556814575, 3004.3460782577513, 3290.5705, 3860.6512000000002, 4236.411, 4546.819023951912, 4342.158215967179, 4068.2422477993014, 4139.452854307938, 4337.270799507141, 4260.85526366806, 4657.0636, 5051.457033674621, 5114.1267629604345, 5447.765722745705, 5595.3672346956255, 5682.800439704704, 5709.708941894532, 5670.22099944191, 5677.451481562042, 5810.214684432793, 5767.067173876762, 5855.093946978379, 5993.66747976799, 6017.275875963593, 6234.84949548626, 6701.857823681259, 6481.276394581604, 6612.077685213089, 6899.7192490528105]
shares:[0, 6.8446, 13.6986, 21.7958, 29.7135, 36.9285, 44.2814, 50.7623, 57.4918, 63.1193, 68.632, 73.7056, 78.7689, 83.8373, 88.3438, 92.9993, 97.6831, 102.445, 106.9987, 111.6542, 116.2989, 121.3494, 125.8928, 130.2274, 134.309, 137.8804, 141.2137, 144.3893, 147.793, 151.5174, 155.2683, 158.9326, 162.7523, 166.3237, 169.6828, 173.0669, 176.3031, 179.5113, 182.7267, 185.984, 189.3229, 192.7173, 196.0923, 199.5525, 203.0199, 206.4646, 209.9538, 213.3761, 216.6082, 220.0026, 223.381, 226.6662]
growth_rate:35.29
