ticker:CCBG
price:[20.700000762939453, 19.350000381469727, 20.270000457763672, 17.780000686645508, 19.790000915527344, 21.540000915527344, 21.0, 21.770000457763672, 21.309999465942383, 20.40999984741211, 22.610000610351562, 22.979999542236328, 24.229999542236328, 25.3700008392334, 25.549999237060547, 24.25, 24.799999237060547, 24.579999923706055, 25.860000610351562, 25.5, 24.56999969482422, 22.329999923706055, 24.139999389648438, 23.219999313354492, 24.5, 24.690000534057617, 27.25, 28.729999542236328, 27.65999984741211, 26.81999969482422, 26.100000381469727, 25.940000534057617, 25.690000534057617, 25.709999084472656, 25.270000457763672, 26.1200008392334, 26.170000076293945, 26.459999084472656, 26.799999237060547, 26.149999618530273, 26.350000381469727, 25.399999618530273, 26.329999923706055, 25.579999923706055, 25.65999984741211, 25.18000030517578, 23.899999618530273, 24.34000015258789, 24.6200008392334, 23.8700008392334, 23.09000015258789, 23.309999465942383]
assets:[0, 100.00080197143555, 204.75538262405396, 279.6029567979813, 411.2124710235596, 547.5748252738953, 633.8471999999999, 757.0887749195099, 841.0907619211197, 905.5692422298431, 1103.1803667800903, 1221.233009672928, 1387.6617657836914, 1552.9510283712386, 1663.9692503128053, 1679.305225, 1817.393544090271, 1901.2703680986406, 2100.2794275711058, 2171.0419500000003, 2191.862645775604, 2092.035168852234, 2361.60889828949, 2371.6048158685685, 2602.33855, 2722.5194478895187, 3104.80505, 3373.4334512500764, 3347.7948895317077, 3346.127529925537, 3356.2982290546415, 3435.7245367353444, 3502.6132078142164, 3605.338881614685, 3643.6384070041654, 3866.198940220642, 3973.60047158432, 4117.633615528107, 4270.542358426666, 4266.966042754554, 4399.601593693162, 4340.9818548049925, 4599.922077671242, 4568.894946372986, 4683.183478151321, 4695.579046909333, 4556.883867267227, 4740.777283720016, 4895.312942868805, 4846.1878243846895, 4787.829290639877, 4933.447167969322]
shares:[0, 5.168, 10.1014, 15.7257, 20.7788, 25.4213, 30.1832, 34.7767, 39.4693, 44.3689, 48.7917, 53.1433, 57.2704, 61.2121, 65.126, 69.2497, 73.282, 77.3503, 81.2173, 85.1389, 89.2089, 93.6872, 97.8297, 102.1363, 106.2179, 110.2681, 113.9378, 117.4185, 121.0338, 124.7624, 128.5938, 132.4489, 136.3415, 140.231, 144.1883, 148.0168, 151.838, 155.6173, 159.3486, 163.1727, 166.9678, 170.9048, 174.7027, 178.612, 182.5091, 186.4805, 190.6646, 194.7731, 198.8348, 203.0242, 207.3551, 211.6451]
growth_rate:-3.27
