ticker:CCCC
price:[25.489999771118164, 22.799999237060547, 25.139999389648438, 26.09000015258789, 24.75, 26.969999313354492, 25.829999923706055, 28.5, 35.869998931884766, 33.939998626708984, 29.030000686645508, 32.15999984741211, 35.43000030517578, 33.130001068115234, 33.939998626708984, 38.310001373291016, 39.58000183105469, 36.119998931884766, 44.72999954223633, 41.970001220703125, 43.029998779296875, 42.91999816894531, 41.630001068115234, 44.63999938964844, 38.75, 37.31999969482422, 38.630001068115234, 32.65999984741211, 32.54999923706055, 30.559999465942383, 33.099998474121094, 34.279998779296875, 34.84000015258789, 36.380001068115234, 36.95000076293945, 39.040000915527344, 42.18000030517578, 37.90999984741211, 37.7400016784668, 39.720001220703125, 38.41999816894531, 39.95000076293945, 40.88999938964844, 43.13999938964844, 37.68000030517578, 39.349998474121094, 40.939998626708984, 41.540000915527344, 41.54999923706055]
assets:[0, 100.00079665374756, 210.26341289520263, 318.2092958610535, 401.86574999999993, 537.9112423049927, 615.1750271829604, 778.76535, 1080.1496908359527, 1122.0325965999602, 1059.7111450653076, 1273.9701539554596, 1503.5074929504394, 1505.904320550537, 1642.723085531616, 1954.2353110530853, 2119.0183060302734, 2033.7762718585968, 2618.5702142017362, 2556.9971423706056, 2721.57857479248, 2814.6205159225465, 2830.024124610901, 3134.643077140808, 2821.042625, 2816.9359689651487, 3015.8171423870085, 2649.7417136203767, 2740.8173507579804, 2673.2542892829897, 2995.4406319129944, 3202.2283779693603, 3354.541542691803, 3602.820645778656, 3759.270907621002, 4071.907231490326, 4499.4123385536195, 4143.923128320694, 4225.340395919799, 4547.018635742187, 4498.19801762085, 4777.32895623436, 4989.737112519836, 5364.299306105041, 4785.367574757385, 5097.457827335358, 5403.428872747421, 5582.6188790390015, 5683.960950631333]
shares:[0, 4.386, 8.3637, 12.1966, 16.237, 19.9448, 23.8163, 27.3251, 30.1129, 33.0593, 36.504, 39.6135, 42.436, 45.4544, 48.4008, 51.0111, 53.5376, 56.3061, 58.5417, 60.9244, 63.2484, 65.5783, 67.9804, 70.2205, 72.8011, 75.4806, 78.0693, 81.1311, 84.2033, 87.4756, 90.4967, 93.4139, 96.2842, 99.033, 101.7394, 104.3009, 106.6717, 109.3095, 111.9592, 114.4768, 117.0796, 119.5827, 122.0283, 124.3463, 127.0002, 129.5415, 131.9841, 134.3914, 136.7981]
growth_rate:18.42
