ticker:CCD
price:[22.610000610351562, 22.540000915527344, 23.260000228881836, 22.420000076293945, 23.270000457763672, 24.579999923706055, 24.200000762939453, 24.15999984741211, 22.350000381469727, 24.809999465942383, 25.979999542236328, 26.43000030517578, 26.950000762939453, 27.799999237060547, 27.530000686645508, 28.280000686645508, 28.8700008392334, 28.170000076293945, 28.690000534057617, 28.65999984741211, 29.979999542236328, 28.479999542236328, 31.729999542236328, 33.689998626708984, 32.459999084472656, 31.93000030517578, 30.860000610351562, 31.950000762939453, 32.470001220703125, 31.18000030517578, 32.310001373291016, 33.0, 32.08000183105469, 31.56999969482422, 32.5099983215332, 33.02000045776367, 30.979999542236328, 32.630001068115234, 32.81999969482422, 31.75, 31.43000030517578, 30.850000381469727, 31.229999542236328, 31.40999984741211, 31.610000610351562, 30.06999969482422, 30.209999084472656, 30.809999465942383, 31.5, 30.6200008392334, 30.15999984741211, 30.899999618530273]
assets:[0, 100.00096806182862, 203.1947099994659, 295.8565630067825, 407.0737530078888, 529.9890423549652, 621.7948196029663, 720.7676914478302, 766.7704030872345, 951.1657595252991, 1096.0208386882782, 1215.0056150291443, 1338.9110729038239, 1481.1394793518066, 1566.7543630775451, 1709.4383735055924, 1845.101962635994, 1900.3651071468353, 2035.4436468893052, 2133.3156866420745, 2331.571546399307, 2314.9141707920076, 2679.0812623493193, 2944.5698909717557, 2937.0651131607056, 2989.111013568878, 2988.9422731155396, 3194.514436282349, 3346.507687811279, 3313.5547564315793, 3533.6414581924437, 3709.1043, 3705.698955513001, 3746.787546781158, 3958.349124633408, 4120.44698512268, 3965.882955399704, 4277.107910007477, 4402.011997068023, 4358.497125, 4414.569838864136, 4433.104949816704, 4587.708793754196, 4714.150981098937, 4844.1693735351555, 4708.16810421753, 4830.08945162201, 5026.019807879448, 5238.5791500000005, 5192.230480308723, 5214.226653619767, 5442.160462814903]
shares:[0, 4.4366, 8.7358, 13.1961, 17.4935, 21.5618, 25.694, 29.8331, 34.3074, 38.338, 42.1871, 45.9707, 49.6813, 53.2784, 56.9108, 60.4469, 63.9107, 67.4606, 70.9461, 74.4353, 77.7709, 81.2821, 84.4337, 87.4019, 90.4826, 93.6145, 96.8549, 99.9848, 103.0646, 106.2718, 109.3668, 112.3971, 115.5143, 118.6819, 121.7579, 124.7864, 128.0143, 131.079, 134.1259, 137.2755, 140.4572, 143.6987, 146.9007, 150.0844, 153.248, 156.5736, 159.8838, 163.1295, 166.3041, 169.5699, 172.8855, 176.1217]
growth_rate:6.71
