ticker:CCLP
price:[1.059999942779541, 0.9700000286102295, 1.0, 0.8399999737739563, 0.8799999952316284, 0.8899999856948853, 0.8999999761581421, 0.8899999856948853, 0.8399999737739563, 0.7799999713897705, 0.800000011920929, 0.8100000023841858, 0.9300000071525574, 1.149999976158142, 1.1399999856948853, 1.25, 1.100000023841858, 1.059999942779541, 1.0, 1.2000000476837158, 1.1699999570846558, 1.2699999809265137, 1.600000023841858, 1.7999999523162842, 1.9600000381469727, 1.940000057220459, 2.180000066757202, 2.2100000381469727, 1.840000033378601, 1.899999976158142, 1.8700000047683716, 1.909999966621399, 1.7699999809265137, 1.8799999952316284, 1.6799999475479126, 1.5800000429153442, 1.4700000286102295, 1.5199999809265137, 1.809999942779541, 1.8700000047683716, 2.0, 1.8799999952316284, 1.8799999952316284, 1.8899999856948853, 1.8200000524520874, 1.6299999952316284, 1.5499999523162842, 1.559999942779541, 1.4299999475479126, 1.350000023841858, 1.2000000476837158, 1.2300000190734863]
assets:[0, 100.00001894950866, 203.0928, 270.59792755153177, 383.48358192205427, 487.84138815884586, 593.3227342823147, 686.7303079620718, 748.149924641651, 794.7106148501873, 915.0878536358714, 1026.5264490215184, 1278.604464833647, 1681.069965147972, 1766.4519798339486, 2036.899125, 1892.4712810182095, 1923.653976158142, 1914.768, 2397.7216552768946, 2437.778448582816, 2746.1356907571794, 3559.698613043642, 4104.6608512636185, 4569.519784935379, 4622.892096352578, 5294.796370140267, 5467.66053937769, 4652.260316394532, 4903.964348463356, 4926.533338562322, 5131.913588316178, 4855.752457674503, 5257.52244666499, 4798.211394192732, 4612.603777285743, 4391.473087470103, 4640.842813765096, 5626.266629133939, 5912.772837077165, 6423.8212, 6138.39193243078, 6238.391952177143, 6371.574944774544, 6235.590995708656, 5684.622538370311, 5505.622460626745, 5641.142625084114, 5271.0474456591255, 5076.1639796482805, 4612.145823270202, 4827.449339858771]
shares:[0, 103.0928, 203.0928, 322.1404, 435.7768, 548.1364, 659.2475, 771.6071, 890.6547, 1018.8598, 1143.8598, 1267.3166, 1374.8435, 1461.8, 1549.5193, 1629.5193, 1720.4284, 1814.768, 1914.768, 1998.1013, 2083.5714, 2162.3116, 2224.8116, 2280.3672, 2331.3876, 2382.934, 2428.8056, 2474.0545, 2528.4023, 2581.0339, 2634.5098, 2686.8658, 2743.363, 2796.5545, 2856.0783, 2919.3694, 2987.3966, 3053.1861, 3108.4347, 3161.9106, 3211.9106, 3265.1021, 3318.2936, 3371.2037, 3426.1488, 3487.4985, 3552.0146, 3616.1172, 3686.0473, 3760.1214, 3843.4547, 3924.7555]
growth_rate:-5.34
