ticker:CCMP
price:[152.8000030517578, 142.07000732421875, 140.4600067138672, 137.67999267578125, 142.42999267578125, 156.5500030517578, 155.41000366210938, 152.10000610351562, 142.19000244140625, 160.11000061035156, 135.0, 145.0399932861328, 152.47000122070312, 152.2899932861328, 144.66000366210938, 146.74000549316406, 143.8300018310547, 151.3000030517578, 158.27999877929688, 164.67999267578125, 167.5399932861328, 147.30999755859375, 169.2100067138672, 174.83999633789062, 168.5500030517578, 170.5, 164.5399932861328, 169.14999389648438, 172.30999755859375, 177.47999572753906, 187.7899932861328, 192.97999572753906, 190.11000061035156, 187.07000732421875, 183.42999267578125, 166.49000549316406, 154.63999938964844, 151.3800048828125, 154.3300018310547, 150.4199981689453, 152.9499969482422, 149.9199981689453, 147.13999938964844, 146.0, 148.6999969482422, 139.1999969482422, 141.92999267578125, 144.63999938964844, 124.01000213623047, 125.04000091552734, 121.02999877929688, 132.88999938964844]
assets:[0, 100.00307815551757, 198.86327750549316, 294.92431231079104, 405.099385168457, 545.2636606292725, 641.2993801116943, 727.6464291992187, 780.2392003967285, 978.5763127304077, 925.101, 1093.9061333633422, 1249.9490700073243, 1348.4669745513916, 1380.9099289581297, 1500.768732180786, 1571.011961000061, 1752.598715350342, 1933.4534970886232, 2111.6256740844724, 2248.3029399032594, 2076.820538580322, 2485.576551622009, 2668.2856361114505, 2672.2928783843995, 2803.2075499999996, 2805.22589153595, 2983.822807333374, 3139.557079516602, 3333.748743746948, 3627.407847312927, 3827.661725257873, 3870.7346674270625, 3908.846510040283, 3932.794071966553, 3669.58956207428, 3508.410450152588, 3534.4506300048824, 3703.3335899383546, 3709.5075748443605, 3871.8985827453616, 3895.1914084259033, 3922.958379727173, 3992.5598, 4166.395474493408, 4000.2181523010254, 4178.6744583618165, 4358.466029608154, 3836.819862094116, 3968.682101058197, 3941.4024252471922, 4427.628999664306]
shares:[0, 0.7039, 1.4158, 2.1421, 2.8442, 3.483, 4.1265, 4.784, 5.4873, 6.1119, 6.8526, 7.5421, 8.198, 8.8546, 9.5459, 10.2274, 10.9227, 11.5836, 12.2154, 12.8226, 13.4195, 14.0983, 14.6893, 15.2613, 15.8546, 16.4411, 17.0489, 17.6401, 18.2204, 18.7838, 19.3163, 19.8345, 20.3605, 20.8951, 21.4403, 22.0409, 22.6876, 23.3482, 23.9962, 24.661, 25.3148, 25.9818, 26.6614, 27.3463, 28.0188, 28.7372, 29.4418, 30.1332, 30.9396, 31.7393, 32.5655, 33.318]
growth_rate:-13.18
