ticker:CCNC
price:[1.1510000228881836, 1.1100000143051147, 1.090000033378601, 0.9269999861717224, 0.8600000143051147, 0.8790000081062317, 1.100000023841858, 1.7899999618530273, 1.7300000190734863, 1.909999966621399, 1.6399999856948853, 1.6699999570846558, 1.6200000047683716, 1.7649999856948853, 1.621000051498413, 1.5800000429153442, 1.7300000190734863, 1.940000057220459, 2.549999952316284, 2.059999942779541, 2.0299999713897705, 2.119999885559082, 2.9000000953674316, 6.75, 7.860000133514404, 7.0, 4.849999904632568, 4.699999809265137, 5.21999979019165, 3.809999942779541, 3.799999952316284, 3.890000104904175, 2.7899999618530273, 3.0299999713897705, 3.2100000381469727, 3.119999885559082, 2.5, 2.740000009536743, 2.700000047683716, 2.690000057220459, 2.859999895095825, 2.7100000381469727, 2.0399999618530273, 2.0, 1.9500000476837158, 1.7599999904632568, 1.899999976158142, 1.850000023841858, 1.8799999952316284, 1.5800000429153442, 1.3899999856948853, 1.4299999475479126]
assets:[0, 100.00001228874923, 198.19819406933786, 268.559404693836, 349.14899780769343, 456.8627154132366, 671.7281045593141, 1193.0847365739821, 1253.0931628155233, 1483.4727170752647, 1373.7671440171362, 1498.896938481629, 1554.0198345741628, 1793.1141409670236, 1746.8204544956682, 1802.6380069625498, 2073.7745508636476, 2425.504471540451, 3288.1629735130073, 2756.3198874379154, 2816.1793753095867, 3041.0344718401907, 4259.906130088377, 10015.298325, 11762.258329800366, 10575.2934, 7427.167633956718, 7297.4612838552475, 8204.840040221454, 6088.590220558548, 6172.609722543955, 6418.803204100061, 4703.7172936872485, 5208.338155821204, 5617.7443477601055, 5560.237284051705, 4555.3185, 5092.6292297252185, 5118.284250392151, 5199.327605597734, 5627.9092235695125, 5432.73951547327, 4189.5897416567805, 4207.441, 4202.255172758531, 3892.804586906433, 4302.459506011248, 4289.237080277502, 4458.792228690862, 3847.282882498395, 3484.6347491380575, 3684.9119528382303]
shares:[0, 90.0901, 181.8332, 289.7081, 405.9872, 519.7528, 610.6619, 666.5278, 724.3313, 776.6873, 837.6629, 897.5431, 959.2715, 1015.9287, 1077.619, 1140.9101, 1198.7136, 1250.26, 1289.4757, 1338.0194, 1387.2805, 1434.4503, 1468.9331, 1483.7479, 1496.4705, 1510.7562, 1531.3748, 1552.6514, 1571.8085, 1598.0552, 1624.371, 1650.0779, 1685.9202, 1718.9235, 1750.0761, 1782.1274, 1822.1274, 1858.6238, 1895.6608, 1932.8355, 1967.8005, 2004.7009, 2053.7205, 2103.7205, 2155.0026, 2211.8208, 2264.4524, 2318.5065, 2371.698, 2434.9891, 2506.9315, 2576.8616]
growth_rate:-27.75
