ticker:CCNE
price:[16.530000686645508, 15.5600004196167, 15.449999809265137, 14.350000381469727, 15.609999656677246, 16.690000534057617, 16.459999084472656, 20.06999969482422, 18.139999389648438, 17.8700008392334, 18.479999542236328, 20.049999237060547, 20.559999465942383, 21.059999465942383, 20.639999389648438, 21.68000030517578, 20.940000534057617, 21.290000915527344, 22.68000030517578, 23.520000457763672, 22.950000762939453, 21.030000686645508, 22.809999465942383, 23.299999237060547, 23.799999237060547, 23.209999084472656, 25.0, 26.290000915527344, 25.229999542236328, 25.15999984741211, 24.700000762939453, 24.540000915527344, 24.600000381469727, 25.219999313354492, 25.459999084472656, 25.43000030517578, 25.360000610351562, 24.920000076293945, 24.309999465942383, 24.079999923706055, 24.040000915527344, 22.59000015258789, 22.34000015258789, 23.540000915527344, 22.93000030517578, 23.100000381469727, 23.1299991607666, 23.059999465942383, 25.100000381469727, 25.06999969482422, 25.110000610351562, 24.979999542236328]
assets:[0, 99.99945469675065, 199.29263753967285, 285.1029375789642, 410.137130979538, 538.5128812316894, 631.0911788978576, 869.502631778717, 885.888638192749, 972.7034596813202, 1105.9078526058197, 1299.8615005378724, 1432.9250507789611, 1567.7716462430953, 1636.5063356063843, 1818.965033604431, 1856.8775813581467, 1987.913384485626, 2217.70259384079, 2399.839726707459, 2441.68041617012, 2337.4088683181762, 2635.24836230011, 2791.857168582916, 2951.7687253772733, 2978.5948865081787, 3308.3100000000004, 3579.018193636322, 3534.712843867493, 3624.9068500160215, 3658.6332730087283, 3734.934151341248, 3844.0649396095278, 4040.9475279802323, 4179.401425711059, 4274.477891296387, 4362.711336999512, 4387.0164934310915, 4379.628728785515, 4438.1920099382405, 4530.8189725494385, 4357.536482433701, 4409.312850116729, 4746.160878589631, 4723.171908860779, 4858.188800227356, 4964.498117871475, 5049.473449056816, 5596.175605050659, 5689.486010742187, 5798.56455594635, 5868.5437984577175]
shares:[0, 6.4267, 12.8992, 19.8678, 26.274, 32.2656, 38.3409, 43.3235, 48.8362, 54.4322, 59.8435, 64.831, 69.6948, 74.4431, 79.2881, 83.9006, 88.6761, 93.3731, 97.7823, 102.034, 106.3913, 111.1464, 115.5304, 119.8222, 124.0239, 128.3324, 132.3324, 136.1361, 140.0996, 144.0742, 148.1228, 152.1978, 156.2628, 160.2279, 164.1556, 168.088, 172.0312, 176.044, 180.1575, 184.3103, 188.47, 192.8967, 197.373, 201.6211, 205.9822, 210.3112, 214.6346, 218.9711, 222.9552, 226.944, 230.9265, 234.9297]
growth_rate:15.07
