ticker:CCNEP
price:[25.674999237060547, 25.649999618530273, 25.649999618530273, 25.239999771118164, 25.25, 25.440000534057617, 25.600000381469727, 25.299999237060547, 25.399999618530273, 25.799999237060547, 25.69099998474121, 25.700000762939453, 25.690000534057617, 25.690000534057617, 25.6299991607666, 25.5, 25.75200080871582, 26.020000457763672, 26.100000381469727, 26.07200050354004, 26.149999618530273, 26.25, 26.350000381469727, 26.110000610351562, 26.5, 26.597999572753906, 26.299999237060547, 26.649999618530273, 26.690000534057617, 26.549999237060547, 26.6299991607666, 27.049999237060547, 27.049999237060547, 27.09000015258789, 27.104999542236328, 27.155000686645508, 27.200000762939453, 27.25, 27.149999618530273, 26.950000762939453, 27.299999237060547, 27.25, 27.360000610351562, 27.483999252319336, 27.350000381469727, 27.350000381469727, 27.66900062561035, 27.5, 28.190000534057617, 27.790000915527344, 27.709999084472656, 27.530000686645508]
assets:[0, 99.99908851280213, 199.99817702560426, 296.80220530853273, 396.9199, 499.9061864944458, 603.0489689861297, 695.982739012146, 798.7334680042267, 911.3127330513001, 1007.4622880016326, 1107.8165228870391, 1207.3863520998002, 1307.3872481786727, 1404.3342920162202, 1497.2121, 1612.0082954235077, 1728.784442414093, 1834.0992268066407, 1932.1307773160936, 2037.9113102714539, 2145.703875, 2253.8789026294708, 2333.3515365448, 2468.2047, 2577.3328596000674, 2648.4572631706237, 2783.701725153923, 2887.8794097854616, 2972.7317295757293, 3081.690077881813, 3230.294678890228, 3330.2958210697175, 3435.2206123493193, 3537.1238357631682, 3643.649845633888, 3749.688745175934, 3856.5807750000004, 3942.4270096071245, 4013.3860286167146, 4165.507593588638, 4257.8778999999995, 4375.066561599731, 4494.895393319893, 4572.980233782578, 4672.9800401773455, 4827.485245451927, 4898.00025, 5120.896832015037, 5148.233840605926, 5233.412954090119, 5299.417765176583]
shares:[0, 3.8986, 7.7972, 11.7592, 15.7196, 19.6504, 23.5566, 27.5092, 31.4462, 35.3222, 39.2146, 43.1057, 46.9983, 50.8909, 54.7926, 58.7142, 62.5974, 66.4406, 70.272, 74.1075, 77.9316, 81.7411, 85.5362, 89.3662, 93.1398, 96.8995, 100.7018, 104.4541, 108.2008, 111.9673, 115.7225, 119.4194, 123.1163, 126.8077, 130.4971, 134.1797, 137.8562, 141.5259, 145.2091, 148.9197, 152.5827, 156.2524, 159.9074, 163.5459, 167.2022, 170.8585, 174.4727, 178.1091, 181.6565, 185.2549, 188.8637, 192.4961]
growth_rate:3.91
