ticker:CCOI
price:[66.72000122070312, 65.58999633789062, 61.93000030517578, 59.06999969482422, 60.400001525878906, 62.72999954223633, 61.06999969482422, 57.66999816894531, 55.79999923706055, 54.09000015258789, 61.13999938964844, 57.540000915527344, 57.36000061035156, 58.27000045776367, 58.41999816894531, 60.88999938964844, 59.560001373291016, 59.869998931884766, 59.36000061035156, 59.540000915527344, 61.06999969482422, 56.95000076293945, 61.04999923706055, 62.470001220703125, 59.5099983215332, 59.849998474121094, 58.369998931884766, 64.43000030517578, 64.4000015258789, 68.08999633789062, 68.41000366210938, 70.4800033569336, 69.06999969482422, 68.41000366210938, 75.51000213623047, 78.0, 77.13999938964844, 73.94000244140625, 75.5999984741211, 75.4800033569336, 76.72000122070312, 77.44999694824219, 77.9800033569336, 75.8499984741211, 75.9800033569336, 77.01000213623047, 77.05999755859375, 77.61000061035156, 77.95999908447266, 72.66999816894531, 71.58000183105469, 71.93000030517578]
assets:[0, 99.99850841674804, 194.41684995803834, 285.4380525253296, 391.86312989959714, 506.9775833003997, 593.5637550338745, 660.5175570281982, 739.0988898944854, 816.4506893032075, 1022.8660757888795, 1062.6372289077758, 1159.3144443359377, 1277.7037810375214, 1380.9903367156983, 1539.378341569519, 1605.7555050243377, 1714.11399141922, 1799.5102905029298, 1904.9644672920228, 2053.918443736267, 2015.3523219989777, 2260.4433767513274, 2413.0224901519773, 2398.6873553455353, 2512.3892209465025, 2550.2611343326566, 2915.03227580719, 3013.6753514053344, 3286.3500552490236, 3401.796888104248, 3604.7279636917115, 3632.6123079498293, 3697.9027479553224, 4181.691061302948, 4419.5892, 4470.856942625427, 4385.388938800049, 4583.847147481537, 4676.57495198822, 4853.399341223145, 4999.58318300171, 5133.797925003052, 5093.570117532348, 5202.297643846894, 5372.8184270401, 5476.307256500244, 5615.3939841613765, 5740.717064583588, 5451.180038647461, 5469.413623910523, 5596.154023742675]
shares:[0, 1.5246, 3.1393, 4.8322, 6.4878, 8.0819, 9.7194, 11.4534, 13.2455, 15.0943, 16.7299, 18.4678, 20.2112, 21.9273, 23.639, 25.2813, 26.9603, 28.6306, 30.3152, 31.9947, 33.6322, 35.3881, 37.0261, 38.6269, 40.3073, 41.9781, 43.6913, 45.2434, 46.7962, 48.2648, 49.7266, 51.1454, 52.5932, 54.055, 55.3793, 56.6614, 57.9577, 59.3101, 60.6329, 61.9578, 63.2612, 64.5524, 65.8348, 67.1532, 68.4693, 69.7678, 71.0655, 72.354, 73.6367, 75.0128, 76.4098, 77.8]
growth_rate:9.73
