ticker:CCRN
price:[6.550000190734863, 5.989999771118164, 6.619999885559082, 6.139999866485596, 6.179999828338623, 7.269999980926514, 7.380000114440918, 7.650000095367432, 7.849999904632568, 7.349999904632568, 7.929999828338623, 7.71999979019165, 9.390000343322754, 9.029999732971191, 9.170000076293945, 9.109999656677246, 9.100000381469727, 8.869999885559082, 9.140000343322754, 9.109999656677246, 9.520000457763672, 8.760000228881836, 9.369999885559082, 9.640000343322754, 9.869999885559082, 11.109999656677246, 11.890000343322754, 13.529999732971191, 12.850000381469727, 12.739999771118164, 12.3100004196167, 12.760000228881836, 13.119999885559082, 13.630000114440918, 13.319999694824219, 16.899999618530273, 15.949999809265137, 15.829999923706055, 15.649999618530273, 16.229999542236328, 17.110000610351562, 17.809999465942383, 17.0, 15.789999961853027, 15.539999961853027, 15.460000038146973, 15.539999961853027, 16.420000076293945, 19.239999771118164, 18.729999542236328, 20.030000686645508, 20.450000762939453]
assets:[0, 100.0000511789322, 210.51732036075592, 295.25294557971955, 397.17622896766665, 567.2286625118256, 675.8109644797325, 800.535789979744, 921.4651738053799, 962.7728125078678, 1138.7463893494605, 1208.5906711538314, 1570.0343494045258, 1609.841262394905, 1734.7998714334487, 1823.4484212808609, 1921.44688054657, 1972.883114545822, 2132.9369861187934, 2225.935494112587, 2426.1149966583253, 2332.4332809419634, 2594.851871307659, 2769.623190638447, 2935.703155961037, 3404.5249637928964, 3743.5463950945855, 4359.897642952824, 4240.775115893173, 4304.472640667534, 4259.188747184944, 4514.886192985535, 4742.265942634964, 5026.6077422046665, 5012.282585163117, 6459.428284196662, 6196.3245109025, 6249.706131879044, 6278.642126957702, 6611.332511528778, 7069.802633195495, 7459.039715330315, 7219.8031, 6805.92262955761, 6798.165679312134, 6863.168638934612, 6998.682960819912, 7495.004270824814, 8882.209386335946, 8746.76556522789, 9453.855868086242, 9752.090023826599]
shares:[0, 16.6945, 31.8002, 48.0868, 64.268, 78.0232, 91.5733, 104.6452, 117.3841, 130.9895, 143.5998, 156.5532, 167.2028, 178.277, 189.1821, 200.159, 211.148, 222.422, 233.3629, 244.3398, 254.844, 266.2595, 276.9319, 287.3053, 297.437, 306.4379, 314.8483, 322.2393, 330.0214, 337.8707, 345.9942, 353.8312, 361.4532, 368.79, 376.2975, 382.2147, 388.4843, 394.8014, 401.1912, 407.3526, 413.1971, 418.8119, 424.6943, 431.0274, 437.4624, 443.9307, 450.3657, 456.4558, 461.6533, 466.9923, 471.9848, 476.8748]
growth_rate:91.22
