ticker:CD
price:[14.0, 15.40999984741211, 13.819999694824219, 13.59000015258789, 13.9399995803833, 15.880000114440918, 15.039999961853027, 15.449999809265137, 19.1299991607666, 18.079999923706055, 19.790000915527344, 19.59000015258789, 19.09000015258789, 23.959999084472656, 18.59000015258789, 17.65999984741211, 18.100000381469727, 16.600000381469727, 19.579999923706055, 20.860000610351562, 21.920000076293945, 23.649999618530273, 18.639999389648438, 19.75, 17.969999313354492, 16.799999237060547, 16.829999923706055, 15.119999885559082, 14.619999885559082, 13.899999618530273, 13.1899995803833, 13.859999656677246, 14.6899995803833, 14.760000228881836, 16.200000762939453, 16.049999237060547, 16.610000610351562, 15.289999961853027, 15.25, 14.6899995803833, 13.949999809265137, 13.59000015258789, 13.170000076293945, 12.479999542236328, 11.850000381469727, 11.270000457763672, 10.0, 10.359999656677246, 11.15999984741211, 11.15999984741211]
assets:[0, 100.0001120098114, 189.68225981140137, 286.52612721710204, 393.905356142807, 548.7238759544373, 619.6976304282189, 736.5911009065628, 1012.0381716018676, 1056.4903315418244, 1256.4137251243592, 1343.7153314662933, 1409.4185292655945, 1868.9709765853881, 1550.089982723236, 1572.543516412735, 1711.7242760757447, 1669.8687383737563, 2069.6412359355927, 2304.940369441223, 2522.0647927782056, 2821.113854496002, 2323.4908359191895, 2561.853475, 2430.961740111351, 2372.685732249069, 2476.923261771584, 2325.2579104004863, 2348.3637976177215, 2332.711835981369, 2313.558901398182, 2531.078487303257, 2782.651701514149, 2895.912044906616, 3278.4395143981938, 3348.082805848312, 3564.9014489959714, 3381.5975515632626, 3472.75135, 3445.2279735877987, 3371.6772888998985, 3384.667001002884, 3380.063398580742, 3302.97539884758, 3236.2386591794966, 3177.840347077179, 2919.7340000000004, 3124.8442204449652, 3466.145292608261, 3566.145587240982]
shares:[0, 6.4893, 13.7252, 21.0836, 28.2572, 34.5544, 41.2033, 47.6758, 52.9032, 58.4342, 63.4873, 68.5919, 73.8302, 78.0038, 83.383, 89.0455, 94.5704, 100.5945, 105.7018, 110.4957, 115.0577, 119.286, 124.6508, 129.7141, 135.2789, 141.2313, 147.1731, 153.7869, 160.6268, 167.821, 175.4025, 182.6175, 189.4249, 196.2, 202.3728, 208.6033, 214.6238, 221.164, 227.7214, 234.5288, 241.6973, 249.0557, 256.6487, 264.6615, 273.1003, 281.9734, 291.9734, 301.6259, 310.5865, 319.5471]
growth_rate:-27.22
