ticker:CDAK
price:[12.100000381469727, 9.5, 8.619999885559082, 9.09000015258789, 8.75, 8.270000457763672, 9.609999656677246, 17.450000762939453, 15.25, 15.779999732971191, 22.979999542236328, 32.29999923706055, 29.3799991607666, 28.299999237060547, 26.600000381469727, 23.8799991607666, 23.979999542236328, 25.0, 19.559999465942383, 16.200000762939453, 15.140000343322754, 16.579999923706055, 16.469999313354492, 15.0, 14.550000190734863, 15.489999771118164, 12.880000114440918, 18.170000076293945, 19.799999237060547, 18.549999237060547, 18.18000030517578, 19.770000457763672, 22.6200008392334, 24.149999618530273, 26.809999465942383, 24.1299991607666, 20.25, 18.1299991607666, 18.059999465942383, 15.979999542236328, 16.690000534057617, 17.299999237060547, 21.6200008392334, 20.110000610351562, 18.299999237060547, 17.239999771118164, 16.799999237060547]
assets:[0, 99.99985000000001, 190.7364614677429, 301.13625205497743, 389.87287499999996, 468.4856019317627, 644.39468297863, 1270.103540530777, 1209.976175, 1352.0272211210251, 2068.921530786896, 3008.014948949432, 2836.0836369878766, 2831.8309336566927, 2761.721099605751, 2579.319305352974, 2690.119512647247, 2904.545, 2372.5164432218553, 2064.9671172496796, 2029.8516400300027, 2322.916019310951, 2407.503796629524, 2292.627, 2323.8489154631616, 2573.981006966591, 2240.276379905224, 3260.3902906900403, 3652.874139246368, 3522.2627251335143, 3552.0066416252134, 3962.6613287532805, 4633.910751924515, 5047.345090272904, 5703.28582439003, 5233.1694379920955, 4491.6990749999995, 4121.45644921875, 4205.54358163662, 3821.183832538223, 4090.9611359052656, 4340.4798485824585, 5524.344776441002, 5238.510366992187, 4867.018387090682, 4685.1044097995755, 4665.531148123931]
shares:[0, 10.5263, 22.1272, 33.1283, 44.5569, 56.6488, 67.0546, 72.7853, 79.3427, 85.6798, 90.0314, 93.1274, 96.5311, 100.0647, 103.8241, 108.0117, 112.1818, 116.1818, 121.2943, 127.4671, 134.0721, 140.1035, 146.1751, 152.8418, 159.7147, 166.1705, 173.9345, 179.4381, 184.4886, 189.8794, 195.3799, 200.4381, 204.859, 208.9998, 212.7298, 216.874, 221.8123, 227.328, 232.8651, 239.1229, 245.1145, 250.8948, 255.5201, 260.4928, 265.9573, 271.7578, 277.7102]
growth_rate:1.42
