ticker:CDC
price:[48.63100051879883, 47.77000045776367, 48.11399841308594, 46.83300018310547, 47.7599983215332, 49.310001373291016, 49.349998474121094, 49.854000091552734, 47.52000045776367, 48.869998931884766, 51.650001525878906, 51.6879997253418, 52.986000061035156, 54.20100021362305, 53.78900146484375, 53.369998931884766, 53.1510009765625, 53.81999969482422, 55.22999954223633, 55.810001373291016, 55.3129997253418, 53.599998474121094, 56.119998931884766, 56.67900085449219, 57.40299987792969, 56.93000030517578, 59.36000061035156, 61.5099983215332, 61.236000061035156, 62.63999938964844, 62.630001068115234, 62.790000915527344, 64.19999694824219, 64.08000183105469, 64.62799835205078, 66.68000030517578, 66.69999694824219, 66.44000244140625, 66.0999984741211, 66.87000274658203, 66.41999816894531, 63.290000915527344, 64.87999725341797, 65.16999816894531, 64.94999694824219, 64.54000091552734, 64.69999694824219, 65.30999755859375, 65.69999694824219, 66.87000274658203, 66.2300033569336, 66.68000030517578]
assets:[0, 100.00171895828247, 200.72197857971193, 295.3757321548462, 401.22219389953614, 514.2441423217774, 614.6591659950257, 720.9386953239441, 787.1878155830384, 909.5488721206665, 1061.288736353302, 1162.0702850250243, 1291.2529256874086, 1420.862960300064, 1510.0616693237305, 1598.298043012619, 1691.7378949829101, 1813.028947719574, 1960.5269087505342, 2081.1158842090604, 2162.5834128616334, 2195.6113774955747, 2398.8381303436277, 2522.731316932678, 2654.9576279541016, 2733.078375650787, 2949.7349583297732, 3156.576244864273, 3242.5135628318785, 3416.855366706848, 3516.311305968475, 3625.2937248596195, 3806.700299047852, 3899.58210342865, 4032.9292787643435, 4260.978711501312, 4362.259840411377, 4445.254735345459, 4522.509015600586, 4675.189494026184, 4743.729553225708, 4620.1827248336795, 4836.252315265656, 4957.866263700867, 5041.126488136291, 5109.302718477631, 5221.969103691101, 5371.205226214599, 5503.28140437317, 5701.282938171387, 5746.717784278107, 5885.7636109375]
shares:[0, 2.0934, 4.1718, 6.307, 8.4008, 10.4288, 12.4551, 14.461, 16.5654, 18.6116, 20.5477, 22.4824, 24.3697, 26.2147, 28.0738, 29.9475, 31.8289, 33.6869, 35.4975, 37.2893, 39.0972, 40.9629, 42.7448, 44.5091, 46.2512, 48.0077, 49.6923, 51.3181, 52.9511, 54.5475, 56.1442, 57.7368, 59.2944, 60.8549, 62.4022, 63.9019, 65.4012, 66.9063, 68.4192, 69.9146, 71.4202, 73.0002, 74.5415, 76.0759, 77.6155, 79.1649, 80.7105, 82.2417, 83.7638, 85.2592, 86.7691, 88.2688]
growth_rate:15.41
