ticker:CDEV
price:[0.6140000224113464, 0.5270000100135803, 0.7400000095367432, 0.5770000219345093, 0.6039999723434448, 0.6819999814033508, 0.6899999976158142, 0.6600000262260437, 0.6200000047683716, 0.6159999966621399, 0.7630000114440918, 1.0199999809265137, 1.2400000095367432, 1.4800000190734863, 1.850000023841858, 1.7200000286102295, 1.6299999952316284, 1.5, 1.9900000095367432, 2.490000009536743, 2.5, 2.3399999141693115, 3.309999942779541, 3.4700000286102295, 3.619999885559082, 3.9600000381469727, 5.0, 5.75, 4.519999980926514, 4.260000228881836, 4.480000019073486, 4.239999771118164, 4.130000114440918, 3.9100000858306885, 4.239999771118164, 4.75, 4.269999980926514, 4.690000057220459, 5.289999961853027, 6.159999847412109, 6.619999885559082, 6.570000171661377, 7.329999923706055, 6.880000114440918, 6.820000171661377, 5.510000228881836, 5.489999771118164, 5.210000038146973, 4.800000190734863, 4.679999828338623, 4.150000095367432, 5.179999828338623]
assets:[0, 99.99999100010992, 240.41741909837722, 287.4606031277418, 400.91192764264343, 552.6853511294782, 659.1684517223478, 730.5089510278165, 786.2356460468769, 881.1631704253257, 1191.4407697701931, 1692.7516783463955, 2157.855084595895, 2675.5045184805394, 3444.380734389424, 3302.3431229306934, 3229.5460485523463, 3071.9749500000003, 4175.486874010324, 5324.604068393326, 5445.987999999999, 5197.444477358866, 7451.940898177195, 7912.155612235904, 8354.179263895036, 9238.826212998296, 11765.1845, 13629.96215, 10814.33544636569, 10292.272590984536, 10923.79774250779, 10438.593660508346, 10267.782025516797, 9820.829716582752, 10749.696859714508, 12142.70335, 11015.651156794644, 12199.158210836124, 13859.817886054801, 16239.220749742126, 17551.889694577887, 17519.323309745978, 19645.911241516496, 18539.819076388645, 18478.135063100002, 15028.81600128727, 15074.263495543672, 14405.449520474911, 13371.81557134819, 13137.519082118653, 11749.72387500987, 14765.91947666831]
shares:[0, 189.7533, 324.8884, 498.1986, 663.7615, 810.3891, 955.3166, 1106.8317, 1268.122, 1430.4597, 1561.5213, 1659.5605, 1740.2057, 1807.7733, 1861.8274, 1919.9669, 1981.3166, 2047.9833, 2098.2346, 2138.3952, 2178.3952, 2221.1302, 2251.3417, 2280.1601, 2307.7844, 2333.0369, 2353.0369, 2370.4282, 2392.5521, 2416.0263, 2438.3477, 2461.9326, 2486.1457, 2511.7211, 2535.306, 2556.3586, 2579.7778, 2601.0998, 2620.0034, 2636.2372, 2651.3429, 2666.5636, 2680.2062, 2694.7411, 2709.4039, 2727.5527, 2745.7676, 2764.9615, 2785.7948, 2807.1623, 2831.2587, 2850.5637]
growth_rate:189.53
