ticker:CDK
price:[45.40999984741211, 43.83000183105469, 43.630001068115234, 43.61000061035156, 44.04999923706055, 43.66999816894531, 45.290000915527344, 46.40999984741211, 43.099998474121094, 46.529998779296875, 47.9900016784668, 47.22999954223633, 46.7400016784668, 50.16999816894531, 50.68000030517578, 50.970001220703125, 51.279998779296875, 51.83000183105469, 52.810001373291016, 51.70000076293945, 50.0, 49.900001525878906, 54.099998474121094, 51.720001220703125, 50.810001373291016, 50.13999938964844, 51.709999084472656, 52.720001220703125, 53.880001068115234, 53.97999954223633, 54.15999984741211, 54.04999923706055, 54.439998626708984, 54.29999923706055, 53.59000015258789, 53.43000030517578, 52.869998931884766, 52.34000015258789, 52.34000015258789, 53.029998779296875, 53.40999984741211, 50.2599983215332, 50.540000915527344, 49.91999816894531, 49.939998626708984, 48.33000183105469, 48.2599983215332, 47.9900016784668, 46.689998626708984, 46.13999938964844, 40.13999938964844, 41.83000183105469]
assets:[0, 99.99814917755127, 199.54180988502503, 299.45243019104004, 402.47162802925106, 498.99960107727054, 617.5110464828491, 732.781410590744, 780.519422367096, 942.6372862701417, 1072.2166125011445, 1155.2363428031922, 1243.251326646042, 1434.485672645569, 1549.0696853279114, 1657.931811706543, 1768.0164139129638, 1886.980059663391, 2022.6600195980072, 2080.144360696793, 2111.7450000000003, 2207.5211775032044, 2493.322859676361, 2483.6358346191405, 2539.936077649307, 2606.4426302719116, 2788.058362637329, 2942.5141481323244, 3107.2596615982056, 3213.024522752762, 3323.7396146358487, 3416.9869017677306, 3541.643106659317, 3632.5341989612575, 3685.035975492477, 3774.0334145561214, 3834.4759775333405, 3896.0378253582003, 3996.0386296497345, 4148.717106500244, 4278.44542477684, 4126.114666205597, 4249.100036972046, 4296.973666387939, 4398.695103041076, 4356.8868360671995, 4450.575653210449, 4525.677912287139, 4503.082283551025, 4550.036057810974, 4058.3546382904055, 4329.221137506103]
shares:[0, 2.2815, 4.5735, 6.8666, 9.1367, 11.4266, 13.6346, 15.7893, 18.1095, 20.2587, 22.3425, 24.4598, 26.5993, 28.5925, 30.5657, 32.5276, 34.4777, 36.4071, 38.3007, 40.2349, 42.2349, 44.2389, 46.0873, 48.0208, 49.9889, 51.9833, 53.9172, 55.814, 57.67, 59.5225, 61.3689, 63.219, 65.0559, 66.8975, 68.7635, 70.6351, 72.5265, 74.4371, 76.3477, 78.2334, 80.1057, 82.0954, 84.074, 86.0772, 88.0796, 90.1487, 92.2208, 94.3046, 96.4464, 98.6137, 101.105, 103.4956]
growth_rate:-15.11
