ticker:CDL
price:[41.80500030517578, 40.790000915527344, 41.2140007019043, 39.814998626708984, 40.82500076293945, 42.481998443603516, 42.5989990234375, 43.112998962402344, 40.49100112915039, 42.07099914550781, 45.082000732421875, 45.20199966430664, 46.560001373291016, 47.57699966430664, 47.21799850463867, 46.84600067138672, 46.61800003051758, 47.11000061035156, 48.439998626708984, 48.94499969482422, 48.512001037597656, 47.02899932861328, 49.20399856567383, 49.71099853515625, 50.349998474121094, 50.209999084472656, 51.99700164794922, 53.97700119018555, 53.689998626708984, 54.77000045776367, 54.810001373291016, 55.060001373291016, 56.26300048828125, 56.18600082397461, 56.680999755859375, 58.400001525878906, 58.560001373291016, 58.33000183105469, 57.97999954223633, 58.61800003051758, 58.290000915527344, 55.810001373291016, 56.95000076293945, 57.16999816894531, 57.005001068115234, 56.709999084472656, 56.84000015258789, 57.220001220703125, 57.689998626708984, 58.750999450683594, 58.14099884033203, 58.540000915527344]
assets:[0, 100.00076624450683, 201.04189542388917, 294.2169138519287, 401.6812650066376, 517.9830070228577, 619.410745300293, 726.8851625061035, 782.6789045261382, 913.21835005188, 1078.577851123047, 1181.449185425949, 1316.944982843399, 1445.7127733993532, 1534.8021541938783, 1622.712671056366, 1714.8151603225708, 1832.9135047470093, 1984.659403734207, 2105.349583872986, 2186.722107570648, 2219.8722321090695, 2422.5391877815246, 2547.499773132324, 2680.2462237739564, 2772.7919684410094, 2971.4778528755187, 3184.62687712059, 3267.6914344184875, 3433.4217886962892, 3535.9302135944367, 3652.0583130886075, 3831.8535375549313, 3926.6092349842074, 4061.2049687072754, 4284.370111942291, 4396.111015093231, 4478.845858596802, 4551.969178061295, 4702.060457847977, 4775.752236009979, 4672.564001975632, 4868.006335214996, 4986.813166281128, 5072.41900504303, 5146.171550920105, 5257.967162115097, 5393.116721054077, 5537.4149011837, 5739.255884138489, 5779.6687845199585, 5919.330732574463]
shares:[0, 2.4516, 4.878, 7.3896, 9.8391, 12.193, 14.5405, 16.86, 19.3297, 21.7066, 23.9248, 26.1371, 28.2849, 30.3868, 32.5046, 34.6393, 36.7844, 38.9071, 40.9715, 43.0146, 45.0759, 47.2022, 49.2346, 51.2462, 53.2323, 55.2239, 57.1471, 58.9997, 60.8622, 62.688, 64.5125, 66.3287, 68.1061, 69.8859, 71.6502, 73.3625, 75.0702, 76.7846, 78.5093, 80.2153, 81.9309, 83.7227, 85.4786, 87.2278, 88.982, 90.7454, 92.5047, 94.2523, 95.9857, 97.6878, 99.4078, 101.116]
growth_rate:16.07
