ticker:CDLX
price:[70.08999633789062, 66.23999786376953, 65.5199966430664, 67.91999816894531, 71.51000213623047, 80.91999816894531, 80.37999725341797, 85.11000061035156, 73.81999969482422, 90.56999969482422, 112.19999694824219, 119.33000183105469, 119.33000183105469, 123.19000244140625, 133.77000427246094, 140.91000366210938, 143.02000427246094, 142.77000427246094, 147.1999969482422, 115.44000244140625, 122.0199966430664, 122.2699966430664, 146.08999633789062, 157.17999267578125, 152.0500030517578, 132.42999267578125, 128.05999755859375, 131.97000122070312, 127.86000061035156, 113.9800033569336, 119.23999786376953, 110.9000015258789, 124.02999877929688, 129.85000610351562, 137.52999877929688, 100.69000244140625, 92.33999633789062, 96.94999694824219, 106.55000305175781, 98.95999908447266, 112.47000122070312, 117.41000366210938, 127.0, 122.63999938964844, 123.44999694824219, 122.55999755859375, 132.8800048828125, 125.95999908447266, 88.33999633789062, 79.81999969482422, 81.20999908447266, 91.16000366210938]
assets:[0, 100.00252477493287, 198.9187098083496, 306.20372774505614, 422.3881296180725, 577.971086921692, 674.1148849655151, 813.7877818359375, 805.8338806686402, 1088.6785673316956, 1448.6814805969238, 1640.7397931762694, 1740.7383347106934, 1897.0521235961914, 2159.9842589874265, 2375.277658731079, 2510.844893006897, 2606.4520289993284, 2787.320262213135, 2285.9313843444825, 2516.22315877533, 2621.3831390296937, 3232.0658609802244, 3577.4166333007815, 3560.661356465149, 3201.2037269531247, 3195.570761077881, 3393.1334893859866, 3387.458926170349, 3119.723875881958, 3363.68879573822, 3228.4210344200133, 3710.6550854797365, 3984.7720623016357, 4320.4498996521, 3263.131392120361, 3092.531115353393, 3346.9271846466063, 3778.3376932174688, 3609.1899186096193, 4201.912986605836, 4486.4710599365235, 4952.9238000000005, 4882.887047698974, 5015.131436022949, 5078.972090826416, 5606.645910021973, 5414.667672644043, 3897.489966430664, 3621.5930261535646, 3784.662071333313, 4348.368638684082]
shares:[0, 1.5097, 3.036, 4.5083, 5.9067, 7.1425, 8.3866, 9.5616, 10.9162, 12.0203, 12.9116, 13.7496, 14.5876, 15.3994, 16.147, 16.8567, 17.5559, 18.2563, 18.9356, 19.8019, 20.6214, 21.4393, 22.1238, 22.76, 23.4177, 24.1728, 24.9537, 25.7114, 26.4935, 27.3708, 28.2094, 29.1111, 29.9174, 30.6875, 31.4146, 32.4077, 33.4907, 34.5222, 35.4607, 36.4712, 37.3603, 38.212, 38.9994, 39.8148, 40.6248, 41.4407, 42.1933, 42.9872, 44.1192, 45.372, 46.6034, 47.7004]
growth_rate:-14.74
