ticker:CDMO
price:[6.789999961853027, 7.179999828338623, 7.929999828338623, 7.5, 7.5, 8.039999961853027, 8.010000228881836, 8.199999809265137, 7.25, 8.350000381469727, 8.920000076293945, 8.989999771118164, 8.9399995803833, 11.260000228881836, 10.5, 11.380000114440918, 11.390000343322754, 11.539999961853027, 13.149999618530273, 13.529999732971191, 14.25, 14.59000015258789, 18.229999542236328, 17.920000076293945, 17.860000610351562, 20.579999923706055, 17.760000228881836, 17.31999969482422, 18.030000686645508, 16.850000381469727, 19.18000030517578, 19.389999389648438, 19.15999984741211, 21.200000762939453, 21.40999984741211, 20.299999237060547, 20.09000015258789, 20.079999923706055, 21.280000686645508, 23.139999389648438, 23.110000610351562, 23.139999389648438, 25.100000381469727, 26.149999618530273, 26.030000686645508, 25.110000610351562, 25.940000534057617, 25.649999618530273, 26.010000228881836, 25.09000015258789, 24.799999237060547, 24.15999984741211]
assets:[0, 100.000165609169, 210.44554244446755, 299.034, 399.03375, 527.764089495945, 625.7948848817825, 740.6387427724837, 754.833025, 969.3590592851639, 1135.5311737123488, 1244.442516316986, 1337.5213832207678, 1784.618830275917, 1764.1648500000001, 2012.0181602334976, 2113.7858777147294, 2241.623066590023, 2654.3629279993056, 2831.067205125904, 3081.7221, 3255.2508020446776, 4167.390656354904, 4196.525329866599, 4282.47451835022, 5034.6767753355025, 4444.793481282234, 4434.675073861695, 4716.466076619529, 4507.7896120525365, 5231.122595233154, 5388.397453385925, 5424.481440800094, 6102.036499598313, 6262.480621367645, 6037.80238307991, 6075.342613143539, 6172.318888548279, 6641.181782292175, 7321.660100880433, 7412.16755776062, 7521.788699601746, 8258.899105518723, 8704.3908580225, 8764.446999197387, 8554.678398939515, 8937.45079200592, 8937.532037080002, 9162.97194563198, 8938.869552362823, 8935.551325109482, 8804.95732039032]
shares:[0, 13.9276, 26.5379, 39.8712, 53.2045, 65.6423, 78.1267, 90.3218, 104.1149, 116.0909, 127.3017, 138.4252, 149.6109, 158.4919, 168.0157, 176.803, 185.5826, 194.2481, 201.8527, 209.2437, 216.2612, 223.1152, 228.6007, 234.1811, 239.7802, 244.6393, 250.2699, 256.0436, 261.5899, 267.5246, 272.7384, 277.8957, 283.1149, 287.8319, 292.5026, 297.4287, 302.4063, 307.3864, 312.0856, 316.4071, 320.7342, 325.0557, 329.0398, 332.8639, 336.7056, 340.6881, 344.5432, 348.4418, 352.2865, 356.2722, 360.3045, 364.4436]
growth_rate:72.65
