ticker:CDNA
price:[31.989999771118164, 33.04999923706055, 34.029998779296875, 32.77000045776367, 41.779998779296875, 53.95500183105469, 51.560001373291016, 50.18000030517578, 49.04999923706055, 54.040000915527344, 54.4900016784668, 61.18000030517578, 57.5, 64.91000366210938, 68.94000244140625, 69.08000183105469, 76.2300033569336, 72.44999694824219, 80.76000213623047, 88.1500015258789, 85.43000030517578, 76.43000030517578, 88.72000122070312, 89.37000274658203, 85.05000305175781, 79.08000183105469, 64.52999877929688, 67.54000091552734, 68.88999938964844, 61.5099983215332, 70.4000015258789, 71.75, 74.2699966430664, 78.95999908447266, 79.06999969482422, 77.70999908447266, 66.0, 74.7300033569336, 80.4000015258789, 80.94000244140625, 91.25, 88.63999938964844, 92.75, 89.98999786376953, 87.54000091552734, 78.83000183105469, 85.48999786376953, 84.04000091552734, 81.54000091552734, 69.8499984741211, 73.5, 79.83000183105469]
assets:[0, 99.9993826915741, 202.96512171936035, 295.4510471271515, 476.6847180725098, 715.5943982849121, 783.8306088771819, 862.8501232475281, 943.4178753257751, 1139.395591303253, 1248.8835934696197, 1502.2137274932861, 1511.85325, 1806.6855689300537, 2018.8528194946289, 2122.9528002716065, 2442.6837355682374, 2421.5614529983523, 2799.3112700462343, 3155.4615296211246, 3158.090821281433, 2925.388833680725, 3495.789848098755, 3621.397629295349, 3546.3469872497562, 3397.411314665222, 2872.320587664795, 3106.2997221069336, 3268.389575042725, 3018.2587116386417, 3554.4890370414732, 3722.6483000000003, 3953.3919213104246, 4303.043590106964, 4409.038066983032, 4433.200027770996, 3865.1712, 4476.431823085022, 4916.074173300171, 5049.094010296631, 5792.23975, 5726.569432568359, 6092.098250000001, 6010.809915312195, 5947.161272197723, 5455.438159718323, 6016.341501663207, 6014.29745351944, 5935.386360642243, 5184.455481745148, 5555.3652, 6133.810037690734]
shares:[0, 3.0257, 5.9643, 9.0159, 11.4094, 13.2628, 15.2023, 17.1951, 19.2338, 21.0843, 22.9195, 24.554, 26.2931, 27.8337, 29.2842, 30.7318, 32.0436, 33.4239, 34.6621, 35.7965, 36.967, 38.2754, 39.4025, 40.5214, 41.6972, 42.9617, 44.5114, 45.992, 47.4436, 49.0694, 50.4899, 51.8836, 53.23, 54.4965, 55.7612, 57.048, 58.5632, 59.9014, 61.1452, 62.3807, 63.4766, 64.6048, 65.683, 66.7942, 67.9365, 69.2051, 70.3748, 71.5647, 72.7911, 74.2227, 75.5832, 76.8359]
growth_rate:20.27
