ticker:CDNS
price:[105.87999725341797, 101.51000213623047, 99.76000213623047, 103.72000122070312, 105.31999969482422, 111.93000030517578, 115.69000244140625, 112.05000305175781, 109.37000274658203, 125.5, 115.81999969482422, 112.79000091552734, 116.58000183105469, 118.33999633789062, 118.5199966430664, 132.02000427246094, 134.0, 136.42999267578125, 136.19000244140625, 134.63999938964844, 137.4199981689453, 130.38999938964844, 135.8000030517578, 145.67999267578125, 139.66000366210938, 141.08999633789062, 126.69000244140625, 125.73999786376953, 125.4800033569336, 132.5800018310547, 141.49000549316406, 145.35000610351562, 147.25999450683594, 142.0800018310547, 131.77000427246094, 129.0500030517578, 124.27999877929688, 123.45999908447266, 126.98999786376953, 126.75, 129.27999877929688, 130.47000122070312, 134.75999450683594, 137.94000244140625, 138.5, 137.6699981689453, 145.6699981689453, 147.64999389648438, 151.07000732421875, 152.6699981689453, 156.6699981689453, 162.47000122070312]
assets:[0, 99.99750310440064, 198.27300424575807, 306.1399556030273, 410.8638508094788, 536.6483864631653, 654.6781548156738, 734.0843899932861, 816.5236295051575, 1036.94375, 1056.9617352149962, 1129.3098841667174, 1267.259593904114, 1386.38855909729, 1488.4926378402708, 1758.044386894226, 1884.4152, 2018.5908856323242, 2115.044356915283, 2190.969782067871, 2336.2086788711545, 2316.6912751556392, 2512.816096469116, 2795.6281954467777, 2780.0999648986813, 2908.570274505615, 2711.7108192565915, 2791.377656576538, 2885.6008971977235, 3148.881107489014, 3460.5059583496095, 3654.9131134765626, 3802.945180140686, 3769.1693285751344, 3595.6608145843506, 3621.4399006393433, 3587.5782967620853, 3663.9100468299866, 3868.6740909210207, 3961.36845, 4140.437592904663, 4278.554938031006, 4519.243795783997, 4725.893453643799, 4845.07625, 4916.044197615051, 5301.717851358033, 5473.783928726196, 5700.566298376465, 5860.940161706543, 6114.5010215377815, 6440.8632463928225]
shares:[0, 0.9851, 1.9875, 2.9516, 3.9011, 4.7945, 5.6589, 6.5514, 7.4657, 8.2625, 9.1259, 10.0125, 10.8703, 11.7153, 12.559, 13.3165, 14.0628, 14.7958, 15.5301, 16.2728, 17.0005, 17.7674, 18.5038, 19.1902, 19.9062, 20.615, 21.4043, 22.1996, 22.9965, 23.7508, 24.4576, 25.1456, 25.8247, 26.5285, 27.2874, 28.0623, 28.8669, 29.6769, 30.4644, 31.2534, 32.0269, 32.7934, 33.5355, 34.2605, 34.9825, 35.7089, 36.3954, 37.0727, 37.7346, 38.3896, 39.0279, 39.6434]
growth_rate:26.29
