ticker:CDTX
price:[3.0799999237060547, 3.1600000858306885, 3.130000114440918, 2.990000009536743, 2.809999942779541, 3.25, 3.0799999237060547, 3.0299999713897705, 2.609999895095825, 2.319999933242798, 2.5399999618530273, 2.4200000762939453, 2.3299999237060547, 2.4000000953674316, 2.0199999809265137, 2.0399999618530273, 2.059999942779541, 2.0, 2.359999895095825, 2.3499999046325684, 2.509999990463257, 2.450000047683716, 2.490000009536743, 2.549999952316284, 2.759999990463257, 2.2699999809265137, 2.309999942779541, 2.6600000858306885, 2.4800000190734863, 2.2899999618530273, 2.700000047683716, 2.299999952316284, 2.140000104904175, 2.2300000190734863, 2.2200000286102295, 2.009999990463257, 2.009999990463257, 2.0299999713897705, 2.0199999809265137, 2.130000114440918, 2.1600000858306885, 2.0299999713897705, 1.9900000095367432, 2.0199999809265137, 1.899999976158142, 1.590000033378601, 1.5299999713897705, 1.5199999809265137, 1.6699999570846558, 1.6799999475479126, 1.9600000381469727, 2.0999999046325684]
assets:[0, 100.00009871616363, 199.05079227781295, 290.14750792543884, 372.6804574110508, 531.036025, 603.2586410568238, 693.4654884520769, 697.3415989716292, 719.8590912863017, 888.1216546617508, 946.1631598291397, 1010.9753168964386, 1141.3481253530979, 1060.6347239851475, 1171.1360301003458, 1282.6177643728256, 1345.26, 1687.4067689932108, 1780.2567627538206, 2001.4657093954324, 2053.6218899691103, 2187.1502723768235, 2339.8526712459325, 2632.5465029036523, 2265.174187967062, 2405.0890114241124, 2869.4966385905504, 2775.3201573447705, 2662.6947076446536, 3239.4217172102453, 2859.5073707165484, 2760.5853693256613, 2976.684528459978, 3063.336081478715, 2873.560909365964, 2973.560820891499, 3103.1484942651273, 3187.862161899185, 3461.4589259777067, 3610.2118314569234, 3492.930412771654, 3524.1043498886825, 3677.2315992784024, 3558.7822253431677, 3078.1389406188487, 3061.982669742465, 3141.969768573475, 3552.032460720539, 3673.302077314067, 4385.519293354225, 4798.770262073135]
shares:[0, 31.6456, 63.5945, 97.0393, 132.6265, 163.3957, 195.8632, 228.8665, 267.1807, 310.2841, 349.6542, 390.9765, 433.895, 475.5617, 525.0667, 574.0863, 622.63, 672.63, 715.0029, 757.5561, 797.3967, 838.213, 878.3736, 917.5893, 953.8212, 997.8741, 1041.1641, 1078.7581, 1119.0807, 1162.7488, 1199.7858, 1243.2641, 1289.9931, 1334.8361, 1379.8811, 1429.6323, 1479.3835, 1528.6446, 1578.1496, 1625.098, 1671.3943, 1720.6554, 1770.9067, 1820.4117, 1873.0433, 1935.9364, 2001.2959, 2067.0854, 2126.9656, 2186.4894, 2237.5098, 2285.1288]
growth_rate:-5.91
