ticker:CDW
price:[114.25, 111.31999969482422, 112.81999969482422, 112.73999786376953, 123.48999786376953, 125.98999786376953, 130.6199951171875, 130.0, 122.5999984741211, 138.0500030517578, 137.58999633789062, 131.9499969482422, 132.22999572753906, 133.5, 130.6999969482422, 134.3699951171875, 129.22999572753906, 131.7899932861328, 134.58999633789062, 133.66000366210938, 135.32000732421875, 131.66000366210938, 150.97000122070312, 155.39999389648438, 160.75, 156.88999938964844, 154.47999572753906, 160.05999755859375, 158.02999877929688, 167.89999389648438, 169.44000244140625, 175.44000244140625, 184.00999450683594, 182.61000061035156, 178.3300018310547, 174.8699951171875, 169.4499969482422, 168.07000732421875, 165.4199981689453, 167.49000549316406, 168.66000366210938, 165.77999877929688, 171.77000427246094, 176.88999938964844, 177.97999572753906, 174.44000244140625, 180.9499969482422, 183.35000610351562, 190.0500030517578, 198.32000732421875, 195.77000427246094, 199.25]
assets:[0, 99.99875572586059, 201.3498534553528, 301.20745229263304, 429.93042756271365, 538.6324388671875, 658.4292713867187, 755.3, 812.3108098899842, 1014.6813274307251, 1111.3006414215088, 1165.75183303833, 1268.2311120224, 1380.4167, 1451.4626761093139, 1592.2172571411134, 1631.3090050674439, 1763.6268691543578, 1901.0971572723388, 1987.9653324676515, 2112.6565503479005, 2155.5112479553222, 2571.653194793701, 2747.1144721038822, 2941.6928500000004, 2971.0572964416506, 3025.4134763259885, 3234.7005086608883, 3293.677037557983, 3599.389699154663, 3732.4074297790526, 3964.575631170654, 4258.230485881043, 4325.830043458557, 4324.449045402527, 4340.553070800781, 4306.012487449646, 4370.946259478759, 4402.024655273438, 4557.118316459656, 4688.950493811036, 4708.88139732666, 4979.028405844116, 5227.4355729629515, 5359.653995339966, 5353.057798919678, 5652.823619664001, 5827.798279000855, 6140.762663606262, 6507.970200347901, 6524.289893385316, 6740.26885]
shares:[0, 0.8983, 1.7847, 2.6717, 3.4815, 4.2752, 5.0408, 5.81, 6.6257, 7.3501, 8.0769, 8.8348, 9.5911, 10.3402, 11.1053, 11.8495, 12.6233, 13.3821, 14.1251, 14.8733, 15.6123, 16.3718, 17.0342, 17.6777, 18.2998, 18.9372, 19.5845, 20.2093, 20.8421, 21.4377, 22.0279, 22.5979, 23.1413, 23.6889, 24.2497, 24.8216, 25.4117, 26.0067, 26.6112, 27.2083, 27.8012, 28.4044, 28.9866, 29.5519, 30.1138, 30.6871, 31.2397, 31.7851, 32.3113, 32.8155, 33.3263, 33.8282]
growth_rate:32.16
