ticker:CDXC
price:[4.519999980926514, 4.389999866485596, 4.460000038146973, 4.03000020980835, 3.930000066757202, 4.96999979019165, 5.0, 4.820000171661377, 4.510000228881836, 4.489999771118164, 5.130000114440918, 4.869999885559082, 5.010000228881836, 4.889999866485596, 5.5, 4.960000038146973, 4.989999771118164, 4.800000190734863, 4.829999923706055, 4.670000076293945, 4.900000095367432, 4.739999771118164, 5.28000020980835, 5.409999847412109, 8.3100004196167, 13.930000305175781, 10.729999542236328, 11.75, 11.899999618530273, 9.020000457763672, 9.6899995803833, 9.470000267028809, 8.199999809265137, 8.149999618530273, 8.880000114440918, 7.53000020980835, 6.900000095367432, 7.880000114440918, 8.300000190734863, 8.9399995803833, 10.289999961853027, 9.0, 9.15999984741211, 9.40999984741211, 9.4399995803833, 9.079999923706055, 9.420000076293945, 8.6899995803833, 8.739999771118164, 8.539999961853027, 8.079999923706055, 8.420000076293945]
assets:[0, 99.99980695867538, 201.59423172426222, 282.15804668960567, 375.1566273726225, 574.434563750267, 677.902, 753.4976128353596, 805.0359428554535, 901.4657850469589, 1129.95998820734, 1172.6911024427413, 1306.4031506830215, 1375.1119724545479, 1646.6494, 1584.9784281899451, 1694.5650002735138, 1730.0424687457084, 1840.8549729221343, 1879.8744397115709, 2072.459450335741, 2104.7869443655013, 2444.573041138601, 2604.7612825332644, 4101.029250083065, 6974.529665796661, 5472.3405405387875, 6092.5442, 6270.321618996812, 4852.799032278824, 5313.261267914009, 5292.630682238102, 4682.847691075324, 4754.293312470054, 5280.138644047737, 4577.414839540482, 4294.444139355087, 5004.380040678406, 5371.111063428688, 5885.2687737631795, 6873.9844275168425, 6112.2312, 6320.892702706146, 6593.406221084594, 6714.426261537552, 6558.36772089386, 6903.945373916054, 6468.9260636329645, 6606.146306999206, 6554.976034719849, 6301.8973644954685, 6667.076466410637]
shares:[0, 22.779, 45.2005, 70.0144, 95.4597, 115.5804, 135.5804, 156.3273, 178.5002, 200.7719, 220.2651, 240.799, 260.7591, 281.209, 299.3908, 319.5521, 339.5922, 360.4255, 381.1294, 402.5427, 422.9509, 444.0479, 462.9873, 481.4716, 493.5053, 500.6841, 510.0038, 518.5144, 526.9178, 538.0043, 548.3242, 558.8839, 571.079, 583.3489, 594.6102, 607.8904, 622.3832, 635.0736, 647.1218, 658.3075, 668.0257, 679.1368, 690.0538, 700.6808, 711.274, 722.2872, 732.9029, 744.4104, 755.852, 767.5616, 779.9378, 791.8143]
growth_rate:30.73
