ticker:CDXS
price:[12.239999771118164, 11.40999984741211, 12.180000305175781, 11.8100004196167, 11.699999809265137, 13.819999694824219, 14.069999694824219, 14.420000076293945, 13.3100004196167, 14.5, 15.619999885559082, 17.350000381469727, 18.010000228881836, 17.559999465942383, 17.549999237060547, 19.559999465942383, 22.670000076293945, 21.829999923706055, 23.559999465942383, 25.299999237060547, 25.959999084472656, 23.290000915527344, 27.75, 26.309999465942383, 25.780000686645508, 22.110000610351562, 19.510000228881836, 21.020000457763672, 21.479999542236328, 20.700000762939453, 24.299999237060547, 24.0, 23.600000381469727, 24.06999969482422, 23.18000030517578, 19.34000015258789, 18.290000915527344, 19.559999465942383, 20.5, 20.280000686645508, 21.940000534057617, 22.1200008392334, 22.540000915527344, 22.100000381469727, 22.40999984741211, 19.700000762939453, 20.950000762939453, 21.15999984741211, 25.31999969482422, 23.729999542236328, 22.84000015258789, 26.649999618530273]
assets:[0, 99.99952066268922, 206.74819718017577, 300.46766867580413, 397.66895351715084, 569.72534141922, 680.0312252502441, 796.9472602165223, 835.6004953434943, 1010.30925, 1188.3461612935066, 1419.9622012203217, 1573.9785670030594, 1634.6515702848435, 1733.7205496311187, 2032.2839445114137, 2455.412645263481, 2464.432351387024, 2759.7358774423597, 3063.5541376163483, 3243.473437612915, 3009.880939318085, 3686.268375, 3594.979910026741, 3622.5618704862595, 3206.858809526062, 2929.75235137043, 3256.504652918625, 3427.7697349502564, 3403.297475435257, 4095.1743814250945, 4144.6176, 4175.540987493324, 4358.696638737488, 4297.532650579071, 3685.6025550785066, 3585.5059354766845, 3934.4723765748977, 4223.55145, 4278.226356853294, 4728.416767097855, 4867.209776662064, 5059.626133511352, 5060.858097355843, 5231.84752837677, 4699.169231988907, 5097.340495630646, 5248.435374152756, 6380.2626551002495, 6079.606898721314, 5951.5901397609705, 7044.389069166183]
shares:[0, 8.7642, 16.9744, 25.4418, 33.9888, 41.2247, 48.332, 55.2668, 62.7799, 69.6765, 76.0785, 81.8422, 87.3947, 93.0895, 98.7875, 103.9, 108.3111, 112.892, 117.1365, 121.0891, 124.9412, 129.2349, 132.8385, 136.6393, 140.5183, 145.0411, 150.1667, 154.9241, 159.5796, 164.4105, 168.5257, 172.6924, 176.9297, 181.0842, 185.3983, 190.5689, 196.0364, 201.1489, 206.0269, 210.9579, 215.5158, 220.0366, 224.4732, 228.9981, 233.4604, 238.5365, 243.3098, 248.0357, 251.9851, 256.1992, 260.5775, 264.3298]
growth_rate:38.13
