ticker:CDZI
price:[10.369999885559082, 10.029999732971191, 10.0600004196167, 9.5600004196167, 10.039999961853027, 10.170000076293945, 9.869999885559082, 10.010000228881836, 9.550000190734863, 9.460000038146973, 9.949999809265137, 9.779999732971191, 9.970000267028809, 10.140000343322754, 10.399999618530273, 9.819999694824219, 10.40999984741211, 10.649999618530273, 10.5, 11.010000228881836, 11.050000190734863, 11.15999984741211, 11.180000305175781, 11.449999809265137, 11.329999923706055, 10.869999885559082, 11.0, 11.010000228881836, 9.390000343322754, 9.270000457763672, 9.619999885559082, 10.039999961853027, 10.470000267028809, 11.050000190734863, 11.649999618530273, 12.09000015258789, 12.039999961853027, 12.529999732971191, 13.760000228881836, 13.1899995803833, 13.149999618530273, 12.600000381469727, 13.220000267028809, 14.479999542236328, 13.710000038146973, 13.529999732971191, 13.699999809265137, 13.550000190734863, 13.1899995803833, 14.010000228881836, 14.069999694824219, 13.569999694824219]
assets:[0, 100.00010033769608, 200.29963835477827, 290.34486074409483, 404.92323846149446, 510.1658498271942, 595.1165780997276, 703.5578710870743, 771.226500403118, 863.9581534838677, 1008.7090906637192, 1091.4743761988639, 1212.6790484794617, 1333.3563031451224, 1467.5449861707687, 1485.7011418289185, 1674.9637704486845, 1813.5799150398254, 1888.0365, 2079.7417002347947, 2187.2978127551078, 2309.072044428635, 2413.2097738723755, 2571.4890471639633, 2644.5386811922076, 2637.1695852355006, 2768.7088, 2871.2263946886064, 2548.7569021891595, 2616.185091190338, 2814.962038512802, 3037.8610204576494, 3267.968726346874, 3549.0025962595937, 3841.7085342063906, 4086.803304579544, 4169.901078788281, 4439.60569838686, 4975.416562760353, 4869.312575091361, 4954.54639627304, 4847.322206754494, 5185.841232748032, 5780.104497270584, 5572.736619505691, 5599.57169148655, 5769.928909669589, 5806.755021738052, 5752.479333994961, 6210.102122454643, 6336.697320558166, 6211.512662309266]
shares:[0, 9.9701, 19.9105, 30.3708, 40.331, 50.1638, 60.2955, 70.2855, 80.7567, 91.3275, 101.3778, 111.6027, 121.6328, 131.4947, 141.1101, 151.2934, 160.8995, 170.2892, 179.813, 188.8957, 197.9455, 206.9061, 215.8506, 224.5842, 233.4103, 242.6099, 251.7008, 260.7835, 271.4331, 282.2206, 292.6156, 302.5758, 312.1269, 321.1767, 329.7604, 338.0317, 346.3373, 354.3181, 361.5855, 369.167, 376.7716, 384.7081, 392.2724, 399.1785, 406.4724, 413.8634, 421.1627, 428.5428, 436.1243, 443.2621, 450.3694, 457.7386]
growth_rate:21.79
