ticker:CECE
price:[8.140000343322754, 8.050000190734863, 8.329999923706055, 7.139999866485596, 7.449999809265137, 7.989999771118164, 7.860000133514404, 7.630000114440918, 7.079999923706055, 5.96999979019165, 7.900000095367432, 7.190000057220459, 7.699999809265137, 7.519999980926514, 7.210000038146973, 7.25, 6.849999904632568, 6.960000038146973, 7.25, 7.630000114440918, 7.489999771118164, 6.929999828338623, 7.190000057220459, 8.029999732971191, 8.039999961853027, 8.199999809265137, 8.640000343322754, 9.180000305175781, 8.319999694824219, 8.199999809265137, 8.15999984741211, 8.210000038146973, 7.710000038146973, 7.579999923706055, 7.300000190734863, 7.380000114440918, 7.5, 8.119999885559082, 7.630000114440918, 7.949999809265137, 8.289999961853027, 7.46999979019165, 7.340000152587891, 7.360000133514404, 7.340000152587891, 6.949999809265137, 7.03000020980835, 7.039999961853027, 6.949999809265137, 6.75, 7.269999980926514, 7.590000152587891]
assets:[0, 100.00032236938476, 203.47857413635253, 274.4101868686676, 386.3242101093292, 514.3258732666015, 605.9572782931328, 688.2260103225708, 738.6160360406875, 722.8159335975171, 1056.4899227537633, 1061.5395174480914, 1236.8363393626212, 1307.9235166826247, 1354.0062831638336, 1461.518075, 1480.8822993827819, 1604.6628087949753, 1771.523725, 1964.3763384633064, 2028.332384017563, 1976.6812730360987, 2150.842501117134, 2502.123023794651, 2605.238975639057, 2757.084295869255, 3005.025815408993, 3292.8394874656674, 3084.3595028663635, 3139.8734069654465, 3224.556947702408, 3344.31560153904, 3240.6425440338135, 3286.0012189258578, 3264.618485298157, 3400.39483072958, 3555.6855, 3949.622348335171, 3811.283484164715, 4071.1273273262977, 4345.238298005103, 4015.4319042193893, 4045.5519181011205, 4156.575531402541, 4245.280662253189, 4119.7138569391245, 4267.135609351444, 4373.205032303334, 4417.297558772278, 4390.1811, 4828.387935332298, 5140.91658735199]
shares:[0, 12.4224, 24.4272, 38.4328, 51.8556, 64.3712, 77.0938, 90.2, 104.3243, 121.0747, 133.7329, 147.6411, 160.6281, 173.926, 187.7956, 201.5887, 216.1872, 230.555, 244.3481, 257.4543, 270.8054, 285.2354, 299.1436, 311.5969, 324.0347, 336.2298, 347.8039, 358.6971, 370.7163, 382.9114, 395.1663, 407.3466, 420.3168, 433.5094, 447.208, 460.7581, 474.0914, 486.4067, 499.5129, 512.0915, 524.1542, 537.5411, 551.1651, 564.7521, 578.3761, 592.7646, 606.9894, 621.1939, 635.5824, 650.3972, 664.1524, 677.3276]
growth_rate:0.8
