ticker:CELC
price:[5.28000020980835, 5.150000095367432, 5.769999980926514, 5.804999828338623, 5.670000076293945, 5.78000020980835, 5.599999904632568, 5.150000095367432, 5.739999771118164, 5.690000057220459, 9.329000473022461, 8.8100004196167, 9.890000343322754, 10.125, 11.020000457763672, 10.600000381469727, 10.300000190734863, 9.15999984741211, 11.350000381469727, 12.600000381469727, 14.380000114440918, 14.600000381469727, 14.989999771118164, 16.56999969482422, 17.799999237060547, 14.199999809265137, 12.585000038146973, 13.220000267028809, 15.529999732971191, 14.548999786376953, 14.75, 21.600000381469727, 25.8799991607666, 25.31999969482422, 27.65999984741211, 27.139999389648438, 26.90999984741211, 28.469999313354492, 27.09000015258789, 26.889999389648438, 26.899999618530273, 26.049999237060547, 29.84000015258789, 24.299999237060547, 24.8700008392334, 21.09000015258789, 21.299999237060547, 19.700000762939453, 20.850000381469727, 21.31999969482422, 21.290000915527344, 22.149999618530273]
assets:[0, 100.0001268517971, 212.038844299078, 313.3248657345772, 406.0383444635391, 513.9154246546268, 597.9108698176384, 649.8646070341587, 824.3150531305314, 917.1346932229997, 1603.6822354139326, 1614.4642928962708, 1912.3779383865356, 2057.8181624999997, 2339.7191111904144, 2350.546904590797, 2384.0215641471864, 2220.158627016449, 2850.9611958198548, 3264.9435988473892, 3826.18153845005, 3984.7182441129685, 4191.158966005325, 4732.922152832031, 5184.249777793884, 4235.750603105259, 3854.009017182064, 4148.470455794334, 4973.355068486214, 4759.197520020675, 4924.9483, 7312.127169136811, 8861.011504656219, 8769.272990306092, 9679.702692601395, 9597.726962156677, 9616.390703472136, 10273.863313212776, 9875.86814862709, 9902.957549221801, 10006.641148095512, 9790.446758262253, 11314.853601858902, 9314.172697565842, 9632.653699052047, 8268.583421823883, 8450.915277298736, 7916.10449657402, 8478.212720116615, 8769.32735047531, 8856.987407874298, 9314.761489580154]
shares:[0, 19.4175, 36.7485, 53.975, 71.6117, 88.9127, 106.7698, 126.1873, 143.6089, 161.1836, 171.9029, 183.2536, 193.3648, 203.2413, 212.3157, 221.7497, 231.4584, 242.3754, 251.186, 259.1225, 266.0766, 272.9259, 279.597, 285.632, 291.25, 298.2923, 306.2383, 313.8026, 320.2418, 327.1151, 333.8948, 338.5244, 342.3884, 346.3378, 349.9531, 353.6377, 357.3538, 360.8663, 364.5577, 368.2766, 371.9941, 375.8329, 379.1841, 383.2993, 387.3202, 392.0618, 396.7566, 401.8327, 406.6289, 411.3193, 416.0163, 420.531]
growth_rate:82.64
