ticker:CELH
price:[18.920000076293945, 20.6200008392334, 21.920000076293945, 19.760000228881836, 23.030000686645508, 21.969999313354492, 20.93000030517578, 22.030000686645508, 20.110000610351562, 23.719999313354492, 32.58000183105469, 34.15999984741211, 32.689998626708984, 35.599998474121094, 36.380001068115234, 39.209999084472656, 44.150001525878906, 50.310001373291016, 58.540000915527344, 65.25, 64.68000030517578, 53.400001525878906, 63.959999084472656, 61.7400016784668, 60.81999969482422, 59.529998779296875, 51.869998931884766, 45.189998626708984, 46.22999954223633, 43.4900016784668, 49.560001373291016, 53.540000915527344, 60.7599983215332, 59.630001068115234, 57.29999923706055, 49.06999969482422, 54.150001525878906, 60.040000915527344, 65.54000091552734, 78.12999725341797, 63.810001373291016, 65.4000015258789, 72.37000274658203, 72.36000061035156, 71.44999694824219, 61.52000045776367, 65.30000305175781, 68.62999725341797, 75.72000122070312, 72.62999725341797, 65.98999786376953, 75.55999755859375]
assets:[0, 100.00081807003022, 206.30446471805573, 285.97462731246947, 433.30025091896056, 513.357594955635, 589.0560215888977, 720.0153244419098, 757.2641939834596, 993.2038112487793, 1464.1908942901612, 1635.1982006958008, 1664.8297120613097, 1913.0299980041505, 2054.9461883331296, 2314.801505950928, 2706.4392435379027, 3184.054583913803, 3804.918585506439, 4341.049875, 4403.129828775024, 3735.2393267326356, 4573.894662528991, 4515.138932748795, 4547.8580511802675, 4551.395821670532, 4065.746874277496, 3642.1466863178252, 3825.9670241157532, 3699.2073547683717, 4315.516415581513, 4762.083257431031, 5504.260399947357, 5501.8932345520025, 5386.9104482742305, 4713.188191687775, 5301.122699378968, 5977.738595152283, 6625.333828549194, 7998.034997837067, 6632.124397733689, 6897.385000926209, 7732.474261462403, 7831.407090057372, 7832.920265441894, 6844.315370927811, 7364.854314192199, 7840.4281462249755, 8750.40778506775, 8493.31556381607, 7816.838597953033, 9050.455611572266]
shares:[0, 4.8497, 9.4117, 14.4724, 18.8146, 23.3663, 28.1441, 32.6834, 37.6561, 41.872, 44.9414, 47.8688, 50.9278, 53.7368, 56.4856, 59.036, 61.301, 63.2887, 64.9969, 66.5295, 68.0756, 69.9483, 71.5118, 73.1315, 74.7757, 76.4555, 78.3834, 80.5963, 82.7594, 85.0588, 87.0766, 88.9444, 90.5902, 92.2672, 94.0124, 96.0503, 97.897, 99.5626, 101.0884, 102.3683, 103.9355, 105.4646, 106.8464, 108.2284, 109.628, 111.2535, 112.7849, 114.242, 115.5627, 116.9395, 118.4549, 119.7784]
growth_rate:77.46
