ticker:CELU
price:[10.619999885559082, 10.619999885559082, 10.600000381469727, 10.460000038146973, 10.520000457763672, 10.510000228881836, 10.539999961853027, 10.34000015258789, 10.199999809265137, 10.199999809265137, 10.380000114440918, 10.300000190734863, 10.470000267028809, 10.479999542236328, 11.9399995803833, 11.1899995803833, 11.800000190734863, 11.0, 10.449999809265137, 10.5, 10.350000381469727, 10.210000038146973, 10.220000267028809, 10.170000076293945, 10.199999809265137, 10.109999656677246, 10.069999694824219, 10.09000015258789, 10.069999694824219, 10.0600004196167, 10.09000015258789, 10.109999656677246, 10.100000381469727, 10.109999656677246, 10.109999656677246, 10.130000114440918, 10.109999656677246, 10.100000381469727, 10.130000114440918, 10.149999618530273, 10.170000076293945, 10.199999809265137, 10.15999984741211, 10.1899995803833, 10.210000038146973, 10.199999809265137, 9.75, 8.800000190734863, 7.699999809265137, 6.5, 6.050000190734863, 8.149999618530273]
assets:[0, 100.00004292240143, 199.81212719078064, 297.17278508377075, 398.87738935661315, 498.49771885604855, 599.9209878287315, 688.5375081607818, 779.2147054290772, 879.2144835591316, 994.7299429670334, 1087.0630501301764, 1205.0048947326661, 1306.1558789474489, 1588.120240187454, 1588.3644904375076, 1774.9513086902618, 1754.6155, 1766.8849227505684, 1875.33885, 1948.547996817589, 2022.1905655553817, 2124.170845500469, 2213.77815760746, 2320.3081966114046, 2399.8348825046537, 2490.3401275291444, 2595.286272247696, 2690.1420124740603, 2787.4711922693255, 2895.783629792023, 3001.5234240720747, 3098.554877030182, 3201.6225592769624, 3301.6225878810883, 3408.154459502697, 3501.4255000960347, 3597.9625258924484, 3708.649769897461, 3815.971526583481, 3923.4904314334867, 4035.063824546337, 4119.239858135224, 4231.402420753956, 4339.7074242141725, 4435.456657059192, 4339.774725, 4016.9246470644953, 3614.808800458431, 3151.46195, 3033.283755628586, 4186.158469062233]
shares:[0, 9.4162, 18.8502, 28.4104, 37.9161, 47.4308, 56.9185, 66.5897, 76.3936, 86.1975, 95.8314, 105.5401, 115.0912, 124.6332, 133.0084, 141.945, 150.4196, 159.5105, 169.0799, 178.6037, 188.2655, 198.0598, 207.8445, 217.6773, 227.4812, 237.3724, 247.3029, 257.2137, 267.1442, 277.0846, 286.9954, 296.8866, 306.7876, 316.6788, 326.57, 336.4417, 346.3329, 356.2339, 366.1056, 375.9578, 385.7906, 395.5945, 405.437, 415.2505, 425.0448, 434.8487, 445.1051, 456.4687, 469.4557, 484.8403, 501.3692, 513.6391]
growth_rate:-17.92
