ticker:CEMI
price:[3.509999990463257, 4.119999885559082, 4.659999847412109, 4.679999828338623, 4.800000190734863, 5.039999961853027, 4.849999904632568, 4.929999828338623, 4.739999771118164, 4.739999771118164, 4.380000114440918, 5.070000171661377, 5.420000076293945, 6.460000038146973, 5.900000095367432, 5.5, 5.179999828338623, 4.75, 5.099999904632568, 5.909999847412109, 6.309999942779541, 6.590000152587891, 7.53000020980835, 7.25, 6.190000057220459, 5.559999942779541, 4.28000020980835, 4.389999866485596, 4.179999828338623, 3.740000009536743, 3.5199999809265137, 4.090000152587891, 3.609999895095825, 3.809999942779541, 3.990000009536743, 3.4200000762939453, 3.25, 3.180000066757202, 3.190000057220459, 3.059999942779541, 3.240000009536743, 3.0299999713897705, 3.1500000953674316, 2.9000000953674316, 2.619999885559082, 2.4100000858306885, 3.059999942779541, 2.8399999141693115, 3.009999990463257, 2.630000114440918, 2.4600000381469727, 2.990000009536743]
assets:[0, 99.99981322231292, 213.1064530220032, 314.0209684817791, 422.0726567716598, 543.1764198887824, 622.6997327556132, 732.9711754781247, 804.7225591421127, 904.7223343133926, 936.0090904561043, 1183.4627620699882, 1365.1614352165222, 1727.1113721987722, 1677.3930371133326, 1663.67135, 1666.8757707609655, 1628.5056749999999, 1848.5005754339695, 2242.086098112488, 2493.8350223853586, 2704.496522621155, 3190.2668148903845, 3171.637925, 2807.922681956482, 2622.1404530143736, 2118.4824038493634, 2272.9290158727167, 2264.200989015341, 2125.864251420808, 2100.8134286165237, 2541.0021657985685, 2342.7913789200547, 2572.5858753636358, 2794.1255856784105, 2494.9649536581037, 2470.9460750000003, 2517.725620854187, 2625.643111097336, 2618.6417690327166, 2872.6795884555577, 2786.4873576890946, 2996.8433107305527, 2858.9987340190887, 2682.957172809124, 2567.9112444545985, 3360.50111716032, 3218.89651471827, 3511.5770578740835, 3168.2551488623617, 3063.46289350481, 3823.4771631951567]
shares:[0, 24.2718, 45.731, 67.0985, 87.9318, 107.7731, 128.3917, 148.6757, 169.7727, 190.8697, 213.7007, 233.4246, 251.8748, 267.3547, 284.3039, 302.4857, 321.7907, 342.8433, 362.4511, 379.3716, 395.2195, 410.394, 423.6742, 437.4673, 453.6224, 471.608, 494.9725, 517.7515, 541.6749, 568.4129, 596.822, 621.2719, 648.9727, 675.2194, 700.2821, 729.5219, 760.2911, 791.7376, 823.0856, 855.7653, 886.6295, 919.6328, 951.3788, 985.8616, 1024.0295, 1065.5233, 1098.203, 1133.4143, 1166.6369, 1204.6597, 1245.3101, 1278.7549]
growth_rate:-25.03
