ticker:CENH
price:[9.600000381469727, 9.949999809265137, 10.039999961853027, 9.729999542236328, 9.770000457763672, 9.720000267028809, 9.850000381469727, 9.859999656677246, 9.859999656677246, 9.920000076293945, 9.949999809265137, 9.90999984741211, 9.9399995803833, 9.930000305175781, 9.899999618530273, 9.920000076293945, 9.949999809265137, 9.890000343322754, 9.949999809265137, 9.970000267028809, 9.899999618530273, 10.0, 9.989999771118164]
assets:[0, 100.0004830830574, 200.90541923666, 294.7022261352539, 395.9136365501404, 493.8877935681343, 600.4934532558441, 701.103163587761, 801.1032801057816, 905.9777349678039, 1008.7180456635475, 1104.662727991104, 1208.0071550040245, 1306.792012161255, 1402.8438059452058, 1505.6774515800478, 1610.2313541329383, 1700.521274032116, 1810.8382752874375, 1914.4783342759133, 2001.0364328954697, 2121.249, 2219.127600157356]
shares:[0, 10.0503, 20.0105, 30.288, 40.5234, 50.8115, 60.9638, 71.1058, 81.2478, 91.3284, 101.3787, 111.4695, 121.5299, 131.6004, 141.7014, 151.782, 161.8323, 171.9435, 181.9938, 192.0239, 202.1249, 212.1249, 222.1349]
growth_rate:0.87
