ticker:CENHU
price:[10.5, 10.550000190734863, 10.5, 10.270000457763672, 10.09000015258789, 10.029999732971191, 9.989999771118164, 9.899999618530273, 9.920000076293945, 10.039999961853027, 10.020000457763672, 10.0, 9.949999809265137, 9.989999771118164, 10.069999694824219, 10.0600004196167, 10.140000343322754, 10.164999961853027, 10.300000190734863, 10.220000267028809, 10.28499984741211, 10.300000190734863, 10.220000267028809, 10.229999542236328, 10.244999885559082, 10.28499984741211, 10.260000228881836, 10.289999961853027, 10.199999809265137, 10.319999694824219, 10.300000190734863, 10.300000190734863]
assets:[0, 100.00028680791854, 199.52625, 295.1557051559448, 389.98254189758296, 487.66360201692584, 585.7186815805435, 680.4418237810135, 781.8160380128861, 891.2738886136055, 989.4980912052155, 1087.5230000000001, 1182.0858473402022, 1286.8378445171356, 1397.142974658966, 1495.7560723900797, 1607.6504104322435, 1711.6142050766946, 1834.3455739683152, 1920.097880168438, 2032.3097988487243, 2135.273469540882, 2218.6884739700317, 2320.859536148071, 2424.263053419971, 2533.7282254096986, 2627.569642616272, 2735.252803859901, 2811.3290474295613, 2944.403240930176, 3038.6967862704273, 3138.696398122215]
shares:[0, 9.4787, 19.0025, 28.7396, 38.6504, 48.6205, 58.6305, 68.7315, 78.8121, 88.7723, 98.7523, 108.7523, 118.8026, 128.8126, 138.7431, 148.6835, 158.5454, 168.3831, 178.0918, 187.8765, 197.5994, 207.3081, 217.0928, 226.868, 236.6289, 246.3518, 256.0984, 265.8166, 275.6205, 285.3104, 295.0191, 304.7278]
growth_rate:1.25
