ticker:CENTA
price:[36.630001068115234, 36.56999969482422, 35.029998779296875, 34.22999954223633, 36.459999084472656, 38.619998931884766, 38.470001220703125, 37.36000061035156, 35.38999938964844, 36.77000045776367, 37.41999816894531, 37.189998626708984, 37.279998779296875, 35.849998474121094, 35.11000061035156, 35.09000015258789, 34.849998474121094, 36.33000183105469, 37.9900016784668, 37.79999923706055, 39.540000915527344, 39.0, 41.599998474121094, 44.5, 41.880001068115234, 41.5099983215332, 44.63999938964844, 47.88999938964844, 47.709999084472656, 50.619998931884766, 51.439998626708984, 52.459999084472656, 51.279998779296875, 51.54999923706055, 49.27000045776367, 54.540000915527344, 53.290000915527344, 50.45000076293945, 50.45000076293945, 50.63999938964844, 52.0, 49.0, 49.040000915527344, 47.040000915527344, 46.95000076293945, 45.25, 44.91999816894531, 43.310001373291016, 43.189998626708984, 43.22999954223633, 43.11000061035156, 42.5099983215332]
assets:[0, 100.00066416549683, 195.78966917724608, 291.3178341041565, 410.2953076972961, 534.601197214508, 632.5237600708008, 714.2746436691284, 776.6123026062012, 906.8952912902832, 1022.9280379455566, 1116.6408657665254, 1219.3430160736084, 1272.570980835724, 1346.303506404114, 1445.5360652858733, 1535.6477577629091, 1700.8616957244874, 1878.5789899990082, 1969.1834002548217, 2159.829056009674, 2230.332, 2479.0187890701295, 2751.8355, 2689.8184526016234, 2766.056097153855, 3074.624597961426, 3398.4707056869506, 3485.697304111481, 3798.3019918533328, 3959.830518284607, 4138.348995777893, 4145.264853323364, 4267.092426847076, 4178.3620968208315, 4725.285685320282, 4716.985747038269, 4565.60398904419, 4665.605980556488, 4783.175822349548, 5011.6352, 4822.5016000000005, 4926.44079597168, 4825.527933918, 4916.294209889984, 4838.2793249999995, 4902.995340141297, 4827.263457064819, 4913.890265755463, 5018.440956859588, 5104.508598269653, 5133.464887310028]
shares:[0, 2.7345, 5.5892, 8.5106, 11.2533, 13.8426, 16.442, 19.1187, 21.9444, 24.664, 27.3364, 30.0253, 32.7077, 35.4971, 38.3453, 41.1951, 44.0645, 46.817, 49.4493, 52.0948, 54.6239, 57.188, 59.5918, 61.839, 64.2268, 66.6359, 68.876, 70.9641, 73.0601, 75.0356, 76.9796, 78.8858, 80.8359, 82.7758, 84.8054, 86.6389, 88.5154, 90.4976, 92.4798, 94.4545, 96.3776, 98.4184, 100.4576, 102.5835, 104.7134, 106.9233, 109.1495, 111.4584, 113.7738, 116.087, 118.4066, 120.759]
growth_rate:0.66
