ticker:CENT
price:[40.04999923706055, 40.22999954223633, 38.630001068115234, 37.79999923706055, 40.0099983215332, 42.70000076293945, 42.7400016784668, 41.5, 38.959999084472656, 40.849998474121094, 41.470001220703125, 41.18000030517578, 40.369998931884766, 38.689998626708984, 37.709999084472656, 37.58000183105469, 36.790000915527344, 38.61000061035156, 40.939998626708984, 40.97999954223633, 42.5099983215332, 42.290000915527344, 46.08000183105469, 49.41999816894531, 46.349998474121094, 45.599998474121094, 49.5, 52.880001068115234, 52.650001525878906, 56.70000076293945, 56.459999084472656, 57.459999084472656, 56.91999816894531, 57.11000061035156, 54.13999938964844, 59.45000076293945, 57.88999938964844, 54.93000030517578, 54.93000030517578, 54.779998779296875, 55.90999984741211, 53.06999969482422, 55.97999954223633, 51.38999938964844, 52.36000061035156, 50.869998931884766, 49.79999923706055, 48.290000915527344, 48.47999954223633, 48.0, 47.599998474121094, 47.400001525878906]
assets:[0, 99.99970986213684, 196.02407742004394, 291.81221411018373, 408.87417584724426, 536.363249583435, 636.8644910106659, 718.38575, 774.4156938018798, 911.9843859344481, 1025.826832196045, 1118.6547082901, 1196.6515453388213, 1246.8509787433625, 1315.2682030677797, 1410.7344787368772, 1481.0771408569335, 1654.3458621520997, 1854.1807258033753, 1955.991770150757, 2129.019743937683, 2218.000594017029, 2516.7745000076293, 2799.198116287231, 2725.310385280609, 2781.212306934357, 3119.07915, 3432.0601333236696, 3517.130666931915, 3887.6809123115536, 3971.2269556045535, 4141.5615920112605, 4202.642528805542, 4316.670818133545, 4192.184674739075, 4703.351140359498, 4679.931752658082, 4540.640164226532, 4640.640229782104, 4727.9685686431885, 4925.49766555748, 4775.302256539917, 5137.150205992127, 4815.936707801819, 5006.841282363892, 4964.362499763489, 4959.940484013367, 4909.547813079835, 5028.864288515854, 5079.072, 5136.744315335083, 5215.161467884064]
shares:[0, 2.4857, 5.0744, 7.7199, 10.2193, 12.5612, 14.9009, 17.3105, 19.8772, 22.3252, 24.7366, 27.165, 29.6421, 32.2267, 34.8785, 37.5395, 40.2576, 42.8476, 45.2902, 47.7304, 50.0828, 52.4474, 54.6175, 56.641, 58.7985, 60.9915, 63.0117, 64.9028, 66.8021, 68.5658, 70.337, 72.0773, 73.8342, 75.5852, 77.4323, 79.1144, 80.8418, 82.6623, 84.4828, 86.3083, 88.0969, 89.9812, 91.7676, 93.7135, 95.6234, 97.5892, 99.5972, 101.668, 103.7307, 105.814, 107.9148, 110.0245]
growth_rate:2.26
