ticker:CENX
price:[9.819999694824219, 9.6899995803833, 9.199999809265137, 7.110000133514404, 7.130000114440918, 7.96999979019165, 7.659999847412109, 7.599999904632568, 6.579999923706055, 7.260000228881836, 8.880000114440918, 9.649999618530273, 10.399999618530273, 12.039999961853027, 11.619999885559082, 10.970000267028809, 10.479999542236328, 11.029999732971191, 13.270000457763672, 13.100000381469727, 11.460000038146973, 9.75, 11.720000267028809, 14.680000305175781, 13.199999809265137, 13.729999542236328, 16.639999389648438, 18.0, 16.559999465942383, 18.530000686645508, 17.25, 14.930000305175781, 16.920000076293945, 15.529999732971191, 15.65999984741211, 15.8100004196167, 15.109999656677246, 12.739999771118164, 13.609999656677246, 12.859999656677246, 13.140000343322754, 11.4399995803833, 12.670000076293945, 13.1899995803833, 12.710000038146973, 11.539999961853027, 12.430000305175781, 14.5600004196167, 11.470000267028809, 12.279999732971191, 10.739999771118164, 12.399999618530273]
assets:[0, 99.99982666959762, 194.9433959584236, 250.6573667069435, 351.3621276395798, 492.7571920282841, 573.5907465740204, 669.0979116039275, 679.2981361236573, 849.4991607816696, 1139.0571506795884, 1337.8267321149824, 1541.8030634469987, 1884.9330300278664, 1919.180097098732, 1911.82531853714, 1926.429323854065, 2127.5303224939344, 2659.5947237457276, 2725.5231993667603, 2484.312560269547, 2213.6166, 2760.8804629039764, 3558.167833969116, 3299.442912324333, 3531.92018524437, 4380.491487324523, 4838.513400000001, 4551.4313972169875, 5192.877040426636, 4934.167575, 4370.557527336121, 5053.103878784942, 4737.9854985332495, 4877.64677447319, 5024.3675413528445, 4901.909027620983, 4233.04583195076, 4622.115120403576, 4467.405702733898, 4664.673841878891, 4161.177439368916, 4708.577468353272, 5001.825905875683, 4919.803337765979, 4566.918056903458, 5019.133440227509, 5979.209772319794, 4810.270359986114, 5249.96636183939, 4691.583098016929, 5516.725110285187]
shares:[0, 10.3199, 21.1895, 35.2542, 49.2794, 61.8265, 74.8813, 88.0392, 103.2368, 117.0109, 128.2722, 138.6349, 148.2503, 156.5559, 165.1618, 174.2776, 183.8196, 192.8858, 200.4216, 208.0552, 216.7812, 227.0376, 235.57, 242.382, 249.9578, 257.2411, 263.2507, 268.8063, 274.8449, 280.2416, 286.0387, 292.7366, 298.6468, 305.086, 311.4717, 317.7968, 324.4149, 332.2642, 339.6117, 347.3877, 354.998, 363.7393, 371.632, 379.2135, 387.0813, 395.7468, 403.7919, 410.66, 419.3784, 427.5217, 436.8327, 444.8972]
growth_rate:8.17
