ticker:CERE
price:[10.300000190734863, 10.050000190734863, 12.289999961853027, 13.649999618530273, 14.4399995803833, 15.449999809265137, 16.899999618530273, 17.1200008392334, 17.760000228881836, 16.579999923706055, 15.710000038146973, 14.4399995803833, 13.65999984741211, 12.869999885559082, 12.770000457763672, 14.550000190734863, 13.930000305175781, 13.600000381469727, 13.920000076293945, 13.119999885559082, 13.420000076293945, 13.380000114440918, 13.729999542236328, 12.960000038146973, 23.1299991607666, 23.489999771118164, 21.260000228881836, 24.670000076293945, 24.639999389648438, 25.530000686645508, 25.950000762939453, 23.690000534057617, 30.34000015258789, 30.969999313354492]
assets:[0, 99.99951189785004, 222.2880003100395, 346.88607530574797, 466.9621504303932, 599.6237625974655, 755.8998029376984, 865.7396104391098, 998.1031328630447, 1031.788317252159, 1077.6478756167412, 1090.5304283099174, 1131.6230733592988, 1166.1777166302682, 1257.117155063629, 1532.3463650874137, 1567.051205330658, 1629.9274057182313, 1768.2784896917342, 1766.65390459013, 1907.0504528417587, 2001.3656991179466, 2153.7179341941833, 2132.9334782781602, 3906.693866252136, 4067.497823367119, 3781.3546647094727, 4487.865266879082, 4582.406638490295, 4847.925019388008, 5027.680302815628, 4689.817014725304, 6106.29214471016, 6333.086129587174]
shares:[0, 9.9502, 18.0869, 25.4129, 32.3381, 38.8106, 44.7278, 50.5689, 56.1995, 62.2309, 68.5963, 75.5215, 82.8421, 90.6121, 98.443, 105.3159, 112.4947, 119.8476, 127.0315, 134.6535, 142.1051, 149.5789, 156.8622, 164.5782, 168.9016, 173.1587, 177.8624, 181.9159, 185.9743, 189.8913, 193.7449, 197.9661, 201.2621, 204.491]
growth_rate:91.91
