ticker:CERN
price:[72.01000213623047, 70.94999694824219, 69.8499984741211, 69.30999755859375, 71.18000030517578, 72.38999938964844, 74.62999725341797, 73.72000122070312, 70.08999633789062, 72.95999908447266, 75.45999908447266, 73.25, 74.0999984741211, 74.29000091552734, 74.51000213623047, 77.5999984741211, 78.41000366210938, 78.4800033569336, 79.86000061035156, 80.20999908447266, 79.9000015258789, 80.11000061035156, 79.81999969482422, 74.94999694824219, 71.55999755859375, 69.13999938964844, 70.38999938964844, 71.26000213623047, 71.94999694824219, 72.43000030517578, 72.91999816894531, 72.79000091552734, 75.30999755859375, 75.55999755859375, 75.05000305175781, 76.68000030517578, 76.80000305175781, 77.52999877929688, 78.25, 80.3499984741211, 81.2699966430664, 78.80000305175781, 78.44999694824219, 79.45999908447266, 79.56999969482422, 77.45999908447266, 78.41000366210938, 80.38999938964844, 80.0, 79.62999725341797, 78.95999908447266, 76.83999633789062]
assets:[0, 99.99692569885254, 198.44384566497803, 296.91016754150394, 404.92166773605345, 511.80453468475343, 627.6382769012451, 719.9863919219971, 784.5313470092773, 916.6548364974976, 1048.0639272842407, 1117.37015, 1230.3341446647644, 1333.4906584335326, 1437.4395102119445, 1597.0545285964965, 1713.721199038696, 1815.2503256462096, 1947.1704928817749, 2055.7020665359496, 2147.7599810165407, 2253.4061961685184, 2345.2472850334166, 2302.1566112625123, 2298.027669598389, 2320.310723516846, 2462.263295649719, 2592.695413723755, 2717.8032097244263, 2835.931474948883, 2955.119385795593, 3049.8500853599544, 3255.432795465088, 3366.243227233887, 3443.519290023804, 3618.30684240036, 3723.9707079772948, 3859.3658092346195, 3995.21025, 4202.433480194092, 4350.5535872962955, 4318.326847239685, 4399.14633887024, 4555.78342550888, 4662.093809119415, 4638.4674111763, 4795.351957965088, 5016.440468913269, 5092.104, 5168.5521947273255, 5225.067395416259, 5184.778752899169]
shares:[0, 1.4094, 2.841, 4.2838, 5.6887, 7.0701, 8.41, 9.7665, 11.1932, 12.5638, 13.889, 15.2542, 16.6037, 17.9498, 19.2919, 20.5806, 21.8559, 23.1301, 24.3823, 25.629, 26.8806, 28.1289, 29.3817, 30.7159, 32.1133, 33.5596, 34.9803, 36.3836, 37.7735, 39.1541, 40.5255, 41.8993, 43.2271, 44.5506, 45.883, 47.1871, 48.4892, 49.779, 51.057, 52.3016, 53.5321, 54.8011, 56.0758, 57.3343, 58.5911, 59.8821, 61.1574, 62.4013, 63.6513, 64.9071, 66.1736, 67.475]
growth_rate:1.66
