ticker:CERS
price:[5.809999942779541, 6.170000076293945, 6.329999923706055, 6.079999923706055, 6.039999961853027, 6.820000171661377, 6.429999828338623, 6.340000152587891, 5.25, 5.519999980926514, 6.079999923706055, 6.230000019073486, 6.579999923706055, 7.190000057220459, 7.679999828338623, 7.019999980926514, 8.069999694824219, 6.920000076293945, 7.360000133514404, 7.25, 7.260000228881836, 6.590000152587891, 7.539999961853027, 7.550000190734863, 7.489999771118164, 6.139999866485596, 6.199999809265137, 6.389999866485596, 6.110000133514404, 5.960000038146973, 6.079999923706055, 6.130000114440918, 6.179999828338623, 6.079999923706055, 6.099999904632568, 6.139999866485596, 5.75, 5.809999942779541, 5.789999961853027, 5.349999904632568, 5.940000057220459, 5.710000038146973, 5.840000152587891, 5.610000133514404, 5.269999980926514, 4.889999866485596, 4.980000019073486, 5.039999961853027, 6.230000019073486, 6.010000228881836, 5.889999866485596, 6.340000152587891]
assets:[0, 100.00027623653412, 202.5935465581894, 294.5924123033524, 392.6543575201035, 543.3616896765709, 612.2896606537342, 703.7197289367675, 682.7330999999999, 817.8448531740665, 1000.8148034414291, 1125.5061964457989, 1288.7370710573196, 1508.209643002844, 1710.9941377563, 1663.9555094789982, 2012.8378848823547, 1826.0025641319276, 2042.1071090449332, 2111.586425, 2214.498993815231, 2110.1305698589326, 2514.3223172793387, 2617.6567911295892, 2696.853811588669, 2310.7717577522276, 2433.3523651411056, 2607.92316850934, 2593.6480096758364, 2629.973984833145, 2782.926621078873, 2905.8125362485885, 3029.51378384943, 3080.49276134491, 3190.6256901177408, 3311.547527990341, 3201.204975, 3334.608797158718, 3423.130195446968, 3262.9959718348505, 3722.8403878623963, 3678.6897935763363, 3862.442948918152, 3810.3261156833173, 3679.3969926833156, 3514.0893570528506, 3678.765854089737, 3823.0884430636406, 4825.762375774336, 4755.350177100372, 4760.400967091322, 5224.099261730958]
shares:[0, 16.2075, 32.0053, 48.4527, 65.009, 79.6718, 95.2239, 110.9968, 130.0444, 148.1603, 164.6077, 180.6591, 195.8567, 209.7649, 222.7857, 237.0307, 249.4223, 263.8732, 277.4602, 291.2533, 305.0274, 320.2019, 333.4645, 346.7095, 360.0606, 376.3472, 392.4762, 408.1257, 424.4923, 441.2708, 457.7182, 474.0314, 490.2126, 506.66, 523.0534, 539.34, 556.7313, 573.943, 591.2142, 609.9058, 626.7408, 644.2539, 661.3772, 679.2025, 698.1778, 718.6277, 738.708, 758.5493, 774.6007, 791.2396, 808.2175, 823.9904]
growth_rate:2.43
