ticker:CERT
price:[38.08000183105469, 35.54999923706055, 37.81999969482422, 33.720001220703125, 35.130001068115234, 36.34000015258789, 37.33000183105469, 34.41999816894531, 35.72999954223633, 38.869998931884766, 35.84000015258789, 34.650001525878906, 26.3700008392334, 27.440000534057617, 30.940000534057617, 28.170000076293945, 27.450000762939453, 26.959999084472656, 28.059999465942383, 31.110000610351562, 31.809999465942383, 29.469999313354492, 25.760000228881836, 26.610000610351562, 26.309999465942383, 26.229999542236328, 26.920000076293945, 27.610000610351562, 28.31999969482422, 27.260000228881836, 26.979999542236328, 24.59000015258789, 26.450000762939453, 27.209999084472656, 28.56999969482422, 28.90999984741211, 29.56999969482422, 32.83000183105469, 32.90999984741211, 32.90999984741211]
assets:[0, 99.9985928539276, 206.38373833465576, 284.01008228149414, 395.88700803680416, 509.52314213943487, 623.403564578247, 674.8075061019897, 800.4913367443085, 970.8404153221131, 995.1621162368774, 1062.119566772461, 908.3146789073944, 1045.1704123418808, 1278.4841380680084, 1264.0245244234084, 1331.7175720134735, 1407.9455121879578, 1565.3916082063674, 1835.5429230117797, 1976.8451408107758, 1931.4254439981462, 1788.2772478891372, 1947.285251664734, 2025.3306038885116, 2119.171500016403, 2274.917678447342, 2433.2279387893677, 2595.7998440277097, 2598.6413018188478, 2671.9480666656495, 2535.256064731979, 2827.023691544342, 3008.253147782135, 3258.6113121925355, 3397.390433068466, 3574.950866104889, 4069.078463948059, 4178.994055624008, 4278.994381160354]
shares:[0, 2.8129, 5.457, 8.4226, 11.2692, 14.021, 16.6998, 19.6051, 22.4039, 24.9766, 27.7668, 30.6528, 34.445, 38.0893, 41.3214, 44.8713, 48.5143, 52.2235, 55.7873, 59.0017, 62.1454, 65.5387, 69.4207, 73.1787, 76.9795, 80.7919, 84.5066, 88.1285, 91.6596, 95.328, 99.0344, 103.1011, 106.8818, 110.5569, 114.0571, 117.5161, 120.8979, 123.9439, 126.9825, 130.0211]
growth_rate:9.72
