ticker:CETX
price:[1.190000057220459, 1.1299999952316284, 1.0299999713897705, 0.972000002861023, 1.100000023841858, 1.0700000524520874, 1.1100000143051147, 1.059999942779541, 1.0700000524520874, 1.090000033378601, 1.1200000047683716, 1.2300000190734863, 1.2899999618530273, 1.3200000524520874, 1.2599999904632568, 1.2899999618530273, 1.5700000524520874, 1.350000023841858, 1.3700000047683716, 1.5700000524520874, 1.850000023841858, 1.7599999904632568, 1.9500000476837158, 2.240000009536743, 2.559999942779541, 1.8600000143051147, 1.4700000286102295, 2.109999895095825, 2.0799999237060547, 2.0299999713897705, 1.8600000143051147, 1.7000000476837158, 1.4500000476837158, 1.5399999618530273, 1.690000057220459, 1.3899999856948853, 1.3300000429153442, 1.4299999475479126, 1.409999966621399, 1.4700000286102295, 1.559999942779541, 1.440000057220459, 1.4600000381469727, 1.4299999475479126, 1.4900000095367432, 1.399999976158142, 1.2699999809265137, 1.2799999713897705, 1.309999942779541, 1.2699999809265137, 1.2100000381469727, 1.2300000190734863]
assets:[0, 100.0000275780201, 191.1504846904278, 280.38671722530125, 417.31008904495235, 505.9288738009572, 624.8420960526466, 696.6959863912582, 803.2686203767419, 918.282954120183, 1043.5567564429164, 1246.0489363223553, 1406.831775398159, 1539.5489291761758, 1569.5693881201744, 1706.9400755235672, 2177.4388817459944, 1972.320064832425, 2101.539592314541, 2508.3338198008537, 3055.6800043800476, 3007.0252797061207, 3431.6475239147185, 4041.9951212086917, 4719.422870512676, 3528.9557071409226, 2889.013400228119, 4246.814934858465, 4286.433682774544, 4283.394537631083, 4024.6866309535503, 3778.477055983424, 3322.8186592719558, 3629.062424105358, 4082.5427712277888, 3457.8308234139085, 3408.5721229849933, 3764.8555279059174, 3812.20027175467, 4074.4217172994136, 4423.875917733193, 4183.578022240448, 4341.68314343977, 4352.470248352337, 4635.091582666898, 4455.119544129765, 4141.4299328019615, 4274.039584467769, 4474.212318567562, 4437.595325354004, 4327.945318444633, 4499.481519773006]
shares:[0, 88.4956, 185.583, 288.4637, 379.3728, 472.8307, 562.9208, 657.2604, 750.7183, 842.4614, 931.7471, 1013.0479, 1090.5673, 1166.3249, 1245.69, 1323.2094, 1386.9037, 1460.9778, 1533.9705, 1597.6648, 1651.7189, 1708.5371, 1759.8192, 1804.4621, 1843.5246, 1897.288, 1965.3152, 2012.7086, 2060.7855, 2110.0466, 2163.81, 2222.6335, 2291.599, 2356.5341, 2415.7057, 2487.6481, 2562.8361, 2632.7662, 2703.6882, 2771.7154, 2835.818, 2905.2624, 2973.7555, 3043.6856, 3110.7997, 3182.2283, 3260.9685, 3339.0935, 3415.4294, 3494.1696, 3576.8142, 3658.115]
growth_rate:-11.77
