ticker:CETXP
price:[1.7238099575042725, 1.7619049549102783, 1.7714289426803589, 1.8952380418777466, 2.4000000953674316, 1.9047620296478271, 2.3428568840026855, 2.2476189136505127, 1.9047620296478271, 2.04095196723938, 1.9142860174179077, 1.9523810148239136, 2.240000009536743, 1.9047620296478271, 2.057142972946167, 1.9619050025939941, 2.209523916244507, 2.114285945892334, 2.00952410697937, 2.047619104385376, 2.2523810863494873, 2.1904759407043457, 2.095237970352173, 2.4761900901794434, 2.4380950927734375, 2.2380950450897217, 2.1904759407043457, 2.638094902038574, 2.6476190090179443, 3.038094997406006, 3.2899999618530273, 2.4200000762939453, 2.443000078201294, 2.559999942779541, 2.5, 2.4170000553131104, 2.25, 2.380000114440918, 2.444999933242798, 2.440000057220459, 2.2300000190734863, 2.306999921798706, 2.450000047683716, 2.4179999828338623, 2.2179999351501465, 2.450000047683716, 2.065000057220459, 2.0999999046325684, 2.2249999046325684, 2.200000047683716, 2.1549999713897705, 2.0]
assets:[0, 100.00008714485168, 200.54063631453513, 314.5568273341417, 498.3333798019886, 495.5026991543531, 709.4681387560844, 780.6279420423747, 761.5491927881957, 915.9996524167061, 959.1507118840218, 1078.2381440090774, 1337.0810936925889, 1236.973795388031, 1435.931669404721, 1469.453505988884, 1754.9183476202488, 1779.2754349083423, 1791.113151792407, 1925.0676676545381, 2217.5745909459115, 2256.6261236376763, 2258.5121130012276, 2769.1503683196543, 2826.5482505722043, 2694.6829961913586, 2737.3492878702164, 3396.7205092097283, 3508.9834631263016, 4126.495264512205, 4568.645287027359, 3460.523395097923, 3593.412723826408, 3865.508009599161, 3874.91025, 3846.263308921838, 3680.509725, 3993.1615740088464, 4202.2182067644835, 4293.624912689828, 4024.0914534185886, 4263.0396366940495, 4627.285445059657, 4666.847326068592, 4380.838433713103, 4939.068776127815, 4262.929330624342, 4435.1819485847955, 4799.1808367986205, 4845.257665018129, 4846.149928161502, 4597.587]
shares:[0, 56.7568, 113.2084, 165.9722, 207.6389, 260.1389, 302.8218, 347.3133, 399.8133, 448.81, 501.0488, 552.2683, 596.9112, 649.4112, 698.0223, 748.9932, 794.2518, 841.5491, 891.3121, 940.1493, 984.5468, 1030.199, 1077.9263, 1118.3109, 1159.3265, 1204.0074, 1249.6596, 1287.5657, 1325.3355, 1358.2509, 1388.646, 1429.9683, 1470.9016, 1509.9641, 1549.9641, 1591.3377, 1635.7821, 1677.7989, 1718.6987, 1759.6823, 1804.5253, 1847.8716, 1888.6879, 1930.0444, 1975.1301, 2015.9464, 2064.3725, 2111.9915, 2156.9353, 2202.3898, 2248.7935, 2298.7935]
growth_rate:-9.85
