ticker:CEVA
price:[39.31999969482422, 37.18000030517578, 36.86000061035156, 37.68000030517578, 39.04999923706055, 44.810001373291016, 43.41999816894531, 43.439998626708984, 40.31999969482422, 42.119998931884766, 40.75, 38.459999084472656, 39.58000183105469, 40.52000045776367, 39.029998779296875, 39.88999938964844, 42.209999084472656, 45.5, 50.90999984741211, 53.93000030517578, 68.62999725341797, 58.790000915527344, 60.779998779296875, 69.87000274658203, 70.26000213623047, 61.22999954223633, 52.58000183105469, 59.650001525878906, 56.790000915527344, 52.84000015258789, 58.939998626708984, 57.720001220703125, 58.33000183105469, 57.7400016784668, 55.439998626708984, 52.15999984741211, 42.7400016784668, 42.869998931884766, 44.869998931884766, 44.060001373291016, 45.18000030517578, 43.560001373291016, 46.13999938964844, 46.619998931884766, 44.95000076293945, 42.029998779296875, 43.900001525878906, 49.63999938964844, 50.779998779296875, 45.310001373291016, 43.790000915527344, 47.7400016784668]
assets:[0, 99.99932882080078, 199.13983929748534, 303.5689224586487, 414.605556899643, 575.759226645279, 657.8998122558594, 758.2017360305787, 803.746937916565, 939.6297841720581, 1009.0678, 1052.3617249488832, 1183.0066747283936, 1311.1016028118136, 1362.8885273742674, 1492.9191281570434, 1679.7469135665895, 1910.6724000000002, 2237.8559542926787, 2470.60881598053, 3244.0370251731874, 2878.916949832916, 3076.3674822143557, 3636.4541629486084, 3756.753132222748, 3373.9260497760774, 2997.2914563781737, 3500.309809539795, 3432.484198336029, 3293.7391375114444, 3773.9752640670777, 3795.857756277466, 3935.974364555359, 3996.162420166015, 3936.982798477936, 3804.0600848716736, 3217.0527483386995, 3326.8362401111604, 3582.043806730652, 3617.3789847488406, 3809.3336537307737, 3772.7447869411467, 4096.198409814453, 4238.811514884186, 4186.97120606575, 4014.982881390381, 4293.617699237824, 4955.015099075317, 5168.809749746704, 4712.027185815811, 4653.953128301238, 5173.755845901489]
shares:[0, 2.6896, 5.4026, 8.0565, 10.6173, 12.8489, 15.152, 17.454, 19.9342, 22.3084, 24.7624, 27.3625, 29.889, 32.3569, 34.919, 37.4259, 39.795, 41.9928, 43.9571, 45.8114, 47.2685, 48.9695, 50.6148, 52.046, 53.4693, 55.1025, 57.0044, 58.6808, 60.4417, 62.3342, 64.0308, 65.7633, 67.4777, 69.2096, 71.0134, 72.9306, 75.2703, 77.6029, 79.8316, 82.1012, 84.3146, 86.6103, 88.7776, 90.9226, 93.1473, 95.5266, 97.8045, 99.819, 101.7883, 103.9953, 106.2789, 108.3736]
growth_rate:1.45
