ticker:CEY
price:[19.184999465942383, 19.344999313354492, 19.43000030517578, 18.395000457763672, 18.700000762939453, 19.0, 18.856000900268555, 19.290000915527344, 18.469999313354492, 19.579999923706055, 20.290000915527344, 20.770000457763672, 21.260000228881836, 21.6200008392334, 21.75, 22.020000457763672, 21.780000686645508, 22.06999969482422, 23.010000228881836, 22.969999313354492, 22.639999389648438, 22.030000686645508, 22.940000534057617, 23.275999069213867, 23.461999893188477, 22.899999618530273, 23.180999755859375, 23.760000228881836, 23.924999237060547, 23.392000198364258, 23.690000534057617, 23.530000686645508, 24.059999465942383, 24.260000228881836, 24.30500030517578, 24.7549991607666, 24.329999923706055, 24.315000534057617, 24.610000610351562, 25.2549991607666, 25.156999588012695, 24.459999084472656, 24.780000686645508, 24.584999084472656, 24.194000244140625, 24.030000686645508, 23.84000015258789, 23.729999542236328, 23.90999984741211, 23.674999237060547, 23.3700008392334, 24.2450008392334]
assets:[0, 100.00010495052337, 200.43988314819336, 289.7635657108307, 394.5681460979462, 500.89889999999997, 597.1035525083541, 710.8461787376403, 780.6289799791335, 927.5437563858032, 1061.1771928825378, 1186.280653145218, 1314.2677021492004, 1436.521497762108, 1545.15915, 1664.3398965991973, 1746.2006650514602, 1869.4503591499329, 2049.0727343822477, 2145.510488863945, 2214.6877562942504, 2255.017306285858, 2448.1660329948427, 2584.024605867195, 2704.6735394868847, 2739.8864843587876, 2873.5074573364254, 3045.2812133354187, 3166.428191526413, 3195.88758230114, 3336.601542218971, 3414.0666256282807, 3590.966950291633, 3720.8168851041796, 3827.7191525611875, 3998.5883719415665, 4029.9408983629223, 4127.45675165596, 4277.533114086914, 4489.641812807465, 4572.219266922379, 4545.541051862335, 4705.008466374206, 4767.982761943817, 4792.154016357422, 4859.671143862724, 4921.2459354984285, 4998.5393095756535, 5136.456153220368, 5185.973070379257, 5219.163862423897, 5514.5763553853985]
shares:[0, 5.1693, 10.316, 15.7523, 21.0999, 26.3631, 31.6665, 36.8505, 42.2647, 47.372, 52.3005, 57.1151, 61.8188, 66.4441, 71.0418, 75.5831, 80.1745, 84.7055, 89.0514, 93.4049, 97.8219, 102.3612, 106.7204, 111.0167, 115.2789, 119.6457, 123.9596, 128.1684, 132.3481, 136.6231, 140.8443, 145.0942, 149.2505, 153.3725, 157.4869, 161.5265, 165.6367, 169.7494, 173.8128, 177.7724, 181.7474, 185.8357, 189.8712, 193.9387, 198.072, 202.2335, 206.4281, 210.6422, 214.8246, 219.0485, 223.3275, 227.4521]
growth_rate:8.13
