ticker:CFA
price:[54.79899978637695, 53.88999938964844, 54.1609992980957, 53.310001373291016, 54.5620002746582, 56.91899871826172, 57.20000076293945, 57.09000015258789, 53.944000244140625, 57.72800064086914, 59.189998626708984, 59.176998138427734, 60.29399871826172, 61.21799850463867, 60.887001037597656, 61.86000061035156, 61.849998474121094, 62.290000915527344, 64.08399963378906, 63.59299850463867, 64.04000091552734, 61.564998626708984, 64.26000213623047, 65.48100280761719, 65.16000366210938, 63.731998443603516, 64.20999908447266, 66.26000213623047, 66.02999877929688, 67.29000091552734, 67.70999908447266, 68.83999633789062, 70.06999969482422, 70.62999725341797, 70.4000015258789, 71.79000091552734, 71.01000213623047, 70.52999877929688, 71.11000061035156, 71.32499694824219, 71.2699966430664, 69.13999938964844, 71.23999786376953, 71.95999908447266, 72.16999816894531, 71.41000366210938, 72.52999877929688, 72.9800033569336, 73.57499694824219, 74.16000366210938, 73.73999786376953, 74.6500015258789]
assets:[0, 99.99828286743164, 200.4986033016205, 297.3471946598053, 404.3317030353546, 521.7992288497925, 624.3780483280182, 723.1761589328765, 783.3262219451905, 938.2762856163024, 1062.0402263591768, 1161.80425135231, 1283.7315855102538, 1403.4042503192902, 1495.8170431907654, 1619.7236979812624, 1719.4608825798034, 1831.6935379219055, 1984.4507662597657, 2069.246219042587, 2183.7896472198486, 2199.39110643959, 2395.670713640595, 2541.193305058289, 2628.736995739746, 2671.1291455684664, 2791.163713202667, 2980.275506084442, 3069.9327332458497, 3228.5136829261783, 3348.6657147216797, 3504.5478375671387, 3667.162483028412, 3796.468297367096, 3884.108884185791, 4060.801401786804, 4116.68415684433, 4188.854210501098, 4323.303151107788, 4436.372015182495, 4532.949961490631, 4497.473992297363, 4734.0759580421445, 4881.924649888611, 4996.170199240112, 5043.560020648194, 5222.660369100952, 5355.061004322052, 5498.723044422913, 5642.441630630493, 5710.484426568603, 5880.95698020935]
shares:[0, 1.8556, 3.7019, 5.5777, 7.4105, 9.1674, 10.9157, 12.6673, 14.5211, 16.2534, 17.9429, 19.6327, 21.2912, 22.9247, 24.5671, 26.1837, 27.8005, 29.4059, 30.9664, 32.5389, 34.1004, 35.7247, 37.2809, 38.8081, 40.3428, 41.9119, 43.4693, 44.9785, 46.493, 47.9791, 49.456, 50.9086, 52.3357, 53.7515, 55.172, 56.565, 57.9733, 59.3911, 60.7974, 62.1994, 63.6025, 65.0488, 66.4525, 67.8422, 69.2278, 70.6282, 72.0069, 73.3771, 74.7363, 76.0847, 77.4408, 78.7804]
growth_rate:15.31
