ticker:CFB
price:[9.329999923706055, 9.359999656677246, 9.630000114440918, 8.180000305175781, 9.149999618530273, 9.779999732971191, 9.479999542236328, 9.3100004196167, 8.350000381469727, 8.25, 9.34000015258789, 9.479999542236328, 9.510000228881836, 9.720000267028809, 9.960000038146973, 10.529999732971191, 10.630000114440918, 10.75, 11.6899995803833, 11.949999809265137, 12.15999984741211, 11.5, 11.9399995803833, 12.140000343322754, 12.5, 13.350000381469727, 14.289999961853027, 15.100000381469727, 14.470000267028809, 14.270000457763672, 14.180000305175781, 14.3100004196167, 13.720000267028809, 13.899999618530273, 14.739999771118164, 14.880000114440918, 14.9399995803833, 14.84000015258789, 14.710000038146973, 14.890000343322754, 14.539999961853027, 14.859999656677246, 14.510000228881836, 14.020000457763672, 13.430000305175781, 13.289999961853027, 13.989999771118164, 13.8100004196167, 13.90999984741211, 13.399999618530273, 13.170000076293945, 13.479999542236328]
assets:[0, 100.00036433200836, 202.88484241104126, 272.3359321601868, 404.6303681306839, 532.4896894611359, 616.1554142475128, 705.1059157802582, 732.3985734596253, 823.6272, 1032.445484867096, 1147.9208205699922, 1251.5531191217424, 1379.1902778892518, 1513.2447177957533, 1699.846273893833, 1815.9888255506514, 1936.488875, 2205.8187528213502, 2354.8789124135974, 2496.2619206760405, 2460.7746, 2654.9257706958774, 2799.3966711677554, 2982.4100000000003, 3285.2134838733673, 3616.5317673457143, 3921.5274790691374, 3857.9133331937787, 3904.590346254349, 3979.96449565506, 4116.45192670803, 4046.730542760467, 4199.820944740677, 4553.623707291604, 4696.873524123287, 4815.811754739285, 4883.576930213928, 4940.79628381281, 5101.254557621002, 5081.3461306686395, 5293.177943707371, 5268.507082105827, 5190.591121476746, 5072.156563256836, 5119.282734305859, 5488.921849199104, 5518.299399673462, 5658.258270930863, 5550.802441980361, 5555.5274721832275, 5786.295195504761]
shares:[0, 10.6838, 21.068, 33.2929, 44.2219, 54.4468, 64.9953, 75.7364, 87.7124, 99.8336, 110.5402, 121.0887, 131.6039, 141.892, 151.9322, 161.4289, 170.8362, 180.1385, 188.6928, 197.061, 205.2847, 213.9804, 222.3556, 230.5928, 238.5928, 246.0834, 253.0813, 259.7038, 266.6146, 273.6223, 280.6745, 287.6626, 294.9512, 302.1454, 308.9297, 315.6501, 322.3435, 329.082, 335.8801, 342.596, 349.4736, 356.2031, 363.0949, 370.2276, 377.6736, 385.1981, 392.3461, 399.5872, 406.7763, 414.239, 421.832, 429.2504]
growth_rate:13.46
