ticker:CFBK
price:[11.220000267028809, 11.0, 11.850000381469727, 11.800000190734863, 12.029999732971191, 12.390000343322754, 12.84000015258789, 13.460000038146973, 13.550000190734863, 14.010000228881836, 14.819999694824219, 14.729999542236328, 14.5, 15.09000015258789, 15.680000305175781, 18.0, 18.010000228881836, 17.690000534057617, 16.0, 16.899999618530273, 17.219999313354492, 16.829999923706055, 17.540000915527344, 18.56999969482422, 19.149999618530273, 19.200000762939453, 19.709999084472656, 20.100000381469727, 20.0, 19.700000762939453, 19.8700008392334, 19.610000610351562, 19.739999771118164, 19.84000015258789, 20.100000381469727, 20.030000686645508, 19.600000381469727, 19.700000762939453, 19.739999771118164, 19.5, 19.31999969482422, 18.959999084472656, 19.06999969482422, 19.3799991607666, 18.899999618530273, 18.850000381469727, 18.549999237060547, 18.5, 19.239999771118164, 19.489999771118164, 18.670000076293945, 19.100000381469727]
assets:[0, 99.9999, 207.72695168704985, 306.8507449599266, 412.83229783639905, 525.1860955527305, 644.2611316562652, 775.3700321974754, 880.5548923950196, 1010.4488505077362, 1168.8681959304809, 1261.7702877880095, 1342.06925, 1496.6775211341858, 1655.1965122146607, 2000.0988000000002, 2101.2105177034377, 2163.876245326996, 2057.152, 2272.867428696442, 2415.9039116661074, 2461.188894842911, 2665.018969104767, 2921.5159169883727, 3112.763497993469, 3220.8903679866794, 3406.4456347709656, 3573.8484078266147, 3656.068, 3701.2262933406832, 3833.1655758983616, 3883.0075968566894, 4008.749803519249, 4129.057183756256, 4283.16737128849, 4368.25071174736, 4374.473125139237, 4496.79112415123, 4605.922302595139, 4649.9232, 4707.001077648926, 4719.293556118012, 4846.672841439056, 5025.460528376961, 5000.990929062081, 5087.760247961616, 5106.786964963912, 5193.02215, 5500.742870562363, 5672.217511388016, 5533.571450612641, 5761.018515060426]
shares:[0, 9.0909, 17.5297, 26.0043, 34.3169, 42.3879, 50.1761, 57.6055, 64.9856, 72.1234, 78.871, 85.6599, 92.5565, 99.1834, 105.561, 111.1166, 116.6691, 122.322, 128.572, 134.4892, 140.2964, 146.2382, 151.9395, 157.3245, 162.5464, 167.7547, 172.8283, 177.8034, 182.8034, 187.8795, 192.9122, 198.0116, 203.0775, 208.1178, 213.0929, 218.0854, 223.1874, 228.2635, 233.3294, 238.4576, 243.6336, 248.9079, 254.1517, 259.3117, 264.6027, 269.9077, 275.2985, 280.7039, 285.9014, 291.0322, 296.3884, 301.624]
growth_rate:12.96
