ticker:CFFEU
price:[10.005000114440918, 9.979999542236328, 9.949999809265137, 9.979999542236328, 10.0600004196167, 10.100000381469727, 9.949999809265137, 10.010000228881836, 10.015000343322754, 9.989999771118164, 9.989999771118164, 9.949999809265137, 10.0, 10.0, 10.100000381469727, 10.119999885559082, 10.100000381469727, 10.069999694824219, 10.109999656677246, 10.074999809265137, 10.039999961853027, 10.020000457763672, 10.020000457763672, 10.0, 10.0, 10.0]
assets:[0, 99.999595413208, 199.69948117189406, 300.3011802257538, 402.70885879755025, 504.31018904743195, 596.8208885593414, 700.4197360153198, 800.7693824510574, 898.7703094081878, 998.7702071170808, 1094.771614013958, 1200.273, 1300.273, 1413.2758833784103, 1516.0741468556403, 1613.078130924797, 1708.2868322296142, 1815.072502362442, 1908.7893138637542, 2002.1587203927995, 2098.170059854889, 2198.1696644233703, 2293.782, 2393.782, 2493.782]
shares:[0, 10.02, 20.0703, 30.0903, 40.0307, 49.9317, 59.982, 69.972, 79.957, 89.967, 99.977, 110.0273, 120.0273, 130.0273, 139.9283, 149.8097, 159.7107, 169.6412, 179.5324, 189.458, 199.4182, 209.3982, 219.3782, 229.3782, 239.3782, 249.3782]
growth_rate:-0.25
