ticker:CFFI
price:[31.260000228881836, 30.0, 30.09000015258789, 29.110000610351562, 29.709999084472656, 31.049999237060547, 30.989999771118164, 31.170000076293945, 31.149999618530273, 32.029998779296875, 34.650001525878906, 40.45000076293945, 39.29999923706055, 36.400001525878906, 36.75, 36.27000045776367, 37.20000076293945, 37.11000061035156, 38.02000045776367, 39.459999084472656, 39.47999954223633, 39.369998931884766, 40.599998474121094, 43.15999984741211, 43.529998779296875, 43.5, 48.52000045776367, 49.86000061035156, 49.099998474121094, 43.54999923706055, 46.25, 41.54999923706055, 41.27000045776367, 41.369998931884766, 42.18000030517578, 44.09000015258789, 48.91999816894531, 50.0, 49.47999954223633, 51.90999984741211, 51.29999923706055, 51.310001373291016, 51.0, 53.02000045776367, 49.86000061035156, 50.0, 52.040000915527344, 52.2599983215332, 53.45000076293945, 53.70000076293945, 53.5, 53.439998626708984]
assets:[0, 99.999, 200.30010401573182, 293.77521515960694, 399.83122567901614, 517.8643072753906, 616.8621434440613, 720.4446797634124, 819.9832449583054, 943.1489380554199, 1120.2969193344118, 1407.8218265533449, 1467.7960215053558, 1459.4871811813352, 1573.5210749999999, 1652.9690008621214, 1795.3538768211365, 1891.0105901016234, 2037.3815665302277, 2214.5464466194153, 2315.667789150238, 2409.2155886375426, 2584.4862828666687, 2847.4507779331207, 2971.862664660645, 3069.81675, 3524.080413248062, 3721.405851554871, 3764.6834630050657, 3439.1434397506714, 3752.36425, 3471.0412312648773, 3547.651779350281, 3656.24740960083, 3827.835027694702, 4101.168043193436, 4650.4475419357295, 4853.115, 4902.641638643265, 5243.413511587142, 5281.796621448517, 5382.824493069076, 5450.3037, 5766.179545783997, 5522.513611602783, 5638.02, 5968.051384994507, 6093.280634298325, 6332.02917038269, 6461.645911803436, 6537.5823, 6630.25253361702]
shares:[0, 3.3333, 6.6567, 10.0919, 13.4578, 16.6784, 19.9052, 23.1134, 26.3237, 29.4458, 32.3318, 34.804, 37.3485, 40.0958, 42.8169, 45.574, 48.2622, 50.9569, 53.5871, 56.1213, 58.6542, 61.1942, 63.6573, 65.9743, 68.2716, 70.5705, 72.6315, 74.6371, 76.6738, 78.97, 81.1322, 83.5389, 85.962, 88.3792, 90.75, 93.0181, 95.0623, 97.0623, 99.0833, 101.0097, 102.959, 104.9079, 106.8687, 108.7548, 110.7604, 112.7604, 114.682, 116.5955, 118.4664, 120.3286, 122.1978, 124.0691]
growth_rate:30.0
