ticker:CFFN
price:[9.850000381469727, 9.180000305175781, 9.279999732971191, 9.029999732971191, 10.59000015258789, 11.25, 11.399999618530273, 11.680000305175781, 11.479999542236328, 11.140000343322754, 12.670000076293945, 12.699999809265137, 12.760000228881836, 12.380000114440918, 12.34000015258789, 12.210000038146973, 12.380000114440918, 12.5, 13.300000190734863, 13.220000267028809, 13.180000305175781, 12.420000076293945, 12.649999618530273, 12.819999694824219, 13.020000457763672, 13.3100004196167, 13.720000267028809, 14.329999923706055, 13.6899995803833, 13.680000305175781, 13.380000114440918, 13.229999542236328, 13.140000343322754, 13.25, 12.930000305175781, 13.09000015258789, 13.029999732971191, 13.270000457763672, 12.9399995803833, 12.859999656677246, 12.329999923706055, 11.869999885559082, 12.260000228881836, 11.640000343322754, 11.510000228881836, 11.350000381469727, 11.109999656677246, 11.09000015258789, 11.130000114440918, 11.34000015258789, 11.510000228881836, 11.550000190734863]
assets:[0, 99.99957932434083, 201.08924221372604, 295.6719902565956, 446.7518644371033, 574.594875, 682.2557771701813, 799.0124688766481, 885.3306766975403, 959.1105835587502, 1190.8381031707763, 1293.6575405712126, 1399.7694731082915, 1458.0829874785422, 1553.3715592079163, 1637.0069151144028, 1759.798446267605, 1876.8562500000003, 2096.975120072651, 2184.3617961215973, 2277.753154740143, 2246.4103817993164, 2388.0100029878618, 2520.1016960098264, 2659.417119501114, 2818.6508028619764, 3005.475818494797, 3239.101594754791, 3194.4381920862197, 3292.1043854408267, 3319.908514395618, 3382.689941957474, 3459.677994394684, 3588.6406, 3601.972249014282, 3746.543921672821, 3829.370985523224, 3999.9045799812316, 4000.4345142744064, 4075.7016871912006, 4007.7296122015, 3958.2117068381312, 4188.262504190636, 4076.458488235474, 4130.931025145531, 4173.507505270195, 4185.256858666611, 4277.722469857406, 4393.151283171273, 4576.040467573928, 4744.640784349442, 4861.129430275917]
shares:[0, 10.8932, 21.6691, 32.7433, 42.1862, 51.0751, 59.847, 68.4086, 77.1194, 86.0961, 93.9888, 101.8628, 109.6998, 117.7773, 125.881, 134.071, 142.1485, 150.1485, 157.6673, 165.2316, 172.8189, 180.8704, 188.7755, 196.5758, 204.2563, 211.7694, 219.058, 226.0364, 233.341, 240.6509, 248.1247, 255.6833, 263.2936, 270.8408, 278.5748, 286.2142, 293.8888, 301.4246, 309.1526, 316.9286, 325.0389, 333.4635, 341.6201, 350.2112, 358.8993, 367.7099, 376.7108, 385.7279, 394.7126, 403.5309, 412.219, 420.877]
growth_rate:-4.68
