ticker:CFFVU
price:[10.75, 10.670000076293945, 10.5600004196167, 10.75, 10.289999961853027, 10.220000267028809, 10.4399995803833, 10.15999984741211, 9.9399995803833, 9.979999542236328, 10.0, 10.079999923706055, 9.996999740600586, 10.0600004196167, 10.010000228881836, 10.100000381469727, 9.96500015258789, 9.930000305175781, 9.899999618530273, 9.930000305175781, 10.020000457763672, 10.079999923706055, 10.119999885559082, 10.300000190734863, 10.25, 10.199999809265137, 10.130000114440918, 10.119999885559082, 10.149999618530273, 10.164999961853027, 10.140000343322754, 10.109999656677246, 10.109999656677246]
assets:[0, 100.00030771503448, 198.96941590633392, 302.549075, 389.60306555566785, 486.95235272312163, 597.4341959872246, 681.4108697662354, 766.6562636356354, 869.7409921066284, 971.4839999999999, 1079.2555118312837, 1170.3687536315917, 1277.744797296524, 1371.3940553573607, 1483.7243960392, 1563.8921764469146, 1658.3994209671018, 1753.3889324378968, 1858.7024221229553, 1975.5483002529145, 2087.3774722009657, 2195.6604751706122, 2334.7134032341005, 2423.379825, 2511.558193035126, 2594.322406308651, 2691.7610855605126, 2799.740369776726, 2903.878232102394, 2996.7361554642675, 3087.8698981398584, 3187.869926743984]
shares:[0, 9.3721, 18.8418, 28.1441, 37.8623, 47.647, 57.2255, 67.068, 77.1284, 87.1484, 97.1484, 107.069, 117.072, 127.0124, 137.0024, 146.9034, 156.9385, 167.009, 177.11, 187.1805, 197.1605, 207.0811, 216.9625, 226.6712, 236.4273, 246.2312, 256.1029, 265.9843, 275.8365, 285.6742, 295.5361, 305.4273, 315.3185]
growth_rate:-0.38
