ticker:CFIV
price:[10.430000305175781, 10.119999885559082, 9.90999984741211, 9.949999809265137, 9.850000381469727, 9.699999809265137, 9.779999732971191, 9.850000381469727, 9.850000381469727, 9.8100004196167, 9.850000381469727, 9.829999923706055, 9.699999809265137, 9.670000076293945, 9.6899995803833, 9.729999542236328, 9.739999771118164, 9.720000267028809, 9.710000038146973, 9.770000457763672, 9.720000267028809, 9.779999732971191, 9.739999771118164, 9.729999542236328, 9.6899995803833, 9.670000076293945, 9.649999618530273, 9.670000076293945, 9.680000305175781]
assets:[0, 99.99976686916351, 197.92449895248413, 298.72386927366256, 395.72179532546994, 489.6957603709221, 593.7340037889481, 697.9838320314408, 797.9839909042358, 894.7436512721063, 998.3920986656188, 1096.3644664907456, 1181.865436760521, 1278.2105870847702, 1380.8540102033614, 1486.5541950626373, 1588.0816386814117, 1684.8211062855721, 1783.0880890050887, 1894.1060807464598, 1984.4128985159875, 2096.6617707536698, 2188.08607858181, 2285.839602458954, 2376.4423580903053, 2471.537913499832, 2566.4260835477826, 2671.745595079422, 2774.5087914703367]
shares:[0, 9.8814, 19.9722, 30.0225, 40.1748, 50.4841, 60.709, 70.8613, 81.0136, 91.2073, 101.3596, 111.5325, 121.8418, 132.1831, 142.503, 152.7805, 163.0474, 173.3355, 183.6342, 193.8696, 204.1577, 214.3826, 224.6495, 234.927, 245.2469, 255.5882, 265.9509, 276.2922, 286.6228]
growth_rate:-0.91
