ticker:CFIVU
price:[10.277999877929688, 10.289999961853027, 10.399999618530273, 10.779999732971191, 10.920000076293945, 10.710000038146973, 10.829999923706055, 10.760000228881836, 11.050000190734863, 10.59000015258789, 10.270000457763672, 10.289999961853027, 10.149999618530273, 10.0600004196167, 10.039999961853027, 10.180000305175781, 10.09000015258789, 10.09000015258789, 10.109999656677246, 10.140000343322754, 9.989999771118164, 9.949999809265137, 9.975000381469727, 10.050000190734863, 10.0600004196167, 10.010000228881836, 10.050000190734863, 10.09000015258789, 10.069999694824219, 10.170000076293945, 10.119999885559082, 10.050000190734863, 9.979999542236328, 9.979999542236328, 9.944999694824219, 9.970000267028809, 9.970000267028809, 9.970000267028809]
assets:[0, 100.00027762928009, 201.0694326248169, 308.4157923603058, 412.4211028814316, 504.49026779689785, 610.1427017017364, 706.1992590219498, 825.232799244404, 890.8795268363953, 963.9597019664765, 1065.8371670487404, 1151.3357717290878, 1241.1274017691612, 1338.660302913761, 1457.3271056877136, 1544.4430263561248, 1644.442999868393, 1747.7024976502416, 1852.888346735573, 1925.4785498851777, 2017.7694163207054, 2122.8396811828616, 2238.8003524892806, 2341.0284936475755, 2429.393021548843, 2539.100388188553, 2649.2062240631103, 2743.955083843231, 2871.203574539375, 2957.0872425601005, 3036.6326826310155, 3115.4814070987704, 3215.481002511978, 3304.204269606018, 3412.51075439806, 3512.5108540763854, 3612.510953754711]
shares:[0, 9.7182, 19.3336, 28.61, 37.7675, 47.1046, 56.3382, 65.6319, 74.6817, 84.1246, 93.8617, 103.5799, 113.4321, 123.3725, 133.3327, 143.1559, 153.0667, 162.9775, 172.8687, 182.7306, 192.7406, 202.7909, 212.816, 222.7662, 232.7066, 242.6966, 252.6468, 262.5576, 272.4881, 282.3209, 292.2023, 302.1525, 312.1725, 322.1925, 332.2478, 342.2779, 352.308, 362.3381]
growth_rate:-2.36
