ticker:CFIVW
price:[2.0, 1.4249999523162842, 1.1399999856948853, 1.159999966621399, 0.9900000095367432, 0.9100000262260437, 0.8700000047683716, 0.9399999976158142, 0.8899999856948853, 0.8500000238418579, 0.8799999952316284, 0.8399999737739563, 0.8299999833106995, 0.8899999856948853, 0.8799999952316284, 0.9990000128746033, 1.0299999713897705, 1.0199999809265137, 1.100000023841858, 1.0800000429153442, 1.1269999742507935, 1.1100000143051147, 1.159999966621399, 1.034999966621399, 1.0099999904632568, 1.0199999809265137, 0.8519999980926514, 0.8679999709129333, 0.8679999709129333]
assets:[0, 99.99994165377616, 179.9999557412982, 283.1578478522301, 341.66058629124166, 414.0516499328971, 495.8515437177062, 635.7476603875101, 701.9313297177434, 770.3839216086864, 897.5739471364021, 956.7750901280642, 1045.3848959798277, 1220.9549353753926, 1307.2363849166036, 1584.0104244139195, 1733.1638538580416, 1816.3370180354118, 2058.7949146231767, 2121.362328295362, 2313.680682938027, 2378.780535656512, 2585.9327095906733, 2407.2762003656867, 2449.1294838745357, 2573.3782498791215, 2249.527756564045, 2391.7723574506404, 2491.7723772995946]
shares:[0, 70.1754, 157.8947, 244.1016, 345.1117, 455.0018, 569.9443, 676.3273, 788.6869, 906.334, 1019.9704, 1139.018, 1259.4999, 1371.8595, 1485.4959, 1585.596, 1682.6834, 1780.7226, 1871.6317, 1964.2243, 2052.9554, 2143.0455, 2229.2524, 2325.8708, 2424.8807, 2522.9199, 2640.2908, 2755.4982, 2870.7056]
growth_rate:-11.01
