ticker:CFMS
price:[0.671999990940094, 0.7269999980926514, 0.7900000214576721, 0.8529999852180481, 0.7519999742507935, 0.7639999985694885, 0.7789999842643738, 0.7409999966621399, 0.6919999718666077, 0.6579999923706055, 0.6600000262260437, 0.6299999952316284, 0.6499999761581421, 0.652999997138977, 0.640999972820282, 0.6430000066757202, 0.6970000267028809, 0.6600000262260437, 0.7950000166893005, 1.2200000286102295, 1.399999976158142, 1.0399999618530273, 1.25, 1.1200000047683716, 1.0700000524520874, 1.0099999904632568, 0.8980000019073486, 1.0399999618530273, 1.1100000143051147, 0.9950000047683716, 0.9900000095367432, 0.8970000147819519, 0.847000002861023, 0.9430000185966492, 0.9350000023841858, 0.8420000076293945, 0.8050000071525574, 0.9100000262260437, 0.8840000033378601, 0.8899999856948853, 1.0099999904632568, 1.25, 1.1100000143051147, 1.0399999618530273, 1.0399999618530273, 1.1299999952316284, 1.350000023841858, 1.4900000095367432, 1.4199999570846558, 1.2599999904632568, 1.3600000143051147, 1.5]
assets:[0, 100.00001293764115, 208.6657866676986, 325.3062159626484, 386.7881035560012, 492.9603030769825, 602.6388281268298, 673.2418454673588, 728.7224727736473, 792.9182190062522, 895.3283155771494, 954.6315587745428, 1084.9373202047348, 1189.9447861864328, 1268.0774262309073, 1372.0340572446585, 1587.2593418097497, 1603.000209697503, 2030.8866111340585, 3216.580705432057, 3791.1580754369616, 2916.2887490311623, 3605.154875, 3330.218766178322, 3281.548385863602, 3197.5361438078403, 2942.9579342508314, 3508.3252633153916, 3844.4627385454774, 3546.1625049943923, 3628.342609952092, 3387.4983102236747, 3298.6745441423654, 3772.550314897448, 3840.5456087931275, 3558.5448006441115, 3502.171690117371, 4058.9767659790095, 4043.005927665824, 4170.447105967724, 4832.754610367584, 6081.132, 5500.045297881782, 5253.195287313939, 5353.1952356459615, 5916.452732033765, 7168.328676597237, 8011.710830278946, 7735.321398222542, 6963.7360692925695, 7616.4136561129935, 8500.4562]
shares:[0, 137.5516, 264.1339, 381.3672, 514.3459, 645.236, 773.6057, 908.5585, 1053.0672, 1205.0429, 1356.558, 1515.2882, 1669.1344, 1822.2738, 1978.28, 2133.801, 2277.273, 2428.7881, 2554.5743, 2636.5415, 2707.9701, 2804.1239, 2884.1239, 2973.4096, 3066.8675, 3165.8774, 3277.236, 3373.3898, 3463.4799, 3563.9824, 3664.9925, 3776.4752, 3894.539, 4000.5835, 4107.5354, 4226.3002, 4350.5238, 4460.4139, 4573.5361, 4685.8957, 4784.9056, 4864.9056, 4954.9957, 5051.1495, 5147.3033, 5235.7989, 5309.873, 5376.9871, 5447.4096, 5526.7747, 5600.3041, 5666.9708]
growth_rate:66.68
