ticker:CFO
price:[54.86000061035156, 53.93000030517578, 54.18000030517578, 53.349998474121094, 54.58000183105469, 56.959999084472656, 57.220001220703125, 57.11000061035156, 54.04999923706055, 57.79999923706055, 59.23099899291992, 59.220001220703125, 60.349998474121094, 61.29999923706055, 60.90999984741211, 61.900001525878906, 61.875999450683594, 62.380001068115234, 64.12000274658203, 63.650001525878906, 64.01000213623047, 61.4900016784668, 64.2959976196289, 65.55000305175781, 65.16999816894531, 63.63999938964844, 64.2300033569336, 66.30999755859375, 66.08899688720703, 67.30000305175781, 67.77999877929688, 68.8499984741211, 70.18000030517578, 70.62000274658203, 70.44999694824219, 71.81999969482422, 71.08999633789062, 70.58899688720703, 71.1780014038086, 71.39299774169922, 71.30000305175781, 69.16999816894531, 71.33799743652344, 72.00900268554688, 72.12999725341797, 71.37000274658203, 72.6500015258789, 73.01000213623047, 73.62999725341797, 74.26000213623047, 73.77999877929688, 74.75]
assets:[0, 100.00239956588746, 200.4660011291504, 297.3942314941406, 404.25224156188966, 521.8789036117554, 624.258769317627, 723.0582957275391, 784.3141339290619, 938.7297876091003, 1061.9703502437592, 1161.7720619476318, 1283.9401825370787, 1404.1500425239562, 1495.2186762542724, 1619.5206899223326, 1718.8905143402098, 1832.8928573841094, 1984.020360985565, 2069.477959611511, 2181.1856297935483, 2195.3160399246217, 2395.4952721138, 2542.219213356018, 2627.478367176819, 2665.7904784332272, 2790.5046108436586, 2980.87310625, 3070.9375916587833, 3227.2101263397217, 3350.2297796630855, 3503.115462362671, 3670.785969962311, 3793.798353549957, 3884.6621467239383, 4060.207224747467, 4118.9401698181155, 4189.915793735504, 4324.875014497376, 4437.938664919281, 4532.156173983764, 4496.762331962585, 4737.7062195541375, 4882.267989282226, 4990.47254597168, 5037.887164876557, 5228.24282980957, 5354.152001659394, 5499.6159328506465, 5646.671154437256, 5710.173493524169, 5885.2469]
shares:[0, 1.8543, 3.7, 5.5744, 7.4066, 9.1622, 10.9098, 12.6608, 14.5109, 16.241, 17.9293, 19.6179, 21.2749, 22.9062, 24.548, 26.1635, 27.7796, 29.3827, 30.9423, 32.5134, 34.0757, 35.702, 37.2573, 38.7829, 40.3173, 41.8886, 43.4455, 44.9536, 46.4667, 47.9526, 49.428, 50.8804, 52.3053, 53.7213, 55.1407, 56.5331, 57.9398, 59.3565, 60.7614, 62.1621, 63.5646, 65.0103, 66.4121, 67.8008, 69.1872, 70.5883, 71.9648, 73.3345, 74.6926, 76.0392, 77.3946, 78.7324]
growth_rate:15.4
