ticker:CFRX
price:[5.269999980926514, 5.389999866485596, 5.730000019073486, 5.150000095367432, 5.159999847412109, 5.429999828338623, 5.380000114440918, 5.369999885559082, 5.650000095367432, 5.210000038146973, 5.579999923706055, 5.170000076293945, 6.400000095367432, 5.659999847412109, 5.269999980926514, 5.340000152587891, 5.369999885559082, 5.050000190734863, 5.429999828338623, 5.170000076293945, 5.340000152587891, 4.889999866485596, 5.210000038146973, 6.409999847412109, 6.130000114440918, 5.25, 4.840000152587891, 6.599999904632568, 5.03000020980835, 4.590000152587891, 4.900000095367432, 4.190000057220459, 4.110000133514404, 4.130000114440918, 4.429999828338623, 3.819999933242798, 3.8299999237060547, 3.9200000762939453, 4.039999961853027, 4.170000076293945, 4.289999961853027, 3.950000047683716, 4.579999923706055, 4.349999904632568, 4.210000038146973, 3.9700000286102295, 3.950000047683716, 4.119999885559082, 4.03000020980835, 3.740000009536743, 3.190000057220459, 3.5199999809265137]
assets:[0, 100.00012852292062, 206.30807768673895, 285.425365285492, 385.9793405860901, 506.1758959980011, 601.5152167951584, 700.3972710737228, 836.9169991264821, 871.7413743827819, 1033.6497878671646, 1057.7008466085435, 1409.3395410007954, 1346.3843497028352, 1353.6121431009292, 1471.5919020500185, 1579.8593363313676, 1585.715209891319, 1805.0361989364624, 1818.6074988372802, 1978.407044532013, 1911.6872568041326, 2136.787735645294, 2728.9459010383607, 2709.740804588127, 2420.74035, 2331.692337509918, 3279.5802126113413, 2599.4377124261855, 2472.0515291797637, 2739.0094033086298, 2442.1323153508188, 2495.5045380671027, 2607.648206257057, 2897.065723739433, 2598.146978595543, 2704.9485531171795, 2868.511407829094, 3056.32299514122, 3254.67004754715, 3448.3294253372196, 3275.0354945356607, 3897.3829950771333, 3801.6628416540625, 3779.31071924448, 3663.86300440402, 3745.405450213885, 4006.599772708988, 4019.077297239685, 3829.863233765888, 3366.6482243890764, 3814.922123328447]
shares:[0, 18.5529, 36.0049, 55.4224, 74.8022, 93.2184, 111.8058, 130.4278, 148.1269, 167.3208, 185.2419, 204.5843, 220.2093, 237.8771, 256.8524, 275.579, 294.201, 314.003, 332.4192, 351.7616, 370.4882, 390.9381, 410.132, 425.7326, 442.0458, 461.0934, 481.7546, 496.9061, 516.7868, 538.5733, 558.9815, 582.8478, 607.1787, 631.3918, 653.9652, 680.1432, 706.2529, 731.7631, 756.5156, 780.4964, 803.8064, 829.1229, 850.957, 873.9455, 897.6985, 922.8874, 948.2039, 972.4757, 997.2896, 1024.0276, 1055.3756, 1083.7847]
growth_rate:-25.2
