ticker:CFV
price:[9.899999618530273, 9.862000465393066, 9.880000114440918, 9.869999885559082, 9.800000190734863, 9.850000381469727, 9.819999694824219, 9.800000190734863, 9.789999961853027, 9.670000076293945, 9.739999771118164, 9.670000076293945, 9.720000267028809, 9.710000038146973, 9.71500015258789, 9.859999656677246, 9.859999656677246, 9.850000381469727, 9.84000015258789, 9.833000183105469, 9.84000015258789, 9.800000190734863, 9.829999923706055, 9.789999961853027, 9.789999961853027]
assets:[0, 99.99969851903916, 200.1826343187332, 299.97989352178575, 397.8525677433014, 499.88259435939784, 598.3600774047852, 697.1416335682869, 796.4302028966904, 886.6684159955979, 993.0864806632995, 1085.9497115678787, 1191.5651127347946, 1290.3395720692633, 1391.0044083477019, 1511.7657133606913, 1611.7658298787117, 1710.131456229782, 1808.3952280426026, 1907.1084189132691, 2008.4660471450807, 2100.301740877628, 2206.730784872818, 2297.751172046757, 2397.7511266571046]
shares:[0, 10.1399, 20.2614, 30.3931, 40.5972, 50.7495, 60.9328, 71.1369, 81.3514, 91.6927, 101.9596, 112.3009, 122.589, 132.8877, 143.1811, 153.3231, 163.4651, 173.6174, 183.78, 193.9498, 204.1124, 214.3165, 224.4894, 234.7039, 244.9184]
growth_rate:-0.09
