ticker:CFVIU
price:[10.710000038146973, 10.229999542236328, 10.109999656677246, 10.149999618530273, 10.020000457763672, 9.920000076293945, 9.949999809265137, 10.0, 10.0, 9.960000038146973, 10.0, 10.0, 9.989999771118164, 9.979999542236328, 9.960000038146973, 9.979999542236328, 9.979999542236328, 9.989999771118164, 9.930000305175781, 9.989999771118164, 10.029999732971191, 10.029999732971191, 10.020000457763672, 10.0, 10.0, 9.960000038146973, 9.9399995803833, 9.880000114440918, 9.859999656677246]
assets:[0, 100.00029152526855, 198.8272972480774, 299.61377873954774, 395.7759900810242, 491.8256677825928, 593.3135136265755, 696.295, 796.295, 893.1102154206277, 996.6970000000001, 1096.6970000000001, 1195.6001756074904, 1294.402946628189, 1391.8094093306543, 1494.603733445358, 1594.6033288585663, 1696.2010621381758, 1786.013826889038, 1896.8052525421142, 2004.4001616368294, 2104.400261974525, 2202.301912612152, 2297.906, 2397.906, 2488.3147775302887, 2583.3184189453127, 2667.7255069005014, 2762.3252458165166]
shares:[0, 9.7752, 19.6664, 29.5186, 39.4986, 49.5792, 59.6295, 69.6295, 79.6295, 89.6697, 99.6697, 109.6697, 119.6797, 129.6997, 139.7399, 149.7599, 159.7799, 169.7899, 179.8604, 189.8704, 199.8405, 209.8106, 219.7906, 229.7906, 239.7906, 249.8308, 259.8912, 270.0127, 280.1547]
growth_rate:-1.35
