ticker:CFVI
price:[9.819999694824219, 9.829999923706055, 9.781000137329102, 9.744999885559082, 9.770000457763672, 9.800000190734863, 9.739999771118164, 9.755000114440918, 9.770000457763672, 9.729999542236328, 9.760000228881836, 9.720000267028809, 9.699999809265137, 9.760000228881836, 9.720000267028809, 9.739999771118164, 9.718999862670898, 9.699999809265137, 9.649999618530273, 9.710000038146973, 9.6899995803833]
assets:[0, 99.99960622386932, 199.50110360107422, 298.76707899141314, 399.53342171974185, 500.76040974617, 597.694111954689, 698.6150636958123, 799.6891924686432, 896.4151278266908, 999.1790474317551, 1095.0843900842667, 1192.8312865448952, 1300.2096624912263, 1394.8812743203164, 1497.7509328041076, 1594.5214711694716, 1691.4044867412567, 1782.685924529457, 1893.7704374399184, 1989.869514830494]
shares:[0, 10.1729, 20.3968, 30.6585, 40.8939, 51.098, 61.3649, 71.6161, 81.8515, 92.129, 102.3749, 112.663, 122.9723, 133.2182, 143.5063, 153.7732, 164.0623, 174.3716, 184.7343, 195.033, 205.3529]
growth_rate:-0.51
