ticker:CG
price:[25.81999969482422, 25.170000076293945, 24.729999542236328, 23.690000534057617, 25.299999237060547, 26.799999237060547, 27.68000030517578, 27.459999084472656, 24.920000076293945, 27.31999969482422, 27.799999237060547, 27.940000534057617, 28.6299991607666, 29.06999969482422, 29.639999389648438, 30.850000381469727, 31.360000610351562, 31.440000534057617, 32.15999984741211, 33.70000076293945, 33.400001525878906, 32.27000045776367, 36.599998474121094, 37.15999984741211, 36.5, 34.25, 34.54999923706055, 36.560001373291016, 36.47999954223633, 36.790000915527344, 37.38999938964844, 38.0099983215332, 39.70000076293945, 41.529998779296875, 42.65999984741211, 44.97999954223633, 43.5099983215332, 42.459999084472656, 43.63999938964844, 43.31999969482422, 44.18000030517578, 44.13999938964844, 46.97999954223633, 46.790000915527344, 47.709999084472656, 44.88999938964844, 46.81999969482422, 50.470001220703125, 47.79999923706055, 48.779998779296875, 46.939998626708984, 48.369998931884766]
assets:[0, 100.00041030311584, 198.252987330246, 289.9158575357437, 409.6196376476288, 533.9042248008728, 651.4349671821594, 746.2584271194459, 777.2298823795319, 952.0828653648376, 1068.8098906677246, 1174.1924924440384, 1303.1888907995226, 1423.2177660591126, 1551.123412059021, 1714.4455811996459, 1842.7888998657227, 1947.4910970811845, 2092.091606073761, 2292.2740518951414, 2371.8677083587645, 2391.623316926193, 2812.530542743683, 2955.5651798637386, 3003.07035, 2917.9492999999998, 3043.5094327926636, 3320.569436729431, 3413.302229168701, 3542.3068431510924, 3700.07694960022, 3861.431928484726, 4133.119439428711, 4423.638420974731, 4644.00171138916, 4996.55826914978, 4933.263682691574, 4914.214144039154, 5150.785487960815, 5213.01613127594, 5416.507799414825, 5511.602819787598, 5966.2250418663025, 6042.095756224061, 6260.897301856994, 5990.835269544984, 6348.403352620697, 6943.314524935914, 6675.996453443909, 6912.867283007813, 6752.11226645813, 7057.811654148102]
shares:[0, 3.973, 8.0167, 12.2379, 16.1905, 19.9218, 23.5345, 27.1762, 31.189, 34.8493, 38.4464, 42.0255, 45.5183, 48.9583, 52.3321, 55.5736, 58.7624, 61.9431, 65.0526, 68.02, 71.014, 74.1129, 76.8451, 79.5362, 82.2759, 85.1956, 88.09, 90.8252, 93.5664, 96.2845, 98.959, 101.5899, 104.1088, 106.5167, 108.8608, 111.084, 113.3823, 115.7375, 118.029, 120.3374, 122.6009, 124.8664, 126.995, 129.1322, 131.2282, 133.4559, 135.5917, 137.5731, 139.6652, 141.7152, 143.8456, 145.913]
growth_rate:38.39
