ticker:CGBD
price:[9.039999961853027, 9.1899995803833, 9.25, 9.369999885559082, 9.09000015258789, 8.979999542236328, 8.779999732971191, 8.710000038146973, 8.220000267028809, 9.09000015258789, 10.255000114440918, 10.40999984741211, 10.9399995803833, 11.550000190734863, 11.010000228881836, 11.029999732971191, 11.050000190734863, 10.260000228881836, 10.869999885559082, 11.25, 11.25, 10.760000228881836, 11.630000114440918, 11.949999809265137, 12.050000190734863, 12.460000038146973, 12.800000190734863, 13.369999885559082, 13.420000076293945, 13.800000190734863, 13.380000114440918, 13.770000457763672, 13.720000267028809, 13.670000076293945, 13.760000228881836, 13.65999984741211, 13.3100004196167, 13.609999656677246, 13.460000038146973, 13.8100004196167, 13.930000305175781, 13.460000038146973, 13.65999984741211, 13.329999923706055, 13.4399995803833, 13.130000114440918, 13.319999694824219, 13.25, 13.960000038146973, 14.270000457763672, 13.869999885559082, 14.100000381469727]
assets:[0, 100.00006143398284, 200.65285, 303.2562982961655, 394.19421961708065, 489.4243430511475, 578.523840405178, 673.9118649515152, 735.9990959091186, 913.8967983409882, 1131.023962621689, 1248.118382705307, 1411.663631853962, 1590.3761212632178, 1616.0214095947267, 1718.9570723852157, 1822.0743114509582, 1791.8084919719695, 1998.3386049612045, 2168.197875, 2268.1980000000003, 2269.4056362737656, 2552.898999120903, 2723.1420565357207, 2845.9304850471494, 3042.763159315586, 3225.7920480680464, 3469.4400983032224, 3582.415340366364, 3783.85517229805, 3768.6937882341385, 3978.5442002609257, 4064.0973190984723, 4149.286564157677, 4276.603943136405, 4345.523249458694, 4334.180690641212, 4531.86993468008, 4581.922650985623, 4801.0659798803335, 4942.784794285583, 4876.014229819107, 5048.4654756065365, 5026.504364230919, 5167.983582647896, 5148.781175876712, 5323.287262037659, 5395.31255, 5784.419547806454, 6012.870180885315, 5944.324104953575, 6142.896406193543]
shares:[0, 10.8814, 21.6922, 32.3646, 43.3657, 54.5016, 65.8911, 77.3722, 89.5376, 100.5387, 110.29, 119.8961, 129.0369, 137.6949, 146.7776, 155.8438, 164.8936, 174.6402, 183.8398, 192.7287, 201.6176, 210.9113, 219.5098, 227.878, 236.1768, 244.2025, 252.015, 259.4944, 266.946, 274.1924, 281.6662, 288.9284, 296.217, 303.5323, 310.7997, 318.1203, 325.6334, 332.9809, 340.4103, 347.6514, 354.8302, 362.2596, 369.5802, 377.0821, 384.5226, 392.1387, 399.6462, 407.1934, 414.3567, 421.3644, 428.5742, 435.6664]
growth_rate:20.45
