ticker:CGC
price:[16.209999084472656, 16.170000076293945, 16.360000610351562, 14.170000076293945, 14.050000190734863, 18.06999969482422, 17.760000228881836, 19.729999542236328, 18.780000686645508, 23.5, 24.43000030517578, 23.719999313354492, 29.0, 28.59000015258789, 26.530000686645508, 25.969999313354492, 25.860000610351562, 24.639999389648438, 30.170000076293945, 33.38999938964844, 33.79999923706055, 40.06999969482422, 42.93000030517578, 40.310001373291016, 38.630001068115234, 32.75, 31.170000076293945, 34.20000076293945, 34.45000076293945, 32.119998931884766, 32.060001373291016, 28.989999771118164, 27.799999237060547, 27.40999984741211, 26.950000762939453, 25.260000228881836, 22.90999984741211, 22.979999542236328, 26.09000015258789, 24.25, 25.8700008392334, 22.979999542236328, 24.6200008392334, 23.280000686645508, 22.149999618530273, 19.579999923706055, 19.6200008392334, 18.90999984741211, 19.149999618530273, 18.059999465942383, 16.690000534057617, 17.190000534057617]
assets:[0, 100.00013147182464, 201.17565550537108, 274.246181476593, 371.9231750490188, 578.3375682327271, 668.4153686141968, 842.5577924514771, 901.9884089790345, 1228.68575, 1377.3096712051392, 1437.2825223936081, 1857.218, 1930.9600333057404, 1891.8278189640046, 1951.8947603919983, 2043.6279242340088, 2047.2143492889402, 2606.6759385917667, 2984.882300437927, 3121.534709540176, 3800.5873800544737, 4171.855862656403, 4017.250395860672, 3949.8248972122196, 3448.60775, 3382.231772278595, 3811.0155250167845, 3938.8752872314453, 3772.4713905506133, 3865.4262755756376, 3595.2817916145323, 3547.699682637405, 3597.9297739707945, 3637.5494029769893, 3509.442559799194, 3282.950285134506, 3392.9808464115144, 3952.1706211143496, 3773.4430749999997, 4125.525251833725, 3764.652465007782, 4133.321454894448, 4008.3551742267614, 3913.7919675962444, 3559.687062129593, 3666.958536851883, 3634.2599226745606, 3780.3841896944045, 3665.2082636150362, 3487.1719935848237, 3691.640283691597]
shares:[0, 6.1843, 12.2968, 19.354, 26.4714, 32.0054, 37.636, 42.7044, 48.0292, 52.2845, 56.3778, 60.5937, 64.042, 67.5397, 71.309, 75.1596, 79.0266, 83.085, 86.3996, 89.3945, 92.3531, 94.8487, 97.1781, 99.6589, 102.2476, 105.301, 108.5092, 111.4332, 114.336, 117.4493, 120.5685, 124.018, 127.6151, 131.2634, 134.974, 138.9328, 143.2977, 147.6493, 151.4822, 155.6059, 159.4714, 163.823, 167.8847, 172.1802, 176.6949, 181.8022, 186.899, 192.1872, 197.4091, 202.9462, 208.9378, 214.7551]
growth_rate:-27.61
