ticker:CGEM
price:[29.90999984741211, 35.08000183105469, 38.5, 38.0099983215332, 36.279998779296875, 40.0, 45.72999954223633, 40.41999816894531, 44.529998779296875, 48.060001373291016, 41.11000061035156, 39.630001068115234, 41.25, 32.29999923706055, 35.20000076293945, 31.489999771118164, 32.459999084472656, 29.860000610351562, 27.65999984741211, 27.190000534057617, 29.729999542236328, 33.11000061035156, 31.389999389648438, 25.440000534057617, 27.5, 25.850000381469727, 27.200000762939453, 26.959999084472656, 25.809999465942383, 22.93000030517578, 27.6200008392334, 27.709999084472656, 28.139999389648438, 28.639999389648438, 29.549999237060547]
assets:[0, 99.99905321960449, 209.74800000000002, 307.0789754398346, 393.10104277343754, 533.408, 709.8164798946381, 727.3942450485229, 901.3584232910156, 1072.809768655014, 1017.6698431091309, 1081.0311321361542, 1225.219875, 1059.3850649768829, 1254.4998671905519, 1222.2780431159972, 1359.9278916435242, 1351.0007976150514, 1351.4620605445862, 1428.4973720581054, 1661.9426504104615, 1950.8875899627685, 1949.5418310928346, 1680.0042112680433, 1916.0432500000002, 1901.0814080543519, 2100.3650189136506, 2181.8322859077452, 2188.765384710312, 2044.532840210724, 2562.713491868019, 2671.063796749115, 2812.5141469970704, 2962.487168865967, 3156.616613500595]
shares:[0, 2.8506, 5.448, 8.0789, 10.8352, 13.3352, 15.5219, 17.9959, 20.2416, 22.3223, 24.7548, 27.2781, 29.7023, 32.7983, 35.6392, 38.8148, 41.8955, 45.2445, 48.8598, 52.5376, 55.9012, 58.9214, 62.1071, 66.0379, 69.6743, 73.5428, 77.2193, 80.9285, 84.803, 89.1641, 92.7847, 96.3935, 99.9472, 103.4388, 106.8229]
growth_rate:-7.16
