ticker:CGEN
price:[15.460000038146973, 15.600000381469727, 18.860000610351562, 16.09000015258789, 15.1899995803833, 17.530000686645508, 15.8100004196167, 14.15999984741211, 12.890000343322754, 13.0600004196167, 13.489999771118164, 13.220000267028809, 13.0, 12.6899995803833, 12.4399995803833, 12.670000076293945, 13.130000114440918, 12.109999656677246, 13.319999694824219, 13.010000228881836, 12.539999961853027, 12.15999984741211, 12.970000267028809, 13.130000114440918, 12.770000457763672, 9.329999923706055, 8.300000190734863, 8.899999618530273, 9.100000381469727, 8.149999618530273, 8.779999732971191, 8.420000076293945, 8.569999694824219, 8.729999542236328, 8.630000114440918, 7.590000152587891, 8.0, 7.909999847412109, 7.679999828338623, 7.230000019073486, 7.929999828338623, 7.820000171661377, 8.829999923706055, 8.020000457763672, 7.710000038146973, 6.900000095367432, 6.670000076293945, 6.789999961853027, 6.849999904632568, 6.460000038146973, 6.190000057220459, 6.71999979019165]
assets:[0, 100.0006824453354, 220.89775714874267, 288.45347773551936, 372.319041714859, 529.6742297472, 577.703739332962, 617.4113933467864, 662.0368626332283, 770.7685747647286, 896.1460807952882, 978.2099537587166, 1061.931, 1136.6077304161072, 1214.2161110429763, 1336.666003048897, 1485.1947109449386, 1469.8173003301622, 1716.677564669037, 1776.7249922574997, 1812.5391184862137, 1857.6138646900176, 2081.3530108512878, 2207.028284236431, 2246.5163585304263, 1741.3465207605361, 1649.1079478966712, 1868.3208499204636, 2010.3056542715074, 1900.4381010478974, 2147.3429726922036, 2159.2972315654756, 2297.764322177124, 2440.6634320220946, 2512.7065183205605, 2309.90041943779, 2534.6776, 2606.1622287258147, 2630.382277206373, 2576.2586767964362, 2925.6885856673716, 2985.1052055277823, 3470.6491300125126, 3252.2770016326904, 3226.5656259641646, 2987.588261292553, 2988.001955177879, 3141.7587843492506, 3269.5207094809057, 3183.373030798149, 3150.3219161216257, 3520.0588660985472]
shares:[0, 6.4103, 11.7125, 17.9275, 24.5108, 30.2153, 36.5404, 43.6025, 51.3605, 59.0175, 66.4304, 73.9947, 81.687, 89.5672, 97.6058, 105.4985, 113.1146, 121.3722, 128.8797, 136.5661, 144.5406, 152.7643, 160.4744, 168.0905, 175.9214, 186.6395, 198.6877, 209.9237, 220.9127, 233.1826, 244.5721, 256.4486, 268.1172, 279.572, 291.1595, 304.3347, 316.8347, 329.4769, 342.4977, 356.329, 368.9393, 381.727, 393.052, 405.5208, 418.491, 432.9838, 447.9763, 462.7038, 477.3023, 492.7822, 508.9373, 523.8183]
growth_rate:-30.98
