ticker:CGNT
price:[30.299999237060547, 30.899999618530273, 28.8700008392334, 27.40999984741211, 30.450000762939453, 29.329999923706055, 28.360000610351562, 28.360000610351562, 25.579999923706055, 24.06999969482422, 26.1299991607666, 26.1299991607666, 24.270000457763672, 24.65999984741211, 24.40999984741211, 25.739999771118164, 25.229999542236328, 23.950000762939453, 23.68000030517578, 23.5, 23.59000015258789, 23.81999969482422, 23.959999084472656, 24.760000228881836, 25.969999313354492, 27.209999084472656, 27.719999313354492, 27.440000534057617, 26.780000686645508, 27.350000381469727]
assets:[0, 99.99857876548768, 193.42900562286377, 283.64690142097476, 415.10659040069584, 499.83892569980617, 583.308492553711, 683.3086907058716, 716.3269698635102, 774.0406431861877, 940.2854068002702, 1040.284913588524, 1066.2345141105652, 1183.369276677704, 1271.372873052597, 1440.6446211896896, 1512.099470565033, 1535.3866489105226, 1618.0781008529664, 1705.77805, 1812.3111977226258, 1929.9821272735596, 2041.3248339996337, 2209.4833804244995, 2417.4589380825046, 2632.885768412018, 2782.2341550819397, 2854.130495549202, 2885.480801984406, 3046.896707497215]
shares:[0, 3.2362, 6.7, 10.3483, 13.6324, 17.0419, 20.568, 24.0941, 28.0034, 32.1579, 35.9849, 39.8119, 43.9322, 47.9874, 52.0841, 55.9691, 59.9326, 64.108, 68.331, 72.5863, 76.8254, 81.0236, 85.1972, 89.236, 93.0866, 96.7617, 100.3692, 104.0135, 107.7476, 111.4039]
growth_rate:5.07
