ticker:CGNX
price:[63.189998626708984, 62.209999084472656, 61.52000045776367, 61.650001525878906, 64.41000366210938, 69.30999755859375, 68.87999725341797, 69.93000030517578, 65.9000015258789, 72.36000061035156, 71.18000030517578, 71.83999633789062, 74.5, 76.44999694824219, 76.6500015258789, 79.05999755859375, 80.7300033569336, 80.29000091552734, 85.79000091552734, 84.04000091552734, 84.37000274658203, 82.12999725341797, 87.0199966430664, 93.98999786376953, 87.43000030517578, 82.58999633789062, 78.33999633789062, 81.13999938964844, 79.25, 81.86000061035156, 84.30999755859375, 85.54000091552734, 85.76000213623047, 85.66999816894531, 86.12000274658203, 77.58000183105469, 74.04000091552734, 76.94999694824219, 79.38999938964844, 79.5, 79.94999694824219, 77.66999816894531, 82.30999755859375, 84.5999984741211, 86.58000183105469, 82.61000061035156, 86.05999755859375, 90.41000366210938, 86.2300033569336, 82.08999633789062, 84.9800033569336, 89.16999816894531]
assets:[0, 100.00257352828979, 198.89416147994996, 299.3169224082947, 412.71998046569826, 544.1181358337402, 640.74239845047, 750.5097422752381, 807.2618386917114, 986.3970563201905, 1070.3123105888367, 1180.2377478363037, 1323.9395, 1458.5894917755127, 1562.4029711029054, 1711.5303571472166, 1847.6837328308106, 1937.6145050941468, 2170.3411801612856, 2226.0683522506715, 2334.813271007538, 2372.825963648224, 2614.1068051567077, 2923.48369155426, 2819.4426498413086, 2763.3621694702147, 2721.1632747955323, 2918.419156047058, 2950.437875, 3147.6070694686887, 3341.812235229492, 3490.5623853591915, 3599.5359616622927, 3695.760886009216, 3815.1764056755064, 3536.8490094772337, 3475.459854975128, 3712.0524627838136, 3929.757335787964, 4035.20535, 4158.047436283874, 4139.469154412842, 4486.759121917725, 4711.585415019989, 4921.856654090881, 4796.171415435791, 5096.473055419921, 5454.082921920776, 5301.920740403747, 5147.371130371093, 5428.582100443267, 5796.246054977417]
shares:[0, 1.6075, 3.233, 4.8551, 6.4077, 7.8505, 9.3023, 10.7323, 12.2498, 13.6318, 15.0367, 16.4287, 17.771, 19.079, 20.3836, 21.6485, 22.8872, 24.1327, 25.2983, 26.4882, 27.6735, 28.8911, 30.0403, 31.1042, 32.248, 33.4588, 34.7353, 35.9677, 37.2295, 38.4511, 39.6372, 40.8062, 41.9722, 43.1395, 44.3007, 45.5897, 46.9403, 48.2398, 49.4994, 50.7573, 52.0081, 53.2956, 54.5105, 55.6925, 56.8475, 58.058, 59.22, 60.3261, 61.4858, 62.704, 63.8807, 65.0022]
growth_rate:13.65
