ticker:CGO
price:[12.8100004196167, 12.380000114440918, 12.300000190734863, 11.739999771118164, 11.920000076293945, 12.720000267028809, 12.5600004196167, 12.279999732971191, 11.630000114440918, 12.720000267028809, 13.079999923706055, 13.460000038146973, 13.680000305175781, 14.489999771118164, 14.069999694824219, 14.739999771118164, 14.899999618530273, 14.670000076293945, 15.460000038146973, 15.3100004196167, 15.600000381469727, 15.109999656677246, 15.539999961853027, 15.989999771118164, 16.25, 15.739999771118164, 15.100000381469727, 15.34000015258789, 15.399999618530273, 14.8100004196167, 15.279999732971191, 16.049999237060547, 15.960000038146973, 16.06999969482422, 16.09000015258789, 16.0, 15.770000457763672, 15.5, 16.030000686645508, 16.25, 16.040000915527344, 15.899999618530273, 16.010000228881836, 16.290000915527344, 16.209999084472656, 16.110000610351562, 16.209999084472656, 16.010000228881836, 16.239999771118164, 16.5, 16.110000610351562, 16.600000381469727]
assets:[0, 99.99945092439653, 199.35348309135435, 290.2773643407822, 394.72841852645877, 521.2198189418792, 614.663812535286, 700.960804757595, 763.8584075164796, 935.4491716377258, 1061.924645805931, 1192.7754013804436, 1312.270445274353, 1489.970451464653, 1546.7826024505614, 1720.439507285118, 1839.114402915001, 1910.724966937065, 2113.6200892152783, 2193.113161108875, 2334.6554970897673, 2361.3227513470647, 2528.521163793087, 2701.740717327118, 2845.67075, 2856.3597944644926, 2840.2179617521283, 2985.3603816955565, 3097.036943284035, 3078.3844722208974, 3276.077782748222, 3541.167506669998, 3621.311240655518, 3746.270468856812, 3850.9323665199277, 3929.392, 3972.907829323578, 4004.8869, 4241.82832469883, 4400.043375, 4443.181305606842, 4504.399931931304, 4635.562683270836, 4816.633986703491, 4892.978497648621, 4962.793625022888, 5093.59830931778, 5130.753591350173, 5304.461381240463, 5489.385, 5459.635709846496, 5725.695371577072]
shares:[0, 8.0775, 16.2076, 24.7255, 33.1148, 40.9764, 48.9382, 57.0815, 65.68, 73.5416, 81.1869, 88.6163, 95.9262, 102.8275, 109.9348, 116.7191, 123.4305, 130.2471, 136.7154, 143.2471, 149.6574, 156.2755, 162.7105, 168.9644, 175.1182, 181.4714, 188.0939, 194.6128, 201.1063, 207.8585, 214.403, 220.6335, 226.8992, 233.122, 239.337, 245.587, 251.9282, 258.3798, 264.6181, 270.7719, 277.0063, 283.2956, 289.5417, 295.6804, 301.8494, 308.0567, 314.2257, 320.4718, 326.6294, 332.69, 338.8973, 344.9214]
growth_rate:12.27
