ticker:CGRN
price:[3.8499999046325684, 3.7899999618530273, 4.150000095367432, 4.139999866485596, 4.849999904632568, 5.829999923706055, 5.710000038146973, 4.96999979019165, 4.599999904632568, 4.760000228881836, 5.699999809265137, 6.53000020980835, 7.800000190734863, 7.840000152587891, 7.400000095367432, 7.800000190734863, 9.850000381469727, 10.699999809265137, 13.119999885559082, 11.9399995803833, 12.229999542236328, 10.979999542236328, 12.449999809265137, 9.720000267028809, 9.420000076293945, 8.34000015258789, 8.210000038146973, 9.729999542236328, 8.680000305175781, 7.820000171661377, 9.25, 8.600000381469727, 7.699999809265137, 8.359999656677246, 8.0600004196167, 7.679999828338623, 7.5, 7.5, 7.239999771118164, 7.690000057220459, 6.929999828338623, 5.690000057220459, 6.300000190734863, 5.5, 5.400000095367432, 4.510000228881836, 4.550000190734863, 4.650000095367432, 4.420000076293945, 4.239999771118164, 4.150000095367432, 4.579999923706055]
assets:[0, 99.9999069934845, 209.49864481430055, 308.99385803499223, 461.9857709157944, 655.3357164239883, 741.8466309560777, 745.7052295200825, 790.1898236177444, 917.6747321258546, 1198.896349882221, 1473.4723453425408, 1860.0434254839897, 1969.5820863334654, 1959.0442052471637, 2164.938412939644, 2833.928834752083, 3178.4809533413886, 3997.3530211325647, 3737.8347786383624, 3928.6195159534454, 3627.0847367843626, 4212.6778004614835, 3388.934469101143, 3384.33755741024, 3096.3243026500704, 3148.0604766271595, 3830.8925007694243, 3517.4867956695557, 3268.9798137592793, 3966.759825, 3788.0146480247495, 3491.5941735105516, 3890.8734202122687, 3851.2487445022584, 3769.675691741181, 3781.32375, 3881.3235000000004, 3846.771158390045, 4185.866202146578, 3872.178291083193, 3279.3211469779017, 3730.882792953873, 3357.1197, 3396.0811199769496, 2936.3565170196534, 3062.399468375015, 3229.7049962384226, 3169.9559867168427, 3140.8625104513167, 3174.1935579432966, 3603.0859399795536]
shares:[0, 26.3852, 50.4816, 74.6362, 95.2548, 112.4075, 129.9206, 150.0413, 171.7804, 192.7888, 210.3327, 225.6466, 238.4671, 251.2222, 264.7357, 277.5562, 287.7085, 297.0543, 304.6763, 313.0515, 321.2281, 330.3356, 338.3677, 348.6558, 359.2715, 371.2619, 383.4422, 393.7197, 405.2404, 418.0281, 428.8389, 440.4668, 453.4538, 465.4155, 477.8224, 490.8432, 504.1765, 517.5098, 531.322, 544.3259, 558.7559, 576.3306, 592.2036, 610.3854, 628.9039, 651.0768, 673.0548, 694.5602, 717.1846, 740.7695, 764.8659, 786.7]
growth_rate:-29.35
