ticker:CHCI
price:[2.4600000381469727, 2.25, 2.2799999713897705, 2.190000057220459, 2.430000066757202, 2.4700000286102295, 2.4000000953674316, 2.4200000762939453, 2.5199999809265137, 2.5999999046325684, 2.6500000953674316, 2.7799999713897705, 3.049999952316284, 3.190000057220459, 3.1700000762939453, 3.0399999618530273, 2.940000057220459, 3.1700000762939453, 3.130000114440918, 3.2200000286102295, 3.5999999046325684, 3.2799999713897705, 3.559999942779541, 6.690000057220459, 6.289999961853027, 5.579999923706055, 5.059999942779541, 5.699999809265137, 5.659999847412109, 5.400000095367432, 5.739999771118164, 5.110000133514404, 4.570000171661377, 4.440000057220459, 4.360000133514404, 5.110000133514404, 7.019999980926514, 6.5, 6.380000114440918, 6.349999904632568, 6.400000095367432, 5.989999771118164, 6.260000228881836, 6.110000133514404, 5.829999923706055, 5.480000019073486, 5.949999809265137, 6.019999980926514, 6.429999828338623, 5.869999885559082, 5.630000114440918, 5.900000095367432]
assets:[0, 99.9999, 201.3331174736023, 293.38576666560175, 425.53772369041445, 532.5423801684856, 617.450184535265, 722.5955667808533, 852.454757547903, 979.5166840715408, 1098.3534895272255, 1252.2348631126881, 1473.8548319577455, 1641.5073584444524, 1731.2156576660159, 1760.219257912159, 1802.3173490780352, 2043.3148451774598, 2117.5317784224508, 2278.4192122441295, 2647.300969870472, 2511.9853540888785, 2826.4231505704406, 5411.452738284874, 5187.898247536946, 4702.300531706619, 4364.0930906491285, 5016.07336215086, 5080.8726250247955, 4947.475767375565, 5358.983178311158, 4870.802560264635, 4456.07966438222, 4429.320081082821, 4449.512680255509, 5314.910627868318, 7401.501177889967, 6953.241749999999, 6924.874454214572, 6992.311919986009, 7147.369706504106, 6789.491030569076, 7195.528467087174, 7123.111475652694, 6896.684110746955, 6582.646714911318, 7247.216387681198, 7432.477994451285, 8038.676475391865, 7438.574210978318, 7234.442051054382, 7681.387124161721]
shares:[0, 44.4444, 88.304, 133.9661, 175.1184, 215.6042, 257.2709, 298.5932, 338.2757, 376.7372, 414.473, 450.4442, 483.2311, 514.5791, 546.1248, 579.0195, 613.0331, 644.5788, 676.5277, 707.5836, 735.3614, 765.8492, 793.9391, 808.8868, 824.7851, 842.7062, 862.469, 880.0129, 897.6807, 916.1992, 933.6208, 953.1903, 975.0721, 997.5946, 1020.5304, 1040.0999, 1054.3449, 1069.7295, 1085.4035, 1101.1515, 1116.7765, 1133.471, 1149.4454, 1165.812, 1182.9647, 1201.2129, 1218.0196, 1234.6309, 1250.183, 1267.2188, 1284.9808, 1301.93]
growth_rate:50.62
