ticker:CHCO
price:[64.37999725341797, 60.5, 60.68000030517578, 56.529998779296875, 57.59000015258789, 60.650001525878906, 59.0099983215332, 62.16999816894531, 60.43000030517578, 58.83000183105469, 65.81999969482422, 67.41999816894531, 67.51000213623047, 68.51000213623047, 70.20999908447266, 70.0999984741211, 69.5199966430664, 69.55000305175781, 72.1500015258789, 71.05000305175781, 71.47000122070312, 69.05000305175781, 71.47000122070312, 73.0, 74.43000030517578, 75.20999908447266, 80.94999694824219, 87.41000366210938, 84.05999755859375, 83.08000183105469, 83.38999938964844, 81.73999786376953, 80.08999633789062, 78.73999786376953, 77.4000015258789, 80.18000030517578, 80.33999633789062, 80.48999786376953, 80.22000122070312, 79.62999725341797, 77.91000366210938, 74.44000244140625, 77.3499984741211, 75.06999969482422, 75.11000061035156, 74.08000183105469, 73.55999755859375, 75.66000366210938, 78.33999633789062, 79.1500015258789, 78.7300033569336, 78.72000122070312]
assets:[0, 100.00045, 200.29861300735473, 286.6014408111572, 391.97481803855896, 512.8018279014588, 598.9337799640655, 731.0072724700927, 810.5475940933228, 889.0860516723633, 1094.724816924286, 1221.333492829895, 1322.9665078628539, 1442.560306980896, 1578.3558844184874, 1675.880663520813, 1762.0121229171755, 1862.77164173584, 2032.407822982788, 2101.424625260925, 2213.8476108123778, 2238.8842039505007, 2417.3512922882082, 2569.1036, 2719.426592150116, 2847.924388332367, 3165.2744006713865, 3517.8680433837894, 3483.0428108398437, 3542.4398900741576, 3655.659132243347, 3683.326913738251, 3708.9757394073486, 3746.4569723579407, 3782.700614572907, 4018.5654892951966, 4126.583571899414, 4234.289023620606, 4320.0877257385255, 4388.313592639161, 4393.52429951477, 4297.845648956299, 4565.8543849296575, 4531.270223579407, 4633.686157653809, 4670.144067433166, 4737.359470770264, 4972.602420684814, 5248.740584640503, 5403.008639160919, 5474.3411964179995, 5573.643734429931]
shares:[0, 1.6529, 3.3009, 5.0699, 6.8063, 8.4551, 10.1497, 11.7582, 13.413, 15.1128, 16.6321, 18.1153, 19.5966, 21.0562, 22.4805, 23.907, 25.3454, 26.7832, 28.1692, 29.5767, 30.9759, 32.4241, 33.8233, 35.1932, 36.5367, 37.8663, 39.1016, 40.2456, 41.4352, 42.6389, 43.8381, 45.0615, 46.3101, 47.5801, 48.8721, 50.1193, 51.364, 52.6064, 53.853, 55.1088, 56.3923, 57.7357, 59.0285, 60.3606, 61.692, 63.0419, 64.4013, 65.723, 66.9995, 68.2629, 69.5331, 70.8034]
growth_rate:9.29
