ticker:CHDN
price:[173.0800018310547, 163.32000732421875, 158.30999755859375, 169.72000122070312, 171.1999969482422, 170.67999267578125, 173.9600067138672, 173.2100067138672, 149.14999389648438, 167.94000244140625, 180.85000610351562, 186.57000732421875, 185.0, 189.2899932861328, 193.3300018310547, 207.39999389648438, 206.91000366210938, 194.7899932861328, 211.88999938964844, 207.3300018310547, 214.36000061035156, 187.4499969482422, 219.72999572753906, 217.44000244140625, 218.8699951171875, 230.6300048828125, 229.55999755859375, 254.3300018310547, 240.1999969482422, 233.0500030517578, 231.22999572753906, 221.91000366210938, 220.66000366210938, 215.88999938964844, 211.5, 201.24000549316406, 199.2100067138672, 193.47999572753906, 199.52999877929688, 199.64999389648438, 201.02000427246094, 191.72000122070312, 205.13999938964844, 201.0399932861328, 191.77999877929688, 181.05999755859375, 189.0, 185.8000030517578, 195.64999389648438, 191.8800048828125, 190.6300048828125, 209.60000610351562]
assets:[0, 100.00084048461913, 196.93763696289062, 311.13070623779294, 413.84175262298584, 512.5861540039062, 622.4289040222168, 719.7395408981324, 719.7680405456543, 910.4531352355956, 1080.434106463623, 1214.608061682129, 1304.3795, 1434.6288591156006, 1565.257693824768, 1779.1808476409913, 1874.9770711853027, 1865.153143713379, 2128.8800128677367, 2183.0605212799073, 2357.081130711365, 2161.1859948150636, 2633.354133796692, 2705.910366381836, 2823.707468005371, 3075.428052111816, 3161.155946380615, 3602.2538469345095, 3502.115955505371, 3497.870800804138, 3570.561102026367, 3526.6381601989747, 3606.776023858643, 3628.808643740844, 3655.0161000000003, 3577.705189659119, 3641.6186857315065, 3636.8628276901245, 3850.589775442505, 3952.910159155273, 4080.042720716858, 3991.284501412964, 4370.671798995972, 4383.315181616211, 4281.411760748291, 4142.091458148193, 4423.7339999999995, 4448.832433071899, 4784.679295736694, 4792.490941955567, 4861.27481751709, 5445.03087855835]
shares:[0, 0.6123, 1.244, 1.8332, 2.4173, 3.0032, 3.578, 4.1553, 4.8258, 5.4213, 5.9742, 6.5102, 7.0507, 7.579, 8.0963, 8.5785, 9.0618, 9.5752, 10.0471, 10.5294, 10.9959, 11.5294, 11.9845, 12.4444, 12.9013, 13.3349, 13.7705, 14.1637, 14.58, 15.0091, 15.4416, 15.8922, 16.3454, 16.8086, 17.2814, 17.7783, 18.2803, 18.7971, 19.2983, 19.7992, 20.2967, 20.8183, 21.3058, 21.8032, 22.3246, 22.8769, 23.406, 23.9442, 24.4553, 24.9765, 25.5011, 25.9782]
growth_rate:6.77
