ticker:CHEF
price:[16.350000381469727, 16.600000381469727, 16.989999771118164, 13.989999771118164, 15.600000381469727, 15.75, 15.779999732971191, 16.8799991607666, 13.520000457763672, 14.0600004196167, 19.450000762939453, 19.329999923706055, 22.690000534057617, 26.15999984741211, 23.399999618530273, 24.59000015258789, 23.889999389648438, 25.690000534057617, 25.40999984741211, 26.389999389648438, 28.6200008392334, 27.290000915527344, 31.209999084472656, 30.309999465942383, 30.649999618530273, 31.139999389648438, 31.770000457763672, 34.36000061035156, 31.350000381469727, 30.25, 31.260000228881836, 31.959999084472656, 33.900001525878906, 34.7400016784668, 32.22999954223633, 32.20000076293945, 31.360000610351562, 31.219999313354492, 30.760000228881836, 30.81999969482422, 32.720001220703125, 30.979999542236328, 32.31999969482422, 31.06999969482422, 30.950000762939453, 27.170000076293945, 26.3700008392334, 28.920000076293945, 29.6200008392334, 29.729999542236328, 28.579999923706055, 30.229999542236328]
assets:[0, 100.00006229801177, 202.34919827404022, 266.6200166379929, 397.3039297153473, 501.12405, 602.0779998116493, 744.0484190076828, 695.9433755634308, 823.7402745842934, 1239.5271536212922, 1331.8795207431792, 1663.3903251514434, 2017.7731082305909, 1904.8886689462663, 2101.7614110420227, 2141.9319542770386, 2403.317532961464, 2477.1243271247863, 2672.6603831863404, 2998.5060399261474, 2959.1612302742, 3484.2218777923586, 3483.746470616913, 3622.8238249103547, 3780.7415798965458, 3957.229956018448, 4379.838353800964, 4096.156564842415, 4052.432175, 4287.73729339428, 4483.751367558289, 4855.920968570709, 5076.2437852592475, 4809.479782690812, 4905.003576218032, 4877.047710920716, 4955.275755014802, 4982.264909072494, 5091.981725579834, 5505.892765411377, 5313.097803493119, 5642.910346717835, 5524.665390735627, 5603.327413125991, 5018.978264093399, 4971.198722209931, 5551.91701464653, 5786.299745945167, 5907.787940035629, 5779.267530572319, 6212.9208969196325]
shares:[0, 6.0241, 11.9099, 19.0579, 25.4682, 31.8174, 38.1545, 44.0787, 51.4751, 58.5875, 63.7289, 68.9022, 73.3094, 77.132, 81.4055, 85.4722, 89.6581, 93.5507, 97.4862, 101.2755, 104.7696, 108.4339, 111.638, 114.9372, 118.1998, 121.4111, 124.5587, 127.4691, 130.6589, 133.9647, 137.1637, 140.2926, 143.2425, 146.121, 149.2237, 152.3293, 155.5181, 158.7212, 161.9722, 165.2168, 168.273, 171.5009, 174.595, 177.8135, 181.0445, 184.725, 188.5172, 191.975, 195.3511, 198.7147, 202.2137, 205.5217]
growth_rate:21.82
