ticker:CHEK
price:[0.38999998569488525, 0.35600000619888306, 0.36899998784065247, 0.3400000035762787, 0.36000001430511475, 0.375, 0.35899999737739563, 0.33399999141693115, 0.3070000112056732, 0.27000001072883606, 0.2980000078678131, 0.35499998927116394, 0.4099999964237213, 0.3709999918937683, 0.3400000035762787, 0.3190000057220459, 0.38600000739097595, 0.46000000834465027, 1.659999966621399, 1.7000000476837158, 1.690000057220459, 1.5299999713897705, 1.6200000047683716, 1.809999942779541, 1.850000023841858, 1.3700000047683716, 1.25, 1.5299999713897705, 2.1500000953674316, 1.7999999523162842, 1.8600000143051147, 1.7300000190734863, 1.4700000286102295, 1.559999942779541, 1.590000033378601, 1.4800000190734863, 1.3300000429153442, 1.5399999618530273, 1.600000023841858, 1.5700000524520874, 1.6699999570846558, 1.6299999952316284, 1.559999942779541, 1.2000000476837158, 1.149999976158142, 1.1100000143051147, 1.1200000047683716, 1.100000023841858, 1.1299999952316284, 1.0800000429153442, 0.9620000123977661, 0.9860000014305115]
assets:[0, 100.00001014125944, 203.65168368923665, 287.64653102560044, 404.56693607604507, 521.4238875, 599.1764524228334, 657.4510607049465, 704.3038608074874, 719.420347587195, 894.026903204149, 1165.0319712903172, 1445.529894391176, 1408.028258735031, 1390.376328624627, 1404.500147493148, 1799.4892270559103, 2244.4690247158883, 8199.605359125686, 8497.186568339657, 8547.203174393415, 7838.000133433342, 8399.05915272212, 9484.133630173206, 9793.728261216582, 7352.652751591373, 6808.62475, 8433.756571292995, 11951.357965125704, 10105.78743228805, 10542.647295082676, 9905.79569121275, 8517.063447765398, 9138.515856801223, 9414.257114631902, 8862.956286221266, 8064.683887224567, 9438.054546212195, 9905.771347607493, 9820.038369077385, 10545.517834003269, 10392.930825596715, 10046.608359492588, 7828.160831063151, 7601.9869823952195, 7437.570302851618, 7604.575360376286, 7568.779514048874, 7875.200599768245, 7626.740739059436, 6893.4485104392525, 7165.426376595765]
shares:[0, 280.8989, 551.9016, 846.0192, 1123.797, 1390.4637, 1669.0152, 1968.4164, 2294.1493, 2664.5197, 3000.0902, 3281.7803, 3525.6827, 3795.2245, 4089.3421, 4402.8217, 4661.8891, 4879.2804, 4939.5214, 4998.3449, 5057.5165, 5122.876, 5184.6044, 5239.853, 5293.9071, 5366.8998, 5446.8998, 5512.2593, 5558.7709, 5614.3265, 5668.0899, 5725.8934, 5793.9206, 5858.0232, 5920.9163, 5988.4839, 6063.6719, 6128.607, 6191.107, 6254.8013, 6314.6815, 6376.0312, 6440.1338, 6523.4671, 6610.4236, 6700.5137, 6789.7994, 6880.7085, 6969.2041, 7061.7967, 7165.7468, 7267.1667]
growth_rate:40.5
