ticker:CHI
price:[11.369999885559082, 11.149999618530273, 11.239999771118164, 10.869999885559082, 11.149999618530273, 11.850000381469727, 11.649999618530273, 11.479999542236328, 10.890000343322754, 11.729999542236328, 11.949999809265137, 12.399999618530273, 12.739999771118164, 13.25, 13.180000305175781, 13.609999656677246, 13.84000015258789, 13.539999961853027, 13.789999961853027, 13.770000457763672, 14.079999923706055, 13.529999732971191, 14.539999961853027, 14.90999984741211, 14.670000076293945, 14.369999885559082, 13.880000114440918, 14.010000228881836, 14.279999732971191, 14.029999732971191, 14.380000114440918, 15.3100004196167, 15.130000114440918, 15.229999542236328, 14.890000343322754, 15.260000228881836, 14.319999694824219, 14.369999885559082, 14.90999984741211, 15.0, 14.989999771118164, 15.020000457763672, 15.069999694824219, 15.430000305175781, 15.430000305175781, 14.819999694824219, 15.079999923706055, 15.260000228881836, 15.550000190734863, 15.350000381469727, 15.25, 15.5600004196167]
assets:[0, 99.99988657875062, 200.80709191093447, 294.19654690265656, 401.77462625427245, 526.9979569648742, 618.103544760704, 709.083983725357, 772.641168358612, 932.2381946193694, 1049.7226382452966, 1189.2517234142304, 1321.860334251976, 1474.776675, 1566.9860522827148, 1718.1086636593818, 1847.1431643650055, 1907.1035786270143, 2042.3155423503877, 2139.354089119721, 2287.5170436048506, 2298.1611056433676, 2569.7167152581214, 2735.1082640090945, 2791.0819405155185, 2834.0039564303397, 2837.3676673941613, 2963.9430394220353, 3121.0638736376764, 3166.423624734402, 3345.414994623947, 3661.77394336195, 3718.7225391278266, 3843.301045483017, 3857.5017629434583, 4053.356682795525, 3903.6734448081966, 4017.303034006691, 4268.266273318864, 4394.031, 4491.101366425514, 4600.089926196671, 4715.402904510498, 4928.047384467316, 5028.0476734451295, 4929.271206495667, 5115.749730117988, 5276.813467145919, 5477.094152181529, 5506.64992684822, 5570.7762, 5784.017815981388]
shares:[0, 8.9686, 17.8654, 27.065, 36.0336, 44.4724, 53.0561, 61.7669, 70.9496, 79.4747, 87.8429, 95.9074, 103.7567, 111.3039, 118.8912, 126.2387, 133.4641, 140.8496, 148.1012, 155.3634, 162.4657, 169.8567, 176.7343, 183.4412, 190.2578, 197.2167, 204.4213, 211.5591, 218.5619, 225.6895, 232.6436, 239.1753, 245.7847, 252.3507, 259.0666, 265.6197, 272.6029, 279.5618, 286.2687, 292.9354, 299.6065, 306.2643, 312.9, 319.3809, 325.8618, 332.6094, 339.2407, 345.7938, 352.2247, 358.7394, 365.2968, 371.7235]
growth_rate:13.41
