ticker:CHK
price:[42.5099983215332, 44.0, 44.18000030517578, 45.029998779296875, 45.75, 43.310001373291016, 43.33000183105469, 44.93000030517578, 45.540000915527344, 45.650001525878906, 46.459999084472656, 45.56999969482422, 49.16999816894531, 48.869998931884766, 50.43000030517578, 52.79999923706055, 54.43000030517578, 56.220001220703125, 53.11000061035156, 53.130001068115234, 54.59000015258789, 54.810001373291016, 50.13999938964844, 54.790000915527344, 54.04999923706055, 55.040000915527344, 56.790000915527344, 52.66999816894531, 55.380001068115234, 54.790000915527344]
assets:[0, 99.9988, 200.40931738433838, 304.26319875183106, 409.128525, 487.30681145172116, 587.5331598281861, 709.2290408172607, 818.8593104621888, 920.8381357795716, 1037.1776655616761, 1117.3080375175475, 1305.5765423812866, 1397.6086644535064, 1542.2200113327026, 1714.6958152233121, 1867.629385471344, 2029.0473080566408, 2016.8044741775514, 2117.565261571121, 2275.7533853610994, 2384.9256657554624, 2281.7209522247313, 2593.3312813339235, 2658.3032774768826, 2806.996014691162, 2996.246127303314, 2878.8736289169315, 3126.9985323104856, 3193.6872373657225]
shares:[0, 2.2727, 4.5362, 6.7569, 8.9427, 11.2516, 13.5595, 15.7852, 17.9811, 20.1717, 22.3241, 24.5185, 26.5523, 28.5985, 30.5814, 32.4753, 34.3125, 36.0912, 37.9741, 39.8563, 41.6881, 43.5126, 45.507, 47.3322, 49.1823, 50.9992, 52.7601, 54.6587, 56.4644, 58.2896]
growth_rate:10.13
