ticker:CHKEW
price:[23.059999465942383, 23.100000381469727, 22.09000015258789, 22.700000762939453, 22.110000610351562, 20.5, 19.649999618530273, 22.0, 22.0, 22.59000015258789, 23.59000015258789, 24.0, 25.0, 25.5, 25.049999237060547, 28.0, 28.75, 30.34000015258789, 27.920000076293945, 27.600000381469727, 29.639999389648438, 29.639999389648438, 26.280000686645508, 29.399999618530273, 30.200000762939453, 29.5, 31.649999618530273, 28.0, 29.899999618530273, 29.760000228881836, 29.760000228881836]
assets:[0, 99.99990165138244, 195.6268323513031, 301.02925011749267, 393.20425085449216, 464.57099999999997, 545.3091044137955, 710.5251999999999, 810.5262, 932.2621982971191, 1073.5313679439544, 1192.1904, 1341.865, 1468.7031000000002, 1542.7843630119323, 1824.4687999999999, 1973.339625, 2182.474536976242, 2108.3955577613833, 2184.2309101890564, 2445.6734136383056, 2545.6728435791015, 2357.095309586334, 2736.9341644878386, 2911.409933550644, 2943.92595, 3258.48456572628, 2982.7028, 3285.100998088074, 3369.7188739162443, 3469.7184266853333]
shares:[0, 4.329, 8.8559, 13.2612, 17.784, 22.662, 27.7511, 32.2966, 36.8421, 41.2688, 45.5079, 49.6746, 53.6746, 57.5962, 61.5882, 65.1596, 68.6379, 71.9339, 75.5156, 79.1388, 82.5126, 85.8864, 89.6916, 93.093, 96.4043, 99.7941, 102.9537, 106.5251, 109.8696, 113.2298, 116.59]
growth_rate:15.66
