ticker:CHKEZ
price:[19.0, 20.5, 20.440000534057617, 20.979999542236328, 19.5, 19.709999084472656, 18.03499984741211, 19.889999389648438, 20.5, 20.0, 20.459999084472656, 21.690000534057617, 22.049999237060547, 23.059999465942383, 24.0, 25.739999771118164, 25.700000762939453, 26.579999923706055, 25.229999542236328, 25.229999542236328, 25.079999923706055, 25.190000534057617, 21.770000457763672, 25.139999389648438, 25.079999923706055, 25.25, 28.450000762939453, 23.8700008392334, 25.799999237060547, 25.459999084472656]
assets:[0, 99.999, 199.70698121795655, 304.98205734558104, 383.4675, 487.59778335113526, 546.1611143791199, 702.337757447815, 823.8765500000001, 903.782, 1024.569236153412, 1186.1632282060623, 1305.8494648170472, 1465.6635880559922, 1625.4096, 1843.2516796096802, 1940.3886076030728, 2106.8291399526597, 2099.822217901611, 2199.821321087265, 2286.7417250436783, 2396.770613814354, 2171.365969657898, 2607.4930826950076, 2701.268979782677, 2819.579125, 3276.9109178764343, 2849.3810961799622, 3179.7673459701537, 3237.862653568268]
shares:[0, 4.878, 9.7704, 14.5368, 19.665, 24.7386, 30.2834, 35.3111, 40.1891, 45.1891, 50.0767, 54.6871, 59.2222, 63.5587, 67.7254, 71.6104, 75.5015, 79.2637, 83.2272, 87.1907, 91.1779, 95.1477, 99.7412, 103.7189, 107.7061, 111.6665, 115.1814, 119.3708, 123.2468, 127.1745]
growth_rate:11.65
