ticker:CHKEL
price:[18.059999465942383, 17.209999084472656, 17.450000762939453, 19.59000015258789, 18.25, 16.899999618530273, 16.110000610351562, 17.399999618530273, 17.510000228881836, 17.75, 18.56999969482422, 19.0, 19.540000915527344, 18.18000030517578, 20.0, 21.996000289916992, 22.75, 23.90999984741211, 21.63800048828125, 21.399999618530273, 21.899999618530273, 22.110000610351562, 19.010000228881836, 22.139999389648438, 21.69499969482422, 22.500999450683594, 24.799999237060547, 21.18000030517578, 23.510000228881836, 23.149999618530273]
assets:[0, 100.00042068023681, 201.3956938053131, 326.0931835399628, 403.78855, 473.91992930259704, 551.7659099044799, 695.9477847423553, 800.3470904617309, 911.31695, 1053.4166586883543, 1177.81, 1311.2845194389342, 1320.0170981582642, 1552.164, 1807.0704058179856, 1969.014775, 2169.4140611553194, 2063.2698985595703, 2140.575621842766, 2290.588850100899, 2412.55261559906, 2174.2934891786576, 2632.2909474334715, 2679.3845303100584, 2878.9263763168337, 3273.0766193080904, 2895.312395717621, 3313.8238702617646, 3363.081469582558]
shares:[0, 5.8106, 11.5413, 16.6459, 22.1254, 28.0426, 34.2499, 39.997, 45.708, 51.3418, 56.7268, 61.99, 67.1077, 72.6082, 77.6082, 82.1545, 86.5501, 90.7325, 95.354, 100.0269, 104.5931, 109.1159, 114.3763, 118.893, 123.5024, 127.9466, 131.9789, 136.7003, 140.9538, 145.2735]
growth_rate:15.97
