ticker:CHKP
price:[119.9800033569336, 118.2699966430664, 118.0, 120.19000244140625, 118.30999755859375, 125.18000030517578, 126.62000274658203, 120.47000122070312, 113.55999755859375, 121.26000213623047, 118.66999816894531, 118.9000015258789, 119.72000122070312, 120.22000122070312, 120.31999969482422, 122.25, 134.75, 132.91000366210938, 131.9600067138672, 127.61000061035156, 129.39999389648438, 127.73999786376953, 118.26000213623047, 120.72000122070312, 115.87999725341797, 110.23999786376953, 114.25, 115.1500015258789, 116.68000030517578, 115.25, 113.5999984741211, 115.37000274658203, 118.83000183105469, 119.80000305175781, 116.80999755859375, 119.87000274658203, 118.94999694824219, 118.08999633789062, 116.9800033569336, 119.98999786376953, 120.66999816894531, 118.73999786376953, 116.7300033569336, 116.94000244140625, 123.80000305175781, 122.19000244140625, 125.9000015258789, 127.0999984741211, 124.45999908447266, 123.7300033569336, 124.8499984741211, 126.68000030517578]
assets:[0, 99.99728216171265, 199.774, 303.4797561645508, 398.72835377197265, 521.8754212722778, 627.883269619751, 697.3887900665283, 757.388403717041, 908.7467080093384, 989.3399077346802, 1091.252324004364, 1198.7803162231444, 1303.7859132385254, 1404.868348436737, 1527.403725, 1783.57795, 1859.2248772277833, 1945.935043005371, 1981.7833094787597, 2109.5822204956057, 2182.5145075012206, 2120.5437503051758, 2264.6589348999023, 2273.8668341049192, 2263.194084143829, 2445.5212500000002, 2564.782043986511, 2698.855079058838, 2765.781025, 2826.1862020385743, 2970.223794711304, 3159.2976096817015, 3285.0838036834716, 3303.094705963135, 3489.619558957672, 3562.8378885925295, 3637.0774152099607, 3702.885026260376, 3898.1630565994265, 4020.2537259963988, 4055.9564690299985, 4087.30106754303, 4194.649581573486, 4540.724131932068, 4581.672988543701, 4820.786598426818, 4966.737480372619, 4963.576777487945, 5034.4624795906075, 5180.038921691132, 5355.967072902679]
shares:[0, 0.8455, 1.693, 2.525, 3.3702, 4.169, 4.9588, 5.7889, 6.6695, 7.4942, 8.3369, 9.1779, 10.0132, 10.845, 11.6761, 12.4941, 13.2362, 13.9886, 14.7464, 15.53, 16.3028, 17.0856, 17.9312, 18.7596, 19.6226, 20.5297, 21.405, 22.2734, 23.1304, 23.9981, 24.8784, 25.7452, 26.5867, 27.4214, 28.2775, 29.1117, 29.9524, 30.7992, 31.654, 32.4874, 33.3161, 34.1583, 35.015, 35.8701, 36.6779, 37.4963, 38.2906, 39.0774, 39.8809, 40.6891, 41.4901, 42.2795]
growth_rate:5.02
