ticker:CHMG
price:[30.760000228881836, 28.719999313354492, 30.239999771118164, 27.690000534057617, 30.0, 32.70000076293945, 34.9900016784668, 36.79999923706055, 34.08000183105469, 35.41999816894531, 36.29999923706055, 33.9900016784668, 33.779998779296875, 35.18000030517578, 33.650001525878906, 34.70000076293945, 33.650001525878906, 33.95000076293945, 33.72999954223633, 35.34000015258789, 34.689998626708984, 33.459999084472656, 35.47999954223633, 37.20000076293945, 35.79999923706055, 35.209999084472656, 42.54999923706055, 42.869998931884766, 41.04999923706055, 42.38999938964844, 42.4900016784668, 44.130001068115234, 42.970001220703125, 42.79999923706055, 42.5, 44.130001068115234, 44.11000061035156, 44.47999954223633, 46.599998474121094, 44.970001220703125, 43.0, 42.09000015258789, 45.5, 44.29999923706055, 43.20000076293945, 43.72999954223633, 43.79999923706055, 45.5099983215332, 46.61000061035156, 46.279998779296875, 46.31999969482422, 46.11000061035156]
assets:[0, 100.000165609169, 205.293310446167, 287.98154355430603, 412.005, 549.0853328109741, 687.5395369812012, 823.1055829353332, 862.268350328064, 996.1732805023194, 1120.9221964408875, 1149.589442768097, 1242.4857811004638, 1393.9793680923462, 1433.3554649963378, 1578.079694696808, 1630.3291139282226, 1744.8636842113494, 1833.5560291160584, 2021.0769387264252, 2083.9045355033877, 2110.014310266113, 2337.39753384285, 2550.711052312851, 2554.71658555603, 2612.6136210670475, 3257.249246596146, 3381.7441347431186, 3338.1777279579164, 3547.1442809265136, 3655.5125714023593, 3896.6040733127593, 3894.177845626831, 3978.769249075699, 4050.8790000000004, 4306.240808227539, 4404.290929942322, 4541.234481264115, 4857.677040939331, 4787.762658963013, 4678.025900000001, 4679.027464962768, 5158.1075, 5122.067801787185, 5094.882809978867, 5257.3910919658665, 5365.806506534576, 5675.292483687973, 5912.469255422974, 5970.610410516358, 6075.771199970245, 6148.224483383179]
shares:[0, 3.4819, 6.7888, 10.4002, 13.7335, 16.7916, 19.6496, 22.367, 25.3013, 28.1246, 30.8794, 33.8214, 36.7817, 39.6242, 42.596, 45.4778, 48.4496, 51.3951, 54.3598, 57.1895, 60.0722, 63.0608, 65.8793, 68.5675, 71.3608, 74.2009, 76.5511, 78.8837, 81.3198, 83.6788, 86.0323, 88.2983, 90.6255, 92.9619, 95.3148, 97.5808, 99.8479, 102.0961, 104.242, 106.4657, 108.7913, 111.1672, 113.365, 115.6223, 117.9371, 120.2239, 122.507, 124.7043, 126.8498, 129.0106, 131.1695, 133.3382]
growth_rate:20.55
