ticker:CHNG
price:[13.949999809265137, 14.319999694824219, 14.729999542236328, 13.960000038146973, 14.770000457763672, 14.949999809265137, 15.09000015258789, 15.404999732971191, 14.149999618530273, 15.494999885559082, 16.3700008392334, 17.190000534057617, 17.649999618530273, 17.81999969482422, 18.190000534057617, 18.299999237060547, 18.489999771118164, 18.649999618530273, 24.139999389648438, 24.0, 24.049999237060547, 23.860000610351562, 23.799999237060547, 23.690000534057617, 23.389999389648438, 22.8700008392334, 22.399999618530273, 22.899999618530273, 22.75, 22.639999389648438, 22.389999389648438, 22.510000228881836, 22.809999465942383, 23.219999313354492, 22.950000762939453, 22.889999389648438, 22.8799991607666, 22.979999542236328, 23.440000534057617, 23.68000030517578, 23.389999389648438, 23.15999984741211, 23.350000381469727, 22.920000076293945, 22.530000686645508, 22.360000610351562, 22.200000762939453, 21.709999084472656, 21.309999465942383, 21.469999313354492, 21.5, 21.600000381469727]
assets:[0, 99.99942186889649, 202.86302669563293, 292.25818479862215, 409.2161556827545, 514.2037484396934, 619.0189682594299, 731.9408333126067, 772.3112241792679, 945.721823015213, 1099.1260553483964, 1254.1824389648436, 1387.7435750066757, 1501.1104422927856, 1632.2778789236067, 1742.1489473686217, 1860.2363499727248, 1976.3329995758056, 2658.106026792908, 2742.6912, 2848.4049496398925, 2925.9017688461304, 3018.544383236694, 3104.5935219886783, 3165.277396403503, 3194.907099239731, 3229.248905006218, 3401.3300733404158, 3479.0505749999998, 3562.2295759658814, 3622.8944552398684, 3742.3122990518573, 3892.186539871025, 4062.1461538770677, 4114.912186794281, 4204.153540898133, 4302.316146191978, 4421.1198139308935, 4609.6190890256885, 4756.817149303436, 4798.561290783691, 4851.376120037078, 4991.176996541023, 4999.262284641075, 5014.195844817352, 5076.361870567322, 5140.037216645813, 5126.586157807922, 5132.129791381836, 5270.6636904356, 5378.02935, 5503.0428971872325]
shares:[0, 6.9832, 13.7721, 20.9354, 27.7059, 34.3949, 41.0218, 47.5132, 54.5803, 61.034, 67.1427, 72.96, 78.6257, 84.2374, 89.7349, 95.1994, 100.6077, 105.9696, 110.1121, 114.2788, 118.4368, 122.6279, 126.8296, 131.0508, 135.3261, 139.6986, 144.1629, 148.5297, 152.9253, 157.3423, 161.8086, 166.2511, 170.6351, 174.9417, 179.299, 183.6677, 188.0383, 192.3899, 196.6561, 200.8791, 205.1544, 209.4722, 213.7549, 218.1179, 222.5564, 227.0287, 231.5332, 236.1394, 240.832, 245.4897, 250.1409, 254.7705]
growth_rate:7.9
