ticker:CHNGU
price:[51.880001068115234, 53.369998931884766, 54.27000045776367, 51.52000045776367, 53.779998779296875, 54.45000076293945, 55.70000076293945, 55.86000061035156, 52.06999969482422, 56.1150016784668, 58.810001373291016, 60.81999969482422, 62.790000915527344, 63.400001525878906, 64.45999908447266, 64.08999633789062, 64.61499786376953, 64.05999755859375, 80.73999786376953, 81.06999969482422, 81.31999969482422, 80.81999969482422, 80.4800033569336, 80.41999816894531, 79.13999938964844, 77.61000061035156, 76.30999755859375, 76.51000213623047, 76.30999755859375, 75.38999938964844, 75.52999877929688, 75.30999755859375, 77.5, 77.44999694824219, 76.54000091552734, 77.05999755859375, 76.4000015258789, 77.12000274658203, 79.05000305175781, 79.41999816894531, 78.66999816894531, 76.7300033569336, 77.43000030517578, 76.30000305175781, 75.19999694824219, 74.58000183105469, 74.33999633789062, 72.69000244140625, 71.62000274658203, 71.8499984741211, 72.12999725341797, 72.5199966430664]
assets:[0, 99.99936699867249, 201.68360270118714, 291.46409858970645, 404.24811682434085, 509.28174713592523, 620.9714585056305, 722.7557898971558, 773.718539465332, 933.8265774318696, 1078.6754021884917, 1215.5424319007875, 1354.9140347557068, 1468.0777553329467, 1592.6196433799744, 1683.4775698059082, 1797.2661655807497, 1881.82648828125, 2471.8146646003725, 2581.9173502807616, 2689.878553905487, 2773.338289527893, 2861.6677193641663, 2959.5363526153565, 3012.4324207672116, 3054.194115019226, 3103.031585723877, 3211.163044658661, 3302.7653733337406, 3362.944319773865, 3469.1910329315187, 3559.0827056213375, 3762.5785, 3860.15431789856, 3914.7990808265686, 4041.3961599609374, 4106.782762021637, 4245.48699920044, 4451.732541860962, 4572.5666845779415, 4629.383244250488, 4615.225298915863, 4757.330190750122, 4787.901491500855, 4818.875964440917, 4879.143047790527, 4963.4436674926765, 4953.278491363525, 4980.369046994018, 5096.363501768494, 5216.225011375427, 5344.426420607757]
shares:[0, 1.8737, 3.7163, 5.6573, 7.5167, 9.3532, 11.1485, 12.9387, 14.8592, 16.6413, 18.3417, 19.9859, 21.5785, 23.1558, 24.7071, 26.2674, 27.815, 29.376, 30.6145, 31.848, 33.0777, 34.315, 35.5575, 36.801, 38.0646, 39.3531, 40.6635, 41.9705, 43.2809, 44.6073, 45.9313, 47.2591, 48.5494, 49.8406, 51.1471, 52.4448, 53.7537, 55.0504, 56.3154, 57.5745, 58.8456, 60.1489, 61.4404, 62.751, 64.0808, 65.4216, 66.7668, 68.1425, 69.5388, 70.9306, 72.317, 73.6959]
growth_rate:4.79
