ticker:CHNR
price:[1.1100000143051147, 1.090000033378601, 1.100000023841858, 1.100000023841858, 1.159999966621399, 1.2899999618530273, 1.309999942779541, 1.3700000047683716, 1.149999976158142, 1.2100000381469727, 1.2200000286102295, 1.4800000190734863, 1.600000023841858, 1.4600000381469727, 1.4600000381469727, 1.4299999475479126, 1.4700000286102295, 1.3799999952316284, 1.6200000047683716, 1.7100000381469727, 1.7100000381469727, 1.559999942779541, 2.1600000858306885, 2.1700000762939453, 2.700000047683716, 1.9600000381469727, 1.7400000095367432, 2.0, 2.0399999618530273, 1.7699999809265137, 1.809999942779541, 1.7899999618530273, 1.5099999904632568, 1.5700000524520874, 1.5, 1.4900000095367432, 1.2999999523162842, 1.350000023841858, 1.409999966621399, 1.559999942779541, 1.5499999523162842, 1.4600000381469727, 1.5399999618530273, 1.5700000524520874, 1.5800000429153442, 1.5700000524520874, 1.4900000095367432, 1.4199999570846558, 1.4199999570846558, 1.3700000047683716, 1.190000057220459, 1.2400000095367432]
assets:[0, 99.99998206225634, 200.9174243547678, 300.91743652220964, 417.33109999144074, 564.1009873188019, 672.8467556102277, 803.6641967972041, 774.6085889407755, 915.0229618474007, 1022.5851139806508, 1340.5131252758504, 1549.203383084929, 1513.6480315486908, 1613.6479601614951, 1680.4907503599643, 1827.4975675681114, 1815.6099657264472, 2231.3682425678967, 2455.3331377739905, 2555.3330850048064, 2431.18097482481, 3466.2508497364283, 3582.298187948227, 4557.237200483703, 3408.2166263332365, 3125.661719131398, 3692.7146, 3866.568803697109, 3454.817119770956, 3632.8919721515176, 3692.7495153032305, 3215.1128176942348, 3442.8658320226073, 3389.3621999999996, 3466.7664831890347, 3124.6954853868488, 3344.8762940726397, 3593.537335931027, 4075.8285424994947, 4149.701412339878, 4008.751158740902, 4328.408592782021, 4512.72855176562, 4641.471958069849, 4712.09563642627, 4571.988741263009, 4457.197111294257, 4557.197058272051, 4496.732520651162, 4005.921111622381, 4274.237004872823]
shares:[0, 91.7431, 182.6522, 273.5613, 359.7682, 437.2876, 513.6235, 586.6162, 673.5727, 756.2173, 838.1845, 905.7521, 968.2521, 1036.7452, 1105.2383, 1175.1684, 1243.1956, 1315.6594, 1377.3878, 1435.8673, 1494.3468, 1558.4494, 1604.7457, 1650.8286, 1687.8656, 1738.886, 1796.3573, 1846.3573, 1895.3769, 1951.8741, 2007.1227, 2062.9886, 2129.2138, 2192.9081, 2259.5748, 2326.6889, 2403.612, 2477.6861, 2548.6081, 2612.7107, 2677.2268, 2745.7199, 2810.655, 2874.3493, 2937.6404, 3001.3347, 3068.4488, 3138.8713, 3209.2938, 3282.2865, 3366.3201, 3446.9653]
growth_rate:-16.19
