ticker:CHPMU
price:[10.800000190734863, 10.550000190734863, 10.550000190734863, 10.399999618530273, 10.520000457763672, 10.520000457763672, 10.520000457763672, 10.520000457763672, 10.520000457763672, 10.649999618530273, 10.376999855041504, 11.5, 10.449999809265137, 10.449999809265137, 10.449999809265137, 10.449999809265137, 10.649999618530273, 10.5600004196167, 10.913999557495117, 10.899999618530273, 10.9399995803833, 11.170000076293945, 11.199999809265137, 11.09000015258789, 11.210000038146973, 11.0, 10.300000190734863, 10.640000343322754, 10.5, 10.359999656677246, 10.168999671936035, 10.375, 10.375, 10.300000190734863, 10.25, 10.260000228881836, 10.260000228881836, 10.260000228881836, 10.279999732971191, 10.279999732971191, 10.279999732971191, 10.687999725341797, 10.619999885559082, 10.550000190734863, 10.621000289916992, 10.531000137329102, 10.335000038146973, 10.390000343322754, 10.390000343322754, 10.390000343322754, 10.345000267028809, 10.229999542236328]
assets:[0, 100.00028680791854, 200.00057361583708, 297.1571091003418, 400.585837430954, 500.5858057823181, 600.5857741336822, 700.5857424850465, 800.5857108364105, 910.4791173877716, 987.1401291104318, 1193.9691, 1184.9547383720396, 1284.9549665468217, 1384.9551947216034, 1484.9554228963852, 1613.3758972108842, 1699.7418915416717, 1856.721255319786, 1954.3394116035463, 2061.511640928268, 2204.853017059708, 2310.7750006477354, 2388.079599857712, 2513.919857554722, 2566.8258, 2503.481996359348, 2686.121286673546, 2750.7774, 2814.100174742794, 2862.218509561443, 3020.2008875, 3120.2013625, 3197.645359213829, 3282.1227750000003, 3385.325037520409, 3485.3251557512285, 3585.325273982048, 3692.3137640900613, 3792.313489492512, 3892.3132148949626, 4146.794261436462, 4220.411318520927, 4292.593572606373, 4421.482060891342, 4484.0156104736325, 4500.560763111782, 4624.5112278103825, 4724.510825114728, 4824.510422419071, 4903.614955573845, 4949.103960541534]
shares:[0, 9.4787, 18.9574, 28.5728, 38.0785, 47.5842, 57.0899, 66.5956, 76.1013, 85.491, 95.1277, 103.8234, 113.3928, 122.9622, 132.5316, 142.101, 151.4907, 160.9604, 170.1229, 179.2972, 188.438, 197.3906, 206.3192, 215.3363, 224.2569, 233.3478, 243.0565, 252.455, 261.9788, 271.6313, 281.4651, 291.1037, 300.7423, 310.451, 320.2071, 329.9537, 339.7003, 349.4469, 359.1745, 368.9021, 378.6297, 387.986, 397.4022, 406.8809, 416.2962, 425.792, 435.4679, 445.0925, 454.7171, 464.3417, 474.0082, 483.7834]
growth_rate:-2.96
