ticker:CHPM
price:[10.170000076293945, 10.140000343322754, 10.260000228881836, 10.09000015258789, 10.0600004196167, 10.020000457763672, 10.050000190734863, 10.0, 10.199999809265137, 9.960000038146973, 10.039999961853027, 10.0, 10.239999771118164, 10.050000190734863, 10.289999961853027, 10.350000381469727, 10.399999618530273, 10.260000228881836, 10.470000267028809, 10.461999893188477, 10.444999694824219, 10.380000114440918, 10.479999542236328, 10.680000305175781, 10.579999923706055, 10.300000190734863, 10.029999732971191, 10.0, 9.989999771118164, 9.890000343322754, 9.920000076293945, 10.0, 9.970000267028809, 10.0, 9.960000038146973, 10.0, 9.920000076293945, 9.949999809265137, 9.949999809265137, 9.979999542236328, 9.979999542236328, 9.979999542236328, 9.979999542236328, 10.0, 9.970000267028809, 9.960000038146973, 9.979999542236328, 9.970000267028809, 9.970000267028809, 9.989999771118164, 9.979999542236328, 9.991999626159668]
assets:[0, 99.99966938581467, 201.18321448802948, 297.84974150428775, 396.96459855794905, 495.3858166316986, 596.8685063277244, 693.899, 807.7767448949813, 888.7706434040069, 995.9097642160415, 1091.942, 1218.1483247722626, 1295.5455245876312, 1426.4841727117537, 1534.8015565681458, 1642.21609976387, 1720.1095583724975, 1855.3165043183328, 1953.8987930517198, 2050.72423758316, 2137.9623955713273, 2258.5593733467103, 2401.6618646263123, 2479.174352122307, 2513.5626065460206, 2547.6730911732675, 2640.053, 2737.4127842828752, 2810.0111825470926, 2918.5344544462205, 3042.0710000000004, 3132.944967910385, 3242.372, 3329.402916751671, 3442.774, 3515.23138703537, 3625.8625154946326, 3725.86299857769, 3837.096251999664, 3937.0958474128724, 4037.09544282608, 4137.095038239288, 4245.3859999999995, 4332.650055042362, 4428.3046609604835, 4537.196213887405, 4632.650354077339, 4732.650453755665, 4842.14389806118, 4937.296391535569, 5043.232994512653]
shares:[0, 9.8619, 19.6085, 29.5193, 39.4597, 49.4397, 59.3899, 69.3899, 79.1938, 89.234, 99.1942, 109.1942, 118.9598, 128.91, 138.6282, 148.29, 157.9054, 167.652, 177.2031, 186.7615, 196.3355, 205.9694, 215.5114, 224.8747, 234.3265, 244.0352, 254.0053, 264.0053, 274.0153, 284.1265, 294.2071, 304.2071, 314.2372, 324.2372, 334.2774, 344.2774, 354.358, 364.4083, 374.4586, 384.4786, 394.4986, 404.5186, 414.5386, 424.5386, 434.5687, 444.6089, 454.6289, 464.659, 474.6891, 484.6991, 494.7191, 504.7271]
growth_rate:-1.11
