ticker:CHRS
price:[18.43000030517578, 18.229999542236328, 19.889999389648438, 18.40999984741211, 16.959999084472656, 18.610000610351562, 18.149999618530273, 17.59000015258789, 16.670000076293945, 16.68000030517578, 17.84000015258789, 18.18000030517578, 18.6200008392334, 18.940000534057617, 17.799999237060547, 17.440000534057617, 17.350000381469727, 17.3799991607666, 18.18000030517578, 17.729999542236328, 18.329999923706055, 18.799999237060547, 17.850000381469727, 18.15999984741211, 17.270000457763672, 16.239999771118164, 15.829999923706055, 16.25, 15.4399995803833, 14.529999732971191, 14.550000190734863, 13.949999809265137, 14.390000343322754, 14.890000343322754, 14.800000190734863, 14.319999694824219, 15.130000114440918, 13.479999542236328, 13.15999984741211, 13.270000457763672, 14.5, 14.149999618530273, 15.40999984741211, 13.729999542236328, 13.529999732971191, 13.010000228881836, 13.069999694824219, 13.050000190734863, 13.020000457763672, 13.930000305175781, 15.0, 15.75]
assets:[0, 100.00066248893738, 209.10754158325193, 293.5474475669861, 370.4267320037842, 506.4655836105347, 593.9460325166702, 675.6195928607941, 740.2830303880692, 840.7270593818665, 999.1952165462493, 1118.237274771118, 1245.3019321277618, 1366.702862537384, 1384.4412206604004, 1456.4406045999526, 1548.924754055786, 1651.6022022485731, 1827.6245226791382, 1882.386959399414, 2046.0880744836809, 2198.5508707786557, 2187.453286747742, 2325.442460460663, 2311.4755792686465, 2273.616207956314, 2316.2155118368146, 2477.668375, 2454.166317302513, 2409.5229327183724, 2512.840322940636, 2509.2185506920814, 2688.362888140106, 2881.7734414458273, 2964.355678203106, 2968.2137367439273, 3236.108821477413, 2983.1953426944733, 3012.3779210720063, 3137.557581233597, 3528.37925, 3543.210844478607, 3958.7195498012543, 3627.1391050697325, 3674.304143483734, 3633.0893999160767, 3749.8443414436338, 3844.105931184292, 3935.269098358154, 4310.315418429565, 4741.4025, 5078.472525]
shares:[0, 5.4855, 10.5132, 15.945, 21.8412, 27.2147, 32.7243, 38.4093, 44.4081, 50.4033, 56.0087, 61.5092, 66.8798, 72.1596, 77.7776, 83.5115, 89.2752, 95.0289, 100.5294, 106.1696, 111.6251, 116.9442, 122.5464, 128.053, 133.8434, 140.001, 146.3181, 152.4719, 158.9486, 165.8309, 172.7038, 179.8723, 186.8216, 193.5375, 200.2943, 207.2775, 213.8869, 221.3053, 228.9041, 236.4399, 243.3365, 250.4036, 256.8929, 264.1762, 271.5672, 279.2536, 286.9047, 294.5675, 302.248, 309.4268, 316.0935, 322.4427]
growth_rate:-0.42
