ticker:CHRW
price:[97.9000015258789, 98.66000366210938, 103.12999725341797, 102.36000061035156, 100.87000274658203, 105.44999694824219, 100.2300033569336, 100.54000091552734, 88.43000030517578, 90.62000274658203, 91.97000122070312, 92.58999633789062, 92.72000122070312, 92.93000030517578, 93.16999816894531, 92.5999984741211, 94.66000366210938, 93.87000274658203, 97.36000061035156, 95.20999908447266, 97.80000305175781, 85.55999755859375, 88.83999633789062, 91.30000305175781, 90.77999877929688, 90.8499984741211, 94.02999877929688, 95.91999816894531, 96.69999694824219, 97.69999694824219, 97.1500015258789, 97.44999694824219, 100.76000213623047, 99.77999877929688, 97.08000183105469, 99.51000213623047, 99.77999877929688, 96.58000183105469, 97.0199966430664, 96.33999633789062, 100.0, 92.88999938964844, 95.79000091552734, 93.77999877929688, 93.16999816894531, 93.30000305175781, 92.87999725341797, 89.16999816894531, 91.0, 91.9000015258789, 88.69000244140625, 90.73999786376953]
assets:[0, 100.00177971191407, 204.52741055297852, 302.9958378067017, 398.58781585311885, 516.683895046997, 591.1064447975159, 692.931740309906, 709.4650494483948, 827.0343930664063, 939.3540014678955, 1045.6836416412352, 1147.1503991027832, 1249.7505231040955, 1352.9774454101562, 1444.6988761940001, 1576.836875003052, 1663.6768326782226, 1825.5292194442748, 1885.2151078720092, 2036.499243547058, 1881.626910308838, 2053.7586153411867, 2210.628713891602, 2298.041201098633, 2399.811794693756, 2583.8127244567872, 2735.743859776306, 2857.9877498046876, 2987.5388966812134, 3070.7172482299807, 3180.202690408325, 3388.226363834381, 3455.2715997283935, 3461.775785293579, 3648.42476732254, 3758.323412020874, 3737.7909408645633, 3854.817910621643, 3927.8009186950685, 4177.02, 3980.02993684845, 4204.290193183137, 4216.06740512085, 4288.642966716003, 4394.626073744202, 4474.846811672974, 4396.107660728455, 4586.3272, 4731.682948563384, 4666.406740454102, 4874.2623172485355]
shares:[0, 1.0136, 1.9832, 2.9601, 3.9515, 4.8998, 5.8975, 6.8921, 8.0229, 9.1264, 10.2137, 11.2937, 12.3722, 13.4483, 14.5216, 15.6015, 16.6579, 17.7232, 18.7503, 19.8006, 20.8231, 21.9919, 23.1175, 24.2128, 25.3144, 26.4151, 27.4786, 28.5211, 29.5552, 30.5787, 31.608, 32.6342, 33.6267, 34.6289, 35.659, 36.6639, 37.6661, 38.7015, 39.7322, 40.7702, 41.7702, 42.8467, 43.8907, 44.957, 46.0303, 47.1021, 48.1788, 49.3003, 50.3992, 51.4873, 52.6148, 53.7168]
growth_rate:-4.43
