ticker:CHSCP
price:[28.799999237060547, 29.25, 28.34000015258789, 28.8700008392334, 28.84000015258789, 29.260000228881836, 28.6299991607666, 28.8799991607666, 29.0, 29.059999465942383, 29.489999771118164, 29.700000762939453, 29.989999771118164, 30.0, 30.25, 29.780000686645508, 29.530000686645508, 29.899999618530273, 29.540000915527344, 29.700000762939453, 29.799999237060547, 29.90999984741211, 29.899999618530273, 29.389999389648438, 29.149999618530273, 29.3700008392334, 29.989999771118164, 30.350000381469727, 30.0, 29.8700008392334, 30.219999313354492, 30.09000015258789, 30.25, 30.110000610351562, 29.790000915527344, 29.989999771118164, 29.809999465942383, 30.239999771118164, 30.200000762939453, 30.479999542236328, 30.969999313354492, 29.43000030517578, 29.540000915527344, 30.149999618530273, 29.920000076293945, 29.8700008392334, 29.799999237060547, 29.950000762939453, 30.18000030517578, 30.229999542236328, 30.15999984741211, 30.280000686645508]
assets:[0, 99.9999, 196.8893170600891, 300.5713527374267, 400.2588261177063, 506.08681595878596, 595.1890525531769, 700.3861876472473, 803.2971, 904.9603493688584, 1018.3516210962296, 1125.6032989147186, 1236.5926555624008, 1337.004, 1448.14615, 1525.6473031772614, 1612.8400475025176, 1733.0488278894425, 1812.1815741645812, 1921.9969393726349, 2028.4680680671693, 2135.9568371032715, 2235.2432414823534, 2297.116474295044, 2378.3572138757704, 2496.3061583307262, 2649.0016847829816, 2780.800574951935, 2848.731, 2936.3853675012588, 3070.793142226791, 3157.5844360122683, 3274.37495, 3359.222218093872, 3423.5205272140506, 3546.503410933304, 3625.217883052826, 3777.5112194086073, 3872.5158978309637, 4008.4186437995913, 4172.857446482277, 4065.3601801559444, 4180.554101567078, 4366.8807197484975, 4433.56655530529, 4526.156422167778, 4615.549041832733, 4738.781965714645, 4875.174637297058, 4983.252182540131, 5071.71160634079, 5191.890673734093]
shares:[0, 3.4188, 6.9474, 10.4112, 13.8786, 17.2962, 20.789, 24.2516, 27.6999, 31.1411, 34.5321, 37.8991, 41.2335, 44.5668, 47.8726, 51.2306, 54.617, 57.9615, 61.3467, 64.7137, 68.0694, 71.4128, 74.7573, 78.1598, 81.5903, 84.9951, 88.3295, 91.6244, 94.9577, 98.3055, 101.6146, 104.938, 108.2438, 111.565, 114.9218, 118.2562, 121.6108, 124.9177, 128.229, 131.5098, 134.7387, 138.1366, 141.5218, 144.8385, 148.1807, 151.5285, 154.8842, 158.2231, 161.5366, 164.8446, 168.1602, 171.4627]
growth_rate:1.8
