ticker:CHSCM
price:[25.711000442504883, 26.600000381469727, 26.6299991607666, 26.25, 26.719999313354492, 27.194000244140625, 26.649999618530273, 27.170000076293945, 26.489999771118164, 27.100000381469727, 27.479999542236328, 27.0, 27.173999786376953, 27.780000686645508, 27.959999084472656, 27.68000030517578, 27.829999923706055, 27.93000030517578, 27.420000076293945, 27.725000381469727, 27.899999618530273, 27.670000076293945, 27.729999542236328, 27.030000686645508, 26.65999984741211, 27.0, 27.899999618530273, 27.979999542236328, 27.760000228881836, 27.700000762939453, 27.8700008392334, 27.79199981689453, 28.1200008392334, 27.989999771118164, 27.549999237060547, 27.68000030517578, 27.170000076293945, 27.3799991607666, 27.479999542236328, 27.959999084472656, 28.106000900268555, 28.229999542236328, 27.899999618530273, 28.440000534057617, 28.139999389648438, 27.8700008392334, 28.3700008392334, 28.170000076293945, 28.719999313354492, 28.450000762939453, 28.6299991607666, 28.6200008392334]
assets:[0, 100.00004143409728, 200.1137916934967, 297.25762499999996, 402.57954165458676, 509.72162117614744, 599.5237214183808, 711.2209409971238, 793.4205261445999, 911.6900828332901, 1024.47361893425, 1106.5788, 1213.7103960586549, 1340.7767311403275, 1449.4631285385133, 1534.9473609230042, 1643.2640904951097, 1749.1693361122132, 1817.2303430562972, 1937.4452066574095, 2049.6734719753267, 2132.7759358806607, 2237.4005590652464, 2280.921201942444, 2349.6977485515595, 2479.6638, 2662.318403598785, 2769.952802682495, 2848.173247483254, 2942.017081031799, 3060.0731391462327, 3151.509948836517, 3288.704398150444, 3373.5003204139707, 3420.470155277252, 3536.609974991608, 3571.4476040287022, 3699.0515766191484, 3812.5613964900967, 3979.1552297058106, 4099.934775325775, 4218.022080602646, 4268.71389163494, 4451.335031588936, 4504.3809583007815, 4561.162532347679, 4742.993198305893, 4809.557074025917, 5003.460424375916, 5056.421480597305, 5188.41147491169, 5286.600695020676]
shares:[0, 3.7594, 7.5146, 11.3241, 15.0666, 18.7439, 22.4962, 26.1767, 29.9517, 33.6417, 37.2807, 40.9844, 44.6644, 48.2641, 51.8406, 55.4533, 59.0465, 62.6269, 66.2739, 69.8808, 73.465, 77.079, 80.6852, 84.3848, 88.1357, 91.8394, 95.4236, 98.9976, 102.5999, 106.21, 109.7981, 113.3963, 116.9525, 120.5252, 124.155, 127.7677, 131.4482, 135.1005, 138.7395, 142.316, 145.874, 149.4163, 153.0005, 156.5167, 160.0704, 163.6585, 167.1834, 170.7333, 174.2152, 177.7301, 181.2229, 184.717]
growth_rate:3.66
