ticker:CHSCN
price:[26.06399917602539, 27.020000457763672, 27.190000534057617, 26.790000915527344, 27.25, 28.15999984741211, 27.649999618530273, 27.809999465942383, 27.440000534057617, 27.225000381469727, 28.030000686645508, 27.899999618530273, 28.200000762939453, 28.049999237060547, 28.040000915527344, 27.760000228881836, 27.799999237060547, 27.799999237060547, 27.44499969482422, 27.850000381469727, 27.850000381469727, 27.780000686645508, 27.8799991607666, 27.30299949645996, 26.899999618530273, 27.440000534057617, 28.410999298095703, 28.3799991607666, 28.09000015258789, 27.75, 27.799999237060547, 27.83099937438965, 27.850000381469727, 27.899999618530273, 27.540000915527344, 27.969999313354492, 27.81999969482422, 28.1299991607666, 28.15999984741211, 28.399999618530273, 28.5, 28.360000610351562, 28.290000915527344, 28.81999969482422, 28.600000381469727, 28.25, 28.260000228881836, 28.350000381469727, 28.690000534057617, 28.3799991607666, 28.610000610351562, 28.489999771118164]
assets:[0, 100.00102169418335, 200.62957594070434, 297.67709517288205, 402.78770000000003, 516.237565202713, 606.8870766271591, 710.3980933576584, 800.9461755886078, 894.6706850358962, 1021.1245160142897, 1116.3877947359085, 1228.3920332336427, 1321.8590190464022, 1421.3869024093628, 1507.1931244268417, 1609.3641958328246, 1709.3635730884553, 1787.5367421234132, 1913.916081215477, 2013.9170775852203, 2108.8548581251143, 2216.4459932813643, 2270.5747744245527, 2337.0612068580626, 2483.975864344978, 2671.8754946903227, 2768.9598921182633, 2840.6658724308018, 2906.282475, 3011.518317352295, 3114.876064081001, 3217.0036740642545, 3322.7783545684815, 3379.9044463600158, 3532.6780412750245, 3613.731718358612, 3753.999022002792, 3858.001643095017, 3990.8815463943483, 4104.9348, 4184.770494062805, 4274.440911330415, 4454.520022830963, 4520.5160602951055, 4565.19435, 4666.81122179718, 4781.672659340858, 4939.01801993866, 4985.6506765678405, 5126.05667035675, 5204.5560071878435]
shares:[0, 3.701, 7.3788, 11.1115, 14.7812, 18.3323, 21.9489, 25.5447, 29.189, 32.8621, 36.4297, 40.0139, 43.56, 47.1251, 50.6914, 54.2937, 57.8908, 61.4879, 65.1316, 68.7223, 72.313, 75.9127, 79.4995, 83.1621, 86.8796, 90.5239, 94.0437, 97.5673, 101.1273, 104.7309, 108.328, 111.9211, 115.5118, 119.096, 122.7271, 126.3024, 129.8969, 133.4518, 137.0029, 140.524, 144.0328, 147.5589, 151.0937, 154.5635, 158.06, 161.5998, 165.1384, 168.6657, 172.1512, 175.6748, 179.1701, 182.6801]
growth_rate:2.05
