ticker:CHSCL
price:[28.040000915527344, 28.40999984741211, 28.139999389648438, 27.756000518798828, 28.5, 28.8700008392334, 28.209999084472656, 28.360000610351562, 28.020000457763672, 28.690000534057617, 28.690000534057617, 29.0, 29.0, 29.229999542236328, 29.110000610351562, 29.260000228881836, 29.440000534057617, 29.56999969482422, 29.270000457763672, 29.149999618530273, 29.309999465942383, 29.09000015258789, 28.959999084472656, 28.40999984741211, 27.920000076293945, 28.309999465942383, 28.969999313354492, 28.75, 28.780000686645508, 28.600000381469727, 28.780000686645508, 28.8799991607666, 28.649999618530273, 28.80299949645996, 28.520000457763672, 28.899999618530273, 28.649999618530273, 28.90999984741211, 29.139999389648438, 29.59000015258789, 29.68000030517578, 28.469999313354492, 28.579999923706055, 29.420000076293945, 29.325000762939453, 29.030000686645508, 29.229000091552734, 29.239999771118164, 29.610000610351562, 29.389999389648438, 29.549999237060547, 29.770000457763672]
assets:[0, 100.00035846290588, 199.05109968261718, 296.33416393890377, 404.2782, 509.52664481163026, 597.8770785964965, 701.0563790878296, 792.6521889495849, 911.604683969307, 1011.6036808307647, 1122.5349, 1222.5356, 1332.2303041362763, 1426.759726914978, 1534.1105900003433, 1643.5469098148346, 1750.804197930908, 1833.0425596675873, 1925.5265448017121, 2036.0953189002992, 2120.8122791244505, 2211.3334020919797, 2269.3368088115694, 2330.1976223674774, 2462.746304541206, 2620.1597208971025, 2700.26325, 2803.079970877075, 2885.5484184877396, 3003.70823366375, 3114.144749505043, 3189.3437425344464, 3306.376960597229, 3373.8903861530302, 3518.843723552513, 3588.403857221031, 3720.968497360611, 3850.5711753479004, 4010.0338616786958, 4122.2314983856195, 4054.1763012205124, 4169.84199486866, 4392.397185390663, 4478.215001508332, 4533.165242222786, 4664.2410728096, 4765.997154693222, 4926.304631546021, 4989.7018413772585, 5116.86604788971, 5254.961779803848]
shares:[0, 3.5199, 7.0736, 10.6764, 14.1852, 17.649, 21.1938, 24.7199, 28.2888, 31.7743, 35.2598, 38.7081, 42.1564, 45.5775, 49.0127, 52.4303, 55.827, 59.2088, 62.6253, 66.0558, 69.4676, 72.9052, 76.3582, 79.8781, 83.4598, 86.9921, 90.4439, 93.9222, 97.3968, 100.8933, 104.3679, 107.8305, 111.3209, 114.7928, 118.2991, 121.7593, 125.2497, 128.7087, 132.1404, 135.5199, 138.8892, 142.4017, 145.9007, 149.2997, 152.7098, 156.1545, 159.5758, 162.9958, 166.373, 169.7755, 173.1596, 176.5187]
growth_rate:3.04
