ticker:CHSCO
price:[27.950000762939453, 28.190000534057617, 27.850000381469727, 27.5, 28.149999618530273, 28.479999542236328, 27.8799991607666, 28.09000015258789, 27.969999313354492, 27.889999389648438, 28.3799991607666, 28.360000610351562, 28.719999313354492, 28.899999618530273, 28.889999389648438, 28.510000228881836, 28.360000610351562, 28.780000686645508, 28.309999465942383, 28.280000686645508, 28.510000228881836, 28.459999084472656, 28.450000762939453, 28.170000076293945, 27.8700008392334, 28.25, 28.649999618530273, 29.059999465942383, 28.940000534057617, 28.75, 29.049999237060547, 28.780000686645508, 28.770000457763672, 28.729999542236328, 28.440000534057617, 28.479999542236328, 28.229999542236328, 28.729999542236328, 28.649999618530273, 29.079999923706055, 29.100000381469727, 27.979999542236328, 28.18000030517578, 28.649999618530273, 28.559999465942383, 28.43000030517578, 28.5, 28.709999084472656, 28.899999618530273, 28.799999237060547, 28.84000015258789, 28.799999237060547]
assets:[0, 100.001207894516, 198.79608772296905, 296.29875, 403.3022295347214, 508.02907983436586, 597.3261940195084, 701.8258448123931, 798.8287743892669, 896.5435533798217, 1012.2947040651321, 1111.5815679229736, 1225.6920266958236, 1333.3737323999405, 1432.9121907272338, 1514.0634761550903, 1606.097734565735, 1729.8823792722703, 1801.6313800128937, 1899.7231861257553, 2015.172346178055, 2111.6380140708925, 2210.8950792892456, 2289.1364611997606, 2364.758423208618, 2497.0005499999997, 2632.356234950638, 2770.0282090930937, 2858.5890687522888, 2939.822625, 3070.497769359589, 3141.958722962189, 3240.8657495658877, 3336.3602598407747, 3402.68395589695, 3507.4685836238864, 3576.6788360023497, 3740.028245409012, 3829.6139340093614, 3987.0919055395125, 4089.833363613319, 4032.424372027969, 4161.2476510643, 4330.6508573381425, 4417.04667740345, 4496.940885271454, 4608.01395, 4741.967386784363, 4873.349135673522, 4956.4856286979675, 5063.369610789489, 5156.3461034034735]
shares:[0, 3.5474, 7.1381, 10.7745, 14.3269, 17.8381, 21.4249, 24.9849, 28.5602, 32.1457, 35.6693, 39.1954, 42.6773, 46.1375, 49.5989, 53.1064, 56.6325, 60.1071, 63.6394, 67.1755, 70.683, 74.1967, 77.7116, 81.2615, 84.8496, 88.3894, 91.8798, 95.321, 98.7764, 102.2547, 105.697, 109.1716, 112.6474, 116.1281, 119.6443, 123.1555, 126.6978, 130.1785, 133.6689, 137.1077, 140.5441, 144.1181, 147.6667, 151.1571, 154.6585, 158.1759, 161.6847, 165.1678, 168.628, 172.1002, 175.5676, 179.0398]
growth_rate:1.1
