ticker:CHTR
price:[604.02001953125, 601.52001953125, 625.25, 614.22998046875, 620.22998046875, 635.6400146484375, 633.9199829101562, 593.280029296875, 603.8200073242188, 644.489990234375, 647.1900024414062, 655.4099731445312, 642.7999877929688, 670.739990234375, 651.760009765625, 652.0, 656.489990234375, 661.5499877929688, 634.3800048828125, 628.9099731445312, 646.6900024414062, 607.5599975585938, 617.6500244140625, 613.4500122070312, 607.2899780273438, 613.4199829101562, 624.030029296875, 624.1500244140625, 629.739990234375, 631.75, 608.5800170898438, 614.239990234375, 644.3699951171875, 657.5399780273438, 673.4500122070312, 693.4400024414062, 710.4000244140625, 692.52001953125, 694.530029296875, 682.6500244140625, 686.739990234375, 685.5999755859375, 721.2899780273438, 731.9199829101562, 736.469970703125, 709.989990234375, 726.8099975585938, 744.0499877929688, 770.0900268554688, 771.7100219726562, 794.0900268554688, 807.1799926757812]
assets:[0, 99.97262724609374, 203.894025, 300.2970374511719, 403.2115103027344, 513.2157478271484, 611.7961755065918, 672.6015692138672, 784.5433355163574, 937.4106907958984, 1041.3287139282227, 1154.5702086914064, 1232.3761365966798, 1385.950041821289, 1446.7116936767577, 1547.2612, 1657.8998213378904, 1770.7046973266602, 1797.9598098388672, 1882.4533316162108, 2035.6507896850587, 2012.481735913086, 2145.9014798217772, 2231.301729400635, 2308.916496459961, 2432.2102322387695, 2574.248676855469, 2674.7325146240237, 2798.6904645996096, 2907.629375, 2900.9792254638674, 3027.957455859375, 3276.492551171875, 3443.4711109313967, 3626.797695739746, 3834.4458375000004, 4028.2522984375, 4026.8654095703123, 4138.565538574218, 4167.783194055176, 4292.743004956054, 4385.645923828125, 4713.918522399902, 4883.370125976562, 5013.740266552734, 4933.4364461425785, 5150.3210046997065, 5372.48734185791, 5660.546742401123, 5772.468135357666, 6039.848744262696, 6239.420625384521]
shares:[0, 0.1662, 0.3261, 0.4889, 0.6501, 0.8074, 0.9651, 1.1337, 1.2993, 1.4545, 1.609, 1.7616, 1.9172, 2.0663, 2.2197, 2.3731, 2.5254, 2.6766, 2.8342, 2.9932, 3.1478, 3.3124, 3.4743, 3.6373, 3.802, 3.965, 4.1252, 4.2854, 4.4442, 4.6025, 4.7668, 4.9296, 5.0848, 5.2369, 5.3854, 5.5296, 5.6704, 5.8148, 5.9588, 6.1053, 6.2509, 6.3968, 6.5354, 6.672, 6.8078, 6.9486, 7.0862, 7.2206, 7.3505, 7.4801, 7.606, 7.7299]
growth_rate:22.34
