ticker:CHUY
price:[22.469999313354492, 21.799999237060547, 20.290000915527344, 19.020000457763672, 20.309999465942383, 22.360000610351562, 23.190000534057617, 23.309999465942383, 20.989999771118164, 20.969999313354492, 22.6299991607666, 23.139999389648438, 24.280000686645508, 25.829999923706055, 25.020000457763672, 26.0, 27.93000030517578, 26.489999771118164, 28.450000762939453, 33.16999816894531, 34.93000030517578, 35.08000183105469, 40.540000915527344, 41.470001220703125, 41.790000915527344, 41.0, 41.900001525878906, 43.630001068115234, 43.900001525878906, 42.63999938964844, 45.47999954223633, 45.560001373291016, 46.20000076293945, 45.470001220703125, 48.86000061035156, 44.310001373291016, 42.4900016784668, 41.70000076293945, 41.45000076293945, 40.810001373291016, 39.369998931884766, 36.47999954223633, 37.68000030517578, 36.9900016784668, 36.470001220703125, 34.38999938964844, 35.88999938964844, 33.0, 32.75, 31.200000762939453, 30.540000915527344, 33.400001525878906]
assets:[0, 100.00095650024414, 193.07356171188357, 280.98817276268005, 400.0460594806671, 540.42556275177, 660.4860002107621, 763.9036474981309, 787.8743344087601, 887.1232389518738, 1057.3482397882462, 1181.1766408447265, 1339.3673898777008, 1524.8714624959946, 1577.0531628536226, 1738.8254, 1967.9003405021665, 1966.440100009346, 2211.936349317169, 2678.9085621185304, 2921.0527125205995, 3033.595778343201, 3605.7574094299316, 3788.475373516846, 3917.7081108283996, 3943.6465, 4130.213040410614, 4400.74442073555, 4527.977857383728, 4498.016783615112, 4897.604710704803, 5006.219514899826, 5176.543765484619, 5194.752118460083, 5682.046734979248, 5252.915214802551, 5137.155925931167, 5141.643454071044, 5210.816380911637, 5230.360773006058, 5145.8045293933865, 4868.069890913772, 5128.202825534058, 5134.293610974884, 5162.1171467834465, 4967.704191833496, 5284.382497132874, 4958.8638, 5021.2955, 4883.6456394207, 4880.337956302643, 5437.36994840622]
shares:[0, 4.5872, 9.5157, 14.7733, 19.697, 24.1693, 28.4815, 32.7715, 37.5357, 42.3044, 46.7233, 51.0448, 55.1634, 59.0349, 63.0317, 66.8779, 70.4583, 74.2333, 77.7482, 80.763, 83.6259, 86.4765, 88.9432, 91.3546, 93.7475, 96.1865, 98.5731, 100.8651, 103.143, 105.4882, 107.687, 109.8819, 112.0464, 114.2457, 116.2924, 118.5492, 120.9027, 123.3008, 125.7133, 128.1637, 130.7037, 133.4449, 136.0988, 138.8022, 141.5442, 144.452, 147.2383, 150.2686, 153.322, 156.5271, 159.8015, 162.7955]
growth_rate:6.62
