ticker:CHW
price:[8.180000305175781, 8.170000076293945, 8.289999961853027, 7.889999866485596, 8.0600004196167, 8.789999961853027, 8.479999542236328, 8.5, 7.800000190734863, 8.630000114440918, 8.819999694824219, 9.079999923706055, 9.199999809265137, 9.510000228881836, 9.420000076293945, 9.710000038146973, 9.720000267028809, 9.5600004196167, 9.609999656677246, 9.720000267028809, 9.869999885559082, 9.550000190734863, 9.880000114440918, 10.220000267028809, 10.3100004196167, 9.920000076293945, 9.90999984741211, 10.050000190734863, 10.100000381469727, 9.90999984741211, 10.279999732971191, 10.880000114440918, 10.739999771118164, 10.359999656677246, 10.649999618530273, 10.75, 10.239999771118164, 10.40999984741211, 10.479999542236328, 10.619999885559082, 10.880000114440918, 10.630000114440918, 10.899999618530273, 11.050000190734863, 10.880000114440918, 10.880000114440918, 11.050000190734863, 11.109999656677246, 10.979999542236328, 10.850000381469727, 10.520000457763672, 10.600000381469727]
assets:[0, 99.99998393383026, 201.4685530729294, 291.7477360630512, 398.03344872226717, 534.0839136821746, 615.248558787918, 716.6996, 757.6771985276222, 938.3019404426575, 1058.9600333595276, 1190.1764259996414, 1305.9059329258919, 1449.9088998956681, 1536.187236441803, 1683.4799956137658, 1785.214129043579, 1855.828389457798, 1965.5341907801628, 2088.0329613626477, 2220.255487256527, 2248.2715499030114, 2425.9609161001204, 2609.445074179745, 2732.424357209587, 2729.0634449890135, 2826.3121364822387, 2966.2394662950514, 3080.997036367035, 3123.037351913452, 3339.638841250992, 3634.559782229996, 3687.7915734088897, 3657.3109067994114, 3859.6876617507933, 3995.9287249999998, 3906.35408868618, 4071.2052003250124, 4198.581256607055, 4354.669357074165, 4561.281199977684, 4556.471950054264, 4772.205132986069, 4937.878225233078, 4961.911092191696, 5061.911349243545, 5241.004040465355, 5369.461723072147, 5406.63302659378, 5442.62059135437, 5377.084677976609, 5517.975418579293]
shares:[0, 12.2399, 24.3026, 36.9769, 49.3838, 60.7604, 72.5529, 84.3176, 97.1381, 108.7256, 120.0635, 131.0767, 141.9463, 152.4615, 163.0772, 173.3759, 183.664, 194.1243, 204.5301, 214.8182, 224.9499, 235.4211, 245.5426, 255.3273, 265.0266, 275.1072, 285.198, 295.1482, 305.0492, 315.14, 324.8676, 334.0588, 343.3698, 353.0223, 362.412, 371.7143, 381.4799, 391.086, 400.628, 410.0442, 419.2354, 428.6427, 437.817, 446.8668, 456.058, 465.2492, 474.299, 483.2999, 492.4074, 501.624, 511.1297, 520.5637]
growth_rate:8.2
