ticker:CHX
price:[10.109999656677246, 8.850000381469727, 9.15999984741211, 8.079999923706055, 8.239999771118164, 8.630000114440918, 7.949999809265137, 8.510000228881836, 8.729999542236328, 8.369999885559082, 10.390000343322754, 11.789999961853027, 12.819999694824219, 14.270000457763672, 13.859999656677246, 14.069999694824219, 14.920000076293945, 15.300000190734863, 17.790000915527344, 17.690000534057617, 17.18000030517578, 15.289999961853027, 16.959999084472656, 16.799999237060547, 18.18000030517578, 21.270000457763672, 23.3700008392334, 25.065000534057617, 22.389999389648438, 22.209999084472656, 21.56999969482422, 20.479999542236328, 20.90999984741211, 20.415000915527344, 21.010000228881836, 25.190000534057617, 25.770000457763672, 25.280000686645508, 26.5, 29.68000030517578, 26.940000534057617, 26.350000381469727, 26.920000076293945, 25.3700008392334, 24.860000610351562, 22.34000015258789, 22.040000915527344, 23.239999771118164, 23.459999084472656, 22.989999771118164, 21.440000534057617, 24.139999389648438]
assets:[0, 99.99969431037903, 203.50222061004638, 279.508205360794, 385.0428293046951, 503.26708667373657, 563.6120564779281, 703.3132239160537, 821.4955759243012, 887.619236863804, 1201.8352367129326, 1463.776834263897, 1691.655367730713, 1982.989230611801, 2026.0145558140755, 2156.7114612213136, 2387.003068206024, 2547.797341761684, 3062.438359602356, 3145.223717953682, 3154.5469880355836, 2907.509696746063, 3325.072268507385, 3393.7040058815005, 3772.4718693260193, 4513.668511141205, 5059.306045683288, 5526.251109747314, 5036.4758717056275, 5095.9865659362795, 5049.142197563934, 4893.992850610733, 5096.747641807175, 5076.094027141571, 5324.037006999779, 6483.268830452919, 6732.54662359314, 6704.531734105873, 7128.089250000001, 8083.460867115783, 7437.212799435044, 7374.334821758462, 7633.855173635102, 7294.31414229412, 7247.679605941773, 6612.999719168472, 6624.195007164764, 7084.858018223953, 7251.926764993286, 7206.640743252754, 6820.765257901192, 7779.723131298828]
shares:[0, 11.2994, 22.2164, 34.5926, 46.7285, 58.316, 70.8946, 82.6455, 94.1003, 106.0477, 115.6723, 124.1541, 131.9544, 138.9621, 146.1771, 153.2844, 159.9868, 166.5227, 172.1438, 177.7967, 183.6174, 190.1576, 196.0538, 202.0062, 207.5067, 212.2082, 216.4872, 220.4768, 224.9431, 229.4456, 234.0817, 238.9645, 243.7469, 248.6453, 253.4049, 257.3747, 261.2552, 265.2109, 268.9845, 272.3538, 276.0658, 279.8609, 283.5756, 287.5173, 291.5398, 296.0161, 300.5533, 304.8562, 309.1188, 313.4685, 318.1327, 322.2752]
growth_rate:52.54
