ticker:CHY
price:[11.979999542236328, 11.739999771118164, 11.949999809265137, 11.510000228881836, 11.789999961853027, 12.5, 12.3100004196167, 12.210000038146973, 11.5, 12.3100004196167, 12.670000076293945, 13.109999656677246, 13.550000190734863, 14.020000457763672, 13.90999984741211, 14.3100004196167, 14.600000381469727, 14.279999732971191, 14.520000457763672, 14.609999656677246, 15.010000228881836, 14.350000381469727, 15.350000381469727, 15.800000190734863, 15.520000457763672, 15.210000038146973, 14.479999542236328, 14.729999542236328, 14.890000343322754, 14.670000076293945, 15.0600004196167, 15.979999542236328, 15.819999694824219, 16.020000457763672, 15.680000305175781, 15.960000038146973, 15.170000076293945, 15.420000076293945, 15.850000381469727, 15.899999618530273, 15.970000267028809, 16.079999923706055, 16.239999771118164, 16.440000534057617, 16.31999969482422, 15.550000190734863, 15.680000305175781, 15.90999984741211, 16.360000610351562, 16.18000030517578, 16.079999923706055, 16.229999542236328]
assets:[0, 100.0001440504074, 201.78889177923202, 294.35904785346986, 401.5202387008667, 525.6999999999999, 617.7096660561562, 712.6915972266197, 771.2498, 925.5729285504341, 1052.6413443386077, 1189.1975808574675, 1329.110033709049, 1475.212488166809, 1563.6383838474273, 1708.6026021018981, 1843.228148159981, 1902.828528418064, 2034.8096321502685, 2147.4215795373916, 2306.214487166595, 2304.808091269302, 2565.4225387544634, 2740.6301130844117, 2792.062050352097, 2836.292362113476, 2800.165479476929, 2948.511373369217, 3080.5385670288088, 3135.023026304245, 3318.367178459644, 3621.08227827034, 3684.8259689178467, 3831.410593480682, 3850.0954989334105, 4018.847709605694, 3919.9204347143173, 4084.520552209091, 4298.420248452187, 4411.979594148636, 4531.40293476801, 4662.614665877532, 4809.008220223236, 4968.232277394294, 5031.968353904724, 4894.553825036144, 5035.47373000412, 5209.336473038864, 5456.6786115753175, 5496.642197673797, 5562.670149607086, 5714.560116822052]
shares:[0, 8.5179, 16.8861, 25.5742, 34.056, 42.056, 50.1795, 58.3695, 67.0652, 75.1887, 83.0814, 90.7092, 98.0893, 105.222, 112.4111, 119.3992, 126.2485, 133.2513, 140.1384, 146.983, 153.6452, 160.6138, 167.1285, 173.4576, 179.9009, 186.4755, 193.3816, 200.1705, 206.8864, 213.703, 220.3431, 226.6009, 232.922, 239.1642, 245.5418, 251.8075, 258.3995, 264.8846, 271.1937, 277.483, 283.7447, 289.9636, 296.1212, 302.2039, 308.3314, 314.7623, 321.1399, 327.4253, 333.5378, 339.7183, 345.9372, 352.0986]
growth_rate:12.05
