ticker:CID
price:[27.0, 26.780000686645508, 26.719999313354492, 25.527999877929688, 25.902999877929688, 26.510000228881836, 26.264999389648438, 26.493999481201172, 24.993000030517578, 26.43000030517578, 27.94099998474121, 28.700000762939453, 29.323999404907227, 29.499000549316406, 29.579999923706055, 29.780000686645508, 29.559999465942383, 29.770000457763672, 30.90999984741211, 30.590999603271484, 30.549999237060547, 29.690000534057617, 30.381000518798828, 30.829999923706055, 30.889999389648438, 30.8799991607666, 31.444000244140625, 31.809999465942383, 32.0, 32.150001525878906, 32.14500045776367, 32.27000045776367, 32.709999084472656, 32.61000061035156, 32.46099853515625, 33.22200012207031, 33.474998474121094, 33.6349983215332, 33.869998931884766, 34.0, 34.06999969482422, 32.83300018310547, 33.224998474121094, 32.95000076293945, 32.869998931884766, 32.52199935913086, 32.582000732421875, 32.77399826049805, 32.84600067138672, 33.2400016784668, 32.63999938964844, 32.9379997253418]
assets:[0, 99.99920056400299, 199.7747468662262, 290.8634778091431, 395.13731163787844, 504.3978213548661, 599.7349960632324, 704.9629357955932, 765.0232344341279, 909.0096434959411, 1060.9784455205918, 1189.7987116287231, 1315.6681517002105, 1423.5185200080873, 1527.4283720603944, 1637.757093762207, 1725.6566048227312, 1837.9164722610474, 2008.2968740859983, 2087.5695812267304, 2184.77097543869, 2223.267402991676, 2375.0104107566835, 2510.1107677883147, 2614.9959873306275, 2714.148118236923, 2863.72144503479, 2997.0554436824796, 3114.9568, 3229.5576732788086, 3329.0551839076993, 3442.0021508262635, 3588.934557548523, 3677.9613118392945, 3761.1552711730956, 3949.331708511352, 4079.407256549835, 4198.905739464569, 4328.243776505661, 4444.8574, 4554.007393208313, 4488.661837732697, 4642.2532693016055, 4703.830078914642, 4792.409687269974, 4841.67037599144, 4950.603679086304, 5079.7763637874605, 5190.935961705017, 5353.202550312042, 5356.573147834778, 5505.477958691788]
shares:[0, 3.7341, 7.4766, 11.3939, 15.2545, 19.0267, 22.834, 26.6084, 30.6095, 34.3931, 37.9721, 41.4564, 44.8666, 48.2565, 51.6372, 54.9952, 58.3781, 61.7372, 64.9724, 68.2413, 71.5146, 74.8827, 78.1742, 81.4178, 84.6551, 87.8934, 91.0737, 94.2174, 97.3424, 100.4528, 103.5637, 106.6626, 109.7198, 112.7863, 115.8669, 118.877, 121.8643, 124.8374, 127.7899, 130.7311, 133.6662, 136.7119, 139.7217, 142.7566, 145.7989, 148.8737, 151.9429, 154.9941, 158.0386, 161.047, 164.1107, 167.1467]
growth_rate:7.95
