ticker:CIDM
price:[0.7099999785423279, 0.9100000262260437, 0.6299999952316284, 0.5799999833106995, 0.5699999928474426, 0.5699999928474426, 0.6000000238418579, 0.5699999928474426, 0.4699999988079071, 0.4699999988079071, 0.6000000238418579, 0.5899999737739563, 0.550000011920929, 0.699999988079071, 0.8399999737739563, 0.7699999809265137, 0.6399999856948853, 0.6399999856948853, 0.7099999785423279, 0.8299999833106995, 1.3799999952316284, 1.25, 1.7999999523162842, 2.0, 1.9700000286102295, 1.399999976158142, 1.090000033378601, 1.25, 1.350000023841858, 1.690000057220459, 1.5800000429153442, 1.2300000190734863, 1.2200000286102295, 1.3600000143051147, 1.440000057220459, 1.2300000190734863, 1.1799999475479126, 1.2899999618530273, 1.4299999475479126, 1.6200000047683716, 1.6100000143051147, 1.3799999952316284, 1.3799999952316284, 1.2300000190734863, 1.2599999904632568, 1.350000023841858, 1.4600000381469727, 1.6100000143051147, 1.5499999523162842, 1.7699999809265137, 1.5099999904632568, 1.7599999904632568]
assets:[0, 99.99999388198256, 169.23078771911858, 255.79977063944938, 351.38943459064365, 451.38943533580897, 575.1468228542805, 646.3894538888811, 632.98782039451, 732.9878401408732, 1035.7292211561798, 1118.4669622831107, 1142.638774766028, 1554.2674435309825, 1965.1208866460145, 1901.360798901844, 1680.3518344412087, 1780.3518322060345, 2075.0778162868437, 2525.7951932123424, 4299.515013143707, 3994.48825, 5852.063004973269, 6602.2924, 6603.258067898846, 4792.670598381305, 3831.4365543284293, 4493.849125, 4953.3571774794345, 6300.869463336468, 5990.753600718511, 4763.687860870028, 4824.958715150142, 5478.642417626917, 5900.91561048131, 5140.365280711127, 5031.407086349308, 5600.4366653878205, 6308.235988615274, 7246.393509329319, 7301.662726876473, 6358.568018028975, 6458.56806168344, 5856.549888816929, 6099.392455834651, 6635.063547179437, 7275.698344099904, 8123.20145917598, 7920.473096337032, 9144.669501457214, 7901.384802097035, 9309.561133555175]
shares:[0, 109.8901, 268.6203, 441.0341, 616.4727, 791.9113, 958.578, 1134.0166, 1346.7826, 1559.5486, 1726.2153, 1895.7068, 2077.525, 2220.3821, 2339.4297, 2469.2998, 2625.5498, 2781.7998, 2922.6449, 3043.1268, 3115.5906, 3195.5906, 3251.1462, 3301.1462, 3351.9076, 3423.3362, 3515.0793, 3595.0793, 3669.1534, 3728.325, 3791.6161, 3872.9169, 3954.8841, 4028.4135, 4097.8579, 4179.1587, 4263.9045, 4341.4239, 4411.354, 4473.0824, 4535.1942, 4607.658, 4680.1218, 4761.4226, 4840.7877, 4914.8618, 4983.3549, 5045.4667, 5109.9828, 5166.48, 5232.7052, 5289.5234]
growth_rate:82.54
