ticker:CIGI
price:[66.23999786376953, 65.36000061035156, 64.9800033569336, 65.81999969482422, 65.80999755859375, 66.94000244140625, 67.88999938964844, 65.55999755859375, 70.87999725341797, 74.7300033569336, 80.26000213623047, 86.9800033569336, 90.36000061035156, 92.38999938964844, 87.70999908447266, 89.58000183105469, 90.5199966430664, 89.12999725341797, 87.11000061035156, 87.33999633789062, 92.51000213623047, 88.36000061035156, 98.0, 104.16000366210938, 104.73999786376953, 103.5199966430664, 104.8499984741211, 103.0999984741211, 101.69999694824219, 102.95999908447266, 106.16999816894531, 102.2300033569336, 105.33000183105469, 106.66000366210938, 107.87999725341797, 116.55000305175781, 110.55999755859375, 108.9800033569336, 110.98999786376953, 114.37999725341797, 118.30000305175781, 114.05000305175781, 116.12000274658203, 113.41000366210938, 111.81999969482422, 112.26000213623047, 118.0199966430664, 128.58999633789062, 130.0800018310547, 134.1199951171875, 131.22999572753906, 136.41000366210938]
assets:[0, 100.0008009338379, 199.4171323020935, 301.9953225997925, 401.9477220886231, 508.8511225585938, 616.0745884613037, 694.9294181213379, 851.3183830116272, 997.5633418113708, 1171.38670517807, 1369.4653608535766, 1522.6834782852172, 1656.8945320541384, 1672.9629805374145, 1808.6291949691774, 1927.6052245147703, 1998.0093224304198, 2052.7297423828127, 2158.15384151001, 2385.906963095093, 2378.87211643219, 2738.4042, 3010.5365858459472, 3127.2954342170715, 3190.869320526886, 3331.860341511536, 3376.246580031586, 3430.4019170623783, 3572.907592229462, 3784.302180734253, 3743.867182937622, 3957.3956307952876, 4107.37008102417, 4254.355571685791, 4696.265822967529, 4554.9060594177245, 4589.812719380951, 4774.467837105561, 5020.2982114486695, 5292.351746525574, 5202.219814201355, 5396.642291646575, 5370.700838424682, 5395.4044412750245, 5516.636120977782, 5899.689810190583, 6528.076908087158, 6703.724926364136, 7011.92746472168, 6960.832663375854, 7335.59799793396]
shares:[0, 1.53, 3.0689, 4.5882, 6.1077, 7.6016, 9.0746, 10.5999, 12.0107, 13.3489, 14.5949, 15.7446, 16.8513, 17.9337, 19.0738, 20.1901, 21.2948, 22.4168, 23.5648, 24.7098, 25.7908, 26.9225, 27.9429, 28.903, 29.8577, 30.8237, 31.7774, 32.7473, 33.7306, 34.7019, 35.6438, 36.622, 37.5714, 38.509, 39.436, 40.294, 41.1985, 42.1161, 43.0171, 43.8914, 44.7367, 45.6135, 46.4747, 47.3565, 48.2508, 49.1416, 49.9889, 50.7666, 51.5354, 52.281, 53.043, 53.7761]
growth_rate:43.84
