ticker:CIH
price:[1.6200000047683716, 1.5199999809265137, 1.6799999475479126, 1.399999976158142, 1.3799999952316284, 1.399999976158142, 1.399999976158142, 1.4900000095367432, 1.340000033378601, 1.4500000476837158, 1.4800000190734863, 1.5800000429153442, 1.8550000190734863, 2.0, 2.049999952316284, 1.909999966621399, 1.9500000476837158, 1.9700000286102295, 2.109999895095825, 2.0399999618530273, 2.0799999237060547, 2.0999999046325684, 2.3399999141693115, 2.3299999237060547, 2.2899999618530273, 2.1500000953674316, 2.180000066757202, 2.4600000381469727, 2.440000057220459, 2.2300000190734863, 2.2100000381469727, 2.25, 2.134999990463257, 2.2200000286102295, 2.200000047683716, 2.0799999237060547, 1.9600000381469727, 1.8700000047683716, 1.8650000095367432, 1.9299999475479126, 2.0199999809265137, 1.8899999856948853, 1.9900000095367432, 1.9199999570846558, 1.7230000495910645, 1.6399999856948853, 1.5700000524520874, 1.690000057220459, 1.7000000476837158, 1.649999976158142, 1.4500000476837158, 1.5]
assets:[0, 100.00003874516487, 210.52633742705584, 275.43865530930753, 371.50386471632714, 476.8880118786454, 576.8880501756549, 713.973734569788, 742.0972444851994, 903.0156596959591, 1021.6987731671334, 1190.7324303422095, 1497.9802229025365, 1715.073, 1857.9498067834377, 1831.0653980008365, 1969.412493158412, 2089.6115353473424, 2338.1117727546452, 2360.544135859013, 2506.829220050049, 2630.933220521259, 3031.611224801159, 3118.6557348821643, 3165.116577275276, 3071.616126247501, 3214.4759344355107, 3727.3443337995527, 3797.0407370444295, 3570.246086536789, 3638.2260437996865, 3804.0761249999996, 3709.645534929538, 3957.336309000135, 4021.6845671676633, 3902.3196808637617, 3777.186045514393, 3703.743701444292, 3793.8406478999377, 4026.065582582617, 4313.809747267627, 4136.188423693836, 4455.03451335001, 4398.3245736897825, 4047.0383416810987, 3952.0850855274202, 3883.398740740359, 4280.2190359207625, 4405.545703572226, 4375.970711768926, 3945.550179750681, 4181.60355]
shares:[0, 65.7895, 125.3133, 196.7419, 269.2057, 340.6343, 412.0629, 479.177, 553.8039, 622.7694, 690.337, 753.6281, 807.5365, 857.5365, 906.317, 958.673, 1009.9551, 1060.7165, 1108.1099, 1157.1295, 1205.2064, 1252.8254, 1295.5604, 1338.4789, 1382.147, 1428.6586, 1474.5302, 1515.1806, 1556.1642, 1601.0072, 1646.2561, 1690.7005, 1737.5389, 1782.5839, 1828.0384, 1876.1153, 1927.1357, 1980.6116, 2034.2309, 2086.0444, 2135.5494, 2188.4595, 2238.7108, 2290.7941, 2348.8324, 2409.808, 2473.5023, 2532.6739, 2591.4974, 2652.1035, 2721.069, 2787.7357]
growth_rate:-18.01
