ticker:CIL
price:[37.263999938964844, 36.95199966430664, 37.47999954223633, 36.32899856567383, 36.93899917602539, 37.696998596191406, 37.5, 37.28499984741211, 35.46799850463867, 37.939998626708984, 39.32500076293945, 39.95600128173828, 40.2599983215332, 40.83000183105469, 40.91400146484375, 41.244998931884766, 41.14400100708008, 41.79999923706055, 42.89899826049805, 42.61199951171875, 42.66600036621094, 41.77000045776367, 42.12799835205078, 42.83399963378906, 42.66899871826172, 41.54100036621094, 41.55099868774414, 42.60100173950195, 42.82400131225586, 42.987998962402344, 43.275001525878906, 43.82600021362305, 44.224998474121094, 44.15599822998047, 43.904998779296875, 45.25299835205078, 44.75, 45.09600067138672, 45.76599884033203, 45.74700164794922, 45.80400085449219, 44.84000015258789, 45.33000183105469, 44.893001556396484, 44.64099884033203, 44.90299987792969, 45.59000015258789, 45.650001525878906, 46.26300048828125, 46.263999938964844, 45.37099838256836, 45.93299865722656]
assets:[0, 99.99950149154662, 201.4287615398407, 295.2421384433746, 400.2008109729767, 508.4118806671143, 605.75625, 702.2816146259307, 768.0559608181001, 921.5853306419373, 1055.2274079723359, 1172.1612404014588, 1281.0811985908508, 1399.2196647491453, 1502.1002841796874, 1614.2508926959993, 1710.298520262909, 1837.565586460495, 1985.8804274749757, 2072.596521850586, 2175.2236302703855, 2229.5447834339143, 2348.6527593261717, 2488.012868728638, 2578.42785594635, 2610.266144911194, 2710.8951869850157, 2879.401707572937, 2994.472574159622, 3105.9388094322203, 3226.6749912727355, 3367.7607778156284, 3498.4229267951964, 3592.964744773865, 3672.5389948913576, 3885.2957301116944, 3942.1080500000003, 4072.588253432464, 4233.094026537323, 4331.335265428162, 4436.731256369018, 4443.357039120483, 4591.911053485107, 4647.642261429215, 4721.553452545166, 4849.2635494171145, 5023.457259813309, 5130.069566475678, 5298.959449627686, 5399.073562477112, 5394.861248178482, 5561.686903213501]
shares:[0, 2.7062, 5.3743, 8.1269, 10.8341, 13.4868, 16.1535, 18.8355, 21.6549, 24.2906, 26.8335, 29.3363, 31.8202, 34.2694, 36.7136, 39.1381, 41.5686, 43.9609, 46.292, 48.6388, 50.9826, 53.3767, 55.7504, 58.085, 60.4286, 62.8359, 65.2426, 67.59, 69.9251, 72.2513, 74.5621, 76.8439, 79.1051, 81.3698, 83.6474, 85.8572, 88.0918, 90.3093, 92.4943, 94.6802, 96.8634, 99.0936, 101.2996, 103.5271, 105.7672, 107.9942, 110.1877, 112.3783, 114.5399, 116.7014, 118.9055, 121.0826]
growth_rate:9.05
