ticker:CINF
price:[81.08000183105469, 76.91999816894531, 78.01000213623047, 76.87000274658203, 77.77999877929688, 79.69000244140625, 78.58000183105469, 77.4000015258789, 70.73999786376953, 74.25, 78.77999877929688, 77.4000015258789, 77.80999755859375, 82.95999908447266, 80.16999816894531, 83.04000091552734, 85.2300033569336, 87.37000274658203, 87.77999877929688, 93.69999694824219, 87.31999969482422, 84.08999633789062, 86.70999908447266, 92.41999816894531, 96.26000213623047, 97.87000274658203, 104.26000213623047, 107.61000061035156, 107.0, 105.79000091552734, 104.13999938964844, 105.08999633789062, 106.41000366210938, 109.36000061035156, 112.68000030517578, 120.3499984741211, 120.95999908447266, 120.27999877929688, 121.70999908447266, 124.22000122070312, 121.80000305175781, 113.81999969482422, 119.08000183105469, 117.83999633789062, 118.87000274658203, 118.52999877929688, 115.23999786376953, 117.87999725341797, 119.29000091552734, 121.38999938964844, 123.30999755859375, 124.4000015258789]
assets:[0, 100.00368961944581, 201.42182551574706, 298.4785336647034, 402.0137016906738, 511.888730682373, 604.75955209198, 695.6789537147522, 735.8162357795716, 872.326125, 1025.5501461090087, 1107.5862818351745, 1213.4546929260255, 1393.7694646186828, 1446.892092953491, 1598.6860976257324, 1740.8483875663758, 1884.5622222434997, 1993.4047702789305, 2227.8392374404907, 2176.145372394562, 2195.648667379761, 2364.0614150390625, 2619.737268096924, 2828.5905367729183, 2975.9038125144957, 3270.1983750045774, 3475.2757307113643, 3555.5779, 3615.3732812881467, 3658.9797065551757, 3792.3616798461912, 3940.000641595459, 4149.227783157349, 4375.195391849517, 4773.008729484558, 4897.198618933869, 4969.668849563599, 5128.749822420502, 5334.516154421997, 5330.589313560486, 5081.345920375824, 5416.175263282776, 5459.774494326782, 5607.502187565613, 5691.466804385376, 5633.495771570588, 5862.549479403686, 6032.674281299591, 6238.875435630798, 6437.558725543213, 6594.468960887146]
shares:[0, 1.3001, 2.582, 3.8829, 5.1686, 6.4235, 7.6961, 8.9881, 10.4017, 11.7485, 13.0179, 14.3099, 15.5951, 16.8005, 18.0478, 19.252, 20.4253, 21.5699, 22.7091, 23.7763, 24.9215, 26.1107, 27.264, 28.346, 29.3849, 30.4067, 31.3658, 32.2951, 33.2297, 34.175, 35.1352, 36.0868, 37.0266, 37.941, 38.8285, 39.6594, 40.4861, 41.3175, 42.1391, 42.9441, 43.7651, 44.6437, 45.4835, 46.3321, 47.1734, 48.0171, 48.8849, 49.7332, 50.5715, 51.3953, 52.2063, 53.0102]
growth_rate:29.3
