ticker:CIVB
price:[13.8100004196167, 13.220000267028809, 12.670000076293945, 12.350000381469727, 13.300000190734863, 14.100000381469727, 14.279999732971191, 15.350000381469727, 14.260000228881836, 14.510000228881836, 16.290000915527344, 16.540000915527344, 17.229999542236328, 17.309999465942383, 17.18000030517578, 16.260000228881836, 16.81999969482422, 17.530000686645508, 18.889999389648438, 18.729999542236328, 18.450000762939453, 17.049999237060547, 18.6200008392334, 19.780000686645508, 19.3799991607666, 19.229999542236328, 21.420000076293945, 23.5, 21.889999389648438, 22.8799991607666, 23.149999618530273, 23.040000915527344, 23.639999389648438, 23.209999084472656, 23.1299991607666, 23.149999618530273, 23.65999984741211, 23.690000534057617, 23.739999771118164, 23.6299991607666, 22.739999771118164, 22.1299991607666, 22.360000610351562, 22.639999389648438, 22.170000076293945, 22.969999313354492, 22.559999465942383, 22.889999389648438, 23.440000534057617, 23.809999465942383, 23.020000457763672, 23.93000030517578]
assets:[0, 100.00004801988602, 195.84019117927554, 290.89437898521425, 413.2709059267044, 538.1293345588684, 644.9990279388428, 793.3294647153854, 836.9949914342881, 951.6688360116959, 1168.4133476669313, 1286.3439892021179, 1440.0058267421723, 1546.6917272806168, 1635.0756050445555, 1647.516881191063, 1804.2578192642213, 1980.4185205724716, 2234.061668815613, 2315.1384504177095, 2380.529798439026, 2299.893152086258, 2611.672971712303, 2874.376293781471, 2916.2499477144243, 2993.678253736496, 3434.611332233429, 3868.1305500000003, 3703.1224407470704, 3970.5996303592683, 4117.456617151833, 4197.892774809265, 4407.212178211975, 4427.047373373413, 4511.788522297286, 4615.690908941841, 4817.3747129318235, 4923.483334992981, 5033.874657467461, 5110.549712495804, 5018.065311492348, 4983.456724012947, 5135.2514041748045, 5299.557473129273, 5289.540318202972, 5580.412028183937, 5580.8046838869095, 5762.438318347168, 6000.897976724626, 6195.621390032386, 6090.053919103621, 6430.799916011047]
shares:[0, 7.5643, 15.457, 23.5542, 31.073, 38.1652, 45.168, 51.6827, 58.6953, 65.5871, 71.7258, 77.7717, 83.5755, 89.3525, 95.1732, 101.3233, 107.2686, 112.9731, 118.2669, 123.6059, 129.026, 134.8911, 140.2617, 145.3173, 150.4773, 155.6775, 160.346, 164.6013, 169.1696, 173.5402, 177.8599, 182.2002, 186.4303, 190.7388, 195.0622, 199.3819, 203.6084, 207.8296, 212.0419, 216.2738, 220.6713, 225.1901, 229.6624, 234.0794, 238.59, 242.9435, 247.3761, 251.7448, 256.011, 260.2109, 264.5549, 268.7338]
growth_rate:26.09
