ticker:CIZ
price:[28.200000762939453, 28.25, 28.405000686645508, 27.545000076293945, 27.979999542236328, 28.549999237060547, 28.219999313354492, 28.18000030517578, 26.68000030517578, 28.670000076293945, 29.65999984741211, 30.209999084472656, 30.628999710083008, 30.8799991607666, 30.760000228881836, 31.170000076293945, 31.030000686645508, 31.3700008392334, 32.470001220703125, 31.88599967956543, 32.189998626708984, 31.079999923706055, 31.93000030517578, 32.48099899291992, 32.44499969482422, 31.58099937438965, 31.538000106811523, 32.50699996948242, 32.58300018310547, 32.650001525878906, 32.880001068115234, 33.314998626708984, 33.90299987792969, 33.904998779296875, 33.42100143432617, 34.43600082397461, 33.81700134277344, 34.22800064086914, 34.61800003051758, 34.83000183105469, 34.763999938964844, 33.8129997253418, 34.4739990234375, 34.28300094604492, 33.90800094604492, 34.44900131225586, 34.47999954223633, 34.62099838256836, 34.917999267578125, 35.06700134277344, 34.45199966430664, 34.85300064086914]
assets:[0, 99.99935, 200.54782634792326, 294.4753323156357, 399.1262994701385, 507.2564014446258, 601.3935833669663, 700.5407175865173, 763.2507767303467, 920.1808544486998, 1051.9541805881502, 1171.4621974983215, 1287.7105316112518, 1398.2618019990923, 1492.8289511079788, 1612.7264529474257, 1705.4833097396852, 1824.17182280159, 1988.1381747436521, 2052.3806325748446, 2171.9493393402104, 2197.054518606758, 2357.1428685287474, 2497.818055454635, 2595.0484105911255, 2625.9443074808123, 2722.3696306200027, 2906.0152734718326, 3012.8099200309753, 3119.005670764923, 3240.978417284012, 3383.857714512634, 3543.5822308410643, 3643.7905618103027, 3691.7740551395414, 3903.8923310112, 3933.7187190963746, 4081.528204820633, 4228.034815727234, 4353.927861891174, 4445.675934594727, 4424.059071063995, 4610.542287194824, 4684.998347083282, 4733.753598473358, 4909.278948407746, 5013.695357437135, 5134.197121339416, 5278.243179086304, 5400.767064404296, 5406.049308124542, 5568.97276620102]
shares:[0, 3.5398, 7.0603, 10.6907, 14.2647, 17.7673, 21.3109, 24.8595, 28.6076, 32.0956, 35.4671, 38.7773, 42.0422, 45.2805, 48.5315, 51.7397, 54.9624, 58.1502, 61.23, 64.3662, 67.4728, 70.6903, 73.8222, 76.9009, 79.983, 83.1495, 86.3203, 89.3966, 92.4657, 95.5285, 98.5699, 101.5716, 104.5212, 107.4706, 110.4627, 113.3666, 116.3237, 119.2453, 122.134, 125.0051, 127.8816, 130.839, 133.7397, 136.6566, 139.6058, 142.5086, 145.4088, 148.2972, 151.1611, 154.0128, 156.9154, 159.7846]
growth_rate:9.2
