ticker:CIZN
price:[22.239999771118164, 20.0, 21.5, 20.18000030517578, 21.770000457763672, 22.229999542236328, 21.190000534057617, 21.399999618530273, 21.700000762939453, 21.290000915527344, 21.079999923706055, 20.979999542236328, 20.469999313354492, 21.0, 21.31999969482422, 21.739999771118164, 20.350000381469727, 20.950000762939453, 21.600000381469727, 20.459999084472656, 20.790000915527344, 20.190000534057617, 20.25, 20.399999618530273, 20.139999389648438, 19.56999969482422, 21.520000457763672, 22.450000762939453, 20.969999313354492, 19.93000030517578, 20.510000228881836, 19.530000686645508, 21.399999618530273, 19.399999618530273, 19.100000381469727, 18.600000381469727, 19.059999465942383, 19.56999969482422, 18.899999618530273, 19.100000381469727, 19.299999237060547, 18.100000381469727, 18.84000015258789, 18.440000534057617, 18.239999771118164, 17.1299991607666, 17.799999237060547, 17.649999618530273, 17.829999923706055, 17.950000762939453, 17.690000534057617, 17.68000030517578]
assets:[0, 100.0, 207.5008, 294.7611924575806, 417.9861857891083, 526.8176441516877, 602.1710781766891, 708.1388273769379, 818.0661587619782, 902.6087498146056, 993.7048724035262, 1088.9899542392732, 1162.517872004509, 1292.6172, 1412.3135317840577, 1540.1354997852327, 1541.6631188991548, 1687.1182264400481, 1839.4625124860765, 1842.3799515586852, 1972.0958278450012, 2015.180105304718, 2121.169275, 2236.882398171425, 2308.372212043762, 2343.0416974624636, 2676.5070169334413, 2892.17298328743, 2801.508028266907, 2762.5690903015134, 2942.965575842094, 2902.345590042114, 3280.2454415273664, 3073.6796795610426, 3126.14863243618, 3144.311464487076, 3322.0740429161074, 3510.965580249786, 3490.7637795438764, 3627.703182453346, 3765.6884711402895, 3631.553306537437, 3880.026439424896, 3897.6481608833315, 3955.3749583665845, 3814.669235111618, 4063.871545815277, 4129.6251257463455, 4271.739909721375, 4400.48935703659, 4436.749428944588, 4534.241166265869]
shares:[0, 5.0, 9.6512, 14.6066, 19.2001, 23.6985, 28.4177, 33.0906, 37.6989, 42.3959, 47.1397, 51.9061, 56.7913, 61.5532, 66.2436, 70.8434, 75.7574, 80.5307, 85.1603, 90.0479, 94.8579, 99.8108, 104.7491, 109.6511, 114.6163, 119.7262, 124.373, 128.8273, 133.596, 138.6136, 143.4893, 148.6096, 153.2825, 158.4371, 163.6727, 169.049, 174.2956, 179.4055, 184.6965, 189.9321, 195.1134, 200.6383, 205.9462, 211.3692, 216.8517, 222.6894, 228.3074, 233.9731, 239.5816, 245.1526, 250.8055, 256.4616]
growth_rate:-11.09
