ticker:CJJD
price:[0.9300000071525574, 0.9700000286102295, 0.9599999785423279, 0.9300000071525574, 0.949999988079071, 0.949999988079071, 0.9200000166893005, 1.0099999904632568, 0.8999999761581421, 1.0700000524520874, 0.9700000286102295, 1.0, 1.059999942779541, 1.100000023841858, 1.0199999809265137, 1.059999942779541, 1.0299999713897705, 1.0099999904632568, 1.100000023841858, 1.100000023841858, 1.2000000476837158, 1.0800000429153442, 1.2400000095367432, 1.350000023841858, 1.3300000429153442, 1.100000023841858, 1.0, 1.0800000429153442, 1.1200000047683716, 1.100000023841858, 1.159999966621399, 1.0299999713897705, 0.9800000190734863, 1.0299999713897705, 1.0, 0.9700000286102295, 0.9200000166893005, 1.0299999713897705, 0.9900000095367432, 0.9700000286102295, 0.9900000095367432, 0.9800000190734863, 0.9700000286102295, 0.9399999976158142, 0.9300000071525574, 0.9200000166893005, 0.8500000238418579, 0.8199999928474426, 0.7699999809265137, 0.7200000286102295, 0.6399999856948853, 0.7099999785423279]
assets:[0, 100.00001894950866, 198.9691155526936, 292.7513542515278, 399.04711499261856, 499.04715373778345, 583.2878305811585, 740.3485770093919, 759.7165298743844, 1003.2185671784163, 1009.4598237740994, 1140.6802, 1309.1209173316001, 1458.5218216126086, 1452.447434839964, 1609.4060751217366, 1663.8569067831754, 1731.5490336501598, 1985.8455530420424, 2085.845565209484, 2375.4678943926097, 2237.921116926992, 2669.4649525306463, 3006.27239309268, 3061.735110793543, 2632.2621070527434, 2492.9655, 2792.402858960116, 2995.8250687546492, 3042.3282559406875, 3308.2732728055717, 3037.5185316270827, 2990.0662981948853, 3242.6205719299796, 3248.1754, 3250.7302498805525, 3183.1668457443775, 3663.762737231946, 3621.480820885992, 3648.3196816074847, 3823.542693832469, 3884.921073611212, 3945.279079366326, 3923.2600360491697, 3981.5232846215845, 4038.711293264419, 3831.4181174683804, 3796.191442887223, 3664.716272222185, 3526.7479161403658, 3234.886839694643, 3688.7025775197562]
shares:[0, 103.0928, 207.2595, 314.7864, 420.0496, 525.3128, 634.0085, 733.0184, 844.1295, 937.5874, 1040.6802, 1140.6802, 1235.0198, 1325.9289, 1423.9681, 1518.3077, 1615.3951, 1714.405, 1805.3141, 1896.2232, 1979.5565, 2072.1491, 2152.7943, 2226.8684, 2302.0564, 2392.9655, 2492.9655, 2585.5581, 2674.8438, 2765.7529, 2851.9598, 2949.0472, 3051.088, 3148.1754, 3248.1754, 3351.2682, 3459.9639, 3557.0513, 3658.0614, 3761.1542, 3862.1643, 3964.2051, 4067.2979, 4173.6809, 4281.2078, 4389.9035, 4507.5506, 4629.5018, 4759.3719, 4898.2608, 5054.5108, 5195.3559]
growth_rate:-27.67
