ticker:CKPT
price:[2.1700000762939453, 3.319999933242798, 3.4000000953674316, 2.809999942779541, 2.640000104904175, 2.8299999237060547, 2.5899999141693115, 2.440000057220459, 2.190000057220459, 2.299999952316284, 2.490000009536743, 2.4100000858306885, 2.369999885559082, 2.6500000953674316, 2.430000066757202, 2.5999999046325684, 2.819999933242798, 2.6500000953674316, 2.740000009536743, 3.3499999046325684, 3.619999885559082, 3.25, 3.5199999809265137, 4.090000152587891, 3.7750000953674316, 3.2100000381469727, 3.309999942779541, 3.5, 3.5, 3.1600000858306885, 3.200000047683716, 2.950000047683716, 2.8450000286102295, 2.8299999237060547, 2.9000000953674316, 2.509999990463257, 2.380000114440918, 2.5799999237060547, 2.680000066757202, 2.549999952316284, 3.009999990463257, 2.680000066757202, 3.009999990463257, 3.0399999618530273, 3.059999942779541, 2.740000009536743, 2.740000009536743, 2.630000114440918, 2.5999999046325684, 2.7300000190734863, 2.6500000953674316, 3.0299999713897705]
assets:[0, 100.00005798923969, 202.40982567744254, 267.28578955721855, 351.1155259520769, 476.385207157135, 535.9849422378539, 604.9433581865311, 642.9614597993374, 775.2563839273453, 939.2992175975322, 1009.1210199392318, 1092.3720522522926, 1321.4286425551893, 1311.7252140358448, 1503.4918048522475, 1730.7103810292958, 1726.3767471283436, 1885.008488560891, 2404.663431544304, 2698.4720806918144, 2522.6613749999997, 2832.2363366532327, 3390.865751504898, 3229.7111465918542, 2846.323725825119, 3034.9942245336056, 3309.20835, 3409.2082499999997, 3178.0282023203613, 3318.2563694458718, 3159.017581062269, 3146.577997642994, 3229.987867922783, 3409.881882135058, 3051.3113574065446, 2993.275449929905, 3344.8109730895994, 3574.4549130375385, 3501.067059531808, 4232.632187589526, 3868.589476364255, 4444.945546916842, 4589.247174412536, 4719.4394417488575, 4325.903521056581, 4425.903657404638, 4348.221532207012, 4398.621598659515, 4718.552780966758, 4680.28017843256, 5451.414449526]
shares:[0, 30.1205, 59.5323, 95.1195, 132.9983, 168.334, 206.944, 247.9276, 293.5897, 337.068, 377.2286, 418.7224, 460.9165, 498.6523, 539.8046, 578.2661, 613.7271, 651.4629, 687.9593, 717.81, 745.4343, 776.2035, 804.6126, 829.0625, 855.5526, 886.7052, 916.9167, 945.4881, 974.0595, 1005.7051, 1036.9551, 1070.8534, 1106.0028, 1141.3385, 1175.8213, 1215.6619, 1257.6787, 1296.4384, 1333.7518, 1372.9675, 1406.1901, 1443.5035, 1476.7261, 1509.6208, 1542.3005, 1578.7969, 1615.2933, 1653.3161, 1691.7776, 1728.4076, 1766.1434, 1799.1467]
growth_rate:6.89
