ticker:CLAR
price:[12.739999771118164, 13.380000114440918, 14.470000267028809, 13.550000190734863, 14.5600004196167, 15.239999771118164, 14.989999771118164, 16.209999084472656, 15.510000228881836, 16.93000030517578, 15.130000114440918, 14.430000305175781, 14.550000190734863, 14.5, 14.989999771118164, 15.289999961853027, 15.430000305175781, 15.399999618530273, 16.329999923706055, 15.6899995803833, 16.09000015258789, 16.059999465942383, 17.239999771118164, 17.780000686645508, 17.81999969482422, 17.360000610351562, 17.989999771118164, 17.979999542236328, 17.200000762939453, 16.3799991607666, 17.649999618530273, 17.489999771118164, 17.709999084472656, 18.670000076293945, 18.610000610351562, 19.579999923706055, 21.280000686645508, 22.670000076293945, 23.690000534057617, 24.0, 25.459999084472656, 23.399999618530273, 24.1200008392334, 26.81999969482422, 26.84000015258789, 27.559999465942383, 28.270000457763672, 28.520000457763672, 28.969999313354492, 27.489999771118164, 26.739999771118164, 27.81999969482422]
assets:[0, 99.99944485530852, 208.14516584110262, 294.9116891512871, 416.89358001480105, 536.3641719446182, 627.5653344177247, 778.6408220230102, 845.0173834699631, 1022.3824024291993, 1013.6827736673355, 1066.7839485610962, 1175.656020411587, 1271.61665, 1414.5882904006958, 1542.8986061506273, 1657.0261897727967, 1753.8043165569304, 1959.7159338441847, 1982.9115609685898, 2133.463224232483, 2229.4860638608934, 2493.297038898468, 2671.393541166496, 2777.403768435669, 2805.7094106445315, 3007.528583736038, 3105.856130926132, 3071.12033622551, 3024.7060750284195, 3359.2220573970794, 3428.771037129593, 3571.8996083488464, 3865.5208307962416, 3953.099109649658, 4259.145357404136, 4728.937512589455, 5137.829069290924, 5468.997715290832, 5640.564, 6083.697333233643, 5691.4578872171405, 5966.579079601669, 6734.480467370606, 6839.503038883209, 7122.975565970993, 7406.477208929825, 7571.974561534882, 7791.4465513275145, 7493.402822609902, 7388.962524753952, 7787.393788574982]
shares:[0, 7.4738, 14.3846, 21.7647, 28.6328, 35.1945, 41.8656, 48.0346, 54.4821, 60.3888, 66.9982, 73.9282, 80.8011, 87.6977, 94.3688, 100.909, 107.3899, 113.8834, 120.0071, 126.3806, 132.5956, 138.8223, 144.6228, 150.2471, 155.8588, 161.6192, 167.1778, 172.7395, 178.5535, 184.6585, 190.3242, 196.0418, 201.6883, 207.0445, 212.418, 217.5253, 222.2245, 226.6356, 230.8568, 235.0235, 238.9512, 243.2247, 247.3706, 251.0992, 254.825, 258.4534, 261.9907, 265.497, 268.9488, 272.5865, 276.3262, 279.9207]
growth_rate:52.69
