ticker:CLBK
price:[11.020000457763672, 11.220000267028809, 11.460000038146973, 10.859999656677246, 11.640000343322754, 12.3100004196167, 12.239999771118164, 12.920000076293945, 12.1899995803833, 12.930000305175781, 14.390000343322754, 14.489999771118164, 14.699999809265137, 14.989999771118164, 15.069999694824219, 15.029999732971191, 15.34000015258789, 15.5600004196167, 16.0, 15.979999542236328, 16.170000076293945, 15.420000076293945, 15.800000190734863, 16.040000915527344, 16.469999313354492, 16.34000015258789, 17.190000534057617, 17.940000534057617, 17.969999313354492, 17.8700008392334, 17.59000015258789, 17.84000015258789, 18.049999237060547, 18.65999984741211, 18.270000457763672, 18.1200008392334, 17.979999542236328, 17.600000381469727, 17.770000457763672, 17.3700008392334, 16.93000030517578, 16.3700008392334, 17.68000030517578, 17.149999618530273, 17.290000915527344, 17.459999084472656, 17.56999969482422, 18.040000915527344, 18.40999984741211, 18.329999923706055, 18.440000534057617, 18.239999771118164]
assets:[0, 100.00049637994765, 202.13950267286302, 291.5562387828827, 412.49716816663744, 536.2408522790909, 633.1911001596451, 768.3679085372925, 824.9533456026077, 975.0332210128785, 1185.130209275341, 1293.3657875701906, 1412.1099116776466, 1539.9676464862823, 1648.1862756233215, 1743.8121320187568, 1879.7789586982726, 2006.7374661170006, 2163.4832, 2260.778425237656, 2387.6589772655484, 2376.9143697603226, 2535.4892306079864, 2674.002888626099, 2845.6864813613893, 2923.226027297974, 3175.290485649681, 3413.8278176265717, 3519.53577951622, 3599.9509830654147, 3643.5433796066286, 3795.3280164619446, 3940.00437346344, 4173.157819874954, 4185.9384628807065, 4251.571900912857, 4318.7221720470425, 4327.447613794899, 4469.247519129944, 4468.646366903114, 4455.451250312805, 4408.076174986839, 4860.829667903137, 4815.114497896767, 4954.422098342896, 5103.135200413513, 5235.285370067597, 5475.329697872162, 5687.627695859146, 5762.911650013351, 5897.495722802735, 5933.532117543983]
shares:[0, 8.9127, 17.6387, 26.8468, 35.4379, 43.5614, 51.7313, 59.4712, 67.6746, 75.4086, 82.3579, 89.2592, 96.0619, 102.733, 109.3687, 116.0221, 122.541, 128.9677, 135.2177, 141.4755, 147.6598, 154.1449, 160.474, 166.7084, 172.78, 178.9, 184.7173, 190.2914, 195.8562, 201.4522, 207.1372, 212.7426, 218.2828, 223.6419, 229.1154, 234.6342, 240.1959, 245.8777, 251.5052, 257.2623, 263.169, 269.2777, 274.9338, 280.7647, 286.5484, 292.2758, 297.9673, 303.5105, 308.9423, 314.3978, 319.8208, 325.3033]
growth_rate:16.34
