ticker:CLBS
price:[1.600000023841858, 1.9500000476837158, 1.9199999570846558, 1.75, 1.840000033378601, 1.7999999523162842, 1.7000000476837158, 1.7100000381469727, 1.5099999904632568, 1.5199999809265137, 1.5199999809265137, 1.4500000476837158, 1.4900000095367432, 1.6299999952316284, 1.6399999856948853, 1.4800000190734863, 1.5199999809265137, 1.4299999475479126, 1.600000023841858, 1.5700000524520874, 2.390000104904175, 2.119999885559082, 2.319999933242798, 2.3299999237060547, 2.2899999618530273, 1.7799999713897705, 1.7899999618530273, 2.1700000762939453, 2.140000104904175, 1.9199999570846558, 1.899999976158142, 1.7599999904632568, 1.5299999713897705, 1.6299999952316284, 1.6299999952316284, 1.5199999809265137, 1.440000057220459, 1.4900000095367432, 1.5199999809265137, 1.5299999713897705, 1.6200000047683716, 1.559999942779541, 1.6399999856948853, 1.5299999713897705, 1.5, 1.399999976158142, 1.3799999952316284, 1.3300000429153442, 1.2699999809265137, 1.2799999713897705, 1.159999966621399, 1.2999999523162842]
assets:[0, 100.00009744532109, 198.46156356403827, 280.889525, 395.33523117159604, 486.74104710576535, 559.6998556991578, 662.9921517901421, 685.4492446708917, 789.9886780869484, 889.9887168321134, 949.0024112082482, 1075.1817718816994, 1276.205562266612, 1384.0350199275733, 1349.0072893853187, 1485.466949359846, 1497.5116750715972, 1775.537626457572, 1842.2463825475572, 2904.4387844844105, 2676.3219875279424, 3028.805152847171, 3141.860437122345, 3187.9229158953667, 2577.948860564208, 2692.431664621163, 3364.009417273521, 3417.502485528159, 3166.1701692305805, 3233.1892994288205, 3094.9543512296673, 2790.5000868190527, 3072.885771010637, 3172.8857817180988, 3058.764665617561, 2997.7771431209567, 3201.8665334935426, 3366.33362175808, 3488.480565767169, 3793.6853931664828, 3753.17843433423, 4045.6492167112947, 3874.294691552639, 3898.3282499999996, 3738.439676334751, 3785.033488921416, 3747.8947679339767, 3678.8166917497156, 3807.7837228893995, 3550.803977826834, 4079.349280370355]
shares:[0, 51.2821, 103.3654, 160.5083, 214.8561, 270.4117, 329.2352, 387.7147, 453.9399, 519.7294, 585.5189, 654.4844, 721.5985, 782.9482, 843.9238, 911.4914, 977.2809, 1047.211, 1109.711, 1173.4053, 1215.2463, 1262.4161, 1305.5195, 1348.438, 1392.1061, 1448.2859, 1504.1518, 1550.2347, 1596.9637, 1649.047, 1701.6786, 1758.4968, 1823.8563, 1885.206, 1946.5557, 2012.3452, 2081.7896, 2148.9037, 2214.6932, 2280.0527, 2341.7811, 2405.8837, 2466.8593, 2532.2188, 2598.8855, 2670.3141, 2742.7779, 2817.9659, 2896.7061, 2974.8311, 3061.038, 3137.9611]
growth_rate:-20.01
