ticker:CLDB
price:[14.399999618530273, 17.850000381469727, 16.520000457763672, 15.479999542236328, 15.0, 15.729999542236328, 15.5, 14.850000381469727, 14.979999542236328, 14.550000190734863, 15.699999809265137, 15.25, 15.800000190734863, 16.25, 17.200000762939453, 18.75, 18.93000030517578, 18.700000762939453, 18.399999618530273, 18.75, 18.3700008392334, 17.010000228881836, 18.239999771118164, 18.0, 18.700000762939453, 19.299999237060547, 20.059999465942383, 21.309999465942383, 23.350000381469727, 22.600000381469727, 23.34000015258789, 22.540000915527344, 23.059999465942383, 23.5, 23.549999237060547, 23.709999084472656, 23.100000381469727, 23.25, 23.200000762939453, 24.649999618530273, 25.209999084472656, 26.780000686645508, 27.329999923706055, 27.1200008392334, 26.5, 26.40999984741211, 26.6200008392334, 26.5, 27.25, 27.299999237060547, 27.059999465942383, 27.149999618530273]
assets:[0, 99.9992721370697, 192.54886533546448, 280.426383707428, 371.7315, 489.8227477455139, 582.6605000000001, 658.2262669086457, 763.9889646537781, 842.0594360384941, 1008.6135177466393, 1079.704575, 1218.6445347112656, 1353.3519999999999, 1532.471907975769, 1770.5718749999999, 1887.5690134300232, 1964.635170154953, 2033.117157849312, 2171.79, 2227.775926775932, 2162.845343102646, 2419.2423056425096, 2487.411, 2684.1438795101167, 2870.2650065368653, 3083.2901219135283, 3375.4186754074094, 3798.547707056999, 3776.5391637449266, 4000.1959461517336, 3963.086644972229, 4154.514869783592, 4333.785400000001, 4443.006441061782, 4573.191736412811, 4555.534905229378, 4685.1168, 4775.040397028732, 5173.480294938087, 5391.012086219787, 5826.747023399163, 6046.415392120934, 6099.955340764236, 6060.5023, 6139.918250525665, 6288.740942261505, 6360.3922, 6640.402625000001, 6752.586561288834, 6793.223445928574, 6915.816232829667]
shares:[0, 5.6022, 11.6555, 18.1154, 24.7821, 31.1394, 37.591, 44.325, 51.0006, 57.8735, 64.2429, 70.8003, 77.1294, 83.2832, 89.0972, 94.4305, 99.7131, 105.0607, 110.4955, 115.8288, 121.2725, 127.1514, 132.6339, 138.1895, 143.5371, 148.7184, 153.7034, 158.396, 162.6787, 167.1035, 171.388, 175.8246, 180.1611, 184.4164, 188.6627, 192.8803, 197.2093, 201.5104, 205.8207, 209.8775, 213.8442, 217.5783, 221.2373, 224.9246, 228.6982, 232.4846, 236.2412, 240.0148, 243.6845, 247.3475, 251.043, 254.7262]
growth_rate:35.6
