ticker:CLDX
price:[10.680000305175781, 12.010000228881836, 12.9399995803833, 12.800000190734863, 14.989999771118164, 17.1299991607666, 15.760000228881836, 16.31999969482422, 15.84000015258789, 18.030000686645508, 19.969999313354492, 19.920000076293945, 22.75, 19.610000610351562, 17.739999771118164, 17.420000076293945, 17.469999313354492, 17.520000457763672, 17.530000686645508, 17.530000686645508, 17.799999237060547, 21.6200008392334, 23.799999237060547, 24.299999237060547, 27.889999389648438, 27.079999923706055, 26.209999084472656, 25.3799991607666, 25.09000015258789, 23.75, 22.809999465942383, 20.709999084472656, 23.549999237060547, 27.889999389648438, 30.329999923706055, 27.309999465942383, 27.09000015258789, 27.520000457763672, 27.950000762939453, 27.90999984741211, 31.040000915527344, 27.780000686645508, 32.5099983215332, 33.849998474121094, 32.40999984741211, 40.63999938964844, 42.599998474121094, 43.75, 47.599998474121094, 43.720001220703125, 47.54999923706055, 50.9900016784668]
assets:[0, 100.00006590576172, 207.7439292633057, 305.4963245522499, 457.7646130104065, 623.1157104722977, 673.281393778038, 797.2058730926514, 873.7581684169769, 1094.5616756847382, 1312.3344958768844, 1409.0491733966828, 1709.23025, 1573.31819296875, 1523.287656346512, 1595.8096249891282, 1700.3899731674194, 1805.2573431678773, 1906.287653668785, 2006.2875425857544, 2137.1889483963014, 2695.8433066457746, 3067.6723416618347, 3232.118598522186, 3809.620521629334, 3798.980073296928, 3776.929014070129, 3757.323601757622, 3814.392579197693, 3710.673875, 3663.8082632181163, 3426.5004135246277, 3996.383060530853, 4832.871131236267, 5355.683518527984, 4922.411654740334, 4982.758543066025, 5161.8494298614505, 5342.502895832062, 5434.855659286881, 6144.35266122818, 5599.036914392853, 6652.364908543396, 7026.562373258972, 6827.649376855087, 8661.420189918517, 9179.145211214447, 9526.93875, 10465.307104521178, 9712.253995175171, 10663.073063911055, 11534.494170687485]
shares:[0, 8.3264, 16.0544, 23.8669, 30.538, 36.3757, 42.7209, 48.8484, 55.1615, 60.7078, 65.7153, 70.7354, 75.131, 80.2304, 85.8674, 91.6079, 97.332, 103.0398, 108.7443, 114.4488, 120.0668, 124.6921, 128.8938, 133.009, 136.5945, 140.2873, 144.1026, 148.0427, 152.0284, 156.2389, 160.6229, 165.4515, 169.6978, 173.2833, 176.5804, 180.2421, 183.9335, 187.5672, 191.145, 194.7279, 197.9495, 201.5492, 204.6252, 207.5794, 210.6649, 213.1255, 215.4729, 217.7586, 219.8594, 222.1467, 224.2497, 226.2109]
growth_rate:126.17
