ticker:CLEU
price:[6.809999942779541, 6.690000057220459, 5.920000076293945, 5.800000190734863, 5.690000057220459, 5.659999847412109, 6.059999942779541, 5.99399995803833, 5.7729997634887695, 5.729000091552734, 5.644999980926514, 5.550000190734863, 5.900000095367432, 6.050000190734863, 5.973999977111816, 4.349999904632568, 3.9000000953674316, 3.859999895095825, 3.7799999713897705, 3.7799999713897705, 3.9000000953674316, 3.6700000762939453, 4.159999847412109, 6.329999923706055, 4.53000020980835, 3.869999885559082, 3.4100000858306885, 3.950000047683716, 4.239999771118164, 4.940000057220459, 4.130000114440918, 3.799999952316284, 3.5199999809265137, 3.619999885559082, 3.609999895095825, 3.630000114440918, 3.549999952316284, 3.440000057220459, 3.2200000286102295, 3.3499999046325684, 3.450000047683716, 3.0199999809265137, 3.0199999809265137, 2.7699999809265137, 2.640000104904175, 2.380000114440918, 1.850000023841858, 1.8899999856948853, 2.0299999713897705, 1.809999942779541, 2.5999999046325684, 2.9700000286102295]
assets:[0, 100.00011385531425, 188.49043442916872, 284.66980936145785, 379.2709368140697, 477.270997133255, 611.0007062307358, 704.346543469143, 778.3770219110489, 872.4447892421722, 959.6528192574978, 1043.5027108616828, 1209.3094495472433, 1340.0544722471236, 1423.2206637472154, 1136.3256800877095, 1118.7746973576068, 1207.2998871889115, 1282.2780502946375, 1382.277949537754, 1526.1597373194693, 1536.155601934433, 1841.25545246315, 2901.7181740262986, 2176.5853728092193, 1959.4668560560226, 1826.5587029750109, 2215.8086167488577, 2478.488050207329, 2987.672514606476, 2597.791134983921, 2490.2193887518647, 2406.729586958885, 2575.102484591961, 2667.988833470035, 2782.7700667307854, 2821.4416271023033, 2834.016871140623, 2752.771584458828, 2963.908060623789, 3152.383033570242, 2859.4773179403305, 2959.4773693087577, 2814.487565620184, 2782.3998625626327, 2608.3756434222223, 2127.5188974183798, 2273.5193497920873, 2541.9282061748027, 2366.4482251882555, 3499.3177716457844, 4097.297694469571]
shares:[0, 14.9477, 31.8396, 49.081, 66.6557, 84.3235, 100.8252, 117.5086, 134.8306, 152.2857, 170.0005, 188.0185, 204.9677, 221.4966, 238.2358, 261.2243, 286.8653, 312.772, 339.227, 365.682, 391.323, 418.571, 442.6095, 458.4073, 480.4824, 506.3222, 535.6477, 560.9642, 584.5491, 604.792, 629.0051, 655.3209, 683.73, 711.3543, 739.0551, 766.6033, 794.7723, 823.8421, 854.898, 884.7487, 913.7342, 946.8468, 979.9594, 1016.0605, 1053.9393, 1095.9561, 1150.0102, 1202.9203, 1252.1814, 1307.43, 1345.8915, 1379.5615]
growth_rate:-19.66
