ticker:CLFD
price:[21.200000762939453, 21.079999923706055, 21.59000015258789, 19.030000686645508, 20.68000030517578, 23.329999923706055, 22.450000762939453, 21.579999923706055, 20.93000030517578, 24.709999084472656, 23.030000686645508, 23.34000015258789, 23.549999237060547, 24.149999618530273, 25.420000076293945, 25.049999237060547, 24.799999237060547, 24.719999313354492, 25.8799991607666, 27.34000015258789, 33.04999923706055, 31.31999969482422, 33.08000183105469, 36.880001068115234, 36.09000015258789, 32.40999984741211, 30.149999618530273, 34.86000061035156, 31.969999313354492, 30.450000762939453, 31.149999618530273, 31.18000030517578, 29.920000076293945, 36.72999954223633, 34.349998474121094, 39.09000015258789, 35.34000015258789, 37.18000030517578, 37.81999969482422, 42.529998779296875, 41.849998474121094, 34.15999984741211, 37.2400016784668, 37.560001373291016, 37.56999969482422, 33.849998474121094, 43.18000030517578, 43.52000045776367, 42.470001220703125, 41.029998779296875, 42.779998779296875, 46.040000915527344]
assets:[0, 99.99930363807678, 202.41920543060303, 278.41842504596707, 402.5589539405823, 554.1434901878357, 633.2404365200043, 708.7001454944611, 787.3531234802247, 1029.5495248542786, 1059.5527565908433, 1173.8152876739503, 1284.3769233905791, 1417.1002426156997, 1591.6224647769927, 1668.4551991844178, 1751.804986108017, 1846.153820719528, 2032.7859420810698, 2247.4628405433655, 2816.848129974747, 2769.3989370155336, 3025.023923442078, 3472.51763657074, 3498.1351437900544, 3241.440760739136, 3115.4085055826185, 3702.0937188186645, 3495.177720931244, 3429.0019909152984, 3607.8303358177186, 3711.3055483245853, 3661.328361336136, 4594.673178736877, 4396.950944680786, 5103.692053922272, 4714.08390235405, 5059.5250835289, 5246.617277664184, 6000.017396786499, 6004.085361087036, 5000.825849662018, 5551.720830224991, 5699.425972385788, 5800.943204879761, 5326.561289891052, 6894.710414728546, 7048.999754144668, 6978.929667593384, 6842.297995431518, 7234.132017578125, 7885.399868804931]
shares:[0, 4.7438, 9.3756, 14.6305, 19.4661, 23.7524, 28.2067, 32.8406, 37.6184, 41.6653, 46.0075, 50.292, 54.5383, 58.6791, 62.613, 66.605, 70.6373, 74.6826, 78.5466, 82.2042, 85.2299, 88.4227, 91.4457, 94.1572, 96.9281, 100.0136, 103.3303, 106.1989, 109.3268, 112.6109, 115.8212, 119.0284, 122.3706, 125.0932, 128.0044, 130.5626, 133.3923, 136.0819, 138.726, 141.0773, 143.4668, 146.3942, 149.0795, 151.7419, 154.4036, 157.3578, 159.6737, 161.9715, 164.3261, 166.7633, 169.1008, 171.2728]
growth_rate:54.62
