ticker:CLGN
price:[9.149999618530273, 9.100000381469727, 8.210000038146973, 7.769999980926514, 7.929999828338623, 7.965000152587891, 7.21999979019165, 6.980000019073486, 6.974999904632568, 7.25, 6.949999809265137, 7.550000190734863, 7.853000164031982, 8.600000381469727, 9.420000076293945, 8.65999984741211, 10.050000190734863, 10.770000457763672, 13.329999923706055, 15.760000228881836, 14.59000015258789, 18.219999313354492, 17.969999313354492, 16.450000762939453, 19.040000915527344, 14.399999618530273, 13.069999694824219, 14.15999984741211, 12.720000267028809, 11.5, 13.550000190734863, 13.800000190734863, 14.449999809265137, 14.579999923706055, 14.6899995803833, 13.75, 14.0, 15.029999732971191, 17.174999237060547, 18.059999465942383, 16.8700008392334, 19.350000381469727, 19.549999237060547, 21.139999389648438, 20.059999465942383, 18.5, 17.709999084472656, 17.790000915527344, 18.100000381469727, 18.700000762939453, 16.719999313354492, 17.260000228881836]
assets:[0, 99.99990419197083, 190.21995388383866, 280.0253603126049, 385.7913196487427, 487.4938518390656, 541.8963622528553, 623.8828717048168, 723.4358301086426, 851.9583749999999, 916.7049748420716, 1095.8447776842117, 1239.8238128972052, 1457.7594046617508, 1696.7549057422639, 1659.8613047534943, 2026.2820434559824, 2271.449100544739, 2911.366626336861, 3542.096299441719, 3379.1359523403166, 4319.86709319992, 4360.592845378876, 4091.7501597724913, 4835.983160535431, 3757.4653404611586, 3510.4215520339967, 3903.1798859394075, 3606.246003705311, 3360.3644, 4059.386292141437, 4234.283038523579, 4533.72356515646, 4674.511271539307, 4809.779096609688, 4602.005375, 4785.6788, 5237.768534943772, 6085.273979682923, 6498.838433820915, 6170.621182970429, 7177.743321503448, 7351.931658090592, 8049.864429585266, 7738.612191974831, 7236.80595, 7027.7739286956785, 7159.520045450592, 7384.278875628663, 7729.061875337219, 7010.690696089744, 7337.112181296157]
shares:[0, 10.989, 23.1693, 36.0393, 48.6496, 61.2045, 75.0549, 89.3815, 103.7184, 117.5115, 131.9, 145.145, 157.879, 169.5069, 180.1226, 191.6699, 201.6201, 210.9052, 218.4071, 224.7523, 231.6063, 237.0948, 242.6596, 248.7386, 253.9907, 260.9351, 268.5862, 275.6483, 283.5099, 292.2056, 299.5857, 306.8321, 313.7525, 320.6112, 327.4186, 334.6913, 341.8342, 348.4876, 354.31, 359.8471, 365.7748, 370.9428, 376.0579, 380.7883, 385.7733, 391.1787, 396.8252, 402.4463, 407.9712, 413.3188, 419.2997, 425.0934]
growth_rate:43.86
