ticker:CLIR
price:[2.200000047683716, 2.2699999809265137, 2.430000066757202, 2.190000057220459, 2.4800000190734863, 2.869999885559082, 2.509999990463257, 2.569999933242798, 2.240000009536743, 2.319999933242798, 2.3399999141693115, 2.319999933242798, 2.619999885559082, 2.75, 2.740000009536743, 2.8499999046325684, 3.3499999046325684, 2.930000066757202, 3.369999885559082, 3.930000066757202, 3.9700000286102295, 3.990000009536743, 4.420000076293945, 4.329999923706055, 5.03000020980835, 4.730000019073486, 4.460000038146973, 5.03000020980835, 4.809999942779541, 5.28000020980835, 5.800000190734863, 5.010000228881836, 5.130000114440918, 4.369999885559082, 4.78000020980835, 4.420000076293945, 4.170000076293945, 4.670000076293945, 4.920000076293945, 4.920000076293945, 5.269999980926514, 4.599999904632568, 4.949999809265137, 4.860000133514404, 4.639999866485596, 4.210000038146973, 4.329999923706055, 4.099999904632568, 3.619999885559082, 3.6700000762939453, 3.009999990463257, 2.9600000381469727]
assets:[0, 100.00008215975761, 207.04864168806077, 286.599394488287, 424.5509552651882, 591.3149734213829, 617.1429846551657, 731.8953749886036, 737.9167071416616, 864.2707351309061, 971.7212343574762, 1063.4158174005747, 1300.926359175873, 1465.4760999999999, 1560.147237430191, 1722.7807673518657, 2125.022859505081, 1958.6022016248462, 2352.726665104389, 2843.68438230443, 2972.6276404225587, 3087.60325337987, 3520.3523767650604, 3548.6709224729534, 4222.359232120514, 4070.5282804142003, 3938.172451683712, 4541.481559431553, 4442.847837147236, 4976.9725497671125, 5567.12902307682, 4908.8478232606885, 5126.425017361164, 4466.95445102005, 4986.0512008525375, 4710.532427308845, 4544.099540138435, 5188.95570277214, 5566.73703832283, 5666.737023873519, 6169.858274669695, 5485.454806275272, 6002.8261586973185, 5993.684102659082, 5822.364632463455, 5382.79237877369, 5636.2210416906355, 5436.837263537264, 4900.329409083366, 5068.013939356613, 4256.599914513588, 4285.892391234398]
shares:[0, 44.0529, 85.2052, 130.8673, 171.1899, 206.0331, 245.8737, 284.7842, 329.4271, 372.5305, 415.2655, 458.3689, 496.5368, 532.9004, 569.3968, 604.4845, 634.3352, 668.4649, 698.1385, 723.5838, 748.7727, 773.8354, 796.4598, 819.5545, 839.4352, 860.5768, 882.9983, 902.879, 923.669, 942.6084, 959.8498, 979.8099, 999.3031, 1022.1864, 1043.1069, 1065.7313, 1089.7121, 1111.1254, 1131.4506, 1151.7758, 1170.7511, 1192.4902, 1212.6922, 1233.2683, 1254.82, 1278.573, 1301.6677, 1326.0579, 1353.6822, 1380.9302, 1414.1528, 1447.9366]
growth_rate:-15.96
