ticker:CLLS
price:[16.299999237060547, 17.450000762939453, 20.84000015258789, 17.850000381469727, 17.270000457763672, 20.059999465942383, 19.68000030517578, 19.40999984741211, 15.90999984741211, 17.059999465942383, 19.1200008392334, 21.149999618530273, 24.209999084472656, 29.440000534057617, 29.510000228881836, 26.700000762939453, 30.399999618530273, 27.059999465942383, 29.579999923706055, 30.90999984741211, 31.270000457763672, 27.34000015258789, 26.489999771118164, 27.170000076293945, 25.09000015258789, 21.5, 18.190000534057617, 19.950000762939453, 21.43000030517578, 19.139999389648438, 19.739999771118164, 19.920000076293945, 19.399999618530273, 19.09000015258789, 18.610000610351562, 16.299999237060547, 15.489999771118164, 15.779999732971191, 15.670000076293945, 14.539999961853027, 15.180000305175781, 14.850000381469727, 15.619999885559082, 15.15999984741211, 15.779999732971191, 14.149999618530273, 13.75, 12.949999809265137, 14.279999732971191, 12.520000457763672, 12.470000267028809, 14.270000457763672]
assets:[0, 100.00071937217712, 219.42852960662842, 287.94549615364076, 378.58949603500366, 539.7503936302185, 629.5258177619934, 720.8893353328705, 690.8996983737945, 840.8396056777954, 1042.370821752739, 1253.0401873996734, 1534.3304809776307, 1965.7853796604156, 2070.459979058647, 1973.3062763862608, 2346.7614105520247, 2188.926652799225, 2492.774627570534, 2704.856811647415, 2836.3610265216826, 2579.8871683986663, 2599.6782465379715, 2766.411369768143, 2654.629903144455, 2374.79325, 2109.185131925583, 2413.2618172893526, 2692.291655339813, 2504.5952441314694, 2683.1101188898087, 2807.576602753067, 2834.2856242683406, 2888.994718091965, 2916.354585647583, 2654.3570757598877, 2622.453863250351, 2771.5502350998877, 2852.2299088869095, 2746.5492867941857, 2967.442625656891, 3002.9329221399307, 3258.6396901253697, 3262.6745271606446, 3496.1078588389396, 3234.975742788315, 3243.527375, 3154.812908534145, 3578.8206890778542, 3237.7334663799284, 3324.8025981963156, 3904.7259112586976]
shares:[0, 5.7307, 10.5292, 16.1314, 21.9218, 26.9068, 31.9881, 37.1401, 43.4255, 49.2872, 54.5173, 59.2454, 63.3759, 66.7726, 70.1613, 73.9066, 77.1961, 80.8916, 84.2723, 87.5075, 90.7055, 94.3631, 98.1381, 101.8186, 105.8043, 110.4555, 115.953, 120.9655, 125.6319, 130.8566, 135.9225, 140.9426, 146.0972, 151.3355, 156.709, 162.844, 169.2998, 175.6369, 182.0185, 188.8961, 195.4837, 202.2177, 208.6197, 215.216, 221.5531, 228.6202, 235.8929, 243.6149, 250.6177, 258.6049, 266.6241, 273.6318]
growth_rate:-23.44
