ticker:CLMT
price:[2.4100000858306885, 2.390000104904175, 2.8499999046325684, 2.7200000286102295, 2.869999885559082, 3.450000047683716, 3.319999933242798, 3.7100000381469727, 3.4600000381469727, 3.119999885559082, 3.4800000190734863, 3.549999952316284, 3.619999885559082, 3.7699999809265137, 3.799999952316284, 3.7899999618530273, 3.4800000190734863, 3.130000114440918, 3.109999895095825, 3.200000047683716, 3.619999885559082, 3.200000047683716, 3.8399999141693115, 4.119999885559082, 3.9600000381469727, 3.890000104904175, 4.360000133514404, 4.960000038146973, 5.320000171661377, 5.980000019073486, 6.239999771118164, 6.0, 5.75, 5.78000020980835, 6.03000020980835, 5.800000190734863, 5.619999885559082, 6.329999923706055, 6.059999942779541, 6.380000114440918, 6.480000019073486, 6.699999809265137, 7.150000095367432, 7.070000171661377, 7.059999942779541, 6.880000114440918, 6.940000057220459, 6.369999885559082, 6.389999866485596, 6.21999979019165, 6.179999828338623, 6.78000020980835]
assets:[0, 99.99999438929558, 219.2467876635075, 309.24605125279425, 426.30002500133514, 612.4512534649133, 689.373418138361, 870.3541369491577, 911.70482005167, 922.1153421770096, 1128.513198185253, 1251.2131031936647, 1375.8848505034448, 1532.896695244646, 1645.0948393567799, 1740.7655534789085, 1698.380949308634, 1627.5668815080644, 1717.1668490778206, 1866.8598678183794, 2211.885090074539, 2055.2576306257247, 2566.3091906385184, 2853.4357007403373, 2842.622667383194, 2892.3741790005442, 3341.8385143356804, 3901.7245100078585, 4284.9143382620805, 4916.5012676814085, 5230.261728155136, 5129.0982, 5015.3857499999995, 5141.552946633339, 5463.938161112738, 5355.529356118298, 5289.323026292705, 6057.54723198986, 5899.168756298161, 6310.676309197425, 6509.5896431605815, 6830.59419554739, 7389.365653560113, 7406.687719836235, 7496.2112172441, 7405.089979175187, 7569.669038412094, 7047.95260337925, 7170.081465186358, 7079.328215205431, 7133.801843844938, 7926.404681284046]
shares:[0, 41.841, 76.9287, 113.6934, 148.5366, 177.5221, 207.6426, 234.5968, 263.4985, 295.5498, 324.2854, 352.4544, 380.0787, 406.6039, 432.9197, 459.3049, 488.0405, 519.9894, 552.1437, 583.3937, 611.018, 642.268, 668.3097, 692.5815, 717.834, 743.5409, 766.4767, 786.638, 805.435, 822.1574, 838.183, 854.8497, 872.241, 889.542, 906.1257, 923.3671, 941.1607, 956.9585, 973.4602, 989.1342, 1004.5663, 1019.4917, 1033.4777, 1047.622, 1061.7863, 1076.3212, 1090.7304, 1106.429, 1122.0785, 1138.1557, 1154.3369, 1169.0862]
growth_rate:55.42
