ticker:CLNE
price:[2.569999933242798, 2.509999990463257, 2.740000009536743, 2.4100000858306885, 2.490000009536743, 2.6600000858306885, 2.6700000762939453, 2.640000104904175, 2.4800000190734863, 2.4200000762939453, 3.190000057220459, 3.4800000190734863, 5.03000020980835, 4.289999961853027, 4.380000114440918, 5.5, 8.350000381469727, 7.860000133514404, 10.25, 9.8100004196167, 10.569999694824219, 10.229999542236328, 12.970000267028809, 17.290000915527344, 14.979999542236328, 13.039999961853027, 11.640000343322754, 14.869999885559082, 15.65999984741211, 13.5, 14.520000457763672, 12.289999961853027, 11.140000343322754, 10.390000343322754, 11.0, 8.819999694824219, 8.25, 7.730000019073486, 7.920000076293945, 9.3100004196167, 10.800000190734863, 11.779999732971191, 10.800000190734863, 10.0, 9.15999984741211, 7.559999942779541, 7.599999904632568, 7.510000228881836, 7.480000019073486, 7.53000020980835, 6.800000190734863, 8.109999656677246]
assets:[0, 99.99990562005044, 209.16338072800636, 283.9722381134987, 393.3985875067234, 520.2571807872296, 622.2130797794342, 715.2219644203662, 771.8752059364319, 853.2007928983688, 1224.6738789675237, 1436.007739870596, 2175.608888747692, 1955.5389966112136, 2096.5641427791597, 2732.6717, 4248.692284101487, 4099.367349634171, 5445.867025, 5312.093645221519, 5823.631176860809, 5736.3054943164825, 7372.716237790871, 9928.394000720977, 8701.928172083664, 7674.976249547768, 6950.976361019611, 8979.811516890526, 9556.882916879655, 8338.692149999999, 9068.72764590454, 7775.940738864231, 7148.331016303826, 6767.06956360817, 7264.3659, 5924.7007310028075, 5641.812, 5386.206811290264, 5618.597742124367, 6704.689902191162, 7877.728579125691, 8692.559576957226, 8069.41022251091, 7571.6759999999995, 7035.654818799591, 5906.719431292963, 6037.971924233437, 6066.470040887451, 6142.236423662281, 6283.294219071388, 5774.156921960735, 6986.531136237335]
shares:[0, 39.8406, 76.337, 117.8308, 157.9914, 195.5854, 233.0386, 270.9174, 311.24, 352.5623, 383.9103, 412.6459, 432.5266, 455.8366, 478.6676, 496.8494, 508.8254, 521.548, 531.3041, 541.4978, 550.9585, 560.7337, 568.4438, 574.2275, 580.9031, 588.5718, 597.1629, 603.8878, 610.2735, 617.6809, 624.568, 632.7047, 641.6814, 651.306, 660.3969, 671.7348, 683.856, 696.7926, 709.4189, 720.16, 729.4193, 737.9083, 747.1676, 757.1676, 768.0846, 781.3121, 794.47, 807.7856, 821.1546, 834.4348, 849.1407, 861.4712]
growth_rate:36.99
