ticker:CLOU
price:[23.030000686645508, 22.170000076293945, 22.59000015258789, 23.559999465942383, 24.31999969482422, 25.68000030517578, 26.149999618530273, 25.290000915527344, 23.450000762939453, 25.540000915527344, 24.209999084472656, 24.81999969482422, 25.799999237060547, 25.920000076293945, 26.260000228881836, 28.309999465942383, 28.610000610351562, 27.899999618530273, 27.950000762939453, 27.530000686645508, 28.600000381469727, 27.510000228881836, 29.549999237060547, 29.899999618530273, 29.479999542236328, 27.040000915527344, 25.459999084472656, 26.56999969482422, 25.8799991607666, 25.6200008392334, 26.459999084472656, 26.81999969482422, 27.34000015258789, 27.18000030517578, 27.219999313354492, 25.3700008392334, 25.100000381469727, 25.700000762939453, 26.15999984741211, 25.969999313354492, 27.31999969482422, 28.059999465942383, 28.639999389648438, 28.770000457763672, 28.969999313354492, 27.829999923706055, 28.93000030517578, 28.56999969482422, 29.299999237060547, 29.34000015258789, 29.110000610351562, 30.469999313354492]
assets:[0, 100.00000234413147, 201.89360836372376, 310.56320096015935, 420.5803467224121, 544.1001424659729, 654.0585604587556, 732.5476375190735, 779.2505603527069, 948.701212007904, 999.2967642105103, 1124.4750501739502, 1268.874922477722, 1374.77606804657, 1492.8101110113143, 1709.3464437538148, 1827.460927986145, 1882.1088642663958, 1985.4814091968537, 2055.6458802713396, 2235.5419098178863, 2250.340026722717, 2517.213730009079, 2647.029026228714, 2709.8457779216765, 2585.55677554245, 2534.476712861633, 2744.973238471985, 2773.6889100551602, 2845.8235772205353, 3039.129344844818, 3180.4791658103945, 3342.1427766529087, 3422.5844604286194, 3527.622085013008, 3387.8693200698854, 3451.8148024606708, 3634.3296278900148, 3799.3789698387145, 3871.7840936302186, 4173.050725385284, 4386.083770520973, 4576.743502464295, 4697.516765742874, 4830.170882515526, 4740.097426005364, 5027.452560033416, 5064.892402898407, 5294.307692142104, 5401.535104091645, 5459.190540463256, 5814.239563975334]
shares:[0, 4.5106, 8.9373, 13.1818, 17.2936, 21.1877, 25.0118, 28.9659, 33.2303, 37.1457, 41.2762, 45.3052, 49.1812, 53.0392, 56.8473, 60.3796, 63.8749, 67.4591, 71.0369, 74.6693, 78.1658, 81.8008, 85.1849, 88.5294, 91.9215, 95.6197, 99.5474, 103.311, 107.175, 111.0782, 114.8575, 118.5861, 122.2437, 125.9229, 129.5967, 133.5384, 137.5225, 141.4136, 145.2362, 149.0868, 152.7471, 156.3109, 159.8025, 163.2783, 166.7301, 170.3233, 173.7799, 177.2801, 180.6931, 184.1014, 187.5366, 190.8185]
growth_rate:14.0
