ticker:CLOV
price:[10.569999694824219, 10.680000305175781, 10.199999809265137, 10.020000457763672, 10.029999732971191, 9.970000267028809, 10.039999961853027, 10.270000457763672, 10.510000228881836, 11.359999656677246, 12.079999923706055, 14.899999618530273, 16.770000457763672, 15.899999618530273, 13.239999771118164, 13.550000190734863, 8.210000038146973, 8.819999694824219, 8.770000457763672, 9.850000381469727, 8.619999885559082, 7.46999979019165, 6.929999828338623, 7.639999866485596, 9.0, 15.029999732971191, 12.039999961853027, 12.970000267028809, 11.710000038146973, 9.720000267028809, 8.479999542236328]
assets:[0, 100.0000468574524, 195.50543634414674, 292.0549573425293, 392.34650855455396, 489.99959112377167, 593.440301745224, 707.0351005146027, 823.5573119350432, 990.1625620752335, 1152.918816718483, 1522.060291032219, 1813.083568490982, 1819.0235563583374, 1614.709328086281, 1752.5163746690748, 1161.8570383984566, 1348.182817352295, 1440.5401041912078, 1717.938566532135, 1603.4139367127418, 1489.5015241646765, 1481.8266172940255, 1733.6443217033386, 2142.2511, 3677.559873663044, 3045.9622663493155, 3381.240159613609, 3152.7617672705646, 2716.981130641175, 2470.370570645523]
shares:[0, 9.3633, 19.1672, 29.1472, 39.1173, 49.1474, 59.1076, 68.8447, 78.3594, 87.1622, 95.4403, 102.1517, 108.1147, 114.404, 121.9569, 129.337, 141.5173, 152.8552, 164.2577, 174.41, 186.0109, 199.3978, 213.8278, 226.9168, 238.0279, 244.6813, 252.9869, 260.697, 269.2367, 279.5248, 291.3173]
growth_rate:-17.65
