ticker:CLPS
price:[3.549999952316284, 3.0450000762939453, 2.950000047683716, 2.940000057220459, 2.75, 2.98799991607666, 3.700000047683716, 4.329999923706055, 3.0799999237060547, 2.890000104904175, 2.799999952316284, 2.990000009536743, 3.1500000953674316, 3.2300000190734863, 3.1700000762939453, 2.950000047683716, 3.069999933242798, 3.0399999618530273, 3.690000057220459, 3.3499999046325684, 3.740000009536743, 3.4100000858306885, 3.740000009536743, 4.489999771118164, 8.210000038146973, 5.869999885559082, 4.269999980926514, 5.46999979019165, 6.0, 4.860000133514404, 5.400000095367432, 5.25, 4.369999885559082, 4.380000114440918, 4.210000038146973, 3.859999895095825, 3.8299999237060547, 4.099999904632568, 4.179999828338623, 4.239999771118164, 4.360000133514404, 4.079999923706055, 4.210000038146973, 4.159999847412109, 4.170000076293945, 3.950000047683716, 3.869999885559082, 3.7100000381469727, 3.799999952316284, 3.6600000858306885, 2.9700000286102295, 3.4700000286102295]
assets:[0, 99.99993400554656, 196.88005318236353, 296.21264976511003, 377.06955, 509.7031848840714, 731.1584894227982, 955.6530661615371, 779.7715886844635, 831.6689131887674, 905.7691845748424, 1067.232065403986, 1224.3414070673944, 1355.43591600399, 1430.2574354227065, 1430.9966431305886, 1589.2066484426734, 1673.6768429981232, 2131.535544053507, 2035.1336520640375, 2372.0598500485894, 2262.7604579543354, 2581.7373405832527, 3199.4651789043423, 5950.247608647251, 4354.318368108655, 3267.4513824047567, 4285.704357616711, 4800.9558, 3988.7741535799983, 4531.971140037489, 4506.082875, 3850.7774751564025, 3959.5893074563983, 3905.9066833915713, 3681.187329955459, 3752.5772412483216, 4117.119044234371, 4297.452807515144, 4459.138647288704, 4685.341163477183, 4484.447460143089, 4727.334525834561, 4771.1903529937745, 4882.659761332702, 4725.061552040124, 4729.363933146572, 4633.83493864603, 4846.245959187627, 4767.700209807372, 3968.8713292324305, 4737.031328056932]
shares:[0, 32.8407, 66.739, 100.7526, 137.1162, 170.5834, 197.6104, 220.7051, 253.1726, 287.7747, 323.489, 356.9338, 388.6798, 419.6396, 451.1853, 485.0836, 517.6569, 550.5516, 577.6519, 607.5026, 634.2406, 663.5661, 690.3041, 712.5758, 724.7561, 741.7919, 765.2111, 783.4926, 800.1593, 820.7354, 839.2539, 858.3015, 881.1848, 904.0158, 927.7688, 953.6755, 979.7852, 1004.1754, 1028.0988, 1051.6837, 1074.6195, 1099.1293, 1122.8823, 1146.9208, 1170.9016, 1196.2181, 1222.0579, 1249.0121, 1275.3279, 1302.6503, 1336.3203, 1365.1387]
growth_rate:-7.12
