ticker:CLPT
price:[4.230000019073486, 4.489999771118164, 5.889999866485596, 5.480000019073486, 5.139999866485596, 5.400000095367432, 8.149999618530273, 7.239999771118164, 7.0, 6.650000095367432, 8.770000457763672, 9.350000381469727, 10.699999809265137, 9.869999885559082, 10.699999809265137, 13.0, 13.829999923706055, 15.890000343322754, 15.649999618530273, 17.5, 22.31999969482422, 23.6299991607666, 24.3799991607666, 28.989999771118164, 24.0, 23.420000076293945, 17.34000015258789, 20.25, 20.020000457763672, 20.030000686645508, 21.579999923706055, 22.1200008392334, 17.940000534057617, 19.84000015258789, 20.829999923706055, 18.940000534057617, 18.079999923706055, 18.5, 18.420000076293945, 17.899999618530273, 19.690000534057617, 18.8799991607666, 20.270000457763672, 18.18000030517578, 18.540000915527344, 16.579999923706055, 20.149999618530273, 22.229999542236328, 22.25, 17.700000762939453, 16.709999084472656, 18.469999313354492]
assets:[0, 99.99992790241241, 231.18013875961304, 315.0879450966835, 395.53892372565275, 515.5466491048812, 878.0931838998795, 880.048760178566, 950.8758, 1003.3320643887521, 1423.1912892856599, 1617.3135109846116, 1950.8293152251244, 1899.5031919755936, 2159.238561510086, 2723.3739, 2997.2514134655, 3543.6973035658834, 3590.1740774892805, 4114.572, 5347.842910880279, 5761.716873369217, 6044.589265926933, 7287.558324463272, 6133.164, 6084.946947822571, 4605.250876525116, 5478.104925000001, 5515.884500122453, 5618.639528611755, 6153.431236245156, 6407.409951097298, 5296.605757675171, 5957.561197819138, 6354.839289724159, 5878.235611750603, 5711.325527899361, 5944.000050000001, 6018.296628927231, 5948.398993232727, 6643.238815186501, 6469.951040404701, 7046.287964128494, 6419.758067764283, 6646.881406230927, 6044.190890187264, 7445.62434404316, 8314.204337792587, 8421.685075, 6799.497773085022, 6519.1855708190915, 7305.826698396682]
shares:[0, 22.2717, 39.2496, 57.4978, 76.9531, 95.4716, 107.7415, 121.5537, 135.8394, 150.877, 162.2795, 172.9747, 182.3205, 192.4522, 201.798, 209.4903, 216.721, 223.0143, 229.4041, 235.1184, 239.5987, 243.8306, 247.9323, 251.3818, 255.5485, 259.8184, 265.5854, 270.5237, 275.5187, 280.5112, 285.1451, 289.6659, 295.24, 300.2803, 305.0811, 310.3609, 315.8919, 321.2973, 326.7262, 332.3128, 337.3915, 342.6881, 347.6215, 353.122, 358.5157, 364.5471, 369.5099, 374.0083, 378.5027, 384.1524, 390.1368, 395.551]
growth_rate:43.25
