ticker:CLRB
price:[1.0800000429153442, 1.1100000143051147, 1.2100000381469727, 1.190000057220459, 1.2100000381469727, 1.2999999523162842, 1.2300000190734863, 1.2200000286102295, 1.1399999856948853, 1.2000000476837158, 1.1299999952316284, 1.1799999475479126, 1.2300000190734863, 2.0399999618530273, 2.190000057220459, 2.2699999809265137, 2.200000047683716, 2.0799999237060547, 1.899999976158142, 2.0199999809265137, 1.940000057220459, 1.899999976158142, 2.2100000381469727, 2.5, 2.5, 1.8600000143051147, 1.7300000190734863, 1.9500000476837158, 1.8799999952316284, 1.6699999570846558, 1.7000000476837158, 1.4800000190734863, 1.4199999570846558, 1.590000033378601, 1.5800000429153442, 1.3600000143051147, 1.2899999618530273, 1.4700000286102295, 1.6399999856948853, 1.5499999523162842, 1.409999966621399, 1.2699999809265137, 1.2699999809265137, 1.2400000095367432, 1.1699999570846558, 1.090000033378601, 1.1200000047683716, 1.090000033378601, 1.0299999713897705, 0.8700000047683716, 0.8199999928474426, 0.9700000286102295]
assets:[0, 100.00001228874923, 209.00899358930587, 305.5542916924, 410.6896219475746, 541.2367801475525, 612.0932734916687, 707.1168965826035, 760.7485524538637, 900.787955794096, 948.2419819986105, 1090.1995915396215, 1236.3945431726456, 2150.6054957847596, 2408.738357935667, 2596.7287961812017, 2616.6534367144345, 2573.926689588928, 2451.1831292417046, 2705.994802449131, 2698.8268116021154, 2743.1808255776164, 3290.752599801922, 3822.57075, 3922.57075, 3018.3925852142215, 2907.4297280548094, 3377.1608175823453, 3355.929335488129, 3081.0647508233787, 3236.413340778947, 2917.5833856003283, 2899.302804377055, 3346.4026332504627, 3425.3560370381833, 3048.4076640645744, 2991.5042355373384, 3508.9235842932703, 4014.717340981102, 3894.397355193973, 3642.645378768503, 3380.964358223009, 3480.9644107211593, 3498.737030908513, 3401.2275492437125, 3268.6651770949243, 3458.6283347250223, 3465.9865751374123, 3375.198151247382, 2950.8955961735246, 2881.3038388674495, 3508.37176347971]
shares:[0, 90.0901, 172.7347, 256.7683, 339.4129, 416.336, 497.6368, 579.604, 667.3233, 750.6566, 839.1522, 923.898, 1005.1988, 1054.2184, 1099.8805, 1143.9334, 1189.3879, 1237.4648, 1290.0964, 1339.6014, 1391.1478, 1443.7794, 1489.0283, 1529.0283, 1569.0283, 1622.7917, 1680.5952, 1731.8773, 1785.0688, 1844.949, 1903.7725, 1971.3401, 2041.7626, 2104.6557, 2167.9468, 2241.4762, 2318.9956, 2387.0228, 2447.9984, 2512.5145, 2583.4365, 2662.1767, 2740.9169, 2821.5621, 2907.0322, 2998.7753, 3088.061, 3179.8041, 3276.8915, 3391.834, 3513.7852, 3616.878]
growth_rate:-31.21
