ticker:CLRG
price:[25.361000061035156, 24.86400032043457, 25.09000015258789, 24.586999893188477, 24.90999984741211, 25.9950008392334, 26.007999420166016, 26.14299964904785, 24.459999084472656, 25.825000762939453, 26.90999984741211, 27.09600067138672, 27.09600067138672, 28.541000366210938, 28.280000686645508, 28.579999923706055, 28.579999923706055, 28.87700080871582, 29.909000396728516, 29.850000381469727, 29.961999893188477, 28.6200008392334, 29.969999313354492, 30.6200008392334, 30.649999618530273, 30.145999908447266, 29.93000030517578, 30.920000076293945, 30.815000534057617, 30.649999618530273, 31.280000686645508, 31.690000534057617, 32.44499969482422, 32.50400161743164, 32.69499969482422, 32.45000076293945, 32.518001556396484, 32.54999923706055, 32.54999923706055, 32.900001525878906, 33.084999084472656, 32.770999908447266, 32.720001220703125, 33.61000061035156, 33.86000061035156, 33.439998626708984, 34.17599868774414, 34.11000061035156, 34.18000030517578, 34.54999923706055, 34.380001068115234, 34.900001525878906]
assets:[0, 100.00052288875578, 200.9106852218628, 296.8831063102722, 400.7844605449677, 518.2415357311248, 618.5014358108521, 721.7114912115097, 775.249886982727, 918.512637135315, 1057.102833005905, 1164.4099848518372, 1264.4104849296568, 1431.8391981719972, 1518.7463288755416, 1634.858877635765, 1734.8602973688126, 1852.8898691911697, 2019.1087623825072, 2115.1262520303726, 2223.0635402750017, 2223.493589200211, 2428.376137363243, 2581.042544741249, 2683.569911600304, 2739.4423766803743, 2819.813076751709, 3013.085983434677, 3102.8548487758635, 3186.2391003440857, 3351.730273575783, 3495.663747910881, 3678.945004396057, 3785.6338051769258, 3907.879647023773, 3978.5972435417175, 4086.933975211334, 4190.955621768188, 4290.955729424286, 4437.094895789337, 4562.044204759216, 4618.748004196548, 4711.5591117767335, 4939.715565704346, 5076.4572055068975, 5113.487422002792, 5326.032064296341, 5415.7471269073485, 5526.861615346527, 5686.69147942543, 5758.712062911224, 5945.812049959564]
shares:[0, 4.0219, 8.0076, 12.0748, 16.0893, 19.9362, 23.7812, 27.6063, 31.6946, 35.5668, 39.2829, 42.9735, 46.6641, 50.1678, 53.7039, 57.2029, 60.7019, 64.1649, 67.5084, 70.8585, 74.1961, 77.6902, 81.0269, 84.2927, 87.5553, 90.8725, 94.2136, 97.4478, 100.693, 103.9556, 107.1525, 110.3081, 113.3902, 116.4667, 119.5253, 122.607, 125.6822, 128.7544, 131.8266, 134.8661, 137.8886, 140.9401, 143.9963, 146.9716, 149.9249, 152.9153, 155.8413, 158.773, 161.6987, 164.5931, 167.5018, 170.3671]
growth_rate:16.58
