ticker:CLRM
price:[9.661999702453613, 9.850000381469727, 9.800000190734863, 9.770000457763672, 9.720000267028809, 9.710000038146973, 9.800000190734863, 9.75, 9.75, 9.6899995803833, 9.6899995803833, 9.720000267028809, 9.680000305175781, 9.680000305175781, 9.699999809265137, 9.649999618530273, 9.649999618530273, 9.65999984741211, 9.699999809265137, 9.6899995803833, 9.720000267028809, 9.630000114440918, 9.829999923706055, 9.649999618530273]
assets:[0, 100.00015887279511, 199.49272388267516, 298.8819000038147, 397.352638916111, 496.94420795230866, 601.5504717078209, 698.481225, 798.481125, 893.5671873048783, 993.5670139744759, 1096.6434781270982, 1192.130757583618, 1292.130968736267, 1394.8008025734903, 1487.611131193924, 1587.6111822408675, 1689.2567313167572, 1796.2517846796036, 1894.3997629647254, 2000.2652469514846, 2081.7440887390135, 2224.9782137311936, 2284.2359697029115]
shares:[0, 10.1523, 20.3564, 30.5918, 40.8799, 51.1786, 61.3827, 71.6391, 81.8955, 92.2154, 102.5353, 112.8234, 123.154, 133.4846, 143.7939, 154.1566, 164.5193, 174.8713, 185.1806, 195.5005, 205.7886, 216.1728, 226.3457, 236.7084]
growth_rate:-0.69
