ticker:CLRMU
price:[10.260000228881836, 10.390000343322754, 10.430000305175781, 10.5, 10.1899995803833, 10.0, 10.029999732971191, 9.960000038146973, 9.880000114440918, 10.0, 10.029999732971191, 10.0, 9.970000267028809, 9.96500015258789, 9.993000030517578, 9.989999771118164, 9.9399995803833, 9.904999732971191, 9.90999984741211, 9.949999809265137, 9.960000038146973, 9.979999542236328, 9.9399995803833, 9.979999542236328, 9.949999809265137, 9.920000076293945, 9.920000076293945, 9.9399995803833, 9.875, 9.930000305175781, 9.90999984741211, 9.90999984741211]
assets:[0, 99.99959730434416, 200.38429486312864, 301.72905000000003, 392.8204078239441, 485.496, 586.9525753735543, 682.8566066153526, 777.3722410043716, 886.814, 989.4745186572075, 1086.5149999999999, 1183.2555836914062, 1282.6619351406098, 1386.2659383335115, 1485.8496289575576, 1578.4132873673439, 1672.8554049015045, 1773.6997006896972, 1880.859408945179, 1982.7501555939675, 2086.731078285599, 2178.367806040287, 2287.133461093521, 2380.2588543720244, 2473.081811020279, 2573.0813637893675, 2678.2692709369658, 2760.755725, 2876.1322393913265, 2970.3391192646027, 3070.3389457248686]
shares:[0, 9.6246, 19.2123, 28.7361, 38.5496, 48.5496, 58.5197, 68.5599, 78.6814, 88.6814, 98.6515, 108.6515, 118.6816, 128.7167, 138.7237, 148.7337, 158.7941, 168.89, 178.9808, 189.0311, 199.0713, 209.0913, 219.1517, 229.1717, 239.222, 249.3026, 259.3832, 269.4436, 279.5702, 289.6407, 299.7315, 309.8223]
growth_rate:-0.96
