ticker:CLRO
price:[2.990000009536743, 2.430000066757202, 2.5899999141693115, 2.3499999046325684, 2.240000009536743, 2.190000057220459, 2.0, 1.9299999475479126, 1.6299999952316284, 1.7899999618530273, 1.7899999618530273, 2.0, 2.6500000953674316, 2.3299999237060547, 2.7699999809265137, 2.3499999046325684, 2.4800000190734863, 2.2699999809265137, 2.4700000286102295, 2.359999895095825, 2.8299999237060547, 2.8299999237060547, 3.0899999141693115, 3.569999933242798, 3.5999999046325684, 3.2200000286102295, 3.430000066757202, 4.039999961853027, 3.9800000190734863, 3.3299999237060547, 3.430000066757202, 2.890000104904175, 2.619999885559082, 2.5399999618530273, 2.4200000762939453, 2.369999885559082, 2.299999952316284, 2.2799999713897705, 2.390000104904175, 2.450000047683716, 2.5, 2.3399999141693115, 2.630000114440918, 2.3499999046325684, 2.680000066757202, 2.4800000190734863, 2.759999990463257, 2.8499999046325684, 2.619999885559082, 2.559999942779541, 2.640000104904175, 2.5999999046325684]
assets:[0, 100.00009174721241, 206.58435015394687, 287.4414133350849, 373.9868175922394, 465.6389071662426, 525.241, 606.8576035072804, 612.5274292081237, 772.6527675338746, 872.6527264027595, 1075.031, 1524.415999860239, 1440.3355868373872, 1812.330380520773, 1637.5365685456754, 1828.1238300599575, 1773.3230770998002, 2029.5629615086077, 2039.1774973566771, 2545.284951381683, 2645.284979685783, 2988.3148149938106, 3552.519071569681, 3682.372222450447, 3393.6774921533824, 3715.0042603041647, 4475.690121739101, 4509.2194276096825, 3872.788912270165, 4089.0889855848786, 3545.3258356918573, 3314.1012592409134, 3312.907472245121, 3256.3922746623994, 3289.1112001776696, 3291.9646317508223, 3363.33876579566, 3625.6053031385422, 3816.624529281974, 3994.5147500000003, 3838.865565191245, 4414.6227230963705, 4044.6245508615016, 4712.593321387887, 4460.907226308489, 5064.558030500221, 5329.706446655989, 4999.589629619217, 4985.095312574434, 5240.8798962538485, 5261.4721270103455]
shares:[0, 41.1523, 79.7623, 122.3155, 166.9584, 212.6205, 262.6205, 314.434, 375.7837, 431.6496, 487.5155, 537.5155, 575.2513, 618.1698, 654.2709, 696.8241, 737.1467, 781.1996, 821.6854, 864.0583, 899.394, 934.7297, 967.0922, 995.1034, 1022.8812, 1053.9371, 1083.0916, 1107.8441, 1132.9697, 1162.9997, 1192.1542, 1226.7563, 1264.9242, 1304.2943, 1345.6166, 1387.8107, 1431.289, 1475.1486, 1516.9896, 1557.8059, 1597.8059, 1640.5409, 1678.5637, 1721.1169, 1758.4303, 1798.7529, 1834.9848, 1870.0725, 1908.2404, 1947.3029, 1985.1817, 2023.6432]
growth_rate:3.17
