ticker:CLSD
price:[1.5499999523162842, 1.6200000047683716, 1.7300000190734863, 1.559999942779541, 1.5499999523162842, 1.5399999618530273, 1.4600000381469727, 1.409999966621399, 1.350000023841858, 1.340000033378601, 1.649999976158142, 1.7799999713897705, 1.9500000476837158, 2.130000114440918, 1.940000057220459, 2.0299999713897705, 1.9800000190734863, 2.740000009536743, 3.4700000286102295, 4.010000228881836, 3.7899999618530273, 3.130000114440918, 3.4000000953674316, 3.8299999237060547, 3.8499999046325684, 3.309999942779541, 3.1600000858306885, 3.049999952316284, 2.740000009536743, 2.319999933242798, 2.509999990463257, 2.6600000858306885, 2.759999990463257, 2.930000066757202, 3.069999933242798, 2.7200000286102295, 2.380000114440918, 2.4200000762939453, 2.565000057220459, 2.890000104904175, 3.009999990463257, 4.840000152587891, 4.920000076293945, 5.380000114440918, 5.510000228881836, 5.039999961853027, 5.130000114440918, 4.920000076293945, 5.190000057220459, 5.690000057220459, 5.650000095367432, 7.199999809265137]
assets:[0, 100.00000829434394, 206.79018927989006, 286.4698094923496, 384.63341816725733, 482.1519660567283, 557.1050625560761, 638.0261128961563, 710.8761275545239, 805.6104320672752, 1091.98301922127, 1278.0180854582072, 1500.0761466816425, 1738.5448594087602, 1683.4633736538885, 1861.5621447636843, 1915.7110024541855, 2751.0345375751494, 3583.97426154995, 4241.711275107384, 4108.998573642254, 3493.4475897295, 3894.7993892461773, 4487.376897611046, 4610.809550786734, 4064.098693743324, 3979.9253081011775, 3941.3834833803894, 3640.784054671979, 3182.707452418685, 3543.3602095370056, 3855.1149823936703, 4100.044017832947, 4452.583098447776, 4765.334330377722, 4322.055293461394, 3881.798512654019, 4047.0387275886533, 4389.52666392231, 5045.704648154139, 5355.214694032788, 8711.043406628036, 8955.027438864709, 9892.286372424222, 10231.319412002373, 9458.593128409386, 9727.496983002662, 9429.295274219132, 10046.75643876686, 11114.652082772493, 11136.517437975406, 14291.667701400089]
shares:[0, 61.7284, 119.5319, 183.6345, 248.1506, 313.0857, 381.5788, 452.5008, 526.5749, 601.2018, 661.8079, 717.9877, 769.2698, 816.2182, 867.7646, 917.0257, 967.5308, 1004.0272, 1032.8456, 1057.7833, 1084.1685, 1116.1174, 1145.5292, 1171.6389, 1197.6129, 1227.8244, 1259.47, 1292.2569, 1328.7533, 1371.8567, 1411.6973, 1449.2913, 1485.5232, 1519.6529, 1552.2262, 1588.9909, 1631.0077, 1672.33, 1711.3164, 1745.9185, 1779.1411, 1799.8023, 1820.1275, 1838.7149, 1856.8637, 1876.705, 1896.1982, 1916.5234, 1935.7912, 1953.3659, 1971.065, 1984.9539]
growth_rate:180.23
