ticker:CLSK
price:[8.880000114440918, 9.550000190734863, 11.550000190734863, 11.75, 12.630000114440918, 10.779999732971191, 9.720000267028809, 8.800000190734863, 7.550000190734863, 9.029999732971191, 8.819999694824219, 10.149999618530273, 10.930000305175781, 11.600000381469727, 15.949999809265137, 18.3799991607666, 24.8700008392334, 29.049999237060547, 38.900001525878906, 31.149999618530273, 27.959999084472656, 26.389999389648438, 32.06999969482422, 28.229999542236328, 36.310001373291016, 23.93000030517578, 22.09000015258789, 30.860000610351562, 24.399999618530273, 21.030000686645508, 22.979999542236328, 22.09000015258789, 18.940000534057617, 19.90999984741211, 21.549999237060547, 19.299999237060547, 15.6899995803833, 15.319999694824219, 16.760000228881836, 16.510000228881836, 18.260000228881836, 18.709999084472656, 16.200000762939453, 16.459999084472656, 15.720000267028809, 13.75, 13.479999542236328, 13.5, 13.680000305175781, 13.920000076293945, 10.789999961853027, 14.079999923706055]
assets:[0, 99.9999619972229, 220.94226364860535, 324.76765, 449.0912290692329, 483.3094300280571, 535.785854719162, 585.0732926811219, 601.966045207405, 819.9673197525025, 900.8985828285217, 1136.748192277336, 1324.103956970215, 1505.2705695013046, 2169.7470590535163, 2600.310381269455, 3618.483155105019, 4326.654596369171, 5893.6964411842355, 4819.503020979309, 4425.947627075959, 4277.423051071167, 5298.066573583985, 4763.68538775444, 6227.15071151886, 4203.9865586128235, 3980.7373134971617, 5661.13749996643, 4576.078408457565, 4044.0544110414503, 4519.037591980362, 4444.017632697296, 3910.307054260254, 4210.570749730682, 4657.398765113067, 4271.126501160049, 3572.2269304636, 3587.9868245269777, 4025.2391989704133, 4065.196269356728, 4596.093185610199, 4809.358489665985, 4264.169060821152, 4432.6053294525145, 4333.326541608334, 3890.2819999999997, 3913.8909070892337, 4019.6979, 4173.293397098541, 4346.508887822723, 3469.1684177351, 4626.959718928338]
shares:[0, 10.4712, 19.1292, 27.6398, 35.5575, 44.8339, 55.122, 66.4856, 79.7306, 90.8048, 102.1427, 111.9949, 121.144, 129.7647, 136.0343, 141.475, 145.4959, 148.9382, 151.5089, 154.7192, 158.2957, 162.085, 165.2032, 168.7455, 171.4996, 175.6785, 180.2054, 183.4458, 187.5442, 192.2993, 196.6509, 201.1778, 206.4576, 211.4802, 216.1206, 221.3019, 227.6754, 234.2028, 240.1694, 246.2263, 251.7028, 257.0475, 263.2203, 269.2956, 275.6569, 282.9296, 290.348, 297.7554, 305.0653, 312.2492, 321.517, 328.6193]
growth_rate:-9.28
