ticker:CLSN
price:[0.7799999713897705, 0.7799999713897705, 0.7900000214576721, 0.7300000190734863, 0.7099999785423279, 0.6899999976158142, 0.6200000047683716, 0.5600000023841858, 0.4699999988079071, 0.47999998927116394, 0.5400000214576721, 0.5199999809265137, 0.5699999928474426, 0.6100000143051147, 0.699999988079071, 0.6299999952316284, 0.7400000095367432, 0.7099999785423279, 0.8500000238418579, 0.8700000047683716, 1.3700000047683716, 1.3700000047683716, 1.7200000286102295, 2.450000047683716, 1.899999976158142, 2.059999942779541, 1.7100000381469727, 2.2200000286102295, 2.240000009536743, 1.7200000286102295, 1.4600000381469727, 1.350000023841858, 1.059999942779541, 1.1399999856948853, 1.1799999475479126, 1.0700000524520874, 1.0399999618530273, 1.190000057220459, 1.1799999475479126, 1.2400000095367432, 1.5399999618530273, 1.2400000095367432, 1.3200000524520874, 1.2100000381469727, 1.1699999570846558, 1.0499999523162842, 1.0499999523162842, 1.1100000143051147, 1.090000033378601, 1.0399999618530273, 0.9700000286102295, 1.0299999713897705]
assets:[0, 99.99997433202266, 201.28205146714447, 285.9948084724903, 378.1593365712404, 467.50694538460374, 520.0786959998846, 569.7484824256898, 578.1817785335184, 690.483488566491, 876.7939848406613, 944.320069362545, 1135.1201017561198, 1314.777682832861, 1608.76118260296, 1547.8851032842995, 1918.1507687201502, 1940.3878383574547, 2422.9996979633092, 2580.0113751407503, 4162.776524488807, 4262.776523836863, 5451.8070346845625, 7865.655328087211, 6199.895812201559, 6821.99221850605, 5762.916101560116, 7581.680383708835, 7749.983840995359, 6050.880464649463, 5236.212464812088, 4941.70330227362, 3980.1519151451585, 4380.540917031455, 4634.244002003575, 4302.238555898488, 4281.614634951305, 4999.155611381483, 5057.145481205213, 5414.288797640872, 6824.1972109594335, 5594.808371029235, 6055.763976634431, 5651.1169021595, 5564.302760902584, 5093.604998683786, 5193.60499914248, 5590.382760046005, 5589.655222169601, 5433.248608709621, 5167.549537417292, 5587.1914818050145]
shares:[0, 128.2051, 254.7874, 391.7737, 532.6188, 677.5463, 838.8366, 1017.408, 1230.174, 1438.5073, 1623.6925, 1816.0002, 1991.4388, 2155.3732, 2298.2303, 2456.9605, 2592.0956, 2732.9407, 2850.5878, 2965.5303, 3038.523, 3111.5157, 3169.6552, 3210.4715, 3263.1031, 3311.6468, 3370.1263, 3415.1713, 3459.8142, 3517.9537, 3586.4468, 3660.5209, 3754.8605, 3842.5798, 3927.3256, 4020.7835, 4116.9373, 4200.9709, 4285.7167, 4366.3619, 4431.297, 4511.9422, 4587.6998, 4670.3444, 4755.8145, 4851.0526, 4946.2907, 5036.3808, 5128.1239, 5224.2777, 5327.3705, 5424.4579]
growth_rate:9.55
