ticker:CLVRW
price:[2.430000066757202, 2.190000057220459, 1.5399999618530273, 1.8049999475479126, 2.0999999046325684, 2.2200000286102295, 1.899999976158142, 2.619999885559082, 7.199999809265137, 5.960000038146973, 4.199999809265137, 3.390000104904175, 3.5, 4.519999980926514, 3.6500000953674316, 2.890000104904175, 3.259999990463257, 2.450000047683716, 2.5399999618530273, 2.109999895095825, 1.9199999570846558, 1.6799999475479126, 1.6799999475479126, 2.549999952316284, 2.130000114440918, 2.3949999809265137, 2.2190001010894775, 2.2200000286102295, 1.9800000190734863, 1.7899999618530273, 1.590000033378601, 1.600000023841858, 2.140000104904175, 2.109999895095825, 2.4700000286102295, 1.600000023841858, 1.5, 1.4299999475479126]
assets:[0, 100.00000161280633, 170.31968378105162, 299.6280057930112, 448.5975696278095, 574.2316454004049, 591.4595425781608, 915.5914480072022, 2616.1292906962394, 2265.573622500801, 1696.5449829546928, 1469.3541874694347, 1617.0322, 2188.281602765894, 1867.0860087833405, 1578.3229822915794, 1880.3917924991372, 1513.1778494505882, 1668.7639729376792, 1486.2567071068527, 1452.4231355358124, 1370.870213199401, 1470.8701940772535, 2332.570891382098, 2048.3829830557825, 2403.228721860981, 2326.6240468924284, 2427.672373286605, 2265.2213978210452, 2147.851563226795, 2007.8682601508378, 2120.4963515978575, 2936.16403193264, 2995.0026370955948, 3605.9984897686004, 2435.869476297283, 2383.62765, 2372.39164898119]
shares:[0, 45.6621, 110.5972, 165.9989, 213.6179, 258.6629, 311.2945, 349.4624, 363.3513, 380.1298, 403.9393, 433.4378, 462.0092, 484.1331, 511.5304, 546.1325, 576.8073, 617.6236, 656.9937, 704.3871, 756.4704, 815.9942, 875.518, 914.7337, 961.6821, 1003.4358, 1048.5011, 1093.5461, 1144.0512, 1199.9171, 1262.8102, 1325.3102, 1372.0392, 1419.4326, 1459.9184, 1522.4184, 1589.0851, 1659.0152]
growth_rate:-35.88
