ticker:CLVR
price:[13.0, 11.489999771118164, 8.899999618530273, 8.829999923706055, 10.039999961853027, 9.819999694824219, 8.899999618530273, 11.010000228881836, 17.959999084472656, 16.059999465942383, 13.199999809265137, 12.15999984741211, 12.630000114440918, 13.800000190734863, 12.329999923706055, 10.819999694824219, 12.149999618530273, 10.5600004196167, 10.84000015258789, 10.020000457763672, 9.489999771118164, 8.630000114440918, 8.970000267028809, 12.229999542236328, 10.800000190734863, 11.470000267028809, 10.850000381469727, 10.880000114440918, 9.970000267028809, 9.420000076293945, 8.869999885559082, 9.020000457763672, 10.130000114440918, 10.649999618530273, 12.380000114440918, 10.050000190734863, 9.850000381469727, 9.449999809265137]
assets:[0, 99.99976600799562, 177.45887239379883, 276.0628836147308, 413.89297442741395, 504.823598311615, 557.5289061033249, 789.7076804168701, 1388.205557234955, 1341.3472153949738, 1202.4777426246644, 1207.7372648448943, 1354.418478272438, 1579.8875018362046, 1511.5951076467513, 1426.4762997665405, 1701.820071568489, 1579.1128947483064, 1720.9833562252045, 1690.7979232440948, 1701.364311966133, 1647.1839578430177, 1812.0790889439584, 2570.649286781693, 2370.075161857033, 2617.10766692791, 2575.642530555725, 2682.764316218567, 2558.3788375216486, 2517.244448387528, 2470.271906128502, 2612.0469105609895, 3033.4852622699736, 3289.202327184868, 3923.5043002689363, 3285.0737123460767, 3319.699333564949, 3284.888918699169]
shares:[0, 8.7032, 19.9392, 31.2642, 41.2244, 51.4077, 62.6437, 71.7264, 77.2943, 83.521, 91.0968, 99.3205, 107.2382, 114.4846, 122.5949, 131.837, 140.0675, 149.5372, 158.7623, 168.7423, 179.2797, 190.8672, 202.0155, 210.1921, 219.4514, 228.1698, 237.3864, 246.5776, 256.6077, 267.2234, 278.4974, 289.5839, 299.4556, 308.8453, 316.9228, 326.873, 337.0253, 347.6073]
growth_rate:-11.22
