ticker:CLVS
price:[5.150000095367432, 6.039999961853027, 6.96999979019165, 5.880000114440918, 5.75, 5.679999828338623, 6.0, 5.579999923706055, 4.929999828338623, 4.260000228881836, 4.260000228881836, 4.230000019073486, 4.760000228881836, 5.300000190734863, 4.849999904632568, 4.900000095367432, 4.880000114440918, 4.800000190734863, 5.050000190734863, 5.579999923706055, 6.679999828338623, 7.900000095367432, 9.359999656677246, 7.900000095367432, 6.650000095367432, 5.989999771118164, 5.579999923706055, 5.940000057220459, 7.860000133514404, 6.440000057220459, 6.989999771118164, 6.230000019073486, 5.980000019073486, 6.090000152587891, 5.940000057220459, 5.639999866485596, 5.869999885559082, 5.179999828338623, 5.130000114440918, 5.360000133514404, 5.78000020980835, 5.96999979019165, 6.539999961853027, 5.690000057220459, 5.420000076293945, 5.050000190734863, 4.860000133514404, 4.829999923706055, 4.96999979019165, 4.78000020980835, 4.239999771118164, 4.679999828338623]
assets:[0, 100.00005136842728, 215.39738851618768, 281.7125694828987, 375.4842, 470.9128817680359, 597.4434, 655.6220910358429, 679.2504463486671, 686.9386689079284, 786.9387662807464, 881.3970669743061, 1091.8321925001144, 1315.6953673488617, 1303.9855243592262, 1417.4289075870515, 1511.643475449562, 1586.86230305624, 1769.511481833172, 2055.2222238994596, 2560.3737942039966, 3127.986867760515, 3806.070700394154, 3312.3886699865816, 2888.276586420679, 2701.6204787693023, 2616.701346222496, 2885.5207537964343, 3918.2139965569972, 3310.3435694129466, 3693.0594320737837, 3391.5254133833414, 3355.4288407022955, 3517.151089123917, 3530.521600009775, 3452.2123342765803, 3692.994202001762, 3358.894224688721, 3426.4727684383392, 3680.0962276690007, 4068.4618056811814, 4302.199753804445, 4812.962551926613, 4287.424716115714, 4183.979356895256, 3998.357346015072, 3947.923908457756, 4023.5536734445573, 4240.178183001041, 4178.079161388254, 3806.078194541931, 4301.048542238474]
shares:[0, 16.5563, 30.9035, 47.9103, 65.3016, 82.9072, 99.5739, 117.495, 137.779, 161.2532, 184.7274, 208.3681, 229.3765, 248.2444, 268.863, 289.2712, 309.763, 330.5963, 350.3983, 368.3194, 383.2895, 395.9477, 406.6315, 419.2897, 434.3273, 451.0218, 468.9429, 485.7779, 498.5005, 514.0285, 528.3347, 544.3861, 561.1085, 577.5289, 594.3639, 612.0944, 629.1302, 648.4352, 667.9284, 686.5851, 703.8861, 720.6365, 735.927, 753.5017, 771.9519, 791.7539, 812.33, 833.0339, 853.1546, 874.0751, 897.66, 919.0275]
growth_rate:-15.67
