ticker:CLWT
price:[2.309999942779541, 2.3299999237060547, 2.700000047683716, 2.5299999713897705, 2.759999990463257, 2.9200000762939453, 3.0799999237060547, 2.930000066757202, 2.6500000953674316, 2.9100000858306885, 2.9100000858306885, 2.990000009536743, 3.240000009536743, 3.1700000762939453, 3.1600000858306885, 3.259999990463257, 3.7200000286102295, 3.2200000286102295, 3.75, 3.9700000286102295, 4.190000057220459, 4.630000114440918, 5.039999961853027, 6.0, 6.590000152587891, 5.039999961853027, 2.809999942779541, 3.2899999618530273, 3.6500000953674316, 3.299999952316284, 3.5399999618530273, 3.049999952316284, 2.759999990463257, 3.0999999046325684, 3.109999895095825, 3.309999942779541, 3.549999952316284, 3.700000047683716, 3.25, 3.2799999713897705, 3.5899999141693115, 3.2899999618530273, 3.6700000762939453, 3.369999885559082, 4.03000020980835, 3.950000047683716, 3.7699999809265137, 3.7899999618530273, 3.869999885559082, 3.880000114440918, 3.450000047683716, 3.5399999618530273]
assets:[0, 100.00010172557832, 215.87985381257533, 302.28743258161546, 429.76815451500414, 554.682338492775, 685.0757590301514, 751.7117341270208, 779.875683065939, 956.3918982088566, 1056.392014158368, 1185.4336427809953, 1384.5501760753393, 1454.6369550094603, 1550.0482981018065, 1699.1002590294838, 2038.85054768064, 1864.8114965691566, 2271.752625, 2505.028730052757, 2743.846258471155, 3131.9830234140395, 3509.3292934384344, 4277.7732000000005, 4798.420964104843, 3769.8090914669033, 2201.8181671640396, 2677.9293559498788, 3070.9553202381135, 2876.479938435984, 3185.6785336711887, 2844.723060525584, 2674.2412707595827, 3103.6768145194533, 3213.688535598278, 3520.356728143072, 3875.609142942691, 4139.367283346057, 3735.9305750000003, 3870.4160382397886, 4336.217655328536, 4073.859560764313, 4644.396840550232, 4364.745667778778, 5319.56279794507, 5313.963504149246, 5171.808121834373, 5299.244650662231, 5511.101975029564, 5625.342893919945, 5101.915615515447, 5335.008980510043]
shares:[0, 42.9185, 79.9555, 119.4812, 155.7131, 189.9597, 222.4272, 256.5569, 294.2927, 328.657, 363.0213, 396.4661, 427.3303, 458.876, 490.5216, 521.1964, 548.0781, 579.134, 605.8007, 630.9896, 654.8559, 676.4542, 696.2955, 712.9622, 728.1367, 747.978, 783.5652, 813.9603, 841.3576, 871.6606, 899.9092, 932.6961, 968.928, 1001.1861, 1033.3404, 1063.5519, 1091.7209, 1118.7479, 1149.5171, 1180.0049, 1207.8601, 1238.2552, 1265.5032, 1295.1768, 1319.9907, 1345.3072, 1371.8324, 1398.2176, 1424.0574, 1449.8306, 1478.8161, 1507.0647]
growth_rate:4.61
