ticker:CLXT
price:[5.369999885559082, 5.429999828338623, 6.380000114440918, 6.119999885559082, 5.309999942779541, 5.46999979019165, 3.9600000381469727, 3.7100000381469727, 3.2100000381469727, 3.490000009536743, 3.380000114440918, 3.75, 3.9000000953674316, 3.549999952316284, 3.7699999809265137, 4.230000019073486, 4.309999942779541, 4.21999979019165, 4.659999847412109, 6.065000057220459, 7.909999847412109, 8.880000114440918, 10.729999542236328, 10.680000305175781, 11.4399995803833, 9.539999961853027, 7.340000152587891, 8.050000190734863, 7.929999828338623, 6.639999866485596, 6.309999942779541, 5.96999979019165, 5.579999923706055, 5.510000228881836, 4.980000019073486, 4.340000152587891, 4.25, 4.269999980926514, 4.309999942779541, 4.28000020980835, 4.659999847412109, 4.420000076293945, 4.050000190734863, 3.950000047683716, 4.809999942779541, 4.070000171661377, 3.7699999809265137, 3.7799999713897705, 3.930000066757202, 3.549999952316284, 3.319999933242798, 4.059999942779541]
assets:[0, 99.99996283864975, 217.49547990131381, 308.6322062287331, 367.78387103676795, 478.8656616325378, 446.674144302845, 518.4751023310661, 548.5995995194435, 696.4525359031201, 774.5013382232667, 959.284125, 1097.6554168411733, 1099.1477902362108, 1267.2640045885562, 1521.8905568623543, 1650.6735170853137, 1716.204706674385, 1995.1453826705933, 2696.6858274419787, 3617.0293602256775, 4160.584637619495, 5127.373201255798, 5203.48091268692, 5673.766175887489, 4831.445212680816, 3817.275711355591, 4286.522061563874, 4322.623081427812, 3719.447053210878, 3634.595303040695, 3538.7531956348416, 3407.578171409035, 3464.8308529268265, 3231.5528883769034, 2916.2531205310825, 2955.777675, 3069.687187288141, 3198.4431995368004, 3276.180516600466, 3667.0559339252472, 3578.194707763481, 3378.662844118214, 3395.2391309867385, 4234.455551626301, 3683.000949338818, 3511.5265202342034, 3620.8408045944216, 3864.525086645007, 3590.8558367675064, 3458.208874463749, 4329.014320988131]
shares:[0, 18.4162, 34.0902, 50.4301, 69.2625, 87.544, 112.7965, 139.7507, 170.9033, 199.5566, 229.1424, 255.8091, 281.4501, 309.6191, 336.1443, 359.785, 382.9869, 406.6836, 428.1428, 444.6308, 457.273, 468.5343, 477.854, 487.2173, 495.9586, 506.4408, 520.0648, 532.4872, 545.0975, 560.1577, 576.0056, 592.756, 610.6771, 628.8259, 648.9062, 671.9477, 695.4771, 718.8963, 742.0982, 765.4627, 786.9219, 809.5463, 834.2377, 859.5542, 880.3442, 904.9142, 931.4394, 957.8944, 983.3397, 1011.5087, 1041.6292, 1066.2597]
growth_rate:-15.12
