ticker:CMAX
price:[10.130000114440918, 10.210000038146973, 10.550000190734863, 10.270000457763672, 10.199999809265137, 10.100000381469727, 10.199999809265137, 10.199999809265137, 10.25, 10.350000381469727, 11.329999923706055, 11.100000381469727, 14.350000381469727, 15.0, 15.600000381469727, 16.290000915527344, 16.020000457763672, 16.239999771118164, 13.970000267028809, 13.390000343322754, 14.399999618530273, 14.15999984741211, 12.6899995803833, 11.710000038146973, 12.850000381469727, 14.050000190734863, 13.050000190734863, 12.140000343322754, 13.970000267028809, 13.1899995803833, 12.510000228881836, 12.770000457763672, 12.75, 12.90999984741211, 12.739999771118164, 12.850000381469727, 14.920000076293945, 14.75, 13.069999694824219, 13.270000457763672, 12.75, 14.09000015258789, 11.25, 10.920000076293945, 10.079999923706055, 9.229999542236328, 8.359999656677246, 7.590000152587891, 8.180000305175781, 8.300000190734863, 8.300000190734863]
assets:[0, 99.9998033736229, 203.330153676033, 297.9337402797699, 395.902792596817, 492.0215185832978, 596.8927688384057, 696.8925469684601, 800.3087250000001, 908.1162784704209, 1094.101836632538, 1171.8914202739716, 1615.0121829322813, 1788.1665, 1959.693887920761, 2146.372149629974, 2210.7969091724394, 2341.1567430044174, 2113.9138974062917, 2126.149950514984, 2386.523456778717, 2446.747437633896, 2292.74156318655, 2215.6818952178955, 2531.3845401475905, 2867.7778539313317, 2763.6650953928947, 2670.949397535229, 3173.571945661068, 3096.3787814941406, 3036.7475115600587, 3199.862019704819, 3294.8499, 3436.1965643863678, 3490.948489282989, 3621.0902724969865, 4304.40957801075, 4355.36525, 3959.29631455307, 4119.8826351200105, 4058.4397500000005, 4584.973407653046, 3760.8198749999997, 3750.502418203354, 3562.0018290397643, 3361.6341352790832, 3144.773546852589, 2955.123296409225, 3284.8361785491943, 3433.024498891258, 3533.0245611892697]
shares:[0, 9.7943, 19.273, 29.0101, 38.814, 48.715, 58.5189, 68.3228, 78.0789, 87.7407, 96.5668, 105.5758, 112.5444, 119.2111, 125.6214, 131.7601, 138.0023, 144.1599, 151.3181, 158.7864, 165.7308, 172.7929, 180.6731, 189.2128, 196.9949, 204.1123, 211.7751, 220.0123, 227.1705, 234.752, 242.7456, 250.5765, 258.4196, 266.1655, 274.0148, 281.7969, 288.4993, 295.279, 302.9301, 310.4659, 318.309, 325.4062, 334.2951, 343.4526, 353.3732, 364.2074, 376.1691, 389.3443, 401.5692, 413.6174, 425.6656]
growth_rate:-29.34
