ticker:CMBM
price:[13.039999961853027, 13.949999809265137, 16.469999313354492, 16.459999084472656, 16.719999313354492, 17.190000534057617, 22.229999542236328, 23.280000686645508, 23.040000915527344, 25.325000762939453, 22.34000015258789, 22.360000610351562, 26.959999084472656, 25.264999389648438, 24.670000076293945, 26.6200008392334, 26.790000915527344, 25.079999923706055, 26.65999984741211, 28.600000381469727, 34.45000076293945, 36.75, 40.11000061035156, 41.869998931884766, 43.040000915527344, 42.290000915527344, 40.130001068115234, 49.70000076293945, 49.47999954223633, 45.869998931884766, 48.47999954223633, 62.529998779296875, 59.18000030517578, 60.77000045776367, 60.0, 58.61000061035156, 48.83000183105469, 53.15999984741211, 57.709999084472656, 48.150001525878906, 48.2599983215332, 44.13999938964844, 47.849998474121094, 47.13999938964844, 47.650001525878906, 41.650001525878906, 41.70000076293945, 44.04999923706055, 42.290000915527344, 37.04999923706055, 35.40999984741211, 38.119998931884766]
assets:[0, 100.00057363271713, 218.06443790874482, 317.9314663162231, 422.9541186304092, 534.8428006164551, 791.6547436981201, 929.0466274023056, 1019.4693525100707, 1220.5763992710113, 1176.7103600372316, 1277.764470878601, 1640.6318722862245, 1637.4827199417114, 1698.9192912540434, 1933.2083489471436, 2045.5531989051817, 2014.9848778703688, 2241.924699168396, 2505.065453412819, 3117.4666940402985, 3425.5998, 3838.7957954147337, 4107.237545223236, 4322.008027935792, 4346.693164100647, 4224.681849445725, 5332.163981853485, 5408.559789962769, 5113.959027917862, 5504.942732020569, 7200.329359436036, 6914.579399656677, 7200.351735238266, 7209.12, 7142.1091763763425, 6050.335089878845, 6686.847532806396, 7359.179083251953, 6240.086117749023, 6354.340892998123, 5911.86433425293, 6508.762547443391, 6512.183499682617, 6682.636343995667, 5941.172797659301, 6048.305720659256, 6489.155157608795, 6329.882757034302, 5645.571438745499, 5495.674468318176, 6016.269771425247]
shares:[0, 7.1685, 13.2401, 19.3154, 25.2963, 31.1136, 35.612, 39.9075, 44.2478, 48.1965, 52.6728, 57.1451, 60.8543, 64.8123, 68.8658, 72.6224, 76.3551, 80.3423, 84.0932, 87.5897, 90.4925, 93.2136, 95.7067, 98.095, 100.4184, 102.783, 105.2749, 107.287, 109.308, 111.4881, 113.5508, 115.15, 116.8398, 118.4853, 120.152, 121.8582, 123.9061, 125.7872, 127.52, 129.5968, 131.6689, 133.9344, 136.0243, 138.1456, 140.2442, 142.6452, 145.0433, 147.3134, 149.678, 152.3771, 155.2012, 157.8245]
growth_rate:17.97
