ticker:CMCO
price:[36.869998931884766, 34.709999084472656, 35.77000045776367, 32.91999816894531, 33.54999923706055, 36.70000076293945, 37.15999984741211, 37.63999938964844, 33.88999938964844, 34.27000045776367, 36.779998779296875, 35.9900016784668, 37.810001373291016, 40.099998474121094, 40.4900016784668, 40.66999816894531, 39.56999969482422, 38.439998626708984, 42.209999084472656, 40.47999954223633, 43.290000915527344, 43.189998626708984, 46.869998931884766, 47.70000076293945, 47.959999084472656, 50.34000015258789, 53.119998931884766, 53.72999954223633, 52.79999923706055, 52.15999984741211, 53.68000030517578, 53.209999084472656, 54.18000030517578, 53.900001525878906, 49.5099983215332, 52.380001068115234, 55.16999816894531, 52.43000030517578, 50.70000076293945, 50.900001525878906, 49.5, 45.97999954223633, 47.959999084472656, 47.97999954223633, 46.86000061035156, 45.290000915527344, 44.54999923706055, 46.400001525878906, 45.279998779296875, 45.36000061035156, 43.11000061035156, 46.0]
assets:[0, 99.99950736236572, 203.05198459854125, 286.87474004364014, 392.3638860774994, 529.2030010013581, 635.8373253890992, 744.0486879348754, 769.9197841339111, 878.552585735321, 1042.9005433868408, 1120.498316256714, 1277.161350387573, 1454.515164653015, 1568.6595960269929, 1675.632393559265, 1730.312989655304, 1780.9020723762512, 2055.563640415192, 2071.3170485767364, 2315.1016299613952, 2409.755740378189, 2715.0806111263278, 2863.1591557949064, 2978.766767137146, 3226.587615780258, 3504.7725375274654, 3645.021676945496, 3681.928746797562, 3737.300501066971, 3946.2100704345703, 4011.6561399757384, 4184.78737157135, 4263.161330687714, 4015.9391508533477, 4348.734352677918, 4680.368862661743, 4547.919787471771, 4497.85563768425, 4615.596868366241, 4588.64505, 4362.343260569763, 4650.196715230561, 4752.135872661209, 4741.205827754212, 4682.356563652801, 4705.852059410095, 5001.270564468384, 4980.55082572937, 5089.351244480896, 4936.901226896667, 5367.8596]
shares:[0, 2.881, 5.6766, 8.7143, 11.6949, 14.4197, 17.1108, 19.7675, 22.7182, 25.6362, 28.3551, 31.1336, 33.7784, 36.2722, 38.7419, 41.2007, 43.7279, 46.3294, 48.6985, 51.1689, 53.4789, 55.7943, 57.9279, 60.0243, 62.1094, 64.0959, 65.9784, 67.8396, 69.7335, 71.6507, 73.5136, 75.3929, 77.2386, 79.0939, 81.1137, 83.0228, 84.8354, 86.7427, 88.7151, 90.6797, 92.6999, 94.8748, 96.9599, 99.0441, 101.1781, 103.3861, 105.6308, 107.786, 109.9945, 112.1991, 114.5187, 116.6926]
growth_rate:5.25
