ticker:CMCSA
price:[44.43000030517578, 44.66999816894531, 45.2599983215332, 46.150001525878906, 45.150001525878906, 44.849998474121094, 45.560001373291016, 45.060001373291016, 42.2400016784668, 44.529998779296875, 49.0, 49.16999816894531, 51.75, 51.689998626708984, 50.93000030517578, 50.900001525878906, 50.380001068115234, 52.400001525878906, 51.540000915527344, 48.689998626708984, 48.68000030517578, 49.56999969482422, 51.11000061035156, 53.22999954223633, 52.099998474121094, 52.720001220703125, 55.09000015258789, 57.09000015258789, 55.459999084472656, 55.18000030517578, 54.75, 53.56999969482422, 55.11000061035156, 54.38999938964844, 56.150001525878906, 58.11000061035156, 58.68000030517578, 55.08000183105469, 57.34000015258789, 57.0, 56.880001068115234, 56.709999084472656, 56.41999816894531, 58.41999816894531, 58.029998779296875, 57.54999923706055, 58.36000061035156, 58.83000183105469, 58.689998626708984, 59.31999969482422, 59.40999984741211, 59.400001525878906]
assets:[0, 99.99825790100097, 201.32099853401184, 305.27764509353636, 398.660968473053, 496.01407312469485, 603.8659262020111, 697.2404372497558, 753.6038699455262, 894.4607264801026, 1084.2475000000002, 1188.0110767593385, 1350.3489749999999, 1448.7827885089876, 1527.482383152771, 1626.5808087615967, 1709.9627302532194, 1878.5243347023008, 1947.691480597687, 1939.9896982830046, 2039.5897847862243, 2176.8764505981444, 2344.507725997925, 2541.7537701416013, 2587.7965042099, 2718.59121494751, 2940.803370145416, 3147.565814412689, 3157.6982378730777, 3241.758801928711, 3316.497675, 3345.017920944214, 3541.1812652191165, 3594.9178876586916, 3811.2431185707087, 4044.2817124786375, 4183.954437759399, 4027.267969880676, 4292.512549422836, 4367.0607, 4457.867699711609, 4544.546512632752, 4621.3056300201415, 4885.121140885925, 4952.506412820435, 5011.540258562089, 5182.076254196167, 5323.8092497009275, 5411.141576384353, 5569.228511348724, 5677.6770424175265, 5776.721428393555]
shares:[0, 2.2386, 4.4481, 6.6149, 8.8297, 11.0594, 13.2543, 15.4736, 17.841, 20.0867, 22.1275, 24.1613, 26.0937, 28.0283, 29.9918, 31.9564, 33.9413, 35.8497, 37.7899, 39.8437, 41.8979, 43.9152, 45.8718, 47.7504, 49.6698, 51.5666, 53.3818, 55.1334, 56.9365, 58.7488, 60.5753, 62.442, 64.2566, 66.0952, 67.8761, 69.597, 71.3012, 73.1167, 74.8607, 76.6151, 78.3732, 80.1366, 81.909, 83.6207, 85.3439, 87.0815, 88.795, 90.4948, 92.1987, 93.8845, 95.5677, 97.2512]
growth_rate:13.27
