ticker:CMCTP
price:[23.25, 23.25, 28.59000015258789, 28.59000015258789, 23.68000030517578, 23.68000030517578, 23.68000030517578, 23.68000030517578, 24.899999618530273, 24.899999618530273, 22.700000762939453, 22.700000762939453, 22.700000762939453, 23.760000228881836, 23.700000762939453, 23.719999313354492, 23.600000381469727, 21.260000228881836, 21.260000228881836, 22.0, 22.0, 23.799999237060547, 23.209999084472656, 24.280000686645508, 24.280000686645508, 24.0, 23.360000610351562, 23.329999923706055, 23.329999923706055, 23.329999923706055, 23.329999923706055, 23.850000381469727, 23.850000381469727, 24.200000762939453, 24.020000457763672, 24.020000457763672, 27.06999969482422, 27.06999969482422, 26.010000228881836, 26.799999237060547, 26.899999618530273, 26.899999618530273, 26.899999618530273, 26.899999618530273, 26.899999618530273, 26.899999618530273, 27.0, 26.75, 26.899999618530273, 26.579999923706055, 26.579999923706055, 26.5]
assets:[0, 100.000575, 222.96769319000245, 322.9669367237091, 367.5017647361756, 467.50240602493284, 567.5030473136901, 667.5036886024475, 801.8945277149201, 901.8954161828995, 922.2102309951782, 1022.2105443561554, 1122.2108577171325, 1274.6147162784578, 1371.3958041473388, 1472.5541613725663, 1565.1048252983094, 1509.921358255577, 1609.9220213321685, 1765.9597999999999, 1865.9608, 2118.6307120845795, 2166.1103005569457, 2365.969522910309, 2465.969133738327, 2537.532, 2569.864035145569, 2666.5629992797853, 2766.5623779527664, 2866.5617566257474, 2966.561135298729, 3132.6832401058196, 3232.6839067052842, 3380.1230065631867, 3454.981619843674, 3554.9816857494357, 4106.383603706359, 4206.38288957901, 4141.671174445724, 4367.464555667496, 4483.761876415634, 4583.762624997521, 4683.763373579407, 4783.764122161293, 4883.76487074318, 4983.765619325066, 5102.292600000001, 5155.048675, 5283.956165068054, 5321.0980287265775, 5421.097304439545, 5504.7814]
shares:[0, 4.3011, 7.7988, 11.2965, 15.5195, 19.7425, 23.9655, 28.1885, 32.2046, 36.2207, 40.626, 45.0313, 49.4366, 53.6454, 57.8648, 62.0807, 66.318, 71.0217, 75.7254, 80.2709, 84.8164, 89.0181, 93.3266, 97.4452, 101.5638, 105.7305, 110.0113, 114.2976, 118.5839, 122.8702, 127.1565, 131.3494, 135.5423, 139.6745, 143.8377, 148.0009, 151.695, 155.3891, 159.2338, 162.9651, 166.6826, 170.4001, 174.1176, 177.8351, 181.5526, 185.2701, 188.9738, 192.7121, 196.4296, 200.1918, 203.954, 207.7276]
growth_rate:7.94
