ticker:CMCT
price:[10.300000190734863, 10.3100004196167, 10.34000015258789, 9.300000190734863, 9.899999618530273, 8.489999771118164, 8.0, 7.940000057220459, 8.0, 8.5, 10.75, 9.770000457763672, 10.789999961853027, 11.5, 12.020000457763672, 12.25, 12.6899995803833, 14.239999771118164, 13.550000190734863, 13.850000381469727, 16.209999084472656, 13.989999771118164, 13.5600004196167, 11.930000305175781, 12.279999732971191, 12.149999618530273, 12.5, 13.449999809265137, 12.899999618530273, 13.119999885559082, 13.199999809265137, 12.449999809265137, 12.220000267028809, 11.729999542236328, 11.199999809265137, 10.699999809265137, 11.329999923706055, 11.229999542236328, 11.979999542236328, 10.3100004196167, 9.0600004196167, 9.390000343322754, 9.430000305175781, 9.0600004196167, 8.649999618530273, 8.350000381469727, 8.149999618530273, 8.199999809265137, 8.010000228881836, 7.650000095367432, 7.21999979019165, 6.960000038146973]
assets:[0, 99.99978706998824, 200.29097295570372, 280.14576574554445, 398.2195646556855, 441.5037600975037, 516.0224, 612.1525664115429, 716.7784, 861.577, 1189.641225, 1181.1901243434907, 1404.507320034504, 1596.9268000000002, 1769.1361213748933, 1902.9885, 2071.3404095075607, 2424.341449033165, 2406.8702738800052, 2560.1587205142973, 3096.4016051177978, 2772.342294643402, 2787.130622248268, 2552.0990692840574, 2726.971648701954, 2798.103602148819, 2978.7075, 3305.088628130436, 3269.9357633037566, 3425.702818118858, 3546.5917887531277, 3445.0805322211268, 3481.436528075599, 3441.836406682205, 3386.323302331257, 3335.148210548687, 3631.5165015460966, 3699.4639362003327, 4046.5335633792874, 3582.4508998056413, 3248.1089044371606, 3466.4172217411997, 3581.1840658950805, 3540.6708139872553, 3480.44152651062, 3459.7324780578615, 3476.864002261543, 3598.1943563047407, 3614.8217892917633, 3552.3578692848682, 3452.6825976673604, 3428.347770790386]
shares:[0, 9.6993, 19.3705, 30.1232, 40.2242, 52.0028, 64.5028, 77.0973, 89.5973, 101.362, 110.6643, 120.8997, 130.1675, 138.8632, 147.1827, 155.346, 163.2262, 170.2487, 177.6288, 184.849, 191.018, 198.166, 205.5406, 213.9228, 222.0661, 230.2966, 238.2966, 245.7315, 253.4834, 261.1054, 268.6812, 276.7133, 284.8966, 293.4217, 302.3503, 311.6961, 320.5222, 329.4269, 337.7741, 347.4734, 358.5109, 369.1605, 379.765, 390.8025, 402.3632, 414.3392, 426.6091, 438.8042, 451.2886, 464.3605, 478.2109, 492.5787]
growth_rate:-32.78
