ticker:CME
price:[169.6199951171875, 163.2100067138672, 169.0500030517578, 166.77999877929688, 168.49000549316406, 169.41000366210938, 167.99000549316406, 163.86000061035156, 150.72000122070312, 150.58999633789062, 165.9600067138672, 167.47000122070312, 174.77000427246094, 184.02999877929688, 180.27000427246094, 183.97999572753906, 178.47999572753906, 182.0500030517578, 199.67999267578125, 191.82000732421875, 184.0399932861328, 181.74000549316406, 191.38999938964844, 184.3699951171875, 195.07000732421875, 199.6999969482422, 213.9199981689453, 209.14999389648438, 202.66000366210938, 208.44000244140625, 206.08999633789062, 204.6300048828125, 207.5800018310547, 207.30999755859375, 201.99000549316406, 202.9199981689453, 216.99000549316406, 217.77999877929688, 218.75999450683594, 218.3699951171875, 214.4600067138672, 210.7100067138672, 218.1199951171875, 213.52000427246094, 209.6199951171875, 209.3300018310547, 211.89999389648438, 212.1300048828125, 209.83999633789062, 207.02999877929688, 198.36000061035156, 199.86000061035156]
assets:[0, 99.99877111358643, 203.57001367492674, 300.8377617980957, 403.9210901687622, 506.12932694091796, 601.8913906814576, 687.0977545593262, 732.0018299285889, 831.3772517822266, 1016.2395051116944, 1125.4821432037354, 1274.545210157776, 1442.0774734344482, 1512.6095518493653, 1643.7324758285524, 1694.5961674346925, 1828.4920256515504, 2105.5656187683107, 2122.680201049805, 2136.5938980560304, 2209.8857707946777, 2427.2271112594603, 2438.201000427246, 2679.6961976135253, 2843.308586549377, 3145.779141073608, 3175.6289323272704, 3177.0806114105226, 3367.7025874450687, 3429.729110055542, 3505.434761645508, 3655.961266249085, 3751.2122128234864, 3754.953804116821, 3872.2411570587155, 4240.744172355652, 4356.187981582641, 4475.785735610963, 4567.798046862793, 4586.012783569336, 4605.825752755737, 4867.805743029785, 4865.138705349731, 4876.285136413574, 4969.5361094696045, 5130.543842221069, 5236.110975524902, 5279.595291860962, 5308.890961697388, 5186.558607958985, 5325.789352264404]
shares:[0, 0.6127, 1.2042, 1.8038, 2.3973, 2.9876, 3.5829, 4.1932, 4.8567, 5.5208, 6.1234, 6.7205, 7.2927, 7.8361, 8.3908, 8.9343, 9.4946, 10.0439, 10.5447, 11.066, 11.6094, 12.1596, 12.6821, 13.2245, 13.7371, 14.2379, 14.7054, 15.1835, 15.6769, 16.1567, 16.6419, 17.1306, 17.6123, 18.0947, 18.5898, 19.0826, 19.5435, 20.0027, 20.4598, 20.9177, 21.384, 21.8586, 22.3171, 22.7854, 23.2625, 23.7402, 24.2121, 24.6835, 25.1601, 25.6431, 26.1472, 26.6476]
growth_rate:4.43
