ticker:CMII
price:[13.831999778747559, 12.979999542236328, 12.0, 11.609999656677246, 11.633999824523926, 12.720000267028809, 12.46500015258789, 12.9399995803833, 13.050000190734863, 12.3100004196167, 12.524999618530273, 11.630000114440918, 11.25, 11.25, 11.34000015258789, 11.489999771118164, 11.40999984741211, 9.979999542236328, 10.020000457763672, 10.369999885559082, 10.369999885559082]
assets:[0, 100.00051247329712, 192.45000000000002, 286.1957795368195, 386.7874483660698, 522.8924989769936, 612.4104434967041, 735.7476721412659, 842.0016723064422, 894.2562874829292, 1009.8744367425918, 1037.7123462112427, 1103.806125, 1203.8062499999999, 1313.436239673233, 1430.8094564981461, 1520.846866661453, 1430.2407203975677, 1535.9728841709136, 1689.6245243536948, 1789.6245072501183]
shares:[0, 7.7042, 16.0375, 24.6508, 33.2463, 41.1079, 49.1304, 56.8584, 64.5212, 72.6447, 80.6287, 89.2272, 98.1161, 107.005, 115.8233, 124.5265, 133.2907, 143.3107, 153.2907, 162.9339, 172.5771]
growth_rate:-10.52
