ticker:CMIIU
price:[13.5, 12.220000267028809, 13.100000381469727, 12.279999732971191, 11.640000343322754, 14.119999885559082, 12.979999542236328, 13.670000076293945, 13.630000114440918, 13.569999694824219, 13.25, 11.75, 12.899999618530273, 13.300000190734863, 13.399999618530273, 14.460000038146973, 14.0, 13.59000015258789, 13.34000015258789, 12.77400016784668, 12.100000381469727, 11.850000381469727, 11.8100004196167, 12.0, 12.050000190734863, 10.300000190734863, 10.579999923706055, 10.899999618530273, 10.899999618530273]
assets:[0, 99.99992818517684, 207.20139603366852, 294.2312496019363, 378.8971431756019, 559.6250154643059, 614.4433243305206, 747.106514169693, 844.9209810941696, 941.2016088333129, 1019.00715, 1003.6474, 1201.8761944589614, 1339.1437692046165, 1449.2126387439728, 1663.8514723894118, 1710.9217999999998, 1760.8169087703707, 1828.425776914215, 1850.8478775196074, 1853.1912884244916, 1914.9019966436385, 2008.438196361065, 2140.7496, 2249.669965609169, 2022.9540274609567, 2177.946942294502, 2343.8203779727937, 2443.820244473076]
shares:[0, 8.1833, 15.8169, 23.9602, 32.5513, 39.6335, 47.3377, 54.653, 61.9898, 69.359, 76.9062, 85.4168, 93.1687, 100.6875, 108.1502, 115.0658, 122.2087, 129.5671, 137.0634, 144.8918, 153.1563, 161.5951, 170.0625, 178.3958, 186.6946, 196.4033, 205.8551, 215.0294, 224.2037]
growth_rate:-12.72
