ticker:CMLS
price:[5.46999979019165, 5.210000038146973, 4.960000038146973, 4.849999904632568, 5.400000095367432, 5.329999923706055, 5.110000133514404, 5.590000152587891, 5.059999942779541, 5.829999923706055, 6.460000038146973, 7.130000114440918, 8.460000038146973, 9.399999618530273, 9.079999923706055, 8.579999923706055, 9.180000305175781, 8.720000267028809, 8.630000114440918, 9.819999694824219, 9.369999885559082, 8.680000305175781, 9.729999542236328, 10.399999618530273, 9.430000305175781, 9.6899995803833, 10.119999885559082, 10.970000267028809, 10.569999694824219, 10.270000457763672, 9.430000305175781, 9.380000114440918, 9.65999984741211, 9.489999771118164, 9.609999656677246, 10.699999809265137, 9.869999885559082, 10.239999771118164, 10.979999542236328, 11.119999885559082, 10.779999732971191, 11.600000381469727, 13.579999923706055, 14.0600004196167, 14.109999656677246, 12.949999809265137, 12.680000305175781, 11.789999961853027, 12.489999771118164, 12.800000190734863, 11.890000343322754, 11.630000114440918]
assets:[0, 100.00021973218918, 195.20179350128174, 290.8729242804527, 423.85842748560907, 518.3638125801086, 596.96810059762, 753.0434545555115, 781.6455151608468, 1000.591809905815, 1208.717687137604, 1434.079739017868, 1801.5866181235313, 2101.7628347064974, 2130.213382101059, 2112.9107812118527, 2360.666454476929, 2342.3760637295723, 2418.2002500673293, 2851.6483693794253, 2820.972456545925, 2713.237895393371, 3141.4519772052768, 3457.770033169746, 3235.2671367004396, 3424.468138706494, 3676.43100242548, 4085.222614441395, 4036.2621974655153, 4021.7044502590184, 3792.7630967422483, 3872.6531112483976, 4088.2549034225467, 4116.308278722, 4268.358227510453, 4852.490573501015, 4576.082331941127, 4847.6271556470865, 5297.944207125091, 5465.495511752129, 5398.3845502779, 5909.022794320107, 7017.631994574165, 7365.678501826572, 7491.872226708699, 6975.9564022542, 6930.511570800018, 6544.064237826443, 7032.600536126137, 7307.148908885002, 6887.656044880485, 6837.043304277516]
shares:[0, 19.1939, 39.3552, 59.9738, 78.4923, 97.254, 116.8235, 134.7126, 154.4754, 171.6281, 187.108, 201.1332, 212.9535, 223.5918, 234.605, 246.26, 257.1532, 268.6211, 280.2086, 290.3919, 301.0643, 312.585, 322.8625, 332.4779, 343.0824, 353.4023, 363.2837, 372.3995, 381.8602, 391.5973, 402.2018, 412.8628, 423.2148, 433.7522, 444.158, 453.5038, 463.6355, 473.4011, 482.5086, 491.5014, 500.7778, 509.3985, 516.7623, 523.8747, 530.9619, 538.6839, 546.5703, 555.0521, 563.0585, 570.871, 579.2814, 587.8799]
growth_rate:34.06
