ticker:CMLTU
price:[11.199999809265137, 11.079999923706055, 11.029999732971191, 10.84000015258789, 11.0, 10.550000190734863, 10.350000381469727, 10.670000076293945, 10.699999809265137, 10.720000267028809, 10.649999618530273, 10.619999885559082, 10.970000267028809, 10.850000381469727, 10.619999885559082, 10.75, 10.664999961853027, 10.470000267028809, 10.350000381469727, 10.069999694824219, 10.239999771118164, 10.149999618530273, 10.149999618530273]
assets:[0, 100.00032331142425, 199.54924016904832, 296.1119481681824, 400.48249999999996, 484.09941875209813, 574.9218211898803, 692.6974719530106, 794.6451158349038, 896.1309183220864, 990.2795645294188, 1087.490112281227, 1223.3305497779847, 1309.948756055832, 1382.1802411056517, 1499.099325, 1587.2463483226775, 1658.2250312916756, 1739.2192391023636, 1792.1679156875612, 1922.4227410305025, 2005.5262446258544, 2105.5260708675387]
shares:[0, 9.0253, 18.0915, 27.3166, 36.4075, 45.8862, 55.548, 64.9201, 74.2659, 83.5943, 92.984, 102.4002, 111.516, 120.7326, 130.1488, 139.4511, 148.8276, 158.3787, 168.0405, 177.971, 187.7366, 197.5888, 207.441]
growth_rate:-4.29
