ticker:CMMB
price:[15.520000457763672, 16.15999984741211, 17.1200008392334, 16.15999984741211, 18.399999618530273, 18.8799991607666, 18.399999618530273, 17.440000534057617, 20.639999389648438, 19.68000030517578, 22.559999465942383, 23.200000762939453, 24.639999389648438, 24.43199920654297, 27.200000762939453, 38.08000183105469, 35.36000061035156, 27.68000030517578, 32.79999923706055, 34.880001068115234, 39.68000030517578, 33.279998779296875, 45.119998931884766, 68.0, 70.55999755859375, 58.08000183105469, 53.439998626708984, 70.55999755859375, 50.90999984741211, 31.030000686645508, 28.239999771118164, 45.900001525878906, 27.260000228881836, 34.0, 29.559999465942383, 19.829999923706055, 17.0, 17.3799991607666, 17.700000762939453, 18.079999923706055, 23.920000076293945, 20.639999389648438, 20.75, 18.829999923706055, 18.950000762939453, 18.329999923706055, 17.729999542236328, 16.6299991607666, 16.389999389648438, 14.84000015258789, 12.170000076293945, 15.800000190734863]
assets:[0, 99.99969505577089, 205.9399140953064, 294.39156522026065, 435.1986309774399, 546.5514317052841, 632.6563868837356, 699.6474774250031, 928.023908557129, 984.8600312721253, 1228.985298906517, 1363.8491648506165, 1548.500761642456, 1635.4291628875733, 1920.7144538745881, 2789.002182107544, 2689.78927842865, 2205.5811763168335, 2713.5504968818664, 2985.6304274276736, 3496.4984588912967, 3032.546704766846, 4211.433020303726, 6447.0188, 6789.72749307251, 5688.825827348327, 5334.348598918915, 7143.2542488403315, 5253.9578032527925, 3302.3243810752865, 3105.4031028310774, 5147.377641117096, 3157.0269685071944, 4037.5986, 3610.3341827724457, 2521.9536112970354, 2262.0387, 2412.6011075019833, 2557.0217602176663, 2711.9186285562514, 3687.8923237627027, 3282.195406941223, 3399.6883, 3185.1152000947955, 3305.4126280780793, 3297.2663742759705, 3289.336889073944, 3185.260149255753, 3239.2916163711548, 3032.9517431854247, 2587.2653452196123, 3458.9802817562104]
shares:[0, 6.1881, 12.0292, 18.2173, 23.6521, 28.9487, 34.3835, 40.1174, 44.9624, 50.0437, 54.4763, 58.7866, 62.845, 66.938, 70.6145, 73.2406, 76.0687, 79.6814, 82.7302, 85.5972, 88.1174, 91.1222, 93.3385, 94.8091, 96.2263, 97.9481, 99.8194, 101.2366, 103.2009, 106.4236, 109.9647, 112.1433, 115.8117, 118.7529, 122.1358, 127.1787, 133.0611, 138.8148, 144.4645, 149.9955, 154.1761, 159.0211, 163.8404, 169.1511, 174.4281, 179.8836, 185.5238, 191.537, 197.6383, 204.3768, 212.5937, 218.9228]
growth_rate:-32.18
