ticker:CMPI
price:[12.3100004196167, 11.5, 10.670000076293945, 9.739999771118164, 11.789999961853027, 11.770000457763672, 11.9399995803833, 11.739999771118164, 11.489999771118164, 10.729999542236328, 10.699999809265137, 11.119999885559082, 11.59000015258789, 13.0, 16.809999465942383, 16.5, 14.609999656677246, 14.59000015258789, 15.0600004196167, 13.239999771118164, 14.899999618530273, 15.649999618530273, 14.180000305175781, 14.029999732971191, 14.039999961853027, 13.300000190734863, 13.710000038146973, 15.0, 13.899999618530273, 12.25, 11.600000381469727, 10.569999694824219, 6.670000076293945, 6.460000038146973, 7.239999771118164, 7.090000152587891, 6.739999771118164, 6.880000114440918, 6.760000228881836, 6.670000076293945, 6.909999847412109, 6.079999923706055, 6.329999923706055, 5.860000133514404, 5.5, 5.139999866485596, 5.349999904632568, 5.019999980926514, 5.119999885559082, 5.130000114440918, 4.550000190734863, 5.909999847412109]
assets:[0, 100.00055, 192.78342737846373, 275.97997151470184, 434.06653359556196, 533.330499742508, 641.0335034716607, 730.2960777622224, 814.7443937702179, 860.8539142742158, 958.44713291502, 1096.0683647198678, 1242.39470235672, 1493.5401, 2031.2615004663467, 2093.80215, 1953.9661910834313, 2051.291284453201, 2217.3712097826005, 2049.4023525716784, 2406.351428392601, 2627.476870955086, 2480.679031388092, 2554.437842382145, 2656.2584807828907, 2616.256337519646, 2796.9071867821694, 3160.074, 3028.334536890793, 2768.856475, 2721.937769511795, 2580.2479105033876, 1728.2170297679902, 1773.8055444745064, 2087.9804579916004, 2144.7215011577605, 2138.846589367485, 2283.2738939796445, 2343.4493953451156, 2412.249549592209, 2599.047186607361, 2386.8608340488436, 2585.004856843567, 2493.0690808021545, 2439.9111000000003, 2380.2080081727504, 2577.453939055109, 2518.4707384310723, 2668.6396843512534, 2773.8521088795665, 2560.239152324581, 3425.497375558472]
shares:[0, 8.6957, 18.0678, 28.3347, 36.8165, 45.3127, 53.6879, 62.2058, 70.909, 80.2287, 89.5745, 98.5673, 107.1954, 114.8877, 120.8365, 126.8971, 133.7417, 140.5957, 147.2358, 154.7887, 161.5001, 167.8899, 174.9421, 182.0697, 189.1922, 196.711, 204.0049, 210.6716, 217.8658, 226.0291, 234.6498, 244.1105, 259.103, 274.5829, 288.3951, 302.4995, 317.3363, 331.8712, 346.6641, 361.6566, 376.1284, 392.5758, 408.3736, 425.4384, 443.6202, 463.0755, 481.7671, 501.6874, 521.2187, 540.7119, 562.6899, 579.6104]
growth_rate:-32.83
