ticker:CMPR
price:[85.22000122070312, 81.80999755859375, 77.02999877929688, 72.30000305175781, 78.22000122070312, 85.72000122070312, 87.20999908447266, 81.61000061035156, 73.4000015258789, 83.87000274658203, 82.79000091552734, 85.56999969482422, 94.37000274658203, 88.80000305175781, 90.26000213623047, 90.83999633789062, 86.62999725341797, 87.73999786376953, 91.6500015258789, 93.80000305175781, 96.18000030517578, 91.38999938964844, 98.5199966430664, 104.88999938964844, 94.83999633789062, 99.08000183105469, 97.91000366210938, 104.4000015258789, 104.66000366210938, 100.1500015258789, 103.55999755859375, 106.2699966430664, 101.8499984741211, 95.22000122070312, 95.26000213623047, 101.48999786376953, 104.2300033569336, 97.37000274658203, 99.30999755859375, 96.41000366210938, 105.12999725341797, 101.55999755859375, 106.69999694824219, 109.05000305175781, 110.70999908447266, 113.83999633789062, 118.76000213623047, 102.25, 96.13999938964844, 93.58999633789062, 92.13999938964844, 93.80999755859375]
assets:[0, 99.99636001586913, 194.15411192321778, 282.2302919128418, 405.33604632568364, 544.2019997497558, 653.6651061378479, 711.6881713226318, 740.092215385437, 945.6594419685364, 1033.484139428711, 1168.1845218338012, 1388.3242954063414, 1406.3789283325195, 1529.5008661994934, 1639.3258259124755, 1663.3479252639772, 1784.6578785484314, 1964.1878427017211, 2110.2655686569215, 2263.8079031829834, 2251.0636309661863, 2526.683241906738, 2790.05300576477, 2622.724226727295, 2839.979632484436, 2906.4388767089845, 3199.0979267570497, 3307.0677277160644, 3264.559554738617, 3475.711706060791, 3666.6655751747135, 3614.1573808540347, 3478.891310598755, 3580.3567062904353, 3914.5098136047363, 4120.191186698914, 3949.0157273925784, 4127.690945526123, 4107.152925009155, 4578.632153380585, 4523.147143267823, 4852.064991224671, 5058.927786573791, 5235.940838700866, 5483.96860758667, 5820.974000706482, 5111.743350000001, 4906.283746852112, 4876.151117199707, 4900.604077537537, 5089.426892547607]
shares:[0, 1.2223, 2.5205, 3.9036, 5.182, 6.3486, 7.4953, 8.7206, 10.083, 11.2753, 12.4832, 13.6518, 14.7115, 15.8376, 16.9455, 18.0463, 19.2006, 20.3403, 21.4314, 22.4975, 23.5372, 24.6314, 25.6464, 26.5998, 27.6542, 28.6635, 29.6848, 30.6427, 31.5982, 32.5967, 33.5623, 34.5033, 35.4851, 36.5353, 37.5851, 38.5704, 39.5298, 40.5568, 41.5637, 42.6009, 43.5521, 44.5367, 45.4739, 46.3909, 47.2942, 48.1726, 49.0146, 49.9926, 51.0327, 52.1012, 53.1865, 54.2525]
growth_rate:-0.21
