ticker:CMPS
price:[29.0, 43.16999816894531, 36.81999969482422, 34.61000061035156, 38.83000183105469, 38.38999938964844, 32.0, 38.709999084472656, 35.72999954223633, 33.83000183105469, 47.45000076293945, 49.0, 57.849998474121094, 56.9900016784668, 55.029998779296875, 47.63999938964844, 45.209999084472656, 42.5, 48.31999969482422, 43.83000183105469, 45.25, 48.75, 53.119998931884766, 45.119998931884766, 41.08000183105469, 41.29999923706055, 39.25, 34.75, 37.5, 35.79999923706055, 34.349998474121094, 35.29999923706055, 36.290000915527344, 34.06999969482422, 34.38999938964844, 35.91999816894531, 34.70000076293945, 33.209999084472656, 39.68000030517578, 36.34000015258789, 33.4900016784668, 37.27000045776367, 36.650001525878906, 35.02000045776367, 36.83000183105469, 35.47999954223633, 33.689998626708984, 30.260000228881836, 30.65999984741211, 31.829999923706055, 32.68000030517578]
assets:[0, 99.99898375854491, 185.28928446426391, 274.16658083496094, 407.594646220398, 502.9742550033569, 519.2544, 728.1350827789306, 772.0824141082763, 831.0272289794923, 1265.60065534935, 1406.9419, 1761.052298549652, 1834.8728900405881, 1871.768366479492, 1720.409005958557, 1732.6551309127806, 1728.79375, 2065.5350269546507, 1973.5992374496461, 2137.5376, 2402.872875, 2718.2672093421934, 2408.88906297493, 2293.2007262146, 2405.481285563278, 2386.082075, 2212.5186, 2487.61125, 2474.8396272583004, 2474.601370074463, 2643.0415528759004, 2817.1673680717468, 2744.8290834136965, 2870.6089070526123, 3098.3225460601807, 3093.088668006897, 3060.271526634979, 3756.4778528907777, 3540.28278886528, 3362.6339475299833, 3842.1718011909484, 3878.2555164665223, 3805.7705337471007, 4102.471805960083, 4052.0962397197723, 3947.6626480831146, 3645.749035575867, 3793.9419651184085, 4038.7208933195116, 4246.573227655792]
shares:[0, 2.3164, 5.0323, 7.9216, 10.4969, 13.1017, 16.2267, 18.81, 21.6088, 24.5648, 26.6723, 28.7131, 30.4417, 32.1964, 34.0136, 36.1127, 38.3246, 40.6775, 42.747, 45.0285, 47.2384, 49.2897, 51.1722, 53.3885, 55.8228, 58.2441, 60.7919, 63.6696, 66.3363, 69.1296, 72.0408, 74.8737, 77.6293, 80.5644, 83.4722, 86.2562, 89.138, 92.1491, 94.6693, 97.4211, 100.4071, 103.0902, 105.8187, 108.6742, 111.3894, 114.2079, 117.1761, 120.4808, 123.7424, 126.8841, 129.9441]
growth_rate:-15.07
