ticker:CMRX
price:[2.369999885559082, 2.369999885559082, 2.8499999046325684, 2.619999885559082, 2.430000066757202, 3.0299999713897705, 2.859999895095825, 2.819999933242798, 2.6700000762939453, 3.0799999237060547, 3.380000114440918, 3.3299999237060547, 3.809999942779541, 3.619999885559082, 4.929999828338623, 5.210000038146973, 4.940000057220459, 4.829999923706055, 8.420000076293945, 7.940000057220459, 9.279999732971191, 8.479999542236328, 9.739999771118164, 9.920000076293945, 10.420000076293945, 9.8100004196167, 9.300000190734863, 10.0, 9.65999984741211, 8.920000076293945, 9.539999961853027, 8.449999809265137, 8.180000305175781, 8.550000190734863, 8.710000038146973, 8.149999618530273, 8.199999809265137, 7.769999980926514, 7.820000171661377, 8.6899995803833, 8.4399995803833, 8.350000381469727, 7.889999866485596, 8.329999923706055, 7.769999980926514, 7.369999885559082, 7.25, 6.630000114440918, 6.71999979019165, 6.179999828338623, 6.199999809265137, 7.150000095367432]
assets:[0, 100.00001217126847, 220.25312262983323, 302.47820078783036, 380.54287045431136, 574.5040535753488, 642.271034441638, 733.2882486410379, 794.2836376962663, 1016.2521348266602, 1215.2378051458359, 1297.2607442783356, 1584.2532212069034, 1605.2484052524567, 2286.1533243967056, 2515.99602542181, 2485.6084527910234, 2530.260665032387, 4510.930840873718, 4353.775961375952, 5188.5443627014165, 4841.256330661393, 5660.593718980789, 5865.204013108826, 6260.828911841011, 5994.312466403008, 5782.681528597735, 6317.937, 6203.127364016343, 5827.940029847145, 6333.021172676564, 5709.436721125603, 5627.00503192978, 5981.5271234369275, 6193.462406125354, 5895.259844065857, 6031.427039706898, 5815.144908725214, 5952.565362668228, 6714.806994760037, 6621.630366788292, 6651.020793851852, 6384.61708495965, 6840.666742346763, 6480.789929091215, 6247.1582929945, 6245.440725, 5811.348253310108, 5990.235364975977, 5608.876998202658, 5727.028483815479, 6704.557234426069]
shares:[0, 42.1941, 77.2818, 115.4497, 156.602, 189.6053, 224.5703, 260.0313, 297.4845, 329.952, 359.5378, 389.5678, 415.8145, 443.4388, 463.7228, 482.9167, 503.1596, 523.8635, 535.74, 548.3345, 559.1104, 570.9029, 581.1698, 591.2504, 600.8473, 611.041, 621.7937, 631.7937, 642.1457, 653.3565, 663.8387, 675.673, 687.8979, 699.5938, 711.0749, 723.3448, 735.5399, 748.4099, 761.1976, 772.7051, 784.5534, 796.5294, 809.2037, 821.2085, 834.0785, 847.647, 861.4401, 876.5231, 891.4041, 907.5853, 923.7143, 937.7003]
growth_rate:31.46
