ticker:CMTL
price:[15.850000381469727, 14.420000076293945, 15.449999809265137, 13.199999809265137, 13.970000267028809, 16.43000030517578, 16.219999313354492, 16.209999084472656, 14.399999618530273, 15.180000305175781, 17.010000228881836, 18.1299991607666, 20.399999618530273, 18.950000762939453, 16.799999237060547, 20.65999984741211, 20.670000076293945, 20.690000534057617, 21.920000076293945, 22.059999465942383, 23.860000610351562, 21.34000015258789, 23.639999389648438, 28.100000381469727, 28.520000457763672, 26.8799991607666, 28.170000076293945, 28.899999618530273, 27.56999969482422, 25.280000686645508, 25.81999969482422, 25.81999969482422, 25.3700008392334, 24.8700008392334, 23.979999542236328, 23.84000015258789, 24.100000381469727, 23.329999923706055, 25.290000915527344, 24.520000457763672, 21.700000762939453, 25.700000762939453, 26.59000015258789, 25.649999618530273, 24.8700008392334, 23.049999237060547, 23.25, 24.969999313354492, 26.270000457763672, 26.459999084472656, 25.940000534057617, 26.030000686645508]
assets:[0, 99.99981652908325, 207.14278244276045, 276.9769159977913, 393.1339685145378, 562.3611214454651, 655.1728102643966, 754.7683563713074, 770.4906995889664, 912.2254203392029, 1122.1973430999758, 1296.0864450044633, 1558.366170859337, 1547.5991873073579, 1472.0142531513213, 1910.2277178916931, 2011.1517344232561, 2113.098720544052, 2338.7193361400605, 2453.6565305986405, 2753.8640064453125, 2563.010842326355, 2939.248592112732, 3593.7764887870785, 3747.490984149551, 3631.9959186037063, 3906.30010657959, 4107.528045782089, 4018.4956325187686, 3784.714406798935, 3965.5594891296387, 4065.5603479476927, 4094.7054504518505, 4114.005486826324, 4066.78011236763, 4143.036810517502, 4288.2215178766255, 4251.211250097656, 4708.363391448212, 4665.008551091003, 4228.494698667527, 5107.9419716362, 5384.831336901092, 5294.467721260071, 5233.466399602317, 4950.478301142502, 5093.4333, 5570.237530825043, 5960.237529859161, 6103.345414821624, 6083.402233246231, 6204.508360668755]
shares:[0, 6.9348, 13.4073, 20.9831, 28.1413, 34.2277, 40.3929, 46.5619, 53.5063, 60.0939, 65.9728, 71.4885, 76.3905, 81.6675, 87.6199, 92.4602, 97.2981, 102.1314, 106.6934, 111.2265, 115.4176, 120.1036, 124.3337, 127.8924, 131.3987, 135.1189, 138.6688, 142.129, 145.7561, 149.7118, 153.5848, 157.4578, 161.3995, 165.4204, 169.5905, 173.7851, 177.9345, 182.2208, 186.1749, 190.2532, 194.8615, 198.7526, 202.5134, 206.412, 210.4329, 214.7713, 219.0724, 223.0772, 226.8838, 230.6631, 234.5182, 238.3599]
growth_rate:21.66
