ticker:CNBKA
price:[70.08999633789062, 66.5, 67.19000244140625, 63.63999938964844, 67.91000366210938, 68.69999694824219, 70.61000061035156, 74.0999984741211, 71.56999969482422, 69.76000213623047, 78.05000305175781, 78.68000030517578, 76.52999877929688, 77.36000061035156, 74.44000244140625, 77.72000122070312, 76.75, 77.36000061035156, 79.41999816894531, 79.75, 83.36000061035156, 79.19999694824219, 81.94999694824219, 84.4000015258789, 85.44999694824219, 90.6500015258789, 94.5, 102.0, 101.0, 91.80000305175781, 95.11000061035156, 114.48999786376953, 115.0, 114.13999938964844, 114.25, 114.37999725341797, 114.20999908447266, 114.25, 114.0999984741211, 114.05999755859375, 114.37000274658203, 113.6500015258789, 113.7699966430664, 114.12000274658203, 114.05999755859375, 113.91000366210938, 114.20999908447266, 114.37999725341797, 114.76000213623047, 114.55999755859375, 114.41999816894531, 114.72000122070312]
assets:[0, 100.0027, 201.03920630493167, 290.41477321472166, 409.897991104126, 514.6660271377564, 628.9727024368286, 760.0585043487548, 834.1054044433595, 913.0119319587707, 1121.5082988510133, 1230.5630727729797, 1296.9385833129882, 1411.0077311325074, 1457.7511238098143, 1621.9853374755858, 1701.7393749999999, 1815.2678863220215, 1963.6038607284545, 2071.76145, 2265.541424588013, 2252.4795932067873, 2430.694274482727, 2603.360247066498, 2735.750012295532, 3002.2283355354307, 3229.7359500000002, 3586.065, 3650.9075999999995, 3418.347533638, 3641.6002363693237, 4483.622949341584, 4603.5995, 4669.170611032105, 4773.673475, 4879.1075428390495, 4971.858206144715, 5073.602575, 5166.938560901642, 5265.123547302246, 5379.438827186585, 5445.573918112946, 5551.327347200775, 5668.409008424377, 5765.4249145935055, 5857.844720324707, 5973.274320117188, 6082.167791950226, 6202.37645545578, 6291.566329919434, 6383.8807258392335, 6500.620341171265]
shares:[0, 1.5038, 2.9921, 4.5634, 6.0359, 7.4915, 8.9077, 10.2572, 11.6544, 13.0879, 14.3691, 15.6401, 16.9468, 18.2395, 19.5829, 20.8696, 22.1725, 23.4652, 24.7243, 25.9782, 27.1778, 28.4404, 29.6607, 30.8455, 32.0158, 33.1189, 34.1771, 35.1575, 36.1476, 37.2369, 38.2883, 39.1617, 40.0313, 40.9074, 41.7827, 42.657, 43.5326, 44.4079, 45.2843, 46.161, 47.0354, 47.9153, 48.7943, 49.6706, 50.5473, 51.4252, 52.3008, 53.1751, 54.0465, 54.9194, 55.7934, 56.6651]
growth_rate:27.46
