ticker:CNCE
price:[9.399999618530273, 10.010000228881836, 10.65999984741211, 8.930000305175781, 10.680000305175781, 11.15999984741211, 11.579999923706055, 11.90999984741211, 10.319999694824219, 10.40999984741211, 11.010000228881836, 10.75, 11.369999885559082, 10.989999771118164, 12.779999732971191, 12.210000038146973, 12.399999618530273, 12.640000343322754, 12.369999885559082, 11.850000381469727, 10.800000190734863, 10.470000267028809, 6.860000133514404, 7.360000133514404, 7.070000171661377, 6.690000057220459, 6.210000038146973, 6.369999885559082, 6.159999847412109, 4.889999866485596, 5.239999771118164, 4.570000171661377, 4.409999847412109, 4.380000114440918, 4.150000095367432, 4.010000228881836, 3.950000047683716, 4.159999847412109, 4.019999980926514, 3.9700000286102295, 4.329999923706055, 4.050000190734863, 4.289999961853027, 4.150000095367432, 3.75, 3.490000009536743, 3.509999990463257, 3.3299999237060547, 3.5, 3.3299999237060547, 3.190000057220459, 3.7100000381469727]
assets:[0, 99.99990228652955, 206.49379104423522, 272.98207232894896, 426.4780441864014, 545.6458725395203, 666.1811836109162, 785.1655489406585, 780.3447129241944, 887.1495559963226, 1038.2826575843812, 1113.763425, 1277.9993571367263, 1335.2871701908111, 1652.7721874665262, 1679.0569342457773, 1805.184504465866, 1940.1237646968843, 1998.6814945092203, 2014.6624098550797, 1936.1484341936111, 1976.9883774214743, 1395.3336311570167, 1597.034652971077, 1634.1082286765575, 1646.2778900808335, 1628.1595450015068, 1770.1089451989174, 1811.7538991214753, 1538.2267200009346, 1748.3248756336213, 1624.779473031044, 1667.8941352901459, 1756.5477998951912, 1764.3090455440044, 1804.7904270133972, 1877.7861776683092, 2077.6179077934266, 2107.698049999714, 2181.482858721089, 2479.299934315109, 2418.976013921738, 2662.3224963264465, 2675.4403214818954, 2517.566625, 2443.0153626757624, 2557.0153370525363, 2525.886194129181, 2754.8353, 2721.028851658249, 2706.6314705500604, 3247.837913394928]
shares:[0, 9.99, 19.3709, 30.5691, 39.9324, 48.893, 57.5286, 65.9249, 75.6148, 85.2209, 94.3036, 103.6059, 112.401, 121.5002, 129.3249, 137.5149, 145.5794, 153.4908, 161.5749, 170.0137, 179.273, 188.8241, 203.4014, 216.9884, 231.1327, 246.0804, 262.1835, 277.8821, 294.1159, 314.5658, 333.6498, 355.5316, 378.2073, 401.0383, 425.1347, 450.0724, 475.3889, 499.4274, 524.303, 549.4919, 572.5866, 597.278, 620.588, 644.6844, 671.3511, 700.0044, 728.4944, 758.5244, 787.0958, 817.1258, 848.4738, 875.428]
growth_rate:-36.32
