ticker:CNDT
price:[3.694999933242798, 3.569999933242798, 3.5899999141693115, 3.0899999141693115, 3.25, 3.5999999046325684, 3.6600000858306885, 3.740000009536743, 3.484999895095825, 4.03000020980835, 3.9100000858306885, 4.21999979019165, 4.539999961853027, 4.53000020980835, 5.244999885559082, 5.019999980926514, 4.849999904632568, 4.800000190734863, 4.949999809265137, 4.809999942779541, 5.25, 4.820000171661377, 5.159999847412109, 5.84499979019165, 5.079999923706055, 5.380000114440918, 6.320000171661377, 6.880000114440918, 7.079999923706055, 6.769999980926514, 6.920000076293945, 6.730000019073486, 7.050000190734863, 6.840000152587891, 6.800000190734863, 7.519999980926514, 7.21999979019165, 7.320000171661377, 7.579999923706055, 7.710000038146973, 8.149999618530273, 7.380000114440918, 7.590000152587891, 7.230000019073486, 7.190000057220459, 6.730000019073486, 6.75, 6.710000038146973, 6.949999809265137, 7.369999885559082, 6.900000095367432, 7.119999885559082]
assets:[0, 99.99998213005065, 200.5603712049484, 272.62729342725277, 386.74382499999996, 528.3932260023594, 637.199792942977, 751.1277639153242, 799.9144654212713, 1025.0087913636207, 1094.4872240257264, 1281.2624102986813, 1478.4196615777016, 1575.1635189541819, 1923.7820380249022, 1941.2555786242008, 1975.5160261546612, 2055.1498416643144, 2219.37300448246, 2256.6028151551245, 2563.02795, 2453.1039013658046, 2726.144019384384, 3188.044665064001, 2870.789744885063, 3140.324896799564, 3789.0063189155103, 4224.741126273727, 4447.55329207325, 4352.815492736578, 4549.259258156205, 4524.3515388224605, 4839.476860930062, 4795.322326974869, 4867.279656523514, 5482.638722094011, 5363.916178128195, 5538.208917876577, 5834.9209712705615, 6034.992506859493, 6479.401286724472, 5967.237098533345, 6237.036326388169, 6041.208711937332, 6107.78569460783, 5817.02302248602, 5934.30975, 5999.1433051056865, 6313.7175967271805, 6795.265921483517, 6461.918399312544, 6767.950067217636]
shares:[0, 28.0112, 55.8664, 88.2289, 118.9981, 146.7759, 174.0983, 200.8363, 229.5307, 254.3446, 279.92, 303.6167, 325.6431, 347.7182, 366.784, 386.7043, 407.3229, 428.1562, 448.3582, 469.1482, 488.1958, 508.9427, 528.3225, 545.4311, 565.1161, 583.7035, 599.5263, 614.0612, 628.1855, 642.9565, 657.4074, 672.2662, 686.4506, 701.0705, 715.7764, 729.0743, 742.9247, 756.5859, 769.7785, 782.7487, 795.0186, 808.5687, 821.7439, 835.5752, 849.4834, 864.3422, 879.157, 894.0601, 908.4486, 922.0171, 936.5099, 950.5548]
growth_rate:32.7
