ticker:CNET
price:[1.4700000286102295, 1.350000023841858, 1.2799999713897705, 1.2100000381469727, 1.4299999475479126, 1.399999976158142, 1.5, 1.5099999904632568, 1.3700000047683716, 1.440000057220459, 1.4800000190734863, 1.4600000381469727, 1.5199999809265137, 1.5399999618530273, 1.3600000143051147, 1.350000023841858, 1.2599999904632568, 1.350000023841858, 3.0899999141693115, 2.5299999713897705, 2.4100000858306885, 2.440000057220459, 2.6600000858306885, 3.9100000858306885, 4.599999904632568, 3.069999933242798, 2.359999895095825, 3.140000104904175, 3.2200000286102295, 2.7200000286102295, 2.680000066757202, 2.4800000190734863, 1.9900000095367432, 2.009999990463257, 1.9900000095367432, 1.7000000476837158, 1.559999942779541, 1.809999942779541, 1.7699999809265137, 1.7999999523162842, 1.8700000047683716, 1.8700000047683716, 1.8300000429153442, 1.940000057220459, 1.7000000476837158, 1.6399999856948853, 1.5800000429153442, 1.559999942779541, 1.6799999475479126, 1.5700000524520874, 1.3799999952316284, 1.3899999856948853]
assets:[0, 100.00003676606417, 194.8148436455488, 284.1608859585762, 435.826518013978, 526.6833510306359, 664.3036500000001, 768.7323881448983, 797.4591927756071, 938.2052532809257, 1064.266533715725, 1149.8844960442543, 1297.1400157230378, 1414.207682968998, 1348.9107101884722, 1438.992295413518, 1443.0594670777082, 1646.1352190717937, 3867.8205635638474, 3266.8563910571097, 3211.9068883901123, 3351.8890786051747, 3754.1086611344813, 5618.2572273296355, 6709.713960893869, 4578.0047764512055, 3619.2479311210873, 4915.440316219807, 5140.6743396757365, 4442.432974727582, 4477.103055521965, 4242.990864632511, 3504.6580697954896, 3639.880641730046, 3703.6630457491874, 3263.9332815508606, 3095.138634470987, 3691.154422309637, 3709.5820670256135, 3872.456357414937, 4123.051932513499, 4223.0518657684925, 4232.71927826153, 4587.145073298216, 4119.663155553437, 4074.263116461706, 4025.204791331041, 4074.2526305572987, 4487.656683888709, 4293.822345452189, 3874.1876986133575, 4002.2614308109282]
shares:[0, 74.0741, 152.1991, 234.8437, 304.7738, 376.2024, 442.8691, 509.0943, 582.087, 651.5314, 719.099, 787.5921, 853.3816, 918.3167, 991.8461, 1065.9202, 1145.2853, 1219.3594, 1251.7219, 1291.2476, 1332.7414, 1373.725, 1411.319, 1436.8944, 1458.6335, 1491.2068, 1533.5797, 1565.4268, 1596.4827, 1633.2474, 1670.5608, 1710.8834, 1761.1347, 1810.8859, 1861.1372, 1919.9607, 1984.0633, 2039.3119, 2095.8091, 2151.3647, 2204.8406, 2258.3165, 2312.9613, 2364.5077, 2423.3312, 2484.3068, 2547.5979, 2611.7005, 2671.2243, 2734.9186, 2807.3824, 2879.3248]
growth_rate:-21.52
