ticker:CNEY
price:[5.739999771118164, 7.150000095367432, 6.960000038146973, 5.260000228881836, 4.309999942779541, 5.300000190734863, 5.699999809265137, 4.730000019073486, 4.800000190734863, 4.639999866485596, 4.53000020980835, 4.679999828338623, 4.46999979019165, 4.3429999351501465, 4.210000038146973, 4.289999961853027, 4.849999904632568, 4.590000152587891, 4.980000019073486, 5.659999847412109, 5.880000114440918, 6.489999771118164, 5.929999828338623, 5.860000133514404, 6.230000019073486, 6.690000057220459, 6.380000114440918, 6.489999771118164, 6.309999942779541, 6.133999824523926, 5.400000095367432, 5.400000095367432]
assets:[0, 99.99990133380891, 197.34244908161162, 249.14096284103394, 304.14419696211814, 474.0055170583725, 609.7797095953941, 606.0099674437046, 714.9782684106826, 791.1454972350598, 872.3901584050178, 1001.2770712733746, 1056.3481154181957, 1126.3357524815083, 1191.8430117993355, 1314.4907373114586, 1586.0794638123036, 1601.0526412246704, 1837.0896370360852, 2187.9368990154267, 2372.980474184704, 2719.1567401039124, 2584.52993918314, 2654.021016469288, 2921.595888944626, 3237.315780689192, 3187.3057831721308, 3342.259022129059, 3349.5618786254404, 3356.135194990635, 3054.5370539450646, 3154.536955711126]
shares:[0, 13.986, 28.3538, 47.3652, 70.5671, 89.435, 106.9789, 128.1205, 148.9538, 170.5055, 192.5806, 213.9481, 236.3195, 259.3451, 283.0981, 306.4081, 327.0267, 348.8132, 368.8935, 386.5613, 403.5681, 418.9764, 435.8398, 452.9046, 468.956, 483.9037, 499.5777, 514.986, 530.8339, 547.1365, 565.655, 584.1735]
growth_rate:1.76
