ticker:CNFR
price:[2.890000104904175, 2.700000047683716, 2.619999885559082, 3.0250000953674316, 2.880000114440918, 2.7899999618530273, 2.609999895095825, 2.565999984741211, 2.509999990463257, 2.681999921798706, 2.694999933242798, 2.390000104904175, 2.180000066757202, 2.369999885559082, 2.440000057220459, 2.3299999237060547, 2.5799999237060547, 3.2899999618530273, 2.930000066757202, 3.130000114440918, 3.1500000953674316, 3.119999885559082, 3.9700000286102295, 3.640000104904175, 3.7300000190734863, 3.5899999141693115, 3.5, 3.930000066757202, 3.8499999046325684, 3.690000057220459, 3.9000000953674316, 3.821000099182129, 3.609999895095825, 3.299999952316284, 3.190000057220459, 3.0399999618530273, 2.609999895095825, 2.7200000286102295, 2.680000066757202, 2.75, 2.9600000381469727, 3.069999933242798, 2.740000009536743, 2.880000114440918, 2.759999990463257, 2.6500000953674316, 2.690000057220459, 2.744999885559082, 2.680000066757202, 3.0999999046325684, 3.009999990463257, 3.940000057220459]
assets:[0, 99.99990176606178, 197.0368293934822, 327.4949803247452, 411.7968163633347, 498.9281601782799, 566.7392922209501, 657.1851842920304, 742.8427801775695, 893.7467037402869, 998.078941776824, 985.1238662400007, 998.5649445786238, 1185.5957607507705, 1320.6134309697152, 1361.0776104326249, 1607.1160084754943, 2149.384282078266, 2014.1933858914374, 2251.681079327297, 2366.0687066336154, 2443.5346143716815, 3209.24123012774, 3042.478071683693, 3217.704285453844, 3196.9326185668706, 3216.78665, 3711.991959053993, 3736.429527445793, 3681.149592083216, 3990.645847584009, 4009.809851783085, 3888.383232006192, 3654.4776971942188, 3632.6620101606845, 3561.8469633047107, 3158.033057068634, 3391.130387669492, 3441.260785719752, 3631.1442749999997, 4008.4317556586266, 4257.393631422901, 3899.758717573357, 4199.01655085392, 4124.057397749973, 4059.6928210990427, 4220.971087786579, 4407.273270757771, 4402.911809673906, 5192.92020024662, 5142.158165707826, 6830.931365205336]
shares:[0, 37.037, 75.2049, 108.2628, 142.985, 178.8273, 217.1415, 256.1127, 295.9533, 333.2389, 370.3447, 412.1857, 458.0573, 500.2514, 541.235, 584.1535, 622.9132, 653.3083, 687.438, 719.3869, 751.1329, 783.1842, 808.3731, 835.8456, 862.6553, 890.5105, 919.0819, 944.5272, 970.5012, 997.6015, 1023.2425, 1049.4137, 1077.1145, 1107.4175, 1138.7655, 1171.6602, 1209.9744, 1246.7391, 1284.0525, 1320.4161, 1354.1999, 1386.7732, 1423.2696, 1457.9918, 1494.2237, 1531.9595, 1569.1342, 1605.5641, 1642.8775, 1675.1356, 1708.3582, 1733.7389]
growth_rate:33.94
