ticker:CNFRL
price:[20.700000762939453, 20.209999084472656, 21.200000762939453, 21.0, 21.25, 20.700000762939453, 21.280000686645508, 21.010000228881836, 21.149999618530273, 21.290000915527344, 21.0, 21.75, 22.420000076293945, 21.75, 22.600000381469727, 21.530000686645508, 21.0, 21.200000762939453, 24.0, 24.790000915527344, 24.0, 24.149999618530273, 24.190000534057617, 24.260000228881836, 24.5, 24.280000686645508, 24.989999771118164, 24.600000381469727, 24.850000381469727, 24.649999618530273, 24.65999984741211, 25.219999313354492, 25.200000762939453, 25.100000381469727, 25.0, 24.989999771118164, 24.790000915527344, 25.0, 25.0, 24.8799991607666, 25.100000381469727, 25.0, 24.799999237060547, 25.100000381469727, 24.850000381469727, 24.25, 24.459999084472656, 24.350000381469727, 24.729999542236328, 24.700000762939453, 24.700000762939453, 24.829999923706055]
assets:[0, 99.9990754699707, 204.8980073738098, 302.9649, 406.572, 496.0486082828522, 609.9465316812515, 702.2067326498031, 806.8851754467009, 912.2254432281494, 999.7995, 1135.5066, 1270.4853543233871, 1332.5181, 1484.5940250587462, 1514.3061392950058, 1577.0285999999999, 1692.0483808929441, 2015.5272, 2181.8720985794066, 2212.3415999999997, 2326.1690182561874, 2430.0210176490787, 2537.0525999359133, 2662.1504, 2738.2450614383697, 2918.3171792713165, 2972.77228609848, 3102.9822726335524, 3178.008595818901, 3279.299109708786, 3453.7679379669194, 3551.0303875087743, 3636.9398552742005, 3722.45, 3820.960969004059, 3890.3816086769107, 4023.3375, 4123.337500000001, 4203.545522209168, 4340.716255970192, 4423.422500000001, 4488.036021931458, 4642.327900554085, 4696.088462089157, 4682.701675, 4823.252543467713, 4901.5625467884065, 5078.055633002853, 5171.896109750747, 5271.896532839584, 5399.643518408775]
shares:[0, 4.948, 9.665, 14.4269, 19.1328, 23.9637, 28.6629, 33.4225, 38.1506, 42.8476, 47.6095, 52.2072, 56.6675, 61.2652, 65.69, 70.3347, 75.0966, 79.8136, 83.9803, 88.0142, 92.1809, 96.3217, 100.4556, 104.5776, 108.6592, 112.7778, 116.7794, 120.8444, 124.8685, 128.9253, 132.9805, 136.9456, 140.9139, 144.898, 148.898, 152.8996, 156.9335, 160.9335, 164.9335, 168.9528, 172.9369, 176.9369, 180.9692, 184.9533, 188.9774, 193.1011, 197.1894, 201.2962, 205.3399, 209.3885, 213.4371, 217.4645]
growth_rate:5.88
