ticker:CNNB
price:[8.800000190734863, 8.800000190734863, 9.270000457763672, 9.46500015258789, 9.390000343322754, 9.630000114440918, 9.75, 9.449999809265137, 9.5, 9.539999961853027, 9.798999786376953, 10.390000343322754, 10.949999809265137, 10.824999809265137, 11.199999809265137, 11.75, 11.8100004196167, 11.949999809265137, 11.930000305175781, 11.75, 11.850000381469727, 11.75, 11.960000038146973, 12.270000457763672, 12.180000305175781, 12.3100004196167, 12.489999771118164, 12.770000457763672, 12.9399995803833, 13.0, 13.100000381469727, 13.194999694824219, 13.34000015258789, 13.789999961853027, 13.673999786376953, 13.699999809265137, 13.869999885559082, 13.800000190734863, 13.979999542236328, 13.852999687194824, 14.015000343322754, 14.050000190734863, 14.380000114440918, 14.039999961853027, 14.279999732971191, 14.050000190734863, 15.010000228881836, 14.5, 14.449999809265137, 14.300000190734863, 14.100000381469727, 14.670000076293945]
assets:[0, 99.99968216743468, 205.34070713996886, 309.65978449211116, 407.20581588850024, 517.6134691512108, 624.0633750000001, 704.8613107733726, 808.5906, 911.9953763532639, 1036.754755298233, 1199.2834526286124, 1363.9221212422372, 1448.3524994802474, 1598.526692777252, 1777.02535, 1886.0995830142974, 2008.4579779428482, 2105.0962738494873, 2173.33405, 2291.830363777542, 2372.4894999999997, 2514.8914000213626, 2680.0773039871215, 2760.4192411636354, 2889.882157508755, 3032.138541435432, 3200.1135887138366, 3342.715039602852, 3458.2145, 3584.816414389229, 3710.812610675812, 3851.591544055939, 4081.517302709389, 4147.18329301033, 4255.06924075985, 4407.869319630814, 4485.623821997452, 4644.132081931687, 4701.9435948286055, 4856.9292019792565, 4969.057947457123, 5185.7688472701075, 5163.1566339715955, 5351.415619931221, 5365.222992835235, 5831.814374927139, 5733.6654, 5813.8938432586665, 5853.5420580751415, 5871.674438855743, 6209.039390291215]
shares:[0, 11.3636, 22.1511, 32.7163, 43.3659, 53.7501, 64.0065, 74.5885, 85.1148, 95.597, 105.8021, 115.4267, 124.5591, 133.797, 142.7256, 151.2362, 159.7036, 168.0718, 176.454, 184.9646, 193.4034, 201.914, 210.2752, 218.4252, 226.6354, 234.7589, 242.7653, 250.5962, 258.3242, 266.0165, 273.6501, 281.2287, 288.725, 295.9766, 303.2897, 310.589, 317.7988, 325.0452, 332.1983, 339.417, 346.5522, 353.6696, 360.6237, 367.7462, 374.749, 381.8664, 388.5286, 395.4252, 402.3456, 409.3386, 416.4308, 423.2474]
growth_rate:21.75
