ticker:CNOB
price:[15.760000228881836, 14.75, 14.670000076293945, 13.8100004196167, 14.84000015258789, 15.90999984741211, 15.609999656677246, 16.489999771118164, 15.430000305175781, 14.869999885559082, 17.360000610351562, 17.649999618530273, 18.43000030517578, 19.40999984741211, 20.270000457763672, 20.09000015258789, 19.579999923706055, 19.790000915527344, 20.850000381469727, 21.81999969482422, 21.549999237060547, 21.25, 23.209999084472656, 22.6200008392334, 23.020000457763672, 23.229999542236328, 25.829999923706055, 27.0, 26.450000762939453, 25.899999618530273, 25.600000381469727, 25.670000076293945, 26.020000457763672, 27.1299991607666, 27.149999618530273, 28.09000015258789, 28.040000915527344, 28.06999969482422, 27.690000534057617, 28.18000030517578, 27.459999084472656, 25.940000534057617, 27.270000457763672, 25.719999313354492, 25.760000228881836, 25.149999618530273, 25.059999465942383, 26.299999237060547, 27.770000457763672, 28.979999542236328, 29.34000015258789, 29.440000534057617]
assets:[0, 100.000575, 199.45772203731536, 287.764502743721, 409.2263602077484, 538.7332778331756, 628.575661175251, 764.0113713954926, 814.8999771171569, 885.3241051864624, 1133.5733198547364, 1252.5092779294969, 1407.860351312256, 1582.7224435577393, 1752.8482895851134, 1837.2827479545595, 1890.6428346330642, 2010.92136302948, 2218.631860591888, 2421.8497701278684, 2491.882441779327, 2557.193125, 2893.056755882263, 2919.5160063180924, 3071.141999071121, 3199.1588779582976, 3657.223195197678, 3922.8813, 3942.9703837333677, 3960.9801816604618, 4015.0989398296356, 4126.077730263138, 4282.335247338104, 4565.018456786728, 4668.3827044071195, 4930.014128780365, 5021.237927947234, 5126.609306263733, 5157.207219467163, 5348.468245921326, 5311.815540901947, 5117.790901366043, 5480.19019999237, 5268.700707341766, 5376.895151774597, 5349.56839385891, 5430.42419827137, 5799.128791772461, 6223.2626565849305, 6594.424977835465, 6776.342963241577, 6899.437821159553]
shares:[0, 6.7797, 13.5963, 20.8374, 27.5759, 33.8613, 40.2675, 46.3318, 52.8127, 59.5376, 65.298, 70.9637, 76.3896, 81.5416, 86.475, 91.4526, 96.5599, 101.613, 106.4092, 110.9922, 115.6326, 120.3385, 124.647, 129.0679, 133.4119, 137.7167, 141.5882, 145.2919, 149.0726, 152.9336, 156.8398, 160.7354, 164.5786, 168.2646, 171.9478, 175.5078, 179.0741, 182.6366, 186.248, 189.7966, 193.4383, 197.2934, 200.9604, 204.8484, 208.7304, 212.7065, 216.6969, 220.4992, 224.1002, 227.5509, 230.9592, 234.3559]
growth_rate:35.28
