ticker:CNSL
price:[7.420000076293945, 6.789999961853027, 6.170000076293945, 5.610000133514404, 5.820000171661377, 5.880000114440918, 5.329999923706055, 5.010000228881836, 4.670000076293945, 4.829999923706055, 5.28000020980835, 5.269999980926514, 5.630000114440918, 5.610000133514404, 5.349999904632568, 4.860000133514404, 4.949999809265137, 4.889999866485596, 5.159999847412109, 5.510000228881836, 5.71999979019165, 6.110000133514404, 5.869999885559082, 5.710000038146973, 5.429999828338623, 5.260000228881836, 6.059999942779541, 7.119999885559082, 6.800000190734863, 6.769999980926514, 6.650000095367432, 6.559999942779541, 6.809999942779541, 6.880000114440918, 7.199999809265137, 8.140000343322754, 9.050000190734863, 9.0600004196167, 9.359999656677246, 8.390000343322754, 8.289999961853027, 8.789999961853027, 8.84000015258789, 8.880000114440918, 8.739999771118164, 8.59000015258789, 8.739999771118164, 7.690000057220459, 8.609999656677246, 9.0, 9.34000015258789, 9.3100004196167]
assets:[0, 99.99972443819046, 190.8689523601532, 273.5452895102024, 383.78477931976323, 487.7413054927826, 542.1190892400741, 609.5717378482819, 668.2036919164658, 791.0969935039519, 964.8017663377761, 1062.9742791528224, 1235.5874121157647, 1331.1980536816598, 1369.502605587673, 1344.0714309244634, 1468.961448397541, 1551.1558796479223, 1736.802284640503, 1954.6086651931764, 2129.103469904947, 2374.2696768820283, 2381.008724580097, 2416.1088601413726, 2397.6305422024725, 2422.566745414734, 2891.0181147020817, 3496.707415796852, 3439.552296476841, 3524.377365070581, 3561.90696608119, 3613.7006084790232, 3851.4179406387807, 3991.0068823858264, 4276.635006707858, 4934.973702143574, 5586.671907742882, 5692.844921665859, 5981.349596605396, 5461.4883424866675, 5496.392666707993, 5927.90038027401, 6061.619928630066, 6189.048391761303, 6191.47264785862, 6185.211570870591, 6393.218062575341, 5725.1542886002535, 6510.087898410988, 6904.9701, 7265.8242887020115, 7342.486376937675]
shares:[0, 14.7275, 30.935, 48.7603, 65.9424, 82.9492, 101.7109, 121.671, 143.0843, 163.7882, 182.7276, 201.7029, 219.4649, 237.2902, 255.9818, 276.5579, 296.7599, 317.2098, 336.5896, 354.7384, 372.2209, 388.5875, 405.6233, 423.1364, 441.5526, 460.564, 477.0657, 491.1106, 505.8165, 520.5875, 535.6251, 550.869, 565.5533, 580.0882, 593.9771, 606.2621, 617.3118, 628.3493, 639.0331, 650.9521, 663.0148, 674.3914, 685.7036, 696.9649, 708.4065, 720.0479, 731.4895, 744.4934, 756.1078, 767.2189, 777.9255, 788.6666]
growth_rate:43.97
