ticker:CNSP
price:[2.1500000953674316, 2.009999990463257, 1.8799999952316284, 1.850000023841858, 1.8300000429153442, 1.899999976158142, 1.8300000429153442, 1.8799999952316284, 1.6820000410079956, 2.1600000858306885, 2.119999885559082, 2.25, 2.4000000953674316, 2.259999990463257, 2.4000000953674316, 2.890000104904175, 1.7799999713897705, 1.7799999713897705, 1.809999942779541, 1.9199999570846558, 2.0399999618530273, 1.7200000286102295, 3.359999895095825, 3.440000057220459, 3.0799999237060547, 2.630000114440918, 2.3499999046325684, 2.6700000762939453, 2.700000047683716, 2.359999895095825, 2.359999895095825, 2.2300000190734863, 2.0799999237060547, 2.049999952316284, 2.0, 1.840000033378601, 1.7899999618530273, 1.8700000047683716, 1.850000023841858, 2.049999952316284, 2.009999990463257, 2.0399999618530273, 2.069999933242798, 1.8200000524520874, 1.850000023841858, 1.8200000524520874, 1.7799999713897705, 1.7200000286102295, 1.6699999570846558, 1.6699999570846558, 1.5, 1.6200000047683716]
assets:[0, 99.99991152553558, 193.53227550913095, 290.4440837430954, 387.3041370826721, 502.11907369923586, 583.6199536864758, 699.5658582256436, 725.8881426975131, 1032.1750490149498, 1113.060571915245, 1281.31425, 1466.7353382828235, 1481.1757437497379, 1672.9301464762689, 2114.4867837538004, 1402.3482354598284, 1502.3482778525113, 1627.6686935436726, 1826.5877351725817, 2040.7494578390122, 1820.6318982841256, 3656.5830538360597, 3843.6448479346277, 3541.402700276756, 3123.99014293623, 2891.3978176616192, 3385.120347728157, 3523.15527222116, 3179.4985306683543, 3279.49857022326, 3198.848280360174, 3083.678926891327, 3139.202851981044, 3162.637, 3009.626046596253, 3027.8425734731677, 3263.165155320847, 3328.2651128929856, 3788.0774468879936, 3814.1637209031346, 3971.091465742588, 4129.489855824542, 3730.759503519845, 3892.2555651614066, 3929.138053237081, 3942.7832406270027, 3909.8805010363812, 3896.2209548756477, 3996.2208863058686, 3689.4201000000003, 4084.573728022695]
shares:[0, 49.7512, 102.9427, 156.9968, 211.6416, 264.2732, 318.918, 372.1095, 431.5625, 477.8588, 525.0286, 569.473, 611.1397, 655.3875, 697.0542, 731.6563, 787.8361, 844.0159, 899.2645, 951.3478, 1000.3674, 1058.5069, 1088.2688, 1117.3386, 1149.8061, 1187.8289, 1230.3821, 1267.8353, 1304.8723, 1347.2452, 1389.6181, 1434.4611, 1482.538, 1531.3185, 1581.3185, 1635.6663, 1691.5322, 1745.0081, 1799.0622, 1847.8427, 1897.5939, 1946.6135, 1994.9227, 2049.8678, 2103.9219, 2158.867, 2215.0468, 2273.1863, 2333.0665, 2392.9467, 2459.6134, 2521.3418]
growth_rate:-19.91
