ticker:CNTB
price:[18.489999771118164, 15.899999618530273, 17.850000381469727, 17.0, 17.270000457763672, 16.1200008392334, 16.270000457763672, 15.529999732971191, 16.40999984741211, 15.539999961853027, 14.880000114440918, 14.8100004196167, 18.0, 17.600000381469727, 19.020000457763672, 19.709999084472656, 20.6299991607666, 22.0, 26.0, 22.010000228881836, 21.700000762939453, 23.510000228881836, 22.290000915527344, 18.1200008392334, 20.649999618530273]
assets:[0, 99.99986760082244, 212.26327953624727, 302.15630000000004, 406.9554717868805, 479.85696098213197, 584.3224234401703, 657.7467376904488, 795.0169036075592, 852.867831906414, 916.6452070498466, 1012.3331356827734, 1330.3854000000001, 1400.8209903619766, 1613.8413328411102, 1772.38816067276, 1955.1173984653474, 2184.9542, 2682.2198, 2370.6024816518784, 2437.2138856887814, 2740.501951680183, 2698.289312828064, 2293.495618223953, 2713.7238298690795]
shares:[0, 6.2893, 11.8915, 17.7739, 23.5643, 29.7678, 35.9141, 42.3533, 48.4471, 54.8821, 61.6025, 68.3547, 73.9103, 79.5921, 84.8497, 89.9233, 94.7706, 99.3161, 103.1623, 107.7057, 112.314, 116.5675, 121.0538, 126.5726, 131.4152]
growth_rate:13.07
