ticker:CNTG
price:[10.8100004196167, 10.59000015258789, 11.329999923706055, 9.630000114440918, 9.4399995803833, 10.850000381469727, 10.859999656677246, 11.869999885559082, 12.170000076293945, 12.109999656677246, 11.369999885559082, 11.5, 11.84000015258789, 11.710000038146973, 11.180000305175781, 12.520000457763672, 11.829999923706055, 10.779999732971191, 11.65999984741211, 11.550000190734863, 12.239999771118164, 10.5600004196167, 11.220000267028809, 11.90999984741211, 12.8100004196167, 11.5600004196167, 11.6899995803833, 12.859999656677246, 13.0, 11.680000305175781, 12.449999809265137, 12.300000190734863, 11.510000228881836, 10.800000190734863, 10.869999885559082, 9.6899995803833, 9.520000457763672, 10.489999771118164, 9.8100004196167, 9.550000190734863, 9.8100004196167, 9.859999656677246, 10.75, 10.899999618530273, 11.720000267028809, 10.170000076293945, 11.319999694824219, 11.359999656677246, 11.270000457763672, 11.449999809265137, 10.3100004196167, 10.0600004196167]
assets:[0, 100.0003124408722, 206.98776860618588, 275.9303192790985, 370.4859995315552, 525.8235684871673, 626.3081262001991, 784.5559514359473, 904.3843476696014, 999.9250936517716, 1038.8234505440712, 1150.7015000000001, 1284.721712556839, 1370.6156904649733, 1408.5805364494324, 1677.4083773303985, 1684.9634511333466, 1635.4100434896468, 1868.9125815425873, 1951.2812872231484, 2167.8508394622804, 1970.3028302927971, 2193.447220202637, 2428.3382058887482, 2711.8399398316383, 2547.2183484615325, 2675.8631149489406, 3043.6777127430914, 3176.8126, 2954.2435011886596, 3249.0005052250867, 3309.8562513256074, 3197.2720345792773, 3100.0471747488023, 3220.139636097908, 2970.574992361927, 3018.459897140884, 3426.0129452476504, 3303.9267183234215, 3316.3607612351416, 3506.6493959947584, 3624.5220697950363, 4051.684675, 4208.219532723999, 4624.801177371597, 4113.1588988563535, 4678.264949878692, 4794.795711091328, 4856.808951273346, 5034.37942613697, 4633.139949568653, 4620.794602739811]
shares:[0, 9.4429, 18.269, 28.6532, 39.2464, 48.463, 57.6711, 66.0957, 74.3126, 82.5702, 91.3653, 100.061, 108.5069, 117.0466, 125.9911, 133.9783, 142.4314, 151.7078, 160.2841, 168.9421, 177.112, 186.5817, 195.4944, 203.8907, 211.6971, 220.3476, 228.9019, 236.6779, 244.3702, 252.9318, 260.9639, 269.094, 277.7821, 287.0414, 296.241, 306.5609, 317.0651, 326.598, 336.7917, 347.2629, 357.4566, 367.5986, 376.9009, 386.0752, 394.6076, 404.4404, 413.2743, 422.0771, 430.9502, 439.6838, 449.3831, 459.3235]
growth_rate:-9.4
