ticker:CNTY
price:[6.840000152587891, 6.019999980926514, 5.880000114440918, 5.539999961853027, 5.320000171661377, 5.380000114440918, 5.71999979019165, 5.400000095367432, 4.710000038146973, 5.460000038146973, 5.409999847412109, 5.960000038146973, 6.400000095367432, 7.130000114440918, 6.139999866485596, 6.110000133514404, 6.409999847412109, 6.389999866485596, 6.559999942779541, 7.300000190734863, 7.420000076293945, 6.949999809265137, 8.479999542236328, 8.050000190734863, 8.050000190734863, 8.0600004196167, 8.390000343322754, 10.100000381469727, 10.569999694824219, 10.40999984741211, 11.260000228881836, 11.130000114440918, 10.899999618530273, 10.680000305175781, 13.149999618530273, 12.670000076293945, 14.010000228881836, 13.710000038146973, 13.989999771118164, 14.109999656677246, 15.050000190734863, 13.479999542236328, 14.010000228881836, 13.050000190734863, 13.079999923706055, 11.550000190734863, 11.270000457763672, 11.210000038146973, 13.6899995803833, 13.239999771118164, 11.729999542236328, 13.5600004196167]
assets:[0, 100.0000256831646, 197.6744318472862, 286.24404202899933, 374.8770040962219, 479.1051501913071, 609.3830376479625, 675.2916119260788, 689.0042395803453, 898.718190279007, 990.4881990634918, 1191.1846796241762, 1379.1245005505561, 1636.430568265724, 1509.2119671821595, 1601.8379610030174, 1780.487709616089, 1874.932673824644, 2024.8135183382988, 2353.2222214851377, 2491.905371622276, 2434.062293199921, 3069.906538281631, 3014.239656418705, 3114.23997878809, 3218.10830753994, 3449.8674611701963, 4252.999060632706, 4550.910197606659, 4582.021810837555, 5056.154470776368, 5097.779347416401, 5092.434041778946, 5089.651333434295, 6366.752470306205, 6234.354625540924, 6993.710856256485, 6943.951870320987, 7185.768921438027, 7347.405584223842, 7936.885490587425, 7208.917731194306, 7592.35536403656, 7172.107844825364, 7288.595825486564, 6536.03076293497, 6477.581527105713, 6543.09542026577, 8090.630948011398, 7924.686675004768, 7120.888594107057, 8331.820217829705]
shares:[0, 16.6113, 33.6181, 51.6686, 70.4656, 89.053, 106.5355, 125.054, 146.2854, 164.6004, 183.0847, 199.8632, 215.4882, 229.5134, 245.8, 262.1666, 277.7672, 293.4167, 308.6606, 322.3592, 335.8363, 350.2248, 362.0173, 374.4397, 386.8621, 399.269, 411.188, 421.089, 430.5497, 440.1558, 449.0368, 458.0215, 467.1958, 476.5591, 484.1637, 492.0564, 499.1942, 506.4881, 513.6361, 520.7233, 527.3678, 534.7862, 541.924, 549.5868, 557.2321, 565.8901, 574.7632, 583.6838, 590.9884, 598.5413, 607.0664, 614.441]
growth_rate:63.37
