ticker:CNXC
price:[80.0, 101.20999908447266, 100.0999984741211, 98.66999816894531, 99.87999725341797, 98.69999694824219, 109.86000061035156, 120.2300033569336, 118.63999938964844, 106.91999816894531, 110.18000030517578, 110.5, 113.95999908447266, 123.51000213623047, 122.25, 139.1999969482422, 132.74000549316406, 146.83999633789062, 148.82000732421875, 154.0, 154.5399932861328, 159.97999572753906, 155.3800048828125, 157.99000549316406, 155.41000366210938, 149.9600067138672, 152.72000122070312, 148.52000427246094, 153.72000122070312, 160.11000061035156, 159.39999389648438, 164.25, 162.63999938964844, 159.11000061035156, 161.30999755859375, 163.72999572753906, 164.27999877929688, 166.67999267578125, 164.4499969482422, 170.9199981689453, 172.82000732421875]
assets:[0, 99.99547909545899, 198.8986969680786, 296.0593295059204, 399.68978500900266, 494.97061469573976, 650.931489616394, 812.3700866821289, 901.6284033615112, 912.5621843719482, 1040.385670881653, 1143.4098, 1279.212385723114, 1486.4181737091064, 1571.2548, 1889.1109985839844, 1901.447482687378, 2203.4222490478514, 2333.140546826172, 2514.358, 2623.1773000381468, 2815.5199408081053, 2834.5663530761717, 2982.1877456878665, 3033.494484481812, 3027.1076915267945, 3182.822273440552, 3195.289075918579, 3407.1577110565186, 3648.794836909485, 3732.6218370758056, 3946.188375, 4007.514640960693, 4020.5346944229123, 4176.122264794922, 4338.779394781494, 4453.3514909088135, 4618.41924105835, 4656.631893585205, 4939.8443270797725, 5094.751097918701]
shares:[0, 0.988, 1.987, 3.0005, 4.0017, 5.0149, 5.9251, 6.7568, 7.5997, 8.535, 9.4426, 10.3476, 11.2251, 12.0348, 12.8528, 13.5712, 14.3246, 15.0056, 15.6776, 16.327, 16.9741, 17.5992, 18.2428, 18.8758, 19.5193, 20.1861, 20.8409, 21.5142, 22.1647, 22.7893, 23.4167, 24.0255, 24.6404, 25.2689, 25.8888, 26.4996, 27.1083, 27.7083, 28.3164, 28.9015, 29.4801]
growth_rate:27.37
