ticker:CNXN
price:[44.04999923706055, 43.849998474121094, 42.5099983215332, 40.31999969482422, 41.22999954223633, 43.810001373291016, 45.09000015258789, 47.599998474121094, 45.54999923706055, 49.779998779296875, 46.81999969482422, 44.97999954223633, 46.54999923706055, 46.45000076293945, 45.060001373291016, 45.630001068115234, 44.27000045776367, 47.290000915527344, 50.790000915527344, 51.310001373291016, 53.099998474121094, 49.09000015258789, 51.88999938964844, 53.91999816894531, 52.66999816894531, 46.0099983215332, 45.439998626708984, 47.70000076293945, 47.25, 46.75, 46.84000015258789, 45.29999923706055, 45.939998626708984, 44.380001068115234, 45.349998474121094, 47.02000045776367, 48.529998779296875, 48.9900016784668, 48.790000915527344, 48.209999084472656, 47.869998931884766, 45.439998626708984, 47.0099983215332, 45.56999969482422, 44.349998474121094, 43.290000915527344, 44.599998474121094, 47.560001373291016, 46.16999816894531, 47.220001220703125, 45.849998474121094, 49.150001525878906]
assets:[0, 99.99992152023316, 196.9445712238312, 286.8001898292542, 393.2723506336213, 517.8824072338105, 633.0140031421662, 768.2496953727723, 835.1637910114289, 1012.7193171661378, 1052.4995471397401, 1111.1364306919097, 1249.9186845142365, 1347.235822128296, 1406.9219408786773, 1524.717359690857, 1579.2747153301239, 1787.0087415962219, 2019.2682243988036, 2139.9400482746123, 2314.5917634880066, 2239.7999829620358, 2467.556274975586, 2664.090053530884, 2702.3290620544435, 2460.6239122352604, 2530.14001953392, 2755.9772540805816, 2829.9773250000003, 2900.028725, 3005.6103937911985, 3006.7919793598176, 3149.274191858292, 3142.3348516281126, 3311.0169935951235, 3532.946476395035, 3746.404286764526, 3881.913843999863, 3966.0659894218443, 4018.9205116790768, 4090.5775747276307, 3982.9294796276095, 4220.543546307755, 4191.259708931732, 4179.051571218109, 4179.169069384003, 4405.636909272003, 4798.028910542679, 4757.799843310547, 4966.000034378052, 4921.9193911994935, 5376.16970190506]
shares:[0, 2.2805, 4.6329, 7.1131, 9.5385, 11.8211, 14.0389, 16.1397, 18.3351, 20.3439, 22.4797, 24.7029, 26.8511, 29.004, 31.2233, 33.4148, 35.6737, 37.7883, 39.7572, 41.7061, 43.5893, 45.6264, 47.5536, 49.4082, 51.3068, 53.4802, 55.6809, 57.7773, 59.8937, 62.0327, 64.1676, 66.3751, 68.5519, 70.8052, 73.0103, 75.1371, 77.1977, 79.2389, 81.2885, 83.3628, 85.4518, 87.6525, 89.7797, 91.9741, 94.2289, 96.5389, 98.7811, 100.8837, 103.0496, 105.1673, 107.3483, 109.3829]
growth_rate:5.42
