ticker:COCP
price:[0.9100000262260437, 0.9100000262260437, 1.0, 0.9200000166893005, 0.8999999761581421, 0.9300000071525574, 0.8999999761581421, 0.8600000143051147, 0.8299999833106995, 0.8700000047683716, 0.8700000047683716, 0.8899999856948853, 1.8899999856948853, 1.659999966621399, 1.5499999523162842, 1.5399999618530273, 1.5499999523162842, 1.3600000143051147, 1.4299999475479126, 1.5099999904632568, 2.109999895095825, 1.7200000286102295, 1.9900000095367432, 2.0299999713897705, 1.9299999475479126, 1.5700000524520874, 1.409999966621399, 1.5800000429153442, 1.590000033378601, 1.399999976158142, 1.4299999475479126, 1.409999966621399, 1.2000000476837158, 1.2599999904632568, 1.1799999475479126, 1.3200000524520874, 1.1299999952316284, 1.149999976158142, 1.1299999952316284, 1.2200000286102295, 1.25, 1.2999999523162842, 1.350000023841858, 1.2000000476837158, 1.2000000476837158, 1.1100000143051147, 1.1399999856948853, 1.159999966621399, 1.0800000429153442, 1.0299999713897705, 1.0199999809265137, 1.159999966621399]
assets:[0, 99.99999388198256, 209.8901, 293.09894131697416, 386.7271997552276, 499.61813784252405, 583.5013945424914, 657.568050937891, 734.6295822283686, 870.0334127685547, 970.0333883166433, 1092.3330274427533, 2419.6736156858683, 2225.2160112562656, 2177.7618680040123, 2263.711855926132, 2378.411221831298, 2186.8641110024573, 2399.4232239896774, 2633.6568193665507, 3780.1428820602896, 3181.443632919669, 3780.856340119123, 3956.8534112332586, 3861.9345270432473, 3241.5739272976516, 3011.222295716035, 3474.277578366971, 3596.266686495817, 3266.524044371426, 3436.5209619491575, 3488.4577934185504, 3068.900401947141, 3322.3452948536874, 3211.4026612501857, 3692.4168747234585, 3260.932516239524, 3418.648054124415, 3459.193388402903, 3834.704455927682, 4029.000375, 4290.1602626378535, 4555.166705447137, 4149.037124867916, 4249.037088841557, 4030.3592139412167, 4239.287736803949, 4413.661136998415, 4209.271007261395, 4114.39709771471, 4174.451513939857, 4847.415400517284]
shares:[0, 109.8901, 209.8901, 318.5858, 429.6969, 537.2238, 648.3349, 764.614, 885.0959, 1000.0384, 1114.9809, 1227.3405, 1280.2506, 1340.4916, 1405.0077, 1469.9428, 1534.4589, 1607.9883, 1677.9184, 1744.1436, 1791.537, 1849.6765, 1899.9278, 1949.1889, 2001.0024, 2064.6967, 2135.6187, 2198.9098, 2261.8029, 2333.2315, 2403.1616, 2474.0836, 2557.4169, 2636.782, 2721.5278, 2797.2854, 2885.781, 2972.7375, 3061.2331, 3143.2003, 3223.2003, 3300.1234, 3374.1975, 3457.5308, 3540.8641, 3630.9542, 3718.6735, 3804.8804, 3897.473, 3994.5604, 4092.5996, 4178.8065]
growth_rate:-4.95
