ticker:CODA
price:[6.300000190734863, 6.21999979019165, 5.769999980926514, 5.420000076293945, 5.579999923706055, 6.079999923706055, 5.949999809265137, 5.920000076293945, 5.519999980926514, 5.369999885559082, 5.320000171661377, 5.630000114440918, 6.013000011444092, 6.260000228881836, 6.409999847412109, 6.449999809265137, 5.96999979019165, 6.289999961853027, 6.420000076293945, 5.800000190734863, 5.989999771118164, 6.130000114440918, 8.109999656677246, 8.3100004196167, 8.289999961853027, 7.5, 6.96999979019165, 8.430000305175781, 8.630000114440918, 8.010000228881836, 9.0, 8.949999809265137, 8.359999656677246, 7.860000133514404, 8.0, 7.949999809265137, 7.880000114440918, 7.920000076293945, 8.569999694824219, 8.694999694824219, 9.152400016784668, 9.399999618530273, 8.880000114440918, 8.800000190734863, 8.869999885559082, 8.9399995803833, 9.0, 9.010000228881836, 8.3100004196167, 8.960000038146973, 8.90999984741211, 8.699999809265137]
assets:[0, 100.00018062686921, 192.76531336278916, 281.07253195648195, 389.36960467624664, 524.2595454214096, 613.0499003479005, 709.9589691495895, 761.9885253670693, 841.2824400712967, 933.4493581197738, 1087.8421341125488, 1261.846091401577, 1413.67957568779, 1547.5534431610108, 1657.210705994129, 1633.8832735791684, 1821.4619629533768, 1959.1073212816239, 1869.9102014925957, 2031.1657943878174, 2178.638820672989, 2982.342888747692, 3155.890521357918, 3248.2947260527612, 3038.7465, 2924.0083099825856, 3636.498125645447, 3822.773329693127, 3648.136181243706, 4199.0292, 4275.701308879852, 4093.8391638770104, 3948.9921850798128, 4119.3304, 4193.584354388333, 4256.660225819302, 4378.267914176178, 4837.595141734314, 5008.155488724517, 5371.609467131042, 5616.927472054481, 5406.204453672409, 5457.499638288116, 5600.911755736923, 5745.112824341679, 5883.670800000001, 5990.2085521698, 5624.8207310275075, 6164.78825024643, 6230.386000301743, 6183.542264434814]
shares:[0, 16.0772, 33.4082, 51.8584, 69.7795, 86.2269, 103.0336, 119.9255, 138.0414, 156.6634, 175.4604, 193.2224, 209.853, 225.8274, 241.428, 256.9319, 273.6823, 289.5806, 305.1569, 322.3983, 339.0928, 355.406, 367.7365, 379.7702, 391.8329, 405.1662, 419.5134, 431.3758, 442.9633, 455.4477, 466.5588, 477.732, 489.6937, 502.4163, 514.9163, 527.4949, 540.1853, 552.8116, 564.4802, 575.9811, 586.9072, 597.5455, 608.8068, 620.1704, 631.4444, 642.6301, 653.7412, 664.84, 676.8737, 688.0344, 699.2577, 710.752]
growth_rate:21.25
