ticker:CODX
price:[8.239999771118164, 13.710000038146973, 14.819999694824219, 14.34000015258789, 13.960000038146973, 14.420000076293945, 14.0, 12.460000038146973, 13.40999984741211, 14.4399995803833, 14.979999542236328, 11.09000015258789, 11.890000343322754, 11.039999961853027, 10.1899995803833, 11.100000381469727, 10.84000015258789, 9.300000190734863, 11.020000457763672, 10.539999961853027, 11.760000228881836, 12.84000015258789, 15.449999809265137, 16.989999771118164, 17.040000915527344, 13.760000228881836, 12.34000015258789, 13.9399995803833, 14.050000190734863, 9.699999809265137, 9.5600004196167, 9.100000381469727, 8.869999885559082, 8.949999809265137, 8.859999656677246, 8.140000343322754, 8.460000038146973, 8.4399995803833, 8.069999694824219, 8.390000343322754, 8.829999923706055, 8.100000381469727, 8.5600004196167, 8.210000038146973, 8.140000343322754, 7.860000133514404, 9.119999885559082, 10.109999656677246, 9.899999618530273, 10.600000381469727, 10.489999771118164, 10.859999656677246]
assets:[0, 99.9993692782402, 208.09502571487425, 301.3551032066345, 393.36906907491687, 506.33090467891697, 591.5840000000001, 626.5099839180947, 774.2772991897583, 933.7481328659057, 1068.667175343323, 891.1558152614593, 1055.4408494757652, 1079.9891002682687, 1096.837288833046, 1294.788404497528, 1364.4600872066496, 1270.616246059227, 1605.6118626960756, 1635.6762440800667, 1925.0050214658736, 2201.791670165634, 2749.352186058426, 3123.3973839229584, 3232.588709680939, 2710.3526530836107, 2530.6502112922667, 2958.773274936104, 3082.1204418411253, 2227.8697661925316, 2295.715556765747, 2285.2521557971954, 2327.4932919706343, 2448.485457819939, 2523.8639322009085, 2418.7644720168114, 2613.85067978611, 2707.6708693810465, 2688.96989731369, 2895.5963514891628, 3147.450823805046, 2987.24288068428, 3256.8884156547547, 3223.72137397871, 3296.2353450261116, 3282.8508857643606, 3909.109198947144, 4433.453225445556, 4441.363568864059, 4855.400134734726, 4905.013747977257, 5178.021772304534]
shares:[0, 7.2939, 14.0415, 21.015, 28.1783, 35.1131, 42.256, 50.2817, 57.7388, 64.664, 71.3396, 80.3567, 88.7671, 97.8251, 107.6386, 116.6476, 125.8727, 136.6254, 145.6998, 155.1875, 163.6909, 171.4791, 177.9516, 183.8374, 189.7059, 196.9733, 205.077, 212.2506, 219.368, 229.6773, 240.1376, 251.1266, 262.4006, 273.5738, 284.8605, 297.1455, 308.9658, 320.8141, 333.2057, 345.1247, 356.4497, 368.7954, 380.4776, 392.6579, 404.9429, 417.6655, 428.6304, 438.5216, 448.6226, 458.0566, 467.5895, 476.7976]
growth_rate:1.53
