ticker:COFS
price:[29.31999969482422, 27.8700008392334, 26.15999984741211, 24.6299991607666, 29.350000381469727, 30.200000762939453, 29.520000457763672, 29.549999237060547, 28.760000228881836, 29.229999542236328, 30.420000076293945, 29.81999969482422, 30.100000381469727, 30.0, 31.389999389648438, 31.260000228881836, 29.850000381469727, 30.809999465942383, 31.149999618530273, 30.809999465942383, 28.290000915527344, 25.739999771118164, 26.899999618530273, 26.110000610351562, 25.959999084472656, 25.3799991607666, 27.3700008392334, 29.700000762939453, 26.600000381469727, 25.299999237060547, 24.8700008392334, 23.299999237060547, 23.799999237060547, 23.760000228881836, 24.540000915527344, 25.020000457763672, 25.790000915527344, 25.639999389648438, 25.75, 26.0, 25.010000228881836, 24.25, 23.610000610351562, 25.020000457763672, 24.030000686645508, 24.350000381469727, 24.799999237060547, 23.8700008392334, 24.5, 24.200000762939453, 24.229999542236328, 24.079999923706055]
assets:[0, 100.00035001125335, 193.86391086921694, 282.52579437332156, 436.6693056755066, 549.3168738773346, 636.9471458770752, 737.5945759563446, 817.8768865089417, 931.2414784160615, 1069.1534906814575, 1148.067006250763, 1258.8482359539032, 1354.6650000000002, 1517.430238494873, 1611.1466637966155, 1638.4754759389878, 1791.1701289520265, 1910.9372215982437, 1990.0794855041504, 1927.3072343719484, 1853.583715517807, 2037.1181411115645, 2077.293371559143, 2165.3598676345823, 2216.9809966917037, 2490.8096633745195, 2802.8514420001984, 2610.2979374341967, 2582.727652116013, 2638.83143904686, 2572.245355773926, 2727.444212568283, 2822.861475192833, 3015.5317545021057, 3174.5151400806426, 3372.2128337112426, 3452.600269812012, 3567.412725, 3702.0490000000004, 3661.0863825048446, 3649.83355, 3653.508295448303, 3971.6973906658177, 3914.5447838562013, 4066.6740837089537, 4241.829069505692, 4182.761730059624, 4393.15625, 4439.3618799572, 4544.864628136444, 4616.728353372574]
shares:[0, 3.5881, 7.4107, 11.4708, 14.878, 18.1893, 21.5768, 24.9609, 28.438, 31.8591, 35.1464, 38.4999, 41.8222, 45.1555, 48.3412, 51.5402, 54.8903, 58.136, 61.3463, 64.592, 68.1268, 72.0118, 75.7293, 79.5593, 83.4114, 87.3515, 91.0051, 94.3721, 98.1315, 102.0841, 106.105, 110.3968, 114.5985, 118.8073, 122.8823, 126.8791, 130.7566, 134.6568, 138.5403, 142.3865, 146.3849, 150.5086, 154.7441, 158.7409, 162.9024, 167.0092, 171.0415, 175.2309, 179.3125, 183.4447, 187.5718, 191.7246]
growth_rate:-9.48
