ticker:COGT
price:[8.800000190734863, 9.5600004196167, 11.760000228881836, 9.119999885559082, 9.359999656677246, 9.920000076293945, 10.239999771118164, 11.15999984741211, 12.319999694824219, 9.800000190734863, 10.760000228881836, 10.239999771118164, 9.829999923706055, 13.010000228881836, 10.5, 12.819999694824219, 12.050000190734863, 11.229999542236328, 11.90999984741211, 11.899999618530273, 11.449999809265137, 8.770000457763672, 9.989999771118164, 9.760000228881836, 9.100000381469727, 7.840000152587891, 7.929999828338623, 8.180000305175781, 8.789999961853027, 8.90999984741211, 9.079999923706055, 8.289999961853027, 8.5, 8.670000076293945, 8.6899995803833, 8.3100004196167, 8.020000457763672, 8.510000228881836, 8.65999984741211, 8.0, 8.130000114440918, 9.270000457763672, 8.600000381469727, 7.909999847412109, 6.889999866485596, 6.269999980926514, 6.480000019073486, 6.0, 7.269999980926514, 7.900000095367432, 8.960000038146973, 8.350000381469727]
assets:[0, 100.00047238931656, 223.01311634044646, 272.94882857494355, 380.132050056839, 502.87456386756895, 619.0960501621246, 774.7182614074708, 955.2447283378601, 859.8539767351151, 1044.0847862092971, 1093.6268555555343, 1149.838683075714, 1621.811016532135, 1408.9173, 1820.2207346702576, 1810.8945136639595, 1787.663199130249, 1995.9099314289092, 2094.2345228666304, 2115.0405297675134, 1719.9917837776184, 2059.260630820084, 2111.8503055250167, 2069.0406967336653, 1882.55808463974, 2004.168681615591, 2167.3516128585816, 2428.9758494586945, 2562.1354991222383, 2711.0201172208785, 2575.149216150284, 2740.38215, 2895.189598476982, 3001.868241047859, 2970.601611001682, 2966.9342073459625, 3248.2058153625485, 3405.4592059963225, 3245.9208, 3398.6668738409044, 3975.2329753017425, 3787.9183280204775, 3584.0035288627623, 3221.8438615671157, 3031.924952776814, 3233.4727055175304, 3093.9564, 3848.8441319022177, 4282.375171696091, 4956.972181104184, 4719.4995406103135]
shares:[0, 10.4603, 18.9637, 29.9286, 40.6124, 50.693, 60.4586, 69.4192, 77.5361, 87.7402, 97.0339, 106.7995, 116.9724, 124.6588, 134.1826, 141.9829, 150.2817, 159.1864, 167.5827, 175.9861, 184.7197, 196.1222, 206.1322, 216.3781, 227.3671, 240.1222, 252.7325, 264.9574, 276.334, 287.5573, 298.5705, 310.6332, 322.3979, 333.9319, 345.4394, 357.4731, 369.9419, 381.6928, 393.2401, 405.7401, 418.0402, 428.8277, 440.4556, 453.0978, 467.6116, 483.5606, 498.9927, 515.6594, 529.4146, 542.0728, 553.2335, 565.2095]
growth_rate:-7.46
