ticker:COHR
price:[111.48999786376953, 107.95999908447266, 108.69999694824219, 107.6500015258789, 110.0, 117.2300033569336, 117.91999816894531, 125.94999694824219, 125.13999938964844, 135.91000366210938, 119.54000091552734, 120.37000274658203, 120.58999633789062, 137.52999877929688, 135.86000061035156, 146.42999267578125, 149.47000122070312, 150.02000427246094, 173.80999755859375, 151.9499969482422, 205.30999755859375, 200.83999633789062, 193.17999267578125, 257.989990234375, 254.0, 241.94000244140625, 235.17999267578125, 247.89999389648438, 260.29998779296875, 260.55999755859375, 258.5299987792969, 265.55999755859375, 268.0400085449219, 269.8399963378906, 259.989990234375, 259.29998779296875, 258.4700012207031, 260.8299865722656, 262.6099853515625, 263.7300109863281, 265.54998779296875, 262.1300048828125, 263.8900146484375, 261.7799987792969, 258.8699951171875, 256.6000061035156, 259.7900085449219, 245.94000244140625, 242.0399932861328, 239.39999389648438, 249.47000122070312, 253.3300018310547]
assets:[0, 100.00334715194703, 200.69280436553956, 298.75028423461913, 405.27299999999997, 531.9076942314148, 635.0345661392212, 778.2828161422728, 873.2769717407226, 1048.436950250244, 1022.1506858283998, 1129.2511807670594, 1231.3203346069338, 1504.2893736480714, 1586.029647125244, 1809.4207764953612, 1946.981288900757, 2054.1489085006715, 2479.8862831665037, 2267.990459449768, 3164.4429923706057, 3195.545097732544, 3173.6768276733396, 4338.411273779297, 4371.314600000001, 4263.757051025391, 4244.62257980957, 4574.20110737915, 4903.010570068359, 5007.91104107666, 5068.894274066162, 5306.73854321289, 5456.302825942993, 5592.946620095825, 5488.778678833008, 5574.223697583007, 5656.383353713989, 5808.031725997925, 5947.669731237793, 6073.0428279876705, 6214.958469305419, 6234.919444140624, 6376.770258972168, 6425.782740036011, 6454.353814257813, 6497.753654556275, 6678.525665667725, 6422.477223754883, 6420.643309899902, 6450.608895541382, 6821.931812380982, 7027.47558279419]
shares:[0, 0.9263, 1.8463, 2.7752, 3.6843, 4.5373, 5.3853, 6.1793, 6.9784, 7.7142, 8.5507, 9.3815, 10.2108, 10.9379, 11.674, 12.3569, 13.0259, 13.6925, 14.2678, 14.9259, 15.413, 15.9109, 16.4286, 16.8162, 17.2099, 17.6232, 18.0484, 18.4518, 18.836, 19.2198, 19.6066, 19.9832, 20.3563, 20.7269, 21.1115, 21.4972, 21.8841, 22.2675, 22.6483, 23.0275, 23.4041, 23.7856, 24.1645, 24.5465, 24.9328, 25.3225, 25.7074, 26.114, 26.5272, 26.9449, 27.3457, 27.7404]
growth_rate:37.79
