ticker:COHU
price:[16.709999084472656, 16.100000381469727, 17.559999465942383, 16.799999237060547, 18.1200008392334, 19.690000534057617, 19.1299991607666, 19.219999313354492, 21.729999542236328, 23.1299991607666, 25.770000457763672, 27.3799991607666, 28.049999237060547, 38.4900016784668, 37.08000183105469, 38.099998474121094, 38.75, 38.18000030517578, 42.0, 45.220001220703125, 48.36000061035156, 40.68000030517578, 45.11000061035156, 50.54999923706055, 46.56999969482422, 43.45000076293945, 40.18000030517578, 42.11000061035156, 43.959999084472656, 40.83000183105469, 46.0, 49.84000015258789, 48.65999984741211, 44.619998931884766, 40.0099983215332, 38.86000061035156, 36.470001220703125, 35.880001068115234, 37.220001220703125, 37.09000015258789, 36.25, 34.18000030517578, 34.75, 36.220001220703125, 35.720001220703125, 32.93000030517578, 37.33000183105469, 35.40999984741211, 34.900001525878906, 31.209999084472656, 29.989999771118164, 35.27000045776367]
assets:[0, 100.00032236938476, 209.06935364151002, 300.0211063751221, 423.594883618927, 560.2966861970901, 644.3615007318497, 747.3927372989655, 944.9963930927278, 1105.8799548749923, 1332.1028636627198, 1515.3268875532149, 1652.4086250556945, 2367.4237782382966, 2380.699269561768, 2546.188608026886, 2689.625875, 2750.0634239814754, 3125.2158, 3464.8152795318606, 3805.404924028015, 3301.0721887641907, 3760.5546018814084, 4314.053199888992, 4074.390645300293, 3901.423363505173, 3707.8064101615905, 3985.905263772583, 4261.016335258484, 4057.6284199676516, 4671.415, 5161.375591801834, 5139.177223884582, 4812.494446798324, 4415.283359773636, 4388.37437692566, 4218.477747198486, 4250.23369852562, 4508.964939880371, 4593.214491896439, 4589.188375, 4427.130359527588, 4600.959075, 4895.589536993408, 4928.009952410888, 4643.0938200294495, 5363.488804081726, 5187.628715645599, 5212.912017916107, 4761.747012316895, 4675.60890831604, 5598.7916156658175]
shares:[0, 6.2112, 11.906, 17.8584, 23.3772, 28.4559, 33.6833, 38.8862, 43.4881, 47.8115, 51.692, 55.3443, 58.9094, 61.5075, 64.2044, 66.8291, 69.4097, 72.0289, 74.4099, 76.6213, 78.6891, 81.1473, 83.3641, 85.3423, 87.4896, 89.7911, 92.2799, 94.6546, 96.9294, 99.3786, 101.5525, 103.5589, 105.614, 107.8551, 110.3545, 112.9278, 115.6698, 118.4569, 121.1436, 123.8397, 126.5983, 129.524, 132.4017, 135.1626, 137.9622, 140.9989, 143.6777, 146.5018, 149.3671, 152.5712, 155.9056, 158.7409]
growth_rate:9.78
