ticker:COIN
price:[342.0, 291.6000061035156, 297.6400146484375, 263.70001220703125, 258.3699951171875, 224.35000610351562, 236.5399932861328, 228.7899932861328, 223.9199981689453, 229.2899932861328, 224.5399932861328, 240.72000122070312, 253.8800048828125, 225.00999450683594, 224.9199981689453, 236.5800018310547, 258.260009765625, 261.25, 257.32000732421875, 259.1199951171875, 262.6600036621094]
assets:[0, 99.98964209289551, 202.06780594482422, 279.02098291625975, 373.37047994384767, 424.20099154052735, 547.2589284667969, 629.3326345321656, 715.9394101455688, 833.102261605835, 915.8537246154785, 1081.8438294860841, 1240.9908518676757, 1199.8657957077025, 1299.3853214218138, 1466.7486953521727, 1701.1586843261719, 1820.86025, 1893.463541894531, 2006.7029781860351, 2134.1125297546387]
shares:[0, 0.3429, 0.6789, 1.0581, 1.4451, 1.8908, 2.3136, 2.7507, 3.1973, 3.6334, 4.0788, 4.4942, 4.8881, 5.3325, 5.7771, 6.1998, 6.587, 6.9698, 7.3584, 7.7443, 8.125]
growth_rate:6.71
