ticker:COKE
price:[275.2900085449219, 269.1000061035156, 244.6199951171875, 240.16000366210938, 242.60000610351562, 242.2899932861328, 254.07000732421875, 247.52000427246094, 228.9499969482422, 237.5, 258.4700012207031, 263.8900146484375, 264.04998779296875, 258.4100036621094, 260.5400085449219, 272.54998779296875, 266.0, 266.2699890136719, 272.4200134277344, 255.17999267578125, 262.3399963378906, 266.8599853515625, 273.6499938964844, 277.3999938964844, 264.8800048828125, 256.6600036621094, 271.739990234375, 295.1600036621094, 301.0299987792969, 297.55999755859375, 289.1700134277344, 303.1499938964844, 306.79998779296875, 315.010009765625, 293.25, 288.04998779296875, 330.6600036621094, 353.510009765625, 404.9200134277344, 429.2300109863281, 432.2300109863281, 399.510009765625, 405.44000244140625, 393.3900146484375, 392.5, 414.6300048828125, 417.4700012207031, 399.1499938964844, 393.30999755859375, 410.010009765625, 401.0, 399.95001220703125]
assets:[0, 99.9975622680664, 190.90144418945312, 287.4234923828125, 390.34340982055664, 489.8376794265747, 613.6552886901854, 697.8331480453492, 745.4840850631714, 873.335, 1050.4479319610596, 1172.4633350830077, 1273.1698261413574, 1345.9801860748291, 1457.0699977874756, 1624.234397253418, 1685.1898, 1786.9112692718504, 1928.188855041504, 1906.1690272888184, 2059.657545248413, 2195.1368675048825, 2350.9818275634766, 2483.2015253631594, 2471.1185415527343, 2494.4272435913085, 2740.986933496094, 3077.220134179687, 3238.42052086792, 3301.100856915283, 3308.018202609253, 3567.9541681640626, 3710.899252349853, 3910.2192512207034, 3740.1105, 3773.8005000732423, 4432.03442508545, 4838.314748657227, 5641.953007095337, 6080.686950637817, 6223.204475180054, 5852.102525048827, 6038.947748364258, 5959.465331909179, 6045.9915, 6486.886426391601, 6631.3022343902585, 6440.285151519776, 6446.07554298706, 6819.778494433594, 6769.9226, 6852.183579138184]
shares:[0, 0.3716, 0.7804, 1.1968, 1.609, 2.0217, 2.4153, 2.8193, 3.2561, 3.6772, 4.0641, 4.443, 4.8217, 5.2087, 5.5925, 5.9594, 6.3353, 6.7109, 7.078, 7.4699, 7.8511, 8.2258, 8.5912, 8.9517, 9.3292, 9.7188, 10.0868, 10.4256, 10.7578, 11.0939, 11.4397, 11.7696, 12.0955, 12.413, 12.754, 13.1012, 13.4036, 13.6865, 13.9335, 14.1665, 14.3979, 14.6482, 14.8948, 15.149, 15.4038, 15.645, 15.8845, 16.135, 16.3893, 16.6332, 16.8826, 17.1326]
growth_rate:34.36
