ticker:COLB
price:[27.8700008392334, 25.520000457763672, 25.5, 23.09000015258789, 24.75, 26.09000015258789, 26.219999313354492, 28.15999984741211, 28.40999984741211, 27.68000030517578, 33.02000045776367, 33.38999938964844, 33.59000015258789, 34.709999084472656, 33.61000061035156, 34.380001068115234, 34.709999084472656, 35.900001525878906, 40.04999923706055, 41.880001068115234, 42.0, 38.52000045776367, 41.560001373291016, 43.09000015258789, 44.41999816894531, 44.290000915527344, 47.290000915527344, 50.45000076293945, 47.52000045776367, 45.11000061035156, 43.15999984741211, 44.290000915527344, 43.84000015258789, 44.150001525878906, 43.529998779296875, 44.29999923706055, 44.0, 43.529998779296875, 43.15999984741211, 43.0, 41.33000183105469, 38.52000045776367, 39.63999938964844, 37.5099983215332, 36.06999969482422, 34.72999954223633, 34.540000915527344, 34.939998626708984, 36.689998626708984, 37.209999084472656, 36.52000045776367, 36.90999984741211]
assets:[0, 100.00012179374694, 199.92255, 281.0283918571472, 401.23215000000005, 522.9557900585174, 625.5619876178741, 771.8458838176728, 878.6985672805787, 956.1198025413513, 1240.5746251983642, 1354.4753422409058, 1462.589222644043, 1611.3561714981079, 1660.2903371505736, 1798.3284678703308, 1915.5893134735109, 2081.263098461151, 2421.8554938644406, 2632.518235140228, 2740.0631999999996, 2613.0311950527193, 2919.2534604625703, 3126.722445072174, 3323.228859011841, 3413.501234561157, 3744.7154704971313, 4094.9458419265748, 3957.123494119263, 3856.4359081787106, 3789.732842601776, 3988.9523584564213, 4048.4223500907897, 4177.049304364014, 4218.392062704468, 4393.0094243431095, 4463.2588000000005, 4515.584423370361, 4577.204303817749, 4660.2368, 4579.24434587555, 4367.906115907287, 4594.906205250549, 4448.006869964218, 4377.249563965606, 4314.636344130326, 4391.032322389984, 4541.881867484665, 4869.36453374176, 5038.375274034118, 5044.945903236389, 5198.821461507798]
shares:[0, 3.9185, 7.8401, 12.171, 16.2114, 20.0443, 23.8582, 27.4093, 30.9292, 34.5419, 37.5704, 40.5653, 43.5424, 46.4234, 49.3987, 52.3074, 55.1884, 57.9739, 60.4708, 62.8586, 65.2396, 67.8357, 70.2419, 72.5626, 74.8138, 77.0716, 79.1862, 81.1684, 83.2728, 85.4896, 87.8066, 90.0644, 92.3454, 94.6104, 96.9077, 99.165, 101.4377, 103.735, 106.052, 108.3776, 110.7971, 113.3932, 115.9159, 118.5819, 121.3543, 124.2337, 127.1289, 129.9909, 132.7164, 135.4038, 138.142, 140.8513]
growth_rate:1.94
