ticker:COLI
price:[9.899999618530273, 9.850000381469727, 9.836000442504883, 9.800000190734863, 9.779999732971191, 9.75, 9.704999923706055, 9.800000190734863, 9.819999694824219, 9.789999961853027, 9.734999656677246, 9.779999732971191, 9.753000259399414, 9.760000228881836, 9.734999656677246, 9.699999809265137, 9.680000305175781, 9.699999809265137, 9.649999618530273, 9.65999984741211, 9.670000076293945, 9.670000076293945]
assets:[0, 100.00015887279511, 199.8576929912567, 299.1263858218193, 398.5154291191101, 497.2929, 594.9980173225402, 700.8225136399269, 802.2527310684204, 899.8018334939004, 994.7466024184228, 1099.344341983986, 1196.3098389181137, 1297.1684464199066, 1393.8455688434601, 1488.8345407244683, 1585.7650659934998, 1689.0415667877196, 1780.3351846223832, 1882.1804522693635, 1984.1292956542968, 2084.129667443275]
shares:[0, 10.1523, 20.319, 30.5231, 40.748, 51.0044, 61.3084, 71.5125, 81.6958, 91.9103, 102.1825, 112.4074, 122.6607, 132.9066, 143.1788, 153.4881, 163.8187, 174.128, 184.4907, 194.8427, 205.184, 215.5253]
growth_rate:-0.76
