ticker:COLIU
price:[10.34000015258789, 10.25, 10.350000381469727, 10.199999809265137, 10.039999961853027, 10.130000114440918, 10.210000038146973, 10.128000259399414, 10.010000228881836, 10.079999923706055, 10.050000190734863, 10.020000457763672, 10.0, 9.960000038146973, 10.100000381469727, 10.140000343322754, 10.0600004196167, 10.050000190734863, 10.09000015258789, 10.010000228881836, 10.024999618530273, 9.994999885559082, 9.970000267028809, 9.960000038146973, 9.90999984741211, 9.829999923706055, 9.800000190734863, 9.819999694824219]
assets:[0, 100.000025, 200.975272407341, 298.062354426384, 393.38727850532536, 496.91398661375047, 600.838082244873, 696.0123826263427, 787.9031340156556, 893.4125692378998, 990.7531388031007, 1087.7952976959227, 1185.624, 1280.8819009057997, 1398.8864128349305, 1504.426220937252, 1592.5574204277993, 1690.9738370923042, 1797.7040481861113, 1883.4506120656968, 1986.2732244186402, 2080.3292911806107, 2175.126045256901, 2272.9447167054177, 2361.534134638596, 2442.469911043167, 2535.0160293383597, 2640.1894059509277]
shares:[0, 9.7561, 19.4179, 29.2218, 39.182, 49.0537, 58.848, 68.7216, 78.7116, 88.6322, 98.5824, 108.5624, 118.5624, 128.6026, 138.5036, 148.3655, 158.3059, 168.2561, 178.1669, 188.1569, 198.132, 208.137, 218.1671, 228.2073, 238.2981, 248.471, 258.6751, 268.8584]
growth_rate:-2.22
