ticker:COLL
price:[19.389999389648438, 18.0, 20.229999542236328, 18.489999771118164, 21.18000030517578, 22.290000915527344, 20.75, 19.34000015258789, 17.829999923706055, 19.649999618530273, 19.18000030517578, 18.540000915527344, 19.190000534057617, 19.59000015258789, 18.65999984741211, 19.110000610351562, 18.549999237060547, 20.030000686645508, 21.690000534057617, 24.059999465942383, 23.93000030517578, 24.139999389648438, 24.229999542236328, 24.799999237060547, 25.1299991607666, 23.59000015258789, 22.489999771118164, 25.440000534057617, 25.709999084472656, 23.809999465942383, 23.3799991607666, 23.329999923706055, 23.270000457763672, 23.260000228881836, 22.299999237060547, 23.0, 22.809999465942383, 25.0, 23.889999389648438, 21.809999465942383, 23.3700008392334, 22.3700008392334, 25.280000686645508, 23.299999237060547, 22.56999969482422, 23.889999389648438, 25.149999618530273, 24.889999389648438, 20.540000915527344, 17.75, 20.170000076293945, 20.40999984741211]
assets:[0, 100.0008, 212.39071919403074, 294.1222753591537, 436.9116362953186, 559.8089149932861, 621.132575, 678.9249033565521, 725.9163528938293, 900.0151775278092, 978.4888135688782, 1045.8377436447142, 1182.5031849090576, 1307.1505961814878, 1345.0967590007783, 1477.535561190796, 1534.2370468986512, 1756.6450812192916, 2002.227808299446, 2321.0055924808503, 2408.465989714813, 2529.601568041992, 2639.0322071422574, 2801.115273827362, 2938.3879768705365, 2858.320112488556, 2825.0363412494657, 3295.5943411838534, 3430.5700208381654, 3277.046418495941, 3317.865032904053, 3410.768999846077, 3501.997775890732, 3600.4921934293743, 3551.890358480835, 3763.3842000000004, 3832.2943242733, 4300.235, 4209.305609458924, 3942.8204274528503, 4324.838333308029, 4239.779548059654, 4891.311044855881, 4608.208609107971, 4563.832241291046, 4930.747756027222, 5290.802904750251, 5336.107233148193, 4503.520494734955, 3991.7957250000004, 4636.030143535995, 4791.19439818039]
shares:[0, 5.5556, 10.4988, 15.9071, 20.6285, 25.1148, 29.9341, 35.1047, 40.7132, 45.8023, 51.0161, 56.4098, 61.6208, 66.7254, 72.0845, 77.3174, 82.7082, 87.7007, 92.3111, 96.4674, 100.6463, 104.7888, 108.9159, 112.9482, 116.9275, 121.1666, 125.613, 129.5438, 133.4333, 137.6332, 141.9104, 146.1967, 150.4941, 154.7933, 159.2776, 163.6254, 168.0094, 172.0094, 176.1953, 180.7804, 185.0594, 189.5297, 193.4854, 197.7772, 202.2079, 206.3938, 210.3699, 214.3876, 219.2561, 224.8899, 229.8478, 234.7474]
growth_rate:-6.06
