ticker:COLM
price:[89.83000183105469, 89.98999786376953, 89.25, 90.0999984741211, 88.94000244140625, 94.52999877929688, 92.66999816894531, 95.83000183105469, 74.58999633789062, 78.66000366210938, 78.33999633789062, 84.2699966430664, 84.66000366210938, 87.0, 83.16000366210938, 88.27999877929688, 90.1500015258789, 87.37999725341797, 88.73999786376953, 92.80000305175781, 92.26000213623047, 87.45999908447266, 107.88999938964844, 101.7300033569336, 103.38999938964844, 103.06999969482422, 102.19000244140625, 104.87999725341797, 107.33999633789062, 108.86000061035156, 104.52999877929688, 107.75, 110.76000213623047, 113.48999786376953, 109.01000213623047, 108.20999908447266, 105.76000213623047, 102.12999725341797, 102.7300033569336, 100.05999755859375, 103.16000366210938, 98.31999969482422, 101.3499984741211, 101.30000305175781, 101.22000122070312, 98.0, 99.25, 99.62000274658203, 103.08999633789062, 103.08000183105469, 100.88999938964844, 103.36000061035156]
assets:[0, 99.9968856262207, 199.17029999999997, 301.06914490127565, 397.19715690307623, 522.16480725708, 611.890730909729, 732.7545260009765, 670.3477560882568, 806.9257815673828, 903.6440237579346, 1072.0491892944337, 1177.0110989135742, 1309.5413999999998, 1351.7409115264893, 1534.9684787750243, 1667.486548223877, 1716.248002053833, 1842.961149634552, 2027.2810266677857, 2115.4849449829103, 2105.4245579605104, 2697.239195741272, 2643.2405042228697, 2786.3708225509645, 2877.7453124794006, 2953.1786615539554, 3130.9196300079343, 3304.354447265625, 3451.1450553497316, 3413.8765891326907, 3619.04235, 3820.1457016792297, 4014.3001104385376, 3955.8312645210262, 4026.7970539306643, 4035.6218895149227, 3997.1025545059206, 4120.582618649291, 4113.4865116333, 4340.9316901000975, 4237.267530847931, 4467.85252273407, 4565.6519175445555, 4662.0414262237555, 4613.7321999999995, 4772.5851250000005, 4890.375820830536, 5160.716143673706, 5260.213725439453, 5248.459192248535, 5476.95340834198]
shares:[0, 1.1112, 2.2316, 3.3415, 4.4659, 5.5238, 6.6029, 7.6464, 8.9871, 10.2584, 11.5349, 12.7216, 13.9028, 15.0522, 16.2547, 17.3875, 18.4968, 19.6412, 20.7681, 21.8457, 22.9296, 24.073, 24.9999, 25.9829, 26.9501, 27.9203, 28.8989, 29.8524, 30.784, 31.7026, 32.6593, 33.5874, 34.4903, 35.3714, 36.2887, 37.2128, 38.1583, 39.1374, 40.1108, 41.1102, 42.0796, 43.0967, 44.0834, 45.0706, 46.0585, 47.0789, 48.0865, 49.0903, 50.0603, 51.0304, 52.0216, 52.9891]
growth_rate:7.39
