ticker:COMM
price:[10.369999885559082, 8.869999885559082, 9.630000114440918, 8.489999771118164, 9.220000267028809, 9.630000114440918, 9.260000228881836, 9.579999923706055, 8.899999618530273, 9.920000076293945, 10.800000190734863, 10.890000343322754, 12.489999771118164, 13.010000228881836, 13.1899995803833, 13.279999732971191, 13.109999656677246, 13.399999618530273, 13.949999809265137, 14.720000267028809, 14.729999542236328, 14.6899995803833, 15.199999809265137, 15.600000381469727, 13.680000305175781, 14.59000015258789, 14.520000457763672, 16.729999542236328, 15.850000381469727, 15.779999732971191, 15.569999694824219, 17.5, 16.6200008392334, 16.780000686645508, 16.450000762939453, 18.3799991607666, 18.15999984741211, 18.6299991607666, 20.309999465942383, 20.889999389648438, 21.6200008392334, 20.010000228881836, 21.34000015258789, 21.479999542236328, 21.709999084472656, 20.600000381469727, 20.34000015258789, 21.15999984741211, 16.540000915527344, 15.0600004196167, 15.069999694824219, 15.970000267028809]
assets:[0, 100.00037870979308, 208.5684684785843, 283.8784243469238, 408.2874278247833, 526.4432162561417, 606.2161009840012, 727.1651042089462, 775.5504167585373, 964.4333194173813, 1149.9883403095246, 1259.571198709774, 1544.6320266942978, 1708.9402890649794, 1832.5842476995467, 1945.088360888958, 2020.1893300955774, 2164.877138370514, 2353.734642817974, 2583.6544468688967, 2685.4100135456083, 2778.118367643642, 2974.5670026741027, 3152.84587709713, 2864.8027359085086, 3155.3705790000913, 3240.2324821529387, 3833.4083691108704, 3731.770054814339, 3815.2883354377745, 3864.5144062545774, 4443.54575, 4320.098312145043, 4461.688078574371, 4473.942897498321, 5098.848869185828, 5137.818076829911, 5370.790294059753, 5955.113222408485, 6225.175949116517, 6542.713837971496, 6155.4902774087905, 6664.62502565422, 6808.347910906219, 6981.249669595337, 6724.309804520416, 6739.43937855835, 7111.137464720535, 5658.516253211975, 5252.191712341785, 5355.678967544555, 5775.526641570568]
shares:[0, 11.274, 21.6582, 33.4368, 44.2828, 54.667, 65.4661, 75.9045, 87.1405, 97.2211, 106.4804, 115.6631, 123.6695, 131.3559, 138.9374, 146.4675, 154.0953, 161.558, 168.7265, 175.52, 182.3089, 189.1163, 195.6952, 202.1055, 209.4154, 216.2694, 223.1565, 229.1338, 235.4429, 241.78, 248.2026, 253.9169, 259.9337, 265.8932, 271.9722, 277.4129, 282.9195, 288.2872, 293.2109, 297.9979, 302.6232, 307.6207, 312.3067, 316.9622, 321.5684, 326.4228, 331.3392, 336.0651, 342.111, 348.7511, 355.3868, 361.6485]
growth_rate:13.25
