ticker:COMS
price:[6.27000617980957, 6.870007038116455, 7.770007610321045, 7.830008029937744, 7.20000696182251, 7.470007419586182, 7.485007286071777, 6.8400068283081055, 6.660006523132324, 6.810006618499756, 6.9000067710876465, 6.30000638961792, 6.450006484985352, 6.30000638961792, 4.665004730224609, 5.940005779266357, 6.810006618499756, 6.000006198883057, 6.18000602722168, 6.000006198883057, 3.3429999351501465, 4.300000190734863, 4.739999771118164, 5.019999980926514, 4.699999809265137, 3.299999952316284, 2.5799999237060547, 3.2200000286102295, 2.930000066757202, 2.7699999809265137, 2.75, 2.4800000190734863, 2.3299999237060547, 2.430000066757202, 2.4000000953674316, 2.140000104904175, 2.049999952316284, 2.130000114440918, 2.3399999141693115, 2.494999885559082, 2.640000104904175, 2.299999952316284, 2.4000000953674316, 2.3499999046325684, 2.130000114440918, 1.9199999570846558, 1.8899999856948853, 2.069999933242798, 2.0799999237060547, 1.9800000190734863, 1.809999942779541, 2.0299999713897705]
assets:[0, 99.99982244682312, 213.10022872066497, 314.74596478261947, 389.42173653922083, 504.0253046232224, 605.0370909564972, 652.8998557831765, 735.718266598034, 852.2886723211288, 963.5521355492116, 979.7650237012386, 1103.0930090751647, 1177.4396941876412, 971.8660334533691, 1337.4885292954446, 1633.3834924504758, 1539.1041901195051, 1685.2771376131059, 1736.1911937391756, 1067.3470018948556, 1472.8962653331757, 1723.610856771469, 1925.4275186843397, 1902.6910527852058, 1435.9319492513418, 1222.6377118450164, 1625.9277444466352, 1579.4933019872187, 1593.2411100293634, 1681.737475, 1616.6214924333096, 1618.8420069923402, 1788.3203981289148, 1866.2424741578102, 1764.0662864756584, 1789.876483366847, 1959.7255622923851, 2252.9376433627367, 2502.1707647301673, 2747.587765179324, 2493.7317082998275, 2702.1550673739907, 2745.8599735678195, 2588.8010740914347, 2433.5669216055394, 2495.5425621116283, 2833.2132556292772, 2946.90021190834, 2905.2225459862234, 2755.78409987998, 3190.7413690306184]
shares:[0, 14.556, 27.426, 40.1974, 54.0863, 67.4732, 80.8332, 95.4531, 110.4681, 125.1524, 139.6451, 155.5181, 171.022, 186.895, 208.3312, 225.1662, 239.8505, 256.5171, 272.6983, 289.3649, 319.2782, 342.534, 363.631, 383.5513, 404.8279, 435.1309, 473.8906, 504.9465, 539.0762, 575.1773, 611.5409, 651.8635, 694.782, 735.9343, 777.601, 824.33, 873.1105, 920.0589, 962.7939, 1002.8741, 1040.7529, 1084.2312, 1125.8979, 1168.4511, 1215.3995, 1267.4828, 1320.3929, 1368.7021, 1416.779, 1467.2841, 1522.5327, 1571.7938]
growth_rate:-37.44
