ticker:COMT
price:[25.525999069213867, 25.139999389648438, 25.610000610351562, 24.889999389648438, 24.5, 25.20199966430664, 25.170000076293945, 24.93000030517578, 24.18000030517578, 24.809999465942383, 25.170000076293945, 25.450000762939453, 26.059999465942383, 25.65999984741211, 26.059999465942383, 26.739999771118164, 26.520000457763672, 26.670000076293945, 27.58799934387207, 27.75, 27.540000915527344, 27.540000915527344, 28.700000762939453, 29.420000076293945, 29.729999542236328, 30.299999237060547, 31.329999923706055, 31.399999618530273, 30.34000015258789, 30.229999542236328, 30.3700008392334, 30.25, 31.299999237060547, 31.639999389648438, 32.130001068115234, 33.43000030517578, 32.790000915527344, 32.380001068115234, 33.189998626708984, 33.959999084472656, 34.2599983215332, 33.47999954223633, 34.040000915527344, 34.779998779296875, 34.11000061035156, 34.209999084472656, 34.369998931884766, 34.849998474121094, 33.880001068115234, 34.0, 32.099998474121094, 34.310001373291016]
assets:[0, 99.99937557220458, 201.86826881103514, 296.19348173675536, 391.55165, 502.76981250305175, 602.1318438251495, 696.3896425247193, 775.4381017868043, 895.64098072052, 1008.6374130573273, 1119.8585685710907, 1246.6999504508972, 1327.563714105606, 1448.2584103202819, 1586.0483244241714, 1672.9983168777467, 1782.4601180990219, 1943.8145693700787, 2055.2288249999997, 2139.676307130432, 2239.6768044548035, 2434.01262470398, 2595.073482729721, 2722.4176800819396, 2874.612437618637, 3072.329447518349, 3179.1934413768768, 3171.871043952179, 3260.3719566291807, 3375.4707062765124, 3462.133675, 3682.3071902435304, 3822.308094265747, 3981.5047503593446, 4242.597995729828, 4261.375402981567, 4308.091144110489, 4515.861084148789, 4720.626652736664, 4862.329705784607, 4851.630257664871, 5032.780095359802, 5242.187492010498, 5241.202842784119, 5356.567446647644, 5481.619574647903, 5658.172567261505, 5600.686036569596, 5720.5238, 5500.848338516235, 5979.567625337982]
shares:[0, 3.9777, 7.8824, 11.9001, 15.9817, 19.9496, 23.9226, 27.9338, 32.0694, 36.1, 40.073, 44.0023, 47.8396, 51.7367, 55.574, 59.3137, 63.0844, 66.8339, 70.4587, 74.0623, 77.6934, 81.3245, 84.8088, 88.2078, 91.5714, 94.8717, 98.0635, 101.2482, 104.5442, 107.8522, 111.1449, 114.4507, 117.6456, 120.8062, 123.9186, 126.9099, 129.9596, 133.0479, 136.0609, 139.0055, 141.9244, 144.9113, 147.849, 150.7242, 153.6559, 156.579, 159.4885, 162.3579, 165.3095, 168.2507, 171.366, 174.2806]
growth_rate:17.25
