ticker:CONE
price:[77.87000274658203, 75.23999786376953, 72.58999633789062, 71.44000244140625, 75.44999694824219, 80.12999725341797, 76.91000366210938, 75.01000213623047, 71.05000305175781, 73.83000183105469, 72.7699966430664, 71.27999877929688, 69.97000122070312, 68.87999725341797, 66.16000366210938, 70.37999725341797, 72.75, 73.1500015258789, 69.37999725341797, 72.33000183105469, 71.0, 72.94999694824219, 74.66999816894531, 72.51000213623047, 68.2300033569336, 65.62999725341797, 65.4800033569336, 65.87999725341797, 66.43000030517578, 68.77999877929688, 69.58000183105469, 69.55999755859375, 72.56999969482422, 74.29000091552734, 72.83000183105469, 70.06999969482422, 69.58999633789062, 73.87999725341797, 73.75, 74.83000183105469, 79.91999816894531, 69.51000213623047, 72.70999908447266, 71.19999694824219, 74.61000061035156, 73.97000122070312, 73.22000122070312, 71.2699966430664, 75.70999908447266, 75.48999786376953, 76.18000030517578, 74.88999938964844]
assets:[0, 100.00148116073608, 196.47934308776857, 293.36837002563476, 409.83683842315673, 535.2603686531066, 613.7495202239991, 698.5906528953552, 761.7128727172852, 891.5194211105347, 978.7200698509216, 1058.679053869629, 1139.223571875, 1221.4765432937622, 1273.2426544769287, 1454.4589472396851, 1603.4391, 1712.2586607170103, 1724.0096757507324, 1897.317210031128, 1962.4329, 2116.3304764663694, 2266.2269774276733, 2300.6698577804564, 2264.867669432068, 2278.561933643341, 2373.3554616737365, 2487.852688279724, 2608.6197529838564, 2800.900378289795, 2933.478961196899, 3032.635037561035, 3263.8647642745973, 3441.2242774086, 3473.597805331421, 3441.957504009247, 3518.3797478485108, 3835.273193418884, 3928.5223749999996, 4086.054834983826, 4463.995433724976, 3982.5338663940433, 4265.873833286285, 4277.282856668091, 4582.135882484436, 4642.830684619141, 4695.752440286255, 4670.693484002686, 5061.667698791503, 5146.960897350312, 5294.0072332077025, 5304.361299769592]
shares:[0, 1.3291, 2.7067, 4.1065, 5.4319, 6.6799, 7.9801, 9.3133, 10.7208, 12.0753, 13.4495, 14.8524, 16.2816, 17.7334, 19.2449, 20.6658, 22.0404, 23.4075, 24.8488, 26.2314, 27.6399, 29.0107, 30.3499, 31.729, 33.1946, 34.7183, 36.2455, 37.7634, 39.2687, 40.7226, 42.1598, 43.5974, 44.9754, 46.3215, 47.6946, 49.1217, 50.5587, 51.9122, 53.2681, 54.6045, 55.8558, 57.2944, 58.6697, 60.0742, 61.4145, 62.7664, 64.1321, 65.5352, 66.856, 68.1807, 69.4934, 70.8287]
growth_rate:4.01
