ticker:CONN
price:[11.760000228881836, 10.220000267028809, 9.960000038146973, 10.3100004196167, 10.40999984741211, 12.470000267028809, 12.199999809265137, 11.369999885559082, 9.369999885559082, 9.65999984741211, 10.010000228881836, 10.25, 11.430000305175781, 13.890000343322754, 11.020000457763672, 12.050000190734863, 13.029999732971191, 11.6899995803833, 13.0, 14.40999984741211, 13.6899995803833, 15.729999542236328, 15.4399995803833, 15.479999542236328, 14.59000015258789, 14.1899995803833, 14.260000228881836, 16.510000228881836, 15.770000457763672, 15.4399995803833, 21.329999923706055, 21.690000534057617, 20.65999984741211, 19.5, 20.239999771118164, 21.350000381469727, 20.899999618530273, 21.329999923706055, 23.190000534057617, 29.0, 29.0, 25.639999389648438, 26.010000228881836, 25.770000457763672, 25.690000534057617, 23.68000030517578, 23.0, 22.239999771118164, 23.219999313354492, 23.43000030517578, 21.670000076293945, 23.350000381469727]
assets:[0, 99.99963661279679, 197.45600475625992, 304.39451438884737, 407.34641702919004, 587.9542775902748, 675.2236294435502, 729.2865736596108, 701.0043604382515, 822.7006490047455, 952.5085787794113, 1075.34595, 1299.141835686493, 1678.7468304940223, 1431.878249479294, 1665.7112913659098, 1901.1798980383874, 1805.6630531850815, 2108.0085000000004, 2436.645955198288, 2414.8981289801595, 2874.7517963409423, 2921.752808594799, 3029.3213584190366, 2955.1549249061586, 2974.135934050941, 3088.8073135772706, 3676.171133963585, 3611.4010698299408, 3635.829629188156, 5122.813283676529, 5309.273992726517, 5157.151227910996, 4967.59185, 5256.105300561905, 5644.359380850219, 5625.391647324563, 5841.128760107232, 6450.481849552345, 8166.5798, 8266.5805, 7408.798331636048, 7615.712461016464, 7645.44115880928, 7721.7076855230325, 7217.557533016205, 7110.2959, 6975.3468562135695, 7382.712867683602, 7549.481147332001, 7082.384454935074, 7731.458321309089]
shares:[0, 9.7847, 19.8249, 29.5242, 39.1303, 47.1495, 55.3462, 64.1413, 74.8137, 85.1657, 95.1557, 104.9118, 113.6607, 120.8601, 129.9345, 138.2333, 145.9079, 154.4622, 162.1545, 169.0941, 176.3987, 182.756, 189.2327, 195.6926, 202.5466, 209.5938, 216.6064, 222.6633, 229.0045, 235.4812, 240.1694, 244.7798, 249.6201, 254.7483, 259.689, 264.3728, 269.1575, 273.8457, 278.1579, 281.6062, 285.0545, 288.9547, 292.7994, 296.6799, 300.5725, 304.7955, 309.1433, 313.6397, 317.9463, 322.2143, 326.829, 331.1117]
growth_rate:51.6
