ticker:CONXU
price:[9.920000076293945, 9.9399995803833, 9.949999809265137, 10.020000457763672, 10.100000381469727, 10.130000114440918, 10.319999694824219, 10.399999618530273, 10.420000076293945, 10.449999809265137, 10.460000038146973, 10.850000381469727, 10.960000038146973, 10.75, 11.0600004196167, 11.039999961853027, 11.539999961853027, 10.859999656677246, 10.180000305175781, 10.579999923706055, 10.40999984741211, 10.479999542236328, 10.319999694824219, 10.350000381469727, 10.319999694824219, 10.1899995803833, 10.319999694824219, 10.199999809265137, 10.199999809265137, 10.079999923706055, 10.050000190734863, 10.154999732971191, 10.140000343322754, 10.0600004196167, 10.140000343322754, 10.210000038146973, 10.140000343322754, 10.140000343322754, 10.100000381469727, 10.104999542236328, 10.041999816894531, 9.970000267028809, 10.079999923706055, 9.890000343322754, 9.899999618530273, 9.900099754333496]
assets:[0, 100.00037177848816, 200.1014611641884, 301.5088277744293, 403.9161852556229, 505.1162477064133, 614.5900378257752, 719.3544536142349, 820.7375580093385, 923.1007331514357, 1023.9837957344056, 1162.163070859909, 1273.9454684340476, 1349.53565, 1488.4526444719315, 1585.7613065206529, 1757.5800761900903, 1754.0137485494615, 1744.1862802871703, 1912.7200982070922, 1981.9858959484102, 2095.3134684772494, 2163.32374402771, 2269.612253651047, 2363.03328212204, 2433.2659237998964, 2564.3083641700746, 2634.490630736351, 2734.4904088664057, 2802.3196107896806, 2893.9789599236487, 3024.214772977352, 3119.747541629219, 3195.1346012735366, 3320.5428704277992, 3443.4654528656006, 3519.85674517622, 3619.8564145620344, 3705.57701995697, 3807.4112420215606, 3883.6741393852235, 3955.8289099498747, 4099.473472971726, 4122.201593098641, 4226.369237148285, 4326.411903332042]
shares:[0, 10.0604, 20.1107, 30.0907, 39.9917, 49.8634, 59.5533, 69.1687, 78.7656, 88.335, 97.8952, 107.1118, 116.2359, 125.5382, 134.5798, 143.6378, 152.3033, 161.5114, 171.3346, 180.7864, 190.3925, 199.9345, 209.6244, 219.2862, 228.9761, 238.7896, 248.4795, 258.2834, 268.0873, 278.0079, 287.9581, 297.8055, 307.6674, 317.6078, 327.4697, 337.264, 347.1259, 356.9878, 366.8888, 376.7849, 386.7431, 396.7732, 406.6938, 416.805, 426.906, 437.0069]
growth_rate:-3.86
