ticker:CONX
price:[10.199999809265137, 10.229999542236328, 10.170000076293945, 10.449999809265137, 10.510000228881836, 10.399999618530273, 10.569999694824219, 10.579999923706055, 10.949999809265137, 10.34000015258789, 10.09000015258789, 10.100000381469727, 10.010000228881836, 10.029999732971191, 10.020000457763672, 10.050000190734863, 10.0, 9.90999984741211, 9.960000038146973, 9.960000038146973, 9.920000076293945, 9.819999694824219, 9.770000457763672, 9.829999923706055, 9.869999885559082, 9.9399995803833, 9.869999885559082, 9.880000114440918, 9.859999656677246, 9.850000381469727, 9.84000015258789, 9.789999961853027, 9.729999542236328, 9.75, 9.720000267028809, 9.729999542236328, 9.75]
assets:[0, 100.00029152526855, 199.41336149597169, 304.9038244348526, 406.6539798559189, 502.39798157215114, 610.6098563705444, 711.187594871521, 836.0587654369355, 889.4840371261597, 967.9781106384277, 1068.937580373001, 1159.4122805103302, 1261.7288314089776, 1360.4705721530913, 1464.5433127949714, 1557.2569999999998, 1643.2414896984099, 1751.5327387084005, 1851.533131091404, 1944.0968149518965, 2024.4989930847169, 2114.190973058319, 2227.1742357141493, 2336.236868911743, 2452.8062244548796, 2535.5328936009405, 2638.102302557373, 2732.7620088459016, 2829.990804599571, 2927.117637390518, 3012.243970262718, 3093.782763447952, 3200.1420749999997, 3290.2959063913345, 3393.6808093387604, 3500.656575]
shares:[0, 9.7752, 19.608, 29.1774, 38.6921, 48.3075, 57.7682, 67.22, 76.3524, 86.0236, 95.9344, 105.8354, 115.8254, 125.7955, 135.7755, 145.7257, 155.7257, 165.8165, 175.8567, 185.8969, 195.9775, 206.1608, 216.3962, 226.5691, 236.7008, 246.7612, 256.8929, 267.0144, 277.1564, 287.3087, 297.4713, 307.6858, 317.9633, 328.2197, 338.5078, 348.7853, 359.0417]
growth_rate:-2.76
