ticker:COOLW
price:[1.4199999570846558, 1.0700000524520874, 1.25, 1.125, 0.9649999737739563, 1.0, 0.9900000095367432, 0.9200000166893005, 0.8220000267028809, 0.8500000238418579, 0.8100000023841858, 0.7400000095367432, 0.7799999713897705, 0.800000011920929, 0.7799999713897705, 1.0299999713897705, 1.159999966621399, 1.1799999475479126, 1.2510000467300415, 1.2300000190734863, 1.149999976158142, 1.2000000476837158, 1.1100000143051147, 1.1100000143051147, 1.0850000381469727, 0.949999988079071, 0.8500000238418579, 0.8100000023841858, 0.8100000023841858]
assets:[0, 99.99995790206194, 216.822375, 295.14014999999995, 353.16461090195776, 465.9737, 561.3139674071789, 621.6251512766182, 655.4085692911148, 777.7339568148493, 841.1347014758288, 868.4440311920644, 1015.3868807558298, 1141.4224970085204, 1212.8868515115737, 1701.632670733881, 2016.4018419787287, 2151.1673983786227, 2380.602173225367, 2440.6399608467577, 2381.8990406183484, 2585.459982736945, 2491.5504321098324, 2591.5504443985824, 2633.1822525787356, 2405.55120981431, 2252.3354181763057, 2246.343117611975, 2346.3431259063186]
shares:[0, 93.4579, 173.4579, 262.3468, 365.9737, 465.9737, 566.9838, 675.6795, 797.334, 914.9811, 1038.4379, 1173.573, 1301.7781, 1426.7781, 1554.9832, 1652.0706, 1738.2775, 1823.0233, 1902.9593, 1984.2601, 2071.2166, 2154.5499, 2244.64, 2334.7301, 2426.896, 2532.1592, 2649.8063, 2773.2631, 2896.7199]
growth_rate:-16.2
