ticker:COOL
price:[10.199999809265137, 10.029999732971191, 9.970000267028809, 9.949999809265137, 9.850000381469727, 9.779999732971191, 9.84000015258789, 9.930000305175781, 9.829999923706055, 9.75, 9.739999771118164, 9.760000228881836, 9.800000190734863, 9.720000267028809, 9.6899995803833, 9.739999771118164, 9.710000038146973, 9.729999542236328, 9.720000267028809, 9.729999542236328, 9.720000267028809, 9.75, 9.699999809265137, 9.720000267028809, 9.670000076293945, 9.680000305175781, 9.720000267028809, 9.699999809265137, 9.710000038146973]
assets:[0, 100.00010033769608, 199.40199934062957, 299.002469268322, 395.99759533615116, 493.18289253435137, 596.208561245346, 701.6617655639648, 794.595264832878, 888.1284750000001, 987.2171568012237, 1089.2443295438768, 1193.7086232328415, 1283.9644072731971, 1380.0012902402877, 1487.1216710538865, 1582.5416322172166, 1685.8012336887361, 1784.0691130121231, 1885.9045122745515, 1983.9667505037307, 2090.08995, 2179.371707146168, 2283.8656947425843, 2372.1177417154313, 2474.5710780143736, 2584.796903009796, 2679.478477312374, 2782.241266930389]
shares:[0, 9.9701, 20.0002, 30.0505, 40.2028, 50.4277, 60.5903, 70.6608, 80.8337, 91.0901, 101.357, 111.6029, 121.807, 132.0951, 142.415, 152.6819, 162.9806, 173.2581, 183.5462, 193.8237, 204.1118, 214.3682, 224.6775, 234.9656, 245.3069, 255.6375, 265.9256, 276.2349, 286.5336]
growth_rate:-0.63
