ticker:COOLU
price:[10.350000381469727, 10.399999618530273, 10.449999809265137, 10.515000343322754, 10.539999961853027, 10.75, 10.5, 10.630000114440918, 10.649999618530273, 10.760000228881836, 10.420000076293945, 10.270000457763672, 10.319999694824219, 10.170000076293945, 10.104999542236328, 10.170000076293945, 10.149999618530273, 10.130000114440918, 10.0, 10.010000228881836, 10.029999732971191, 10.0, 9.930000305175781, 9.9399995803833, 9.960000038146973, 10.039999961853027, 10.100000381469727, 10.100000381469727, 10.09000015258789, 10.140000343322754, 10.109999656677246, 10.09000015258789, 10.0600004196167, 10.039999961853027, 10.010000228881836, 10.0, 9.979999542236328, 9.970800399780273]
assets:[0, 100.00015633201599, 200.4811563407898, 301.7279348516464, 402.4456565434456, 510.46375, 598.5924, 706.0031506007194, 807.3317410823822, 915.6706394777299, 986.7364952247619, 1072.5320928058625, 1177.7534531723022, 1260.6345634571076, 1352.5774302272798, 1461.2774779623032, 1558.403536430168, 1655.333188700676, 1734.09, 1835.8240319766999, 1939.4920213648797, 2033.691, 2119.455293136597, 2221.5899062156677, 2326.0604009088515, 2444.744006711197, 2559.3542366649626, 2659.3543404418942, 2756.7212296890257, 2870.381611186123, 2961.889192418003, 3056.0299852153776, 3146.944181263447, 3240.6880956870077, 3331.004753164482, 3427.6769999999997, 3520.821084506607, 3617.5758886470794]
shares:[0, 9.6154, 19.1848, 28.695, 38.1827, 47.485, 57.0088, 66.4161, 75.8058, 85.0995, 94.6964, 104.4335, 114.1234, 123.9562, 133.8523, 143.6851, 153.5373, 163.409, 173.409, 183.399, 193.3691, 203.3691, 213.4396, 223.5, 233.5402, 243.5004, 253.4014, 263.3024, 273.2132, 283.0751, 292.9663, 302.8771, 312.8175, 322.7777, 332.7677, 342.7677, 352.7877, 362.817]
growth_rate:-2.23
