ticker:COOP
price:[18.360000610351562, 20.440000534057617, 21.719999313354492, 20.93000030517578, 23.8799991607666, 24.200000762939453, 24.190000534057617, 23.200000762939453, 21.079999923706055, 23.8799991607666, 24.520000457763672, 25.049999237060547, 27.020000457763672, 26.790000915527344, 27.489999771118164, 30.0, 30.600000381469727, 31.030000686645508, 29.510000228881836, 28.84000015258789, 29.899999618530273, 27.229999542236328, 29.829999923706055, 29.84000015258789, 30.260000228881836, 31.450000762939453, 33.33000183105469, 35.59000015258789, 36.11000061035156, 34.77000045776367, 34.70000076293945, 32.540000915527344, 33.060001373291016, 32.779998779296875, 34.47999954223633, 33.34000015258789, 33.68000030517578, 33.16999816894531, 34.59000015258789, 33.75, 33.97999954223633, 32.65999984741211, 34.099998474121094, 32.880001068115234, 34.36000061035156, 32.93000030517578, 34.77000045776367, 37.18000030517578, 39.15999984741211, 38.47999954223633, 38.220001220703125, 38.79999923706055]
assets:[0, 100.00065861282349, 206.26397347927093, 298.7611033561707, 440.87015650615695, 546.7772372379303, 646.550334274292, 720.0885836803436, 754.2866652700424, 954.476402456093, 1080.0569801635743, 1203.4019633483886, 1398.04184368515, 1486.1404737876892, 1624.9723724704743, 1873.341, 2010.8086450674057, 2139.065509334183, 2134.284207553673, 2185.826871564865, 2366.1663698120115, 2254.872694093323, 2570.1736744264604, 2671.035109658432, 2808.630337244034, 3019.0837082393646, 3299.5568592681884, 3623.289791534424, 3776.228590827942, 3736.095658187485, 3828.57253417778, 3690.250867826843, 3849.2222438941953, 3916.619814147949, 4219.7381999778745, 4180.222563131714, 4322.851615169525, 4357.393394462585, 4643.932355485916, 4631.158125, 4762.718287838745, 4677.7023501457215, 4983.946656982422, 4905.636975360871, 5226.451588839722, 5108.934776346588, 5494.40067333641, 5975.231311045075, 6393.437795087814, 6382.419708073807, 6439.2943396636965, 6637.011469493866]
shares:[0, 4.8924, 9.4965, 14.2743, 18.4619, 22.5941, 26.728, 31.0383, 35.7821, 39.9697, 44.048, 48.04, 51.741, 55.4737, 59.1114, 62.4447, 65.7127, 68.9354, 72.3241, 75.7915, 79.136, 82.8084, 86.1607, 89.5119, 92.8166, 95.9963, 98.9966, 101.8064, 104.5757, 107.4517, 110.3335, 113.4066, 116.4314, 119.482, 122.3822, 125.3816, 128.3507, 131.3655, 134.2565, 137.2195, 140.1624, 143.2242, 146.1568, 149.1982, 152.1086, 155.1453, 158.0213, 160.7109, 163.2645, 165.8633, 168.4797, 171.057]
growth_rate:30.14
