ticker:CORE
price:[32.72999954223633, 32.099998474121094, 29.709999084472656, 28.25, 29.139999389648438, 29.670000076293945, 29.5, 28.81999969482422, 27.350000381469727, 31.1299991607666, 34.66999816894531, 32.290000915527344, 31.440000534057617, 30.579999923706055, 30.850000381469727, 30.68000030517578, 30.100000381469727, 29.3700008392334, 32.349998474121094, 32.38999938964844, 33.619998931884766, 30.670000076293945, 31.899999618530273, 31.290000915527344, 31.049999237060547, 32.58000183105469, 37.08000183105469, 39.880001068115234, 39.650001525878906, 38.959999084472656, 40.04999923706055, 41.43000030517578, 43.689998626708984, 42.939998626708984, 42.560001373291016, 42.72999954223633, 42.779998779296875, 46.29999923706055, 45.86000061035156, 45.619998931884766, 47.150001525878906, 44.27000045776367, 45.619998931884766, 44.31999969482422, 44.52000045776367, 42.93000030517578, 42.630001068115234, 43.040000915527344, 41.52000045776367, 44.0099983215332, 42.70000076293945, 45.5]
assets:[0, 100.00112524642944, 192.5564460662842, 283.09325, 392.0116697891235, 499.14137828350067, 596.2805500000001, 682.5354067726136, 747.7216604290008, 951.0619433603288, 1159.212190777588, 1179.6344584465025, 1248.583029209137, 1314.4293107206345, 1426.0350976333618, 1518.1783391014098, 1589.4786801441194, 1650.9288651744841, 1918.4390195114136, 2020.8120619201661, 2197.5510581832887, 2104.725688235664, 2289.1344026258466, 2345.3607926239015, 2427.3709503562927, 2646.9817967651366, 3112.588053703308, 3447.626092338562, 3527.7439007606504, 3566.3515641937256, 3766.1297132564546, 3995.898671434021, 4313.8761914035795, 4339.8211352054595, 4401.414894021225, 4518.9965615882875, 4624.282578048706, 5104.774005882645, 5156.259996624755, 5229.274493565369, 5504.654233142853, 5268.422236476898, 5529.080002545929, 5471.521130324554, 5596.213029541397, 5496.349404071808, 5557.941808256912, 5711.395209490204, 5609.692525847626, 6046.11117341156, 5966.142316599655, 6457.364549999999]
shares:[0, 3.1153, 6.4812, 10.021, 13.4527, 16.8231, 20.2129, 23.6827, 27.339, 30.5513, 33.4356, 36.5325, 39.7132, 42.9833, 46.2248, 49.4843, 52.8066, 56.2114, 59.3026, 62.39, 65.3644, 68.6249, 71.7597, 74.9556, 78.1762, 81.2456, 83.9425, 86.45, 88.9721, 91.5388, 94.0357, 96.4494, 98.7383, 101.0671, 103.4167, 105.757, 108.0945, 110.2543, 112.4348, 114.6268, 116.7477, 119.0066, 121.1986, 123.4549, 125.7011, 128.0305, 130.3763, 132.6997, 135.1082, 137.3804, 139.7223, 141.9201]
growth_rate:26.61
