ticker:CORT
price:[19.979999542236328, 17.739999771118164, 17.989999771118164, 17.09000015258789, 16.920000076293945, 18.350000381469727, 18.0, 17.850000381469727, 16.780000686645508, 18.09000015258789, 18.09000015258789, 23.93000030517578, 22.989999771118164, 23.549999237060547, 25.31999969482422, 26.260000228881836, 27.190000534057617, 26.15999984741211, 27.170000076293945, 28.139999389648438, 28.059999465942383, 28.260000228881836, 29.40999984741211, 28.0, 26.940000534057617, 25.149999618530273, 24.549999237060547, 25.690000534057617, 25.6200008392334, 24.479999542236328, 24.43000030517578, 22.68000030517578, 22.770000457763672, 24.0, 22.790000915527344, 21.100000381469727, 21.229999542236328, 21.520000457763672, 21.600000381469727, 21.40999984741211, 21.530000686645508, 22.5, 22.739999771118164, 22.309999465942383, 22.040000915527344, 20.200000762939453, 20.290000915527344, 20.770000457763672, 21.829999923706055, 20.68000030517578, 20.600000381469727, 21.530000686645508]
assets:[0, 100.00037870979308, 201.40884143753053, 291.3332326011658, 388.4358257514954, 521.2647908363342, 611.3232, 706.2281250926972, 763.8944292589188, 923.530687789917, 1023.5303996334077, 1453.9581025421144, 1496.844400097847, 1633.3054870864867, 1856.0623216293334, 2024.969015649605, 2196.6828621465684, 2213.4682190891267, 2398.9262507362364, 2584.5717099411013, 2677.224191045189, 2796.307240647697, 3010.0987793827057, 2965.7852000000003, 2953.5103845502854, 2857.2663066616055, 2889.10037521553, 3123.2592459280013, 3214.7490273054123, 3171.7046286907193, 3265.225892788696, 3131.327850134277, 3243.7527862117768, 3518.9759999999997, 3441.5613392555238, 3286.350379414368, 3406.5975715465547, 3553.130691580582, 3666.3387047498704, 3734.0880993873598, 3855.017671946144, 4128.69825, 4272.7368049942015, 4291.941922259331, 4340.000168280792, 4077.677194010925, 4195.844362325287, 4395.1044878665925, 4719.410219506073, 4570.792931451416, 4653.111606166077, 4963.179725288201]
shares:[0, 5.637, 11.1956, 17.047, 22.9572, 28.4068, 33.9624, 39.5646, 45.5241, 51.052, 56.5799, 60.7588, 65.1085, 69.3548, 73.3042, 77.1123, 80.7901, 84.6127, 88.2932, 91.8469, 95.4107, 98.9493, 102.3495, 105.9209, 109.6329, 113.609, 117.6823, 121.5749, 125.4781, 129.5631, 133.6564, 138.0656, 142.4573, 146.624, 151.0119, 155.7512, 160.4615, 165.1083, 169.7379, 174.4086, 179.0533, 183.4977, 187.8952, 192.3775, 196.9147, 201.8652, 206.7937, 211.6083, 216.1892, 221.0248, 225.8792, 230.5239]
growth_rate:-2.68
