ticker:COST
price:[346.57000732421875, 339.1300048828125, 335.9599914550781, 342.5799865722656, 355.010009765625, 369.4599914550781, 381.5400085449219, 374.6000061035156, 357.6199951171875, 385.6600036621094, 378.8399963378906, 381.1199951171875, 388.3900146484375, 373.42999267578125, 375.1000061035156, 367.0, 364.5799865722656, 376.7799987792969, 369.94000244140625, 362.1600036621094, 362.29998779296875, 352.42999267578125, 355.1700134277344, 352.75, 354.7699890136719, 331.0, 317.32000732421875, 331.1400146484375, 328.9100036621094, 352.0199890136719, 354.94000244140625, 363.2099914550781, 370.7200012207031, 373.2799987792969, 372.0899963378906, 384.32000732421875, 384.4200134277344, 380.7200012207031, 378.2699890136719, 387.5199890136719, 381.8299865722656, 380.8800048828125, 394.510009765625, 398.94000244140625, 412.3699951171875, 410.3699951171875, 423.42999267578125, 429.7200012207031, 439.6300048828125, 447.82000732421875, 458.989990234375, 450.3399963378906]
assets:[0, 100.0094384399414, 199.0898909362793, 303.01199812316895, 414.01267338867183, 530.8770617218017, 648.2364745178223, 736.4636119995117, 803.0714610351563, 966.0397431732179, 1048.9700658599854, 1155.2890411987305, 1277.3370801757812, 1328.1411119506836, 1434.082343334961, 1503.1218999999999, 1593.214541320801, 1746.5260063415526, 1814.8146699768067, 1876.6407069763184, 1977.3608733764647, 2023.476802947998, 2139.224507876587, 2224.65315, 2337.4020726165772, 2280.7886, 2286.5127767761232, 2486.099887976074, 2569.3462756073, 2849.883427056885, 2973.5098704528805, 3142.7834140624996, 3307.7492108917236, 3430.5925007812502, 3519.6736933593747, 3735.3598791870118, 3836.319524002075, 3899.4103965026857, 3974.331466571045, 4171.536425735473, 4210.2865299377445, 4299.792463122559, 4553.6712387207035, 4704.819130792236, 4963.202787231446, 5039.138355041504, 5299.522759332276, 5478.242463562012, 5704.5949803588865, 5910.865840673828, 6158.314597973633, 6142.277278051758]
shares:[0, 0.2949, 0.5926, 0.8845, 1.1662, 1.4369, 1.699, 1.966, 2.2456, 2.5049, 2.7689, 3.0313, 3.2888, 3.5566, 3.8232, 4.0957, 4.37, 4.6354, 4.9057, 5.1818, 5.4578, 5.7415, 6.0231, 6.3066, 6.5885, 6.8906, 7.2057, 7.5077, 7.8117, 8.0958, 8.3775, 8.6528, 8.9225, 9.1904, 9.4592, 9.7194, 9.9795, 10.2422, 10.5066, 10.7647, 11.0266, 11.2891, 11.5426, 11.7933, 12.0358, 12.2795, 12.5157, 12.7484, 12.9759, 13.1992, 13.4171, 13.6392]
growth_rate:20.44
