ticker:COUP
price:[285.80999755859375, 243.24000549316406, 248.19000244140625, 272.92999267578125, 277.5899963378906, 304.3500061035156, 307.17999267578125, 302.0, 267.70001220703125, 304.57000732421875, 287.07000732421875, 314.2099914550781, 326.94000244140625, 318.1499938964844, 318.42999267578125, 366.8999938964844, 356.739990234375, 338.9100036621094, 345.0, 328.760009765625, 341.8999938964844, 309.8699951171875, 351.0, 366.510009765625, 369.6400146484375, 346.260009765625, 285.79998779296875, 277.510009765625, 248.72999572753906, 246.0, 262.2799987792969, 265.260009765625, 270.4599914550781, 268.1300048828125, 269.0400085449219, 237.83999633789062, 231.0399932861328, 233.89999389648438, 238.1999969482422, 230.22999572753906, 234.25999450683594, 245.82000732421875, 255.61000061035156, 265.0400085449219, 266.6400146484375, 217.5399932861328, 225.3300018310547, 217.0, 215.10000610351562, 213.8300018310547, 215.5, 239.1300048828125]
assets:[0, 99.99596625823975, 202.02666198730466, 322.16656335449215, 427.6551483581543, 568.8910314086914, 674.1679299255371, 762.7915999999999, 776.1694153930664, 983.0606126403809, 1026.5623461914063, 1223.6279697235107, 1373.2133982543944, 1436.2881474456788, 1537.5392196350097, 1871.5935588653563, 1919.7605834472656, 1923.822635787964, 2058.408, 2061.522517236328, 2243.9238499420167, 2133.7028123779296, 2516.9157, 2728.1172576904296, 2851.403072998047, 2771.049606152344, 2387.2015580383304, 2417.9447150878905, 2267.1739110565186, 2342.2889999999998, 2597.3063719116208, 2726.8198483886717, 2880.2636790008546, 2955.462978820801, 3065.4956653625486, 2810.008204733276, 2829.6623177719116, 2964.6824226379395, 3119.1813200378415, 3114.8046351974485, 3269.332483337402, 3530.663601196289, 3771.269949005127, 4010.399881295776, 4134.600059143067, 3473.243532806396, 3697.6202640472416, 3660.9202, 3728.866155807495, 3806.858288598633, 3936.5816, 4468.239793237305]
shares:[0, 0.4111, 0.814, 1.1804, 1.5406, 1.8692, 2.1947, 2.5258, 2.8994, 3.2277, 3.576, 3.8943, 4.2002, 4.5145, 4.8285, 5.1011, 5.3814, 5.6765, 5.9664, 6.2706, 6.5631, 6.8858, 7.1707, 7.4435, 7.714, 8.0028, 8.3527, 8.713, 9.115, 9.5215, 9.9028, 10.2798, 10.6495, 11.0225, 11.3942, 11.8147, 12.2475, 12.675, 13.0948, 13.5291, 13.956, 14.3628, 14.754, 15.1313, 15.5063, 15.966, 16.4098, 16.8706, 17.3355, 17.8032, 18.2672, 18.6854]
growth_rate:-12.39
