ticker:COVAU
price:[10.399999618530273, 10.819999694824219, 10.850000381469727, 10.329999923706055, 10.109999656677246, 10.15999984741211, 9.979999542236328, 9.970000267028809, 9.979999542236328, 10.024999618530273, 10.119999885559082, 10.010000228881836, 10.0, 9.989999771118164, 10.0, 9.989999771118164, 10.010000228881836, 10.03499984741211, 10.100000381469727, 10.079999923706055, 10.109999656677246, 10.090999603271484, 10.140000343322754, 10.055000305175781, 10.069999694824219, 10.029999732971191, 10.0, 9.989999771118164, 9.90999984741211, 9.920000076293945, 9.890000343322754, 9.890000343322754]
assets:[0, 99.99951917953491, 200.27690204143525, 290.6779338531494, 384.48733094329833, 486.3886566951752, 577.7711154987335, 677.1923281373978, 777.8711043205261, 881.3789189619064, 989.7309288077354, 1078.9729196710587, 1177.895, 1276.7169757490158, 1377.995, 1476.6168711690905, 1579.5730311174393, 1683.5177354011537, 1794.422627774048, 1890.8688816883086, 1996.496446201515, 2092.744152923584, 2202.905948586559, 2284.4397613342285, 2387.8476706352235, 2478.3627840185163, 2570.9500000000003, 2668.378888864517, 2747.0103357032776, 2849.7819099174503, 2941.16346609993, 3041.1632375713352]
shares:[0, 9.2421, 18.4587, 28.1392, 38.0304, 47.8729, 57.8929, 67.923, 77.943, 87.9181, 97.7995, 107.7895, 117.7895, 127.7995, 137.7995, 147.8095, 157.7995, 167.7646, 177.6656, 187.5862, 197.4774, 207.3872, 217.2491, 227.1944, 237.1249, 247.095, 257.095, 267.105, 277.1958, 287.2764, 297.3876, 307.4988]
growth_rate:-1.9
