ticker:COVA
price:[9.699999809265137, 9.720000267028809, 9.850000381469727, 9.699999809265137, 9.720000267028809, 9.699999809265137, 9.699999809265137, 9.680000305175781, 9.6899995803833, 9.670000076293945, 9.708999633789062, 9.729999542236328, 9.729999542236328, 9.6899995803833, 9.670000076293945, 9.65999984741211, 9.680000305175781, 9.720000267028809, 9.65999984741211, 9.649999618530273, 9.649999618530273, 9.649999618530273, 9.649999618530273]
assets:[0, 100.00033474721909, 201.3379477973938, 298.2720841349602, 398.88742695827483, 498.06686020631787, 598.0670682399749, 696.8341819686889, 797.5538264626502, 895.9081010684968, 999.5211233993531, 1101.683090169525, 1201.683160464859, 1296.7428758457183, 1394.0668579988478, 1492.6255024227141, 1595.7161063072203, 1702.310302766037, 1791.8024596969603, 1889.9476002893448, 1989.9476513362883, 2089.9477023832324, 2189.947753430176]
shares:[0, 10.2881, 20.4404, 30.7497, 41.0378, 51.3471, 61.6564, 71.987, 82.3069, 92.6482, 102.9479, 113.2254, 123.5029, 133.8228, 144.1641, 154.5161, 164.8467, 175.1348, 185.4868, 195.8495, 206.2122, 216.5749, 226.9376]
growth_rate:-0.46
