ticker:COWN
price:[17.209999084472656, 16.3700008392334, 16.860000610351562, 15.119999885559082, 16.6200008392334, 18.40999984741211, 19.719999313354492, 19.209999084472656, 21.459999084472656, 21.100000381469727, 22.479999542236328, 23.649999618530273, 24.700000762939453, 24.799999237060547, 26.030000686645508, 26.8799991607666, 26.31999969482422, 25.989999771118164, 27.549999237060547, 29.979999542236328, 27.18000030517578, 25.149999618530273, 28.219999313354492, 33.7599983215332, 36.25, 33.849998474121094, 34.02000045776367, 39.5, 39.86000061035156, 34.34000015258789, 36.11000061035156, 37.36000061035156, 38.68000030517578, 39.75, 39.4900016784668, 40.31999969482422, 41.27000045776367, 38.90999984741211, 39.33000183105469, 38.61000061035156, 38.54999923706055, 38.5099983215332, 42.4900016784668, 41.970001220703125, 40.34000015258789, 38.33000183105469, 38.66999816894531, 39.97999954223633, 40.220001220703125, 38.869998931884766, 35.7400016784668, 37.029998779296875]
assets:[0, 99.99942412662506, 202.99272134857176, 282.04394186525343, 410.0237307043076, 554.1833384067535, 693.6174518484115, 775.678632032013, 966.5304607658386, 1050.3158189888, 1219.009447177124, 1382.4536327013016, 1543.8315576862335, 1650.0828292373658, 1831.921167324257, 1991.7407378149032, 2050.246384227753, 2124.5395362901686, 2352.061899864578, 2659.5227613918305, 2511.135766194916, 2423.5847432395935, 2819.426267398071, 3472.92141133461, 3829.0693749999996, 3675.5580793144222, 3794.015913051224, 4505.16065, 4646.221181144714, 4102.7921222305295, 4414.263413612366, 4667.071052246094, 4931.966930912018, 5168.39835, 5234.593223488999, 5444.615190790558, 5672.899976923371, 5448.497240633392, 5607.309825054931, 5604.658576599121, 5695.947427272034, 5790.036012639999, 6488.4357063102725, 6509.030958316041, 6356.236668042755, 6139.5272082901, 6293.986906974793, 6607.206668348694, 6746.869006771851, 6620.40818407669, 6187.301942575836, 6510.62549437561]
shares:[0, 6.1087, 12.0399, 18.6537, 24.6705, 30.1023, 35.1733, 40.3789, 45.0387, 49.778, 54.2264, 58.4547, 62.5033, 66.5356, 70.3773, 74.0975, 77.8969, 81.7445, 85.3743, 88.7099, 92.3891, 96.3652, 99.9088, 102.8709, 105.6295, 108.5837, 111.5231, 114.0547, 116.5635, 119.4756, 122.2449, 124.9216, 127.5069, 130.0226, 132.5549, 135.0351, 137.4582, 140.0282, 142.5708, 145.1608, 147.7548, 150.3515, 152.705, 155.0877, 157.5666, 160.1755, 162.7615, 165.2628, 167.7491, 170.3218, 173.1198, 175.8203]
growth_rate:27.66
