ticker:COWNL
price:[26.731000900268555, 26.719999313354492, 26.8700008392334, 26.68000030517578, 27.0, 27.190000534057617, 26.889999389648438, 27.0, 26.850000381469727, 27.270000457763672, 27.649999618530273, 27.674999237060547, 27.572999954223633, 27.350000381469727, 27.1200008392334, 27.260000228881836, 27.149999618530273, 26.950000762939453, 27.139999389648438, 27.024999618530273, 27.219999313354492, 26.959999084472656, 27.3700008392334, 27.34000015258789, 27.25, 26.655000686645508, 26.829999923706055, 26.940000534057617, 27.030000686645508, 26.95199966430664, 27.780000686645508, 27.6200008392334, 27.899999618530273, 27.25, 28.190000534057617, 27.655000686645508, 27.75, 28.049999237060547, 27.489999771118164, 27.559999465942383, 27.559999465942383, 27.799999237060547, 27.350000381469727, 27.59000015258789, 27.5049991607666, 27.670000076293945, 28.197999954223633, 28.15999984741211, 28.290000915527344, 27.91699981689453, 27.790000915527344, 27.780000686645508]
assets:[0, 99.99959743022919, 200.560373264122, 299.1414994216919, 402.7293, 505.56271293010707, 599.9858003814697, 702.4401, 798.5378063451767, 911.0279942928314, 1023.7218808763503, 1124.6483164958954, 1220.5022991737367, 1310.6311632802963, 1399.609003311157, 1506.834676651764, 1600.7531175086976, 1688.961937813568, 1800.869231500244, 1893.2390507761002, 2006.900607374382, 2087.731105103302, 2219.479897054863, 2317.045874931717, 2409.41775, 2456.8074062885285, 2572.9379666835785, 2683.4880651973726, 2792.453152936935, 2884.3949184741973, 3073.007007956314, 3155.308895874023, 3287.2951350536346, 3310.708775, 3524.914313779259, 3558.017719841957, 3670.239975, 3809.919196372986, 3833.857081079292, 3943.6181995805737, 4043.616901642799, 4178.829165316773, 4211.186223736381, 4348.139880047607, 4434.743785186959, 4561.346939576912, 4748.3881032915115, 4841.988069763184, 4964.340676657104, 4998.884988012695, 5076.143799230957, 5174.316817894935]
shares:[0, 3.7425, 7.4641, 11.2122, 14.9159, 18.5937, 22.3126, 26.0163, 29.7407, 33.4077, 37.0243, 40.6377, 44.2644, 47.9207, 51.608, 55.2764, 58.9596, 62.6702, 66.3548, 70.0551, 73.7289, 77.4381, 81.0917, 84.7493, 88.419, 92.1706, 95.8978, 99.6098, 103.3094, 107.0197, 110.6194, 114.24, 117.8242, 121.4939, 125.0413, 128.6573, 132.2609, 135.826, 139.4637, 143.0921, 146.7205, 150.3176, 153.9739, 157.5984, 161.2341, 164.8481, 168.3945, 171.9456, 175.4804, 179.0624, 182.6608, 186.2605]
growth_rate:1.46
