ticker:CPHC
price:[12.199999809265137, 12.25, 13.0, 12.25, 12.069999694824219, 12.25, 12.149999618530273, 12.010000228881836, 12.170000076293945, 11.399999618530273, 12.039999961853027, 11.710000038146973, 12.180000305175781, 12.199999809265137, 12.520000457763672, 12.069999694824219, 12.359999656677246, 11.970000267028809, 13.229999542236328, 13.25, 13.289999961853027, 13.449999809265137, 13.050000190734863, 13.300000190734863, 13.25, 13.829999923706055, 13.699999809265137, 13.819999694824219, 14.100000381469727, 13.75, 13.720000267028809, 13.720000267028809, 13.84000015258789, 13.680000305175781, 13.520000457763672, 13.770000457763672, 13.710000038146973, 13.90999984741211, 14.0, 14.149999618530273, 13.949999809265137, 16.5, 17.0, 14.649999618530273, 14.489999771118164, 15.279999732971191, 15.079999923706055, 15.199999809265137, 15.5600004196167, 15.300000190734863, 15.5, 15.890000343322754]
assets:[0, 100.00042499999999, 206.1228, 294.231525, 389.90806314163206, 495.72319999999996, 591.6770364233016, 684.8594540517806, 793.9829749774933, 843.7470317663193, 991.1147368597984, 1063.9495254659653, 1206.6531422332764, 1308.6341995408059, 1442.9588487583162, 1491.095173299408, 1626.920798809147, 1675.5857743792535, 1951.9633934612273, 2054.914675, 2161.1187897968293, 2287.1361525660514, 2319.1168388955116, 2463.544405329609, 2554.2833250000003, 2766.094028740692, 2840.093530459499, 2964.9703745269776, 3125.042304546738, 3147.4698750000002, 3240.602323071003, 3340.6019170172694, 3469.8195182552336, 3529.705470741272, 3588.421737497711, 3754.7761848220825, 3838.4147596800804, 3994.409466182709, 4120.2546, 4264.3995350360865, 4304.12596615076, 5190.90165, 5448.2025, 4795.067935141754, 4842.69847650547, 5206.724085008812, 5238.573313496589, 5380.258812486649, 5607.685667226124, 5613.983169985771, 5787.3683, 6032.986621350002]
shares:[0, 8.1633, 15.8556, 24.0189, 32.3039, 40.4672, 48.6977, 57.0241, 65.241, 74.0129, 82.3185, 90.8582, 99.0684, 107.2651, 115.2523, 123.5373, 131.6279, 139.9821, 147.5407, 155.0879, 162.6124, 170.0473, 177.7101, 185.2289, 192.7761, 200.0068, 207.3061, 214.542, 221.6342, 228.9069, 236.1955, 243.4841, 250.7095, 258.0194, 265.4158, 272.678, 279.9719, 287.161, 294.3039, 301.371, 308.5395, 314.6001, 320.4825, 327.3084, 334.2097, 340.7542, 347.3855, 353.9644, 360.3911, 366.927, 373.3786, 379.6719]
growth_rate:18.29
