ticker:CPIX
price:[3.2100000381469727, 3.4000000953674316, 3.3299999237060547, 3.2300000190734863, 3.299999952316284, 3.200000047683716, 3.0399999618530273, 3.009999990463257, 2.950000047683716, 2.950000047683716, 3.0, 2.990000009536743, 2.990000009536743, 2.9800000190734863, 3.0299999713897705, 3.0799999237060547, 3.059999942779541, 2.950000047683716, 3.0899999141693115, 3.25, 3.299999952316284, 3.1700000762939453, 3.2899999618530273, 3.5799999237060547, 3.450000047683716, 3.4000000953674316, 3.119999885559082, 3.4200000762939453, 3.299999952316284, 3.200000047683716, 3.069999933242798, 3.1700000762939453, 2.990000009536743, 2.9600000381469727, 2.6700000762939453, 2.6600000858306885, 2.7699999809265137, 3.0199999809265137, 2.950000047683716, 2.940000057220459, 3.0899999141693115, 2.9800000190734863, 3.240000009536743, 2.9800000190734863, 3.0999999046325684, 3.1600000858306885, 3.259999990463257, 3.25, 2.890000104904175, 2.859999895095825, 2.9100000858306885, 2.809999942779541]
assets:[0, 100.00012280492783, 197.94118946495055, 291.9971697242737, 398.32517424435616, 486.25472724575997, 561.9418649485588, 656.3964169203043, 743.3121020148754, 843.3120886312722, 957.6053999999999, 1054.4133373631, 1154.4132896820545, 1250.552240004158, 1371.534638049531, 1494.167098988342, 1584.4646043713092, 1627.5067663069724, 1804.7444228697539, 1998.193925, 2128.9352392377136, 2145.068043626404, 2326.2691560273174, 2631.3203499235156, 2635.7696764299394, 2697.5702756648066, 2575.417321534252, 2923.053887207985, 2920.49038780005, 2931.9907636900666, 2912.8785646594047, 3107.7606117959976, 3031.294600668454, 3100.8803519625667, 2897.0779757825853, 2986.2275503571273, 3209.718087898731, 3599.403889267159, 3615.9740634485006, 3703.7165220844745, 3992.6815890955927, 3950.5472852854728, 4395.225900937081, 4142.522462514209, 4409.335394352579, 4594.6777287988425, 4840.078627840924, 4925.231675, 4479.667782607556, 4533.16561372447, 4712.417181993127, 4650.4782503015995]
shares:[0, 29.4118, 59.4418, 90.4016, 120.7046, 151.9546, 184.8493, 218.0719, 251.9702, 285.8685, 319.2018, 352.6466, 386.0914, 419.6484, 452.6517, 485.1192, 517.7989, 551.6972, 584.0597, 614.8289, 645.1319, 676.6776, 707.0727, 735.0057, 763.9912, 793.403, 825.4543, 854.6941, 884.9971, 916.2471, 948.8204, 980.3661, 1013.8109, 1047.5947, 1085.0479, 1122.6419, 1158.743, 1191.8556, 1225.7539, 1259.7675, 1292.13, 1325.687, 1356.5512, 1390.1082, 1422.3663, 1454.0119, 1484.6867, 1515.4559, 1550.058, 1585.023, 1619.3873, 1654.9745]
growth_rate:-8.81
