ticker:CPLP
price:[5.949999809265137, 6.590000152587891, 6.78000020980835, 6.510000228881836, 6.829999923706055, 7.300000190734863, 7.71999979019165, 7.489999771118164, 7.389999866485596, 7.25, 7.71999979019165, 7.519999980926514, 7.75, 8.0, 8.010000228881836, 8.010000228881836, 7.900000095367432, 8.119999885559082, 8.960000038146973, 9.609999656677246, 9.270000457763672, 9.390000343322754, 10.0, 10.279999732971191, 10.149999618530273, 9.59000015258789, 9.880000114440918, 10.170000076293945, 11.319999694824219, 11.640000343322754, 11.010000228881836, 10.739999771118164, 11.109999656677246, 12.3100004196167, 12.729999542236328, 13.279999732971191, 12.399999618530273, 12.619999885559082, 12.5, 12.40999984741211, 12.960000038146973, 12.5600004196167, 12.6899995803833, 12.25, 12.020000457763672, 11.069999694824219, 11.710000038146973, 11.970000267028809, 11.6899995803833, 11.510000228881836, 11.539999961853027, 12.430000305175781]
assets:[0, 99.99995731544495, 202.8833702782631, 294.8040583648681, 409.2952584280014, 537.4603240427971, 668.3829138351917, 748.4696851280212, 838.4767748513221, 922.592225, 1082.401870583296, 1154.3606050721169, 1289.6666500000001, 1431.2688, 1533.0579738063811, 1633.0580206638335, 1710.631260650444, 1858.269281810093, 2150.503945155716, 2406.5111280260085, 2421.3695425701144, 2552.7138483338354, 2818.5449999999996, 2997.4639101391795, 3059.55803001194, 2990.7547095863342, 3181.1950408480643, 3374.5697623155593, 3856.1578960418697, 4065.1665239024164, 3945.1451200138094, 3948.3976678550716, 4184.422497692394, 4736.385913451386, 4997.9849512752535, 5313.92283714981, 5061.79516428051, 5251.600936377335, 5301.665, 5363.492726052857, 5701.197328781128, 5625.234827933312, 5783.457156760025, 5682.928125, 5676.228856170655, 5327.607831129456, 5735.6177396845815, 5962.966954022884, 5923.4817713745115, 5932.273684966088, 6047.735468008423, 6614.156051387787]
shares:[0, 15.1745, 29.9238, 45.2848, 59.9261, 73.6247, 86.5781, 99.9292, 113.461, 127.2541, 140.2075, 153.5054, 166.4086, 178.9086, 191.393, 203.8774, 216.5356, 228.8509, 240.0116, 250.4174, 261.2049, 271.8545, 281.8545, 291.5821, 301.4343, 311.8618, 321.9833, 331.8161, 340.65, 349.2411, 358.3238, 367.6348, 376.6357, 384.7592, 392.6147, 400.1448, 408.2093, 416.1332, 424.1332, 432.1912, 439.9072, 447.869, 455.7492, 463.9125, 472.232, 481.2654, 489.8051, 498.1593, 506.7136, 515.4017, 524.0672, 532.1123]
growth_rate:29.69
