ticker:CPSI
price:[26.079999923706055, 27.709999084472656, 26.969999313354492, 26.489999771118164, 27.290000915527344, 28.239999771118164, 28.639999389648438, 29.09000015258789, 27.889999389648438, 27.700000762939453, 29.65999984741211, 28.850000381469727, 28.940000534057617, 28.059999465942383, 27.06999969482422, 27.31999969482422, 27.25, 26.84000015258789, 29.239999771118164, 29.040000915527344, 30.729999542236328, 30.780000686645508, 32.349998474121094, 30.270000457763672, 29.649999618530273, 31.450000762939453, 30.799999237060547, 33.41999816894531, 31.979999542236328, 30.979999542236328, 31.399999618530273, 29.950000762939453, 30.8700008392334, 30.260000228881836, 30.020000457763672, 31.209999084472656, 32.36000061035156, 32.83000183105469, 32.369998931884766, 33.13999938964844, 33.81999969482422, 33.439998626708984, 32.959999084472656, 32.810001373291016, 31.829999923706055, 31.34000015258789, 31.0, 31.56999969482422, 33.939998626708984, 35.099998474121094, 35.41999816894531, 36.11000061035156]
assets:[0, 99.99984469604492, 197.32869697608947, 293.8164814613342, 402.68852450942995, 516.7072758121491, 624.025490701294, 733.8301618492126, 803.5582954147338, 898.0838847358702, 1061.629272538376, 1132.636589976311, 1236.1692288122176, 1298.5802972845079, 1352.7636807495116, 1465.2562756324767, 1561.5013, 1638.0076333122254, 1884.477049248886, 1971.586646157074, 2186.322693431854, 2289.881229083061, 2506.681686765289, 2445.5103099826815, 2495.421057894516, 2746.9154016368866, 2790.1442108860015, 3127.4868746475217, 3092.7313897304534, 3096.023430252838, 3237.9962206624987, 3188.471091222382, 3386.4143960632327, 3419.4980398645403, 3492.3767532539364, 3730.8152015586857, 3968.284222846985, 4125.920329118347, 4168.109964464569, 4367.25871356659, 4556.869556880951, 4605.667602857589, 4639.558239127349, 4718.445669494629, 4677.510795788384, 4705.50358091011, 4754.4545, 4941.876199228668, 5412.869770982742, 5697.870502300263, 5849.818133590698, 6063.775463493346]
shares:[0, 3.6088, 7.3166, 11.0916, 14.7559, 18.297, 21.7886, 25.2262, 28.8117, 32.4218, 35.7933, 39.2595, 42.7149, 46.2787, 49.9728, 53.6331, 57.3028, 61.0286, 64.4486, 67.8921, 71.1462, 74.3951, 77.4863, 80.7899, 84.1626, 87.3423, 90.5891, 93.5813, 96.7083, 99.9362, 103.1209, 106.4598, 109.6992, 113.0039, 116.335, 119.5391, 122.6293, 125.6753, 128.7646, 131.7821, 134.7389, 137.7293, 140.7633, 143.8112, 146.9529, 150.1437, 153.3695, 156.5371, 159.4835, 162.3325, 165.1558, 167.9251]
growth_rate:18.9
