ticker:CPSS
price:[3.319999933242798, 3.2799999713897705, 3.7200000286102295, 3.180000066757202, 3.240000009536743, 4.639999866485596, 4.559999942779541, 3.9100000858306885, 3.75, 4.010000228881836, 3.490000009536743, 4.0, 4.03000020980835, 4.059999942779541, 4.019999980926514, 4.25, 4.239999771118164, 4.239999771118164, 4.53000020980835, 4.519999980926514, 4.480000019073486, 4.230000019073486, 4.300000190734863, 4.46999979019165, 4.349999904632568, 4.159999847412109, 4.150000095367432, 4.210000038146973, 4.300000190734863, 4.139999866485596, 4.099999904632568, 3.950000047683716, 4.070000171661377, 4.360000133514404, 4.349999904632568, 4.300000190734863, 4.210000038146973, 4.400000095367432, 4.659999847412109, 4.940000057220459, 4.679999828338623, 4.639999866485596, 4.630000114440918, 4.440000057220459, 4.550000190734863, 4.590000152587891, 4.809999942779541, 4.96999979019165, 5.0, 5.659999847412109, 5.5, 5.659999847412109]
assets:[0, 99.99998312773704, 213.41454164135456, 282.4348859291077, 387.76384914135934, 655.3159971435069, 744.0173426638127, 737.9620771994353, 807.76425, 963.7694700098037, 938.7918545653343, 1175.9792, 1284.799127888727, 1394.3631323482514, 1480.6254889749528, 1665.33785, 1761.4192889158248, 1861.4192595176696, 2088.733719740343, 2184.1227507834437, 2264.7941216423037, 2238.410683093214, 2375.452975367832, 2569.366160401678, 2600.3899229902268, 2586.809793116379, 2680.591716600275, 2819.3473525462155, 2979.618482166767, 2968.748778258276, 3040.0650592870234, 3028.843446563673, 3220.8589418469433, 3550.355084720993, 3642.211855149794, 3700.3475341361045, 3722.898402733326, 3990.9153665007593, 4326.741822324371, 4686.717856286668, 4540.048177472019, 4601.244267600775, 4691.32816995678, 4598.811311267137, 4812.745866749096, 4955.055716723633, 5292.552605039024, 5568.603959921599, 5702.217500000001, 6554.90978128624, 6469.612050000001, 6757.818511816025]
shares:[0, 30.4878, 57.3695, 88.816, 119.6802, 141.2319, 163.1617, 188.7371, 215.4038, 240.3415, 268.9948, 293.9948, 318.8087, 343.4392, 368.3148, 391.8442, 415.4291, 439.014, 461.0891, 483.213, 505.5344, 529.1751, 552.4309, 574.8023, 597.7908, 621.8293, 645.9257, 669.6787, 692.9345, 717.0891, 741.4793, 766.7958, 791.3658, 814.3016, 837.2901, 860.5459, 884.2989, 907.0262, 928.4854, 948.7283, 970.0958, 991.6475, 1013.2458, 1035.7683, 1057.7463, 1079.5328, 1100.3228, 1120.4435, 1140.4435, 1158.1113, 1176.2931, 1193.9609]
growth_rate:32.51
