ticker:CPTAG
price:[22.3799991607666, 23.0, 22.770000457763672, 22.899999618530273, 22.700000762939453, 23.34000015258789, 23.200000762939453, 22.86199951171875, 23.0, 22.579999923706055, 22.780000686645508, 23.600000381469727, 23.829999923706055, 24.100000381469727, 23.559999465942383, 23.719999313354492, 23.700000762939453, 24.59000015258789, 24.209999084472656, 24.049999237060547, 24.649999618530273, 24.5, 24.440000534057617, 24.459999084472656, 24.43000030517578, 24.299999237060547, 24.600000381469727, 24.540000915527344, 24.59000015258789, 24.729999542236328, 24.59000015258789, 24.75, 24.700000762939453, 25.200000762939453, 25.299999237060547, 25.34600067138672, 25.170000076293945, 25.079999923706055, 25.049999237060547, 25.10099983215332, 25.200000762939453, 25.229999542236328, 25.25, 25.309999465942383, 25.700000762939453, 25.479999542236328, 25.489999771118164, 25.389999389648438, 25.510000228881836, 25.360000610351562, 25.299999237060547, 25.309999465942383]
assets:[0, 99.99940000000001, 198.9984190006256, 300.1342650003433, 397.5133333602906, 508.7209773258209, 605.6684999176025, 696.8451761169433, 801.0509, 886.4230570049285, 994.2741339698791, 1130.0647782663345, 1241.0783110265731, 1355.1406114500046, 1424.7768317031862, 1534.453871580696, 1633.159942573929, 1794.4896871353149, 1866.7579784065247, 1954.4207829998015, 2103.1798724523546, 2190.38085, 2285.017849931717, 2386.88742865982, 2483.959369029236, 2570.7406592872617, 2702.4773219070435, 2795.886476307678, 2901.5831330051424, 3018.103550133514, 3101.017870242691, 3221.1951750000003, 3314.6882323848727, 3481.7883454124453, 3595.6055315719605, 3702.143311265564, 3776.43633544693, 3862.9319402488713, 3958.310699443054, 4066.3695031087877, 4182.408846623993, 4287.3868052112575, 4390.785625, 4501.218890021324, 4670.579358652496, 4730.596331011963, 4832.452783608055, 4913.495532884217, 5036.7174041906355, 5107.1008989151, 5195.018353340531, 5297.0715752283095]
shares:[0, 4.3478, 8.7395, 13.1063, 17.5116, 21.7961, 26.1064, 30.4805, 34.8283, 39.257, 43.6468, 47.8841, 52.0805, 56.2299, 60.4744, 64.6903, 68.9097, 72.9764, 77.1069, 81.2649, 85.3217, 89.4033, 93.495, 97.5833, 101.6766, 105.7918, 109.8568, 113.9318, 117.9985, 122.0422, 126.1089, 130.1493, 134.1979, 138.1662, 142.1188, 146.0642, 150.0372, 154.0244, 158.0164, 162.0003, 165.9686, 169.9321, 173.8925, 177.8435, 181.7346, 185.6592, 189.5823, 193.5209, 197.4409, 201.3841, 205.3367, 209.2877]
growth_rate:3.86
