ticker:CRBP
price:[9.25, 1.8799999952316284, 1.899999976158142, 1.565000057220459, 1.7999999523162842, 1.2000000476837158, 1.1100000143051147, 1.0099999904632568, 0.9399999976158142, 1.1299999952316284, 1.2799999713897705, 1.2100000381469727, 1.2200000286102295, 1.4199999570846558, 1.340000033378601, 1.5, 1.3899999856948853, 1.25, 1.409999966621399, 1.7400000095367432, 2.109999895095825, 1.8300000429153442, 2.690000057220459, 2.990000009536743, 2.9200000762939453, 2.180000066757202, 1.8700000047683716, 2.3299999237060547, 2.3499999046325684, 1.9500000476837158, 2.049999952316284, 1.840000033378601, 1.7200000286102295, 1.7300000190734863, 1.7999999523162842, 1.649999976158142, 1.6699999570846558, 1.7699999809265137, 2.1700000762939453, 1.9800000190734863, 2.180000066757202, 1.9900000095367432, 1.8899999856948853, 1.7899999618530273, 1.7200000286102295, 1.4800000190734863, 1.409999966621399, 1.3700000047683716, 1.3600000143051147, 1.2400000095367432, 1.1399999856948853, 1.2400000095367432]
assets:[0, 100.00001974636317, 201.06388747698068, 265.6132182115078, 405.4976892579794, 370.331774715662, 442.5568947034478, 502.68689325346946, 567.8472305597305, 782.6248886974811, 986.5131299497127, 1032.5632125530242, 1141.0967707598686, 1428.1616908379913, 1447.702000061393, 1720.5619500000003, 1694.3873255622982, 1623.729625, 1931.5669912744643, 2483.6359936125277, 3111.765389290428, 2798.8298816353795, 4214.126920640993, 4784.1037682591195, 4772.101520685768, 3662.733434162307, 3241.8858642665864, 4139.355073460198, 4274.886001517058, 3647.2461591867923, 3934.284263487172, 3631.260121873033, 3494.4387461259844, 3614.75528685317, 3861.0169977179767, 3639.2656874140266, 3783.377888775468, 4109.927565711499, 5138.724883669853, 4788.790426130772, 5372.506832519961, 5004.260784982085, 4852.7904232699875, 4696.028920922184, 4612.385444721746, 4068.7968124365807, 3976.3535958687066, 3963.5493427953843, 4034.6183384379983, 3778.6226410610916, 3573.8949391535284, 3987.3946226667404]
shares:[0, 53.1915, 105.8231, 169.7209, 225.2765, 308.6098, 398.6999, 497.7098, 604.0928, 692.5884, 770.7134, 853.358, 935.3252, 1005.7477, 1080.3746, 1147.0413, 1218.9837, 1298.9837, 1369.9057, 1427.377, 1474.7704, 1529.4152, 1566.5899, 1600.0347, 1634.2813, 1680.1529, 1733.6288, 1776.5473, 1819.1005, 1870.3826, 1919.1631, 1973.5109, 2031.6504, 2089.4539, 2145.0095, 2205.6156, 2265.4958, 2321.993, 2368.0759, 2418.581, 2464.4526, 2514.7039, 2567.614, 2623.4799, 2681.6194, 2749.187, 2820.109, 2893.1017, 2966.6311, 3047.2763, 3134.9956, 3215.6408]
growth_rate:-21.82
