ticker:CRCT
price:[18.0, 20.0, 20.0, 20.0, 22.959999084472656, 26.5, 22.90999984741211, 24.540000915527344, 29.56999969482422, 33.77000045776367, 37.15999984741211, 31.979999542236328, 35.56999969482422, 41.9900016784668, 35.08000183105469, 33.5, 33.290000915527344, 37.79999923706055, 34.130001068115234, 35.95000076293945, 28.229999542236328, 26.68000030517578, 29.93000030517578, 28.25]
assets:[0, 100.0, 200.0, 300.0, 444.39996627960204, 612.9185, 629.8852448047638, 774.7008349021911, 1033.4921883338927, 1280.2848803546906, 1508.8074738044738, 1398.4853799819946, 1655.477583796692, 2054.272653115463, 1816.2144748001099, 1834.4131, 1922.9136778831482, 2283.4223539123536, 2161.7260076522825, 2376.9996704452515, 1966.555405111313, 1958.578822402954, 2297.1604464225766, 2268.217925]
shares:[0, 5.0, 10.0, 15.0, 19.3554, 23.129, 27.4939, 31.5689, 34.9507, 37.9119, 40.603, 43.73, 46.5414, 48.9229, 51.7735, 54.7586, 57.7625, 60.408, 63.338, 66.1196, 69.6619, 73.41, 76.7511, 80.2909]
growth_rate:-1.38
