ticker:CRDF
price:[6.090000152587891, 5.949999809265137, 8.710000038146973, 11.380000114440918, 13.199999809265137, 17.25, 14.90999984741211, 14.229999542236328, 15.819999694824219, 18.1299991607666, 16.799999237060547, 18.219999313354492, 21.920000076293945, 20.75, 18.969999313354492, 21.540000915527344, 18.90999984741211, 17.989999771118164, 18.31999969482422, 13.460000038146973, 10.899999618530273, 11.800000190734863, 13.020000457763672, 13.029999732971191, 11.670000076293945, 10.34000015258789, 9.720000267028809, 10.850000381469727, 11.489999771118164, 9.960000038146973, 9.640000343322754, 9.270000457763672, 8.279999732971191, 8.6899995803833, 9.930000305175781, 9.489999771118164, 8.550000190734863, 7.869999885559082, 8.399999618530273, 7.579999923706055, 7.880000114440918, 8.0, 7.659999847412109, 6.510000228881836, 6.550000190734863, 5.820000171661377, 5.309999942779541, 5.320000171661377, 5.760000228881836, 5.739999771118164, 5.489999771118164, 7.090000152587891]
assets:[0, 99.99986179437637, 246.38673907909393, 421.9146422429085, 589.3918714835166, 870.228, 852.1795502788543, 913.3140996196746, 1115.3637664840699, 1378.2262192022322, 1377.1211374607087, 1593.5211399459838, 2017.1222470207215, 2009.456975, 1937.0797458847044, 2299.5092597373964, 2118.7425679035186, 2115.6617520830155, 2254.4701544448853, 1756.3954049777985, 1522.3408167222976, 1748.039048255253, 2028.7686593284607, 2130.326776342392, 2007.9752231273649, 1879.131655730438, 1866.456807275486, 2183.442141766548, 2412.234680948067, 2191.023716391659, 2220.6290270863533, 2235.3975743865967, 2096.6656723828314, 2300.4862089157104, 2728.749188861847, 2707.837625691795, 2539.6219466543193, 2437.6403855532644, 2701.8019173028947, 2538.0545804540634, 2738.505707771206, 2880.2088, 2857.799637072372, 2528.756857907295, 2644.2946820014, 2449.586856250763, 2334.9322908388135, 2439.3296707102777, 2741.0787009206774, 2831.560829091835, 2808.2348009227753, 3726.664314203644]
shares:[0, 16.8067, 28.2878, 37.0751, 44.6509, 50.448, 57.1549, 64.1823, 70.5034, 76.0191, 81.9715, 87.46, 92.022, 96.8413, 102.1128, 106.7553, 112.0435, 117.6021, 123.0606, 130.49, 139.6643, 148.1389, 155.8194, 163.494, 172.063, 181.7342, 192.0223, 201.2389, 209.9421, 219.9823, 230.3557, 241.1432, 253.2205, 264.728, 274.7985, 285.3359, 297.0318, 309.7383, 321.6431, 334.8357, 347.5261, 360.0261, 373.0809, 388.4419, 403.7091, 420.8912, 439.7236, 458.5206, 475.8817, 493.3033, 511.5182, 525.6226]
growth_rate:-26.93
