ticker:CREE
price:[60.77000045776367, 59.86000061035156, 62.369998931884766, 60.02000045776367, 64.06999969482422, 69.54000091552734, 71.29000091552734, 72.52999877929688, 63.599998474121094, 70.91000366210938, 69.91000366210938, 82.0999984741211, 92.18000030517578, 93.5, 92.80000305175781, 97.72000122070312, 103.0999984741211, 105.9000015258789, 113.79000091552734, 117.16000366210938, 114.37000274658203, 101.08000183105469, 117.7300033569336, 123.08000183105469, 125.86000061035156, 113.45999908447266, 106.48999786376953, 110.0999984741211, 106.7699966430664, 107.5, 115.2300033569336, 111.0199966430664, 112.08000183105469, 114.7699966430664, 99.41999816894531, 95.68000030517578, 91.81999969482422, 96.29000091552734, 100.01000213623047, 98.69000244140625, 96.81999969482422, 91.04000091552734, 98.58999633789062, 95.94000244140625, 94.87999725341797, 86.08999633789062, 92.41000366210938, 92.76000213623047, 95.7699966430664, 90.81999969482422, 82.76000213623047, 86.94999694824219]
assets:[0, 100.00211701965333, 204.1931395030975, 296.4988022613526, 416.5062540161133, 552.0641592681884, 665.9555435523987, 777.5360929138184, 781.8029812431336, 971.6585071807862, 1057.9550764190674, 1342.4252850502014, 1607.2412673210144, 1730.2549000000001, 1817.302459762573, 2013.6476611541748, 2224.5061870773316, 2384.920984363556, 2662.606368422699, 2841.4581368164063, 2873.797933013916, 2639.8558678207396, 3174.695497522736, 3418.96552286377, 3596.185211439514, 3341.884851033783, 3236.5931010726927, 3446.3171222373962, 3442.083182778168, 3565.61375, 3922.0029632575984, 3878.705622718811, 4015.7368016052246, 4212.116261798858, 3748.7602769577024, 3707.743531826019, 3658.163879841614, 3936.248576425934, 4188.318879463196, 4233.041191717529, 4252.828168595123, 4098.939481220245, 4538.866533404541, 4516.86490894165, 4566.963275795745, 4243.866632473754, 4655.412682489014, 4773.049393921661, 5027.9344007606505, 4868.060967642212, 4536.034337085724, 4865.687049224854]
shares:[0, 1.6706, 3.2739, 4.94, 6.5008, 7.9388, 9.3415, 10.7202, 12.2925, 13.7027, 15.1331, 16.3511, 17.4359, 18.5054, 19.583, 20.6063, 21.5762, 22.5205, 23.3993, 24.2528, 25.1272, 26.1165, 26.9659, 27.7784, 28.5729, 29.4543, 30.3934, 31.3017, 32.2383, 33.1685, 34.0363, 34.937, 35.8292, 36.7005, 37.7063, 38.7515, 39.8406, 40.8791, 41.879, 42.8923, 43.9251, 45.0235, 46.0378, 47.0801, 48.1341, 49.2957, 50.3778, 51.4559, 52.5001, 53.6012, 54.8095, 55.9596]
growth_rate:-4.59
