ticker:CREG
price:[2.2699999809265137, 2.299999952316284, 2.450000047683716, 3.0799999237060547, 3.0899999141693115, 3.7799999713897705, 4.400000095367432, 3.75, 2.9700000286102295, 3.2100000381469727, 4.0, 4.53000020980835, 5.150000095367432, 4.360000133514404, 3.9100000858306885, 4.260000228881836, 4.440000057220459, 5.090000152587891, 6.010000228881836, 6.139999866485596, 6.170000076293945, 7.340000152587891, 8.680000305175781, 11.84000015258789, 11.479999542236328, 8.380000114440918, 6.670000076293945, 9.539999961853027, 8.59000015258789, 7.5, 8.0, 7.869999885559082, 7.460000038146973, 9.1899995803833, 9.300000190734863, 9.09000015258789, 8.300000190734863, 8.5, 9.40999984741211, 9.890000343322754, 9.199999809265137, 8.579999923706055, 9.34000015258789, 9.0, 8.479999542236328, 8.029999732971191, 7.639999866485596, 7.349999904632568, 6.949999809265137, 7.190000057220459, 5.900000095367432, 7.050000190734863]
assets:[0, 100.00008792679309, 206.52177401947975, 359.62725909175873, 460.79500120053285, 663.6908829766273, 872.5503789120198, 843.6510000000001, 768.1714993998527, 930.2458130548478, 1259.1848, 1526.0270596784117, 1834.8873539783476, 1653.4193066319467, 1582.7680347442626, 1824.4481900241851, 2001.5373737947941, 2394.55545078392, 2927.3629314842224, 3090.6831367930413, 3205.7845766405107, 3913.688815359879, 4728.176710235596, 6549.49381240654, 6450.3534427928935, 4808.533731667423, 3927.317388922119, 5717.182693139076, 5247.861305220032, 4681.95075, 5094.0808, 5111.302067674446, 4945.020669286537, 6191.787949282074, 6365.901280559063, 6322.155100125886, 5872.704974955368, 6114.215749999999, 6868.796453619004, 7319.170907078647, 6908.531016771984, 6542.956075819588, 7222.518443994522, 7059.599999999999, 6751.712035531998, 6493.425558068276, 6278.053762286568, 6139.75039033575, 5905.6143029271125, 6209.5493604177, 5195.4580739792345, 6308.1321956639285]
shares:[0, 43.4783, 84.2946, 116.7621, 149.1246, 175.5796, 198.3069, 224.9736, 258.6436, 289.7962, 314.7962, 336.8713, 356.2888, 379.2246, 404.8, 428.2742, 450.7967, 470.4431, 487.082, 503.3686, 519.5761, 533.2001, 544.7208, 553.1667, 561.8775, 573.8107, 588.8032, 599.2854, 610.9268, 624.2601, 636.7601, 649.4666, 662.8714, 673.7528, 684.5055, 695.5066, 707.5548, 719.3195, 729.9465, 740.0577, 750.9273, 762.5823, 773.2889, 784.4, 796.1925, 808.6458, 821.7348, 835.3402, 849.7287, 863.6369, 880.5861, 894.7705]
growth_rate:23.69
