ticker:CRESY
price:[3.380000114440918, 3.0399999618530273, 2.9800000190734863, 3.0399999618530273, 2.869999885559082, 3.109999895095825, 2.950000047683716, 3.200000047683716, 3.1500000953674316, 3.559999942779541, 3.7200000286102295, 3.8399999141693115, 3.990000009536743, 4.210000038146973, 4.130000114440918, 3.9000000953674316, 3.9800000190734863, 4.789999961853027, 4.690000057220459, 5.840000152587891, 5.309999942779541, 4.820000171661377, 5.099999904632568, 5.510000228881836, 5.21999979019165, 5.070000171661377, 4.460000038146973, 4.900000095367432, 4.75, 4.829999923706055, 5.460000038146973, 5.869999885559082, 5.690000057220459, 5.5, 5.630000114440918, 6.349999904632568, 6.699999809265137, 6.599999904632568, 6.289999961853027, 6.789999961853027, 7.059999942779541, 6.260000228881836, 6.079999923706055, 6.53000020980835, 6.789999961853027, 6.309999942779541, 6.349999904632568, 6.289999961853027, 6.139999866485596, 5.889999866485596, 5.320000171661377, 5.670000076293945]
assets:[0, 99.99988674516678, 198.0260672674656, 302.0130522102356, 385.124136643219, 517.3295115498304, 590.7144995482921, 740.7750510384083, 829.200355104351, 1037.1280193300724, 1183.7404651040554, 1321.9257304526568, 1473.5636615220549, 1654.8129269943238, 1723.3676867539407, 1727.3931122402666, 1862.8266709272862, 2341.944504349041, 2393.052362196493, 3079.8350404701237, 2900.329402746105, 2732.690903323126, 2991.4360540616512, 3331.9241374059675, 3256.5595091085434, 3262.980623478842, 2970.393029406166, 3363.436505461693, 3360.47395, 3517.0711874448775, 4075.8195944762233, 4481.879335621738, 4444.445388694763, 4396.0367, 4599.943175502967, 5288.212610579014, 5679.688998311233, 5694.917497710658, 5527.429300477791, 6066.8113249159815, 6408.054132063484, 5781.929019402313, 5715.675384277725, 6238.71061344924, 6587.112046992874, 6221.454868582487, 6360.893329468966, 6400.790763181114, 6348.148317959404, 6189.67304669261, 5690.672779621936, 6165.059122955322]
shares:[0, 32.8947, 66.4517, 99.3464, 134.1896, 166.3439, 200.2422, 231.4922, 263.2382, 291.3281, 318.2098, 344.2515, 369.3142, 393.0672, 417.2803, 442.9213, 468.0469, 488.9237, 510.2457, 527.369, 546.2014, 566.9483, 586.5561, 604.7049, 623.862, 643.5859, 666.0074, 686.4156, 707.4682, 728.1721, 746.4871, 763.5229, 781.0976, 799.2794, 817.0414, 832.7894, 847.7148, 862.8663, 878.7646, 893.4921, 907.6564, 923.6308, 940.0782, 955.3921, 970.1196, 985.9675, 1001.7155, 1017.6138, 1033.9004, 1050.8783, 1069.6753, 1087.312]
growth_rate:20.88
