ticker:CREX
price:[1.059999942779541, 1.0800000429153442, 1.1100000143051147, 1.0499999523162842, 1.0800000429153442, 1.059999942779541, 1.090000033378601, 1.1799999475479126, 0.9700000286102295, 1.0199999809265137, 0.9399999976158142, 0.9100000262260437, 1.0299999713897705, 1.059999942779541, 1.149999976158142, 1.1100000143051147, 1.2999999523162842, 1.2899999618530273, 1.4700000286102295, 1.5800000429153442, 1.850000023841858, 1.5700000524520874, 1.909999966621399, 2.25, 2.7200000286102295, 2.740000009536743, 2.5, 2.0399999618530273, 2.0899999141693115, 2.0, 1.7699999809265137, 1.8300000429153442, 1.2100000381469727, 1.4600000381469727, 1.399999976158142, 1.2300000190734863, 1.2400000095367432, 1.309999942779541, 2.130000114440918, 1.9600000381469727, 2.1500000953674316, 2.049999952316284, 2.180000066757202, 2.2799999713897705, 2.2100000381469727, 1.7100000381469727, 1.6699999570846558, 1.6699999570846558, 1.75, 1.5399999618530273, 1.340000033378601, 1.3600000143051147]
assets:[0, 100.00001197364331, 202.777799613297, 291.81682674770354, 400.1544879007101, 492.74415340089797, 606.6897675783991, 756.7834083602786, 722.1016802984476, 859.3233619310855, 891.9254837377489, 963.4597977667452, 1190.5093989313125, 1325.1843684644698, 1537.7000431203246, 1584.2148864165545, 1955.3867382768394, 2040.345338664341, 2425.044788198018, 2706.510685513186, 3269.015717129409, 2874.2458820255997, 3596.6938151452305, 4336.94295, 5342.882184198928, 5482.168181081033, 5101.97825, 4263.214156280041, 4467.704618523359, 4375.3156, 3972.1543071961405, 4206.803732653784, 2881.547814844894, 3576.908843457699, 3529.912479885948, 3201.2803366419316, 3327.3070295900584, 3615.138722091675, 5978.050653189468, 5600.9290370094295, 6243.876336959267, 6053.463104194331, 6537.341690190196, 6937.219340949368, 6824.234807793618, 5380.2902550244335, 5354.435191402734, 5454.435122832954, 5815.72565, 5217.838496750164, 4640.197407584548, 4809.4540025880815]
shares:[0, 92.5926, 182.6827, 277.9208, 370.5134, 464.853, 556.5961, 641.3419, 744.4347, 842.4739, 948.8569, 1058.747, 1155.8344, 1250.174, 1337.1305, 1427.2206, 1504.1437, 1581.6631, 1649.6903, 1712.9814, 1767.0355, 1830.7298, 1883.0858, 1927.5302, 1964.2949, 2000.7913, 2040.7913, 2089.8109, 2137.6578, 2187.6578, 2244.155, 2298.7998, 2381.4444, 2449.9375, 2521.3661, 2602.6669, 2683.3121, 2759.648, 2806.5964, 2857.6168, 2904.1284, 2952.9089, 2998.7805, 3042.6401, 3087.889, 3146.3685, 3206.2487, 3266.1289, 3323.2718, 3388.2069, 3462.8338, 3536.3632]
growth_rate:-5.7
