ticker:CRIS
price:[0.949999988079071, 1.0, 1.1200000047683716, 1.059999942779541, 1.25, 1.2000000476837158, 1.2699999809265137, 1.149999976158142, 1.149999976158142, 1.1200000047683716, 1.2300000190734863, 1.2999999523162842, 1.440000057220459, 1.8799999952316284, 7.889999866485596, 7.730000019073486, 7.949999809265137, 8.1899995803833, 10.09000015258789, 12.800000190734863, 10.960000038146973, 10.449999809265137, 10.25, 10.800000190734863, 10.270000457763672, 9.84000015258789, 9.470000267028809, 10.920000076293945, 12.140000343322754, 11.40999984741211, 11.850000381469727, 11.5, 11.489999771118164, 10.600000381469727, 10.819999694824219, 10.25, 13.569999694824219, 14.359999656677246, 14.399999618530273, 14.369999885559082, 8.010000228881836, 7.539999961853027, 7.699999809265137, 7.670000076293945, 7.809999942779541, 7.179999828338623, 7.46999979019165, 7.590000152587891, 6.940000057220459, 7.550000190734863, 7.21999979019165, 8.359999656677246]
assets:[0, 100.0, 211.99998490258454, 300.64280177083015, 454.53162499999996, 536.3503413126468, 667.6374659730911, 704.5535803931595, 804.5535533199549, 883.5652037617565, 1070.3439255977155, 1231.2577748377323, 1463.8548101683616, 2011.1437188989996, 8540.385179479788, 8467.19620689249, 8808.176848675917, 9174.083721963501, 11402.382256434632, 14564.865497033406, 12571.166075754738, 12086.193899401092, 11954.879425, 12696.361424225806, 12173.299589599228, 11763.6089904171, 11421.278670049667, 13270.048520712851, 14852.599654035854, 14059.485104980087, 14701.656758268928, 14367.430699999999, 14454.936762056352, 13435.277883504868, 13814.12191237564, 13186.391300000001, 17557.495253149413, 18679.634025402258, 18831.66574113121, 18892.432844542982, 10630.85548277149, 10107.07211886549, 10421.545491850376, 10480.942355254556, 10772.250135076427, 10003.297820838452, 10507.330837882757, 10776.123585641099, 9953.266884064913, 10928.121691075992, 10550.468007410478, 12316.331038201331]
shares:[0, 100.0, 189.2857, 283.6253, 363.6253, 446.9586, 525.6988, 612.6553, 699.6118, 788.8975, 870.1983, 947.1214, 1016.5658, 1069.7573, 1082.4316, 1095.3682, 1107.9468, 1120.1568, 1130.0676, 1137.8801, 1147.0042, 1156.5736, 1166.3297, 1175.589, 1185.3261, 1195.4887, 1206.0484, 1215.2059, 1223.4431, 1232.2073, 1240.6461, 1249.3418, 1258.045, 1267.479, 1276.7211, 1286.4772, 1293.8464, 1300.8102, 1307.7546, 1314.7135, 1327.1979, 1340.4605, 1353.4475, 1366.4853, 1379.2894, 1393.217, 1406.6039, 1419.7791, 1434.1883, 1447.4333, 1461.2837, 1473.2454]
growth_rate:141.5
