ticker:CRKN
price:[4.800000190734863, 3.549999952316284, 5.75, 5.440000057220459, 4.949999809265137, 5.65500020980835, 5.489999771118164, 4.25, 4.21999979019165, 5.440000057220459, 4.96999979019165, 4.5, 4.610000133514404, 4.150000095367432, 3.609999895095825, 3.380000114440918, 4.03000020980835, 4.21999979019165, 3.6500000953674316, 4.079999923706055, 4.340000152587891, 3.690000057220459, 4.090000152587891, 4.5, 4.75, 4.340000152587891, 3.950000047683716, 3.700000047683716, 3.9700000286102295, 3.690000057220459, 3.3499999046325684, 3.3299999237060547, 2.759999990463257, 3.119999885559082, 3.0799999237060547]
assets:[0, 99.99994865679741, 261.971725, 347.84829165883065, 416.51624895067215, 575.8384923644065, 659.0365915243149, 610.183125, 705.8759889055252, 1009.9447146230698, 1022.6882878272534, 1025.97525, 1151.0547983367444, 1136.199061109972, 1088.3561253731011, 1119.0149478878975, 1434.2101766673088, 1601.8279423609258, 1485.4675488123894, 1760.4677430801391, 1972.6546273555757, 1777.2110375590325, 2069.8627782215117, 2377.35495, 2609.430075, 2484.1952553405763, 2360.9612435011145, 2311.5332197898624, 2580.2125905945777, 2498.232989739847, 2368.0432425868034, 2453.9055817783355, 2133.8677726267574, 2512.198323853111, 2579.990580091667]
shares:[0, 28.169, 45.5603, 63.9427, 84.1447, 101.8282, 120.0431, 143.5725, 167.2692, 185.6516, 205.7723, 227.9945, 249.6865, 273.7829, 301.4837, 331.0695, 355.8834, 379.5801, 406.9774, 431.4872, 454.5287, 481.629, 506.0789, 528.3011, 549.3537, 572.3952, 597.7117, 624.7387, 649.9276, 677.0279, 706.8786, 736.9086, 773.1405, 805.1918, 837.6593]
growth_rate:-24.12
