ticker:CRMD
price:[4.0, 4.449999809265137, 4.610000133514404, 5.199999809265137, 5.849999904632568, 6.039999961853027, 5.789999961853027, 5.849999904632568, 5.050000190734863, 5.230000019073486, 5.690000057220459, 7.25, 8.960000038146973, 8.5, 8.25, 7.980000019073486, 7.869999885559082, 7.429999828338623, 8.779999732971191, 8.84000015258789, 8.640000343322754, 8.75, 14.960000038146973, 13.739999771118164, 17.579999923706055, 15.0, 7.369999885559082, 9.3100004196167, 9.949999809265137, 8.550000190734863, 10.09000015258789, 9.5, 7.820000171661377, 8.279999732971191, 8.640000343322754, 8.510000228881836, 6.050000190734863, 6.869999885559082, 7.230000019073486, 7.449999809265137, 8.229999542236328, 7.699999809265137, 7.909999847412109, 6.940000057220459, 6.989999771118164, 6.260000228881836, 6.139999866485596, 5.809999942779541, 6.010000228881836, 6.329999923706055, 5.869999885559082, 6.289999961853027]
assets:[0, 99.99995071382523, 203.59558489651678, 329.6524279084206, 470.8588873239994, 586.1517962980271, 661.890793639183, 768.7496574677467, 763.6216388414383, 890.8400242488384, 1069.1931167521477, 1462.328625, 1907.2363601200104, 1909.32015, 1953.1635749999998, 1989.2416367546082, 2061.8211330182075, 2046.5481297169208, 2518.3971754072186, 2635.607149493408, 2675.9783143338204, 2810.047625, 4904.378700505829, 4604.4223152992245, 5991.248151999092, 5211.987, 2660.822749682903, 3461.229130003166, 3799.165642172527, 3364.6097550582886, 4070.632977558899, 3932.6076500000004, 3337.1569212558747, 3633.46011882143, 3891.437146631813, 3932.885542777443, 2895.9995713005064, 3388.514775553894, 3666.0792366714954, 3877.63326572485, 4383.61378817749, 4201.315475930214, 4415.896630815125, 3974.377024768829, 4103.011035650253, 3774.5134620059966, 3802.158077322006, 3697.8075805817125, 3925.098695481491, 4234.08884096756, 4026.398455501747, 4414.488658227444]
shares:[0, 22.4719, 44.1639, 63.3947, 80.4887, 97.045, 114.3162, 131.4102, 151.2122, 170.3327, 187.9074, 201.7005, 212.8612, 224.6259, 236.7471, 249.2784, 261.9849, 275.4439, 286.8334, 298.1456, 309.7197, 321.1483, 327.8328, 335.1108, 340.7991, 347.4658, 361.0343, 371.7754, 381.8257, 393.5216, 403.4324, 413.9587, 426.7464, 438.8237, 450.3978, 462.1487, 478.6776, 493.2336, 507.0649, 520.4877, 532.6384, 545.6254, 558.2676, 572.6768, 586.983, 602.9574, 619.244, 636.4557, 653.0946, 668.8924, 685.9282, 701.8265]
growth_rate:-13.44
