ticker:CRMT
price:[100.73999786376953, 98.06999969482422, 87.01000213623047, 84.56999969482422, 88.30000305175781, 93.5199966430664, 96.19999694824219, 93.56999969482422, 86.5199966430664, 91.13999938964844, 97.61000061035156, 101.63999938964844, 106.1500015258789, 109.4000015258789, 113.0, 118.47000122070312, 110.0, 109.83999633789062, 119.5, 121.98999786376953, 125.73999786376953, 118.77999877929688, 129.97000122070312, 134.52000427246094, 135.25999450683594, 135.0, 147.47000122070312, 163.22999572753906, 156.0500030517578, 153.99000549316406, 150.63999938964844, 144.3800048828125, 152.67999267578125, 149.00999450683594, 150.8300018310547, 151.9199981689453, 153.5800018310547, 146.75, 164.38999938964844, 157.63999938964844, 149.3800048828125, 137.7100067138672, 144.69000244140625, 144.3699951171875, 142.10000610351562, 146.6999969482422, 154.77999877929688, 159.0, 158.35000610351562, 163.02000427246094, 125.62000274658203, 126.66000366210938]
assets:[0, 100.00197868881226, 188.7246946334839, 283.4363539772034, 395.93721368408205, 519.3445973579406, 634.2273398803711, 716.8865526618957, 762.8727664009094, 903.6075239486695, 1067.7557966766358, 1211.8435487228394, 1365.619769630432, 1507.433561025238, 1657.0433, 1837.2564729309083, 1805.903, 1903.2745045440674, 2170.65775, 2315.8825174453737, 2487.0742877464295, 2449.4098668273928, 2780.162302111816, 2977.4926785675048, 3093.8694843521116, 3187.917, 3582.3855106536867, 4065.226720594788, 3986.4065629592897, 4033.783592893982, 4046.024679606628, 3977.8857045288087, 4306.568213409423, 4303.051017370605, 4455.608752090454, 4587.801640704345, 4737.927698487854, 4627.218275, 5283.428824383545, 5166.493339996338, 4995.775255297851, 4705.495845410157, 5043.994768109131, 5132.844184399414, 5152.134131295777, 5418.921847271728, 5817.390776119994, 6075.9942, 6151.153492092896, 6432.557442585755, 5056.808086563111, 5198.6711883087155]
shares:[0, 1.0197, 2.169, 3.3515, 4.484, 5.5533, 6.5928, 7.6615, 8.8173, 9.9145, 10.939, 11.9229, 12.865, 13.7791, 14.6641, 15.5082, 16.4173, 17.3277, 18.1645, 18.9842, 19.7795, 20.6214, 21.3908, 22.1342, 22.8735, 23.6142, 24.2923, 24.9049, 25.5457, 26.1951, 26.8589, 27.5515, 28.2065, 28.8776, 29.5406, 30.1988, 30.8499, 31.5313, 32.1396, 32.774, 33.4434, 34.1696, 34.8607, 35.5534, 36.2571, 36.9388, 37.5849, 38.2138, 38.8453, 39.4587, 40.2548, 41.0443]
growth_rate:1.93
