ticker:CRNC
price:[49.83000183105469, 51.52000045776367, 54.68000030517578, 48.04999923706055, 48.45000076293945, 53.7599983215332, 56.75, 65.19999694824219, 54.58000183105469, 63.81999969482422, 65.97000122070312, 84.06999969482422, 90.5999984741211, 90.52999877929688, 90.22000122070312, 101.0199966430664, 105.05999755859375, 100.4800033569336, 102.73999786376953, 120.25, 124.70999908447266, 111.91000366210938, 125.66999816894531, 133.42999267578125, 127.81999969482422, 111.22000122070312, 90.73999786376953, 112.33999633789062, 102.58999633789062, 89.0250015258789, 93.33999633789062, 92.69999694824219, 99.48999786376953, 90.9800033569336, 96.41000366210938, 89.41999816894531, 84.69999694824219, 85.2300033569336, 95.12999725341797, 108.36000061035156, 116.87999725341797, 109.13999938964844, 111.94000244140625, 123.73999786376953, 114.41000366210938, 108.22000122070312, 107.61000061035156, 107.51000213623047, 105.45999908447266, 116.0, 108.80999755859375, 113.05000305175781]
assets:[0, 100.00032088851928, 206.13266515045166, 281.14054553604126, 383.48175603866576, 525.5093595928192, 654.7361, 852.2226401107788, 813.4112252883912, 1051.1153949737547, 1186.5232479553224, 1612.067465148163, 1837.286429056549, 1935.8663348968507, 2029.2372894561768, 2372.1515611724853, 2567.014968347168, 2555.106005363464, 2712.5722455986024, 3274.876475, 3496.3445923324584, 3237.489259942627, 3735.5532625717165, 4066.225654797363, 3995.2697304611206, 3576.4014812530518, 3017.8399229530332, 3836.21989694519, 3603.2787003753665, 3226.8358153076174, 3483.243315338135, 3559.3554328231817, 3920.0650998291017, 3684.7538219581606, 4004.669091116333, 3814.3173258941647, 3712.976826220703, 3836.2109740959168, 4381.811342488862, 5091.1971046768185, 5591.50400460434, 5321.229810241699, 5557.742763214111, 6243.598568211365, 5872.825661981202, 5655.0794517883305, 5723.205599461365, 5817.882263601685, 5806.9439295883185, 6487.3116, 6185.206382220459, 6526.229711174012]
shares:[0, 1.941, 3.7698, 5.851, 7.915, 9.7751, 11.5372, 13.0709, 14.9031, 16.47, 17.9858, 19.1753, 20.2791, 21.3837, 22.4921, 23.482, 24.4338, 25.429, 26.4023, 27.2339, 28.0358, 28.9294, 29.7251, 30.4746, 31.257, 32.1561, 33.2581, 34.1483, 35.1231, 36.2464, 37.3178, 38.3965, 39.4016, 40.5007, 41.5379, 42.6562, 43.8368, 45.0101, 46.0613, 46.9841, 47.8397, 48.756, 49.6493, 50.4574, 51.3314, 52.2554, 53.1847, 54.1148, 55.063, 55.9251, 56.8441, 57.7287]
growth_rate:27.97
