ticker:CRNT
price:[2.190000057220459, 2.119999885559082, 2.4200000762939453, 2.369999885559082, 2.440000057220459, 2.4700000286102295, 2.5399999618530273, 2.5199999809265137, 2.2100000381469727, 2.2200000286102295, 2.319999933242798, 2.3499999046325684, 2.5199999809265137, 3.240000009536743, 2.9100000858306885, 2.700000047683716, 2.859999895095825, 2.7799999713897705, 3.4100000858306885, 4.849999904632568, 5.059999942779541, 4.449999809265137, 5.579999923706055, 6.0, 5.03000020980835, 4.400000095367432, 3.740000009536743, 4.440000057220459, 4.309999942779541, 3.9100000858306885, 3.809999942779541, 3.759999990463257, 3.5, 3.509999990463257, 3.4100000858306885, 3.369999885559082, 3.200000047683716, 3.3299999237060547, 3.3399999141693115, 3.7100000381469727, 3.7100000381469727, 3.7799999713897705, 3.700000047683716, 3.7699999809265137, 3.7200000286102295, 3.5, 3.5899999141693115, 4.0, 4.130000114440918, 4.03000020980835, 3.7899999618530273, 3.9200000762939453]
assets:[0, 99.9999706018448, 214.15088875141143, 309.72627904415134, 418.8743218230248, 524.0243380698204, 638.875268405056, 733.8446584456443, 743.5702038348198, 846.9346729148626, 985.0847316545248, 1097.8229004482746, 1277.2398143327714, 1742.1655011279586, 1664.7228761011363, 1644.588119044471, 1842.0449944341897, 1890.5192425438167, 2418.946304885578, 3540.4368803830143, 3793.7339450989725, 3436.3864177103997, 4408.996763716888, 4840.857, 4158.251879446507, 3737.4370810067653, 3276.8215783556698, 3990.1303714227674, 3973.3023162496092, 3704.5503043207405, 3709.8045642843244, 3761.1193424604176, 3601.0418499999996, 3711.3304309162377, 3705.5945792708876, 3762.1270062429426, 3672.346294722223, 3921.535116153336, 4033.3114183527227, 4580.115622093677, 4680.115705121899, 4868.419589151693, 4865.384252702594, 5057.4319774130345, 5090.35727114954, 4889.3144999999995, 5115.039775708246, 5799.2088, 6087.683357687664, 6040.28199046688, 5780.562517817688, 6078.840550310898]
shares:[0, 47.1698, 88.4921, 130.6862, 171.6698, 212.1556, 251.5257, 291.2082, 336.4571, 381.5021, 424.6055, 467.1587, 506.8412, 537.7054, 572.0697, 609.1067, 644.0717, 680.0429, 709.3684, 729.987, 749.7498, 772.2217, 790.1428, 806.8095, 826.6902, 849.4175, 876.1555, 898.678, 921.8799, 947.4553, 973.702, 1000.2977, 1028.8691, 1057.3591, 1086.6846, 1116.3582, 1147.6082, 1177.6382, 1207.5783, 1234.5325, 1261.4867, 1287.9417, 1314.9687, 1341.4939, 1368.3756, 1396.947, 1424.8022, 1449.8022, 1474.0153, 1498.8292, 1525.2144, 1550.7246]
growth_rate:19.19
