ticker:CRNX
price:[14.050000190734863, 14.960000038146973, 15.770000457763672, 14.729999542236328, 14.239999771118164, 16.059999465942383, 17.049999237060547, 13.9399995803833, 12.079999923706055, 12.65999984741211, 12.880000114440918, 13.65999984741211, 14.359999656677246, 13.119999885559082, 13.050000190734863, 13.140000343322754, 13.739999771118164, 14.109999656677246, 15.170000076293945, 14.210000038146973, 15.220000267028809, 14.350000381469727, 15.850000381469727, 16.209999084472656, 16.510000228881836, 15.289999961853027, 15.109999656677246, 16.93000030517578, 16.489999771118164, 15.829999923706055, 16.0, 17.06999969482422, 16.729999542236328, 17.18000030517578, 17.309999465942383, 16.959999084472656, 16.219999313354492, 16.81999969482422, 17.549999237060547, 16.940000534057617, 16.979999542236328, 21.149999618530273, 19.6200008392334, 20.0, 20.989999771118164, 19.719999313354492, 19.979999542236328, 17.979999542236328, 17.600000381469727, 22.260000228881836, 20.8700008392334, 23.420000076293945]
assets:[0, 100.00012025499343, 205.41529496269226, 291.8690489295959, 382.16029785747526, 531.0046103420258, 663.7377152996063, 642.6688306546212, 656.9176438510895, 788.4584604969025, 902.1602880158424, 1056.793594195175, 1210.948615048313, 1206.382677477169, 1299.9457539996147, 1408.9102568120957, 1573.243713792801, 1715.6094602560042, 1944.4936437793733, 1921.4406801581383, 2158.0103538614276, 2134.6543967460634, 2457.788234152794, 2613.6110973854065, 2761.981052289963, 2657.8851573688507, 2726.5949050475124, 3155.01390887146, 3173.017298958397, 3146.019358837509, 3279.8048, 3599.1411556549074, 3627.45370974617, 3825.0239879455567, 3953.967388010025, 3974.0194974761966, 3900.6243628738407, 4144.913838796234, 4424.805842643356, 4371.0097038023, 4481.330915187836, 5681.869142519569, 5370.839851734353, 5574.862000000001, 5950.818162110329, 5690.763877849007, 5865.794199608231, 5378.626963062286, 5364.951796282196, 6885.4454627975465, 6555.492659612274, 7456.476018290519]
shares:[0, 6.6845, 13.0257, 19.8146, 26.8371, 33.0638, 38.9289, 46.1025, 54.3806, 62.2795, 70.0435, 77.3641, 84.3279, 91.9499, 99.6127, 107.223, 114.501, 121.5882, 128.1802, 135.2175, 141.7878, 148.7564, 155.0655, 161.2345, 167.2914, 173.8316, 180.4497, 186.3564, 192.4207, 198.7378, 204.9878, 210.846, 216.8233, 222.644, 228.421, 234.3172, 240.4824, 246.4277, 252.1257, 258.0289, 263.9182, 268.6463, 273.7431, 278.7431, 283.5073, 288.5783, 293.5833, 299.145, 304.8268, 309.3192, 314.1108, 318.3807]
growth_rate:46.21
