ticker:CRON
price:[5.389999866485596, 5.210000038146973, 5.289999961853027, 5.079999923706055, 5.03000020980835, 5.739999771118164, 5.429999828338623, 5.829999923706055, 5.289999961853027, 7.510000228881836, 7.090000152587891, 7.21999979019165, 8.470000267028809, 8.630000114440918, 7.980000019073486, 7.78000020980835, 7.480000019073486, 6.940000057220459, 9.0600004196167, 10.930000305175781, 10.649999618530273, 10.350000381469727, 12.010000228881836, 12.270000457763672, 12.300000190734863, 10.449999809265137, 9.479999542236328, 10.34000015258789, 10.149999618530273, 9.289999961853027, 9.40999984741211, 8.880000114440918, 8.359999656677246, 8.229999542236328, 8.140000343322754, 7.690000057220459, 7.289999961853027, 7.380000114440918, 9.010000228881836, 8.609999656677246, 8.90999984741211, 8.350000381469727, 8.880000114440918, 8.350000381469727, 8.069999694824219, 7.179999828338623, 7.150000095367432, 7.369999885559082, 7.309999942779541, 6.46999979019165, 6.170000076293945, 6.480000019073486]
assets:[0, 100.00021973218918, 201.53577354669568, 293.5350955915451, 390.6459122943878, 545.7867302368164, 616.3104105162621, 761.7110610319137, 791.1581112948418, 1223.1755162786483, 1254.769084004593, 1377.7759539627552, 1716.3108811091422, 1848.7324325157165, 1809.4881463249685, 1864.1378422714233, 1892.2559968251228, 1855.6491392998694, 2522.5043428305626, 3143.1533037597655, 3162.6334717184063, 3173.5450619672774, 3782.5387630861283, 3964.4261049030306, 4074.119223176956, 3561.3453049978257, 3330.7703471660616, 3732.929277087021, 3764.3354335241315, 3545.387277441788, 3691.183478145599, 3583.285174179554, 3473.452785354614, 3519.4399692440034, 3580.9530210347175, 3482.988661916542, 3401.818704199028, 3543.8162769536016, 4426.529319447517, 4330.012738341236, 4580.8839655502325, 4392.971940692902, 4771.8074774966235, 4587.003404557227, 4533.1875595726015, 4133.245163181257, 4215.97539123311, 4445.697428967476, 4509.504607700968, 4091.3127783274176, 4001.60784548111, 4302.661044664622]
shares:[0, 19.1939, 38.0975, 57.7825, 77.6632, 95.0848, 113.501, 130.6537, 149.5573, 162.8729, 176.9773, 190.8277, 202.6341, 214.2216, 226.7529, 239.6064, 252.9754, 267.3846, 278.4221, 287.5712, 296.9609, 306.6227, 314.9491, 323.0991, 331.2292, 340.7986, 351.3471, 361.0183, 370.8705, 381.6348, 392.2618, 403.5231, 415.4848, 427.6355, 439.9205, 452.9244, 466.6418, 480.1919, 491.2907, 502.9051, 514.1284, 526.1044, 537.3657, 549.3417, 561.7333, 575.6609, 589.6469, 603.2154, 616.8953, 632.3513, 648.5588, 663.9909]
growth_rate:-15.63
