ticker:CROX
price:[38.75, 41.9900016784668, 41.77000045776367, 42.619998931884766, 45.97999954223633, 47.63999938964844, 51.08000183105469, 52.54999923706055, 52.33000183105469, 58.33000183105469, 56.88999938964844, 61.27000045776367, 59.459999084472656, 63.959999084472656, 62.40999984741211, 64.37999725341797, 62.689998626708984, 62.65999984741211, 66.77999877929688, 75.19000244140625, 73.33999633789062, 70.0199966430664, 75.5199966430664, 81.70999908447266, 82.37000274658203, 76.72000122070312, 75.30000305175781, 81.62999725341797, 77.20999908447266, 80.55000305175781, 79.55999755859375, 81.48999786376953, 79.04000091552734, 84.1500015258789, 100.12000274658203, 108.91999816894531, 101.9800033569336, 98.51000213623047, 101.23999786376953, 103.0199966430664, 108.63999938964844, 104.5, 114.41000366210938, 116.80000305175781, 117.0, 112.26000213623047, 131.2899932861328, 135.80999755859375, 140.80999755859375, 146.58999633789062, 141.92999267578125, 146.08999633789062]
assets:[0, 99.99918899726867, 199.4768141860962, 303.5353703929901, 427.46685974426265, 542.9006690444946, 682.1019124511719, 801.7290633602142, 898.3700734344483, 1101.3754285736084, 1174.186831402588, 1364.5870691951752, 1424.2750880699157, 1632.0672966384886, 1692.515508861923, 1845.941909248352, 1897.4883404335023, 1996.5794371379852, 2227.8608952758786, 2608.4314126953127, 2644.2515659637447, 2624.552532172394, 2930.712061727142, 3270.9248023506166, 3397.3425262825012, 3264.3056279388425, 3303.8855238998412, 3681.61899512558, 3582.2737225227356, 3837.2410453796383, 3890.0781246276856, 4084.4416729278564, 4061.644335046387, 4424.2368202239995, 5363.869075146484, 5935.323000221252, 5657.1469242195135, 5564.652702671814, 5818.870117218017, 6021.178837798309, 6449.652571765137, 6303.86845, 7001.674845114136, 7247.942429374694, 7360.353, 7162.165684291076, 8476.278901542662, 8868.094058581542, 9294.586318847656, 9776.116173773195, 9565.343470385742, 9945.704687686157]
shares:[0, 2.3815, 4.7756, 7.1219, 9.2968, 11.3959, 13.3536, 15.2565, 17.1674, 18.8818, 20.6396, 22.2717, 23.9535, 25.517, 27.1193, 28.6726, 30.2678, 31.8637, 33.3612, 34.6912, 36.0547, 37.4829, 38.8071, 40.0309, 41.2449, 42.5483, 43.8763, 45.1013, 46.3965, 47.638, 48.8949, 50.122, 51.3872, 52.5756, 53.5744, 54.4925, 55.4731, 56.4882, 57.476, 58.4467, 59.3672, 60.3241, 61.1981, 62.0543, 62.909, 63.7998, 64.5615, 65.2978, 66.008, 66.6902, 67.3948, 68.0793]
growth_rate:95.01
