ticker:CRSP
price:[82.0199966430664, 79.9800033569336, 85.9000015258789, 84.08999633789062, 79.66999816894531, 98.26000213623047, 109.83000183105469, 92.6500015258789, 91.81999969482422, 102.66000366210938, 103.95999908447266, 109.69999694824219, 121.55000305175781, 147.5399932861328, 148.41000366210938, 148.61000061035156, 168.5, 153.11000061035156, 193.82000732421875, 199.8800048828125, 188.49000549316406, 165.6999969482422, 168.80999755859375, 161.0500030517578, 148.97999572753906, 125.69000244140625, 114.6500015258789, 130.61000061035156, 129.61000061035156, 111.23999786376953, 119.41000366210938, 115.73999786376953, 118.55999755859375, 126.55000305175781, 131.27000427246094, 107.69999694824219, 106.63999938964844, 115.56999969482422, 118.18000030517578, 113.29000091552734, 127.0, 127.83000183105469, 142.52000427246094, 155.8800048828125, 144.3300018310547, 126.25, 122.2699966430664, 121.0199966430664, 136.74000549316406, 126.76000213623047, 117.22000122070312, 123.80999755859375]
assets:[0, 99.99899819717407, 207.39696368408204, 303.02671080322267, 387.10058710327144, 577.4249025535584, 745.4162224273682, 728.8127070030213, 822.2848252670287, 1019.3625063629152, 1132.2699340286256, 1294.7890639801026, 1534.6538735305787, 1962.7983006820677, 2074.371144186401, 2177.1662309417725, 2568.56345, 2433.959057702637, 3181.109634210205, 3380.570522583008, 3287.9254108200075, 2990.387844924927, 3146.517068493652, 3101.871373777771, 2969.394784843445, 2605.1892496032715, 2476.3597779579163, 2921.0796026504513, 2998.7088181213376, 2673.697844654846, 2970.0730800872802, 2978.78875102005, 3151.3721591064455, 3463.7495135284425, 3692.9402681945803, 3129.8588413131715, 3199.0506856903075, 3566.940913581085, 3747.4996276771544, 3692.438341839599, 4239.285400000001, 4366.992437553406, 4968.845932955932, 5534.628689367675, 5224.544004281616, 4670.0758749999995, 4622.8573950790405, 4675.595468305207, 5382.934404244995, 5090.060561780548, 4806.981254058838, 5177.2264769104]
shares:[0, 1.2503, 2.4144, 3.6036, 4.8588, 5.8765, 6.787, 7.8663, 8.9554, 9.9295, 10.8914, 11.803, 12.6257, 13.3035, 13.9773, 14.6502, 15.2437, 15.8968, 16.4127, 16.913, 17.4435, 18.047, 18.6394, 19.2603, 19.9315, 20.7271, 21.5993, 22.3649, 23.1364, 24.0354, 24.8729, 25.7369, 26.5804, 27.3706, 28.1324, 29.0609, 29.9986, 30.8639, 31.7101, 32.5928, 33.3802, 34.1625, 34.8642, 35.5057, 36.1986, 36.9907, 37.8086, 38.6349, 39.3662, 40.1551, 41.0082, 41.8159]
growth_rate:1.51
