ticker:CRSR
price:[17.25, 20.899999618530273, 18.110000610351562, 19.200000762939453, 24.670000076293945, 24.040000915527344, 27.079999923706055, 29.18000030517578, 40.33000183105469, 38.77000045776367, 35.68000030517578, 33.2599983215332, 38.70000076293945, 36.349998474121094, 36.220001220703125, 38.310001373291016, 38.130001068115234, 38.380001068115234, 37.779998779296875, 45.22999954223633, 43.04999923706055, 39.02000045776367, 35.84000015258789, 31.84000015258789, 34.08000183105469, 32.400001525878906, 31.969999313354492, 33.869998931884766, 33.52000045776367, 32.599998474121094, 33.4900016784668, 33.18000030517578, 33.689998626708984, 31.56999969482422, 31.6299991607666, 31.219999313354492, 31.860000610351562, 32.36000061035156, 31.93000030517578, 33.869998931884766, 32.06999969482422, 31.729999542236328, 29.329999923706055, 29.520000457763672, 29.190000534057617, 28.079999923706055, 26.829999923706055, 25.950000762939453, 27.540000915527344, 28.309999465942383, 28.309999465942383]
assets:[0, 100.0002281747818, 186.65072129058836, 297.884171836853, 482.7499624929428, 570.4211417236329, 742.555261907959, 900.1388134140014, 1344.0900700241089, 1392.098898436737, 1381.1478358131408, 1387.4707639812468, 1714.4061637981415, 1710.3001432060241, 1804.1834568054198, 2008.290722990799, 2098.8544697940824, 2212.614737577057, 2278.0243643951417, 2827.2368113861085, 2790.9701955379487, 2629.7022048503873, 2515.390986709213, 2334.655275188446, 2598.9034516342163, 2570.7878410713192, 2636.668147370148, 2893.3683677555086, 2963.4697204704285, 2982.1337604179384, 3163.54928355217, 3234.2669817474366, 3383.978436060333, 3271.0371223800657, 3377.255204391861, 3433.4787424848555, 3603.8630850402833, 3760.4197589263913, 3810.452797418976, 4141.968943379974, 4021.8473497283935, 4079.2087411499024, 3870.6654249315266, 3995.738701961517, 4051.070006118012, 3997.022317140007, 3919.0929678556445, 3890.5512693836213, 4228.932380584717, 4447.169689105797, 4547.169100219345]
shares:[0, 4.7847, 10.3065, 15.5148, 19.5683, 23.728, 27.4208, 30.8478, 33.3273, 35.9066, 38.7093, 41.7159, 44.2999, 47.0509, 49.8118, 52.4221, 55.0447, 57.6502, 60.2971, 62.508, 64.8309, 67.3937, 70.1839, 73.3246, 76.2589, 79.3453, 82.4732, 85.4257, 88.409, 91.4765, 94.4625, 97.4764, 100.4446, 103.6122, 106.7738, 109.9769, 113.1156, 116.2058, 119.3377, 122.2902, 125.4084, 128.56, 131.9695, 135.357, 138.7828, 142.3441, 146.0713, 149.9249, 153.556, 157.0883, 160.6206]
growth_rate:-9.06
