ticker:CRTD
price:[3.109999895095825, 3.200000047683716, 2.799999952316284, 2.740000009536743, 3.049999952316284, 2.7799999713897705, 2.799999952316284, 2.4000000953674316, 2.4000000953674316, 2.880000114440918, 3.109999895095825, 3.130000114440918, 3.450000047683716, 3.259999990463257, 3.490000009536743, 4.019999980926514, 4.159999847412109, 4.170000076293945, 4.400000095367432, 4.769999980926514, 4.050000190734863, 4.309999942779541, 5.25, 4.889999866485596, 5.150000095367432, 4.71999979019165, 5.119999885559082, 5.230000019073486, 5.019999980926514, 4.480000019073486, 4.260000228881836, 4.050000190734863, 3.8499999046325684, 3.319999933242798, 2.890000104904175, 2.8399999141693115, 3.4000000953674316, 3.6700000762939453, 3.5899999141693115, 3.8499999046325684, 3.440000057220459, 3.2799999713897705, 3.75, 4.190000057220459, 3.190000057220459, 3.259999990463257, 3.4100000858306885, 3.2799999713897705, 3.049999952316284, 2.9200000762939453, 2.880000114440918, 2.880000114440918]
assets:[0, 100.00000149011612, 187.50003680689332, 283.48231898667814, 415.55517350320815, 478.76825907278055, 582.2126700849772, 599.0395438036918, 699.0396277773381, 938.847493306446, 1113.8246924293042, 1220.987691642475, 1445.8170499831676, 1466.192167710829, 1669.6351995624304, 2023.1900124006747, 2193.6494555374147, 2298.9227100608823, 2525.7219347435475, 2838.1123056514266, 2509.7182931952475, 2770.8360372138022, 3475.14825, 3336.8522898920532, 3614.2721269289013, 3412.4975443113326, 3801.6925870255473, 3983.3698925271033, 3923.425663092947, 3601.3837593328, 3524.530359366417, 3450.786057514858, 3380.3765312654973, 3015.0260673750877, 2724.5259238976237, 2777.388708061552, 3425.04313606987, 3797.031990934753, 3814.262900807572, 4190.504676198006, 3844.243407944584, 3765.4412791554446, 4405.001625, 5021.855014580631, 3923.3217363743784, 4109.4131999783995, 4398.496707711434, 4330.811922223926, 4127.126955476475, 4051.216865850449, 4095.720738749313, 4195.720678722954]
shares:[0, 31.25, 66.9643, 103.4607, 136.2476, 172.2188, 207.9331, 249.5998, 291.2665, 325.9887, 358.143, 390.0919, 419.0774, 449.7522, 478.4055, 503.2811, 527.3196, 551.3004, 574.0277, 594.9921, 619.6835, 642.8854, 661.933, 682.3829, 701.8004, 722.9868, 742.5181, 761.6386, 781.5589, 803.8803, 827.3545, 852.0459, 878.0199, 908.1404, 942.7425, 977.9538, 1007.3656, 1034.6136, 1062.4688, 1088.4428, 1117.5126, 1148.0004, 1174.6671, 1198.5334, 1229.8814, 1260.5562, 1289.8817, 1320.3695, 1353.1564, 1387.403, 1422.1252, 1456.8474]
growth_rate:-17.73
