ticker:CRTO
price:[12.699999809265137, 12.600000381469727, 12.479999542236328, 12.050000190734863, 12.470000267028809, 12.630000114440918, 12.40999984741211, 13.829999923706055, 17.15999984741211, 16.790000915527344, 17.139999389648438, 18.25, 19.18000030517578, 19.18000030517578, 18.940000534057617, 18.75, 20.799999237060547, 20.510000228881836, 19.420000076293945, 19.489999771118164, 18.899999618530273, 18.600000381469727, 24.969999313354492, 31.110000610351562, 32.470001220703125, 34.38999938964844, 31.610000610351562, 32.900001525878906, 32.84000015258789, 32.7400016784668, 36.13999938964844, 35.939998626708984, 37.400001525878906, 36.58000183105469, 39.72999954223633, 39.31999969482422, 36.189998626708984, 37.25, 37.2400016784668, 41.58000183105469, 40.45000076293945, 38.560001373291016, 43.560001373291016, 44.58000183105469, 44.630001068115234, 40.310001373291016, 42.38999938964844, 38.790000915527344, 38.720001220703125, 37.7599983215332, 37.16999816894531, 38.130001068115234]
assets:[0, 99.99990302753449, 199.04725669898986, 292.18960962495805, 402.37323961629863, 507.5365545988083, 598.6956226387024, 767.2012667676926, 1051.9285826461792, 1129.246770575714, 1252.7865513885497, 1433.918925, 1606.9905715690613, 1706.991257160187, 1785.6310523500442, 1867.7175, 2171.9213603343965, 2241.6404750156403, 2222.508314731407, 2330.5186716314315, 2359.969242367363, 2422.508689683533, 3352.152491819763, 4276.430459899902, 4563.379429559326, 4933.217900445557, 4634.430697485352, 4923.5608983512875, 5014.582639299774, 5099.314193424225, 5728.869335247803, 5797.164906486511, 6132.665250205993, 6098.204551252747, 6723.336983534622, 6753.953095580292, 6316.316459316636, 6601.322075, 6699.550781959533, 7580.325393814086, 7474.318780975342, 7225.087713317108, 8261.951408469771, 8555.415021400451, 8665.008430376816, 7926.272469034196, 8435.266519544983, 7818.8966055427545, 7904.785049209595, 7808.797860891724, 7786.783803410339, 8087.895607561874]
shares:[0, 7.9365, 15.9493, 24.2481, 32.2673, 40.185, 48.243, 55.4737, 61.3012, 67.2571, 73.0914, 78.5709, 83.7847, 88.9985, 94.2783, 99.6116, 104.4193, 109.295, 114.4443, 119.5751, 124.8661, 130.2424, 134.2472, 137.4616, 140.5414, 143.4492, 146.6128, 149.6523, 152.6974, 155.7518, 158.5188, 161.3012, 163.975, 166.7087, 169.2257, 171.7689, 174.5321, 177.2167, 179.902, 182.307, 184.7792, 187.3726, 189.6683, 191.9115, 194.1521, 196.6329, 198.9919, 201.5699, 204.1525, 206.8008, 209.4911, 212.1137]
growth_rate:58.59
