ticker:CRTX
price:[43.45000076293945, 47.58000183105469, 57.29999923706055, 48.84000015258789, 49.470001220703125, 50.97999954223633, 49.470001220703125, 49.790000915527344, 47.869998931884766, 48.029998779296875, 48.220001220703125, 56.93000030517578, 49.41999816894531, 38.540000915527344, 29.600000381469727, 28.75, 29.0, 27.780000686645508, 30.440000534057617, 32.61000061035156, 32.099998474121094, 39.220001220703125, 43.849998474121094, 47.470001220703125, 32.470001220703125, 34.06999969482422, 37.9900016784668, 39.66999816894531, 36.5, 33.630001068115234, 37.34000015258789, 33.59000015258789, 38.70000076293945, 38.2599983215332, 39.16999816894531, 37.099998474121094, 36.77000045776367, 37.470001220703125, 41.369998931884766, 44.849998474121094, 48.689998626708984, 53.70000076293945, 55.72999954223633, 55.150001525878906, 57.45000076293945, 53.540000915527344, 64.19999694824219, 56.5099983215332, 67.13999938964844, 100.06999969482422, 86.12999725341797, 105.88999938964844]
assets:[0, 99.99888984832764, 220.42736706504823, 287.8824968994141, 391.59463566284177, 503.5498474784851, 588.6336505249024, 692.4395007324218, 765.7380769142151, 868.2959239318847, 971.7294645996094, 1247.2509116859437, 1182.719396179199, 1022.3390422859193, 885.1909714078904, 959.7727500000001, 1068.1192999999998, 1123.1843197620392, 1330.7333273471831, 1525.5969195541381, 1601.738563861084, 2057.0145460235594, 2399.8490264907837, 2697.9670133789064, 1945.4401231384277, 2141.3028878196715, 2487.676485910034, 2697.686819482422, 2582.11585, 2479.0826107376097, 2852.5706416568755, 2666.092056111145, 3171.681782527161, 3235.621276053238, 3412.580331474304, 3332.2365329490663, 3402.596563360214, 3567.372683218384, 4038.675816727066, 4478.406897636413, 4961.8419520523075, 5572.395379169465, 5883.04823367691, 5921.819653843689, 6268.783223249817, 5942.137001609803, 7225.234576547241, 6459.782230130768, 7774.919353320312, 11688.266027355194, 10160.058123007964, 12590.988034425354]
shares:[0, 2.1017, 3.8469, 5.8944, 7.9158, 9.8774, 11.8988, 13.9072, 15.9962, 18.0782, 20.152, 21.9085, 23.932, 26.5267, 29.9051, 33.3834, 36.8317, 40.4314, 43.7166, 46.7831, 49.8984, 52.4481, 54.7286, 56.8352, 59.915, 62.8501, 65.4824, 68.0032, 70.7429, 73.7164, 76.3945, 79.3716, 81.9556, 84.5693, 87.1223, 89.8177, 92.5373, 95.2061, 97.6233, 99.853, 101.9068, 103.769, 105.5634, 107.3766, 109.1172, 110.985, 112.5426, 114.3122, 115.8016, 116.8009, 117.9619, 118.9063]
growth_rate:146.88
