ticker:CRUS
price:[58.33000183105469, 58.060001373291016, 59.93000030517578, 63.02000045776367, 66.86000061035156, 71.94000244140625, 68.44999694824219, 67.66000366210938, 68.87000274658203, 73.93000030517578, 77.01000213623047, 77.30999755859375, 77.33000183105469, 82.75, 77.98999786376953, 80.43000030517578, 80.95999908447266, 82.19999694824219, 91.12000274658203, 98.76000213623047, 98.55999755859375, 93.69000244140625, 85.36000061035156, 89.38999938964844, 88.18000030517578, 81.77999877929688, 77.61000061035156, 77.20999908447266, 79.0199966430664, 83.01000213623047, 87.61000061035156, 84.94999694824219, 85.6500015258789, 86.9800033569336, 74.41000366210938, 76.5999984741211, 74.55000305175781, 75.06999969482422, 78.06999969482422, 77.63999938964844, 79.51000213623047, 79.45999908447266, 82.02999877929688, 85.66999816894531, 85.79000091552734, 83.5999984741211, 84.41999816894531, 82.58999633789062, 79.23999786376953, 79.8499984741211, 79.7699966430664, 84.80000305175781]
assets:[0, 100.00254636535644, 203.22263103485108, 313.700958278656, 432.8182139511108, 565.7002091979981, 638.2551515441895, 730.8904235595703, 843.9605616577148, 1005.9655141525268, 1147.8725868415831, 1252.3446504516603, 1352.671858029175, 1547.482925, 1558.4663283119203, 1707.223272477722, 1818.4749234359742, 1946.3233077407838, 2257.5345160476686, 2546.8229350891115, 2641.664190563965, 2611.130999041748, 2478.9739217254637, 2696.011320591736, 2759.5137475502015, 2659.2320423065185, 2623.6371146331785, 2710.117293864441, 2873.6490999214175, 3118.7521882598876, 3391.575865628052, 3388.604408267212, 3516.5235476478574, 3671.1302096847535, 3240.5928644866945, 3435.9695315551758, 3444.0163109832765, 3568.0395504951475, 3810.6279131042484, 3889.639745422363, 4083.3236207084656, 4180.756067829895, 4415.978345285034, 4711.935569290161, 4818.532665422058, 4795.529992471314, 4942.571400796509, 4935.429519158935, 4835.24051764679, 4972.4590299797055, 5067.476783747101, 5487.009637464905]
shares:[0, 1.7224, 3.391, 4.9778, 6.4735, 7.8635, 9.3244, 10.8024, 12.2544, 13.607, 14.9055, 16.199, 17.4922, 18.7007, 19.9829, 21.2262, 22.4614, 23.6779, 24.7754, 25.788, 26.8026, 27.8699, 29.0414, 30.1601, 31.2941, 32.5169, 33.8054, 35.1006, 36.3661, 37.5708, 38.7122, 39.8894, 41.0569, 42.2066, 43.5505, 44.856, 46.1974, 47.5295, 48.8104, 50.0984, 51.3561, 52.6146, 53.8337, 55.001, 56.1666, 57.3628, 58.5474, 59.7582, 61.0202, 62.2725, 63.5261, 64.7053]
growth_rate:7.59
