ticker:CRVL
price:[84.31999969482422, 84.69000244140625, 87.45999908447266, 83.12000274658203, 87.72000122070312, 89.55000305175781, 90.19999694824219, 92.20999908447266, 91.22000122070312, 85.69000244140625, 91.77999877929688, 92.37000274658203, 91.5, 92.81999969482422, 94.9000015258789, 102.4000015258789, 104.11000061035156, 106.0, 107.69999694824219, 105.51000213623047, 104.4000015258789, 98.81999969482422, 104.33000183105469, 101.94999694824219, 104.08999633789062, 101.5, 105.83000183105469, 109.87999725341797, 106.02999877929688, 105.33000183105469, 104.61000061035156, 106.94000244140625, 113.2300033569336, 118.19000244140625, 117.01000213623047, 119.5199966430664, 116.47000122070312, 118.4000015258789, 124.5999984741211, 119.05999755859375, 122.66000366210938, 122.0, 131.49000549316406, 136.19000244140625, 138.94000244140625, 134.8699951171875, 137.6999969482422, 140.82000732421875, 162.19000244140625, 152.41000366210938, 159.9499969482422, 162.3300018310547]
assets:[0, 100.00195488281251, 203.27452987213132, 293.18918568801877, 409.4155616973877, 517.9572176513672, 621.7124989654541, 735.5683836967469, 827.6755590759277, 877.4999010009765, 1039.8673861694335, 1146.551896092224, 1235.75325, 1353.584773549652, 1483.913363859558, 1701.1917053497314, 1829.5979177261352, 1962.8126, 2094.291060656738, 2151.7076775650025, 2229.075752579498, 2209.931417175293, 2433.153003703308, 2477.6499958343506, 2629.6568044830324, 2664.22275, 2877.877571792603, 3088.012502811432, 3079.8109625427246, 3159.478734924316, 3237.87827789154, 3409.995857849121, 3710.5698560073856, 3973.1105790710453, 4033.440082637787, 4219.964233474731, 4212.277358148193, 4382.078776474, 4711.549582301331, 4602.061803631592, 4841.2186205383305, 4915.1726, 5397.506937487793, 5690.440491009521, 5905.339135766601, 5832.358529846192, 6054.737715812683, 6291.922419250488, 7346.752978588866, 7003.742621286011, 7450.2309328536985, 7661.08327141571]
shares:[0, 1.1808, 2.3242, 3.5273, 4.6673, 5.784, 6.8926, 7.9771, 9.0734, 10.2404, 11.33, 12.4126, 13.5055, 14.5829, 15.6366, 16.6132, 17.5737, 18.5171, 19.4456, 20.3934, 21.3513, 22.3632, 23.3217, 24.3026, 25.2633, 26.2485, 27.1934, 28.1035, 29.0466, 29.996, 30.9519, 31.887, 32.7702, 33.6163, 34.4709, 35.3076, 36.1662, 37.0108, 37.8134, 38.6533, 39.4686, 40.2883, 41.0488, 41.7831, 42.5028, 43.2443, 43.9705, 44.6806, 45.2972, 45.9533, 46.5785, 47.1945]
growth_rate:50.22
