ticker:CRVS
price:[3.109999895095825, 3.869999885559082, 4.449999809265137, 4.010000228881836, 4.070000171661377, 3.990000009536743, 4.090000152587891, 3.9600000381469727, 3.9600000381469727, 4.190000057220459, 4.130000114440918, 3.990000009536743, 4.03000020980835, 4.039999961853027, 3.9800000190734863, 4.0, 3.880000114440918, 3.559999942779541, 3.9100000858306885, 4.059999942779541, 4.050000190734863, 3.7200000286102295, 4.079999923706055, 3.5, 3.759999990463257, 3.4800000190734863, 2.880000114440918, 3.2300000190734863, 3.069999933242798, 3.069999933242798, 3.140000104904175, 2.9000000953674316, 2.7100000381469727, 2.809999942779541, 2.819999933242798, 2.9100000858306885, 2.5, 2.7200000286102295, 2.740000009536743, 2.690000057220459, 2.799999952316284, 2.7300000190734863, 2.8399999141693115, 2.7100000381469727, 2.559999942779541, 2.309999942779541, 2.25, 2.0899999141693115, 2.130000114440918, 1.9800000190734863, 1.909999966621399, 2.2100000381469727]
assets:[0, 100.00002304286957, 214.98705578527452, 293.73011076545714, 398.1249747918129, 490.299580171895, 602.587902481079, 683.4346265835761, 783.4345275468826, 928.9368396859646, 1015.6347601428986, 1081.206611584258, 1192.045852059841, 1295.0038077721597, 1375.7709845931531, 1482.6844, 1538.2039293694495, 1511.3417277079582, 1759.9285746332168, 1927.4447788351536, 2022.697670258999, 1957.8851190579417, 2247.35779797554, 2027.8804, 2278.522770220828, 2208.845448106432, 1928.0100286122322, 2262.3168843592166, 2250.2516210682393, 2350.251649893737, 2503.8404796507357, 2412.4642593346593, 2354.406299141502, 2541.2847062514306, 2650.3284332593917, 2834.913644616008, 2535.49275, 2858.6161260682584, 2979.63547837081, 3025.262565352011, 3248.9721046703335, 3267.747778830528, 3499.4152342404127, 3439.2309674118997, 3348.8675091469763, 3121.8295566699026, 3140.74305, 3017.4012190834283, 3175.1509135949136, 3051.548705395794, 3043.665548809791, 3621.728393514919]
shares:[0, 25.8398, 48.3117, 73.2494, 97.8194, 122.8821, 147.332, 172.5845, 197.837, 221.7033, 245.9164, 270.9791, 295.793, 320.5455, 345.6711, 370.6711, 396.4443, 424.5342, 450.1096, 474.7401, 499.4315, 526.3132, 550.823, 579.3944, 605.9901, 634.7257, 669.4479, 700.4077, 732.981, 765.5543, 797.4014, 831.8842, 868.7846, 904.3718, 939.8328, 974.1971, 1014.1971, 1050.9618, 1087.4582, 1124.6329, 1160.3472, 1196.9772, 1232.1885, 1269.0889, 1308.1514, 1351.4414, 1395.8858, 1443.7327, 1490.6811, 1541.1862, 1593.5422, 1638.7911]
growth_rate:-28.99
