ticker:CRWD
price:[125.19000244140625, 126.27999877929688, 131.42999267578125, 136.38999938964844, 139.8699951171875, 143.57000732421875, 145.33999633789062, 135.4199981689453, 123.83999633789062, 141.7899932861328, 132.17999267578125, 145.72000122070312, 150.8300018310547, 167.25999450683594, 175.9199981689453, 203.75, 221.1199951171875, 211.82000732421875, 223.72999572753906, 219.50999450683594, 223.52000427246094, 215.8000030517578, 223.52999877929688, 242.10000610351562, 239.1999969482422, 216.0, 183.1199951171875, 199.0, 194.6300048828125, 177.68499755859375, 187.02999877929688, 202.67999267578125, 215.1999969482422, 219.3000030517578, 208.50999450683594, 189.17999267578125, 190.63999938964844, 210.60000610351562, 222.14999389648438, 206.94000244140625, 231.27000427246094, 244.91000366210938, 253.24000549316406, 252.58999633789062, 264.44000244140625, 249.9600067138672, 268.9599914550781, 253.61000061035156, 260.739990234375, 243.82000732421875, 237.8800048828125, 282.30999755859375]
assets:[0, 100.00113103332521, 204.0844926269531, 311.7875386047363, 419.735868347168, 530.8357450805664, 637.3740199401855, 693.864986618042, 734.5321702789307, 941.003469442749, 977.2199038513183, 1177.3156058624268, 1318.6011250076294, 1562.241800692749, 1743.1208938568116, 2118.87775, 2399.5057390136717, 2398.586216937256, 2633.458660710144, 2683.795045838928, 2832.825478147888, 2834.9862200912476, 3036.5432684173584, 3388.8190454345704, 3448.235396006775, 3213.7992, 2824.5893006835936, 3169.5327, 3199.931373278808, 3021.3379299865724, 3280.244336590576, 3654.7256279296876, 3980.489783552551, 4156.32716783905, 4051.8287662551884, 3776.202915802002, 3905.336643496704, 4414.218247930909, 4756.298014321899, 4530.640943450928, 5163.310988386535, 5567.833005255127, 5857.213411051941, 5942.179663848877, 6320.962266357421, 6074.853031169128, 6636.6146851531985, 6357.850549301148, 6636.588897436523, 6305.916849426269, 6252.295320336914, 7520.060790966797]
shares:[0, 0.7919, 1.5528, 2.286, 3.0009, 3.6974, 4.3854, 5.1238, 5.9313, 6.6366, 7.3931, 8.0793, 8.7423, 9.3402, 9.9086, 10.3994, 10.8516, 11.3237, 11.7707, 12.2263, 12.6737, 13.1371, 13.5845, 13.9976, 14.4157, 14.8787, 15.4248, 15.9273, 16.4411, 17.0039, 17.5386, 18.032, 18.4967, 18.9527, 19.4323, 19.9609, 20.4854, 20.9602, 21.4103, 21.8935, 22.3259, 22.7342, 23.1291, 23.525, 23.9032, 24.3033, 24.6751, 25.0694, 25.4529, 25.863, 26.2834, 26.6376]
growth_rate:47.45
