ticker:CRWS
price:[5.880000114440918, 5.650000095367432, 5.71999979019165, 5.510000228881836, 5.699999809265137, 5.760000228881836, 5.829999923706055, 5.869999885559082, 5.769999980926514, 5.849999904632568, 7.0, 7.480000019073486, 7.550000190734863, 7.869999885559082, 7.110000133514404, 6.820000171661377, 7.150000095367432, 7.199999809265137, 7.400000095367432, 7.28000020980835, 7.590000152587891, 7.610000133514404, 8.010000228881836, 7.769999980926514, 7.599999904632568, 7.630000114440918, 7.809999942779541, 8.0600004196167, 7.900000095367432, 7.679999828338623, 7.75, 7.75, 7.730000019073486, 7.789999961853027, 7.699999809265137, 7.840000152587891, 7.769999980926514, 7.760000228881836, 7.75, 7.980000019073486, 7.739999771118164, 7.739999771118164, 7.480000019073486, 7.550000190734863, 7.619999885559082, 7.550000190734863, 7.46999979019165, 7.320000171661377, 7.389999866485596, 7.96999979019165, 7.179999828338623, 7.300000190734863]
assets:[0, 99.99991668791772, 201.23874461860657, 293.8505162063598, 403.9834964818001, 508.2359241954803, 614.4126149595261, 718.6282789896965, 806.3857703343867, 917.5660500417232, 1197.9422, 1380.086931519127, 1493.0019677175524, 1656.281612915325, 1596.3358079766274, 1631.2253730584146, 1810.1555141440392, 1922.8139490628243, 2076.2254267573358, 2142.557205748129, 2333.7922219181064, 2439.9418338078026, 2668.191151242256, 2688.245168401003, 2729.4290057501794, 2840.2034505996703, 3007.2068949675086, 3203.4681227777482, 3239.8753591112136, 3249.650615364647, 3379.2697000000003, 3479.2695, 3570.290666809559, 3698.0033458911894, 3755.279126978874, 3923.5570843631745, 3988.5251392091277, 4083.392048439979, 4178.1296250000005, 4402.12551452179, 4369.730648781395, 4469.730671824264, 4419.584939269638, 4560.944545222664, 4703.231569364548, 4760.025970252037, 4809.588497914076, 4813.010644869947, 4959.036501405573, 5448.244036576271, 5008.204968262482, 5191.9075956544875]
shares:[0, 17.6991, 35.1816, 53.3304, 70.8743, 88.2354, 105.3881, 122.4239, 139.7549, 156.8489, 171.1346, 184.5036, 197.7486, 210.4551, 224.5198, 239.1826, 253.1686, 267.0575, 280.571, 294.3073, 307.4825, 320.6231, 333.1075, 345.9775, 359.1354, 372.2416, 385.0457, 397.4526, 410.1108, 423.1316, 436.0348, 448.938, 461.8746, 474.7116, 487.6986, 500.4537, 513.3237, 526.2103, 539.1135, 551.6448, 564.5647, 577.4846, 590.8536, 604.0986, 617.222, 630.467, 643.8539, 657.5151, 671.0469, 683.594, 697.5216, 711.2202]
growth_rate:1.8
