ticker:CRZNU
price:[9.989999771118164, 9.899999618530273, 10.010000228881836, 10.03499984741211, 9.989999771118164, 9.991000175476074, 9.994999885559082, 10.0, 10.0, 10.0, 9.970000267028809, 9.960000038146973, 9.960000038146973, 9.970000267028809, 10.0, 10.0, 10.050000190734863, 10.03499984741211, 10.029999732971191, 10.0, 10.100000381469727, 10.100000381469727, 10.039999961853027, 10.039999961853027]
assets:[0, 99.9998961467743, 201.11091459846497, 301.6129589138031, 400.2603298295975, 500.30033288698195, 600.5005926243782, 700.801, 800.801, 900.801, 998.0987207323075, 1097.0979882019044, 1197.0983805849075, 1298.3004137726782, 1402.2069999999999, 1502.2069999999999, 1609.7175755501746, 1707.3147340393066, 1806.4641349064827, 1901.061, 2020.0717862966537, 2120.0718900735856, 2207.47772361269, 2307.4781312327386]
shares:[0, 10.101, 20.091, 30.0561, 40.0661, 50.0751, 60.0801, 70.0801, 80.0801, 90.0801, 100.1102, 110.1504, 120.1906, 130.2207, 140.2207, 150.2207, 160.1709, 170.136, 180.1061, 190.1061, 200.0071, 209.9081, 219.8683, 229.8285]
growth_rate:0.33
