ticker:CSA
price:[42.94499969482422, 41.816001892089844, 42.39400100708008, 40.15599822998047, 40.90999984741211, 44.65999984741211, 44.70500183105469, 45.266998291015625, 42.74100112915039, 44.069000244140625, 46.95500183105469, 48.891998291015625, 50.36000061035156, 51.75, 51.90999984741211, 53.178001403808594, 52.98099899291992, 53.71500015258789, 56.93600082397461, 58.270999908447266, 57.540000915527344, 56.529998779296875, 59.486000061035156, 61.69499969482422, 61.39099884033203, 61.31999969482422, 62.07899856567383, 64.87699890136719, 64.73699951171875, 63.56700134277344, 64.01200103759766, 64.1719970703125, 64.37000274658203, 64.68499755859375, 64.0510025024414, 66.10800170898438, 65.79499816894531, 65.18099975585938, 66.03800201416016, 66.25599670410156, 66.38200378417969, 63.3650016784668, 65.69999694824219, 65.54299926757812, 64.36399841308594, 62.67300033569336, 63.5, 64.7959976196289, 65.38700103759766, 65.5260009765625, 64.36199951171875, 65.16799926757812]
assets:[0, 99.99878692474365, 201.3799835838318, 290.7495051841736, 396.20925752220154, 532.525838180542, 633.0630604293823, 741.0207620239258, 799.6713088260651, 924.5191492218017, 1085.0643553131104, 1229.824435812378, 1366.7502725646973, 1504.4759999999999, 1609.1269392700196, 1748.4341903556824, 1841.958603387451, 1967.4783970890046, 2185.4599236278536, 2336.7020589286803, 2407.387328304291, 2465.1319217681885, 2694.037662364197, 2894.081588184357, 2979.8208581115723, 3076.375328689575, 3214.456753630447, 3459.3388969192506, 3551.8731626098634, 3587.677058885193, 3712.7920781822204, 3822.0713111083987, 3933.8632888526918, 4053.1166675231934, 4113.393811308289, 4345.497108737182, 4424.924170855714, 4483.631502606201, 4642.5838061988825, 4757.909379318237, 4866.9559242462165, 4745.759819709778, 5020.642656791687, 5108.644209112548, 5116.7512182449345, 5082.3228143222805, 5249.3862500000005, 5456.522796347046, 5606.294546363831, 5718.211659020996, 5716.632796630859, 5888.2219898223875]
shares:[0, 2.3914, 4.7502, 7.2405, 9.6849, 11.924, 14.1609, 16.37, 18.7097, 20.9789, 23.1086, 25.1539, 27.1396, 29.072, 30.9984, 32.8789, 34.7664, 36.6281, 38.3845, 40.1006, 41.8385, 43.6075, 45.2886, 46.9095, 48.5384, 50.1692, 51.7801, 53.3215, 54.8662, 56.4393, 58.0015, 59.5598, 61.1133, 62.6593, 64.2206, 65.7333, 67.2532, 68.7874, 70.3017, 71.811, 73.3174, 74.8956, 76.4177, 77.9434, 79.4971, 81.0927, 82.6675, 84.2108, 85.7402, 87.2663, 88.82, 90.3545]
growth_rate:15.46
