ticker:CSB
price:[39.46900177001953, 38.15399932861328, 39.332000732421875, 37.06100082397461, 38.74100112915039, 40.67599868774414, 40.60499954223633, 41.308998107910156, 39.047000885009766, 40.45000076293945, 44.1879997253418, 45.130001068115234, 47.10200119018555, 48.71900177001953, 48.946998596191406, 49.380001068115234, 49.38199996948242, 49.95600128173828, 52.61399841308594, 53.0890007019043, 52.939998626708984, 51.060001373291016, 54.209999084472656, 55.65399932861328, 56.11800003051758, 56.29999923706055, 58.34000015258789, 62.005001068115234, 59.98899841308594, 59.2599983215332, 59.3120002746582, 59.36000061035156, 60.189998626708984, 60.20000076293945, 59.83000183105469, 62.0099983215332, 62.130001068115234, 61.599998474121094, 61.88999938964844, 62.375999450683594, 62.66999816894531, 58.959999084472656, 61.0, 59.91999816894531, 59.189998626708984, 58.18000030517578, 58.0, 58.70000076293945, 59.47999954223633, 60.25, 59.400001525878906, 60.349998474121094]
assets:[0, 100.00163224029541, 203.09078578186035, 291.36617627792356, 404.5722747917175, 524.781397069931, 623.8673944667817, 734.6846622489929, 794.4541847064971, 923.0002524089814, 1108.2968963111878, 1231.9226651565552, 1385.7550056156158, 1533.3282708076476, 1640.5027102500917, 1755.0146179618835, 1855.0842108535767, 1976.649067515564, 2181.818331793213, 2301.514358428955, 2395.0531838710785, 2410.0014288185116, 2658.6806160987853, 2829.499414466095, 2953.0919038059237, 3062.66928849678, 3273.6440965621946, 3579.30069165802, 3562.9265827484132, 3619.630327478409, 3722.806665239334, 3825.8173353378293, 3979.3112842082974, 4079.9707717071533, 4154.8944771575925, 4406.281656732177, 4514.807000616837, 4576.294686641692, 4697.840860670472, 4834.73252942276, 4957.522739154053, 4764.0445740242, 5028.8766000000005, 5039.841085990905, 5078.442692173005, 5091.785630708313, 5176.0302, 5338.50091938591, 5509.436073598862, 5680.761625, 5700.618146438598, 5891.78930103302]
shares:[0, 2.621, 5.1635, 7.8618, 10.443, 12.9015, 15.3643, 17.7851, 20.3461, 22.8183, 25.0814, 27.2972, 29.4203, 31.4729, 33.5159, 35.541, 37.566, 39.5678, 41.4684, 43.352, 45.2409, 47.1994, 49.0441, 50.8409, 52.6229, 54.3991, 56.1132, 57.726, 59.393, 61.0805, 62.7665, 64.4511, 66.1125, 67.7736, 69.445, 71.0576, 72.6671, 74.2905, 75.9063, 77.5095, 79.1052, 80.8013, 82.4406, 84.1095, 85.799, 87.5178, 89.2419, 90.9455, 92.6267, 94.2865, 95.97, 97.627]
growth_rate:15.53
