ticker:CSBR
price:[8.020000457763672, 7.320000171661377, 9.109999656677246, 9.350000381469727, 8.800000190734863, 9.3100004196167, 9.010000228881836, 8.899999618530273, 8.779999732971191, 8.880000114440918, 10.640000343322754, 13.270000457763672, 11.369999885559082, 10.670000076293945, 11.279999732971191, 11.40999984741211, 11.180000305175781, 10.789999961853027, 10.930000305175781, 11.239999771118164, 11.640000343322754, 10.979999542236328, 11.970000267028809, 11.529999732971191, 11.350000381469727, 11.680000305175781, 11.720000267028809, 11.890000343322754, 12.470000267028809, 12.5, 11.350000381469727, 11.319999694824219, 11.0600004196167, 10.899999618530273, 10.729999542236328, 10.140000343322754, 9.550000190734863, 10.029999732971191, 9.40999984741211, 9.649999618530273, 9.579999923706055, 8.449999809265137, 9.539999961853027, 9.420000076293945, 9.649999618530273, 9.109999656677246, 10.460000038146973, 10.449999809265137, 10.550000190734863, 10.789999961853027, 10.0, 9.970000267028809]
assets:[0, 99.9999863451004, 224.45308254117967, 330.3663684785843, 410.9327289067268, 534.747804101944, 617.5165836868287, 709.9778895690919, 800.4049696570397, 909.5215797214507, 1189.7871823910714, 1583.8793876377106, 1457.099595334053, 1467.3928274923326, 1651.2825449095726, 1770.3128213253024, 1834.6268700790404, 1870.6277653865816, 1994.8988426994322, 2151.47870418911, 2328.0443006658556, 2296.0419782764434, 2603.062093069553, 2607.376844614506, 2666.6723746259686, 2844.2050503135683, 2953.9451993027687, 3096.792204419613, 3347.854640689945, 3455.9087499999996, 3237.9655638269423, 3329.406614242554, 3352.936455210495, 3404.4306708543777, 3451.3343967590336, 3361.5591718165397, 3265.965410228634, 3530.118586017609, 3411.905974674225, 3598.9258627325057, 3672.8196487501145, 3339.5954046180723, 3870.3837085237506, 3921.6995777624134, 4117.452187234879, 3987.0450987427707, 4677.88042305994, 4773.40838787508, 4919.087398932838, 5130.9902618598935, 4855.32, 4940.754269329357]
shares:[0, 13.6612, 24.6381, 35.3333, 46.6969, 57.438, 68.5368, 79.7728, 91.1623, 102.4236, 111.8221, 119.3579, 128.153, 137.5251, 146.3903, 155.1545, 164.099, 173.3668, 182.5159, 191.4127, 200.0038, 209.1113, 217.4655, 226.1385, 234.9491, 243.5107, 252.0431, 260.4535, 268.4727, 276.4727, 285.2833, 294.1172, 303.1588, 312.3331, 321.6528, 331.5147, 341.9859, 351.956, 362.583, 372.9457, 383.3841, 395.2184, 405.7006, 416.3163, 426.679, 437.6559, 447.2161, 456.7855, 466.2642, 475.532, 485.532, 495.5621]
growth_rate:-3.12
