ticker:CSCO
price:[40.81999969482422, 39.880001068115234, 39.810001373291016, 38.45000076293945, 38.27000045776367, 39.849998474121094, 40.15999984741211, 38.81999969482422, 35.900001525878906, 37.529998779296875, 41.400001525878906, 40.970001220703125, 42.70000076293945, 44.380001068115234, 44.31999969482422, 45.439998626708984, 44.540000915527344, 44.75, 45.060001373291016, 45.43000030517578, 44.77000045776367, 44.58000183105469, 48.08000183105469, 47.290000915527344, 45.68000030517578, 44.869998931884766, 46.25, 48.81999969482422, 48.97999954223633, 52.56999969482422, 51.97999954223633, 52.09000015258789, 52.79999923706055, 51.90999984741211, 50.90999984741211, 53.43000030517578, 52.900001525878906, 52.43000030517578, 52.900001525878906, 54.06999969482422, 54.77000045776367, 52.06999969482422, 53.060001373291016, 53.540000915527344, 53.7400016784668, 53.70000076293945, 55.22999954223633, 55.369998931884766, 55.59000015258789, 56.470001220703125, 58.220001220703125, 59.02000045776367]
assets:[0, 99.99910267829894, 199.82232089309693, 292.9966958137512, 391.6245686843872, 507.7925905563354, 611.7412136756897, 691.3298465652465, 739.3282214241028, 872.8952296081543, 1062.9077791755676, 1151.8674873199461, 1300.5053832366943, 1451.674272938156, 1549.7108373291017, 1688.8729729587553, 1755.4238780830385, 1863.698775, 1976.6110322410584, 2092.841996058655, 2162.4357921104433, 2253.260528549194, 2530.166824357605, 2588.5931731147766, 2600.4619213729857, 2654.352091814041, 2835.989875, 3093.576920661926, 3203.7131980583194, 3538.528735458374, 3598.8144763069154, 3706.4327068572998, 3856.95018426857, 3891.9366655597687, 3916.96447826004, 4210.850382051086, 4269.083023139953, 4331.153194210053, 4469.981358934784, 4668.847147648621, 4829.290020362854, 4691.2205875053405, 4880.41647831421, 5024.568465919494, 5143.337332642365, 5239.509074440002, 5488.790492507172, 5602.701933921051, 5724.96396071434, 5915.594035876465, 6198.916409973145, 6384.093115515519]
shares:[0, 2.5075, 5.0194, 7.6202, 10.2332, 12.7426, 15.2326, 17.8086, 20.5941, 23.2586, 25.6741, 28.1149, 30.4568, 32.7101, 34.9664, 37.1671, 39.4123, 41.6469, 43.8662, 46.0674, 48.301, 50.5442, 52.6241, 54.7387, 56.9278, 59.1565, 61.3187, 63.367, 65.4086, 67.3108, 69.2346, 71.1544, 73.0483, 74.9747, 76.939, 78.8106, 80.701, 82.6083, 84.4987, 86.3482, 88.174, 90.0945, 91.9792, 93.847, 95.7078, 97.57, 99.3806, 101.1866, 102.9855, 104.7564, 106.474, 108.1683]
growth_rate:25.18
