ticker:CSCW
price:[0.49000000953674316, 0.49000000953674316, 0.5899999737739563, 0.47999998927116394, 0.5400000214576721, 0.49000000953674316, 0.5400000214576721, 0.5, 0.550000011920929, 0.5799999833106995, 0.5299999713897705, 0.5199999809265137, 0.7099999785423279, 0.699999988079071, 0.6600000262260437, 0.7900000214576721, 0.8600000143051147, 0.8500000238418579, 1.0, 1.649999976158142, 1.2400000095367432, 1.159999966621399, 1.1200000047683716, 1.2400000095367432, 1.0399999618530273, 0.9900000095367432, 1.0399999618530273, 1.0199999809265137, 1.0399999618530273, 1.2000000476837158, 1.100000023841858, 1.090000033378601, 1.0299999713897705, 1.0299999713897705, 0.9700000286102295, 0.8299999833106995, 0.8600000143051147, 0.8199999928474426, 0.8500000238418579, 0.7300000190734863, 0.9399999976158142, 0.9218000173568726]
assets:[0, 99.99998594627381, 220.40811920265557, 279.31506575682164, 414.22948046000005, 475.87487726182934, 624.4335608127594, 678.1792, 845.997148336494, 992.1424034514428, 1006.612886661458, 1087.620208106327, 1585.0199270974101, 1662.6956916844606, 1667.6845682678281, 2096.1678869352936, 2381.9042856202486, 2454.2077888386725, 2987.3032, 5029.050272332179, 3879.407609836221, 3729.1231166957614, 3700.532767754924, 4197.018484278941, 3620.0798112162593, 3546.037672159243, 3825.130259695053, 3851.570111977577, 4027.090972287178, 4746.643748614669, 4451.090036474777, 4510.625603126943, 4362.334055827784, 4462.334075050092, 4302.392543899417, 3781.4284639645816, 4018.1067728366015, 3931.2179717094364, 4175.043207106805, 3685.62533729825, 4845.873605709082, 4852.049345940816]
shares:[0, 204.0816, 373.5731, 581.9064, 767.0916, 971.1732, 1156.3584, 1356.3584, 1538.1766, 1710.5904, 1899.2697, 2091.5774, 2232.4225, 2375.2796, 2526.7947, 2653.377, 2769.6561, 2887.3032, 2987.3032, 3047.9093, 3128.5545, 3214.7614, 3304.0471, 3384.6923, 3480.8461, 3581.8562, 3678.01, 3776.0492, 3872.203, 3955.5363, 4046.4454, 4138.1885, 4235.2759, 4332.3633, 4435.4561, 4555.938, 4672.2171, 4794.1683, 4911.8154, 5048.8017, 5155.1847, 5263.6681]
growth_rate:18.34
