ticker:CSF
price:[41.22700119018555, 40.099998474121094, 40.505001068115234, 39.137001037597656, 40.650001525878906, 42.619998931884766, 42.529998779296875, 43.01499938964844, 40.95000076293945, 42.71699905395508, 45.111000061035156, 45.823001861572266, 47.03099822998047, 47.970001220703125, 48.569000244140625, 49.54999923706055, 50.06100082397461, 50.301998138427734, 53.1349983215332, 53.57899856567383, 54.130001068115234, 51.88600158691406, 55.470001220703125, 57.53499984741211, 57.23500061035156, 56.65599822998047, 57.93600082397461, 61.58599853515625, 60.37300109863281, 59.268001556396484, 59.68000030517578, 59.82899856567383, 60.316001892089844, 60.297000885009766, 59.69200134277344, 61.560001373291016, 61.362998962402344, 60.86000061035156, 61.38999938964844, 61.768001556396484, 61.8849983215332, 59.12900161743164, 61.73500061035156, 60.70000076293945, 59.900001525878906, 58.369998931884766, 59.25, 60.09600067138672, 61.0099983215332, 61.14500045776367, 60.08000183105469, 61.7400016784668]
assets:[0, 100.00137619476318, 201.01011830062868, 294.2202327003479, 405.59352022476196, 525.2488668365478, 624.1404910858155, 731.2592911239624, 796.1540098331451, 930.5086620922089, 1082.6594903648377, 1199.7469993400575, 1331.377013393402, 1457.957044100952, 1576.1611959228514, 1707.9983837013244, 1825.6145658485411, 1934.4035800117495, 2143.348935294342, 2261.2587712654113, 2384.513155052185, 2385.6612783645633, 2650.4509573272708, 2849.121685443878, 2934.2667762908936, 3004.580898132324, 3172.4595331192018, 3472.323293609619, 3503.934275062561, 3539.8051001564027, 3664.4116987380985, 3773.558529133606, 3904.272897275543, 4003.0455323547367, 4062.8823485946655, 4290.024155702591, 4376.292496300507, 4440.418676531983, 4579.086193473816, 4707.283807411576, 4816.199994373322, 4701.713518412018, 5008.931009521484, 5024.9524431587215, 5058.722848864746, 5029.509327964783, 5205.33765, 5379.661768901062, 5561.48231599617, 5673.79134047699, 5674.9647169555665, 5931.763271261215]
shares:[0, 2.4938, 4.9626, 7.5177, 9.9777, 12.324, 14.6753, 17.0001, 19.4421, 21.7831, 23.9999, 26.1822, 28.3085, 30.3931, 32.452, 34.4702, 36.4678, 38.4558, 40.3378, 42.2042, 44.0516, 45.9789, 47.7817, 49.5198, 51.267, 53.032, 54.758, 56.3817, 58.0381, 59.7254, 61.401, 63.0724, 64.7303, 66.3888, 68.0641, 69.6885, 71.3181, 72.9612, 74.5901, 76.2091, 77.825, 79.5162, 81.136, 82.7834, 84.4528, 86.166, 87.8538, 89.5178, 91.1569, 92.7924, 94.4568, 96.0765]
growth_rate:16.31
