ticker:CSGP
price:[82.68900299072266, 78.56500244140625, 82.7490005493164, 84.0, 85.51000213623047, 87.43699645996094, 86.06300354003906, 81.98100280761719, 82.36100006103516, 90.26499938964844, 91.70800018310547, 89.20600128173828, 88.43800354003906, 89.322998046875, 84.86399841308594, 90.47000122070312, 90.66300201416016, 92.4280014038086, 91.9520034790039, 85.37200164794922, 89.6050033569336, 89.97100067138672, 90.81800079345703, 93.97599792480469, 91.32499694824219, 82.3759994506836, 79.86900329589844, 81.8550033569336, 81.86599731445312, 81.64700317382812, 86.13800048828125, 88.7490005493164, 90.49299621582031, 93.37300109863281, 85.44300079345703, 85.06700134277344, 82.19000244140625, 83.86900329589844, 85.4000015258789, 84.0999984741211, 86.9749984741211, 87.8949966430664, 88.26499938964844, 82.58000183105469, 86.27999877929688, 87.3499984741211, 89.97000122070312, 88.8499984741211, 86.0, 84.44999694824219, 82.52999877929688, 83.19000244140625]
assets:[0, 99.99753510742187, 205.3250950630188, 308.4312, 413.9795733421326, 523.3104238128662, 615.0836800003051, 685.9104561904907, 789.0925054847717, 964.8154989761354, 1080.2377049568177, 1150.766337134552, 1240.85594006958, 1353.2702173095702, 1385.7187708877564, 1577.2540012817383, 1680.6200683364868, 1813.3357167411805, 1903.9949648376464, 1867.7430404533386, 2060.350565688324, 2168.768965383911, 2289.185773400116, 2468.787055883789, 2499.145071487427, 2354.2484011009215, 2382.6041849212647, 2541.8516047431945, 2642.192316925049, 2735.125618121338, 2985.5689383239746, 3176.0693575584414, 3338.4857149932864, 3544.737915307617, 3343.69221585083, 3428.974263825989, 3413.0056033813476, 3582.724469694519, 3748.129206969452, 3791.0765512161256, 4020.68022946167, 4163.208042496491, 4280.737725898743, 4105.018859020996, 4388.942745904541, 4543.37041063385, 4779.647317849731, 4820.147957220459, 4765.5352, 4779.641812278747, 4770.976699432373, 4909.133553070068]
shares:[0, 1.2728, 2.4813, 3.6718, 4.8413, 5.985, 7.1469, 8.3667, 9.5809, 10.6887, 11.7791, 12.9001, 14.0308, 15.1503, 16.3287, 17.434, 18.537, 19.6189, 20.7064, 21.8777, 22.9937, 24.1052, 25.2063, 26.2704, 27.3654, 28.5793, 29.8314, 31.0531, 32.2746, 33.4994, 34.6603, 35.7871, 36.8922, 37.9632, 39.1336, 40.3091, 41.5258, 42.7181, 43.8891, 45.0782, 46.228, 47.3657, 48.4987, 49.7096, 50.8686, 52.0134, 53.1249, 54.2504, 55.4132, 56.5973, 57.809, 59.0111]
growth_rate:-3.74
