ticker:CSGS
price:[40.880001068115234, 38.869998931884766, 40.060001373291016, 40.650001525878906, 41.369998931884766, 41.63999938964844, 42.58000183105469, 40.13999938964844, 37.880001068115234, 40.08000183105469, 43.0, 42.619998931884766, 43.709999084472656, 44.08000183105469, 43.15999984741211, 46.0, 45.18000030517578, 45.06999969482422, 45.540000915527344, 43.18000030517578, 45.779998779296875, 43.09000015258789, 44.689998626708984, 47.13999938964844, 45.97999954223633, 46.150001525878906, 46.22999954223633, 48.83000183105469, 48.0, 48.65999984741211, 45.880001068115234, 46.66999816894531, 46.9900016784668, 46.599998474121094, 45.9900016784668, 45.4900016784668, 45.65999984741211, 44.560001373291016, 44.040000915527344, 43.27000045776367, 45.43000030517578, 45.400001525878906, 47.18000030517578, 46.790000915527344, 46.060001373291016, 46.16999816894531, 45.38999938964844, 45.36000061035156, 46.060001373291016, 47.439998626708984, 47.43000030517578, 48.29999923706055]
assets:[0, 100.00084625205994, 203.06414696121215, 306.0538614883423, 411.4742833763122, 514.158220463562, 625.7642229095459, 689.9062395095825, 751.061933177948, 894.6818328735351, 1059.864, 1150.497037166977, 1279.9205641914368, 1390.754913771057, 1461.729926832199, 1657.9136, 1728.3609116744997, 1824.1541536483762, 1943.178177065277, 1942.4782217285156, 2159.4425424194337, 2132.5542705516814, 2311.73765596199, 2538.4701111328127, 2576.0064843540194, 2685.5285837928773, 2790.1838843719484, 3047.104423262024, 3095.3088000000002, 3237.870451846695, 3152.887437401199, 3307.1760802459717, 3429.851911513138, 3501.3840853500365, 3555.551415764618, 3616.896386454391, 3730.4128555335997, 3740.5447552795413, 3796.895466931915, 3830.5114065238954, 4121.727637687683, 4219.0039817993165, 4484.416567006683, 4547.347065976715, 4576.401980446624, 4687.330575105286, 4708.141232690429, 4805.030224655151, 4979.182874455642, 5228.362248649597, 5327.261746276856, 5524.978952728272]
shares:[0, 2.5727, 5.069, 7.529, 9.9462, 12.3477, 14.6962, 17.1875, 19.8274, 22.3224, 24.648, 26.9943, 29.2821, 31.5507, 33.8677, 36.0416, 38.255, 40.4738, 42.6697, 44.9856, 47.17, 49.4907, 51.7283, 53.8496, 56.0245, 58.1913, 60.3544, 62.4023, 64.4856, 66.5407, 68.7203, 70.863, 72.9911, 75.137, 77.3114, 79.5097, 81.6998, 83.944, 86.2147, 88.5258, 90.727, 92.9296, 95.0491, 97.1863, 99.3574, 101.5233, 103.7264, 105.931, 108.1021, 110.21, 112.3184, 114.3888]
growth_rate:8.33
