ticker:CSII
price:[32.599998474121094, 34.09000015258789, 35.84000015258789, 36.45000076293945, 37.5, 38.02000045776367, 38.58000183105469, 39.08000183105469, 35.650001525878906, 35.099998474121094, 36.290000915527344, 34.4900016784668, 35.38999938964844, 36.25, 36.54999923706055, 42.22999954223633, 44.09000015258789, 43.7599983215332, 46.369998931884766, 44.66999816894531, 46.650001525878906, 44.9900016784668, 41.5, 43.36000061035156, 41.529998779296875, 41.29999923706055, 40.2400016784668, 41.91999816894531, 40.400001525878906, 39.06999969482422, 37.38999938964844, 36.130001068115234, 38.97999954223633, 40.720001220703125, 40.31999969482422, 35.470001220703125, 36.369998931884766, 38.529998779296875, 39.189998626708984, 38.119998931884766, 39.529998779296875, 41.65999984741211, 44.029998779296875, 42.65999984741211, 43.0, 36.47999954223633, 39.2400016784668, 40.290000915527344, 38.95000076293945, 36.06999969482422, 36.65999984741211, 35.380001068115234]
assets:[0, 99.99960644760131, 205.13382487335207, 308.62580145988466, 417.51750000000004, 523.3072863006591, 631.0145099487305, 739.1943266342163, 774.3144681419373, 862.3683525108337, 991.6061300163269, 1042.4223617298126, 1169.625323828125, 1298.04725, 1408.790480593109, 1727.722187271881, 1903.819433588791, 1989.5702036876678, 2208.2367261341096, 2227.2773777023317, 2426.0006743522645, 2439.6728210182187, 2350.4189, 2555.7641799758912, 2547.8986491088867, 2633.7876813457488, 2666.18983921051, 2877.5018583114625, 2873.1632685173035, 2878.575995515442, 2854.7974943984987, 2858.5948455089565, 3184.085160607529, 3426.2175507110596, 3492.562725565338, 3172.4510971801756, 3352.946564530563, 3652.077493295288, 3814.6368963279724, 3810.486529230881, 4051.4295748901363, 4369.734047994995, 4718.3251171875, 4671.513145290756, 4808.7459, 4179.604747552872, 4595.824312583542, 4818.800950499725, 4758.533278208542, 4506.683150870514, 4680.400510519028, 4616.983999385834]
shares:[0, 2.9334, 5.7236, 8.4671, 11.1338, 13.764, 16.356, 18.9149, 21.7199, 24.5689, 27.3245, 30.2239, 33.0496, 35.8082, 38.5442, 40.9122, 43.1803, 45.4655, 47.6221, 49.8607, 52.0043, 54.227, 56.6366, 58.9429, 61.3508, 63.7721, 66.2572, 68.6427, 71.1179, 73.6774, 76.3519, 79.1197, 81.6851, 84.1409, 86.6211, 89.4404, 92.1899, 94.7853, 97.337, 99.9603, 102.49, 104.8904, 107.1616, 109.5057, 111.8313, 114.5725, 117.1209, 119.6029, 122.1703, 124.9427, 127.6705, 130.497]
growth_rate:-9.47
