ticker:CSIQ
price:[30.299999237060547, 28.420000076293945, 29.280000686645508, 32.18000030517578, 35.900001525878906, 41.619998931884766, 37.970001220703125, 40.369998931884766, 36.349998474121094, 39.849998474121094, 38.83000183105469, 38.43000030517578, 44.16999816894531, 40.529998779296875, 37.95000076293945, 45.02000045776367, 52.709999084472656, 51.2400016784668, 56.06999969482422, 51.27000045776367, 63.0, 54.75, 57.880001068115234, 60.470001220703125, 52.779998779296875, 46.93000030517578, 40.58000183105469, 45.97999954223633, 45.43000030517578, 46.84000015258789, 48.5099983215332, 43.369998931884766, 44.11000061035156, 45.75, 41.2400016784668, 39.630001068115234, 36.619998931884766, 39.04999923706055, 39.58000183105469, 38.83000183105469, 40.27000045776367, 39.38999938964844, 40.43000030517578, 43.08000183105469, 40.810001373291016, 37.63999938964844, 39.02000045776367, 40.25, 40.0099983215332, 38.58000183105469, 32.36000061035156, 36.88999938964844]
assets:[0, 99.99861226844789, 203.0245967611313, 323.1322550643921, 460.4857295722961, 633.8559357330322, 678.2695228057861, 821.1419262741089, 839.3723547653199, 1020.1918409362793, 1094.07801459198, 1182.8062353927612, 1459.4739134979247, 1439.1999916534426, 1447.583804101944, 1817.263832477951, 2227.6774203071595, 2265.5510542125703, 2579.107845962524, 2458.3196169490816, 3120.7554, 2812.085925, 3072.849256706238, 3310.3516058258056, 2989.374682861328, 2758.0385739349363, 2484.855542121887, 2915.518202973938, 2980.6441480224607, 3173.1523903369903, 3386.2840918331144, 3127.4800149765015, 3280.8445023971553, 3502.825875, 3257.5188645809176, 3230.34442506485, 3084.989556018448, 3389.7000387737276, 3535.7053115692142, 3568.706265284729, 3801.049100207901, 3817.985982839966, 4018.790546334839, 4382.2054862594605, 4251.296192059707, 4021.0660787963866, 4268.491498075867, 4503.045225, 4576.195571023178, 4512.637228175354, 3885.093133277893, 4528.959402067566]
shares:[0, 3.5186, 6.9339, 10.0414, 12.8269, 15.2296, 17.8633, 20.3404, 23.0914, 25.6008, 28.1761, 30.7782, 33.0422, 35.5095, 38.1445, 40.3657, 42.2629, 44.2145, 45.998, 47.9485, 49.5358, 51.3623, 53.09, 54.7437, 56.6384, 58.7692, 61.2335, 63.4084, 65.6096, 67.7445, 69.8059, 72.1116, 74.3787, 76.5645, 78.9893, 81.5126, 84.2433, 86.8041, 89.3306, 91.9059, 94.3891, 96.9278, 99.4012, 101.7225, 104.1729, 106.8296, 109.3924, 111.8769, 114.3763, 116.9683, 120.0585, 122.7693]
growth_rate:-11.2
