ticker:CSML
price:[23.143999099731445, 22.51300048828125, 22.952999114990234, 21.62299919128418, 22.809999465942383, 24.1299991607666, 23.889999389648438, 24.1299991607666, 22.610000610351562, 23.899999618530273, 25.6200008392334, 26.385000228881836, 27.440000534057617, 28.229999542236328, 28.260000228881836, 29.131000518798828, 29.440000534057617, 29.18600082397461, 30.709999084472656, 31.389999389648438, 31.829999923706055, 30.448999404907227, 32.54800033569336, 33.50899887084961, 33.37200164794922, 33.319000244140625, 33.349998474121094, 36.33000183105469, 35.60200119018555, 34.57699966430664, 34.970001220703125, 34.87799835205078, 35.189998626708984, 35.19900131225586, 35.03799819946289, 35.93299865722656, 35.8129997253418, 35.869998931884766, 36.11000061035156, 36.31999969482422, 36.529998779296875, 35.38999938964844, 36.14099884033203, 35.902000427246094, 35.185001373291016, 34.33000183105469, 34.40399932861328, 34.8489990234375, 35.358001708984375, 35.36199951171875, 34.599998474121094, 35.880001068115234]
assets:[0, 100.00049686889649, 201.9542580131531, 290.2520050443649, 406.18450348987585, 529.6896765775681, 624.4224700469971, 730.69498258667, 784.6665051818848, 929.4351351652145, 1096.3233899122238, 1229.058165161705, 1378.201466823578, 1517.8790843868258, 1619.4930071165084, 1769.4082322116851, 1888.1756502525327, 1971.8850178699495, 2174.851425163269, 2323.0074878311157, 2455.569906114197, 2449.031291536331, 2717.8556720314027, 2898.1028380428315, 2986.2535210647584, 3081.5110694793702, 3184.3779143035886, 3568.917692875671, 3597.4006500621795, 3593.829614109039, 3734.6772323669434, 3824.8503478797916, 3959.064871497345, 4060.0780849639896, 4141.505402375794, 4347.296349746704, 4432.779110103988, 4539.832609815598, 4670.207486938476, 4797.367111690521, 4925.10594342041, 4871.408642985535, 5074.781721363831, 5141.223904382325, 5138.547785060501, 5113.680350747681, 5224.701430841064, 5392.279711193847, 5571.0385714691165, 5671.6686672851565, 5649.453150856018, 5958.451845377732]
shares:[0, 4.4419, 8.7986, 13.4233, 17.8073, 21.9515, 26.1374, 30.2816, 34.7044, 38.8885, 42.7917, 46.5817, 50.226, 53.7683, 57.3069, 60.7397, 64.1364, 67.5627, 70.819, 74.0047, 77.1464, 80.4306, 83.503, 86.4873, 89.4838, 92.4851, 95.4836, 98.2361, 101.0449, 103.937, 106.7966, 109.6637, 112.5054, 115.3464, 118.2004, 120.9834, 123.7757, 126.5635, 129.3328, 132.0861, 134.8236, 137.6493, 140.4162, 143.2016, 146.0437, 148.9566, 151.8632, 154.7327, 157.5609, 160.3888, 163.279, 166.0661]
growth_rate:16.83
