ticker:CSOD
price:[35.13999938964844, 34.58000183105469, 34.560001373291016, 34.47999954223633, 37.0099983215332, 37.540000915527344, 37.970001220703125, 39.22999954223633, 37.9900016784668, 41.41999816894531, 40.900001525878906, 43.0, 44.81999969482422, 44.45000076293945, 44.0099983215332, 45.34000015258789, 45.619998931884766, 44.040000915527344, 43.22999954223633, 43.40999984741211, 43.290000915527344, 40.900001525878906, 45.869998931884766, 47.40999984741211, 51.61000061035156, 50.52000045776367, 47.790000915527344, 50.720001220703125, 45.18000030517578, 43.93000030517578, 44.709999084472656, 44.970001220703125, 45.810001373291016, 44.529998779296875, 44.27000045776367, 42.25, 42.869998931884766, 44.470001220703125, 43.970001220703125, 48.5, 50.959999084472656, 51.0099983215332, 52.40999984741211, 52.15999984741211, 51.689998626708984, 49.7400016784668, 48.91999816894531, 47.939998626708984, 56.65999984741211, 56.63999938964844, 56.650001525878906, 56.900001525878906]
assets:[0, 99.99844929504394, 199.9399759449005, 299.4760360240936, 421.45135588645934, 527.4858148643493, 633.5294703674316, 754.5537341953278, 830.7045727020263, 1005.7065495407104, 1093.0811707801818, 1249.2059000000002, 1402.077158453369, 1490.501870582962, 1575.7471829036713, 1723.3688717998505, 1834.0106350597382, 1870.4933428848267, 1936.0901134986877, 2044.1508468147276, 2138.5000712265014, 2120.4360391082764, 2478.103757295609, 2661.303449434662, 2997.0649894439694, 3033.766443489075, 2969.8283638938906, 3251.9078062652593, 2996.7126142417906, 3013.8000989364627, 3167.3099871429445, 3285.7286421905515, 3447.1018213371276, 3450.7854604034424, 3530.638784507751, 3469.5404249999997, 3620.452862795639, 3855.575787835693, 3912.2264616119387, 4415.2848, 4739.234050856781, 4843.883935613632, 5076.825660219193, 5152.609936926651, 5206.180478683091, 5109.780424428558, 5125.543888153076, 5122.863459250259, 6154.68115142517, 6252.506524623108, 6353.609246135712, 6481.649873817443]
shares:[0, 2.8918, 5.7853, 8.6855, 11.3875, 14.0513, 16.685, 19.2341, 21.8664, 24.2807, 26.7257, 29.0513, 31.2824, 33.5321, 35.8043, 38.0099, 40.2019, 42.4726, 44.7858, 47.0894, 49.3994, 51.8444, 54.0245, 56.1338, 58.0714, 60.0508, 62.1433, 64.1149, 66.3283, 68.6046, 70.8412, 73.0649, 75.2478, 77.4935, 79.7524, 82.1193, 84.4519, 86.7006, 88.9749, 91.0368, 92.9991, 94.9595, 96.8675, 98.7847, 100.7193, 102.7298, 104.774, 106.8599, 108.6248, 110.3903, 112.1555, 113.913]
growth_rate:27.09
