ticker:CSPI
price:[8.890000343322754, 8.65999984741211, 8.890000343322754, 9.0, 8.550000190734863, 8.460000038146973, 8.34000015258789, 7.730000019073486, 7.090000152587891, 7.170000076293945, 7.75, 8.010000228881836, 8.0600004196167, 7.690000057220459, 7.920000076293945, 7.489999771118164, 7.789999961853027, 7.730000019073486, 8.989999771118164, 11.430000305175781, 11.300000190734863, 9.949999809265137, 10.550000190734863, 10.010000228881836, 9.1899995803833, 8.390000343322754, 8.0, 8.600000381469727, 8.869999885559082, 7.960000038146973, 8.720000267028809, 8.699999809265137, 8.989999771118164, 9.479999542236328, 8.979999542236328, 8.649999618530273, 10.350000381469727, 10.899999618530273, 10.210000038146973, 10.800000190734863, 11.319999694824219, 10.729999542236328, 11.600000381469727, 10.579999923706055, 10.550000190734863, 10.140000343322754, 10.25, 10.180000305175781, 10.289999961853027, 9.300000190734863, 8.880000114440918, 9.119999885559082]
assets:[0, 99.99961623802184, 202.65555882635115, 305.16299999999995, 389.9048036980629, 485.80027419052124, 578.9094345916749, 636.5670475707054, 683.863128717804, 791.5794804229737, 955.6122, 1087.6715230796813, 1194.4606281855583, 1239.6280092239379, 1376.7043092618942, 1401.9586831584932, 1558.1121683700562, 1646.1112340617178, 2014.429703713417, 2661.171533052063, 2730.9049460954666, 2504.6467869875905, 2755.681149820328, 2714.6319820709227, 2592.254427637291, 2466.5963369342803, 2451.9392, 2735.834701353264, 2921.727403303814, 2721.9785290446284, 3081.8660943746568, 3174.7978403971674, 3380.6246859306334, 3664.885347032547, 3571.5900739349363, 3540.3401788690567, 4336.129554816627, 4666.551436683655, 4471.145859705257, 4829.518165292358, 5162.050040836334, 4993.003562988281, 5497.842220798302, 5114.411109119224, 5199.909414009858, 5097.8273746035575, 5253.1291, 5317.254407400514, 5474.710101704216, 5047.988953529834, 4920.015567406655, 5152.988719338513]
shares:[0, 11.5473, 22.7959, 33.907, 45.6029, 57.4232, 69.4136, 82.3502, 96.4546, 110.4016, 123.3048, 135.7892, 148.1961, 161.2, 173.8263, 187.1774, 200.0144, 212.951, 224.0745, 232.8234, 241.673, 251.7233, 261.202, 271.192, 282.0734, 293.9924, 306.4924, 318.1203, 329.3943, 341.9571, 353.425, 364.9193, 376.0428, 386.5913, 397.7272, 409.2879, 418.9497, 428.124, 437.9183, 447.1776, 456.0115, 465.3312, 473.9519, 483.4037, 492.8824, 502.7443, 512.5004, 522.3236, 532.0418, 542.7945, 554.0558, 565.0207]
growth_rate:1.04
