ticker:CSQ
price:[13.75, 13.289999961853027, 13.40999984741211, 13.069999694824219, 13.479999542236328, 14.119999885559082, 14.050000190734863, 13.90999984741211, 12.800000190734863, 13.899999618530273, 14.359999656677246, 14.5, 14.979999542236328, 15.5600004196167, 15.300000190734863, 15.84000015258789, 15.84000015258789, 15.789999961853027, 15.600000381469727, 15.670000076293945, 16.020000457763672, 15.539999961853027, 16.440000534057617, 16.770000457763672, 17.030000686645508, 16.399999618530273, 16.579999923706055, 17.09000015258789, 17.110000610351562, 17.09000015258789, 17.420000076293945, 18.190000534057617, 18.309999465942383, 18.219999313354492, 17.979999542236328, 17.889999389648438, 16.93000030517578, 17.229999542236328, 17.729999542236328, 17.760000228881836, 17.989999771118164, 17.600000381469727, 18.059999465942383, 18.239999771118164, 18.219999313354492, 18.049999237060547, 18.270000457763672, 18.34000015258789, 18.520000457763672, 18.700000762939453, 18.510000228881836, 18.799999237060547]
assets:[0, 100.0006047129631, 200.90325371398927, 295.8093820930481, 405.08881424369815, 524.322191750431, 621.7223434401512, 715.5276101509094, 758.4294513014793, 923.6063246526718, 1054.1718827965738, 1164.45005, 1302.9978101825714, 1453.4471911960602, 1529.1600490630149, 1683.1299042137146, 1783.1294091770171, 1877.500471464157, 1954.9093678037643, 2063.6810310476303, 2209.7748331432344, 2243.564184492588, 2473.5000083522796, 2623.1500556030273, 2763.8192474365237, 2761.5762557647704, 2891.8869026927946, 3080.841671507263, 3184.4465845962523, 3280.724604291916, 3444.073375083923, 3696.308153523445, 3820.6926585597994, 3901.913062951088, 3950.5151554214476, 4030.7403034835816, 3914.446318560791, 4083.809693502045, 4302.319136920166, 4409.598488828658, 4566.703873899079, 4567.703459002304, 4787.0864004396435, 4934.799106076432, 5029.38848446064, 5082.462830173874, 5244.410939401246, 5364.505064632415, 5517.1562883689885, 5670.778971361542, 5713.161547644996, 5902.6696004585265]
shares:[0, 7.5245, 14.9816, 22.6327, 30.0511, 37.1333, 44.2507, 51.4398, 59.2523, 66.4465, 73.4103, 80.3069, 86.9825, 93.4092, 99.9451, 106.2582, 112.5713, 118.9044, 125.3147, 131.6963, 137.9385, 144.3735, 150.4562, 156.4192, 162.2912, 168.3888, 174.4202, 180.2716, 186.1161, 191.9675, 197.708, 203.2055, 208.667, 214.1555, 219.7172, 225.3069, 231.2136, 237.0174, 242.6576, 248.2882, 253.8468, 259.5286, 265.0657, 270.5482, 276.0367, 281.5769, 287.0504, 292.503, 297.9026, 303.2502, 308.6527, 313.9718]
growth_rate:15.74
