ticker:CSSE
price:[12.960000038146973, 12.760000228881836, 13.380000114440918, 14.100000381469727, 14.880000114440918, 14.75, 14.1899995803833, 14.680000305175781, 14.819999694824219, 14.600000381469727, 14.859999656677246, 16.15999984741211, 16.600000381469727, 16.440000534057617, 18.25, 17.75, 19.829999923706055, 19.989999771118164, 19.309999465942383, 25.530000686645508, 24.0, 23.280000686645508, 27.790000915527344, 32.599998474121094, 31.18000030517578, 25.56999969482422, 23.56999969482422, 24.920000076293945, 27.200000762939453, 23.979999542236328, 27.969999313354492, 32.56999969482422, 34.529998779296875, 31.329999923706055, 30.479999542236328, 35.41999816894531, 34.81999969482422, 40.0, 38.9900016784668, 35.02000045776367, 37.5099983215332, 39.459999084472656, 42.38999938964844, 40.470001220703125, 39.0099983215332, 37.83000183105469, 37.130001068115234, 35.880001068115234, 30.56999969482422, 21.950000762939453, 20.200000762939453, 23.59000015258789]
assets:[0, 100.00012179374694, 204.85850575218203, 315.88230854606627, 433.3561953329086, 529.570725, 609.4647389773369, 730.5105791862488, 837.4767007545471, 925.0443441696167, 1041.5180579369546, 1232.6330763610838, 1366.1949713953018, 1453.0264312019349, 1713.001575, 1766.0699749999999, 2073.024226024246, 2189.750551927757, 2215.262448732376, 3028.82822146225, 2947.3127999999997, 2958.8927432727814, 3632.114213658142, 4360.7746558891295, 4270.827535800933, 3602.4063940055844, 3420.6386317108154, 3716.5588433784487, 4156.598036589432, 3764.5290041374205, 4490.905044751167, 5329.487676063538, 5750.204730718995, 5317.315055051423, 5273.052112806702, 6227.67513205719, 6222.180737466431, 7247.8240000000005, 7164.81830443573, 6535.28890342598, 7099.963751296616, 7569.063130387116, 8231.082370484924, 7958.267907046508, 7771.162260633469, 7636.095576603699, 7594.796911478806, 7439.11543745575, 6438.176443728637, 4722.766554154206, 4446.236307931137, 5292.411816233062]
shares:[0, 7.837, 15.3108, 22.403, 29.1234, 35.9031, 42.9503, 49.7623, 56.5099, 63.3592, 70.0887, 76.2768, 82.3009, 88.3836, 93.8631, 99.4969, 104.5398, 109.5423, 114.721, 118.638, 122.8047, 127.1002, 130.6986, 133.7661, 136.9733, 140.8841, 145.1268, 149.1396, 152.8161, 156.9862, 160.5615, 163.6318, 166.5278, 169.7196, 173.0004, 175.8237, 178.6956, 181.1956, 183.7604, 186.6159, 189.2819, 191.8161, 194.1751, 196.6461, 199.2095, 201.8529, 204.5461, 207.3332, 210.6044, 215.1602, 220.1107, 224.3498]
growth_rate:3.77
