ticker:CSSEN
price:[25.479000091552734, 25.201000213623047, 24.80500030517578, 24.709999084472656, 24.760000228881836, 24.9950008392334, 25.0, 24.875, 24.885000228881836, 25.22100067138672, 24.972999572753906, 24.899999618530273, 25.350000381469727, 25.0, 25.06999969482422, 24.209999084472656, 24.540000915527344, 24.690000534057617, 24.610000610351562, 25.489999771118164, 25.899999618530273, 25.700000762939453, 25.764999389648438, 25.979999542236328, 26.07699966430664, 25.950000762939453, 26.0, 25.81999969482422, 25.56999969482422, 25.700000762939453, 25.899999618530273, 25.709999084472656, 25.905000686645508, 25.899999618530273, 26.81999969482422, 26.6299991607666, 26.639999389648438, 26.450000762939453, 26.600000381469727, 26.38800048828125, 26.350000381469727, 26.408000946044922, 26.700000762939453, 26.38800048828125, 26.299999237060547, 26.190000534057617, 26.530000686645508, 26.649999618530273, 26.479999542236328, 26.489999771118164, 26.360000610351562, 26.32900047302246]
assets:[0, 100.00008894767761, 198.42759994125367, 297.66653297119143, 398.26955568161014, 502.049586856842, 602.15, 699.1392375, 799.4206783527375, 910.213303730011, 1001.2624502700806, 1098.3364931734086, 1218.1866633314132, 1301.3674999999998, 1405.010527896881, 1456.8124849090575, 1576.670518821716, 1686.307284475708, 1780.843630166626, 1944.522475539589, 2075.79949942646, 2159.7715241157534, 2265.232981338501, 2384.1351959918975, 2493.0367912067413, 2580.896250879288, 2685.8702, 2767.2765412925723, 2840.4817710990906, 2954.9244077209473, 3077.9196946666716, 3155.3393386390685, 3279.272588921356, 3378.639410237503, 3598.653919052124, 3673.161000241852, 3774.5415935211186, 3847.6207759830477, 3969.4409169256214, 4037.804754315185, 4131.990989818954, 4241.0853399333955, 4387.979585384369, 4436.7042412963865, 4521.908778823471, 4602.997353862762, 4762.7532722688675, 4884.294670085907, 4953.13687437439, 5055.007186323166, 5130.199134786987, 5224.166046156502]
shares:[0, 3.9681, 7.9995, 12.0464, 16.0852, 20.086, 24.086, 28.1061, 32.1246, 36.0895, 40.0938, 44.1099, 48.0547, 52.0547, 56.0435, 60.174, 64.249, 68.2992, 72.3626, 76.2857, 80.1467, 84.0378, 87.919, 91.7681, 95.6029, 99.4565, 103.3027, 107.1757, 111.0865, 114.9776, 118.8386, 122.7281, 126.5884, 130.4494, 134.178, 137.9332, 141.687, 145.4677, 149.2271, 153.0167, 156.8118, 160.5985, 164.3438, 168.1334, 171.9357, 175.754, 179.5233, 183.2756, 187.052, 190.827, 194.6206, 198.4187]
growth_rate:2.43
