ticker:CSSEP
price:[23.048999786376953, 23.200000762939453, 23.079999923706055, 23.25, 23.089000701904297, 23.139999389648438, 23.075000762939453, 23.1200008392334, 22.549999237060547, 22.56999969482422, 23.0, 23.020000457763672, 22.93000030517578, 22.979999542236328, 23.1299991607666, 23.367000579833984, 24.600000381469727, 24.51099967956543, 24.889999389648438, 25.100000381469727, 25.350000381469727, 25.610000610351562, 25.889999389648438, 25.729999542236328, 25.975000381469727, 26.18000030517578, 26.350000381469727, 26.565000534057617, 27.138999938964844, 26.72100067138672, 27.010000228881836, 27.260000228881836, 27.1200008392334, 27.267000198364258, 28.0, 28.649999618530273, 29.06599998474121, 28.899999618530273, 28.6299991607666, 28.270000457763672, 27.76799964904785, 27.520000457763672, 28.489999771118164, 28.389999389648438, 27.75, 27.450000762939453, 27.450000762939453, 27.34000015258789, 27.0, 27.75, 27.350000381469727, 27.8700008392334]
assets:[0, 99.99896328849792, 199.4827473405838, 300.95265, 398.86941382560735, 499.7499388183594, 598.3463072834014, 699.5141213916779, 782.2684935333251, 882.9632150611877, 999.7846999999999, 1100.6529798870085, 1196.3498359222413, 1298.9582621246336, 1407.437318933487, 1521.8576972637177, 1702.1601263952255, 1796.0018328207018, 1923.7729428253174, 2040.00504100399, 2160.324497508812, 2282.4810603973388, 2407.435962245178, 2492.5576836547853, 2616.292950922966, 2736.9410079040526, 2854.714246327782, 2978.0082853693007, 3142.354241532898, 3193.95586605072, 3328.4990492055895, 3459.307659045219, 3541.541245593643, 3660.736565031433, 3859.1448000000005, 4048.731996091843, 4207.518586191177, 4283.4885834594725, 4343.468624679565, 4388.852550066757, 4410.918976251602, 4471.523978378677, 4729.131985007287, 4812.533585536194, 4804.043925, 4852.108799858474, 4952.109152637863, 5032.263310085678, 5069.682, 5310.5064, 5333.958439396477, 5535.372346683503]
shares:[0, 4.3103, 8.6431, 12.9442, 17.2753, 21.5968, 25.9305, 30.2558, 34.6904, 39.1211, 43.4689, 47.8129, 52.174, 56.5256, 60.849, 65.1285, 69.1935, 73.2733, 77.291, 81.2751, 85.2199, 89.1246, 92.9871, 96.8736, 100.7235, 104.5432, 108.3383, 112.1027, 115.7874, 119.5298, 123.2321, 126.9005, 130.5878, 134.2552, 137.8266, 141.317, 144.7574, 148.2176, 151.7104, 155.2477, 158.849, 162.4827, 165.9927, 169.5151, 173.1187, 176.7617, 180.4047, 184.0623, 187.766, 191.3696, 195.0259, 198.614]
growth_rate:8.54
