ticker:CSTE
price:[10.850000381469727, 10.300000190734863, 10.119999885559082, 9.279999732971191, 10.260000228881836, 11.989999771118164, 11.430000305175781, 10.640000343322754, 9.649999618530273, 11.289999961853027, 11.59000015258789, 12.039999961853027, 12.170000076293945, 11.649999618530273, 11.680000305175781, 11.25, 10.960000038146973, 12.890000343322754, 12.9399995803833, 13.029999732971191, 13.760000228881836, 12.579999923706055, 13.029999732971191, 13.6899995803833, 13.229999542236328, 12.609999656677246, 13.020000457763672, 13.229999542236328, 14.109999656677246, 13.729999542236328, 13.890000343322754, 13.90999984741211, 14.180000305175781, 13.899999618530273, 13.960000038146973, 17.030000686645508, 16.020000457763672, 15.539999961853027, 16.5, 16.350000381469727, 15.899999618530273, 14.59000015258789, 14.399999618530273, 14.449999809265137, 14.0600004196167, 13.34000015258789, 13.119999885559082, 13.270000457763672, 13.579999923706055, 13.970000267028809, 13.039999961853027, 13.25]
assets:[0, 99.99961185178758, 198.25180975809096, 281.7964718914032, 411.5552851810455, 580.9502599100113, 653.816591456604, 708.6272148653984, 742.6929206409454, 968.9123127262117, 1094.6581294116972, 1237.159360080242, 1350.5170784664153, 1392.8122093935012, 1496.3984230979918, 1541.3085, 1601.5771335743905, 1983.6073498330118, 2091.301914183521, 2205.8473517947195, 2429.4284884107587, 2321.090497923279, 2504.1183786821366, 2730.957780292511, 2739.194671222687, 2710.827110194397, 2898.9668999233245, 3045.7244996166232, 3348.3127955292703, 3358.13820803833, 3497.27151244297, 3602.3074354839327, 3772.2303271842957, 3797.7426057752614, 3914.135522695732, 4874.909222555161, 4685.792461894226, 4645.393944596672, 5032.368, 5086.61918867836, 5046.620128922462, 4730.829434476853, 4769.22083365879, 4885.780470509434, 4853.915666863728, 4705.351553821564, 4727.752598761558, 4881.804924403381, 5095.848799370957, 5342.195158113099, 5086.558425119877, 5268.474275]
shares:[0, 9.7087, 19.5901, 30.366, 40.1126, 48.4529, 57.2018, 66.6003, 76.963, 85.8204, 94.4485, 102.7541, 110.971, 119.5547, 128.1163, 137.0052, 146.1293, 153.8873, 161.6153, 169.2899, 176.5573, 184.5064, 192.181, 199.4856, 207.0442, 214.9744, 222.6549, 230.2135, 237.3007, 244.584, 251.7834, 258.9725, 266.0247, 273.2189, 280.3822, 286.2542, 292.4964, 298.9314, 304.992, 311.1082, 317.3975, 324.2515, 331.1959, 338.1163, 345.2287, 352.725, 360.347, 367.8828, 375.2466, 382.4048, 390.0735, 397.6207]
growth_rate:3.3
