ticker:CSTL
price:[48.04999923706055, 48.599998474121094, 51.040000915527344, 49.619998931884766, 51.43000030517578, 54.86000061035156, 49.970001220703125, 51.84000015258789, 46.43000030517578, 51.70000076293945, 50.36000061035156, 48.08000183105469, 44.470001220703125, 52.0, 59.7400016784668, 62.33000183105469, 71.30999755859375, 67.1500015258789, 79.61000061035156, 74.13999938964844, 79.16999816894531, 66.83000183105469, 92.79000091552734, 95.54000091552734, 90.73999786376953, 76.08000183105469, 68.9800033569336, 64.19000244140625, 66.52999877929688, 59.970001220703125, 71.08000183105469, 69.51000213623047, 65.51000213623047, 67.58000183105469, 69.02999877929688, 60.31999969482422, 55.16999816894531, 57.66999816894531, 59.93000030517578, 63.29999923706055, 71.88999938964844, 73.45999908447266, 73.37999725341797, 70.94000244140625, 73.38999938964844, 64.98999786376953, 68.80000305175781, 69.8499984741211, 71.81999969482422, 64.44000244140625, 66.20999908447266, 74.29000091552734]
assets:[0, 99.99935686035155, 205.01747567749024, 299.31279555702207, 410.2313974342346, 537.5896039810181, 589.6709994049072, 711.7372820949554, 737.4616238471984, 921.1647635936737, 997.2891640869141, 1052.1394880691528, 1073.1411754577637, 1354.8548, 1656.51855854187, 1828.3384097106934, 2191.7484299621583, 2163.88865417099, 2665.4065084350586, 2582.266522741699, 2857.4589929122926, 2512.0729388275145, 3587.883128400421, 3794.2182723587034, 3703.5893088088987, 3205.235261141968, 3006.114056293488, 2897.3698161987304, 3102.992408065796, 2897.0308189697266, 3533.7351830307007, 3555.6798942756654, 3451.066912536621, 3660.1126251693727, 3838.6408811187744, 3454.2911345237735, 3259.3717708236695, 3507.0682976486205, 3744.504328067779, 4055.067581125259, 4705.3514290512085, 4908.1123028305055, 5002.769368748473, 4936.416821887207, 5206.903032696534, 4710.936474150848, 5087.113505648804, 5264.748054991151, 5513.233548573304, 5046.709007202148, 5285.325733916474, 6030.3273863159175]
shares:[0, 2.0576, 4.0168, 6.0321, 7.9765, 9.7993, 11.8005, 13.7295, 15.8833, 17.8175, 19.8032, 21.8831, 24.1318, 26.0549, 27.7288, 29.3332, 30.7355, 32.2247, 33.4808, 34.8296, 36.0927, 37.589, 38.6667, 39.7134, 40.8154, 42.1298, 43.5795, 45.1374, 46.6405, 48.308, 49.7149, 51.1535, 52.68, 54.1597, 55.6083, 57.2661, 59.0787, 60.8127, 62.4813, 64.0611, 65.4521, 66.8134, 68.1762, 69.5858, 70.9484, 72.4871, 73.9406, 75.3722, 76.7646, 78.3164, 79.8267, 81.1728]
growth_rate:18.24
