ticker:CSTR
price:[10.40999984741211, 10.600000381469727, 9.859999656677246, 9.029999732971191, 9.869999885559082, 10.619999885559082, 10.4399995803833, 10.880000114440918, 10.390000343322754, 10.670000076293945, 11.640000343322754, 12.510000228881836, 12.84000015258789, 12.9399995803833, 12.920000076293945, 14.75, 14.149999618530273, 14.75, 16.0, 15.569999694824219, 15.09000015258789, 14.5, 15.390000343322754, 15.149999618530273, 15.90999984741211, 16.209999084472656, 16.469999313354492, 17.799999237060547, 18.899999618530273, 17.579999923706055, 17.649999618530273, 18.170000076293945, 18.34000015258789, 17.979999542236328, 19.190000534057617, 19.540000915527344, 20.899999618530273, 21.610000610351562, 21.889999389648438, 22.469999313354492, 21.690000534057617, 20.25, 20.31999969482422, 20.450000762939453, 20.420000076293945, 20.329999923706055, 20.799999237060547, 21.200000762939453, 21.270000457763672, 20.780000686645508, 20.59000015258789, 21.350000381469727]
assets:[0, 100.0004035987854, 193.01935327911377, 276.7712978155136, 402.5173483328819, 533.1038162552833, 624.0676789167404, 750.3696718927383, 816.5750629825592, 938.5812217111587, 1123.9072171497344, 1307.910515929413, 1442.4122331413269, 1553.6462256185532, 1651.2444857507705, 1985.12875, 2004.377160964012, 2189.3690500000002, 2474.9088, 2508.395458834839, 2531.0653425937653, 2532.10455, 2787.5230461845395, 2844.0533733880998, 3086.7261173961638, 3244.9289637290954, 3396.9752393777844, 3771.291178355789, 4104.348487159538, 3917.695950997925, 4033.294957828331, 4252.123430854225, 4391.907346540451, 4405.696823832703, 4802.186331644822, 4989.771759790802, 5437.063840761947, 5721.768462605285, 5895.9049716064455, 6152.1240280014035, 6038.56555668335, 5737.665375, 5857.500008029176, 5994.974983657838, 6086.181022739411, 6159.3556808853145, 6401.750965185165, 6624.862438413619, 6746.737795200348, 6691.311915104866, 6730.129809875488, 7078.545656475449]
shares:[0, 9.434, 19.576, 30.6502, 40.7819, 50.1981, 59.7766, 68.9678, 78.5924, 87.9645, 96.5556, 104.5492, 112.3374, 120.0654, 127.8053, 134.585, 141.6521, 148.4318, 154.6818, 161.1044, 167.7313, 174.6279, 181.1256, 187.7263, 194.0117, 200.1807, 206.2523, 211.8703, 217.1613, 222.8496, 228.5153, 234.0189, 239.4715, 245.0332, 250.2442, 255.3619, 260.1466, 264.7741, 269.3424, 273.7928, 278.4032, 283.3415, 288.2628, 293.1528, 298.05, 302.9688, 307.7765, 312.4935, 317.195, 322.0073, 326.864, 331.5478]
growth_rate:38.8
