ticker:CSWC
price:[14.210000038146973, 14.880000114440918, 14.0600004196167, 14.15999984741211, 14.399999618530273, 14.34000015258789, 13.829999923706055, 14.020000457763672, 13.279999732971191, 15.180000305175781, 15.630000114440918, 16.90999984741211, 17.31999969482422, 17.65999984741211, 17.209999084472656, 17.0, 16.56999969482422, 17.75, 18.610000610351562, 18.290000915527344, 18.309999465942383, 18.200000762939453, 19.75, 20.5, 21.559999465942383, 21.899999618530273, 21.59000015258789, 22.010000228881836, 21.719999313354492, 21.969999313354492, 22.40999984741211, 23.8799991607666, 23.389999389648438, 23.760000228881836, 24.479999542236328, 24.280000686645508, 23.75, 24.920000076293945, 26.899999618530273, 27.100000381469727, 27.649999618530273, 24.610000610351562, 24.260000228881836, 25.020000457763672, 26.479999542236328, 25.43000030517578, 25.229999542236328, 24.8700008392334, 26.34000015258789, 26.56999969482422, 25.940000534057617, 26.399999618530273]
assets:[0, 99.99955276908874, 194.4891738044739, 295.8717808116913, 400.8859093801499, 499.21555731201175, 581.4616017923355, 689.4503465110779, 753.0596488577843, 960.8014213157654, 1089.2844049756052, 1278.4906844635009, 1409.4894511650086, 1537.1581747184753, 1597.989718991089, 1678.4916, 1736.0355540267944, 1959.6639, 2154.611901664734, 2217.563845002747, 2319.9886233316424, 2406.0510208610535, 2710.9620250000003, 2913.90895, 3164.57887761097, 3314.4839122659687, 3367.5672028003696, 3533.0782517404555, 3586.5279186172484, 3727.8101644918443, 3902.4684094284057, 4258.453386341858, 4271.072363548278, 4438.636530757713, 4673.141336614609, 4734.961905906105, 4731.60325, 5064.695959505844, 5567.108251052666, 5708.498550354958, 5924.3525132654195, 5372.995610255432, 5396.581252914238, 5665.641493658066, 6096.249326613235, 5954.518490457916, 6007.686754998779, 6021.964802210045, 6477.906865526581, 6634.470469798279, 6577.162361411857, 6793.797021832275]
shares:[0, 6.7204, 13.8328, 20.8949, 27.8393, 34.8128, 42.0435, 49.1762, 56.7063, 63.2939, 69.6919, 75.6056, 81.3793, 87.0418, 92.8524, 98.7348, 104.7698, 110.4036, 115.7771, 121.2446, 126.7061, 132.2006, 137.2639, 142.1419, 146.7801, 151.3463, 155.9781, 160.5215, 165.1256, 169.6773, 174.1396, 178.3272, 182.6025, 186.8113, 190.8963, 195.0149, 199.2254, 203.2382, 206.9557, 210.6457, 214.2623, 218.3257, 222.4477, 226.4445, 230.2209, 234.1533, 238.1168, 242.1377, 245.9342, 249.6978, 253.5529, 257.3408]
growth_rate:33.21
