ticker:CSWI
price:[75.45999908447266, 74.33999633789062, 75.13999938964844, 75.61000061035156, 78.58999633789062, 85.55000305175781, 87.1500015258789, 85.0199966430664, 85.52999877929688, 103.01000213623047, 106.55000305175781, 108.5, 108.25, 106.43000030517578, 110.04000091552734, 110.55999755859375, 111.69999694824219, 111.91000366210938, 122.06999969482422, 124.86000061035156, 126.0, 116.5199966430664, 118.98999786376953, 128.22000122070312, 131.33999633789062, 125.56999969482422, 128.2100067138672, 138.3300018310547, 132.0, 135.6999969482422, 136.32000732421875, 140.33999633789062, 140.52000427246094, 141.27000427246094, 135.41000366210938, 134.1999969482422, 128.92999267578125, 124.80000305175781, 121.81999969482422, 118.91999816894531, 115.55999755859375, 115.08999633789062, 117.94000244140625, 119.01000213623047, 118.51000213623047, 114.51000213623047, 116.52999877929688, 118.29000091552734, 127.68000030517578, 129.85000610351562, 131.27000427246094, 137.0399932861328]
assets:[0, 100.00216307373047, 201.07463836669922, 302.33414844055176, 414.2478706970215, 550.9334646530151, 661.2332065773011, 745.0727405815124, 849.5438188751222, 1123.169558292389, 1261.765136138916, 1384.86145, 1481.671875, 1556.7622574638367, 1709.5704502235412, 1817.6505838623048, 1936.397637095642, 2040.0410297576902, 2325.250389186859, 2478.3960961151124, 2601.0306, 2505.331403821564, 2658.4388352729798, 2964.6515802246095, 3136.7931325378418, 3098.992250468445, 3264.14984493103, 3621.7976069412234, 3556.0668, 3755.7416755371096, 3872.905936083984, 4087.1217133483888, 4192.358119467162, 4314.739105491638, 4235.760324554443, 4297.915942263794, 4229.135833752442, 4193.666982548522, 4193.531669494629, 4193.701843428039, 4175.217379791259, 4258.237792504883, 4463.687066400146, 4604.187556645203, 4684.842596447754, 4626.7193813133235, 4808.330727630615, 4980.955358551025, 5476.348429089355, 5669.420071487426, 5831.42052679596, 6187.739408850098]
shares:[0, 1.3452, 2.676, 3.9986, 5.271, 6.4399, 7.5873, 8.7635, 9.9327, 10.9035, 11.842, 12.7637, 13.6875, 14.6271, 15.5359, 16.4404, 17.3357, 18.2293, 19.0485, 19.8494, 20.6431, 21.5013, 22.3417, 23.1216, 23.883, 24.6794, 25.4594, 26.1823, 26.9399, 27.6768, 28.4104, 29.123, 29.8346, 30.5425, 31.281, 32.0262, 32.8018, 33.6031, 34.424, 35.2649, 36.1303, 36.9992, 37.8471, 38.6874, 39.5312, 40.4045, 41.2626, 42.108, 42.8912, 43.6613, 44.4231, 45.1528]
growth_rate:21.33
