ticker:CSX
price:[25.170000076293945, 25.72333335876465, 26.610000610351562, 26.02666664123535, 25.71666717529297, 26.15999984741211, 26.703332901000977, 27.09666633605957, 26.31333351135254, 28.726667404174805, 30.200000762939453, 30.51333236694336, 30.43000030517578, 30.616666793823242, 30.143333435058594, 30.219999313354492, 30.016666412353516, 30.25, 31.946666717529297, 31.139999389648438, 29.213333129882812, 28.586666107177734, 29.516666412353516, 30.046667098999023, 30.696666717529297, 30.516666412353516, 30.543333053588867, 31.28333282470703, 30.25666618347168, 32.5533332824707, 32.41999816894531, 32.76333236694336, 32.880001068115234, 34.369998931884766, 33.58333206176758, 34.37666702270508, 33.9033317565918, 32.76333236694336, 33.37333297729492, 33.206668853759766, 32.40999984741211, 31.583332061767578, 31.969999313354492, 32.58000183105469, 31.829999923706055, 31.510000228881836, 32.810001373291016, 32.31999969482422, 32.29999923706055, 33.869998931884766, 33.72999954223633, 33.45000076293945]
assets:[0, 99.99945843219757, 203.4467596664429, 298.98653837451934, 395.42461782073974, 502.2406050704956, 612.6732590806961, 721.6980305278778, 800.83578008461, 974.2850336797715, 1124.255428401947, 1235.921168190384, 1332.5449283638002, 1440.7193043169023, 1518.4463071243288, 1622.3092891386034, 1711.3942321670534, 1824.69815, 2027.0415605606079, 2075.857753312683, 2047.422295074463, 2103.501228164291, 2271.9332337585447, 2412.7293400493622, 2564.9244505832676, 2649.8842112503053, 2752.198654792786, 2918.8788558761594, 2923.087442985344, 3244.9683469299316, 3331.6767738296508, 3466.960133404922, 3579.307052274704, 3841.5072846176145, 3853.583245758438, 4044.614259889984, 4088.9248878364565, 4051.4350484985353, 4226.866114906311, 4305.755999590302, 4302.456648743821, 4292.71490217247, 4445.268554525375, 4630.087412219238, 4623.501651917839, 4677.019880972862, 4969.980264022827, 4995.75729682846, 5092.666589709091, 5440.206002439118, 5517.718602116775, 5571.913807086182]
shares:[0, 3.8875, 7.6455, 11.4877, 15.3762, 19.1988, 22.9437, 26.6342, 30.4346, 33.9157, 37.227, 40.5043, 43.7905, 47.0567, 50.3742, 53.6833, 57.0148, 60.3206, 63.4508, 66.6621, 70.0852, 73.5833, 76.9712, 80.2994, 83.5571, 86.834, 90.108, 93.3046, 96.6097, 99.6816, 102.7661, 105.8183, 108.8597, 111.7692, 114.7469, 117.6558, 120.6054, 123.6576, 126.654, 129.6654, 132.7509, 135.9171, 139.045, 142.1144, 145.2561, 148.4297, 151.4776, 154.5717, 157.6677, 160.6202, 163.5849, 166.5744]
growth_rate:9.25
