ticker:CTAQW
price:[1.809999942779541, 1.909999966621399, 1.4900000095367432, 1.2100000381469727, 1.2000000476837158, 1.2000000476837158, 0.9380000233650208, 0.9200000166893005, 0.9800000190734863, 0.9390000104904175, 0.8299999833106995, 0.8100000023841858, 0.8309999704360962, 0.8140000104904175, 0.8309999704360962, 0.8899999856948853, 0.800000011920929, 0.9279999732971191, 0.949999988079071, 0.9200000166893005, 0.9200000166893005, 0.9700000286102295, 1.0, 0.949999988079071, 0.9390000104904175, 0.8489999771118164, 0.8100000023841858, 0.6700000166893005, 0.6899999976158142, 0.6899999976158142]
assets:[0, 99.99995825242996, 178.01045013935567, 244.55879471006392, 342.5376136112213, 442.5375775848627, 445.9168629075229, 537.3598657480002, 672.4050610868454, 744.2738504149556, 757.8777987609029, 839.6157084713578, 961.3834502975344, 1041.7161878251077, 1163.4718401079772, 1346.0770073642848, 1309.9568995198786, 1619.549914998007, 1757.9444829407037, 1802.4305446970702, 1902.4305905111255, 2105.823599111438, 2270.9521, 2257.404506673306, 2331.2662184446813, 2207.8220632793423, 2206.4027464944124, 1925.0492069518268, 2082.513280804205, 2182.5132554586708]
shares:[0, 52.356, 119.4701, 202.1147, 285.448, 368.7813, 475.3911, 584.0868, 686.1276, 792.6239, 913.1058, 1036.5626, 1156.8995, 1279.7496, 1400.0865, 1512.4461, 1637.4461, 1745.2047, 1850.4679, 1959.1636, 2067.8593, 2170.9521, 2270.9521, 2376.2153, 2482.7116, 2600.4972, 2723.954, 2873.2077, 3018.1352, 3163.0627]
growth_rate:-24.74
