ticker:CTAQ
price:[10.369999885559082, 10.15999984741211, 10.489999771118164, 10.149999618530273, 9.930000305175781, 9.949999809265137, 9.760000228881836, 9.8100004196167, 9.75, 9.795000076293945, 9.859999656677246, 9.84000015258789, 9.8100004196167, 9.779999732971191, 9.739999771118164, 9.729999542236328, 9.710000038146973, 9.75, 9.779999732971191, 9.699999809265137, 9.699999809265137, 9.699999809265137, 9.720000267028809, 9.729999542236328, 9.699999809265137, 9.699999809265137, 9.739999771118164, 9.680000305175781, 9.699999809265137, 9.699999809265137, 9.670000076293945, 9.670100212097168]
assets:[0, 99.99979849815368, 203.24794156532286, 296.6601288505554, 390.23014499282834, 491.01657058753966, 581.6403816400527, 684.6203092842102, 780.4329, 884.0349983858108, 989.9015675318718, 1087.893688869858, 1184.5771706695557, 1280.9540470253944, 1375.7145796718596, 1474.3021796390533, 1571.272206172943, 1677.7449000000001, 1782.906665320301, 1868.3227832624436, 1968.3229912961008, 2068.3231993297577, 2172.588215685558, 2274.823296977234, 2367.809723440838, 2467.809931474495, 2577.9860614194868, 2662.1055959266664, 2767.605885579491, 2867.606093613148, 2958.7376593437193, 3058.7687382888794]
shares:[0, 9.8425, 19.3754, 29.2276, 39.2981, 49.3484, 59.5943, 69.788, 80.0444, 90.2537, 100.3957, 110.5583, 120.752, 130.9769, 141.2438, 151.5213, 161.82, 172.0764, 182.3013, 192.6106, 202.9199, 213.2292, 223.5173, 233.7948, 244.1041, 254.4134, 264.6803, 275.0109, 285.3202, 295.6295, 305.9708, 316.312]
growth_rate:-1.33
