ticker:CTAQU
price:[10.199999809265137, 10.210000038146973, 10.380000114440918, 10.260000228881836, 10.369999885559082, 10.59000015258789, 10.850000381469727, 10.524999618530273, 10.859999656677246, 10.630999565124512, 10.899999618530273, 10.5, 10.270000457763672, 10.229999542236328, 10.079999923706055, 9.930000305175781, 10.100000381469727, 10.0600004196167, 10.079999923706055, 10.050000190734863, 10.050000190734863, 10.020000457763672, 9.970000267028809, 9.949999809265137, 9.949999809265137, 9.994999885559082, 10.010000228881836, 10.005000114440918, 10.0, 10.0, 10.039999961853027, 10.039999961853027, 9.975000381469727, 10.029999732971191, 10.0, 9.920000076293945, 9.911999702453613, 9.9399995803833, 9.9399995803833]
assets:[0, 99.9998033736229, 201.66471822338104, 299.3334546775818, 402.54265555763243, 511.0829383640289, 623.6308969259262, 704.9507919496536, 827.3886218433381, 909.9423350775719, 1032.9668038490295, 1095.0597, 1171.0727471981047, 1266.5117943271637, 1347.9409337976456, 1427.8824078826906, 1552.3276386302948, 1646.1802406644822, 1749.452530758667, 1844.2453850011825, 1944.2448968990325, 2038.4408371261595, 2128.269038001919, 2224.000077367401, 2324.0005604504586, 2434.511107625294, 2538.1646870359423, 2636.896819661808, 2735.579, 2835.579, 2946.9217128031732, 3046.9221204232217, 3127.196534592056, 3244.4391186232565, 3334.735, 3408.0566982110977, 3505.3083195748327, 3615.210649384022, 3715.2110211625095]
shares:[0, 9.7943, 19.4282, 29.1748, 38.818, 48.2609, 57.4775, 66.9787, 76.1868, 85.5933, 94.7676, 104.2914, 114.0285, 123.8037, 133.7243, 143.7948, 153.6958, 163.6362, 173.5568, 183.507, 193.4572, 203.4372, 213.4673, 223.5176, 233.5679, 243.5729, 253.5629, 263.5579, 273.5579, 283.5579, 293.5181, 303.4783, 313.5034, 323.4735, 333.4735, 343.5541, 353.6429, 363.7033, 373.7637]
growth_rate:-2.23
