ticker:CTAS
price:[331.1099853515625, 320.95001220703125, 318.2699890136719, 327.1700134277344, 335.04998779296875, 339.5299987792969, 348.3999938964844, 338.07000732421875, 314.54998779296875, 340.92999267578125, 356.0, 361.8500061035156, 361.0899963378906, 363.4700012207031, 349.1099853515625, 354.3500061035156, 338.3999938964844, 353.4599914550781, 350.1499938964844, 326.07000732421875, 324.4800109863281, 318.1199951171875, 344.9800109863281, 342.44000244140625, 343.489990234375, 324.3399963378906, 339.3500061035156, 358.2900085449219, 333.04998779296875, 346.6099853515625, 348.30999755859375, 352.4800109863281, 350.5199890136719, 353.7200012207031, 345.1400146484375, 360.6700134277344, 358.0799865722656, 348.42999267578125, 353.5400085449219, 352.20001220703125, 352.8399963378906, 354.8599853515625, 378.260009765625, 383.5, 388.32000732421875, 386.2200012207031, 395.3399963378906, 394.17999267578125, 391.29998779296875, 389.4100036621094, 391.80999755859375, 391.69000244140625]
assets:[0, 100.00802380371093, 199.17335912475588, 304.75886750793455, 412.1114849853516, 517.6134831390381, 631.1265889434815, 712.4149264343262, 762.8466303955078, 926.8181850891114, 1067.7864, 1185.3482499938964, 1282.8444299896241, 1391.2904706726074, 1436.3083017333986, 1557.864366833496, 1587.738931362915, 1758.3927654907227, 1841.9290278930664, 1815.264337774658, 1906.4174085479738, 1969.035521777344, 2235.297981185913, 2318.832476531982, 2425.9324050292967, 2390.677679006958, 2601.3214067871095, 2846.506630886841, 2745.997149353027, 2957.7963099975586, 3072.3031644653324, 3209.0837640228274, 3291.242488842773, 3421.2859678070067, 3438.2848259277343, 3693.0084684906005, 3766.5001467590328, 3764.995128857422, 3920.2283847503663, 4005.3594188232423, 4112.632429315186, 4236.176561132813, 4615.528639160157, 4779.4838, 4939.54698916626, 5012.82663984375, 5231.1783655426025, 5315.83254522705, 5377.009652258301, 5451.039113262939, 5584.62461920166, 5682.912738421631]
shares:[0, 0.3116, 0.6258, 0.9315, 1.23, 1.5245, 1.8115, 2.1073, 2.4252, 2.7185, 2.9994, 3.2758, 3.5527, 3.8278, 4.1142, 4.3964, 4.6919, 4.9748, 5.2604, 5.5671, 5.8753, 6.1896, 6.4795, 6.7715, 7.0626, 7.3709, 7.6656, 7.9447, 8.245, 8.5335, 8.8206, 9.1043, 9.3896, 9.6723, 9.962, 10.2393, 10.5186, 10.8056, 11.0885, 11.3724, 11.6558, 11.9376, 12.202, 12.4628, 12.7203, 12.9792, 13.2321, 13.4858, 13.7414, 13.9982, 14.2534, 14.5087]
growth_rate:11.43
