ticker:CTBI
price:[32.540000915527344, 30.639999389648438, 29.489999771118164, 28.25, 29.15999984741211, 31.209999084472656, 30.899999618530273, 32.68000030517578, 31.81999969482422, 30.270000457763672, 34.36000061035156, 34.27000045776367, 34.66999816894531, 35.72999954223633, 37.380001068115234, 37.0, 37.06999969482422, 37.04999923706055, 39.220001220703125, 39.06999969482422, 39.369998931884766, 36.459999084472656, 39.18000030517578, 39.11000061035156, 39.380001068115234, 40.86000061035156, 44.22999954223633, 47.189998626708984, 45.939998626708984, 45.029998779296875, 44.7599983215332, 44.4900016784668, 45.20000076293945, 45.43000030517578, 44.560001373291016, 45.380001068115234, 44.900001525878906, 45.11000061035156, 44.18000030517578, 44.22999954223633, 43.2400016784668, 40.0099983215332, 40.70000076293945, 40.380001068115234, 40.20000076293945, 40.09000015258789, 39.27000045776367, 39.7599983215332, 40.560001373291016, 41.93000030517578, 41.400001525878906, 42.459999084472656]
assets:[0, 99.9997660079956, 196.24710147686005, 287.994625, 397.2729219211579, 525.2018645935059, 619.9837723461151, 755.6988630569457, 835.8127499839783, 895.0990485363006, 1116.043743824768, 1213.1203192043304, 1327.2784739013673, 1467.8598411941528, 1635.6441827377319, 1719.0163, 1822.2685099983214, 1921.2869904365539, 2133.8151524139403, 2225.6537886154174, 2342.7432824409484, 2269.5802530097963, 2538.8953637756345, 2634.3596881118774, 2752.5478726581573, 2955.9963141555786, 3299.796807848358, 3620.629049634934, 3624.725613645554, 3652.9235609741213, 3731.018896089554, 3808.513205683136, 3969.2923069984436, 4089.4905094711303, 4111.177022702026, 4286.830876899719, 4341.488907540894, 4461.794072369385, 4469.809916875458, 4574.868080651855, 4572.470189491653, 4330.9102753131865, 4505.599974459457, 4570.176216888428, 4649.805448246765, 4737.082526029968, 4740.1914342556, 4899.338321174622, 5097.917620606613, 5370.109315084839, 5402.232379109954, 5640.551872377777]
shares:[0, 3.2637, 6.6547, 10.1945, 13.6239, 16.828, 20.0642, 23.1242, 26.2669, 29.5705, 32.4809, 35.3989, 38.2832, 41.082, 43.7572, 46.4599, 49.1575, 51.8566, 54.4063, 56.9658, 59.5058, 62.2485, 64.8008, 67.3577, 69.8971, 72.3445, 74.6054, 76.7245, 78.9013, 81.122, 83.3561, 85.6038, 87.8162, 90.0174, 92.2616, 94.4652, 96.6924, 98.9092, 101.1727, 103.4336, 105.7463, 108.2457, 110.7027, 113.1792, 115.6668, 118.1612, 120.7077, 123.2228, 125.6883, 128.0732, 130.4887, 132.8439]
growth_rate:10.6
