ticker:CTG
price:[4.900000095367432, 5.03000020980835, 4.800000190734863, 4.889999866485596, 4.960000038146973, 4.699999809265137, 5.039999961853027, 5.699999809265137, 5.559999942779541, 5.800000190734863, 6.190000057220459, 6.300000190734863, 6.710000038146973, 6.920000076293945, 6.570000171661377, 6.5, 6.550000190734863, 6.119999885559082, 6.789999961853027, 6.519999980926514, 6.880000114440918, 6.519999980926514, 6.670000076293945, 7.099999904632568, 6.699999809265137, 8.319999694824219, 8.5600004196167, 9.899999618530273, 8.850000381469727, 9.180000305175781, 9.739999771118164, 10.5, 11.260000228881836, 11.569999694824219, 9.899999618530273, 10.109999656677246, 9.5600004196167, 10.140000343322754, 10.170000076293945, 9.859999656677246, 9.520000457763672, 9.609999656677246, 9.600000381469727, 9.65999984741211, 9.539999961853027, 9.510000228881836, 9.15999984741211, 8.90999984741211, 8.399999618530273, 8.380000114440918, 8.619999885559082, 8.609999656677246]
assets:[0, 99.99992517113687, 195.42720776557923, 299.0914628337383, 403.37299510231014, 482.2284404302597, 617.1132193291664, 797.9258732995987, 878.3276469607354, 1016.2412334194183, 1184.5747399502277, 1305.6252695282935, 1490.5943004741669, 1637.24503005085, 1654.4364192272187, 1736.8091, 1850.1693838766096, 1828.7079858040809, 2128.9094280395507, 2144.2545617272376, 2362.649143299961, 2339.021957157469, 2492.833822513962, 2753.541133014345, 2698.4121931818963, 3450.863809423065, 3650.4078989453315, 4321.8497834692, 3963.4717858411786, 4211.261797997284, 4568.15729265213, 5024.6049, 5488.290759560395, 5739.388594615173, 5010.97192691574, 5217.2653228282925, 5033.438688932514, 5438.814292148781, 5554.904891672135, 5485.581228993416, 5396.423683483887, 5547.439571814537, 5641.6677441797265, 5776.92817074852, 5805.165342787265, 5886.909822683144, 5770.251219878769, 5712.76579616623, 5485.772630874253, 5572.7118081033705, 5832.311748569012, 5925.545550719547]
shares:[0, 19.8807, 40.714, 61.1639, 81.3252, 102.6018, 122.4431, 139.987, 157.9726, 175.214, 191.3691, 207.2421, 222.1452, 236.5961, 251.8168, 267.2014, 282.4686, 298.8085, 313.536, 328.8734, 343.4083, 358.7457, 373.7382, 387.8227, 402.7481, 414.7673, 426.4495, 436.5505, 447.8499, 458.7431, 469.01, 478.5338, 487.4148, 496.0578, 506.1588, 516.05, 526.5103, 536.3722, 546.205, 556.347, 566.8512, 577.257, 587.6737, 598.0257, 608.5079, 619.0231, 629.9401, 641.1634, 653.0682, 665.0014, 676.6023, 688.2167]
growth_rate:16.19
