ticker:CTHR
price:[0.6800000071525574, 0.6800000071525574, 0.8799999952316284, 0.8199999928474426, 0.8799999952316284, 0.9100000262260437, 0.8899999856948853, 0.8799999952316284, 0.8500000238418579, 1.0, 1.0399999618530273, 1.090000033378601, 1.2100000381469727, 1.2300000190734863, 1.309999942779541, 1.2999999523162842, 1.3200000524520874, 1.2300000190734863, 1.340000033378601, 1.350000023841858, 1.440000057220459, 1.7300000190734863, 2.390000104904175, 2.3399999141693115, 2.2899999618530273, 2.380000114440918, 2.259999990463257, 2.859999895095825, 3.109999895095825, 2.859999895095825, 2.930000066757202, 3.140000104904175, 3.049999952316284, 2.9100000858306885, 3.140000104904175, 2.8299999237060547, 2.680000066757202, 2.799999952316284, 2.5899999141693115, 2.740000009536743, 2.809999942779541, 2.7300000190734863, 3.190000057220459, 2.9200000762939453, 2.8299999237060547, 2.609999895095825, 2.640000104904175, 2.6500000953674316, 2.619999885559082, 2.690000057220459, 2.549999952316284, 2.9100000858306885]
assets:[0, 99.9999850518465, 229.41177475690841, 313.7700452630997, 436.7288616335392, 551.617354897517, 639.4939147213101, 732.3086280319095, 807.3436226453781, 1049.816, 1191.8085482847214, 1349.107102313125, 1597.6326253676416, 1724.0397357345105, 1936.1723174284937, 2021.3924158557654, 2152.4909535323022, 2105.730143653345, 2394.0475436342954, 2511.9135893619896, 2779.374494442415, 3439.109595916653, 4851.139996930885, 4849.651226115846, 4846.026242274571, 5136.48173698473, 4977.49923699596, 6398.958903287577, 7058.308347914457, 6590.920094246483, 6852.2367451215505, 7443.352664674759, 7330.007850402618, 7093.5489052247995, 7754.207337060093, 7088.664180896759, 6812.940193706274, 7217.996957078242, 6776.646974426913, 7269.117275300622, 7554.824503159953, 7439.740632978678, 8793.32352072978, 8149.061168919182, 7997.891084384919, 7476.146861509943, 7662.080224463701, 7791.103100383949, 7802.901213171292, 8111.376138541508, 7789.22245934546, 8988.877939127684]
shares:[0, 147.0588, 260.6952, 382.6464, 496.2828, 606.1729, 718.5325, 832.1689, 949.816, 1049.816, 1145.9698, 1237.7129, 1320.3575, 1401.6583, 1477.9942, 1554.9173, 1630.6749, 1711.9757, 1786.6026, 1860.6767, 1930.1211, 1987.9246, 2029.7656, 2072.5006, 2116.1687, 2158.1855, 2202.4333, 2237.3983, 2269.5526, 2304.5176, 2338.6473, 2370.4944, 2403.2813, 2437.6456, 2469.4927, 2504.8284, 2542.1418, 2577.8561, 2616.4661, 2652.9625, 2688.5497, 2725.1797, 2756.5277, 2790.7743, 2826.11, 2864.4242, 2902.303, 2940.0388, 2978.2067, 3015.3814, 3054.5971, 3088.9614]
growth_rate:76.25
