ticker:CTIB
price:[1.3799999952316284, 1.3899999856948853, 1.399999976158142, 1.4700000286102295, 1.5, 1.6100000143051147, 1.6799999475479126, 2.0899999141693115, 1.850000023841858, 1.809999942779541, 1.75, 2.119999885559082, 2.190000057220459, 2.119999885559082, 1.9500000476837158, 1.9299999475479126, 1.909999966621399, 1.7200000286102295, 1.8700000047683716, 1.909999966621399, 2.0199999809265137, 1.8799999952316284, 2.319999933242798, 2.4100000858306885, 2.299999952316284, 2.5199999809265137, 2.259999990463257, 2.4200000762939453, 2.549999952316284, 2.309999942779541, 2.369999885559082, 2.190000057220459, 1.8799999952316284, 1.850000023841858, 1.8200000524520874, 1.6699999570846558, 1.6299999952316284, 1.7100000381469727, 1.8600000143051147, 1.840000033378601, 1.9600000381469727, 2.0, 2.0, 2.009999990463257, 2.490000009536743, 2.190000057220459, 2.2899999618530273, 2.440000057220459, 1.8700000047683716, 1.75, 1.809999942779541, 2.069999933242798]
assets:[0, 99.99993497085572, 200.719396581769, 310.75536004815103, 417.09735, 547.6844918662667, 671.4968190348744, 935.3740275866985, 927.9627869591117, 1007.8986491367817, 1074.48775, 1401.6650603359221, 1547.9465714448452, 1598.4686777121542, 1570.28979839859, 1654.1842340438245, 1737.0424026439546, 1664.2476036828516, 1909.3853838688015, 2050.227771170819, 2268.3038325819493, 2211.0946903918502, 2828.584750608444, 3038.314582207727, 2999.636247811389, 3386.557918367672, 3137.151186761856, 3459.2504750577923, 3745.077829968929, 3492.599793485642, 3683.3165991425517, 3503.571289541531, 3107.631908117902, 3158.042170699239, 3206.83081042031, 3042.531338813603, 3069.6564150200843, 3320.314427070141, 3711.5699505453945, 3771.660588419974, 4117.63844414053, 4301.6718, 4401.6718, 4523.680049536729, 5703.961794846272, 5116.737595690441, 5450.378300207234, 5907.39019853425, 4627.384949799514, 4430.440525, 4682.341160974741, 5454.942691078878]
shares:[0, 71.9424, 143.371, 211.3982, 278.0649, 340.1767, 399.7005, 447.5474, 501.6015, 556.8501, 613.993, 661.1628, 706.8249, 753.9947, 805.2768, 857.0903, 909.4463, 967.5858, 1021.0617, 1073.4177, 1122.9227, 1176.1142, 1219.2176, 1260.7114, 1304.1897, 1343.8722, 1388.12, 1429.4423, 1468.658, 1511.948, 1554.1421, 1599.8042, 1652.9957, 1707.0498, 1761.9949, 1821.8751, 1883.2248, 1941.7043, 1995.4677, 2049.8155, 2100.8359, 2150.8359, 2200.8359, 2250.5871, 2290.7477, 2336.4098, 2380.0779, 2421.0615, 2474.5374, 2531.6803, 2586.9289, 2635.2381]
growth_rate:6.96
