ticker:CTIC
price:[1.0199999809265137, 1.0399999618530273, 1.1299999952316284, 1.0499999523162842, 2.990000009536743, 3.190000057220459, 3.1700000762939453, 3.5, 3.25, 3.259999990463257, 3.430000066757202, 3.7100000381469727, 3.7100000381469727, 3.259999990463257, 3.5299999713897705, 3.5299999713897705, 3.450000047683716, 3.2200000286102295, 3.390000104904175, 3.240000009536743, 3.369999885559082, 3.319999933242798, 3.75, 3.309999942779541, 3.2899999618530273, 3.25, 2.9700000286102295, 3.319999933242798, 3.200000047683716, 2.7899999618530273, 2.5399999618530273, 2.5799999237060547, 2.4600000381469727, 2.450000047683716, 2.4200000762939453, 2.25, 2.180000066757202, 2.5399999618530273, 2.390000104904175, 2.309999942779541, 2.5199999809265137, 2.309999942779541, 2.3399999141693115, 2.5999999046325684, 2.380000114440918, 2.25, 2.4100000858306885, 2.369999885559082, 2.799999952316284, 2.700000047683716, 2.5999999046325684, 2.8499999046325684]
assets:[0, 99.99994833202362, 208.65382111952306, 293.881861653924, 936.8635799881696, 1099.530176722765, 1192.6364487037658, 1416.7909, 1415.59145, 1519.9469595535754, 1699.2079700712443, 1937.918890926075, 2037.9189739542962, 1890.7318604688883, 2147.326163596177, 2247.3261207856895, 2296.3952417393207, 2243.3022139321088, 2461.737394178915, 2452.8109032197, 2651.226089967728, 2711.890485470414, 3163.1295, 2891.9889870057586, 2974.5146275110246, 3038.35025, 2876.584617710352, 3315.5760333317517, 3295.7360491102936, 2973.46980134449, 2807.0299038426397, 2951.2350807281496, 2913.968445186615, 3002.1229934295416, 3065.362308639908, 2950.02675, 2958.248318589163, 3546.7662847329143, 3437.311773873782, 3422.2549822281358, 3833.3690349858284, 3613.9214524804115, 3760.8553500526427, 4278.728063057184, 4016.6821631398197, 3897.283275, 4274.423629231, 4303.478498196601, 5184.27859171226, 5099.125860053801, 5010.268976224423, 5592.025567878199]
shares:[0, 96.1538, 184.6494, 279.8875, 313.3323, 344.6803, 376.226, 404.7974, 435.5666, 466.2414, 495.3959, 522.3501, 549.3043, 579.9791, 608.3077, 636.6363, 665.6218, 696.6777, 726.1762, 757.0404, 786.714, 816.8345, 843.5012, 873.7127, 904.1078, 934.877, 968.547, 998.6675, 1029.9175, 1065.7598, 1105.1299, 1143.8896, 1184.54, 1225.3563, 1266.6786, 1311.123, 1356.9946, 1396.3647, 1438.2057, 1481.4957, 1521.1782, 1564.4682, 1607.2032, 1645.6647, 1687.6815, 1732.1259, 1773.6197, 1815.8138, 1851.5281, 1888.5651, 1927.0266, 1962.1143]
growth_rate:9.65
