ticker:CTLP
price:[8.569999694824219, 8.199999809265137, 8.380000114440918, 8.100000381469727, 8.640000343322754, 8.210000038146973, 8.100000381469727, 8.600000381469727, 8.3100004196167, 8.34000015258789, 8.3100004196167, 8.149999618530273, 8.5, 9.4399995803833, 9.859999656677246, 11.069999694824219, 11.510000228881836, 10.479999542236328, 10.630000114440918, 10.359999656677246, 10.539999961853027, 9.920000076293945, 9.84000015258789, 10.029999732971191, 10.979999542236328, 10.350000381469727, 9.449999809265137, 10.199999809265137, 12.260000228881836, 11.90999984741211, 12.020000457763672, 12.430000305175781, 12.15999984741211, 11.039999961853027, 10.350000381469727, 11.079999923706055, 10.40999984741211, 11.84000015258789, 12.210000038146973, 12.449999809265137, 12.430000305175781, 12.390000343322754, 11.75, 12.25, 11.220000267028809, 9.979999542236328, 10.170000076293945, 10.34000015258789, 10.800000190734863, 10.0, 10.020000457763672, 10.100000381469727]
assets:[0, 99.99981767396928, 202.1951567612648, 295.43941391372675, 415.135600496006, 494.47516629753113, 587.8502376848221, 724.1372321205139, 799.7187073821067, 902.6056905139924, 999.3589884630203, 1080.1170044439316, 1226.5023999999999, 1462.1388790065764, 1627.1917993415832, 1926.8773568801878, 2103.465202828407, 2015.2315999752045, 2144.075275082779, 2189.6159714377404, 2327.6599155756, 2290.7383216178896, 2372.2646287864686, 2518.0705499613764, 2856.5720529075625, 2792.6702229293824, 2649.8290865169524, 2960.1327646470068, 3657.9635502904894, 3653.5353731918335, 3787.2797742328644, 4016.4637366104125, 4029.219597439957, 3758.107619014454, 3623.2256685411458, 3978.777004603195, 3838.182558740616, 4465.425273548126, 4704.969668699456, 4897.450199970723, 4989.583600502015, 5073.526724585724, 4911.45535, 5220.453875, 4881.510200176811, 4442.01995225296, 4626.587284708024, 4803.924778891755, 5117.639490380764, 4838.555, 4948.231936059952, 5087.7388421602245]
shares:[0, 12.1951, 24.1283, 36.474, 48.0481, 60.2284, 72.5741, 84.202, 96.2357, 108.2261, 120.2598, 132.5297, 144.2944, 154.8876, 165.0296, 174.063, 182.7511, 192.2931, 201.7004, 211.3529, 220.8406, 230.9212, 241.0838, 251.0539, 260.1614, 269.8232, 280.4052, 290.2091, 298.3657, 306.762, 315.0815, 323.1266, 331.3503, 340.4083, 350.0701, 359.0954, 368.7015, 377.1474, 385.3374, 393.3695, 401.4146, 409.4856, 417.9962, 426.1595, 435.0722, 445.0922, 454.925, 464.5962, 473.8555, 483.8555, 493.8355, 503.7365]
growth_rate:-0.24
