ticker:CTMX
price:[6.559999942779541, 6.730000019073486, 7.400000095367432, 6.800000190734863, 6.46999979019165, 6.815000057220459, 6.860000133514404, 6.760000228881836, 6.619999885559082, 7.019999980926514, 7.400000095367432, 7.320000171661377, 7.420000076293945, 7.400000095367432, 7.579999923706055, 7.820000171661377, 7.420000076293945, 6.550000190734863, 7.400000095367432, 7.929999828338623, 6.650000095367432, 6.909999847412109, 8.039999961853027, 9.0, 8.920000076293945, 7.849999904632568, 7.78000020980835, 8.5, 8.270000457763672, 7.619999885559082, 7.869999885559082, 7.71999979019165, 7.510000228881836, 9.15999984741211, 9.359999656677246, 8.550000190734863, 8.15999984741211, 8.40999984741211, 7.159999847412109, 6.769999980926514, 7.159999847412109, 7.179999828338623, 6.449999809265137, 6.239999771118164, 6.070000171661377, 5.789999961853027, 5.550000190734863, 5.409999847412109, 5.25, 4.849999904632568, 4.659999847412109, 5.190000057220459]
assets:[0, 99.99972428340912, 209.95502270579337, 292.9317682165146, 378.7162617190361, 498.9104796889782, 602.205111720562, 693.426627478218, 779.0654185321807, 926.1387694836616, 1076.2715538704397, 1164.6361833118915, 1280.5465811668396, 1377.0948777472972, 1510.5916547956465, 1658.4202804049492, 1673.5906632081985, 1577.3612209324838, 1882.0568242549896, 2116.852393176317, 1875.1663618916987, 2048.4812017650606, 2483.4715682168007, 2880.0054, 2954.4057132694247, 2700.0098221983435, 2775.9336388604165, 3132.83225, 3148.061682252502, 3000.6325109350205, 3199.0786144808767, 3238.1052759972094, 3250.022442050743, 4064.0748403003695, 4252.810380007839, 3984.7788888931273, 3903.0168710155485, 4122.594540201188, 3609.8428030700684, 3513.217020102024, 3815.6032986850737, 3926.2615641298767, 3627.073542742729, 3608.9824916233065, 3610.6612991105553, 3544.1070336499215, 3497.2010851870536, 3508.9832470298766, 3505.2055499999997, 3338.142414360809, 3307.3696517028807, 3783.529763713932]
shares:[0, 14.8588, 28.3723, 43.0782, 58.5342, 73.2077, 87.785, 102.5779, 117.6836, 131.9286, 145.4421, 159.1033, 172.5804, 186.0939, 199.2865, 212.0742, 225.5513, 240.8185, 254.332, 266.9423, 281.9799, 296.4517, 308.8895, 320.0006, 331.2114, 343.9503, 356.8038, 368.5685, 380.6604, 393.7838, 406.4903, 419.4437, 432.7593, 443.6763, 454.3601, 466.056, 478.3109, 490.2015, 504.168, 518.939, 532.9055, 546.8331, 562.337, 578.3626, 594.8371, 612.1083, 630.1263, 648.6106, 667.6582, 688.2768, 709.736, 729.0038]
growth_rate:-25.81
