ticker:CTRE
price:[19.469999313354492, 18.700000762939453, 18.59000015258789, 17.274999618530273, 18.950000762939453, 18.559999465942383, 17.969999313354492, 17.989999771118164, 17.100000381469727, 17.780000686645508, 19.799999237060547, 19.260000228881836, 19.729999542236328, 20.5, 22.100000381469727, 23.1299991607666, 22.329999923706055, 22.18000030517578, 22.399999618530273, 22.440000534057617, 23.010000228881836, 22.459999084472656, 23.479999542236328, 23.049999237060547, 22.110000610351562, 22.18000030517578, 22.75, 23.899999618530273, 23.84000015258789, 23.790000915527344, 24.280000686645508, 24.059999465942383, 23.8799991607666, 24.389999389648438, 24.18000030517578, 23.094999313354492, 22.68000030517578, 22.950000762939453, 23.280000686645508, 23.209999084472656, 23.75, 22.90999984741211, 23.90999984741211, 23.6200008392334, 23.739999771118164, 23.809999465942383, 24.31999969482422, 24.1200008392334, 23.389999389648438, 22.270000457763672, 21.43000030517578, 21.719999313354492]
assets:[0, 100.00012407989502, 199.4112136367798, 285.3052561998367, 412.96789162635804, 504.4682094841003, 588.4312215156555, 689.085353232956, 754.9957968425751, 885.0190921785354, 1085.5666381706237, 1155.9601757371902, 1284.1684532054903, 1434.28455, 1646.2290284156797, 1822.9538758571625, 1859.9036546453476, 1947.410680794525, 2066.727004803848, 2170.4170476545332, 2325.5470911323546, 2369.961135394287, 2577.5897377475735, 2630.38523793602, 2623.1149954116822, 2731.420459581757, 2901.6146249999997, 3148.2895897499084, 3240.3852687400818, 3333.588152288818, 3502.249275044632, 3570.5159507455824, 3643.80369994297, 3821.622663365173, 3888.7171150794984, 3814.2222785980225, 3845.6843557464604, 3991.466427690506, 4148.859290370941, 4236.384193894196, 4434.94675, 4378.08951584053, 4669.190199202347, 4712.558639440155, 4836.500299370385, 4950.760806954574, 5156.8030072906495, 5214.394441430091, 5156.577977441407, 5009.661099974442, 4920.7030950737, 5087.292991172791]
shares:[0, 5.3476, 10.7268, 16.5155, 21.7925, 27.1804, 32.7452, 38.3038, 44.1518, 49.7761, 54.8266, 60.0187, 65.0871, 69.9651, 74.49, 78.8134, 83.2917, 87.8003, 92.2646, 96.7209, 101.0668, 105.5192, 109.7781, 114.1165, 118.6393, 123.1479, 127.5435, 131.7276, 135.9222, 140.1256, 144.2442, 148.4005, 152.5881, 156.6881, 160.8237, 165.1536, 169.5628, 173.9201, 178.2156, 182.5241, 186.7346, 191.0995, 195.2819, 199.5156, 203.7279, 207.9278, 212.0396, 216.1855, 220.4608, 224.9511, 229.6175, 234.2216]
growth_rate:-0.25
