ticker:CTRM
price:[0.16500000655651093, 0.1589999943971634, 0.15800000727176666, 0.14800000190734863, 0.15600000321865082, 0.16300000250339508, 0.1550000011920929, 0.15199999511241913, 0.12099999934434891, 0.11900000274181366, 0.13300000131130219, 0.17299999296665192, 0.1599999964237213, 0.20000000298023224, 0.16599999368190765, 0.16200000047683716, 0.19099999964237213, 0.1850000023841858, 0.19499999284744263, 0.335999995470047, 0.4050000011920929, 0.6200000047683716, 0.7549999952316284, 1.4700000286102295, 1.2100000381469727, 0.9990000128746033, 0.8069999814033508, 1.0199999809265137, 0.9470000267028809, 0.800000011920929, 0.7379999756813049, 0.5080000162124634, 0.45100000500679016, 0.4819999933242798, 0.4970000088214874, 0.4410000145435333, 0.39500001072883606, 0.42500001192092896, 3.049999952316284, 3.190000057220459, 3.450000047683716, 2.940000057220459, 2.7100000381469727, 2.509999990463257, 2.450000047683716, 2.0299999713897705, 2.009999990463257, 2.0799999237060547, 2.299999952316284, 2.140000104904175, 1.909999966621399, 2.25]
assets:[0, 99.99999367620349, 199.37107677582205, 286.75265289552215, 402.2527942994312, 520.3025931909382, 594.7662680743009, 683.2546460298523, 643.9066753109247, 733.2636059947237, 919.5299028660268, 1296.08018820761, 1298.6868989720851, 1723.358685680045, 1530.387639752224, 1593.5108824904025, 1978.7689923949583, 2016.6087319890262, 2225.614497864944, 3934.9050861495975, 4842.966038254976, 7513.9233397889975, 9250.01939857943, 18109.97199446969, 15006.847845112228, 12489.951007664125, 10189.479548191846, 12978.896121301173, 12150.01488819809, 10364.003994435692, 9660.793257255971, 6749.9773682207815, 6092.59789873716, 6611.379418432117, 6917.127936175364, 6237.733349311292, 5687.085413470393, 6219.015951938695, 44730.58316068182, 46883.791948975566, 50805.04121719511, 43394.731006580405, 40099.90498146124, 37240.50164150474, 36450.29122942257, 30301.668893937087, 30103.13047617123, 31251.497157701873, 34656.944611490464, 32346.029039623045, 28969.584704736004, 34226.474625]
shares:[0, 628.9308, 1261.8422, 1937.5179, 2578.5435, 3192.0404, 3837.2017, 4495.0965, 5321.5428, 6161.8789, 6913.7586, 7491.7933, 8116.7933, 8616.7933, 9219.203, 9836.4869, 10360.0471, 10900.5876, 11413.4081, 11711.0272, 11957.9408, 12119.2311, 12251.6814, 12319.7086, 12402.3532, 12502.4533, 12626.369, 12724.4082, 12830.0048, 12955.0048, 13090.5062, 13287.3566, 13509.0861, 13716.555, 13917.7622, 14144.5196, 14397.6842, 14632.9783, 14665.7652, 14697.1132, 14726.0987, 14760.1123, 14797.0127, 14836.8533, 14877.6696, 14926.9307, 14976.6819, 15024.7588, 15068.2371, 15114.9661, 15167.3221, 15211.7665]
growth_rate:571.11
