ticker:CTRN
price:[22.670000076293945, 23.600000381469727, 24.8700008392334, 23.8700008392334, 26.549999237060547, 27.59000015258789, 27.75, 27.780000686645508, 26.110000610351562, 28.68000030517578, 30.540000915527344, 32.54999923706055, 34.56999969482422, 37.369998931884766, 42.810001373291016, 44.810001373291016, 47.36000061035156, 49.68000030517578, 53.869998931884766, 61.630001068115234, 61.27000045776367, 59.0, 63.22999954223633, 66.75, 74.88999938964844, 77.88999938964844, 76.69999694824219, 84.45999908447266, 95.08999633789062, 85.58000183105469, 84.12999725341797, 93.43000030517578, 100.95999908447266, 108.44999694824219, 104.5999984741211, 105.91000366210938, 98.41999816894531, 91.7300033569336, 83.33999633789062, 84.5, 84.80000305175781, 77.69000244140625, 83.72000122070312, 91.33000183105469, 86.7699966430664, 80.69000244140625, 82.41000366210938, 79.75, 80.44000244140625, 71.91999816894531, 75.7699966430664, 85.56999969482422]
assets:[0, 100.00028161640168, 205.38144093055726, 297.12422244644165, 430.48434262962337, 547.3469770271302, 650.52105, 751.2240005681991, 806.0653278427123, 985.4075264854431, 1149.3149084541321, 1324.9574839443208, 1507.1828466949462, 1729.2555935741423, 2080.9856047554017, 2278.2032038200377, 2507.8493763198853, 2730.700960774231, 3061.0064663074495, 3601.9469234256744, 3680.9055635009763, 3644.5303000000004, 4005.8228069992065, 4328.824275, 4956.714433602905, 5255.277203819275, 5274.988600117493, 5908.677953951263, 6752.3311309539795, 6177.0276041625975, 6172.365508491516, 6954.676961716461, 7615.190618943787, 8280.146421998597, 8086.197022040557, 8287.468377560424, 7801.379258859252, 7371.092841751098, 6796.901743331909, 6991.50465, 7116.3229761001585, 6619.662117022705, 7233.458337469482, 7990.964175209046, 7691.986662414551, 7253.006456451416, 7507.609020620728, 7365.279350000001, 7529.007260510254, 6831.551170071411, 7297.25683670044, 8341.072632252502]
shares:[0, 4.2373, 8.2582, 12.4476, 16.2141, 19.8386, 23.4422, 27.0419, 30.8719, 34.3587, 37.6331, 40.7053, 43.598, 46.2739, 48.6098, 50.8414, 52.9529, 54.9658, 56.8221, 58.4447, 60.0768, 61.7717, 63.3532, 64.8513, 66.1866, 67.4705, 68.7743, 69.9583, 71.0099, 72.1784, 73.367, 74.4373, 75.4278, 76.3499, 77.3059, 78.2501, 79.2662, 80.3564, 81.5563, 82.7397, 83.9189, 85.2061, 86.4006, 87.4955, 88.648, 89.8873, 91.1007, 92.3546, 93.5978, 94.9882, 96.308, 97.4766]
growth_rate:63.55
