ticker:CTSH
price:[66.80999755859375, 68.18000030517578, 68.86000061035156, 68.08000183105469, 68.86000061035156, 73.08000183105469, 73.36000061035156, 74.12000274658203, 71.41999816894531, 74.22000122070312, 77.19000244140625, 75.9000015258789, 78.41000366210938, 81.05999755859375, 78.51000213623047, 81.0199966430664, 81.06999969482422, 81.94999694824219, 81.94999694824219, 80.23999786376953, 80.55999755859375, 77.94999694824219, 74.5, 76.95999908447266, 73.63999938964844, 73.4800033569336, 73.70999908447266, 77.7699966430664, 76.55000305175781, 79.23999786376953, 78.87999725341797, 80.55000305175781, 80.62000274658203, 78.69000244140625, 80.4000015258789, 74.81999969482422, 71.01000213623047, 71.23999786376953, 71.55999755859375, 71.5, 71.25, 68.31999969482422, 70.48999786376953, 69.61000061035156, 69.13999938964844, 68.23999786376953, 69.29000091552734, 73.52999877929688, 73.0, 77.62999725341797, 76.69999694824219, 77.23999786376953]
assets:[0, 99.99960644760131, 200.99545578155517, 298.72143203430176, 402.1424035644531, 526.7898851989746, 628.8052452316284, 735.3223112480164, 808.538657270813, 940.2338194641113, 1077.8580370910645, 1159.8431033172608, 1298.1952256317138, 1442.0735685668944, 1496.706829724884, 1644.5600958602906, 1745.5749124290467, 1864.5263305664062, 1964.5299118423463, 2023.5404101272582, 2131.609479400635, 2162.551175335693, 2166.83995, 2338.3910921821594, 2337.5176806259155, 2432.4379431259154, 2540.053939450836, 2779.958523003387, 2836.346023074341, 3036.0171261520386, 3122.2201632850647, 3288.32499458313, 3391.183671531677, 3409.9997797973633, 3584.1034280212402, 3435.3528039878847, 3360.420533093262, 3471.304251908112, 3586.8947856262207, 3683.88735, 3771.006, 3715.9316154014587, 3933.955143779755, 3984.8453679397585, 4057.9371881774905, 4105.113551490784, 4268.277914396667, 4629.463429144287, 4696.0973, 5093.948448773956, 5132.924865769958, 5269.0654862731935]
shares:[0, 1.4667, 2.9189, 4.3878, 5.84, 7.2084, 8.5715, 9.9207, 11.3209, 12.6682, 13.9637, 15.2812, 16.5565, 17.7902, 19.0639, 20.2982, 21.5317, 22.752, 23.9723, 25.2186, 26.4599, 27.7428, 29.0851, 30.3845, 31.7425, 33.1034, 34.4601, 35.7459, 37.0522, 38.3142, 39.5819, 40.8234, 42.0638, 43.3346, 44.5784, 45.9149, 47.3232, 48.7269, 50.1243, 51.5229, 52.9264, 54.3901, 55.8087, 57.2453, 58.6916, 60.157, 61.6002, 62.9602, 64.3301, 65.6183, 66.9221, 68.2168]
growth_rate:3.32
