ticker:CTSO
price:[7.460000038146973, 7.690000057220459, 8.670000076293945, 7.880000114440918, 7.860000133514404, 8.220000267028809, 8.555000305175781, 8.300000190734863, 7.650000095367432, 8.5, 8.539999961853027, 8.979999542236328, 8.359999656677246, 8.1899995803833, 8.84000015258789, 8.479999542236328, 8.3100004196167, 7.96999979019165, 8.920000076293945, 8.579999923706055, 9.579999923706055, 10.489999771118164, 11.420000076293945, 11.380000114440918, 11.050000190734863, 9.420000076293945, 8.579999923706055, 8.6899995803833, 9.039999961853027, 8.460000038146973, 8.800000190734863, 8.899999618530273, 9.0, 9.100000381469727, 9.25, 8.40999984741211, 8.300000190734863, 8.430000305175781, 8.09000015258789, 8.170000076293945, 8.34000015258789, 7.670000076293945, 7.710000038146973, 7.349999904632568, 7.989999771118164, 7.679999828338623, 7.460000038146973, 7.610000133514404, 7.78000020980835, 7.829999923706055, 7.949999809265137, 9.069999694824219]
assets:[0, 99.99999174408913, 212.7435948720932, 293.3590082604408, 392.61408066916465, 510.5960025868416, 631.4052195236206, 712.5848963752746, 756.7800844342709, 940.8667, 1045.2942873308182, 1199.1505248722076, 1216.3582140474318, 1291.6235398233414, 1494.1332897903442, 1533.286525230789, 1602.548678921318, 1636.9813699068545, 1932.1050205255508, 1958.4596285852433, 2286.7181997888565, 2603.9326431846616, 2934.7869916065215, 3024.5070124154095, 3036.8019374184605, 2688.8391697772977, 2549.069929333496, 2681.7503815054893, 2889.7607398057935, 2804.355498645115, 3017.059825393009, 3151.344794927788, 3286.7532, 3423.2727235027314, 3579.70005, 3354.6244711349486, 3410.747298379326, 3564.1687230270386, 3520.417769399643, 3655.2302561336514, 3831.2876500968932, 3623.4982520431518, 3742.39546851635, 3667.6528924116137, 4087.012722923279, 4028.4425339572904, 4013.0443565208434, 4193.735615577411, 4387.419864318418, 4515.61654900074, 4684.821202602673, 5444.821493799591]
shares:[0, 13.0039, 24.5379, 37.2283, 49.9509, 62.1163, 73.8054, 85.8536, 98.9255, 110.6902, 122.3998, 133.5357, 145.4974, 157.7074, 169.0196, 180.8121, 192.8458, 205.3929, 216.6037, 228.2587, 238.6971, 248.23, 256.9866, 265.7739, 274.8237, 285.4394, 297.0944, 308.6019, 319.6638, 331.4841, 342.8477, 354.0837, 365.1948, 376.1838, 386.9946, 398.8852, 410.9334, 422.7958, 435.1567, 447.3966, 459.387, 472.4248, 485.395, 499.0004, 511.516, 524.5368, 537.9416, 551.0822, 563.9357, 576.7071, 589.2857, 600.3111]
growth_rate:6.76
