ticker:CTXR
price:[0.8299999833106995, 1.0099999904632568, 1.0399999618530273, 1.0, 1.0, 1.0499999523162842, 1.1100000143051147, 1.1399999856948853, 0.9810000061988831, 0.9599999785423279, 0.9549999833106995, 0.9390000104904175, 0.9869999885559082, 1.149999976158142, 1.1799999475479126, 1.1299999952316284, 1.1100000143051147, 1.0199999809265137, 1.1299999952316284, 1.1299999952316284, 1.2599999904632568, 1.2200000286102295, 1.2999999523162842, 1.3600000143051147, 2.059999942779541, 2.0299999713897705, 1.7899999618530273, 1.909999966621399, 2.0, 1.899999976158142, 1.840000033378601, 1.8200000524520874, 1.7300000190734863, 1.7799999713897705, 2.200000047683716, 2.1700000762939453, 1.9600000381469727, 2.3499999046325684, 2.2799999713897705, 2.3299999237060547, 2.5999999046325684, 3.690000057220459, 3.819999933242798, 2.1500000953674316, 2.200000047683716, 1.9299999475479126, 1.909999966621399, 1.8899999856948853, 1.8700000047683716, 1.809999942779541, 1.7699999809265137, 2.190000057220459]
assets:[0, 99.99999805576802, 202.97024055509567, 295.1637, 395.1637, 514.9218666158199, 644.3460173040032, 761.760758441162, 755.5151927740574, 839.3420932392419, 934.9704821607291, 1019.3061083875893, 1171.411165117693, 1464.8660596303223, 1603.0799607416154, 1635.1529330999851, 1706.2122129887937, 1667.870614811659, 1947.7390687809348, 2047.7390963589548, 2383.319717961025, 2407.6588324620247, 2665.537972228646, 2888.5629183832525, 4475.323095689297, 4510.148579435277, 4076.928973115921, 4450.2426222288605, 4759.94, 4621.942982002258, 4575.986979010891, 4626.248123327672, 4497.477589585304, 4727.462408014727, 5942.931188809562, 5961.891193611144, 5484.933882751846, 6676.323409062195, 6577.454269463825, 6821.696653629112, 7712.193557118416, 11045.383074279642, 11534.515392426181, 6591.939637398291, 6845.240308366585, 6105.142393079031, 6141.876685666359, 6177.563989242983, 6212.192936840665, 6112.870995750665, 6077.780091505957, 7619.965477094936]
shares:[0, 99.0099, 195.1637, 295.1637, 395.1637, 490.4018, 580.4919, 668.2112, 770.148, 874.3147, 979.0267, 1085.523, 1186.8401, 1273.7966, 1358.5424, 1447.038, 1537.1281, 1635.1673, 1723.6629, 1812.1585, 1891.5236, 1973.4908, 2050.4139, 2123.9433, 2172.487, 2221.7481, 2277.614, 2329.97, 2379.97, 2432.6016, 2486.9494, 2541.8945, 2599.698, 2655.8778, 2701.3323, 2747.4152, 2798.4356, 2840.9888, 2884.8484, 2927.7669, 2966.2284, 2993.3287, 3019.5067, 3066.0183, 3111.4728, 3163.2863, 3215.6423, 3268.5524, 3322.0283, 3377.2769, 3433.7741, 3479.4362]
growth_rate:49.41
