ticker:CTXS
price:[137.13999938964844, 132.3699951171875, 133.99000549316406, 136.1300048828125, 134.88999938964844, 139.42999267578125, 138.25999450683594, 122.72000122070312, 113.2699966430664, 118.88999938964844, 118.26000213623047, 120.4800033569336, 122.44000244140625, 130.52999877929688, 130.64999389648438, 132.64999389648438, 132.57000732421875, 130.10000610351562, 130.85000610351562, 132.0, 126.75, 133.30999755859375, 131.82000732421875, 137.67999267578125, 132.9600067138672, 133.5800018310547, 135.47000122070312, 133.47999572753906, 133.57000732421875, 136.63999938964844, 140.32000732421875, 142.33999633789062, 140.5, 140.47999572753906, 123.8499984741211, 121.02999877929688, 117.70999908447266, 115.80999755859375, 114.95999908447266, 119.13999938964844, 120.41000366210938, 115.80999755859375, 115.95999908447266, 118.93000030517578, 116.16999816894531, 116.23999786376953, 114.93000030517578, 100.75, 101.38999938964844, 102.11000061035156, 103.22000122070312, 101.7699966430664]
assets:[0, 100.00553131103516, 201.2261902496338, 304.4411429199219, 401.66195118255615, 515.1798799377442, 610.8603077301025, 642.2060383880615, 692.7479724693299, 827.1177257537842, 922.7354926681519, 1040.0556769790649, 1156.97231506958, 1333.4161495300293, 1434.6414529785156, 1556.6078833770753, 1655.666821472168, 1724.8138409179687, 1834.7526155822754, 1950.8808000000001, 1973.2947000000001, 2175.4191951599123, 2251.103447076416, 2451.171981604004, 2467.1394045791626, 2578.6417133468626, 2715.1304054656985, 2775.2493311691283, 2877.1246717651366, 3043.2597304061887, 3225.227304345703, 3371.650195254517, 3428.0595000000003, 3527.5650767150883, 3209.9690304519654, 3236.874699353027, 3248.07794373703, 3295.651424523926, 3371.466381150055, 3594.0487055877684, 3732.3609245147704, 3689.7760082153322, 3794.5590500411986, 3991.742744242859, 3999.1057189666744, 4101.516700623321, 4155.29416103363, 3742.6206999999995, 3866.3960977249144, 3993.8488758728026, 4137.264088928223, 4179.144204148864]
shares:[0, 0.7555, 1.5018, 2.2364, 2.9777, 3.6949, 4.4182, 5.2331, 6.1159, 6.957, 7.8026, 8.6326, 9.4493, 10.2154, 10.9808, 11.7347, 12.489, 13.2576, 14.0218, 14.7794, 15.5684, 16.3185, 17.0771, 17.8034, 18.5555, 19.3041, 20.0423, 20.7915, 21.5402, 22.2721, 22.9848, 23.6873, 24.399, 25.1108, 25.9182, 26.7444, 27.5939, 28.4574, 29.3273, 30.1666, 30.9971, 31.8606, 32.723, 33.5638, 34.4246, 35.2849, 36.155, 37.1476, 38.1339, 39.1132, 40.082, 41.0646]
growth_rate:-18.06
