ticker:CUBA
price:[3.9000000953674316, 3.8499999046325684, 3.680000066757202, 3.5299999713897705, 3.740000009536743, 3.819999933242798, 3.809999942779541, 3.799999952316284, 3.569999933242798, 3.8299999237060547, 4.199999809265137, 4.489999771118164, 4.699999809265137, 4.909999847412109, 5.28000020980835, 5.050000190734863, 5.139999866485596, 5.110000133514404, 5.579999923706055, 5.599999904632568, 5.630000114440918, 5.190000057220459, 5.670000076293945, 5.820000171661377, 5.849999904632568, 5.900000095367432, 5.900000095367432, 5.940000057220459, 5.949999809265137, 5.809999942779541, 6.070000171661377, 6.119999885559082, 6.159999847412109, 6.25, 6.289999961853027, 6.300000190734863, 6.21999979019165, 6.360000133514404, 6.389999866485596, 6.380000114440918, 6.380000114440918, 6.170000076293945, 6.300000190734863, 6.289999961853027, 6.190000057220459, 6.230000019073486, 6.090000152587891, 6.070000171661377, 5.889999866485596, 5.78000020980835, 5.550000190734863, 5.860000133514404]
assets:[0, 99.99989752292633, 195.5842755480051, 287.6120426689386, 404.7222310320139, 513.3793410283328, 612.0353428081512, 710.4289910852909, 767.4293196494579, 923.3206786073684, 1112.5186294771195, 1289.3353132749558, 1449.6383311709403, 1614.4094228290558, 1836.0656889586926, 1856.0856551030158, 1989.1645283303262, 2077.554869282484, 2368.640775614166, 2477.130277814722, 2590.400773655033, 2487.953682430029, 2818.053541918945, 2992.60509426713, 3108.0306543324946, 3234.595402283907, 3334.595683900309, 3457.2029913034917, 3563.022915782738, 3579.18713574996, 3839.3576605781554, 3970.9833457446102, 4096.937666515732, 4256.795625, 4384.039397412109, 4491.009315966988, 4533.980523063183, 4736.031975422716, 4858.3718524878495, 4950.769076804161, 5050.769198597908, 4984.52155863514, 5189.543887115384, 5281.306633970451, 5297.343243968725, 5431.575053629064, 5409.51754253807, 5491.752531308365, 5428.899459937811, 5427.510943013334, 5311.5372175396915, 5708.217340056181]
shares:[0, 25.974, 53.1479, 81.4765, 108.2145, 134.3925, 160.6392, 186.955, 214.9662, 241.0759, 264.8854, 287.1571, 308.4337, 328.8003, 347.7397, 367.5417, 386.997, 406.5665, 424.4876, 442.3447, 460.1067, 479.3745, 497.0112, 514.1933, 531.2873, 548.2365, 565.1857, 582.0207, 598.8274, 616.0391, 632.5136, 648.8535, 665.0873, 681.0873, 696.9856, 712.8586, 728.9358, 744.6591, 760.3086, 775.9826, 791.6566, 807.8641, 823.7371, 839.6354, 855.7905, 871.8419, 888.2623, 904.7368, 921.7147, 939.0157, 957.0337, 974.0985]
growth_rate:11.93
