ticker:CUE
price:[15.8100004196167, 16.469999313354492, 17.299999237060547, 16.15999984741211, 15.600000381469727, 16.290000915527344, 15.680000305175781, 12.770000457763672, 11.140000343322754, 11.119999885559082, 11.90999984741211, 12.210000038146973, 13.739999771118164, 13.479999542236328, 13.069999694824219, 13.279999732971191, 13.119999885559082, 12.510000228881836, 12.989999771118164, 12.609999656677246, 14.069999694824219, 13.539999961853027, 14.829999923706055, 15.529999732971191, 13.960000038146973, 13.609999656677246, 13.050000190734863, 15.75, 14.430000305175781, 11.670000076293945, 12.300000190734863, 12.279999732971191, 12.84000015258789, 12.199999809265137, 12.130000114440918, 11.260000228881836, 13.670000076293945, 14.0, 14.34000015258789, 13.279999732971191, 13.319999694824219, 12.569999694824219, 13.460000038146973, 11.9399995803833, 11.34000015258789, 10.140000343322754, 10.489999771118164, 10.420000076293945, 10.720000267028809, 11.109999656677246, 10.520000457763672, 12.380000114440918]
assets:[0, 99.99924783096314, 205.0378609577179, 291.52639724731443, 381.42468932704924, 498.2948380050659, 579.636299281311, 572.0640955066681, 599.0446064619065, 697.969032816887, 847.5548921413423, 968.9037960270882, 1190.314042171669, 1267.789912947464, 1329.229424963379, 1450.586322832203, 1533.110034627247, 1561.8297435750962, 1721.7556226629258, 1771.3884407717703, 2076.4815089614867, 2098.2626520884514, 2398.171151662445, 2611.369455099106, 2447.3736746876716, 2486.013425288391, 2483.723016301346, 3097.5966, 2937.9884661346437, 2476.0449221874237, 2709.7134120192527, 2805.3069949985506, 3033.236892046356, 2982.0471733786585, 3064.936861916256, 2945.110485865211, 3675.4583885131838, 3864.1862, 4058.030755180359, 3858.0643544236186, 3969.684917050171, 3846.1659926223756, 4218.487843955612, 3842.1056009738923, 3749.034668445969, 3452.311160889244, 3671.4736948919294, 3746.9736754348755, 3954.8525145130156, 4198.732177250195, 4075.7574653511047, 4896.375467262173]
shares:[0, 6.0716, 11.8519, 18.04, 24.4503, 30.589, 36.9666, 44.7975, 53.7742, 62.767, 71.1633, 79.3533, 86.6313, 94.0497, 101.7008, 109.2309, 116.8529, 124.8465, 132.5447, 140.4749, 147.5822, 154.9677, 161.7108, 168.15, 175.3133, 182.6608, 190.3236, 196.6728, 203.6028, 212.1718, 220.3019, 228.4452, 236.2334, 244.4301, 252.6741, 261.5551, 268.8704, 276.0133, 282.9868, 290.5169, 298.0244, 305.9798, 313.4092, 321.7844, 330.6027, 340.4646, 349.9975, 359.5944, 368.9228, 377.9237, 387.4294, 395.5069]
growth_rate:-3.99
