ticker:CUEN
price:[5.519999980926514, 5.5, 4.900000095367432, 5.519999980926514, 4.639999866485596, 4.0, 5.639999866485596, 5.619999885559082, 5.5, 5.300000190734863, 6.0, 5.920000076293945, 5.71999979019165, 6.980000019073486, 7.239999771118164, 7.159999847412109, 6.28000020980835, 6.699999809265137, 6.679999828338623, 5.699999809265137, 6.099999904632568, 6.199999809265137, 3.8299999237060547, 3.890000104904175, 4.130000114440918, 3.309999942779541, 3.7300000190734863, 3.5299999713897705, 3.890000104904175, 3.3499999046325684, 3.700000047683716, 3.6089999675750732, 2.9700000286102295, 3.140000104904175, 3.0299999713897705, 2.8440001010894775, 2.5399999618530273, 2.450000047683716, 2.25, 2.4700000286102295, 2.630000114440918, 2.2799999713897705, 2.5799999237060547, 6.449999809265137, 4.860000133514404, 3.440000057220459, 3.8499999046325684, 3.690000057220459, 3.390000104904175, 3.0899999141693115, 3.119999885559082, 3.0299999713897705]
assets:[0, 99.9999, 189.0910036802292, 313.0165669184208, 363.11525355148314, 413.0304, 682.3728678463459, 779.9531381176948, 863.29925, 931.9064535371781, 1154.9886, 1239.5888159751892, 1297.7106524002552, 1683.5697226005077, 1846.2817536325456, 1925.8810069572448, 1789.1808517746927, 2008.8395028125763, 2102.8432379615306, 1894.3424966110229, 2127.278586742115, 2262.1517704078674, 1497.426177171135, 1620.8844657114505, 1820.8877274561883, 1559.35553704319, 1857.2196024969578, 1857.6367159440756, 2147.0840019018174, 1949.0309495151996, 2252.661039031148, 2297.2576815603734, 1990.5112451747416, 2204.44617964828, 2227.2202649698734, 2190.499785460925, 2056.3534891166687, 2083.490575550437, 2013.4095750000001, 2310.276241760135, 2559.929810391903, 2319.2545028971913, 2724.4195474353787, 6911.0490206313125, 5307.3952218052855, 3856.6748801513677, 4416.336430603981, 4332.800650188304, 4080.5404142730713, 3819.430546907973, 3956.512414875984, 3942.3823517747637]
shares:[0, 18.1818, 38.59, 56.7059, 78.2576, 103.2576, 120.9881, 138.7817, 156.9635, 175.8314, 192.4981, 209.39, 226.8725, 241.1991, 255.0113, 268.9778, 284.9014, 299.8268, 314.7969, 332.3408, 348.7342, 364.8632, 390.9729, 416.6798, 440.8929, 471.1044, 497.9141, 526.2427, 551.9496, 581.8003, 608.8273, 636.5358, 670.2058, 702.0529, 735.0562, 770.2179, 809.588, 850.4043, 894.8487, 935.3345, 973.3573, 1017.2169, 1055.9766, 1071.4805, 1092.0566, 1121.1264, 1147.1004, 1174.2007, 1203.6992, 1236.0617, 1268.113, 1301.1163]
growth_rate:-22.7
