ticker:CULL
price:[28.0, 28.0, 28.0, 22.5, 22.5, 22.5, 22.5, 22.5, 22.5, 22.5, 22.5, 22.5, 22.5, 22.0, 22.0, 22.0, 22.0, 22.0, 22.0, 22.0, 24.5, 24.5, 24.5, 24.5, 24.5, 24.5, 24.5, 31.610000610351562, 29.75, 29.75, 29.75, 29.75, 29.75, 31.5, 31.5, 31.5, 31.5, 33.0, 33.25, 33.400001525878906, 33.20000076293945, 33.25, 33.29999923706055, 33.29999923706055, 33.0, 11.40999984741211, 11.649999618530273, 11.520000457763672, 11.430000305175781, 11.460000038146973, 11.489999771118164, 11.949999809265137]
assets:[0, 99.9992, 199.9984, 260.712, 360.711, 460.71, 560.7090000000001, 660.708, 760.7069999999999, 860.706, 960.705, 1060.704, 1160.703, 1234.9106, 1334.9116, 1434.9125999999999, 1534.9135999999999, 1634.9146, 1734.9156000000003, 1834.9166, 2143.42905, 2243.42825, 2343.4274499999997, 2443.42665, 2543.42585, 2643.4250500000003, 2743.42425, 3639.57863127594, 3525.41665, 3625.415325, 3725.414, 3825.4126749999996, 3925.41135, 4256.3178, 4356.3177000000005, 4456.3176, 4556.3175, 4873.2849, 5010.2031, 5132.805354492187, 5202.068279544067, 5309.901975000001, 5417.886565870285, 5517.886463579178, 5568.1758, 2025.2384609161377, 2167.8377540159227, 2243.6479611545565, 2326.119362106323, 2432.224568096161, 2538.5913574310302, 2740.2233862630846]
shares:[0, 3.5714, 7.1428, 11.5872, 16.0316, 20.476, 24.9204, 29.3648, 33.8092, 38.2536, 42.698, 47.1424, 51.5868, 56.1323, 60.6778, 65.2233, 69.7688, 74.3143, 78.8598, 83.4053, 87.4869, 91.5685, 95.6501, 99.7317, 103.8133, 107.8949, 111.9765, 115.1401, 118.5014, 121.8627, 125.224, 128.5853, 131.9466, 135.1212, 138.2958, 141.4704, 144.645, 147.6753, 150.6828, 153.6768, 156.6888, 159.6963, 162.6993, 165.7023, 168.7326, 177.4968, 186.0805, 194.7611, 203.51, 212.236, 220.9392, 229.3074]
growth_rate:-46.27
