ticker:CURI
price:[9.989999771118164, 9.989999771118164, 10.0, 9.949999809265137, 9.949999809265137, 10.050000190734863, 10.760000228881836, 9.050000190734863, 8.630000114440918, 9.239999771118164, 9.229999542236328, 10.050000190734863, 9.920000076293945, 9.180000305175781, 8.850000381469727, 10.529999732971191, 13.800000190734863, 13.949999809265137, 16.329999923706055, 18.0, 18.809999465942383, 17.40999984741211, 19.030000686645508, 18.690000534057617, 22.899999618530273, 17.3700008392334, 14.600000381469727, 16.989999771118164, 16.100000381469727, 14.09000015258789, 13.380000114440918, 13.8100004196167, 13.300000190734863, 14.0600004196167, 15.289999961853027, 12.34000015258789, 9.109999656677246, 10.4399995803833, 11.300000190734863, 12.170000076293945, 15.119999885559082, 12.630000114440918, 14.4399995803833, 14.619999885559082, 13.210000038146973, 11.380000114440918, 10.949999809265137, 10.989999771118164, 10.75, 12.729999542236328, 11.5, 12.539999961853027]
assets:[0, 99.99989770889282, 200.10000000000002, 299.0999792664528, 399.10046234951017, 503.11104954833985, 638.654433585167, 637.1580234285354, 707.5883803832054, 857.6031867565155, 956.6746845535278, 1141.6659516672134, 1226.897673435974, 1235.3746730682371, 1290.9654856456757, 1636.0302635121348, 2244.0856510163308, 2368.4783976163862, 2872.5629295793537, 3266.3286000000003, 3513.312890249252, 3351.821918623352, 3763.7097668031693, 3796.4661664821624, 4751.635420846939, 3704.189155968285, 3213.480523962021, 3839.5224762756347, 3738.39432857666, 3371.675040513611, 3301.7746002405165, 3507.8851115870475, 3478.339739882755, 3777.1024147265434, 4207.531240502643, 3495.744347225952, 2680.731273972988, 3172.0999125032426, 3533.403839640999, 3905.4442994833, 4952.122018518162, 4236.594608387947, 4943.738904338265, 5105.363902036762, 4712.985874609852, 4160.088773835182, 4102.897038532829, 4217.884982156754, 4225.774475, 5104.1035004592895, 4710.93475, 5236.967324069023]
shares:[0, 10.01, 20.01, 30.0603, 40.1106, 50.0608, 59.3545, 70.4042, 81.9917, 92.8142, 103.6484, 113.5986, 123.6792, 134.5724, 145.8718, 155.3685, 162.6149, 169.7834, 175.9071, 181.4627, 186.779, 192.5228, 197.7777, 203.1282, 207.495, 213.2521, 220.1014, 225.9872, 232.1984, 239.2956, 246.7694, 254.0105, 261.5293, 268.6417, 275.1819, 283.2856, 294.2625, 303.841, 312.6906, 320.9075, 327.5213, 335.439, 342.3642, 349.2041, 356.7741, 365.5614, 374.6938, 383.793, 393.0953, 400.9508, 409.6465, 417.621]
growth_rate:2.69
