ticker:CUTR
price:[16.969999313354492, 17.040000915527344, 20.540000915527344, 18.389999389648438, 18.309999465942383, 19.920000076293945, 19.780000686645508, 21.850000381469727, 18.93000030517578, 19.700000762939453, 21.540000915527344, 22.299999237060547, 25.420000076293945, 24.790000915527344, 21.5, 21.850000381469727, 22.139999389648438, 24.110000610351562, 23.920000076293945, 25.360000610351562, 27.540000915527344, 24.209999084472656, 29.459999084472656, 32.869998931884766, 37.15999984741211, 35.31999969482422, 28.239999771118164, 32.68000030517578, 31.8700008392334, 28.889999389648438, 31.0, 31.399999618530273, 30.170000076293945, 29.469999313354492, 30.030000686645508, 31.889999389648438, 29.809999465942383, 38.290000915527344, 38.380001068115234, 45.810001373291016, 46.36000061035156, 47.0099983215332, 47.779998779296875, 49.439998626708984, 49.09000015258789, 47.060001373291016, 47.95000076293945, 51.95000076293945, 54.040000915527344, 49.720001220703125, 48.900001525878906, 48.220001220703125]
assets:[0, 99.99924537277222, 220.5379898300171, 297.4527231277466, 396.15881044502254, 530.9934980337143, 627.2614037748336, 792.9059238430024, 786.9428286865234, 918.9518455890656, 1104.7823389572143, 1243.7623874477385, 1517.7773645553589, 1580.1617593574524, 1470.45165, 1594.3901578357697, 1715.551062705994, 1968.2006118255617, 2052.69002254715, 2276.2629347839356, 2571.9358995002744, 2360.9494267181394, 2972.926347610474, 3417.043469962692, 3963.0173677268986, 3866.7876505897525, 3191.679126131821, 3793.487899424744, 3799.4618250513076, 3544.193346122742, 3903.0457, 4053.4071107563022, 3994.6286901016233, 4001.9463377553943, 4177.992914531135, 4536.770172169495, 4340.863559231759, 5675.700032707977, 5789.039785108947, 7009.7410471378325, 7193.899186711121, 7394.762054973983, 7615.88334942627, 7980.480978326797, 8023.986338941193, 7792.171497388839, 8039.536877918243, 8810.195434386826, 9264.639372958374, 8624.018735733032, 8581.788897786713, 8562.449726760864]
shares:[0, 5.8685, 10.737, 16.1747, 21.6362, 26.6563, 31.7119, 36.2886, 41.5712, 46.6473, 51.2898, 55.7741, 59.708, 63.7419, 68.3931, 72.9698, 77.4865, 81.6342, 85.8148, 89.758, 93.3891, 97.5196, 100.914, 103.9563, 106.6474, 109.4787, 113.0198, 116.0798, 119.2175, 122.6789, 125.9047, 129.0894, 132.404, 135.7973, 139.1273, 142.2631, 145.6177, 148.2293, 150.8348, 153.0177, 155.1747, 157.3019, 159.3948, 161.4175, 163.4546, 165.5795, 167.665, 169.5899, 171.4404, 173.4517, 175.4967, 177.5705]
growth_rate:67.89
