ticker:CVAC
price:[63.45000076293945, 52.68000030517578, 52.09000015258789, 44.04999923706055, 47.4900016784668, 54.20000076293945, 52.439998626708984, 50.029998779296875, 48.779998779296875, 50.47999954223633, 75.19999694824219, 79.69000244140625, 86.0, 106.1500015258789, 118.08000183105469, 104.33000183105469, 101.7300033569336, 81.06999969482422, 107.62000274658203, 100.3499984741211, 102.69000244140625, 89.29000091552734, 120.43000030517578, 116.95999908447266, 104.25, 94.30000305175781, 82.69000244140625, 87.79000091552734, 95.63999938964844, 86.08999633789062, 91.19000244140625, 87.91999816894531, 109.29000091552734, 116.37000274658203, 116.94000244140625, 100.4000015258789, 109.98999786376953, 115.33999633789062, 111.4800033569336, 116.11000061035156, 97.81999969482422, 61.939998626708984, 63.2599983215332, 64.76000213623047, 58.79999923706055, 50.2599983215332, 54.16999816894531, 49.2599983215332, 59.650001525878906, 58.79999923706055, 66.81999969482422, 72.25]
assets:[0, 100.0024445793152, 198.8848295825958, 268.185205355072, 389.1283247531891, 544.1083876590728, 626.4377355949402, 697.6483209777832, 780.2165684753418, 907.4082797714234, 1451.7660210845947, 1638.4503571960452, 1868.1866, 2405.9110145843506, 2776.308811051941, 2553.017742807007, 2589.394813446045, 2163.5231888557437, 2972.0662818504334, 2871.294436340332, 3038.2480262329104, 2741.78341311264, 3797.988876624298, 3788.55659434433, 3476.8521750000004, 3245.0045550155637, 2945.484038964844, 3227.1516546546936, 3615.7179969253543, 3354.677496298218, 3653.408900811767, 3622.4006365585324, 4602.868607558442, 5001.0474160354615, 5125.538777008057, 4500.580668399811, 5030.469545298004, 5375.155247335815, 5295.266715453338, 5615.195739517211, 4830.674390929413, 3158.8036619651793, 3326.1221477485656, 3504.9926436187743, 3282.4217574100494, 2905.6913349624633, 3231.7387547607423, 3038.809888456726, 3779.7581366882323, 3825.8983903583526, 4447.732957686615, 4909.17075]
shares:[0, 1.8983, 3.8181, 6.0882, 8.1939, 10.0389, 11.9458, 13.9446, 15.9946, 17.9756, 19.3054, 20.5603, 21.7231, 22.6652, 23.5121, 24.4706, 25.4536, 26.6871, 27.6163, 28.6128, 29.5866, 30.7065, 31.5369, 32.3919, 33.3511, 34.4115, 35.6208, 36.7599, 37.8055, 38.9671, 40.0637, 41.2011, 42.1161, 42.9754, 43.8305, 44.8265, 45.7357, 46.6027, 47.4997, 48.361, 49.3833, 50.9978, 52.5786, 54.1228, 55.8235, 57.8132, 59.6592, 61.6892, 63.3656, 65.0663, 66.5629, 67.947]
growth_rate:-3.74
