ticker:CVBF
price:[18.510000228881836, 17.079999923706055, 17.219999313354492, 16.06999969482422, 16.889999389648438, 17.899999618530273, 17.8700008392334, 18.5, 17.5, 17.75, 20.1299991607666, 19.899999618530273, 19.989999771118164, 19.770000457763672, 19.649999618530273, 19.6299991607666, 19.6299991607666, 19.5, 21.260000228881836, 21.110000610351562, 21.549999237060547, 19.43000030517578, 20.170000076293945, 21.1200008392334, 21.139999389648438, 21.40999984741211, 22.780000686645508, 24.889999389648438, 23.959999084472656, 23.1299991607666, 22.219999313354492, 22.06999969482422, 22.049999237060547, 22.049999237060547, 21.209999084472656, 21.770000457763672, 22.43000030517578, 22.81999969482422, 22.18000030517578, 22.309999465942383, 22.049999237060547, 20.6299991607666, 21.579999923706055, 20.299999237060547, 19.940000534057617, 19.700000762939453, 19.299999237060547, 19.059999465942383, 19.889999389648438, 20.25, 20.34000015258789, 20.450000762939453]
assets:[0, 99.99998355331421, 200.8196319923401, 287.40873054199216, 402.07488047027584, 526.1185787878036, 625.2373763631821, 747.27975, 806.8865, 918.4134, 1141.5581614076614, 1228.5145364501952, 1334.070615725136, 1419.3891598651887, 1510.7745006710054, 1609.2359232009887, 1709.235064925766, 1797.9156, 2060.1896921796797, 2145.6542380371093, 2290.377018913269, 2165.0596750053405, 2347.517730879593, 2558.084069649124, 2660.506975186157, 2794.486705083847, 3073.3022866369242, 3457.967615203858, 3428.762124984741, 3409.9863862743377, 3375.8289456796647, 3453.0390472526547, 3549.9087571716304, 3649.907708711624, 3610.864479137421, 3806.2015700340266, 4021.593633716583, 4191.518211946106, 4173.96553742981, 4298.429670104027, 4348.334819545746, 4168.305771432305, 4460.253652231217, 4295.697048553849, 4319.516573690605, 4367.52562914505, 4378.843656901932, 4424.391958029366, 4717.06054125061, 4902.437925, 5024.226151691056, 5151.39813718605]
shares:[0, 5.8548, 11.662, 17.8848, 23.8055, 29.3921, 34.9881, 40.3935, 46.1078, 51.7416, 56.7093, 61.7344, 66.7369, 71.7951, 76.8842, 81.9784, 87.0726, 92.2008, 96.9045, 101.6416, 106.282, 111.4287, 116.3866, 121.1214, 125.8518, 130.5225, 134.9123, 138.93, 143.1036, 147.427, 151.9275, 156.4585, 160.9936, 165.5287, 170.2435, 174.837, 179.2953, 183.6774, 188.186, 192.6683, 197.2034, 202.0507, 206.6846, 211.6107, 216.6257, 221.7018, 226.8831, 232.1297, 237.1574, 242.0957, 247.0121, 251.9021]
growth_rate:1.01
