ticker:CVCO
price:[185.19000244140625, 177.74000549316406, 170.3000030517578, 174.1999969482422, 184.52999877929688, 186.11000061035156, 179.61000061035156, 178.77000427246094, 172.13999938964844, 195.0, 195.8300018310547, 195.52000427246094, 187.52000427246094, 183.67999267578125, 178.27999877929688, 188.0, 181.4499969482422, 175.4499969482422, 180.13999938964844, 188.3000030517578, 195.10000610351562, 188.66000366210938, 206.27999877929688, 225.1999969482422, 216.3800048828125, 210.91000366210938, 221.6699981689453, 223.92999267578125, 230.6199951171875, 230.83999633789062, 232.41000366210938, 224.6199951171875, 224.02000427246094, 215.8699951171875, 209.42999267578125, 215.77999877929688, 209.77000427246094, 208.30999755859375, 221.27000427246094, 227.57000732421875, 218.57000732421875, 217.3699951171875, 219.80999755859375, 227.00999450683594, 216.2899932861328, 209.99000549316406, 217.85000610351562, 235.0, 248.17999267578125, 254.52000427246094, 249.97000122070312, 263.92999267578125]
assets:[0, 99.9965270904541, 195.81094350891112, 300.3033747390747, 418.1080712341309, 521.6849427108765, 603.4716410507202, 700.6532777450561, 774.6644252532959, 977.535, 1081.6865981140136, 1179.982777784729, 1231.7063960632324, 1306.479051904297, 1368.0672266326906, 1542.6528, 1588.9031882766724, 1636.3694865371706, 1780.1074459686279, 1960.749101777649, 2131.56511668396, 2161.2135379516603, 2463.0656974243166, 2788.9668422058103, 2779.725732727051, 2809.4477947814944, 3052.772713783264, 3183.9038148620602, 3379.0211064575196, 3482.244428756714, 3605.934170819092, 3585.069894067383, 3675.4962100982666, 3641.7699916259767, 3633.1286839416503, 3843.2791362579346, 3836.231884133911, 3909.541203179932, 4252.765228115844, 4473.8442879882805, 4396.907266339112, 4472.7571785278315, 4622.95594465332, 4874.381303050232, 4744.191228735352, 4706.002017105102, 4982.14249958496, 5474.3485, 5881.369466430664, 6131.61597092743, 6121.990302896118, 6563.886131848145]
shares:[0, 0.5626, 1.1498, 1.7239, 2.2658, 2.8031, 3.3599, 3.9193, 4.5002, 5.013, 5.5236, 6.0351, 6.5684, 7.1128, 7.6737, 8.2056, 8.7567, 9.3267, 9.8818, 10.4129, 10.9255, 11.4556, 11.9404, 12.3844, 12.8465, 13.3206, 13.7717, 14.2183, 14.6519, 15.0851, 15.5154, 15.9606, 16.407, 16.8702, 17.3477, 17.8111, 18.2878, 18.7679, 19.2198, 19.6592, 20.1167, 20.5767, 21.0316, 21.4721, 21.9344, 22.4106, 22.8696, 23.2951, 23.698, 24.0909, 24.4909, 24.8698]
growth_rate:28.7
