ticker:CVCY
price:[12.140000343322754, 11.630000114440918, 12.199999809265137, 12.100000381469727, 12.489999771118164, 13.460000038146973, 13.65999984741211, 14.680000305175781, 12.899999618530273, 12.680000305175781, 14.369999885559082, 14.59000015258789, 14.850000381469727, 16.100000381469727, 15.5, 14.770000457763672, 15.050000190734863, 14.890000343322754, 16.170000076293945, 16.200000762939453, 16.049999237060547, 15.300000190734863, 17.139999389648438, 16.3799991607666, 16.809999465942383, 17.670000076293945, 19.459999084472656, 20.270000457763672, 18.889999389648438, 19.260000228881836, 18.950000762939453, 19.190000534057617, 20.260000228881836, 19.540000915527344, 19.639999389648438, 19.399999618530273, 19.559999465942383, 20.770000457763672, 21.270000457763672, 21.5, 20.860000610351562, 19.329999923706055, 20.0, 20.34000015258789, 20.309999465942383, 21.06999969482422, 21.68000030517578, 22.389999389648438, 22.920000076293945, 23.350000381469727, 22.510000228881836, 21.790000915527344]
assets:[0, 100.00055598402022, 204.90143679656984, 303.2223795595169, 412.9955814317703, 545.0694315447807, 653.1679187038421, 801.9405246711732, 804.7019762039184, 890.9779734436036, 1109.7275521622657, 1226.716999829483, 1348.5775396425247, 1562.0944870119095, 1603.87955, 1628.3423324668884, 1759.2110772952078, 1840.5082724370957, 2098.7253309022904, 2202.618523732376, 2282.22322151413, 2275.5766783680915, 2649.2405776611326, 2631.7711891605377, 2800.858577016067, 3044.1505061437606, 3452.526873570251, 3696.2345834732055, 3544.5912674713136, 3714.019478136635, 3754.2396061481477, 3901.785749586678, 4219.341569666863, 4169.394591352844, 4290.731026657104, 4338.297754694367, 4474.077993841744, 4850.848145911026, 5067.6244030632015, 5222.4231, 5166.965829182434, 4887.988678707504, 5157.412, 5345.087620098114, 5437.204174027061, 5740.6646928527825, 6006.86250855484, 6303.581912164306, 6552.795933812332, 6775.733465695382, 6631.981805434037, 6519.853722937774]
shares:[0, 8.5985, 16.7952, 25.0597, 33.0661, 40.4955, 47.8161, 54.6281, 62.38, 70.2664, 77.2253, 84.0793, 90.8133, 97.0245, 103.4761, 110.2466, 116.8911, 123.607, 129.7913, 135.9641, 142.1946, 148.7305, 154.5648, 160.6698, 166.6186, 172.2779, 177.4166, 182.35, 187.6438, 192.8359, 198.1129, 203.3239, 208.2597, 213.3774, 218.469, 223.6236, 228.7361, 233.5507, 238.2522, 242.9034, 247.6973, 252.8706, 257.8706, 262.787, 267.7107, 272.4568, 277.0693, 281.5356, 285.8986, 290.1813, 294.6238, 299.2131]
growth_rate:27.84
