ticker:CVET
price:[22.290000915527344, 19.40999984741211, 21.459999084472656, 22.975000381469727, 24.450000762939453, 25.729999542236328, 26.709999084472656, 27.0, 24.690000534057617, 28.290000915527344, 25.219999313354492, 26.219999313354492, 27.06999969482422, 26.770000457763672, 26.5, 27.399999618530273, 31.59000015258789, 28.739999771118164, 32.54999923706055, 36.880001068115234, 38.7400016784668, 34.06999969482422, 36.59000015258789, 39.36000061035156, 35.95000076293945, 37.15999984741211, 31.309999465942383, 33.58000183105469, 31.270000457763672, 30.59000015258789, 30.190000534057617, 28.739999771118164, 29.209999084472656, 30.290000915527344, 28.649999618530273, 30.0, 25.8799991607666, 26.190000534057617, 27.739999771118164, 26.729999542236328, 27.350000381469727, 25.239999771118164, 27.709999084472656, 26.200000762939453, 26.100000381469727, 24.100000381469727, 25.170000076293945, 25.459999084472656, 22.600000381469727, 24.270000457763672, 21.739999771118164, 21.93000030517578]
assets:[0, 100.00031921386719, 210.5612190170288, 325.4270954032898, 446.32009392700195, 569.6853468647003, 691.3829843017578, 798.8895, 830.5395209650039, 1051.6383490333556, 1037.5154637523651, 1178.6545191335679, 1316.863447154236, 1402.2688409786224, 1488.12605, 1638.6651971860886, 1989.2507406085967, 1909.7844807907104, 2262.9605769584655, 2663.9936851543425, 2898.3487215751647, 2648.9595112724305, 2944.8912772808076, 3267.8325626739497, 3084.7185754646302, 3288.5447904964444, 2870.83889903183, 3178.97847734375, 3060.2948807998655, 3093.7441374320983, 3153.291213781357, 3101.84207329731, 3252.568450054932, 3472.8273589675905, 3384.7969049320222, 3644.2889999999998, 3243.806858810234, 3382.6638029781343, 3682.859459612846, 3648.7678955131532, 3833.4006684671403, 3637.6619630128857, 4093.6452717475886, 3970.5708156223295, 4055.415449272728, 3844.6561908555987, 4115.352903474235, 4262.767646713257, 3883.918545557404, 4270.915757555008, 3925.6982846696856, 4060.0084134986873]
shares:[0, 5.152, 9.8118, 14.1644, 18.2544, 22.1409, 25.8848, 29.5885, 33.6387, 37.1735, 41.1386, 44.9525, 48.6466, 52.3821, 56.1557, 59.8053, 62.9709, 66.4504, 69.5226, 72.2341, 74.8154, 77.7505, 80.4835, 83.0242, 85.8058, 88.4969, 91.6908, 94.6688, 97.8668, 101.1358, 104.4482, 107.9277, 111.3512, 114.6526, 118.143, 121.4763, 125.3403, 129.1586, 132.7635, 136.5046, 140.1609, 144.1229, 147.7317, 151.5485, 155.3799, 159.5293, 163.5023, 167.43, 171.8548, 175.9751, 180.5749, 185.1349]
growth_rate:-20.39
