ticker:CVGI
price:[4.699999809265137, 5.090000152587891, 5.730000019073486, 5.119999885559082, 6.539999961853027, 6.25, 5.760000228881836, 5.980000019073486, 5.849999904632568, 6.699999809265137, 7.320000171661377, 6.96999979019165, 7.289999961853027, 7.760000228881836, 9.420000076293945, 8.869999885559082, 8.520000457763672, 8.649999618530273, 8.9399995803833, 8.729999542236328, 8.930000305175781, 8.279999732971191, 9.220000267028809, 9.470000267028809, 9.520000457763672, 9.1899995803833, 9.5600004196167, 10.4399995803833, 10.039999961853027, 10.15999984741211, 9.6899995803833, 9.9399995803833, 9.789999961853027, 9.899999618530273, 10.989999771118164, 13.350000381469727, 12.210000038146973, 12.460000038146973, 11.529999732971191, 11.649999618530273, 11.4399995803833, 10.789999961853027, 10.6899995803833, 9.75, 9.789999961853027, 8.880000114440918, 9.239999771118164, 9.140000343322754, 9.460000038146973, 9.390000343322754, 9.529999732971191, 10.609999656677246]
assets:[0, 100.00017899780273, 212.5738327075958, 289.9440575192451, 470.35810525646207, 549.5012499999999, 606.4203120969772, 729.5821283270359, 813.7215317346096, 1031.954740622425, 1227.4491047849178, 1268.7595168082714, 1427.009473532772, 1619.0115277528764, 2065.346320727539, 2044.7584976184846, 2064.0749068988803, 2195.56885317421, 2369.177666797924, 2413.526228445053, 2568.819068787384, 2481.8388399610517, 2863.5937829351424, 3041.2403947548864, 3157.2976798168183, 3147.853313268566, 3374.5902841207503, 3785.221251859951, 3740.194157789135, 3884.8974296546935, 3805.182408220005, 4003.355704998493, 4042.9429982465745, 4188.369078612519, 4749.51303308487, 5869.426457715988, 5468.216771084022, 5680.178843390179, 5356.216408952809, 5511.961989515305, 5512.60518179884, 5299.388712264537, 5350.274235984612, 4979.81055, 5100.240477126789, 4726.163388908386, 5017.764319706153, 5063.459650197029, 5340.735729536247, 5401.216463482475, 5581.745621600532, 6314.304692679119]
shares:[0, 19.6464, 37.0984, 56.6297, 71.9202, 87.9202, 105.2813, 122.0037, 139.0977, 154.0231, 167.6843, 182.0315, 195.7489, 208.6355, 219.2512, 230.5252, 242.2623, 253.823, 265.0087, 276.4635, 287.6617, 299.739, 310.585, 321.1447, 331.6489, 342.5303, 352.9906, 362.5691, 372.5293, 382.3718, 392.6917, 402.7521, 412.9666, 423.0676, 432.1668, 439.6574, 447.8474, 455.8731, 464.5461, 473.1298, 481.8711, 491.1389, 500.4934, 510.7498, 520.9643, 532.2256, 543.0481, 553.989, 564.5598, 575.2094, 585.7026, 595.1277]
growth_rate:23.81
