ticker:CVGW
price:[62.779998779296875, 63.58000183105469, 68.37000274658203, 68.12999725341797, 67.76000213623047, 68.62000274658203, 69.7300033569336, 69.68000030517578, 67.12999725341797, 68.98999786376953, 71.55999755859375, 70.19999694824219, 72.95999908447266, 71.41999816894531, 74.72000122070312, 72.08000183105469, 69.30000305175781, 69.43000030517578, 70.08999633789062, 73.29000091552734, 74.05999755859375, 76.1500015258789, 75.41999816894531, 76.66999816894531, 75.27999877929688, 75.25, 82.81999969482422, 81.05000305175781, 78.51000213623047, 77.69999694824219, 77.23999786376953, 76.75, 80.01000213623047, 79.79000091552734, 78.12999725341797, 79.0, 75.05999755859375, 73.55000305175781, 71.19999694824219, 72.86000061035156, 68.4000015258789, 63.119998931884766, 63.83000183105469, 63.599998474121094, 61.599998474121094, 57.47999954223633, 56.849998474121094, 56.34000015258789, 51.41999816894531, 52.02000045776367, 49.400001525878906, 47.7400016784668]
assets:[0, 99.9986268798828, 207.53030633697512, 306.80300363159176, 405.137052772522, 510.278926424408, 618.5330217773437, 718.0872431449891, 791.8050306037902, 913.7449257064819, 1047.7814842529297, 1127.8682509689331, 1272.2108000358583, 1345.3599315078734, 1507.520856628418, 1554.253871482849, 1594.3089402084352, 1697.2996734603882, 1813.4314662506104, 1996.2217419364931, 2117.1975862060544, 2276.945965625, 2355.1176568222045, 2494.15171043396, 2548.9355906677247, 2647.919575, 3014.2918628929137, 3049.8710898361205, 3054.290315106201, 3122.7784173492428, 3204.293587378693, 3283.9636499999997, 3523.448470074463, 3613.7609524650575, 3638.5764760894776, 3779.0914, 3690.6175139587403, 3716.3713292007446, 3697.6294415130615, 3883.838762535095, 3746.097083568573, 3556.925555809784, 3696.937961051941, 3783.6147892242434, 3764.6346267471313, 3612.8421432277682, 3673.2432664085386, 3740.2886621299745, 3513.6621668792723, 3654.6599301601414, 3570.592590289307, 3550.6101108341218]
shares:[0, 1.5728, 3.0354, 4.5032, 5.979, 7.4363, 8.8704, 10.3055, 11.7951, 13.2446, 14.642, 16.0665, 17.4371, 18.8373, 20.1756, 21.5629, 23.0059, 24.4462, 25.8729, 27.2373, 28.5876, 29.9008, 31.2267, 32.531, 33.8594, 35.1883, 36.3957, 37.6295, 38.9032, 40.1902, 41.4849, 42.7878, 44.0376, 45.2909, 46.5708, 47.8366, 49.1689, 50.5285, 51.933, 53.3055, 54.7675, 56.3518, 57.9185, 59.4908, 61.1142, 62.8539, 64.6129, 66.3878, 68.3326, 70.2549, 72.2792, 74.3739]
growth_rate:-30.38
