ticker:CVLG
price:[17.84000015258789, 16.309999465942383, 16.329999923706055, 16.93000030517578, 17.56999969482422, 17.860000610351562, 18.270000457763672, 17.3700008392334, 13.770000457763672, 15.0, 16.200000762939453, 17.469999313354492, 18.719999313354492, 17.549999237060547, 16.65999984741211, 15.8100004196167, 15.399999618530273, 14.8100004196167, 15.770000457763672, 15.789999961853027, 16.0, 15.09000015258789, 16.719999313354492, 18.209999084472656, 18.170000076293945, 18.18000030517578, 19.65999984741211, 21.149999618530273, 19.889999389648438, 19.8700008392334, 20.860000610351562, 20.420000076293945, 20.719999313354492, 19.559999465942383, 21.510000228881836, 23.31999969482422, 23.700000762939453, 22.950000762939453, 22.510000228881836, 22.06999969482422, 22.459999084472656, 20.149999618530273, 20.15999984741211, 20.579999923706055, 19.479999542236328, 19.100000381469727, 20.290000915527344, 21.010000228881836, 20.270000457763672, 22.079999923706055, 22.56999969482422, 23.059999465942383]
assets:[0, 99.99986872558593, 200.1225160650253, 307.4758935424805, 419.0989597206116, 526.0163099761963, 638.0925549877167, 706.6602701423645, 660.2026719474793, 819.1754999999999, 984.7089463748932, 1161.9051963321685, 1345.041310664177, 1360.9761158351898, 1391.9579812511445, 1420.9395977134704, 1484.0902632379532, 1527.2324202715874, 1726.229983108139, 1828.4188355827332, 1952.736, 1941.6740806339265, 2251.411443540573, 2552.0457846931454, 2646.440524112129, 2747.8961381271365, 3071.5977701602933, 3404.388538597107, 3301.5748116867067, 3398.2549715293885, 3667.569845310974, 3690.2105237874985, 3844.425968598556, 3729.198006179619, 4200.974027701378, 4654.4737190895075, 4830.318485495377, 4777.460348819733, 4785.866905662728, 4792.317252733612, 4977.003283124543, 4565.121448575402, 4667.386716673279, 4864.624235965919, 4704.610793445588, 4712.8372341259, 5106.463661414337, 5387.66789369297, 5297.907182644271, 5870.981451713752, 6101.271279502868, 6333.730939314079]
shares:[0, 6.1312, 12.2549, 18.1616, 23.8531, 29.4522, 34.9257, 40.6828, 47.945, 54.6117, 60.7845, 66.5086, 71.8505, 77.5485, 83.5509, 89.876, 96.3695, 103.1217, 109.4629, 115.796, 122.046, 128.6729, 134.6538, 140.1453, 145.6489, 151.1494, 156.2359, 160.964, 165.9917, 171.0244, 175.8183, 180.7155, 185.5418, 190.6543, 195.3033, 199.5915, 203.8109, 208.1682, 212.6107, 217.1417, 221.5941, 226.5569, 231.5172, 236.3763, 241.5098, 246.7454, 251.6739, 256.4335, 261.3669, 265.8959, 270.3266, 274.6631]
growth_rate:24.19
