ticker:CVLT
price:[40.86000061035156, 40.38999938964844, 40.880001068115234, 40.06999969482422, 40.439998626708984, 43.810001373291016, 43.369998931884766, 42.31999969482422, 39.59000015258789, 43.52000045776367, 44.91999816894531, 47.43000030517578, 48.90999984741211, 49.02000045776367, 51.970001220703125, 53.41999816894531, 57.20000076293945, 55.369998931884766, 57.29999923706055, 57.47999954223633, 59.84000015258789, 62.779998779296875, 67.16999816894531, 71.26000213623047, 67.62999725341797, 63.72999954223633, 62.27000045776367, 67.4800033569336, 64.83000183105469, 64.7300033569336, 66.12000274658203, 67.3499984741211, 68.12000274658203, 70.69999694824219, 69.51000213623047, 68.1500015258789, 68.87000274658203, 70.58000183105469, 76.16999816894531, 78.62999725341797, 80.66000366210938, 77.75, 81.63999938964844, 77.25, 79.29000091552734, 76.5999984741211, 82.16000366210938, 75.58999633789062, 75.9000015258789, 76.7699966430664, 74.61000061035156, 80.77999877929688]
assets:[0, 100.00159948883058, 201.21545325737, 297.2272367362976, 399.9718064174652, 533.3035277172089, 627.9455405349731, 712.740738860321, 766.7632869552613, 942.8782179176332, 1073.2106282531738, 1233.1800079345703, 1371.6613817207335, 1474.7471057716368, 1663.4973750732422, 1809.9122739624024, 2037.9845471828462, 2072.7814470149992, 2245.0311601078033, 2352.081581268311, 2548.651430498886, 2773.8714660644528, 3067.841892370606, 3354.642986565399, 3283.7542276405334, 3194.3897510551456, 3221.2084426799775, 3590.7189466278073, 3549.7084032577513, 3644.2344589920044, 3822.4899267837523, 3993.598979521179, 4139.25747089386, 4396.026830245972, 4422.031707901001, 4435.515589311218, 4582.37582474823, 4796.151096426392, 5276.0139441696165, 5546.410609261322, 5789.60567685852, 5680.733775, 6064.953914657593, 5838.825375, 6093.016333353425, 5986.305200752258, 6520.817658651734, 6099.371922503662, 6224.38455513382, 6395.731451332855, 6315.781317666626, 6938.0729251556395]
shares:[0, 2.4759, 4.9221, 7.4177, 9.8905, 12.1731, 14.4788, 16.8417, 19.3676, 21.6654, 23.8916, 26.0, 28.0446, 30.0846, 32.0088, 33.8808, 35.6291, 37.4351, 39.1803, 40.92, 42.5911, 44.184, 45.6728, 47.0761, 48.5547, 50.1238, 51.7297, 53.2116, 54.7541, 56.299, 57.8114, 59.2962, 60.7642, 62.1786, 63.6172, 65.0846, 66.5366, 67.9534, 69.2663, 70.5381, 71.7779, 73.0641, 74.289, 75.5835, 76.8447, 78.1502, 79.3673, 80.6902, 82.0077, 83.3103, 84.6506, 85.8885]
growth_rate:36.04
