ticker:CVLY
price:[13.329999923706055, 13.0, 13.119999885559082, 12.5, 13.0600004196167, 14.0, 13.390000343322754, 13.90999984741211, 13.460000038146973, 13.3100004196167, 15.109999656677246, 15.90999984741211, 16.8700008392334, 17.139999389648438, 16.979999542236328, 16.90999984741211, 17.190000534057617, 16.959999084472656, 17.84000015258789, 17.790000915527344, 17.530000686645508, 15.800000190734863, 15.819999694824219, 15.90999984741211, 15.949999809265137, 16.850000381469727, 18.799999237060547, 19.25, 18.780000686645508, 18.440000534057617, 18.600000381469727, 17.600000381469727, 17.81999969482422, 17.6200008392334, 18.399999618530273, 18.469999313354492, 18.709999084472656, 18.8799991607666, 18.959999084472656, 19.540000915527344, 19.639999389648438, 19.959999084472656, 20.360000610351562, 20.5, 21.579999923706055, 22.43000030517578, 21.860000610351562, 21.829999923706055, 22.600000381469727, 22.450000762939453, 22.290000915527344, 22.25]
assets:[0, 99.99990000000001, 200.92361424741745, 291.42875, 404.48519099607466, 533.5988, 610.3496906495095, 734.0529479476928, 810.3054622964859, 901.2746994139671, 1123.1595164800644, 1282.6260036987303, 1460.0192836317062, 1583.3862876159667, 1668.6058770160676, 1761.7277501029967, 1890.8983397462844, 1965.5977498939515, 2167.5867785396576, 2261.5111703842163, 2328.4591542051317, 2198.667986541939, 2301.4508416038516, 2414.5445338428494, 2520.615154857731, 2762.8440125484467, 3182.5785508449553, 3358.757325, 3376.751169462776, 3415.6173269227984, 3545.253072710037, 3454.647754877472, 3597.8312083854676, 3657.4522922029496, 3919.3599987436296, 4034.270813020897, 4186.691591134643, 4324.731903761673, 4443.057745456696, 4678.974367228699, 4802.918642739868, 4981.17345952301, 5180.997139315796, 5316.6217, 5696.716433859825, 6021.100309921264, 5968.090578634644, 6059.9010118211745, 6373.6498475820545, 6431.346008562469, 6485.509811382294, 6573.8715250000005]
shares:[0, 7.6923, 15.3143, 23.3143, 30.9713, 38.1142, 45.5825, 52.7716, 60.201, 67.7141, 74.3322, 80.6176, 86.5453, 92.3796, 98.2689, 104.1826, 109.9999, 115.8961, 121.5015, 127.1226, 132.8271, 139.1562, 145.4773, 151.7627, 158.0323, 163.967, 169.2861, 174.4809, 179.8057, 185.2287, 190.605, 196.2868, 201.8985, 207.5739, 213.0087, 218.4229, 223.7676, 229.0642, 234.3385, 239.4562, 244.5478, 249.5578, 254.4694, 259.3474, 263.9813, 268.4396, 273.0142, 277.5951, 282.0199, 286.4742, 290.9605, 295.4549]
growth_rate:28.9
