ticker:CVV
price:[2.740000009536743, 2.7100000381469727, 2.869999885559082, 3.0799999237060547, 2.9000000953674316, 4.489999771118164, 4.789999961853027, 4.150000095367432, 3.690000057220459, 4.449999809265137, 4.889999866485596, 4.71999979019165, 4.769999980926514, 4.659999847412109, 4.449999809265137, 4.349999904632568, 4.46999979019165, 3.630000114440918, 4.179999828338623, 4.559999942779541, 4.900000095367432, 4.809999942779541, 5.360000133514404, 6.75, 6.860000133514404, 4.929999828338623, 4.070000171661377, 4.710000038146973, 4.739999771118164, 4.380000114440918, 4.429999828338623, 4.550000190734863, 3.8499999046325684, 4.159999847412109, 4.690000057220459, 5.110000133514404, 4.150000095367432, 4.260000228881836, 4.210000038146973, 4.300000190734863, 4.269999980926514, 4.25, 4.5, 4.289999961853027, 4.199999809265137, 3.9600000381469727, 4.110000133514404, 4.150000095367432, 4.199999809265137, 5.110000133514404, 5.159999847412109, 4.699999809265137]
assets:[0, 100.00008540763854, 205.90412378959655, 320.97018004932403, 402.21232322688104, 722.7355071578979, 871.025089063263, 854.6460396398544, 859.9142923346043, 1137.0239012651443, 1349.4487641552448, 1402.5351936560153, 1517.3928029325007, 1582.4003421855925, 1611.0903909458161, 1674.8861182805538, 1821.0899835235118, 1578.8718167761801, 1918.0944952290058, 2192.4666684881686, 2455.94031779933, 2510.831033130789, 2897.932312185764, 3749.4481499999997, 3910.550622110033, 2910.351941662264, 2502.663862555456, 2996.2029392666814, 3115.2866395711903, 2978.682587827205, 3112.6857763842104, 3297.0024832095146, 2889.771043418169, 3222.4540258010866, 3733.007421544647, 4167.306797883653, 3484.40772507205, 3676.765727545738, 3733.6111688303945, 3913.4271635876653, 3986.123977194548, 4067.453575, 4406.71545, 4301.068590754604, 4310.83612423172, 4164.502756116963, 4422.249173657894, 4565.288114910793, 4720.291165637112, 5843.021476666832, 6000.1933345664975, 5565.292334149934]
shares:[0, 36.9004, 71.7436, 104.2111, 138.6939, 160.9656, 181.8424, 205.9388, 233.0391, 255.511, 275.9609, 297.1473, 318.1117, 339.5709, 362.0428, 385.0313, 407.4027, 434.9509, 458.8743, 480.8041, 501.2123, 522.0023, 540.659, 555.4738, 570.0511, 590.3351, 614.9051, 636.1365, 657.2335, 680.0645, 702.6379, 724.6159, 750.5899, 774.6284, 795.9504, 815.5199, 839.6163, 863.0905, 886.8435, 910.0993, 933.5185, 957.0479, 979.2701, 1002.5801, 1026.3896, 1051.6421, 1075.973, 1100.0694, 1123.8789, 1143.4484, 1162.8282, 1184.1048]
growth_rate:9.12
