ticker:CWBC
price:[8.300000190734863, 8.149999618530273, 8.199999809265137, 8.739999771118164, 8.479999542236328, 8.300000190734863, 8.149999618530273, 8.25, 8.050000190734863, 8.25, 8.25, 8.199999809265137, 8.5, 9.140000343322754, 9.140000343322754, 8.90999984741211, 8.819999694824219, 9.079999923706055, 9.100000381469727, 9.039999961853027, 8.800000190734863, 8.75, 9.289999961853027, 9.600000381469727, 9.75, 9.880000114440918, 10.449999809265137, 12.539999961853027, 12.899999618530273, 13.039999961853027, 12.850000381469727, 13.100000381469727, 12.949999809265137, 12.5, 12.369999885559082, 12.0, 12.079999923706055, 12.149999618530273, 12.0, 12.489999771118164, 13.199999809265137, 13.180000305175781, 13.5, 13.489999771118164, 13.489999771118164, 12.850000381469727, 13.069999694824219, 13.039999961853027, 13.850000381469727, 13.84000015258789, 13.75, 13.65999984741211]
assets:[0, 99.9996803194046, 200.61299533367156, 313.82367578163144, 404.48834616508486, 495.9026013958931, 586.9401525276185, 694.1418, 777.314458417511, 896.6265, 996.6264, 1090.5860346325874, 1230.4855, 1423.1336994566918, 1523.1335292129518, 1584.8047438594817, 1668.796862258911, 1817.9903207244872, 1921.9947005695344, 2009.3216955210687, 2055.976604562092, 2144.295125, 2376.62910424099, 2555.9357815637586, 2695.872075, 2831.817488801193, 3095.1917135061267, 3814.230342397022, 4023.729181013107, 4167.397515808772, 4206.676354880905, 4388.518467792892, 4438.2679646307, 4384.0425000000005, 4438.44873393774, 4405.6896, 4535.060283357811, 4661.340063649369, 4703.7924, 4995.86376744976, 5379.856602263165, 5471.706122694397, 5704.5545999999995, 5800.328926587105, 5900.328945890426, 5720.4025448179245, 5918.33896381073, 6004.754374433804, 6477.749053416252, 6573.07140846901, 6630.327, 6686.92781730423]
shares:[0, 12.2699, 24.465, 35.9066, 47.6991, 59.7473, 72.0172, 84.1384, 96.5608, 108.682, 120.8032, 132.9983, 144.763, 155.7039, 166.6448, 177.8681, 189.206, 200.2192, 211.2082, 222.2701, 233.6337, 245.0623, 255.8266, 266.2433, 276.4997, 286.6212, 296.1906, 304.1651, 311.917, 319.5857, 327.3678, 335.0014, 342.7234, 350.7234, 358.8075, 367.1408, 375.4189, 383.6494, 391.9827, 399.9891, 407.5649, 415.1522, 422.5596, 429.9725, 437.3854, 445.1675, 452.8186, 460.4873, 467.7075, 474.9329, 482.2056, 489.5262]
growth_rate:31.12
