ticker:CWBR
price:[1.059999942779541, 1.0399999618530273, 1.059999942779541, 1.0099999904632568, 0.9819999933242798, 1.0199999809265137, 0.9789999723434448, 0.9150000214576721, 0.9160000085830688, 0.9679999947547913, 1.090000033378601, 1.159999966621399, 1.3300000429153442, 1.1799999475479126, 1.2699999809265137, 1.409999966621399, 1.409999966621399, 1.340000033378601, 1.3799999952316284, 1.399999976158142, 1.7300000190734863, 1.7300000190734863, 1.8300000429153442, 1.8600000143051147, 1.7400000095367432, 1.5299999713897705, 1.3799999952316284, 1.440000057220459, 1.4900000095367432, 1.3600000143051147, 1.340000033378601, 1.3700000047683716, 1.1299999952316284, 1.3799999952316284, 1.340000033378601, 1.309999942779541, 1.2000000476837158, 1.3200000524520874, 1.25, 1.4900000095367432, 1.3600000143051147, 1.3700000047683716, 1.2799999713897705, 1.3300000429153442, 1.4500000476837158, 1.0499999523162842, 1.1299999952316284, 1.1200000047683716, 1.2999999523162842, 1.2999999523162842, 1.1699999570846558, 1.2999999523162842]
assets:[0, 99.99994833202362, 201.92299309988022, 292.3983302390814, 384.2922439875483, 499.1630006659031, 579.0985531405806, 641.2412565377534, 741.9420533521176, 884.0610368096233, 1095.4819705464722, 1265.8339555760622, 1551.344236057496, 1476.3805343735219, 1688.985928633976, 1975.1733552421808, 2075.1733728749036, 2072.150725616038, 2234.005954280746, 2366.3828597007396, 3024.173243341923, 3124.173299444437, 3404.7613788450835, 3560.5770093841197, 3430.8624188041686, 3116.792776717544, 2911.224943940723, 3137.800012684965, 3346.7513034208773, 3154.752865183163, 3208.359533918321, 3380.1884077649597, 2888.038619813061, 3626.9852634675262, 3621.855404218257, 3640.768870972157, 3435.055696496844, 3878.561302120173, 3772.8798749999996, 4597.2728494248395, 4296.168509189105, 4427.757952411091, 4236.883233298277, 4502.386768279302, 5008.617134709978, 3726.9293657487156, 4110.886081652891, 4174.506577772856, 4945.409248603463, 5045.409274935484, 4640.868360773957, 5256.520427191973]
shares:[0, 96.1538, 190.4934, 289.5033, 391.3363, 489.3755, 591.5205, 700.8101, 809.9804, 913.2862, 1005.0293, 1091.2362, 1166.4242, 1251.17, 1329.9102, 1400.8322, 1471.7542, 1546.3811, 1618.8449, 1690.2735, 1748.077, 1805.8805, 1860.5253, 1914.2887, 1971.76, 2037.1195, 2109.5833, 2179.0277, 2246.1418, 2319.6712, 2394.2981, 2467.2908, 2555.7864, 2628.2502, 2702.8771, 2779.213, 2862.5463, 2938.3039, 3018.3039, 3085.418, 3158.9474, 3231.9401, 3310.0651, 3385.2531, 3454.2186, 3549.4567, 3637.9523, 3727.238, 3804.1611, 3881.0842, 3966.5543, 4043.4774]
growth_rate:3.07
