ticker:CWCO
price:[11.550000190734863, 11.079999923706055, 11.600000381469727, 10.779999732971191, 10.510000228881836, 10.890000343322754, 11.050000190734863, 10.770000457763672, 10.0600004196167, 10.069999694824219, 11.180000305175781, 11.140000343322754, 11.399999618530273, 11.430000305175781, 11.920000076293945, 12.130000114440918, 11.850000381469727, 12.050000190734863, 13.010000228881836, 13.079999923706055, 12.819999694824219, 12.670000076293945, 13.0600004196167, 13.300000190734863, 13.0, 12.949999809265137, 13.670000076293945, 15.220000267028809, 13.970000267028809, 13.670000076293945, 13.270000457763672, 12.5600004196167, 12.770000457763672, 12.470000267028809, 11.770000457763672, 11.84000015258789, 11.699999809265137, 12.489999771118164, 12.3100004196167, 12.789999961853027, 13.100000381469727, 12.369999885559082, 12.619999885559082, 11.84000015258789, 11.739999771118164, 12.3100004196167, 12.300000190734863, 12.680000305175781, 12.539999961853027, 12.470000267028809, 11.760000228881836, 12.0]
assets:[0, 100.00032331142425, 204.6936067314148, 290.2234648109436, 382.95392933979036, 496.7996376623153, 604.0990904273987, 688.7921482761383, 743.3847370076179, 844.123766418457, 1037.1697463111877, 1133.4593869319915, 1259.9131378404618, 1363.228704397583, 1521.6702577394485, 1648.4779325526238, 1710.4255000612259, 1839.2939541134833, 2085.8269856954576, 2197.050203184891, 2253.3777563591, 2327.01275801239, 2498.641892281151, 2644.5587379255294, 2684.9069, 2774.580194134426, 3028.8427789043426, 3472.2741189196586, 3287.100549831104, 3316.5115265098575, 3319.4667285087585, 3241.8617083072663, 3396.065414738083, 3416.282520155239, 3324.510780298233, 3444.282092388153, 3503.555582884598, 3840.1203736289976, 3884.77885342226, 4136.256570663357, 4336.510156278419, 4194.857459191323, 4379.635926284504, 4208.944822242737, 4273.396310686302, 4580.878602150536, 4677.15748252821, 4921.654626451874, 4967.3146888893125, 5039.586003916168, 4852.648846445846, 5051.682]
shares:[0, 9.0253, 17.646, 26.9224, 36.4371, 45.6198, 54.6696, 63.9547, 73.8951, 83.8256, 92.7701, 101.7468, 110.5187, 119.2676, 127.6569, 135.9009, 144.3397, 152.6385, 160.3249, 167.9702, 175.7705, 183.6632, 191.3202, 198.839, 206.5313, 214.2533, 221.5686, 228.1389, 235.2971, 242.6124, 250.1482, 258.11, 265.9409, 273.9601, 282.4563, 290.9022, 299.4492, 307.4556, 315.5791, 323.3977, 331.0313, 339.1154, 347.0393, 355.4852, 364.0031, 372.1266, 380.2567, 388.1431, 396.1176, 404.1368, 412.6402, 420.9735]
growth_rate:-0.95
