ticker:CWST
price:[55.59000015258789, 54.65999984741211, 55.5, 55.13999938964844, 57.5099983215332, 59.75, 60.90999984741211, 58.220001220703125, 53.9900016784668, 57.83000183105469, 59.83000183105469, 60.52000045776367, 59.70000076293945, 58.75, 58.599998474121094, 62.81999969482422, 61.56999969482422, 61.95000076293945, 58.97999954223633, 55.13999938964844, 59.709999084472656, 57.2400016784668, 58.540000915527344, 59.70000076293945, 60.0, 57.91999816894531, 62.279998779296875, 64.69999694824219, 63.5099983215332, 66.19000244140625, 65.18000030517578, 65.62000274658203, 67.13999938964844, 68.0, 67.11000061035156, 67.97000122070312, 68.6500015258789, 68.44999694824219, 67.43000030517578, 66.02999877929688, 65.80999755859375, 62.93000030517578, 63.83000183105469, 64.62999725341797, 64.30999755859375, 64.83000183105469, 65.43000030517578, 68.77999877929688, 68.87000274658203, 69.19999694824219, 73.54000091552734, 73.30999755859375]
assets:[0, 100.00046972084044, 201.53715, 300.23178267669675, 413.13457494239805, 529.2236750000001, 639.5001793979645, 711.2562889129638, 759.5799346141815, 913.6041519271851, 1045.2002169876098, 1157.2513447532654, 1241.5689758666992, 1321.810375, 1418.4364030654908, 1620.5800961273194, 1688.3355896316527, 1798.7554421524046, 1812.5202639324189, 1794.5147381362915, 2043.246313671112, 2058.722520368576, 2205.476972492218, 2349.1771200214384, 2460.984, 2475.6686897354125, 2762.030753863525, 2969.3545999420166, 3014.7434083251956, 3241.9598435791013, 3292.4894994155884, 3414.714016925812, 3593.8094613296507, 3739.8436, 3790.896292477417, 3939.4733007507325, 4078.8878956611634, 4167.003084219361, 4204.9078470306395, 4217.606745028686, 4303.552656347657, 4215.221331441498, 4375.5083275177, 4530.349528473664, 4607.920652069092, 4745.180120022583, 4889.099740803528, 5239.419577011109, 5346.275008213043, 5471.8928786865235, 5915.0723096389775, 5996.574525299072]
shares:[0, 1.8295, 3.6313, 5.4449, 7.1837, 8.8573, 10.4991, 12.2167, 14.0689, 15.7981, 17.4695, 19.1218, 20.7968, 22.4989, 24.2054, 25.7972, 27.4214, 29.0356, 30.7311, 32.5447, 34.2195, 35.9665, 37.6747, 39.3497, 41.0164, 42.7429, 44.3486, 45.8942, 47.4688, 48.9796, 50.5138, 52.0377, 53.5271, 54.9977, 56.4878, 57.959, 59.4157, 60.8766, 62.3596, 63.8741, 65.3936, 66.9827, 68.5494, 70.0967, 71.6517, 73.1942, 74.7226, 76.1765, 77.6285, 79.0736, 80.4334, 81.7975]
growth_rate:17.58
