ticker:CXDC
price:[1.149999976158142, 1.159999966621399, 1.159999966621399, 1.1299999952316284, 1.1699999570846558, 1.159999966621399, 1.1799999475479126, 1.1799999475479126, 1.2000000476837158, 1.190000057220459, 1.2000000476837158, 1.2000000476837158, 1.1799999475479126, 1.1799999475479126, 1.0299999713897705, 1.090000033378601, 1.0700000524520874, 0.9900000095367432, 1.0099999904632568, 1.0700000524520874, 1.1399999856948853, 1.090000033378601, 1.1299999952316284, 1.1399999856948853, 1.149999976158142, 1.1200000047683716, 1.100000023841858, 1.1299999952316284, 1.100000023841858, 1.0700000524520874, 1.1100000143051147, 1.0399999618530273, 1.0700000524520874, 1.0199999809265137, 1.0700000524520874, 1.059999942779541, 0.6100000143051147, 0.6399999856948853, 0.6399999856948853, 0.6399999856948853, 0.6299999952316284, 0.6200000047683716, 0.5899999737739563, 0.5799999833106995, 0.550000011920929, 0.5099999904632568, 0.46000000834465027, 0.3700000047683716, 0.7799999713897705, 0.6800000071525574, 0.550000011920929, 0.550000011920929]
assets:[0, 100.00000112253429, 200.00000224506857, 294.82762075588704, 405.26400013500455, 501.80020956087117, 610.4519688648462, 710.4520084197521, 822.4935926829577, 915.6394750279903, 1023.3338806636333, 1123.3338446372748, 1204.6115604539036, 1304.6116000088095, 1238.7711805907488, 1410.9326672063828, 1485.0439777978063, 1474.0125981992721, 1603.7905998564959, 1799.0653461913348, 2016.761092692983, 2028.3067241119622, 2202.7399527048824, 2322.233208859813, 2442.6036293598177, 2478.883578553784, 2534.6178549363613, 2703.743756590748, 2731.9630292137026, 2757.4549771722077, 2960.537315153897, 2873.836574588299, 3056.735917843151, 3013.8975756416316, 3261.637824887574, 3331.154866179037, 2016.9854823003411, 2216.1813904644846, 2316.1813882293104, 2416.1813859941362, 2478.428612241161, 2539.088499527931, 2516.2292331512867, 2573.581319946081, 2540.4651800630986, 2455.7039630795716, 2314.948753994429, 1962.0240002855658, 4236.1584726186275, 3793.0613918971894, 3167.917348662758, 3267.9173608302]
shares:[0, 86.2069, 172.4138, 260.9094, 346.3795, 432.5864, 517.3322, 602.078, 685.4113, 769.4449, 852.7782, 936.1115, 1020.8573, 1105.6031, 1202.6905, 1294.4336, 1387.8915, 1488.9016, 1587.9115, 1681.3694, 1769.0887, 1860.8318, 1949.3274, 2037.0467, 2124.0032, 2213.2889, 2304.198, 2392.6936, 2483.6027, 2577.0606, 2667.1507, 2763.3045, 2856.7624, 2954.8016, 3048.2595, 3142.5991, 3306.5335, 3462.7835, 3619.0335, 3775.2835, 3934.0137, 4095.304, 4264.7955, 4437.2093, 4619.0275, 4815.1059, 5032.4972, 5302.7675, 5430.9726, 5578.0314, 5759.8496, 5941.6678]
growth_rate:-35.92
