ticker:CXDO
price:[8.795000076293945, 8.84000015258789, 7.510000228881836, 5.590000152587891, 5.599999904632568, 5.510000228881836, 5.5, 6.860000133514404, 6.320000171661377, 6.929999828338623, 6.489999771118164, 6.400000095367432, 6.210000038146973, 6.800000190734863, 6.690000057220459, 7.190000057220459, 7.159999847412109, 6.929999828338623, 7.340000152587891, 7.21999979019165, 7.25, 7.0, 6.590000152587891, 6.590000152587891, 6.090000152587891, 5.869999885559082, 6.28000020980835, 6.889999866485596, 6.599999904632568, 6.420000076293945, 6.21999979019165, 6.46999979019165, 6.099999904632568, 6.300000190734863, 5.699999809265137, 5.375, 5.334000110626221, 5.440000057220459, 5.309999942779541, 5.489999771118164, 5.340000152587891, 5.519999980926514, 6.46999979019165, 6.15500020980835, 6.130000114440918, 6.039999961853027, 6.1539998054504395, 6.0, 6.050000190734863, 6.0, 5.860000133514404, 5.889999866485596]
assets:[0, 99.99984972610474, 184.9547836368561, 237.66947748756408, 338.0943942422867, 432.66064597244264, 531.8753, 763.3938488577365, 803.3017258189677, 980.8354467039584, 1018.560034078598, 1104.435216457367, 1171.6475381972314, 1382.9636387910843, 1460.5922554926397, 1669.7545642884731, 1762.7876664329528, 1806.1616972599982, 2013.0199978477478, 2080.109375553417, 2188.7525250000003, 2213.2781999999997, 2183.643339561081, 2283.643296876526, 2210.37773538208, 2230.5283425138473, 2486.3236750655174, 2827.829573202324, 2808.8061794138434, 2832.202293657303, 2843.9717480692866, 3058.2796148264883, 2983.385513357735, 3181.201476312065, 2978.229950341701, 2908.4189499999998, 2986.234094533968, 3145.5783050866607, 3170.4082128357413, 3377.8793731739042, 3385.5878647415157, 3599.708459561777, 4319.2236969367505, 4208.937478972006, 4291.841729124355, 4328.829316660309, 4510.532310206223, 4497.6594000000005, 4635.139886129379, 4696.8330000000005, 4687.240064794207, 4811.235788939]
shares:[0, 11.3122, 24.6278, 42.5169, 60.374, 78.5228, 96.7046, 111.2819, 127.1047, 141.5347, 156.943, 172.568, 188.6711, 203.377, 218.3247, 232.2329, 246.1994, 260.6294, 274.2534, 288.1038, 301.8969, 316.1826, 331.3571, 346.5316, 362.952, 379.9878, 395.9114, 410.4252, 425.5767, 441.153, 457.2302, 472.6862, 489.0796, 504.9526, 522.4965, 541.1012, 559.8489, 578.2313, 597.0637, 615.2786, 634.0052, 652.1211, 667.5771, 683.8241, 700.1373, 716.6936, 732.9432, 749.6099, 766.1388, 782.8055, 799.8703, 816.8482]
growth_rate:-5.66
