ticker:CXSE
price:[56.4900016784668, 54.61000061035156, 55.724998474121094, 54.03499984741211, 56.0099983215332, 58.72999954223633, 59.334999084472656, 59.31999969482422, 59.56999969482422, 63.68000030517578, 62.400001525878906, 63.15999984741211, 63.25, 62.54999923706055, 61.90999984741211, 63.939998626708984, 62.7599983215332, 65.7699966430664, 70.16000366210938, 69.4800033569336, 74.79000091552734, 71.37999725341797, 76.19000244140625, 80.47000122070312, 79.16999816894531, 71.0199966430664, 68.8499984741211, 68.13999938964844, 67.56999969482422, 64.63999938964844, 66.5199966430664, 64.87999725341797, 64.98999786376953, 67.20999908447266, 66.27999877929688, 64.37000274658203, 62.47999954223633, 63.650001525878906, 65.83999633789062, 66.5, 65.87000274658203, 64.91999816894531, 67.29000091552734, 65.70999908447266, 63.220001220703125, 62.970001220703125, 60.40999984741211, 57.59000015258789, 56.91999816894531, 56.90999984741211, 52.59000015258789, 54.970001220703125]
assets:[0, 100.00183311767577, 202.04212696762085, 295.91727316436766, 406.7334058113098, 526.4850808963776, 631.905873249817, 731.7477882354736, 834.8318467231751, 992.433700756073, 1072.4875462257385, 1185.5510931358338, 1287.2387, 1372.99124825325, 1458.94010140419, 1606.7801954898835, 1677.1291591464997, 1857.5683231887817, 2081.5561006500243, 2161.3839444274904, 2426.569058704376, 2415.93452503891, 2678.733819836426, 2929.2126554351807, 2981.890479034424, 2774.928818836212, 2790.13930316391, 2861.368924369812, 2937.4300547332764, 2910.053988522339, 3094.6898478263856, 3118.3921879882814, 3223.679367037201, 3433.7991792251587, 3486.288167791748, 3485.822321735382, 3483.472406478119, 3648.7045124702454, 3874.2426565093992, 4013.0821499999997, 4075.060893917847, 4116.291435900879, 4366.562552410126, 4364.0310241966245, 4298.662949002075, 4381.666782940673, 4303.535897129822, 4202.641779135132, 4253.750995161438, 4353.006051328659, 4122.572183961487, 4409.143797912598]
shares:[0, 1.8312, 3.6257, 5.4764, 7.2618, 8.9645, 10.6498, 12.3356, 14.0143, 15.5847, 17.1873, 18.7706, 20.3516, 21.9503, 23.5655, 25.1295, 26.7229, 28.2434, 29.6687, 31.108, 32.4451, 33.8461, 35.1586, 36.4013, 37.6644, 39.0725, 40.5249, 41.9925, 43.4724, 45.0194, 46.5227, 48.064, 49.6027, 51.0906, 52.5994, 54.1529, 55.7534, 57.3245, 58.8433, 60.3471, 61.8652, 63.4056, 64.8917, 66.4135, 67.9953, 69.5834, 71.2388, 72.9752, 74.7321, 76.4893, 78.3908, 80.21]
growth_rate:-13.55
