ticker:CYAD
price:[10.01099967956543, 9.920000076293945, 9.760000228881836, 9.1899995803833, 9.239999771118164, 9.399999618530273, 8.199999809265137, 8.069999694824219, 7.130000114440918, 8.800000190734863, 9.239999771118164, 9.090999603271484, 9.949999809265137, 9.119999885559082, 7.460000038146973, 8.300000190734863, 7.730000019073486, 7.800000190734863, 8.170000076293945, 8.364999771118164, 8.34000015258789, 8.0600004196167, 8.109999656677246, 8.140000343322754, 7.980000019073486, 7.630000114440918, 7.159999847412109, 7.670000076293945, 7.550000190734863, 7.25, 7.099999904632568, 6.960000038146973, 6.809999942779541, 6.380000114440918, 6.320000171661377, 5.670000076293945, 5.690000057220459, 5.539999961853027, 5.519999980926514, 5.510000228881836, 5.829999923706055, 5.5, 5.460000038146973, 5.230000019073486, 4.739999771118164, 4.230000019073486, 4.639999866485596, 4.230000019073486, 4.300000190734863, 4.039999961853027, 3.880000114440918, 4.369999885559082]
assets:[0, 99.99955276908875, 198.38664465236664, 286.800587904644, 388.3608863800049, 495.08575990848544, 531.883147628212, 623.4510544235229, 650.8306884462357, 903.2689795778274, 1048.4322820295333, 1131.5258112205506, 1338.4431293429375, 1326.7939993509292, 1185.2940420610428, 1418.7588726032257, 1421.3259255070686, 1534.1968575160026, 1706.9728219402314, 1847.7146854431153, 1942.1925475341798, 1976.9867249251367, 2089.251073555183, 2196.9795806625366, 2253.795395386934, 2254.9450548214913, 2216.0428647735594, 2473.8894946079254, 2535.184364046097, 2534.4484749999997, 2582.011525318336, 2631.0985584207538, 2674.3938945286277, 2605.5263327364923, 2681.0230728209017, 2505.284997710419, 2614.1220172884464, 2645.208157785797, 2735.658446547365, 2830.7025585855486, 3095.09915349617, 3019.9048000000003, 3097.9417776441574, 3067.442604186773, 2880.05277493, 2670.1739760400774, 3028.9849528419973, 2861.337828902054, 3008.6886334562305, 2926.767872364521, 2910.8564018559455, 3378.4643915252686]
shares:[0, 10.0806, 20.3265, 31.2079, 42.0304, 52.6687, 64.8638, 77.2554, 91.2806, 102.6442, 113.4667, 124.4666, 134.5169, 145.4818, 158.8866, 170.9348, 183.8714, 196.6919, 208.9318, 220.8864, 232.8768, 245.2837, 257.6142, 269.8992, 282.4305, 295.5367, 309.5032, 322.541, 335.786, 349.5791, 363.6636, 378.0314, 392.7157, 408.3897, 424.2125, 441.8492, 459.4239, 477.4744, 495.5903, 513.7391, 530.8918, 549.0736, 567.3886, 586.5091, 607.6061, 631.2468, 652.7985, 676.4392, 699.695, 724.4475, 750.2207, 773.104]
growth_rate:-33.76
