ticker:CYAN
price:[2.6500000953674316, 3.069999933242798, 2.680000066757202, 2.569999933242798, 2.5199999809265137, 2.559999942779541, 2.9000000953674316, 2.819999933242798, 2.8299999237060547, 2.859999895095825, 2.700000047683716, 2.5399999618530273, 2.75, 3.0299999713897705, 3.0899999141693115, 3.0199999809265137, 3.0299999713897705, 3.0399999618530273, 3.1700000762939453, 3.190000057220459, 3.490000009536743, 3.7300000190734863, 3.700000047683716, 3.440000057220459, 3.4800000190734863, 3.799999952316284, 3.640000104904175, 3.869999885559082, 3.799999952316284, 3.1700000762939453, 3.390000104904175, 3.369999885559082, 3.140000104904175, 3.1700000762939453, 3.140000104904175, 3.0899999141693115, 2.8299999237060547, 2.890000104904175, 3.140000104904175, 3.119999885559082, 3.0, 2.9800000190734863, 2.9100000858306885, 3.0199999809265137, 2.9200000762939453, 2.930000066757202, 3.1500000953674316, 3.059999942779541, 2.930000066757202, 3.109999895095825, 2.950000047683716, 3.059999942779541]
assets:[0, 100.00002882549764, 187.29636066544057, 279.60879673700333, 374.1688411679745, 480.10802126874927, 643.872521173954, 726.110502810955, 828.6853886594773, 937.4699276138067, 985.0240073961496, 1026.6522365812302, 1211.5328499999998, 1434.8889074513197, 1563.3026445762634, 1627.888105718708, 1733.27845663383, 1838.998728923607, 2017.6400635595323, 2130.3697632133963, 2430.717998642159, 2697.873578795671, 2776.1747857779264, 2681.0923565968988, 2812.267707413721, 3170.8670202108624, 3137.356858418083, 3435.5962684049605, 3473.453796413898, 2997.591697144508, 3305.626392293215, 3386.123987011528, 3255.0236467469927, 3386.1224394954684, 3454.0770453971622, 3499.075732806444, 3304.6551519098284, 3474.718798128891, 3875.299895469785, 3950.6162390922545, 3898.6695, 3972.6782554271217, 3979.3605153715607, 4229.782981285858, 4189.724149469375, 4304.072529064107, 4727.245148119116, 4692.1806562585825, 4592.839857643389, 4974.993436187267, 4819.0454428949115, 5098.738368656159]
shares:[0, 32.5733, 69.8867, 108.7972, 148.4797, 187.5422, 222.025, 257.486, 292.8217, 327.7867, 364.8237, 404.1938, 440.5574, 473.5607, 505.9232, 539.0358, 572.0391, 604.9338, 636.4795, 667.8275, 696.4808, 723.2905, 750.3175, 779.3873, 808.1229, 834.4387, 861.9112, 887.751, 914.0668, 945.6125, 975.111, 1004.7846, 1036.6317, 1068.1774, 1100.0245, 1132.387, 1167.7227, 1202.3248, 1234.1719, 1266.2232, 1299.5565, 1333.1135, 1367.4778, 1400.5904, 1434.837, 1468.9667, 1500.7127, 1533.3924, 1567.5221, 1599.6764, 1633.5747, 1666.2544]
growth_rate:-0.02
