ticker:CYBE
price:[29.68000030517578, 30.06999969482422, 31.06999969482422, 29.969999313354492, 33.040000915527344, 38.09000015258789, 38.36000061035156, 26.25, 23.040000915527344, 24.260000228881836, 24.34000015258789, 25.950000762939453, 26.100000381469727, 28.31999969482422, 27.149999618530273, 26.950000762939453, 26.1200008392334, 22.690000534057617, 24.670000076293945, 25.670000076293945, 26.1200008392334, 24.190000534057617, 26.450000762939453, 27.979999542236328, 29.690000534057617, 26.75, 26.309999465942383, 28.079999923706055, 24.969999313354492, 24.479999542236328, 26.690000534057617, 26.149999618530273, 28.200000762939453, 29.6299991607666, 32.9900016784668, 28.75, 29.280000686645508, 29.299999237060547, 29.799999237060547, 32.95000076293945, 33.90999984741211, 34.29999923706055, 40.5099983215332, 41.02000045776367, 40.81999969482422, 36.9900016784668, 40.0, 46.849998474121094, 45.04999923706055, 42.22999954223633, 40.150001525878906, 42.619998931884766]
assets:[0, 100.00079098510743, 203.3251850028992, 296.12756921539307, 426.46050781707766, 591.6443543701172, 695.8389030715942, 576.1665, 605.7101040687561, 737.7829969606399, 840.216805267334, 995.7949492767335, 1101.5505160999298, 1295.24633804245, 1341.7339761480332, 1431.8508455348967, 1487.7534558013915, 1392.3854967727661, 1613.8892019910813, 1779.308354288292, 1910.5004453842162, 1869.333090270424, 2143.9788718421937, 2367.9977252586364, 2612.717077997017, 2453.99685, 2513.6310389766695, 2782.7364164392475, 2574.534276203346, 2624.013598932266, 2960.9032512466433, 3000.997491222191, 3336.257490261078, 3605.4375578804015, 4114.288677326966, 3685.505625, 3853.447194367218, 3956.0800369880676, 4123.589794427871, 4659.472787887574, 4895.227231972503, 5051.528957638168, 6066.104882660676, 6242.4728936630245, 6312.037372810364, 5819.799720080566, 6393.375999999999, 7588.2427178550715, 7396.700809733964, 7033.689364756394, 6787.253367945862, 7304.799310931778]
shares:[0, 3.3256, 6.5441, 9.8808, 12.9074, 15.5328, 18.1397, 21.9492, 26.2895, 30.4115, 34.52, 38.3736, 42.205, 45.7361, 49.4193, 53.1299, 56.9584, 61.3656, 65.4191, 69.3147, 73.1432, 77.2771, 81.0578, 84.6318, 87.9999, 91.7382, 95.539, 99.1003, 103.1051, 107.1901, 110.9368, 114.7609, 118.307, 121.682, 124.7132, 128.1915, 131.6068, 135.0198, 138.3755, 141.4104, 144.3594, 147.2749, 149.7434, 152.1812, 154.631, 157.3344, 159.8344, 161.9689, 164.1887, 166.5567, 169.0474, 171.3937]
growth_rate:43.23
