ticker:CYBR
price:[101.9800033569336, 97.94999694824219, 97.69999694824219, 99.38999938964844, 107.38999938964844, 114.0, 113.01000213623047, 108.44000244140625, 99.1500015258789, 107.62999725341797, 105.95999908447266, 109.48999786376953, 113.19999694824219, 113.9000015258789, 110.44999694824219, 145.0800018310547, 161.1699981689453, 161.58999633789062, 152.5800018310547, 160.0, 162.25999450683594, 160.25, 162.11000061035156, 162.77999877929688, 163.75999450683594, 146.8300018310547, 137.13999938964844, 145.27000427246094, 137.22999572753906, 132.32000732421875, 132.0, 135.75, 146.4499969482422, 143.24000549316406, 140.5, 120.2300033569336, 121.5, 126.0, 126.54000091552734, 125.97000122070312, 136.57000732421875, 138.50999450683594, 135.0, 132.49000549316406, 139.61000061035156, 133.61000061035156, 146.30999755859375, 142.02999877929688, 139.30999755859375, 157.94000244140625, 154.89999389648438, 168.7899932861328]
assets:[0, 99.99715188446044, 199.73787376098633, 303.18919313812256, 427.5947605697632, 553.9146000000001, 649.1068502700806, 722.8610562744141, 760.9366017105102, 926.0162073692321, 1011.6530912590026, 1145.3529696533203, 1284.163405380249, 1392.1085986495973, 1449.943379937744, 2004.5558772994996, 2326.875731564331, 2432.9474618621825, 2397.291214768982, 2613.8720000000003, 2750.7936868743896, 2816.7142500000004, 2949.413140104675, 3061.5987730407714, 3180.022581329346, 2951.2683538040164, 2856.502761286926, 3125.847316932678, 3052.84593095398, 3043.611576470947, 3136.254, 3325.345575, 3687.449828160095, 3706.621622146606, 3735.71235, 3296.754784048462, 3431.5731, 3658.6746, 3774.3592233078, 3857.352601379395, 4281.93406763916, 4442.763477804566, 4430.1735, 4447.808725410462, 4786.836012927246, 4681.106537384034, 5226.061433795166, 5173.187051538086, 5174.1126193237305, 5966.057240222168, 5951.226785504151, 6584.8858550766]
shares:[0, 1.0209, 2.0444, 3.0505, 3.9817, 4.8589, 5.7438, 6.666, 7.6746, 8.6037, 9.5475, 10.4608, 11.3442, 12.2222, 13.1276, 13.8169, 14.4374, 15.0563, 15.7117, 16.3367, 16.953, 17.577, 18.1939, 18.8082, 19.4188, 20.0999, 20.8291, 21.5175, 22.2462, 23.0019, 23.7595, 24.4961, 25.1789, 25.877, 26.5887, 27.4204, 28.2434, 29.0371, 29.8274, 30.6212, 31.3534, 32.0754, 32.8161, 33.5709, 34.2872, 35.0356, 35.7191, 36.4232, 37.141, 37.7742, 38.4198, 39.0123]
growth_rate:29.12
