ticker:CYCCP
price:[5.510000228881836, 5.050000190734863, 5.300000190734863, 5.510000228881836, 5.0, 5.050000190734863, 5.519999980926514, 5.519999980926514, 5.960000038146973, 5.679999828338623, 5.960000038146973, 5.960000038146973, 5.960000038146973, 6.0, 7.199999809265137, 6.949999809265137, 7.0, 7.03000020980835, 8.5, 9.199999809265137, 9.199999809265137, 9.199999809265137, 9.199999809265137, 8.0, 8.0, 7.449999809265137, 7.449999809265137, 8.100000381469727, 8.5, 6.860000133514404, 8.25, 9.430000305175781, 8.399999618530273, 7.590000152587891, 7.730000019073486, 7.599999904632568, 8.029999732971191, 10.479999542236328, 9.380000114440918, 9.40999984741211, 9.380000114440918, 9.380000114440918, 9.720000267028809, 9.600000381469727, 9.600000381469727, 11.0, 10.84000015258789, 10.75, 10.649999618530273, 8.770000457763672, 8.399999618530273, 8.220000267028809]
assets:[0, 100.00010377693177, 204.95047737569809, 313.0710500047684, 384.09350000000006, 487.934553428936, 633.346029811573, 733.3457974660396, 891.8007657079696, 949.9038592919351, 1096.7300030196188, 1196.729863659668, 1296.729724299717, 1405.4328, 1786.519392673397, 1824.4875399290086, 1937.6133, 2045.9177620598316, 2573.7269, 2885.681140173912, 2985.6814581007, 3085.6817760274885, 3185.6820939542768, 2870.1584, 2970.1584, 2865.9597966257097, 2965.959654065514, 3324.7350665784834, 3588.9193, 2996.4693243195056, 3703.6254750000003, 4333.35672423706, 3960.0420601623537, 3678.1808659454346, 3846.0259514899253, 3881.345031295538, 4200.947358302116, 5582.681084149934, 5096.713110182572, 5213.013821468353, 5296.39455261879, 5396.394733838844, 5692.00008037119, 5721.728867361069, 5821.729191334724, 6770.731, 6772.247819328689, 6816.0203, 6852.615519547843, 5742.952361762237, 5600.6611056568145, 5580.646957288742]
shares:[0, 19.802, 38.6699, 56.8187, 76.8187, 96.6207, 114.7366, 132.8525, 149.631, 167.2366, 184.0151, 200.7936, 217.5721, 234.2388, 248.1277, 262.5162, 276.8019, 291.0267, 302.7914, 313.661, 324.5306, 335.4002, 346.2698, 358.7698, 371.2698, 384.6926, 398.1154, 410.4611, 422.2258, 436.8031, 448.9243, 459.5288, 471.4336, 484.6088, 497.5454, 510.7033, 523.1566, 532.6986, 543.3596, 553.9866, 564.6476, 575.3086, 585.5967, 596.0134, 606.4301, 615.521, 624.7461, 634.0484, 643.4381, 654.8406, 666.7454, 678.9108]
growth_rate:9.42
