ticker:CYCC
price:[3.2899999618530273, 3.309999942779541, 3.740000009536743, 3.430000066757202, 3.6700000762939453, 3.940000057220459, 3.890000104904175, 3.7699999809265137, 3.259999990463257, 3.2699999809265137, 3.5399999618530273, 3.430000066757202, 3.8499999046325684, 4.170000076293945, 4.320000171661377, 4.230000019073486, 8.020000457763672, 7.809999942779541, 8.859999656677246, 7.349999904632568, 7.429999828338623, 7.03000020980835, 8.819999694824219, 9.119999885559082, 8.510000228881836, 6.900000095367432, 6.170000076293945, 7.550000190734863, 8.390000343322754, 7.400000095367432, 7.480000019073486, 7.400000095367432, 6.519999980926514, 6.840000152587891, 7.110000133514404, 6.690000057220459, 6.789999961853027, 7.71999979019165, 7.170000076293945, 6.760000228881836, 7.019999980926514, 6.230000019073486, 6.550000190734863, 5.769999980926514, 5.800000190734863, 5.179999828338623, 5.489999771118164, 4.960000038146973, 5.079999923706055, 4.900000095367432, 4.579999923706055, 5.389999866485596]
assets:[0, 100.0000632712841, 212.99113054311275, 295.3367257480621, 416.0018486480713, 546.6068459383488, 639.6700612504006, 719.9372923576354, 722.54509388628, 824.7613571892738, 992.860957300949, 1062.0093116696119, 1292.051112994909, 1499.4423724336625, 1653.3789776993751, 1718.9336867508412, 3359.065713727951, 3371.1099373013494, 3924.3321819331168, 3355.5123614616873, 3492.0352783206463, 3404.0392845925808, 4370.786128768921, 4619.452310033512, 4410.4761166225435, 3676.061990808201, 3387.145558883095, 4244.72411223402, 4816.9852961133, 4348.592296042442, 4495.604179463482, 4547.522798606157, 4106.736087986231, 4408.293914340973, 4682.305518926191, 4505.713700537968, 4673.063340746212, 5413.114856886435, 5127.465663559914, 4934.263423065568, 5224.042497806168, 4736.151924499988, 5079.421657911873, 4574.543688878251, 4698.328434506035, 4296.092945630646, 4653.194791005135, 4303.97952110157, 4508.107756295014, 4448.371986577511, 4257.866087072182, 5110.894893399239]
shares:[0, 30.2115, 56.9495, 86.104, 113.352, 138.7327, 164.4396, 190.9648, 221.6396, 252.2206, 280.4692, 309.6237, 335.5977, 359.5785, 382.7266, 406.3673, 418.8361, 431.6402, 442.9269, 456.5323, 469.9913, 484.2161, 495.554, 506.5189, 518.2698, 532.7626, 548.9701, 562.2151, 574.1341, 587.6476, 601.0166, 614.5301, 629.8675, 644.4874, 658.5521, 673.4998, 688.2273, 701.1807, 715.1277, 729.9206, 744.1656, 760.217, 775.4842, 792.8152, 810.0566, 829.3616, 847.5765, 867.7378, 887.4228, 907.831, 929.6651, 948.218]
growth_rate:0.21
