ticker:CYCN
price:[6.25, 6.679999828338623, 8.390000343322754, 6.800000190734863, 6.170000076293945, 6.739999771118164, 2.950000047683716, 2.640000104904175, 2.3399999141693115, 2.4800000190734863, 2.8299999237060547, 2.990000009536743, 3.259999990463257, 3.200000047683716, 3.2899999618530273, 3.2200000286102295, 3.119999885559082, 3.059999942779541, 3.259999990463257, 3.2200000286102295, 3.3499999046325684, 3.1600000858306885, 4.449999809265137, 4.300000190734863, 4.369999885559082, 3.8399999141693115, 3.5899999141693115, 4.269999980926514, 4.0, 3.0799999237060547, 3.2899999618530273, 2.8499999046325684, 2.5799999237060547, 2.9100000858306885, 2.180000066757202, 2.759999990463257, 2.940000057220459, 3.130000114440918, 3.240000009536743, 3.190000057220459, 3.9700000286102295, 3.7200000286102295, 4.079999923706055, 3.9200000762939453, 3.7200000286102295, 3.3299999237060547, 4.130000114440918, 2.9100000858306885, 3.1600000858306885, 3.1700000762939453, 2.7300000190734863, 3.309999942779541]
assets:[0, 100.00026543021202, 225.59955823163986, 282.84600793361665, 356.6414294099808, 489.5888653741837, 314.28592508010865, 381.2593111498833, 437.9342599366665, 564.1355243387222, 743.7514309492112, 885.800957825303, 1065.7895148821592, 1146.17377707932, 1278.409761177063, 1351.209578005719, 1409.246540309143, 1482.1455502846243, 1679.017681088233, 1758.4162556238175, 1929.4079900738238, 1919.9790801497222, 2803.767769825554, 2809.258924610138, 2954.9908636151313, 2696.6053797261716, 2621.04529533534, 3217.5107436278345, 3114.0616, 2497.8272701269148, 2768.1335879039766, 2497.9271614137174, 2361.2814621738435, 2763.3061085039376, 2170.1057004542113, 2847.4732221610066, 3133.178052980232, 3435.662466616726, 3656.4044867624043, 3699.9786673681733, 4704.675529904747, 4508.411254673839, 5044.708969666481, 4946.877416279793, 4794.485580874014, 4391.83766537819, 5546.934182703686, 4008.3726342272757, 4452.7346329434395, 4566.825422912025, 4032.9441251766684, 4989.760037741279]
shares:[0, 14.9701, 26.8891, 41.595, 57.8025, 72.6393, 106.5376, 144.4164, 187.1514, 227.474, 262.8097, 296.2545, 326.9293, 358.1793, 388.5744, 419.6303, 451.6816, 484.3613, 515.0361, 546.092, 575.9427, 607.5883, 630.0602, 653.316, 676.1993, 702.241, 730.0962, 753.5154, 778.5154, 810.9829, 841.378, 876.4657, 915.2254, 949.5897, 995.4613, 1031.6932, 1065.7068, 1097.6557, 1128.5199, 1159.8679, 1185.0568, 1211.9385, 1236.4483, 1261.9585, 1288.8402, 1318.8702, 1343.0833, 1377.4476, 1409.0932, 1440.6389, 1477.2689, 1507.4804]
growth_rate:-2.16
