ticker:CYRN
price:[0.9599999785423279, 1.0299999713897705, 1.0299999713897705, 1.0499999523162842, 1.059999942779541, 0.9900000095367432, 0.9599999785423279, 0.8899999856948853, 0.9200000166893005, 0.9100000262260437, 1.0, 0.9800000190734863, 0.9200000166893005, 0.9800000190734863, 1.0099999904632568, 1.5, 1.0299999713897705, 1.0299999713897705, 1.2000000476837158, 1.2200000286102295, 1.2400000095367432, 1.0499999523162842, 1.25, 1.2400000095367432, 1.1699999570846558, 0.9100000262260437, 0.8100000023841858, 0.9100000262260437, 0.9300000071525574, 0.8700000047683716, 0.8399999737739563, 0.8199999928474426, 0.6299999952316284, 0.6499999761581421, 0.6600000262260437, 0.6100000143051147, 0.5699999928474426, 0.6200000047683716, 0.6100000143051147, 0.7099999785423279, 0.7300000190734863, 0.7099999785423279, 0.7300000190734863, 0.7099999785423279, 0.6899999976158142, 0.6100000143051147, 0.6100000143051147, 0.5899999737739563, 0.5799999833106995, 0.5600000023841858, 0.4699999988079071, 0.5299999713897705]
assets:[0, 100.0000192223072, 200.0000384446144, 303.8835311997175, 406.7776280415058, 479.9149786230564, 565.3721153629482, 624.1471109679818, 745.1858455180765, 837.086001124674, 1019.8747, 1099.47721139884, 1132.1623245380401, 1305.9989854183198, 1445.9785053466082, 2247.4929, 1643.2784343547821, 1743.2784535770893, 2131.0041246784926, 2266.520811152196, 2403.676902486491, 2135.3714630262375, 2642.109, 2720.9721969267844, 2667.3688271614906, 2174.6203286721825, 2035.651019991815, 2386.9660137919486, 2539.426771530533, 2475.5927565684437, 2490.2273822514117, 2530.936291923577, 2044.4998615255, 2209.40458395952, 2343.39556511817, 2265.8655491368295, 2217.2841261767508, 2511.7827693179247, 2571.2701692988753, 3092.789726529479, 3279.9107446977137, 3290.0500145678643, 3482.7276719969273, 3487.310302606249, 3489.076274944049, 3184.5457616808058, 3284.5457480259065, 3276.855488340747, 3321.3156164302827, 3306.787582078564, 2875.3395787070813, 3342.404062571788]
shares:[0, 97.0874, 194.1748, 289.4129, 383.7525, 484.7626, 588.9293, 701.2889, 809.9846, 919.8747, 1019.8747, 1121.9155, 1230.6112, 1332.652, 1431.6619, 1498.3286, 1595.416, 1692.5034, 1775.8367, 1857.8039, 1938.4491, 2033.6872, 2113.6872, 2194.3324, 2279.8025, 2389.6926, 2513.1494, 2623.0395, 2730.5664, 2845.5089, 2964.5565, 3086.5077, 3245.2379, 3399.0841, 3550.5992, 3714.5336, 3889.9722, 4051.2625, 4215.1969, 4356.042, 4493.0283, 4633.8734, 4770.8597, 4911.7048, 5056.6323, 5220.5667, 5384.5011, 5553.9926, 5726.4064, 5904.9778, 6117.7438, 6306.4231]
growth_rate:-34.46
