ticker:CYRX
price:[53.2599983215332, 56.11000061035156, 46.029998779296875, 47.380001068115234, 45.20000076293945, 49.060001373291016, 46.61000061035156, 43.97999954223633, 40.13999938964844, 45.630001068115234, 59.0, 45.470001220703125, 46.31999969482422, 49.04999923706055, 48.68000030517578, 49.439998626708984, 45.75, 43.880001068115234, 56.599998474121094, 64.04000091552734, 82.11000061035156, 68.19999694824219, 70.79000091552734, 73.48999786376953, 64.91999816894531, 59.439998626708984, 52.5, 57.369998931884766, 53.22999954223633, 51.77000045776367, 52.63999938964844, 52.290000915527344, 51.56999969482422, 54.88999938964844, 56.56999969482422, 63.029998779296875, 50.02000045776367, 53.27000045776367, 55.91999816894531, 56.33000183105469, 61.15999984741211, 60.4900016784668, 63.16999816894531, 61.59000015258789, 60.810001373291016, 54.79999923706055, 59.70000076293945, 61.720001220703125, 61.959999084472656, 57.310001373291016, 57.4900016784668, 60.599998474121094]
assets:[0, 99.99924308776856, 182.03483617248534, 287.3739204784393, 374.15204631538387, 506.1029741668701, 580.8305226058959, 648.058487254715, 691.4757134857178, 886.0479237407684, 1245.667, 1060.0103094573974, 1179.8259762268067, 1349.3605740116118, 1439.1803970222472, 1561.6513486221313, 1545.0964499999998, 1581.9398585071563, 2140.5157222938537, 2521.882428053284, 3333.47717177887, 2868.7646716308595, 3077.708553804016, 3295.0930812171937, 3010.840199079895, 2856.6922779994966, 2623.15725, 2966.4879047698973, 2852.414693470001, 2874.177239414215, 3022.4782209548953, 3102.381441318512, 3159.662939302063, 3463.0759294921877, 3669.0679532066347, 4188.053480889893, 3423.5989233314513, 3746.0423181907654, 4032.3966599624637, 4161.964717288208, 4618.8337684764865, 4668.2372425334925, 4975.060594792175, 4950.622689265061, 4987.928200643921, 4594.958016027832, 5105.818685250092, 5378.57716237793, 5499.488970738984, 5186.761440287781, 5303.050224826812, 5689.9277767303465]
shares:[0, 1.7822, 3.9547, 6.0653, 8.2777, 10.316, 12.4615, 14.7353, 17.2266, 19.4181, 21.113, 23.3123, 25.4712, 27.5099, 29.5641, 31.5868, 33.7726, 36.0515, 37.8183, 39.3798, 40.5977, 42.064, 43.4766, 44.8373, 46.3777, 48.0601, 49.9649, 51.708, 53.5866, 55.5182, 57.4179, 59.3303, 61.2694, 63.0912, 64.8589, 66.4454, 68.4446, 70.3218, 72.1101, 73.8854, 75.5205, 77.1737, 78.7567, 80.3803, 82.0248, 83.8496, 85.5246, 87.1448, 88.7587, 90.5036, 92.243, 93.8932]
growth_rate:11.57
