ticker:CYTH
price:[16.0, 17.0, 15.0, 13.0, 14.0, 13.0, 12.0, 11.0, 14.0, 13.0, 11.0, 6.0, 8.0, 6.0, 4.190000057220459, 5.590000152587891, 5.110000133514404, 4.349999904632568, 5.050000190734863, 5.699999809265137, 6.150000095367432, 5.920000076293945, 10.390000343322754, 10.59000015258789, 9.300000190734863, 8.350000381469727, 7.460000038146973, 9.890000343322754, 11.569999694824219, 8.0600004196167, 8.869999885559082, 7.320000171661377, 7.050000190734863, 7.019999980926514, 9.270000457763672, 7.75, 7.0, 8.25, 8.279999732971191, 8.479999542236328, 10.779999732971191, 10.5, 10.850000381469727, 10.010000228881836, 9.270000457763672, 8.5600004196167, 8.9399995803833, 8.300000190734863, 8.210000038146973, 7.849999904632568, 6.980000019073486, 7.460000038146973]
assets:[0, 100.0008, 188.23649999999998, 263.1382, 383.3802, 455.9958, 520.9188, 577.5088, 835.0118, 875.3679999999999, 840.6959, 558.5616, 844.7488, 733.5618, 612.2704623614311, 916.8477880268098, 938.1203965112685, 898.5955752995968, 1143.1973281777382, 1390.3416734760285, 1600.1057948126793, 1640.2644851388932, 2978.7746554293635, 3136.1141731872563, 2854.094728534985, 2662.5470866384508, 2478.7543546751976, 3386.1768885481833, 4061.3811258750916, 2929.2765805028916, 3323.6581431180957, 2842.8611466679577, 2838.0015467809676, 2925.9247600502017, 3963.7214887332916, 3413.790525, 3183.4236, 3851.8920000000003, 3965.8987961003304, 4161.693759345246, 5390.454782474327, 5350.442999999999, 5628.7914078998565, 5293.013847026444, 5001.722373991013, 4718.634319310474, 5028.106083995819, 4768.152569572639, 4816.44988737917, 4705.2538328372, 4283.779571705818, 4678.365951922989]
shares:[0, 5.8824, 12.5491, 20.2414, 27.3843, 35.0766, 43.4099, 52.5008, 59.6437, 67.336, 76.4269, 93.0936, 105.5936, 122.2603, 146.1266, 164.0157, 183.5852, 206.5737, 226.3757, 243.9196, 260.1798, 277.0717, 286.6963, 296.1392, 306.8919, 318.8679, 332.2727, 342.3839, 351.0269, 363.4338, 374.7078, 388.369, 402.5534, 416.7984, 427.5859, 440.4891, 454.7748, 466.896, 478.9733, 490.7658, 500.0422, 509.566, 518.7826, 528.7726, 539.5601, 551.2423, 562.428, 574.4762, 586.6565, 599.3954, 613.722, 627.1268]
growth_rate:-8.27
