ticker:CYTHW
price:[1.5, 1.4739999771118164, 1.0800000429153442, 1.2999999523162842, 1.7000000476837158, 2.0, 1.690000057220459, 5.550000190734863, 6.489999771118164, 4.260000228881836, 3.299999952316284, 2.8499999046325684, 6.0, 6.96999979019165, 3.9800000190734863, 3.950000047683716, 2.799999952316284, 2.3499999046325684, 2.4100000858306885, 4.0, 3.309999942779541, 2.5999999046325684, 3.25, 3.1500000953674316, 3.450000047683716, 5.449999809265137, 5.789999961853027, 5.980000019073486, 5.199999809265137, 5.041999816894531, 4.639999866485596, 4.364999771118164, 3.799999952316284, 3.8499999046325684, 3.299999952316284, 3.0950000286102295, 3.0, 3.0097999572753906]
assets:[0, 99.99999084720612, 173.27002288513185, 308.5657786818743, 503.5090741230488, 692.3636, 685.0472691945076, 2349.711350751686, 2847.6801525712967, 1969.2017198015212, 1625.4377465130567, 1503.7870596798896, 3265.8678, 3893.849627788782, 2323.460729134798, 2405.9473990441797, 1805.4816892528295, 1615.3149694474698, 1756.5572415587187, 3015.4476, 2595.28290913496, 2138.5906615569593, 2773.238325, 2787.907899404955, 3153.422863584614, 5081.493712161827, 5498.504729773521, 5778.939262432194, 5125.164532010079, 5069.438379898072, 4765.250630881548, 4582.827227696228, 4089.6321486818792, 4243.442944886684, 3737.236745998383, 3605.0752223253726, 3594.4184999999998, 3706.160217530441]
shares:[0, 67.8426, 160.4352, 237.3583, 296.1818, 346.1818, 405.3534, 423.3714, 438.7797, 462.2539, 492.5569, 527.6446, 544.3113, 558.6585, 583.7841, 609.1006, 644.8149, 687.3681, 728.8619, 753.8619, 784.0734, 822.5349, 853.3041, 885.0501, 914.0356, 932.3842, 949.6554, 966.3778, 985.6086, 1005.442, 1026.9937, 1049.9032, 1076.219, 1102.193, 1132.496, 1164.8062, 1198.1395, 1231.3643]
growth_rate:0.17
