ticker:CYTK
price:[22.6200008392334, 22.489999771118164, 21.809999465942383, 23.399999618530273, 23.989999771118164, 15.260000228881836, 16.469999313354492, 16.389999389648438, 15.369999885559082, 16.940000534057617, 16.520000457763672, 15.989999771118164, 17.149999618530273, 17.1200008392334, 20.34000015258789, 21.219999313354492, 20.940000534057617, 20.780000686645508, 21.549999237060547, 18.959999084472656, 20.360000610351562, 19.670000076293945, 23.06999969482422, 22.1299991607666, 21.280000686645508, 18.729999542236328, 19.68000030517578, 22.81999969482422, 24.860000610351562, 23.8700008392334, 24.440000534057617, 24.15999984741211, 24.700000762939453, 26.489999771118164, 25.440000534057617, 24.229999542236328, 25.93000030517578, 23.049999237060547, 21.829999923706055, 20.420000076293945, 21.040000915527344, 21.309999465942383, 22.5, 20.610000610351562, 19.59000015258789, 19.229999542236328, 29.040000915527344, 29.68000030517578, 31.81999969482422, 32.150001525878906, 30.559999465942383, 33.279998779296875]
assets:[0, 99.99953498229979, 196.9770101766586, 311.3369949245453, 419.18686200065616, 366.6443954992294, 495.71568633327485, 593.3081439056396, 656.3850671127319, 823.4330979598999, 903.0179170223237, 974.046826057434, 1144.7093095380783, 1242.7066209182738, 1576.439507826233, 1744.6425615461349, 1821.6209024589539, 1907.7017290372848, 2078.391831418228, 1928.5997308731078, 2171.0072250823973, 2197.4320915231706, 2677.261929584503, 2668.1763778150557, 2665.6924860143663, 2446.259685213089, 2670.335945408631, 3196.3950752540586, 3582.1371519470213, 3539.486690443039, 3724.0084213762284, 3781.3443921180724, 3965.8617624984745, 4353.265900386428, 4280.712569864273, 4177.108964084244, 4570.178111787414, 4162.576312221527, 4042.258902872658, 3881.1701965009693, 4099.012978363037, 4251.613399448776, 4589.0325, 4303.5536174469, 4190.567456640625, 4213.558273697662, 6463.064195757293, 6705.501556947327, 7288.985056093597, 7464.577709278106, 7195.412994255066, 7935.842012915039]
shares:[0, 4.4464, 9.0315, 13.305, 17.4734, 24.0265, 30.0981, 36.1994, 42.7056, 48.6088, 54.6621, 60.916, 66.7469, 72.588, 77.5044, 82.2169, 86.9924, 91.8047, 96.4451, 101.7194, 106.631, 111.7149, 116.0495, 120.5683, 125.2675, 130.6065, 135.6878, 140.0699, 144.0924, 148.2818, 152.3735, 156.5126, 160.5612, 164.3362, 168.267, 172.3941, 176.2506, 180.589, 185.1699, 190.0671, 194.82, 199.5126, 203.957, 208.809, 213.9136, 219.1138, 222.5573, 225.9266, 229.0693, 232.1797, 235.452, 238.4568]
growth_rate:55.6
