ticker:CYXT
price:[9.75, 9.800000190734863, 9.880000114440918, 9.979999542236328, 10.140000343322754, 10.1899995803833, 10.199999809265137, 10.479999542236328, 10.359999656677246, 10.699999809265137, 10.619999885559082, 10.979999542236328, 10.5, 11.010000228881836, 10.890000343322754, 11.149999618530273, 10.210000038146973, 10.210000038146973, 10.09000015258789, 10.0600004196167, 10.0, 9.920000076293945, 9.979999542236328, 9.890000343322754, 9.9399995803833, 9.970000267028809, 9.970000267028809, 9.899999618530273, 9.899999618530273, 9.90999984741211, 9.960000038146973, 10.050000190734863, 9.949999809265137, 10.050000190734863, 10.079999923706055, 10.0, 9.949999809265137, 9.920000076293945, 9.489999771118164, 8.779999732971191, 9.420000076293945, 8.029999732971191, 8.359999656677246, 8.75, 8.75]
assets:[0, 100.00018194627762, 200.81693032608032, 302.8490741088867, 407.70406380414965, 509.7139690103531, 610.2139685893059, 726.9650802463532, 818.640956870842, 945.5076231456757, 1038.438456809807, 1173.6400730701448, 1222.33335, 1381.7043827236175, 1466.6445552380562, 1601.6606502031327, 1566.6326158533097, 1666.6324192269324, 1747.044175419998, 1841.8502668261528, 1930.865, 2015.4176475004197, 2127.60716041069, 2208.4202636633872, 2319.5853800787927, 2426.5864009918214, 2526.586500670147, 2608.846909475136, 2708.8468056219103, 2811.5829037090302, 2925.7689352057455, 3052.206162926578, 3121.836320156479, 3253.2111917413713, 3362.9218305465697, 3436.232, 3519.051257542133, 3608.4406997522356, 3552.026249331474, 3386.279077012062, 3733.114944235039, 3282.2623908519745, 3517.1496675601006, 3781.2276250000004, 3881.227875]
shares:[0, 10.2041, 20.3256, 30.3456, 40.2075, 50.021, 59.8249, 69.3669, 79.0194, 88.3652, 97.7814, 106.8889, 116.4127, 125.4954, 134.6781, 143.6467, 153.441, 163.2353, 173.1461, 183.0865, 193.0865, 203.1671, 213.1871, 223.2983, 233.3587, 243.3888, 253.4189, 263.5199, 273.6209, 283.7117, 293.7519, 303.7021, 313.7524, 323.7026, 333.6232, 343.6232, 353.6735, 363.7541, 374.2915, 385.681, 396.2967, 408.75, 420.7117, 432.1403, 443.5689]
growth_rate:-11.79
