ticker:CZNC
price:[16.979999542236328, 16.700000762939453, 16.459999084472656, 15.489999771118164, 16.81999969482422, 17.969999313354492, 17.15999984741211, 17.90999984741211, 16.940000534057617, 17.06999969482422, 18.760000228881836, 18.799999237060547, 18.709999084472656, 19.110000610351562, 19.649999618530273, 20.200000762939453, 19.149999618530273, 19.84000015258789, 20.760000228881836, 20.489999771118164, 20.459999084472656, 19.110000610351562, 20.299999237060547, 20.959999084472656, 20.729999542236328, 20.920000076293945, 23.450000762939453, 24.790000915527344, 24.790000915527344, 24.010000228881836, 23.860000610351562, 23.360000610351562, 24.06999969482422, 24.329999923706055, 24.700000762939453, 24.969999313354492, 25.649999618530273, 25.059999465942383, 24.690000534057617, 24.790000915527344, 25.0, 24.709999084472656, 24.170000076293945, 24.809999465942383, 24.90999984741211, 25.399999618530273, 24.93000030517578, 24.700000762939453, 25.030000686645508, 25.239999771118164, 24.959999084472656, 25.690000534057617]
assets:[0, 99.99960456848146, 198.561906955719, 286.86085476131444, 411.4912005340576, 539.6247033805847, 615.3009665287017, 742.1939756767273, 801.9972212841035, 908.1512957641602, 1098.0622093969346, 1200.4025112854004, 1294.6552256492614, 1422.3344134277343, 1562.5267046663284, 1706.2617444442749, 1717.5692107858656, 1879.4551184547424, 2066.6081987846374, 2139.7296960983276, 2236.5970759185793, 2189.021904914856, 2425.334288848114, 2604.1876622497557, 2675.610675916672, 2800.1336422119143, 3238.77340537262, 3523.846571140289, 3623.8469558334355, 3609.8243014116288, 3687.272002322388, 3710.002592935181, 3922.7624672645566, 4065.136676252556, 4226.958060563278, 4373.163278743172, 4592.255376703453, 4586.623944253731, 4618.904070909309, 4737.612116966247, 4877.745, 4921.161874666595, 4913.618412510109, 5143.725696276665, 5264.459439752198, 5468.015397878647, 5466.834948921203, 5516.399370391846, 5690.100092095947, 5837.840315061188, 5873.0778005767825, 6144.847745742417]
shares:[0, 5.988, 12.0633, 18.5191, 24.4644, 30.0292, 35.8567, 41.4402, 47.3434, 53.2016, 58.5321, 63.8512, 69.1959, 74.4288, 79.5179, 84.4684, 89.6903, 94.7306, 99.5476, 104.428, 109.3156, 114.5485, 119.4746, 124.2456, 129.0695, 133.8496, 138.114, 142.1479, 146.1818, 150.3467, 154.5378, 158.8186, 162.9731, 167.0833, 171.1319, 175.1367, 179.0353, 183.0257, 187.0759, 191.1098, 195.1098, 199.1567, 203.2941, 207.3247, 211.3392, 215.2762, 219.2874, 223.336, 227.3312, 231.2932, 235.2996, 239.1922]
growth_rate:20.49
