ticker:CZR
price:[49.810001373291016, 50.11000061035156, 56.20000076293945, 57.06999969482422, 56.83000183105469, 52.349998474121094, 54.970001220703125, 54.689998626708984, 44.81999969482422, 56.88999938964844, 61.380001068115234, 64.01000213623047, 70.0999984741211, 73.83999633789062, 69.9000015258789, 75.44000244140625, 75.83999633789062, 74.2699966430664, 78.80000305175781, 80.0, 79.52999877929688, 70.38999938964844, 82.87999725341797, 80.23999786376953, 83.16000366210938, 93.44000244140625, 93.30999755859375, 100.62000274658203, 89.31999969482422, 87.52999877929688, 88.94000244140625, 96.33000183105469, 93.63999938964844, 95.73999786376953, 97.83999633789062, 105.75, 98.61000061035156, 100.20999908447266, 107.44999694824219, 110.63999938964844, 110.30999755859375, 100.05999755859375, 102.43000030517578, 102.41000366210938, 96.86000061035156, 89.9000015258789, 90.30999755859375, 87.36000061035156, 90.5, 91.0199966430664, 85.63999938964844, 104.23999786376953]
assets:[0, 99.99951721801759, 212.15500288009642, 315.4373023132324, 414.1088573425293, 481.46293596649167, 605.5605274475097, 702.4766253604889, 675.6973513992309, 957.663493725586, 1133.246683720398, 1281.8066937782287, 1503.757127267456, 1683.9875724822998, 1694.1313869819642, 1928.4048864074707, 2038.6321895599367, 2096.4266222435, 2324.2927700149535, 2459.688, 2545.2383159332276, 2352.729417599487, 2870.200608883667, 2878.7784273582456, 3083.5396717895505, 3564.7174051391603, 3659.758069244385, 4046.46359645462, 3692.033255385589, 3718.0467701477055, 3877.9441984497066, 4300.161648738098, 4280.078364102173, 4476.065102126312, 4674.247121044922, 5152.14, 4904.279631355285, 5083.853673553467, 5551.156957337952, 5815.957527915954, 5898.606499450683, 5450.508211010742, 5679.610357921601, 5778.504938635254, 5565.343171069336, 5265.434099370575, 5389.447786303711, 5313.401221122742, 5604.3844500000005, 5736.589900427246, 5497.5141728195185, 6791.506884819031]
shares:[0, 1.9956, 3.775, 5.5272, 7.2868, 9.197, 11.0162, 12.8447, 15.0758, 16.8336, 18.4628, 20.0251, 21.4516, 22.8059, 24.2365, 25.5621, 26.8807, 28.2271, 29.4961, 30.7461, 32.0035, 33.4242, 34.6308, 35.8771, 37.0796, 38.1498, 39.2215, 40.2153, 41.3349, 42.4774, 43.6018, 44.6399, 45.7078, 46.7523, 47.7744, 48.72, 49.7341, 50.732, 51.6627, 52.5665, 53.473, 54.4724, 55.4487, 56.4252, 57.4576, 58.5699, 59.6772, 60.8219, 61.9269, 63.0256, 64.1933, 65.1526]
growth_rate:33.17
