ticker:CZWI
price:[6.949999809265137, 6.710000038146973, 6.849999904632568, 6.75, 7.03000020980835, 7.170000076293945, 7.119999885559082, 7.480000019073486, 7.599999904632568, 7.670000076293945, 8.449999809265137, 8.960000038146973, 9.039999961853027, 9.859999656677246, 10.010000228881836, 10.84000015258789, 10.979999542236328, 10.890000343322754, 10.880000114440918, 11.09000015258789, 10.800000190734863, 11.100000381469727, 11.34000015258789, 10.979999542236328, 11.449999809265137, 11.25, 11.40999984741211, 12.140000343322754, 12.779999732971191, 12.6899995803833, 12.5, 13.75, 14.369999885559082, 13.220000267028809, 13.0, 13.09000015258789, 13.239999771118164, 13.350000381469727, 13.510000228881836, 13.850000381469727, 13.6899995803833, 13.880000114440918, 13.550000190734863, 13.75, 13.600000381469727, 13.600000381469727, 13.449999809265137, 13.850000381469727, 13.970000267028809, 14.100000381469727, 13.90999984741211, 13.899999618530273]
assets:[0, 99.99980156850815, 202.08595718650818, 299.1357, 411.5446482824326, 519.7403995304109, 616.1156620970727, 747.2677099054814, 859.2559892177582, 967.1701356204987, 1165.5262186915397, 1335.8714936874392, 1447.798481890583, 1679.125403533268, 1804.6699082643509, 2054.3079409172055, 2180.8398230793, 2262.9638513431546, 2360.886040832901, 2506.454261486435, 2540.911724874115, 2711.4925531848908, 2870.1188846195223, 2879.0041919723512, 3102.2400483226775, 3148.0526250000003, 3292.8244069644925, 3603.4956639079096, 3893.465258648873, 3966.0461768558507, 4006.6650000000004, 4507.331125, 4810.570137689208, 4525.590793411731, 4550.278200000001, 4681.779926574707, 4835.429304409218, 4975.602547175407, 5135.234848999405, 5364.470787753296, 5402.498224406242, 5577.478173986435, 5544.872813051701, 5726.7155, 5764.241841682625, 5864.241284487533, 5899.561311338139, 6175.012975078011, 6328.514895966053, 6487.405945514107, 6499.9871366973875, 6595.3135189991]
shares:[0, 14.9031, 29.5016, 44.3164, 58.5412, 72.4882, 86.5331, 99.9021, 113.06, 126.0978, 137.9321, 149.0928, 160.1547, 170.2967, 180.2867, 189.5118, 198.6193, 207.802, 216.9932, 226.0103, 235.2696, 244.2786, 253.0969, 262.2044, 270.938, 279.8269, 288.5911, 296.8283, 304.653, 312.5332, 320.5332, 327.8059, 334.7648, 342.3291, 350.0214, 357.6608, 365.2137, 372.7043, 380.1062, 387.3264, 394.631, 401.8356, 409.2157, 416.4884, 423.8413, 431.1942, 438.6291, 445.8493, 453.0075, 460.0997, 467.2888, 474.483]
growth_rate:29.32
