ticker:DADA
price:[23.450000762939453, 24.649999618530273, 28.6299991607666, 24.68000030517578, 25.09000015258789, 29.690000534057617, 36.90999984741211, 32.900001525878906, 33.0099983215332, 36.290000915527344, 34.31999969482422, 43.810001373291016, 55.77000045776367, 43.65999984741211, 44.25, 40.38999938964844, 37.47999954223633, 36.5, 43.16999816894531, 43.0, 44.95000076293945, 41.34000015258789, 46.439998626708984, 44.560001373291016, 41.369998931884766, 35.459999084472656, 32.5099983215332, 30.520000457763672, 29.299999237060547, 25.709999084472656, 26.809999465942383, 25.639999389648438, 24.68000030517578, 25.860000610351562, 24.040000915527344, 23.34000015258789, 21.969999313354492, 23.959999084472656, 25.1299991607666, 25.40999984741211, 31.549999237060547, 30.15999984741211, 31.8799991607666, 27.110000610351562, 26.209999084472656, 25.209999084472656, 23.469999313354492, 21.59000015258789, 20.43000030517578, 21.350000381469727, 19.5, 22.18000030517578]
assets:[0, 100.0001184524536, 216.14504166412354, 286.32502354049683, 391.08285037841796, 562.7828671232223, 799.6403826942444, 812.7649276954651, 915.4827884502411, 1106.4494669136047, 1146.387517806244, 1563.3818040065764, 2090.1815391563414, 1736.314533931732, 1859.778825, 1797.5488448364258, 1768.04027040596, 1821.8099, 2254.7258343658445, 2345.8478, 2552.229578319168, 2447.257731032944, 2849.168219746399, 2833.828935335541, 2730.957739490509, 2440.8216629814146, 2337.7647203029633, 2294.664546417236, 2302.9389200340274, 2120.768975479889, 2311.507214954567, 2310.633156996155, 2324.120564738464, 2535.242051837158, 2456.8135695640563, 2485.275892247772, 2439.3971307596207, 2760.352426525116, 2995.1440799751285, 3128.51729621315, 3984.484108647537, 3908.9380522235865, 4231.862668597222, 3698.6770252716065, 3675.886846599579, 3635.6398499679567, 3484.708148050308, 3305.5758353622437, 3227.9727362182616, 3473.3333520595547, 3272.3652, 3822.106448588562]
shares:[0, 4.0568, 7.5496, 11.6015, 15.5872, 18.9553, 21.6646, 24.7041, 27.7335, 30.4891, 33.4029, 35.6855, 37.4786, 39.769, 42.0289, 44.5048, 47.1729, 49.9126, 52.229, 54.5546, 56.7793, 59.1983, 61.3516, 63.5958, 66.013, 68.8331, 71.9091, 75.1856, 78.5986, 82.4881, 86.2181, 90.1183, 94.1702, 98.0372, 102.1969, 106.4814, 111.0331, 115.2067, 119.186, 123.1215, 126.2911, 129.6067, 132.7435, 136.4322, 140.2475, 144.2142, 148.475, 153.1068, 158.0016, 162.6854, 167.8136, 172.3222]
growth_rate:-25.06
