ticker:DAIO
price:[3.3299999237060547, 3.2899999618530273, 3.1500000953674316, 3.0, 3.119999885559082, 3.5199999809265137, 3.859999895095825, 3.7200000286102295, 3.4100000858306885, 3.430000066757202, 3.6700000762939453, 3.7200000286102295, 4.139999866485596, 4.03000020980835, 3.9600000381469727, 4.320000171661377, 4.480000019073486, 4.119999885559082, 4.650000095367432, 5.46999979019165, 5.25, 5.159999847412109, 5.46999979019165, 5.650000095367432, 5.829999923706055, 5.170000076293945, 4.960000038146973, 5.300000190734863, 5.480000019073486, 5.329999923706055, 5.570000171661377, 5.409999847412109, 5.570000171661377, 5.670000076293945, 5.389999866485596, 5.420000076293945, 5.320000171661377, 6.440000057220459, 5.860000133514404, 6.25, 6.659999847412109, 6.789999961853027, 7.199999809265137, 6.659999847412109, 5.900000095367432, 5.489999771118164, 5.880000114440918, 6.170000076293945, 6.440000057220459, 5.679999828338623, 5.039999961853027, 5.679999828338623]
assets:[0, 99.99987784051895, 195.7444709262371, 286.4232, 397.88016940584185, 548.8904930257797, 701.9081709240675, 776.4503099716186, 811.7460874318838, 916.5069938377379, 1080.6359264648436, 1195.3583971934079, 1430.3182038724424, 1492.3147196923255, 1566.3934590891838, 1808.792711874962, 1975.7848404118538, 1917.0161707511902, 2263.6228364249228, 2762.7989810295585, 2751.6809249999997, 2804.508937067032, 3072.9966521315578, 3274.1191202644823, 3478.4274784797667, 3184.643530995941, 3155.286664267063, 3471.5764449340822, 3689.479060841465, 3688.489466202736, 3954.5753538757326, 3940.9787678455355, 4157.532792130661, 4332.174331292535, 4218.239767510986, 4341.718161115646, 4361.612780736923, 5379.847247800827, 4995.32664181366, 5427.78, 5883.842133194733, 6098.691732736874, 6566.948466035271, 6174.427250537109, 5569.838450030708, 5282.781376757241, 5758.061260067654, 6142.047507948303, 6510.824601849747, 5842.4659994285585, 5284.160240005017, 6055.164385000371]
shares:[0, 30.3951, 62.1411, 95.4744, 127.5257, 155.9348, 181.8415, 208.7232, 238.0487, 267.2032, 294.4512, 321.3329, 345.4875, 370.3014, 395.5539, 418.702, 441.0234, 465.2952, 486.8006, 505.0821, 524.1297, 543.5095, 561.791, 579.4901, 596.6428, 615.9852, 636.1465, 655.0144, 673.2626, 692.0243, 709.9776, 728.4619, 746.4152, 764.0519, 782.6048, 801.055, 819.852, 835.38, 852.4448, 868.4448, 883.4598, 898.1873, 912.0762, 927.0912, 944.0404, 962.2553, 979.2621, 995.4696, 1010.9976, 1028.6032, 1048.4445, 1066.0501]
growth_rate:18.73
