ticker:DAKT
price:[4.099999904632568, 4.329999923706055, 4.460000038146973, 3.9700000286102295, 4.0, 4.230000019073486, 4.059999942779541, 4.019999980926514, 3.9000000953674316, 4.170000076293945, 4.230000019073486, 4.360000133514404, 4.579999923706055, 4.690000057220459, 4.590000152587891, 4.949999809265137, 4.800000190734863, 4.679999828338623, 5.21999979019165, 5.309999942779541, 5.230000019073486, 4.800000190734863, 5.21999979019165, 5.380000114440918, 5.329999923706055, 5.409999847412109, 6.389999866485596, 7.139999866485596, 6.539999961853027, 6.190000057220459, 6.429999828338623, 6.380000114440918, 6.409999847412109, 6.090000152587891, 6.170000076293945, 6.489999771118164, 6.46999979019165, 6.71999979019165, 6.760000228881836, 6.849999904632568, 6.800000190734863, 6.449999809265137, 6.420000076293945, 6.429999828338623, 6.300000190734863, 6.130000114440918, 6.059999942779541, 6.110000133514404, 5.980000019073486, 6.039999961853027, 5.940000057220459, 6.28000020980835]
assets:[0, 100.00004923801421, 203.00225373630522, 280.69924902288915, 382.8204, 504.8327362763405, 584.5437697616101, 678.7846347794056, 758.5223285482883, 911.0353456682205, 1024.1439166179657, 1155.6189073880196, 1313.9300721124648, 1445.487564635706, 1514.6670023529052, 1733.4641932056427, 1780.934950767994, 1836.411340640831, 2148.3050076528075, 2285.344856373167, 2350.914296573639, 2257.626809710026, 2555.169017299652, 2733.4887501455305, 2808.084342804909, 2950.231970789337, 3584.6550961012363, 4105.3892532312875, 3860.3984774827954, 3753.802353700209, 3999.3454392296794, 4068.246628973961, 4187.375988320923, 4078.334250184631, 4231.908651328849, 4551.3914094867705, 4637.365879620075, 4916.553446497917, 5045.818974842644, 5212.996517423344, 5274.9457879582405, 5103.441089084625, 5179.704211554527, 5287.772086832619, 5280.86553988018, 5238.365851795005, 5278.547800158262, 5422.100269482565, 5406.736287245035, 5560.984476878357, 5568.915185645771, 5987.674992042065]
shares:[0, 23.0947, 45.5162, 70.7051, 95.7051, 119.3458, 143.9763, 168.8519, 194.4929, 218.4737, 242.1144, 265.0502, 286.8843, 308.2063, 329.9928, 350.1948, 371.0281, 392.3956, 411.5527, 430.3851, 449.5056, 470.3389, 489.496, 508.0834, 526.8451, 545.3294, 560.9789, 574.9845, 590.275, 606.4301, 621.9822, 637.6562, 653.2568, 669.6772, 685.8847, 701.293, 716.749, 731.63, 746.4229, 761.0214, 775.7273, 791.2312, 806.8075, 822.3596, 838.2326, 854.5458, 871.0475, 887.4141, 904.1365, 920.6928, 937.5278, 953.4514]
growth_rate:17.41
