ticker:DARE
price:[1.0399999618530273, 1.0499999523162842, 1.0399999618530273, 1.0099999904632568, 1.0399999618530273, 1.0800000429153442, 1.0399999618530273, 1.0199999809265137, 0.9620000123977661, 1.0199999809265137, 1.0800000429153442, 1.2799999713897705, 1.350000023841858, 1.5, 1.2300000190734863, 1.399999976158142, 1.409999966621399, 1.340000033378601, 1.3799999952316284, 1.440000057220459, 2.9200000762939453, 2.259999990463257, 2.359999895095825, 2.3399999141693115, 2.2200000286102295, 1.8700000047683716, 1.940000057220459, 2.2200000286102295, 2.0199999809265137, 1.7300000190734863, 1.7100000381469727, 1.6299999952316284, 1.399999976158142, 1.4800000190734863, 1.5099999904632568, 1.3799999952316284, 1.2999999523162842, 1.2999999523162842, 1.2799999713897705, 1.2699999809265137, 1.3899999856948853, 1.309999942779541, 1.690000057220459, 1.5800000429153442, 1.8600000143051147, 1.4700000286102295, 1.4900000095367432, 1.5399999618530273, 1.6100000143051147, 1.600000023841858, 1.5499999523162842, 1.7400000095367432]
assets:[0, 100.0000004586935, 199.0475686989784, 293.3058152305126, 402.0178092540741, 517.4800765628099, 598.3140580539704, 686.8080111570358, 747.7542402366757, 892.8370933043957, 1045.356989538753, 1338.9415380723237, 1512.1649967057945, 1780.18335, 1559.7503551868915, 1875.325588063395, 1988.720775921476, 1989.9900975694657, 2149.3927725731132, 2342.844669096279, 4850.76836674118, 3854.361731735373, 4124.908588644003, 4189.951664313483, 4075.0824465175865, 3532.614391007924, 3764.8514110445976, 4408.231856811047, 4111.0938611817355, 3620.8874449207783, 3679.0274620723726, 3606.909140448415, 3197.958765539086, 3480.6994168574806, 3651.254117939687, 3436.9077901243095, 3337.6666775751114, 3437.666703907132, 3484.7795701091054, 3557.5548075708866, 3993.7016718990208, 3863.8482372281073, 5084.659570157719, 4853.705305834448, 5813.855426713908, 4694.821264374089, 4858.696331098079, 5121.739727130604, 5454.54625746454, 5520.66712226435, 5448.1459823949335, 6215.983516069103]
shares:[0, 95.2381, 191.3919, 290.4018, 386.5556, 479.1482, 575.302, 673.3412, 777.2913, 875.3305, 967.9231, 1046.0481, 1120.1222, 1186.7889, 1268.0897, 1339.5183, 1410.4403, 1485.0672, 1557.531, 1626.9754, 1661.222, 1705.4698, 1747.8427, 1790.5777, 1835.6227, 1889.0986, 1940.645, 1985.69, 2035.195, 2092.9985, 2151.478, 2212.8277, 2284.2563, 2351.8239, 2418.0491, 2490.5129, 2567.436, 2644.3591, 2722.4841, 2801.2243, 2873.1667, 2949.5026, 3008.6742, 3071.9653, 3125.7287, 3193.7559, 3260.87, 3325.8051, 3387.9169, 3450.4169, 3514.933, 3572.4043]
growth_rate:21.88
