ticker:DAX
price:[28.844999313354492, 29.280000686645508, 29.101999282836914, 27.450000762939453, 27.979999542236328, 28.924999237060547, 28.530000686645508, 28.239999771118164, 25.469999313354492, 27.809999465942383, 29.113000869750977, 29.141000747680664, 29.927000045776367, 30.209999084472656, 29.84000015258789, 31.274999618530273, 30.889999389648438, 30.797000885009766, 31.878999710083008, 30.733999252319336, 31.274999618530273, 30.07200050354004, 31.389999389648438, 31.540000915527344, 31.299999237060547, 30.780000686645508, 30.799999237060547, 32.22999954223633, 32.209999084472656, 32.21500015258789, 32.92900085449219, 33.53300094604492, 34.308998107910156, 34.189998626708984, 33.560001373291016, 34.56100082397461, 34.55400085449219, 34.77000045776367, 34.854000091552734, 35.20000076293945, 35.07099914550781, 33.79199981689453, 34.33000183105469, 33.73500061035156, 33.89799880981445, 33.16899871826172, 33.404998779296875, 33.43600082397461, 33.57899856567383, 34.137001037597656, 33.52899932861328, 33.880001068115234]
assets:[0, 99.9999863451004, 199.39234808635712, 288.0740330066681, 393.6366235599518, 506.930859128952, 600.0087384407043, 693.9104503759384, 725.8465874319077, 892.5313418600082, 1034.3499853012083, 1135.3450455299378, 1265.9689632364275, 1377.9414992408751, 1461.0648794712065, 1631.325872602272, 1711.2441861877442, 1806.0931966014862, 1969.5483600883483, 1998.8071551740647, 2133.9901764711376, 2151.90724803257, 2346.220392379761, 2457.4328633331297, 2538.73354811821, 2596.5577659244536, 2698.246253162384, 2923.522021477127, 3021.706981111908, 3122.1747267883297, 3291.3721798095703, 3451.742925481796, 3631.6211733215328, 3719.023938619995, 3750.4945974720004, 3962.3599907672883, 4061.556734638977, 4186.944346123123, 4297.059050887298, 4439.7162562282565, 4523.446948487855, 4458.482663841247, 4629.465973921204, 4649.229591116334, 4771.692480062104, 4769.07512161026, 4903.008674331665, 5007.55938140297, 5128.977125315856, 5314.20936252594, 5319.560152980804, 5475.248720615005]
shares:[0, 3.4153, 6.8515, 10.4945, 14.0685, 17.5257, 21.0308, 24.5719, 28.4981, 32.0939, 35.5288, 38.9604, 42.3019, 45.6121, 48.9633, 52.1607, 55.398, 58.6451, 61.782, 65.0357, 68.2331, 71.5585, 74.7442, 77.9148, 81.1097, 84.3586, 87.6054, 90.7081, 93.8127, 96.9168, 99.9536, 102.9357, 105.8504, 108.7752, 111.7549, 114.6483, 117.5423, 120.4183, 123.2874, 126.1283, 128.9797, 131.939, 134.8519, 137.8162, 140.7662, 143.7811, 146.7747, 149.7655, 152.7436, 155.673, 158.6555, 161.6071]
growth_rate:7.36
