ticker:DBDR
price:[9.859999656677246, 9.942999839782715, 9.9399995803833, 10.170000076293945, 10.0600004196167, 10.204999923706055, 10.109999656677246, 10.319999694824219, 10.420000076293945, 10.40999984741211, 10.3100004196167, 10.399999618530273, 10.289999961853027, 10.520000457763672, 10.329999923706055, 10.069999694824219, 9.989999771118164, 9.989999771118164, 10.024999618530273, 9.949999809265137, 9.949999809265137, 10.09000015258789, 10.170000076293945, 10.140000343322754, 10.09000015258789, 10.09000015258789, 10.069999694824219, 10.0600004196167, 10.069999694824219, 10.119999885559082, 10.140000343322754, 10.119999885559082, 10.100000381469727, 10.079999923706055, 10.09000015258789, 10.079999923706055, 10.085000038146973, 10.100000381469727, 10.100000381469727, 10.15999984741211, 10.140000343322754, 10.079999923706055, 10.079999923706055]
assets:[0, 99.9997322886467, 199.96992955827713, 304.59658728504184, 401.3024707388878, 507.0864462089538, 602.3659115444184, 714.877730860138, 821.8045660171508, 921.0153674999237, 1012.1677951951981, 1121.003478881836, 1209.1470255174638, 1336.1736621418, 1412.0407455711363, 1476.500614253998, 1564.7706271493912, 1664.770524858284, 1770.6034026252746, 1857.3575093956947, 1957.3579924787523, 2084.8987495292663, 2201.4287265148164, 2294.934563702488, 2383.618249046707, 2483.618222558975, 2578.6953118515016, 2676.1351556253435, 2778.795268787384, 2892.5924832894325, 2998.308869517517, 3092.3946770299913, 3186.2834803436276, 3279.973511174393, 3383.227501163483, 3479.874021661377, 3581.6000240475655, 3686.9273692525867, 3786.9274730295183, 3909.4236692863465, 4001.727813491535, 4078.0484331338885, 4178.048080377007]
shares:[0, 10.0573, 20.1177, 29.9505, 39.8909, 49.69, 59.5812, 69.2711, 78.868, 88.4741, 98.1734, 107.7888, 117.507, 127.0127, 136.6932, 146.6237, 156.6337, 166.6437, 176.6188, 186.6691, 196.7194, 206.6302, 216.463, 226.3249, 236.2357, 246.1465, 256.077, 266.0174, 275.9479, 285.8293, 295.6912, 305.5726, 315.4736, 325.3942, 335.305, 345.2256, 355.1413, 365.0423, 374.9433, 384.7858, 394.6477, 404.5683, 414.4889]
growth_rate:-0.52
