ticker:DBDRU
price:[9.989999771118164, 9.979999542236328, 10.09000015258789, 10.140000343322754, 10.300000190734863, 10.5, 10.4399995803833, 10.979999542236328, 10.399999618530273, 10.857999801635742, 11.010000228881836, 11.079999923706055, 10.699999809265137, 10.899999618530273, 10.9399995803833, 11.149999618530273, 10.819999694824219, 10.5, 10.505000114440918, 10.399999618530273, 10.21399974822998, 10.220000267028809, 10.260000228881836, 10.390000343322754, 10.5, 10.725000381469727, 10.699999809265137, 10.630000114440918, 10.630000114440918, 10.680000305175781, 10.640000343322754, 10.800000190734863, 10.949999809265137, 10.850000381469727, 10.930000305175781, 10.800000190734863, 10.800000190734863, 10.899999618530273, 10.899999618530273, 10.859999656677246, 10.84000015258789, 10.819999694824219, 11.0, 10.75]
assets:[0, 99.999595413208, 201.10177504119875, 302.09798822851184, 406.8644275342941, 514.7646, 611.8226034089089, 743.4689450042725, 804.1966105022431, 939.6122140342712, 1052.7663128854751, 1159.4599440162658, 1219.695118258095, 1342.493003016472, 1447.4199264824865, 1575.203931108284, 1628.583074066162, 1680.4179000000001, 1781.2183649044991, 1863.4147316503525, 1930.0884624242783, 2031.2219870718955, 2139.1720857210157, 2266.276225885868, 2390.26935, 2541.4893978963855, 2635.5651030192375, 2718.3227632650373, 2818.3223633416173, 2931.578915768432, 3020.5992734662054, 3166.022215913963, 3309.9944123441696, 3379.7664388275143, 3504.6860168540957, 3563.002142924881, 3663.002584690952, 3796.9189471183777, 3896.91881361866, 3982.6181700954435, 4075.283965365219, 4167.764338449097, 4337.0987000000005, 4338.528]
shares:[0, 10.02, 19.9308, 29.7927, 39.5014, 49.0252, 58.6037, 67.7112, 77.3266, 86.5364, 95.6191, 104.6444, 113.9902, 123.1645, 132.3053, 141.2739, 150.516, 160.0398, 169.5591, 179.1745, 188.965, 198.7497, 208.4963, 218.1209, 227.6447, 236.9687, 246.3145, 255.7218, 265.1291, 274.4924, 283.8909, 293.1502, 302.2826, 311.4992, 320.6483, 329.9076, 339.1669, 348.3412, 357.5155, 366.7236, 375.9487, 385.1908, 394.2817, 403.584]
growth_rate:0.9
