ticker:DBTX
price:[18.030000686645508, 19.049999237060547, 18.780000686645508, 14.680000305175781, 14.930000305175781, 14.8100004196167, 11.510000228881836, 11.359999656677246, 10.539999961853027, 9.890000343322754, 9.529999732971191, 9.119999885559082, 7.900000095367432, 7.059999942779541, 8.140000343322754, 8.949999809265137, 8.630000114440918, 8.90999984741211, 7.960000038146973, 8.239999771118164, 9.039999961853027, 7.460000038146973, 7.050000190734863, 7.090000152587891, 7.139999866485596, 7.539999961853027, 7.369999885559082, 7.079999923706055, 7.25, 8.140000343322754]
assets:[0, 99.99916099510193, 198.58160526065825, 255.22795330581664, 359.5741273498535, 456.6841349393845, 454.9247020463943, 548.995839408207, 609.3679897945403, 671.7881633205415, 747.3349550598144, 815.1829817708016, 806.1341797315121, 820.418589350605, 1045.92166811409, 1249.9999333610535, 1305.307366309452, 1447.6575712081908, 1393.305670677185, 1542.3161891592024, 1792.055240437889, 1578.8418680734633, 1592.0691130727769, 1701.102318610382, 1813.0987220959662, 2014.672909807205, 2069.249072868824, 2087.8268415016173, 2237.958275, 2612.686956195927]
shares:[0, 5.2493, 10.5741, 17.3861, 24.084, 30.8362, 39.5243, 48.3271, 57.8148, 67.926, 78.4192, 89.3841, 102.0423, 116.2066, 128.4916, 139.6648, 151.2523, 162.4756, 175.0384, 187.1743, 198.2362, 211.641, 225.8254, 239.9298, 253.9354, 267.198, 280.7665, 294.8908, 308.6839, 320.9689]
growth_rate:-9.91
