ticker:DBVT
price:[2.0, 1.9800000190734863, 1.9500000476837158, 1.600000023841858, 1.7000000476837158, 1.7899999618530273, 1.6699999570846558, 1.5299999713897705, 1.4299999475479126, 2.1600000858306885, 2.4800000190734863, 2.369999885559082, 2.549999952316284, 2.690000057220459, 2.7200000286102295, 3.009999990463257, 2.5799999237060547, 2.619999885559082, 3.9100000858306885, 5.659999847412109, 5.929999828338623, 5.139999866485596, 5.929999828338623, 5.869999885559082, 5.630000114440918, 5.349999904632568, 5.210000038146973, 5.989999771118164, 5.570000171661377, 5.329999923706055, 5.320000171661377, 5.739999771118164, 6.039999961853027, 6.039999961853027, 6.53000020980835, 6.46999979019165, 6.289999961853027, 6.099999904632568, 5.849999904632568, 5.539999961853027, 6.110000133514404, 6.059999942779541, 5.710000038146973, 5.690000057220459, 5.570000171661377, 5.239999771118164, 5.360000133514404, 5.199999809265137, 4.78000020980835, 4.869999885559082, 4.96999979019165, 5.230000019073486]
assets:[0, 100.00009896330833, 198.48504485359192, 262.8595239169121, 379.28820063874724, 499.3681033578873, 565.8908414578439, 618.4509274352789, 678.0293271300317, 1124.156276669955, 1390.6979546957493, 1429.0137089967727, 1637.5464743787052, 1827.4510008727073, 1947.8314604882003, 2255.504663853764, 2033.289683872986, 2164.8134194415093, 3330.6948641140225, 4921.414581323624, 5256.181656844282, 4655.948603059101, 5471.551541609764, 5516.190338456917, 5390.656423575782, 5222.559696904278, 5185.894930970478, 6062.285890356064, 5737.21770381484, 5590.012243984223, 5679.524719262218, 6227.907787662888, 6653.408465978909, 6753.408517347336, 7401.284424802637, 7433.278591954565, 7326.479993567086, 7205.171047354317, 7009.877045724106, 6738.41330760107, 7531.71590158143, 7570.081632520866, 7232.865613320827, 7307.531651486874, 7253.418538542509, 6923.68243757534, 7182.240450905323, 7067.844940752983, 6596.981059561014, 6821.1916377077105, 7061.256918909312, 7530.6592454638485]
shares:[0, 50.5051, 101.7872, 164.2872, 223.1107, 278.9766, 338.8568, 404.2163, 474.1464, 520.4427, 560.7653, 602.9594, 642.1751, 679.3498, 716.1145, 749.3371, 788.0968, 826.2647, 851.8401, 869.5079, 886.3713, 905.8266, 922.69, 939.7258, 957.4878, 976.1794, 995.3733, 1012.0678, 1030.0211, 1048.7828, 1067.5798, 1085.0014, 1101.5577, 1118.114, 1133.4279, 1148.8839, 1164.7822, 1181.1756, 1198.2696, 1216.3201, 1232.6867, 1249.1884, 1266.7015, 1284.2762, 1302.2295, 1321.3135, 1339.9702, 1359.201, 1380.1215, 1400.6554, 1420.7761, 1439.8966]
growth_rate:47.66
