ticker:DBX
price:[19.75, 19.850000381469727, 19.280000686645508, 19.149999618530273, 19.18000030517578, 20.389999389648438, 20.31999969482422, 19.719999313354492, 18.260000228881836, 19.145000457763672, 19.059999465942383, 19.030000686645508, 19.540000915527344, 20.350000381469727, 22.489999771118164, 23.68000030517578, 24.649999618530273, 22.190000534057617, 22.5, 22.079999923706055, 22.15999984741211, 22.6299991607666, 24.84000015258789, 24.510000228881836, 23.454999923706055, 22.545000076293945, 23.479999542236328, 27.059999465942383, 26.860000610351562, 26.59000015258789, 27.389999389648438, 26.989999771118164, 26.3799991607666, 26.2549991607666, 25.700000762939453, 24.700000762939453, 25.3799991607666, 26.719999313354492, 27.350000381469727, 28.5, 29.719999313354492, 29.139999389648438, 30.209999084472656, 30.68000030517578, 31.049999237060547, 30.149999618530273, 30.90999984741211, 31.489999771118164, 32.220001220703125, 32.130001068115234, 30.600000381469727, 31.149999618530273]
assets:[0, 100.00033192176818, 197.12836702060702, 295.798554107666, 396.26264230499265, 521.2621783966064, 619.4734786964417, 701.1820435850143, 749.2698933917999, 885.5845426746369, 981.6528704942704, 1080.108584972763, 1209.0551426490783, 1359.174490478325, 1602.1043706953049, 1786.876247028351, 1960.0718346670149, 1864.4615388729094, 1990.5075, 2053.351672904968, 2160.7905611213682, 2306.6192394590375, 2631.8799881671907, 2696.9162081846234, 2680.831435279846, 2676.821967058563, 2887.8356676990506, 3428.1447403419497, 3502.807307595825, 3567.596274472809, 3774.933539880371, 3819.805600607109, 3833.4755280447007, 3915.310881348228, 3932.547296743012, 3879.5303198318484, 4086.3346828783037, 4402.082478876114, 4605.874079241371, 4899.54045, 5209.273927645874, 5207.612204924011, 5498.833096355438, 5684.3843205429075, 5852.937276185608, 5783.285491827583, 6029.066563237381, 6242.196525629234, 6486.904397766114, 6568.7859383697505, 6355.987279235839, 6570.229564539528]
shares:[0, 5.0378, 10.2245, 15.4464, 20.6602, 25.5646, 30.4859, 35.5569, 41.0334, 46.2567, 51.5033, 56.7582, 61.8759, 66.7899, 71.2363, 75.4593, 79.5161, 84.0226, 88.467, 92.996, 97.5086, 101.9275, 105.9533, 110.0333, 114.2968, 118.7324, 122.9913, 126.6868, 130.4098, 134.1706, 137.8216, 141.5267, 145.3175, 149.1263, 153.0174, 157.066, 161.0061, 164.7486, 168.4049, 171.9137, 175.2784, 178.7101, 182.0203, 185.2798, 188.5004, 191.8171, 195.0523, 198.2279, 201.3316, 204.444, 207.712, 210.9223]
growth_rate:28.83
