ticker:DCBO
price:[50.06999969482422, 48.2599983215332, 50.119998931884766, 57.68000030517578, 65.08999633789062, 61.599998474121094, 54.5, 53.0099983215332, 49.36000061035156, 55.900001525878906, 55.34000015258789, 52.77000045776367, 43.540000915527344, 40.41999816894531, 46.09000015258789, 40.619998931884766, 40.47999954223633, 42.9900016784668, 47.70000076293945, 47.459999084472656, 48.68000030517578, 52.91999816894531, 49.400001525878906, 47.97999954223633, 52.790000915527344, 51.81999969482422, 52.02000045776367, 55.470001220703125, 53.91999816894531, 56.75, 62.43000030517578, 61.959999084472656, 59.959999084472656, 65.16000366210938, 66.55000305175781, 68.31999969482422, 71.87000274658203, 76.51000213623047, 82.98999786376953, 84.0999984741211]
assets:[0, 99.99954252204894, 203.85307165565493, 334.6016817703247, 477.5848301300049, 551.9791063270568, 588.3602, 672.2727987136841, 725.9819529769898, 922.1711451721192, 1012.9322947929381, 1065.8906852462767, 979.4540905952454, 1009.26714427948, 1250.8457321411133, 1202.392588382721, 1298.250257318878, 1478.7485827350617, 1740.759057842636, 1831.9986786598206, 1979.0902804069517, 2251.4654460983274, 2201.708668006897, 2238.42051464386, 2562.8225694465636, 2615.7336705955504, 2725.8272159866333, 3006.607194165039, 3022.5933373565676, 3281.233925, 3709.6468051338197, 3781.7161521209714, 3759.647838594055, 4185.702703244019, 4374.990545622254, 4591.349931491089, 4929.922838401794, 5348.2021693267825, 5901.16977809906, 6080.101899684905]
shares:[0, 2.0721, 4.0673, 5.801, 7.3373, 8.9607, 10.7956, 12.682, 14.7079, 16.4968, 18.3038, 20.1988, 22.4955, 24.9695, 27.1392, 29.601, 32.0714, 34.3975, 36.4939, 38.6009, 40.6551, 42.5447, 44.569, 46.6532, 48.5475, 50.4773, 52.3996, 54.2024, 56.057, 57.8191, 59.4209, 61.0348, 62.7026, 64.2373, 65.7399, 67.2036, 68.595, 69.902, 71.107, 72.2961]
growth_rate:55.9
