ticker:DCOM
price:[20.6299991607666, 19.540000915527344, 18.84000015258789, 17.100000381469727, 17.90999984741211, 19.31999969482422, 19.510000228881836, 20.360000610351562, 19.540000915527344, 18.729999542236328, 20.68000030517578, 21.790000915527344, 23.59000015258789, 25.079999923706055, 24.329999923706055, 24.270000457763672, 24.479999542236328, 24.18000030517578, 25.979999542236328, 26.979999542236328, 27.239999771118164, 24.43000030517578, 25.860000610351562, 26.979999542236328, 28.15999984741211, 29.40999984741211, 30.959999084472656, 33.119998931884766, 32.56999969482422, 30.8700008392334, 30.049999237060547, 32.400001525878906, 33.15999984741211, 33.08000183105469, 33.119998931884766, 34.599998474121094, 34.72999954223633, 35.599998474121094, 34.709999084472656, 34.900001525878906, 34.130001068115234, 32.939998626708984, 35.09000015258789, 33.099998474121094, 32.38999938964844, 30.579999923706055, 31.489999771118164, 33.02000045776367, 34.060001373291016, 33.150001525878906, 33.220001220703125, 33.349998474121094]
assets:[0, 99.99986268539429, 196.4183055908203, 278.2785662078857, 391.4606576648712, 522.2794837501526, 627.4162443605424, 754.7513306259156, 824.3535586242676, 890.180688243866, 1082.8585839797975, 1240.9819531410217, 1443.4956993370056, 1634.669251027298, 1685.7867667137145, 1781.629182603836, 1897.0457405261996, 1973.7964989112854, 2220.7287928710934, 2406.2058631744385, 2529.3946947469713, 2368.468985586548, 2607.106993533325, 2820.0197001533506, 3043.355375509262, 3278.447381990433, 3551.2326389854434, 3898.9922582580566, 3934.244258136749, 3828.895727092552, 3827.1889378314972, 4226.486239046479, 4425.626427635192, 4514.950513912964, 4620.408762992477, 4926.877162722015, 5045.39026449852, 5271.779494042205, 5239.984598787689, 5368.667234725953, 5350.218967437744, 5263.673432553864, 5707.2341288177495, 5483.567517212677, 5465.945196000671, 5260.500022875595, 5517.041661899949, 5885.098547586441, 6170.456306791305, 6105.59711603775, 6218.488570504761, 6342.822869793702]
shares:[0, 5.1177, 10.4256, 16.2736, 21.8571, 27.0331, 32.1587, 37.0703, 42.188, 47.527, 52.3626, 56.9519, 61.191, 65.1782, 69.2884, 73.4087, 77.4937, 81.6293, 85.4784, 89.1848, 92.8559, 96.9492, 100.8162, 104.5226, 108.0737, 111.4739, 114.7039, 117.7232, 120.7935, 124.0329, 127.3607, 130.4471, 133.4628, 136.4858, 139.5051, 142.3953, 145.2747, 148.0837, 150.9647, 153.83, 156.76, 159.7958, 162.6456, 165.6667, 168.7541, 172.0242, 175.1998, 178.2283, 181.1643, 184.1809, 187.1911, 190.1896]
growth_rate:24.37
