ticker:DCOMP
price:[22.350000381469727, 22.360000610351562, 22.540000915527344, 22.440000534057617, 22.420000076293945, 22.690000534057617, 23.299999237060547, 23.559999465942383, 24.280000686645508, 24.260000228881836, 24.690000534057617, 24.8700008392334, 24.889999389648438, 24.84000015258789, 24.920000076293945, 25.25, 25.59000015258789, 25.639999389648438, 25.389999389648438, 25.530000686645508, 25.73200035095215, 25.360000610351562, 25.459999084472656, 25.350000381469727, 25.149999618530273, 24.399999618530273, 24.75, 24.920000076293945, 25.079999923706055, 25.25, 25.259000778198242, 25.334999084472656, 25.18000030517578, 25.389999389648438, 25.530000686645508, 25.520000457763672, 25.562000274658203, 25.639999389648438, 25.850000381469727, 25.719999313354492, 25.799999237060547, 25.760000228881836, 25.90999984741211, 26.040000915527344, 26.15999984741211, 26.229999542236328, 26.34000015258789, 26.399999618530273, 26.295000076293945, 26.049999237060547, 25.989999771118164, 26.049999237060547]
assets:[0, 100.0006307296753, 200.80661415634154, 299.91509513778686, 399.64771135997773, 504.4599748735428, 618.0208297634125, 724.9176235675811, 847.0709519554138, 946.3729049285888, 1063.1464849964143, 1170.8970485116959, 1271.8391448120117, 1369.2851364112855, 1473.694044511795, 1593.20935, 1714.663078224182, 1818.0144127227784, 1900.2891143188474, 2010.7683840808868, 2126.6777794052123, 2195.932596850586, 2304.5907431282044, 2394.634551034737, 2475.7408124485014, 2501.912520885086, 2637.80055, 2755.917760437393, 2873.6112152584074, 2993.08955, 3094.156870127106, 3203.466224736786, 3283.867365799713, 3411.255594996643, 3530.066383943367, 3628.683761089325, 3734.6568079280855, 3846.053752445984, 3977.5550686969755, 4057.551083675766, 4170.172556682587, 4263.707653883744, 4388.5347251552585, 4510.552610584259, 4631.337596986008, 4743.729516212845, 4863.623080175018, 4974.702408117485, 5054.916631166649, 5107.818725404739, 5196.053303240776, 5308.049439540482]
shares:[0, 4.4723, 8.9089, 13.3652, 17.8255, 22.2327, 26.5245, 30.769, 34.8876, 39.0096, 43.0598, 47.0807, 51.0984, 55.1242, 59.137, 63.0974, 67.0052, 70.9054, 74.844, 78.761, 82.6472, 86.5904, 90.5181, 94.4629, 98.439, 102.5374, 106.5778, 110.5906, 114.5778, 118.5382, 122.4972, 126.4443, 130.4157, 134.3543, 138.2713, 142.1898, 146.1019, 150.0021, 153.8706, 157.7586, 161.6346, 165.5166, 169.3761, 173.2163, 177.0389, 180.8513, 184.6478, 188.4357, 192.2387, 196.0775, 199.9251, 203.7639]
growth_rate:4.08
