ticker:DCPH
price:[45.59000015258789, 44.869998931884766, 56.06999969482422, 49.65999984741211, 51.77000045776367, 53.459999084472656, 58.90999984741211, 64.05999755859375, 58.06999969482422, 60.38999938964844, 65.08999633789062, 62.119998931884766, 62.349998474121094, 57.310001373291016, 55.25, 54.86000061035156, 58.880001068115234, 57.06999969482422, 56.2400016784668, 50.06999969482422, 46.7599983215332, 44.20000076293945, 51.36000061035156, 48.90999984741211, 44.459999084472656, 43.779998779296875, 42.790000915527344, 43.119998931884766, 46.209999084472656, 43.779998779296875, 46.029998779296875, 43.810001373291016, 47.0, 46.209999084472656, 46.369998931884766, 34.33000183105469, 34.59000015258789, 33.029998779296875, 33.7400016784668, 32.90999984741211, 35.41999816894531, 37.36000061035156, 38.15999984741211, 36.45000076293945, 34.81999969482422, 34.060001373291016, 33.279998779296875, 30.489999771118164, 31.690000534057617, 28.299999237060547, 26.6299991607666, 30.510000228881836]
assets:[0, 100.00176661949158, 224.96405277557372, 299.24619308052064, 411.9597786426544, 525.4102170021057, 678.973094241333, 838.3275640502931, 859.9412044807434, 994.2971839508057, 1171.6785150787355, 1218.2166630535125, 1322.724042629242, 1315.8032455299376, 1368.50935, 1458.8481082305907, 1665.750558217621, 1714.542586831665, 1789.6074694103243, 1693.272256679535, 1681.335231647873, 1689.2842491588592, 2062.930920515442, 2064.5253305591586, 1976.6871132957458, 2046.452262939453, 2100.176034934998, 2216.37225709877, 2475.197011960602, 2445.0341278259275, 2670.69275017395, 2641.88765581398, 2934.257, 2984.934890861511, 3095.2716207015987, 2391.5824125595095, 2509.6947560710905, 2496.509700735474, 2650.1725378383635, 2684.9787925510404, 2989.759541442871, 3253.5143331527706, 3423.1809463119507, 3369.784345533371, 3319.091118910217, 3346.647178936005, 3370.0058923889164, 3187.4855560722353, 3412.9370015167233, 3147.842875137329, 3062.087735499573, 3608.2346670684815]
shares:[0, 2.2287, 4.0122, 6.0259, 7.9575, 9.8281, 11.5256, 13.0866, 14.8087, 16.4646, 18.0009, 19.6107, 21.2145, 22.9594, 24.7694, 26.5922, 28.2906, 30.0428, 31.8209, 33.8181, 35.9567, 38.2191, 40.1661, 42.2107, 44.4599, 46.744, 49.081, 51.4001, 53.5641, 55.8482, 58.0207, 60.3033, 62.431, 64.595, 66.7516, 69.6645, 72.5555, 75.5831, 78.5469, 81.5855, 84.4088, 87.0855, 89.706, 92.4495, 95.3214, 98.2574, 101.2622, 104.542, 107.6976, 111.2312, 114.9864, 118.264]
growth_rate:-29.25
