ticker:DCRCU
price:[10.0, 9.979999542236328, 10.079999923706055, 10.15999984741211, 10.010000228881836, 10.109999656677246, 10.010000228881836, 9.949999809265137, 9.949999809265137, 10.0, 10.029999732971191, 13.3100004196167, 11.520000457763672, 11.319999694824219, 11.109999656677246, 10.920000076293945, 10.640000343322754, 10.640000343322754, 10.489999771118164, 10.449999809265137, 10.489999771118164, 10.380000114440918, 10.42199993133545, 10.444999694824219]
assets:[0, 99.999595413208, 201.00124647865294, 302.5962914554596, 398.12874010334014, 502.1060559491157, 597.1395566537857, 693.5607567049026, 793.5612397879601, 897.5490000000001, 1000.241723370552, 1427.3391559988977, 1335.3834770633698, 1412.1993939285278, 1486.0013390793802, 1560.588130903244, 1620.573132291317, 1720.573175518036, 1796.3170018060684, 1889.4676005131723, 1996.700124433899, 2075.762320885563, 2184.161454009819, 2288.9819921218873]
shares:[0, 10.02, 19.9406, 29.7831, 39.7731, 49.6643, 59.6543, 69.7046, 79.7549, 89.7549, 99.725, 107.2381, 115.9187, 124.7526, 133.7535, 142.911, 152.3095, 161.708, 171.2409, 180.8103, 190.3432, 199.9771, 209.5722, 219.1462]
growth_rate:-0.48
