ticker:DCRN
price:[9.619999885559082, 9.920000076293945, 9.829999923706055, 9.789999961853027, 9.819999694824219, 9.770000457763672, 9.6899995803833, 9.680000305175781, 9.819999694824219, 9.819999694824219, 9.869999885559082, 9.869999885559082, 9.880000114440918, 9.90999984741211, 9.869999885559082, 9.859999656677246, 9.859999656677246, 9.859999656677246, 9.90999984741211, 9.880000114440918, 9.859999656677246, 9.850000381469727, 9.850000381469727]
assets:[0, 99.99955276908875, 199.09190345478058, 298.281718837738, 399.19575359420776, 497.16308229408264, 593.0919283166886, 692.4801178314209, 802.4952850608826, 902.4952879531861, 1007.0903733229637, 1107.0902511634827, 1208.212369994831, 1311.8808248004914, 1406.5855276908874, 1505.160499590683, 1605.1606161087036, 1705.1607326267242, 1813.8074520721434, 1908.317082104206, 2004.4541202054024, 2102.421511422348, 2202.421670295143]
shares:[0, 10.0806, 20.2535, 30.468, 40.6513, 50.8867, 61.2066, 71.5372, 81.7205, 91.9038, 102.0355, 112.1672, 122.2887, 132.3795, 142.5112, 152.6532, 162.7952, 172.9372, 183.028, 193.1495, 203.2915, 213.4438, 223.5961]
growth_rate:0.11
