ticker:DCRNU
price:[11.470000267028809, 11.170000076293945, 11.4399995803833, 10.630000114440918, 10.260000228881836, 10.3100004196167, 10.180000305175781, 10.020000457763672, 10.069999694824219, 10.3100004196167, 10.220000267028809, 10.130000114440918, 10.170000076293945, 10.130000114440918, 10.050000190734863, 9.989999771118164, 10.199999809265137, 10.229999542236328, 10.350000381469727, 10.300000190734863, 10.289999961853027, 10.520000457763672, 10.369999885559082, 10.289999961853027, 10.300000190734863, 10.279999732971191, 10.289999961853027, 10.1899995803833, 10.220000267028809, 10.16100025177002, 10.220000267028809]
assets:[0, 100.00054268302918, 202.41820857534407, 288.0857591014862, 378.0584364337921, 479.9006205319405, 573.8496712028503, 664.830036372757, 768.1476327209473, 886.4548670786857, 978.7162815719604, 1070.097757089138, 1174.3227898096086, 1269.7043443441391, 1359.6765858047486, 1451.5589547431946, 1582.0719904160499, 1686.7253935237884, 1806.5108015825272, 1897.7832751430512, 1995.94100260067, 2140.553937143326, 2210.032598610592, 2292.983460499477, 2395.211484354401, 2490.5602073062896, 2592.9832643873215, 2667.783669142628, 2775.6376085220336, 2859.6143652557375, 2976.2183997628213]
shares:[0, 8.9526, 17.6939, 27.1012, 36.8478, 46.5471, 56.3703, 66.3503, 76.2808, 85.9801, 95.7648, 105.6365, 115.4693, 125.341, 135.2912, 145.3012, 155.1051, 164.8803, 174.5421, 184.2508, 193.969, 203.4747, 213.1179, 222.8361, 232.5448, 242.2724, 251.9906, 261.8041, 271.5888, 281.4304, 291.2151]
growth_rate:-0.79
