ticker:DCT
price:[36.619998931884766, 39.34000015258789, 40.40999984741211, 42.220001220703125, 42.90999984741211, 40.290000915527344, 45.689998626708984, 46.33000183105469, 43.369998931884766, 47.18000030517578, 39.5, 41.380001068115234, 40.470001220703125, 41.619998931884766, 39.36000061035156, 45.29999923706055, 43.77000045776367, 43.29999923706055, 43.58000183105469, 45.75, 49.959999084472656, 48.34000015258789, 54.349998474121094, 58.040000915527344, 53.849998474121094, 47.29999923706055, 43.47999954223633, 46.31999969482422, 43.86000061035156, 43.5, 44.959999084472656, 42.150001525878906, 44.849998474121094, 43.02000045776367, 41.58000183105469, 38.56999969482422, 36.540000915527344, 39.08000183105469, 39.310001373291016, 39.79999923706055, 40.04999923706055, 40.83000183105469, 43.810001373291016, 43.22999954223633, 40.220001220703125, 43.099998474121094, 44.970001220703125, 43.93000030517578, 43.880001068115234, 44.400001525878906, 43.880001068115234, 45.869998931884766]
assets:[0, 99.99834638786317, 202.71676423454284, 311.7947090148926, 416.89210351753235, 491.43728616714475, 657.3054582435608, 766.5113482940674, 817.5374908657075, 989.355170399475, 928.3053, 1072.4868676834105, 1148.902864654541, 1281.5505211109162, 1311.9632843444824, 1609.9574428852084, 1655.5827593147276, 1737.8064993801115, 1849.0428236892699, 2041.113375, 2328.940313321686, 2353.423239428711, 2746.017367905426, 3032.4507518341065, 2913.532627442932, 2659.1491971084597, 2544.393049212265, 2810.586413482666, 2761.3203744262696, 2838.6577500000003, 3033.932210219574, 2944.3124865875243, 3232.917955010223, 3201.0063820610044, 3193.8597326477047, 3062.6546827674865, 3001.461447203064, 3310.1035110916137, 3429.5853458122256, 3572.3364915206907, 3694.7766346157073, 3866.735912406921, 4248.952412189865, 4292.700047544479, 4093.808912249756, 4486.951201147461, 4781.628750796509, 4771.0440411437985, 4865.611978437424, 5023.274092633056, 5064.441039277268, 5394.119220394135]
shares:[0, 2.5419, 5.0165, 7.385, 9.7155, 12.1975, 14.3862, 16.5446, 18.8503, 20.9698, 23.5014, 25.918, 28.389, 30.7917, 33.3324, 35.5399, 37.8246, 40.1341, 42.4287, 44.6145, 46.6161, 48.6848, 50.5247, 52.2476, 54.1046, 56.2188, 58.5187, 60.6776, 62.9576, 65.2565, 67.4807, 69.8532, 72.0829, 74.4074, 76.8124, 79.4051, 82.1418, 84.7007, 87.2446, 89.7572, 92.2541, 94.7033, 96.9859, 99.2991, 101.7854, 104.1056, 106.3293, 108.6056, 110.8845, 113.1368, 115.4157, 117.5958]
growth_rate:5.77
