ticker:DCTH
price:[10.449999809265137, 11.569999694824219, 10.829999923706055, 9.850000381469727, 11.630000114440918, 11.729999542236328, 11.479999542236328, 11.390000343322754, 10.710000038146973, 11.550000190734863, 11.75, 14.989999771118164, 16.860000610351562, 15.920000076293945, 15.729999542236328, 17.899999618530273, 17.104999542236328, 17.920000076293945, 17.290000915527344, 16.06999969482422, 16.690000534057617, 16.149999618530273, 19.6200008392334, 21.65999984741211, 20.06999969482422, 18.010000228881836, 17.90999984741211, 18.899999618530273, 18.309999465942383, 16.889999389648438, 12.25, 13.789999961853027, 12.800000190734863, 11.399999618530273, 11.109999656677246, 10.880000114440918, 10.199999809265137, 10.8100004196167, 10.699999809265137, 10.760000228881836, 11.869999885559082, 10.1899995803833, 11.619999885559082, 12.649999618530273, 10.930000305175781, 9.600000381469727, 9.430000305175781, 10.199999809265137, 10.25, 9.15999984741211, 8.9399995803833, 9.239999771118164]
assets:[0, 99.99950736236573, 193.60357663612365, 276.0846756921768, 425.9766661916733, 529.6388043308258, 618.3506593433381, 713.5026525067329, 770.9058027458192, 931.3689153804779, 1047.49605, 1436.3372810686112, 1715.520236103821, 1719.8742242422104, 1799.3483556365968, 2147.573934232712, 2152.192094403076, 2354.738186025238, 2371.954710597992, 2304.5874072349548, 2493.5011007886887, 2512.825275646019, 3152.7320488561627, 3580.53876477623, 3417.7021850318906, 3166.9072562469482, 3249.3235133167263, 3528.9342187734605, 3518.771753366089, 3345.880166090393, 2526.7046, 2944.347019855118, 2832.9690022145273, 2623.1125522247316, 2656.3842529120448, 2701.391964414501, 2632.554670772552, 2889.9919951821325, 2960.584017225551, 3077.185753456497, 3494.6276743076323, 3100.0210333434106, 3635.0590001996998, 4057.271062650108, 3605.610360671997, 3266.867649813652, 3309.0172830871584, 3679.212351200581, 3797.2477999999996, 3493.442573806, 3509.5389812727926, 3727.3087236717224]
shares:[0, 8.643, 17.8766, 28.0289, 36.6274, 45.1525, 53.8633, 62.6429, 71.98, 80.638, 89.1486, 95.8197, 101.7509, 108.0323, 114.3896, 119.9762, 125.8224, 131.4028, 137.1865, 143.4093, 149.4009, 155.5929, 160.6897, 165.3065, 170.2891, 175.8416, 181.4251, 186.7161, 192.1776, 198.0983, 206.2616, 213.5132, 221.3257, 230.0976, 239.0985, 248.2897, 258.0936, 267.3443, 276.6901, 285.9838, 294.4084, 304.2219, 312.8278, 320.7329, 329.882, 340.2987, 350.9032, 360.7071, 370.4632, 381.3802, 392.5659, 403.3884]
growth_rate:-26.92
