ticker:DDIV
price:[21.367000579833984, 21.020000457763672, 21.304000854492188, 20.613000869750977, 21.493000030517578, 22.36199951171875, 22.486000061035156, 22.45599937438965, 21.118999481201172, 22.44300079345703, 23.320999145507812, 23.55900001525879, 24.174999237060547, 24.479000091552734, 24.158000946044922, 24.594999313354492, 24.60700035095215, 24.81999969482422, 25.333999633789062, 25.64900016784668, 25.628999710083008, 24.549999237060547, 26.371000289916992, 27.231000900268555, 27.788999557495117, 27.889999389648438, 28.760000228881836, 30.04599952697754, 29.510000228881836, 29.374000549316406, 29.613000869750977, 29.898000717163086, 30.281999588012695, 30.43199920654297, 31.07900047302246, 32.31999969482422, 32.18000030517578, 31.81999969482422, 32.41299819946289, 32.70000076293945, 32.41999816894531, 30.275999069213867, 31.798999786376953, 31.559999465942383, 31.290000915527344, 30.280000686645508, 30.559999465942383, 30.809999465942383, 31.489999771118164, 31.867000579833984, 30.735000610351562, 31.989999771118164]
assets:[0, 100.00055017776488, 201.35263367614746, 294.8215675397873, 407.4084127784729, 523.8812711608887, 626.7860087013245, 725.9508109754562, 782.7292539718628, 931.7997284431458, 1068.2533473587036, 1179.1562215637207, 1309.9876061580658, 1426.459876535034, 1507.7539866447448, 1635.0288238531111, 1735.8270187568664, 1850.8521972427368, 1989.1825834457397, 2113.9162117334367, 2212.2670630746843, 2219.1284410362246, 2483.7315655056, 2664.7304395971296, 2819.332950105667, 2929.5794808883666, 3120.9662008377077, 3360.5188538944244, 3400.570121375084, 3484.899113770294, 3613.253991523361, 3748.0283189039233, 3896.1668565925597, 4015.465776904297, 4200.836609536744, 4468.579317806244, 4549.2222831420895, 4598.330429898835, 4784.025640948105, 4926.38591493988, 4984.201888496398, 4754.585280228043, 5093.760939580537, 5155.477400759125, 5211.37155548172, 5143.155012628937, 5290.715187541007, 5433.996577807617, 5653.928690904999, 5821.616627526855, 5714.816837487793, 6048.170112726593]
shares:[0, 4.7574, 9.4514, 14.3027, 18.9554, 23.4273, 27.8745, 32.3277, 37.0628, 41.5185, 45.8065, 50.0512, 54.1877, 58.2728, 62.4122, 66.4781, 70.542, 74.571, 78.5183, 82.4171, 86.3189, 90.3922, 94.1842, 97.8565, 101.455, 105.0405, 108.5176, 111.8458, 115.2345, 118.6389, 122.0158, 125.3605, 128.6628, 131.9488, 135.1664, 138.2605, 141.368, 144.5107, 147.5959, 150.654, 153.7385, 157.0414, 160.1862, 163.3548, 166.5507, 169.8532, 173.1255, 176.3712, 179.5468, 182.6848, 185.9384, 189.0644]
growth_rate:18.59
