ticker:DDMX
price:[10.100000381469727, 10.520000457763672, 10.350000381469727, 10.449999809265137, 10.220000267028809, 9.920000076293945, 9.890000343322754, 9.989999771118164, 9.880000114440918, 9.8100004196167, 10.0, 9.899999618530273, 9.956999778747559, 9.8100004196167, 9.989999771118164, 9.972999572753906, 9.890000343322754, 9.90999984741211, 9.949999809265137, 9.9399995803833, 9.899999618530273, 9.90999984741211, 9.920000076293945, 9.899999618530273, 9.899999618530273, 9.949999809265137, 9.930000305175781, 9.930000305175781, 9.899999618530273, 9.899999618530273, 9.902999877929688, 9.899999618530273]
assets:[0, 99.99996835136413, 198.38363231182097, 300.3005995188713, 393.6907622863769, 482.1338277080536, 580.6755461576462, 686.546750270462, 778.9876210230827, 873.4687033620835, 990.386, 1080.4819983665466, 1186.7031132305144, 1269.1835192885399, 1392.471103096962, 1490.101768963623, 1577.7003267684936, 1680.8905701187134, 1787.6756707314491, 1885.8793423876764, 1978.2901937719346, 2080.28833896904, 2182.387120784569, 2277.9869422239303, 2377.986838370705, 2489.9974022684096, 2584.9925744438174, 2684.9926425170897, 2776.880593000412, 2876.8804891471864, 2977.7528392944337, 3076.8505814418795]
shares:[0, 9.5057, 19.1675, 28.7369, 38.5216, 48.6022, 58.7134, 68.7234, 78.8449, 89.0386, 99.0386, 109.1396, 119.1828, 129.3765, 139.3865, 149.4136, 159.5248, 169.6156, 179.6659, 189.7263, 199.8273, 209.9181, 219.9987, 230.0997, 240.2007, 250.251, 260.3215, 270.392, 280.493, 290.594, 300.692, 310.793]
growth_rate:-0.75
