ticker:DDMXU
price:[10.470000267028809, 10.385000228881836, 10.47700023651123, 10.5, 10.600000381469727, 10.510000228881836, 10.850000381469727, 10.579999923706055, 11.449999809265137, 11.399999618530273, 11.359999656677246, 10.899999618530273, 10.399999618530273, 10.739999771118164, 10.600000381469727, 10.229999542236328, 10.279999732971191, 10.359999656677246, 10.350000381469727, 10.260000228881836, 10.449999809265137, 10.550000190734863, 10.430000305175781, 10.399999618530273, 10.430000305175781, 10.550000190734863, 10.5600004196167, 10.420000076293945, 10.789999961853027, 10.619999885559082, 10.65999984741211, 10.760000228881836, 10.5649995803833, 10.34000015258789, 10.5, 10.5, 10.5, 10.449999809265137, 10.5]
assets:[0, 100.00028270397186, 200.88600253486632, 301.3269, 404.1970945461273, 500.7647259054184, 616.9646566915512, 701.6116369405746, 859.3053106856347, 955.552528025055, 1052.199520200348, 1109.5927111673354, 1158.6941174993515, 1296.5746583684922, 1379.6737896512986, 1431.5155489437102, 1538.5119560362814, 1650.4846973041533, 1748.891314458847, 1833.683656906128, 1967.6409140863418, 2086.4703727215765, 2162.7377452804567, 2256.5170372314456, 2363.0260841407776, 2490.2136050209047, 2592.5740870196346, 2658.202455463028, 2852.5911339149475, 2907.647644667244, 3018.5996187915803, 3146.9170109397887, 3189.886097305298, 3221.9523195465085, 3371.8082999999997, 3471.8082, 3571.8080999999997, 3654.799653292084, 3772.2867]
shares:[0, 9.6293, 19.174, 28.6978, 38.1318, 47.6465, 56.8631, 66.3149, 75.0485, 83.8204, 92.6232, 101.7975, 111.4129, 120.7239, 130.1579, 139.9331, 149.6607, 159.3132, 168.975, 178.7216, 188.291, 197.7697, 207.3574, 216.9728, 226.5605, 236.0392, 245.5089, 255.1058, 264.3736, 273.7898, 283.1707, 292.4644, 301.9296, 311.6008, 321.1246, 330.6484, 340.1722, 349.7416, 359.2654]
growth_rate:-0.73
