ticker:DDOG
price:[79.56999969482422, 80.36000061035156, 85.69000244140625, 90.6500015258789, 103.48999786376953, 111.79000091552734, 112.36000061035156, 102.08000183105469, 90.75, 100.3499984741211, 85.81999969482422, 89.08999633789062, 96.41999816894531, 101.56999969482422, 98.9800033569336, 107.72000122070312, 106.27999877929688, 98.44000244140625, 99.94000244140625, 99.83999633789062, 105.0, 102.75, 114.9000015258789, 112.86000061035156, 105.05000305175781, 95.41000366210938, 82.19999694824219, 83.0, 84.02999877929688, 80.29000091552734, 87.19999694824219, 88.80000305175781, 90.33999633789062, 89.56999969482422, 85.7699966430664, 77.29000091552734, 82.51000213623047, 88.94999694824219, 91.05000305175781, 88.44999694824219, 95.4800033569336, 103.26000213623047, 106.05999755859375, 106.47000122070312, 108.12000274658203, 104.63999938964844, 111.2300033569336, 110.69999694824219, 131.9199981689453, 135.49000549316406, 131.14999389648438, 134.83999633789062]
assets:[0, 99.99998475952148, 206.63287188720702, 318.5894303627014, 463.71798242797854, 600.9047919212342, 703.9691118240356, 739.5594052658081, 757.4721, 937.6001407432556, 901.8394667930603, 1036.205747406006, 1221.4581788040161, 1386.694577833557, 1451.3338912223817, 1679.4840830322266, 1757.031567819214, 1727.4153188415526, 1853.7371352844239, 1951.8819124053955, 2152.7625000000003, 2206.628175, 2567.55543409729, 2621.9748201797483, 2540.529273803711, 2407.3947534027097, 2174.0748392852784, 2295.2322, 2423.7192697906494, 2415.845837547302, 2723.7616646759034, 2873.736818760681, 3023.571269433594, 3097.7963534454348, 3066.3717269859317, 2863.200354915619, 3156.5769007255553, 3502.948724818421, 3685.649493533325, 3680.4043730163576, 4072.9191471977233, 4504.7898751945495, 4726.945607189942, 4845.215521551514, 5020.303651531219, 4958.722147076416, 5371.007664097595, 5445.410339881897, 6589.232412541199, 6867.554810430908, 6747.575380978394, 7037.420764871215]
shares:[0, 1.2444, 2.4114, 3.5145, 4.4808, 5.3753, 6.2653, 7.2449, 8.3468, 9.3433, 10.5085, 11.631, 12.6681, 13.6526, 14.6629, 15.5912, 16.5321, 17.5479, 18.5485, 19.5501, 20.5025, 21.4757, 22.346, 23.2321, 24.184, 25.2321, 26.4486, 27.6534, 28.8435, 30.089, 31.2358, 32.3619, 33.4688, 34.5852, 35.7511, 37.0449, 38.2569, 39.3811, 40.4794, 41.61, 42.6573, 43.6257, 44.5686, 45.5078, 46.4327, 47.3884, 48.2874, 49.1907, 49.9487, 50.6868, 51.4493, 52.1909]
growth_rate:37.99
