ticker:DEMZ
price:[21.30500030517578, 21.761999130249023, 21.69300079345703, 21.742000579833984, 22.5049991607666, 22.530000686645508, 22.898000717163086, 22.756000518798828, 22.959999084472656, 23.368000030517578, 22.97100067138672, 23.266000747680664, 22.3799991607666, 23.584999084472656, 24.316999435424805, 24.142000198364258, 23.650999069213867, 23.6560001373291, 24.149999618530273, 24.1200008392334, 24.139999389648438, 24.829999923706055, 25.358999252319336, 26.0, 26.17099952697754, 26.174999237060547, 26.569000244140625, 26.274999618530273, 26.121000289916992, 26.649999618530273, 26.733999252319336, 26.979000091552734, 26.579999923706055, 27.309999465942383, 27.599000930786133, 27.775999069213867, 27.384000778198242, 27.81999969482422, 27.81999969482422, 28.433000564575195, 28.520000457763672, 28.420000076293945, 28.95199966430664, 29.085500717163086]
assets:[0, 100.00073840332031, 199.68407230377198, 300.13527280426024, 410.6689741857529, 511.1246075775146, 619.4733522018432, 715.6307043151855, 822.0460312210084, 936.65487162323, 1020.7416829338074, 1133.849933637619, 1190.6719053506852, 1354.7813099098207, 1496.8280368476867, 1586.0569870319366, 1653.8008401145935, 1754.1515501832962, 1890.7831651334764, 1988.43357318573, 2090.082185154724, 2249.823946087074, 2397.756776804924, 2558.3662, 2675.191720347786, 2775.5995365978238, 2917.379845907593, 2985.097451661301, 3067.600644147301, 3229.724113769531, 3339.9052605915067, 3470.513822177124, 3519.186673898697, 3715.8394923353194, 3855.1609252166745, 3979.884026632309, 4023.7174455459594, 4187.7807200614925, 4287.779708964538, 4482.257821401215, 4595.972405768204, 4679.856046563148, 4867.459401962662, 4989.902685936356]
shares:[0, 4.5952, 9.205, 13.8044, 18.2479, 22.6864, 27.0536, 31.448, 35.8034, 40.0828, 44.4361, 48.7342, 53.2025, 57.4425, 61.5548, 65.697, 69.9252, 74.1525, 78.2933, 82.4392, 86.5817, 90.6091, 94.5525, 98.3987, 102.2197, 106.0401, 109.8039, 113.6098, 117.4381, 121.1904, 124.931, 128.6376, 132.3998, 136.0615, 139.6848, 143.285, 146.9368, 150.5313, 154.1258, 157.6428, 161.1491, 164.6677, 168.1217, 171.5598]
growth_rate:16.04
