ticker:DENN
price:[11.119999885559082, 10.869999885559082, 10.479999542236328, 10.510000228881836, 10.350000381469727, 10.489999771118164, 10.020000457763672, 10.289999961853027, 8.960000038146973, 9.079999923706055, 10.430000305175781, 10.569999694824219, 11.59000015258789, 13.329999923706055, 13.760000228881836, 14.149999618530273, 13.770000457763672, 14.680000305175781, 14.5600004196167, 16.260000228881836, 15.510000228881836, 15.729999542236328, 17.40999984741211, 16.43000030517578, 16.959999084472656, 17.549999237060547, 17.790000915527344, 19.520000457763672, 19.200000762939453, 19.040000915527344, 18.270000457763672, 18.059999465942383, 17.600000381469727, 17.8700008392334, 18.940000534057617, 17.81999969482422, 17.299999237060547, 17.229999542236328, 17.579999923706055, 16.8799991607666, 17.450000762939453, 16.5, 16.979999542236328, 16.25, 16.010000228881836, 14.819999694824219, 14.670000076293945, 14.069999694824219, 15.3100004196167, 16.450000762939453, 15.470000267028809, 16.780000686645508]
assets:[0, 99.99965094718934, 196.41195942077636, 296.9737194673538, 392.45234946460727, 497.760979139328, 575.4586462898254, 690.9652654384612, 701.6567069872856, 811.0537411851883, 1031.6396741851806, 1145.4867219276427, 1356.0253818527221, 1659.6049855012893, 1813.1400941595077, 1964.5293470382692, 2011.7722808784483, 2244.7217826644896, 2326.3721150456427, 2697.995821977997, 2673.5502484537124, 2811.4731541824344, 3211.744541851044, 3130.9567201553346, 3331.9546361358643, 3547.865725765991, 3696.383263227081, 4155.841281458664, 4187.7121664047245, 4252.8145884941105, 4180.826516752624, 4232.770836831474, 4224.959291573525, 4389.774641158104, 4752.620016011238, 4571.578361709594, 4538.175589863968, 4619.812580261612, 4813.657131109619, 4721.987333234024, 4981.439502795791, 4810.24335, 5050.177879852295, 4933.06125, 4960.203861911964, 4691.51839739151, 4744.033035672188, 4650.002641142272, 5159.811554420185, 5644.016646765518, 5407.776831344033, 5965.708066119576]
shares:[0, 9.1996, 18.7416, 28.2563, 37.9181, 47.451, 57.431, 67.1492, 78.3099, 89.3231, 98.9108, 108.3715, 116.9996, 124.5015, 131.7689, 138.836, 146.0982, 152.9102, 159.7783, 165.9284, 172.3759, 178.7332, 184.477, 190.5634, 196.4596, 202.1576, 207.7787, 212.9017, 218.11, 223.3621, 228.8356, 234.3727, 240.0545, 245.6505, 250.9303, 256.542, 262.3223, 268.1261, 273.8144, 279.7386, 285.4693, 291.5299, 297.4192, 303.573, 309.8191, 316.5667, 323.3833, 330.4906, 337.0223, 343.1013, 349.5654, 355.5249]
growth_rate:16.97
