ticker:DFFN
price:[0.8500000238418579, 0.8999999761581421, 0.8500000238418579, 0.8299999833106995, 0.8299999833106995, 0.9300000071525574, 0.8399999737739563, 0.8700000047683716, 0.8199999928474426, 0.8100000023841858, 0.7099999785423279, 0.6899999976158142, 0.7799999713897705, 0.8100000023841858, 0.7400000095367432, 0.6899999976158142, 0.75, 0.800000011920929, 0.9700000286102295, 1.1299999952316284, 1.2300000190734863, 1.1399999856948853, 1.2899999618530273, 1.2400000095367432, 1.3200000524520874, 1.149999976158142, 0.8999999761581421, 1.0099999904632568, 1.0199999809265137, 0.9200000166893005, 0.9200000166893005, 0.8399999737739563, 0.7099999785423279, 0.7300000190734863, 0.75, 0.6800000071525574, 0.6299999952316284, 0.6899999976158142, 0.699999988079071, 0.7200000286102295, 0.7900000214576721, 0.7200000286102295, 0.7599999904632568, 0.6800000071525574, 0.6499999761581421, 0.5699999928474426, 0.550000011920929, 0.550000011920929, 0.5400000214576721, 0.5099999904632568, 0.5, 0.550000011920929]
assets:[0, 99.99998735090493, 194.44447545402048, 289.869277171427, 389.86925216066834, 536.8414811288059, 584.8890417388976, 705.777933868289, 765.2159573253035, 855.8840725192427, 850.2193653046071, 926.2695207994223, 1147.0872239250898, 1291.2060188005864, 1279.6203004910947, 1293.1594245316924, 1505.60805, 1705.9819454211117, 2168.5031579601764, 2626.1943429179905, 2958.600963878727, 2842.11789033612, 3316.0807389391903, 3287.550645284295, 3599.6508350372674, 3236.0592229098556, 2632.568060260761, 3054.3264271600724, 3184.567236450195, 2972.354913920134, 3072.3549597341894, 2905.1935012955546, 2555.580241765064, 2727.568567266083, 2902.296375, 2731.4153927303014, 2630.576005089581, 2981.1070396992563, 3124.3114167932927, 3313.5776516697406, 3735.731008468467, 3504.7169232649326, 3799.4231883235216, 3499.483968809205, 3445.09483863467, 3121.0832398355665, 3111.571662441498, 3211.5716746089397, 3253.179531269735, 3172.447137676835, 3210.24235, 3631.266673705584]
shares:[0, 111.1111, 228.7582, 349.2401, 469.722, 577.2489, 696.2965, 811.239, 933.1902, 1056.647, 1197.4921, 1342.4196, 1470.6247, 1594.0815, 1729.2166, 1874.1441, 2007.4774, 2132.4774, 2235.5702, 2324.0658, 2405.3666, 2493.0859, 2570.6053, 2651.2505, 2727.0081, 2813.9646, 2925.0757, 3024.0856, 3122.1248, 3230.8205, 3339.5162, 3458.5638, 3599.4089, 3736.3952, 3869.7285, 4016.7873, 4175.5175, 4320.445, 4463.3021, 4602.191, 4728.7733, 4867.6622, 4999.2411, 5146.2999, 5300.1461, 5475.5847, 5657.4029, 5839.2211, 6024.4063, 6220.4847, 6420.4847, 6602.3029]
growth_rate:-28.8
