ticker:DFH
price:[21.389999389648438, 23.149999618530273, 29.90999984741211, 28.860000610351562, 26.510000228881836, 23.43000030517578, 21.559999465942383, 26.5, 22.190000534057617, 23.239999771118164, 24.940000534057617, 23.899999618530273, 23.260000228881836, 23.889999389648438, 25.280000686645508, 27.540000915527344, 25.899999618530273, 27.600000381469727, 31.770000457763672, 32.689998626708984, 23.559999465942383, 24.440000534057617, 22.979999542236328, 22.950000762939453, 20.860000610351562, 18.639999389648438, 21.489999771118164, 23.149999618530273, 24.75, 21.040000915527344, 21.829999923706055, 20.489999771118164, 20.729999542236328]
assets:[0, 100.00105335216523, 229.20331983070375, 321.15697279205324, 395.006956410408, 449.1132748497009, 513.2681272859573, 730.87265, 712.001671136093, 845.6919716711044, 1007.553575575447, 1065.5384629928587, 1137.0046351882934, 1267.80165460968, 1441.5667591552735, 1670.4415095314025, 1670.9669653890608, 1880.6447059930804, 2264.7848456325532, 2430.3673689014436, 1851.5897820281982, 2020.7505681570055, 2000.0343861591339, 2097.4235197258, 2006.417072706604, 1892.886346018982, 2282.3024456920625, 2558.600462838936, 2835.436725, 2510.4087492370604, 2704.6693175474165, 2638.646847525215, 2769.552814842224]
shares:[0, 4.3197, 7.6631, 11.1281, 14.9003, 19.1683, 23.8065, 27.5801, 32.0866, 36.3895, 40.3991, 44.5832, 48.8824, 53.0683, 57.024, 60.6551, 64.5161, 68.1393, 71.2869, 74.3459, 78.5904, 82.6821, 87.0337, 91.391, 96.1849, 101.5497, 106.203, 110.5227, 114.5631, 119.316, 123.8969, 128.7773, 133.6012]
growth_rate:-13.45
