ticker:DFPH
price:[10.149999618530273, 10.15999984741211, 10.310999870300293, 10.460000038146973, 10.300000190734863, 10.25, 10.199999809265137, 10.100000381469727, 10.100000381469727, 10.020000457763672, 10.050000190734863, 10.079999923706055, 10.100000381469727, 10.380000114440918, 10.369999885559082, 10.760000228881836, 10.800000190734863, 10.800000190734863, 10.8100004196167, 11.020000457763672, 11.050000190734863, 10.8100004196167, 10.760000228881836, 10.75, 11.289999961853027, 10.90999984741211, 10.199999809265137, 10.130000114440918, 10.229999542236328, 9.949999809265137, 10.055000305175781, 10.079999923706055, 10.100000381469727, 10.170000076293945, 10.140000343322754, 10.039999961853027, 10.0, 9.880000114440918, 9.880000114440918, 10.109999656677246, 10.149999618530273, 10.100000381469727, 9.970000267028809, 9.979999542236328, 9.949999809265137, 9.90999984741211, 9.899999618530273, 9.930000305175781, 9.90999984741211, 9.9399995803833, 9.899999618530273, 9.90999984741211]
assets:[0, 99.99979849815368, 201.486217365551, 304.39750711011885, 399.74094740238195, 497.800475, 595.3719488668441, 689.5351060432433, 789.5352098201752, 883.2810763526916, 985.9251187114716, 1088.8677997585296, 1191.0284049842833, 1324.0468645977974, 1422.7712432986261, 1576.2797775299073, 1682.1399897076608, 1782.140431473732, 1883.7906701239585, 2020.3859459255218, 2125.8863316950797, 2179.713350610924, 2269.631596278572, 2367.52195, 2586.448671260834, 2599.3936526447296, 2530.2303126859665, 2612.8663845181463, 2738.6598784526827, 2763.701997021675, 2892.8668243003845, 3000.0589692930225, 3106.011707311821, 3227.538003212547, 3318.0169963422773, 3385.295219137573, 3471.808, 3530.1467648900034, 3630.147186048317, 3814.6545204591753, 3929.746932307434, 4010.3889714694974, 4058.770159706974, 4162.840443058395, 4250.327488524055, 4333.240587279511, 4428.867789345551, 4542.288976596832, 4633.13997566185, 4747.165873598576, 4828.062503963662, 4932.939273045731]
shares:[0, 9.8425, 19.5409, 29.1011, 38.8098, 48.5659, 58.3698, 68.2708, 78.1718, 88.1518, 98.102, 108.0226, 117.9236, 127.5575, 137.2007, 146.4944, 155.7537, 165.013, 174.2637, 183.3381, 192.3879, 201.6386, 210.9323, 220.2346, 229.092, 238.2579, 248.0618, 257.9335, 267.7087, 277.759, 287.7043, 297.6249, 307.5259, 317.3587, 327.2206, 337.1808, 347.1808, 357.3023, 367.4238, 377.315, 387.1672, 397.0682, 407.0983, 417.1183, 427.1686, 437.2594, 447.3604, 457.4309, 467.5217, 477.5821, 487.6831, 497.7739]
growth_rate:-3.28
