ticker:DFPHU
price:[10.550000190734863, 10.579999923706055, 10.899999618530273, 10.930000305175781, 10.930000305175781, 10.9399995803833, 10.9399995803833, 10.505000114440918, 10.350000381469727, 10.350000381469727, 10.5, 10.419500350952148, 10.419500350952148, 10.5, 10.76140022277832, 12.043899536132812, 11.210200309753418, 11.210200309753418, 11.25, 11.0, 11.25, 11.25, 11.239999771118164, 11.279999732971191, 11.960000038146973, 11.239999771118164, 10.9399995803833, 10.920000076293945, 10.920000076293945, 10.3100004196167, 10.359999656677246, 10.359999656677246, 10.359999656677246, 10.173600196838379, 10.430000305175781, 10.380000114440918, 10.109999656677246, 10.109999656677246, 10.119999885559082, 10.119999885559082, 10.119999885559082, 10.119999885559082, 10.3100004196167, 10.399999618530273, 10.399999618530273, 10.270000457763672, 10.270000457763672, 10.199999809265137, 10.199999809265137, 10.210000038146973, 10.109999656677246, 10.350000381469727]
assets:[0, 100.00004327888489, 203.02448289470675, 303.5829444763184, 403.5826102684021, 503.9521746703148, 603.9525228346824, 679.9382334072113, 769.9054783763886, 869.9051120620727, 982.5123, 1074.9798512077332, 1174.9799638759612, 1284.0576, 1416.0248584939957, 1684.7813612411499, 1668.1573985135078, 1768.1568693566321, 1874.4345, 1932.7803000000001, 2076.70725, 2176.707375, 2274.7725096784593, 2382.8672315909384, 2626.515276377392, 2568.397271699333, 2599.846046279812, 2695.0931468296053, 2795.093047528267, 2738.956773475456, 2852.239477478886, 2952.2393741649626, 3052.23927085104, 3097.3230764868736, 3275.3830598358154, 3359.681143040943, 3372.2904744812968, 3472.2905030854226, 3575.724859564304, 3675.724626433468, 3775.7243933026316, 3875.7241601717947, 4048.489724773407, 4183.83040653801, 4283.8305628700255, 4330.28304601326, 4430.28306747055, 4500.085895850659, 4600.085673980713, 4704.5954685774805, 4758.517011406803, 4971.478818233681]
shares:[0, 9.4518, 18.6261, 27.7752, 36.9243, 46.0651, 55.2059, 64.7252, 74.387, 84.0488, 93.5726, 103.17, 112.7674, 122.2912, 131.5837, 139.8867, 148.8071, 157.7275, 166.6164, 175.7073, 184.5962, 193.4851, 202.3819, 211.2471, 219.6083, 228.5051, 237.6459, 246.8034, 255.9609, 265.6602, 275.3127, 284.9652, 294.6177, 304.4471, 314.0348, 323.6687, 333.5599, 343.4511, 353.3325, 363.2139, 373.0953, 382.9767, 392.676, 402.2914, 411.9068, 421.6439, 431.381, 441.1849, 450.9888, 460.7831, 470.6743, 480.3361]
growth_rate:-2.52
