ticker:DGICA
price:[14.8100004196167, 14.420000076293945, 14.619999885559082, 13.779999732971191, 14.390000343322754, 14.550000190734863, 14.770000457763672, 14.760000228881836, 14.510000228881836, 14.15999984741211, 14.4399995803833, 14.300000190734863, 14.369999885559082, 14.40999984741211, 14.100000381469727, 14.300000190734863, 14.180000305175781, 14.069999694824219, 14.300000190734863, 14.199999809265137, 14.300000190734863, 13.869999885559082, 14.079999923706055, 13.859999656677246, 14.0, 13.699999809265137, 14.569999694824219, 15.029999732971191, 14.699999809265137, 14.979999542236328, 14.960000038146973, 15.25, 16.40999984741211, 16.25, 15.430000305175781, 15.210000038146973, 14.960000038146973, 15.15999984741211, 15.289999961853027, 15.34000015258789, 15.09000015258789, 14.760000228881836, 14.550000190734863, 14.880000114440918, 14.699999809265137, 15.720000267028809, 15.220000267028809, 15.470000267028809, 15.329999923706055, 15.529999732971191, 15.359999656677246, 15.449999809265137]
assets:[0, 99.99981652908325, 201.38611242361068, 289.8154423839569, 402.64516060647964, 507.1227966478348, 614.7909300540924, 714.3751550777436, 802.2753246551514, 882.9227184856414, 1000.3815109295845, 1090.6824645476343, 1196.0208384750367, 1299.34968624115, 1371.397057102585, 1490.8493798851014, 1578.3389659683228, 1666.0947928627013, 1793.3301339196205, 1880.789974737167, 1994.0349265966418, 2034.074319216919, 2164.871796269417, 2231.045530735302, 2353.582, 2403.148476542759, 2655.7568933738708, 2839.6043225504877, 2877.257422667122, 3032.0627593452455, 3128.014831976223, 3288.6518250000004, 3638.804237164688, 3703.3246249999997, 3616.4495255264283, 3664.886013191605, 3704.648033446598, 3854.1752732070922, 3987.225276052284, 4100.263922785569, 4133.440769796753, 4143.047932245827, 4184.1028148490905, 4378.999521678543, 4426.027352571583, 4833.139234098434, 4779.413401852894, 4957.918505578995, 5013.051011051179, 5178.453562959671, 5221.767051284409, 5352.363518923474]
shares:[0, 6.9348, 13.7747, 21.0316, 27.9809, 34.8538, 41.6243, 48.3994, 55.2912, 62.3533, 69.2785, 76.2715, 83.2304, 90.17, 97.2622, 104.2552, 111.3074, 118.4147, 125.4077, 132.45, 139.443, 146.6528, 153.7551, 160.9701, 168.113, 175.4123, 182.2757, 188.9291, 195.7318, 202.4074, 209.0919, 215.6493, 221.7431, 227.8969, 234.3778, 240.9524, 247.6369, 254.2332, 260.7734, 267.2923, 273.9192, 280.6943, 287.5672, 294.2876, 301.0903, 307.4516, 314.0219, 320.486, 327.0092, 333.4484, 339.9588, 346.4313]
growth_rate:4.95
