ticker:DGICB
price:[12.989999771118164, 11.720000267028809, 12.970000267028809, 12.100000381469727, 12.100000381469727, 12.0, 12.75, 12.75, 12.0, 12.289999961853027, 12.550000190734863, 12.550000190734863, 12.770000457763672, 12.199999809265137, 13.300000190734863, 12.170000076293945, 12.170000076293945, 11.8100004196167, 12.569999694824219, 12.75, 12.890000343322754, 12.5, 12.75, 12.5, 12.380000114440918, 12.739999771118164, 13.239999771118164, 13.59000015258789, 14.039999961853027, 14.050000190734863, 14.420000076293945, 13.770000457763672, 14.949999809265137, 14.979999542236328, 15.0, 14.880000114440918, 14.880000114440918, 14.770000457763672, 14.770000457763672, 14.600000381469727, 14.600000381469727, 14.8100004196167, 15.0, 14.359999656677246, 14.15999984741211, 15.170000076293945, 15.329999923706055, 15.550000190734863, 15.550000190734863, 15.5, 15.649999618530273, 15.649999618530273]
assets:[0, 99.99973027839661, 210.6652293372154, 296.53470934867863, 396.5351625013352, 493.25759999999997, 624.0857249999999, 724.08525, 781.4916000000001, 900.3776872053146, 1019.4252204932213, 1119.4248770130157, 1239.0488814159394, 1283.7425399299623, 1499.489901504135, 1472.0892942285536, 1572.0889678554536, 1625.5851457580568, 1830.1944695663453, 1956.402075, 2077.8848123440744, 2115.01625, 2257.3161, 2313.055, 2390.849144101048, 2560.373042001343, 2760.8590362726213, 2933.8432079410554, 3130.990191493034, 3233.2197638923644, 3418.364842086029, 3364.278249840546, 3752.575532123947, 3860.106202041626, 3965.2605000000003, 4033.5379990216256, 4133.537551790714, 4202.980870262146, 4302.981158361435, 4353.45439374733, 4453.45417636013, 4617.510803829479, 4776.75, 4672.942056278038, 4707.858693268204, 5143.660068868828, 5297.911536633491, 5473.942167142868, 5573.942663369465, 5656.0197499999995, 5810.755653362466, 5910.75602092495]
shares:[0, 8.5324, 16.2425, 24.507, 32.7715, 41.1048, 48.9479, 56.791, 65.1243, 73.261, 81.2291, 89.1972, 97.0281, 105.2248, 112.7436, 120.9605, 129.1774, 137.6448, 145.6002, 153.4433, 161.2013, 169.2013, 177.0444, 185.0444, 193.1219, 200.9712, 208.5241, 215.8825, 223.005, 230.1224, 237.0572, 244.3194, 251.0084, 257.684, 264.3507, 271.0711, 277.7915, 284.562, 291.3325, 298.1818, 305.0311, 311.7833, 318.45, 325.4138, 332.4759, 339.0679, 345.5911, 352.022, 358.4529, 364.9045, 371.2943, 377.6841]
growth_rate:15.9
