ticker:DGII
price:[13.579999923706055, 14.880000114440918, 15.390000343322754, 14.579999923706055, 15.649999618530273, 16.68000030517578, 16.719999313354492, 15.859999656677246, 14.729999542236328, 16.1200008392334, 16.700000762939453, 16.81999969482422, 17.799999237060547, 17.450000762939453, 18.790000915527344, 18.93000030517578, 19.700000762939453, 18.899999618530273, 19.0, 19.079999923706055, 19.979999542236328, 18.469999313354492, 24.510000228881836, 24.3700008392334, 23.709999084472656, 23.360000610351562, 17.770000457763672, 19.829999923706055, 20.719999313354492, 19.479999542236328, 19.360000610351562, 18.739999771118164, 18.34000015258789, 18.43000030517578, 17.8700008392334, 17.8700008392334, 18.170000076293945, 18.780000686645508, 18.959999084472656, 18.860000610351562, 19.65999984741211, 19.079999923706055, 19.959999084472656, 20.020000457763672, 20.020000457763672, 19.3700008392334, 19.829999923706055, 20.68000030517578, 20.760000228881836, 20.139999389648438, 20.3799991607666, 22.100000381469727]
assets:[0, 99.99955276908874, 203.42656353807448, 292.7197424682617, 414.20227990379334, 541.4628339065551, 642.7619176034927, 709.7016786370277, 759.1370404083252, 930.7736844575882, 1064.2626586208344, 1171.9099307373046, 1340.190422557068, 1413.8391968151093, 1622.4094760505677, 1734.497244962311, 1905.049173778534, 1927.6865610923767, 2037.8868, 2146.467555417061, 2347.7158802112576, 2270.2861405992508, 3112.708754067421, 3194.9290430242536, 3208.401511112213, 3261.039733204651, 2580.680302479553, 2979.848139535332, 3213.5890135040286, 3121.270586652756, 3202.043428948975, 3199.498900922775, 3231.207250883484, 3347.063140422821, 3345.362442109108, 3445.362966805458, 3603.2036821294787, 3824.169661821556, 3960.823440742493, 4039.932834741211, 4311.298380538559, 4284.1087028694155, 4581.698029846191, 4695.470887363434, 4795.470789649963, 4739.773347357559, 4952.334265946388, 5264.613145690155, 5384.980055370141, 5324.155860649109, 5487.602132024574, 6050.737004442215]
shares:[0, 6.7204, 13.2181, 20.0768, 26.4666, 32.4618, 38.4427, 44.7479, 51.5368, 57.7403, 63.7283, 69.6736, 75.2916, 81.0223, 86.3443, 91.6269, 96.703, 101.994, 107.2572, 112.4983, 117.5033, 122.9175, 126.9975, 131.1009, 135.3185, 139.5993, 145.2268, 150.2697, 155.096, 160.2295, 165.3948, 170.731, 176.1836, 181.6095, 187.2055, 192.8015, 198.3051, 203.6299, 208.9042, 214.2064, 219.2929, 224.534, 229.544, 234.539, 239.534, 244.6966, 249.7395, 254.5751, 259.3921, 264.3573, 269.2641, 273.789]
growth_rate:18.64
