ticker:DGLY
price:[2.049999952316284, 1.9600000381469727, 1.9800000190734863, 2.2300000190734863, 2.140000104904175, 2.299999952316284, 2.2300000190734863, 2.069999933242798, 2.2899999618530273, 2.9200000762939453, 2.5199999809265137, 2.2899999618530273, 2.509999990463257, 2.3399999141693115, 2.5999999046325684, 2.6700000762939453, 2.5999999046325684, 2.3399999141693115, 2.630000114440918, 3.049999952316284, 2.6500000953674316, 2.559999942779541, 2.6700000762939453, 2.569999933242798, 2.390000104904175, 1.9199999570846558, 1.7400000095367432, 1.9900000095367432, 1.840000033378601, 1.6699999570846558, 1.7300000190734863, 1.7300000190734863, 1.659999966621399, 1.7300000190734863, 1.7999999523162842, 1.7100000381469727, 1.6699999570846558, 1.7000000476837158, 1.7400000095367432, 1.809999942779541, 1.9500000476837158, 1.7599999904632568, 1.8799999952316284, 1.7400000095367432, 1.75, 1.590000033378601, 1.5800000429153442, 1.590000033378601, 1.5299999713897705, 1.4299999475479126, 1.3200000524520874, 1.3300000429153442]
assets:[0, 99.99998594627381, 201.0204919364452, 326.40175779175763, 413.2286702567339, 544.1243287191868, 627.5639293676376, 682.5369379882812, 855.0770547560692, 1190.3167151006699, 1127.259495467949, 1124.374638270092, 1332.3930839375735, 1342.1511767701863, 1591.2789816322327, 1734.1212615516663, 1788.6571943924428, 1709.7913712852242, 2021.6887149710656, 2444.543851781988, 2223.94792003479, 2248.4174857439516, 2445.0293408655166, 2453.4550622701167, 2381.6178965362546, 2013.2660669999957, 1924.5224865480898, 2301.034424027324, 2227.5896004096867, 2121.7795344749093, 2298.011271335888, 2398.0113274384025, 2400.981953722036, 2602.2283146899226, 2807.520765626097, 2767.144804729938, 2802.4160729840396, 2952.7589828226564, 3122.2356591126204, 3347.8426831629276, 3706.792140642882, 3445.617453329563, 3780.5459464111445, 3599.0160197257997, 3719.7000749999997, 3479.6133130469325, 3557.728914633644, 3680.246195258784, 3641.3688729082346, 3503.370885497117, 3333.881100476527, 3459.1377936166045]
shares:[0, 51.0204, 101.5255, 146.3685, 193.0975, 236.5758, 281.4188, 329.728, 373.3961, 407.6427, 447.3252, 490.9933, 530.8339, 573.5689, 612.0304, 649.4836, 687.9451, 730.6801, 768.7029, 801.4898, 839.2256, 878.2881, 915.7413, 954.6518, 996.4928, 1048.5761, 1106.0474, 1156.2987, 1210.6465, 1270.5267, 1328.3302, 1386.1337, 1446.3747, 1504.1782, 1559.7338, 1618.2133, 1678.0935, 1736.917, 1794.3883, 1849.6369, 1900.919, 1957.7372, 2010.9287, 2068.4, 2125.5429, 2188.436, 2251.7271, 2314.6202, 2379.9797, 2449.9098, 2525.6674, 2600.8554]
growth_rate:-32.17
