ticker:DGNS
price:[10.829999923706055, 10.920000076293945, 11.270000457763672, 11.4399995803833, 11.5600004196167, 11.829999923706055, 11.420000076293945, 12.609999656677246, 12.890000343322754, 13.0, 12.350000381469727, 12.6899995803833, 12.5, 12.869999885559082, 11.569999694824219, 10.979999542236328, 11.760000228881836, 10.539999961853027, 10.34000015258789, 10.25, 10.449999809265137, 10.279999732971191, 10.170000076293945, 10.279999732971191, 10.130000114440918, 10.029999732971191, 10.010000228881836, 10.0, 10.069999694824219, 10.239999771118164, 10.329999923706055, 10.25, 10.119999885559082, 10.100000381469727, 9.979999542236328, 9.949999809265137, 9.869999885559082, 9.859999656677246, 9.869999885559082, 9.850000381469727, 9.869999885559082, 9.890000343322754]
assets:[0, 99.9999006986618, 203.20487025375365, 306.27052476606366, 409.4829588638306, 519.047161652565, 601.0585860155106, 763.6905822075844, 880.6486904559135, 988.1638, 1038.7560620853426, 1167.3530613994599, 1249.875, 1386.8711876678467, 1346.7826744766237, 1378.1052325458527, 1576.0034946733476, 1512.5068585258484, 1583.8067753723144, 1670.021225, 1802.6072020985603, 1873.282203340435, 1953.2369936529158, 2074.363110117245, 2144.0955642223357, 2222.9297838189123, 2318.497234013176, 2416.181, 2533.0943252334596, 2675.8573481899266, 2799.375230324745, 2877.6957, 2941.1978307397844, 3035.3854346443177, 3099.320793840027, 3190.0047638497354, 3264.3563861503603, 3361.049074969101, 3464.457802830219, 3557.4379577720642, 3664.6608805088995, 3772.0866799447062]
shares:[0, 9.1575, 18.0306, 26.7719, 35.4224, 43.8755, 52.6321, 60.5623, 68.3203, 76.0126, 84.1098, 91.99, 99.99, 107.76, 116.403, 125.5105, 134.0139, 143.5016, 153.1728, 162.9289, 172.4983, 182.2259, 192.0587, 201.7863, 211.658, 221.6281, 231.6181, 241.6181, 251.5486, 261.3142, 270.9947, 280.7508, 290.6322, 300.5332, 310.5532, 320.6035, 330.7352, 340.8772, 351.0089, 361.1612, 371.2929, 381.4041]
growth_rate:-8.0
