ticker:DGNU
price:[10.100000381469727, 10.170000076293945, 10.260000228881836, 10.140000343322754, 10.140000343322754, 10.300000190734863, 10.100000381469727, 10.0, 10.0, 10.050000190734863, 9.9399995803833, 10.050000190734863, 10.579999923706055, 10.020000457763672, 10.0, 10.0, 10.0, 9.899999618530273, 9.880000114440918, 9.789999961853027, 9.850000381469727, 9.8100004196167, 9.800000190734863, 9.789999961853027]
assets:[0, 99.99957675018311, 200.88464848136903, 298.53479210786816, 398.53446149368284, 504.822579348278, 595.0203124734878, 689.1289999999999, 789.1289999999999, 893.0741719492912, 983.2995484900475, 1094.1807057660103, 1251.8837809724807, 1285.6211687335967, 1383.0549999999998, 1483.0549999999998, 1583.0549999999998, 1667.2242857580184, 1763.856660430908, 1847.7890678000451, 1959.113855872345, 2051.1582727370264, 2149.067521826744, 2246.874500244999]
shares:[0, 9.8328, 19.5794, 29.4413, 39.3032, 49.0119, 58.9129, 68.9129, 78.9129, 88.8631, 98.9235, 108.8737, 118.3255, 128.3055, 138.3055, 148.3055, 158.3055, 168.4065, 178.528, 188.7425, 198.8948, 209.0885, 219.2926, 229.5071]
growth_rate:-2.31
