ticker:DGRE
price:[24.684999465942383, 24.344999313354492, 24.834999084472656, 23.708999633789062, 24.125, 24.920000076293945, 24.82900047302246, 25.219999313354492, 24.329999923706055, 26.040000915527344, 26.3700008392334, 26.780000686645508, 26.950000762939453, 27.46500015258789, 27.459999084472656, 27.829999923706055, 27.739999771118164, 28.375, 29.809999465942383, 29.690000534057617, 30.415000915527344, 28.920000076293945, 30.34000015258789, 31.18000030517578, 31.075000762939453, 29.399999618530273, 29.53499984741211, 29.719999313354492, 29.979999542236328, 29.700000762939453, 29.950000762939453, 29.906999588012695, 30.1299991607666, 30.200000762939453, 29.8799991607666, 30.290000915527344, 29.479999542236328, 29.399999618530273, 30.469999313354492, 30.850000381469727, 30.649999618530273, 29.93000030517578, 30.149999618530273, 29.950000762939453, 29.479999542236328, 29.520000457763672, 29.190000534057617, 28.790000915527344, 29.219999313354492, 29.149999618530273, 28.239999771118164, 29.030000686645508]
assets:[0, 99.9995191795349, 202.0128495529175, 292.8535634765625, 397.99253749999997, 511.10670956478117, 609.2391162067414, 718.8330304288864, 793.4669885118484, 949.2335493736267, 1061.263320775032, 1177.7630061981201, 1285.2401463844299, 1409.8004298324586, 1509.544799671173, 1629.8834265317917, 1724.612429770279, 1864.08995, 2058.362577123642, 2150.0756136751174, 2302.579810310364, 2289.399750039673, 2501.8121405822753, 2671.0783781433106, 2762.0827978134157, 2713.202484795761, 2825.6606914016725, 2943.3587679971693, 3069.109515137863, 3140.445410672379, 3266.880193219757, 3362.189754183769, 3487.2611678667067, 3595.364450829315, 3657.2670772790907, 3807.4500860816956, 3805.6321009063727, 3895.3059094577793, 4137.0732977705, 4288.6683330307005, 4360.863555724716, 4358.42160943985, 4490.4565231849665, 4560.669311177445, 4589.098464740753, 4695.324336809921, 4742.835071774483, 4777.841722936249, 4949.2016676979065, 5037.344389079094, 4980.090071636963, 5219.405428454399]
shares:[0, 4.1076, 8.1342, 12.352, 16.4971, 20.5099, 24.5374, 28.5025, 32.6127, 36.4529, 40.2451, 43.9792, 47.6898, 51.3308, 54.9725, 58.5657, 62.1706, 65.6948, 69.0494, 72.4175, 75.7054, 79.1632, 82.4592, 85.6664, 88.8844, 92.2858, 95.6716, 99.0363, 102.3719, 105.7389, 109.0778, 112.4215, 115.7405, 119.0518, 122.3985, 125.6999, 129.092, 132.4934, 135.7753, 139.0168, 142.2794, 145.6205, 148.9372, 152.2761, 155.6682, 159.0557, 162.4815, 165.9549, 169.3772, 172.8077, 176.3488, 179.7935]
growth_rate:2.34
