ticker:DGRS
price:[32.130001068115234, 31.18000030517578, 31.809999465942383, 30.139999389648438, 31.700000762939453, 33.40999984741211, 34.0, 33.93000030517578, 31.780000686645508, 33.849998474121094, 35.900001525878906, 36.33000183105469, 37.59000015258789, 38.52000045776367, 38.79999923706055, 39.47999954223633, 39.52000045776367, 39.54999923706055, 41.29999923706055, 41.72999954223633, 41.939998626708984, 40.56999969482422, 42.40999984741211, 43.650001525878906, 43.65999984741211, 43.75, 45.029998779296875, 48.04999923706055, 46.9900016784668, 46.47999954223633, 46.380001068115234, 46.66999816894531, 47.25, 47.15999984741211, 46.45000076293945, 48.22999954223633, 48.04999923706055, 47.36000061035156, 47.709999084472656, 47.83000183105469, 47.9900016784668, 45.349998474121094, 47.0, 46.4900016784668, 45.90999984741211, 44.66999816894531, 44.790000915527344, 45.290000915527344, 45.9900016784668, 46.47999954223633, 45.470001220703125, 46.45000076293945]
assets:[0, 100.00049697875976, 202.02212560825348, 291.4176260986328, 406.50178978347776, 528.4292625865936, 637.7618, 736.4472636238098, 789.7806870641709, 941.222902571869, 1098.2241266784667, 1211.3766820541382, 1353.3903654937744, 1486.8758696697234, 1597.6830885841368, 1725.6826239910124, 1827.4324851673125, 1928.8178677921296, 2114.163480944824, 2236.1771394699094, 2347.432051135254, 2370.7525591667177, 2578.2735307235716, 2753.660346260071, 2854.2899540245057, 2960.1731250000003, 3146.777368695068, 3457.822095096588, 3481.540913359451, 3543.7560130989073, 3636.1317897388462, 3758.866990524292, 3905.58105, 3998.139899063873, 4037.949661323166, 4292.686994256973, 4376.667815507126, 4413.819448883057, 4546.43848475647, 4657.872115315246, 4773.455089953231, 4610.861324859619, 4878.6235, 4925.685412836075, 4964.234510500717, 4930.151758909607, 5043.394414089203, 5199.695186110687, 5380.062163352585, 5537.3854494644165, 5517.0616751129155, 5735.971244213104]
shares:[0, 3.2072, 6.3509, 9.6688, 12.8234, 15.8165, 18.7577, 21.7049, 24.8515, 27.8057, 30.5912, 33.3437, 36.004, 38.6001, 41.1774, 43.7103, 46.2407, 48.7691, 51.1904, 53.5868, 55.9712, 58.4361, 60.794, 63.085, 65.3754, 67.6611, 69.8818, 71.963, 74.0911, 76.2426, 78.3987, 80.5414, 82.6578, 84.7782, 86.9311, 89.0045, 91.0857, 93.1972, 95.2932, 97.3839, 99.4677, 101.6728, 103.8005, 105.9515, 108.1297, 110.3683, 112.6009, 114.8089, 116.9833, 119.1348, 121.3341, 123.487]
growth_rate:12.47
