ticker:DGRW
price:[49.900001525878906, 49.150001525878906, 49.15999984741211, 48.84000015258789, 49.29999923706055, 51.20000076293945, 51.38999938964844, 50.68000030517578, 47.72999954223633, 51.0099983215332, 52.29999923706055, 51.900001525878906, 52.72999954223633, 53.540000915527344, 53.13999938964844, 53.849998474121094, 53.45000076293945, 53.959999084472656, 54.4900016784668, 54.150001525878906, 54.61000061035156, 53.02000045776367, 54.45000076293945, 55.08000183105469, 54.68000030517578, 53.61000061035156, 54.459999084472656, 55.83000183105469, 55.81999969482422, 57.459999084472656, 57.5, 58.4900016784668, 59.33000183105469, 59.06999969482422, 58.5, 60.08000183105469, 59.68000030517578, 59.29999923706055, 59.459999084472656, 59.77000045776367, 59.70000076293945, 58.13999938964844, 59.38999938964844, 60.349998474121094, 60.58000183105469, 60.529998779296875, 61.33000183105469, 61.29999923706055, 61.470001220703125, 62.36000061035156, 62.33000183105469, 62.18000030517578]
assets:[0, 100.00059310455323, 200.02220737915042, 298.7200929332733, 401.5337037860871, 517.00736770401, 618.9257356491089, 710.3764962776183, 769.0257526245116, 921.8730936660766, 1045.184104753113, 1137.1913134338379, 1255.3800101016998, 1374.6662935066222, 1464.394905180359, 1583.96001011734, 1672.1939638687134, 1788.1480336608886, 1905.7115227020263, 1993.8193011833193, 2110.758438591003, 2149.3035705566404, 2307.269777328873, 2433.9632489135743, 2516.286126043701, 2567.045186225891, 2707.745708480072, 2875.864807319641, 2975.3511157333373, 3162.7649836067203, 3264.9649999999997, 3421.1796311763765, 3570.313386187744, 3654.666788118744, 3719.4007500000002, 3919.8536314651487, 3993.7557804222106, 4068.3238876579285, 4179.30063164978, 4301.091071940995, 4396.051346179581, 4381.1803520065305, 4575.375857978821, 4749.333654918671, 4867.433523120118, 4963.417528903198, 5129.015787130737, 5226.505364950943, 5340.999319064331, 5518.3299940109255, 5615.67761197052, 5702.1609659858705]
shares:[0, 2.0346, 4.0688, 6.1163, 8.1447, 10.0978, 12.0437, 14.0169, 16.112, 18.0724, 19.9844, 21.9112, 23.8077, 25.6755, 27.5573, 29.4143, 31.2852, 33.1384, 34.9736, 36.8203, 38.6515, 40.5376, 42.3741, 44.1896, 46.0184, 47.8837, 49.7199, 51.5111, 53.3026, 55.0429, 56.782, 58.4917, 60.1772, 61.8701, 63.5795, 65.2439, 66.9195, 68.6058, 70.2876, 71.9607, 73.6357, 75.3557, 77.0395, 78.6965, 80.3472, 81.9993, 83.6298, 85.2611, 86.8879, 88.4915, 90.0959, 91.7041]
growth_rate:11.81
