ticker:DHBCU
price:[10.050000190734863, 9.979999542236328, 9.930000305175781, 9.90999984741211, 9.9399995803833, 9.989999771118164, 10.029999732971191, 10.010000228881836, 9.979999542236328, 10.0, 10.010000228881836, 10.020000457763672, 9.970000267028809, 9.989999771118164, 10.0, 9.970000267028809, 9.979999542236328, 10.0, 10.0, 10.0, 9.949999809265137, 9.949999809265137, 9.925000190734863, 9.949999809265137, 9.850000381469727, 9.829999923706055]
assets:[0, 99.999595413208, 199.49867113113402, 299.0966783946991, 400.0024811139107, 502.01447149829863, 604.0246379190445, 702.8201340702057, 800.7133272727967, 902.3180000000001, 1003.2202409389496, 1104.2220864463807, 1198.712075105381, 1301.1165511899947, 1402.4189999999999, 1498.211880126953, 1599.7140866241455, 1702.92, 1802.92, 1902.92, 1993.4058467877387, 2093.406329870796, 2188.146927050972, 2293.6590310320853, 2370.6074718086243, 2465.793551862145]
shares:[0, 10.02, 20.0905, 30.1813, 40.2417, 50.2517, 60.2218, 70.2118, 80.2318, 90.2318, 100.2218, 110.2018, 120.2319, 130.2419, 140.2419, 150.272, 160.292, 170.292, 180.292, 190.292, 200.3423, 210.3926, 220.4682, 230.5185, 240.6708, 250.8437]
growth_rate:-1.37
