ticker:DHC
price:[3.950000047683716, 3.700000047683716, 3.6700000762939453, 3.309999942779541, 3.619999885559082, 3.559999942779541, 3.4800000190734863, 3.3399999141693115, 2.9000000953674316, 2.990000009536743, 4.010000228881836, 4.630000114440918, 4.949999809265137, 4.769999980926514, 4.190000057220459, 4.159999847412109, 4.159999847412109, 4.119999885559082, 4.25, 4.650000095367432, 4.420000076293945, 4.019999980926514, 4.429999828338623, 4.480000019073486, 4.360000133514404, 4.5, 4.800000190734863, 5.380000114440918, 5.159999847412109, 4.909999847412109, 4.75, 4.739999771118164, 4.610000133514404, 4.420000076293945, 4.420000076293945, 3.950000047683716, 3.640000104904175, 3.5999999046325684, 3.630000114440918, 3.6500000953674316, 4.050000190734863, 4.03000020980835, 4.130000114440918, 4.210000038146973, 4.119999885559082, 4.050000190734863, 3.940000057220459, 3.9000000953674316, 4.0, 3.7799999713897705, 3.559999942779541, 3.740000009536743]
assets:[0, 99.9999012887478, 199.18925414085388, 279.6503101656437, 405.8410831699371, 499.1144839776516, 587.8983272222042, 664.2471589303017, 676.7417022548675, 797.7439625444412, 1169.884283774376, 1450.7642358589171, 1651.0328363819121, 1690.995521238327, 1585.3816346506596, 1674.0305305969239, 1774.0306869289398, 1856.9725284190179, 2015.566325, 2305.2668422790052, 2291.242733549309, 2183.8903156382084, 2506.6254738688945, 2634.916939218092, 2664.3389655889036, 2849.89095, 3139.883644767761, 3619.286400987816, 3571.285430392456, 3498.258033284759, 3484.2618, 3576.9261192798617, 3578.8251616496086, 3531.3245849544523, 3631.3244346805573, 3345.188285382533, 3182.6544757235524, 3247.680153965855, 3374.7443143936157, 3493.3380762741563, 3976.169902257824, 4056.5345371897697, 4257.192966965389, 4439.656803227902, 4444.746928538609, 4469.229885478497, 4447.843212595844, 4502.687390105057, 4718.1408, 4558.642921496344, 4393.32508538537, 4715.4597060240985]
shares:[0, 27.027, 54.275, 84.4865, 112.1108, 140.2007, 168.9363, 198.8764, 233.3592, 266.804, 291.7417, 313.34, 333.542, 354.5064, 378.3727, 402.4112, 426.4497, 450.7215, 474.2509, 495.7563, 518.3807, 543.2563, 565.8297, 588.1511, 611.0869, 633.3091, 654.1424, 672.7298, 692.1096, 712.4762, 733.5288, 754.6258, 776.3178, 798.9422, 821.5666, 846.8831, 874.3556, 902.1334, 929.6816, 957.0789, 981.7703, 1006.5842, 1030.7973, 1054.5503, 1078.8221, 1103.5135, 1128.8942, 1154.5352, 1179.5352, 1205.9902, 1234.0801, 1260.8181]
growth_rate:-7.54
