ticker:DHCAU
price:[10.010000228881836, 10.0, 9.949999809265137, 9.892000198364258, 9.9399995803833, 9.970000267028809, 10.039999961853027, 9.979999542236328, 9.949999809265137, 9.9399995803833, 9.979999542236328, 9.949999809265137, 9.9399995803833, 9.9399995803833, 10.039999961853027, 9.960000038146973, 9.970000267028809, 10.199999809265137, 10.140000343322754, 10.149999618530273, 10.069999694824219, 10.0600004196167, 10.0, 9.986000061035156, 9.949999809265137, 9.850000381469727, 9.930000305175781]
assets:[0, 100.0, 199.50048117570879, 298.3377799825669, 399.78578912305835, 500.99251341819763, 604.5104057031632, 700.8973638511658, 798.7909596877098, 897.9885080914498, 1001.6017360584259, 1098.591418940735, 1197.4876534481048, 1297.4880252265932, 1410.5416826406479, 1499.3027097423553, 1600.808167874813, 1737.737247505188, 1827.515023876476, 1929.3170024900437, 2014.1107089614868, 2112.1111720991134, 2199.514, 2296.434498435974, 2388.1561692206383, 2464.1548954315185, 2584.168384418487]
shares:[0, 10.0, 20.0503, 30.1595, 40.2199, 50.25, 60.2102, 70.2302, 80.2805, 90.3409, 100.3609, 110.4112, 120.4716, 130.532, 140.4922, 150.5324, 160.5625, 170.3664, 180.2283, 190.0805, 200.011, 209.9514, 219.9514, 229.9654, 240.0157, 250.168, 260.2385]
growth_rate:-0.61
