ticker:DHCNI
price:[18.950000762939453, 18.959999084472656, 18.940000534057617, 18.780000686645508, 19.020000457763672, 19.520000457763672, 18.719999313354492, 19.329999923706055, 18.760000228881836, 18.600000381469727, 19.799999237060547, 21.549999237060547, 22.25, 23.149999618530273, 23.43000030517578, 23.700000762939453, 23.0, 23.579999923706055, 23.239999771118164, 23.309999465942383, 23.670000076293945, 23.559999465942383, 23.420000076293945, 23.100000381469727, 23.3700008392334, 20.299999237060547, 21.479999542236328, 22.84000015258789, 22.8799991607666, 23.170000076293945, 23.18000030517578, 23.280000686645508, 23.190000534057617, 23.100000381469727, 22.799999237060547, 23.06999969482422, 22.920000076293945, 22.950000762939453, 23.15999984741211, 23.270000457763672, 23.350000381469727, 23.6200008392334, 24.190000534057617, 24.299999237060547, 24.549999237060547, 24.31999969482422, 24.110000610351562, 24.5, 24.299999237060547, 24.540000915527344, 24.190000534057617, 24.399999618530273]
assets:[0, 100.00072317123413, 199.8946596364975, 298.2057529031753, 402.0162396755219, 512.5854520206451, 591.5781863010407, 710.8549481943131, 789.8935616371156, 883.1559181127548, 1040.1335599212646, 1232.0651763809205, 1372.0863, 1527.587449828148, 1646.0629564399717, 1765.0314868190765, 1812.8991, 1958.6161016628266, 2030.3742000036239, 2136.4896560506822, 2269.4867083150866, 2358.9402345275876, 2444.9238819646835, 2511.5175114748, 2640.87319383564, 2393.9545500274658, 2633.1107078853606, 2899.8258033729553, 3004.9035057807923, 3142.989657349205, 3244.347018713379, 3358.3426350545883, 3445.3592503454206, 3531.9877483266832, 3586.1184000003814, 3728.5848856773373, 3804.341832663536, 3909.321489959717, 4045.0931493492126, 4164.306201919555, 4278.623714900016, 4428.098245333099, 4634.956499328804, 4756.032300676346, 4904.962187568664, 4959.008449772644, 5016.1892999862675, 5197.3295499999995, 5254.901565013504, 5406.802695714569, 5429.687519874573, 5576.82487281189]
shares:[0, 5.2743, 10.5541, 15.8789, 21.1365, 26.2595, 31.6014, 36.7747, 42.1052, 47.4815, 52.532, 57.1724, 61.6668, 65.9865, 70.2545, 74.4739, 78.8217, 83.0626, 87.3655, 91.6555, 95.8803, 100.1248, 104.3947, 108.7237, 113.0027, 117.9288, 122.5843, 126.9626, 131.3332, 135.6491, 139.9632, 144.2587, 148.5709, 152.8999, 157.2859, 161.6205, 165.9835, 170.3408, 174.6586, 178.956, 183.2387, 187.4724, 191.6063, 195.7215, 199.7948, 203.9066, 208.0543, 212.1359, 216.2511, 220.3261, 224.46, 228.5584]
growth_rate:9.35
