ticker:DHHC
price:[9.75, 9.979999542236328, 9.819999694824219, 9.800000190734863, 9.75, 9.739999771118164, 9.75, 9.649999618530273, 9.680000305175781, 9.739999771118164, 9.729999542236328, 9.779999732971191, 9.729999542236328, 9.699999809265137, 9.649999618530273, 9.699999809265137, 9.680000305175781, 9.75, 9.65999984741211, 9.640000343322754, 9.640000343322754, 9.645000457763672]
assets:[0, 99.999595413208, 198.39639983444212, 297.99252579975126, 396.47205, 496.0650063428879, 596.574225, 690.4555427059174, 792.602296987915, 897.5146809091568, 996.5932571136475, 1101.7140359192847, 1196.0815997283935, 1292.3940245871545, 1385.7322252212523, 1492.9124206442834, 1589.8345381217957, 1701.331125, 1785.6268217945099, 1881.9295430237771, 1981.9291225852014, 2082.957446859741]
shares:[0, 10.02, 20.2033, 30.4074, 40.6638, 50.9307, 61.1871, 71.5498, 81.8804, 92.1473, 102.4248, 112.6497, 122.9272, 133.2365, 143.5992, 153.9085, 164.2391, 174.4955, 184.8475, 195.2209, 205.5943, 215.9624]
growth_rate:-0.81
