ticker:DHHCU
price:[10.850000381469727, 10.970000267028809, 10.800000190734863, 10.760000228881836, 10.5, 10.239999771118164, 10.15999984741211, 10.020000457763672, 9.9399995803833, 9.989999771118164, 10.140000343322754, 10.017000198364258, 9.930000305175781, 10.039999961853027, 10.0, 10.0, 9.930000305175781, 9.970000267028809, 9.95199966430664, 9.989999771118164, 9.979999542236328, 9.970000267028809, 9.979999542236328, 9.989999771118164, 9.949999809265137, 10.0, 9.989999771118164, 9.970000267028809, 9.920000076293945, 9.850000381469727, 9.850000381469727, 9.829999923706055]
assets:[0, 100.00032843418121, 198.45108350477219, 297.71629433288575, 390.5223, 480.85195725212094, 577.095103332901, 669.1426445697784, 763.8005017561912, 867.6424691213608, 980.6698532037734, 1068.7738531646728, 1159.4913806343077, 1272.33606316576, 1367.2669999999998, 1467.2669999999998, 1556.996243850708, 1663.2682255476952, 1760.2649166240692, 1866.9861022253037, 1965.1167998638152, 2063.1479872577665, 2165.2167886856078, 2267.3862920516967, 2358.3081597928044, 2470.1589999999997, 2567.6886821714397, 2662.5483913116454, 2749.1950931438446, 2829.7957745920185, 2929.795933464813, 3023.8465795309066]
shares:[0, 9.1158, 18.3751, 27.6688, 37.1926, 46.9582, 56.8007, 66.7807, 76.8411, 86.8511, 96.713, 106.696, 116.7665, 126.7267, 136.7267, 146.7267, 156.7972, 166.8273, 176.8755, 186.8855, 196.9055, 206.9356, 216.9556, 226.9656, 237.0159, 247.0159, 257.0259, 267.056, 277.1366, 287.2889, 297.4412, 307.6141]
growth_rate:-2.46
