ticker:DHIL
price:[125.19999694824219, 122.5, 126.12000274658203, 124.62999725341797, 133.83999633789062, 148.3000030517578, 139.88999938964844, 143.9499969482422, 136.94000244140625, 140.75999450683594, 149.6999969482422, 156.88999938964844, 143.80999755859375, 152.75, 143.64999389648438, 148.99000549316406, 153.0, 149.27000427246094, 156.64999389648438, 152.00999450683594, 153.5399932861328, 148.22999572753906, 141.50999450683594, 144.0500030517578, 143.6999969482422, 141.85000610351562, 156.6999969482422, 171.5399932861328, 167.67999267578125, 161.75, 160.52000427246094, 165.91000366210938, 162.5, 159.39999389648438, 171.0, 178.42999267578125, 177.89999389648438, 176.5800018310547, 175.41000366210938, 173.8699951171875, 177.35000610351562, 169.8000030517578, 171.83999633789062, 165.88999938964844, 167.4199981689453, 165.0, 164.9499969482422, 172.25, 179.6999969482422, 177.4199981689453, 179.60000610351562, 184.60000610351562]
assets:[0, 99.99675, 202.9523084197998, 300.5577013763428, 422.7737804321289, 568.4487416976929, 636.2057282241822, 754.6722540008545, 817.9152465820313, 940.727195288086, 1100.474617565918, 1253.3314491241456, 1248.846018798828, 1426.4864249999998, 1441.4989587524415, 1595.0869988098143, 1738.0188, 1795.643516395569, 1984.4264576812743, 2025.6547847991942, 2146.043840159607, 2171.821428401184, 2173.367099633789, 2312.3770789886476, 2406.7593988876342, 2475.77908152771, 2834.969334788513, 3203.4579126205444, 3231.377906854248, 3217.094275, 3292.6344836380003, 3503.189727325439, 3531.19, 3563.8331835388185, 3923.1845999999996, 4193.640117858887, 4281.181143118286, 4349.41265710144, 4420.595207290649, 4481.777316137695, 4671.487835769653, 4572.612202182007, 4727.54169125061, 4663.848031840515, 4806.8625354278565, 4837.3875, 4935.914223680114, 5254.365675, 5581.625665209961, 5610.800990093994, 5779.743716418457, 6040.647539724732]
shares:[0, 0.8163, 1.6092, 2.4116, 3.1588, 3.8331, 4.5479, 5.2426, 5.9728, 6.6832, 7.3512, 7.9886, 8.684, 9.3387, 10.0348, 10.706, 11.3596, 12.0295, 12.6679, 13.3258, 13.9771, 14.6517, 15.3584, 16.0526, 16.7485, 17.4535, 18.0917, 18.6747, 19.2711, 19.8893, 20.5123, 21.115, 21.7304, 22.3578, 22.9426, 23.503, 24.0651, 24.6314, 25.2015, 25.7766, 26.3405, 26.9294, 27.5113, 28.1141, 28.7114, 29.3175, 29.9237, 30.5043, 31.0608, 31.6244, 32.1812, 32.7229]
growth_rate:18.44
