ticker:DIOD
price:[48.029998779296875, 48.310001373291016, 49.209999084472656, 50.81999969482422, 57.779998779296875, 63.470001220703125, 62.02000045776367, 62.22999954223633, 57.83000183105469, 62.93000030517578, 64.30000305175781, 62.189998626708984, 66.45999908447266, 72.12000274658203, 67.66999816894531, 67.66999816894531, 68.37000274658203, 70.5, 77.04000091552734, 76.94000244140625, 79.86000061035156, 70.77999877929688, 75.55999755859375, 82.13999938964844, 84.0999984741211, 78.5199966430664, 76.81999969482422, 83.47000122070312, 88.9000015258789, 80.44999694824219, 82.62000274658203, 79.69999694824219, 81.36000061035156, 82.44000244140625, 76.80999755859375, 74.55999755859375, 71.52999877929688, 74.45999908447266, 75.66999816894531, 76.7300033569336, 77.05000305175781, 75.0, 77.73999786376953, 79.80999755859375, 76.66999816894531, 73.55000305175781, 77.19999694824219, 82.0, 89.98999786376953, 90.69999694824219, 90.2300033569336, 97.95999908447266]
assets:[0, 100.00170284271239, 201.86433724441528, 308.46723414764404, 450.7128804779053, 595.0947314453125, 681.5005730300903, 783.8055132343292, 828.3858612289429, 1001.4428528564454, 1123.243893310547, 1186.3861658020019, 1367.846471157074, 1584.3394323371888, 1586.584010069275, 1686.5867333633423, 1804.0314034721373, 1960.23135, 2242.0720346443177, 2339.1607302246093, 2527.9363753204343, 2340.5105316345216, 2598.576320037842, 2924.8657402664185, 3094.661283851624, 2989.334792198181, 3024.6108019844055, 3386.4363785247806, 3706.7389036224363, 3454.410238961792, 3647.59050125885, 3618.674751438904, 3794.0446364624027, 3944.407868811035, 3775.0347170104983, 3764.452260736084, 3711.4698936614986, 3963.498305266571, 4127.904338113403, 4285.731318500519, 4403.608004415893, 4386.4425, 4646.690700312805, 4870.421063012695, 4778.802650871277, 4684.333499363709, 5016.795481683349, 5428.719800000001, 6057.685705199432, 6205.476111206054, 6273.322190393828, 6910.754667412567]
shares:[0, 2.07, 4.1021, 6.0698, 7.8005, 9.376, 10.9884, 12.5953, 14.3245, 15.9136, 17.4688, 19.0768, 20.5815, 21.9681, 23.4459, 24.9237, 26.3863, 27.8047, 29.1027, 30.4024, 31.6546, 33.0674, 34.3909, 35.6083, 36.7974, 38.071, 39.3727, 40.5707, 41.6956, 42.9386, 44.149, 45.4037, 46.6328, 47.8458, 49.1477, 50.4889, 51.8869, 53.2299, 54.5514, 55.8547, 57.1526, 58.4859, 59.7722, 61.0252, 62.3295, 63.6891, 64.9844, 66.2039, 67.3151, 68.4176, 69.5259, 70.5467]
growth_rate:35.5
