ticker:DISAU
price:[9.850000381469727, 9.930000305175781, 9.970000267028809, 9.989999771118164, 9.949999809265137, 9.958999633789062, 9.996000289916992, 9.979999542236328, 9.960000038146973, 9.96500015258789, 9.970000267028809, 9.9399995803833, 9.96500015258789, 9.979999542236328, 9.975000381469727, 9.972000122070312, 9.975000381469727, 9.989999771118164, 9.979999542236328, 9.979999542236328, 9.958000183105469, 9.90999984741211, 9.91100025177002, 9.859999656677246, 9.859999656677246]
assets:[0, 100.0000680732727, 200.40298736743927, 300.8048871082306, 399.6009473399162, 499.9626955154419, 601.8201930547714, 700.8564458530426, 799.4523510619164, 899.8534647789002, 1000.305081791401, 1097.2954396777154, 1200.055073375702, 1301.8610002861024, 1401.2092510858538, 1500.7880127716064, 1601.2399287355422, 1703.6476079675674, 1801.9418113483428, 1901.941406761551, 1997.7491017341615, 2088.119220848465, 2188.330024690342, 2277.0693067130087, 2377.0694232310293]
shares:[0, 10.0705, 20.1006, 30.1106, 40.1609, 50.2021, 60.2061, 70.2261, 80.2663, 90.3014, 100.3315, 110.3919, 120.427, 130.447, 140.4721, 150.5002, 160.5253, 170.5353, 180.5553, 190.5753, 200.6175, 210.7083, 220.7981, 230.9401, 241.0821]
growth_rate:-0.96
