ticker:DISCA
price:[22.809999465942383, 22.829999923706055, 23.8799991607666, 21.329999923706055, 21.5, 22.239999771118164, 20.959999084472656, 21.100000381469727, 20.239999771118164, 20.93000030517578, 23.1200008392334, 25.489999771118164, 27.479999542236328, 28.479999542236328, 28.93000030517578, 27.799999237060547, 28.56999969482422, 30.09000015258789, 34.630001068115234, 36.7599983215332, 37.4900016784668, 41.41999816894531, 42.66999816894531, 47.79999923706055, 50.790000915527344, 53.029998779296875, 64.25, 71.0999984741211, 77.2699966430664, 41.900001525878906, 43.310001373291016, 42.0, 37.34000015258789, 38.400001525878906, 37.65999984741211, 37.560001373291016, 35.650001525878906, 31.469999313354492, 32.11000061035156, 31.549999237060547, 30.790000915527344, 29.079999923706055, 30.860000610351562, 31.139999389648438, 29.299999237060547, 28.18000030517578, 28.469999313354492, 29.010000228881836, 29.040000915527344, 28.420000076293945, 28.06999969482422, 28.280000686645508]
assets:[0, 99.99996566581727, 204.5990568096161, 282.75047898864744, 385.0048, 498.2560588722229, 569.5795911209107, 673.3833021741867, 745.9370955646515, 871.3661447052001, 1062.5420625692368, 1271.4615805831909, 1470.7240795005798, 1624.24285389328, 1749.9062864593507, 1781.554611107254, 1930.9005723747255, 2133.630757819748, 2555.555558822632, 2812.739059569931, 2968.5970459072114, 3379.7890105895995, 3581.7879182983397, 4112.410794361495, 4469.652134568787, 4766.776439273071, 5875.321975, 6601.720178320313, 7274.614741960144, 4044.6909472961424, 4280.79951473732, 4251.3198, 3879.626015853882, 4089.761442512512, 4110.946753343582, 4200.030717564011, 4086.449159906769, 3707.3075341100694, 3882.702741802979, 3914.988925328064, 3920.681714579773, 3802.9369900226593, 4135.715325796509, 4273.239354243469, 4120.743102700424, 4063.226338002777, 4205.041674581908, 4384.800613595009, 4489.334397532653, 4493.486212062836, 4538.147025661469, 4672.099321439743]
shares:[0, 4.3802, 8.5678, 13.256, 17.9072, 22.4036, 27.1746, 31.9139, 36.8546, 41.6324, 45.9577, 49.8808, 53.5198, 57.031, 60.4876, 64.0847, 67.5849, 70.9083, 73.796, 76.5163, 79.1837, 81.598, 83.9416, 86.0337, 88.0026, 89.8883, 91.4447, 92.8512, 94.1454, 96.532, 98.8409, 101.2219, 103.9, 106.5042, 109.1595, 111.8219, 114.6269, 117.8045, 120.9188, 124.0884, 127.3362, 130.775, 134.0154, 137.2267, 140.6397, 144.1883, 147.7008, 151.1479, 154.5914, 158.11, 161.6725, 165.2086]
growth_rate:-8.39
