ticker:DISCB
price:[36.849998474121094, 36.599998474121094, 35.5, 33.65999984741211, 33.5099983215332, 33.04999923706055, 33.369998931884766, 33.81999969482422, 32.70000076293945, 31.049999237060547, 30.389999389648438, 31.0, 31.549999237060547, 32.290000915527344, 32.709999084472656, 30.299999237060547, 31.510000228881836, 32.400001525878906, 35.95000076293945, 37.599998474121094, 40.04999923706055, 44.93000030517578, 42.66999816894531, 48.099998474121094, 52.70000076293945, 56.380001068115234, 68.06999969482422, 74.9000015258789, 83.69999694824219, 51.68000030517578, 111.16999816894531, 77.0, 83.6500015258789, 83.3499984741211, 80.80000305175781, 76.27999877929688, 70.44000244140625, 70.88999938964844, 69.9000015258789, 69.05000305175781, 70.25, 67.9000015258789, 66.0, 63.970001220703125, 58.5, 57.150001525878906, 54.54999923706055, 52.0, 43.86000061035156, 42.0, 38.16999816894531, 43.06999969482422]
assets:[0, 99.99851583099365, 196.99305, 286.7831986999512, 385.50572269058233, 480.213183914566, 584.8626232795715, 692.7485817489624, 769.8070679607391, 830.9631845821381, 913.3015346572877, 1031.6335000000001, 1149.9375271923063, 1276.908086204529, 1393.517922996521, 1390.8457149791718, 1546.3879222326277, 1690.0650795936585, 1975.2404369190215, 2165.8990321037295, 2407.028984146881, 2800.3206780204773, 2759.4645145858763, 3210.6219881492616, 3617.665332373047, 3970.285313216782, 4893.497822061157, 5484.500181731415, 6228.870072891235, 3945.9747433013918, 8588.271453544618, 6048.5194, 6670.895226685333, 6746.974001483918, 6640.556330809021, 6369.08240607605, 5981.4621153137205, 6119.671354310608, 6134.207443906403, 6159.612427232361, 6366.65915, 6253.685200535583, 6178.6956, 6088.651922186279, 5668.0182, 5637.219000511169, 5480.758433345794, 5324.555600000001, 4591.058721888732, 4496.3646, 4186.34035317688, 4823.753825820923]
shares:[0, 2.7322, 5.5491, 8.52, 11.5042, 14.5299, 17.5266, 20.4834, 23.5415, 26.7621, 30.0527, 33.2785, 36.4481, 39.545, 42.6022, 45.9025, 49.0761, 52.1625, 54.9441, 57.6037, 60.1006, 62.3263, 64.6699, 66.7489, 68.6464, 70.4201, 71.8892, 73.2243, 74.419, 76.354, 77.2535, 78.5522, 79.7477, 80.9475, 82.1851, 83.4961, 84.9157, 86.3263, 87.7569, 89.2051, 90.6286, 92.1014, 93.6166, 95.1798, 96.8892, 98.639, 100.4722, 102.3953, 104.6753, 107.0563, 109.6762, 111.998]
growth_rate:-5.42
