ticker:DISCK
price:[20.440000534057617, 20.690000534057617, 21.790000915527344, 19.200000762939453, 19.389999389648438, 19.969999313354492, 18.979999542236328, 19.110000610351562, 18.31999969482422, 18.8799991607666, 20.899999618530273, 22.889999389648438, 24.549999237060547, 25.219999313354492, 25.479999542236328, 24.520000457763672, 25.139999389648438, 26.190000534057617, 30.15999984741211, 32.349998474121094, 32.88999938964844, 35.029998779296875, 36.41999816894531, 40.75, 42.79999923706055, 45.0, 53.0, 59.70000076293945, 66.0, 35.959999084472656, 37.08000183105469, 35.7400016784668, 32.25, 32.45000076293945, 32.310001373291016, 32.619998931884766, 30.739999771118164, 29.100000381469727, 30.049999237060547, 29.549999237060547, 28.940000534057617, 27.329999923706055, 29.260000228881836, 29.329999923706055, 27.770000457763672, 26.520000457763672, 26.829999923706055, 27.110000610351562, 27.280000686645508, 26.989999771118164, 26.81999969482422, 27.149999618530273]
assets:[0, 100.0009795812607, 205.31846262664794, 280.91329116249085, 383.6931859222412, 495.170111974144, 570.6222982376098, 674.5314245437622, 746.646243562317, 869.4692733512878, 1062.4953706071854, 1263.6607283050537, 1455.301859773636, 1595.0186805736541, 1711.4609932525636, 1746.9789246143341, 1891.1514260864258, 2070.1388312135696, 2483.9383794330597, 2764.3041346138, 2910.4459129898073, 3199.815238494873, 3426.7831217147827, 3934.1965250000003, 4232.111004559708, 4549.6485, 5458.4753, 6248.506549853134, 7007.8998, 3918.2446522430423, 4140.282552452088, 4090.661206110764, 3791.210025, 3914.7226620399474, 3997.832785922241, 4136.189768563842, 3997.807672233391, 3884.5212209218976, 4111.335720617294, 4142.927623035431, 4157.404716720581, 4026.1189387607574, 4410.435910499954, 4520.987781239891, 4380.525959209061, 4283.34604993515, 4433.416017393112, 4579.684270106506, 4708.402630511857, 4758.350454648018, 4828.380407059479, 4987.788874919319]
shares:[0, 4.8333, 9.4226, 14.6309, 19.7882, 24.7957, 30.0644, 35.2973, 40.7558, 46.0524, 50.8371, 55.2058, 59.2791, 63.2442, 67.1688, 71.2471, 75.2248, 79.0431, 82.3587, 85.4499, 88.4903, 91.345, 94.0907, 96.5447, 98.8811, 101.1033, 102.9901, 104.6651, 106.1803, 108.9612, 111.6581, 114.4561, 117.5569, 120.6386, 123.7336, 126.7992, 130.0523, 133.4887, 136.8165, 140.2006, 143.656, 147.315, 150.7326, 154.1421, 157.7431, 161.5138, 165.241, 168.9297, 172.5954, 176.3005, 180.0291, 183.7123]
growth_rate:-2.2
