ticker:DISH
price:[33.779998779296875, 32.099998474121094, 31.059999465942383, 28.549999237060547, 28.549999237060547, 27.329999923706055, 27.65999984741211, 27.239999771118164, 25.489999771118164, 27.709999084472656, 31.540000915527344, 33.9900016784668, 35.90999984741211, 36.439998626708984, 36.0099983215332, 30.489999771118164, 31.059999465942383, 32.34000015258789, 33.15999984741211, 33.119998931884766, 30.719999313354492, 29.020000457763672, 31.209999084472656, 31.360000610351562, 33.66999816894531, 31.510000228881836, 33.810001373291016, 37.27000045776367, 37.279998779296875, 36.119998931884766, 36.79999923706055, 37.560001373291016, 38.0099983215332, 42.47999954223633, 44.790000915527344, 46.529998779296875, 45.81999969482422, 44.04999923706055, 43.52000045776367, 45.11000061035156, 40.06999969482422, 40.040000915527344, 42.40999984741211, 42.58000183105469, 41.5, 39.45000076293945, 41.68000030517578, 41.88999938964844, 41.970001220703125, 42.7400016784668, 42.880001068115234, 43.150001525878906]
assets:[0, 100.00112524642944, 196.7619906167984, 280.86061749458315, 380.8598448223114, 464.58540170307157, 570.1943008544922, 661.5370144414901, 719.0372075435639, 881.6601248703003, 1103.5215520324707, 1289.2407636642456, 1462.0648707874298, 1583.642256318283, 1664.9546813945772, 1509.7336816667557, 1637.9583898363114, 1805.458124518585, 1951.2371870212555, 2048.882621923828, 2000.4126272872923, 1989.7128013858796, 2239.8667302947997, 2350.632749749756, 2623.7817453125, 2555.461018562317, 2841.990952435684, 3232.829655706787, 3333.69678684082, 3329.9641055286406, 3492.654807590103, 3664.7856739940644, 3808.6930558135987, 4356.595825053406, 4693.499405937195, 4975.834315460205, 4999.910440699005, 4906.764655015564, 4947.7279240425105, 5228.492664743042, 4744.328033866882, 4840.776050685882, 5227.303905192566, 5348.256871989441, 5312.60175, 5150.173929601287, 5541.297688572693, 5669.216579397584, 5780.045613113403, 5986.087703083038, 6105.696216089248, 6244.14179080658]
shares:[0, 3.1153, 6.3349, 9.8375, 13.3401, 16.9991, 20.6144, 24.2855, 28.2086, 31.8174, 34.988, 37.93, 40.7147, 43.4589, 46.2359, 49.5157, 52.7353, 55.8274, 58.8431, 61.8624, 65.1176, 68.5635, 71.7676, 74.9564, 77.9264, 81.1, 84.0577, 86.7408, 89.4232, 92.1917, 94.9091, 97.5715, 100.2024, 102.5564, 104.789, 106.9382, 109.1207, 111.3908, 113.6886, 115.9054, 118.401, 120.8985, 123.2564, 125.6049, 128.0145, 130.5494, 132.9486, 135.3358, 137.7185, 140.0582, 142.3903, 144.7078]
growth_rate:22.43
