ticker:DJCO
price:[277.0, 253.5, 256.239990234375, 252.8000030517578, 244.8000030517578, 251.8000030517578, 260.989990234375, 275.1600036621094, 271.20001220703125, 275.0, 270.3999938964844, 268.3999938964844, 273.79998779296875, 268.0, 301.20001220703125, 315.20001220703125, 354.0199890136719, 404.0, 377.20001220703125, 335.67999267578125, 340.0, 334.0, 335.510009765625, 329.05999755859375, 341.30999755859375, 342.29998779296875, 332.510009765625, 323.9100036621094, 314.8800048828125, 316.25, 323.82000732421875, 317.3399963378906, 315.010009765625, 309.739990234375, 305.19000244140625, 306.9800109863281, 306.0, 303.0, 319.5, 330.70001220703125, 337.9700012207031, 341.0, 360.0, 330.2200012207031, 319.69000244140625, 316.3399963378906, 340.0, 333.0, 343.0, 321.1499938964844, 315.010009765625, 329.8999938964844]
assets:[0, 100.00575, 201.09714433593751, 298.4051236022949, 388.96272484893797, 500.074806060791, 618.3374848632812, 751.9022260070801, 841.0725978576661, 952.8475000000001, 1036.9028565948488, 1129.2392943206787, 1251.9504441833496, 1325.4207999999999, 1589.613184423828, 1763.512548297119, 2080.717083428955, 2474.4596, 2410.3080780029295, 2244.9942230163574, 2373.88, 2431.9876, 2542.998119018555, 2594.111584753418, 2790.6870640380857, 2898.767446624756, 2915.846777636719, 2940.4226222442626, 2958.455085876465, 3071.3251250000003, 3244.838383392334, 3279.8992661499024, 3355.8331350341796, 3399.7061328125, 3449.7762305969236, 3570.024037765503, 3658.6278, 3722.7489, 4025.47635, 4266.592347491455, 4460.392888110351, 4600.3969, 4956.732, 4646.690747177124, 4598.51690211792, 4650.324482165527, 5098.13, 5093.1684000000005, 5346.1008999999995, 5105.54625796814, 5107.950310351563, 5449.387069180298]
shares:[0, 0.3945, 0.7848, 1.1804, 1.5889, 1.986, 2.3692, 2.7326, 3.1013, 3.4649, 3.8347, 4.2073, 4.5725, 4.9456, 5.2776, 5.5949, 5.8774, 6.1249, 6.39, 6.6879, 6.982, 7.2814, 7.5795, 7.8834, 8.1764, 8.4685, 8.7692, 9.0779, 9.3955, 9.7117, 10.0205, 10.3356, 10.6531, 10.976, 11.3037, 11.6295, 11.9563, 12.2863, 12.5993, 12.9017, 13.1976, 13.4909, 13.7687, 14.0715, 14.3843, 14.7004, 14.9945, 15.2948, 15.5863, 15.8977, 16.2152, 16.5183]
growth_rate:6.85
