ticker:DKNG
price:[37.0, 41.459999084472656, 55.38999938964844, 53.189998626708984, 63.779998779296875, 48.81999969482422, 44.34000015258789, 42.7400016784668, 35.400001525878906, 42.31999969482422, 42.84000015258789, 48.22999954223633, 52.75, 49.25, 50.09000015258789, 53.900001525878906, 52.11000061035156, 46.560001373291016, 52.0, 53.70000076293945, 52.529998779296875, 54.11000061035156, 63.869998931884766, 61.06999969482422, 60.90999984741211, 61.529998779296875, 59.52000045776367, 71.75, 71.9800033569336, 63.599998474121094, 62.880001068115234, 62.310001373291016, 57.97999954223633, 58.119998931884766, 56.65999984741211, 48.41999816894531, 44.88999938964844, 44.630001068115234, 49.95000076293945, 50.33000183105469, 53.13999938964844, 48.060001373291016, 51.66999816894531, 51.279998779296875, 49.09000015258789, 43.790000915527344, 49.33000183105469, 48.5, 51.59000015258789, 53.5, 52.0099983215332, 60.0099983215332]
assets:[0, 100.00151779174804, 233.6017834259033, 324.326016626358, 488.8992026428223, 474.222831035614, 530.7054618263244, 611.5538620166778, 606.5294661437989, 825.0918740501404, 935.2314753311157, 1152.8995550575255, 1360.944725, 1370.6472, 1494.0244165512083, 1707.665238343048, 1750.953341508484, 1664.468833093643, 1958.944, 2122.9865701622007, 2176.732836416626, 2342.205486419678, 2864.678031093216, 2839.0954298126217, 2931.6592026557923, 3061.498925262451, 3061.48859954567, 3790.5525, 3902.7053960105895, 3548.3456748687745, 3608.1739332904817, 3675.4675890060425, 3520.052742208481, 3628.553585315323, 3637.4020102043155, 3208.4204446701046, 3074.5160581970213, 3156.706753548431, 3632.99342549057, 3760.6325718154903, 4070.5930352462765, 3781.457028053284, 4165.500910385132, 4234.061299209595, 4153.2398269096375, 3804.834357548523, 4386.19684480896, 4412.39905, 4793.520977177811, 5070.99215, 5029.762113679504, 5903.423574882507]
shares:[0, 2.412, 4.2174, 6.0975, 7.6654, 9.7137, 11.969, 14.3087, 17.1336, 19.4965, 21.8308, 23.9042, 25.7999, 27.8304, 29.8268, 31.6821, 33.6011, 35.7489, 37.672, 39.5342, 41.4379, 43.286, 44.8517, 46.4892, 48.131, 49.7562, 51.4363, 52.83, 54.2193, 55.7916, 57.3819, 58.9868, 60.7115, 62.4321, 64.197, 66.2623, 68.49, 70.7306, 72.7326, 74.7195, 76.6013, 78.682, 80.6174, 82.5675, 84.6046, 86.8882, 88.9154, 90.9773, 92.9157, 94.7849, 96.7076, 98.374]
growth_rate:15.75
