ticker:DLCAU
price:[10.979999542236328, 10.699999809265137, 10.479999542236328, 10.800000190734863, 10.770000457763672, 10.8100004196167, 10.53499984741211, 10.279999732971191, 10.220000267028809, 10.140000343322754, 10.020000457763672, 10.050000190734863, 10.3100004196167, 10.220000267028809, 10.140000343322754, 10.0600004196167, 10.050000190734863, 9.989999771118164, 9.989999771118164, 10.0, 9.979999542236328, 10.029999732971191, 10.039999961853027, 10.050000190734863, 10.09000015258789, 10.100000381469727, 10.140000343322754, 10.09000015258789, 10.039999961853027, 10.079999923706055, 10.029999732971191, 10.0, 10.0, 9.944000244140625, 9.944199562072754]
assets:[0, 100.00005821743012, 197.9441353538513, 303.98868536863324, 403.14481113510135, 504.6421685889244, 591.80466992836, 677.4797384020804, 773.5252482107162, 867.4699313710213, 957.2036297298432, 1060.068995118618, 1187.493476330948, 1277.1270033688545, 1367.1296022886277, 1456.3440087461472, 1554.8958295097352, 1645.6127022972107, 1745.6126000061033, 1847.36, 1943.6647908477782, 2053.4027283322334, 2155.4504438103677, 2257.596867846012, 2366.5822927890777, 2468.927923249626, 2578.7055153104784, 2665.989930316925, 2752.779237540817, 2863.7461223247533, 2949.5410784743312, 3040.719, 3140.719, 3223.130899932861, 3323.19536971159]
shares:[0, 9.3458, 18.8878, 28.1471, 37.4322, 46.6829, 56.1751, 65.9027, 75.6874, 85.5493, 95.5293, 105.4795, 115.1788, 124.9635, 134.8254, 144.7658, 154.716, 164.726, 174.736, 184.736, 194.756, 204.7261, 214.6863, 224.6365, 234.5473, 244.4483, 254.3102, 264.221, 274.1812, 284.1018, 294.0719, 304.0719, 314.0719, 324.1282, 334.1843]
growth_rate:-2.26
