ticker:DLCA
price:[9.760000228881836, 9.770000457763672, 9.770000457763672, 9.739999771118164, 9.75, 9.880000114440918, 9.85099983215332, 9.8100004196167, 9.779999732971191, 9.75, 9.710000038146973, 9.640000343322754, 9.699999809265137, 9.680000305175781, 9.680000305175781, 9.680000305175781, 9.680000305175781, 9.664999961853027, 9.680000305175781, 9.704999923706055, 9.65999984741211, 9.699999809265137, 9.670000076293945, 9.680000305175781, 9.649999618530273, 9.65999984741211, 9.640000343322754, 9.640000343322754]
assets:[0, 99.99986268539429, 199.99972537078858, 299.3851909646988, 399.69247500000006, 505.02213384971617, 603.5402216165543, 701.028515986061, 798.8841681876183, 896.433525, 992.7562299001694, 1085.5989986629486, 1192.355986554241, 1289.8977926658629, 1389.8980038185118, 1489.8982149711608, 1589.8984261238097, 1687.4345728398323, 1790.0537284339905, 1894.6770496053696, 1985.8921426311492, 2094.115498822594, 2187.639282259941, 2289.9018401924136, 2382.804925806427, 2485.274528742981, 2580.128739889717, 2680.128319451141]
shares:[0, 10.2354, 20.4708, 30.7377, 40.9941, 51.1156, 61.2669, 71.4606, 81.6855, 91.9419, 102.2406, 112.614, 122.9233, 133.2539, 143.5845, 153.9151, 164.2457, 174.5923, 184.9229, 195.2269, 205.5789, 215.8882, 226.2295, 236.5601, 246.9228, 257.2748, 267.6482, 278.0216]
growth_rate:-0.74
