ticker:DLHC
price:[7.96999979019165, 7.699999809265137, 7.489999771118164, 7.510000228881836, 7.889999866485596, 9.130000114440918, 9.449999809265137, 10.4399995803833, 8.960000038146973, 8.949999809265137, 9.0, 9.600000381469727, 9.630000114440918, 10.90999984741211, 10.130000114440918, 9.010000228881836, 9.149999618530273, 9.319999694824219, 9.960000038146973, 11.039999961853027, 10.430000305175781, 10.359999656677246, 10.699999809265137, 11.25, 10.619999885559082, 10.140000343322754, 9.84000015258789, 10.369999885559082, 10.680000305175781, 10.140000343322754, 10.119999885559082, 10.640000343322754, 10.739999771118164, 10.529999732971191, 10.1899995803833, 10.229999542236328, 10.329999923706055, 10.510000228881836, 11.380000114440918, 12.300000190734863, 12.239999771118164, 11.670000076293945, 11.489999771118164, 10.699999809265137, 10.5600004196167, 10.399999618530273, 10.819999694824219, 10.75, 10.850000381469727, 11.100000381469727, 11.949999809265137, 11.550000190734863]
assets:[0, 99.99989752292633, 197.27236297168733, 297.7992960760117, 412.8679130134583, 577.7546242419243, 698.0043909117699, 871.1281809865952, 847.6348196087837, 946.6889148249626, 1051.9776, 1222.1098085622787, 1325.928714757061, 1602.1683895919798, 1587.6232549357414, 1512.0915754117966, 1635.5871368112564, 1765.9749781745911, 1987.2441076111795, 2302.728712043285, 2275.494392579651, 2360.22237378397, 2537.6815047640803, 2768.12325, 2713.1083627635953, 2690.481781095028, 2710.881666037369, 2956.8945083683966, 3145.2878578750606, 3086.2561344952587, 3180.168472037411, 3443.576527114487, 3575.9409197925565, 3606.0205215554233, 3589.586316183472, 3703.6772182708737, 3839.8810006399153, 4006.7904472579953, 4438.465198634624, 4897.286895941734, 4973.397098999977, 4841.79317265377, 4867.112198046684, 4632.471827423001, 4671.860345643044, 4701.074387565613, 4990.925029232026, 5058.636100000001, 5205.693473024368, 5425.640226461029, 5941.1168751733785, 5842.251126478005]
shares:[0, 12.987, 26.3381, 39.6537, 52.328, 63.2809, 73.8629, 83.4414, 94.6021, 105.7753, 116.8864, 127.3031, 137.6873, 146.8532, 156.7249, 167.8237, 178.7527, 189.4823, 199.5225, 208.5805, 218.1682, 227.8207, 237.1665, 246.0554, 255.4716, 265.3335, 275.4961, 285.1393, 294.5026, 304.3645, 314.2459, 323.6444, 332.9554, 342.4521, 352.2656, 362.0408, 371.7213, 381.236, 390.0233, 398.1534, 406.3233, 414.8923, 423.5955, 432.9413, 442.411, 452.0264, 461.2685, 470.5708, 479.7874, 488.7964, 497.1646, 505.8226]
growth_rate:14.55
