ticker:DLPN
price:[3.799999952316284, 3.799999952316284, 3.6500000953674316, 3.299999952316284, 3.450000047683716, 3.6500000953674316, 3.6500000953674316, 3.4000000953674316, 3.1500000953674316, 3.200000047683716, 3.4000000953674316, 3.6500000953674316, 3.4200000762939453, 3.619999885559082, 3.4800000190734863, 3.5399999618530273, 3.5799999237060547, 3.4000000953674316, 3.690000057220459, 3.990000009536743, 4.119999885559082, 3.880000114440918, 4.46999979019165, 5.199999809265137, 5.75, 4.659999847412109, 4.079999923706055, 4.510000228881836, 5.690000057220459, 13.25, 13.399999618530273, 10.850000381469727, 9.149999618530273, 11.829999923706055, 11.109999656677246, 9.449999809265137, 9.0600004196167, 8.550000190734863, 8.5600004196167, 8.510000228881836, 9.6899995803833, 8.430000305175781, 9.829999923706055, 8.720000267028809, 8.670000076293945, 7.710000038146973, 8.069999694824219, 7.840000152587891, 9.9399995803833, 10.119999885559082, 10.319999694824219, 13.899999618530273]
assets:[0, 100.00003874516487, 196.05282012248037, 277.25312599380015, 389.85552538833616, 512.4559983894825, 612.4561460022926, 670.5072188072204, 721.205121834755, 832.6528124074936, 984.6937476199149, 1157.0978452327251, 1184.1849444169998, 1353.43542121315, 1401.0925516792297, 1525.249339563942, 1642.4839169967652, 1659.9011265589716, 1901.4810144860746, 2156.073113153362, 2326.3208553819654, 2290.8071635675433, 2739.151503432465, 3286.4851594524384, 3734.094275, 3126.239651633835, 2837.1368829469684, 3236.14886023407, 4182.857309064149, 9840.397375, 10051.79799384651, 8238.956469669343, 7048.059876161576, 9212.410147587394, 8751.722247553062, 7544.084157733345, 7332.74123761816, 7019.970816602708, 7128.181133428002, 7186.54456628666, 8283.032959310722, 7305.982842485046, 8619.312558102607, 7746.023325203132, 7801.607666652298, 7037.762050820923, 7466.373401651001, 7353.577535120774, 9423.285600196361, 9693.928662377262, 9985.507864715575, 13549.4722081501]
shares:[0, 26.3158, 53.7131, 84.0161, 113.0016, 140.3989, 167.7962, 197.208, 228.954, 260.204, 289.6158, 317.0131, 346.2529, 373.8772, 402.6128, 430.8614, 458.7944, 488.2062, 515.3065, 540.3692, 564.641, 590.4142, 612.7856, 632.0164, 649.4077, 670.8669, 695.3767, 717.5496, 735.1243, 742.6715, 750.1342, 759.3508, 770.2798, 778.7329, 787.7338, 798.3158, 809.3533, 821.0492, 832.7314, 844.4823, 854.8022, 866.6646, 876.8375, 888.3054, 899.8394, 912.8096, 925.2012, 937.9563, 948.0167, 957.8981, 967.588, 974.7822]
growth_rate:165.68
