ticker:DLTH
price:[12.520000457763672, 12.979999542236328, 12.760000228881836, 12.640000343322754, 12.9399995803833, 13.84000015258789, 15.869999885559082, 16.8799991607666, 15.34000015258789, 16.200000762939453, 14.520000457763672, 12.979999542236328, 14.920000076293945, 11.859999656677246, 10.789999961853027, 11.479999542236328, 11.210000038146973, 10.5600004196167, 11.729999542236328, 12.65999984741211, 12.3100004196167, 12.470000267028809, 14.630000114440918, 13.90999984741211, 13.84000015258789, 13.979999542236328, 14.350000381469727, 15.119999885559082, 15.050000190734863, 15.729999542236328, 15.989999771118164, 16.360000610351562, 16.18000030517578, 15.880000114440918, 15.470000267028809, 16.559999465942383, 16.6299991607666, 15.369999885559082, 16.100000381469727, 16.3700008392334, 17.469999313354492, 16.200000762939453, 17.06999969482422, 19.40999984741211, 19.100000381469727, 17.510000228881836, 16.979999542236328, 14.970000267028809, 15.920000076293945, 15.4399995803833, 14.789999961853027, 16.06999969482422]
assets:[0, 100.00051247329712, 198.30571555709838, 296.4408720518112, 403.47695091609955, 531.5390458602905, 709.503258883667, 854.657989508438, 876.6856107204437, 1025.8342683116912, 1019.4521361396789, 1011.3288763336182, 1262.4826624557495, 1103.5551780543328, 1103.992873096943, 1274.591057175827, 1344.6137215756416, 1366.647798305702, 1618.0654618549347, 1846.3521017463684, 1895.3079836062432, 2019.9417702544215, 2469.8278413198473, 2448.278208143234, 2535.9572039592745, 2661.610172847748, 2832.052935285187, 3084.0173046575546, 3169.7392351714134, 3412.956876678467, 3569.369297907829, 3751.9632759765627, 3810.68292987442, 3840.026991673565, 3840.8823842977527, 4211.505944179535, 4329.307637521362, 4101.290807462883, 4396.082564159775, 4569.80523527813, 4976.877862387466, 4715.078262056732, 5068.294577389526, 5863.06995790863, 5869.430117225647, 5480.822681642533, 5414.926948019028, 4873.93717793932, 5283.238289319038, 5223.944754027557, 5104.024549835491, 5645.752467784881]
shares:[0, 7.7042, 15.5412, 23.4526, 31.1806, 38.406, 44.7072, 50.6314, 57.1503, 63.3231, 70.2102, 77.9144, 84.6168, 93.0485, 102.3163, 111.0271, 119.9477, 129.4174, 137.9425, 145.8414, 153.9649, 161.9841, 168.8194, 176.0085, 183.2339, 190.387, 197.3556, 203.9694, 210.6139, 216.9712, 223.2251, 229.3376, 235.5181, 241.8153, 248.2794, 254.318, 260.3312, 266.8374, 273.0486, 279.1573, 284.8814, 291.0542, 296.9124, 302.0644, 307.3, 313.011, 318.9003, 325.5803, 331.8617, 338.3384, 345.0997, 351.3225]
growth_rate:10.7
