ticker:DLTR
price:[91.2300033569336, 90.05000305175781, 88.0199966430664, 89.41999816894531, 90.76000213623047, 93.63999938964844, 95.55999755859375, 95.47000122070312, 90.31999969482422, 95.52999877929688, 94.94999694824219, 94.97000122070312, 109.9000015258789, 112.51000213623047, 106.55000305175781, 111.87999725341797, 109.02999877929688, 108.04000091552734, 112.97000122070312, 108.33999633789062, 107.87999725341797, 101.66000366210938, 105.6500015258789, 108.37999725341797, 107.9000015258789, 98.19999694824219, 104.08000183105469, 108.61000061035156, 108.12000274658203, 114.38999938964844, 115.93000030517578, 117.55000305175781, 117.36000061035156, 115.55999755859375, 114.9000015258789, 116.25, 111.2300033569336, 108.58000183105469, 97.5, 101.80000305175781, 101.18000030517578, 100.31999969482422, 98.3499984741211, 99.44999694824219, 99.51000213623047, 98.19000244140625, 100.1500015258789, 99.79000091552734, 98.7699966430664, 101.7699966430664, 102.66999816894531, 90.88999938964844]
assets:[0, 100.00052838897706, 197.745724458313, 300.8893518386841, 405.3977015419007, 518.2599406219482, 628.8898999328613, 728.2929043121338, 789.0084213340759, 934.5222130584717, 1028.8496819320678, 1129.0698535125732, 1406.5661595291137, 1539.969403239441, 1558.3896896347046, 1736.343993373871, 1792.1151869354248, 1875.8445158958436, 2061.442691275024, 2076.9535677947997, 2168.1398208000182, 2143.1352012023926, 2327.247668611908, 2487.3859649642945, 2576.371496434021, 2444.7576640243533, 2691.1445673446656, 2908.271708343506, 2995.1511280860905, 3268.8429395584108, 3412.8516859840392, 3560.5425724365236, 3654.7899310073853, 3698.7403978576663, 3777.613310166931, 3921.996, 3852.6291342727664, 3860.8442731079103, 3566.8619999999996, 3824.168014640808, 3900.873495765686, 3967.7161799301152, 3989.80372809906, 4134.424778129577, 4236.916968955994, 4280.710984436036, 4466.1592730461125, 4550.104713745118, 4603.600404535675, 4843.427503237152, 4986.260864073181, 4514.151798686218]
shares:[0, 1.1105, 2.2466, 3.3649, 4.4667, 5.5346, 6.5811, 7.6285, 8.7357, 9.7825, 10.8357, 11.8887, 12.7986, 13.6874, 14.6259, 15.5197, 16.4369, 17.3625, 18.2477, 19.1707, 20.0977, 21.0814, 22.0279, 22.9506, 23.8774, 24.8957, 25.8565, 26.7772, 27.7021, 28.5763, 29.4389, 30.2896, 31.1417, 32.0071, 32.8774, 33.7376, 34.6366, 35.5576, 36.5832, 37.5655, 38.5538, 39.5506, 40.5674, 41.5729, 42.5778, 43.5962, 44.5947, 45.5968, 46.6093, 47.5919, 48.5659, 49.6661]
growth_rate:-11.49
