ticker:DMAC
price:[4.300000190734863, 4.079999923706055, 4.380000114440918, 4.099999904632568, 4.320000171661377, 4.679999828338623, 4.599999904632568, 4.309999942779541, 4.389999866485596, 4.320000171661377, 4.179999828338623, 4.244999885559082, 5.75, 5.690000057220459, 6.579999923706055, 7.320000171661377, 9.640000343322754, 10.140000343322754, 9.5, 10.039999961853027, 8.890000343322754, 8.029999732971191, 9.380000114440918, 8.9399995803833, 10.430000305175781, 9.170000076293945, 8.600000381469727, 9.739999771118164, 10.0, 9.720000267028809, 9.729999542236328, 9.90999984741211, 9.479999542236328, 9.739999771118164, 9.399999618530273, 8.550000190734863, 6.5, 6.889999866485596, 7.409999847412109, 7.409999847412109, 8.960000038146973, 7.980000019073486, 7.309999942779541, 4.21999979019165, 4.150000095367432, 3.8399999141693115, 3.690000057220459, 3.450000047683716, 3.4000000953674316, 3.0999999046325684, 3.8399999141693115, 4.010000228881836]
assets:[0, 99.99998213005065, 207.3527094177246, 294.0970931591987, 409.87772828707693, 544.0340680449485, 634.7342068406582, 694.7185467767715, 807.613349437809, 894.7355395535945, 965.7392183396815, 1080.7565948638917, 1563.9223749999999, 1647.6032445688247, 2005.3128807487487, 2330.8344546604158, 3169.5684888822557, 3433.96485826807, 3317.2252, 3605.7836582998275, 3292.770783163452, 3074.234808769703, 3691.074131033039, 3617.9320061851504, 4320.920709427643, 3898.929976438904, 3756.575626630211, 4354.539617671966, 4570.78, 4542.798616800213, 4647.472009352112, 4833.447829577637, 4723.72166390419, 4953.274935602188, 4880.3679419454575, 4539.058301258087, 3550.7459, 3863.7906611274725, 4255.397669372177, 4355.397840312958, 5366.445974847508, 4879.490711662769, 4569.809183228922, 2738.1114158676146, 2792.6927641763687, 2684.0819880060913, 2679.235241546631, 2604.976011004329, 2667.2228948135853, 2531.879662110043, 3236.2639916638614, 3479.5365466041562]
shares:[0, 24.5098, 47.3408, 71.731, 94.8791, 116.2466, 137.9857, 161.1876, 183.9666, 207.1147, 231.0381, 254.5952, 271.9865, 289.5612, 304.7588, 318.42, 328.7934, 338.6553, 349.1816, 359.1418, 370.3904, 382.8437, 393.5047, 404.6904, 414.2781, 425.1832, 436.8111, 447.078, 457.078, 467.3661, 477.6436, 487.7344, 498.2829, 508.5498, 519.1881, 530.884, 546.2686, 560.7824, 574.2777, 587.773, 598.9337, 611.465, 625.1449, 648.8416, 672.938, 698.9797, 726.08, 755.0655, 784.4773, 816.7354, 842.7771, 867.7148]
growth_rate:-31.77
