ticker:DMLP
price:[10.630000114440918, 10.399999618530273, 10.630000114440918, 10.149999618530273, 10.319999694824219, 10.390000343322754, 10.319999694824219, 10.479999542236328, 10.0600004196167, 10.010000228881836, 10.529999732971191, 10.739999771118164, 11.75, 11.869999885559082, 11.65999984741211, 11.84000015258789, 11.430000305175781, 10.90999984741211, 11.970000267028809, 12.890000343322754, 12.420000076293945, 12.050000190734863, 12.90999984741211, 13.890000343322754, 14.050000190734863, 14.449999809265137, 14.890000343322754, 14.729999542236328, 13.979999542236328, 14.0, 14.1899995803833, 13.960000038146973, 14.34000015258789, 14.619999885559082, 14.5600004196167, 15.069999694824219, 15.010000228881836, 14.979999542236328, 15.199999809265137, 15.449999809265137, 15.829999923706055, 16.31999969482422, 17.0, 17.229999542236328, 16.59000015258789, 16.520000457763672, 16.600000381469727, 16.56999969482422, 16.030000686645508, 16.260000228881836, 15.979999542236328, 16.25]
assets:[0, 100.00015633201599, 202.21130317697526, 293.0802239850998, 397.988724230957, 500.6878825445175, 597.3143583366394, 706.5751931369782, 778.2587344622611, 874.3905369932174, 1019.8136261386871, 1140.1519317020418, 1347.3725, 1461.132887912941, 1535.282673908615, 1658.9829333801272, 1701.5349964302063, 1724.1247318862916, 1991.6380704298017, 2244.713641787529, 2262.8656399003985, 2295.453941333866, 2559.2783697509767, 2853.5533365320207, 2986.4230805419925, 3171.4454981380463, 3368.0153366572376, 3431.824753349304, 3357.0885880748747, 3461.892, 3608.874481280899, 3650.3794699749947, 3849.7451209640503, 4024.9137464941978, 4108.395318403244, 4352.301810863495, 4434.973246627235, 4526.109491689682, 4692.580421115875, 4869.761144881344, 5089.534935470581, 5347.076540012359, 5669.8723, 5846.5816556690215, 5729.412958696747, 5805.238844861221, 5933.351416349029, 6022.628195079041, 5926.356976855659, 6111.389378026199, 6106.149585083008, 6309.3192500000005]
shares:[0, 9.6154, 19.0227, 28.8749, 38.5648, 48.1894, 57.8793, 67.4213, 77.3617, 87.3517, 96.8484, 106.1594, 114.67, 123.0946, 131.6709, 140.1168, 148.8657, 158.0316, 166.3858, 174.1438, 182.1953, 190.4941, 198.24, 205.4394, 212.5568, 219.4772, 226.1931, 232.982, 240.1351, 247.278, 254.3252, 261.4885, 268.462, 275.3019, 282.17, 288.8057, 295.4679, 302.1435, 308.7224, 315.1949, 321.512, 327.6395, 333.5219, 339.3257, 345.3534, 351.4067, 357.4308, 363.4658, 369.7041, 375.8542, 382.112, 388.2658]
growth_rate:23.71
