ticker:DMRC
price:[15.100000381469727, 17.90999984741211, 18.5, 16.84000015258789, 26.889999389648438, 29.209999084472656, 29.920000076293945, 32.849998474121094, 31.690000534057617, 31.540000915527344, 33.77000045776367, 38.560001373291016, 42.630001068115234, 51.90999984741211, 52.369998931884766, 50.86000061035156, 50.7599983215332, 47.2400016784668, 47.529998779296875, 44.880001068115234, 42.09000015258789, 38.86000061035156, 43.0, 44.36000061035156, 41.90999984741211, 36.59000015258789, 31.969999313354492, 35.9900016784668, 35.63999938964844, 32.5, 31.1299991607666, 29.440000534057617, 34.63999938964844, 35.880001068115234, 33.72999954223633, 30.610000610351562, 30.399999618530273, 32.849998474121094, 34.77000045776367, 33.630001068115234, 34.040000915527344, 31.209999084472656, 33.18000030517578, 32.470001220703125, 30.610000610351562, 26.829999923706055, 27.309999465942383, 28.700000762939453, 27.790000915527344, 25.829999923706055, 24.739999771118164, 27.809999465942383]
assets:[0, 100.0004841480255, 203.29465, 285.0523665828705, 555.1709273986817, 703.0700729637147, 820.1580660913468, 1000.4729835281372, 1065.1452839504243, 1160.1043136749267, 1342.1278821929932, 1632.4993541404724, 1904.8107597259523, 2419.462800888062, 2540.903319176865, 2567.6417008132935, 2662.5954079566955, 2577.9577515964506, 2693.7816928161624, 2643.5936309158324, 2579.2541643505097, 2481.3198469726563, 2845.6711999999998, 3035.674613768005, 2968.0158971939086, 2691.260373223114, 2451.449956348228, 2859.7007513679505, 2931.8889097900387, 2773.5792500000002, 2756.6610416831973, 2707.0051051065443, 3285.1432301162718, 3502.7420482734683, 3392.8500589542386, 3179.013857388306, 3257.2049191274646, 3619.708481864929, 3931.2701017570494, 3902.3748789424894, 4049.9499569259647, 3813.2470511405945, 4153.943594206237, 4165.056936584473, 4026.467029286194, 3629.243112679863, 3794.172763803482, 4087.2847786533353, 4057.687508678436, 3871.5037085647577, 3808.129204769134, 4380.681173874284]
shares:[0, 5.5835, 10.9889, 16.9271, 20.646, 24.0695, 27.4117, 30.4558, 33.6114, 36.782, 39.7432, 42.3366, 44.6824, 46.6088, 48.5183, 50.4845, 52.4546, 54.5715, 56.6754, 58.9036, 61.2795, 63.8528, 66.1784, 68.4327, 70.8188, 73.5518, 76.6797, 79.4582, 82.264, 85.3409, 88.5532, 91.9499, 94.8367, 97.6238, 100.5885, 103.8554, 107.1449, 110.189, 113.065, 116.0385, 118.9762, 122.1803, 125.1942, 128.274, 131.5409, 135.2681, 138.9298, 142.4141, 146.0125, 149.884, 153.926, 157.5218]
growth_rate:-14.1
