ticker:DMTK
price:[11.140000343322754, 10.229999542236328, 11.149999618530273, 10.399999618530273, 11.3100004196167, 12.050000190734863, 11.1899995803833, 12.949999809265137, 12.760000228881836, 13.729999542236328, 13.40999984741211, 12.75, 12.680000305175781, 12.0, 11.489999771118164, 15.489999771118164, 24.799999237060547, 32.439998626708984, 34.560001373291016, 39.0, 42.91999816894531, 40.97999954223633, 54.16999816894531, 76.23999786376953, 79.76000213623047, 66.7300033569336, 48.70000076293945, 53.54999923706055, 57.599998474121094, 45.95000076293945, 51.58000183105469, 48.599998474121094, 43.459999084472656, 38.9900016784668, 42.04999923706055, 34.02000045776367, 33.59000015258789, 36.5, 40.91999816894531, 39.369998931884766, 40.54999923706055, 44.40999984741211, 45.9900016784668, 37.91999816894531, 36.58000183105469, 33.40999984741211, 35.5099983215332, 33.65999984741211, 38.45000076293945, 34.209999084472656, 33.79999923706055, 36.790000915527344]
assets:[0, 100.00029152526855, 208.99336284980774, 294.93566918182376, 420.7421946101188, 548.271393678379, 609.1421741576195, 804.9499731442451, 893.1400440206528, 1061.0351426246643, 1136.305724070358, 1180.3797, 1273.8987666595458, 1305.582, 1350.0945061059952, 1920.1016466283797, 3174.146942351532, 4251.98847599945, 4629.861687974167, 5324.67, 5959.8666537399295, 5790.478033317947, 7754.223974891662, 11013.454739405059, 11621.949551273347, 9823.33046717453, 7269.132563879013, 8093.059579696273, 8805.138966743469, 7124.23975328865, 8097.131847442627, 7729.324317324829, 7011.862328288269, 6390.671821109771, 6992.221048135758, 5756.963135464096, 5784.198026275634, 6385.29905, 7258.532495201111, 7083.5880028209685, 7395.898140847778, 8199.920104825973, 8591.65435656395, 7184.049829101562, 7030.182521903991, 6520.950406217957, 7030.826974670792, 6764.53572533493, 7827.1666853096, 7064.039815952301, 7079.379420203018, 7805.631482244873]
shares:[0, 9.7752, 18.7438, 28.3592, 37.2009, 45.4997, 54.4363, 62.1583, 69.9953, 77.2786, 84.7357, 92.5788, 100.4652, 108.7985, 117.5017, 123.9575, 127.9898, 131.0724, 133.9659, 136.53, 138.8599, 141.3001, 143.1461, 144.4577, 145.7115, 147.2101, 149.2635, 151.1309, 152.867, 155.0433, 156.982, 159.0396, 161.3406, 163.9054, 166.2835, 169.2229, 172.2, 174.9397, 177.3835, 179.9235, 182.3896, 184.6413, 186.8157, 189.4528, 192.1865, 195.1796, 197.9957, 200.9666, 203.5674, 206.4905, 209.4491, 212.1672]
growth_rate:53.05
