ticker:DNLI
price:[30.860000610351562, 31.989999771118164, 38.61000061035156, 35.13999938964844, 38.459999084472656, 41.560001373291016, 44.150001525878906, 41.13999938964844, 42.779998779296875, 54.2400016784668, 65.16999816894531, 62.349998474121094, 61.27000045776367, 72.63999938964844, 80.0199966430664, 85.5999984741211, 85.87000274658203, 83.76000213623047, 80.02999877929688, 73.02999877929688, 79.12999725341797, 68.5, 70.56999969482422, 67.51000213623047, 65.27999877929688, 71.80000305175781, 61.040000915527344, 64.69000244140625, 62.0099983215332, 55.25, 55.93000030517578, 52.2599983215332, 54.0099983215332, 56.790000915527344, 60.439998626708984, 54.29999923706055, 53.900001525878906, 58.900001525878906, 63.59000015258789, 64.63999938964844, 75.0, 73.7300033569336, 74.68000030517578, 77.0, 72.23999786376953, 64.44999694824219, 63.900001525878906, 51.029998779296875, 52.04999923706055, 52.72999954223633, 48.939998626708984, 53.150001525878906]
assets:[0, 100.00073928451538, 220.69476348876955, 300.861646774292, 429.2866637809753, 563.8902546329498, 699.0313891593933, 751.3727208526611, 881.3235888519287, 1217.4168376731873, 1562.737454092407, 1595.1124809631349, 1667.4814434581756, 2076.922862548828, 2387.9327338233948, 2654.4473926826477, 2762.824403369904, 2794.937255282593, 2770.4704947418213, 2628.1451720703126, 2947.6636146873475, 2651.6898, 2831.8188337539673, 2809.030429886627, 2816.2444273376464, 3197.526975906372, 2818.34502627182, 3086.871067498779, 3058.9842222003936, 2825.5126250000003, 2960.285428152466, 2866.037601949692, 3062.0104388420104, 3319.61975051651, 3632.9757894531253, 3363.9066727355957, 3439.1273273597717, 3858.156249950409, 4265.369209235, 4435.797142115784, 5246.7300000000005, 5257.885610391999, 5425.6289781715395, 5694.1808, 5442.178567067718, 4955.321800361634, 5013.0317997070315, 4103.3630258422845, 4285.380537185669, 4441.368766443253, 4222.141773523712, 4685.348029511261]
shares:[0, 3.126, 5.716, 8.5618, 11.1619, 13.5681, 15.8331, 18.2638, 20.6013, 22.445, 23.9794, 25.5832, 27.2153, 28.592, 29.8417, 31.0099, 32.1745, 33.3684, 34.6179, 35.9872, 37.2509, 38.7108, 40.1278, 41.6091, 43.141, 44.5338, 46.1721, 47.7179, 49.3305, 51.1405, 52.9284, 54.8419, 56.6934, 58.4543, 60.1088, 61.9504, 63.8057, 65.5035, 67.0761, 68.6231, 69.9564, 71.3127, 72.6517, 73.9504, 75.3347, 76.8863, 78.4512, 80.4108, 82.332, 84.2285, 86.2718, 88.1533]
growth_rate:-8.13
