ticker:DOCU
price:[216.25999450683594, 197.94000244140625, 194.86000061035156, 212.36000061035156, 218.27000427246094, 225.60000610351562, 234.60000610351562, 219.82000732421875, 202.25, 231.69000244140625, 205.6999969482422, 221.58999633789062, 226.8699951171875, 243.22000122070312, 225.49000549316406, 241.0, 244.92999267578125, 222.3000030517578, 244.5399932861328, 249.27999877929688, 255.14999389648438, 232.88999938964844, 250.3699951171875, 263.29998779296875, 265.1600036621094, 226.66000366210938, 204.30999755859375, 210.33999633789062, 205.6699981689453, 201.9600067138672, 206.2899932861328, 212.97000122070312, 231.92999267578125, 224.83999633789062, 222.94000244140625, 195.27999877929688, 187.0800018310547, 193.75, 201.6199951171875, 233.24000549316406, 253.00999450683594, 274.42999267578125, 279.20001220703125, 278.82000732421875, 288.0199890136719, 282.04998779296875, 308.5, 298.0400085449219, 302.6300048828125, 295.9700012207031, 286.0, 300.760009765625]
assets:[0, 99.99928923339843, 198.44542462158202, 316.2677489089966, 425.0590063201904, 539.3419345916748, 660.8682171936035, 719.2290819641113, 761.734175, 972.6114612487793, 963.4987857055664, 1137.9311081939697, 1265.0497797729493, 1456.231113308716, 1450.0811273254394, 1649.8137, 1776.722166870117, 1712.5547635101318, 1983.8796035324096, 2122.3449816070556, 2272.3148156433103, 2174.0747223022463, 2437.2517544677735, 2663.121396533203, 2781.9261784210207, 2478.005822036743, 2333.6696541137694, 2502.541140429688, 2546.976123324585, 2601.022730467224, 2756.797583277893, 2946.0566208862306, 3308.342187524414, 3307.2164741333004, 3379.2799690063475, 3060.018052871704, 3031.5191816711426, 3239.596875, 3471.1906459350585, 4115.566544927979, 4564.401504901123, 5050.829129199219, 5238.6298290405275, 5331.512534051514, 5607.4323641082765, 5591.189728015137, 6215.50375, 6104.753495025635, 6298.75934362793, 6260.1502868194575, 6149.286, 6566.6436732177735]
shares:[0, 0.5052, 1.0184, 1.4893, 1.9474, 2.3907, 2.817, 3.2719, 3.7663, 4.1979, 4.684, 5.1353, 5.5761, 5.9873, 6.4308, 6.8457, 7.254, 7.7038, 8.1127, 8.5139, 8.9058, 9.3352, 9.7346, 10.1144, 10.4915, 10.9327, 11.4222, 11.8976, 12.3838, 12.8789, 13.3637, 13.8332, 14.2644, 14.7092, 15.1578, 15.6699, 16.2044, 16.7205, 17.2165, 17.6452, 18.0404, 18.4048, 18.763, 19.1217, 19.4689, 19.8234, 20.1475, 20.483, 20.8134, 21.1513, 21.501, 21.8335]
growth_rate:28.76
