ticker:DOGZ
price:[1.0600999593734741, 1.032099962234497, 1.1299999952316284, 1.0616999864578247, 1.0399999618530273, 1.0500999689102173, 1.149999976158142, 2.069999933242798, 2.440000057220459, 2.2300000190734863, 2.009999990463257, 2.309999942779541, 2.3299999237060547, 2.0504000186920166, 1.8200000524520874, 1.940000057220459, 1.8899999856948853, 2.109999895095825, 2.240000009536743, 2.0299999713897705, 2.069999933242798, 1.8700000047683716, 2.119999885559082, 2.2300000190734863, 2.4000000953674316, 1.9700000286102295, 1.600000023841858, 1.909999966621399, 2.0199999809265137, 1.8200000524520874, 1.809999942779541, 1.809999942779541, 1.590000033378601, 1.7100000381469727, 1.659999966621399, 1.559999942779541, 1.6699999570846558, 1.559999942779541, 1.659999966621399, 1.659999966621399, 2.049999952316284, 1.9299999475479126, 2.140000104904175, 2.119999885559082, 2.1500000953674316, 1.75, 1.7599999904632568, 1.909999966621399, 2.0, 2.1600000858306885, 2.1500000953674316, 2.390000104904175]
assets:[0, 99.99995892090797, 209.48550111601352, 296.8237120139599, 390.7568976671219, 494.5517210380554, 641.6002816983105, 1254.880534530282, 1579.1829210334301, 1543.269506199789, 1491.018595925641, 1813.5585480767727, 1929.2604408279417, 1797.7493183087827, 1695.739366870916, 1907.546378263235, 1958.3828311773061, 2286.34271432848, 2527.2076587595225, 2390.2819303120614, 2537.3810781698226, 2392.2234991000055, 2812.03929220171, 3057.947067155027, 3391.0642947487836, 2883.4984978769303, 2441.927716387558, 3015.051075309849, 3288.692884947109, 3063.079926277435, 3146.249595535993, 3246.249558374643, 2951.677969964075, 3274.4460700469017, 3278.7019560732006, 3181.18979131465, 3505.5044249162074, 3374.602952220297, 3690.923771784413, 3790.9238297736524, 4781.562568779183, 4601.666257939375, 5202.366149023318, 5253.745344394589, 5428.091265773534, 4518.2137, 4644.032070835829, 5139.830156177831, 5482.0212, 6020.58314323647, 6092.710045253992, 6872.826506668687]
shares:[0, 96.8898, 185.3854, 279.574, 375.7278, 470.9568, 557.9133, 606.2225, 647.2061, 692.0491, 741.8003, 785.0903, 828.0088, 876.7798, 931.7249, 983.2713, 1036.1814, 1083.5748, 1128.2177, 1177.4788, 1225.788, 1279.2639, 1326.4337, 1371.2767, 1412.9434, 1463.7048, 1526.2048, 1578.5608, 1628.0658, 1683.0109, 1738.2595, 1793.5081, 1856.4012, 1914.8807, 1975.1217, 2039.2243, 2099.1045, 2163.2071, 2223.4481, 2283.6891, 2332.4696, 2384.2831, 2431.0121, 2478.1819, 2524.6935, 2581.8364, 2638.6546, 2691.0106, 2741.0106, 2787.3069, 2833.8185, 2875.6595]
growth_rate:34.76
