ticker:DOMO
price:[40.279998779296875, 39.52000045776367, 36.58000183105469, 37.56999969482422, 38.0099983215332, 41.29999923706055, 38.880001068115234, 36.060001373291016, 31.770000457763672, 37.0, 34.29999923706055, 35.849998474121094, 37.9900016784668, 44.88999938964844, 46.70000076293945, 66.26000213623047, 67.26000213623047, 63.77000045776367, 62.11000061035156, 70.02999877929688, 72.61000061035156, 63.38999938964844, 74.80999755859375, 70.86000061035156, 69.12000274658203, 63.72999954223633, 56.4900016784668, 62.439998626708984, 64.66999816894531, 61.61000061035156, 57.650001525878906, 57.58000183105469, 60.630001068115234, 64.2300033569336, 64.29000091552734, 60.45000076293945, 58.93000030517578, 61.849998474121094, 66.5, 67.1500015258789, 71.19999694824219, 78.16999816894531, 82.55000305175781, 80.08999633789062, 82.36000061035156, 81.55999755859375, 89.62000274658203, 88.33000183105469, 92.83999633789062, 89.6500015258789, 91.30000305175781, 89.52999877929688]
assets:[0, 100.0014091583252, 192.56078763885498, 297.7723035812378, 401.2601492809295, 535.9913900985717, 604.584016609192, 660.7346171630859, 682.1273258285522, 894.4195, 929.1526793327331, 1071.1405944091796, 1235.0815475681304, 1559.4067547973632, 1722.2820181369782, 2543.648596007538, 2682.0396671836857, 2642.871144971466, 2674.071544277954, 3115.0603997009275, 3329.8220179901123, 3006.999706047058, 3648.7229729248047, 3556.066614630127, 3568.748685809326, 3390.4550946468353, 3105.283637266159, 3532.355602310181, 3758.5103545822144, 3680.667690463257, 3544.091493804932, 3639.7873817459104, 3932.58312928009, 4266.086169963836, 4370.074238232422, 4209.054968122482, 4203.217629766846, 4511.487328698731, 4950.6723, 5099.062225868225, 5506.600643977356, 6145.662720043946, 6590.016273623658, 6493.632831079101, 6777.684474227905, 6811.85021609497, 7585.015818457794, 7575.8345990448, 8062.643061965942, 7885.605169216156, 8130.7400317749025, 8073.108002926636]
shares:[0, 2.5304, 5.2641, 7.9258, 10.5567, 12.978, 15.55, 18.3232, 21.4708, 24.1735, 27.089, 29.8784, 32.5107, 34.7384, 36.8797, 38.3889, 39.8757, 41.4438, 43.0538, 44.4818, 45.859, 47.4365, 48.7732, 50.1844, 51.6312, 53.2003, 54.9705, 56.572, 58.1183, 59.7414, 61.476, 63.2127, 64.862, 66.4189, 67.9744, 69.6287, 71.3256, 72.9424, 74.4462, 75.9354, 77.3399, 78.6192, 79.8306, 81.0792, 82.2934, 83.5195, 84.6353, 85.7674, 86.8445, 87.9599, 89.0552, 90.1721]
growth_rate:58.3
