ticker:DOOO
price:[53.349998474121094, 52.31999969482422, 51.18000030517578, 51.41999816894531, 54.06999969482422, 58.119998931884766, 57.720001220703125, 56.7599983215332, 53.95000076293945, 57.189998626708984, 48.380001068115234, 49.79999923706055, 58.15999984741211, 62.43000030517578, 61.97999954223633, 67.5199966430664, 65.97000122070312, 65.9800033569336, 67.13999938964844, 69.04000091552734, 68.63999938964844, 65.91000366210938, 73.37999725341797, 75.30000305175781, 71.62000274658203, 72.23999786376953, 73.27999877929688, 77.63999938964844, 81.9800033569336, 82.5999984741211, 87.36000061035156, 89.76000213623047, 91.87000274658203, 91.25, 91.91999816894531, 93.11000061035156, 82.54000091552734, 81.33999633789062, 84.33000183105469, 79.94999694824219, 76.37000274658203, 75.97000122070312, 78.2699966430664, 79.41999816894531, 78.88999938964844, 77.44999694824219, 80.91000366210938, 83.75, 84.11000061035156, 87.51000213623047, 82.0199966430664, 85.51000213623047]
assets:[0, 99.99921541671753, 197.82093717956545, 298.75018936157227, 414.1491626625061, 545.1714019809723, 641.4192855651855, 730.7509223907471, 794.5756112365723, 942.2967313728333, 897.1393878067017, 1023.4696643203736, 1295.281356601715, 1490.3789112854006, 1579.6346643333436, 1820.8252534729004, 1879.0235447692871, 1979.3077287033082, 2114.10430078125, 2273.929086154175, 2360.756091007996, 2366.8611865081784, 2735.114651625824, 2906.678007801819, 2864.6282218566894, 2989.4283675987244, 3132.4634678192137, 3418.8385531234744, 3709.94766591568, 3838.0089291000368, 4159.183421058655, 4373.448392085266, 4576.256137813568, 4645.37325, 4779.481416792297, 4941.357043391418, 4480.403313696289, 4515.264536712647, 4781.241247814942, 4632.910443157959, 4525.457252754211, 4601.753674942017, 4841.069735370636, 5012.196084442138, 5078.748824707031, 5086.048359594727, 5413.259522012329, 5703.266124999999, 5827.780078289795, 6163.355703455353, 5876.691749477387, 6226.752845558167]
shares:[0, 1.9113, 3.8652, 5.81, 7.6595, 9.3801, 11.1126, 12.8744, 14.728, 16.4766, 18.5436, 20.5516, 22.271, 23.8728, 25.4862, 26.9672, 28.483, 29.9986, 31.488, 32.9364, 34.3933, 35.9105, 37.2733, 38.6013, 39.9976, 41.3819, 42.7465, 44.0345, 45.2543, 46.465, 47.6097, 48.7238, 49.8123, 50.9082, 51.9961, 53.0701, 54.2816, 55.511, 56.6968, 57.9476, 59.257, 60.5733, 61.8509, 63.11, 64.3776, 65.6688, 66.9047, 68.0987, 69.2876, 70.4303, 71.6495, 72.819]
growth_rate:22.09
