ticker:DORM
price:[85.7300033569336, 85.91999816894531, 86.43000030517578, 85.3499984741211, 94.20999908447266, 92.95999908447266, 91.16999816894531, 90.66999816894531, 89.2699966430664, 94.81999969482422, 94.73999786376953, 94.5, 93.06999969482422, 95.41000366210938, 97.69000244140625, 89.38999938964844, 89.55999755859375, 86.81999969482422, 95.45999908447266, 97.76000213623047, 99.1500015258789, 90.83000183105469, 99.13999938964844, 96.0999984741211, 93.08000183105469, 99.70999908447266, 106.58999633789062, 105.86000061035156, 106.45999908447266, 105.22000122070312, 103.61000061035156, 104.58000183105469, 107.19999694824219, 111.33999633789062, 99.18000030517578, 104.44999694824219, 103.8499984741211, 100.97000122070312, 102.37999725341797, 104.44000244140625, 102.93000030517578, 98.81999969482422, 100.16000366210938, 104.83000183105469, 104.81999969482422, 103.4000015258789, 104.91999816894531, 101.1500015258789, 99.80999755859375, 98.3499984741211, 96.69999694824219, 96.68000030517578]
assets:[0, 100.00228586883544, 200.59538770828246, 298.08486967086793, 429.0323358306885, 523.3369068458557, 613.2641096832276, 709.9007506637573, 798.9396889564514, 948.60772294693, 1047.805428373718, 1145.151, 1227.8259709739687, 1358.6956981506348, 1491.1597352661133, 1464.4674210006713, 1567.2551772766114, 1619.305860308075, 1880.4569759651183, 2025.7632122665407, 2154.569193157959, 2073.776103805542, 2363.507499449158, 2391.035232035065, 2415.8914475250244, 2687.972184319305, 2973.4451968414305, 3053.076519602966, 3170.3787727355957, 3233.4527255126955, 3283.981135345459, 3414.7253037872315, 3600.2690175079347, 3839.3036917205814, 3519.9973908309935, 3807.0352687683103, 3885.163447914886, 3877.419695877075, 4031.5707218437196, 4212.691938476562, 4251.780987606048, 4182.003095085144, 4338.711006634521, 4641.002392063904, 4740.557860198212, 4776.335590484619, 4946.547741673278, 4868.804748447418, 4904.303964038086, 4932.56714347229, 4949.811753788757, 5048.784303936768]
shares:[0, 1.1639, 2.3209, 3.4925, 4.554, 5.6297, 6.7266, 7.8295, 8.9497, 10.0043, 11.0598, 12.118, 13.1925, 14.2406, 15.2642, 16.3829, 17.4995, 18.6513, 19.6989, 20.7218, 21.7304, 22.8314, 23.8401, 24.8807, 25.955, 26.9579, 27.8961, 28.8407, 29.78, 30.7304, 31.6956, 32.6518, 33.5846, 34.4827, 35.491, 36.4484, 37.4113, 38.4017, 39.3785, 40.336, 41.3075, 42.3194, 43.3178, 44.2717, 45.2257, 46.1928, 47.1459, 48.1345, 49.1364, 50.1532, 51.1873, 52.2216]
growth_rate:-1.0
