ticker:DOX
price:[58.75, 57.29999923706055, 58.0, 57.52000045776367, 57.4900016784668, 59.400001525878906, 58.470001220703125, 57.310001373291016, 56.380001068115234, 58.02000045776367, 64.19000244140625, 64.61000061035156, 66.7300033569336, 67.04000091552734, 66.76000213623047, 69.23999786376953, 69.66999816894531, 70.93000030517578, 70.44000244140625, 70.0199966430664, 70.77999877929688, 70.62000274658203, 75.01000213623047, 77.58999633789062, 76.97000122070312, 75.80999755859375, 77.2699966430664, 79.93000030517578, 80.58999633789062, 82.16000366210938, 72.4000015258789, 73.68000030517578, 76.11000061035156, 78.1500015258789, 76.73999786376953, 76.81999969482422, 77.9000015258789, 77.5199966430664, 78.0999984741211, 80.61000061035156, 80.83999633789062, 77.8499984741211, 78.8499984741211, 78.4000015258789, 79.45999908447266, 78.76000213623047, 77.88999938964844, 77.11000061035156, 76.22000122070312, 78.19999694824219, 78.0, 77.0999984741211]
assets:[0, 99.99995866851808, 201.2194, 299.55265838394166, 399.3945396606445, 512.663593169403, 604.6382826232909, 692.6429455974579, 781.4042628036499, 904.1314691333771, 1100.2808318481443, 1207.4769184066772, 1347.0985967674255, 1453.3534758476258, 1547.2832175109863, 1704.7649114036558, 1815.3493402893066, 1948.177574382019, 2034.7158225219725, 2122.586178237915, 2245.622865270996, 2340.544627029419, 2586.0448336486816, 2774.9907010253905, 2852.8161252441405, 2909.82271729126, 3065.864837805939, 3271.407024490357, 3398.415673571777, 3564.618566885376, 3241.1670683097836, 3398.467910076141, 3610.551874954224, 3807.327404338074, 3838.6344551429747, 3942.632844337463, 4098.062010271454, 4178.072003072358, 4309.331425806427, 4547.82277043457, 4660.797652862549, 4588.408845066071, 4747.345513130951, 4820.251613815308, 4985.423640558624, 5041.506496742249, 5085.819721147156, 5134.886027644348, 5175.6200968902585, 5410.071288871765, 5496.2388, 5532.819250500488]
shares:[0, 1.7452, 3.4693, 5.2078, 6.9472, 8.6307, 10.341, 12.0859, 13.8596, 15.5831, 17.141, 18.6887, 20.1873, 21.6789, 23.1768, 24.6211, 26.0564, 27.4662, 28.8858, 30.314, 31.7268, 33.1428, 34.476, 35.7648, 37.064, 38.3831, 39.6773, 40.9284, 42.1692, 43.3863, 44.7675, 46.1247, 47.4386, 48.7182, 50.0213, 51.323, 52.6067, 53.8967, 55.1771, 56.4176, 57.6546, 58.9391, 60.2073, 61.4828, 62.7413, 64.011, 65.2949, 66.5917, 67.9037, 69.1825, 70.4646, 71.7616]
growth_rate:8.49
