ticker:DOYU
price:[15.729999542236328, 15.8100004196167, 16.030000686645508, 14.15999984741211, 13.989999771118164, 14.0, 15.279999732971191, 15.069999694824219, 15.300000190734863, 14.90999984741211, 14.210000038146973, 13.829999923706055, 13.970000267028809, 11.979999542236328, 11.710000038146973, 12.220000267028809, 11.260000228881836, 11.0600004196167, 11.020000457763672, 12.140000343322754, 12.8100004196167, 13.130000114440918, 14.489999771118164, 18.719999313354492, 16.3700008392334, 14.34000015258789, 14.699999809265137, 14.210000038146973, 13.170000076293945, 10.550000190734863, 10.5600004196167, 10.300000190734863, 10.15999984741211, 10.5, 9.109999656677246, 8.569999694824219, 7.840000152587891, 7.360000133514404, 7.900000095367432, 7.329999923706055, 8.020000457763672, 8.270000457763672, 7.090000152587891, 6.639999866485596, 5.449999809265137, 4.590000152587891, 4.0, 4.03000020980835, 3.5799999237060547, 3.450000047683716, 3.2899999618530273, 3.7799999713897705]
assets:[0, 99.99983365411758, 201.39131062660218, 277.89707700538634, 374.56125887203217, 474.8296, 618.2425411957742, 709.7457476272583, 820.5772602295875, 899.6604447929382, 957.4229095702171, 1031.8203363079072, 1142.2654538337708, 1079.5513027496338, 1155.2207787632942, 1305.5335045282366, 1302.9711944854737, 1379.8279563507078, 1474.8375172637939, 1724.7298487758635, 1919.91674689064, 2067.8765430235862, 2382.066124373245, 3177.452187451744, 2878.5729755744937, 2621.608713895798, 2787.4227838327406, 2794.5087665019037, 2689.984368583107, 2254.847320765686, 2356.9847016581534, 2398.9524444236754, 2466.345042959213, 2648.88015, 2398.2183416198727, 2356.0626021011353, 2255.371259895706, 2217.2876242228035, 2479.968819937754, 2401.0345660089492, 2727.052785654068, 2912.0606791893006, 2596.5551578819277, 2531.75226909256, 2178.0193937753675, 1934.3320933040618, 1785.6924, 1899.0852088694573, 1787.0285619163515, 1822.1365001844167, 1837.6314526929857, 2211.3211512628554]
shares:[0, 6.3251, 12.5634, 19.6255, 26.7735, 33.9164, 40.4609, 47.0966, 53.6325, 60.3394, 67.3767, 74.6074, 81.7656, 90.1128, 98.6525, 106.8358, 115.7168, 124.7584, 133.8328, 142.07, 149.8764, 157.4925, 164.3938, 169.7357, 175.8444, 182.8179, 189.6206, 196.6579, 204.2509, 213.7296, 223.1993, 232.908, 242.7505, 252.2743, 263.2512, 274.9198, 287.6749, 301.2619, 313.9201, 327.5627, 340.0315, 352.1234, 366.2278, 381.288, 399.6366, 421.4231, 446.4231, 471.237, 499.17, 528.1555, 558.5506, 585.0056]
growth_rate:-56.64
