ticker:DPRO
price:[1.0700000524520874, 1.4500000476837158, 2.140000104904175, 2.200000047683716, 2.9600000381469727, 2.940000057220459, 2.700000047683716, 2.0899999141693115, 2.119999885559082, 2.259999990463257, 1.9279999732971191, 1.6100000143051147, 1.8899999856948853, 1.6699999570846558, 1.3899999856948853, 1.4600000381469727, 1.7100000381469727, 1.4850000143051147, 1.319000005722046, 1.3300000429153442, 1.7000000476837158, 1.4299999475479126, 1.5399999618530273, 1.5499999523162842, 1.5099999904632568, 1.5199999809265137, 1.3700000047683716, 1.059999942779541, 1.3289999961853027, 5.309999942779541, 3.8299999237060547, 3.259999990463257, 2.7799999713897705, 2.7799999713897705, 2.869999885559082, 2.869999885559082]
assets:[0, 99.99997828853131, 247.58624213683606, 354.52780768418313, 577.0010954360962, 673.1024291004181, 718.155192683077, 655.9053000637293, 765.3201706868172, 915.8602501352549, 881.31790059371, 835.9553164276003, 1081.3389218155144, 1055.4686968767644, 978.5038339297772, 1127.7809714667321, 1420.8940936975478, 1333.9343783498882, 1284.8211542737722, 1395.5361940300106, 1883.7680128382683, 1684.5812652099253, 1914.1645125846862, 2026.5940926544904, 2074.2949898993256, 2188.0320685438155, 2072.107882212102, 1703.236634056616, 2235.473149983406, 9031.800142673492, 6614.462339239311, 5730.064493237376, 4986.373914682984, 5086.373849653841, 5351.040453627872, 5451.040433640384]
shares:[0, 68.9655, 115.6945, 161.149, 194.9328, 228.9464, 265.9834, 313.8303, 361.0001, 405.2479, 457.1151, 519.2269, 572.137, 632.0172, 703.9596, 772.4527, 830.9322, 898.2723, 974.0873, 1049.2753, 1108.0988, 1178.0289, 1242.964, 1307.4801, 1373.7053, 1439.4948, 1512.4875, 1606.8271, 1682.0716, 1700.904, 1727.0137, 1757.6885, 1793.6597, 1829.6309, 1864.4741, 1899.3173]
growth_rate:55.74
