ticker:DRIO
price:[15.75, 15.050000190734863, 18.950000762939453, 16.469999313354492, 16.5, 14.970000267028809, 13.329999923706055, 12.470000267028809, 10.170000076293945, 11.640000343322754, 13.100000381469727, 14.010000228881836, 12.890000343322754, 11.949999809265137, 12.289999961853027, 13.550000190734863, 13.170000076293945, 14.289999961853027, 16.639999389648438, 17.889999389648438, 21.989999771118164, 21.65999984741211, 24.989999771118164, 30.420000076293945, 28.0, 26.600000381469727, 21.8799991607666, 18.690000534057617, 19.770000457763672, 20.739999771118164, 20.3799991607666, 20.6200008392334, 18.239999771118164, 18.549999237060547, 21.68000030517578, 18.549999237060547, 14.520000457763672, 17.8799991607666, 16.270000457763672, 19.989999771118164, 19.739999771118164, 21.690000534057617, 22.579999923706055, 20.65999984741211, 18.6200008392334, 16.059999465942383, 15.510000228881836, 14.84000015258789, 14.829999923706055, 11.9399995803833, 11.329999923706055, 12.90999984741211]
assets:[0, 99.99972626733779, 225.91243409538268, 296.3463446451187, 396.88605, 460.0834972067833, 509.6805450828552, 576.7973683513642, 570.4108962791443, 752.8600902056695, 947.2911575849532, 1113.0959191846848, 1124.1124389405252, 1142.1367667702675, 1274.632766043663, 1505.3115261893274, 1563.0959460550307, 1796.0243552055358, 2191.3814236206053, 2455.998153208923, 3118.859259537506, 3172.0549936538696, 3759.7254735649108, 4676.664341729164, 4404.6212, 4284.390241442298, 3624.15273699131, 3195.7695493175506, 3480.4374085876466, 3751.2022786026, 3786.0902680915833, 3930.677349978447, 3576.99163511467, 3737.7840362693787, 4468.471366899872, 3923.3452436374664, 3170.9967639701845, 4004.780092027664, 3744.1712763439177, 4700.244648183059, 4741.463063023567, 5309.844439740562, 5627.7217649848935, 5249.191527231216, 4830.879151735497, 4266.698602115631, 4220.579711283302, 4138.258698550415, 4235.470223210335, 3510.0816746424675, 3430.7557008979798, 4009.183669614029]
shares:[0, 6.6445, 11.9215, 17.9931, 24.0537, 30.7337, 38.2356, 46.2548, 56.0876, 64.6787, 72.3123, 79.4501, 87.2081, 95.5763, 103.713, 111.0931, 118.6861, 125.684, 131.6936, 137.2833, 141.8308, 146.4476, 150.4492, 153.7365, 157.3079, 161.0673, 165.6377, 170.9882, 176.0464, 180.868, 185.7748, 190.6245, 196.107, 201.4978, 206.1103, 211.5011, 218.3882, 223.981, 230.1273, 235.1298, 240.1957, 244.8061, 249.2348, 254.0751, 259.4457, 265.6724, 272.1199, 278.8584, 285.6015, 293.9767, 302.8028, 310.5487]
growth_rate:-21.39
