ticker:DRIV
price:[17.08099937438965, 16.68000030517578, 17.100000381469727, 16.285999298095703, 17.010000228881836, 18.093000411987305, 18.149999618530273, 18.239999771118164, 17.415000915527344, 19.34000015258789, 20.229999542236328, 20.979999542236328, 22.100000381469727, 22.850000381469727, 22.559999465942383, 23.290000915527344, 23.600000381469727, 23.969999313354492, 26.5, 26.399999618530273, 27.760000228881836, 25.899999618530273, 27.469999313354492, 28.229999542236328, 27.959999084472656, 26.5, 26.1299991607666, 27.31999969482422, 27.040000915527344, 26.31999969482422, 27.0, 27.3799991607666, 27.75, 27.600000381469727, 26.950000762939453, 27.239999771118164, 26.389999389648438, 26.6200008392334, 27.670000076293945, 28.5, 28.459999084472656, 27.229999542236328, 28.110000610351562, 28.40999984741211, 28.06999969482422, 27.18000030517578, 27.889999389648438, 28.56999969482422, 28.889999389648438, 28.899999618530273, 27.3700008392334, 28.56999969482422]
assets:[0, 99.99993782958984, 202.51872451782225, 292.87763977737427, 405.89772846164703, 531.7406170080185, 633.4150216871261, 736.556726757431, 803.2425362274171, 992.0298358268738, 1137.6825762565613, 1279.8596960746765, 1448.1842949972154, 1597.3315616666796, 1677.0584722993851, 1831.3253779891968, 1955.7013516119005, 2086.363122233963, 2406.5763, 2497.4954039121626, 2726.1541664772035, 2643.49382106514, 2903.735506417656, 3084.0709899902345, 3154.5729167060854, 3089.84965, 3146.707761935234, 3390.0130901321413, 3455.26866098938, 3463.264519844055, 3652.7409, 3804.1497033977507, 3955.5571499999996, 4034.1761357578275, 4039.1690943466183, 4182.633864855767, 4152.118055969238, 4288.3064431949615, 4557.453770566178, 4794.1617, 4887.43279677658, 4776.204548707199, 5030.560087228394, 5184.248249155808, 5222.204497224427, 5156.627709898376, 5391.329323014832, 5622.77878693924, 5785.756842765808, 5887.759352283669, 5676.053725042152, 6024.912960643768]
shares:[0, 5.9952, 11.8432, 17.9834, 23.8623, 29.3893, 34.8989, 40.3814, 46.1236, 51.2942, 56.2374, 61.0038, 65.5287, 69.9051, 74.3377, 78.6314, 82.8687, 87.0406, 90.8142, 94.6021, 98.2044, 102.0654, 105.7057, 109.248, 112.8245, 116.5981, 120.4251, 124.0854, 127.7836, 131.583, 135.2867, 138.939, 142.5426, 146.1658, 149.8764, 153.5475, 157.3368, 161.0934, 164.7074, 168.2162, 171.7299, 175.4023, 178.9598, 182.4797, 186.0422, 189.7214, 193.3069, 196.8071, 200.2685, 203.7287, 207.3823, 210.8825]
growth_rate:18.14
