ticker:DRNA
price:[17.1299991607666, 17.415000915527344, 19.850000381469727, 18.670000076293945, 18.079999923706055, 19.8799991607666, 20.434999465942383, 19.389999389648438, 20.989999771118164, 22.600000381469727, 22.8799991607666, 22.829999923706055, 24.540000915527344, 24.309999465942383, 23.59000015258789, 22.219999313354492, 23.43000030517578, 22.030000686645508, 23.290000915527344, 23.56999969482422, 24.639999389648438, 22.469999313354492, 27.40999984741211, 26.010000228881836, 27.43000030517578, 26.979999542236328, 27.399999618530273, 27.799999237060547, 26.059999465942383, 24.09000015258789, 25.760000228881836, 26.09000015258789, 28.959999084472656, 28.68000030517578, 31.190000534057617, 25.770000457763672, 26.219999313354492, 29.1299991607666, 32.599998474121094, 31.100000381469727, 37.36000061035156, 36.18000030517578, 37.4900016784668, 37.77000045776367, 38.040000915527344, 38.0, 37.5099983215332, 37.5099983215332, 27.25, 20.579999923706055, 20.639999389648438, 20.649999618530273]
assets:[0, 100.00041825714112, 213.98300411224363, 301.26285523109436, 391.74297434692386, 530.7442895946502, 645.5620681285858, 712.5495145706177, 871.3473654985429, 1038.1829975236892, 1151.0447097799301, 1248.5293188276291, 1442.0465277992248, 1528.5301124202729, 1583.2593732410432, 1591.311914825058, 1777.9668291580201, 1771.729760222435, 1973.0636655609133, 2096.784815851593, 2291.970855226135, 2190.121622073555, 2771.6169545707703, 2730.0538410238264, 2979.0982721443174, 3030.2235745868684, 3177.3943757635116, 3323.7790287826538, 3215.7439960985184, 3072.650611462402, 3385.657438082123, 3529.029953639603, 4017.2355050010683, 4078.396423397064, 4535.328620657157, 3847.2085223396302, 4014.389396871757, 4559.922678628922, 5203.1064564628605, 5063.698952110863, 6182.953077011109, 6087.66855934906, 6408.091006896972, 6555.950491456604, 6702.815537319946, 6795.768, 6808.13971535492, 6908.141370880127, 5118.577325, 3965.700129298401, 4077.2626314300537, 4179.237782796478]
shares:[0, 5.7422, 10.78, 16.1362, 21.6672, 26.6974, 31.591, 36.7483, 41.5125, 45.9373, 50.3079, 54.6881, 58.7631, 62.8766, 67.1157, 71.6162, 75.8842, 80.4235, 84.7172, 88.9599, 93.0183, 97.4687, 101.117, 104.9617, 108.6073, 112.3137, 115.9633, 119.5604, 123.3977, 127.5488, 131.4308, 135.2637, 138.7167, 142.2035, 145.4097, 149.2902, 153.1041, 156.537, 159.6045, 162.8199, 165.4966, 168.2606, 170.928, 173.5756, 176.2044, 178.836, 181.502, 184.168, 187.8377, 192.6968, 197.5418, 202.3844]
growth_rate:-18.05
