ticker:DRRX
price:[1.6200000047683716, 1.600000023841858, 1.850000023841858, 1.7699999809265137, 1.809999942779541, 1.8899999856948853, 1.8600000143051147, 1.9299999475479126, 1.809999942779541, 1.7100000381469727, 1.7899999618530273, 1.7000000476837158, 1.8200000524520874, 1.9199999570846558, 2.0, 2.2899999618530273, 2.1500000953674316, 2.069999933242798, 2.0899999141693115, 2.0299999713897705, 2.25, 2.059999942779541, 2.450000047683716, 2.5999999046325684, 2.5399999618530273, 2.2200000286102295, 2.049999952316284, 2.2200000286102295, 2.240000009536743, 1.9700000286102295, 2.0199999809265137, 1.850000023841858, 1.7100000381469727, 1.7699999809265137, 1.899999976158142, 1.7599999904632568, 1.7200000286102295, 1.7100000381469727, 1.649999976158142, 1.7200000286102295, 1.75, 1.7000000476837158, 1.8200000524520874, 1.600000023841858, 1.4900000095367432, 1.350000023841858, 1.4800000190734863, 1.409999966621399, 1.3700000047683716, 1.2999999523162842, 1.25, 1.3899999856948853]
assets:[0, 100.00000149011612, 215.6250877788663, 306.3007976993084, 413.22280593657496, 531.4868959772587, 623.050528791833, 746.4986967122197, 800.0842297065258, 855.880669093132, 995.921789775753, 1045.8475093352317, 1219.6721251507402, 1386.6869450051308, 1544.4656, 1868.4130298758507, 1854.1869572460653, 1885.1938582027674, 2003.408291725397, 2045.894262165761, 2367.6167250000003, 2267.6846050107, 2797.003599437356, 3068.248447457314, 3097.4428314810752, 2807.2137901779415, 2692.2468973773953, 3015.5064028623106, 3142.6731973798514, 2863.8688265918495, 3036.5558813278676, 2881.004297128916, 2762.982322637081, 2959.929019103861, 3277.3249688749906, 3135.837919008136, 3164.568884638977, 3246.1701934161188, 3232.2694332949636, 3469.3960617094276, 3629.9088, 3626.1971717120887, 3982.1641187652826, 3600.8035736561537, 3453.2483091025115, 3228.7820970223424, 3639.7018869066237, 3567.553715546131, 3566.3466114128946, 3484.1244122030735, 3450.11975, 3936.5330574873688]
shares:[0, 62.5, 116.5541, 173.0513, 228.2999, 281.21, 334.9734, 386.7869, 442.0355, 500.515, 556.3809, 615.2044, 670.1495, 722.2328, 772.2328, 815.9009, 862.4125, 910.7217, 958.5686, 1007.8297, 1052.2741, 1100.8178, 1141.6341, 1180.0956, 1219.4657, 1264.5107, 1313.2912, 1358.3362, 1402.9791, 1453.7405, 1503.2455, 1557.2996, 1615.7791, 1672.2763, 1724.9079, 1781.7261, 1839.8656, 1898.3451, 1958.9512, 2017.0907, 2074.2336, 2133.0571, 2188.0022, 2250.5022, 2317.6163, 2391.6904, 2459.258, 2530.18, 2603.1727, 2680.0958, 2760.0958, 2832.0382]
growth_rate:-22.81
