ticker:DRTT
price:[1.6799999475479126, 1.7999999523162842, 1.8700000047683716, 1.5199999809265137, 1.5199999809265137, 1.5700000524520874, 1.5700000524520874, 1.4800000190734863, 1.3899999856948853, 1.440000057220459, 1.3700000047683716, 1.4500000476837158, 1.690000057220459, 2.3299999237060547, 2.075000047683716, 2.0799999237060547, 2.440000057220459, 2.4700000286102295, 2.450000047683716, 2.359999895095825, 2.2799999713897705, 2.259999990463257, 2.390000104904175, 2.4149999618530273, 2.2899999618530273, 2.240000009536743, 2.819999933242798, 3.1500000953674316, 3.2799999713897705, 2.940000057220459, 3.119999885559082, 3.180000066757202, 3.049999952316284, 3.1500000953674316, 3.430000066757202, 3.390000104904175, 3.2300000190734863, 3.25, 3.4100000858306885, 3.509999990463257, 3.559999942779541, 3.619999885559082, 4.070000171661377, 4.260000228881836, 4.25, 4.590000152587891, 4.25, 4.599999904632568, 4.579999923706055, 3.7799999713897705, 3.799999952316284, 3.700000047683716]
assets:[0, 100.00007735090256, 203.8889055199027, 265.72791666555406, 365.72795541071895, 477.758551961422, 577.7586063023209, 644.6387243077755, 705.4376417400241, 830.813073013544, 890.4262970991849, 1042.4219992803812, 1314.9608215222836, 1912.9341313625337, 1803.5788364464283, 1907.9246500177383, 2338.1424988317967, 2466.890051574206, 2546.91518956995, 2553.3549225010156, 2566.8004837908984, 2644.2847388416526, 2896.389742131114, 3026.686608190918, 2970.0257555251123, 3005.17818879447, 3883.304596071434, 4437.733994354057, 4720.87837482152, 4331.5191363032345, 4696.713979725551, 4887.035550592708, 4787.250950156093, 5044.210127715349, 5592.584238847017, 5627.3645791398285, 5461.766271252298, 5595.585125, 5971.060190293312, 6246.164323029042, 6435.140980566931, 6643.598273972511, 7569.4603932589525, 8022.826055051422, 8103.99265, 8852.312391282272, 8296.585225, 9079.83309175644, 9140.355769739343, 7643.78704414537, 7784.23036232078, 7679.382288967967]
shares:[0, 55.5556, 109.0315, 174.821, 240.6105, 304.3048, 367.9991, 435.5667, 507.5091, 576.9535, 649.9462, 718.9117, 778.0833, 821.0018, 869.1946, 917.2715, 958.2551, 998.7409, 1039.5572, 1081.9301, 1125.7897, 1170.0375, 1211.8785, 1253.2864, 1296.9545, 1341.5974, 1377.0584, 1408.8044, 1439.2922, 1473.3058, 1505.3571, 1536.8036, 1569.5905, 1601.3365, 1630.491, 1659.9895, 1690.9493, 1721.7185, 1751.044, 1779.534, 1807.6239, 1835.2482, 1859.8182, 1883.2924, 1906.8218, 1928.6083, 1952.1377, 1973.8768, 1995.7109, 2022.1659, 2048.4817, 2075.5087]
growth_rate:50.58
