ticker:DRVN
price:[29.790000915527344, 28.100000381469727, 31.770000457763672, 34.5, 30.889999389648438, 28.5, 27.559999465942383, 26.3799991607666, 23.940000534057617, 23.579999923706055, 25.270000457763672, 25.440000534057617, 25.8700008392334, 25.709999084472656, 28.520000457763672, 28.1200008392334, 28.1299991607666, 28.81999969482422, 29.6200008392334, 28.920000076293945, 29.829999923706055, 28.760000228881836, 30.850000381469727, 30.709999084472656, 29.139999389648438, 28.56999969482422, 30.969999313354492, 31.81999969482422, 28.8700008392334, 28.600000381469727, 28.139999389648438, 29.5, 29.719999313354492]
assets:[0, 99.99947135753632, 213.0591540699005, 331.36905, 396.69555016174314, 466.0035, 550.6322533298492, 627.0578560512542, 669.0583769254685, 758.9977535442353, 913.3968015460968, 1019.5410934030534, 1136.7744028774262, 1229.742679209137, 1464.1483755004883, 1543.6137020687104, 1644.161881947899, 1784.4911511039734, 1934.026106797409, 1988.3194132453916, 2150.8831954988477, 2173.7325852993013, 2431.698835068703, 2520.664440853882, 2491.7992298080444, 2543.058527835846, 2856.6851246635433, 3035.090212891388, 2853.71008595562, 2927.0212790409087, 2979.9443293655395, 3223.96355, 3348.005474648285]
shares:[0, 3.5587, 6.7063, 9.6049, 12.8422, 16.351, 19.9794, 23.7702, 27.9473, 32.1882, 36.1455, 40.0763, 43.9418, 47.8313, 51.3376, 54.8938, 58.4487, 61.9185, 65.2946, 68.7524, 72.1047, 75.5818, 78.8233, 82.0796, 85.5113, 89.0115, 92.2404, 95.3831, 98.8469, 102.3434, 105.8971, 109.2869, 112.6516]
growth_rate:4.63
