ticker:DSAC
price:[9.899999618530273, 9.8100004196167, 9.930000305175781, 9.960000038146973, 10.109999656677246, 10.279999732971191, 10.279999732971191, 10.079999923706055, 10.460000038146973, 10.5, 10.59000015258789, 10.329999923706055, 10.050000190734863, 9.984999656677246, 10.010000228881836, 9.960000038146973, 9.920000076293945, 10.1899995803833, 10.050000190734863, 9.890000343322754, 9.789999961853027, 9.789999961853027, 9.6899995803833, 9.649999618530273, 9.71500015258789, 9.6899995803833, 9.729999542236328, 9.6899995803833, 9.704999923706055, 9.680000305175781, 9.699999809265137, 9.699999809265137, 9.699999809265137, 9.699999809265137, 9.699999809265137, 9.694999694824219, 9.800000190734863, 9.699999809265137, 9.6899995803833, 9.6899995803833]
assets:[0, 100.00020127744675, 201.22351218414306, 301.8318251560211, 406.3775021999359, 513.2104826690673, 613.2102080715179, 701.2797066921233, 827.716539018631, 930.8817, 1038.8610119686125, 1113.3549957771302, 1183.1764724550246, 1275.523796142578, 1378.717371524811, 1471.8310376371385, 1565.9196280433655, 1708.5399066435812, 1785.0659588780404, 1856.6467974518778, 1937.873710449028, 2037.8736650593758, 2117.057542322731, 2208.318457703972, 2323.1936469890597, 2417.2149693246843, 2527.19321410408, 2616.8037666816713, 2720.8549586105346, 2813.8463767105104, 2919.660172589588, 3019.660380623245, 3119.6605886569023, 3219.6607966905594, 3319.661004724216, 3417.9498439109802, 3554.967709189415, 3618.692598844242, 3714.96172912693, 3814.9615557965276]
shares:[0, 10.1937, 20.2642, 30.3044, 40.1956, 49.9232, 59.6508, 69.5714, 79.1316, 88.6554, 98.0983, 107.7788, 117.729, 127.744, 137.734, 147.7742, 157.8548, 167.6683, 177.6185, 187.7297, 197.9442, 208.1587, 218.4786, 228.8413, 239.1347, 249.4546, 259.7321, 270.052, 280.356, 290.6866, 300.9959, 311.3052, 321.6145, 331.9238, 342.2331, 352.5477, 362.7518, 373.0611, 383.381, 393.7009]
growth_rate:-2.18
