ticker:DSACU
price:[9.800000190734863, 9.890000343322754, 9.946999549865723, 9.949999809265137, 10.0, 10.0, 10.399999618530273, 10.260000228881836, 10.449999809265137, 10.670000076293945, 11.0, 10.949999809265137, 10.680000305175781, 10.609999656677246, 12.180000305175781, 11.960000038146973, 11.668000221252441, 11.390000343322754, 10.75, 10.899999618530273, 10.6899995803833, 10.461999893188477, 10.569999694824219, 10.75, 11.510000228881836, 10.350000381469727, 10.149999618530273, 10.152999877929688, 10.100000381469727, 10.116000175476074, 10.350000381469727, 10.229999542236328, 10.229999542236328, 10.130000114440918, 10.149999618530273, 10.149999618530273, 10.109999656677246, 10.029999732971191, 10.100000381469727, 10.119999885559082, 10.130000114440918, 10.095000267028809, 10.0600004196167, 10.02299976348877, 10.02299976348877]
assets:[0, 99.99977147140503, 200.57627242326737, 300.63725423698423, 402.14799999999997, 502.14799999999997, 622.23405717659, 713.8579839248658, 827.0777749040603, 944.4902677534103, 1073.7012, 1168.8204996406555, 1240.0003674324037, 1331.8732569026947, 1628.95567681427, 1699.5327494207384, 1758.0385957365036, 1816.1515007432938, 1814.1022750000002, 1939.4151321258544, 2002.0498464131356, 2059.349474775124, 2180.607849041748, 2317.7419250000003, 2581.6009713363646, 2421.421919246292, 2474.630806995392, 2575.3622299362182, 2661.91873053875, 2766.1352735824585, 2930.120297995377, 2996.147943930817, 3096.148235456085, 3165.8833507657055, 3272.133532022667, 3372.1333582643506, 3458.844203542042, 3531.4746419815065, 3656.121358089066, 3763.360789442444, 3867.0799326872825, 3953.7189685821536, 4040.0116645145417, 4125.15298275938, 4225.153453699684]
shares:[0, 10.1112, 20.1645, 30.2148, 40.2148, 50.2148, 59.8302, 69.5768, 79.1462, 88.5183, 97.6092, 106.7416, 116.1049, 125.53, 133.7402, 142.1014, 150.6718, 159.4514, 168.7537, 177.928, 187.2825, 196.8409, 206.3016, 215.6039, 224.292, 233.9538, 243.806, 253.6553, 263.5563, 273.4416, 283.1034, 292.8786, 302.6538, 312.5255, 322.3777, 332.2299, 342.1211, 352.0912, 361.9922, 371.8736, 381.7453, 391.6512, 401.5916, 411.5687, 421.5458]
growth_rate:-3.97
