ticker:DSEY
price:[15.079999923706055, 14.770000457763672, 14.800000190734863, 14.34000015258789, 16.309999465942383, 18.0, 17.709999084472656, 17.020000457763672, 16.8799991607666, 16.8799991607666, 17.139999389648438, 17.3700008392334, 17.75, 17.399999618530273, 17.65999984741211, 17.65999984741211, 16.389999389648438, 16.100000381469727, 16.68000030517578, 16.6299991607666, 16.799999237060547, 15.649999618530273, 17.469999313354492, 17.469999313354492, 17.469999313354492]
assets:[0, 100.00028809928894, 200.20404258012772, 293.9814751281738, 434.3679057769776, 579.3768, 670.0418763618469, 743.9357100086212, 837.8168143457412, 937.8173053739547, 1052.2622705291749, 1166.3833973539352, 1291.9000250000001, 1366.425450043106, 1486.8430691532135, 1586.8428182891846, 1572.7269764328005, 1644.9000089738845, 1804.1572050086975, 1898.7484471796038, 2018.158708349228, 1980.0113467370986, 2310.2746371963503, 2410.2746602659226, 2510.274683335495]
shares:[0, 6.7705, 13.5273, 20.5008, 26.632, 32.1876, 37.8341, 43.7095, 49.6337, 55.5579, 61.3922, 67.1493, 72.7831, 78.5302, 84.1927, 89.8552, 95.9565, 102.1677, 108.1629, 114.1761, 120.1285, 126.5183, 132.2424, 137.9665, 143.6906]
growth_rate:4.59
