ticker:DSGN
price:[29.75, 26.600000381469727, 23.5, 19.270000457763672, 26.229999542236328, 28.049999237060547, 22.989999771118164, 27.219999313354492, 26.200000762939453, 26.229999542236328, 27.09000015258789, 25.719999313354492, 23.479999542236328, 19.360000610351562, 18.549999237060547, 17.75, 18.290000915527344, 15.479999542236328, 15.300000190734863, 16.510000228881836, 14.960000038146973, 17.420000076293945, 15.140000343322754, 15.140000343322754]
assets:[0, 100.00004143409728, 188.34545, 254.44301304435731, 446.3427872104645, 577.3138642974855, 573.1705812936783, 778.6308023584365, 849.4538047359467, 950.4256724132537, 1081.5872190921784, 1126.8883339155198, 1128.74462599411, 1030.6857764938354, 1087.5623402698518, 1140.659375, 1275.3617638397218, 1179.4196171230315, 1265.7047557786943, 1465.8023973207476, 1428.1893156417848, 1763.0381417215349, 1632.2843150145532, 1732.2840172821998]
shares:[0, 3.7594, 8.0147, 13.2041, 17.0165, 20.5816, 24.9313, 28.6051, 32.4219, 36.2343, 39.9257, 43.8137, 48.0726, 53.2379, 58.6287, 64.2625, 69.73, 76.1899, 82.7258, 88.7827, 95.4672, 101.2077, 107.8127, 114.4177]
growth_rate:-24.68
