ticker:DSGX
price:[56.869998931884766, 53.75, 51.869998931884766, 53.33000183105469, 55.84000015258789, 57.06999969482422, 55.75, 55.47999954223633, 53.7599983215332, 59.13999938964844, 55.900001525878906, 57.47999954223633, 58.029998779296875, 57.66999816894531, 56.209999084472656, 57.58000183105469, 59.70000076293945, 58.47999954223633, 60.849998474121094, 58.599998474121094, 62.5, 61.060001373291016, 62.93000030517578, 64.05999755859375, 60.97999954223633, 58.560001373291016, 58.790000915527344, 61.959999084472656, 61.119998931884766, 59.61000061035156, 61.900001525878906, 64.44999694824219, 65.91999816894531, 63.619998931884766, 64.05999755859375, 61.279998779296875, 58.220001220703125, 58.34000015258789, 58.439998626708984, 63.7599983215332, 65.86000061035156, 65.66000366210938, 67.7699966430664, 70.5, 71.08000183105469, 68.66999816894531, 71.41000366210938, 72.66000366210938, 72.3499984741211, 73.30999755859375, 73.33999633789062, 77.58000183105469]
assets:[0, 100.001875, 196.50430395355227, 302.0344653701782, 416.2481131374359, 525.4149521903992, 613.2611499999999, 710.293790139389, 788.2721033889771, 967.1578080184936, 1014.1713676834107, 1142.8345948986055, 1253.7671386260986, 1345.988922264099, 1411.9108620033264, 1546.3224651733399, 1703.2529617668151, 1768.4468821571352, 1940.1170113494875, 1968.379808745575, 2199.38125, 2248.705518575287, 2417.575528723907, 2560.984176397705, 2537.853424948883, 2537.1413394985198, 2647.107976222992, 2889.8391412994383, 2950.659628435135, 2977.7639314895628, 3192.1583186889648, 3423.661177886963, 3601.7500439544674, 3576.080139961243, 3700.8101189575195, 3640.2096394866944, 3558.435584609985, 3665.7705735877994, 3772.056463359833, 4215.441281029511, 4454.283077279663, 4540.756949255371, 4786.676186895753, 5079.4968, 5221.2881545028695, 5144.254971830749, 5449.518750466919, 5644.912088507081, 5720.830139346313, 5896.7409706237795, 5999.1530284423825, 6445.982708139039]
shares:[0, 1.8605, 3.7884, 5.6635, 7.4543, 9.2065, 11.0002, 12.8027, 14.6628, 16.3537, 18.1426, 19.8823, 21.6055, 23.3395, 25.1185, 26.8552, 28.5302, 30.2402, 31.8836, 33.5901, 35.1901, 36.8278, 38.4169, 39.9779, 41.6178, 43.3255, 45.0265, 46.6404, 48.2765, 49.9541, 51.5696, 53.1212, 54.6382, 56.21, 57.771, 59.4029, 61.1205, 62.8346, 64.5458, 66.1142, 67.6326, 69.1556, 70.6312, 72.0496, 73.4565, 74.9127, 76.3131, 77.6894, 79.0716, 80.4357, 81.7992, 83.0882]
growth_rate:26.39
