ticker:DSKE
price:[5.900000095367432, 5.789999961853027, 5.829999923706055, 5.389999866485596, 6.03000020980835, 6.460000038146973, 6.369999885559082, 5.480000019073486, 6.570000171661377, 6.889999866485596, 6.349999904632568, 6.929999828338623, 7.070000171661377, 6.929999828338623, 5.989999771118164, 6.019999980926514, 5.760000228881836, 5.809999942779541, 5.75, 5.880000114440918, 6.099999904632568, 5.260000228881836, 5.550000190734863, 5.210000038146973, 5.409999847412109, 5.519999980926514, 6.059999942779541, 6.849999904632568, 7.420000076293945, 8.460000038146973, 8.609999656677246, 8.420000076293945, 7.5, 7.679999828338623, 7.590000152587891, 6.929999828338623, 5.989999771118164, 6.840000152587891, 7.239999771118164, 7.5, 7.489999771118164, 6.690000057220459, 6.619999885559082, 6.699999809265137, 6.820000171661377, 6.510000228881836, 6.800000190734863, 6.909999847412109, 9.09000015258789, 9.40999984741211, 9.390000343322754, 9.399999618530273]
assets:[0, 100.00024734115601, 200.6913343736649, 285.5449449268341, 419.44982959437374, 549.3609872440338, 641.7074184713364, 652.0498582695008, 881.7459260383129, 1024.6924931435108, 1044.382579314947, 1239.774890289831, 1364.8211131381988, 1437.7947843847273, 1342.769263691902, 1449.4943914074897, 1486.891643083763, 1599.7985902441978, 1683.277425, 1821.3341514481544, 1989.4789788964747, 1815.5180089998246, 2015.6129942698478, 1992.1341685861587, 2168.6076358348846, 2312.701144008827, 2638.9439330822465, 3082.9643870781897, 3439.503193365669, 4021.5896101337435, 4192.894188808823, 4200.3684000597, 3841.4204999999997, 4033.614245841694, 4086.3452681510926, 3831.0106271029467, 3411.3641706495287, 3995.4479211311345, 4329.099943141938, 4584.5647500000005, 4678.451593034362, 4278.750765596724, 4333.980201077843, 4486.354712282943, 4666.707877462387, 4554.58495013237, 4857.477456248569, 5036.054185792923, 6724.853014885712, 7061.591353492737, 7146.582777297592, 7254.193085611153]
shares:[0, 17.2712, 34.4239, 52.9768, 69.5605, 85.0404, 100.739, 118.9872, 134.2079, 148.7217, 164.4697, 178.8997, 193.044, 207.474, 224.1685, 240.7798, 258.1409, 275.3526, 292.7439, 309.7507, 326.1441, 345.1555, 363.1735, 382.3674, 400.8517, 418.9676, 435.4693, 450.0678, 463.5449, 475.3652, 486.9796, 498.8561, 512.1894, 525.2102, 538.3854, 552.8154, 569.5099, 584.1298, 597.942, 611.2753, 624.6264, 639.5741, 654.6798, 669.6052, 684.268, 699.629, 714.3349, 728.8067, 739.8078, 750.4348, 761.0844, 771.7227]
growth_rate:42.24
