ticker:DSP
price:[65.48999786376953, 65.91999816894531, 49.59000015258789, 41.31999969482422, 50.15999984741211, 52.2599983215332, 44.939998626708984, 48.91999816894531, 43.540000915527344, 39.029998779296875, 33.40999984741211, 32.84000015258789, 32.90999984741211, 27.3799991607666, 21.59000015258789, 29.190000534057617, 32.09000015258789, 29.209999084472656, 29.40999984741211, 29.959999084472656, 27.68000030517578, 22.8799991607666, 17.209999084472656, 17.469999313354492, 17.290000915527344, 17.5, 15.890000343322754, 14.319999694824219, 14.069999694824219, 14.029999732971191]
assets:[0, 100.00063722229004, 175.2262655391693, 246.00275018310546, 398.6315507873535, 515.3201654491425, 543.1403294025422, 691.2444661270142, 715.2228870391846, 741.1367438201904, 734.418616645813, 821.8899678188325, 923.6421827175141, 868.438813381195, 784.7921875465394, 1161.0497852424621, 1376.3978685447694, 1352.8698705970764, 1462.1328474140166, 1589.476819428253, 1568.5148972930908, 1396.5173567760467, 1150.4402507995605, 1267.8205611692426, 1354.758021736145, 1471.21275, 1435.8617450235367, 1393.9918262924193, 1469.6550851234438, 1565.4771912047386]
shares:[0, 1.517, 3.5335, 5.9536, 7.9472, 9.8607, 12.0859, 14.1301, 16.4268, 18.9889, 21.982, 25.0271, 28.0657, 31.718, 36.3498, 39.7756, 42.8918, 46.3153, 49.7155, 53.0533, 56.666, 61.0366, 66.8472, 72.5713, 78.355, 84.0693, 90.3626, 97.3458, 104.4531, 111.5807]
growth_rate:-46.02
