ticker:DSPG
price:[14.300000190734863, 13.239999771118164, 13.600000381469727, 12.75, 13.09000015258789, 14.390000343322754, 14.470000267028809, 14.390000343322754, 13.170000076293945, 15.0, 15.84000015258789, 16.049999237060547, 16.770000457763672, 17.299999237060547, 16.15999984741211, 16.139999389648438, 15.949999809265137, 16.59000015258789, 16.600000381469727, 15.920000076293945, 16.649999618530273, 16.1299991607666, 16.489999771118164, 17.440000534057617, 16.350000381469727, 15.569999694824219, 15.270000457763672, 16.100000381469727, 14.970000267028809, 14.350000381469727, 14.829999923706055, 14.460000038146973, 14.25, 14.130000114440918, 13.890000343322754, 14.460000038146973, 14.9399995803833, 15.699999809265137, 15.720000267028809, 15.989999771118164, 16.209999084472656, 15.039999961853027, 15.09000015258789, 15.100000381469727, 15.0600004196167, 14.34000015258789, 14.569999694824219, 16.049999237060547, 15.989999771118164, 15.960000038146973, 16.139999389648438, 18.65999984741211]
assets:[0, 100.00039427127838, 202.71888568611143, 290.048475, 397.7828516368866, 537.2880768188477, 640.2743598155974, 736.7349205773353, 774.2735234853744, 981.8610000000001, 1136.8447309513092, 1251.9159904899598, 1408.076318435669, 1552.5763215305328, 1550.2675693618773, 1648.3490856658937, 1728.9448893247604, 1898.3190624599456, 1999.463405947876, 2017.557529668808, 2210.070999364853, 2241.047241399765, 2391.064807811928, 2628.8149925010684, 2564.513909833908, 2542.1699021728514, 2593.1881257385253, 2834.141027151489, 2735.222640789795, 2721.939642358017, 2912.987184013939, 2940.30942175684, 2997.6072, 3072.363639883518, 3120.1788381222723, 3348.2202388329506, 3559.363766028881, 3840.4287633437157, 3945.320779017449, 4113.083656125069, 4269.673233852386, 4061.4978456985473, 4175.000139216995, 4277.766688068771, 4366.434775661945, 4257.680841304779, 4425.969603295899, 4975.552728486252, 5056.952555614472, 5147.465496303272, 5305.519617366028, 6233.891697023773]
shares:[0, 7.5529, 14.9058, 22.7489, 30.3883, 37.3376, 44.2484, 51.1977, 58.7907, 65.4574, 71.7705, 78.001, 83.964, 89.7443, 95.9324, 102.1282, 108.3978, 114.4255, 120.4496, 126.731, 132.737, 138.9366, 145.0009, 150.7348, 156.851, 163.2736, 169.8224, 176.0336, 182.7136, 189.6822, 196.4253, 203.3409, 210.3584, 217.4355, 224.6349, 231.5505, 238.2439, 244.6133, 250.9746, 257.2285, 263.3975, 270.0464, 276.6733, 283.2958, 289.9359, 296.9094, 303.7728, 310.0033, 316.2572, 322.5229, 328.7187, 334.0778]
growth_rate:22.23
