ticker:DSWL
price:[2.4100000858306885, 2.450000047683716, 2.509999990463257, 2.5399999618530273, 2.75, 2.7200000286102295, 2.7899999618530273, 2.690000057220459, 2.7799999713897705, 2.809999942779541, 2.9200000762939453, 3.2899999618530273, 2.9200000762939453, 2.930000066757202, 2.859999895095825, 2.9000000953674316, 2.859999895095825, 2.9200000762939453, 3.0799999237060547, 3.109999895095825, 3.240000009536743, 3.190000057220459, 3.3499999046325684, 3.440000057220459, 3.5399999618530273, 3.640000104904175, 3.559999942779541, 3.640000104904175, 3.5999999046325684, 3.609999895095825, 3.5799999237060547, 3.7200000286102295, 3.8299999237060547, 3.7899999618530273, 3.8299999237060547, 3.9700000286102295, 3.869999885559082, 3.880000114440918, 3.9600000381469727, 3.9600000381469727, 4.599999904632568, 4.730000019073486, 5.230000019073486, 4.610000133514404, 4.699999809265137, 4.599999904632568, 4.550000190734863, 4.550000190734863, 4.550000190734863, 4.300000190734863, 4.28000020980835, 4.369999885559082]
assets:[0, 99.99993694627284, 202.44881823079584, 304.86857542133333, 430.07415000000003, 525.3824215262175, 638.9032952644349, 716.0035022305012, 839.9589213556052, 949.0232476748944, 1086.1737443796158, 1323.8051806507112, 1274.9275133113863, 1379.293722425866, 1446.3411289485216, 1566.5699015171529, 1644.9618296631577, 1779.4716984941483, 1976.976799028778, 2096.2329182914496, 2283.856890722394, 2348.612341128111, 2566.4108069396975, 2735.359389499569, 2914.8756165893556, 3097.2167572612525, 3129.145965704727, 3299.4638990899803, 3363.205950905466, 3472.548066090083, 3543.6904904798507, 3782.270597089148, 3994.1119734369277, 4052.397956211949, 4195.167436431885, 4448.515645058703, 4436.462217808055, 4547.926226141452, 4741.697709677124, 4841.697610640431, 5724.193881325722, 5985.9644921381, 6718.730507502794, 6022.2464754157545, 6239.817036776447, 6207.054951315021, 6239.587251561928, 6339.587155753899, 6439.587059945869, 6185.763554381561, 6256.992654721785, 6488.564468078423]
shares:[0, 40.8163, 80.6569, 120.027, 156.3906, 193.1553, 228.9976, 266.1723, 302.1435, 337.7307, 371.9773, 402.3724, 436.619, 470.7487, 505.7137, 540.1965, 575.1615, 609.4081, 641.8756, 674.0299, 704.8941, 736.2421, 766.0928, 795.1626, 823.4112, 850.8837, 878.9736, 906.4461, 934.2239, 961.9247, 989.8577, 1016.7394, 1042.8491, 1069.2343, 1095.344, 1120.5329, 1146.3727, 1172.1459, 1197.3984, 1222.6509, 1244.39, 1265.5316, 1284.6521, 1306.3441, 1327.6207, 1349.3598, 1371.3378, 1393.3158, 1415.2938, 1438.5496, 1461.9141, 1484.7974]
growth_rate:27.23
