ticker:DTEA
price:[1.0099999904632568, 1.0, 0.9139999747276306, 0.9480000138282776, 1.1649999618530273, 1.25, 1.1299999952316284, 1.0700000524520874, 1.0800000429153442, 1.1699999570846558, 1.1699999570846558, 1.4700000286102295, 1.409999966621399, 1.8300000429153442, 1.7300000190734863, 2.75, 2.609999895095825, 2.4100000858306885, 2.440000057220459, 2.6700000762939453, 2.8399999141693115, 3.3499999046325684, 5.300000190734863, 4.369999885559082, 4.769999980926514, 3.690000057220459, 3.569999933242798, 3.799999952316284, 4.199999809265137, 3.4200000762939453, 3.8399999141693115, 3.559999942779541, 3.200000047683716, 3.299999952316284, 3.3499999046325684, 3.75, 3.440000057220459, 3.4200000762939453, 3.880000114440918, 4.28000020980835, 5.139999866485596, 4.900000095367432, 4.590000152587891, 4.179999828338623, 3.9600000381469727, 3.5299999713897705, 3.740000009536743, 3.5799999237060547, 3.7300000190734863, 3.869999885559082, 3.5299999713897705, 3.7799999713897705]
assets:[0, 100.0, 191.40000350773335, 298.5198955544472, 466.851949213314, 600.914125, 643.2263942857146, 709.072770759201, 815.6996244129896, 983.6745389190315, 1083.6745522510528, 1461.539884445572, 1501.8851524462223, 2049.2552760571, 2037.2741454612255, 3338.4414249999995, 3268.4843376292465, 3118.0260580466033, 3256.839608376169, 3663.836849692345, 3997.114711198902, 4814.9062879297735, 7717.613297739219, 6463.390209737683, 7155.00521838975, 5635.004253381443, 5551.751878185033, 6009.427844591618, 6741.998873825169, 5589.913858700752, 6376.394353476477, 6011.449011377001, 5503.549842009283, 5775.535506545758, 5963.043380244731, 6775.0488749999995, 6314.978385042428, 6378.263548287391, 7336.158716380596, 8192.463961599826, 9938.612763838912, 9574.553636347056, 9068.816731479645, 8358.747328728676, 8018.813561245823, 7248.083636255145, 7779.272949836612, 7546.469789175987, 7962.663046717358, 8361.529492738724, 7726.924955374194, 8374.15750461731]
shares:[0, 100.0, 209.4092, 314.8944, 400.7313, 480.7313, 569.2269, 662.6848, 755.2774, 840.7475, 926.2176, 994.2448, 1065.1668, 1119.8116, 1177.6151, 1213.9787, 1252.2929, 1293.7867, 1334.7703, 1372.2235, 1407.4348, 1437.2855, 1456.1534, 1479.0367, 1500.0011, 1527.1014, 1555.1126, 1581.4284, 1605.2379, 1634.4777, 1660.5194, 1688.6093, 1719.8593, 1750.1623, 1780.013, 1806.6797, 1835.7495, 1864.9893, 1890.7625, 1914.127, 1933.5823, 1953.9905, 1975.777, 1999.7004, 2024.9529, 2053.2815, 2080.0195, 2107.9525, 2134.7622, 2160.602, 2188.9306, 2215.3856]
growth_rate:64.2
