ticker:DTIL
price:[4.650000095367432, 5.239999771118164, 5.949999809265137, 6.130000114440918, 5.980000019073486, 6.940000057220459, 6.820000171661377, 6.980000019073486, 6.309999942779541, 6.704999923706055, 9.630000114440918, 10.720000267028809, 11.930000305175781, 8.305000305175781, 7.699999809265137, 8.140000343322754, 9.350000381469727, 8.34000015258789, 9.529999732971191, 11.300000190734863, 13.289999961853027, 12.119999885559082, 14.979999542236328, 13.039999961853027, 12.25, 11.960000038146973, 11.5, 11.4399995803833, 11.09000015258789, 9.970000267028809, 10.329999923706055, 8.600000381469727, 8.770000457763672, 9.229999542236328, 9.289999961853027, 8.585000038146973, 9.5, 10.329999923706055, 10.529999732971191, 11.0, 11.539999961853027, 10.520000457763672, 11.390000343322754, 12.359999656677246, 11.470000267028809, 10.5600004196167, 10.25, 9.859999656677246, 10.359999656677246, 10.1899995803833, 9.40999984741211, 11.569999694824219]
assets:[0, 100.00015563201904, 213.54965815439226, 320.0099129742622, 412.17927531466484, 578.3483747684955, 668.3484228225232, 784.0278041424274, 808.7703606658936, 959.3983240833281, 1477.927673563385, 1745.2117554721833, 2042.1989262405398, 1521.6645794151307, 1510.8146525759696, 1697.1469295809745, 2049.4256486143113, 1928.0437372753142, 2303.148390466213, 2830.9110777834894, 3429.452594156265, 3227.536577524567, 4089.1503950424194, 3659.5807972943303, 3537.8734999999997, 3554.119723336029, 3517.4233500000005, 3599.071915986824, 3588.960266380692, 3326.504547094536, 3546.618500805855, 3052.6544154064177, 3212.997538707352, 3481.523522333145, 3604.15581720047, 3430.6432802438735, 3896.2853499999997, 4336.697181970597, 4520.660510361195, 4822.4374, 5159.175088945674, 4803.165001003265, 5300.384497766685, 5851.777565455627, 5530.412032751465, 5191.643630297375, 5139.23725, 5043.6954843797685, 5399.460881065846, 5410.859207184792, 5096.681757354737, 6366.589022071839]
shares:[0, 19.084, 35.8907, 52.2039, 68.9263, 83.3355, 97.9983, 112.3249, 128.1728, 143.087, 153.4712, 162.7996, 171.1818, 183.2227, 196.2097, 208.4947, 219.1899, 231.1803, 241.6735, 250.5231, 258.0476, 266.2984, 272.974, 280.6427, 288.806, 297.1672, 305.8629, 314.6042, 323.6213, 333.6514, 343.3319, 354.9598, 366.3623, 377.1965, 387.9608, 399.609, 410.1353, 419.8158, 429.3125, 438.4034, 447.0689, 456.5746, 465.3542, 473.4448, 482.1632, 491.6329, 501.389, 511.531, 521.1835, 530.997, 541.624, 550.267]
growth_rate:24.84
