ticker:DTOCU
price:[10.010000228881836, 9.90999984741211, 9.9399995803833, 9.949999809265137, 9.90999984741211, 10.010000228881836, 9.989999771118164, 9.949999809265137, 10.0, 10.0, 9.9399995803833, 9.9399995803833, 9.979999542236328, 9.920000076293945, 9.949999809265137, 9.90999984741211, 9.989999771118164, 9.949999809265137, 9.970000267028809, 10.0, 9.979999542236328, 9.930000305175781, 9.899999618530273, 9.8100004196167, 9.800000190734863, 9.789999961853027]
assets:[0, 99.9998264602661, 200.30291954421998, 300.50491923952103, 399.2966868518829, 503.32583450870516, 602.3200632001876, 699.9088565832138, 803.426, 903.426, 998.0057778692246, 1098.0061496477126, 1202.4242768470765, 1295.1948899612426, 1399.1122581799507, 1493.4875180042266, 1605.543812215233, 1699.1156974290848, 1802.531183277607, 1907.955, 2004.1385980739592, 2094.0980443573, 2187.7712157001497, 2267.8827640072823, 2365.571086040497, 2463.1571374022483]
shares:[0, 10.0908, 20.1512, 30.2015, 40.2923, 50.2823, 60.2923, 70.3426, 80.3426, 90.3426, 100.403, 110.4634, 120.4834, 130.564, 140.6143, 150.7051, 160.7151, 170.7654, 180.7955, 190.7955, 200.8155, 210.886, 220.987, 231.1807, 241.3848, 251.5993]
growth_rate:-1.47
