ticker:DTSS
price:[3.140000104904175, 3.2100000381469727, 3.4800000190734863, 3.2709999084472656, 3.200000047683716, 3.3499999046325684, 3.4800000190734863, 3.559999942779541, 3.380000114440918, 2.0, 1.8799999952316284, 2.069999933242798, 2.450000047683716, 2.2799999713897705, 2.180000066757202, 2.0899999141693115, 2.174999952316284, 2.0, 2.2200000286102295, 3.440000057220459, 3.4600000381469727, 3.5, 3.630000114440918, 4.380000114440918, 4.159999847412109, 3.4700000286102295, 3.0199999809265137, 3.5299999713897705, 3.7899999618530273, 3.549999952316284, 3.4000000953674316, 3.450000047683716, 3.0899999141693115, 3.0799999237060547, 2.9800000190734863, 2.680000066757202, 2.640000104904175, 2.440000057220459, 2.5199999809265137, 2.740000009536743, 2.619999885559082, 2.4700000286102295, 2.4200000762939453, 2.2100000381469727, 2.309999942779541, 3.950000047683716, 2.4100000858306885, 2.2799999713897705, 2.240000009536743, 2.059999942779541, 1.8700000047683716, 1.940000057220459]
assets:[0, 99.99984718837737, 208.41093714227677, 295.8943246181488, 389.47168580358027, 507.72799554605484, 627.4307794388772, 741.8545040760517, 804.3450492337226, 575.9438, 641.3871903732062, 806.2082559998989, 1054.2078255177737, 1081.0585664345026, 1133.643852715087, 1186.8419812595844, 1335.1106707296371, 1327.688, 1573.733600281477, 2538.5783142263413, 2653.3373592534067, 2784.0116500000004, 2987.4178571825983, 3704.652714795399, 3618.5742032714843, 3118.3779857110976, 2813.9773942276956, 3389.1854485310555, 3738.813738368225, 3602.055021617079, 3549.85577957077, 3702.0594661675214, 3415.7575931207657, 3504.703269185829, 3490.9141683435914, 3239.479828693509, 3291.1294667777297, 3141.8014136784077, 3344.8110946836473, 3736.818589006233, 3673.1620255572316, 3562.866608269, 3590.743841203308, 3379.1503913277625, 3632.052873031282, 6310.653586181116, 3950.2976566874504, 3837.21076784935, 3869.891440475965, 3658.91792636652, 3421.4449477244493, 3649.520541642904]
shares:[0, 31.1526, 59.8882, 90.4599, 121.7099, 151.5606, 180.2962, 208.3861, 237.9719, 287.9719, 341.1634, 389.4726, 430.2889, 474.1485, 520.0201, 567.867, 613.844, 663.844, 708.889, 737.9588, 766.8605, 795.4319, 822.9801, 845.8111, 869.8496, 898.668, 931.7806, 960.1092, 986.4944, 1014.6634, 1044.0752, 1073.0607, 1105.4232, 1137.8907, 1171.4477, 1208.7611, 1246.6399, 1287.6235, 1327.306, 1363.8024, 1401.9703, 1442.4561, 1483.7784, 1529.0273, 1572.3173, 1597.6338, 1639.1276, 1682.9872, 1727.6301, 1776.1738, 1829.6497, 1881.1961]
growth_rate:-28.44
