ticker:DTST
price:[0.1599999964237213, 0.1599999964237213, 0.15000000596046448, 0.1599999964237213, 0.15000000596046448, 0.1599999964237213, 0.1599999964237213, 0.1599999964237213, 0.15000000596046448, 0.14000000059604645, 0.15000000596046448, 0.1599999964237213, 0.15000000596046448, 0.12999999523162842, 0.15000000596046448, 0.14000000059604645, 0.14000000059604645, 0.14000000059604645, 0.1599999964237213, 0.30000001192092896, 0.1899999976158142, 0.18000000715255737, 0.1899999976158142, 0.699999988079071, 0.41999998688697815, 0.3100000023841858, 0.36000001430511475, 0.3799999952316284, 0.23000000417232513, 0.20999999344348907, 0.23999999463558197, 0.20999999344348907, 0.20000000298023224, 0.20999999344348907, 0.23000000417232513, 0.2199999988079071, 5.480000019073486, 5.920000076293945, 5.650000095367432, 5.289999961853027, 6.150000095367432, 5.340000152587891, 5.550000190734863, 5.860000133514404, 9.90999984741211, 5.940000057220459, 4.159999847412109, 4.019999980926514, 4.25, 3.7799999713897705, 3.990000009536743, 4.039999961853027]
assets:[0, 99.99999776482582, 193.7499976989329, 306.66664914546607, 387.4999953978658, 513.3333005261063, 613.3332982909321, 713.333296055758, 768.7500005473792, 817.4999734804853, 975.8928537784965, 1140.9523104977281, 1169.6428514774293, 1113.6903941500784, 1385.0274700360449, 1392.6922579293519, 1492.6922563550993, 1592.6922547808467, 1920.2196690797448, 3700.41209704116, 2443.5942063369334, 2414.9840999628423, 2649.149750757551, 9860.025322084766, 6016.015090171096, 4540.3922499198015, 5372.713761492455, 5771.197563581013, 3593.093369180667, 3380.650307451089, 3963.6003914066255, 3568.150313597061, 3498.238552127816, 3773.1503121966575, 4232.498164779818, 4148.476419521049, 103434.77732401127, 111839.76054533386, 106838.96099835524, 100131.52040893679, 116509.99352170873, 101264.77623159142, 105347.09940542592, 111331.35024657655, 188375.36481251565, 113011.16993064494, 79245.86634127883, 76678.94050418539, 81166.04440000001, 72290.03413684801, 76406.14807762302, 77463.61778856373]
shares:[0, 625.0, 1291.6666, 1916.6666, 2583.3332, 3208.3332, 3833.3332, 4458.3332, 5124.9998, 5839.2855, 6505.9521, 7130.9521, 7797.6187, 8566.8495, 9233.5161, 9947.8018, 10662.0875, 11376.3732, 12001.3732, 12334.7065, 12861.0223, 13416.5778, 13942.8936, 14085.7507, 14323.8459, 14646.4265, 14924.2043, 15187.3622, 15622.1448, 16098.3353, 16515.002, 16991.1925, 17491.1925, 17967.383, 18402.1656, 18856.7111, 18874.9593, 18891.8512, 18909.5503, 18928.4539, 18944.7141, 18963.4407, 18981.4587, 18998.5235, 19008.6143, 19025.4493, 19049.4878, 19074.3634, 19097.8928, 19124.3478, 19149.4105, 19174.163]
growth_rate:1418.89
