ticker:DUNEU
price:[10.119999885559082, 10.220000267028809, 10.25, 10.279999732971191, 10.350000381469727, 11.0, 10.34000015258789, 10.520000457763672, 10.529999732971191, 10.90999984741211, 10.609999656677246, 10.300000190734863, 10.359999656677246, 10.140000343322754, 9.989999771118164, 10.100000381469727, 10.149999618530273, 10.149999618530273, 10.029999732971191, 10.069999694824219, 10.149999618530273, 9.979999542236328, 10.039999961853027, 10.029999732971191, 10.069999694824219, 10.09000015258789, 10.15999984741211, 10.100000381469727, 10.119999885559082, 10.152999877929688, 10.180000305175781, 10.149999618530273, 10.050000190734863, 10.100000381469727, 10.0, 10.0, 10.0, 9.989999771118164, 9.989999771118164]
assets:[0, 99.99963661279679, 200.2932, 300.879144184494, 402.92758485069277, 528.2321, 596.5383908031464, 706.9229907608031, 807.5951705203056, 936.7391328987122, 1010.9812442862511, 1081.4423400260926, 1187.7418446391107, 1262.519274746704, 1343.8427812110901, 1458.6400350917818, 1565.8607411499022, 1665.8605673915863, 1746.1657825118066, 1853.1296798400879, 1967.8514760417938, 2034.8919666633606, 2147.1262798419953, 2244.987759231663, 2353.9409746627807, 2458.6162111808776, 2575.672737317276, 2660.462310483742, 2765.730188724041, 2874.7488138366703, 2982.3939694061282, 3073.604614484024, 3143.322479655838, 3258.9610630886077, 3326.694, 3426.694, 3526.694, 3623.167122989273, 3723.1670206981657]
shares:[0, 9.7847, 19.5408, 29.2684, 38.9302, 48.0211, 57.6923, 67.198, 76.6947, 85.8606, 95.2857, 104.9944, 114.6469, 124.5088, 134.5188, 144.4198, 154.272, 164.1242, 174.0943, 184.0248, 193.877, 203.897, 213.8572, 223.8273, 233.7578, 243.6686, 253.5111, 263.4121, 273.2935, 283.1428, 292.966, 302.8182, 312.7684, 322.6694, 332.6694, 342.6694, 352.6694, 362.6794, 372.6894]
growth_rate:-2.02
