ticker:DUNE
price:[10.121000289916992, 9.979999542236328, 9.880000114440918, 9.899999618530273, 9.75, 9.680000305175781, 9.75, 9.800000190734863, 9.829999923706055, 9.760000228881836, 9.8100004196167, 9.829999923706055, 9.755000114440918, 9.75, 9.729999542236328, 9.779999732971191, 9.789999961853027, 9.779999732971191, 9.767000198364258, 9.75, 9.76200008392334, 9.779999732971191, 9.770000457763672, 9.753999710083008, 9.739999771118164, 9.795000076293945, 9.779999732971191, 9.770000457763672, 9.765000343322754, 9.765000343322754]
assets:[0, 99.999595413208, 198.99802230501174, 299.4007384634018, 394.86427499999996, 492.0295755119324, 595.587525, 698.6420135974885, 800.780300784874, 895.0779089904785, 999.6635677599908, 1101.7011734493256, 1193.2959969991684, 1292.68425, 1390.032599603653, 1497.175171121788, 1598.7060147706034, 1697.0724976638794, 1794.8171642520904, 1891.69305, 1994.0212803424836, 2097.6974727253914, 2195.5526058704377, 2291.956811276436, 2388.666763868332, 2502.155297989464, 2598.322945056534, 2695.666228302765, 2794.287072742939, 2894.287511758804]
shares:[0, 10.02, 20.1415, 30.2425, 40.4989, 50.8295, 61.0859, 71.29, 81.4629, 91.7088, 101.9025, 112.0754, 122.3266, 132.583, 142.8605, 153.0854, 163.2999, 173.5248, 183.7634, 194.0198, 204.2636, 214.4885, 224.7239, 234.9761, 245.243, 255.4523, 265.6772, 275.9126, 286.1533, 296.394]
growth_rate:-0.2
