ticker:DUO
price:[7.059999942779541, 6.619999885559082, 7.0, 6.670000076293945, 7.260000228881836, 7.0, 6.96999979019165, 7.2170000076293945, 6.5920000076293945, 6.75, 6.784999847412109, 7.320000171661377, 7.5, 10.100000381469727, 7.869999885559082, 7.880000114440918, 7.46999979019165, 7.539999961853027, 7.760000228881836, 8.279999732971191, 8.880000114440918, 7.789999961853027, 8.960000038146973, 8.949999809265137, 8.829999923706055, 7.050000190734863, 6.78000020980835, 7.440000057220459, 7.369999885559082, 6.78000020980835, 6.480000019073486, 6.050000190734863, 5.119999885559082, 4.489999771118164, 4.25, 3.859999895095825, 3.130000114440918, 3.0799999237060547, 3.119999885559082, 3.1700000762939453, 3.4100000858306885, 2.880000114440918, 3.0, 3.009999990463257, 2.5899999141693115, 2.380000114440918, 2.140000104904175, 1.7200000286102295, 1.7100000381469727, 1.649999976158142, 1.3799999952316284, 1.6399999856948853]
assets:[0, 99.99973227128983, 205.7398, 296.04061638622284, 422.22709331130983, 507.1059, 604.9325547905445, 726.3701214678764, 763.4656648836135, 881.76465, 986.3367848182679, 1164.109875299549, 1292.73525, 1840.8836395288467, 1534.4311916872023, 1636.3813117650986, 1651.2397186219691, 1766.7132250617026, 1918.2619685792922, 2146.8052107658386, 2402.371254960537, 2207.4857861901282, 2639.033611235619, 2736.088331690788, 2799.4031318122866, 2335.0841431747435, 2345.6556545867443, 2673.9940525654793, 2748.8352883162497, 2628.7796493480682, 2612.461903689623, 2539.1040100488663, 2248.7955977355005, 2072.088198373413, 2061.33075, 1972.1731484017612, 1699.1975601270676, 1772.0536241048812, 1895.0673384893419, 2025.436995747185, 2278.7823433576104, 2024.6020644504547, 2208.9603, 2316.323519661069, 2093.1154236356974, 2023.4035072941779, 1919.362884088397, 1642.6653873238563, 1733.1149636626244, 1772.3039143908975, 1582.2906065326451, 1980.4033027256728]
shares:[0, 15.1057, 29.3914, 44.3839, 58.158, 72.4437, 86.7909, 100.6471, 115.817, 130.6318, 145.3702, 159.0314, 172.3647, 182.2657, 194.9722, 207.6626, 221.0495, 234.3121, 247.1987, 259.276, 270.5373, 283.3743, 294.535, 305.7082, 317.0332, 331.2176, 345.9669, 359.4078, 372.9763, 387.7256, 403.1577, 419.6866, 439.2179, 461.4896, 485.019, 510.9257, 542.8746, 575.3421, 607.3934, 638.9391, 668.2646, 702.9868, 736.3201, 769.5427, 808.1527, 850.1695, 896.8985, 955.038, 1013.5175, 1074.1236, 1146.5874, 1207.563]
growth_rate:-61.17
