ticker:DUOT
price:[3.930000066757202, 3.869999885559082, 3.799999952316284, 3.825000047683716, 3.819999933242798, 4.179999828338623, 4.144000053405762, 3.5999999046325684, 3.4630000591278076, 3.559999942779541, 3.950000047683716, 4.34499979019165, 4.789999961853027, 4.441999912261963, 4.25, 4.480000019073486, 4.420000076293945, 4.239999771118164, 4.769999980926514, 5.65500020980835, 5.289999961853027, 4.900000095367432, 5.239999771118164, 6.699999809265137, 7.28000020980835, 6.03000020980835, 6.360000133514404, 6.869999885559082, 8.069999694824219, 10.449999809265137, 10.699999809265137, 11.109999656677246, 8.220000267028809, 10.25, 9.0, 10.130000114440918, 9.75, 9.309000015258789, 9.75, 9.838000297546387, 9.975000381469727, 10.899999618530273, 10.800000190734863, 10.307000160217285, 9.850000381469727, 7.75, 8.232000350952148, 7.900000095367432, 7.360000133514404, 6.079999923706055, 5.269999980926514, 6.619999885559082]
assets:[0, 100.00002304286957, 198.1912775130272, 299.4952087336064, 399.1036610253811, 536.7153219585418, 632.093030546093, 649.1156228043079, 724.4132081687451, 844.7043264229297, 1037.24236252141, 1240.9667000770569, 1468.0621803085328, 1461.4055335344315, 1498.23805, 1679.3190471496582, 1756.8280383247375, 1785.2828556276322, 2108.4435005691053, 2599.6330024499894, 2531.840533742523, 2445.18334758997, 2714.8491214160917, 3571.2767783332824, 3980.43257071538, 3396.9789101947786, 3682.883369314146, 4078.2084910649305, 4890.559426058197, 6432.880897586155, 6686.777630803585, 7042.999856356239, 5310.9323085269925, 6722.5127250000005, 6002.694, 6856.365978457928, 6699.167475, 6496.1590582481385, 6903.9048, 7066.217498714925, 7264.6192128177645, 8038.279928682518, 8064.535102424812, 7796.4035392912865, 7550.720702423478, 6040.92195, 6516.628465821266, 6353.80970670209, 6019.499021196985, 5072.629664346886, 4496.835121724796, 5748.775462620068]
shares:[0, 25.8398, 52.1556, 78.2994, 104.4774, 128.4008, 152.5321, 180.3099, 209.1866, 237.2765, 262.593, 285.608, 306.4848, 328.9972, 352.5266, 374.848, 397.4724, 421.0573, 442.0217, 459.7052, 478.6088, 499.017, 518.101, 533.0264, 546.7627, 563.3464, 579.0697, 593.6257, 606.0173, 615.5867, 624.9325, 633.9334, 646.0988, 655.8549, 666.966, 676.8377, 687.0941, 697.8364, 708.0928, 718.2575, 728.2826, 737.4569, 746.7162, 756.4183, 766.5706, 779.4738, 791.6215, 804.2797, 817.8667, 834.3141, 853.2894, 868.3951]
growth_rate:12.72
