ticker:DVAX
price:[4.880000114440918, 5.010000228881836, 5.429999828338623, 4.480000019073486, 4.21999979019165, 4.440000057220459, 4.440000057220459, 4.159999847412109, 3.7300000190734863, 4.150000095367432, 4.159999847412109, 4.420000076293945, 4.789999961853027, 5.159999847412109, 4.960000038146973, 5.059999942779541, 5.28000020980835, 4.449999809265137, 4.989999771118164, 5.130000114440918, 5.21999979019165, 6.309999942779541, 9.479999542236328, 9.739999771118164, 10.069999694824219, 8.75, 8.229999542236328, 9.579999923706055, 10.029999732971191, 10.15999984741211, 9.729999542236328, 10.069999694824219, 10.989999771118164, 9.59000015258789, 9.979999542236328, 9.8100004196167, 7.800000190734863, 7.710000038146973, 8.199999809265137, 8.65999984741211, 9.180000305175781, 8.930000305175781, 9.199999809265137, 9.899999618530273, 9.479999542236328, 9.399999618530273, 9.470000267028809, 9.34000015258789, 10.739999771118164, 13.199999809265137, 12.039999961853027, 16.90999984741211]
assets:[0, 100.00010556850434, 208.3833024122715, 271.92569715771674, 356.1443502933502, 474.7110421178341, 574.7109434065819, 638.468040581131, 672.4727514387131, 848.1936194915771, 950.2375651454926, 1109.6273171533585, 1302.514512626934, 1503.1260155506134, 1544.8654198814393, 1676.0116370470046, 1848.8818334679602, 1658.2430339247703, 1959.4681201229093, 2114.4434331693647, 2251.5388555035115, 2821.6881064123154, 4339.239426469803, 4558.247816884994, 4812.685471149444, 4281.827375, 4127.36452243042, 4904.392824942017, 5234.766187634754, 5402.614462860871, 5273.960408877944, 5558.251129554749, 6166.05586558342, 5480.570966202164, 5803.450571806717, 5804.594906287956, 4715.274055303478, 4760.867198555469, 5163.438199896622, 5553.09413615532, 5986.536157013703, 5923.504061431121, 6202.602151407337, 6774.539048961449, 6587.134073925019, 6631.546510879326, 6780.931189204216, 6787.8451108932495, 7905.294971529007, 9816.005618162537, 9053.386467315675, 12815.346535360335]
shares:[0, 19.9601, 38.3763, 60.6977, 84.3944, 106.9169, 129.4394, 153.4779, 180.2876, 204.384, 228.4225, 251.0469, 271.9237, 291.3035, 311.4648, 331.2276, 350.167, 372.6389, 392.679, 412.1722, 431.3293, 447.1772, 457.7257, 467.9926, 477.9231, 489.3517, 501.5024, 511.9408, 521.9109, 531.7534, 542.0309, 551.9614, 561.0606, 571.4881, 581.5081, 591.7018, 604.5223, 617.4925, 629.6876, 641.2349, 652.1281, 663.3263, 674.1959, 684.2969, 694.8454, 705.4837, 716.0434, 726.75, 736.061, 743.6368, 751.9424, 757.8561]
growth_rate:151.28
