ticker:DVLU
price:[15.199999809265137, 15.109999656677246, 15.180000305175781, 14.649999618530273, 15.449999809265137, 16.139999389648438, 16.219999313354492, 16.190000534057617, 15.0600004196167, 16.100000381469727, 16.860000610351562, 17.229999542236328, 17.729999542236328, 17.959999084472656, 17.68000030517578, 17.920000076293945, 17.950000762939453, 17.969999313354492, 18.899999618530273, 19.31999969482422, 19.3799991607666, 18.540000915527344, 19.809999465942383, 20.100000381469727, 20.68000030517578, 21.06999969482422, 21.979999542236328, 23.15999984741211, 23.010000228881836, 22.389999389648438, 22.600000381469727, 22.959999084472656, 23.170000076293945, 23.229999542236328, 23.56999969482422, 24.809999465942383, 24.75, 24.209999084472656, 24.790000915527344, 25.0, 24.559999465942383, 22.709999084472656, 23.979999542236328, 23.799999237060547, 23.559999465942383, 22.690000534057617, 23.389999389648438, 23.84000015258789, 24.170000076293945, 24.649999618530273, 23.6299991607666, 24.639999389648438]
assets:[0, 99.99948872785568, 200.4625300300598, 293.46293235855103, 409.48833994474415, 527.776366041565, 630.3918953134537, 729.2267660549164, 778.3294356865882, 932.078932084465, 1076.0777369552613, 1199.6921311267854, 1334.5069245449065, 1451.8180779922486, 1529.1838903953553, 1649.9427910245895, 1752.704489496231, 1854.6566741323472, 2050.640508610725, 2196.2106253089905, 2303.0318902692793, 2303.2094817352295, 2560.9812629585263, 2698.471281213188, 2876.3378144462586, 3030.5823361053467, 3261.4714600753787, 3536.564400699616, 3613.6584089452745, 3616.289405419922, 3750.207903300476, 3909.94549209137, 4045.706762321663, 4156.183753099442, 4317.015148104858, 4644.12921803093, 4732.89795, 4729.633948143768, 4942.9427365493775, 5084.815, 5095.32309720211, 4811.513002029419, 5180.583947105789, 5241.697551970672, 5288.840564112664, 5193.539181241035, 5453.761953686524, 5658.686276218414, 5837.016346424866, 6052.935586328125, 5902.468963370324, 6254.752965065002]
shares:[0, 6.6181, 13.2057, 20.0316, 26.5041, 32.6999, 38.8651, 45.0418, 51.6819, 57.8931, 63.8243, 69.6281, 75.2683, 80.8362, 86.4923, 92.0727, 97.6437, 103.2085, 108.4995, 113.6755, 118.8355, 124.2292, 129.2772, 134.2523, 139.0879, 143.834, 148.3836, 152.7014, 157.0473, 161.5136, 165.9384, 170.2938, 174.6097, 178.9145, 183.1572, 187.1878, 191.2282, 195.3587, 199.3926, 203.3926, 207.4643, 211.8676, 216.0377, 220.2394, 224.4839, 228.8911, 233.1664, 237.361, 241.4984, 245.5552, 249.7871, 253.8455]
growth_rate:22.64
