ticker:DVOL
price:[22.15999984741211, 22.010000228881836, 22.06999969482422, 22.110000610351562, 22.389999389648438, 23.34000015258789, 23.469999313354492, 23.149999618530273, 22.229999542236328, 23.90999984741211, 23.670000076293945, 23.56999969482422, 23.600000381469727, 23.8700008392334, 23.850000381469727, 24.450000762939453, 24.360000610351562, 24.549999237060547, 25.149999618530273, 24.530000686645508, 24.850000381469727, 23.8799991607666, 24.6299991607666, 25.09000015258789, 24.770000457763672, 23.979999542236328, 23.690000534057617, 24.299999237060547, 24.219999313354492, 24.729999542236328, 25.040000915527344, 25.68000030517578, 26.31999969482422, 26.709999084472656, 26.610000610351562, 27.209999084472656, 26.729999542236328, 26.489999771118164, 26.809999465942383, 26.84000015258789, 26.860000610351562, 26.18000030517578, 27.1200008392334, 27.530000686645508, 27.68000030517578, 27.600000381469727, 28.270000457763672, 28.610000610351562, 28.84000015258789, 29.059999465942383, 29.030000686645508, 29.5]
assets:[0, 100.00023503990174, 200.2720052307129, 300.63410029907226, 404.4417539749146, 521.6023234100342, 624.508517729187, 715.9947632017136, 787.5399707828523, 947.0583569561004, 1037.5531503442764, 1133.170161328125, 1234.6127799562455, 1348.7385924196244, 1447.609163153839, 1584.0275294281007, 1678.1969820480344, 1791.2857843322754, 1935.0636056493759, 1987.3593306303023, 2113.283792440796, 2130.7932211158754, 2297.7153807085037, 2440.6297648429872, 2509.5007633769987, 2529.463107714081, 2598.8736045879364, 2765.7918931633, 2856.6859470119475, 3016.839847156906, 3154.6570033424377, 3335.2876236358647, 3518.410183204651, 3670.54416518631, 3756.802547169495, 3941.5098593811035, 3971.9790309780124, 4036.3157021249767, 4185.075769632912, 4289.75938838768, 4392.955785823059, 4381.741415077209, 4639.068695556831, 4809.202054949761, 4935.404950413513, 5021.141109399033, 5243.030613898087, 5406.0884953308105, 5549.548565361786, 5691.88329139595, 5786.007175856208, 5979.68245]
shares:[0, 4.5434, 9.0744, 13.5972, 18.0635, 22.348, 26.6088, 30.9285, 35.4269, 39.6093, 43.8341, 48.0768, 52.3141, 56.5035, 60.6964, 64.7864, 68.8915, 72.9648, 76.9409, 81.0175, 85.0416, 89.2292, 93.2893, 97.275, 101.3121, 105.4822, 109.7034, 113.8186, 117.9474, 121.9911, 125.9847, 129.8788, 133.6782, 137.4221, 141.1801, 144.8552, 148.5963, 152.3713, 156.1013, 159.8271, 163.5501, 167.3698, 171.0571, 174.6895, 178.3022, 181.9254, 185.4627, 188.958, 192.4254, 195.8666, 199.3113, 202.7011]
growth_rate:17.25
