ticker:DVY
price:[85.47000122070312, 83.97000122070312, 84.5999984741211, 80.51000213623047, 82.56999969482422, 86.58000183105469, 86.3499984741211, 87.58999633789062, 83.0, 85.41999816894531, 91.81999969482422, 92.27999877929688, 95.66999816894531, 97.54000091552734, 96.58999633789062, 95.13999938964844, 95.18000030517578, 96.18000030517578, 99.44000244140625, 100.9000015258789, 100.0199966430664, 96.72000122070312, 101.48999786376953, 103.26000213623047, 105.52999877929688, 105.08000183105469, 110.33999633789062, 115.06999969482422, 114.11000061035156, 114.58999633789062, 114.83000183105469, 115.62999725341797, 117.75, 117.2300033569336, 118.27999877929688, 122.51000213623047, 122.7300033569336, 121.30000305175781, 121.04000091552734, 122.30000305175781, 120.86000061035156, 114.13999938964844, 117.77999877929688, 117.3499984741211, 116.95999908447266, 115.08000183105469, 114.87000274658203, 115.63999938964844, 117.3499984741211, 119.44000244140625, 117.75, 119.23999786376953]
assets:[0, 99.99987445373536, 200.74733637924194, 291.04365772247314, 398.4910755271912, 517.8436489517212, 616.4699091064452, 725.3240006744386, 787.3131, 910.2696684875488, 1078.471806415558, 1183.8785603393555, 1327.3733895950318, 1453.3167516410826, 1539.1615916442872, 1616.0575436325073, 1716.733111504364, 1834.7681578216552, 1996.9541290283205, 2126.275822154999, 2207.7313839027406, 2234.8897242065427, 2445.107177533722, 2587.7472835350036, 2744.634761251831, 2832.9358333648684, 3074.7453719512937, 3306.5479482307433, 3378.956872073364, 3493.1729073638917, 3600.49470741272, 3725.575385505676, 3893.886525, 3976.687896874237, 4112.311685559082, 4359.383665015412, 4467.212573188019, 4515.162143595887, 4605.487306835174, 4753.4342186126705, 4797.465208227539, 4630.716845237732, 4878.388659439087, 4960.583930498505, 5044.098792516327, 5063.025236558533, 5153.780517228699, 5288.332812088013, 5466.538448919678, 5663.892691772461, 5683.757175, 5855.6735870933535]
shares:[0, 1.1909, 2.3729, 3.615, 4.8261, 5.9811, 7.1392, 8.2809, 9.4857, 10.6564, 11.7455, 12.8292, 13.8745, 14.8997, 15.935, 16.9861, 18.0367, 19.0764, 20.082, 21.0731, 22.0729, 23.1068, 24.0921, 25.0605, 26.0081, 26.9598, 27.8661, 28.7351, 29.6114, 30.4841, 31.355, 32.2198, 33.0691, 33.9221, 34.7676, 35.5839, 36.3987, 37.2231, 38.0493, 38.867, 39.6944, 40.5705, 41.4195, 42.2717, 43.1267, 43.9957, 44.8662, 45.731, 46.5832, 47.4204, 48.2697, 49.1083]
growth_rate:14.82
