ticker:DWAS
price:[55.9900016784668, 56.66999816894531, 59.790000915527344, 57.93000030517578, 60.58000183105469, 65.55999755859375, 64.9800033569336, 63.900001525878906, 59.220001220703125, 65.83000183105469, 66.83000183105469, 68.33000183105469, 70.83000183105469, 71.75, 72.94999694824219, 75.62000274658203, 77.70999908447266, 75.29000091552734, 80.62999725341797, 82.30000305175781, 85.0, 80.48999786376953, 90.30999755859375, 94.48999786376953, 92.20999908447266, 85.91000366210938, 82.23999786376953, 90.55000305175781, 88.51000213623047, 83.5199966430664, 86.37999725341797, 86.06999969482422, 83.8499984741211, 84.62000274658203, 85.13999938964844, 86.30999755859375, 83.1500015258789, 83.30999755859375, 87.08000183105469, 87.9800033569336, 88.55000305175781, 84.63999938964844, 89.38999938964844, 89.80999755859375, 88.3499984741211, 81.55000305175781, 84.62000274658203, 84.6500015258789, 85.5199966430664, 84.66000366210938, 81.48999786376953, 87.66999816894531]
assets:[0, 99.9998787689209, 205.50421214675904, 299.1099705757141, 412.79213247680667, 546.7244876403809, 641.8854691604614, 731.2141074607848, 777.6592900299072, 964.4621908264161, 1079.110722566223, 1203.332330245972, 1347.3566268310547, 1464.855175, 1589.3542885116576, 1747.5253294715883, 1895.8209086647034, 1936.7825705513, 2174.147560939789, 2319.1811659973146, 2495.2685, 2462.8731996345523, 2863.350720593262, 3095.8797390083314, 3121.179375010681, 3007.9325942199707, 2979.439986607361, 3380.5032639312744, 3404.342510165405, 3312.411418863678, 3525.841451890564, 3613.1841591888424, 3619.9889041244505, 3753.2356018218993, 3876.296462211609, 4029.5634870178224, 3982.028628073883, 4089.6877801513674, 4374.759963989258, 4519.972672462463, 4649.255925230408, 4543.966079232788, 4898.974221549987, 5021.995443481445, 5040.358577948761, 4752.416132844543, 5031.327661306, 5133.108372528076, 5285.862712512971, 5332.708232675171, 5233.026894818116, 5729.883138327026]
shares:[0, 1.7646, 3.4371, 5.1633, 6.814, 8.3393, 9.8782, 11.4431, 13.1317, 14.6508, 16.1471, 17.6106, 19.0224, 20.4161, 21.7869, 23.1093, 24.3961, 25.7243, 26.9645, 28.1796, 29.3561, 30.5985, 31.7058, 32.7641, 33.8486, 35.0126, 36.2286, 37.333, 38.4628, 39.6601, 40.8178, 41.9796, 43.1722, 44.354, 45.5285, 46.6871, 47.8897, 49.09, 50.2384, 51.375, 52.5043, 53.6858, 54.8045, 55.918, 57.0499, 58.2761, 59.4579, 60.6392, 61.8085, 62.9897, 64.2168, 65.3574]
growth_rate:12.35
