ticker:DWAT
price:[11.335000038146973, 10.904999732971191, 11.130000114440918, 11.130000114440918, 11.130000114440918, 11.126999855041504, 11.524999618530273, 11.300000190734863, 10.984999656677246, 11.5649995803833, 11.529999732971191, 11.600000381469727, 11.539999961853027, 11.6899995803833, 11.84000015258789, 12.1899995803833, 12.145000457763672, 12.130000114440918, 12.579999923706055, 12.628999710083008, 12.786999702453613, 12.505999565124512, 12.6899995803833, 13.180000305175781, 13.027999877929688, 12.581999778747559, 12.767000198364258, 12.767000198364258, 13.029999732971191, 12.550000190734863, 12.59000015258789, 12.855999946594238, 12.970000267028809, 13.072999954223633, 13.277000427246094, 13.350000381469727, 13.140000343322754, 12.635000228881836, 13.20300006866455, 13.381999969482422, 13.385000228881836, 12.892999649047852, 12.892999649047852, 13.246999740600586, 13.27299976348877, 12.989999771118164, 13.079999923706055, 13.15999984741211, 13.15999984741211, 13.289999961853027, 13.006999969482422, 13.38700008392334]
assets:[0, 99.99993805131912, 202.062926077652, 302.0626381058693, 402.0623501340866, 501.9534285607338, 619.9078319814682, 707.8060219471931, 788.0748603696823, 929.6848732679367, 1026.8710002182006, 1133.1054372625351, 1227.2443759431837, 1343.1961487854958, 1460.430866821289, 1603.6017587991714, 1697.6816019882203, 1795.584508940506, 1962.196938099861, 2069.8400106838226, 2195.734998306465, 2247.4831962474823, 2380.5500152830123, 2572.4711415641787, 2642.8040348373415, 2652.330848559189, 2791.3296854696273, 2891.329767923355, 3050.8910454769134, 3038.501881179142, 3148.1861931552885, 3314.7010342302324, 3444.0940779076573, 3571.44553999424, 3727.176651038361, 3847.669024945259, 3887.1432295635223, 3837.7511790205003, 4110.274802476215, 4265.999595071411, 4366.955373674393, 4306.4359382772445, 4406.435332855225, 4627.422078886985, 4736.504475400352, 4735.5148085609435, 4868.324959603691, 4998.1008260478975, 5098.101032888413, 5248.462862935066, 5236.701432513428, 5489.691462514973]
shares:[0, 9.1701, 18.1548, 27.1395, 36.1242, 45.1113, 53.7881, 62.6377, 71.741, 80.3878, 89.0608, 97.6815, 106.347, 114.9013, 123.3472, 131.5506, 139.7844, 148.0284, 155.9775, 163.8958, 171.7162, 179.7124, 187.5926, 195.1799, 202.8557, 210.8036, 218.6363, 226.469, 234.1436, 242.1117, 250.0545, 257.833, 265.5431, 273.1925, 280.7243, 288.2149, 295.8252, 303.7397, 311.3137, 318.7864, 326.2574, 334.0135, 341.7696, 349.3185, 356.8526, 364.5508, 372.1961, 379.7949, 387.3937, 394.9182, 402.6064, 410.0763]
growth_rate:7.64
