ticker:DWPP
price:[25.652999877929688, 25.075000762939453, 24.73699951171875, 24.56599998474121, 25.218000411987305, 26.163000106811523, 26.350000381469727, 26.024999618530273, 24.420000076293945, 26.43400001525879, 26.209999084472656, 26.770000457763672, 27.399999618530273, 27.863000869750977, 27.650999069213867, 28.12299919128418, 28.084999084472656, 28.110000610351562, 28.934999465942383, 28.535999298095703, 29.180999755859375, 28.167999267578125, 29.448999404907227, 29.84600067138672, 29.60300064086914, 28.854999542236328, 28.847999572753906, 29.674999237060547, 29.881000518798828, 29.284000396728516, 30.107999801635742, 30.72100067138672, 31.405000686645508, 31.375, 31.299999237060547, 31.558000564575195, 30.6299991607666, 31.052000045776367, 31.44700050354004, 31.30500030517578, 31.719999313354492, 31.312999725341797, 32.10499954223633, 32.28499984741211, 32.79100036621094, 32.65999984741211, 33.150001525878906, 32.9739990234375, 33.27199935913086, 33.439998626708984, 33.29199981689453, 33.54399871826172]
assets:[0, 99.99910304260254, 198.65047457885743, 297.27807901535033, 405.16752541923523, 520.350676524353, 624.0707740346909, 716.3745494995117, 772.1945904125214, 935.8799101402284, 1027.9483010932922, 1149.91072366333, 1276.9715022216797, 1398.5498930561066, 1487.908555214119, 1613.3067839071275, 1711.12631371994, 1812.6509013580323, 1965.849650716019, 2038.7402018527987, 2184.8223051208493, 2208.9767545623777, 2409.4346741111754, 2541.9152313804625, 2621.2184138462067, 2654.98601938057, 2754.3406488075257, 2933.299487085342, 3053.6619551181793, 3092.6510694980625, 3279.673450792122, 3446.447748719788, 3623.1823672180176, 3719.7227374999998, 3810.8312471107483, 3942.244365327072, 3926.318694422531, 4080.4129076152803, 4232.319720369339, 4313.20920304718, 4470.388319229126, 4513.029923614502, 4727.178658598327, 4853.68167806015, 5029.752522372437, 5109.656976127624, 5286.318033326721, 5358.251759509278, 5506.6755995330805, 5634.479256607056, 5709.541347397613, 5852.760250762176]
shares:[0, 3.988, 8.0305, 12.1012, 16.0666, 19.8888, 23.6839, 27.5264, 31.6214, 35.4044, 39.2197, 42.9552, 46.6048, 50.1938, 53.8103, 57.3661, 60.9267, 64.4842, 67.9402, 71.4445, 74.8714, 78.4215, 81.8172, 85.1677, 88.5457, 92.0113, 95.4777, 98.8475, 102.1941, 105.6089, 108.9303, 112.1854, 115.3696, 118.5569, 121.7518, 124.9206, 128.1854, 131.4058, 134.5858, 137.7802, 140.9328, 144.1264, 147.2412, 150.3386, 153.3882, 156.45, 159.4666, 162.4993, 165.5048, 168.4952, 171.4989, 174.4801]
growth_rate:14.76
