ticker:DWSH
price:[17.360000610351562, 18.209999084472656, 17.84000015258789, 19.18000030517578, 18.459999084472656, 17.329999923706055, 17.579999923706055, 16.649999618530273, 17.989999771118164, 17.09000015258789, 14.350000381469727, 13.479999542236328, 12.069999694824219, 11.430000305175781, 11.520000457763672, 11.529999732971191, 11.59000015258789, 11.420000076293945, 10.899999618530273, 10.5, 10.539999961853027, 10.65999984741211, 10.25, 9.869999885559082, 9.9399995803833, 9.970000267028809, 9.609999656677246, 9.319999694824219, 9.335000038146973, 9.229999542236328, 9.1899995803833, 9.220000267028809, 8.970000267028809, 8.930000305175781, 9.0, 8.869999885559082, 8.800000190734863, 8.819999694824219, 8.774999618530273, 8.770000457763672, 8.569999694824219, 8.729999542236328, 8.539999961853027, 8.529999732971191, 8.539999961853027, 8.710000038146973, 8.6899995803833, 8.75, 8.739999771118164, 8.765000343322754, 8.739999771118164, 8.649999618530273]
assets:[0, 100.0002099723816, 197.96869769325255, 312.8392309776306, 401.09516810760493, 476.5420709020615, 583.4169094680786, 652.5534450492859, 805.0704797573089, 864.7950237213136, 826.1438719615936, 876.0570822502136, 884.4219856384277, 937.5263440315247, 1044.9089695209504, 1145.815630463505, 1251.7779664802551, 1333.417480908203, 1372.7012619592667, 1422.32685, 1527.7455904706953, 1645.1396544513705, 1681.8651, 1719.5128870625497, 1831.7083326745033, 1937.2368538854598, 1967.286093717575, 2007.9193742523194, 2111.1513326271056, 2187.4046695152283, 2277.9251959896087, 2385.3615890846254, 2420.682843061543, 2509.888210773468, 2629.5624000000003, 2691.5801772731784, 2770.338620045471, 2876.6349624671934, 2961.958123736763, 3060.2706117355347, 3090.4807239486695, 3248.179659679413, 3277.486309359932, 3373.6481613890646, 3477.603274466038, 3646.8299819719314, 3738.4560684800144, 3864.2686249999997, 3959.85179829998, 4071.178753966999, 4159.566037069893, 4216.732954039765]
shares:[0, 5.4915, 11.0969, 16.3107, 21.7278, 27.4981, 33.1864, 39.1924, 44.751, 50.6024, 57.571, 64.9894, 73.2744, 82.0233, 90.7039, 99.3769, 108.005, 116.7616, 125.9359, 135.4597, 144.9474, 154.3283, 164.0844, 174.2161, 184.2765, 194.3066, 204.7124, 215.442, 226.1544, 236.9886, 247.87, 258.716, 269.8643, 281.0625, 292.1736, 303.4476, 314.8112, 326.1491, 337.5451, 348.9476, 360.6162, 372.071, 383.7806, 395.5039, 407.2135, 418.6946, 430.2021, 441.6307, 453.0723, 464.4813, 475.9229, 487.4836]
growth_rate:-17.32
