ticker:DWSN
price:[1.7400000095367432, 1.6299999952316284, 1.7400000095367432, 1.7300000190734863, 1.7699999809265137, 2.0399999618530273, 2.1700000762939453, 2.130000114440918, 1.7899999618530273, 1.7300000190734863, 1.7799999713897705, 1.7699999809265137, 2.0299999713897705, 2.1500000953674316, 2.0999999046325684, 2.0999999046325684, 2.1500000953674316, 2.119999885559082, 2.559999942779541, 2.5899999141693115, 2.75, 2.5799999237060547, 3.009999990463257, 2.819999933242798, 3.059999942779541, 2.8499999046325684, 2.950000047683716, 2.7699999809265137, 2.609999895095825, 2.569999933242798, 2.5, 2.4600000381469727, 2.4100000858306885, 2.25, 2.299999952316284, 2.4000000953674316, 2.4000000953674316, 2.319999933242798, 2.390000104904175, 2.5, 2.7300000190734863, 2.6500000953674316, 2.559999942779541, 2.640000104904175, 2.6500000953674316, 2.6700000762939453, 2.799999952316284, 2.7100000381469727, 2.5299999713897705, 2.0299999713897705, 1.899999976158142, 2.0]
assets:[0, 100.00001070746183, 206.74854113316536, 305.560388368845, 412.62540455355645, 575.5682412371635, 712.2465390415192, 799.1176809350967, 771.5588985571861, 845.6966693239211, 970.1387884068012, 1064.6886185269357, 1321.0835843810319, 1499.1772214989185, 1564.3123989597798, 1664.3122944184781, 1803.9388750172138, 1878.7674305811881, 2368.70036305542, 2496.458441269207, 2750.6798, 2680.6377227300645, 3227.4107847744226, 3123.687136053681, 3489.532746747494, 3350.0549028995993, 3567.600847666597, 3449.9166972447874, 3350.6434803270104, 3399.2926517014503, 3406.705, 3452.197757532883, 3482.0312660104273, 3350.85885, 3525.322396912837, 3778.5975901479724, 3878.597674121618, 3849.310713237405, 4065.453991444802, 4352.56675, 4853.002824906111, 4810.79029812932, 4747.404693887233, 4995.761430513716, 5114.684624065781, 5253.286026110077, 5609.063784478211, 5528.772702825069, 5261.547836500358, 4321.716268090988, 4144.956157987654, 4463.1118]
shares:[0, 61.3497, 118.821, 176.6245, 233.1217, 282.1413, 328.2242, 375.1726, 431.0385, 488.842, 545.0218, 601.519, 650.7801, 697.2917, 744.9107, 792.5297, 839.0413, 886.2111, 925.2736, 963.8836, 1000.2472, 1039.0069, 1072.2295, 1107.6905, 1140.3702, 1175.4579, 1209.3562, 1245.4573, 1283.7715, 1322.682, 1362.682, 1403.3324, 1444.8262, 1489.2706, 1532.7489, 1574.4156, 1616.0823, 1659.1857, 1701.0267, 1741.0267, 1777.6567, 1815.3925, 1854.455, 1892.3338, 1930.0696, 1967.5228, 2003.2371, 2040.1375, 2079.6632, 2128.9243, 2181.5559, 2231.5559]
growth_rate:-12.49
