ticker:DWUS
price:[31.06999969482422, 30.0, 29.75200080871582, 30.239999771118164, 30.54199981689453, 31.79199981689453, 32.06700134277344, 31.465999603271484, 29.72100067138672, 32.56800079345703, 32.029998779296875, 32.029998779296875, 32.87099838256836, 33.38999938964844, 33.125, 34.12099838256836, 34.077999114990234, 34.16999816894531, 35.24100112915039, 34.479000091552734, 35.89500045776367, 34.597999572753906, 36.53200149536133, 37.2239990234375, 36.542999267578125, 34.50400161743164, 33.30500030517578, 34.220001220703125, 33.900001525878906, 33.47999954223633, 35.016998291015625, 36.42300033569336, 37.167999267578125, 36.9379997253418, 36.62900161743164, 36.10900115966797, 35.5, 35.402000427246094, 35.974998474121094, 36.215999603271484, 36.47800064086914, 35.970001220703125, 36.8650016784668, 37.305999755859375, 37.57899856567383, 37.369998931884766, 37.91999816894531, 37.82500076293945, 38.209999084472656, 38.35300064086914, 38.02199935913086, 38.82099914550781]
assets:[0, 99.999, 199.17179421386717, 302.4393097108841, 405.4603185691833, 522.0532497932434, 626.5699660369874, 714.8256993873597, 775.1831395111084, 949.4386431312561, 1033.755398602295, 1133.7562577911378, 1263.5250197277069, 1383.4745567108152, 1472.4956875, 1616.7689147605897, 1714.7299438682555, 1819.357633506775, 1976.3823012248993, 2033.6472791999815, 2217.165977775192, 2237.0512955749514, 2462.099813180924, 2608.7360219604493, 2661.0100464660645, 2612.532589666748, 2621.7496410232543, 2793.7790736602783, 2867.655369076538, 2932.1281399097443, 3166.737728549194, 3393.88788667984, 3563.307240182495, 3641.255667924881, 3710.7962442581174, 3758.116513694763, 3794.73345, 3884.257924076843, 4047.126170841217, 4174.23800627327, 4304.436905823135, 4344.492717437744, 4552.591771279907, 4707.050943795776, 4841.497796008301, 4914.569666530991, 5086.89949836731, 5174.157504364014, 5326.821583367157, 5446.758915513992, 5499.752932500458, 5715.324546699524]
shares:[0, 3.3333, 6.6944, 10.0013, 13.2755, 16.4209, 19.5394, 22.7174, 26.082, 29.1525, 32.2746, 35.3967, 38.4389, 41.4338, 44.4527, 47.3834, 50.3178, 53.2443, 56.0819, 58.9822, 61.7681, 64.6584, 67.3957, 70.0821, 72.8186, 75.7168, 78.7194, 81.6417, 84.5916, 87.5785, 90.4343, 93.1798, 95.8703, 98.5775, 101.3076, 104.077, 106.8939, 109.7186, 112.4983, 115.2595, 118.0009, 120.781, 123.4936, 126.1741, 128.8352, 131.5111, 134.1482, 136.792, 139.4091, 142.0165, 144.6466, 147.2225]
growth_rate:12.07
