ticker:DXCM
price:[398.239990234375, 383.4599914550781, 389.30999755859375, 402.3599853515625, 384.5199890136719, 386.0, 405.0, 411.0, 319.5799865722656, 361.32000732421875, 336.3999938964844, 315.8699951171875, 318.2099914550781, 348.0299987792969, 347.7099914550781, 358.57000732421875, 355.0199890136719, 369.7200012207031, 388.0899963378906, 354.20001220703125, 370.1199951171875, 374.8500061035156, 411.0299987792969, 412.55999755859375, 418.94000244140625, 397.7799987792969, 364.0899963378906, 357.7300109863281, 344.6300048828125, 352.7300109863281, 365.5, 382.8900146484375, 400.0400085449219, 415.0, 386.1000061035156, 358.739990234375, 333.25, 342.0899963378906, 369.3900146484375, 382.9100036621094, 400.19000244140625, 418.2900085449219, 430.3599853515625, 431.5899963378906, 440.7300109863281, 448.69000244140625, 460.7200012207031, 515.510009765625, 516.6400146484375, 491.4100036621094, 518.989990234375, 520.7100219726562]
assets:[0, 100.00636577148437, 201.545785736084, 308.2882207763672, 394.63286472473146, 496.16440000000006, 620.5815, 729.7716, 667.4428019561767, 854.6302133239745, 895.6986237487793, 941.039889453125, 1048.0246068572997, 1246.2258196289063, 1345.0813309448242, 1487.0973913757325, 1572.3835313415527, 1737.4991457366941, 1923.8397298461914, 1855.83096395874, 2039.250137097168, 2165.321060256958, 2474.3183866516115, 2583.5332167114257, 2723.4870618713376, 2685.9298857574463, 2558.4604042663573, 2613.7543252716064, 2618.0507580932617, 2779.583032574463, 2980.2139, 3222.0194732666014, 3466.3466740417475, 3695.9900000000002, 3538.6065559387202, 3387.8687197753907, 3247.154675, 3433.2836212463376, 3807.2659419799807, 4046.631209701538, 4329.255446411133, 4625.074453482056, 4858.549054626465, 4972.434665808106, 5177.740242068482, 5371.268019226074, 5615.301446878052, 6383.096491918945, 6497.109832214355, 6279.826718798828, 6732.286254321289, 6854.57465824585]
shares:[0, 0.2608, 0.5177, 0.7662, 1.0263, 1.2854, 1.5323, 1.7756, 2.0885, 2.3653, 2.6626, 2.9792, 3.2935, 3.5808, 3.8684, 4.1473, 4.429, 4.6995, 4.9572, 5.2395, 5.5097, 5.7765, 6.0198, 6.2622, 6.5009, 6.7523, 7.027, 7.3065, 7.5967, 7.8802, 8.1538, 8.415, 8.665, 8.906, 9.165, 9.4438, 9.7439, 10.0362, 10.3069, 10.5681, 10.818, 11.0571, 11.2895, 11.5212, 11.7481, 11.971, 12.1881, 12.3821, 12.5757, 12.7792, 12.9719, 13.1639]
growth_rate:34.4
