ticker:DXGE
price:[29.524999618530273, 29.989999771118164, 30.010000228881836, 28.18600082397461, 28.68000030517578, 29.481000900268555, 29.08300018310547, 28.725000381469727, 26.559999465942383, 28.360000610351562, 30.07900047302246, 30.18000030517578, 30.795000076293945, 30.860000610351562, 30.809999465942383, 31.611000061035156, 31.25, 31.059999465942383, 32.314998626708984, 32.189998626708984, 32.21699905395508, 31.30900001525879, 32.52000045776367, 32.400001525878906, 32.29499816894531, 32.05799865722656, 32.779998779296875, 33.80500030517578, 34.097999572753906, 34.44900131225586, 35.27399826049805, 35.255001068115234, 35.66699981689453, 35.262001037597656, 34.875, 35.736000061035156, 35.10300064086914, 35.608001708984375, 35.91699981689453, 36.540000915527344, 36.65800094604492, 36.159000396728516, 36.494998931884766, 35.6150016784668, 35.694000244140625, 35.54999923706055, 35.6870002746582, 35.46900177001953, 35.90999984741211, 36.638999938964844, 35.9900016784668, 36.3650016784668]
assets:[0, 99.9986552368164, 200.06466752586365, 287.9059054164886, 392.9532881813049, 503.9275926885605, 597.1234348594666, 689.7734341602326, 737.786321164894, 887.7871311065675, 1041.5996915802002, 1145.098625579071, 1268.433735142517, 1371.1098271179198, 1468.8882915384293, 1607.0779543029785, 1688.7250000000001, 1778.4582974205018, 1950.3168066173553, 2042.7740938510894, 2144.4891033275608, 2184.050092164421, 2368.5259413402555, 2459.785435843659, 2551.815116317749, 2633.0869255111693, 2792.3871420135497, 2979.701185899353, 3105.526458087921, 3237.4930290248867, 3415.02392239151, 3513.185534938431, 3654.241066040039, 3712.7466678489686, 3771.9997875000004, 3965.123622772217, 3994.8899673339843, 4152.363024890137, 4288.396393937684, 4462.7801258171085, 4577.191314125061, 4614.886439033508, 4757.769072252274, 4743.045656030655, 4853.566640597534, 4933.984394111633, 5052.997311589432, 5122.131749111175, 5285.815519539642, 5493.120385349273, 5495.817216308594, 5653.08133442421]
shares:[0, 3.3344, 6.6666, 10.2145, 13.7013, 17.0933, 20.5317, 24.013, 27.7781, 31.3042, 34.6288, 37.9423, 41.1896, 44.43, 47.6757, 50.8392, 54.0392, 57.2588, 60.3533, 63.4599, 66.5639, 69.7579, 72.8329, 75.9193, 79.0158, 82.1351, 85.1857, 88.1438, 91.0765, 93.9793, 96.8142, 99.6507, 102.4544, 105.2903, 108.1577, 110.956, 113.8048, 116.6132, 119.3974, 122.1341, 124.862, 127.6276, 130.3677, 133.1755, 135.9771, 138.79, 141.5921, 144.4115, 147.1962, 149.9255, 152.704, 155.4539]
growth_rate:10.84
