ticker:DXJS
price:[37.7599983215332, 38.79999923706055, 39.29999923706055, 39.189998626708984, 39.060001373291016, 39.5099983215332, 38.90999984741211, 39.040000915527344, 38.130001068115234, 39.099998474121094, 39.790000915527344, 39.66999816894531, 40.18000030517578, 40.04999923706055, 39.91999816894531, 40.11000061035156, 39.349998474121094, 39.939998626708984, 40.790000915527344, 40.369998931884766, 40.40999984741211, 40.34000015258789, 41.880001068115234, 42.79999923706055, 42.209999084472656, 41.70000076293945, 42.849998474121094, 44.15999984741211, 46.2400016784668, 46.20000076293945, 44.970001220703125, 44.77000045776367, 44.849998474121094, 43.790000915527344, 43.2400016784668, 44.400001525878906, 43.33000183105469, 43.66999816894531, 43.630001068115234, 44.20000076293945, 44.189998626708984, 43.25, 43.790000915527344, 43.77000045776367, 43.599998474121094, 43.72999954223633, 43.97999954223633, 44.04999923706055, 43.81999969482422, 44.099998474121094, 42.77000045776367, 43.72999954223633]
assets:[0, 99.99923803367615, 201.2867360923767, 300.72445446205137, 399.7283360538483, 504.33327557487485, 596.6731746601105, 698.6676643844604, 782.3818659164428, 902.2832947883605, 1018.206228427887, 1115.1355495285034, 1229.4718473381042, 1325.4947747497558, 1421.191854812622, 1527.9543742507933, 1599.0029279953, 1722.9795887573243, 1859.6487737396242, 1940.5010716579438, 2042.4224172878264, 2138.883284090424, 2320.5373551834105, 2471.511635943604, 2537.4414319633484, 2606.7838076934813, 2778.6724260520937, 2963.6217497596745, 3203.2113802734375, 3300.440274502945, 3312.5712359191893, 3397.837092742157, 3503.910615790558, 3521.0970466163635, 3576.8734748451234, 3772.832409659576, 3781.9118878173826, 3911.587240989685, 4008.004603120804, 4160.364851812363, 4259.42535862999, 4268.818249999999, 4422.1157264541625, 4520.097308272934, 4602.542278923797, 4716.267331630325, 4843.231479589463, 4950.937994250488, 5025.089139003754, 5157.199351558685, 5101.665532602692, 5316.177330350494]
shares:[0, 2.5773, 5.1218, 7.6735, 10.2337, 12.7647, 15.3347, 17.8962, 20.5188, 23.0763, 25.5895, 28.1103, 30.5991, 33.096, 35.601, 38.0941, 40.6354, 43.1392, 45.5908, 48.0679, 50.5425, 53.0214, 55.4092, 57.7456, 60.1147, 62.5128, 64.8465, 67.111, 69.2736, 71.4381, 73.6618, 75.8954, 78.1251, 80.4087, 82.7214, 84.9737, 87.2816, 89.5715, 91.8635, 94.1259, 96.3889, 98.701, 100.9846, 103.2693, 105.5629, 107.8497, 110.1235, 112.3936, 114.6757, 116.9433, 119.2814, 121.5682]
growth_rate:4.24
