ticker:DXPE
price:[20.100000381469727, 17.06999969482422, 17.700000762939453, 15.680000305175781, 16.889999389648438, 17.969999313354492, 17.450000762939453, 17.229999542236328, 15.640000343322754, 17.15999984741211, 21.200000762939453, 21.459999084472656, 22.309999465942383, 24.1200008392334, 22.68000030517578, 22.34000015258789, 22.850000381469727, 22.229999542236328, 25.579999923706055, 26.469999313354492, 27.040000915527344, 23.190000534057617, 26.649999618530273, 27.149999618530273, 28.889999389648438, 30.040000915527344, 32.25, 34.08000183105469, 32.0, 30.510000228881836, 30.489999771118164, 30.5, 30.229999542236328, 29.399999618530273, 29.270000457763672, 32.27000045776367, 31.510000228881836, 30.940000534057617, 30.889999389648438, 31.68000030517578, 32.4900016784668, 29.079999923706055, 32.900001525878906, 33.61000061035156, 32.869998931884766, 31.579999923706055, 32.369998931884766, 32.650001525878906, 32.63999938964844, 29.540000915527344, 29.690000534057617, 31.139999389648438]
assets:[0, 99.99947221221925, 203.68983877983092, 280.44464545822143, 402.08670346984866, 527.7968498325348, 612.5246917804718, 704.8017462749482, 739.7626322389602, 911.6575958934784, 1226.2907241313933, 1341.3293447761537, 1494.4576242256167, 1715.7014876962662, 1713.2721710533142, 1787.5887282096862, 1928.3983621936798, 1976.0735653083802, 2373.8623629198078, 2556.456651684189, 2711.506395806885, 2425.4375178569794, 2887.3169236707686, 3041.4868522657393, 3336.410692512512, 3569.2207327789306, 3931.8039, 4254.91208460846, 4095.2224, 4004.538213041496, 4101.914188207817, 4203.2599, 4266.051489400482, 4248.923224869537, 4330.136546720505, 4873.951151139068, 4859.163437295913, 4871.264846083259, 4963.392745928955, 5190.33086599884, 5423.039389159774, 4953.862319003106, 5704.610224575806, 5927.718504646302, 5897.206508369446, 5765.769014070512, 6010.0049846874235, 6161.9923429771425, 6260.103818939208, 5765.54648269043, 5894.821939034844, 6282.7128568573]
shares:[0, 5.8582, 11.5079, 17.8855, 23.8062, 29.371, 35.1017, 40.9055, 47.2994, 53.1269, 57.8439, 62.5037, 66.986, 71.1319, 75.5411, 80.0174, 84.3938, 88.8922, 92.8015, 96.5794, 100.2776, 104.5898, 108.3421, 112.0253, 115.4867, 118.8156, 121.9164, 124.8507, 127.9757, 131.2533, 134.5331, 137.8118, 141.1198, 144.5212, 147.9377, 151.0366, 154.2102, 157.4423, 160.6796, 163.8362, 166.9141, 170.3529, 173.3924, 176.3677, 179.41, 182.5766, 185.6659, 188.7287, 191.7924, 195.1776, 198.5457, 201.757]
growth_rate:23.19
