ticker:DXYN
price:[0.9399999976158142, 0.8700000047683716, 0.8399999737739563, 0.8500000238418579, 0.9200000166893005, 0.8600000143051147, 0.8799999952316284, 0.9200000166893005, 0.9100000262260437, 1.2999999523162842, 1.899999976158142, 1.909999966621399, 2.5, 2.5299999713897705, 2.7200000286102295, 2.119999885559082, 2.609999895095825, 2.549999952316284, 2.819999933242798, 3.2200000286102295, 3.5999999046325684, 3.5, 4.349999904632568, 5.159999847412109, 5.429999828338623, 5.460000038146973, 2.940000057220459, 3.549999952316284, 3.7300000190734863, 3.4700000286102295, 3.359999895095825, 3.680000066757202, 3.819999933242798, 3.259999990463257, 3.5899999141693115, 3.2899999618530273, 3.140000104904175, 2.869999885559082, 2.799999952316284, 2.700000047683716, 2.5999999046325684, 2.509999990463257, 2.7699999809265137, 3.200000047683716, 3.140000104904175, 2.9800000190734863, 2.859999895095825, 2.8399999141693115, 3.75, 3.940000057220459, 3.930000066757202, 3.9200000762939453]
assets:[0, 99.99997554808854, 196.55167786336543, 298.8916283836842, 423.5062756826341, 495.8863282485008, 607.418588708639, 735.0285853338182, 827.0391458351255, 1281.484442995429, 1972.9388852428792, 2083.322722592461, 2826.8622499999997, 2960.7845845182896, 3283.136050533557, 2658.914668467617, 3373.475237409329, 3395.9241864979263, 3855.49262872982, 4502.371158004307, 5133.7067840032105, 5091.10385, 6427.514619086075, 7724.3618755805965, 8228.543547866822, 8374.005334506035, 4609.079837705326, 5665.385283902359, 6052.644547950411, 5730.744258250117, 5649.077775627423, 6287.085442051149, 6626.267766201281, 5754.877657164789, 6437.426655092263, 5999.48008843708, 5825.947716638923, 5424.990018679142, 5392.673348163318, 5300.077953602743, 5203.778389126539, 5123.647669532704, 5754.3841103768345, 6747.664100548029, 6721.145418546557, 6478.666359466696, 6317.780094265198, 6373.599943376588, 8515.845375, 9047.314963393785, 9124.352287991405, 9201.135115079309]
shares:[0, 114.9425, 233.9901, 351.6372, 460.3329, 576.612, 690.2484, 798.9441, 908.8342, 985.7573, 1038.3889, 1090.7449, 1130.7449, 1170.2706, 1207.0353, 1254.2051, 1292.5193, 1331.735, 1367.196, 1398.2519, 1426.0297, 1454.6011, 1477.5896, 1496.9694, 1515.3856, 1533.7006, 1567.7142, 1595.8832, 1622.6929, 1651.5113, 1681.2732, 1708.4471, 1734.6251, 1765.2999, 1793.1551, 1823.5502, 1855.3973, 1890.2405, 1925.9548, 1962.9918, 2001.4533, 2041.2939, 2077.395, 2108.645, 2140.4921, 2174.0491, 2209.0141, 2244.2254, 2270.8921, 2296.2728, 2321.7181, 2347.2283]
growth_rate:80.41
