ticker:DYAI
price:[7.510000228881836, 7.53000020980835, 8.0600004196167, 7.440000057220459, 7.21999979019165, 7.070000171661377, 6.929999828338623, 7.769999980926514, 7.139999866485596, 6.960000038146973, 6.420000076293945, 6.46999979019165, 5.78000020980835, 6.0, 6.260000228881836, 6.139999866485596, 5.570000171661377, 5.380000114440918, 5.5, 5.309999942779541, 5.860000133514404, 5.570000171661377, 6.050000190734863, 6.789999961853027, 6.019999980926514, 5.309999942779541, 4.949999809265137, 4.949999809265137, 5.329999923706055, 5.349999904632568, 5.670000076293945, 5.170000076293945, 5.010000228881836, 4.920000076293945, 4.510000228881836, 4.159999847412109, 3.7300000190734863, 3.6700000762939453, 3.7699999809265137, 3.8299999237060547, 3.680000066757202, 3.3499999046325684, 3.6700000762939453, 3.5299999713897705, 3.5999999046325684, 3.4000000953674316, 3.569999933242798, 3.869999885559082, 3.690000057220459, 4.769999980926514, 4.71999979019165, 6.489999771118164]
assets:[0, 99.99990878629686, 207.0380367787361, 291.1123222389221, 382.50403688468936, 474.55750052237505, 565.1601970005512, 733.66437719903, 774.17804752326, 854.6608606842995, 888.3508185569763, 995.2697157255172, 989.127967904377, 1126.7766, 1275.6033766393662, 1351.1505646192072, 1325.717968857193, 1380.4961933652878, 1511.2878, 1559.0797031993868, 1820.566089479828, 1830.4697134130956, 2088.212015833855, 2443.6293212714195, 2266.5167488188745, 2099.2033393790243, 2056.8843107435227, 2156.884206890297, 2422.4631123247145, 2531.5530798733234, 2782.9732514469147, 2637.561360922623, 2655.9348883363723, 2708.2233899961475, 2582.5379790634156, 2482.119236956406, 2325.554301891804, 2388.1461196460723, 2553.218161082554, 2693.8530433382034, 2688.3497127681258, 2547.2746024844646, 2890.596655091286, 2880.32853965528, 3037.4455595351697, 2968.6988632697585, 3217.13364284122, 3587.480992913532, 3520.6216745939255, 4651.047629402161, 4702.294126978683, 6565.654347450066]
shares:[0, 13.2802, 25.6871, 39.128, 52.9784, 67.1227, 81.5527, 94.4227, 108.4283, 122.7961, 138.3724, 153.8284, 171.1294, 187.7961, 203.7705, 220.0571, 238.0104, 256.5978, 274.7796, 293.612, 310.6768, 328.6301, 345.159, 359.8865, 376.4978, 395.3302, 415.5322, 435.7342, 454.4959, 473.1875, 490.8242, 510.1666, 530.1267, 550.4519, 572.6248, 596.6633, 623.473, 650.721, 677.2462, 703.3559, 730.5298, 760.3805, 787.6285, 815.9571, 843.7349, 873.1467, 901.1579, 926.9977, 954.098, 975.0624, 996.2488, 1011.6571]
growth_rate:28.74
