ticker:DYN
price:[22.799999237060547, 22.0, 19.049999237060547, 18.639999389648438, 17.420000076293945, 17.100000381469727, 20.68000030517578, 20.190000534057617, 19.309999465942383, 19.399999618530273, 19.899999618530273, 20.950000762939453, 19.219999313354492, 21.15999984741211, 22.530000686645508, 21.0, 27.1299991607666, 28.610000610351562, 20.200000762939453, 19.329999923706055, 20.489999771118164, 18.610000610351562, 18.790000915527344, 18.469999313354492, 15.600000381469727, 16.84000015258789, 15.8100004196167, 14.710000038146973, 15.9399995803833, 16.75, 17.450000762939453, 18.399999618530273, 19.68000030517578, 18.709999084472656, 17.469999313354492, 18.350000381469727, 19.110000610351562, 18.139999389648438, 20.520000457763672, 21.489999771118164, 21.84000015258789, 21.239999771118164, 21.010000228881836, 19.0, 19.520000457763672, 18.06999969482422, 18.989999771118164, 17.329999923706055, 16.09000015258789, 16.81999969482422, 16.489999771118164, 16.489999771118164]
assets:[0, 100.00099999999999, 186.59093252716065, 282.57493474731444, 364.0797435945511, 457.39252020359044, 653.1509256385804, 737.6739735126496, 805.5224207216263, 909.2760421205521, 1032.7104802036285, 1187.2009282344818, 1189.1644215164185, 1409.194625838089, 1600.4321167762757, 1591.7475, 2156.387288294792, 2374.0235186462405, 1776.171927084732, 1799.6732508968353, 2007.671647573471, 1923.4645280838013, 2042.0691144981383, 2107.29209065876, 1879.8468459682465, 2129.269827293396, 2099.0352587109564, 2052.9923293239594, 2324.6560648039817, 2542.7839999999997, 2749.0504351924897, 2998.7123378305437, 3307.3185152862548, 3244.304486248016, 3129.289169005585, 3386.9182904090885, 3627.1946868484492, 3543.0829127868656, 4107.941983640671, 4402.127599114609, 4573.824559955598, 4548.170002989006, 4598.91886910038, 4258.9469, 4475.508616955185, 4243.054575341033, 4559.081165050507, 4260.551020243263, 4055.6985354618073, 4339.704573262024, 4354.56206055851, 4454.562366170502]
shares:[0, 4.5455, 9.7948, 15.1596, 20.9001, 26.7481, 31.5837, 36.5366, 41.7153, 46.8699, 51.895, 56.6683, 61.8712, 66.5971, 71.0356, 75.7975, 79.4835, 82.9788, 87.9293, 93.1026, 97.983, 103.3565, 108.6785, 114.0927, 120.503, 126.4412, 132.7663, 139.5644, 145.8379, 151.808, 157.5387, 162.9735, 168.0548, 173.3995, 179.1236, 184.5732, 189.8061, 195.3188, 200.1921, 204.8454, 209.4242, 214.1323, 218.8919, 224.1551, 229.2781, 234.8121, 240.078, 245.8483, 252.0633, 258.0086, 264.0729, 270.1372]
growth_rate:-12.66
