ticker:DYNT
price:[0.6499999761581421, 0.699999988079071, 0.7200000286102295, 0.6700000166893005, 0.7300000190734863, 0.7200000286102295, 0.699999988079071, 0.6800000071525574, 0.5899999737739563, 0.5899999737739563, 0.5600000023841858, 0.6399999856948853, 0.699999988079071, 0.75, 0.8100000023841858, 0.8199999928474426, 0.8700000047683716, 0.8100000023841858, 0.9300000071525574, 1.0299999713897705, 1.1699999570846558, 1.0700000524520874, 1.2200000286102295, 1.5199999809265137, 1.4299999475479126, 1.5099999904632568, 1.0700000524520874, 1.25, 1.3200000524520874, 1.149999976158142, 1.1799999475479126, 1.2200000286102295, 1.1299999952316284, 1.2200000286102295, 1.1799999475479126, 1.1299999952316284, 1.0800000429153442, 1.1299999952316284, 1.1200000047683716, 1.2899999618530273, 1.2200000286102295, 1.1699999570846558, 1.25, 1.2000000476837158, 1.149999976158142, 1.100000023841858, 1.2899999618530273, 1.3799999952316284, 1.2400000095367432, 1.2899999618530273, 1.1799999475479126, 1.25]
assets:[0, 99.99996829701067, 202.8571280608177, 288.7698061930835, 414.6297908334732, 508.94994822385314, 594.8123898704051, 677.8177511296034, 688.1065264130294, 788.1065069679379, 848.0333156104803, 1069.180904101944, 1269.416588381964, 1460.0892, 1676.8963489358425, 1797.5987363202096, 2007.2084180012823, 1968.7802547949852, 2360.4514321540473, 2714.2633406061173, 3183.1923242411967, 3011.1248116072657, 3533.2450108581547, 4502.075631506395, 4335.505300974608, 4678.05124245472, 3414.910624401104, 4089.381375, 4418.386939570916, 3949.3519981218337, 4152.378515422941, 4393.137387023497, 4169.0533964074375, 4601.102007900477, 4550.245941737366, 4457.439113190508, 4360.207493259072, 4662.068778327011, 4720.811556098735, 5537.363149252987, 5336.88634315536, 5218.16119859898, 5674.95875, 5547.960580456138, 5416.795207698727, 5281.282604468715, 6293.503850892926, 6832.585734391081, 6239.424979986929, 6591.01447809515, 6128.989937560737, 6592.574375]
shares:[0, 142.8571, 281.746, 430.9997, 567.986, 706.8749, 849.732, 996.7908, 1166.2823, 1335.7738, 1514.3452, 1670.5952, 1813.4523, 1946.7856, 2070.2424, 2192.1936, 2307.1361, 2430.5929, 2538.1198, 2635.2072, 2720.6773, 2814.1352, 2896.1024, 2961.8919, 3031.822, 3098.0472, 3191.5051, 3271.5051, 3347.2627, 3434.2192, 3518.965, 3600.9322, 3689.4278, 3771.395, 3856.1408, 3944.6364, 4037.229, 4125.7246, 4215.0103, 4292.5297, 4374.4969, 4459.967, 4539.967, 4623.3003, 4710.2568, 4801.1659, 4878.6853, 4951.1491, 5031.7943, 5109.3137, 5194.0595, 5274.0595]
growth_rate:29.27
