ticker:DZSI
price:[10.979999542236328, 9.5, 10.34000015258789, 9.300000190734863, 9.40999984741211, 10.699999809265137, 10.0, 10.449999809265137, 11.390000343322754, 12.449999809265137, 12.960000038146973, 13.010000228881836, 12.9399995803833, 14.670000076293945, 13.550000190734863, 15.029999732971191, 15.760000228881836, 15.470000267028809, 16.290000915527344, 17.049999237060547, 16.1200008392334, 15.399999618530273, 17.799999237060547, 17.229999542236328, 17.5, 16.639999389648438, 15.369999885559082, 17.0, 16.3700008392334, 15.600000381469727, 15.989999771118164, 15.470000267028809, 15.15999984741211, 14.550000190734863, 15.020000457763672, 17.110000610351562, 15.859999656677246, 15.949999809265137, 16.549999237060547, 17.969999313354492, 20.760000228881836, 21.530000686645508, 22.459999084472656, 20.700000762939453, 19.950000762939453, 18.649999618530273, 19.219999313354492, 19.75, 14.6899995803833, 13.829999923706055, 13.529999732971191, 14.140000343322754]
assets:[0, 99.99985000000001, 208.84215308189394, 287.83686590328216, 391.24144565582276, 544.8760902872086, 609.23, 736.6455665546417, 902.9081072158814, 1086.9360283480644, 1231.4604996247292, 1336.2115885076523, 1429.0223836598395, 1720.0736459455488, 1688.752783771515, 1973.2075029432299, 2169.0456795009613, 2229.132671477222, 2447.2891915420532, 2661.465665906906, 2616.2954802085874, 2599.438315609932, 3104.54592693367, 3105.130212503433, 3253.789, 3193.888138848877, 3050.124219289589, 3473.5930000000003, 3444.8653256063462, 3382.8288827209476, 3567.3993299360277, 3551.3860813007354, 3580.2204319644925, 3536.162206355286, 3750.3889743003847, 4372.246780967712, 4152.825132103443, 4276.391133861637, 4537.25842083664, 5026.557425931931, 5906.975729125214, 6226.069281564904, 6595.008141170502, 6178.213307710266, 6054.3643865345, 5759.843502187347, 6035.881258364678, 6302.3237500000005, 4787.653019241714, 4607.369047583198, 4607.426282067585, 4915.151787341118]
shares:[0, 10.5263, 20.1975, 30.9502, 41.5772, 50.923, 60.923, 70.4924, 79.272, 87.3041, 95.0201, 102.7065, 110.4345, 117.2511, 124.6312, 131.2846, 137.6298, 144.0939, 150.2326, 156.0977, 162.3012, 168.7947, 174.4127, 180.2165, 185.9308, 191.9404, 198.4466, 204.329, 210.4377, 216.848, 223.1019, 229.566, 236.1623, 243.0352, 249.693, 255.5375, 261.8427, 268.1123, 274.1546, 279.7194, 284.5364, 289.1811, 293.6335, 298.4644, 303.4769, 308.8388, 314.0417, 319.105, 325.9124, 333.1431, 340.5341, 347.6062]
growth_rate:-3.62
