ticker:EA
price:[130.1300048828125, 126.0199966430664, 125.9000015258789, 131.19000244140625, 129.07000732421875, 127.44999694824219, 131.9199981689453, 126.7699966430664, 119.83000183105469, 119.19000244140625, 120.80000305175781, 121.87000274658203, 124.16999816894531, 128.69000244140625, 135.8000030517578, 142.61000061035156, 141.80999755859375, 143.60000610351562, 141.86000061035156, 139.0, 146.0, 143.1999969482422, 141.22000122070312, 147.74000549316406, 145.9499969482422, 133.97000122070312, 132.60000610351562, 130.49000549316406, 128.39999389648438, 132.85000610351562, 137.9600067138672, 140.4600067138672, 141.0500030517578, 143.13999938964844, 142.0800018310547, 142.4199981689453, 138.6199951171875, 140.1699981689453, 142.92999267578125, 145.2100067138672, 146.38999938964844, 141.1199951171875, 138.58999633789062, 143.41000366210938, 140.99000549316406, 143.10000610351562, 144.99000549316406, 143.9600067138672, 136.33999633789062, 138.67999267578125, 140.1699981689453, 142.94000244140625]
assets:[0, 99.9968673362732, 199.90402242279055, 308.3096247375488, 403.3308658874511, 498.26576306915285, 615.7365914535523, 691.6951326835632, 753.8265755187988, 849.8008794067383, 961.278104284668, 1069.7870711097717, 1189.9707604522705, 1333.2927702941895, 1506.9590538650511, 1682.5270482009887, 1773.0929424743651, 1895.4770005645753, 1972.5065644866943, 2032.736, 2235.0994, 2292.2309911499024, 2360.5346864044186, 2569.523723538208, 2638.396474832153, 2521.8245089782713, 2596.0296594940187, 2654.7147697540286, 2712.1930710754395, 2906.1868785186766, 3117.965131736755, 3274.4598605163574, 3388.218543307495, 3538.4207849121094, 3612.2135505523684, 3720.8506301620487, 3721.572594909668, 3863.1832685348513, 4039.244472015381, 4203.684484359742, 4337.843100914001, 4281.67943585205, 4304.92404324646, 4554.644352307128, 4577.790389356995, 4746.298072439576, 4908.984611984252, 4974.106151977539, 4810.82494078064, 4993.395024279785, 5147.042332763672, 5348.757715356445]
shares:[0, 0.7935, 1.5878, 2.3501, 3.1249, 3.9095, 4.6675, 5.4563, 6.2908, 7.1298, 7.9576, 8.7781, 9.5834, 10.3605, 11.0969, 11.7981, 12.5033, 13.1997, 13.9046, 14.624, 15.3089, 16.0072, 16.7153, 17.3922, 18.0774, 18.8238, 19.5779, 20.3442, 21.123, 21.8757, 22.6005, 23.3124, 24.0214, 24.72, 25.4238, 26.1259, 26.8473, 27.5607, 28.2603, 28.949, 29.6321, 30.3407, 31.0623, 31.7596, 32.4689, 33.1677, 33.8574, 34.552, 35.2855, 36.0066, 36.72, 37.4196]
growth_rate:4.88
