ticker:EAC
price:[9.800000190734863, 9.75, 9.699999809265137, 9.649999618530273, 9.699999809265137, 9.739999771118164, 9.84000015258789, 9.710000038146973, 9.770000457763672, 9.729999542236328, 9.6899995803833, 9.680000305175781, 9.65999984741211, 9.65999984741211, 9.699999809265137, 9.699999809265137, 9.670000076293945, 9.649999618530273, 9.649999618530273, 9.619999885559082, 9.670000076293945, 9.699999809265137, 9.649999618530273, 9.640000343322754, 9.630000114440918, 9.630000114440918, 9.630000114440918]
assets:[0, 99.9999, 199.487286077404, 298.4590482017517, 400.0056821345329, 501.65479221153265, 606.805257409668, 698.7888917452813, 803.106738628769, 899.818681666565, 996.1193598639488, 1095.0916585243226, 1192.829339158249, 1292.8296575786592, 1398.1831925069807, 1498.1834005406379, 1593.5502565727236, 1690.2543681833267, 1790.2544192302703, 1884.6888095794677, 1994.4848987359999, 2100.672698693657, 2189.8444984342573, 2287.5749734705923, 2385.2017633452415, 2485.201610533619, 2585.201457721996]
shares:[0, 10.2564, 20.5657, 30.9284, 41.2377, 51.5046, 61.6672, 71.9659, 82.2013, 92.4788, 102.7987, 113.1293, 123.4813, 133.8333, 144.1426, 154.4519, 164.7932, 175.1559, 185.5186, 195.9136, 206.2549, 216.5642, 226.9269, 237.3003, 247.6845, 258.0687, 268.4529]
growth_rate:-0.57
