ticker:EACPU
price:[10.399999618530273, 10.399999618530273, 10.270000457763672, 10.369999885559082, 10.380000114440918, 10.329999923706055, 10.239999771118164, 10.050000190734863, 10.0, 9.949999809265137, 9.899999618530273, 9.925000190734863, 10.020000457763672, 10.050000190734863, 9.949999809265137, 9.979999542236328, 9.979999542236328, 9.9399995803833, 9.970000267028809, 9.970000267028809, 9.970000267028809, 9.90999984741211, 9.869999885559082, 9.937999725341797, 9.979999542236328, 9.916000366210938, 9.979999542236328, 10.0600004196167, 10.0, 10.010000228881836, 10.0, 9.989999771118164, 9.859999656677246, 9.869999885559082]
assets:[0, 100.00015633201599, 198.75018385887145, 300.68540568170545, 400.9752524208069, 499.04332931423187, 594.6951547075271, 683.6603079749107, 780.2589999999999, 876.3581732007981, 971.9542425483703, 1074.409060647583, 1184.6927101226806, 1288.2391744489669, 1375.4213086340906, 1479.567866135025, 1579.567461548233, 1673.2369073643683, 1778.287133628273, 1878.2872333065986, 1978.2873329849244, 2066.3816361831664, 2158.040929977894, 2272.9089853832243, 2382.5143127185825, 2467.2357487182617, 2583.1592095153806, 2703.8665527820585, 2787.74, 2890.5277060928347, 2987.6400000000003, 3084.65218932724, 3144.5116505088804, 3247.7007613434794]
shares:[0, 9.6154, 19.3525, 28.9957, 38.6296, 48.3101, 58.0757, 68.0259, 78.0259, 88.0762, 98.1772, 108.2528, 118.2328, 128.183, 138.2333, 148.2533, 158.2733, 168.3337, 178.3638, 188.3939, 198.424, 208.5148, 218.6465, 228.7089, 238.7289, 248.8136, 258.8336, 268.774, 278.774, 288.764, 298.764, 308.774, 318.916, 329.0477]
growth_rate:-1.58
