ticker:EAR
price:[33.68000030517578, 38.25, 34.650001525878906, 34.75, 34.400001525878906, 35.7599983215332, 49.75, 49.45000076293945, 56.97999954223633, 47.540000915527344, 53.75, 44.81999969482422, 49.88999938964844, 54.779998779296875, 63.0, 52.58000183105469, 64.37999725341797, 71.83000183105469, 69.02999877929688, 58.40999984741211, 55.66999816894531, 58.599998474121094, 47.38999938964844, 47.68000030517578, 51.779998779296875, 52.88999938964844, 47.0099983215332, 50.720001220703125, 57.2400016784668, 41.27000045776367, 34.47999954223633, 32.15999984741211, 34.02000045776367, 36.02000045776367, 39.02000045776367, 36.86000061035156, 38.029998779296875, 37.7599983215332, 34.61000061035156, 34.939998626708984, 34.400001525878906, 36.0, 35.75, 24.700000762939453, 21.479999542236328, 21.989999771118164, 20.469999313354492]
assets:[0, 100.0008, 190.58886839294433, 291.138975, 388.20745721969604, 503.5544163646698, 800.5571, 895.7274238197327, 1132.1242149047853, 1044.5631621162415, 1281.013, 1168.183990045929, 1400.3274698684693, 1637.582327508545, 1983.3093000000001, 1755.2782011260988, 2249.1988980445863, 2609.47622151947, 2607.753166885376, 2306.5583249744413, 2298.358142404175, 2519.3252743995668, 2137.383752471924, 2250.4626384040835, 2543.977230026245, 2698.511236859131, 2498.5061947921754, 2795.686467285156, 3255.067175449371, 2446.902454140854, 2144.3215155315397, 2100.0415580360414, 2321.4976152374265, 2557.9747405082703, 2871.0213976814266, 2812.093678564453, 3001.354124661255, 3080.0453030891417, 2923.1018145492553, 3050.9711620838166, 3103.819257675934, 3348.1836, 3424.932225, 2466.317306180191, 2244.7974241607667, 2398.095236039543, 2332.333298764229]
shares:[0, 2.6144, 5.5004, 8.3781, 11.2851, 14.0815, 16.0916, 18.1138, 19.8688, 21.9723, 23.8328, 26.0639, 28.0683, 29.8938, 31.4811, 33.383, 34.9363, 36.3285, 37.7771, 39.4891, 41.2854, 42.9919, 45.102, 47.1993, 49.1305, 51.0212, 53.1484, 55.12, 56.867, 59.2901, 62.1903, 65.2998, 68.2392, 71.0154, 73.5782, 76.2912, 78.9207, 81.569, 84.4583, 87.3203, 90.2273, 93.0051, 95.8023, 99.8509, 104.5064, 109.0539, 113.9391]
growth_rate:-49.3
