ticker:EAST
price:[1.25, 1.159999966621399, 1.1699999570846558, 1.1100000143051147, 1.159999966621399, 1.190000057220459, 1.274999976158142, 1.2699999809265137, 1.350000023841858, 1.3899999856948853, 1.7999999523162842, 1.5399999618530273, 1.6699999570846558, 1.4800000190734863, 1.4299999475479126, 1.350000023841858, 1.25, 1.2799999713897705, 1.3799999952316284, 1.3799999952316284, 1.5299999713897705, 1.340000033378601, 1.6399999856948853, 2.059999942779541, 2.2100000381469727, 1.840000033378601, 1.6299999952316284, 1.8899999856948853, 1.9700000286102295, 1.8300000429153442, 1.9900000095367432, 1.8799999952316284, 1.7200000286102295, 1.8300000429153442, 1.840000033378601, 1.7200000286102295, 1.7100000381469727, 2.140000104904175, 2.5899999141693115, 3.0899999141693115, 3.0899999141693115, 2.809999942779541, 2.940000057220459, 2.869999885559082, 3.390000104904175, 3.5399999618530273, 4.670000076293945, 3.880000114440918, 3.9600000381469727, 3.259999990463257, 3.119999885559082, 3.009999990463257]
assets:[0, 100.00000112253429, 200.86208263242244, 290.56148474460844, 403.64982838511463, 514.0890687196732, 650.809712830186, 748.2575727622987, 895.3919708131909, 1021.9220124829411, 1423.3523022940396, 1317.7570233581544, 1528.9961827081443, 1455.0386347517967, 1505.8818937645792, 1521.6368668730736, 1508.923, 1645.1371152283193, 1873.6635295258523, 1973.6635731803178, 2288.192222211957, 2104.037768410325, 2675.090896666169, 3460.1751058869836, 3812.1298418014526, 3273.8999153903246, 3000.24824422313, 3578.8155209125043, 3830.2998176272868, 3658.0957877860305, 4077.929312542796, 3952.5161259749652, 3716.1317858135944, 4053.7913900654908, 4175.94318775388, 4003.5990025952815, 4080.3222340245247, 5206.368377219511, 6401.164844870114, 7736.911117092419, 7836.9112393147225, 7226.770497840166, 7661.105363106108, 7578.697628800297, 9051.84200211091, 9552.365633063888, 12701.567546505928, 10652.9085262084, 10972.555809699441, 9132.962345282602, 8840.748995723248, 8629.056233660101]
shares:[0, 86.2069, 171.677, 261.7671, 347.974, 432.0076, 510.439, 589.1792, 663.2533, 735.1957, 790.7513, 855.6864, 915.5666, 983.1342, 1053.0643, 1127.1384, 1207.1384, 1285.2634, 1357.7272, 1430.191, 1495.5505, 1570.1774, 1631.153, 1679.6967, 1724.9456, 1779.2934, 1840.6431, 1893.5532, 1944.3146, 1998.9594, 2049.2107, 2102.4022, 2160.5417, 2215.1865, 2269.5343, 2327.6738, 2386.1533, 2432.8823, 2471.4923, 2503.8548, 2536.2173, 2571.8045, 2605.8181, 2640.6613, 2670.1598, 2698.4084, 2719.8217, 2745.5949, 2770.8474, 2801.5222, 2833.5735, 2866.7961]
growth_rate:69.2
