ticker:EBACU
price:[10.010000228881836, 10.029999732971191, 10.09000015258789, 10.149999618530273, 10.149999618530273, 10.005000114440918, 10.0, 10.0, 10.0, 9.91100025177002, 10.0, 9.899999618530273, 10.0, 9.989999771118164, 9.989999771118164, 9.989999771118164, 9.949999809265137, 10.0, 9.949999809265137, 10.0, 9.899999618530273, 9.899999618530273, 9.9399995803833, 9.899999618530273]
assets:[0, 100.00010033769608, 200.5982840335846, 301.79095365772247, 401.7907798994064, 496.05090717401504, 595.803, 695.8029999999999, 795.8029999999999, 888.7203836762429, 996.701, 1086.7338481256486, 1197.711, 1296.5131592954638, 1396.5130570043564, 1496.5129547132492, 1590.5213995107651, 1698.5140000000001, 1790.0218806864739, 1899.017, 1980.0266537050247, 2080.0265498517992, 2188.431061615467, 2279.624402160835]
shares:[0, 9.9701, 19.8809, 29.7331, 39.5853, 49.5803, 59.5803, 69.5803, 79.5803, 89.6701, 99.6701, 109.7711, 119.7711, 129.7811, 139.7911, 149.8011, 159.8514, 169.8514, 179.9017, 189.9017, 200.0027, 210.1037, 220.1641, 230.2651]
growth_rate:-0.89
