ticker:EBAY
price:[52.540000915527344, 52.77000045776367, 48.61000061035156, 52.47999954223633, 51.68000030517578, 55.45000076293945, 55.83000183105469, 53.790000915527344, 47.630001068115234, 50.689998626708984, 48.66999816894531, 48.9900016784668, 51.34000015258789, 50.970001220703125, 49.130001068115234, 53.060001373291016, 50.119998931884766, 50.25, 54.47999954223633, 55.41999816894531, 56.459999084472656, 56.5099983215332, 62.22999954223633, 63.0099983215332, 61.97999954223633, 56.41999816894531, 53.7599983215332, 55.79999923706055, 59.72999954223633, 60.83000183105469, 63.11000061035156, 62.470001220703125, 64.93000030517578, 60.90999984741211, 55.790000915527344, 59.779998779296875, 60.86000061035156, 61.02000045776367, 60.880001068115234, 65.2300033569336, 67.12999725341797, 63.2599983215332, 67.9000015258789, 70.08000183105469, 69.45999908447266, 68.18000030517578, 73.54000091552734, 68.20999908447266, 65.48999786376953, 74.0199966430664, 73.36000061035156, 76.41000366210938]
assets:[0, 99.99915086746216, 192.11644441223143, 307.41209331855777, 402.7267383781433, 532.1037523212433, 635.7529798507691, 712.5238681274413, 730.9252333911896, 877.8848792163849, 942.9033425262451, 1049.101289943695, 1199.4256195648193, 1290.779601913452, 1344.1820902233123, 1551.7079041610716, 1565.7287186325073, 1669.7874, 1910.3466319484712, 2043.3076224899294, 2181.6538866233827, 2283.585985172653, 2614.7303367660525, 2747.500568811798, 2802.586827301025, 2651.1757139587403, 2626.181294006729, 2825.8347213630677, 3124.8585480514525, 3282.40514780426, 3505.4323619018555, 3569.8857017578125, 3810.462518909454, 3674.548015794754, 3465.6692778724673, 3813.527528128052, 3982.4228279388426, 4092.8921227043156, 4183.503209397889, 4582.420781825257, 4815.892576960755, 4638.261032933808, 5078.471974125672, 5341.5187635635375, 5394.263528900146, 5394.858430147552, 5918.977283687592, 5589.986770970154, 5467.078825668335, 6279.1607272293095, 6323.16988460846, 6686.058704443359]
shares:[0, 1.895, 3.9522, 5.8577, 7.7927, 9.5961, 11.3873, 13.2464, 15.3459, 17.3187, 19.3734, 21.4146, 23.3624, 25.3243, 27.3597, 29.2444, 31.2396, 33.2296, 35.0651, 36.8695, 38.6407, 40.4103, 42.0172, 43.6042, 45.2176, 46.99, 48.8501, 50.6422, 52.3164, 53.9603, 55.5448, 57.1456, 58.6857, 60.3275, 62.1199, 63.7927, 65.4358, 67.0746, 68.7172, 70.2502, 71.7398, 73.3206, 74.7934, 76.2203, 77.66, 79.1267, 80.4865, 81.9526, 83.4796, 84.8306, 86.1937, 87.5024]
growth_rate:31.1
