ticker:EBC
price:[11.90999984741211, 12.260000228881836, 11.949999809265137, 12.3100004196167, 13.619999885559082, 14.300000190734863, 14.729999542236328, 15.5600004196167, 16.190000534057617, 15.819999694824219, 16.799999237060547, 16.309999465942383, 16.540000915527344, 16.389999389648438, 16.229999542236328, 15.9399995803833, 16.18000030517578, 16.719999313354492, 16.850000381469727, 17.610000610351562, 17.920000076293945, 19.149999618530273, 19.709999084472656, 19.459999084472656, 19.600000381469727, 19.450000762939453, 20.229999542236328, 21.049999237060547, 21.329999923706055, 22.18000030517578, 21.68000030517578, 22.719999313354492, 22.399999618530273, 21.790000915527344, 21.219999313354492, 21.09000015258789, 21.020000457763672, 20.290000915527344, 19.790000915527344, 18.8799991607666, 18.43000030517578, 18.25, 19.170000076293945, 19.350000381469727, 19.540000915527344, 19.899999618530273, 19.6299991607666, 19.6299991607666]
assets:[0, 99.99991786689758, 197.47135684814452, 303.42058334283826, 435.70924433898927, 557.4626274354935, 674.2259580471039, 812.216461903572, 945.1026141759872, 1023.5033562561034, 1186.9065060989378, 1252.2882829948426, 1369.9470778297425, 1457.5233097229004, 1543.2944264717103, 1615.7182074666023, 1740.0457728195192, 1898.1195300493239, 2012.8774555698396, 2203.6661683776856, 2342.4594019729616, 2603.241373143196, 2779.368071898651, 2844.1138941940308, 2964.574537698746, 3041.886759320068, 3263.875758145142, 3496.1733232841493, 3642.6776629707333, 3887.8390974929807, 3900.1951989006043, 4187.289057451439, 4228.313527992249, 4213.168584020233, 4202.956139999008, 4277.208096945953, 4363.012191015625, 4311.489251543427, 4305.243455169678, 4207.275652982712, 4206.99589666214, 4265.9083, 4580.957151231575, 4723.971708129311, 4870.35695219574, 5060.086333001518, 5091.430919328117, 5191.430061052894]
shares:[0, 8.1566, 16.5248, 24.6483, 31.9904, 38.9834, 45.7723, 52.199, 58.3757, 64.6968, 70.6492, 76.7804, 82.8263, 88.9276, 95.089, 101.3625, 107.543, 113.5239, 119.4586, 125.1372, 130.7176, 135.9395, 141.0131, 146.1518, 151.2538, 156.3952, 161.3384, 166.089, 170.7772, 175.2858, 179.8983, 184.2997, 188.764, 193.3533, 198.0658, 202.8074, 207.5648, 212.4933, 217.5464, 222.843, 228.2689, 233.7484, 238.9649, 244.1329, 249.2506, 254.2757, 259.3699, 264.4641]
growth_rate:10.46
