ticker:EBET
price:[25.350000381469727, 20.5, 22.25, 22.25, 20.989999771118164, 21.790000915527344, 22.290000915527344, 21.219999313354492, 20.579999923706055, 20.0, 20.729999542236328, 20.8799991607666, 20.450000762939453, 21.049999237060547, 21.25, 22.739999771118164, 27.329999923706055, 26.639999389648438, 27.610000610351562, 31.59000015258789, 31.450000762939453]
assets:[0, 99.999, 208.53590000000003, 308.5363, 391.06468573570254, 505.9703582588196, 617.58013936615, 687.9332797395706, 767.1853531558991, 845.564, 976.4265114383697, 1083.492388451004, 1161.1796733207702, 1295.2485530548095, 1407.555375, 1606.24897983284, 2030.465946331787, 2079.204000363159, 2254.9115108474734, 2679.9597759449007, 2768.084397150421]
shares:[0, 4.878, 9.3724, 13.8668, 18.631, 23.2203, 27.7066, 32.4191, 37.2782, 42.2782, 47.1021, 51.8914, 56.7814, 61.532, 66.2379, 70.6354, 74.2944, 78.0482, 81.6701, 84.8357, 88.0154]
growth_rate:38.4
