ticker:EBIX
price:[21.670000076293945, 19.790000915527344, 20.3799991607666, 19.93000030517578, 21.350000381469727, 21.360000610351562, 20.8799991607666, 20.020000457763672, 18.059999465942383, 19.420000076293945, 27.68000030517578, 31.520000457763672, 35.439998626708984, 34.81999969482422, 36.27000045776367, 36.09000015258789, 37.099998474121094, 37.970001220703125, 39.02000045776367, 42.5, 45.630001068115234, 52.06999969482422, 47.86000061035156, 51.5, 50.7400016784668, 24.3799991607666, 24.850000381469727, 33.16999816894531, 32.869998931884766, 31.200000762939453, 31.93000030517578, 30.799999237060547, 29.049999237060547, 31.389999389648438, 30.110000610351562, 30.43000030517578, 28.530000686645508, 27.639999389648438, 27.399999618530273, 29.399999618530273, 36.7400016784668, 33.0099983215332, 35.84000015258789, 32.400001525878906, 32.86000061035156, 29.200000762939453, 29.459999084472656, 30.219999313354492, 30.309999465942383, 29.530000686645508, 27.850000381469727, 28.719999313354492]
assets:[0, 100.00085362625121, 202.98275364131925, 298.5015795707703, 419.76876250019075, 519.964358857727, 608.2803115512849, 683.2265596221924, 716.3372368169784, 870.2801154190064, 1340.439998778534, 1626.397351620102, 1928.665989264679, 1994.9248325157164, 2177.9990194885254, 2267.191854585648, 2430.63979003067, 2587.64039519043, 2759.197880369568, 3105.2752499999997, 3433.9678643829343, 4018.6219874473572, 3793.704310380554, 4182.2326, 4220.512747613525, 2127.9082687509535, 2268.9292848300934, 3128.587593295288, 3200.292123006058, 3137.6967167266844, 3311.112294646454, 3293.9336384067533, 3206.777125780487, 3565.0846516799925, 3519.711532347107, 3657.116995676422, 3528.773076928711, 3518.6907742996214, 3588.136810045052, 3950.0457687475205, 5036.212884079361, 4624.915329835892, 5121.417749804306, 4729.852662752533, 4897.004308958435, 4451.569316310883, 4591.205341319275, 4809.648880717278, 4923.971560240364, 4897.25826687336, 4718.647844632721, 4966.052625270271]
shares:[0, 5.0531, 9.9599, 14.9775, 19.6613, 24.3429, 29.1322, 34.1272, 39.6643, 44.8136, 48.4263, 51.5989, 54.4206, 57.2925, 60.0496, 62.8205, 65.5159, 68.1496, 70.7124, 73.0653, 75.2568, 77.1773, 79.2667, 81.2084, 83.1792, 87.2809, 91.305, 94.3198, 97.3621, 100.5672, 103.6991, 106.9459, 110.3882, 113.5739, 116.8951, 120.1813, 123.6864, 127.3043, 130.9539, 134.3553, 137.0771, 140.1065, 142.8967, 145.9831, 149.0263, 152.451, 155.8454, 159.1545, 162.4537, 165.8401, 169.4308, 172.9127]
growth_rate:-2.63
