ticker:EBMT
price:[17.93000030517578, 17.540000915527344, 18.0, 16.979999542236328, 18.270000457763672, 19.100000381469727, 19.889999389648438, 20.25, 19.260000228881836, 18.739999771118164, 19.75, 20.549999237060547, 20.649999618530273, 21.809999465942383, 20.389999389648438, 22.190000534057617, 21.850000381469727, 21.219999313354492, 22.25, 21.959999084472656, 20.799999237060547, 21.389999389648438, 20.739999771118164, 21.299999237060547, 20.950000762939453, 21.770000457763672, 25.270000457763672, 25.100000381469727, 25.31999969482422, 25.010000228881836, 24.18000030517578, 23.520000457763672, 23.579999923706055, 23.399999618530273, 23.389999389648438, 22.969999313354492, 23.030000686645508, 25.239999771118164, 25.010000228881836, 24.850000381469727, 24.610000610351562, 23.760000228881836, 23.229999542236328, 22.989999771118164, 22.889999389648438, 22.440000534057617, 22.170000076293945, 22.200000762939453, 22.43000030517578, 22.299999237060547, 22.549999237060547, 22.020000457763672]
assets:[0, 100.00080721969604, 202.6242, 291.14246815109254, 413.26192935447693, 532.0362406259537, 654.0428499298097, 765.8813250000001, 828.4380938449859, 906.0714929336548, 1054.904775, 1197.6354605365752, 1303.4630809209823, 1476.6852718406678, 1480.5423236816405, 1711.241804185295, 1785.0226711639405, 1833.55435866909, 2022.5539250000002, 2096.191712608337, 2085.4640835056302, 2244.6194779510497, 2276.409930878067, 2437.874372678375, 2497.816215963364, 2695.5832266807556, 3228.957699492264, 3307.236290263367, 3436.2227345840456, 3494.1521339771266, 3478.1914878982543, 3483.253267793655, 3592.1394603775025, 3664.7184002573013, 3763.1515098022464, 3795.5787655382155, 3905.4943034433363, 4380.273236278725, 4440.357973636436, 4511.949959262466, 4568.374101300049, 4510.588939450836, 4509.974323127746, 4563.379313568306, 4643.529368182373, 4652.240714720344, 4696.264465161324, 4802.619405049896, 4952.375842380524, 5023.672468127442, 5179.99189474411, 5158.244561232376]
shares:[0, 5.7013, 11.2569, 17.1462, 22.6197, 27.8553, 32.883, 37.8213, 43.0134, 48.3496, 53.4129, 58.2791, 63.1217, 67.7068, 72.6112, 77.1177, 81.6944, 86.4069, 90.9013, 95.455, 100.2627, 104.9378, 109.7594, 114.4542, 119.2275, 123.821, 127.7783, 131.7624, 135.7118, 139.7102, 143.8458, 148.0975, 152.3384, 156.6119, 160.8872, 165.2407, 169.5829, 173.5449, 177.5433, 181.5674, 185.6308, 189.8396, 194.1444, 198.4941, 202.8628, 207.3191, 211.8297, 216.3342, 220.7925, 225.2768, 229.7114, 234.2527]
growth_rate:1.14
