ticker:EBON
price:[7.440000057220459, 7.710000038146973, 9.850000381469727, 9.850000381469727, 9.380000114440918, 9.760000228881836, 9.34000015258789, 9.229999542236328, 8.960000038146973, 8.210000038146973, 7.360000133514404, 5.199999809265137, 4.789999961853027, 4.449999809265137, 3.950000047683716, 4.53000020980835, 4.679999828338623, 6.070000171661377, 6.900000095367432, 5.300000190734863, 5.150000095367432, 5.130000114440918, 5.829999923706055, 6.690000057220459, 11.0600004196167, 6.900000095367432, 6.159999847412109, 10.399999618530273, 10.600000381469727, 7.800000190734863, 7.03000020980835, 5.074999809265137, 4.820000171661377, 4.190000057220459, 4.090000152587891, 3.450000047683716, 2.75, 2.640000104904175, 2.890000104904175, 3.3399999141693115, 3.4000000953674316, 3.6600000858306885, 3.0899999141693115, 2.869999885559082, 2.619999885559082, 2.1700000762939453, 2.1500000953674316, 2.2100000381469727, 2.569999933242798, 2.450000047683716, 2.240000009536743, 2.5299999713897705]
assets:[0, 100.00024249477387, 227.75663382053375, 327.75679269332886, 412.1178090280533, 528.813404401207, 606.0567319011689, 698.9186403369903, 778.473475314331, 813.3113387789726, 829.1076950404644, 685.7827348456383, 731.711293172741, 779.7734665775299, 792.1586845628024, 1008.4758947078705, 1141.8689461164952, 1581.01409671154, 1897.1991862218856, 1557.2688460425377, 1613.195299873066, 1706.9305880784989, 2039.845264305687, 2440.748846876049, 4135.0797768850325, 2679.7516570378302, 2492.35811426239, 4307.877441987991, 4490.721961610794, 3404.4933832507136, 3168.409143560267, 2387.2936127778053, 2367.341156311417, 2157.9166504694463, 2206.4152043159484, 1961.15701210587, 1663.240975, 1696.7114354212524, 1957.3849330511568, 2362.1678452974556, 2504.602250252199, 2796.13063157208, 2460.6676656502245, 2385.4744508794784, 2277.680394511509, 1986.4757918415069, 2068.167221737576, 2225.8835294211385, 2688.470762165451, 2662.9391068280934, 2534.6872427913668, 2962.838691495061]
shares:[0, 12.9702, 23.1225, 33.2748, 43.9358, 54.1817, 64.8883, 75.7225, 86.8832, 99.0635, 112.6505, 131.8813, 152.7581, 175.23, 200.5465, 222.6216, 243.9891, 260.4636, 274.9564, 293.8243, 313.2418, 332.735, 349.8877, 364.8354, 373.877, 388.3698, 404.6036, 414.219, 423.653, 436.4735, 450.6983, 470.4027, 491.1496, 515.0159, 539.4658, 568.4513, 604.8149, 642.6937, 677.2958, 707.2359, 736.6477, 763.9701, 796.3326, 831.1758, 869.3437, 915.4266, 961.9382, 1007.1871, 1046.0976, 1086.9139, 1131.5568, 1171.0825]
growth_rate:-41.91
