ticker:EBSB
price:[11.5600004196167, 11.109999656677246, 10.779999732971191, 9.970000267028809, 10.779999732971191, 11.680000305175781, 11.760000228881836, 12.550000190734863, 12.449999809265137, 11.779999732971191, 13.640000343322754, 14.25, 14.380000114440918, 14.569999694824219, 14.470000267028809, 14.569999694824219, 14.729999542236328, 14.90999984741211, 15.699999809265137, 16.0, 15.779999732971191, 15.149999618530273, 15.90999984741211, 16.530000686645508, 16.790000915527344, 16.75, 18.25, 19.299999237060547, 19.110000610351562, 19.059999465942383, 18.639999389648438, 18.450000762939453, 18.3799991607666, 21.920000076293945, 22.110000610351562, 21.540000915527344, 21.68000030517578, 21.56999969482422, 22.049999237060547, 21.959999084472656, 21.450000762939453, 20.329999923706055, 21.190000534057617, 20.239999771118164, 19.530000686645508, 19.34000015258789, 18.959999084472656, 19.110000610351562, 19.969999313354492, 20.559999465942383, 20.90999984741211, 21.09000015258789]
assets:[0, 99.99999590978622, 197.02928911943437, 282.2247855588913, 405.15335396404265, 538.9782860824586, 642.6699005081177, 785.8421069432259, 879.5800365247727, 932.2456188678742, 1179.4426456869126, 1332.188325, 1444.3415914945604, 1563.425075253296, 1652.6939744987487, 1764.1151650497436, 1883.4882164669039, 2006.5042834655762, 2212.817633117104, 2355.1008, 2422.7175610028266, 2425.9936789146423, 2647.694444606781, 2850.873016423416, 2995.713938350678, 3088.5760499999997, 3465.1658249999996, 3764.530471186066, 3827.4713152450563, 3917.4569642335896, 3931.132999278259, 3991.063575037384, 4075.9210438928603, 4960.945377266884, 5103.945503895568, 5072.36434759369, 5205.331217272186, 5278.920933312988, 5496.392284822464, 5573.95723961792, 5544.507737208558, 5355.003299903869, 5681.530751193237, 5526.813273500633, 5432.937617013931, 5480.081875236511, 5472.407471752166, 5615.702999359131, 5968.423709782601, 6244.756485788917, 6451.0632399242395, 6606.59650479927]
shares:[0, 9.0009, 18.2773, 28.3074, 37.5838, 46.1454, 54.6488, 62.6169, 70.649, 79.138, 86.4694, 93.4869, 100.441, 107.3044, 114.2152, 121.0786, 127.8675, 134.5744, 140.9438, 147.1938, 153.5309, 160.1316, 166.417, 172.4666, 178.4225, 184.3926, 189.8721, 195.0534, 200.2863, 205.5329, 210.8977, 216.3178, 221.7585, 226.3205, 230.8433, 235.4858, 240.0983, 244.7344, 249.2695, 253.8232, 258.4852, 263.404, 268.1232, 273.0639, 278.1842, 283.3548, 288.6291, 293.862, 298.8695, 303.7333, 308.5157, 313.2573]
growth_rate:29.54
