ticker:EBTC
price:[22.190000534057617, 21.110000610351562, 22.299999237060547, 20.280000686645508, 21.059999465942383, 23.149999618530273, 22.469999313354492, 23.739999771118164, 22.610000610351562, 23.0, 24.920000076293945, 25.93000030517578, 26.600000381469727, 26.5, 27.399999618530273, 25.510000228881836, 25.270000457763672, 25.549999237060547, 26.790000915527344, 28.25, 28.280000686645508, 25.34000015258789, 27.1200008392334, 27.25, 28.729999542236328, 29.0, 32.189998626708984, 33.369998931884766, 32.72999954223633, 32.93000030517578, 32.79999923706055, 33.7599983215332, 33.90999984741211, 34.099998474121094, 34.83000183105469, 36.099998474121094, 34.5, 34.189998626708984, 34.459999084472656, 35.560001373291016, 34.13999938964844, 34.0, 33.34000015258789, 33.4900016784668, 33.099998474121094, 33.130001068115234, 32.54999923706055, 32.70000076293945, 34.599998474121094, 34.79999923706055, 33.22999954223633, 34.27000045776367]
assets:[0, 100.00018389129639, 205.6372129646301, 287.0106817176819, 398.0487319059372, 537.5522511421204, 621.7628569999695, 756.9047867025375, 820.8764211593628, 935.0351, 1113.0891834077836, 1258.2014048080446, 1390.7118599441528, 1485.484, 1635.933417224121, 1623.0890705627442, 1707.8199139369963, 1826.7431854522704, 2015.3983738746645, 2225.232725, 2327.5967685146334, 2185.618091160965, 2439.1457554798126, 2550.837075, 2789.3784175559995, 2915.5933, 3336.309874666214, 3558.6100560951236, 3590.3598487850186, 3712.2977244033814, 3797.642951665497, 4008.793864692306, 4126.6062204311365, 4249.729359836579, 4440.706811453247, 4702.62767122879, 4594.20285, 4652.920332108689, 4789.664192749023, 5042.553990738296, 4941.191359661866, 5020.9295999999995, 5023.4645149909975, 5146.066959912872, 5186.13755092392, 5290.837979577255, 5298.212200815201, 5422.628046517944, 5837.704822554016, 5971.450189084625, 5802.047641073227, 6083.634470262527]
shares:[0, 4.7371, 9.2214, 14.1524, 18.9007, 23.2204, 27.6708, 31.8831, 36.3059, 40.6537, 44.6665, 48.523, 52.2824, 56.056, 59.7056, 63.6256, 67.5829, 71.4968, 75.2295, 78.7693, 82.3054, 86.2517, 89.939, 93.6087, 97.0894, 100.5377, 103.6443, 106.641, 109.6963, 112.733, 115.7818, 118.7439, 121.6929, 124.6255, 127.4966, 130.2667, 133.1653, 136.0901, 138.992, 141.8041, 144.7332, 147.6744, 150.6738, 153.6598, 156.6809, 159.6993, 162.7715, 165.8296, 168.7198, 171.5934, 174.6027, 177.5207]
growth_rate:19.29
