ticker:ECHO
price:[27.040000915527344, 26.8799991607666, 26.43000030517578, 25.860000610351562, 26.299999237060547, 27.520000457763672, 28.030000686645508, 27.93000030517578, 26.969999313354492, 28.520000457763672, 28.829999923706055, 28.540000915527344, 29.479999542236328, 29.40999984741211, 29.3700008392334, 28.010000228881836, 27.700000762939453, 26.81999969482422, 27.959999084472656, 27.299999237060547, 29.1200008392334, 26.329999923706055, 28.059999465942383, 28.170000076293945, 28.149999618530273, 27.860000610351562, 29.459999084472656, 32.43000030517578, 32.630001068115234, 31.229999542236328, 31.829999923706055, 31.700000762939453, 32.880001068115234, 31.68000030517578, 32.70000076293945, 35.939998626708984, 36.18000030517578, 33.779998779296875, 34.15999984741211, 33.68000030517578, 32.939998626708984, 30.59000015258789, 31.8700008392334, 29.65999984741211, 28.729999542236328, 28.600000381469727, 28.229999542236328, 30.93000030517578, 31.229999542236328, 31.940000534057617, 31.829999923706055, 32.560001373291016]
assets:[0, 99.99897287788392, 198.32543628997803, 294.0488949401855, 399.05251842384337, 517.5631446090698, 627.1544473632813, 724.9175719207764, 800.000301632309, 945.9770431835175, 1056.2591222047806, 1145.6355927505492, 1283.367560071945, 1380.3201098384857, 1478.4417872457504, 1509.9826993387223, 1593.2708038833619, 1642.6552493087768, 1812.4761846519468, 1869.6923177486422, 2094.3395803585054, 1993.6786312231065, 2224.6725196584703, 2333.394348319626, 2431.737717046738, 2506.686838916016, 2750.6447625183105, 3127.9513614349366, 3247.2430792957307, 3207.9174459789274, 3369.5492559234617, 3455.7882631721495, 3684.427703689575, 3649.960547160339, 3867.4781402339936, 4350.676999757767, 4479.731659786225, 4282.567441241455, 4430.743276208496, 4468.483936489105, 4470.30368362999, 4251.382926206589, 4529.2752832695005, 4315.1948198001855, 4279.890793807221, 4360.524798161126, 4404.111414585113, 4925.333457596588, 5073.104184639358, 5288.440036426163, 5370.227084127999, 5593.391467913819]
shares:[0, 3.7202, 7.5038, 11.3708, 15.1731, 18.8068, 22.3744, 25.9548, 29.6626, 33.1689, 36.6375, 40.1414, 43.5335, 46.9337, 50.3385, 53.9087, 57.5188, 61.2474, 64.8239, 68.4869, 71.921, 75.7189, 79.2827, 82.8326, 86.385, 89.9744, 93.3688, 96.4524, 99.5171, 102.7191, 105.8608, 109.0154, 112.0568, 115.2134, 118.2715, 121.0539, 123.8179, 126.7782, 129.7056, 132.6747, 135.7105, 138.9795, 142.1172, 145.4887, 148.9694, 152.4659, 156.0082, 159.2413, 162.4433, 165.5742, 168.7159, 171.7872]
growth_rate:9.67
