ticker:ECOL
price:[35.9900016784668, 35.90999984741211, 33.7400016784668, 31.530000686645508, 33.43000030517578, 33.9900016784668, 33.68000030517578, 34.61000061035156, 30.520000457763672, 33.150001525878906, 35.880001068115234, 34.59000015258789, 36.09000015258789, 35.16999816894531, 36.20000076293945, 36.41999816894531, 36.119998931884766, 36.33000183105469, 38.54999923706055, 36.45000076293945, 36.650001525878906, 33.0, 36.22999954223633, 37.5, 37.54999923706055, 38.209999084472656, 40.939998626708984, 44.95000076293945, 43.84000015258789, 42.459999084472656, 42.599998474121094, 42.54999923706055, 42.369998931884766, 42.65999984741211, 42.459999084472656, 43.25, 42.150001525878906, 40.619998931884766, 39.630001068115234, 38.45000076293945, 37.22999954223633, 36.650001525878906, 37.869998931884766, 37.72999954223633, 37.25, 36.150001525878906, 36.91999816894531, 35.0, 37.029998779296875, 36.90999984741211, 36.0, 35.790000915527344]
assets:[0, 99.99857657508849, 193.95439964866637, 281.25075912494657, 398.1981056350708, 504.86709093093873, 600.2618054389955, 716.8354106414795, 732.1229269809722, 895.2124762062073, 1068.9369918212892, 1130.50497498703, 1279.5312564098358, 1346.9124538757324, 1486.3575513259889, 1595.3889457901003, 1682.2456062538147, 1792.024569319153, 2001.5275253879547, 1992.4955517051696, 2103.4278825737, 1993.9458000000002, 2289.109192077255, 2469.3525, 2572.6443227291106, 2717.861950878906, 3012.0457669639586, 3407.0707128284453, 3422.935147913742, 3415.1893523612976, 3526.4491736869813, 3622.3112200504306, 3706.9893395496365, 3832.3610862922665, 3914.3958075973514, 4087.2244750000004, 4083.2729678192136, 4035.0525858970645, 4036.707945798111, 4016.5139946971894, 3989.071591952133, 4026.9262476562503, 4260.97322582016, 4345.220673281097, 4389.942300000001, 4360.308349047088, 4553.184618183899, 4416.398, 4772.548441671753, 4857.082845920563, 4837.3344, 4909.11758057785]
shares:[0, 2.7847, 5.7485, 8.9201, 11.9114, 14.8534, 17.8225, 20.7118, 23.9883, 27.0049, 29.792, 32.683, 35.4539, 38.2972, 41.0596, 43.8053, 46.5738, 49.3263, 51.9203, 54.6638, 57.3923, 60.4226, 63.1827, 65.8494, 68.5125, 71.1296, 73.5722, 75.7969, 78.0779, 80.4331, 82.7805, 85.1307, 87.4909, 89.835, 92.1902, 94.5023, 96.8748, 99.3366, 101.8599, 104.4607, 107.1467, 109.8752, 112.5158, 115.1662, 117.8508, 120.6171, 123.3257, 126.1828, 128.8833, 131.5926, 134.3704, 137.1645]
growth_rate:-3.74
