ticker:ECOR
price:[1.4900000095367432, 1.4299999475479126, 1.7699999809265137, 1.6100000143051147, 1.8899999856948853, 1.899999976158142, 1.7799999713897705, 1.6699999570846558, 1.5099999904632568, 1.5700000524520874, 1.6399999856948853, 1.5299999713897705, 1.4800000190734863, 1.5199999809265137, 1.7899999618530273, 1.6699999570846558, 1.6100000143051147, 1.559999942779541, 1.690000057220459, 1.7699999809265137, 2.6600000858306885, 2.5799999237060547, 2.5799999237060547, 2.859999895095825, 2.7200000286102295, 2.1700000762939453, 2.0199999809265137, 2.140000104904175, 2.25, 2.069999933242798, 2.0199999809265137, 1.9600000381469727, 1.7899999618530273, 1.7999999523162842, 1.7000000476837158, 1.5, 1.590000033378601, 1.659999966621399, 1.6799999475479126, 1.690000057220459, 1.684999942779541, 1.590000033378601, 1.7100000381469727, 1.1299999952316284, 1.1299999952316284, 1.0199999809265137, 1.0099999904632568, 1.0399999618530273, 1.0399999618530273, 0.9950000047683716, 0.949999988079071, 1.0399999618530273]
assets:[0, 100.00003933202028, 223.7763185885906, 303.54795369707347, 456.33898454604144, 558.7535129885674, 623.4638579789639, 684.9351183986664, 719.3126554570198, 847.89469932729, 985.6988674021125, 1019.5849429342746, 1086.2652539992332, 1215.6237847459317, 1531.5569033607483, 1528.8826227110624, 1573.952757984829, 1625.072220392704, 1860.4950369931223, 2048.5657639246942, 3178.6357305655956, 3183.0374958734515, 3283.037518916321, 3739.3360348419665, 3656.2917664585825, 3016.968032072067, 2908.42182853775, 3181.1996079444407, 3444.71895, 3269.1413725706575, 3290.176776933098, 3292.448832080078, 3106.879126788807, 3224.236054586911, 3145.111948218012, 2875.09875, 3147.6047700771333, 3386.1784879121064, 3526.9757618825915, 3647.9699035139083, 3737.176875090218, 3626.4757331299897, 4000.1719672365193, 2743.388450423455, 2843.3884780014755, 2666.598394135952, 2740.455295123744, 2921.8548288269994, 3021.8547771590233, 2991.1015533343552, 2955.8255929092766, 3335.8510456417084]
shares:[0, 69.9301, 126.4273, 188.5391, 241.4492, 294.0808, 350.2606, 410.1408, 476.366, 540.0603, 601.0359, 666.3954, 733.963, 799.7525, 855.6184, 915.4986, 977.6104, 1041.713, 1100.8846, 1157.3818, 1194.9758, 1233.7355, 1272.4952, 1307.4602, 1344.2249, 1390.3078, 1439.8128, 1486.5418, 1530.9862, 1579.2954, 1628.8004, 1679.8208, 1735.6867, 1791.2423, 1850.0658, 1916.7325, 1979.6256, 2039.8666, 2099.3904, 2158.562, 2217.9092, 2280.8023, 2339.2818, 2427.7774, 2516.273, 2614.3122, 2713.3221, 2809.4759, 2905.6297, 3006.1322, 3111.3954, 3207.5492]
growth_rate:-34.59
