ticker:ECPG
price:[46.709999084472656, 41.060001373291016, 39.43000030517578, 37.02000045776367, 39.040000915527344, 38.45000076293945, 40.70000076293945, 39.33000183105469, 31.93000030517578, 31.34000015258789, 30.5, 32.470001220703125, 33.7400016784668, 37.75, 38.97999954223633, 38.0, 37.779998779296875, 38.95000076293945, 33.63999938964844, 31.809999465942383, 30.239999771118164, 29.700000762939453, 32.959999084472656, 33.38999938964844, 32.72999954223633, 33.41999816894531, 38.060001373291016, 41.619998931884766, 39.970001220703125, 41.650001525878906, 40.36000061035156, 38.849998474121094, 38.75, 38.720001220703125, 39.34000015258789, 43.099998474121094, 43.22999954223633, 43.959999084472656, 46.290000915527344, 47.369998931884766, 49.290000915527344, 47.4900016784668, 48.27000045776367, 47.439998626708984, 47.060001373291016, 46.5, 45.86000061035156, 47.34000015258789, 48.2400016784668, 46.65999984741211, 47.349998474121094, 48.0099983215332]
assets:[0, 100.00163334465027, 196.0301895172119, 284.0470595123291, 399.5470813697815, 493.5096047924042, 622.3884816669464, 701.4387836563111, 669.4635443984985, 757.0929196861267, 836.80105, 990.8513102508545, 1129.605134194565, 1363.8584250000001, 1508.2960002872467, 1570.3765999999998, 1661.2847743225097, 1812.7330355072022, 1665.6071977798463, 1675.0000558784484, 1692.3301791910171, 1762.1099552654266, 2055.527270903778, 2182.34364810791, 2239.2065536823275, 2386.411783250427, 2817.737947670364, 3181.2995343566895, 3155.1799353607175, 3387.798629114532, 3382.870315158081, 3356.3057581771855, 3447.665, 3544.994223760986, 3701.7563243579866, 4155.559622879791, 4268.093531805039, 4440.166519527435, 4775.507944450379, 4986.924007553101, 5289.053690240478, 5195.904828641891, 5381.245845032501, 5388.714188007736, 5445.54805891037, 5480.74575, 5505.309633270264, 5782.978674639892, 5992.92294451828, 5896.638816716766, 6083.83557894516, 6268.636674843598]
shares:[0, 2.4355, 4.9716, 7.6728, 10.2343, 12.8351, 15.2921, 17.8347, 20.9666, 24.1574, 27.4361, 30.5159, 33.4797, 36.1287, 38.6941, 41.3257, 43.9726, 46.54, 49.5127, 52.6564, 55.9633, 59.3303, 62.3643, 65.3592, 68.4145, 71.4067, 74.0341, 76.4368, 78.9387, 81.3397, 83.8174, 86.3914, 88.972, 91.5546, 94.0965, 96.4167, 98.7299, 101.0047, 103.165, 105.276, 107.3048, 109.4105, 111.4822, 113.5901, 115.715, 117.8655, 120.046, 122.1584, 124.2314, 126.3746, 128.4865, 130.5694]
growth_rate:22.91
