ticker:EDAP
price:[3.9800000190734863, 3.930000066757202, 4.210000038146973, 3.9700000286102295, 4.5, 4.420000076293945, 4.550000190734863, 4.630000114440918, 4.239999771118164, 4.289999961853027, 4.5, 4.170000076293945, 4.119999885559082, 4.179999828338623, 4.570000171661377, 4.679999828338623, 5.079999923706055, 5.170000076293945, 6.0, 6.690000057220459, 8.029999732971191, 7.710000038146973, 8.520000457763672, 10.149999618530273, 9.880000114440918, 9.100000381469727, 7.409999847412109, 8.109999656677246, 8.229999542236328, 8.149999618530273, 8.569999694824219, 9.140000343322754, 9.079999923706055, 7.360000133514404, 6.880000114440918, 6.690000057220459, 5.96999979019165, 7.0, 6.75, 6.96999979019165, 6.71999979019165, 6.539999961853027, 6.909999847412109, 6.900000095367432, 6.360000133514404, 5.980000019073486, 5.949999809265137, 6.320000171661377, 6.059999942779541, 5.599999904632568, 5.760000228881836, 5.900000095367432]
assets:[0, 100.00003069865703, 207.12484487676622, 295.3171861282349, 434.7423, 527.013405096817, 642.5137169340134, 753.8107816321374, 790.3147573375702, 899.6344420003892, 1043.6724, 1067.136379524231, 1154.3407439359664, 1271.151323797226, 1489.751505959034, 1625.6096403729916, 1864.5504719972612, 1997.584112478447, 2418.2796, 2796.381890917826, 3456.4941130580905, 3418.7512549150465, 3877.9199563533784, 4719.821887613868, 4694.270622374153, 4423.670345439148, 3702.1315127651214, 4151.860798238182, 4313.294203088761, 4371.366395393372, 4696.6392147537235, 5109.0179819083205, 5175.479192513466, 4295.102509915495, 4114.987236448097, 4101.346682079363, 3759.9458668612956, 4508.6468, 4447.6236, 4692.583026745606, 4624.2697436234475, 4600.4053591664315, 4960.672997457505, 5053.494519846201, 4758.003867883968, 4573.720490588093, 4650.775105913449, 5039.98336089406, 4932.642397424412, 4658.217120671034, 4891.30925036316, 5110.195402601052]
shares:[0, 25.4453, 49.1983, 74.3872, 96.6094, 119.2338, 141.2118, 162.8101, 186.395, 209.705, 231.9272, 255.908, 280.1798, 304.1032, 325.985, 347.3525, 367.0375, 386.3799, 403.0466, 417.9943, 430.4476, 443.4178, 455.1549, 465.0071, 475.1286, 486.1176, 499.6129, 511.9434, 524.0941, 536.364, 548.0326, 558.9735, 569.9867, 583.5737, 598.1086, 613.0563, 629.8067, 644.0924, 658.9072, 673.2544, 688.1354, 703.4259, 717.8977, 732.3905, 748.1138, 764.8362, 781.6429, 797.4657, 813.9674, 831.8245, 849.1856, 866.1348]
growth_rate:0.2
