ticker:EDIT
price:[30.469999313354492, 29.989999771118164, 33.900001525878906, 29.40999984741211, 27.06999969482422, 33.09000015258789, 33.65999984741211, 32.7599983215332, 30.940000534057617, 30.489999771118164, 29.229999542236328, 28.420000076293945, 31.34000015258789, 34.4900016784668, 61.91999816894531, 64.41000366210938, 83.52999877929688, 70.11000061035156, 90.58000183105469, 76.13999938964844, 65.76000213623047, 61.349998474121094, 64.05999755859375, 57.939998626708984, 56.4900016784668, 43.86000061035156, 41.630001068115234, 46.279998779296875, 45.0, 40.47999954223633, 42.83000183105469, 39.459999084472656, 34.66999816894531, 36.90999984741211, 37.0099983215332, 34.11000061035156, 33.220001220703125, 33.209999084472656, 33.95000076293945, 33.66999816894531, 37.41999816894531, 35.880001068115234, 41.880001068115234, 54.900001525878906, 48.56999969482422, 42.38999938964844, 40.84000015258789, 41.86000061035156, 55.59000015258789, 62.65999984741211, 60.380001068115234, 65.52999877929688]
assets:[0, 99.9986552368164, 213.0377795890808, 284.82114352226256, 362.1586979171753, 542.6991655025482, 652.0480530441284, 734.6134783618927, 793.802841701889, 882.2586333770752, 945.7980181880952, 1019.5873967370987, 1224.3441159610747, 1447.4039614383696, 2698.5292482009886, 2907.0489002838135, 3870.00331444397, 3348.2432991485593, 4425.829469467163, 3820.2787853759764, 3399.4698864326474, 3271.494803632355, 3516.0034320007326, 3280.099202255249, 3298.010575992584, 2660.6441290252683, 2625.36687635994, 3018.6175483795164, 3035.1285, 2830.2684639942167, 3094.5747072982786, 2951.083113530731, 2692.8534277801514, 2966.83686073494, 3074.8757835491183, 2933.937592498779, 2957.384032672119, 3056.4922287391664, 3224.5982324645997, 3298.0032566467285, 3765.319959753418, 3710.361674454117, 4430.824541004563, 5908.316204214478, 5327.084711528778, 4749.269556617736, 4675.612341469192, 4892.387571334839, 6597.0821191082005, 7536.105649648285, 7361.8920102310185, 8089.809409301758]
shares:[0, 3.3344, 6.2843, 9.6845, 13.3786, 16.4007, 19.3716, 22.4241, 25.6562, 28.936, 32.3571, 35.8757, 39.0665, 41.9659, 43.5809, 45.1335, 46.3307, 47.757, 48.861, 50.1744, 51.6951, 53.3251, 54.8861, 56.612, 58.3822, 60.6622, 63.0643, 65.2251, 67.4473, 69.9177, 72.2525, 74.7867, 77.671, 80.3803, 83.0823, 86.014, 89.0242, 92.0353, 94.9808, 97.9508, 100.6232, 103.4103, 105.7981, 107.6196, 109.6785, 112.0375, 114.4861, 116.875, 118.6739, 120.2698, 121.926, 123.452]
growth_rate:58.62
