ticker:EDRY
price:[3.630000114440918, 3.509999990463257, 3.6600000858306885, 3.609999895095825, 4.171000003814697, 4.539999961853027, 3.9790000915527344, 4.119999885559082, 3.7100000381469727, 4.275000095367432, 5.300000190734863, 4.820000171661377, 5.150000095367432, 6.059999942779541, 5.460000038146973, 5.71999979019165, 5.550000190734863, 5.480000019073486, 6.599999904632568, 6.760000228881836, 6.400000095367432, 8.9399995803833, 7.679999828338623, 10.0600004196167, 9.829999923706055, 7.53000020980835, 6.940000057220459, 7.869999885559082, 9.770000457763672, 8.510000228881836, 8.670000076293945, 9.300000190734863, 8.260000228881836, 10.3100004196167, 12.850000381469727, 15.119999885559082, 13.4399995803833, 17.079999923706055, 18.25, 27.440000534057617, 29.510000228881836, 27.100000381469727, 27.450000762939453, 27.540000915527344, 27.989999771118164, 21.780000686645508, 22.489999771118164, 22.350000381469727, 23.649999618530273, 26.520000457763672, 25.1200008392334, 29.3700008392334]
assets:[0, 99.99989972829817, 204.2733887904167, 301.48264323911667, 448.3336997100353, 587.9967330594063, 615.3388355583191, 737.143787524414, 763.7873538534164, 980.105331864357, 1315.1012373274802, 1295.9977901561738, 1484.7280324941157, 1847.0782865592957, 1764.1991763257981, 1948.2084765401362, 1990.3072134001732, 2065.204315188074, 2587.2897226146697, 2750.0120331106186, 2703.5616402862074, 3876.537586046982, 3430.179763329506, 4593.178895587921, 4588.165243389702, 3614.637295714617, 3431.418486292124, 3991.248405961609, 5054.828238838959, 4502.926206109048, 4687.587266249657, 5128.207965175056, 4654.7306709810255, 5909.960300535202, 7465.9543066370015, 8884.84306075201, 7997.63840630188, 10263.665730153656, 11066.739775, 16739.525365797046, 18102.310587402917, 16723.944105412484, 17039.936588604356, 17195.8058236496, 17576.782191269875, 13777.111496343041, 14326.226561201285, 14337.046954704667, 15270.967938682366, 17224.146249307254, 16414.878068404196, 19292.07567226162]
shares:[0, 28.49, 55.8124, 83.5132, 107.4883, 129.5147, 154.6466, 178.9184, 205.8726, 229.2644, 248.1323, 268.8792, 288.2967, 304.7984, 323.1134, 340.5959, 358.6139, 376.8621, 392.0136, 406.8065, 422.4315, 433.6172, 446.638, 456.5784, 466.7513, 480.0315, 494.4407, 507.1472, 517.3826, 529.1335, 540.6675, 551.4202, 563.5267, 573.226, 581.0081, 587.6219, 595.0624, 600.9172, 606.3967, 610.041, 613.4297, 617.1197, 620.7627, 624.3938, 627.9665, 632.5579, 637.0043, 641.4786, 645.7069, 649.4776, 653.4585, 656.8633]
growth_rate:278.28
