ticker:EDSA
price:[9.0, 7.420000076293945, 7.739999771118164, 8.0600004196167, 8.140000343322754, 7.739999771118164, 7.699999809265137, 6.340000152587891, 6.039999961853027, 5.730000019073486, 5.360000133514404, 5.199999809265137, 5.269999980926514, 4.900000095367432, 4.940000057220459, 5.199999809265137, 4.789999961853027, 4.25, 4.900000095367432, 4.840000152587891, 5.789999961853027, 5.760000228881836, 6.880000114440918, 7.119999885559082, 7.300000190734863, 5.519999980926514, 5.110000133514404, 5.599999904632568, 5.489999771118164, 5.28000020980835, 5.590000152587891, 5.699999809265137, 5.139999866485596, 5.610000133514404, 5.550000190734863, 6.380000114440918, 6.010000228881836, 6.690000057220459, 6.269999980926514, 5.900000095367432, 5.840000152587891, 5.579999923706055, 5.489999771118164, 5.380000114440918, 5.119999885559082, 5.0, 5.179999828338623, 4.989999771118164, 4.78000020980835, 4.590000152587891, 4.199999809265137, 5.010000228881836]
assets:[0, 100.00008302822113, 204.31277395820615, 312.7594502827644, 415.86366353998187, 495.4280973495483, 592.8676453142166, 588.1535721553802, 660.3229958295823, 726.4322124180794, 779.5246514174937, 856.2553685927392, 967.7817424973488, 999.8352194595337, 1107.9970588340282, 1266.312793551922, 1266.4688049139977, 1223.693575, 1510.8469194052218, 1592.346982201004, 2004.8946017909052, 2094.5065792282103, 2601.7718032774924, 2792.5308831151965, 2963.128477420807, 2340.611919912386, 2266.7623332261082, 2584.122755992651, 2633.3629362133024, 2632.63344861145, 2887.200979810715, 3044.015358140373, 2844.9544601006987, 3205.096300279236, 3270.8171324069976, 3859.9664212379457, 3736.1124352842335, 4258.833966426372, 4091.4634075536733, 3950.0217438480377, 4009.852144769669, 3931.330914247894, 3967.9220395746233, 3988.4195068398476, 3895.6706969249726, 3904.366, 4144.9229386403085, 4092.8891292669296, 4020.6436404779433, 3960.8272586719513, 3724.2859908687587, 4542.541656525993]
shares:[0, 13.4771, 26.397, 38.8039, 51.0889, 64.0088, 76.9958, 92.7687, 109.325, 126.777, 145.4337, 164.6645, 183.6398, 204.048, 224.2909, 243.5217, 264.3985, 287.9279, 308.3361, 328.9973, 346.2685, 363.6296, 378.1645, 392.2094, 405.908, 424.0239, 443.5934, 461.4505, 479.6654, 498.6048, 516.4939, 534.0378, 553.4931, 571.3184, 589.3364, 605.0104, 621.6493, 636.597, 652.546, 669.4952, 686.6185, 704.5396, 722.7545, 741.3419, 760.8732, 780.8732, 800.1782, 820.2183, 841.1388, 862.9253, 886.7348, 906.6949]
growth_rate:-10.93
