ticker:EDTK
price:[3.6600000858306885, 3.7200000286102295, 3.140000104904175, 3.009999990463257, 3.069999933242798, 2.759999990463257, 3.109999895095825, 3.309999942779541, 2.9000000953674316, 2.9000000953674316, 3.0999999046325684, 2.9700000286102295, 3.1600000858306885, 3.0199999809265137, 2.9700000286102295, 3.5799999237060547, 3.0399999618530273, 3.069999933242798, 3.2300000190734863, 3.4700000286102295, 3.390000104904175, 3.259999990463257, 3.549999952316284, 4.099999904632568, 4.25, 3.4200000762939453, 3.130000114440918, 3.3499999046325684, 3.609999895095825, 3.619999885559082, 3.5399999618530273, 3.2899999618530273, 2.569999933242798, 2.3399999141693115, 2.4000000953674316, 2.1600000858306885, 1.940000057220459, 2.200000047683716, 2.359999895095825, 2.4000000953674316, 2.3399999141693115, 2.180000066757202, 2.1600000858306885, 2.059999942779541, 1.9600000381469727, 2.140000104904175, 1.9199999570846558, 1.659999966621399, 1.7200000286102295, 1.7100000381469727, 1.4500000476837158, 1.5700000524520874]
assets:[0, 99.9999247690916, 184.4084381608963, 276.77371312308316, 382.2908206870794, 443.68821446690555, 599.9528787628412, 738.5351312328338, 747.0551045671464, 847.0552278556825, 1005.4728790679454, 1063.3078272429227, 1231.3310054449319, 1276.77837793622, 1355.6395840589762, 1734.0706970449448, 1572.5068602676392, 1688.025034293866, 1876.0004840779782, 2115.3935624414685, 2166.623647046566, 2183.5375616123197, 2477.778556718397, 2961.6595311107635, 3170.01295, 2650.9282431373595, 2526.142025362301, 2803.6980001846314, 3121.298325297165, 3229.9445358901025, 3258.564654885769, 3128.439907726288, 2543.7964709234475, 2416.141405376458, 2578.094022444248, 2420.2846321734664, 2273.7741570651533, 2678.506658055067, 2973.3069918337583, 3123.7023641247747, 3145.609468619728, 3030.5253488024714, 3102.7224032911063, 3059.077667028236, 3010.5788745941163, 3387.0607700358864, 3138.8579778410553, 2813.8043574211715, 3015.5081781595227, 3097.97611811018, 2726.938819676256, 3052.6165709847805]
shares:[0, 26.8817, 58.7288, 91.9514, 124.5247, 160.7566, 192.9109, 223.1224, 257.6052, 292.088, 324.3461, 358.0161, 389.6617, 422.7743, 456.4443, 484.3773, 517.272, 549.8453, 580.8051, 609.6235, 639.122, 669.7968, 697.9658, 722.356, 745.8854, 775.1252, 807.0741, 836.9248, 864.6256, 892.2499, 920.4985, 950.8936, 989.8041, 1032.5391, 1074.2058, 1120.5021, 1172.0485, 1217.503, 1259.8759, 1301.5426, 1344.2776, 1390.1492, 1436.4455, 1484.9892, 1536.0096, 1582.7386, 1634.8219, 1695.0629, 1753.2024, 1811.6819, 1880.6474, 1944.3417]
growth_rate:-40.14
