ticker:EDTX
price:[21.059999465942383, 21.059999465942383, 21.059999465942383, 21.059999465942383, 21.059999465942383, 10.239999771118164, 10.149999618530273, 10.010000228881836, 9.829999923706055, 9.899999618530273, 9.84000015258789, 9.920000076293945, 9.880000114440918, 9.949999809265137, 9.899999618530273, 9.960000038146973, 9.9399995803833, 9.920000076293945, 9.90999984741211, 9.899999618530273, 9.899999618530273, 9.960000038146973, 9.960000038146973, 9.949999809265137, 9.949999809265137, 9.949999809265137, 9.925000190734863, 9.90999984741211, 9.859999656677246, 9.949999809265137, 9.925000190734863, 9.895000457763672, 9.930000305175781, 9.930000305175781, 9.914999961853027]
assets:[0, 99.99919546413423, 199.99839092826846, 299.99758639240264, 399.9967818565369, 294.49010541763306, 391.90163527107234, 486.4960211238861, 577.7474325159072, 681.8614837263107, 777.7290120601654, 884.0515587991714, 980.4872593570709, 1087.4344841546058, 1181.969864455986, 1289.1337609374045, 1386.5454514670373, 1483.7552434114457, 1582.259314637375, 1680.6625452402116, 1780.6624413869858, 1891.4548032443047, 1991.4551956273078, 2089.4561799465178, 2189.4566630295753, 2289.457146112633, 2383.705160809135, 2480.102327812958, 2567.5892665971755, 2691.026203414822, 2784.2652660069466, 2875.849290042877, 2986.021594768524, 3086.021662841797, 3181.3596072600362]
shares:[0, 4.7483, 9.4966, 14.2449, 18.9932, 28.7588, 38.611, 48.601, 58.7739, 68.8749, 79.0375, 89.1181, 99.2396, 109.2899, 119.3909, 129.4311, 139.4915, 149.5721, 159.6629, 169.7639, 179.8649, 189.9051, 199.9453, 209.9956, 220.0459, 230.0962, 240.1718, 250.2626, 260.4046, 270.4549, 280.5305, 290.6366, 300.7071, 310.7776, 320.8633]
growth_rate:-6.43
