ticker:EDTXU
price:[10.0600004196167, 10.210000038146973, 10.25, 10.319999694824219, 10.359999656677246, 10.430000305175781, 10.489999771118164, 10.460000038146973, 10.5, 10.579999923706055, 10.59000015258789, 10.479999542236328, 10.25, 10.364999771118164, 10.180000305175781, 9.989999771118164, 10.100000381469727, 10.210000038146973, 10.130000114440918, 10.350000381469727, 10.206000328063965, 10.130000114440918, 10.100000381469727, 10.100000381469727, 10.15999984741211, 10.069999694824219, 10.199999809265137, 10.149999618530273, 10.199999809265137, 10.21500015258789, 10.21500015258789, 10.260000228881836, 10.199999809265137, 10.180000305175781, 10.149999618530273, 10.119999885559082, 10.199999809265137, 10.119999885559082]
assets:[0, 99.9998033736229, 200.3916, 301.7598870765686, 402.9293946472168, 505.6516297950744, 608.5605527217865, 706.8198585777283, 809.5227, 915.69052939682, 1016.556353647232, 1105.997319690323, 1181.72455, 1294.9833779039384, 1371.870075125885, 1446.265253864479, 1562.1902890028, 1679.203992273903, 1766.0469989514352, 1904.401105190468, 1977.9055133782388, 2063.1771233081818, 2157.0671814708708, 2257.067285247803, 2370.4752843990327, 2449.4770757675174, 2581.0987317347526, 2668.446064711189, 2781.590947985649, 2885.68136060524, 2985.681104598999, 3098.834025129318, 3180.711840522289, 3274.4754841621398, 3364.8253585390094, 3454.8799169308663, 3582.1909730148313, 3654.0951506780625]
shares:[0, 9.7943, 19.5504, 29.2403, 38.8928, 48.4805, 58.0134, 67.5736, 77.0974, 86.5492, 95.9921, 105.5341, 115.2902, 124.9381, 134.7613, 144.7713, 154.6723, 164.4666, 174.3383, 184.0001, 193.7983, 203.67, 213.571, 223.472, 233.3145, 243.245, 253.0489, 262.9011, 272.705, 282.4945, 292.284, 302.0306, 311.8345, 321.6577, 331.5099, 341.3913, 351.1952, 361.0766]
growth_rate:-1.24
