ticker:EDUC
price:[15.170000076293945, 15.260000228881836, 14.510000228881836, 14.199999809265137, 17.18000030517578, 18.979999542236328, 17.719999313354492, 18.190000534057617, 16.6299991607666, 18.31999969482422, 15.569999694824219, 15.699999809265137, 15.630000114440918, 16.049999237060547, 16.139999389648438, 16.809999465942383, 15.520000457763672, 15.359999656677246, 15.720000267028809, 14.460000038146973, 14.989999771118164, 13.550000190734863, 14.9399995803833, 16.209999084472656, 15.989999771118164, 15.609999656677246, 15.960000038146973, 18.979999542236328, 18.3799991607666, 17.299999237060547, 17.329999923706055, 17.420000076293945, 17.479999542236328, 17.260000228881836, 17.780000686645508, 17.450000762939453, 15.100000381469727, 14.779999732971191, 14.399999618530273, 13.319999694824219, 13.260000228881836, 13.369999885559082, 12.489999771118164, 12.779999732971191, 12.699999809265137, 10.84000015258789, 11.75, 10.550000190734863, 10.680000305175781, 10.369999885559082, 9.75, 9.600000381469727]
assets:[0, 100.00030749988555, 195.0855020772934, 290.91823609237673, 451.96973002853395, 599.3238535453796, 659.5366024431229, 777.0295288135528, 810.389837103653, 992.7442954627992, 943.7241505027771, 1051.603257224369, 1146.9153413975714, 1277.7340192626953, 1384.8991036285402, 1542.3880529979706, 1524.0252449512482, 1608.3133080513953, 1746.0078536586761, 1706.060212500763, 1868.5919124685288, 1789.0878251838685, 2072.617177786827, 2348.8029313415527, 2416.925242403984, 2459.4881309065822, 2614.634238249397, 3209.383164595413, 3207.9274215255737, 3119.4303324314114, 3224.8391718029025, 3341.5862886350633, 3453.0952495708466, 3509.6346385406496, 3715.371173483849, 3746.4139537986753, 3341.882254425621, 3371.0607670953755, 3384.3887103443144, 3230.5594659843446, 3316.007817237854, 3443.515668525124, 3316.8668212177276, 3493.879396997929, 3572.0082963538166, 3148.8639483245847, 3513.2053499999997, 3254.410253836918, 3394.5120729965206, 3395.982080522728, 3292.94355, 3342.2833328104016]
shares:[0, 6.5531, 13.4449, 20.4872, 26.3079, 31.5766, 37.2199, 42.7174, 48.7306, 54.1891, 60.6117, 66.9811, 73.3791, 79.6096, 85.8054, 91.7542, 98.1975, 104.7079, 111.0692, 117.9848, 124.6559, 132.036, 138.7294, 144.8984, 151.1523, 157.5585, 163.8242, 169.0929, 174.5336, 180.3139, 186.0842, 191.8247, 197.5455, 203.3392, 208.9635, 214.6942, 221.3167, 228.0826, 235.027, 242.5345, 250.076, 257.5554, 265.5618, 273.3865, 281.2605, 290.4856, 298.9962, 308.4749, 317.8382, 327.4814, 337.7378, 348.1545]
growth_rate:-34.47
