ticker:EDUT
price:[15.664999961853027, 15.439000129699707, 16.315000534057617, 16.44300079345703, 16.6200008392334, 17.670000076293945, 17.733999252319336, 16.25, 15.399999618530273, 16.458999633789062, 16.139999389648438, 16.719999313354492, 17.239999771118164, 17.207000732421875, 17.18000030517578, 17.860000610351562, 18.110000610351562, 18.1299991607666, 18.200000762939453, 18.049999237060547, 19.059999465942383, 19.03700065612793, 19.874000549316406, 21.136999130249023, 20.70599937438965, 19.062999725341797, 18.267000198364258, 18.43899917602539, 18.014999389648438, 16.579999923706055, 16.809999465942383, 16.864999771118164, 17.06999969482422, 17.329999923706055, 16.7549991607666, 15.920000076293945, 14.850000381469727, 14.789999961853027, 14.649999618530273, 14.0, 14.5, 13.970000267028809, 14.380000114440918, 14.149999618530273, 13.960000038146973, 13.369999885559082, 12.553999900817871, 12.33899974822998, 11.944999694824219, 11.66100025177002, 11.319999694824219, 11.720000267028809]
assets:[0, 99.99994774007797, 205.67342273254397, 307.286798828125, 410.59379673309326, 536.533649316597, 638.4771750812531, 685.048, 749.2146014413834, 900.7352139587402, 983.2778148162841, 1118.6130980615615, 1253.403151359558, 1351.004221105957, 1448.883915737152, 1606.2320108917238, 1728.715462261963, 1830.6240882608413, 1937.6922012275695, 2021.7226545455933, 2234.8497413799287, 2332.152513479805, 2534.6902820587156, 2795.769737958908, 2838.761455229759, 2713.5093518039703, 2700.204222221947, 2825.6291117324827, 2860.6539965805055, 2732.7868814249036, 2870.695719797325, 2980.087622056007, 3116.311093286896, 3263.776215631485, 3255.486283937454, 3193.2463513031007, 3078.6248590843197, 3166.185510833645, 3236.2142157325743, 3192.6286, 3406.65175, 3382.132873647595, 3581.3936725019453, 3624.1106372976305, 3675.4474420434954, 3620.109301013565, 3499.1663491550444, 3539.2397181838987, 3526.2272184104922, 3542.389151382923, 3538.799440597534, 3763.845269755554]
shares:[0, 6.4771, 12.6064, 18.688, 24.7048, 30.3641, 36.003, 42.1568, 48.6503, 54.726, 60.9218, 66.9027, 72.7032, 78.5148, 84.3355, 89.9346, 95.4564, 100.9721, 106.4666, 112.0068, 117.2534, 122.5063, 127.538, 132.269, 137.0985, 142.3443, 147.8187, 153.242, 158.7929, 164.8243, 170.7731, 176.7025, 182.5607, 188.331, 194.2994, 200.5808, 207.3148, 214.0761, 220.902, 228.0449, 234.9415, 242.0997, 249.0538, 256.1209, 263.2842, 270.7636, 278.7292, 286.8336, 295.2053, 303.7809, 312.6148, 321.1472]
growth_rate:-26.2
