ticker:EEFT
price:[97.20999908447266, 91.75, 94.2699966430664, 87.62999725341797, 92.41000366210938, 92.23999786376953, 93.4000015258789, 94.80999755859375, 88.83999633789062, 98.5199966430664, 121.2300033569336, 128.57000732421875, 136.52999877929688, 135.92999267578125, 132.88999938964844, 144.55999755859375, 142.9499969482422, 144.9199981689453, 147.5500030517578, 138.61000061035156, 139.2899932861328, 124.95999908447266, 133.82000732421875, 149.00999450683594, 148.3000030517578, 150.30999755859375, 164.6699981689453, 157.97999572753906, 147.7899932861328, 140.91000366210938, 141.8000030517578, 148.6999969482422, 148.97000122070312, 149.60000610351562, 143.42999267578125, 141.75, 145.91000366210938, 146.74000549316406, 149.63999938964844, 149.7100067138672, 156.00999450683594, 142.7899932861328, 145.9499969482422, 139.32000732421875, 138.88999938964844, 131.72000122070312, 132.17999267578125, 142.82000732421875, 132.89999389648438, 133.2899932861328, 132.3699951171875, 136.11000061035156]
assets:[0, 99.99832500000001, 202.74648178024293, 288.4691879585266, 404.20135601806635, 503.4551323402405, 609.7899299621582, 718.9916164855957, 773.7164121063232, 958.018299356842, 1278.8553054122924, 1456.286758959961, 1646.442561279297, 1739.2106632873536, 1800.3139777313231, 2058.418717236328, 2135.487119410706, 2264.9111753829957, 2406.0093697631837, 2360.2233683929444, 2471.798433857727, 2317.5081430206296, 2581.8295473083494, 2974.8951343322756, 3060.719272984314, 3202.204187988281, 3608.1337308792117, 3561.548417680359, 3431.8166550979613, 3372.060933636474, 3493.356515182495, 3763.3441327651976, 3870.181043713379, 3986.5409626464843, 3922.121835717773, 3976.186725, 4192.884456234741, 4316.738785595703, 4502.054057637024, 4604.1665754776, 4897.918176542664, 4582.87339251709, 4784.299279962158, 4666.969469348144, 4752.565777114869, 4607.2231706970215, 4723.306640277099, 5203.518428851318, 4942.085623031617, 5056.582488298035, 5121.686325073242, 5366.39538306427]
shares:[0, 1.0899, 2.1507, 3.2919, 4.374, 5.4581, 6.5288, 7.5835, 8.7091, 9.7241, 10.549, 11.3268, 12.0592, 12.7949, 13.5474, 14.2392, 14.9387, 15.6287, 16.3064, 17.0278, 17.7457, 18.546, 19.2933, 19.9644, 20.6387, 21.304, 21.9113, 22.5443, 23.2209, 23.9306, 24.6358, 25.3083, 25.9796, 26.648, 27.3452, 28.0507, 28.7361, 29.4176, 30.0859, 30.7539, 31.3949, 32.0952, 32.7804, 33.4982, 34.2182, 34.9774, 35.7339, 36.4341, 37.1865, 37.9367, 38.6922, 39.4269]
growth_rate:5.22
