ticker:EEIQ
price:[15.5, 11.90999984741211, 7.679999828338623, 6.179999828338623, 5.300000190734863, 6.190000057220459, 5.429999828338623, 5.03000020980835, 5.059999942779541, 4.809999942779541, 4.75, 5.050000190734863, 4.699999809265137, 4.889999866485596, 4.949999809265137, 4.679999828338623, 4.320000171661377, 4.050000190734863, 3.890000104904175, 3.630000114440918, 3.3299999237060547, 3.140000104904175, 3.450000047683716, 3.619999885559082]
assets:[0, 99.99993171882629, 164.48332432351114, 232.35748754582406, 299.2708707700729, 449.52585115542416, 494.33360937237734, 557.9185692715645, 661.2458525223733, 728.5755013327599, 819.4870999999999, 971.2443166831971, 1003.9302992586137, 1144.5147377506732, 1258.5577465048789, 1289.9090406864166, 1290.685155287218, 1310.0175166953086, 1358.263556629181, 1367.4798491117479, 1354.4648149677275, 1377.1830080102682, 1613.1468822958946, 1792.6351653285026]
shares:[0, 8.3963, 21.4171, 37.5983, 56.4662, 72.6213, 91.0375, 110.9182, 130.681, 151.471, 172.5236, 192.3256, 213.6022, 234.0521, 254.2541, 275.6216, 298.7697, 323.4611, 349.168, 376.7162, 406.7462, 438.5933, 467.5788, 495.2031]
growth_rate:-22.06
