ticker:EEMA
price:[75.48999786376953, 74.6500015258789, 75.45999908447266, 72.44999694824219, 74.86000061035156, 77.83999633789062, 77.2300033569336, 78.4000015258789, 77.18000030517578, 82.05999755859375, 82.5199966430664, 83.75, 85.30999755859375, 86.19999694824219, 85.55999755859375, 85.81999969482422, 84.41000366210938, 87.4800033569336, 92.75, 92.56999969482422, 95.52999877929688, 91.2300033569336, 95.8499984741211, 99.3499984741211, 98.73999786376953, 92.47000122070312, 92.27999877929688, 91.97000122070312, 92.0, 90.8499984741211, 91.13999938964844, 90.70999908447266, 91.83000183105469, 92.31999969482422, 91.30000305175781, 91.87999725341797, 88.81999969482422, 89.0, 91.98999786376953, 93.62999725341797, 92.52999877929688, 90.80999755859375, 92.86000061035156, 91.7699966430664, 89.73999786376953, 89.7699966430664, 88.12000274658203, 85.9000015258789, 86.63999938964844, 86.26000213623047, 82.58000183105469, 86.04000091552734]
assets:[0, 100.00114204406738, 201.08580556030273, 293.06748265533446, 402.8141772842407, 518.8502795898438, 614.7817187225342, 724.0945740928651, 812.8288912139892, 964.2213833129882, 1069.6241964874268, 1185.565, 1307.6487045776369, 1421.2914096817015, 1510.7414328918458, 1615.3297802558898, 1688.7909432678223, 1850.210818999481, 2061.674825, 2157.6770948867797, 2326.671332269287, 2321.9404304389955, 2539.5265395721435, 2732.2541130363466, 2815.482173087311, 2736.6959211273193, 2831.076538549805, 2921.5650437774657, 3022.522, 3084.7390181900023, 3194.5845746063233, 3279.5111649002074, 3420.006392193604, 3538.256308303833, 3599.1648103042603, 3722.0311247367863, 3698.073979293823, 3805.5688, 4033.4210433341977, 4205.32578563919, 4255.9172938537595, 4276.805807019044, 4473.354095402527, 4520.846990628052, 4520.840846382904, 4622.355874147797, 4637.394452541352, 4620.561082077026, 4760.365454464722, 4839.488029850006, 4733.0232569458, 5031.335321537018]
shares:[0, 1.3396, 2.6648, 4.0451, 5.3809, 6.6656, 7.9604, 9.2359, 10.5316, 11.7502, 12.962, 14.156, 15.3282, 16.4883, 17.6571, 18.8223, 20.007, 21.1501, 22.2283, 23.3086, 24.3554, 25.4515, 26.4948, 27.5013, 28.5141, 29.5955, 30.6792, 31.7665, 32.8535, 33.9542, 35.0514, 36.1538, 37.2428, 38.326, 39.4213, 40.5097, 41.6356, 42.7592, 43.8463, 44.9143, 45.995, 47.0962, 48.1731, 49.2628, 50.3771, 51.4911, 52.6259, 53.79, 54.9442, 56.1035, 57.3144, 58.4767]
growth_rate:-1.35
