ticker:EFAS
price:[12.654999732971191, 12.524999618530273, 12.350000381469727, 11.6899995803833, 12.050000190734863, 12.550000190734863, 12.180000305175781, 12.34000015258789, 11.399999618530273, 12.210000038146973, 13.350000381469727, 13.89799976348877, 14.550000190734863, 14.647000312805176, 14.539999961853027, 14.76099967956543, 14.800000190734863, 14.666000366210938, 15.394000053405762, 15.100000381469727, 14.90999984741211, 14.795000076293945, 14.859999656677246, 15.010000228881836, 15.239999771118164, 15.255000114440918, 15.520000457763672, 15.9399995803833, 15.70199966430664, 15.734999656677246, 15.770000457763672, 15.864999771118164, 16.027999877929688, 15.880000114440918, 15.850000381469727, 16.559999465942383, 16.485000610351562, 16.47100067138672, 16.690000534057617, 16.579999923706055, 16.670000076293945, 16.062999725341797, 16.385000228881836, 16.204999923706055, 16.139999389648438, 15.859999656677246, 15.958000183105469, 15.859999656677246, 16.020000457763672, 16.142000198364258, 15.803999900817871, 16.0049991607666]
assets:[0, 99.9995969543457, 198.60282613449095, 287.9889846625328, 396.8583212817192, 513.3251278015136, 598.1914829879761, 706.0491507305145, 752.2654548274994, 905.7158248296738, 1090.2785111541748, 1235.0332407826422, 1392.9733682603835, 1502.259334182644, 1591.2852218251228, 1715.4717192602157, 1820.0048634552954, 1903.5265863311768, 2098.014400478554, 2157.945584515953, 2230.792429170227, 2313.5858909305575, 2423.7506460021023, 2548.2162178567887, 2687.2630636413573, 2789.9076449295044, 2938.3721986675264, 3117.889421922302, 3171.336012599945, 3278.0016709771157, 3385.293957266617, 3505.6874129240036, 3641.705824264526, 3708.078482722664, 3801.072596482277, 4071.340452699852, 4152.901353759766, 4249.374875511933, 4405.874741982078, 4476.837073399543, 4601.138398058129, 4533.598554280854, 4724.478820496178, 4772.5766605304725, 4853.433392462158, 4869.235590595245, 4999.322297363281, 5068.621162279129, 5219.755097151947, 5359.505646661377, 5347.281786041736, 5515.289100301933]
shares:[0, 7.984, 16.0812, 24.6355, 32.9343, 40.9024, 49.1126, 57.2163, 65.9882, 74.1782, 81.6688, 88.8641, 95.737, 102.5643, 109.4419, 116.2165, 122.9733, 129.7918, 136.2878, 142.9103, 149.6172, 156.3762, 163.1057, 169.7679, 176.3296, 182.8848, 189.3281, 195.6016, 201.9702, 208.3255, 214.6667, 220.9699, 227.209, 233.5062, 239.8153, 245.8539, 251.92, 257.9913, 263.9829, 270.0143, 276.0131, 282.2386, 288.3417, 294.5126, 300.7084, 307.0136, 313.28, 319.5852, 325.8274, 332.0224, 338.3499, 344.5979]
growth_rate:8.14
