ticker:EFOI
price:[7.96999979019165, 7.75, 8.010000228881836, 7.349999904632568, 6.699999809265137, 8.15999984741211, 8.170000076293945, 7.340000152587891, 6.539999961853027, 7.010000228881836, 5.340000152587891, 4.650000095367432, 5.409999847412109, 4.78000020980835, 4.340000152587891, 4.360000133514404, 4.199999809265137, 4.03000020980835, 4.929999828338623, 4.809999942779541, 4.929999828338623, 4.599999904632568, 4.929999828338623, 5.380000114440918, 5.590000152587891, 5.190000057220459, 4.269999980926514, 4.840000152587891, 4.570000171661377, 4.199999809265137, 4.300000190734863, 4.110000133514404, 4.210000038146973, 3.9600000381469727, 3.680000066757202, 4.389999866485596, 3.4700000286102295, 3.8499999046325684, 4.139999866485596, 4.96999979019165, 5.159999847412109, 4.199999809265137, 4.110000133514404, 4.420000076293945, 4.139999866485596, 3.680000066757202, 3.6700000762939453, 3.740000009536743, 3.859999895095825, 2.759999990463257, 3.109999895095825, 3.3299999237060547]
assets:[0, 99.9998, 203.3546818107605, 286.59854628133775, 361.25326971588134, 539.9741179027557, 640.6358499824524, 675.5530620437622, 701.9231539057731, 852.3669578304291, 749.3066854110718, 752.4862654328346, 975.4732854869843, 961.8784862196923, 973.3374762210846, 1077.8229890057087, 1138.2696683076858, 1192.1969770677088, 1558.4444307353497, 1620.5106257221698, 1760.93924368453, 1743.0669238626479, 1968.1131194707868, 2247.758667813301, 2435.4965454807284, 2361.221147032785, 2042.6616678757189, 2415.3357681468965, 2380.5958064215183, 2287.8558161014557, 2442.328728334236, 2434.411852082491, 2593.6433565011025, 2539.626432464409, 2460.056860626769, 3034.6870607051374, 2498.7161376019717, 2872.3505638496877, 3188.7094551645755, 3927.9916221799854, 4178.156108446503, 3500.824581016827, 3525.8071805367467, 3891.7437671756743, 3745.2078232175827, 3429.073742205262, 3519.755778170586, 3686.8901394013164, 3905.1858258677958, 2892.3091460060837, 3359.087250693798, 3696.707507304382]
shares:[0, 12.9032, 25.3876, 38.993, 53.9184, 66.1733, 78.4132, 92.0372, 107.3277, 121.593, 140.3196, 161.825, 180.3093, 201.2298, 224.2713, 247.2071, 271.0166, 295.8305, 316.1145, 336.9045, 357.1885, 378.9276, 399.2116, 417.799, 435.6881, 454.9559, 478.3751, 499.0363, 520.9181, 544.7276, 567.9834, 592.3143, 616.0673, 641.3198, 668.4937, 691.2727, 720.0911, 746.0651, 770.2197, 790.3404, 809.7202, 833.5297, 857.8606, 880.485, 904.6396, 931.8135, 959.0615, 985.7995, 1011.7062, 1047.9381, 1080.0924, 1110.1224]
growth_rate:-27.52
