ticker:EFSC
price:[31.3799991607666, 29.079999923706055, 28.350000381469727, 26.420000076293945, 28.170000076293945, 30.149999618530273, 30.520000457763672, 30.739999771118164, 29.110000610351562, 29.020000457763672, 34.040000915527344, 34.11000061035156, 35.20000076293945, 35.0, 35.189998626708984, 35.41999816894531, 35.150001525878906, 34.95000076293945, 37.029998779296875, 37.439998626708984, 37.220001220703125, 35.310001373291016, 38.470001220703125, 40.02000045776367, 40.5099983215332, 43.0, 46.11000061035156, 51.59000015258789, 49.380001068115234, 50.13999938964844, 49.58000183105469, 50.09000015258789, 50.220001220703125, 50.59000015258789, 49.130001068115234, 50.470001220703125, 50.099998474121094, 49.47999954223633, 49.40999984741211, 49.7400016784668, 48.2400016784668, 46.099998474121094, 46.959999084472656, 46.41999816894531, 45.97999954223633, 43.79999923706055, 42.45000076293945, 44.56999969482422, 47.779998779296875, 46.47999954223633, 45.630001068115234, 45.81999969482422]
assets:[0, 100.00030373764038, 197.48893765735627, 284.0440628202438, 402.8591710910797, 531.1736482793808, 637.6909935646057, 742.2879964731217, 802.926591835022, 900.4441822036744, 1156.2060750968933, 1258.5839805206297, 1398.802270318222, 1490.8529999999998, 1598.9455626010895, 1709.397447631836, 1796.3689479812622, 1886.1466911735533, 2098.3974558258055, 2221.6296145111082, 2308.5742977142336, 2290.10782106781, 2595.055484344482, 2799.6151400230406, 2933.8920674388887, 3214.2284999999997, 3546.6982489471434, 4068.2120060325624, 3993.938432390976, 4155.407603416443, 4208.995095443725, 4352.29005925827, 4463.583840496826, 4596.470820863724, 4563.818450220108, 4788.29594281311, 4853.191862187958, 4893.131582731246, 4986.210134601593, 5119.514542757034, 5065.127816236496, 4940.430806475067, 5132.596411935425, 5173.573783926392, 5224.537221986007, 5076.831631568146, 5020.353585229111, 5371.077179223633, 5857.909076339722, 5798.528678892518, 5792.486796591568, 5916.608264593506]
shares:[0, 3.4388, 6.9661, 10.7511, 14.301, 17.6177, 20.8942, 24.1473, 27.5825, 31.0284, 33.9661, 36.8978, 39.7387, 42.5958, 45.4375, 48.2608, 51.1058, 53.967, 56.6675, 59.3384, 62.0251, 64.8572, 67.4566, 69.9554, 72.4239, 74.7495, 76.9182, 78.8566, 80.8817, 82.8761, 84.893, 86.8894, 88.8806, 90.8573, 92.8927, 94.8741, 96.8701, 98.8911, 100.915, 102.9255, 104.9985, 107.1677, 109.2972, 111.4514, 113.6263, 115.9094, 118.2651, 120.5088, 122.6017, 124.7532, 126.9447, 129.1272]
growth_rate:16.01
