ticker:EGAN
price:[11.640000343322754, 13.65999984741211, 13.789999961853027, 13.0600004196167, 13.890000343322754, 16.969999313354492, 17.34000015258789, 18.520000457763672, 15.850000381469727, 18.329999923706055, 11.529999732971191, 10.949999809265137, 11.779999732971191, 11.710000038146973, 11.270000457763672, 11.460000038146973, 12.609999656677246, 11.8100004196167, 12.300000190734863, 11.34000015258789, 12.449999809265137, 11.0, 11.760000228881836, 12.529999732971191, 12.25, 11.619999885559082, 9.960000038146973, 10.510000228881836, 10.020000457763672, 9.3100004196167, 9.6899995803833, 9.670000076293945, 9.779999732971191, 9.899999618530273, 9.829999923706055, 9.34000015258789, 10.770000457763672, 10.960000038146973, 10.039999961853027, 10.5, 10.90999984741211, 11.029999732971191, 11.75, 11.40999984741211, 11.869999885559082, 11.020000457763672, 11.460000038146973, 11.670000076293945, 11.5, 11.119999885559082, 10.6899995803833, 11.9399995803833]
assets:[0, 99.99939488296509, 200.9506374441147, 290.3133613277435, 408.763264103508, 599.4041337467193, 712.4728622695923, 860.9577812805176, 836.8340551404953, 1067.7701535556794, 771.6521501289368, 832.8350854930878, 995.9636374235153, 1090.0452605509756, 1149.0869926734924, 1268.459272222328, 1495.7477192764281, 1500.8550073263168, 1663.1260757899286, 1633.3206339775086, 1893.1955259961128, 1772.7028, 1995.1804708316802, 2225.8166225652694, 2276.078175, 2259.023261751747, 2036.3060717990875, 2248.7522299722673, 2243.9099645130154, 2184.9100004774095, 2374.089626192188, 2469.190037481308, 2597.277463085079, 2729.1457648397445, 2809.848464191818, 2769.784517250061, 3293.852783000564, 3451.9616120147703, 3262.198795605278, 3511.6620000000003, 3748.78395656929, 3890.0172888253214, 4243.943725, 4221.1397125499725, 4491.3171416983605, 4269.698075360489, 4540.175829112912, 4723.3730138795845, 4754.5669, 4697.459359656334, 4615.812469814587, 5255.547229300213]
shares:[0, 7.3206, 14.5722, 22.2292, 29.4286, 35.3214, 41.0884, 46.488, 52.7971, 58.2526, 66.9256, 76.058, 84.547, 93.0867, 101.9598, 110.6858, 118.616, 127.0834, 135.2135, 144.0318, 152.0639, 161.1548, 169.6582, 177.639, 185.8023, 194.4082, 204.4484, 213.9631, 223.9431, 234.6842, 245.0041, 255.3454, 265.5703, 275.6713, 285.8442, 296.5508, 305.8359, 314.96, 324.9202, 334.444, 343.6099, 352.6761, 361.1867, 369.9509, 378.3755, 387.4499, 396.1759, 404.7449, 413.4406, 422.4334, 431.7879, 440.1631]
growth_rate:3.05
