ticker:EGBN
price:[30.020000457763672, 28.190000534057617, 27.899999618530273, 25.690000534057617, 27.829999923706055, 30.030000686645508, 29.510000228881836, 31.450000762939453, 29.920000076293945, 29.299999237060547, 35.970001220703125, 37.47999954223633, 38.599998474121094, 40.040000915527344, 40.279998779296875, 40.7599983215332, 40.970001220703125, 41.29999923706055, 43.880001068115234, 45.02000045776367, 44.65999984741211, 42.4900016784668, 45.16999816894531, 46.83000183105469, 47.77000045776367, 48.88999938964844, 52.08000183105469, 56.7400016784668, 55.810001373291016, 55.0, 54.119998931884766, 54.650001525878906, 54.41999816894531, 54.34000015258789, 53.40999984741211, 55.08000183105469, 55.7599983215332, 56.939998626708984, 57.13999938964844, 57.880001068115234, 57.900001525878906, 54.11000061035156, 57.130001068115234, 57.27000045776367, 56.310001373291016, 56.02000045776367, 53.849998474121094, 55.029998779296875, 57.619998931884766, 57.630001068115234, 56.72999954223633, 59.0]
assets:[0, 100.001207894516, 198.9716372795105, 283.211703887558, 406.8022408847809, 538.9604343235015, 629.6283158834457, 771.021928704071, 833.5113621253968, 916.2402761421204, 1224.818108566284, 1376.235599191284, 1517.3620800178528, 1673.9683342758178, 1784.0011459350585, 1905.2609055427552, 2015.0767340393065, 2131.307110628128, 2364.4475295547486, 2525.874137683106, 2605.6742930973055, 2579.066619879913, 2841.7394418045046, 3046.1745441055295, 3207.320823734665, 3382.5181647720337, 3703.221442199707, 4134.5758343078605, 4166.808188530731, 4206.334000000001, 4239.0300963382715, 4380.541917308808, 4462.107887864685, 4555.5504407920835, 4577.584151922226, 4820.711920257569, 4980.226554087067, 5185.61677893219, 5303.831881346131, 5472.519372989655, 5574.409496906281, 5309.522165890503, 5705.858856678009, 5819.8404435184475, 5822.285211994172, 5892.3012901485445, 5764.055371671296, 5990.3620561187745, 6372.299397875214, 6473.4051299781795, 6472.30862877388, 6831.2914]
shares:[0, 3.5474, 7.1316, 11.0242, 14.6174, 17.9474, 21.3361, 24.5158, 27.858, 31.271, 34.0511, 36.7192, 39.3099, 41.8074, 44.29, 46.7434, 49.1842, 51.6055, 53.8844, 56.1056, 58.3447, 60.6982, 62.9121, 65.0475, 67.1409, 69.1863, 71.1064, 72.8688, 74.6606, 76.4788, 78.3265, 80.1563, 81.9939, 83.8342, 85.7065, 87.522, 89.3154, 91.0716, 92.8217, 94.5494, 96.2765, 98.1246, 99.875, 101.6211, 103.397, 105.1821, 107.0391, 108.8563, 110.5918, 112.327, 114.0897, 115.7846]
growth_rate:33.95
