ticker:EGLE
price:[18.40999984741211, 18.270000457763672, 23.270000457763672, 16.270000457763672, 17.889999389648438, 17.25, 16.329999923706055, 17.170000076293945, 13.760000228881836, 14.25, 16.010000228881836, 16.969999313354492, 19.989999771118164, 19.610000610351562, 19.049999237060547, 17.59000015258789, 18.43000030517578, 19.0, 20.989999771118164, 22.770000457763672, 22.1299991607666, 19.56999969482422, 22.59000015258789, 28.0, 29.959999084472656, 29.34000015258789, 33.52000045776367, 39.189998626708984, 37.77000045776367, 37.25, 35.56999969482422, 36.349998474121094, 37.33000183105469, 44.400001525878906, 43.34000015258789, 48.4900016784668, 44.06999969482422, 48.16999816894531, 47.33000183105469, 45.15999984741211, 50.650001525878906, 50.31999969482422, 53.0099983215332, 45.36000061035156, 43.06999969482422, 37.900001525878906, 41.779998779296875, 41.70000076293945, 41.599998474121094, 42.349998474121094, 42.22999954223633, 50.97999954223633]
assets:[0, 100.00084750556945, 227.36884747276304, 258.9728512863159, 384.75842787323, 470.99399999999997, 545.8743384496689, 673.9534089946748, 640.1042026473999, 762.8979750000001, 957.122641683197, 1114.5148869041443, 1412.8552028230667, 1485.9968212509157, 1543.5604781814575, 1525.2605752311706, 1698.0978391181945, 1850.6171, 2144.4454256162644, 2426.298384777832, 2458.1029347816466, 2273.7501995429993, 2724.6296164039613, 3477.1408, 3820.5410272506715, 3841.4774179782867, 4488.763821300507, 5348.051405594253, 5254.271634680557, 5281.934525, 5143.717186869049, 5356.510330147552, 5600.922547727966, 6761.6939923767095, 6700.264341589737, 7596.443662948608, 7004.005388498688, 7755.615372190857, 7720.370505677795, 7466.402126772308, 8474.074480289459, 8518.863964335633, 9074.26211467972, 7864.734633825684, 7567.683208378601, 6759.279562133026, 7551.258487371826, 7636.8005297222135, 7718.484516887665, 7957.640943284608, 8035.093566901398, 9799.95668400345]
shares:[0, 5.4735, 9.7709, 15.9172, 21.5069, 27.304, 33.4277, 39.2518, 46.5192, 53.5367, 59.7828, 65.6756, 70.6781, 75.7775, 81.0268, 86.7118, 92.1377, 97.4009, 102.1651, 106.5568, 111.0756, 116.1855, 120.6122, 124.1836, 127.5214, 130.9297, 133.913, 136.4647, 139.1123, 141.7969, 144.6083, 147.3593, 150.0381, 152.2904, 154.5977, 156.66, 158.9291, 161.0051, 163.1179, 165.3322, 167.3065, 169.2938, 171.1802, 173.3848, 175.7066, 178.3451, 180.7386, 183.1367, 185.5405, 187.9018, 190.2698, 192.2314]
growth_rate:92.16
