ticker:EGRX
price:[37.25, 37.02000045776367, 39.83000183105469, 41.61000061035156, 41.720001220703125, 46.349998474121094, 46.45000076293945, 46.81999969482422, 46.52000045776367, 48.290000915527344, 48.90999984741211, 46.72999954223633, 47.310001373291016, 47.5099983215332, 45.31999969482422, 48.09000015258789, 46.189998626708984, 46.56999969482422, 49.689998626708984, 50.66999816894531, 47.70000076293945, 46.66999816894531, 49.470001220703125, 46.349998474121094, 45.470001220703125, 44.5, 43.25, 44.97999954223633, 45.29999923706055, 41.75, 41.869998931884766, 41.560001373291016, 44.27000045776367, 44.040000915527344, 40.83000183105469, 41.650001525878906, 41.849998474121094, 41.65999984741211, 39.619998931884766, 37.5, 40.689998626708984, 42.88999938964844, 44.119998931884766, 44.2400016784668, 46.709999084472656, 47.59000015258789, 47.84000015258789, 46.5, 45.77000045776367, 48.77000045776367, 49.869998931884766, 47.4900016784668]
assets:[0, 99.99842523651124, 207.58998654327394, 316.8684766479492, 417.70482422180174, 564.0609414306641, 665.2801359272003, 770.5776009773255, 865.6395165180206, 998.5744419319152, 1111.3965995326996, 1161.8619976184843, 1276.2819070472717, 1381.6762691871643, 1417.9857464515685, 1604.6526980915069, 1641.2553642032622, 1754.7575885009765, 1972.3202704906464, 2111.2212107070923, 2087.471283388138, 2142.395599945068, 2370.9289605041504, 2321.3979585777283, 2377.32626182251, 2426.6117, 2458.446775, 2656.7841549617765, 2775.684973252106, 2658.16405, 2765.8023324436185, 2845.32653001976, 3130.8629723739623, 3214.5985748268126, 3080.292915138245, 3242.156903778839, 3357.725817575073, 3442.4824353912354, 3373.9123250427247, 3293.38125, 3673.537835017776, 3972.1543574737548, 4186.065790658187, 4297.451643045425, 4637.387393106079, 4824.755118469619, 4950.100495788574, 4911.44625, 4934.340170350265, 5357.760079288864, 5578.602703517532, 5412.36900529251]
shares:[0, 2.7012, 5.2119, 7.6152, 10.0121, 12.1696, 14.3225, 16.4583, 18.6079, 20.6787, 22.7233, 24.8633, 26.977, 29.0818, 31.2883, 33.3677, 35.5327, 37.68, 39.6925, 41.6661, 43.7625, 45.9052, 47.9266, 50.0841, 52.2834, 54.5306, 56.8427, 59.0659, 61.2734, 63.6686, 66.0569, 68.4631, 70.722, 72.9927, 75.4419, 77.8429, 80.2324, 82.6328, 85.1568, 87.8235, 90.2811, 92.6126, 94.8791, 97.1395, 99.2804, 101.3817, 103.472, 105.6225, 107.8073, 109.8577, 111.8629, 113.9686]
growth_rate:6.12
