ticker:EH
price:[8.529999732971191, 9.119999885559082, 9.59000015258789, 8.0, 8.0, 9.239999771118164, 8.979999542236328, 8.649999618530273, 7.945000171661377, 8.880000114440918, 10.479999542236328, 11.069999694824219, 14.930000305175781, 13.449999809265137, 18.93000030517578, 19.799999237060547, 26.15999984741211, 21.110000610351562, 24.610000610351562, 40.0, 77.19999694824219, 66.36000061035156, 76.4000015258789, 124.08999633789062, 59.79999923706055, 46.33000183105469, 34.66999816894531, 51.689998626708984, 46.310001373291016, 34.810001373291016, 36.040000915527344, 34.34000015258789, 27.90999984741211, 27.739999771118164, 27.899999618530273, 23.450000762939453, 21.09000015258789, 21.739999771118164, 27.010000228881836, 32.599998474121094, 37.849998474121094, 37.25, 39.790000915527344, 40.470001220703125, 33.369998931884766, 28.690000534057617, 25.920000076293945, 26.299999237060547, 25.329999923706055, 24.18000030517578, 22.649999618530273, 25.84000015258789]
assets:[0, 99.99988674516678, 205.15311926422117, 271.1392, 371.1392, 528.6656629045486, 613.7901527114868, 691.234444516182, 734.8966258783341, 921.3825958743095, 1187.3975721347808, 1354.2450916664122, 1926.4567573776246, 1835.4878489708901, 2683.3294362586976, 2906.6517680000306, 3940.3028890167234, 3279.656027824402, 3923.4173543045044, 6476.948, 12600.50630189514, 10931.21082454071, 12685.058973348998, 20703.261852011106, 10077.07129143486, 7907.201641508484, 6017.172334210205, 9071.088197000885, 8226.9532199646, 6283.981510909653, 6606.024047813416, 6394.420522413254, 5297.094691040039, 5364.829961734962, 5495.772614857674, 4719.207128538132, 4344.267970431137, 4578.159157800484, 5787.951341046905, 7085.828088339996, 8326.950459308624, 8294.952925, 8960.568941173553, 9213.704002914428, 7697.264107624053, 6717.755018049431, 6169.1596021585465, 6359.602815513611, 6225.0475882501605, 6042.4249062614435, 5760.087427989006, 6671.332479394912]
shares:[0, 10.9649, 21.3924, 33.8924, 46.3924, 57.2149, 68.3508, 79.9115, 92.498, 103.7593, 113.3013, 122.3347, 129.0326, 136.4675, 141.7501, 146.8006, 150.6232, 155.3603, 159.4237, 161.9237, 163.219, 164.7259, 166.0348, 166.8407, 168.5129, 170.6713, 173.5556, 175.4902, 177.6496, 180.5223, 183.297, 186.2091, 189.792, 193.3969, 196.9811, 201.2455, 205.9871, 210.5869, 214.2892, 217.3567, 219.9987, 222.6833, 225.1965, 227.6675, 230.6642, 234.1497, 238.0077, 241.81, 245.7579, 249.8935, 254.3085, 258.1785]
growth_rate:30.81
