ticker:EHTH
price:[63.900001525878906, 71.77999877929688, 79.04000091552734, 75.0, 88.66000366210938, 86.04000091552734, 81.83000183105469, 76.12000274658203, 67.11000061035156, 74.29000091552734, 71.31999969482422, 74.58000183105469, 81.0999984741211, 77.01000213623047, 70.98999786376953, 71.4800033569336, 73.9000015258789, 70.61000061035156, 70.0, 71.05999755859375, 79.73999786376953, 47.849998474121094, 57.72999954223633, 54.84000015258789, 57.68000030517578, 59.41999816894531, 53.0, 64.25, 65.01000213623047, 70.04000091552734, 74.12999725341797, 73.66000366210938, 70.1500015258789, 67.27999877929688, 70.73999786376953, 68.94999694824219, 62.77000045776367, 65.1500015258789, 65.25, 61.86000061035156, 62.290000915527344, 61.099998474121094, 62.529998779296875, 58.0, 57.36000061035156, 58.290000915527344, 59.040000915527344, 52.0099983215332, 51.150001525878906, 43.33000183105469, 39.88999938964844, 39.43000030517578]
assets:[0, 99.99671629943848, 210.11203443374635, 299.37, 453.89488874816897, 540.4860777511597, 614.0359677398682, 671.1881242179871, 691.7430422912598, 865.7533836692811, 931.139652015686, 1073.698454360962, 1267.560536151123, 1303.633017162323, 1301.722293828583, 1410.7079022514345, 1558.4697421791075, 1589.0851247360229, 1675.3590000000002, 1800.7313981323243, 2120.693217186737, 1372.5772062301635, 1755.9849420761109, 1768.0799929195402, 1959.6434023681643, 2118.7567007095336, 1989.8373, 2512.207125, 2641.921973813629, 2946.337698513031, 3218.390895755768, 3297.986709963989, 3240.8318604934693, 3208.2400137908935, 3473.2277851142885, 3485.3396057373047, 3272.9470868686676, 3497.043601904297, 3602.4133500000003, 3515.2563946838377, 3639.6919594955443, 3670.160818343353, 3856.056193722534, 3676.7012, 3736.132167755127, 3896.7098772033687, 4046.8496307540895, 3664.9833507236476, 3704.380295507049, 3238.0423708343505, 3080.9719158584594, 3145.4415283447265]
shares:[0, 1.3931, 2.6583, 3.9916, 5.1195, 6.2818, 7.5038, 8.8175, 10.3076, 11.6537, 13.0558, 14.3966, 15.6296, 16.9281, 18.3367, 19.7357, 21.0889, 22.5051, 23.9337, 25.341, 26.5951, 28.685, 30.4172, 32.2407, 33.9744, 35.6573, 37.5441, 39.1005, 40.6387, 42.0665, 43.4155, 44.7731, 46.1986, 47.6849, 49.0985, 50.5488, 52.1419, 53.6768, 55.2094, 56.826, 58.4314, 60.0681, 61.6673, 63.3914, 65.1348, 66.8504, 68.5442, 70.4669, 72.4219, 74.7298, 77.2367, 79.7728]
growth_rate:-38.32
