ticker:EIGR
price:[10.0, 10.039999961853027, 10.300000190734863, 9.890000343322754, 7.980000019073486, 8.140000343322754, 10.380000114440918, 10.09000015258789, 8.880000114440918, 10.3100004196167, 10.550000190734863, 10.029999732971191, 9.199999809265137, 9.25, 9.960000038146973, 9.75, 10.3100004196167, 12.289999961853027, 11.680000305175781, 11.020000457763672, 10.729999542236328, 9.609999656677246, 10.890000343322754, 11.6899995803833, 11.630000114440918, 10.170000076293945, 9.079999923706055, 9.989999771118164, 9.65999984741211, 8.890000343322754, 9.050000190734863, 8.399999618530273, 8.300000190734863, 8.430000305175781, 8.489999771118164, 8.539999961853027, 8.220000267028809, 8.039999961853027, 7.860000133514404, 7.849999904632568, 8.039999961853027, 8.229999542236328, 8.670000076293945, 8.430000305175781, 8.8100004196167, 7.920000076293945, 8.119999885559082, 7.960000038146973, 8.430000305175781, 8.75, 7.550000190734863, 8.029999732971191]
assets:[0, 100.00040762004852, 202.58967375154495, 294.52519922418594, 337.6449728070259, 444.4147147441864, 666.7105213505745, 748.083710313034, 758.373321773529, 980.4985669062614, 1103.3232399471283, 1148.9414844117164, 1153.8648960780145, 1260.1358249999998, 1456.8601615797995, 1526.143125, 1713.798377751541, 2142.92740834856, 2136.56522382431, 2115.8345778903963, 2160.1549238433836, 2034.67717730999, 2405.68492884264, 2682.410683713913, 2768.643642243862, 2521.074879912758, 2350.8710002470016, 2686.4757734498976, 2697.7336673870086, 2582.697118741131, 2729.179597519302, 2633.161320420075, 2701.8144020879745, 2844.1320489608765, 2964.375112083435, 3081.833202233887, 3066.3543756113054, 3099.207729295349, 3129.822185164928, 3225.8404958101746, 3403.918099849606, 3584.3590286331178, 3875.989426107788, 3868.6957400512697, 4143.085064333439, 3824.544276842117, 4021.12381932745, 4041.889815370083, 4380.544283580781, 4646.828375, 4109.548908819103, 4470.8179833278655]
shares:[0, 9.9602, 19.6689, 29.7801, 42.3114, 54.5964, 64.2303, 74.1411, 85.4024, 95.1017, 104.5804, 114.5505, 125.4201, 136.2309, 146.2711, 156.5275, 166.2268, 174.3635, 182.9251, 191.9995, 201.3192, 211.725, 220.9077, 229.462, 238.0605, 247.8933, 258.9065, 268.9165, 279.2685, 290.5171, 301.5668, 313.4716, 325.5198, 337.3822, 349.1608, 360.8704, 373.0358, 385.4736, 398.1962, 410.9351, 423.3729, 435.5236, 447.0576, 458.92, 470.2707, 482.897, 495.2123, 507.7751, 519.6375, 531.0661, 544.3111, 556.7644]
growth_rate:-12.34
