ticker:EJFAU
price:[10.069999694824219, 10.029999732971191, 10.0, 9.949999809265137, 10.0, 9.979999542236328, 9.949999809265137, 10.039999961853027, 10.0, 9.899999618530273, 10.0, 10.0, 9.949999809265137, 9.9399995803833, 9.949999809265137, 9.960000038146973, 9.949999809265137, 9.90999984741211, 9.930000305175781, 9.979999542236328, 10.0, 9.979999542236328, 9.979999542236328, 9.920000076293945, 9.869999885559082, 9.920000076293945, 9.850000381469727]
assets:[0, 100.00010033769608, 199.701, 298.7029742740631, 400.204, 499.40316909332273, 597.9024535386085, 703.3110333277702, 800.509, 892.5037756097794, 1001.519, 1101.519, 1196.01186707325, 1294.8101893396376, 1396.1133282374383, 1497.5168817355157, 1596.0137994054794, 1689.5974959846496, 1793.0075261039733, 1902.035218757248, 2005.847, 2101.8348095928195, 2201.8344050060273, 2288.5965936014177, 2377.0611624383923, 2489.1026111434935, 2571.5386145902635]
shares:[0, 9.9701, 19.9701, 30.0204, 40.0204, 50.0404, 60.0907, 70.0509, 80.0509, 90.1519, 100.1519, 110.1519, 120.2022, 130.2626, 140.3129, 150.3531, 160.4034, 170.4942, 180.5647, 190.5847, 200.5847, 210.6047, 220.6247, 230.7053, 240.837, 250.9176, 261.0699]
growth_rate:-1.09
