ticker:EKSO
price:[4.369999885559082, 4.760000228881836, 5.070000171661377, 4.329999923706055, 4.389999866485596, 5.079999923706055, 4.679999828338623, 4.760000228881836, 4.070000171661377, 4.150000095367432, 4.599999904632568, 5.179999828338623, 5.71999979019165, 5.519999980926514, 5.150000095367432, 5.460000038146973, 6.980000019073486, 6.130000114440918, 6.920000076293945, 8.180000305175781, 10.0, 8.760000228881836, 10.430000305175781, 9.619999885559082, 9.220000267028809, 7.150000095367432, 5.869999885559082, 7.300000190734863, 6.860000133514404, 6.21999979019165, 6.349999904632568, 6.519999980926514, 5.460000038146973, 5.699999809265137, 5.710000038146973, 5.420000076293945, 5.179999828338623, 5.679999828338623, 5.679999828338623, 5.369999885559082, 5.760000228881836, 5.409999847412109, 5.880000114440918, 5.53000020980835, 5.179999828338623, 4.619999885559082, 4.610000133514404, 4.860000133514404, 5.039999961853027, 4.789999961853027, 4.25, 4.659999847412109]
assets:[0, 99.99998880844117, 206.5127679921627, 276.37090513038635, 380.20032843685146, 539.9582718906403, 597.4417580859662, 707.654478027153, 705.0742127380847, 818.9332138191701, 1007.7330191076278, 1234.7948910798073, 1463.5185743184568, 1512.3464107743264, 1510.9755229801656, 1701.927329890728, 2275.7236082186223, 2098.5938921786305, 2469.049107221603, 3018.615614617157, 3790.2390000000005, 3420.2492333644864, 4172.282775078583, 3948.260555030918, 3884.0919944907187, 3112.0668565090655, 2654.9416612395285, 3401.716138880253, 3296.6814521624565, 3089.119355800152, 3253.682801134586, 3440.7891579343795, 2981.396984829903, 3212.4475025042534, 3318.083306167221, 3249.5642977420807, 3205.6719017663954, 3615.0995067441936, 3715.0993117219923, 3612.3387790168763, 3974.687581939888, 3833.1699138862614, 4266.181163031579, 4112.241982018566, 3951.973125034523, 3624.7327142126082, 3716.8872896481516, 4018.4536883953574, 4267.285311701584, 4155.614282905197, 3787.13165, 4252.4782007560725]
shares:[0, 21.0084, 40.7323, 63.827, 86.606, 106.291, 127.6585, 148.6669, 173.2369, 197.3333, 219.0724, 238.3774, 255.8599, 273.9758, 293.3933, 311.7083, 326.0349, 342.3481, 356.799, 369.0239, 379.0239, 390.4394, 400.0271, 410.4221, 421.2681, 435.2541, 452.2899, 465.9885, 480.5658, 496.643, 512.391, 527.7284, 546.0434, 563.5873, 581.1004, 599.5506, 618.8556, 636.4612, 654.0668, 672.6888, 690.0499, 708.5342, 725.541, 743.6242, 762.9292, 784.5742, 806.2662, 826.8423, 846.6836, 867.5604, 891.0898, 912.549]
growth_rate:-16.62
