ticker:ELDN
price:[6.767994403839111, 6.875994682312012, 16.037986755371094, 17.405986785888672, 16.199987411499023, 16.549999237060547, 17.049999237060547, 16.6200008392334, 26.18000030517578, 20.31999969482422, 21.260000228881836, 21.479999542236328, 25.290000915527344, 22.139999389648438, 19.969999313354492, 16.25, 13.8100004196167, 15.399999618530273, 14.600000381469727, 14.6899995803833, 15.989999771118164, 14.829999923706055, 14.989999771118164, 18.459999084472656, 18.709999084472656, 16.06999969482422, 13.899999618530273, 13.8100004196167, 14.460000038146973, 10.550000190734863, 11.75, 11.130000114440918, 10.770000457763672, 10.710000038146973, 10.0, 8.850000381469727, 8.850000381469727, 9.649999618530273, 9.520000457763672, 9.100000381469727, 8.789999961853027, 7.889999866485596, 7.889999866485596, 7.579999923706055, 7.599999904632568, 7.110000133514404, 6.550000190734863, 6.489999771118164, 6.389999866485596, 6.25, 6.5, 8.039999961853027]
assets:[0, 100.00034106273651, 333.24691159515385, 461.6711717128754, 529.6828884000778, 641.1271104446411, 760.496460969925, 841.316076482582, 1425.2496886138915, 1206.2297258842468, 1362.0304186634064, 1476.1249005420684, 1837.9508165359496, 1709.0241908859252, 1641.5179675582888, 1435.73625, 1320.1545611128806, 1572.149001056671, 1590.4787815561294, 1700.2837184317589, 1950.751190076828, 1909.2334691778183, 2029.8318450065613, 2599.712441066742, 2734.9191481735234, 2449.0197434921265, 2218.3176191207885, 2303.954133005619, 2512.394640627956, 1933.0406649477004, 2252.9121, 2234.0347699707986, 2261.7754861335757, 2349.1753193673135, 2293.441, 2129.69506679821, 2229.6947611085893, 2531.248939938355, 2597.1494208824156, 2582.569188260651, 2594.591754739952, 2428.9340918976304, 2528.934317205429, 2529.571802539444, 2636.24616691947, 2566.2777601905823, 2464.151991755676, 2541.579313366509, 2602.418183624363, 2645.40125, 2851.2172, 3626.7362467924117]
shares:[0, 14.5434, 20.7786, 26.5237, 32.6965, 38.7388, 44.6039, 50.6207, 54.4404, 59.3617, 64.0654, 68.7209, 72.675, 77.1917, 82.1992, 88.353, 95.5941, 102.0876, 108.9369, 115.7443, 121.9982, 128.7413, 135.4124, 140.8295, 146.1742, 152.397, 159.5912, 166.8323, 173.7479, 183.2266, 191.7372, 200.7219, 210.007, 219.3441, 229.3441, 240.6435, 251.9429, 262.3056, 272.8098, 283.7988, 295.1754, 307.8497, 320.524, 333.7166, 346.8745, 360.9392, 376.2064, 391.6147, 407.2642, 423.2642, 438.6488, 451.0866]
growth_rate:-28.89
