ticker:ELMS
price:[9.84000015258789, 9.800000190734863, 9.71500015258789, 9.850000381469727, 9.710000038146973, 9.670000076293945, 9.789999961853027, 9.739999771118164, 10.550000190734863, 11.6899995803833, 11.600000381469727, 12.489999771118164, 11.300000190734863, 14.0, 13.539999961853027, 13.800000190734863, 13.25, 13.130000114440918, 12.239999771118164, 12.65999984741211, 12.079999923706055, 11.600000381469727, 10.460000038146973, 10.300000190734863, 10.390000343322754, 10.1899995803833, 10.199999809265137, 10.09000015258789, 10.020000457763672, 9.930000305175781, 9.920000076293945, 9.899999618530273, 9.920000076293945, 9.890000343322754, 9.920000076293945, 9.949999809265137, 9.949999809265137, 10.039999961853027, 9.979999542236328, 10.1899995803833, 10.460000038146973, 9.720000267028809, 10.0, 9.119999885559082, 8.119999885559082, 8.989999771118164, 8.65999984741211, 7.46999979019165, 7.739999771118164, 7.570000171661377, 7.570000171661377]
assets:[0, 100.00018194627762, 199.13321562767027, 301.90054169197083, 397.60993656206136, 495.9723699131012, 602.1270946537971, 699.0514715728759, 857.1864604971885, 1049.8110603166579, 1141.7288775461195, 1329.3269126398086, 1302.6741919880867, 1713.9332, 1757.6179170481682, 1891.3686861413003, 1915.988425, 1998.635487420082, 1963.160099289894, 2130.5235223213194, 2132.916058529091, 2148.1646306430816, 2037.051535429001, 2105.891688996792, 2224.2923124985696, 2281.4756900505067, 2383.7144554257393, 2458.0077841716766, 2540.954882083511, 2618.13196446228, 2715.494868884659, 2810.0198517234803, 2915.6963424243927, 3006.8785623811723, 3115.9989999649047, 3225.4227831707954, 3325.4232662538525, 3455.5029308708195, 3534.851965863037, 3709.232196256542, 3907.5139722504614, 3731.07459050045, 3938.5539999999996, 3691.9610896719932, 3387.141024262619, 3850.049210979271, 3808.723356890869, 3385.3538559162616, 3607.716061315155, 3628.4767062812803, 3728.4764085489273]
shares:[0, 10.2041, 20.4975, 30.6498, 40.9485, 51.2898, 61.5043, 71.7712, 81.2499, 89.8042, 98.4249, 106.4313, 115.2809, 122.4238, 129.8093, 137.0557, 144.6029, 152.219, 160.3889, 168.2878, 176.5659, 185.1866, 194.7468, 204.4555, 214.0801, 223.8936, 233.6975, 243.6083, 253.5883, 263.6588, 273.7394, 283.8404, 293.921, 304.0322, 314.1128, 324.1631, 334.2134, 344.1736, 354.1936, 364.0071, 373.5673, 383.8554, 393.8554, 404.8203, 417.1356, 428.2591, 439.8064, 453.1933, 466.1132, 479.3232, 492.5332]
growth_rate:-25.43
