ticker:ELOX
price:[2.7699999809265137, 2.759999990463257, 3.3399999141693115, 2.7899999618530273, 2.680000066757202, 2.9100000858306885, 2.799999952316284, 2.9600000381469727, 2.5299999713897705, 2.619999885559082, 2.759999990463257, 2.9000000953674316, 2.9600000381469727, 2.9000000953674316, 2.950000047683716, 4.159999847412109, 4.289999961853027, 3.9800000190734863, 3.9600000381469727, 4.130000114440918, 3.9600000381469727, 3.440000057220459, 3.8299999237060547, 4.039999961853027, 3.6600000858306885, 4.510000228881836, 3.609999895095825, 4.070000171661377, 3.7100000381469727, 3.2100000381469727, 3.359999895095825, 2.950000047683716, 2.5399999618530273, 2.2100000381469727, 2.180000066757202, 1.8899999856948853, 1.350000023841858, 1.5499999523162842, 1.559999942779541, 1.7699999809265137, 1.899999976158142, 2.0799999237060547, 2.0799999237060547, 1.940000057220459, 1.7400000095367432, 1.3799999952316284, 1.3700000047683716, 1.3200000524520874, 1.4299999475479126, 1.2899999618530273, 1.4500000476837158, 1.6299999952316284]
assets:[0, 100.00004365446568, 221.01447432041167, 284.6198931084633, 373.3982453011274, 505.443734908104, 586.3376300147295, 719.8427052769661, 715.2709659114361, 840.7152572777748, 985.6390525942802, 1135.6353973457337, 1259.1313282270432, 1333.608543856144, 1456.601758544469, 2154.0554089897155, 2321.369601358223, 2253.6248628001213, 2342.300026563549, 2542.8534604616166, 2538.183804450512, 2304.8870703391553, 2666.1969968891144, 2912.3854725003243, 2738.448298219371, 3474.4266043266293, 2881.081712277699, 3348.20029321785, 3152.0449704099656, 2827.240917598343, 3059.354832482409, 2786.040815033484, 2498.828340471363, 2274.1775552547456, 2343.306487758064, 2131.582240866387, 1622.5588186554196, 1962.937764612794, 2075.6019198673725, 2455.009974544859, 2735.3214756762386, 3094.457070495987, 3194.457018828011, 3079.4457048285008, 2861.9770716861726, 2369.8439078113793, 2452.6711415366767, 2463.15771787709, 2768.4206964549303, 2597.38654319191, 3019.543174298644, 3494.3829057775974]
shares:[0, 36.2319, 66.172, 102.0143, 139.3277, 173.692, 209.4063, 243.1901, 282.7158, 320.8837, 357.1156, 391.5984, 425.3822, 459.865, 493.7633, 517.8018, 541.1118, 566.2374, 591.4899, 615.703, 640.9555, 670.0253, 696.135, 720.8875, 748.2099, 770.3828, 798.0836, 822.6536, 849.6078, 880.7604, 910.5223, 944.4206, 983.7907, 1029.0396, 1074.9112, 1127.8213, 1201.8954, 1266.4115, 1330.5141, 1387.0113, 1439.6429, 1487.7198, 1535.7967, 1587.3431, 1644.8144, 1717.2782, 1790.2709, 1866.0285, 1935.9586, 2013.478, 2082.4435, 2143.7932]
growth_rate:-31.48
