ticker:ELSE
price:[3.490000009536743, 3.4000000953674316, 3.7899999618530273, 3.5399999618530273, 3.4800000190734863, 4.639999866485596, 4.110000133514404, 3.9600000381469727, 3.509999990463257, 3.5, 3.869999885559082, 3.859999895095825, 4.25, 4.210000038146973, 4.329999923706055, 4.130000114440918, 4.019999980926514, 4.809999942779541, 4.449999809265137, 4.5, 6.059999942779541, 5.25, 5.889999866485596, 5.909999847412109, 6.409999847412109, 5.239999771118164, 4.550000190734863, 5.010000228881836, 5.079999923706055, 4.989999771118164, 4.800000190734863, 4.559999942779541, 4.230000019073486, 4.550000190734863, 4.570000171661377, 4.590000152587891, 4.28000020980835, 4.900000095367432, 4.559999942779541, 4.619999885559082, 5.050000190734863, 4.71999979019165, 4.769999980926514, 5.25, 4.889999866485596, 4.900000095367432, 4.78000020980835, 4.75, 4.78000020980835, 4.920000076293945, 4.920000076293945, 5.400000095367432]
assets:[0, 100.00012280492783, 211.47062787151336, 297.5214207939148, 392.47857815113065, 623.3046380646228, 652.1082391839028, 728.3085550158501, 745.5461109743356, 843.42195, 1032.5836944651603, 1129.9153812920094, 1344.0778, 1431.4277989702225, 1572.2286012975692, 1599.6085163246155, 1657.0037921380997, 2082.633775224686, 2026.7608681294441, 2149.53345, 2994.705319723034, 2694.42285, 3122.885586210489, 3233.4897545158387, 3607.050498135376, 3048.665402835083, 2747.219135162735, 3124.9600877637863, 3268.6218109102247, 3310.71315214386, 3284.6540505204202, 3220.421071589041, 3087.36449592123, 3420.924013404274, 3535.9608568201065, 3651.4355443866725, 3504.8245478087424, 4112.532840041161, 3927.173182720471, 4078.8463629638673, 4558.479632170487, 4360.598238167381, 4506.791381978989, 5060.3049, 4813.312443579435, 4923.156025818109, 4902.589051189136, 4971.819299999999, 5103.220477995444, 5352.687023003578, 5452.687008554268, 6084.6563874588965]
shares:[0, 29.4118, 55.797, 84.0456, 112.7812, 134.3329, 158.6638, 183.9163, 212.4063, 240.9777, 266.8175, 292.7242, 316.2536, 340.0066, 363.1013, 387.3144, 412.19, 432.98, 455.4519, 477.6741, 494.1758, 513.2234, 530.2013, 547.1218, 562.7224, 581.8064, 603.7844, 623.7445, 643.4295, 663.4696, 684.3029, 706.2327, 729.8734, 751.8514, 773.7332, 795.5197, 818.8842, 839.2924, 861.2222, 882.8672, 902.6692, 923.8556, 944.82, 963.8676, 984.3175, 1004.7257, 1025.6462, 1046.6988, 1067.6193, 1087.9445, 1108.2697, 1126.7882]
growth_rate:19.31
