ticker:ELTK
price:[4.880000114440918, 4.949999809265137, 5.150000095367432, 4.699999809265137, 4.679999828338623, 4.909999847412109, 5.309999942779541, 5.010000228881836, 4.960000038146973, 4.409999847412109, 4.429999828338623, 4.590000152587891, 4.769999980926514, 4.809999942779541, 4.679999828338623, 4.730000019073486, 4.699999809265137, 5.03000020980835, 5.059999942779541, 5.599999904632568, 5.539999961853027, 5.369999885559082, 5.949999809265137, 6.699999809265137, 6.170000076293945, 5.800000190734863, 5.28000020980835, 5.409999847412109, 5.599999904632568, 5.949999809265137, 6.170000076293945, 6.25, 5.690000057220459, 5.570000171661377, 5.789999961853027, 7.25, 5.360000133514404, 5.639999866485596, 5.989999771118164, 6.269999980926514, 6.110000133514404, 5.96999979019165, 5.929999828338623, 6.519999980926514, 6.71999979019165, 6.449999809265137, 6.659999847412109, 6.659999847412109, 6.699999809265137, 6.570000171661377, 6.190000057220459, 6.380000114440918]
assets:[0, 99.9998961467743, 204.04042877840996, 286.2116583849907, 384.99363387851713, 503.9142663398743, 644.9663990498542, 708.5277593690872, 801.4566461639405, 812.5852488842011, 916.2705974947453, 1049.3639988845825, 1190.515675239563, 1300.4989245290758, 1365.3501699192523, 1479.9370689677717, 1570.5505262640952, 1780.823286280632, 1891.4441706108094, 2193.2976426483633, 2269.7978163707735, 2300.1470869812015, 2648.5799400963783, 3082.4347422495844, 2938.6007443367002, 2862.3801341302874, 2705.7530035169602, 2872.371793985367, 3073.2497076628683, 3365.3276271201134, 3589.760340388489, 3736.3050000000003, 3501.5321502125266, 3527.6860847194675, 3767.020295181274, 4816.907975, 3661.1898991980556, 3952.445918434668, 4297.7218077812195, 4598.617372010898, 4581.268324108887, 4576.296175171661, 4645.634211518383, 5207.84737676506, 5467.597461293506, 5347.917366855145, 5622.035541193009, 5722.035438901901, 5856.4021632805825, 5842.770794660282, 5604.8327348111625, 5876.871391416073]
shares:[0, 20.202, 39.6195, 60.8961, 82.2636, 102.6302, 121.4626, 141.4227, 161.584, 184.2597, 206.8331, 228.6196, 249.584, 270.374, 291.7415, 312.8831, 334.1597, 354.0404, 373.8032, 391.6603, 409.7108, 428.3328, 445.1395, 460.0649, 476.2724, 493.5138, 512.4532, 530.9375, 548.7946, 565.6013, 581.8088, 597.8088, 615.3835, 633.3368, 650.608, 664.4011, 683.0578, 700.7883, 717.4828, 733.4318, 749.7984, 766.5488, 783.4122, 798.7496, 813.6306, 829.1345, 844.1495, 859.1645, 874.0899, 889.3106, 905.4657, 921.1397]
growth_rate:15.23
