ticker:ELYS
price:[1.5700000524520874, 1.7699999809265137, 1.899999976158142, 1.940000057220459, 2.2100000381469727, 2.0, 1.909999966621399, 1.809999942779541, 1.5099999904632568, 1.5199999809265137, 1.5399999618530273, 1.4299999475479126, 2.0899999141693115, 3.299999952316284, 2.9800000190734863, 4.260000228881836, 6.449999809265137, 5.900000095367432, 5.369999885559082, 5.900000095367432, 5.71999979019165, 4.840000152587891, 5.510000228881836, 5.539999961853027, 6.900000095367432, 5.940000057220459, 5.170000076293945, 5.679999828338623, 6.289999961853027, 5.409999847412109, 5.380000114440918, 5.289999961853027, 4.139999866485596, 4.21999979019165, 4.460000038146973, 4.0, 4.409999847412109, 4.610000133514404, 5.050000190734863, 5.0, 4.989999771118164, 4.449999809265137, 4.510000228881836, 4.050000190734863, 4.21999979019165, 4.050000190734863, 3.9600000381469727, 4.21999979019165, 4.159999847412109, 4.869999885559082, 4.130000114440918, 4.389999866485596]
assets:[0, 100.00004292240143, 207.34471739816667, 311.70989719390866, 455.092268855381, 511.8482, 588.8149807100415, 657.986926198721, 648.9283849015474, 753.2259585482598, 863.1368686194421, 901.484264933753, 1417.5539367848635, 2338.243016213298, 2211.50420415473, 3261.412297229576, 5038.053571018219, 4708.452596107292, 4385.489882540131, 4918.322679499626, 4868.2718014328475, 4219.307401019669, 4903.385018683433, 5030.081745364189, 6364.903707971668, 5579.351765746307, 4956.102697137451, 5545.002136418533, 6240.504581153202, 5467.429159792328, 5537.111181782913, 5544.482816017913, 4439.160396837711, 4624.9412640589235, 4987.971274662781, 4573.5168, 5142.301931074143, 5475.51336758132, 6098.122175321674, 6137.7445, 6225.468824449539, 5651.770762755108, 5827.974733768844, 5333.547311183547, 5657.424136726332, 5529.519125412846, 5506.640621045876, 5968.187453275919, 5983.331940532684, 7104.525796049596, 6124.988409721374, 6610.580328950405]
shares:[0, 56.4972, 109.1288, 160.6752, 205.9241, 255.9241, 308.2801, 363.5287, 429.7539, 495.5434, 560.4785, 630.4086, 678.2555, 708.5585, 742.1155, 765.5897, 781.0936, 798.0428, 816.6648, 833.614, 851.0965, 871.7577, 889.9065, 907.957, 922.4498, 939.2848, 958.6272, 976.2328, 992.1311, 1010.6154, 1029.2028, 1048.1064, 1072.261, 1095.9577, 1118.3792, 1143.3792, 1166.0549, 1187.7469, 1207.5489, 1227.5489, 1247.589, 1270.0609, 1292.2338, 1316.9252, 1340.6219, 1365.3133, 1390.5658, 1414.2625, 1438.301, 1458.8349, 1483.048, 1505.827]
growth_rate:29.62
