ticker:EM
price:[8.539999961853027, 8.149999618530273, 8.489999771118164, 8.270000457763672, 7.579999923706055, 7.599999904632568, 6.210000038146973, 6.21999979019165, 6.039999961853027, 7.150000095367432, 6.539999961853027, 6.190000057220459, 6.079999923706055, 5.829999923706055, 5.199999809265137, 5.5, 5.039999961853027, 4.25, 3.434999942779541, 3.059999942779541, 2.8399999141693115, 2.950000047683716, 2.880000114440918, 2.880000114440918]
assets:[0, 99.9996803194046, 204.1717594957352, 298.8811245437622, 373.9441362361908, 474.9308340404034, 488.0687429981231, 588.8548441371918, 671.8140957570076, 895.2765369412899, 918.8961546401977, 969.7198379641055, 1052.4875067930222, 1109.2111214843749, 1089.3479600429534, 1252.1949, 1247.4660145581247, 1151.930625, 1031.031033825016, 1018.4729389550686, 1045.2494724103926, 1185.7345241661787, 1257.5984179724692, 1357.59835794611]
shares:[0, 12.2699, 24.0485, 36.1404, 49.333, 62.4909, 78.594, 94.6712, 111.2275, 125.2135, 140.504, 156.6591, 173.1065, 190.2592, 209.49, 227.6718, 247.5131, 271.0425, 300.1546, 332.8343, 368.0456, 401.9439, 436.6661, 471.3883]
growth_rate:-40.97
