ticker:EMB
price:[113.41000366210938, 113.25, 112.29000091552734, 110.3499984741211, 110.33999633789062, 112.44000244140625, 112.12999725341797, 110.97000122070312, 110.0199966430664, 112.76000213623047, 113.83000183105469, 114.12000274658203, 114.47000122070312, 114.77999877929688, 114.91999816894531, 115.22000122070312, 115.48999786376953, 115.91000366210938, 114.54000091552734, 113.43000030517578, 113.8499984741211, 113.8499984741211, 114.22000122070312, 113.4800033569336, 111.98999786376953, 110.02999877929688, 108.5999984741211, 108.45999908447266, 109.29000091552734, 109.26000213623047, 109.38999938964844, 109.58000183105469, 111.22000122070312, 111.43000030517578, 111.13999938964844, 111.5999984741211, 111.2300033569336, 111.19000244140625, 111.86000061035156, 112.01000213623047, 112.9000015258789, 112.2699966430664, 112.12999725341797, 112.12000274658203, 112.1500015258789, 112.5, 112.66000366210938, 112.7300033569336, 111.95999908447266, 112.31999969482422, 112.0999984741211, 113.05000305175781]
assets:[0, 99.99975, 199.1575456237793, 295.71592591094975, 395.6902608673096, 503.2252309265137, 601.8353342582703, 695.6043556518555, 789.6465219062804, 909.3079332267761, 1017.9361743743897, 1120.5328949684142, 1223.9704880523682, 1327.2814718841553, 1428.903765232849, 1532.6334122375488, 1636.2276427345275, 1742.1737190429687, 1821.5869045600891, 1903.933898122406, 2010.9780630477906, 2110.972516707611, 2217.832607702637, 2303.462500140381, 2373.213641730499, 2431.673976022339, 2500.0697048728944, 2596.8469120796203, 2716.7199137580874, 2815.9689610572814, 2919.323730711365, 3024.3970925369263, 3169.6588147888183, 3275.6408609710693, 3367.119649508667, 3481.0606324043274, 3569.515406728363, 3668.2360135437007, 3790.3425626815797, 3895.4278492927556, 4026.375334417725, 4103.906230290985, 4198.786238152314, 4298.411817297363, 4399.566054859161, 4513.297500000001, 4619.713578167724, 4722.586757631683, 4790.331716828156, 4905.733234671021, 4996.128781993866, 5138.473093711853]
shares:[0, 0.883, 1.7736, 2.6798, 3.5861, 4.4755, 5.3673, 6.2684, 7.1773, 8.0641, 8.9426, 9.8189, 10.6925, 11.5637, 12.4339, 13.3018, 14.1677, 15.0304, 15.9035, 16.7851, 17.6634, 18.5417, 19.4172, 20.2984, 21.1913, 22.1001, 23.0209, 23.9429, 24.8579, 25.7731, 26.6873, 27.5999, 28.499, 29.3964, 30.2962, 31.1923, 32.0913, 32.9907, 33.8847, 34.7775, 35.6632, 36.5539, 37.4457, 38.3376, 39.2293, 40.1182, 41.0058, 41.8929, 42.7861, 43.6764, 44.5685, 45.4531]
growth_rate:0.75
