ticker:EMCB
price:[74.43000030517578, 74.5, 74.80999755859375, 73.1500015258789, 72.98999786376953, 74.75, 75.3499984741211, 74.38999938964844, 73.70999908447266, 74.5, 75.33999633789062, 76.0199966430664, 75.08999633789062, 76.47000122070312, 76.31999969482422, 76.5, 77.36000061035156, 77.0, 78.0, 76.5, 76.61000061035156, 76.23999786376953, 76.7699966430664, 76.9800033569336, 76.94999694824219, 76.1500015258789, 75.69999694824219, 75.22000122070312, 75.52999877929688, 75.2300033569336, 75.22000122070312, 75.37000274658203, 75.72000122070312, 75.69000244140625, 75.37999725341797, 75.76000213623047, 75.63999938964844, 75.62000274658203, 75.72000122070312, 75.87999725341797, 76.04000091552734, 76.0, 75.94000244140625, 76.33999633789062, 76.25, 76.05999755859375, 76.12000274658203, 75.86000061035156, 75.86000061035156, 76.22000122070312, 76.01000213623047, 76.08000183105469]
assets:[0, 100.00135, 200.41598345947264, 295.97222117385866, 395.3284264297485, 504.8615, 608.9108726692199, 701.1555002471923, 794.7485811286926, 903.2678, 1013.4510287384034, 1122.594892427826, 1208.8588330444336, 1331.0750762481691, 1428.4661702880858, 1531.836, 1649.0599250106811, 1741.3858, 1864.005, 1928.1595499999999, 2030.93111618042, 2121.1187245666506, 2235.8647362319944, 2341.9780381286623, 2441.0616681900024, 2515.6838354087827, 2600.8172251510623, 2684.323529562378, 2795.387913821411, 2884.288236703491, 2983.902228424072, 3089.8535585983277, 3204.205431655884, 3302.937619537354, 3389.408810501862, 3506.498666873932, 3600.948066943359, 3699.995990386963, 3804.8922013397214, 3912.9341703659056, 4021.185348415375, 4119.0708, 4215.816829534911, 4338.020291900635, 4432.908125, 4521.865732855224, 4625.431966896057, 4709.631589892578, 4809.630242697143, 4932.455426995849, 5018.864431053162, 5123.485995309448]
shares:[0, 1.3423, 2.679, 4.0461, 5.4162, 6.754, 8.0811, 9.4254, 10.7821, 12.1244, 13.4517, 14.7671, 16.0988, 17.4065, 18.7168, 20.024, 21.3167, 22.6154, 23.8975, 25.2047, 26.51, 27.8216, 29.1242, 30.4232, 31.7227, 33.0359, 34.3569, 35.6863, 37.0103, 38.3396, 39.669, 40.9958, 42.3165, 43.6377, 44.9643, 46.2843, 47.6064, 48.9288, 50.2495, 51.5674, 52.8825, 54.1983, 55.5151, 56.825, 58.1365, 59.4513, 60.765, 62.0832, 63.4014, 64.7134, 66.029, 67.3434]
growth_rate:0.46
