ticker:EMCF
price:[22.950000762939453, 24.979999542236328, 27.0, 26.399999618530273, 26.25, 23.5, 24.0, 23.6299991607666, 23.850000381469727, 23.739999771118164, 23.979999542236328, 24.8700008392334, 24.299999237060547, 24.510000228881836, 24.479999542236328, 29.280000686645508, 29.950000762939453, 30.6299991607666, 30.75, 30.420000076293945, 28.690000534057617, 26.760000228881836, 28.200000762939453, 26.3799991607666, 26.700000762939453, 26.399999618530273, 29.34000015258789, 27.649999618530273, 28.209999084472656, 27.299999237060547, 28.989999771118164, 27.149999618530273, 27.799999237060547, 28.149999618530273, 27.139999389648438, 28.299999237060547, 28.0, 26.809999465942383, 28.56999969482422, 27.940000534057617, 27.899999618530273, 29.59000015258789, 30.549999237060547, 30.059999465942383, 30.389999389648438, 28.81999969482422, 29.329999923706055, 28.8799991607666, 28.719999313354492, 28.75, 27.700000762939453, 27.170000076293945]
assets:[0, 99.99993416748046, 208.0863, 303.4627156150818, 401.737875, 459.6506, 569.4312, 660.6522425365448, 766.8037472646713, 863.2671076770782, 971.9933114452361, 1108.0679653915406, 1182.671242868042, 1292.8927080734254, 1391.3109819831848, 1764.117113370323, 1904.4846085144043, 2047.7257118942262, 2155.7472, 2232.612023599434, 2205.641337057495, 2157.265446451378, 2373.3515442100525, 2320.1789621875764, 2448.3233199596407, 2520.8145235752104, 2901.541173089981, 2834.409755895424, 2991.8142739036557, 2995.304046291733, 3280.7286980979916, 3172.4991754249572, 3348.451528105545, 3490.6083976976392, 3465.368108067322, 3713.4834498882296, 3774.1171999999997, 3713.7184450223926, 4057.514213658905, 4068.0417257583617, 4162.21680309105, 4514.336234279252, 4760.795791106414, 4784.436688997841, 4936.961765846252, 4781.909455364228, 4966.531011080932, 4990.331006984329, 5062.683934959984, 5167.9735, 5079.230029896927, 5082.045268270493]
shares:[0, 4.0032, 7.7069, 11.4948, 15.3043, 19.5596, 23.7263, 27.9582, 32.1511, 36.3634, 40.5335, 44.5544, 48.6696, 52.7496, 56.8346, 60.2499, 63.5888, 66.8536, 70.1056, 73.3929, 76.8784, 80.6153, 84.1614, 87.9522, 91.6975, 95.4854, 98.8937, 102.5103, 106.0551, 109.7181, 113.1676, 116.8508, 120.4479, 124.0003, 127.6849, 131.2185, 134.7899, 138.5199, 142.0201, 145.5992, 149.1834, 152.5629, 155.8362, 159.1629, 162.4535, 165.9233, 169.3328, 172.7954, 176.2773, 179.7556, 183.3657, 187.0462]
growth_rate:-0.35
