ticker:EMIF
price:[21.440000534057617, 21.329999923706055, 21.649999618530273, 20.729999542236328, 20.6299991607666, 21.200000762939453, 20.8799991607666, 21.31999969482422, 19.889999389648438, 21.989999771118164, 23.270000457763672, 23.59000015258789, 23.6299991607666, 24.229999542236328, 24.34000015258789, 24.760000228881836, 24.389999389648438, 24.540000915527344, 25.290000915527344, 24.450000762939453, 24.020000457763672, 23.299999237060547, 24.309999465942383, 24.440000534057617, 24.299999237060547, 23.75, 24.100000381469727, 24.690000534057617, 25.18000030517578, 24.6299991607666, 24.649999618530273, 24.700000762939453, 24.920000076293945, 24.760000228881836, 24.1299991607666, 24.8700008392334, 24.639999389648438, 24.56999969482422, 24.8799991607666, 25.489999771118164, 25.3700008392334, 24.690000534057617, 24.90999984741211, 24.540000915527344, 23.969999313354492, 24.350000381469727, 23.56999969482422, 23.639999389648438, 23.31999969482422, 23.450000762939453, 22.989999771118164, 24.0]
assets:[0, 99.99930564231873, 201.4987114496231, 292.93562353134155, 391.5223130727768, 502.3403780780792, 594.7584240947723, 707.2909898757933, 759.8516796829224, 940.0768882152557, 1094.7976735366822, 1209.8532608257294, 1311.9044714069366, 1445.2152836963653, 1551.7772377281187, 1678.5546955165864, 1753.4702261199952, 1864.2547895507814, 2021.229982170868, 2054.0959090961455, 2117.970746363449, 2154.4833594532015, 2347.874334420395, 2460.431065764809, 2546.336170053482, 2588.7025000000003, 2726.852383162308, 2893.608806590271, 3051.035456977844, 3084.392627903557, 3186.897385681343, 3293.36225172615, 3422.6947264787673, 3500.7198683607103, 3511.646016866112, 3719.338469508362, 3784.9404502441407, 3874.187723880005, 4023.068496296883, 4221.704742092133, 4301.831211303521, 4286.527283719825, 4424.723416896057, 4459.001602354431, 4455.43081336956, 4626.06420747242, 4577.878476727295, 4691.473714872742, 4727.969030127716, 4854.326032934188, 4859.101979624176, 5172.5736]
shares:[0, 4.6882, 9.3071, 14.131, 18.9783, 23.6953, 28.4846, 33.175, 38.2027, 42.7502, 47.0476, 51.2867, 55.5186, 59.6457, 63.7542, 67.793, 71.893, 75.968, 79.9221, 84.0121, 88.1753, 92.4671, 96.5806, 100.6723, 104.7875, 108.998, 113.1474, 117.1976, 121.169, 125.2291, 129.2859, 133.3345, 137.3473, 141.3861, 145.5303, 149.5512, 153.6096, 157.6796, 161.6989, 165.622, 169.5637, 173.6139, 177.6284, 181.7034, 185.8753, 189.9821, 194.2248, 198.4549, 202.7431, 207.0075, 211.3572, 215.5239]
growth_rate:1.42
