ticker:EMKR
price:[3.369999885559082, 3.299999952316284, 3.25, 3.240000009536743, 3.25, 3.3299999237060547, 3.3499999046325684, 3.7100000381469727, 3.259999990463257, 3.5, 3.7300000190734863, 4.210000038146973, 4.28000020980835, 4.510000228881836, 4.5, 4.739999771118164, 4.889999866485596, 5.449999809265137, 5.659999847412109, 4.960000038146973, 4.769999980926514, 5.010000228881836, 6.050000190734863, 7.099999904632568, 7.53000020980835, 6.789999961853027, 6.260000228881836, 6.809999942779541, 6.480000019073486, 5.829999923706055, 5.739999771118164, 6.230000019073486, 5.929999828338623, 6.539999961853027, 6.230000019073486, 7.28000020980835, 7.690000057220459, 9.1899995803833, 9.699999809265137, 9.630000114440918, 9.699999809265137, 9.739999771118164, 9.989999771118164, 9.329999923706055, 9.210000038146973, 8.1899995803833, 8.600000381469727, 8.739999771118164, 9.039999961853027, 7.829999923706055, 6.889999866485596, 7.650000095367432]
assets:[0, 99.99989855504036, 198.48465000000002, 297.8739368767739, 398.7932, 508.6095363471985, 611.6640875872135, 777.3952629933358, 783.1018757091284, 940.7534499999999, 1102.574577638054, 1344.4609861822128, 1466.815563904238, 1645.6395515159606, 1741.9904999999999, 1934.8963465690613, 2096.127293768263, 2436.174439740658, 2630.045147096634, 2404.774674494934, 2412.656450352669, 2634.0482013364795, 3280.836453433037, 3950.2375969402788, 4289.477420517683, 3967.9347457077024, 3758.2136734100345, 4188.408063807249, 4085.445612025261, 3775.640291590309, 3817.35412978344, 4243.22622399087, 4138.89734318738, 4664.6523567916865, 4543.545243910313, 5409.311699895429, 5813.956871261024, 7048.01837218647, 7539.14928175478, 7584.743133135509, 7739.8762278078075, 7871.792817019463, 8173.840789728356, 7733.827268758392, 7734.357254034996, 6977.783000491524, 7427.098789443397, 7648.004097715187, 8010.52115019722, 7038.316461420059, 6293.358950047303, 7087.5468433557035]
shares:[0, 30.303, 61.0722, 91.9364, 122.7056, 152.7356, 182.5863, 209.5405, 240.2153, 268.7867, 295.5964, 319.3494, 342.7139, 364.8868, 387.109, 408.206, 428.6559, 447.0045, 464.6723, 484.8336, 505.798, 525.7581, 542.287, 556.3715, 569.6517, 584.3792, 600.3536, 615.0379, 630.47, 647.6227, 665.0443, 681.0957, 697.9591, 713.2496, 729.301, 743.0373, 756.0412, 766.9226, 777.2319, 787.6161, 797.9254, 808.1923, 818.2023, 828.9204, 839.7782, 851.9882, 863.6161, 875.0577, 886.1196, 898.891, 913.4048, 926.4767]
growth_rate:38.97
