ticker:EML
price:[21.799999237060547, 21.350000381469727, 20.709999084472656, 19.510000228881836, 19.860000610351562, 21.559999465942383, 22.139999389648438, 22.1299991607666, 20.469999313354492, 21.610000610351562, 21.75, 21.540000915527344, 22.5, 22.31999969482422, 23.950000762939453, 25.15999984741211, 24.549999237060547, 24.100000381469727, 23.8700008392334, 25.049999237060547, 25.5, 23.540000915527344, 24.43000030517578, 26.299999237060547, 25.899999618530273, 25.5, 26.979999542236328, 26.75, 27.420000076293945, 26.309999465942383, 26.59000015258789, 25.760000228881836, 25.56999969482422, 24.899999618530273, 28.270000457763672, 30.139999389648438, 31.25, 32.45000076293945, 31.8799991607666, 32.5099983215332, 33.279998779296875, 31.239999771118164, 31.329999923706055, 30.780000686645508, 30.469999313354492, 29.209999084472656, 29.43000030517578, 29.360000610351562, 30.5, 27.25, 26.799999237060547, 27.059999465942383]
assets:[0, 99.9991317867279, 197.00179529113768, 285.5873833503723, 390.70976400756837, 524.1537710163117, 638.2541164047241, 737.9668690141677, 782.6110607481004, 926.1959821594238, 1032.196275, 1122.2297396987915, 1272.2445, 1362.0668213768006, 1561.537654743576, 1740.430409444809, 1798.2334341163635, 1865.2725495246887, 1947.4722104701998, 2143.7438647087097, 2282.2551000000003, 2206.835067829132, 2390.2703178588868, 2673.2344924518584, 2732.576869753075, 2790.37575, 3052.3255902118685, 3126.3046, 3304.609053194809, 3270.8328236064913, 3405.6419015434267, 3399.3359982036595, 3474.262340534973, 3483.228576636696, 4054.653085655212, 4422.861056434631, 4685.746875000001, 4965.680836749268, 4978.457180943298, 5176.840116723633, 5399.453497949219, 5168.476770132827, 5283.3658671340945, 5290.617340023994, 5337.332275722503, 5216.622499495697, 5355.912781538391, 5443.17382515564, 5754.52345, 5241.33585, 5254.780370407486, 5405.75985731163]
shares:[0, 4.6838, 9.5124, 14.638, 19.6732, 24.3114, 28.8281, 33.3469, 38.2321, 42.8596, 47.4573, 52.0998, 56.5442, 61.0245, 65.1999, 69.1745, 73.2478, 77.3972, 81.5866, 85.5786, 89.5002, 93.7483, 97.8416, 101.6439, 105.5049, 109.4265, 113.1329, 116.8712, 120.5182, 124.319, 128.0798, 131.9618, 135.8726, 139.8887, 143.426, 146.7439, 149.9439, 153.0256, 156.1624, 159.2384, 162.2432, 165.4442, 168.636, 171.8849, 175.1668, 178.5903, 181.9882, 185.3942, 188.6729, 192.3426, 196.0739, 199.7694]
growth_rate:6.0
