ticker:EMXC
price:[46.52199935913086, 46.63999938964844, 47.2599983215332, 45.400001525878906, 46.183998107910156, 47.959999084472656, 47.2599983215332, 48.20000076293945, 45.81999969482422, 49.189998626708984, 51.02000045776367, 52.0, 53.290000915527344, 55.52000045776367, 55.909000396728516, 55.869998931884766, 55.77000045776367, 56.86000061035156, 60.31999969482422, 59.57500076293945, 60.06999969482422, 57.04999923706055, 59.939998626708984, 60.9900016784668, 60.790000915527344, 57.95000076293945, 58.970001220703125, 59.41999816894531, 59.2400016784668, 59.2400016784668, 59.810001373291016, 59.900001525878906, 60.970001220703125, 60.7400016784668, 60.41699981689453, 62.130001068115234, 60.310001373291016, 60.2400016784668, 62.220001220703125, 63.689998626708984, 63.16999816894531, 61.630001068115234, 62.7599983215332, 62.52000045776367, 61.70000076293945, 61.459999084472656, 61.16999816894531, 61.130001068115234, 61.970001220703125, 61.349998474121094, 59.68000030517578, 62.08000183105469]
assets:[0, 100.0008226913452, 201.33231884956362, 293.4065898612976, 398.47553567504883, 513.800266191864, 606.3032444667816, 718.363171370697, 782.8942607856751, 940.4734217437743, 1075.460793649292, 1196.1196, 1325.7912747772216, 1481.2736122131348, 1591.6509686943054, 1690.5423626804352, 1787.5177466720581, 1922.4536786361693, 2139.4357811759946, 2213.014680840683, 2331.4007861557006, 2314.1875790519716, 2531.415992002487, 2675.7594526378634, 2766.9845506721495, 2737.7145010433196, 2885.9034047393798, 3007.9234953094483, 3098.808943799591, 3198.806066632843, 3329.5868904502872, 3434.5942074920654, 3595.9497019958494, 3682.386897757721, 3762.8069987960816, 3969.491981241989, 3953.2120320167537, 4048.6220808067324, 4281.694272003174, 4482.852398340225, 4546.250013221741, 4535.419571603775, 4718.579093805313, 4800.535715148926, 4837.5700498180395, 4918.754354728699, 4995.545772463989, 5092.281913976669, 5262.257017657471, 5309.609237940979, 5265.077050923157, 5576.807972488404]
shares:[0, 2.1441, 4.2601, 6.4627, 8.628, 10.7131, 12.8291, 14.9038, 17.0863, 19.1192, 21.0792, 23.0023, 24.8788, 26.68, 28.4686, 30.2585, 32.0516, 33.8103, 35.4681, 37.1467, 38.8114, 40.5642, 42.2325, 43.8721, 45.5171, 47.2427, 48.9385, 50.6214, 52.3094, 53.9974, 55.6694, 57.3388, 58.979, 60.6254, 62.2806, 63.8901, 65.5482, 67.2082, 68.8154, 70.3855, 71.9685, 73.5911, 75.1845, 76.784, 78.4047, 80.0318, 81.6666, 83.3025, 84.9162, 86.5462, 88.2218, 89.8326]
growth_rate:9.35
