ticker:EMXF
price:[36.290000915527344, 37.0099983215332, 36.231998443603516, 38.76300048828125, 39.18199920654297, 39.595001220703125, 40.11000061035156, 40.68000030517578, 41.150001525878906, 41.400001525878906, 40.92300033569336, 41.9640007019043, 44.0, 44.05400085449219, 45.560001373291016, 43.56999969482422, 45.439998626708984, 46.91400146484375, 46.55400085449219, 43.560001373291016, 43.49399948120117, 43.93000030517578, 44.03300094604492, 43.573001861572266, 44.20000076293945, 43.941001892089844, 44.38999938964844, 44.7869987487793, 44.30699920654297, 45.029998779296875, 43.53300094604492, 43.941001892089844, 45.650001525878906, 46.77000045776367, 46.49800109863281, 45.73699951171875, 46.638999938964844, 45.9900016784668, 45.3120002746582, 45.2869987487793, 44.61000061035156, 43.98400115966797, 44.3380012512207, 44.42100143432617, 42.939998626708984, 44.60599899291992, 44.6609992980957]
assets:[0, 100.00101546478271, 197.8991754989624, 311.7242973266602, 415.0940995941162, 519.4705780151368, 626.2254065292359, 735.1242175148011, 843.6161812820435, 948.7431349678039, 1037.811380813217, 1164.211467873001, 1320.6951999999999, 1422.3142553878783, 1570.9361833518983, 1602.3215947769163, 1771.0921064739227, 1928.5454636169434, 2013.7445163619998, 1984.2364705558778, 2081.2313691749573, 2202.092304297638, 2307.2543934711457, 2383.1512627155303, 2517.4419834537507, 2602.6914535713195, 2729.2880394729614, 2853.6976779758456, 2923.114396352387, 3070.8117607543945, 3068.723949388504, 3197.4856433830264, 3421.8465093772884, 3605.7986632919315, 3684.8270930633544, 3724.519376037598, 3897.971017398834, 3943.7300249317173, 3985.5891697586057, 4083.388287481308, 4122.3432414016725, 4164.497596199799, 4298.014996290207, 4406.061384968948, 4359.161310586929, 4628.291691905975, 4733.998934099198]
shares:[0, 2.702, 5.462, 8.0418, 10.594, 13.1196, 15.6127, 18.0709, 20.501, 22.9165, 25.3601, 27.7431, 30.0158, 32.2857, 34.4806, 36.7758, 38.9765, 41.1081, 43.2561, 45.5518, 47.851, 50.1273, 52.3983, 54.6933, 56.9557, 59.2315, 61.4843, 63.7171, 65.9741, 68.1948, 70.4919, 72.7677, 74.9583, 77.0964, 79.247, 81.4334, 83.5775, 85.7519, 87.9588, 90.1669, 92.4085, 94.6821, 96.9375, 99.1887, 101.5175, 103.7594, 105.9985]
growth_rate:2.91
