ticker:ENDP
price:[2.859999895095825, 2.799999952316284, 3.259999990463257, 3.2799999713897705, 3.4200000762939453, 4.980000019073486, 4.980000019073486, 5.789999961853027, 4.570000171661377, 4.480000019073486, 4.789999961853027, 5.199999809265137, 5.389999866485596, 5.380000114440918, 5.309999942779541, 5.570000171661377, 6.539999961853027, 7.179999828338623, 7.059999942779541, 7.119999885559082, 6.929999828338623, 7.28000020980835, 8.800000190734863, 9.039999961853027, 10.5, 7.929999828338623, 6.989999771118164, 8.680000305175781, 8.170000076293945, 7.75, 7.340000152587891, 6.199999809265137, 6.260000228881836, 5.900000095367432, 5.730000019073486, 5.630000114440918, 5.610000133514404, 5.590000152587891, 5.869999885559082, 5.400000095367432, 6.260000228881836, 5.21999979019165, 4.920000076293945, 4.300000190734863, 3.7899999618530273, 3.549999952316284, 5.0, 5.059999942779541, 4.309999942779541, 3.9100000858306885, 2.130000114440918, 2.319999933242798]
assets:[0, 100.00003829700947, 216.4284653668642, 317.7562292283297, 431.3191236219406, 728.0610627884865, 828.0609571714878, 1062.7458079981802, 938.8165062644481, 1020.3276203440189, 1190.9305055155755, 1392.8683089098931, 1543.7617197598456, 1640.897882904434, 1719.5479014701843, 1903.7441796713354, 2335.2757183786393, 2663.8043483130455, 2719.2839399605277, 2842.393666313744, 2866.543146993542, 3111.3184816676617, 3860.934083683491, 4066.231758841324, 4822.9461, 3742.4722239863872, 3398.8503417074203, 4320.603823905944, 4166.7433399103165, 4052.540875, 3938.148631868363, 3426.5011945881847, 3559.6608641504286, 3454.952145845747, 3455.40259450202, 3495.0990040448187, 3582.6829692655565, 3669.91056517601, 3953.7343139184, 3737.166186000729, 4432.344334057999, 3795.980193427515, 3677.8205970315935, 3314.3554370146753, 3021.257214590549, 2929.9374356449844, 4226.672500000001, 4377.392288498735, 3828.5695011711123, 3573.249764438486, 2046.553099957466, 2329.109180980682]
shares:[0, 35.7143, 66.3891, 96.8769, 126.1167, 146.197, 166.2773, 183.5485, 205.4303, 227.7517, 248.6285, 267.8593, 286.4122, 304.9996, 323.832, 341.7853, 357.0758, 371.0034, 385.1677, 399.2126, 413.6426, 427.3789, 438.7425, 449.8044, 459.3282, 471.9385, 486.2447, 497.7654, 510.0053, 522.9085, 536.5325, 552.6615, 568.6359, 585.5851, 603.0371, 620.7991, 638.6244, 656.5135, 673.5493, 692.0678, 708.0422, 727.1993, 747.5245, 770.7803, 797.1655, 825.3345, 845.3345, 865.0973, 888.2992, 913.8746, 960.823, 1003.9264]
growth_rate:-54.33
