ticker:ENFAU
price:[10.59000015258789, 10.399999618530273, 10.390000343322754, 10.663000106811523, 10.600000381469727, 10.505000114440918, 10.300000190734863, 10.329999923706055, 10.279999732971191, 10.199999809265137, 10.010000228881836, 9.989999771118164, 10.199999809265137, 10.069999694824219, 10.069999694824219, 10.020000457763672, 10.039999961853027, 9.920000076293945, 9.899999618530273, 9.979999542236328, 10.010000228881836, 10.180000305175781, 10.109999656677246, 10.329999923706055, 10.289999961853027, 10.279999732971191, 10.270000457763672, 10.34000015258789, 10.369999885559082, 10.260000228881836, 10.260000228881836, 10.25, 10.260000228881836, 10.229999542236328]
assets:[0, 100.00015633201599, 199.90360660552977, 305.15586965675357, 403.3533345157623, 499.73861294412615, 589.9860709253311, 691.704025891304, 788.3557035220146, 882.220423502922, 965.7868440830231, 1063.8570536258696, 1186.2201978182793, 1271.1018234786989, 1371.1019554481509, 1464.2938088962555, 1567.2168860453605, 1648.4847806783675, 1745.1610427549363, 1859.2629367191314, 1964.851933926964, 2098.221240900421, 2183.793288841152, 2331.3136367816924, 2422.2865710201263, 2519.9322225433352, 2617.4811256687167, 2735.32192636528, 2843.257975622463, 2913.0982669858936, 3013.0983852167133, 3110.1616000000004, 3213.196091680527, 3303.8008581642152]
shares:[0, 9.6154, 19.24, 28.6182, 38.0522, 47.5715, 57.2802, 66.9607, 76.6883, 86.4922, 96.4822, 106.4922, 116.2961, 126.2266, 136.1571, 146.1371, 156.0973, 166.1779, 176.2789, 186.2989, 196.2889, 206.1121, 216.0033, 225.6838, 235.402, 245.1296, 254.8667, 264.5379, 274.1811, 283.9277, 293.6743, 303.4304, 313.177, 322.9522]
growth_rate:0.12
