ticker:ENFA
price:[9.789999961853027, 9.960000038146973, 9.899999618530273, 9.75, 9.739999771118164, 9.9350004196167, 9.829999923706055, 9.850000381469727, 9.859999656677246, 9.779999732971191, 9.71399974822998, 9.649999618530273, 9.664999961853027, 9.739999771118164, 9.850000381469727, 9.770000457763672, 9.9399995803833, 9.869999885559082, 9.869999885559082, 9.880000114440918, 9.880000114440918, 9.90999984741211, 9.859999656677246, 9.869999885559082, 9.869999885559082, 9.890000343322754, 9.864999771118164, 9.864999771118164]
assets:[0, 100.00039238300324, 199.39787231674197, 296.3766, 396.0722206926346, 504.0015777871132, 598.6745193534852, 699.8927621053696, 800.6033781231881, 894.1071355876923, 988.0730839908599, 1081.5632722452162, 1183.2443858298302, 1292.4258936290742, 1407.022319491005, 1495.5946010746002, 1621.618489543438, 1710.1985681705476, 1810.1984460110664, 1912.0329501472472, 2012.033371305561, 2118.142556386185, 2207.455737136936, 2309.6944652194975, 2409.6943430600168, 2514.5770922913553, 2608.220113985634, 2708.2196436655045]
shares:[0, 10.0402, 20.1412, 30.3976, 40.6645, 50.7299, 60.9028, 71.0551, 81.1971, 91.422, 101.7164, 112.0791, 122.4257, 132.6926, 142.8449, 153.0803, 163.1407, 173.2724, 183.4041, 193.5256, 203.6471, 213.7379, 223.8799, 234.0116, 244.1433, 254.2545, 264.3913, 274.5281]
growth_rate:0.3
