ticker:ENG
price:[0.8100000023841858, 0.8399999737739563, 0.8600000143051147, 0.7400000095367432, 0.8299999833106995, 1.100000023841858, 0.9200000166893005, 0.9100000262260437, 0.7799999713897705, 0.7799999713897705, 0.8500000238418579, 1.100000023841858, 2.3499999046325684, 1.809999942779541, 1.8200000524520874, 1.7000000476837158, 2.950000047683716, 3.200000047683716, 4.730000019073486, 6.889999866485596, 7.409999847412109, 6.75, 7.179999828338623, 7.71999979019165, 6.230000019073486, 5.139999866485596, 4.309999942779541, 5.929999828338623, 5.190000057220459, 4.320000171661377, 4.489999771118164, 4.110000133514404, 3.490000009536743, 3.700000047683716, 3.4200000762939453, 2.5299999713897705, 2.319999933242798, 2.4700000286102295, 2.559999942779541, 2.740000009536743, 2.809999942779541, 2.640000104904175, 3.4600000381469727, 3.2300000190734863, 2.940000057220459, 2.450000047683716, 2.4800000190734863, 2.5299999713897705, 2.380000114440918, 1.9700000286102295, 1.7999999523162842, 2.1700000762939453]
assets:[0, 99.99998087785244, 202.38096536637545, 274.141735532999, 407.48326280649303, 640.0380938724518, 635.3046315247715, 728.3991469923377, 724.3420594312906, 824.3420337633132, 998.3215430021643, 1391.9455301696062, 3073.7016452633857, 2467.404229996681, 2581.0365323850274, 2510.858250427675, 4457.077487044073, 4934.795913534189, 7394.24489881692, 10870.897788343764, 11791.343061190795, 10841.1021, 11631.720345905685, 12606.529601389217, 10273.404599452591, 8575.9710432343, 7291.135531201362, 10131.654952709294, 8967.333998866081, 7564.139292571878, 7961.801396139908, 7387.974717000246, 6373.486877416134, 6856.991788369417, 6438.084479621887, 4862.676390010953, 4559.054836814761, 4953.821436380554, 5234.324875003719, 5702.363623847436, 5948.044336879062, 5688.198610028697, 7554.987241294766, 7152.7772252378945, 6610.577486659956, 5608.814509162902, 5777.493852434253, 5993.9754912177805, 5738.60177393732, 4850.018915436626, 4531.489259956526, 5562.962285585404]
shares:[0, 119.0476, 235.3267, 370.4618, 490.9437, 581.8528, 690.5485, 800.4386, 928.6437, 1056.8488, 1174.4959, 1265.405, 1307.9582, 1363.2068, 1418.1519, 1476.9754, 1510.8737, 1542.1237, 1563.2653, 1577.7791, 1591.2744, 1606.0892, 1620.0168, 1632.9702, 1649.0216, 1668.4769, 1691.6788, 1708.5422, 1727.81, 1750.9581, 1773.2298, 1797.5607, 1826.214, 1853.241, 1882.4808, 1922.0065, 1965.1099, 2005.5957, 2044.6582, 2081.1546, 2116.7418, 2154.6206, 2183.5223, 2214.4821, 2248.4957, 2289.312, 2329.6346, 2369.1603, 2411.1771, 2461.9385, 2517.4941, 2563.577]
growth_rate:9.08
