ticker:ENLV
price:[4.96999979019165, 4.980000019073486, 5.28000020980835, 4.949999809265137, 10.350000381469727, 11.779999732971191, 13.1899995803833, 13.25, 11.039999961853027, 11.5, 9.279999732971191, 8.539999961853027, 8.619999885559082, 11.319999694824219, 10.149999618530273, 10.890000343322754, 10.4399995803833, 8.430000305175781, 9.640000343322754, 10.489999771118164, 12.050000190734863, 11.949999809265137, 19.0, 20.0, 17.90999984741211, 15.289999961853027, 12.989999771118164, 14.399999618530273, 13.529999732971191, 11.029999732971191, 11.289999961853027, 11.720000267028809, 10.970000267028809, 10.279999732971191, 11.4399995803833, 10.039999961853027, 9.390000343322754, 9.949999809265137, 9.369999885559082, 9.739999771118164, 9.550000190734863, 9.359999656677246, 9.279999732971191, 8.899999618530273, 8.180000305175781, 7.460000038146973, 7.440000057220459, 7.599999904632568, 8.270000457763672, 10.170000076293945, 10.329999923706055, 11.970000267028809]
assets:[0, 99.99989438300133, 206.02402418665886, 293.14740370435715, 712.9442512769699, 911.4480293393135, 1120.5432243518828, 1225.6408999999999, 1121.213564125824, 1267.93135, 1123.1657916812896, 1133.6030109363555, 1244.221989481449, 1733.9432172546385, 1654.7280478099824, 1875.3680481236458, 1897.8729077184678, 1632.4779890975954, 1966.795286046219, 2240.216028120613, 2673.366047315693, 2751.1803410881994, 4474.2625, 4809.75, 4407.131572452545, 3862.4252383636476, 3381.4190464199064, 3848.4546180507664, 3715.9440706619257, 3129.3322542409896, 3303.0972248394014, 3528.901456402588, 3403.0761848367692, 3289.026290565682, 3760.161982078075, 3400.0028150816916, 3279.8829869210244, 3575.488651460266, 3467.0686176548, 3703.974838959694, 3731.7208295308114, 3757.477326176548, 3825.362513926506, 3768.7208584659575, 3563.835538957977, 3350.1480071311, 3441.166682465744, 3615.1702346355914, 4033.8763172843933, 5060.642887964249, 5240.259176297188, 6172.207346690654]
shares:[0, 20.0803, 39.0197, 59.2217, 68.8835, 77.3725, 84.954, 92.5012, 101.5592, 110.2549, 121.0308, 132.7404, 144.3413, 153.1752, 163.0274, 172.2101, 181.7886, 193.651, 204.0244, 213.5573, 221.8561, 230.2243, 235.4875, 240.4875, 246.071, 252.6112, 260.3094, 267.2538, 274.6448, 283.711, 292.5684, 301.1008, 310.2166, 319.9442, 328.6855, 338.6457, 349.2953, 359.3456, 370.018, 380.2849, 390.7561, 401.4399, 412.2158, 423.4518, 435.6767, 449.0815, 462.5224, 475.6803, 487.7722, 497.605, 507.2855, 515.6397]
growth_rate:21.02
