ticker:ENNV
price:[9.949999809265137, 9.904999732971191, 10.0, 9.899999618530273, 9.850000381469727, 9.829999923706055, 9.807999610900879, 9.739999771118164, 9.75, 9.739999771118164, 9.800000190734863, 9.779999732971191, 9.729999542236328, 9.760000228881836, 9.739999771118164, 9.84000015258789, 9.805000305175781, 9.800000190734863, 9.8100004196167, 9.84000015258789, 9.847999572753906, 9.84000015258789, 9.84000015258789]
assets:[0, 99.99988680410385, 200.959, 298.9492984807968, 397.4396353919983, 496.63223914546967, 595.5211395747185, 691.3919357528687, 792.1017, 891.2888730554581, 996.7795794000625, 1094.7448081095695, 1189.148002054596, 1292.8145103178024, 1390.1648433322905, 1504.4376233291625, 1599.0867142707825, 1698.2714330530168, 1800.0046039940835, 1905.5091415485383, 2007.057765725708, 2105.427440648651, 2205.427426199341]
shares:[0, 10.0959, 20.0959, 30.1969, 40.3492, 50.5221, 60.7179, 70.9848, 81.2412, 91.5081, 101.7122, 111.9371, 122.2146, 132.4605, 142.7274, 152.89, 163.0889, 173.293, 183.4867, 193.6493, 203.8036, 213.9662, 224.1288]
growth_rate:0.25
