ticker:ENNVU
price:[11.149999618530273, 11.100000381469727, 10.649999618530273, 10.3100004196167, 10.279999732971191, 10.0600004196167, 9.960000038146973, 9.989999771118164, 10.255000114440918, 10.1899995803833, 10.149999618530273, 10.069999694824219, 10.149999618530273, 10.069999694824219, 10.020000457763672, 10.0, 10.0, 10.03600025177002, 10.010000228881836, 10.0, 10.09000015258789, 10.09000015258789, 10.039999961853027, 10.092000007629395, 10.069999694824219, 10.069999694824219, 10.0, 10.005000114440918, 9.989999771118164, 10.024999618530273, 10.024999618530273]
assets:[0, 99.99990343666077, 195.94614798145295, 289.69039179039, 388.8471578994751, 480.5259800434112, 575.7497542051315, 677.4838224781035, 795.4547213768958, 890.4123533334732, 986.9169429084777, 1079.1384262962342, 1187.7113403619767, 1278.3502092590331, 1372.0025906799317, 1469.2640000000001, 1569.2640000000001, 1674.9131000180246, 1770.5738454847337, 1868.805, 1985.6242470279694, 2085.6242205402373, 2175.289483734989, 2286.5555429286005, 2381.5710398254396, 2481.571171794891, 2564.321, 2665.603165990162, 2761.606565728569, 2871.282195742416, 2971.2825694372177]
shares:[0, 9.009, 18.3987, 28.098, 37.8256, 47.766, 57.8062, 67.8162, 77.5675, 87.381, 97.2332, 107.1637, 117.0159, 126.9464, 136.9264, 146.9264, 156.9264, 166.8905, 176.8805, 186.8805, 196.7913, 206.7021, 216.6623, 226.5711, 236.5016, 246.4321, 256.4321, 266.4271, 276.4371, 286.4122, 296.3873]
growth_rate:-0.96
