ticker:ENOB
price:[3.7699999809265137, 3.819999933242798, 3.7899999618530273, 3.6500000953674316, 3.549999952316284, 3.5, 3.369999885559082, 3.359999895095825, 3.049999952316284, 3.049999952316284, 3.049999952316284, 3.200000047683716, 2.819999933242798, 2.9700000286102295, 3.0, 3.3299999237060547, 2.9200000762939453, 2.950000047683716, 3.180000066757202, 3.0899999141693115, 3.2799999713897705, 3.7899999618530273, 3.690000057220459, 4.050000190734863, 4.289999961853027, 3.5399999618530273, 3.7699999809265137, 3.8499999046325684, 3.9000000953674316, 4.0, 3.4200000762939453, 3.069999933242798, 3.109999895095825, 3.5199999809265137, 3.380000114440918, 3.630000114440918, 3.7799999713897705, 3.8299999237060547, 4.070000171661377, 4.21999979019165, 4.409999847412109, 5.800000190734863, 5.420000076293945, 4.940000057220459, 5.260000228881836, 4.570000171661377, 4.929999828338623, 4.980000019073486, 5.769999980926514, 6.110000133514404, 5.769999980926514, 6.909999847412109]
assets:[0, 99.99995825242996, 199.21452599487304, 291.8558326256275, 383.8597198439836, 478.45314999999994, 560.6820459599495, 659.0182834244729, 698.2160540840864, 798.2160975206851, 898.216140957284, 1042.3907355328322, 1018.6068178867579, 1172.787968297553, 1284.6342, 1525.9438270389558, 1438.0649975738525, 1552.8396101000549, 1773.908341239357, 1823.703426343131, 2035.840550242114, 2452.3888323163033, 2487.6821725762366, 2830.3831332969667, 3098.1092724514006, 2656.481815373802, 2929.078111180973, 3091.233453427792, 3231.379399017525, 3414.2352, 3019.171279352188, 2810.191671892333, 2946.806382600546, 3435.2922373855113, 3398.661433072758, 3750.0416772253993, 4005.001823686767, 4157.9781371726995, 4518.530470579147, 4785.060716098165, 5100.501747520447, 6808.143463887978, 6462.09265096283, 5989.80391538043, 6477.807579873085, 5728.056952161073, 6279.282114356947, 6442.966656676674, 7565.043512992764, 8110.817437235832, 7759.478664350033, 9392.547200592042]
shares:[0, 26.178, 52.5632, 79.9605, 108.1295, 136.7009, 166.3745, 196.1364, 228.9233, 261.7102, 294.4971, 325.7471, 361.2081, 394.8781, 428.2114, 458.2414, 492.488, 526.3863, 557.8328, 590.1953, 620.6831, 647.0683, 674.1686, 698.86, 722.17, 750.4186, 776.9438, 802.9178, 828.5588, 853.5588, 882.7986, 915.3719, 947.5262, 975.9353, 1005.5211, 1033.0693, 1059.5243, 1085.634, 1110.204, 1133.9007, 1156.5764, 1173.8178, 1192.268, 1212.5109, 1231.5223, 1253.4041, 1273.6881, 1293.7684, 1311.0994, 1327.466, 1344.797, 1359.2688]
growth_rate:84.17
