ticker:ENPH
price:[66.16000366210938, 65.0999984741211, 68.2699966430664, 73.62000274658203, 90.43000030517578, 109.18000030517578, 110.83999633789062, 103.33000183105469, 98.08999633789062, 122.52999877929688, 116.58999633789062, 129.58999633789062, 140.55999755859375, 130.4600067138672, 139.91000366210938, 164.41000366210938, 181.38999938964844, 175.47000122070312, 207.41000366210938, 190.58999633789062, 212.07000732421875, 182.35000610351562, 193.1999969482422, 206.50999450683594, 189.74000549316406, 176.05999755859375, 143.5500030517578, 164.7100067138672, 154.9499969482422, 152.07000732421875, 162.69000244140625, 151.35000610351562, 150.00999450683594, 166.97000122070312, 139.25, 122.95999908447266, 119.77999877929688, 142.27999877929688, 143.0500030517578, 134.6999969482422, 147.1300048828125, 165.85000610351562, 175.38999938964844, 186.41000366210938, 183.8000030517578, 163.4499969482422, 178.17999267578125, 189.60000610351562, 179.74000549316406, 175.0, 165.99000549316406, 174.99000549316406]
assets:[0, 100.00010765609741, 204.871432926178, 320.92431597290044, 494.1999516677856, 696.6666639472961, 807.2587773284912, 852.5655121078491, 909.3335020507812, 1235.8988326873778, 1275.9842379211427, 1518.2634380950926, 1746.7812576599122, 1721.2632365814209, 1945.9382859344482, 2386.6907001617433, 2733.1845108032226, 2743.9823320892333, 3343.4492590332034, 3172.313312045288, 3629.8326593627926, 3221.1399178161623, 3512.8009845123293, 3854.7981614624023, 3641.7558214324954, 3479.192035754394, 2936.7459624328612, 3469.632762428284, 3364.041908744812, 3401.5171308288573, 3739.071788110352, 3578.4438693084717, 3646.7579674606322, 4159.055760406494, 3568.5736749999996, 3251.1115597930907, 3267.0354007049564, 3980.724033847046, 4102.273547515869, 3962.820030218506, 4428.510155969238, 5091.976642391968, 5484.8837559127805, 5929.515806488037, 5946.499878733825, 5388.112804399109, 5973.68025244751, 6456.543807846069, 6220.783616117859, 6156.7275, 5939.736559565736, 6361.796647705079]
shares:[0, 1.5361, 3.0009, 4.3592, 5.465, 6.3809, 7.2831, 8.2509, 9.2704, 10.0865, 10.9442, 11.7159, 12.4273, 13.1938, 13.9085, 14.5167, 15.068, 15.6379, 16.12, 16.6447, 17.1162, 17.6646, 18.1822, 18.6664, 19.1934, 19.7614, 20.458, 21.0651, 21.7105, 22.3681, 22.9828, 23.6435, 24.3101, 24.909, 25.6271, 26.4404, 27.2753, 27.9781, 28.6772, 29.4196, 30.0993, 30.7023, 31.2725, 31.809, 32.3531, 32.9649, 33.5261, 34.0535, 34.6099, 35.1813, 35.7837, 36.3552]
growth_rate:24.74
