ticker:ENSC
price:[10.640000343322754, 10.470000267028809, 10.59000015258789, 10.449999809265137, 10.795000076293945, 10.491000175476074, 10.5, 10.75, 10.829999923706055, 10.5, 10.470000267028809, 10.5, 10.510000228881836, 10.899999618530273, 12.800000190734863, 11.25, 13.274999618530273, 12.4350004196167, 12.479999542236328, 12.470000267028809, 12.760000228881836, 12.4399995803833, 16.440000534057617, 15.960000038146973, 15.074999809265137, 14.09000015258789, 15.430000305175781, 14.119999885559082, 13.819999694824219, 13.380000114440918, 12.859999656677246, 12.904000282287598, 12.710000038146973, 12.720000267028809, 12.729999542236328, 12.899999618530273, 13.180000305175781, 13.489999771118164, 13.850000381469727, 11.010000228881836, 16.0, 13.039999961853027, 14.300000190734863, 14.489999771118164, 11.821000099182129, 9.75, 7.0, 5.650000095367432, 4.25, 3.2799999713897705, 3.259999990463257, 3.0999999046325684]
assets:[0, 100.00001955041886, 201.14646289825438, 298.4875245519638, 408.34138838596346, 496.8422282103538, 597.26835, 711.48875, 816.7834322460175, 891.8952, 989.3469702324867, 1092.18165, 1193.2213459854127, 1337.4986231912612, 1670.6406648944856, 1568.3366250000001, 1950.6377364465714, 1927.207452533245, 2034.1812693866727, 2132.550860665798, 2282.1451809358596, 2324.912765577793, 3172.472935058594, 3179.8464676003455, 3103.5203607330322, 3000.736060496521, 3386.1151099708554, 3198.6360500754354, 3230.676452659607, 3227.8179876079557, 3202.3713945064546, 3313.3278924822807, 3363.514673095035, 3466.160640764522, 3568.885923664856, 3716.5453600969317, 3897.215378237915, 4088.8796356248854, 4297.997213379478, 3516.675547106552, 5210.5184, 4346.5723312846185, 4866.563194910716, 5031.223516527557, 4204.492133177089, 3567.878925, 2661.554, 2248.2542529487137, 1791.164625, 1482.3576110699416, 1573.3187013974427, 1596.1006708980563]
shares:[0, 9.5511, 18.994, 28.5634, 37.8269, 47.3589, 56.8827, 66.185, 75.4186, 84.9424, 94.4935, 104.0173, 113.532, 122.7063, 130.5188, 139.4077, 146.9407, 154.9825, 162.9953, 171.0145, 178.8515, 186.8901, 192.9728, 199.2385, 205.872, 212.9692, 219.4501, 226.5323, 233.7682, 241.242, 249.018, 256.7675, 264.6353, 272.4969, 280.3524, 288.1043, 295.6916, 303.1045, 310.3247, 319.4074, 325.6574, 333.3261, 340.3191, 347.2204, 355.6799, 365.9363, 380.222, 397.9211, 421.4505, 451.9383, 482.6131, 514.8712]
growth_rate:-68.7
