ticker:ENSG
price:[55.900001525878906, 53.439998626708984, 55.61000061035156, 55.93000030517578, 56.38999938964844, 59.5, 58.02000045776367, 59.77000045776367, 58.84000015258789, 61.290000915527344, 67.7300033569336, 69.9000015258789, 71.55999755859375, 72.55000305175781, 72.22000122070312, 76.16999816894531, 72.81999969482422, 72.91999816894531, 83.93000030517578, 84.69999694824219, 85.18000030517578, 78.27999877929688, 83.81999969482422, 86.6500015258789, 83.63999938964844, 82.0199966430664, 80.8499984741211, 90.01000213623047, 89.73999786376953, 96.12999725341797, 93.75, 93.44000244140625, 92.06999969482422, 88.37999725341797, 85.8499984741211, 86.33999633789062, 83.95999908447266, 82.66999816894531, 83.19999694824219, 82.62999725341797, 84.33000183105469, 83.37999725341797, 87.55000305175781, 88.62999725341797, 87.5199966430664, 86.94999694824219, 86.2699966430664, 85.06999969482422, 84.91000366210938, 83.58999633789062, 81.58999633789062, 82.30999755859375]
assets:[0, 100.00226943016052, 204.06089723968506, 305.2323836654663, 407.74480758666994, 530.23425, 617.0427048683166, 735.6551426342011, 824.2071861373902, 958.5265823181153, 1159.2464184562684, 1296.3863982994078, 1427.171123309326, 1546.918420069885, 1639.8851237182619, 1829.5805050186157, 1849.110970250702, 1951.652706993103, 2346.330302531433, 2467.8529910827633, 2581.83988125, 2472.700773440552, 2747.6950279960633, 2940.467801780701, 2938.3233625579833, 2981.4104739761356, 3038.8846376472475, 3483.1800596672056, 3572.7287949523925, 3927.1314867958067, 3929.9062499999995, 4016.910952954101, 4058.012857549286, 3995.3768598358156, 3981.001789242554, 4103.722757940674, 4090.598323394775, 4127.746076574707, 4254.207203956604, 4325.06063123703, 4514.041637013244, 4563.187137686157, 4891.401160501098, 5051.7414464500425, 5088.473868825531, 5155.334879058838, 5215.021297073365, 5242.48126619339, 5332.619941992187, 5349.717970626831, 5321.715670138549, 5468.676237792969]
shares:[0, 1.8713, 3.6695, 5.4574, 7.2308, 8.9115, 10.635, 12.3081, 14.0076, 15.6392, 17.1157, 18.5463, 19.9437, 21.3221, 22.7068, 24.0197, 25.3929, 26.7643, 27.9558, 29.1364, 30.3104, 31.5879, 32.7809, 33.935, 35.1306, 36.3498, 37.5867, 38.6977, 39.812, 40.8523, 41.919, 42.9892, 44.0753, 45.2068, 46.3716, 47.5298, 48.7208, 49.9304, 51.1323, 52.3425, 53.5283, 54.7276, 55.8698, 56.9981, 58.1407, 59.2908, 60.45, 61.6255, 62.8032, 63.9995, 65.2251, 66.44]
growth_rate:7.23
