ticker:ENTA
price:[48.66999816894531, 46.380001068115234, 46.15999984741211, 43.689998626708984, 45.40999984741211, 46.15999984741211, 44.72999954223633, 43.849998474121094, 43.630001068115234, 44.279998779296875, 45.119998931884766, 43.56999969482422, 42.900001525878906, 42.66999816894531, 41.439998626708984, 44.06999969482422, 42.900001525878906, 42.099998474121094, 45.61000061035156, 46.720001220703125, 47.66999816894531, 48.060001373291016, 53.09000015258789, 51.31999969482422, 52.369998931884766, 49.31999969482422, 51.439998626708984, 52.189998626708984, 52.02000045776367, 50.09000015258789, 50.79999923706055, 48.75, 50.68000030517578, 50.27000045776367, 50.7400016784668, 48.5, 51.56999969482422, 49.56999969482422, 48.65999984741211, 47.619998931884766, 47.13999938964844, 45.7400016784668, 48.40999984741211, 44.20000076293945, 43.470001220703125, 41.810001373291016, 42.0, 42.25, 44.849998474121094, 47.150001525878906, 51.31999969482422, 56.099998474121094]
assets:[0, 99.99992030296325, 199.52659934043882, 288.8520569206238, 400.2255746551513, 506.836798324585, 591.1337819503784, 679.5039613548279, 776.0948219997406, 887.6589955291748, 1004.4975122207641, 1069.9920525054931, 1153.5381410293578, 1247.3549884735107, 1311.3977645412447, 1494.6252256500245, 1554.9448753067018, 1625.948251068878, 1861.5083209106447, 2006.8109324340821, 2147.6192235076905, 2265.188014726639, 2602.2647564792633, 2615.508388446808, 2769.0217975242617, 2707.7567592453, 2924.1478739341733, 3066.7834803028104, 3156.792111779022, 3139.6712635643003, 3284.1742306766514, 3251.6445, 3480.378068957519, 3552.2240153469083, 3685.434059913254, 3622.7365999999997, 3952.051455612945, 3898.7796159973145, 3927.2074736850736, 3943.274013552475, 4003.524724163818, 3984.6265242191316, 4317.223150392151, 4041.77182976532, 4075.017018432617, 4019.404482021332, 4137.6720000000005, 4262.302525, 4624.599952662658, 4961.759685573578, 5500.585339290619, 6112.913893733215]
shares:[0, 2.1561, 4.3225, 6.6114, 8.8136, 10.98, 13.2156, 15.4961, 17.7881, 20.0465, 22.2628, 24.558, 26.889, 29.2326, 31.6457, 33.9148, 36.2458, 38.6211, 40.8136, 42.954, 45.0518, 47.1325, 49.0161, 50.9647, 52.8742, 54.9018, 56.8458, 58.7619, 60.6842, 62.6806, 64.6491, 66.7004, 68.6736, 70.6629, 72.6337, 74.6956, 76.6347, 78.652, 80.7071, 82.8071, 84.9284, 87.1147, 89.1804, 91.4428, 93.7432, 96.135, 98.516, 100.8829, 103.1126, 105.2335, 107.1821, 108.9646]
growth_rate:19.86
