ticker:ENTG
price:[66.54000091552734, 65.38999938964844, 66.55999755859375, 69.22000122070312, 75.91999816894531, 82.75, 81.41000366210938, 78.3499984741211, 74.7699966430664, 87.37000274658203, 85.31999969482422, 89.22000122070312, 90.27999877929688, 96.22000122070312, 94.19000244140625, 95.77999877929688, 96.26000213623047, 96.0999984741211, 99.52999877929688, 107.56999969482422, 112.33000183105469, 98.38999938964844, 94.37000274658203, 103.27999877929688, 105.56999969482422, 105.20999908447266, 100.31999969482422, 102.58000183105469, 102.87000274658203, 110.02999877929688, 120.08999633789062, 121.44999694824219, 117.37999725341797, 113.1500015258789, 112.58000183105469, 114.70999908447266, 109.44999694824219, 109.80999755859375, 114.44999694824219, 116.22000122070312, 116.41000366210938, 117.23999786376953, 117.75, 118.58000183105469, 118.0, 112.26000213623047, 119.70999908447266, 120.63999938964844, 121.58000183105469, 116.1500015258789, 112.58000183105469, 120.06999969482422]
assets:[0, 100.00092606658936, 201.78994459838867, 309.85641346435546, 439.8501013916015, 579.4237750000001, 670.0450351409911, 744.8577654937744, 810.8207975967408, 1047.4614889282227, 1122.887983983612, 1274.213291433716, 1389.3550132141113, 1580.7695340545654, 1647.420818701172, 1775.234387374878, 1884.1355258132935, 1981.0053685455323, 2151.709184609985, 2425.5206241188052, 2632.8467479171754, 2406.1175960739133, 2407.812872077942, 2735.143551672363, 2895.785091629028, 2985.9123790168765, 2947.1307270347597, 3113.518473576355, 3222.320540034485, 3546.596950653076, 3970.85979190979, 4115.831091578674, 4077.8984845809937, 4030.946174359131, 4110.644864857483, 4288.421844773102, 4191.781653121949, 4305.57313727417, 4587.4992276763915, 4758.441997979736, 4866.217537084961, 5000.919004878235, 5122.678425, 5258.785921203613, 5333.069, 5173.648136450958, 5616.996664041901, 5760.632354855346, 5905.517586940002, 5741.770790430451, 5665.295884143066, 6142.204848388672]
shares:[0, 1.5293, 3.0317, 4.4764, 5.7936, 7.0021, 8.2305, 9.5068, 10.8442, 11.9888, 13.1609, 14.2817, 15.3894, 16.4287, 17.4904, 18.5345, 19.5734, 20.614, 21.6187, 22.5483, 23.4385, 24.4549, 25.5146, 26.4828, 27.43, 28.3805, 29.3773, 30.3521, 31.3242, 32.233, 33.0657, 33.8891, 34.741, 35.6248, 36.5131, 37.3849, 38.2986, 39.2093, 40.083, 40.9434, 41.8024, 42.6554, 43.5047, 44.348, 45.1955, 46.0863, 46.9217, 47.7506, 48.5731, 49.4341, 50.3224, 51.1552]
growth_rate:20.44
