ticker:ENTX
price:[1.0700000524520874, 1.0700000524520874, 1.25, 1.2799999713897705, 1.2400000095367432, 1.1699999570846558, 1.1100000143051147, 1.100000023841858, 1.0399999618530273, 1.125, 1.0449999570846558, 1.0700000524520874, 1.059999942779541, 1.1200000047683716, 1.100000023841858, 1.059999942779541, 1.0700000524520874, 1.0800000429153442, 1.2000000476837158, 1.2899999618530273, 1.690000057220459, 1.4600000381469727, 1.6399999856948853, 1.8300000429153442, 1.8899999856948853, 1.659999966621399, 1.409999966621399, 6.900000095367432, 4.570000171661377, 3.5799999237060547, 3.9000000953674316, 3.5, 3.0, 3.3499999046325684, 3.3499999046325684, 3.180000066757202, 2.930000066757202, 3.200000047683716, 3.2300000190734863, 3.5299999713897705, 3.799999952316284, 4.420000076293945, 5.96999979019165, 6.199999809265137, 5.900000095367432, 5.230000019073486, 5.309999942779541, 5.139999866485596, 4.980000019073486, 5.400000095367432, 4.590000152587891, 4.840000152587891]
assets:[0, 99.99995790206194, 216.822375, 322.0261048021555, 411.962847168374, 488.70687607433797, 563.6450202639699, 658.5671542740583, 722.6452214935302, 881.7076125, 919.0083877587914, 1040.9942770302057, 1131.2652229325292, 1295.2991575147032, 1372.1688497409584, 1422.271671223545, 1535.689434280479, 1650.0416695667625, 1933.3795968255997, 2178.3829455823898, 2953.8507140122415, 2651.847271287632, 3078.787225144875, 3535.476085910475, 3751.3933096062897, 3394.8745637372494, 2983.598281369972, 14700.58820318222, 9836.476595484257, 7805.598417653657, 8603.305830378247, 7820.9151999999995, 6803.641500000001, 7697.399300871278, 7797.399143024492, 7501.710469482136, 7011.953392760539, 7758.106035604787, 7930.838363832427, 8767.448573940874, 9538.046620313286, 11194.254407224846, 15219.8404521173, 15906.199330666635, 15236.545516283082, 13606.29378362131, 13914.420492058469, 13568.949437538862, 13246.569974734592, 14463.750675439023, 12394.188304026795, 13169.253215179444]
shares:[0, 93.4579, 173.4579, 251.5829, 332.2281, 417.6982, 507.7883, 598.6974, 694.8512, 783.7401, 879.4339, 972.8918, 1067.2314, 1156.5171, 1247.4262, 1341.7658, 1435.2237, 1527.8163, 1611.1496, 1688.669, 1747.8406, 1816.3337, 1877.3093, 1931.9541, 1984.8642, 2045.1052, 2116.0272, 2130.52, 2152.4018, 2180.3348, 2205.9758, 2234.5472, 2267.8805, 2297.7312, 2327.5819, 2359.0284, 2393.1581, 2424.4081, 2455.3679, 2483.6965, 2510.0123, 2532.6367, 2549.3871, 2565.5161, 2582.4653, 2601.5858, 2620.4182, 2639.8735, 2659.9538, 2678.4723, 2700.2588, 2720.92]
growth_rate:158.22
