ticker:ENVB
price:[4.484000205993652, 4.519999980926514, 4.559999942779541, 4.28000020980835, 5.239999771118164, 5.400000095367432, 5.920000076293945, 5.639999866485596, 4.679999828338623, 5.159999847412109, 5.400000095367432, 5.039999961853027, 5.800000190734863, 6.28000020980835, 6.360000133514404, 7.159999847412109, 6.760000228881836, 1.4800000190734863, 4.539999961853027, 3.9600000381469727, 3.940000057220459, 3.700000047683716, 4.269999980926514, 4.619999885559082, 4.369999885559082, 3.4200000762939453, 2.7799999713897705, 3.700000047683716, 3.6700000762939453, 3.140000104904175, 3.130000114440918, 2.7899999618530273, 2.380000114440918, 2.3399999141693115, 2.380000114440918, 2.2899999618530273, 1.909999966621399, 2.7200000286102295, 2.2300000190734863, 2.359999895095825, 2.380000114440918, 2.1500000953674316, 2.1700000762939453, 2.190000057220459, 2.3299999237060547, 1.9800000190734863, 1.9199999570846558, 1.909999966621399, 1.9199999570846558, 1.7200000286102295, 1.6799999475479126, 1.809999942779541]
assets:[0, 100.0000275780201, 200.88486947922706, 288.5499101449013, 453.27150820121767, 567.1117900155544, 721.7226013011932, 787.5870653556348, 753.5295803606988, 930.8144364746094, 1074.1080789694308, 1102.5009996553422, 1368.7513250118257, 1582.0275088539124, 1702.180895733595, 2016.2917570304871, 2003.6498718400956, 538.668946942091, 1752.4032112755774, 1628.5278396877288, 1720.3029189838885, 1715.512792108655, 2079.7944417098524, 2350.2692477820397, 2323.0901911632536, 1918.0707907886504, 1659.133450925112, 2308.199149746895, 2389.484201673889, 2144.4087496424913, 2237.5794898117065, 2094.5196523621557, 1886.7229567219733, 1955.0130662905453, 2088.4322504210472, 2109.457738860512, 1859.416673505378, 2747.96516490438, 2352.9272091248986, 2590.093276867962, 2712.043450407028, 2549.955153108215, 2673.6755390024186, 2798.31768711462, 3077.2055022394184, 2714.9645421534537, 2732.692738919556, 2818.459935745418, 2933.2161904375075, 2727.6728813717127, 2764.2384816963795, 3078.1378496892453]
shares:[0, 22.1239, 44.0537, 67.4182, 86.5022, 105.0207, 121.9126, 139.6431, 161.0106, 180.3904, 198.9089, 218.7502, 235.9916, 251.9152, 267.6385, 281.605, 296.3979, 363.9655, 385.9919, 411.2444, 436.6251, 463.6521, 487.0713, 508.7163, 531.5996, 560.8394, 596.8106, 623.8376, 651.0856, 682.9327, 714.8816, 750.7239, 792.7407, 835.4757, 877.4925, 921.1606, 973.5166, 1010.2813, 1055.1243, 1097.4972, 1139.514, 1186.0256, 1232.1085, 1277.7706, 1320.6891, 1371.1942, 1423.2775, 1475.6335, 1527.7168, 1585.8563, 1645.3801, 1700.6287]
growth_rate:-39.64
