ticker:ENVIU
price:[10.510000228881836, 10.800000190734863, 10.739999771118164, 10.829999923706055, 10.75, 11.050000190734863, 10.720000267028809, 10.25, 10.390000343322754, 10.420000076293945, 10.199999809265137, 10.229999542236328, 10.210000038146973, 10.1899995803833, 10.0600004196167, 10.149999618530273, 10.100000381469727, 10.039999961853027, 10.0649995803833, 10.119999885559082, 10.199999809265137, 10.289999961853027, 10.279999732971191, 10.300000190734863, 10.380000114440918, 10.199999809265137, 10.180000305175781, 10.149999618530273, 10.100000381469727, 10.0600004196167, 10.380000114440918, 10.390000343322754, 10.399999618530273, 10.199999809265137]
assets:[0, 100.00044176607132, 199.44501774959565, 301.1162348787308, 398.89165, 510.0238088035583, 594.7927828159333, 668.715125, 777.8484147028922, 880.0940464439392, 961.5121620202065, 1064.340405373764, 1162.259438342476, 1259.9822391148566, 1343.9084140563011, 1455.9311702814102, 1548.7593084955215, 1639.5591017704962, 1743.6414038064004, 1853.1693190436363, 1967.8186432027815, 2085.1820562698367, 2183.1553192913057, 2287.402412357998, 2405.168510517311, 2463.460093934536, 2558.6300787025452, 2651.0895653635025, 2738.030313413429, 2827.1870679259305, 3017.11726526413, 3120.023593096733, 3223.0264417800904, 3261.0449990201]
shares:[0, 9.2593, 18.5703, 27.8039, 37.1062, 46.156, 55.4844, 65.2405, 74.8651, 84.462, 94.2659, 104.0411, 113.8354, 123.6489, 133.5893, 143.4415, 153.3425, 163.3027, 173.2381, 183.1195, 192.9234, 202.6416, 212.3692, 222.0779, 231.7118, 241.5157, 251.3389, 261.1911, 271.0921, 281.0325, 290.6664, 300.291, 309.9064, 319.7103]
growth_rate:-1.18
