ticker:ENVI
price:[9.829999923706055, 9.880000114440918, 9.75, 9.789999961853027, 9.800000190734863, 9.819999694824219, 9.699999809265137, 9.789999961853027, 9.75, 9.670000076293945, 9.720000267028809, 9.720000267028809, 9.739999771118164, 9.769000053405762, 9.770000457763672, 9.789999961853027, 9.84000015258789, 9.734999656677246, 9.710000038146973, 9.720000267028809, 9.6899995803833, 9.699999809265137, 9.845000267028809, 9.84000015258789, 9.829999923706055, 9.819999694824219, 9.819999694824219]
assets:[0, 100.00042115831374, 198.684525, 299.49959483299256, 399.8057077813149, 500.6216204421997, 594.5042583100319, 700.0202412723542, 797.1600000000001, 890.6195780267715, 995.2249953409195, 1095.2253300881384, 1197.4784278602601, 1301.0442192126275, 1401.1773166507721, 1504.04552613945, 1611.7270809928893, 1694.5285562393187, 1790.1773600329398, 1892.0213799777985, 1986.1815009902, 2088.2314789382935, 2219.4470151987075, 2318.319779949951, 2415.9633162488935, 2513.5055178878783, 2613.505520780182]
shares:[0, 10.1215, 20.3779, 30.5924, 40.7965, 50.9798, 61.2891, 71.5036, 81.76, 92.1013, 102.3894, 112.6775, 122.9444, 133.1809, 143.4163, 153.6308, 163.7934, 174.0656, 184.3643, 194.6524, 204.9723, 215.2816, 225.439, 235.6016, 245.7745, 255.9578, 266.1411]
growth_rate:0.52
