ticker:ENVXW
price:[3.5999999046325684, 4.25, 4.440000057220459, 4.0, 4.5, 6.579999923706055, 6.0, 6.860000133514404, 4.849999904632568, 6.880000114440918, 6.119999885559082, 4.320000171661377, 4.880000114440918, 5.300000190734863, 4.400000095367432, 4.079999923706055, 4.429999828338623, 4.25, 3.4000000953674316, 3.609999895095825, 4.71999979019165, 5.070000171661377, 8.210000038146973, 8.0, 7.639999866485596, 11.199999809265137, 10.600000381469727, 8.09000015258789, 7.289999961853027, 6.900000095367432, 4.949999809265137, 5.730000019073486, 4.949999809265137, 5.409999847412109, 5.360000133514404, 5.360000133514404]
assets:[0, 99.99995, 204.47043863511087, 284.2076, 419.73345, 713.743777724266, 750.8304, 958.4497206540584, 777.6213397093296, 1203.1001160121918, 1170.199670117855, 926.0231407968521, 1146.0631468763352, 1344.6996183926583, 1216.3545063637735, 1227.892297039032, 1433.2263264628411, 1474.9914, 1279.9932759028434, 1459.0514916009427, 2007.6792867568015, 2256.554155402994, 3754.104617443085, 3758.08, 3688.9662955327035, 5507.909026200867, 5312.843151197052, 4154.801603364945, 3843.9433508854863, 3738.3006816684247, 2781.824157809925, 3320.172302051878, 2968.2114506279945, 3344.0453356819157, 3413.1392770192624, 3513.139191510201]
shares:[0, 23.5294, 46.0519, 71.0519, 93.2741, 108.4717, 125.1384, 139.7157, 160.3343, 174.8692, 191.2091, 214.3572, 234.849, 253.7169, 276.4442, 300.954, 323.5274, 347.0568, 376.4686, 404.1694, 425.3558, 445.0797, 457.26, 469.76, 482.849, 491.7776, 501.2116, 513.5725, 527.2899, 541.7827, 561.9847, 579.4367, 599.6387, 618.123, 636.7797, 655.4364]
growth_rate:0.38
