ticker:ENZL
price:[59.38999938964844, 58.25, 58.529998779296875, 57.66999816894531, 58.36000061035156, 61.369998931884766, 61.400001525878906, 62.09000015258789, 59.369998931884766, 62.72999954223633, 65.01000213623047, 64.61000061035156, 66.08999633789062, 66.05000305175781, 67.79000091552734, 65.48999786376953, 67.19000244140625, 68.06999969482422, 70.05000305175781, 66.44999694824219, 68.8499984741211, 67.69999694824219, 67.77999877929688, 65.62000274658203, 64.98999786376953, 62.529998779296875, 62.849998474121094, 63.79999923706055, 64.12000274658203, 61.880001068115234, 62.349998474121094, 63.09000015258789, 64.48999786376953, 64.54000091552734, 64.56999969482422, 65.69000244140625, 62.93000030517578, 62.650001525878906, 61.630001068115234, 62.63999938964844, 62.060001373291016, 59.90999984741211, 61.720001220703125, 61.63999938964844, 61.97999954223633, 61.439998626708984, 61.86000061035156, 60.439998626708984, 61.810001373291016, 61.619998931884766, 61.220001220703125, 62.84000015258789]
assets:[0, 99.99777499999999, 200.47695181884765, 297.53105455322265, 401.0907761947632, 521.7800049186707, 622.0372754585267, 729.0297367916107, 797.0956686595918, 942.2045931243896, 1076.4486173721314, 1169.8222100509643, 1296.6196381530763, 1395.8347144927977, 1532.6031196983338, 1580.6076474418642, 1721.6363085571288, 1844.1864667320253, 1997.8330920364378, 1995.1611583709716, 2167.218941969299, 2231.0195494308473, 2333.658579971314, 2359.288454750061, 2436.6374949073793, 2444.40395328064, 2556.9139179229737, 2695.5627277656554, 2809.0844963272098, 2810.9485525199893, 2932.2954882385256, 3067.0951214179995, 3235.1536408355714, 3337.66033134613, 3439.211264745331, 3598.8661977539064, 3547.659888204193, 3631.8769734565735, 3672.7474686527253, 3832.935298652649, 3897.4425582443237, 3862.4216541625974, 4079.111912677002, 4173.823114671326, 4296.844042264938, 4359.407518559647, 4489.211174293518, 4486.158898067474, 4687.8497531543735, 4773.436351257706, 4842.45312055664, 5070.5910323123935]
shares:[0, 1.7167, 3.4252, 5.1592, 6.8727, 8.5022, 10.1309, 11.7415, 13.4259, 15.02, 16.5582, 18.1059, 19.619, 21.133, 22.6081, 24.1351, 25.6234, 27.0925, 28.5201, 30.025, 31.4774, 32.9545, 34.4299, 35.9538, 37.4925, 39.0917, 40.6828, 42.2502, 43.8098, 45.4258, 47.0296, 48.6146, 50.1652, 51.7146, 53.2633, 54.7856, 56.3747, 57.9709, 59.5935, 61.1899, 62.8012, 64.4704, 66.0906, 67.7129, 69.3263, 70.9539, 72.5705, 74.225, 75.8429, 77.4657, 79.0992, 80.6905]
growth_rate:-0.58
