ticker:EOLS
price:[3.869999885559082, 3.5299999713897705, 3.869999885559082, 3.859999895095825, 4.179999828338623, 4.539999961853027, 4.179999828338623, 3.509999990463257, 3.0299999713897705, 3.180000066757202, 3.5199999809265137, 4.0, 3.8299999237060547, 3.809999942779541, 3.940000057220459, 4.46999979019165, 3.549999952316284, 3.359999895095825, 4.239999771118164, 5.829999923706055, 6.619999885559082, 6.760000228881836, 6.989999771118164, 7.679999828338623, 12.289999961853027, 12.109999656677246, 11.579999923706055, 13.350000381469727, 13.880000114440918, 11.770000457763672, 12.59000015258789, 13.579999923706055, 10.970000267028809, 9.170000076293945, 9.109999656677246, 9.140000343322754, 9.0600004196167, 9.4399995803833, 10.819999694824219, 10.920000076293945, 12.329999923706055, 12.770000457763672, 13.350000381469727, 12.789999961853027, 12.789999961853027, 11.100000381469727, 10.899999618530273, 10.819999694824219, 11.5600004196167, 10.600000381469727, 10.84000015258789, 10.729999542236328]
assets:[0, 99.99995718951226, 209.63170180091856, 309.0898775997877, 434.7137121474743, 572.1530411925316, 626.7838682596683, 626.3184312982797, 640.6680419506073, 772.38417421453, 954.9661388254165, 1185.1888, 1234.8184024023055, 1328.3701960498809, 1473.6951634024142, 1771.9333958307743, 1507.2401647547006, 1526.5709283381939, 2026.3870506124495, 2886.2825482288363, 3377.390879614544, 3548.8162481567383, 3769.5600865688325, 4241.662369191456, 6887.7645636210445, 6886.885355754376, 6685.477881953239, 7807.35122809124, 8217.305679751873, 7068.133621896744, 7660.560593844222, 8362.940119016075, 6855.6303618779175, 5830.731710511399, 5892.580082930089, 6011.985121826172, 6059.363614641285, 6413.508338913632, 7451.075933843994, 7619.940017237663, 8703.83325614357, 9114.433309723281, 9628.400750126839, 9324.51238118906, 9424.512274890803, 8279.209454528618, 8230.033811971663, 8269.629468756866, 8935.205220339203, 8293.181658452606, 8580.95170878868, 8593.875525367737]
shares:[0, 28.3286, 54.1684, 80.0751, 103.9985, 126.0249, 149.9483, 178.4383, 211.4416, 242.8881, 271.2972, 296.2972, 322.4069, 348.6536, 374.0343, 396.4057, 424.5747, 454.3366, 477.9215, 495.0742, 510.1799, 524.9728, 539.279, 552.2998, 560.4365, 568.6941, 577.3297, 584.8203, 592.0249, 600.5211, 608.4639, 615.8277, 624.9435, 635.8486, 646.8255, 657.7664, 668.8039, 679.3971, 688.6392, 697.7967, 705.907, 713.7379, 721.2285, 729.0471, 736.8657, 745.8747, 755.049, 764.2911, 772.9416, 782.3756, 791.6007, 800.9204]
growth_rate:68.51
