ticker:EOSEW
price:[4.0, 4.25, 3.759999990463257, 3.5199999809265137, 3.565000057220459, 6.684999942779541, 8.3100004196167, 12.989999771118164, 9.859999656677246, 10.210000038146973, 9.619999885559082, 11.260000228881836, 12.09000015258789, 11.0, 8.34000015258789, 6.010000228881836, 7.400000095367432, 9.529999732971191, 7.789999961853027, 7.960000038146973, 7.460000038146973, 5.800000190734863, 4.949999809265137, 4.960000038146973, 3.859999895095825, 4.25, 5.949999809265137, 8.6899995803833, 8.600000381469727, 8.895000457763672, 8.460000038146973, 7.449999809265137, 7.070000171661377, 7.400000095367432, 7.550000190734863, 7.28000020980835, 6.449999809265137, 5.900000095367432, 5.204999923706055, 4.289999961853027, 5.150000095367432, 5.150000095367432]
assets:[0, 99.99995, 188.4703755219698, 276.440382502079, 379.9744615988254, 812.5189590452194, 1110.0274190512657, 1835.168712664604, 1492.9764980149268, 1645.9724841497423, 1650.8573963611602, 2032.2926693103789, 2282.097547802353, 2176.35, 1750.068968019104, 1361.140644836998, 1775.9467428874968, 2387.131513113022, 2051.2861599550247, 2196.0509785242084, 2158.1078870355605, 1777.885658466339, 1617.333237680435, 1720.6007012330056, 1439.015680891514, 1684.40845, 2458.171616200161, 3690.170085811615, 3751.952266425133, 3980.653245856476, 3885.9834235222816, 3522.0537148283956, 3442.405707582474, 3703.0836277234553, 3878.1459329731942, 3839.4575506525043, 3501.71715144968, 3303.1215433915613, 3014.024952820969, 2584.1818630212783, 3202.223194298601, 3302.223321150398]
shares:[0, 23.5294, 50.1251, 78.5342, 106.5847, 121.5436, 133.5773, 141.2755, 151.4175, 161.2118, 171.6068, 180.4878, 188.7591, 197.85, 209.8404, 226.4793, 239.9928, 250.486, 263.323, 275.8858, 289.2906, 306.532, 326.734, 346.8953, 372.802, 396.3314, 413.1381, 424.6456, 436.2735, 447.5158, 459.3361, 472.7589, 486.9032, 500.4167, 513.6617, 527.398, 542.9019, 559.8511, 579.0634, 602.3734, 621.7909, 641.2084]
growth_rate:-19.46
