ticker:EOSE
price:[10.25, 10.819999694824219, 14.069999694824219, 14.989999771118164, 14.5600004196167, 14.649999618530273, 14.5600004196167, 19.229999542236328, 20.84000015258789, 28.829999923706055, 23.030000686645508, 23.479999542236328, 22.350000381469727, 25.09000015258789, 25.489999771118164, 23.56999969482422, 21.260000228881836, 17.6200008392334, 18.979999542236328, 21.90999984741211, 18.0, 18.139999389648438, 17.149999618530273, 14.34000015258789, 13.710000038146973, 13.149999618530273, 11.460000038146973, 11.914999961853027, 15.170000076293945, 20.280000686645508, 20.0, 19.8799991607666, 19.389999389648438, 18.020000457763672, 17.6200008392334, 17.940000534057617, 17.15999984741211, 16.649999618530273, 15.520000457763672, 15.050000190734863, 14.09000015258789, 11.529999732971191, 13.899999618530273, 12.890000343322754]
assets:[0, 99.99951917953491, 230.03605301055907, 345.07728973102564, 435.1780285417557, 537.8674109945298, 634.5626742879867, 938.0932216690064, 1116.6343001758576, 1644.748612647438, 1413.8601051546098, 1541.485449947357, 1567.300481750679, 1859.4450013084413, 1989.0891911394117, 1939.264150891113, 1849.2054499082567, 1632.5970357599258, 1858.6088631736754, 2245.5274013614653, 1944.7974000000002, 2059.923910690308, 2047.5024394571305, 1812.0224952812196, 1832.4141680985451, 1857.5676311136244, 1718.8384197215078, 1887.0822044583322, 2502.6055315862654, 3445.606592662239, 3498.034, 3577.04602099514, 3588.879475030518, 3435.3076592674256, 3459.052844753265, 3621.8726218198776, 3564.3996643051146, 3558.4645584716795, 3416.9593487834927, 3413.48151326046, 3295.7440296913146, 2796.9427232242583, 3471.855724718857, 3319.5849904165266]
shares:[0, 9.2421, 16.3494, 23.0205, 29.8886, 36.7145, 43.5826, 48.7828, 53.5813, 57.0499, 61.3921, 65.651, 70.1253, 74.111, 78.0341, 82.2768, 86.9805, 92.6559, 97.9246, 102.4887, 108.0443, 113.557, 119.3879, 126.3614, 133.6553, 141.2599, 149.9859, 158.3787, 164.9707, 169.9017, 174.9017, 179.9319, 185.0892, 190.6386, 196.314, 201.8881, 207.7156, 213.7216, 220.1649, 226.8094, 233.9066, 242.5796, 249.7738, 257.5318]
growth_rate:-22.8
