ticker:EPAY
price:[45.95000076293945, 41.5099983215332, 42.88999938964844, 41.970001220703125, 42.279998779296875, 44.86000061035156, 42.91999816894531, 42.619998931884766, 39.720001220703125, 42.369998931884766, 43.79999923706055, 44.630001068115234, 46.59000015258789, 49.5, 49.27000045776367, 49.16999816894531, 50.77000045776367, 52.7400016784668, 53.86000061035156, 52.59000015258789, 51.689998626708984, 47.779998779296875, 47.36000061035156, 45.7400016784668, 48.38999938964844, 44.880001068115234, 45.599998474121094, 48.15999984741211, 46.279998779296875, 46.66999816894531, 46.119998931884766, 46.060001373291016, 48.33000183105469, 49.099998474121094, 48.560001373291016, 38.68000030517578, 38.5099983215332, 37.83000183105469, 37.380001068115234, 36.77000045776367, 37.65999984741211, 37.15999984741211, 38.959999084472656, 37.380001068115234, 37.779998779296875, 38.040000915527344, 39.5, 40.36000061035156, 41.68000030517578, 39.59000015258789, 41.599998474121094, 43.709999084472656]
assets:[0, 100.00173695640564, 203.32433110656737, 298.9649096954346, 401.1737684173584, 525.6560291519165, 602.9229662780762, 698.7080004894256, 751.1648030853272, 901.2819062793732, 1031.7002220291138, 1151.2487295524597, 1301.8084662635804, 1483.119, 1576.2261466445923, 1673.0288556976318, 1827.4712434772491, 1998.381951599121, 2140.821918260193, 2190.3419523551943, 2252.8569001464843, 2182.4422262420658, 2263.258653167725, 2285.8428618808744, 2518.2736362365727, 2435.610729965973, 2574.685353845215, 2819.2285990676883, 2809.1774139038084, 2932.8500259323123, 2998.2888025611874, 3094.3891942600253, 3346.891290802002, 3500.216141223907, 3561.7207087265015, 2937.053651172638, 3024.143956192017, 3070.7444746307374, 3134.215901558685, 3183.0686296272274, 3360.1118043857578, 3415.501929975128, 3680.944609500885, 3631.6652177730557, 3770.5269941711426, 3896.4753337783814, 4146.0226999999995, 4336.290573576354, 4578.1103935203555, 4448.546203145599, 4774.398544876099, 5116.561362831116]
shares:[0, 2.4091, 4.7406, 7.1233, 9.4885, 11.7177, 14.0476, 16.3939, 18.9115, 21.2717, 23.5548, 25.7954, 27.9418, 29.962, 31.9916, 34.0254, 35.9951, 37.8912, 39.7479, 41.6494, 43.584, 45.6769, 47.7884, 49.9747, 52.0412, 54.2694, 56.4624, 58.5388, 60.6996, 62.8423, 65.0106, 67.1817, 69.2508, 71.2875, 73.3468, 75.9321, 78.5288, 81.1722, 83.8474, 86.567, 89.2223, 91.9134, 94.4801, 97.1553, 99.8022, 102.431, 104.9626, 107.4403, 109.8395, 112.3654, 114.7692, 117.057]
growth_rate:0.32
