ticker:EPHYU
price:[10.539999961853027, 10.869999885559082, 10.970000267028809, 10.670000076293945, 10.800000190734863, 10.75, 10.720000267028809, 10.380000114440918, 10.199999809265137, 10.199999809265137, 10.100000381469727, 10.020000457763672, 10.079999923706055, 10.098999977111816, 10.116999626159668, 9.989999771118164, 10.050000190734863, 10.029999732971191, 10.029999732971191, 10.050000190734863, 9.998000144958496, 9.989999771118164, 10.095000267028809, 10.010000228881836, 10.050000190734863, 10.069999694824219, 10.027999877929688, 10.149999618530273, 10.130000114440918, 10.050999641418457, 10.010000228881836, 10.024999618530273, 9.9399995803833, 9.890000343322754, 9.920000076293945]
assets:[0, 99.99965094718934, 200.91994289073943, 295.4256271123886, 399.02544704704286, 497.177825, 595.7908148407936, 676.8943394628525, 765.1560456919669, 865.1558238220215, 956.6740561328888, 1049.0960519279479, 1155.377655255127, 1257.5557543498994, 1359.7975921531677, 1442.7277949455263, 1551.392399443245, 1648.3050811171531, 1748.3051814548494, 1851.7909251443864, 1942.2095085596086, 2040.6552552463531, 2162.1037486910823, 2243.8987083074567, 2352.8648396540643, 2457.5471735229494, 2547.297486991882, 2678.2875043413164, 2773.010543327331, 2851.3851749733926, 2939.7538842184063, 3044.159304164123, 3118.348836359024, 3202.662987177658, 3312.377305475235]
shares:[0, 9.1996, 18.3154, 27.6875, 36.9468, 46.2491, 55.5775, 65.2114, 75.0153, 84.8192, 94.7202, 104.7002, 114.6208, 124.5228, 134.4072, 144.4172, 154.3674, 164.3375, 174.3076, 184.2578, 194.2598, 204.2698, 214.1757, 224.1657, 234.1159, 244.0464, 254.0185, 263.8707, 273.7424, 283.6917, 293.6817, 303.6568, 313.7172, 323.8284, 333.909]
growth_rate:-2.58
