ticker:EPHY
price:[9.949999809265137, 9.873000144958496, 9.819999694824219, 9.699999809265137, 9.770000457763672, 9.800000190734863, 9.829999923706055, 9.8100004196167, 9.800000190734863, 9.779999732971191, 9.739999771118164, 9.729999542236328, 9.670000076293945, 9.710000038146973, 9.739999771118164, 9.739999771118164, 9.710000038146973, 9.729999542236328, 9.720000267028809, 9.739999771118164, 9.720000267028809, 9.720000267028809, 9.6899995803833, 9.6899995803833, 9.670000076293945, 9.65999984741211, 9.65999984741211, 9.65999984741211]
assets:[0, 99.99966926822663, 199.46285180130008, 297.02563415946963, 399.16900070266723, 500.3948697390556, 601.9262833282471, 700.7018429720879, 799.9877355699539, 898.3545894717217, 994.6799446258544, 1093.6587595470428, 1186.9151493644715, 1291.8252020751, 1395.8159911994935, 1495.8155948495864, 1591.2087782512665, 1694.486231280136, 1792.7451852504728, 1896.433473435402, 1992.53979073925, 2092.540125486469, 2186.0813473337175, 2286.081174003315, 2381.363228788376, 2478.9008608436584, 2578.9011792640686, 2678.9014976844787]
shares:[0, 10.1286, 20.3119, 30.6212, 40.8566, 51.0607, 61.2336, 71.4273, 81.6314, 91.8563, 102.1232, 112.4007, 122.742, 133.0407, 143.3076, 153.5745, 163.8732, 174.1507, 184.4388, 194.7057, 204.9938, 215.2819, 225.6018, 235.9217, 246.263, 256.615, 266.967, 277.319]
growth_rate:-0.78
