ticker:EPIX
price:[7.260000228881836, 7.389999866485596, 7.110000133514404, 6.849999904632568, 6.550000190734863, 6.210000038146973, 6.71999979019165, 6.099999904632568, 6.099999904632568, 6.039999961853027, 6.46999979019165, 6.699999809265137, 6.550000190734863, 6.730000019073486, 7.0, 8.0, 10.050000190734863, 11.930000305175781, 12.020000457763672, 16.010000228881836, 18.200000762939453, 18.079999923706055, 17.700000762939453, 28.280000686645508, 27.0, 27.09000015258789, 27.059999465942383, 32.08000183105469, 30.920000076293945, 29.790000915527344, 30.06999969482422, 28.3700008392334, 24.81999969482422, 27.209999084472656, 30.239999771118164, 29.729999542236328, 29.360000610351562, 33.529998779296875, 31.6200008392334, 31.8700008392334, 26.790000915527344, 27.219999313354492, 28.219999313354492, 28.280000686645508, 28.170000076293945, 24.969999313354492, 25.0, 22.3700008392334, 21.010000228881836, 11.920000076293945, 8.0600004196167, 9.609999656677246]
assets:[0, 100.00000019330979, 196.21111868453025, 289.0357459759712, 376.3774209600449, 456.84051580629347, 594.3591174432278, 639.522160001707, 739.5218984383106, 832.2479707437516, 991.4977058478355, 1126.7443279239656, 1201.5189349880218, 1334.5374677822113, 1488.0775, 1800.66, 2362.07867982893, 2903.9398312843323, 3025.847603234863, 4130.26786404705, 4795.245201015473, 4863.62845947647, 4861.40609954567, 7867.264295019149, 7611.178500000001, 7736.549164577103, 7827.98158950653, 9380.179703399659, 9140.99711855507, 8906.93024773407, 9090.648041740416, 8676.712263672065, 7690.97578743515, 8531.564604940797, 9581.607431478309, 9520.012614416886, 9501.533309523009, 10951.035074313355, 10427.223330751229, 10609.663507384492, 9018.50821720047, 9263.26246432705, 9703.573753893852, 9824.206406534195, 9885.993911774634, 8862.983897278404, 8973.6325, 8129.607276990509, 7735.361036268616, 4488.648868729591, 3135.109647218895, 3838.01475488472]
shares:[0, 13.5318, 27.5965, 42.195, 57.4622, 73.5653, 88.4463, 104.8397, 121.2331, 137.7894, 153.2454, 168.1708, 183.438, 198.2968, 212.5825, 225.0825, 235.0327, 243.4149, 251.7344, 257.9805, 263.475, 269.006, 274.6557, 278.1918, 281.8955, 285.5869, 289.2824, 292.3996, 295.6338, 298.9906, 302.3162, 305.8411, 309.8701, 313.5452, 316.8521, 320.2157, 323.6217, 326.6041, 329.7667, 332.9044, 336.6371, 340.3109, 343.8545, 347.3906, 350.9405, 354.9453, 358.9453, 363.4156, 368.1752, 376.5645, 388.9714, 399.3772]
growth_rate:-24.74
