ticker:EPSN
price:[3.0799999237060547, 3.0899999141693115, 3.009999990463257, 3.059999942779541, 3.0799999237060547, 3.200000047683716, 3.1500000953674316, 3.2100000381469727, 3.0399999618530273, 3.25, 3.1500000953674316, 3.240000009536743, 3.259999990463257, 3.2799999713897705, 3.309999942779541, 3.609999895095825, 3.4700000286102295, 3.7100000381469727, 3.740000009536743, 4.070000171661377, 3.690000057220459, 3.490000009536743, 3.690000057220459, 3.809999942779541, 3.9000000953674316, 3.9200000762939453, 3.9000000953674316, 3.9700000286102295, 4.019999980926514, 3.9800000190734863, 3.690000057220459, 3.809999942779541, 3.859999895095825, 3.940000057220459, 3.9700000286102295, 3.940000057220459, 4.03000020980835, 4.0, 4.079999923706055, 4.139999866485596, 4.25, 4.610000133514404, 4.659999847412109, 5.050000190734863, 5.090000152587891, 5.110000133514404, 5.119999885559082, 5.070000171661377, 5.039999961853027, 5.039999961853027, 4.730000019073486, 5.099999904632568]
assets:[0, 100.00012222230434, 197.41115037453173, 300.690282377243, 402.6554740259171, 518.3433677239179, 610.2441634753703, 721.8676975785255, 783.6378141666412, 937.7706000000001, 1008.9160505453109, 1137.742203348875, 1244.7651443585871, 1352.4017162034988, 1464.7712956782818, 1697.5298896709203, 1731.6976152778864, 1951.4692950654032, 2067.249475271344, 2349.6538341019154, 2230.2758865846636, 2209.39371503737, 2436.00667377491, 2615.226251723242, 2777.00325790658, 2891.244272271538, 2976.4929427847387, 3129.9170565560817, 3269.3365404881474, 3336.8057479910854, 3193.6718025239466, 3397.530872974205, 3542.1177097349882, 3715.5295859604835, 3843.8203267009017, 3914.773812854099, 4104.197752671194, 4173.6452, 4357.118006524086, 4521.1932521921635, 4741.321675, 5242.939782845545, 5399.80418118782, 5951.719639792156, 6098.8621058315275, 6222.826324590397, 6335.0040184016225, 6373.139273783398, 6435.428279291248, 6535.428430534363, 6233.447553136062, 6821.053012449741]
shares:[0, 32.3625, 65.5851, 98.2648, 130.7323, 161.9823, 193.7283, 224.8809, 257.7756, 288.5448, 320.2908, 351.155, 381.8298, 412.3176, 442.5291, 470.2299, 499.0483, 526.0025, 552.7405, 577.3105, 604.4108, 633.0641, 660.1644, 686.4111, 712.0521, 737.5623, 763.2033, 788.3922, 813.2678, 838.3934, 865.4937, 891.7404, 917.6471, 943.0278, 968.2167, 993.5974, 1018.4113, 1043.4113, 1067.9211, 1092.0757, 1115.6051, 1137.2971, 1158.7563, 1178.5583, 1198.2047, 1217.7742, 1237.3055, 1257.0294, 1276.8707, 1296.712, 1317.8536, 1337.4614]
growth_rate:33.75
