ticker:EPZM
price:[12.779999732971191, 12.0, 13.260000228881836, 11.9399995803833, 11.029999732971191, 12.449999809265137, 13.380000114440918, 13.319999694824219, 12.359999656677246, 10.34000015258789, 11.789999961853027, 11.319999694824219, 12.130000114440918, 13.09000015258789, 12.5, 12.390000343322754, 11.75, 10.859999656677246, 12.319999694824219, 11.729999542236328, 11.449999809265137, 10.949999809265137, 11.0, 10.739999771118164, 10.600000381469727, 9.59000015258789, 9.510000228881836, 9.140000343322754, 8.979999542236328, 7.889999866485596, 8.630000114440918, 8.369999885559082, 8.100000381469727, 7.789999961853027, 7.809999942779541, 8.289999961853027, 9.130000114440918, 8.550000190734863, 8.229999542236328, 8.239999771118164, 8.529999732971191, 8.59000015258789, 9.710000038146973, 7.960000038146973, 7.730000019073486, 7.25, 6.960000038146973, 6.630000114440918, 6.46999979019165, 5.400000095367432, 4.860000133514404, 5.0]
assets:[0, 99.99959999999999, 210.49985163345337, 289.54498982429504, 367.47767710361484, 514.7863271134377, 653.2397035872459, 750.3102548095703, 796.2336498830795, 766.1050873054504, 973.5380248500824, 1034.7283441047668, 1208.7678544041632, 1404.432661371231, 1441.13125, 1528.44902735281, 1549.497175, 1532.1309235639571, 1838.1082264686586, 1850.0813338005064, 1905.918878251076, 1922.6907565092088, 2031.4701, 2083.4536295991898, 2156.295537600136, 2050.8368766311646, 2133.7283193534854, 2150.712458786488, 2213.0634151870727, 2044.440196404028, 2336.1876329797747, 2365.8039036529544, 2389.487962532997, 2398.0385332570077, 2504.1952576528547, 2758.102054308414, 3137.5720153282164, 3038.251972777843, 3024.5396457710267, 3128.2145611078263, 3338.3092254953385, 3461.7906774932862, 4013.153696766186, 3389.8766602454184, 3391.9278733694555, 3281.3035999999997, 3250.051361813164, 3195.9544271656036, 3218.8274836202622, 2786.5021092113975, 2607.851771643162, 2782.9750000000004]
shares:[0, 8.3333, 15.8748, 24.25, 33.3162, 41.3483, 48.8221, 56.3296, 64.4202, 74.0914, 82.5732, 91.4071, 99.6511, 107.2905, 115.2905, 123.3615, 131.8721, 141.0802, 149.1971, 157.7222, 166.4558, 175.5882, 184.6791, 193.9901, 203.4241, 213.8516, 224.3668, 235.3077, 246.4436, 259.1179, 270.7054, 282.6528, 294.9985, 307.8355, 320.6396, 332.7023, 343.6552, 355.3511, 367.5018, 379.6377, 391.361, 403.0024, 413.3011, 425.8639, 438.8005, 452.5936, 466.9614, 482.0444, 497.5004, 516.0189, 536.595, 556.595]
growth_rate:-45.43
