ticker:EQ
price:[5.059999942779541, 5.559999942779541, 6.409999847412109, 5.75, 6.0, 6.449999809265137, 6.159999847412109, 5.840000152587891, 6.349999904632568, 4.449999809265137, 4.53000020980835, 4.909999847412109, 4.920000076293945, 4.900000095367432, 4.860000133514404, 4.949999809265137, 4.659999847412109, 5.349999904632568, 5.289999961853027, 5.199999809265137, 6.010000228881836, 5.730000019073486, 8.489999771118164, 10.5, 9.260000228881836, 7.050000190734863, 6.75, 7.909999847412109, 7.800000190734863, 7.159999847412109, 7.239999771118164, 6.989999771118164, 6.639999866485596, 6.070000171661377, 6.480000019073486, 6.03000020980835, 5.420000076293945, 6.329999923706055, 6.559999942779541, 6.929999828338623, 6.130000114440918, 5.900000095367432, 5.849999904632568, 5.75, 5.539999961853027, 5.599999904632568, 5.409999847412109, 5.420000076293945, 6.03000020980835, 6.079999923706055, 4.840000152587891, 6.239999771118164]
assets:[0, 99.99993497085572, 215.28753687515257, 293.120625, 405.86519999999996, 536.3052291407585, 612.1924888355255, 680.3903857772827, 839.8078073873519, 688.5266654885291, 800.9049430941582, 968.0889579147339, 1070.0606565933226, 1165.711002687931, 1256.1948525103091, 1379.4575318463324, 1398.640704202652, 1705.7356545940875, 1786.60597011652, 1856.2101319146157, 2245.350509510803, 2240.7417194587706, 3420.0520777988436, 4329.7464, 3918.423730852699, 3083.2491984160424, 3052.046925, 3676.5465720775605, 3725.4189310983656, 3519.7435129901883, 3659.0705443239212, 3632.721754049492, 3550.8255846014495, 3346.011112626171, 3672.0183708083628, 3517.016918371391, 3261.232473906326, 3908.7825488883973, 4150.807819794035, 4484.923331905032, 4067.18335493021, 4014.5813148915768, 4080.5592084782124, 4110.806100000001, 4060.6720540392876, 4204.650168395234, 4161.992409611893, 4269.685818101692, 4850.222226759052, 4990.439617378235, 4072.652976396179, 5350.692475737763]
shares:[0, 17.9856, 33.5862, 50.9775, 67.6442, 83.1481, 99.3819, 116.5052, 132.2532, 154.7251, 176.8002, 197.1668, 217.492, 237.9002, 258.4763, 278.6783, 300.1375, 318.8291, 337.7327, 356.9635, 373.6024, 391.0544, 402.833, 412.3568, 423.1559, 437.3403, 452.1551, 464.7973, 477.6178, 491.5843, 505.3965, 519.7027, 534.7629, 551.2374, 566.6695, 583.2532, 601.7034, 617.5012, 632.7451, 647.1751, 663.4883, 680.4375, 697.5315, 714.9228, 732.9733, 750.8304, 769.3147, 787.7649, 804.3486, 820.796, 841.4572, 857.4828]
growth_rate:4.92
