ticker:EQBK
price:[16.549999237060547, 16.329999923706055, 16.469999313354492, 14.289999961853027, 15.850000381469727, 16.530000686645508, 15.920000076293945, 18.729999542236328, 18.3799991607666, 17.84000015258789, 20.040000915527344, 21.420000076293945, 21.84000015258789, 21.549999237060547, 21.290000915527344, 20.110000610351562, 21.31999969482422, 21.59000015258789, 23.170000076293945, 23.860000610351562, 23.530000686645508, 22.079999923706055, 24.56999969482422, 23.68000030517578, 24.030000686645508, 26.0, 28.760000228881836, 29.100000381469727, 29.309999465942383, 28.540000915527344, 27.520000457763672, 28.5, 29.040000915527344, 30.610000610351562, 29.260000228881836, 30.729999542236328, 30.920000076293945, 31.889999389648438, 32.86000061035156, 32.849998474121094, 31.709999084472656, 31.049999237060547, 32.25, 30.700000762939453, 29.8700008392334, 29.329999923706055, 30.1200008392334, 29.459999084472656, 32.08000183105469, 31.559999465942383, 31.739999771118164, 32.209999084472656]
assets:[0, 100.00002053279877, 200.85658262615203, 274.27082726783755, 404.21146472835545, 521.5529286649704, 602.3061388864518, 808.6171592372895, 893.5068992023467, 967.2562642730713, 1186.5363902069091, 1368.2432028734206, 1495.0724984455107, 1575.2208992321016, 1656.2151702217102, 1664.4202885162354, 1864.5661573104858, 1988.1799340515136, 2233.6783703550336, 2400.1967613983156, 2467.0005689912796, 2414.975703655434, 2787.316588379669, 2786.352227909088, 2927.5365356529237, 3267.5396, 3714.4029215604783, 3858.3137605783463, 3986.1569963682173, 3981.4385797195437, 3939.144065523147, 4179.41955, 4358.607929411316, 4694.248680601501, 4587.21605388279, 4917.672658744812, 5048.079604455947, 5306.444874438477, 5567.851079418945, 5666.154981807709, 5569.522042197418, 5553.599758540726, 5868.232575, 5686.192741310119, 5632.460604250717, 5630.635534353447, 5882.2976118984225, 5853.401326094055, 6473.968929519653, 6469.029826531219, 6605.9255403636935, 6803.743874612426]
shares:[0, 6.1237, 12.1953, 19.1932, 25.5023, 31.5519, 37.8333, 43.1723, 48.613, 54.2184, 59.2084, 63.8769, 68.4557, 73.0961, 77.7931, 82.7658, 87.4562, 92.088, 96.4039, 100.595, 104.8449, 109.3739, 113.4439, 117.6669, 121.8284, 125.6746, 129.1517, 132.5881, 135.9999, 139.5038, 143.1375, 146.6463, 150.0898, 153.3567, 156.7743, 160.0284, 163.2626, 166.3984, 169.4416, 172.4857, 175.6393, 178.8599, 181.9607, 185.218, 188.5658, 191.9753, 195.2954, 198.6898, 201.807, 204.9756, 208.1262, 211.2308]
growth_rate:33.41
