ticker:EQIX
price:[752.1799926757812, 747.7899780273438, 752.0700073242188, 751.3200073242188, 778.0, 829.3499755859375, 817.6900024414062, 777.030029296875, 731.239990234375, 794.3900146484375, 760.8099975585938, 728.1199951171875, 700.52001953125, 708.3300170898438, 688.8599853515625, 709.72998046875, 705.9400024414062, 714.1799926757812, 692.4600219726562, 707.760009765625, 721.1599731445312, 739.9600219726562, 754.2899780273438, 709.8099975585938, 680.219970703125, 648.3400268554688, 610.5599975585938, 668.0, 653.0599975585938, 683.6300048828125, 678.0, 687.4600219726562, 708.1400146484375, 718.1099853515625, 720.760009765625, 713.4500122070312, 722.02001953125, 725.219970703125, 736.719970703125, 785.3900146484375, 816.0399780273438, 822.77001953125, 783.4000244140625, 800.5, 820.3200073242188, 831.469970703125, 833.47998046875, 820.4099731445312, 820.1500244140625, 814.0900268554688, 835.6300048828125, 824.8099975585938]
assets:[0, 99.97952006225587, 200.57707095336914, 300.37773892822264, 411.0174, 538.1651991577148, 630.6025298828125, 699.2493233642579, 758.0764978759765, 923.5578310302735, 984.4881368408203, 1042.1581490112305, 1102.6885627441407, 1214.998478314209, 1281.6240027465822, 1420.4535829101562, 1512.9000192321778, 1630.5443412780762, 1680.9467033386231, 1818.0939130859374, 1952.5406272888183, 2103.4103584594727, 2244.163542626953, 2211.8389333923337, 2219.6257864013673, 2215.5723737731932, 2186.47640725708, 2492.1744, 2536.4197245178225, 2755.165645678711, 2832.4806, 2972.0271669921876, 3161.420281396485, 3305.962939562988, 3418.1322703125, 3483.4910296020507, 3625.3347200683593, 3741.409828857422, 3900.7112288818357, 4258.3846594238275, 4524.533658172608, 4661.814930664063, 4538.706381445312, 4737.75925, 4955.060972241211, 5122.437048510742, 5234.837713330078, 5252.7568940551755, 5351.068834289551, 5411.500635516358, 5654.708243041992, 5681.456225183106]
shares:[0, 0.1337, 0.2667, 0.3998, 0.5283, 0.6489, 0.7712, 0.8999, 1.0367, 1.1626, 1.294, 1.4313, 1.5741, 1.7153, 1.8605, 2.0014, 2.1431, 2.2831, 2.4275, 2.5688, 2.7075, 2.8426, 2.9752, 3.1161, 3.2631, 3.4173, 3.5811, 3.7308, 3.8839, 4.0302, 4.1777, 4.3232, 4.4644, 4.6037, 4.7424, 4.8826, 5.0211, 5.159, 5.2947, 5.422, 5.5445, 5.666, 5.7936, 5.9185, 6.0404, 6.1607, 6.2807, 6.4026, 6.5245, 6.6473, 6.767, 6.8882]
growth_rate:11.4
