ticker:EQOS
price:[10.390000343322754, 10.300000190734863, 9.100000381469727, 8.989999771118164, 6.800000190734863, 5.21999979019165, 7.510000228881836, 7.960000038146973, 6.920000076293945, 7.676000118255615, 7.150000095367432, 8.350000381469727, 9.449999809265137, 7.880000114440918, 6.349999904632568, 9.300000190734863, 11.25, 16.139999389648438, 20.639999389648438, 18.0, 16.700000762939453, 15.34000015258789, 18.270000457763672, 19.1299991607666, 17.010000228881836, 12.350000381469727, 11.779999732971191, 13.229999542236328, 12.770000457763672, 11.520000457763672, 11.390000343322754, 11.039999961853027, 7.610000133514404, 5.960000038146973, 6.239999771118164, 5.630000114440918, 5.769999980926514, 5.199999809265137, 5.849999904632568, 6.559999942779541, 8.1899995803833, 6.809999942779541, 6.400000095367432, 5.960000038146973, 6.079999923706055, 5.480000019073486, 5.300000190734863, 5.320000171661377, 6.179999828338623, 5.409999847412109, 4.300000190734863, 5.010000228881836]
assets:[0, 99.99961185178758, 188.34907789554597, 286.0725807167053, 316.38428887434003, 342.87151021890645, 593.2885160816193, 728.838299492836, 733.6134280881881, 913.7594976772785, 951.1437776864528, 1210.7759403142927, 1470.2791653244974, 1326.0109592576027, 1168.5492074501515, 1811.4186971506117, 2291.232375, 3387.1547979110715, 4431.529644953919, 3964.7070000000003, 3778.36682261467, 3570.6672915176396, 4352.6796220584865, 4657.567504672432, 4241.412939071273, 3179.4507882076264, 3132.707160987854, 3618.31226480484, 3592.5063317798613, 3340.851972753525, 3403.15100157938, 3398.576772256756, 2442.678389855814, 2013.0567648845672, 2207.6295510246277, 2091.819786520386, 2243.8364385827063, 2122.1750421590805, 2487.4468694493294, 2889.342134797335, 3707.2729250569346, 3182.6044412584306, 3090.9939660593986, 2978.4879670638084, 3138.4576566175465, 2928.7416221936705, 2932.5420455354692, 3043.608274208641, 3635.6197390136717, 3282.6380504138947, 2709.1209501683234, 3256.4410307704925]
shares:[0, 9.7087, 20.6977, 31.8212, 46.5271, 65.6842, 78.9998, 91.5626, 106.0135, 119.0411, 133.0271, 145.0031, 155.5851, 168.2755, 184.0235, 194.7762, 203.6651, 209.8609, 214.7059, 220.2615, 226.2495, 232.7684, 238.2419, 243.4693, 249.3482, 257.4454, 265.9344, 273.493, 281.3239, 290.0045, 298.7841, 307.8421, 320.9827, 337.7612, 353.7868, 371.5488, 388.8798, 408.1106, 425.2046, 440.4485, 452.6585, 467.3428, 482.9678, 499.7463, 516.1937, 534.4419, 553.3098, 572.1068, 588.288, 606.7723, 630.0281, 649.9882]
growth_rate:-36.15
