ticker:EQRR
price:[31.209999084472656, 30.329999923706055, 31.06999969482422, 28.663999557495117, 29.68199920654297, 31.40999984741211, 31.15999984741211, 31.559999465942383, 29.25, 29.969999313354492, 34.209999084472656, 35.290000915527344, 37.65999984741211, 38.88999938964844, 38.63999938964844, 38.34000015258789, 37.65999984741211, 38.04999923706055, 38.79800033569336, 41.459999084472656, 40.814998626708984, 38.400001525878906, 40.400001525878906, 42.47999954223633, 43.060001373291016, 43.93000030517578, 46.119998931884766, 47.36000061035156, 45.89500045776367, 46.439998626708984, 46.27000045776367, 46.19300079345703, 46.38199996948242, 46.10599899291992, 47.433998107910156, 49.18000030517578, 50.40999984741211, 49.4900016784668, 49.96900177001953, 51.040000915527344, 50.27000045776367, 47.24100112915039, 49.84000015258789, 49.53900146484375, 48.93899917602539, 46.7400016784668, 47.0, 48.189998626708984, 48.25, 49.25899887084961, 47.16999816894531, 49.0]
assets:[0, 100.00104274845123, 202.43969001159667, 286.7632507730484, 396.9462799888611, 520.0553674736022, 615.9147889839173, 723.8222757514953, 770.8428, 889.8182706132889, 1115.7043841415405, 1250.9281914527892, 1434.9363781860352, 1581.8040571746826, 1671.6359255950929, 1758.6558069992063, 1827.462790595627, 1946.3868309730528, 2084.651476237106, 2327.6845825996397, 2391.47321453476, 2349.9725733795167, 2572.365057156372, 2804.8014417755126, 2943.0951158626553, 3102.5562715530396, 3357.2269182483674, 3547.4913737182615, 3537.756446786117, 3679.7661711845394, 3766.294751261139, 3860.0257253036502, 3975.8186553840633, 4052.159428889847, 4268.874837119293, 4526.005920085144, 4739.200356654739, 4752.707974189377, 4898.706091623688, 5103.698955547333, 5126.7055646842955, 4917.797665744782, 5288.352960190582, 5356.414441186524, 5391.541024623871, 5249.280782505417, 5378.4826, 5614.660110996628, 5721.64905, 5941.300260309219, 5789.33897026825, 6113.9407]
shares:[0, 3.2971, 6.5156, 10.0043, 13.3733, 16.557, 19.7662, 22.9348, 26.3536, 29.6903, 32.6134, 35.4471, 38.1024, 40.6738, 43.2618, 45.87, 48.5253, 51.1534, 53.7309, 56.1429, 58.593, 61.1972, 63.6724, 66.0264, 68.3487, 70.625, 72.7933, 74.9048, 77.0837, 79.237, 81.3982, 83.563, 85.719, 87.8879, 89.9961, 92.0294, 94.0131, 96.0337, 98.0349, 99.9941, 101.9834, 104.1002, 106.1066, 108.1252, 110.1686, 112.3081, 114.4358, 116.5109, 118.5834, 120.6135, 122.7335, 124.7743]
growth_rate:19.88
