ticker:ERESU
price:[9.920000076293945, 9.949999809265137, 10.050000190734863, 10.109999656677246, 9.994999885559082, 10.020000457763672, 10.050000190734863, 10.0, 9.9399995803833, 9.960000038146973, 9.970000267028809, 10.024999618530273, 10.180000305175781, 10.220000267028809, 10.359999656677246, 10.359999656677246, 10.470000267028809, 10.569999694824219, 10.6899995803833, 11.050000190734863, 11.220000267028809, 10.970000267028809, 11.380000114440918, 11.239999771118164, 11.399999618530273, 10.722999572753906, 10.449999809265137, 10.449999809265137, 10.3100004196167, 10.145000457763672, 10.270000457763672, 10.34000015258789, 10.15999984741211, 10.100000381469727, 10.180000305175781, 10.149999618530273, 10.119999885559082, 10.130000114440918, 10.109999656677246, 10.100000381469727, 10.234999656677246, 10.192000389099121, 10.265000343322754, 10.147000312805176, 10.107000350952148, 10.211999893188477, 10.20199966430664, 10.170999526977539, 10.09000015258789, 10.119999885559082, 10.069999694824219, 10.0600004196167]
assets:[0, 100.0004830830574, 201.0050288147926, 302.2050767374992, 398.76751193418505, 499.76455683174134, 601.2603564110756, 698.269, 794.0797284779549, 895.6779034304618, 996.5772986915588, 1102.075275564003, 1219.1150985466004, 1323.9049665910723, 1442.0404682118415, 1542.0403648979186, 1658.413491296482, 1774.252666773987, 1894.3951366389276, 2058.1918205265997, 2189.8568201171875, 2241.0635485513685, 2424.8219743847844, 2494.9910811941145, 2630.50659197731, 2574.2908811302186, 2608.751537384701, 2708.7517655594825, 2772.462212839127, 2828.0923571094518, 2962.938266066742, 3083.1336814979554, 3129.461817000198, 3210.9810112764358, 3336.4146780189512, 3426.5820162179944, 3516.454044234562, 3619.9292028951645, 3712.782119918633, 3809.1101038673396, 3960.0237171649937, 4043.386701564026, 4172.346940548134, 4224.383949726582, 4307.730897780228, 4452.483013429642, 4548.122864345551, 4634.303036372566, 4697.396544037247, 4811.362677591229, 4887.591163879395, 4982.738327836991]
shares:[0, 10.0503, 20.0005, 29.8917, 39.8967, 49.8767, 59.8269, 69.8269, 79.8873, 89.9275, 99.9576, 109.9327, 119.7559, 129.5406, 139.1931, 148.8456, 158.3967, 167.8574, 177.2119, 186.2617, 195.1744, 204.2902, 213.0775, 221.9743, 230.7462, 240.0719, 249.6413, 259.2107, 268.91, 278.7671, 288.5042, 298.1754, 308.0179, 317.9189, 327.7421, 337.5943, 347.4757, 357.3474, 367.2386, 377.1396, 386.91, 396.7216, 406.4634, 416.3185, 426.2126, 436.005, 445.807, 455.6389, 465.5497, 475.4311, 485.3616, 495.302]
growth_rate:-2.3
