ticker:ERES
price:[9.760000228881836, 9.729999542236328, 9.770000457763672, 9.75, 9.6899995803833, 9.710000038146973, 9.699999809265137, 9.75, 9.829999923706055, 9.779999732971191, 9.880000114440918, 9.930000305175781, 9.930000305175781, 9.960000038146973, 9.979999542236328, 10.149999618530273, 10.149999618530273, 10.350000381469727, 10.539999961853027, 10.350000381469727, 10.520000457763672, 10.4399995803833, 10.550000190734863, 10.119999885559082, 10.180000305175781, 9.899999618530273, 9.9399995803833, 9.829999923706055, 9.819999694824219, 9.930000305175781, 9.84000015258789, 9.8100004196167, 9.800000190734863, 9.800000190734863, 9.779999732971191, 9.800000190734863, 9.739999771118164, 9.800000190734863, 9.807999610900879, 9.779999732971191, 9.779999732971191, 9.812999725341797, 9.779999732971191, 9.770000457763672, 9.779999732971191, 9.760000228881836, 9.789999961853027, 9.760000228881836, 9.760000228881836, 9.760000228881836, 9.760000228881836]
assets:[0, 100.00007029533386, 200.4110423900604, 300.000675, 398.1543307582855, 498.97651096029284, 598.462828232193, 701.5476, 807.3034887342452, 903.1966673395157, 1012.4322637270927, 1117.55599634552, 1217.5560644187926, 1321.2348410603522, 1423.8874526889801, 1548.141886815834, 1648.141713057518, 1780.6171706281661, 1913.3051130752563, 1978.8145029331206, 2111.3167518711093, 2195.260471765518, 2318.3910269145013, 2323.8970657204627, 2437.6753870765688, 2470.6270748010634, 2580.609769059658, 2652.0514074165344, 2749.353432558441, 2880.150910514831, 2954.0467658081056, 3045.0408072497366, 3141.9369011507033, 3241.9370830969815, 3335.3202529338837, 3442.1412869935034, 3521.066409257889, 3642.757090898037, 3745.730957000828, 3835.037163289833, 3935.03668255949, 4048.3147659908295, 4134.700267107964, 4230.4727262146, 4334.801995644474, 4425.937575792694, 4539.541725311566, 4625.631084475708, 4725.631070820808, 4825.631057165909, 4925.631043511009]
shares:[0, 10.2775, 20.5129, 30.7693, 41.0892, 51.3879, 61.6972, 71.9536, 82.1265, 92.3514, 102.4729, 112.5434, 122.6139, 132.6541, 142.6741, 152.5263, 162.3785, 172.0403, 181.528, 191.1898, 200.6955, 210.274, 219.7527, 229.6341, 239.4573, 249.5583, 259.6187, 269.7916, 279.9749, 290.0454, 300.208, 310.4017, 320.6058, 330.8099, 341.0348, 351.2389, 361.5058, 371.7099, 381.9057, 392.1306, 402.3555, 412.5461, 422.771, 433.0064, 443.2313, 453.4772, 463.6917, 473.9376, 484.1835, 494.4294, 504.6753]
growth_rate:-1.49
