ticker:ERIC
price:[11.260000228881836, 10.899999618530273, 11.149999618530273, 10.479999542236328, 10.609999656677246, 10.869999885559082, 10.699999809265137, 12.359999656677246, 11.210000038146973, 12.170000076293945, 11.880000114440918, 12.109999656677246, 12.430000305175781, 12.369999885559082, 11.65999984741211, 11.899999618530273, 11.760000228881836, 11.949999809265137, 12.0600004196167, 11.760000228881836, 11.829999923706055, 12.470000267028809, 13.149999618530273, 13.649999618530273, 12.850000381469727, 12.529999732971191, 12.130000114440918, 13.479999542236328, 13.329999923706055, 13.520000457763672, 13.069999694824219, 13.979999542236328, 14.050000190734863, 14.15999984741211, 13.789999961853027, 13.899999618530273, 13.260000228881836, 13.529999732971191, 13.430000305175781, 13.15999984741211, 13.180000305175781, 12.5600004196167, 12.619999885559082, 12.84000015258789, 13.010000228881836, 11.819999694824219, 11.649999618530273, 11.529999732971191, 11.529999732971191, 11.630000114440918, 11.289999961853027, 11.90999984741211]
assets:[0, 99.9998665002823, 202.2933280790329, 290.13773932685854, 393.7370872592926, 503.3853467002869, 595.5127693845749, 787.9005381145478, 814.5925887720108, 984.3522011709213, 1060.8958902196885, 1181.4346125059128, 1312.6540232276916, 1406.3180729894636, 1425.5993873439788, 1554.9432001543043, 1636.649815853691, 1763.0922168591499, 1879.3219253892896, 1932.572581613159, 2044.0761118173598, 2254.6595972805976, 2477.608523126793, 2671.8140703321455, 2615.2243676364897, 2650.0974495233536, 2665.497171147728, 3062.1517440132143, 3128.0777670965194, 3272.6634788066863, 3263.7357637939454, 3590.9739804164883, 3708.9541753506664, 3837.991494641876, 3837.7045873838424, 3968.3164510940555, 3885.6030610696794, 4064.7217567784314, 4134.679420954132, 4151.554883863449, 4257.864998588562, 4157.571146900177, 4277.431595211315, 4451.999128906632, 4610.943134119225, 4289.188299259185, 4327.49953829956, 4382.924164493752, 4482.923852177811, 4621.805076479244, 4586.687803502369, 4938.569570728302]
shares:[0, 9.1743, 18.1429, 27.6849, 37.11, 46.3096, 55.6554, 63.746, 72.6666, 80.8835, 89.301, 97.5586, 105.6037, 113.6878, 122.2641, 130.6675, 139.1709, 147.5391, 155.831, 164.3344, 172.7875, 180.8067, 188.4113, 195.7373, 203.5194, 211.5002, 219.7442, 227.1626, 234.6645, 242.0609, 249.712, 256.8651, 263.9825, 271.0446, 278.2962, 285.4904, 293.0319, 300.4229, 307.8689, 315.4677, 323.055, 331.0168, 338.9407, 346.7289, 354.4153, 362.8755, 371.4592, 380.1322, 388.8052, 397.4037, 406.2611, 414.6574]
growth_rate:-3.17
