ticker:ERIE
price:[209.94000244140625, 220.47999572753906, 220.39999389648438, 204.42999267578125, 213.25, 221.58999633789062, 229.0, 231.0, 232.8699951171875, 236.47999572753906, 236.8800048828125, 241.0399932861328, 226.5800018310547, 222.85000610351562, 233.32000732421875, 247.64999389648438, 243.25, 245.60000610351562, 259.2900085449219, 247.89999389648438, 236.4499969482422, 243.10000610351562, 257.5299987792969, 260.2699890136719, 256.1600036621094, 242.10000610351562, 234.52999877929688, 230.02999877929688, 224.99000549316406, 222.8699951171875, 223.47999572753906, 221.5, 227.30999755859375, 229.02999877929688, 214.02000427246094, 210.3300018310547, 203.8300018310547, 198.6199951171875, 201.1300048828125, 194.8800048828125, 189.6999969482422, 189.16000366210938, 193.75999450683594, 192.11000061035156, 188.22000122070312, 186.00999450683594, 183.67999267578125, 184.88999938964844, 181.88999938964844, 172.9499969482422, 176.86000061035156, 174.8800048828125]
assets:[0, 100.00972606201172, 199.96891446228028, 285.48648477172856, 397.79654999999997, 513.3575445159912, 630.5286, 736.0353, 841.9880413452148, 955.0481107452392, 1056.67432578125, 1175.2386952651977, 1204.7258697357179, 1284.88628019104, 1445.2541213684083, 1634.0194247283935, 1704.9879, 1821.4678852661134, 2023.006575668335, 2034.1433999176027, 2040.1851536682127, 2197.5754351745604, 2428.018581491089, 2553.847213198853, 2613.5236693634033, 2570.0852447937013, 2589.7271525207516, 2640.0312929901124, 2682.1958514862063, 2756.9241265991213, 2864.4771932373046, 2939.10565, 3116.1927565307615, 3239.7667507324218, 3127.4315184326174, 3173.5011336273196, 3175.426832525635, 3194.2663474731444, 3334.63491595459, 3331.005971459961, 3342.4570362289433, 3432.9514104614254, 3616.433417472839, 3685.6303617095946, 3711.002010067749, 3767.427827742005, 3820.231591668701, 3945.404674975586, 3981.3901966400144, 3885.7021714355465, 4073.545650057983, 4127.937587255859]
shares:[0, 0.4536, 0.9073, 1.3965, 1.8654, 2.3167, 2.7534, 3.1863, 3.6157, 4.0386, 4.4608, 4.8757, 5.317, 5.7657, 6.1943, 6.5981, 7.0092, 7.4164, 7.8021, 8.2055, 8.6284, 9.0398, 9.4281, 9.8123, 10.2027, 10.6158, 11.0422, 11.4769, 11.9214, 12.3701, 12.8176, 13.2691, 13.709, 14.1456, 14.6128, 15.0882, 15.5788, 16.0823, 16.5795, 17.0926, 17.6197, 18.1484, 18.6645, 19.185, 19.7163, 20.2539, 20.7983, 21.3392, 21.889, 22.4672, 23.0326, 23.6044]
growth_rate:-19.06
