ticker:ERII
price:[8.65999984741211, 8.960000038146973, 8.630000114440918, 8.069999694824219, 8.390000343322754, 8.84000015258789, 9.300000190734863, 9.6899995803833, 9.6899995803833, 10.020000457763672, 10.130000114440918, 10.649999618530273, 10.880000114440918, 11.289999961853027, 12.40999984741211, 13.149999618530273, 13.649999618530273, 13.640000343322754, 15.09000015258789, 14.510000228881836, 14.550000190734863, 13.84000015258789, 14.460000038146973, 15.069999694824219, 15.289999961853027, 17.600000381469727, 16.3700008392334, 19.299999237060547, 18.3700008392334, 18.81999969482422, 19.1299991607666, 18.649999618530273, 18.270000457763672, 21.68000030517578, 21.200000762939453, 20.649999618530273, 17.719999313354492, 18.15999984741211, 19.010000228881836, 20.079999923706055, 20.889999389648438, 20.030000686645508, 21.219999313354492, 21.700000762939453, 20.81999969482422, 20.170000076293945, 20.6200008392334, 21.149999618530273, 19.18000030517578, 19.079999923706055, 18.950000762939453, 20.079999923706055]
assets:[0, 99.99987242574691, 196.3169686033249, 283.5781752761841, 394.8233481563568, 515.9996489067078, 642.8504231842994, 769.8084506641388, 869.8082773337363, 999.4299156589508, 1110.401988544464, 1267.4021396032333, 1394.7735826708795, 1547.334009771824, 1800.8336928577423, 2008.2166567434313, 2184.574603948784, 2282.974597463131, 2625.666062550354, 2624.745863402939, 2731.9822408133505, 2698.668549753189, 2919.5622137021064, 3142.724862358093, 3288.6037717952727, 3885.4429642147065, 3713.9030153989793, 4478.6381629570005, 4362.8292743158345, 4569.702945899963, 4744.974383837891, 4725.9154983354565, 4729.624444503022, 5712.383064409638, 5685.910164622879, 5638.397730841256, 4938.372432639313, 5160.995684635162, 5502.562428251267, 5912.280881536293, 6250.774554368591, 6093.4426828884125, 6555.45831387577, 6803.7444592094425, 6627.832456850433, 6520.912616665649, 6766.397601392173, 7040.314583018113, 6484.550959176636, 6550.742097805977, 6606.108600966263, 7100.034965023422]
shares:[0, 11.1607, 22.7482, 35.1398, 47.0588, 58.371, 69.1237, 79.4436, 89.7635, 99.7435, 109.6152, 119.0049, 128.1961, 137.0535, 145.1115, 152.7161, 160.0421, 167.3735, 174.0004, 180.8922, 187.7651, 194.9905, 201.9061, 208.5418, 215.082, 220.7638, 226.8725, 232.0538, 237.4975, 242.811, 248.0384, 253.4003, 258.8738, 263.4863, 268.2033, 273.0459, 278.6892, 284.1958, 289.4562, 294.4363, 299.2233, 304.2158, 308.9283, 313.5366, 318.3397, 323.2976, 328.1473, 332.8754, 338.0892, 343.3303, 348.6073, 353.5874]
growth_rate:39.22
