ticker:ERYP
price:[5.949999809265137, 6.440000057220459, 7.400000095367432, 5.800000190734863, 5.559999942779541, 5.75, 6.25, 6.230000019073486, 5.23799991607666, 7.5, 7.849999904632568, 7.699999809265137, 9.526000022888184, 9.473999977111816, 9.119999885559082, 9.699999809265137, 9.100000381469727, 9.229999542236328, 9.880000114440918, 10.800000190734863, 11.5, 10.539999961853027, 11.574999809265137, 9.050000190734863, 9.25, 8.600000381469727, 7.947999954223633, 7.699999809265137, 7.559999942779541, 6.739999771118164, 7.159999847412109, 6.789999961853027, 6.90500020980835, 7.289999961853027, 7.179999828338623, 7.03000020980835, 6.873000144958496, 6.099999904632568, 5.873000144958496, 5.409999847412109, 5.460000038146973, 5.0, 4.670000076293945, 4.989999771118164, 4.909999847412109, 4.349999904632568, 4.75, 6.369999885559082, 6.2170000076293945, 5.889999866485596, 5.860000133514404, 6.0]
assets:[0, 100.00032088851928, 214.90710276961326, 268.4408288277626, 357.33285632252694, 469.54385, 610.37375, 708.4207781688691, 695.6194838547707, 1096.0185, 1247.1663798485279, 1323.3350572199822, 1737.154695973873, 1827.6719685845376, 1859.3801046678543, 2077.630349146748, 2049.1171558984756, 2178.389728962326, 2431.7980201677324, 2758.2412087122916, 3037.0166, 2883.4920835639, 3266.6432011716843, 2654.049210935879, 2812.7020749999997, 2715.0528004314424, 2609.213933772278, 2627.7989549074173, 2680.0207357153413, 2489.330621465492, 2744.452285512543, 2702.629795816326, 2848.4037325487134, 3107.2210577405926, 3160.3358004418374, 3194.312585333347, 3222.974515075779, 2960.489163715696, 2950.3204164203644, 2817.7307955265046, 2943.7726705670357, 2795.7625000000003, 2711.2423302936554, 2997.023303532219, 3048.974880247116, 2801.2302885870936, 3158.8146, 4336.136636098671, 4331.98757601614, 4204.134654700756, 4282.7213255776405, 4485.039]
shares:[0, 15.528, 29.0415, 46.2829, 64.2685, 81.6598, 97.6598, 113.7112, 132.8025, 146.1358, 158.8747, 171.8617, 182.3593, 192.9145, 203.8794, 214.1887, 225.1777, 236.0119, 246.1334, 255.3927, 264.0884, 273.5761, 282.2154, 293.2651, 304.0759, 315.7038, 328.2856, 341.2726, 354.5001, 369.3369, 383.3034, 398.0309, 412.5132, 426.2306, 440.1582, 454.383, 468.9327, 485.3261, 502.3532, 520.8375, 539.1525, 559.1525, 580.5658, 600.6059, 620.9725, 643.961, 665.0136, 680.7122, 696.7971, 713.775, 730.8398, 747.5065]
growth_rate:-12.06
