ticker:ESBK
price:[10.510000228881836, 10.470000267028809, 10.75, 10.5, 10.869999885559082, 10.829999923706055, 10.5, 10.9399995803833, 10.739999771118164, 10.600000381469727, 10.699999809265137, 11.5, 11.529999732971191, 11.789999961853027, 12.149999618530273, 11.699999809265137, 11.600000381469727, 11.5, 12.300000190734863, 11.949999809265137, 12.119999885559082, 12.210000038146973, 12.239999771118164, 12.789999961853027, 15.199999809265137, 14.760000228881836, 14.350000381469727, 14.399999618530273, 14.260000228881836, 13.850000381469727, 13.350000381469727, 13.829999923706055, 13.770000457763672, 13.5, 13.359999656677246, 13.850000381469727, 13.640000343322754, 13.819999694824219, 13.739999771118164, 14.40999984741211, 14.399999618530273, 14.420000076293945, 15.050000190734863, 14.430000305175781, 14.3100004196167, 14.119999885559082, 14.460000038146973, 14.300000190734863, 13.979999542236328, 14.180000305175781, 13.859999656677246, 13.770000457763672]
assets:[0, 100.00001955041886, 202.67405, 297.9606, 408.4598116996765, 506.95662842864994, 591.5091, 716.2964725255965, 803.201622882843, 892.7320321273803, 1001.1540421537399, 1176.0072499999999, 1279.0747553772926, 1407.9181724446298, 1550.9085713066102, 1593.4674340230943, 1679.848255242348, 1765.3673, 1988.1757208304405, 2031.601542573452, 2160.502695599842, 2276.545960112476, 2382.1389634552, 2589.179454277611, 3177.053800133228, 3185.0870173908233, 3196.611824976349, 3307.749032374573, 3375.590178180313, 3378.5358530548096, 3356.566565912247, 3577.252567265892, 3661.7336687290194, 3689.9347500000003, 3751.6682635903358, 3989.266854876137, 4028.7800654055595, 4181.945727653503, 4257.737389074326, 4565.355977657318, 4662.187076494217, 4768.66230123024, 5077.001679342938, 4967.849394063568, 5026.536471394729, 5059.797470990944, 5281.633585933494, 5323.1922310012815, 5304.071940322494, 5479.9532879371645, 5456.286854843616, 5520.857232532882]
shares:[0, 9.5511, 18.8534, 28.3772, 37.5768, 46.8104, 56.3342, 65.475, 74.786, 84.22, 93.5658, 102.2615, 110.9345, 119.4163, 127.6468, 136.1938, 144.8145, 153.5102, 161.6403, 170.0085, 178.2593, 186.4493, 194.6192, 202.4378, 209.0167, 215.7918, 222.7604, 229.7048, 236.7174, 243.9376, 251.4282, 258.6589, 265.9211, 273.3285, 280.8135, 288.0337, 295.3651, 302.601, 309.879, 316.8186, 323.763, 330.6978, 337.3423, 344.2723, 351.2604, 358.3426, 365.2582, 372.2512, 379.4043, 386.4565, 393.6715, 400.9337]
growth_rate:8.25
