ticker:ESCA
price:[17.979999542236328, 17.18000030517578, 18.1200008392334, 17.049999237060547, 18.729999542236328, 19.920000076293945, 20.329999923706055, 20.6299991607666, 18.610000610351562, 21.860000610351562, 19.889999389648438, 21.299999237060547, 21.040000915527344, 19.969999313354492, 19.670000076293945, 21.149999618530273, 21.690000534057617, 21.170000076293945, 21.84000015258789, 20.739999771118164, 21.739999771118164, 20.850000381469727, 22.299999237060547, 22.43000030517578, 21.43000030517578, 19.760000228881836, 21.389999389648438, 23.309999465942383, 22.25, 20.920000076293945, 20.860000610351562, 21.100000381469727, 22.389999389648438, 22.25, 22.020000457763672, 22.709999084472656, 23.790000915527344, 23.420000076293945, 24.450000762939453, 24.059999465942383, 23.920000076293945, 22.649999618530273, 22.8700008392334, 22.989999771118164, 22.56999969482422, 23.0, 23.600000381469727, 22.700000762939453, 23.290000915527344, 23.010000228881836, 23.139999389648438, 23.290000915527344]
assets:[0, 99.99962777633668, 205.4717495164871, 293.33841687393186, 422.2416176803589, 549.0689061029434, 660.3692225217819, 770.1137426715851, 794.7084390640258, 1033.4949228561402, 1040.3583520751952, 1214.108476512146, 1299.2894885368348, 1333.2131301589966, 1413.1852544813157, 1619.514690789795, 1760.8636513565064, 1818.6490795541763, 1976.207701807022, 1976.6733801858902, 2171.9803311330797, 2183.063844941139, 2434.883396696472, 2549.077571681976, 2535.4326251060484, 2437.8505082378388, 2738.948780845642, 3084.8010403238295, 3044.523125, 2962.535602804184, 3054.039679359436, 3189.176437657547, 3484.1548240219117, 3562.3696250000003, 3625.544631369781, 3839.1503262290953, 4121.724713619233, 4157.621461544038, 4440.472218560791, 4469.642942787743, 4543.635110492134, 4402.396620855141, 4545.156522788238, 4669.0045685167315, 4683.7082806701665, 4872.941, 5100.0615624372485, 5005.568088235474, 5235.669062813568, 5272.723144448089, 5402.511855500793, 5537.533093679809]
shares:[0, 5.8207, 11.3395, 17.2046, 22.5436, 27.5637, 32.4825, 37.3298, 42.7033, 47.2779, 52.3056, 57.0004, 61.7533, 66.7608, 71.8447, 76.5728, 81.1832, 85.9069, 90.4857, 95.3073, 99.9071, 104.7033, 109.1876, 113.6459, 118.3123, 123.373, 128.0481, 132.3381, 136.8325, 141.6126, 146.4065, 151.1458, 155.6121, 160.1065, 164.6478, 169.0511, 173.2545, 177.5244, 181.6144, 185.7707, 189.9513, 194.3663, 198.7388, 203.0885, 207.5192, 211.867, 216.1043, 220.5096, 224.8033, 229.1492, 233.4707, 237.7644]
growth_rate:8.58
