ticker:ESEA
price:[2.0899999141693115, 2.240000009536743, 2.299999952316284, 2.319999933242798, 2.6500000953674316, 2.9600000381469727, 3.2200000286102295, 3.25, 2.859999895095825, 2.700000047683716, 3.25, 3.299999952316284, 3.3299999237060547, 5.300000190734863, 5.090000152587891, 4.829999923706055, 6.0, 5.429999828338623, 6.730000019073486, 7.269999980926514, 7.900000095367432, 7.599999904632568, 8.260000228881836, 9.899999618530273, 9.390000343322754, 7.150000095367432, 6.940000057220459, 8.319999694824219, 13.850000381469727, 10.989999771118164, 9.970000267028809, 11.5600004196167, 11.5, 13.260000228881836, 14.399999618530273, 18.450000762939453, 15.069999694824219, 15.579999923706055, 15.720000267028809, 16.209999084472656, 25.489999771118164, 24.719999313354492, 25.889999389648438, 22.31999969482422, 21.649999618530273, 18.190000534057617, 18.649999618530273, 19.040000915527344, 19.799999237060547, 21.059999465942383, 21.09000015258789, 24.34000015258789]
assets:[0, 100.00009642574787, 202.67875579805374, 304.4410632398129, 447.7450761133194, 600.1228397340775, 752.8363286890744, 859.850225, 856.6680665776014, 908.7425260489703, 1193.8566250000001, 1312.2235310388803, 1424.1527223711014, 2366.669505171013, 2372.895973134613, 2351.686873853111, 3021.3504000000003, 2834.3219883971215, 3612.8887922392846, 4002.779111498356, 4449.6497737154, 4380.675665029765, 4861.1026466995245, 5926.260551647568, 5720.968511173439, 4456.221829437542, 4425.339616487026, 5405.305785734558, 9098.01539058609, 7319.291491565704, 6739.976409518337, 7914.857159301567, 7973.77685, 9294.111844426347, 10193.152049973678, 13159.97779918785, 10849.097732299804, 11316.254062585258, 11517.940443650246, 11976.958827551269, 18933.60222498989, 18461.656863191984, 19435.449078813173, 16855.474521539305, 16449.507335162165, 13920.625508708954, 14372.65764101963, 14773.212870361329, 15462.898504179002, 16546.900548389436, 16670.472516612244, 19339.41770723915]
shares:[0, 44.6429, 88.1212, 131.2246, 168.9604, 202.7442, 233.8001, 264.5693, 299.5343, 336.5713, 367.3405, 397.6435, 427.6735, 446.5414, 466.1878, 486.8917, 503.5584, 521.9746, 536.8334, 550.5886, 563.2468, 576.4047, 588.5112, 598.6122, 609.2618, 623.2478, 637.657, 649.6762, 656.8964, 665.9956, 676.0257, 684.6762, 693.3719, 700.9134, 707.8578, 713.2779, 719.9136, 726.3321, 732.6934, 738.8624, 742.7855, 746.8308, 750.6933, 755.1736, 759.7925, 765.29, 770.6519, 775.904, 780.9545, 785.7028, 790.4444, 794.5529]
growth_rate:279.2
