ticker:ESGD
price:[64.46499633789062, 64.7300033569336, 65.01000213623047, 62.90999984741211, 63.779998779296875, 65.52999877929688, 64.55999755859375, 64.77999877929688, 61.150001525878906, 66.0999984741211, 69.26000213623047, 70.2699966430664, 71.68000030517578, 72.37000274658203, 71.93000030517578, 72.76000213623047, 72.43000030517578, 73.04000091552734, 75.77999877929688, 74.44999694824219, 75.16999816894531, 72.33999633789062, 74.66000366210938, 76.23999786376953, 76.22000122070312, 74.0199966430664, 74.66000366210938, 76.26000213623047, 76.41000366210938, 76.66000366210938, 76.81999969482422, 78.0, 79.25, 79.12999725341797, 78.08999633789062, 80.51000213623047, 79.72000122070312, 80.11000061035156, 81.0999984741211, 81.91999816894531, 81.23999786376953, 78.73999786376953, 80.16999816894531, 79.58999633789062, 79.76000213623047, 78.48999786376953, 79.41999816894531, 79.55999755859375, 80.48999786376953, 81.7300033569336, 79.81999969482422, 81.05999755859375]
assets:[0, 100.0013821861267, 200.43233758621216, 293.95955628700256, 398.02546038208004, 508.94528851928715, 601.4086572570801, 703.4589627441406, 764.038694065094, 925.8891186264038, 1070.1501450073242, 1185.7570043540957, 1309.5505975753786, 1422.1573979736327, 1513.5079084213257, 1630.973655885315, 1723.5732592620848, 1838.0881430397035, 2007.0408456695557, 2071.816850074768, 2191.8519086090087, 2209.3358281555174, 2380.1907807495118, 2530.5580090942385, 2629.8949221191406, 2653.986979637146, 2776.934040209961, 2936.4447642570494, 3042.218449804687, 3152.175024581909, 3258.7504790542603, 3408.8106, 3563.4366250000003, 3658.0373390304567, 3709.962018017578, 3924.935063143158, 3986.422577041626, 4105.925927282715, 4256.663179911804, 4399.7019176589965, 4463.179250639343, 4425.8335479263305, 4606.207329795838, 4672.8799059906005, 4782.864360100555, 4806.703922177887, 4963.65458156128, 5072.403336346435, 5231.696930149078, 5412.291590301514, 5385.806587408448, 5569.478418255615]
shares:[0, 1.5449, 3.0831, 4.6727, 6.2406, 7.7666, 9.3155, 10.8592, 12.4945, 14.0074, 15.4512, 16.8743, 18.2694, 19.6512, 21.0414, 22.4158, 23.7964, 25.1655, 26.4851, 27.8283, 29.1586, 30.541, 31.8804, 33.192, 34.504, 35.855, 37.1944, 38.5057, 39.8144, 41.1189, 42.4206, 43.7027, 44.9645, 46.2282, 47.5088, 48.7509, 50.0053, 51.2536, 52.4866, 53.7073, 54.9382, 56.2082, 57.4555, 58.7119, 59.9657, 61.2397, 62.4988, 63.7557, 64.9981, 66.2216, 67.4744, 68.7081]
growth_rate:9.21
