ticker:ESGE
price:[35.869998931884766, 35.540000915527344, 35.959999084472656, 34.72999954223633, 35.59000015258789, 37.099998474121094, 36.959999084472656, 37.4900016784668, 36.2400016784668, 38.91999816894531, 39.25, 39.86000061035156, 40.560001373291016, 41.08000183105469, 41.040000915527344, 41.25, 40.70000076293945, 41.97999954223633, 44.43000030517578, 44.099998474121094, 45.4900016784668, 43.38999938964844, 45.709999084472656, 47.029998779296875, 46.790000915527344, 43.61000061035156, 43.65999984741211, 43.810001373291016, 43.72999954223633, 43.13999938964844, 43.720001220703125, 43.459999084472656, 44.13999938964844, 44.36000061035156, 43.970001220703125, 44.45000076293945, 43.099998474121094, 43.33000183105469, 44.75, 45.7599983215332, 45.15999984741211, 44.40999984741211, 45.33000183105469, 44.72999954223633, 43.869998931884766, 43.91999816894531, 43.02000045776367, 42.22999954223633, 42.56999969482422, 42.40999984741211, 40.7400016784668, 42.459999084472656]
assets:[0, 99.99890057601928, 201.18181087799073, 294.30201612091065, 401.59044372177124, 518.6282986694337, 616.6701927246094, 725.5140104820251, 801.3244211135864, 960.5844748077393, 1068.7304, 1185.3407541503907, 1306.157780224228, 1422.9044554229736, 1521.5169939422606, 1629.3007499999999, 1707.5766720092772, 1861.2798337039947, 2069.904854217529, 2154.5318854522707, 2322.441996692276, 2315.229621432495, 2539.0213221458434, 2712.342307598877, 2798.5005967575075, 2708.307506904602, 2811.411468174362, 2921.0712705654146, 3015.738839431381, 3075.049354493713, 3216.3930498046875, 3297.266670539856, 3448.856782310486, 3566.04721706543, 3634.6966079071044, 3774.3740247833252, 3759.7421668930056, 3879.8073609542844, 4106.953625, 4299.646050289917, 4343.2675013248445, 4371.134172981262, 4561.68500826416, 4601.303484910583, 4612.838260689927, 4718.097019299316, 4721.414936239243, 4734.713527676773, 4872.834613067626, 4954.518545174026, 4859.422586205673, 5164.583774640656]
shares:[0, 2.8137, 5.5946, 8.474, 11.2838, 13.9792, 16.6848, 19.3522, 22.1116, 24.681, 27.2288, 29.7376, 32.2031, 34.6374, 37.074, 39.4982, 41.9552, 44.3373, 46.588, 48.8556, 51.0539, 53.3586, 55.5463, 57.6726, 59.8098, 62.1029, 64.3933, 66.6759, 68.9627, 71.2807, 73.568, 75.869, 78.1345, 80.3888, 82.6631, 84.9128, 87.233, 89.5409, 91.7755, 93.9608, 96.1751, 98.4268, 100.6328, 102.8684, 105.1479, 107.4248, 109.7493, 112.1173, 114.4664, 116.8243, 119.2789, 121.6341]
growth_rate:1.27
