ticker:ESGRP
price:[26.389999389648438, 26.2450008392334, 27.132999420166016, 26.780000686645508, 26.84000015258789, 27.25, 26.149999618530273, 26.75, 26.6200008392334, 27.219999313354492, 27.1299991607666, 28.170000076293945, 28.25, 28.43000030517578, 28.540000915527344, 28.989999771118164, 29.270000457763672, 28.239999771118164, 27.770000457763672, 28.520000457763672, 28.797000885009766, 28.020000457763672, 28.729999542236328, 28.200000762939453, 27.450000762939453, 27.65999984741211, 27.84000015258789, 28.270000457763672, 27.969999313354492, 28.600000381469727, 28.84000015258789, 28.700000762939453, 29.100000381469727, 28.899999618530273, 28.809999465942383, 29.399999618530273, 28.799999237060547, 28.350000381469727, 28.65999984741211, 29.200000762939453, 29.3700008392334, 29.5, 29.600000381469727, 29.450000762939453, 29.540000915527344, 29.559999465942383, 29.59000015258789, 29.75, 29.84000015258789, 29.700000762939453, 29.600000381469727, 29.81999969482422]
assets:[0, 99.99870219764709, 203.3808237537384, 300.7340517108917, 401.4083062820435, 507.539425, 587.0518014362335, 700.520975, 797.1172911302566, 915.0846589162826, 1012.0602016931533, 1150.857183116913, 1254.12485, 1362.115430621338, 1467.38700107193, 1590.5247414424898, 1705.8878236789703, 1745.8589138500215, 1816.8022939483642, 1965.8693715534212, 2084.963337776566, 2128.707454776764, 2282.647304629898, 2340.538023322296, 2378.2900261016844, 2496.4837122280123, 2612.7311183200836, 2753.0853025794986, 2823.870709675789, 2987.4759598472597, 3112.545480467987, 3197.4355149982453, 3341.9982738100052, 3419.0289048700333, 3508.3808999643325, 3680.2302122484207, 3705.1227818477632, 3747.2293404216766, 3888.2047352989193, 4061.46606611824, 4185.110576587486, 4303.63405, 4418.223336939812, 4495.83417147026, 4609.572396863556, 4712.691594856262, 4817.473949842453, 4943.5218, 5058.476825866699, 5134.7440319023135, 5217.455907239914, 5356.235543184662]
shares:[0, 3.8102, 7.4957, 11.2298, 14.9556, 18.6253, 22.4494, 26.1877, 29.9443, 33.6181, 37.3041, 40.854, 44.3938, 47.9112, 51.4151, 54.8646, 58.2811, 61.8222, 65.4232, 68.9295, 72.4021, 75.971, 79.4517, 82.9978, 86.6408, 90.2561, 93.8481, 97.3854, 100.9607, 104.4572, 107.9246, 111.4089, 114.8453, 118.3055, 121.7765, 125.1779, 128.6501, 132.1774, 135.6666, 139.0913, 142.4961, 145.8859, 149.2643, 152.6599, 156.0451, 159.428, 162.8075, 166.1688, 169.52, 172.887, 176.2654, 179.6189]
growth_rate:5.02
