ticker:ESGRO
price:[26.18000030517578, 26.09000015258789, 26.729999542236328, 26.469999313354492, 26.389999389648438, 26.799999237060547, 26.299999237060547, 26.610000610351562, 26.399999618530273, 27.010000228881836, 26.940000534057617, 27.219999313354492, 27.3700008392334, 27.299999237060547, 27.479999542236328, 27.56999969482422, 27.760000228881836, 27.489999771118164, 26.950000762939453, 27.149999618530273, 27.350000381469727, 26.84000015258789, 27.25, 26.899999618530273, 26.540000915527344, 26.579999923706055, 26.850000381469727, 27.010000228881836, 26.889999389648438, 27.299999237060547, 27.479999542236328, 27.610000610351562, 27.75, 27.5, 27.6299991607666, 27.940000534057617, 27.540000915527344, 27.459999084472656, 27.59000015258789, 27.93000030517578, 27.68000030517578, 27.920000076293945, 27.719999313354492, 27.959999084472656, 27.75, 27.399999618530273, 27.520000457763672, 27.68000030517578, 27.600000381469727, 27.34000015258789, 27.309999465942383, 27.219999313354492]
assets:[0, 100.00036158485412, 202.45301653289795, 300.48478520526885, 399.5762587585449, 505.78298560142514, 596.3472227005005, 703.3768241333008, 797.8264684717178, 916.2602377643585, 1013.8869200992584, 1124.425507635498, 1230.6209257339478, 1327.473382901764, 1436.2256880752564, 1540.9286379432679, 1651.5479016170502, 1735.4849205503465, 1801.3946459964752, 1914.7618680967332, 2028.8667882980349, 2091.0346278877255, 2222.975975, 2294.4247074626924, 2363.718831539154, 2467.2805189180376, 2592.3433718305587, 2707.7903369457244, 2795.7613035415648, 2938.389007882309, 3057.762753063583, 3172.2289321258545, 3288.3139499999997, 3358.6905, 3474.569099463463, 3613.5529130710606, 3661.820419731903, 3751.184158934021, 3868.9429623973842, 4016.621722887421, 4080.6686849899293, 4216.051235520745, 4285.850077836228, 4422.95590717392, 4489.736325000001, 4533.1079968889235, 4652.960589396667, 4780.012196700287, 4866.1974672575, 4920.355221461105, 5014.957049930572, 5098.431083388137]
shares:[0, 3.8329, 7.574, 11.3519, 15.1412, 18.8725, 22.6748, 26.4328, 30.2207, 33.923, 37.635, 41.3088, 44.9624, 48.6254, 52.2644, 55.8915, 59.4938, 63.1315, 66.8421, 70.5253, 74.1816, 77.9074, 81.5771, 85.2946, 89.0625, 92.8247, 96.5491, 100.2514, 103.9703, 107.6333, 111.2723, 114.8942, 118.4978, 122.1342, 125.7535, 129.3326, 132.9637, 136.6054, 140.2299, 143.8103, 147.423, 151.0047, 154.6122, 158.1887, 161.7923, 165.4419, 169.0756, 172.6883, 176.3115, 179.9691, 183.6308, 187.3046]
growth_rate:-0.03
