ticker:ESGR
price:[174.0399932861328, 161.42999267578125, 153.24000549316406, 156.75999450683594, 164.3699951171875, 170.47999572753906, 171.6999969482422, 178.5, 171.8699951171875, 182.72999572753906, 199.72999572753906, 195.97999572753906, 197.5399932861328, 197.27999877929688, 199.1699981689453, 205.64999389648438, 201.8000030517578, 204.88999938964844, 212.89999389648438, 215.36000061035156, 210.83999633789062, 200.2100067138672, 211.88999938964844, 214.52000427246094, 213.30999755859375, 212.58999633789062, 244.69000244140625, 265.95001220703125, 261.0, 252.94000244140625, 246.64999389648438, 252.13999938964844, 257.07000732421875, 255.39999389648438, 251.17999267578125, 256.9700012207031, 248.13999938964844, 244.10000610351562, 253.88999938964844, 248.8000030517578, 248.25999450683594, 235.0500030517578, 235.3800048828125, 238.5500030517578, 238.77999877929688, 256.67999267578125, 261.1300048828125, 257.0199890136719, 263.2300109863281, 254.74000549316406, 246.2899932861328, 239.30999755859375]
assets:[0, 100.00588046264649, 194.936610987854, 299.41158950805664, 413.94939570312505, 529.3403867340088, 633.1265687469482, 758.1966000000001, 830.0289544189452, 982.4843680282592, 1173.893076889038, 1251.8614187088012, 1361.820959715271, 1460.0298149658204, 1574.0205785293579, 1725.2389287963867, 1792.9324871139527, 1920.3929862792968, 2095.4681899261473, 2219.672454290772, 2273.0870845184327, 2258.48900173645, 2490.2372178268433, 2621.1555762039184, 2706.370594024658, 2797.237912814331, 3319.611387121582, 3708.034640197754, 3739.0076999999997, 3723.5550699401856, 3730.951132675171, 3913.9944245254514, 4090.5236635437013, 4163.939340490722, 4195.132883673095, 4391.848593862916, 4340.936335322571, 4370.2688692749025, 4645.552263832092, 4652.41077706604, 4742.312067068481, 4589.962439593506, 4696.396009423828, 4859.645242169189, 4964.331686621094, 5436.4822448730465, 5630.746295288086, 5642.128500827027, 5878.45260534668, 5788.864728829955, 5696.835318704224, 5635.391477508545]
shares:[0, 0.6195, 1.2721, 1.91, 2.5184, 3.105, 3.6874, 4.2476, 4.8294, 5.3767, 5.8774, 6.3877, 6.8939, 7.4008, 7.9029, 8.3892, 8.8847, 9.3728, 9.8425, 10.3068, 10.7811, 11.2806, 11.7525, 12.2187, 12.6875, 13.1579, 13.5666, 13.9426, 14.3257, 14.7211, 15.1265, 15.5231, 15.9121, 16.3036, 16.7017, 17.0909, 17.4939, 17.9036, 18.2975, 18.6994, 19.1022, 19.5276, 19.9524, 20.3716, 20.7904, 21.18, 21.563, 21.9521, 22.332, 22.7246, 23.1306, 23.5485]
growth_rate:10.5
