ticker:ESGU
price:[77.80000305175781, 75.81999969482422, 75.52999877929688, 74.87000274658203, 76.05000305175781, 79.11000061035156, 79.31999969482422, 78.83000183105469, 74.43000030517578, 80.05999755859375, 81.63999938964844, 81.37999725341797, 83.56999969482422, 84.86000061035156, 84.11000061035156, 85.16000366210938, 85.16999816894531, 86.02999877929688, 87.86000061035156, 86.6500015258789, 88.44000244140625, 85.56999969482422, 89.72000122070312, 90.97000122070312, 90.20999908447266, 87.7300033569336, 88.08999633789062, 90.55999755859375, 89.7300033569336, 90.80000305175781, 91.94999694824219, 94.44999694824219, 95.77999877929688, 95.73999786376953, 95.51000213623047, 96.4800033569336, 95.13999938964844, 94.88999938964844, 96.18000030517578, 96.7300033569336, 97.12999725341797, 95.33000183105469, 98.02999877929688, 99.68000030517578, 100.06999969482422, 99.11000061035156, 101.25, 100.66000366210938, 101.61000061035156, 102.27999877929688, 101.69000244140625, 103.37999725341797]
assets:[0, 99.99899759750366, 199.61823377380372, 297.8703059272766, 402.5630861541748, 518.7638290023804, 620.1396216140747, 716.3124606384278, 776.327232183075, 935.0527354858398, 1053.5070441238402, 1150.1516391822815, 1281.103024321747, 1400.8773760757445, 1488.4946808013915, 1607.0799771087648, 1707.2666812957764, 1824.507008111572, 1963.319573638916, 2036.283700858307, 2178.3480121337893, 2207.654650126648, 2414.724112854004, 2548.369935195923, 2627.077551338196, 2654.8590425865173, 2765.752806021118, 2943.2995366516116, 3016.327900845337, 3152.294625947571, 3292.214470733643, 3481.7291275024413, 3630.7611477264404, 3729.2452487899777, 3820.2854734466555, 3959.085881752777, 4004.1000703124996, 4093.5830406692507, 4249.232413482666, 4373.531025779724, 4491.611601988983, 4508.3750455947875, 4736.064513024902, 4915.779023049927, 5035.012027645112, 5086.711760325623, 5296.5495, 5365.68149520874, 5516.325645135498, 5652.698464535522, 5720.093144329834, 5915.1553308471675]
shares:[0, 1.3189, 2.6429, 3.9785, 5.2934, 6.5575, 7.8182, 9.0868, 10.4303, 11.6794, 12.9043, 14.1331, 15.3297, 16.5081, 17.697, 18.8713, 20.0454, 21.2078, 22.346, 23.5001, 24.6308, 25.7994, 26.914, 28.0133, 29.1218, 30.2617, 31.3969, 32.5011, 33.6156, 34.7169, 35.8044, 36.8632, 37.9073, 38.9518, 39.9988, 41.0353, 42.0864, 43.1403, 44.18, 45.2138, 46.2433, 47.2923, 48.3124, 49.3156, 50.3149, 51.3239, 52.3116, 53.305, 54.2892, 55.2669, 56.2503, 57.2176]
growth_rate:15.98
