ticker:ESLT
price:[125.68000030517578, 121.5, 124.95999908447266, 120.72000122070312, 120.95999908447266, 124.80000305175781, 119.79000091552734, 120.0, 112.16000366210938, 114.43000030517578, 116.30999755859375, 116.11000061035156, 127.12000274658203, 121.73999786376953, 119.37999725341797, 126.25, 131.0, 130.8000030517578, 128.67999267578125, 135.27999877929688, 135.24000549316406, 135.47000122070312, 141.52000427246094, 144.33999633789062, 139.89999389648438, 127.05999755859375, 131.36000061035156, 139.7100067138672, 135.57000732421875, 139.64999389648438, 144.0, 144.6199951171875, 142.99000549316406, 140.60000610351562, 137.05999755859375, 137.86000061035156, 135.39999389648438, 137.32000732421875, 132.39999389648438, 130.32000732421875, 132.60000610351562, 130.75999450683594, 134.13999938964844, 128.60000610351562, 128.88999938964844, 127.63999938964844, 126.05999755859375, 132.6300048828125, 133.0, 142.50999450683594, 145.25, 145.8000030517578]
assets:[0, 99.99449999999999, 202.84756651382446, 295.96922699279787, 396.5552609985352, 509.1465724502563, 588.7079594993592, 689.736, 744.675128314209, 859.7469212928772, 973.8752405578614, 1072.2061896362306, 1273.8822595237732, 1319.965926837921, 1394.3822439193725, 1574.6278750000001, 1733.8767, 1831.2262027252198, 1901.5428557678224, 2099.07210105896, 2198.448005296326, 2302.1907477447508, 2505.0031396255495, 2654.917722640991, 2673.2510533721925, 2527.89676942749, 2713.450988607788, 2985.938147491455, 2997.4528619384764, 3187.6647256805422, 3386.9519999999998, 3501.5393217773435, 3562.066923841858, 3602.523656387329, 3611.8187616638183, 3732.9041665267946, 3766.299770223999, 3919.7034850646974, 3879.266861169434, 3918.318628216553, 4086.864788116455, 4130.159034494019, 4336.92056226654, 4257.804742080688, 4367.411851318359, 4425.061790840149, 4470.289209423828, 4803.275204833984, 4916.6775, 5368.237485076904, 5571.455925, 5692.556999151611]
shares:[0, 0.823, 1.6233, 2.4517, 3.2784, 4.0797, 4.9145, 5.7478, 6.6394, 7.5133, 8.3731, 9.2344, 10.0211, 10.8425, 11.6802, 12.4723, 13.2357, 14.0002, 14.7773, 15.5165, 16.2559, 16.9941, 17.7007, 18.3935, 19.1083, 19.8953, 20.6566, 21.3724, 22.11, 22.8261, 23.5205, 24.212, 24.9113, 25.6225, 26.3521, 27.0775, 27.8161, 28.5443, 29.2996, 30.0669, 30.821, 31.5858, 32.3313, 33.1089, 33.8848, 34.6683, 35.4616, 36.2156, 36.9675, 37.6692, 38.3577, 39.0436]
growth_rate:11.62
