ticker:ESPO
price:[60.41999816894531, 59.16999816894531, 60.16999816894531, 60.470001220703125, 60.91999816894531, 62.29999923706055, 61.790000915527344, 61.38999938964844, 59.779998779296875, 64.97000122070312, 61.810001373291016, 63.619998931884766, 65.20999908447266, 67.19999694824219, 67.56999969482422, 70.41000366210938, 68.72000122070312, 70.01000213623047, 73.13999938964844, 72.62999725341797, 76.22000122070312, 72.62000274658203, 77.44999694824219, 81.02999877929688, 79.33000183105469, 72.18000030517578, 68.37999725341797, 68.97000122070312, 68.41000366210938, 67.4800033569336, 70.19000244140625, 70.88999938964844, 72.0199966430664, 71.94000244140625, 70.80999755859375, 69.0199966430664, 66.16000366210938, 68.52999877929688, 70.72000122070312, 71.1500015258789, 72.16000366210938, 71.30999755859375, 71.56999969482422, 72.18000030517578, 70.18000030517578, 68.23999786376953, 68.91000366210938, 67.68000030517578, 66.22000122070312, 67.26000213623047, 66.0199966430664, 68.01000213623047]
assets:[0, 99.99729690551757, 201.68983386230468, 302.69468511047364, 404.94741182861327, 514.1182837039947, 609.9105620368957, 705.9604369812012, 787.4460559204101, 955.8126699584961, 1009.3264174251556, 1138.8806868793488, 1267.3432902069092, 1406.0188161483763, 1513.7571891632078, 1677.3845582427978, 1737.1248068573, 1869.7361240516664, 2053.325028865051, 2139.004260111237, 2344.733031552124, 2333.9851022743223, 2589.22310297699, 2808.904907684326, 2849.9779137817386, 2693.1079913864137, 2651.3249855056765, 2774.201050100708, 2851.6778436553955, 2912.9093049087523, 3129.8915318664554, 3261.1030189224243, 3413.085256912231, 3509.29087109375, 3554.166207458496, 3564.323764641571, 3516.6291386535645, 3742.6014113342285, 3962.2012203918457, 4086.29400263443, 4244.299879397583, 4294.302314978027, 4409.957299195862, 4547.542123226929, 4521.536005661774, 4496.545003237153, 4640.695959622192, 4657.859445002747, 4657.37850385437, 4830.525915421295, 4841.470821824646, 5087.406597798156]
shares:[0, 1.69, 3.352, 5.0057, 6.6472, 8.2523, 9.8707, 11.4996, 13.1724, 14.7116, 16.3295, 17.9013, 19.4348, 20.9229, 22.4028, 23.8231, 25.2783, 26.7067, 28.0739, 29.4507, 30.7627, 32.1397, 33.4309, 34.665, 35.9256, 37.311, 38.7734, 40.2233, 41.6851, 43.167, 44.5917, 46.0023, 47.3908, 48.7808, 50.193, 51.6419, 53.1534, 54.6126, 56.0266, 57.4321, 58.8179, 60.2202, 61.6174, 63.0028, 64.4277, 65.8931, 67.3443, 68.8218, 70.3319, 71.8187, 73.3334, 74.8038]
growth_rate:-0.25
