ticker:ESPR
price:[38.0, 37.84000015258789, 39.20000076293945, 37.52000045776367, 34.18000030517578, 33.810001373291016, 35.119998931884766, 32.310001373291016, 29.969999313354492, 25.25, 28.690000534057617, 27.809999465942383, 27.020000457763672, 30.170000076293945, 29.149999618530273, 28.200000762939453, 29.299999237060547, 26.0, 31.049999237060547, 25.549999237060547, 25.93000030517578, 31.489999771118164, 34.08000183105469, 29.860000610351562, 29.549999237060547, 27.389999389648438, 29.040000915527344, 30.34000015258789, 29.389999389648438, 27.389999389648438, 28.709999084472656, 26.950000762939453, 27.020000457763672, 27.510000228881836, 26.950000762939453, 22.290000915527344, 22.8799991607666, 20.760000228881836, 19.90999984741211, 20.850000381469727, 26.3700008392334, 24.719999313354492, 23.68000030517578, 20.489999771118164, 19.270000457763672, 17.450000762939453, 15.600000381469727, 15.390000343322754, 14.210000038146973, 13.90999984741211, 13.170000076293945, 13.640000343322754]
assets:[0, 99.99976840324402, 203.59304396247862, 294.8659315975189, 368.61763129119873, 464.6271818721771, 582.6302462802887, 636.0126840328217, 689.9513421924592, 681.29045, 874.1068532712936, 947.294792808342, 1020.3859992870331, 1239.344382134056, 1297.4431630210877, 1355.1594966632845, 1508.0211507328033, 1438.1770000000001, 1817.5148103412628, 1595.571902355194, 1719.3016352348327, 2187.959823097038, 2467.9169645965576, 2262.3250302429196, 2338.8381146144866, 2267.878254463196, 2504.4967989578245, 2716.6132736625673, 2731.5506282730103, 2645.668516044617, 2873.1703843780515, 2797.0381691825864, 2904.3041932037354, 3056.971747433853, 3094.744047610474, 2659.6228482398988, 2830.0202321954725, 2667.799121412849, 2658.5683426250457, 2884.086727766991, 3747.643868269921, 3613.149259637833, 3561.140525894165, 3181.408500462341, 3091.9833394508364, 2899.9545517902375, 2692.5101458404542, 2756.264416487217, 2644.9328851003647, 2689.0936895015716, 2646.036078328514, 2840.4659634953496]
shares:[0, 2.6427, 5.1937, 7.8589, 10.7846, 13.7423, 16.5897, 19.6847, 23.0214, 26.9818, 30.4673, 34.0631, 37.7641, 41.0787, 44.5092, 48.0553, 51.4683, 55.3145, 58.5351, 62.449, 66.3055, 69.4811, 72.4154, 75.7644, 79.1485, 82.7995, 86.243, 89.539, 92.9415, 96.5925, 100.0756, 103.7862, 107.4872, 111.1222, 114.8328, 119.3191, 123.6897, 128.5067, 133.5293, 138.3255, 142.1177, 146.163, 150.386, 155.2664, 160.4558, 166.1865, 172.5968, 179.0945, 186.1318, 193.3209, 200.9139, 208.2453]
growth_rate:-44.3
