ticker:ESQ
price:[16.299999237060547, 15.930000305175781, 15.9399995803833, 14.329999923706055, 15.430000305175781, 16.700000762939453, 16.510000228881836, 17.709999084472656, 15.59000015258789, 16.200000762939453, 17.18000030517578, 18.329999923706055, 18.299999237060547, 18.3700008392334, 19.989999771118164, 20.75, 19.25, 19.190000534057617, 21.8700008392334, 22.5, 25.100000381469727, 22.079999923706055, 22.899999618530273, 22.979999542236328, 22.450000762939453, 22.31999969482422, 25.549999237060547, 25.700000762939453, 24.100000381469727, 23.010000228881836, 23.34000015258789, 22.989999771118164, 23.8700008392334, 23.110000610351562, 22.950000762939453, 23.020000457763672, 23.3799991607666, 24.100000381469727, 24.6299991607666, 25.010000228881836, 25.0, 23.780000686645508, 23.950000762939453, 23.809999465942383, 23.18000030517578, 23.700000762939453, 23.760000228881836, 24.1299991607666, 24.969999313354492, 25.739999771118164, 26.0, 25.969999313354492]
assets:[0, 100.00057691574096, 200.06293473339082, 279.856300510025, 401.33893693771364, 534.3716344127655, 628.291360710144, 773.9570669898987, 781.3100066471101, 911.8802229450225, 1067.0429469543458, 1238.468277845192, 1336.441624282837, 1441.554586857414, 1668.6812228939057, 1832.123325, 1799.680575, 1894.0703237119676, 2258.5893446704863, 2423.6504999999997, 2803.717732610893, 2566.378263132286, 2761.6872839956286, 2871.3348568027495, 2905.110918727112, 2988.2886071418766, 3520.733684868622, 3641.4048381000516, 3514.7030856328965, 3455.7384763744353, 3605.2994815700536, 3651.234979649353, 3890.99632280159, 3867.1096411331177, 3940.3361209907534, 4052.3534045829774, 4215.727140674972, 4445.5535503669735, 4643.318868785286, 4814.957757064629, 4913.0325, 4773.2763078279495, 4907.400661327743, 4978.713746327591, 4946.980627129364, 5157.956776042557, 5271.015866776085, 5453.097489343071, 5742.927549076271, 6020.0222404695505, 6180.8318, 6273.69998712368]
shares:[0, 6.2775, 12.551, 19.5294, 26.0103, 31.9983, 38.0552, 43.7017, 50.1161, 56.2889, 62.1096, 67.5651, 73.0296, 78.4733, 83.4758, 88.2951, 93.4899, 98.7009, 103.2734, 107.7178, 111.7019, 116.2309, 120.5977, 124.9493, 129.4036, 133.8839, 137.7978, 141.6889, 145.8383, 150.1842, 154.4687, 158.8184, 163.0078, 167.3349, 171.6922, 176.0362, 180.3134, 184.4628, 188.5229, 192.5213, 196.5213, 200.7265, 204.9019, 209.1018, 213.4159, 217.6353, 221.8441, 225.9883, 229.9931, 233.8781, 237.7243, 241.5749]
growth_rate:23.01
