ticker:ESSA
price:[13.329999923706055, 13.15999984741211, 13.15999984741211, 12.050000190734863, 12.300000190734863, 13.210000038146973, 13.15999984741211, 13.449999809265137, 12.710000038146973, 12.850000381469727, 14.619999885559082, 14.859999656677246, 15.920000076293945, 16.06999969482422, 16.229999542236328, 15.539999961853027, 15.100000381469727, 15.0, 15.359999656677246, 14.779999732971191, 15.100000381469727, 14.279999732971191, 15.59000015258789, 15.239999771118164, 15.5, 15.710000038146973, 17.75, 17.200000762939453, 16.6200008392334, 16.6200008392334, 16.440000534057617, 15.720000267028809, 16.0, 15.34000015258789, 15.520000457763672, 15.520000457763672, 15.699999809265137, 15.970000267028809, 15.850000381469727, 16.149999618530273, 16.170000076293945, 16.100000381469727, 17.0, 16.280000686645508, 16.219999313354492, 16.219999313354492, 16.43000030517578, 16.329999923706055, 16.469999313354492, 16.5, 16.579999923706055, 16.780000686645508]
assets:[0, 100.00020684051513, 200.00041368103027, 283.13162448158266, 389.0059560322762, 517.7857664952278, 615.8261408596038, 729.3961796564103, 789.2655823688507, 897.9593116571426, 1121.6463912200927, 1240.059541349888, 1428.5159348459244, 1541.9759297172545, 1657.328026255417, 1686.8685498591424, 1739.1063039348603, 1827.5894999999998, 1971.4513479346276, 1997.0085319202424, 2140.2453640687945, 2124.0200122818947, 2418.87115067482, 2464.5670429859165, 2606.6133, 2741.9291466579434, 3197.97845, 3198.8871018928526, 3191.016893131638, 3291.0161141811373, 3355.372873000145, 3308.421824198723, 3467.3504, 3424.3221560619354, 3564.503337135315, 3664.5033560848237, 3807.00346374979, 3972.4736864223482, 4042.6234322957994, 4219.14056534214, 4324.365758403396, 4405.645964386368, 4751.924999999999, 4650.667096152306, 4733.526193614387, 4833.5257333810805, 4996.105141799164, 5065.696616333008, 5209.124794828033, 5318.6133, 5444.401102947235, 5610.0760875669475]
shares:[0, 7.5988, 15.1976, 23.4964, 31.6265, 39.1965, 46.7953, 54.2302, 62.098, 69.8801, 76.72, 83.4495, 89.7309, 95.9537, 102.1151, 108.5501, 115.1726, 121.8393, 128.3497, 135.1156, 141.7381, 148.7409, 155.1553, 161.717, 168.1686, 174.534, 180.1678, 185.9818, 191.9986, 198.0154, 204.0981, 210.4594, 216.7094, 223.2283, 229.6716, 236.1149, 242.4843, 248.746, 255.0551, 261.2471, 267.4314, 273.6426, 279.525, 285.6675, 291.8327, 297.9979, 304.0843, 310.208, 316.2796, 322.3402, 328.3716, 334.3311]
growth_rate:10.0
