ticker:ESSCU
price:[10.140000343322754, 10.220000267028809, 10.239999771118164, 10.1899995803833, 10.130000114440918, 10.555000305175781, 10.144000053405762, 10.100000381469727, 9.989999771118164, 10.088000297546387, 10.3100004196167, 10.15999984741211, 10.289999961853027, 10.5, 10.529999732971191, 10.5, 10.720000267028809, 11.100000381469727, 12.300999641418457, 11.199999809265137, 11.149999618530273, 11.100000381469727, 11.100000381469727, 10.680000305175781, 10.800000190734863, 10.529999732971191, 10.65999984741211, 11.34000015258789, 11.5600004196167, 10.470000267028809, 10.918000221252441, 10.918000221252441, 10.918000221252441, 10.918000221252441, 10.470000267028809, 10.4399995803833, 10.4399995803833, 10.4399995803833, 10.479999542236328, 10.59000015258789, 10.579999923706055, 10.550000190734863, 10.5, 10.5, 10.75, 10.75, 10.75, 10.489999771118164, 10.899999618530273, 10.520000457763672, 10.71500015258789, 10.623000144958496]
assets:[0, 99.99963661279679, 200.19506752529145, 299.21710967845917, 397.45561949014666, 514.1308983650207, 594.1107519278527, 691.5338961187363, 784.0021950376511, 891.6934783005714, 1011.3161891605378, 1096.6023115306855, 1210.6339305119513, 1335.3406499999999, 1439.1561235046386, 1535.0558999999998, 1667.219465529442, 1826.3185827644347, 2123.9225806863783, 2033.821405364227, 2124.741697307205, 2215.2137561294558, 2315.2136595661163, 2327.6110145103457, 2453.764363335037, 2492.4203997950553, 2623.191442451477, 2890.524080894089, 3046.6011185886387, 2859.3350859250068, 3081.683080250072, 3181.683227876568, 3281.683375503063, 3381.683523129558, 3342.9224112585066, 3433.3431540030483, 3533.342689983749, 3633.342225964451, 3747.263220320511, 3886.5957140007017, 3982.9256112785342, 4071.6322586115834, 4152.33525, 4252.33515, 4453.5809500000005, 4553.580675, 4653.580400000001, 4641.0287077371595, 4922.422387728882, 4850.815343076706, 5040.730383782959, 5097.449806458378]
shares:[0, 9.7847, 19.5503, 29.3638, 39.2355, 48.7097, 58.5677, 68.4687, 78.4787, 88.3915, 98.0908, 107.9333, 117.6515, 127.1753, 136.672, 146.1958, 155.5242, 164.5332, 172.6626, 181.5912, 190.5598, 199.5688, 208.5778, 217.9411, 227.2004, 236.6971, 246.078, 254.8963, 263.5468, 273.0979, 282.2571, 291.4163, 300.5755, 309.7347, 319.2858, 328.8643, 338.4428, 348.0213, 357.5633, 367.0062, 376.458, 385.9367, 395.4605, 404.9843, 414.2866, 423.5889, 432.8912, 442.4241, 451.5984, 461.1041, 470.4368, 479.8503]
growth_rate:-0.05
