ticker:ESSC
price:[9.859999656677246, 9.84000015258789, 9.800000190734863, 9.819999694824219, 9.800000190734863, 9.789999961853027, 9.800000190734863, 9.779999732971191, 9.78499984741211, 9.800000190734863, 9.829999923706055, 9.869999885559082, 9.949999809265137, 9.979999542236328, 9.970000267028809, 9.984999656677246, 10.029999732971191, 10.050000190734863, 10.229999542236328, 10.085000038146973, 10.085000038146973, 10.029999732971191, 10.100000381469727, 10.029999732971191, 10.050000190734863, 10.0, 10.008000373840332, 10.039999961853027, 9.979999542236328, 9.920000076293945, 10.0, 10.020000457763672, 10.0, 9.979999542236328, 9.989999771118164, 10.0, 10.0, 10.029999732971191, 10.050000190734863, 10.0600004196167, 10.069999694824219, 10.079999923706055, 10.09000015258789, 10.100000381469727, 10.100000381469727, 10.109999656677246, 10.100000381469727, 10.100000381469727, 10.104999542236328, 10.109999656677246, 10.130000114440918, 10.149999618530273]
assets:[0, 99.99998555068969, 199.59366388463977, 300.0009906768799, 399.3901877732277, 498.98259205570224, 599.4924716677666, 698.2685089347839, 798.6252680461884, 899.8497375135421, 1002.6039612184524, 1106.6836071681976, 1215.6541616967202, 1319.3190134853364, 1417.9972459785463, 1520.1303267320632, 1626.9813016848564, 1730.2251178372383, 1861.2144037158967, 1934.8334783185958, 2034.83331319685, 2123.7360954597475, 2238.5580245487213, 2323.043223153591, 2427.675031073856, 2515.5969999999998, 2617.609511378574, 2725.9794656426434, 2809.688233124924, 2892.7960222482684, 3016.125, 3122.1569926357265, 3215.9249999999997, 3309.4925981998445, 3412.808696808815, 3516.225, 3616.225, 3727.0736787740707, 3834.505212773514, 3938.3211562728884, 4042.2358364982606, 4146.249712617683, 4250.363123276901, 4354.575774469185, 4454.575878246116, 4558.9860581826215, 4654.477105796242, 4754.477209573173, 4856.830601982117, 4959.233867590714, 5069.044966266155, 5179.0525303545]
shares:[0, 10.1626, 20.3667, 30.55, 40.7541, 50.9686, 61.1727, 71.3976, 81.6173, 91.8214, 101.9943, 112.126, 122.1763, 132.1963, 142.2264, 152.2414, 162.2115, 172.1617, 181.9369, 191.8526, 201.7683, 211.7384, 221.6394, 231.6095, 241.5597, 251.5597, 261.5517, 271.5119, 281.5319, 291.6125, 301.6125, 311.5925, 321.5925, 331.6125, 341.6225, 351.6225, 361.6225, 371.5926, 381.5428, 391.4832, 401.4137, 411.3343, 421.2451, 431.1461, 441.0471, 450.9383, 460.8393, 470.7403, 480.6364, 490.5276, 500.3993, 510.2515]
growth_rate:1.55
