ticker:ESTA
price:[19.350000381469727, 19.360000610351562, 18.389999389648438, 17.6200008392334, 18.719999313354492, 18.649999618530273, 18.25, 24.6299991607666, 25.030000686645508, 25.350000381469727, 25.239999771118164, 26.25, 27.170000076293945, 29.5, 31.260000228881836, 34.0, 35.0, 37.63999938964844, 37.90999984741211, 51.060001373291016, 52.9900016784668, 50.61000061035156, 54.939998626708984, 69.48999786376953, 70.4000015258789, 69.02999877929688, 61.650001525878906, 58.970001220703125, 60.56999969482422, 58.04999923706055, 66.0999984741211, 68.9800033569336, 69.19000244140625, 74.11000061035156, 72.63999938964844, 71.58999633789062, 69.54000091552734, 74.9800033569336, 79.80000305175781, 75.62999725341797, 79.16999816894531, 78.18000030517578, 84.9000015258789, 85.86000061035156, 83.2300033569336, 74.80000305175781, 76.23999786376953, 79.29000091552734, 71.4800033569336, 68.1500015258789, 67.01000213623047, 72.47000122070312]
assets:[0, 100.00021115264893, 194.9891635284424, 286.825421661377, 404.7320011545181, 503.21801970710754, 592.426025, 899.5319033496856, 1014.1405378208161, 1127.1066469608306, 1222.2167009166717, 1371.124125, 1519.1779502658844, 1749.4562, 1953.83129030571, 2225.0892, 2390.5315, 2670.844020690918, 2790.001602770233, 3857.782237757492, 4103.5987199821475, 4019.289357472229, 4463.16616243782, 5745.168961384582, 5920.407808321381, 5905.191954574585, 5373.870343006897, 5240.263012475586, 5482.445066377259, 5354.35197462883, 6196.861636949157, 6566.8618295784, 6686.853947949219, 7262.342810810852, 7218.294851348877, 7213.952114978028, 7107.377517572022, 7763.377061574554, 8362.433839801026, 8025.446906547546, 8501.09231238556, 8494.788657159424, 9324.966197594451, 9530.408551748656, 9338.48128365097, 8492.62778648987, 8756.118010655213, 9206.40958030243, 8399.586602471923, 8108.282731544495, 8072.64805035019, 8830.411672741699]
shares:[0, 5.1653, 10.603, 16.2784, 21.6203, 26.9822, 32.4617, 36.5218, 40.517, 44.4618, 48.4238, 52.2333, 55.9138, 59.3036, 62.5026, 65.4438, 68.3009, 70.9576, 73.5954, 75.5539, 77.441, 79.4169, 81.2371, 82.6762, 84.0967, 85.5453, 87.1674, 88.8632, 90.5142, 92.2369, 93.7498, 95.1995, 96.6448, 97.9941, 99.3708, 100.7676, 102.2056, 103.5393, 104.7924, 106.1146, 107.3777, 108.6568, 109.8347, 110.9994, 112.2009, 113.5378, 114.8494, 116.1106, 117.5096, 118.977, 120.4693, 121.8492]
growth_rate:73.15
