ticker:ESXB
price:[5.150000095367432, 5.059999942779541, 5.179999828338623, 5.010000228881836, 5.159999847412109, 5.289999961853027, 5.159999847412109, 5.389999866485596, 5.460000038146973, 5.690000057220459, 6.28000020980835, 6.449999809265137, 6.710000038146973, 6.980000019073486, 6.849999904632568, 6.849999904632568, 6.989999771118164, 6.75, 7.21999979019165, 7.190000057220459, 7.21999979019165, 7.21999979019165, 7.429999828338623, 7.730000019073486, 7.670000076293945, 7.760000228881836, 8.260000228881836, 8.4399995803833, 8.65999984741211, 8.710000038146973, 8.65999984741211, 8.529999732971191, 8.600000381469727, 8.369999885559082, 8.380000114440918, 8.890000343322754, 9.149999618530273, 8.880000114440918, 8.84000015258789, 11.970000267028809, 11.699999809265137, 11.270000457763672, 11.699999809265137, 11.350000381469727, 10.729999542236328, 10.609999656677246, 10.550000190734863, 10.600000381469727, 10.880000114440918, 11.029999732971191, 11.100000381469727, 11.359999656677246]
assets:[0, 99.99976686916351, 202.37119729356766, 295.72979251041414, 404.5837200359345, 514.7767732878685, 602.1260581943512, 728.9651419429779, 838.432145857811, 973.7507627923488, 1174.7198832461834, 1306.5197013645172, 1459.1854612956047, 1617.9004864210606, 1687.7673665024756, 1787.7670901102545, 1924.305695990181, 1958.235075, 2194.586082226801, 2285.4673431885244, 2395.003168402815, 2495.0030534968855, 2667.5727773688795, 2875.2809540946487, 2952.963068373299, 3087.6132990694045, 3386.5571418403624, 3560.355586987591, 3753.160797869873, 3874.830781970501, 3952.586738356018, 3993.251987992573, 4126.022183017731, 4115.6745817274095, 4220.592085638237, 4577.454064776611, 4811.32782941246, 4769.354821465015, 4847.871111679458, 6664.368271669865, 6614.043822177029, 6470.963782836915, 6817.8589888544075, 6713.90658565216, 6447.155633951187, 6475.05361447754, 6538.437523209286, 6669.425900017357, 6945.599497057056, 7141.356782112598, 7286.678500418663, 7557.356779601002]
shares:[0, 19.7628, 39.0678, 59.0279, 78.4077, 97.3113, 116.6911, 135.244, 153.559, 171.1337, 187.0573, 202.5612, 217.4643, 231.7909, 246.3894, 260.9879, 275.2941, 290.1089, 303.9593, 317.8675, 331.7179, 345.5683, 359.0273, 371.9639, 385.0017, 397.8883, 409.9948, 421.8431, 433.3904, 444.8715, 456.4188, 468.1421, 479.77, 491.7174, 503.6506, 514.8992, 525.8282, 537.0895, 548.4017, 556.7559, 565.3029, 574.176, 582.723, 591.5336, 600.8533, 610.2784, 619.7571, 629.1911, 638.3823, 647.4485, 656.4575, 665.2603]
growth_rate:48.18
