ticker:ETACU
price:[10.029999732971191, 10.050000190734863, 10.180000305175781, 10.15999984741211, 10.0600004196167, 10.01099967956543, 10.0, 9.979999542236328, 9.96500015258789, 9.942999839782715, 9.960000038146973, 10.0, 10.170000076293945, 10.25, 10.420000076293945, 10.600000381469727, 10.739999771118164, 10.65999984741211, 10.795000076293945, 11.0, 11.600000381469727, 10.930000305175781, 11.229999542236328, 11.20300006866455, 11.399999618530273, 10.779999732971191, 10.34000015258789, 10.369999885559082, 10.289999961853027, 10.100000381469727, 10.130000114440918, 10.199999809265137, 10.097000122070312, 10.149999618530273, 10.039999961853027, 10.029999732971191, 10.050000190734863, 10.055000305175781, 10.0, 10.020000457763672, 10.119999885559082, 10.069999694824219, 10.130000114440918, 10.130000114440918, 10.039999961853027, 10.140000343322754, 10.020999908447266, 10.069999694824219, 10.050000190734863, 10.050000190734863, 9.979999542236328, 9.960000038146973]
assets:[0, 99.99951189785004, 201.29321803436278, 300.8975394809723, 397.936394598484, 495.99798242397304, 595.453, 694.2616621555328, 793.2179981460571, 891.4664967352868, 992.9910878031731, 1096.979, 1215.6272281194686, 1325.1897, 1447.1681645959854, 1572.1676765787124, 1692.9322019216538, 1780.3223105163574, 1902.8681279485702, 2039.0040000000001, 2250.2225939992904, 2220.2524959915163, 2381.1922579364777, 2475.467549272442, 2618.997152362442, 2576.5600761766436, 2571.3946659461976, 2678.8551084367755, 2758.1892137748714, 2807.2607660282133, 2915.5994119381908, 3035.7463832330704, 3105.091069239807, 3221.389623929787, 3286.478527513027, 3383.2051679288866, 3489.9510062343597, 3591.6873345100403, 3672.0409999999997, 3779.3848546611785, 3917.1028157038686, 3997.749598846435, 4121.569847562313, 4221.57016969204, 4284.063967722702, 4426.733759881497, 4474.782309617996, 4596.662830696106, 4687.533148962784, 4787.532660860634, 4854.185949347687, 4944.458754937363]
shares:[0, 9.9502, 19.7734, 29.6159, 39.5563, 49.5453, 59.5453, 69.5653, 79.6004, 89.6577, 99.6979, 109.6979, 119.5307, 129.2868, 138.8837, 148.3177, 157.6287, 167.0096, 176.2731, 185.364, 193.9847, 203.1338, 212.0385, 220.9647, 229.7366, 239.013, 248.6842, 258.3274, 268.0456, 277.9466, 287.8183, 297.6222, 307.5261, 317.3783, 327.3385, 337.3086, 347.2588, 357.2041, 367.2041, 377.1841, 387.0655, 396.996, 406.8677, 416.7394, 426.6996, 436.5615, 446.5405, 456.471, 466.4212, 476.3714, 486.3914, 496.4316]
growth_rate:-3.05
