ticker:ETAC
price:[9.800000190734863, 9.75, 9.75, 9.729999542236328, 9.739999771118164, 9.720000267028809, 9.630000114440918, 9.647000312805176, 9.670000076293945, 9.720000267028809, 9.899999618530273, 9.880000114440918, 9.960000038146973, 10.140000343322754, 10.149999618530273, 10.229999542236328, 10.210000038146973, 10.350000381469727, 10.84000015258789, 10.319999694824219, 10.520000457763672, 10.510000228881836, 10.630000114440918, 10.15999984741211, 9.979999542236328, 9.949999809265137, 9.899999618530273, 9.760000228881836, 9.8100004196167, 9.869999885559082, 9.819999694824219, 9.869999885559082, 9.779999732971191, 9.760000228881836, 9.75, 9.729999542236328, 9.720000267028809, 9.760000228881836, 9.8100004196167, 9.8100004196167, 9.75, 9.75, 9.75, 9.75, 9.75, 9.770000457763672, 9.760000228881836, 9.760000228881836, 9.760000228881836, 9.75, 9.75, 9.760000228881836]
assets:[0, 99.9999, 199.9998, 299.5896049053192, 399.8971186027527, 499.0763297106743, 594.4550920643807, 695.5043463518142, 797.162895289421, 901.2850807601928, 1017.9753807750702, 1115.9193369257928, 1224.9555046916007, 1347.092961610222, 1448.4211855636597, 1559.83759420166, 1656.787937190151, 1779.5055805871962, 1963.7527476425169, 1969.5502697578431, 2107.7199637145995, 2205.715881035042, 2330.899653094101, 2327.8398610393524, 2386.5981285312655, 2479.4245324710846, 2566.9649610889437, 2630.6645896917344, 2744.1416073789596, 2860.9250758280755, 2946.431988433838, 3061.4341235032084, 3133.5177824438097, 3227.109915678978, 3323.8032749999998, 3416.9851312423707, 3513.473916522503, 3627.9326290786744, 3746.518621255016, 3846.518822532463, 3922.99245, 4022.99235, 4122.99225, 4222.99215, 4322.99205, 4431.85979165039, 4527.323482170295, 4627.323468515396, 4727.323454860497, 4822.479675, 4922.479575, 5027.528373900604]
shares:[0, 10.2564, 20.5128, 30.7903, 41.0572, 51.3453, 61.7295, 72.0954, 82.4367, 92.7248, 102.8258, 112.9473, 122.9875, 132.8494, 142.7016, 152.4768, 162.2711, 171.9329, 181.158, 190.8479, 200.3536, 209.8683, 219.2756, 229.1181, 239.1381, 249.1884, 259.2894, 269.5353, 279.729, 289.8607, 300.044, 310.1757, 320.4006, 330.6465, 340.9029, 351.1804, 361.4685, 371.7144, 381.9081, 392.1018, 402.3582, 412.6146, 422.871, 433.1274, 443.3838, 453.6192, 463.8651, 474.111, 484.3569, 494.6133, 504.8697, 515.1156]
growth_rate:-1.42
