ticker:ETNB
price:[36.81999969482422, 34.560001373291016, 25.530000686645508, 25.360000610351562, 25.75, 24.100000381469727, 23.729999542236328, 24.43000030517578, 23.15999984741211, 24.68000030517578, 26.8799991607666, 27.600000381469727, 27.280000686645508, 26.93000030517578, 25.610000610351562, 25.969999313354492, 27.190000534057617, 24.3700008392334, 21.8799991607666, 21.3799991607666, 20.729999542236328, 20.299999237060547, 23.010000228881836, 23.690000534057617, 24.489999771118164, 24.559999465942383, 22.329999923706055, 25.059999465942383, 25.09000015258789, 25.1200008392334, 23.59000015258789, 26.280000686645508, 24.770000457763672, 25.719999313354492, 26.290000915527344, 24.170000076293945, 21.6299991607666, 22.6200008392334, 18.899999618530273, 18.469999313354492, 19.3799991607666, 19.079999923706055, 21.770000457763672, 17.440000534057617, 17.889999389648438, 17.450000762939453, 17.1200008392334, 15.65999984741211, 18.139999389648438, 18.459999084472656, 17.010000228881836, 19.0]
assets:[0, 99.99936397361755, 173.87206967639924, 272.7138385635376, 376.9079, 452.75706716651916, 545.8066004711151, 661.9064282684326, 727.4972832069396, 875.2441268226625, 1053.2631991155624, 1181.4759763296126, 1267.7780159103393, 1351.5116883155824, 1385.2654210144044, 1504.738118214798, 1675.4260809082032, 1601.6598171566009, 1538.0107810077668, 1602.8649510824202, 1654.133729473114, 1719.8220253635404, 2049.4132823856353, 2209.978555820847, 2384.6084207136155, 2491.4252898239138, 2365.209222918892, 2754.3721073011397, 2857.6707293792724, 2961.087922926903, 2880.735330633545, 3309.2302464637755, 3219.086966490555, 3442.5473200944903, 3618.8396580230715, 3427.020804817581, 3166.878459126663, 3411.826752583504, 2950.7303104436874, 2983.597514081001, 3230.5974101018905, 3280.588474882126, 3843.1038978099828, 3178.7191373405453, 3360.73835834198, 3378.0828276947022, 3414.1989673662188, 3223.0346805953977, 3833.4516970169066, 4001.0755815658567, 3786.7985699541096, 4329.8169]
shares:[0, 2.8935, 6.8105, 10.7537, 14.6372, 18.7866, 23.0007, 27.094, 31.4118, 35.4637, 39.1839, 42.8071, 46.4728, 50.1861, 54.0908, 57.9414, 61.6192, 65.7226, 70.293, 74.9703, 79.7942, 84.7203, 89.0662, 93.2874, 97.3707, 101.4424, 105.9207, 109.9111, 113.8968, 117.8777, 122.1168, 125.922, 129.9591, 133.8471, 137.6508, 141.7882, 146.4114, 150.8323, 156.1233, 161.5375, 166.6975, 171.9386, 176.5321, 182.266, 187.8557, 193.5864, 199.4275, 205.8132, 211.3259, 216.743, 222.6219, 227.8851]
growth_rate:-15.1
