ticker:ETON
price:[7.260000228881836, 7.699999809265137, 9.0600004196167, 8.279999732971191, 6.960000038146973, 6.989999771118164, 7.730000019073486, 7.639999866485596, 7.289999961853027, 6.949999809265137, 7.210000038146973, 7.360000133514404, 7.949999809265137, 8.15999984741211, 8.779999732971191, 8.640000343322754, 8.779999732971191, 8.130000114440918, 8.369999885559082, 9.069999694824219, 9.25, 8.920000076293945, 9.880000114440918, 10.0, 9.6899995803833, 7.909999847412109, 7.71999979019165, 8.210000038146973, 7.989999771118164, 7.010000228881836, 7.309999942779541, 7.5, 8.079999923706055, 8.119999885559082, 8.680000305175781, 7.909999847412109, 8.25, 8.34000015258789, 7.059999942779541, 6.170000076293945, 6.789999961853027, 5.980000019073486, 6.21999979019165, 6.010000228881836, 5.900000095367432, 5.440000057220459, 5.590000152587891, 5.139999866485596, 5.869999885559082, 4.420000076293945, 4.409999847412109, 5.070000171661377]
assets:[0, 99.99989752292633, 217.6619800810814, 298.9228943597793, 351.26841792526244, 452.782827173996, 600.7168534822464, 693.7226838767052, 761.9420480129241, 826.4057123202324, 957.3214540650368, 1077.238323541689, 1263.592844684124, 1396.9707578773498, 1603.1129332440378, 1677.5511066598892, 1804.733335112095, 1771.1254029310226, 1923.409233701706, 2184.268164506531, 2327.61635, 2344.5774200534825, 2696.909051238537, 2829.665, 2841.9450929321292, 2419.8951793190004, 2461.768973095894, 2718.0214956290242, 2745.1873423612597, 2508.480913903809, 2715.8338397412776, 2886.4230000000002, 3209.639377693558, 3325.5289011309624, 3654.875576499939, 3430.652361820984, 3678.114, 3818.2388858581544, 3332.226074992704, 3012.158251246262, 3414.8383238150595, 3107.4717279114243, 3332.1863736011983, 3319.6849284252166, 3358.9255142935754, 3197.043425627994, 3385.1973234043126, 3212.6859845486642, 3768.962566520691, 2937.9581387123108, 3031.3108561153413, 3584.976841381073]
shares:[0, 12.987, 24.0245, 36.1018, 50.4696, 64.7758, 77.7124, 90.8014, 104.5188, 118.9073, 132.7769, 146.3639, 158.9425, 171.1974, 182.5869, 194.161, 205.5505, 217.8506, 229.798, 240.8234, 251.6342, 262.845, 272.9665, 282.9665, 293.2864, 305.9286, 318.882, 331.0623, 343.5779, 357.8432, 371.5231, 384.8564, 397.2326, 409.5479, 421.0686, 433.7108, 445.832, 457.8224, 471.9867, 488.1942, 502.9217, 519.6441, 535.7213, 552.3602, 569.3094, 587.6918, 605.5809, 625.0362, 642.072, 664.6964, 687.3721, 707.096]
growth_rate:-29.71
