ticker:ETSY
price:[112.04000091552734, 110.7699966430664, 111.75, 118.27999877929688, 131.6300048828125, 146.6699981689453, 147.58999633789062, 137.84500122070312, 121.58999633789062, 146.27999877929688, 124.91999816894531, 140.05999755859375, 160.5500030517578, 155.02999877929688, 170.02000427246094, 190.75999450683594, 190.30999755859375, 177.91000366210938, 175.64999389648438, 204.4199981689453, 213.58999633789062, 199.08999633789062, 231.1199951171875, 233.86000061035156, 227.27000427246094, 220.27000427246094, 200.3000030517578, 221.13999938964844, 215.41000366210938, 202.32000732421875, 208.1999969482422, 218.57000732421875, 219.99000549316406, 214.58999633789062, 198.7899932861328, 165.50999450683594, 163.11000061035156, 167.55999755859375, 164.72999572753906, 164.17999267578125, 165.82000732421875, 169.82000732421875, 184.8000030517578, 197.57000732421875, 195.08999633789062, 184.4199981689453, 208.86000061035156, 183.50999450683594, 178.36000061035156, 192.0800018310547, 199.27000427246094, 210.39999389648438]
assets:[0, 100.00315296936036, 200.892975, 312.63769277343755, 447.9237436157226, 599.1029415206909, 702.8678395599364, 756.4657976989746, 767.2571948913575, 1023.0530554626465, 973.6639417282104, 1191.6724772277832, 1466.014187866211, 1515.604274066162, 1762.155332281494, 2077.1092761871337, 2172.217343133545, 2130.6857858581543, 2203.6169984283447, 2664.553350132752, 2884.0843615509034, 2788.295216711426, 3336.8873775024417, 3476.4458390731816, 3478.481050392151, 3471.345132331848, 3256.63768961792, 3695.4705298004146, 3699.709894897461, 3574.893369415283, 3778.788304611206, 4066.9976972839354, 4193.4274857101445, 4190.491989486694, 3981.9424765151975, 3415.3152876480103, 3465.7939149688723, 3660.3481466674803, 3698.53433707428, 3786.1876470947263, 3924.0143993225097, 4118.678601635742, 4581.9867156661985, 4998.600213305664, 5035.858075469971, 4860.425935742188, 5604.549256378174, 5024.30178860321, 4983.307073052978, 5466.6352681121825, 5771.257863739013, 6193.607740328979]
shares:[0, 0.9028, 1.7977, 2.6432, 3.4029, 4.0847, 4.7623, 5.4878, 6.3102, 6.9938, 7.7943, 8.5083, 9.1312, 9.7762, 10.3644, 10.8886, 11.4141, 11.9762, 12.5455, 13.0347, 13.5029, 14.0052, 14.4379, 14.8655, 15.3055, 15.7595, 16.2588, 16.711, 17.1752, 17.6695, 18.1498, 18.6073, 19.0619, 19.5279, 20.0309, 20.6351, 21.2482, 21.845, 22.4521, 23.0612, 23.6643, 24.2532, 24.7943, 25.3004, 25.813, 26.3552, 26.834, 27.3789, 27.9396, 28.4602, 28.962, 29.4373]
growth_rate:21.44
