ticker:ETTX
price:[2.759999990463257, 2.940000057220459, 2.859999895095825, 2.2899999618530273, 2.1500000953674316, 2.0199999809265137, 2.069999933242798, 1.7699999809265137, 1.6100000143051147, 1.6699999570846558, 1.7200000286102295, 1.809999942779541, 1.7599999904632568, 1.75, 2.0, 2.390000104904175, 2.8499999046325684, 2.4700000286102295, 2.619999885559082, 2.640000104904175, 3.4700000286102295, 3.1500000953674316, 3.2899999618530273, 3.390000104904175, 3.369999885559082, 2.6600000858306885, 2.4600000381469727, 2.8299999237060547, 2.819999933242798, 2.049999952316284, 2.1600000858306885, 2.059999942779541, 1.899999976158142, 1.9900000095367432, 2.0999999046325684, 1.909999966621399, 1.9600000381469727, 2.380000114440918, 2.369999885559082, 2.440000057220459, 2.680000066757202, 2.7799999713897705, 2.9000000953674316, 2.75, 2.490000009536743, 2.440000057220459, 2.5, 2.2699999809265137, 2.380000114440918, 2.5, 2.3399999141693115, 2.740000009536743]
assets:[0, 99.9999859462738, 197.27878876385688, 257.9609387028694, 342.1903601785183, 421.4998620200634, 531.9330578452349, 554.8413630210399, 604.6862203727364, 727.2210203120112, 848.9940781220437, 993.4181065945625, 1065.9756742239, 1159.9190749999998, 1425.6218, 1803.6181201661348, 2250.7577846845625, 2050.6567617529395, 2275.1903466202734, 2392.5584390717268, 3244.764061753154, 3045.535067204714, 3280.8919259586332, 3480.6151467082736, 3560.080348104191, 2910.0339758985756, 2791.23436928339, 3311.05406473732, 3399.3542555278777, 2571.161805193877, 2809.1267676246644, 2779.0744408058645, 2663.2240765809415, 2889.376931846857, 3149.0909769901273, 2964.1732601989747, 3141.7695171474456, 3915.005940250778, 3998.5559719204907, 4216.657062884855, 4731.410137856602, 5007.955054460884, 5324.126125085592, 5148.740025, 4761.94997123835, 4766.328563775205, 4983.5332499999995, 4625.048235138416, 4949.169777977944, 5298.7075, 5059.58993441534, 6024.477476968574]
shares:[0, 34.0136, 68.9786, 112.6467, 159.1583, 208.6633, 256.9725, 313.4697, 375.5815, 435.4617, 493.6012, 548.8498, 605.668, 662.8109, 712.8109, 754.6519, 789.7396, 830.2254, 868.3933, 906.2721, 935.0905, 966.8365, 997.2316, 1026.7301, 1056.4037, 1093.9977, 1134.6481, 1169.9838, 1205.4448, 1254.2253, 1300.5216, 1349.0653, 1401.6969, 1451.9482, 1499.5672, 1551.9232, 1602.9436, 1644.9604, 1687.1545, 1728.1381, 1765.4515, 1801.4227, 1835.9055, 1872.2691, 1912.4297, 1953.4133, 1993.4133, 2037.4662, 2079.483, 2119.483, 2162.218, 2198.7144]
growth_rate:18.13
