ticker:EUCR
price:[10.050000190734863, 10.220000267028809, 10.520000457763672, 10.5, 10.295000076293945, 10.5, 10.4399995803833, 10.5, 10.5, 10.020000457763672, 10.329999923706055, 10.0, 9.8100004196167, 9.6899995803833, 9.84000015258789, 9.979999542236328, 9.90999984741211, 9.899999618530273, 9.850000381469727, 9.779999732971191, 9.770000457763672, 9.835000038146973, 9.84000015258789, 9.8100004196167, 9.989999771118164, 9.779999732971191, 9.930000305175781, 9.789999961853027, 9.789999961853027, 9.989999771118164, 9.739999771118164, 9.680000305175781, 9.680000305175781, 9.699999809265137, 9.675999641418457, 9.699999809265137, 9.729999542236328]
assets:[0, 99.99963661279679, 202.93501683044437, 302.5491, 396.64267443943027, 504.54074999999995, 601.6571758174897, 705.1149, 805.1148, 868.3091916687011, 995.1725656499863, 1063.3809999999999, 1143.1770068986893, 1229.1929197709082, 1348.220732906723, 1467.402246693039, 1557.1097170246126, 1655.5383262083053, 1747.1773076644897, 1834.7602239045143, 1932.8841895633695, 2045.7439354348182, 2146.7839772899624, 2240.239163824844, 2381.344217440796, 2431.2854396172525, 2568.57530493927, 2632.361622742939, 2732.3615773532865, 2888.180861828613, 2915.9036654787064, 2997.9415905143737, 3097.941801667023, 3204.342556991768, 3296.413752238655, 3404.590323054218, 3515.119960625458]
shares:[0, 9.7847, 19.2904, 28.8142, 38.5277, 48.0515, 57.63, 67.1538, 76.6776, 86.6576, 96.3381, 106.3381, 116.5318, 126.8517, 137.0143, 147.0343, 157.1251, 167.2261, 177.3784, 187.6033, 197.8387, 208.0065, 218.1691, 228.3628, 238.3728, 248.5977, 258.6682, 268.8827, 279.0972, 289.1072, 299.3741, 309.7047, 320.0353, 330.3446, 340.6794, 350.9887, 361.2662]
growth_rate:-2.36
