ticker:EUCRU
price:[10.0, 9.989999771118164, 10.020000457763672, 10.0, 10.0, 10.100000381469727, 10.12600040435791, 10.390000343322754, 10.300000190734863, 10.489999771118164, 10.65999984741211, 10.41100025177002, 10.800000190734863, 10.75, 10.550000190734863, 10.75, 10.949999809265137, 11.100000381469727, 11.050000190734863, 10.25, 10.470000267028809, 10.368000030517578, 10.21500015258789, 10.100000381469727, 10.0, 9.979999542236328, 10.100000381469727, 9.972999572753906, 10.010000228881836, 10.050000190734863, 10.010000228881836, 10.010000228881836, 10.029999732971191, 10.09000015258789, 10.020000457763672, 10.050000190734863, 10.109999656677246, 10.109999656677246, 10.109999656677246, 10.055000305175781, 10.100000381469727, 10.0, 9.920000076293945, 9.920000076293945, 9.970000267028809, 9.970000267028809]
assets:[0, 99.99989770889282, 200.29980915069578, 299.9, 399.90000000000003, 503.8991190319061, 605.1966157670975, 720.9745918235778, 814.7289850871086, 929.758051713562, 1044.8260270442963, 1120.4203949952125, 1262.2845822927475, 1356.440375, 1431.2045858749389, 1558.336125, 1687.328175608921, 1810.4422522188188, 1902.2873678355218, 1864.5652000000002, 2004.585204125309, 2085.0566461372373, 2154.287349679947, 2230.034634226799, 2307.955, 2403.3385797634123, 2532.2367456407546, 2600.395811398316, 2710.043397966004, 2820.8722435361865, 2909.6448045299535, 3009.6447068164825, 3115.6579340517997, 3234.2960719112393, 3311.8576453022, 3421.7728099404335, 3542.2011507113457, 3642.2011793154716, 3742.201207919598, 3821.8432749954222, 3938.9476287712096, 3999.948, 4067.9479992862703, 4167.947552055359, 4288.955531872082, 4388.955631550408]
shares:[0, 10.01, 19.99, 29.99, 39.99, 49.891, 59.7666, 69.3912, 79.0999, 88.6328, 98.0137, 107.6189, 116.8782, 126.1805, 135.6592, 144.9615, 154.0939, 163.1029, 172.1527, 181.9088, 191.4599, 201.105, 210.8945, 220.7955, 230.7955, 240.8155, 250.7165, 260.7436, 270.7336, 280.6838, 290.6738, 300.6638, 310.6339, 320.5447, 330.5247, 340.4749, 350.3661, 360.2573, 370.1485, 380.0938, 389.9948, 399.9948, 410.0754, 420.156, 430.1861, 440.2162]
growth_rate:-2.47
