ticker:EUFN
price:[14.970000267028809, 14.789999961853027, 14.449999809265137, 13.300000190734863, 13.859999656677246, 14.399999618530273, 13.899999618530273, 14.3100004196167, 13.25, 14.470000267028809, 16.299999237060547, 16.690000534057617, 17.290000915527344, 17.8799991607666, 17.170000076293945, 17.489999771118164, 17.56999969482422, 17.540000915527344, 18.31999969482422, 17.850000381469727, 17.770000457763672, 16.81999969482422, 17.84000015258789, 18.260000228881836, 18.6299991607666, 18.719999313354492, 19.239999771118164, 19.59000015258789, 19.479999542236328, 19.40999984741211, 19.489999771118164, 19.739999771118164, 19.979999542236328, 19.559999465942383, 20.049999237060547, 20.68000030517578, 20.90999984741211, 20.8700008392334, 21.1200008392334, 21.200000762939453, 20.579999923706055, 19.65999984741211, 20.15999984741211, 19.65999984741211, 19.600000381469727, 19.1200008392334, 19.3700008392334, 19.68000030517578, 20.190000534057617, 20.6200008392334, 19.90999984741211, 20.290000915527344]
assets:[0, 99.99962674207688, 197.70056239042282, 281.9666540436745, 393.83882024431233, 509.18254651126864, 591.5019737668991, 708.9489027887345, 756.43455, 926.0829110898973, 1143.2037064910887, 1270.5563326560975, 1416.2326199913025, 1564.5589305643082, 1602.4314651203156, 1732.2970273303986, 1840.220273036957, 1937.0791131088256, 2123.220180631256, 2168.748271348, 2259.0290781936646, 2238.259225389862, 2473.9923491603854, 2632.237464994049, 2785.574241517067, 2899.031509664154, 3079.560135365105, 3235.5804162021636, 3317.412754043579, 3405.4922372283936, 3519.5275466682433, 3664.673711508751, 3809.2288707263942, 3829.155471450424, 4025.0794518383027, 4251.5536987403875, 4398.83875890007, 4490.424859570885, 4644.214264544487, 4761.806371366501, 4722.54609049263, 4611.431870209121, 4828.71106745224, 4808.951956676102, 4894.274935256004, 4874.414773952484, 5038.14884028511, 5218.7798729270935, 5454.021756267547, 5670.180620776177, 5574.9413182743065, 5781.343584866333]
shares:[0, 6.7613, 13.6817, 21.2005, 28.4155, 35.3599, 42.5541, 49.5422, 57.0894, 64.0002, 70.1352, 76.1268, 81.9105, 87.5033, 93.3274, 99.045, 104.7365, 110.4378, 115.8963, 121.4985, 127.126, 133.0713, 138.6767, 144.1532, 149.5209, 154.8628, 160.0603, 165.1649, 170.2984, 175.4504, 180.5812, 185.6471, 190.6521, 195.7646, 200.7521, 205.5877, 210.3701, 215.1617, 219.8965, 224.6135, 229.4726, 234.5591, 239.5194, 244.6059, 249.7079, 254.938, 260.1006, 265.1819, 270.1348, 274.9845, 280.0071, 284.9356]
growth_rate:13.36
