ticker:EUSGU
price:[10.880000114440918, 10.739999771118164, 11.0, 11.1899995803833, 11.029999732971191, 10.59000015258789, 10.25, 10.420000076293945, 10.119999885559082, 9.9399995803833, 10.050999641418457, 10.149999618530273, 10.140000343322754, 10.09000015258789, 10.079999923706055, 10.050000190734863, 10.0, 10.09000015258789, 10.024999618530273, 10.017999649047852, 10.100000381469727, 10.100000381469727, 10.149999618530273, 10.210000038146973, 10.210000038146973, 10.350000381469727, 10.210000038146973, 10.34000015258789, 10.1899995803833, 10.289999961853027, 10.270000457763672, 10.170000076293945, 10.329999923706055, 10.329999923706055]
assets:[0, 100.00013786888123, 202.42090000000002, 305.91780352830887, 401.54383127889633, 485.5260909957886, 569.9379250000001, 679.3902569744109, 759.829831407547, 846.315420272827, 955.7666426018715, 1065.1805449670792, 1164.1308514154434, 1258.390513030243, 1357.1429657279969, 1453.103397577858, 1545.874, 1659.7868631004333, 1749.094765943718, 1847.873130665016, 1962.9987041410448, 2062.998807917976, 2173.2113433237078, 2286.057806541252, 2386.0576099148752, 2518.7750578344344, 2584.7043916570665, 2717.6146761039736, 2778.1902765961645, 2905.4545482289313, 2999.8075677101137, 3070.5976130352024, 3218.9054512262346, 3318.905015487671]
shares:[0, 9.311, 18.4019, 27.3385, 36.4047, 45.8476, 55.6037, 65.2006, 75.082, 85.1424, 95.0917, 104.9439, 114.8058, 124.7166, 134.6372, 144.5874, 154.5874, 164.4982, 174.4733, 184.4553, 194.3563, 204.2573, 214.1095, 223.9038, 233.6981, 243.3599, 253.1542, 262.8254, 272.6389, 282.3571, 292.0942, 301.927, 311.6075, 321.288]
growth_rate:0.57
