ticker:EUSG
price:[9.84000015258789, 9.6899995803833, 9.699999809265137, 9.720000267028809, 9.979999542236328, 9.899999618530273, 9.760000228881836, 9.739999771118164, 9.729999542236328, 9.6899995803833, 9.75, 9.65999984741211, 9.680000305175781, 9.699999809265137, 9.739999771118164, 9.6899995803833, 9.6899995803833, 9.6899995803833, 9.75, 9.729999542236328, 9.75, 9.729999542236328, 9.829999923706055, 9.833999633789062, 9.84000015258789, 9.869999885559082]
assets:[0, 99.99982666959762, 200.10323606529238, 300.51616425580977, 408.55423526039124, 505.27915053043364, 598.1338060268401, 696.907697623253, 796.1922405418395, 892.9189263329506, 998.447775, 1089.2316367946626, 1191.487037563324, 1293.9489345565796, 1399.2844051179886, 1492.10101938591, 1592.1008460555079, 1692.1006727251054, 1802.5780499999998, 1898.8804396640776, 2002.7835750000002, 2098.6752772644045, 2220.2440857679367, 2321.1474521621703, 2422.5637575664523, 2529.94943466568]
shares:[0, 10.3199, 20.6292, 30.9173, 40.9373, 51.0383, 61.2842, 71.5511, 81.8286, 92.1485, 102.4049, 112.7569, 123.0875, 133.3968, 143.6637, 153.9836, 164.3035, 174.6234, 184.8798, 195.1573, 205.4137, 215.6912, 225.8641, 236.0329, 246.1955, 256.3272]
growth_rate:1.2
