ticker:EVAX
price:[9.890000343322754, 9.180000305175781, 8.399999618530273, 6.980000019073486, 7.03000020980835, 7.260000228881836, 7.630000114440918, 6.03000020980835, 5.309999942779541, 6.090000152587891, 6.519999980926514, 6.929999828338623, 7.130000114440918, 6.630000114440918, 5.599999904632568, 6.860000133514404, 6.739999771118164, 6.849999904632568, 6.909999847412109, 6.710000038146973, 7.25, 7.309999942779541, 6.170000076293945, 5.599999904632568, 5.349999904632568, 5.400000095367432, 5.940000057220459, 5.809999942779541, 5.46999979019165, 6.050000190734863, 6.610000133514404]
assets:[0, 99.99957932434083, 191.50319130325315, 259.12970870809556, 360.9862927735329, 472.79662490558627, 596.8926199526786, 571.724821892643, 603.4591914971352, 792.1031778465272, 948.0314692266465, 1107.646820562744, 1239.6132638965607, 1252.684155622673, 1158.0738202781201, 1518.6407615569115, 1592.0755659351348, 1718.0587510807513, 1833.1075625209808, 1880.050754688263, 2131.3513749999997, 2248.990196395588, 1998.2587977090834, 1913.6543674106597, 1928.22342562809, 2046.2441761379719, 2350.868476646089, 2399.418424369049, 2359.0046905175686, 2709.136845409393, 3059.8999398064616]
shares:[0, 10.8932, 22.798, 37.1246, 51.3494, 65.1235, 78.2297, 94.8134, 113.6458, 130.0662, 145.4036, 159.8336, 173.8588, 188.9418, 206.7989, 221.3762, 236.213, 250.8115, 265.2833, 280.1864, 293.9795, 307.6594, 323.8669, 341.724, 360.4156, 378.9341, 395.7691, 412.9808, 431.2623, 447.7912, 462.9198]
growth_rate:2.0
