ticker:EVBG
price:[127.01000213623047, 117.56999969482422, 132.67999267578125, 124.94000244140625, 121.52999877929688, 126.5, 126.44999694824219, 127.22000122070312, 104.69000244140625, 129.75, 118.0999984741211, 123.66999816894531, 126.37000274658203, 128.8000030517578, 129.88999938964844, 149.33999633789062, 152.33999633789062, 149.07000732421875, 149.02000427246094, 138.0500030517578, 141.58999633789062, 132.92999267578125, 143.10000610351562, 140.58999633789062, 160.88999938964844, 153.22999572753906, 138.38999938964844, 137.36000061035156, 127.44000244140625, 125.87000274658203, 125.44999694824219, 127.52999877929688, 133.8800048828125, 138.8000030517578, 132.7100067138672, 114.33999633789062, 115.04000091552734, 117.11000061035156, 117.5, 112.5199966430664, 124.33999633789062, 128.2899932861328, 138.47000122070312, 137.77999877929688, 140.0, 129.52000427246094, 141.92999267578125, 141.22000122070312, 142.4499969482422, 144.97000122070312, 145.77999877929688, 151.88999938964844]
assets:[0, 100.00504174041748, 212.85851224975588, 300.44322387084964, 392.2380710601807, 508.277, 608.072745324707, 711.7704628295899, 685.7195159912109, 949.8608250000001, 964.5699275375367, 1110.0619035644531, 1234.2937278266907, 1358.0285921768188, 1469.5234970947265, 1789.571044116211, 1925.5166177124022, 1984.181425488281, 2083.523189735413, 2030.1495398788452, 2182.213341558838, 2148.746866607666, 2413.138332925415, 2470.8129496398924, 2927.570517893982, 2888.186220469666, 2708.4721950546264, 2788.311860389709, 2686.945011474609, 2753.8468550910948, 2844.6539507995603, 2991.815512362671, 3240.779726196289, 3459.881556071472, 3408.0725984161377, 3036.3214707519533, 3154.9145051078794, 3311.683441259766, 3422.71625, 3377.647763230896, 3832.457103125, 4054.2075388290405, 4475.91816645813, 4553.615181655884, 4726.988, 4473.1417235549925, 5001.74067888794, 5076.717823883057, 5220.934838150025, 5413.295821582032, 5543.546857580566, 5875.895004388428]
shares:[0, 0.8506, 1.6043, 2.4047, 3.2275, 4.018, 4.8088, 5.5948, 6.55, 7.3207, 8.1674, 8.976, 9.7673, 10.5437, 11.3136, 11.9832, 12.6396, 13.3104, 13.9815, 14.7059, 15.4122, 16.1645, 16.8633, 17.5746, 18.1961, 18.8487, 19.5713, 20.2993, 21.084, 21.8785, 22.6756, 23.4597, 24.2066, 24.9271, 25.6806, 26.5552, 27.4245, 28.2784, 29.1295, 30.0182, 30.8224, 31.6019, 32.3241, 33.0499, 33.7642, 34.5363, 35.2409, 35.949, 36.651, 37.3408, 38.0268, 38.6852]
growth_rate:15.21
