ticker:EVER
price:[37.65999984741211, 40.540000915527344, 39.11000061035156, 40.43000030517578, 39.04999923706055, 38.7400016784668, 36.52000045776367, 36.650001525878906, 33.4900016784668, 39.7599983215332, 40.31999969482422, 41.0, 40.959999084472656, 34.709999084472656, 33.72999954223633, 38.18000030517578, 39.900001525878906, 37.349998474121094, 37.9900016784668, 38.16999816894531, 40.630001068115234, 45.060001373291016, 48.31999969482422, 50.939998626708984, 48.150001525878906, 48.97999954223633, 40.939998626708984, 41.099998474121094, 37.88999938964844, 34.349998474121094, 38.52000045776367, 36.33000183105469, 35.77000045776367, 33.599998474121094, 33.869998931884766, 31.899999618530273, 29.649999618530273, 28.59000015258789, 31.530000686645508, 32.060001373291016, 33.900001525878906, 33.970001220703125, 33.869998931884766, 32.0, 30.09000015258789, 29.239999771118164, 29.850000381469727, 30.18000030517578, 24.0, 21.530000686645508, 18.600000381469727, 18.940000534057617]
assets:[0, 100.00002025833129, 196.47299906616212, 303.10371228790285, 392.7570823265076, 489.63875521430964, 561.5790030391693, 663.5775976272582, 706.3644174018859, 938.6103043766021, 1051.8318640388488, 1169.5701, 1268.428771648407, 1174.8814040107727, 1241.7092191482545, 1505.5290440338135, 1673.3541939933775, 1666.4112669212343, 1794.9667953048704, 1903.4729196884155, 2126.147640893936, 2457.969002911377, 2735.796238721466, 2984.13643555069, 2920.692422557068, 3071.0361752983094, 2666.929766540527, 2777.35294688797, 2660.434940144348, 2511.874553418732, 2916.8114746627807, 2850.9787286911014, 2907.0315142024992, 2830.675551450348, 2953.4232628616337, 2881.6418055404665, 2778.3917592538833, 2779.062374832153, 3164.842736922455, 3318.043430128479, 3608.4754924217223, 3715.9274785308835, 3804.9895500068665, 3694.912, 3574.373064125824, 3573.4028280284883, 3747.9511228971483, 3889.387179328918, 3192.9528, 2964.345226540375, 2660.929074573326, 2809.5691492223737]
shares:[0, 2.4667, 5.0236, 7.497, 10.0578, 12.6391, 15.3773, 18.1058, 21.0918, 23.6069, 26.0871, 28.5261, 30.9675, 33.8485, 36.8132, 39.4324, 41.9387, 44.6161, 47.2484, 49.8683, 52.3295, 54.5488, 56.6183, 58.5814, 60.6582, 62.6998, 65.1424, 67.5755, 70.2147, 73.1259, 75.722, 78.4745, 81.2701, 84.2463, 87.1988, 90.3336, 93.7063, 97.204, 100.3756, 103.4948, 106.4447, 109.3885, 112.341, 115.466, 118.7894, 122.2094, 125.5595, 128.873, 133.0397, 137.6844, 143.0607, 148.3405]
growth_rate:-44.91
