ticker:EVFM
price:[3.490000009536743, 2.0999999046325684, 2.430000066757202, 2.2300000190734863, 2.559999942779541, 2.9000000953674316, 2.859999895095825, 2.5199999809265137, 2.369999885559082, 2.450000047683716, 2.190000057220459, 2.3299999237060547, 2.2899999618530273, 2.2200000286102295, 2.1500000953674316, 2.109999895095825, 2.359999895095825, 2.4100000858306885, 2.549999952316284, 2.7200000286102295, 2.8299999237060547, 2.630000114440918, 3.390000104904175, 3.950000047683716, 4.619999885559082, 3.869999885559082, 2.2799999713897705, 2.859999895095825, 2.680000066757202, 1.8700000047683716, 2.0199999809265137, 1.75, 1.559999942779541, 1.4900000095367432, 1.4800000190734863, 1.2200000286102295, 1.25, 0.8370000123977661, 0.8600000143051147, 0.8650000095367432, 1.25, 1.100000023841858, 1.1699999570846558, 1.059999942779541, 1.0299999713897705, 0.8820000290870667, 0.890999972820282, 0.8600000143051147, 0.8119999766349792, 0.7110000252723694, 0.6800000071525574, 0.7979999780654907]
assets:[0, 99.99989545869828, 215.7142649261236, 297.9598915484905, 442.05259811935423, 600.762859756279, 692.4763306001186, 710.1538866249562, 767.8828069210052, 893.802892395854, 898.9503474878311, 1056.4175384084701, 1138.2815790384293, 1203.486879509926, 1265.5390761354447, 1341.9941152792455, 1600.9982048341512, 1734.917850788045, 1935.701393803358, 2164.7481987698316, 2352.2931065845487, 2286.0534334745407, 3046.6619112795115, 3649.9454040615083, 4369.049807775306, 3759.7884808181766, 2315.069106949711, 3003.9900218142984, 2914.9278006091117, 2133.923390441358, 2405.0937872903346, 2183.62095, 2046.5420849332809, 2054.7101621511697, 2140.9202235910893, 1864.8126217317345, 2010.6686250000002, 1446.343721823454, 1586.0879643827557, 1695.3093666910172, 2549.8689999999997, 2343.884780802333, 2593.040952887821, 2449.250707785606, 2479.9323731151103, 2223.592721530825, 2346.2822569272817, 2364.6496753332376, 2332.6691164782465, 2142.5220014555634, 2149.106770605308, 2622.0399191283705]
shares:[0, 47.619, 88.7713, 133.6143, 172.6768, 207.1596, 242.1246, 281.8071, 324.0012, 364.8175, 410.4796, 453.3981, 497.0662, 542.1112, 588.6228, 636.0162, 678.3891, 719.8829, 759.0986, 795.8633, 831.199, 869.2218, 898.7203, 924.0368, 945.6818, 971.5216, 1015.3812, 1050.3462, 1087.6596, 1141.1355, 1190.6405, 1247.7834, 1311.886, 1379.0001, 1446.5677, 1528.5349, 1608.5349, 1728.0092, 1844.2883, 1959.8952, 2039.8952, 2130.8043, 2216.2744, 2310.614, 2407.7014, 2521.0801, 2633.3135, 2749.5926, 2872.7453, 3013.3923, 3160.4511, 3285.7644]
growth_rate:-48.59
