ticker:EVGBC
price:[99.94000244140625, 99.94000244140625, 99.94000244140625, 99.94000244140625, 99.94000244140625, 99.94000244140625, 99.94000244140625, 99.94000244140625, 99.94000244140625, 99.94000244140625, 99.94000244140625, 99.94000244140625, 99.94000244140625, 99.94000244140625, 99.94000244140625, 99.94000244140625, 99.94000244140625, 99.94000244140625, 99.94000244140625, 99.94000244140625, 99.94000244140625, 99.94000244140625, 99.94000244140625, 99.94000244140625, 99.94000244140625, 99.94000244140625, 99.94000244140625, 99.94000244140625, 99.94000244140625, 99.94000244140625, 99.94000244140625, 99.94000244140625, 99.94000244140625, 99.94000244140625, 99.94000244140625, 99.94000244140625, 99.94000244140625, 99.94000244140625, 99.94000244140625, 99.94000244140625, 99.94000244140625, 99.94000244140625, 99.94000244140625, 99.94000244140625, 99.94000244140625, 99.94000244140625, 99.94000244140625, 99.94000244140625, 99.94000244140625, 99.94000244140625, 99.94000244140625, 99.94000244140625]
assets:[0, 99.99996644287108, 199.99993288574217, 299.99989932861325, 399.99986577148434, 499.9998322143555, 599.9997986572265, 699.9997651000976, 799.9997315429687, 899.9996979858398, 999.999664428711, 1099.999630871582, 1199.999597314453, 1299.9995637573243, 1399.9995302001953, 1499.9994966430665, 1599.9994630859374, 1699.9994295288086, 1799.9993959716796, 1899.9993624145507, 1999.999328857422, 2099.999295300293, 2199.999261743164, 2299.999228186035, 2399.999194628906, 2499.9991610717775, 2599.9991275146485, 2699.9990939575196, 2799.9990604003906, 2899.9990268432616, 2999.998993286133, 3099.9989597290037, 3199.9989261718747, 3299.9988926147457, 3399.998859057617, 3499.9988255004882, 3599.9987919433593, 3699.9987583862303, 3799.9987248291013, 3899.998691271973, 3999.998657714844, 4099.998624157714, 4199.998590600586, 4299.9985570434565, 4399.998523486328, 4499.998489929199, 4599.99845637207, 4699.9984228149415, 4799.998389257812, 4899.9983557006835, 4999.998322143555, 5099.998288586426]
shares:[0, 1.0006, 2.0012, 3.0018, 4.0024, 5.003, 6.0036, 7.0042, 8.0048, 9.0054, 10.006, 11.0066, 12.0072, 13.0078, 14.0084, 15.009, 16.0096, 17.0102, 18.0108, 19.0114, 20.012, 21.0126, 22.0132, 23.0138, 24.0144, 25.015, 26.0156, 27.0162, 28.0168, 29.0174, 30.018, 31.0186, 32.0192, 33.0198, 34.0204, 35.021, 36.0216, 37.0222, 38.0228, 39.0234, 40.024, 41.0246, 42.0252, 43.0258, 44.0264, 45.027, 46.0276, 47.0282, 48.0288, 49.0294, 50.03, 51.0306]
growth_rate:-0.0
