ticker:EVGN
price:[2.509999990463257, 2.130000114440918, 3.0899999141693115, 3.890000104904175, 3.700000047683716, 3.9000000953674316, 3.819999933242798, 3.180000066757202, 2.7200000286102295, 2.7100000381469727, 2.5399999618530273, 2.8299999237060547, 2.9600000381469727, 3.880000114440918, 4.099999904632568, 3.8299999237060547, 4.409999847412109, 4.699999809265137, 4.860000133514404, 6.079999923706055, 6.130000114440918, 6.119999885559082, 8.109999656677246, 9.539999961853027, 8.420000076293945, 5.869999885559082, 4.579999923706055, 5.590000152587891, 5.480000019073486, 4.449999809265137, 4.880000114440918, 4.650000095367432, 4.369999885559082, 4.25, 4.360000133514404, 3.7799999713897705, 3.4800000190734863, 3.5299999713897705, 3.4800000190734863, 3.5199999809265137, 3.630000114440918, 3.6500000953674316, 3.5999999046325684, 3.2699999809265137, 3.2200000286102295, 3.009999990463257, 2.9000000953674316, 2.859999895095825, 2.700000047683716, 2.9800000190734863, 2.5299999713897705, 2.759999990463257]
assets:[0, 100.00009737281799, 245.07067419269086, 408.51925301680564, 488.56576629638676, 614.9746350380898, 702.3597037257671, 684.6867683735132, 685.6440072119236, 783.1233450235367, 833.9975574746132, 1029.2177682533263, 1176.4964151620864, 1642.1642644357682, 1835.2763973108292, 1814.4168868566512, 2189.1847822532654, 2433.144781258392, 2615.975261866331, 3372.660469678688, 3500.3961883488655, 3594.685972781181, 4863.546519110203, 5821.114314723492, 5237.713251459121, 3751.469966861725, 3027.0414875753404, 3794.5770715789795, 3819.907445295429, 3201.931947759533, 3611.3323326893806, 3541.1261976253986, 3427.8969562307357, 3433.7671, 3622.641270934582, 3240.73005547142, 3083.5291849004743, 3227.8326798388007, 3282.112601988888, 3419.8380294692515, 3626.7080673371315, 3746.6900578937525, 3795.3654194571495, 3547.456863308144, 3593.214453926301, 3458.874366041064, 3432.4705628778934, 3485.1258021663425, 3390.1538098722694, 3841.7251345889567, 3361.598817985726, 3767.198782983041]
shares:[0, 46.9484, 79.3109, 105.0178, 132.0448, 157.6858, 183.8638, 215.3103, 252.075, 288.9754, 328.3455, 363.6812, 397.465, 423.2382, 447.6284, 473.7381, 496.4138, 517.6904, 538.2665, 554.7139, 571.0271, 587.367, 599.6975, 610.1797, 622.0562, 639.092, 660.9261, 678.8152, 697.0634, 719.5353, 740.0271, 761.5325, 784.4158, 807.9452, 830.881, 857.336, 886.0716, 914.4002, 943.1358, 971.5449, 999.0931, 1026.4904, 1054.2682, 1084.8492, 1115.9051, 1149.1277, 1183.6105, 1218.5755, 1255.6125, 1289.1695, 1328.6952, 1364.9271]
growth_rate:-26.13
