ticker:EVGOW
price:[2.0999999046325684, 2.740999937057495, 7.0, 5.150000095367432, 5.360000133514404, 4.789999961853027, 4.65500020980835, 3.6500000953674316, 2.740000009536743, 4.019999980926514, 3.6500000953674316, 3.069999933242798, 3.450000047683716, 3.7100000381469727, 2.240000009536743, 2.9100000858306885, 3.1500000953674316, 2.5199999809265137, 2.0399999618530273, 2.130000114440918, 2.2890000343322754, 3.4100000858306885, 3.6500000953674316, 3.7200000286102295, 4.742000102996826, 4.400000095367432, 3.1500000953674316, 2.5, 2.7100000381469727, 2.7899999618530273, 2.4000000953674316, 2.4100000858306885, 1.809999942779541, 2.0999999046325684, 2.059999942779541, 2.059999942779541]
assets:[0, 99.99990070366859, 355.3809, 361.45893669347765, 476.19795586180686, 525.5573588145256, 610.7453375272751, 578.8874601252079, 534.5622198605776, 884.2846218043804, 902.895413590908, 859.421614311862, 1065.7995447308062, 1246.1207488128662, 852.3748836289644, 1207.3264436101913, 1406.8996625944137, 1225.5195867242337, 1092.087255578518, 1240.2677556372644, 1432.8510739910603, 2234.5662362446783, 2491.837910106897, 2639.626460301161, 3464.8139794561866, 3314.926631849098, 2473.1860348766327, 2062.846, 2336.1251808841707, 2505.088234748554, 2254.914809602261, 2364.310340203476, 1875.685202702999, 2276.2092166303637, 2332.852909200525, 2432.8529284228325]
shares:[0, 36.483, 50.7687, 70.1862, 88.8429, 109.7197, 131.202, 158.5993, 195.0957, 219.9713, 247.3686, 279.9419, 308.9274, 335.8816, 380.5245, 414.8888, 446.6348, 486.3173, 535.3369, 582.2853, 625.9725, 655.298, 682.6953, 709.577, 730.6651, 753.3924, 785.1384, 825.1384, 862.0388, 897.8811, 939.5478, 981.0416, 1036.2902, 1083.9092, 1132.4529, 1180.9966]
growth_rate:-30.49
