ticker:EVGO
price:[9.810999870300293, 10.029999732971191, 10.140000343322754, 10.489999771118164, 10.399999618530273, 10.928999900817871, 10.710000038146973, 10.829999923706055, 12.550000190734863, 22.0, 20.899999618530273, 21.200000762939453, 20.030000686645508, 18.100000381469727, 15.479999542236328, 13.050000190734863, 14.539999961853027, 11.899999618530273, 12.020000457763672, 13.649999618530273, 13.729999542236328, 11.039999961853027, 13.199999809265137, 13.050000190734863, 11.649999618530273, 11.050000190734863, 11.210000038146973, 11.079999923706055, 14.020000457763672, 13.729999542236328, 14.0, 16.170000076293945, 15.100000381469727, 11.930000305175781, 11.770000457763672, 11.739999771118164, 11.880000114440918, 10.25, 10.300000190734863, 8.479999542236328, 9.050000190734863, 9.15999984741211, 9.15999984741211]
assets:[0, 100.00010033769608, 201.09648680877686, 308.03779427890777, 405.3951051301956, 526.0160439263344, 615.4758561922073, 722.3718249111175, 937.0972192420006, 1742.7212000000002, 1755.58533795681, 1880.7856276851655, 1876.9873283447264, 1796.1300078546524, 1636.1368796173097, 1479.3010416210175, 1748.2023554134369, 1530.7850109287263, 1646.2220006938933, 1969.4615299604418, 2081.0038566185, 1773.291161872673, 2220.239967918396, 2295.009573543167, 2148.801654639244, 2138.1341519064904, 2269.093456721592, 2342.7795598682405, 3064.420198055649, 3101.032982610321, 3262.0154, 3867.6279362483974, 3711.699383768272, 3032.4879705726626, 3091.8178712482454, 3183.937245926285, 3321.9058280001636, 2966.12245, 3080.591007046223, 2636.2537776908875, 2913.4547964030266, 3048.866561211777, 3148.8662795459745]
shares:[0, 9.9701, 19.832, 29.3649, 38.9803, 48.1303, 57.4674, 66.701, 74.6691, 79.2146, 83.9993, 88.7163, 93.7088, 99.2337, 105.6936, 113.3564, 120.234, 128.6374, 136.9569, 144.2829, 151.5662, 160.6242, 168.2, 175.8628, 184.4465, 193.4963, 202.4169, 211.4422, 218.5749, 225.8582, 233.0011, 239.1854, 245.8079, 254.1901, 262.6863, 271.2042, 279.6217, 289.3778, 299.0865, 310.879, 321.9287, 332.8457, 343.7627]
growth_rate:-25.03
