ticker:EVK
price:[1.0700000524520874, 0.9800000190734863, 0.949999988079071, 0.8500000238418579, 0.8100000023841858, 0.9399999976158142, 1.0299999713897705, 2.740000009536743, 2.319999933242798, 1.9199999570846558, 1.7999999523162842, 2.1600000858306885, 2.0999999046325684, 3.700000047683716, 3.240000009536743, 3.569999933242798, 3.4100000858306885, 3.0299999713897705, 3.299999952316284, 3.450000047683716, 4.099999904632568, 3.450000047683716, 3.75, 4.230000019073486, 4.130000114440918, 3.2799999713897705, 2.890000104904175, 3.0199999809265137, 3.309999942779541, 2.9700000286102295, 2.7899999618530273, 2.559999942779541, 2.130000114440918, 2.2899999618530273, 2.2699999809265137, 2.309999942779541, 2.009999990463257, 2.0899999141693115, 2.25, 2.369999885559082, 2.380000114440918, 2.940000057220459, 3.0399999618530273, 2.8499999046325684, 2.7799999713897705, 2.690000057220459, 2.1600000858306885, 2.259999990463257, 3.25, 3.1500000953674316, 3.009999990463257, 3.2200000286102295]
assets:[0, 99.99998594627381, 196.93879752874375, 276.20844274743797, 363.2104000690877, 521.5034446772754, 671.4346303496122, 1886.1466845648526, 1697.0291431685687, 1504.437854373193, 1510.4105599877835, 1912.4928039956333, 1959.3677410191058, 3552.219455779195, 3210.5921494501827, 3637.5968109787705, 3574.5673719728943, 3276.228374064803, 3668.1693969963785, 3934.904454385757, 4776.262908902454, 4119.050621930909, 4577.228999999999, 5263.114496731901, 5238.691211162377, 4260.5100428371425, 3853.925248893714, 4127.285087933206, 4623.613802070904, 4248.680674927855, 4091.184799062252, 3853.9186338582035, 3306.58107965641, 3654.9624541153908, 3723.041496717453, 3888.6455876752857, 3483.6266594714166, 3722.278352136016, 4107.2375250000005, 4426.289996266365, 4544.966742542076, 5714.370507217312, 6008.736548600292, 5733.190338154507, 5692.375201417208, 5608.089792292739, 4603.150262912751, 4916.258887254381, 7169.84125, 7049.230863418103, 6835.931514341355, 7412.857055864453]
shares:[0, 102.0408, 207.304, 324.9511, 448.4079, 554.7909, 651.8783, 688.3747, 731.4781, 783.5614, 839.117, 885.4133, 933.0323, 960.0593, 990.9235, 1018.9347, 1048.2602, 1081.2635, 1111.5665, 1140.552, 1164.9422, 1193.9277, 1220.5944, 1244.2351, 1268.4482, 1298.936, 1333.5381, 1366.6507, 1396.8622, 1430.5322, 1466.3745, 1505.437, 1552.3854, 1596.0535, 1640.1064, 1683.3964, 1733.1476, 1780.9945, 1825.4389, 1867.633, 1909.6498, 1943.6634, 1976.5581, 2011.6458, 2047.617, 2084.7917, 2131.088, 2175.3358, 2206.105, 2237.851, 2271.0736, 2302.1295]
growth_rate:45.35
