ticker:EVLMC
price:[99.95999908447266, 99.95999908447266, 99.95999908447266, 99.95999908447266, 99.95999908447266, 99.95999908447266, 99.95999908447266, 99.95999908447266, 99.95999908447266, 99.95999908447266, 99.95999908447266, 99.95999908447266, 99.95999908447266, 99.95999908447266, 99.95999908447266, 99.95999908447266, 99.95999908447266, 99.95999908447266, 99.95999908447266, 99.95999908447266, 99.95999908447266, 99.95999908447266, 99.95999908447266, 99.95999908447266, 99.95999908447266, 99.95999908447266, 99.95999908447266, 99.95999908447266, 99.95999908447266, 99.95999908447266, 99.95999908447266, 99.95999908447266, 99.95999908447266, 99.95999908447266, 99.95999908447266, 99.95999908447266, 99.95999908447266, 99.95999908447266, 99.95999908447266, 99.95999908447266, 99.95999908447266, 99.95999908447266, 99.95999908447266, 99.95999908447266, 99.95999908447266, 99.95999908447266, 99.95999908447266, 99.95999908447266, 99.95999908447266, 99.95999908447266, 99.95999908447266, 99.95999908447266]
assets:[0, 99.99998308410645, 199.9999661682129, 299.9999492523193, 399.9999323364258, 499.9999154205322, 599.9998985046386, 699.9998815887451, 799.9998646728516, 899.999847756958, 999.9998308410644, 1099.9998139251709, 1199.9997970092772, 1299.9997800933838, 1399.9997631774902, 1499.9997462615968, 1599.9997293457031, 1699.9997124298095, 1799.999695513916, 1899.9996785980225, 1999.9996616821288, 2099.9996447662356, 2199.9996278503418, 2299.9996109344484, 2399.9995940185545, 2499.999577102661, 2599.9995601867677, 2699.999543270874, 2799.9995263549804, 2899.999509439087, 2999.9994925231936, 3099.9994756072997, 3199.9994586914063, 3299.9994417755124, 3399.999424859619, 3499.999407943726, 3599.999391027832, 3699.999374111939, 3799.999357196045, 3899.9993402801515, 3999.9993233642576, 4099.999306448364, 4199.999289532471, 4299.999272616577, 4399.9992557006835, 4499.99923878479, 4599.999221868897, 4699.999204953003, 4799.999188037109, 4899.999171121215, 4999.999154205322, 5099.999137289429]
shares:[0, 1.0004, 2.0008, 3.0012, 4.0016, 5.002, 6.0024, 7.0028, 8.0032, 9.0036, 10.004, 11.0044, 12.0048, 13.0052, 14.0056, 15.006, 16.0064, 17.0068, 18.0072, 19.0076, 20.008, 21.0084, 22.0088, 23.0092, 24.0096, 25.01, 26.0104, 27.0108, 28.0112, 29.0116, 30.012, 31.0124, 32.0128, 33.0132, 34.0136, 35.014, 36.0144, 37.0148, 38.0152, 39.0156, 40.016, 41.0164, 42.0168, 43.0172, 44.0176, 45.018, 46.0184, 47.0188, 48.0192, 49.0196, 50.02, 51.0204]
growth_rate:-0.0
