ticker:EVLO
price:[4.170000076293945, 4.690000057220459, 4.849999904632568, 4.639999866485596, 5.010000228881836, 5.659999847412109, 4.929999828338623, 4.809999942779541, 3.9700000286102295, 4.369999885559082, 4.539999961853027, 4.78000020980835, 5.199999809265137, 5.230000019073486, 7.539999961853027, 11.59000015258789, 10.75, 12.09000015258789, 12.930000305175781, 14.430000305175781, 15.710000038146973, 17.549999237060547, 16.989999771118164, 17.18000030517578, 14.84000015258789, 12.170000076293945, 9.989999771118164, 11.949999809265137, 12.869999885559082, 11.3100004196167, 10.609999656677246, 10.039999961853027, 11.5600004196167, 11.539999961853027, 13.149999618530273, 9.539999961853027, 10.880000114440918, 12.09000015258789, 13.420000076293945, 14.010000228881836, 14.970000267028809, 16.450000762939453, 14.300000190734863, 12.9399995803833, 13.710000038146973, 11.350000381469727, 9.369999885559082, 9.210000038146973, 10.210000038146973, 10.390000343322754, 9.420000076293945, 11.210000038146973]
assets:[0, 100.00018122005463, 203.4119060002327, 294.6042635228634, 418.09654310073853, 572.340316570282, 598.5226851595879, 683.9540938635826, 664.510911788869, 831.4641462257385, 963.8093039016724, 1114.7596229300975, 1312.709271850109, 1420.2828631796835, 2147.5970771347047, 3401.1469717777254, 3254.6442, 3760.339448459244, 4121.604394278717, 4699.748646393586, 5216.635905667018, 5927.622807312393, 5838.479200346565, 6003.771010647583, 5286.027346352005, 4434.969521802903, 3740.537632300186, 4574.4169069873815, 5026.589523303222, 4517.305778598308, 4337.720111638259, 4204.685720024299, 4941.251663362598, 5032.702459363746, 5834.838930736541, 4333.03173067379, 5041.65496503048, 5702.3537549694065, 6429.660262553215, 6812.335992293358, 7379.133788626003, 8208.667175712204, 7235.801526511859, 6647.641398431111, 7143.211639875412, 6013.600212115097, 5064.5317881441115, 5078.0514090328215, 5729.414012406444, 5930.422058962346, 5476.763552357101, 6617.464802518844]
shares:[0, 21.322, 41.9406, 63.4923, 83.4524, 101.1202, 121.4042, 142.1942, 167.3831, 190.2664, 212.2928, 233.2133, 252.4441, 271.5646, 284.8272, 293.4553, 302.7576, 311.0289, 318.7629, 325.6929, 332.0583, 337.7563, 343.6421, 349.4628, 356.2013, 364.4182, 374.4282, 382.7964, 390.5664, 399.4081, 408.8332, 418.7934, 427.4439, 436.1094, 443.714, 454.1962, 463.3874, 471.6587, 479.1103, 486.2481, 492.9281, 499.0071, 506.0001, 513.7281, 521.022, 529.8326, 540.505, 551.3628, 561.1571, 570.7817, 581.3974, 590.318]
growth_rate:29.75
