ticker:EVOJ
price:[9.800000190734863, 9.829999923706055, 9.75, 9.710000038146973, 9.75, 9.729999542236328, 9.619999885559082, 9.640000343322754, 9.649999618530273, 9.819999694824219, 9.739999771118164, 9.729999542236328, 9.699999809265137, 9.699999809265137, 9.649999618530273, 9.699999809265137, 9.84000015258789, 9.739999771118164, 9.630000114440918, 9.65999984741211, 9.65999984741211, 9.65999984741211]
assets:[0, 99.99960622386932, 199.185675, 298.3688811721802, 399.5979, 498.7782635341644, 593.1393709439278, 694.3721167296409, 795.0924185695649, 909.0992377479554, 1001.6927444610595, 1100.664359217453, 1197.270976457596, 1297.2711844912528, 1390.5842450294494, 1497.789580548382, 1619.4072011119843, 1702.9493519821167, 1783.716771197319, 1889.273790157318, 1989.2741085777284, 2089.2744269981386]
shares:[0, 10.1729, 20.4293, 30.728, 40.9844, 51.2619, 61.6569, 72.0303, 82.393, 92.5763, 102.8432, 113.1207, 123.43, 133.7393, 144.102, 154.4113, 164.5739, 174.8408, 185.225, 195.577, 205.929, 216.281]
growth_rate:-0.51
