ticker:EVOJU
price:[10.279999732971191, 10.300000190734863, 10.050999641418457, 10.100000381469727, 9.979999542236328, 9.949999809265137, 9.920000076293945, 9.970000267028809, 10.0, 10.010000228881836, 9.989999771118164, 10.0, 9.979999542236328, 9.960000038146973, 9.949999809265137, 9.918999671936035, 9.90999984741211, 10.010000228881836, 10.020000457763672, 10.010000228881836, 10.069999694824219, 9.90999984741211, 9.90999984741211, 9.979999542236328, 9.932000160217285, 9.9399995803833, 9.930000305175781, 10.0, 9.90999984741211, 9.90999984741211]
assets:[0, 99.99961185178758, 197.58255095100404, 298.54591127586366, 394.99840188217166, 493.81152553396225, 592.3222125555038, 695.307818622589, 797.4, 898.1973205375672, 996.4025771713257, 1097.3999999999999, 1195.2047451782228, 1292.8099969514847, 1391.512448325634, 1487.177442612648, 1585.827905582428, 1701.8301689128875, 1803.5299423942565, 1901.729873483658, 2013.1288839912415, 2081.142580955887, 2181.1424074161528, 2296.548592661667, 2385.5035536815644, 2487.4252549934386, 2584.923064441681, 2703.145, 2778.816480213547, 2878.816306673813]
shares:[0, 9.7087, 19.658, 29.559, 39.579, 49.6293, 59.7099, 69.74, 79.74, 89.73, 99.74, 109.74, 119.76, 129.8002, 139.8505, 149.9322, 160.023, 170.013, 179.993, 189.983, 199.9135, 210.0043, 220.0951, 230.1151, 240.1836, 250.244, 260.3145, 270.3145, 280.4053, 290.4961]
growth_rate:-0.73
