ticker:EVOK
price:[5.480000019073486, 4.989999771118164, 4.920000076293945, 4.75, 4.389999866485596, 4.389999866485596, 4.690000057220459, 4.53000020980835, 3.819999933242798, 3.690000057220459, 3.7100000381469727, 3.119999885559082, 3.0399999618530273, 3.069999933242798, 2.9000000953674316, 2.890000104904175, 2.809999942779541, 2.5799999237060547, 2.569999933242798, 2.7799999713897705, 2.8399999141693115, 2.5799999237060547, 3.0799999237060547, 3.4000000953674316, 3.4200000762939453, 2.950000047683716, 2.6700000762939453, 2.450000047683716, 2.2699999809265137, 1.9299999475479126, 1.850000023841858, 1.909999966621399, 1.649999976158142, 1.7599999904632568, 1.6200000047683716, 1.5800000429153442, 1.1399999856948853, 1.2599999904632568, 1.2300000190734863, 1.2899999618530273, 1.4299999475479126, 1.4299999475479126, 1.4299999475479126, 1.309999942779541, 1.25, 1.2100000381469727, 1.1699999570846558, 1.1200000047683716, 1.0800000429153442, 1.340000033378601, 1.0399999618530273, 1.1200000047683716]
assets:[0, 100.00009441318511, 198.59727907962798, 291.735025, 369.62437975850105, 469.6241867171764, 601.7171583412647, 681.1897215495109, 674.4248082139492, 751.4733086530208, 855.5464137969017, 819.4891859413146, 898.476548725605, 1007.3431140953064, 1051.5620745809554, 1147.9360746689558, 1216.1592642351627, 1216.6159920230866, 1311.9004129226446, 1519.0984583662748, 1651.8848140766142, 1600.655946666527, 2010.8604941894532, 2319.781305068111, 2433.427182285309, 2199.008800544715, 2090.2893927289965, 2018.0557292768954, 1969.7904404489993, 1774.755769767022, 1801.190918212831, 1959.6078227544665, 1792.8549940939427, 2012.3787090957164, 1952.3031537464856, 2004.0981244345307, 1545.9947926003217, 1808.7311203099966, 1865.6661199306964, 2056.6741581814763, 2379.8791287065505, 2479.8791680385707, 2579.8792073705913, 2463.3858553999426, 2450.559125, 2472.1412769377707, 2490.4174486520287, 2483.9894345755215, 2495.2756231533413, 3195.9901276102064, 2580.4697453489302, 2878.967516257131]
shares:[0, 20.0401, 40.3653, 61.4179, 84.1969, 106.9759, 128.2979, 150.373, 176.551, 203.6513, 230.6055, 262.6568, 295.5515, 328.1248, 362.6076, 397.2097, 432.7969, 471.5566, 510.4671, 546.4383, 581.6496, 620.4093, 652.8768, 682.2886, 711.5284, 745.4267, 782.8799, 823.6962, 867.7491, 919.5626, 973.6167, 1025.9727, 1086.5788, 1143.397, 1205.1254, 1268.4165, 1356.1358, 1435.5009, 1516.8017, 1594.3211, 1664.2512, 1734.1813, 1804.1114, 1880.4473, 1960.4473, 2043.0919, 2128.562, 2217.8477, 2310.4403, 2385.0672, 2481.221, 2570.5067]
growth_rate:-43.55
