ticker:EVOL
price:[1.0399999618530273, 0.9900000095367432, 1.0700000524520874, 1.0, 1.1399999856948853, 1.149999976158142, 1.1200000047683716, 1.1299999952316284, 1.1299999952316284, 1.1799999475479126, 1.7799999713897705, 1.7899999618530273, 1.7300000190734863, 1.8600000143051147, 2.3399999141693115, 1.8799999952316284, 2.4800000190734863, 1.9700000286102295, 2.0399999618530273, 2.2100000381469727, 2.299999952316284, 2.0999999046325684, 2.440000057220459, 2.5399999618530273, 3.130000114440918, 2.809999942779541, 2.6700000762939453, 3.440000057220459, 3.940000057220459, 2.7200000286102295, 2.8299999237060547, 2.8299999237060547, 2.2799999713897705, 2.4800000190734863, 2.140000104904175, 2.0799999237060547, 1.809999942779541, 1.850000023841858, 1.8700000047683716, 2.059999942779541, 2.2300000190734863, 2.190000057220459, 2.240000009536743, 2.240000009536743, 2.3399999141693115, 2.180000066757202, 2.299999952316284, 2.359999895095825, 2.4000000953674316, 2.1600000858306885, 2.0899999141693115, 2.1700000762939453]
assets:[0, 99.99999996330737, 208.08077020025252, 294.468, 435.6935165327668, 539.5153588147401, 625.4410426627993, 731.0253599152207, 831.0253874932408, 967.7964269805551, 1559.8963889275312, 1668.6598024389268, 1712.727179883051, 1941.4291409313798, 2542.442900743747, 2142.64652256546, 2926.4699585072517, 2424.655547213173, 2610.8107191791532, 2928.378451546955, 3147.633654743099, 2973.926204944897, 3555.4192433781623, 3801.133056912708, 4784.073714918137, 4394.9669225046155, 4276.000850184631, 5609.154701301861, 6524.438760754157, 4604.1810404289245, 4890.379387160301, 4990.379415464401, 4120.5176362943175, 4581.966691239548, 4053.79406671958, 4040.135899808693, 3615.6951626951695, 3795.600278915763, 3936.6336890381453, 4436.612400764561, 4902.740673933792, 4914.799223414182, 5127.009237828112, 5227.009334253859, 5560.3576380472905, 5280.162683692146, 5670.813642432403, 5918.747812906194, 6119.066163149833, 5607.159558808494, 5525.445633084774, 5836.946278218269]
shares:[0, 101.0101, 194.468, 294.468, 382.1873, 469.1438, 558.4295, 646.9251, 735.4207, 820.1665, 876.3463, 932.2122, 990.0157, 1043.7791, 1086.5141, 1139.7056, 1180.0282, 1230.7896, 1279.8092, 1325.0581, 1368.5364, 1416.1554, 1457.139, 1496.5091, 1528.458, 1564.0452, 1601.4984, 1630.5682, 1655.9489, 1692.7136, 1728.0493, 1763.385, 1807.2446, 1847.5672, 1894.2962, 1942.3731, 1997.6217, 2051.6758, 2105.1517, 2153.6954, 2198.5384, 2244.2005, 2288.8434, 2333.4863, 2376.2213, 2422.0929, 2465.5712, 2507.9441, 2549.6108, 2595.9071, 2643.754, 2689.8369]
growth_rate:14.45
