ticker:EVOP
price:[27.540000915527344, 24.5, 25.530000686645508, 25.0, 24.299999237060547, 25.459999084472656, 24.610000610351562, 24.315000534057617, 21.06999969482422, 24.459999084472656, 24.420000076293945, 25.5, 25.100000381469727, 25.889999389648438, 25.5, 28.059999465942383, 26.40999984741211, 27.010000228881836, 28.700000762939453, 27.489999771118164, 26.450000762939453, 22.959999084472656, 25.469999313354492, 27.389999389648438, 26.219999313354492, 25.459999084472656, 26.520000457763672, 30.360000610351562, 27.979999542236328, 27.75, 28.239999771118164, 28.3700008392334, 28.6200008392334, 28.725000381469727, 28.510000228881836, 28.6200008392334, 28.15999984741211, 28.34000015258789, 28.639999389648438, 30.15999984741211, 29.579999923706055, 27.139999389648438, 29.829999923706055, 28.920000076293945, 29.1299991607666, 29.020000457763672, 29.31999969482422, 29.200000762939453, 27.329999923706055, 26.489999771118164, 25.200000762939453, 25.729999542236328]
assets:[0, 99.9992, 204.20426349220276, 299.965, 391.56532770614626, 510.2565716514587, 593.2216037124634, 686.1109590698243, 694.5451489402772, 906.2918860778808, 1004.809743139267, 1149.2493000000002, 1231.22278871212, 1369.974495703125, 1449.3383999999999, 1694.8408037425995, 1695.178660205841, 1833.6900085386278, 2048.4223744537353, 2062.060619831276, 2084.0484601135254, 1909.0642278762818, 2217.7645322113035, 2484.9467386260985, 2478.7994050855636, 2506.9493618515016, 2711.322634800339, 3203.9121164108274, 3052.7494560558316, 3127.6553249999997, 3282.883029392624, 3397.996991518593, 3527.9417114509583, 3640.8851808511736, 3713.6328018135073, 3827.9623182485575, 3866.4355630493164, 3991.150561489105, 4133.399175912476, 4452.768089472199, 4467.139050478172, 4198.652895576477, 4714.804501941299, 4670.97332432251, 4804.891406571388, 4886.747525083923, 5037.263907569885, 5116.648973688126, 4888.973497352028, 4838.7083911920545, 4703.07614238739, 4901.989457788468]
shares:[0, 4.0816, 7.9986, 11.9986, 16.1138, 20.0415, 24.1049, 28.2176, 32.9637, 37.052, 41.147, 45.0686, 49.0527, 52.9152, 56.8368, 60.4006, 64.187, 67.8893, 71.3736, 75.0113, 78.792, 83.1474, 87.0736, 90.7246, 94.5385, 98.4662, 102.2369, 105.5307, 109.1047, 112.7083, 116.2494, 119.7743, 123.2684, 126.7497, 130.2572, 133.7513, 137.3024, 140.831, 144.3226, 147.6382, 151.0189, 154.7035, 158.0558, 161.5136, 164.9465, 168.3924, 171.803, 175.2277, 178.8867, 182.6617, 186.63, 190.5165]
growth_rate:-3.88
