ticker:EVSTC
price:[99.8499984741211, 99.8499984741211, 99.8499984741211, 99.8499984741211, 99.8499984741211, 99.8499984741211, 99.8499984741211, 99.8499984741211, 99.8499984741211, 99.8499984741211, 99.8499984741211, 99.8499984741211, 99.8499984741211, 99.9800033569336, 99.9800033569336, 99.9800033569336, 99.9800033569336, 99.9800033569336, 99.9800033569336, 99.9800033569336, 99.9800033569336, 99.9800033569336, 99.9800033569336, 99.9800033569336, 99.9800033569336, 99.9800033569336, 99.9800033569336, 100.0199966430664, 100.0199966430664, 100.0199966430664, 99.9800033569336, 99.9800033569336, 99.9800033569336, 99.9800033569336, 99.9800033569336, 99.9800033569336, 99.9800033569336, 99.9800033569336, 99.9800033569336, 99.9800033569336, 99.9800033569336, 99.9800033569336, 99.9800033569336, 99.9800033569336, 99.9800033569336, 99.9800033569336, 99.9800033569336, 99.9800033569336, 99.9800033569336, 99.9800033569336, 99.9800033569336, 99.9800033569336]
assets:[0, 99.99977347183228, 199.99954694366457, 299.99932041549687, 399.99909388732914, 499.9988673591614, 599.9986408309937, 699.998414302826, 799.9981877746583, 899.9979612464905, 999.9977347183228, 1099.997508190155, 1199.9972816619875, 1301.5596797012329, 1401.559679058838, 1501.5596784164427, 1601.5596777740477, 1701.5596771316527, 1801.559676489258, 1901.559675846863, 2001.5596752044678, 2101.559674562073, 2201.5596739196776, 2301.5596732772824, 2401.5596726348876, 2501.559671992493, 2601.5596713500977, 2702.6003212936403, 2802.600313937378, 2902.6003065811155, 3001.439692776489, 3101.4396921340945, 3201.4396914916993, 3301.4396908493045, 3401.4396902069093, 3501.439689564514, 3601.439688922119, 3701.439688279724, 3801.439687637329, 3901.4396869949337, 4001.439686352539, 4101.439685710144, 4201.4396850677485, 4301.439684425354, 4401.439683782959, 4501.439683140564, 4601.4396824981695, 4701.439681855774, 4801.439681213379, 4901.439680570984, 5001.439679928589, 5101.4396792861935]
shares:[0, 1.0015, 2.003, 3.0045, 4.006, 5.0075, 6.009, 7.0105, 8.012, 9.0135, 10.015, 11.0165, 12.018, 13.0182, 14.0184, 15.0186, 16.0188, 17.019, 18.0192, 19.0194, 20.0196, 21.0198, 22.02, 23.0202, 24.0204, 25.0206, 26.0208, 27.0206, 28.0204, 29.0202, 30.0204, 31.0206, 32.0208, 33.021, 34.0212, 35.0214, 36.0216, 37.0218, 38.022, 39.0222, 40.0224, 41.0226, 42.0228, 43.023, 44.0232, 45.0234, 46.0236, 47.0238, 48.024, 49.0242, 50.0244, 51.0246]
growth_rate:0.03
