ticker:EWBC
price:[37.709999084472656, 34.630001068115234, 34.279998779296875, 31.65999984741211, 33.56999969482422, 37.20000076293945, 36.66999816894531, 38.36000061035156, 36.47999954223633, 37.15999984741211, 43.16999816894531, 43.38999938964844, 43.7400016784668, 46.88999938964844, 47.689998626708984, 47.72999954223633, 50.38999938964844, 50.709999084472656, 57.88999938964844, 61.52000045776367, 62.400001525878906, 59.939998626708984, 64.62999725341797, 67.18000030517578, 69.29000091552734, 72.16000366210938, 75.05999755859375, 77.94999694824219, 78.12000274658203, 74.18000030517578, 74.48999786376953, 74.37999725341797, 74.6500015258789, 76.1500015258789, 76.1500015258789, 78.69999694824219, 78.06999969482422, 76.55999755859375, 74.77999877929688, 74.18000030517578, 72.05999755859375, 66.26000213623047, 74.18000030517578, 72.47000122070312, 72.68000030517578, 69.37000274658203, 73.18000030517578, 71.1500015258789, 75.38999938964844, 75.9800033569336, 71.44000244140625, 74.5]
assets:[0, 100.00105408439637, 198.99196491394042, 283.7844086322784, 400.9063643554687, 544.2583311622619, 636.5031602172852, 765.8382321853638, 828.3039256061554, 943.7450841247559, 1196.3787932556152, 1302.4766626785279, 1412.981388221359, 1614.7415309814453, 1742.2921028285982, 1843.7526063171385, 2046.504162211609, 2159.500524011993, 2565.262175953674, 2826.1180850288392, 2966.545992541504, 2949.593386421585, 3280.385992593384, 3509.8123979438783, 3720.0484981529235, 3974.1328256866454, 4233.849234289551, 4496.865168946839, 4606.674065963745, 4474.337332407379, 4593.038370280457, 4686.252222953796, 4803.264768180848, 4999.780650184631, 5099.780832188416, 5370.550751745605, 5427.559097783661, 5422.583851080322, 5396.513567907715, 5453.216616434479, 5397.36587713623, 5062.940015229798, 5768.11071772995, 5735.145450604248, 5851.764812570953, 5685.2601970977785, 6097.5113034278875, 6028.368869284057, 6487.611007476807, 6638.380491295623, 6341.721872723389, 6713.3589]
shares:[0, 2.8877, 5.8049, 8.9635, 11.9424, 14.6306, 17.3576, 19.9645, 22.7057, 25.3968, 27.7132, 30.0179, 32.3041, 34.4368, 36.5337, 38.6288, 40.6133, 42.5853, 44.3127, 45.9382, 47.5408, 49.2091, 50.7564, 52.2449, 53.6881, 55.0739, 56.4062, 57.6891, 58.9692, 60.3173, 61.6598, 63.0042, 64.3438, 65.657, 66.9702, 68.2408, 69.5217, 70.8279, 72.1652, 73.5133, 74.901, 76.4102, 77.7583, 79.1382, 80.5141, 81.9556, 83.3221, 84.7276, 86.054, 87.3701, 88.7699, 90.1122]
growth_rate:31.63
