ticker:EWJE
price:[33.97999954223633, 34.869998931884766, 35.09000015258789, 34.67100143432617, 34.7400016784668, 35.125999450683594, 34.58000183105469, 34.849998474121094, 34.00199890136719, 35.81999969482422, 36.4900016784668, 37.81999969482422, 38.01499938964844, 38.22999954223633, 38.2400016784668, 38.10499954223633, 37.71099853515625, 38.599998474121094, 39.513999938964844, 39.119998931884766, 39.400001525878906, 38.900001525878906, 40.09400177001953, 41.099998474121094, 40.810001373291016, 39.34600067138672, 39.380001068115234, 40.34000015258789, 41.52799987792969, 41.250999450683594, 40.220001220703125, 40.45000076293945, 40.470001220703125, 39.939998626708984, 39.137001037597656, 42.08000183105469, 38.880001068115234, 39.349998474121094, 39.72999954223633, 39.959999084472656, 39.849998474121094, 38.959999084472656, 39.53099822998047, 39.0, 39.42399978637695, 39.21699905395508, 39.0, 38.73400115966797, 38.91899871826172, 39.47999954223633, 38.58000183105469, 39.130001068115234]
assets:[0, 100.00018293685913, 200.63058487243651, 298.2364872379303, 398.8291152694702, 503.260731929779, 595.4365095291138, 700.0841943473816, 783.0490336990356, 924.9153761199951, 1042.216480939865, 1180.2033464767455, 1286.2869238479616, 1393.5599433135985, 1493.9259695728304, 1588.6507779151916, 1672.222579144287, 1811.6446083847045, 1954.5402499809265, 2035.0497284358978, 2149.616803250122, 2222.337637172699, 2390.548723934937, 2550.5302753089904, 2632.5348395870205, 2638.0981952156067, 2740.3794523281094, 2907.1827909965514, 3092.797790908813, 3172.1688569580074, 3192.8849069061275, 3311.1440274524684, 3412.7825919403076, 3468.089930753708, 3498.3625939483645, 3861.4292880249022, 3667.783780761719, 3812.121607176972, 3948.9354935009005, 4071.796034710693, 4160.586910688781, 4167.664086063385, 4328.7470867782595, 4370.6013, 4518.116532318115, 4594.3930118679045, 4668.9708, 4737.125734426117, 4859.74920765152, 5029.799317680359, 5015.137894024659, 5186.634685577393]
shares:[0, 2.8678, 5.7176, 8.6019, 11.4804, 14.3273, 17.2191, 20.0885, 23.0295, 25.8212, 28.5617, 31.2058, 33.8363, 36.452, 39.0671, 41.6914, 44.3431, 46.9338, 49.4645, 52.0207, 54.5588, 57.1295, 59.6236, 62.0567, 64.5071, 67.0487, 69.5881, 72.067, 74.475, 76.8992, 79.3855, 81.8577, 84.3287, 86.8325, 89.3876, 91.764, 94.336, 96.8773, 99.3943, 101.8968, 104.4062, 106.9729, 109.5026, 112.0667, 114.6032, 117.1531, 119.7172, 122.2989, 124.8683, 127.4012, 129.9932, 132.5488]
growth_rate:1.7
