ticker:EWTX
price:[30.0, 30.010000228881836, 29.540000915527344, 27.079999923706055, 27.540000915527344, 28.639999389648438, 29.239999771118164, 27.700000762939453, 28.15999984741211, 28.8700008392334, 26.350000381469727, 25.90999984741211, 26.389999389648438, 23.950000762939453, 20.40999984741211, 23.530000686645508, 19.760000228881836, 20.1200008392334, 17.510000228881836, 18.190000534057617, 16.260000228881836, 14.40999984741211, 15.1899995803833, 15.0]
assets:[0, 99.99932276268005, 198.43200214996338, 281.90821520576475, 386.6974148551941, 502.14224529876714, 612.6627912042618, 680.3951187400818, 791.6930517101288, 911.6539995012283, 932.0785634937286, 1016.5140690135956, 1135.345275741577, 1130.372976008606, 1063.2956800506593, 1325.8378896902084, 1213.4102380550385, 1335.517367706299, 1262.271402499771, 1411.2912004354478, 1361.5506311656952, 1306.638264163971, 1477.3656881884576, 1558.887]
shares:[0, 3.3322, 6.7174, 10.4102, 14.0413, 17.5329, 20.9529, 24.563, 28.1141, 31.5779, 35.373, 39.2325, 43.0218, 47.1972, 52.0968, 56.3467, 61.4074, 66.3776, 72.0886, 77.5861, 83.7362, 90.6758, 97.2591, 103.9258]
growth_rate:-32.22
