ticker:EWZS
price:[14.300000190734863, 13.829999923706055, 13.90999984741211, 13.1899995803833, 12.609999656677246, 13.359999656677246, 13.359999656677246, 13.579999923706055, 12.229999542236328, 14.399999618530273, 14.1899995803833, 14.619999885559082, 15.510000228881836, 16.639999389648438, 16.93000030517578, 16.84000015258789, 16.489999771118164, 16.6200008392334, 16.170000076293945, 16.65999984741211, 15.539999961853027, 15.529999732971191, 16.579999923706055, 16.329999923706055, 16.399999618530273, 14.850000381469727, 15.029999732971191, 15.449999809265137, 16.0, 15.09000015258789, 15.260000228881836, 16.190000534057617, 16.700000762939453, 17.020000457763672, 17.06999969482422, 18.15999984741211, 17.850000381469727, 17.770000457763672, 18.989999771118164, 20.299999237060547, 19.3799991607666, 19.739999771118164, 20.059999465942383, 19.6200008392334, 18.540000915527344, 19.190000534057617, 18.549999237060547, 17.920000076293945, 17.770000457763672, 17.209999084472656, 16.68000030517578, 17.68000030517578]
assets:[0, 100.00058044834137, 200.57941579971313, 290.1971377678871, 377.436204723835, 499.88442715406416, 599.8840245842933, 709.7627700124741, 739.2044093318939, 970.3626942941667, 1056.2113337664603, 1188.2170986989975, 1360.5511790777207, 1559.675462791443, 1686.8578264068606, 1777.8897521095275, 1840.9386274477006, 1955.4511287412643, 2002.5057454483033, 2163.1876921875, 2117.763222801399, 2216.4011838903425, 2466.255092651367, 2529.067913184166, 2639.90957859478, 2490.4059489740375, 2620.5931784415243, 2793.8234655094147, 2993.28, 2923.037150557327, 3055.9676458358763, 3342.2102832490923, 3547.4926520671843, 3715.467801929855, 3826.3821125923155, 4170.714548955917, 4199.517824747276, 4280.697152272796, 4674.587838658333, 5097.057788436126, 4966.058892949295, 5158.308690190315, 5341.927707781792, 5324.75639376316, 5131.649773406983, 5411.560960603714, 5331.080570738983, 5250.026006351852, 5306.081265687179, 5238.866564305878, 5177.5304747276305, 5587.933824453735]
shares:[0, 7.2307, 14.4198, 22.0013, 29.9315, 37.4165, 44.9015, 52.2653, 60.4419, 67.3863, 74.4335, 81.2734, 87.7209, 93.7305, 99.6372, 105.5754, 111.6397, 117.6565, 123.8408, 129.8432, 136.2782, 142.7174, 148.7488, 154.8725, 160.9701, 167.7041, 174.3575, 180.83, 187.08, 193.7069, 200.26, 206.4367, 212.4247, 218.3001, 224.1583, 229.6649, 235.2671, 240.8946, 246.1605, 251.0866, 256.2466, 261.3125, 266.2975, 271.3943, 276.788, 281.999, 287.3898, 292.9702, 298.5977, 304.4083, 310.4035, 316.0596]
growth_rate:9.57
