ticker:EXAS
price:[74.69999694824219, 76.19999694824219, 77.47000122070312, 97.69999694824219, 105.5999984741211, 107.94000244140625, 103.31999969482422, 109.69999694824219, 123.83000183105469, 123.97000122070312, 122.70999908447266, 115.2300033569336, 118.19000244140625, 132.8699951171875, 129.5, 137.0500030517578, 139.55999755859375, 132.49000549316406, 131.10000610351562, 145.97000122070312, 150.0, 137.16000366210938, 144.58999633789062, 155.00999450683594, 147.80999755859375, 136.1199951171875, 121.63999938964844, 128.4600067138672, 133.66000366210938, 126.0, 132.5800018310547, 125.54000091552734, 130.0399932861328, 133.9600067138672, 131.82000732421875, 104.5, 96.73999786376953, 106.29000091552734, 110.52999877929688, 106.83000183105469, 121.88999938964844, 126.5199966430664, 128.57000732421875, 122.81999969482422, 119.69999694824219, 114.0, 117.94999694824219, 107.83999633789062, 102.0, 92.94000244140625, 93.18000030517578, 103.88999938964844]
assets:[0, 99.99725599517822, 201.6621601776123, 354.3188089324951, 482.9721530212402, 593.6700134277344, 668.2634260261536, 809.5311274795532, 1013.8086079910278, 1114.9489999786379, 1203.6132970199585, 1230.2416078399658, 1361.8443031311035, 1630.9924770629882, 1689.62535, 1888.1378920440673, 2022.7128246154784, 2020.2473507614136, 2099.055307723999, 2437.144334381104, 2604.435, 2481.498786254883, 2715.9206552124024, 3011.6426802749634, 2971.749562915039, 2836.713474243164, 2634.9535027786255, 2882.693934661865, 3099.3883609191894, 3021.7698, 3279.5784732940674, 3205.437951376343, 3420.3379114105223, 3623.4440336013795, 3665.5584896667483, 3005.8588999999997, 2882.648782344818, 3267.2164511421206, 3497.5449633728026, 3480.4680446548464, 4071.113790614319, 4325.756641225434, 4495.848873114013, 4394.782075080108, 4383.138578251648, 4274.4186, 4522.5213479873655, 4234.876656188965, 4105.5408, 3840.8757168945313, 3950.794740939331, 4504.898931533814]
shares:[0, 1.3123, 2.6031, 3.6266, 4.5736, 5.5, 6.4679, 7.3795, 8.1871, 8.9937, 9.8086, 10.6764, 11.5225, 12.2751, 13.0473, 13.777, 14.4935, 15.2483, 16.0111, 16.6962, 17.3629, 18.092, 18.7836, 19.4287, 20.1052, 20.8398, 21.6619, 22.4404, 23.1886, 23.9823, 24.7366, 25.5332, 26.3022, 27.0487, 27.8073, 28.7642, 29.7979, 30.7387, 31.6434, 32.5795, 33.3999, 34.1903, 34.9681, 35.7823, 36.6177, 37.4949, 38.3427, 39.27, 40.2504, 41.3264, 42.3996, 43.3622]
growth_rate:-11.67
