ticker:EXC
price:[37.09000015258789, 35.83000183105469, 35.06999969482422, 35.52000045776367, 35.939998626708984, 39.20000076293945, 42.09000015258789, 42.20000076293945, 39.88999938964844, 42.84000015258789, 42.88999938964844, 41.869998931884766, 41.7400016784668, 40.93000030517578, 41.189998626708984, 42.56999969482422, 41.83000183105469, 42.220001220703125, 42.209999084472656, 43.36000061035156, 42.540000915527344, 41.560001373291016, 43.68000030517578, 42.209999084472656, 41.380001068115234, 38.599998474121094, 39.63999938964844, 42.59000015258789, 42.970001220703125, 43.529998779296875, 43.90999984741211, 44.83000183105469, 46.15999984741211, 44.90999984741211, 44.939998626708984, 44.68000030517578, 45.09000015258789, 45.84000015258789, 45.119998931884766, 45.599998474121094, 46.90999984741211, 44.54999923706055, 44.630001068115234, 45.130001068115234, 44.90999984741211, 45.9900016784668, 46.52000045776367, 46.79999923706055, 47.599998474121094, 48.349998474121094, 49.36000061035156, 49.09000015258789]
assets:[0, 100.00153511047363, 197.87896627807618, 300.41750787162783, 403.9691785640716, 540.6111305217743, 680.4690324668885, 782.2487541423798, 839.4291911560059, 1001.5092395671844, 1102.6761503082275, 1176.4506689884186, 1272.7987411823274, 1348.0991410514832, 1456.66370643425, 1605.4679404907226, 1677.5587594329834, 1793.1974458465577, 1892.772336946106, 2044.3416447769164, 2105.678997317505, 2157.17187128067, 2367.2114085388184, 2387.545283214569, 2440.596600997543, 2376.632786050415, 2540.6663008804326, 2829.7434951381683, 2954.991122946167, 3093.502893249512, 3220.5086828086855, 3387.9825583801266, 3588.496852137756, 3591.322448797989, 3693.721849126053, 3772.3502977661137, 3906.9673512214663, 4071.9534615543366, 4107.99542275238, 4251.698257728577, 4473.839522447586, 4348.76599552536, 4456.573386657715, 4606.500443024444, 4684.045619085312, 4896.688849711227, 5053.118749723434, 5183.53515549736, 5372.140587789154, 5556.7879646331785, 5772.8643193832395, 5841.287844156646]
shares:[0, 2.791, 5.6424, 8.4577, 11.2401, 13.7911, 16.167, 18.5367, 21.0436, 23.3779, 25.7094, 28.0977, 30.4935, 32.9367, 35.3645, 37.7136, 40.1042, 42.4727, 44.8418, 47.1481, 49.4988, 51.905, 54.1944, 56.5635, 58.9801, 61.5708, 64.0935, 66.4415, 68.7687, 71.066, 73.3434, 75.574, 77.7404, 79.9671, 82.1923, 84.4304, 86.6482, 88.8297, 91.046, 93.239, 95.3707, 97.6154, 99.856, 102.0718, 104.2985, 106.4729, 108.6225, 110.7593, 112.8601, 114.9284, 116.9543, 118.9914]
growth_rate:14.54
