ticker:EXEL
price:[20.670000076293945, 21.729999542236328, 26.799999237060547, 23.84000015258789, 23.399999618530273, 23.90999984741211, 23.229999542236328, 22.290000915527344, 20.479999542236328, 20.709999084472656, 20.15999984741211, 18.90999984741211, 19.40999984741211, 18.979999542236328, 19.8700008392334, 19.950000762939453, 20.709999084472656, 20.06999969482422, 22.81999969482422, 23.729999542236328, 22.139999389648438, 22.209999084472656, 23.170000076293945, 21.90999984741211, 22.209999084472656, 21.65999984741211, 22.329999923706055, 23.280000686645508, 23.399999618530273, 22.690000534057617, 23.1200008392334, 23.1200008392334, 23.59000015258789, 24.729999542236328, 24.6200008392334, 25.110000610351562, 25.559999465942383, 24.459999084472656, 22.549999237060547, 22.3700008392334, 22.979999542236328, 22.40999984741211, 23.420000076293945, 18.260000228881836, 18.010000228881836, 16.799999237060547, 16.729999542236328, 16.850000381469727, 17.25, 18.280000686645508, 18.440000534057617, 19.43000030517578]
assets:[0, 99.99928489341735, 223.32975364227295, 298.6627539115905, 393.1504135908127, 501.72026379814145, 587.4518434238433, 663.6803192596435, 709.7876321350099, 817.7591658493042, 896.0414332180023, 940.4831694110869, 1065.3508386249541, 1141.7494644630433, 1295.2876017080307, 1400.5020235588072, 1553.8546633087158, 1605.8368015823362, 1925.8687722450256, 2102.667799438477, 2061.7808011611937, 2168.300022619629, 2362.0216347776413, 2333.572735748291, 2465.525335367584, 2504.469972356796, 2681.940174836731, 2896.0390694189073, 3010.966870914841, 3019.6079610729216, 3176.833771315956, 3276.834710945892, 3443.448835273361, 3709.856043328857, 3793.353711305809, 3968.8515424713137, 4139.9786734981535, 4061.81032596817, 3844.637314923477, 3913.9493008358004, 4120.677001915741, 4118.467192957687, 4404.084174346924, 3533.7574142942426, 3585.376815565109, 3444.493763574982, 3530.141994408798, 3655.4626727565765, 3842.2391249999996, 4171.660676698685, 4308.174204772949, 4639.470213869476]
shares:[0, 4.6019, 8.3332, 12.5278, 16.8013, 20.9837, 25.2885, 29.7748, 34.6576, 39.4862, 44.4465, 49.7347, 54.8867, 60.1554, 65.1881, 70.2006, 75.0292, 80.0118, 84.3939, 88.608, 93.1247, 97.6272, 101.9431, 106.5072, 111.0097, 115.6265, 120.1048, 124.4003, 128.6738, 133.081, 137.4063, 141.7316, 145.9707, 150.0144, 154.0761, 158.0586, 161.971, 166.0593, 170.4939, 174.9642, 179.3158, 183.7781, 188.048, 193.5245, 199.077, 205.0294, 211.0067, 216.9414, 222.7385, 228.209, 233.632, 238.7787]
growth_rate:-9.03
