ticker:EXLS
price:[62.33000183105469, 60.720001220703125, 64.98999786376953, 63.279998779296875, 66.23999786376953, 70.08000183105469, 72.41999816894531, 75.4800033569336, 75.73999786376953, 80.30999755859375, 81.86000061035156, 80.86000061035156, 84.2300033569336, 84.51000213623047, 83.38999938964844, 86.44999694824219, 86.22000122070312, 85.12999725341797, 87.38999938964844, 84.87000274658203, 86.5999984741211, 76.68000030517578, 81.75, 86.0199966430664, 80.55000305175781, 84.62000274658203, 89.0199966430664, 88.62000274658203, 85.58999633789062, 94.93000030517578, 91.37999725341797, 92.80999755859375, 95.69999694824219, 95.76000213623047, 92.37999725341797, 97.93000030517578, 98.79000091552734, 99.77999877929688, 101.9800033569336, 103.81999969482422, 105.16000366210938, 105.7300033569336, 106.56999969482422, 106.62000274658203, 107.79000091552734, 107.9800033569336, 106.86000061035156, 113.22000122070312, 118.55999755859375, 120.12999725341797, 119.83999633789062, 120.4800033569336]
assets:[0, 99.99977001037598, 207.03213719482423, 301.586146182251, 415.69573059387204, 539.7912141036987, 657.8125693679809, 785.6109709396363, 888.316564945221, 1041.9178153259277, 1162.0272666641235, 1247.8315294189454, 1399.8352717895507, 1504.4893130302428, 1584.5517514022827, 1742.6936184814454, 1838.0552300231934, 1914.820515221405, 2065.654893572998, 2106.0915531578066, 2249.0192803726195, 2091.393332323456, 2329.6706249999997, 2551.3531004333495, 2489.115919303894, 2714.8889341194154, 2956.051420527649, 3042.7677943038943, 3038.735875982666, 3470.3370351562503, 3440.557414588165, 3594.401271447754, 3806.3238286209107, 3908.712615196228, 3870.749598917389, 4203.2927150985715, 4340.200384222412, 4483.694069146729, 4682.554626138306, 4867.040057693482, 5029.855555160522, 5157.1183627388, 5298.095563828278, 5400.580351121521, 5559.840584223175, 5669.641248260498, 5710.833524618531, 6150.721854315186, 6540.824649310302, 6727.436015187835, 6811.190079861451, 6947.563729579926]
shares:[0, 1.6469, 3.1856, 4.7659, 6.2756, 7.7025, 9.0833, 10.4082, 11.7285, 12.9737, 14.1953, 15.432, 16.6192, 17.8025, 19.0017, 20.1584, 21.3182, 22.4929, 23.6372, 24.8155, 25.9702, 27.2743, 28.4975, 29.66, 30.9015, 32.0833, 33.2066, 34.335, 35.5034, 36.5568, 37.6511, 38.7286, 39.7735, 40.8178, 41.9003, 42.9214, 43.9336, 44.9358, 45.9164, 46.8796, 47.8305, 48.7763, 49.7147, 50.6526, 51.5803, 52.5064, 53.4422, 54.3254, 55.1689, 56.0013, 56.8357, 57.6657]
growth_rate:36.23
