ticker:EXPD
price:[87.80000305175781, 90.36000061035156, 91.31999969482422, 90.31999969482422, 89.6500015258789, 92.45999908447266, 93.29000091552734, 95.19999694824219, 88.37000274658203, 88.31999969482422, 89.19000244140625, 88.98999786376953, 88.95999908447266, 90.05999755859375, 90.48999786376953, 95.4000015258789, 94.63999938964844, 95.11000061035156, 94.41999816894531, 93.19000244140625, 93.7699966430664, 89.5199966430664, 92.91000366210938, 96.58000183105469, 93.44000244140625, 91.83999633789062, 96.55000305175781, 100.44000244140625, 103.30000305175781, 107.80000305175781, 108.76000213623047, 108.91999816894531, 111.2300033569336, 110.83999633789062, 109.86000061035156, 118.66999816894531, 119.61000061035156, 122.08999633789062, 125.69000244140625, 124.0999984741211, 125.66000366210938, 120.5999984741211, 125.75, 128.0, 128.39999389648438, 126.80000305175781, 130.36000061035156, 128.25, 124.23999786376953, 123.91000366210938, 123.02999877929688, 124.56999969482422]
assets:[0, 100.00141267547608, 201.06837532806395, 298.86887899017336, 396.64746675109865, 509.075508959198, 613.6429680221557, 726.204616720581, 774.1035500595093, 873.6614369812012, 982.2673348876953, 1080.0627050727844, 1179.6985478591919, 1294.288248913574, 1400.4684519386292, 1576.4564052146911, 1663.894221269226, 1772.1561083724976, 1859.2997199432373, 1935.0810816955568, 2047.1209277137755, 2054.340690963745, 2232.134964981079, 2420.3045038864134, 2441.6152957946774, 2499.8112283203127, 2728.010681227112, 2937.9202914123534, 3121.5814722198484, 3357.560455050659, 3487.4656004997255, 3592.5954356048587, 3768.78395774231, 3855.569272613525, 3921.474693786621, 4335.952526097107, 4470.30416281128, 4662.995439132691, 4900.489798187256, 4938.497389278412, 5100.5772466461185, 4995.191636798859, 5308.498525, 5503.488, 5620.6840528198245, 5650.639255996704, 5909.284007667542, 5913.63315, 5828.731923778534, 5913.24558576355, 5971.248687753296, 6145.997273943329]
shares:[0, 1.1067, 2.2018, 3.309, 4.4244, 5.5059, 6.5778, 7.6282, 8.7598, 9.892, 11.0132, 12.1369, 13.261, 14.3714, 15.4765, 16.5247, 17.5813, 18.6327, 19.6918, 20.7649, 21.8313, 22.9484, 24.0247, 25.0601, 26.1303, 27.2192, 28.2549, 29.2505, 30.2186, 31.1462, 32.0657, 32.9838, 33.8828, 34.785, 35.6952, 36.5379, 37.374, 38.1931, 38.9887, 39.7945, 40.5903, 41.4195, 42.2147, 42.996, 43.7748, 44.5634, 45.3305, 46.1102, 46.9151, 47.7221, 48.5349, 49.3377]
growth_rate:20.51
