ticker:EXPE
price:[99.80000305175781, 94.73999786376953, 93.80000305175781, 93.56999969482422, 92.08999633789062, 96.30000305175781, 90.70999908447266, 102.72000122070312, 94.1500015258789, 103.2699966430664, 123.44999694824219, 119.9000015258789, 123.7300033569336, 128.5800018310547, 123.0199966430664, 125.54000091552734, 126.95999908447266, 132.39999389648438, 144.02000427246094, 140.69000244140625, 136.52000427246094, 124.0999984741211, 141.39999389648438, 146.50999450683594, 158.9199981689453, 161.0, 166.4499969482422, 174.58999633789062, 179.97999572753906, 176.4499969482422, 175.92999267578125, 174.97999572753906, 173.91000366210938, 177.55999755859375, 176.22999572753906, 173.4600067138672, 171.8000030517578, 168.05999755859375, 176.9499969482422, 171.4199981689453, 172.94000244140625, 162.92999267578125, 170.99000549316406, 167.4199981689453, 167.74000549316406, 157.61000061035156, 161.5500030517578, 160.8699951171875, 148.88999938964844, 148.6300048828125, 137.7899932861328, 146.74000549316406]
assets:[0, 99.99806774520874, 199.00608647460936, 298.51637002639774, 393.7952423400879, 511.7959962188721, 582.0860641250611, 759.1521690216065, 795.812302897644, 972.8963113746643, 1263.004573777771, 1326.6815268836974, 1469.0587028572083, 1626.6398871643066, 1656.3043288032532, 1790.2380750556947, 1910.4813702232361, 2092.343583544922, 2375.970020484924, 2421.0357690124515, 2449.278092651367, 2326.4530313949585, 2750.767201263428, 2950.1692023880005, 3300.053221977234, 3443.2426, 3659.8026628997804, 3938.78523538208, 4160.381585238648, 4178.777052726746, 4266.460659381104, 4343.4234459472655, 4416.861927008057, 4609.564072619629, 4675.029326660156, 4701.546751976013, 4756.5579644927975, 4753.005626953125, 5104.423476966857, 5044.907688111877, 5189.635475262451, 4989.258528717041, 5336.068002424622, 5324.659105764771, 5434.843273980712, 5206.630609162903, 5436.7876477035525, 5513.89951763916, 5203.2736976699825, 5294.185910925293, 5008.059979980469, 5433.356857395935]
shares:[0, 1.0555, 2.1216, 3.1903, 4.2762, 5.3146, 6.417, 7.3905, 8.4526, 9.4209, 10.2309, 11.0649, 11.8731, 12.6508, 13.4637, 14.2603, 15.0479, 15.8032, 16.4975, 17.2083, 17.9408, 18.7466, 19.4538, 20.1363, 20.7655, 21.3866, 21.9874, 22.5602, 23.1158, 23.6825, 24.2509, 24.8224, 25.3974, 25.9606, 26.528, 27.1045, 27.6866, 28.2816, 28.8467, 29.4301, 30.0083, 30.6221, 31.2069, 31.8042, 32.4004, 33.0349, 33.6539, 34.2755, 34.9471, 35.6199, 36.3456, 37.0271]
growth_rate:6.54
