ticker:EXPI
price:[19.309999465942383, 21.104999542236328, 19.524999618530273, 19.700000762939453, 21.864999771118164, 29.4950008392334, 28.485000610351562, 22.110000610351562, 21.19499969482422, 23.809999465942383, 21.969999313354492, 24.280000686645508, 27.075000762939453, 28.31999969482422, 33.52000045776367, 38.369998931884766, 39.314998626708984, 31.559999465942383, 37.18000030517578, 38.98500061035156, 51.459999084472656, 53.29499816894531, 67.48500061035156, 77.88500213623047, 71.41999816894531, 60.38999938964844, 44.11000061035156, 52.459999084472656, 51.72999954223633, 47.939998626708984, 45.31999969482422, 41.79999923706055, 36.70000076293945, 34.459999084472656, 34.36000061035156, 28.18000030517578, 26.600000381469727, 27.760000228881836, 32.2599983215332, 33.849998474121094, 35.790000915527344, 34.91999816894531, 39.20000076293945, 38.08000183105469, 38.95000076293945, 32.31999969482422, 37.369998931884766, 35.91999816894531, 49.09000015258789, 49.25, 41.66999816894531, 45.130001068115234]
assets:[0, 99.99970883102417, 192.51259123878478, 294.23724139518737, 426.5730265346527, 675.4296202182769, 752.3002601196289, 683.9330708801269, 755.6292926200866, 948.857050717163, 975.5316825109483, 1178.1020533170702, 1413.7184573368072, 1578.726702987671, 1968.60616288414, 2353.4430694866182, 2511.406728775406, 2116.025376192665, 2592.832835282135, 2818.709108129883, 3820.6836540260315, 4056.9218506164552, 5237.092490365601, 6144.168683022308, 5734.161670988464, 4948.586031985474, 3714.5428503982544, 4517.70298715744, 4554.836805693817, 4321.124510216903, 4184.966603819275, 3959.918747723007, 3576.7710643558503, 3458.460644116211, 3548.4259830322267, 3010.2045405990602, 2941.428042182922, 3169.7006741342543, 3783.520349145889, 4069.9985715339662, 4403.258128637695, 4396.2217414810175, 5035.048017995834, 4991.191535998535, 5205.22357195816, 4419.200822272492, 5209.699233095551, 5107.557931637573, 7080.235995007706, 7203.31485, 6194.66192779541, 6809.025015152741]
shares:[0, 4.7382, 9.8598, 14.9359, 19.5094, 22.8998, 26.4104, 30.9332, 35.6513, 39.8512, 44.4029, 48.5215, 52.2149, 55.746, 58.7293, 61.3355, 63.8791, 67.0477, 69.7373, 72.3024, 74.2457, 76.122, 77.6038, 78.8877, 80.2879, 81.9438, 84.2109, 86.1171, 88.0502, 90.1361, 92.3426, 94.7349, 97.4597, 100.3616, 103.272, 106.8206, 110.58, 114.1823, 117.2821, 120.2363, 123.0304, 125.8941, 128.4451, 131.0712, 133.6386, 136.7327, 139.4086, 142.1926, 144.2297, 146.2602, 148.66, 150.8758]
growth_rate:33.51
