ticker:EXPO
price:[76.44999694824219, 76.44999694824219, 74.66999816894531, 71.83000183105469, 70.73999786376953, 73.98999786376953, 74.2699966430664, 74.95999908447266, 69.58999633789062, 74.61000061035156, 79.2699966430664, 82.25, 83.41999816894531, 83.0999984741211, 86.33999633789062, 87.4800033569336, 88.79000091552734, 90.02999877929688, 92.83000183105469, 94.19000244140625, 93.23999786376953, 82.58000183105469, 89.75, 94.20999908447266, 95.61000061035156, 96.47000122070312, 94.80999755859375, 98.9000015258789, 95.4800033569336, 96.58000183105469, 98.83999633789062, 100.94000244140625, 100.86000061035156, 100.31999969482422, 96.33000183105469, 96.08000183105469, 94.83000183105469, 92.08000183105469, 91.2300033569336, 88.48999786376953, 89.36000061035156, 86.05999755859375, 89.91000366210938, 90.7699966430664, 90.30999755859375, 90.18000030517578, 95.13999938964844, 107.08999633789062, 115.04000091552734, 114.47000122070312, 115.5999984741211, 115.8499984741211]
assets:[0, 99.99659600830078, 197.66641915283205, 290.15010939636227, 385.74520835113526, 503.4649404640198, 605.36731563797, 710.9880953163147, 760.0549810028077, 914.8827494842529, 1072.0236536018372, 1212.323875, 1329.5729568161012, 1424.4752438438416, 1580.0132989837648, 1700.87370526886, 1826.3481658317564, 1951.8503735351562, 2112.550917669678, 2243.502249151611, 2320.874082826233, 2155.527981794739, 2442.680875, 2664.0703541107177, 2803.658096897888, 2928.8774720611573, 2978.4750353027343, 3206.961119478607, 3196.0594403686523, 3332.8792831878663, 3510.865857919311, 3685.46080513916, 3782.5425168899533, 3862.289892250824, 3808.6763463958737, 3898.791962301636, 3948.066949232483, 3933.574806221008, 3997.2608430847167, 3977.209500986481, 4116.314812115478, 4064.3038687011717, 4346.1237030212405, 4487.695865032196, 4564.953632592774, 4658.383185764313, 5014.601031829834, 5744.457329559325, 6270.910977906036, 6339.840888607789, 6502.430554170227, 6616.494622853088]
shares:[0, 1.308, 2.6472, 4.0394, 5.453, 6.8045, 8.1509, 9.4849, 10.9219, 12.2622, 13.5237, 14.7395, 15.9383, 17.1417, 18.2999, 19.443, 20.5693, 21.68, 22.7572, 23.8189, 24.8914, 26.1023, 27.2165, 28.278, 29.3239, 30.3605, 31.4152, 32.4263, 33.4736, 34.509, 35.5207, 36.5114, 37.5029, 38.4997, 39.5378, 40.5786, 41.6331, 42.7191, 43.8152, 44.9453, 46.0644, 47.2264, 48.3386, 49.4403, 50.5476, 51.6565, 52.7076, 53.6414, 54.5107, 55.3843, 56.2494, 57.1126]
growth_rate:29.74
