ticker:EXTR
price:[4.059999942779541, 3.819999933242798, 4.159999847412109, 3.880000114440918, 4.0, 4.610000133514404, 4.400000095367432, 4.650000095367432, 4.059999942779541, 4.409999847412109, 5.059999942779541, 5.610000133514404, 5.760000228881836, 6.260000228881836, 6.300000190734863, 7.130000114440918, 7.0, 6.889999866485596, 7.550000190734863, 7.760000228881836, 7.789999961853027, 8.09000015258789, 9.220000267028809, 9.6899995803833, 9.470000267028809, 9.170000076293945, 8.15999984741211, 9.319999694824219, 9.260000228881836, 8.869999885559082, 8.859999656677246, 9.40999984741211, 9.59000015258789, 9.930000305175781, 11.380000114440918, 11.420000076293945, 10.140000343322754, 11.359999656677246, 11.4399995803833, 11.470000267028809, 11.479999542236328, 10.40999984741211, 11.279999732971191, 11.210000038146973, 11.15999984741211, 10.529999732971191, 10.210000038146973, 11.010000228881836, 11.390000343322754, 11.050000190734863, 10.59000015258789, 11.029999732971191]
assets:[0, 99.99995825242996, 208.90063233757022, 294.840044696331, 403.9588, 565.5626533797741, 639.7996138672828, 776.1519759181976, 777.672283039713, 944.7128133125304, 1183.9559906113625, 1412.6468406200886, 1550.418109608078, 1785.002757264328, 1896.4084174144746, 2246.2523480537416, 2305.2967, 2369.0706450921534, 2696.006163108921, 2870.9944446802137, 2982.093780396938, 3196.93668629837, 3743.4805364183426, 4034.308262297917, 4042.7147039937972, 4014.6452904016496, 3672.465051326752, 4294.530971379089, 4366.883689937401, 4282.965483741093, 4378.1369343482975, 4749.917616977691, 4940.776709613419, 5215.94516230011, 6077.5880671181685, 6198.95076741352, 5604.146997746658, 6378.41260723114, 6523.331432725621, 6640.438513593578, 6746.227470994949, 6217.4411148658755, 6837.053742148018, 6894.625327462006, 6963.873384784699, 6670.751671837329, 6568.031764539718, 7182.667616317177, 7530.570483990002, 7405.777532831668, 7197.483013706207, 7596.5284720932]
shares:[0, 26.178, 50.2165, 75.9897, 100.9897, 122.6817, 145.409, 166.9144, 191.5449, 214.2206, 233.9834, 251.8087, 269.1698, 285.1442, 301.0172, 315.0424, 329.3281, 343.8419, 357.0869, 369.9735, 382.8105, 395.1714, 406.0174, 416.3373, 426.897, 437.8021, 450.057, 460.7866, 471.5857, 482.8597, 494.1464, 504.7734, 515.2009, 525.2714, 534.0587, 542.8153, 552.6772, 561.48, 570.2213, 578.9397, 587.6505, 597.2566, 606.1218, 615.0424, 624.003, 633.4997, 643.294, 652.3767, 661.1563, 670.2061, 679.649, 688.7152]
growth_rate:48.95
