ticker:EYE
price:[39.369998931884766, 37.380001068115234, 38.349998474121094, 36.849998474121094, 39.68000030517578, 40.06999969482422, 40.810001373291016, 43.130001068115234, 40.33000183105469, 44.77000045776367, 44.13999938964844, 43.470001220703125, 43.93000030517578, 42.7599983215332, 44.61000061035156, 45.849998474121094, 47.310001373291016, 45.290000915527344, 50.189998626708984, 48.63999938964844, 48.150001525878906, 46.369998931884766, 49.06999969482422, 50.91999816894531, 51.31999969482422, 47.4900016784668, 45.65999984741211, 47.810001373291016, 43.58000183105469, 45.369998931884766, 45.18000030517578, 47.400001525878906, 47.58000183105469, 50.310001373291016, 50.40999984741211, 51.15999984741211, 49.939998626708984, 48.209999084472656, 49.66999816894531, 48.18000030517578, 48.27000045776367, 47.29999923706055, 50.849998474121094, 50.779998779296875, 50.540000915527344, 49.560001373291016, 52.83000183105469, 53.97999954223633, 54.29999923706055, 53.97999954223633, 55.5099983215332, 57.70000076293945]
assets:[0, 99.99897885742186, 202.5953719390869, 294.67101279830933, 417.30265920944214, 521.4028570289612, 631.032808234787, 766.9074879924775, 817.1181010986328, 1007.0742982971191, 1092.9019708877563, 1176.3112740325928, 1288.7568469528198, 1354.4314988342285, 1513.028468701172, 1655.0840749191284, 1807.7861174755096, 1830.5991920051574, 2128.653202756119, 2162.9137648590086, 2241.1225610214233, 2258.2745919815065, 2489.7676215156557, 2683.636663497925, 2804.720095321655, 2695.4042722652434, 2691.5382750053404, 2918.2746738243104, 2760.078403967285, 2973.4453789981844, 3060.9947186759946, 3311.402026599121, 3423.975881767273, 3720.434663555145, 3827.827887413406, 3984.7807641151426, 3989.7564302864075, 3951.5470379585267, 4171.216908230591, 4146.091382261658, 4253.837233340836, 4268.356661152267, 4688.710554303741, 4782.257165039063, 4859.653572032165, 4865.424278819275, 5286.449982225036, 5501.522797345734, 5634.13534083786, 5700.93031365471, 5962.517653710174, 6297.753133272171]
shares:[0, 2.6752, 5.2828, 7.9965, 10.5167, 13.0123, 15.4627, 17.7813, 20.2608, 22.4944, 24.7599, 27.0603, 29.3366, 31.6752, 33.9168, 36.0978, 38.2115, 40.4195, 42.4119, 44.4678, 46.5446, 48.7012, 50.7391, 52.703, 54.6516, 56.7573, 58.9474, 61.039, 63.3336, 65.5377, 67.7511, 69.8608, 71.9625, 73.9502, 75.9339, 77.8886, 79.891, 81.9653, 83.9786, 86.0542, 88.1259, 90.2401, 92.2067, 94.176, 96.1546, 98.1724, 100.0653, 101.9178, 103.7594, 105.6119, 107.4134, 109.1465]
growth_rate:23.49
