ticker:EYEG
price:[3.5999999046325684, 3.75, 3.799999952316284, 3.880000114440918, 3.819999933242798, 3.8399999141693115, 3.75, 3.819999933242798, 3.5199999809265137, 3.299999952316284, 3.4600000381469727, 3.3399999141693115, 3.3350000381469727, 3.7899999618530273, 3.640000104904175, 3.569999933242798, 5.940000057220459, 4.929999828338623, 5.25, 6.230000019073486, 6.679999828338623, 6.309999942779541, 7.090000152587891, 6.96999979019165, 7.139999866485596, 5.539999961853027, 5.400000095367432, 5.650000095367432, 5.659999847412109, 5.150000095367432, 5.119999885559082, 4.619999885559082, 4.309999942779541, 4.429999828338623, 4.230000019073486, 3.930000066757202, 3.75, 4.3460001945495605, 4.389999866485596, 4.380000114440918, 4.489999771118164, 4.53000020980835, 4.369999885559082, 3.630000114440918, 3.619999885559082, 3.2699999809265137, 3.299999952316284, 2.5199999809265137, 2.240000009536743, 1.6299999952316284, 1.5199999809265137, 1.6799999475479126]
assets:[0, 100.000125, 201.33349747359753, 305.5721250128746, 400.8467269949198, 502.9455247582913, 591.157875, 702.1927697286844, 747.0467799520492, 800.3562484351635, 939.1613043543815, 1006.5891341328621, 1105.0822776403427, 1355.8505043531418, 1402.18882841084, 1475.2235754140615, 2554.5736506083967, 2220.210139692831, 2464.321125, 3024.327966259146, 3342.7787940979006, 3257.625179459143, 3760.31132792778, 3796.66692071414, 3989.268579402685, 3195.31464199791, 3214.566596771288, 3463.3890384592055, 3569.518523769379, 3347.883736995935, 3428.381619369698, 3193.578616892624, 3079.291096118689, 3265.025496481085, 3217.6205785085676, 3089.4206054786446, 3047.9205, 3632.3369836022853, 3769.1112103688715, 3860.5255308680535, 4057.4789911663056, 4193.626403229094, 4145.506873438072, 3543.521895714569, 3633.7598671240808, 3382.4294472707275, 3513.460779231858, 2783.0063309358598, 2573.783530957818, 1972.887120228553, 1939.747519659376, 2243.931409941137]
shares:[0, 26.6667, 52.9825, 78.7557, 104.9337, 130.9754, 157.6421, 183.8201, 212.2292, 242.5322, 271.4339, 301.374, 331.359, 357.7442, 385.2167, 413.2279, 430.0629, 450.3469, 469.3945, 485.4459, 500.416, 516.2639, 530.3683, 544.7155, 558.7211, 576.7716, 595.2901, 612.9892, 630.657, 650.0745, 669.6058, 691.2508, 714.4527, 737.0261, 760.6668, 786.1121, 812.7788, 835.7885, 858.5675, 881.3985, 903.6702, 925.7453, 948.6286, 976.1768, 1003.8011, 1034.3821, 1064.6851, 1104.3676, 1149.0105, 1210.3602, 1276.1497, 1335.6735]
growth_rate:-56.0
