ticker:EYEN
price:[3.4800000190734863, 3.430000066757202, 3.390000104904175, 3.0799999237060547, 3.130000114440918, 3.390000104904175, 3.75, 3.5299999713897705, 3.299999952316284, 3.390000104904175, 3.359999895095825, 3.3399999141693115, 3.630000114440918, 3.869999885559082, 4.190000057220459, 5.119999885559082, 5.690000057220459, 6.059999942779541, 6.769999980926514, 6.559999942779541, 6.929999828338623, 6.010000228881836, 6.440000057220459, 6.980000019073486, 7.010000228881836, 5.929999828338623, 5.630000114440918, 6.039999961853027, 6.400000095367432, 5.659999847412109, 5.079999923706055, 5.75, 5.045000076293945, 5.289999961853027, 5.289999961853027, 4.739999771118164, 4.570000171661377, 4.840000152587891, 4.78000020980835, 5.090000152587891, 5.440000057220459, 5.349999904632568, 5.400000095367432, 5.0, 4.710000038146973, 4.550000190734863, 4.590000152587891, 4.230000019073486, 4.190000057220459, 4.239999771118164, 4.119999885559082, 5.0]
assets:[0, 99.99993694627284, 198.83367615294455, 280.6511330480576, 385.2072360841751, 517.2051970050097, 672.1297500000001, 732.6980900615692, 784.9584486576557, 906.3663610476733, 998.3453448301792, 1092.4027499276401, 1287.2521275824547, 1472.3596454604149, 1694.1050131354334, 2170.123727493954, 2511.7196552586556, 2775.0478957971095, 3200.1769599839686, 3200.9099880796434, 3481.448961761856, 3119.265243792534, 3442.4408505866522, 3831.0923684688096, 3947.558252890777, 3439.3749944371225, 3365.3764824079512, 3710.457140565777, 4031.6103000756743, 3665.454955183029, 3389.8428010896687, 3936.9284000000002, 3554.226769749451, 3826.8304084041597, 3926.8304516830444, 3618.5584852695465, 3588.7790908041, 3900.8078029785156, 3952.4507234847542, 4308.781330168534, 4705.0631214900495, 4727.221930734015, 4871.401646032047, 4610.557, 4443.144623985672, 4392.20982412033, 4530.822657620621, 4275.464059278488, 4335.033976201105, 4486.764365797424, 4459.780396121025, 5512.355]
shares:[0, 29.1545, 58.653, 91.1205, 123.0694, 152.5679, 179.2346, 207.5632, 237.8662, 267.3647, 297.1266, 327.0667, 354.6149, 380.4547, 404.321, 423.8523, 441.427, 457.9287, 472.6997, 487.9436, 502.3736, 519.0125, 534.5405, 548.8671, 563.1324, 579.9958, 597.7578, 614.3141, 629.9391, 647.6069, 667.2919, 684.6832, 704.5048, 723.4084, 742.312, 763.409, 785.2908, 805.952, 826.8725, 846.5189, 864.9013, 883.5929, 902.1114, 922.1114, 943.3428, 965.3208, 987.1073, 1010.748, 1034.6143, 1058.1992, 1082.471, 1102.471]
growth_rate:8.09
