ticker:EYES
price:[0.7480000257492065, 0.7450000047683716, 0.8600000143051147, 0.8299999833106995, 0.8939999938011169, 0.9010000228881836, 0.8550000190734863, 0.8500000238418579, 0.7400000095367432, 0.7580000162124634, 0.800000011920929, 0.8389999866485596, 1.090000033378601, 1.399999976158142, 1.409999966621399, 1.6699999570846558, 2.509999990463257, 1.8700000047683716, 1.7100000381469727, 1.7100000381469727, 1.940000057220459, 2.1600000858306885, 2.450000047683716, 2.5, 2.3299999237060547, 1.7400000095367432, 5.789999961853027, 15.199999809265137, 14.319999694824219, 9.109999656677246, 8.050000190734863, 8.859999656677246, 7.360000133514404, 7.420000076293945, 6.889999866485596, 5.550000190734863, 5.090000152587891, 5.170000076293945, 5.980000019073486, 6.440000057220459, 6.650000095367432, 6.5, 5.159999847412109, 4.46999979019165, 4.159999847412109, 3.7799999713897705, 4.130000114440918, 3.819999933242798, 3.869999885559082, 3.640000104904175, 3.509999990463257, 3.7799999713897705]
assets:[0, 100.00000964004992, 215.43628158353565, 307.9210298084497, 431.6643210068941, 535.044267391777, 607.7279430572987, 704.1740197515488, 713.0455831893682, 830.3899273607731, 976.4009745495081, 1124.0004794131994, 1560.2628897792579, 2104.0073241689684, 2219.035951469278, 2728.2198118907213, 4200.4980360402105, 3229.4546652348877, 3053.137694109917, 3153.1376413407324, 3677.2439184606073, 4194.2510146645545, 4857.367889537692, 5056.4977499999995, 4812.655850413514, 3694.0007062463997, 12392.105897355555, 32631.952390522954, 30842.73324670563, 19721.319057775214, 17526.633490272045, 19390.18190063534, 16207.42096601143, 16439.54663503475, 15365.292931251382, 12476.978183791829, 11542.850391031267, 11824.270467491342, 13776.815537941791, 14936.570984713888, 15523.633207623912, 15273.47575, 12224.789386497117, 10690.079147239829, 10048.709263415527, 9230.798486133528, 10185.502511236858, 9520.972799614263, 9745.592768810178, 9266.397771055985, 9035.454611450481, 9830.489433594561]
shares:[0, 134.2282, 250.5073, 370.9892, 482.846, 593.8338, 710.7929, 828.44, 963.5751, 1095.5012, 1220.5012, 1339.6907, 1431.4338, 1502.8624, 1573.7844, 1633.6646, 1673.5052, 1726.9811, 1785.4606, 1843.9401, 1895.4865, 1941.7828, 1982.5991, 2022.5991, 2065.5176, 2122.9889, 2140.2601, 2146.839, 2153.8222, 2164.7991, 2177.2215, 2188.5082, 2202.0952, 2215.5723, 2230.0861, 2248.1041, 2267.7505, 2287.0929, 2303.8153, 2319.3433, 2334.3809, 2349.7655, 2369.1453, 2391.5167, 2415.5552, 2442.0102, 2466.2233, 2492.4013, 2518.2411, 2545.7136, 2574.2036, 2600.6586]
growth_rate:92.75
