ticker:EYPT
price:[4.900000095367432, 5.0, 5.900000095367432, 5.599999904632568, 5.099999904632568, 5.400000095367432, 4.800000190734863, 4.599999904632568, 3.700000047683716, 3.700000047683716, 4.5, 4.300000190734863, 5.400000095367432, 5.199999809265137, 4.269999980926514, 4.639999866485596, 4.989999771118164, 6.579999923706055, 10.350000381469727, 10.920000076293945, 9.899999618530273, 11.199999809265137, 13.979999542236328, 13.350000381469727, 13.270000457763672, 10.8100004196167, 9.4399995803833, 11.210000038146973, 10.550000190734863, 9.979999542236328, 10.8100004196167, 10.010000228881836, 9.369999885559082, 9.75, 10.6899995803833, 9.739999771118164, 8.869999885559082, 9.350000381469727, 9.829999923706055, 9.15999984741211, 9.5, 9.550000190734863, 9.520000457763672, 8.819999694824219, 8.050000190734863, 7.679999828338623, 8.239999771118164, 8.220000267028809, 9.210000038146973, 10.350000381469727, 10.199999809265137, 10.0600004196167]
assets:[0, 100.0, 218.00028352375028, 306.91527477326395, 379.51190290331846, 501.8360488627433, 546.0763416991234, 623.3229870772361, 601.3684077501298, 701.3683090388774, 953.0154, 1010.6591448297501, 1369.1997241809368, 1418.4887079701423, 1264.7974793503283, 1474.3933655748367, 1685.608449684334, 2322.706415068626, 3753.496983342552, 4060.2110923671726, 3780.9603343109134, 4377.450485452461, 5563.996479811477, 5413.258279681206, 5480.819380067062, 4564.782117193222, 4086.2661863616945, 4952.441254852867, 4760.861661072254, 4603.639058839798, 5086.507329445267, 4810.077381983948, 4602.540195786667, 4889.196, 5460.564030655384, 5075.293756734848, 4721.956857077217, 5077.485917155838, 5438.147642792702, 5167.490253919601, 5459.2966, 5588.029811605454, 5670.475936661529, 5353.529016765594, 4986.158043140888, 4856.980115438032, 5311.134700473022, 5398.24350736332, 6148.397089466095, 7009.436328346634, 7007.849688956737, 7011.664362466336]
shares:[0, 20.0, 36.9492, 54.8063, 74.4141, 92.9326, 113.7659, 135.505, 162.532, 189.559, 211.7812, 235.037, 253.5555, 272.7863, 296.2055, 317.7572, 337.7973, 352.9949, 362.6567, 371.8142, 381.9152, 390.8438, 397.9969, 405.4875, 413.0233, 422.274, 432.8672, 441.7878, 451.2665, 461.2865, 470.5372, 480.5272, 491.1996, 501.456, 510.8105, 521.0774, 532.3514, 543.0466, 553.2195, 564.1365, 574.6628, 585.134, 595.6382, 606.9761, 619.3985, 632.4193, 644.5552, 656.7206, 667.5784, 677.2402, 687.0441, 696.9845]
growth_rate:37.48
