ticker:EZGO
price:[8.039999961853027, 8.399999618530273, 9.979999542236328, 9.069999694824219, 7.449999809265137, 6.510000228881836, 7.199999809265137, 6.75, 5.789999961853027, 6.260000228881836, 7.099999904632568, 6.070000171661377, 6.099999904632568, 5.849999904632568, 5.179999828338623, 4.659999847412109, 6.039999961853027, 4.269999980926514, 4.110000133514404, 4.050000190734863, 3.859999895095825, 3.890000104904175, 3.9700000286102295, 3.5299999713897705, 3.2200000286102295, 3.130000114440918, 3.049999952316284, 3.180000066757202, 3.1500000953674316, 2.990000009536743, 3.130000114440918, 3.1500000953674316]
assets:[0, 100.0003154586792, 218.80949396362305, 298.858303944397, 345.4788411550522, 401.88835412979125, 544.4848655760766, 610.454475, 623.6345268912315, 774.2574863088608, 978.1513668614388, 936.2507874774456, 1040.8777537269116, 1098.2187270967006, 1072.4397104601383, 1064.7815391345978, 1480.1031986520766, 1146.3643328793526, 1203.4092720930576, 1285.8414455567358, 1325.517787976074, 1435.819655720687, 1565.3479852808475, 1491.8584719086646, 1460.8454269798517, 1520.0144435756683, 1581.1642002800702, 1748.5580167071819, 1832.0621054663657, 1839.004887865591, 2025.1122650433542, 2138.0521697303298]
shares:[0, 11.9048, 21.9248, 32.9502, 46.373, 61.734, 75.6229, 90.4377, 107.7089, 123.6833, 137.7678, 154.2423, 170.6357, 187.7297, 207.0347, 228.4939, 245.0502, 268.4694, 292.8003, 317.4917, 343.3984, 369.1053, 394.2942, 422.6228, 453.6787, 485.6276, 518.4145, 549.861, 581.607, 615.0518, 647.0007, 678.7467]
growth_rate:-31.03
