ticker:EZPW
price:[5.599999904632568, 5.210000038146973, 5.179999828338623, 4.900000095367432, 5.0, 5.090000152587891, 5.239999771118164, 4.960000038146973, 4.460000038146973, 4.789999961853027, 5.130000114440918, 5.380000114440918, 5.420000076293945, 5.380000114440918, 5.099999904632568, 4.590000152587891, 4.75, 4.789999961853027, 4.920000076293945, 4.679999828338623, 4.739999771118164, 4.489999771118164, 5.199999809265137, 4.989999771118164, 4.860000133514404, 4.800000190734863, 5.199999809265137, 5.590000152587891, 5.539999961853027, 5.159999847412109, 5.139999866485596, 5.369999885559082, 5.230000019073486, 5.059999942779541, 5.630000114440918, 6.489999771118164, 6.949999809265137, 7.289999961853027, 7.349999904632568, 7.440000057220459, 7.150000095367432, 6.440000057220459, 6.380000114440918, 5.980000019073486, 6.059999942779541, 5.920000076293945, 5.679999828338623, 5.71999979019165, 6.0, 6.159999847412109, 6.309999942779541, 6.769999980926514]
assets:[0, 100.00021973218918, 199.4242953912258, 288.64479561781883, 394.5355, 501.6373300380707, 616.420473074913, 683.4820532566071, 714.5825441119194, 867.4551020916939, 1029.0282619557381, 1179.1760510828972, 1287.94323612957, 1378.4383433215141, 1406.6977836954595, 1366.028109411621, 1513.64545, 1626.391797047615, 1770.5318914554596, 1784.1642905572414, 1907.0379459142687, 1906.4556988166808, 2307.922155345917, 2314.717680828285, 2354.414428680706, 2425.3474563746454, 2727.4596999573705, 3032.0194367637637, 3104.899072620487, 2991.9273555248265, 3080.33098798666, 3318.166963286018, 3331.660113150358, 3323.364952418089, 3797.7362821965216, 4477.851924080277, 4895.234450655841, 5234.7135056078905, 5377.7972152222155, 5543.648202635765, 5427.565072393418, 4988.60436432457, 5042.126850442886, 4826.005927392769, 4990.568118877459, 4975.274624118805, 4873.573900710488, 5007.89470831151, 5353.0368, 5595.784517388153, 5832.045842113734, 6357.20261708951]
shares:[0, 19.1939, 38.4989, 58.9071, 78.9071, 98.5535, 117.6375, 137.7988, 160.2203, 181.0971, 200.5903, 219.1777, 237.6279, 256.2153, 275.8231, 297.6096, 318.6622, 339.539, 359.8642, 381.2317, 402.3287, 424.6004, 443.8312, 463.8713, 484.4474, 505.2807, 524.5115, 542.4006, 560.4511, 579.8309, 599.2862, 617.9082, 637.0287, 656.7915, 674.5535, 689.9618, 704.3503, 718.0677, 731.6731, 745.114, 759.1, 774.628, 790.302, 807.0244, 823.5261, 840.418, 858.0236, 875.5061, 892.1728, 908.4066, 924.2545, 939.0255]
growth_rate:24.65
