ticker:FAAR
price:[26.597000122070312, 26.639999389648438, 27.125, 26.424999237060547, 27.110000610351562, 26.652999877929688, 26.540000915527344, 26.739999771118164, 26.31999969482422, 26.739999771118164, 26.6299991607666, 26.90999984741211, 27.113000869750977, 27.30500030517578, 27.139999389648438, 27.459999084472656, 26.760000228881836, 27.274999618530273, 27.325000762939453, 27.459999084472656, 27.3700008392334, 27.416000366210938, 27.66900062561035, 28.270000457763672, 28.40999984741211, 28.700000762939453, 29.15999984741211, 29.450000762939453, 29.163000106811523, 28.9689998626709, 29.06999969482422, 29.010000228881836, 29.104999542236328, 29.565000534057617, 29.844999313354492, 30.729999542236328, 30.450000762939453, 30.29800033569336, 30.729999542236328, 31.110000610351562, 31.145000457763672, 29.825000762939453, 29.829999923706055, 30.59000015258789, 30.365999221801758, 30.204999923706055, 30.219999313354492, 30.30500030517578, 29.600000381469727, 29.71500015258789, 28.799999237060547, 29.829999923706055]
assets:[0, 100.00122970886231, 201.82085, 296.61268893623355, 404.302283102417, 497.48623862152095, 595.377148538208, 699.8633400094985, 788.87092685318, 901.4588722839356, 997.7515045562743, 1108.2425967159272, 1216.6037298271178, 1325.2181543113709, 1417.2100581283569, 1533.9210408584595, 1594.8184096406935, 1725.51193836689, 1828.6764910583495, 1937.7120893959043, 2031.3604072866442, 2134.7742845153807, 2254.4757047748567, 2403.444763917923, 2515.347520490265, 2641.0228602069856, 2783.354061435318, 2911.035390414047, 2982.6662500242232, 3062.8257267805097, 3173.5050056846617, 3266.9553737754823, 3377.652659876251, 3531.0367087841037, 3664.476457691193, 3873.1384633045195, 3937.8489086647032, 4018.190489920425, 4175.48170980072, 4327.114872894287, 4431.983397140503, 4344.145573625565, 4444.872832631683, 4658.116745235443, 4724.0081329364775, 4798.961326378441, 4901.345424633789, 5015.132073503112, 4998.463264417648, 5117.882820780564, 5060.289465948104, 5341.2643303390505]
shares:[0, 3.7538, 7.4404, 11.2247, 14.9134, 18.6653, 22.4332, 26.1729, 29.9723, 33.712, 37.4672, 41.1833, 44.8716, 48.5339, 52.2185, 55.8602, 59.5971, 63.2635, 66.9232, 70.5649, 74.2185, 77.866, 81.4802, 85.0175, 88.5374, 92.0217, 95.4511, 98.8467, 102.2757, 105.7277, 109.1677, 112.6148, 116.0506, 119.433, 122.7836, 126.0377, 129.3218, 132.6223, 135.8764, 139.0908, 142.3016, 145.6545, 149.0068, 152.2758, 155.569, 158.8797, 162.1888, 165.4886, 168.867, 172.2323, 175.7045, 179.0568]
growth_rate:4.73
