ticker:FAB
price:[49.470001220703125, 47.88999938964844, 48.4900016784668, 45.83000183105469, 47.810001373291016, 50.029998779296875, 49.970001220703125, 50.75, 47.790000915527344, 49.7599983215332, 54.459999084472656, 54.86000061035156, 56.9900016784668, 58.369998931884766, 57.88999938964844, 58.029998779296875, 57.81999969482422, 58.290000915527344, 60.880001068115234, 61.65999984741211, 61.709999084472656, 58.900001525878906, 62.459999084472656, 63.970001220703125, 64.36000061035156, 64.41999816894531, 66.97000122070312, 70.26000213623047, 69.62999725341797, 69.45999908447266, 69.5, 70.13999938964844, 71.23999786376953, 71.27999877929688, 71.58999633789062, 74.0999984741211, 73.66999816894531, 72.91999816894531, 73.27999877929688, 73.80999755859375, 73.4800033569336, 69.38999938964844, 71.69000244140625, 71.5, 71.30999755859375, 69.76000213623047, 70.16999816894531, 71.12999725341797, 71.7300033569336, 72.81999969482422, 71.48999786376953, 73.0199966430664]
assets:[0, 99.9991077255249, 201.2529029663086, 290.2139035949707, 402.7514515686035, 521.4526712768555, 620.8272951660156, 730.5158, 787.9089660942077, 920.385808954239, 1107.318823384857, 1215.450743522644, 1362.6423381324769, 1495.637830631256, 1583.3377953063964, 1687.1641845092774, 1781.0583605995178, 1895.5383687721253, 2079.7643324886326, 2206.410604539871, 2308.2008057556154, 2303.096079664612, 2542.296850735474, 2703.756071594238, 2820.242354745483, 2922.870598921204, 3138.569198208618, 3392.757139155579, 3462.337687426758, 3553.886123157501, 3655.92935, 3789.5940270233154, 3949.0254295829773, 4051.2414986206054, 4168.857302746582, 4415.018699085235, 4489.398119416809, 4543.6961299057, 4666.1259062713625, 4799.8715222351075, 4878.410902870179, 4706.869377598571, 4962.883799011231, 5049.7304, 5136.309373150635, 5124.667420930481, 5254.785567878723, 5426.6782024566655, 5572.452905788421, 5757.127329872895, 5751.977993122101, 5975.080285308838]
shares:[0, 2.0881, 4.1504, 6.3324, 8.424, 10.4228, 12.424, 14.3944, 16.4869, 18.4965, 20.3327, 22.1555, 23.9102, 25.6234, 27.3508, 29.074, 30.8035, 32.5191, 34.1617, 35.7835, 37.404, 39.1018, 40.7028, 42.266, 43.8198, 45.3721, 46.8653, 48.2886, 49.7248, 51.1645, 52.6033, 54.029, 55.4327, 56.8356, 58.2324, 59.5819, 60.9393, 62.3107, 63.6753, 65.0301, 66.391, 67.8321, 69.227, 70.6256, 72.0279, 73.4614, 74.8865, 76.2924, 77.6865, 79.0597, 80.4585, 81.828]
growth_rate:17.16
