ticker:FAD
price:[84.30999755859375, 82.41999816894531, 83.51000213623047, 84.20999908447266, 87.23999786376953, 91.56999969482422, 91.98999786376953, 90.77999877929688, 85.1500015258789, 93.9800033569336, 92.33999633789062, 94.44999694824219, 96.88999938964844, 98.54000091552734, 100.05999755859375, 104.08999633789062, 105.76000213623047, 103.76000213623047, 108.62000274658203, 109.12000274658203, 111.63999938964844, 106.66000366210938, 114.12999725341797, 118.02999877929688, 116.16999816894531, 110.0199966430664, 105.37999725341797, 110.37000274658203, 108.80999755859375, 107.41000366210938, 110.18000030517578, 111.79000091552734, 113.30000305175781, 113.94000244140625, 112.58999633789062, 110.79000091552734, 107.98999786376953, 108.68000030517578, 112.51000213623047, 113.55000305175781, 115.62000274658203, 114.0199966430664, 118.94000244140625, 119.5999984741211, 118.80000305175781, 114.69000244140625, 119.44000244140625, 119.58000183105469, 121.6500015258789, 120.91000366210938, 119.06999969482422, 123.72000122070312]
assets:[0, 100.00018377838136, 201.3259131500244, 303.01283970565794, 413.9188938644409, 534.4666172187806, 636.9203472091675, 728.5458022033691, 783.3629840377807, 964.6013564552306, 1047.7727044464111, 1171.718327140808, 1301.9884337982178, 1424.1592172317505, 1546.1270822753906, 1708.3978828948975, 1835.8032690811158, 1901.0907591400146, 2090.1312648513795, 2199.750135368347, 2350.546695149231, 2345.698798538208, 2609.981842189789, 2799.164042050171, 2855.0519599990844, 2803.9036224472043, 2785.6464613960266, 3017.5489860923767, 3074.894364007568, 3135.330229898071, 3316.18663118515, 3464.6404243743896, 3611.4375972747803, 3731.842717962646, 3787.628807803345, 3827.074396625519, 3830.351229228973, 3954.821739105225, 4194.192863635254, 4332.965921452332, 4511.9549871826175, 4549.511886054993, 4845.829791467285, 4972.716776557159, 5039.460489454651, 4965.113709692383, 5270.743979736328, 5376.926740333557, 5570.0007848655705, 5636.123092706299, 5650.347765518189, 5971.011814913941]
shares:[0, 1.2133, 2.4108, 3.5983, 4.7446, 5.8367, 6.9238, 8.0254, 9.1998, 10.2639, 11.3469, 12.4057, 13.4378, 14.4526, 15.452, 16.4127, 17.3582, 18.322, 19.2426, 20.159, 21.0547, 21.9923, 22.8685, 23.7157, 24.5765, 25.4854, 26.4343, 27.3403, 28.2593, 29.1903, 30.0979, 30.9924, 31.875, 32.7527, 33.6409, 34.5435, 35.4695, 36.3896, 37.2784, 38.1591, 39.024, 39.901, 40.7418, 41.5779, 42.4197, 43.2916, 44.1288, 44.9651, 45.7871, 46.6142, 47.454, 48.2623]
growth_rate:17.08
