ticker:FALN
price:[27.75, 27.600000381469727, 27.59000015258789, 27.052000045776367, 27.309999465942383, 27.690000534057617, 27.56999969482422, 27.75, 27.520000457763672, 28.0, 28.170000076293945, 28.530000686645508, 28.860000610351562, 29.09000015258789, 29.1299991607666, 29.1299991607666, 29.31999969482422, 29.427000045776367, 29.469999313354492, 29.469999313354492, 29.459999084472656, 29.3700008392334, 29.559999465942383, 29.670000076293945, 29.59000015258789, 29.25, 29.170000076293945, 29.040000915527344, 28.81999969482422, 29.18000030517578, 29.209999084472656, 29.299999237060547, 29.389999389648438, 29.440000534057617, 29.469999313354492, 29.540000915527344, 29.459999084472656, 29.399999618530273, 29.5, 29.549999237060547, 29.700000762939453, 29.700000762939453, 29.84000015258789, 30.040000915527344, 30.149999618530273, 30.030000686645508, 30.079999923706055, 30.1299991607666, 29.979999542236328, 30.0, 29.950000762939453, 30.190000534057617]
assets:[0, 100.00032138214112, 199.96404410591126, 296.0652041009903, 398.8898521995544, 504.4398157291413, 602.2528583335876, 706.1847750000001, 800.3311493125916, 914.2896, 1019.8413297620773, 1132.8749732654571, 1245.97857835083, 1355.9081791122435, 1457.7729390016557, 1557.7733131206512, 1667.9326866394042, 1774.0184685596466, 1876.6112452753066, 1976.6117939453127, 2075.940079486084, 2169.5972059951782, 2283.631154741859, 2392.128921151161, 2485.6783728179935, 2557.1169, 2650.1236769313814, 2738.312366329193, 2817.5670961647033, 2952.762164881134, 3055.79821222229, 3165.2144575813295, 3274.9364489883424, 3380.506941324234, 3483.952159824562, 3592.2265813331605, 3682.4969395591734, 3774.998171018791, 3887.83745, 3994.4270568695065, 4114.703445699311, 4214.703348268127, 4334.570358164978, 4463.6227080375675, 4579.96584205246, 4661.737186592101, 4769.499827902793, 4877.429199145317, 4953.14862237053, 5056.451999999999, 5148.024766139603, 5289.279036566734]
shares:[0, 3.6232, 7.2477, 10.9443, 14.606, 18.2174, 21.8445, 25.4481, 29.0818, 32.6532, 36.2031, 39.7082, 43.1732, 46.6108, 50.0437, 53.4766, 56.8872, 60.2854, 63.6787, 67.072, 70.4664, 73.8712, 77.2541, 80.6245, 84.004, 87.4228, 90.851, 94.2945, 97.7643, 101.1913, 104.6148, 108.0278, 111.4303, 114.827, 118.2203, 121.6055, 124.9999, 128.4013, 131.7911, 135.1752, 138.5422, 141.9092, 145.2604, 148.5893, 151.906, 155.236, 158.5605, 161.8795, 165.2151, 168.5484, 171.8873, 175.1997]
growth_rate:3.71
