ticker:FAMI
price:[0.7300000190734863, 0.7900000214576721, 0.9100000262260437, 0.9200000166893005, 0.8799999952316284, 0.8600000143051147, 1.0299999713897705, 0.8999999761581421, 0.7699999809265137, 0.8799999952316284, 0.8199999928474426, 0.8600000143051147, 0.949999988079071, 0.9700000286102295, 1.100000023841858, 1.3200000524520874, 1.1100000143051147, 1.2000000476837158, 1.25, 1.2999999523162842, 1.4500000476837158, 1.2599999904632568, 1.350000023841858, 1.909999966621399, 1.75, 1.2799999713897705, 1.1399999856948853, 1.4500000476837158, 1.399999976158142, 1.1200000047683716, 1.1299999952316284, 1.0800000429153442, 0.9800000190734863, 0.9800000190734863, 0.44999998807907104, 0.4000000059604645, 0.3700000047683716, 0.44999998807907104, 0.4300000071525574, 0.5, 0.5400000214576721, 0.46000000834465027, 0.4699999988079071, 0.44999998807907104, 0.4099999964237213, 0.4000000059604645, 0.4000000059604645, 0.3700000047683716, 0.41999998688697815, 0.4000000059604645, 0.36000001430511475, 0.38999998569488525]
assets:[0, 100.00001971616149, 215.1898902017355, 317.55465776061413, 403.7479578122497, 494.57190422663695, 692.3361107690334, 704.9538713250995, 703.127176583004, 903.5739631038905, 941.9666277835727, 1087.9162720962406, 1301.7679786649644, 1429.173695153594, 1720.712437295437, 2164.8549980236053, 1920.4462117497324, 2176.15808647275, 2366.8312499999997, 2561.5044360445736, 2957.0628172439574, 2669.585541794324, 2960.2703322802545, 4288.234133060074, 4029.0104750000005, 3046.933307895732, 2813.6750046930315, 3678.7972959784274, 3651.942077807796, 3021.553708864188, 3148.531868713832, 3109.2164435491563, 2921.32596085701, 3021.325946803284, 1487.3434705988527, 1422.08314119069, 1415.426915241301, 1821.4650867476523, 1840.5111426147937, 2240.1292, 2519.339644109559, 2246.1040947455494, 2394.9324169255706, 2393.0203316066086, 2280.3074351097193, 2324.690234640583, 2424.6902361306993, 2342.838476193309, 2759.438133846253, 2728.03644065091, 2555.232869535828, 2868.1687437961937]
shares:[0, 126.5823, 236.4724, 345.1681, 458.8045, 575.0836, 672.171, 783.2821, 913.1522, 1026.7886, 1148.7398, 1265.0189, 1370.2821, 1473.3749, 1564.284, 1640.0416, 1730.1317, 1813.465, 1893.465, 1970.3881, 2039.3536, 2118.7187, 2192.7928, 2245.1488, 2302.2917, 2380.4167, 2468.136, 2537.1015, 2608.5301, 2697.8158, 2786.3114, 2878.904, 2980.9448, 3082.9856, 3305.2078, 3555.2078, 3825.4781, 4047.7003, 4280.2584, 4480.2584, 4665.4436, 4882.8349, 5095.6009, 5317.8231, 5561.7255, 5811.7255, 6061.7255, 6331.9958, 6570.091, 6820.091, 7097.8688, 7354.2791]
growth_rate:-43.76
