ticker:FANG
price:[35.529998779296875, 29.6200008392334, 33.77000045776367, 29.899999618530273, 30.469999313354492, 30.690000534057617, 29.290000915527344, 29.030000686645508, 25.959999084472656, 24.739999771118164, 33.599998474121094, 39.84000015258789, 43.52000045776367, 47.220001220703125, 50.11000061035156, 45.84000015258789, 48.25, 48.400001525878906, 56.7599983215332, 59.2400016784668, 63.7400016784668, 56.689998626708984, 64.44999694824219, 69.12000274658203, 65.56999969482422, 69.27999877929688, 85.2699966430664, 82.01000213623047, 75.80999755859375, 75.79000091552734, 81.22000122070312, 74.80000305175781, 77.54000091552734, 76.12999725341797, 81.7300033569336, 84.20999908447266, 78.69999694824219, 76.30999755859375, 80.06999969482422, 85.81999969482422, 87.2699966430664, 86.18000030517578, 96.30999755859375, 98.05999755859375, 89.41999816894531, 78.36000061035156, 78.23999786376953, 77.12999725341797, 80.05000305175781, 75.63999938964844, 68.18000030517578, 76.6500015258789]
assets:[0, 100.00008483333588, 214.0106239009857, 289.48581630668644, 395.0039300985336, 497.8562576635361, 575.144315977478, 670.0385428483963, 699.180655342102, 766.3214929103851, 1140.76026819458, 1452.6142135635375, 1686.7916977424622, 1930.1978238983154, 2148.3309791671754, 2065.2661988746645, 2273.8439750000002, 2380.9122350616453, 2892.160306475067, 3118.524016358185, 3455.4156049915314, 3173.228342129898, 3707.595639442444, 4076.2484819755555, 3966.8931835372928, 4291.341684387207, 5381.790257128143, 5276.039678432465, 4977.168931713867, 5075.853415315247, 5539.5127192565915, 5201.644572221375, 5492.1892808471675, 5492.314908850861, 5996.31784828949, 6278.268060742951, 5967.466618598938, 5886.240340679932, 6276.270912078858, 6826.980975723266, 7042.330922109222, 7054.37595898056, 7983.578723620605, 8228.64585913086, 7603.6238783004765, 6763.165456678771, 6852.8066928939825, 6855.584110874176, 7215.122910063172, 6917.641016180421, 6335.387898357391, 7222.430708777619]
shares:[0, 3.3761, 6.3373, 9.6818, 12.9637, 16.2221, 19.6362, 23.0809, 26.933, 30.975, 33.9512, 36.4612, 38.759, 40.8767, 42.8723, 45.0538, 47.1263, 49.1924, 50.9542, 52.6422, 54.2111, 55.9751, 57.5267, 58.9735, 60.4986, 61.942, 63.1147, 64.3341, 65.6532, 66.9726, 68.2038, 69.5407, 70.8304, 72.1439, 73.3674, 74.5549, 75.8255, 77.1359, 78.3848, 79.55, 80.6959, 81.8563, 82.8946, 83.9144, 85.0327, 86.3089, 87.587, 88.8835, 90.1327, 91.4548, 92.9215, 94.2261]
growth_rate:41.62
