ticker:FANH
price:[20.84000015258789, 20.5, 18.8700008392334, 17.100000381469727, 16.829999923706055, 16.420000076293945, 16.760000228881836, 16.440000534057617, 14.989999771118164, 15.119999885559082, 14.369999885559082, 15.130000114440918, 14.380000114440918, 14.289999961853027, 13.109999656677246, 11.970000267028809, 12.460000038146973, 12.039999961853027, 13.460000038146973, 13.529999732971191, 14.739999771118164, 16.09000015258789, 15.460000038146973, 14.859999656677246, 14.600000381469727, 13.140000343322754, 14.899999618530273, 14.9399995803833, 15.170000076293945, 15.020000457763672, 14.390000343322754, 13.729999542236328, 13.010000228881836, 12.819999694824219, 13.350000381469727, 13.359999656677246, 13.710000038146973, 13.4399995803833, 13.289999961853027, 14.470000267028809, 14.75, 14.930000305175781, 15.319999694824219, 15.140000343322754, 15.079999923706055, 15.369999885559082, 15.279999732971191, 13.59000015258789, 14.680000305175781, 14.380000114440918, 14.529999732971191, 13.710000038146973]
assets:[0, 99.999, 192.047546541214, 274.034346113205, 369.7079743240356, 460.70086814060215, 570.2405717874526, 659.3525254192352, 701.1977122934342, 807.2794738898277, 867.2352410934449, 1013.101781662941, 1062.8818904587745, 1156.2296189134597, 1160.7541256023405, 1159.818811873436, 1307.2969740023614, 1363.230199680805, 1624.0095746026038, 1732.4555808081627, 1987.3912211399079, 2269.4108535217288, 2280.5525316271783, 2292.044983045006, 2351.941801451683, 2216.746965919304, 2613.662573085022, 2720.6785035848616, 2862.5638443965913, 2934.259225427246, 2911.184848456287, 2877.662366057587, 2826.758207730484, 2885.4755333122253, 3104.7655337171554, 3207.0906295847894, 3391.1081854354857, 3424.325077087498, 3486.107863993645, 3895.6337298898698, 4071.0162250000003, 4220.696156272888, 4430.948359735107, 4478.887497565651, 4561.137492923927, 4748.8519576413155, 4821.044667748833, 4387.827811266327, 4839.758284611512, 4840.85304052515, 4991.34841427021, 4809.661324382496]
shares:[0, 4.878, 10.1774, 16.0254, 21.9672, 28.0573, 34.0239, 40.1066, 46.7777, 53.3915, 60.3504, 66.9598, 73.9139, 80.9118, 88.5396, 96.8938, 104.9195, 113.2251, 120.6545, 128.0455, 134.8298, 141.0448, 147.5131, 154.2426, 161.0919, 168.7022, 175.4136, 182.107, 188.699, 195.3568, 202.3061, 209.5894, 217.2758, 225.0761, 232.5667, 240.0517, 247.3456, 254.7861, 262.3106, 269.2214, 276.0011, 282.699, 289.2264, 295.8314, 302.4627, 308.9689, 315.5134, 322.8718, 329.6838, 336.6379, 343.5202, 350.8141]
growth_rate:-5.69
