ticker:FARM
price:[6.460000038146973, 5.519999980926514, 5.070000171661377, 4.369999885559082, 4.639999866485596, 4.739999771118164, 4.420000076293945, 4.21999979019165, 3.4700000286102295, 3.7200000286102295, 4.28000020980835, 4.349999904632568, 4.599999904632568, 4.449999809265137, 4.0, 4.019999980926514, 4.130000114440918, 4.670000076293945, 4.860000133514404, 5.650000095367432, 5.769999980926514, 5.239999771118164, 6.590000152587891, 6.409999847412109, 6.53000020980835, 7.809999942779541, 7.900000095367432, 8.75, 11.020000457763672, 8.770000457763672, 10.670000076293945, 9.920000076293945, 10.270000457763672, 10.210000038146973, 10.199999809265137, 9.279999732971191, 10.390000343322754, 12.239999771118164, 12.039999961853027, 12.220000267028809, 11.930000305175781, 11.0600004196167, 12.020000457763672, 12.489999771118164, 10.5, 10.15999984741211, 10.0, 9.6899995803833, 9.279999732971191, 8.59000015258789, 7.869999885559082, 7.510000228881836]
assets:[0, 99.99976765446662, 191.84779249563215, 265.3599400507927, 381.75506101512906, 489.9823083400726, 556.9032136127472, 631.7040065931798, 619.4342161072493, 764.0619658763409, 979.0821479952335, 1095.0950759916307, 1258.0314339184283, 1317.008593550682, 1283.828, 1390.2470454037666, 1528.2887833483696, 1828.1135598659516, 2002.490641012621, 2427.9982709826468, 2579.566195472908, 2442.6217013069154, 3171.923256444168, 3185.2846871753695, 3344.9155534718516, 4100.580332956838, 4247.834001279116, 4804.879625, 6151.402825525283, 4995.444880744934, 6177.696371172524, 5843.462348941613, 6149.633140106964, 6213.70494421587, 6307.618682050705, 5838.696503993511, 6637.075074312686, 7918.8441079216, 7889.450775003433, 8107.399503161145, 8014.997720027924, 7530.501011707402, 8284.143447489167, 8708.065310422897, 7420.6314, 7280.343978660202, 7265.693, 7140.456038788986, 6938.3319283518795, 6522.442950860977, 6075.742221650124, 5897.817965747452]
shares:[0, 18.1159, 37.8398, 60.7231, 82.2748, 103.3718, 125.9962, 149.6929, 178.5113, 205.393, 228.7575, 251.746, 273.4851, 295.957, 320.957, 345.8326, 370.0457, 391.459, 412.0351, 429.7342, 447.0652, 466.1492, 481.3237, 496.9243, 512.2382, 525.0423, 537.7005, 549.1291, 558.2035, 569.606, 578.9781, 589.0587, 598.7958, 608.5901, 618.394, 629.1699, 638.7945, 646.9644, 655.27, 663.4533, 671.8355, 680.8771, 689.1966, 697.203, 706.7268, 716.5693, 726.5693, 736.8892, 747.6651, 759.3065, 772.013, 785.3286]
growth_rate:15.64
