ticker:FARO
price:[59.13999938964844, 56.13999938964844, 57.439998626708984, 57.150001525878906, 61.959999084472656, 63.75, 64.58999633789062, 64.97000122070312, 60.2400016784668, 62.68000030517578, 64.55999755859375, 65.43000030517578, 66.80999755859375, 67.05000305175781, 70.4000015258789, 72.69000244140625, 71.75, 70.62999725341797, 77.01000213623047, 73.91000366210938, 76.0, 70.56999969482422, 78.41000366210938, 78.80000305175781, 92.19999694824219, 93.45999908447266, 86.94000244140625, 94.79000091552734, 88.69999694824219, 87.91000366210938, 88.22000122070312, 87.18000030517578, 86.70999908447266, 89.0, 75.8499984741211, 71.08999633789062, 73.19999694824219, 73.83000183105469, 75.6500015258789, 75.30000305175781, 76.8499984741211, 76.6500015258789, 79.4000015258789, 78.33000183105469, 78.94000244140625, 71.66000366210938, 74.16999816894531, 72.88999938964844, 71.22000122070312, 68.7300033569336, 65.45999908447266, 69.62000274658203]
assets:[0, 100.00218091278077, 202.3151631629944, 301.2948080444336, 426.6503576957703, 538.974375, 646.0743563690186, 749.8772570892334, 795.2824781589508, 927.4947685157775, 1055.3106320922852, 1169.5350834548951, 1294.203186706543, 1398.8508036682128, 1568.7443540016175, 1719.7727677612304, 1797.5312250000002, 1869.4700823020935, 2138.336729316711, 2152.2593066406253, 2313.1208, 2247.8520862792966, 2597.5744423187257, 2710.491584971619, 3271.4126317184446, 3416.121848535919, 3277.8032780456547, 3673.766586483002, 3537.7372882827763, 3606.226588226318, 3718.9406174591063, 3775.103245214844, 3854.753706299591, 4056.5577000000003, 3557.190473439789, 3433.959619104004, 3635.8804484176635, 3767.1758434295652, 3960.0430648750303, 4041.7201338027953, 4224.913201113129, 4313.915740877534, 4568.684027799225, 4607.120051696777, 4742.999530688477, 4405.592531143188, 4659.908142959594, 4679.486937815856, 4672.274228082275, 4608.924057110597, 4489.64604320755, 4874.96664232254]
shares:[0, 1.7813, 3.5222, 5.272, 6.8859, 8.4545, 10.0027, 11.5419, 13.2019, 14.7973, 16.3462, 17.8746, 19.3714, 20.8628, 22.2833, 23.659, 25.0527, 26.4685, 27.767, 29.12, 30.4358, 31.8528, 33.1281, 34.3971, 35.4817, 36.5517, 37.7019, 38.7569, 39.8843, 41.0218, 42.1553, 43.3024, 44.4557, 45.5793, 46.8977, 48.3044, 49.6705, 51.025, 52.3469, 53.6749, 54.9761, 56.2807, 57.5401, 58.8168, 60.0836, 61.4791, 62.8274, 64.1993, 65.6034, 67.0584, 68.5861, 70.0225]
growth_rate:-4.41
