ticker:FAST
price:[46.27000045776367, 44.029998779296875, 44.040000915527344, 44.880001068115234, 44.540000915527344, 46.630001068115234, 45.2599983215332, 45.0, 43.22999954223633, 46.97999954223633, 47.529998779296875, 47.29999923706055, 48.58000183105469, 48.04999923706055, 49.209999084472656, 49.34000015258789, 49.52000045776367, 48.83000183105469, 50.75, 50.47999954223633, 47.720001220703125, 45.59000015258789, 47.29999923706055, 47.38999938964844, 47.22999954223633, 46.369998931884766, 45.18000030517578, 47.150001525878906, 47.630001068115234, 50.560001373291016, 51.11000061035156, 50.060001373291016, 50.540000915527344, 52.18000030517578, 52.279998779296875, 53.25, 53.900001525878906, 52.369998931884766, 53.040000915527344, 53.06999969482422, 52.5, 50.709999084472656, 51.77000045776367, 52.599998474121094, 53.84000015258789, 53.59000015258789, 54.63999938964844, 54.77000045776367, 55.2599983215332, 55.27000045776367, 55.470001220703125, 55.66999816894531]
assets:[0, 100.00093322753905, 200.02528015823364, 303.84209523124696, 401.54147025375363, 520.3814859199524, 605.0944955600739, 701.6175, 774.0201728038787, 941.1644248294831, 1052.1810889770509, 1147.0912014976502, 1278.1349901748656, 1364.1923333393097, 1497.1256441467285, 1601.0830049514773, 1706.924703778839, 1783.1398258651732, 1953.2507749999997, 2042.8599574748991, 2031.1684479583741, 2040.5081088294985, 2217.045564239502, 2321.2616891036987, 2413.424638608551, 2469.480663116455, 2506.1075089279175, 2715.382732875824, 2843.025237755585, 3117.913940687561, 3251.8329008331298, 3285.027398117828, 3416.524277890014, 3627.386645214844, 3734.339400805664, 3903.6243750000003, 4051.2750346893313, 4036.276268677902, 4187.916480287933, 4290.28491532898, 4344.206999999999, 4296.090270437622, 4485.891247665406, 4657.808764881134, 4867.615189795303, 4945.011905080032, 5141.902606562805, 5254.135436913681, 5401.1398659458155, 5502.117491570282, 5622.028845721436, 5742.299074128723]
shares:[0, 2.2712, 4.5419, 6.7701, 9.0153, 11.1598, 13.3693, 15.5915, 17.9047, 20.0333, 22.1372, 24.2514, 26.3099, 28.3911, 30.4232, 32.45, 34.4694, 36.5173, 38.4877, 40.4687, 42.5643, 44.7578, 46.872, 48.9821, 51.0994, 53.256, 55.4694, 57.5903, 59.6898, 61.6676, 63.6242, 65.6218, 67.6004, 69.5168, 71.4296, 73.3075, 75.1628, 77.0723, 78.9577, 80.842, 82.7468, 84.7188, 86.6504, 88.5515, 90.4089, 92.2749, 94.1051, 95.9309, 97.7405, 99.5498, 101.3526, 103.1489]
growth_rate:12.59
