ticker:FAT
price:[4.739999771118164, 4.489999771118164, 5.940000057220459, 5.75, 5.519999980926514, 5.159999847412109, 5.550000190734863, 5.590000152587891, 5.400000095367432, 5.599999904632568, 5.590000152587891, 5.699999809265137, 6.340000152587891, 6.079999923706055, 7.889999866485596, 7.570000171661377, 5.840000152587891, 5.949999809265137, 6.119999885559082, 6.519999980926514, 6.389999866485596, 6.769999980926514, 8.350000381469727, 9.989999771118164, 9.0600004196167, 8.539999961853027, 9.609999656677246, 10.050000190734863, 9.079999923706055, 8.220000267028809, 7.869999885559082, 8.449999809265137, 8.489999771118164, 8.5, 9.5600004196167, 9.444999694824219, 9.279999732971191, 10.369999885559082, 10.149999618530273, 11.34000015258789, 12.539999961853027, 12.25, 13.319999694824219, 13.550000190734863, 12.609999656677246, 11.020000457763672, 11.649999618530273, 11.5600004196167, 10.520000457763672, 10.40999984741211, 9.930000305175781, 11.4399995803833]
assets:[0, 99.99992790241241, 232.2938002377033, 324.8635, 411.8687265768528, 485.0074776576996, 621.6649563645364, 726.145491821289, 801.4642341543674, 931.1478241426468, 1029.4851731014253, 1149.7435415269852, 1378.8378151851655, 1422.2925581525803, 1945.705527074814, 1966.7920246000292, 1617.3138742572785, 1747.7767439727784, 1897.713432513714, 2121.7468697930813, 2179.4423664621354, 2409.048979212856, 3071.2787703113554, 3774.4996355220796, 3523.1197811743737, 3420.9096307192804, 3949.5243859009743, 4230.355625286198, 3922.0523950452803, 3650.580208590031, 3595.1418677215574, 3960.0949456120493, 4078.8412510385515, 4183.6456, 4805.37149492197, 4847.565810871124, 4862.8813320722575, 5534.060360927391, 5516.654712666321, 6263.434758279037, 7026.232202626038, 6963.744025, 7672.005472225952, 7904.480686266422, 7456.125083997822, 6615.979596823501, 7094.206687705993, 7139.401927153301, 6597.102807064057, 6628.120813846206, 6422.501765380859, 7499.135940933324]
shares:[0, 22.2717, 39.1067, 56.498, 74.6139, 93.9937, 112.0117, 129.9008, 148.4193, 166.2764, 184.1655, 201.7094, 217.4823, 233.9297, 246.604, 259.814, 276.9373, 293.744, 310.0839, 325.4213, 341.0708, 355.8418, 367.8178, 377.8278, 388.8653, 400.5749, 410.9807, 420.9309, 431.9441, 444.1095, 456.816, 468.6503, 480.4289, 492.1936, 502.6539, 513.2415, 524.0174, 533.6606, 543.5128, 552.3311, 560.3056, 568.4689, 575.9764, 583.3565, 591.2867, 600.3611, 608.9448, 617.5953, 627.101, 636.7071, 646.7776, 655.5189]
growth_rate:47.04
