ticker:FATBP
price:[15.82800006866455, 15.25, 15.399999618530273, 14.850000381469727, 14.5, 15.100000381469727, 15.32699966430664, 16.010000228881836, 15.75, 16.0, 16.200000762939453, 16.121000289916992, 17.5, 19.0, 18.690000534057617, 16.489999771118164, 15.74899959564209, 16.989999771118164, 16.25, 16.459999084472656, 16.84000015258789, 17.239999771118164, 18.020000457763672, 17.5, 18.399999618530273, 20.0, 19.275999069213867, 19.989999771118164, 20.0, 20.55500030517578, 19.399999618530273, 20.899999618530273, 20.9950008392334, 21.395999908447266, 23.8700008392334, 24.229999542236328, 24.125, 24.149999618530273, 24.399999618530273, 24.600000381469727, 24.239999771118164, 21.010000228881836, 21.790000915527344, 21.65999984741211, 21.450000762939453, 21.600000381469727, 21.0, 21.520000457763672, 21.93000030517578, 23.0, 22.549999237060547, 22.489999771118164]
assets:[0, 100.00035000000001, 200.98385502147676, 293.8057725473404, 386.88175, 502.8904127044678, 610.4498734298706, 737.6527555456162, 825.673275, 938.7792, 1050.5133494739534, 1145.3906221984862, 1343.3682500000002, 1558.5149000000001, 1633.087390664673, 1540.8569096128465, 1571.6162931485176, 1795.4573028123857, 1817.2553750000002, 1940.7392360534668, 2085.543082897186, 2235.081494326592, 2436.204951887131, 2465.9040000000005, 2692.722184174347, 3026.8720000000003, 3017.2991207027435, 3229.0626240278243, 3330.678, 3523.104441806793, 3425.137832650185, 3789.9683108249665, 3907.1948501823426, 4081.8218825340273, 4653.800391620636, 4823.986953863144, 4903.082975, 5008.1641308918, 5160.009439328384, 5302.30376222229, 5324.708637722397, 4715.1861093669895, 4990.239238669586, 5060.466918350601, 5111.404336803818, 5247.147692667961, 5201.3934, 5430.189059508514, 5633.646024397278, 6008.52, 5990.962027306366, 6075.021228174209]
shares:[0, 6.5574, 13.0509, 19.7849, 26.6815, 33.304, 39.8284, 46.0745, 52.4237, 58.6737, 64.8465, 71.0496, 76.7639, 82.0271, 87.3776, 93.4419, 99.7915, 105.6773, 111.8311, 117.9064, 123.8446, 129.6451, 135.1945, 140.9088, 146.3436, 151.3436, 156.5314, 161.5339, 166.5339, 171.3989, 176.5535, 181.3382, 186.1012, 190.775, 194.9644, 199.0915, 203.2366, 207.3774, 211.4758, 215.5408, 219.6662, 224.4258, 229.0151, 233.6319, 238.2939, 242.9235, 247.6854, 252.3322, 256.8922, 261.24, 265.6746, 270.121]
growth_rate:19.12
