ticker:FATE
price:[31.110000610351562, 33.560001373291016, 39.25, 37.79999923706055, 38.09000015258789, 48.0099983215332, 48.63999938964844, 48.36000061035156, 44.400001525878906, 48.279998779296875, 50.5099983215332, 52.650001525878906, 57.91999816894531, 60.790000915527344, 94.73999786376953, 93.2699966430664, 99.5, 90.93000030517578, 116.30999755859375, 113.58999633789062, 97.19000244140625, 90.62999725341797, 105.19000244140625, 102.44999694824219, 110.18000030517578, 89.72000122070312, 83.6500015258789, 93.98999786376953, 90.29000091552734, 72.16000366210938, 81.91000366210938, 77.98999786376953, 81.16999816894531, 85.33999633789062, 87.38999938964844, 76.48999786376953, 76.69999694824219, 73.80999755859375, 76.5999984741211, 72.79000091552734, 89.75, 80.2300033569336, 84.55000305175781, 92.80000305175781, 90.44999694824219, 78.54000091552734, 86.19000244140625, 82.80000305175781, 95.41999816894531, 86.70999908447266, 67.01000213623047, 72.63999938964844]
assets:[0, 99.99873609199523, 216.954375, 308.93939376449583, 411.3110576477051, 618.4311913791656, 726.5453988830567, 822.3618103790283, 855.0241493843079, 1029.7447819641113, 1177.3072448776245, 1327.1854434638976, 1560.028814682007, 1737.329594165039, 2807.5914146934506, 2864.0324599189757, 3155.33405, 2983.5587980133055, 3916.320451794433, 3924.7388354675295, 3458.0883198669435, 3324.67988224411, 3958.804703881836, 3955.686587168884, 4354.14834206009, 3645.601781600952, 3498.9624538253784, 4031.4659833717346, 3972.760040283203, 3275.0394942077637, 3817.554967678833, 3734.8552086982727, 3987.143363056946, 4291.978833822632, 4495.079398605347, 4034.4190433258054, 4145.4967750579835, 4089.2952947387694, 4343.871013469696, 4227.810670175933, 5312.885875, 4849.334069902801, 5210.444668066406, 5818.8571513549805, 5771.505765270996, 5111.5403395843505, 5709.415379724121, 5584.85192584076, 6536.069492576599, 6039.455488232422, 4767.326086978913, 5267.867283737183]
shares:[0, 2.9797, 5.5275, 8.173, 10.7984, 12.8813, 14.9372, 17.005, 19.2573, 21.3286, 23.3084, 25.2077, 26.9342, 28.5792, 29.6347, 30.7069, 31.7119, 32.8116, 33.6714, 34.5518, 35.5807, 36.6841, 37.6348, 38.6109, 39.5185, 40.6331, 41.8286, 42.8925, 44.0, 45.3858, 46.6067, 47.8889, 49.1209, 50.2927, 51.437, 52.7444, 54.0482, 55.403, 56.7085, 58.0823, 59.1965, 60.4429, 61.6256, 62.7032, 63.8088, 65.082, 66.2422, 67.4499, 68.4979, 69.6512, 71.1435, 72.5202]
growth_rate:3.29
