ticker:FB
price:[282.7300109863281, 266.6099853515625, 252.52999877929688, 254.82000732421875, 259.94000244140625, 264.45001220703125, 265.92999267578125, 284.7900085449219, 263.1099853515625, 293.4100036621094, 276.95001220703125, 269.70001220703125, 277.80999755859375, 279.70001220703125, 273.54998779296875, 276.3999938964844, 267.3999938964844, 273.1600036621094, 267.57000732421875, 251.36000061035156, 274.5, 258.3299865722656, 268.1000061035156, 270.5, 261.55999755859375, 257.6199951171875, 264.2799987792969, 268.3999938964844, 290.1099853515625, 283.0199890136719, 298.6600036621094, 312.4599914550781, 306.17999267578125, 301.1300048828125, 325.0799865722656, 319.0799865722656, 315.94000244140625, 316.2300109863281, 328.7300109863281, 330.3500061035156, 331.260009765625, 329.6600036621094, 341.3699951171875, 354.70001220703125, 350.4200134277344, 341.1600036621094, 369.7900085449219, 356.29998779296875, 363.510009765625, 363.17999267578125, 359.3699951171875, 372.6300048828125]
assets:[0, 100.00540550537109, 194.72588205871583, 296.4830785217285, 402.43911177978515, 509.4100585144043, 612.2506221374512, 755.6618086730957, 798.1441405639648, 990.0533753570556, 1034.5190755981446, 1107.4421901245119, 1240.7550110961913, 1349.1889488830566, 1419.5329516540528, 1534.3240061187744, 1584.3717038360594, 1718.5042150390625, 1783.3273418151857, 1775.2802763107302, 2038.7115, 2018.6163480743407, 2194.9615599700924, 2314.6144000000004, 2338.110974176025, 2402.8989804565426, 2565.0223841522215, 2705.0156584869387, 3023.816377319336, 3049.9083076080324, 3318.4411666900637, 3571.761408322144, 3599.9724998840334, 3640.6015330322266, 4030.1466255310056, 4055.761893322754, 4115.845193804932, 4219.615151596069, 4486.408570938111, 4608.514725146484, 4721.217037182617, 4798.399149304199, 5068.832372497558, 5366.7530646972655, 5402.004842999268, 5359.24838152771, 5908.98548354187, 5793.437801513673, 6010.674362475586, 6105.200948876954, 6141.166035559082, 6467.776257751464]
shares:[0, 0.3751, 0.7711, 1.1635, 1.5482, 1.9263, 2.3023, 2.6534, 3.0335, 3.3743, 3.7354, 4.1062, 4.4662, 4.8237, 5.1893, 5.5511, 5.9251, 6.2912, 6.6649, 7.0627, 7.427, 7.8141, 8.1871, 8.5568, 8.9391, 9.3273, 9.7057, 10.0783, 10.423, 10.7763, 11.1111, 11.4311, 11.7577, 12.0898, 12.3974, 12.7108, 13.0273, 13.3435, 13.6477, 13.9504, 14.2523, 14.5556, 14.8485, 15.1304, 15.4158, 15.7089, 15.9793, 16.26, 16.5351, 16.8104, 17.0887, 17.3571]
growth_rate:26.82
