ticker:FBIO
price:[3.740000009536743, 4.010000228881836, 4.78000020980835, 4.039999961853027, 3.950000047683716, 4.170000076293945, 2.759999990463257, 2.6500000953674316, 2.200000047683716, 2.309999942779541, 2.559999942779541, 2.8299999237060547, 2.7699999809265137, 2.7799999713897705, 2.5199999809265137, 3.299999952316284, 3.430000066757202, 3.1700000762939453, 3.380000114440918, 3.369999885559082, 3.5399999618530273, 3.190000057220459, 3.9100000858306885, 3.7300000190734863, 4.360000133514404, 3.7200000286102295, 4.110000133514404, 4.269999980926514, 4.210000038146973, 3.7100000381469727, 3.8499999046325684, 5.440000057220459, 4.119999885559082, 4.269999980926514, 4.320000171661377, 3.940000057220459, 3.680000066757202, 3.8299999237060547, 4.03000020980835, 3.940000057220459, 4.489999771118164, 3.5, 3.700000047683716, 3.5899999141693115, 3.4700000286102295, 3.0799999237060547, 3.059999942779541, 3.109999895095825, 3.3399999141693115, 3.0799999237060547, 3.059999942779541, 3.25]
assets:[0, 100.00018270778656, 219.20220562143325, 285.2672253064155, 378.91244457416536, 500.0163691482544, 430.9461225109339, 513.7706234894275, 526.5264514121533, 652.8526458283425, 823.5076935931683, 1010.3620447616577, 1088.9410075018407, 1192.8721337236166, 1181.3084550588608, 1646.9514362021923, 1811.8313362632034, 1774.49123070755, 1992.0443034471514, 2086.150575156975, 2291.3867513080595, 2164.837394831657, 2753.4525584426406, 2726.695288943052, 3287.2364886636256, 2904.706222339869, 3309.2319565012453, 3538.0583611959933, 3588.3434335141183, 3262.1744665423394, 3485.275168667078, 5024.648980851603, 3905.4323515191077, 4147.6205004731655, 4296.187466715145, 4018.281948357344, 3853.1161018976213, 4110.172461124993, 4424.803210362434, 4425.986062278414, 5143.826353788758, 4109.6643, 4444.50221727848, 4412.368374507903, 4364.879723988533, 3974.3022335535047, 4048.4949802951814, 4214.646666834712, 4626.340761113167, 4366.206351845742, 4437.854269014359, 4813.4073]
shares:[0, 24.9377, 45.8582, 70.6107, 95.9272, 119.908, 156.1399, 193.8757, 239.3302, 282.6202, 321.6827, 357.0184, 393.1195, 429.0907, 468.7732, 499.0762, 528.2307, 559.7764, 589.3622, 619.0358, 647.2844, 678.6324, 704.2078, 731.0175, 753.9533, 780.835, 805.1659, 828.5851, 852.3381, 879.2923, 905.2663, 923.6487, 947.9205, 971.3397, 994.4878, 1019.8685, 1047.0424, 1073.1521, 1097.966, 1123.3467, 1145.6184, 1174.1898, 1201.2168, 1229.072, 1257.8904, 1290.3579, 1323.0376, 1355.1919, 1385.132, 1417.5995, 1450.2792, 1481.0484]
growth_rate:-5.62
