ticker:FBIOP
price:[18.360000610351562, 18.940000534057617, 18.940000534057617, 18.549999237060547, 18.889999389648438, 19.139999389648438, 18.600000381469727, 18.25, 17.5, 17.969999313354492, 18.549999237060547, 19.325000762939453, 19.139999389648438, 18.940000534057617, 19.049999237060547, 19.299999237060547, 19.209999084472656, 19.389999389648438, 20.030000686645508, 20.399999618530273, 20.549999237060547, 20.799999237060547, 22.687999725341797, 23.329999923706055, 23.25, 22.149999618530273, 21.1200008392334, 22.700000762939453, 23.290000915527344, 24.299999237060547, 24.040000915527344, 24.899999618530273, 25.360000610351562, 25.363000869750977, 25.302000045776367, 25.940000534057617, 25.639999389648438, 25.75, 25.801000595092773, 25.75, 25.799999237060547, 25.600000381469727, 25.68000030517578, 26.437000274658203, 26.489999771118164, 26.170000076293945, 25.75, 26.219999313354492, 26.25, 25.76099967956543, 25.700000762939453, 25.399999618530273]
assets:[0, 99.9994148197174, 199.9988296394348, 295.87990783081057, 401.3029250335693, 506.61472984466553, 592.3207321479797, 681.175775, 753.1825, 873.410252626419, 1001.5997888053894, 1143.444835142517, 1232.4992066970826, 1319.6199152097702, 1427.2830928382873, 1546.012928885269, 1638.8031008964538, 1754.1589527832032, 1912.057856546974, 2047.3786417150498, 2162.433264717484, 2288.7403960494994, 2596.4872901672366, 2769.959225941658, 2860.4614500000002, 2825.128346345329, 2793.755823013878, 3102.758684282684, 3283.4033680702205, 3525.7913793018342, 3588.0662966461177, 3816.4254315320973, 3986.9293839553834, 4087.4023044656756, 4177.572744358063, 4382.913280236245, 4432.22516249237, 4551.2404, 4660.254130487442, 4751.042375, 4860.268356275558, 4922.590793352318, 5037.974363870238, 5286.485334722137, 5397.083149367523, 5431.887087835693, 5444.711325, 5644.090832193374, 5750.548125, 5743.422606859016, 5829.8241530662535, 5861.771271965027]
shares:[0, 5.2798, 10.5596, 15.9504, 21.2442, 26.4689, 31.8452, 37.3247, 43.039, 48.6038, 53.9946, 59.1692, 64.3939, 69.6737, 74.923, 80.1043, 85.3099, 90.4672, 95.4597, 100.3617, 105.2279, 110.0356, 114.4432, 118.7295, 123.0306, 127.5453, 132.2801, 136.6854, 140.9791, 145.0943, 149.254, 153.2701, 157.2133, 161.1561, 165.1084, 168.9635, 172.8637, 176.7472, 180.623, 184.5065, 188.3825, 192.2887, 196.1828, 199.9654, 203.7404, 207.5616, 211.4451, 215.259, 219.0685, 222.9503, 226.8414, 230.7784]
growth_rate:14.94
