ticker:FBIZ
price:[15.369999885559082, 15.0600004196167, 15.069999694824219, 14.300000190734863, 14.699999809265137, 16.3700008392334, 16.889999389648438, 17.6200008392334, 17.149999618530273, 16.25, 18.479999542236328, 19.559999465942383, 20.399999618530273, 19.850000381469727, 19.170000076293945, 18.59000015258789, 18.229999542236328, 18.40999984741211, 19.670000076293945, 19.709999084472656, 20.40999984741211, 19.260000228881836, 21.969999313354492, 21.489999771118164, 21.68000030517578, 22.200000762939453, 25.75, 27.270000457763672, 26.68000030517578, 25.809999465942383, 25.1299991607666, 24.559999465942383, 24.219999313354492, 24.649999618530273, 26.459999084472656, 26.770000457763672, 27.309999465942383, 28.010000228881836, 27.40999984741211, 27.75, 27.31999969482422, 26.260000228881836, 26.899999618530273, 27.450000762939453, 26.709999084472656, 26.610000610351562, 26.860000610351562, 27.579999923706055, 28.1299991607666, 28.760000228881836, 28.510000228881836, 28.06999969482422]
assets:[0, 99.99990878629686, 200.06630194854736, 289.8438438659668, 397.95104483652113, 543.159901845932, 660.4141771347047, 788.9584435777664, 867.9134606948852, 922.36625, 1148.9440755397798, 1316.09065206604, 1472.6106924629212, 1532.908339458847, 1580.395893289757, 1632.5793904003144, 1700.9646912879946, 1817.759200933838, 2042.168912920952, 2146.3223213035585, 2322.5498096363067, 2291.6857952339174, 2714.140760172844, 2754.8417526592257, 2879.1972645286564, 3048.2554647583006, 3635.701725, 3950.313177311325, 3964.84547735138, 3935.55775756588, 3931.869824692535, 3942.6879382661823, 3988.106260935783, 4158.910960639, 4564.291630073548, 4717.765521673203, 4912.932353925706, 5138.860293991852, 5128.781006448746, 5292.399525, 5310.390508680725, 5204.351275361061, 5431.190622980118, 5642.2378568191525, 5590.133037389373, 5669.204749034118, 5822.466506306458, 6078.540969185066, 6299.758320052338, 6540.849464054299, 6583.991114857102, 6582.378437436676]
shares:[0, 6.6401, 13.2758, 20.2688, 27.0715, 33.1802, 39.1009, 44.7763, 50.6072, 56.761, 62.1723, 67.2848, 72.1868, 77.2246, 82.4411, 87.8203, 93.3058, 98.7376, 103.8215, 108.8951, 113.7947, 118.9868, 123.5385, 128.1918, 132.8043, 137.3088, 141.1923, 144.8593, 148.6074, 152.4819, 156.4612, 160.5329, 164.6617, 168.7185, 172.4978, 176.2333, 179.895, 183.4652, 187.1135, 190.7171, 194.3774, 198.1855, 201.903, 205.546, 209.2899, 213.0479, 216.7709, 220.3967, 223.9516, 227.4287, 230.9362, 234.4987]
growth_rate:29.07
