ticker:FBMS
price:[22.420000076293945, 21.309999465942383, 21.600000381469727, 19.809999465942383, 21.81999969482422, 23.520000457763672, 23.520000457763672, 24.969999313354492, 23.84000015258789, 23.93000030517578, 27.920000076293945, 28.360000610351562, 28.100000381469727, 29.469999313354492, 29.799999237060547, 28.729999542236328, 30.299999237060547, 30.8799991607666, 31.969999313354492, 33.0, 32.56999969482422, 29.940000534057617, 32.13999938964844, 32.16999816894531, 32.75, 32.06999969482422, 34.97999954223633, 37.400001525878906, 37.880001068115234, 37.560001373291016, 37.29999923706055, 37.7599983215332, 38.18000030517578, 38.2400016784668, 39.119998931884766, 40.02000045776367, 39.34000015258789, 39.150001525878906, 39.04999923706055, 39.52000045776367, 40.02000045776367, 36.72999954223633, 38.02000045776367, 37.06999969482422, 36.54999923706055, 36.970001220703125, 36.95000076293945, 38.56999969482422, 39.20000076293945, 40.29999923706055, 38.84000015258789, 40.72999954223633]
assets:[0, 99.99930349388121, 201.3595235561371, 284.67365432548524, 413.5588182159424, 545.7792586223602, 645.7792445686341, 785.591136397171, 850.0390454406738, 953.2491691566466, 1212.1914753124238, 1331.2950006515503, 1419.089359264755, 1588.2767719934463, 1706.061876321411, 1744.8044751995087, 1940.1513711479188, 2077.288279545021, 2250.611223661804, 2423.1207, 2491.546350654602, 2390.355750638199, 2666.0000933715824, 2768.4889194229127, 2918.4016250000004, 2957.806450853729, 3326.195686471939, 3656.3101691734314, 3803.2354432411194, 3871.1065175376893, 3944.3107993225094, 4092.953482064438, 4238.48019187851, 4345.142558721162, 4545.133603901672, 4749.701718328857, 4768.995452497482, 4845.963698872375, 4933.5847136100765, 5092.966170992279, 5257.40344813614, 4925.199098617554, 5198.178106586456, 5168.291943452454, 5195.794381543732, 5355.500255831909, 5452.604457584763, 5791.663440174865, 5986.263476509094, 6254.245541597748, 6127.6664200733185, 6525.846059656144]
shares:[0, 4.6926, 9.3222, 14.3702, 18.9532, 23.2049, 27.4566, 31.4614, 35.656, 39.8349, 43.4166, 46.9427, 50.5014, 53.8947, 57.2504, 60.7311, 64.0314, 67.2697, 70.3976, 73.4279, 76.4982, 79.8382, 82.9496, 86.0581, 89.1115, 92.2297, 95.0885, 97.7623, 100.4022, 103.0646, 105.7456, 108.3939, 111.0131, 113.6282, 116.1844, 118.6832, 121.2251, 123.7794, 126.3402, 128.8706, 131.3694, 134.092, 136.7222, 139.4198, 142.1558, 144.8607, 147.5671, 150.1598, 152.7108, 155.1922, 157.7669, 160.2221]
growth_rate:27.96
