ticker:FBNC
price:[21.399999618530273, 20.3700008392334, 21.219999313354492, 20.3700008392334, 21.760000228881836, 22.809999465942383, 22.81999969482422, 24.329999923706055, 24.09000015258789, 27.389999389648438, 31.489999771118164, 32.779998779296875, 32.970001220703125, 33.540000915527344, 33.34000015258789, 33.290000915527344, 33.5099983215332, 33.83000183105469, 36.189998626708984, 36.529998779296875, 36.540000915527344, 34.060001373291016, 36.470001220703125, 37.189998626708984, 39.09000015258789, 40.27000045776367, 42.72999954223633, 48.06999969482422, 46.47999954223633, 45.189998626708984, 43.75, 43.439998626708984, 43.20000076293945, 42.97999954223633, 42.400001525878906, 45.45000076293945, 44.97999954223633, 45.38999938964844, 44.369998931884766, 42.91999816894531, 42.36000061035156, 41.66999816894531, 43.529998779296875, 40.77000045776367, 39.540000915527344, 39.40999984741211, 38.290000915527344, 40.0, 42.02000045776367, 42.369998931884766, 41.880001068115234, 42.33000183105469]
assets:[0, 100.0004081199646, 204.17246739330292, 295.9944451948166, 416.19264437770846, 536.2744924440384, 636.509123487854, 778.6281215583801, 870.9474565166473, 1090.2561867050172, 1353.4559351625442, 1508.8994018096926, 1617.6467338928223, 1745.6128256492614, 1835.2036423992156, 1932.4512631454468, 2045.2224295578003, 2164.7547531677246, 2415.7692643295286, 2538.4659621734622, 2639.1600301254275, 2560.038259220123, 2841.180857098389, 2997.2721543216708, 3250.3999656879428, 3448.5174622005466, 3759.1802557281494, 4328.967857517242, 4285.781317790985, 4266.835151333999, 4230.87, 4300.890008033753, 4377.1277573028565, 4454.838270553208, 4494.7224017547605, 4918.044592556, 4967.1863294487, 5112.461730253602, 5097.576000286484, 5030.987761367798, 5065.345332984924, 5082.835537651063, 5409.716716296387, 5166.716926011657, 5110.841668338775, 5194.036988889695, 5146.425008052825, 5476.26, 5852.810389760209, 6001.5620537052155, 6032.15663784523, 6196.972579060364]
shares:[0, 4.9092, 9.6217, 14.5309, 19.1265, 23.5105, 27.8926, 32.0028, 36.1539, 39.8049, 42.9805, 46.0311, 49.0642, 52.0457, 55.0451, 58.049, 61.0332, 63.9892, 66.7524, 69.4899, 72.2266, 75.1626, 77.9046, 80.5935, 83.1517, 85.6349, 87.9752, 90.0555, 92.207, 94.4199, 96.7056, 99.0076, 101.3224, 103.6491, 106.0076, 108.2078, 110.431, 112.6341, 114.8879, 117.2178, 119.5785, 121.9783, 124.2756, 126.7284, 129.2575, 131.7949, 134.4065, 136.9065, 139.2863, 141.6465, 144.0343, 146.3967]
growth_rate:21.51
