ticker:FBRX
price:[26.6299991607666, 35.90999984741211, 49.5099983215332, 49.0, 46.400001525878906, 45.15999984741211, 38.79999923706055, 34.5099983215332, 38.15999984741211, 34.61000061035156, 34.08000183105469, 40.27000045776367, 36.88999938964844, 36.7400016784668, 35.58000183105469, 38.9900016784668, 38.029998779296875, 36.40999984741211, 34.880001068115234, 39.650001525878906, 38.9900016784668, 33.86000061035156, 38.279998779296875, 34.029998779296875, 32.380001068115234, 28.489999771118164, 26.770000457763672, 29.59000015258789, 27.899999618530273, 30.020000457763672, 32.06999969482422, 39.65999984741211, 36.79999923706055, 34.2400016784668, 36.189998626708984, 32.63999938964844, 31.610000610351562, 38.0, 35.540000915527344, 40.13999938964844, 40.81999969482422, 38.97999954223633, 35.66999816894531, 35.02000045776367, 34.459999084472656, 31.049999237060547, 30.309999465942383, 29.959999084472656, 26.920000076293945, 25.350000381469727, 27.030000686645508, 28.190000534057617]
assets:[0, 99.99857657508849, 237.87078693580628, 335.4197, 417.62321373367314, 506.4603662887573, 535.1334694774628, 575.9649699867249, 736.8810450534821, 768.3281695495606, 856.5633580215455, 1112.140629642105, 1118.7962124893188, 1214.2460334728241, 1275.9095396621706, 1498.1947134952545, 1561.3063878845214, 1594.7980443164824, 1627.7833778469087, 1950.3915050582884, 2017.9275368690492, 1852.4230713912964, 2194.2324980285644, 2050.620502441406, 2051.1921176624296, 1904.7701596975328, 1889.774642314911, 2188.8462862873075, 2163.831900414467, 2428.251793027496, 2694.0723943634034, 3431.6766707969664, 3284.208571911621, 3155.7434506965637, 3435.4659036354064, 3198.4686121902464, 3197.538060740662, 3943.9249999999997, 3788.606745596314, 4378.972883415222, 4553.156651959991, 4447.91809376564, 4170.222289929199, 4194.229888824844, 4227.159843693543, 3908.8595639541627, 3915.700335005951, 3970.48483066864, 3667.605038394356, 3553.7075484766006, 3889.219757798195, 4156.127891737557]
shares:[0, 2.7847, 4.8045, 6.8453, 9.0005, 11.2148, 13.7921, 16.6898, 19.3103, 22.1996, 25.1339, 27.6171, 30.3279, 33.0497, 35.8603, 38.4251, 41.0546, 43.8011, 46.6681, 49.1902, 51.755, 54.7083, 57.3206, 60.2592, 63.3475, 66.8575, 70.593, 73.9725, 77.5567, 80.8878, 84.006, 86.5274, 89.2448, 92.1654, 94.9286, 97.9923, 101.1559, 103.7875, 106.6012, 109.0925, 111.5423, 114.1077, 116.9112, 119.7667, 122.6686, 125.8892, 129.1884, 132.5262, 136.2409, 140.1857, 143.8853, 147.4327]
growth_rate:-18.51
