ticker:FBZ
price:[11.869999885559082, 11.449999809265137, 11.369999885559082, 10.880000114440918, 10.369999885559082, 11.050000190734863, 10.9399995803833, 11.09000015258789, 10.1899995803833, 11.649999618530273, 11.609999656677246, 12.010000228881836, 12.289999961853027, 12.890000343322754, 13.289999961853027, 13.649999618530273, 13.260000228881836, 13.399999618530273, 13.119999885559082, 13.1899995803833, 12.420000076293945, 12.15999984741211, 12.9399995803833, 13.020000457763672, 12.920000076293945, 11.779999732971191, 12.029999732971191, 12.1899995803833, 12.649999618530273, 11.890000343322754, 12.119999885559082, 12.630000114440918, 13.1899995803833, 13.4399995803833, 13.75, 14.40999984741211, 13.850000381469727, 13.779999732971191, 14.350000381469727, 15.170000076293945, 14.770000457763672, 14.8100004196167, 14.930000305175781, 14.850000381469727, 14.170000076293945, 14.529999732971191, 14.1899995803833, 13.819999694824219, 14.0, 13.739999771118164, 13.180000305175781, 14.029999732971191]
assets:[0, 99.999718334198, 199.30131699399948, 290.7125150578499, 377.08534283857347, 501.8125536618233, 596.8174551083565, 705.0001817001342, 747.7859862067222, 954.9271687316894, 1051.6488619013787, 1187.8814996381761, 1315.5756719165802, 1479.8029754142763, 1625.724496333599, 1769.7620355413435, 1819.1977754013062, 1938.4050848176958, 1997.90177457304, 2108.5612469198227, 2085.4682948106765, 2141.8113011238097, 2379.197494847679, 2493.906873682022, 2574.751879204178, 2447.56824051857, 2599.512116298866, 2734.085253884506, 2937.2578064249037, 2860.789965605068, 3016.128631520748, 3243.0455453853606, 3486.838382072353, 3652.9273739501955, 3837.183625, 4121.368031358718, 4061.203756857491, 4140.677707761955, 4411.953537284088, 4764.065707959748, 4738.448035857773, 4851.280736452961, 4990.5884960098265, 5063.847160081101, 4931.967716554642, 5157.267934220981, 5136.588283104419, 5102.6534553222655, 5269.1142, 5271.258854191017, 5156.419427394104, 5588.965439626884]
shares:[0, 8.7336, 17.5287, 26.7199, 36.3631, 45.4129, 54.5537, 63.5708, 73.3843, 81.968, 90.5813, 98.9077, 107.0444, 114.8024, 122.3269, 129.6529, 137.1944, 144.6571, 152.2791, 159.8606, 167.9121, 176.1358, 183.8638, 191.5443, 199.2842, 207.7732, 216.0858, 224.2892, 232.1943, 240.6047, 248.8555, 256.7732, 264.3547, 271.7952, 279.0679, 286.0075, 293.2277, 300.4846, 307.4532, 314.0452, 320.8157, 327.5679, 334.2658, 340.9998, 348.057, 354.9393, 361.9865, 369.2224, 376.3653, 383.6433, 391.2306, 398.3582]
growth_rate:9.59
