ticker:FCA
price:[27.979999542236328, 26.709999084472656, 27.5, 25.18000030517578, 26.43000030517578, 27.139999389648438, 26.889999389648438, 26.729999542236328, 25.969999313354492, 27.860000610351562, 28.1299991607666, 28.450000762939453, 28.43000030517578, 27.8799991607666, 27.31999969482422, 28.440000534057617, 27.899999618530273, 28.780000686645508, 29.639999389648438, 28.649999618530273, 29.979999542236328, 27.649999618530273, 28.43000030517578, 30.329999923706055, 31.6299991607666, 29.700000762939453, 28.799999237060547, 29.6200008392334, 29.770000457763672, 29.18000030517578, 29.68000030517578, 30.239999771118164, 30.600000381469727, 31.139999389648438, 30.18000030517578, 31.200000762939453, 30.40999984741211, 30.700000762939453, 31.389999389648438, 31.31999969482422, 32.029998779296875, 31.040000915527344, 31.780000686645508, 31.209999084472656, 31.489999771118164, 30.920000076293945, 29.899999618530273, 29.43000030517578, 30.270000457763672, 30.850000381469727, 29.850000381469727, 30.270000457763672]
assets:[0, 99.99956557235718, 202.95825, 285.8358094642639, 400.025983618927, 510.77207451324466, 606.0683182434082, 702.4617149700165, 782.4890643110276, 939.4364345809937, 1048.540092717743, 1160.4669961200716, 1259.6508665214537, 1335.2818918058397, 1408.4607282669067, 1566.2022054107665, 1636.4633176250459, 1788.078418660736, 1941.5088800201415, 1976.6608836811065, 2168.423386890411, 2099.8958110290528, 2259.133114250183, 2510.113826685905, 2717.70329889164, 2651.874458121872, 2671.51384922905, 2847.578020681381, 2961.9989425457, 3003.2960894096377, 3154.758464437866, 3314.282806914711, 3453.7394230554582, 3614.687533151245, 3603.253614435577, 3825.032733534241, 3828.1810767913817, 3964.6871285282136, 4153.794673233032, 4244.530206642151, 4440.751135757446, 4403.492833881379, 4608.471925571632, 4625.814982304382, 4767.3151513492585, 4781.023563796997, 4723.305929739189, 4749.060289245605, 4984.609407380676, 5180.119199053764, 5112.206585331726, 5284.137115910339]
shares:[0, 3.7439, 7.3803, 11.3517, 15.1353, 18.8199, 22.5388, 26.2799, 30.1305, 33.7199, 37.2748, 40.7897, 44.3071, 47.8939, 51.5542, 55.0704, 58.6546, 62.1292, 65.503, 68.9934, 72.329, 75.9456, 79.463, 82.7601, 85.9217, 89.2887, 92.7609, 96.137, 99.4961, 102.9231, 106.2924, 109.5993, 112.8673, 116.0786, 119.3921, 122.5972, 125.8856, 129.1429, 132.3286, 135.5214, 138.6435, 141.8651, 145.0117, 148.2158, 151.3914, 154.6256, 157.9701, 161.368, 164.6716, 167.9131, 171.2632, 174.5668]
growth_rate:3.61
