ticker:FCAL
price:[52.81999969482422, 52.90999984741211, 52.91999816894531, 52.869998931884766, 52.81999969482422, 52.7599983215332, 52.845001220703125, 52.7599983215332, 52.81999969482422, 53.084999084472656, 53.31999969482422, 53.630001068115234, 53.619998931884766, 53.85499954223633, 54.0, 54.099998474121094, 53.9900016784668, 54.09600067138672, 54.31999969482422, 54.275001525878906, 54.26499938964844, 54.542999267578125, 54.65399932861328, 54.9379997253418, 54.45500183105469, 53.71500015258789, 53.939998626708984, 54.02000045776367, 53.79999923706055, 53.86199951171875, 53.994998931884766, 54.17499923706055, 54.5099983215332, 54.55500030517578, 54.54999923706055, 54.66999816894531, 54.62699890136719, 54.595001220703125, 54.7400016784668, 54.70199966430664, 55.27000045776367, 55.119998931884766, 54.959999084472656, 55.095001220703125, 55.404998779296875, 55.31999969482422, 55.42499923706055, 55.400001525878906, 55.375, 55.279998779296875, 55.25, 55.119998931884766]
assets:[0, 99.99989971160888, 200.0164250793457, 299.82576394271854, 399.5410416915893, 499.0884801223755, 599.8911693572999, 698.9275257648468, 799.721205379486, 903.7349499137879, 1007.7373302322387, 1113.594794178772, 1213.388403829193, 1318.7042897911072, 1422.2574, 1524.8896069908142, 1621.7894634189604, 1724.9754022087097, 1832.1158137069704, 1930.599796776581, 2030.2435546646118, 2140.6436379547117, 2245.0004688217164, 2356.664386618042, 2435.9464879089355, 2502.8450606098177, 2613.3282054656984, 2717.2060230255124, 2806.13802020607, 2909.372062225342, 3016.554803827286, 3126.612565968323, 3245.9450270511625, 3348.624107231903, 3448.318196771622, 3555.9061579025265, 3653.1095364303587, 3750.971396868896, 3860.932746385956, 3958.2531063091274, 4099.353825952148, 4188.226974840546, 4276.069296768951, 4386.570335690308, 4511.252296606445, 4604.333362599946, 4713.070352623367, 4810.947212507629, 4908.7777875, 5000.357817581177, 5097.646775, 5185.650915512467]
shares:[0, 1.89, 3.7796, 5.671, 7.5642, 9.4596, 11.3519, 13.2473, 15.1405, 17.0243, 18.8998, 20.7644, 22.6294, 24.4862, 26.3381, 28.1865, 30.0387, 31.8873, 33.7282, 35.5707, 37.4135, 39.2469, 41.0766, 42.8968, 44.7332, 46.5949, 48.4488, 50.3, 52.1587, 54.0153, 55.8673, 57.7132, 59.5477, 61.3807, 63.2139, 65.0431, 66.8737, 68.7054, 70.5322, 72.3603, 74.1696, 75.9838, 77.8033, 79.6183, 81.4232, 83.2309, 85.0351, 86.8402, 88.6461, 90.4551, 92.2651, 94.0793]
growth_rate:1.68
