ticker:FCAP
price:[62.0, 58.70000076293945, 58.5, 56.790000915527344, 56.849998474121094, 57.97999954223633, 58.25, 61.150001525878906, 60.310001373291016, 59.880001068115234, 63.9900016784668, 66.5, 68.83999633789062, 64.76000213623047, 66.38999938964844, 67.73999786376953, 63.060001373291016, 60.560001373291016, 59.0, 56.099998474121094, 55.5, 47.9900016784668, 52.599998474121094, 53.18000030517578, 51.349998474121094, 48.04999923706055, 55.0, 56.439998626708984, 54.95000076293945, 49.959999084472656, 51.13999938964844, 47.099998474121094, 46.15999984741211, 45.52000045776367, 45.08000183105469, 43.619998931884766, 44.25, 44.349998474121094, 44.599998474121094, 45.33000183105469, 45.869998931884766, 44.900001525878906, 44.84000015258789, 44.70000076293945, 44.709999084472656, 43.560001373291016, 44.0, 43.290000915527344, 42.650001525878906, 42.56999969482422, 42.279998779296875, 42.0]
assets:[0, 100.00132129974365, 199.66049999999998, 293.8257857368469, 394.1353544212341, 501.96764403686524, 604.302975, 734.3870583251953, 824.2990057697297, 918.421492382431, 1081.4566243667603, 1223.8793, 1366.9420392822265, 1385.9288057174683, 1520.8156330184936, 1651.7382379112244, 1637.6240936634065, 1672.7035739311218, 1729.6145, 1744.5977525482176, 1825.9388999999999, 1678.8630227188112, 1940.1351637184143, 2061.5280298301695, 2090.586812877655, 2056.237252350998, 2453.6545, 2617.8959643016815, 2648.782361776352, 2508.2467500358584, 2667.4879381637575, 2556.7574771697996, 2605.7319913864135, 2669.6023628463745, 2743.7988194473264, 2754.9344445404054, 2894.7243750000002, 3001.2664017402653, 3118.1865933189392, 3269.22239705658, 3408.168442638397, 3436.0983367721556, 3531.508732017517, 3620.481031794357, 3721.289230799103, 3725.57366145401, 3863.2044, 3900.8663114982605, 3943.197361074829, 4035.8019940681456, 4108.309429385376, 4181.1042]
shares:[0, 1.7036, 3.413, 5.1739, 6.9329, 8.6576, 10.3743, 12.0096, 13.6677, 15.3377, 16.9004, 18.4042, 19.8568, 21.401, 22.9073, 24.3835, 25.9693, 27.6206, 29.3155, 31.098, 32.8998, 34.9836, 36.8847, 38.7651, 40.7125, 42.7937, 44.6119, 46.3837, 48.2035, 50.2051, 52.1605, 54.2836, 56.45, 58.6468, 60.8651, 63.1576, 65.4175, 67.6723, 69.9145, 72.1205, 74.3006, 76.5278, 78.758, 80.9951, 83.2317, 85.5274, 87.8001, 90.1101, 92.4548, 94.8039, 97.1691, 99.5501]
growth_rate:-18.02
