ticker:FCBC
price:[19.329999923706055, 19.059999465942383, 18.969999313354492, 17.530000686645508, 18.389999389648438, 19.559999465942383, 19.729999542236328, 20.350000381469727, 18.979999542236328, 18.920000076293945, 21.65999984741211, 21.6200008392334, 22.200000762939453, 22.510000228881836, 22.06999969482422, 22.540000915527344, 21.84000015258789, 21.579999923706055, 22.6200008392334, 22.969999313354492, 23.010000228881836, 21.459999084472656, 23.399999618530273, 23.790000915527344, 24.739999771118164, 25.65999984741211, 28.469999313354492, 30.209999084472656, 29.790000915527344, 30.149999618530273, 29.75, 29.530000686645508, 29.440000534057617, 29.020000457763672, 29.219999313354492, 30.809999465942383, 31.770000457763672, 31.43000030517578, 31.15999984741211, 31.1200008392334, 30.790000915527344, 29.350000381469727, 30.860000610351562, 29.579999923706055, 29.110000610351562, 28.8799991607666, 28.440000534057617, 29.200000762939453, 31.56999969482422, 31.93000030517578, 31.670000076293945, 31.829999923706055]
assets:[0, 100.0001931980133, 199.5283497777939, 284.3821891391754, 398.332903779602, 523.6759537017822, 628.2268614242554, 747.9683340209962, 797.6136027629852, 895.0919596094132, 1124.7193180767058, 1222.6413154598235, 1355.441026581955, 1474.3689989913942, 1545.548836628723, 1678.4637081756591, 1726.3384440612792, 1805.786339615822, 1992.8130259361267, 2123.6476435174945, 2227.345012155533, 2177.3057551116945, 2474.1357796663283, 2615.3704036491395, 2819.8082719125746, 3024.6673500137326, 3455.8963476499557, 3767.1113608360292, 3814.7377142372134, 3960.8355998859406, 4008.285925, 4078.6453058385846, 4166.213451577377, 4206.776992358017, 4335.768690113067, 4671.698652021218, 4917.262183851242, 4964.638846205139, 5021.988623407746, 5115.543081954193, 5161.297063468933, 5019.912535245133, 5378.175982369995, 5255.102920445824, 5271.60278553009, 5329.951133115196, 5348.74787244091, 5591.683346099854, 6145.529792593384, 6315.610375362397, 6364.184692331505, 6496.337468428802]
shares:[0, 5.2466, 10.5181, 16.2226, 21.6603, 26.7728, 31.8412, 36.7552, 42.0239, 47.3093, 51.9261, 56.5514, 61.0559, 65.4984, 70.0294, 74.466, 79.0448, 83.6787, 88.0996, 92.4531, 96.799, 101.4588, 105.7323, 109.9357, 113.9777, 117.8748, 121.3873, 124.6975, 128.0543, 131.371, 134.7323, 138.1187, 141.5154, 144.9613, 148.3836, 151.6293, 154.7769, 157.9586, 161.1678, 164.3812, 167.629, 171.0362, 174.2766, 177.6573, 181.0925, 184.5551, 188.0713, 191.496, 194.6636, 197.7955, 200.9531, 204.0948]
growth_rate:27.38
