ticker:FCCO
price:[13.520000457763672, 13.5, 14.359999656677246, 13.260000228881836, 13.65999984741211, 14.0, 13.739999771118164, 14.34000015258789, 14.210000038146973, 14.550000190734863, 16.809999465942383, 16.700000762939453, 17.440000534057617, 17.299999237060547, 17.200000762939453, 18.0, 17.510000228881836, 16.989999771118164, 17.190000534057617, 17.450000762939453, 18.299999237060547, 16.989999771118164, 17.780000686645508, 17.639999389648438, 17.1200008392334, 17.81999969482422, 20.149999618530273, 19.940000534057617, 21.079999923706055, 20.969999313354492, 19.6200008392334, 19.1200008392334, 19.549999237060547, 19.049999237060547, 18.399999618530273, 18.149999618530273, 19.68000030517578, 19.549999237060547, 20.100000381469727, 20.0, 20.15999984741211, 20.34000015258789, 20.200000762939453, 20.209999084472656, 20.469999313354492, 20.469999313354492, 20.700000762939453, 20.450000762939453, 20.56999969482422, 21.229999542236328, 20.209999084472656, 20.219999313354492]
assets:[0, 99.9999, 206.37042706604004, 290.562407015419, 399.3268735393524, 509.2668, 599.8086980083466, 726.0012257251739, 819.4196521997452, 939.0264573096274, 1184.881389356041, 1277.1275483455659, 1433.718027904129, 1522.2079028697967, 1613.4099515659332, 1788.4530000000002, 1839.7669690485002, 1885.1305216043472, 2007.3210563632965, 2137.6826784626005, 2341.8106423683166, 2274.1726333633424, 2479.9171577718735, 2560.389463409424, 2584.9129747140883, 2790.604824209595, 3255.4822983688355, 3321.5534449619295, 3611.45088292923, 3692.605082088661, 3554.8832060579302, 3564.2893724472046, 3744.448498872757, 3748.681709867859, 3720.774322860718, 3770.219560758972, 4188.039856943512, 4260.374933738708, 4480.231795028496, 4557.942, 4694.405148468781, 4836.319128281402, 4903.031045183945, 5005.456956249237, 5169.851851582527, 5269.851892228126, 5429.063720098877, 5463.49582382965, 5595.554166984558, 5875.090292320633, 5692.819235111236, 5795.636161187553]
shares:[0, 7.4074, 14.3712, 21.9127, 29.2333, 36.3762, 43.6542, 50.6277, 57.665, 64.5379, 70.4867, 76.4747, 82.2086, 87.9889, 93.8029, 99.3585, 105.0695, 110.9553, 116.7726, 122.5033, 127.9678, 133.8536, 139.4779, 145.1468, 150.9879, 156.5996, 161.5624, 166.5774, 171.3212, 176.0899, 181.1867, 186.4168, 191.5319, 196.7812, 202.216, 207.7256, 212.8069, 217.922, 222.8971, 227.8971, 232.8574, 237.7738, 242.7243, 247.6723, 252.5575, 257.4427, 262.2736, 267.1636, 272.025, 276.7353, 281.6833, 286.6289]
growth_rate:13.64
