ticker:FCCY
price:[12.0, 11.899999618530273, 12.399999618530273, 11.229999542236328, 11.789999961853027, 12.649999618530273, 12.430000305175781, 13.40999984741211, 13.039999961853027, 12.920000076293945, 14.960000038146973, 15.699999809265137, 16.5, 17.010000228881836, 17.899999618530273, 18.030000686645508, 16.940000534057617, 15.869999885559082, 17.1299991607666, 15.75, 15.460000038146973, 15.430000305175781, 17.309999465942383, 17.3799991607666, 17.450000762939453, 17.549999237060547, 19.5, 19.530000686645508, 18.559999465942383, 18.469999313354492, 17.649999618530273, 18.15999984741211, 19.280000686645508, 18.790000915527344, 19.18000030517578, 18.899999618530273, 19.799999237060547, 21.0, 21.100000381469727, 21.049999237060547, 20.770000457763672, 19.90999984741211, 20.389999389648438, 21.350000381469727, 20.6200008392334, 21.030000686645508, 21.100000381469727, 21.59000015258789, 21.899999618530273, 21.729999542236328, 21.649999618530273, 21.760000228881836]
assets:[0, 100.00045679435729, 204.20195371799468, 284.93428638534544, 399.14337470855713, 528.2576590700149, 619.0711931991577, 767.879388262558, 846.6924135231019, 938.9002815443039, 1187.1478110271453, 1345.8699236494065, 1514.4492, 1661.259559353447, 1848.1803306131362, 1961.6027727046967, 1943.0146732563019, 1920.2858561525345, 2172.7468245527266, 2097.709425, 2159.0848573274616, 2254.895497597504, 2629.6329898691174, 2740.2662316799165, 2851.3039496631623, 2967.6434459896086, 3397.3816500000003, 3502.607973146439, 3428.6425253419875, 3512.016806436348, 3456.095845303345, 3655.960273281097, 3981.437749796486, 3980.250192934418, 4162.863708235931, 4202.0917251867295, 4502.191146520233, 4875.0513, 4998.265150364304, 5086.420775646972, 5118.762458815766, 5006.815445628356, 5227.52279552002, 5573.643909586716, 5483.070609160804, 5692.09354785118, 5811.039275058555, 6045.988077730179, 6232.7990214326865, 6284.415825612641, 6361.278662915231, 6493.5996843027115]
shares:[0, 8.4034, 16.4679, 25.3726, 33.8544, 41.7595, 49.8046, 57.2617, 64.9304, 72.6703, 79.3548, 85.7242, 91.7848, 97.6637, 103.2503, 108.7966, 114.6998, 121.001, 126.8387, 133.1879, 139.6562, 146.1371, 151.9141, 157.6678, 163.3985, 169.0965, 174.2247, 179.345, 184.7329, 190.1471, 195.8128, 201.3194, 206.5061, 211.8281, 217.0419, 222.3329, 227.3834, 232.1453, 236.8846, 241.6352, 246.4498, 251.4724, 256.3768, 261.0606, 265.9103, 270.6654, 275.4047, 280.0365, 284.6027, 289.2046, 293.8235, 298.4191]
growth_rate:27.33
