ticker:FCEF
price:[19.790000915527344, 19.56999969482422, 19.690000534057617, 19.219999313354492, 19.69499969482422, 20.344999313354492, 20.09000015258789, 19.969999313354492, 19.049999237060547, 20.385000228881836, 20.84000015258789, 21.200000762939453, 21.680999755859375, 22.045000076293945, 22.010000228881836, 22.3700008392334, 22.3700008392334, 22.530000686645508, 22.760000228881836, 22.719999313354492, 22.93000030517578, 22.56999969482422, 23.371999740600586, 23.672000885009766, 23.642000198364258, 23.148000717163086, 22.908000946044922, 23.5, 23.485000610351562, 23.483999252319336, 24.040000915527344, 24.3700008392334, 24.594999313354492, 24.635000228881836, 24.790000915527344, 24.875, 24.43000030517578, 24.719999313354492, 25.076000213623047, 25.235000610351562, 25.469999313354492, 24.940000534057617, 25.334999084472656, 25.56999969482422, 25.454999923706055, 24.898000717163086, 25.170000076293945, 25.110000610351562, 25.479999542236328, 25.6200008392334, 25.264999389648438, 25.549999237060547]
assets:[0, 100.00074144058227, 200.61353944129942, 295.8246194314957, 403.1349792533875, 516.4394970701218, 609.9665576328277, 706.3228997138976, 773.7823940105437, 928.0087889196395, 1048.7229916786193, 1166.8395619918824, 1293.3128293365478, 1415.0266693971635, 1512.7803307313918, 1637.5243274333955, 1737.5249421850206, 1849.9518743808746, 1968.837887799263, 2065.3774415800094, 2184.46775307312, 2250.1725445747375, 2430.1293822286607, 2561.3223317584993, 2658.0771749021533, 2702.5360281290054, 2774.5162793807986, 2946.21615, 3044.3347956192015, 3144.2045562952044, 3318.64519838562, 3464.200493297196, 3596.184879101372, 3702.034513395309, 3825.327688274384, 3938.443825, 3967.986610567474, 4115.088845695495, 4274.352184813309, 4401.456000956726, 4542.444480540275, 4547.9213273878095, 4719.9508654357915, 4863.731009951783, 4941.8565946882245, 4933.720597511101, 5087.6196664213185, 5175.492533801269, 5351.752855852508, 5481.158351546096, 5505.207996005249, 5667.309205770493]
shares:[0, 5.1099, 10.1886, 15.3915, 20.4689, 25.3841, 30.3617, 35.3692, 40.6185, 45.5241, 50.3226, 55.0396, 59.6519, 64.1881, 68.7315, 73.2018, 77.6721, 82.1106, 86.5043, 90.9057, 95.2668, 99.6975, 103.9761, 108.2005, 112.4303, 116.7503, 121.1156, 125.3709, 129.6289, 133.8871, 138.0468, 142.1502, 146.2161, 150.2754, 154.3093, 158.3294, 162.4227, 166.468, 170.4559, 174.4187, 178.3449, 182.3545, 186.3016, 190.2124, 194.1409, 198.1573, 202.1303, 206.1128, 210.0374, 213.9406, 217.8986, 221.8125]
growth_rate:11.12
