ticker:FCEL
price:[2.559999942779541, 2.1700000762939453, 2.619999885559082, 2.2899999618530273, 2.0199999809265137, 2.619999885559082, 2.3299999237060547, 2.380000114440918, 2.0, 2.390000104904175, 2.8499999046325684, 5.539999961853027, 9.6899995803833, 7.949999809265137, 7.880000114440918, 9.300000190734863, 12.300000190734863, 11.170000076293945, 15.319999694824219, 15.84000015258789, 18.1299991607666, 20.760000228881836, 23.920000076293945, 26.200000762939453, 20.219999313354492, 16.940000534057617, 13.050000190734863, 18.15999984741211, 14.970000267028809, 13.260000228881836, 14.350000381469727, 12.460000038146973, 9.859999656677246, 10.199999809265137, 9.710000038146973, 8.180000305175781, 7.75, 8.90999984741211, 9.819999694824219, 9.989999771118164, 10.579999923706055, 8.800000190734863, 8.859999656677246, 8.380000114440918, 8.050000190734863, 6.550000190734863, 6.400000095367432, 6.329999923706055, 6.329999923706055, 6.139999866485596, 5.78000020980835, 6.28000020980835]
assets:[0, 99.99989651584626, 220.7370863582611, 292.9342761202812, 358.39627461590766, 564.8504913274766, 602.3289792772292, 715.2545323925973, 701.0542, 937.7598001610518, 1218.2489892346382, 2468.1048850052834, 4416.955686727714, 3723.8180706588746, 3791.030231056976, 4574.185563812542, 6149.729495363235, 5684.754840828324, 7896.8164026947015, 8264.854303615952, 9559.709241483306, 11046.475009788894, 12827.922888915253, 14150.651852064513, 11020.845921746062, 9333.093294239045, 7289.897146546936, 10244.408217922211, 8544.867170419884, 7668.800466371727, 8399.191548277855, 7392.956614633941, 5950.284984812546, 6255.467103025913, 6054.959881787681, 5200.882640032196, 5027.486225, 5879.98689130249, 6580.524185497284, 6794.443599331856, 7295.717201389503, 6168.271253693676, 6310.327431476402, 6068.459206873513, 5929.486850491905, 4924.613713403892, 4911.836233192062, 4958.112966241074, 5058.113039035798, 5006.289415138149, 4812.761102698517, 5329.090114039421]
shares:[0, 46.0829, 84.2508, 127.9189, 177.4239, 215.5918, 258.5103, 300.5271, 350.5271, 392.3681, 427.4558, 445.5063, 455.8262, 468.4048, 481.0952, 491.8479, 499.978, 508.9306, 515.458, 521.7711, 527.2868, 532.1038, 536.2844, 540.1012, 545.0468, 550.95, 558.6128, 564.1194, 570.7994, 578.3409, 585.3095, 593.3352, 603.4772, 613.2811, 623.5798, 635.8047, 648.7079, 659.9312, 670.1145, 680.1245, 689.5763, 700.9399, 712.2266, 724.1598, 736.5822, 751.8494, 767.4744, 783.2722, 799.07, 815.3566, 832.6576, 848.5812]
growth_rate:4.49
