ticker:FCFS
price:[61.83000183105469, 59.16999816894531, 60.0, 56.20000076293945, 60.540000915527344, 58.61000061035156, 59.68000030517578, 56.5099983215332, 52.040000915527344, 56.0099983215332, 62.11000061035156, 65.83000183105469, 66.66999816894531, 68.58000183105469, 71.05000305175781, 72.37000274658203, 70.05000305175781, 70.04000091552734, 62.2599983215332, 59.5, 58.40999984741211, 58.880001068115234, 60.88999938964844, 62.54999923706055, 62.81999969482422, 63.31999969482422, 68.58999633789062, 68.47000122070312, 63.880001068115234, 68.45999908447266, 67.73999786376953, 67.0, 69.3499984741211, 70.88999938964844, 72.02999877929688, 75.5999984741211, 77.06999969482422, 79.9800033569336, 79.72000122070312, 82.0, 82.94999694824219, 80.62999725341797, 79.51000213623047, 76.81999969482422, 77.16999816894531, 75.76000213623047, 77.94999694824219, 79.19999694824219, 83.54000091552734, 82.97000122070312, 84.08000183105469, 85.91999816894531]
assets:[0, 99.99729690551757, 201.402, 288.6488239185333, 410.93947221450804, 497.8392061843872, 606.9276991035462, 674.6898229602814, 721.321248690033, 876.3492367382049, 1071.7888035324097, 1235.9846163787843, 1351.754213874817, 1490.483469795227, 1644.1681206207274, 1774.715103353882, 1817.8255991943358, 1917.5691530654908, 1804.568695350647, 1824.5734499999999, 1891.1464060596466, 2006.3654763965606, 2174.856820199585, 2334.14704652977, 2444.219394126129, 2563.674819644165, 2877.041691390991, 2972.00887298584, 2872.7730800346376, 3178.7415234901428, 3245.3081396568296, 3309.8536, 3525.9481024200436, 3704.2434941070555, 3863.811585519409, 4155.316116130829, 4336.1123228302, 4599.833947064973, 4684.881395736695, 4918.868399999999, 5075.851328257751, 5033.883925525665, 5063.960232055664, 4992.631646166229, 5115.375385624695, 5121.914040424347, 5369.975289764404, 5556.085705911255, 5960.545649322509, 6019.880141567994, 6200.412471029664, 6436.103814839173]
shares:[0, 1.69, 3.3567, 5.1361, 6.7879, 8.4941, 10.1697, 11.9393, 13.8609, 15.6463, 17.2563, 18.7754, 20.2753, 21.7335, 23.141, 24.5228, 25.9504, 27.3782, 28.9844, 30.6651, 32.3771, 34.0755, 35.7178, 37.3165, 38.9083, 40.4876, 41.9455, 43.406, 44.9714, 46.4321, 47.9083, 49.4008, 50.8428, 52.2534, 53.6417, 54.9645, 56.262, 57.5123, 58.7667, 59.9862, 61.1917, 62.4319, 63.6896, 64.9913, 66.2871, 67.6071, 68.89, 70.1526, 71.3496, 72.5549, 73.7442, 74.9081]
growth_rate:26.2
