ticker:FCNCA
price:[396.9100036621094, 360.2099914550781, 338.7300109863281, 311.5, 329.70001220703125, 347.6000061035156, 393.4100036621094, 484.1000061035156, 462.70001220703125, 497.2799987792969, 542.5700073242188, 546.4299926757812, 544.260009765625, 603.5499877929688, 605.0, 585.260009765625, 593.1300048828125, 574.27001953125, 619.8599853515625, 632.3599853515625, 632.8099975585938, 595.989990234375, 663.3499755859375, 733.3200073242188, 764.0, 737.8900146484375, 779.27001953125, 860.9400024414062, 834.7999877929688, 854.530029296875, 835.7000122070312, 852.6400146484375, 857.0, 885.0800170898438, 867.4600219726562, 857.3099975585938, 869.25, 850.77001953125, 860.5999755859375, 870.219970703125, 857.3200073242188, 810.510009765625, 866.3499755859375, 817.2000122070312, 797.1799926757812, 771.280029296875, 773.239990234375, 782.5900268554688, 858.0399780273438, 856.6500244140625, 847.4199829101562, 895.0399780273438]
assets:[0, 99.9942936279297, 194.02455029296874, 278.4187, 394.68388461303715, 516.1164890624999, 684.1399963684082, 941.864971875, 1000.2186163879395, 1174.9731811157226, 1381.9800656555176, 1491.8085230041504, 1585.8648164550782, 1858.6321874084472, 1963.104, 1999.0726153564453, 2125.955876501465, 2158.33644140625, 2429.6651845825195, 2578.6375482666017, 2680.4565876586917, 2624.501520996094, 3021.094793811035, 3439.7841583557124, 3683.7024, 3657.794591613769, 3962.8997573242186, 4478.265516699219, 4442.304655041504, 4647.276111328125, 4644.9042378479, 4839.073139135742, 4963.829699999999, 5226.486008917236, 5222.4563162841805, 5261.311455017089, 5434.5509999999995, 5418.979639404297, 5581.593261657715, 5743.973938623047, 5758.789953198242, 5544.374772802735, 6026.330430175782, 5784.46856640625, 5742.725231237793, 5656.182094848633, 5770.535399121093, 5940.327857849121, 6612.999914654541, 6702.258461010742, 6730.040020275878, 7208.204463043213]
shares:[0, 0.2776, 0.5728, 0.8938, 1.1971, 1.4848, 1.739, 1.9456, 2.1617, 2.3628, 2.5471, 2.7301, 2.9138, 3.0795, 3.2448, 3.4157, 3.5843, 3.7584, 3.9197, 4.0778, 4.2358, 4.4036, 4.5543, 4.6907, 4.8216, 4.9571, 5.0854, 5.2016, 5.3214, 5.4384, 5.5581, 5.6754, 5.7921, 5.9051, 6.0204, 6.137, 6.252, 6.3695, 6.4857, 6.6006, 6.7172, 6.8406, 6.956, 7.0784, 7.2038, 7.3335, 7.4628, 7.5906, 7.7071, 7.8238, 7.9418, 8.0535]
growth_rate:41.34
