ticker:FCNCP
price:[26.299999237060547, 26.43589973449707, 26.489999771118164, 26.600000381469727, 27.030000686645508, 27.729999542236328, 27.0, 26.739999771118164, 26.829999923706055, 26.559999465942383, 26.770000457763672, 26.889999389648438, 26.479999542236328, 26.360000610351562, 26.3799991607666, 27.1200008392334, 26.927799224853516, 27.040000915527344, 26.639999389648438, 26.5, 26.520000457763672, 26.65999984741211, 26.920000076293945, 26.799999237060547, 26.739999771118164, 26.0, 26.56999969482422, 26.93000030517578, 26.65999984741211, 26.950000762939453, 26.969999313354492, 27.0, 26.850000381469727, 27.049999237060547, 26.8700008392334, 26.81999969482422, 26.520000457763672, 26.649999618530273, 26.56999969482422, 26.8799991607666, 27.18000030517578, 27.399999618530273, 27.34000015258789, 27.3799991607666, 27.43000030517578, 27.299999237060547, 27.3700008392334, 27.360000610351562, 27.5, 27.690000534057617, 27.389999389648438, 27.299999237060547]
assets:[0, 99.99907792568207, 200.20347127017973, 301.03486431713105, 405.9014113111496, 516.413008475113, 602.8181999999999, 697.0128560338974, 799.3596027269364, 891.316398077774, 998.3630740718842, 1102.8395449676514, 1186.0232914970397, 1280.6479096527098, 1381.620800046158, 1520.3770790483475, 1609.6011203258515, 1716.3072741111755, 1790.9192469680784, 1881.50795, 1982.9269542274476, 2093.393842018509, 2213.8092782741546, 2303.9396544116976, 2398.78120346756, 2432.3988, 2585.7232883010865, 2720.7567818321227, 2793.4774400115966, 2923.8648727729797, 3026.033922958374, 3129.3999, 3212.014530634499, 3335.941155910492, 3413.7422486217497, 3507.3908240905766, 3568.157329590225, 3685.646977243424, 3774.5819826461793, 3918.620037654877, 4062.355461611938, 4195.235861592865, 4286.04807992096, 4392.3186313695915, 4500.338659069062, 4579.0097620327, 4690.750116830254, 4789.037050834656, 4913.54325, 5047.491130351066, 5092.806099513245, 5176.071665346909]
shares:[0, 3.7827, 7.5577, 11.3171, 15.0167, 18.6229, 22.3266, 26.0663, 29.7935, 33.5586, 37.2941, 41.013, 44.7894, 48.583, 52.3738, 56.0611, 59.7747, 63.4729, 67.2267, 71.0003, 74.771, 78.5219, 82.2366, 85.9679, 89.7076, 93.5538, 97.3174, 101.0307, 104.7816, 108.4922, 112.2, 115.9037, 119.6281, 123.325, 127.0466, 130.7752, 134.5459, 138.2982, 142.0618, 145.782, 149.4612, 153.1108, 156.7684, 160.4207, 164.0663, 167.7293, 171.3829, 175.0379, 178.6743, 182.2857, 185.9367, 189.5997]
growth_rate:1.49
