ticker:FCRD
price:[3.0299999713897705, 2.9600000381469727, 2.7300000190734863, 2.509999990463257, 2.440000057220459, 2.559999942779541, 2.5399999618530273, 2.5999999046325684, 2.740000009536743, 3.109999895095825, 3.119999885559082, 3.3499999046325684, 3.75, 3.9800000190734863, 3.740000009536743, 3.619999885559082, 3.690000057220459, 3.6500000953674316, 3.7899999618530273, 3.690000057220459, 3.569999933242798, 3.369999885559082, 3.799999952316284, 3.9100000858306885, 4.03000020980835, 3.9700000286102295, 3.8399999141693115, 3.9600000381469727, 4.0, 4.019999980926514, 4.019999980926514, 4.090000152587891, 4.269999980926514, 4.289999961853027, 4.349999904632568, 4.420000076293945, 4.46999979019165, 4.539999961853027, 4.630000114440918, 4.730000019073486, 4.639999866485596, 4.46999979019165, 4.409999847412109, 4.579999923706055, 4.590000152587891, 4.519999980926514, 4.559999942779541, 4.590000152587891, 4.739999771118164, 4.71999979019165, 4.650000095367432, 4.659999847412109]
assets:[0, 100.0000492887497, 192.22967534303663, 276.73854294853214, 369.0207286539078, 487.16926911091804, 583.363315238762, 697.1434344289303, 834.6820929051637, 1047.3944726700784, 1150.7623497902869, 1335.5940419784545, 1595.068125, 1792.8988665921688, 1784.7844785510779, 1827.5185702257156, 1962.8575234378338, 2041.580103342533, 2219.8871156564715, 2261.3150600659847, 2287.776266219735, 2259.609524266529, 2647.9277467728853, 2824.5781970039607, 3011.2661287714004, 3066.4331830985784, 3066.0210514690875, 3261.8342114214897, 3394.782, 3511.7558053379535, 3611.755716863489, 3774.647234822846, 4040.7684479504583, 4159.694645011711, 4317.8721103369235, 4487.355131456566, 4638.116929300738, 4810.749669578076, 5006.117247737503, 5214.240393026162, 5215.026233939409, 5123.958524496794, 5155.180453628541, 5453.90650314846, 5565.814907027436, 5580.933020449591, 5730.321648093939, 5868.021435073852, 6159.7861225605, 6233.795290902042, 6241.345448004532, 6354.767231918335]
shares:[0, 33.7838, 70.4138, 110.2544, 151.238, 190.3005, 229.6706, 268.1321, 304.6285, 336.7828, 368.8341, 398.6848, 425.3515, 450.4771, 477.2151, 504.8394, 531.9397, 559.337, 585.7222, 612.8225, 640.8337, 670.5073, 696.8231, 722.3985, 747.2124, 772.4013, 798.443, 823.6955, 848.6955, 873.5711, 898.4467, 922.8966, 946.3158, 969.6258, 992.6143, 1015.2387, 1037.6101, 1059.6365, 1081.2348, 1102.3764, 1123.9281, 1146.2995, 1168.9752, 1190.8093, 1212.5958, 1234.7197, 1256.6495, 1278.436, 1299.533, 1320.7194, 1342.2248, 1363.684]
growth_rate:24.6
