ticker:FCVT
price:[39.77000045776367, 39.0, 40.0, 39.65700149536133, 40.439998626708984, 42.099998474121094, 42.27000045776367, 42.14400100708008, 40.42499923706055, 43.529998779296875, 42.959999084472656, 44.279998779296875, 46.03499984741211, 46.81999969482422, 47.29999923706055, 49.099998474121094, 49.0, 48.959999084472656, 51.43000030517578, 51.84000015258789, 52.60900115966797, 50.25, 53.77000045776367, 55.529998779296875, 55.13999938964844, 52.540000915527344, 49.97999954223633, 52.279998779296875, 51.09299850463867, 49.61000061035156, 50.900001525878906, 51.68000030517578, 51.849998474121094, 52.11199951171875, 51.56999969482422, 50.29999923706055, 48.779998779296875, 49.08599853515625, 50.31999969482422, 50.27000045776367, 51.16999816894531, 50.279998779296875, 51.939998626708984, 51.810001373291016, 51.560001373291016, 49.5, 51.02000045776367, 50.880001068115234, 51.209999084472656, 50.869998931884766, 49.779998779296875, 51.599998474121094]
assets:[0, 99.9999, 202.564, 300.82611624336243, 406.7657261867523, 523.4629610275268, 625.5748717746735, 723.7094284938812, 794.1895350112916, 955.1918222137451, 1042.682137779236, 1174.7217996154784, 1321.282755120468, 1443.811740589142, 1558.615384859848, 1717.9303866119385, 1814.4308, 1912.9503962287902, 2109.4580355171206, 2226.273990552902, 2359.2980051063537, 2353.503975, 2618.3678112911225, 2804.0705833587645, 2884.3788820724485, 2848.37208563385, 2809.5856902671812, 3038.8794890441895, 3069.881940752411, 3080.776076902771, 3260.883147754669, 3410.854180141449, 3522.071881349945, 3639.8668298950192, 3702.0091550926213, 3710.842203714752, 3698.7043834411625, 3821.904566345215, 4017.98655963211, 4113.996297462463, 4287.651837571716, 4313.078631286621, 4555.475489553452, 4644.072369097137, 4721.6638417606355, 4633.01685, 4875.282469742202, 4961.904200164413, 5094.083932928467, 5160.262865650177, 5149.6910937194825, 5437.9690391921995]
shares:[0, 2.5641, 5.0641, 7.5857, 10.0585, 12.4338, 14.7995, 17.1723, 19.646, 21.9433, 24.271, 26.5294, 28.7017, 30.8375, 32.9517, 34.9884, 37.0292, 39.0717, 41.0161, 42.9451, 44.8459, 46.8359, 48.6957, 50.4965, 52.3101, 54.2134, 56.2142, 58.127, 60.0842, 62.0999, 64.0645, 65.9995, 67.9281, 69.847, 71.7861, 73.7742, 75.8242, 77.8614, 79.8487, 81.838, 83.7923, 85.7812, 87.7065, 89.6366, 91.5761, 93.5963, 95.5563, 97.5217, 99.4744, 101.4402, 103.449, 105.387]
growth_rate:6.63
