ticker:FDBC
price:[47.439998626708984, 46.119998931884766, 50.77000045776367, 47.75, 46.709999084472656, 48.0, 48.79999923706055, 48.68000030517578, 47.65999984741211, 48.709999084472656, 58.599998474121094, 58.15999984741211, 60.29999923706055, 58.27000045776367, 62.70000076293945, 67.75, 64.30999755859375, 64.36000061035156, 65.87000274658203, 62.0, 56.790000915527344, 49.209999084472656, 50.189998626708984, 54.25, 55.45000076293945, 50.70000076293945, 57.5, 65.33999633789062, 59.7400016784668, 64.0199966430664, 64.3499984741211, 58.0, 55.84000015258789, 56.20000076293945, 56.2599983215332, 56.5, 55.91999816894531, 55.0, 55.72999954223633, 55.130001068115234, 56.66999816894531, 51.290000915527344, 57.880001068115234, 53.65999984741211, 50.68000030517578, 54.0, 54.970001220703125, 51.0, 53.849998474121094, 53.27000045776367, 52.5099983215332, 53.220001220703125]
assets:[0, 100.00199368400573, 210.08626189422606, 297.58754999999996, 391.107493334198, 501.9072, 610.2732704589844, 708.7710684432983, 793.920277458191, 911.4127928695679, 1196.4654688453675, 1287.482100622177, 1434.8565718456268, 1486.549289678192, 1699.5650306804657, 1936.450825, 1938.1296894226075, 2039.6392153427123, 2187.4900952117923, 2158.9701999999997, 2077.5486034927367, 1900.24903564682, 2038.090369234085, 2302.9559, 2453.895423763275, 2343.6886552680967, 2758.0277499999997, 3234.081526739502, 3056.9018598873135, 3375.9088649818423, 3493.3104521659848, 3248.5915999999997, 3227.6078488197327, 3348.4185254562376, 3451.995351012802, 3566.7207, 3630.108193135071, 3670.3865, 3819.104419630051, 3877.987613134003, 4086.3148919677737, 3798.378468801117, 4386.412728946686, 4166.602400151825, 4035.2125762985224, 4399.5581999999995, 4578.5888266754155, 4347.918299999999, 4690.889522080231, 4740.364165735245, 4772.733516440964, 4937.267411245727]
shares:[0, 2.1683, 4.138, 6.2322, 8.3731, 10.4564, 12.5056, 14.5598, 16.658, 18.711, 20.4175, 22.1369, 23.7953, 25.5114, 27.1063, 28.5823, 30.1373, 31.6911, 33.2092, 34.8221, 36.583, 38.6151, 40.6075, 42.4508, 44.2542, 46.2266, 47.9657, 49.4962, 51.1701, 52.7321, 54.2861, 56.0102, 57.801, 59.5804, 61.3579, 63.1278, 64.9161, 66.7343, 68.5287, 70.3426, 72.1072, 74.0569, 75.7846, 77.6482, 79.6214, 81.4733, 83.2925, 85.2533, 87.1103, 88.9875, 90.8919, 92.7709]
growth_rate:-3.19
