ticker:FDIV
price:[45.900001525878906, 45.2400016784668, 45.04999923706055, 44.04999923706055, 44.792999267578125, 45.709999084472656, 45.5989990234375, 45.79999923706055, 44.9109992980957, 45.91999816894531, 47.124000549316406, 47.189998626708984, 47.689998626708984, 48.02000045776367, 48.03099822998047, 48.10200119018555, 47.720001220703125, 47.849998474121094, 48.2400016784668, 48.599998474121094, 48.2400016784668, 47.689998626708984, 48.50899887084961, 48.742000579833984, 48.59000015258789, 47.599998474121094, 48.15999984741211, 49.17499923706055, 49.13999938964844, 49.11399841308594, 49.290000915527344, 49.59000015258789, 50.064998626708984, 50.03499984741211, 49.959999084472656, 50.51499938964844, 50.47999954223633, 50.33000183105469, 50.474998474121094, 50.95000076293945, 51.20000076293945, 50.09600067138672, 50.34000015258789, 50.290000915527344, 50.41999816894531, 50.27799987792969, 50.0, 50.10499954223633, 50.439998626708984, 50.54999923706055, 50.209999084472656, 50.540000915527344]
assets:[0, 99.99849971008301, 199.58050662002563, 295.1482098880768, 400.1269038574219, 508.31804481887815, 607.0822734985352, 709.7580081768036, 795.9800960597993, 913.8630675598145, 1037.82600129776, 1139.279822845459, 1251.352180965805, 1360.012848964691, 1460.3248639846802, 1562.48287406044, 1650.0765182098387, 1754.573314048767, 1868.875553025818, 1982.8216177459717, 2068.135703958893, 2144.5572412448882, 2281.3879186958316, 2392.345124059296, 2484.8828898033144, 2534.2524787612915, 2664.0667115592955, 2820.2157112449645, 2918.2083477539063, 3016.665276329041, 3127.4752030906675, 3246.5085399894715, 3377.6050933517454, 3475.581194400787, 3570.371350572205, 3710.0337181732175, 3807.464061473084, 3896.151134745788, 4007.376696355438, 4145.088262069702, 4265.4259835597995, 4273.454366072846, 4394.269225319671, 4489.906368738556, 4601.510544891357, 4688.549183616638, 4762.625, 4872.626026983261, 5005.206459727096, 5116.119927783585, 5181.707052516937, 5315.7619182945255]
shares:[0, 2.2104, 4.4302, 6.7003, 8.9328, 11.1205, 13.3135, 15.4969, 17.7235, 19.9012, 22.0233, 24.1424, 26.2393, 28.3218, 30.4038, 32.4827, 34.5783, 36.6682, 38.7412, 40.7988, 42.8718, 44.9687, 47.0302, 49.0818, 51.1398, 53.2406, 55.317, 57.3506, 59.3856, 61.4217, 63.4505, 65.467, 67.4644, 69.463, 71.4646, 73.4442, 75.4252, 77.4121, 79.3933, 81.356, 83.3091, 85.3053, 87.2918, 89.2803, 91.2636, 93.2525, 95.2525, 97.2483, 99.2309, 101.2091, 103.2007, 105.1793]
growth_rate:4.23
