ticker:FDMT
price:[40.5, 47.36000061035156, 40.0099983215332, 41.45000076293945, 44.20000076293945, 45.880001068115234, 47.41999816894531, 42.36000061035156, 50.0, 44.90999984741211, 43.08000183105469, 41.97999954223633, 44.91999816894531, 50.380001068115234, 43.68000030517578, 38.099998474121094, 40.040000915527344, 37.689998626708984, 33.20000076293945, 34.04999923706055, 38.70000076293945, 32.79999923706055, 26.5, 26.40999984741211, 26.559999465942383, 26.360000610351562, 28.299999237060547, 24.739999771118164, 22.610000610351562, 23.950000762939453, 24.520000457763672, 24.309999465942383, 24.56999969482422, 24.8700008392334, 27.079999923706055, 27.010000228881836, 29.329999923706055, 31.780000686645508, 30.350000381469727]
assets:[0, 100.00064128875732, 184.48210126075745, 291.11993535842896, 410.4323670845032, 526.0325642463685, 643.6885391448974, 675.0023737258912, 896.7449999999999, 905.457452923584, 968.5633731674195, 1043.8326886177063, 1216.9366543945314, 1464.8539490566254, 1370.045049571991, 1295.0265681350709, 1460.9675414054868, 1475.2204672481537, 1399.4763121601106, 1535.3076555992125, 1844.9760963722229, 1663.7012413017274, 1444.1493, 1539.243457106781, 1647.986878862953, 1735.5767081863405, 1963.3096170711517, 1816.334089196205, 1759.9556645095824, 1964.2617075725557, 2111.010207410431, 2192.929690824318, 2316.383404228973, 2444.6663684947966, 2761.905440218735, 2854.765253191185, 3199.9733836761475, 3567.2732970752713, 3506.7574090764997]
shares:[0, 2.1115, 4.6109, 7.0234, 9.2858, 11.4654, 13.5742, 15.9349, 17.9349, 20.1616, 22.4829, 24.865, 27.0912, 29.0761, 31.3655, 33.9902, 36.4877, 39.1409, 42.1529, 45.0898, 47.6738, 50.7226, 54.4962, 58.2826, 62.0477, 65.8413, 69.3749, 73.4169, 77.8397, 82.0151, 86.0934, 90.2069, 94.2769, 98.2978, 101.9906, 105.6929, 109.1024, 112.249, 115.5439]
growth_rate:-7.72
