ticker:FDNI
price:[38.95000076293945, 37.529998779296875, 38.119998931884766, 38.060001373291016, 39.189998626708984, 41.209999084472656, 41.18000030517578, 40.91999816894531, 40.650001525878906, 44.790000915527344, 42.56999969482422, 42.91999816894531, 43.95000076293945, 43.77000045776367, 44.099998474121094, 45.2599983215332, 44.36000061035156, 45.38999938964844, 47.560001373291016, 47.029998779296875, 50.86000061035156, 48.33000183105469, 52.65999984741211, 56.060001373291016, 56.08000183105469, 49.58000183105469, 47.869998931884766, 47.349998474121094, 46.91999816894531, 44.630001068115234, 46.52000045776367, 46.41999816894531, 46.90999984741211, 46.81999969482422, 45.939998626708984, 44.459999084472656, 41.279998779296875, 43.18000030517578, 44.18000030517578, 44.939998626708984, 45.040000915527344, 45.90999984741211, 47.5099983215332, 46.33000183105469, 44.869998931884766, 44.83000183105469, 44.66999816894531, 42.06999969482422, 41.9900016784668, 41.900001525878906, 39.5, 41.849998474121094]
assets:[0, 99.99868174743652, 201.57093035202027, 301.252522869873, 410.1977966259003, 531.3411231956482, 630.9558466758727, 726.9724114700317, 822.174735861969, 1005.9072775611878, 1056.0510104293824, 1164.7328663101196, 1292.683792440033, 1387.3908355098724, 1497.8520381736755, 1637.2532832824706, 1704.697155455017, 1844.2773772003172, 2032.4481226867676, 2109.7986662384033, 2381.616162580872, 2363.14376953125, 2674.864692249298, 2947.5676002059936, 3048.621059539795, 2795.2659652328493, 2798.8583105495454, 2868.453437562561, 2942.4046971725465, 2898.7944403759, 3121.552506716537, 3214.840183189392, 3348.773541107178, 3442.3468375625607, 3477.648708042145, 3465.612468635559, 3317.7354218902587, 3570.4419572341917, 3753.1307879249575, 3917.6938142818453, 4026.409433844757, 4204.18528102684, 4450.703385762406, 4440.16081648407, 4400.239263253784, 4496.314693649292, 4580.265064251709, 4413.673049983216, 4505.279439089584, 4595.621497359467, 4432.38585, 4796.085155131531]
shares:[0, 2.6645, 5.2878, 7.9152, 10.4669, 12.8935, 15.3219, 17.7657, 20.2257, 22.4583, 24.8074, 27.1373, 29.4126, 31.6973, 33.9649, 36.1744, 38.4287, 40.6318, 42.7344, 44.8607, 46.8269, 48.896, 50.795, 52.5788, 54.362, 56.3789, 58.4679, 60.5798, 62.7111, 64.9517, 67.1013, 69.2555, 71.3872, 73.523, 75.6998, 77.949, 80.3715, 82.6874, 84.9509, 87.1761, 89.3963, 91.5745, 93.6793, 95.8377, 98.0664, 100.297, 102.5356, 104.9126, 107.2941, 109.6807, 112.2123, 114.6018]
growth_rate:-5.96
