ticker:FDT
price:[50.81999969482422, 50.630001068115234, 51.2400016784668, 49.560001373291016, 50.36000061035156, 51.939998626708984, 51.029998779296875, 50.97999954223633, 48.29999923706055, 51.88999938964844, 52.959999084472656, 53.93000030517578, 55.09000015258789, 55.97999954223633, 55.619998931884766, 56.84000015258789, 55.7400016784668, 56.529998779296875, 59.459999084472656, 58.119998931884766, 59.25, 56.7599983215332, 59.34000015258789, 60.45000076293945, 60.290000915527344, 57.68000030517578, 58.130001068115234, 60.029998779296875, 60.56999969482422, 60.4900016784668, 60.95000076293945, 61.72999954223633, 62.7400016784668, 62.58000183105469, 62.11000061035156, 64.58999633789062, 63.65999984741211, 63.599998474121094, 64.86000061035156, 65.72000122070312, 65.66999816894531, 62.54999923706055, 63.619998931884766, 63.130001068115234, 62.959999084472656, 62.06999969482422, 62.540000915527344, 63.0, 63.40999984741211, 63.959999084472656, 60.88999938964844, 63.13999938964844]
assets:[0, 99.99931510963441, 201.20411459083556, 294.60942816352843, 399.36487684020994, 511.8946564655304, 602.9245385772705, 702.3361596935272, 765.4149179096222, 922.3084161514282, 1041.3259819984437, 1160.4010305664062, 1285.3598835601806, 1406.128020501709, 1497.0845772502898, 1629.9211083755492, 1698.3755551422119, 1822.4480186462401, 2016.9069529449464, 2071.454881931305, 2211.7314, 2218.782390387726, 2419.6359782218933, 2564.8995773715974, 2658.1077633644104, 2643.0360459838867, 2763.657201781082, 2953.9861949310302, 3080.559899478912, 3176.4933111408236, 3300.649771315765, 3442.8919564689636, 3599.2244982891084, 3690.0485819686887, 3762.331919972229, 4012.556637496948, 4054.779128281021, 4150.955660411071, 4333.192864776612, 4490.647683410644, 4587.233248095703, 4469.291270486831, 4645.742268002701, 4709.958928689193, 4797.274906240845, 4829.4618452552795, 4966.032550698089, 5102.558999999999, 5235.763687400818, 5381.17858297348, 5222.888409646606, 5515.885090679932]
shares:[0, 1.9751, 3.9267, 5.9445, 7.9302, 9.8555, 11.8151, 13.7767, 15.8471, 17.7743, 19.6625, 21.5168, 23.332, 25.1184, 26.9163, 28.6756, 30.4696, 32.2386, 33.9204, 35.641, 37.3288, 39.0906, 40.7758, 42.4301, 44.0887, 45.8224, 47.5427, 49.2085, 50.8595, 52.5127, 54.1534, 55.7734, 57.3673, 58.9653, 60.5753, 62.1235, 63.6943, 65.2666, 66.8084, 68.33, 69.8528, 71.4515, 73.0233, 74.6073, 76.1956, 77.8067, 79.4057, 80.993, 82.57, 84.1335, 85.7758, 87.3596]
growth_rate:8.15
