ticker:FDTS
price:[36.13999938964844, 36.13999938964844, 37.34000015258789, 35.310001373291016, 36.47999954223633, 37.58000183105469, 36.720001220703125, 37.63999938964844, 35.52000045776367, 37.77000045776367, 37.880001068115234, 39.54999923706055, 39.58000183105469, 40.900001525878906, 40.869998931884766, 42.11000061035156, 41.689998626708984, 42.4900016784668, 44.63999938964844, 43.65999984741211, 44.099998474121094, 43.16999816894531, 43.45000076293945, 45.099998474121094, 44.95000076293945, 43.20000076293945, 43.43000030517578, 44.439998626708984, 45.52000045776367, 45.68000030517578, 45.66999816894531, 46.4900016784668, 47.45000076293945, 47.459999084472656, 47.15999984741211, 47.36000061035156, 47.279998779296875, 47.86000061035156, 48.29999923706055, 48.38999938964844, 48.849998474121094, 47.119998931884766, 47.900001525878906, 48.0099983215332, 46.95000076293945, 47.400001525878906, 47.66999816894531, 48.5099983215332, 47.79999923706055, 47.900001525878906, 46.470001220703125, 47.75]
assets:[0, 99.99937831115723, 203.32003483085632, 292.2679433670044, 401.95122695617675, 514.0718770477295, 602.3071640228271, 717.3958043670655, 776.9893540134431, 926.2072822254181, 1028.9041650123595, 1174.2632073478699, 1275.152876991272, 1417.6799428901672, 1516.6407033634184, 1662.6544200988772, 1746.0730294834136, 1879.5792162483215, 2074.684147633362, 2129.136650558853, 2250.5949121284484, 2303.132353312683, 2418.070752458954, 2609.8963216987613, 2701.216355847931, 2696.051567613983, 2810.4074357482914, 2975.764524042511, 3148.0812956581112, 3259.144685773468, 3358.4300883499145, 3518.7305980396272, 3691.39178935318, 3792.167830847168, 3868.1952354843143, 3984.600499351501, 4077.871526715088, 4227.895021917725, 4366.764291023254, 4474.899066557312, 4617.438635769653, 4553.912296772003, 4729.296480654144, 4840.156786784363, 4833.291303541183, 4979.616640301514, 5107.983313796997, 5297.990360687256, 5320.45061507988, 5431.582353025818, 5369.427408047485, 5617.324325]
shares:[0, 2.767, 5.4451, 8.2772, 11.0184, 13.6794, 16.4027, 19.0594, 21.8747, 24.5223, 27.1622, 29.6906, 32.2171, 34.6621, 37.1089, 39.4836, 41.8823, 44.2358, 46.4759, 48.7663, 51.0339, 53.3503, 55.6518, 57.8691, 60.0938, 62.4086, 64.7112, 66.9614, 69.1582, 71.3473, 73.5369, 75.6879, 77.7954, 79.9024, 82.0228, 84.1343, 86.2494, 88.3388, 90.4092, 92.4757, 94.5228, 96.645, 98.7327, 100.8156, 102.9455, 105.0552, 107.153, 109.2144, 111.3065, 113.3942, 115.5461, 117.6403]
growth_rate:10.14
