ticker:FDUSG
price:[24.229999542236328, 24.440000534057617, 24.149999618530273, 24.0, 24.450000762939453, 24.790000915527344, 24.899999618530273, 24.709999084472656, 24.600000381469727, 24.549999237060547, 24.809999465942383, 24.989999771118164, 25.100000381469727, 25.010000228881836, 25.229999542236328, 25.40999984741211, 25.309999465942383, 25.450000762939453, 25.649999618530273, 25.350000381469727, 25.447999954223633, 25.524999618530273, 25.59000015258789, 25.399999618530273, 25.493999481201172, 25.559999465942383, 25.700000762939453, 25.583999633789062, 25.510000228881836, 25.579999923706055, 25.690000534057617, 25.610000610351562, 25.641000747680664, 25.739999771118164, 25.559999465942383, 25.549999237060547, 25.54800033569336, 25.405000686645508, 25.52400016784668, 25.506000518798828, 25.665000915527344, 25.649999618530273, 25.51099967956543, 25.780000686645508, 25.799999237060547, 25.799999237060547, 25.459999084472656, 25.399999618530273, 25.329999923706055, 25.450000762939453, 25.375, 25.277999877929688]
assets:[0, 100.00115018520356, 198.81487185955046, 297.5808, 403.1609525802612, 508.7676677894592, 611.0260706390382, 706.3625048286438, 803.2170724554062, 901.5839919815064, 1011.1315282344818, 1118.4674237560273, 1223.3915885931015, 1319.004903071022, 1430.6065720436095, 1540.8141117473604, 1634.7500865056993, 1743.7933322753906, 1857.4960223751068, 1935.771659129715, 2043.2555435245513, 2149.437245376778, 2254.911484445572, 2338.1690248842237, 2446.822291807556, 2553.1576746536257, 2667.1435091777803, 2755.1051029632567, 2847.1354115451813, 2954.9478731866834, 3067.655808772087, 3158.102347265625, 3261.9250383163453, 3374.5191179935455, 3450.9219838954923, 3549.571969007492, 3649.2942515506743, 3728.8672452836995, 3846.3341004936215, 3943.6204726142882, 4068.205492121887, 4165.826698045349, 4243.252230002022, 4387.995870873451, 4491.4006071834565, 4591.401404226303, 4630.893773475647, 4719.9803291130065, 4806.9728725214, 4929.746587783814, 5015.2190375, 5096.047303190613]
shares:[0, 4.0917, 8.2325, 12.3992, 16.4892, 20.5231, 24.5392, 28.5861, 32.6511, 36.7244, 40.755, 44.7566, 48.7407, 52.7391, 56.7026, 60.6381, 64.5891, 68.5184, 72.417, 76.3618, 80.2914, 84.2091, 88.1169, 92.0539, 95.9764, 99.8888, 103.7799, 107.6886, 111.6086, 115.5179, 119.4105, 123.3152, 127.2152, 131.1002, 135.0126, 138.9265, 142.8407, 146.7769, 150.6948, 154.6154, 158.5118, 162.4104, 166.3303, 170.2093, 174.0853, 177.9613, 181.889, 185.826, 189.7739, 193.7032, 197.6441, 201.6001]
growth_rate:-0.08
