ticker:FDUS
price:[10.270000457763672, 9.90999984741211, 9.84000015258789, 9.710000038146973, 10.369999885559082, 10.5, 10.149999618530273, 10.520000457763672, 10.569999694824219, 11.359999656677246, 12.100000381469727, 13.09000015258789, 14.229999542236328, 13.390000343322754, 12.600000381469727, 12.890000343322754, 12.600000381469727, 13.100000381469727, 13.550000190734863, 13.710000038146973, 13.489999771118164, 12.800000190734863, 13.539999961853027, 13.930000305175781, 13.970000267028809, 15.020000457763672, 15.260000228881836, 15.010000228881836, 15.600000381469727, 15.390000343322754, 15.699999809265137, 16.950000762939453, 16.65999984741211, 16.889999389648438, 16.579999923706055, 17.770000457763672, 16.90999984741211, 17.079999923706055, 17.360000610351562, 17.709999084472656, 17.459999084472656, 16.709999084472656, 16.969999313354492, 17.420000076293945, 17.1200008392334, 16.780000686645508, 16.739999771118164, 16.799999237060547, 17.329999923706055, 17.809999465942383, 17.520000457763672, 17.84000015258789]
assets:[0, 99.9998264602661, 199.29345909042357, 296.6608921654701, 416.825256400013, 522.0505499999999, 604.6486722753525, 726.6900716209411, 830.1434650321961, 992.188050014019, 1156.8205364704133, 1351.4692117538452, 1569.1676635215758, 1576.5399794228554, 1583.525207941818, 1719.9720398111342, 1781.275913928795, 1951.9616268407824, 2119.014069828034, 2244.034983243847, 2308.0256448402406, 2289.972514123249, 2522.3611768936157, 2695.0148710418703, 2802.753655573082, 3113.411782887268, 3263.1602989435196, 3309.700547468376, 3539.7960865592954, 3592.1445831341744, 3764.5004242661475, 4164.221947436523, 4192.975433596802, 4350.862153773498, 4371.006933886528, 4784.728999256897, 4653.1669330120085, 4799.946262559319, 4978.63464704132, 5179.009414268493, 5205.901263024903, 5082.279381546021, 5261.3582231132505, 5500.875430092048, 5506.1415179145815, 5496.790946931267, 5583.68718765564, 5703.700540977477, 5983.638252657509, 6249.370303603935, 6247.612891238022, 6461.72476726799]
shares:[0, 10.0908, 20.2534, 30.5521, 40.1953, 49.7191, 59.5713, 69.077, 78.5377, 87.3405, 95.605, 103.2444, 110.2718, 117.7401, 125.6766, 133.4346, 141.3711, 149.0047, 156.3848, 163.6787, 171.0916, 178.9041, 186.2896, 193.4684, 200.6266, 207.2844, 213.8375, 220.4997, 226.91, 233.4077, 239.7771, 245.6768, 251.6792, 257.5999, 263.6313, 269.2588, 275.1725, 281.0273, 286.7877, 292.4342, 298.1616, 304.146, 310.0388, 315.7793, 321.6204, 327.5799, 333.5536, 339.506, 345.2763, 350.8911, 356.5989, 362.2043]
growth_rate:26.7
