ticker:FDUSZ
price:[24.834999084472656, 25.09000015258789, 24.67300033569336, 24.559999465942383, 24.780000686645508, 24.899999618530273, 25.149999618530273, 25.299999237060547, 24.93000030517578, 24.799999237060547, 25.100000381469727, 25.170000076293945, 25.350000381469727, 25.200000762939453, 25.56999969482422, 25.2549991607666, 25.200000762939453, 25.270000457763672, 25.3799991607666, 25.489999771118164, 25.579999923706055, 26.0, 25.93000030517578, 25.690000534057617, 25.90999984741211, 25.420000076293945, 25.610000610351562, 25.613000869750977, 25.549999237060547, 25.540000915527344, 25.489999771118164, 25.893999099731445, 25.649999618530273, 26.1200008392334, 25.610000610351562, 25.389999389648438, 25.579999923706055, 25.489999771118164, 25.399999618530273, 25.423999786376953, 25.400999069213867, 25.3799991607666, 25.329999923706055, 25.448999404907227, 25.43000030517578, 25.510000228881836, 25.450000762939453, 25.378999710083008, 25.325000762939453, 25.350000381469727, 25.34000015258789, 25.360000610351562]
assets:[0, 100.00121360816955, 198.3388477985382, 297.43141753234863, 400.0954130865097, 502.03379230880734, 607.0732057920457, 710.6946885684966, 800.3003767967224, 896.1281324317932, 1006.9693453039168, 1109.7780243638992, 1217.715153324318, 1310.5109196762085, 1429.751646936035, 1512.1380237510682, 1608.8461687084198, 1713.31613903656, 1820.7738297929764, 1928.6651466819765, 2035.4747759290697, 2168.8966, 2263.0563346343993, 2342.1111066890717, 2462.1676924999238, 2515.603879550171, 2634.406005784607, 2734.7154706638335, 2827.988890554428, 2926.8815509193423, 3021.151242872238, 3169.034490420723, 3239.171726826668, 3398.525549194336, 3432.167768797302, 3502.684982798767, 3628.89645717659, 3716.128439631844, 3803.00732288456, 3906.6009591751094, 4003.067908212852, 4099.758164434433, 4191.681844374657, 4311.373521883964, 4408.155773900604, 4522.02253757267, 4611.387438240051, 4698.523346026421, 4788.527119258881, 4893.254803634262, 4991.323724055862, 5095.262850630188]
shares:[0, 3.9857, 8.0387, 12.1104, 16.1459, 20.162, 24.1381, 28.0907, 32.1019, 36.1342, 40.1183, 44.0913, 48.0361, 52.0044, 55.9152, 59.8748, 63.8431, 67.8004, 71.7405, 75.6636, 79.5729, 83.4191, 87.2756, 91.1682, 95.0277, 98.9616, 102.8663, 106.7706, 110.6845, 114.5999, 118.523, 122.3849, 126.2835, 130.112, 134.0167, 137.9553, 141.8646, 145.7877, 149.7247, 153.658, 157.5949, 161.535, 165.4829, 169.4123, 173.3447, 177.2647, 181.194, 185.1343, 189.083, 193.0278, 196.9741, 200.9173]
growth_rate:-0.09
