ticker:FEIM
price:[9.789999961853027, 10.1899995803833, 10.029999732971191, 10.050000190734863, 10.010000228881836, 9.930000305175781, 10.0, 10.279999732971191, 9.140000343322754, 10.0, 10.029999732971191, 9.899999618530273, 10.0600004196167, 10.329999923706055, 10.800000190734863, 10.300000190734863, 10.569999694824219, 10.989999771118164, 11.029999732971191, 11.260000228881836, 10.850000381469727, 10.720000267028809, 11.079999923706055, 11.5, 12.140000343322754, 11.84000015258789, 11.25, 11.899999618530273, 12.0600004196167, 11.489999771118164, 11.270000457763672, 11.649999618530273, 10.75, 10.770000457763672, 10.739999771118164, 9.9399995803833, 9.300000190734863, 9.65999984741211, 9.960000038146973, 9.699999809265137, 9.600000381469727, 9.25, 9.149999618530273, 9.710000038146973, 9.789999961853027, 10.0, 10.149999618530273, 10.020000457763672, 9.859999656677246, 9.960000038146973, 10.399999618530273, 10.069999694824219]
assets:[0, 99.99956088209152, 198.42950271720886, 298.82469567127225, 397.63524709205626, 494.4574141960144, 597.943, 714.6851134356499, 735.4300196247101, 904.628, 1007.3419601815224, 1094.2855678346634, 1211.9715085530281, 1344.4990740699768, 1505.6723065911292, 1535.964868442917, 1676.2275466041563, 1842.832834620476, 1949.5403198029517, 2090.1927164873123, 2114.084599328041, 2188.7549825205806, 2362.2581997341154, 2551.80285, 2793.81591300993, 2824.7753964042663, 2784.0138749999996, 3044.8683723928452, 3185.80830284729, 3135.234873545837, 3175.204293970108, 3382.2651692504883, 3220.9741249999997, 3326.9673034080506, 3417.699911164856, 3263.1229422473907, 3153.022774665737, 3375.075468687821, 3579.891937711048, 3586.4410694784165, 3649.4679850168227, 3616.414225, 3677.3180516901016, 4002.3785097238538, 4135.353744886494, 4324.058999999999, 4488.919546291923, 4531.4259690181725, 4559.067627254391, 4705.306206021404, 5013.171096117973, 4954.099483863831]
shares:[0, 9.8135, 19.7836, 29.7338, 39.7238, 49.7943, 59.7943, 69.5219, 80.4628, 90.4628, 100.4329, 110.5339, 120.4743, 130.1548, 139.4141, 149.1228, 158.5835, 167.6827, 176.7489, 185.6299, 194.8465, 204.1749, 213.2002, 221.8959, 230.1331, 238.579, 247.4679, 255.8713, 264.1632, 272.8664, 281.7395, 290.3232, 299.6255, 308.9106, 318.2216, 328.282, 339.0347, 349.3867, 359.4269, 369.7362, 380.1529, 390.9637, 401.8927, 412.1914, 422.4059, 432.4059, 442.2581, 452.2381, 462.3801, 472.4203, 482.0357, 491.9662]
growth_rate:-2.86
