ticker:FELE
price:[59.790000915527344, 58.65999984741211, 60.22999954223633, 56.779998779296875, 59.349998474121094, 62.63999938964844, 63.779998779296875, 63.2400016784668, 59.72999954223633, 62.939998626708984, 66.01000213623047, 67.2300033569336, 68.2300033569336, 70.2300033569336, 71.26000213623047, 69.18000030517578, 69.97000122070312, 69.20999908447266, 72.68000030517578, 71.61000061035156, 73.25, 69.41999816894531, 73.0999984741211, 74.80999755859375, 73.62000274658203, 75.05999755859375, 77.16000366210938, 79.69999694824219, 78.91000366210938, 79.66000366210938, 80.2300033569336, 80.98999786376953, 81.41999816894531, 82.38999938964844, 81.2699966430664, 86.91000366210938, 86.9800033569336, 81.36000061035156, 83.88999938964844, 83.04000091552734, 80.86000061035156, 76.76000213623047, 79.29000091552734, 80.3499984741211, 81.16000366210938, 80.11000061035156, 82.0199966430664, 81.76000213623047, 82.73999786376953, 82.94999694824219, 82.66000366210938, 85.26000213623047]
assets:[0, 99.99770173988342, 202.67394845962525, 291.0656297424316, 404.23877460708616, 526.6457948684692, 636.2309998229981, 730.8457273975372, 790.2816509433746, 932.751897648239, 1078.2469808944702, 1198.1731198272705, 1315.9930127471926, 1454.5687145271302, 1575.9006952423094, 1629.9015611900331, 1748.5153455047607, 1829.524799798584, 2021.25261248703, 2091.498965826416, 2239.399, 2222.307691383362, 2440.114499065399, 2597.193647241211, 2655.87840908432, 2807.829376672363, 2986.385349737549, 3184.6923280563356, 3253.1280289733886, 3384.0445815704343, 3508.2574717903135, 3641.4884819503786, 3760.8222834228513, 3905.6237700668335, 3952.533778736877, 4326.831914318848, 4430.317772985077, 4244.063071838379, 4476.034807434082, 4530.679057951355, 4511.737368055725, 4382.973093978118, 4627.435814431, 4789.301834049224, 4937.579838793946, 4973.701486894226, 5192.284089488983, 5275.825769847107, 5439.062691571045, 5552.863580708313, 5633.452835580445, 5910.649648094178]
shares:[0, 1.7047, 3.365, 5.1262, 6.8111, 8.4075, 9.9754, 11.5567, 13.2309, 14.8197, 16.3346, 17.822, 19.2876, 20.7115, 22.1148, 23.5603, 24.9895, 26.4344, 27.8103, 29.2068, 30.572, 32.0125, 33.3805, 34.7172, 36.0755, 37.4078, 38.7038, 39.9585, 41.2258, 42.4811, 43.7275, 44.9622, 46.1904, 47.4041, 48.6346, 49.7852, 50.9349, 52.164, 53.356, 54.5602, 55.7969, 57.0997, 58.3609, 59.6055, 60.8376, 62.0859, 63.3051, 64.5282, 65.7368, 66.9423, 68.1521, 69.325]
growth_rate:15.9
