ticker:FEM
price:[22.989999771118164, 22.479999542236328, 22.920000076293945, 21.209999084472656, 21.579999923706055, 22.260000228881836, 21.969999313354492, 22.100000381469727, 21.1299991607666, 22.959999084472656, 23.06999969482422, 23.549999237060547, 24.049999237060547, 23.889999389648438, 23.489999771118164, 24.649999618530273, 24.649999618530273, 25.280000686645508, 26.809999465942383, 26.270000457763672, 27.010000228881836, 25.18000030517578, 26.299999237060547, 27.239999771118164, 27.790000915527344, 25.899999618530273, 25.8799991607666, 26.40999984741211, 26.8700008392334, 26.139999389648438, 26.75, 27.049999237060547, 27.3799991607666, 27.6200008392334, 27.59000015258789, 28.719999313354492, 27.65999984741211, 27.610000610351562, 28.260000228881836, 28.809999465942383, 28.780000686645508, 27.579999923706055, 28.239999771118164, 27.989999771118164, 27.719999313354492, 27.489999771118164, 27.049999237060547, 26.889999389648438, 27.18000030517578, 27.450000762939453, 26.1299991607666, 27.579999923706055]
assets:[0, 100.00002996368409, 201.95728867225648, 286.890689616394, 391.89495661449433, 504.2446551847458, 597.6762553203583, 701.213122103691, 770.4356904001236, 937.1605786308289, 1041.6497052207947, 1163.322862312317, 1288.0217591400146, 1379.453955757141, 1456.356495809555, 1628.2754448017122, 1728.2755632541657, 1872.4466748586653, 2085.772381451225, 2143.7607603557585, 2304.1474915252684, 2248.0351752456663, 2448.027598984909, 2635.5244578552247, 2788.737707873535, 2699.0752202465055, 2796.991261299515, 2954.270120931244, 3105.7260550014494, 3121.3511871185306, 3294.190275, 3431.1355132255553, 3572.994060482979, 3704.3144145555493, 3800.2907650177003, 4055.938823029518, 4006.241185899353, 4099.000017613221, 4295.500252789879, 4479.099259969902, 4574.434331138801, 4483.6998935968395, 4690.997193980026, 4749.4691161623, 4803.654121009827, 4863.7974125040055, 4885.949392192841, 4957.050382484435, 5110.511403380585, 5261.27851123085, 5108.276346934318, 5491.743374808311]
shares:[0, 4.4484, 8.8114, 13.5262, 18.1601, 22.6525, 27.2042, 31.7291, 36.4617, 40.8171, 45.1517, 49.398, 53.556, 57.7419, 61.999, 66.0558, 70.1126, 74.0683, 77.7983, 81.6049, 85.3072, 89.2786, 93.0809, 96.752, 100.3504, 104.2114, 108.0754, 111.8618, 115.5834, 119.409, 123.1473, 126.8442, 130.4965, 134.1171, 137.7416, 141.2235, 144.8388, 148.4607, 151.9993, 155.4703, 158.9449, 162.5707, 166.1118, 169.6845, 173.292, 176.9297, 180.6266, 184.3455, 188.0247, 191.6677, 195.4947, 199.1205]
growth_rate:7.68
