ticker:FEMB
price:[35.474998474121094, 35.23500061035156, 35.652000427246094, 34.20000076293945, 34.36000061035156, 34.880001068115234, 34.58000183105469, 34.81999969482422, 34.369998931884766, 35.81999969482422, 35.810001373291016, 36.58000183105469, 36.689998626708984, 37.36000061035156, 37.7599983215332, 38.58000183105469, 38.12300109863281, 38.060001373291016, 37.56999969482422, 37.65999984741211, 37.16999816894531, 37.130001068115234, 37.50899887084961, 37.849998474121094, 37.369998931884766, 35.54999923706055, 34.9900016784668, 35.57500076293945, 35.84000015258789, 34.56999969482422, 34.5099983215332, 34.869998931884766, 35.31999969482422, 35.05799865722656, 34.82500076293945, 35.790000915527344, 35.47999954223633, 35.20000076293945, 35.560001373291016, 36.029998779296875, 35.95000076293945, 34.709999084472656, 34.9900016784668, 34.849998474121094, 34.56999969482422, 34.5, 34.15999984741211, 34.3120002746582, 33.77000045776367, 34.029998779296875, 33.439998626708984, 33.9900016784668]
assets:[0, 100.00045523223876, 201.1842384109497, 292.9914065361023, 394.363471005249, 500.3326873214722, 596.0278275604248, 700.1640358634949, 791.1148874145508, 924.4891181236267, 1024.230497278595, 1146.2526473770142, 1249.6980432243347, 1372.5204944229124, 1487.2152938919069, 1619.5113168640137, 1700.327784300232, 1797.5167748584747, 1874.3747987747192, 1978.8635219821929, 2053.1145848602296, 2150.9038318748476, 2272.857786579132, 2393.520353507996, 2463.1650025974272, 2443.2021375663758, 2504.717282151031, 2646.595066758728, 2766.3104117774965, 2768.286064562225, 2863.480914728546, 2993.35229230957, 3131.98331293869, 3208.7499373001097, 3287.4243520202635, 3478.519663982391, 3548.3902342185975, 3620.3869584697723, 3757.411985107422, 3907.0750526275633, 3998.3986298549653, 3960.483786536407, 4092.4340953136443, 4176.057892154693, 4242.506416548157, 4333.9176, 4391.206492385101, 4510.744767307282, 4539.491787534333, 4674.442304321289, 4693.397439254761, 4870.590492515565]
shares:[0, 2.8381, 5.643, 8.567, 11.4774, 14.3444, 17.2362, 20.1081, 23.0176, 25.8093, 28.6018, 31.3355, 34.061, 36.7377, 39.386, 41.978, 44.6011, 47.2285, 49.8902, 52.5455, 55.2358, 57.929, 60.595, 63.237, 65.9129, 68.7258, 71.5838, 74.3948, 77.185, 80.0777, 82.9754, 85.8432, 88.6745, 91.5269, 94.3984, 97.1925, 100.011, 102.8519, 105.664, 108.4395, 111.2211, 114.1021, 116.9601, 119.8295, 122.7222, 125.6208, 128.5482, 131.4626, 134.4238, 137.3624, 140.3528, 143.2948]
growth_rate:-4.5
