ticker:FEMS
price:[34.84000015258789, 34.33000183105469, 35.04999923706055, 32.900001525878906, 33.77000045776367, 34.81999969482422, 34.130001068115234, 34.439998626708984, 32.470001220703125, 34.95000076293945, 35.959999084472656, 37.0099983215332, 38.099998474121094, 39.13999938964844, 39.31999969482422, 40.459999084472656, 39.900001525878906, 41.09000015258789, 42.43000030517578, 42.150001525878906, 42.58000183105469, 40.95000076293945, 43.189998626708984, 44.15999984741211, 44.95000076293945, 43.31999969482422, 43.709999084472656, 44.0, 44.72999954223633, 43.09000015258789, 43.849998474121094, 44.04999923706055, 44.529998779296875, 45.18000030517578, 45.61000061035156, 46.220001220703125, 43.599998474121094, 44.369998931884766, 46.31999969482422, 47.599998474121094, 47.029998779296875, 46.369998931884766, 46.560001373291016, 46.86000061035156, 46.31999969482422, 46.11000061035156, 45.22999954223633, 44.22999954223633, 44.18000030517578, 44.25, 42.54999923706055, 44.540000915527344]
assets:[0, 99.9998623336792, 202.0982956008911, 289.7009634361267, 397.3614643863678, 509.7160475326538, 599.6163367652894, 705.0625398857117, 764.73346875, 923.1413601516723, 1049.819809272003, 1180.4746074634552, 1315.2424273254394, 1451.1428753707885, 1557.815135909271, 1702.9815914649962, 1779.4123880493164, 1932.4832521762849, 2095.503154071808, 2181.675648979187, 2303.931513075256, 2315.734828144455, 2542.409502160263, 2699.5096226722717, 2847.802803335953, 2844.5341359611516, 2970.14251878891, 3089.8471999999997, 3241.108928830719, 3222.274520410538, 3379.1071924148555, 3494.5172744754786, 3632.5969924194337, 3785.623189570618, 3921.652755479431, 4074.1036055999753, 3943.1620620002745, 4112.801621992874, 4393.553875053405, 4614.962652061463, 4659.699358053589, 4694.308574868393, 4813.545213975906, 4944.5594864028935, 4987.58007913971, 5064.96685004425, 5068.301874704743, 5056.245280669785, 5150.530943577576, 5258.6921250000005, 5156.664192538834, 5497.835099008942]
shares:[0, 2.9129, 5.766, 8.8055, 11.7667, 14.6386, 17.5686, 20.4722, 23.552, 26.4132, 29.1941, 31.8961, 34.5208, 37.0757, 39.6189, 42.0905, 44.5968, 47.0305, 49.3873, 51.7598, 54.1083, 56.5503, 58.8657, 61.1302, 63.3549, 65.6633, 67.9511, 70.2238, 72.4594, 74.7801, 77.0606, 79.3307, 81.5764, 83.7898, 85.9823, 88.1459, 90.4395, 92.6933, 94.8522, 96.953, 99.0793, 101.2359, 103.3837, 105.5177, 107.6766, 109.8453, 112.0562, 114.3171, 116.5806, 118.8405, 121.1907, 123.4359]
growth_rate:7.8
