ticker:FENC
price:[5.190000057220459, 5.420000076293945, 6.559999942779541, 5.730000019073486, 5.989999771118164, 7.590000152587891, 7.619999885559082, 7.710000038146973, 7.559999942779541, 7.46999979019165, 8.550000190734863, 7.960000038146973, 7.739999771118164, 8.050000190734863, 7.610000133514404, 7.480000019073486, 7.159999847412109, 7.449999809265137, 7.489999771118164, 7.429999828338623, 8.15999984741211, 7.199999809265137, 8.180000305175781, 8.050000190734863, 8.079999923706055, 7.320000171661377, 7.335000038146973, 7.699999809265137, 7.119999885559082, 6.21999979019165, 6.264999866485596, 6.28000020980835, 6.269999980926514, 6.860000133514404, 6.25, 6.170000076293945, 6.309999942779541, 6.78000020980835, 7.369999885559082, 7.46999979019165, 6.769999980926514, 6.53000020980835, 7.389999866485596, 7.199999809265137, 6.630000114440918, 6.579999923706055, 6.579999923706055, 6.510000228881836, 6.809999942779541, 7.130000114440918, 6.96999979019165, 8.149999618530273]
assets:[0, 100.00008540763854, 221.03329407200812, 293.06715397553444, 406.3651784725189, 614.9099343620301, 717.3406932266236, 825.8134780858993, 909.7469571142674, 998.9167579436303, 1243.3384627366067, 1257.540706026554, 1322.784536883545, 1475.7646749664307, 1495.1017202309608, 1569.5613160022735, 1602.414409850693, 1767.31651975317, 1876.8051946479798, 1961.7710886755942, 2254.51574984169, 2089.278664653015, 2473.652542285919, 2534.340505048084, 2643.784863036537, 2495.112094512892, 2600.2252395229343, 2829.6159499082564, 2716.4757563376425, 2473.101150579214, 2590.9934407829282, 2697.1972901105883, 2792.9025215039255, 3155.7118794188023, 2975.101875, 3037.0208835536955, 3205.9323979279043, 3544.7264896922115, 3953.190553615093, 4106.829592652321, 3821.9858872321133, 3786.4944106597427, 4385.174929773474, 4372.430284170151, 4126.280021224022, 4195.161859357834, 4295.16206619835, 4349.469164920807, 4649.9054159295565, 4968.402970745945, 4956.909813788939, 5896.099294026566]
shares:[0, 18.4502, 33.6941, 51.1461, 67.8406, 81.0158, 94.1392, 107.1094, 120.3369, 133.7238, 145.4197, 157.9825, 170.9024, 183.3248, 196.4654, 209.8344, 223.8009, 237.2237, 250.5748, 264.0338, 276.2887, 290.1776, 302.4025, 314.8249, 327.2011, 340.8623, 354.4956, 367.4826, 381.5275, 397.6047, 413.5664, 429.49, 445.439, 460.0163, 476.0163, 492.2238, 508.0717, 522.821, 536.3895, 549.7764, 564.5474, 579.8613, 593.3931, 607.282, 622.365, 637.5626, 652.7602, 668.1212, 682.8055, 696.8307, 711.1779, 723.4478]
growth_rate:15.61
