ticker:FEP
price:[33.959999084472656, 33.84000015258789, 34.29999923706055, 32.63999938964844, 33.72999954223633, 34.95000076293945, 34.34000015258789, 34.02000045776367, 31.59000015258789, 34.36000061035156, 35.630001068115234, 36.16999816894531, 36.88999938964844, 37.470001220703125, 37.13999938964844, 38.65999984741211, 38.45000076293945, 38.13999938964844, 39.93000030517578, 38.900001525878906, 39.400001525878906, 38.20000076293945, 39.619998931884766, 40.099998474121094, 40.09000015258789, 38.9900016784668, 39.130001068115234, 40.5099983215332, 40.68000030517578, 40.900001525878906, 41.5099983215332, 42.130001068115234, 42.849998474121094, 42.689998626708984, 42.279998779296875, 43.7400016784668, 43.61000061035156, 43.79999923706055, 44.5, 45.22999954223633, 45.36000061035156, 42.91999816894531, 43.34000015258789, 43.04999923706055, 43.15999984741211, 42.400001525878906, 43.189998626708984, 43.630001068115234, 44.04999923706055, 44.91999816894531, 43.540000915527344, 44.619998931884766]
assets:[0, 100.00058445091247, 201.36157552108764, 291.61554654693606, 401.35326455307006, 515.8690012611389, 606.866784696579, 701.2100434352874, 751.1249106281281, 916.9893882888794, 1050.8819405033112, 1166.8079709320068, 1290.035900656128, 1410.3183879455564, 1497.8970293838502, 1659.2021414512635, 1750.1902047279357, 1836.0786406173706, 2022.250872455597, 2070.0869212005614, 2196.695865073395, 2229.79134453392, 2412.6796449565886, 2541.910833275604, 2641.277543053055, 2668.8071298885343, 2778.390508840561, 2976.3749026786804, 3088.8649671722414, 3205.57033959198, 3353.3810634052275, 3503.467693822861, 3663.3406395492552, 3749.6632223773954, 3813.6516618927003, 4045.342169234848, 4133.320969848633, 4251.3286659473415, 4419.27275, 4591.767645527649, 4704.966063308716, 4551.876113807678, 4696.41776453476, 4764.993470553971, 4877.170618757248, 4891.289616026306, 5082.426278396607, 5234.203968139648, 5384.588211739731, 5590.93612809906, 5519.174056053162, 5756.073564210892]
shares:[0, 2.9551, 5.8706, 8.9343, 11.899, 14.7602, 17.6723, 20.6117, 23.7773, 26.6877, 29.4943, 32.259, 34.9698, 37.6386, 40.3311, 42.9178, 45.5186, 48.1405, 50.6449, 53.2156, 55.7537, 58.3715, 60.8955, 63.3893, 65.8837, 68.4485, 71.0041, 73.4726, 75.9308, 78.3758, 80.7849, 83.1585, 85.4922, 87.8347, 90.1999, 92.4861, 94.7792, 97.0623, 99.3095, 101.5204, 103.725, 106.0549, 108.3622, 110.6851, 113.0021, 115.3606, 117.676, 119.968, 122.2381, 124.4643, 126.761, 129.0021]
growth_rate:12.86
