ticker:FEUZ
price:[37.09000015258789, 37.59299850463867, 37.685001373291016, 35.650001525878906, 36.584999084472656, 38.02000045776367, 37.040000915527344, 36.68000030517578, 34.071998596191406, 36.946998596191406, 38.59000015258789, 39.29899978637695, 40.676998138427734, 41.275001525878906, 40.87099838256836, 42.15999984741211, 42.060001373291016, 42.2130012512207, 43.30500030517578, 42.720001220703125, 43.071998596191406, 41.8650016784668, 43.47999954223633, 43.880001068115234, 44.2599983215332, 43.09000015258789, 42.564998626708984, 44.25299835205078, 44.191001892089844, 44.38999938964844, 45.28099822998047, 45.53499984741211, 46.34600067138672, 46.178001403808594, 45.90800094604492, 47.36000061035156, 47.630001068115234, 47.38999938964844, 48.428001403808594, 48.900001525878906, 49.08000183105469, 46.78799819946289, 46.89500045776367, 46.64699935913086, 45.56100082397461, 46.13800048828125, 46.404998779296875, 46.595001220703125, 47.69499969482422, 48.70399856567383, 47.4370002746582, 48.46500015258789]
assets:[0, 100.00113532218933, 200.24679179725646, 289.4316673881531, 397.0240685646057, 512.5970521717072, 599.384998815155, 693.5601177703858, 744.2482941360473, 907.0488155364991, 1047.3827711414338, 1166.6261777584075, 1307.5336312610627, 1426.7571052452088, 1512.7909599327088, 1660.501105990219, 1756.5644553531647, 1862.9526138191222, 2011.1448411727906, 2083.9756435485842, 2201.147109059906, 2239.463602285385, 2425.853526460266, 2548.16870602684, 2670.236680736923, 2699.648835559845, 2766.7547062351223, 2976.4743703582767, 3072.30428184433, 3186.141035191345, 3350.0920135459896, 3468.8836093757627, 3630.6669043952943, 3717.504589411926, 3795.769925020981, 4015.824947753906, 4138.7184458118445, 4217.861593676758, 4410.246074642181, 4553.230732079315, 4669.991622225952, 4551.906090029525, 4662.315014011001, 4737.660507610703, 4727.363884494782, 4887.232294921875, 5015.51259456482, 5136.050497055054, 5357.302684721375, 5570.636725545502, 5525.722695493698, 5745.467610089111]
shares:[0, 2.6601, 5.3137, 8.1187, 10.8521, 13.4823, 16.1821, 18.9084, 21.8434, 24.55, 27.1413, 29.6859, 32.1443, 34.5671, 37.0138, 39.3857, 41.7633, 44.1322, 46.4414, 48.7822, 51.1039, 53.4925, 55.7924, 58.0713, 60.3307, 62.6514, 65.0007, 67.2604, 69.5233, 71.7761, 73.9845, 76.1806, 78.3383, 80.5038, 82.6821, 84.7936, 86.8931, 89.0032, 91.0681, 93.1131, 95.1506, 97.2879, 99.4203, 101.5641, 103.759, 105.9264, 108.0813, 110.2275, 112.3242, 114.3774, 116.4855, 118.5488]
growth_rate:12.66
