ticker:FEX
price:[64.12999725341797, 62.72999954223633, 63.2599983215332, 62.099998474121094, 63.70000076293945, 66.38999938964844, 66.68000030517578, 66.68000030517578, 62.91999816894531, 67.55999755859375, 68.76000213623047, 69.31999969482422, 71.19000244140625, 72.51000213623047, 72.20999908447266, 73.68000030517578, 73.41999816894531, 73.43000030517578, 76.01000213623047, 76.1500015258789, 76.76000213623047, 73.87000274658203, 77.6500015258789, 79.76000213623047, 79.43000030517578, 77.1500015258789, 77.33999633789062, 80.19000244140625, 79.56999969482422, 80.05999755859375, 81.02999877929688, 82.45999908447266, 83.69999694824219, 83.91000366210938, 83.81999969482422, 85.01000213623047, 83.9800033569336, 83.91999816894531, 85.13999938964844, 85.86000061035156, 86.0, 83.16000366210938, 85.66999816894531, 86.33999633789062, 86.2300033569336, 84.73999786376953, 86.66000366210938, 86.8499984741211, 88.08000183105469, 88.9800033569336, 87.94999694824219, 89.79000091552734]
assets:[0, 99.99789227027894, 200.84416867103576, 297.16091269836426, 404.81987484855654, 521.9183412017823, 624.198150856781, 724.1981473144531, 783.3602692031861, 941.1310339904786, 1057.8451288650513, 1166.461498864746, 1297.9290055114745, 1421.9936518936158, 1516.106698777771, 1646.9690468215942, 1741.155256576538, 1841.389431652832, 2006.086380380249, 2109.7814822753908, 2226.684845968628, 2242.848410391998, 2457.6147832939146, 2624.3991822898865, 2713.5432714256285, 2735.6541891059874, 2842.391811410522, 3047.1318837707518, 3123.576037020111, 3242.8141891113282, 3382.1030160491946, 3541.788896676636, 3695.0451752761837, 3804.3201370330808, 3900.2367877998354, 4055.6061759140016, 4106.471000148011, 4203.535924282836, 4364.642470710754, 4501.5539720001225, 4608.8948, 4556.69418866272, 4794.23016953125, 4931.723322821044, 5025.441480640411, 5038.6063769805905, 5252.766131973267, 5364.281470754242, 5540.249731173706, 5696.8557349243165, 5730.90975114441, 5950.8053736762995]
shares:[0, 1.5941, 3.1749, 4.7852, 6.3551, 7.8614, 9.3611, 10.8608, 12.4501, 13.9303, 15.3846, 16.8272, 18.2319, 19.611, 20.9958, 22.353, 23.715, 25.0768, 26.3924, 27.7056, 29.0084, 30.3621, 31.6499, 32.9037, 34.1627, 35.4589, 36.7519, 37.9989, 39.2557, 40.5048, 41.7389, 42.9516, 44.1463, 45.3381, 46.5311, 47.7074, 48.8982, 50.0898, 51.2643, 52.429, 53.5918, 54.7943, 55.9616, 57.1198, 58.2795, 59.4596, 60.6135, 61.7649, 62.9002, 64.024, 65.161, 66.2747]
growth_rate:16.68
