ticker:FEYE
price:[13.34000015258789, 12.489999771118164, 12.600000381469727, 12.680000305175781, 12.380000114440918, 13.579999923706055, 14.109999656677246, 14.239999771118164, 13.84000015258789, 14.859999656677246, 14.569999694824219, 15.149999618530273, 15.359999656677246, 15.390000343322754, 13.829999923706055, 19.229999542236328, 22.3700008392334, 23.059999465942383, 22.700000762939453, 22.190000534057617, 22.639999389648438, 21.0, 21.299999237060547, 21.459999084472656, 20.809999465942383, 19.31999969482422, 18.979999542236328, 20.649999618530273, 19.709999084472656, 19.670000076293945, 19.940000534057617, 19.6200008392334, 20.459999084472656, 20.280000686645508, 19.875, 19.309999465942383, 20.549999237060547, 21.610000610351562, 22.3700008392334, 18.920000076293945, 21.5, 20.600000381469727, 20.829999923706055, 20.34000015258789, 21.34000015258789, 19.760000228881836, 20.459999084472656, 20.200000762939453, 16.68000030517578, 18.06999969482422, 17.010000228881836, 18.549999237060547]
assets:[0, 99.99993416748046, 200.8805460817337, 302.15553127212524, 395.0061876514435, 533.294745003891, 654.1085420843124, 760.135459782219, 838.7828972476959, 1000.6010488822938, 1081.0735793563842, 1224.1093641775133, 1341.0769620245935, 1443.6959182062149, 1397.3569152914047, 2042.9624603679656, 2476.5514749103545, 2652.939944559288, 2711.524171133423, 2750.6036772001266, 2906.3850176467895, 2795.8518, 2935.7916748435973, 3057.8438535461423, 3065.2255193355563, 2945.7551294692994, 2993.9146177921293, 3357.3409529794694, 3304.5134035057067, 3397.807615179062, 3544.446758931732, 3587.564241455841, 3841.1602281188966, 3907.3680122966766, 3929.3352000000004, 3917.6339326498032, 4269.206856501389, 4589.4195576232905, 4850.82506898365, 4202.709076947212, 4875.80655, 4771.70374836216, 4924.980608961297, 4909.126158827591, 5250.4786995426175, 4961.736057472229, 5237.506061636353, 5270.949819079971, 4452.447525461578, 4923.484027849579, 4734.66892570839, 5263.321133525848]
shares:[0, 8.0064, 15.9429, 23.8293, 31.9068, 39.2706, 46.3578, 53.3803, 60.6057, 67.3352, 74.1986, 80.7993, 87.3097, 93.8074, 101.0381, 106.2383, 110.7086, 115.0451, 119.4504, 123.9569, 128.3739, 133.1358, 137.8306, 142.4904, 147.2958, 152.4718, 157.7405, 162.5831, 167.6567, 172.7406, 177.7556, 182.8524, 187.74, 192.671, 197.7024, 202.8811, 207.7473, 212.3748, 216.8451, 222.1305, 226.7817, 231.6361, 236.4369, 241.3533, 246.0393, 251.1, 255.9876, 260.9381, 266.9333, 272.4673, 278.3462, 283.737]
growth_rate:3.2
