ticker:FFBC
price:[14.09000015258789, 12.960000038146973, 12.779999732971191, 11.699999809265137, 12.34000015258789, 13.6899995803833, 13.539999961853027, 14.5, 14.300000190734863, 14.010000228881836, 16.450000762939453, 16.770000457763672, 16.989999771118164, 17.100000381469727, 17.40999984741211, 17.059999465942383, 17.399999618530273, 17.530000686645508, 19.739999771118164, 20.329999923706055, 20.780000686645508, 18.31999969482422, 20.649999618530273, 21.520000457763672, 21.969999313354492, 22.43000030517578, 24.059999465942383, 26.399999618530273, 25.15999984741211, 24.889999389648438, 23.940000534057617, 24.68000030517578, 24.530000686645508, 24.969999313354492, 24.510000228881836, 25.309999465942383, 25.6299991607666, 26.020000457763672, 25.469999313354492, 25.6200008392334, 25.31999969482422, 23.59000015258789, 24.899999618530273, 23.219999313354492, 23.190000534057617, 22.34000015258789, 22.350000381469727, 22.5, 23.309999465942383, 23.489999771118164, 23.3799991607666, 24.059999465942383]
assets:[0, 99.99936029434204, 198.61014185018539, 281.82608540563587, 397.24188091201785, 540.7002234268189, 634.7755082116128, 779.78245, 869.0267415911674, 951.4037045431137, 1217.1010114482879, 1340.7766295986175, 1458.3655133535383, 1567.8084049749375, 1696.2301701335907, 1762.130756837082, 1897.248978405571, 2011.4238327869416, 2365.0039705781937, 2535.689735484123, 2691.8163529472354, 2473.1504948020934, 2887.6938816553115, 3109.3538501407625, 3274.373545663452, 3442.9310278434755, 3793.131095804214, 4262.039698415184, 4161.853954759598, 4217.192244586182, 4156.230674717903, 4384.703150218201, 4458.052888790131, 4638.017564459991, 4652.576479447174, 4904.435022513198, 5066.443403103447, 5243.537482248306, 5232.701837931632, 5363.518993692588, 5400.712890906525, 5131.707299193573, 5516.682065484048, 5244.4713669141765, 5337.69575992527, 5242.049759804535, 5344.396906218147, 5480.26425, 5777.553530629922, 5922.167198295593, 5994.435392827606, 6268.78233485241]
shares:[0, 7.716, 15.5407, 24.0877, 32.1914, 39.496, 46.8815, 53.7781, 60.7711, 67.9089, 73.9879, 79.9509, 85.8367, 91.6847, 97.4285, 103.2902, 109.0373, 114.7418, 119.8077, 124.7265, 129.5388, 134.9973, 139.8399, 144.4867, 149.0384, 153.4967, 157.653, 161.4409, 165.4155, 169.4332, 173.6103, 177.6622, 181.7388, 185.7436, 189.8236, 193.7746, 197.6763, 201.5195, 205.4457, 209.3489, 213.2983, 217.5374, 221.5535, 225.8601, 230.1723, 234.6486, 239.1229, 243.5673, 247.8573, 252.1144, 256.3916, 260.5479]
growth_rate:22.92
