ticker:FFBW
price:[8.175000190734863, 9.199999809265137, 9.140000343322754, 9.25, 9.5600004196167, 9.489999771118164, 9.260000228881836, 9.069999694824219, 9.199999809265137, 9.25, 9.600000381469727, 9.569999694824219, 10.130000114440918, 9.946999549865723, 9.770000457763672, 9.770000457763672, 9.920000076293945, 10.020000457763672, 10.329999923706055, 10.5, 10.420000076293945, 10.279999732971191, 10.420000076293945, 10.569999694824219, 10.75, 11.369999885559082, 11.199999809265137, 11.3100004196167, 11.34000015258789, 11.25, 11.25, 11.25, 11.170000076293945, 11.220000267028809, 11.199999809265137, 11.170000076293945, 11.300000190734863, 11.359999656677246, 11.279999732971191, 11.289999961853027, 11.260000228881836, 11.300000190734863, 11.399999618530273, 11.40999984741211, 11.619999885559082, 11.510000228881836, 11.449999809265137, 11.406000137329102, 11.649999618530273, 11.75, 11.350000381469727, 11.510000228881836]
assets:[0, 100.00031792678833, 199.34797748804093, 301.747025, 411.8601140777588, 508.84429772758483, 596.511620744133, 684.2725219764709, 794.0805035370827, 898.3960750000001, 1032.3898010234832, 1129.16330699234, 1295.2380226325988, 1371.839448219776, 1447.4284988178251, 1547.4283615032198, 1671.1857088529587, 1788.0320076862336, 1943.3498296470643, 2075.3313, 2159.5189658117292, 2230.5039700613975, 2360.880257286072, 2494.8655669685363, 2637.35125, 2889.459207917118, 2946.2573898255346, 3075.1936380939483, 3183.3501008342746, 3258.0854999999997, 3358.085625, 3458.08575, 3533.4954841346744, 3649.312940851307, 3742.808096260357, 3832.783349178886, 3977.391017135143, 4098.509524134541, 4169.6462612929345, 4273.342886561108, 4361.987842666053, 4477.483825576305, 4617.107005501175, 4721.156712863159, 4908.049741662502, 4961.588174663544, 5035.723656114578, 5116.372372601509, 5325.822955610275, 5471.5379, 5385.273270997239, 5561.1889755868915]
shares:[0, 10.8696, 21.8105, 32.6213, 43.0816, 53.619, 64.4181, 75.4435, 86.3131, 97.1239, 107.5406, 117.9899, 127.8616, 137.9149, 148.1503, 158.3857, 168.4663, 178.4463, 188.1268, 197.6506, 207.2475, 216.9751, 226.572, 236.0327, 245.335, 254.1301, 263.0587, 271.9004, 280.7187, 289.6076, 298.4965, 307.3854, 316.338, 325.2507, 334.1793, 343.1319, 351.9815, 360.7843, 369.6495, 378.5069, 387.3879, 396.2375, 405.0094, 413.7736, 422.3795, 431.0676, 439.8012, 448.5685, 457.1522, 465.6628, 474.4734, 483.1615]
growth_rate:9.04
