ticker:FFHL
price:[4.099999904632568, 3.509999990463257, 3.549999952316284, 3.690000057220459, 3.7300000190734863, 4.190000057220459, 4.260000228881836, 4.610000133514404, 4.46999979019165, 5.050000190734863, 5.179999828338623, 5.329999923706055, 5.679999828338623, 5.679999828338623, 7.289999961853027, 10.680000305175781, 10.239999771118164, 11.8100004196167, 11.670000076293945, 10.1899995803833, 9.220000267028809, 10.069999694824219, 10.979999542236328, 11.699999809265137, 12.40999984741211, 10.199999809265137, 9.569999694824219, 11.069999694824219, 11.5, 8.640000343322754, 11.180000305175781, 10.600000381469727, 10.079999923706055, 8.880000114440918, 8.210000038146973, 9.970000267028809, 7.809999942779541, 7.519999980926514, 8.25, 8.319999694824219, 9.4399995803833, 8.699999809265137, 11.949999809265137, 11.8100004196167, 11.520000457763672, 9.75, 10.640000343322754, 10.699999809265137, 10.239999771118164, 10.1899995803833, 8.779999732971191, 9.140000343322754]
assets:[0, 99.99989972829817, 201.13944729828833, 309.0718217927456, 412.4223721089363, 563.2839146924496, 672.6945061426163, 827.9629389793872, 902.8188206243992, 1119.9632873002051, 1248.7938406158923, 1384.9557081756593, 1575.9000483730317, 1675.89985335083, 2250.9347462213514, 3397.6658770866397, 3357.686708949852, 3972.488506145, 4025.3973113164902, 3614.8921611413957, 3370.7859976243976, 3781.5416703987125, 4223.270163928985, 4600.205925006867, 4979.36351877594, 4192.62730159998, 4033.6706553710937, 4765.907190614319, 5051.03345, 3894.863770767975, 5139.881042301178, 4973.232918975258, 4829.262443448067, 4354.350680116653, 4125.813190170193, 5110.275180869675, 4103.134202938128, 4050.7773337257386, 4544.0043000000005, 4682.559060244751, 5412.903311391449, 5088.587258440112, 7089.496321844005, 7106.43981949625, 7031.938455424118, 6051.510075, 6703.904584316063, 6841.70827804184, 6647.578475415039, 6715.119032476329, 5885.941488989067, 6227.2787439131735]
shares:[0, 28.49, 56.659, 83.7593, 110.569, 134.4353, 157.9095, 179.6015, 201.9729, 221.7749, 241.0799, 259.8416, 277.4472, 295.0528, 308.7702, 318.1335, 327.8991, 336.3665, 344.9355, 354.749, 365.595, 375.5255, 384.633, 393.18, 401.238, 411.0419, 421.4912, 430.5246, 439.2203, 450.7944, 459.7389, 469.1729, 479.0935, 490.3548, 502.5351, 512.5652, 525.3693, 538.6672, 550.7884, 562.8076, 573.4008, 584.8951, 593.2633, 601.7307, 610.4113, 620.6677, 630.0662, 639.412, 649.1776, 658.9911, 670.3806, 681.3215]
growth_rate:22.1
