ticker:FFIC
price:[12.609999656677246, 11.5, 11.510000228881836, 10.319999694824219, 11.130000114440918, 11.619999885559082, 11.699999809265137, 12.369999885559082, 12.789999961853027, 11.979999542236328, 13.180000305175781, 14.210000038146973, 14.859999656677246, 15.579999923706055, 16.09000015258789, 15.920000076293945, 16.420000076293945, 16.639999389648438, 18.329999923706055, 19.06999969482422, 18.84000015258789, 18.280000686645508, 19.6200008392334, 19.950000762939453, 20.280000686645508, 20.75, 22.649999618530273, 24.270000457763672, 24.479999542236328, 22.190000534057617, 20.969999313354492, 21.6299991607666, 21.979999542236328, 22.860000610351562, 23.270000457763672, 24.350000381469727, 23.860000610351562, 23.56999969482422, 23.3700008392334, 23.299999237060547, 22.350000381469727, 20.950000762939453, 21.889999389648438, 21.1200008392334, 20.829999923706055, 21.290000915527344, 21.8700008392334, 22.049999237060547, 23.18000030517578, 22.81999969482422, 22.690000534057617, 23.299999237060547]
assets:[0, 100.00055, 200.08754197883607, 279.40057573776244, 401.3299961265564, 518.9991608885765, 622.5721998507499, 758.2240909852982, 883.9680573635102, 927.9851405410767, 1120.9392559547425, 1308.5392215127945, 1468.395324074459, 1639.5425959712982, 1793.2112090057374, 1874.2647929821014, 2033.1293354467393, 2160.369456758118, 2479.781371678543, 2679.8918011138917, 2747.570986252975, 2765.903031894684, 3068.654459259796, 3220.2672781513215, 3373.5355262220382, 3551.7194, 3976.936763020706, 4361.379757261276, 4499.117915868759, 4178.243960559846, 4048.5246864343644, 4275.94585109539, 4445.136197423935, 4723.104726104737, 4907.815294545746, 5235.595852021408, 5230.2385917922975, 5266.669291809082, 5321.980181116104, 5406.037862983703, 5285.620875214958, 5054.531264071656, 5381.321432954407, 5292.028050286293, 5319.363329516792, 5536.833055098724, 5787.672648094558, 5935.306339635848, 6339.475103462219, 6341.01841720047, 6404.8947777528765, 6677.083111364365]
shares:[0, 8.6957, 17.3838, 27.0737, 36.0584, 44.6643, 53.2113, 61.2954, 69.114, 77.4612, 85.0485, 92.0858, 98.8153, 105.2338, 111.4488, 117.7302, 123.8203, 129.8299, 135.2854, 140.5292, 145.8371, 151.3076, 156.4044, 161.4169, 166.3479, 171.1672, 175.5822, 179.7025, 183.7875, 188.294, 193.0627, 197.6859, 202.2355, 206.61, 210.9074, 215.0142, 219.2053, 223.448, 227.727, 232.0188, 236.4931, 241.2664, 245.8347, 250.5695, 255.3703, 260.0673, 264.6398, 269.1749, 273.489, 277.8711, 282.2783, 286.5701]
growth_rate:30.92
