ticker:FFIE
price:[9.739999771118164, 9.729999542236328, 9.770000457763672, 9.75, 9.75, 9.739999771118164, 9.729999542236328, 9.699999809265137, 9.65999984741211, 9.687999725341797, 9.720000267028809, 9.729999542236328, 9.8100004196167, 9.829999923706055, 9.960000038146973, 10.0, 10.0, 10.0, 10.100000381469727, 11.859999656677246, 11.149999618530273, 18.450000762939453, 16.6299991607666, 11.899999618530273, 13.789999961853027, 12.65999984741211, 12.1899995803833, 12.399999618530273, 14.989999771118164, 11.920000076293945, 12.270000457763672, 11.729999542236328, 11.25, 11.069999694824219, 10.829999923706055, 12.640000343322754, 14.020000457763672, 13.720000267028809, 12.550000190734863, 15.960000038146973, 14.859999656677246, 15.039999961853027, 13.260000228881836, 14.819999694824219, 12.079999923706055, 11.880000114440918, 10.949999809265137, 9.220000267028809, 9.510000228881836, 9.5]
assets:[0, 100.00007029533386, 200.4110423900604, 300.000675, 400.000575, 499.58991226005554, 599.0770448154449, 697.2301662900925, 794.3553114524841, 896.6573137794494, 999.6194074616432, 1100.6478182182311, 1209.6976387440682, 1312.163437815857, 1429.5169734750748, 1535.258, 1635.258, 1735.258, 1852.6107499717712, 2275.4417441306114, 2239.222088390541, 3805.2609973541257, 3529.890273863983, 2625.8991358234407, 3142.9533573057174, 2985.4090020175936, 2974.575660606098, 3125.8191838382722, 3878.71190777607, 3184.339812381363, 3377.8403280189514, 3329.1814910785674, 3292.9492499999997, 3340.26170791626, 3367.844064274597, 4030.706509480476, 4570.76830323906, 4572.962525002385, 4282.993785092926, 5546.740009257603, 5264.4461343711855, 5428.214226232052, 4885.779684333801, 5560.576517495728, 4632.507226742363, 4655.8100608497625, 4391.33974350853, 3797.5484619842528, 4016.993664678955, 4112.76945]
shares:[0, 10.2775, 20.5129, 30.7693, 41.0257, 51.2926, 61.5701, 71.8794, 82.2314, 92.5534, 102.8415, 113.119, 123.3127, 133.4856, 143.5258, 153.5258, 163.5258, 173.5258, 183.4268, 191.8585, 200.8271, 206.2472, 212.2604, 220.6638, 227.9154, 235.8143, 244.0177, 252.0822, 258.7533, 267.1426, 275.2926, 283.8177, 292.7066, 301.74, 310.9736, 318.885, 326.0177, 333.3063, 341.2744, 347.5401, 354.2696, 360.9185, 368.46, 375.2076, 383.4857, 391.9032, 401.0356, 411.8816, 422.3968, 432.9231]
growth_rate:-16.07
