ticker:FFIN
price:[31.110000610351562, 29.18000030517578, 29.030000686645508, 27.350000381469727, 28.65999984741211, 30.90999984741211, 29.989999771118164, 30.889999389648438, 29.809999465942383, 30.600000381469727, 33.09000015258789, 33.529998779296875, 34.209999084472656, 34.9900016784668, 35.31999969482422, 35.18000030517578, 35.77000045776367, 36.16999816894531, 38.66999816894531, 39.970001220703125, 40.810001373291016, 37.880001068115234, 40.86000061035156, 42.43000030517578, 43.70000076293945, 44.65999984741211, 46.709999084472656, 50.9900016784668, 48.619998931884766, 48.68000030517578, 46.84000015258789, 46.7599983215332, 47.20000076293945, 48.189998626708984, 49.08000183105469, 49.970001220703125, 51.33000183105469, 49.959999084472656, 50.349998474121094, 51.65999984741211, 51.45000076293945, 46.59000015258789, 49.720001220703125, 49.380001068115234, 49.540000915527344, 48.060001373291016, 47.900001525878906, 48.84000015258789, 49.689998626708984, 48.939998626708984, 48.52000045776367, 48.84000015258789]
assets:[0, 99.9998610458374, 199.48545571842192, 287.9408040161133, 401.732949861145, 533.2716813674928, 617.3981272880554, 735.9264344589234, 810.1970324850082, 931.6690316144943, 1107.4825971069336, 1222.2086915039063, 1346.9947669517517, 1477.7082478855134, 1591.6463382476807, 1685.3366126197816, 1813.5998322093965, 1933.8795901000976, 2167.5462053649903, 2340.415442477417, 2489.6018907772063, 2410.8575159797665, 2700.5191603393555, 2904.2826048889165, 3091.2113239681244, 3259.1170808647157, 3508.7196722282406, 3930.2226463733673, 3847.5484774745937, 3952.2951487770083, 3902.905540714264, 3996.2403845535277, 4133.8421468193055, 4320.546611875534, 4500.341687896728, 4681.949258374023, 4909.375897128296, 4878.344110603332, 5016.425732975006, 5246.940872502137, 5325.610158972168, 4922.550328121948, 5353.258063430786, 5416.650333164978, 5534.202674275208, 5468.867706270218, 5550.661756819153, 5759.588885994339, 5959.828373287201, 5969.872322481156, 6018.639196783066, 6158.333299240112]
shares:[0, 3.427, 6.8717, 10.528, 14.0172, 17.2524, 20.5868, 23.8241, 27.1787, 30.4467, 33.4688, 36.4512, 39.3743, 42.2323, 45.0636, 47.9061, 50.7017, 53.4664, 56.0524, 58.5543, 61.0047, 63.6446, 66.092, 68.4488, 70.7371, 72.9762, 75.1171, 77.0783, 79.1351, 81.1893, 83.3242, 85.4628, 87.5814, 89.6565, 91.694, 93.6952, 95.6434, 97.645, 99.6311, 101.5668, 103.5104, 105.6568, 107.6681, 109.6932, 111.7118, 113.7925, 115.8802, 117.9277, 119.9402, 121.9835, 124.0445, 126.092]
growth_rate:20.75
