ticker:FFIV
price:[127.13999938964844, 119.98999786376953, 120.83999633789062, 119.98999786376953, 122.5, 127.55999755859375, 132.6999969482422, 128.36000061035156, 132.94000244140625, 144.3699951171875, 159.4600067138672, 161.11000061035156, 164.5500030517578, 166.07000732421875, 172.38999938964844, 175.22999572753906, 175.61000061035156, 175.94000244140625, 191.24000549316406, 195.10000610351562, 204.32000732421875, 195.9499969482422, 199.13999938964844, 210.6199951171875, 198.80999755859375, 189.97999572753906, 190.44000244140625, 196.17999267578125, 200.25, 210.44000244140625, 211.11000061035156, 210.4199981689453, 209.77000427246094, 209.63999938964844, 186.75999450683594, 184.27999877929688, 181.27000427246094, 183.89999389648438, 185.42999267578125, 188.75999450683594, 192.74000549316406, 183.50999450683594, 189.75999450683594, 187.99000549316406, 190.86000061035156, 185.6300048828125, 192.17999267578125, 206.50999450683594, 211.44000244140625, 204.3699951171875, 199.86000061035156, 205.57000732421875]
assets:[0, 99.99966421966553, 200.70314991760253, 299.2910516716003, 405.5485, 522.2944100036622, 643.342855204773, 722.3073954345704, 848.0774515747071, 1020.9990424682617, 1227.7144836914063, 1340.419094078064, 1469.036607244873, 1582.6139557983397, 1742.8456548294066, 1871.5614923675537, 1975.612506866455, 2079.3293248535156, 2360.1502797927856, 2507.795968453979, 2726.3031537292477, 2714.612877722168, 2858.814003237915, 3123.620899584961, 3048.472978564453, 3013.0827322387695, 3120.3784840026856, 3314.421740258789, 3483.1885500000003, 3760.4365796264647, 3872.41185219574, 3959.7466515426636, 4047.512232437134, 4145.002067932129, 3792.60991244812, 3842.256402548218, 3879.504377438355, 4035.7957060546873, 4169.374842315674, 4344.254645576478, 4535.846919273376, 4418.627051733398, 4669.120568838501, 4725.5611650833125, 4897.696647662354, 4863.487564929199, 5135.0878402954095, 5617.980494561768, 5852.088379571533, 5756.407904467773, 5729.386637496948, 5993.0852085266115]
shares:[0, 0.8334, 1.6609, 2.4943, 3.3106, 4.0945, 4.8481, 5.6272, 6.3794, 7.0721, 7.6992, 8.3199, 8.9276, 9.5298, 10.1099, 10.6806, 11.25, 11.8184, 12.3413, 12.8539, 13.3433, 13.8536, 14.3558, 14.8306, 15.3336, 15.86, 16.3851, 16.8948, 17.3942, 17.8694, 18.3431, 18.8183, 19.295, 19.772, 20.3074, 20.8501, 21.4018, 21.9456, 22.4849, 23.0147, 23.5335, 24.0784, 24.6054, 25.1373, 25.6612, 26.1999, 26.7202, 27.2044, 27.6773, 28.1666, 28.667, 29.1535]
growth_rate:17.51
