ticker:FFNW
price:[9.800000190734863, 9.569999694824219, 9.100000381469727, 9.180000305175781, 9.149999618530273, 9.270000457763672, 9.25, 9.989999771118164, 9.90999984741211, 10.149999618530273, 11.029999732971191, 11.270000457763672, 11.529999732971191, 11.170000076293945, 10.979999542236328, 10.760000228881836, 11.880000114440918, 11.399999618530273, 12.079999923706055, 12.640000343322754, 13.020000457763672, 12.739999771118164, 12.649999618530273, 12.760000228881836, 12.850000381469727, 13.279999732971191, 13.920000076293945, 13.699999809265137, 14.899999618530273, 14.489999771118164, 14.170000076293945, 14.039999961853027, 13.739999771118164, 13.800000190734863, 13.609999656677246, 13.979999542236328, 14.100000381469727, 14.5600004196167, 14.539999961853027, 14.8100004196167, 14.5, 14.829999923706055, 15.0, 15.119999885559082, 14.949999809265137, 15.729999542236328, 15.579999923706055, 16.100000381469727, 16.709999084472656, 16.530000686645508, 16.389999389648438, 16.31999969482422]
assets:[0, 99.9997978111267, 195.08853817806246, 296.80317986679074, 395.8335584974289, 501.024984741211, 599.9439, 747.9392948638915, 841.9496230361938, 962.3397338321686, 1145.7743122615814, 1270.7049486133574, 1400.0198405762671, 1456.3077489469529, 1531.5364521492004, 1600.8502380525588, 1867.481369989586, 1892.0271566884994, 2104.884418706131, 2302.4620145385743, 2471.6817329006194, 2518.527238753128, 2600.7349265729904, 2723.3502608499525, 2842.5588643852234, 3037.67909091959, 3284.073233999634, 3332.1701236086847, 3724.038854657173, 3721.565173214721, 3739.3780001335144, 3805.071649661541, 3823.766366303444, 3940.464474462605, 3986.2110234447478, 4194.580032651901, 4330.585287162208, 4571.866339760399, 4665.586463759422, 4852.224133479691, 4850.6589, 5061.053352963066, 5219.07, 5360.823175424766, 5400.549891098785, 5782.317944726944, 5827.178599464798, 6121.667725045395, 6453.60550841217, 6484.087823344803, 6529.170965858459, 6601.286468559265]
shares:[0, 10.4493, 21.4383, 32.3315, 43.2605, 54.048, 64.8588, 74.8688, 84.9596, 94.8118, 103.878, 112.7511, 121.4241, 130.3767, 139.4842, 148.7779, 157.1954, 165.9673, 174.2454, 182.1568, 189.8373, 197.6866, 205.5917, 213.4287, 221.2108, 228.7409, 235.9248, 243.2241, 249.9355, 256.8368, 263.894, 271.0165, 278.2945, 285.5409, 292.8884, 300.0415, 307.1337, 314.0018, 320.8794, 327.6316, 334.5282, 341.2713, 347.938, 354.5518, 361.2408, 367.5981, 374.0166, 380.2278, 386.2122, 392.2618, 398.3631, 404.4906]
growth_rate:29.44
