ticker:FFWM
price:[15.300000190734863, 14.720000267028809, 14.289999961853027, 12.600000381469727, 13.4399995803833, 14.3100004196167, 14.859999656677246, 15.770000457763672, 14.869999885559082, 14.84000015258789, 16.649999618530273, 18.049999237060547, 18.780000686645508, 19.260000228881836, 18.850000381469727, 19.959999084472656, 19.969999313354492, 20.0, 20.81999969482422, 21.350000381469727, 21.290000915527344, 20.260000228881836, 21.030000686645508, 21.600000381469727, 22.18000030517578, 22.850000381469727, 23.950000762939453, 24.850000381469727, 24.25, 23.90999984741211, 23.674999237060547, 23.0, 23.690000534057617, 23.90999984741211, 23.799999237060547, 24.31999969482422, 25.690000534057617, 25.020000457763672, 25.100000381469727, 25.06999969482422, 24.34000015258789, 21.920000076293945, 23.670000076293945, 22.739999771118164, 22.670000076293945, 22.049999237060547, 21.979999542236328, 23.56999969482422, 24.959999084472656, 24.549999237060547, 24.219999313354492, 24.579999923706055]
assets:[0, 100.00032181406021, 197.07910547389983, 273.7715482885361, 392.0232837604523, 517.3995301718712, 637.2859452762605, 776.3129665344239, 832.0077205967904, 930.3285135658265, 1143.7983637943269, 1339.9741833618164, 1494.1669026306151, 1632.3562813985823, 1697.6065293546676, 1897.5711649620057, 1998.5216452831269, 2101.524, 2287.686992467499, 2445.9222287023545, 2539.0476381858825, 2516.2089624261853, 2711.839618543625, 2885.341010956955, 3062.8184981414797, 3255.3390143463134, 3512.0520618782043, 3744.0277924741745, 3753.6284, 3801.00136774292, 3863.6438679920198, 3853.4867, 4069.0916207319265, 4206.880788152695, 4287.527022557831, 4481.20314376831, 4833.64039448433, 4807.578075959015, 4922.9509248189925, 5017.06599992752, 4970.9777031631465, 4576.738191929627, 5042.126608251953, 4944.019324237633, 5028.799970923996, 4991.266492300034, 5075.421476297379, 5542.570280236817, 5969.4333810424805, 5971.37732942772, 5991.109892149925, 6180.1592128173825]
shares:[0, 6.7935, 13.7914, 21.7279, 29.1684, 36.1565, 42.886, 49.2272, 55.9521, 62.6906, 68.6966, 74.2368, 79.5616, 84.7537, 90.0587, 95.0687, 100.0762, 105.0762, 109.8793, 114.5631, 119.2601, 124.1959, 128.951, 133.5806, 138.0892, 142.4656, 146.641, 150.6651, 154.7888, 158.9712, 163.1951, 167.5429, 171.7641, 175.9465, 180.1482, 184.26, 188.1526, 192.1494, 196.1335, 200.1223, 204.2308, 208.7928, 213.0176, 217.4151, 221.8262, 226.3613, 230.9109, 235.1536, 239.16, 243.2333, 247.3621, 251.4304]
growth_rate:21.18
