ticker:FGBI
price:[14.0, 14.100000381469727, 12.979999542236328, 11.770000457763672, 12.59000015258789, 13.699999809265137, 14.319999694824219, 14.220000267028809, 14.550000190734863, 15.149999618530273, 17.399999618530273, 16.6299991607666, 17.399999618530273, 17.5, 17.0, 17.90999984741211, 18.18000030517578, 17.770000457763672, 17.84000015258789, 16.25, 16.719999313354492, 16.0, 17.0, 16.3799991607666, 17.0, 16.559999465942383, 17.489999771118164, 19.670000076293945, 18.350000381469727, 17.68000030517578, 18.25, 18.06999969482422, 17.15999984741211, 17.5, 17.3700008392334, 17.5, 19.34000015258789, 19.549999237060547, 19.709999084472656, 20.43000030517578, 19.360000610351562, 18.59000015258789, 18.8799991607666, 19.200000762939453, 18.940000534057617, 19.260000228881836, 18.75, 19.030000686645508, 19.100000381469727, 20.010000228881836, 19.149999618530273, 19.360000610351562]
assets:[0, 100.0000227054596, 192.0572652267456, 274.1539126625061, 393.2536907661438, 527.9253826500893, 651.8163141090392, 747.2638580324173, 864.6061163340569, 1000.260544813919, 1248.8136326215745, 1293.5495177209852, 1453.442848135376, 1561.79625, 1617.1743, 1803.7411586326598, 1930.9323744132996, 1987.3861891960144, 2095.2152499206545, 2008.4772500000001, 2166.5691510248184, 2173.272, 2409.1023000000005, 2421.2406979471207, 2612.8881, 2645.259538690758, 2893.8166571302413, 3354.510011011124, 3229.398217134476, 3211.4854234336854, 3415.02395, 3481.3408432052615, 3406.021445713425, 3573.507, 3646.9619512033464, 3774.2565, 4271.092049697876, 4417.468952608108, 4553.622769484711, 4819.9662089988715, 4667.52577915039, 4581.884773608399, 4753.360748708725, 4933.925956056595, 4967.111734059335, 5151.033133213807, 5114.634375000001, 5291.0138529117585, 5410.476208059311, 5768.252750979424, 5620.341048042298, 5781.974534284974]
shares:[0, 7.0922, 14.7964, 23.2926, 31.2354, 38.5347, 45.5179, 52.5502, 59.4231, 66.0238, 71.7709, 77.7841, 83.5312, 89.2455, 95.1279, 100.7114, 106.2119, 111.8394, 117.4448, 123.5986, 129.5795, 135.8295, 141.7119, 147.8169, 153.6993, 159.7379, 165.4555, 170.5394, 175.989, 181.6451, 187.1246, 192.6586, 198.4861, 204.2004, 209.9575, 215.6718, 220.8424, 225.9575, 231.0311, 235.9259, 241.0912, 246.4704, 251.767, 256.9753, 262.2551, 267.4472, 272.7805, 278.0354, 283.271, 288.2685, 293.4904, 298.6557]
growth_rate:13.37
