ticker:FGEN
price:[43.18000030517578, 42.16999816894531, 44.5099983215332, 42.27000045776367, 41.36000061035156, 48.81999969482422, 46.119998931884766, 42.599998474121094, 38.380001068115234, 41.279998779296875, 42.09000015258789, 40.5, 40.16999816894531, 41.75, 41.0099983215332, 43.970001220703125, 40.40999984741211, 37.09000015258789, 38.400001525878906, 43.22999954223633, 47.560001373291016, 48.18000030517578, 52.2599983215332, 55.720001220703125, 52.060001373291016, 50.029998779296875, 35.65999984741211, 35.150001525878906, 34.119998931884766, 31.90999984741211, 35.68000030517578, 18.56999969482422, 19.90999984741211, 21.139999389648438, 22.31999969482422, 20.229999542236328, 21.559999465942383, 21.190000534057617, 21.25, 21.149999618530273, 26.059999465942383, 26.959999084472656, 27.670000076293945, 26.639999389648438, 26.469999313354492, 14.350000381469727, 13.270000457763672, 13.0, 13.729999542236328, 12.399999618530273, 12.109999656677246, 11.550000190734863]
assets:[0, 100.00193365783691, 205.55162324867248, 295.2052291969299, 388.85018173828126, 558.9841145057678, 628.0713694541931, 680.1345356384278, 712.7588378360749, 866.615782373047, 983.6222585659026, 1046.4633, 1137.9357081298829, 1282.6935999999998, 1359.9571603393554, 1558.1165662567137, 1531.9632992153167, 1506.0988001960754, 1659.294785934448, 1968.0024991607665, 2265.121161405182, 2394.6520111679074, 2697.436395364761, 2976.0275531982425, 2880.547553985977, 2868.2248330169678, 2144.392694824219, 2213.726006098938, 2248.8559536003113, 2203.1940294647216, 2563.4902779258728, 1434.1926454307556, 1637.68310044899, 1838.8565049087524, 2041.4987720870972, 1950.3378418678283, 2178.5603300354005, 2241.1731204849243, 2347.5193750000003, 2436.4714960548404, 3102.101550427437, 3309.234743622589, 3496.383976640511, 3466.2342165847776, 3544.1158540637966, 2021.3467937339783, 1969.2176419303894, 2029.1505000000002, 2243.0947392143253, 2125.8100546022415, 2176.0930673069956, 2175.464480925274]
shares:[0, 2.3714, 4.6181, 6.9838, 9.4016, 11.4499, 13.6182, 15.9656, 18.5711, 20.9936, 23.3695, 25.8386, 28.328, 30.7232, 33.1616, 35.4359, 37.9105, 40.6066, 43.2108, 45.524, 47.6266, 49.7022, 51.6157, 53.4104, 55.3313, 57.3301, 60.1344, 62.9794, 65.9102, 69.044, 71.8467, 77.2317, 82.2543, 86.9847, 91.465, 96.4082, 101.0464, 105.7656, 110.4715, 115.1996, 119.0369, 122.7461, 126.3601, 130.1139, 133.8918, 140.8604, 148.3962, 156.0885, 163.3718, 171.4363, 179.6939, 188.3519]
growth_rate:-57.34
