ticker:FGF
price:[4.260000228881836, 4.369999885559082, 3.9700000286102295, 3.869999885559082, 3.8399999141693115, 3.75, 3.0199999809265137, 3.049999952316284, 3.0999999046325684, 3.049999952316284, 3.0, 3.009999990463257, 3.1500000953674316, 3.1019999980926514, 3.005000114440918, 4.679999828338623, 3.6559998989105225, 4.21999979019165, 3.319999933242798, 3.3499999046325684, 3.625999927520752, 3.5899999141693115, 3.880000114440918, 4.869999885559082, 5.320000171661377, 4.519999980926514, 4.940000057220459, 5.110000133514404, 4.960000038146973, 4.619999885559082, 4.75, 5.420000076293945, 6.260000228881836, 7.480000019073486, 7.21999979019165, 7.389999866485596, 6.710000038146973, 8.100000381469727, 8.140000343322754, 8.890000343322754, 8.616999626159668, 8.6899995803833, 9.970000267028809, 8.970000267028809, 8.319999694824219, 8.199999809265137, 7.21999979019165, 7.010000228881836, 5.949999809265137, 5.579999923706055, 4.610000133514404, 5.010000228881836]
assets:[0, 100.00001838121413, 190.84663537535667, 286.0394315414429, 383.8221994209051, 474.8265, 482.3936569533348, 587.1856858199358, 696.8117785634994, 785.5729327183486, 872.6945999999999, 975.6036049089431, 1120.9804539381028, 1203.8989174597502, 1266.2529582233428, 2072.0675839970113, 1718.6921332776546, 2083.8295663969516, 1739.4110450246333, 1855.1284421884059, 2107.9688936643124, 2187.040512711644, 2463.7096686673167, 3192.336546982765, 3587.316547752571, 3147.8703667166233, 3540.371577008438, 3762.206427299166, 3751.7698208545685, 3594.591834959221, 3795.7383, 4431.137322374344, 5217.8817147792815, 6334.785088153267, 6214.591715408134, 6460.918737271213, 5966.40924091959, 7302.37228390541, 7438.4332497325895, 8223.79260759449, 8071.250571836472, 8239.627317130566, 9553.290147867967, 8695.086801844884, 8165.007252509307, 8147.242650492287, 7273.547640635586, 7161.990352844429, 6179.006971924018, 5894.766045402335, 4970.048980942106, 5501.289869326401]
shares:[0, 22.8833, 48.0722, 73.912, 99.9537, 126.6204, 159.733, 192.5199, 224.778, 257.5649, 290.8982, 324.1208, 355.8668, 388.1041, 421.382, 442.7495, 470.1018, 493.7985, 523.919, 553.7697, 581.3483, 609.2035, 634.9767, 655.5106, 674.3076, 696.4315, 716.6744, 736.2439, 756.4052, 778.0502, 799.1028, 817.553, 833.5274, 846.8964, 860.7468, 874.2786, 889.1817, 901.5274, 913.8124, 925.061, 936.666, 948.1735, 958.2036, 969.3519, 981.3711, 993.5662, 1007.4166, 1021.6819, 1038.4886, 1056.4097, 1078.1017, 1098.0618]
growth_rate:7.87
