ticker:FGFPP
price:[24.951000213623047, 24.3700008392334, 25.0, 24.75, 24.690000534057617, 24.25, 24.0, 23.600000381469727, 23.5, 23.360000610351562, 23.540000915527344, 24.639999389648438, 24.96500015258789, 23.59000015258789, 23.760000228881836, 23.350000381469727, 24.393999099731445, 23.770000457763672, 23.489999771118164, 23.760000228881836, 24.049999237060547, 24.200000762939453, 24.899999618530273, 24.899999618530273, 24.959999084472656, 25.125, 24.899999618530273, 24.985000610351562, 25.459999084472656, 25.600000381469727, 25.704999923706055, 25.388999938964844, 25.40999984741211, 25.579999923706055, 25.430999755859375, 25.5, 25.445999145507812, 24.6200008392334, 24.399999618530273, 24.43000030517578, 24.8700008392334, 25.091999053955078, 24.979999542236328, 25.124000549316406, 25.09000015258789, 25.0, 25.225000381469727, 25.149999618530273, 25.040000915527344, 25.200000762939453, 25.25200080871582, 25.315000534057617]
assets:[0, 99.99986144371032, 202.585, 300.55905, 399.82986864852904, 492.70422499999995, 587.6256000000001, 677.832130956459, 774.9594999999999, 870.3422307403565, 977.0489239997863, 1122.7043241897584, 1237.5125610637665, 1269.3543182106018, 1378.5029412792205, 1454.7166987657547, 1619.759100822258, 1678.3260453212738, 1758.5553428649903, 1878.7697460983277, 2001.700676499939, 2114.1846666526794, 2275.3395551416397, 2375.3404436096193, 2481.063844995117, 2597.4652125, 2674.2051790309906, 2783.334064993286, 2936.2482284141543, 3052.3930054841994, 3164.9126926063536, 3226.005038144684, 3328.6744060112, 3450.9440717073444, 3530.842549203491, 3640.4233499999996, 3732.714328253174, 3711.546372517204, 3778.3814209287643, 3883.0263985061642, 4052.9620697664263, 4189.139352456665, 4270.440833743286, 4395.0594988945, 4489.112863301087, 4573.01, 4714.166628790856, 4800.1490471923835, 4879.154354394531, 5010.332191689682, 5120.671429593659, 5233.446005407333]
shares:[0, 4.1034, 8.1034, 12.1438, 16.194, 20.3177, 24.4844, 28.7217, 32.977, 37.2578, 41.5059, 45.5643, 49.5699, 53.809, 58.0178, 62.3005, 66.3999, 70.6069, 74.864, 79.0728, 83.2308, 87.363, 91.3791, 95.3952, 99.4016, 103.3817, 107.3978, 111.4002, 115.3279, 119.2341, 123.1244, 127.0631, 130.9986, 134.9079, 138.8401, 142.7617, 146.6916, 150.7533, 154.8517, 158.945, 162.9659, 166.9512, 170.9544, 174.9347, 178.9204, 182.9204, 186.8847, 190.8608, 194.8544, 198.8227, 202.7828, 206.733]
growth_rate:2.62
