ticker:FGM
price:[45.470001220703125, 45.849998474121094, 46.04999923706055, 43.369998931884766, 45.04999923706055, 46.619998931884766, 45.52000045776367, 44.900001525878906, 41.9900016784668, 45.7400016784668, 47.65999984741211, 48.220001220703125, 49.08000183105469, 49.779998779296875, 49.650001525878906, 51.68000030517578, 50.91999816894531, 51.279998779296875, 52.79999923706055, 51.810001373291016, 52.90999984741211, 51.15999984741211, 52.529998779296875, 52.869998931884766, 53.0, 51.04999923706055, 50.689998626708984, 52.720001220703125, 53.33000183105469, 53.439998626708984, 54.849998474121094, 55.40999984741211, 57.41999816894531, 56.93000030517578, 55.84000015258789, 56.5, 56.25, 57.72999954223633, 58.810001373291016, 60.2599983215332, 59.88999938964844, 57.290000915527344, 57.97999954223633, 57.279998779296875, 57.20000076293945, 56.75, 57.560001373291016, 57.150001525878906, 57.310001373291016, 58.5, 57.709999084472656, 58.45000076293945]
assets:[0, 99.99884667205811, 200.43722667922972, 288.7704638881683, 399.9583982265472, 513.8969102260589, 601.76985405159, 693.5748135704041, 748.6229439247132, 915.4815595943452, 1053.9103426258087, 1166.2923475250245, 1287.0936000183106, 1405.4486615356445, 1501.778491153717, 1663.1812738212584, 1738.7244414764405, 1851.0182199371338, 2005.8825310157777, 2068.2707978221893, 2212.1829666202543, 2239.017393321991, 2398.9767552520752, 2514.5024362003323, 2620.6857, 2624.266050780487, 2705.761160695648, 2914.1191554748534, 3047.836269645691, 3154.124910945892, 3337.3481571578977, 3471.4198674404147, 3697.3483280960086, 3765.794274186707, 3793.691434366607, 3938.5302500000003, 4021.104375, 4226.903971483231, 4405.980611885452, 4614.614255465698, 4686.278661241149, 4582.833417236328, 4738.026996592331, 4780.823546115113, 4874.149345011902, 4935.802875, 5106.251329827118, 5169.880578033448, 5284.354641626358, 5494.08015, 5519.886389431, 5690.66869427948]
shares:[0, 2.181, 4.3526, 6.6583, 8.8781, 11.0231, 13.2199, 15.4471, 17.8286, 20.0149, 22.1131, 24.1869, 26.2244, 28.2332, 30.2473, 32.1823, 34.1462, 36.0963, 37.9902, 39.9203, 41.8103, 43.765, 45.6687, 47.5601, 49.4469, 51.4058, 53.3786, 55.2754, 57.1505, 59.0218, 60.845, 62.6497, 64.3913, 66.1478, 67.9386, 69.7085, 71.4863, 73.2185, 74.9189, 76.5784, 78.2481, 79.9936, 81.7183, 83.4641, 85.2124, 86.9745, 88.7118, 90.4616, 92.2065, 93.9159, 95.6487, 97.3596]
growth_rate:11.58
