ticker:FHB
price:[16.670000076293945, 15.529999732971191, 15.529999732971191, 14.489999771118164, 14.960000038146973, 16.110000610351562, 15.619999885559082, 17.780000686645508, 17.260000228881836, 17.299999237060547, 21.270000457763672, 21.4950008392334, 22.760000228881836, 23.030000686645508, 23.020000457763672, 22.690000534057617, 23.190000534057617, 23.579999923706055, 25.020000457763672, 25.700000762939453, 25.1299991607666, 23.25, 24.6200008392334, 26.3700008392334, 27.4950008392334, 27.889999389648438, 29.309999465942383, 30.25, 28.84000015258789, 28.190000534057617, 27.68000030517578, 27.5, 28.010000228881836, 27.139999389648438, 27.459999084472656, 28.5, 28.75, 28.270000457763672, 28.15999984741211, 28.260000228881836, 28.600000381469727, 27.020000457763672, 29.440000534057617, 29.1299991607666, 29.360000610351562, 27.899999618530273, 27.790000915527344, 27.530000686645508, 28.399999618530273, 27.809999465942383, 27.280000686645508, 28.110000610351562]
assets:[0, 100.00077428054809, 200.00154856109617, 286.6078484727859, 395.90443300952916, 526.3378849411012, 610.3280655283928, 794.7269146915436, 871.4833015565872, 973.5020970680237, 1296.9021189113616, 1410.6201775751115, 1593.637008026123, 1712.5430930599214, 1811.798344028473, 1885.8249383869172, 2027.3811586898805, 2161.4771990064623, 2393.475793790817, 2558.527595953369, 2601.7816901117326, 2507.1405, 2754.8722279066087, 3050.6900200891496, 3280.838225641441, 3427.9709809814453, 3702.5036145366666, 3921.2469999999994, 3838.4713563087466, 3851.960604975128, 3882.272282802582, 3957.0272499999996, 4130.413454751396, 4102.121345747376, 4250.489322286987, 4511.4702, 4651.045625, 4673.392931674194, 4755.207398233414, 4872.094689459801, 5030.711467100144, 4852.792082214355, 5387.422945730782, 5430.694091542053, 5573.573331866455, 5396.412346216202, 5475.135958375549, 5523.911155775833, 5798.476202114677, 5778.014064040184, 5767.897841179657, 6043.38870821991]
shares:[0, 6.4392, 12.8784, 19.7797, 26.4642, 32.6715, 39.0735, 44.6978, 50.4915, 56.2718, 60.9733, 65.6255, 70.0192, 74.3614, 78.7054, 83.1126, 87.4248, 91.6657, 95.6625, 99.5536, 103.5329, 107.834, 111.8957, 115.6879, 119.3249, 122.9104, 126.3222, 129.628, 133.0954, 136.6428, 140.2555, 143.8919, 147.4621, 151.1467, 154.7884, 158.2972, 161.7755, 165.3128, 168.8639, 172.4025, 175.899, 179.6, 182.9967, 186.4296, 189.8356, 193.4198, 197.0182, 200.6506, 204.1717, 207.7675, 211.4332, 214.9907]
growth_rate:18.5
