ticker:FHTX
price:[18.1200008392334, 15.979999542236328, 15.979999542236328, 16.059999465942383, 16.93000030517578, 20.950000762939453, 20.200000762939453, 22.979999542236328, 25.8799991607666, 24.6299991607666, 20.270000457763672, 19.260000228881836, 19.520000457763672, 20.770000457763672, 16.5, 17.829999923706055, 16.8799991607666, 16.5, 16.459999084472656, 13.710000038146973, 12.550000190734863, 16.1200008392334, 13.279999732971191, 12.729999542236328, 12.289999961853027, 11.5, 11.670000076293945, 10.979999542236328, 9.859999656677246, 9.680000305175781, 10.079999923706055, 10.40999984741211, 10.5600004196167, 11.819999694824219, 10.399999618530273, 10.289999961853027, 10.1899995803833, 10.329999923706055, 9.609999656677246, 9.670000076293945, 9.069999694824219, 8.489999771118164, 9.5600004196167, 10.329999923706055, 12.109999656677246, 12.229999542236328]
assets:[0, 99.99964113540649, 199.99928227081298, 301.00132799053193, 417.3075775222778, 616.3972074474335, 694.3305862243652, 889.8866942733765, 1102.1877562583923, 1148.9525158510207, 1045.56513661232, 1093.4672529945374, 1208.229468334198, 1385.599962538147, 1200.7413, 1397.5278750200273, 1423.0666412485123, 1491.03075, 1587.4154797058104, 1422.202740957165, 1401.8701613056182, 1900.649654950905, 1665.7953585048676, 1696.8058259838103, 1738.1574886049268, 1726.42945, 1851.9508231073378, 1842.4527071868897, 1754.515946908188, 1822.4865694564821, 1997.7955048789977, 2163.199009292221, 2294.369179170036, 2668.1285311126708, 2447.5920702228545, 2521.704434651566, 2597.1975420493127, 2732.8799878158566, 2642.398179598808, 2758.8964707670216, 2687.71391656723, 2615.842792479515, 3045.5197736768723, 3390.8173099565506, 4075.1008654694556, 4215.4814932163235]
shares:[0, 6.2578, 12.5156, 18.7423, 24.649, 29.4223, 34.3728, 38.7244, 42.5884, 46.6485, 51.5819, 56.774, 61.897, 66.7116, 72.7722, 78.3807, 84.3049, 90.3655, 96.4408, 103.7347, 111.7028, 117.9063, 125.4364, 133.2919, 141.4286, 150.1243, 158.6933, 167.8008, 177.9428, 188.2734, 198.194, 207.8001, 217.2698, 225.73, 235.3454, 245.0636, 254.8771, 264.5576, 274.9634, 285.3047, 296.3301, 308.1087, 318.569, 328.2495, 336.5071, 344.6837]
growth_rate:-6.32
