ticker:FIBK
price:[33.2400016784668, 31.469999313354492, 32.27000045776367, 30.979999542236328, 33.040000915527344, 36.119998931884766, 35.689998626708984, 36.79999923706055, 35.29999923706055, 33.97999954223633, 38.119998931884766, 39.150001525878906, 39.849998474121094, 40.119998931884766, 40.36000061035156, 40.189998626708984, 40.65999984741211, 40.77000045776367, 42.16999816894531, 42.72999954223633, 42.0099983215332, 38.65999984741211, 41.279998779296875, 43.70000076293945, 44.36000061035156, 45.41999816894531, 47.83000183105469, 50.81999969482422, 49.119998931884766, 47.06999969482422, 46.52000045776367, 47.099998474121094, 47.61000061035156, 48.599998474121094, 46.970001220703125, 47.810001373291016, 47.54999923706055, 46.29999923706055, 47.06999969482422, 46.560001373291016, 45.380001068115234, 41.279998779296875, 43.22999954223633, 41.900001525878906, 42.72999954223633, 42.560001373291016, 41.72999954223633, 41.91999816894531, 44.130001068115234, 44.66999816894531, 45.47999954223633, 45.38999938964844]
assets:[0, 99.99906981811523, 202.5426578731537, 294.44630764923096, 414.02425147247317, 552.617923658371, 646.0389411415101, 766.1318241165161, 834.904991955185, 903.6844958259583, 1113.7863167919159, 1243.88167848053, 1366.1217076904295, 1475.3768527210234, 1584.2026719573976, 1677.5305426788332, 1797.1475972557066, 1902.0102153556825, 2067.3251222351073, 2194.7794234874727, 2257.797952791977, 2177.7564514045716, 2425.344408279419, 2667.526706571198, 2807.8150346328734, 2974.909956069946, 3232.7580787582397, 3534.8460627731324, 3516.598963531494, 3469.8356325035093, 3529.291006728745, 3673.2912009979245, 3813.065904882813, 3992.35379465332, 3958.4532168762207, 4129.244636608124, 4206.786472502136, 4196.1967108543395, 4365.98252869339, 4418.6791543293, 4406.693073720932, 4108.556998504639, 4402.638259380341, 4367.186879040528, 4553.697594216538, 4635.580021577072, 4645.179072043991, 4766.328943807983, 5117.606181865692, 5280.2260675598145, 5475.973864883423, 5565.1361941665655]
shares:[0, 3.1776, 6.2765, 9.5044, 12.531, 15.2995, 18.1014, 20.8188, 23.6517, 26.5946, 29.2179, 31.7722, 34.2816, 36.7741, 39.2518, 41.74, 44.1994, 46.6522, 49.0236, 51.3639, 53.7443, 56.331, 58.7535, 61.0418, 63.2961, 65.4978, 67.5885, 69.5562, 71.592, 73.7165, 75.8661, 77.9892, 80.0896, 82.1472, 84.2762, 86.3678, 88.4708, 90.6306, 92.7551, 94.9029, 97.1065, 99.529, 101.8422, 104.2288, 106.5691, 108.9187, 111.3151, 113.7006, 115.9666, 118.2052, 120.404, 122.6071]
growth_rate:9.12
