ticker:FICS
price:[30.628999710083008, 30.530000686645508, 30.945999145507812, 31.36199951171875, 31.277999877929688, 31.667999267578125, 30.525999069213867, 31.299999237060547, 32.125, 32.02399826049805, 30.520000457763672, 30.363000869750977, 31.22100067138672, 31.27199935913086, 31.56999969482422, 32.0099983215332, 32.779998779296875, 33.349998474121094, 33.35599899291992, 32.939998626708984, 32.52899932861328, 33.2599983215332, 33.952999114990234, 34.29499816894531, 34.47999954223633, 34.70000076293945, 34.2400016784668, 34.59000015258789, 34.68899917602539, 34.80500030517578, 34.680999755859375, 35.3849983215332, 35.4739990234375, 35.86000061035156, 36.39400100708008, 35.987998962402344, 36.22999954223633, 36.26029968261719]
assets:[0, 100.00101724910736, 201.3625218399048, 304.0702662658691, 403.2547412261963, 508.28405544433593, 589.9546158113479, 704.913542817688, 823.49225, 920.9045107776641, 977.6532786636353, 1072.624622825432, 1202.9357895683288, 1304.8992260581972, 1417.3351362991334, 1537.088109401703, 1674.0614256591798, 1803.1710524986268, 1903.4967741298676, 1979.7565034626007, 2055.0553144844052, 2201.2364909145354, 2347.0995275211335, 2470.7419890838623, 2584.0690856933593, 2700.5553193763735, 2764.7568715301513, 2893.0176787620544, 3001.299146509552, 3111.337314280701, 3200.2516782714843, 3365.2159568729403, 3473.6813849731443, 3611.478591468811, 3765.257834990692, 3823.2534469688417, 3948.961260105133, 4052.2625389709474]
shares:[0, 3.2755, 6.5069, 9.6955, 12.8926, 16.0504, 19.3263, 22.5212, 25.634, 28.7567, 32.0332, 35.3267, 38.5297, 41.7274, 44.895, 48.019, 51.0696, 54.0681, 57.0661, 60.1019, 63.1761, 66.1827, 69.1279, 72.0438, 74.944, 77.8258, 80.7464, 83.6374, 86.5202, 89.3934, 92.2768, 95.1029, 97.9219, 100.7105, 103.4582, 106.2369, 108.997, 111.7548]
growth_rate:9.52
