ticker:FID
price:[14.739999771118164, 14.84000015258789, 14.6899995803833, 14.09000015258789, 14.260000228881836, 14.550000190734863, 14.40999984741211, 14.59000015258789, 13.8100004196167, 14.5600004196167, 15.369999885559082, 15.789999961853027, 16.299999237060547, 16.479999542236328, 16.420000076293945, 16.5, 16.15999984741211, 16.260000228881836, 16.850000381469727, 16.790000915527344, 16.770000457763672, 16.3799991607666, 16.81999969482422, 16.940000534057617, 17.049999237060547, 16.940000534057617, 17.15999984741211, 17.43000030517578, 17.799999237060547, 17.729999542236328, 17.6200008392334, 17.889999389648438, 18.09000015258789, 18.09000015258789, 18.100000381469727, 18.610000610351562, 18.549999237060547, 18.729999542236328, 18.860000610351562, 18.950000762939453, 19.06999969482422, 18.34000015258789, 18.43000030517578, 18.25, 18.170000076293945, 18.059999465942383, 18.09000015258789, 18.030000686645508, 18.18000030517578, 18.40999984741211, 17.989999771118164, 18.110000610351562]
assets:[0, 99.99934102821351, 198.98926531591414, 290.8612821498871, 394.3702883298874, 502.39113658580777, 597.5567556724549, 705.0209053733826, 767.3291963152885, 909.0012101972579, 1059.5709041107177, 1188.5243501286507, 1326.9128478923797, 1441.5665359577179, 1536.3176031383514, 1643.8026, 1709.9299838542938, 1820.5119016262054, 1986.5695499742508, 2079.495341390991, 2177.0177334251407, 2226.3891419303895, 2386.19448670578, 2503.218796917534, 2619.47322278595, 2702.5738052024844, 2837.671954767227, 2982.3201132164, 3145.6283251728055, 3233.2586735218047, 3313.199763806343, 3463.9690218200685, 3602.6940813884735, 3702.6937932319643, 3804.7413501874926, 4011.9476535797116, 4099.011881412506, 4238.786196403504, 4368.206233364868, 4489.050520732117, 4617.476236106872, 4540.719941778564, 4663.002022212982, 4717.46075, 4796.78190214119, 4867.742358054543, 4975.8282059707635, 5059.324569676781, 5201.414439312744, 5367.218217514801, 5344.771363999938, 5480.423030703736]
shares:[0, 6.7385, 13.5459, 20.6431, 27.6557, 34.5286, 41.4682, 48.3222, 55.5633, 62.4314, 68.9376, 75.2707, 81.4057, 87.4737, 93.5638, 99.6244, 105.8125, 111.9626, 117.8973, 123.8532, 129.8162, 135.9212, 141.8665, 147.7697, 153.6348, 159.538, 165.3655, 171.1027, 176.7207, 182.3609, 188.0363, 193.626, 199.1539, 204.6818, 210.2067, 215.5802, 220.971, 226.31, 231.6122, 236.8892, 242.133, 247.5856, 253.0115, 258.491, 263.9946, 269.5317, 275.0596, 280.6059, 286.1064, 291.5382, 297.0968, 302.6186]
growth_rate:7.46
