ticker:FINMU
price:[10.5, 10.649999618530273, 10.40999984741211, 10.835000038146973, 10.539999961853027, 10.510000228881836, 10.399999618530273, 10.25, 10.100000381469727, 10.0, 9.970000267028809, 9.930000305175781, 10.0, 10.050000190734863, 9.989999771118164, 9.989999771118164, 9.989999771118164, 9.954999923706055, 9.949999809265137, 9.930000305175781, 9.9399995803833, 9.970000267028809, 10.020000457763672, 10.0, 10.029999732971191, 10.015000343322754, 10.0, 10.032999992370605, 10.020000457763672, 10.0, 10.0, 9.989999771118164, 10.010000228881836, 9.890000343322754]
assets:[0, 100.00030141811371, 197.74627510147093, 305.8189595767021, 397.4929105613709, 496.3610358095169, 591.1661383161545, 682.63975, 772.6500291824341, 865.0, 962.4051227763176, 1058.5439905319213, 1166.006, 1271.8355641376495, 1364.2423607437133, 1464.2422584526062, 1564.2421561614992, 1658.7618172874452, 1757.9291513016701, 1854.3957809906008, 1956.2634854164123, 2062.1679362315176, 2172.5094452510834, 2268.173, 2374.977558770943, 2471.42567072258, 2567.724, 2676.1974014649395, 2772.729516672134, 2867.1949999999997, 2967.1949999999997, 3064.227634795189, 3170.3622674913404, 3232.355735208416]
shares:[0, 9.3897, 18.9958, 28.2251, 37.7128, 47.2275, 56.8429, 66.599, 76.5, 86.5, 96.5301, 106.6006, 116.6006, 126.5508, 136.5608, 146.5708, 156.5808, 166.626, 176.6763, 186.7468, 196.8072, 206.8373, 216.8173, 226.8173, 236.7874, 246.7724, 256.7724, 266.7395, 276.7195, 286.7195, 296.7195, 306.7295, 316.7195, 326.8307]
growth_rate:-2.05
