ticker:FINM
price:[9.850000381469727, 9.800000190734863, 9.720000267028809, 9.699999809265137, 9.729999542236328, 9.779999732971191, 9.760000228881836, 9.739999771118164, 9.710000038146973, 9.680000305175781, 9.649999618530273, 9.640000343322754, 9.65999984741211, 9.729999542236328, 9.699999809265137, 9.680000305175781, 9.680000305175781, 9.6899995803833, 9.670000076293945, 9.670000076293945, 9.710000038146973, 9.699999809265137, 9.6899995803833, 9.699999809265137, 9.710000038146973, 9.699999809265137]
assets:[0, 100.00018194627762, 199.18418947200774, 298.7745441250801, 399.6986511955261, 501.7521283003807, 600.7260620876312, 699.4946415624619, 797.3405371324538, 894.8773082122802, 992.1039157815933, 1091.0754828579902, 1193.3393871501921, 1301.9868067459106, 1397.97270251112, 1495.0905671348573, 1595.0907782875063, 1696.7383065242768, 1793.236725148201, 1893.2370969371798, 2001.0688508614542, 2099.008178726387, 2196.844029867649, 2299.1114147916796, 2401.4820644345286, 2499.009010861015]
shares:[0, 10.2041, 20.4922, 30.8015, 41.079, 51.3039, 61.5498, 71.8167, 82.1154, 92.446, 102.8087, 113.1821, 123.5341, 133.8116, 144.1209, 154.4515, 164.7821, 175.102, 185.4433, 195.7846, 206.0833, 216.3926, 226.7125, 237.0218, 247.3205, 257.6298]
growth_rate:-0.04
