ticker:FINX
price:[36.84000015258789, 36.025001525878906, 36.81999969482422, 37.16999816894531, 38.2599983215332, 40.56999969482422, 40.18000030517578, 39.689998626708984, 36.34000015258789, 40.16999816894531, 40.41999816894531, 41.29999923706055, 42.880001068115234, 43.459999084472656, 44.40999984741211, 46.93000030517578, 46.95000076293945, 46.709999084472656, 46.88999938964844, 45.7599983215332, 47.36000061035156, 45.0, 49.83000183105469, 52.16999816894531, 51.88999938964844, 47.060001373291016, 44.709999084472656, 46.56999969482422, 45.04999923706055, 44.099998474121094, 45.36000061035156, 47.41999816894531, 47.93000030517578, 47.81999969482422, 46.52000045776367, 44.380001068115234, 42.279998779296875, 43.70000076293945, 45.13999938964844, 45.29999923706055, 46.2400016784668, 47.310001373291016, 48.65999984741211, 47.970001220703125, 47.58000183105469, 45.900001525878906, 47.25, 46.970001220703125, 48.41999816894531, 49.02000045776367, 48.88999938964844, 51.22999954223633]
assets:[0, 99.99819923553466, 202.20439232406616, 304.12492501831053, 413.043463879776, 537.982537953186, 632.8108968063354, 725.0926159114837, 763.8922412075043, 944.4006739517213, 1050.277274421692, 1173.1429983283997, 1318.024032831192, 1435.85317975235, 1567.2377766151428, 1756.1675414199829, 1856.914785174942, 1947.4239398300172, 2054.930778251648, 2105.4083707740783, 2279.0247973709106, 2265.4575, 2608.615544856262, 2831.114507633972, 2915.922192701721, 2744.5016320892337, 2707.449762559509, 2920.0833478645322, 2924.776595467758, 2963.1009474754333, 3147.761778355408, 3390.714807072449, 3527.183101457977, 3619.0893069038393, 3620.7028076282504, 3554.145757539368, 3485.968987353516, 3703.046294649887, 3925.0673949279785, 4038.9796419757845, 4222.789545283127, 4420.504598316193, 4646.645571429061, 4680.754418112183, 4742.6984545166015, 4675.236455421447, 4912.74315, 4983.6298575195315, 5237.479835939026, 5402.381504449081, 5488.053990486145, 5850.727220721054]
shares:[0, 2.7758, 5.4917, 8.182, 10.7957, 13.2606, 15.7494, 18.2689, 21.0207, 23.5101, 25.9841, 28.4054, 30.7375, 33.0385, 35.2902, 37.421, 39.5509, 41.6918, 43.8245, 46.0098, 48.1213, 50.3435, 52.3503, 54.2671, 56.1943, 58.3192, 60.5558, 62.7031, 64.9229, 67.1905, 69.3951, 71.5039, 73.5903, 75.6815, 77.8311, 80.0844, 82.4496, 84.7379, 86.9532, 89.1607, 91.3233, 93.437, 95.4921, 97.5767, 99.6784, 101.857, 103.9734, 106.1024, 108.1677, 110.2077, 112.2531, 114.2051]
growth_rate:14.72
