ticker:FISI
price:[17.450000762939453, 16.989999771118164, 16.610000610351562, 14.930000305175781, 16.0, 16.200000762939453, 16.260000228881836, 17.18000030517578, 17.729999542236328, 17.510000228881836, 19.280000686645508, 20.5, 20.860000610351562, 21.479999542236328, 22.440000534057617, 21.649999618530273, 22.450000762939453, 22.5, 25.520000457763672, 24.6299991607666, 24.209999084472656, 22.889999389648438, 25.450000762939453, 25.260000228881836, 26.809999465942383, 27.3799991607666, 30.010000228881836, 32.0, 30.959999084472656, 30.010000228881836, 30.1200008392334, 30.170000076293945, 31.040000915527344, 30.559999465942383, 31.93000030517578, 32.599998474121094, 32.59000015258789, 32.36000061035156, 32.130001068115234, 32.040000915527344, 31.239999771118164, 29.8799991607666, 30.450000762939453, 29.670000076293945, 29.25, 29.100000381469727, 28.84000015258789, 29.440000534057617, 31.6299991607666, 32.599998474121094, 31.139999389648438, 32.16999816894531]
assets:[0, 99.99974065284728, 197.7636502670288, 277.7607116775512, 397.6672, 502.63742367172244, 604.499654509163, 738.7022171218872, 862.3517177352905, 951.6510024394988, 1147.848336879921, 1320.4808500000001, 1443.6705782409667, 1586.5793541881562, 1757.4873778270721, 1795.6141633615493, 1961.9639366752624, 2066.3325, 2443.6804038333894, 2458.4581442314147, 2516.534985834503, 2479.3257058898926, 2856.6124306354523, 2935.285280596733, 3215.400984948921, 3383.762672283173, 3808.7912030490875, 4161.3568, 4126.113381985474, 4099.5040772663115, 4214.532081429482, 4321.529691928291, 4546.146470088959, 4575.846512033844, 4880.982689650727, 5083.402522065735, 5181.842614261627, 5245.271330932616, 5307.991844456482, 5393.123542105865, 5358.462828740883, 5225.187165241241, 5424.8655609226225, 5385.903136849403, 5409.661725, 5481.919181862068, 5532.939609273911, 5748.04823227272, 6275.638547489548, 6568.09447257309, 6373.940599069214, 6684.767986515808]
shares:[0, 5.8858, 11.9063, 18.6042, 24.8542, 31.027, 37.1771, 42.9978, 48.638, 54.349, 59.5357, 64.4137, 69.2076, 73.8631, 78.3194, 82.9383, 87.3926, 91.837, 95.7555, 99.8156, 103.9461, 108.3148, 112.2441, 116.2029, 119.9329, 123.5852, 126.9174, 130.0424, 133.2724, 136.6046, 139.9247, 143.2393, 146.4609, 149.7332, 152.8651, 155.9326, 159.001, 162.0912, 165.2036, 168.3247, 171.5257, 174.8724, 178.1565, 181.5269, 184.9457, 188.3821, 191.8495, 195.2462, 198.4078, 201.4753, 204.6866, 207.7951]
growth_rate:31.07
