ticker:FISV
price:[99.02999877929688, 93.05999755859375, 103.5, 102.12999725341797, 101.6500015258789, 105.11000061035156, 101.22000122070312, 101.18000030517578, 95.47000122070312, 103.06999969482422, 108.8499984741211, 113.06999969482422, 115.52999877929688, 117.12999725341797, 114.81999969482422, 114.80999755859375, 112.62999725341797, 113.86000061035156, 116.79000091552734, 108.19999694824219, 107.27999877929688, 102.69000244140625, 112.22000122070312, 109.98999786376953, 111.36000061035156, 115.37000274658203, 119.69000244140625, 124.12999725341797, 121.87000274658203, 123.61000061035156, 122.16999816894531, 124.29000091552734, 125.08999633789062, 126.0199966430664, 120.12000274658203, 117.6500015258789, 114.41000366210938, 114.22000122070312, 115.19999694824219, 113.4000015258789, 110.19999694824219, 107.55999755859375, 108.98999786376953, 109.2699966430664, 108.94000244140625, 111.19999694824219, 111.79000091552734, 115.11000061035156, 110.88999938964844, 111.62000274658203, 116.08999633789062, 117.94000244140625]
assets:[0, 100.00227337646484, 211.2228, 308.4223787055969, 406.9761111091614, 520.8305640243531, 601.5504672546386, 701.3089361152649, 761.726498739624, 922.3631202690125, 1074.0882449432372, 1215.72863671875, 1342.1813138183593, 1460.7750477462769, 1531.9628819282532, 1631.8289382995606, 1700.8481145233154, 1819.4258797531127, 1966.2414184135437, 1921.6211258010862, 2005.277737182617, 2019.481050012207, 2306.895343093872, 2361.0562931434633, 2490.4661896499633, 2680.148996805572, 2880.5074747558597, 3087.3612916870115, 3131.1450455665586, 3275.8504311752317, 3337.684349975586, 3495.6065597488405, 3618.1030540771485, 3744.999250240326, 3669.666083908081, 3694.2100479125975, 3692.468458190918, 3786.3359304656988, 3918.827416186524, 3957.5920132522583, 3945.9092507263185, 3951.3778503112794, 4103.9093795623785, 4214.456354525757, 4301.724770404053, 4490.967556750488, 4614.791848793793, 4851.840481726074, 4773.969719723511, 4905.397746704864, 5201.84181890564, 5384.739515466308]
shares:[0, 1.0746, 2.0408, 3.0199, 4.0037, 4.9551, 5.943, 6.9313, 7.9787, 8.9489, 9.8676, 10.752, 11.6176, 12.4714, 13.3423, 14.2133, 15.1012, 15.9795, 16.8357, 17.7599, 18.692, 19.6658, 20.5569, 21.4661, 22.3641, 23.2309, 24.0664, 24.872, 25.6925, 26.5015, 27.32, 28.1246, 28.924, 29.7175, 30.55, 31.4, 32.274, 33.1495, 34.0176, 34.8994, 35.8068, 36.7365, 37.654, 38.5692, 39.4871, 40.3864, 41.2809, 42.1496, 43.0514, 43.9473, 44.8087, 45.6566]
growth_rate:5.58
