ticker:FITBO
price:[26.31999969482422, 26.479999542236328, 25.719999313354492, 26.139999389648438, 26.579999923706055, 26.40999984741211, 26.389999389648438, 26.860000610351562, 26.18000030517578, 26.719999313354492, 27.290000915527344, 27.780000686645508, 27.65999984741211, 27.3700008392334, 27.709999084472656, 28.139999389648438, 27.920000076293945, 27.719999313354492, 27.139999389648438, 26.260000228881836, 26.360000610351562, 26.219999313354492, 26.600000381469727, 26.479999542236328, 25.979999542236328, 25.440000534057617, 26.1299991607666, 26.520000457763672, 26.360000610351562, 26.200000762939453, 26.770000457763672, 27.559999465942383, 27.690000534057617, 27.5, 26.969999313354492, 27.190000534057617, 26.809999465942383, 27.014999389648438, 27.239999771118164, 27.700000762939453, 27.760000228881836, 27.954999923706055, 27.530000686645508, 27.360000610351562, 27.420000076293945, 27.299999237060547, 27.15999984741211, 26.979999542236328, 27.149999618530273, 26.969999313354492, 26.940000534057617, 27.020000457763672]
assets:[0, 99.99907027130128, 197.12836273727416, 300.34859298706056, 405.4034748363495, 502.80942309494014, 602.4282670669555, 713.1571902053832, 795.1023172683716, 911.5020085763932, 1030.9452805862427, 1149.4558664113997, 1244.4897771347046, 1331.441060825348, 1447.9804601593019, 1570.451155937195, 1658.1743885311128, 1746.2962007429123, 1809.7575813003539, 1851.077920133972, 1958.1262853393557, 2047.7268843744278, 2177.4042112260818, 2267.5803368000034, 2324.763103038025, 2376.4420338882446, 2540.8967963924406, 2678.8197222393037, 2762.6572279678344, 2845.8886228717806, 3007.8022954330445, 3196.563074057007, 3311.640993871689, 3388.9185, 3423.604076836395, 3551.530679758072, 3601.896618249893, 3729.4368747406006, 3860.499075562477, 4025.6909708793637, 4134.41065008831, 4263.4533798643115, 4298.63616821537, 4372.092529533386, 4481.681106469917, 4562.0673825061795, 4638.672669939423, 4707.928980121613, 4837.592362029648, 4905.519235107422, 5000.064099121094, 5114.913106655121]
shares:[0, 3.7764, 7.6644, 11.49, 15.2522, 19.0386, 22.8279, 26.5509, 30.3706, 34.1131, 37.7774, 41.3771, 44.9924, 48.646, 52.2548, 55.8085, 59.3902, 62.9977, 66.6823, 70.4904, 74.284, 78.0979, 81.8573, 85.6337, 89.4828, 93.4136, 97.2406, 101.0113, 104.8049, 108.6217, 112.3572, 115.9856, 119.597, 123.2334, 126.9412, 130.619, 134.349, 138.0506, 141.7217, 145.3318, 148.9341, 152.5113, 156.1437, 159.7987, 163.4457, 167.1087, 170.7906, 174.497, 178.1802, 181.888, 185.6, 189.301]
growth_rate:0.29
