ticker:FITBI
price:[27.3799991607666, 27.229999542236328, 27.049999237060547, 27.059999465942383, 27.209999084472656, 27.510000228881836, 28.350000381469727, 28.709999084472656, 28.280000686645508, 28.100000381469727, 28.780000686645508, 28.950000762939453, 28.739999771118164, 28.90999984741211, 28.8799991607666, 28.889999389648438, 28.809999465942383, 29.1200008392334, 28.790000915527344, 28.739999771118164, 28.84000015258789, 27.889999389648438, 28.139999389648438, 28.25, 27.729999542236328, 27.93000030517578, 28.459999084472656, 28.639999389648438, 28.549999237060547, 28.200000762939453, 28.200000762939453, 28.459999084472656, 28.420000076293945, 28.450000762939453, 28.260000228881836, 28.489999771118164, 28.43000030517578, 28.399999618530273, 28.6200008392334, 28.469999313354492, 28.520000457763672, 28.920000076293945, 29.270000457763672, 28.93000030517578, 28.959999084472656, 28.799999237060547, 28.940000534057617, 28.709999084472656, 28.790000915527344, 28.75, 28.420000076293945, 28.610000610351562]
assets:[0, 99.9994503189087, 199.3395593776703, 299.41348209075926, 401.07266550521854, 505.49350320568084, 620.9273783550262, 728.8119397590638, 817.8972118587493, 912.6908223901748, 1034.7762906881333, 1140.8876850666047, 1232.6126061836242, 1339.903326927948, 1438.5127581977845, 1539.0107134857178, 1634.7485136962891, 1752.3397305021285, 1832.480679273224, 1929.2989406352997, 2036.011722772217, 2068.9443017227172, 2187.490992553711, 2296.04135, 2353.777821144104, 2470.7548589965822, 2617.6397217933654, 2734.19486973114, 2825.6019894916535, 2890.9625582138065, 2990.9625809192657, 3118.5385516799925, 3214.1542246284484, 3317.546053966141, 3395.3909854997637, 3523.024938696861, 3615.6051898109436, 3711.7890701431274, 3840.543670617485, 3920.415703446579, 4027.3007086406706, 4183.784111037254, 4334.418747787476, 4384.0696042465215, 4488.614514099121, 4563.814919100189, 4685.99961447525, 4748.757301567841, 4861.989137612152, 4955.235, 4998.356145418166, 5131.772948478699]
shares:[0, 3.6724, 7.3693, 11.0648, 14.7399, 18.3749, 21.9022, 25.3853, 28.9214, 32.4801, 35.9547, 39.4089, 42.8884, 46.3474, 49.81, 53.2714, 56.7424, 60.1765, 63.6499, 67.1294, 70.5968, 74.1823, 77.736, 81.2758, 84.882, 88.4624, 91.9761, 95.4677, 98.9703, 102.5164, 106.0625, 109.5762, 113.0948, 116.6097, 120.1483, 123.6583, 127.1757, 130.6968, 134.1909, 137.7034, 141.2097, 144.6675, 148.084, 151.5406, 154.9936, 158.4658, 161.9212, 165.4043, 168.8777, 172.356, 175.8746, 179.3699]
growth_rate:0.62
