ticker:FITB
price:[21.6299991607666, 21.049999237060547, 21.739999771118164, 20.469999313354492, 21.889999389648438, 23.3799991607666, 23.260000228881836, 24.420000076293945, 23.219999313354492, 23.209999084472656, 25.389999389648438, 25.290000915527344, 26.280000686645508, 27.399999618530273, 27.34000015258789, 26.6299991607666, 27.579999923706055, 27.56999969482422, 31.18000030517578, 31.8700008392334, 30.899999618530273, 28.93000030517578, 32.099998474121094, 32.5099983215332, 34.540000915527344, 34.689998626708984, 36.77000045776367, 39.09000015258789, 38.310001373291016, 38.439998626708984, 37.97999954223633, 38.439998626708984, 38.20000076293945, 38.34000015258789, 40.540000915527344, 42.349998474121094, 42.63999938964844, 41.91999816894531, 42.13999938964844, 42.040000915527344, 40.56999969482422, 36.90999984741211, 39.5, 38.439998626708984, 38.08000183105469, 36.400001525878906, 35.779998779296875, 36.290000915527344, 37.72999954223633, 38.47999954223633, 37.619998931884766, 39.459999084472656]
assets:[0, 100.00012637557984, 203.2776938598633, 291.4027222251892, 411.61735952301024, 539.63609862957, 636.8657842668533, 768.6268284013748, 830.8556934305191, 930.4981472961426, 1117.8962831268311, 1213.49264292984, 1360.9965595602037, 1518.9984388521193, 1615.6709790172577, 1673.7140882535934, 1833.4218649282457, 1932.756230606079, 2285.8307663726805, 2436.4137591581343, 2462.2571996026995, 2405.2778343727114, 2768.836728382874, 2904.202676058197, 3185.5482964370726, 3299.383114385605, 3597.212821783066, 3924.178662318039, 3945.876507447052, 4059.2676989803313, 4110.693088454818, 4260.48187179184, 4333.8817665573115, 4449.763421709442, 4805.096850514984, 5119.632025538635, 5254.689156784058, 5265.960825984192, 5393.5954438797, 5480.796959358216, 5389.152422461701, 5002.973311317443, 5454.0336, 5407.673658807755, 5457.031814398193, 5316.282102857209, 5325.73116630249, 5501.64397679596, 5819.9505273887635, 6035.641800199128, 6000.750981625367, 6394.24819964447]
shares:[0, 4.7506, 9.3504, 14.2356, 18.8039, 23.0811, 27.3803, 31.4753, 35.7819, 40.0904, 44.029, 47.9831, 51.7883, 55.4379, 59.0955, 62.8507, 66.4765, 70.1036, 73.3108, 76.4485, 79.6847, 83.1413, 86.2566, 89.3326, 92.2278, 95.1105, 97.8301, 100.3883, 102.9986, 105.6001, 108.2331, 110.8346, 113.4524, 116.0606, 118.5273, 120.8886, 123.2338, 125.6193, 127.9923, 130.371, 132.8359, 135.5452, 138.0768, 140.6783, 143.3044, 146.0517, 148.8466, 151.6022, 154.2526, 156.8514, 159.5096, 162.0438]
growth_rate:25.38
