ticker:FITBP
price:[26.600000381469727, 26.489999771118164, 26.65999984741211, 26.309999465942383, 26.639999389648438, 26.649999618530273, 26.34000015258789, 26.700000762939453, 26.559999465942383, 26.780000686645508, 26.899999618530273, 27.1299991607666, 27.25, 27.15999984741211, 27.239999771118164, 27.25, 27.280000686645508, 27.0, 26.59000015258789, 26.670000076293945, 26.860000610351562, 26.829999923706055, 26.799999237060547, 26.549999237060547, 26.34000015258789, 26.350000381469727, 26.75, 26.770000457763672, 26.530000686645508, 26.420000076293945, 27.0, 27.389999389648438, 27.31999969482422, 27.010000228881836, 26.600000381469727, 26.770000457763672, 26.479999542236328, 26.65999984741211, 26.989999771118164, 27.06999969482422, 27.15999984741211, 27.239999771118164, 26.989999771118164, 27.0, 27.139999389648438, 26.889999389648438, 26.729999542236328, 26.709999084472656, 26.850000381469727, 26.850000381469727, 26.850000381469727, 26.809999465942383]
assets:[0, 99.99974913597107, 200.64049285163878, 298.0054709508896, 401.74451079559327, 501.8941128158569, 596.0557654529572, 704.201840122223, 800.5104159036637, 907.1403872592927, 1011.2059556600569, 1119.853114358711, 1224.80575, 1320.7609165798187, 1424.65198802948, 1525.1743250000002, 1626.8537529483795, 1710.1557, 1784.1863512386324, 1889.5535034053803, 2003.014709515381, 2100.7782620262146, 2198.42805741539, 2277.9209045417783, 2359.903339670944, 2460.800185625076, 2598.155275, 2700.0972021713255, 2775.8896848451614, 2864.3797902715683, 3027.2616000000003, 3170.989531338501, 3262.8849355522157, 3325.8601721832274, 3375.375128406143, 3496.946420797348, 3559.0628744739533, 3683.254934918976, 3828.847250530434, 3940.195461579895, 4053.295909228134, 4165.235677001953, 4227.009125153923, 4328.5752, 4451.019607901, 4510.020276631165, 4583.1845275108335, 4679.754770594024, 4804.2839932565685, 4904.284134677315, 5004.28427609806, 5096.83023147068]
shares:[0, 3.775, 7.5259, 11.3267, 15.0805, 18.8328, 22.6293, 26.3746, 30.1397, 33.8738, 37.5913, 41.2773, 44.947, 48.6289, 52.3, 55.9697, 59.6354, 63.3391, 67.0999, 70.8494, 74.5724, 78.2996, 82.0309, 85.7974, 89.5939, 93.389, 97.1273, 100.8628, 104.6321, 108.4171, 112.1208, 115.7718, 119.4321, 123.1344, 126.8938, 130.6293, 134.4057, 138.1566, 141.8617, 145.5558, 149.2377, 152.9088, 156.6139, 160.3176, 164.0022, 167.7211, 171.4622, 175.2061, 178.9305, 182.6549, 186.3793, 190.1093]
growth_rate:-0.06
