ticker:FIVE
price:[125.29000091552734, 130.02000427246094, 136.67999267578125, 129.44000244140625, 129.4199981689453, 135.77999877929688, 137.8800048828125, 137.7899932861328, 133.33999633789062, 140.52000427246094, 146.0399932861328, 155.1999969482422, 158.08999633789062, 161.6199951171875, 163.74000549316406, 157.8800048828125, 158.85000610351562, 174.97999572753906, 182.8000030517578, 189.80999755859375, 189.6699981689453, 175.72999572753906, 190.8000030517578, 192.32000732421875, 194.32000732421875, 186.1199951171875, 183.36000061035156, 190.8000030517578, 196.6300048828125, 199.9600067138672, 195.6199951171875, 202.86000061035156, 200.50999450683594, 195.63999938964844, 201.27000427246094, 196.5, 184.25, 179.07000732421875, 184.1199951171875, 190.2899932861328, 189.7100067138672, 183.22000122070312, 197.72000122070312, 197.61000061035156, 194.19000244140625, 182.4600067138672, 199.99000549316406, 194.4199981689453, 203.60000610351562, 221.6199951171875, 225.11000061035156, 214.66000366210938]
assets:[0, 99.99838528594971, 205.1156650085449, 294.25595755004883, 394.2133144226074, 513.5878453826905, 621.5354860107421, 721.1239298629761, 797.8398680877685, 940.7954806045532, 1077.745942453003, 1245.3402955123902, 1368.537671298218, 1499.0901027099608, 1618.7500683059693, 1660.8187113647462, 1771.0187180480955, 2050.8530399246215, 2242.499037437439, 2428.486051763916, 2526.688880607605, 2440.995078652954, 2750.324803990173, 2872.2416133850097, 3002.108089154053, 2975.4259139404294, 3031.307530090332, 3254.3039320510866, 3453.7470467651365, 3612.237529284668, 3633.8370292968752, 3868.3373516387937, 3923.519419511413, 3928.2164197448733, 4141.251099908448, 4143.104249999999, 3984.8115999999995, 3972.7755544921874, 4184.808133020019, 4425.04156187439, 4511.55058266449, 4457.211291696167, 4909.961018313598, 5007.220044465637, 5020.568904119873, 4817.309097259522, 5380.1311277771, 5330.296437799072, 5681.9875303344725, 6284.877117529297, 6483.843347579957, 6282.862181185913]
shares:[0, 0.7691, 1.5007, 2.2733, 3.046, 3.7825, 4.5078, 5.2335, 5.9835, 6.6951, 7.3798, 8.0241, 8.6567, 9.2754, 9.8861, 10.5195, 11.149, 11.7205, 12.2675, 12.7943, 13.3215, 13.8906, 14.4147, 14.9347, 15.4493, 15.9866, 16.532, 17.0561, 17.5647, 18.0648, 18.576, 19.069, 19.5677, 20.0788, 20.5756, 21.0845, 21.6272, 22.1856, 22.7287, 23.2542, 23.7813, 24.3271, 24.8329, 25.3389, 25.8539, 26.402, 26.902, 27.4164, 27.9076, 28.3588, 28.803, 29.2689]
growth_rate:23.19
