ticker:FIVN
price:[115.63999938964844, 116.55999755859375, 122.05999755859375, 125.0199966430664, 132.05999755859375, 140.0800018310547, 145.66000366210938, 142.27999877929688, 151.72000122070312, 164.9600067138672, 141.1699981689453, 148.6699981689453, 151.1300048828125, 151.52999877929688, 162.57000732421875, 176.60000610351562, 180.0399932861328, 174.39999389648438, 174.0, 169.91000366210938, 179.27000427246094, 166.25, 173.22000122070312, 181.9199981689453, 190.47000122070312, 185.24000549316406, 161.10000610351562, 168.44000244140625, 162.8800048828125, 156.80999755859375, 164.22000122070312, 172.72999572753906, 177.42999267578125, 175.39999389648438, 187.97000122070312, 170.13999938964844, 164.5, 170.1199951171875, 177.10000610351562, 155.97000122070312, 165.75999450683594, 183.3000030517578, 183.16000366210938, 187.30999755859375, 190.52999877929688, 177.60000610351562, 191.1999969482422, 201.2899932861328, 201.67999267578125, 189.08999633789062, 179.25999450683594, 183.24000549316406]
assets:[0, 99.99682190551758, 204.71902790527344, 309.6870336845398, 427.1216501037598, 553.0638632293701, 675.0904189727783, 759.4194934844971, 909.8041593200684, 1089.1979323303224, 1032.122090612793, 1186.9515313812255, 1306.5944572143555, 1410.0472506408692, 1612.7757576599122, 1851.9689440063478, 1988.0376138641357, 2025.760569104004, 2121.1122, 2171.2459547973635, 2390.8523389801026, 2317.209125, 2514.357605718994, 2740.642964414978, 2969.446366030884, 2987.902764604187, 2698.5217622375485, 2921.4739343444826, 2925.0317036865235, 2916.0230335998535, 3153.8122794433593, 3417.2384164749146, 3610.221289971924, 3668.9118323303223, 4031.84374418335, 3749.40919454956, 3725.11895, 3952.3808345581056, 4214.555105249024, 3811.7040688323978, 4150.961782440186, 4690.207158087158, 4786.630271704102, 4995.089359893799, 5180.967938806152, 4929.376969406128, 5406.849113700867, 5792.179943806458, 5903.395233612061, 5634.862981869507, 5441.9211352401735, 5662.739185757447]
shares:[0, 0.8579, 1.6772, 2.4771, 3.2343, 3.9482, 4.6347, 5.3375, 5.9966, 6.6028, 7.3112, 7.9838, 8.6455, 9.3054, 9.9205, 10.4868, 11.0422, 11.6156, 12.1903, 12.7788, 13.3366, 13.9381, 14.5154, 15.0651, 15.5901, 16.1299, 16.7506, 17.3443, 17.9582, 18.5959, 19.2048, 19.7837, 20.3473, 20.9174, 21.4494, 22.0372, 22.6451, 23.2329, 23.7976, 24.4387, 25.042, 25.5876, 26.1336, 26.6675, 27.1924, 27.7555, 28.2785, 28.7753, 29.2711, 29.7999, 30.3577, 30.9034]
growth_rate:11.03
