ticker:FIXD
price:[55.209999084472656, 55.310001373291016, 55.220001220703125, 55.10300064086914, 55.150001525878906, 55.029998779296875, 55.13999938964844, 54.88999938964844, 54.77000045776367, 55.119998931884766, 55.130001068115234, 55.369998931884766, 55.25, 55.150001525878906, 55.34000015258789, 55.310001373291016, 54.65999984741211, 54.72999954223633, 54.369998931884766, 54.40999984741211, 54.369998931884766, 54.38999938964844, 54.310001373291016, 54.209999084472656, 53.91999816894531, 53.58000183105469, 53.150001525878906, 52.97999954223633, 52.7599983215332, 52.869998931884766, 52.93000030517578, 53.09000015258789, 53.310001373291016, 53.29999923706055, 53.209999084472656, 53.369998931884766, 53.20000076293945, 53.16999816894531, 53.33000183105469, 53.43000030517578, 53.70000076293945, 53.709999084472656, 53.470001220703125, 53.65999984741211, 53.83000183105469, 53.939998626708984, 54.04999923706055, 54.16999816894531, 53.9900016784668, 54.02000045776367, 54.04999923706055, 54.02000045776367]
assets:[0, 100.00048248291016, 199.83566241760255, 299.41317458229065, 399.6665460578919, 498.7974119354248, 599.7963713607788, 697.0755472488404, 795.5506876491546, 900.6332225475312, 1000.7969613899231, 1105.1519566810607, 1202.75935, 1300.5804259841918, 1405.0604678741456, 1504.2992933502198, 1586.621281570816, 1688.6558248760223, 1777.5455600795747, 1878.8534687309264, 1977.4694831520083, 2078.1983646789554, 2175.142710000992, 2271.138753643799, 2358.9891358917234, 2444.116079525757, 2524.5028274757387, 2616.4278733932492, 2705.5643699272155, 2811.2035832061765, 2914.394625803375, 3023.204749689102, 3135.731597777939, 3235.1447236919403, 3329.679544709778, 3439.69109416008, 3528.734770605469, 3626.746843103028, 3737.659843330383, 3844.667874959564, 3964.0964663196564, 4064.837182711792, 4146.673452667236, 4261.408887882233, 4374.909589814758, 4483.8486898429865, 4592.990570167923, 4703.185500022888, 4787.557999837875, 4890.21996343956, 4992.933539522553, 5090.164191133881]
shares:[0, 1.808, 3.6189, 5.4337, 7.2469, 9.0641, 10.8777, 12.6995, 14.5253, 16.3395, 18.1534, 19.9594, 21.7694, 23.5826, 25.3896, 27.1976, 29.0271, 30.8543, 32.6935, 34.5314, 36.3706, 38.2092, 40.0505, 41.8952, 43.7498, 45.6162, 47.4977, 49.3852, 51.2806, 53.172, 55.0613, 56.9449, 58.8207, 60.6969, 62.5762, 64.4499, 66.3296, 68.2104, 70.0855, 71.9571, 73.8193, 75.6812, 77.5514, 79.415, 81.2727, 83.1266, 84.9767, 86.8227, 88.6749, 90.5261, 92.3762, 94.2274]
growth_rate:-0.19
