ticker:FIXX
price:[9.9399995803833, 9.989999771118164, 11.524999618530273, 11.015000343322754, 10.949999809265137, 10.890000343322754, 10.949999809265137, 11.229999542236328, 10.569999694824219, 9.5, 9.949999809265137, 9.859999656677246, 9.770000457763672, 9.789999961853027, 10.229999542236328, 12.34000015258789, 12.649999618530273, 11.289999961853027, 12.770000457763672, 12.9399995803833, 13.289999961853027, 12.149999618530273, 13.779999732971191, 13.829999923706055, 12.050000190734863, 10.739999771118164, 9.460000038146973, 9.859999656677246, 10.699999809265137, 9.539999961853027, 9.619999885559082, 7.320000171661377, 6.809999942779541, 6.78000020980835, 6.769999980926514, 6.510000228881836, 6.429999828338623, 6.179999828338623, 6.639999866485596, 6.53000020980835, 7.170000076293945, 6.860000133514404, 7.309999942779541, 6.989999771118164, 6.710000038146973, 6.420000076293945, 6.5, 6.360000133514404, 6.840000152587891, 6.940000057220459, 6.010000228881836, 7.210000038146973]
assets:[0, 99.99989770889282, 215.36536287155153, 305.83478903245924, 404.02980796232225, 501.8155718204498, 604.5801494689941, 720.0394956493378, 777.7215515457153, 798.99275, 936.840242041397, 1028.3664121925353, 1118.9796464286806, 1221.2701882412912, 1376.158975420761, 1759.9999257629393, 1904.213297577095, 1799.4916429198265, 2135.3867065467834, 2263.8141065893174, 2425.0462280392644, 2317.02922725296, 2727.8735891392707, 2837.772152345276, 2572.535260719681, 2392.8655050052644, 2207.6821009023665, 2401.030208396721, 2705.580551771164, 2512.2654979543686, 2633.3325926734924, 2103.741697334862, 2057.1695497148035, 2148.1074664735793, 2244.938763675213, 2258.7226994132993, 2330.96560077033, 2340.3368889926433, 2614.536467427969, 2671.2232678261753, 3033.02762027359, 3001.8928404250623, 3298.8099901779174, 3254.4026954372403, 3224.040277328968, 3184.7001018463134, 3324.3847, 3352.7828263844012, 3705.823162670136, 3860.0016598258017, 3442.7390821115496, 4230.140909381008]
shares:[0, 10.01, 18.6868, 27.7653, 36.8977, 46.0804, 55.2128, 64.1175, 73.5782, 84.1045, 94.1548, 104.2968, 114.5322, 124.7467, 134.5219, 142.6256, 150.5307, 159.3881, 167.219, 174.947, 182.4715, 190.702, 197.9589, 205.1896, 213.4884, 222.7994, 233.3702, 243.5122, 252.858, 263.3402, 273.7352, 287.3964, 302.0807, 316.83, 331.601, 346.962, 362.5141, 378.6953, 393.7555, 409.0694, 423.0164, 437.5937, 451.2736, 465.5798, 480.4829, 496.0592, 511.4438, 527.1671, 541.787, 556.1962, 572.8351, 586.7047]
growth_rate:-17.06
