ticker:FIZZ
price:[40.52000045776367, 38.790000915527344, 36.154998779296875, 35.029998779296875, 34.97999954223633, 39.654998779296875, 41.43000030517578, 43.53499984741211, 39.14500045776367, 40.79499816894531, 45.560001373291016, 46.79499816894531, 47.45000076293945, 48.19499969482422, 42.20000076293945, 42.279998779296875, 43.935001373291016, 42.45000076293945, 41.290000915527344, 44.334999084472656, 49.220001220703125, 75.7699966430664, 54.67499923706055, 54.755001068115234, 50.400001525878906, 47.65999984741211, 54.709999084472656, 50.709999084472656, 50.790000915527344, 49.189998626708984, 48.040000915527344, 47.90999984741211, 51.880001068115234, 52.38999938964844, 48.59000015258789, 47.689998626708984, 45.970001220703125, 46.0099983215332, 49.93000030517578, 49.77000045776367, 49.349998474121094, 45.7599983215332, 47.380001068115234, 45.45000076293945, 45.099998474121094, 43.720001220703125, 43.27000045776367, 45.380001068115234, 44.209999084472656, 44.099998474121094, 42.47999954223633, 45.130001068115234]
assets:[0, 100.00062236022949, 193.20869797668456, 287.1969479919434, 386.787846938324, 538.4831594238282, 662.5858518806458, 796.2507937091827, 815.9579620418549, 950.3521183441162, 1161.3563270061493, 1292.8381709121704, 1410.935262686157, 1533.087759792328, 1442.387586077118, 1545.1225553894044, 1705.605081812668, 1747.9551914154054, 1800.190362915802, 2032.9503485191346, 2356.94897845459, 3728.3233008193974, 2790.3276510635374, 2894.4095869617463, 2764.1981636871337, 2713.9224353111267, 3215.3722981933593, 3080.2876163879396, 3185.1476164146425, 3184.8064610862734, 3210.3499251815797, 3301.6601474845884, 3675.246719666672, 3811.377694596863, 3634.92559041481, 3667.5993443870543, 3635.321487533569, 3738.482600618362, 4156.997070407868, 4243.67392803154, 4307.8600668029785, 4094.4810978153228, 4339.434799826431, 4262.669216554642, 4329.843393507385, 4297.356963986206, 4353.126472052765, 4665.39992181015, 4645.113656806183, 4733.557126216889, 4659.669381787491, 5050.349490529251]
shares:[0, 2.578, 5.3439, 8.1986, 11.0574, 13.5792, 15.9929, 18.2899, 20.8445, 23.2958, 25.4907, 27.6277, 29.7352, 31.8101, 34.1798, 36.545, 38.8211, 41.1768, 43.5987, 45.8543, 47.886, 49.2058, 51.0348, 52.8611, 54.8452, 56.9434, 58.7712, 60.7432, 62.7121, 64.745, 66.8266, 68.9138, 70.8413, 72.7501, 74.8081, 76.905, 79.0803, 81.2537, 83.2565, 85.2657, 87.292, 89.4773, 91.5879, 93.7881, 96.0054, 98.2927, 100.6038, 102.8074, 105.0693, 107.3369, 109.6909, 111.9067]
growth_rate:-0.97
