ticker:FJP
price:[47.779998779296875, 48.06999969482422, 49.119998931884766, 48.81999969482422, 48.29999923706055, 49.09000015258789, 48.59000015258789, 48.11000061035156, 46.560001373291016, 48.91999816894531, 49.619998931884766, 50.68000030517578, 51.869998931884766, 51.27000045776367, 51.0099983215332, 51.38999938964844, 50.81999969482422, 51.619998931884766, 53.18000030517578, 52.22999954223633, 53.04999923706055, 50.95000076293945, 52.349998474121094, 54.040000915527344, 53.779998779296875, 51.540000915527344, 51.65999984741211, 52.970001220703125, 54.709999084472656, 54.75, 53.849998474121094, 54.15999984741211, 54.41999816894531, 53.599998474121094, 52.22999954223633, 53.560001373291016, 51.630001068115234, 52.119998931884766, 52.45000076293945, 52.900001525878906, 52.61000061035156, 51.4900016784668, 51.88999938964844, 51.279998779296875, 51.529998779296875, 51.279998779296875, 51.2599983215332, 50.7599983215332, 51.59000015258789, 52.13999938964844, 49.869998931884766, 51.04999923706055]
assets:[0, 100.00002036514282, 202.1828276035309, 300.9460061187744, 397.74083371734616, 504.24757256736757, 599.1098428813934, 693.1929437942505, 770.8613507366181, 909.9364259414673, 1022.9559739799499, 1144.8105268936156, 1271.6915768131255, 1356.9836101158144, 1450.1020302848817, 1560.9044244613647, 1643.589938130188, 1769.461295386505, 1922.935631034851, 1988.584110571289, 2119.8036995140073, 2135.8902669834138, 2294.5789581184385, 2468.65532182312, 2556.776433966065, 2550.281709301758, 2656.2177101543425, 2823.576509069824, 3016.326379524231, 3118.532625, 3167.2684352531433, 3285.502654743576, 3401.277095558167, 3450.0282217849735, 3461.8461536590576, 3650.001617586899, 3618.4782988586426, 3752.8171310920716, 3876.5795563888546, 4009.841275662231, 4087.860179425049, 4100.8336506786345, 4232.693195213317, 4282.936266046143, 4403.815531677246, 4482.451357296753, 4580.701096008682, 4636.022318701935, 4811.8302682319645, 4963.12833190155, 4847.049715185929, 5061.74015435257]
shares:[0, 2.0803, 4.1161, 6.1644, 8.2348, 10.2719, 12.3299, 14.4085, 16.5563, 18.6005, 20.6158, 22.589, 24.5169, 26.4674, 28.4278, 30.3737, 32.3414, 34.2786, 36.159, 38.0736, 39.9586, 41.9213, 43.8315, 45.682, 47.5414, 49.4816, 51.4173, 53.3052, 55.133, 56.9595, 58.8165, 60.6629, 62.5005, 64.3662, 66.2808, 68.1479, 70.0848, 72.0034, 73.91, 75.8004, 77.7012, 79.6433, 81.5705, 83.5206, 85.4612, 87.4113, 89.3621, 91.3322, 93.2706, 95.1885, 97.1937, 99.1526]
growth_rate:-0.75
