ticker:FKU
price:[31.329999923706055, 31.09000015258789, 31.329999923706055, 30.09000015258789, 31.510000228881836, 32.290000915527344, 31.790000915527344, 31.860000610351562, 29.75, 32.29999923706055, 34.18000030517578, 34.79999923706055, 35.189998626708984, 36.810001373291016, 35.5099983215332, 36.95000076293945, 37.56999969482422, 37.7400016784668, 39.959999084472656, 38.90999984741211, 39.18000030517578, 37.15999984741211, 38.79999923706055, 39.849998474121094, 40.560001373291016, 40.040000915527344, 40.7599983215332, 42.18000030517578, 41.86000061035156, 41.90999984741211, 42.310001373291016, 42.77000045776367, 43.88999938964844, 43.68000030517578, 43.720001220703125, 45.18000030517578, 45.18000030517578, 45.09000015258789, 45.61000061035156, 45.91999816894531, 45.52000045776367, 43.529998779296875, 44.56999969482422, 44.2400016784668, 44.06999969482422, 43.060001373291016, 43.90999984741211, 44.040000915527344, 44.84000015258789, 45.060001373291016, 44.4900016784668, 45.209999084472656]
assets:[0, 100.00098549079895, 200.7720385110855, 292.8268544849396, 406.64600595378874, 516.7110526504516, 608.7085795303345, 710.0479036026001, 763.02205, 928.4247180702209, 1082.4635196647644, 1202.0998536457062, 1315.57106065979, 1476.1362700710297, 1524.0039039642334, 1685.8068348083498, 1814.0937342643738, 1922.3020814933777, 2135.378435076141, 2179.2673804538726, 2294.388653871155, 2276.0982986537933, 2476.549631302643, 2643.569198776245, 2790.6700544872283, 2854.892105278015, 3006.2292202056888, 3210.960959231568, 3286.6002739212036, 3390.527369655609, 3522.8872613452913, 3661.1890251853943, 3857.0619243621827, 3938.6081555175783, 4042.215780862427, 4277.204182891082, 4377.205595566559, 4468.486650121689, 4620.019401824951, 4751.420274537659, 4810.0301683712005, 4699.7511422058105, 4912.03738136673, 4975.668564776993, 5056.547694984436, 5040.659738759232, 5240.162298790359, 5355.678087336731, 5552.967682896424, 5680.214207115555, 5708.360849358368, 5900.741265506744]
shares:[0, 3.2165, 6.4083, 9.7317, 12.9053, 16.0022, 19.1478, 22.2865, 25.6478, 28.7438, 31.6695, 34.5431, 37.3848, 40.1015, 42.9176, 45.624, 48.2857, 50.9354, 53.4379, 56.0079, 58.5602, 61.2513, 63.8286, 66.338, 68.8035, 71.301, 73.7544, 76.1252, 78.5141, 80.9002, 83.2637, 85.6018, 87.8802, 90.1696, 92.4569, 94.6703, 96.8837, 99.1015, 101.294, 103.4717, 105.6685, 107.9658, 110.2095, 112.4699, 114.739, 117.0613, 119.3387, 121.6094, 123.8396, 126.0589, 128.3066, 130.5185]
growth_rate:15.7
