ticker:FKWL
price:[11.5, 13.220000267028809, 14.25, 15.970000267028809, 16.399999618530273, 16.719999313354492, 17.0, 17.100000381469727, 17.149999618530273, 17.190000534057617, 20.09000015258789, 22.81999969482422, 21.5, 23.5, 25.18000030517578, 21.0, 21.940000534057617, 23.5, 22.5, 20.100000381469727, 21.5, 21.450000762939453, 21.100000381469727, 20.75, 21.0, 20.780000686645508, 18.200000762939453, 18.200000762939453, 18.0, 20.350000381469727, 21.1200008392334, 13.260000228881836, 12.699999809265137, 12.899999618530273, 13.1899995803833, 11.850000381469727, 10.449999809265137, 10.109999656677246, 9.600000381469727, 9.75, 9.359999656677246, 8.640000343322754, 9.0600004196167, 9.130000114440918, 8.989999771118164, 7.909999847412109, 8.800000190734863, 8.949999809265137, 8.5600004196167, 8.149999618530273, 7.769999980926514, 8.140000343322754]
assets:[0, 100.00004801988602, 207.79065, 332.87070056581496, 441.83402972278594, 550.4558173942565, 659.6748, 763.5560570335388, 865.7885757421493, 967.8073440677643, 1231.0790473503112, 1498.368025962067, 1511.69725, 1752.3198, 1977.5918999679566, 1749.3021, 1927.6045669212342, 2164.66255, 2172.54825, 2040.8093187316892, 2282.956, 2377.6467845687866, 2438.849874092293, 2498.39545, 2628.4965, 2700.9595532493595, 2465.6141633579255, 2565.6140675498964, 2637.4212, 3081.7511477687835, 3298.356995064926, 2170.843699471092, 2179.163757272244, 2313.4807715873717, 2465.489230564785, 2315.0148895238876, 2141.511145912838, 2171.8351812472342, 2162.277205921173, 2296.0625999999997, 2304.220379481697, 2226.973048491955, 2435.228452788353, 2554.0435790139195, 2614.8798794261934, 2400.7450696884157, 2770.866620056915, 2918.0973178119657, 2890.9398377157213, 2852.471341486931, 2819.4726980788705, 3053.733338798046]
shares:[0, 7.5643, 14.5818, 20.8435, 26.9411, 32.922, 38.8044, 44.6524, 50.4833, 56.3006, 61.2782, 65.6603, 70.3115, 74.5668, 78.5382, 83.3001, 87.858, 92.1133, 96.5577, 101.5328, 106.184, 110.846, 115.5853, 120.4046, 125.1665, 129.9788, 135.4733, 140.9678, 146.5234, 151.4374, 156.1722, 163.7137, 171.5877, 179.3396, 186.9211, 195.3599, 204.9293, 214.8205, 225.2372, 235.4936, 246.1774, 257.7515, 268.789, 279.7419, 290.8654, 303.5076, 314.8712, 326.0444, 337.7266, 349.9965, 362.8665, 375.1515]
growth_rate:-40.12
