ticker:FLACW
price:[2.325000047683716, 2.490000009536743, 1.659999966621399, 1.1299999952316284, 1.350000023841858, 1.1299999952316284, 0.9990000128746033, 0.8999999761581421, 1.100000023841858, 1.090000033378601, 0.8899999856948853, 1.1200000047683716, 1.0, 0.8299999833106995, 0.8299999833106995, 0.949999988079071, 0.9900000095367432, 1.0, 1.1100000143051147, 1.2100000381469727, 1.2100000381469727, 1.159999966621399, 1.0099999904632568, 1.0499999523162842, 1.0549999475479126, 1.0099999904632568, 0.8700000047683716, 0.9100000262260437, 0.800000011920929]
assets:[0, 99.99989438300133, 166.66665264873504, 213.45383509926796, 355.01126126972434, 397.15759532407526, 451.115438813746, 506.41027658470864, 718.9459355827332, 812.4100518780828, 763.3439987306475, 1060.6126765155316, 1046.9756, 968.989705515951, 1068.9896805051922, 1323.5424533917308, 1479.2705872499228, 1594.2127, 1869.5761320941447, 2138.0064214036943, 2238.0063905563356, 2245.526659385741, 2055.1568685945513, 2236.5491434314486, 2347.1993313028333, 2347.0819128381013, 2121.7438316290377, 2319.295317841691, 2138.940911872703]
shares:[0, 40.1606, 100.4016, 188.8972, 262.9713, 351.4669, 451.567, 562.6781, 653.5872, 745.3303, 857.6899, 946.9756, 1046.9756, 1167.4575, 1287.9394, 1393.2026, 1494.2127, 1594.2127, 1684.3028, 1766.9474, 1849.592, 1935.7989, 2034.8088, 2130.0469, 2224.8336, 2323.8435, 2438.786, 2548.6761, 2673.6761]
growth_rate:-23.61
