ticker:FLAC
price:[10.640000343322754, 10.680000305175781, 10.220000267028809, 10.119999885559082, 10.109999656677246, 10.010000228881836, 9.800000190734863, 9.859999656677246, 10.140000343322754, 9.890000343322754, 9.850000381469727, 9.949999809265137, 9.899999618530273, 9.819999694824219, 9.829999923706055, 9.699999809265137, 9.710000038146973, 9.850000381469727, 9.899999618530273, 9.949999809265137, 9.819999694824219, 9.720000267028809, 9.739999771118164, 9.699999809265137, 9.680000305175781, 9.720000267028809, 9.699999809265137, 9.720000267028809, 9.65999984741211]
assets:[0, 100.0000468574524, 195.69256511306762, 293.7775246778488, 393.48725263767244, 489.59511719474796, 579.3240712752342, 682.8710382225989, 802.2626311632156, 882.4827526346206, 978.9137229112624, 1088.852359127426, 1183.3806144016266, 1273.8179544136049, 1375.1147573272706, 1456.9293013518334, 1558.4317021224977, 1680.9015800977706, 1789.4338410490036, 1898.4719036075592, 1973.667728664398, 2053.569728415871, 2157.7946792936327, 2248.933315778351, 2344.2966659072877, 2453.9841674160957, 2548.9349098793027, 2654.190900916195, 2737.807210754013]
shares:[0, 9.3633, 19.148, 29.0294, 38.9206, 48.9106, 59.1147, 69.2567, 79.1186, 89.2298, 99.3821, 109.4324, 119.5334, 129.7167, 139.8896, 150.1989, 160.4976, 170.6499, 180.7509, 190.8012, 200.9845, 211.2726, 221.5395, 231.8488, 242.1794, 252.4675, 262.7768, 273.0649, 283.4169]
growth_rate:-2.22
