ticker:FLACU
price:[10.300000190734863, 10.350000381469727, 10.649999618530273, 10.380000114440918, 10.699999809265137, 11.300000190734863, 11.109999656677246, 10.619999885559082, 10.640000343322754, 11.5, 11.420000076293945, 10.75, 10.5, 10.479999542236328, 10.369999885559082, 10.069999694824219, 10.130000114440918, 10.260000228881836, 10.210000038146973, 10.199999809265137, 10.220000267028809, 10.229999542236328, 10.0600004196167, 10.0600004196167, 10.0, 10.0, 10.149999618530273, 10.149999618530273, 10.119999885559082, 10.100000381469727, 10.069999694824219, 10.0600004196167, 10.0, 9.920000076293945, 10.020000457763672, 9.970000267028809, 9.979999542236328, 9.899999618530273]
assets:[0, 99.9996336856842, 202.8984677324295, 297.7544552827835, 406.93383274612427, 529.753048941803, 620.8456678145409, 693.4636905272483, 794.7697216449737, 959.00915, 1052.338161030388, 1090.59825, 1165.2354, 1263.016008831787, 1349.75918510437, 1410.7112922477722, 1519.1171031618119, 1638.6123245544434, 1730.62665746603, 1828.9313657999037, 1932.5172244929313, 2034.4082959659574, 2100.60152561903, 2200.601953790188, 2287.477, 2387.477, 2523.288890166664, 2623.2887164083477, 2715.534989291668, 2810.168556138039, 2901.821462059021, 2998.9404490900038, 3081.0539999999996, 3156.405144275665, 3288.223470222473, 3371.815207308102, 3475.1965185993195, 3547.339153312874]
shares:[0, 9.6618, 19.0515, 28.6854, 38.0312, 46.8808, 55.8817, 65.2979, 74.6964, 83.3921, 92.1487, 101.451, 110.9748, 120.5168, 130.16, 140.0905, 149.9622, 159.7088, 169.5031, 179.307, 189.0917, 198.8669, 208.8073, 218.7477, 228.7477, 238.7477, 248.5999, 258.4521, 268.3335, 278.2345, 288.165, 298.1054, 308.1054, 318.186, 328.166, 338.1961, 348.2161, 358.3171]
growth_rate:-4.13
