ticker:FLDM
price:[6.139999866485596, 6.619999885559082, 8.170000076293945, 7.070000171661377, 8.40999984741211, 7.809999942779541, 6.75, 6.449999809265137, 5.739999771118164, 7.559999942779541, 6.010000228881836, 6.239999771118164, 6.119999885559082, 6.150000095367432, 6.300000190734863, 6.860000133514404, 6.480000019073486, 6.0, 6.320000171661377, 6.179999828338623, 6.849999904632568, 6.480000019073486, 6.880000114440918, 5.550000190734863, 6.119999885559082, 4.599999904632568, 4.110000133514404, 4.519999980926514, 4.699999809265137, 4.340000152587891, 4.71999979019165, 4.599999904632568, 4.630000114440918, 4.690000057220459, 5.010000228881836, 5.130000114440918, 5.460000038146973, 5.599999904632568, 5.800000190734863, 5.46999979019165, 6.099999904632568, 5.900000095367432, 6.239999771118164, 5.840000152587891, 5.960000038146973, 5.590000152587891, 6.139999866485596, 7.409999847412109, 6.389999866485596, 6.699999809265137, 6.820000171661377, 7.099999904632568]
assets:[0, 99.99973227128983, 223.41355408630372, 293.33360012221334, 448.9299968547821, 516.9017222128869, 546.74595, 622.4462665934562, 653.9288999246597, 961.2721367242813, 864.1857459112168, 997.2574194208146, 1078.0795958404542, 1183.364568350315, 1312.2270397281645, 1528.8697077559948, 1544.1801165452002, 1529.7966000000001, 1711.3858944839956, 1773.4751687383175, 2065.744881240177, 2054.1645420463083, 2280.9649659412385, 1940.0225466720583, 2239.268178126812, 1783.1099230324746, 1693.1700400030613, 1962.07503972044, 2140.2107131462094, 2076.2799429988863, 2358.073663181448, 2398.1225502820016, 2513.7627211333274, 2646.3386292867185, 2926.899247715378, 3097.0046670885085, 3396.2270397281645, 3583.309458976603, 3811.285105335331, 3694.4356702955242, 4219.937234025479, 4181.579047590923, 4522.5509061138155, 4332.644137203598, 4521.670844940948, 4340.963251493455, 4868.070036143732, 5974.983722962189, 5252.516629252481, 5607.333690371036, 5807.764152183104, 6146.205797443961]
shares:[0, 15.1057, 27.3456, 41.4899, 53.3805, 66.1846, 80.9994, 96.5033, 113.9249, 127.1524, 143.7913, 159.8169, 176.1568, 192.417, 208.29, 222.8673, 238.2994, 254.9661, 270.7889, 286.9701, 301.5686, 317.0007, 331.5356, 349.5536, 365.8935, 387.6326, 411.9635, 434.0874, 455.364, 478.4055, 499.5919, 521.331, 542.9293, 564.2513, 584.2114, 603.7046, 622.0196, 639.8767, 657.1181, 675.3996, 691.793, 708.7422, 724.7678, 741.8911, 758.6696, 776.5587, 792.8453, 806.3406, 821.9901, 836.9155, 851.5783, 865.6628]
growth_rate:20.51
