ticker:FLEX
price:[10.680000305175781, 10.199999809265137, 11.180000305175781, 10.529999732971191, 11.170000076293945, 12.140000343322754, 14.130000114440918, 14.619999885559082, 14.149999618530273, 15.460000038146973, 15.899999618530273, 16.5, 16.540000915527344, 16.850000381469727, 16.40999984741211, 17.780000686645508, 18.15999984741211, 17.979999542236328, 18.969999313354492, 18.1299991607666, 19.549999237060547, 17.639999389648438, 18.739999771118164, 19.549999237060547, 18.979999542236328, 18.190000534057617, 16.829999923706055, 18.110000610351562, 17.450000762939453, 17.5, 18.350000381469727, 18.309999465942383, 18.559999465942383, 18.270000457763672, 17.399999618530273, 18.690000534057617, 17.520000457763672, 18.0, 18.270000457763672, 18.950000762939453, 18.489999771118164, 16.81999969482422, 17.989999771118164, 17.8700008392334, 17.399999618530273, 16.290000915527344, 16.639999389648438, 17.969999313354492, 17.790000915527344, 18.209999084472656, 17.700000762939453, 18.719999313354492]
assets:[0, 99.99977813005448, 209.60711772155761, 297.4208954577446, 415.49831183795925, 551.579701598835, 741.9945660095215, 867.7247712077141, 939.8288246631622, 1126.8376607804298, 1258.9079097965239, 1406.4138, 1509.8225575721742, 1638.1199670856474, 1695.3433402359008, 1936.8803768003465, 2078.27578253746, 2157.6754610664366, 2376.479942980003, 2371.247972235489, 2656.971971311569, 2497.3899695892333, 2753.123350374603, 2972.1218690128326, 2985.46661999588, 2961.202937940788, 2839.8049881265642, 3155.785321357727, 3140.776777319336, 3249.7762500000003, 3507.6227579183583, 3599.9766009975433, 3749.129172120094, 3790.55007497406, 3710.047058662605, 4085.103320729828, 3929.3751906669618, 4137.03, 4299.086402715683, 4559.09540855217, 4548.425305696487, 4237.6155851142885, 4632.383564063454, 4701.4846397970205, 4677.829817445374, 4479.416306751251, 4675.658452497864, 5149.373386239052, 5197.793517494202, 5420.5066924781795, 5368.696971411895, 5778.079420061302]
shares:[0, 9.8039, 18.7484, 28.2451, 37.1977, 45.4349, 52.512, 59.3519, 66.419, 72.8873, 79.1766, 85.2372, 91.2831, 97.2178, 103.3116, 108.9359, 114.4425, 120.0042, 125.2757, 130.7914, 135.9065, 141.5754, 146.9116, 152.0267, 157.2954, 162.7929, 168.7347, 174.2565, 179.9872, 185.7015, 191.1511, 196.6126, 202.0005, 207.474, 213.2211, 218.5716, 224.2794, 229.835, 235.3085, 240.5855, 245.9938, 251.9391, 257.4977, 263.0937, 268.8408, 274.9795, 280.9891, 286.5539, 292.175, 297.6665, 303.3162, 308.6581]
growth_rate:13.3
