ticker:FLGT
price:[28.290000915527344, 28.809999465942383, 34.38999938964844, 39.380001068115234, 39.970001220703125, 44.0, 35.709999084472656, 35.849998474121094, 32.529998779296875, 40.02000045776367, 42.79999923706055, 43.0, 40.630001068115234, 43.54999923706055, 49.869998931884766, 44.36000061035156, 45.77000045776367, 52.099998474121094, 63.34000015258789, 70.72000122070312, 69.23999786376953, 110.48999786376953, 141.52000427246094, 161.08999633789062, 133.02000427246094, 101.26000213623047, 92.33999633789062, 95.5999984741211, 105.95999908447266, 95.2300033569336, 100.44999694824219, 85.41000366210938, 90.5, 84.77999877929688, 77.0199966430664, 74.63999938964844, 70.33999633789062, 71.9000015258789, 74.06999969482422, 73.75, 73.94999694824219, 77.41999816894531, 82.13999938964844, 87.16999816894531, 87.7699966430664, 76.30999755859375, 89.5, 92.25, 105.76000213623047, 94.20999908447266, 90.86000061035156, 93.05999755859375]
assets:[0, 99.99950814628602, 219.36692810668944, 351.1987255256653, 456.46141094055173, 602.4832, 588.968585900116, 691.2775955772399, 727.2601707092285, 994.7131193778991, 1163.809019254303, 1269.2482, 1299.2905521568298, 1492.6675138504029, 1809.2835612487793, 1709.3815715194703, 1863.7132256397247, 2221.4657849388122, 2800.7237887470246, 3227.045591702271, 3259.514443435669, 5301.387440502167, 6890.2269040145875, 7943.041648428345, 6658.968111878967, 5169.069959049225, 4813.730179092407, 5083.6733188591, 5734.586938451385, 5253.877377203369, 5641.8644835952755, 4897.1277569732665, 5288.973849999999, 5054.685263220215, 4692.027387496948, 4647.0415779998775, 4479.328340792847, 4678.669709291839, 4919.877519729614, 4998.620125, 5112.178079031372, 5452.06336905365, 5884.452058274842, 6344.799071723938, 6488.467217835998, 5741.274238317871, 6833.63825, 7143.609375, 8289.786247444152, 7484.466272266389, 7318.327835160828, 7595.529082733154]
shares:[0, 3.471, 6.3788, 8.9182, 11.4201, 13.6928, 16.4931, 19.2825, 22.3566, 24.8554, 27.1918, 29.5174, 31.9786, 34.2748, 36.28, 38.5343, 40.7191, 42.6385, 44.2173, 45.6313, 47.0756, 47.9807, 48.6873, 49.3081, 50.0599, 51.0475, 52.1305, 53.1765, 54.1203, 55.1704, 56.1659, 57.3367, 58.4417, 59.6212, 60.9196, 62.2594, 63.6811, 65.0719, 66.422, 67.7779, 69.1302, 70.4219, 71.6393, 72.7865, 73.9258, 75.2362, 76.3535, 77.4375, 78.383, 79.4445, 80.5451, 81.6197]
growth_rate:48.93
