ticker:FLIC
price:[15.710000038146973, 14.8100004196167, 15.300000190734863, 14.479999542236328, 15.140000343322754, 16.270000457763672, 16.09000015258789, 16.479999542236328, 15.430000305175781, 14.90999984741211, 16.829999923706055, 17.239999771118164, 17.690000534057617, 18.200000762939453, 17.65999984741211, 17.93000030517578, 17.959999084472656, 17.850000381469727, 18.209999084472656, 18.3799991607666, 17.950000762939453, 16.729999542236328, 17.770000457763672, 18.360000610351562, 18.510000228881836, 18.579999923706055, 19.889999389648438, 21.040000915527344, 20.799999237060547, 20.780000686645508, 21.260000228881836, 21.899999618530273, 21.6299991607666, 21.5, 21.290000915527344, 22.420000076293945, 23.40999984741211, 22.709999084472656, 22.5, 22.139999389648438, 22.200000762939453, 20.56999969482422, 20.950000762939453, 21.18000030517578, 20.920000076293945, 21.290000915527344, 21.520000457763672, 21.549999237060547, 22.270000457763672, 21.940000534057617, 21.31999969482422, 21.530000686645508]
assets:[0, 100.00008483333588, 203.30793253450395, 292.4120067558288, 405.73989720077515, 536.0233000812531, 630.092450975418, 745.3656592960357, 797.8760577804566, 870.98702408638, 1083.1468180898664, 1209.534247941971, 1341.1054754877089, 1479.7692620315552, 1535.8636967296602, 1659.3444292427062, 1762.1201661743164, 1851.3270695644378, 1988.6648330177309, 2107.2301437835695, 2157.931141719818, 2111.2640412319183, 2342.5089863441467, 2520.284627783203, 2640.8754116552354, 2750.8618887043, 3044.814809565735, 3320.8611685028077, 3382.9805159130096, 3479.7274829826356, 3660.1067574041367, 3870.288382584572, 3922.5722288061143, 3998.9978499999997, 4059.937175588226, 4375.424438889312, 4668.630518569565, 4629.029075386047, 4686.2235, 4711.243532121277, 4824.011325785064, 4569.814676202393, 4754.236048135757, 4906.42967269516, 4946.199298038483, 5133.679210762024, 5289.138368508148, 5396.512018946076, 5676.812411687851, 5692.692954570008, 5631.8228953857415, 5787.296479571342]
shares:[0, 6.7522, 13.2881, 20.1942, 26.7992, 32.9455, 39.1605, 45.2285, 51.7094, 58.4163, 64.3581, 70.1586, 75.8115, 81.306, 86.9685, 92.5457, 98.1136, 103.7158, 109.2073, 114.648, 120.219, 126.1963, 131.8238, 137.2704, 142.6729, 148.055, 153.0827, 157.8356, 162.6433, 167.4556, 172.1593, 176.7255, 181.3487, 185.9999, 190.6969, 195.1572, 199.4289, 203.8322, 208.2766, 212.7933, 217.2978, 222.1592, 226.9325, 231.6539, 236.434, 241.131, 245.7778, 250.4182, 254.9085, 259.4664, 264.1568, 268.8015]
growth_rate:13.48
