ticker:FLL
price:[2.1700000762939453, 1.9600000381469727, 1.9900000095367432, 1.840000033378601, 2.0, 2.259999990463257, 3.0299999713897705, 2.799999952316284, 2.3499999046325684, 3.2899999618530273, 3.359999895095825, 3.0299999713897705, 3.380000114440918, 3.759999990463257, 3.4700000286102295, 3.75, 3.880000114440918, 3.930000066757202, 3.9100000858306885, 4.079999923706055, 5.340000152587891, 5.699999809265137, 6.710000038146973, 7.650000095367432, 7.610000133514404, 7.139999866485596, 6.920000076293945, 8.350000381469727, 7.869999885559082, 8.09000015258789, 8.65999984741211, 9.5, 8.800000190734863, 8.699999809265137, 9.760000228881836, 9.979999542236328, 9.0600004196167, 10.130000114440918, 11.260000228881836, 10.329999923706055, 9.850000381469727, 9.34000015258789, 10.180000305175781, 9.989999771118164, 8.819999694824219, 8.380000114440918, 7.989999771118164, 8.270000457763672, 8.420000076293945, 8.550000190734863, 7.769999980926514, 8.630000114440918]
assets:[0, 99.99998594627381, 201.53068396580218, 286.3398851943612, 411.239, 564.7000956170797, 857.0979099070073, 892.0377048086882, 848.674500559187, 1288.1442130641938, 1415.5514918043853, 1376.5241390024185, 1635.528651376152, 1919.4044191316843, 1871.3651164294483, 2122.36875, 2295.9442837190627, 2425.5311962014434, 2513.187354168439, 2722.456245091438, 3663.215006674576, 4010.1733058105474, 4820.747860406399, 5596.08369976263, 5666.8231274221425, 5416.835154707908, 5349.930254983711, 6555.479254487038, 6278.637114699745, 6554.151646619797, 7115.939194618225, 7906.16885, 7423.608880902386, 7439.249776905251, 8445.6414940588, 8736.013557295608, 8030.6901479438775, 9079.127071568966, 10191.90250517063, 9450.11945420456, 9111.005087849999, 8739.267220773696, 9625.240170545198, 9545.593632299995, 8527.641400939941, 8202.226792013167, 7920.49955710907, 8298.064704317094, 8548.573477458955, 8780.5586408782, 8079.524923166705, 9073.784062325858]
shares:[0, 51.0204, 101.2717, 155.6195, 205.6195, 249.8673, 282.8706, 318.5849, 361.1381, 391.5332, 421.2951, 454.2984, 483.8842, 510.4799, 539.2983, 565.965, 591.7382, 617.1835, 642.7589, 667.2687, 685.9953, 703.5392, 718.4423, 731.5142, 744.6548, 758.6604, 773.1113, 785.0873, 797.7938, 810.1547, 821.702, 832.2283, 843.5919, 855.0862, 865.3321, 875.3521, 886.3896, 896.2613, 905.1423, 914.8228, 924.9751, 935.6817, 945.5049, 955.5149, 966.8528, 978.786, 991.3016, 1003.3935, 1015.27, 1026.9659, 1039.8359, 1051.4234]
growth_rate:77.92
