ticker:FLMN
price:[2.740000009536743, 2.7300000190734863, 2.609999895095825, 2.3499999046325684, 2.4600000381469727, 2.5799999237060547, 2.559999942779541, 2.380000114440918, 1.840000033378601, 2.2200000286102295, 2.200000047683716, 2.3399999141693115, 2.5, 2.4200000762939453, 2.990000009536743, 3.240000009536743, 3.25, 3.1500000953674316, 3.309999942779541, 3.5299999713897705, 3.5299999713897705, 3.059999942779541, 3.5899999141693115, 3.9700000286102295, 4.139999866485596, 3.950000047683716, 4.639999866485596, 4.489999771118164, 4.78000020980835, 4.510000228881836, 4.710000038146973, 4.579999923706055, 4.480000019073486, 4.429999828338623, 4.440000057220459, 4.980000019073486, 4.980000019073486, 4.860000133514404, 4.659999847412109, 5.059999942779541, 5.090000152587891, 4.920000076293945, 5.179999828338623, 5.170000076293945, 5.090000152587891, 4.75, 4.860000133514404, 4.769999980926514, 4.71999979019165, 4.5, 4.380000114440918, 4.460000038146973]
assets:[0, 99.9999006986618, 195.60435413804052, 276.11887879457475, 389.0435940328598, 508.02133497714993, 604.0831864976883, 661.6086158130646, 611.4956750928641, 837.7827227969169, 930.2350401623011, 1089.4316540398836, 1263.92275, 1323.4772297245024, 1735.2052435345172, 1980.289301828861, 2086.4012000000002, 2122.2042042505263, 2329.998660720968, 2584.8626000499967, 2684.8625572395085, 2427.3877946090697, 2947.8178575227735, 3359.843181213069, 3603.7154617806914, 3538.3278827140807, 4256.4152535231115, 4218.815458942032, 4591.300619525767, 4431.959184921265, 4728.498092296792, 4697.987591740609, 4695.411411990595, 4743.007225209666, 4853.713934552192, 5544.030339233732, 5644.030233616734, 5608.029484064341, 5477.245922652054, 6047.395681613684, 6183.250236361312, 6076.736866231346, 6497.864822665548, 6585.321202179908, 6583.42095835762, 6243.663625, 6488.253754245949, 6468.100894136429, 6500.300639055633, 6297.3207, 6229.392090761948, 6443.170721109294]
shares:[0, 36.63, 74.9442, 117.4974, 158.1478, 196.9075, 235.97, 277.9868, 332.3346, 377.3796, 422.8341, 465.5691, 505.5691, 546.8914, 580.3362, 611.2004, 641.9696, 673.7156, 703.9271, 732.2557, 760.5843, 793.264, 821.1192, 846.3081, 870.4627, 895.7792, 917.3309, 939.6026, 960.5231, 982.696, 1003.9274, 1025.7615, 1048.0829, 1070.6563, 1093.1788, 1113.2591, 1133.3394, 1153.9155, 1175.3747, 1195.1375, 1214.7839, 1235.1091, 1254.4141, 1273.7565, 1293.4029, 1314.4555, 1335.0316, 1355.996, 1377.1824, 1399.4046, 1422.2356, 1444.6571]
growth_rate:26.34
