ticker:FLN
price:[16.040000915527344, 15.859999656677246, 15.789999961853027, 14.630000114440918, 14.75, 15.5600004196167, 15.670000076293945, 15.899999618530273, 14.779999732971191, 16.489999771118164, 16.639999389648438, 17.100000381469727, 17.760000228881836, 18.68000030517578, 18.799999237060547, 19.43000030517578, 19.18000030517578, 19.399999618530273, 19.770000457763672, 19.469999313354492, 18.469999313354492, 17.719999313354492, 18.860000610351562, 19.09000015258789, 18.850000381469727, 17.600000381469727, 17.709999084472656, 18.149999618530273, 18.450000762939453, 17.579999923706055, 17.889999389648438, 18.479999542236328, 19.399999618530273, 19.520000457763672, 19.110000610351562, 19.899999618530273, 19.670000076293945, 19.309999465942383, 19.5, 20.780000686645508, 20.81999969482422, 20.81999969482422, 20.360000610351562, 20.06999969482422, 19.420000076293945, 19.610000610351562, 19.75, 19.31999969482422, 19.239999771118164, 19.299999237060547, 18.56999969482422, 19.450000762939453]
assets:[0, 100.00046983528138, 199.5587565178871, 284.89877022857667, 387.236175, 508.50081371307374, 612.0952749801636, 721.0792927000047, 770.2862900833129, 959.406325683403, 1068.133208821106, 1197.661796717644, 1343.8867853193285, 1513.5021927261353, 1623.2238941265107, 1777.619639920044, 1854.7482255111695, 1976.0218811447146, 2113.709598941803, 2181.6348400606157, 2169.5840103429796, 2181.484307468033, 2421.827766375732, 2551.361339393234, 2619.2848380067826, 2545.591895174217, 2661.5011664123535, 2827.6247405700683, 2974.3633679950713, 2934.1090192665097, 3085.847783720398, 3287.6177905632017, 3551.286330169678, 3673.2541661415103, 3696.1015270492553, 3948.896224302292, 4003.2561185274126, 4029.989164542389, 4169.6421, 4543.341428128242, 4652.087355810547, 4752.087896344757, 4747.094986308289, 4779.479762325287, 4724.687934561539, 4870.912363604736, 5005.686874999999, 4996.702541072845, 5076.0121796150215, 5191.840684763717, 5095.464927262115, 5436.930678267288]
shares:[0, 6.3052, 12.6383, 19.4736, 26.2533, 32.68, 39.0616, 45.3509, 52.1168, 58.1811, 64.1907, 70.0387, 75.6693, 81.0226, 86.3417, 91.4884, 96.7022, 101.8568, 106.915, 112.0511, 117.4653, 123.1086, 128.4108, 133.6491, 138.9541, 144.6359, 150.2824, 155.792, 161.2121, 166.9004, 172.4901, 177.9014, 183.056, 188.179, 193.4119, 198.437, 203.5209, 208.6996, 213.8278, 218.6401, 223.4432, 228.2463, 233.1579, 238.1405, 243.2898, 248.3892, 253.4525, 258.6285, 263.826, 269.0073, 274.3923, 279.5337]
growth_rate:6.61
