ticker:FLNT
price:[3.0199999809265137, 3.190000057220459, 3.0399999618530273, 2.5899999141693115, 2.509999990463257, 2.619999885559082, 2.5199999809265137, 2.609999895095825, 2.549999952316284, 2.6700000762939453, 2.869999885559082, 2.9800000190734863, 3.4000000953674316, 4.079999923706055, 3.890000104904175, 3.940000057220459, 5.409999847412109, 5.309999942779541, 5.25, 4.590000152587891, 4.550000190734863, 5.420000076293945, 6.929999828338623, 6.96999979019165, 7.570000171661377, 6.329999923706055, 6.119999885559082, 6.599999904632568, 4.690000057220459, 4.190000057220459, 4.460000038146973, 4.099999904632568, 3.75, 3.640000104904175, 3.7200000286102295, 3.440000057220459, 2.809999942779541, 2.8399999141693115, 2.890000104904175, 2.880000114440918, 3.0899999141693115, 2.8399999141693115, 2.9100000858306885, 2.740000009536743, 2.5999999046325684, 2.4100000858306885, 2.609999895095825, 2.490000009536743, 2.4700000286102295, 2.2699999809265137, 2.309999942779541, 2.549999952316284]
assets:[0, 100.00012179374694, 195.29780554933546, 266.3884841720819, 358.1601816391706, 473.85632330207824, 555.7701197934628, 675.6190918447255, 760.0876657867432, 895.8565815986633, 1062.9618576145172, 1203.7024677042962, 1473.3519613264084, 1868.0222530689239, 1881.0309457269907, 2005.208657121563, 2853.3448245220184, 2900.602867743158, 2967.8276250000004, 2694.729419582367, 2771.2458661699297, 3401.1324318756106, 4448.680125802803, 4574.357890304375, 5068.1332829277035, 4337.950213715744, 4294.037331703663, 4730.824491641426, 3461.752826235199, 3192.69582460084, 3498.4302739225386, 3316.0454828676225, 3132.968625, 3141.0682025250435, 3310.10252545774, 3160.955164578867, 2682.0592403848173, 2810.6933870550156, 2960.177688451552, 3049.9348091935162, 3372.325790327168, 3199.4839793049573, 3378.344811644554, 3280.9845154196737, 3213.3427421352862, 3078.5218186396837, 3434.0006129766225, 3376.115565930581, 3448.998124950051, 3269.7270405263903, 3427.3432191020966, 3883.430882381797]
shares:[0, 31.348, 64.2427, 102.8527, 142.6933, 180.8612, 220.5437, 258.8579, 298.0736, 335.5268, 370.37, 403.927, 433.3388, 457.8486, 483.5555, 508.9362, 527.4205, 546.2529, 565.3005, 587.087, 609.065, 627.5152, 641.9452, 656.2924, 669.5024, 685.3002, 701.6401, 716.7916, 738.1136, 761.9799, 784.4014, 808.7916, 835.4583, 862.9308, 889.8125, 918.8823, 954.4695, 989.6808, 1024.2829, 1059.0051, 1091.3676, 1126.5789, 1160.9432, 1197.4396, 1235.9011, 1277.3949, 1315.7091, 1355.8697, 1396.3555, 1440.4084, 1483.6984, 1522.9141]
growth_rate:-23.85
