ticker:FLUX
price:[5.190000057220459, 5.239999771118164, 6.28000020980835, 5.489999771118164, 7.300000190734863, 9.100000381469727, 10.430000305175781, 8.65999984741211, 6.670000076293945, 9.859999656677246, 8.40999984741211, 10.359999656677246, 9.989999771118164, 9.680000305175781, 10.550000190734863, 13.039999961853027, 12.800000190734863, 17.239999771118164, 18.75, 17.399999618530273, 17.68000030517578, 14.6899995803833, 16.809999465942383, 16.3799991607666, 14.920000076293945, 12.880000114440918, 10.010000228881836, 11.569999694824219, 15.350000381469727, 12.100000381469727, 13.3100004196167, 12.510000228881836, 11.079999923706055, 11.390000343322754, 11.029999732971191, 9.569999694824219, 8.529999732971191, 10.989999771118164, 10.4399995803833, 10.75, 11.25, 11.319999694824219, 11.510000228881836, 10.630000114440918, 9.40999984741211, 8.640000343322754, 9.510000228881836, 9.930000305175781, 9.420000076293945, 9.720000267028809, 7.110000133514404, 8.319999694824219]
assets:[0, 100.00015563201904, 219.84773534488676, 292.1915128183365, 488.52404276418685, 708.9819397203446, 912.6020807022095, 857.7305508869172, 760.6308007003784, 1224.4108133663176, 1144.3503612373352, 1509.6871219700813, 1555.7696373556137, 1607.4927946784974, 1851.9681334819793, 2389.0675210110667, 2445.096996434784, 3393.2405429506302, 3790.4437500000004, 3617.5312606908797, 3775.744401173401, 3237.1999515300754, 3804.3785631340024, 3807.0623369441987, 3567.727114243698, 3179.9148922540667, 2571.346836794662, 3072.0755749694827, 4175.745028773308, 3391.6301069259644, 3830.7924817711832, 3700.5418847047804, 3377.538536743164, 3572.0362316699984, 3559.1360478357315, 3188.0262453376768, 2941.5738199150082, 3889.9060229873653, 3795.2332114575383, 4007.9268, 4294.342125, 4421.062104812622, 4595.267454379082, 4343.9346647661205, 3945.3833320236204, 3722.5415559205053, 4197.380300020409, 4482.7536597671515, 4352.521397251701, 4591.137150128174, 3458.331793941927, 4146.880039893341]
shares:[0, 19.084, 35.0076, 53.2225, 66.9211, 77.9101, 87.4978, 99.0451, 114.0376, 124.1796, 136.0702, 145.7227, 155.7327, 166.0633, 175.542, 183.2107, 191.0232, 196.8237, 202.157, 207.9041, 213.5602, 220.3676, 226.3164, 232.4214, 239.1238, 246.8878, 256.8778, 265.5208, 272.0355, 280.3, 287.8131, 295.8067, 304.832, 313.6116, 322.6778, 333.1271, 344.8504, 353.9496, 363.5281, 372.8304, 381.7193, 390.5532, 399.2413, 408.6486, 419.2756, 430.8497, 441.3649, 451.4354, 462.0511, 472.3392, 486.4039, 498.4231]
growth_rate:-18.69
