ticker:FLWS
price:[25.969999313354492, 23.350000381469727, 23.040000915527344, 25.010000228881836, 26.239999771118164, 27.290000915527344, 29.0, 25.350000381469727, 19.829999923706055, 21.149999618530273, 21.719999313354492, 22.43000030517578, 24.969999313354492, 23.030000686645508, 22.579999923706055, 26.209999084472656, 26.040000915527344, 26.0, 27.15999984741211, 29.5, 31.670000076293945, 30.729999542236328, 31.690000534057617, 31.770000457763672, 31.59000015258789, 28.280000686645508, 27.299999237060547, 29.360000610351562, 29.360000610351562, 26.18000030517578, 27.709999084472656, 26.239999771118164, 26.239999771118164, 23.979999542236328, 31.979999542236328, 33.77000045776367, 33.029998779296875, 31.770000457763672, 30.469999313354492, 32.540000915527344, 37.970001220703125, 35.08000183105469, 33.68000030517578, 33.18000030517578, 32.95000076293945, 28.940000534057617, 31.360000610351562, 30.5, 29.84000015258789, 31.450000762939453, 29.299999237060547, 30.459999084472656]
assets:[0, 100.0010466337204, 198.67392789459228, 315.6612168888092, 431.18617223892215, 548.4389613990784, 682.8050000000001, 696.8664404865265, 645.123438517952, 788.0659057861329, 909.3055992536545, 1039.0293901367188, 1256.690125442505, 1259.0547435390472, 1334.4531574911118, 1648.9811244003297, 1738.2846371154785, 1835.6156, 2017.51268866539, 2291.3328500000002, 2559.882939166832, 2583.9012815093997, 2764.6229705909727, 2871.601385375977, 2955.332966275025, 2745.6741586656567, 2750.5267931324006, 3058.0760075729368, 3158.0761696517948, 2916.022681991577, 3186.4392987213137, 3117.4011888080595, 3217.401827935791, 3040.292251962662, 4154.569710531235, 4487.111139824296, 4488.786743106079, 4417.5518466510775, 4336.788908269882, 4731.41049912033, 5620.94988270874, 5293.123252282715, 5181.880230953217, 5204.9532838729865, 5268.87316699791, 4727.652957243919, 5222.986149653625, 5179.754, 5167.667354425049, 5546.487539551163, 5267.316532844925, 5575.852086408234]
shares:[0, 4.2827, 8.623, 12.6214, 16.4324, 20.0967, 23.545, 27.4898, 32.5327, 37.2608, 41.8649, 46.3232, 50.328, 54.6702, 59.0989, 62.9142, 66.7544, 70.6006, 74.2825, 77.6723, 80.8299, 84.084, 87.2396, 90.3872, 93.5528, 97.0889, 100.7519, 104.1579, 107.5639, 111.3836, 114.9924, 118.8034, 122.6144, 126.7845, 129.9115, 132.8727, 135.9003, 139.0479, 142.3298, 145.4029, 148.0366, 150.8872, 153.8563, 156.8702, 159.9051, 163.3605, 166.5493, 169.828, 173.1792, 176.3589, 179.7719, 183.0549]
growth_rate:9.33
