ticker:FLXN
price:[12.319999694824219, 11.819999694824219, 11.979999542236328, 11.020000457763672, 10.130000114440918, 11.359999656677246, 13.420000076293945, 12.180000305175781, 11.989999771118164, 10.899999618530273, 11.380000114440918, 11.359999656677246, 10.819999694824219, 11.460000038146973, 11.109999656677246, 11.34000015258789, 12.25, 11.539999961853027, 12.319999694824219, 13.0600004196167, 11.539999961853027, 12.170000076293945, 13.029999732971191, 11.680000305175781, 11.289999961853027, 11.020000457763672, 11.4399995803833, 11.84000015258789, 10.180000305175781, 9.050000190734863, 8.920000076293945, 8.119999885559082, 9.40999984741211, 8.15999984741211, 7.760000228881836, 7.320000171661377, 8.239999771118164, 8.460000038146973, 8.369999885559082, 8.489999771118164, 9.300000190734863, 9.15999984741211, 9.220000267028809, 7.980000019073486, 7.820000171661377, 6.710000038146973, 6.380000114440918, 5.929999828338623, 5.699999809265137, 5.050000190734863, 4.679999828338623, 6.0]
assets:[0, 99.99956141815186, 201.35264430618287, 285.2174478477478, 362.1829590916634, 506.15955270280836, 697.9460219678879, 733.4564763771057, 822.0152003082276, 847.2864003473281, 984.5976099014282, 1082.8669752735138, 1131.392186089325, 1298.3137183217048, 1358.6618560144425, 1486.7885540058135, 1706.09915, 1707.2149003565787, 1922.6074083755493, 2138.0892366966245, 1989.2455754242897, 2197.8435977783206, 2453.1554437265395, 2298.990812068176, 2322.2265441535947, 2366.690562310791, 2556.8913862137797, 2746.2927713928225, 2461.255321783447, 2288.0509132222173, 2355.1841921442033, 2243.957096374321, 2700.4478802108765, 2441.727362340927, 2422.034975438118, 2384.703067923689, 2784.4195226573947, 2958.760651341343, 3027.2841576087, 3170.686351521492, 3573.190273283005, 3619.399899707794, 3743.108048407554, 3339.6962419824126, 3372.734794036865, 2993.9959780211448, 2946.7504308571815, 2838.9073628194333, 2828.7981853420256, 2606.216218434906, 2515.26543974061, 3324.6996]
shares:[0, 8.4602, 16.8074, 25.8818, 35.7535, 44.5563, 52.0079, 60.2181, 68.5584, 77.7327, 86.52, 95.3228, 104.5649, 113.2909, 122.2918, 131.1101, 139.2734, 147.9389, 156.0558, 163.7128, 172.3783, 180.5952, 188.2698, 196.8314, 205.6888, 214.7632, 223.5045, 231.9504, 241.7736, 252.8233, 264.0341, 276.3494, 286.9764, 299.2313, 312.1179, 325.7791, 337.915, 349.7353, 361.6827, 373.4613, 384.214, 395.131, 405.977, 418.5083, 431.296, 446.1991, 461.8731, 478.7365, 496.2804, 516.0824, 537.4499, 554.1166]
growth_rate:-34.81
