ticker:FLXS
price:[18.1299991607666, 19.09000015258789, 24.440000534057617, 22.799999237060547, 24.110000610351562, 28.8700008392334, 26.469999313354492, 26.299999237060547, 27.950000762939453, 31.350000381469727, 31.399999618530273, 24.809999465942383, 29.6200008392334, 30.969999313354492, 32.5, 34.540000915527344, 34.779998779296875, 34.970001220703125, 34.93000030517578, 35.130001068115234, 36.81999969482422, 34.119998931884766, 34.20000076293945, 33.41999816894531, 34.400001525878906, 33.08000183105469, 33.439998626708984, 37.9900016784668, 39.09000015258789, 35.900001525878906, 35.900001525878906, 40.2599983215332, 37.83000183105469, 35.88999938964844, 43.529998779296875, 48.869998931884766, 43.41999816894531, 47.52000045776367, 46.47999954223633, 47.09000015258789, 46.91999816894531, 43.810001373291016, 43.720001220703125, 41.599998474121094, 38.88999938964844, 36.18000030517578, 36.369998931884766, 34.5, 35.13999938964844, 36.439998626708984, 36.40999984741211, 36.33000183105469]
assets:[0, 99.99914779930114, 228.02520498275757, 312.72478953552246, 430.69381790313724, 615.7249428987503, 664.5399207614898, 760.2724879451752, 907.9697497844696, 1118.420668609047, 1220.2039851760865, 1064.1157630939483, 1370.4196928285598, 1532.8786980140687, 1708.60625, 1915.854408782196, 2029.1659907806397, 2140.251499710083, 2237.8044415512086, 2350.6186314697266, 2563.699256751251, 2475.7027664989473, 2581.5083975887296, 2622.631014308167, 2799.537484178925, 2792.114246549988, 2922.4987119808197, 3420.1486751083376, 3619.1789361274723, 3423.829815525055, 3523.829269775391, 4051.7944130779265, 3907.237692118835, 3806.8665912597658, 4717.24584871521, 5395.9271750652315, 4894.171933609009, 5456.312980561065, 5436.900338454056, 5608.254203172684, 5688.008154025269, 5410.990793615722, 5499.875597561646, 5333.182204380036, 5085.758001182556, 4831.365082752228, 4956.73622243042, 4801.8825, 4990.962225311279, 5275.600801181793, 5371.257792490005, 5459.454695159912]
shares:[0, 5.2383, 9.33, 13.716, 17.8637, 21.3275, 25.1054, 28.9077, 32.4855, 35.6753, 38.86, 42.8906, 46.2667, 49.4956, 52.5725, 55.4677, 58.3429, 61.2025, 64.0654, 66.912, 69.6279, 72.5587, 75.4827, 78.4749, 81.3819, 84.4049, 87.3953, 90.0276, 92.5858, 95.3713, 98.1568, 100.6407, 103.2841, 106.0704, 108.3677, 110.4139, 112.717, 114.8214, 116.9729, 119.0965, 121.2278, 123.5104, 125.7977, 128.2015, 130.7729, 133.5369, 136.2864, 139.185, 142.0308, 144.775, 147.5215, 150.274]
growth_rate:7.05
