ticker:FMAO
price:[21.829999923706055, 20.270000457763672, 21.489999771118164, 20.229999542236328, 20.209999084472656, 20.200000762939453, 20.25, 21.809999465942383, 20.059999465942383, 20.209999084472656, 22.530000686645508, 22.360000610351562, 22.989999771118164, 22.670000076293945, 23.020000457763672, 24.030000686645508, 22.969999313354492, 23.0, 24.81999969482422, 24.309999465942383, 24.450000762939453, 22.899999618530273, 24.170000076293945, 23.219999313354492, 22.799999237060547, 23.049999237060547, 24.399999618530273, 27.579999923706055, 26.450000762939453, 25.75, 25.149999618530273, 25.280000686645508, 24.100000381469727, 23.639999389648438, 23.5, 22.100000381469727, 21.790000915527344, 22.040000915527344, 22.0, 22.040000915527344, 22.299999237060547, 21.790000915527344, 21.75, 21.75, 21.549999237060547, 21.790000915527344, 21.8799991607666, 21.959999084472656, 22.3700008392334, 22.579999923706055, 22.700000762939453, 22.450000762939453]
assets:[0, 100.00002025833129, 206.0181808057785, 293.9398703487396, 393.64834116745, 493.4536986373901, 594.6756750000001, 740.4887398677826, 781.0721872055053, 886.9117678222656, 1088.723982180977, 1180.5096482238769, 1313.7704339204788, 1395.4835926963806, 1517.0272381668092, 1683.5875051076887, 1709.321686903, 1811.5536, 2054.9023787338256, 2112.6775205873487, 2224.8449344242094, 2183.801213622093, 2404.9125905912397, 2410.386858721733, 2466.788917455673, 2593.8371591457367, 2845.7548755094526, 3316.635648825264, 3280.7470046318053, 3293.921975, 3317.1692596858975, 3434.3159012815477, 3374.012103405952, 3409.6112959686284, 3489.4186499999996, 3381.5387383689877, 3434.1063232872007, 3573.506240441132, 3667.0215999999996, 3773.688956756592, 3918.2057559482573, 3928.5977090637207, 4021.385775, 4121.38575, 4183.488421891022, 4330.080654932404, 4447.965337392998, 4564.227697714234, 4749.444225180244, 4894.0298274639135, 5020.039338721847, 5064.751602120209]
shares:[0, 4.9334, 9.5867, 14.5299, 19.4779, 24.4284, 29.3667, 33.9518, 38.9368, 43.8848, 48.3233, 52.7956, 57.1453, 61.5564, 65.9004, 70.0619, 74.4154, 78.7632, 82.7922, 86.9057, 90.9957, 95.3625, 99.4999, 103.8065, 108.1925, 112.5309, 116.6293, 120.2551, 124.0358, 127.9193, 131.8954, 135.8511, 140.0005, 144.2306, 148.4859, 153.0108, 157.6001, 162.1373, 166.6828, 171.22, 175.7043, 180.2936, 184.8913, 189.489, 194.1294, 198.7187, 203.2891, 207.8428, 212.3131, 216.7418, 221.1471, 225.6014]
growth_rate:-0.69
