ticker:FMB
price:[55.75, 55.75899887084961, 55.790000915527344, 55.70000076293945, 55.599998474121094, 55.38999938964844, 55.5099983215332, 55.369998931884766, 55.40999984741211, 55.7599983215332, 55.900001525878906, 56.310001373291016, 56.2599983215332, 56.44499969482422, 56.650001525878906, 56.70000076293945, 56.689998626708984, 56.72999954223633, 56.696998596191406, 56.779998779296875, 56.790000915527344, 57.06999969482422, 57.209999084472656, 57.34000015258789, 56.86000061035156, 56.130001068115234, 56.2400016784668, 56.52000045776367, 56.34000015258789, 56.3849983215332, 56.5099983215332, 56.720001220703125, 56.9900016784668, 56.97999954223633, 56.909000396728516, 57.0099983215332, 57.0, 56.9900016784668, 57.189998626708984, 57.279998779296875, 57.54999923706055, 57.3849983215332, 57.15999984741211, 57.33000183105469, 57.6349983215332, 57.70000076293945, 57.61000061035156, 57.650001525878906, 57.560001373291016, 57.47999954223633, 57.41999816894531, 57.349998474121094]
assets:[0, 99.9981885749817, 200.05178528289795, 299.7272741054535, 399.19130904464726, 497.68468351593015, 598.7641478950501, 697.252248549652, 797.7543908031463, 902.7934048244476, 1005.0596674346924, 1112.4322321300508, 1211.4465438575746, 1315.4281398880005, 1420.204208253479, 1521.4594704723359, 1621.1922357273102, 1722.3341321022033, 1821.334382904053, 1924.0016146362304, 2024.342051634979, 2134.3209695869446, 2239.5540661605837, 2344.6440742393493, 2425.0164800308225, 2493.884012456894, 2598.7717415596007, 2711.7109299625395, 2803.0727595916746, 2905.3103390148162, 3011.7512195446016, 3122.9408752105714, 3237.8071593597415, 3337.2388011894227, 3433.080976132965, 3539.174994800949, 3638.5551, 3737.917220088959, 3851.0372515258787, 3957.0970676696775, 4075.748495967865, 4164.062064204406, 4247.736784660721, 4360.3708812652585, 4483.570606927872, 4588.6271806732175, 4681.469303598022, 4784.719526641846, 4877.24886436348, 4970.468000415802, 5065.282170474244, 5159.108367734527]
shares:[0, 1.7934, 3.5858, 5.3811, 7.1797, 8.9851, 10.7866, 12.5926, 14.3973, 16.1907, 17.9796, 19.7555, 21.533, 23.3046, 25.0698, 26.8335, 28.5975, 30.3602, 32.124, 33.8852, 35.6461, 37.3983, 39.1462, 40.8902, 42.6489, 44.4305, 46.2086, 47.9779, 49.7528, 51.5263, 53.2959, 55.0589, 56.8136, 58.5686, 60.3258, 62.0799, 63.8343, 65.589, 67.3376, 69.0834, 70.821, 72.5636, 74.3131, 76.0574, 77.7925, 79.5256, 81.2614, 82.996, 84.7333, 86.473, 88.2146, 89.9583]
growth_rate:1.16
