ticker:FMBH
price:[26.3799991607666, 25.65999984741211, 25.43000030517578, 22.5, 25.59000015258789, 28.229999542236328, 26.709999084472656, 29.25, 27.760000228881836, 27.209999084472656, 29.110000610351562, 30.440000534057617, 31.84000015258789, 33.099998474121094, 33.400001525878906, 33.900001525878906, 33.45000076293945, 33.65999984741211, 35.18000030517578, 35.2599983215332, 35.9900016784668, 33.869998931884766, 34.869998931884766, 34.97999954223633, 35.029998779296875, 36.38999938964844, 40.0, 43.45000076293945, 44.5, 44.7400016784668, 44.02000045776367, 44.150001525878906, 43.79999923706055, 43.59000015258789, 43.540000915527344, 43.88999938964844, 43.75, 44.0099983215332, 43.900001525878906, 43.599998474121094, 42.86000061035156, 40.91999816894531, 40.959999084472656, 40.68000030517578, 40.08000183105469, 39.349998474121094, 38.630001068115234, 40.689998626708984, 41.95000076293945, 40.900001525878906, 40.72999954223633, 41.5]
assets:[0, 99.99958540534973, 199.10418738937378, 276.16274999999996, 414.08970546913145, 556.8085109710694, 626.8275875144958, 786.435975, 846.3746469783783, 929.6051297218322, 1094.5156459487914, 1244.5242018346787, 1401.7623747177124, 1557.2324582130432, 1671.3460963554382, 1796.3678608566286, 1872.5210077091217, 1984.2771870048523, 2173.8812768577577, 2278.8254835220337, 2426.0032361415865, 2383.099898847199, 2553.4602817840573, 2661.516229170227, 2765.3206486358645, 2972.6808551406857, 3367.58, 3758.0340159873963, 3948.8499, 4070.145594695663, 4104.644942684174, 4216.766645736695, 4283.337705389786, 4362.801063272094, 4457.79509973526, 4593.628283119202, 4678.974999999999, 4806.780818677521, 4894.766760132598, 4961.317946367645, 4977.113284877014, 4851.830986894226, 4956.573585211944, 5022.690481679535, 5048.609294645691, 5056.655813917542, 5064.134319022751, 5434.185937595749, 5702.460768709945, 5659.729941150666, 5736.2054125309, 5944.64675]
shares:[0, 3.8971, 7.8295, 12.2739, 16.1817, 19.724, 23.4679, 26.8867, 30.489, 34.1641, 37.5993, 40.8845, 44.0252, 47.0463, 50.0403, 52.9902, 55.9797, 58.9506, 61.7931, 64.6292, 67.4077, 70.3602, 73.228, 76.0868, 78.9415, 81.6895, 84.1895, 86.491, 88.7382, 90.9733, 93.245, 95.51, 97.7931, 100.0872, 102.3839, 104.6623, 106.948, 109.2202, 111.4981, 113.7917, 116.1249, 118.5687, 121.0101, 123.4683, 125.9633, 128.5046, 131.0933, 133.5509, 135.9347, 138.3797, 140.8349, 143.2445]
growth_rate:16.56
