ticker:FMBI
price:[12.829999923706055, 11.760000228881836, 11.829999923706055, 10.609999656677246, 11.100000381469727, 11.869999885559082, 11.930000305175781, 12.609999656677246, 12.550000190734863, 12.069999694824219, 14.010000228881836, 14.279999732971191, 14.770000457763672, 15.449999809265137, 15.0, 15.300000190734863, 15.770000457763672, 15.920000076293945, 17.020000457763672, 18.459999084472656, 18.100000381469727, 16.530000686645508, 17.799999237060547, 18.09000015258789, 18.690000534057617, 19.780000686645508, 21.5, 23.93000030517578, 23.420000076293945, 22.530000686645508, 21.889999389648438, 21.969999313354492, 21.959999084472656, 21.68000030517578, 20.969999313354492, 21.299999237060547, 21.469999313354492, 21.3799991607666, 20.93000030517578, 21.260000228881836, 20.75, 19.8799991607666, 20.450000762939453, 19.479999542236328, 19.1299991607666, 18.540000915527344, 17.84000015258789, 17.940000534057617, 18.639999389648438, 18.530000686645508, 18.350000381469727, 18.8799991607666]
assets:[0, 99.9999859462738, 200.5953937063217, 279.9087669425964, 392.8356735004425, 520.0864189857483, 622.7149979293823, 758.2090153568267, 854.601047988224, 921.9150256904603, 1170.0942041158676, 1292.644139828205, 1436.9999305366516, 1603.1584152085304, 1656.465, 1789.5935923096656, 1944.5687934459686, 2063.064849886894, 2305.61266001091, 2600.681591018677, 2649.9649458498, 2520.1060496835707, 2813.7259793987273, 2959.567440963745, 3157.729791230583, 3441.8882494821546, 3841.1835499999997, 4375.327753797913, 4382.081084275245, 4315.554041524887, 4292.96379730072, 4408.653852212906, 4506.646384114838, 4549.183840036011, 4500.20169564457, 4671.019542689895, 4808.300814222717, 4888.145554124641, 4885.260906230927, 5062.286686499787, 5040.849375, 4929.498267901421, 5170.837907911301, 5025.571057903289, 5035.2759471023555, 4979.979587917328, 4891.954609841538, 5019.375341422272, 5315.225649957275, 5383.860198503685, 5431.561577914238, 5688.439907143594]
shares:[0, 8.5034, 16.9565, 26.3816, 35.3906, 43.8152, 52.1974, 60.1276, 68.0957, 76.3807, 83.5185, 90.5213, 97.2918, 103.7643, 110.431, 116.9669, 123.3081, 129.5895, 135.4649, 140.882, 146.4069, 152.4565, 158.0745, 163.6024, 168.9529, 174.0085, 178.6597, 182.8386, 187.1085, 191.547, 196.1153, 200.667, 205.2207, 209.8332, 214.6019, 219.2967, 223.9544, 228.6317, 233.4095, 238.1132, 242.9325, 247.9627, 252.8527, 257.9862, 263.2136, 268.6073, 274.2127, 279.7868, 285.1516, 290.5483, 295.9979, 301.2945]
growth_rate:11.54
