ticker:FMBIO
price:[26.270000457763672, 26.149999618530273, 26.100000381469727, 26.0, 27.520000457763672, 27.719999313354492, 27.850000381469727, 27.700000762939453, 27.969999313354492, 27.614999771118164, 27.959999084472656, 27.299999237060547, 27.270000457763672, 27.40999984741211, 27.90999984741211, 27.940000534057617, 27.799999237060547, 28.559999465942383, 27.5, 27.530000686645508, 27.408000946044922, 27.309999465942383, 27.360000610351562, 28.0, 27.65999984741211, 27.8700008392334, 27.881000518798828, 27.540000915527344, 27.534000396728516, 27.579999923706055, 27.549999237060547, 27.68000030517578, 27.899999618530273, 27.860000610351562, 28.399999618530273, 27.639999389648438, 28.190000534057617, 28.190000534057617, 27.989999771118164, 28.1299991607666, 28.040000915527344, 28.100000381469727, 28.100000381469727, 28.31999969482422, 28.459999084472656, 28.350000381469727, 28.489999771118164, 28.350000381469727, 28.510000228881836, 27.850000381469727, 28.198999404907227, 28.31999969482422]
assets:[0, 100.00021354122163, 199.8085529203415, 299.0442, 416.5262149284363, 519.5531751302718, 621.9907685195923, 718.6405097934722, 825.6464097309112, 915.1666154148102, 1026.5988983848572, 1102.3657791927337, 1201.153529162979, 1307.3199427223205, 1431.1661811756135, 1532.7046092967987, 1625.023935403061, 1769.4490469121934, 1803.7772499999999, 1905.7450265325547, 1997.300512141037, 2090.1598851261137, 2193.9875049438474, 2345.308, 2416.8284446674347, 2535.1779043403626, 2636.179268153, 2703.9378778884884, 2803.3494697925566, 2908.032433955574, 3004.870151786423, 3119.0488663879396, 3243.8380956478118, 3339.1882331542965, 3503.909592935371, 3510.1417224884035, 3679.9903257171627, 3779.991533611679, 3853.173343491554, 3972.4453434856414, 4059.7350805534365, 4168.421496588135, 4268.420967945672, 4401.839856565857, 4523.600168480682, 4606.115281978607, 4728.861330009461, 4805.622739663124, 4932.743219600678, 4918.552362370872, 5080.187917891121, 5201.987463943482]
shares:[0, 3.8241, 7.6555, 11.5017, 15.1354, 18.7429, 22.3336, 25.9437, 29.519, 33.1402, 36.7167, 40.3797, 44.0467, 47.695, 51.2779, 54.857, 58.4541, 61.9555, 65.5919, 69.2243, 72.8729, 76.5346, 80.1896, 83.761, 87.3763, 90.9644, 94.5511, 98.1822, 101.8141, 105.4399, 109.0697, 112.6824, 116.2666, 119.856, 123.3771, 126.995, 130.5424, 134.0898, 137.6625, 141.2174, 144.7837, 148.3424, 151.9011, 155.4322, 158.9459, 162.4732, 165.9832, 169.5105, 173.018, 176.6087, 180.1549, 183.686]
growth_rate:2.0
