ticker:FMBIP
price:[26.5, 26.219999313354492, 26.09000015258789, 25.924999237060547, 27.010000228881836, 27.3799991607666, 27.575000762939453, 27.170000076293945, 27.270000457763672, 27.25, 27.25, 27.149999618530273, 26.989999771118164, 27.25, 27.84000015258789, 28.25, 27.899999618530273, 28.299999237060547, 27.40999984741211, 27.385000228881836, 27.459999084472656, 27.357999801635742, 27.469999313354492, 27.809999465942383, 27.399999618530273, 27.670000076293945, 27.610000610351562, 27.600000381469727, 27.666000366210938, 27.600000381469727, 27.920000076293945, 27.780000686645508, 27.899999618530273, 28.049999237060547, 28.389999389648438, 27.850000381469727, 28.260000228881836, 27.809999465942383, 27.829999923706055, 28.049999237060547, 27.989999771118164, 28.270000457763672, 28.3799991607666, 28.170000076293945, 28.360000610351562, 28.530000686645508, 28.440000534057617, 28.479999542236328, 28.299999237060547, 28.049999237060547, 28.059999465942383, 28.25]
assets:[0, 100.0004553812027, 199.50501316680908, 298.24378372306825, 410.7248674804688, 516.3511901731491, 620.0294071548461, 710.9220709962846, 813.5377426563263, 912.9404000000001, 1012.939725, 1109.22137941494, 1202.6851858009338, 1314.270225, 1442.727271907425, 1563.973675, 1644.5961675138474, 1768.175462331772, 1812.568469909668, 1910.914361971283, 2016.1488307807922, 2108.658871710777, 2217.290440576172, 2344.7333609722136, 2410.1642464450833, 2533.9134609867097, 2628.419599104309, 2727.467917697334, 2833.9888803131103, 2927.228440458298, 3061.1683523649212, 3145.8183897560116, 3259.406295434952, 3376.9309931499483, 3517.864443370056, 3550.953028638458, 3703.2299939929967, 3744.260460095978, 3846.9520214538575, 3977.363666818619, 4068.8558847278596, 4209.558553163528, 4325.937730076408, 4393.928441900253, 4523.564733354187, 4650.681117930221, 4736.010904934692, 4842.670770162964, 4912.064827575684, 4968.673079855728, 5070.444709495735, 5204.777175]
shares:[0, 3.8139, 7.6468, 11.5041, 15.2064, 18.8587, 22.4852, 26.1657, 29.8327, 33.5024, 37.1721, 40.8553, 44.5604, 48.2301, 51.8221, 55.3619, 58.9461, 62.4797, 66.128, 69.7796, 73.4213, 77.0765, 80.7168, 84.3126, 87.9622, 91.5762, 95.1981, 98.8213, 102.4358, 106.059, 109.6407, 113.2404, 116.8246, 120.3897, 123.9121, 127.5028, 131.0414, 134.6372, 138.2304, 141.7955, 145.3682, 148.9055, 152.4291, 155.979, 159.5051, 163.0102, 166.5264, 170.0376, 173.5712, 177.1363, 180.7001, 184.2399]
growth_rate:2.05
