ticker:FMHI
price:[51.97800064086914, 52.060001373291016, 51.970001220703125, 51.70000076293945, 51.816001892089844, 51.84000015258789, 51.88999938964844, 51.69499969482422, 51.77000045776367, 52.04499816894531, 52.20000076293945, 52.775001525878906, 52.82500076293945, 53.16999816894531, 53.310001373291016, 53.709999084472656, 53.59000015258789, 53.709999084472656, 53.9900016784668, 54.209999084472656, 54.189998626708984, 54.5099983215332, 54.880001068115234, 55.119998931884766, 54.75, 53.959999084472656, 54.042999267578125, 54.400001525878906, 54.34000015258789, 54.3849983215332, 54.619998931884766, 54.869998931884766, 55.25, 55.18899917602539, 55.19499969482422, 55.39500045776367, 55.4900016784668, 55.47999954223633, 55.709999084472656, 55.900001525878906, 56.349998474121094, 56.31999969482422, 56.13999938964844, 56.334999084472656, 56.68000030517578, 56.810001373291016, 56.689998626708984, 56.72999954223633, 56.709999084472656, 56.65999984741211, 56.619998931884766, 56.47999954223633]
assets:[0, 100.00205663795471, 199.82985169372557, 298.789814409256, 399.459921786499, 499.64428947067256, 600.1285989410401, 697.872156880188, 798.8835850639343, 903.1264442260741, 1005.8157147006988, 1116.893189792633, 1217.949065090561, 1325.9055613388061, 1429.3957358219145, 1540.1234817474367, 1636.6814766601562, 1740.3489873344422, 1849.4221084957123, 1956.9592829498292, 2056.2394978904726, 2168.38047823143, 2283.1013404354094, 2393.0843616268157, 2477.0214, 2541.2785328826903, 2645.188642150879, 2762.6605574905393, 2859.6153380298615, 2961.9810405853273, 3074.778219871521, 3188.852292924881, 3310.939125, 3407.2860256290437, 3507.6587891059876, 3620.367952417374, 3726.5753367218017, 3825.906316432571, 3941.766556221771, 4055.2097106933593, 4187.852996598816, 4285.625320777893, 4371.930522468567, 4487.116478077698, 4614.596556845856, 4725.183226223755, 4815.20313135376, 4918.59874731102, 5016.867082007599, 5112.443118231964, 5208.836069737244, 5295.95446907692]
shares:[0, 1.9209, 3.8451, 5.7793, 7.7092, 9.6382, 11.5654, 13.4998, 15.4314, 17.3528, 19.2685, 21.1633, 23.0563, 24.9371, 26.8129, 28.6748, 30.5408, 32.4027, 34.2549, 36.0996, 37.945, 39.7795, 41.6017, 43.4159, 45.2424, 47.0956, 48.946, 50.7842, 52.6245, 54.4632, 56.294, 58.1165, 59.9265, 61.7385, 63.5503, 65.3555, 67.1576, 68.9601, 70.7551, 72.544, 74.3186, 76.0942, 77.8755, 79.6506, 81.4149, 83.1752, 84.9392, 86.7019, 88.4653, 90.2302, 91.9964, 93.7669]
growth_rate:3.84
