ticker:FMIVU
price:[9.949999809265137, 10.0, 10.0, 10.0600004196167, 10.010000228881836, 10.029999732971191, 10.0, 10.0, 9.979999542236328, 9.949999809265137, 9.925000190734863, 9.920000076293945, 10.015000343322754, 10.0, 10.020000457763672, 10.020000457763672, 10.020000457763672, 9.979999542236328, 10.020000457763672, 9.949999809265137, 9.949999809265137, 9.920000076293945, 9.899999618530273, 9.979999542236328]
assets:[0, 100.0, 200.0, 301.20043656349185, 399.70331313934327, 500.50200167512895, 599.005, 699.0049999999999, 797.6065534152985, 895.2094428394317, 992.9605390823365, 1092.4598484020232, 1202.9217212371825, 1301.12, 1403.7219041290284, 1503.7215086975098, 1603.721113265991, 1697.3184821472169, 1804.1211224212645, 1891.5178487408639, 1991.5183318239212, 2085.51336003952, 2181.308495949173, 2298.9348105522154]
shares:[0, 10.0, 20.0, 29.9404, 39.9304, 49.9005, 59.9005, 69.9005, 79.9205, 89.9708, 100.0464, 110.127, 120.112, 130.112, 140.092, 150.072, 160.052, 170.072, 180.052, 190.1023, 200.1526, 210.2332, 220.3342, 230.3542]
growth_rate:-0.05
