ticker:FMNB
price:[11.890000343322754, 11.100000381469727, 11.350000381469727, 10.489999771118164, 11.420000076293945, 11.710000038146973, 11.529999732971191, 12.220000267028809, 11.649999618530273, 11.149999618530273, 12.609999656677246, 12.880000114440918, 13.029999732971191, 13.369999885559082, 13.539999961853027, 13.470000267028809, 13.170000076293945, 13.270000457763672, 13.90999984741211, 13.970000267028809, 13.960000038146973, 13.319999694824219, 14.0, 13.75, 13.829999923706055, 13.84000015258789, 15.729999542236328, 16.610000610351562, 16.190000534057617, 16.5, 16.790000915527344, 16.790000915527344, 16.65999984741211, 16.579999923706055, 16.579999923706055, 16.729999542236328, 17.149999618530273, 17.899999618530273, 17.399999618530273, 17.25, 17.079999923706055, 16.959999084472656, 16.190000534057617, 15.550000190734863, 15.270000457763672, 15.119999885559082, 15.079999923706055, 15.350000381469727, 15.789999961853027, 15.859999656677246, 15.630000114440918, 15.9399995803833]
assets:[0, 99.99990343666077, 202.25246679763796, 286.9277187395096, 412.3659247549057, 522.8374497032165, 614.8003397615433, 751.5923384236336, 816.5344932632447, 881.4899798419953, 1096.9136061351776, 1220.40061884346, 1334.6133586492538, 1469.4378594223024, 1588.1214895256996, 1679.911083302498, 1742.4963700942992, 1855.7272900154112, 2045.22761656456, 2154.0497081734657, 2252.5074301551817, 2249.2404564674375, 2464.0672, 2520.065625, 2634.7283914653776, 2736.633054171753, 3210.3497635746003, 3489.950482241821, 3501.704454510307, 3668.7535500000004, 3833.2344430191038, 3933.2340094718934, 4002.779877338791, 4083.559475209236, 4183.560086749077, 4321.40907175827, 4529.896284240913, 4827.9968471097945, 4793.13613491745, 4851.816075, 4904.0010380945205, 4969.5460037361145, 4843.925115785981, 4752.442373293018, 4766.868109901046, 4820.042771517849, 4907.291351172637, 5095.154791621971, 5341.204337096214, 5464.88325370121, 5485.633006165123, 5694.432548095417]
shares:[0, 9.009, 17.8196, 27.3525, 36.1091, 44.6488, 53.3218, 61.5051, 70.0888, 79.0574, 86.9876, 94.7516, 102.4262, 109.9056, 117.2911, 124.715, 132.308, 139.8438, 147.0329, 154.1911, 161.3544, 168.8619, 176.0048, 183.2775, 190.5082, 197.7336, 204.0909, 210.1114, 216.2881, 222.3487, 228.3046, 234.2605, 240.2629, 246.2943, 252.3257, 258.303, 264.1339, 269.7205, 275.4676, 281.2647, 287.1195, 293.0157, 299.1924, 305.6233, 312.1721, 318.7859, 325.4172, 331.9319, 338.265, 344.5702, 350.9682, 357.2417]
growth_rate:11.66
