ticker:FMTX
price:[39.5, 41.689998626708984, 45.290000915527344, 49.5, 47.290000915527344, 48.900001525878906, 49.959999084472656, 48.41999816894531, 43.119998931884766, 39.0, 40.119998931884766, 38.529998779296875, 42.560001373291016, 43.529998779296875, 46.18000030517578, 36.54999923706055, 39.43000030517578, 34.900001525878906, 35.709999084472656, 37.5, 38.970001220703125, 38.630001068115234, 39.849998474121094, 38.470001220703125, 41.18000030517578, 38.61000061035156, 33.869998931884766, 35.11000061035156, 30.75, 25.299999237060547, 27.68000030517578, 27.899999618530273, 25.649999618530273, 26.549999237060547, 26.950000762939453, 25.520000457763672, 26.75, 27.799999237060547, 28.06999969482422, 28.530000686645508, 22.860000610351562, 25.989999771118164, 26.059999465942383, 24.809999465942383, 24.93000030517578, 23.549999237060547, 24.530000686645508, 22.889999389648438, 24.43000030517578, 22.170000076293945, 22.700000762939453, 24.200000762939453]
assets:[0, 100.00179970588684, 208.6374472175598, 328.03155, 413.38554300308226, 527.4598664588929, 638.8934642921448, 719.2016008026123, 740.4781816577911, 769.7274, 891.8314682567596, 956.4879546966553, 1156.5297333179474, 1282.89000602417, 1460.9874336547853, 1256.3258137756347, 1455.3179382637024, 1388.1196406906129, 1520.3353560218811, 1696.545, 1863.0505393585204, 1946.7975338287354, 2108.280109272766, 2135.2697237548828, 2385.6891936798097, 2336.80078894043, 2149.921891200638, 2328.6321694808958, 2139.458925, 1860.2709939022063, 2135.268439541626, 2252.2386292057035, 2170.605567718506, 2346.7677075634006, 2482.124715267563, 2450.4202359542846, 2668.523825, 2873.268921146393, 3001.1741923713685, 3150.3568538211825, 2624.2617760665894, 3083.575725844383, 3191.880854587555, 3138.7775384349825, 3253.9583738327024, 3173.835752178574, 3405.9096463384626, 3278.2004185882565, 3598.751585955047, 3365.8338925828934, 3546.298539189911, 3880.6346823425292]
shares:[0, 2.3987, 4.6067, 6.6269, 8.7415, 10.7865, 12.7881, 14.8534, 17.1725, 19.7366, 22.2291, 24.8245, 27.1741, 29.4714, 31.6368, 34.3728, 36.9089, 39.7742, 42.5745, 45.2412, 47.8073, 50.396, 52.9054, 55.5048, 57.9332, 60.5232, 63.4757, 66.3239, 69.5759, 73.5285, 77.1412, 80.7254, 84.624, 88.3905, 92.1011, 96.0196, 99.7579, 103.355, 106.9175, 110.4226, 114.7971, 118.6447, 122.482, 126.5126, 130.5238, 134.7701, 138.8467, 143.2154, 147.3087, 151.8193, 156.2246, 160.3568]
growth_rate:-23.91
