ticker:FNCB
price:[6.239999771118164, 5.96999979019165, 5.889999866485596, 5.260000228881836, 5.519999980926514, 6.03000020980835, 5.829999923706055, 5.71999979019165, 5.5, 5.519999980926514, 6.46999979019165, 6.420000076293945, 6.71999979019165, 6.900000095367432, 7.0, 7.619999885559082, 7.039999961853027, 6.400000095367432, 6.679999828338623, 6.260000228881836, 6.309999942779541, 6.119999885559082, 7.110000133514404, 7.400000095367432, 7.159999847412109, 7.039999961853027, 8.229999542236328, 8.489999771118164, 7.670000076293945, 7.679999828338623, 7.800000190734863, 7.21999979019165, 7.0, 6.96999979019165, 6.929999828338623, 7.059999942779541, 7.460000038146973, 7.489999771118164, 7.369999885559082, 7.269999980926514, 7.539999961853027, 7.21999979019165, 7.239999771118164, 7.28000020980835, 7.230000019073486, 7.260000228881836, 7.340000152587891, 7.349999904632568, 7.739999771118164, 7.949999809265137, 7.949999809265137, 7.96999979019165]
assets:[0, 99.99988448562621, 198.6596824967861, 277.41083407115934, 391.1229106485367, 527.2589973454952, 609.7713520202636, 698.2661143877506, 771.40965, 874.21454097929, 1124.6684175293924, 1215.9769044504167, 1372.7985171391965, 1509.5702908643245, 1631.4479999999999, 1875.947959826088, 1833.1589660668374, 1766.508186323023, 1943.793110048771, 1921.578434257889, 2036.9266645287037, 2075.593065187454, 2511.350876159144, 2713.7827949738503, 2725.768265910721, 2780.084720935821, 3350.0139066677093, 3555.847077137947, 3312.4084179487227, 3416.726707630205, 3570.113127300644, 3404.6428850633624, 3400.9003, 3486.3248920559404, 3566.317204659605, 3733.217833742714, 4044.731452682877, 4160.996719846916, 4194.331790870667, 4237.421268882752, 4494.794541259575, 4404.033812021732, 4516.233665225983, 4641.185773758173, 4709.309676423645, 4828.850486236382, 4982.061069569779, 5088.848138971377, 5458.868586574174, 5706.9773230793, 5806.9771906801225, 5921.586309115649]
shares:[0, 16.7504, 33.7283, 52.7397, 70.8556, 87.4393, 104.592, 122.0745, 140.2563, 158.3722, 173.8282, 189.4045, 204.2855, 218.7783, 233.064, 246.1874, 260.3919, 276.0169, 290.987, 306.9614, 322.8093, 339.1492, 353.2139, 366.7274, 380.6939, 394.8984, 407.0491, 418.8277, 431.8655, 444.8863, 457.7068, 471.5572, 485.8429, 500.1901, 514.6201, 528.7844, 542.1892, 555.5403, 569.1088, 582.864, 596.1266, 609.977, 623.7892, 637.5255, 651.3568, 665.1309, 678.7549, 692.3603, 705.2802, 717.8588, 730.4374, 742.9845]
growth_rate:16.11
