ticker:FNCH
price:[21.31999969482422, 16.0, 15.649999618530273, 17.18000030517578, 15.989999771118164, 14.0, 14.0, 12.65999984741211, 12.039999961853027, 13.5600004196167, 14.59000015258789, 13.520000457763672, 13.329999923706055, 16.0, 14.729999542236328, 14.59000015258789, 14.520000457763672, 16.100000381469727, 13.470000267028809, 13.170000076293945, 13.800000190734863, 13.149999618530273, 12.829999923706055, 14.069999694824219, 13.869999885559082]
assets:[0, 100.0, 197.81286517829895, 317.1513956336975, 395.18325034332275, 446.00219999999996, 546.0028, 593.7425988437652, 664.6645858941079, 848.5753342593193, 1013.0318575946808, 1038.7375791698455, 1124.1402215660094, 1449.3056, 1434.2674204273226, 1520.6354709033967, 1613.3404828628538, 1888.8971247550965, 1680.3380823109628, 1742.9138590967177, 1926.2882066239356, 1935.5576488512038, 1988.4562551755907, 2280.637204533386, 2348.2187206249237]
shares:[0, 6.25, 12.6398, 18.4605, 24.7144, 31.8573, 39.0002, 46.8991, 55.2047, 62.5793, 69.4333, 76.8297, 84.3316, 90.5816, 97.3705, 104.2245, 111.1116, 117.3228, 124.7467, 132.3397, 139.5861, 147.1907, 154.9849, 162.0922, 169.302]
growth_rate:-2.16
