ticker:FNHC
price:[8.229999542236328, 8.199999809265137, 7.690000057220459, 6.599999904632568, 6.170000076293945, 6.039999961853027, 5.880000114440918, 6.0, 5.130000114440918, 5.070000171661377, 5.960000038146973, 5.599999904632568, 5.800000190734863, 5.099999904632568, 5.21999979019165, 5.650000095367432, 5.730000019073486, 5.920000076293945, 5.849999904632568, 5.860000133514404, 5.71999979019165, 5.199999809265137, 6.170000076293945, 6.639999866485596, 7.519999980926514, 6.920000076293945, 6.860000133514404, 5.199999809265137, 4.920000076293945, 4.699999809265137, 4.670000076293945, 4.659999847412109, 4.489999771118164, 5.130000114440918, 5.090000152587891, 4.460000038146973, 4.670000076293945, 4.559999942779541, 4.789999961853027, 4.650000095367432, 4.230000019073486, 3.950000047683716, 4.159999847412109, 4.019999980926514, 3.359999895095825, 2.7300000190734863, 2.3499999046325684, 2.5299999713897705, 2.4200000762939453, 2.950000047683716, 2.8399999141693115, 2.740000009536743]
assets:[0, 99.99981767396928, 193.78031144189836, 266.31329615187644, 348.96286431503296, 441.6103692109108, 529.9120783135414, 640.7268, 647.8215444517136, 740.2448680634021, 970.1890702096939, 1011.5867827727794, 1147.7150577429773, 1109.197449258566, 1235.2962463495255, 1437.0543592563151, 1557.4019721841337, 1709.0436380252838, 1788.8352008381842, 1891.8928391049383, 1946.6938205956935, 1869.72181141901, 2318.49722666893, 2595.108491818619, 3039.0387922918794, 2896.5625599349974, 2971.4481598325256, 2352.409713714123, 2325.7416000650405, 2321.744915779209, 2406.9255113220215, 2501.7712460815433, 2510.504797024727, 2968.3499072184563, 3045.205080289078, 2768.2934796775817, 2998.6392719888686, 3028.007314003515, 3280.7356388726234, 3284.8479523693563, 3088.152121924782, 2983.735631019139, 3242.3646170707702, 3233.246588659382, 2802.4149685044526, 2376.962149606943, 2146.102867907095, 2410.485302741289, 2405.681661842537, 3032.545769017983, 3019.4677447454214, 3013.1486924874544]
shares:[0, 12.1951, 25.199, 40.3505, 56.558, 73.1143, 90.1211, 106.7878, 126.281, 146.0049, 162.7834, 180.6405, 197.8819, 217.4897, 236.6468, 254.3459, 271.7979, 288.6898, 305.7838, 322.8486, 340.3311, 359.5619, 375.7694, 390.8296, 404.1275, 418.5784, 433.1557, 452.3865, 472.7117, 493.9883, 515.4016, 536.8608, 559.1325, 578.6257, 598.2721, 620.6936, 642.1069, 664.0367, 684.9135, 706.4189, 730.0596, 755.3761, 779.4146, 804.2902, 834.0521, 870.6821, 913.2353, 952.761, 994.0833, 1027.9816, 1063.1929, 1099.6893]
growth_rate:-40.92
