ticker:FNK
price:[29.56999969482422, 28.459999084472656, 28.639999389648438, 26.93000030517578, 28.399999618530273, 29.770000457763672, 29.780000686645508, 30.43000030517578, 28.75, 29.940000534057617, 32.81999969482422, 33.36000061035156, 34.61000061035156, 35.59000015258789, 35.310001373291016, 35.40999984741211, 35.380001068115234, 35.7400016784668, 37.279998779296875, 37.77000045776367, 37.939998626708984, 36.290000915527344, 38.439998626708984, 39.45000076293945, 39.939998626708984, 39.900001525878906, 41.599998474121094, 43.70000076293945, 43.27000045776367, 43.040000915527344, 43.349998474121094, 43.88999938964844, 44.790000915527344, 44.970001220703125, 45.11000061035156, 46.70000076293945, 46.18000030517578, 45.52000045776367, 45.93000030517578, 46.18000030517578, 46.130001068115234, 43.33000183105469, 45.06999969482422, 44.7400016784668, 44.63999938964844, 43.470001220703125, 44.0099983215332, 44.65999984741211, 45.16999816894531, 45.939998626708984, 44.93000030517578, 46.20000076293945]
assets:[0, 99.99989878311158, 200.6317877243042, 288.6519012710571, 404.4074745679855, 523.9162840560913, 624.0935183898927, 737.7144973983765, 796.9873749999999, 929.9753385885239, 1119.4311135910034, 1237.849510647583, 1384.2304354110718, 1523.4263975315096, 1611.4425326728822, 1716.007543605423, 1814.5553427810669, 1933.0194347808838, 2116.310970703125, 2244.127239198303, 2354.226236785507, 2351.842460332489, 2591.17880342865, 2759.2632383625028, 2893.5370745090486, 2990.640774369812, 3218.0594019622804, 3480.508410764694, 3546.262119516754, 3627.4112771606447, 3753.537647879028, 3900.2935737609864, 4080.270545402527, 4196.667968917846, 4309.732771311951, 4561.63739452362, 4610.842130470276, 4644.9427827110285, 4786.778701805115, 4912.831624465943, 5007.513101946259, 4803.568335990906, 5096.465988491059, 5159.14855355072, 5247.614952250671, 5210.0752613067625, 5374.795862014389, 5554.176609023285, 5717.604817225647, 5915.073433179855, 5885.030285972595, 6151.377641582871]
shares:[0, 3.5137, 7.0053, 10.7186, 14.2397, 17.5988, 20.9568, 24.243, 27.7213, 31.0613, 34.1082, 37.1058, 39.9951, 42.8049, 45.637, 48.4611, 51.2876, 54.0856, 56.768, 59.4156, 62.0513, 64.8069, 67.4084, 69.9433, 72.4471, 74.9534, 77.3572, 79.6455, 81.9566, 84.28, 86.5868, 88.8652, 91.0978, 93.3215, 95.5383, 97.6796, 99.845, 102.0418, 104.219, 106.3844, 108.5522, 110.8601, 113.0789, 115.314, 117.5541, 119.8545, 122.1267, 124.3658, 126.5797, 128.7565, 130.9822, 133.1467]
growth_rate:20.62
