ticker:FNKO
price:[6.0, 5.980000019073486, 6.389999866485596, 5.75, 5.739999771118164, 6.210000038146973, 6.119999885559082, 6.760000228881836, 6.340000152587891, 6.050000190734863, 7.25, 8.529999732971191, 9.350000381469727, 10.899999618530273, 10.225000381469727, 11.430000305175781, 10.65999984741211, 10.380000114440918, 10.520000457763672, 12.0600004196167, 11.710000038146973, 11.949999809265137, 13.470000267028809, 12.739999771118164, 13.109999656677246, 13.579999923706055, 13.460000038146973, 17.770000457763672, 17.56999969482422, 19.479999542236328, 20.959999084472656, 22.829999923706055, 21.010000228881836, 21.149999618530273, 21.540000915527344, 25.450000762939453, 24.670000076293945, 24.40999984741211, 26.25, 23.540000915527344, 23.40999984741211, 21.059999465942383, 22.0, 20.75, 20.09000015258789, 17.65999984741211, 17.969999313354492, 18.65999984741211, 18.829999923706055, 18.15999984741211, 18.100000381469727, 19.059999465942383]
assets:[0, 99.99995231895447, 206.85643667788503, 286.1384, 385.6407366226196, 517.2178621771812, 609.7221245985031, 773.4839581888199, 825.4274438659668, 887.671152985096, 1163.7381, 1469.1977710072517, 1710.4339047838212, 2093.981486716461, 2064.3089670143127, 2407.5844032814025, 2345.393978427887, 2383.788824281597, 2515.940165477753, 2984.2434858340266, 2997.6358837652206, 3159.0732695777892, 3660.89687757349, 3562.4963279975896, 3765.9601473775865, 4000.972169522095, 4065.617239522362, 5467.461301844406, 5505.924860366821, 6204.463618200302, 6775.849992032624, 7480.37504000187, 6984.041327083778, 7130.5785513900755, 7362.064290914154, 8798.447013759613, 8628.78892168522, 8637.849478004457, 9388.960874999999, 8519.66304335022, 8572.613189123154, 7812.055169895171, 8260.7426, 7891.382699999999, 7740.379726789855, 6904.136322346115, 7125.329352736473, 7498.92399467926, 7667.242677934456, 7494.430361028671, 7569.669939535904, 8071.154997847748]
shares:[0, 16.7224, 32.3719, 49.7632, 67.1848, 83.2879, 99.6278, 114.4207, 130.1936, 146.7225, 160.5156, 172.2389, 182.9341, 192.1084, 201.8884, 210.6373, 220.0182, 229.6521, 239.1578, 247.4497, 255.9894, 264.3576, 271.7815, 279.6308, 287.2586, 294.6224, 302.0518, 307.6793, 313.3708, 318.5043, 323.2753, 327.6555, 332.4151, 337.1432, 341.7857, 345.715, 349.7685, 353.8652, 357.6747, 361.9228, 366.1945, 370.9428, 375.4883, 380.3076, 385.2852, 390.9477, 396.5125, 401.8716, 407.1823, 412.6889, 418.2138, 423.4604]
growth_rate:58.26
