ticker:FNLC
price:[21.100000381469727, 20.059999465942383, 20.90999984741211, 19.540000915527344, 21.860000610351562, 22.149999618530273, 23.239999771118164, 24.15999984741211, 23.1299991607666, 22.540000915527344, 24.31999969482422, 24.920000076293945, 25.190000534057617, 25.600000381469727, 25.75, 24.489999771118164, 24.760000228881836, 25.399999618530273, 26.399999618530273, 27.200000762939453, 26.09000015258789, 24.030000686645508, 25.190000534057617, 25.1299991607666, 24.780000686645508, 25.559999465942383, 28.399999618530273, 30.229999542236328, 30.010000228881836, 29.479999542236328, 29.690000534057617, 28.959999084472656, 28.940000534057617, 28.540000915527344, 28.290000915527344, 30.110000610351562, 29.530000686645508, 30.959999084472656, 31.5, 32.0, 31.540000915527344, 29.920000076293945, 29.209999084472656, 29.530000686645508, 28.780000686645508, 28.350000381469727, 28.979999542236328, 29.059999465942383, 29.110000610351562, 30.200000762939453, 29.770000457763672, 30.469999313354492]
assets:[0, 99.99909733772279, 204.23633250961305, 290.85486762771603, 425.38905387725833, 531.0329508544921, 657.1644455278397, 783.1802190536499, 849.7915431667328, 928.1160936981202, 1101.4090101791382, 1228.5809237613678, 1341.8914804496765, 1463.7312218112945, 1572.307875, 1595.3716470897675, 1712.9611918346404, 1857.2378121070863, 2030.357970662117, 2191.884861480713, 2202.4369338809965, 2128.5390128219606, 2331.2892074260712, 2425.7359939908984, 2491.951209051132, 2670.3911682041166, 3067.1005588026046, 3364.7349840488437, 3440.2473932382586, 3479.4889699707032, 3604.274025832939, 3615.652989696503, 3713.1554505224226, 3761.834688674927, 3828.8818839111327, 4175.209256634522, 4194.783845539093, 4497.918202990722, 4676.3703, 4850.5984, 4880.871913679504, 4730.172492061615, 4717.926027126313, 4869.612280230522, 4845.93334561634, 4873.529495576859, 5081.831289728165, 5195.861066511726, 5304.799830226135, 5603.43498155899, 5623.651327473069, 5855.882912036896]
shares:[0, 4.985, 9.7674, 14.8851, 19.4597, 23.9744, 28.2773, 32.4164, 36.7398, 41.1764, 45.2882, 49.301, 53.2708, 57.177, 61.0605, 65.1438, 69.1826, 73.1196, 76.9075, 80.584, 84.4169, 88.5784, 92.5482, 96.5275, 100.563, 104.4754, 107.9965, 111.3045, 114.6367, 118.0288, 121.3969, 124.8499, 128.3053, 131.8092, 135.344, 138.6652, 142.0516, 145.2816, 148.4562, 151.5812, 154.7518, 158.094, 161.5175, 164.9039, 168.3785, 171.9058, 175.3565, 178.7977, 182.2329, 185.5442, 188.9033, 192.1852]
growth_rate:14.82
