ticker:FNWB
price:[11.720000267028809, 12.0, 11.8100004196167, 9.869999885559082, 9.770000457763672, 11.680000305175781, 10.979999542236328, 11.710000038146973, 11.75, 12.069999694824219, 14.359999656677246, 14.260000228881836, 15.869999885559082, 15.0, 15.5, 15.1899995803833, 15.6899995803833, 15.600000381469727, 16.719999313354492, 16.360000610351562, 16.31999969482422, 13.699999809265137, 15.710000038146973, 16.399999618530273, 16.100000381469727, 16.280000686645508, 17.969999313354492, 18.209999084472656, 18.1299991607666, 16.65999984741211, 16.860000610351562, 16.700000762939453, 16.75, 16.260000228881836, 16.780000686645508, 16.6299991607666, 17.040000915527344, 17.84000015258789, 17.809999465942383, 17.959999084472656, 17.860000610351562, 17.760000228881836, 17.860000610351562, 17.739999771118164, 17.760000228881836, 18.34000015258789, 18.90999984741211, 18.799999237060547, 18.81999969482422, 18.68000030517578, 18.75, 18.860000610351562]
assets:[0, 99.99959999999999, 198.41627404985428, 265.8227849178314, 363.1294230140686, 534.1194059555054, 602.1091368976593, 742.1399884176254, 844.6746, 967.6784295333863, 1251.2729300842284, 1342.5590575489045, 1594.1383145044326, 1606.7475, 1760.30555, 1825.0997155824662, 1985.1756279080391, 2073.7891707107547, 2322.677096613884, 2372.6679845184326, 2466.867505870819, 2170.838949777031, 2589.3347742874143, 2803.0616947998046, 2851.78662756958, 2983.669913842964, 3393.398963335991, 3538.719986087036, 3623.1733652841567, 3429.4026585903166, 3570.57215125885, 3636.6873561420443, 3747.57465, 3737.9447866167066, 3957.4859739421845, 4022.1083150241852, 4221.270010800934, 4519.451838655472, 4611.851274707222, 4750.692749829102, 4824.241562864685, 4897.229487112999, 5024.80401171875, 5091.0428743152615, 5196.78208297348, 5466.497473480988, 5736.393837712097, 5803.023964502334, 5909.197604179382, 5965.239541454315, 6087.592500000001, 6223.306069400024]
shares:[0, 8.3333, 16.8007, 26.9324, 37.1678, 45.7294, 54.8369, 63.3766, 71.8872, 80.1722, 87.136, 94.1486, 100.4498, 107.1165, 113.5681, 120.1514, 126.5249, 132.9352, 138.9161, 145.0286, 151.1561, 158.4554, 164.8208, 170.9184, 177.1296, 183.2721, 188.8369, 194.3284, 199.8441, 205.8465, 211.7777, 217.7657, 223.7358, 229.8859, 235.8454, 241.8586, 247.7271, 253.3325, 258.9473, 264.5152, 270.1143, 275.7449, 281.344, 286.981, 292.6116, 298.0642, 303.3524, 308.6715, 313.985, 319.3383, 324.6716, 329.9738]
growth_rate:22.03
