ticker:FNX
price:[67.05000305175781, 65.16999816894531, 66.48999786376953, 64.47000122070312, 67.30999755859375, 71.19999694824219, 71.26000213623047, 71.44999694824219, 67.37000274658203, 71.7699966430664, 75.19000244140625, 76.77999877929688, 79.0999984741211, 80.86000061035156, 81.30000305175781, 83.19000244140625, 83.79000091552734, 83.04000091552734, 87.0, 87.91999816894531, 89.01000213623047, 84.83999633789062, 90.47000122070312, 93.06999969482422, 93.05999755859375, 90.45999908447266, 91.12000274658203, 95.58999633789062, 94.63999938964844, 93.83000183105469, 95.12000274658203, 95.9800033569336, 97.5999984741211, 98.12000274658203, 98.05999755859375, 99.69999694824219, 97.88999938964844, 96.80999755859375, 98.95999908447266, 99.91000366210938, 100.86000061035156, 96.41999816894531, 100.45999908447266, 100.27999877929688, 99.6500015258789, 95.87000274658203, 98.13999938964844, 99.23999786376953, 100.30000305175781, 100.95999908447266, 98.77999877929688, 102.5]
assets:[0, 99.99684519042968, 202.02320950927736, 295.885070602417, 408.9216971679687, 532.5546171737672, 633.0025989761352, 734.6917386199951, 792.7360853187561, 944.5075098220825, 1089.5181733764648, 1212.5558087219238, 1349.1928539733885, 1479.2124211654664, 1587.2606095809936, 1724.1627145996094, 1836.6014090675353, 1920.1588531700136, 2111.7249, 2234.055945472717, 2361.755792681885, 2351.111430514526, 2607.1283071777343, 2782.0577378776547, 2881.761026397705, 2901.251182637024, 3022.4231551033017, 3270.688196697998, 3338.1799144714355, 3409.6133725372315, 3556.4893426933286, 3688.6459010116573, 3850.9055397949223, 3971.426735168457, 4068.9995986938475, 4237.050470306396, 4260.133617437744, 4313.137097229003, 4508.924334285736, 4652.2094105224605, 4796.447759025574, 4685.2984030242915, 4981.610434600831, 5072.683794250488, 5140.814033718109, 5045.810810557556, 5265.28947925415, 5424.309423236847, 5582.246819847107, 5718.980108139038, 5695.496681616211, 6009.985]
shares:[0, 1.5344, 3.0384, 4.5895, 6.0752, 7.4797, 8.883, 10.2826, 11.7669, 13.1602, 14.4902, 15.7926, 17.0568, 18.2935, 19.5235, 20.7256, 21.9191, 23.1233, 24.2727, 25.4101, 26.5336, 27.7123, 28.8176, 29.8921, 30.9667, 32.0722, 33.1697, 34.2158, 35.2724, 36.3382, 37.3895, 38.4314, 39.456, 40.4752, 41.495, 42.498, 43.5196, 44.5526, 45.5631, 46.564, 47.5555, 48.5926, 49.588, 50.5852, 51.5887, 52.6318, 53.6508, 54.6585, 55.6555, 56.646, 57.6584, 58.634]
growth_rate:17.84
