ticker:FNY
price:[51.41999816894531, 50.810001373291016, 52.2599983215332, 52.2400016784668, 54.11000061035156, 57.58000183105469, 57.54999923706055, 56.66999816894531, 53.43000030517578, 58.25, 57.84000015258789, 59.22999954223633, 60.75, 61.79999923706055, 63.220001220703125, 66.16000366210938, 67.18000030517578, 65.37999725341797, 68.86000061035156, 69.26000213623047, 70.9000015258789, 67.75, 72.69999694824219, 74.79000091552734, 73.52999877929688, 68.97000122070312, 66.29000091552734, 69.43000030517578, 68.66000366210938, 67.66000366210938, 69.0999984741211, 69.38999938964844, 70.13999938964844, 70.62999725341797, 70.19999694824219, 68.77999877929688, 66.79000091552734, 66.81999969482422, 69.75, 70.72000122070312, 73.12999725341797, 71.37999725341797, 74.8499984741211, 75.23999786376953, 74.37000274658203, 70.31999969482422, 73.2699966430664, 73.5199966430664, 74.0999984741211, 73.4800033569336, 71.81999969482422, 75.27999877929688]
assets:[0, 99.99916370277404, 202.8524094848633, 302.77260172805785, 413.61143366546634, 540.1349651763916, 639.8524015174866, 730.0682524108887, 788.3275965026855, 959.441575, 1052.6880027770997, 1177.983999895859, 1308.2148000000002, 1430.8244823360444, 1563.7024761932373, 1736.4222241149903, 1863.1902824638366, 1913.2671636245727, 2115.103778747559, 2227.387816700744, 2380.12723122406, 2374.3800499999998, 2647.8574788497926, 2823.980686569214, 2876.4053162475584, 2798.023288522339, 2789.297626522827, 3021.420038280487, 3087.915004699707, 3142.9424901123048, 3309.8346469116213, 3423.723386885071, 3560.7272090148927, 3685.600390678406, 3763.162096406555, 3787.0404887878417, 3777.468797779846, 3879.1682622833255, 4149.267075, 4306.968298342896, 4553.739111972809, 4544.7715631248475, 4865.706485808563, 4991.060306292725, 5033.346911888122, 4859.245586911774, 5163.094872447968, 5280.713446881866, 5422.371128341675, 5477.0010542167665, 5453.271030828094, 5815.989673690796]
shares:[0, 1.9681, 3.8816, 5.7958, 7.6439, 9.3806, 11.1182, 12.8828, 14.7544, 16.4711, 18.2, 19.8883, 21.5344, 23.1525, 24.7343, 26.2458, 27.7343, 29.2638, 30.716, 32.1598, 33.5702, 35.0462, 36.4217, 37.7588, 39.1188, 40.5687, 42.0772, 43.5175, 44.974, 46.452, 47.8992, 49.3403, 50.766, 52.1818, 53.6063, 55.0602, 56.5574, 58.054, 59.4877, 60.9017, 62.2691, 63.6701, 65.0061, 66.3352, 67.6798, 69.1019, 70.4667, 71.8269, 73.1764, 74.5373, 75.9297, 77.2581]
growth_rate:14.04
