ticker:FOCS
price:[33.90999984741211, 31.639999389648438, 31.31999969482422, 31.510000228881836, 32.95000076293945, 37.470001220703125, 39.220001220703125, 39.9900016784668, 36.5099983215332, 37.4900016784668, 37.529998779296875, 38.61000061035156, 40.630001068115234, 42.41999816894531, 44.93000030517578, 46.16999816894531, 44.709999084472656, 43.5, 47.66999816894531, 49.720001220703125, 51.63999938964844, 47.58000183105469, 52.0, 52.81999969482422, 52.959999084472656, 47.0099983215332, 47.09000015258789, 47.2400016784668, 44.380001068115234, 43.470001220703125, 43.25, 43.369998931884766, 44.06999969482422, 46.16999816894531, 47.060001373291016, 48.41999816894531, 47.130001068115234, 47.709999084472656, 50.689998626708984, 52.0, 53.040000915527344, 53.22999954223633, 51.470001220703125, 50.189998626708984, 52.36000061035156, 49.849998474121094, 50.11000061035156, 51.33000183105469, 50.4900016784668, 49.90999984741211, 49.11000061035156, 52.09000015258789]
assets:[0, 100.00138207092286, 198.98848606109618, 300.19577218055724, 413.9146145839691, 570.6943475921631, 697.3473097045899, 811.037224040985, 840.4601613616943, 963.020669115448, 1064.046772390747, 1194.666777885437, 1357.16798867836, 1516.960344520569, 1706.719977592468, 1853.8223834793089, 1895.1987381919862, 1943.9106000000002, 2230.2599323333743, 2426.1719835662843, 2619.862417034912, 2513.884638743591, 2847.416, 2992.316366711426, 3100.2465704055785, 2851.9367641731264, 2956.790527581024, 3066.2115129444123, 2980.578623735046, 3019.461060791016, 3104.1779250000004, 3212.7888028755187, 3364.6431157005313, 3624.9727682373045, 3794.8479207401274, 4004.5178445648194, 3997.830618603515, 4147.029456420898, 4506.057013922119, 4722.51, 4916.96190087204, 5034.573201704025, 4968.110985827637, 4944.558056707764, 5258.342073295593, 5106.269938700104, 5232.902176737975, 5460.3059397811885, 5470.950160873795, 5508.102520160293, 5519.811827601624, 5954.756920443344]
shares:[0, 3.1606, 6.3534, 9.527, 12.5619, 15.2307, 17.7804, 20.281, 23.02, 25.6874, 28.3519, 30.9419, 33.4031, 35.7605, 37.9862, 40.1521, 42.3887, 44.6876, 46.7854, 48.7967, 50.7332, 52.8349, 54.758, 56.6512, 58.5394, 60.6666, 62.7902, 64.9071, 67.1604, 69.4608, 71.7729, 74.0786, 76.3477, 78.5136, 80.6385, 82.7038, 84.8256, 86.9216, 88.8944, 90.8175, 92.7029, 94.5815, 96.5244, 98.5168, 100.4267, 102.4327, 104.4283, 106.3765, 108.3571, 110.3607, 112.3969, 114.3167]
growth_rate:16.76
