ticker:FOLD
price:[13.609999656677246, 12.890000343322754, 14.600000381469727, 13.800000190734863, 13.470000267028809, 15.119999885559082, 17.170000076293945, 18.479999542236328, 17.829999923706055, 20.469999313354492, 21.979999542236328, 21.979999542236328, 23.239999771118164, 23.18000030517578, 22.100000381469727, 23.969999313354492, 24.229999542236328, 23.09000015258789, 23.149999618530273, 21.84000015258789, 21.09000015258789, 18.90999984741211, 20.09000015258789, 12.569999694824219, 12.220000267028809, 12.279999732971191, 10.479999542236328, 10.779999732971191, 10.25, 9.59000015258789, 10.0600004196167, 9.1899995803833, 9.9399995803833, 10.010000228881836, 9.84000015258789, 9.75, 9.489999771118164, 8.960000038146973, 9.260000228881836, 9.479999542236328, 10.619999885559082, 9.930000305175781, 10.380000114440918, 9.6899995803833, 9.619999885559082, 9.300000190734863, 8.819999694824219, 9.289999961853027, 10.5, 10.479999542236328, 10.539999961853027, 11.260000228881836]
assets:[0, 100.00062266349792, 213.26658557224275, 301.58106416826246, 394.36927981796265, 542.6779638925552, 716.25513818264, 870.903242427063, 940.270394976616, 1179.4915954351425, 1366.4987695407867, 1466.4989754581452, 1650.5652077442169, 1746.3047289909362, 1764.9413904647827, 2014.2829372987749, 2136.13129764328, 2135.628749113083, 2241.179243069458, 2214.3576154708862, 2238.315460194397, 2106.9484009986877, 2338.423783760834, 1563.1146580505372, 1619.591177390957, 1727.5429944345472, 1574.3202032341003, 1719.3862414094926, 1734.852475, 1723.1446534172057, 1907.5953875684738, 1842.624323865509, 2093.002095643997, 2207.7415864807126, 2270.2474432044983, 2349.48285, 2386.8298424339296, 2353.529482020092, 2532.3304105922703, 2692.49335398674, 3116.2743564190864, 3013.8047426223757, 3250.381817835903, 3134.315636271286, 3211.6735177934643, 3204.8405157284733, 3139.4294993743893, 3406.7238090111737, 3950.4412500000003, 4042.9165834064484, 4166.063572921944, 4550.652524501037]
shares:[0, 7.758, 14.6073, 21.8537, 29.2776, 35.8914, 41.7155, 47.1268, 52.7353, 57.6205, 62.1701, 66.7197, 71.0226, 75.3367, 79.8616, 84.0335, 88.1606, 92.4915, 96.8112, 101.39, 106.1316, 111.4198, 116.3974, 124.3528, 132.5361, 140.6794, 150.2214, 159.4978, 169.2539, 179.6814, 189.6218, 200.5032, 210.5636, 220.5536, 230.7162, 240.9726, 251.51, 262.6707, 273.4698, 284.0183, 293.4345, 303.505, 313.1389, 323.4588, 333.8538, 344.6065, 355.9444, 366.7087, 376.2325, 385.7745, 395.2622, 404.1432]
growth_rate:-10.77
