ticker:FONR
price:[25.3799991607666, 24.68000030517578, 25.34000015258789, 21.809999465942383, 21.690000534057617, 20.3799991607666, 21.25, 21.399999618530273, 19.639999389648438, 18.520000457763672, 19.5, 20.219999313354492, 19.290000915527344, 19.489999771118164, 19.0, 17.780000686645508, 17.059999465942383, 17.360000610351562, 19.139999389648438, 18.459999084472656, 18.3799991607666, 17.81999969482422, 18.229999542236328, 18.170000076293945, 19.389999389648438, 19.389999389648438, 20.040000915527344, 20.030000686645508, 18.110000610351562, 18.43000030517578, 18.540000915527344, 18.6200008392334, 18.31999969482422, 17.899999618530273, 17.149999618530273, 17.190000534057617, 19.0, 18.540000915527344, 18.100000381469727, 18.15999984741211, 17.989999771118164, 16.850000381469727, 17.540000915527344, 17.399999618530273, 17.049999237060547, 17.309999465942383, 17.030000686645508, 16.920000076293945, 16.780000686645508, 16.950000762939453, 16.549999237060547, 16.600000381469727]
assets:[0, 100.00089323654174, 202.67438922042845, 274.4417662797928, 372.9313621824264, 450.4081714525223, 569.636, 673.6570079916, 718.2524536788941, 777.2936792125702, 918.42465, 1052.3357102640152, 1103.9339593940733, 1215.3788447271347, 1284.8237, 1302.3245982944488, 1349.58755575161, 1473.3206837997436, 1724.3876210113526, 1763.1237425575255, 1855.4829712783815, 1898.9508454795837, 2042.642280708313, 2135.919848968506, 2379.333252104187, 2479.333295956421, 2662.44638563385, 2761.117567653465, 2596.447086506653, 2742.3250694091794, 2858.6920111656186, 2971.0278159090044, 3023.1590216400145, 3053.8509149188994, 3025.8961976945875, 3132.9532333343504, 3562.8343999999997, 3576.5756786155703, 3591.6952956974033, 3703.6012168807983, 3768.9301380489346, 3630.0983671823506, 3878.750198457337, 3947.790213450432, 3968.3805024261474, 4128.895318613052, 4162.1083258152, 4235.224915097046, 4300.182249965477, 4443.747800018311, 4438.88026037178, 4552.291144612122]
shares:[0, 4.0519, 7.9982, 12.5833, 17.1937, 22.1005, 26.8064, 31.4793, 36.5709, 41.9705, 47.0987, 52.0443, 57.2283, 62.3591, 67.6223, 73.2466, 79.1083, 84.8687, 90.0934, 95.5105, 100.9512, 106.5629, 112.0484, 117.552, 122.7093, 127.8666, 132.8566, 137.8491, 143.3709, 148.7968, 154.1905, 159.5611, 165.0196, 170.6062, 176.4371, 182.2544, 187.5176, 192.9113, 198.4362, 203.9428, 209.5014, 215.4361, 221.1374, 226.8845, 232.7496, 238.5266, 244.3986, 250.3088, 256.2683, 262.168, 268.2103, 274.2344]
growth_rate:-10.74
