ticker:FORA
price:[12.180000305175781, 12.460000038146973, 15.350000381469727, 10.4399995803833, 9.75, 11.420000076293945, 12.050000190734863, 12.4399995803833, 11.319999694824219, 11.0, 9.390000343322754, 9.890000343322754, 9.970000267028809, 11.350000381469727, 11.979999542236328, 12.510000228881836, 11.699999809265137, 12.329999923706055, 12.1899995803833, 11.84000015258789, 12.279999732971191, 10.680000305175781, 11.420000076293945, 10.369999885559082, 10.140000343322754, 10.520000457763672, 10.359999656677246]
assets:[0, 100.00022230615616, 223.19514554672242, 251.8013058793068, 335.159175, 492.5663012907028, 619.7399448096276, 739.7980670456886, 773.1922031555176, 851.3350999999999, 826.7303732274056, 970.7519946988106, 1078.6044788885117, 1327.9001046302794, 1501.6066866226197, 1668.03839451828, 1660.0357529378891, 1849.4223095563887, 1928.4225826178551, 1973.0531454277038, 2146.375717327023, 1966.717784197998, 2202.988818717575, 2100.437254820061, 2153.8506549256326, 2334.566941585541, 2399.0599404969216]
shares:[0, 8.0257, 14.5404, 24.1189, 34.3753, 43.1319, 51.4307, 59.4693, 68.3032, 77.3941, 88.0437, 98.1549, 108.185, 116.9956, 125.3428, 133.3364, 141.8834, 149.9937, 158.1971, 166.643, 174.7863, 184.1496, 192.9062, 202.5494, 212.4113, 221.917, 231.5695]
growth_rate:-7.73
