ticker:FORD
price:[1.5199999809265137, 1.4500000476837158, 1.440000057220459, 1.409999966621399, 1.440000057220459, 1.6299999952316284, 1.7000000476837158, 1.5, 1.5199999809265137, 1.5800000429153442, 1.6299999952316284, 1.7000000476837158, 1.9700000286102295, 1.8700000047683716, 1.7100000381469727, 1.75, 1.8799999952316284, 1.8200000524520874, 1.9199999570846558, 2.059999942779541, 2.799999952316284, 3.1500000953674316, 4.340000152587891, 4.199999809265137, 4.590000152587891, 3.619999885559082, 3.2300000190734863, 3.4200000762939453, 2.9600000381469727, 2.9200000762939453, 2.819999933242798, 2.950000047683716, 2.75, 2.700000047683716, 2.700000047683716, 2.430000066757202, 2.2100000381469727, 2.6500000953674316, 2.8499999046325684, 2.7100000381469727, 2.930000066757202, 3.0, 3.069999933242798, 3.130000114440918, 2.7699999809265137, 2.5399999618530273, 2.5799999237060547, 2.619999885559082, 2.7300000190734863, 2.5999999046325684, 2.4200000762939453, 2.6500000953674316]
assets:[0, 99.99997828853131, 199.310263919878, 295.157972012794, 401.4378879517078, 554.4053783781528, 678.2141690233946, 698.4243, 807.7366538642407, 939.620969521618, 1069.3557918717265, 1215.279034087658, 1508.29387990489, 1531.730654905808, 1500.6734614772797, 1635.776975, 1857.2918512892247, 1898.016720700514, 2102.303185009861, 2355.5961325687886, 3301.781223771, 3814.503955485535, 5355.53892229271, 5282.7790800928115, 5873.323344250107, 4732.11959840107, 4322.305921523666, 4676.559404325485, 4147.548501451492, 4191.500677515793, 4147.9559498064045, 4439.17393675468, 4238.2128250000005, 4261.154385254693, 4361.154287020754, 4025.0389885762693, 3760.632199912548, 4609.355310880137, 5057.23078077364, 4908.805723098183, 5407.306626200223, 5636.4912, 5868.009231400037, 6082.693860399056, 5483.086711244917, 5127.812374987983, 5308.565273018838, 5490.868428160286, 5821.401262671948, 5644.191332972288, 5353.439952774811, 5962.23786456728]
shares:[0, 68.9655, 138.4099, 209.3319, 278.7763, 340.126, 398.9495, 465.6162, 531.4057, 594.6968, 656.0465, 714.87, 765.6314, 819.1073, 877.5868, 934.7297, 987.9212, 1042.8663, 1094.9496, 1143.4933, 1179.2076, 1210.9536, 1233.9951, 1257.8046, 1279.5911, 1307.2154, 1338.1752, 1367.415, 1401.1988, 1435.4454, 1470.9064, 1504.8047, 1541.1683, 1578.2053, 1615.2423, 1656.3946, 1701.6435, 1739.3793, 1774.467, 1811.3674, 1845.4971, 1878.8304, 1911.4037, 1943.3526, 1979.4537, 2018.8238, 2057.5835, 2095.7514, 2132.3814, 2170.8429, 2212.1652, 2249.901]
growth_rate:16.91
