ticker:FOREU
price:[10.34000015258789, 10.390000343322754, 10.199999809265137, 10.140000343322754, 10.029999732971191, 10.0, 9.979999542236328, 9.949999809265137, 9.949999809265137, 10.029999732971191, 10.0, 10.0, 9.99899959564209, 10.0, 9.949999809265137, 10.25, 10.260000228881836, 10.270000457763672, 10.329999923706055, 10.350000381469727, 10.3100004196167, 10.399999618530273, 10.34000015258789, 10.25, 10.260000228881836, 10.234999656677246, 10.260000228881836, 10.114999771118164, 10.050000190734863, 10.069999694824219, 10.069999694824219]
assets:[0, 99.99959730434416, 198.1706962943077, 297.0046660560608, 393.7828045163155, 492.605, 591.6193628635407, 689.8414467761993, 789.8419298592568, 896.1925121406556, 993.5120000000001, 1093.5120000000002, 1193.4025995389939, 1293.5220000000002, 1387.0548484110832, 1528.8756500000002, 1630.367388370514, 1731.9564981983185, 1842.07451039505, 1945.640681710434, 2038.1210919514656, 2155.912640921593, 2243.4750031070707, 2323.94765, 2426.21508612442, 2520.303161458969, 2626.459510591507, 2689.3407366456986, 2772.058387609768, 2877.5749167938234, 2977.5750487632754]
shares:[0, 9.6246, 19.4285, 29.2904, 39.2605, 49.2605, 59.2805, 69.3308, 79.3811, 89.3512, 99.3512, 109.3512, 119.3522, 129.3522, 139.4025, 149.1586, 158.9052, 168.6423, 178.3228, 187.9846, 197.6839, 207.2993, 216.9705, 226.7266, 236.4732, 246.2436, 255.9902, 265.8765, 275.8267, 285.7572, 295.6877]
growth_rate:-0.75
