ticker:FORE
price:[9.770000457763672, 9.850000381469727, 9.729999542236328, 9.789999961853027, 9.720000267028809, 9.710000038146973, 9.6899995803833, 9.920000076293945, 9.899999618530273, 9.869999885559082, 10.0, 9.899999618530273, 9.899999618530273, 9.949999809265137, 9.869999885559082, 9.869999885559082, 9.859999656677246, 9.859999656677246, 9.850000381469727, 9.75, 9.800000190734863, 9.8100004196167, 9.8100004196167]
assets:[0, 100.00015887279511, 198.78194464797974, 300.0076958310127, 397.86293893013004, 497.45398295431136, 596.4291641721726, 710.5854774650575, 809.1527088214875, 906.7006304869652, 1018.643, 1108.4564272886275, 1208.4563234354018, 1314.5601448007585, 1403.990704720974, 1503.9905825614928, 1602.4668642024992, 1702.4669807205198, 1800.7406247388842, 1882.458825, 1992.1126787719727, 2094.1456945757864, 2194.1458958532335]
shares:[0, 10.1523, 20.4298, 30.6443, 40.9324, 51.2311, 61.551, 71.6316, 81.7326, 91.8643, 101.8643, 111.9653, 122.0663, 132.1166, 142.2483, 152.38, 162.522, 172.664, 182.8163, 193.0727, 203.2768, 213.4705, 223.6642]
growth_rate:-0.27
