ticker:FORM
price:[24.110000610351562, 22.43000030517578, 24.350000381469727, 23.940000534057617, 25.229999542236328, 29.079999923706055, 29.09000015258789, 29.6200008392334, 28.350000381469727, 33.79999923706055, 37.52000045776367, 39.709999084472656, 41.54999923706055, 43.849998474121094, 41.869998931884766, 42.9900016784668, 42.58000183105469, 43.02000045776367, 44.7400016784668, 48.81999969482422, 49.290000915527344, 40.869998931884766, 45.630001068115234, 50.400001525878906, 49.15999984741211, 45.369998931884766, 42.91999816894531, 45.060001373291016, 43.68000030517578, 45.400001525878906, 49.75, 50.849998474121094, 49.369998931884766, 48.959999084472656, 39.150001525878906, 38.689998626708984, 33.79999923706055, 34.09000015258789, 35.25, 34.90999984741211, 33.81999969482422, 33.61000061035156, 35.619998931884766, 36.529998779296875, 35.22999954223633, 33.84000015258789, 36.31999969482422, 37.2599983215332, 38.650001525878906, 34.970001220703125, 35.150001525878906, 39.25]
assets:[0, 99.99967036056519, 208.56018826732634, 305.04827480506896, 421.48480335273746, 585.8020584630966, 686.0032925983429, 798.5019066242219, 864.2639366292952, 1130.4105544841766, 1354.8209525295256, 1533.901960635376, 1704.9751336933136, 1899.3539139068603, 1913.5887481838226, 2064.775388615418, 2145.0825582443235, 2267.2486681251526, 2457.894894210434, 2782.0369746093747, 2908.819830029297, 2511.919178352356, 2904.472768988419, 3308.094820153808, 3326.7063496742253, 3170.2332123653414, 3099.0384677886964, 3353.5590602062225, 3350.8544394111636, 3582.800140416718, 4026.0884, 4215.1089235153195, 4192.4262542972565, 4257.610480384827, 3504.5241315895078, 3563.345004520035, 3212.97722747612, 3340.5438859523774, 3554.2152, 3619.933087177658, 3606.9063494529723, 3684.509760910034, 4004.8562159088133, 4207.170918411255, 4157.449969979858, 4093.418394457626, 4493.408666244507, 4709.701047840118, 4985.397991820527, 4610.721223947144, 4734.455640525055, 5386.697475]
shares:[0, 4.4583, 8.5651, 12.7422, 16.7057, 20.1445, 23.5821, 26.9582, 30.4855, 33.4441, 36.1093, 38.6276, 41.0343, 43.3148, 45.7031, 48.0292, 50.3777, 52.7022, 54.9373, 56.9856, 59.0144, 61.4612, 63.6527, 65.6368, 67.671, 69.8751, 72.205, 74.4243, 76.7137, 78.9163, 80.9264, 82.893, 84.9185, 86.961, 89.5153, 92.0999, 95.0585, 97.9919, 100.8288, 103.6933, 106.6501, 109.6254, 112.4328, 115.1703, 118.0088, 120.9639, 123.7172, 126.401, 128.9883, 131.8479, 134.6929, 137.2407]
growth_rate:5.62
