ticker:FORR
price:[34.869998931884766, 33.83000183105469, 33.27000045776367, 33.16999816894531, 33.619998931884766, 36.5, 37.959999084472656, 38.0, 36.939998626708984, 40.029998779296875, 41.619998931884766, 41.81999969482422, 43.25, 43.959999084472656, 43.86000061035156, 42.150001525878906, 40.43000030517578, 41.900001525878906, 43.88999938964844, 41.27000045776367, 44.13999938964844, 39.65999984741211, 43.68000030517578, 43.290000915527344, 42.650001525878906, 45.18000030517578, 46.0, 45.310001373291016, 43.66999816894531, 42.970001220703125, 43.29999923706055, 41.81999969482422, 43.279998779296875, 44.13999938964844, 43.45000076293945, 46.22999954223633, 45.27000045776367, 43.9900016784668, 42.90999984741211, 41.189998626708984, 41.0, 43.27000045776367, 45.41999816894531, 45.45000076293945, 46.34000015258789, 46.79999923706055, 47.41999816894531, 46.849998474121094, 45.849998474121094, 44.58000183105469, 45.93000030517578, 47.7400016784668]
assets:[0, 100.00148541259766, 198.34576172904968, 297.7504885635376, 401.7892452350617, 536.2069, 657.6569841384887, 758.3508, 837.1970468761443, 1007.2268232849121, 1147.2344605579376, 1252.7473648582459, 1395.5823500000001, 1518.4926643753051, 1615.0392584747315, 1652.0735248069761, 1684.657467716217, 1845.908757222748, 2033.5772867202759, 2012.1849043190002, 2252.1154628585814, 2123.5352018299104, 2438.781089038849, 2517.0061942314146, 2579.796232296753, 2832.831199134827, 2984.2454, 3039.4809811229707, 3029.46637897644, 3080.906117523193, 3204.5679935359954, 3195.0354306846616, 3406.577359918213, 3574.2673485763553, 3618.394403535461, 3949.905029888534, 3967.8838511226654, 3955.6909259319305, 3958.5762159233095, 3899.902021975708, 3981.9118, 4302.375088515853, 4616.152505905151, 4719.20083921814, 4911.613688172913, 5060.371597505188, 5227.409886151123, 5264.576493535615, 5252.204440207673, 5206.725771858216, 5464.397775307465, 5779.738783206939]
shares:[0, 2.956, 5.9617, 8.9765, 11.9509, 14.6906, 17.325, 19.9566, 22.6637, 25.1618, 27.5645, 29.9557, 32.2678, 34.5426, 36.8226, 39.1951, 41.6685, 44.0551, 46.3335, 48.7566, 51.0221, 53.5435, 55.8329, 58.1429, 60.4876, 62.701, 64.8749, 67.0819, 69.3718, 71.699, 74.0085, 76.3997, 78.7102, 80.9757, 83.2772, 85.4403, 87.6493, 89.9225, 92.253, 94.6808, 97.1198, 99.4309, 101.6326, 103.8328, 105.9908, 108.1276, 110.2364, 112.3709, 114.5519, 116.7951, 118.9723, 121.067]
growth_rate:13.33
