ticker:FORTY
price:[82.22000122070312, 83.62000274658203, 83.62000274658203, 77.45999908447266, 85.12999725341797, 86.5, 86.0, 85.19999694824219, 85.19999694824219, 89.83999633789062, 79.94999694824219, 81.94999694824219, 79.0, 81.0, 78.0, 78.36000061035156, 81.80000305175781, 85.5, 84.9000015258789, 84.19999694824219, 92.9000015258789, 86.4000015258789, 91.9000015258789, 91.4000015258789, 89.5, 80.0999984741211, 86.5, 91.0, 87.47000122070312, 92.2300033569336, 89.0, 92.55000305175781, 92.30000305175781, 92.55000305175781, 94.4000015258789, 91.4000015258789, 87.30000305175781, 86.55000305175781, 87.25, 87.5999984741211, 86.4000015258789, 83.0, 88.80000305175781, 89.18000030517578, 88.25, 86.4000015258789, 86.5999984741211, 88.51000213623047, 91.8499984741211, 92.6500015258789, 92.08999633789062, 96.25]
assets:[0, 100.00116128463745, 200.0023225692749, 285.26968462829586, 413.5189616584778, 520.1764000000001, 617.1704, 711.428494517517, 811.4277309356689, 955.6190570465088, 950.4215787216187, 1074.2005599975587, 1135.5302, 1264.2803999999999, 1317.459, 1423.5426230880737, 1586.0366191711425, 1757.7774000000002, 1845.445863167572, 1930.2259900405884, 2229.6650666221617, 2173.659878388214, 2412.025820048523, 2498.903461717987, 2546.9552, 2379.450554672241, 2669.5716500000003, 2908.451, 2895.6244144104003, 3153.1962467681888, 3142.7679999999996, 3368.1259860610962, 3459.025684367371, 3568.3949376647947, 3739.722140448761, 3720.8757821182253, 3653.967817732239, 3722.5762162582396, 3852.6807999999996, 3968.139770880127, 4013.7811908859258, 3955.8298, 4332.259108885193, 4450.795455230713, 4504.377075, 4509.950479648591, 4620.387038589478, 4822.290446388244, 5104.260560204315, 5248.7152364425665, 5316.990909561157, 5657.180375]
shares:[0, 1.1959, 2.3918, 3.6828, 4.8575, 6.0136, 7.1764, 8.3501, 9.5238, 10.6369, 11.8877, 13.108, 14.3738, 15.6084, 16.8905, 18.1667, 19.3892, 20.5588, 21.7367, 22.9243, 24.0007, 25.1581, 26.2462, 27.3403, 28.4576, 29.706, 30.8621, 31.961, 33.1042, 34.1884, 35.312, 36.3925, 37.4759, 38.5564, 39.6157, 40.7098, 41.8553, 43.0107, 44.1568, 45.2984, 46.4558, 47.6606, 48.7867, 49.908, 51.0411, 52.1985, 53.3532, 54.483, 55.5717, 56.651, 57.7369, 58.7759]
growth_rate:10.93
