ticker:FOSL
price:[6.630000114440918, 7.21999979019165, 8.109999656677246, 6.070000171661377, 5.909999847412109, 6.730000019073486, 5.679999828338623, 6.079999923706055, 5.710000038146973, 5.929999828338623, 7.769999980926514, 11.09000015258789, 11.149999618530273, 11.720000267028809, 13.289999961853027, 9.079999923706055, 9.1899995803833, 8.670000076293945, 9.8100004196167, 9.829999923706055, 9.869999885559082, 14.5, 17.260000228881836, 16.079999923706055, 16.010000228881836, 15.140000343322754, 15.949999809265137, 14.510000228881836, 14.4399995803833, 13.829999923706055, 12.479999542236328, 13.0, 13.220000267028809, 12.630000114440918, 12.899999618530273, 12.25, 12.15999984741211, 12.109999656677246, 14.119999885559082, 14.149999618530273, 15.619999885559082, 12.350000381469727, 13.579999923706055, 13.619999885559082, 13.420000076293945, 12.0, 12.529999732971191, 12.619999885559082, 12.630000114440918, 13.869999885559082, 13.420000076293945, 13.970000267028809]
assets:[0, 99.99988509407044, 212.32709001150133, 258.9182853222847, 352.0935599094391, 500.94553241972926, 522.7888882002354, 659.6052077230454, 719.4645728065491, 847.1846814757348, 1210.0547310296058, 1827.0919421390531, 1936.9768187311172, 2135.9970046666144, 2522.13366476059, 1823.1731846809387, 1945.2600771791458, 1935.1908350292206, 2289.64526893816, 2394.312741416931, 2504.0554899659155, 3778.70435, 4597.9605009727475, 4383.615411201286, 4464.53265382576, 4321.925058006286, 4653.150864356232, 4333.05462234993, 4412.150535785865, 4325.76535513668, 4003.5102211521153, 4270.3232, 4442.590343735218, 4344.320931364059, 4537.191735829353, 4408.5741, 4476.1847118312835, 4557.778809785365, 5414.273008117962, 5525.775781030655, 6199.830998576545, 5001.915644500351, 5600.082344538117, 5716.576817966938, 5732.633510590554, 5226.0504, 5556.866931576729, 5696.780266340352, 5801.295010565757, 6470.859814609146, 6360.918996162414, 6721.612542479897]
shares:[0, 13.8504, 26.1809, 42.6554, 59.5759, 74.4347, 92.0403, 108.4877, 126.0008, 142.8642, 155.7342, 164.7513, 173.7199, 182.2523, 189.7768, 200.79, 211.6714, 223.2054, 233.3991, 243.572, 253.7037, 260.6003, 266.394, 272.6129, 278.859, 285.464, 291.7336, 298.6254, 305.5506, 312.7813, 320.7941, 328.4864, 336.0507, 343.9684, 351.7203, 359.8836, 368.1073, 376.3649, 383.4471, 390.5142, 396.9162, 405.0134, 412.3772, 419.7193, 427.1709, 435.5042, 443.485, 451.4089, 459.3266, 466.5364, 473.988, 481.1462]
growth_rate:31.8
