ticker:FOX
price:[27.760000228881836, 28.139999389648438, 28.0, 26.780000686645508, 28.170000076293945, 29.200000762939453, 27.1200008392334, 26.934999465942383, 26.139999389648438, 25.604999542236328, 26.209999084472656, 27.440000534057617, 28.729999542236328, 29.2549991607666, 28.719999313354492, 27.790000915527344, 28.0, 28.8799991607666, 29.6200008392334, 30.389999389648438, 29.170000076293945, 29.889999389648438, 30.309999465942383, 31.450000762939453, 32.369998931884766, 31.93000030517578, 39.040000915527344, 40.0, 40.349998474121094, 36.16999816894531, 35.0, 36.08000183105469, 36.720001220703125, 37.34000015258789, 36.380001068115234, 37.16999816894531, 36.27000045776367, 36.380001068115234, 36.279998779296875, 35.66999816894531, 36.20000076293945, 35.779998779296875, 36.38999938964844, 35.369998931884766, 34.5099983215332, 33.369998931884766, 34.0099983215332, 33.2400016784668, 33.7400016784668, 34.06999969482422, 34.0099983215332, 34.529998779296875]
assets:[0, 100.00111583099365, 199.50279999999998, 290.8093834564209, 405.9043480993271, 520.7469736061096, 583.6522500612259, 679.6696960237502, 759.6100842636108, 844.063688909912, 964.0063873268127, 1109.2455575889587, 1261.39350290184, 1384.4431017847062, 1459.1253091148376, 1511.8760938079834, 1623.3, 1774.3178364395142, 1919.7818483938217, 2069.689635432434, 2086.6030304574965, 2238.106363298035, 2369.5539212488175, 2558.677712070465, 2733.5266408016205, 2796.3719527267453, 3519.0539705253605, 3705.588, 3838.01115486145, 3540.4170797714232, 3525.893, 3734.691501535034, 3900.93831368103, 4066.8039686187744, 4062.2491272674565, 4250.4599136154175, 4247.543483608246, 4360.426892021942, 4448.4393983245845, 4473.645562353516, 4640.11609779358, 4686.2817621185295, 4866.17624938202, 4829.780428148651, 4812.34679494133, 4753.376149852753, 4944.540204976272, 4932.593541073227, 5106.788808047867, 5256.735206913758, 5347.477061090469, 5529.236909530639]
shares:[0, 3.5537, 7.1251, 10.8592, 14.4091, 17.8338, 21.5211, 25.2337, 29.0593, 32.9648, 36.7801, 40.4244, 43.9051, 47.3233, 50.8052, 54.4036, 57.975, 61.4376, 64.8137, 68.1043, 71.5325, 74.8781, 78.1773, 81.357, 84.4463, 87.5782, 90.1397, 92.6397, 95.118, 97.8827, 100.7398, 103.5114, 106.2347, 108.9128, 111.6616, 114.3519, 117.109, 119.8578, 122.6141, 125.4176, 128.18, 130.9749, 133.7229, 136.5502, 139.4479, 142.4446, 145.3849, 148.3933, 151.3571, 154.2922, 157.2325, 160.1285]
growth_rate:8.42
