ticker:FOXA
price:[27.65999984741211, 28.139999389648438, 27.959999084472656, 26.700000762939453, 28.079999923706055, 29.190000534057617, 26.860000610351562, 27.079999923706055, 26.520000457763672, 25.950000762939453, 26.635000228881836, 27.829999923706055, 29.15999984741211, 29.84000015258789, 29.31999969482422, 28.15999984741211, 28.309999465942383, 29.1200008392334, 30.09000015258789, 31.489999771118164, 30.15999984741211, 31.18000030517578, 31.420000076293945, 32.59000015258789, 33.779998779296875, 33.310001373291016, 41.290000915527344, 42.779998779296875, 42.92499923706055, 37.79999923706055, 36.310001373291016, 37.459999084472656, 37.94499969482422, 38.40999984741211, 37.41999816894531, 38.31999969482422, 37.2599983215332, 37.58000183105469, 37.349998474121094, 37.189998626708984, 37.93000030517578, 37.630001068115234, 38.36000061035156, 37.31999969482422, 36.45000076293945, 35.279998779296875, 36.189998626708984, 35.65999984741211, 36.47999954223633, 37.0, 36.7599983215332, 37.20000076293945]
assets:[0, 100.00111583099365, 199.36038547210694, 290.37585829734803, 405.38534289855954, 521.4093035396576, 579.7892291748046, 684.5390700714112, 770.3821452976226, 853.8250901027681, 976.3645303901674, 1120.168628929138, 1273.7029613349914, 1403.405047176361, 1478.9476966064453, 1520.4344237613677, 1628.5327192783354, 1775.1290431589127, 1934.2604348087311, 2124.2555535600663, 2134.5347812007903, 2306.7244845771793, 2424.4803178871157, 2614.7608922424315, 2810.2357924468997, 2871.135582369995, 3658.9671081306456, 3891.003452972412, 4004.189873830414, 3626.1123468120572, 3583.1798655204775, 3796.664557209015, 3945.8208337654114, 4094.1756577354427, 4088.651195932007, 4286.988653858948, 4268.401079719543, 4405.060170632934, 4478.100477053833, 4558.917386655808, 4749.628775214386, 4812.064328588867, 5005.416187641907, 4969.7102953613285, 4953.857638689804, 4894.84581463623, 5121.101945671082, 5146.105275979996, 5364.438652685166, 5540.9054, 5604.962364076615, 5772.052558379745]
shares:[0, 3.5537, 7.1302, 10.8755, 14.4368, 17.8626, 21.5856, 25.2784, 29.0491, 32.9027, 36.6572, 40.2504, 43.6798, 47.031, 50.4416, 53.9927, 57.525, 60.9591, 64.2825, 67.4581, 70.7737, 73.9809, 77.1636, 80.232, 83.1923, 86.1944, 88.6163, 90.9538, 93.2834, 95.9289, 98.683, 101.3525, 103.9879, 106.5914, 109.2638, 111.8734, 114.5572, 117.2182, 119.8956, 122.5845, 125.2209, 127.8784, 130.4853, 133.1648, 135.9083, 138.7428, 141.506, 144.3103, 147.0515, 149.7542, 152.4745, 155.1627]
growth_rate:13.18
