ticker:FOXF
price:[88.27999877929688, 76.80000305175781, 73.62000274658203, 73.05999755859375, 78.27999877929688, 87.69999694824219, 87.20999908447266, 86.30000305175781, 84.08000183105469, 97.31999969482422, 85.25, 81.2300033569336, 90.30000305175781, 94.45999908447266, 96.69999694824219, 102.13999938964844, 106.58999633789062, 105.70999908447266, 119.04000091552734, 124.55000305175781, 124.6500015258789, 119.63999938964844, 135.91000366210938, 134.33999633789062, 137.8800048828125, 127.1500015258789, 124.16999816894531, 136.52999877929688, 134.3800048828125, 129.8800048828125, 130.6300048828125, 133.58999633789062, 141.22000122070312, 157.6699981689453, 153.22999572753906, 160.3000030517578, 156.52999877929688, 154.32000732421875, 155.47999572753906, 150.33999633789062, 144.52000427246094, 141.32000732421875, 153.92999267578125, 155.25, 157.86000061035156, 148.61000061035156, 164.02000427246094, 161.5399932861328, 158.17999267578125, 158.50999450683594, 151.9199981689453, 155.0]
assets:[0, 100.00128397369384, 195.85865530700684, 294.3660361633301, 415.40064152221686, 565.3931103256226, 662.2378490478516, 755.3235167098999, 835.8897462036132, 1067.5128086524962, 1035.1140249999999, 1086.3050808929445, 1307.5982241912843, 1467.8328177734375, 1602.6380594223021, 1792.791911286926, 1970.9023272857667, 2054.632397205353, 2413.7264825637817, 2625.4517893295288, 2727.5539383888245, 2717.9216861343384, 3187.5380888885497, 3250.718929385376, 3436.3833616943357, 3268.9629642295836, 3292.3426674499515, 3720.060182739258, 3761.484468676758, 3735.517784436035, 3857.0860281738283, 4044.490575128174, 4375.489907821655, 4985.162701106262, 4944.777931126404, 5272.924330384827, 5248.920449066162, 5274.812170349121, 5414.466467214966, 5335.476266033936, 5228.921630583191, 5213.139618182373, 5778.301030059814, 5927.84865, 6127.509569691467, 5868.460314102173, 6576.9889453201295, 6577.53698462677, 6540.726879144287, 6654.376377392578, 6477.71680192566, 6709.0509999999995]
shares:[0, 1.3021, 2.6604, 4.0291, 5.3066, 6.4469, 7.5936, 8.7523, 9.9416, 10.9691, 12.1421, 13.3732, 14.4806, 15.5392, 16.5733, 17.5523, 18.4905, 19.4365, 20.2766, 21.0795, 21.8817, 22.7175, 23.4533, 24.1977, 24.923, 25.7095, 26.5148, 27.2472, 27.9914, 28.7613, 29.5268, 30.2754, 30.9835, 31.6177, 32.2703, 32.8941, 33.533, 34.181, 34.8242, 35.4894, 36.1813, 36.8889, 37.5385, 38.1826, 38.8161, 39.489, 40.0987, 40.7177, 41.3499, 41.9808, 42.639, 43.2842]
growth_rate:31.55
