ticker:FOXWU
price:[10.430000305175781, 10.300000190734863, 10.40999984741211, 10.369999885559082, 10.579999923706055, 10.729999542236328, 10.430000305175781, 10.539999961853027, 10.3100004196167, 10.119999885559082, 10.149999618530273, 10.295999526977539, 10.260000228881836, 10.239999771118164, 10.319999694824219, 10.36400032043457, 10.149999618530273, 10.15999984741211, 10.170000076293945, 10.279999732971191, 10.25, 10.300000190734863, 10.170000076293945, 10.449999809265137, 10.449999809265137, 10.40999984741211, 10.449999809265137, 10.449999809265137, 10.399999618530273, 10.335000038146973, 10.28499984741211, 10.276000022888184, 10.390000343322754, 10.390000343322754]
assets:[0, 99.99961185178758, 201.06706505279544, 300.2944566860199, 406.3756810695648, 512.1375131511688, 597.8184134918213, 704.1236434515954, 788.7583341024399, 874.2222621139526, 976.8136332881927, 1090.8642386831284, 1187.0502204809188, 1284.7359712839127, 1394.7727267547607, 1500.7196831993103, 1569.73195100441, 1671.2783188999176, 1772.9228923002242, 1892.0987148516654, 1986.5771, 2096.267368818569, 2169.809179277611, 2329.548442480755, 2429.5486706555366, 2520.248471058655, 2629.9326419981003, 2729.932870172882, 2816.8710966777803, 2899.2661922013285, 2985.23971871109, 3082.627370066071, 3216.8251482954024, 3316.8247455997466]
shares:[0, 9.7087, 19.3148, 28.958, 38.4098, 47.7295, 57.3172, 66.8049, 76.5042, 86.3856, 96.2378, 105.9503, 115.6969, 125.4625, 135.1524, 144.8012, 154.6534, 164.4959, 174.3287, 184.0563, 193.8124, 203.5211, 213.3539, 222.9233, 232.4927, 242.0988, 251.6682, 261.2376, 270.853, 280.5289, 290.2518, 299.9832, 309.6078, 319.2324]
growth_rate:0.51
