ticker:FOXW
price:[10.0, 9.850000381469727, 9.970000267028809, 9.890000343322754, 9.84000015258789, 9.829999923706055, 9.989999771118164, 9.850000381469727, 9.8100004196167, 9.8100004196167, 9.8100004196167, 9.869999885559082, 9.800999641418457, 9.890000343322754, 9.829999923706055, 9.890000343322754, 9.854999542236328, 9.869999885559082, 9.850000381469727, 9.84000015258789, 9.869999885559082, 9.829999923706055, 9.880000114440918, 9.84000015258789, 9.880000114440918, 9.859999656677246, 9.9399995803833, 9.9399995803833, 9.9399995803833]
assets:[0, 100.00015887279511, 201.21853338928224, 299.6037144004822, 398.08901417312626, 497.6840491373062, 605.7845951208114, 697.2953170047759, 794.4638649827003, 894.4640662601471, 994.4642675375939, 1100.546441239357, 1192.8522235580444, 1303.684021256256, 1395.7744681669235, 1504.293777220249, 1598.9697337280272, 1701.403411272526, 1797.9560296310426, 1896.1306374031067, 2001.911349788189, 2093.7978477493284, 2204.4483495343206, 2295.5234515964507, 2404.8552598556516, 2499.9871369510647, 2620.2713613853452, 2720.2717331638337, 2820.2721049423217]
shares:[0, 10.1523, 20.1824, 30.2936, 40.4562, 50.6291, 60.6391, 70.7914, 80.9851, 91.1788, 101.3725, 111.5042, 121.7072, 131.8184, 141.9913, 152.1025, 162.2496, 172.3813, 182.5336, 192.6962, 202.8279, 213.0008, 223.1223, 233.2849, 243.4064, 253.5484, 263.6088, 273.6692, 283.7296]
growth_rate:0.72
