ticker:FPA
price:[26.690000534057617, 26.639999389648438, 27.15999984741211, 26.010000228881836, 26.649999618530273, 27.739999771118164, 27.469999313354492, 27.760000228881836, 26.040000915527344, 28.100000381469727, 29.200000762939453, 29.75, 29.8700008392334, 31.270000457763672, 31.149999618530273, 31.790000915527344, 30.899999618530273, 31.760000228881836, 34.18000030517578, 34.06999969482422, 34.459999084472656, 32.470001220703125, 33.970001220703125, 34.90999984741211, 34.88999938964844, 34.86000061035156, 33.380001068115234, 33.7599983215332, 33.95000076293945, 33.88999938964844, 34.15999984741211, 34.849998474121094, 35.34000015258789, 35.33000183105469, 35.7400016784668, 37.130001068115234, 36.0099983215332, 35.810001373291016, 37.02000045776367, 37.220001220703125, 36.91999816894531, 36.83000183105469, 36.34000015258789, 36.439998626708984, 35.34000015258789, 35.540000915527344, 35.470001220703125, 34.77000045776367, 34.83000183105469, 34.61000061035156, 33.0099983215332, 34.11000061035156]
assets:[0, 100.00122970886231, 201.95361086540223, 293.4032065818787, 400.62144926548007, 517.0070197341919, 611.97389770298, 718.4343579235076, 773.9192432098389, 935.1427226949692, 1071.7509880027771, 1191.936725, 1296.7433594335557, 1457.5228643367768, 1551.9303609947203, 1683.8146204925538, 1736.672678560257, 1885.006829584503, 2128.6381330055237, 2221.786448098755, 2347.2187156394957, 2311.6725139068603, 2518.4645535003665, 2688.153772250366, 2786.615405252075, 2884.2188424987794, 2861.7676315727235, 2994.3464271282196, 3111.1984399162293, 3205.6990992660526, 3331.2387771198273, 3498.5251318199157, 3647.717067749786, 3746.6866331802366, 3890.1669446949004, 4141.461754137039, 4116.5369731235505, 4193.673450824737, 4435.373658844757, 4559.334767532348, 4622.586830741882, 4711.319615229797, 4748.638669939041, 4861.704364780045, 4814.947796789551, 4942.196081313325, 5032.462491192627, 5033.1453242637635, 5141.831265312195, 5209.351929867554, 5068.52679427948, 5337.42715450592]
shares:[0, 3.7538, 7.4357, 11.2804, 15.0327, 18.6376, 22.2779, 25.8802, 29.7204, 33.2791, 36.7038, 40.0651, 43.4129, 46.6109, 49.8212, 52.9668, 56.203, 59.3516, 62.2773, 65.2124, 68.1143, 71.1941, 74.1379, 77.0024, 79.8686, 82.7372, 85.733, 88.6951, 91.6406, 94.5913, 97.5187, 100.3881, 103.2178, 106.0483, 108.8463, 111.5395, 114.3165, 117.109, 119.8102, 122.4969, 125.2055, 127.9207, 130.6725, 133.4167, 136.2464, 139.0601, 141.8794, 144.7554, 147.6265, 150.5158, 153.5452, 156.4769]
growth_rate:4.66
