ticker:FPAY
price:[1.7599999904632568, 1.75, 1.8600000143051147, 1.7100000381469727, 1.7400000095367432, 1.7699999809265137, 1.840000033378601, 1.659999966621399, 1.5299999713897705, 1.7100000381469727, 1.649999976158142, 1.7100000381469727, 1.9199999570846558, 2.2100000381469727, 2.7200000286102295, 2.299999952316284, 2.369999885559082, 2.569999933242798, 2.5199999809265137, 3.25, 3.440000057220459, 2.809999942779541, 3.2200000286102295, 3.509999990463257, 3.3399999141693115, 2.880000114440918, 2.6700000762939453, 3.3499999046325684, 2.930000066757202, 2.7100000381469727, 2.630000114440918, 2.5299999713897705, 2.2699999809265137, 2.75, 2.5399999618530273, 2.450000047683716, 2.630000114440918, 2.7799999713897705, 2.700000047683716, 3.0, 2.9000000953674316, 2.7699999809265137, 3.0899999141693115, 2.930000066757202, 2.7699999809265137, 2.4000000953674316, 2.390000104904175, 2.450000047683716, 2.7300000190734863, 2.2799999713897705, 2.3499999046325684, 2.5299999713897705]
assets:[0, 100.000075, 206.28571958652736, 289.6497244615555, 394.7313561634779, 501.53710559544567, 621.3718752720237, 660.5855327172161, 708.8529647448063, 892.2474109044075, 960.9405161147832, 1095.8837914471626, 1330.4658902617693, 1631.4218071600912, 2107.903734171915, 1882.4186309736015, 2039.7095915079115, 2311.837014948726, 2366.8595820856094, 3152.4973999999997, 3436.7974171671867, 2907.383862796497, 3431.5929924902675, 3840.6493605648757, 3754.6348515141012, 3337.5296046215058, 3194.16808327179, 4107.663688063479, 3692.6732241339682, 3515.407713484192, 3511.6319088039395, 3478.109617668176, 3220.6755189385412, 4001.69935, 3796.1150329880716, 3761.6070832111836, 4137.970118058204, 4473.975717956305, 4445.228238505554, 5039.1422999999995, 4971.171173478556, 4848.325426615715, 5508.420791993022, 5323.195407283831, 5132.508865658903, 4546.93938067913, 4627.993813136339, 4844.177579280973, 5497.79770741105, 4691.567113128591, 4935.606334703779, 5413.652952780295]
shares:[0, 57.1429, 110.9063, 169.3858, 226.8571, 283.3543, 337.7021, 397.9431, 463.3026, 521.7821, 582.3882, 640.8677, 692.951, 738.1999, 774.9646, 818.4429, 860.637, 899.5475, 939.23, 969.9992, 999.069, 1034.6562, 1065.7121, 1094.2021, 1124.1422, 1158.8644, 1196.3176, 1226.1683, 1260.298, 1297.1984, 1335.2212, 1374.7469, 1418.7998, 1455.1634, 1494.5335, 1535.3498, 1573.3726, 1609.3438, 1646.3808, 1679.7141, 1714.1969, 1750.298, 1782.6605, 1816.7902, 1852.8913, 1894.558, 1936.399, 1977.2153, 2013.8453, 2057.7049, 2100.2581, 2139.7838]
growth_rate:6.15
