ticker:FPXI
price:[57.36000061035156, 56.380001068115234, 57.47999954223633, 56.11000061035156, 57.13999938964844, 59.54999923706055, 59.16999816894531, 58.25, 56.150001525878906, 62.31999969482422, 61.61000061035156, 62.59000015258789, 63.27000045776367, 63.70000076293945, 64.4000015258789, 66.76000213623047, 67.4000015258789, 68.80000305175781, 70.87999725341797, 69.63999938964844, 73.98999786376953, 69.91999816894531, 74.71700286865234, 78.4000015258789, 77.58799743652344, 69.77999877929688, 66.77999877929688, 67.94999694824219, 67.20999908447266, 64.83999633789062, 66.9800033569336, 67.55000305175781, 68.08999633789062, 68.91999816894531, 67.62999725341797, 66.75, 63.880001068115234, 65.80000305175781, 67.19999694824219, 67.94999694824219, 68.20999908447266, 67.13999938964844, 68.6500015258789, 68.2300033569336, 67.04000091552734, 66.95999908447266, 67.38999938964844, 66.26000213623047, 67.36000061035156, 67.58999633789062, 66.12000274658203, 68.4800033569336]
assets:[0, 100.001207894516, 201.9502303916931, 297.13611923217775, 402.591293699646, 519.5737433433533, 616.2555309295653, 706.671525, 781.1925112289429, 967.0318992645264, 1056.0138934616089, 1172.811422859192, 1285.5515043010712, 1394.291096699524, 1509.6133157684326, 1664.9343692756652, 1780.896760317993, 1917.8895250717164, 2075.8695675605773, 2139.556665248108, 2373.199585481262, 2342.655554650879, 2603.3794743530275, 2831.7061351127622, 2902.3807729064943, 2710.303998587036, 2693.784946759033, 2840.982577406311, 2910.04509835968, 2907.4319197906493, 3103.39119353714, 3229.802070915222, 3355.6180085235596, 3496.5251591049196, 3531.077127596283, 3585.12915, 3530.979835040283, 3737.1111733245853, 3916.624142134094, 4060.3384776428225, 4175.8775329505925, 4210.36950372467, 4405.064647911072, 4478.112518324279, 4500.006429454041, 4594.63443317871, 4724.14004221344, 4744.925134976959, 4923.6994526138305, 5040.510458898925, 5030.885872979736, 5310.453060321808]
shares:[0, 1.7737, 3.5134, 5.2956, 7.0457, 8.725, 10.415, 12.1317, 13.9126, 15.5172, 17.1403, 18.738, 20.3185, 21.8884, 23.4412, 24.9391, 26.4228, 27.8763, 29.2871, 30.7231, 32.0746, 33.5048, 34.8432, 36.1187, 37.4076, 38.8407, 40.3382, 41.8099, 43.2978, 44.8401, 46.3331, 47.8135, 49.2821, 50.7331, 52.2117, 53.7098, 55.2752, 56.795, 58.2831, 59.7548, 61.2209, 62.7103, 64.167, 65.6326, 67.1242, 68.6176, 70.1015, 71.6107, 73.0953, 74.5748, 76.0872, 77.5475]
growth_rate:4.13
