ticker:FRAF
price:[24.389999389648438, 23.5, 23.110000610351562, 21.229999542236328, 21.510000228881836, 22.899999618530273, 22.780000686645508, 23.93000030517578, 22.0, 22.84000015258789, 24.6299991607666, 26.350000381469727, 29.739999771118164, 26.989999771118164, 28.209999084472656, 30.309999465942383, 30.040000915527344, 27.030000686645508, 27.5, 29.760000228881836, 28.3799991607666, 27.010000228881836, 28.350000381469727, 27.34000015258789, 26.43000030517578, 27.459999084472656, 32.0, 33.41999816894531, 31.290000915527344, 30.760000228881836, 31.850000381469727, 30.200000762939453, 30.280000686645508, 29.8700008392334, 30.149999618530273, 29.760000228881836, 30.600000381469727, 30.84000015258789, 30.56999969482422, 30.149999618530273, 30.270000457763672, 30.600000381469727, 30.5, 32.060001373291016, 32.0, 33.31999969482422, 33.880001068115234, 33.7599983215332, 33.52000045776367, 33.209999084472656, 31.68000030517578, 32.29999923706055]
assets:[0, 99.99955, 198.33926923828125, 282.2040149150848, 385.92597110652923, 510.8646414899826, 608.1872923322677, 738.8914054229735, 779.2994, 909.0548460731507, 1080.2988561903, 1255.7408881793976, 1517.2961263227464, 1476.995349474716, 1643.7571526535035, 1866.1199851192473, 1949.4969274147034, 1854.1580361013412, 1986.39925, 2249.644721301842, 2245.326203602791, 2236.935806955719, 2447.9119679384235, 2460.7011717334744, 2478.7983676216127, 2675.4002508010863, 3217.728, 3460.513814401245, 3339.9604067253113, 3383.387781175423, 3603.2797231567383, 3516.611908839798, 3625.927130223465, 3676.8298313049313, 3811.2946167779924, 3861.9939177022934, 4071.0026307504654, 4202.930732794953, 4266.135167411804, 4307.521400499534, 4424.665857912827, 4572.903837007332, 4657.96, 4996.204966012573, 5086.8544, 5396.687078572082, 5587.38813615036, 5667.598134220504, 5727.3077262146, 5774.338775814057, 5608.313622025299, 5818.072892574692]
shares:[0, 4.2553, 8.5824, 13.2927, 17.9417, 22.3085, 26.6983, 30.8772, 35.4227, 39.801, 43.8611, 47.6562, 51.0187, 54.7238, 58.2686, 61.5678, 64.8967, 68.5963, 72.2327, 75.5929, 79.1165, 82.8188, 86.3461, 90.0037, 93.7873, 97.429, 100.554, 103.5462, 106.7421, 109.9931, 113.1328, 116.4441, 119.7466, 123.0944, 126.4111, 129.7713, 133.0393, 136.2818, 139.553, 142.8697, 146.1733, 149.4413, 152.72, 155.8392, 158.9642, 161.9654, 164.917, 167.8791, 170.8624, 173.8735, 177.0301, 180.1261]
growth_rate:14.08
