ticker:FRBA
price:[6.889999866485596, 6.659999847412109, 7.130000114440918, 6.199999809265137, 6.440000057220459, 7.03000020980835, 6.920000076293945, 7.480000019073486, 7.489999771118164, 8.489999771118164, 9.199999809265137, 9.180000305175781, 9.279999732971191, 9.460000038146973, 9.579999923706055, 9.220000267028809, 9.520000457763672, 9.380000114440918, 9.5600004196167, 9.5600004196167, 9.6899995803833, 9.050000190734863, 10.569999694824219, 10.579999923706055, 10.640000343322754, 10.550000190734863, 13.0, 13.170000076293945, 11.930000305175781, 11.970000267028809, 12.050000190734863, 11.369999885559082, 11.359999656677246, 11.119999885559082, 12.6899995803833, 13.359999656677246, 13.880000114440918, 13.859999656677246, 13.729999542236328, 13.649999618530273, 13.84000015258789, 13.399999618530273, 14.09000015258789, 13.289999961853027, 13.199999809265137, 13.3100004196167, 13.390000343322754, 13.329999923706055, 13.920000076293945, 13.380000114440918, 13.380000114440918, 13.5]
assets:[0, 99.99989770889283, 207.05662932338714, 280.0490313846588, 390.88997147312165, 526.7016757192612, 618.4604748186111, 768.5094139596463, 869.536543428421, 1085.6298547325134, 1276.4190135372162, 1373.643837664795, 1488.6075411658287, 1617.4812125224114, 1737.9987961587906, 1772.6879613404274, 1930.3676368206025, 2001.9799904252052, 2140.3980539484023, 2240.398526337719, 2370.8638253318786, 2314.274193774891, 2802.9694310729983, 2905.6213510471343, 3022.099513514614, 3096.5368859827045, 3915.6377, 4066.8420265592576, 3783.934829795074, 3896.6217179265027, 4022.664818673229, 3895.659854789543, 3992.233319346428, 4007.8903747529985, 4673.752225454331, 5020.514190983772, 5315.92345182991, 5408.263342033195, 5457.536145043564, 5525.736880574989, 5702.651654872512, 5621.353439971924, 6010.810973094177, 5769.530536439419, 5830.459715752125, 5979.046514497948, 6114.9841877896315, 6187.58334858551, 6561.452339962578, 6406.912704799175, 6506.912149654484, 6665.26995]
shares:[0, 15.015, 29.0402, 45.1692, 60.6972, 74.922, 89.3729, 102.7419, 116.093, 127.8716, 138.7412, 149.6344, 160.4103, 170.9811, 181.4195, 192.2655, 202.7697, 213.4307, 223.891, 234.3513, 244.6712, 255.7209, 265.1816, 274.6334, 284.0319, 293.5106, 301.2029, 308.7959, 317.1781, 325.5323, 333.8311, 342.6262, 351.429, 360.4218, 368.302, 375.787, 382.9916, 390.2066, 397.4899, 404.8159, 412.0413, 419.504, 426.6012, 434.1257, 441.7015, 449.2146, 456.6829, 464.1848, 471.3687, 478.8425, 486.3163, 493.7237]
growth_rate:30.69
