ticker:FRBK
price:[2.1600000858306885, 2.049999952316284, 2.0299999713897705, 2.0299999713897705, 2.0899999141693115, 2.2200000286102295, 2.240000009536743, 2.380000114440918, 2.2300000190734863, 2.3499999046325684, 2.940000057220459, 2.9200000762939453, 3.180000066757202, 2.9100000858306885, 2.890000104904175, 2.940000057220459, 2.950000047683716, 2.8499999046325684, 3.0, 2.940000057220459, 2.8399999141693115, 2.799999952316284, 3.3299999237060547, 3.4700000286102295, 3.450000047683716, 3.549999952316284, 3.8399999141693115, 3.950000047683716, 3.990000009536743, 3.7899999618530273, 3.799999952316284, 3.6600000858306885, 3.700000047683716, 3.990000009536743, 3.990000009536743, 4.380000114440918, 4.25, 4.099999904632568, 4.119999885559082, 4.03000020980835, 4.079999923706055, 4.269999980926514, 4.389999866485596, 3.890000104904175, 3.7699999809265137, 3.680000066757202, 3.680000066757202, 3.690000057220459, 3.690000057220459, 3.6700000762939453, 3.4000000953674316, 3.440000057220459]
assets:[0, 100.00002267396451, 199.02444519500733, 299.0244767856359, 407.8626472501755, 533.2320188720226, 638.036002716422, 777.9132714055062, 828.8849860895633, 973.4886354939937, 1317.8964796498774, 1408.931280812645, 1634.3839303103446, 1595.6156120628118, 1684.6492651511192, 1813.7954033014296, 1919.964756034255, 1954.881054585266, 2157.7695, 2214.6141371024605, 2239.2871083240984, 2307.7479206992866, 2844.571515827751, 3064.1630522640944, 3146.50216348896, 3337.7049851678375, 3710.36266906693, 3916.6494072811124, 4056.3118146952393, 3952.9877732125283, 4063.417849010825, 4013.7131081256152, 4157.578683580757, 4583.443084955168, 4683.443258194185, 5241.223330943012, 5185.661725, 5102.638071310855, 5227.5287787953375, 5213.335619414711, 5378.016811433792, 5728.4637364117625, 5989.450661841011, 5407.28103082168, 5340.475281981039, 5312.983904380417, 5412.9838581944705, 5527.69314771738, 5627.693256268072, 5697.191045436287, 5378.0518108502865, 5541.3230601735595]
shares:[0, 48.7805, 98.0416, 147.3027, 195.1496, 240.1946, 284.8375, 326.8543, 371.6973, 414.2505, 448.2641, 482.5107, 513.9572, 548.3215, 582.9236, 616.9372, 650.8355, 685.9232, 719.2565, 753.2701, 788.4814, 824.1957, 854.2257, 883.0441, 912.0296, 940.1986, 966.2403, 991.5568, 1016.6195, 1043.0047, 1069.3205, 1096.6429, 1123.6699, 1148.7326, 1173.7953, 1196.6263, 1220.1557, 1244.5459, 1268.8177, 1293.6316, 1318.1414, 1341.5606, 1364.3396, 1390.0465, 1416.5717, 1443.7456, 1470.9195, 1498.0198, 1525.1201, 1552.3681, 1581.7799, 1610.8497]
growth_rate:8.65
