ticker:FREE
price:[8.380000114440918, 9.010000228881836, 8.59000015258789, 8.029999732971191, 8.449999809265137, 8.079999923706055, 8.0600004196167, 8.789999961853027, 8.1899995803833, 8.59000015258789, 8.920000076293945, 8.0, 8.470000267028809, 9.789999961853027, 10.390000343322754, 11.470000267028809, 11.510000228881836, 10.899999618530273, 11.25, 11.920000076293945, 11.890000343322754, 11.329999923706055, 13.079999923706055, 13.930000305175781, 13.789999961853027, 12.829999923706055, 12.600000381469727, 13.119999885559082, 14.5600004196167, 13.130000114440918, 13.4399995803833, 13.239999771118164, 13.699999809265137, 13.449999809265137, 13.5, 13.710000038146973, 12.90999984741211, 13.239999771118164, 13.210000038146973, 12.90999984741211, 13.300000190734863, 13.010000228881836, 13.520000457763672, 14.0, 12.829999923706055, 13.09000015258789, 13.3100004196167, 12.859999656677246, 13.119999885559082, 11.850000381469727, 11.75, 12.15999984741211]
assets:[0, 100.00019054031372, 195.33832146987916, 282.6037956023216, 397.38490103015897, 479.9843154678345, 578.7958841330528, 731.2181218266487, 781.3054849696159, 919.4641673328399, 1054.7873330217362, 1045.9976, 1207.4502050665853, 1495.624168172264, 1687.2861837539672, 1962.6730376922606, 2069.517608153343, 2059.838327911377, 2225.980125, 2458.550079735947, 2552.3621676992416, 2532.1496139490127, 3023.2588623657225, 3319.725236727905, 3386.360646632385, 3250.61647867012, 3292.343559676933, 3528.2185612246517, 4015.4617477249144, 3721.085361432934, 3908.9405499570844, 3950.7722397024154, 4188.035141693115, 4211.610545275021, 4327.2670499999995, 4494.579474505806, 4332.313219794845, 4543.054361463546, 4632.760223378182, 4627.549424305344, 4867.343879802418, 4861.213906522179, 5151.77589443016, 5434.6795999999995, 5080.495217788696, 5283.451311588287, 5472.248283520413, 5387.235182177258, 5596.153583186817, 5154.452730929756, 5210.954625, 5492.783803074646]
shares:[0, 11.0988, 22.7402, 35.1935, 47.0278, 59.404, 71.8109, 83.1875, 95.3975, 107.0389, 118.2497, 130.7497, 142.5561, 152.7706, 162.3952, 171.1136, 179.8017, 188.976, 197.8649, 206.2542, 214.6646, 223.4907, 231.136, 238.3148, 245.5664, 253.3606, 261.2971, 268.9191, 275.7872, 283.4033, 290.8438, 298.3967, 305.696, 313.1309, 320.5383, 327.8322, 335.5781, 343.131, 350.701, 358.4469, 365.9657, 373.6521, 381.0485, 388.1914, 395.9856, 403.625, 411.1381, 418.9141, 426.5361, 434.9749, 443.4855, 451.7092]
growth_rate:7.7
