ticker:FREQ
price:[17.760000228881836, 18.90999984741211, 24.959999084472656, 20.5, 18.649999618530273, 21.260000228881836, 22.09000015258789, 21.969999313354492, 21.8799991607666, 23.290000915527344, 25.049999237060547, 26.200000762939453, 28.719999313354492, 28.850000381469727, 34.09000015258789, 32.13999938964844, 33.720001220703125, 35.2599983215332, 36.04999923706055, 35.849998474121094, 38.72999954223633, 38.9900016784668, 50.459999084472656, 54.869998931884766, 55.0099983215332, 49.209999084472656, 37.380001068115234, 41.18000030517578, 34.25, 8.680000305175781, 9.390000343322754, 10.84000015258789, 9.59000015258789, 10.170000076293945, 11.609999656677246, 10.399999618530273, 8.65999984741211, 8.449999809265137, 8.850000381469727, 8.890000343322754, 9.640000343322754, 9.970000267028809, 10.8100004196167, 9.039999961853027, 9.119999885559082, 7.989999771118164, 7.53000020980835, 8.329999923706055, 8.289999961853027, 8.069999694824219, 7.230000019073486, 7.929999828338623]
assets:[0, 99.99986119308471, 231.99320749053956, 290.5383, 364.31841754817964, 515.3041375476837, 635.421063389206, 731.970073123169, 828.9719042037964, 982.3931996177673, 1156.6311097728728, 1309.7301781391143, 1535.704315283966, 1642.655551720047, 2041.0092171356202, 2024.2607255584717, 2223.773384503174, 2425.334302547836, 2579.673055405426, 2665.3613465545654, 2979.4833727844234, 3099.486789428711, 4111.2889774063115, 4570.5995800273895, 4682.264023134613, 4288.587447212983, 3357.617477942276, 3798.949742153168, 3259.641, 926.0926685600281, 1101.8442372862814, 1371.9906353126526, 1313.7811119037628, 1493.2377202020643, 1804.6699566335678, 1716.5864970359803, 1529.388015052414, 1592.3010640583038, 1767.6760661937715, 1875.6656124362944, 2133.9046919977186, 2306.9533767876624, 2601.3206629766464, 2275.386974398327, 2395.523009940147, 2198.7089110157012, 2172.124944521904, 2502.895085076141, 2590.8761750779154, 2622.1196338417053, 2449.1856424612047, 2786.3124946844578]
shares:[0, 5.2882, 9.2946, 14.1726, 19.5345, 24.2382, 28.7651, 33.3168, 37.8872, 42.1809, 46.1729, 49.9897, 53.4716, 56.9378, 59.8712, 62.9826, 65.9482, 68.7843, 71.5582, 74.3476, 76.9296, 79.4944, 81.4762, 83.2987, 85.1166, 87.1487, 89.8239, 92.2523, 95.172, 106.6927, 117.3423, 126.5674, 136.9949, 146.8277, 155.441, 165.0564, 176.6037, 188.438, 199.7374, 210.986, 221.3594, 231.3895, 240.6402, 251.7021, 262.667, 275.1826, 288.4628, 300.4676, 312.5303, 324.9219, 338.7532, 351.3635]
growth_rate:-45.37
