ticker:FRG
price:[25.170000076293945, 25.8700008392334, 27.190000534057617, 22.479999542236328, 25.6200008392334, 27.0, 26.149999618530273, 25.610000610351562, 22.920000076293945, 24.920000076293945, 26.639999389648438, 26.799999237060547, 27.25, 27.979999542236328, 26.450000762939453, 27.600000381469727, 28.639999389648438, 30.450000762939453, 31.25, 31.81999969482422, 32.13999938964844, 36.279998779296875, 36.9900016784668, 36.34000015258789, 35.849998474121094, 35.08000183105469, 35.36000061035156, 40.220001220703125, 39.0, 34.2400016784668, 36.83000183105469, 37.400001525878906, 37.369998931884766, 37.599998474121094, 38.529998779296875, 36.40999984741211, 35.95000076293945, 36.040000915527344, 36.939998626708984, 37.599998474121094, 36.54999923706055, 35.27000045776367, 35.900001525878906, 36.04999923706055, 34.970001220703125, 33.560001373291016, 34.61000061035156, 33.959999084472656, 34.970001220703125, 34.349998474121094, 33.2599983215332, 34.9900016784668]
assets:[0, 100.0004882440567, 205.10233102855685, 269.57341051063537, 407.2273513395309, 529.1622, 612.503596064949, 699.8547306793213, 726.3439704177856, 889.723746723938, 1051.1344559173583, 1157.4464070499419, 1276.8805, 1411.0873369140625, 1433.9259563610076, 1596.270862062645, 1756.4195625686646, 1967.4232692947387, 2119.1125, 2257.765804346466, 2380.4715527938847, 2787.1020662231444, 2941.6446794807434, 2989.953460554504, 3049.6374801986694, 3084.135536981201, 3208.7538633865356, 3749.7750658081054, 3736.0323, 3380.046277692032, 3735.7223307266236, 3893.538378852081, 3990.4133299453733, 4114.973913006592, 4316.75464923706, 4179.2380894855505, 4226.436674694442, 4337.017670173645, 4545.322765021896, 4726.534128188324, 4694.54403700676, 4630.139850093841, 4812.843954563141, 4932.952115602112, 4885.169290527344, 4788.196687935258, 5038.004738845825, 5043.385880035401, 5293.381108776855, 5299.531504586792, 5231.365355998993, 5603.473818798066]
shares:[0, 3.8655, 7.5433, 11.9917, 15.8949, 19.5986, 23.4227, 27.3274, 31.6904, 35.7032, 39.457, 43.1883, 46.858, 50.432, 54.2127, 57.8359, 61.3275, 64.6116, 67.8116, 70.9543, 74.0657, 76.822, 79.5254, 82.2772, 85.0666, 87.9172, 90.7453, 93.2316, 95.7957, 98.7163, 101.4315, 104.1053, 106.7812, 109.4408, 112.0362, 114.7827, 117.5643, 120.339, 123.0461, 125.7057, 128.4417, 131.277, 134.0625, 136.8364, 139.696, 142.6757, 145.565, 148.5096, 151.3692, 154.2804, 157.287, 160.145]
growth_rate:9.87
