ticker:FRGAP
price:[24.799999237060547, 24.850000381469727, 25.030000686645508, 24.979999542236328, 25.0, 24.760000228881836, 24.820999145507812, 25.170000076293945, 25.190000534057617, 25.424999237060547, 25.649999618530273, 25.93400001525879, 25.950000762939453, 25.950000762939453, 25.68000030517578, 25.700000762939453, 24.68000030517578, 24.889999389648438, 25.079999923706055, 25.219999313354492, 25.239999771118164, 25.229999542236328, 25.299999237060547, 25.354000091552734, 25.399999618530273, 25.450000762939453, 25.450000762939453, 25.40999984741211, 25.149999618530273, 25.200000762939453, 25.190000534057617, 25.34000015258789, 25.399999618530273, 25.350000381469727, 25.479999542236328, 25.690000534057617, 25.701000213623047, 25.8799991607666, 25.934999465942383, 25.93000030517578, 25.739999771118164, 26.030000686645508, 26.25, 27.309999465942383, 27.299999237060547, 27.489999771118164, 26.760000228881836, 26.469999313354492, 27.0, 27.200000762939453]
assets:[0, 99.99888653507232, 200.7230845064163, 300.32204449653625, 400.5625, 496.71779259166715, 597.9403515151978, 706.3482291410446, 806.9087681074142, 914.4355225601197, 1022.526974792862, 1133.847447667122, 1234.547931296158, 1334.5488542362214, 1420.6638408828737, 1521.7715751758574, 1561.3752833068847, 1674.661383934021, 1787.4440705625534, 1897.4216043403628, 1998.9272138732908, 2098.134330932236, 2203.9563035381316, 2308.6617217365265, 2412.8501037626265, 2517.600605472565, 2617.6012934703826, 2713.488145705414, 2785.722102746773, 2891.261607534027, 2990.113519393921, 3107.9180767147063, 3215.2767317113876, 3308.948224793434, 3425.9158864513392, 3554.152486885643, 3655.6742889854427, 3781.1351653858183, 3889.1710239135746, 3988.420403940582, 4059.195389905358, 4204.927958921814, 4340.466375, 4615.739477737427, 4714.04920825882, 4846.8580746450425, 4818.148745210266, 4865.934974775124, 5063.3640000000005, 5200.871345880508]
shares:[0, 4.0241, 8.0193, 12.0225, 16.0225, 20.0613, 24.0901, 28.0631, 32.0329, 35.966, 39.8646, 43.7205, 47.5741, 51.4277, 55.3218, 59.2129, 63.2648, 67.2825, 71.2697, 75.2348, 79.1968, 83.1603, 87.1129, 91.0571, 94.9941, 98.9234, 102.8527, 106.7882, 110.7643, 114.7326, 118.7024, 122.6487, 126.5857, 130.5305, 134.4551, 138.3477, 142.2386, 146.1026, 149.9584, 153.8149, 157.6999, 161.5416, 165.3511, 169.0128, 172.6758, 176.3135, 180.0504, 183.8283, 187.532, 191.2085]
growth_rate:6.14
