ticker:FRGI
price:[11.069999694824219, 11.529999732971191, 9.829999923706055, 9.5600004196167, 8.930000305175781, 11.039999961853027, 10.40999984741211, 10.619999885559082, 8.640000343322754, 9.470000267028809, 10.279999732971191, 11.380000114440918, 12.130000114440918, 13.100000381469727, 12.420000076293945, 11.949999809265137, 11.770000457763672, 11.399999618530273, 13.029999732971191, 14.680000305175781, 15.380000114440918, 15.0600004196167, 16.0, 17.040000915527344, 16.3700008392334, 15.260000228881836, 16.829999923706055, 16.90999984741211, 15.279999732971191, 13.600000381469727, 12.600000381469727, 13.949999809265137, 13.729999542236328, 14.40999984741211, 14.739999771118164, 13.920000076293945, 13.529999732971191, 14.279999732971191, 13.59000015258789, 12.8100004196167, 13.430000305175781, 12.970000267028809, 12.930000305175781, 14.199999809265137, 13.6899995803833, 13.5, 14.010000228881836, 13.390000343322754, 13.109999656677246, 12.100000381469727, 11.770000457763672, 12.279999732971191]
assets:[0, 99.99968768405914, 185.25519556217193, 280.16728429737094, 361.7043043609619, 547.1688941093445, 615.9440759716034, 728.3695061511039, 692.57205952034, 859.104219224453, 1032.5858811779976, 1243.0761045007705, 1425.0008754442215, 1638.954147726059, 1653.8782601594924, 1691.2918380051613, 1765.8166816768648, 1810.3062594230653, 2169.1483575468064, 2543.8297248825074, 2765.130232575035, 2807.5982282280925, 3082.84, 3383.224021774292, 3350.197610753059, 3223.0310763416287, 3654.6277514328003, 3772.0003689632417, 3508.407122688103, 3222.6656103933333, 3085.704813420868, 3516.316466922283, 3560.8616512794492, 3837.218685367584, 4025.0944834985735, 3901.174677381897, 3891.874657189751, 4207.610489319802, 4104.302356082916, 3968.7354040037158, 4260.820698820496, 4214.880441776752, 4301.8822165336605, 4824.418695198249, 4751.1472103710175, 4785.2073, 5065.982458763123, 4941.7925277087215, 4938.454277672481, 4657.994366849899, 4630.958468109131, 4931.6196487618445]
shares:[0, 8.673, 18.8459, 29.3062, 40.5044, 49.5624, 59.1685, 68.5847, 80.1588, 90.7185, 100.4461, 109.2334, 117.4774, 125.111, 133.1625, 141.5307, 150.0269, 158.7988, 166.4734, 173.2854, 179.7874, 186.4275, 192.6775, 198.546, 204.6547, 211.2078, 217.1496, 223.0633, 229.6078, 236.9607, 244.8972, 252.0657, 259.349, 266.2886, 273.0729, 280.2568, 287.6478, 294.6506, 302.009, 309.8154, 317.2614, 324.9715, 332.7055, 339.7478, 347.0524, 354.4598, 361.5976, 369.0659, 376.6937, 384.9582, 393.4544, 401.5977]
growth_rate:-3.3
