ticker:FRHC
price:[23.399999618530273, 23.280000686645508, 24.719999313354492, 23.899999618530273, 24.3799991607666, 26.010000228881836, 28.40999984741211, 29.139999389648438, 26.850000381469727, 31.010000228881836, 32.11000061035156, 34.02000045776367, 36.029998779296875, 42.439998626708984, 45.5, 44.790000915527344, 52.04999923706055, 51.310001373291016, 51.02000045776367, 50.810001373291016, 51.70000076293945, 50.08000183105469, 48.40999984741211, 59.380001068115234, 56.869998931884766, 53.9900016784668, 49.0099983215332, 52.68000030517578, 52.779998779296875, 51.900001525878906, 56.61000061035156, 53.59000015258789, 50.61000061035156, 50.560001373291016, 50.279998779296875, 47.619998931884766, 46.029998779296875, 45.86000061035156, 50.81999969482422, 55.099998474121094, 58.79999923706055, 60.68000030517578, 64.1500015258789, 65.62000274658203, 64.25, 62.630001068115234, 65.0999984741211, 63.06999969482422, 64.55999755859375, 64.54000091552734, 60.25, 64.06999969482422]
assets:[0, 99.99924294948578, 206.18457027282713, 299.34510522212986, 405.35649404640196, 532.4585176855087, 681.5899883392334, 799.1032892623901, 836.3050168817521, 1065.8788288671494, 1203.6883268798829, 1375.2857345054626, 1556.542786264038, 1933.4644814361573, 2172.8707, 2238.962565765381, 2701.873820396423, 2763.459184962845, 2847.8394875514987, 2936.1169013572694, 3087.5447255630493, 3090.7974890075684, 3087.7301792675016, 3887.4305299263, 3823.1084261955257, 3729.4997399444583, 3485.493060630798, 3846.4987062828063, 3953.8024885559084, 3987.8819372451785, 4449.789470976257, 4312.403389278793, 4172.602232321167, 4268.477555938721, 4344.840506515503, 4214.984203458023, 4174.248851300049, 4258.830230680847, 4819.4435230590825, 5325.332202526092, 5782.932884965515, 6067.830126516724, 6514.817554962158, 6764.103321117401, 6722.882275, 6653.372903469086, 7015.768245557403, 6896.994588627625, 7159.929689239501, 7257.710268953705, 6875.290175, 7411.201109699249]
shares:[0, 4.2955, 8.3408, 12.5249, 16.6266, 20.4713, 23.9912, 27.4229, 31.1473, 34.3721, 37.4864, 40.4258, 43.2013, 45.5576, 47.7554, 49.988, 51.9092, 53.8581, 55.8181, 57.7862, 59.7204, 61.7172, 63.7829, 65.467, 67.2254, 69.0776, 71.118, 73.0163, 74.911, 76.8378, 78.6043, 80.4703, 82.4462, 84.424, 86.4129, 88.5129, 90.6854, 92.8659, 94.8336, 96.6485, 98.3492, 99.9972, 101.556, 103.0799, 104.6363, 106.233, 107.7691, 109.3546, 110.9035, 112.4529, 114.1127, 115.6735]
growth_rate:45.32
