ticker:FRLN
price:[16.15999984741211, 17.020000457763672, 16.90999984741211, 16.604999542236328, 15.460000038146973, 16.246000289916992, 16.09000015258789, 16.5049991607666, 17.899999618530273, 17.260000228881836, 16.329999923706055, 15.609999656677246, 16.1299991607666, 16.899999618530273, 17.450000762939453, 18.0, 16.84000015258789, 18.260000228881836, 17.75, 17.68000030517578, 18.200000762939453, 17.989999771118164, 17.34000015258789, 15.5600004196167, 15.770000457763672, 14.90999984741211, 13.675000190734863, 14.09000015258789, 13.600000381469727, 13.562999725341797, 13.670000076293945, 13.229999542236328, 12.420000076293945, 12.300000190734863, 11.0, 9.600000381469727, 8.75, 8.899999618530273, 11.0, 9.460000038146973, 9.640000343322754, 8.520000457763672, 8.5, 8.210000038146973, 8.109999656677246, 7.380000114440918, 4.960000038146973, 4.760000228881836, 4.340000152587891, 3.319999933242798, 3.259999990463257, 3.8499999046325684]
assets:[0, 99.99931068954467, 199.35367920112608, 295.75828884658813, 375.364162926197, 494.44864342365264, 589.7001145923615, 704.9103586572647, 864.4894315767287, 933.5796043800353, 983.2766524061202, 1039.9241281281472, 1174.565569888115, 1330.6366799646378, 1473.9422344429015, 1620.3996, 1615.9731506423952, 1852.2378172170638, 1900.504925, 1993.0098584014893, 2151.627750195694, 2226.800372669029, 2246.343265767288, 2115.7492730567933, 2244.3044611465452, 2221.9135242610932, 2137.8715823184016, 2302.7498599376677, 2322.6679051490783, 2416.3487672676088, 2535.411823150444, 2553.804010637283, 2497.4483913414, 2573.318709904194, 2401.3418, 2195.7168872499465, 2101.304625, 2237.3272941041946, 2865.236, 2564.102738339615, 2712.890824617958, 2497.7003301967625, 2591.8370000000004, 2603.409895096493, 2671.6998948982236, 2531.2138412512777, 1801.195245852852, 1828.5664639255524, 1767.2224561328887, 1451.8844428061009, 1525.6454395369053, 1901.759042891979]
shares:[0, 5.8754, 11.7891, 17.8114, 24.2797, 30.4351, 36.6501, 42.7089, 48.2955, 54.0892, 60.2129, 66.6191, 72.8187, 78.7359, 84.4666, 90.0222, 95.9604, 101.4369, 107.0707, 112.7268, 118.2213, 123.7799, 129.5469, 135.9736, 142.3148, 149.0217, 156.3343, 163.4315, 170.7844, 178.1574, 185.4727, 193.0313, 201.0828, 209.2129, 218.3038, 228.7205, 240.1491, 251.3851, 260.476, 271.0468, 281.4202, 293.1573, 304.922, 317.1023, 329.4328, 342.9829, 363.1442, 384.1526, 407.1941, 437.3146, 467.9894, 493.9634]
growth_rate:-62.71
