ticker:FRME
price:[25.850000381469727, 24.420000076293945, 24.020000457763672, 22.729999542236328, 24.34000015258789, 25.649999618530273, 25.06999969482422, 27.1200008392334, 26.110000610351562, 26.309999465942383, 31.360000610351562, 33.34000015258789, 34.709999084472656, 35.810001373291016, 36.15999984741211, 36.33000183105469, 36.84000015258789, 37.40999984741211, 40.099998474121094, 40.81999969482422, 40.29999923706055, 37.66999816894531, 40.709999084472656, 41.68000030517578, 42.119998931884766, 42.04999923706055, 45.869998931884766, 50.040000915527344, 48.849998474121094, 48.43000030517578, 46.7599983215332, 46.7599983215332, 46.779998779296875, 47.310001373291016, 46.209999084472656, 48.029998779296875, 47.380001068115234, 47.08000183105469, 46.34000015258789, 45.45000076293945, 44.189998626708984, 41.5099983215332, 43.470001220703125, 41.11000061035156, 40.7400016784668, 40.029998779296875, 40.099998474121094, 40.72999954223633, 42.43000030517578, 42.900001525878906, 41.369998931884766, 42.06999969482422]
assets:[0, 99.9999003124237, 198.36196778030396, 287.7095152057648, 408.08931055831914, 530.0521121170044, 618.0657444763184, 768.6052317846298, 839.9822186355592, 946.4154077890396, 1228.0733039016723, 1405.6110724330902, 1563.3695977638245, 1712.9141196891783, 1829.6562162792206, 1938.256459689331, 2065.4640805549625, 2197.422240037155, 2455.4311765663147, 2599.519630565643, 2666.4051195209504, 2592.392768989563, 2901.6011137458804, 3070.736510483551, 3203.154314771652, 3297.8300601654055, 3697.4200689029694, 4133.549271627045, 4135.250070831299, 4199.694650463867, 4154.878354859162, 4254.879287269592, 4356.700812313842, 4506.060004799652, 4501.288284819031, 4778.571820550537, 4813.902868522644, 4883.420269927979, 4906.664576156616, 4912.426972461701, 4876.242616461182, 4680.513823742294, 5001.5148894500735, 4829.981083709717, 4886.510613321686, 4901.34910753479, 5009.921379363251, 5188.6312986850735, 5505.194950595856, 5666.176431536102, 5564.095239342881, 5758.242861229705]
shares:[0, 4.095, 8.2582, 12.6577, 16.7662, 20.6648, 24.6536, 28.3409, 32.1709, 35.9717, 39.1605, 42.1599, 45.0409, 47.8334, 50.5989, 53.3514, 56.0658, 58.7389, 61.2327, 63.6825, 66.1639, 68.8185, 71.2749, 73.6741, 76.0483, 78.4264, 80.6065, 82.6049, 84.652, 86.7168, 88.8554, 90.994, 93.1317, 95.2454, 97.4094, 99.4914, 101.602, 103.726, 105.884, 108.0842, 110.3472, 112.7563, 115.0567, 117.4892, 119.9438, 122.4419, 124.9357, 127.3909, 129.7477, 132.0787, 134.4959, 136.8729]
growth_rate:12.91
