ticker:FROG
price:[64.77999877929688, 75.7300033569336, 75.75, 74.0, 80.18000030517578, 85.25, 72.43000030517578, 64.41999816894531, 62.470001220703125, 61.22999954223633, 69.37000274658203, 68.12000274658203, 68.33999633789062, 68.9000015258789, 68.81999969482422, 62.83000183105469, 62.59000015258789, 59.650001525878906, 64.73999786376953, 62.470001220703125, 67.22000122070312, 65.80000305175781, 66.83999633789062, 53.4900016784668, 47.400001525878906, 49.90999984741211, 50.65999984741211, 45.290000915527344, 44.79999923706055, 49.43000030517578, 51.209999084472656, 52.56999969482422, 49.029998779296875, 35.90999984741211, 36.47999954223633, 38.959999084472656, 41.75, 44.099998474121094, 47.25, 46.790000915527344, 49.709999084472656, 46.04999923706055, 46.79999923706055, 43.45000076293945, 45.869998931884766, 43.81999969482422, 39.869998931884766, 38.290000915527344, 34.900001525878906, 38.970001220703125, 38.869998931884766]
assets:[0, 100.00146943283082, 200.02545, 295.408, 420.079057598877, 546.64005, 564.4325063781738, 602.0113248886108, 683.7903863616943, 770.218287241745, 972.609060508728, 1055.0834745407105, 1158.492783920288, 1267.9873980812074, 1366.5174419403077, 1347.577879272461, 1442.4303665164948, 1474.6733027229309, 1700.5061018882752, 1740.8827590179444, 1973.2565798339845, 2031.5750942230225, 2163.684205453491, 1831.5297514717101, 1723.0042754661558, 1914.2431431476593, 2043.0063418464663, 1926.446420942688, 2005.6018858448028, 2312.87914427948, 2496.1648323738095, 2662.4549475440976, 2583.1700006866454, 1991.9348735359192, 2123.5518453529357, 2367.914720355988, 2637.485275, 2885.943590145111, 3192.082425, 3261.0057188072205, 3564.515136351013, 3402.0726336357116, 3557.4832220054627, 3402.834604750443, 3692.3606080207824, 3627.3450807380677, 3400.37266390419, 3365.618329473114, 3167.642798493958, 3637.050728927612, 3727.718411565399]
shares:[0, 1.3205, 2.6406, 3.992, 5.2392, 6.4122, 7.7928, 9.3451, 10.9459, 12.5791, 14.0206, 15.4886, 16.9519, 18.4033, 19.8564, 21.448, 23.0457, 24.7221, 26.2667, 27.8675, 29.3552, 30.875, 32.3711, 34.2406, 36.3503, 38.3539, 40.3278, 42.5358, 44.7679, 46.791, 48.7437, 50.6459, 52.6855, 55.4702, 58.2114, 60.7781, 63.1733, 65.4409, 67.5573, 69.6945, 71.7062, 73.8778, 76.0146, 78.3161, 80.4962, 82.7783, 85.2865, 87.8981, 90.7634, 93.3295, 95.9022]
growth_rate:-25.45
