ticker:FRONU
price:[10.25, 10.260000228881836, 9.989999771118164, 10.079999923706055, 10.1899995803833, 10.100000381469727, 10.076000213623047, 10.1899995803833, 10.100000381469727, 10.039999961853027, 10.0, 10.095000267028809, 10.050000190734863, 10.100000381469727, 10.015000343322754, 9.960000038146973, 10.100000381469727, 10.029999732971191, 10.039999961853027, 10.010000228881836, 9.979999542236328, 10.010000228881836, 9.970000267028809, 9.979999542236328, 9.960000038146973, 9.9399995803833, 9.9399995803833]
assets:[0, 100.00011823081971, 197.3684294780731, 299.1461737358093, 402.4102164290428, 498.85618884143827, 597.6710514713287, 704.4326329919816, 798.2111101478577, 893.4696366052627, 989.91, 1099.3142345786096, 1194.4133776682854, 1300.3558591135024, 1389.41204413023, 1481.782073675251, 1602.6104905294417, 1691.5032869670868, 1793.1901771867751, 1887.8319891658784, 1982.1736170814513, 2088.132093745804, 2179.7880173817634, 2281.973801330185, 2377.401213105488, 2472.6275776181224, 2572.6279493966103]
shares:[0, 9.7466, 19.7566, 29.6772, 39.4907, 49.3917, 59.3163, 69.1298, 79.0308, 88.991, 98.991, 108.8969, 118.8471, 128.7481, 138.7331, 148.7733, 158.6743, 168.6444, 178.6046, 188.5946, 198.6146, 208.6046, 218.6347, 228.6547, 238.6949, 248.7553, 258.8157]
growth_rate:-1.05
