ticker:FRPH
price:[41.400001525878906, 41.380001068115234, 42.040000915527344, 41.220001220703125, 42.439998626708984, 43.29999923706055, 40.619998931884766, 41.310001373291016, 40.459999084472656, 43.79999923706055, 44.029998779296875, 45.400001525878906, 46.5099983215332, 45.36000061035156, 44.689998626708984, 45.9900016784668, 44.90999984741211, 45.54999923706055, 46.33000183105469, 45.439998626708984, 47.2400016784668, 43.189998626708984, 44.9900016784668, 46.880001068115234, 46.79999923706055, 45.13999938964844, 51.66999816894531, 50.91999816894531, 51.369998931884766, 49.0, 49.15999984741211, 47.970001220703125, 51.02000045776367, 51.880001068115234, 50.7599983215332, 57.75, 58.599998474121094, 55.810001373291016, 57.33000183105469, 59.2599983215332, 58.349998474121094, 59.189998626708984, 62.45000076293945, 55.5, 56.58000183105469, 58.5, 57.95000076293945, 60.130001068115234, 59.869998931884766, 60.150001525878906, 58.400001525878906, 58.0]
assets:[0, 99.99891058120727, 201.59441639022828, 297.6619948150635, 406.473330847168, 514.7114209308625, 582.8523026737213, 692.7521990295411, 778.4989343841553, 942.7643235782623, 1047.7158359527589, 1180.3137796699525, 1309.172734754181, 1376.8030265258787, 1456.4649312438967, 1598.8332103515625, 1661.288259355545, 1784.963265102768, 1915.5278247055055, 1978.7301801986694, 2157.1154726436616, 2072.1827111118314, 2258.543074260712, 2453.4226638988494, 2549.2380784420016, 2558.815033401489, 3028.9779646606444, 3085.013549064636, 3212.279047208405, 3164.0769999999998, 3274.409941836548, 3295.145729852295, 3604.6548683418273, 3765.414161523056, 3784.127418871308, 4405.22775, 4570.067381000518, 4452.482842560196, 4673.74813727417, 4931.089646332932, 4955.367785414886, 5126.706217053223, 5509.070532303238, 4995.97125, 5193.189810063171, 5469.41655, 5517.993277647018, 5825.574893482208, 5900.385965733719, 6027.980522917175, 5952.601195529938, 6011.8276]
shares:[0, 2.4166, 4.7953, 7.2213, 9.5776, 11.8871, 14.3489, 16.7696, 19.2412, 21.5243, 23.7955, 25.9981, 28.1482, 30.3528, 32.5904, 34.7648, 36.9915, 39.1869, 41.3453, 43.546, 45.6629, 47.9783, 50.201, 52.3341, 54.4709, 56.6862, 58.6216, 60.5855, 62.5322, 64.573, 66.6072, 68.6918, 70.6518, 72.5793, 74.5494, 76.281, 77.9875, 79.7793, 81.5236, 83.2111, 84.9249, 86.6144, 88.2157, 90.0175, 91.7849, 93.4943, 95.2199, 96.883, 98.5533, 100.2158, 101.9281, 103.6522]
growth_rate:17.88
