ticker:FRPT
price:[108.0199966430664, 108.41000366210938, 105.94000244140625, 102.56999969482422, 112.83000183105469, 121.70999908447266, 124.41000366210938, 117.80000305175781, 114.5, 135.25999450683594, 129.10000610351562, 135.75, 133.72999572753906, 134.97999572753906, 132.39999389648438, 138.3300018310547, 143.30999755859375, 141.99000549316406, 147.83999633789062, 144.61000061035156, 148.72000122070312, 139.30999755859375, 159.4199981689453, 172.52000427246094, 161.16000366210938, 155.8800048828125, 139.36000061035156, 155.77999877929688, 149.88999938964844, 153.47000122070312, 159.38999938964844, 168.27999877929688, 172.49000549316406, 172.69000244140625, 184.82000732421875, 176.5500030517578, 171.7899932861328, 170.6999969482422, 176.82000732421875, 171.52000427246094, 167.74000549316406, 160.41000366210938, 170.05999755859375, 161.19000244140625, 161.14999389648438, 153.27999877929688, 158.0, 146.4499969482422, 136.42999267578125, 131.52999877929688, 128.00999450683594, 129.8300018310547]
assets:[0, 99.99738737792968, 197.71582655639648, 291.42188313293457, 420.5738318252564, 553.6709568351746, 665.9543086029053, 730.5720589263916, 810.1103999999999, 1056.9892270736693, 1108.852862423706, 1265.963775, 1347.1291119613647, 1459.7276657958982, 1531.8282093841551, 1700.435380508423, 1861.6541922851561, 1944.5105282272339, 2124.62337137146, 2178.2025951934816, 2340.1092192077635, 2292.039527832031, 2722.909510725403, 3046.6515194503786, 2946.037098944092, 2949.5146883911134, 2736.9328599868772, 3159.4053112426755, 3139.955663214111, 3314.9520263671875, 3542.8252724334716, 3840.4188201416014, 4036.49036554718, 4141.175334545898, 4532.06380960083, 4429.268821562195, 4409.849127655029, 4481.864979873657, 4742.542462445069, 4700.385653083801, 4696.80402381134, 4591.559903823852, 4967.775642681885, 4808.668509832763, 4907.46853413086, 4767.805018029785, 5014.6197999999995, 4748.040706059265, 4523.186334173584, 4460.73468460083, 4441.357963412475, 4604.4989129394535]
shares:[0, 0.9224, 1.8663, 2.8412, 3.7275, 4.5491, 5.3529, 6.2018, 7.0752, 7.8145, 8.5891, 9.3257, 10.0735, 10.8144, 11.5697, 12.2926, 12.9904, 13.6947, 14.3711, 15.0626, 15.735, 16.4528, 17.0801, 17.6597, 18.2802, 18.9217, 19.6393, 20.2812, 20.9484, 21.6, 22.2274, 22.8216, 23.4013, 23.9804, 24.5215, 25.0879, 25.67, 26.2558, 26.8213, 27.4043, 28.0005, 28.6239, 29.2119, 29.8323, 30.4528, 31.1052, 31.7381, 32.4209, 33.1539, 33.9142, 34.6954, 35.4656]
growth_rate:-9.72
