ticker:FRSGU
price:[10.020000457763672, 10.130000114440918, 10.0, 9.960000038146973, 9.949999809265137, 10.069999694824219, 10.069999694824219, 10.010000228881836, 9.979999542236328, 10.0, 9.984999656677246, 9.960000038146973, 9.949999809265137, 9.949999809265137, 10.0, 9.979999542236328, 10.0, 9.989999771118164, 9.949999809265137, 10.0, 10.020000457763672, 10.0, 9.930000305175781, 10.0600004196167, 9.970000267028809, 9.984999656677246, 10.0]
assets:[0, 100.00032212972641, 198.717, 297.9225251410484, 397.6238823778153, 502.41947377395627, 602.4196057434082, 698.8301479789733, 796.7352994552613, 898.3320000000001, 996.9842427198411, 1094.4884681919098, 1193.3900421235085, 1293.3905252065658, 1399.89, 1497.0897513313291, 1600.09, 1698.4897710857392, 1791.6895006545067, 1900.693, 2004.494077575302, 2100.493, 2185.789681175232, 2314.405708537102, 2393.700355111027, 2497.3013346331595, 2601.053]
shares:[0, 9.8717, 19.8717, 29.9119, 39.9622, 49.8927, 59.8232, 69.8132, 79.8332, 89.8332, 99.8482, 109.8884, 119.9387, 129.989, 139.989, 150.009, 160.009, 170.019, 180.0693, 190.0693, 200.0493, 210.0493, 220.1198, 230.0602, 240.0903, 250.1053, 260.1053]
growth_rate:0.04
