ticker:FRST
price:[9.039999961853027, 8.84000015258789, 8.90999984741211, 8.40999984741211, 9.229999542236328, 9.90999984741211, 9.789999961853027, 10.010000228881836, 9.65999984741211, 9.9399995803833, 11.390000343322754, 11.020000457763672, 11.369999885559082, 11.59000015258789, 11.229999542236328, 11.899999618530273, 12.109999656677246, 12.109999656677246, 12.710000038146973, 12.699999809265137, 12.779999732971191, 12.069999694824219, 12.729999542236328, 12.630000114440918, 13.390000343322754, 14.199999809265137, 15.75, 15.970000267028809, 15.460000038146973, 15.4399995803833, 15.0600004196167, 15.550000190734863, 14.960000038146973, 14.510000228881836, 14.350000381469727, 14.65999984741211, 15.0, 14.930000305175781, 14.729999542236328, 15.510000228881836, 15.5, 15.100000381469727, 15.210000038146973, 15.229999542236328, 14.850000381469727, 15.199999809265137, 15.289999961853027, 15.550000190734863, 16.040000915527344, 15.649999618530273, 14.850000381469727, 15.380000114440918]
assets:[0, 99.99984972610474, 200.7913015613556, 289.523495746994, 417.7525482814789, 548.5293925540924, 641.8872214988709, 756.3115732933044, 829.8674028915406, 953.9218797302246, 1193.0751999622346, 1254.3184921035768, 1394.1564129675864, 1521.1318880264284, 1573.8833128444671, 1767.7842133314134, 1898.97994516325, 1998.979478328228, 2198.020379596996, 2296.2907755131723, 2410.7552496290205, 2376.824339904785, 2606.7920212612153, 2686.315140340805, 2947.962560586452, 3226.293916664314, 3678.45975, 3829.8408230374334, 3807.5351893949505, 3902.609661937809, 3906.5610968484884, 4133.667435703182, 4076.8274023956296, 4054.1956339511867, 4109.489969243622, 4298.2665092617035, 4497.954000000001, 4576.9632885551455, 4615.65124855957, 4960.065502195931, 5056.86725, 5026.367326980591, 5162.98279894886, 5269.7717396080025, 5238.2871445621495, 5461.7475314641, 5594.086539043331, 5789.212201009941, 6071.637586555481, 6024.010373164368, 5816.07392940445, 6123.651629565429]
shares:[0, 11.3122, 22.5355, 34.4261, 45.2603, 55.3511, 65.5656, 75.5556, 85.9076, 95.968, 104.7476, 113.822, 122.6171, 131.2452, 140.1499, 148.5533, 156.8109, 165.0685, 172.9363, 180.8103, 188.635, 196.92, 204.7755, 212.6932, 220.1615, 227.2038, 233.553, 239.8147, 246.283, 252.7597, 259.3998, 265.8307, 272.5152, 279.407, 286.3756, 293.1969, 299.8636, 306.5615, 313.3504, 319.7979, 326.2495, 332.872, 339.4466, 346.0126, 352.7466, 359.3255, 365.8657, 372.2966, 378.531, 384.9208, 391.6548, 398.1568]
growth_rate:20.07
