ticker:FRSX
price:[0.8870000243186951, 0.8600000143051147, 0.9539999961853027, 0.8899999856948853, 0.9300000071525574, 0.9700000286102295, 1.0299999713897705, 1.0800000429153442, 0.8600000143051147, 0.9079999923706055, 0.8939999938011169, 1.0199999809265137, 1.2100000381469727, 1.5800000429153442, 1.7300000190734863, 1.7599999904632568, 5.019999980926514, 4.079999923706055, 4.400000095367432, 7.820000171661377, 9.130000114440918, 8.180000305175781, 9.199999809265137, 10.4399995803833, 9.069999694824219, 6.789999961853027, 6.139999866485596, 7.75, 7.179999828338623, 6.059999942779541, 6.090000152587891, 5.690000057220459, 4.690000057220459, 4.920000076293945, 4.639999866485596, 3.990000009536743, 3.4600000381469727, 3.880000114440918, 4.289999961853027, 4.449999809265137, 4.789999961853027, 4.760000228881836, 4.420000076293945, 4.03000020980835, 3.950000047683716, 3.390000104904175, 3.450000047683716, 3.4800000190734863, 3.640000104904175, 3.319999933242798, 2.9600000381469727, 3.240000009536743]
assets:[0, 100.00002766338586, 210.930257756567, 296.7798402298093, 410.1182851541877, 527.7578095662594, 660.4026096560478, 792.4610474895717, 731.0338101599098, 871.8357146744728, 958.3932935546219, 1193.4688276827337, 1515.7816887871743, 2079.2851124767303, 2376.6856172032835, 2517.8998103564977, 7281.736876333046, 6018.224287462234, 6590.242262839652, 11812.657659306526, 13891.504251124477, 12546.057472062685, 14210.479785387612, 16225.804543833447, 14196.556713332366, 10727.852291729736, 9800.885142879582, 12470.82415, 11653.61503738222, 9935.781380183173, 10084.968999683762, 9522.573565762044, 7949.010746982098, 8438.834314860153, 8058.574984117269, 7029.6801708020685, 6195.913066310787, 7048.01826788187, 7892.782684816838, 8287.151874798012, 9020.327706163216, 9063.833451829147, 8516.416367002486, 7864.968156463004, 7808.839624266958, 6801.7636714818245, 7022.148727055693, 7183.210719370365, 7613.473359418988, 7044.1567383589745, 6380.332770226479, 7083.877700850964]
shares:[0, 116.2791, 221.1009, 333.4605, 440.9874, 544.0802, 641.1676, 733.7602, 850.0393, 960.1715, 1072.0283, 1170.0675, 1252.7121, 1316.0032, 1373.8067, 1430.6249, 1450.5452, 1475.055, 1497.7823, 1510.57, 1521.5229, 1533.7478, 1544.6174, 1554.1959, 1565.2213, 1579.9488, 1596.2354, 1609.1386, 1623.0662, 1639.5679, 1655.9883, 1673.563, 1694.885, 1715.2102, 1736.7619, 1761.8246, 1790.7263, 1816.4995, 1839.8095, 1862.2814, 1883.1582, 1904.1666, 1926.791, 1951.6049, 1976.9214, 2006.4199, 2035.4054, 2064.141, 2091.6135, 2121.734, 2155.5178, 2186.382]
growth_rate:38.9
