ticker:FRTA
price:[13.619999885559082, 16.469999313354492, 11.359999656677246, 11.194999694824219, 12.390000343322754, 14.229999542236328, 15.850000381469727, 16.0, 13.050000190734863, 14.569999694824219, 14.8100004196167, 16.940000534057617, 18.90999984741211, 19.100000381469727, 17.100000381469727, 17.940000534057617, 17.3799991607666, 17.19499969482422, 18.510000228881836, 19.540000915527344, 21.040000915527344, 18.299999237060547, 21.049999237060547, 21.489999771118164, 22.15999984741211, 23.270000457763672, 23.450000762939453, 23.489999771118164, 23.3799991607666, 23.31999969482422, 23.469999313354492, 23.469999313354492, 23.399999618530273, 23.450000762939453, 23.459999084472656, 23.399999618530273, 23.360000610351562, 23.360000610351562, 23.3799991607666, 23.40999984741211, 23.43000030517578, 23.520000457763672, 23.510000228881836, 23.459999084472656, 23.579999923706055, 23.729999542236328, 23.579999923706055, 23.59000015258789, 23.670000076293945, 23.610000610351562, 23.40999984741211, 23.59000015258789]
assets:[0, 99.99924783096314, 168.97317889328002, 266.51935773468017, 394.96843094444273, 553.6238241905212, 716.649842247963, 823.432, 771.6112762776374, 961.4844788612367, 1077.3223795241356, 1332.2649760015488, 1587.197600192642, 1703.1451240156173, 1624.8061262464523, 1804.6205337219237, 1848.2881767511367, 1928.6135192710876, 2176.1059649082185, 2397.1966223182676, 2681.219892669678, 2432.049768606186, 2897.5218699817656, 3058.0871394294736, 3253.429241597748, 3516.39492517395, 3643.5954585433956, 3749.809670462608, 3832.2507324399944, 3922.4169526695255, 4047.647816580772, 4147.648789655113, 4235.278250955963, 4344.328381341553, 4446.18125448761, 4534.80994607296, 4627.057816896057, 4727.05730750885, 4831.105084585762, 4937.304745818329, 5041.522199665833, 5160.887860445023, 5258.69334119606, 5347.509727313232, 5474.863332285881, 5609.691209786224, 5674.232231640815, 5776.639031365204, 5896.2301570049285, 5981.284363624573, 6030.617286692048, 6176.987282954788]
shares:[0, 6.0716, 14.8744, 23.807, 31.878, 38.9054, 45.2145, 51.4645, 59.1273, 65.9907, 72.7429, 78.6461, 83.9343, 89.1699, 95.0179, 100.592, 106.3457, 112.1613, 117.5638, 122.6815, 127.4344, 132.8989, 137.6495, 142.3028, 146.8154, 151.1128, 155.3772, 159.6343, 163.9115, 168.1997, 172.4605, 176.7213, 180.9948, 185.2592, 189.5218, 193.7953, 198.0761, 202.3569, 206.6341, 210.9058, 215.1738, 219.4255, 223.679, 227.9416, 232.1825, 236.3966, 240.6375, 244.8766, 249.1014, 253.3369, 257.6086, 261.8477]
growth_rate:21.12
