ticker:FRWAU
price:[9.989999771118164, 9.928999900817871, 9.880000114440918, 10.0, 10.050000190734863, 10.100000381469727, 10.013999938964844, 9.920000076293945, 9.979999542236328, 10.0, 10.0, 9.979999542236328, 9.960000038146973, 9.979999542236328, 9.949999809265137, 9.9399995803833, 9.979999542236328, 9.970000267028809, 10.029999732971191, 10.015000343322754, 10.0, 10.0, 9.90999984741211, 9.864999771118164, 9.829999923706055, 9.829999923706055]
assets:[0, 99.9999225010872, 199.50684231090548, 301.93, 403.43916765670775, 505.44643909034727, 601.1424191360474, 695.4991413490295, 799.7053473190307, 901.308, 1001.308, 1099.3049335769654, 1197.1023645849227, 1299.5057203941346, 1395.5999082472802, 1494.1976349225044, 1600.2100926013948, 1698.6068914941789, 1808.8292088435173, 1906.1239688435553, 2003.269, 2103.269, 2184.339373366928, 2274.4200897302626, 2366.3503236339566, 2466.3499298578263]
shares:[0, 10.0715, 20.193, 30.193, 40.1432, 50.0442, 60.0302, 70.1108, 80.1308, 90.1308, 100.1308, 110.1508, 120.191, 130.211, 140.2613, 150.3217, 160.3417, 170.3718, 180.3419, 190.3269, 200.3269, 210.3269, 220.4177, 230.5545, 240.7274, 250.9003]
growth_rate:-1.35
