ticker:FSBW
price:[20.200000762939453, 20.260000228881836, 20.90999984741211, 19.75, 21.049999237060547, 21.55500030517578, 23.575000762939453, 24.040000915527344, 23.155000686645508, 22.7450008392334, 24.829999923706055, 25.485000610351562, 25.760000228881836, 27.479999542236328, 28.545000076293945, 29.649999618530273, 28.950000762939453, 27.399999618530273, 29.43000030517578, 28.415000915527344, 28.209999084472656, 26.809999465942383, 29.424999237060547, 29.850000381469727, 29.674999237060547, 30.315000534057617, 33.94499969482422, 36.5, 34.849998474121094, 34.20500183105469, 33.834999084472656, 33.82500076293945, 33.540000915527344, 33.505001068115234, 34.17499923706055, 34.75, 35.220001220703125, 35.81999969482422, 35.59000015258789, 35.279998779296875, 35.349998474121094, 34.625, 35.70500183105469, 35.17499923706055, 35.04999923706055, 35.209999084472656, 35.43000030517578, 34.779998779296875, 35.869998931884766, 35.459999084472656, 33.720001220703125, 34.2400016784668]
assets:[0, 99.99930912971497, 203.20756051712036, 291.934625, 411.1506900981903, 521.0145343765258, 669.8412116775513, 783.0525458213806, 854.2250233314513, 939.1001436504365, 1125.186344542694, 1254.8686875534058, 1368.4098521585463, 1559.7785140171052, 1720.2273210977555, 1886.8192357246398, 1942.2729211860656, 1938.2814530147552, 2181.8843056251526, 2206.635092097473, 2290.7139876571655, 2277.0322366413116, 2599.130780109024, 2736.67191497345, 2820.6264824821474, 2981.459082024193, 3438.465533087158, 3797.2738499999996, 3725.6146918769837, 3756.660100100708, 3816.0228522438047, 3914.8954408023833, 3981.909156692505, 4077.752958995819, 4259.295087413407, 4430.9586, 4590.8884171173095, 4769.096251368714, 4838.474756744385, 4896.331102584839, 5006.047613914489, 5003.378287500001, 5259.439602719117, 5281.367847948074, 5362.600813271332, 5487.080484325408, 5621.366364419556, 5618.235794812012, 5894.308878482818, 5926.936724974823, 5736.106035653687, 5924.564610425949]
shares:[0, 4.9358, 9.7182, 14.7815, 19.5321, 24.1714, 28.4132, 32.5729, 36.8916, 41.2882, 45.3156, 49.2395, 53.1215, 56.7605, 60.2637, 63.6364, 67.0906, 70.7402, 74.1381, 77.6574, 81.2022, 84.9322, 88.3307, 91.6808, 95.0506, 98.3493, 101.2952, 104.0349, 106.9043, 109.8278, 112.7833, 115.7397, 118.7212, 121.7058, 124.6319, 127.5096, 130.3489, 133.1406, 135.9504, 138.7849, 141.6138, 144.5019, 147.3026, 150.1455, 152.9986, 155.8387, 158.6612, 161.5364, 164.3242, 167.1443, 170.1099, 173.0305]
growth_rate:16.17
