ticker:FSEA
price:[6.422999858856201, 6.5, 7.150000095367432, 7.074999809265137, 7.610000133514404, 8.210000038146973, 8.137999534606934, 8.229999542236328, 8.027999877929688, 8.140000343322754, 8.270000457763672, 8.600000381469727, 9.350000381469727, 9.163000106811523, 9.119999885559082, 8.960000038146973, 8.949999809265137, 8.880000114440918, 8.960000038146973, 9.0, 9.0, 8.670000076293945, 8.729999542236328, 8.960000038146973, 9.239999771118164, 9.199999809265137, 9.699999809265137, 9.890000343322754, 10.0, 9.890000343322754, 9.399999618530273, 9.920000076293945, 9.803999900817871, 9.899999618530273, 9.649999618530273, 9.550000190734863, 9.727999687194824, 9.75, 9.699999809265137, 9.369999885559082, 9.611000061035156, 10.0, 10.0, 9.600000381469727, 9.529999732971191, 9.670000076293945, 9.600000381469727, 9.552000045776367, 9.75, 9.770000457763672, 9.800000190734863, 9.800000190734863]
assets:[0, 99.99990000000001, 209.99979280099868, 307.79715920209884, 431.0722625629902, 565.059820625496, 660.1040666501999, 767.5667923069, 848.7273722946167, 960.5680665141106, 1075.9088655540468, 1218.8410740640638, 1425.135473143959, 1496.633124645996, 1589.609596053028, 1661.7216070747377, 1759.8671024951934, 1846.1031837916373, 1962.734600356293, 2071.4967, 2171.4966, 2191.874857287979, 2307.0438050285343, 2467.825034506702, 2644.9443904827117, 2733.4947433290486, 2982.054451362705, 3140.4657640185355, 3275.3949999999995, 3339.365538923168, 3273.9164671382905, 3555.0264593414304, 3613.455341444492, 3748.837805548668, 3754.1702315956118, 3815.2670961994168, 3986.378623817444, 4095.3938999999996, 4174.392007917309, 4132.377026529026, 4338.663002352905, 4614.268, 4714.268, 4625.697783808709, 4691.968619531917, 4860.896298351287, 4925.709315730095, 5001.0804863668445, 5204.745975, 5315.422484048844, 5431.744185716629, 5531.744367662906]
shares:[0, 15.3846, 29.3706, 43.5049, 56.6455, 68.8258, 81.1138, 93.2645, 105.7209, 118.0059, 130.0978, 141.7257, 152.4209, 163.3344, 174.2993, 185.46, 196.6332, 207.8945, 219.0552, 230.1663, 241.2774, 252.8114, 264.2662, 275.4269, 286.2494, 297.119, 307.4283, 317.5395, 327.5395, 337.6507, 348.289, 358.3696, 368.5695, 378.6705, 389.0332, 399.5044, 409.784, 420.0404, 430.3497, 441.0221, 451.4268, 461.4268, 471.4268, 481.8435, 492.3367, 502.678, 513.0947, 523.5637, 533.8201, 544.0555, 554.2596, 564.4637]
growth_rate:8.47
