ticker:FSFG
price:[44.0, 45.130001068115234, 49.63999938964844, 47.47999954223633, 53.099998474121094, 53.0, 54.5, 54.61000061035156, 54.04999923706055, 58.2599983215332, 63.25, 63.29999923706055, 63.20000076293945, 63.5, 64.0999984741211, 64.5, 62.650001525878906, 65.0, 66.5999984741211, 63.029998779296875, 61.25, 60.38999938964844, 61.79999923706055, 60.70000076293945, 61.58000183105469, 62.5099983215332, 65.83000183105469, 69.87999725341797, 72.62999725341797, 67.87999725341797, 68.5, 68.18000030517578, 69.51000213623047, 68.5, 68.80000305175781, 69.0999984741211, 70.1500015258789, 73.16999816894531, 72.04000091552734, 73.61000061035156, 75.4000015258789, 73.31999969482422, 73.94000244140625, 73.75, 75.02999877929688, 77.19000244140625, 76.5, 73.58000183105469, 75.25, 80.43000030517578, 81.94999694824219, 86.69999694824219]
assets:[0, 99.99905636672975, 209.99208941802976, 300.8522690994263, 436.46074745788576, 535.6392000000001, 650.80085, 752.116233406067, 844.4015180809021, 1010.1701108970641, 1196.69, 1297.637324359894, 1395.5887368473054, 1502.21315, 1616.4096615219116, 1726.4973, 1776.979583279419, 1943.6365, 2091.4797120819094, 2079.3659627288816, 2120.6465, 2190.870670857239, 2342.022211087036, 2400.3329701698303, 2535.1316733810427, 2673.415106215668, 2915.406708091736, 3194.7667264320376, 3420.4879316505435, 3296.7889186042785, 3426.9043, 3510.8950257148745, 3679.3798940773013, 3725.9205, 3842.2393704299925, 3958.994582576752, 4119.151969598389, 4396.485192979431, 4428.587016281128, 4625.100363349915, 4837.57361789856, 4804.124344004059, 4944.745057269287, 5032.036249999999, 5219.371829083252, 5469.629539996338, 5520.73725, 5410.013782629394, 5632.801125, 6120.546077223206, 6336.218059043885, 6803.478810523988]
shares:[0, 2.2158, 4.2303, 6.3364, 8.2196, 10.1064, 11.9413, 13.7725, 15.6226, 17.339, 18.92, 20.4998, 22.0821, 23.6569, 25.217, 26.7674, 28.3636, 29.9021, 31.4036, 32.9901, 34.6228, 36.2787, 37.8968, 39.5442, 41.1681, 42.7678, 44.2869, 45.7179, 47.0947, 48.5679, 50.0278, 51.4945, 52.9331, 54.393, 55.8465, 57.2937, 58.7192, 60.0859, 61.474, 62.8325, 64.1588, 65.5227, 66.8751, 68.231, 69.5638, 70.8593, 72.1665, 73.5256, 74.8545, 76.0978, 77.3181, 78.4715]
growth_rate:33.4
