ticker:FSII
price:[11.0, 10.640000343322754, 10.289999961853027, 10.390000343322754, 10.050000190734863, 9.920000076293945, 10.0, 10.050000190734863, 10.114999771118164, 10.050000190734863, 10.149999618530273, 10.149999618530273, 10.109999656677246, 10.0, 9.989999771118164, 10.0, 10.0, 9.949999809265137, 9.878000259399414, 9.989999771118164, 9.899999618530273, 9.899999618530273, 9.90999984741211, 9.869999885559082, 9.899999618530273, 9.859999656677246, 9.899999618530273, 9.902000427246094, 9.88599967956543]
assets:[0, 100.0000432267189, 196.7108422707558, 298.6221168675423, 388.84958237981795, 483.81923572101596, 587.721, 690.6591281077385, 795.1259710079192, 890.0159568912507, 998.8716124591828, 1098.8714387008667, 1194.540943434906, 1281.544, 1380.2623243766784, 1481.644, 1581.644, 1673.7362329155922, 1761.6247858608247, 1881.598474890518, 1964.6470042976377, 2064.646900444412, 2166.7322766380307, 2257.986522819042, 2364.849538876915, 2455.294716507244, 2565.255231154823, 2665.7739764213566, 2761.4661764926914]
shares:[0, 9.3985, 19.1167, 28.7413, 38.6915, 48.7721, 58.7721, 68.7223, 78.6086, 88.5588, 98.411, 108.2632, 118.1544, 128.1544, 138.1644, 148.1644, 158.1644, 168.2147, 178.3382, 188.3482, 198.4492, 208.5502, 218.641, 228.7727, 238.8737, 249.0157, 259.1167, 269.2157, 279.331]
growth_rate:-1.38
