ticker:FSLR
price:[72.05999755859375, 69.91000366210938, 61.75, 63.04999923706055, 67.23999786376953, 78.80999755859375, 84.18000030517578, 85.37000274658203, 87.05000305175781, 88.2699966430664, 79.94999694824219, 84.69000244140625, 94.69999694824219, 89.26000213623047, 86.37000274658203, 93.58999633789062, 102.4000015258789, 98.91999816894531, 104.0999984741211, 96.58000183105469, 106.66999816894531, 99.1500015258789, 97.4000015258789, 100.75, 90.95999908447266, 81.0199966430664, 73.69999694824219, 81.94999694824219, 79.97000122070312, 85.69000244140625, 86.1500015258789, 79.61000061035156, 80.13999938964844, 88.55999755859375, 76.52999877929688, 74.62000274658203, 72.58000183105469, 75.93000030517578, 76.11000061035156, 75.83999633789062, 79.58999633789062, 76.97000122070312, 87.87000274658203, 90.81999969482422, 92.54000091552734, 83.48999786376953, 82.94999694824219, 86.04000091552734, 93.1500015258789, 96.5999984741211, 94.54000091552734, 94.44000244140625]
assets:[0, 99.99926923828124, 188.32514999999998, 292.28718646316526, 411.71050691986085, 582.5556209533692, 722.2475666183473, 832.4599707824708, 948.8450332641602, 1062.1440426063537, 1062.0317744613646, 1224.9985403137207, 1469.7913026351928, 1485.3578435485838, 1537.2651308853149, 1765.7718199066162, 2031.9949102790831, 2062.936993814087, 2270.9622867126463, 2206.910989840698, 2537.476583442688, 2458.5928428367615, 2515.1991994033815, 2701.712, 2539.1847584426882, 2361.7085961463927, 2248.3363269012452, 2600.019358177185, 2637.2027182556153, 2925.8337193603516, 3041.54303387146, 2910.6451153152466, 3030.021250923157, 3448.375752935791, 3079.9498008728024, 3103.0802762168883, 3118.2473606674193, 3362.172820513153, 3470.144145828247, 3557.83624420166, 3833.7546156005856, 3807.5520203857423, 4446.74935899353, 4696.0388062202455, 4884.973806328583, 4507.240930674743, 4578.08498657074, 4848.629379592896, 5349.29719262619, 5647.41945079422, 5626.992492491913, 5721.043131896973]
shares:[0, 1.4304, 3.0498, 4.6358, 6.123, 7.3919, 8.5798, 9.7512, 10.9, 12.0329, 13.2837, 14.4645, 15.5205, 16.6408, 17.7986, 18.8671, 19.8437, 20.8546, 21.8152, 22.8506, 23.7881, 24.7967, 25.8234, 26.816, 27.9154, 29.1497, 30.5066, 31.7269, 32.9774, 34.1444, 35.3052, 36.5613, 37.8091, 38.9383, 40.245, 41.5851, 42.9629, 44.2799, 45.5938, 46.9124, 48.1688, 49.468, 50.606, 51.7071, 52.7877, 53.9854, 55.1909, 56.3532, 57.4267, 58.4619, 59.5197, 60.5786]
growth_rate:12.18
