ticker:FSRXU
price:[11.119999885559082, 10.59000015258789, 10.1899995803833, 10.399999618530273, 10.194999694824219, 10.050000190734863, 10.0, 10.15999984741211, 10.050000190734863, 9.979999542236328, 10.010000228881836, 10.0, 10.0, 9.989999771118164, 9.979999542236328, 9.989999771118164, 10.15999984741211, 10.020000457763672, 10.0, 10.0, 10.0, 10.09000015258789, 10.0, 10.0, 9.949999809265137, 9.949999809265137, 9.859999656677246, 9.845000267028809, 9.829999923706055]
assets:[0, 100.0003124408722, 196.222707919693, 300.26670898628237, 394.34768569564824, 488.7385442755699, 586.307, 695.6877015518189, 788.1551849580765, 882.6650915138244, 985.3183565296174, 1084.334, 1184.334, 1283.1495366016388, 1381.8646686164857, 1483.2492320171357, 1608.4895198429108, 1686.324995039749, 1782.9589999999998, 1882.9589999999998, 1982.9589999999998, 2100.805634769821, 2182.067, 2282.067, 2370.6571045560836, 2470.657587639141, 2548.3100092684745, 2644.433033225727, 2740.4034467308047]
shares:[0, 9.4429, 19.2564, 28.8718, 38.6805, 48.6307, 58.6307, 68.4732, 78.4234, 88.4434, 98.4334, 108.4334, 118.4334, 128.4434, 138.4634, 148.4734, 158.3159, 168.2959, 178.2959, 188.2959, 198.2959, 208.2067, 218.2067, 228.2067, 238.257, 248.3073, 258.4493, 268.6067, 278.7796]
growth_rate:-2.13
