ticker:FSSI
price:[9.84000015258789, 9.850000381469727, 10.0, 9.850000381469727, 9.819999694824219, 9.90999984741211, 9.767999649047852, 9.720000267028809, 9.699999809265137, 9.779999732971191, 9.800000190734863, 9.729999542236328, 9.699999809265137, 9.699999809265137, 9.699999809265137, 9.729999542236328, 9.699999809265137, 9.670000076293945, 9.680000305175781, 9.664999961853027, 9.649999618530273, 9.640000343322754, 9.65999984741211, 9.670000076293945]
assets:[0, 100.00015887279511, 201.523, 298.5003215602875, 397.5911656440735, 501.23490928230285, 594.052620256424, 691.1338149868965, 789.7119044715881, 896.2245055298805, 998.0574994249345, 1090.9285216754913, 1187.565156648445, 1287.5653646821022, 1387.5655727157593, 1491.857044813156, 1587.2575287891389, 1682.3489002733231, 1784.0889122459412, 1881.324137074566, 1978.4043217926026, 2076.353889948082, 2180.6618895545957, 2282.9197270116806]
shares:[0, 10.1523, 20.1523, 30.3046, 40.4879, 50.5787, 60.8162, 71.1043, 81.4136, 91.6385, 101.8426, 112.1201, 122.4294, 132.7387, 143.048, 153.3255, 163.6348, 173.9761, 184.3067, 194.6533, 205.016, 215.3894, 225.7414, 236.0827]
growth_rate:-0.74
