ticker:FSSIU
price:[10.579999923706055, 10.800000190734863, 10.84000015258789, 10.899999618530273, 10.479999542236328, 10.229999542236328, 10.079999923706055, 10.0, 10.100000381469727, 10.109999656677246, 10.550000190734863, 10.34000015258789, 10.300000190734863, 10.3100004196167, 10.1899995803833, 10.140000343322754, 10.0600004196167, 10.319999694824219, 10.239999771118164, 10.140000343322754, 10.210000038146973, 10.180000305175781, 10.279999732971191, 10.199999809265137, 10.274999618530273, 10.175000190734863, 10.199999809265137, 10.100000381469727, 10.15999984741211, 10.024999618530273, 10.010000228881836, 10.0]
assets:[0, 100.00044176607132, 200.37089882049563, 301.47981944904325, 389.8633189708709, 480.56343549613956, 573.5167156591416, 668.965, 775.6547792959213, 876.4227272377967, 1014.566088342476, 1094.3711401496887, 1190.1372120388985, 1291.2924985555649, 1376.2623623265267, 1469.50912975502, 1557.9158089828493, 1698.1796857826232, 1785.0152561017992, 1867.583235233116, 1980.4755683995247, 2074.6565761940005, 2195.0359149827004, 2277.9537174034117, 2394.703741094208, 2471.397656327438, 2577.469571802616, 2652.2005101717, 2767.955814429474, 2831.177184768486, 2926.941083925438, 3024.017]
shares:[0, 9.2593, 18.4844, 27.6587, 37.2007, 46.9759, 56.8965, 66.8965, 76.7975, 86.6887, 96.1674, 105.8386, 115.5473, 125.2466, 135.0601, 144.922, 154.8624, 164.5523, 174.3179, 184.1798, 193.9741, 203.7973, 213.5249, 223.3288, 233.0612, 242.8892, 252.6931, 262.5941, 272.4366, 282.4117, 292.4017, 302.4017]
growth_rate:-2.45
