ticker:FSTR
price:[14.539999961853027, 13.979999542236328, 14.34000015258789, 12.15999984741211, 13.979999542236328, 14.989999771118164, 14.8100004196167, 15.0, 13.5600004196167, 13.550000190734863, 14.100000381469727, 14.380000114440918, 14.649999618530273, 15.119999885559082, 15.1899995803833, 14.789999961853027, 14.710000038146973, 15.050000190734863, 15.569999694824219, 15.010000228881836, 15.550000190734863, 15.149999618530273, 16.520000457763672, 16.399999618530273, 17.6299991607666, 16.950000762939453, 17.84000015258789, 19.25, 18.100000381469727, 17.010000228881836, 18.0, 17.770000457763672, 17.309999465942383, 16.399999618530273, 16.139999389648438, 16.790000915527344, 17.899999618530273, 18.3799991607666, 17.989999771118164, 18.700000762939453, 17.989999771118164, 17.239999771118164, 18.170000076293945, 18.860000610351562, 18.0, 17.260000228881836, 17.93000030517578, 18.15999984741211, 18.020000457763672, 18.25, 17.290000915527344, 17.489999771118164]
assets:[0, 100.00033472557068, 202.5754461555481, 271.77964458961486, 412.4575184944153, 542.255746720314, 635.7444450127601, 743.9010000000001, 772.4861039047241, 871.9167672734261, 1007.3082572523116, 1127.311480971527, 1248.4773624910354, 1388.5315814904213, 1494.9602647024155, 1555.5929689877512, 1647.1787322715759, 1785.2505876252176, 1946.93348483963, 1976.9085911451339, 2148.0303763475417, 2192.776099786949, 2491.0673890266416, 2572.9729801517487, 2865.9467675735473, 2855.4056035251615, 3105.3356825603487, 3450.7684750000003, 3344.619430490112, 3243.2031886396408, 3531.9618, 3586.8319443984983, 3593.9817151165007, 3505.043998471451, 3549.4763857727053, 3792.4229877937314, 4143.142861704826, 4354.2438571846005, 4361.851746505356, 4633.998569062042, 4558.054282009125, 4468.030400681496, 4809.055737192726, 5091.677742778015, 4959.5022, 4855.610880389404, 5144.095571554565, 5310.082019382477, 5369.145632392883, 5537.675975, 5346.379503097534, 5508.223571916962]
shares:[0, 7.1531, 14.1266, 22.3503, 29.5034, 36.1745, 42.9267, 49.5934, 56.968, 64.3481, 71.4403, 78.3944, 85.2203, 91.8341, 98.4174, 105.1787, 111.9768, 118.6213, 125.0439, 131.7061, 138.137, 144.7377, 150.791, 156.8886, 162.5608, 168.4605, 174.0659, 179.2607, 184.7856, 190.6645, 196.2201, 201.8476, 207.6246, 213.7222, 219.918, 225.8739, 231.4605, 236.9012, 242.4598, 247.8074, 253.366, 259.1665, 264.6701, 269.9723, 275.5279, 281.3216, 286.8988, 292.4054, 297.9548, 303.4343, 309.218, 314.9356]
growth_rate:8.0
