ticker:FSTX
price:[1.3300000429153442, 1.3799999952316284, 1.399999976158142, 1.2799999713897705, 1.3300000429153442, 1.3600000143051147, 1.3919999599456787, 1.2699999809265137, 1.0299999713897705, 1.190000057220459, 1.3300000429153442, 1.2100000381469727, 6.994999885559082, 9.0, 8.539999961853027, 9.279999732971191, 10.119999885559082, 9.869999885559082, 9.6899995803833, 8.9399995803833, 9.069999694824219, 8.420000076293945, 10.859999656677246, 10.789999961853027, 9.65999984741211, 8.270000457763672, 7.789999961853027, 9.079999923706055, 11.1899995803833, 12.850000381469727, 10.600000381469727, 10.420000076293945, 10.140000343322754, 9.4399995803833, 9.680000305175781, 7.130000114440918, 6.570000171661377, 8.130000114440918, 7.440000057220459, 6.880000114440918, 7.190000057220459, 9.319999694824219, 8.899999618530273, 8.15999984741211, 8.100000381469727, 6.5, 6.199999809265137, 5.199999809265137, 5.835000038146973, 5.920000076293945, 5.940000057220459, 7.53000020980835]
assets:[0, 100.00004365446568, 201.44935656933785, 284.18226564803126, 395.283194754672, 504.1993333034039, 616.0628510730028, 662.0688970567227, 636.9535273073913, 835.8978091936589, 1034.238756371963, 1040.9239498166085, 6117.572281914138, 7971.0723, 7663.661887767506, 8427.726413495064, 9290.580886938476, 9161.070364778996, 9093.998714192581, 8490.128967498875, 8713.587707816314, 8189.130410202026, 10662.22711692953, 10693.501755194187, 9673.60788919716, 8381.650425943755, 7995.169864848328, 9419.145184856414, 11707.955566960334, 13544.793477095605, 11273.137505694389, 11181.706249871064, 10981.238093805598, 10323.16346112585, 10685.617784879303, 7970.707696934795, 7444.677434515, 9312.363104084301, 8622.015186311246, 8073.046486285877, 8536.802826938772, 11165.785558385467, 10762.60666869564, 9967.738469608306, 9994.447100688743, 8120.234850000001, 7845.454338644886, 6680.058594976902, 7595.797074158382, 7806.447172605514, 7932.820180417442, 10156.251936983585]
shares:[0, 72.4638, 143.8924, 222.0174, 297.2054, 370.7348, 442.5739, 521.3141, 618.4015, 702.4351, 777.6231, 860.2677, 874.5636, 885.6747, 897.3843, 908.1602, 918.0416, 928.1733, 938.4932, 949.6789, 960.7043, 972.5808, 981.7889, 991.0567, 1001.4087, 1013.5006, 1026.3376, 1037.3508, 1046.2874, 1054.0695, 1063.5035, 1073.1004, 1082.9623, 1093.5555, 1103.8861, 1117.9113, 1133.132, 1145.4321, 1158.873, 1173.4079, 1187.3161, 1198.0457, 1209.2817, 1221.5366, 1233.8823, 1249.2669, 1265.3959, 1284.6267, 1301.7647, 1318.6566, 1335.4916, 1348.7718]
growth_rate:99.14
