ticker:FSV
price:[125.0999984741211, 128.8000030517578, 125.66000366210938, 127.91000366210938, 132.08999633789062, 136.64999389648438, 135.19000244140625, 130.0, 134.16000366210938, 144.2100067138672, 136.1699981689453, 139.4499969482422, 134.94000244140625, 131.6699981689453, 128.6199951171875, 132.82000732421875, 135.86000061035156, 136.75999450683594, 141.92999267578125, 138.61000061035156, 136.3000030517578, 136.85000610351562, 142.42999267578125, 149.16000366210938, 153.60000610351562, 151.27000427246094, 148.35000610351562, 151.77999877929688, 149.0399932861328, 149.7899932861328, 153.08999633789062, 156.61000061035156, 164.82000732421875, 167.6999969482422, 162.25, 163.6199951171875, 156.1999969482422, 159.94000244140625, 162.38999938964844, 165.02000427246094, 172.69000244140625, 170.75, 173.72999572753906, 174.63999938964844, 178.13999938964844, 180.52999877929688, 182.16000366210938, 185.9600067138672, 189.3699951171875, 189.16000366210938, 187.2100067138672, 184.74000549316406]
assets:[0, 100.00032236938476, 197.56265775756836, 301.10014862060547, 410.94518760681154, 525.1322615447998, 619.5217051879883, 695.734, 818.0003743286132, 979.2724715911866, 1024.6792362213134, 1149.360819847107, 1212.1930299316407, 1282.8212911605833, 1353.108072631836, 1497.2932245666502, 1631.569919329834, 1742.3770340148924, 1908.248751525879, 1963.6047126464844, 2030.8836754714966, 2139.075075402832, 2326.2948273742672, 2536.2122902679444, 2711.7005877532956, 2770.5706362518313, 2817.0924409027098, 2982.2189500152585, 3028.388335578918, 3143.6276100967407, 3312.882829751587, 3489.0515595977786, 3771.9553136169434, 3937.864248339844, 3909.884275, 4042.9028213500974, 3959.5605826400756, 4154.361593414306, 4317.998800770569, 4487.933542195129, 4796.533893811035, 4842.657825, 5027.172767369079, 5153.504133988952, 5356.794479646301, 5528.659000616455, 5678.5830901611325, 5897.052156906128, 6105.193957580566, 6198.432832000733, 6234.542527587891, 6252.285323908996]
shares:[0, 0.7764, 1.5722, 2.354, 3.1111, 3.8429, 4.5826, 5.3518, 6.0972, 6.7906, 7.525, 8.2421, 8.9832, 9.7427, 10.5202, 11.2731, 12.0092, 12.7404, 13.445, 14.1664, 14.9001, 15.6308, 16.3329, 17.0033, 17.6543, 18.3154, 18.9895, 19.6483, 20.3193, 20.9869, 21.6401, 22.2786, 22.8853, 23.4816, 24.0979, 24.7091, 25.3493, 25.9745, 26.5903, 27.1963, 27.7754, 28.3611, 28.9367, 29.5093, 30.0707, 30.6246, 31.1736, 31.7114, 32.2395, 32.7682, 33.3024, 33.8437]
growth_rate:22.59
