ticker:FSZ
price:[53.709999084472656, 53.84000015258789, 54.880001068115234, 52.5099983215332, 54.119998931884766, 55.2599983215332, 54.470001220703125, 54.459999084472656, 51.310001373291016, 56.40999984741211, 56.459999084472656, 57.279998779296875, 57.66999816894531, 58.540000915527344, 58.150001525878906, 59.970001220703125, 59.54999923706055, 60.36000061035156, 62.41999816894531, 62.029998779296875, 62.79999923706055, 60.5, 61.849998474121094, 62.9900016784668, 62.540000915527344, 60.88999938964844, 60.22999954223633, 61.47999954223633, 62.68000030517578, 62.2599983215332, 63.31999969482422, 64.80000305175781, 66.23999786376953, 65.48999786376953, 64.33000183105469, 66.18000030517578, 65.13999938964844, 66.2699966430664, 67.86000061035156, 68.62999725341797, 69.1500015258789, 67.12999725341797, 67.83000183105469, 67.3499984741211, 67.69000244140625, 67.5199966430664, 68.8499984741211, 70.05000305175781, 69.83000183105469, 70.72000122070312, 70.20999908447266, 70.33999633789062]
assets:[0, 100.00241628341675, 201.9364519302368, 293.2158306274414, 402.203596062088, 510.67422248878484, 603.3750975219726, 703.2637521774292, 762.584633410263, 938.3803474617006, 1039.2140351486205, 1154.3065354003907, 1262.165579925537, 1381.2044896011353, 1472.003323625946, 1618.0745909362793, 1706.744663133621, 1829.9582825042723, 1992.4151315536499, 2079.965107067871, 2205.7871732025146, 2225.00245, 2374.6502864158633, 2518.4221541072843, 2600.4320000679018, 2631.8240876190184, 2703.2970464542386, 2859.397890709686, 3015.2088786804197, 3095.006776561737, 3247.7017803474428, 3423.6109612350465, 3599.6934519104007, 3658.9392786483763, 3694.1310561477662, 3900.364643985748, 3939.074389091492, 4107.407764937591, 4305.954548728942, 4454.814299717713, 4588.565906252289, 4554.521932654571, 4702.01642492981, 4768.743581959534, 4892.816139471436, 4980.524776380157, 5178.628370229339, 5368.89141889801, 5452.026273960876, 5621.511681033325, 5680.97186592102, 5791.4928364776615]
shares:[0, 1.8574, 3.6796, 5.584, 7.4317, 9.2413, 11.0772, 12.9134, 14.8623, 16.635, 18.4062, 20.152, 21.886, 23.5942, 25.3139, 26.9814, 28.6607, 30.3174, 31.9195, 33.5316, 35.124, 36.7769, 38.3937, 39.9813, 41.5803, 43.2226, 44.8829, 46.5094, 48.1048, 49.711, 51.2903, 52.8335, 54.3432, 55.8702, 57.4247, 58.9357, 60.4709, 61.9799, 63.4535, 64.9106, 66.3567, 67.8463, 69.3206, 70.8054, 72.2827, 73.7637, 75.2161, 76.6437, 78.0757, 79.4897, 80.914, 82.3357]
growth_rate:13.56
