ticker:FTA
price:[48.7400016784668, 47.619998931884766, 48.15999984741211, 45.869998931884766, 47.2400016784668, 49.2599983215332, 49.20000076293945, 49.689998626708984, 46.79999923706055, 48.939998626708984, 52.5099983215332, 52.630001068115234, 54.369998931884766, 55.459999084472656, 54.779998779296875, 54.7400016784668, 54.2599983215332, 54.93000030517578, 56.939998626708984, 57.56999969482422, 57.5, 55.630001068115234, 58.040000915527344, 59.040000915527344, 59.400001525878906, 58.849998474121094, 61.400001525878906, 63.880001068115234, 63.72999954223633, 64.12000274658203, 63.9900016784668, 64.58999633789062, 65.4000015258789, 65.44999694824219, 65.91999816894531, 68.18000030517578, 67.94000244140625, 67.37999725341797, 67.66000366210938, 68.31999969482422, 67.6500015258789, 64.4800033569336, 65.94999694824219, 66.12000274658203, 66.04000091552734, 65.08000183105469, 65.30000305175781, 65.80000305175781, 66.47000122070312, 67.6500015258789, 66.72000122070312, 67.66000366210938]
assets:[0, 100.001997756958, 201.13542336273193, 291.5726482105255, 400.28343022232053, 517.3974663703918, 616.7662895641326, 722.909976020813, 780.8673472702026, 916.5727642803192, 1083.4335443683624, 1185.9118140678406, 1325.116487967682, 1451.6821140357972, 1533.883789819336, 1632.7628740646362, 1718.4467028419494, 1839.6661332206727, 2006.9812135951997, 2129.186139713287, 2226.5955, 2254.1832732810976, 2451.8359946754454, 2594.0818482261657, 2709.8993496124267, 2784.8054677948, 3005.4748146903994, 3226.866313955307, 3319.2878041580198, 3439.602131335449, 3532.62563366127, 3665.7471111602786, 3811.7213689331056, 3914.6363124710083, 4042.748239704895, 4281.3494831634525, 4366.279754901123, 4430.288723410034, 4548.700854199219, 4693.071579036712, 4747.047962071991, 4624.609008764648, 4830.039281495666, 4942.49004130783, 5036.507649822235, 5063.29573045807, 5180.412492103576, 5320.081586741639, 5474.249949533081, 5671.431112921906, 5693.464568167114, 5873.679939913941]
shares:[0, 2.1, 4.1764, 6.3565, 8.4734, 10.5034, 12.5359, 14.5484, 16.6852, 18.7285, 20.6329, 22.533, 24.3722, 26.1753, 28.0008, 29.8276, 31.6706, 33.4911, 35.2473, 36.9843, 38.7234, 40.521, 42.2439, 43.9377, 45.6212, 47.3204, 48.9491, 50.5145, 52.0836, 53.6432, 55.2059, 56.7541, 58.2832, 59.8111, 61.3281, 62.7948, 64.2667, 65.7508, 67.2288, 68.6925, 70.1707, 71.7216, 73.2379, 74.7503, 76.2645, 77.8011, 79.3325, 80.8523, 82.3567, 83.8349, 85.3337, 86.8117]
growth_rate:15.17
