ticker:FTAAU
price:[10.449999809265137, 10.34000015258789, 10.270000457763672, 10.449999809265137, 10.260000228881836, 10.0, 10.204999923706055, 10.170000076293945, 10.079999923706055, 10.149999618530273, 10.050000190734863, 10.029999732971191, 10.119999885559082, 10.010000228881836, 10.0, 10.119999885559082, 10.055000305175781, 10.170000076293945, 10.170000076293945, 10.149999618530273, 10.119999885559082, 10.140000343322754, 10.199999809265137, 10.180000305175781, 10.180000305175781, 10.175000190734863, 10.039999961853027, 10.119999885559082]
assets:[0, 100.00020947570802, 199.32324988441468, 302.81695947294236, 397.31132686328885, 487.243, 597.231292535019, 695.1825592151642, 789.0301380279541, 894.5093163814545, 985.6959787071228, 1083.7344501477241, 1193.4586705039023, 1280.4862362787246, 1379.207, 1495.757235085392, 1586.1501551406861, 1704.2906467853545, 1804.2902235355377, 1900.7417085639952, 1995.1235694383622, 2099.066261070728, 2211.4864386463164, 2307.1504771636965, 2407.150656161499, 2505.968236975479, 2572.719870224953, 2693.2193775440214]
shares:[0, 9.6712, 19.4083, 28.9777, 38.7243, 48.7243, 58.5234, 68.3562, 78.2768, 88.129, 98.0792, 108.0493, 117.9307, 127.9207, 137.9207, 147.8021, 157.7474, 167.5802, 177.413, 187.2652, 197.1466, 207.0085, 216.8124, 226.6356, 236.4588, 246.2868, 256.247, 266.1284]
growth_rate:-0.25
