ticker:FTC
price:[82.91999816894531, 81.05000305175781, 81.47000122070312, 82.26000213623047, 84.08999633789062, 87.80000305175781, 88.4800033569336, 87.7699966430664, 82.44000244140625, 91.56999969482422, 88.16000366210938, 89.45999908447266, 91.37999725341797, 93.05999755859375, 93.52999877929688, 97.62999725341797, 97.8499984741211, 96.63999938964844, 99.81999969482422, 99.04000091552734, 100.75, 96.76000213623047, 102.41999816894531, 106.02999877929688, 104.5, 98.86000061035156, 94.52999877929688, 97.37999725341797, 96.38999938964844, 96.58999633789062, 99.4800033569336, 102.55999755859375, 104.41999816894531, 104.80000305175781, 103.30000305175781, 101.91000366210938, 99.30000305175781, 100.41999816894531, 103.20999908447266, 103.79000091552734, 105.80999755859375, 104.87999725341797, 108.62999725341797, 110.30000305175781, 110.33000183105469, 108.13999938964844, 113.26000213623047, 112.75, 114.91000366210938, 114.95999908447266, 114.16999816894531, 117.20999908447266]
assets:[0, 99.99949376525879, 200.51396700439452, 302.4618018547058, 409.1903311798096, 527.2477983261108, 631.3313679527282, 726.2616142227173, 782.157767163086, 968.7831257713318, 1032.7062828979492, 1147.9328162521363, 1272.566979750824, 1395.9651053771972, 1503.0177273834229, 1668.9066990493775, 1772.6701423568725, 1850.7526283111572, 2011.6524898498535, 2095.9340193748476, 2232.126325, 2243.728985536194, 2474.9792557525634, 2662.211812350464, 2723.7925, 2676.7828065261842, 2659.54479765625, 2839.7273139060976, 2910.862313568115, 3016.9016046173097, 3207.165672225189, 3406.4585269104005, 3568.240177429199, 3681.225867196655, 3728.5413001510615, 3778.3745317749026, 3781.602296218872, 3924.252856445313, 4133.281796335602, 4256.510969546509, 4439.353676568603, 4500.337754145813, 4761.252779617309, 4934.447116525269, 5035.792273574829, 5035.831049577332, 5374.255057365418, 5450.053124999999, 5654.45698720398, 5756.920850152587, 5817.361001701354, 6072.2632595695495]
shares:[0, 1.2338, 2.4612, 3.6769, 4.8661, 6.0051, 7.1353, 8.2746, 9.4876, 10.5797, 11.714, 12.8318, 13.9261, 15.0007, 16.0699, 17.0942, 18.1162, 19.151, 20.1528, 21.1625, 22.1551, 23.1886, 24.165, 25.1081, 26.065, 27.0765, 28.1344, 29.1613, 30.1988, 31.2341, 32.2393, 33.2143, 34.172, 35.1262, 36.0943, 37.0756, 38.0826, 39.0784, 40.0473, 41.0108, 41.9559, 42.9094, 43.83, 44.7366, 45.643, 46.5677, 47.4506, 48.3375, 49.2077, 50.0776, 50.9535, 51.8067]
growth_rate:19.06
