ticker:FTCS
price:[63.79999923706055, 62.86000061035156, 62.59000015258789, 62.43000030517578, 62.88999938964844, 65.23999786376953, 65.11000061035156, 64.47000122070312, 60.97999954223633, 64.94999694824219, 66.36000061035156, 65.45999908447266, 66.2300033569336, 66.91999816894531, 66.51000213623047, 67.58000183105469, 66.76000213623047, 67.5, 68.11000061035156, 67.31999969482422, 67.44000244140625, 65.61000061035156, 67.76000213623047, 68.7300033569336, 68.11000061035156, 66.5, 67.16999816894531, 68.87000274658203, 68.58999633789062, 70.9000015258789, 71.1500015258789, 72.45999908447266, 73.6500015258789, 74.05999755859375, 74.01000213623047, 75.87000274658203, 75.36000061035156, 74.91000366210938, 75.27999877929688, 75.55999755859375, 75.29000091552734, 73.55000305175781, 75.43000030517578, 76.47000122070312, 76.8499984741211, 76.93000030517578, 77.93000030517578, 78.0, 78.5, 79.1500015258789, 79.37999725341797, 79.3499984741211]
assets:[0, 99.99768897094727, 199.56821548652647, 299.0584304618836, 401.2633521057129, 516.2571510955811, 615.2309067672729, 709.1829074279785, 770.7932922138215, 920.9714717269898, 1040.9627855743408, 1126.8480622398376, 1240.103828855896, 1353.0219829788207, 1444.7302664031984, 1567.9709284835815, 1648.945348764038, 1767.22425, 1883.1938398757934, 1961.347995108795, 2064.8442747497556, 2108.8169566177367, 2277.9218718147276, 2410.533042736053, 2488.7870993026736, 2529.95925, 2655.4516886123656, 2822.6577235694886, 2911.1789325683594, 3109.2203069152833, 3220.185034059906, 3379.4763893005374, 3534.9791232376097, 3654.6609175231933, 3752.1960933036808, 3946.4919978675844, 4019.9661925582886, 4095.9591442382816, 4216.191835632324, 4331.877328033447, 4416.3985187034605, 4414.331438160705, 4627.162852720642, 4790.960281478881, 4914.764897415924, 5019.882537913513, 5185.134914305115, 5289.7962, 5423.706300000001, 5568.614187353515, 5684.7985033035275, 5782.64700880127]
shares:[0, 1.5908, 3.1885, 4.7903, 6.3804, 7.9132, 9.4491, 11.0002, 12.6401, 14.1797, 15.6866, 17.2143, 18.7242, 20.2185, 21.722, 23.2017, 24.6996, 26.1811, 27.6493, 29.1347, 30.6175, 32.1417, 33.6175, 35.0725, 36.5407, 38.0445, 39.5333, 40.9853, 42.4432, 43.8536, 45.2591, 46.6392, 47.997, 49.3473, 50.6985, 52.0165, 53.3435, 54.6784, 56.0068, 57.3303, 58.6585, 60.0181, 61.3438, 62.6515, 63.9527, 65.2526, 66.5358, 67.8179, 69.0918, 70.3552, 71.615, 72.8752]
growth_rate:13.39
