ticker:FTCVU
price:[10.25, 10.369999885559082, 10.430000305175781, 10.5649995803833, 10.670000076293945, 10.699999809265137, 10.75, 11.449999809265137, 11.0, 11.479999542236328, 11.489999771118164, 11.850000381469727, 11.600000381469727, 10.680000305175781, 10.859999656677246, 13.8100004196167, 12.800000190734863, 11.920000076293945, 15.880000114440918, 13.1899995803833, 11.9399995803833, 12.300000190734863, 11.859999656677246, 11.319999694824219, 12.1899995803833, 11.789999961853027, 11.649999618530273, 12.770000457763672, 13.039999961853027, 13.199999809265137, 13.61299991607666, 12.880000114440918, 12.529999732971191, 11.260000228881836, 10.979999542236328, 11.8100004196167, 11.5, 10.960000038146973, 10.781999588012695, 10.800000190734863, 10.800000190734863]
assets:[0, 99.99998289642335, 200.5782928688049, 303.17428445863726, 406.1876969043731, 507.3297909564972, 609.7002249999999, 749.4013425164222, 819.9488, 955.7283298904418, 1056.5606309532166, 1189.6641982971191, 1264.5659215856554, 1264.2728041259766, 1385.5806581969262, 1861.9581645755766, 1825.7830672062873, 1800.260923522568, 2498.3337220045087, 2175.127217802143, 2068.9929772877695, 2231.3750146017073, 2251.5533328221322, 2249.0371633682253, 2521.886617189026, 2539.1344777845384, 2608.983629570961, 2959.8051660995484, 3122.384958865833, 3260.6969528841973, 3462.7170078525546, 3376.2653419986727, 3384.518323871994, 3141.4747558567046, 3163.356534117508, 3502.4811954453467, 3510.5451999999996, 3445.7023559929844, 3489.7408018547058, 3595.5673835000043, 3695.5678252660755]
shares:[0, 9.6432, 19.2309, 28.6961, 38.0682, 47.414, 56.7163, 65.4499, 74.5408, 83.2516, 91.9548, 100.3936, 109.0143, 118.3776, 127.5857, 134.8268, 142.6393, 151.0286, 157.3258, 164.9073, 173.2825, 181.4126, 189.8443, 198.6782, 206.8816, 215.3634, 223.9471, 231.778, 239.4467, 247.0225, 254.3684, 262.1324, 270.1132, 278.9942, 288.1017, 296.5691, 305.2648, 314.3889, 323.6636, 332.9229, 342.1822]
growth_rate:-7.61
