ticker:FTCV
price:[10.319999694824219, 10.819999694824219, 10.920000076293945, 11.100000381469727, 11.15999984741211, 10.449999809265137, 10.529999732971191, 12.800000190734863, 11.899999618530273, 11.039999961853027, 14.479999542236328, 12.029999732971191, 11.130000114440918, 11.430000305175781, 10.880000114440918, 10.420000076293945, 10.850000381469727, 10.869999885559082, 10.680000305175781, 12.020000457763672, 11.630000114440918, 12.029999732971191, 12.40999984741211, 11.460000038146973, 10.470000267028809, 10.399999618530273, 10.050000190734863, 10.880000114440918, 10.630000114440918, 10.100000381469727, 10.130000114440918, 10.039999961853027]
assets:[0, 99.99951917953491, 200.92363340377807, 304.23547045555114, 405.88026645050047, 480.05836123790743, 583.7336941971779, 809.5718520635604, 852.6492526672364, 891.0295649211884, 1268.6695038928985, 1154.0126113844872, 1167.6772500062941, 1299.1509796867372, 1336.6373900593758, 1380.1248421051025, 1537.0783240413666, 1639.9112287347793, 1711.2468368980406, 2025.954249155426, 2060.2207932728766, 2231.080141476917, 2401.554627471542, 2317.712809714985, 2217.491612555313, 2302.6659955387117, 2325.172064128494, 2617.201435528946, 2657.063135605526, 2624.585089128685, 2732.381138868332, 2808.1056613306046]
shares:[0, 9.2421, 18.3996, 27.4086, 36.3692, 45.9386, 55.4353, 63.2478, 71.6512, 80.7092, 87.6153, 95.9279, 104.9126, 113.6615, 122.8527, 132.4496, 141.6662, 150.8658, 160.2291, 168.5486, 177.1471, 185.4597, 193.5177, 202.2437, 211.7948, 221.4102, 231.3604, 240.5516, 249.9589, 259.8599, 269.7316, 279.6918]
growth_rate:-9.42
