ticker:FTCVW
price:[2.0199999809265137, 2.2899999618530273, 2.299999952316284, 2.180000066757202, 2.109999895095825, 1.4900000095367432, 1.7799999713897705, 3.1600000858306885, 2.799999952316284, 2.509999990463257, 4.880000114440918, 3.4100000858306885, 2.6500000953674316, 2.9549999237060547, 2.819999933242798, 2.5899999141693115, 2.7100000381469727, 2.9000000953674316, 2.75, 2.9100000858306885, 2.950000047683716, 3.1600000858306885, 3.259999990463257, 3.140000104904175, 2.882999897003174, 2.6600000858306885, 2.1700000762939453, 2.819999933242798, 2.759999990463257, 2.0999999046325684, 2.0399999618530273, 1.899999976158142]
assets:[0, 99.99994733419419, 200.43671584453583, 289.9792488799095, 380.66803507409094, 368.81299736058713, 540.5954253109217, 1059.7088727833986, 1038.9825423062325, 1031.373554081297, 2105.2203373695374, 1571.0658105441807, 1320.9161325367452, 1572.9458683887483, 1601.0854180978777, 1570.5003199547768, 1743.264976538849, 1965.4866646356584, 1963.8234000000002, 2178.082393242717, 2308.021627306795, 2572.3215978683947, 2753.7239479443074, 2752.359869953513, 2627.0869515458107, 2523.882029438543, 2158.9562949056626, 2905.648125215268, 2943.825925828075, 2339.8673537394525, 2373.0140436258316, 2310.16019101131]
shares:[0, 43.6681, 87.1464, 133.018, 180.4114, 247.5255, 303.7053, 335.3509, 371.0652, 410.9058, 431.3976, 460.7231, 498.4589, 532.2998, 567.7608, 606.3708, 643.2712, 677.754, 714.1176, 748.4819, 782.3802, 814.0258, 844.7006, 876.5477, 911.2338, 948.8278, 994.9107, 1030.3717, 1066.6036, 1114.2226, 1163.2422, 1215.8738]
growth_rate:-25.48
