ticker:FTDR
price:[42.290000915527344, 41.0, 41.900001525878906, 39.56999969482422, 41.36000061035156, 42.130001068115234, 42.060001373291016, 41.2599983215332, 39.619998931884766, 45.91999816894531, 46.38999938964844, 46.209999084472656, 47.59000015258789, 48.02000045776367, 49.970001220703125, 50.9900016784668, 50.54999923706055, 50.209999084472656, 52.099998474121094, 53.880001068115234, 56.029998779296875, 55.040000915527344, 54.5099983215332, 58.15999984741211, 55.63999938964844, 52.369998931884766, 53.77000045776367, 55.75, 56.27000045776367, 54.810001373291016, 55.20000076293945, 54.599998474121094, 56.75, 55.04999923706055, 53.529998779296875, 52.66999816894531, 51.709999084472656, 52.939998626708984, 53.70000076293945, 52.16999816894531, 51.83000183105469, 50.150001525878906, 50.13999938964844, 49.869998931884766, 49.400001525878906, 46.40999984741211, 49.11000061035156, 48.939998626708984, 43.900001525878906, 43.060001373291016, 41.540000915527344, 44.189998626708984]
assets:[0, 99.999, 202.19264736328122, 290.9502937561035, 404.112021963501, 511.635158971405, 610.7869279426575, 699.1713015575408, 771.3815692043304, 994.039384362793, 1104.2118774719238, 1199.9258042266845, 1335.7608832828523, 1447.8318258018494, 1606.6254852478028, 1739.4219272575378, 1824.4101324645997, 1912.1373531341553, 2084.114558961487, 2255.319860709381, 2445.3172367248535, 2502.1129376197814, 2578.01766461792, 2850.642600521088, 2827.129572987366, 2760.977765688324, 2934.7881329849242, 3142.8560749999997, 3272.168050619507, 3287.26819936409, 3410.659007139969, 3473.586382925415, 3710.366075, 3699.2168187324523, 3697.0761306915283, 3737.679017060852, 3769.5555132598874, 3959.218383295822, 4116.056728478623, 4098.782859141541, 4172.071546391297, 4136.838520868683, 4236.012666435242, 4313.201350619888, 4372.552215060425, 4207.897225165177, 4552.698407582092, 4636.937625884247, 4259.410818048858, 4277.907792433167, 4226.8986391593935, 4596.550858153152]
shares:[0, 2.439, 4.8256, 7.3528, 9.7706, 12.1442, 14.5218, 16.9455, 19.4695, 21.6472, 23.8028, 25.9668, 28.0681, 30.1506, 32.1518, 34.113, 36.0912, 38.0828, 40.0022, 41.8582, 43.643, 45.4599, 47.2944, 49.0138, 50.8111, 52.7206, 54.5804, 56.3741, 58.1512, 59.9757, 61.7873, 63.6188, 65.3809, 67.1974, 69.0655, 70.9641, 72.898, 74.7869, 76.6491, 78.5659, 80.4953, 82.4893, 84.4837, 86.4889, 88.5132, 90.6679, 92.7041, 94.7474, 97.0253, 99.3476, 101.7549, 104.0179]
growth_rate:-9.87
