ticker:FTEK
price:[0.7200000286102295, 0.699999988079071, 0.7599999904632568, 0.800000011920929, 0.8299999833106995, 0.8500000238418579, 0.8100000023841858, 0.8199999928474426, 0.7099999785423279, 0.7400000095367432, 1.0299999713897705, 1.2699999809265137, 5.130000114440918, 4.320000171661377, 3.8299999237060547, 3.180000066757202, 4.809999942779541, 3.880000114440918, 5.760000228881836, 5.760000228881836, 5.5, 5.03000020980835, 5.170000076293945, 4.690000057220459, 4.199999809265137, 3.5199999809265137, 3.109999895095825, 3.7799999713897705, 3.4000000953674316, 3.0, 2.890000104904175, 2.8499999046325684, 2.359999895095825, 2.319999933242798, 2.2799999713897705, 2.0999999046325684, 2.0999999046325684, 2.069999933242798, 2.0899999141693115, 2.930000066757202, 2.4800000190734863, 2.440000057220459, 2.4200000762939453, 2.2799999713897705, 2.200000047683716, 1.8700000047683716, 1.8899999856948853, 1.940000057220459, 1.940000057220459, 1.8300000429153442, 1.75, 1.850000023841858]
assets:[0, 99.99996829701067, 208.57135738277432, 319.54880476164817, 431.5318483229339, 541.9302652007342, 616.4276598144173, 724.037853684485, 726.9108290312469, 857.625379052639, 1293.7217820643903, 1695.1715905410767, 6947.425774984359, 5950.463708450175, 5375.526686919022, 4563.2310897951365, 7002.245439700269, 5748.38118954897, 8633.679319071578, 8733.679259045219, 8439.45025, 7818.261112110615, 8135.866782061386, 7480.506005266095, 6798.960111238384, 5798.176352581978, 5222.820308827758, 6447.993881196142, 5899.783185484457, 5305.6908, 5211.1490621596095, 5239.022014690495, 4438.27787071445, 4463.052775577188, 4486.103547706819, 4231.93723781476, 4331.937133273458, 4370.052414066434, 4512.275120692969, 6425.821529406095, 5538.920578599405, 5549.583222143317, 5604.094848677062, 5379.890668491268, 5291.122654681993, 4597.454103723192, 4746.624777073538, 4972.197060655356, 5072.1970796048645, 4884.598233548748, 4771.0638500000005, 5143.696221289337]
shares:[0, 142.8571, 274.436, 399.436, 519.9179, 637.565, 761.0218, 882.973, 1023.8181, 1158.9532, 1256.0406, 1334.7808, 1354.274, 1377.4221, 1403.5318, 1434.9783, 1455.7683, 1481.5415, 1498.9026, 1516.2637, 1534.4455, 1554.3262, 1573.6686, 1594.9906, 1618.8001, 1647.2092, 1679.3635, 1705.8185, 1735.2303, 1768.5636, 1803.1657, 1838.2534, 1880.6263, 1923.7297, 1967.5893, 2015.2083, 2062.8273, 2111.1365, 2158.9834, 2193.1131, 2233.4357, 2274.4193, 2315.7416, 2359.6012, 2405.0557, 2458.5316, 2511.4417, 2562.9881, 2614.5345, 2669.1793, 2726.3222, 2780.3763]
growth_rate:0.86
