ticker:FTFT
price:[2.0199999809265137, 2.1600000858306885, 2.119999885559082, 1.940000057220459, 2.130000114440918, 2.109999895095825, 2.240000009536743, 2.369999885559082, 1.9199999570846558, 2.0, 2.0399999618530273, 2.0399999618530273, 2.390000104904175, 2.75, 2.2200000286102295, 2.3299999237060547, 1.850000023841858, 1.8799999952316284, 7.619999885559082, 6.679999828338623, 5.369999885559082, 4.980000019073486, 5.53000020980835, 8.5, 8.460000038146973, 5.360000133514404, 4.739999771118164, 6.039999961853027, 6.449999809265137, 5.900000095367432, 5.53000020980835, 5.210000038146973, 3.75, 3.390000104904175, 3.890000104904175, 3.4600000381469727, 2.7899999618530273, 2.869999885559082, 3.0799999237060547, 3.1700000762939453, 3.2100000381469727, 3.630000114440918, 3.240000009536743, 2.9600000381469727, 2.8499999046325684, 2.4600000381469727, 2.430000066757202, 2.3299999237060547, 2.9100000858306885, 2.6700000762939453, 2.4700000286102295, 2.450000047683716]
assets:[0, 100.00001197364331, 198.1481213036537, 281.3242582976818, 408.87673896818166, 505.0375478907347, 636.1537307084084, 773.0733436703682, 726.2872157662154, 856.5492, 973.6801497926712, 1073.6801319227218, 1357.8900316018105, 1662.4256, 1442.0307665841578, 1613.482774167824, 1381.0916177988051, 1503.487696186602, 6193.923764976597, 5529.844137895107, 4545.398813132286, 4315.28605052762, 4891.87413059783, 7619.1552, 7683.300124644757, 4967.906475747585, 4493.260031032562, 5825.589023207188, 6321.034643078804, 5882.032235077, 5613.159246963405, 5388.347196452809, 3978.369, 3696.445605387187, 4341.643899083949, 3961.7190736784933, 3294.565316954231, 3489.033030875206, 3844.328084773064, 4056.662411633682, 4207.850378005219, 4858.410303168297, 4436.432221058369, 4153.036933522225, 4098.700857848215, 3637.8261624114034, 3693.4625634671693, 3641.4681077631, 4647.928379091025, 4364.594122716141, 4137.658091926861, 4204.154756824374]
shares:[0, 46.2963, 93.4661, 145.0125, 191.9609, 239.3543, 283.9972, 326.1913, 378.2746, 428.2746, 477.2942, 526.3138, 568.1548, 604.5184, 649.5634, 692.4819, 746.536, 799.7275, 812.8509, 827.821, 846.443, 866.5233, 884.6065, 896.3712, 908.1915, 926.8482, 947.9452, 964.5015, 980.0054, 996.9546, 1015.0378, 1034.2317, 1060.8984, 1090.3969, 1116.1038, 1145.0055, 1180.8478, 1215.691, 1248.1585, 1279.7042, 1310.8568, 1338.405, 1369.2692, 1403.053, 1438.1407, 1478.7911, 1519.9434, 1562.8619, 1597.2262, 1634.6794, 1675.1652, 1715.9815]
growth_rate:-17.57
