ticker:FTGC
price:[17.1200008392334, 16.9950008392334, 17.469999313354492, 16.888999938964844, 16.6200008392334, 17.485000610351562, 17.389999389648438, 17.43000030517578, 16.979999542236328, 17.405000686645508, 17.690000534057617, 18.024999618530273, 18.28499984741211, 18.270000457763672, 18.44099998474121, 19.040000915527344, 18.989999771118164, 19.329999923706055, 19.798999786376953, 19.8799991607666, 19.659000396728516, 19.889999389648438, 20.56999969482422, 20.899999618530273, 21.309999465942383, 21.3700008392334, 21.40999984741211, 21.579999923706055, 21.209999084472656, 22.790000915527344, 20.93000030517578, 21.15999984741211, 21.639999389648438, 22.1299991607666, 22.510000228881836, 23.450000762939453, 23.239999771118164, 22.829999923706055, 23.469999313354492, 23.809999465942383, 23.889999389648438, 22.770000457763672, 23.270000457763672, 23.639999389648438, 23.280000686645508, 23.899999618530273, 23.809999465942383, 23.979999542236328, 23.5, 23.729999542236328, 22.719999313354492, 23.760000228881836]
assets:[0, 100.00028443813324, 202.79524602928163, 296.05065773010256, 391.33453976058956, 511.70203986206053, 608.9212626281738, 710.3213164367676, 791.982836648941, 911.8062139717102, 1026.7364759969712, 1146.1808857429505, 1262.714548462677, 1361.6795771175384, 1474.424336380005, 1622.316606008148, 1718.055663292694, 1848.8159097028733, 1993.674142789078, 2101.8308032712935, 2178.464947362518, 2304.063496296692, 2482.8339321647645, 2622.6657121307376, 2774.1144204769134, 2881.926258177757, 2987.3201507095337, 3111.0396870012282, 3157.700122698212, 3492.927722319031, 3307.852596231079, 3444.202595163345, 3622.332481832886, 3804.35487772789, 3969.6813093637465, 4235.452372799301, 4297.522165675354, 4321.705287557602, 4542.857761092759, 4708.667875384712, 4824.489816741943, 4698.309523453903, 4901.478873421097, 5079.413196856689, 5102.06124648571, 5337.94063480072, 5417.83918547802, 5556.520797929382, 5545.29735, 5699.570956052399, 5556.9846640563965, 5911.355000944519]
shares:[0, 5.8841, 11.6082, 17.5292, 23.546, 29.2652, 35.0156, 40.7528, 46.6421, 52.3876, 58.0405, 63.5884, 69.0574, 74.5309, 79.9536, 85.2057, 90.4716, 95.6449, 100.6957, 105.7259, 110.8126, 115.8403, 120.7017, 125.4864, 130.179, 134.8585, 139.5292, 144.1631, 148.8779, 153.2658, 158.0436, 162.7695, 167.3906, 171.9094, 176.3519, 180.6163, 184.9192, 189.2994, 193.5602, 197.7601, 201.946, 206.3377, 210.6351, 214.8652, 219.1607, 223.3448, 227.5447, 231.7148, 235.9701, 240.1842, 244.5856, 248.7944]
growth_rate:15.91
