ticker:FTHI
price:[19.59000015258789, 19.469999313354492, 19.110000610351562, 18.940000534057617, 19.170000076293945, 19.639999389648438, 19.75, 19.489999771118164, 18.68000030517578, 19.860000610351562, 19.969999313354492, 19.770000457763672, 19.760000228881836, 19.969999313354492, 20.030000686645508, 20.18000030517578, 20.329999923706055, 20.18000030517578, 20.459999084472656, 20.469999313354492, 20.540000915527344, 20.209999084472656, 20.709999084472656, 20.75, 20.760000228881836, 20.399999618530273, 20.920000076293945, 21.549999237060547, 21.40999984741211, 21.200000762939453, 21.229999542236328, 21.18000030517578, 21.43000030517578, 21.329999923706055, 21.350000381469727, 21.93000030517578, 22.010000228881836, 21.950000762939453, 21.979999542236328, 22.219999313354492, 22.350000381469727, 21.649999618530273, 22.15999984741211, 22.020000457763672, 21.799999237060547, 21.149999618530273, 21.229999542236328, 21.360000610351562, 21.440000534057617, 21.59000015258789, 21.219999313354492, 21.760000228881836]
assets:[0, 99.99986347332, 198.15159632873534, 296.3882803573608, 399.98780259189607, 509.79350015716557, 612.64895, 704.5829817256928, 775.3003366661072, 924.2744984054565, 1029.393554605484, 1119.0848299118043, 1218.5181981142043, 1331.4677522190095, 1435.468026209068, 1546.2178573829651, 1657.710226778984, 1745.4792163963318, 1869.6981423362731, 1970.6120348978043, 2077.349964593506, 2143.973710876465, 2297.0164124557496, 2401.453525, 2502.6117995916366, 2559.2146321439745, 2724.4492659358975, 2906.495807100677, 2987.6134677074433, 3058.309990061569, 3162.6372778068544, 3255.188134902954, 3393.6119883270267, 3477.7754335605623, 3581.035563983917, 3778.319752578735, 3892.1031744739535, 3981.4930783889768, 4086.934738883972, 4231.5611152357105, 4356.319034353638, 4319.878548884391, 4521.639384865189, 4593.072623483276, 4647.18431736145, 4608.620871877099, 4726.052658096313, 4854.991434729004, 4973.17535587883, 5107.969500100708, 5120.430396310997, 5350.734008281517]
shares:[0, 5.1361, 10.369, 15.6488, 20.8653, 25.9569, 31.0202, 36.151, 41.5043, 46.5395, 51.547, 56.6052, 61.6659, 66.6734, 71.6659, 76.6213, 81.5401, 86.4955, 91.3831, 96.2683, 101.1368, 106.0848, 110.9134, 115.7327, 120.5497, 125.4517, 130.2318, 134.8722, 139.5429, 144.2599, 148.9702, 153.6916, 158.358, 163.0462, 167.73, 172.29, 176.8334, 181.3892, 185.9388, 190.4393, 194.9136, 199.5325, 204.0451, 208.5864, 213.1736, 217.9017, 222.612, 227.2936, 231.9578, 236.5896, 241.3021, 245.8977]
growth_rate:4.92
