ticker:FTHM
price:[16.729999542236328, 15.100000381469727, 15.359999656677246, 15.600000381469727, 17.850000381469727, 19.860000610351562, 21.510000228881836, 19.770000457763672, 18.760000228881836, 20.700000762939453, 21.639999389648438, 21.040000915527344, 22.3700008392334, 26.100000381469727, 27.200000762939453, 35.81999969482422, 36.91999816894531, 36.040000915527344, 37.7400016784668, 36.68000030517578, 41.79999923706055, 37.790000915527344, 39.5099983215332, 54.25, 50.91999816894531, 43.58000183105469, 32.869998931884766, 38.33000183105469, 43.97999954223633, 40.59000015258789, 37.02000045776367, 34.189998626708984, 32.369998931884766, 33.27000045776367, 34.29999923706055, 31.559999465942383, 29.399999618530273, 31.440000534057617, 33.02000045776367, 31.100000381469727, 32.790000915527344, 33.869998931884766, 36.099998474121094, 34.88999938964844, 31.860000610351562, 26.040000915527344, 26.149999618530273, 25.299999237060547, 26.489999771118164, 30.31999969482422, 27.229999542236328, 28.200000762939453]
assets:[0, 99.99975252628326, 201.7213394911766, 304.87392745513915, 448.8453995922088, 599.3867344207763, 749.1847039718627, 788.5818242591857, 848.2953183496475, 1036.0184781845091, 1183.065258631897, 1250.2641824035645, 1429.2976486215591, 1767.6199158349991, 1942.118134474945, 2657.596819358063, 2839.210623188782, 2871.537528945923, 3106.9871521816253, 3119.722057955933, 3655.1883932849883, 3404.5351934806827, 3659.491113537216, 5124.737099999999, 4910.169595433044, 4302.3790267684935, 3345.048311302185, 4000.69010811615, 4690.4097771801, 4428.872332649231, 4139.339523184204, 3922.905738430786, 3814.0825231464382, 4020.127273313141, 4244.587175587082, 4005.5162322187425, 3831.3756102872853, 4197.227495296478, 4508.157924497605, 4346.022903307915, 4682.189158731079, 4936.4067033267975, 5361.420153382874, 5281.71788760376, 4923.029596311951, 4123.7179809837335, 4241.137688131333, 4203.2811532470705, 4500.9847351100925, 5251.751403140259, 4816.5294550292965, 5088.106397656632]
shares:[0, 6.6225, 13.1329, 19.5432, 25.1454, 30.1806, 34.8296, 39.8878, 45.2183, 50.0492, 54.6703, 59.4232, 63.8935, 67.7249, 71.4014, 74.1931, 76.9017, 79.6764, 82.3261, 85.0524, 87.4447, 90.0909, 92.6219, 94.4652, 96.4291, 98.7237, 101.766, 104.3749, 106.6487, 109.1124, 111.8136, 114.7384, 117.8277, 120.8334, 123.7489, 126.9175, 130.3189, 133.4996, 136.5281, 139.7435, 142.7932, 145.7457, 148.5158, 151.382, 154.5207, 158.3609, 162.185, 166.1376, 169.9126, 173.2108, 176.8832, 180.4293]
growth_rate:-0.23
