ticker:FTLB
price:[19.75, 19.420000076293945, 19.18000030517578, 19.020000457763672, 19.239999771118164, 19.579999923706055, 19.65999984741211, 19.469999313354492, 18.920000076293945, 19.81999969482422, 19.899999618530273, 19.59000015258789, 19.639999389648438, 19.850000381469727, 19.979999542236328, 20.15999984741211, 20.239999771118164, 20.200000762939453, 20.40999984741211, 20.510000228881836, 20.469999313354492, 20.440000534057617, 20.729999542236328, 20.690000534057617, 20.649999618530273, 20.450000762939453, 20.780000686645508, 21.3700008392334, 21.219999313354492, 20.950000762939453, 20.989999771118164, 20.969999313354492, 21.079999923706055, 20.940000534057617, 21.06999969482422, 21.389999389648438, 21.549999237060547, 21.610000610351562, 21.690000534057617, 21.850000381469727, 21.8799991607666, 21.25, 21.760000228881836, 21.639999389648438, 21.469999313354492, 20.889999389648438, 20.950000762939453, 21.059999465942383, 21.1200008392334, 21.260000228881836, 20.739999771118164, 21.40999984741211]
assets:[0, 99.99940639286042, 198.76426116256712, 297.105721150589, 400.5421632350922, 507.6212880220413, 609.6959152679443, 703.8034821790695, 783.9218231611252, 921.2117838157654, 1024.9295803527832, 1108.962482637787, 1211.7918903411867, 1324.7493254585265, 1433.4251071586607, 1546.3385162960053, 1652.4745413131716, 1749.2089660663603, 1867.3945670391083, 1976.5446200572967, 2072.689780473709, 2169.6529126888277, 2300.43499820137, 2395.9972358463287, 2491.3646339767456, 2567.235835777283, 2708.6626995038987, 2885.5698433208463, 2965.314534047127, 3027.5851702560426, 3133.3661758327485, 3230.3801632238387, 3347.3248078851702, 3425.0930673542025, 3546.356965634918, 3700.217492416382, 3827.896194480133, 3938.5544322402957, 4053.134484797478, 4183.033993029785, 4288.777403498841, 4265.289375, 4467.656622992897, 4543.0192398651125, 4607.330885650063, 4582.866867100525, 4696.030661016082, 4820.686527752876, 4934.419972076225, 5067.129714551926, 5043.192268344497, 5306.11091518364]
shares:[0, 5.1493, 10.3631, 15.6207, 20.8182, 25.9255, 31.012, 36.1481, 41.4335, 46.4789, 51.504, 56.6086, 61.7002, 66.738, 71.743, 76.7033, 81.644, 86.5945, 91.4941, 96.3698, 101.255, 106.1474, 110.9713, 115.8046, 120.6472, 125.5372, 130.3495, 135.029, 139.7415, 144.5148, 149.279, 154.0477, 158.7915, 163.567, 168.3131, 172.9882, 177.6286, 182.2561, 186.8665, 191.4432, 196.0136, 200.7195, 205.3151, 209.9362, 214.5939, 219.3809, 224.1542, 228.9025, 233.6373, 238.341, 243.1626, 247.8333]
growth_rate:4.04
