ticker:FTNT
price:[117.63999938964844, 115.16999816894531, 117.27999877929688, 116.80999755859375, 116.37999725341797, 126.18000030517578, 131.5399932861328, 130.3800048828125, 110.37000274658203, 117.20999908447266, 115.91999816894531, 118.12000274658203, 123.79000091552734, 127.80000305175781, 128.36000061035156, 145.85000610351562, 149.7899932861328, 148.52999877929688, 148.13999938964844, 146.52999877929688, 151.22999572753906, 144.75, 155.47999572753906, 164.72999572753906, 171.92999267578125, 168.85000610351562, 167.57000732421875, 188.35000610351562, 174.49000549316406, 182.77000427246094, 186.38999938964844, 197.6199951171875, 206.00999450683594, 201.75999450683594, 204.22999572753906, 211.77000427246094, 205.86000061035156, 210.8300018310547, 218.5399932861328, 221.75999450683594, 228.94000244140625, 233.66000366210938, 242.02999877929688, 248.0399932861328, 256.80999755859375, 258.44000244140625, 275.7099914550781, 272.239990234375, 303.67999267578125, 309.3299865722656, 297.94000244140625, 316.05999755859375]
assets:[0, 100.00210941009522, 201.83887789916994, 301.03104470825195, 399.9282225616455, 533.6026032905579, 656.2661805038451, 750.480346105957, 735.2959952980041, 880.8683061195374, 971.1777446594239, 1089.6097773361207, 1241.9108051849366, 1382.1442530044555, 1488.205847076416, 1790.9797349487305, 1939.3610010742188, 2023.052848373413, 2117.7353612747193, 2194.7263217163086, 2365.116149182129, 2363.7675, 2638.993063482666, 2896.002743888855, 3122.5753339782714, 3166.6298994659423, 3242.6304547302243, 3744.7371513488765, 3569.175613362121, 3838.5356297302246, 4014.561001853943, 4356.43398236084, 4641.384575239564, 4645.6247535171515, 4802.4887725326535, 5079.790623484802, 5038.032380937195, 5259.660387680054, 5552.008529434204, 5733.804241969299, 6019.450802191162, 6243.558859854126, 6567.217783877563, 6830.302099119567, 7171.804396820068, 7317.3151651245125, 7906.287285964966, 7906.774932373047, 8919.901320867919, 9185.86328125, 8947.614977319336, 9591.788805908203]
shares:[0, 0.8683, 1.721, 2.5771, 3.4364, 4.2289, 4.9891, 5.7561, 6.6621, 7.5153, 8.378, 9.2246, 10.0324, 10.8149, 11.594, 12.2796, 12.9472, 13.6205, 14.2955, 14.978, 15.6392, 16.33, 16.9732, 17.5803, 18.1619, 18.7541, 19.3509, 19.8818, 20.4549, 21.002, 21.5385, 22.0445, 22.5299, 23.0255, 23.5151, 23.9873, 24.4731, 24.9474, 25.405, 25.8559, 26.2927, 26.7207, 27.1339, 27.5371, 27.9265, 28.3134, 28.6761, 29.0434, 29.3727, 29.696, 30.0316, 30.348]
growth_rate:88.07
