ticker:FTPAU
price:[10.210000038146973, 10.170000076293945, 10.119999885559082, 10.100000381469727, 10.010000228881836, 10.149999618530273, 10.229999542236328, 10.069999694824219, 10.130000114440918, 10.010000228881836, 10.1899995803833, 10.170000076293945, 10.170000076293945, 10.050000190734863, 10.25, 10.029999732971191, 10.050000190734863, 10.180999755859375, 10.0, 10.0, 10.130000114440918, 10.0600004196167, 10.0, 9.949999809265137, 9.9399995803833, 9.885000228881836, 9.885000228881836]
assets:[0, 99.99957675018311, 199.50770174388887, 299.11353129730225, 396.4480610649109, 501.99259113349916, 605.9494708854675, 696.472395893097, 800.6225330448151, 891.1382683761597, 1007.1622355257988, 1105.185095290947, 1205.1846720411302, 1290.9637295006753, 1416.6545499999997, 1486.2483694315908, 1589.2115551609995, 1709.9263976959228, 1779.527, 1879.527, 2003.9611946392058, 2090.1139751815795, 2177.648, 2266.760201547718, 2364.4823701834675, 2451.3989997608187, 2551.3986275762554]
shares:[0, 9.8328, 19.7142, 29.6152, 39.6052, 49.4574, 59.2326, 69.1631, 79.0348, 89.0248, 98.8383, 108.6711, 118.5039, 128.4541, 138.2102, 148.1803, 158.1305, 167.9527, 177.9527, 187.9527, 197.8244, 207.7648, 217.7648, 227.8151, 237.8755, 247.9918, 258.1081]
growth_rate:-1.87
