ticker:FTRP
price:[2.0980000495910645, 2.131999969482422, 1.875, 2.00600004196167, 2.3329999446868896, 3.811000108718872, 3.6089999675750732, 3.7219998836517334, 3.3480000495910645, 4.3480000495910645, 4.25, 3.382999897003174, 3.247999906539917, 2.9600000381469727, 3.059999942779541, 3.869999885559082, 3.7149999141693115, 4.409999847412109, 6.230000019073486, 5.940000057220459, 5.539999961853027, 5.188000202178955, 5.130000114440918, 4.53000020980835, 4.573999881744385, 4.880000114440918, 4.800000190734863, 4.822000026702881, 4.426000118255615, 4.710000038146973, 4.599999904632568, 4.958000183105469, 4.800000190734863, 4.576000213623047, 4.603000164031982, 5.199999809265137, 5.978000164031982, 5.800000190734863, 5.630000114440918, 5.320000171661377, 5.769999980926514, 6.005000114440918, 6.5, 5.539999961853027, 5.440000057220459, 4.78000020980835, 4.519999980926514, 4.519999980926514, 4.519999980926514]
assets:[0, 99.99996616859436, 187.9455, 301.0765342979431, 450.15537222726346, 835.3373059302091, 891.0606483942985, 1018.9603699476958, 1016.5716690576076, 1420.2072569981574, 1488.197, 1284.6048996896743, 1333.3422880335331, 1315.114992948532, 1459.5443907072545, 1945.8943794573784, 1967.9580495326518, 2436.1222827091215, 3541.506433842516, 3476.6529274908544, 3342.534600984192, 3230.156836280823, 3294.0448934841156, 3008.776762352419, 3138.000852070522, 3447.932848857498, 3491.4092587361333, 3607.411514376831, 3411.158125140667, 3730.0393142101284, 3742.9256224014757, 4134.222998882294, 4102.474723017693, 4011.0257200481415, 4134.692308243418, 4770.9535450024605, 5584.761933041811, 5518.471081476689, 5456.722785918712, 5256.263909604788, 5800.872365824461, 6137.129933458996, 6743.02135, 5847.12869573822, 5841.585213444519, 5232.863643685865, 5048.230682697486, 5148.230710275507, 5248.230737853527]
shares:[0, 46.9043, 100.2376, 150.088, 192.9513, 219.1911, 246.8996, 273.7669, 303.6355, 326.6346, 350.164, 379.7236, 410.5118, 444.2956, 476.9753, 502.8151, 529.733, 552.4087, 568.4601, 585.2951, 603.3456, 622.6208, 642.114, 664.1891, 686.0518, 706.5436, 727.3769, 748.1152, 770.709, 791.9404, 813.6795, 833.8489, 854.6822, 876.5353, 898.2603, 917.4911, 934.2191, 951.4605, 969.2225, 988.0195, 1005.3505, 1022.0033, 1037.3879, 1055.4384, 1073.8208, 1094.7413, 1116.8652, 1138.9891, 1161.113]
growth_rate:9.34
