ticker:FTSL
price:[46.439998626708984, 46.66999816894531, 46.75, 46.13999938964844, 46.150001525878906, 46.439998626708984, 46.15999984741211, 46.209999084472656, 45.779998779296875, 46.2599983215332, 46.7599983215332, 46.83000183105469, 46.970001220703125, 47.20000076293945, 47.27000045776367, 47.400001525878906, 47.369998931884766, 47.59000015258789, 47.970001220703125, 48.189998626708984, 48.040000915527344, 47.90999984741211, 48.06999969482422, 48.11000061035156, 48.189998626708984, 47.88999938964844, 48.04999923706055, 48.0099983215332, 47.9900016784668, 47.91999816894531, 47.93000030517578, 48.040000915527344, 47.83000183105469, 47.84000015258789, 47.880001068115234, 47.88999938964844, 47.970001220703125, 47.970001220703125, 47.9900016784668, 48.040000915527344, 48.13999938964844, 48.11000061035156, 47.959999084472656, 48.09000015258789, 48.0099983215332, 48.06999969482422, 47.91999816894531, 47.810001373291016, 47.790000915527344, 47.880001068115234, 47.86000061035156, 47.880001068115234]
assets:[0, 99.99980507659912, 200.169475, 297.55685606384276, 397.61918314666747, 500.11698921089175, 597.1026780261993, 697.747881175995, 791.2569209014893, 899.553423361206, 1009.2771557716369, 1110.7889114318848, 1214.1087735534668, 1320.0518613372801, 1422.009242770767, 1525.919809121704, 1624.952021360016, 1732.4996785549163, 1846.3317679840088, 1954.7983802932738, 2048.7138790435793, 2143.167605174255, 2250.3249307136534, 2352.1989608413696, 2456.109298007202, 2540.818284617615, 2649.308782934189, 2747.103297959137, 2845.960667538452, 2941.808687591553, 3042.42387137146, 3149.406380020142, 3235.6374448684696, 3336.313770641327, 3439.105564720154, 3539.822827885437, 3645.7344837738037, 3745.7327483184818, 3847.296047560501, 3951.3044873023987, 4059.530612530518, 4157.002334738159, 4244.042666983795, 4355.544976819992, 4448.2991804840085, 4553.8585440895085, 4639.647766716003, 4728.997198835373, 4827.019484472657, 4936.112102115631, 5034.048872198487, 5136.154746578217]
shares:[0, 2.1427, 4.2817, 6.449, 8.6158, 10.7691, 12.9355, 15.0995, 17.2839, 19.4456, 21.5842, 23.7196, 25.8486, 27.9672, 30.0827, 32.1924, 34.3034, 36.4047, 38.4893, 40.5644, 42.646, 44.7332, 46.8135, 48.8921, 50.9672, 53.0553, 55.1365, 57.2194, 59.3032, 61.39, 63.4764, 65.558, 67.6487, 69.739, 71.8276, 73.9157, 76.0003, 78.0849, 80.1687, 82.2503, 84.3276, 86.4062, 88.4913, 90.5707, 92.6536, 94.7339, 96.8207, 98.9123, 101.0048, 103.0934, 105.1828, 107.2714]
growth_rate:0.71
