ticker:FTSM
price:[60.040000915527344, 60.060001373291016, 60.099998474121094, 60.06999969482422, 60.029998779296875, 60.060001373291016, 60.08000183105469, 60.06999969482422, 60.040000915527344, 60.040000915527344, 60.04999923706055, 60.060001373291016, 60.06999969482422, 60.029998779296875, 60.040000915527344, 60.04999923706055, 60.040000915527344, 60.040000915527344, 60.02000045776367, 60.040000915527344, 60.040000915527344, 60.02000045776367, 60.029998779296875, 60.040000915527344, 60.04499816894531, 59.9900016784668, 60.0, 59.97999954223633, 59.970001220703125, 59.98500061035156, 59.970001220703125, 59.970001220703125, 59.970001220703125, 59.97999954223633, 59.959999084472656, 59.959999084472656, 59.970001220703125, 59.97999954223633, 59.970001220703125, 59.970001220703125, 59.970001220703125, 59.959999084472656, 59.95000076293945, 59.939998626708984, 59.95500183105469, 59.95000076293945, 59.95000076293945, 59.939998626708984, 59.93000030517578, 59.93000030517578, 59.939998626708984, 59.939998626708984]
assets:[0, 99.99990228652955, 200.0668849205017, 299.9655504760742, 399.7637738708496, 499.9634754318238, 600.127122290039, 700.025741443634, 799.6787761940003, 899.6814017189026, 999.832487297058, 1099.998925151825, 1200.1805729026796, 1299.3793385772703, 1399.5984653419493, 1499.8328009445192, 1599.5857043914796, 1699.5883299163818, 1799.021487720871, 1899.6236009666443, 1999.6262264915467, 2098.959436008453, 2199.307059277344, 2299.6761310668944, 2399.866477816772, 2497.6657228824615, 2598.084, 2697.2166074150086, 2796.766973928833, 2897.467481481933, 2996.74293999939, 3096.742917034912, 3196.742894070435, 3297.2745168354036, 3396.1763201438907, 3496.177606616974, 3596.7607932128903, 3697.3591077819824, 3796.742756283569, 3896.7427333190917, 3996.7427103546147, 4096.077397457123, 4195.396973391724, 4294.694907603836, 4395.7688332489015, 4495.404762209701, 4595.407358482361, 4694.638554440689, 4793.854661411286, 4893.853859920501, 4994.668217566681, 5094.666117275619]
shares:[0, 1.665, 3.3289, 4.9936, 6.6594, 8.3244, 9.9888, 11.6535, 13.3191, 14.9847, 16.65, 18.315, 19.9797, 21.6455, 23.3111, 24.9764, 26.642, 28.3076, 29.9737, 31.6393, 33.3049, 34.971, 36.6368, 38.3024, 39.9678, 41.6347, 43.3014, 44.9686, 46.6361, 48.3032, 49.9707, 51.6382, 53.3057, 54.9729, 56.6407, 58.3085, 59.976, 61.6432, 63.3107, 64.9782, 66.6457, 68.3135, 69.9816, 71.6499, 73.3178, 74.9859, 76.654, 78.3223, 79.9909, 81.6595, 83.3278, 84.9961]
growth_rate:-0.1
