ticker:FTXD
price:[26.290000915527344, 26.12299919128418, 26.00200080871582, 26.010000228881836, 26.809999465942383, 27.558000564575195, 28.0049991607666, 27.260000228881836, 25.700000762939453, 27.71500015258789, 27.447999954223633, 27.84000015258789, 28.634000778198242, 28.59000015258789, 28.020000457763672, 28.70800018310547, 28.854000091552734, 28.139999389648438, 29.959999084472656, 30.600000381469727, 30.350000381469727, 29.482999801635742, 31.239999771118164, 31.780000686645508, 31.43000030517578, 29.6200008392334, 28.90999984741211, 30.530000686645508, 30.90999984741211, 31.371000289916992, 31.700000762939453, 31.709999084472656, 31.805999755859375, 31.67300033569336, 31.790000915527344, 32.654998779296875, 32.06999969482422, 32.209999084472656, 33.15700149536133, 33.9370002746582, 33.904998779296875, 32.619998931884766, 33.66999816894531, 34.25, 34.055999755859375, 33.540000915527344, 34.54999923706055, 34.02000045776367, 34.099998474121094, 34.819000244140625, 35.16899871826172, 35.66899871826172]
assets:[0, 99.99884090423583, 199.53675400600432, 299.5987886363983, 408.814957856369, 520.2206440576554, 628.6590216608048, 711.9357959775924, 771.1953428939819, 931.661902129364, 1022.6877750944136, 1137.2946302333833, 1269.7318135080336, 1367.7799152999878, 1440.511025533676, 1575.8797372512818, 1683.893476742935, 1742.2261542114256, 1954.9079162612916, 2096.6691861377717, 2179.5397523946763, 2217.277844981956, 2449.412794054222, 2591.751217997932, 2663.2085038589476, 2609.839007945442, 2647.2800130275727, 2895.6240211250306, 3031.6651490341187, 3176.881594459343, 3310.1996696681977, 3411.244374510956, 3521.5730153686522, 3606.848430327988, 3720.1708141380313, 3921.395121411133, 3951.145828401184, 4068.393448361206, 4288.009324186706, 4488.880963329315, 4584.647496936035, 4510.889172294616, 4756.089261352539, 4938.017725000001, 5010.046236083984, 5034.136127414704, 5285.731828279495, 5304.646817377853, 5417.12234759903, 5631.343065585327, 5787.948514757538, 5970.237769564056]
shares:[0, 3.828, 7.6739, 11.5186, 15.2486, 18.8773, 22.4481, 26.1165, 30.0076, 33.6158, 37.2591, 40.8511, 44.3435, 47.8412, 51.4101, 54.8934, 58.3591, 61.9128, 65.2506, 68.5186, 71.8135, 75.2053, 78.4063, 81.5529, 84.7346, 88.1107, 91.5697, 94.8452, 98.0804, 101.2681, 104.4227, 107.5763, 110.7204, 113.8777, 117.0233, 120.0856, 123.2038, 126.3084, 129.3244, 132.271, 135.2204, 138.286, 141.256, 144.1757, 147.112, 150.0935, 152.9879, 155.9273, 158.8599, 161.7319, 164.5753, 167.3789]
growth_rate:17.06
