ticker:FTXG
price:[21.486000061035156, 21.239999771118164, 21.145000457763672, 20.520000457763672, 21.06100082397461, 21.68000030517578, 22.22599983215332, 22.280000686645508, 21.15999984741211, 21.899999618530273, 22.488000869750977, 22.44499969482422, 22.770000457763672, 23.079999923706055, 23.072999954223633, 23.385000228881836, 23.309999465942383, 23.170000076293945, 23.899999618530273, 23.809999465942383, 23.98900032043457, 23.81999969482422, 24.579999923706055, 25.3700008392334, 25.389999389648438, 24.350000381469727, 25.149999618530273, 26.25, 25.90999984741211, 25.399999618530273, 25.799999237060547, 25.84000015258789, 26.1299991607666, 26.125, 25.920000076293945, 26.579999923706055, 26.559999465942383, 26.229999542236328, 26.65999984741211, 27.027000427246094, 26.469999313354492, 25.15999984741211, 25.4950008392334, 25.610000610351562, 25.488000869750977, 24.94499969482422, 24.834999084472656, 24.87700080871582, 24.600000381469727, 25.288999557495117, 24.690000534057617, 24.700000762939453]
assets:[0, 100.00004292240143, 199.5538273200989, 293.6555705509186, 401.3974025039673, 513.1937912239074, 626.1175282716752, 727.6380864250183, 791.0602462955476, 918.7246939970016, 1043.391517954445, 1141.395569480896, 1257.9218442890167, 1375.0486954545975, 1474.632343874359, 1594.5717186069487, 1689.457479292679, 1779.3100348588944, 1935.3693891094208, 2028.0809915102006, 2143.328419329643, 2228.229961452484, 2399.3226165527344, 2576.437750227928, 2678.4697446121218, 2668.757606809044, 2856.436356674194, 3081.3693749999998, 3141.457931499481, 3179.6227522468566, 3329.69630153656, 3434.859540283203, 3573.4080352306364, 3672.72565, 3743.9055470199582, 3939.2357286930087, 4036.2726548402784, 4086.1224436893463, 4253.10709965744, 4411.655117539978, 4420.736056323814, 4301.954897909927, 4459.233715787125, 4579.347258137513, 4657.531997333335, 4658.306572510529, 4737.765324845123, 4845.77854902935, 4891.8207758569715, 5128.831653456115, 5107.3488204746245, 5209.417880909729]
shares:[0, 4.7081, 9.4374, 14.3107, 19.0588, 23.6713, 28.1705, 32.6588, 37.3847, 41.9509, 46.3977, 50.853, 55.2447, 59.5775, 63.9116, 68.1878, 72.4778, 76.7937, 80.9778, 85.1777, 89.3463, 93.5445, 97.6128, 101.5545, 105.4931, 109.5999, 113.576, 117.3855, 121.245, 125.182, 129.058, 132.928, 136.755, 140.5828, 144.4408, 148.203, 151.9681, 155.7805, 159.5314, 163.2314, 167.0093, 170.9839, 174.9062, 178.8109, 182.7343, 186.7431, 190.7697, 194.7895, 198.8545, 202.8088, 206.859, 210.9076]
growth_rate:2.15
