ticker:FTXH
price:[23.899999618530273, 23.577999114990234, 24.46500015258789, 23.631000518798828, 24.040000915527344, 24.808000564575195, 24.625999450683594, 24.399999618530273, 23.0, 24.489999771118164, 25.389999389648438, 25.139999389648438, 25.209999084472656, 25.614999771118164, 25.67799949645996, 25.78700065612793, 25.670000076293945, 25.770000457763672, 26.399999618530273, 26.700000762939453, 26.635000228881836, 26.110000610351562, 26.68000030517578, 26.674999237060547, 26.309999465942383, 25.79400062561035, 25.488000869750977, 26.29599952697754, 26.18000030517578, 25.458999633789062, 25.815000534057617, 25.464000701904297, 25.959999084472656, 26.165000915527344, 25.868999481201172, 25.790000915527344, 26.000999450683594, 26.40999984741211, 25.79800033569336, 25.420000076293945, 26.31100082397461, 25.850000381469727, 26.055999755859375, 26.200000762939453, 26.084999084472656, 25.69499969482422, 26.46500015258789, 26.385000228881836, 26.895000457763672, 26.665000915527344, 26.59000015258789, 26.575000762939453]
assets:[0, 99.99900984649658, 203.76164677085876, 296.8148189163208, 401.9512193077087, 514.7933005155563, 611.0153731704712, 705.4088689716339, 764.9340000000001, 914.4884284532546, 1048.0966358047485, 1137.776036376953, 1240.9445579338073, 1360.8813923398973, 1464.2288618867874, 1570.4438121585845, 1663.3184589435577, 1769.7985904376983, 1913.0654123569489, 2034.8043881435397, 2129.8518123023987, 2187.871835144043, 2335.633926715851, 2435.1953578502657, 2501.8731002153395, 2552.8064479160307, 2622.5215806907654, 2805.6595583307267, 2893.2827337265016, 2913.6017491897583, 3054.343092187881, 3112.8136626033784, 3273.4468525558473, 3399.2967394432067, 3460.840118293381, 3550.2721580322263, 3679.3182290679933, 3837.1933898300176, 3848.2748110752104, 3891.888439680862, 4128.303904384995, 4155.97177132988, 4289.09114781189, 4412.795388499832, 4493.425418790435, 4526.243572742463, 4761.881881955337, 4847.486542550469, 5041.185438302994, 5098.073525539397, 5183.733824747086, 5280.808756606293]
shares:[0, 4.2412, 8.3287, 12.5604, 16.7201, 20.7511, 24.8118, 28.9102, 33.258, 37.3413, 41.2799, 45.2576, 49.2243, 53.1283, 57.0227, 60.9006, 64.7962, 68.6767, 72.4646, 76.2099, 79.9644, 83.7944, 87.5425, 91.2913, 95.0921, 98.969, 102.8924, 106.6953, 110.515, 114.4429, 118.3166, 122.2437, 126.0958, 129.9177, 133.7833, 137.6608, 141.5068, 145.2932, 149.1695, 153.1034, 156.9041, 160.7726, 164.6105, 168.4273, 172.2609, 176.1527, 179.9313, 183.7213, 187.4395, 191.1897, 194.9505, 198.7134]
growth_rate:3.55
