ticker:FTXL
price:[46.52000045776367, 45.040000915527344, 45.73400115966797, 46.11800003051758, 47.560001373291016, 51.540000915527344, 51.41299819946289, 50.59400177001953, 48.26100158691406, 54.810001373291016, 53.7599983215332, 55.04800033569336, 56.084999084472656, 59.13999938964844, 57.13999938964844, 59.62900161743164, 58.849998474121094, 59.790000915527344, 63.439998626708984, 65.13800048828125, 66.67500305175781, 61.18000030517578, 62.814998626708984, 68.2300033569336, 68.37999725341797, 65.4749984741211, 61.36600112915039, 62.47999954223633, 63.05500030517578, 63.92100143432617, 67.12000274658203, 68.1780014038086, 66.87999725341797, 66.06500244140625, 63.323001861572266, 62.93000030517578, 59.959999084472656, 61.689998626708984, 64.33499908447266, 64.88999938964844, 65.10800170898438, 64.31500244140625, 66.44999694824219, 67.25, 66.20999908447266, 63.439998626708984, 65.96700286865234, 67.6520004272461, 69.84500122070312, 67.07499694824219, 65.29000091552734, 69.4469985961914]
assets:[0, 99.99781003265382, 201.54059631042477, 303.23507380065917, 412.71617991714476, 547.2517297210694, 645.9014963798523, 735.611488735199, 801.6924539611816, 1010.4826663181304, 1091.1236779335022, 1217.26542182312, 1340.1959211227418, 1513.1974223831178, 1562.0247353149414, 1730.063927127838, 1807.4600031356813, 1936.3290746498108, 2154.536545360565, 2312.2036033325194, 2466.7617529052736, 2363.4629457893375, 2526.6265342617035, 2844.4337869468686, 2950.6857754814146, 2925.331266825867, 2841.749053488922, 2993.3355540691377, 3120.882018104553, 3263.74241223526, 3527.0823123298646, 3682.6756526275635, 3712.5621515350344, 3767.323731719971, 3710.962204195023, 3787.932922369385, 3709.161519364929, 3916.179816821289, 4184.091000457764, 4320.187978364563, 4434.701320404053, 4480.684727087402, 4729.425697798157, 4886.364825, 4910.795632095337, 4805.3451679782875, 5096.755769038392, 5326.945574441528, 5599.620422366333, 5477.545475784302, 5431.775510166931, 5877.612002689361]
shares:[0, 2.2202, 4.4068, 6.5752, 8.6778, 10.618, 12.563, 14.5395, 16.6116, 18.4361, 20.2962, 22.1128, 23.8958, 25.5867, 27.3368, 29.0138, 30.713, 32.3855, 33.9618, 35.497, 36.9968, 38.6313, 40.2233, 41.6889, 43.1513, 44.6786, 46.3082, 47.9087, 49.4946, 51.059, 52.5489, 54.0156, 55.5108, 57.0245, 58.6037, 60.1928, 61.8606, 63.4816, 65.036, 66.5771, 68.113, 69.6678, 71.1727, 72.6597, 74.17, 75.7463, 77.2622, 78.7404, 80.1721, 81.663, 83.1946, 84.6345]
growth_rate:15.25
