ticker:FTXN
price:[10.682000160217285, 9.920000076293945, 10.470000267028809, 9.579999923706055, 9.175999641418457, 9.960000038146973, 9.862000465393066, 10.119999885559082, 9.154999732971191, 8.960000038146973, 10.329999923706055, 10.789999961853027, 11.78499984741211, 12.074999809265137, 12.375, 11.930000305175781, 11.829999923706055, 11.621999740600586, 12.715999603271484, 13.939000129699707, 13.21399974822998, 12.829000473022461, 13.515000343322754, 14.34000015258789, 14.565999984741211, 14.970000267028809, 16.301000595092773, 16.655000686645508, 15.70300006866455, 16.100000381469727, 16.149999618530273, 15.244999885559082, 15.152999877929688, 14.925000190734863, 15.545000076293945, 16.875, 16.920000076293945, 16.764999389648438, 17.010000228881836, 18.5049991607666, 18.485000610351562, 17.430999755859375, 18.770000457763672, 18.540000915527344, 18.1200008392334, 16.3799991607666, 16.34000015258789, 16.40999984741211, 16.31999969482422, 16.139999389648438, 14.970000267028809, 16.489999771118164]
assets:[0, 99.99955276908875, 205.54390424222944, 288.0715557058334, 375.9232709095955, 508.04266994581224, 603.0435768579483, 718.8195438713074, 750.2760311162949, 834.2951715519905, 1061.8599461574554, 1209.1446597251893, 1420.6463766059876, 1555.6053204278944, 1694.253825, 1733.3288323394775, 1818.79978927021, 1886.8211980867386, 2164.4309836715697, 2472.601597707081, 2443.9953234338764, 2472.787275374985, 2705.0138037157058, 2970.1366816043856, 3116.9462915348054, 3303.39702492466, 3697.1060573684695, 3877.394082855606, 3755.7619008228303, 3950.7146936073304, 4062.9846040306093, 3935.3061579585074, 4011.5582133834837, 4051.198769272518, 4319.489171199799, 4789.055812500001, 4901.827234102821, 4956.9224580368045, 5129.3621670192715, 5680.177960894203, 5774.03948815155, 5544.80799473877, 6070.745585053634, 6096.356473045349, 6058.251952589798, 5576.498642286682, 5662.881956881714, 5787.140700188446, 5855.402098506927, 5890.820555232239, 5563.790718244648, 6228.71814354515]
shares:[0, 10.0806, 19.6317, 30.0701, 40.9681, 51.0083, 61.1482, 71.0296, 81.9526, 93.1133, 102.7938, 112.0616, 120.547, 128.8286, 136.9094, 145.2916, 153.7447, 162.3491, 170.2132, 177.3873, 184.955, 192.7498, 200.149, 207.1225, 213.9878, 220.6678, 226.8024, 232.8066, 239.1748, 245.386, 251.578, 258.1375, 264.7369, 271.4371, 277.87, 283.7959, 289.7061, 295.6709, 301.5498, 306.9537, 312.3635, 318.1004, 323.4281, 328.8218, 334.3406, 340.4456, 346.5656, 352.6594, 358.7869, 364.9827, 371.6627, 377.727]
growth_rate:22.13
