ticker:FTXR
price:[24.010000228881836, 23.700000762939453, 24.15999984741211, 23.229999542236328, 23.729999542236328, 24.770000457763672, 24.729999542236328, 25.25, 23.440000534057617, 24.579999923706055, 25.690000534057617, 26.540000915527344, 27.75, 28.27400016784668, 27.799999237060547, 28.040000915527344, 27.972999572753906, 28.058000564575195, 29.530000686645508, 29.724000930786133, 30.469999313354492, 28.450000762939453, 30.299999237060547, 30.700000762939453, 30.729999542236328, 30.290000915527344, 30.90999984741211, 32.77000045776367, 32.380001068115234, 32.41999816894531, 33.09000015258789, 33.52000045776367, 33.17900085449219, 33.486000061035156, 33.2599983215332, 34.249000549316406, 33.790000915527344, 33.63999938964844, 34.470001220703125, 35.0099983215332, 34.61000061035156, 33.11399841308594, 34.20000076293945, 33.77000045776367, 33.09000015258789, 31.700000762939453, 32.470001220703125, 32.36000061035156, 32.040000915527344, 32.43000030517578, 31.309999465942383, 32.25]
assets:[0, 99.99978321914674, 201.9413587245941, 294.1684532032013, 400.50069427413945, 518.0521745738984, 617.2162745750428, 730.19465, 777.8517297225952, 915.6811951578142, 1057.0330549741745, 1192.006985119629, 1346.3523, 1471.774804737091, 1547.1005375415803, 1660.455950215149, 1756.488981072235, 1861.8251028631212, 2059.5019788885115, 2173.032536046982, 2327.5697305479052, 2273.2631709617617, 2521.0841665203093, 2654.3650459648134, 2756.9572739315036, 2817.4819861595156, 2975.152396313095, 3254.1822944576265, 3315.453069366455, 3419.54793686676, 3590.2186905555723, 3736.8733390323637, 3798.8595639358523, 3934.0089563705446, 4007.45728576355, 4226.621209190369, 4269.978214693451, 4351.024433056641, 4558.3784544281, 4729.787755242157, 4775.747459220886, 4669.318819833374, 4922.453989810943, 4960.563169242096, 4960.677445875168, 4852.296926782608, 5070.161467611694, 5152.983845191955, 5202.027364645386, 5365.348970489502, 5280.052558937645, 5538.573075]
shares:[0, 4.2194, 8.3585, 12.6633, 16.8774, 20.9145, 24.9582, 28.9186, 33.1848, 37.2531, 41.1457, 44.9136, 48.5172, 52.054, 55.6511, 59.2174, 62.7923, 66.3563, 69.7427, 73.107, 76.3889, 79.9038, 83.2041, 86.4614, 89.7155, 93.0169, 96.2521, 99.3037, 102.392, 105.4765, 108.4986, 111.4819, 114.4959, 117.4822, 120.4888, 123.4086, 126.3681, 129.3408, 132.2419, 135.0982, 137.9875, 141.0074, 143.9314, 146.8926, 149.9147, 153.0693, 156.1491, 159.2393, 162.3604, 165.444, 168.6379, 171.7387]
growth_rate:8.6
