ticker:FULC
price:[7.5, 7.639999866485596, 8.529999732971191, 8.295000076293945, 7.840000152587891, 9.760000228881836, 10.930000305175781, 11.0, 9.859999656677246, 11.800000190734863, 12.649999618530273, 10.880000114440918, 11.539999961853027, 11.729999542236328, 13.210000038146973, 12.84000015258789, 12.489999771118164, 11.710000038146973, 11.710000038146973, 11.0, 13.800000190734863, 11.0600004196167, 11.420000076293945, 13.90999984741211, 15.319999694824219, 12.609999656677246, 12.010000228881836, 12.220000267028809, 11.359999656677246, 11.300000190734863, 12.0, 11.869999885559082, 11.529999732971191, 11.449999809265137, 11.25, 10.479999542236328, 9.84000015258789, 9.630000114440918, 8.930000305175781, 8.739999771118164, 8.619999885559082, 8.59000015258789, 9.0, 10.239999771118164, 10.029999732971191, 9.630000114440918, 8.0, 7.309999942779541, 8.100000381469727, 22.93000030517578, 25.670000076293945, 27.100000381469727]
assets:[0, 99.99995825242996, 211.6489123744011, 305.81840381278994, 389.04354357185366, 584.3195017028809, 754.3656680625916, 859.1968, 870.1528577014923, 1141.3597384489058, 1323.5757850866316, 1238.3801090258598, 1413.502283327484, 1536.7742190273286, 1830.6721882864952, 1879.3972423343657, 1928.1674456659318, 1907.753392214775, 2007.7532795405389, 1986.0192, 2591.5517158187868, 2176.9973945953366, 2347.8583716854096, 2959.7822865322114, 3359.803089072418, 2865.4774069838522, 2829.134502916527, 2978.6030690877915, 2868.979273293495, 2953.8268298582075, 3236.8068000000003, 3301.741363167286, 3307.1671184077263, 3384.220338625431, 3425.1075, 3290.6779362640377, 3189.7206734626766, 3221.647202285385, 3087.4672355117796, 3121.7758422473908, 3178.9137277960776, 3267.8499490482327, 3523.824, 4109.328292149353, 4125.055041178608, 4060.546365254688, 3473.2472, 3273.67967237463, 3727.4703255453114, 10651.96195976715, 12024.808629738998, 12794.674400102615]
shares:[0, 13.089, 24.8123, 36.8678, 49.6229, 59.8688, 69.0179, 78.1088, 88.2508, 96.7254, 104.6305, 113.8217, 122.4872, 131.0123, 138.5823, 146.3705, 154.3769, 162.9166, 171.4563, 180.5472, 187.7936, 196.8352, 205.5918, 212.7809, 219.3083, 227.2385, 235.5649, 243.7482, 252.551, 261.4006, 269.7339, 278.1585, 286.8315, 295.5651, 304.454, 313.996, 324.1586, 334.5428, 345.741, 357.1826, 368.7835, 380.4249, 391.536, 401.3016, 411.2717, 421.6559, 434.1559, 447.8358, 460.1815, 464.5426, 468.4382, 472.1282]
growth_rate:150.88
