ticker:FULTP
price:[25.670000076293945, 25.350000381469727, 25.719999313354492, 25.979999542236328, 26.280000686645508, 26.459999084472656, 25.989999771118164, 25.920000076293945, 26.100000381469727, 25.989999771118164, 26.059999465942383, 25.610000610351562, 26.59000015258789, 26.31999969482422, 26.229999542236328, 26.170000076293945, 26.020000457763672, 25.719999313354492, 25.299999237060547, 25.540000915527344, 26.030000686645508, 25.989999771118164, 26.510000228881836, 26.010000228881836, 25.989999771118164, 25.829999923706055, 25.950000762939453, 25.84000015258789, 26.100000381469727, 25.93000030517578, 26.0, 26.25, 26.440000534057617, 26.479999542236328, 26.940000534057617, 27.15999984741211, 27.06999969482422, 27.100000381469727, 26.68000030517578, 26.770000457763672, 27.25, 27.299999237060547, 27.0, 26.969999313354492, 27.020000457763672, 26.989999771118164, 26.989999771118164]
assets:[0, 100.00068150482177, 201.45961062164307, 303.49575665245055, 407.00099863414766, 509.788926361084, 600.7328547096253, 699.1142420578003, 803.9687517505646, 900.5794820690156, 1003.0050774450302, 1085.6847558746338, 1227.2295490425108, 1314.7682087554933, 1410.2716633880616, 1507.046560393524, 1598.4086281204225, 1679.9789151496886, 1752.5461271507263, 1869.1705070037845, 2005.0310838907242, 2101.9490284891126, 2244.005244374275, 2301.682142254257, 2399.911380865097, 2485.13787165966, 2596.68423134346, 2685.6778318592073, 2812.700471109581, 2894.379238064575, 3002.194, 3131.0606249999996, 3253.7223297214505, 3358.6437019386294, 3516.990129720688, 3645.7112235179898, 3733.6297079086307, 3837.7665540218354, 3878.2875523612975, 3991.3695902519225, 4162.936175000001, 4270.574370652389, 4323.6449999999995, 4418.840203498077, 4527.033552695465, 4622.007771804238, 4722.008419956207]
shares:[0, 3.9448, 7.8328, 11.6819, 15.4871, 19.2664, 23.114, 26.972, 30.8034, 34.651, 38.4883, 42.393, 46.1538, 49.9532, 53.7656, 57.5868, 61.43, 65.318, 69.2706, 73.186, 77.0277, 80.8753, 84.6475, 88.4922, 92.3398, 96.2113, 100.0649, 103.9349, 107.7663, 111.6228, 115.469, 119.2785, 123.0606, 126.837, 130.549, 134.2309, 137.925, 141.615, 145.3631, 149.0986, 152.7683, 156.4313, 160.135, 163.8428, 167.5438, 171.2489, 174.954]
growth_rate:2.65
