ticker:FULT
price:[10.34000015258789, 9.470000267028809, 9.760000228881836, 9.149999618530273, 9.6899995803833, 10.369999885559082, 10.300000190734863, 11.229999542236328, 10.989999771118164, 10.699999809265137, 12.59000015258789, 12.550000190734863, 12.979999542236328, 13.119999885559082, 13.199999809265137, 12.800000190734863, 12.789999961853027, 12.720000267028809, 13.819999694824219, 14.520000457763672, 14.800000190734863, 13.399999618530273, 14.270000457763672, 14.789999961853027, 15.1899995803833, 15.449999809265137, 17.0, 17.93000030517578, 17.700000762939453, 17.579999923706055, 17.1299991607666, 17.239999771118164, 17.219999313354492, 17.329999923706055, 17.049999237060547, 17.579999923706055, 17.770000457763672, 17.5, 17.329999923706055, 17.309999465942383, 16.90999984741211, 15.470000267028809, 16.399999618530273, 15.680000305175781, 15.760000228881836, 15.470000267028809, 15.170000076293945, 15.319999694824219, 15.989999771118164, 15.970000267028809, 15.739999771118164, 16.170000076293945]
assets:[0, 100.0003618197441, 203.0626607620239, 290.3715778942108, 407.5080873532295, 536.1051430836677, 632.4859317123413, 789.5936208141327, 872.7191788244248, 949.6902530711175, 1217.4391657550811, 1313.570869963646, 1458.578124560547, 1574.310770267868, 1683.9107756681442, 1732.8832258219718, 1831.5292735373496, 1921.504864337826, 2187.672783691406, 2398.4819196155545, 2544.7342327952383, 2404.016211562729, 2660.097898332596, 2857.031620631027, 3034.301151178837, 3186.2380106649402, 3605.8938, 3903.156664433289, 3953.0880803936006, 4026.2876105266573, 4023.225261894035, 4149.061096916199, 4244.247670761109, 4371.35903975544, 4400.7309730796815, 4637.528385873986, 4787.6503873321535, 4814.90625, 4868.132152568436, 4962.513734893799, 4947.840590353012, 4626.498501858329, 5004.627163590621, 4884.912799073792, 5009.836152757644, 5017.6497236100195, 5020.34617224865, 5169.986677013397, 5496.089117328644, 5589.214230455304, 5608.717540441323, 5861.941959658051]
shares:[0, 10.5597, 20.8056, 31.7346, 42.0545, 51.6977, 61.4064, 70.3111, 79.4103, 88.7561, 96.6989, 104.667, 112.3712, 119.9932, 127.569, 135.3815, 143.2001, 151.0617, 158.2976, 165.1847, 171.9415, 179.4042, 186.4119, 193.1732, 199.7565, 206.229, 212.1114, 217.6886, 223.3383, 229.0266, 234.8643, 240.6648, 246.472, 252.2423, 258.1074, 263.7957, 269.4232, 275.1375, 280.9078, 286.6848, 292.5985, 299.0626, 305.1602, 311.5378, 317.883, 324.3471, 330.9391, 337.4665, 343.7204, 349.9821, 356.3353, 362.5196]
growth_rate:14.94
