ticker:FUNC
price:[11.149999618530273, 10.90999984741211, 11.539999961853027, 11.5600004196167, 11.8100004196167, 12.569999694824219, 13.449999809265137, 13.470000267028809, 11.920000076293945, 13.1899995803833, 13.329999923706055, 14.760000228881836, 15.6899995803833, 16.350000381469727, 15.970000267028809, 17.440000534057617, 16.0, 15.5, 16.920000076293945, 17.049999237060547, 16.149999618530273, 15.630000114440918, 16.860000610351562, 16.5, 17.100000381469727, 18.100000381469727, 19.040000915527344, 19.68000030517578, 19.350000381469727, 17.75, 18.239999771118164, 17.209999084472656, 16.899999618530273, 17.600000381469727, 16.920000076293945, 17.959999084472656, 18.420000076293945, 18.940000534057617, 18.18000030517578, 18.850000381469727, 19.0, 18.65999984741211, 18.260000228881836, 17.56999969482422, 16.950000762939453, 16.549999237060547, 17.0, 17.309999465942383, 17.809999465942383, 17.799999237060547, 17.860000610351562, 17.899999618530273]
assets:[0, 99.99996760139466, 205.77435531978605, 306.1307751122475, 412.7512476653099, 539.3120659065246, 677.0676103984832, 778.0743604245185, 788.541381047058, 972.5553860598565, 1082.8785398021698, 1299.046808144188, 1480.8974723945616, 1643.1913883380892, 1705.0003475087165, 1961.9407640796662, 1899.9456, 1940.5721, 2218.354138002777, 2335.398070497513, 2312.122770386696, 2337.6775221161843, 2621.640736906433, 2665.66245, 2862.596493859291, 3130.0004859668734, 3392.5530751289366, 3606.588343927002, 3646.112831880188, 3444.6253500000003, 3639.717170327568, 3534.1851769905093, 3570.5254494054793, 3818.416882761955, 3770.8876610033035, 4102.667246862793, 4307.747267842293, 4529.355289715767, 4447.606178659057, 4711.516125347519, 4849.009, 4862.238026240158, 4858.010976893234, 4774.438334072112, 4705.960921820832, 4694.90543856926, 4922.5625, 5112.32658727169, 5359.995922273063, 5456.986706103897, 5575.381394534302, 5687.868078784943]
shares:[0, 9.1659, 17.8314, 26.4819, 34.9493, 42.9047, 50.3396, 57.7635, 66.1528, 73.7343, 81.2362, 88.0113, 94.3848, 100.501, 106.7627, 112.4966, 118.7466, 125.1982, 131.1084, 136.9735, 143.1655, 149.5635, 155.4947, 161.5553, 167.4033, 172.9282, 178.1803, 183.2616, 188.4296, 194.0634, 199.5459, 205.3565, 211.2737, 216.9555, 222.8657, 228.4336, 233.8625, 239.1423, 244.6428, 249.9478, 255.211, 260.5701, 266.0466, 271.7381, 277.6378, 283.6801, 289.5625, 295.3395, 300.9543, 306.5723, 312.1714, 317.758]
growth_rate:11.53
