ticker:FUND
price:[6.239999771118164, 6.170000076293945, 6.170000076293945, 5.889999866485596, 5.980000019073486, 6.21999979019165, 6.230000019073486, 6.159999847412109, 5.820000171661377, 6.260000228881836, 6.349999904632568, 6.619999885559082, 6.800000190734863, 7.090000152587891, 7.010000228881836, 6.929999828338623, 6.869999885559082, 6.900000095367432, 7.420000076293945, 7.420000076293945, 7.5, 7.340000152587891, 7.679999828338623, 7.760000228881836, 7.710000038146973, 7.590000152587891, 7.739999771118164, 7.96999979019165, 8.010000228881836, 7.860000133514404, 7.960000038146973, 8.079999923706055, 8.1899995803833, 8.15999984741211, 8.149999618530273, 8.539999961853027, 8.390000343322754, 8.489999771118164, 8.539999961853027, 8.75, 8.930000305175781, 8.329999923706055, 8.539999961853027, 8.529999732971191, 8.449999809265137, 8.260000228881836, 8.119999885559082, 8.199999809265137, 8.300000190734863, 8.5600004196167, 8.1899995803833, 8.430000305175781]
assets:[0, 100.00027623653412, 200.00055247306824, 290.9241744053364, 395.3694952610493, 511.2373327553272, 612.0594988738536, 705.1826145320892, 766.2600586009025, 924.1901257907867, 1037.4769544186593, 1181.589877573681, 1313.7178768487931, 1469.744269631195, 1553.1601857118608, 1635.434914489031, 1721.2750363268851, 1828.7918952764035, 2066.613969249344, 2166.6140522775654, 2289.9735, 2341.1209406684875, 2549.564871012783, 2676.1229909324647, 2758.8801076501845, 2815.9401506111144, 2971.5910221261975, 3159.8945088165283, 3275.753673603058, 3314.4095723004343, 3456.5774805650713, 3608.686333925629, 3757.814231467438, 3844.04944811821, 3939.3381756149292, 4227.846541114807, 4253.5875440588, 4404.285865264893, 4530.2240277641295, 4741.623250000001, 4939.165308792114, 4707.306280886078, 4925.977873996353, 5020.209363844014, 5073.12638548851, 5059.056030184745, 5073.309344498252, 5223.29245850439, 5386.991453793622, 5655.7403652480125, 5511.274304628467, 5772.777379981232]
shares:[0, 16.2075, 32.415, 49.3929, 66.1153, 82.1925, 98.2439, 114.4777, 131.6598, 147.6342, 163.3822, 178.4879, 193.1938, 207.2982, 221.5635, 235.9935, 250.5495, 265.0423, 278.5194, 291.9965, 305.3298, 318.9538, 331.9746, 344.8612, 357.8314, 371.0066, 383.9265, 396.4736, 408.958, 421.6806, 434.2434, 446.6196, 458.8296, 471.0845, 483.3544, 495.064, 506.983, 518.7616, 530.4712, 541.8998, 553.098, 565.1028, 576.8124, 588.5357, 600.37, 612.4765, 624.7918, 636.9869, 649.0351, 660.7173, 672.9273, 684.7897]
growth_rate:13.19
