ticker:FUSB
price:[6.639999866485596, 6.710000038146973, 7.070000171661377, 7.0, 6.440000057220459, 7.340000152587891, 7.650000095367432, 7.519999980926514, 6.960000038146973, 7.03000020980835, 7.900000095367432, 8.350000381469727, 8.800000190734863, 9.0, 9.199999809265137, 9.399999618530273, 9.0, 9.020000457763672, 9.6899995803833, 9.4399995803833, 8.899999618530273, 8.680000305175781, 9.34000015258789, 8.880000114440918, 9.079999923706055, 8.899999618530273, 8.789999961853027, 9.039999961853027, 9.649999618530273, 9.25, 9.380000114440918, 9.649999618530273, 10.140000343322754, 9.90999984741211, 10.289999961853027, 10.0, 10.069999694824219, 11.399999618530273, 10.25, 10.800000190734863, 11.65999984741211, 11.539999961853027, 11.0, 10.880000114440918, 10.5, 10.75, 11.380000114440918, 11.600000381469727, 12.0, 11.479999542236328, 11.40999984741211, 11.039999961853027]
assets:[0, 99.99980156850815, 205.3651229863167, 303.3317, 379.06548736805917, 532.0406450603485, 654.5110581593514, 743.3888461144924, 788.0299963191032, 895.9559517395496, 1106.8350433615208, 1269.8822530145646, 1438.3186711747169, 1571.0076, 1705.9191646327972, 1843.004345207405, 1864.5786, 1968.7224379123688, 2214.9575460832593, 2257.811899638176, 2228.6578044757844, 2273.567235935211, 2546.441763601303, 2521.028480489731, 2677.808201499939, 2724.724203213501, 2791.048253887367, 2970.4291794653896, 3270.867370700836, 3235.2874, 3380.7565252470017, 3578.070283556938, 3859.7546266845707, 3872.2055923782345, 4120.686050723839, 4104.554, 4233.285884708404, 4892.398756289292, 4498.867475, 4840.270645482254, 5325.699100305557, 5370.889082245827, 5219.5649, 5262.62450335474, 5178.81945, 5402.1244, 5818.713548514843, 6031.202118338013, 6339.174, 6164.476198192215, 6226.887611726761, 6124.964378836155]
shares:[0, 14.9031, 29.0474, 43.3331, 58.8611, 72.4851, 85.557, 98.8549, 113.2227, 127.4475, 140.1057, 152.0817, 163.4453, 174.5564, 185.426, 196.0643, 207.1754, 218.2619, 228.5818, 239.175, 250.411, 261.9317, 272.6383, 283.8996, 294.9128, 306.1488, 317.5254, 328.5873, 338.95, 349.7608, 360.4218, 370.7845, 380.6464, 390.7372, 400.4554, 410.4554, 420.3859, 429.1578, 438.9139, 448.1732, 456.7495, 465.415, 474.5059, 483.6971, 493.2209, 502.5232, 511.3105, 519.9312, 528.2645, 536.9753, 545.7395, 554.7975]
growth_rate:20.1
