ticker:FUSN
price:[12.270000457763672, 12.449999809265137, 12.399999618530273, 12.199999809265137, 11.720000267028809, 12.210000038146973, 12.649999618530273, 12.369999885559082, 12.399999618530273, 12.770000457763672, 13.3100004196167, 13.279999732971191, 12.390000343322754, 13.149999618530273, 11.670000076293945, 12.350000381469727, 12.300000190734863, 11.75, 11.609999656677246, 12.510000228881836, 12.609999656677246, 11.300000190734863, 12.15999984741211, 12.0, 12.039999961853027, 11.680000305175781, 11.25, 11.630000114440918, 11.850000381469727, 10.119999885559082, 10.59000015258789, 9.510000228881836, 8.4399995803833, 8.489999771118164, 8.600000381469727, 8.859999656677246, 8.175000190734863, 8.1899995803833, 8.210000038146973, 8.149999618530273, 8.149999618530273, 8.430000305175781, 8.0600004196167, 8.149999618530273, 8.100000381469727, 8.09000015258789, 7.920000076293945, 8.149999618530273, 8.109999656677246, 8.239999771118164, 8.34000015258789, 9.220000267028809]
assets:[0, 99.9996434679985, 199.5978338596344, 296.3782553664207, 384.7172127654075, 500.8016985646248, 618.8481013381958, 705.150606476307, 806.8605351779938, 930.936864371109, 1070.3023877428054, 1167.889656516552, 1189.6196879639626, 1362.5911254724504, 1309.2351355592727, 1485.5235008852005, 1579.5094444932938, 1608.8804999999998, 1689.7112230330467, 1920.6966141408923, 2036.049635566044, 1924.5335424845696, 2171.002596757507, 2242.4364, 2349.910604554653, 2379.6470541755675, 2392.04025, 2572.838634317112, 2721.5078226095197, 2424.1903125863073, 2636.7766039924622, 2467.8697853954313, 2290.201482136631, 2403.7693901968005, 2534.913752441025, 2711.550620928097, 2601.910448206425, 2706.6842963223457, 2813.2944410717014, 2892.7339696023937, 2992.7336499217986, 3195.551785682678, 3155.295918269825, 3290.5281159831998, 3370.3413087263107, 3466.179981376648, 3493.3433376516346, 3694.7909170612334, 3776.657341121769, 3937.1954906368255, 4084.977110738373, 4616.006041688347]
shares:[0, 8.0321, 16.0966, 24.2933, 32.8257, 41.0157, 48.9208, 57.0049, 65.0694, 72.9003, 80.4134, 87.9435, 96.0145, 103.6191, 112.1881, 120.2853, 128.4154, 136.926, 145.5393, 153.5329, 161.4631, 170.3127, 178.5364, 186.8697, 195.1753, 203.7369, 212.6258, 221.2243, 229.6631, 239.5445, 248.9874, 259.5026, 271.3509, 283.1295, 294.7574, 306.0441, 318.2765, 330.4865, 342.6668, 354.9367, 367.2066, 379.069, 391.4759, 403.7458, 416.0915, 428.4524, 441.0787, 453.3486, 465.6791, 477.815, 489.8054, 500.6514]
growth_rate:-9.49
