ticker:FUTU
price:[29.899999618530273, 30.739999771118164, 30.280000686645508, 29.959999084472656, 27.6200008392334, 32.06999969482422, 30.989999771118164, 33.220001220703125, 29.729999542236328, 34.7400016784668, 42.060001373291016, 48.54999923706055, 43.97999954223633, 41.150001525878906, 42.599998474121094, 43.31999969482422, 37.880001068115234, 45.75, 64.52999877929688, 69.37999725341797, 99.88999938964844, 99.41000366210938, 116.0, 147.57000732421875, 189.6999969482422, 152.7899932861328, 140.41000366210938, 159.49000549316406, 131.77999877929688, 114.69000244140625, 153.60000610351562, 156.6999969482422, 153.00999450683594, 143.80999755859375, 148.77999877929688, 130.0, 118.88999938964844, 123.98999786376953, 142.27000427246094, 154.6999969482422, 145.4499969482422, 154.33999633789062, 168.99000549316406, 162.1999969482422, 139.75, 133.39999389648438, 124.62000274658203, 102.45999908447266, 105.7699966430664, 100.5999984741211, 90.33999633789062, 96.47000122070312]
assets:[0, 100.0002932554245, 198.5035725013733, 296.40625494232177, 373.25669134140014, 533.3946489242554, 615.4304054546357, 759.7148519165039, 779.9011319915771, 1011.3266108623504, 1324.4231772434234, 1628.7845044044495, 1575.4691356018068, 1574.0904333686829, 1729.555678049469, 1858.7875429054259, 1725.3658646507263, 2183.8305, 3180.2771008392338, 3519.3003606796265, 5166.920097428894, 5242.088313110352, 6216.915599999999, 8008.875166497804, 10395.332192767333, 8472.70933469391, 7886.198060684204, 9057.83613697052, 7584.110243746948, 6700.556950634766, 9073.797480560303, 9356.932897772218, 9236.601328399658, 8781.239784924317, 9184.710054641724, 8125.351, 7530.944343338013, 7953.995559960174, 9226.665041082764, 10132.787920111085, 9626.913493013, 10315.313655242919, 11394.455302386476, 11036.623052348328, 9609.056274999999, 9272.433475753784, 8762.144551114656, 7304.055708734894, 7640.010128520965, 7366.565668265533, 6715.261015783692, 7270.92469800415]
shares:[0, 3.2531, 6.5556, 9.8934, 13.514, 16.6322, 19.859, 22.8692, 26.2328, 29.1113, 31.4889, 33.5486, 35.8224, 38.2525, 40.5999, 42.9083, 45.5482, 47.734, 49.2837, 50.725, 51.7261, 52.732, 53.5941, 54.2717, 54.7988, 55.4533, 56.1655, 56.7925, 57.5513, 58.4232, 59.0742, 59.7124, 60.366, 61.0614, 61.7335, 62.5027, 63.3438, 64.1503, 64.8532, 65.4996, 66.1871, 66.835, 67.4268, 68.0433, 68.7589, 69.5085, 70.3109, 71.2869, 72.2323, 73.2263, 74.3332, 75.3698]
growth_rate:42.57
