ticker:FUV
price:[5.21999979019165, 5.409999847412109, 7.0, 6.199999809265137, 6.199999809265137, 6.369999885559082, 6.630000114440918, 6.204999923706055, 5.389999866485596, 6.090000152587891, 7.550000190734863, 17.010000228881836, 13.550000190734863, 11.859999656677246, 12.279999732971191, 13.600000381469727, 14.869999885559082, 13.229999542236328, 14.890000343322754, 15.880000114440918, 20.8799991607666, 21.6200008392334, 31.8700008392334, 27.84000015258789, 21.0, 17.920000076293945, 15.050000190734863, 20.5, 17.780000686645508, 14.220000267028809, 13.09000015258789, 11.869999885559082, 11.449999809265137, 10.539999961853027, 10.3100004196167, 9.039999961853027, 8.09000015258789, 8.199999809265137, 9.75, 11.270000457763672, 14.119999885559082, 14.720000267028809, 15.619999885559082, 14.210000038146973, 14.239999771118164, 13.729999542236328, 16.1299991607666, 16.350000381469727, 17.149999618530273, 14.109999656677246, 10.489999771118164, 11.720000267028809]
assets:[0, 100.00006017951966, 229.39000000000001, 303.17379067325595, 403.17358759689336, 514.2284327615738, 635.2176589645386, 694.4983394607544, 703.2790975792408, 894.6143234149932, 1209.086475545025, 2824.047865999603, 2349.6093280739783, 2156.5582935720445, 2332.928561270428, 2683.6989552757263, 3034.3082356476784, 2799.6570921306607, 3250.9367529577253, 3567.0831377065656, 4790.220503465843, 5059.988236415863, 7558.917238049125, 6703.084164738846, 5156.2056, 4499.962899158478, 3879.265474163533, 5384.04825, 4769.677208200073, 3914.667955511188, 3703.5864681720736, 3458.408743656826, 3436.0384577622417, 3262.956324190521, 3291.7532209742544, 2986.2699713985444, 2772.447097291946, 2910.1438523090364, 3560.232, 4215.2630482151035, 5381.235032385731, 5709.899879580688, 6159.009690875626, 5703.04283630991, 5815.083330533218, 5706.818016732406, 6804.367560973168, 6997.173958254432, 7439.542924521255, 6220.813826635933, 4724.829119908714, 5378.836694551564]
shares:[0, 18.4843, 32.77, 48.899, 65.028, 80.7266, 95.8096, 111.9256, 130.4785, 146.8989, 160.1439, 166.0228, 173.4029, 181.8346, 189.9779, 197.3308, 204.0557, 211.6143, 218.3302, 224.6274, 229.4167, 234.042, 237.1797, 240.7717, 245.5336, 251.114, 257.7585, 262.6365, 268.2608, 275.2931, 282.9325, 291.3571, 300.0907, 309.5784, 319.2777, 330.3396, 342.7005, 354.8956, 365.152, 374.0251, 381.1073, 387.9008, 394.3028, 401.3401, 408.3626, 415.6459, 421.8455, 427.9617, 433.7926, 440.8798, 450.4127, 458.9451]
growth_rate:5.47
