ticker:FV
price:[34.59000015258789, 33.38999938964844, 33.400001525878906, 33.5099983215332, 34.349998474121094, 35.97999954223633, 36.2400016784668, 36.08000183105469, 33.83000183105469, 36.84000015258789, 36.689998626708984, 37.439998626708984, 38.83399963378906, 39.650001525878906, 39.369998931884766, 40.68000030517578, 40.689998626708984, 40.470001220703125, 41.709999084472656, 41.72999954223633, 43.0099983215332, 40.790000915527344, 43.31999969482422, 44.90999984741211, 44.81999969482422, 43.119998931884766, 42.749000549316406, 44.540000915527344, 44.367000579833984, 44.43000030517578, 45.38999938964844, 46.27799987792969, 46.52000045776367, 46.619998931884766, 46.13999938964844, 46.59000015258789, 45.619998931884766, 45.4900016784668, 46.5099983215332, 46.72999954223633, 46.88999938964844, 45.61000061035156, 47.22999954223633, 47.40999984741211, 47.25, 45.65999984741211, 47.20000076293945, 47.439998626708984, 47.619998931884766, 47.849998474121094, 46.72999954223633, 48.459999084472656]
assets:[0, 99.9997091720581, 200.0292691383362, 300.6885659389496, 408.2256868659973, 527.5963212875366, 631.4095492439269, 728.621204977417, 783.1848403900146, 952.8666039466857, 1048.9854057369232, 1170.426773069, 1314.0066286087037, 1441.6185454788208, 1531.437840451813, 1682.3946366210937, 1782.807875830078, 1873.1701945007326, 2030.5637144294737, 2131.539165617752, 2296.9188533626557, 2278.362212137604, 2519.677458249664, 2712.159800785065, 2806.7225028892517, 2800.264474635315, 2876.1698565582274, 3096.670287652588, 3184.6411181201934, 3289.1618085922237, 3460.2294404708864, 3627.9267780303953, 3746.897612870026, 3854.951767678833, 3915.2604022079468, 4053.446488275528, 4069.052994729996, 4157.45862539978, 4350.680121991349, 4471.261873199845, 4586.573424298096, 4561.3695020401, 4823.382595250702, 4941.767111095047, 5025.089475, 4955.991175437927, 5223.142644426727, 5349.699533137131, 5469.99975130806, 5596.420981536865, 5565.430793481445, 5871.471641073608]
shares:[0, 2.9949, 5.9889, 8.9731, 11.8843, 14.6636, 17.423, 20.1946, 23.1506, 25.865, 28.5905, 31.2614, 33.8365, 36.3586, 38.8986, 41.3568, 43.8144, 46.2854, 48.6829, 51.0793, 53.4043, 55.8559, 58.1643, 60.391, 62.6221, 64.9412, 67.2804, 69.5256, 71.7795, 74.0302, 76.2333, 78.3942, 80.5438, 82.6888, 84.8561, 87.0025, 89.1945, 91.3928, 93.5429, 95.6829, 97.8156, 100.0081, 102.1254, 104.2347, 106.3511, 108.5412, 110.6598, 112.7677, 114.8677, 116.9576, 119.0976, 121.1612]
growth_rate:15.13
