ticker:FVAM
price:[10.039999961853027, 10.020000457763672, 10.029999732971191, 10.050000190734863, 10.050000190734863, 10.020000457763672, 10.140000343322754, 10.039999961853027, 10.104999542236328, 10.11400032043457, 10.399999618530273, 10.170000076293945, 10.404000282287598, 10.649999618530273, 10.630000114440918, 10.430000305175781, 10.420000076293945, 10.5, 11.319999694824219, 10.609999656677246, 10.069999694824219, 10.239999771118164, 10.039999961853027, 10.0, 10.0, 10.100000381469727, 10.100000381469727, 10.100000381469727, 10.100000381469727, 10.0, 10.0, 9.979999542236328, 10.010000228881836, 10.045000076293945, 9.954999923706055, 10.010000228881836, 10.005000114440918, 9.989999771118164, 9.760000228881836, 9.760000228881836, 9.979999542236328, 9.739999771118164, 9.75, 9.75, 9.760000228881836, 9.75, 9.869999885559082]
assets:[0, 99.99960456848144, 200.09949767274856, 300.4980207030296, 400.49753260087965, 499.30163281059265, 605.2809564937592, 699.3121013429642, 803.839577085495, 904.5557326583863, 1030.1345222148896, 1107.3523223072052, 1232.831377049923, 1361.9815912155152, 1459.4235427119256, 1531.9647028244017, 1630.4955619382858, 1743.0136499999999, 1979.134410644531, 1955.0017197392465, 1955.5012967376708, 2088.513489318085, 2147.722655839729, 2239.1659999999997, 2339.1659999999997, 2462.5578530090334, 2562.557956785965, 2662.5580605628966, 2762.5581643398286, 2835.206, 2935.206, 3029.3350490501402, 3138.441377761459, 3249.414885680008, 3320.3010795536043, 3438.6452886257175, 3536.927620456696, 3631.624656795502, 3648.013829549599, 3748.0138158946993, 3932.49706362381, 3937.9276854619984, 4041.970725, 4141.970625, 4246.21888357811, 4341.86805, 4495.306252877713]
shares:[0, 9.98, 19.9501, 29.9003, 39.8505, 49.8305, 59.6924, 69.6526, 79.5487, 89.436, 99.0514, 108.8842, 118.4959, 127.8856, 137.2929, 146.8806, 156.4775, 166.0013, 174.8352, 184.2603, 194.1908, 203.9564, 213.9166, 223.9166, 233.9166, 243.8176, 253.7186, 263.6196, 273.5206, 283.5206, 293.5206, 303.5406, 313.5306, 323.4858, 333.531, 343.521, 353.516, 363.526, 373.7719, 384.0178, 394.0378, 404.3047, 414.5611, 424.8175, 435.0634, 445.3198, 455.4515]
growth_rate:-2.28
