ticker:FVC
price:[26.549999237060547, 25.575000762939453, 25.639999389648438, 25.716999053955078, 26.35300064086914, 27.618999481201172, 27.770000457763672, 27.698999404907227, 25.90999984741211, 28.239999771118164, 28.110000610351562, 28.700000762939453, 29.759000778198242, 30.43899917602539, 30.232999801635742, 31.187999725341797, 31.190000534057617, 31.05900001525879, 31.969999313354492, 32.060001373291016, 33.029998779296875, 31.339000701904297, 33.250999450683594, 34.41999816894531, 34.38999938964844, 33.09000015258789, 32.58000183105469, 34.207000732421875, 34.047000885009766, 34.02399826049805, 34.79800033569336, 35.518001556396484, 35.676998138427734, 35.763999938964844, 35.36600112915039, 35.72999954223633, 34.939998626708984, 34.91999816894531, 35.7239990234375, 35.85499954223633, 35.97999954223633, 34.95000076293945, 36.24100112915039, 36.400001525878906, 36.198001861572266, 35.00199890136719, 36.23899841308594, 36.35499954223633, 36.50299835205078, 36.630001068115234, 35.895999908447266, 37.152000427246094]
assets:[0, 100.00081048316956, 200.2560872329712, 300.85802853240966, 408.2975801292419, 527.9123179836273, 630.7983373981476, 729.1844690340042, 782.088163394165, 952.4194082807542, 1048.0363967559815, 1170.0330211032867, 1313.2051863403321, 1443.2133996326447, 1533.4449596387863, 1681.8846175884248, 1781.9938955125808, 1874.510039720917, 2029.4907234109878, 2135.205709461594, 2299.809452005005, 2282.0684243118285, 2521.2969345474244, 2709.938085838318, 2807.575477171326, 2801.4457389183044, 2858.2696246398928, 3101.0082857971192, 3186.5030739292147, 3284.350161685181, 3459.063905169296, 3630.635911894226, 3746.8875369930265, 3856.024403819275, 3913.1136341362, 4053.389798069, 4063.766420276642, 4161.440625791931, 4357.252588488769, 4473.230302389908, 4588.824377617645, 4557.459129486848, 4825.804597056199, 4946.978607376099, 5019.52624094162, 4953.678895715332, 5228.747509931945, 5345.486441692352, 5467.247529077911, 5586.269301893234, 5574.329311382675, 5869.373337897491]
shares:[0, 3.9101, 7.8103, 11.6988, 15.4934, 19.1141, 22.7151, 26.3253, 30.1848, 33.7259, 37.2834, 40.7677, 44.128, 47.4133, 50.7209, 53.9273, 57.1335, 60.3532, 63.4811, 66.6003, 69.6279, 72.8188, 75.8262, 78.7315, 81.6393, 84.6614, 87.7308, 90.6542, 93.5913, 96.5304, 99.4041, 102.2196, 105.0225, 107.8186, 110.6462, 113.445, 116.307, 119.1707, 121.9699, 124.7589, 127.5382, 130.3994, 133.1587, 135.906, 138.6686, 141.5256, 144.2851, 147.0358, 149.7753, 152.5053, 155.2911, 157.9827]
growth_rate:15.09
