ticker:FVCB
price:[10.550000190734863, 10.350000381469727, 10.789999961853027, 9.65999984741211, 10.529999732971191, 11.149999618530273, 12.234999656677246, 12.720000267028809, 12.34000015258789, 12.0600004196167, 12.729999542236328, 13.079999923706055, 13.100000381469727, 13.600000381469727, 13.295000076293945, 15.100000381469727, 14.699999809265137, 14.699999809265137, 15.630000114440918, 15.600000381469727, 16.0, 15.430000305175781, 17.5, 16.329999923706055, 16.229999542236328, 15.800000190734863, 18.6200008392334, 18.799999237060547, 17.200000762939453, 17.489999771118164, 17.559999465942383, 16.510000228881836, 18.760000228881836, 17.540000915527344, 17.59000015258789, 17.65999984741211, 18.0, 18.010000228881836, 17.75, 18.510000228881836, 17.770000457763672, 17.229999542236328, 17.739999771118164, 17.280000686645508, 17.209999084472656, 19.559999465942383, 19.0, 19.0, 19.850000381469727, 19.520000457763672, 20.15999984741211, 19.81999969482422]
assets:[0, 99.9996336856842, 204.25038327789306, 282.86025153198244, 408.3354886450768, 532.3779167860031, 684.1836278013229, 811.304513031578, 887.0670809688568, 966.9394776437761, 1120.6587767017363, 1251.4708487003327, 1353.3846194103241, 1505.039962215233, 1571.286867516899, 1884.6129276107788, 1934.6890248970985, 2034.6887135995864, 2263.414702572441, 2359.0710576868055, 2519.56, 2529.8010120346066, 2969.18475, 2870.673548588181, 2953.093860708618, 2974.8540559119224, 3605.809712519646, 3740.6659281967163, 3522.3124762390134, 3681.700919819641, 3796.4367645378115, 3669.4284498701095, 4269.502156090164, 4091.8489315803527, 4203.512239464188, 4320.239934671783, 4503.4164, 4605.918881534767, 4639.425775, 4938.0719470607755, 4840.656521697616, 4793.5564496456145, 5035.4439410326, 5004.873990875816, 5084.599574512482, 5878.894759485245, 5810.5838, 5910.5846, 6275.005940590668, 6270.686931053924, 6576.282670225143, 6565.372916910554]
shares:[0, 9.6618, 18.9296, 29.2816, 38.7783, 47.7469, 55.9202, 63.7818, 71.8855, 80.1774, 88.0329, 95.6782, 103.3118, 110.6647, 118.1863, 124.8088, 131.6115, 138.4142, 144.8122, 151.2225, 157.4725, 163.9534, 169.6677, 175.7914, 181.9528, 188.2819, 193.6525, 198.9716, 204.7856, 210.5032, 216.198, 222.2549, 227.5854, 233.2867, 238.9717, 244.6342, 250.1898, 255.7423, 261.3761, 266.7786, 272.4061, 278.2099, 283.8469, 289.6339, 295.4445, 300.557, 305.8202, 311.0834, 316.1212, 321.2442, 326.2045, 331.2499]
growth_rate:28.73
