ticker:FVE
price:[5.329999923706055, 5.239999771118164, 5.239999771118164, 5.010000228881836, 4.960000038146973, 5.0, 4.900000095367432, 4.800000190734863, 4.570000171661377, 4.539999961853027, 5.21999979019165, 5.21999979019165, 6.099999904632568, 7.150000095367432, 7.710000038146973, 8.220000267028809, 7.099999904632568, 6.900000095367432, 7.139999866485596, 7.659999847412109, 7.429999828338623, 7.230000019073486, 8.65999984741211, 8.229999542236328, 7.900000095367432, 6.679999828338623, 6.179999828338623, 6.78000020980835, 7.139999866485596, 6.210000038146973, 6.429999828338623, 5.489999771118164, 4.949999809265137, 4.699999809265137, 5.210000038146973, 5.590000152587891, 5.949999809265137, 6.0, 6.010000228881836, 5.949999809265137, 6.050000190734863, 5.5, 5.429999828338623, 5.690000057220459, 5.599999904632568, 5.650000095367432, 5.590000152587891, 5.679999828338623, 4.619999885559082, 4.110000133514404, 3.8299999237060547, 4.550000190734863]
assets:[0, 100.00015563201904, 200.0003112640381, 291.22179430446624, 388.3154269865036, 491.447, 581.6182513198852, 669.7483466134072, 737.6560667083263, 832.8135070023536, 1057.5521214936257, 1157.552179474306, 1452.6948472885608, 1802.748829045248, 2043.943369112873, 2279.145500038624, 2068.604852214432, 2110.3346691677093, 2283.7375252952575, 2550.059909202576, 2573.4918905425075, 2604.219255870199, 3219.2995192764283, 3159.4499132671353, 3132.7647878181933, 2748.970897357464, 2643.209410579777, 2999.832110830355, 3259.1150570561886, 2934.608796026802, 3138.572293209696, 2779.744996110535, 2606.32735957222, 2574.6946755140307, 2954.076794629383, 3269.5374252471925, 3580.0976302353856, 3710.1827999999996, 3816.366372340584, 3878.265805677223, 4043.446842475414, 3775.86055, 3827.8039879896637, 4111.0876313424105, 4146.061289392996, 4283.0797522949215, 4337.595835401536, 4507.431455776072, 3766.2557847069743, 3450.500470090389, 3315.4298589563373, 4038.6961943011283]
shares:[0, 19.084, 38.168, 58.1281, 78.2894, 98.2894, 118.6976, 139.5309, 161.4127, 183.4391, 202.5962, 221.7533, 238.1467, 252.1327, 265.1029, 277.2683, 291.3528, 305.8456, 319.8512, 332.906, 346.365, 360.1963, 371.7436, 383.8943, 396.5525, 411.5226, 427.7038, 442.4531, 456.4587, 472.5618, 488.1139, 506.3288, 526.5308, 547.8074, 567.0013, 584.8904, 601.6971, 618.3638, 635.0027, 651.8094, 668.3383, 686.5201, 704.9363, 722.511, 740.3681, 758.0672, 775.9563, 793.5619, 815.2069, 839.5378, 865.6475, 887.6255]
growth_rate:-20.81
