ticker:FWONA
price:[35.209999084472656, 33.7599983215332, 32.7599983215332, 32.630001068115234, 34.25, 34.290000915527344, 33.34000015258789, 34.630001068115234, 33.29999923706055, 36.38999938964844, 37.959999084472656, 37.119998931884766, 38.369998931884766, 39.29999923706055, 38.970001220703125, 37.970001220703125, 38.04999923706055, 37.9900016784668, 37.630001068115234, 35.689998626708984, 36.66999816894531, 36.25, 39.869998931884766, 41.08000183105469, 40.47999954223633, 38.77000045776367, 38.95000076293945, 41.380001068115234, 40.83000183105469, 37.83000183105469, 38.66999816894531, 40.22999954223633, 39.91999816894531, 42.15999984741211, 41.41999816894531, 39.09000015258789, 39.22999954223633, 39.88999938964844, 40.040000915527344, 39.869998931884766, 41.31999969482422, 39.400001525878906, 43.470001220703125, 44.45000076293945, 43.31999969482422, 42.20000076293945, 42.220001220703125, 41.459999084472656, 41.61000061035156, 42.400001525878906, 42.95000076293945, 45.290000915527344]
assets:[0, 100.0004910282135, 197.0382859046936, 296.25756869773863, 410.96575, 511.445650655365, 597.2761007335663, 720.3871342193603, 792.7198018379211, 966.2782097930908, 1107.9688612777709, 1183.4523819465637, 1323.3045231628419, 1455.3772217464445, 1543.1574903381347, 1603.5604825531007, 1706.938185774231, 1804.2477527149201, 1887.1520795661925, 1889.8603762813568, 2041.7524950485229, 2118.366625, 2429.912967902756, 2603.6587320526123, 2665.6322578559875, 2653.0272543247224, 2765.344889166641, 3037.867260414505, 3097.490511909485, 2969.901038749695, 3135.846826515198, 3362.350947740936, 3436.4411863769533, 3729.267002502823, 3763.8103816131593, 3652.0848982559205, 3765.165897065353, 3928.5107438903806, 4043.2833364509584, 4126.118280461502, 4376.176375679016, 4272.831665477753, 4814.211348190308, 5022.7434062103275, 4995.0558848114015, 4965.914629779434, 5068.26627053833, 5077.0339398880005, 5195.403871208191, 5394.043394119263, 5564.013683835983, 5967.152367624664]
shares:[0, 2.9621, 6.0146, 9.0793, 11.999, 14.9153, 17.9147, 20.8024, 23.8054, 26.5534, 29.1878, 31.8818, 34.488, 37.0325, 39.5986, 42.2323, 44.8604, 47.4927, 50.1502, 52.9521, 55.6791, 58.4377, 60.9459, 63.3802, 65.8506, 68.4299, 70.9973, 73.4139, 75.8631, 78.5065, 81.0925, 83.5782, 86.0832, 88.4551, 90.8694, 93.4276, 95.9767, 98.4836, 100.9811, 103.4893, 105.9094, 108.4475, 110.7479, 112.9976, 115.306, 117.6757, 120.0442, 122.4562, 124.8595, 127.218, 129.5463, 131.7543]
growth_rate:17.0
