ticker:FWONK
price:[37.97999954223633, 36.54999923706055, 35.47999954223633, 35.33000183105469, 37.06999969482422, 37.16999816894531, 36.18000030517578, 37.2599983215332, 36.130001068115234, 39.5, 41.61000061035156, 40.790000915527344, 42.59000015258789, 43.25, 42.79499816894531, 41.65999984741211, 41.66999816894531, 42.599998474121094, 41.4900016784668, 39.72999954223633, 40.630001068115234, 40.22999954223633, 44.33000183105469, 45.470001220703125, 45.20000076293945, 43.900001525878906, 44.369998931884766, 46.45000076293945, 46.380001068115234, 43.15999984741211, 43.83000183105469, 45.47999954223633, 44.9900016784668, 47.2400016784668, 46.939998626708984, 44.25, 44.060001373291016, 44.459999084472656, 44.650001525878906, 44.02000045776367, 45.810001373291016, 44.31999969482422, 48.90999984741211, 50.099998474121094, 48.880001068115234, 47.25, 47.849998474121094, 46.93000030517578, 47.560001373291016, 48.779998779296875, 48.06999969482422, 49.84000015258789]
assets:[0, 100.00079791259766, 197.0736574573517, 296.24206535339357, 410.83197861785885, 511.9386677810669, 598.3050470466613, 716.1632497386933, 794.4445284862518, 968.54395, 1120.2826904327394, 1198.2062768936157, 1351.0825748405457, 1472.018075, 1556.531114401245, 1615.2498460838317, 1715.6371646118164, 1853.9263735946654, 1905.6191810913085, 1924.7833958229064, 2068.3839683753968, 2148.0204805583953, 2466.9335708969115, 2630.3759126159666, 2714.7572458229065, 2736.6778051216124, 2865.9780300075527, 3100.3331709228514, 3195.660919594956, 3073.7990811328887, 3221.513900582886, 3442.7904853477476, 3505.697413788986, 3781.0235983421326, 3857.0127471580504, 3735.978825, 3819.936029062271, 3954.6146605659483, 4071.513084140777, 4114.065222782135, 4381.3555703441625, 4338.848194123841, 4888.202332749939, 5107.133724453735, 5082.767359067536, 5013.27225, 5176.934399913788, 5177.397414667511, 5346.899862391281, 5584.056214260864, 5602.779586430359, 5909.080258090973]
shares:[0, 2.736, 5.5545, 8.385, 11.0826, 13.7729, 16.5369, 19.2207, 21.9885, 24.5201, 26.9234, 29.375, 31.723, 34.0351, 36.3718, 38.7722, 41.172, 43.5194, 45.9296, 48.4466, 50.9078, 53.3935, 55.6493, 57.8486, 60.061, 62.3389, 64.5927, 66.7456, 68.9017, 71.2187, 73.5002, 75.699, 77.9217, 80.0386, 82.169, 84.4289, 86.6985, 88.9477, 91.1873, 93.459, 95.6419, 97.8982, 99.9428, 101.9388, 103.9846, 106.101, 108.1909, 110.3217, 112.4243, 114.4743, 116.5546, 118.561]
growth_rate:15.86
