ticker:FWP
price:[6.150000095367432, 6.110000133514404, 6.409999847412109, 6.059999942779541, 6.21999979019165, 6.510000228881836, 6.510000228881836, 6.656000137329102, 6.260000228881836, 6.429999828338623, 6.429999828338623, 6.929999828338623, 7.105000019073486, 7.269999980926514, 7.400000095367432, 7.239999771118164, 6.960000038146973, 7.03000020980835, 8.0, 6.510000228881836, 6.539999961853027, 6.880000114440918, 7.400000095367432, 9.0, 7.940000057220459, 7.0, 7.019999980926514, 7.070000171661377, 7.130000114440918, 6.90500020980835, 6.769999980926514, 7.320000171661377, 7.090000152587891, 7.570000171661377, 7.519999980926514, 7.400000095367432, 7.800000190734863, 7.659999847412109, 7.303999900817871, 7.460000038146973, 7.539999961853027, 7.079999923706055, 7.230000019073486, 8.279999732971191, 8.279999732971191, 11.039999961853027, 17.65999984741211, 9.649999618530273, 8.550000190734863, 8.050000190734863, 7.739999771118164, 9.0]
assets:[0, 99.99992818517684, 204.90974712219239, 293.7215312265873, 401.47672845768926, 520.1952392892838, 620.1953528051376, 734.104232746315, 790.4283189001083, 911.8935736552239, 1011.893573985529, 1190.5788215084553, 1320.64401004529, 1451.3137311923506, 1577.265620326996, 1643.1628360538482, 1679.6150492057802, 1796.5081176162719, 2144.3904, 1844.9978628673555, 1953.499950605488, 2155.0582118469238, 2417.9404111611843, 3040.7382000000002, 2782.6071620531557, 2553.1800000000003, 2660.474692771435, 2779.424218485117, 2903.0116315951345, 2911.402192462921, 2954.4807976761817, 3294.5051572594643, 3290.98947682724, 3613.792419948292, 3689.9233666409973, 3731.041568083763, 4032.7194386128426, 4060.3368851177215, 3971.631750868607, 4156.458381254197, 4301.031622239875, 4138.634487402153, 4326.317777413273, 5054.621056989193, 5154.621097764206, 6972.828647906495, 11253.99914076195, 6249.552052951813, 5637.16817075491, 5407.509543124294, 5299.2697912937165, 6261.9417]
shares:[0, 16.3666, 31.9672, 48.4689, 64.5461, 79.9071, 95.2681, 110.2921, 126.2665, 141.8186, 157.3707, 171.8007, 185.8753, 199.6305, 213.144, 226.9562, 241.324, 255.5488, 268.0488, 283.4098, 298.7003, 313.2352, 326.7487, 337.8598, 350.4543, 364.74, 378.985, 393.1293, 407.1545, 421.6368, 436.4078, 450.069, 464.1734, 477.3834, 490.6813, 504.1948, 517.0153, 530.0701, 543.7612, 557.166, 570.4286, 584.5529, 598.3842, 610.4615, 622.5388, 631.5968, 637.2593, 647.622, 659.3179, 671.7403, 684.6602, 695.7713]
growth_rate:22.78
