ticker:FWRD
price:[58.90999984741211, 57.810001373291016, 57.06999969482422, 55.279998779296875, 59.209999084472656, 62.369998931884766, 62.310001373291016, 62.810001373291016, 62.970001220703125, 65.91999816894531, 72.18000030517578, 74.47000122070312, 74.19000244140625, 73.75, 74.5199966430664, 78.19999694824219, 76.08000183105469, 76.83999633789062, 79.06999969482422, 80.02999877929688, 80.36000061035156, 71.69000244140625, 76.7699966430664, 86.0, 86.2300033569336, 85.7699966430664, 87.77999877929688, 93.02999877929688, 89.93000030517578, 87.7300033569336, 89.4000015258789, 89.08000183105469, 89.23999786376953, 88.16999816894531, 88.29000091552734, 100.4800033569336, 97.72000122070312, 93.97000122070312, 96.88999938964844, 94.23999786376953, 90.66999816894531, 87.66999816894531, 91.91000366210938, 90.70999908447266, 90.02999877929688, 86.68000030517578, 88.5999984741211, 88.44000244140625, 88.06999969482422, 90.55999755859375, 86.56999969482422, 89.12000274658203]
assets:[0, 99.9997403755188, 198.71773893737793, 292.4864735412598, 413.2798726097107, 535.3341748321533, 634.8205249912262, 739.9143781776429, 841.8018673187256, 981.2389487442017, 1174.4191309654236, 1311.6773665008543, 1406.7463122924805, 1498.400875, 1614.0435112915038, 1793.7515299987792, 1845.1226364074707, 1963.5538984191894, 2120.538786815643, 2246.2820057373046, 2355.544481890869, 2201.4064119689942, 2457.3999155448914, 2852.8522, 2960.482967251587, 3044.6890718345644, 3216.0397052764897, 3508.384525964356, 3491.4783038482665, 3506.0681731575014, 3672.8113226875307, 3759.6660172805787, 3866.421071445465, 3920.0645695907588, 4025.3971827415467, 4681.172444393158, 4652.586066119385, 4574.046191418457, 4816.179022660828, 4784.451603546143, 4703.20694402008, 4647.58824393158, 4972.358771121216, 5007.436866460419, 5069.895333258057, 4981.2482455375675, 5191.587790589904, 5282.211805816651, 5360.116321426392, 5611.658920715332, 5464.410921736908, 5725.371984449767]
shares:[0, 1.7298, 3.482, 5.291, 6.9799, 8.5832, 10.1881, 11.7802, 13.3683, 14.8853, 16.2707, 17.6135, 18.9614, 20.3173, 21.6592, 22.938, 24.2524, 25.5538, 26.8185, 28.068, 29.3124, 30.7073, 32.0099, 33.1727, 34.3324, 35.4983, 36.6375, 37.7124, 38.8244, 39.9643, 41.0829, 42.2055, 43.3261, 44.4603, 45.5929, 46.5881, 47.6114, 48.6756, 49.7077, 50.7688, 51.8717, 53.0123, 54.1003, 55.2027, 56.3134, 57.4671, 58.5958, 59.7265, 60.862, 61.9662, 63.1213, 64.2434]
growth_rate:12.26
