ticker:FXNC
price:[14.100000381469727, 14.300000190734863, 14.029999732971191, 14.300000190734863, 14.119999885559082, 14.0, 14.25, 13.979999542236328, 14.0, 14.300000190734863, 14.3100004196167, 15.100000381469727, 15.649999618530273, 16.0, 16.0, 16.5, 16.950000762939453, 16.899999618530273, 17.739999771118164, 17.579999923706055, 17.5, 18.020000457763672, 17.639999389648438, 18.049999237060547, 17.5, 17.299999237060547, 17.850000381469727, 18.1299991607666, 18.75, 18.0, 18.25, 18.389999389648438, 18.270000457763672, 18.489999771118164, 18.18000030517578, 18.40999984741211, 18.5, 18.399999618530273, 18.329999923706055, 19.459999084472656, 19.700000762939453, 19.540000915527344, 19.75, 20.100000381469727, 21.600000381469727, 21.6200008392334, 21.700000762939453, 21.25, 21.950000762939453, 21.75, 21.25, 21.270000457763672]
assets:[0, 99.99990133380891, 198.112014229393, 301.92448402709965, 398.12469277324675, 494.7418, 603.5758500000001, 692.1399913364411, 793.1308, 910.1263721393585, 1010.7625526389123, 1166.5626094707488, 1309.053608091736, 1438.3296, 1538.3296, 1686.4023, 1832.3950874782563, 1926.990346503639, 2122.7701466119765, 2203.624862436676, 2293.5972500000003, 2461.7501045360564, 2509.8367531585695, 2668.1725472213748, 2686.87125, 2756.1632184516907, 2943.7863629112244, 3089.9628379663463, 3295.63125, 3263.8068, 3409.138325, 3535.2898046661376, 3612.2220815059663, 3755.7183375091554, 3792.749841666412, 3940.732266337967, 4059.9970500000004, 4138.05135420971, 4222.308150425721, 4582.602102404023, 4739.118863536072, 4800.628458928681, 4952.2216499999995, 5139.982147549629, 5623.562259315681, 5728.768370376205, 5849.966495676041, 5828.654, 6120.656742742157, 6164.887425, 6123.16625, 6228.930269056321]
shares:[0, 6.993, 14.1206, 21.1136, 28.1958, 35.3387, 42.3562, 49.5093, 56.6522, 63.6452, 70.6333, 77.2558, 83.6456, 89.8956, 96.1456, 102.2062, 108.1059, 114.0231, 119.6601, 125.3484, 131.0627, 136.6121, 142.281, 147.8212, 153.5355, 159.3158, 164.918, 170.4337, 175.767, 181.3226, 186.8021, 192.2398, 197.7133, 203.1216, 208.6221, 214.0539, 219.4593, 224.8941, 230.3496, 235.4883, 240.5644, 245.6821, 250.7454, 255.7205, 260.3501, 264.9754, 269.5837, 274.2896, 278.8454, 283.4431, 288.149, 292.8505]
growth_rate:22.14
