ticker:FYC
price:[46.27000045776367, 45.4900016784668, 46.869998931884766, 45.75, 48.279998779296875, 51.15999984741211, 51.150001525878906, 50.75, 47.119998931884766, 51.5, 52.65999984741211, 54.119998931884766, 56.45000076293945, 57.45000076293945, 58.83000183105469, 61.84000015258789, 63.459999084472656, 61.689998626708984, 65.93000030517578, 68.12999725341797, 70.33999633789062, 66.69999694824219, 72.62999725341797, 75.91000366210938, 74.63999938964844, 70.69000244140625, 68.43000030517578, 74.1500015258789, 72.2300033569336, 69.44999694824219, 70.9000015258789, 70.31999969482422, 70.51000213623047, 70.87000274658203, 70.25, 70.2699966430664, 68.54000091552734, 68.66999816894531, 71.30000305175781, 71.58999633789062, 72.97000122070312, 70.47000122070312, 74.0999984741211, 72.77999877929688, 72.12999725341797, 68.2699966430664, 70.26000213623047, 71.16999816894531, 72.51000213623047, 71.44000244140625, 69.5999984741211, 73.38999938964844]
assets:[0, 100.00067068977357, 203.0361483730316, 298.184775, 414.6769095153809, 539.415690391159, 639.3085240715027, 734.306825, 781.7820382785798, 954.4495000000001, 1075.9491168823242, 1205.7773402027128, 1357.6902583496094, 1481.7389296775816, 1617.330878338623, 1800.082012441635, 1947.2383419075013, 1992.9262506351472, 2229.9042493217466, 2404.3144160728457, 2582.3078775573726, 2548.6802533889772, 2875.269068268585, 3105.1138817993165, 3153.166774215698, 3086.29723059082, 3087.623200769806, 3445.7134959068294, 3456.4945806427, 3423.4612045669555, 3594.934947368622, 3665.528432092285, 3775.429860383606, 3894.703522940063, 3960.6317750000003, 4061.760399961853, 4061.762702255249, 4169.46374682312, 4429.14905957489, 4547.160320394897, 4734.811766207886, 4672.590947940063, 5013.279856765747, 5023.974203735352, 5079.10588659668, 4907.3019747009275, 5150.346222594452, 5317.053627203369, 5517.162795542145, 5535.7500531799315, 5493.172919570159, 5892.299575996399]
shares:[0, 2.1983, 4.3319, 6.5177, 8.589, 10.5437, 12.4987, 14.4691, 16.5913, 18.533, 20.432, 22.2797, 24.0512, 25.7918, 27.4916, 29.1087, 30.6845, 32.3055, 33.8223, 35.2901, 36.7118, 38.2111, 39.5879, 40.9052, 42.245, 43.6596, 45.1209, 46.4695, 47.854, 49.2939, 50.7043, 52.1264, 53.5446, 54.9556, 56.3791, 57.8022, 59.2612, 60.7174, 62.1199, 63.5167, 64.8871, 66.3061, 67.6556, 69.0296, 70.416, 71.8808, 73.3041, 74.7092, 76.0883, 77.4881, 78.9249, 80.2875]
growth_rate:15.54
