ticker:FYT
price:[32.939998626708984, 31.600000381469727, 32.220001220703125, 30.1299991607666, 31.940000534057617, 33.63999938964844, 33.369998931884766, 34.08000183105469, 31.959999084472656, 33.040000915527344, 37.310001373291016, 38.22999954223633, 39.88999938964844, 41.04999923706055, 40.970001220703125, 41.290000915527344, 41.349998474121094, 41.56999969482422, 43.97999954223633, 44.65999984741211, 45.13999938964844, 42.66999816894531, 45.40999984741211, 46.970001220703125, 47.0099983215332, 47.380001068115234, 49.779998779296875, 52.9900016784668, 51.77000045776367, 50.95000076293945, 50.810001373291016, 50.810001373291016, 51.63999938964844, 51.43000030517578, 51.2400016784668, 53.22999954223633, 53.060001373291016, 52.470001220703125, 52.72999954223633, 53.11000061035156, 53.04999923706055, 49.9900016784668, 51.72999954223633, 50.9900016784668, 50.459999084472656, 48.869998931884766, 49.220001220703125, 50.220001220703125, 50.560001373291016, 51.099998474121094, 49.939998626708984, 51.439998626708984]
assets:[0, 100.0013612071991, 201.9646336517334, 288.86534095401765, 406.21931479225157, 527.8418664230346, 623.6051920394898, 736.8743915908814, 791.0355453399659, 917.7653214309693, 1136.3730978271485, 1264.392243860245, 1419.2941562835692, 1560.569085995865, 1657.5274363861083, 1770.473949256897, 1873.047420881653, 1983.0136954421998, 2197.9796411224365, 2331.962086032486, 2457.024334777832, 2422.580612042236, 2678.145561000824, 2870.148894592285, 2972.592625865173, 3095.9893137947083, 3352.8123457824704, 3669.0118192165373, 3684.5382335796357, 3726.177355796814, 3815.9378041370387, 3915.9369678398134, 4079.905939778137, 4163.315097704315, 4247.9344871494295, 4512.908560190201, 4598.498079017639, 4647.367701119995, 4770.398690586853, 4904.77759936676, 4999.235643103409, 4810.872794530105, 5078.323709061432, 5105.679858066559, 5152.611794512939, 5090.250218746186, 5226.70638362732, 5432.895150057983, 5569.674583281327, 5729.158088923646, 5699.102703281403, 5970.280560611725]
shares:[0, 3.1646, 6.2683, 9.5873, 12.7182, 15.6909, 18.6876, 21.6219, 24.7508, 27.7774, 30.4576, 33.0733, 35.5802, 38.0163, 40.4571, 42.879, 45.2974, 47.703, 49.9768, 52.2159, 54.4312, 56.7748, 58.977, 61.106, 63.2332, 65.3438, 67.3526, 69.2397, 71.1713, 73.134, 75.1021, 77.0702, 79.0067, 80.9511, 82.9027, 84.7813, 86.666, 88.5719, 90.4684, 92.3513, 94.2363, 96.2367, 98.1698, 100.131, 102.1128, 104.159, 106.1907, 108.1819, 110.1597, 112.1166, 114.119, 116.063]
growth_rate:17.06
