ticker:FYX
price:[59.16999816894531, 57.470001220703125, 58.95000076293945, 56.310001373291016, 59.599998474121094, 63.029998779296875, 62.84000015258789, 63.310001373291016, 59.060001373291016, 62.810001373291016, 67.70999908447266, 69.5, 72.5, 74.13999938964844, 74.79000091552734, 76.6500015258789, 77.6500015258789, 76.95999908447266, 81.81999969482422, 83.83000183105469, 85.66000366210938, 80.83999633789062, 87.2300033569336, 90.5999984741211, 90.08000183105469, 88.19000244140625, 89.41999816894531, 95.97000122070312, 93.63999938964844, 91.0, 91.81999969482422, 91.61000061035156, 92.37999725341797, 92.4000015258789, 92.0199966430664, 94.44000244140625, 93.30000305175781, 92.62000274658203, 94.38999938964844, 95.08000183105469, 95.55999755859375, 90.94000244140625, 94.68000030517578, 93.01000213623047, 92.1500015258789, 88.30000305175781, 89.77999877929688, 91.22000122070312, 92.31999969482422, 92.4000015258789, 90.12999725341797, 93.88999938964844]
assets:[0, 99.99780212402344, 202.57578262176514, 293.50462015800474, 410.6559094863892, 534.2863906524658, 632.6731215362548, 737.4032409954071, 787.9017603206635, 937.9291885070801, 1111.100771976471, 1240.4707500000002, 1394.0155, 1525.54911144104, 1638.9256430625915, 1779.6827304283142, 1902.898702393341, 1985.991256374359, 2211.4064057518003, 2365.732949673462, 2517.3761876220706, 2475.7248878479004, 2771.41932865448, 2978.4930698364255, 3061.3958862289433, 3097.1623337402343, 3240.3571836471556, 3577.713660507202, 3590.8505125946044, 3589.6133, 3721.9604156295777, 3813.4494954071047, 3945.5034926948547, 4046.3623868209843, 4129.719419345856, 4338.328168151856, 4385.9585034606935, 4453.9940500801085, 4639.108007002258, 4773.016091918946, 4897.115414886474, 4760.354461798096, 5056.1297802970885, 5066.952391376495, 5120.1028897819515, 5006.186333020019, 5190.0919494323725, 5373.341537905883, 5538.138301692963, 5642.942013186645, 5604.3102682167055, 5938.110567398071]
shares:[0, 1.74, 3.4364, 5.2123, 6.8902, 8.4767, 10.068, 11.6475, 13.3407, 14.9328, 16.4097, 17.8485, 19.2278, 20.5766, 21.9137, 23.2183, 24.5061, 25.8055, 27.0277, 28.2206, 29.388, 30.625, 31.7714, 32.8752, 33.9853, 35.1192, 36.2375, 37.2795, 38.3474, 39.4463, 40.5354, 41.627, 42.7095, 43.7918, 44.8785, 45.9374, 47.0092, 48.0889, 49.1483, 50.2, 51.2465, 52.3461, 53.4023, 54.4775, 55.5627, 56.6952, 57.809, 58.9053, 59.9885, 61.0708, 62.1803, 63.2454]
growth_rate:16.43
