ticker:GABC
price:[29.3799991607666, 28.56999969482422, 29.350000381469727, 26.489999771118164, 27.950000762939453, 29.309999465942383, 29.56999969482422, 31.600000381469727, 30.170000076293945, 30.229999542236328, 32.7400016784668, 32.7400016784668, 33.220001220703125, 33.380001068115234, 32.29999923706055, 32.02000045776367, 32.43000030517578, 33.09000015258789, 34.619998931884766, 34.72999954223633, 34.400001525878906, 33.83000183105469, 35.09000015258789, 35.630001068115234, 36.77000045776367, 39.400001525878906, 43.5, 48.77000045776367, 47.88999938964844, 47.5, 46.83000183105469, 46.130001068115234, 45.86000061035156, 44.209999084472656, 43.33000183105469, 42.439998626708984, 40.93000030517578, 40.7599983215332, 41.79999923706055, 40.88999938964844, 39.52000045776367, 37.61000061035156, 38.34000015258789, 37.130001068115234, 36.83000183105469, 36.2599983215332, 35.86000061035156, 37.70000076293945, 38.63999938964844, 38.650001525878906, 38.060001373291016, 38.09000015258789]
assets:[0, 100.00071293182373, 202.73219263496398, 282.97677355499263, 398.57260087966915, 517.9663105621338, 622.5608595748901, 765.3014492385864, 830.6706121006013, 932.3234158821107, 1109.7354528923036, 1209.7365140190125, 1327.471248779297, 1433.8646498817445, 1487.473104865265, 1574.577118510437, 1694.739927947998, 1829.231753435135, 2013.8107178688049, 2120.2109040542605, 2200.0658575881957, 2263.612784518433, 2447.9205186447143, 2585.5907915107728, 2768.317732463837, 3066.324818752289, 3485.4114, 4007.6650336166385, 4035.3502295700073, 4102.4895, 4144.623750054932, 4182.671778847504, 4258.188190672302, 4204.981010920716, 4221.28243938446, 4234.578182975769, 4183.913747195435, 4266.53652030716, 4475.396338314438, 4477.966058158875, 4427.93545928917, 4313.934768008423, 4497.665417900085, 4455.718944177246, 4519.718896704102, 4549.770427392196, 4599.579392286682, 4935.5860798820495, 5158.648574514771, 5259.983062660981, 5279.687196503067, 5383.850116567612]
shares:[0, 3.5002, 6.9074, 10.6824, 14.2602, 17.672, 21.0538, 24.2184, 27.533, 30.841, 33.8954, 36.9498, 39.96, 42.9558, 46.0518, 49.1748, 52.2584, 55.2805, 58.169, 61.0484, 63.9554, 66.9114, 69.7612, 72.5678, 75.2874, 77.8255, 80.1244, 82.1748, 84.2629, 86.3682, 88.5036, 90.6714, 92.8519, 95.1138, 97.4217, 99.778, 102.2212, 104.6746, 107.0669, 109.5125, 112.0429, 114.7018, 117.31, 120.0032, 122.7184, 125.4763, 128.2649, 130.9174, 133.5054, 136.0927, 138.7201, 141.3455]
growth_rate:5.57
