ticker:GAIA
price:[11.75, 10.359999656677246, 10.460000038146973, 9.5600004196167, 9.9399995803833, 11.319999694824219, 11.260000228881836, 10.5600004196167, 10.140000343322754, 10.539999961853027, 11.210000038146973, 10.880000114440918, 10.470000267028809, 10.390000343322754, 10.15999984741211, 9.029999732971191, 9.350000381469727, 9.880000114440918, 9.970000267028809, 9.989999771118164, 9.699999809265137, 9.140000343322754, 9.819999694824219, 9.819999694824219, 9.829999923706055, 9.520000457763672, 11.1899995803833, 14.430000305175781, 13.1899995803833, 11.75, 12.050000190734863, 11.399999618530273, 10.739999771118164, 10.529999732971191, 10.539999961853027, 11.140000343322754, 11.300000190734863, 12.0, 11.609999656677246, 13.279999732971191, 12.039999961853027, 10.6899995803833, 11.920000076293945, 10.760000228881836, 11.270000457763672, 11.319999694824219, 12.020000457763672, 11.90999984741211, 10.779999732971191, 11.0600004196167, 9.430000305175781, 9.800000190734863]
assets:[0, 99.99989668607712, 200.96484273290636, 283.6738924512863, 394.9499793272019, 549.7818211784363, 646.8678711488724, 706.6541080799103, 778.5482123602867, 909.2605007091522, 1067.0597256311416, 1135.6478839452743, 1192.8523654227256, 1283.737531419277, 1355.3195956451418, 1304.5803154218675, 1450.811509191513, 1633.0503989157676, 1747.926488815117, 1851.4326715816496, 1897.6875926850319, 1888.1303029232026, 2128.603755849457, 2228.6037587417604, 2330.8728709093093, 2357.3663133525847, 2870.8962213435175, 3802.147793410492, 3575.4211002542497, 3285.0791000000004, 3468.9540549087524, 3381.831546836281, 3286.0414759706496, 3321.7895037631993, 3424.944529604244, 3719.913474643707, 3873.3417453788757, 4213.2828, 4176.35139849987, 4877.08388593359, 4521.693021673679, 4114.692014485168, 4688.132454006385, 4331.905076146316, 4637.227643354416, 4757.800399734498, 5152.011394206619, 5204.86287531662, 4811.034108827019, 5035.996443065834, 4393.802083193206, 4666.199530817032]
shares:[0, 9.6525, 19.2127, 29.673, 39.7334, 48.5673, 57.4483, 66.918, 76.7799, 86.2676, 95.1882, 104.3794, 113.9305, 123.5551, 133.3976, 144.4718, 155.167, 165.2885, 175.3186, 185.3286, 195.6379, 206.5788, 216.7621, 226.9454, 237.1183, 247.6225, 256.5591, 263.4891, 271.0706, 279.5812, 287.88, 296.6519, 305.9629, 315.4596, 324.9473, 333.924, 342.7736, 351.1069, 359.7202, 367.2503, 375.5559, 384.9104, 393.2997, 402.5934, 411.4665, 420.3004, 428.6199, 437.0162, 446.2926, 455.3342, 465.9387, 476.1428]
growth_rate:-8.51
