ticker:GAIN
price:[9.229999542236328, 9.180000305175781, 9.289999961853027, 9.069999694824219, 9.100000381469727, 9.170000076293945, 9.0, 8.829999923706055, 8.329999923706055, 8.899999618530273, 9.430000305175781, 9.619999885559082, 10.039999961853027, 10.279999732971191, 10.100000381469727, 10.489999771118164, 10.100000381469727, 10.09000015258789, 10.479999542236328, 10.649999618530273, 10.789999961853027, 10.229999542236328, 11.649999618530273, 11.9399995803833, 11.880000114440918, 11.869999885559082, 12.050000190734863, 12.420000076293945, 12.220000267028809, 12.270000457763672, 12.520000457763672, 13.40999984741211, 14.069999694824219, 14.029999732971191, 14.229999542236328, 13.8100004196167, 13.40999984741211, 13.739999771118164, 14.079999923706055, 14.600000381469727, 14.779999732971191, 13.899999618530273, 14.4399995803833, 14.739999771118164, 14.569999694824219, 14.4399995803833, 14.260000228881836, 14.380000114440918, 14.649999618530273, 15.130000114440918, 14.399999618530273, 14.859999656677246]
assets:[0, 99.99957932434083, 201.19817417383192, 296.4338930259704, 397.41430665950776, 500.47109416389463, 591.1929, 680.0256671243667, 741.5191002084732, 892.2596717561722, 1045.394745831299, 1166.4576941236496, 1317.3845389945984, 1448.8754983646393, 1523.5062775417327, 1682.3347622930528, 1719.7886749551774, 1818.0858484943392, 1988.3587851490022, 2120.613014042282, 2248.4892480506896, 2231.7930681335447, 2641.5826585035325, 2807.3386713395116, 2893.2314678707125, 2990.796033165169, 3136.1499196409222, 3332.44623847065, 3378.7836378324505, 3492.60900430069, 3663.7703019569394, 4024.213559209824, 4322.272952250671, 4409.985278066063, 4572.850196896362, 4537.881896883488, 4506.443858722687, 4717.340381418228, 4934.072677264214, 5216.296896291733, 5380.607172789097, 5160.245588382912, 5460.715437315273, 5674.165859891891, 5708.724032427978, 5757.788104682541, 5786.015056869125, 5934.705137230396, 6146.134849961471, 6447.510352767945, 6236.426714791107, 6535.646291001606]
shares:[0, 10.8932, 21.6575, 32.6829, 43.6719, 54.577, 65.6881, 77.0131, 89.0179, 100.2539, 110.8584, 121.2534, 131.2136, 140.9412, 150.8422, 160.3751, 170.2761, 180.1869, 189.7289, 199.1186, 208.3864, 218.1616, 226.7453, 235.1205, 243.538, 251.9626, 260.2614, 268.3129, 276.4962, 284.6462, 292.6334, 300.0905, 307.1978, 314.3254, 321.3528, 328.5939, 336.051, 343.329, 350.4313, 357.2806, 364.0465, 371.2407, 378.1659, 384.9502, 391.8136, 398.7388, 405.7514, 412.7055, 419.5314, 426.1408, 433.0852, 439.8147]
growth_rate:28.15
