ticker:GAINN
price:[25.649999618530273, 25.690000534057617, 25.75, 26.100000381469727, 25.774999618530273, 25.860000610351562, 25.850000381469727, 25.850000381469727, 26.049999237060547, 26.049999237060547, 25.889999389648438, 25.790000915527344, 25.600000381469727, 25.649999618530273, 25.8799991607666, 25.850000381469727, 25.777000427246094, 25.8700008392334, 25.790000915527344, 25.709999084472656, 25.829999923706055, 26.049999237060547, 26.059999465942383, 26.0, 26.06999969482422, 25.8700008392334, 25.93000030517578, 25.850000381469727]
assets:[0, 100.00089607887267, 200.23457499999998, 302.9557544279098, 399.182574092102, 500.49962381286616, 600.306803858757, 700.3075303344726, 805.7264764022827, 905.7272134735107, 1000.1643334213258, 1096.3019909179689, 1188.2240177059173, 1290.5438208068847, 1402.1162425323487, 1500.49170714283, 1596.253639957428, 1702.0132252140045, 1796.7506787834166, 1891.1761126556398, 2000.003979092598, 2117.0391529972076, 2217.851890548706, 2312.7468000000003, 2418.9727036834715, 2500.4157781145095, 2606.213958673096, 2698.173924817085]
shares:[0, 3.8926, 7.7761, 11.6075, 15.4872, 19.3542, 23.2227, 27.0912, 30.93, 34.7688, 38.6313, 42.5088, 46.415, 50.3136, 54.1776, 58.0461, 61.9255, 65.791, 69.6685, 73.558, 77.4295, 81.2683, 85.1056, 88.9518, 92.7876, 96.6531, 100.5096, 104.3781]
growth_rate:-0.07
