ticker:GALT
price:[2.6500000953674316, 2.9000000953674316, 2.8399999141693115, 2.75, 2.630000114440918, 2.740000009536743, 2.7899999618530273, 2.6700000762939453, 2.5399999618530273, 2.5799999237060547, 2.75, 2.640000104904175, 2.6500000953674316, 2.809999942779541, 2.5999999046325684, 2.5899999141693115, 2.4200000762939453, 2.240000009536743, 2.2300000190734863, 2.190000057220459, 2.1700000762939453, 1.9600000381469727, 2.2799999713897705, 2.490000009536743, 2.3499999046325684, 2.240000009536743, 2.2200000286102295, 2.309999942779541, 2.25, 2.1500000953674316, 2.200000047683716, 2.619999885559082, 2.190000057220459, 3.9100000858306885, 4.420000076293945, 4.0, 4.230000019073486, 4.25, 3.9700000286102295, 3.8499999046325684, 3.75, 3.119999885559082, 3.450000047683716, 3.1700000762939453, 3.450000047683716, 2.6600000858306885, 2.6600000858306885, 2.75, 3.440000057220459, 3.380000114440918, 3.369999885559082, 3.880000114440918]
assets:[0, 100.00012328853606, 197.93123801810742, 291.658675, 378.93173148870466, 494.7807077221155, 603.8095597442626, 677.839327368927, 744.8359388136864, 856.5656506702423, 1013.00595, 1072.4857866167545, 1176.5481023412704, 1347.584928558922, 1346.875610596895, 1441.6952212232827, 1447.0666336208344, 1439.4336381283522, 1533.0074921120167, 1605.5096279488564, 1690.847350447655, 1627.2169236701013, 1992.884818992591, 2276.4399297188043, 2248.447243753767, 2243.200969550371, 2323.172309939861, 2517.3547776432033, 2551.9689, 2538.548112602234, 2697.5839584685564, 3312.576943307495, 2868.909929959059, 5222.117523633742, 6003.263109622765, 5532.8172, 5950.954376833439, 6079.0912, 5778.586342644, 5703.918463709592, 5655.764999999999, 4805.59635973177, 5413.880834827232, 5074.493327130317, 5622.713477713584, 4435.193703111172, 4535.193746337891, 4788.6399, 6090.153397302723, 6083.929901991272, 6165.929726612854, 7199.053092336654]
shares:[0, 34.4828, 69.6941, 106.0577, 144.0805, 180.5769, 216.4192, 253.8724, 293.2425, 332.0022, 368.3658, 406.2446, 443.9804, 479.5676, 518.0291, 556.6391, 597.9614, 642.6043, 687.4473, 733.1094, 779.1923, 830.2127, 874.0723, 914.2329, 956.7861, 1001.429, 1046.474, 1089.764, 1134.2084, 1180.72, 1226.1745, 1264.3424, 1310.0045, 1335.5799, 1358.2043, 1383.2043, 1406.845, 1430.3744, 1455.5633, 1481.5373, 1508.204, 1540.2553, 1569.2408, 1600.7865, 1629.772, 1667.366, 1704.96, 1741.3236, 1770.3934, 1799.9792, 1829.6528, 1855.426]
growth_rate:41.16
