ticker:GAMCU
price:[9.949999809265137, 9.920000076293945, 9.970000267028809, 10.0, 9.979999542236328, 9.9399995803833, 9.930000305175781, 9.970000267028809, 9.949999809265137, 9.970000267028809, 9.899999618530273, 9.90999984741211, 9.930000305175781, 9.9399995803833, 9.9350004196167, 9.9399995803833, 9.9399995803833, 9.949999809265137, 9.970000267028809, 9.9399995803833, 9.920000076293945, 9.899999618530273, 9.880000114440918, 9.899999618530273, 9.899999618530273, 9.899999618530273]
assets:[0, 99.99955276908875, 200.50368437013628, 301.107, 400.5043676296234, 498.8995129389763, 598.3977063903809, 700.808267769909, 799.4028846759796, 901.0098611319543, 994.683651672554, 1095.6882321292878, 1197.8996288146973, 1299.1062571582793, 1398.4526460653306, 1499.1567007131578, 1599.1570724916457, 1700.7664023974419, 1804.1852063219071, 1898.756611844063, 1994.9358233428954, 2090.9135794322965, 2186.690037328625, 2291.116321718025, 2391.1162178647996, 2491.1161140115737]
shares:[0, 10.0806, 20.1107, 30.1107, 40.1307, 50.1911, 60.2616, 70.2917, 80.342, 90.3721, 100.4731, 110.5639, 120.6344, 130.6948, 140.7602, 150.8206, 160.881, 170.9313, 180.9614, 191.0218, 201.1024, 211.2034, 221.3249, 231.4259, 241.5269, 251.6279]
growth_rate:-0.36
