ticker:GAME
price:[8.446999549865723, 7.72599983215332, 8.609999656677246, 7.665999889373779, 7.300000190734863, 7.829999923706055, 8.149999618530273, 8.949999809265137, 7.421000003814697, 7.25, 6.650000095367432, 5.699999809265137, 6.894000053405762, 6.860000133514404, 6.8520002365112305, 7.295000076293945, 7.840000152587891, 8.218000411987305, 7.78000020980835, 7.985000133514404, 8.380000114440918, 7.252999782562256, 8.25, 8.270000457763672, 10.649999618530273, 10.65999984741211, 9.699999809265137, 9.90999984741211, 10.383999824523926, 10.479999542236328, 11.350000381469727, 10.024999618530273, 9.5, 9.229999542236328, 10.178999900817871, 8.670000076293945, 8.210000038146973, 8.0, 9.121999740600586, 8.920000076293945, 12.34000015258789, 9.0, 13.149999618530273, 12.109999656677246, 10.739999771118164, 7.190000057220459, 6.650000095367432, 6.139999866485596, 6.650000095367432, 6.360000133514404, 5.989999771118164, 6.659999847412109]
assets:[0, 99.99993362751007, 211.4417885687828, 288.25922764019964, 374.49657978487016, 501.68610411167145, 622.1889008777619, 783.2628133077621, 749.451985085249, 832.18255, 863.3123223807336, 839.9821818922996, 1115.9366144448281, 1210.4333035583497, 1309.0218847836495, 1493.6534541212084, 1705.2423691886902, 1887.4593830226897, 1886.8624448842525, 2036.5806720529556, 2237.325950553894, 2036.4349031497004, 2416.36395, 2522.221954610825, 3348.0851100757595, 3451.2293165988926, 3240.424616282272, 3410.5779794860837, 3673.707531519127, 3807.670985681915, 4223.766441959381, 3830.68368173542, 3730.0743, 3724.0611433044432, 4206.957247308254, 3683.2908714120867, 3587.868536670685, 3596.096, 4200.448269553184, 4207.4329119867325, 5920.596333209991, 4418.1009, 6555.336614835549, 6136.891279016972, 5542.6271238801955, 3810.5670153257847, 3624.3770669770715, 3446.416923057604, 3832.68299996438, 3765.543655049419, 3646.478849665642, 4154.348730819321]
shares:[0, 12.9433, 24.5577, 37.6023, 51.3009, 64.0723, 76.3422, 87.5154, 100.9907, 114.7838, 129.8214, 147.3653, 161.8707, 176.448, 191.0423, 204.7503, 217.5054, 229.6738, 242.5273, 255.0508, 266.984, 280.7714, 292.8926, 304.9845, 314.3742, 323.7551, 334.0644, 344.1552, 353.7854, 363.3274, 372.138, 382.1131, 392.6394, 403.4736, 413.2977, 424.8317, 437.012, 449.512, 460.4745, 471.6853, 479.789, 490.9001, 498.5047, 506.7623, 516.0733, 529.9815, 545.0191, 561.3057, 576.3433, 592.0666, 608.7611, 623.7761]
growth_rate:-18.54
