ticker:GAN
price:[18.8700008392334, 18.950000762939453, 17.299999237060547, 15.6899995803833, 16.219999313354492, 18.239999771118164, 16.420000076293945, 15.890000343322754, 14.210000038146973, 17.020000457763672, 17.940000534057617, 17.940000534057617, 16.5, 15.800000190734863, 15.180000305175781, 17.31999969482422, 18.530000686645508, 20.280000686645508, 21.709999084472656, 22.770000457763672, 23.100000381469727, 23.610000610351562, 28.1200008392334, 30.450000762939453, 29.420000076293945, 25.540000915527344, 25.139999389648438, 27.90999984741211, 27.75, 19.979999542236328, 19.3700008392334, 19.649999618530273, 18.350000381469727, 19.0, 18.440000534057617, 16.8799991607666, 16.040000915527344, 15.5, 17.299999237060547, 16.84000015258789, 17.399999618530273, 17.690000534057617, 17.079999923706055, 16.450000762939453, 17.020000457763672, 15.09000015258789, 15.609999656677246, 15.300000190734863, 16.209999084472656, 15.970000267028809, 15.25, 17.559999465942383]
assets:[0, 99.99915402603149, 191.29128156394958, 273.48924468574523, 382.7271037979126, 530.3918333444595, 577.4684146831512, 658.8296052348137, 689.1736338500976, 925.4557168907165, 1075.47971001606, 1175.4790669929505, 1181.1261, 1231.01751486063, 1282.711543787384, 1563.5421884506225, 1772.774430691719, 2040.1984890775682, 2284.0590706794737, 2495.578388170624, 2631.7460834602357, 2789.849751121521, 3422.7693141515733, 3806.377985370636, 3777.6221537963866, 3379.4171651412967, 3426.4888988113403, 3904.028450656128, 3981.6477, 2966.786176027679, 2976.208376948547, 3119.231114445686, 3012.870047633171, 3219.5937000000004, 3224.700625393486, 3051.895408267021, 3000.0239272346494, 2999.02525, 3447.2981879722597, 3455.6353913116454, 3670.5490595285414, 3831.7248756790163, 3799.5962870277403, 3759.4469843605043, 3989.712771305847, 3637.2951457798004, 3862.636658046055, 3885.92770844326, 4217.050713824463, 4254.614084139919, 4162.797075, 4893.35900717678]
shares:[0, 5.277, 11.0573, 17.4308, 23.596, 29.0785, 35.1686, 41.4619, 48.4992, 54.3746, 59.9487, 65.5228, 71.5834, 77.9125, 84.5001, 90.2738, 95.6705, 100.6015, 105.2077, 109.5994, 113.9284, 118.1639, 121.7201, 125.0042, 128.4032, 132.3186, 136.2963, 139.8792, 143.4828, 148.4878, 153.6504, 158.7395, 164.1891, 169.4523, 174.8753, 180.7995, 187.0339, 193.4855, 199.2658, 205.204, 210.9511, 216.604, 222.4588, 228.5378, 234.4132, 241.0401, 247.4463, 253.9822, 260.1512, 266.4129, 272.9703, 278.6651]
growth_rate:-4.05
