ticker:GANX
price:[12.199999809265137, 13.520000457763672, 15.399999618530273, 13.979999542236328, 14.5, 12.100000381469727, 12.079999923706055, 10.5, 9.609999656677246, 10.569999694824219, 10.59000015258789, 10.640000343322754, 10.15999984741211, 9.079999923706055, 10.380000114440918, 10.010000228881836, 9.899999618530273, 9.460000038146973, 9.0, 8.0, 8.0, 8.0, 7.96999979019165, 7.78000020980835, 7.849999904632568, 7.849999904632568]
assets:[0, 99.99933138580322, 213.90445470142365, 294.181130367279, 405.1242, 438.06962381076806, 537.3449726062775, 567.063, 618.9973758859634, 780.8323024559021, 882.3100987129211, 986.4759278307914, 1041.9730083511351, 1031.211959335327, 1278.8523440995216, 1333.2669654855729, 1418.6154953374862, 1455.5657438694952, 1484.7876, 1419.8112, 1519.8112, 1619.8112, 1713.7372498862744, 1772.8831078104974, 1888.8347920530796, 1988.8351558382035]
shares:[0, 7.3964, 13.8899, 21.043, 27.9396, 36.2041, 44.4822, 54.006, 64.4118, 73.8725, 83.3154, 92.7139, 102.5564, 113.5696, 123.2035, 133.1935, 143.2945, 153.8653, 164.9764, 177.4764, 189.9764, 202.4764, 215.0235, 227.877, 240.6159, 253.3548]
growth_rate:-20.45
