ticker:GASS
price:[2.609999895095825, 2.390000104904175, 2.6600000858306885, 2.700000047683716, 2.9000000953674316, 2.8299999237060547, 2.640000104904175, 2.450000047683716, 2.1700000762939453, 2.0899999141693115, 2.4000000953674316, 2.4600000381469727, 2.2899999618530273, 2.299999952316284, 2.359999895095825, 2.059999942779541, 2.390000104904175, 2.3499999046325684, 2.7799999713897705, 2.690000057220459, 2.7699999809265137, 2.6500000953674316, 2.7300000190734863, 3.2300000190734863, 3.0999999046325684, 2.6500000953674316, 2.700000047683716, 2.9700000286102295, 2.9800000190734863, 3.0, 2.9200000762939453, 2.859999895095825, 2.700000047683716, 2.740000009536743, 2.799999952316284, 3.180000066757202, 3.049999952316284, 3.2200000286102295, 3.0299999713897705, 2.930000066757202, 3.069999933242798, 2.7799999713897705, 2.799999952316284, 2.7699999809265137, 2.8499999046325684, 2.609999895095825, 2.5899999141693115, 2.559999942779541, 2.569999933242798, 2.609999895095825, 2.380000114440918, 2.8399999141693115]
assets:[0, 99.99999438929558, 211.29710681796075, 314.47440555381775, 437.7689343961716, 527.2021007871627, 591.8069755162954, 649.214732635498, 675.018668732643, 750.1331551940441, 961.3970782024861, 1085.4319668316841, 1110.42235550251, 1215.2714448049308, 1346.9741881257535, 1275.7486945636272, 1580.1163043559789, 1653.6707278909207, 2056.257280838132, 2089.6878084508894, 2251.834643494463, 2254.2822061264515, 2422.335841923952, 2965.9872465144635, 2946.6131493513108, 2618.8790242474556, 2768.29168888979, 3145.1207342971798, 3255.710216838169, 3377.5604999999996, 3387.492380508614, 3417.886060632682, 3326.6757287512064, 3475.9599020982982, 3652.075777805519, 4247.714663171553, 4174.065844742632, 4506.718802042938, 4340.794321012831, 4297.533940915132, 4602.876687910366, 4268.077244075299, 4398.782845089173, 4451.6531193470955, 4680.220538389254, 4386.09673270886, 4452.486723447872, 4500.91356339674, 4618.495223031974, 4790.378408459496, 4468.238156852627, 5431.84688383832]
shares:[0, 41.841, 79.435, 116.472, 150.9548, 186.2905, 224.1693, 264.9856, 311.0685, 358.9154, 400.5821, 441.2325, 484.9006, 528.3789, 570.7518, 619.2955, 661.1365, 703.6897, 739.6609, 776.8356, 812.9367, 850.6725, 887.3025, 918.2623, 950.5204, 988.2562, 1025.2932, 1058.9632, 1092.5202, 1125.8535, 1160.1001, 1195.0651, 1232.1021, 1268.5985, 1304.3128, 1335.7593, 1368.5462, 1399.6021, 1432.6054, 1466.7351, 1499.3084, 1535.2796, 1570.9939, 1607.095, 1642.1827, 1680.4969, 1719.1069, 1758.1694, 1797.0799, 1835.3941, 1877.4109, 1912.6222]
growth_rate:6.51
