ticker:GBCI
price:[36.16999816894531, 34.04999923706055, 33.09000015258789, 31.329999923706055, 33.59000015258789, 35.5, 35.029998779296875, 37.130001068115234, 35.79999923706055, 37.470001220703125, 42.189998626708984, 41.900001525878906, 42.31999969482422, 42.93000030517578, 44.09000015258789, 45.869998931884766, 45.880001068115234, 46.0099983215332, 48.25, 50.119998931884766, 51.20000076293945, 46.650001525878906, 49.61000061035156, 51.38999938964844, 52.34000015258789, 54.20000076293945, 59.869998931884766, 66.5, 60.25, 60.150001525878906, 58.59000015258789, 58.52000045776367, 60.16999816894531, 61.400001525878906, 58.95000076293945, 61.119998931884766, 61.790000915527344, 59.220001220703125, 58.25, 57.95000076293945, 57.4900016784668, 53.099998474121094, 56.790000915527344, 55.2400016784668, 54.06999969482422, 52.279998779296875, 51.279998779296875, 51.560001373291016, 54.220001220703125, 53.310001373291016, 53.5, 54.27000045776367]
assets:[0, 100.00144275932313, 197.18331090927123, 286.69456330184937, 407.37616285057067, 530.5404, 623.5164632720947, 760.893972888565, 833.6387822341919, 972.5263876831054, 1195.031711101532, 1286.8160868621826, 1399.7128299064636, 1519.8894378044129, 1660.958485748291, 1828.0157844333648, 1928.414440894699, 2033.8765768032074, 2232.8942, 2419.4326844390866, 2571.566118319321, 2443.0372549095155, 2698.0498051940917, 2894.855194618225, 3048.3705868869783, 3256.699185842514, 3697.391524036407, 4206.8432, 3911.4661499999997, 4004.973566597748, 4001.105251420212, 4096.323956042862, 4311.82418778534, 4499.96927183075, 4420.412967209625, 4683.130446158981, 4834.468208631134, 4733.389555569458, 4755.8562, 4831.361103607178, 4893.008536855316, 4619.370647257995, 5040.379494257355, 5002.810752010345, 4996.851986797333, 4931.4311288543695, 4937.104954473877, 5064.063498880386, 5425.31838614502, 5434.261609989167, 5553.6317, 5733.560424362182]
shares:[0, 2.9369, 5.959, 9.1508, 12.1279, 14.9448, 17.7995, 20.4927, 23.286, 25.9548, 28.325, 30.7116, 33.0745, 35.4039, 37.672, 39.8521, 42.0317, 44.2051, 46.2776, 48.2728, 50.2259, 52.3695, 54.3852, 56.3311, 58.2417, 60.0867, 61.757, 63.2608, 64.9206, 66.5831, 68.2899, 69.9987, 71.6607, 73.2894, 74.9858, 76.6219, 78.2403, 79.9289, 81.6456, 83.3712, 85.1106, 86.9938, 88.7547, 90.565, 92.4145, 94.3273, 96.2774, 98.2169, 100.0612, 101.937, 103.8062, 105.6488]
growth_rate:12.42
