ticker:GBDC
price:[12.899999618530273, 13.140000343322754, 13.4399995803833, 12.9399995803833, 13.829999923706055, 13.800000190734863, 13.460000038146973, 13.539999961853027, 12.710000038146973, 13.5, 13.760000228881836, 13.710000038146973, 13.960000038146973, 14.130000114440918, 13.75, 13.989999771118164, 13.800000190734863, 14.140000343322754, 14.3100004196167, 14.510000228881836, 14.770000457763672, 14.210000038146973, 14.949999809265137, 14.859999656677246, 14.75, 14.859999656677246, 14.779999732971191, 14.84000015258789, 14.789999961853027, 15.079999923706055, 15.079999923706055, 15.380000114440918, 15.380000114440918, 15.460000038146973, 15.65999984741211, 15.460000038146973, 15.149999618530273, 15.579999923706055, 15.819999694824219, 16.059999465942383, 15.59000015258789, 15.1899995803833, 15.600000381469727, 15.680000305175781, 15.880000114440918, 15.800000190734863, 15.920000076293945, 15.779999732971191, 15.949999809265137, 15.979999542236328, 15.609999656677246, 15.819999694824219]
assets:[0, 99.99934461278914, 202.282745684433, 294.75766244163515, 415.03138271045685, 514.1314271059989, 601.4641397046089, 705.0386300136566, 761.8196082864762, 909.171, 1026.680401077652, 1122.9490861245156, 1243.4255793977736, 1358.567012003231, 1422.0305, 1546.8518906929016, 1625.8442624713898, 1765.9008088765145, 1887.1313053369522, 2013.5062997612, 2149.5859876216887, 2168.085071820259, 2380.9907896228788, 2466.657409010792, 2548.3988, 2667.404116372776, 2753.0439462610248, 2864.219457450485, 2954.5687123794555, 3112.5014282529833, 3212.501431747055, 3376.4114131235124, 3476.412173867607, 3594.494842869282, 3740.9954395484924, 3793.2176833596227, 3817.1575438858035, 4025.499618287468, 4187.509623220825, 4351.037689311028, 4323.704139318466, 4312.768984861756, 4529.17775075283, 4652.405050548553, 4811.746430676365, 4887.505699001122, 5024.625848079681, 5080.4387680289265, 5235.17114239626, 5345.017412886428, 5321.260001965427, 5492.846274040222]
shares:[0, 7.6103, 15.0508, 22.7788, 30.0095, 37.2559, 44.6853, 52.0708, 59.9386, 67.346, 74.6134, 81.9073, 89.0706, 96.1477, 103.4204, 110.5684, 117.8148, 124.8869, 131.875, 138.7668, 145.5373, 152.5746, 159.2636, 165.9931, 172.7728, 179.5023, 186.2682, 193.0067, 199.768, 206.3993, 213.0306, 219.5326, 226.0346, 232.5029, 238.8886, 245.3569, 251.9576, 258.3761, 264.6972, 270.9239, 277.3383, 283.9216, 290.3319, 296.7095, 303.0067, 309.3358, 315.6172, 321.9543, 328.2239, 334.4817, 340.8879, 347.209]
growth_rate:7.7
