ticker:GBIO
price:[29.899999618530273, 28.219999313354492, 29.709999084472656, 30.110000610351562, 27.959999084472656, 28.149999618530273, 25.989999771118164, 23.059999465942383, 25.84000015258789, 26.489999771118164, 32.040000915527344, 34.130001068115234, 43.2599983215332, 47.08000183105469, 35.540000915527344, 31.510000228881836, 34.22999954223633, 28.350000381469727, 27.93000030517578, 32.16999816894531, 30.25, 26.329999923706055, 32.869998931884766, 33.119998931884766, 35.9900016784668, 34.91999816894531, 32.75, 34.75, 34.099998474121094, 28.68000030517578, 29.3799991607666, 27.200000762939453, 28.299999237060547, 35.2400016784668, 36.459999084472656, 32.36000061035156, 31.739999771118164, 30.0, 34.2599983215332, 26.8799991607666, 27.0, 24.34000015258789, 26.989999771118164, 26.709999084472656, 25.989999771118164, 20.549999237060547, 20.760000228881836, 21.739999771118164, 24.100000381469727, 22.56999969482422, 24.079999923706055, 25.600000381469727]
assets:[0, 100.00038956680298, 205.28123867416383, 308.04638324432375, 386.0492993591309, 488.67273337783814, 551.1751231460571, 589.0377083581925, 760.0500124881744, 879.1686554037093, 1163.3660252426148, 1339.2544159126282, 1797.5134942573548, 2056.2379119720463, 1652.2226565620422, 1564.8716883668899, 1799.9537189289092, 1590.7582114048005, 1667.1919922164918, 2020.2855360092162, 1999.709525, 1840.5723146667478, 2397.7448030849455, 2515.980590859985, 2834.0002911693573, 2849.744226571655, 2772.6542999999997, 3041.976775, 3085.0780119514466, 2694.7240726737973, 2860.495478290558, 2748.247277086258, 2959.3903502178196, 3785.121532283783, 4016.1600491523745, 3664.533841117859, 3694.3233153596875, 3591.7980000000002, 4201.8346241436, 3396.709909949684, 3511.8738, 3265.8901064739225, 3721.462138441086, 3782.8543693367005, 3780.8822217035295, 3089.5012702991485, 3221.0738875127795, 3473.12801343441, 3950.1563525255206, 3799.3795806274416, 4153.568818840026, 4515.753027289963]
shares:[0, 3.5436, 6.9095, 10.2307, 13.8072, 17.3596, 21.2072, 25.5437, 29.4137, 33.1887, 36.3098, 39.2398, 41.5514, 43.6754, 46.4891, 49.6627, 52.5841, 56.1114, 59.6918, 62.8003, 66.1061, 69.904, 72.9463, 75.9656, 78.7441, 81.6078, 84.6612, 87.5389, 90.4715, 93.9583, 97.362, 101.0385, 104.5721, 107.4098, 110.1525, 113.2427, 116.3933, 119.7266, 122.6455, 126.3657, 130.0694, 134.1779, 137.883, 141.6269, 145.4745, 150.3407, 155.1577, 159.7575, 163.9069, 168.3376, 172.4904, 176.3966]
growth_rate:-11.46
