ticker:GBLI
price:[25.510000228881836, 23.940000534057617, 23.459999084472656, 21.049999237060547, 20.709999084472656, 22.309999465942383, 22.700000762939453, 23.979999542236328, 24.510000228881836, 26.100000381469727, 26.90999984741211, 27.25, 27.059999465942383, 27.09000015258789, 26.299999237060547, 26.5, 27.8700008392334, 28.59000015258789, 29.010000228881836, 28.5, 28.479999542236328, 27.25, 27.030000686645508, 27.959999084472656, 28.360000610351562, 29.209999084472656, 29.399999618530273, 28.969999313354492, 29.0, 30.079999923706055, 29.5, 28.700000762939453, 27.760000228881836, 27.93000030517578, 28.760000228881836, 29.510000228881836, 28.899999618530273, 30.200000762939453, 31.979999542236328, 31.670000076293945, 30.459999084472656, 27.639999389648438, 27.579999923706055, 27.469999313354492, 27.260000228881836, 27.469999313354492, 26.5, 25.709999084472656, 26.309999465942383, 27.270000457763672, 26.0, 26.700000762939453]
assets:[0, 99.99977623081207, 197.99535427322388, 277.65580493659974, 373.1714025032043, 502.00175998306275, 610.7775705280304, 745.2168537742615, 861.6882740467071, 1017.5868148727417, 1149.1673244838714, 1263.68605, 1354.8752312601089, 1456.3773712032319, 1513.9068560829164, 1625.4198999999999, 1809.4514434869766, 1956.1964264404296, 2084.934211449623, 2148.2815499999997, 2246.7729238872525, 2249.7382000000002, 2331.5754232292174, 2511.7949057533265, 2647.7293609832764, 2827.0868403907775, 2945.4771817819596, 3002.395685837364, 3105.5056, 3321.1598635763166, 3357.1206500000003, 3366.0795894813537, 3355.831475668907, 3476.3828989845274, 3679.692477284241, 3875.6516150598522, 3895.537878580284, 4170.771105365753, 4516.599295349121, 4572.818643016052, 4498.107260801697, 4181.669327659607, 4272.591542180824, 4355.549693127823, 4422.253537130356, 4556.319677109336, 4495.43085, 4461.415005130005, 4665.53115729599, 4935.766456853485, 4805.9024, 5035.291733880997]
shares:[0, 4.1771, 8.4397, 13.1903, 18.0189, 22.5012, 26.9065, 31.0766, 35.1566, 38.988, 42.7041, 46.3738, 50.0693, 53.7607, 57.563, 61.3366, 64.9247, 68.4224, 71.8695, 75.3783, 78.8895, 82.5592, 86.2588, 89.8353, 93.3614, 96.7849, 100.1863, 103.6381, 107.0864, 110.4109, 113.8007, 117.285, 120.8873, 124.4677, 127.9448, 131.3335, 134.7937, 138.105, 141.232, 144.3896, 147.6726, 151.2905, 154.9163, 158.5566, 162.225, 165.8653, 169.6389, 173.5284, 177.3292, 180.9962, 184.8424, 188.5877]
growth_rate:-1.27
