ticker:GBNH
price:[2.0, 2.4030001163482666, 2.368000030517578, 2.875, 3.299999952316284, 16.0310001373291, 15.899999618530273, 15.170000076293945, 14.619000434875488, 15.5, 12.819999694824219, 11.899999618530273, 13.614999771118164, 12.380000114440918, 11.850000381469727, 10.800000190734863, 10.829999923706055, 11.739999771118164, 10.699999809265137, 9.899999618530273, 9.970000267028809, 9.928999900817871, 11.420000076293945, 12.800000190734863, 12.831999778747559, 12.210000038146973, 13.0, 10.4399995803833]
assets:[0, 99.99988864178658, 198.54330495872497, 341.0523375, 491.468662898469, 2487.4950231090547, 2567.167828409004, 2549.304859821129, 2556.709676555157, 2810.7870500000004, 2424.7926902786257, 2350.783044642639, 2789.571857104492, 2636.53272237215, 2623.659999459648, 2491.1842039958956, 2598.103985697174, 2916.4120011419295, 2758.0587008357047, 2651.8485478181838, 2770.599266205597, 2859.2054493390083, 3388.561836638069, 3898.037818085289, 4007.7825612968445, 3913.515024226761, 4266.7235, 3526.5065782585143]
shares:[0, 41.6146, 83.8443, 118.6269, 148.9299, 155.1678, 161.4571, 168.0491, 174.8895, 181.3411, 189.1414, 197.5448, 204.8896, 212.9671, 221.4059, 230.6652, 239.8988, 248.4167, 257.7625, 267.8635, 277.8936, 287.9651, 296.7217, 304.5342, 312.3272, 320.5172, 328.2095, 337.788]
growth_rate:30.61
