ticker:GBNY
price:[9.84000015258789, 9.8100004196167, 9.829999923706055, 9.739999771118164, 9.479999542236328, 9.479999542236328, 9.800000190734863, 9.755000114440918, 10.079999923706055, 9.710000038146973, 9.899999618530273, 9.920000076293945, 9.800000190734863, 9.925000190734863, 9.930000305175781, 9.890000343322754, 9.920000076293945, 9.930000305175781, 9.920000076293945, 9.944000244140625, 9.989999771118164, 9.989999771118164, 10.0, 10.100000381469727, 10.220000267028809, 10.329999923706055, 10.329999923706055, 10.399999618530273, 10.399999618530273, 10.5, 10.40999984741211, 10.274999618530273, 10.770000457763672, 10.800999641418457, 10.800999641418457]
assets:[0, 100.00020127744675, 200.20367644615172, 298.3702829885483, 390.40534114837646, 490.4051163196564, 606.9590918130875, 704.1724872610092, 827.6325057357788, 897.2535245249749, 1014.8103508970261, 1116.8600725896836, 1203.3498634204866, 1318.6990453422545, 1419.3634606208802, 1513.6457615448953, 1618.236716445732, 1719.8681088562012, 1818.135629983139, 1922.534225601196, 2031.4274924577715, 2131.4273901666643, 2233.561, 2355.8967989805224, 2483.8872608991624, 2610.6213397188185, 2710.620903980255, 2828.9891762332913, 2928.9893325653074, 3057.1527, 3130.9479891071323, 3190.345254055214, 3444.041516384125, 3553.9544414125444, 3653.954416492653]
shares:[0, 10.1937, 20.3666, 30.6335, 41.182, 51.7305, 61.9346, 72.1858, 82.1064, 92.4051, 102.5061, 112.5867, 122.7908, 132.8664, 142.9369, 153.0481, 163.1287, 173.1992, 183.2798, 193.3361, 203.3461, 213.3561, 223.3561, 233.2571, 243.0418, 252.7223, 262.4028, 272.0182, 281.6336, 291.1574, 300.7635, 310.4959, 319.781, 329.0394, 338.2978]
growth_rate:7.47
