ticker:GBOX
price:[1.2000000476837158, 1.0800000429153442, 0.9599999785423279, 1.1399999856948853, 1.1399999856948853, 1.440000057220459, 2.3399999141693115, 2.0399999618530273, 2.3399999141693115, 3.0, 3.180000066757202, 3.8399999141693115, 6.420000076293945, 6.300000190734863, 4.679999828338623, 4.739999771118164, 5.159999847412109, 6.539999961853027, 6.480000019073486, 7.079999923706055, 6.0, 5.460000038146973, 8.699999809265137, 13.979999542236328, 14.260000228881836, 11.90999984741211, 11.350000381469727, 13.300000190734863, 11.8100004196167, 13.5, 13.930000305175781, 16.350000381469727, 9.75, 9.920000076293945, 10.850000381469727, 9.800000190734863, 8.270000457763672, 9.869999885559082, 10.75, 12.850000381469727, 14.149999618530273, 15.510000228881836, 12.510000228881836, 11.460000038146973, 11.239999771118164, 10.460000038146973, 9.479999542236328, 8.829999923706055, 10.380000114440918, 7.519999980926514, 7.619999885559082, 9.130000114440918]
assets:[0, 100.00001197364331, 188.88892377800346, 324.30559993050093, 424.3056006756663, 635.964937270975, 1133.4428404255627, 1088.129655652523, 1348.1485965502022, 1828.3955999999998, 2038.099248785472, 2561.1009987549305, 4381.840726072884, 4399.937143209743, 3368.5244124432566, 3511.7103584289553, 3922.8744039955136, 5072.015220415592, 5125.483023086548, 5700.06475057621, 4930.5635999999995, 4586.812808046341, 7408.657967575931, 12004.947146907805, 12345.389854151153, 10410.910795618058, 10021.397711815835, 11843.135459842015, 10616.348324205495, 12235.53735, 12725.262835782623, 15035.968835811424, 9066.403125, 9324.483623713875, 10298.654357085228, 9402.010422988891, 8034.145833708572, 9688.514275663376, 10652.333025, 12833.254260972595, 14231.558801331521, 15699.399045676804, 12762.764783506394, 11791.549299250602, 11665.184234460068, 10955.678519954681, 10029.237535715103, 9441.578963421822, 11198.93437546978, 8213.293595168065, 8422.513127506543, 10191.541575746918]
shares:[0, 92.5926, 196.7593, 284.4786, 372.1979, 441.6423, 484.3773, 533.3969, 576.1319, 609.4652, 640.9117, 666.9534, 682.5297, 698.4027, 719.7702, 740.8672, 760.247, 775.5375, 790.9696, 805.0939, 821.7606, 840.0756, 851.5699, 858.723, 865.7356, 874.1319, 882.9425, 890.4613, 898.9287, 906.3361, 913.5149, 919.6311, 929.8875, 939.9681, 949.1847, 959.3888, 971.4807, 981.6124, 990.9147, 998.6968, 1005.7639, 1012.2114, 1020.205, 1028.931, 1037.8278, 1047.388, 1057.9365, 1069.2615, 1078.8954, 1092.1933, 1105.3167, 1116.2696]
growth_rate:99.83
