ticker:GBRGU
price:[10.032999992370605, 10.039999961853027, 10.0600004196167, 10.029999732971191, 9.979999542236328, 10.029999732971191, 10.321000099182129, 10.399999618530273, 10.460000038146973, 10.458999633789062, 10.369999885559082, 10.399999618530273, 10.579999923706055, 10.369999885559082, 10.399999618530273, 10.432000160217285, 10.435999870300293, 10.699999809265137, 10.449999809265137, 10.5, 10.470000267028809, 10.470000267028809, 10.470000267028809, 10.4399995803833, 10.390000343322754, 10.425000190734863]
assets:[0, 100.00040762004852, 200.2000443506241, 299.60311302366256, 398.10916773948674, 500.10381068572997, 614.6134917062759, 719.3180536155701, 823.4676870031357, 923.3884711685181, 1015.5309777928352, 1118.4689989748001, 1237.827193073845, 1313.2578225071907, 1417.0571480226517, 1521.4175081663132, 1622.0006694416045, 1763.032548572731, 1821.8404267475128, 1930.5573, 2025.0414906470298, 2125.0415101974486, 2225.0415297478676, 2318.6654428054812, 2407.560489554405, 2515.6703485264775]
shares:[0, 9.9602, 19.9006, 29.8707, 39.8907, 49.8608, 59.5498, 69.1652, 78.7254, 88.2865, 97.9297, 107.5451, 116.9969, 126.6401, 136.2555, 145.8414, 155.4236, 164.7694, 174.3388, 183.8626, 193.4137, 202.9648, 212.5159, 222.0944, 231.719, 241.3113]
growth_rate:0.63
