ticker:GBRG
price:[9.800000190734863, 9.789999961853027, 9.850000381469727, 9.84000015258789, 9.770000457763672, 9.800000190734863, 9.84000015258789, 9.84000015258789, 9.84000015258789, 9.789999961853027, 9.800000190734863, 9.819999694824219, 9.800000190734863, 9.789999961853027, 9.779999732971191, 9.779999732971191, 9.779999732971191, 9.8100004196167, 9.800000190734863, 9.850000381469727, 9.829999923706055]
assets:[0, 99.99995461034774, 200.61298776931764, 300.4093006584167, 398.27211466064455, 499.49522972154614, 601.5339693279267, 701.5339548786163, 801.533940429306, 897.4610445030212, 998.3779594311713, 1100.4154178024291, 1198.1744833197592, 1296.951782946396, 1395.6264998944282, 1495.6260191640854, 1595.6255384337426, 1700.5204087387085, 1798.787095009327, 1907.9647738914489, 2004.0902514455795]
shares:[0, 10.2145, 20.3668, 30.5294, 40.7648, 50.9689, 61.1315, 71.2941, 81.4567, 91.6712, 101.8753, 112.0586, 122.2627, 132.4772, 142.7021, 152.927, 163.1519, 173.3456, 183.5497, 193.702, 203.8749]
growth_rate:0.2
