ticker:GBS
price:[10.550000190734863, 7.400000095367432, 7.440000057220459, 8.25, 7.900000095367432, 7.550000190734863, 8.069999694824219, 7.920000076293945, 7.269999980926514, 5.980000019073486, 6.079999923706055, 7.0, 6.559999942779541, 5.590000152587891, 5.699999809265137, 5.400000095367432, 4.650000095367432, 4.190000057220459, 3.950000047683716, 4.070000171661377, 3.0999999046325684, 3.130000114440918, 3.009999990463257, 2.880000114440918, 4.309999942779541, 4.449999809265137, 3.890000104904175, 3.4100000858306885, 3.819999933242798, 3.440000057220459, 3.5399999618530273, 3.240000009536743, 3.0399999618530273, 2.869999885559082, 2.9000000953674316, 3.2799999713897705, 3.390000104904175]
assets:[0, 99.9999012887478, 200.54073754234312, 322.3737, 408.69702493371966, 490.58995239372257, 624.3791043884278, 712.7738708662033, 754.2763110210896, 720.4363162978649, 832.4839255537032, 1058.4518, 1091.9205184755801, 1030.4628641281126, 1150.7404714936256, 1190.175141019249, 1124.8731530701637, 1113.5951702077389, 1149.8094638803007, 1284.740324186802, 1078.549176819849, 1188.9868834724425, 1243.402702060461, 1289.7009152481078, 2030.0733300483228, 2196.015275874901, 2019.6627694655656, 1870.4498370797635, 2195.342501634836, 2076.9578265478135, 2237.334491890526, 2147.7299103217124, 2115.153845458317, 2096.8721413874623, 2218.7909429656506, 2609.528945238042, 2797.043660555029]
shares:[0, 13.5135, 26.9544, 39.0756, 51.7338, 64.9788, 77.3704, 89.9967, 103.7519, 120.4743, 136.9217, 151.2074, 166.4513, 184.3404, 201.8843, 220.4028, 241.9082, 265.7745, 291.091, 315.661, 347.9191, 379.868, 413.0906, 447.8128, 471.0147, 493.4866, 519.1935, 548.519, 574.697, 603.7668, 632.0154, 662.8796, 695.7743, 730.6175, 765.1003, 795.5881, 825.0866]
growth_rate:-22.3
