ticker:GBT
price:[59.0, 52.7599983215332, 55.33000183105469, 54.18000030517578, 57.0, 62.36000061035156, 62.900001525878906, 56.36000061035156, 52.880001068115234, 38.209999084472656, 43.11000061035156, 43.5, 44.900001525878906, 43.849998474121094, 40.56999969482422, 44.630001068115234, 45.66999816894531, 43.310001373291016, 48.810001373291016, 49.91999816894531, 47.650001525878906, 50.119998931884766, 50.810001373291016, 48.5, 48.33000183105469, 42.599998474121094, 40.959999084472656, 44.02000045776367, 42.970001220703125, 40.040000915527344, 42.619998931884766, 40.77000045776367, 40.810001373291016, 42.11000061035156, 40.779998779296875, 38.619998931884766, 36.18000030517578, 37.79999923706055, 38.43000030517578, 39.0, 40.63999938964844, 36.63999938964844, 36.439998626708984, 34.38999938964844, 34.900001525878906, 31.8700008392334, 28.690000534057617, 27.329999923706055, 33.59000015258789, 27.700000762939453, 27.549999237060547, 28.43000030517578]
assets:[0, 100.00130081863404, 204.8703977798462, 300.6123136932373, 416.25960000000003, 555.4031094360352, 660.2109960159302, 691.5653874893188, 748.8654231262207, 641.1141116386414, 823.3277246566772, 930.7782000000001, 1060.7355960479738, 1135.9298254722596, 1150.9627773422242, 1366.1421846954345, 1497.975939941406, 1520.566507214737, 1813.6673880283354, 1954.9120562942503, 1966.0152379570009, 2167.9255177989958, 2297.770530104065, 2293.30795, 2385.269244369507, 2202.4710411102296, 2217.6808464309693, 2483.357511824417, 2524.1223267059327, 2452.009616065979, 2710.0054180835723, 2692.373367229843, 2795.015779054642, 2984.0493952514653, 2989.801922503662, 2931.439432925034, 2846.233590007782, 3073.676697962189, 3224.9034346092226, 3372.7356, 3614.5621857147216, 3358.799736048889, 3440.4642503414157, 3346.913837599182, 3496.5473928741458, 3292.9773977140426, 3064.401909043121, 3019.139625571823, 3810.6813883106233, 3242.4789893074035, 3324.9212479232788, 3531.1254439041136]
shares:[0, 1.8954, 3.7027, 5.5484, 7.3028, 8.9064, 10.4962, 12.2705, 14.1616, 16.7787, 19.0983, 21.3972, 23.6244, 25.9049, 28.3698, 30.6104, 32.8, 35.1089, 37.1577, 39.1609, 41.2595, 43.2547, 45.2228, 47.2847, 49.3538, 51.7012, 54.1426, 56.4143, 58.7415, 61.239, 63.5853, 66.0381, 68.4885, 70.8632, 73.3154, 75.9047, 78.6687, 81.3142, 83.9163, 86.4804, 88.941, 91.6703, 94.4145, 97.3223, 100.1876, 103.3253, 106.8108, 110.4698, 113.4469, 117.057, 120.6868, 124.2042]
growth_rate:-30.76
