ticker:GCAC
price:[9.550000190734863, 9.680000305175781, 9.789999961853027, 9.800000190734863, 9.729999542236328, 9.739999771118164, 9.760000228881836, 9.741000175476074, 9.720000267028809, 9.699999809265137, 9.729999542236328, 9.75, 9.760000228881836, 9.75, 9.699999809265137, 9.729999542236328, 9.720000267028809, 9.75, 9.729999542236328, 9.859999656677246, 9.880000114440918, 9.85099983215332, 9.850000381469727, 9.84000015258789, 9.84000015258789]
assets:[0, 100.00021115264893, 201.13652821626664, 301.34216586494443, 399.18977221946716, 499.59965225982666, 600.6255340852737, 699.4564140001297, 797.9488419213295, 896.3071423755646, 999.0792719966888, 1101.132825, 1202.2622041942595, 1301.03025, 1394.3584825821877, 1498.6709634925842, 1597.131151876545, 1702.0604250000001, 1798.5690093833923, 1922.599361055565, 2026.4996674731256, 2120.5518364688874, 2220.33685098896, 2318.0826359462735, 2418.082621496964]
shares:[0, 10.3306, 20.5451, 30.7492, 41.0267, 51.2936, 61.5395, 71.8054, 82.0935, 92.4028, 102.6803, 112.9367, 123.1826, 133.439, 143.7483, 154.0258, 164.3139, 174.5703, 184.8478, 194.9898, 205.1113, 215.2626, 225.4149, 235.5775, 245.7401]
growth_rate:0.75
