ticker:GCACU
price:[10.010000228881836, 10.170000076293945, 10.229999542236328, 10.199999809265137, 10.069999694824219, 10.0, 9.979999542236328, 10.0, 9.920000076293945, 9.949999809265137, 9.979999542236328, 10.0, 9.949999809265137, 9.949999809265137, 9.975000381469727, 10.0, 9.970000267028809, 9.979999542236328, 9.979999542236328, 10.0, 10.029999732971191, 9.930000305175781, 10.029999732971191, 10.010000228881836, 9.9399995803833, 9.989999771118164, 10.050000190734863, 10.244999885559082, 10.260000228881836, 10.149999618530273, 10.260000228881836, 10.270000457763672, 10.270000457763672]
assets:[0, 99.99957675018311, 200.58983102416994, 300.00137439012525, 396.17795599365235, 493.424, 592.4367248260498, 693.6239999999999, 788.0745660610198, 890.4583179305077, 993.1426884464264, 1095.133, 1189.657797195053, 1289.6582802781106, 1392.8990782680512, 1496.39, 1591.9009696362493, 1693.4971403224945, 1793.4967357357025, 1897.0910000000001, 2002.7823226799012, 2082.8145850105284, 2203.7895353284835, 2299.3951505764007, 2383.31568738842, 2495.3041408298495, 2610.290569539642, 2760.9383376591686, 2864.9809179124836, 2934.2644047208787, 3066.0646103982926, 3169.0530672538757, 3269.0530887111663]
shares:[0, 9.8328, 19.608, 29.4119, 39.3424, 49.3424, 59.3624, 69.3624, 79.443, 89.4933, 99.5133, 109.5133, 119.5636, 129.6139, 139.639, 149.639, 159.6691, 169.6891, 179.7091, 189.7091, 199.6792, 209.7497, 219.7198, 229.7098, 239.7702, 249.7802, 259.7304, 269.4913, 279.2379, 289.0901, 298.8367, 308.5738, 318.3109]
growth_rate:2.16
