ticker:GCBC
price:[23.010000228881836, 21.6200008392334, 22.049999237060547, 21.75, 21.56999969482422, 22.360000610351562, 22.360000610351562, 23.059999465942383, 22.549999237060547, 22.399999618530273, 24.399999618530273, 25.059999465942383, 25.209999084472656, 25.200000762939453, 27.440000534057617, 26.010000228881836, 25.979999542236328, 25.489999771118164, 25.489999771118164, 25.709999084472656, 25.889999389648438, 23.719999313354492, 24.700000762939453, 24.06999969482422, 24.459999084472656, 23.90999984741211, 25.420000076293945, 27.649999618530273, 26.010000228881836, 24.43000030517578, 25.229999542236328, 24.850000381469727, 25.100000381469727, 25.489999771118164, 25.40999984741211, 25.8799991607666, 25.860000610351562, 26.3700008392334, 28.65999984741211, 31.0, 28.549999237060547, 27.3700008392334, 28.5, 29.389999389648438, 28.040000915527344, 28.809999465942383, 31.0, 30.93000030517578, 30.799999237060547, 30.790000915527344, 30.0, 30.690000534057617]
assets:[0, 99.99898988170624, 201.9868130111694, 299.238675, 396.7628883865357, 511.294953956604, 611.2955846862793, 730.4324010835647, 814.2782174503327, 908.862064522171, 1090.0114229587555, 1219.494754011154, 1326.7946888160704, 1426.2696431808472, 1653.0487441728592, 1666.9028846683502, 1764.9798469013213, 1831.6909915527344, 1931.6908096548082, 2048.361905058289, 2162.7029760147093, 2081.4346837467197, 2267.4304300369263, 2309.595901717377, 2447.01744440918, 2491.99582409668, 2749.3738262517927, 3090.564882361412, 3007.255418463135, 2924.576411533356, 3120.34542338562, 3173.3475337137224, 3305.273470233536, 3456.6300459619524, 3545.7825267074586, 3711.367863648224, 3808.500557888794, 3983.610546779633, 4429.552008416748, 4891.211, 4604.646656950378, 4514.331302420806, 4800.711, 5050.627310112, 4918.631152597046, 5153.6998024646755, 5645.4596, 5732.711627562713, 5808.618056116104, 5906.732222634125, 5855.178, 6089.847495973588]
shares:[0, 4.6253, 9.1604, 13.7581, 18.3942, 22.8665, 27.3388, 31.6753, 36.1099, 40.5742, 44.6726, 48.663, 52.6297, 56.598, 60.2423, 64.087, 67.9361, 71.8592, 75.7823, 79.6718, 83.5343, 87.7502, 91.7988, 95.9533, 100.0416, 104.224, 108.1579, 111.7745, 115.6192, 119.7125, 123.676, 127.7001, 131.6842, 135.6073, 139.5428, 143.4068, 147.2738, 151.066, 154.5552, 157.781, 161.2836, 164.9372, 168.446, 171.8485, 175.4148, 178.8858, 182.1116, 185.3447, 188.5915, 191.8393, 195.1726, 198.431]
growth_rate:19.41
