ticker:GCMG
price:[10.319999694824219, 10.345000267028809, 10.59000015258789, 10.399999618530273, 10.369999885559082, 10.369999885559082, 10.350000381469727, 10.25, 10.350000381469727, 9.9399995803833, 10.350000381469727, 10.0, 9.5, 10.670000076293945, 13.930000305175781, 12.6899995803833, 13.600000381469727, 13.319999694824219, 13.25, 13.25, 13.390000343322754, 12.960000038146973, 13.380000114440918, 13.329999923706055, 13.09000015258789, 12.449999809265137, 12.520000457763672, 12.899999618530273, 12.770000457763672, 12.760000228881836, 12.399999618530273, 12.119999885559082, 12.020000457763672, 12.8100004196167, 13.1899995803833, 13.399999618530273, 12.199999809265137, 12.430000305175781, 11.949999809265137, 11.239999771118164, 10.199999809265137, 10.449999809265137, 10.010000228881836, 10.260000228881836, 10.319999694824219, 10.229999542236328, 10.399999618530273, 9.960000038146973, 9.949999809265137, 11.270000457763672, 10.960000038146973, 11.460000038146973]
assets:[0, 99.99994508123397, 202.36854891586304, 298.73790904235835, 397.8761556091309, 497.8761385055542, 596.9155720005035, 691.148275, 797.8908444078446, 866.2838854298592, 1002.0156219312669, 1068.131, 1114.7243, 1352.0117146673203, 1865.0919198600768, 1799.0675855107306, 2028.0782968860626, 2086.3235402000428, 2175.359825, 2275.360225, 2399.4023655212404, 2422.3484231300354, 2600.8499142454148, 2691.131033597374, 2742.678354970932, 2708.5821185043337, 2823.81098324585, 3009.5170210046767, 3079.1893463790893, 3176.7781449832914, 3187.150821951485, 3215.182661641217, 3288.6552972434993, 3604.7981680822368, 3811.7318137364387, 3972.419166913605, 3716.6799218934057, 3886.74922542572, 3836.657378762817, 3708.7053644790653, 3465.5509151959423, 3650.4911183707236, 3596.786275241661, 3786.616218472481, 3908.7597404129033, 3974.671952144623, 4140.722408119202, 4065.538551571083, 4161.457075227642, 4813.529895515442, 4781.12575264101, 5099.242762973881]
shares:[0, 9.6665, 19.1094, 28.7248, 38.368, 48.0112, 57.673, 67.4291, 77.0909, 87.1513, 96.8131, 106.8131, 117.3394, 126.7115, 133.8903, 141.7705, 149.1234, 156.6309, 164.1781, 171.7253, 179.1936, 186.9096, 194.3834, 201.8853, 209.5247, 217.5568, 225.544, 233.2959, 241.1268, 248.9638, 257.0283, 265.2791, 273.5986, 281.405, 288.9865, 296.4492, 304.6459, 312.691, 321.0592, 329.956, 339.7599, 349.3293, 359.3193, 369.0659, 378.7558, 388.531, 398.1464, 408.1866, 418.2369, 427.11, 436.2341, 444.9601]
growth_rate:-0.01
