ticker:GDEN
price:[13.229999542236328, 12.470000267028809, 13.140000343322754, 14.010000228881836, 14.170000076293945, 13.619999885559082, 13.609999656677246, 13.279999732971191, 12.859999656677246, 16.170000076293945, 15.520000457763672, 16.280000686645508, 16.799999237060547, 18.110000610351562, 18.06999969482422, 20.25, 20.15999984741211, 19.889999389648438, 20.299999237060547, 19.450000762939453, 19.950000762939453, 17.0, 19.690000534057617, 20.979999542236328, 21.829999923706055, 23.6299991607666, 23.260000228881836, 29.0, 27.920000076293945, 27.610000610351562, 26.440000534057617, 28.81999969482422, 29.260000228881836, 29.65999984741211, 34.470001220703125, 41.90999984741211, 41.209999084472656, 40.70000076293945, 42.63999938964844, 45.810001373291016, 46.130001068115234, 43.70000076293945, 44.790000915527344, 44.38999938964844, 45.959999084472656, 42.0, 45.36000061035156, 45.5099983215332, 51.5, 47.470001220703125, 45.38999938964844, 52.7400016784668]
assets:[0, 99.99942614135742, 205.371635365963, 318.9698782110214, 422.6131672754288, 506.2090877466202, 605.8368857172966, 691.1469621026993, 769.2877514623642, 1067.2927700357436, 1124.389889163971, 1279.4501379636765, 1420.3172954990387, 1631.0681499710083, 1727.464865825653, 2035.8702, 2126.8215199024203, 2198.338204541016, 2343.6531819179536, 2345.520327004623, 2505.8158558288574, 2235.2824, 2688.982643934059, 2965.1515893032074, 3185.285144867706, 3547.928586993218, 3592.374453349495, 4578.885399999999, 4508.362468319511, 4558.306182766724, 4465.142342190742, 4967.072189403533, 5142.904422229576, 5313.209324665832, 6274.860423214722, 7729.226575859069, 7700.129538932801, 7704.835744430542, 8172.09233102417, 8879.632007193373, 9041.660116354751, 8665.369291284944, 8981.505975585938, 9001.297540234375, 9419.658076359558, 8708.0448, 9504.689167892455, 9636.11865760765, 11004.417, 10243.295225408936, 9894.461569950867, 11596.671981067659]
shares:[0, 8.0192, 15.6295, 22.7673, 29.8245, 37.1666, 44.5141, 52.0442, 59.8202, 66.0045, 72.4478, 78.5903, 84.5427, 90.0645, 95.5985, 100.5368, 105.4971, 110.5248, 115.4509, 120.5923, 125.6048, 131.4872, 136.5659, 141.3323, 145.9132, 150.1451, 154.4443, 157.8926, 161.4743, 165.0962, 168.8783, 172.3481, 175.7657, 179.1372, 182.0383, 184.4244, 186.851, 189.308, 191.6532, 193.8361, 196.0039, 198.2922, 200.5248, 202.7776, 204.9534, 207.3344, 209.539, 211.7363, 213.678, 215.7846, 217.9877, 219.8838]
growth_rate:127.39
