ticker:GDRX
price:[52.040000915527344, 48.75, 53.63999938964844, 53.02000045776367, 52.5, 48.38999938964844, 50.2400016784668, 47.349998474121094, 38.79999923706055, 38.20000076293945, 39.0, 42.650001525878906, 44.61000061035156, 46.31999969482422, 40.34000015258789, 41.77000045776367, 42.900001525878906, 44.47999954223633, 46.619998931884766, 56.630001068115234, 55.86000061035156, 52.27000045776367, 44.52000045776367, 41.310001373291016, 39.04999923706055, 37.310001373291016, 38.029998779296875, 39.029998779296875, 40.150001525878906, 38.13999938964844, 39.58000183105469, 40.0099983215332, 34.7400016784668, 30.969999313354492, 30.84000015258789, 37.11000061035156, 38.36000061035156, 36.779998779296875, 37.630001068115234, 37.310001373291016, 33.86000061035156, 32.849998474121094, 29.6299991607666, 31.8799991607666, 32.06999969482422, 31.299999237060547, 37.08000183105469, 33.61000061035156, 37.22999954223633, 36.779998779296875]
assets:[0, 100.000875, 210.0327816101074, 307.6061366558075, 404.59125, 472.9154640350342, 590.9932357444764, 656.9954338279724, 638.3608674476624, 728.4892945495606, 843.7455, 1022.7129165893554, 1169.7099040039063, 1314.5476953392028, 1244.8359287086487, 1388.965294221878, 1526.5407842964173, 1682.7628946819304, 1863.723035300064, 2363.889145586014, 2431.7478205703733, 2375.462440803528, 2123.2567658317566, 2070.1639678195957, 2056.907944813156, 2065.2540850170135, 2205.1086312194825, 2363.0907910919186, 2530.903526185608, 2504.1998939254763, 2698.7465928497318, 2828.066721359253, 2555.5613734722137, 2378.22960527153, 2468.2454882122042, 3070.0583964935304, 3273.4698320846555, 3238.640724511719, 3413.4888938907625, 3484.459379254532, 3262.2553028045654, 3264.9449233436585, 3044.9120487565992, 3376.1333551240923, 3496.255331729889, 3512.310634387207, 4260.911214408874, 3962.1686979522706, 4488.917842806243, 4534.661219497681]
shares:[0, 2.0513, 3.9156, 5.8017, 7.7065, 9.773, 11.7634, 13.8753, 16.4526, 19.0704, 21.6345, 23.9792, 26.2208, 28.3797, 30.8586, 33.2527, 35.5837, 37.8319, 39.9769, 41.7427, 43.5329, 45.446, 47.6922, 50.1129, 52.6737, 55.3539, 57.9834, 60.5455, 63.0362, 65.6581, 68.1846, 70.684, 73.5625, 76.7914, 80.0339, 82.7286, 85.3355, 88.0544, 90.7119, 93.3921, 96.3454, 99.3895, 102.7645, 105.9013, 109.0195, 112.2144, 114.9113, 117.8866, 120.5726, 123.2915]
growth_rate:-7.46
