ticker:GDS
price:[76.69000244140625, 71.0999984741211, 78.3499984741211, 81.0, 82.76000213623047, 86.62999725341797, 82.22000122070312, 86.02999877929688, 84.04000091552734, 99.0199966430664, 93.44000244140625, 88.06999969482422, 90.72000122070312, 90.98999786376953, 91.08999633789062, 95.02999877929688, 91.30000305175781, 93.63999938964844, 103.4000015258789, 105.04000091552734, 112.81999969482422, 103.55999755859375, 110.5999984741211, 114.87000274658203, 115.70999908447266, 102.16000366210938, 90.0, 91.18000030517578, 85.36000061035156, 79.0999984741211, 82.54000091552734, 78.31999969482422, 77.08000183105469, 85.05000305175781, 82.97000122070312, 74.38999938964844, 74.52999877929688, 71.01000213623047, 75.22000122070312, 74.3499984741211, 79.66999816894531, 79.98999786376953, 79.9000015258789, 76.41999816894531, 70.44999694824219, 72.3499984741211, 64.66999816894531, 58.959999084472656, 59.279998779296875, 57.900001525878906, 50.02000045776367, 51.20000076293945]
assets:[0, 100.00214785385133, 210.19737590637206, 317.30940000000004, 424.2029429496765, 544.0363827514649, 616.3375731506347, 744.8993474304199, 827.667949016571, 1075.1987315490721, 1114.6084131225584, 1150.555283013153, 1285.1758252929687, 1388.9987133895875, 1490.5238280761719, 1654.994943740845, 1690.0360964904785, 1833.34945605011, 2124.435751350403, 2258.128931681824, 2525.3854371688844, 2418.105230993652, 2682.4923629913333, 2886.0513840065005, 3007.1524532066346, 2755.010114758301, 2527.083, 2660.2129809036255, 2590.411402522278, 2500.4379617652894, 2709.177434049988, 2670.6649975936893, 2728.3854088134763, 3110.499741610718, 3134.432409115601, 2910.3004341217043, 3015.774417605591, 2973.3450114486695, 3249.624404736328, 3312.0396420272828, 3649.0293221343995, 3763.689379486084, 3859.4577137054443, 3791.3642331573487, 3595.176064263916, 3792.1383500228885, 3489.599568196106, 3281.489501045227, 3399.2988980010987, 3420.1646701339723, 3054.691415955353, 3226.752048082352]
shares:[0, 1.4065, 2.6828, 3.9174, 5.1257, 6.28, 7.4962, 8.6586, 9.8485, 10.8584, 11.9286, 13.0641, 14.1664, 15.2654, 16.3632, 17.4155, 18.5108, 19.5787, 20.5458, 21.4978, 22.3842, 23.3498, 24.254, 25.1245, 25.9887, 26.9676, 28.0787, 29.1754, 30.3469, 31.6111, 32.8226, 34.0994, 35.3968, 36.5726, 37.7779, 39.1222, 40.4639, 41.8722, 43.2016, 44.5466, 45.8018, 47.052, 48.3036, 49.6122, 51.0316, 52.4138, 53.9601, 55.6562, 57.3431, 59.0702, 61.0694, 63.0225]
growth_rate:-36.73
