ticker:GDYN
price:[7.449999809265137, 7.320000171661377, 7.71999979019165, 6.800000190734863, 8.15999984741211, 8.489999771118164, 8.460000038146973, 8.609999656677246, 7.800000190734863, 8.75, 8.529999732971191, 9.529999732971191, 10.3100004196167, 10.829999923706055, 11.460000038146973, 11.229999542236328, 12.40999984741211, 12.600000381469727, 12.319999694824219, 12.649999618530273, 13.279999732971191, 13.0, 14.34000015258789, 14.329999923706055, 15.40999984741211, 14.90999984741211, 14.359999656677246, 15.479999542236328, 15.949999809265137, 15.770000457763672, 15.899999618530273, 14.989999771118164, 14.5600004196167, 14.25, 14.40999984741211, 15.390000343322754, 16.799999237060547, 15.819999694824219, 15.369999885559082, 15.630000114440918, 16.780000686645508, 17.010000228881836, 17.829999923706055, 20.56999969482422, 19.770000457763672, 19.649999618530273, 19.200000762939453, 21.049999237060547, 24.68000030517578, 22.420000076293945, 24.6200008392334, 25.84000015258789]
assets:[0, 99.9999863451004, 205.4647064160347, 280.97940788125993, 437.17525582504277, 554.8554450416565, 652.8945809439659, 764.470676516819, 792.5517793804169, 989.0807500000001, 1064.2121496851921, 1288.9734428832055, 1494.4716768249511, 1669.8473642364502, 1866.9852782146452, 1929.5149383480073, 2232.2598915531157, 2366.436311644745, 2413.848916207123, 2578.505082243347, 2806.920503559589, 2847.7384, 3241.2745364894868, 3339.014653222847, 3690.6641434555054, 3670.915021432114, 3635.502445081425, 4019.050609151459, 4241.076239283942, 4293.215462621307, 4428.6062237497335, 4275.144936722946, 4252.508746556568, 4261.96695, 4409.820203304291, 4809.724460296154, 5350.381437022781, 5138.275784880066, 5092.1178500854485, 5278.257290646744, 5766.6133579725265, 5945.655068003082, 6332.276331904411, 7405.378849134063, 7217.372780114364, 7273.565258796692, 7206.994846380234, 8001.418354995346, 9481.236741238405, 8713.019611649894, 9667.998585557556, 10247.079452510072]
shares:[0, 13.6612, 26.6146, 41.3205, 53.5754, 65.354, 77.1743, 88.7887, 101.6092, 113.0378, 124.7611, 135.2543, 144.9536, 154.1872, 162.9132, 171.8179, 179.8759, 187.8124, 195.9293, 203.8344, 211.3645, 219.0568, 226.0303, 233.0087, 239.498, 246.2049, 253.1687, 259.6286, 265.8982, 272.2394, 278.5287, 285.1998, 292.0679, 299.0854, 306.025, 312.5227, 318.4751, 324.7962, 331.3024, 337.7004, 343.6599, 349.5388, 355.1473, 360.0087, 365.0669, 370.156, 375.3643, 380.1149, 384.1668, 388.6271, 392.6888, 396.5588]
growth_rate:100.92
