ticker:GECCM
price:[24.280000686645508, 24.290000915527344, 24.049999237060547, 24.100000381469727, 24.1299991607666, 24.790000915527344, 24.5, 24.5, 24.93000030517578, 24.739999771118164, 24.559999465942383, 24.450000762939453, 24.739999771118164, 24.5, 24.75, 25.003999710083008, 24.56999969482422, 24.899999618530273, 25.030000686645508, 26.989999771118164, 25.219999313354492, 24.920000076293945, 25.1200008392334, 25.275999069213867, 25.200000762939453, 25.459999084472656, 25.100000381469727, 25.270000457763672, 25.139999389648438, 25.200000762939453, 25.170000076293945, 25.280000686645508, 25.200000762939453, 25.280000686645508, 25.229999542236328, 25.274999618530273, 25.309999465942383]
assets:[0, 99.99950476913453, 199.01133868675234, 299.42563473949434, 399.79789109516145, 510.73351486206053, 604.758, 704.7572, 817.1256340026856, 910.8971035728455, 1004.2706581621171, 1099.773259317398, 1212.8166387796402, 1301.05045, 1414.326375, 1528.8420578733444, 1602.305503098297, 1723.826973590851, 1832.8268062797547, 2076.3487793920517, 2040.1819324535368, 2115.9123504779814, 2232.8942665987015, 2346.7602439807893, 2439.7053138629913, 2564.8759517684935, 2628.6100899496078, 2746.4144057510375, 2832.2849012374877, 2939.045848980713, 3035.547315201187, 3148.813685526848, 3238.8502580574036, 3349.132410967827, 3442.5072875404358, 3548.647858941078, 3653.5616979074475]
shares:[0, 4.1169, 8.2749, 12.4243, 16.5685, 20.6024, 24.684, 28.7656, 32.7768, 36.8188, 40.8905, 44.9805, 49.0225, 53.1041, 57.1445, 61.1439, 65.2139, 69.23, 73.2252, 76.9303, 80.8954, 84.9082, 88.8891, 92.8454, 96.8137, 100.7414, 104.7255, 108.6828, 112.6605, 116.6288, 120.6018, 124.5575, 128.5258, 132.4815, 136.445, 140.4015, 144.3525]
growth_rate:1.49
