ticker:GECC
price:[4.087804794311523, 3.336585283279419, 3.4146342277526855, 3.346341371536255, 2.9560976028442383, 2.9268293380737305, 2.8975610733032227, 2.9170732498168945, 2.5658535957336426, 2.5365853309631348, 2.9560976028442383, 3.4048781394958496, 3.690000057220459, 3.759999990463257, 3.9700000286102295, 4.039999961853027, 3.7899999618530273, 3.5999999046325684, 3.569999933242798, 3.5, 3.240000009536743, 3.1600000858306885, 3.109999895095825, 3.2100000381469727, 3.180000066757202, 3.190000057220459, 3.490000009536743, 3.630000114440918, 3.3499999046325684, 3.299999952316284, 3.509999990463257, 3.2899999618530273, 3.3399999141693115, 3.2200000286102295, 3.3499999046325684, 3.2799999713897705, 3.2300000190734863, 3.2100000381469727, 3.640000104904175, 3.7200000286102295, 3.7300000190734863, 3.390000104904175, 3.4200000762939453, 3.430000066757202, 3.390000104904175, 3.2699999809265137, 3.2950000762939453, 3.2799999713897705, 3.309999942779541, 3.549999952316284, 3.4800000190734863, 3.5]
assets:[0, 100.00013020811082, 202.33927311682703, 298.2925352246046, 363.5062968558311, 459.9073280382156, 555.308307503128, 659.0476500626563, 679.6974399487972, 771.9443015770912, 999.6120902555466, 1251.3683045594216, 1456.1570475804806, 1583.7804279829504, 1772.2361997718097, 1903.4847660266876, 1885.694773020172, 1891.1613099013327, 1975.4016290609836, 2036.6682, 1985.3728618438245, 2036.351455310583, 2104.130452025056, 2271.787325997448, 2350.5555613448146, 2457.947360089302, 2789.1022606214765, 3000.9860716103553, 2869.5047283112526, 2926.6762377106666, 3212.9192072704313, 3111.539506922245, 3258.827228255272, 3241.743722803426, 3472.621291141796, 3500.0591054702763, 3546.7047509436607, 3624.743599075699, 4210.301125340152, 4402.83504986186, 4514.670798085928, 4203.145870067119, 4340.341932825088, 4453.032915668225, 4501.102471287441, 4441.771120091725, 4575.729701948547, 4654.899207397032, 4797.474528065347, 5245.327634544587, 5241.898624730253, 5372.02435]
shares:[0, 29.9708, 59.2565, 89.1399, 122.9683, 157.135, 191.6468, 225.9277, 264.9011, 304.3242, 338.1526, 367.5222, 394.6225, 421.2182, 446.4071, 471.1596, 497.5448, 525.3226, 553.3338, 581.9052, 612.7694, 644.415, 676.5693, 707.7219, 739.1684, 770.5164, 799.1697, 826.7179, 856.5686, 886.8716, 915.3616, 945.7567, 975.6968, 1006.7527, 1036.6034, 1067.0912, 1098.051, 1129.2036, 1156.6761, 1183.5578, 1210.3675, 1239.866, 1269.1058, 1298.2603, 1327.7588, 1358.3398, 1388.6888, 1419.1766, 1449.3881, 1477.5571, 1506.2927, 1534.8641]
growth_rate:5.33
