ticker:GECCN
price:[21.049999237060547, 21.0, 20.729999542236328, 22.360000610351562, 22.6299991607666, 21.950000762939453, 22.200000762939453, 21.75, 21.15999984741211, 21.610000610351562, 22.010000228881836, 22.600000381469727, 22.670000076293945, 23.399999618530273, 23.8700008392334, 23.94700050354004, 24.0, 23.75, 23.889999389648438, 24.350000381469727, 24.665000915527344, 24.510000228881836, 24.3700008392334, 24.524999618530273, 24.700000762939453, 24.5, 24.600000381469727, 24.68000030517578, 24.56999969482422, 24.760000228881836, 24.899999618530273, 24.59000015258789, 24.700000762939453, 25.0, 25.0, 25.100000381469727, 25.097999572753906, 24.985000610351562, 25.299999237060547, 25.110000610351562, 25.229999542236328, 25.219999313354492, 25.15399932861328, 25.100000381469727, 25.149999618530273, 25.190000534057617, 25.23200035095215, 25.34000015258789, 25.329999923706055, 25.450000762939453, 25.503000259399414, 25.549999237060547]
assets:[0, 99.9999, 198.713629611969, 314.33912458038327, 418.1344944934845, 505.5699775726319, 611.3280810092925, 698.93625, 779.976638375473, 896.5643493225098, 1013.1599285358428, 1140.3191792476655, 1243.8507631860732, 1383.9040574394226, 1511.7014751491545, 1616.5781894922256, 1720.1567999999997, 1802.237875, 1912.8626951293943, 2049.6953721107484, 2176.2102962776185, 2262.535278128242, 2349.611697913933, 2464.5564516654968, 2582.143019757843, 2661.2340999999997, 2772.0953229866027, 2881.111151625824, 2968.2697221321105, 3091.224128575325, 3208.7035908424377, 3268.7560972835536, 3383.3789345066075, 3524.4725000000003, 3624.4725000000003, 3738.971356824875, 3838.6737798538206, 3921.390848794556, 4070.830597241211, 4140.259939637756, 4260.045054707336, 4358.356351338387, 4446.950387306213, 4537.404878959465, 4646.4423095237735, 4753.83171078682, 4861.757338022232, 4982.566220003128, 5080.600196697235, 5204.670221025467, 5315.5087344657895, 5425.3047229969025]
shares:[0, 4.7619, 9.5858, 14.0581, 18.477, 23.0328, 27.5373, 32.135, 36.8609, 41.4884, 46.0318, 50.4566, 54.8677, 59.1412, 63.3306, 67.5065, 71.6732, 75.8837, 80.0696, 84.1764, 88.2307, 92.3107, 96.4141, 100.4916, 104.5402, 108.6218, 112.6868, 116.7387, 120.8087, 124.8475, 128.8636, 132.9303, 136.9789, 140.9789, 144.9789, 148.963, 152.9474, 156.9498, 160.9024, 164.8849, 168.8484, 172.8135, 176.789, 180.7731, 184.7492, 188.719, 192.6822, 196.6285, 200.5764, 204.5057, 208.4268, 212.3407]
growth_rate:6.38
