ticker:GEG
price:[2.25, 2.0999999046325684, 2.680000066757202, 2.450000047683716, 2.490000009536743, 2.3499999046325684, 2.25, 2.2300000190734863, 1.9299999475479126, 1.9800000190734863, 1.940000057220459, 2.5799999237060547, 2.75, 2.6700000762939453, 2.5799999237060547, 2.3499999046325684, 20050.0, 2.880000114440918, 2.7799999713897705, 2.7899999618530273, 2.759999990463257, 2.809999942779541, 3.0, 3.299999952316284, 3.2100000381469727, 3.009999990463257, 2.799999952316284, 2.7899999618530273, 2.75, 2.4600000381469727, 2.450000047683716, 2.4600000381469727, 2.7200000286102295, 2.700000047683716, 2.6600000858306885, 2.5, 2.0199999809265137, 2.819999933242798, 2.640000104904175, 2.7799999713897705, 2.7699999809265137, 2.4000000953674316, 2.309999942779541, 2.299999952316284, 2.380000114440918, 2.200000047683716, 2.509999990463257, 2.309999942779541, 2.1600000858306885, 2.2200000286102295, 2.2899999618530273, 2.3499999046325684]
assets:[0, 99.99989545869828, 227.6188376698494, 308.0843209961653, 413.1141585822344, 489.8868551194668, 569.040525, 663.9822826791287, 674.65734366467, 792.135637630701, 876.1329318416118, 1265.1664305873871, 1448.53005, 1506.3910810443879, 1555.6137919984817, 1516.9350434399128, 12942461.465000002, 1959.0667978463173, 1991.0434855092765, 2098.2055213117596, 2175.6442364824056, 2315.058073858118, 2571.5922, 2928.751277680683, 2948.876165043831, 2865.145546922207, 2765.251672908044, 2855.37579895916, 2914.43845, 2707.0976939786915, 2796.0931794196367, 2907.5057790863993, 3314.803106866646, 3390.429479877138, 3440.2009870055676, 3333.2715000000003, 2793.2834456249234, 3999.534277319956, 3844.2451287565705, 4148.106345309973, 4233.185159851408, 3767.741909716606, 3726.4512516929626, 3810.3195310042615, 4042.8526443982123, 3837.090483166695, 4477.771208986712, 4220.976501443195, 4046.88738480885, 4259.300712891698, 4493.602805145263, 4711.3390288049695]
shares:[0, 47.619, 84.9324, 125.7487, 165.9093, 208.4625, 252.9069, 297.7499, 349.5634, 400.0685, 451.6149, 490.3746, 526.7382, 564.1914, 602.9511, 645.5043, 645.5093, 680.2315, 716.2027, 752.045, 788.2769, 823.8641, 857.1974, 887.5004, 918.653, 951.8756, 987.5899, 1023.4322, 1059.7958, 1100.4462, 1141.2625, 1181.9129, 1218.6776, 1255.7146, 1293.3086, 1333.3086, 1382.8136, 1418.2746, 1456.1534, 1492.1246, 1528.2257, 1569.8924, 1613.1824, 1656.6607, 1698.6775, 1744.132, 1783.9726, 1827.2626, 1873.5589, 1918.6039, 1962.272, 2004.8252]
growth_rate:-7.62
