ticker:GENC
price:[12.430000305175781, 11.850000381469727, 11.710000038146973, 10.8100004196167, 11.420000076293945, 12.100000381469727, 11.720000267028809, 12.1899995803833, 11.5600004196167, 11.619999885559082, 11.8100004196167, 11.770000457763672, 12.149999618530273, 12.640000343322754, 13.460000038146973, 12.0, 11.789999961853027, 12.300000190734863, 12.890000343322754, 12.579999923706055, 12.989999771118164, 12.8100004196167, 13.140000343322754, 13.350000381469727, 13.170000076293945, 14.199999809265137, 14.550000190734863, 15.739999771118164, 13.5, 13.069999694824219, 13.399999618530273, 13.010000228881836, 12.579999923706055, 12.09000015258789, 11.989999771118164, 11.5, 12.729999542236328, 12.180000305175781, 12.5600004196167, 12.640000343322754, 12.850000381469727, 11.84000015258789, 12.430000305175781, 11.75, 11.630000114440918, 11.4399995803833, 11.670000076293945, 11.739999771118164, 11.600000381469727, 11.880000114440918, 11.479999542236328, 11.630000114440918]
assets:[0, 99.99978321914674, 198.8182356476784, 283.5376630062103, 399.5378386692047, 523.3286464986802, 606.8932578274727, 731.2305338288307, 793.4391248010636, 897.5578411602975, 1012.2339549653054, 1108.8058401241303, 1244.6046509235382, 1394.7987578849793, 1585.2838084928512, 1513.3283999999999, 1586.8455698657035, 1755.4880072221756, 1939.6949856634142, 1993.0456139127732, 2158.0013829763416, 2228.098455985737, 2385.496106328392, 2523.619992111206, 2589.593409001541, 2892.121061152935, 3063.4065101579663, 3413.952434356308, 3028.104, 3031.653086212921, 3208.1984286693573, 3214.8256985576627, 3208.5704945409775, 3183.594454180145, 3257.262088820839, 3224.1468999999997, 3668.9908210651397, 3610.472424462128, 3823.11466372633, 3947.465787219525, 4113.04868210144, 3889.765650129318, 4183.597520713806, 4054.7275999999997, 4113.318211475658, 4146.118967921257, 4329.476668304444, 4455.446139137078, 4502.315108060074, 4710.991473381328, 4652.371986487197, 4813.161609362221]
shares:[0, 8.4388, 16.9785, 26.2292, 34.9858, 43.2503, 51.7827, 59.9861, 68.6366, 77.2425, 85.7099, 94.2061, 102.4366, 110.348, 117.7774, 126.1107, 134.5925, 142.7226, 150.4806, 158.4297, 166.1279, 173.9343, 181.5446, 189.0352, 196.6282, 203.6705, 210.5434, 216.8966, 224.304, 231.9551, 239.4178, 247.1042, 255.0533, 263.3246, 271.6649, 280.3606, 288.2161, 296.4263, 304.3881, 312.2995, 320.0816, 328.5275, 336.5726, 345.0832, 353.6817, 362.423, 370.992, 379.5099, 388.1306, 396.5481, 405.2589, 413.8574]
growth_rate:-5.62
