ticker:GENE
price:[3.5299999713897705, 3.7899999618530273, 3.7300000190734863, 3.25, 3.4100000858306885, 3.4800000190734863, 3.549999952316284, 3.380000114440918, 2.9200000762939453, 2.9700000286102295, 3.0, 3.109999895095825, 3.180000066757202, 3.1500000953674316, 3.690000057220459, 3.4200000762939453, 3.5, 3.5999999046325684, 4.099999904632568, 4.170000076293945, 5.550000190734863, 4.480000019073486, 4.5, 4.860000133514404, 5.340000152587891, 4.369999885559082, 3.940000057220459, 4.730000019073486, 4.630000114440918, 4.190000057220459, 4.380000114440918, 4.570000171661377, 3.869999885559082, 4.090000152587891, 4.28000020980835, 3.9100000858306885, 3.609999895095825, 3.9600000381469727, 4.110000133514404, 3.7899999618530273, 4.539999961853027, 4.210000038146973, 4.239999771118164, 4.179999828338623, 3.880000114440918, 3.4600000381469727, 3.559999942779541, 3.4000000953674316, 3.4000000953674316, 3.1500000953674316, 3.0799999237060547, 3.319999933242798]
assets:[0, 99.9999069934845, 198.4169780146122, 272.883325, 386.3175457237243, 494.2476987089158, 604.1894018845081, 675.2564228630066, 683.3576898548126, 795.0589096588611, 903.0897, 1036.2028270475864, 1159.5256503417254, 1248.5866428014278, 1562.6301542315482, 1548.2914905395508, 1684.5087, 1832.6375514516828, 2187.170369125652, 2324.512332529068, 3193.775359759331, 2678.03828340168, 2789.9937, 3113.1931275259494, 3520.6690426013943, 2981.1466239301685, 2787.807322487211, 3446.7836508989813, 3473.913161865616, 3243.778629298449, 3490.871041209698, 3742.3013915708066, 3269.0821703289985, 3554.9217926254273, 3820.0649672620298, 3589.825427802348, 3414.3909677800893, 3845.4261490432737, 4091.0863238999846, 3872.5586680220604, 4738.89599818182, 4494.439007724285, 4626.4655742561345, 4660.996588585376, 4426.475626559258, 4047.3208586222645, 4264.295379459286, 4172.641957039451, 4272.64207984438, 4058.4771328719144, 4068.2884312253955, 4485.297997811461]
shares:[0, 26.3852, 53.1949, 83.9641, 113.2896, 142.0252, 170.1942, 199.78, 234.0266, 267.6966, 301.0299, 333.1842, 364.6307, 396.3767, 423.477, 452.7168, 481.2882, 509.066, 533.4562, 557.437, 575.455, 597.7764, 619.9986, 640.5747, 659.3013, 682.1846, 707.5653, 728.7069, 750.3052, 774.1715, 797.0025, 818.8843, 844.7241, 869.174, 892.5385, 918.1139, 945.8147, 971.0672, 995.3981, 1021.7833, 1043.8097, 1067.5627, 1091.1476, 1115.071, 1140.8442, 1169.7459, 1197.8358, 1227.2476, 1256.6594, 1288.4054, 1320.8729, 1350.9934]
growth_rate:-12.05
