ticker:GENY
price:[48.28200149536133, 47.27399826049805, 47.45000076293945, 47.45000076293945, 49.060001373291016, 50.770999908447266, 50.88999938964844, 51.24800109863281, 48.380001068115234, 53.29199981689453, 52.7599983215332, 53.83599853515625, 55.220001220703125, 55.81999969482422, 56.3390007019043, 57.95100021362305, 57.64500045776367, 57.91400146484375, 60.029998779296875, 60.0, 61.9900016784668, 59.810001373291016, 64.23999786376953, 66.9000015258789, 66.54000091552734, 62.720001220703125, 61.849998474121094, 64.19000244140625, 63.27000045776367, 60.68000030517578, 62.21799850463867, 63.68000030517578, 64.73999786376953, 65.13999938964844, 64.43900299072266, 64.54000091552734, 62.400001525878906, 62.5, 64.62000274658203, 64.95999908447266, 65.61299896240234, 64.74299621582031, 66.76899719238281, 66.38999938964844, 65.04000091552734, 63.40999984741211, 63.88999938964844, 62.900001525878906, 62.93000030517578, 62.900001525878906, 61.301998138427734, 63.8650016784668]
assets:[0, 99.99868852043151, 200.37186322174074, 300.37273982963563, 410.56352749252324, 524.8807512535095, 626.1098404907227, 730.5146316604614, 789.6341874332428, 969.8078126678467, 1060.1277502738951, 1181.7486202453613, 1312.1266250061035, 1426.3851982017518, 1539.6491128818511, 1683.7025651065826, 1774.8146255939482, 1883.0969232299803, 2051.897394274902, 2150.8740000000003, 2322.2136518772127, 2340.5507647411346, 2613.9126650772096, 2822.1498043685915, 2906.966289997101, 2840.0808232757568, 2900.6845234382627, 3110.4292723022463, 3165.847339905167, 3136.251883773041, 3315.746463508606, 3493.6631207427977, 3651.8149555007935, 3774.3809286346436, 3833.7662634315493, 3939.7733618873594, 3909.141695590973, 4015.40625, 4251.608460708618, 4373.977602354431, 4517.94707605362, 4558.042893885803, 4800.677544332886, 4873.430934196472, 4874.331812612915, 4852.171234323883, 4988.901714340211, 5011.595361575318, 5113.987595800018, 5211.548176425934, 5179.148354323578, 5495.685578434753]
shares:[0, 2.1153, 4.2228, 6.3303, 8.3686, 10.3382, 12.3032, 14.2545, 16.3215, 18.198, 20.0934, 21.9509, 23.7618, 25.5533, 27.3283, 29.0539, 30.7887, 32.5154, 34.1812, 35.8479, 37.4611, 39.1331, 40.6898, 42.1846, 43.6875, 45.2819, 46.8987, 48.4566, 50.0371, 51.6851, 53.2924, 54.8628, 56.4074, 57.9426, 59.4945, 61.0439, 62.6465, 64.2465, 65.794, 67.3334, 68.8575, 70.4021, 71.8998, 73.4061, 74.9436, 76.5206, 78.0858, 79.6756, 81.2647, 82.8545, 84.4858, 86.0516]
growth_rate:7.76
