ticker:GEOS
price:[6.28000020980835, 6.190000057220459, 6.210000038146973, 5.679999828338623, 6.179999828338623, 6.110000133514404, 5.75, 5.880000114440918, 5.130000114440918, 5.150000095367432, 5.690000057220459, 6.579999923706055, 6.329999923706055, 7.659999847412109, 8.579999923706055, 9.84000015258789, 10.149999618530273, 8.5600004196167, 8.930000305175781, 8.989999771118164, 8.729999542236328, 8.149999618530273, 9.050000190734863, 9.25, 10.170000076293945, 9.850000381469727, 10.770000457763672, 11.010000228881836, 9.460000038146973, 9.3100004196167, 9.010000228881836, 8.710000038146973, 8.260000228881836, 8.1899995803833, 7.519999980926514, 7.769999980926514, 8.0, 8.09000015258789, 8.15999984741211, 9.079999923706055, 8.84000015258789, 8.079999923706055, 8.050000190734863, 8.609999656677246, 8.0, 8.0, 8.460000038146973, 8.729999542236328, 9.520000457763672, 9.979999542236328, 9.819999694824219, 9.739999771118164]
assets:[0, 100.00006992440224, 200.3234232305527, 283.2263754403114, 408.1580886626244, 503.53488700313574, 573.866675, 686.8410493678093, 699.2338925986289, 801.9600748506547, 986.0491289160251, 1240.2819516191482, 1293.1588494138718, 1664.864964835739, 1964.8225565286637, 2353.3629724933626, 2527.5031700082777, 2231.56899739294, 2428.0268979759217, 2544.3407452220918, 2570.756139200592, 2499.9610379865644, 2876.030330614281, 3039.58885, 3441.904315820694, 3433.604737976265, 3854.307451821899, 4040.197754989815, 3571.4139484015463, 3614.7845529241563, 3598.3039694080353, 3578.493934672642, 3493.6117008068086, 3564.004443397331, 3372.4440074462414, 3584.5597322007657, 3790.6664, 3933.3111521873475, 4067.344579942703, 4625.917645131111, 4603.646659463882, 4307.85761532383, 4391.8635590598105, 4797.384183704853, 4557.5, 4657.5, 5025.306010659599, 5285.688220841216, 5864.004217967225, 6247.347977445984, 6247.190187856293, 6296.296232042313]
shares:[0, 16.1551, 32.2582, 49.8638, 66.045, 82.4116, 99.8029, 116.8097, 136.3029, 155.7204, 173.2951, 188.4927, 204.2905, 217.3453, 229.0003, 239.1629, 249.0151, 260.6973, 271.8955, 283.019, 294.4738, 306.7437, 317.7934, 328.6042, 338.437, 348.5893, 357.8744, 366.9571, 377.5279, 388.269, 399.3678, 410.8489, 422.9554, 435.1654, 448.4633, 461.3333, 473.8333, 486.1942, 498.4491, 509.4623, 520.7745, 533.1507, 545.5731, 557.1875, 569.6875, 582.1875, 594.0078, 605.4626, 615.9668, 625.9868, 636.1701, 646.437]
growth_rate:23.46
