ticker:GERN
price:[1.8300000429153442, 1.8200000524520874, 1.9600000381469727, 1.690000057220459, 1.8200000524520874, 2.0, 1.9299999475479126, 1.8899999856948853, 1.7400000095367432, 1.7699999809265137, 1.9700000286102295, 1.8799999952316284, 1.8700000047683716, 1.809999942779541, 1.7300000190734863, 1.690000057220459, 1.6200000047683716, 1.590000033378601, 1.7100000381469727, 1.649999976158142, 1.7300000190734863, 1.7799999713897705, 1.9700000286102295, 1.9199999570846558, 2.059999942779541, 1.7899999618530273, 1.7999999523162842, 1.7200000286102295, 1.8300000429153442, 1.590000033378601, 1.6200000047683716, 1.4800000190734863, 1.4700000286102295, 1.4299999475479126, 1.4500000476837158, 1.3300000429153442, 1.4299999475479126, 1.4299999475479126, 1.3799999952316284, 1.3899999856948853, 1.440000057220459, 1.8300000429153442, 1.4900000095367432, 1.4600000381469727, 1.3799999952316284, 1.2699999809265137, 1.2899999618530273, 1.2200000286102295, 1.25, 1.2200000286102295, 1.2699999809265137, 1.4199999570846558]
assets:[0, 100.00008488198519, 207.69238404226303, 279.0817084492207, 400.5496155437708, 540.1644, 621.2586841158985, 708.3829566383599, 752.1621581225157, 865.13050167737, 1062.8853444362403, 1114.3271331736566, 1208.3998000813365, 1269.6275368626118, 1313.5115104816437, 1383.1413388307571, 1425.8514281969071, 1499.446828477633, 1712.6125762052536, 1752.5209096767546, 1937.4917233611106, 2093.4885823510167, 2416.9508771012784, 2455.6067931129096, 2734.66146003952, 2476.234932228565, 2590.0687113866093, 2574.9545948314194, 2839.6319285922286, 2567.2212088932392, 2715.6593059933784, 2580.9727732622623, 2663.5337708396673, 2691.05655529263, 2828.6938780225037, 2694.5951159469723, 2997.196092063499, 3097.196131395519, 3088.9027033267857, 3211.2859699512123, 3426.7999601687907, 4454.891531471693, 3727.2067138559823, 3752.1622840367318, 3646.5642893998743, 3455.896135097647, 3610.319668238163, 3514.411016416478, 3700.8308749999997, 3712.0110050503968, 3964.142507464552, 4532.348195023036]
shares:[0, 54.9451, 105.9655, 165.1371, 220.0822, 270.0822, 321.8957, 374.8058, 432.2771, 488.7743, 539.5357, 592.7272, 646.2031, 701.4517, 759.2552, 818.4268, 880.1552, 943.0483, 1001.5278, 1062.1339, 1119.9374, 1176.1172, 1226.8786, 1278.9619, 1327.5056, 1383.3715, 1438.9271, 1497.0666, 1551.7114, 1614.6045, 1676.3329, 1743.9005, 1811.9277, 1881.8578, 1950.8233, 2026.0113, 2095.9414, 2165.8715, 2238.3353, 2310.2777, 2379.7221, 2434.3669, 2501.481, 2569.9741, 2642.4379, 2721.1781, 2798.6975, 2880.6647, 2960.6647, 3042.6319, 3121.3721, 3191.7946]
growth_rate:-11.13
