ticker:GEVO
price:[1.159999966621399, 0.8399999737739563, 0.949999988079071, 0.9300000071525574, 0.9100000262260437, 1.0399999618530273, 1.2200000286102295, 1.0700000524520874, 0.9599999785423279, 1.0700000524520874, 1.0, 1.350000023841858, 2.130000114440918, 1.809999942779541, 1.7999999523162842, 2.390000104904175, 3.700000047683716, 4.25, 4.400000095367432, 6.400000095367432, 10.510000228881836, 10.15999984741211, 11.550000190734863, 14.609999656677246, 12.170000076293945, 9.710000038146973, 6.980000019073486, 10.100000381469727, 10.010000228881836, 8.569999694824219, 9.970000267028809, 8.199999809265137, 6.329999923706055, 6.639999866485596, 6.78000020980835, 5.840000152587891, 5.900000095367432, 6.869999885559082, 7.559999942779541, 7.639999866485596, 8.359999656677246, 7.760000228881836, 8.149999618530273, 6.909999847412109, 6.769999980926514, 5.659999847412109, 5.849999904632568, 6.090000152587891, 5.809999942779541, 5.239999771118164, 4.980000019073486, 6.579999923706055]
assets:[0, 99.99998087785244, 213.0952573260069, 308.6090633734882, 401.9723095847726, 559.3968434814453, 756.2155537340165, 763.2382064144253, 784.7744464589238, 974.6965387802481, 1010.9313, 1464.7573158685445, 2411.061723541832, 2148.8362760677337, 2236.9643407406807, 3070.191744759798, 4853.016262543201, 5674.41045, 5974.684009497786, 8790.449410987903, 14535.565740548707, 14151.507171465684, 16187.589762319278, 20576.248691475394, 17239.832256076814, 13855.03495543127, 10059.643733488894, 14656.218623554802, 14625.618341419411, 12621.632451546478, 14783.510413950158, 12258.954614852428, 9563.315143735696, 10131.660396276713, 10445.28052723112, 9097.114821689987, 9290.578520172643, 10918.011979127024, 12114.580876306629, 12342.777336301231, 13605.970501239299, 12729.466351456642, 13469.219119558335, 11519.915033615112, 11386.515773920155, 9619.597636665343, 10042.516996285629, 10554.518364448546, 10169.252776846934, 9271.580663019753, 8911.540714131355, 11874.686350315094]
shares:[0, 119.0476, 224.3108, 331.8377, 441.7278, 537.8816, 619.8488, 713.3067, 817.4734, 910.9313, 1010.9313, 1085.0054, 1131.9538, 1187.2024, 1242.758, 1284.599, 1311.626, 1335.1554, 1357.8827, 1373.5077, 1383.0224, 1392.8649, 1401.5229, 1408.3675, 1416.5844, 1426.8831, 1441.2097, 1451.1107, 1461.1007, 1472.7693, 1482.7994, 1494.9945, 1510.7923, 1525.8525, 1540.6018, 1557.7251, 1574.6743, 1589.2303, 1602.4578, 1615.5468, 1627.5085, 1640.3951, 1652.665, 1667.1368, 1681.9078, 1699.5756, 1716.6696, 1733.09, 1750.3017, 1769.3857, 1789.466, 1804.6636]
growth_rate:132.84
