ticker:GFED
price:[14.239999771118164, 13.850000381469727, 14.100000381469727, 14.399999618530273, 14.09000015258789, 14.25, 14.699999809265137, 14.699999809265137, 14.100000381469727, 14.289999961853027, 15.680000305175781, 15.649999618530273, 15.3100004196167, 16.049999237060547, 16.079999923706055, 18.020000457763672, 17.6299991607666, 17.459999084472656, 18.6200008392334, 18.8700008392334, 17.6299991607666, 17.43000030517578, 20.5, 18.850000381469727, 18.3700008392334, 18.440000534057617, 18.6200008392334, 19.149999618530273, 20.239999771118164, 19.899999618530273, 19.260000228881836, 19.75, 25.489999771118164, 24.719999313354492, 24.100000381469727, 25.3700008392334, 24.100000381469727, 24.299999237060547, 24.239999771118164, 24.329999923706055, 24.43000030517578, 24.229999542236328, 24.829999923706055, 24.479999542236328, 24.459999084472656, 24.5, 23.81999969482422, 24.170000076293945, 24.649999618530273, 24.309999465942383, 24.209999084472656, 24.329999923706055]
assets:[0, 99.99977275428772, 201.80484545974733, 306.0979118911743, 399.50786432647703, 504.04387499999996, 619.9607319559098, 719.9604206583977, 790.5743313886642, 901.2274275941849, 1088.89134919281, 1186.8083310714721, 1261.025025562191, 1421.9753624061584, 1524.6332327661514, 1808.5755439434054, 1869.433984010124, 1951.408067676544, 2181.055660303688, 2310.3391177511216, 2258.521013488579, 2332.8992178459166, 2843.7989500000003, 2714.9071199419022, 2745.7750474407194, 2856.238066722107, 2984.119538499069, 3169.0587518720627, 3449.4383929924006, 3491.4927430704115, 3479.2034813461305, 3667.719175, 4833.678852597046, 4787.663171013451, 4767.584985464287, 5118.823885329437, 4962.580498550797, 5103.762859758758, 5191.160782983398, 5310.436093347549, 5432.262196858978, 5487.789598322296, 5723.682466413116, 5743.002996608734, 5838.310707474518, 5947.85765, 5882.775302631378, 6069.215120157814, 6289.745667663384, 6302.989697531891, 6377.061439844512, 6508.671558590126]
shares:[0, 7.2202, 14.3124, 21.2568, 28.354, 35.3715, 42.1742, 48.9769, 56.0691, 63.067, 69.4446, 75.8344, 82.3661, 88.5966, 94.8155, 100.3649, 106.0371, 111.7645, 117.1351, 122.4345, 128.1067, 133.8439, 138.7219, 144.0269, 149.4706, 154.8936, 160.2642, 165.4861, 170.4268, 175.4519, 180.644, 185.7073, 189.6304, 193.6757, 197.8251, 201.7668, 205.9162, 210.0314, 214.1568, 218.267, 222.3603, 226.4874, 230.5148, 234.5998, 238.6881, 242.7697, 246.9679, 251.1053, 255.1621, 259.2756, 263.4061, 267.5163]
growth_rate:27.62
