ticker:GGAL
price:[10.180000305175781, 9.739999771118164, 7.860000133514404, 7.400000095367432, 7.289999961853027, 7.059999942779541, 6.760000228881836, 6.650000095367432, 6.260000228881836, 7.610000133514404, 8.260000228881836, 8.119999885559082, 9.069999694824219, 9.079999923706055, 8.989999771118164, 8.729999542236328, 8.680000305175781, 8.739999771118164, 8.220000267028809, 8.0, 7.480000019073486, 7.460000038146973, 8.270000457763672, 8.279999732971191, 8.630000114440918, 7.449999809265137, 7.119999885559082, 7.940000057220459, 7.920000076293945, 7.650000095367432, 7.590000152587891, 7.510000228881836, 7.369999885559082, 7.199999809265137, 7.489999771118164, 7.889999866485596, 8.329999923706055, 8.229999542236328, 8.880000114440918, 9.930000305175781, 9.90999984741211, 9.670000076293945, 9.199999809265137, 8.529999732971191, 8.199999809265137, 8.180000305175781, 7.96999979019165, 7.809999942779541, 8.210000038146973, 8.479999542236328, 8.550000190734863, 10.229999542236328]
assets:[0, 99.99960365009308, 180.6974730694294, 270.12220348119735, 366.1067140842438, 454.5559783158779, 535.2405941223144, 626.5310889850616, 689.786921220398, 938.5428384663583, 1118.7071729990005, 1199.7462230911256, 1440.110969544983, 1541.6986350460054, 1626.4177175920486, 1679.380408940506, 1769.761790222168, 1881.9946387145997, 1870.0221127481461, 1919.9728, 1895.1746928325654, 1990.107194176483, 2306.19134865303, 2408.979810310745, 2610.808907621479, 2353.826694737339, 2349.562938235092, 2720.1590616031167, 2813.3075791007996, 2817.399410122633, 2895.3019512065885, 2964.785123357582, 3009.515869268417, 3040.0969594649314, 3262.545032302093, 3536.7800191506863, 3834.0149118844984, 3887.9884017448426, 4295.059807352543, 4902.921762680054, 4993.046395120239, 4972.125474228859, 4830.460819854641, 4578.676958666038, 4501.541595292568, 4590.562183262634, 4572.711664624452, 4580.913292437648, 4915.531451839543, 5177.187272527312, 5319.923833677769, 6465.242065698624]
shares:[0, 10.2669, 22.9895, 36.503, 50.2204, 64.3847, 79.1776, 94.2152, 110.1896, 123.3302, 135.4367, 147.752, 158.7774, 169.7906, 180.9141, 192.3689, 203.8896, 215.3312, 227.4966, 239.9966, 253.3656, 266.7704, 278.8623, 290.9396, 302.5271, 315.9499, 329.9948, 342.5893, 355.2156, 368.2875, 381.4627, 394.7783, 408.3468, 422.2357, 435.5868, 448.2611, 460.2659, 472.4166, 483.6779, 493.7484, 503.8392, 514.1805, 525.0501, 536.7734, 548.9685, 561.1934, 573.7405, 586.5446, 598.7249, 610.5174, 622.2133, 631.9885]
growth_rate:26.77
