ticker:GGMCU
price:[9.920000076293945, 9.944000244140625, 10.0, 9.979999542236328, 10.0, 9.979999542236328, 10.140000343322754, 9.989999771118164, 10.0, 10.0, 9.979999542236328, 9.979999542236328, 9.949999809265137, 9.970000267028809, 9.970000267028809, 9.984999656677246, 9.944999694824219, 10.0, 10.0, 10.0, 10.0, 10.0, 10.0, 10.0]
assets:[0, 99.99984965515137, 200.563, 300.1614602321625, 400.76300000000003, 499.96105106773376, 607.9761685850143, 698.9823019855498, 799.682, 899.682, 997.8821902290344, 1097.8817856422424, 1194.5820521006583, 1296.9833767374041, 1396.9834764157295, 1499.0849429556847, 1593.0795561141967, 1701.8899999999999, 1801.8899999999999, 1901.8899999999999, 2001.8899999999999, 2101.89, 2201.89, 2301.89]
shares:[0, 10.0563, 20.0563, 30.0763, 40.0763, 50.0963, 59.9582, 69.9682, 79.9682, 89.9682, 99.9882, 110.0082, 120.0585, 130.0886, 140.1187, 150.1337, 160.189, 170.189, 180.189, 190.189, 200.189, 210.189, 220.189, 230.189]
growth_rate:0.08
