ticker:GGPIU
price:[10.0, 9.970000267028809, 10.0, 10.03499984741211, 10.020000457763672, 10.0, 10.0, 10.029999732971191, 9.979999542236328, 9.949999809265137, 9.989999771118164, 10.0, 10.0, 10.010000228881836, 10.0, 10.859999656677246, 10.449999809265137, 10.449999809265137, 10.289999961853027, 10.260000228881836, 10.289999961853027, 10.130000114440918, 10.229999542236328, 10.199999809265137]
assets:[0, 100.00009967832564, 200.30100000000002, 301.00182742309573, 400.55152229919435, 499.752, 599.752, 701.5513403225899, 798.0536573947907, 895.6552028308869, 999.255721105957, 1100.2559999999999, 1200.2559999999999, 1301.4561857582094, 1400.156, 1620.5693307681086, 1659.3878647126198, 1759.3880928874016, 1832.4503962067604, 1927.1081409902574, 2032.7431874642373, 2101.136259737015, 2221.878152577209, 2315.3622167038916]
shares:[0, 10.0301, 20.0301, 29.9952, 39.9752, 49.9752, 59.9752, 69.9453, 79.9653, 90.0156, 100.0256, 110.0256, 120.0256, 130.0156, 140.0156, 149.2237, 158.7931, 168.3625, 178.0807, 187.8273, 197.5455, 207.4172, 217.1924, 226.9963]
growth_rate:0.67
