ticker:GH
price:[90.80999755859375, 95.6500015258789, 102.5, 111.80000305175781, 108.22000122070312, 108.19000244140625, 101.0, 104.70999908447266, 106.66000366210938, 112.95999908447266, 116.16000366210938, 112.94999694824219, 118.66000366210938, 123.6500015258789, 124.08999633789062, 127.30000305175781, 133.7899932861328, 128.8800048828125, 142.8699951171875, 159.2899932861328, 159.9199981689453, 155.5, 162.58999633789062, 179.10000610351562, 170.4499969482422, 147.17999267578125, 135.27000427246094, 142.9600067138672, 145.5500030517578, 135.57000732421875, 156.99000549316406, 157.1699981689453, 158.5, 158.25, 158.97999572753906, 135.38999938964844, 112.83999633789062, 121.2300033569336, 124.12000274658203, 117.69000244140625, 120.94000244140625, 120.19999694824219, 123.2300033569336, 124.29000091552734, 123.88999938964844, 117.58000183105469, 119.04000091552734, 109.80000305175781, 114.05999755859375, 101.27999877929688, 102.2699966430664, 120.3499984741211]
assets:[0, 100.0020765953064, 207.16275000000002, 325.9640888977051, 415.5215166870117, 515.4063526306152, 581.154, 702.499383857727, 815.5863840026856, 963.7634161888122, 1091.0676823974609, 1160.9113636337281, 1319.5941687255859, 1475.0826932029725, 1580.3357393615722, 1721.2106112625122, 1908.9557612045287, 1938.896569458008, 2249.3594901245115, 2607.879841081238, 2718.192192877197, 2743.0666499999998, 2968.1291601470944, 3369.515874829102, 3306.7810757949833, 2955.3300989318845, 2816.186218948364, 3076.284904472351, 3232.0105927658083, 3110.3962350402835, 3701.8400285293583, 3806.0915436584473, 3938.29705, 4032.0834, 4150.681524453736, 3634.788235614014, 3129.391618438721, 3462.0743128669737, 3644.6101126495364, 3555.8033507629393, 3754.001863781738, 3831.0263227340697, 4027.6001377166745, 4162.248408659363, 4248.857085067749, 4132.454986354064, 4283.773472946166, 4051.2577725997926, 4308.433911779785, 3925.693776684571, 4064.0664886001587, 4882.539263095856]
shares:[0, 1.0455, 2.0211, 2.9156, 3.8396, 4.7639, 5.754, 6.709, 7.6466, 8.5319, 9.3928, 10.2781, 11.1208, 11.9295, 12.7354, 13.5209, 14.2683, 15.0442, 15.7441, 16.3719, 16.9972, 17.6403, 18.2553, 18.8136, 19.4003, 20.0797, 20.819, 21.5185, 22.2055, 22.9431, 23.5801, 24.2164, 24.8473, 25.4792, 26.1082, 26.8468, 27.733, 28.5579, 29.3636, 30.2133, 31.0402, 31.8721, 32.6836, 33.4882, 34.2954, 35.1459, 35.986, 36.8967, 37.7734, 38.7608, 39.7386, 40.5695]
growth_rate:-4.26
