ticker:GHAC
price:[9.883999824523926, 9.899999618530273, 9.789999961853027, 9.850000381469727, 9.84000015258789, 9.789999961853027, 9.729999542236328, 9.729999542236328, 9.770000457763672, 9.699999809265137, 9.789999961853027, 9.75, 9.729999542236328, 9.710000038146973, 9.670000076293945, 9.699999809265137, 9.770000457763672, 9.75, 9.710000038146973, 9.699999809265137, 9.699999809265137, 9.65999984741211, 9.699999809265137]
assets:[0, 99.9998961467743, 198.8887442250252, 300.10784162254333, 399.80314219970705, 497.77156906042103, 594.7209240203857, 694.7209943157196, 797.5769183696747, 891.8626024629592, 1000.1375851029395, 1096.051125, 1193.8028338356019, 1291.3494120732307, 1386.03012093544, 1490.330280695057, 1601.0852040172576, 1697.8074749999998, 1790.842495035553, 1888.9983328558922, 1988.9985408895493, 2080.7968111320497, 2189.4131469487193]
shares:[0, 10.101, 20.3155, 30.4678, 40.6304, 50.8449, 61.1224, 71.3999, 81.6353, 91.9446, 102.1591, 112.4155, 122.693, 132.9917, 143.333, 153.6423, 163.8777, 174.1341, 184.4328, 194.7421, 205.0514, 215.4034, 225.7127]
growth_rate:-0.48
