ticker:GHACU
price:[10.399999618530273, 10.399999618530273, 10.489999771118164, 10.25, 10.130000114440918, 10.020000457763672, 10.0, 9.970000267028809, 9.989999771118164, 10.010000228881836, 10.010000228881836, 10.0, 10.0, 9.989999771118164, 9.97700023651123, 9.979999542236328, 9.960000038146973, 9.970000267028809, 9.979999542236328, 10.024999618530273, 10.029999732971191, 10.03499984741211, 9.989999771118164, 10.020000457763672, 10.0, 10.0, 9.925000190734863, 9.930000305175781, 9.859999656677246, 9.859999656677246, 9.864999771118164]
assets:[0, 100.00015633201599, 200.86566261730192, 296.2701, 392.80189743757245, 488.5361443187714, 587.561, 685.798432367897, 787.1740199649811, 888.7498823215484, 988.749784608078, 1087.762, 1187.762, 1286.5741085231782, 1384.9004189299585, 1485.316345871353, 1582.3402260603903, 1683.9290571010588, 1785.617526097107, 1893.6692954423904, 1994.6138908973694, 2095.608014635086, 2186.2105509115218, 2292.7755027454377, 2388.199, 2488.199, 2569.537886880398, 2670.8324620819094, 2752.004784175873, 2852.0049006938934, 2953.4507134757996]
shares:[0, 9.6154, 19.1483, 28.9044, 38.7761, 48.7561, 58.7561, 68.7862, 78.7962, 88.7862, 98.7762, 108.7762, 118.7762, 128.7862, 138.8093, 148.8293, 158.8695, 168.8996, 178.9196, 188.8947, 198.8648, 208.8299, 218.8399, 228.8199, 238.8199, 248.8199, 258.8955, 268.966, 279.108, 289.25, 299.3868]
growth_rate:-1.55
