ticker:GHSI
price:[1.3739972114562988, 1.3739972114562988, 1.3319973945617676, 1.1819976568222046, 1.391997218132019, 1.2059975862503052, 1.211997628211975, 1.1819976568222046, 1.0739978551864624, 1.001997947692871, 1.151997685432434, 1.3559973239898682, 1.4699970483779907, 1.517996907234192, 1.397997260093689, 1.4639971256256104, 2.0519959926605225, 2.489995002746582, 4.403991222381592, 3.8099923133850098, 4.811990261077881, 4.877990245819092, 4.728000164031982, 6.599999904632568, 6.539999961853027, 3.029994010925293, 2.549999952316284, 2.8399999141693115, 2.619999885559082, 2.5999999046325684, 2.4700000286102295, 2.119999885559082, 1.840000033378601, 1.7200000286102295, 1.7599999904632568, 1.5499999523162842, 1.5800000429153442, 1.600000023841858, 1.5700000524520874, 1.600000023841858, 1.75, 1.7300000190734863, 1.8700000047683716, 1.6799999475479126, 1.5800000429153442, 1.399999976158142, 1.4199999570846558, 1.350000023841858, 1.3300000429153442, 1.25, 1.1399999856948853, 1.2599999904632568]
assets:[0, 100.00006664867401, 196.9432739713669, 274.7649295093417, 423.58099508508445, 466.98180255701544, 569.3051011128188, 655.2133333130479, 695.3461641679287, 748.730742038536, 960.8161815499664, 1230.9608107447623, 1434.4485507561803, 1581.2876630856515, 1556.284800869167, 1729.7574022387028, 2524.495977116108, 3163.3501583678244, 5694.93757338953, 5026.819276450825, 6448.833018693924, 6637.283281082058, 6533.197906661034, 9219.945766775369, 9236.128026126862, 4379.115206257438, 3785.4012342149017, 4315.897885564613, 4081.567607718182, 4150.410527763844, 4042.890118829155, 3570.0106952852248, 3198.5000260225297, 3089.902135396981, 3261.760286325812, 2972.5728585526945, 3130.1066430187343, 3269.7282087227463, 3308.4209185309405, 3471.6390917314525, 3897.105275, 3952.567027577591, 4372.42784014939, 4028.1703142345546, 3888.39843361516, 3545.4162196219204, 3696.0649222972515, 3613.864743823147, 3660.326102108383, 3540.156, 3328.6222322312947, 3779.003563397312]
shares:[0, 72.7804, 147.8556, 232.4581, 304.2973, 387.2162, 469.7246, 554.3271, 647.4372, 747.2378, 834.0435, 907.79, 975.8173, 1041.6936, 1113.2245, 1181.5306, 1230.2636, 1270.4243, 1293.131, 1319.3778, 1340.1592, 1360.6594, 1381.81, 1396.9615, 1412.252, 1445.2554, 1484.4711, 1519.6824, 1557.8503, 1596.3118, 1636.7976, 1683.9674, 1738.3152, 1796.4547, 1853.2729, 1917.789, 1981.0801, 2043.5801, 2107.2744, 2169.7744, 2226.9173, 2284.7208, 2338.1967, 2397.7205, 2461.0116, 2532.4402, 2602.8627, 2676.9368, 2752.1248, 2832.1248, 2919.8441, 2999.2092]
growth_rate:-25.9
