ticker:GIFI
price:[2.8299999237060547, 2.75, 3.1600000858306885, 3.0199999809265137, 3.4000000953674316, 3.299999952316284, 3.4100000858306885, 3.569999933242798, 3.259999990463257, 3.0, 2.9100000858306885, 2.9800000190734863, 3.1700000762939453, 3.109999895095825, 3.049999952316284, 3.1700000762939453, 3.200000047683716, 3.059999942779541, 3.200000047683716, 3.549999952316284, 3.690000057220459, 3.440000057220459, 4.0, 4.289999961853027, 4.269999980926514, 4.019999980926514, 3.759999990463257, 4.070000171661377, 3.619999885559082, 3.6700000762939453, 3.8499999046325684, 4.409999847412109, 4.230000019073486, 4.170000076293945, 4.159999847412109, 4.239999771118164, 4.309999942779541, 4.769999980926514, 4.920000076293945, 4.920000076293945, 4.849999904632568, 4.480000019073486, 4.449999809265137, 4.630000114440918, 4.579999923706055, 4.599999904632568, 4.599999904632568, 4.559999942779541, 4.420000076293945, 4.53000020980835, 4.349999904632568, 4.420000076293945]
assets:[0, 99.9999, 214.90907783727647, 305.3878340712547, 443.8142524486542, 530.7607723307133, 648.452777321744, 778.878666435361, 811.2448036267996, 846.5442, 921.1480141693354, 1043.3060526776792, 1209.825457117462, 1286.9263535903692, 1362.0982587049484, 1515.6889374788284, 1630.0329842893839, 1658.7188689827922, 1834.6080273377897, 2135.268171319008, 2319.476102967882, 2262.3301416312693, 2730.6164, 3028.585962069607, 3114.4666770881176, 3032.1207636136533, 2936.0132885531903, 3278.0782602602962, 3015.636922665119, 3157.2896886354447, 3412.1428804786206, 4008.4543673057556, 3944.8442967876913, 3988.8890499803542, 4079.3233063713074, 4257.771730158806, 4428.065495212078, 5000.666686004161, 5257.920441534043, 5357.920427084732, 5381.689874177742, 5071.127957590199, 5137.169224811841, 5444.965326584625, 5486.164358611107, 5610.121243690682, 5710.121101617479, 5760.467807715655, 5683.6113561052325, 5925.059074420929, 5789.625848070859, 5982.792321269416]
shares:[0, 36.3636, 68.0092, 101.1218, 130.5336, 160.8366, 190.1621, 218.1733, 248.8481, 282.1814, 316.5457, 350.1027, 381.6484, 413.8027, 446.5896, 478.1353, 509.3853, 542.065, 573.315, 601.484, 628.5843, 657.6541, 682.6541, 705.9641, 729.3833, 754.2589, 780.8546, 805.4246, 833.0489, 860.2969, 886.2709, 908.9466, 932.5873, 956.5681, 980.6066, 1004.1915, 1027.3934, 1048.3578, 1068.683, 1089.0082, 1109.6268, 1131.9482, 1154.4201, 1176.0184, 1197.8525, 1219.5916, 1241.3307, 1263.2605, 1285.8849, 1307.96, 1330.9485, 1353.5729]
growth_rate:17.31
