ticker:GIG
price:[9.619999885559082, 9.779999732971191, 9.770000457763672, 9.710000038146973, 9.680000305175781, 9.65999984741211, 9.649999618530273, 9.680000305175781, 9.8100004196167, 9.829999923706055, 9.84000015258789, 9.850000381469727, 9.829999923706055, 9.819999694824219, 9.850000381469727, 9.829999923706055, 9.779999732971191, 9.75, 9.829999923706055, 9.8100004196167, 9.84000015258789, 9.835000038146973]
assets:[0, 99.99951926965713, 199.89714036598207, 298.6698911733627, 397.74734053955075, 496.92584815063475, 596.4114714235305, 698.2658540138245, 807.6436005464553, 909.2897379426955, 1010.2147596652985, 1111.2415830360412, 1208.984809616661, 1307.7548913589476, 1411.7503196741106, 1508.8833622890475, 1601.2079622813226, 1696.2962249999998, 1810.2141459503173, 1906.5313985507012, 2012.3617032054901, 2111.339451689243]
shares:[0, 10.2249, 20.4603, 30.759, 41.0896, 51.4416, 61.8043, 72.1349, 82.3286, 92.5015, 102.6641, 112.8164, 122.9893, 133.1726, 143.3249, 153.4978, 163.7227, 173.9791, 184.152, 194.3457, 204.5083, 214.6761]
growth_rate:0.54
