ticker:GIGE
price:[27.180999755859375, 26.83099937438965, 26.621000289916992, 27.04800033569336, 28.143999099731445, 29.864999771118164, 30.350000381469727, 30.558000564575195, 28.559999465942383, 32.52399826049805, 31.549999237060547, 32.86000061035156, 34.470001220703125, 34.439998626708984, 35.49800109863281, 37.290000915527344, 37.290000915527344, 36.58700180053711, 38.75, 38.939998626708984, 41.20600128173828, 40.060001373291016, 44.47999954223633, 47.560001373291016, 46.402000427246094, 41.540000915527344, 38.119998931884766, 40.349998474121094, 39.08000183105469, 36.66999816894531, 38.31999969482422, 38.9900016784668, 38.79999923706055, 38.709999084472656, 37.56999969482422, 35.077999114990234, 33.349998474121094, 34.470001220703125, 35.880001068115234, 35.970001220703125, 36.57500076293945, 37.25, 38.869998931884766, 38.47999954223633, 37.7599983215332, 35.869998931884766, 36.994998931884766, 35.60200119018555, 35.540000915527344, 35.189998626708984, 33.98500061035156, 35.900001525878906]
assets:[0, 99.99913466835022, 199.21559356956482, 302.41016775321964, 414.6652395357132, 540.0219123613358, 648.7919581546784, 753.2394349164963, 803.9896889657974, 1015.5813600830078, 1085.168533758545, 1230.225846850586, 1390.5026142425538, 1489.2923046146393, 1635.045030203247, 1817.5854956245423, 1917.5860910797119, 1981.434939111328, 2198.57425, 2309.3560885562897, 2543.741232924652, 2572.9978042045595, 2956.8880335693357, 3261.636358179474, 3282.2222992210386, 3038.310438963318, 2888.1655310741426, 3157.121070610046, 3157.75403195343, 3063.019278053284, 3300.8426217124943, 3458.557411886215, 3541.702730358124, 3633.4869670646667, 3626.4817905426025, 3485.9393024505616, 3414.216098787689, 3628.8776365112303, 3877.3184954242706, 3987.044427307129, 4154.104464152908, 4330.770675, 4619.116323070526, 4672.772568412018, 4685.339887732315, 4550.823177488327, 4793.552996601105, 4713.057001158905, 4804.848193775178, 4857.528878434754, 4791.195190547181, 5161.170899368286]
shares:[0, 3.727, 7.4834, 11.1805, 14.7337, 18.0821, 21.377, 24.6495, 28.1509, 31.2256, 34.3952, 37.4384, 40.3395, 43.2431, 46.0602, 48.7419, 51.4236, 54.1568, 56.7374, 59.3055, 61.7323, 64.2286, 66.4768, 68.5794, 70.7345, 73.1418, 75.7651, 78.2434, 80.8023, 83.5293, 86.1389, 88.7037, 91.281, 93.8643, 96.526, 99.3768, 102.3753, 105.2764, 108.0635, 110.8436, 113.5777, 116.2623, 118.835, 121.4338, 124.0821, 126.8699, 129.573, 132.3818, 135.1955, 138.0372, 140.9797, 143.7652]
growth_rate:1.2
