ticker:GIGGU
price:[10.390000343322754, 10.380000114440918, 10.25, 10.0600004196167, 10.020000457763672, 9.920000076293945, 9.949999809265137, 9.90999984741211, 10.0, 9.989999771118164, 10.0, 9.989999771118164, 9.960000038146973, 9.979999542236328, 9.930000305175781, 10.0, 10.109999656677246, 10.25, 10.229999542236328, 10.210000038146973, 10.1899995803833, 10.170000076293945, 10.170000076293945, 10.140000343322754, 10.130000114440918, 10.020000457763672, 10.100000381469727, 10.079999923706055, 10.069999694824219, 9.990099906921387]
assets:[0, 99.99988310251237, 198.7475, 295.06383630752566, 393.89022599487305, 489.9587237682342, 591.4409236624717, 689.0631003902436, 795.321, 894.5255585054398, 995.421, 1094.4254539255141, 1191.1393125620841, 1293.5306946681976, 1387.0502466278074, 1496.828, 1613.293085214615, 1735.633525, 1832.2471370121002, 1928.6649232059478, 2024.886405616665, 2120.9118189107894, 2220.9113956609726, 2314.3597623601913, 2412.0776262497902, 2485.884959567642, 2605.7324284166334, 2700.5720915597917, 2797.893023208618, 2875.693215636921]
shares:[0, 9.6339, 19.39, 29.3304, 39.3104, 49.391, 59.4413, 69.5321, 79.5321, 89.5421, 99.5421, 109.5521, 119.5923, 129.6123, 139.6828, 149.6828, 159.574, 169.3301, 179.1053, 188.8996, 198.7131, 208.5459, 218.3787, 228.2406, 238.1123, 248.0923, 257.9933, 267.9139, 277.8444, 287.8543]
growth_rate:-0.84
