ticker:GIGM
price:[2.8499999046325684, 2.880000114440918, 2.880000114440918, 2.8499999046325684, 2.8499999046325684, 2.869999885559082, 2.8399999141693115, 2.9000000953674316, 2.9200000762939453, 2.890000104904175, 2.7699999809265137, 2.819999933242798, 2.819999933242798, 2.859999895095825, 3.0799999237060547, 2.990000009536743, 2.940000057220459, 3.200000047683716, 3.180000066757202, 3.319999933242798, 3.450000047683716, 3.4800000190734863, 3.700000047683716, 3.8399999141693115, 3.9100000858306885, 3.3399999141693115, 3.180000066757202, 4.079999923706055, 3.740000009536743, 3.809999942779541, 3.4000000953674316, 3.2699999809265137, 2.9200000762939453, 3.009999990463257, 2.9200000762939453, 2.8499999046325684, 2.7300000190734863, 2.7300000190734863, 2.9200000762939453, 3.0199999809265137, 3.049999952316284, 2.869999885559082, 2.9000000953674316, 2.950000047683716, 2.9200000762939453, 2.9600000381469727, 2.6500000953674316, 2.700000047683716, 2.640000104904175, 2.609999895095825, 2.5, 2.6600000858306885]
assets:[0, 99.99993997364045, 199.9998799472809, 297.9164750310421, 397.9164166848183, 500.7087900342941, 595.4749940035105, 708.0556132846356, 812.9388252405167, 904.5867948356153, 967.0261063413143, 1084.481452327323, 1184.4814699600458, 1301.2825062692405, 1501.3810748096466, 1557.5095429677488, 1631.4642437527657, 1875.7433879507541, 1964.0198752303363, 2150.4861327589038, 2334.691967268634, 2454.9935054555417, 2710.194164927602, 2912.74207889514, 3065.8388873000144, 2718.900544130206, 2688.6538044424533, 3549.5934056243896, 3353.7941445519446, 3516.5655581864835, 3238.1427508274555, 3214.331174251223, 2970.2897776079176, 3161.8397409821746, 3167.2998467554094, 3191.371183209514, 3156.9976840567588, 3256.9975847554206, 3583.6752136344912, 3806.4037479598046, 3944.21571333611, 3811.4422170191765, 3951.2834799392226, 4119.408976586008, 4177.516797150422, 4334.74304786396, 3980.766543258667, 4155.875173395395, 4163.522517443514, 4216.209490537167, 4138.514999999999, 4503.380145311356]
shares:[0, 34.7222, 69.4444, 104.5321, 139.6198, 174.463, 209.6743, 244.1571, 278.4037, 313.0058, 349.1069, 384.5679, 420.0289, 454.9939, 487.4614, 520.9062, 554.9198, 586.1698, 617.6163, 647.7368, 676.7223, 705.4579, 732.4849, 758.5266, 784.102, 814.0421, 845.4886, 869.9984, 896.7364, 922.9831, 952.3949, 982.9759, 1017.2225, 1050.4451, 1084.6917, 1119.7794, 1156.4094, 1193.0394, 1227.286, 1260.3986, 1293.1855, 1328.0287, 1362.5115, 1396.4098, 1430.6564, 1464.4402, 1502.176, 1539.213, 1577.0918, 1615.406, 1655.406, 1693.0]
growth_rate:-11.7
