ticker:GIII
price:[11.989999771118164, 14.430000305175781, 14.979999542236328, 14.029999732971191, 14.430000305175781, 15.399999618530273, 13.960000038146973, 15.180000305175781, 13.479999542236328, 14.270000457763672, 16.309999465942383, 21.43000030517578, 21.84000015258789, 24.479999542236328, 22.739999771118164, 22.520000457763672, 22.899999618530273, 23.739999771118164, 26.899999618530273, 27.549999237060547, 26.959999084472656, 27.040000915527344, 29.489999771118164, 29.510000228881836, 28.479999542236328, 28.790000915527344, 30.899999618530273, 32.4900016784668, 34.599998474121094, 31.760000228881836, 29.399999618530273, 30.739999771118164, 31.959999084472656, 32.560001373291016, 32.4900016784668, 34.4900016784668, 32.810001373291016, 31.969999313354492, 33.040000915527344, 31.440000534057617, 34.77000045776367, 31.3799991607666, 33.09000015258789, 32.349998474121094, 32.119998931884766, 28.799999237060547, 29.65999984741211, 29.860000610351562, 29.719999313354492, 29.950000762939453, 30.100000381469727, 31.68000030517578]
assets:[0, 99.99990211486816, 203.8118817718506, 290.8867904636383, 399.1799844421387, 526.013166970253, 576.8272015762329, 727.2373826202393, 745.7944546737671, 889.5019275341034, 1116.6624824357987, 1567.2037813179015, 1697.1885958576202, 2002.344010557175, 1960.0197042720795, 2041.0574534885407, 2175.4976737604143, 2355.2976052921294, 2768.8088907354354, 2935.7141437015534, 2972.84405104599, 3081.665080339813, 3460.8844441389083, 3563.2321936367034, 3538.8620871192934, 3677.3813649414064, 4046.8926100399017, 4355.132021990586, 4737.968091053009, 4449.071048062706, 4218.473645264626, 4510.744530414199, 4789.765162792206, 4979.68753802948, 5068.98284486885, 5481.016555735398, 5314.039062423706, 5277.987929640389, 5554.635393917084, 5385.646939483643, 6056.0717837310785, 5565.61627315197, 5968.906587524413, 5935.422440039062, 5993.222420701981, 5473.748014995193, 5737.199022484589, 5875.886752105714, 5948.336010570717, 6094.369915246582, 6224.893788890648, 6651.650080075836]
shares:[0, 6.93, 13.6056, 20.7332, 27.6632, 34.1567, 41.32, 47.9076, 55.326, 62.3337, 68.4649, 73.1313, 77.7101, 81.7951, 86.1926, 90.6331, 94.9999, 99.2122, 102.9297, 106.5595, 110.2687, 113.9669, 117.3579, 120.7466, 124.2578, 127.7312, 130.9674, 134.0453, 136.9355, 140.0841, 143.4855, 146.7386, 149.8675, 152.9388, 156.0167, 158.9161, 161.964, 165.0919, 168.1185, 171.2992, 174.1752, 177.3619, 180.384, 183.4752, 186.5885, 190.0607, 193.4322, 196.7812, 200.1459, 203.4848, 206.8071, 209.9637]
growth_rate:30.42
