ticker:GIIXU
price:[10.550000190734863, 10.149999618530273, 10.149999618530273, 10.09000015258789, 10.0, 9.970000267028809, 10.034000396728516, 10.0600004196167, 10.020000457763672, 10.010000228881836, 10.069999694824219, 10.079999923706055, 9.949999809265137, 9.989999771118164, 9.961000442504883, 10.109999656677246, 10.086000442504883, 10.0, 10.029999732971191, 10.0, 10.0600004196167, 10.015000343322754, 10.0, 9.970000267028809, 9.920000076293945, 9.930000305175781, 9.899999618530273]
assets:[0, 99.99982624168396, 199.99965248336792, 298.81737251892093, 396.15200000000004, 494.9636542567253, 598.1408112495423, 699.6911371850967, 796.9086724067688, 896.1132384899139, 1001.4846306495666, 1102.47882365551, 1188.2608172218322, 1293.0376383750915, 1389.284638117218, 1510.0659447200774, 1606.4810042814254, 1692.783, 1797.8614041355133, 1892.484, 2003.8394115829467, 2094.875678814125, 2191.738, 2285.1629442040444, 2373.7022582559584, 2476.0952260971067, 2568.614301025391]
shares:[0, 9.8522, 19.7044, 29.6152, 39.6152, 49.6453, 59.6114, 69.5518, 79.5318, 89.5218, 99.4523, 109.3729, 119.4232, 129.4332, 139.4724, 149.3636, 159.2783, 169.2783, 179.2484, 189.2484, 199.1888, 209.1738, 219.1738, 229.2039, 239.2845, 249.355, 259.456]
growth_rate:-1.21
