ticker:GILD
price:[66.01000213623047, 65.58000183105469, 65.05000305175781, 62.25, 62.16999816894531, 63.84000015258789, 62.0, 60.790000915527344, 58.150001525878906, 59.06999969482422, 60.59000015258789, 60.11000061035156, 60.029998779296875, 61.560001373291016, 60.7599983215332, 59.08000183105469, 57.06999969482422, 58.2599983215332, 63.040000915527344, 63.33000183105469, 66.94000244140625, 65.5999984741211, 68.45999908447266, 66.88999938964844, 64.37000274658203, 61.400001525878906, 64.62000274658203, 61.560001373291016, 64.45999908447266, 65.23999786376953, 66.44000244140625, 65.11000061035156, 66.87000274658203, 65.4800033569336, 63.470001220703125, 66.54000091552734, 68.52999877929688, 68.75, 66.11000061035156, 67.43000030517578, 68.7699966430664, 66.61000061035156, 67.87999725341797, 69.30000305175781, 68.22000122070312, 68.62999725341797, 69.0199966430664, 68.29000091552734, 68.77999877929688, 71.16000366210938, 72.44000244140625, 71.27999877929688]
assets:[0, 100.00294479217528, 199.19611934509277, 290.62035, 390.2472955062866, 500.7290411968231, 586.2968000000001, 674.8541161636352, 745.546984563446, 857.3419755706786, 979.4009984664917, 1071.6410908813475, 1170.2127902038574, 1300.0364210014345, 1383.1406017913819, 1444.8959727813722, 1495.736208001709, 1626.922105128479, 1860.4049870185854, 1968.9614219284056, 2181.199815551758, 2237.5372279541016, 2435.08793743515, 2479.244382377625, 2485.8407660675052, 2471.1474414115905, 2700.7413187911984, 2672.849075626373, 2898.759712828827, 3033.836048659515, 3189.6383492065434, 3225.7903372390747, 3412.9847571830746, 3442.0415004615784, 3436.380112091065, 3702.5983889442446, 3913.330197293091, 4025.89, 3971.2938466644287, 4150.58623878479, 4333.066825485992, 4296.971173373413, 4478.898706773377, 4672.594285766601, 4699.771392095948, 4828.017361782074, 4955.4563069808955, 5003.04156007309, 5138.938876794433, 5416.763522763062, 5614.201605212403, 5624.2984076812745]
shares:[0, 1.5249, 3.0622, 4.6686, 6.2771, 7.8435, 9.4564, 11.1014, 12.8211, 14.514, 16.1644, 17.828, 19.4938, 21.1182, 22.764, 24.4566, 26.2088, 27.9252, 29.5115, 31.0905, 32.5844, 34.1088, 35.5695, 37.0645, 38.618, 40.2467, 41.7942, 43.4186, 44.9699, 46.5027, 48.0078, 49.5437, 51.0391, 52.5663, 54.1418, 55.6447, 57.1039, 58.5584, 60.071, 61.554, 63.0081, 64.5094, 65.9826, 67.4256, 68.8914, 70.3485, 71.7974, 73.2617, 74.7156, 76.1209, 77.5014, 78.9043]
growth_rate:10.28
