ticker:GILT
price:[5.300000190734863, 5.409999847412109, 5.550000190734863, 5.630000114440918, 5.210000038146973, 5.239999771118164, 5.320000171661377, 5.579999923706055, 5.989999771118164, 6.079999923706055, 5.360000133514404, 5.480000019073486, 6.150000095367432, 6.329999923706055, 6.260000228881836, 6.159999847412109, 6.039999961853027, 6.519999980926514, 6.989999771118164, 7.320000171661377, 10.100000381469727, 11.420000076293945, 15.1899995803833, 21.299999237060547, 15.34000015258789, 13.970000267028809, 11.350000381469727, 13.359999656677246, 12.289999961853027, 10.420000076293945, 10.770000457763672, 10.609999656677246, 9.890000343322754, 9.850000381469727, 10.050000190734863, 9.65999984741211, 8.75, 9.449999809265137, 10.09000015258789, 10.520000457763672, 10.869999885559082, 9.859999656677246, 10.270000457763672, 9.949999809265137, 10.430000305175781, 9.25, 9.8100004196167, 10.479999542236328, 10.479999542236328, 10.34000015258789, 10.0, 9.800000190734863]
assets:[0, 100.00006017951966, 202.5877719622612, 305.50801521005627, 382.71722480220797, 484.9211068187713, 592.3245631126404, 721.2724641382217, 874.2692185935974, 987.4053636096954, 970.4757281739711, 1092.2029118014812, 1325.7389155580997, 1464.5410653482438, 1548.3453266115189, 1623.6114877819061, 1691.9827733139036, 1926.4448343644142, 2165.314597098541, 2367.5398635211945, 3366.6876671573636, 3906.6906660995483, 5296.377660690021, 7526.782860400009, 5520.697314914703, 5127.649482012176, 4265.986173378372, 5121.459676389694, 4811.2830400662415, 4179.216118599701, 4419.593542848586, 4453.935681877709, 4251.689389593696, 4334.493652865791, 4522.503100830745, 4447.003147755814, 4128.082875, 4558.329312996579, 4967.041708115005, 5278.7195176963805, 5554.341671523094, 5138.252881087303, 5451.912930007554, 5382.038476829911, 5741.674490998077, 5192.088825000001, 5606.421125811195, 6089.326182019806, 6189.326337651825, 6206.645063591766, 6102.558, 6080.507138343333]
shares:[0, 18.4843, 36.5023, 54.2643, 73.4582, 92.5422, 111.3392, 129.2603, 145.9548, 162.4022, 181.0589, 199.3071, 215.5673, 231.3651, 247.3395, 263.5733, 280.1296, 295.467, 309.7732, 323.4344, 333.3354, 342.092, 348.6753, 353.3701, 359.889, 367.0472, 375.8578, 383.3428, 391.4795, 401.0764, 410.3615, 419.7866, 429.8978, 440.0501, 450.0003, 460.3523, 471.7809, 482.3629, 492.2737, 501.7794, 510.979, 521.121, 530.8581, 540.9084, 550.4961, 561.3069, 571.5006, 581.0426, 590.5846, 600.2558, 610.2558, 620.4599]
growth_rate:19.23
