ticker:GLAD
price:[7.440000057220459, 7.380000114440918, 7.670000076293945, 7.300000190734863, 7.639999866485596, 7.659999847412109, 7.699999809265137, 7.570000171661377, 7.309999942779541, 7.579999923706055, 8.289999961853027, 8.300000190734863, 8.489999771118164, 8.6899995803833, 8.569999694824219, 9.100000381469727, 8.680000305175781, 8.859999656677246, 8.989999771118164, 9.260000228881836, 9.319999694824219, 9.09000015258789, 9.869999885559082, 9.880000114440918, 9.710000038146973, 9.729999542236328, 9.720000267028809, 10.229999542236328, 9.90999984741211, 9.960000038146973, 10.170000076293945, 10.529999732971191, 10.760000228881836, 10.770000457763672, 11.029999732971191, 10.989999771118164, 10.630000114440918, 10.920000076293945, 11.390000343322754, 11.65999984741211, 11.800000190734863, 11.029999732971191, 11.350000381469727, 11.670000076293945, 11.510000228881836, 11.5, 11.369999885559082, 11.40999984741211, 11.779999732971191, 11.789999961853027, 11.529999732971191, 11.720000267028809]
assets:[0, 99.99973955068589, 203.9291950284958, 294.09145768404005, 407.78881287360196, 508.85608786354067, 611.5131948523522, 701.1886769005299, 777.1056259170532, 905.8084748828887, 1090.653119981289, 1191.9688373915674, 1319.2551214342116, 1450.3331219673157, 1530.3054235061647, 1724.945112309265, 1745.3319293632508, 1881.5254750913618, 2009.132795848274, 2169.4735976234438, 2283.530405227661, 2327.1772980648043, 2626.868885541916, 2729.530835616398, 2782.5655809316636, 2888.2968491153715, 2985.3289540132523, 3241.966648931122, 3240.5560761039733, 3356.9064608570097, 3527.684198464203, 3752.558103839397, 3934.52320369339, 4038.180438637161, 4235.666596457386, 4320.306285023689, 4278.7855200647355, 4495.516147408485, 4789.004235352421, 5002.527046534729, 5162.59212344799, 4925.711100751877, 5168.615383715439, 5414.33854739685, 5440.1060751791, 5535.3801, 5572.806468908787, 5692.411270874405, 5977.003410513401, 6082.077805321216, 6047.951824932575, 6247.614530345822]
shares:[0, 13.5501, 26.5879, 40.2865, 53.3755, 66.4303, 79.4173, 92.6273, 106.3072, 119.4998, 131.5625, 143.6107, 155.3893, 166.8968, 178.5654, 189.5544, 201.0751, 212.3618, 223.4853, 234.2844, 245.014, 256.0151, 266.1468, 276.2683, 286.567, 296.8445, 307.1326, 316.9078, 326.9986, 337.0388, 346.8716, 356.3683, 365.662, 374.9471, 384.0133, 393.1125, 402.5198, 411.6773, 420.4569, 429.0332, 437.5078, 446.574, 455.3846, 463.9536, 472.6417, 481.3374, 490.1325, 498.8967, 507.3857, 515.8675, 524.5405, 533.0729]
growth_rate:22.5
