ticker:GLADL
price:[25.0, 24.719999313354492, 24.21500015258789, 24.25, 24.989999771118164, 24.917999267578125, 24.709999084472656, 24.969999313354492, 24.489999771118164, 24.565000534057617, 24.850000381469727, 25.25, 25.520000457763672, 25.299999237060547, 25.850000381469727, 25.450000762939453, 25.329999923706055, 25.770000457763672, 26.479999542236328, 25.40999984741211, 25.450000762939453, 25.350000381469727, 25.549999237060547, 25.40999984741211, 25.940000534057617, 25.739999771118164, 25.56999969482422, 25.56999969482422, 25.989999771118164, 25.65999984741211, 25.709999084472656, 26.09000015258789, 25.790000915527344, 25.790000915527344, 25.899999618530273, 25.68000030517578, 25.899999618530273, 25.860000610351562, 25.68000030517578, 25.621000289916992, 25.510000228881836, 25.5, 25.690000534057617, 25.684999465942383, 25.709999084472656, 25.700000762939453, 25.299999237060547, 25.520000457763672, 25.600000381469727, 25.469999313354492, 25.510000228881836, 25.54800033569336]
assets:[0, 99.99981322231292, 197.957626247406, 298.243475, 407.3444932691574, 506.17177812194825, 601.9454616973877, 708.2790245231629, 794.6637575731278, 897.0966240034104, 1007.5035054660797, 1123.72095, 1235.7371181659698, 1325.0849300411223, 1453.8919114551545, 1531.3952609081268, 1624.1747931079863, 1752.388378128433, 1900.6681671428682, 1923.867318447113, 2026.896595762253, 2118.9330168859483, 2235.650483242035, 2323.4014510478974, 2471.864154891205, 2552.8056613002777, 2635.944786540222, 2735.9439413467408, 2880.8823166294096, 2944.302796491623, 3050.038895388794, 3195.1196956867216, 3258.380927670288, 3358.3816562202455, 3472.7056188520432, 3543.2083141067505, 3673.562705893707, 3767.8900129302974, 3841.663845653534, 3932.836355002403, 4015.7969910306933, 4114.22355, 4244.87953124485, 4344.052589675903, 4448.279766597748, 4546.551154970551, 4575.7882220138545, 4715.5780285854335, 4830.3591119779585, 4905.830054743767, 5013.533915982628, 5121.002139688492]
shares:[0, 4.0453, 8.175, 12.2987, 16.3003, 20.3135, 24.3604, 28.3652, 32.4485, 36.5193, 40.5434, 44.5038, 48.4223, 52.3749, 56.2434, 60.1727, 64.1206, 68.0011, 71.7775, 75.713, 79.6423, 83.5871, 87.501, 91.4365, 95.2916, 99.1766, 103.0874, 106.9982, 110.8458, 114.7429, 118.6324, 122.4653, 126.3428, 130.2203, 134.0813, 137.9754, 141.8364, 145.7034, 149.5975, 153.5005, 157.4205, 161.3421, 165.2347, 169.128, 173.0175, 176.9086, 180.8612, 184.7797, 188.6859, 192.6121, 196.5321, 200.4463]
growth_rate:0.41
