ticker:GLAQU
price:[10.149999618530273, 10.324999809265137, 10.390000343322754, 10.279999732971191, 10.510000228881836, 10.609999656677246, 10.640000343322754, 10.5, 11.0, 11.199999809265137, 11.25, 11.149999618530273, 10.6899995803833, 10.600000381469727, 10.460000038146973, 10.319000244140625, 10.489999771118164, 10.479999542236328, 10.54699993133545, 10.508999824523926, 10.5, 10.520000457763672, 10.640999794006348, 10.40999984741211, 10.510000228881836, 10.460000038146973, 10.585000038146973, 10.510000228881836, 10.550000190734863, 10.609999656677246, 10.550000190734863, 10.630000114440918, 10.600000381469727, 10.550000190734863, 10.670000076293945, 10.579999923706055, 10.510000228881836, 10.583000183105469]
assets:[0, 99.9996881526947, 200.6288286294937, 298.5044642461777, 405.18257982387547, 509.0380755283356, 610.4774676983834, 702.44475, 835.8943999999999, 951.0927838029861, 1055.3388750000001, 1145.9579357938767, 1198.6803429479598, 1288.5890463733672, 1371.5695970020295, 1453.0813702789308, 1577.1609755878446, 1675.6576068077086, 1786.3706911701202, 1879.9350115094185, 1978.32495, 2082.0932425994874, 2206.0410004943847, 2258.1506999004364, 2379.8424118270873, 2468.5202610025403, 2598.0194568629263, 2679.610740355301, 2789.8093454373357, 2905.6757259769442, 2989.24443904295, 3111.9112735023496, 3203.129315273285, 3288.0204444445612, 3425.420000492859, 3496.527042786026, 3573.392720819664, 3698.212481185913]
shares:[0, 9.6852, 19.3098, 29.0374, 38.5521, 47.9772, 57.3757, 66.8995, 75.9904, 84.919, 93.8079, 102.7765, 112.131, 121.565, 131.1252, 140.8161, 150.349, 159.891, 169.3724, 178.8881, 188.4119, 197.9176, 207.3152, 216.9213, 226.436, 235.9962, 245.4435, 254.9582, 264.4369, 273.862, 283.3407, 292.748, 302.182, 311.6607, 321.0328, 330.4846, 339.9993, 349.4484]
growth_rate:-0.05
