ticker:GLAQ
price:[10.199999809265137, 10.229999542236328, 10.199999809265137, 10.140000343322754, 9.949999809265137, 9.949999809265137, 9.90999984741211, 9.85099983215332, 9.949999809265137, 9.979999542236328, 10.069999694824219, 9.989999771118164, 10.0, 10.0, 9.989999771118164, 9.9399995803833, 9.972999572753906, 10.0, 10.010000228881836, 9.979999542236328, 9.977999687194824, 10.0, 10.0, 10.0, 9.96500015258789, 9.975000381469727, 10.0, 9.97700023651123, 10.0, 10.020000457763672, 10.008299827575684]
assets:[0, 100.00029152526855, 199.70681626558303, 298.53175010776516, 392.9384274676323, 492.93891055068974, 590.9570749008178, 687.4392169870376, 794.348284772873, 896.742878868103, 1004.8298845481872, 1096.8470298700333, 1197.945, 1297.945, 1396.6469230012892, 1489.6570431141854, 1594.6028476867675, 1698.92, 1800.6188611717225, 1895.221873069763, 1994.841609462738, 2099.2400000000002, 2199.2400000000002, 2299.2400000000002, 2391.192468114853, 2493.592490361404, 2599.8419999999996, 2693.8628959597586, 2800.073, 2905.6728787456514, 3002.279773976326]
shares:[0, 9.7752, 19.5791, 29.441, 39.4913, 49.5416, 59.6324, 69.7837, 79.834, 89.854, 99.7845, 109.7945, 119.7945, 129.7945, 139.8045, 149.8649, 159.892, 169.892, 179.882, 189.902, 199.924, 209.924, 219.924, 229.924, 239.9591, 249.9842, 259.9842, 270.0073, 280.0073, 289.9873, 299.979]
growth_rate:0.08
