ticker:GLBLU
price:[10.0600004196167, 10.079999923706055, 9.989999771118164, 9.949999809265137, 9.90999984741211, 9.949999809265137, 9.979999542236328, 10.0, 10.0, 9.989999771118164, 9.949999809265137, 10.0, 9.960000038146973, 9.930000305175781, 9.970000267028809, 9.960000038146973, 9.970000267028809, 9.9399995803833, 9.970000267028809, 9.979999542236328, 10.0, 9.979999542236328, 9.979999542236328, 9.90999984741211, 9.920999526977539, 9.869999885559082, 9.850000381469727]
assets:[0, 99.99964724311829, 199.10668943824766, 298.30994928159714, 397.1105408855438, 498.71389043998715, 600.2171324691773, 701.42, 801.42, 900.6184593658447, 997.012865887928, 1102.023, 1197.6153045868875, 1294.0081297683714, 1399.2207444756507, 1497.8176737366675, 1599.321640834999, 1694.509500466347, 1799.6239311997413, 1901.4284347850798, 2005.239, 2101.2280256206514, 2201.227621033859, 2285.788041804886, 2388.324876427269, 2476.047391290665, 2571.0303545705797]
shares:[0, 9.9206, 19.9306, 29.9809, 40.0717, 50.122, 60.142, 70.142, 80.142, 90.152, 100.2023, 110.2023, 120.2425, 130.313, 140.3431, 150.3833, 160.4134, 170.4738, 180.5039, 190.5239, 200.5239, 210.5439, 220.5639, 230.6547, 240.7343, 250.866, 261.0183]
growth_rate:-1.11
