ticker:GLBS
price:[12.0, 13.0, 13.0, 11.0, 12.0, 12.0, 13.0, 7.860000133514404, 7.5, 7.460000038146973, 8.84000015258789, 8.270000457763672, 9.25, 10.430000305175781, 6.230000019073486, 6.369999885559082, 6.190000057220459, 5.710000038146973, 6.820000171661377, 6.579999923706055, 7.150000095367432, 5.340000152587891, 5.849999904632568, 5.949999809265137, 5.929999828338623, 5.320000171661377, 4.46999979019165, 5.139999866485596, 4.940000057220459, 5.03000020980835, 4.650000095367432, 4.579999923706055, 4.070000171661377, 4.5, 4.909999847412109, 4.440000057220459, 4.329999923706055, 4.360000133514404, 4.320000171661377, 4.480000019073486, 5.199999809265137, 5.059999942779541, 4.070000171661377, 3.7899999618530273, 3.569999933242798, 2.9100000858306885, 2.75, 2.8399999141693115, 2.9000000953674316, 2.8299999237060547, 2.5899999141693115, 3.0999999046325684]
assets:[0, 99.99990000000001, 199.99980000000002, 269.2305, 393.7056, 493.7052, 634.8472, 483.8380282187462, 561.67725, 658.6814493681908, 880.5285471988677, 923.752435131836, 1133.2175, 1377.7790513130187, 922.9688958257199, 1043.7098302491188, 1114.2173422998428, 1127.8157965346336, 1447.0587704228878, 1496.1360366525648, 1725.7404680181028, 1388.8747656864168, 1621.5199385657788, 1749.2380639259338, 1843.358236638546, 1753.7380565881729, 1573.5355841429712, 1909.3901884025097, 1935.0948464143753, 2070.3495953571796, 2013.9415463041782, 2083.6242492908477, 1951.6049683133124, 2257.7940000000003, 2563.504046334076, 2418.1177151634693, 2458.2093706867217, 2575.2410548604967, 2651.6148093657016, 2849.822540133047, 3407.829755001545, 3416.080343369627, 2847.716849108839, 2751.804893302631, 2692.0694766596557, 2294.3761816728115, 2268.22475, 2442.4575781838657, 2594.0590753064635, 2631.4437330589294, 2508.2823088773725, 3102.1912945651534]
shares:[0, 7.6923, 15.3846, 24.4755, 32.8088, 41.1421, 48.8344, 61.557, 74.8903, 88.2951, 99.6073, 111.6992, 122.51, 132.0977, 148.1491, 163.8477, 180.0028, 197.5159, 212.1787, 227.3763, 241.3623, 260.0889, 277.1829, 293.9896, 310.853, 329.65, 352.0214, 371.4767, 391.7196, 411.6003, 433.1057, 454.9398, 479.5098, 501.732, 522.0986, 544.6211, 567.7158, 590.6516, 613.7997, 636.1211, 655.3519, 675.1147, 699.6847, 726.0699, 754.0811, 788.4454, 824.809, 860.0203, 894.5031, 929.8388, 968.4488, 1000.7069]
growth_rate:-39.17
