ticker:GLBZ
price:[9.630000114440918, 9.539999961853027, 10.569999694824219, 10.399999618530273, 10.670000076293945, 10.319999694824219, 9.470000267028809, 9.319999694824219, 10.0, 10.220000267028809, 9.779999732971191, 10.539999961853027, 10.0, 9.899999618530273, 9.899999618530273, 9.800000190734863, 10.699999809265137, 11.0, 11.770000457763672, 11.5, 11.25, 11.0, 11.859999656677246, 11.899999618530273, 10.949999809265137, 11.0, 12.5, 12.130000114440918, 11.449999809265137, 11.989999771118164, 11.550000190734863, 11.630000114440918, 12.25, 12.5, 11.920000076293945, 12.109999656677246, 12.050000190734863, 12.199999809265137, 12.220000267028809, 12.149999618530273, 12.5, 12.149999618530273, 13.0, 12.460000038146973, 12.260000228881836, 12.079999923706055, 12.359999656677246, 12.399999618530273, 12.0, 12.25, 12.40999984741211, 12.0]
assets:[0, 100.0001876001358, 210.79644691390993, 307.40630872440335, 415.38737097015377, 501.761481162262, 560.4346158027649, 651.5574506652832, 799.096, 916.675769950962, 977.2097493186951, 1153.1487218264579, 1194.069, 1282.128160596657, 1382.1280567434312, 1468.1674285745619, 1702.9991296428682, 1850.7467, 2080.2993239078523, 2132.5784, 2186.218125, 2237.6354, 2512.5776932660106, 2621.052265978813, 2511.8084112475394, 2623.2778000000003, 3080.9975, 3089.7997231508257, 3016.5871797494888, 3258.8543607904435, 3239.2633884926795, 3361.700379079628, 3640.914375, 3815.2187499999995, 3738.1930799263005, 3897.7777734966276, 3978.466622973633, 4127.990715462971, 4234.757996537018, 4310.500319664574, 4534.67125, 4507.700888473129, 4923.0545, 4818.558626752281, 4841.214178380585, 4870.13532124157, 5083.018958809375, 5199.4686400451665, 5131.7436, 5338.65535, 5508.384438271331, 5426.3988]
shares:[0, 10.4822, 19.9429, 29.5583, 38.9304, 48.6203, 59.18, 69.9096, 79.9096, 89.6943, 99.9192, 109.4069, 119.4069, 129.5079, 139.6089, 149.813, 159.1588, 168.2497, 176.7459, 185.4416, 194.3305, 203.4214, 211.8531, 220.2565, 229.3889, 238.4798, 246.4798, 254.7238, 263.4574, 271.7977, 280.4557, 289.0542, 297.2175, 305.2175, 313.6068, 321.8644, 330.1632, 338.3599, 346.5432, 354.7737, 362.7737, 371.0042, 378.6965, 386.7222, 394.8788, 403.1569, 411.2475, 419.312, 427.6453, 435.8086, 443.8666, 452.1999]
growth_rate:6.4
