ticker:GLDD
price:[9.279999732971191, 8.979999542236328, 9.390000343322754, 9.460000038146973, 9.399999618530273, 10.510000228881836, 10.899999618530273, 11.350000381469727, 10.329999923706055, 10.239999771118164, 10.989999771118164, 10.880000114440918, 11.34000015258789, 11.5, 11.579999923706055, 12.180000305175781, 12.5, 13.170000076293945, 14.300000190734863, 14.069999694824219, 14.59000015258789, 13.630000114440918, 14.399999618530273, 15.479999542236328, 14.75, 15.1899995803833, 14.729999542236328, 15.760000228881836, 14.180000305175781, 14.40999984741211, 15.0, 15.40999984741211, 15.079999923706055, 15.779999732971191, 15.699999809265137, 14.199999809265137, 14.600000381469727, 14.430000305175781, 14.609999656677246, 14.789999961853027, 14.489999771118164, 13.859999656677246, 14.40999984741211, 14.350000381469727, 14.579999923706055, 14.270000457763672, 14.699999809265137, 15.399999618530273, 14.550000190734863, 14.869999885559082, 14.770000457763672, 14.979999542236328]
assets:[0, 100.00037690238952, 204.56585247945785, 306.09059923429487, 404.1492235988617, 551.872755018425, 672.351216469574, 800.1091968914033, 828.2046448831559, 920.9886514142989, 1088.4440823316575, 1177.5500283860206, 1327.3356778602601, 1446.06405, 1556.1238637475967, 1736.752333515167, 1882.38125, 2083.2767070684436, 2362.023981504917, 2424.0330134231567, 2613.620529334259, 2541.6488193403247, 2785.233526216507, 3094.1252805027007, 3048.21435, 3239.1443715201376, 3241.0535832778933, 3567.6858118133546, 3310.011947236633, 3463.6999613227845, 3705.5175, 3906.8017193153382, 3923.138888151741, 4205.246844838905, 4283.92706795578, 3974.6353266125684, 4186.596829387665, 4237.848665625, 4390.711054821968, 4544.805777277851, 4552.618824087524, 4454.678733654213, 4731.451399898529, 4811.7502879119875, 4988.872107894325, 4982.7987598419195, 5232.945622101689, 5582.133341726303, 5374.02947544775, 5592.220336961746, 5654.613440252304, 5835.010919691849]
shares:[0, 11.1359, 21.7855, 32.3563, 42.9946, 52.5093, 61.6836, 70.4942, 80.1747, 89.9403, 99.0395, 108.2307, 117.049, 125.7447, 134.3803, 142.5905, 150.5905, 158.1835, 165.1765, 172.2838, 179.1378, 186.4746, 193.419, 199.8789, 206.6586, 213.2419, 220.0308, 226.376, 233.4282, 240.3678, 247.0345, 253.5238, 260.1551, 266.4922, 272.8616, 279.9039, 286.7532, 293.6832, 300.5278, 307.2891, 314.1904, 321.4054, 328.345, 335.3136, 342.1723, 349.18, 355.9827, 362.4762, 369.3491, 376.074, 382.8445, 389.5201]
growth_rate:14.41
