ticker:GLDI
price:[10.029999732971191, 10.09000015258789, 10.15999984741211, 9.680000305175781, 9.890000343322754, 9.994999885559082, 9.96500015258789, 9.859999656677246, 9.75, 10.079999923706055, 9.84000015258789, 9.800000190734863, 9.239999771118164, 9.489999771118164, 9.510000228881836, 9.6899995803833, 9.619999885559082, 9.710000038146973, 9.470000267028809, 9.390000343322754, 9.460000038146973, 9.4399995803833, 9.270000457763672, 9.319999694824219, 9.069999694824219, 8.8100004196167, 8.649999618530273, 8.789999961853027, 8.800000190734863, 8.8100004196167, 8.8100004196167, 8.880000114440918, 8.979999542236328, 8.850000381469727, 8.859999656677246, 8.963000297546387, 9.029999732971191, 9.039999961853027, 9.140000343322754, 9.130000114440918, 9.09000015258789, 8.5600004196167, 8.585000038146973, 8.625, 8.729999542236328, 8.720000267028809, 8.664999961853027, 8.729999542236328, 8.510000228881836, 8.579999923706055, 8.529999732971191, 8.595000267028809]
assets:[0, 99.99997351226807, 200.6935249858856, 291.2121611808777, 397.5295527998924, 501.74999375505445, 600.243777191162, 693.9191678379059, 786.1776, 912.7863290912628, 991.0533273681641, 1087.0248411564828, 1124.908988135147, 1255.3447617233276, 1357.9899926834105, 1483.6930067500116, 1572.9748392876625, 1687.69122263031, 1745.9773202319145, 1831.2275379544258, 1944.8785698426245, 2040.766485286045, 2104.0157118988036, 2215.3639274597167, 2255.939302095032, 2291.270550132275, 2349.6582163787843, 2487.6877752038954, 2590.517656147957, 2693.4611652884487, 2793.4608370513915, 2915.6565735754966, 3048.4907326004027, 3104.358883810043, 3207.86653769598, 3345.159319149876, 3470.1647843827245, 3574.0073769184114, 3713.5428374905587, 3809.4797657503127, 3892.7898383457186, 3765.8172486027715, 3876.815175726414, 3994.8783375000003, 4143.51182573204, 4238.765969801902, 4312.0306515166285, 4444.377291955948, 4432.377453211593, 4568.836231373596, 4642.210955677128, 4777.585906429672]
shares:[0, 9.9108, 19.7533, 30.0839, 40.1951, 50.2001, 60.2352, 70.3772, 80.6336, 90.5542, 100.7168, 110.9209, 121.7434, 132.2808, 142.796, 153.1159, 163.5109, 173.8096, 184.3693, 195.0189, 205.5897, 216.1829, 226.9704, 237.7, 248.7254, 260.0761, 271.6368, 283.0134, 294.377, 305.7277, 317.0784, 328.3397, 339.4756, 350.775, 362.0617, 373.2187, 384.2929, 395.3548, 406.2957, 417.2486, 428.2497, 439.9319, 451.5801, 463.1743, 474.6291, 486.097, 497.6377, 509.0925, 520.8434, 532.4984, 544.2217, 555.8564]
growth_rate:-6.32
