ticker:GLG
price:[3.069999933242798, 3.259999990463257, 2.8399999141693115, 2.4600000381469727, 2.609999895095825, 2.7300000190734863, 2.740000009536743, 2.8299999237060547, 2.5999999046325684, 2.4000000953674316, 2.1500000953674316, 2.109999895095825, 2.2799999713897705, 1.75, 1.6799999475479126, 1.600000023841858, 1.6699999570846558, 1.590000033378601, 1.8700000047683716, 1.9199999570846558, 2.2699999809265137, 2.440000057220459, 2.5799999237060547, 2.2200000286102295, 2.4700000286102295, 2.4700000286102295, 2.319999933242798, 1.7300000190734863, 2.25, 2.0399999618530273, 2.0, 1.600000023841858, 1.350000023841858, 1.3200000524520874, 1.3200000524520874, 1.2599999904632568, 1.0499999523162842, 1.090000033378601, 1.0299999713897705, 1.0199999809265137, 1.0399999618530273, 1.0, 1.0, 0.9900000095367432, 0.8899999856948853, 1.0099999904632568, 0.8799999952316284, 0.7900000214576721, 0.7300000190734863, 0.6700000166893005, 0.7799999713897705, 0.8100000023841858]
assets:[0, 99.99984770746231, 187.11651834495066, 262.07979406404496, 378.0603118045568, 495.44231446146966, 597.2572560787917, 716.8752046737671, 758.6131521742343, 800.2584317994117, 816.8981262351036, 901.7000151696205, 1074.3487545186997, 924.6098749999999, 987.6254331648707, 1040.595695506084, 1186.1216445192695, 1229.3015298065184, 1545.7822089416384, 1687.113178290081, 2094.6599613997937, 2351.52882714572, 2586.4525035152433, 2325.5521499705314, 2687.4385771288394, 2787.438504287147, 2718.16064178586, 2126.9044084494117, 2866.2050249999998, 2698.692489535809, 2745.777, 2296.621634222329, 2037.774545988393, 2092.4907471481083, 2192.4907831217524, 2192.8320374027967, 1927.3599624726771, 2100.7833333313824, 2085.1437870811224, 2164.8996735174655, 2307.3485953669547, 2318.6045, 2418.6045, 2494.418478028917, 2342.4570003493072, 2758.2939149553063, 2503.2660264357924, 2347.2502757550956, 2268.9781022840025, 2182.486730364442, 2640.8052651358366, 2842.3748153663573]
shares:[0, 30.6748, 65.8861, 106.5365, 144.8507, 181.4807, 217.9771, 253.3128, 291.7743, 333.441, 379.9526, 427.346, 471.2056, 528.3485, 587.8723, 650.3723, 710.2525, 773.1456, 826.6215, 878.7048, 922.7577, 963.7413, 1002.501, 1047.546, 1088.0318, 1128.5176, 1171.621, 1229.4245, 1273.8689, 1322.8885, 1372.8885, 1435.3885, 1509.4626, 1585.2202, 1660.9778, 1740.3429, 1835.581, 1927.3241, 2024.4115, 2122.4507, 2218.6045, 2318.6045, 2418.6045, 2519.6146, 2631.9742, 2730.9841, 2844.6205, 2971.2028, 3108.1891, 3257.4428, 3385.6479, 3509.1047]
growth_rate:-44.27
