ticker:GLHAU
price:[9.970000267028809, 10.100000381469727, 10.050000190734863, 9.989999771118164, 9.960000038146973, 10.045000076293945, 9.970000267028809, 10.0, 10.024999618530273, 9.970000267028809, 10.015000343322754, 10.199999809265137, 10.100000381469727, 10.039999961853027, 10.199999809265137, 10.121000289916992, 10.100000381469727, 10.09000015258789, 10.079999923706055, 10.029999732971191, 10.020000457763672, 10.100000381469727, 9.90999984741211, 9.956700325012207]
assets:[0, 100.00010377693177, 199.5045637863159, 298.31338116531373, 397.41794552211763, 500.80955080375674, 597.0704149914741, 698.8670000000001, 800.614514535141, 896.222267003727, 1000.2671877900124, 1118.7441390800477, 1207.7762256168367, 1300.601675058365, 1421.3281534218788, 1510.3194255632402, 1607.1857907022475, 1705.594454793167, 1803.9036823465347, 1894.9558135505677, 1993.0662670532229, 2108.9790596546172, 2169.3049125984194, 2279.527794879627]
shares:[0, 9.901, 19.8512, 29.8612, 39.9014, 49.8566, 59.8867, 69.8867, 79.8618, 89.8919, 99.8769, 109.6808, 119.5818, 129.542, 139.3459, 149.2263, 159.1273, 169.0381, 178.9587, 188.9288, 198.9088, 208.8098, 218.9006, 228.9441]
growth_rate:-0.89
