ticker:GLMD
price:[4.25, 3.8299999237060547, 4.0, 3.5799999237060547, 3.609999895095825, 3.549999952316284, 3.2200000286102295, 3.319999933242798, 3.109999895095825, 3.359999895095825, 3.390000104904175, 3.809999942779541, 4.170000076293945, 3.6700000762939453, 3.4700000286102295, 3.3399999141693115, 3.5999999046325684, 3.109999895095825, 3.4200000762939453, 3.5899999141693115, 3.75, 3.700000047683716, 4.659999847412109, 5.03000020980835, 4.480000019073486, 3.9700000286102295, 3.569999933242798, 3.5, 3.9200000762939453, 3.390000104904175, 3.440000057220459, 3.369999885559082, 3.069999933242798, 3.259999990463257, 3.259999990463257, 2.5899999141693115, 2.365000009536743, 2.630000114440918, 2.5999999046325684, 3.4000000953674316, 3.390000104904175, 2.9600000381469727, 3.140000104904175, 3.2300000190734863, 2.9000000953674316, 2.609999895095825, 2.609999895095825, 2.490000009536743, 3.059999942779541, 2.950000047683716, 2.809999942779541, 3.25]
assets:[0, 100.00014900798797, 204.4388, 282.9728599695206, 385.3440238021612, 478.93936856687066, 534.418252748394, 651.0151349096536, 709.8363280563354, 866.8971089341879, 974.6372341603279, 1195.3886250470637, 1408.3387127668382, 1339.4733248456955, 1366.477336266637, 1415.28354763031, 1625.4553969401359, 1504.212716261029, 1754.1505291318892, 1941.3452265857934, 2127.8677500000003, 2199.4961083459852, 2870.1759220184326, 3198.0655823957923, 2948.376268552637, 2712.735161549616, 2539.41163851428, 2589.6192, 3000.373546395492, 2694.7107443883183, 2834.4558151479246, 2876.7778233082768, 2720.684902838659, 2989.0659552558423, 3089.0658029633046, 2554.196273355818, 2432.3067273081538, 2804.848571049213, 2872.853774624348, 3856.8091481805805, 3945.465521093154, 3545.00822968626, 3860.5830289781093, 4071.2367280410767, 3755.2901634939194, 3479.760958137369, 3579.7610161180496, 3515.1743474631785, 4419.852595350981, 4360.96914049058, 4254.007771374989, 5020.11575]
shares:[0, 26.1097, 51.1097, 79.0427, 106.7435, 134.9125, 165.9684, 196.0889, 228.2432, 258.0051, 287.5036, 313.7503, 337.7311, 364.9791, 393.7975, 423.7376, 451.5154, 483.6697, 512.9095, 540.7647, 567.4314, 594.4584, 615.9176, 635.7983, 658.1197, 683.3086, 711.3198, 739.8912, 765.4014, 794.8999, 823.9697, 853.6433, 886.2166, 916.8914, 947.5662, 986.1762, 1028.4595, 1066.4823, 1104.9438, 1134.3556, 1163.8541, 1197.6379, 1229.485, 1260.4448, 1294.9276, 1333.2418, 1371.556, 1411.7166, 1444.3963, 1478.2946, 1513.8818, 1544.651]
growth_rate:-1.57
