ticker:GLNG
price:[10.199999809265137, 11.800000190734863, 13.90999984741211, 6.789999961853027, 7.150000095367432, 7.639999866485596, 8.15999984741211, 8.289999961853027, 7.550000190734863, 7.869999885559082, 8.6899995803833, 9.489999771118164, 9.960000038146973, 9.350000381469727, 9.579999923706055, 9.279999732971191, 9.3100004196167, 9.640000343322754, 11.180000305175781, 12.050000190734863, 11.390000343322754, 10.829999923706055, 11.819999694824219, 11.869999885559082, 11.420000076293945, 11.289999961853027, 10.720000267028809, 11.199999809265137, 11.600000381469727, 10.970000267028809, 10.720000267028809, 10.569999694824219, 10.489999771118164, 11.550000190734863, 11.479999542236328, 11.449999809265137, 11.619999885559082, 11.859999656677246, 12.699999809265137, 12.399999618530273, 13.3100004196167, 12.9399995803833, 13.6899995803833, 13.789999961853027, 12.779999732971191, 11.460000038146973, 11.430000305175781, 11.15999984741211, 11.300000190734863, 10.850000381469727, 10.300000190734863, 11.34000015258789]
assets:[0, 100.00028161640168, 217.88206460990907, 206.35624684066772, 317.2969842321396, 439.04176032743453, 568.9241653614044, 677.9876988801956, 717.4674581253053, 847.8767986706733, 1036.21988196373, 1231.6140682956695, 1392.611189333725, 1407.3209174171448, 1541.9393077201844, 1593.6534261431693, 1698.8050865678788, 1859.0200822078705, 2255.9999635810855, 2531.556825071049, 2492.898622142124, 2470.332729597282, 2796.1521298072817, 2907.9802309636116, 2897.737085359001, 2964.7506029826163, 2915.069304612636, 3145.5949864308354, 3357.9379504268645, 3275.5674837329866, 3300.919634223938, 3354.7308141426083, 3429.340373175049, 3875.8705240055083, 3952.3801623992917, 4042.0514526672364, 4202.065028615474, 4388.85454495163, 4799.700767915725, 4786.321732755088, 5237.575673122024, 5191.978143635178, 5592.904214570045, 5733.757874138832, 5413.8085328824045, 4954.635898492527, 5041.665692610169, 5022.5713233276365, 5185.579127528382, 5079.073968572617, 4921.608921138096, 5518.5475702560425]
shares:[0, 8.4746, 15.6637, 30.3912, 44.3772, 57.4662, 69.7211, 81.7838, 95.0288, 107.7353, 119.2428, 129.7802, 139.8204, 150.5156, 160.954, 171.7299, 182.471, 192.8444, 201.7889, 210.0877, 218.8673, 228.1009, 236.5611, 244.9857, 253.7423, 262.5997, 271.9281, 280.8567, 289.4774, 298.5932, 307.9216, 317.3823, 326.9152, 335.5732, 344.284, 353.0176, 361.6235, 370.0552, 377.9292, 385.9937, 393.5068, 401.2348, 408.5394, 415.791, 423.6157, 432.3417, 441.0906, 450.0512, 458.9008, 468.1174, 477.8261, 486.6444]
growth_rate:8.21
