ticker:GLPG
price:[123.04000091552734, 136.85000610351562, 139.27000427246094, 139.17999267578125, 142.02000427246094, 146.58999633789062, 128.8300018310547, 127.6500015258789, 116.4800033569336, 119.30999755859375, 124.87999725341797, 124.66999816894531, 125.83999633789062, 121.6500015258789, 117.88999938964844, 99.58000183105469, 99.29000091552734, 98.9800033569336, 103.43000030517578, 100.01000213623047, 111.19000244140625, 104.30000305175781, 105.33999633789062, 86.29000091552734, 86.27999877929688, 82.5999984741211, 83.69999694824219, 82.38999938964844, 82.19000244140625, 76.52999877929688, 79.19000244140625, 77.80999755859375, 79.1500015258789, 81.45999908447266, 77.7699966430664, 75.04000091552734, 76.18000030517578, 73.20999908447266, 76.13999938964844, 73.66999816894531, 79.33999633789062, 73.7699966430664, 72.05000305175781, 68.9800033569336, 68.72000122070312, 60.04999923706055, 59.90999984741211, 60.540000915527344, 60.13999938964844, 58.689998626708984, 55.43000030517578, 55.900001525878906]
assets:[0, 99.99629945983887, 201.76045518951418, 301.6308801269531, 407.7820382675171, 520.9075519866943, 557.7952589279174, 652.6872228019714, 695.5719880462646, 812.4772213745117, 950.4117070968628, 1048.8112935958861, 1158.6591822814942, 1220.07652530365, 1282.3602573608398, 1183.1896657562256, 1279.7488218002318, 1375.7527606590272, 1537.6007275367735, 1586.7586938934326, 1864.1448669311524, 1848.6341140899658, 1967.0664216156006, 1711.3378141571045, 1811.1379663757323, 1833.8934261222842, 1958.3120885986327, 2027.6590799789428, 2122.7376310546874, 2076.5573338775635, 2248.7347423278807, 2309.5485665344236, 2449.3205422187807, 2620.80440454483, 2602.082986681366, 2610.7391838523863, 2750.4027310180663, 2743.171344695282, 2952.960438328552, 2957.165295500183, 3284.7631223846433, 3154.1616154685976, 3180.6185647186276, 3145.094967057037, 3233.241697433472, 2925.323702833557, 3018.5054323120116, 3150.247379640198, 3229.4337712249753, 3251.572648916245, 3170.961855458069, 3297.848540019989]
shares:[0, 0.7307, 1.4487, 2.1672, 2.8713, 3.5535, 4.3297, 5.1131, 5.9716, 6.8098, 7.6106, 8.4127, 9.2074, 10.0294, 10.8776, 11.8818, 12.889, 13.8993, 14.8661, 15.866, 16.7654, 17.7242, 18.6735, 19.8324, 20.9914, 22.2021, 23.3968, 24.6105, 25.8272, 27.1339, 28.3967, 29.6819, 30.9453, 32.1729, 33.4587, 34.7913, 36.104, 37.4699, 38.7833, 40.1407, 41.4011, 42.7567, 44.1446, 45.5943, 47.0495, 48.7148, 50.384, 52.0358, 53.6986, 55.4025, 57.2066, 58.9955]
growth_rate:-35.34
