ticker:GLPI
price:[37.650001525878906, 37.5099983215332, 37.2400016784668, 37.880001068115234, 37.810001373291016, 38.279998779296875, 37.91999816894531, 39.20000076293945, 36.349998474121094, 39.68000030517578, 41.650001525878906, 41.310001373291016, 41.560001373291016, 42.11000061035156, 42.68000030517578, 42.470001220703125, 43.0, 42.400001525878906, 41.59000015258789, 39.83000183105469, 41.29999923706055, 41.130001068115234, 43.61000061035156, 44.040000915527344, 43.11000061035156, 44.400001525878906, 43.15999984741211, 42.959999084472656, 42.119998931884766, 42.2599983215332, 43.66999816894531, 43.2599983215332, 45.43000030517578, 45.939998626708984, 46.4900016784668, 47.11000061035156, 45.97999954223633, 45.869998931884766, 46.36000061035156, 47.18000030517578, 47.86000061035156, 45.709999084472656, 46.2400016784668, 46.439998626708984, 46.849998474121094, 46.75, 47.2599983215332, 47.34000015258789, 48.290000915527344, 48.310001373291016, 47.540000915527344, 48.540000915527344]
assets:[0, 100.00165552520751, 199.28242098197939, 302.70666453552246, 402.14717460632323, 507.1449078277588, 602.3743389129639, 722.7068940658569, 770.1619576705933, 940.7175752349854, 1087.423229838562, 1178.5454221790314, 1285.6794224834443, 1402.6925423309326, 1521.6785868804932, 1614.1913123962404, 1734.3362, 1810.1366251426696, 1875.5551238811493, 1896.1868971710205, 2066.168751831436, 2157.663404032898, 2387.765280418396, 2511.310588206482, 2558.276766220093, 2734.831413986969, 2758.454858247757, 2845.6703393554685, 2890.0300307121274, 2999.6358108615877, 3199.7182338378902, 3269.677193138122, 3533.6907997375483, 3673.36229019165, 3817.3405278205873, 3968.2496584121704, 3973.067388445282, 4063.56357437706, 4206.970707386779, 4381.38016434021, 4544.527213955688, 4440.374444063568, 4591.858742679978, 4711.718668668365, 4853.317836930084, 4942.956975, 5096.882120981217, 5205.51115077858, 5409.9722635673525, 5512.214635693741, 5524.357282388306, 5740.563792274475]
shares:[0, 2.666, 5.3513, 7.9912, 10.636, 13.2483, 15.8854, 18.4364, 21.1874, 23.7076, 26.1086, 28.5293, 30.9355, 33.3102, 35.6532, 38.0078, 40.3334, 42.6919, 45.0963, 47.607, 50.0283, 52.4596, 54.7527, 57.0234, 59.343, 61.5953, 63.9123, 66.24, 68.6142, 70.9805, 73.2704, 75.582, 77.7832, 79.96, 82.111, 84.2337, 86.4086, 88.5887, 90.7457, 92.8652, 94.9546, 97.1423, 99.3049, 101.4582, 103.5927, 105.7317, 107.8477, 109.9601, 112.0309, 114.1009, 116.2044, 118.2646]
growth_rate:12.56
