ticker:GLRE
price:[7.170000076293945, 6.840000152587891, 6.880000114440918, 6.369999885559082, 6.880000114440918, 6.929999828338623, 6.860000133514404, 7.010000228881836, 6.75, 7.360000133514404, 7.849999904632568, 7.920000076293945, 8.229999542236328, 7.949999809265137, 7.75, 7.420000076293945, 7.159999847412109, 7.309999942779541, 7.960000038146973, 8.039999961853027, 8.220000267028809, 7.510000228881836, 7.800000190734863, 7.760000228881836, 7.900000095367432, 7.789999961853027, 8.1899995803833, 9.180000305175781, 9.039999961853027, 8.760000228881836, 8.8100004196167, 9.0, 9.020000457763672, 9.100000381469727, 9.229999542236328, 8.9399995803833, 9.579999923706055, 9.289999961853027, 9.25, 9.329999923706055, 9.300000190734863, 9.130000114440918, 9.229999542236328, 9.100000381469727, 9.149999618530273, 9.109999656677246, 8.75, 8.800000190734863, 8.880000114440918, 8.789999961853027, 8.380000114440918, 8.5]
assets:[0, 100.0001182308197, 200.5850273365021, 285.7161528669357, 408.5915107964516, 511.56080632824893, 606.3938278020859, 719.6529324972153, 792.9609750000001, 964.6214894987584, 1128.8425462860107, 1238.9089799345015, 1387.401800830841, 1440.1997054470062, 1503.9680999999998, 1539.9282658338545, 1585.9686062011717, 1719.1942955426694, 1972.0637414507867, 2091.883370074749, 2238.716250725269, 2145.347970383644, 2328.1908569316865, 2416.251447267532, 2559.843350901985, 2624.200149149513, 2858.947035521126, 3304.533889854431, 3354.137401846218, 3350.248071535492, 3469.3702362446784, 3644.1917999999996, 3752.2904244281767, 3885.570032882118, 4041.077476581955, 4014.1098755897524, 4401.473484947205, 4368.235089062977, 4449.426675, 4587.908038483429, 4673.1561658423425, 4687.732822758866, 4839.076470005036, 4870.920804187775, 4997.684041643143, 5075.835817710209, 4975.254375, 5103.684190619374, 5250.081619660378, 5296.871557012558, 5149.805046327972, 5323.54915]
shares:[0, 14.6199, 29.1548, 44.8534, 59.3883, 73.8183, 88.3956, 102.6609, 117.4757, 131.0627, 143.8016, 156.4279, 168.5786, 181.1572, 194.0604, 207.5375, 221.504, 235.1839, 247.7467, 260.1845, 272.3499, 285.6655, 298.486, 311.3726, 324.0308, 336.8678, 349.0778, 359.971, 371.0329, 382.4484, 393.7991, 404.9102, 415.9967, 426.9857, 437.8199, 449.0056, 459.444, 470.2083, 481.0191, 491.7372, 502.4899, 513.4428, 524.277, 535.266, 546.195, 557.1719, 568.6005, 579.9641, 591.2254, 602.602, 614.5352, 626.2999]
growth_rate:4.38
