ticker:GLSI
price:[5.0, 4.289999961853027, 5.0, 4.784999847412109, 4.195000171661377, 3.509999990463257, 3.884999990463257, 3.4749999046325684, 5.320000171661377, 5.35099983215332, 5.619999885559082, 56.0, 38.220001220703125, 39.279998779296875, 36.470001220703125, 37.0, 37.45000076293945, 36.5, 37.5, 37.9900016784668, 39.040000915527344, 36.0, 31.329999923706055, 23.0, 29.1200008392334, 30.0, 30.899999618530273, 34.720001220703125, 53.599998474121094, 33.63999938964844, 36.43000030517578, 37.599998474121094, 33.790000915527344, 32.95000076293945, 33.25, 37.08000183105469, 39.060001373291016, 38.959999084472656, 36.77000045776367, 43.79999923706055, 43.099998474121094, 44.36000061035156, 41.09000015258789, 41.7400016784668, 39.470001220703125, 39.84000015258789, 40.5, 38.81999969482422, 39.97999954223633, 39.59000015258789]
assets:[0, 99.99989911079406, 216.55, 307.2381412025452, 369.3550826141834, 409.04311388862135, 552.7442011431456, 594.4108961870671, 1010.0046925899983, 1115.8900135974884, 1271.9869380983353, 12774.6024, 8818.66522765808, 9163.242043234253, 8607.726275112915, 8832.8176, 9040.24293416977, 8910.91655, 9255.0525, 9475.986681666183, 9837.892838708496, 9171.828, 8082.037164318848, 6033.189799999999, 7738.544127023505, 8072.4, 8414.570476119614, 9554.819343933104, 14850.528137236784, 9420.370501080322, 10301.668200297547, 10732.52100445404, 9744.99909503708, 9602.743932346344, 9790.173225, 11017.885000076294, 11706.21991557312, 11776.248019268036, 11214.287558610915, 13458.329405573273, 13343.242327606202, 13833.324618333436, 12913.600887954712, 13217.881463523103, 12599.03752765503, 12817.141585089874, 13129.47225, 12684.842510280609, 13163.886613275909, 13135.475093626785]
shares:[0, 23.31, 43.31, 64.2086, 88.0465, 116.5365, 142.2765, 171.0535, 189.8505, 208.5386, 226.3322, 228.1179, 230.7343, 233.2801, 236.0221, 238.7248, 241.395, 244.1347, 246.8014, 249.4337, 251.9952, 254.773, 257.9648, 262.3126, 265.7467, 269.08, 272.3162, 275.1964, 277.0621, 280.0348, 282.7798, 285.4394, 288.3989, 291.4338, 294.4413, 297.1382, 299.6984, 302.2651, 304.9847, 307.2678, 309.588, 311.8423, 314.276, 316.6718, 319.2054, 321.7154, 324.1845, 326.7605, 329.2618, 331.7877]
growth_rate:168.07
