ticker:GLSPU
price:[9.9399995803833, 10.0, 9.979999542236328, 9.970000267028809, 9.989999771118164, 9.99899959564209, 9.970000267028809, 9.989999771118164, 10.020000457763672, 10.069999694824219, 10.079999923706055, 10.119999885559082, 10.119999885559082, 10.149999618530273, 10.135000228881836, 10.180000305175781, 10.170000076293945, 10.170000076293945, 10.15999984741211, 10.130000114440918, 10.130000114440918]
assets:[0, 100.0, 199.79959083557128, 299.59950502424243, 400.2003898309707, 500.56091865739825, 599.1092800460815, 700.3109719551087, 802.4136606582641, 906.4177915306092, 1007.3175763757705, 1111.3146314328194, 1211.314398301983, 1314.905045581627, 1412.961935409355, 1519.2357595436097, 1617.7429291360854, 1717.7425058862684, 1816.0532367256164, 1910.691244585514, 2010.6915667152405]
shares:[0, 10.0, 20.02, 30.0501, 40.0601, 50.0611, 60.0912, 70.1012, 80.0812, 90.0117, 99.9323, 109.8137, 119.6951, 129.5473, 139.4141, 149.2373, 159.0701, 168.9029, 178.7454, 188.6171, 198.4888]
growth_rate:0.53
