ticker:GLTO
price:[15.0, 15.220000267028809, 16.709999084472656, 16.1299991607666, 15.850000381469727, 14.260000228881836, 14.09000015258789, 13.930000305175781, 13.770000457763672, 12.510000228881836, 13.0, 12.520000457763672, 12.270000457763672, 12.390000343322754, 12.350000381469727, 11.989999771118164, 12.170000076293945, 10.390000343322754, 9.25, 9.4399995803833, 7.070000171661377, 6.230000019073486, 6.039999961853027, 6.28000020980835, 5.920000076293945, 6.0, 5.71999979019165, 5.389999866485596, 4.860000133514404, 4.960000038146973, 5.309999942779541, 4.880000114440918, 5.610000133514404, 5.079999923706055, 5.25, 5.0, 4.75, 4.159999847412109, 4.400000095367432, 4.289999961853027, 4.5, 4.139999866485596, 4.090000152587891, 4.349999904632568, 4.400000095367432]
assets:[0, 99.99996775445938, 209.78902550582887, 302.5068432607651, 397.2548995609284, 457.4037673416138, 551.9503939773559, 645.6833741455077, 738.267558542633, 770.7135921009063, 900.9013, 967.6370313793183, 1048.3157101100921, 1158.567869103527, 1254.8279637594223, 1318.2501168354036, 1438.0400680150985, 1327.7100908722878, 1282.0324249999999, 1408.3658093968393, 1154.782720038414, 1117.5810134215355, 1183.4975245253563, 1330.5241764514446, 1354.2521134529113, 1472.5529999999999, 1503.8337048397066, 1517.0742134209156, 1467.89986032629, 1598.1035802908898, 1810.8729974860669, 1764.2298413729666, 2128.1412086483956, 2027.0865935562135, 2194.9221, 2190.402, 2180.88175, 2009.99336627388, 2225.9547682462694, 2270.3057318122865, 2481.4395000000004, 2382.9243071510314, 2454.145286558151, 2710.154340583801, 2841.3057815836432]
shares:[0, 6.5703, 12.5547, 18.7543, 25.0634, 32.076, 39.1732, 46.352, 53.6142, 61.6078, 69.3001, 77.2873, 85.4373, 93.5083, 101.6055, 109.9458, 118.1627, 127.7873, 138.5981, 149.1913, 163.3356, 179.387, 195.9433, 211.8669, 228.7588, 245.4255, 262.908, 281.4609, 302.037, 322.1983, 341.0307, 361.5225, 379.3478, 399.0328, 418.0804, 438.0804, 459.133, 483.1715, 505.8988, 529.2088, 551.431, 575.5856, 600.0355, 623.024, 645.7513]
growth_rate:-35.42
