ticker:GLYC
price:[3.319999933242798, 3.369999885559082, 3.609999895095825, 3.2300000190734863, 3.130000114440918, 3.549999952316284, 3.3499999046325684, 3.2300000190734863, 2.799999952316284, 2.9800000190734863, 3.490000009536743, 3.6600000858306885, 3.6600000858306885, 3.7300000190734863, 3.700000047683716, 3.640000104904175, 4.119999885559082, 3.759999990463257, 3.7799999713897705, 3.8499999046325684, 3.890000104904175, 3.630000114440918, 4.079999923706055, 4.03000020980835, 3.8499999046325684, 3.319999933242798, 3.0799999237060547, 3.309999942779541, 3.450000047683716, 3.0399999618530273, 3.1700000762939453, 2.890000104904175, 2.609999895095825, 2.5199999809265137, 2.4000000953674316, 2.2799999713897705, 2.4100000858306885, 2.5199999809265137, 2.549999952316284, 2.5999999046325684, 2.75, 2.3299999237060547, 2.509999990463257, 2.2799999713897705, 2.240000009536743, 2.0299999713897705, 2.109999895095825, 2.0199999809265137, 2.059999942779541, 1.9800000190734863, 1.850000023841858, 2.009999990463257]
assets:[0, 100.00002860412597, 207.1215779811859, 285.31946768484113, 376.4861167653084, 527.0049479212522, 597.3143629957199, 675.9182019913674, 685.9353083185911, 830.0310273126125, 1072.0833309295656, 1224.3051647111893, 1324.3051510562896, 1449.6335484127521, 1537.9742098206282, 1613.034014487362, 1925.7415065088273, 1857.4727072887658, 1967.352771109414, 2103.7850928876396, 2225.642554020357, 2176.884932629395, 2546.7465603771207, 2615.5366311690805, 2598.7133606278894, 2340.9684729287624, 2271.741723727226, 2541.384856066704, 2748.8755129932165, 2522.1973763505935, 2730.054468705559, 2588.914113975048, 2438.084944005632, 2454.013025425959, 2437.155456843853, 2415.2974496920106, 2653.011962485409, 2874.1035742463587, 3008.3190937459467, 3167.3055838239193, 3450.034775, 3023.120379010391, 3356.6661592463493, 3149.083064484215, 3193.8361415976765, 2994.4139817975997, 3212.4204022861004, 3175.397954016876, 3338.277081272936, 3308.6354718723296, 3191.4019261291623, 3567.4149160738707]
shares:[0, 29.6736, 57.3744, 88.3342, 120.2831, 148.4521, 178.3028, 209.2626, 244.9769, 278.5339, 307.1872, 334.5096, 361.832, 388.6417, 415.6687, 443.1412, 467.413, 494.0087, 520.4637, 546.4377, 572.1446, 599.6928, 624.2026, 649.0165, 674.9905, 705.111, 737.5785, 767.79, 796.7755, 829.6702, 861.2159, 895.818, 934.1322, 973.8147, 1015.4814, 1059.341, 1100.8348, 1140.5173, 1179.733, 1218.1945, 1254.5581, 1297.4766, 1337.3172, 1381.1768, 1425.8197, 1475.0808, 1522.4742, 1571.9792, 1620.5229, 1671.028, 1725.0821, 1774.8333]
growth_rate:-30.05
