ticker:GMAB
price:[35.02000045776367, 35.540000915527344, 38.68000030517578, 36.02000045776367, 37.220001220703125, 37.45000076293945, 36.790000915527344, 35.66999816894531, 33.65999984741211, 39.630001068115234, 36.220001220703125, 36.529998779296875, 37.130001068115234, 38.45000076293945, 39.099998474121094, 40.22999954223633, 39.11000061035156, 40.65999984741211, 41.380001068115234, 44.400001525878906, 43.060001373291016, 39.68000030517578, 40.56999969482422, 40.630001068115234, 40.08000183105469, 33.869998931884766, 31.75, 32.88999938964844, 32.380001068115234, 33.0099983215332, 32.939998626708984, 34.18000030517578, 35.22999954223633, 36.810001373291016, 36.869998931884766, 37.400001525878906, 37.08000183105469, 39.25, 40.619998931884766, 40.95000076293945, 43.7400016784668, 42.91999816894531, 42.099998474121094, 41.61000061035156, 43.2599983215332, 43.220001220703125, 44.849998474121094, 45.060001373291016, 45.599998474121094, 46.56999969482422, 48.02000045776367, 47.09000015258789]
assets:[0, 99.99890057601928, 208.83332164764406, 294.47070774230957, 404.27993125915526, 506.77715532417295, 597.8448728775024, 679.6454441116333, 741.3480326393127, 972.8333032199859, 989.1247693359376, 1097.5913023223877, 1215.6176699695586, 1358.834561962509, 1481.8039221725462, 1624.6281865139006, 1679.39907020874, 1845.9558610725403, 1978.6426830734254, 2223.050356398773, 2255.9565319480894, 2178.876432757568, 2327.7483594902037, 2431.189562913132, 2498.27869813385, 2211.196106268311, 2172.7922, 2350.806128375244, 2414.3532576419834, 2561.3282947635653, 2655.89609127388, 2855.875745498657, 3043.607735452652, 3280.1097743728637, 3385.4549199241637, 3534.1206241882323, 3603.8832459640503, 3914.791075, 4151.432944836807, 4285.159594836807, 4677.114005478287, 4689.430415939331, 4699.837539658355, 4745.137893603515, 5033.300804710388, 5128.645258853149, 5422.068805531311, 5547.4584310695645, 5713.939728798676, 5935.486171104431, 6220.294769296646, 6199.827039089584]
shares:[0, 2.8137, 5.399, 8.1752, 10.8619, 13.5321, 16.2502, 19.0537, 22.0246, 24.5479, 27.3088, 30.0463, 32.7395, 35.3403, 37.8978, 40.3835, 42.9404, 45.3998, 47.8164, 50.0687, 52.391, 54.9112, 57.3761, 59.8373, 62.3323, 65.2848, 68.4344, 71.4748, 74.5631, 77.5925, 80.6283, 83.554, 86.3925, 89.1092, 91.8214, 94.4952, 97.1921, 99.7399, 102.2017, 104.6437, 106.9299, 109.2598, 111.6351, 114.0384, 116.35, 118.6637, 120.8934, 123.1127, 125.3057, 127.453, 129.5355, 131.6591]
growth_rate:21.57
