ticker:GMBL
price:[4.300000190734863, 4.130000114440918, 4.179999828338623, 3.890000104904175, 4.25, 4.690000057220459, 5.260000228881836, 4.599999904632568, 4.300000190734863, 4.440000057220459, 4.429999828338623, 4.269999980926514, 4.590000152587891, 5.099999904632568, 5.519999980926514, 6.53000020980835, 7.21999979019165, 6.349999904632568, 7.449999809265137, 6.900000095367432, 7.46999979019165, 7.360000133514404, 7.71999979019165, 15.0, 16.8700008392334, 16.549999237060547, 15.319999694824219, 15.40999984741211, 17.399999618530273, 14.800000190734863, 15.670000076293945, 15.390000343322754, 11.600000381469727, 10.699999809265137, 12.300000190734863, 11.399999618530273, 9.470000267028809, 9.569999694824219, 11.420000076293945, 12.510000228881836, 12.770000457763672, 11.25, 11.119999885559082, 10.579999923706055, 10.75, 9.109999656677246, 9.140000343322754, 8.920000076293945, 9.0, 9.149999618530273, 7.820000171661377, 9.25]
assets:[0, 100.0001057709694, 201.21056173682211, 287.25083374648096, 413.8344, 556.678618791771, 724.3346435184478, 733.4483647941113, 785.6147648474694, 911.1927957429886, 1009.1406708960533, 1072.693169208431, 1253.0824346569061, 1492.3135220944882, 1715.2097220733642, 2129.043227405977, 2454.010782688093, 2258.3057110836503, 2749.5081046071055, 2646.5247065785884, 2965.150680718422, 3021.487606811428, 3269.2778631500246, 6452.2245, 7356.6024859695435, 7317.057527690506, 6873.251987084198, 7013.63028055191, 8019.348364187431, 6921.055809195042, 7427.901271164895, 7395.175262972832, 5674.011426591682, 5333.7861949215885, 6231.3621366291045, 5875.408183395577, 4980.712548442841, 5133.306685305023, 6225.6393075918195, 6919.855335605049, 7163.6739927948, 6410.989124999999, 6436.906453754902, 6224.322929115486, 6424.3354500000005, 5544.250136057377, 5662.508068698883, 5626.211552121735, 5776.670700000001, 5972.948645983696, 5204.74969425249, 6256.513150000001]
shares:[0, 24.2131, 48.1365, 73.8434, 97.3728, 118.6948, 137.7062, 159.4453, 182.7011, 205.2236, 227.797, 251.2162, 273.0027, 292.6105, 310.7264, 326.0403, 339.8907, 355.6387, 369.0615, 383.5543, 396.9412, 410.5282, 423.4816, 430.1483, 436.076, 442.1183, 448.6457, 455.135, 460.8821, 467.6389, 474.0205, 480.5182, 489.1389, 498.4847, 506.6148, 515.3867, 525.9464, 536.3957, 545.1523, 553.1459, 560.9768, 569.8657, 578.8585, 588.3103, 597.6126, 608.5895, 619.5304, 630.7412, 641.8523, 652.7813, 665.569, 676.3798]
growth_rate:22.68
