ticker:GMBT
price:[9.90999984741211, 9.875, 9.760000228881836, 9.859999656677246, 9.880000114440918, 9.779999732971191, 9.859999656677246, 9.75, 9.729999542236328, 9.720000267028809, 9.699999809265137, 9.710000038146973, 9.729999542236328, 9.6899995803833, 9.670000076293945, 9.706000328063965, 9.753000259399414, 9.680000305175781, 9.649999618530273, 9.819999694824219, 9.819999694824219, 9.819999694824219, 9.8100004196167, 9.800000190734863, 9.805000305175781]
assets:[0, 100.000175, 198.83560466289518, 300.8729595236778, 401.4836846504212, 497.4195884186745, 601.4885730563163, 694.7781749999999, 793.353026675415, 892.5380525198937, 990.7017205194473, 1091.7234632889747, 1193.9721358276367, 1289.0635511782648, 1386.403382938385, 1491.5647474150658, 1598.7878759227751, 1686.8213651794433, 1781.5935445726395, 1912.979148550415, 2012.9791514427184, 2112.979154335022, 2210.8278015667915, 2308.574284931183, 2409.7523735023497]
shares:[0, 10.1266, 20.3725, 30.5145, 40.636, 50.8609, 61.0029, 71.2593, 81.5368, 91.8249, 102.1342, 112.4329, 122.7104, 133.0303, 143.3716, 153.6745, 163.9278, 174.2584, 184.6211, 194.8044, 204.9877, 215.171, 225.3647, 235.5688, 245.7677]
growth_rate:0.41
