ticker:GMBTU
price:[11.3100004196167, 10.899999618530273, 10.84000015258789, 10.9399995803833, 11.239999771118164, 10.550000190734863, 10.260000228881836, 10.1899995803833, 10.239999771118164, 10.170000076293945, 10.079999923706055, 10.1899995803833, 10.180000305175781, 10.130000114440918, 10.199999809265137, 10.09000015258789, 9.979999542236328, 9.949999809265137, 9.930000305175781, 9.979999542236328, 10.050000190734863, 9.989999771118164, 10.020000457763672, 10.020000457763672, 10.074999809265137, 10.069999694824219, 9.979999542236328, 10.210000038146973, 10.180000305175781, 10.149999618530273, 10.149999618530273, 10.119999885559082, 10.050000190734863]
assets:[0, 99.9998665002823, 199.44949880752563, 301.28977644367217, 409.5518716602325, 484.41064375772476, 571.0952107400894, 667.198374525261, 770.4719187786102, 865.2046204906464, 957.5475767524719, 1067.9965330206871, 1166.9487049827576, 1261.2174302482606, 1369.9323943829536, 1455.158633005905, 1539.2941713954924, 1634.6675586645126, 1731.3819442100526, 1840.0993415981293, 1953.0054820652963, 2041.3455642305373, 2147.475476107407, 2247.475080675888, 2359.8117928252223, 2458.6407754898073, 2536.666383647919, 2695.1265630696294, 2787.20773355484, 2878.9935967981337, 2978.9934230398176, 3070.188361281109, 3148.9514847626688]
shares:[0, 9.1743, 18.3994, 27.5402, 36.437, 45.9157, 55.6623, 65.4758, 75.2414, 85.0742, 94.9948, 104.8083, 114.6315, 124.5032, 134.3071, 144.2179, 154.2379, 164.2882, 174.3587, 184.3787, 194.3289, 204.3389, 214.3189, 224.2989, 234.2245, 244.155, 254.175, 263.9693, 273.7925, 283.6447, 293.4969, 303.3783, 313.3285]
growth_rate:-1.6
