ticker:GMDA
price:[4.099999904632568, 4.139999866485596, 4.429999828338623, 4.25, 4.070000171661377, 5.179999828338623, 5.800000190734863, 5.619999885559082, 5.079999923706055, 5.849999904632568, 6.0, 6.880000114440918, 6.650000095367432, 6.96999979019165, 9.920000076293945, 9.180000305175781, 9.199999809265137, 8.390000343322754, 9.029999732971191, 9.390000343322754, 8.5, 8.069999694824219, 10.0600004196167, 11.84000015258789, 11.5, 9.359999656677246, 8.300000190734863, 8.960000038146973, 9.170000076293945, 7.869999885559082, 8.3100004196167, 7.829999923706055, 7.650000095367432, 7.559999942779541, 7.380000114440918, 6.829999923706055, 6.489999771118164, 6.300000190734863, 6.489999771118164, 6.28000020980835, 6.440000057220459, 6.28000020980835, 6.559999942779541, 6.320000171661377, 6.230000019073486, 5.769999980926514, 5.679999828338623, 5.159999847412109, 5.639999866485596, 5.46999979019165, 4.75, 4.730000019073486]
assets:[0, 100.00004077501296, 207.00503197860718, 298.59395, 385.94753427820206, 591.2058124078751, 761.9680650575638, 838.3207709291457, 857.7701791175841, 1087.7864222667695, 1215.6786, 1493.9782648506164, 1544.0342621429443, 1718.3335642753602, 2545.6049475780487, 2455.7106696365354, 2561.0609869039536, 2435.576827664948, 2721.365601525688, 2929.8585171232226, 2752.16145, 2712.93456840744, 3481.924087235928, 4198.009398101806, 4177.45895, 3500.0885676175117, 3203.7112636216166, 3558.46401515007, 3741.8652981321334, 3311.393743847656, 3596.529124608135, 3488.787227005959, 3508.5853337391854, 3567.3076889996055, 3582.3716115514753, 3415.3926868486406, 3345.372924019241, 3347.434541344833, 3548.3885538595205, 3533.572114053011, 3723.599661084795, 3731.088168651819, 3997.4422371317864, 3951.194587320804, 3994.9277042306903, 3799.956965438748, 3840.6852439265253, 3589.072981866455, 4022.9402767658707, 4001.6811825107575, 3574.95165, 3659.8990047583584]
shares:[0, 24.1546, 46.728, 70.2574, 94.8274, 114.1324, 131.3738, 149.1674, 168.8524, 185.9464, 202.6131, 217.148, 232.1856, 246.5328, 256.6134, 267.5066, 278.3762, 290.2952, 301.3694, 312.019, 323.7837, 336.1753, 346.1157, 354.5616, 363.2573, 373.9411, 385.9893, 397.15, 408.0551, 420.7616, 432.7953, 445.5667, 458.6386, 471.8661, 485.4162, 500.0575, 515.4658, 531.3388, 546.7471, 562.6707, 578.1987, 594.1223, 609.3662, 625.189, 641.2404, 658.5714, 676.177, 695.5568, 713.2873, 731.5688, 752.6214, 773.763]
growth_rate:-28.24
