ticker:GMIIU
price:[11.239999771118164, 10.850000381469727, 11.09000015258789, 11.0, 11.0600004196167, 10.670000076293945, 10.369999885559082, 10.260000228881836, 10.25, 10.079999923706055, 10.109999656677246, 10.359999656677246, 10.270000457763672, 10.279999732971191, 10.229999542236328, 10.210000038146973, 10.100000381469727, 10.100000381469727, 10.079999923706055, 10.149999618530273, 10.220000267028809, 10.180000305175781, 10.164999961853027, 10.210000038146973, 10.199999809265137, 10.210000038146973, 10.1899995803833, 10.130000114440918, 10.119999885559082, 10.199999809265137, 10.0600004196167, 10.09000015258789, 10.109999656677246]
assets:[0, 100.00011351585388, 202.21173578224182, 300.5706, 402.2101872598648, 488.0276644895554, 574.3061486620903, 668.2143209066392, 767.5630500000001, 854.8323775299073, 957.3765274887085, 1081.0504241747856, 1171.659164224243, 1272.7996629383088, 1366.6092708480835, 1463.9373724696159, 1548.1654284730912, 1648.1655322500228, 1744.9014107931137, 1857.0185552072526, 1969.82533546772, 2062.1158338180544, 2159.0775033974646, 2268.635462476158, 2366.4132157492636, 2468.73308522377, 2563.89662342062, 2648.8005339241026, 2746.1854329450603, 2867.894166371822, 2928.5315121531485, 3037.2646029315947, 3143.2848282580376]
shares:[0, 9.2166, 18.2337, 27.3246, 36.3662, 45.7383, 55.3815, 65.1281, 74.8842, 84.8048, 94.696, 104.3485, 114.0856, 123.8132, 133.5884, 143.3827, 153.2837, 163.1847, 173.1053, 182.9575, 192.7422, 202.5654, 212.4031, 222.1974, 232.0013, 241.7956, 251.6091, 261.4808, 271.3622, 281.1661, 291.1065, 301.0173, 310.9085]
growth_rate:-1.77
