ticker:GMII
price:[9.996000289916992, 9.805000305175781, 9.880000114440918, 10.039999961853027, 10.0, 10.0, 9.979999542236328, 9.949999809265137, 9.890000343322754, 9.875, 9.869999885559082, 9.859999656677246, 9.920000076293945, 9.920000076293945, 9.880000114440918, 9.890000343322754, 9.890000343322754, 9.890000343322754, 9.890000343322754, 9.899999618530273, 9.850000381469727, 9.920000076293945, 9.869999885559082, 9.869999885559082, 9.890000343322754]
assets:[0, 100.00021761245728, 200.76555432548523, 304.01722284488676, 402.806, 502.806, 601.799960396576, 699.9914415816306, 795.7701966244698, 894.5634125, 994.1103364734649, 1093.1032259384156, 1199.7545692272186, 1299.7541219963073, 1394.5136041527749, 1495.9248589297295, 1595.9246304011347, 1695.9244018725396, 1795.9241733439446, 1897.7398368757247, 1988.1555969970702, 2102.284112168503, 2191.6877595877645, 2291.687637428284, 2396.331259186554]
shares:[0, 10.1989, 20.3204, 30.2806, 40.2806, 50.2806, 60.3006, 70.3509, 80.4621, 90.5887, 100.7204, 110.8624, 120.943, 131.0236, 141.1451, 151.2563, 161.3675, 171.4787, 181.5899, 191.6909, 201.8432, 211.9238, 222.0555, 232.1872, 242.2984]
growth_rate:-0.15
