ticker:GNACU
price:[11.100000381469727, 10.529999732971191, 10.5, 10.829999923706055, 10.609999656677246, 10.508000373840332, 10.390000343322754, 10.010000228881836, 10.119999885559082, 10.020000457763672, 10.050000190734863, 9.960000038146973, 10.1899995803833, 10.166000366210938, 10.039999961853027, 10.1899995803833, 10.041000366210938, 10.036999702453613, 9.9399995803833, 9.899999618530273, 9.949999809265137, 9.979999542236328, 10.050000190734863, 10.0649995803833, 10.039999961853027, 10.029999732971191, 10.09000015258789, 10.020000457763672, 9.989999771118164, 10.0, 9.989999771118164, 9.829999923706055, 9.859999656677246]
assets:[0, 100.00024846410751, 199.71524999999997, 305.9919008443832, 399.7762990638733, 495.9334840436935, 590.3639755077362, 668.772119291687, 776.12100722332, 868.4514756752014, 971.0511184291839, 1062.35551606884, 1186.8873341248513, 1284.0919046569825, 1368.1768988016129, 1488.6172976998328, 1566.8509144454956, 1666.2262614048004, 1750.1237981185914, 1843.0809489818573, 1952.389957573986, 2058.2761035907747, 2172.7125562350275, 2275.95507561388, 2370.302426994038, 2467.9416142959594, 2582.705051057434, 2664.7870577407834, 2756.808368838501, 2859.5679999999998, 2956.708264258575, 3009.3532276433943, 3118.5374534132957]
shares:[0, 9.4967, 19.0205, 28.2541, 37.6792, 47.1958, 56.8204, 66.8104, 76.6918, 86.6718, 96.622, 106.6622, 116.4757, 126.3124, 136.2726, 146.0861, 156.0453, 166.0084, 176.0688, 186.1698, 196.2201, 206.2401, 216.1903, 226.1257, 236.0859, 246.056, 255.9668, 265.9468, 275.9568, 285.9568, 295.9668, 306.1397, 316.2817]
growth_rate:-2.55
