ticker:GNAC
price:[10.055000305175781, 9.800000190734863, 9.6899995803833, 9.821000099182129, 10.0, 9.949999809265137, 9.800000190734863, 10.0, 9.8100004196167, 9.850000381469727, 9.75, 9.75, 9.789999961853027, 9.79800033569336, 9.760000228881836, 9.710000038146973, 9.739999771118164, 9.779999732971191, 9.774999618530273, 9.6899995803833, 9.729999542236328, 9.699999809265137, 9.699999809265137, 9.6899995803833, 9.699999809265137, 9.649999618530273]
assets:[0, 100.00018194627762, 198.87755138778687, 301.5665753455162, 407.063, 505.02816031894685, 597.4148716273309, 709.607, 796.1246980537414, 899.3710298307419, 990.240225, 1090.240125, 1194.7128553447724, 1295.6895239921569, 1390.66436861248, 1483.5404138282775, 1588.1235206804276, 1694.645101730156, 1793.7788999977113, 1878.1806416670797, 1985.9337725685118, 2079.8109091038705, 2179.8111171375276, 2277.563664372158, 2379.9143532028197, 2467.646757452583]
shares:[0, 10.2041, 20.524, 30.7063, 40.7063, 50.7566, 60.9607, 70.9607, 81.1544, 91.3067, 101.5631, 111.8195, 122.034, 132.2402, 142.4861, 152.7848, 163.0517, 173.2766, 183.5068, 193.8267, 204.1042, 214.4135, 224.7228, 235.0427, 245.352, 255.7147]
growth_rate:-1.29
