ticker:GNCA
price:[2.2100000381469727, 2.1700000762939453, 2.3499999046325684, 2.2899999618530273, 2.319999933242798, 2.5, 2.609999895095825, 2.299999952316284, 2.0799999237060547, 2.3399999141693115, 2.069999933242798, 2.049999952316284, 2.0799999237060547, 2.119999885559082, 2.180000066757202, 2.240000009536743, 2.5799999237060547, 2.4200000762939453, 2.430000066757202, 2.7100000381469727, 3.0299999713897705, 2.799999952316284, 3.1500000953674316, 3.390000104904175, 3.609999895095825, 3.0399999618530273, 2.690000057220459, 2.9600000381469727, 2.9800000190734863, 2.6700000762939453, 2.7100000381469727, 2.6600000858306885, 2.2100000381469727, 2.819999933242798, 2.5999999046325684, 2.3499999046325684, 2.190000057220459, 2.319999933242798, 2.359999895095825, 2.319999933242798, 2.5299999713897705, 2.299999952316284, 2.390000104904175, 2.25, 2.119999885559082, 2.115000009536743, 2.0399999618530273, 2.0199999809265137, 1.9800000190734863, 1.809999942779541, 1.7699999809265137, 1.7799999713897705]
assets:[0, 99.99989651584626, 208.2948265470028, 302.9766129529953, 406.9456202902794, 538.519, 662.213871383524, 683.5602158283949, 718.1761336574555, 907.9480466966629, 903.1848548724174, 994.4584618685484, 1109.0114473217009, 1230.3385415843964, 1365.1596418046952, 1502.732902397847, 1830.8262538600923, 1817.286715292549, 1924.796248878193, 2246.583527623749, 2611.8627023379563, 2513.6025171936035, 2927.8028686403272, 3250.873483598876, 3561.8443014951945, 3099.4477691070556, 2842.60349146657, 3227.920593599796, 3349.7307074399473, 3101.2689016172408, 3247.729898716259, 3287.8087840883013, 2831.600560876465, 3713.1734360989094, 3523.4930907590388, 3284.6956817008495, 3161.0570325922968, 3448.699388764858, 3608.1597076139687, 3647.0043990586996, 4077.1212658943173, 3806.4739310839896, 4055.4231610045194, 3917.8667250000003, 3791.5008633288385, 3882.55881550684, 3844.8793201026915, 3907.184559107113, 3929.814739856195, 3692.4062182700636, 3710.8061990124224, 3831.7712284113168]
shares:[0, 46.0829, 88.6361, 132.3042, 175.4076, 215.4076, 253.7218, 297.2001, 345.277, 388.012, 436.3212, 485.1017, 533.1786, 580.3484, 626.22, 670.8629, 709.6226, 750.9449, 792.0972, 828.9976, 862.0009, 897.7152, 929.4612, 958.9597, 986.6605, 1019.5552, 1056.7299, 1090.5137, 1124.0707, 1161.5239, 1198.4243, 1236.0183, 1281.2672, 1316.7282, 1355.1897, 1397.7429, 1443.405, 1486.5084, 1528.8813, 1571.9847, 1611.5104, 1654.9887, 1696.8297, 1741.2741, 1788.4439, 1835.7252, 1884.7448, 1934.2498, 1984.7549, 2040.0035, 2096.5007, 2152.6805]
growth_rate:-24.87
