ticker:GNFT
price:[4.710000038146973, 4.650000095367432, 4.730000019073486, 4.190000057220459, 4.610000133514404, 4.760000228881836, 4.426000118255615, 4.46999979019165, 3.630000114440918, 4.050000190734863, 4.980000019073486, 4.639999866485596, 5.539999961853027, 5.460000038146973, 5.03000020980835, 5.03000020980835, 4.980000019073486, 4.800000190734863, 5.329999923706055, 5.380000114440918, 5.400000095367432, 5.0, 5.190000057220459, 5.5, 5.78000020980835, 5.0, 4.840000152587891, 4.849999904632568, 4.809999942779541, 4.679999828338623, 4.579999923706055, 4.619999885559082, 4.309999942779541, 4.239999771118164, 4.300000190734863, 4.230000019073486, 4.085000038146973, 3.9700000286102295, 4.0, 4.079999923706055, 4.079999923706055, 3.9000000953674316, 3.9019999504089355, 3.9000000953674316, 3.7950000762939453, 3.687999963760376, 3.799999952316284, 3.740000009536743, 3.8399999141693115, 3.690000057220459, 3.765000104904175, 3.809999942779541]
assets:[0, 100.00011205091477, 201.72031081342698, 278.69073080592153, 406.62644477667806, 519.8572369970321, 583.380010586977, 689.1796506519794, 659.6693937970161, 835.9949643712043, 1127.9640283201218, 1150.9542868816852, 1474.1995298490524, 1552.9113708496093, 1530.6124648439884, 1630.6123900151251, 1714.4033525661946, 1752.436869635582, 2045.9348617143633, 2165.1277840556145, 2273.1764801457402, 2204.793, 2388.575042334366, 2631.2451, 2865.1992800039293, 2578.5460000000003, 2596.032817843628, 2701.39659688139, 2779.1169569392205, 2804.0055171496865, 2844.09110062294, 2968.9301984573362, 2869.716486901045, 2923.1084182060245, 3064.4733959306714, 3114.5866610439775, 3107.8218685217857, 3120.3310944869995, 3243.9104, 3408.7885282573698, 3508.788510387421, 3453.9890644610405, 3555.7602770093445, 3653.937779350424, 3655.562665490723, 3652.4941129092695, 3863.4158715205194, 3902.41474595089, 4106.757412206817, 4046.3374587461476, 4228.5800498209, 4379.120589232207]
shares:[0, 21.5054, 42.647, 66.5133, 88.2053, 109.2137, 131.8075, 154.1789, 181.7271, 206.4185, 226.4988, 248.0505, 266.101, 284.416, 304.2967, 324.1774, 344.2577, 365.091, 383.8527, 402.4401, 420.9586, 440.9586, 460.2264, 478.4082, 495.7092, 515.7092, 536.3704, 556.989, 577.779, 599.1465, 620.9806, 642.6256, 665.8275, 689.4124, 712.6682, 736.3089, 760.7887, 785.9776, 810.9776, 835.4874, 859.9972, 885.6382, 911.2661, 936.9071, 963.2576, 990.3726, 1016.6884, 1043.4264, 1069.4681, 1096.5684, 1123.1288, 1149.3755]
growth_rate:-14.13
