ticker:GNLN
price:[2.680000066757202, 2.4200000762939453, 2.2699999809265137, 2.059999942779541, 2.4100000858306885, 2.6700000762939453, 2.859999895095825, 3.2799999713897705, 2.430000066757202, 3.109999895095825, 2.7300000190734863, 2.759999990463257, 3.549999952316284, 4.519999980926514, 4.090000152587891, 4.360000133514404, 4.139999866485596, 3.9600000381469727, 5.230000019073486, 5.480000019073486, 5.119999885559082, 4.420000076293945, 5.599999904632568, 6.46999979019165, 6.659999847412109, 5.360000133514404, 5.0, 5.920000076293945, 5.53000020980835, 4.789999961853027, 6.199999809265137, 6.039999961853027, 5.019999980926514, 4.659999847412109, 4.400000095367432, 4.150000095367432, 3.609999895095825, 3.430000066757202, 3.880000114440918, 3.75, 3.9000000953674316, 3.759999990463257, 3.869999885559082, 4.380000114440918, 4.159999847412109, 3.509999990463257, 3.569999933242798, 3.559999942779541, 3.0899999141693115, 2.450000047683716, 2.2100000381469727, 2.5999999046325684]
assets:[0, 99.9999691526413, 193.80170237159732, 275.8729263370991, 422.74462205579283, 568.3519692403794, 708.7963480015039, 912.8853280372381, 776.3145513269901, 1093.554646113038, 1059.936976405382, 1171.5846679517745, 1606.9294884156704, 2146.0060429442883, 2041.8507761764527, 2276.6429577166555, 2261.766383058357, 2263.4287058037758, 3089.3264932665825, 3336.9999796146394, 3217.781176076984, 2877.850115674782, 3746.144576203537, 4428.135144404983, 4658.1730572761535, 3848.9201518743034, 3690.4105, 4469.446137599945, 4275.006478193855, 3802.9438297138213, 5022.390445492744, 4992.780540466976, 4249.628775853538, 4044.8742755538938, 3919.1949249462605, 3796.513462244272, 3402.509014125371, 3332.8549188664915, 3870.109994149208, 3840.441375, 4094.0590301127913, 4047.092533735084, 4265.4914278638835, 4927.610504748916, 4780.104816666793, 4133.213475769972, 4303.866612519861, 4391.811017409706, 3911.9933483368636, 3201.742382314682, 2988.102376577854, 3615.4142673873903]
shares:[0, 41.3223, 85.3752, 133.9189, 175.4127, 212.8659, 247.8309, 278.3187, 319.471, 351.6253, 388.2553, 424.4872, 452.6562, 474.7801, 499.23, 522.1658, 546.3204, 571.5729, 590.6934, 608.9416, 628.4729, 651.0973, 668.9544, 684.4104, 699.4254, 718.0821, 738.0821, 754.974, 773.0572, 793.934, 810.063, 826.6193, 846.5396, 867.9988, 890.7261, 914.8225, 942.5233, 971.6778, 997.451, 1024.1177, 1049.7587, 1076.3544, 1102.1942, 1125.0252, 1149.0637, 1177.5537, 1205.5649, 1233.6548, 1266.0173, 1306.8336, 1352.0825, 1390.544]
growth_rate:-29.11
