ticker:GNMA
price:[51.130001068115234, 51.150001525878906, 51.02000045776367, 51.029998779296875, 50.95000076293945, 50.970001220703125, 50.97999954223633, 50.91999816894531, 50.97999954223633, 50.880001068115234, 50.88999938964844, 50.95000076293945, 50.970001220703125, 50.88999938964844, 50.83000183105469, 50.9900016784668, 50.95000076293945, 51.0, 50.97999954223633, 50.93000030517578, 50.93000030517578, 50.880001068115234, 50.83000183105469, 50.77000045776367, 50.66999816894531, 50.33000183105469, 50.349998474121094, 50.33000183105469, 50.2400016784668, 50.29999923706055, 50.290000915527344, 50.29999923706055, 50.36000061035156, 50.36000061035156, 50.369998931884766, 50.310001373291016, 50.130001068115234, 50.09000015258789, 50.119998931884766, 50.06999969482422, 50.130001068115234, 50.02000045776367, 49.95000076293945, 50.0, 50.04999923706055, 50.099998474121094, 50.08000183105469, 50.119998931884766, 50.02000045776367, 50.119998931884766, 50.060001373291016, 50.060001373291016]
assets:[0, 99.99825298309327, 199.7433017921448, 299.7808308288574, 399.31044097938536, 499.4652359619141, 599.565578616333, 698.8616988693237, 799.6875668193817, 898.1185148540497, 998.2938510269166, 1099.4704464637757, 1199.9000897369385, 1298.01559143219, 1396.4831383056642, 1500.8805014053344, 1599.7026489543916, 1701.2733, 1800.6084858318327, 1898.8435733779907, 1998.8446289772032, 2096.8818680194854, 2194.819147064209, 2292.229981667709, 2387.717256715393, 2471.6963239227293, 2572.678487033844, 2671.65742119751, 2766.8776604385375, 2870.183346465683, 2969.6144960617066, 3070.206323431778, 3173.868534466553, 3273.8683876785276, 3374.5179304420476, 3470.499607732773, 3558.0820988117216, 3655.2426261348724, 3757.4311639247894, 3853.6825895118714, 3958.299975339127, 4049.6142350605014, 4143.946968294907, 4248.095, 4352.342928654862, 4456.690454264069, 4554.911382539367, 4658.548648720932, 4749.253985463333, 4858.747972454453, 4952.931529873275, 5052.931388616562]
shares:[0, 1.955, 3.915, 5.8746, 7.8373, 9.7992, 11.7608, 13.7247, 15.6863, 17.6517, 19.6167, 21.5794, 23.5413, 25.5063, 27.4736, 29.4348, 31.3975, 33.3583, 35.3199, 37.2834, 39.2469, 41.2123, 43.1796, 45.1493, 47.1229, 49.1098, 51.0959, 53.0828, 55.0732, 57.0613, 59.0498, 61.0379, 63.0236, 65.0093, 66.9946, 68.9823, 70.9771, 72.9735, 74.9687, 76.9659, 78.9607, 80.9599, 82.9619, 84.9619, 86.9599, 88.9559, 90.9527, 92.9479, 94.9471, 96.9423, 98.9399, 100.9375]
growth_rate:-0.92
