ticker:GNOG
price:[16.1299991607666, 17.739999771118164, 17.8799991607666, 14.850000381469727, 14.5600004196167, 14.100000381469727, 14.09000015258789, 12.25, 12.399999618530273, 13.4399995803833, 13.289999961853027, 14.479999542236328, 20.0, 23.3799991607666, 22.15999984741211, 21.260000228881836, 25.489999771118164, 19.700000762939453, 20.219999313354492, 20.760000228881836, 20.690000534057617, 17.850000381469727, 18.510000228881836, 18.31999969482422, 16.940000534057617, 14.270000457763672, 13.524999618530273, 16.81999969482422, 16.889999389648438, 13.5600004196167, 13.829999923706055, 16.34000015258789, 14.694999694824219, 14.510000228881836, 14.720000267028809, 13.15999984741211, 11.329999923706055, 12.479999542236328, 13.15999984741211, 12.979999542236328, 13.729999542236328, 12.640000343322754, 12.899999618530273, 12.020000457763672, 12.489999771118164, 11.199999809265137, 11.260000228881836, 11.460000038146973, 12.270000457763672, 19.440000534057617, 18.860000610351562, 21.780000686645508]
assets:[0, 100.00037870979308, 200.78881457557677, 266.76243685264586, 361.5524744198799, 450.1298221780777, 549.8101229541778, 578.01135, 685.0888189241409, 842.548197694397, 933.1453863215447, 1116.700460697174, 1642.404, 2019.9711394924166, 2014.5655861282348, 2032.747283884239, 2537.1930092178345, 2060.8742098133084, 2215.2727947721482, 2374.4354061784743, 2466.4301356643678, 2227.8763976116184, 2410.2519148035053, 2485.5109985961913, 2398.283963609314, 2120.2780510158536, 2109.583455499649, 2723.5263085853576, 2834.8614115570067, 2375.945305524063, 2523.25444308033, 3081.199514773178, 2871.0047058769223, 2934.860843294716, 3077.3367598245623, 2851.2060869407655, 2554.7235057970047, 2914.0287251140594, 3172.806215211868, 3229.409608108902, 3516.0084887748717, 3336.8791946350098, 3505.5168463373184, 3366.381428203583, 3598.0117200656887, 3326.3999433517456, 3444.2201300106044, 3605.3962320013047, 3960.2285377464295, 6374.395615118027, 6284.212555371093, 7357.166619945145]
shares:[0, 5.637, 11.2298, 17.9638, 24.8319, 31.9241, 39.0213, 47.1846, 55.2491, 62.6896, 70.2141, 77.1202, 82.1202, 86.3974, 90.91, 95.6137, 99.5368, 104.6129, 109.5585, 114.3755, 119.2088, 124.811, 130.2135, 135.672, 141.5752, 148.5829, 155.9766, 161.9219, 167.8426, 175.2172, 182.4479, 188.5679, 195.3729, 202.2647, 209.0582, 216.657, 225.4831, 233.4959, 241.0947, 248.7989, 256.0822, 263.9936, 271.7455, 280.065, 288.0714, 297.0, 305.881, 314.607, 322.757, 327.901, 333.2032, 337.7946]
growth_rate:44.26
