ticker:GNOM
price:[16.570999145507812, 16.350000381469727, 17.850000381469727, 17.760000228881836, 17.78700065612793, 19.739999771118164, 19.3700008392334, 18.8799991607666, 18.06100082397461, 19.479999542236328, 20.25, 20.329999923706055, 21.5, 22.260000228881836, 23.809999465942383, 24.18000030517578, 25.577999114990234, 23.6200008392334, 25.90999984741211, 26.309999465942383, 26.309999465942383, 24.812000274658203, 27.030000686645508, 27.56999969482422, 26.3700008392334, 23.8799991607666, 22.010000228881836, 23.450000762939453, 23.360000610351562, 21.579999923706055, 22.649999618530273, 22.020000457763672, 22.299999237060547, 22.790000915527344, 22.510000228881836, 21.149999618530273, 20.635000228881836, 21.020000457763672, 21.5, 21.280000686645508, 23.15999984741211, 22.799999237060547, 23.969999313354492, 24.579999923706055, 24.100000381469727, 22.719999313354492, 22.979999542236328, 22.93000030517578, 24.09000015258789, 22.979999542236328, 22.420000076293945, 24.059999465942383]
assets:[0, 99.99987233314515, 209.17344447021486, 308.118243970871, 408.5869707719803, 553.4503735828399, 643.076279862213, 726.8082236927033, 795.280049282074, 957.7633974933624, 1095.6222, 1199.9497834968568, 1369.0082, 1517.4018876022337, 1723.060612351799, 1849.8353093467713, 2056.785738234329, 1999.3385910377503, 2293.1774914951325, 2428.5787037031173, 2528.5777496732712, 2484.6091963035583, 2806.7141812992095, 2962.7852042045592, 2933.8287243700024, 2756.8002351156233, 2640.9205004629134, 2913.702459796524, 3002.5192784500123, 2873.73090184021, 3116.218657516861, 3129.541919058609, 3269.3359881477354, 3441.17390923996, 3498.8959095767973, 3387.5002639017107, 3405.0144037681575, 3568.544457714081, 3750.0343, 3811.6609549915315, 4248.405524009704, 4282.368816702271, 4602.122415167427, 4819.2383570415495, 4825.128556375122, 4648.834483502579, 4802.033988343048, 4891.585882102203, 5239.04505318451, 5097.644106454468, 5073.419575264549, 5544.535448928452]
shares:[0, 6.1162, 11.7184, 17.349, 22.9711, 28.037, 33.1996, 38.4962, 44.033, 49.1665, 54.1048, 59.0236, 63.6748, 68.1672, 72.3671, 76.5027, 80.4123, 84.646, 88.5055, 92.3063, 96.1071, 100.1374, 103.837, 107.4641, 111.2563, 115.4439, 119.9873, 124.2517, 128.5325, 133.1664, 137.5814, 142.1227, 146.607, 150.9949, 155.4374, 160.1655, 165.0116, 169.769, 174.4202, 179.1194, 183.4372, 187.8232, 191.9951, 196.0634, 200.2128, 204.6142, 208.9658, 213.3269, 217.478, 221.8296, 226.2899, 230.4462]
growth_rate:8.72
