ticker:GNPX
price:[3.8299999237060547, 3.5, 3.799999952316284, 3.369999885559082, 3.319999933242798, 3.75, 3.740000009536743, 3.390000104904175, 3.25, 3.140000104904175, 3.1600000858306885, 3.140000104904175, 3.0899999141693115, 3.490000009536743, 3.2899999618530273, 3.559999942779541, 4.690000057220459, 4.150000095367432, 3.7699999809265137, 3.75, 3.9200000762939453, 4.46999979019165, 6.25, 7.010000228881836, 6.320000171661377, 5.159999847412109, 4.900000095367432, 5.28000020980835, 5.079999923706055, 4.510000228881836, 4.21999979019165, 4.460000038146973, 3.9600000381469727, 3.880000114440918, 3.799999952316284, 3.4200000762939453, 3.319999933242798, 3.740000009536743, 3.740000009536743, 3.6700000762939453, 3.6600000858306885, 3.390000104904175, 3.5899999141693115, 3.3399999141693115, 3.1700000762939453, 2.9000000953674316, 3.059999942779541, 2.9600000381469727, 2.930000066757202, 2.759999990463257, 2.5899999141693115, 3.049999952316284]
assets:[0, 99.9999, 208.57135738277435, 284.9698863227844, 380.74190834419727, 530.0550000000001, 628.6416416029931, 669.8114757274388, 742.149525, 817.0305392961502, 922.2346490493775, 1016.3976239567994, 1100.2130094394684, 1342.6354606688737, 1365.693460165024, 1577.7716826402188, 2178.581473579836, 2027.7427515977383, 1942.069873174524, 2031.76725, 2223.8740592826844, 2635.8971902789117, 3785.5387499999997, 4345.860156895637, 4018.093685137892, 3380.5950560314177, 3310.2553344266416, 3666.9691217122554, 3628.0683815118787, 3320.9819645393372, 3207.437426533842, 3489.8510178491592, 3198.612018812466, 3233.9936753869056, 3267.3132990006206, 3040.5821898298263, 3051.6762106381416, 3537.731833020973, 3637.731953275967, 3669.6462882865903, 3759.647248167515, 3582.296165854812, 3893.6410299097774, 3722.496036339998, 3633.0277224378583, 3423.590182585859, 3712.477610578537, 3691.154975569725, 3753.744680525422, 3635.950571436548, 3511.9968896150112, 4235.749348778271]
shares:[0, 28.5714, 54.8872, 84.5608, 114.6813, 141.348, 168.086, 197.5845, 228.3537, 260.2008, 291.8464, 323.6935, 356.056, 384.7093, 415.1044, 443.1943, 464.5163, 488.6127, 515.1379, 541.8046, 567.3148, 589.6862, 605.6862, 619.9515, 635.7743, 655.1541, 675.5623, 694.5017, 714.1867, 736.3596, 760.0563, 782.4778, 807.7303, 833.5035, 859.8193, 889.0591, 919.1796, 945.9176, 972.6556, 999.9036, 1027.226, 1056.7245, 1084.5797, 1114.5198, 1146.0655, 1180.5483, 1213.228, 1247.0118, 1281.1415, 1317.3734, 1355.9834, 1388.7703]
growth_rate:-16.95
