ticker:GNSS
price:[4.460000038146973, 4.820000171661377, 5.599999904632568, 5.690000057220459, 5.980000019073486, 6.480000019073486, 6.300000190734863, 6.820000171661377, 6.019999980926514, 6.199999809265137, 6.449999809265137, 6.550000190734863, 6.559999942779541, 6.78000020980835, 6.510000228881836, 6.769999980926514, 7.070000171661377, 6.519999980926514, 6.53000020980835, 7.130000114440918, 7.949999809265137, 7.440000057220459, 7.869999885559082, 7.400000095367432, 7.329999923706055, 6.869999885559082, 6.71999979019165, 7.960000038146973, 7.170000076293945, 7.269999980926514, 6.949999809265137, 7.25, 7.210000038146973, 7.099999904632568, 6.25, 6.010000228881836, 5.989999771118164, 6.170000076293945, 5.449999809265137, 5.320000171661377, 5.349999904632568, 5.440000057220459, 5.789999961853027, 5.650000095367432, 5.349999904632568, 5.5, 5.800000190734863, 5.599999904632568, 5.480000019073486, 5.519999980926514, 5.239999771118164, 5.429999828338623]
assets:[0, 100.00006156144143, 216.18239631843568, 319.656806214571, 435.94857939047813, 572.3991376848221, 656.4990798757552, 810.6866004052163, 815.5914034159183, 939.9776310828208, 1077.8801081256868, 1194.5916547863008, 1296.4153966918468, 1439.8930525577546, 1482.5522981243134, 1641.7629073745727, 1814.5148370568752, 1773.357190812254, 1876.0768962781906, 2148.45726648407, 2495.5446901273726, 2435.4535147308825, 2676.212349084091, 2616.387693718672, 2691.638276984215, 2622.7220713105203, 2665.4576767804624, 3257.298083610058, 3034.0235332841876, 3176.3393266665935, 3136.527963921547, 3371.9177250000002, 3453.3138752709388, 3500.62797297945, 3181.53875, 3159.367571319771, 3248.8536798591613, 3446.4824496168135, 3144.299454958248, 3169.298066264296, 3287.1699464039325, 3442.46848420949, 3763.9510162014963, 3772.9401136841775, 3672.6069445332528, 3875.5771999999997, 4186.972577689934, 4142.593769452048, 4153.824122457648, 4284.1437451968195, 4166.832097993851, 4417.919536334038]
shares:[0, 20.7469, 38.604, 56.1787, 72.9011, 88.3332, 104.2062, 118.869, 135.4803, 151.6093, 167.1132, 182.3804, 197.6243, 212.3736, 227.7346, 242.5056, 256.6499, 271.9873, 287.3012, 301.3264, 313.905, 327.3459, 340.0524, 353.5659, 367.2085, 381.7645, 396.6455, 409.2083, 423.1553, 436.9105, 451.299, 465.0921, 478.9617, 493.0462, 509.0462, 525.6851, 542.3796, 558.5871, 576.9357, 595.7327, 614.4243, 632.8067, 650.0779, 667.777, 686.4686, 704.6504, 721.8918, 739.7489, 757.9971, 776.113, 795.197, 813.6132]
growth_rate:-13.37
