ticker:GNTX
price:[27.020000457763672, 26.530000686645508, 26.309999465942383, 25.309999465942383, 26.010000228881836, 27.469999313354492, 27.540000915527344, 29.440000534057617, 27.670000076293945, 30.399999618530273, 31.850000381469727, 31.8799991607666, 32.86000061035156, 33.86000061035156, 33.06999969482422, 33.41999816894531, 33.849998474121094, 33.93000030517578, 36.18000030517578, 35.880001068115234, 36.47999954223633, 33.04999923706055, 34.880001068115234, 35.68000030517578, 35.650001525878906, 35.380001068115234, 35.29999923706055, 37.02000045776367, 35.54999923706055, 35.70000076293945, 36.0099983215332, 35.400001525878906, 36.029998779296875, 35.349998474121094, 35.18000030517578, 36.310001373291016, 34.849998474121094, 34.709999084472656, 35.5, 34.83000183105469, 34.22999954223633, 31.65999984741211, 33.400001525878906, 33.52000045776367, 33.0, 31.530000686645508, 32.369998931884766, 34.029998779296875, 32.970001220703125, 32.27000045776367, 31.31999969482422, 31.360000610351562]
assets:[0, 99.99953158817291, 199.16932695713044, 291.5990348470688, 399.66446151695254, 522.0975539495469, 623.4285087249756, 766.4380299036026, 820.3573952619553, 1001.2969474353789, 1149.0556487623214, 1250.1390990903856, 1388.5683317916871, 1530.8241715942384, 1595.1082862800597, 1711.989536201477, 1834.0166123268127, 1938.3496644340514, 2166.8889602775575, 2248.922586948395, 2386.5288660530086, 2262.1369427799223, 2487.394028170395, 2644.4446306182863, 2742.2195073715206, 2821.4524831790927, 2915.07393699646, 3157.1100630386354, 3131.7451877895355, 3244.9587093475343, 3373.1357647743225, 3415.9974872428893, 3576.791656817627, 3609.287869205475, 3691.929952026367, 3910.518158900833, 3853.2772062873837, 3937.797331134796, 4127.4217, 4149.524513145447, 4178.041861126328, 3964.354370893478, 4282.230895633697, 4397.6162360557555, 4429.3953, 4332.08651534214, 4547.499299945832, 4880.704932922363, 4828.677577780152, 4826.159280461121, 4784.079841384888, 4890.190687176513]
shares:[0, 3.7693, 7.5701, 11.5211, 15.3658, 19.0061, 22.6372, 26.0339, 29.6479, 32.9374, 36.0771, 39.2139, 42.2571, 45.2104, 48.2343, 51.2265, 54.1807, 57.1279, 59.8919, 62.679, 65.4202, 68.4459, 71.3129, 74.1156, 76.9206, 79.7471, 82.58, 85.2812, 88.0941, 90.8952, 93.6722, 96.4971, 99.2726, 102.1015, 104.944, 107.6981, 110.5675, 113.4485, 116.2654, 119.1365, 122.0579, 125.2165, 128.2105, 131.1938, 134.2241, 137.3957, 140.485, 143.4236, 146.4567, 149.5556, 152.7484, 155.9372]
growth_rate:-4.11
