ticker:GNTY
price:[26.309999465942383, 25.110000610351562, 25.5, 23.530000686645508, 25.450000762939453, 27.600000381469727, 28.049999237060547, 28.690000534057617, 28.899999618530273, 27.579999923706055, 29.81999969482422, 29.84000015258789, 30.100000381469727, 30.600000381469727, 31.049999237060547, 30.559999465942383, 30.360000610351562, 29.950000762939453, 31.530000686645508, 32.04999923706055, 33.150001525878906, 33.380001068115234, 32.060001373291016, 31.610000610351562, 30.40999984741211, 30.5, 33.099998474121094, 34.720001220703125, 35.16999816894531, 34.43000030517578, 37.59000015258789, 38.150001525878906, 38.790000915527344, 39.63999938964844, 38.900001525878906, 40.220001220703125, 39.900001525878906, 38.97999954223633, 38.34000015258789, 37.36000061035156, 37.119998931884766, 34.880001068115234, 34.68000030517578, 34.04999923706055, 33.630001068115234, 35.29999923706055, 34.13999938964844, 33.45000076293945, 33.529998779296875, 34.29999923706055, 33.5099983215332, 34.279998779296875]
assets:[0, 100.0005774307251, 201.55455, 285.9836283454895, 409.3199972705841, 543.8994075174331, 652.7683622451782, 767.6612132898331, 873.2799584730149, 933.3926954179764, 1109.2026006484984, 1209.9463581871034, 1320.4900267351152, 1442.425877981758, 1563.637596579361, 1638.963331357956, 1728.2369627441406, 1804.8978609775543, 2000.1150525575638, 2133.1005192222597, 2306.3119061584475, 2422.313241510773, 2426.525323940277, 2492.467514126587, 2497.846977466583, 2605.23985, 2927.3241450531004, 3170.5957914733885, 3311.687918583679, 3342.006510622406, 3748.7379452171326, 3904.5839861709596, 4070.087394062805, 4259.274330418396, 4279.762607876587, 4524.987435336304, 4588.98695549469, 4583.174794177246, 4607.923590338898, 4590.143074989319, 4660.657145891189, 4479.411817171096, 4553.726800071716, 4571.0046925800325, 4614.621308563996, 4943.775483150101, 4881.3166287323, 4882.659816365433, 4994.336907174683, 5209.031124134827, 5189.056750087738, 5408.293703411866]
shares:[0, 3.9825, 7.9041, 12.154, 16.0833, 19.7065, 23.2716, 26.7571, 30.2173, 33.8431, 37.1966, 40.5478, 43.8701, 47.1381, 50.3587, 53.631, 56.9248, 60.2637, 63.4353, 66.5554, 69.572, 72.5678, 75.687, 78.8506, 82.139, 85.4177, 88.4388, 91.319, 94.1623, 97.0667, 99.727, 102.3482, 104.9262, 107.4489, 110.0196, 112.5059, 115.0122, 117.5776, 120.1858, 122.8625, 125.5565, 128.4235, 131.307, 134.2439, 137.2174, 140.0503, 142.9794, 145.9689, 148.9513, 151.8668, 154.851, 157.7682]
growth_rate:6.04
