ticker:GNUS
price:[1.034999966621399, 1.0199999809265137, 1.2350000143051147, 1.25, 1.2100000381469727, 1.399999976158142, 1.4199999570846558, 1.5499999523162842, 1.0499999523162842, 1.0549999475479126, 1.2200000286102295, 1.2000000476837158, 1.4500000476837158, 1.3700000047683716, 1.600000023841858, 1.5700000524520874, 1.559999942779541, 1.3799999952316284, 1.440000057220459, 1.4299999475479126, 1.5700000524520874, 1.7799999713897705, 1.8799999952316284, 2.009999990463257, 1.850000023841858, 1.7000000476837158, 1.7699999809265137, 2.109999895095825, 2.3299999237060547, 2.5399999618530273, 1.8799999952316284, 1.7799999713897705, 1.5299999713897705, 1.659999966621399, 1.7699999809265137, 1.6100000143051147, 1.4199999570846558, 1.590000033378601, 1.7599999904632568, 1.7999999523162842, 2.049999952316284, 1.8799999952316284, 2.009999990463257, 1.7599999904632568, 1.7599999904632568, 1.5299999713897705, 1.600000023841858, 1.5700000524520874, 1.5800000429153442, 1.5399999618530273, 1.4199999570846558, 1.559999942779541]
assets:[0, 99.99998213005065, 221.07846406077147, 323.763625, 413.40316803312305, 578.3177301513075, 686.5793512501479, 849.4351588682413, 675.4238093269348, 778.640073787868, 1000.4179574608087, 1084.0176430749893, 1409.8546213635207, 1432.0694989844083, 1772.489946412158, 1839.2558464476467, 1927.5407652982235, 1805.132315762651, 1983.6163508218287, 2069.841126078677, 2372.4831282622217, 2789.821545158744, 3046.5531522728206, 3357.2189660711765, 3189.977796110809, 3031.3309450265406, 3256.150374911785, 3981.6255060430526, 4496.771469756889, 5002.060024876595, 3802.3122103559376, 3700.0615545283076, 3280.3900126583576, 3659.1160144239902, 4001.5876368789673, 3739.8622712292904, 3398.511883289921, 3905.3762079849007, 4422.932072033882, 4623.453237520313, 5365.599560194278, 5020.647523265791, 5467.819858057117, 4887.742789515257, 4987.742820973397, 4435.935496050239, 4738.886950614917, 4750.032960693717, 4880.287858556473, 4856.736071694946, 4578.289027634609, 5129.669655844831]
shares:[0, 98.0392, 179.0109, 259.0109, 341.6555, 413.0841, 483.5066, 548.0227, 643.2608, 738.0475, 820.0147, 903.348, 972.3135, 1045.3062, 1107.8062, 1171.5005, 1235.6031, 1308.0669, 1377.5113, 1447.4414, 1511.1357, 1567.3155, 1620.507, 1670.2582, 1724.3123, 1783.1358, 1839.633, 1887.0264, 1929.9449, 1969.315, 2022.5065, 2078.6863, 2144.0458, 2204.2868, 2260.784, 2322.8958, 2393.3183, 2456.2114, 2513.0296, 2568.5852, 2617.3657, 2670.5572, 2720.3084, 2777.1266, 2833.9448, 2899.3043, 2961.8043, 3025.4986, 3088.7897, 3153.7248, 3224.1473, 3288.2499]
growth_rate:0.58
