ticker:GO
price:[38.86000061035156, 38.65999984741211, 38.13999938964844, 38.4900016784668, 39.709999084472656, 43.290000915527344, 41.40999984741211, 42.31999969482422, 44.02000045776367, 44.31999969482422, 38.40999984741211, 38.47999954223633, 37.84000015258789, 37.5, 38.0, 39.72999954223633, 40.400001525878906, 39.25, 38.689998626708984, 38.2400016784668, 39.95000076293945, 42.689998626708984, 40.619998931884766, 43.279998779296875, 41.47999954223633, 35.9900016784668, 36.029998779296875, 36.66999816894531, 36.2599983215332, 37.060001373291016, 36.79999923706055, 37.900001525878906, 38.95000076293945, 40.22999954223633, 40.38999938964844, 42.2400016784668, 34.75, 33.790000915527344, 34.06999969482422, 33.54999923706055, 34.11000061035156, 34.5, 34.84000015258789, 34.68000030517578, 35.06999969482422, 35.0099983215332, 32.7599983215332, 33.119998931884766, 32.58000183105469, 26.729999542236328, 25.84000015258789, 25.15999984741211]
assets:[0, 100.0018216053009, 198.65600082092283, 300.47989610328676, 410.00574054718015, 546.9691615676879, 623.2163567035675, 736.9096906860352, 866.511699010849, 972.4162493041991, 942.746559254837, 1044.466475574875, 1127.0946765449523, 1216.96875, 1333.1958, 1493.8916857875824, 1619.082581151581, 1672.995925, 1749.1245409152984, 1828.7821922706603, 2010.5596933963777, 2248.456613669586, 2239.4292851135256, 2486.0767058807373, 2482.6816726016996, 2254.089795124054, 2356.596115158081, 2498.4553202438356, 2570.522045011139, 2727.2343830600735, 2808.101221782303, 2992.038360461426, 3174.931412189484, 3379.2676625484464, 3492.709041220093, 3752.686229118347, 3187.259575, 3199.2102546813962, 3325.7191712104795, 3374.958818252182, 3531.292389187622, 3671.6694, 3807.85523667717, 3890.367754234314, 4034.116092895508, 4127.213169131089, 3961.967989007568, 4105.5053875980375, 4138.569214595032, 3495.4553101387023, 3479.0717805442814, 3487.518154849243]
shares:[0, 2.5867, 5.2086, 7.8067, 10.325, 12.635, 15.0499, 17.4128, 19.6845, 21.9408, 24.5443, 27.1431, 29.7858, 32.4525, 35.0841, 37.6011, 40.0763, 42.6241, 45.2087, 47.8238, 50.3269, 52.6694, 55.1312, 57.4417, 59.8525, 62.631, 65.4065, 68.1335, 70.8914, 73.5897, 76.3071, 78.9456, 81.513, 83.9987, 86.4746, 88.842, 91.7197, 94.6792, 97.6143, 100.5949, 103.5266, 106.4252, 109.2955, 112.179, 115.0304, 117.8867, 120.9392, 123.9585, 127.0279, 130.769, 134.639, 138.6136]
growth_rate:-31.62
