ticker:GOCO
price:[13.390000343322754, 12.770000457763672, 13.880000114440918, 13.789999961853027, 14.640000343322754, 13.34000015258789, 12.0600004196167, 11.979999542236328, 10.359999656677246, 12.149999618530273, 11.479999542236328, 11.630000114440918, 11.130000114440918, 11.869999885559082, 13.289999961853027, 14.520000457763672, 14.100000381469727, 13.65999984741211, 16.0, 15.0, 15.020000457763672, 13.3100004196167, 14.380000114440918, 14.399999618530273, 14.789999961853027, 13.569999694824219, 12.279999732971191, 10.199999809265137, 12.0, 11.239999771118164, 11.479999542236328, 12.135000228881836, 12.239999771118164, 12.050000190734863, 11.930000305175781, 12.0, 11.4399995803833, 11.619999885559082, 11.369999885559082, 11.0, 11.40999984741211, 11.289999961853027, 11.699999809265137, 10.4399995803833, 9.930000305175781, 9.880000114440918, 9.300000190734863, 8.800000190734863, 9.119999885559082, 4.070000171661377, 4.570000171661377, 4.760000228881836]
assets:[0, 100.00059658470154, 208.69274172067642, 307.3391081498146, 426.2831379967689, 488.430765586853, 541.5651728432656, 637.9721136226655, 651.7019944030761, 864.3035878637314, 916.6423754489899, 1028.6200121217728, 1084.39702414999, 1256.495276885891, 1506.8095636749267, 1746.266731053543, 1795.7548985834123, 1839.7164854496002, 2254.8656, 2213.937, 2316.8891426116943, 2153.1148448800086, 2426.205123308563, 2529.5788129890443, 2698.0879280409813, 2575.527591078949, 2430.6908671445844, 2118.9775403761864, 2592.9144, 2528.696468507767, 2682.6899170280453, 2935.7526493721007, 3061.1541747579577, 3113.6369042845727, 3182.629410413361, 3301.3032000000003, 3247.2427368918416, 3398.33636253109, 3425.2226985245707, 3413.7598, 3640.9994113082885, 3702.706773489189, 3937.171615815735, 3613.1679707753183, 3536.662950691223, 3618.8553339175223, 3506.412551913452, 3417.895434080887, 3642.1823062966346, 1725.403719772768, 2037.369599529028, 2222.074254847145]
shares:[0, 7.8309, 15.0355, 22.2871, 29.1177, 36.614, 44.9059, 53.2531, 62.9056, 71.1361, 79.8469, 88.4454, 97.4301, 105.8547, 113.3792, 120.2663, 127.3585, 134.6791, 140.9291, 147.5958, 154.2536, 161.7667, 168.7208, 175.6652, 182.4265, 189.7957, 197.939, 207.7429, 216.0762, 224.973, 233.6838, 241.9244, 250.0943, 258.3931, 266.7753, 275.1086, 283.8499, 292.4558, 301.2509, 310.3418, 319.106, 327.9634, 336.5104, 346.0889, 356.1594, 366.2809, 377.0336, 388.3972, 399.3621, 423.9321, 445.8139, 466.8223]
growth_rate:-56.43
