ticker:GOEV
price:[10.779999732971191, 11.59000015258789, 12.199999809265137, 11.199999809265137, 10.979999542236328, 10.600000381469727, 10.40999984741211, 10.350000381469727, 10.25, 10.270000457763672, 10.270000457763672, 10.699999809265137, 12.5600004196167, 13.449999809265137, 20.280000686645508, 19.290000915527344, 17.809999465942383, 13.800000190734863, 15.0, 16.899999618530273, 17.0, 15.069999694824219, 17.6299991607666, 16.68000030517578, 15.3100004196167, 12.859999656677246, 11.180000305175781, 14.819999694824219, 15.380000114440918, 12.460000038146973, 8.989999771118164, 9.770000457763672, 8.210000038146973, 8.710000038146973, 8.819999694824219, 7.730000019073486, 7.300000190734863, 7.659999847412109, 7.920000076293945, 8.680000305175781, 9.699999809265137, 9.970000267028809, 9.670000076293945, 9.079999923706055, 9.010000228881836, 8.489999771118164, 8.199999809265137, 8.130000114440918, 8.010000228881836, 7.019999980926514, 5.909999847412109, 7.360000133514404]
assets:[0, 99.99968031654358, 205.26255679092407, 288.4380750879288, 382.7726660419464, 469.5259568971634, 561.1094017753602, 657.875004247284, 751.518725, 852.9851580200195, 952.9851794773101, 1092.886210518551, 1382.8648382000924, 1580.8537975818635, 2483.6227320911407, 2462.3801908676146, 2373.456702828598, 1939.0628668004988, 2207.6775000000002, 2587.317271598625, 2702.6277, 2495.799915458679, 3019.772036251068, 2957.050470101929, 2814.175576130963, 2463.833188223171, 2241.963473197937, 3071.904356742859, 3287.9825644655225, 2763.7364104613303, 2094.0604246860503, 2375.7475633132935, 2096.4062687407495, 2324.0806001787187, 2453.431973110199, 2250.2300605523587, 2225.0553881363867, 2434.783805498886, 2617.4269692138673, 2968.5939563713073, 3417.4379728015897, 3612.5627977561, 3603.8601104335785, 3483.975994726181, 3557.1174563617706, 3451.8233549423217, 3433.916380125904, 3504.6024013320925, 3552.874049521637, 3213.7545872681617, 2805.596900563431, 3593.9417931960584]
shares:[0, 8.6281, 16.8248, 25.7534, 34.8609, 44.2949, 53.901, 63.5628, 73.3189, 83.056, 92.7931, 102.1389, 110.1007, 117.5356, 122.4666, 127.6506, 133.2654, 140.5118, 147.1785, 153.0957, 158.9781, 165.6138, 171.286, 177.2812, 183.8129, 191.5889, 200.5334, 207.281, 213.783, 221.8087, 232.9322, 243.1676, 255.3479, 266.829, 278.1669, 291.1035, 304.8021, 317.8569, 330.4832, 342.0039, 352.3132, 362.3433, 372.6846, 383.6978, 394.7966, 406.5752, 418.7703, 431.0704, 443.5548, 457.7998, 474.7203, 488.3073]
growth_rate:-29.53
