ticker:GOGL
price:[3.680000066757202, 3.569999933242798, 3.4600000381469727, 3.690000057220459, 4.079999923706055, 3.9700000286102295, 3.559999942779541, 3.690000057220459, 3.240000009536743, 3.509999990463257, 3.8399999141693115, 4.090000152587891, 4.289999961853027, 4.340000152587891, 4.449999809265137, 4.809999942779541, 4.619999885559082, 4.630000114440918, 5.420000076293945, 5.230000019073486, 5.340000152587891, 4.739999771118164, 5.210000038146973, 5.78000020980835, 6.480000019073486, 6.099999904632568, 6.739999771118164, 7.150000095367432, 7.659999847412109, 7.170000076293945, 6.860000133514404, 7.159999847412109, 7.659999847412109, 8.229999542236328, 8.699999809265137, 9.289999961853027, 8.880000114440918, 10.640000343322754, 9.970000267028809, 10.029999732971191, 11.09000015258789, 10.109999656677246, 11.180000305175781, 10.460000038146973, 10.34000015258789, 9.59000015258789, 9.539999961853027, 9.770000457763672, 9.6899995803833, 10.279999732971191, 10.039999961853027, 12.020000457763672]
assets:[0, 99.99998213005065, 196.91863617105483, 310.00871280727387, 442.7738317203522, 530.8362468255282, 576.0143987416267, 697.0487598090648, 712.0428140958547, 871.3796106324435, 1053.3042964568137, 1221.878956585312, 1381.6283787144662, 1497.7314486579894, 1635.6922148913384, 1868.0178307777883, 1894.2290590785028, 1998.3293473932267, 2439.2970503364563, 2453.7868279488084, 2605.3962204479217, 2412.654669499397, 2751.8845081489567, 3152.9542784491537, 3634.7998426988124, 3521.647674942541, 3991.131978466225, 4333.916072806215, 4743.048159518052, 4539.641811305046, 4443.3675184801095, 4737.683831034469, 5168.527447042465, 5653.130721565247, 6075.971116793156, 6588.020194948005, 6397.268410444736, 7765.195674560929, 7376.221946559047, 7520.612153778648, 8415.4126167881, 7771.759947080898, 8694.2904653244, 8234.371438030243, 8239.90476159668, 7742.232488187789, 7801.866346803188, 8089.9619260471345, 8123.717738209724, 8718.350581535911, 8614.809919268037, 10413.747362591934]
shares:[0, 28.0112, 56.9129, 84.0132, 108.523, 133.7119, 161.8018, 188.9021, 219.7663, 248.2563, 274.298, 298.7479, 322.0579, 345.0994, 367.5713, 388.3613, 410.0063, 431.6046, 450.0548, 469.1753, 487.9019, 508.9989, 528.1928, 545.4938, 560.9259, 577.3193, 592.1561, 606.1421, 619.1969, 633.1439, 647.7212, 661.6877, 674.7425, 686.8932, 698.3875, 709.1518, 720.4131, 729.8116, 739.8417, 749.8118, 758.8289, 768.7201, 777.6646, 787.2248, 796.896, 807.3235, 817.8057, 828.0411, 838.361, 848.0886, 858.0488, 866.3683]
growth_rate:104.19
