ticker:GOGO
price:[10.039999961853027, 9.449999809265137, 10.130000114440918, 8.989999771118164, 10.010000228881836, 11.010000228881836, 10.970000267028809, 9.399999618530273, 8.039999961853027, 8.729999542236328, 10.4350004196167, 9.420000076293945, 11.069999694824219, 10.119999885559082, 10.119999885559082, 9.510000228881836, 10.130000114440918, 9.630000114440918, 10.279999732971191, 10.979999542236328, 12.270000457763672, 13.399999618530273, 13.220000267028809, 15.390000343322754, 13.0, 11.850000381469727, 11.960000038146973, 11.180000305175781, 10.25, 9.630000114440918, 9.96500015258789, 10.65999984741211, 10.550000190734863, 10.850000381469727, 10.420000076293945, 11.15999984741211, 12.0, 12.0, 13.619999885559082, 14.329999923706055, 11.59000015258789, 11.010000228881836, 11.680000305175781, 11.029999732971191, 10.859999656677246, 10.100000381469727, 10.329999923706055, 10.369999885559082, 12.010000228881836, 12.739999771118164, 12.720000267028809, 13.380000114440918]
assets:[0, 99.99989798164368, 207.1959833407402, 283.8790207725525, 416.08768151397703, 557.6554105928421, 655.6297449591636, 661.7975731430054, 666.0480688398362, 823.2092748344421, 1083.984713089657, 1078.5466767353057, 1367.463778302002, 1350.1112087324143, 1450.1109756015776, 1462.7027032035828, 1658.0632237315178, 1676.2238209198952, 1889.3642349226952, 2118.0177556983945, 2466.856598032379, 2794.0406204595565, 2856.5089136981965, 3425.3908514142036, 2993.4424, 2828.637751058197, 2954.895017424774, 2862.184052127838, 2724.09535, 2659.320679602814, 2851.83057916832, 3150.7292509002687, 3218.217423182583, 3409.7308848810194, 3374.598300708389, 3714.2532932159424, 4093.8204, 4193.82, 4859.985061164379, 5213.332787243843, 4316.505480828858, 4200.494550322152, 4556.109991042328, 4402.559316417026, 4434.704751803398, 4224.357479550934, 4420.55508835125, 4537.672402923298, 5355.298735059166, 5780.808020144272, 5871.73274726429, 6276.397493682862]
shares:[0, 10.582, 20.4537, 31.5772, 41.5672, 50.6499, 59.7657, 70.404, 82.8418, 94.2966, 103.8797, 114.4954, 123.5288, 133.4102, 143.2916, 153.8068, 163.6785, 174.0627, 183.7903, 192.8978, 201.0478, 208.5105, 216.0748, 222.5725, 230.2648, 238.7036, 247.0648, 256.0093, 265.7654, 276.1496, 286.1847, 295.5656, 305.0443, 314.2609, 323.8578, 332.8184, 341.1517, 349.485, 356.8271, 363.8055, 372.4336, 381.5163, 390.0779, 399.1441, 408.3522, 418.2532, 427.9337, 437.5769, 445.9033, 453.7526, 461.6142, 469.088]
growth_rate:23.07
