ticker:GOOD
price:[18.600000381469727, 18.100000381469727, 17.860000610351562, 16.68000030517578, 17.6299991607666, 17.530000686645508, 17.190000534057617, 17.469999313354492, 16.25, 16.030000686645508, 18.0, 18.100000381469727, 18.139999389648438, 18.299999237060547, 18.1299991607666, 18.239999771118164, 17.790000915527344, 18.0, 17.8700008392334, 18.540000915527344, 18.3799991607666, 17.709999084472656, 18.40999984741211, 19.299999237060547, 18.6299991607666, 18.68000030517578, 19.530000686645508, 20.459999084472656, 19.610000610351562, 19.729999542236328, 20.049999237060547, 20.270000457763672, 20.75, 20.729999542236328, 21.040000915527344, 21.299999237060547, 20.8799991607666, 20.739999771118164, 21.670000076293945, 21.889999389648438, 22.760000228881836, 22.079999923706055, 22.600000381469727, 22.530000686645508, 22.579999923706055, 22.850000381469727, 22.93000030517578, 23.18000030517578, 23.09000015258789, 22.8700008392334, 22.420000076293945, 22.450000762939453]
assets:[0, 100.00069210758208, 198.6746467895508, 285.5482612243652, 401.8123628726959, 499.5331465665817, 589.8439263252259, 699.4516035085678, 750.605375, 840.443318000412, 1043.73, 1149.5292142271041, 1252.0699218719483, 1363.1138731708527, 1450.450696858978, 1559.2518524339675, 1620.7829394104003, 1739.9160000000002, 1827.3505458183288, 1995.8626165580752, 2078.6382170890806, 2102.8658102912905, 2285.982568053055, 2496.493501312256, 2509.8278979387283, 2616.5636827468875, 2835.625248696327, 3070.6550765968327, 3043.0857777145384, 3161.706777643967, 3312.985683934784, 3449.337869897461, 3631.019675, 3727.5192616882327, 3883.262496974945, 4031.2485056056976, 4051.759661146927, 4124.592790481949, 4409.543802524758, 4554.310689013671, 4835.318804625512, 4790.854351445962, 5003.683024458122, 5088.184367072296, 5199.476260431862, 5361.6497645101545, 5480.421410939026, 5640.173900255584, 5718.275481788635, 5763.791378507042, 5750.380267568206, 5858.074014080428]
shares:[0, 5.5249, 11.124, 17.1192, 22.7914, 28.4959, 34.3132, 40.0373, 46.1911, 52.4294, 57.985, 63.5099, 69.0226, 74.4871, 80.0028, 85.4853, 91.1064, 96.662, 102.258, 107.6517, 113.0924, 118.7389, 124.1707, 129.352, 134.7197, 140.073, 145.1933, 150.0809, 155.1803, 160.2487, 165.2362, 170.1696, 174.9889, 179.8128, 184.5657, 189.2605, 194.0498, 198.8714, 203.4861, 208.0544, 212.4481, 216.9771, 221.4019, 225.8404, 230.2691, 234.6455, 239.0066, 243.3207, 247.6516, 252.0241, 256.4844, 260.9387]
growth_rate:14.86
