ticker:GOODN
price:[24.25, 25.152999877929688, 25.292999267578125, 24.850000381469727, 25.04599952697754, 25.079999923706055, 24.989999771118164, 25.18000030517578, 24.899999618530273, 25.049999237060547, 24.972000122070312, 27.0, 26.584999084472656, 25.65999984741211, 25.739999771118164, 25.510000228881836, 25.1299991607666, 25.31999969482422, 25.190000534057617, 25.229999542236328, 25.299999237060547, 25.719999313354492, 25.985000610351562, 25.802000045776367, 25.8799991607666, 25.606000900268555, 25.739999771118164, 25.81999969482422, 26.209999084472656, 25.799999237060547, 26.211000442504883, 26.12299919128418, 26.02400016784668, 26.003999710083008, 26.190000534057617, 26.459999084472656, 26.4950008392334, 26.1200008392334, 26.170000076293945, 26.459999084472656, 26.62700080871582, 26.878000259399414, 26.360000610351562, 26.732999801635742, 26.700000762939453, 26.600000381469727, 26.719999313354492, 26.719999313354492, 27.049999237060547, 26.729999542236328, 27.440000534057617, 27.399999618530273]
assets:[0, 100.00078161468505, 200.558308392334, 297.0444795598984, 399.3885176570892, 499.92967047920223, 598.1356445217132, 702.6831605163575, 794.8702378225327, 899.658197599411, 996.8572728729247, 1177.8129000000001, 1259.7089136184693, 1315.8781501750946, 1419.980549373436, 1507.291526523781, 1584.8384750732423, 1696.819779548645, 1788.1071499099733, 1890.9455746913911, 1996.1927098033902, 2129.330451153374, 2251.270293379211, 2335.4164301433566, 2442.4766807956694, 2516.6166622804644, 2629.7862786157607, 2737.9605136390687, 2879.3151754241944, 2934.275193229675, 3081.019226815033, 3170.6738022422787, 3258.6576386173247, 3356.154214582443, 3480.161317966271, 3616.0393508834836, 3720.822793357658, 3768.160129070663, 3875.3739932979584, 4018.318654964447, 4143.6805523519515, 4282.740561332703, 4300.201795568848, 4461.050628798103, 4555.543450172424, 4638.481466520309, 4759.406357693672, 4859.405955123902, 5019.422203428268, 5060.042373344421, 5294.4465750444415, 5386.727585004616]
shares:[0, 3.9757, 7.9294, 11.9535, 15.9462, 19.9334, 23.935, 27.9064, 31.9225, 35.9145, 39.919, 43.6227, 47.3842, 51.2813, 55.1663, 59.0863, 63.0656, 67.015, 70.9848, 74.9483, 78.9009, 82.7889, 86.6373, 90.513, 94.377, 98.2823, 102.1673, 106.0403, 109.8556, 113.7316, 117.5468, 121.3748, 125.2174, 129.063, 132.8813, 136.6606, 140.4349, 144.2634, 148.0846, 151.8639, 155.6195, 159.34, 163.1336, 166.8743, 170.6196, 174.379, 178.1215, 181.864, 185.5609, 189.302, 192.9463, 196.5959]
growth_rate:5.62
