ticker:GOOG
price:[1591.0400390625, 1520.719970703125, 1459.989990234375, 1444.9599609375, 1458.4200439453125, 1515.219970703125, 1573.010009765625, 1641.0, 1621.010009765625, 1761.75, 1777.02001953125, 1742.18994140625, 1793.18994140625, 1827.989990234375, 1781.77001953125, 1731.010009765625, 1738.8499755859375, 1751.8800048828125, 1807.2099609375, 1736.18994140625, 1901.050048828125, 1835.739990234375, 2098.0, 2104.110107421875, 2101.139892578125, 2036.8599853515625, 2108.5400390625, 2061.919921875, 2043.199951171875, 2035.550048828125, 2137.75, 2285.8798828125, 2297.760009765625, 2315.300048828125, 2410.1201171875, 2398.68994140625, 2316.159912109375, 2345.10009765625, 2411.56005859375, 2451.760009765625, 2513.929931640625, 2511.35009765625, 2539.89990234375, 2574.3798828125, 2591.489990234375, 2636.909912109375, 2756.320068359375, 2704.419921875, 2740.719970703125, 2768.1201171875, 2768.739990234375, 2891.010009765625]
assets:[0, 100.06337407226562, 196.07665568847656, 294.04935205078124, 396.83609395751955, 512.2958720947266, 631.8781209228515, 759.1266, 849.8955481201172, 1023.7529249999999, 1132.6725604492187, 1210.4735712890624, 1345.9683700195312, 1472.0803391357422, 1534.8166948242188, 1591.1444009765626, 1698.3347711547851, 1811.0935490478516, 1968.2323684570313, 1990.889005810547, 2279.9293235595705, 2301.650799755859, 2730.547, 2838.4445349121092, 2934.4519739746097, 2944.6884808227537, 3148.261132324219, 3178.6557515625, 3249.7095223388674, 3337.4878600585935, 3605.1016, 3954.8007852539063, 4075.307153320313, 4206.437128710937, 4478.726213769532, 4557.510888671874, 4500.761941210938, 4656.899773925781, 4888.955706787109, 5070.4848761962885, 5299.112902905274, 5393.626604736328, 5555.015076416015, 5730.312181152344, 5868.429082885742, 6071.221381640625, 6446.205743872069, 6424.890408398438, 6611.164713330078, 6777.188482910156, 6878.657631738281, 7282.45421459961]
shares:[0, 0.0658, 0.1343, 0.2035, 0.2721, 0.3381, 0.4017, 0.4626, 0.5243, 0.5811, 0.6374, 0.6948, 0.7506, 0.8053, 0.8614, 0.9192, 0.9767, 1.0338, 1.0891, 1.1467, 1.1993, 1.2538, 1.3015, 1.349, 1.3966, 1.4457, 1.4931, 1.5416, 1.5905, 1.6396, 1.6864, 1.7301, 1.7736, 1.8168, 1.8583, 1.9, 1.9432, 1.9858, 2.0273, 2.0681, 2.1079, 2.1477, 2.1871, 2.2259, 2.2645, 2.3024, 2.3387, 2.3757, 2.4122, 2.4483, 2.4844, 2.519]
growth_rate:42.79
