ticker:GOOGL
price:[1581.2099609375, 1515.760009765625, 1451.0899658203125, 1439.06005859375, 1455.5999755859375, 1510.449951171875, 1567.699951171875, 1632.97998046875, 1616.1099853515625, 1759.72998046875, 1772.260009765625, 1736.3800048828125, 1787.02001953125, 1823.760009765625, 1774.800048828125, 1726.219970703125, 1734.1600341796875, 1752.6400146484375, 1797.8299560546875, 1727.6199951171875, 1892.56005859375, 1827.3599853515625, 2088.830078125, 2095.030029296875, 2088.81005859375, 2021.9100341796875, 2097.070068359375, 2050.0, 2026.9599609375, 2024.72998046875, 2129.780029296875, 2270.669921875, 2282.75, 2299.929931640625, 2353.5, 2351.929931640625, 2278.3798828125, 2294.1298828125, 2356.85009765625, 2393.570068359375, 2430.199951171875, 2402.219970703125, 2450.169921875, 2505.14990234375, 2510.3701171875, 2539.39990234375, 2660.300048828125, 2694.530029296875, 2714.77001953125, 2754.550048828125, 2748.590087890625, 2880.080078125]
assets:[0, 100.04016064453126, 195.75203638916014, 294.14387597656247, 397.5243533325195, 512.4956684326172, 631.9398503173828, 758.1926049316406, 850.3970742919922, 1025.922578613281, 1133.1830502441405, 1210.2568634033203, 1345.6260747070312, 1473.2333358886717, 1533.6047221923827, 1591.5748129882813, 1698.95658548584, 1817.1371671875, 1963.9494439941407, 1987.281280383301, 2276.939006494141, 2298.453389575195, 2727.3854330078125, 2835.4136416503907, 2927.049535107422, 2933.387077587891, 3142.459497436523, 3171.9649999999997, 3236.2442736328126, 3332.705547851562, 3605.7175895996097, 3944.153654296875, 4065.1212, 4195.762174291992, 4393.5138, 4490.539818481445, 4450.131587109375, 4580.918549999999, 4806.0887191406255, 4981.019312255859, 5157.127316381836, 5197.683350610351, 5401.399592773438, 5622.558440820313, 5734.187421679687, 5900.549613085937, 6281.500475292969, 6462.291369262695, 6610.736474560546, 6807.594990673828, 6892.91422241211, 7322.6035986328125]
shares:[0, 0.066, 0.1349, 0.2044, 0.2731, 0.3393, 0.4031, 0.4643, 0.5262, 0.583, 0.6394, 0.697, 0.753, 0.8078, 0.8641, 0.922, 0.9797, 1.0368, 1.0924, 1.1503, 1.2031, 1.2578, 1.3057, 1.3534, 1.4013, 1.4508, 1.4985, 1.5473, 1.5966, 1.646, 1.693, 1.737, 1.7808, 1.8243, 1.8668, 1.9093, 1.9532, 1.9968, 2.0392, 2.081, 2.1221, 2.1637, 2.2045, 2.2444, 2.2842, 2.3236, 2.3612, 2.3983, 2.4351, 2.4714, 2.5078, 2.5425]
growth_rate:43.58
