ticker:GOSS
price:[12.869999885559082, 13.109999656677246, 13.109999656677246, 12.0600004196167, 11.350000381469727, 13.199999809265137, 9.680000305175781, 9.579999923706055, 8.300000190734863, 8.630000114440918, 9.149999618530273, 9.010000228881836, 8.979999542236328, 9.260000228881836, 10.100000381469727, 11.390000343322754, 10.020000457763672, 9.670000076293945, 10.5600004196167, 10.289999961853027, 10.460000038146973, 10.100000381469727, 10.520000457763672, 10.59000015258789, 10.829999923706055, 9.399999618530273, 9.529999732971191, 10.640000343322754, 9.380000114440918, 9.170000076293945, 9.350000381469727, 8.739999771118164, 8.489999771118164, 8.279999732971191, 8.640000343322754, 8.3100004196167, 8.630000114440918, 9.390000343322754, 8.470000267028809, 8.510000228881836, 8.84000015258789, 8.529999732971191, 8.210000038146973, 8.239999771118164, 8.140000343322754, 7.309999942779541, 7.440000057220459, 7.860000133514404, 8.25, 9.029999732971191, 8.869999885559082, 10.0600004196167]
assets:[0, 100.0004553812027, 200.0009107624054, 283.9828598809242, 367.26444734363554, 527.1274723832131, 486.560375339508, 581.5337773687363, 603.8341438761711, 727.8421276517868, 871.6985036582947, 958.3612883453369, 1055.1706002117157, 1188.07099336586, 1395.844292720032, 1674.125030462265, 1572.7593118515013, 1617.8229237642288, 1866.7229541769027, 1918.9944408859253, 2050.6976514787675, 2080.1193185646057, 2266.619310628891, 2381.7016243171693, 2535.677700136948, 2300.8651666265487, 2432.6858648365974, 2816.031434865379, 2582.5541595085147, 2624.7355408376693, 2776.257278268242, 2695.1318794202807, 2718.0403157243727, 2750.8096632867814, 2970.4105180335046, 2956.957421312714, 3170.8234230477333, 3550.06146679945, 3302.238813107777, 3417.8339479248048, 3650.3702150093077, 3622.359069603252, 3586.467910664177, 3699.5728492372514, 3754.675280361843, 3471.8274548235895, 3633.5702919455052, 3938.690868904829, 4234.121925, 4734.438792996502, 4750.551075708294, 5487.886158907413]
shares:[0, 7.6278, 15.2556, 23.5475, 32.3581, 39.9339, 50.2645, 60.7029, 72.7511, 84.3386, 95.2676, 106.3664, 117.5023, 128.3014, 138.2024, 146.982, 156.962, 167.3033, 176.773, 186.4912, 196.0514, 205.9524, 215.4581, 224.901, 234.1346, 244.7729, 255.2661, 264.6646, 275.3256, 286.2307, 296.9259, 308.3675, 320.1461, 332.2234, 343.7975, 355.8312, 367.4187, 378.0683, 389.8747, 401.6256, 412.9378, 424.6611, 436.8414, 448.9773, 461.2623, 474.9422, 488.3831, 501.1057, 513.2269, 524.3011, 535.5751, 545.5155]
growth_rate:7.61
