ticker:GOVX
price:[2.940000057220459, 2.809999942779541, 3.2200000286102295, 3.140000104904175, 3.0399999618530273, 2.9200000762939453, 2.809999942779541, 2.7799999713897705, 2.7339999675750732, 2.680000066757202, 2.740000009536743, 3.5, 3.299999952316284, 3.2780001163482666, 3.380000114440918, 3.299999952316284, 4.650000095367432, 4.599999904632568, 4.679999828338623, 5.53000020980835, 7.480000019073486, 6.800000190734863, 5.099999904632568, 4.349999904632568, 5.079999923706055, 5.199999809265137, 4.579999923706055, 4.53000020980835, 4.710000038146973, 4.769999980926514, 4.75, 5.440000057220459, 5.949999809265137, 5.199999809265137, 5.409999847412109, 5.420000076293945, 4.980000019073486, 5.420000076293945, 5.389999866485596, 5.269999980926514, 4.75, 4.710000038146973, 4.179999828338623, 4.199999809265137, 4.369999885559082, 4.71999979019165, 4.03000020980835, 5.710000038146973, 5.769999980926514, 5.639999866485596]
assets:[0, 100.00002996368409, 214.5907839066744, 309.25923833203314, 399.41009098806376, 483.6439926366806, 565.4245354861737, 659.3879152139425, 748.4770553231477, 833.6936167668105, 952.358517314744, 1316.51625, 1341.2866306189298, 1432.344769039178, 1576.914379391575, 1639.5907863085508, 2410.332664433813, 2484.4148684929846, 2627.6219396193983, 3204.8612985925197, 4434.966063308859, 4131.787555893517, 3198.840300183296, 2828.4225729909417, 3403.0772168909075, 3583.464948559284, 3256.205905757904, 3320.6582167973042, 3552.60466377306, 3697.8609182136056, 3782.356125, 4431.793422615671, 4947.273711408806, 4423.667917740822, 4702.316144372177, 4811.00832572155, 4520.446613313388, 5019.843638661194, 5092.058460865831, 5078.691603618909, 4677.568200000001, 4738.178084375191, 4305.006903204918, 4425.604899019719, 4704.736632793045, 5181.545913675499, 4524.074608530664, 6510.040705491829, 6678.447241923523, 6627.979511097384]
shares:[0, 35.5872, 66.6431, 98.4902, 131.3849, 165.6315, 201.2187, 237.1899, 273.7663, 311.0797, 347.5761, 376.1475, 406.4505, 436.9569, 466.5427, 496.8457, 518.3511, 540.0902, 561.4577, 579.5409, 592.9099, 607.6158, 627.2236, 650.2121, 669.8971, 689.1279, 710.962, 733.0371, 754.2685, 775.2329, 796.2855, 814.6679, 831.4746, 850.7054, 869.1897, 887.6399, 907.7202, 926.1704, 944.7233, 963.6986, 984.7512, 1005.9826, 1029.906, 1053.7155, 1076.5988, 1097.7852, 1122.5991, 1140.1122, 1157.4432, 1175.1737]
growth_rate:35.26
