ticker:GP
price:[13.630000114440918, 15.829999923706055, 14.050000190734863, 11.180000305175781, 12.3100004196167, 13.380000114440918, 11.180000305175781, 9.84000015258789, 8.989999771118164, 10.15999984741211, 12.600000381469727, 22.040000915527344, 25.270000457763672, 18.549999237060547, 18.270000457763672, 19.0, 22.690000534057617, 29.110000610351562, 30.920000076293945, 29.6299991607666, 30.209999084472656, 28.790000915527344, 28.489999771118164, 30.84000015258789, 29.280000686645508, 24.3799991607666, 22.31999969482422, 26.799999237060547, 26.90999984741211, 19.6200008392334, 23.229999542236328, 21.309999465942383, 18.15999984741211, 19.579999923706055, 18.239999771118164, 16.450000762939453, 15.119999885559082, 16.670000076293945, 16.469999313354492, 17.1200008392334, 17.3799991607666, 19.600000381469727, 18.0, 18.40999984741211, 17.75, 16.65999984741211, 17.510000228881836, 17.110000610351562, 16.93000030517578, 15.260000228881836, 12.75, 13.539999961853027]
assets:[0, 99.99969251804352, 188.75472756242752, 250.19722682952883, 375.4857877993584, 508.12289834604263, 524.5745583190918, 561.7006647102355, 613.1800153886795, 792.9818920906067, 1083.4223728010177, 1995.1292068763732, 2387.5197512496948, 1852.6106838043213, 1924.6477172229768, 2101.5501, 2609.6926804246905, 3448.0883052963254, 3762.4847492837907, 3705.5128800458906, 3878.0485194740295, 3795.762969705963, 3856.2097880201345, 4274.28832514801, 4158.079249511146, 3562.225065377426, 3361.2334820426936, 4135.888442259979, 4252.864448884964, 3200.750038910103, 3889.675260351181, 3668.1861030702594, 3225.9623488941193, 3578.213658057404, 3433.331572917366, 3196.398003246689, 3037.966321006107, 3449.398090786934, 3508.012680748558, 3746.4588076538084, 3903.354893517494, 4501.941727620125, 4234.437, 4430.887466275406, 4372.039775, 4203.559531499863, 4518.026564057351, 4514.8158610534665, 4567.319613329315, 4216.792811246872, 3623.2044750000005, 3947.7007248779296]
shares:[0, 6.3171, 13.4345, 22.379, 30.5025, 37.9763, 46.9208, 57.0834, 68.2069, 78.0494, 85.9859, 90.5231, 94.4804, 99.8712, 105.3447, 110.6079, 115.0151, 118.4503, 121.6845, 125.0595, 128.3697, 131.8431, 135.3531, 138.5956, 142.0109, 146.1126, 150.5929, 154.3242, 158.0403, 163.1371, 167.4419, 172.1345, 177.6411, 182.7484, 188.2309, 194.3099, 200.9237, 206.9225, 212.9941, 218.8352, 224.5889, 229.6909, 235.2465, 240.6783, 246.3121, 252.3145, 258.0255, 263.87, 269.7767, 276.3298, 284.1729, 291.5584]
growth_rate:-22.59
