ticker:GPACU
price:[10.350000381469727, 10.550000190734863, 10.199999809265137, 10.369999885559082, 10.430000305175781, 10.520000457763672, 10.260000228881836, 10.050000190734863, 10.039999961853027, 9.949999809265137, 9.84000015258789, 9.920000076293945, 10.0, 9.989999771118164, 9.920000076293945, 9.9399995803833, 9.949999809265137, 9.949999809265137, 9.90999984741211, 9.90999984741211, 9.920000076293945, 9.9399995803833, 9.899999618530273, 9.949999809265137, 9.9399995803833, 9.899999618530273, 9.920000076293945, 9.920999526977539, 9.949999809265137, 9.899999618530273, 9.904000282287598, 9.850000381469727, 9.8100004196167, 9.824700355529785]
assets:[0, 100.00028680791854, 196.6825163221359, 299.9605426897049, 401.6958167533875, 505.1620059814453, 592.6771212215424, 680.5458129158019, 779.8690450368881, 872.878658267498, 963.2287589366913, 1071.0594322374345, 1179.6970000000001, 1278.5171737077712, 1369.558186533165, 1472.3196958460808, 1573.8014198312758, 1673.8019029143334, 1767.0728837917327, 1867.0727102519988, 1968.9563351430893, 2072.926278491497, 2164.58442659359, 2275.517196379852, 2373.230563814163, 2463.6802450687405, 2568.657043755341, 2668.9155455490113, 2776.7175917721747, 2862.7640796911237, 2963.920644478798, 3047.760523033333, 3135.384044114113, 3240.0820354299544]
shares:[0, 9.4787, 19.2826, 28.9258, 38.5135, 48.0192, 57.7658, 67.716, 77.6762, 87.7265, 97.8891, 107.9697, 117.9697, 127.9797, 138.0603, 148.1207, 158.171, 168.2213, 178.3121, 188.4029, 198.4835, 208.5439, 218.6449, 228.6952, 238.7556, 248.8566, 258.9372, 269.0168, 279.0671, 289.1681, 299.265, 309.4173, 319.611, 329.7894]
growth_rate:-1.82
