ticker:GPAC
price:[10.17300033569336, 9.829999923706055, 9.800000190734863, 9.6899995803833, 9.720000267028809, 9.84000015258789, 9.850000381469727, 9.850000381469727, 9.779999732971191, 9.880000114440918, 9.779999732971191, 9.720000267028809, 9.789999961853027, 9.800000190734863, 9.789999961853027, 9.770000457763672, 9.720000267028809, 9.789999961853027, 9.75, 9.6899995803833, 9.779999732971191, 9.75, 9.729999542236328, 9.6899995803833, 9.579999923706055, 9.649999618530273, 9.739899635314941]
assets:[0, 99.99960622386932, 199.69460388660428, 297.45294811906814, 398.37421094417573, 503.29239180450435, 603.8040383840561, 703.8041972568512, 798.8020161898612, 906.970178505516, 997.7898027567863, 1091.6687819904328, 1199.5305143260002, 1300.7559853162766, 1399.4286075470925, 1496.569647120285, 1588.9109476507188, 1700.353626374531, 1793.406225, 1882.3696284856794, 1999.852487396908, 2093.717925, 2189.4230909950256, 2280.4222142483713, 2354.5350192487717, 2471.739322290802, 2594.7657542657853]
shares:[0, 10.1729, 20.377, 30.6969, 40.985, 51.1476, 61.2999, 71.4522, 81.6771, 91.7986, 102.0235, 112.3116, 122.5261, 132.7302, 142.9447, 153.1801, 163.4682, 173.6827, 183.9391, 194.259, 204.4839, 214.7403, 225.0178, 235.3377, 245.7761, 256.1388, 266.4058]
growth_rate:-0.2
