ticker:GPP
price:[7.050000190734863, 6.730000019073486, 7.099999904632568, 6.78000020980835, 7.21999979019165, 7.739999771118164, 7.860000133514404, 8.300000190734863, 7.75, 7.769999980926514, 8.0, 8.470000267028809, 8.630000114440918, 8.949999809265137, 8.470000267028809, 8.0, 7.860000133514404, 7.949999809265137, 8.75, 9.770000457763672, 9.770000457763672, 9.770000457763672, 9.880000114440918, 9.890000343322754, 9.890000343322754, 10.130000114440918, 11.079999923706055, 12.989999771118164, 12.75, 12.550000190734863, 12.5600004196167, 12.180000305175781, 11.6899995803833, 11.90999984741211, 11.880000114440918, 12.0600004196167, 11.9399995803833, 12.289999961853027, 12.4399995803833, 12.25, 12.670000076293945, 12.470000267028809, 12.210000038146973, 12.539999961853027, 12.25, 11.720000267028809, 11.4399995803833, 12.819999694824219, 13.0, 13.109999656677246, 12.779999732971191, 13.069999694824219]
assets:[0, 99.99972428340912, 205.49742723975183, 296.2358371670723, 415.46044792699814, 545.3828298723221, 653.8380411064625, 790.4397281643868, 838.060975, 940.2236106919765, 1068.0552, 1230.8036898028374, 1354.0539219558716, 1504.2622679424287, 1523.587036033249, 1539.0432, 1612.109607384205, 1730.5686784805298, 2004.71425, 2338.406621563721, 2438.406484249115, 2538.406346934509, 2666.9864828919413, 2769.685695147228, 2869.685466618633, 3039.324194335937, 3424.354860420799, 4114.653872500419, 4138.6321499999995, 4173.712148432064, 4277.038102891445, 4247.637472426605, 4176.755020073891, 4355.359507200241, 4444.388826813126, 4611.7284824608805, 4665.840202024746, 4902.611258782768, 5062.44787723732, 5085.128125, 5359.475916272736, 5374.874383095932, 5362.8078407547, 5607.748788941097, 5578.06445, 5436.727635870552, 5406.84009767828, 6159.063737385559, 6345.5405, 6499.233822799015, 6435.637245532036, 6681.672690987396]
shares:[0, 14.8588, 28.9433, 43.6926, 57.543, 70.4629, 83.1855, 95.2337, 108.1369, 121.0069, 133.5069, 145.3133, 156.9008, 168.074, 179.8804, 192.3804, 205.103, 217.6816, 229.1102, 239.3456, 249.581, 259.8164, 269.9379, 280.0491, 290.1603, 300.032, 309.0573, 316.7555, 324.5986, 332.5667, 340.5285, 348.7387, 357.293, 365.6893, 374.1068, 382.3987, 390.7739, 398.9106, 406.9492, 415.1125, 423.0052, 431.0244, 439.2144, 447.1889, 455.3522, 463.8846, 472.6259, 480.4262, 488.1185, 495.7463, 503.571, 511.2221]
growth_rate:31.01
