ticker:GPRE
price:[13.65999984741211, 13.770000457763672, 15.010000228881836, 14.1899995803833, 15.760000228881836, 16.290000915527344, 15.960000038146973, 16.15999984741211, 15.100000381469727, 14.279999732971191, 16.170000076293945, 15.020000457763672, 15.989999771118164, 15.510000228881836, 13.880000114440918, 12.630000114440918, 13.720000267028809, 13.170000076293945, 18.100000381469727, 17.510000228881836, 19.469999313354492, 19.209999084472656, 20.65999984741211, 26.459999084472656, 27.270000457763672, 25.31999969482422, 24.770000457763672, 27.700000762939453, 25.6299991607666, 27.1200008392334, 31.100000381469727, 27.600000381469727, 25.8799991607666, 24.979999542236328, 29.799999237060547, 31.969999313354492, 26.75, 28.649999618530273, 31.889999389648438, 30.469999313354492, 33.619998931884766, 31.309999465942383, 32.779998779296875, 33.5099983215332, 34.13999938964844, 31.790000915527344, 33.15999984741211, 35.36000061035156, 34.939998626708984, 36.560001373291016, 33.77000045776367, 35.31999969482422]
assets:[0, 100.00049732437134, 209.00524718704224, 297.5869951999664, 430.51277425231933, 544.990125629425, 633.9503535152436, 741.8942809947968, 793.2302000392914, 850.1540721025467, 1062.6746180139542, 1087.098067131424, 1257.3032760028839, 1319.561350472832, 1280.883886560917, 1265.531063467026, 1474.7491087026597, 1515.6299487800597, 2182.984936007881, 2211.8264579118727, 2559.409289737702, 2625.2307908843995, 2923.3879124088285, 3844.08749899292, 4061.7629421821593, 3871.316545339966, 3887.2230508380894, 4447.035682484436, 4214.712396992683, 4559.734557101822, 5328.897985363769, 4829.183106745911, 4628.234121916198, 4567.283164303589, 5548.560197945785, 6052.598634003449, 5164.341625, 5631.154560022163, 6367.976851121521, 6184.422632633209, 6923.769820030213, 6548.044917309379, 6955.473210983277, 7210.369795843125, 7445.927038882446, 7033.391468556213, 7436.498041780472, 8029.874250604248, 8034.494612210083, 8507.015103546142, 7957.819559870911, 8423.074675222017]
shares:[0, 7.2622, 13.9244, 20.9716, 27.3168, 33.4555, 39.7212, 45.9093, 52.5318, 59.5346, 65.7189, 72.3767, 78.6306, 85.0781, 92.2827, 100.2004, 107.489, 115.082, 120.6069, 126.3179, 131.454, 136.6596, 141.4999, 145.2792, 148.9462, 152.8956, 156.9327, 160.5428, 164.4445, 168.1318, 171.3472, 174.9704, 178.8344, 182.8376, 186.1933, 189.3212, 193.0595, 196.5499, 199.6857, 202.9676, 205.942, 209.1359, 212.1865, 215.1707, 218.0998, 221.2454, 224.2611, 227.0892, 229.9512, 232.6864, 235.6476, 238.4789]
growth_rate:65.16
