ticker:GPRO
price:[4.110000133514404, 3.75, 4.019999980926514, 4.309999942779541, 4.559999942779541, 6.179999828338623, 6.804999828338623, 6.824999809265137, 5.940000057220459, 7.659999847412109, 7.139999866485596, 6.760000228881836, 7.159999847412109, 8.319999694824219, 8.710000038146973, 8.859999656677246, 8.510000228881836, 8.279999732971191, 8.270000457763672, 8.720000267028809, 8.8100004196167, 8.949999809265137, 8.385000228881836, 8.039999961853027, 7.710000038146973, 7.519999980926514, 8.079999923706055, 10.75, 13.539999961853027, 11.880000114440918, 12.385000228881836, 13.079999923706055, 11.369999885559082, 10.920000076293945, 11.229999542236328, 10.800000190734863, 9.859999656677246, 10.079999923706055, 11.220000267028809, 11.039999961853027, 12.59000015258789, 11.40999984741211, 11.600000381469727, 11.180000305175781, 10.640000343322754, 10.100000381469727, 10.25, 10.239999771118164, 10.09000015258789, 10.140000343322754, 10.0, 10.029999732971191]
assets:[0, 100.000125, 207.20004501690863, 322.1474977231026, 440.8334344682694, 697.4451166271209, 867.9797696045398, 970.5306703770638, 944.6815711001873, 1318.2254597408294, 1328.7375531532764, 1358.0205019802095, 1538.3768032154082, 1887.6107467628478, 2076.0929630926134, 2211.8466402915, 2224.4715098285674, 2264.3505709750175, 2361.616064720917, 2590.119991316128, 2716.8525974025724, 2860.02613904953, 2779.4774843702317, 2765.1159828804966, 2751.622684614277, 2783.8137529392243, 3091.1187068126683, 4212.564875, 5405.872064769745, 4843.113706654072, 5148.9870581562045, 5537.9293956979745, 4913.934304540443, 4819.4513976717, 5056.2668658935545, 4962.661647643757, 4630.726160759258, 4834.048427411843, 5480.756950438499, 5492.830541020393, 6364.015939130402, 5867.546781532287, 6065.253919457818, 5945.649378295899, 5758.471393809605, 5566.218280232048, 5748.8847000000005, 5843.275645392609, 5857.680976583862, 5986.7079166995045, 6004.0509999999995, 6122.063093012237]
shares:[0, 26.6667, 51.5423, 74.7442, 96.674, 112.8552, 127.5503, 142.2023, 159.0373, 172.0921, 186.0977, 200.8906, 214.8571, 226.8763, 238.3574, 249.6441, 261.395, 273.4723, 285.5642, 297.0321, 308.3828, 319.556, 331.4821, 343.9199, 356.8901, 370.188, 382.5642, 391.8665, 399.252, 407.6695, 415.7438, 423.3891, 432.1842, 441.3417, 450.2464, 459.5057, 469.6477, 479.5683, 488.481, 497.539, 505.4818, 514.246, 522.8667, 531.8112, 541.2097, 551.1107, 560.8668, 570.6324, 580.5432, 590.4051, 600.4051, 610.3752]
growth_rate:20.04
