ticker:GRAY
price:[16.5, 13.050000190734863, 14.5, 15.380000114440918, 14.75, 13.15999984741211, 19.790000915527344, 25.729999542236328, 27.610000610351562, 23.5, 25.399999618530273, 18.610000610351562, 25.510000228881836, 28.18000030517578, 29.020000457763672, 26.06999969482422, 32.060001373291016, 35.0, 30.649999618530273, 31.020000457763672, 29.299999237060547, 23.43000030517578, 20.079999923706055, 15.850000381469727, 8.25, 7.659999847412109, 5.889999866485596, 5.519999980926514, 5.329999923706055, 4.75, 4.679999828338623, 4.739999771118164, 4.380000114440918, 3.619999885559082, 3.640000104904175, 3.9800000190734863, 4.21999979019165, 5.869999885559082, 5.050000190734863, 5.199999809265137, 4.809999942779541, 4.590000152587891, 4.269999980926514, 4.130000114440918, 4.159999847412109, 4.070000171661377, 3.859999895095825, 3.5199999809265137, 4.269999980926514, 4.25]
assets:[0, 99.99954146156311, 211.1113, 323.92433441028595, 410.656225, 466.38907859230045, 801.3565070724487, 1141.884514684677, 1325.3186832977294, 1228.0324500000002, 1427.3199585638047, 1145.7656295776367, 1670.5784869888305, 1945.428865068054, 2103.4189671794893, 1989.5972017097472, 2546.7407110897066, 2880.2830000000004, 2622.3036273628236, 2753.9587426403045, 2701.257759662247, 2260.0836024375917, 2036.9392882606505, 1707.8422961034773, 988.939875, 1018.2154377170563, 882.93571798563, 927.4709487952709, 995.5469797496796, 987.2134, 1072.6648526548863, 1186.4167287111281, 1196.3089932572366, 1088.7301695814133, 1194.745222432351, 1406.3421607396604, 1591.1467008919715, 2313.2777309005737, 2090.1284189426424, 2252.2114373893737, 2183.2955300271988, 2183.435991585159, 2131.213781480169, 2161.338091889954, 2277.0379004787446, 2327.7751411791323, 2307.66851328392, 2204.402452055216, 2774.09046060853, 2861.097025]
shares:[0, 7.6628, 14.5594, 21.0614, 27.8411, 35.4399, 40.493, 44.3795, 48.0014, 52.2567, 56.1937, 61.5672, 65.4872, 69.0358, 72.4817, 76.3175, 79.4367, 82.2938, 85.5564, 88.7801, 92.1931, 96.4611, 101.4412, 107.7503, 119.8715, 132.9263, 149.9042, 168.0201, 186.7818, 207.8344, 229.2019, 250.2989, 273.1299, 300.7542, 328.2267, 353.3523, 377.049, 394.0848, 413.8868, 433.1176, 453.9076, 475.6941, 499.1133, 523.3264, 547.3649, 571.9349, 597.8416, 626.2507, 649.6699, 673.1993]
growth_rate:-41.61
