ticker:GRBK
price:[14.119999885559082, 16.280000686645508, 18.06999969482422, 15.529999732971191, 16.719999313354492, 18.940000534057617, 18.770000457763672, 18.170000076293945, 17.889999389648438, 20.959999084472656, 21.850000381469727, 23.1299991607666, 22.530000686645508, 22.540000915527344, 22.06999969482422, 23.56999969482422, 24.270000457763672, 22.959999084472656, 22.329999923706055, 21.489999771118164, 22.719999313354492, 19.899999618530273, 21.360000610351562, 21.030000686645508, 19.90999984741211, 19.729999542236328, 20.110000610351562, 21.719999313354492, 22.8799991607666, 22.610000610351562, 24.1200008392334, 25.530000686645508, 26.809999465942383, 24.979999542236328, 25.809999465942383, 25.850000381469727, 22.93000030517578, 22.3799991607666, 23.34000015258789, 24.1299991607666, 23.030000686645508, 22.299999237060547, 22.1299991607666, 22.860000610351562, 22.469999313354492, 21.579999923706055, 23.15999984741211, 25.06999969482422, 25.18000030517578, 25.84000015258789, 25.1299991607666, 25.440000534057617]
assets:[0, 99.99990421772003, 210.994351436615, 281.3368161625862, 402.8951354541778, 556.3890316886902, 651.3959728862762, 730.5739120676042, 819.3154580474854, 1059.913617703247, 1204.9204560361861, 1375.5063550920486, 1439.8247538814544, 1540.4648065704343, 1608.342399760437, 1817.6547374656677, 1971.6365891876221, 1965.2152016372681, 2011.2921221281051, 2035.6316323192596, 2252.1426519355773, 2072.6068502695084, 2324.6665384262087, 2388.751511994553, 2361.533045901489, 2440.1826673843384, 2587.181743522644, 2894.3115405006406, 3148.8873404994965, 3211.7279766998295, 3526.2211106916425, 3832.3569100736618, 4124.501256839561, 3942.9705257442474, 4173.982789632416, 4280.452448166847, 3896.9352078643797, 3903.4635036230084, 4170.904707267761, 4412.078652549362, 4310.948980532074, 4274.301063765335, 4341.717730349541, 4584.938882415771, 4606.71836722641, 4524.253458004951, 4955.5011633510585, 5464.1794164848325, 5588.154661727142, 5834.628106454086, 5774.310895162964, 5945.541820813752]
shares:[0, 6.1425, 11.6765, 18.1157, 24.0966, 29.3764, 34.7041, 40.2077, 45.7974, 50.5684, 55.1451, 59.4685, 63.907, 68.3436, 72.8746, 77.1173, 81.2376, 85.593, 90.0713, 94.7246, 99.126, 104.1511, 108.8327, 113.5878, 118.6104, 123.6788, 128.6515, 133.2556, 137.6262, 142.049, 146.1949, 150.1119, 153.8419, 157.8451, 161.7196, 165.5881, 169.9492, 174.4175, 178.702, 182.8462, 187.1884, 191.6727, 196.1915, 200.566, 205.0164, 209.6503, 213.9681, 217.9569, 221.9283, 225.7983, 229.7776, 233.7084]
growth_rate:16.58
