ticker:GRCL
price:[25.059999465942383, 24.0, 21.399999618530273, 20.719999313354492, 30.56999969482422, 28.940000534057617, 26.15999984741211, 22.729999542236328, 21.020000457763672, 23.90999984741211, 23.5, 17.639999389648438, 13.460000038146973, 13.5, 12.899999618530273, 12.880000114440918, 12.180000305175781, 11.5, 11.050000190734863, 17.610000610351562, 15.0600004196167, 13.34000015258789, 14.369999885559082, 13.800000190734863, 13.520000457763672, 12.130000114440918, 11.869999885559082, 11.350000381469727, 11.920000076293945, 12.430000305175781, 11.380000114440918, 11.59000015258789, 10.220000267028809, 10.140000343322754, 10.010000228881836]
assets:[0, 100.0008, 189.16743662796023, 283.15743861637117, 517.7671418312073, 590.1589608907699, 633.4670123050689, 650.4098449012756, 701.4794552764893, 897.9256982696534, 982.52795, 837.5224750213623, 739.0616820945739, 841.2579, 903.8681432714462, 1002.4671529070854, 1047.985496257782, 1089.4778000000001, 1146.8463697957993, 1927.6892828124999, 1748.5518907198905, 1648.8506988601684, 1876.1601180584908, 1901.7407662846565, 1963.154090468979, 1861.3206185606957, 1921.4241824751853, 1937.250980110359, 2134.540637662125, 2325.868096103668, 2229.394370419502, 2370.5340242092134, 2190.32388522892, 2273.178178965855, 2344.0347465970995]
shares:[0, 4.1667, 8.8396, 13.6659, 16.9371, 20.3925, 24.2151, 28.6146, 33.372, 37.5544, 41.8097, 47.4786, 54.908, 62.3154, 70.0673, 77.8313, 86.0415, 94.7372, 103.787, 109.4656, 116.1057, 123.602, 130.5609, 137.8073, 145.2037, 153.4477, 161.8723, 170.6829, 179.0722, 187.1173, 195.9046, 204.5327, 214.3174, 224.1793, 234.1693]
growth_rate:-31.06
