ticker:GRCY
price:[9.869999885559082, 9.90999984741211, 10.0, 9.899999618530273, 9.850000381469727, 9.888999938964844, 9.8100004196167, 9.789999961853027, 9.835000038146973, 9.90999984741211, 9.949999809265137, 9.90999984741211, 10.100000381469727, 10.142000198364258, 10.15999984741211, 10.109999656677246, 10.079999923706055, 10.239999771118164, 10.460000038146973, 10.239999771118164, 10.140000343322754, 10.399999618530273, 10.399999618530273, 10.350000381469727, 10.300000190734863, 10.005000114440918, 10.119999885559082, 10.050000190734863, 10.029999732971191, 10.069999694824219, 10.140000343322754, 10.100000381469727, 10.100000381469727, 10.119999885559082, 10.109999656677246, 10.079999923706055, 10.119999885559082, 10.119999885559082, 10.130000114440918, 10.140000343322754, 10.109999656677246, 10.119999885559082, 10.109999656677246, 10.149999618530273, 10.130000114440918, 10.140000343322754, 10.130000114440918, 10.130000114440918, 10.130000114440918, 10.130000114440918, 10.130000114440918, 10.130000114440918]
assets:[0, 99.9998264602661, 200.90800000000002, 298.8988084827423, 397.38940039005274, 498.9623476203918, 594.9765254497528, 693.7634522967339, 796.952673591137, 903.0299070957183, 1006.6753107027054, 1102.6282050224304, 1223.7685662208557, 1328.8576043907167, 1431.215810505295, 1524.1724272410395, 1619.6493477411268, 1745.3577849882126, 1882.8554448666573, 1943.253972564888, 2024.2766605384827, 2176.1812001781464, 2276.1813565101625, 2365.237977175522, 2453.811275439549, 2483.532173907566, 2612.0782304615973, 2694.010086128521, 2788.6488497577666, 2899.770203121185, 3019.927350249481, 3108.0145373874666, 3208.014641164398, 3314.366754519844, 3411.0916421636584, 3500.969445501709, 3614.8619351217267, 3714.8617019908907, 3818.532920138836, 3922.302204802322, 4010.697523801804, 4114.664441469765, 4210.59850301342, 4327.257457367707, 4418.7313749194145, 4523.093169144058, 4618.632745177746, 4718.633067307472, 4818.633389437199, 4918.633711566925, 5018.634033696651, 5118.634355826378]
shares:[0, 10.0908, 20.0908, 30.1918, 40.3441, 50.4563, 60.65, 70.8645, 81.0323, 91.1231, 101.1734, 111.2642, 121.1652, 131.0252, 140.8677, 150.7589, 160.6795, 170.4451, 180.0053, 189.7709, 199.6328, 209.2482, 218.8636, 228.5254, 238.2341, 248.2291, 258.1105, 268.0607, 278.0308, 287.9613, 297.8232, 307.7242, 317.6252, 327.5066, 337.3978, 347.3184, 357.1998, 367.0812, 376.9529, 386.8148, 396.706, 406.5874, 416.4786, 426.3308, 436.2025, 446.0644, 455.9361, 465.8078, 475.6795, 485.5512, 495.4229, 505.2946]
growth_rate:0.37
