ticker:GRCYU
price:[9.935999870300293, 9.970000267028809, 10.020000457763672, 10.0, 9.960000038146973, 10.050000190734863, 10.010000228881836, 9.996999740600586, 9.960000038146973, 10.043000221252441, 10.039999961853027, 10.079999923706055, 10.199999809265137, 10.34000015258789, 10.699999809265137, 10.550000190734863, 10.75, 10.75, 10.75, 10.989999771118164, 11.5, 11.319999694824219, 11.010000228881836, 11.0, 11.600000381469727, 11.260000228881836, 10.260000228881836, 10.100000381469727, 10.550000190734863, 10.322999954223633, 10.300000190734863, 10.380000114440918, 10.390000343322754, 10.369999885559082, 10.399999618530273, 10.399999618530273, 10.399999618530273, 10.369999885559082, 10.350000381469727, 10.399999618530273, 10.470000267028809, 10.470000267028809, 10.470000267028809, 10.470000267028809, 10.4350004196167, 10.449999809265137, 10.5, 10.479999542236328, 10.479999542236328, 10.399999618530273, 10.381999969482422, 10.380000114440918]
assets:[0, 100.00009967832564, 200.50121115989685, 300.101, 398.9009895277977, 502.50503453683854, 600.5049187307358, 699.7250013437271, 797.1356550530434, 903.7786286107063, 1003.5090401871681, 1107.5067276174545, 1220.6910971736909, 1337.4459317367555, 1484.010793546486, 1563.2072432614327, 1692.8412, 1792.840925, 1892.84065, 2035.0995836162567, 2229.54065, 2294.6431781387328, 2331.8046454748155, 2429.6866, 2662.215167547798, 2684.1847525613784, 2545.802570792198, 2606.1020884305954, 2822.215781023216, 2861.4911984109876, 2955.1153747226717, 3078.067587936115, 3181.03263611269, 3274.90922085886, 3384.383475861549, 3484.3836321935655, 3584.3837885255816, 3674.044294454098, 3766.9581938386914, 3885.1559374933245, 4011.306288305092, 4111.306307855511, 4211.30632740593, 4311.3063469563485, 4396.893863809776, 4503.214237806702, 4624.7607, 4715.951586008454, 4815.951741640472, 4879.18894103241, 4970.744817188644, 5069.787199895096]
shares:[0, 10.0301, 20.0101, 30.0101, 40.0503, 50.0005, 59.9905, 69.9935, 80.0337, 89.9909, 99.9511, 109.8717, 119.6756, 129.3468, 138.6926, 148.1713, 157.4736, 166.7759, 176.0782, 185.1774, 193.8731, 202.707, 211.7897, 220.8806, 229.5013, 238.3823, 248.1289, 258.0299, 267.5086, 277.1957, 286.9044, 296.5383, 306.1629, 315.8061, 325.4215, 335.0369, 344.6523, 354.2955, 363.9573, 373.5727, 383.1238, 392.6749, 402.226, 411.7771, 421.3602, 430.9296, 440.4534, 449.9954, 459.5374, 469.1528, 478.7849, 488.4188]
growth_rate:-0.59
