ticker:GRFS
price:[15.399999618530273, 15.829999923706055, 16.15999984741211, 16.56999969482422, 17.06999969482422, 18.600000381469727, 19.059999465942383, 18.510000228881836, 16.979999542236328, 18.420000076293945, 19.040000915527344, 18.829999923706055, 18.690000534057617, 18.84000015258789, 18.739999771118164, 19.510000228881836, 18.649999618530273, 18.440000534057617, 19.600000381469727, 19.079999923706055, 19.049999237060547, 17.68000030517578, 17.229999542236328, 16.700000762939453, 16.190000534057617, 16.260000228881836, 15.960000038146973, 16.079999923706055, 16.100000381469727, 17.610000610351562, 16.6200008392334, 18.0, 17.979999542236328, 17.989999771118164, 17.649999618530273, 18.229999542236328, 18.739999771118164, 18.709999084472656, 17.489999771118164, 16.8799991607666, 18.700000762939453, 17.829999923706055, 17.809999465942383, 17.280000686645508, 16.649999618530273, 15.680000305175781, 15.199999809265137, 15.210000038146973, 14.899999618530273, 14.289999961853027, 15.010000228881836, 14.300000190734863]
assets:[0, 99.99969251804352, 202.08403009185793, 307.21110834198, 416.4806805541992, 553.8094313581466, 667.5059592966079, 748.2445472522736, 786.3964167995452, 953.0876439476012, 1085.167716179657, 1173.199379246521, 1264.4775931318281, 1374.6266991333007, 1467.3307380786896, 1627.621769094467, 1655.8756511304855, 1737.2306063135147, 1946.5132778844832, 1994.8712320232391, 2091.7337312274935, 2041.3045472351073, 2089.3476504905702, 2125.078437084198, 2160.1815822576523, 2269.52205194664, 2327.6494975634578, 2445.1505163986208, 2548.1921403762817, 2887.184254067993, 2824.87162664299, 3159.4284, 3255.9172071056364, 3357.727316280556, 3394.267896639633, 3605.808228456497, 3806.6842635068892, 3900.5895111343384, 3746.24951297493, 3715.5916552696226, 4216.206892016601, 4120.051185370445, 4215.42918259449, 4189.983718494987, 4137.223540211678, 3996.197037776947, 3973.8636301345828, 4076.477740223884, 4093.393455200958, 4025.8116562531472, 4328.651411005974, 4223.898306338787]
shares:[0, 6.3171, 12.5052, 18.5402, 24.3984, 29.7747, 35.0213, 40.4238, 46.3131, 51.742, 56.9941, 62.3048, 67.6553, 72.9632, 78.2994, 83.425, 88.7869, 94.2099, 99.3119, 104.553, 109.8023, 115.4584, 121.2622, 127.2502, 133.4269, 139.577, 145.8427, 152.0616, 158.2728, 163.9514, 169.9682, 175.5238, 181.0855, 186.6441, 192.3098, 197.7953, 203.1315, 208.4762, 214.1938, 220.118, 225.4656, 231.0741, 236.6889, 242.4759, 248.4819, 254.8595, 261.4384, 268.013, 274.7244, 281.7223, 288.3845, 295.3775]
growth_rate:-17.18
