ticker:GRIL
price:[2.509999990463257, 1.6200000047683716, 1.5800000429153442, 1.3799999952316284, 1.6200000047683716, 1.6200000047683716, 1.5800000429153442, 1.5299999713897705, 1.809999942779541, 1.8200000524520874, 1.909999966621399, 2.069999933242798, 2.1500000953674316, 1.9800000190734863, 2.059999942779541, 1.9700000286102295, 1.9700000286102295, 1.75, 1.8700000047683716, 1.8899999856948853, 2.1500000953674316, 2.130000114440918, 2.319999933242798, 3.0199999809265137, 2.7899999618530273, 2.2799999713897705, 2.119999885559082, 2.3499999046325684, 2.4100000858306885, 2.3499999046325684, 2.3499999046325684, 2.059999942779541, 1.7000000476837158, 1.6200000047683716, 1.4700000286102295, 1.5399999618530273, 1.2400000095367432, 1.4600000381469727, 1.2899999618530273, 1.409999966621399, 1.4199999570846558, 1.25, 1.4199999570846558, 1.309999942779541, 1.3300000429153442, 1.1699999570846558, 1.190000057220459, 1.2599999904632568, 1.2300000190734863, 1.190000057220459, 1.0399999618530273, 1.1399999856948853]
assets:[0, 100.00000829434394, 197.53081536525488, 272.5269530583263, 419.92295523601774, 519.9229635303616, 607.0853124894143, 687.873758137107, 913.7591041128635, 1018.8076373618603, 1169.1881435676098, 1367.1306279102325, 1519.9666474210737, 1499.7832884475233, 1660.3805538797378, 1687.8396825124264, 1787.8396419647215, 1688.182475, 1903.9434968549251, 2024.3065976783394, 2402.7827015800954, 2480.4313542689324, 2801.690151382327, 3747.0278303348064, 3561.6581513023375, 3010.60225022192, 2899.3317714895247, 3313.881975516415, 3498.4920485966686, 3511.392417501068, 3611.3924334428784, 3265.7312992880343, 2795.021078398228, 2763.490616134167, 2607.611882751274, 2831.783807854557, 2380.1377343054533, 2902.420215834618, 2664.467057208252, 3012.3244926899433, 3133.688423293436, 2858.528625, 3347.288366838002, 3187.991363749361, 3336.663276664698, 3035.259986667323, 3187.1450232520106, 3474.623979701114, 3491.8949011484624, 3478.3374422538277, 3139.8912368294714, 3541.8039395562173]
shares:[0, 61.7284, 125.0195, 197.4833, 259.2117, 320.9401, 384.2312, 449.5907, 504.8393, 559.7844, 612.1404, 660.4496, 706.9612, 757.4663, 806.01, 856.7714, 907.5328, 964.6757, 1018.1516, 1071.0617, 1117.5733, 1164.5217, 1207.6251, 1240.7377, 1276.58, 1320.4396, 1367.6094, 1410.1626, 1451.6564, 1494.2096, 1536.7628, 1585.3065, 1644.13, 1705.8584, 1773.8856, 1838.8207, 1919.4659, 1987.959, 2065.4784, 2136.4004, 2206.8229, 2286.8229, 2357.2454, 2433.5813, 2508.7693, 2594.2394, 2678.273, 2757.6381, 2838.9389, 2922.9725, 3019.1263, 3106.8456]
growth_rate:-30.55
