ticker:GRIN
price:[3.700000047683716, 3.7100000381469727, 3.8510000705718994, 3.890000104904175, 4.041999816894531, 4.050000190734863, 4.0, 4.0, 3.799999952316284, 3.7200000286102295, 3.9000000953674316, 4.099999904632568, 3.9700000286102295, 4.303999900817871, 3.4700000286102295, 3.549999952316284, 3.630000114440918, 4.199999809265137, 5.139999866485596, 5.0, 4.929999828338623, 5.059999942779541, 5.15500020980835, 6.110000133514404, 6.090000152587891, 6.119999885559082, 6.329999923706055, 7.269999980926514, 7.389999866485596, 7.179999828338623, 6.940000057220459, 6.900000095367432, 7.21999979019165, 7.869999885559082, 8.300000190734863, 8.65999984741211, 7.510000228881836, 8.390000343322754, 8.670000076293945, 8.380000114440918, 10.449999809265137, 11.100000381469727, 10.970000267028809, 10.520000457763672, 11.960000038146973, 9.899999618530273, 10.140000343322754, 10.880000114440918, 11.760000228881836, 11.319999694824219, 12.119999885559082, 15.430000305175781]
assets:[0, 100.00008302822113, 203.80070023477077, 305.8644842484474, 417.81586227264404, 518.6430244255066, 612.24, 712.24, 776.6280302546024, 860.2779066163301, 1001.9041744997502, 1153.2836431742192, 1216.7160807683945, 1419.0795544984817, 1244.0998042576311, 1372.7821415607452, 1503.7181094068528, 1839.838896447277, 2351.612646915531, 2387.561, 2454.135180547619, 2618.848510385036, 2768.0165406581878, 3380.810935876751, 3469.7447009361267, 3586.8370729279522, 3809.9149130800247, 4475.684613257647, 4649.561042996836, 4617.435631605101, 4563.092371622801, 4636.792474086809, 4951.83180210309, 5497.634066056633, 5898.013335536957, 6253.830147808457, 5523.356587335014, 6270.567957594585, 6579.835590900993, 6459.749066217137, 8155.414976146221, 8762.689951144219, 8760.064094235133, 8500.717929897308, 9764.31386314373, 8182.500164709473, 8480.86408114729, 9199.783200767613, 10043.883387481499, 9768.09112866211, 10558.415468304062, 13541.943806833648]
shares:[0, 26.9542, 52.9215, 78.6284, 103.3686, 128.06, 153.06, 178.06, 204.3758, 231.2575, 256.8985, 281.2887, 306.4776, 329.7118, 358.5302, 386.6992, 414.2474, 438.0569, 457.5122, 477.5122, 497.7962, 517.559, 536.9576, 553.3242, 569.7446, 586.0845, 601.8823, 615.6375, 629.1693, 643.0969, 657.5061, 671.9989, 685.8493, 698.5558, 710.604, 722.1513, 735.4669, 747.3859, 758.9199, 770.8531, 780.4225, 789.4315, 798.5473, 808.053, 816.4142, 826.5152, 836.3771, 845.5683, 854.0717, 862.9056, 871.1564, 877.6373]
growth_rate:165.53
