ticker:GRMN
price:[101.7300033569336, 100.05000305175781, 96.33000183105469, 93.55000305175781, 94.93000030517578, 98.81999969482422, 99.12000274658203, 100.83999633789062, 104.0199966430664, 115.19000244140625, 115.62999725341797, 114.48999786376953, 117.05000305175781, 121.33999633789062, 118.94000244140625, 119.48999786376953, 120.20999908447266, 119.66000366210938, 121.9800033569336, 121.01000213623047, 123.83000183105469, 114.86000061035156, 120.33000183105469, 130.6999969482422, 128.00999450683594, 124.0199966430664, 122.41999816894531, 127.45999908447266, 125.70999908447266, 128.3699951171875, 132.50999450683594, 137.64999389648438, 140.60000610351562, 141.35000610351562, 137.24000549316406, 143.55999755859375, 140.38999938964844, 139.83999633789062, 142.24000549316406, 143.63999938964844, 144.75999450683594, 139.5399932861328, 144.3699951171875, 147.0, 148.80999755859375, 149.38999938964844, 154.1300048828125, 157.1999969482422, 165.72999572753906, 167.52000427246094, 170.42999267578125, 175.86000061035156]
assets:[0, 99.99997805023195, 196.282011730957, 290.61308448028564, 394.89930826950075, 511.0772744216919, 612.6310009757996, 723.2647897338867, 846.0778486953736, 1036.9288829772947, 1140.886493900299, 1229.6340260566712, 1357.1245553833007, 1506.8607445220948, 1577.0611743713378, 1684.354907887268, 1794.5068873329162, 1886.2963657287598, 2022.867583670044, 2106.7841371917725, 2255.8854413574218, 2192.470663650513, 2396.8773724731445, 2703.437946876526, 2747.7985370864867, 2762.148561235046, 2826.5186117233275, 3042.890796143341, 3101.1148254150394, 3266.7339617431644, 3472.0931310653687, 3706.7766856384274, 3886.2122887023925, 4006.9475680206297, 3990.4452957214353, 4274.211807312012, 4279.83124839325, 4363.063821740722, 4537.93979125061, 4682.606524102784, 4819.118121130371, 4745.336551681518, 5009.595519567871, 5200.860000000001, 5364.898031982422, 5485.809923587037, 5759.869108471679, 5974.590244013977, 6398.7854160415645, 6567.889799508667, 6781.988870544434, 7098.06134463501]
shares:[0, 0.9995, 2.0376, 3.1065, 4.1599, 5.1718, 6.1807, 7.1724, 8.1338, 9.0019, 9.8667, 10.7401, 11.5944, 12.4185, 13.2593, 14.0962, 14.9281, 15.7638, 16.5836, 17.41, 18.2176, 19.0882, 19.9192, 20.6843, 21.4655, 22.2718, 23.0887, 23.8733, 24.6688, 25.4478, 26.2025, 26.929, 27.6402, 28.3477, 29.0764, 29.773, 30.4853, 31.2004, 31.9034, 32.5996, 33.2904, 34.007, 34.6997, 35.38, 36.052, 36.7214, 37.3702, 38.0063, 38.6097, 39.2066, 39.7934, 40.362]
growth_rate:39.18
