ticker:GRNQ
price:[1.0, 1.0199999809265137, 1.059999942779541, 0.9380000233650208, 1.090000033378601, 1.3899999856948853, 1.409999966621399, 1.7200000286102295, 1.5800000429153442, 1.5299999713897705, 1.6100000143051147, 1.6399999856948853, 1.690000057220459, 1.5199999809265137, 1.309999942779541, 1.3200000524520874, 1.2799999713897705, 2.049999952316284, 2.6700000762939453, 2.1700000762939453, 2.049999952316284, 2.0199999809265137, 2.2300000190734863, 2.7100000381469727, 3.369999885559082, 2.2899999618530273, 1.840000033378601, 2.390000104904175, 2.6500000953674316, 2.5199999809265137, 2.690000057220459, 2.700000047683716, 2.2300000190734863, 1.909999966621399, 1.9299999475479126, 1.3600000143051147, 1.2400000095367432, 1.3200000524520874, 1.2799999713897705, 1.3799999952316284, 1.440000057220459, 1.2999999523162842, 1.4299999475479126, 1.2000000476837158, 1.1200000047683716, 0.9120000004768372, 0.8100000023841858, 0.8149999976158142, 0.8859999775886536, 0.7599999904632568, 0.7599999904632568, 0.9520000219345093]
assets:[0, 99.99998213005065, 203.92151699199678, 280.45131378587485, 425.89756604207753, 643.116992381394, 752.3704831893086, 1017.7852489296913, 1034.9422141106963, 1102.1908653895855, 1259.8217911937238, 1383.2966919340133, 1525.4704396497727, 1472.020725528574, 1368.6494262177468, 1479.0972827740432, 1534.2760617062568, 2557.239025517726, 3430.648121029091, 2888.204567544937, 2828.4880492083785, 2887.0956787391187, 3287.239237116194, 4094.8065346400263, 5192.065474684047, 3628.13945556221, 3015.18634269712, 4016.4649642945287, 4553.40241386652, 4430.027666469812, 4828.878820717716, 4946.829927364159, 4185.714941800976, 3685.0740976007223, 3823.661277083409, 2794.3935253927352, 2647.8294323642494, 2918.657263977015, 2930.212926504636, 3259.1359147385715, 3500.8375631107806, 3260.47814040637, 3686.5259937790274, 3193.5884469017983, 3080.6824291159273, 2608.5556621638775, 2416.8093191137314, 2531.7278915937304, 2852.283248251569, 2546.653796043706, 2646.6537587888715, 3415.28218108964]
shares:[0, 98.0392, 192.3788, 298.9886, 390.7317, 462.6741, 533.5961, 591.7356, 655.0267, 720.3862, 782.498, 843.4736, 902.6452, 968.4347, 1044.7706, 1120.5282, 1198.6532, 1247.4337, 1284.8869, 1330.9698, 1379.7503, 1429.2553, 1474.0983, 1510.9987, 1540.6723, 1584.3404, 1638.6882, 1680.5292, 1718.265, 1757.9475, 1795.1222, 1832.1592, 1877.0022, 1929.3582, 1981.1717, 2054.7011, 2135.3463, 2211.1039, 2289.2289, 2361.6927, 2431.1371, 2508.0602, 2577.9903, 2661.3236, 2750.6093, 2860.2584, 2983.7152, 3106.4146, 3219.2814, 3350.8603, 3482.4392, 3587.4812]
growth_rate:-33.03
