ticker:GROW
price:[3.369999885559082, 2.880000114440918, 2.7699999809265137, 2.4800000190734863, 2.5, 2.680000066757202, 2.5399999618530273, 2.8499999046325684, 2.569999933242798, 2.9700000286102295, 3.0399999618530273, 3.240000009536743, 3.7200000286102295, 4.21999979019165, 4.010000228881836, 4.840000152587891, 4.619999885559082, 5.449999809265137, 6.150000095367432, 5.730000019073486, 5.239999771118164, 5.550000190734863, 6.650000095367432, 7.53000020980835, 8.130000114440918, 6.989999771118164, 6.380000114440918, 7.070000171661377, 7.659999847412109, 7.099999904632568, 7.119999885559082, 11.84000015258789, 8.119999885559082, 7.860000133514404, 7.440000057220459, 7.380000114440918, 6.389999866485596, 6.260000228881836, 6.21999979019165, 5.980000019073486, 6.21999979019165, 6.059999942779541, 6.400000095367432, 6.110000133514404, 5.989999771118164, 5.679999828338623, 5.599999904632568, 5.800000190734863, 6.03000020980835, 6.320000171661377, 5.800000190734863, 6.300000190734863]
assets:[0, 99.99993997364045, 196.18053964915276, 275.6418341199398, 377.86475, 505.07093658101564, 578.686667308998, 749.3137099262715, 775.6969118508339, 996.4278815986632, 1119.9125779469489, 1293.5910638076068, 1585.2341161919117, 1898.303183620882, 1903.8382346668243, 2397.8996675971985, 2388.9039968250277, 2918.0792278753283, 3392.8787926130294, 3261.169918855476, 3082.2915293663027, 3364.6409956314083, 4131.506739249801, 4778.232415135861, 5258.9678090271955, 4621.548091671181, 4318.237363458156, 4885.256998615265, 5392.937100572205, 5098.675361514425, 5213.037500209999, 8768.871057008744, 6113.786641834068, 6018.024822225571, 5796.451220580053, 5849.705430710793, 5164.988967081308, 5159.910982659721, 5226.940125688791, 5125.257686347246, 5430.953630807161, 5391.251073094082, 5793.7306463333125, 5631.202193051815, 5620.605470232964, 5429.722563902521, 5453.247427131749, 5748.00666902504, 6075.944590406942, 6468.15424768548, 6035.964498494625, 6656.306151522159]
shares:[0, 34.7222, 70.8233, 111.1459, 151.1459, 188.4593, 227.8294, 262.9171, 301.8276, 335.4976, 368.3923, 399.2565, 426.1382, 449.8349, 474.7726, 495.4338, 517.0788, 535.4274, 551.6876, 569.1396, 588.2236, 606.2416, 621.2792, 634.5594, 646.8595, 661.1657, 676.8397, 690.984, 704.0388, 718.1233, 732.1682, 740.6141, 752.9294, 765.652, 779.0929, 792.643, 808.2925, 824.2669, 840.3441, 857.0665, 873.1437, 889.6454, 905.2704, 921.637, 938.3315, 955.9371, 973.7942, 991.0356, 1007.6193, 1023.4421, 1040.6835, 1056.5565]
growth_rate:30.52
