ticker:GRPN
price:[33.04999923706055, 32.38999938964844, 26.049999237060547, 22.93000030517578, 21.420000076293945, 21.139999389648438, 20.239999771118164, 20.440000534057617, 19.389999389648438, 22.31999969482422, 24.639999389648438, 27.84000015258789, 31.84000015258789, 34.61000061035156, 34.470001220703125, 39.16999816894531, 37.7599983215332, 37.9900016784668, 35.75, 34.36000061035156, 32.4900016784668, 34.16999816894531, 35.68000030517578, 35.56999969482422, 38.11000061035156, 43.400001525878906, 62.84000015258789, 59.31999969482422, 57.97999954223633, 47.59000015258789, 49.970001220703125, 48.72999954223633, 49.7400016784668, 45.52000045776367, 50.630001068115234, 49.7599983215332, 46.2400016784668, 45.470001220703125, 47.25, 45.63999938964844, 46.290000915527344, 43.04999923706055, 45.79999923706055, 43.459999084472656, 40.54999923706055, 37.84000015258789, 37.79999923706055, 36.369998931884766, 30.610000610351562, 24.950000762939453, 22.559999465942383, 24.600000381469727]
assets:[0, 100.00088411560058, 180.42750471572876, 258.8177924446106, 341.7732372173309, 437.3062553741455, 518.6884501344681, 623.8145082990646, 691.7692522247314, 896.3019957450866, 1089.4649650131225, 1330.955239294815, 1622.184327774048, 1863.3089858596802, 1955.7727172607422, 2322.4440294342044, 2338.84296803627, 2453.0903883819583, 2408.4489000000003, 2414.8070988952636, 2383.385298128128, 2606.6241403198246, 2821.8134801353453, 2913.115392006683, 3221.1372825881954, 3768.2572124862672, 5556.15571349144, 5344.927728502656, 5324.187397964478, 4470.095401332474, 4793.647202102661, 4774.692053147125, 4973.656961835099, 4651.684294778824, 5273.874061260224, 5283.247917789459, 5009.512309840393, 5026.094789932251, 5322.8495250000005, 5241.480089904785, 5416.129154120636, 5137.035868960572, 5565.1853872947695, 5380.852022647095, 5120.56063865776, 4878.347955671692, 4973.1909196231845, 4885.050954535675, 4211.394286973572, 3532.6780930248265, 3294.276546015358, 3692.16239725399]
shares:[0, 3.0874, 6.9262, 11.2873, 15.9558, 20.6862, 25.6269, 30.5193, 35.6766, 40.1569, 44.2153, 47.8073, 50.948, 53.8373, 56.7384, 59.2914, 61.9397, 64.572, 67.3692, 70.2796, 73.3575, 76.284, 79.0867, 81.8981, 84.5221, 86.8262, 88.4175, 90.1033, 91.828, 93.9293, 95.9305, 97.9826, 99.9931, 102.1899, 104.165, 106.1746, 108.3372, 110.5365, 112.6529, 114.844, 117.0043, 119.3272, 121.5106, 123.8116, 126.2777, 128.9204, 131.5659, 134.3154, 137.5823, 141.5903, 146.0229, 150.0879]
growth_rate:-27.6
