ticker:GRTS
price:[2.869999885559082, 3.069999933242798, 3.299999952316284, 2.759999990463257, 2.6600000858306885, 3.0, 2.9800000190734863, 3.009999990463257, 2.7300000190734863, 2.569999933242798, 2.7699999809265137, 2.809999942779541, 3.2699999809265137, 3.0, 3.009999990463257, 3.450000047683716, 4.21999979019165, 3.940000057220459, 5.300000190734863, 6.389999866485596, 27.110000610351562, 18.100000381469727, 16.209999084472656, 14.670000076293945, 14.65999984741211, 13.569999694824219, 13.569999694824219, 14.949999809265137, 13.619999885559082, 10.989999771118164, 10.15999984741211, 9.100000381469727, 8.640000343322754, 9.210000038146973, 9.050000190734863, 9.329999923706055, 8.640000343322754, 9.09000015258789, 9.199999809265137, 9.130000114440918, 10.069999694824219, 9.859999656677246, 10.130000114440918, 8.8100004196167, 8.640000343322754, 7.679999828338623, 7.590000152587891, 6.679999828338623, 6.860000133514404, 8.09000015258789, 7.53000020980835, 8.9399995803833]
assets:[0, 100.00002882549764, 207.49178700182438, 273.53863105483055, 363.62786373324394, 510.10650000000004, 606.7056538832188, 712.8134487415552, 746.5051282155514, 802.753871148014, 965.2250523537159, 1079.163337024832, 1355.8234150916578, 1343.8745999999999, 1448.3542034111022, 1760.073759326625, 2252.9017479910854, 2203.420210000181, 3063.991590266037, 3794.133349724341, 16196.864442654418, 10913.842300016593, 9874.218819312286, 9036.13764799404, 9129.97816097107, 8551.146163693238, 8651.146205444336, 9630.924427126884, 8874.125907435895, 7260.546645789146, 6812.206745690918, 6201.484639964676, 5988.00321394186, 6483.045203852176, 6470.418906368446, 6770.608339634896, 6369.888637116623, 6801.653517174912, 6983.961815208149, 7030.823184128571, 7854.69744095993, 7790.895490722943, 8104.237133555413, 7148.206161466122, 7110.272730536843, 6420.241776496411, 6445.004607569122, 5772.283375664949, 6027.824493317986, 7208.614860963821, 6809.625420736552, 8184.7341118331915]
shares:[0, 32.5733, 62.8763, 99.1082, 136.7022, 170.0355, 203.5925, 236.8151, 273.4451, 312.3556, 348.4567, 384.0439, 414.6249, 447.9582, 481.1808, 510.1663, 533.863, 559.2437, 578.1116, 593.7611, 597.4498, 602.9747, 609.1437, 615.9603, 622.7816, 630.1508, 637.52, 644.209, 651.5511, 660.6503, 670.4928, 681.4818, 693.0559, 703.9137, 714.9634, 725.6815, 737.2556, 748.2567, 759.1263, 770.0792, 780.0097, 790.1517, 800.0234, 811.3741, 822.9482, 835.969, 849.1442, 864.1143, 878.6916, 891.0525, 904.3327, 915.5184]
growth_rate:60.48
