ticker:GRTX
price:[7.380000114440918, 9.119999885559082, 8.210000038146973, 8.34000015258789, 11.180000305175781, 12.100000381469727, 11.010000228881836, 12.239999771118164, 8.1899995803833, 10.199999809265137, 10.199999809265137, 10.970000267028809, 11.210000038146973, 10.920000076293945, 11.0600004196167, 11.079999923706055, 10.850000381469727, 10.229999542236328, 10.550000190734863, 10.0, 11.680000305175781, 11.239999771118164, 11.649999618530273, 11.65999984741211, 11.829999923706055, 10.489999771118164, 11.180000305175781, 11.0, 11.670000076293945, 9.3100004196167, 8.75, 8.0600004196167, 7.53000020980835, 6.559999942779541, 8.149999618530273, 6.079999923706055, 7.789999961853027, 8.420000076293945, 8.569999694824219, 9.039999961853027, 9.109999656677246, 9.199999809265137, 9.880000114440918, 10.489999771118164, 10.140000343322754, 9.279999732971191, 9.3100004196167, 8.380000114440918, 8.539999961853027, 8.300000190734863, 8.460000038146973, 8.569999694824219]
assets:[0, 99.99988674516678, 190.0220928829193, 293.03090936126705, 492.81553145217896, 633.3696799678803, 676.3145870595932, 851.8697120704651, 670.0009336723327, 934.4332025265693, 1034.4329806566238, 1212.5229055149077, 1339.0501985567093, 1404.4091978120805, 1522.4145877604483, 1625.1678528095247, 1691.4325994682313, 1694.7794721633911, 1847.7934984065055, 1851.463, 2262.5083311149597, 2277.2767816274645, 2460.344779438019, 2562.456368466568, 2699.8165565883637, 2494.004788583183, 2758.0524112854005, 2813.6471, 3085.0240371686937, 2561.1457374349593, 2507.092, 2409.389627436733, 2350.9556725046637, 2148.110029262829, 2768.7643254049303, 2165.532420826149, 2874.588664923382, 3207.0652010593412, 3364.1979442016604, 3648.6985686032294, 3776.9511976604463, 3914.2650388492584, 4303.580837848759, 4669.287718120575, 4613.496342204952, 4322.213699629784, 4436.186338946056, 4093.044293896389, 4271.193018921184, 4251.159667692089, 4433.1093919893265, 4590.750012524413]
shares:[0, 10.9649, 23.1452, 35.1356, 44.0801, 52.3446, 61.4273, 69.5972, 81.8072, 91.6111, 101.415, 110.5308, 119.4514, 128.6089, 137.6505, 146.6758, 155.8924, 165.6676, 175.1463, 185.1463, 193.7079, 202.6047, 211.1884, 219.7647, 228.2178, 237.7507, 246.6952, 255.7861, 264.3551, 275.0962, 286.5248, 298.9317, 312.2119, 327.4558, 339.7257, 356.1731, 369.0101, 380.8866, 392.5552, 403.6171, 414.594, 425.4636, 435.5851, 445.118, 454.9799, 465.7558, 476.4969, 488.4301, 500.1397, 512.1879, 524.0082, 535.6768]
growth_rate:-9.99
