ticker:GRUB
price:[21.15999984741211, 21.170000076293945, 21.770000457763672, 21.92799949645996, 22.65999984741211, 23.040000915527344, 25.805999755859375, 24.100000381469727, 22.040000915527344, 24.299999237060547, 22.5, 21.459999084472656, 20.979999542236328, 20.899999618530273, 21.079999923706055, 21.555999755859375, 22.100000381469727, 22.81999969482422, 24.440000534057617, 21.780000686645508, 23.6299991607666, 22.81999969482422, 21.986000061035156, 21.920000076293945, 21.31999969482422, 19.799999237060547, 18.239999771118164, 20.70599937438965, 19.200000762939453, 18.6560001373291, 19.040000915527344, 19.959999084472656, 21.739999771118164, 22.360000610351562, 20.84000015258789, 20.200000762939453, 17.8700008392334, 17.579999923706055, 18.16200065612793, 18.049999237060547, 18.530000686645508, 17.579999923706055, 18.010000228881836, 18.420000076293945, 17.889999389648438]
assets:[0, 100.00072936038971, 202.83544826507568, 304.30800581207274, 414.46725920906067, 521.4182607192993, 684.0164101287842, 738.7975616941452, 775.6471402198792, 955.1819400104522, 984.42675, 1038.9236216773988, 1115.6849056568146, 1211.430857888794, 1321.8635552158355, 1451.7125151580813, 1588.3491274166106, 1740.0957187294007, 1963.6269549087526, 1849.9104943210602, 2107.0421281671524, 2134.815535450745, 2156.793626987457, 2250.3181678323745, 2288.721155239105, 2225.547634244537, 2150.2023090185166, 2540.9035836292264, 2456.096737596512, 2486.507144703484, 2637.687486831665, 2865.1381085815433, 3220.646178092575, 3412.4960891494748, 3280.520288019562, 3279.775143874741, 3001.4649979585647, 3052.756438751602, 3253.8204923488615, 3333.75543908844, 3522.410449526024, 3441.8229330631257, 3626.0091770814897, 3808.5560557746885, 3798.971783390808]
shares:[0, 4.7237, 9.3172, 13.8776, 18.2907, 22.631, 26.5061, 30.6555, 35.1927, 39.3079, 43.7523, 48.4121, 53.1785, 57.9632, 62.707, 67.3461, 71.871, 76.2531, 80.3448, 84.9362, 89.1681, 93.5502, 98.0985, 102.6605, 107.3509, 112.4014, 117.8839, 122.7134, 127.9217, 133.2819, 138.534, 143.544, 148.1438, 152.6161, 157.4146, 162.3651, 167.9611, 173.6494, 179.1554, 184.6956, 190.0923, 195.7806, 201.3331, 206.762, 212.3517]
growth_rate:-13.66
