ticker:GRVY
price:[98.4000015258789, 107.69000244140625, 135.0, 132.49000549316406, 115.0199966430664, 125.52999877929688, 127.02999877929688, 123.66000366210938, 118.94000244140625, 135.61000061035156, 143.0, 138.8699951171875, 162.4600067138672, 179.1999969482422, 178.55999755859375, 207.52000427246094, 200.60000610351562, 180.74000549316406, 214.17999267578125, 190.02000427246094, 181.5, 179.27999877929688, 168.49000549316406, 175.39999389648438, 143.3300018310547, 116.9800033569336, 132.6999969482422, 133.47999572753906, 124.56999969482422, 120.75, 123.01000213623047, 127.87999725341797, 124.0, 119.66000366210938, 109.54000091552734, 109.77999877929688, 125.1500015258789, 129.2100067138672, 130.9600067138672, 134.0800018310547, 141.32000732421875, 129.17999267578125, 105.19999694824219, 105.52999877929688, 108.26000213623047, 99.8499984741211, 99.08000183105469, 94.81999969482422, 98.9800033569336, 93.0, 86.08999633789062, 95.30000305175781]
assets:[0, 100.00093626708984, 225.3555, 321.169022315979, 378.8183589439392, 513.4302480072021, 619.5634130462646, 703.1307808227539, 776.2976079345702, 985.0981664337157, 1138.7805, 1205.8914895996095, 1510.7318484329223, 1766.3922899185181, 1860.0773505676268, 2261.7605265655516, 2286.3385695648194, 2159.987657647705, 2659.622895050049, 2459.6189353027344, 2449.3424999999997, 2519.385966845703, 2467.755167454529, 2668.9564671264648, 2280.9679821395875, 1961.6259782920836, 2325.235696525574, 2438.906437934875, 2376.1104591789244, 2403.251025, 2548.2260002532958, 2749.113028955078, 2765.7084, 2768.9085527404786, 2634.7327800209046, 2740.5039775268556, 3224.189429310608, 3428.781343162537, 3575.2212792892456, 3760.3943233535765, 4063.4448305969236, 3814.3751517333985, 3206.306546987915, 3316.3646356384274, 3502.1569391059875, 3330.0972991104127, 3404.4185869155885, 3358.0408071922307, 3605.366418276977, 3487.5465000000004, 3328.420047415161, 3784.496541189575]
shares:[0, 0.9286, 1.6693, 2.4241, 3.2935, 4.0901, 4.8773, 5.686, 6.5268, 7.2642, 7.9635, 8.6836, 9.2991, 9.8571, 10.4171, 10.899, 11.3975, 11.9508, 12.4177, 12.944, 13.495, 14.0528, 14.6463, 15.2164, 15.9141, 16.7689, 17.5225, 18.2717, 19.0745, 19.9027, 20.7156, 21.4976, 22.3041, 23.1398, 24.0527, 24.9636, 25.7626, 26.5365, 27.3001, 28.0459, 28.7535, 29.5276, 30.4782, 31.4258, 32.3495, 33.351, 34.3603, 35.4149, 36.4252, 37.5005, 38.6621, 39.7114]
growth_rate:-25.79
