ticker:GRWG
price:[14.244999885559082, 13.699999809265137, 15.970000267028809, 15.0600004196167, 15.180000305175781, 18.059999465942383, 17.389999389648438, 20.6200008392334, 16.700000762939453, 22.979999542236328, 25.520000457763672, 29.15999984741211, 35.59000015258789, 35.02000045776367, 32.7400016784668, 38.650001525878906, 41.290000915527344, 40.220001220703125, 45.31999969482422, 51.11000061035156, 49.84000015258789, 43.189998626708984, 58.13999938964844, 56.95000076293945, 57.709999084472656, 45.630001068115234, 40.400001525878906, 48.95000076293945, 54.779998779296875, 44.0, 50.54999923706055, 54.02000045776367, 47.099998474121094, 45.130001068115234, 43.599998474121094, 43.06999969482422, 39.93000030517578, 37.31999969482422, 44.40999984741211, 42.04999923706055, 42.380001068115234, 40.290000915527344, 43.40999984741211, 49.029998779296875, 45.81999969482422, 38.08000183105469, 39.90999984741211, 40.66999816894531, 42.34000015258789, 31.489999771118164, 29.489999771118164, 31.15999984741211]
assets:[0, 100.000408607769, 216.56917362117767, 304.2285744767189, 406.65247417526245, 583.8039307361603, 662.1450947601319, 885.1320940248489, 816.8621673183441, 1224.0411656169892, 1459.3357061767576, 1767.486734751129, 2257.2316976776124, 2321.080104339981, 2269.9658103733063, 2779.7235697418214, 3069.5936350624083, 3090.0463857849118, 3581.870707880402, 4139.48583643341, 4136.625316664505, 3684.689947839737, 5060.127636878968, 5056.5563977409365, 5224.03607912445, 4230.526230028916, 3845.631705246735, 4759.496684181977, 5426.358773080444, 4458.5199999999995, 5222.229431182099, 5680.710836138153, 5053.005586299896, 4941.658395956802, 4874.126669419098, 4914.877024175262, 4656.56076858902, 4452.186395593262, 5398.004394453049, 5211.147075450897, 5352.043194889069, 5188.103127891541, 5689.861545999908, 6526.491003509522, 6199.203112711334, 5252.024316540528, 5604.417602572632, 5811.140822369384, 6149.758002162934, 4673.827640028762, 4476.983029252625, 4830.510424345398]
shares:[0, 7.2993, 13.561, 20.2011, 26.7887, 32.3258, 38.0762, 42.9259, 48.9139, 53.2655, 57.184, 60.6134, 63.4232, 66.2787, 69.3331, 71.9204, 74.3423, 76.8286, 79.0351, 80.9917, 82.9981, 85.3135, 87.0335, 88.7894, 90.5222, 92.7137, 95.1889, 97.2318, 99.0573, 101.33, 103.3082, 105.1594, 107.2825, 109.4983, 111.7919, 114.1137, 116.6181, 119.2976, 121.5493, 123.9274, 126.287, 128.769, 131.0726, 133.1122, 135.2947, 137.9208, 140.4264, 142.8852, 145.247, 148.4226, 151.8136, 155.0228]
growth_rate:-5.28
