ticker:GSAQ
price:[9.901000022888184, 9.789999961853027, 9.789999961853027, 9.720000267028809, 9.75, 9.800000190734863, 9.899999618530273, 9.829999923706055, 9.890000343322754, 9.789999961853027, 9.729999542236328, 9.710000038146973, 9.699999809265137, 9.800000190734863, 9.770000457763672, 9.760000228881836, 9.75, 9.699999809265137, 9.760000228881836, 9.758000373840332, 9.729999542236328, 9.710000038146973, 9.710000038146973, 9.6899995803833, 9.720000267028809, 9.739999771118164, 9.75]
assets:[0, 99.99995461034774, 199.99990922069549, 298.5702202023506, 399.491625, 501.54048976135255, 606.6581166240692, 702.3682395486832, 806.6551310023308, 898.4987844989776, 992.9921842830657, 1090.951518285942, 1189.8281666039468, 1302.0946653423312, 1398.1085595069887, 1496.6774910985946, 1595.143875, 1686.9638268285753, 1797.39871415081, 1897.0304092774393, 1991.5869023025514, 2087.493677200985, 2187.4940545938493, 2282.9881261372566, 2390.056697659874, 2494.9739913702015, 2597.5355250000002]
shares:[0, 10.2145, 20.429, 30.7171, 40.9735, 51.1776, 61.2786, 71.4515, 81.5627, 91.7772, 102.0547, 112.3534, 122.6627, 132.8668, 143.1022, 153.3481, 163.6045, 173.9138, 184.1597, 194.4077, 204.6852, 214.9839, 225.2826, 235.6025, 245.8906, 256.1575, 266.4139]
growth_rate:-0.09
