ticker:GSAQU
price:[10.300000190734863, 10.40999984741211, 10.520000457763672, 10.40999984741211, 10.5, 10.470000267028809, 10.579999923706055, 10.399999618530273, 10.279999732971191, 10.239999771118164, 10.100000381469727, 10.164999961853027, 10.029999732971191, 10.210000038146973, 10.149999618530273, 10.149999618530273, 10.130000114440918, 10.079999923706055, 10.039999961853027, 10.005000114440918, 9.989999771118164, 10.0600004196167, 10.069999694824219, 10.079999923706055, 10.079999923706055, 10.09000015258789, 10.09000015258789, 10.09000015258789, 10.069999694824219, 10.100000381469727, 10.09000015258789, 10.0600004196167, 10.085000038146973, 10.010000228881836, 10.029999732971191]
assets:[0, 99.99949953422546, 201.05614474868773, 298.95333461799623, 401.53785, 500.39062876205446, 605.6478636325836, 695.3439744949341, 787.3205075489044, 884.2567482353211, 972.1674567180634, 1078.424159452915, 1164.1018290081024, 1284.9928278010368, 1377.4412232313155, 1477.4410494729996, 1574.5302297878266, 1666.7582273845674, 1760.144521312332, 1854.0085622068405, 1951.2287732952118, 2064.9016021299362, 2166.9541713294984, 2269.105758825493, 2369.105406068611, 2471.455736375046, 2571.455709887314, 2671.455683399582, 2766.160440170288, 2874.4015285640717, 2971.5554949378966, 3062.720851750374, 3170.3317054919244, 3246.754585238075, 3353.2415467266082]
shares:[0, 9.6061, 19.1118, 28.7179, 38.2417, 47.7928, 57.2446, 66.86, 76.5876, 86.3532, 96.2542, 106.0919, 116.062, 125.8563, 135.7085, 145.5607, 155.4324, 165.353, 175.3132, 185.3082, 195.3182, 205.2586, 215.1891, 225.1097, 235.0303, 244.9411, 254.8519, 264.7627, 274.6932, 284.5942, 294.505, 304.4454, 314.3611, 324.3511, 334.3212]
growth_rate:-1.38
