ticker:GSBC
price:[39.529998779296875, 37.4900016784668, 37.75, 35.290000915527344, 37.119998931884766, 39.06999969482422, 39.060001373291016, 41.7400016784668, 40.95000076293945, 40.099998474121094, 45.38999938964844, 46.31999969482422, 47.7599983215332, 48.70000076293945, 48.04999923706055, 49.5, 50.0, 48.900001525878906, 50.709999084472656, 51.4900016784668, 51.15999984741211, 49.16999816894531, 51.56999969482422, 51.7400016784668, 51.93000030517578, 52.790000915527344, 56.720001220703125, 60.11000061035156, 58.54999923706055, 57.70000076293945, 56.79999923706055, 56.130001068115234, 56.599998474121094, 56.15999984741211, 56.40999984741211, 57.93000030517578, 57.52000045776367, 57.2400016784668, 56.4900016784668, 56.7400016784668, 55.810001373291016, 52.81999969482422, 53.97999954223633, 53.779998779296875, 52.13999938964844, 51.7599983215332, 50.83000183105469, 52.029998779296875, 53.130001068115234, 53.52000045776367, 53.18000030517578, 54.13999938964844]
assets:[0, 100.00083047714234, 200.6941, 287.61703646163943, 402.53298041725157, 523.6786479095459, 623.5460499229431, 766.329734815979, 851.8255358703614, 934.1455044540405, 1157.3768994369507, 1281.0907595596314, 1420.9172620635986, 1548.8840442649841, 1628.2126641471864, 1777.347, 1895.3, 1953.6039609603881, 2125.915291618347, 2258.6140726261137, 2344.1409610084534, 2352.9614243774413, 2567.809523804474, 2676.2722828193664, 2786.1016393730165, 2932.2417168533325, 3250.532517956543, 3544.8069559936525, 3552.8080987049107, 3601.2301476173398, 3645.0604310394283, 3702.0654464477543, 3833.0650966644284, 3903.2660053947448, 4020.6396621242525, 4228.976917278289, 4299.044834213257, 4378.11600838089, 4420.749359352111, 4540.312238310242, 4565.894346350861, 4421.276946455383, 4618.372218835068, 4701.259263290405, 4657.895561474609, 4723.9487108123785, 4739.069141716003, 4950.95095484314, 5155.623730647659, 5293.4705732757575, 5359.842054757691, 5556.599283357238]
shares:[0, 2.6674, 5.3164, 8.1501, 10.8441, 13.4036, 15.9638, 18.3596, 20.8016, 23.2954, 25.4985, 27.6574, 29.7512, 31.8046, 33.8858, 35.906, 37.906, 39.951, 41.923, 43.8651, 45.8198, 47.8536, 49.7927, 51.7254, 53.6511, 55.5454, 57.3084, 58.972, 60.6799, 62.413, 64.1736, 65.9552, 67.722, 69.5026, 71.2753, 73.0015, 74.74, 76.487, 78.2572, 80.0196, 81.8114, 83.7046, 85.5571, 87.4165, 89.3344, 91.2664, 93.2337, 95.1557, 97.0379, 98.9064, 100.7868, 102.6339]
growth_rate:8.95
