ticker:GSEV
price:[9.850000381469727, 10.130000114440918, 9.920000076293945, 9.96500015258789, 9.930000305175781, 9.899999618530273, 9.779999732971191, 9.890000343322754, 9.9399995803833, 9.987000465393066, 9.920000076293945, 9.90999984741211, 9.920000076293945, 9.90999984741211, 9.850000381469727, 9.850000381469727, 9.920000076293945, 9.829999923706055, 9.859999656677246, 9.829999923706055, 9.750100135803223]
assets:[0, 100.00032212972641, 197.9268175222397, 298.8244455757141, 397.77495922470086, 496.57309086589817, 590.5535478757859, 697.1955742025376, 800.720642197609, 904.5066529499054, 998.4380876789093, 1097.4314011024476, 1198.538377217865, 1297.3299720245361, 1389.4755288114548, 1489.4756876842498, 1600.0603003059389, 1685.5432059179307, 1790.6873556487083, 1885.2386713680266, 1969.915106487751]
shares:[0, 9.8717, 19.9523, 29.9874, 40.0579, 50.1589, 60.3838, 70.495, 80.5554, 90.5684, 100.649, 110.7398, 120.8204, 130.9112, 141.0635, 151.2158, 161.2964, 171.4693, 181.6113, 191.7842, 202.0405]
growth_rate:-1.5
