ticker:GSEVU
price:[10.350000381469727, 10.229999542236328, 10.199999809265137, 10.175000190734863, 9.970000267028809, 10.029999732971191, 10.149999618530273, 10.149999618530273, 10.0600004196167, 10.130000114440918, 10.100000381469727, 10.0, 10.0, 9.970000267028809, 10.0, 10.100000381469727, 10.0600004196167, 10.079999923706055, 10.09000015258789, 10.050000190734863, 10.074999809265137, 10.0, 9.984999656677246, 10.109999656677246, 9.960000038146973, 9.942000389099121, 9.989999771118164, 9.930000305175781]
assets:[0, 100.00029152526855, 199.70681626558303, 299.2172481089592, 393.1888945308685, 495.55520580682753, 601.4839023942948, 701.4837286359787, 795.2641591715812, 900.7981041765213, 998.1305176986695, 1088.248, 1188.248, 1284.6833874079703, 1388.549, 1502.4346467458724, 1596.4848445916177, 1699.6583391355514, 1801.3445202411654, 1894.2029309493066, 1998.9152246575356, 2084.035, 2180.908647511959, 2308.210988616085, 2373.965013092327, 2469.674421055412, 2581.597758852768, 2666.0928729362486]
shares:[0, 9.7752, 19.5791, 29.4071, 39.4372, 49.4073, 59.2595, 69.1117, 79.0521, 88.9238, 98.8248, 108.8248, 118.8248, 128.8549, 138.8549, 148.7559, 158.6963, 168.6169, 178.5277, 188.4779, 198.4035, 208.4035, 218.4185, 228.3097, 238.3499, 248.4082, 258.4182, 268.4887]
growth_rate:-1.26
