ticker:GSHD
price:[101.18000030517578, 98.8499984741211, 78.58999633789062, 81.27999877929688, 81.45999908447266, 93.70999908447266, 108.02999877929688, 108.87000274658203, 122.54000091552734, 121.8499984741211, 122.55000305175781, 124.56999969482422, 122.83999633789062, 113.05000305175781, 117.63999938964844, 128.97000122070312, 124.19000244140625, 124.76000213623047, 129.4600067138672, 136.5399932861328, 136.10000610351562, 133.60000610351562, 149.8000030517578, 167.47000122070312, 174.5500030517578, 129.5399932861328, 120.36000061035156, 140.85000610351562, 115.19000244140625, 111.7300033569336, 111.0, 101.73999786376953, 107.05000305175781, 105.97000122070312, 109.94000244140625, 104.69000244140625, 83.56999969482422, 82.0199966430664, 89.87000274658203, 93.0, 95.1500015258789, 118.45999908447266, 120.25, 127.01000213623047, 111.73999786376953, 115.52999877929688, 127.41999816894531, 120.19000244140625, 124.94999694824219, 135.52000427246094, 136.7899932861328, 137.99000549316406]
assets:[0, 99.9966584564209, 179.49955163574216, 285.642299710083, 386.2751696586609, 544.3613846817017, 727.5496327789307, 833.2039050201416, 1037.8280297538759, 1131.9864858245849, 1238.4903308410644, 1358.9092126708983, 1440.040993069458, 1425.2779134750367, 1583.1520557861327, 1835.6300273742677, 1867.5940947143554, 1976.1610058372498, 2150.6025775314333, 2368.2179135513306, 2460.59284034729, 2515.3941949157715, 2920.410979495239, 3364.890999526978, 3607.145633065796, 2777.0006520721436, 2680.200565591431, 3236.479610247803, 2746.855355218506, 2764.345532054901, 2846.2842, 2708.83761712265, 2950.212444104004, 3020.452347793579, 3233.6103218078615, 3179.1945871398925, 2637.82854136734, 2688.9025599479673, 3046.251587098694, 3252.3495, 3427.540929965973, 4367.229248247529, 4533.220575, 4888.056138214111, 4400.376985874176, 4649.63188387146, 5228.1572028701785, 5031.502053204346, 5330.766709802247, 5881.717257429505, 6036.829662702942, 6189.790078405762]
shares:[0, 1.0116, 2.284, 3.5143, 4.7419, 5.809, 6.7347, 7.6532, 8.4693, 9.29, 10.106, 10.9088, 11.7229, 12.6075, 13.4576, 14.233, 15.0382, 15.8397, 16.6121, 17.3445, 18.0793, 18.8278, 19.4954, 20.0925, 20.6654, 21.4374, 22.2682, 22.9782, 23.8463, 24.7413, 25.6422, 26.6251, 27.5592, 28.5029, 29.4125, 30.3677, 31.5643, 32.7835, 33.8962, 34.9715, 36.0225, 36.8667, 37.6983, 38.4856, 39.3805, 40.2461, 41.0309, 41.8629, 42.6632, 43.4011, 44.1321, 44.8568]
growth_rate:21.37
