ticker:GSIT
price:[6.53000020980835, 6.369999885559082, 6.369999885559082, 5.659999847412109, 5.599999904632568, 6.389999866485596, 7.309999942779541, 7.110000133514404, 6.110000133514404, 5.25, 6.210000038146973, 5.53000020980835, 6.849999904632568, 7.460000038146973, 7.239999771118164, 7.25, 7.320000171661377, 7.400000095367432, 7.880000114440918, 7.570000171661377, 7.889999866485596, 7.179999828338623, 7.380000114440918, 7.849999904632568, 7.860000133514404, 7.340000152587891, 7.170000076293945, 7.159999847412109, 7.559999942779541, 6.980000019073486, 7.059999942779541, 7.25, 6.599999904632568, 6.429999828338623, 5.900000095367432, 5.880000114440918, 5.909999847412109, 6.349999904632568, 6.25, 6.059999942779541, 5.860000133514404, 5.409999847412109, 5.809999942779541, 5.389999866485596, 5.349999904632568, 5.130000114440918, 5.480000019073486, 5.489999771118164, 5.28000020980835, 5.510000228881836, 5.239999771118164, 5.809999942779541]
assets:[0, 100.0000802034378, 200.0001604068756, 277.7078925132751, 374.76375361781123, 527.632512975502, 703.5984594924449, 784.3481967288017, 774.0319249139786, 765.0846, 1004.986041173458, 994.9393887480259, 1332.429101449585, 1551.0832079315185, 1605.341077249527, 1707.558425, 1824.0452227756978, 1943.9800250530243, 2170.07638351593, 2184.705077541542, 2377.057342775488, 2263.152459891939, 2426.1927496227268, 2680.706672432852, 2784.1213012926582, 2699.9302421276093, 2737.3977621278764, 2833.5799636131287, 3091.88046059804, 2954.6723980739116, 3088.5367629677776, 3271.656025, 3078.3349955192566, 3099.044512264967, 2943.602677580309, 3033.6243590426448, 3149.1020486946104, 3483.5527976822855, 3528.69375, 3521.4217287496094, 3505.2030298626423, 3336.0320439079283, 3682.6887987306122, 3516.470408894348, 3590.374235999107, 3542.7329350318905, 3884.4399255200383, 3991.527940590477, 3938.846892515707, 4210.425349898339, 4104.106680733681, 4650.545896198559]
shares:[0, 15.6986, 31.3972, 49.065, 66.9221, 82.5716, 96.2515, 110.3162, 126.6828, 145.7304, 161.8335, 179.9167, 194.5152, 207.92, 221.7322, 235.5253, 249.1865, 262.7, 275.3904, 288.6004, 301.2747, 315.2023, 328.7524, 341.4913, 354.2139, 367.8379, 381.7849, 395.7514, 408.9789, 423.3055, 437.4698, 451.2629, 466.4144, 481.9665, 498.9157, 515.9225, 532.843, 548.591, 564.591, 581.0927, 598.1575, 616.6418, 633.8535, 652.4064, 671.098, 690.5912, 708.8394, 727.0543, 745.9937, 764.1425, 783.2265, 800.4382]
growth_rate:-8.81
