ticker:GSKY
price:[4.179999828338623, 3.9700000286102295, 4.389999866485596, 4.150000095367432, 4.579999923706055, 4.869999885559082, 5.050000190734863, 5.380000114440918, 4.730000019073486, 4.21999979019165, 3.6500000953674316, 4.090000152587891, 4.409999847412109, 4.429999828338623, 4.230000019073486, 4.349999904632568, 4.659999847412109, 4.630000114440918, 5.190000057220459, 4.96999979019165, 4.769999980926514, 4.929999828338623, 5.880000114440918, 5.800000190734863, 6.059999942779541, 5.320000171661377, 6.070000171661377, 7.065000057220459, 6.730000019073486, 6.349999904632568, 6.340000152587891, 6.199999809265137, 6.289999961853027, 5.980000019073486, 6.090000152587891, 6.539999961853027, 5.900000095367432, 5.880000114440918, 5.860000133514404, 5.949999809265137, 5.960000038146973, 5.730000019073486, 5.650000095367432, 5.690000057220459, 5.579999923706055, 5.53000020980835, 5.940000057220459, 6.570000171661377, 8.09000015258789, 7.849999904632568, 7.829999923706055, 7.769999980926514]
assets:[0, 99.99993372066021, 210.57907459559442, 299.0668518725872, 430.0546648361206, 557.2852879042625, 677.8832406031609, 822.1807634890556, 822.8464123180867, 834.1251585292816, 821.4591664631366, 1020.4844860717774, 1200.3265474681855, 1305.7703584017277, 1346.8193160729409, 1485.0268924429415, 1690.8562466342926, 1779.9711339960097, 2095.2590751005173, 2106.4424660766126, 2121.6764345161914, 2292.843827163744, 2834.6698511704444, 2896.103075239277, 3125.9285584839818, 2844.214667774773, 3345.1849856028084, 3993.5308463441847, 3904.1699230648046, 3783.726183174133, 3877.7678953281406, 3892.1385402634623, 4048.6377294462204, 3949.102312595844, 4121.744989272308, 4526.307159598637, 4183.36615761981, 4269.185255090046, 4354.663961216784, 4521.544085056114, 4629.143353628826, 4550.501862147284, 4586.969527424335, 4719.443660460233, 4728.206239352417, 4785.83914157486, 5240.666030483723, 5896.494343063974, 7360.675312831879, 7242.311787015199, 7323.860115637779, 7367.738534913969]
shares:[0, 25.1889, 47.9679, 72.0643, 93.8984, 114.4323, 134.2343, 152.8217, 173.9633, 197.66, 225.0573, 249.5072, 272.1829, 294.7563, 318.397, 341.3855, 362.8447, 384.443, 403.7108, 423.8315, 444.7959, 465.0799, 482.0867, 499.3281, 515.8298, 534.6268, 551.1013, 565.2556, 580.1144, 595.8624, 611.6353, 627.7643, 643.6626, 660.385, 676.8054, 692.0959, 709.0451, 726.0519, 743.1167, 759.9234, 776.7019, 794.1539, 811.853, 829.4277, 847.3488, 865.432, 882.267, 897.4877, 909.8486, 922.5875, 935.3589, 948.2289]
growth_rate:44.47
