ticker:GSM
price:[0.4399999976158142, 0.4399999976158142, 0.7699999809265137, 0.6700000166893005, 0.6399999856948853, 0.6399999856948853, 0.6200000047683716, 0.6899999976158142, 0.6200000047683716, 0.7099999785423279, 0.6600000262260437, 0.9300000071525574, 1.3799999952316284, 1.9700000286102295, 1.6299999952316284, 1.659999966621399, 1.5399999618530273, 1.6399999856948853, 1.8799999952316284, 2.1600000858306885, 2.2300000190734863, 1.7699999809265137, 3.3299999237060547, 3.240000009536743, 3.309999942779541, 3.740000009536743, 3.190000057220459, 3.6500000953674316, 3.549999952316284, 3.8299999237060547, 3.9000000953674316, 3.6700000762939453, 3.430000066757202, 4.170000076293945, 4.099999904632568, 4.489999771118164, 4.360000133514404, 4.559999942779541, 5.159999847412109, 5.5, 5.769999980926514, 5.360000133514404, 6.159999847412109, 6.25, 6.289999961853027, 5.050000190734863, 5.480000019073486, 6.039999961853027, 5.690000057220459, 5.849999904632568, 5.659999847412109, 7.309999942779541]
assets:[0, 99.99998745813966, 274.9999491880417, 339.28566345140337, 424.09375052076575, 524.0937482855916, 607.7158206738949, 776.3288643175184, 797.5708581340551, 1013.3472563745439, 1041.9848094047545, 1568.2512930612982, 2427.0825816136003, 3564.748344770694, 3049.512549079013, 3205.63855154233, 3073.905681857014, 3373.5099825741177, 3967.1944139377356, 4658.053361094403, 4909.008534987402, 3996.387907935, 7618.62790444889, 7512.719242113232, 7775.0309855918895, 8885.080622656345, 7678.451357731819, 8885.689077165842, 8742.245147573876, 9531.77443012619, 9805.984739787578, 9327.68320390892, 8817.698396616579, 10820.058908962821, 10738.42660022044, 11859.886293431473, 11616.505315727232, 12249.371894290638, 13961.130883151245, 14981.0507, 15816.483915716552, 14792.609304475069, 17100.460800408553, 17450.305624999997, 17661.987780885316, 14280.133999350359, 15596.065806283093, 17289.82423880224, 16387.93076080227, 16948.750763699343, 16498.27808722305, 21407.847263425872]
shares:[0, 227.2727, 357.1428, 506.3965, 662.6465, 818.8965, 980.1868, 1125.1143, 1286.4046, 1427.2497, 1578.7648, 1686.2917, 1758.7555, 1809.5169, 1870.8666, 1931.1076, 1996.0427, 2057.0183, 2110.2098, 2156.5061, 2201.3491, 2257.8463, 2287.8763, 2318.7405, 2348.952, 2375.69, 2407.038, 2434.4353, 2462.6043, 2488.714, 2514.355, 2541.603, 2570.7575, 2594.7383, 2619.1285, 2641.4002, 2664.336, 2686.2658, 2705.6456, 2723.8274, 2741.1584, 2759.8151, 2776.0489, 2792.0489, 2807.9472, 2827.7492, 2845.9974, 2862.5537, 2880.1284, 2897.2224, 2914.8902, 2928.5701]
growth_rate:319.76
