ticker:GSMG
price:[3.140000104904175, 2.880000114440918, 3.569999933242798, 3.0399999618530273, 2.9000000953674316, 2.819999933242798, 2.680000066757202, 2.700000047683716, 2.799999952316284, 2.7200000286102295, 2.5999999046325684, 2.8299999237060547, 2.6600000858306885, 2.7699999809265137, 2.690000057220459, 2.819999933242798, 2.630000114440918, 2.75, 2.75, 3.380000114440918, 3.549999952316284, 3.4000000953674316, 4.03000020980835, 4.059999942779541, 4.099999904632568, 3.5, 3.380000114440918, 3.5399999618530273, 3.5799999237060547, 4.71999979019165, 3.559999942779541, 3.7799999713897705, 3.869999885559082, 3.880000114440918, 3.950000047683716, 3.869999885559082, 3.7100000381469727, 3.640000104904175, 3.5799999237060547, 3.0199999809265137, 2.990000009536743, 2.700000047683716, 2.559999942779541, 2.4700000286102295, 2.25, 2.059999942779541, 2.1600000858306885, 2.3299999237060547, 1.8600000143051147, 1.7899999618530273, 1.3600000143051147, 2.6500000953674316]
assets:[0, 99.99993997364045, 223.95823381209374, 290.7094203520775, 377.3216224083423, 466.9127469468832, 543.732617544055, 647.7902214403867, 771.7824668566227, 849.7315449378729, 912.243246539116, 1092.9417255353928, 1127.2880863744022, 1273.9052632282257, 1337.1137554424763, 1501.7325904498339, 1500.5520882945061, 1669.0181750000002, 1769.0180750000002, 2274.2841150032996, 2488.671021572089, 2483.51612966075, 3043.6971524598125, 3166.354573374319, 3297.549973297834, 2914.98165, 2915.039524698162, 3153.029468023014, 3288.657023914909, 4435.8827068209175, 3445.7082806165695, 3758.645239551401, 3948.136731248474, 4058.3388877010348, 4231.556446082615, 4245.853887444591, 4170.314953880024, 4191.629744802045, 4222.536878012847, 3662.0284208716394, 3725.650641883135, 3464.299861181736, 3384.669364346743, 3365.677119984937, 3165.900075, 2998.5573407093048, 3244.118600909686, 3599.4425981391905, 2973.3748188679933, 2961.4734918875697, 2350.058128719008, 4679.157373392153]
shares:[0, 34.7222, 62.7334, 95.6281, 130.1109, 165.5719, 202.8853, 239.9223, 275.6366, 312.4013, 350.8628, 386.1985, 423.7925, 459.8936, 497.0683, 532.5293, 570.5521, 606.9157, 643.2793, 672.8651, 701.0341, 730.4459, 755.2598, 779.8903, 804.2805, 832.8519, 862.4377, 890.6863, 918.6193, 939.8057, 967.8956, 994.3506, 1020.1904, 1045.9636, 1071.2801, 1097.1199, 1124.0741, 1151.5466, 1179.4796, 1212.5922, 1246.037, 1283.074, 1322.1365, 1362.6223, 1407.0667, 1455.6104, 1501.9067, 1544.8252, 1598.5886, 1654.4545, 1727.9839, 1765.7197]
growth_rate:-8.25
