ticker:GT
price:[9.59000015258789, 9.449999809265137, 8.59000015258789, 7.420000076293945, 8.359999656677246, 9.619999885559082, 9.770000457763672, 11.0, 8.279999732971191, 8.760000228881836, 9.989999771118164, 10.359999656677246, 10.949999809265137, 11.09000015258789, 10.399999618530273, 10.4399995803833, 10.359999656677246, 10.90999984741211, 11.460000038146973, 11.489999771118164, 11.449999809265137, 10.550000190734863, 12.5600004196167, 14.069999694824219, 13.899999618530273, 16.809999465942383, 18.260000228881836, 18.170000076293945, 17.219999313354492, 17.1200008392334, 17.360000610351562, 17.920000076293945, 17.729999542236328, 18.270000457763672, 17.209999084472656, 19.670000076293945, 19.959999084472656, 19.399999618530273, 19.829999923706055, 20.459999084472656, 18.75, 16.770000457763672, 17.440000534057617, 17.280000686645508, 16.829999923706055, 15.59000015258789, 15.550000190734863, 15.710000038146973, 16.260000228881836, 16.600000381469727, 14.470000267028809, 16.170000076293945]
assets:[0, 99.99989798164368, 190.89900939102174, 264.89771272373196, 398.4559756364822, 558.5102573558808, 667.2187332618713, 851.2185, 740.7354001113893, 883.6764110887527, 1107.75411162014, 1248.7819266162871, 1419.8996152671814, 1538.053268162155, 1542.358423426628, 1648.2901017499926, 1735.6594344815253, 1927.8035190376283, 2124.9888430734636, 2230.551357567215, 2322.785891306877, 2240.2091955010414, 2767.0170764431955, 3199.6755145996094, 3261.014970505142, 4043.7159735301975, 4492.5206383119585, 4570.378250190544, 4431.420453297615, 4505.686332871627, 4668.85064414978, 4919.459348944473, 4967.300499751282, 5218.589947754287, 5015.814650171661, 5832.776594623566, 6018.77005993042, 5949.906163004684, 6181.786329216195, 6478.181992119599, 6036.75, 5499.268860111237, 5818.976514192009, 5865.590825077629, 5812.841304649162, 5484.563612680435, 5570.492118327141, 5727.809457908249, 6028.33817485714, 6254.392103726578, 5551.869960453987, 6304.128398744392]
shares:[0, 10.582, 22.2234, 35.7005, 47.6622, 58.0572, 68.2926, 77.3835, 89.4608, 100.8763, 110.8863, 120.5388, 129.6712, 138.6883, 148.3037, 157.8822, 167.5347, 176.7006, 185.4266, 194.1298, 202.8634, 212.3421, 220.3039, 227.4112, 234.6054, 240.5542, 246.0307, 251.5343, 257.3415, 263.1826, 268.943, 274.5234, 280.1636, 285.6371, 291.4477, 296.5316, 301.5416, 306.6962, 311.7391, 316.6267, 321.96, 327.923, 333.6569, 339.4439, 345.3857, 351.8001, 358.231, 364.5964, 370.7465, 376.7706, 383.6814, 389.8657]
growth_rate:23.61
