ticker:GTBP
price:[2.8220014572143555, 2.8220014572143555, 2.8050014972686768, 3.043001413345337, 3.1450016498565674, 3.5020017623901367, 3.995002031326294, 3.9610018730163574, 3.23000168800354, 3.0600016117095947, 3.111001491546631, 3.23000168800354, 2.975001573562622, 3.4000017642974854, 4.590002059936523, 5.134002685546875, 9.809004783630371, 7.208003520965576, 8.500003814697266, 8.245003700256348, 7.480003833770752, 7.990004062652588, 7.565000057220459, 5.570000171661377, 5.639999866485596, 5.210000038146973, 4.900000095367432, 6.010000228881836, 6.590000152587891, 6.760000228881836, 7.190000057220459, 10.4399995803833, 9.84000015258789, 11.539999961853027, 13.25, 16.549999237060547, 12.319999694824219, 14.359999656677246, 17.239999771118164, 16.600000381469727, 18.0, 17.979999542236328, 14.489999771118164, 15.199999809265137, 14.789999961853027, 12.289999961853027, 11.9399995803833, 9.949999809265137, 11.109999656677246, 10.010000228881836, 7.570000171661377, 8.640000343322754]
assets:[0, 99.99987923755646, 199.39745843544006, 316.3160410154104, 426.91887796010974, 575.3799401612282, 756.3801265942574, 849.942671607542, 793.0862164680004, 851.3447744051696, 965.5338450180532, 1102.4667601507188, 1115.4298349824428, 1374.7767733864546, 1955.9485938056946, 2287.764990307617, 4470.99440630312, 3385.4450025221827, 4092.26988656044, 4069.5021418425563, 3791.9198754951954, 4150.459545371294, 4029.688674979925, 3067.0013965216635, 3205.5452481158736, 3061.1511524133684, 2979.009937979698, 3753.8467439596175, 4216.114711621856, 4424.876449818611, 4806.340321250486, 7078.885563477135, 6772.05341701355, 8042.02171541605, 9333.690875, 11758.307747953035, 8853.012564704133, 10418.933650901317, 12608.525552606581, 12240.460141287042, 13372.7886, 13457.928969366456, 10945.683520103647, 11582.01377466488, 11369.603931675052, 9547.764224364662, 9375.85840249691, 7913.2159433089255, 8935.761613865852, 8151.033076375961, 6264.167572049618, 7249.591872072887]
shares:[0, 35.4358, 71.0864, 103.9487, 135.7452, 164.3003, 189.3316, 214.5777, 245.5374, 278.2171, 310.3611, 341.3208, 374.9342, 404.3459, 426.1324, 445.6104, 455.8051, 469.6786, 481.4433, 493.5719, 506.9409, 519.4565, 532.6753, 550.6286, 568.3591, 587.553, 607.9612, 624.6001, 639.7746, 654.5675, 668.4757, 678.0542, 688.2168, 696.8823, 704.4295, 710.4718, 718.5887, 725.5525, 731.353, 737.3771, 742.9327, 748.4944, 755.3957, 761.9746, 768.7359, 776.8726, 785.2478, 795.2981, 804.299, 814.289, 827.499, 839.0731]
growth_rate:42.15
