ticker:GTEC
price:[3.049999952316284, 2.7699999809265137, 2.680000066757202, 2.440000057220459, 2.1500000953674316, 2.7200000286102295, 2.5, 2.549999952316284, 1.809999942779541, 2.0899999141693115, 6.099999904632568, 4.690000057220459, 5.829999923706055, 5.550000190734863, 8.390000343322754, 9.09000015258789, 8.069999694824219, 7.239999771118164, 7.230000019073486, 7.460000038146973, 7.539999961853027, 7.449999809265137, 7.880000114440918, 7.610000133514404, 12.9399995803833, 12.050000190734863, 11.739999771118164, 12.949999809265137, 14.010000228881836, 15.5, 11.579999923706055, 11.25, 9.020000457763672, 8.390000343322754, 8.220000267028809, 8.0, 7.409999847412109, 7.650000095367432, 8.460000038146973, 8.779999732971191, 9.270000457763672, 8.850000381469727, 9.069999694824219, 7.849999904632568, 7.429999828338623, 7.090000152587891, 6.760000228881836, 6.429999828338623, 6.442999839782715, 6.800000190734863, 6.340000152587891, 6.639999866485596]
assets:[0, 100.00004631142617, 196.75086490094662, 279.1313705459118, 345.9558703455448, 537.67437365551, 594.1859999999999, 706.0697417968512, 601.1710279948711, 794.1698713855743, 2417.911862198353, 1959.017713901043, 2535.1970378232954, 2513.4380213784216, 3899.5941325732233, 4324.947534600067, 3939.6398890182495, 3634.4480291023256, 3729.4284968386173, 3948.0685021885874, 4090.4070013054843, 4141.582288967228, 4480.627165071964, 4427.103118671751, 7627.820486645985, 7203.187659016514, 7117.877333230592, 7951.491542885971, 8702.348068170548, 9727.865099999999, 7367.656835458755, 7257.697875, 5919.061404391479, 5605.646167385673, 5592.062893659592, 5542.3968, 5233.645101227951, 5503.156088604164, 6185.8428938925745, 6519.822349710655, 6983.685551862717, 6767.272266695976, 7035.498086278534, 6189.1581548096665, 5958.018786347007, 5785.3777325103765, 5616.10070615139, 5441.941620716762, 5552.943868615627, 5960.627207191086, 5657.408474159622, 6025.108654849577]
shares:[0, 36.1011, 73.4145, 114.3981, 160.9097, 197.6744, 237.6744, 276.8901, 332.1387, 379.9856, 396.379, 417.701, 434.8537, 452.8717, 464.7907, 475.7918, 488.1834, 501.9956, 515.8269, 529.2317, 542.4943, 555.9171, 568.6075, 581.7481, 589.4761, 597.7749, 606.2928, 614.0148, 621.1526, 627.6042, 636.2398, 645.1287, 656.2152, 668.1342, 680.2996, 692.7996, 706.2949, 719.3668, 731.1871, 742.5766, 753.3641, 764.6635, 775.6889, 788.4278, 801.8868, 815.9912, 830.7841, 846.3362, 861.8569, 876.5628, 892.3357, 907.3959]
growth_rate:18.14
