ticker:GTH
price:[11.789999961853027, 11.75, 11.4399995803833, 10.149999618530273, 12.0, 11.510000228881836, 11.789999961853027, 11.359999656677246, 10.100000381469727, 9.84000015258789, 11.760000228881836, 11.279999732971191, 13.729999542236328, 13.529999732971191, 13.0, 13.359999656677246, 13.039999961853027, 14.0, 16.399999618530273, 20.09000015258789, 21.219999313354492, 23.049999237060547, 27.31999969482422, 30.639999389648438, 27.600000381469727, 24.59000015258789, 20.190000534057617, 23.270000457763672, 23.020000457763672, 18.25, 22.739999771118164, 22.770000457763672, 19.950000762939453, 21.260000228881836, 21.15999984741211, 19.65999984741211, 18.920000076293945, 22.540000915527344, 21.170000076293945, 19.809999465942383, 19.790000915527344, 21.06999969482422, 22.049999237060547, 18.549999237060547, 19.3700008392334, 19.1200008392334, 18.540000915527344, 14.199999809265137, 14.34000015258789, 13.899999618530273, 11.989999771118164, 12.710000038146973]
assets:[0, 99.99955, 197.36172876081466, 275.10660466060637, 425.24879999999996, 507.88451509952546, 620.2400649931908, 697.6187149165154, 720.2421372030258, 801.7012204319, 1058.1307165941237, 1114.9411176062583, 1457.1044394195558, 1535.8795676877976, 1575.7157, 1719.3504598164561, 1778.1682987981794, 2009.0770000000002, 2453.4907829309464, 3105.526286587143, 3380.20159462204, 3771.7082551589965, 4570.414656946564, 5225.823479901123, 4807.334946443939, 4383.056872198104, 3698.7757938385007, 4363.027351828766, 4416.152283817291, 3601.077225, 4587.039985830688, 4693.090639348984, 4211.86411107254, 4588.433171398354, 4666.850662346649, 4436.025351570511, 4369.053717617989, 5304.994329477692, 5082.552894316864, 4856.041017086029, 4951.139610050202, 5371.375022201538, 5721.205257043839, 4913.076742930984, 5230.258571608544, 5262.753462997818, 5203.108498935699, 4085.121265128517, 4225.397198961257, 4195.746854852486, 3719.2092030025487, 4042.5476961330414]
shares:[0, 8.5106, 17.2519, 27.1041, 35.4374, 44.1255, 52.6073, 61.4101, 71.3111, 81.4737, 89.9771, 98.8423, 106.1256, 113.5166, 121.2089, 128.6939, 136.3626, 143.5055, 149.6031, 154.5807, 159.2932, 163.6316, 167.2919, 170.5556, 174.1788, 178.2455, 183.1984, 187.4958, 191.8398, 197.3193, 201.7168, 206.1085, 211.121, 215.8247, 220.5506, 225.6371, 230.9225, 235.3591, 240.0828, 245.1308, 250.1839, 254.93, 259.4651, 264.8559, 270.0185, 275.2486, 280.6423, 287.6846, 294.6581, 301.8523, 310.1926, 318.0604]
growth_rate:-20.73
