ticker:GTHX
price:[15.0, 15.619999885559082, 15.229999542236328, 12.09000015258789, 11.704999923706055, 12.770000457763672, 13.5600004196167, 12.65999984741211, 10.989999771118164, 12.0600004196167, 12.779999732971191, 12.609999656677246, 14.300000190734863, 18.459999084472656, 18.979999542236328, 19.520000457763672, 19.600000381469727, 17.989999771118164, 17.59000015258789, 20.829999923706055, 20.809999465942383, 24.1299991607666, 28.010000228881836, 30.889999389648438, 26.889999389648438, 22.100000381469727, 20.43000030517578, 23.350000381469727, 22.670000076293945, 21.979999542236328, 23.719999313354492, 25.56999969482422, 23.510000228881836, 22.260000228881836, 21.06999969482422, 20.600000381469727, 21.90999984741211, 21.15999984741211, 21.719999313354492, 20.979999542236328, 21.6200008392334, 20.950000762939453, 23.979999542236328, 21.440000534057617, 20.530000686645508, 18.90999984741211, 17.670000076293945, 17.309999465942383, 15.979999542236328, 14.359999656677246, 13.529999732971191, 14.720000267028809]
assets:[0, 99.99923926734924, 197.5026340637207, 256.78314024086, 348.6065012277603, 480.32568921813964, 610.0400108778, 669.5506779300689, 681.2294228124618, 847.5551214899062, 998.1550411442757, 1084.8773614628792, 1330.2732477433206, 1817.2613818725588, 1968.45181452446, 2124.4572978206634, 2233.163283463478, 2149.7240176496507, 2201.9250141010284, 2707.510469083214, 2804.911155016136, 3352.402500404549, 3991.4558436159136, 4501.85908704834, 4018.9067057785037, 3403.006678739548, 3245.8571584854126, 3809.779057240486, 3798.8300487846373, 3783.2063132095336, 4182.696914919472, 4608.91829199295, 4337.609148228836, 4206.9842232570645, 4082.082777875519, 4091.026175757408, 4451.182985000611, 4398.8148282794955, 4615.230526096344, 4557.988820549011, 4797.030652208519, 4748.3721429222105, 5535.128240337754, 5048.839261763573, 4934.545799040604, 4645.165822517395, 4440.564670173073, 4450.094475703239, 4208.174677452469, 3881.5639111985206, 3757.211922847462, 4187.669323966598]
shares:[0, 6.402, 12.968, 21.2393, 29.7827, 37.6136, 44.9882, 52.8871, 61.9863, 70.2782, 78.1029, 86.0331, 93.0261, 98.4432, 103.7119, 108.8349, 113.9369, 119.4955, 125.1805, 129.9813, 134.7867, 138.9309, 142.5011, 145.7384, 149.4573, 153.9822, 158.877, 163.1597, 167.5708, 172.1204, 176.3363, 180.2471, 184.5006, 188.993, 193.7391, 198.5935, 203.1576, 207.8835, 212.4876, 217.254, 221.8793, 226.6526, 230.8227, 235.4869, 240.3578, 245.646, 251.3053, 257.0823, 263.3401, 270.3039, 277.6949, 284.4884]
growth_rate:-17.89
