ticker:GTIM
price:[1.6699999570846558, 1.5399999618530273, 1.5299999713897705, 1.3200000524520874, 1.5099999904632568, 1.6100000143051147, 1.5399999618530273, 1.659999966621399, 1.2899999618530273, 1.2799999713897705, 1.3700000047683716, 1.3899999856948853, 1.5299999713897705, 1.7300000190734863, 1.909999966621399, 2.240000009536743, 2.740000009536743, 2.8499999046325684, 2.7799999713897705, 2.890000104904175, 2.9000000953674316, 2.799999952316284, 3.549999952316284, 3.4600000381469727, 3.6600000858306885, 3.4600000381469727, 3.430000066757202, 4.0, 4.190000057220459, 4.050000190734863, 4.519999980926514, 4.880000114440918, 4.429999828338623, 4.949999809265137, 4.510000228881836, 4.840000152587891, 4.130000114440918, 4.090000152587891, 4.230000019073486, 4.090000152587891, 4.170000076293945, 3.9600000381469727, 4.150000095367432, 3.990000009536743, 3.9800000190734863, 3.9100000858306885, 4.25, 4.159999847412109, 4.050000190734863, 4.389999866485596, 4.480000019073486, 5.0]
assets:[0, 100.00005152292252, 199.3507342722416, 271.988914807868, 411.1388714033604, 538.3666167834759, 614.9594067669868, 762.8783826603532, 692.8392425118446, 787.4683983987093, 942.8372912816047, 1056.6012611260414, 1263.0215553821324, 1528.1225108477593, 1787.1178267688513, 2195.887017348933, 2786.04050369699, 2997.8886796838756, 3024.256328876019, 3243.92136675117, 3355.146120335054, 3339.4513031294823, 4333.94715178628, 4324.072421673489, 4674.0188476104495, 4518.607809818268, 4579.429104128241, 5440.442, 5798.862871191787, 5705.106478682137, 6467.180264709806, 7082.265598086261, 6529.187585995626, 7395.593250030804, 6838.207569038009, 7438.564290511322, 6447.370023654461, 6484.925917936706, 6806.903763692999, 6681.6164792747495, 6912.308052466965, 6664.206052196789, 7083.953467789984, 6910.837222518015, 6993.516733515263, 6970.515117013835, 7676.646650000001, 7614.082248717117, 7512.749138813115, 8243.448242289496, 8512.448484241533, 9600.5005]
shares:[0, 64.9351, 130.2946, 206.0522, 272.2774, 334.3892, 399.3243, 459.5653, 537.0847, 615.2097, 688.2024, 760.1448, 825.5043, 883.3078, 935.6638, 980.3067, 1016.8031, 1051.8908, 1087.862, 1122.4641, 1156.9469, 1192.6612, 1220.8302, 1249.7319, 1277.0543, 1305.956, 1335.1105, 1360.1105, 1383.9768, 1408.6682, 1430.7921, 1451.2839, 1473.8573, 1494.0593, 1516.2322, 1536.8934, 1561.1065, 1585.5564, 1609.1971, 1633.647, 1657.6278, 1682.8803, 1706.9767, 1732.0394, 1757.165, 1782.7404, 1806.2698, 1830.3083, 1854.9997, 1877.7787, 1900.1001, 1920.1001]
growth_rate:88.25
