ticker:GTPAU
price:[10.199999809265137, 10.170000076293945, 10.109999656677246, 10.050000190734863, 10.180000305175781, 10.25, 10.1850004196167, 10.199999809265137, 10.270000457763672, 10.09000015258789, 10.050000190734863, 10.029999732971191, 9.979999542236328, 10.170000076293945, 10.050000190734863, 10.0, 10.050000190734863, 10.178999900817871, 10.020000457763672, 10.010000228881836, 10.020000457763672, 10.050000190734863, 10.020000457763672, 9.970000267028809, 9.899999618530273, 9.938599586486816]
assets:[0, 99.99957675018311, 199.409633228302, 298.2257156599045, 402.0835440536499, 504.84837500000003, 601.6473262875556, 702.5331468629837, 807.3545189861297, 893.2041465076447, 989.6627137824058, 1087.693291042328, 1182.2706657714843, 1304.778465788269, 1389.3823763685227, 1482.4700000000003, 1589.8818901737213, 1710.2887960352898, 1783.5731074825285, 1881.792956027794, 1983.6725166240694, 2089.611114657879, 2183.3731297473905, 2272.4781128643035, 2356.522649197769, 2465.710901249695]
shares:[0, 9.8328, 19.724, 29.6742, 39.4974, 49.2535, 59.0719, 68.8758, 78.6129, 88.5237, 98.4739, 108.444, 118.464, 128.2968, 138.247, 148.247, 158.1972, 168.0213, 178.0013, 187.9913, 197.9713, 207.9215, 217.9015, 227.9316, 238.0326, 248.0944]
growth_rate:-1.37
