ticker:GTPBU
price:[10.100000381469727, 10.1899995803833, 10.079999923706055, 10.029999732971191, 10.149999618530273, 10.119999885559082, 10.079999923706055, 10.069999694824219, 10.170000076293945, 10.029999732971191, 10.0, 10.010000228881836, 10.140000343322754, 10.220000267028809, 10.199999809265137, 10.350000381469727, 10.220000267028809, 10.199999809265137, 10.199999809265137, 10.079999923706055, 10.029999732971191, 10.0, 10.039999961853027, 9.9399995803833, 9.949999809265137, 10.050000190734863]
assets:[0, 99.99956088209152, 198.91972649440766, 297.93311806812284, 401.4974449104309, 500.3105303422928, 598.3326674713135, 697.7392018547058, 804.6676950365066, 893.5907302099229, 990.9180000000001, 1091.9088429668427, 1206.0891588360787, 1315.6042823741911, 1413.0294335770607, 1533.8089915315627, 1614.5433781848908, 1711.3835079979897, 1811.3832861280441, 1890.072561694336, 1980.697266267872, 2074.773, 2183.0724917054176, 2261.329030538082, 2363.6045446912767, 2487.3589672065737]
shares:[0, 9.8135, 19.7341, 29.7042, 39.5564, 49.4378, 59.3584, 69.2889, 79.1217, 89.0918, 99.0918, 109.0818, 118.9437, 128.7284, 138.5323, 148.1941, 157.9788, 167.7827, 177.5866, 187.5072, 197.4773, 207.4773, 217.4375, 227.4979, 237.5482, 247.4984]
growth_rate:-0.51
