ticker:GTX
price:[3.2699999809265137, 3.1500000953674316, 2.009999990463257, 1.75, 3.0999999046325684, 3.0, 2.9000000953674316, 3.2699999809265137, 3.75, 4.2179999351501465, 4.289999961853027, 4.260000228881836, 4.860000133514404, 4.5, 4.46999979019165, 4.949999809265137, 5.25, 4.429999828338623, 4.820000171661377, 6.210000038146973, 6.159999847412109, 6.25, 6.510000228881836, 6.900000095367432, 7.0, 6.630000114440918, 6.400000095367432, 5.849999904632568, 5.309999942779541, 5.019999980926514, 5.28000020980835, 5.139999866485596, 5.0, 5.050000190734863, 5.510000228881836, 5.679999828338623, 6.090000152587891, 6.639999866485596, 8.630000114440918, 8.199999809265137, 7.809999942779541, 7.789999961853027, 8.149999618530273, 7.619999885559082, 7.650000095367432, 6.909999847412109, 7.170000076293945, 6.460000038146973, 7.21999979019165, 7.360000133514404, 6.909999847412109, 6.96999979019165]
assets:[0, 99.99990302753449, 163.80937122278215, 242.620175, 529.7844037018776, 612.6945000000001, 692.2714927655697, 880.5956258635998, 1109.8575, 1348.3676174694538, 1471.383757916355, 1561.0945498746871, 1880.9668236741065, 1841.6358, 1929.358295441723, 2236.537623821068, 2472.08535, 2185.969239294243, 2478.413722267199, 3293.1431482292173, 3366.628412606049, 3515.8162500000003, 3762.0744482688906, 4087.452416494179, 4246.6907, 4122.223124153996, 4079.2199007851127, 3828.6617225846767, 3575.246856473207, 3479.988482777786, 3760.227125417996, 3760.5241323182586, 3758.0975, 3895.6787221369746, 4350.532533718299, 4584.758973439073, 5015.701592670823, 5568.6790480272775, 7337.605817302704, 7072.000455502796, 6835.6493419181825, 6918.144724122429, 7337.8529715436935, 6960.6679654612535, 7088.072398362255, 6502.428708412171, 6847.093386857987, 6269.068923019505, 7106.606083486795, 7344.407973231554, 6995.361148527145, 7156.102269589662]
shares:[0, 31.746, 81.4972, 138.6401, 170.8982, 204.2315, 238.7143, 269.2953, 295.962, 319.6699, 342.9799, 366.4541, 387.0302, 409.2524, 431.6238, 451.8258, 470.8734, 493.4468, 514.1937, 530.2968, 546.5306, 562.5306, 577.8916, 592.3844, 606.6701, 621.7531, 637.3781, 654.4721, 673.3045, 693.2248, 712.1642, 731.6195, 751.6195, 771.4215, 789.5703, 807.1759, 823.5963, 838.6565, 850.244, 862.4391, 875.2432, 888.0802, 900.3501, 913.4735, 926.5454, 941.0172, 954.9642, 970.4441, 984.2945, 997.8815, 1012.3533, 1026.7005]
growth_rate:40.32
