ticker:GTYH
price:[2.759999990463257, 2.6600000858306885, 2.759999990463257, 2.380000114440918, 2.619999885559082, 2.9100000858306885, 3.140000104904175, 3.2699999809265137, 2.9100000858306885, 2.4800000190734863, 3.0199999809265137, 3.559999942779541, 3.890000104904175, 3.9200000762939453, 4.0, 4.5, 5.28000020980835, 5.179999828338623, 5.489999771118164, 6.269999980926514, 6.900000095367432, 7.519999980926514, 8.100000381469727, 8.1899995803833, 6.920000076293945, 7.329999923706055, 7.659999847412109, 7.849999904632568, 7.0, 6.440000057220459, 6.360000133514404, 6.190000057220459, 5.929999828338623, 5.699999809265137, 5.099999904632568, 5.159999847412109, 6.190000057220459, 6.619999885559082, 6.0, 5.889999866485596, 6.349999904632568, 7.28000020980835, 7.139999866485596, 7.03000020980835, 7.019999980926514, 7.159999847412109, 6.989999771118164, 6.920000076293945, 7.269999980926514, 7.25, 6.940000057220459, 7.230000019073486]
assets:[0, 100.0000432267189, 203.75948329594135, 275.7056392571449, 403.50775437488556, 548.1709751683474, 691.4971031022072, 820.1258052163124, 829.8368674761057, 807.2149582082271, 1082.9795431602001, 1376.6249218732835, 1604.2333202624081, 1716.6052734098434, 1851.638, 2183.09265, 2661.4955137583256, 2711.0881081565376, 2973.334466039658, 3495.775789365768, 3947.0263745532984, 4401.686852835703, 4841.179067995452, 4994.969360081482, 4320.414163633156, 4676.392618325996, 4986.925702659989, 5210.622696697616, 4746.4151, 4466.702251687384, 4511.215510703182, 4490.63272451148, 4402.011435570765, 4331.275955065727, 3975.352005662918, 4122.1205741035465, 5044.9472296355725, 5495.403573000145, 5080.7286, 5087.581624674797, 5584.9138161230085, 6502.862371411372, 6477.807004868269, 6478.009514334344, 6568.794396152449, 6799.79600708847, 6738.348595358276, 6770.869230649757, 7213.326696075202, 7293.4826, 7081.623250388146, 7477.541482726527]
shares:[0, 37.594, 73.8259, 115.8427, 154.0106, 188.3749, 220.222, 250.803, 285.1673, 325.4899, 358.6025, 386.6924, 412.3993, 437.9095, 462.9095, 485.1317, 504.0711, 523.3761, 541.591, 557.54, 572.0328, 585.3307, 597.6764, 609.8864, 624.3373, 637.9799, 651.0347, 663.7736, 678.0593, 693.5873, 709.3106, 725.4657, 742.3291, 759.873, 779.4808, 798.8606, 815.0157, 830.1214, 846.7881, 863.766, 879.514, 893.2503, 907.2559, 921.4807, 935.7257, 949.6922, 963.9984, 978.4493, 992.2045, 1005.9976, 1020.4068, 1034.2381]
growth_rate:46.62
