ticker:GURE
price:[4.769999980926514, 5.039999961853027, 5.039999961853027, 5.070000171661377, 5.489999771118164, 5.369999885559082, 5.349999904632568, 5.070000171661377, 4.900000095367432, 5.039999961853027, 4.900000095367432, 4.420000076293945, 4.599999904632568, 4.699999809265137, 4.329999923706055, 4.25, 4.139999866485596, 4.119999885559082, 4.349999904632568, 4.599999904632568, 4.289999961853027, 4.0, 4.150000095367432, 4.599999904632568, 4.610000133514404, 4.449999809265137, 4.150000095367432, 4.230000019073486, 4.389999866485596, 4.380000114440918, 4.25, 5.090000152587891, 5.179999828338623, 5.28000020980835, 6.159999847412109, 6.71999979019165, 6.449999809265137, 6.570000171661377, 6.239999771118164, 6.880000114440918, 7.090000152587891, 7.170000076293945, 6.449999809265137, 6.099999904632568, 5.820000171661377, 5.480000019073486, 5.260000228881836, 5.059999942779541, 4.710000038146973, 5.28000020980835, 4.28000020980835, 4.28000020980835]
assets:[0, 100.00015124311447, 200.00030248622895, 301.1909651978016, 426.1414682338714, 516.8270469858169, 614.9022390389442, 682.7206461157322, 759.8288047883511, 881.538329327774, 957.0513586268424, 963.2992366275787, 1102.5284371423245, 1226.4964402264595, 1229.942540328598, 1307.2184, 1373.3845117085457, 1466.7496232582093, 1648.6312588561534, 1843.3800417829514, 1819.1521758239746, 1796.1792, 1963.5360251222612, 2276.449332804537, 2381.398371969843, 2398.7465871854783, 2337.0335437052727, 2482.0849101919653, 2675.9696356149198, 2769.873966371441, 2787.662975, 3438.6366420833588, 3599.4373587172986, 3768.924869763613, 4497.078936603928, 5005.904579708243, 4904.77464495945, 5096.026546149302, 4940.0611787996295, 5546.734524263573, 5816.039147170257, 5981.6643396492, 5480.995052919865, 5283.576527396536, 5141.051755635739, 4940.715409196472, 4842.36567870903, 4758.244822191906, 4529.117196681977, 5177.227117724514, 4296.691782626581, 4396.691847528648]
shares:[0, 19.8413, 39.6826, 59.4065, 77.6214, 96.2434, 114.935, 134.6589, 155.0671, 174.9084, 195.3166, 217.941, 239.6801, 260.9567, 284.0514, 307.5808, 331.7354, 356.0072, 378.9957, 400.7348, 424.0448, 449.0448, 473.1412, 494.8803, 516.5723, 539.0442, 563.1406, 586.7813, 609.5603, 632.3913, 655.9207, 675.5671, 694.8721, 713.8115, 730.0453, 744.9263, 760.4302, 775.6509, 791.6765, 806.2114, 820.3158, 834.2628, 849.7667, 866.1601, 883.3422, 901.5904, 920.6018, 940.3646, 961.596, 980.5354, 1003.8999, 1027.2644]
growth_rate:-13.79
