ticker:GVP
price:[0.9599999785423279, 1.0, 1.0, 1.0099999904632568, 1.0499999523162842, 1.0299999713897705, 1.0, 1.0, 0.9800000190734863, 1.0199999809265137, 1.0399999618530273, 1.0399999618530273, 1.2100000381469727, 1.1299999952316284, 1.2100000381469727, 1.309999942779541, 1.4299999475479126, 1.3200000524520874, 1.3700000047683716, 1.659999966621399, 1.909999966621399, 1.6799999475479126, 1.7799999713897705, 1.9900000095367432, 2.309999942779541, 1.940000057220459, 1.8300000429153442, 2.0, 2.1500000953674316, 1.8300000429153442, 1.6200000047683716, 1.4700000286102295, 1.350000023841858, 1.5499999523162842, 1.3700000047683716, 1.2999999523162842, 1.2999999523162842, 1.3899999856948853, 1.7999999523162842, 1.7200000286102295, 1.9199999570846558, 1.690000057220459, 1.690000057220459, 1.7000000476837158, 1.590000033378601, 1.4299999475479126, 1.409999966621399, 1.409999966621399, 1.559999942779541, 1.3799999952316284, 1.2300000190734863, 1.159999966621399]
assets:[0, 100.0, 200.0, 301.99999614841937, 413.9603812007904, 506.07544794278147, 591.3354, 691.3354, 777.5086911324502, 909.2436909976005, 1027.0719303272247, 1127.0718786592483, 1411.304840493393, 1417.9954100163459, 1618.3844890218736, 1852.1351660992145, 2121.796456172967, 2058.5815298006773, 2236.558024784482, 2809.9900094978693, 3333.181242750299, 3031.803337342608, 3312.2679127613783, 3803.041258225441, 4514.585348170281, 3891.4701707792283, 3770.819764429522, 4221.1144, 4637.6981257141115, 4047.4359829164505, 3682.976050840616, 3441.959790989971, 3260.98351259104, 3844.0919517415523, 3497.6813891739007, 3418.9676345930097, 3518.9676609250305, 3862.5885332483654, 5101.913204845452, 4975.161658756113, 5653.668545630658, 5076.406454878283, 5176.406462264109, 5307.0360088583475, 5063.639557300126, 4654.090699288964, 4688.998598998427, 4788.99861663115, 5398.4665379854205, 4875.566755153251, 4445.613914937687, 4292.611312481582]
shares:[0, 100.0, 200.0, 299.0099, 394.248, 491.3354, 591.3354, 691.3354, 793.3762, 891.4154, 987.5692, 1083.723, 1166.3676, 1254.8632, 1337.5078, 1413.8437, 1483.7738, 1559.5314, 1632.5241, 1692.7651, 1745.1211, 1804.6449, 1860.8247, 1911.076, 1954.366, 2005.9124, 2060.5572, 2110.5572, 2157.0688, 2211.7136, 2273.442, 2341.4692, 2415.5433, 2480.0594, 2553.0521, 2629.9752, 2706.8983, 2778.8407, 2834.3963, 2892.5358, 2944.6191, 3003.7907, 3062.9623, 3121.7858, 3184.6789, 3254.609, 3325.531, 3396.453, 3460.5556, 3533.0194, 3614.3202, 3700.5271]
growth_rate:-15.83
