ticker:GWGH
price:[8.59000015258789, 8.4399995803833, 9.989999771118164, 8.329999923706055, 8.680000305175781, 9.020000457763672, 9.050000190734863, 8.949999809265137, 7.5, 7.300000190734863, 7.610000133514404, 7.889999866485596, 7.730000019073486, 7.489999771118164, 7.329999923706055, 7.289999961853027, 7.059999942779541, 6.989999771118164, 7.150000095367432, 6.739999771118164, 7.800000190734863, 7.28000020980835, 7.300000190734863, 7.409999847412109, 6.980000019073486, 6.820000171661377, 7.210000038146973, 7.429999828338623, 7.460000038146973, 7.0, 7.090000152587891, 6.829999923706055, 6.809999942779541, 6.869999885559082, 7.099999904632568, 6.909999847412109, 6.849999904632568, 6.840000152587891, 6.849999904632568, 6.900000095367432, 6.510000228881836, 6.429999828338623, 6.949999809265137, 6.980000019073486, 6.75, 6.920000076293945, 7.010000228881836, 7.070000171661377, 6.800000190734863, 6.880000114440918, 7.090000152587891, 6.849999904632568]
assets:[0, 99.99964702825547, 218.36441199703216, 282.07962041645055, 393.9313978500366, 509.3621318500519, 611.056012878418, 704.3041249904633, 690.19875, 771.7932501654625, 904.5679928702832, 1037.8505824375152, 1116.8041207556723, 1182.1294368761062, 1256.8772859178544, 1350.01832593565, 1407.425108592987, 1493.4707690975188, 1627.6560517098428, 1634.3218845005035, 1991.3517486948967, 1958.595240446377, 2063.975773927689, 2195.07685179863, 2167.6969399234295, 2218.007957827902, 2444.8439599352837, 2619.4442104808327, 2730.0205839600562, 2661.6814, 2795.903274172211, 2793.373665796852, 2885.194037757397, 3010.6139438489913, 3211.40592686429, 3225.467003774643, 3297.45980409193, 3392.646231683731, 3497.6058413054466, 3623.136230076695, 3518.350455699921, 3575.113983555365, 3964.236801206017, 4081.348403152657, 4046.8626000000004, 4248.7838588434215, 4404.042457795334, 4541.737709274531, 4468.291005332184, 4620.859196862697, 4861.903085635758, 4797.32482321043]
shares:[0, 11.8483, 21.8583, 33.8631, 45.3838, 56.4703, 67.52, 78.6932, 92.0265, 105.7251, 118.8657, 131.54, 144.4766, 157.8277, 171.4703, 185.1877, 199.352, 213.6582, 227.6442, 242.481, 255.3015, 269.0378, 282.7364, 296.2317, 310.5583, 325.2211, 339.0907, 352.5497, 365.9545, 380.2402, 394.3446, 408.9859, 423.6702, 438.2262, 452.3107, 466.7825, 481.381, 496.0009, 510.5994, 525.0922, 540.4532, 556.0053, 570.3938, 584.7204, 599.5352, 613.9861, 628.2514, 642.3957, 657.1016, 671.6365, 685.7409, 700.3394]
growth_rate:-5.93
