ticker:GWRS
price:[11.270000457763672, 11.109999656677246, 11.1899995803833, 10.829999923706055, 10.630000114440918, 11.1899995803833, 11.479999542236328, 11.300000190734863, 10.600000381469727, 11.279999732971191, 12.199999809265137, 12.529999732971191, 13.09000015258789, 14.59000015258789, 14.520000457763672, 14.970000267028809, 14.5600004196167, 14.40999984741211, 16.8799991607666, 16.510000228881836, 16.6299991607666, 16.06999969482422, 16.809999465942383, 17.200000762939453, 17.0, 17.329999923706055, 16.850000381469727, 17.989999771118164, 17.299999237060547, 16.649999618530273, 16.520000457763672, 17.040000915527344, 17.6299991607666, 17.459999084472656, 17.049999237060547, 16.579999923706055, 17.020000457763672, 17.239999771118164, 17.079999923706055, 17.600000381469727, 16.770000457763672, 17.020000457763672, 16.65999984741211, 17.6200008392334, 17.420000076293945, 16.90999984741211, 17.809999465942383, 17.6200008392334, 17.75, 20.43000030517578, 19.270000457763672, 19.989999771118164]
assets:[0, 99.99999590978622, 200.72061747312546, 294.2630109270096, 388.8283961860657, 509.31283090114596, 622.5121591773986, 712.7520320306778, 768.599667660141, 917.9054662706375, 1092.7698429156303, 1222.327786950779, 1376.9567510509492, 1634.7438620967866, 1726.9014064430237, 1880.4206555421829, 1928.9190475911141, 2009.0465017261504, 2453.4150380220417, 2499.63714865303, 2617.8046658924104, 2629.6529680618287, 2850.743931431198, 3016.883573819733, 3081.8042, 3241.6267427289963, 3251.841133618927, 3571.8460925563813, 3534.848294111252, 3502.036044764519, 3574.6935150535583, 3787.213475479889, 4018.3440037164687, 4079.5968800834653, 4083.7987672615054, 4071.2256132659913, 4279.267231093598, 4434.581353125572, 4493.425167928504, 4730.22714252491, 4607.153468759537, 4775.8342544490815, 4774.817598267746, 5149.957987290383, 5191.501454737091, 5139.512056623458, 5513.051495683479, 5554.238334546089, 5695.2170750000005, 6655.1155024116515, 6377.242856492997, 6715.520483108521]
shares:[0, 9.0009, 17.9375, 27.1711, 36.5784, 45.515, 54.2258, 63.0754, 72.5094, 81.3746, 89.5713, 97.5521, 105.1915, 112.0455, 118.9326, 125.6126, 132.4807, 139.4203, 145.3445, 151.4014, 157.4146, 163.6374, 169.5862, 175.4002, 181.2826, 187.0529, 192.9876, 198.5462, 204.3265, 210.3325, 216.3858, 222.2543, 227.9265, 233.6539, 239.519, 245.5504, 251.4258, 257.2263, 263.0811, 268.7629, 274.7259, 280.6013, 286.6037, 292.2791, 298.0196, 303.9333, 309.5481, 315.2235, 320.8573, 325.7521, 330.9415, 335.944]
growth_rate:31.68
