ticker:GXIIU
price:[9.899999618530273, 9.920000076293945, 9.979999542236328, 10.0600004196167, 10.0600004196167, 9.960000038146973, 10.0, 9.949999809265137, 10.0, 9.970000267028809, 9.970000267028809, 9.949999809265137, 9.970000267028809, 9.930000305175781, 9.960000038146973, 9.963000297546387, 9.975000381469727, 9.989999771118164, 9.960000038146973, 9.989999771118164, 10.0, 9.90999984741211, 9.90999984741211, 9.90999984741211, 9.876899719238281]
assets:[0, 99.99955276908875, 200.60397879867554, 302.2124726057053, 402.2129007768631, 498.2151379081726, 600.216, 697.2153916348457, 800.719, 898.3169640598297, 998.3170637381553, 1096.314858984375, 1198.5186571002007, 1293.7102297592162, 1397.6190773529054, 1498.039713639164, 1599.8444261821746, 1702.2500069995879, 1797.1385828830719, 1902.5515004104616, 2004.4560000000001, 2086.415691874695, 2186.415518334961, 2286.415344795227, 2378.7782083206175]
shares:[0, 10.0806, 20.1006, 30.041, 39.9814, 50.0216, 60.0216, 70.0719, 80.0719, 90.102, 100.1321, 110.1824, 120.2125, 130.283, 140.3232, 150.3603, 160.3854, 170.3954, 180.4356, 190.4456, 200.4456, 210.5364, 220.6272, 230.718, 240.8426]
growth_rate:-0.88
