ticker:GXTG
price:[34.529998779296875, 33.03020095825195, 33.978599548339844, 32.70399856567383, 33.935001373291016, 36.7400016784668, 36.33330154418945, 36.33599853515625, 34.38759994506836, 39.5099983215332, 38.693199157714844, 39.31999969482422, 41.790000915527344, 43.220001220703125, 43.099998474121094, 44.4900016784668, 44.90999984741211, 43.7400016784668, 47.70500183105469, 50.321998596191406, 50.974998474121094, 48.77000045776367, 54.808998107910156, 57.13999938964844, 55.83000183105469, 50.459999084472656, 47.650001525878906, 50.119998931884766, 49.290000915527344, 47.369998931884766, 48.90999984741211, 49.41999816894531, 49.400001525878906, 49.959999084472656, 49.529998779296875, 47.439998626708984, 45.38999938964844, 46.779998779296875, 48.5099983215332, 48.66999816894531, 50.29999923706055, 50.25, 51.86000061035156, 51.64500045776367, 51.55500030517578, 49.375, 50.652000427246094, 50.630001068115234, 51.65999984741211, 51.459999084472656, 50.29899978637695, 52.779998779296875]
assets:[0, 99.99893340110778, 202.86922860336304, 295.25823985061646, 406.3716414451599, 539.9604566680908, 633.9834119747162, 734.0307736083985, 794.6699246505738, 1013.0442589637756, 1092.1000689468383, 1209.7898866104126, 1385.7856833595276, 1533.203611303711, 1628.9472023300173, 1781.4819942096708, 1898.3007835502624, 1948.8445227844238, 2225.505122421265, 2447.591560920715, 2579.3502152900696, 2567.774663101578, 2985.7311337280275, 3212.7136076828, 3239.0613012313843, 3027.514163069916, 2958.91737975235, 3212.2959835422516, 3259.0992215354922, 3232.145030120468, 3437.223604276657, 3573.065867614746, 3671.6205334098813, 3813.241894121552, 3880.4228013641355, 3816.6807215148924, 3751.7512505508425, 3966.6445044921875, 4213.335904216767, 4327.2349362014775, 4572.1592706504825, 4667.6119499999995, 4917.1630038711555, 4996.777742289733, 5088.071245618438, 4972.921625, 5201.540032274627, 5299.280195796204, 5507.08513373375, 5585.766768623352, 5559.744612487411, 5933.981370758057]
shares:[0, 3.0275, 5.9705, 9.0282, 11.975, 14.6968, 17.4491, 20.2012, 23.1092, 25.6402, 28.2246, 30.7678, 33.1607, 35.4744, 37.7946, 40.0423, 42.269, 44.5552, 46.6514, 48.6386, 50.6003, 52.6507, 54.4752, 56.2253, 58.0165, 59.9983, 62.0969, 64.0921, 66.1209, 68.2319, 70.2765, 72.3, 74.3243, 76.3259, 78.3449, 80.4528, 82.6559, 84.7936, 86.855, 88.9097, 90.8978, 92.8878, 94.8161, 96.7524, 98.6921, 100.7174, 102.6917, 104.6668, 106.6025, 108.5458, 110.5339, 112.4286]
growth_rate:16.35
