ticker:GYRO
price:[17.0, 16.920000076293945, 17.489999771118164, 17.200000762939453, 17.200000762939453, 17.450000762939453, 17.010000228881836, 17.010000228881836, 17.450000762939453, 17.450000762939453, 16.6200008392334, 16.770000457763672, 17.0, 16.6200008392334, 17.0, 16.3700008392334, 16.579999923706055, 16.25, 16.8799991607666, 16.450000762939453, 16.950000762939453, 16.75, 17.0, 16.709999084472656, 16.700000762939453, 16.5, 16.450000762939453, 16.450000762939453, 16.450000762939453, 16.100000381469727, 15.359999656677246, 17.100000381469727, 14.760000228881836, 13.390000343322754, 12.0, 13.260000228881836, 13.050000190734863, 13.5, 12.5, 12.25, 13.279999732971191, 13.75, 13.899999618530273, 13.399999618530273, 13.25, 13.25, 12.90999984741211, 12.90999984741211, 12.0, 13.010000228881836, 13.010000228881836, 13.0]
assets:[0, 100.00058445091247, 203.3702193386078, 299.9989733070374, 399.9997777427673, 505.81444711494447, 593.0604619800567, 693.0605523256303, 810.9887854576111, 910.9895048297882, 967.6579988622665, 1076.3908643817902, 1191.1543, 1264.5277778528214, 1393.4407, 1441.800919916153, 1560.2973688201905, 1629.24125, 1792.4060868858337, 1846.7461756507873, 2002.8781951519013, 2079.2445, 2210.2788, 2272.573243487549, 2371.2130683288574, 2442.8151, 2535.412297590637, 2635.411852228546, 2735.411406866455, 2777.211425802612, 2749.5628185424807, 3161.037670516968, 2828.475079860878, 2665.9410343553545, 2489.1924, 2850.5579412036896, 2905.412892464638, 3105.5994, 2975.555, 3016.044325, 3369.6379162446974, 3588.894375, 3728.0452276880264, 3693.943054841232, 3752.5934500000003, 3852.5938499999997, 3853.7343614513397, 3953.733929269409, 3775.0428, 4192.775706762504, 4292.775772521782, 4389.476]
shares:[0, 5.9102, 11.6278, 17.4418, 23.2558, 28.9865, 34.8654, 40.7443, 46.475, 52.2057, 58.2225, 64.1855, 70.0679, 76.0847, 81.9671, 88.0758, 94.1072, 100.261, 106.1852, 112.2642, 118.1639, 124.134, 130.0164, 136.0008, 141.9888, 148.0494, 154.1284, 160.2074, 166.2864, 172.4976, 179.008, 184.856, 191.6311, 199.0994, 207.4327, 214.9742, 222.637, 230.0444, 238.0444, 246.2077, 253.7378, 261.0105, 268.2047, 275.6674, 283.2146, 290.7618, 298.5077, 306.2536, 314.5869, 322.2733, 329.9597, 337.652]
growth_rate:-13.93
