ticker:HA
price:[13.84000015258789, 14.020000457763672, 14.170000076293945, 12.800000190734863, 13.430000305175781, 13.710000038146973, 13.329999923706055, 15.470000267028809, 13.850000381469727, 13.850000381469727, 18.56999969482422, 18.579999923706055, 20.989999771118164, 20.579999923706055, 19.239999771118164, 18.25, 17.780000686645508, 17.700000762939453, 19.639999389648438, 19.5, 20.739999771118164, 19.56999969482422, 22.239999771118164, 22.65999984741211, 24.510000228881836, 26.81999969482422, 26.610000610351562, 27.850000381469727, 28.040000915527344, 26.760000228881836, 26.809999465942383, 26.079999923706055, 25.020000457763672, 25.06999969482422, 25.110000610351562, 25.0, 24.6299991607666, 24.709999084472656, 25.799999237060547, 26.040000915527344, 28.829999923706055, 26.790000915527344, 26.75, 24.290000915527344, 22.809999465942383, 19.59000015258789, 19.670000076293945, 19.729999542236328, 20.309999465942383, 19.729999542236328, 18.079999923706055, 20.219999313354492]
assets:[0, 100.00045726509094, 201.07088408260344, 281.6307241966248, 395.4920209869385, 503.7369344016075, 589.7751826244354, 784.4574145405769, 802.3097470979691, 902.3095198522568, 1309.810787474823, 1410.5155582080843, 1693.4731815338137, 1760.3946714738847, 1745.7721632320404, 1755.943825, 1810.7223819282533, 1902.574852008438, 2211.1045192855836, 2295.34305, 2541.303281954765, 2497.942159046936, 2938.7446417560577, 3094.2433731639867, 3446.8633911878587, 3871.7217459449766, 3941.4067654037476, 4225.073427872086, 4353.8971221580505, 4255.145100394821, 4363.096847086716, 4344.296851291275, 4267.72653008194, 4376.254244728088, 4483.237437974549, 4563.5975, 4596.056363395691, 4710.983564453888, 5018.7938715877535, 5165.479465610504, 5818.9232156011585, 5507.177624203491, 5598.954225, 5184.059439395141, 4968.191239678193, 4366.850032013703, 4484.683304394723, 4598.362478311539, 4833.5402149005895, 4795.506606737518, 4494.463789034271, 5126.441129912567]
shares:[0, 7.1327, 14.1899, 22.0024, 29.4484, 36.7423, 44.2442, 50.7083, 57.9285, 65.1487, 70.5337, 75.9158, 80.68, 85.5391, 90.7366, 96.2161, 101.8404, 107.4901, 112.5817, 117.7099, 122.5315, 127.6414, 132.1378, 136.5509, 140.6309, 144.3595, 148.1175, 151.7082, 155.2745, 159.0114, 162.7414, 166.5758, 170.5726, 174.5614, 178.5439, 182.5439, 186.604, 190.6509, 194.5269, 198.3671, 201.8357, 205.5684, 209.3067, 213.4236, 217.8076, 222.9122, 227.9961, 233.0645, 237.9882, 243.0566, 248.5876, 253.5332]
growth_rate:0.52
