ticker:HAAC
price:[11.649999618530273, 12.1899995803833, 11.5, 12.390000343322754, 13.710000038146973, 14.600000381469727, 11.75, 10.529999732971191, 11.390000343322754, 10.779999732971191, 10.520000457763672, 10.399999618530273, 10.699999809265137, 10.529999732971191, 10.260000228881836, 10.270000457763672, 10.109999656677246, 10.050000190734863, 10.039999961853027, 10.069999694824219, 10.069999694824219, 10.180000305175781, 10.079999923706055, 10.039999961853027, 10.010000228881836, 10.010000228881836, 9.949999809265137, 9.84000015258789, 9.760000228881836, 9.720000267028809, 9.710000038146973, 9.699999809265137, 9.699999809265137, 9.699999809265137]
assets:[0, 99.99944255771638, 194.33965, 309.37954757280346, 442.33944123077396, 571.0541949205399, 559.580825, 601.4799027471543, 750.6033006250382, 810.403727925682, 890.8578347644806, 980.6960440282822, 1108.9854302315712, 1191.3662757883071, 1260.8185961265563, 1362.0475137104033, 1440.8276120713233, 1532.2762940804482, 1630.7520138039588, 1735.624867401123, 1835.6249993705749, 1955.6768046272277, 2036.4654085863115, 2128.384611913204, 2222.0248558073044, 2322.024758093834, 2408.106913838196, 2481.484694480133, 2561.3100280653002, 2650.8132008234024, 2748.0863417962073, 2845.25632405262, 2945.2565320862773, 3045.2567401199344]
shares:[0, 8.2034, 16.8991, 24.9701, 32.264, 39.1133, 47.6239, 57.1206, 65.9002, 75.1766, 84.6823, 94.2977, 103.6435, 113.1402, 122.8868, 132.6239, 142.5151, 152.4653, 162.4255, 172.356, 182.2865, 192.1097, 202.0303, 211.9905, 221.9805, 231.9705, 242.0208, 252.1834, 262.4293, 272.7174, 283.0161, 293.3254, 303.6347, 313.944]
growth_rate:-7.72
