ticker:HAACW
price:[2.875999927520752, 2.8399999141693115, 2.5999999046325684, 3.700000047683716, 4.25, 4.900000095367432, 3.869999885559082, 2.6050000190734863, 3.9100000858306885, 3.1500000953674316, 2.50600004196167, 2.809999942779541, 2.9000000953674316, 2.5399999618530273, 2.2799999713897705, 2.309999942779541, 1.8799999952316284, 1.5800000429153442, 1.6399999856948853, 1.7899999618530273, 1.7599999904632568, 1.8899999856948853, 1.7999999523162842, 1.75, 1.7799999713897705, 1.7000000476837158, 1.5299999713897705, 1.6299999952316284, 1.3899999856948853, 1.399999976158142, 1.4299999475479126, 1.2200000286102295, 1.100000023841858, 1.125]
assets:[0, 100.00008897778989, 191.54927297401426, 372.5892648017406, 527.9741, 708.7232737936974, 659.7467444904328, 544.0930684837818, 916.6615931221723, 838.4868703855038, 767.0628058440685, 960.1143174490452, 1090.8654858734608, 1055.4477081487655, 1047.409642856741, 1161.1912332364082, 1045.0387933493973, 978.2772505715847, 1115.4269662705422, 1317.447668923664, 1395.3675924390554, 1598.4346019016982, 1622.3187170232295, 1677.254425, 1806.0073729717494, 1824.838531185341, 1742.354634418845, 1956.2340622772695, 1768.1995218026639, 1880.9204079681158, 2021.225846861875, 1824.4025607840777, 1744.9531378208399, 1884.6111375]
shares:[0, 35.2113, 73.6728, 100.6998, 124.2292, 144.6374, 170.4772, 208.8649, 234.4403, 266.1863, 306.0905, 341.6777, 376.1605, 415.5306, 459.3902, 502.6802, 555.8717, 619.1628, 680.1384, 736.0043, 792.8225, 845.7326, 901.2882, 958.4311, 1014.6109, 1073.4344, 1138.7939, 1200.1436, 1272.086, 1343.5146, 1413.4447, 1495.4119, 1586.321, 1675.2099]
growth_rate:-42.89
