ticker:HAACU
price:[10.199999809265137, 10.199999809265137, 10.399999618530273, 10.600000381469727, 10.880000114440918, 11.359999656677246, 11.949999809265137, 11.020000457763672, 11.489999771118164, 12.109999656677246, 12.75, 12.15999984741211, 13.15999984741211, 14.649999618530273, 15.8100004196167, 12.609999656677246, 11.300000190734863, 12.380000114440918, 11.529999732971191, 11.020000457763672, 10.979999542236328, 11.359999656677246, 11.069999694824219, 10.760000228881836, 10.789999961853027, 10.550000190734863, 10.420000076293945, 10.449999809265137, 10.538999557495117, 10.489999771118164, 10.609999656677246, 10.520000457763672, 10.451000213623047, 10.4399995803833, 10.399999618530273, 10.319999694824219, 10.229999542236328, 10.09000015258789, 10.050000190734863, 10.039999961853027, 9.979999542236328, 10.020000457763672, 10.0]
assets:[0, 99.99977813005448, 201.96071259212493, 305.84499100666045, 413.9241643538475, 532.185311916256, 659.8252144684791, 708.4747274295808, 838.6907022932053, 983.9459491047859, 1135.94595, 1183.3807851505278, 1380.6984919910433, 1637.0231873737334, 1866.6440625430107, 1588.8284317421912, 1523.7722557200434, 1769.4065643564225, 1747.9202875190736, 1770.6055135498048, 1864.1788322811128, 2028.694866688633, 2076.9057417442323, 2118.745189068985, 2224.651980134964, 2275.1697861330986, 2347.134193185425, 2453.89194521122, 2574.791413091278, 2662.820354899788, 2793.2818776138306, 2869.5878648662565, 2950.766753314972, 3047.6603375048635, 3135.9836449728014, 3211.8604810211186, 3283.850313056946, 3338.9102024932863, 3425.6732150144576, 3522.264914617157, 3601.214970819092, 3715.6486337493893, 3808.232]
shares:[0, 9.8039, 19.4193, 28.8533, 38.0445, 46.8473, 55.2155, 64.2899, 72.9931, 81.2507, 89.0938, 97.3175, 104.9163, 111.7422, 118.0673, 125.9975, 134.8471, 142.9246, 151.5976, 160.672, 169.7795, 178.5823, 187.6157, 196.9094, 206.1772, 215.6559, 225.2528, 234.8222, 244.3108, 253.8437, 263.2688, 272.7745, 282.343, 291.9215, 301.5369, 311.2268, 321.002, 330.9128, 340.863, 350.8232, 360.8432, 370.8232, 380.8232]
growth_rate:-9.33
