ticker:HAFC
price:[9.680000305175781, 8.949999809265137, 8.59000015258789, 7.739999771118164, 8.380000114440918, 8.789999961853027, 8.5600004196167, 9.260000228881836, 8.989999771118164, 9.029999732971191, 10.15999984741211, 10.279999732971191, 10.600000381469727, 10.920000076293945, 11.09000015258789, 11.420000076293945, 11.489999771118164, 11.34000015258789, 12.460000038146973, 12.8100004196167, 12.470000267028809, 13.819999694824219, 14.75, 15.3100004196167, 16.459999084472656, 17.1200008392334, 18.780000686645508, 21.639999389648438, 20.31999969482422, 19.719999313354492, 19.920000076293945, 20.079999923706055, 20.3700008392334, 20.479999542236328, 20.299999237060547, 21.5, 21.600000381469727, 21.360000610351562, 20.979999542236328, 21.309999465942383, 20.75, 18.809999465942383, 19.75, 18.729999542236328, 18.270000457763672, 17.690000534057617, 17.3700008392334, 18.229999542236328, 19.139999389648438, 19.030000686645508, 18.81999969482422, 19.6200008392334]
assets:[0, 100.00013786888123, 195.97741748123167, 276.585021821022, 399.45533145513537, 518.9993947476387, 605.4188696780205, 754.927074659729, 832.9153877943039, 936.6213713028907, 1153.8285106712342, 1267.4561190771103, 1406.910490631485, 1549.3831188249587, 1673.5032030258178, 1823.3012241809845, 1934.477043465042, 2009.222361035538, 2307.664275065041, 2472.4863629911424, 2506.861611681175, 2878.254022441864, 3171.94325, 3392.3699899781227, 3747.184631576538, 3997.4363079568866, 4485.037885984611, 5268.063091415405, 5046.721860205841, 4997.704501981163, 5148.3917477184295, 5289.744659901618, 5466.141024202156, 5595.658114927292, 5646.47726778717, 6080.2602, 6208.539949646758, 6239.555218292236, 6228.550656098938, 6426.520468942642, 6357.640224999999, 5863.238599529647, 6256.245025, 6033.137009549332, 5984.967137956238, 5894.968014967919, 5888.333012495422, 6279.868419309616, 6693.345830557251, 6754.879528731346, 6780.337750053406, 7168.5557826305385]
shares:[0, 11.1732, 22.8146, 35.7345, 47.6677, 59.0443, 70.7265, 81.5256, 92.6491, 103.7233, 113.5658, 123.2934, 132.7274, 141.8849, 150.902, 159.6586, 168.3618, 177.1801, 185.2058, 193.0122, 201.0314, 208.2673, 215.047, 221.5787, 227.654, 233.4951, 238.8199, 243.441, 248.3623, 253.4333, 258.4534, 263.4335, 268.3427, 273.2255, 278.1516, 282.8028, 287.4324, 292.114, 296.8804, 301.573, 306.3923, 311.7086, 316.7719, 322.1109, 327.5844, 333.2373, 338.9944, 344.4799, 349.7046, 354.9595, 360.273, 365.3698]
growth_rate:40.56
