ticker:HAIN
price:[33.029998779296875, 32.310001373291016, 35.380001068115234, 33.16999816894531, 35.630001068115234, 35.84000015258789, 36.209999084472656, 35.130001068115234, 30.75, 32.58000183105469, 36.470001220703125, 36.86000061035156, 37.630001068115234, 37.79999923706055, 37.56999969482422, 38.290000915527344, 40.0, 40.150001525878906, 40.38999938964844, 40.36000061035156, 39.959999084472656, 41.59000015258789, 40.79999923706055, 44.11000061035156, 43.41999816894531, 42.18000030517578, 43.56999969482422, 43.9900016784668, 44.81999969482422, 45.209999084472656, 44.279998779296875, 42.560001373291016, 42.720001220703125, 40.900001525878906, 41.0099983215332, 40.560001373291016, 40.66999816894531, 40.5, 40.7599983215332, 40.619998931884766, 41.63999938964844, 40.31999969482422, 40.56999969482422, 39.849998474121094, 40.029998779296875, 39.650001525878906, 39.810001373291016, 39.90999984741211, 40.04999923706055, 41.81999969482422, 40.310001373291016, 36.119998931884766]
assets:[0, 99.9994542503357, 209.50267632484437, 296.41705463714595, 418.3995395427704, 520.866306217575, 626.2446921661376, 707.5674035133362, 719.34705, 862.158072454834, 1065.0990916503906, 1176.490127481079, 1301.0685759304047, 1406.946211602783, 1498.385512828827, 1627.0991279045106, 1799.7640000000001, 1906.5147924560547, 2017.9126425064087, 2116.4138560058595, 2195.4383137001037, 2384.9910357501985, 2439.688994379044, 2737.616611880493, 2794.7933121414185, 2814.979334366608, 3007.746003932953, 3136.73786268425, 3295.9193535583495, 3424.598657649994, 3454.154292776489, 3419.9812623531343, 3532.837300949097, 3482.3283799171445, 3591.692561998367, 3652.2821076599125, 3762.18631461792, 3846.45915, 3971.1528884708405, 4057.5113833065034, 4259.397177566529, 4224.374752026367, 4350.568544274139, 4373.358007541657, 4493.111170983887, 4550.460180118561, 4668.821417056275, 4780.5474937225335, 4897.317911707688, 5213.753727953339, 5125.501325616837, 4692.731933229828]
shares:[0, 3.095, 5.9215, 8.9363, 11.7429, 14.5331, 17.2948, 20.1414, 23.3934, 26.4628, 29.2048, 31.9178, 34.5753, 37.2208, 39.8825, 42.4941, 44.9941, 47.4848, 49.9607, 52.4384, 54.9409, 57.3453, 59.7963, 62.0634, 64.3665, 66.7373, 69.0325, 71.3057, 73.5368, 75.7487, 78.0071, 80.3567, 82.6975, 85.1425, 87.5809, 90.0464, 92.5052, 94.9743, 97.4277, 99.8895, 102.291, 104.7712, 107.2361, 109.7455, 112.2436, 114.7657, 117.2776, 119.7832, 122.2801, 124.6713, 127.1521, 129.9206]
growth_rate:-7.99
