ticker:HALL
price:[3.059999942779541, 3.0, 2.9100000858306885, 2.700000047683716, 2.7300000190734863, 2.759999990463257, 2.8399999141693115, 3.109999895095825, 2.7100000381469727, 2.740000009536743, 3.2899999618530273, 3.2799999713897705, 3.380000114440918, 3.4800000190734863, 3.369999885559082, 3.309999942779541, 3.299999952316284, 3.559999942779541, 3.369999885559082, 3.609999895095825, 3.549999952316284, 3.5999999046325684, 4.260000228881836, 3.8499999046325684, 3.9000000953674316, 3.690000057220459, 3.630000114440918, 3.9700000286102295, 4.5, 4.119999885559082, 3.940000057220459, 3.7200000286102295, 4.010000228881836, 4.039999961853027, 3.9700000286102295, 3.890000104904175, 4.21999979019165, 4.5, 4.400000095367432, 4.590000152587891, 4.639999866485596, 4.349999904632568, 4.420000076293945, 4.349999904632568, 4.960000038146973, 4.789999961853027, 5.090000152587891, 4.769999980926514, 4.78000020980835, 3.7300000190734863, 3.630000114440918, 3.7699999809265137]
assets:[0, 99.9999, 197.0000218105316, 282.7834249941349, 385.92536069631575, 490.16633830630775, 604.37413373456, 761.832105302453, 763.8473857522011, 872.3033890361071, 1147.4006466960907, 1243.913093149805, 1381.8373347866059, 1522.7199443458558, 1574.5879625289917, 1646.55384453578, 1741.579264834857, 1978.7946401945112, 1973.1848089931489, 2213.7082516711234, 2276.9152994163987, 2408.984576183701, 2950.6320745319367, 2766.6507414679527, 2902.581310977364, 2846.2885551371096, 2900.0074544268605, 3271.6333535773756, 3808.4004, 3586.8018603696823, 3530.097029267454, 3432.984914402819, 3800.610447930336, 3929.0437869007114, 3960.966293545127, 3981.1482533622266, 4418.880362303781, 4812.07635, 4805.141544148636, 5112.636388962173, 5268.329160405636, 5039.058594525956, 5220.14694410534, 5237.474705175972, 6071.925406698704, 5963.814839504909, 6437.331845978165, 6132.627272477865, 6245.484222132779, 4973.568224432516, 4940.228690747738, 5230.760742536116]
shares:[0, 33.3333, 67.6976, 104.7346, 141.3646, 177.5965, 212.8078, 244.9621, 281.8625, 318.3589, 348.754, 379.2418, 408.8276, 437.5632, 467.2368, 497.4483, 527.7513, 555.8412, 585.5148, 613.2156, 641.3846, 669.1624, 692.6366, 718.6106, 744.2516, 771.3519, 798.9001, 824.089, 846.3112, 870.583, 895.9637, 922.8454, 947.7831, 972.5356, 997.7245, 1023.4314, 1047.1281, 1069.3503, 1092.0776, 1113.8641, 1135.4158, 1158.4043, 1181.0287, 1204.0172, 1224.1785, 1245.0553, 1264.7017, 1285.6661, 1306.5866, 1333.3963, 1360.9445, 1387.4697]
growth_rate:2.56
