ticker:HALO
price:[27.700000762939453, 27.049999237060547, 27.739999771118164, 26.059999465942383, 25.809999465942383, 28.549999237060547, 28.760000228881836, 31.100000381469727, 28.0, 37.689998626708984, 38.849998474121094, 39.45000076293945, 40.22999954223633, 40.119998931884766, 41.04999923706055, 42.90999984741211, 42.90999984741211, 42.709999084472656, 43.56999969482422, 47.43000030517578, 49.5, 47.59000015258789, 48.91999816894531, 49.84000015258789, 49.68000030517578, 45.25, 40.90999984741211, 44.369998931884766, 44.130001068115234, 41.40999984741211, 42.43000030517578, 42.77000045776367, 46.40999984741211, 50.459999084472656, 49.95000076293945, 47.56999969482422, 43.029998779296875, 42.209999084472656, 41.40999984741211, 39.470001220703125, 42.790000915527344, 41.40999984741211, 45.13999938964844, 46.41999816894531, 45.5, 42.04999923706055, 42.88999938964844, 41.33000183105469, 40.5, 41.470001220703125, 39.54999923706055, 42.0099983215332]
assets:[0, 100.00114217948914, 202.55193032875061, 290.28494005107876, 387.5010079818726, 528.6374958732605, 632.5273130338669, 783.990579616356, 805.8428, 1184.7210338329314, 1321.1835531089782, 1441.5898178794862, 1570.0923991344453, 1665.7984036514283, 1804.414291463852, 1986.1751629371643, 2086.1769175815584, 2176.4545723457336, 2320.2811207481386, 2625.843391895294, 2840.44365, 2830.843569076538, 3009.959431338501, 3166.5644736946106, 3256.3998200035094, 3066.02235, 2871.9556272880554, 3214.85489460907, 3297.464287811279, 3194.222453229904, 3372.9007432594303, 3499.9290154594423, 3897.794888184738, 4337.940155294037, 4394.096572115707, 4284.729769512177, 3975.8040702117924, 4000.039005239868, 4024.2279261714934, 3935.699860720825, 4366.7495464302065, 4325.9204800598145, 4815.575760887145, 5052.12514271698, 5051.99695, 4768.932463474273, 4964.195754356385, 4883.635676361084, 4885.55955, 5102.572625198364, 4966.328999197006, 5375.2338982379915]
shares:[0, 3.6969, 7.3018, 11.1391, 15.0136, 18.5162, 21.9933, 25.2087, 28.7801, 31.4333, 34.0073, 36.5422, 39.0279, 41.5204, 43.9565, 46.287, 48.6175, 50.9589, 53.2541, 55.3625, 57.3827, 59.484, 61.5282, 63.5346, 65.5475, 67.7574, 70.2018, 72.4556, 74.7216, 77.1365, 79.4933, 81.8314, 83.9861, 85.9679, 87.9699, 90.0721, 92.3961, 94.7652, 97.1801, 99.7137, 102.0507, 104.4656, 106.6809, 108.8351, 111.0329, 113.411, 115.7425, 118.162, 120.6311, 123.0425, 125.5709, 127.9513]
growth_rate:5.4
