ticker:HAPP
price:[1.9600000381469727, 2.0, 2.0399999618530273, 1.7999999523162842, 1.690000057220459, 1.7999999523162842, 1.75, 1.7400000095367432, 1.6799999475479126, 1.7300000190734863, 1.7899999618530273, 1.909999966621399, 1.9600000381469727, 1.8300000429153442, 1.850000023841858, 1.8799999952316284, 1.8300000429153442, 1.840000033378601, 1.8300000429153442, 2.0199999809265137, 1.9600000381469727, 2.009999990463257, 2.119999885559082, 2.390000104904175, 2.3299999237060547, 1.9900000095367432, 1.8700000047683716, 2.0399999618530273, 2.130000114440918, 1.9800000190734863, 2.0799999237060547, 2.0, 1.8350000381469727, 1.7100000381469727, 1.7799999713897705, 1.7200000286102295, 1.649999976158142, 1.7599999904632568, 1.7400000095367432, 1.7100000381469727, 1.659999966621399, 1.5499999523162842, 1.600000023841858, 1.600000023841858, 1.5199999809265137, 1.409999966621399, 1.440000057220459, 1.4500000476837158, 1.2100000381469727, 1.1200000047683716, 1.090000033378601, 1.090000033378601]
assets:[0, 100.0, 201.99998022270202, 278.2353526292801, 361.23210423069, 484.74430715866083, 571.279275, 668.014887661314, 744.9798487406254, 867.1519565604686, 997.2265207479476, 1164.0796576568841, 1294.5529771955491, 1308.689760690093, 1422.9924533388019, 1546.0680040786028, 1604.9491996376753, 1713.719359087801, 1804.4056623151303, 2091.7483602490424, 2129.6172654481884, 2283.9440951634883, 2508.935912563705, 2928.4704745392323, 2954.9522702425006, 2623.7577005739213, 2565.541083541954, 2898.772013794422, 3126.6593309895516, 3006.472024961567, 3258.313848485756, 3232.9942, 3066.272218743324, 2957.3980409741403, 3178.461042912078, 3171.3219487513065, 3142.2564895956157, 3451.740317296386, 3512.5160952517035, 3551.9554782376294, 3548.0970426563144, 3412.9820950040817, 3623.078453988075, 3723.0784554781912, 3636.9244743626114, 3473.725972767293, 3647.6352009439947, 3772.965954075193, 3248.475002412796, 3106.852797227347, 3123.6335876536846, 3223.6335697159407]
shares:[0, 50.0, 99.0196, 154.5752, 213.7468, 269.3024, 326.4453, 383.9166, 443.4404, 501.2439, 557.1098, 609.4658, 660.4862, 715.131, 769.1851, 822.3766, 877.0214, 931.3692, 986.014, 1035.519, 1086.5394, 1136.2906, 1183.4604, 1225.3014, 1268.2199, 1318.4712, 1371.9471, 1420.9667, 1467.9151, 1518.4202, 1566.4971, 1616.4971, 1670.993, 1729.4725, 1785.6523, 1843.7918, 1904.3979, 1961.2161, 2018.6874, 2077.1669, 2137.4079, 2201.924, 2264.424, 2326.924, 2392.7135, 2463.6355, 2533.0799, 2602.0454, 2684.69, 2773.9757, 2865.7188, 2957.4619]
growth_rate:-36.79
