ticker:HARP
price:[13.770000457763672, 14.829999923706055, 18.520000457763672, 15.470000267028809, 16.43000030517578, 16.799999237060547, 16.200000762939453, 15.34000015258789, 14.470000267028809, 15.550000190734863, 15.600000381469727, 14.609999656677246, 14.84000015258789, 13.539999961853027, 12.829999923706055, 14.880000114440918, 16.479999542236328, 16.610000610351562, 21.040000915527344, 23.399999618530273, 21.700000762939453, 19.280000686645508, 19.920000076293945, 20.40999984741211, 19.1200008392334, 19.290000915527344, 17.649999618530273, 19.510000228881836, 19.06999969482422, 19.75, 20.239999771118164, 22.670000076293945, 20.0, 20.530000686645508, 22.639999389648438, 22.420000076293945, 19.219999313354492, 20.3700008392334, 20.6200008392334, 15.859999656677246, 15.329999923706055, 15.020000457763672, 14.619999885559082, 13.899999618530273, 13.5600004196167, 12.300000190734863, 11.489999771118164, 9.789999961853027, 9.460000038146973, 8.970000267028809, 8.640000343322754, 9.65999984741211]
assets:[0, 100.0001724855423, 224.88280955848694, 287.84720096855165, 405.70928353576664, 514.8460566192628, 596.4581080902099, 664.7941886127472, 727.0900204176903, 881.3584608106613, 984.1931040666581, 1021.7342549901008, 1137.8184276992797, 1138.1439627934456, 1178.462435992241, 1466.7588112807275, 1724.4753920993805, 1838.0792775421144, 2428.3085616645812, 2800.6851143428803, 2697.2167848300933, 2496.4207609085083, 2679.2898102617264, 2845.1968397289274, 2765.367785380173, 2889.954635160828, 2744.255475688362, 3133.4523617601394, 3162.7842403862, 3375.5633500000004, 3559.3112317499163, 4086.639301753235, 3705.328, 3903.5188995569233, 4404.709233253479, 4461.907347183609, 3925.060209774971, 4259.911054506111, 4412.193547576142, 3493.6661003723143, 3476.917566696167, 3506.608358870697, 3513.2225224995614, 3440.2040355875015, 3456.0549349482535, 3234.917270163536, 3121.885791811753, 2759.98797824564, 2766.954465157604, 2723.6347350801466, 2723.4343802195554, 3144.9510883228304]
shares:[0, 6.7431, 12.1427, 18.6068, 24.6932, 30.6456, 36.8184, 43.3373, 50.2481, 56.679, 63.0893, 69.9339, 76.6724, 84.0579, 91.8521, 98.5725, 104.6405, 110.661, 115.4139, 119.6874, 124.2957, 129.4824, 134.5025, 139.4021, 144.6322, 149.8162, 155.4819, 160.6075, 165.8513, 170.9146, 175.8553, 180.2664, 185.2664, 190.1373, 194.5543, 199.0146, 204.2175, 209.1267, 213.9764, 220.2816, 226.8048, 233.4626, 240.3025, 247.4967, 254.8713, 263.0014, 271.7046, 281.9191, 292.4899, 303.6382, 315.2123, 325.5643]
growth_rate:-38.33
