ticker:HAS
price:[79.05999755859375, 78.6500015258789, 79.91000366210938, 76.97000122070312, 82.97000122070312, 89.16000366210938, 87.5999984741211, 92.0, 82.72000122070312, 84.33999633789062, 87.72000122070312, 93.0199966430664, 92.31999969482422, 91.06999969482422, 89.0, 93.80999755859375, 93.1500015258789, 93.54000091552734, 97.26000213623047, 97.19999694824219, 97.4800033569336, 93.81999969482422, 97.27999877929688, 91.4800033569336, 90.0, 93.70999908447266, 94.79000091552734, 94.88999938964844, 95.93000030517578, 98.5, 95.45999908447266, 95.23999786376953, 98.0, 97.1500015258789, 99.44999694824219, 99.1500015258789, 96.30000305175781, 94.05999755859375, 95.97000122070312, 95.23999786376953, 97.47000122070312, 91.02999877929688, 93.54000091552734, 96.6500015258789, 97.9800033569336, 94.04000091552734, 92.41000366210938, 99.44000244140625, 97.98999786376953, 100.26000213623047, 95.83999633789062, 98.44999694824219]
assets:[0, 100.00347694015504, 201.60494823913572, 294.1870416656494, 417.1233841369629, 548.2448625183106, 638.6565488754272, 770.7392, 792.9952917022705, 908.5273085510254, 1044.93819854126, 1208.069300402832, 1298.9793237060546, 1381.3952903709412, 1449.9969, 1628.3633186218262, 1716.9035681243895, 1824.095495853424, 1996.6408578544617, 2095.4083742111206, 2201.4494038116454, 2218.7960827827455, 2400.6271698760984, 2357.494574510193, 2419.353, 2619.0820224121094, 2749.2702285537716, 2852.175134654236, 2983.4326024909974, 3163.3570499999996, 3165.7304036384585, 3258.4365229133605, 3452.8634, 3522.9116453323363, 3706.312431266784, 3795.134863405609, 3786.044249980164, 3797.9827994201664, 3975.1062415618894, 4044.871281273651, 4239.584414096069, 4059.4645895629883, 4271.401247806549, 4513.4197612564085, 4675.527376190185, 4587.5157486618045, 4607.997109609985, 5058.542756195068, 5084.779381149292, 5302.571044981384, 5168.804346496582, 5409.561517314148]
shares:[0, 1.2715, 2.5229, 3.8221, 5.0274, 6.149, 7.2906, 8.3776, 9.5865, 10.7722, 11.9122, 12.9872, 14.0704, 15.1685, 16.2921, 17.3581, 18.4316, 19.5007, 20.5289, 21.5577, 22.5836, 23.6495, 24.6775, 25.7706, 26.8817, 27.9488, 29.0038, 30.0577, 31.1001, 32.1153, 33.1629, 34.2129, 35.2333, 36.2626, 37.2681, 38.2767, 39.3151, 40.3783, 41.4203, 42.4703, 43.4963, 44.5948, 45.6639, 46.6986, 47.7192, 48.7826, 49.8647, 50.8703, 51.8908, 52.8882, 53.9316, 54.9473]
growth_rate:6.07
