ticker:HAYN
price:[19.65999984741211, 18.209999084472656, 19.440000534057617, 17.3700008392334, 17.739999771118164, 18.06999969482422, 17.520000457763672, 17.3700008392334, 16.209999084472656, 17.450000762939453, 20.8700008392334, 22.6200008392334, 22.489999771118164, 24.84000015258789, 24.690000534057617, 24.700000762939453, 24.90999984741211, 23.84000015258789, 24.75, 24.540000915527344, 23.8700008392334, 23.190000534057617, 22.760000228881836, 25.209999084472656, 29.15999984741211, 27.93000030517578, 30.149999618530273, 32.95000076293945, 30.170000076293945, 29.209999084472656, 29.790000915527344, 28.989999771118164, 29.520000457763672, 28.5, 29.239999771118164, 32.95000076293945, 31.989999771118164, 33.529998779296875, 34.79999923706055, 36.459999084472656, 37.0, 33.95000076293945, 35.189998626708984, 35.099998474121094, 35.779998779296875, 35.779998779296875, 36.36000061035156, 37.72999954223633, 37.27000045776367, 38.13999938964844, 36.75, 39.59000015258789]
assets:[0, 100.0002099723816, 206.7541256799698, 284.73947575721746, 390.80509895782467, 498.0742435882569, 582.9149432304382, 677.9250777540207, 732.6514336204528, 888.697128855133, 1162.8722727619172, 1360.382684472084, 1452.5638642171862, 1704.3444464694976, 1794.0519778062821, 1894.7790485263822, 2010.8896296821595, 2024.5118849578857, 2201.7897000000003, 2283.108433177185, 2320.7751535949706, 2354.6616362270356, 2411.0009642457962, 2770.533521385193, 3304.6327987075806, 3265.2404756774904, 3624.7746591379164, 4061.403914039612, 3818.743623656845, 3797.232697983551, 3972.6306770896913, 3965.947928688049, 4138.453144174576, 4095.45855, 4301.797538326835, 4947.613954559326, 4903.465552916718, 5239.518317248535, 5537.974438587952, 5902.141005794525, 6089.556200000001, 5687.579122813797, 5995.313028032684, 6079.979615689086, 6297.769971139526, 6397.771489727784, 6601.481714814758, 6950.216804675675, 6965.479833552552, 7228.07528632965, 7064.65095, 7710.599896718216]
shares:[0, 5.4915, 10.6355, 16.3926, 22.0296, 27.5636, 33.2714, 39.0285, 45.1975, 50.9282, 55.7198, 60.1407, 64.5871, 68.6129, 72.6631, 76.7117, 80.7262, 84.9208, 88.9612, 93.0362, 97.2256, 101.5378, 105.9315, 109.8982, 113.3276, 116.908, 120.2247, 123.2596, 126.5742, 129.9977, 133.3545, 136.804, 140.1915, 143.7003, 147.1203, 150.1552, 153.2812, 156.2636, 159.1372, 161.8799, 164.5826, 167.5281, 170.3698, 173.2188, 176.0137, 178.8086, 181.5589, 184.2093, 186.8924, 189.5143, 192.2354, 194.7613]
growth_rate:51.19
