ticker:HBANP
price:[24.969999313354492, 25.15999984741211, 24.850000381469727, 24.209999084472656, 24.860000610351562, 25.170000076293945, 25.049999237060547, 25.469999313354492, 25.184999465942383, 25.25, 25.049999237060547, 25.530000686645508, 25.149999618530273, 25.510000228881836, 25.200000762939453, 25.34000015258789, 25.649999618530273, 25.739999771118164, 26.030000686645508, 25.90999984741211, 26.559999465942383, 26.280000686645508, 26.25, 26.030000686645508, 25.84000015258789, 26.18000030517578, 25.850000381469727]
assets:[0, 100.00093539352417, 198.7676980512619, 293.64792089538577, 401.53127185821535, 506.53870053539276, 604.1233166004181, 714.2526437444686, 806.2599804029464, 908.340975, 1001.1457645084381, 1120.330467131996, 1203.6538317432403, 1320.8823018512726, 1404.8320025318146, 1512.6358331085205, 1631.1399057415008, 1736.8631125556944, 1856.4310159708023, 1947.8723325286865, 2096.7393178396223, 2174.635892819023, 2272.15275, 2353.1094590726852, 2435.9342303844455, 2567.9857579345703, 2635.6169238939287]
shares:[0, 3.9746, 7.9987, 12.1292, 16.1517, 20.1247, 24.1167, 28.0429, 32.0135, 35.9739, 39.9659, 43.8829, 47.859, 51.779, 55.7473, 59.6936, 63.5922, 67.4772, 71.3189, 75.1784, 78.9435, 82.7487, 86.5582, 90.3999, 94.2699, 98.0896, 101.9581]
growth_rate:1.37
