ticker:HBANN
price:[26.6200008392334, 26.899999618530273, 26.81999969482422, 26.719999313354492, 27.0, 27.100000381469727, 26.700000762939453, 26.729999542236328, 26.56999969482422, 26.43000030517578, 26.450000762939453, 26.719999313354492, 26.719999313354492, 26.649999618530273, 26.600000381469727, 26.610000610351562, 26.700000762939453, 26.469999313354492, 26.1299991607666, 25.799999237060547, 25.84000015258789, 25.81999969482422, 25.979999542236328, 25.690000534057617, 25.510000228881836, 25.530000686645508, 25.6299991607666, 25.665000915527344, 25.753000259399414, 26.04599952697754, 25.809999465942383, 26.020000457763672, 25.989999771118164, 26.049999237060547, 26.1200008392334, 25.940000534057617, 25.68000030517578, 26.3700008392334, 26.260000228881836, 26.256000518798828, 25.860000610351562, 26.059999465942383, 26.059999465942383, 25.3799991607666, 25.520000457763672, 25.867000579833984, 25.979999542236328, 25.899999618530273, 26.299999237060547, 25.8799991607666, 26.040000915527344, 26.010000228881836]
assets:[0, 100.00074858188628, 199.70439972763063, 298.9593843173981, 402.0921, 503.5803370885849, 596.1469370346069, 696.8163390666962, 792.6442018959045, 888.4682472587587, 989.1400985313416, 1099.2367237520218, 1199.236321182251, 1296.0934164476394, 1393.661799986458, 1494.1861272720337, 1599.2392656974791, 1685.4639712781907, 1763.8141383504865, 1841.539445543289, 1944.3954114818573, 2042.8912858543397, 2155.5501700195314, 2231.4899643894196, 2315.8539427783967, 2417.6706410247803, 2527.1409842508315, 2630.593298339081, 2739.6118934949877, 2870.782254063606, 2944.7712410671234, 3068.731201987457, 3165.1921221256257, 3272.499894156647, 3381.294184640694, 3457.9940271938326, 3523.3345618705753, 3718.003987326622, 3802.4953011425014, 3901.9173650989533, 3943.0682430648803, 4073.5636045188903, 4173.563640469551, 4164.659898288345, 4287.633140909195, 4445.932111859894, 4565.3536055591585, 4651.29546149311, 4823.130560085297, 4846.107482851028, 4976.0671029510495, 5070.334823617744]
shares:[0, 3.7175, 7.4461, 11.1886, 14.8923, 18.5823, 22.3276, 26.0687, 29.8323, 33.6159, 37.3966, 41.1391, 44.8816, 48.6339, 52.3933, 56.1513, 59.8966, 63.6745, 67.5015, 71.3775, 75.2475, 79.1205, 82.9696, 86.8622, 90.7822, 94.6992, 98.6009, 102.4973, 106.3803, 110.2197, 114.0942, 117.9374, 121.785, 125.6238, 129.4523, 133.3074, 137.2015, 140.9937, 144.8018, 148.6105, 152.4775, 156.3148, 160.1521, 164.0922, 168.0107, 171.8766, 175.7257, 179.5867, 183.389, 187.253, 191.0932, 194.9379]
growth_rate:-0.58
