ticker:HBAN
price:[9.9399995803833, 9.680000305175781, 9.6899995803833, 8.819999694824219, 9.329999923706055, 9.850000381469727, 9.670000076293945, 10.470000267028809, 10.4399995803833, 10.149999618530273, 11.59000015258789, 11.75, 12.460000038146973, 13.109999656677246, 12.930000305175781, 12.390000343322754, 12.350000381469727, 12.630000114440918, 14.430000305175781, 14.760000228881836, 13.84000015258789, 13.229999542236328, 14.069999694824219, 14.449999809265137, 15.300000190734863, 15.34000015258789, 16.229999542236328, 16.700000762939453, 15.979999542236328, 16.079999923706055, 15.979999542236328, 16.270000457763672, 16.18000030517578, 14.899999618530273, 15.319999694824219, 15.800000190734863, 15.850000381469727, 15.739999771118164, 15.859999656677246, 15.630000114440918, 14.470000267028809, 13.270000457763672, 14.609999656677246, 14.350000381469727, 14.270000457763672, 13.850000381469727, 13.819999694824219, 14.079999923706055, 14.720000267028809, 15.149999618530273, 14.760000228881836, 15.649999618530273]
assets:[0, 100.00021115264893, 200.10333633470538, 282.13767823791505, 398.4516417417526, 520.659200164032, 611.144971821785, 761.7050834266662, 859.522033453083, 935.6462498353958, 1168.3879153823852, 1284.51705, 1462.134902476406, 1638.4104080935479, 1715.9157734992982, 1744.2530973326684, 1838.6223617918013, 1980.3082379436494, 2362.5373699645993, 2516.566755024147, 2459.7071071186065, 2451.295328184128, 2706.9328692871095, 2880.0410219844816, 3149.4545492621423, 3257.688336404419, 3546.693109966278, 3749.400671291351, 3687.7492383605954, 3810.8265179189684, 3887.126898649216, 4057.669780164337, 4135.224611995697, 3908.0866299451823, 4118.247249964142, 4347.278412479592, 4461.034912365913, 4530.07424412632, 4664.611461024761, 4696.966645390606, 4448.37471709013, 4179.470245175552, 4701.511038518429, 4717.842450415611, 4791.540797706604, 4750.514120843125, 4840.2240991172785, 5031.285220737457, 5359.9804492329595, 5616.556328577804, 5571.972410404015, 6007.951908555794]
shares:[0, 10.3306, 20.6505, 31.9884, 42.7065, 52.8588, 63.2001, 72.7512, 82.3297, 92.1819, 100.81, 109.3206, 117.3463, 124.9741, 132.7081, 140.7791, 148.8763, 156.794, 163.724, 170.4991, 177.7245, 185.2831, 192.3904, 199.3108, 205.8467, 212.3656, 218.527, 224.515, 230.7728, 236.9917, 243.2495, 249.3958, 255.5763, 262.2877, 268.8151, 275.1442, 281.4533, 287.8065, 294.1117, 300.5097, 307.4205, 314.9563, 321.8009, 328.7695, 335.7772, 342.9974, 350.2333, 357.3356, 364.1291, 370.7298, 377.5049, 383.8947]
growth_rate:17.8
