ticker:HBCP
price:[25.469999313354492, 25.75, 24.459999084472656, 23.68000030517578, 25.15999984741211, 25.979999542236328, 25.979999542236328, 26.56999969482422, 25.239999771118164, 25.899999618530273, 28.559999465942383, 29.700000762939453, 29.579999923706055, 27.8799991607666, 28.610000610351562, 28.860000610351562, 28.75, 27.989999771118164, 30.350000381469727, 30.049999237060547, 29.790000915527344, 28.15999984741211, 31.110000610351562, 32.310001373291016, 32.470001220703125, 32.349998474121094, 34.95000076293945, 37.849998474121094, 38.5, 36.720001220703125, 36.939998626708984, 36.95000076293945, 37.58000183105469, 37.29999923706055, 37.939998626708984, 38.68000030517578, 38.84000015258789, 39.22999954223633, 38.849998474121094, 39.220001220703125, 38.25, 38.400001525878906, 38.5099983215332, 38.68000030517578, 37.7400016784668, 37.5, 36.619998931884766, 35.119998931884766, 36.970001220703125, 37.349998474121094, 36.619998931884766, 37.369998931884766]
assets:[0, 100.00012500000001, 194.99022070159913, 288.77286772155765, 406.82210153274536, 520.0806208362579, 620.0802370742798, 734.1609755676269, 797.4123607688904, 918.263766475296, 1112.571915195465, 1256.9812522895813, 1351.903610513115, 1374.207946634102, 1510.1903262176515, 1623.3865783325195, 1717.200125, 1771.8061715114593, 2021.1977304044724, 2101.2191516521452, 2183.038078090668, 2163.589108276367, 2490.2435528564456, 2686.298748177338, 2799.602469250488, 2889.256003720093, 3221.467390322876, 3588.7703153228763, 3750.4004999999997, 3677.0050582366944, 3799.035054766083, 3900.065190528107, 4066.562062139893, 4136.264055396271, 4307.233194093705, 4491.243139434814, 4609.822518110275, 4756.111762502289, 4810.041621080017, 4955.851120248413, 4933.2822750000005, 5052.629960773468, 5167.10213079071, 5289.911653736114, 5261.356277996063, 5327.89875, 5302.868805328369, 5185.657490287017, 5558.820474545288, 5715.957861483002, 5704.238641621399, 5921.063321763229]
shares:[0, 3.8835, 7.9718, 12.1948, 16.1694, 20.0185, 23.8676, 27.6312, 31.5932, 35.4542, 38.9556, 42.3226, 45.7033, 49.2901, 52.7854, 56.2504, 59.7287, 63.3014, 66.5963, 69.9241, 73.2809, 76.832, 80.0464, 83.1414, 86.2212, 89.3124, 92.1736, 94.8156, 97.413, 100.1363, 102.8434, 105.5498, 108.2108, 110.8918, 113.5275, 116.1128, 118.6875, 121.2366, 123.8106, 126.3603, 128.9747, 131.5789, 134.1756, 136.7609, 139.4106, 142.0773, 144.808, 147.6554, 150.3603, 153.0377, 155.7684, 158.4443]
growth_rate:16.1
