ticker:HBIO
price:[3.190000057220459, 3.1600000858306885, 3.25, 2.990000009536743, 3.049999952316284, 3.3399999141693115, 3.2899999618530273, 3.0999999046325684, 3.380000114440918, 3.6700000762939453, 4.050000190734863, 3.7699999809265137, 3.869999885559082, 3.9200000762939453, 4.150000095367432, 4.5, 4.079999923706055, 4.289999961853027, 4.21999979019165, 4.340000152587891, 4.389999866485596, 4.639999866485596, 4.880000114440918, 4.730000019073486, 4.599999904632568, 4.389999866485596, 4.239999771118164, 6.420000076293945, 6.099999904632568, 5.5, 5.440000057220459, 6.53000020980835, 6.96999979019165, 6.659999847412109, 6.929999828338623, 7.340000152587891, 7.010000228881836, 7.150000095367432, 7.0, 7.130000114440918, 7.639999866485596, 7.170000076293945, 7.75, 8.229999542236328, 8.170000076293945, 7.570000171661377, 8.149999618530273, 7.889999866485596, 7.929999828338623, 8.460000038146973, 7.949999809265137, 8.180000305175781]
assets:[0, 100.00009871616363, 202.8481, 286.6202049141884, 392.37181886565685, 529.679230388403, 621.7497857909202, 685.8433589009285, 847.7905567047119, 1020.5301332153321, 1226.1983077478408, 1241.424047719288, 1374.3530593585967, 1492.1096130405426, 1679.65692859869, 1921.3146, 1841.9918535556792, 2036.8001758886337, 2103.56566141572, 2263.3829915771485, 2389.4584893286706, 2625.532324451208, 2861.3358511012075, 2873.384668586779, 2894.411939992905, 2862.275522948742, 2864.4755813711167, 4437.248536731338, 4316.07689252243, 3991.5447000000004, 4048.000874578762, 4959.089160335111, 5393.238770654726, 5253.3672536396025, 5566.341489117479, 5995.663710641098, 5826.103722226715, 6042.45936059494, 6015.6943, 6227.414112953854, 6772.853005639601, 6456.198605698585, 7078.457074999999, 7616.864576339722, 7661.335054543877, 7198.690906241369, 7850.241002560806, 7699.80431870408, 7838.839722311974, 8462.74700015936, 8052.581041804027, 8385.5489888443]
shares:[0, 31.6456, 62.4148, 95.8596, 128.6465, 158.5866, 188.9817, 221.2398, 250.8256, 278.0736, 302.765, 329.2902, 355.13, 380.6402, 404.7366, 426.9588, 451.4686, 474.7786, 498.4753, 521.5168, 544.2958, 565.8475, 586.3393, 607.4809, 629.22, 651.999, 675.5839, 691.1602, 707.5536, 725.7354, 744.1178, 759.4317, 773.7789, 788.7939, 803.2239, 816.8479, 831.1132, 845.0992, 859.3849, 873.4101, 886.4991, 900.4461, 913.3493, 925.5, 937.7399, 950.9499, 963.2198, 975.8941, 988.5044, 1000.3247, 1012.9033, 1025.1282]
growth_rate:64.42
