ticker:HBMD
price:[9.880000114440918, 9.619999885559082, 9.5600004196167, 8.84000015258789, 9.300000190734863, 9.920000076293945, 9.960000038146973, 10.369999885559082, 10.130000114440918, 10.350000381469727, 11.779999732971191, 11.6899995803833, 12.399999618530273, 12.449999809265137, 12.739999771118164, 11.859999656677246, 11.829999923706055, 11.8100004196167, 13.140000343322754, 13.4399995803833, 13.270000457763672, 12.100000381469727, 13.050000190734863, 13.930000305175781, 13.760000228881836, 13.75, 14.890000343322754, 16.690000534057617, 17.790000915527344, 17.0, 16.34000015258789, 16.09000015258789, 16.0, 16.020000457763672, 16.84000015258789, 16.989999771118164, 17.25, 17.06999969482422, 16.860000610351562, 17.0, 16.920000076293945, 16.049999237060547, 17.0, 15.880000114440918, 15.619999885559082, 19.600000381469727, 19.3700008392334, 19.700000762939453, 19.84000015258789, 19.979999542236328, 19.350000381469727, 20.309999465942383]
assets:[0, 99.99989881038665, 199.37667675123214, 284.36070490837096, 399.1578681863785, 525.7679400436401, 627.8883624048233, 753.7351456819534, 836.2912764477729, 954.4532301782607, 1186.32489910841, 1277.2610441522597, 1454.8361552438737, 1560.7020960899354, 1697.05587551136, 1679.8337473722459, 1775.584799548912, 1872.583037534046, 2183.465973049736, 2333.316983150387, 2403.803521921921, 2291.8634922542574, 2571.8026875886917, 2845.227636332703, 2910.504240412903, 3008.388625, 3357.811219421959, 3863.7251096340183, 4218.373912090301, 4131.049300000001, 4070.6682240131377, 4108.386849961472, 4185.4064, 4290.63832460289, 4610.258213773727, 4751.323094992256, 4924.0332, 4972.651369099426, 5011.476697421264, 5153.090999999999, 5228.841767577363, 5059.982144472885, 5459.4837, 5199.799641472912, 5214.663547794437, 6643.367209298133, 6665.409051788521, 6878.964466407775, 7027.8498460506435, 7177.4412095569605, 7051.126594007301, 7500.949932760238]
shares:[0, 10.395, 20.8553, 32.1675, 42.9202, 53.0008, 63.041, 72.6842, 82.5559, 92.2177, 100.7067, 109.261, 117.3255, 125.3576, 133.2069, 141.6386, 150.0917, 158.5591, 166.1694, 173.6099, 181.1457, 189.4102, 197.073, 204.2518, 211.5192, 218.7919, 225.5078, 231.4994, 237.1205, 243.0029, 249.1229, 255.3379, 261.5879, 267.8301, 273.7683, 279.6541, 285.4512, 291.3094, 297.2406, 303.123, 309.0332, 315.2637, 321.1461, 327.4433, 333.8453, 338.9473, 344.1099, 349.186, 354.2263, 359.2313, 364.3993, 369.323]
growth_rate:47.08
