ticker:HBNC
price:[11.180000305175781, 10.550000190734863, 10.350000381469727, 9.59000015258789, 10.4399995803833, 11.670000076293945, 11.800000190734863, 12.65999984741211, 12.399999618530273, 12.329999923706055, 14.260000228881836, 14.5, 15.079999923706055, 15.180000305175781, 15.279999732971191, 15.380000114440918, 15.550000190734863, 15.859999656677246, 16.280000686645508, 16.850000381469727, 17.350000381469727, 15.829999923706055, 17.219999313354492, 17.299999237060547, 17.649999618530273, 17.860000610351562, 19.139999389648438, 19.940000534057617, 19.450000762939453, 18.729999542236328, 18.760000228881836, 18.68000030517578, 18.809999465942383, 18.690000534057617, 18.34000015258789, 18.3700008392334, 18.450000762939453, 18.389999389648438, 18.5, 18.360000610351562, 18.209999084472656, 16.979999542236328, 17.809999465942383, 17.270000457763672, 16.75, 16.540000915527344, 15.979999542236328, 16.709999084472656, 17.889999389648438, 18.200000762939453, 18.18000030517578, 18.299999237060547]
assets:[0, 100.00028680791854, 198.1041823015213, 283.55712451171877, 408.68944357347493, 556.8398886404037, 663.0431907174111, 811.3667302207947, 894.7033724756241, 989.6526478763581, 1244.5614839759826, 1365.5085, 1520.1288363092422, 1630.209074773407, 1740.948161575699, 1852.3426057830811, 1972.8176391983984, 2112.147524278164, 2268.0808556613924, 2447.491200409126, 2620.117247607803, 2490.573462996483, 2809.265521980858, 2922.3158711242672, 3081.437538400841, 3218.1006379760743, 3548.737716835022, 3797.0646316976545, 3803.756904204941, 3762.9486850330354, 3868.976151203537, 3952.4769805717465, 4079.9829341602326, 4153.955413697243, 4176.166588745498, 4282.998761668778, 4401.6517370159145, 4487.33639506836, 4614.1775, 4679.259131555176, 4741.029712639617, 4520.795830123901, 4841.776586812591, 4794.974179096985, 4750.596475, 4791.0362091949455, 4728.823836537934, 5044.845641596985, 5501.094307319641, 5696.418238792419, 5790.157387195587, 5928.376252841949]
shares:[0, 9.4787, 19.1405, 29.568, 39.1465, 47.7155, 56.1901, 64.089, 72.1535, 80.2638, 87.2764, 94.173, 100.8043, 107.3919, 113.9364, 120.4384, 126.8693, 133.1745, 139.317, 145.2517, 151.0154, 157.3325, 163.1397, 168.92, 174.5857, 180.1848, 185.4095, 190.4245, 195.5659, 200.9049, 206.2354, 211.5887, 216.905, 222.2555, 227.7081, 233.1518, 238.5719, 244.0096, 249.415, 254.8616, 260.3531, 266.2424, 271.8572, 277.6476, 283.6177, 289.6636, 295.9214, 301.9058, 307.4955, 312.99, 318.4905, 323.955]
growth_rate:16.24
