ticker:HBP
price:[2.25, 2.2799999713897705, 2.3299999237060547, 2.130000114440918, 2.240000009536743, 2.4000000953674316, 3.509999990463257, 3.359999895095825, 3.390000104904175, 3.630000114440918, 3.640000104904175, 3.700000047683716, 3.8399999141693115, 3.7699999809265137, 3.630000114440918, 3.509999990463257, 3.4600000381469727, 3.6700000762939453, 3.319999933242798, 3.240000009536743, 3.450000047683716, 3.5, 4.0, 4.239999771118164, 4.010000228881836, 3.9800000190734863, 3.5999999046325684, 3.7300000190734863, 3.5799999237060547, 3.509999990463257, 3.819999933242798, 3.8399999141693115, 3.8299999237060547, 4.420000076293945, 4.010000228881836, 5.420000076293945, 6.300000190734863, 6.75, 6.230000019073486, 5.820000171661377, 6.119999885559082, 5.409999847412109, 5.75, 5.570000171661377, 5.429999828338623, 5.010000228881836, 5.210000038146973, 6.230000019073486, 6.150000095367432, 6.059999942779541, 5.579999923706055, 5.75]
assets:[0, 99.99988674516678, 202.19296637935636, 284.8374603037834, 399.5474577010632, 528.0866609842777, 872.3266086298704, 935.047650806427, 1043.3962672880887, 1217.2649993760108, 1320.61824605999, 1442.3865585887434, 1596.9634203050853, 1667.8521385618685, 1705.9160127814293, 1749.5219382465125, 1824.5998801164628, 2035.341672311783, 1941.23550096643, 1994.4587938705683, 2223.729270734978, 2355.9570999999996, 2792.5224, 3060.073554812431, 2994.0795028953553, 3071.6796387205127, 2878.4036837483404, 3082.3463147616862, 3058.391428822136, 3098.5904345810654, 3472.2550253198865, 3590.4344797475337, 3681.0845476724626, 4348.144577053642, 4044.8102388687134, 5567.050098363877, 6570.925398937225, 7140.2769, 6690.211366482449, 6349.924573291541, 6777.24013726902, 6090.99169320488, 6573.78985, 6468.001726336813, 6405.430336501838, 6009.983248566055, 6349.902719493199, 7693.070044552755, 7694.282954314471, 7681.683803467083, 7173.233307922172, 7491.772749999999]
shares:[0, 43.8596, 86.7781, 133.7265, 178.3694, 220.0361, 248.5261, 278.288, 307.7865, 335.3347, 362.8072, 389.8342, 415.8759, 442.4011, 469.9493, 498.4393, 527.341, 554.589, 584.7095, 615.5737, 644.5592, 673.1306, 698.1306, 721.7155, 746.6532, 771.7788, 799.5566, 826.3663, 854.2993, 882.7893, 908.9673, 935.009, 961.1187, 983.7431, 1008.6808, 1027.131, 1043.004, 1057.8188, 1073.8702, 1091.0523, 1107.3922, 1125.8765, 1143.2678, 1161.2211, 1179.6373, 1199.5974, 1218.7913, 1234.8427, 1251.1029, 1267.6046, 1285.5257, 1302.917]
growth_rate:46.9
