ticker:HBT
price:[12.239999771118164, 12.09000015258789, 11.859999656677246, 11.010000228881836, 11.550000190734863, 12.100000381469727, 12.369999885559082, 12.90999984741211, 12.34000015258789, 12.279999732971191, 13.529999732971191, 13.5, 14.050000190734863, 14.930000305175781, 15.3100004196167, 15.359999656677246, 15.100000381469727, 15.149999618530273, 15.550000190734863, 15.600000381469727, 15.1899995803833, 14.930000305175781, 15.420000076293945, 15.739999771118164, 15.529999732971191, 16.139999389648438, 17.399999618530273, 18.18000030517578, 17.829999923706055, 17.219999313354492, 17.170000076293945, 17.1200008392334, 17.43000030517578, 17.360000610351562, 18.200000762939453, 18.290000915527344, 18.5, 18.270000457763672, 18.190000534057617, 17.860000610351562, 17.889999389648438, 17.440000534057617, 17.399999618530273, 17.56999969482422, 16.760000228881836, 17.0, 17.020000457763672, 16.34000015258789, 16.65999984741211, 16.610000610351562, 15.739999771118164, 16.389999389648438]
assets:[0, 100.00001826210023, 198.09757426548003, 283.90056290187835, 397.8247415696144, 516.7692362918854, 628.3007451872825, 755.7281530677795, 822.361056168747, 918.3622360301972, 1111.843964056587, 1209.3786, 1358.649068444252, 1543.7456085548401, 1683.0375321287154, 1788.5337200231552, 1858.2588969449998, 1964.412580537033, 2116.27883095808, 2223.084294361496, 2264.6572904398918, 2325.8939855422973, 2502.2296263803482, 2654.1558874048233, 2718.7454262528418, 2925.534675367737, 3253.9217286624908, 3499.7864087486264, 3532.408264884949, 3511.557363977051, 3601.361157002449, 3690.8735889289856, 3857.7052755432132, 3942.2130986022953, 4232.96527744484, 4353.898137939454, 4503.8879, 4547.894576949691, 4627.979971877288, 4644.01986870575, 4751.819985882568, 4732.293568914986, 4821.4389742969515, 4968.544662700653, 4839.488614090156, 5008.7899, 5114.682039562607, 5010.33588078804, 5208.457402296066, 5292.826524490357, 5115.597513611984, 5426.85172290802]
shares:[0, 8.2713, 16.703, 25.7857, 34.4437, 42.7082, 50.7923, 58.5382, 66.6419, 74.7852, 82.1762, 89.5836, 96.701, 103.3989, 109.9306, 116.441, 123.0635, 129.6642, 136.0951, 142.5054, 149.0887, 155.7866, 162.2717, 168.6249, 175.0641, 181.2599, 187.007, 192.5075, 198.116, 203.9232, 209.7473, 215.5884, 221.3256, 227.086, 232.5805, 238.048, 243.4534, 248.9269, 254.4244, 260.0235, 265.6132, 271.3471, 277.0942, 282.7857, 288.7523, 294.6347, 300.5101, 306.6301, 312.6325, 318.653, 325.0062, 331.1075]
growth_rate:6.41
