ticker:HCAQ
price:[10.100000381469727, 10.479999542236328, 10.789999961853027, 10.4399995803833, 10.359999656677246, 10.289999961853027, 10.300000190734863, 9.949999809265137, 10.010000228881836, 9.979999542236328, 10.149999618530273, 10.069999694824219, 9.890000343322754, 10.0, 9.949999809265137, 9.850000381469727, 9.84000015258789, 9.880000114440918, 9.814000129699707, 9.869999885559082, 9.75, 9.6899995803833, 9.729999542236328, 9.960000038146973, 9.890000343322754, 9.920000076293945, 9.890000343322754, 9.84000015258789, 9.9399995803833, 9.869999885559082, 9.880000114440918, 9.869999885559082]
assets:[0, 100.00015563201904, 202.95774128246308, 296.37384008779526, 394.10267493972776, 491.44010817813876, 591.9173209610939, 671.8040871219636, 775.8550977401733, 873.5293999328613, 988.4089928524018, 1080.6187162513734, 1161.30263131361, 1274.219, 1367.8483637792585, 1454.1013813142777, 1552.6250880764007, 1658.9369872156144, 1747.8547764992713, 1857.828104458809, 1935.24045, 2023.3310213814734, 2131.6833277114865, 2282.0730567403793, 2366.0342321348194, 2473.210771021271, 2565.7311410671236, 2652.759737136078, 2779.718894654274, 2860.143371837139, 2963.041674321175, 3060.0424535193442]
shares:[0, 9.542, 18.8098, 28.3883, 38.0408, 47.759, 57.4677, 67.518, 77.508, 87.528, 97.3802, 107.3107, 117.4219, 127.4219, 137.4722, 147.6245, 157.7871, 167.9086, 178.0981, 188.2298, 198.4862, 208.8061, 219.0836, 229.1238, 239.235, 249.3156, 259.4268, 269.5894, 279.6498, 289.7815, 299.903, 310.0347]
growth_rate:-1.29
