ticker:HCARU
price:[10.300000190734863, 10.220000267028809, 10.609999656677246, 10.75, 10.699999809265137, 10.539999961853027, 10.84000015258789, 10.979999542236328, 11.170000076293945, 10.739999771118164, 10.34000015258789, 10.319999694824219, 10.270000457763672, 10.079999923706055, 10.069999694824219, 10.100000381469727, 10.140000343322754, 10.020000457763672, 10.039999961853027, 10.010000228881836, 9.979999542236328, 9.972000122070312, 9.949999809265137, 9.989999771118164, 10.100000381469727, 10.119999885559082, 10.100000381469727, 10.050000190734863, 10.020000457763672, 10.109999656677246, 10.149999618530273, 10.09000015258789, 10.010000228881836, 9.970000267028809, 9.9399995803833, 9.954999923706055]
assets:[0, 99.99963661279679, 203.81597140483856, 306.505075, 405.0795227791786, 499.02262219390866, 613.2263966320038, 721.146605934906, 833.626041693878, 901.5349127872468, 967.9584342842102, 1066.0858964744568, 1160.9208517456054, 1239.4428386188506, 1338.2133364448546, 1442.2002644708634, 1547.9116124095917, 1629.5927544479368, 1732.8457614160538, 1827.667883790207, 1922.1898278327942, 2020.649320335388, 2116.1918294340135, 2224.6990230297088, 2349.195448727417, 2453.8469722509385, 2548.9976962738037, 2636.3783600347515, 2728.508248651886, 2853.0156171152116, 2964.303328591919, 3046.7804820755005, 3122.6235753997803, 3210.1456709780696, 3300.486406670094, 3405.4670994009016]
shares:[0, 9.7847, 19.2098, 28.5121, 37.8579, 47.3456, 56.5707, 65.6782, 74.6308, 83.9418, 93.613, 103.3029, 113.04, 122.9606, 132.8911, 142.7921, 152.654, 162.634, 172.5942, 182.5842, 192.6042, 202.6323, 212.6826, 222.6926, 232.5936, 242.475, 252.376, 262.3262, 272.3062, 282.1974, 292.0496, 301.9604, 311.9504, 321.9805, 332.0409, 342.0861]
growth_rate:-2.7
