ticker:HCAR
price:[10.130000114440918, 10.170000076293945, 10.069999694824219, 10.050000190734863, 10.170000076293945, 10.1899995803833, 10.34000015258789, 10.039999961853027, 9.869999885559082, 9.859999656677246, 9.84000015258789, 9.739999771118164, 9.710000038146973, 9.75, 9.829999923706055, 9.75, 9.729999542236328, 9.680000305175781, 9.670000076293945, 9.6899995803833, 9.649999618530273, 9.670000076293945, 9.680000305175781, 9.699999809265137, 9.6899995803833, 9.6899995803833, 9.680000305175781, 9.670000076293945, 9.65999984741211, 9.670000076293945, 9.649999618530273, 9.630000114440918, 9.65999984741211, 9.67199993133545, 9.680000305175781]
assets:[0, 99.99957675018311, 199.0164249687195, 298.62068066740034, 402.18587401714325, 502.9763412878036, 610.3805490074158, 692.6716453681946, 780.9430139451027, 880.1518833533287, 978.3666151714325, 1068.4234308929445, 1165.1330055773735, 1269.9326250000001, 1380.352181286621, 1469.1182999999999, 1566.1047253200531, 1658.0572442726136, 1756.3447078571319, 1859.977008455372, 1952.2991428245543, 2056.3458232240678, 2158.4726040489195, 2262.9323555030824, 2360.5992087763784, 2460.5990354459764, 2558.0601126464844, 2655.4177999505996, 2752.6720185192107, 2855.5220125293736, 2949.6159884000776, 3043.502793168354, 3152.984344195938, 3256.9008968782427, 3359.5951139160156]
shares:[0, 9.8328, 19.7633, 29.7135, 39.5463, 49.3598, 59.031, 68.9912, 79.1229, 89.2649, 99.4275, 109.6944, 119.9931, 130.2495, 140.4224, 150.6788, 160.9563, 171.2869, 181.6282, 191.9481, 202.3108, 212.6521, 222.9827, 233.292, 243.6119, 253.9318, 264.2624, 274.6037, 284.9557, 295.297, 305.6597, 316.0439, 326.3959, 336.735, 347.0656]
growth_rate:-1.19
