ticker:HCAT
price:[32.130001068115234, 34.5, 36.02000045776367, 36.029998779296875, 36.209999084472656, 35.91999816894531, 35.7400016784668, 34.52000045776367, 34.47999954223633, 35.7400016784668, 34.5, 34.380001068115234, 36.040000915527344, 36.900001525878906, 39.880001068115234, 41.95000076293945, 44.88999938964844, 43.529998779296875, 44.709999084472656, 48.310001373291016, 51.33000183105469, 49.68000030517578, 51.880001068115234, 53.68000030517578, 49.5, 48.4900016784668, 46.20000076293945, 48.40999984741211, 46.959999084472656, 47.16999816894531, 48.16999816894531, 48.36000061035156, 51.0, 55.09000015258789, 57.900001525878906, 53.22999954223633, 48.599998474121094, 52.41999816894531, 53.689998626708984, 53.16999816894531, 57.5099983215332, 54.54999923706055, 57.459999084472656, 56.68000030517578, 58.150001525878906, 55.16999816894531, 57.18000030517578, 58.060001373291016, 56.77000045776367, 52.470001220703125, 49.869998931884766, 53.540000915527344]
assets:[0, 100.0017, 204.4062985977173, 304.4642986846924, 405.9865097351074, 502.73629437255863, 600.2175881881714, 679.7298770137786, 778.9411176586151, 907.4064766147613, 975.92565, 1072.5322653213502, 1224.318475101471, 1353.5326459709167, 1562.8414098579408, 1743.9622117172241, 1966.1864622665405, 2006.6197657287598, 2161.0130957489014, 2435.0173092193604, 2687.2385218597415, 2700.8581845909116, 2920.4601481269838, 3121.7872577476505, 2978.69715, 3017.9207244644167, 2975.3955491352085, 3217.725551857757, 3221.34792919693, 3335.753779512024, 3506.4723957107544, 3620.302185691834, 3917.9373, 4332.139886999131, 4653.110462626648, 4377.805498352051, 4097.018751367187, 4519.049412147522, 4728.531869052887, 4782.737041293335, 5273.126252100373, 5101.723218647003, 5473.875098783112, 5499.569741610718, 5742.202165677642, 5547.933634867859, 5850.062959222412, 6040.098062866211, 6005.897043428421, 5650.987649468994, 5470.968284822846, 5973.586398147583]
shares:[0, 2.8986, 5.6748, 8.4503, 11.212, 13.996, 16.794, 19.6909, 22.5911, 25.3891, 28.2877, 31.1964, 33.9711, 36.6811, 39.1886, 41.5724, 43.8001, 46.0974, 48.334, 50.404, 52.3522, 54.3651, 56.2926, 58.1555, 60.1757, 62.238, 64.4025, 66.4682, 68.5977, 70.7177, 72.7937, 74.8615, 76.8223, 78.6375, 80.3646, 82.2432, 84.3008, 86.2085, 88.071, 89.9518, 91.6906, 93.5238, 95.2641, 97.0284, 98.7481, 100.5607, 102.3096, 104.032, 105.7935, 107.6994, 109.7046, 111.5724]
growth_rate:17.13
