ticker:HCCC
price:[9.793000221252441, 9.666000366210938, 9.699999809265137, 9.699999809265137, 9.789999961853027, 9.899999618530273, 9.71500015258789, 9.729999542236328, 9.710000038146973, 9.670000076293945, 9.680000305175781, 9.640000343322754, 9.630000114440918, 9.654999732971191, 9.649999618530273, 9.670000076293945, 9.630000114440918, 9.789999961853027, 9.789999961853027, 9.8100004196167, 9.829999923706055, 9.8100004196167, 9.819999694824219, 9.8100004196167, 9.84000015258789]
assets:[0, 99.99960678863525, 200.35155606040956, 300.3517640940666, 403.1384924291611, 507.66802043838504, 598.1817043952942, 699.1053321094513, 797.6687351337432, 894.3831420564651, 995.3082793785095, 1091.1950188622475, 1190.0628951424599, 1293.1520442352296, 1392.4823999544144, 1495.3688117980955, 1589.183064885521, 1715.5868663151741, 1815.586820925522, 1919.2961710967063, 2023.2086182971952, 2119.092525642872, 2221.2525069702147, 2318.9909041934015, 2426.0825416210173]
shares:[0, 10.3455, 20.6548, 30.9641, 41.1786, 51.2796, 61.573, 71.8505, 82.1492, 92.4905, 102.8211, 113.1945, 123.5787, 133.936, 144.2987, 154.64, 165.0242, 175.2387, 185.4532, 195.6469, 205.8198, 216.0135, 226.1968, 236.3905, 246.5531]
growth_rate:1.09
