ticker:HCCCU
price:[10.350000381469727, 10.300000190734863, 10.380000114440918, 10.5, 10.399999618530273, 10.25, 10.050000190734863, 10.039999961853027, 10.0, 10.0, 9.989999771118164, 10.140000343322754, 10.100000381469727, 10.010000228881836, 10.0, 10.0, 10.0, 9.949999809265137, 9.9399995803833, 9.949999809265137, 9.970000267028809, 9.963000297546387, 9.979999542236328, 9.979999542236328, 10.180000305175781, 10.229999542236328, 10.199999809265137, 10.149999618530273, 10.109999656677246, 10.149999618530273, 10.079999923706055, 10.104999542236328]
assets:[0, 99.99961185178758, 200.7761902135849, 303.0972, 400.2107053203583, 494.43847500000004, 584.7904160984992, 684.2089294003488, 781.4830000000001, 881.4830000000001, 980.6013945333481, 1095.3248650857927, 1191.004164983368, 1280.3911412765503, 1379.112, 1479.112, 1579.112, 1671.2168929638863, 1769.5376112990377, 1871.3183541280748, 1975.0799838990213, 2073.6929041311264, 2177.230712134552, 2277.23030754776, 2422.8665406326295, 2534.7667805763244, 2627.33329087019, 2714.4539829820633, 2803.7566657879834, 2914.849485450554, 2994.746809333229, 3102.1742294692995]
shares:[0, 9.7087, 19.3426, 28.8664, 38.4818, 48.2379, 58.1881, 68.1483, 78.1483, 88.1483, 98.1583, 108.0202, 117.9212, 127.9112, 137.9112, 147.9112, 157.9112, 167.9615, 178.0219, 188.0722, 198.1023, 208.1394, 218.1594, 228.1794, 238.0026, 247.7778, 257.5817, 267.4339, 277.3251, 287.1773, 297.0979, 306.994]
growth_rate:0.07
