ticker:HCCI
price:[15.369999885559082, 15.390000343322754, 14.859999656677246, 13.100000381469727, 13.960000038146973, 14.489999771118164, 15.319999694824219, 16.239999771118164, 16.479999542236328, 16.920000076293945, 20.6299991607666, 21.0, 20.610000610351562, 20.8799991607666, 19.649999618530273, 20.170000076293945, 20.200000762939453, 21.06999969482422, 22.549999237060547, 22.270000457763672, 22.579999923706055, 21.700000762939453, 22.540000915527344, 26.170000076293945, 25.950000762939453, 26.219999313354492, 28.079999923706055, 29.670000076293945, 27.610000610351562, 28.149999618530273, 27.809999465942383, 28.15999984741211, 29.079999923706055, 28.530000686645508, 28.719999313354492, 32.91999816894531, 30.799999237060547, 31.93000030517578, 30.799999237060547, 30.030000686645508, 29.950000762939453, 28.079999923706055, 29.209999084472656, 29.719999313354492, 29.149999618530273, 27.65999984741211, 27.280000686645508, 28.18000030517578, 28.579999923706055, 28.670000076293945, 28.440000534057617, 29.219999313354492]
assets:[0, 99.99960523080826, 196.55618745880128, 273.27648795776366, 391.2164370690346, 506.06903800621035, 635.0568833496094, 773.1928851028442, 884.6200074279785, 1008.2391165462494, 1329.3125629232406, 1453.1538, 1526.1664231964112, 1646.1603418355942, 1649.1890979839325, 1792.8326437814712, 1895.4993915916443, 2077.1374589149477, 2323.0400364040374, 2394.1943012130737, 2527.521645459938, 2529.0179089164735, 2726.9163587615967, 3266.0788175216676, 3338.6232981567387, 3473.360687040138, 3819.7560856216433, 4136.045482635498, 3948.878922294617, 4126.1115290857315, 4176.2748967996595, 4328.834024543762, 4570.259316009521, 4583.821061321068, 4714.347679288101, 5503.7726898727415, 5249.339349969864, 5541.930502967834, 5445.803305103303, 5409.658377693558, 5495.247104984665, 5252.139345729828, 5563.497080623626, 5760.633410907363, 5750.149329751015, 5556.230129348755, 5579.897716447639, 5863.98471750412, 6047.222177857017, 6166.266207409096, 6216.799256741524, 6487.301523553849]
shares:[0, 6.4977, 13.2272, 20.8608, 28.0241, 34.9254, 41.4528, 47.6104, 53.6784, 59.5886, 64.4359, 69.1978, 74.0498, 78.8391, 83.9282, 88.8861, 93.8366, 98.5827, 103.0173, 107.5076, 111.9363, 116.5446, 120.9812, 124.8024, 128.656, 132.4699, 136.0312, 139.4016, 143.0235, 146.5759, 150.1717, 153.7228, 157.1616, 160.6667, 164.1486, 167.1863, 170.4331, 173.565, 176.8118, 180.1418, 183.4807, 187.042, 190.4655, 193.8302, 197.2607, 200.876, 204.5417, 208.0903, 211.5893, 215.0773, 218.5935, 222.0158]
growth_rate:27.2
