ticker:HCDI
price:[5.650000095367432, 5.519999980926514, 5.079999923706055, 5.079999923706055, 5.050000190734863, 5.480000019073486, 5.050000190734863, 4.449999809265137, 4.949999809265137, 4.699999809265137, 5.360000133514404, 4.510000228881836, 4.4120001792907715, 5.099999904632568, 5.019999980926514, 4.900000095367432, 4.579999923706055, 4.360000133514404, 4.010000228881836, 3.0299999713897705, 3.3299999237060547, 3.049999952316284, 3.3399999141693115, 3.869999885559082, 3.7200000286102295, 3.1500000953674316, 2.9700000286102295, 3.2799999713897705, 3.25, 3.2100000381469727, 3.4000000953674316, 3.2699999809265137, 3.0999999046325684, 3.390000104904175, 3.359999895095825, 3.390000104904175, 3.069999933242798, 3.180000066757202, 3.180000066757202, 3.369999885559082, 3.549999952316284, 3.200000047683716, 3.440000057220459, 3.119999885559082, 3.119999885559082, 2.8299999237060547, 2.880000114440918, 2.9800000190734863, 2.990000009536743, 3.009999990463257, 2.809999942779541, 2.8399999141693115]
assets:[0, 99.99976765446662, 192.0285691160202, 292.0283676141739, 390.303909741497, 523.5378298222065, 582.4574269989968, 613.2544737148285, 782.1593698616028, 842.6563858034134, 1060.9868344285487, 992.7331323810578, 1071.1617279288769, 1338.1966249763966, 1417.2052306153298, 1483.328028869629, 1486.4577532384872, 1515.056010394907, 1493.4347612419128, 1228.455615400529, 1450.0847637769698, 1428.155767672205, 1663.9475432401896, 2027.987139029789, 2049.3829837616445, 1835.364565566349, 1830.4864556332109, 2121.547277494526, 2202.1428, 2275.0393770360947, 2509.6991903951644, 2513.739891337681, 2483.056213612032, 2815.342203121281, 2890.427477756572, 3016.2349653379442, 2831.516505428624, 3032.971491670656, 3132.9713637699365, 3420.161322855663, 3702.8405852633236, 3437.771891226792, 3795.604903135538, 3542.5252460609436, 3642.5252983929636, 3403.957302232742, 3564.0980616245274, 3787.8512042441366, 3900.562054441023, 4026.6527712421416, 3859.101057416535, 4000.3014751025917]
shares:[0, 18.1159, 37.8009, 57.4859, 77.2879, 95.5361, 115.3381, 137.81, 158.012, 179.2886, 197.9453, 220.1182, 242.7837, 262.3915, 282.3118, 302.72, 324.5541, 347.4899, 372.4276, 405.4309, 435.4609, 468.2478, 498.1879, 524.0277, 550.9094, 582.6554, 616.3254, 646.8132, 677.5824, 708.735, 738.1468, 768.7278, 800.9859, 830.4844, 860.2463, 889.7448, 922.3181, 953.7646, 985.2111, 1014.8847, 1043.0537, 1074.3037, 1103.3735, 1135.4248, 1167.4761, 1202.8118, 1237.534, 1271.091, 1304.5358, 1337.7584, 1373.3456, 1408.5569]
growth_rate:-21.56
