ticker:HCICW
price:[1.8600000143051147, 1.25, 1.1349999904632568, 1.2200000286102295, 1.350000023841858, 1.1549999713897705, 1.059999942779541, 1.6799999475479126, 1.340000033378601, 1.149999976158142, 1.190000057220459, 1.159999966621399, 1.184999942779541, 1.4500000476837158, 1.5199999809265137, 2.200000047683716, 2.4700000286102295, 2.119999885559082, 1.940000057220459, 1.75, 1.465000033378601, 1.5, 1.350000023841858, 1.1799999475479126, 1.350000023841858, 1.2899999618530273]
assets:[0, 100.0, 190.79996789681914, 305.08894515464306, 437.5984577282667, 474.3897887490034, 535.3706730998516, 948.5120103860498, 856.5513373361825, 835.0999676866651, 964.146971360445, 1039.8406740789414, 1162.251024878025, 1522.1637950568438, 1695.6475307224275, 2554.226675361371, 2967.699847375131, 2647.1753811013223, 2522.4154283988473, 2375.37475, 2088.528073585081, 2238.42465, 2114.582257344866, 1948.3014533962012, 2328.9891261314274, 2325.478416232586]
shares:[0, 80.0, 168.1057, 250.0729, 324.147, 410.7271, 505.0667, 564.5905, 639.2174, 726.1739, 810.2075, 896.4144, 980.8026, 1049.7681, 1115.5576, 1161.0121, 1201.4979, 1248.6677, 1300.2141, 1357.357, 1425.6164, 1492.2831, 1566.3572, 1651.103, 1725.1771, 1802.6965]
growth_rate:-6.98
