ticker:HCIC
price:[10.100000381469727, 10.010000228881836, 9.899999618530273, 9.739999771118164, 9.880000114440918, 9.819999694824219, 9.899999618530273, 10.039999961853027, 10.020000457763672, 9.890000343322754, 9.890000343322754, 9.880000114440918, 9.880000114440918, 9.989999771118164, 9.979999542236328, 10.100000381469727, 10.180000305175781, 10.0600004196167, 10.010000228881836, 9.949999809265137, 9.989999771118164, 9.960000038146973, 9.949999809265137, 9.920000076293945, 9.920000076293945, 9.930000305175781]
assets:[0, 99.99990228652955, 198.90089233589174, 295.6859390516281, 399.9364766324997, 497.50769853897094, 601.560606820488, 710.0679533020973, 808.6531149433137, 898.1613701788903, 998.1611416502952, 1097.152276708412, 1197.152697866726, 1310.481176975441, 1409.16894936409, 1526.11308764019, 1638.2012791099548, 1718.8909056973457, 1810.3475803941728, 1899.4967535879136, 2007.132812014389, 2101.1058320472716, 2198.996722846699, 2292.3661936304093, 2392.3657463994978, 2494.7775286712645]
shares:[0, 9.99, 20.091, 30.3579, 40.4794, 50.6627, 60.7637, 70.7239, 80.7039, 90.8151, 100.9263, 111.0478, 121.1693, 131.1793, 141.1993, 151.1003, 160.9235, 170.8639, 180.8539, 190.9042, 200.9142, 210.9544, 221.0047, 231.0853, 241.1659, 251.2364]
growth_rate:-0.21
