ticker:HCICU
price:[12.550000190734863, 11.100000381469727, 11.210000038146973, 11.789999961853027, 11.300000190734863, 10.859999656677246, 10.449999809265137, 10.5, 10.378999710083008, 10.170000076293945, 10.039999961853027, 10.170000076293945, 10.069999694824219, 10.121999740600586, 10.442999839782715, 10.3100004196167, 10.149999618530273, 10.180000305175781, 10.149999618530273, 10.15999984741211, 10.350000381469727, 10.34000015258789, 10.628000259399414, 10.819999694824219, 10.5600004196167, 10.449999809265137, 10.369999885559082, 10.319000244140625, 10.319999694824219, 10.229999542236328, 10.25, 10.25, 10.234999656677246]
assets:[0, 99.99990343666077, 200.99081668395996, 311.39040499248506, 398.449306725502, 482.9344107327461, 564.702314692974, 667.40415, 759.712679678917, 844.4140893346786, 933.6206004527091, 1045.7089008447647, 1135.4267035903931, 1241.2901819890976, 1380.655432917881, 1463.0715395469665, 1540.365972108078, 1644.9190613113406, 1740.0712746025085, 1841.785468339157, 1976.2280378377914, 2074.3188046108244, 2232.0947400791165, 2372.4180190864563, 2415.4100159797667, 2490.249584547615, 2571.1854736249925, 2658.5407873992917, 2758.798046418762, 2834.739011153412, 2940.281175, 3040.2812, 3135.831946811676]
shares:[0, 9.009, 17.9296, 26.4114, 35.261, 44.4691, 54.0385, 63.5623, 73.1971, 83.0299, 92.9901, 102.8229, 112.7534, 122.6329, 132.2087, 141.908, 151.7602, 161.5834, 171.4356, 181.2781, 190.9399, 200.6111, 210.0202, 219.2623, 228.732, 238.3014, 247.9446, 257.6355, 267.3254, 277.1006, 286.8567, 296.6128, 306.3832]
growth_rate:-2.01
