ticker:HCII
price:[9.829999923706055, 9.989999771118164, 9.770000457763672, 9.979999542236328, 9.899999618530273, 9.850000381469727, 9.789999961853027, 9.75, 9.744000434875488, 9.819999694824219, 9.779999732971191, 9.789999961853027, 9.800000190734863, 9.720000267028809, 9.770000457763672, 9.819999694824219, 9.770000457763672, 9.75, 9.720000267028809, 9.6899995803833, 9.710000038146973, 9.65999984741211]
assets:[0, 99.99989770889282, 197.79756726760866, 302.04867814559935, 399.6273446014404, 497.6092142713547, 594.5780256832122, 692.1486, 791.7224465346337, 897.8975640960692, 994.2396628537178, 1095.2562457323074, 1196.3752032847403, 1286.6092193458558, 1393.2274672782899, 1500.3574913734435, 1592.718175625229, 1689.4575750000001, 1784.259625017357, 1878.7523516423228, 1982.630531789017, 2072.421591264343]
shares:[0, 10.01, 20.2454, 30.2654, 40.3664, 50.5187, 60.7332, 70.9896, 81.2523, 91.4356, 101.6605, 111.875, 122.0791, 132.3672, 142.6026, 152.7859, 163.0213, 173.2777, 183.5658, 193.8857, 204.1844, 214.5364]
growth_rate:-1.31
