ticker:HCIIU
price:[10.739999771118164, 10.5600004196167, 10.850000381469727, 10.710000038146973, 10.449999809265137, 10.119999885559082, 10.3100004196167, 10.079999923706055, 10.020000457763672, 9.9399995803833, 10.1899995803833, 10.0, 9.920000076293945, 10.029999732971191, 10.039999961853027, 9.989999771118164, 9.970000267028809, 10.0, 10.0, 10.020000457763672, 10.020000457763672, 10.029999732971191, 9.979999542236328, 9.989999771118164, 9.970000267028809, 10.0, 10.020000457763672, 9.90999984741211, 9.9399995803833, 9.90999984741211, 9.869999885559082]
assets:[0, 100.00003597364426, 202.74636212825774, 300.1306150690079, 392.8447528297424, 480.438898567009, 589.4588089909553, 676.3085228811264, 772.282517281723, 866.1168934369088, 987.9000793190002, 1069.48, 1160.9237209285736, 1273.7969270876883, 1375.0673507754325, 1468.2192773614881, 1565.280071923256, 1669.99, 1769.99, 1873.5296655921939, 1973.529270160675, 2075.498817743969, 2165.1519186885835, 2267.321357053185, 2362.782387282944, 2469.8920000000003, 2574.8315016311644, 2646.564559249878, 2754.5766597156526, 2846.262948175049, 2934.7743889718054]
shares:[0, 9.4697, 18.6863, 28.0234, 37.5928, 47.4742, 57.1735, 67.0941, 77.0741, 87.1345, 96.948, 106.948, 117.0286, 126.9987, 136.9589, 146.9689, 156.999, 166.999, 176.999, 186.979, 196.959, 206.9291, 216.9491, 226.9591, 236.9892, 246.9892, 256.9692, 267.06, 277.1204, 287.2112, 297.3429]
growth_rate:-2.17
