ticker:HCKT
price:[12.020000457763672, 11.390000343322754, 12.729999542236328, 11.5, 11.380000114440918, 12.130000114440918, 13.09000015258789, 13.5, 12.920000076293945, 14.5, 15.199999809265137, 14.8100004196167, 14.59000015258789, 14.84000015258789, 14.069999694824219, 14.180000305175781, 14.039999961853027, 14.390000343322754, 14.739999771118164, 14.430000305175781, 14.770000457763672, 13.619999885559082, 14.449999809265137, 14.90999984741211, 14.420000076293945, 15.619999885559082, 16.489999771118164, 17.420000076293945, 17.440000534057617, 16.5, 16.81999969482422, 17.780000686645508, 17.1299991607666, 17.139999389648438, 16.6299991607666, 16.790000915527344, 17.280000686645508, 17.18000030517578, 17.809999465942383, 17.920000076293945, 17.969999313354492, 17.170000076293945, 18.049999237060547, 18.18000030517578, 18.18000030517578, 17.920000076293945, 17.420000076293945, 17.920000076293945, 17.770000457763672, 18.68000030517578, 19.09000015258789, 19.479999542236328]
assets:[0, 99.99964701423646, 211.76481538505556, 291.3042, 388.26398190450664, 513.8522778479576, 654.5196426296234, 775.0201500000001, 841.7225009704589, 1044.6583, 1195.0893450036049, 1264.426000825405, 1345.6430090732576, 1468.699975101471, 1492.4935086280823, 1604.1621645240784, 1688.3240354127884, 1830.4123606707574, 1974.9329733333589, 2033.3977210037233, 2181.3089946048735, 2111.470446258545, 2340.1427891109465, 2514.6385692653657, 2531.9977193964005, 2842.7040851727484, 3101.036800957489, 3375.928076785469, 3479.8033065605164, 3392.2448999999997, 3558.0337734443665, 3861.108505112076, 3819.9538398527143, 3922.183768331909, 3905.478804909897, 4043.0540474601744, 4261.0459933187485, 4336.386697029114, 4595.403740200424, 4723.787284111404, 4836.966745176315, 4721.631547980309, 5063.625850970077, 5200.094571290588, 5300.093662969207, 5324.295446668053, 5275.737607106019, 5527.16597553177, 5580.9014307666785, 5966.69844947815, 6197.658272538376, 6424.273985034943]
shares:[0, 8.7796, 16.6351, 25.3308, 34.1181, 42.3621, 50.0015, 57.4089, 65.1488, 72.0454, 78.6243, 85.3765, 92.2305, 98.969, 106.0763, 113.1285, 120.251, 127.2003, 133.9846, 140.9146, 147.6851, 155.0272, 161.9476, 168.6545, 175.5893, 181.9913, 188.0556, 193.7961, 199.53, 205.5906, 211.5359, 217.1602, 222.9979, 228.8322, 234.8454, 240.8013, 246.5883, 252.409, 258.0238, 263.6042, 269.169, 274.9931, 280.5333, 286.0338, 291.5343, 297.1147, 302.8552, 308.4356, 314.0631, 319.4164, 324.6547, 329.7882]
growth_rate:25.97
