ticker:HCM
price:[34.52000045776367, 33.56999969482422, 34.27000045776367, 32.900001525878906, 31.90999984741211, 34.36000061035156, 31.729999542236328, 30.700000762939453, 29.440000534057617, 32.52000045776367, 31.760000228881836, 29.950000762939453, 31.690000534057617, 29.209999084472656, 28.15999984741211, 28.43000030517578, 29.489999771118164, 32.02000045776367, 36.79999923706055, 33.81999969482422, 34.130001068115234, 31.90999984741211, 35.33000183105469, 34.790000915527344, 33.79999923706055, 28.739999771118164, 30.389999389648438, 28.850000381469727, 29.020000457763672, 27.65999984741211, 27.5, 29.239999771118164, 29.25, 29.920000076293945, 28.290000915527344, 26.229999542236328, 25.809999465942383, 27.540000915527344, 29.75, 30.09000015258789, 30.549999237060547, 29.200000762939453, 32.75, 40.34000015258789, 37.52000045776367, 39.5099983215332, 40.38999938964844, 42.04999923706055, 41.93000030517578, 41.150001525878906, 37.66999816894531, 37.43000030517578]
assets:[0, 100.00167209091187, 202.08676569938658, 294.0075736358643, 385.16008015823365, 514.7334251434327, 575.3346976997376, 656.6576663188935, 729.705741237259, 906.0462367538452, 984.8712550975799, 1028.7435912059784, 1188.5112870294572, 1195.5010005294798, 1252.5258172130586, 1364.5348236473083, 1515.4114652383805, 1745.4198309528351, 2105.97931633873, 2035.4397716331482, 2154.097952413559, 2113.983242891312, 2440.554130487061, 2503.251893875122, 2532.0187828468324, 2252.965944057655, 2482.3128911453246, 2456.522717481422, 2570.9979205551144, 2550.5092239299775, 2635.75675, 2902.529045279884, 3003.521625, 3172.3188720891953, 3099.494935306549, 2973.7973451015473, 3026.181141382599, 3329.0215406684874, 3696.1638, 3838.4067974647523, 3997.0855251789094, 3920.45634243393, 4497.0859, 5639.3101513309475, 5345.0880092128755, 5728.582313637924, 5956.17588399353, 6300.969520677566, 6382.987174456787, 6364.2468909919735, 5926.0293929489135, 5988.276028823852]
shares:[0, 2.9789, 5.8969, 8.9364, 12.0702, 14.9806, 18.1322, 21.3895, 24.7862, 27.8612, 31.0098, 34.3487, 37.5043, 40.9278, 44.4789, 47.9963, 51.3873, 54.5103, 57.2277, 60.1845, 63.1145, 66.2483, 69.0788, 71.9532, 74.9118, 78.3913, 81.6819, 85.1481, 88.594, 92.2093, 95.8457, 99.2657, 102.6845, 106.0267, 109.5615, 113.3739, 117.2484, 120.8795, 124.2408, 127.5642, 130.8375, 134.2622, 137.3156, 139.7945, 142.4597, 144.9907, 147.4666, 149.8447, 152.2296, 154.6597, 157.3143, 159.986]
growth_rate:17.42
