ticker:HCSG
price:[20.719999313354492, 20.389999389648438, 22.200000762939453, 21.09000015258789, 22.389999389648438, 23.579999923706055, 23.81999969482422, 23.600000381469727, 22.8799991607666, 22.6299991607666, 22.979999542236328, 22.81999969482422, 24.100000381469727, 23.899999618530273, 24.56999969482422, 27.34000015258789, 27.06999969482422, 28.100000381469727, 31.309999465942383, 30.3700008392334, 31.209999084472656, 32.41999816894531, 32.400001525878906, 30.729999542236328, 29.40999984741211, 28.450000762939453, 28.950000762939453, 29.5, 28.719999313354492, 28.489999771118164, 28.610000610351562, 28.809999465942383, 28.989999771118164, 31.959999084472656, 29.950000762939453, 30.15999984741211, 30.950000762939453, 30.579999923706055, 29.989999771118164, 30.219999313354492, 31.34000015258789, 31.530000686645508, 32.56999969482422, 31.600000381469727, 31.360000610351562, 30.09000015258789, 26.649999618530273, 26.100000381469727, 26.15999984741211, 27.100000381469727, 25.3700008392334, 26.25]
assets:[0, 100.0007130065918, 208.877587178421, 298.4340471591949, 416.8301406372071, 538.984564256096, 644.4715297431947, 738.5195319374084, 815.987714069748, 907.0714673612595, 1021.1001936595917, 1113.990233102417, 1276.4758002048493, 1365.8825881990433, 1504.1729243171692, 1773.7508598995207, 1856.2331910736084, 2026.861457515526, 2358.400661772537, 2387.5953189779284, 2553.633335090637, 2752.636154533386, 2850.937694264984, 2803.989538230896, 2783.544727558136, 2792.683369890976, 2941.7630125263217, 3097.65045, 3115.7465655078886, 3190.794504365921, 3304.234773490906, 3427.3326094667436, 3548.7470439819335, 4012.3126170631413, 3859.9740683280943, 3987.037371828461, 4191.471943322754, 4241.363423418236, 4259.530650491523, 4392.198876202393, 4654.980366664124, 4783.202000166321, 5040.972847766877, 4990.844020248604, 5052.939682344056, 4948.309552093125, 4482.5992258358, 4490.087465625763, 4600.408629166412, 4865.712928491593, 4655.09832498951, 4916.56725]
shares:[0, 4.9044, 9.4089, 14.1505, 18.6168, 22.8577, 27.0559, 31.2932, 35.6638, 40.0827, 44.4343, 48.8164, 52.9658, 57.1499, 61.2199, 64.8775, 68.5716, 72.1303, 75.3242, 78.6169, 81.821, 84.9055, 87.9919, 91.246, 94.6462, 98.1611, 101.6153, 105.0051, 108.487, 111.997, 115.4923, 118.9633, 122.4128, 125.5417, 128.8806, 132.1962, 135.4272, 138.6973, 142.0317, 145.3408, 148.5316, 151.7032, 154.7735, 157.9381, 161.1269, 164.4503, 168.2026, 172.034, 175.8566, 179.5466, 183.4883, 187.2978]
growth_rate:-3.6
