ticker:HDSN
price:[1.149999976158142, 1.190000057220459, 1.1399999856948853, 1.1399999856948853, 1.1200000047683716, 1.1799999475479126, 1.149999976158142, 1.1200000047683716, 1.0399999618530273, 1.0700000524520874, 1.2100000381469727, 1.159999966621399, 1.1399999856948853, 1.5800000429153442, 1.4700000286102295, 1.1299999952316284, 1.0700000524520874, 1.090000033378601, 1.1399999856948853, 1.149999976158142, 1.2000000476837158, 1.3700000047683716, 1.590000033378601, 1.7699999809265137, 1.6699999570846558, 1.4500000476837158, 1.309999942779541, 1.600000023841858, 1.6200000047683716, 1.4500000476837158, 1.659999966621399, 2.049999952316284, 1.9500000476837158, 1.9800000190734863, 2.059999942779541, 2.1600000858306885, 2.0799999237060547, 2.1700000762939453, 2.819999933242798, 3.1700000762939453, 2.799999952316284, 2.930000066757202, 3.4000000953674316, 3.490000009536743, 3.2699999809265137, 3.380000114440918, 3.549999952316284, 3.4600000381469727, 3.0899999141693115, 2.8299999237060547, 3.180000066757202, 3.2799999713897705]
assets:[0, 99.99998880844117, 195.79830354305508, 295.7983042882204, 390.6088496630073, 511.534343261826, 598.5292175912618, 682.915410907495, 734.1356610720635, 855.3126739279747, 1067.2226956457139, 1123.1225236825348, 1203.758360894823, 1768.36685803169, 1745.2526829674005, 1441.5887929167866, 1465.0442858174085, 1592.4282457642435, 1765.475341846204, 1880.9619260038016, 2062.7429619660375, 2454.96479554466, 2949.1927999119043, 3383.0636215441705, 3291.9299674046038, 2958.2626922834156, 2772.637148891926, 3486.4272519518136, 3630.0075586847065, 3349.0809151355984, 3934.120074894321, 4958.401304665851, 4816.52839277947, 4990.628856075096, 5292.270250997019, 5649.176960478115, 5539.947716795921, 5879.657304719925, 7740.844544752788, 8801.58794883213, 7874.272985901928, 8339.864583015704, 9777.658734255934, 10136.478875698853, 9597.502918019009, 10020.355099271774, 10624.336907293558, 10454.987657267666, 9436.968505870056, 8742.919411299705, 9924.199540337038, 10336.280965840435]
shares:[0, 84.0336, 171.7529, 259.4722, 348.7579, 433.5037, 520.4602, 609.7459, 705.8997, 799.3576, 882.0022, 968.2091, 1055.9284, 1119.2195, 1187.2467, 1275.7423, 1369.2002, 1460.9433, 1548.6626, 1635.6191, 1718.9524, 1791.9451, 1854.8382, 1911.3354, 1971.2156, 2040.1811, 2116.517, 2179.017, 2240.7454, 2309.7109, 2369.9519, 2418.7324, 2470.0145, 2520.5196, 2569.0633, 2615.3596, 2663.4365, 2709.5194, 2744.9804, 2776.5261, 2812.2404, 2846.3701, 2875.7819, 2904.4352, 2935.0162, 2964.602, 2992.771, 3021.6727, 3054.0352, 3089.3709, 3120.8174, 3151.3052]
growth_rate:102.67
