ticker:HEAR
price:[17.479999542236328, 17.1200008392334, 17.989999771118164, 16.8700008392334, 18.170000076293945, 19.850000381469727, 17.739999771118164, 19.299999237060547, 18.020000457763672, 20.760000228881836, 17.799999237060547, 18.280000686645508, 19.110000610351562, 19.969999313354492, 20.450000762939453, 25.43000030517578, 24.729999542236328, 21.549999237060547, 20.540000915527344, 21.65999984741211, 25.229999542236328, 29.899999618530273, 29.43000030517578, 34.099998474121094, 33.099998474121094, 29.899999618530273, 24.059999465942383, 26.889999389648438, 28.290000915527344, 26.25, 27.43000030517578, 28.6299991607666, 25.6200008392334, 29.3799991607666, 27.790000915527344, 26.559999465942383, 28.0, 29.780000686645508, 33.099998474121094, 33.43000030517578, 37.220001220703125, 32.9900016784668, 31.860000610351562, 30.6299991607666, 30.600000381469727, 28.110000610351562, 30.5, 30.899999618530273, 28.399999618530273, 27.059999465942383, 27.100000381469727, 28.329999923706055]
assets:[0, 99.9996369020462, 205.08060039081573, 292.3132525417328, 414.83927174186704, 553.1956906311035, 594.392884331131, 746.6610004840851, 797.1417502498626, 1018.3506712274551, 973.1526582889558, 1099.3958012962341, 1249.3143789016724, 1405.5364796722413, 1539.3206374282838, 2014.178088171387, 2058.7353668918613, 1894.005727946091, 1905.237080921936, 2109.125157141876, 2556.7501246112824, 3129.9977400669095, 3180.797375983429, 3785.5329006080624, 3774.5186059982298, 3509.611125223732, 2924.122411093521, 3368.0665385513307, 3643.42112490921, 3480.69225, 3737.1565035781864, 4000.647288728714, 3680.0415485469816, 4320.12615459652, 4186.327422916413, 4101.039213537979, 4423.384, 4804.58619078064, 5440.219759210968, 5594.4570630706785, 6328.706629562378, 5709.457527486039, 5613.8914075469975, 5497.15982338295, 5591.776749708938, 5236.760996705628, 5782.0070000000005, 5957.835106448746, 5575.808845105553, 5412.725101174164, 5520.725357711792, 5871.29616218834]
shares:[0, 5.8411, 11.3997, 17.3274, 22.831, 27.8688, 33.5058, 38.6871, 44.2365, 49.0535, 54.6715, 60.142, 65.3749, 70.3824, 75.2724, 79.2048, 83.2485, 87.8889, 92.7574, 97.3742, 101.3377, 104.6822, 108.0801, 111.0127, 114.0338, 117.3783, 121.5346, 125.2535, 128.7883, 132.5978, 136.2434, 139.7362, 143.6394, 147.0431, 150.6415, 154.4066, 157.978, 161.336, 164.3571, 167.3484, 170.0351, 173.0663, 176.205, 179.4698, 182.7378, 186.2953, 189.574, 192.8102, 196.3313, 200.0268, 203.7168, 207.2466]
growth_rate:15.12
