ticker:HEES
price:[21.360000610351562, 20.110000610351562, 20.790000915527344, 18.850000381469727, 21.790000915527344, 22.8700008392334, 23.139999389648438, 23.270000457763672, 21.040000915527344, 22.65999984741211, 25.3799991607666, 27.709999084472656, 27.81999969482422, 30.09000015258789, 28.860000610351562, 29.760000228881836, 30.25, 29.809999465942383, 31.709999084472656, 30.610000610351562, 31.399999618530273, 27.479999542236328, 30.010000228881836, 31.40999984741211, 30.0, 30.93000030517578, 33.560001373291016, 36.7599983215332, 35.529998779296875, 35.720001220703125, 37.81999969482422, 37.04999923706055, 38.880001068115234, 39.15999984741211, 38.900001525878906, 39.970001220703125, 38.61000061035156, 36.279998779296875, 37.400001525878906, 35.959999084472656, 34.08000183105469, 31.709999084472656, 33.54999923706055, 32.47999954223633, 31.969999313354492, 30.3799991607666, 32.70000076293945, 34.029998779296875, 33.59000015258789, 34.70000076293945, 32.2599983215332, 34.22999954223633]
assets:[0, 100.0010000350952, 203.38234195632936, 284.4031507555008, 428.7618480148315, 550.0120851831435, 656.5049226837158, 760.1936829544067, 787.3441862602234, 947.9674976165772, 1161.756771584511, 1368.4111977882385, 1473.8423798324586, 1694.1031165908814, 1724.8525684783936, 1878.6416784484861, 2009.57405, 2080.3444707298277, 2312.9400172210694, 2332.705499513245, 2492.9087697143555, 2281.6918419914246, 2591.759651766968, 2812.6681153362274, 2786.406, 2972.7843983314515, 3325.5612160835267, 3742.6567371097562, 3717.4256062805175, 3837.306859136963, 4162.904096408844, 4178.15064396286, 4484.520411199189, 4616.815174010468, 4686.162593817901, 4915.063086108398, 4847.82534463501, 4655.271671365356, 4898.985059873199, 4810.36188553009, 4658.875978312683, 4434.887538956451, 4792.2248560230255, 4739.387341204452, 4764.96854765892, 4627.9857801540375, 5081.406808556748, 5388.082005722046, 5418.416360614014, 5697.469465268708, 5396.839639205933, 5826.40460408249]
shares:[0, 4.9727, 9.7827, 15.0877, 19.677, 24.0495, 28.371, 32.6684, 37.4213, 41.8344, 45.7745, 49.3833, 52.9778, 56.3012, 59.7662, 63.1264, 66.4322, 69.7868, 72.9404, 76.2073, 79.392, 83.031, 86.3632, 89.5469, 92.8802, 96.1133, 99.093, 101.8133, 104.6278, 107.4274, 110.0715, 112.7706, 115.3426, 117.8962, 120.4669, 122.9688, 125.5588, 128.3151, 130.9889, 133.7698, 136.7041, 139.8577, 142.8383, 145.9171, 149.045, 152.3366, 155.3947, 158.3333, 161.3104, 164.1922, 167.292, 170.2134]
growth_rate:14.24
