ticker:HELE
price:[198.97000122070312, 196.77000427246094, 194.8000030517578, 185.89999389648438, 199.8300018310547, 198.11000061035156, 193.69000244140625, 207.11000061035156, 189.60000610351562, 208.0, 195.2100067138672, 197.5800018310547, 204.3800048828125, 211.57000732421875, 216.30999755859375, 220.3699951171875, 224.8300018310547, 222.19000244140625, 214.10000610351562, 220.82000732421875, 234.80999755859375, 244.25, 229.38999938964844, 227.3000030517578, 230.0800018310547, 216.8000030517578, 225.6999969482422, 227.16000366210938, 209.3000030517578, 214.5, 212.77999877929688, 212.64999389648438, 229.8000030517578, 226.38999938964844, 211.2100067138672, 226.0, 223.0, 222.86000061035156, 210.47999572753906, 206.61000061035156, 227.86000061035156, 217.25999450683594, 222.67999267578125, 232.44000244140625, 215.25, 216.75999450683594, 225.02999877929688, 223.38999938964844, 226.47999572753906, 238.8000030517578, 230.97999572753906, 236.25]
assets:[0, 99.99851617126464, 198.98820311737063, 289.8924504821777, 411.60983777160646, 508.0729075653076, 596.7395285217285, 738.0779091751099, 775.6725849700928, 950.9552000000001, 992.4867161346435, 1104.531484236145, 1242.5486776855469, 1386.2701589904784, 1517.3281088745116, 1645.8112715332031, 1779.124770489502, 1858.241647418213, 1890.5886938964843, 2049.93837399292, 2279.817228295898, 2471.46805, 2421.0967485580445, 2499.027153552246, 2629.5843409271242, 2577.817076286316, 2783.64834236145, 2901.65102277832, 2773.5180604400634, 2942.4251999999997, 3018.8375106811523, 3117.0023455352784, 3468.394426060486, 3516.9233625183106, 3381.1131504776, 3717.8808000000004, 3768.5216, 3866.153004588318, 3751.3849638519287, 3782.409281173706, 4271.4407854415895, 4172.738906497192, 4376.842060040283, 4668.673669036865, 4423.409025, 4554.430948580933, 4828.198647808837, 4893.000512631226, 5060.672856532287, 5435.971629469299, 5357.950568893432, 5580.201375000001]
shares:[0, 0.5082, 1.0215, 1.5594, 2.0598, 2.5646, 3.0809, 3.5637, 4.0911, 4.5719, 5.0842, 5.5903, 6.0796, 6.5523, 7.0146, 7.4684, 7.9132, 8.3633, 8.8304, 9.2833, 9.7092, 10.1186, 10.5545, 10.9944, 11.429, 11.8903, 12.3334, 12.7736, 13.2514, 13.7176, 14.1876, 14.6579, 15.0931, 15.5348, 16.0083, 16.4508, 16.8992, 17.3479, 17.823, 18.307, 18.7459, 19.2062, 19.6553, 20.0855, 20.5501, 21.0114, 21.4558, 21.9034, 22.3449, 22.7637, 23.1966, 23.6199]
growth_rate:9.42
