ticker:HEPA
price:[3.130000114440918, 3.0999999046325684, 3.4000000953674316, 3.0399999618530273, 3.130000114440918, 3.259999990463257, 3.4200000762939453, 3.5, 2.690000057220459, 2.690000057220459, 2.9200000762939453, 2.6600000858306885, 1.690000057220459, 1.600000023841858, 1.7400000095367432, 1.940000057220459, 2.1700000762939453, 2.190000057220459, 2.2200000286102295, 2.299999952316284, 2.299999952316284, 2.059999942779541, 2.2799999713897705, 2.9700000286102295, 2.309999942779541, 1.8799999952316284, 1.8600000143051147, 2.440000057220459, 2.1600000858306885, 1.899999976158142, 1.9900000095367432, 1.850000023841858, 1.649999976158142, 1.7300000190734863, 1.7300000190734863, 1.600000023841858, 1.590000033378601, 1.6299999952316284, 1.7000000476837158, 1.840000033378601, 2.140000104904175, 2.119999885559082, 2.259999990463257, 1.9900000095367432, 2.0299999713897705, 1.5199999809265137, 1.590000033378601, 1.5399999618530273, 1.4700000286102295, 1.4700000286102295, 1.4299999475479126, 1.559999942779541]
assets:[0, 100.00010692362785, 209.67766588129996, 287.4763803926468, 395.9872694783211, 512.4338565009356, 637.5841162233353, 752.4982500000001, 678.3486124295235, 778.348557556677, 944.8988846883774, 960.7641010011434, 710.4102830532552, 772.5777715123057, 940.1783811530113, 1148.2449058675766, 1384.376937672615, 1497.1361611172674, 1617.6447568473816, 1775.9382931811572, 1875.9383811079501, 1780.1882965518473, 2070.30541002109, 2796.845165942216, 2275.3238406384944, 1951.778771049571, 2031.0151116203785, 2764.3424328266146, 2547.122861213565, 2340.524660630286, 2551.391748227119, 2471.8969568565485, 2304.664856698489, 2516.4063007437226, 2616.406356846237, 2519.7977975479125, 2604.049107666361, 2769.5597238979817, 2988.497913825107, 3334.6094284916285, 3978.2959330186127, 4041.115161854267, 4407.981499399209, 3981.3643630800248, 4161.3917423505545, 3215.9189836455344, 3464.0206597195984, 3455.0890904148105, 3398.0397181351664, 3498.03970408144, 3502.8547985160467, 3921.2961961677074]
shares:[0, 32.2581, 61.6699, 94.5646, 126.5135, 157.1883, 186.4281, 214.9995, 252.1742, 289.3489, 323.5955, 361.1895, 420.3611, 482.8611, 540.3324, 591.8788, 637.9617, 683.6238, 728.6688, 772.1471, 815.6254, 864.1691, 908.0287, 941.6987, 984.9887, 1038.1802, 1091.9436, 1132.9272, 1179.2235, 1231.8551, 1282.1064, 1336.1605, 1396.7666, 1454.5701, 1512.3736, 1574.8736, 1637.7667, 1699.1164, 1757.9399, 1812.2877, 1859.0167, 1906.1865, 1950.4343, 2000.6856, 2049.9467, 2115.7362, 2178.6293, 2243.5644, 2311.5916, 2379.6188, 2449.5489, 2513.6515]
growth_rate:-23.11
