ticker:HERAU
price:[10.0600004196167, 10.0600004196167, 10.119999885559082, 9.989999771118164, 9.970000267028809, 10.079999923706055, 10.09000015258789, 10.055000305175781, 10.010000228881836, 10.010000228881836, 10.0, 10.0, 10.029999732971191, 10.005000114440918, 10.039999961853027, 10.010000228881836, 10.020000457763672, 10.069999694824219, 10.109999656677246, 10.210000038146973, 10.050000190734863, 10.0, 10.0, 9.960000038146973, 9.960000038146973, 9.90999984741211, 9.920000076293945]
assets:[0, 100.00042817115784, 200.59661373157502, 298.01967517204287, 397.42315364427566, 501.8075962018967, 602.3054061084747, 700.2161442520141, 797.0823042255403, 897.0822065120697, 996.186, 1096.186, 1199.474629066372, 1296.4849333296775, 1401.0207506768227, 1496.8343732255935, 1598.3293510196686, 1706.3050562896728, 1813.082854430008, 1931.016286214733, 2000.7550429715154, 2090.801, 2190.801, 2282.038196740246, 2382.038589123249, 2470.08034496727, 2572.572467785454]
shares:[0, 9.9404, 19.8218, 29.8318, 39.8619, 49.7825, 59.6933, 69.6386, 79.6286, 89.6186, 99.6186, 109.6186, 119.5887, 129.5837, 139.5439, 149.5339, 159.5139, 169.4444, 179.3356, 189.1299, 199.0801, 209.0801, 219.0801, 229.1203, 239.1605, 249.2513, 259.3319]
growth_rate:-1.05
