ticker:HERD
price:[24.06999969482422, 24.065000534057617, 24.458999633789062, 23.072999954223633, 23.884000778198242, 24.84000015258789, 24.459999084472656, 24.440000534057617, 23.149999618530273, 24.104000091552734, 25.809999465942383, 26.290000915527344, 27.420000076293945, 27.323999404907227, 27.323999404907227, 28.399999618530273, 28.143999099731445, 28.143999099731445, 29.406999588012695, 30.27199935913086, 30.312999725341797, 29.22800064086914, 30.08799934387207, 30.790000915527344, 30.631000518798828, 30.923999786376953, 30.520999908447266, 32.652000427246094, 32.67900085449219, 32.125, 32.83000183105469, 33.34000015258789, 33.94499969482422, 33.72999954223633, 33.4379997253418, 34.2130012512207, 34.310001373291016, 34.084999084472656, 34.45000076293945, 34.65999984741211, 34.810001373291016, 33.95800018310547, 34.38100051879883, 34.689998626708984, 34.16999816894531, 33.98500061035156, 34.25, 34.4010009765625, 34.54800033569336, 35.09600067138672, 34.4119987487793, 35.03200149536133]
assets:[0, 99.99970321922302, 201.63754708099364, 290.21219342422484, 400.4128846464157, 516.4409911724091, 608.5403172225953, 708.043923472023, 770.6727473007202, 902.4320698276521, 1066.3039939361572, 1186.1338583061217, 1337.1171097204208, 1432.436077202797, 1532.4364502248764, 1692.7819772624969, 1777.5243239406586, 1877.5255815418243, 2061.783555114746, 2222.430941750336, 2325.440554829788, 2342.206290956497, 2511.123363640022, 2669.7116883827207, 2755.9262524772644, 2882.2868620891572, 2944.724061066818, 3250.3270565299986, 3353.0158110748293, 3396.171475, 3570.7026211517336, 3726.1717690536498, 3893.7867864936825, 3969.1237281333924, 4034.762798858643, 4228.278764334488, 4340.266638723373, 4411.802081998444, 4559.047645965958, 4686.839557366562, 4807.121949645996, 4789.463512225341, 4949.12439608078, 5093.605347356796, 5117.251087783813, 5189.546976701355, 5330.0124000000005, 5453.511562512207, 5576.814219788361, 5765.272674289704, 5752.911920824051, 5956.561278259278]
shares:[0, 4.1554, 8.2439, 12.578, 16.7649, 20.7907, 24.879, 28.9707, 33.2904, 37.4391, 41.3136, 45.1173, 48.7643, 52.4241, 56.0839, 59.605, 63.1582, 66.7114, 70.112, 73.4154, 76.7143, 80.1357, 83.4593, 86.7071, 89.9718, 93.2055, 96.4819, 99.5445, 102.6046, 105.7174, 108.7634, 111.7628, 114.7087, 117.6734, 120.664, 123.5869, 126.5015, 129.4353, 132.3381, 135.2233, 138.096, 141.0408, 143.9494, 146.8321, 149.7586, 152.7011, 155.6208, 158.5277, 161.4222, 164.2715, 167.1775, 170.032]
growth_rate:16.8
