ticker:HERO
price:[26.709999084472656, 26.200000762939453, 27.059999465942383, 26.950000762939453, 27.020000457763672, 27.65999984741211, 27.25, 27.229999542236328, 26.5, 28.700000762939453, 27.209999084472656, 27.719999313354492, 28.59000015258789, 29.079999923706055, 29.65999984741211, 31.459999084472656, 30.829999923706055, 31.049999237060547, 32.58000183105469, 32.540000915527344, 33.959999084472656, 32.33000183105469, 34.86000061035156, 36.95000076293945, 36.02000045776367, 32.650001525878906, 31.40999984741211, 31.700000762939453, 31.530000686645508, 31.110000610351562, 32.119998931884766, 32.810001373291016, 33.31999969482422, 33.209999084472656, 32.40999984741211, 31.799999237060547, 30.1200008392334, 31.360000610351562, 32.40999984741211, 32.22999954223633, 32.869998931884766, 32.0099983215332, 31.950000762939453, 32.40999984741211, 31.690000534057617, 31.110000610351562, 31.510000228881836, 30.479999542236328, 29.149999618530273, 29.09000015258789, 28.975000381469727, 29.969999313354492]
assets:[0, 100.0001629119873, 203.28283398799897, 302.4571635623932, 403.2437848316193, 512.7942691711426, 605.192525, 704.747787152481, 785.85485, 951.0950652832032, 1001.7170692955018, 1120.4922682445526, 1255.6585117015838, 1377.1793603868484, 1504.6458602592468, 1695.9582146453859, 1761.9961556396486, 1874.5691839393614, 2066.9404761657715, 2164.401414896393, 2358.8513484077453, 2345.632156848145, 2629.1900500335696, 2886.822269606781, 2914.162117034912, 2741.516148123169, 2737.397191701889, 2862.6717388973234, 2947.320415185356, 3008.060180015564, 3205.7172213974, 3374.5841042461393, 3527.0385876960754, 3615.3932663314818, 3628.3027239177704, 3660.0145521896366, 3566.656887377739, 3813.4921062210083, 4041.176952973938, 4118.732878501511, 4300.520014253998, 4288.001757155609, 4379.96489958992, 4543.0263546112055, 4542.10242454605, 4558.971485443115, 4717.589006267547, 4663.378969963073, 4559.890715327263, 4650.504873393631, 4732.121727300644, 4994.623262567711]
shares:[0, 3.8168, 7.5123, 11.2229, 14.9239, 18.5392, 22.2089, 25.8813, 29.6549, 33.1392, 36.8143, 40.4218, 43.9195, 47.3583, 50.7298, 53.9084, 57.152, 60.3726, 63.442, 66.5151, 69.4597, 72.5528, 75.4214, 78.1278, 80.904, 83.9668, 87.1505, 90.3051, 93.4767, 96.6911, 99.8044, 102.8523, 105.8535, 108.8646, 111.9501, 115.0948, 118.4149, 121.6037, 124.6892, 127.7919, 130.8342, 133.9582, 137.0881, 140.1736, 143.3292, 146.5436, 149.7172, 152.998, 156.4285, 159.8661, 163.3174, 166.6541]
growth_rate:-2.07
