ticker:HEWG
price:[28.139999389648438, 28.549999237060547, 28.489999771118164, 27.420000076293945, 27.809999465942383, 28.520000457763672, 28.229999542236328, 27.65999984741211, 25.219999313354492, 27.010000228881836, 28.31999969482422, 28.399999618530273, 28.84000015258789, 28.809999465942383, 28.579999923706055, 29.719999313354492, 29.31999969482422, 29.229999542236328, 30.239999771118164, 29.610000610351562, 30.049999237060547, 29.139999389648438, 30.43000030517578, 30.549999237060547, 30.34000015258789, 29.75, 30.280000686645508, 31.170000076293945, 31.3700008392334, 31.610000610351562, 32.369998931884766, 32.63999938964844, 33.18000030517578, 32.650001525878906, 32.33000183105469, 32.7599983215332, 32.779998779296875, 32.83000183105469, 33.029998779296875, 33.4900016784668, 33.63999938964844, 33.15999984741211, 33.56999969482422, 33.040000915527344, 33.09000015258789, 32.7400016784668, 33.09000015258789, 32.790000915527344, 33.27000045776367, 33.72999954223633, 33.33000183105469, 33.45000076293945]
assets:[0, 99.99922732772828, 199.78897239494324, 292.2862328132629, 396.44266638679505, 506.563692130661, 601.4119102478027, 689.2678341976166, 728.4645481666565, 880.1667744585037, 1022.8560849777223, 1125.7447448789596, 1243.1856985774994, 1341.891988125038, 1431.1806501794815, 1588.2664833049776, 1666.8888946502684, 1761.7709934093475, 1922.6470894477843, 1982.5908888671875, 2112.0521763771058, 2148.0929370071412, 2343.186098499298, 2452.4256287544254, 2535.5684247520444, 2586.259725, 2732.3340299598694, 2912.643253129196, 3031.3333730964664, 3154.5263329101563, 3330.3711551074985, 3458.1491833343507, 3615.3625112525942, 3657.613155936432, 3721.7651507873534, 3871.2653816547395, 3973.6275100250245, 4079.689120539856, 4204.543785610962, 4363.100861671829, 4482.644294668579, 4518.683335206986, 4674.555317504883, 4700.752914256286, 4807.867825170517, 4857.015263002396, 5008.939211097717, 5063.527032378387, 5237.649594065094, 5410.065935577774, 5445.908987182617, 5565.514821940232]
shares:[0, 3.5026, 7.0126, 10.6596, 14.2554, 17.7617, 21.304, 24.9193, 28.8844, 32.5867, 36.1178, 39.6389, 43.1063, 46.5773, 50.0763, 53.441, 56.8516, 60.2727, 63.5796, 66.9568, 70.2846, 73.7163, 77.0025, 80.2758, 83.5718, 86.9331, 90.2356, 93.4438, 96.6316, 99.7952, 102.8845, 105.9482, 108.9621, 112.0249, 115.118, 118.1705, 121.2211, 124.2671, 127.2947, 130.2807, 133.2534, 136.2691, 139.248, 142.2746, 145.2967, 148.3511, 151.3732, 154.4229, 157.4286, 160.3933, 163.3936, 166.3831]
growth_rate:9.13
