ticker:HEXO
price:[2.7200000286102295, 2.759999990463257, 3.0959999561309814, 2.631999969482422, 2.6040000915527344, 3.052000045776367, 2.9839999675750732, 3.0759999752044678, 2.431999921798706, 3.5840001106262207, 3.0, 2.871999979019165, 3.4600000381469727, 4.320000171661377, 4.0, 4.199999809265137, 4.059999942779541, 3.680000066757202, 4.800000190734863, 7.210000038146973, 6.690000057220459, 6.349999904632568, 7.800000190734863, 7.440000057220459, 8.0600004196167, 6.989999771118164, 6.420000076293945, 7.489999771118164, 7.230000019073486, 6.340000152587891, 6.489999771118164, 6.460000038146973, 5.519999980926514, 5.679999828338623, 6.71999979019165, 7.329999923706055, 6.070000171661377, 5.840000152587891, 7.179999828338623, 6.690000057220459, 6.619999885559082, 5.679999828338623, 5.820000171661377, 5.559999942779541, 5.0, 4.380000114440918, 4.159999847412109, 3.9800000190734863, 3.880000114440918, 3.5399999618530273, 2.319999933242798, 2.430000066757202]
assets:[0, 100.00004365446568, 212.17383059358596, 280.37511274909974, 377.39252526855466, 542.3202649341583, 630.2372051516771, 749.6682567569495, 692.7155361256362, 1120.8440665967464, 1038.2064, 1093.909466408658, 1417.871339632225, 1870.2900743186474, 1831.75, 2023.337308114052, 2055.892621024847, 1963.4691876183986, 2661.0466657404895, 4097.113524677181, 3901.621413371086, 3803.3324428796773, 4771.810016685962, 4651.572851774883, 5139.203765555286, 4556.952105786323, 4285.35518692627, 5099.580575165367, 5022.559549250031, 4504.291782406997, 4710.859789862824, 4789.08420628004, 4192.220289514446, 4413.733610607815, 5321.882329842949, 5904.970240538406, 4989.928014116621, 4900.853376049805, 6125.364117553138, 5807.338174670935, 5846.57338292942, 5116.395029371929, 5342.503495577574, 5203.834686444998, 4779.7075, 4287.023662011624, 4171.6936069831845, 4091.1876876063347, 4088.394144587517, 3830.1326947265625, 2610.1433008940216, 2833.9003408531903]
shares:[0, 36.2319, 68.5316, 106.5255, 144.928, 177.6934, 211.2055, 243.7153, 284.8337, 312.7355, 346.0688, 380.8877, 409.7894, 432.9375, 457.9375, 481.747, 506.3775, 533.5514, 554.3847, 568.2543, 583.202, 598.95, 611.7705, 625.2114, 637.6183, 651.9245, 667.5008, 680.8519, 694.6832, 710.4561, 725.8644, 741.3443, 759.4602, 777.0658, 791.9468, 805.5894, 822.0639, 839.1872, 853.1148, 868.0625, 883.1682, 900.7738, 917.9559, 935.9415, 955.9415, 978.7725, 1002.811, 1027.9366, 1053.7098, 1081.9584, 1125.0618, 1166.2141]
growth_rate:-44.43
