ticker:HFBL
price:[11.5600004196167, 11.300000190734863, 11.505000114440918, 11.649999618530273, 11.524999618530273, 11.404999732971191, 11.274999618530273, 11.15999984741211, 11.979999542236328, 12.25, 12.604999542236328, 13.0, 13.550000190734863, 13.5, 13.5, 13.75, 13.75, 14.4399995803833, 14.505000114440918, 14.75, 14.904999732971191, 15.454999923706055, 14.545000076293945, 15.5, 14.75, 15.449999809265137, 15.0, 15.399999618530273, 15.494999885559082, 15.515000343322754, 16.06999969482422, 15.5, 15.510000228881836, 16.0, 16.239999771118164, 16.5, 16.5, 17.979999542236328, 17.290000915527344, 17.950000762939453, 17.149999618530273, 17.959999084472656, 19.950000762939453, 19.0, 19.75, 18.510000228881836, 18.31999969482422, 18.549999237060547, 17.6200008392334, 18.889999389648438, 18.5, 17.850000381469727]
assets:[0, 100.00048168792725, 201.81495950746535, 304.3585700340271, 401.09303672409055, 496.91697886552805, 591.2530874959946, 685.2228746311188, 835.5702260723115, 954.4024, 1082.061059703827, 1215.9693, 1367.4145292482376, 1462.3686, 1562.3685, 1691.300875, 1791.3004999999998, 1981.1910464279176, 2090.1095954904554, 2225.4136249999997, 2348.7999114203453, 2535.4715579835893, 2486.1812265409467, 2749.41945, 2716.3836, 2945.2968086394308, 2959.512, 3138.432142258644, 3257.7927359390255, 3361.998175395775, 3582.2632659713745, 3555.2009, 3657.495356973839, 3873.0448, 4031.139839186287, 4195.67775, 4295.6776500000005, 4780.9861622779845, 4697.5117037391665, 4976.826186532974, 4855.017402009202, 5184.320763724518, 5858.7526340538025, 5679.765, 6003.966425, 5727.008878816223, 5768.2222799125675, 5940.639110668563, 5742.807583527565, 6256.732374839782, 6227.55695, 6108.750295549202]
shares:[0, 8.8496, 17.5415, 26.1252, 34.802, 43.5701, 52.4393, 61.3999, 69.7471, 77.9104, 85.8438, 93.5361, 100.9162, 108.3236, 115.731, 123.0037, 130.2764, 137.2016, 144.0958, 150.8755, 157.5847, 164.0551, 170.9303, 177.3819, 184.1616, 190.6341, 197.3008, 203.7943, 210.248, 216.6934, 222.9162, 229.3678, 235.8153, 242.0653, 248.2229, 254.2835, 260.3441, 265.9058, 271.6895, 277.2605, 283.0914, 288.6593, 293.6718, 298.935, 303.9983, 309.4008, 314.8593, 320.2501, 325.9255, 331.2193, 336.6247, 342.2269]
growth_rate:19.78
