ticker:HFFG
price:[7.159999847412109, 6.75, 7.070000171661377, 6.329999923706055, 6.960000038146973, 7.230000019073486, 7.474999904632568, 7.590000152587891, 6.590000152587891, 6.800000190734863, 7.03000020980835, 7.804999828338623, 8.0600004196167, 8.420000076293945, 8.140000343322754, 8.039999961853027, 7.880000114440918, 7.519999980926514, 7.760000228881836, 7.28000020980835, 7.5, 7.829999923706055, 7.929999828338623, 8.029999732971191, 7.840000152587891, 7.369999885559082, 7.269999980926514, 8.34000015258789, 8.170000076293945, 7.5, 7.670000076293945, 7.230000019073486, 6.75, 6.599999904632568, 6.230000019073486, 5.699999809265137, 6.150000095367432, 6.25, 6.110000133514404, 5.929999828338623, 5.929999828338623, 5.590000152587891, 5.300000190734863, 5.460000038146973, 5.360000133514404, 5.309999942779541, 5.289999961853027, 5.170000076293945, 5.159999847412109, 5.420000076293945, 5.360000133514404, 5.710000038146973]
assets:[0, 99.9999, 204.74084197115897, 283.3111735853195, 411.5079142554283, 527.4718813915252, 645.3458942665577, 755.2740841838837, 755.7649414993286, 879.8486246790886, 1009.6085591314792, 1220.9095861475946, 1360.7980808453558, 1521.578213787079, 1570.9793662595748, 1651.6797041633604, 1718.8108409622191, 1740.2866675859927, 1895.827807917595, 1878.5603741397856, 2035.3297499999999, 2224.8842993211747, 2353.2988190579417, 2482.9746864314084, 2524.2244651283263, 2472.899544600964, 2539.346290337801, 3013.087765127182, 3051.6698664974215, 2901.41025, 3067.1755055093763, 2991.2230818911553, 2892.63555, 2928.3546176864147, 2864.189553768873, 2720.5266889650343, 3035.3054870681763, 3184.66, 3213.323612216854, 3218.6592148263935, 3318.6591739315986, 3228.3821671237947, 3160.898913753509, 3356.3220834493636, 3394.8509565637114, 3463.182493680811, 3550.1385473994255, 3569.606389676857, 3662.7015356891634, 3947.256517563057, 4003.559907726288, 4364.986118161297]
shares:[0, 14.8148, 28.9591, 44.7569, 59.1247, 72.956, 86.3339, 99.5091, 114.6836, 129.3895, 143.6143, 156.4266, 168.8335, 180.71, 192.995, 205.4328, 218.1232, 231.4211, 244.3077, 258.044, 271.3773, 284.1487, 296.759, 309.2123, 321.9674, 335.5359, 349.2911, 361.2815, 373.5214, 386.8547, 399.8925, 413.7238, 428.5386, 443.6901, 459.7415, 477.2854, 493.5456, 509.5456, 525.9122, 542.7756, 559.639, 577.5281, 596.396, 614.711, 633.3677, 652.2001, 671.1037, 690.4461, 709.8259, 728.2761, 746.9328, 764.4459]
growth_rate:-14.41
