ticker:HFWA
price:[20.850000381469727, 19.34000015258789, 19.489999771118164, 17.780000686645508, 18.969999313354492, 20.440000534057617, 20.6200008392334, 21.81999969482422, 20.959999084472656, 20.149999618530273, 24.1299991607666, 24.31999969482422, 24.329999923706055, 24.43000030517578, 23.760000228881836, 23.09000015258789, 23.030000686645508, 23.389999389648438, 24.739999771118164, 25.950000762939453, 25.6200008392334, 23.600000381469727, 23.829999923706055, 23.760000228881836, 24.5, 25.889999389648438, 28.530000686645508, 30.639999389648438, 29.260000228881836, 29.18000030517578, 28.600000381469727, 28.43000030517578, 28.280000686645508, 28.389999389648438, 28.100000381469727, 28.899999618530273, 29.049999237060547, 29.219999313354492, 29.010000228881836, 28.809999465942383, 27.780000686645508, 24.59000015258789, 25.270000457763672, 23.959999084472656, 23.899999618530273, 23.030000686645508, 22.75, 24.190000534057617, 25.09000015258789, 25.239999771118164, 24.8799991607666, 25.639999389648438]
assets:[0, 99.99940478897095, 200.77428364219665, 283.15895693531036, 402.1108694450378, 533.2714379333496, 637.9683919652939, 775.0965751594543, 844.5475311103821, 911.910397736168, 1192.0291975416185, 1301.414255669403, 1401.9505546037674, 1507.7121268341066, 1566.363759088898, 1622.1948877201082, 1717.980476222038, 1844.8347438598632, 2051.3121330223084, 2251.6400461990356, 2323.006468094635, 2239.850076204872, 2361.6792914388657, 2454.7430396467207, 2631.19465, 2880.4747300933836, 3274.1970278017043, 3616.347207962036, 3553.469023796463, 3643.7533261077883, 3671.327708968544, 3749.5048052482607, 3829.7229409866336, 3944.620075195312, 4004.325924360466, 4218.327754319572, 4340.220946012879, 4465.619445061683, 4533.526181768417, 4602.270650686645, 4537.732546160317, 4116.661105545044, 4330.50228944664, 4206.007723285675, 4295.475231439591, 4239.1138023902895, 4287.5742, 4658.962655858803, 4932.302625996399, 5061.791090098572, 5089.594444321632, 5345.065548762513]
shares:[0, 5.1706, 10.3014, 15.9257, 21.1972, 26.0896, 30.9393, 35.5223, 40.2933, 45.2561, 49.4003, 53.5121, 57.6223, 61.7156, 65.9244, 70.2553, 74.5975, 78.8728, 82.9148, 86.7684, 90.6716, 94.9089, 99.1053, 103.3141, 107.3957, 111.2582, 114.7633, 118.027, 121.4446, 124.8716, 128.3681, 131.8855, 135.4216, 138.944, 142.5027, 145.9629, 149.4052, 152.8275, 156.2746, 159.7456, 163.3453, 167.412, 171.3693, 175.5429, 179.727, 184.0692, 188.4648, 192.5987, 196.5844, 200.5464, 204.5657, 208.4659]
growth_rate:4.81
