ticker:HGBL
price:[2.7799999713897705, 2.359999895095825, 2.509999990463257, 2.25, 1.7300000190734863, 1.8600000143051147, 1.9299999475479126, 1.850000023841858, 1.7000000476837158, 1.7699999809265137, 1.5700000524520874, 1.600000023841858, 1.600000023841858, 1.899999976158142, 2.180000066757202, 3.0399999618530273, 3.130000114440918, 2.6600000858306885, 2.7100000381469727, 2.9800000190734863, 2.990000009536743, 2.9800000190734863, 3.1700000762939453, 2.9600000381469727, 3.1500000953674316, 3.5, 3.0799999237060547, 3.0, 3.0, 2.950000047683716, 2.930000066757202, 2.9800000190734863, 3.130000114440918, 2.950000047683716, 3.130000114440918, 3.119999885559082, 2.9200000762939453, 2.9700000286102295, 2.8299999237060547, 2.700000047683716, 2.880000114440918, 2.5199999809265137, 2.7699999809265137, 2.4800000190734863, 2.1500000953674316, 1.8799999952316284, 1.9900000095367432, 2.0299999713897705, 2.0299999713897705, 1.7699999809265137, 1.7799999713897705, 2.0899999141693115]
assets:[0, 100.0000395549059, 206.35588421595097, 284.980275, 319.118225518322, 443.0981314078331, 559.7739037868857, 636.5709482038021, 684.9570492125273, 813.1611782373905, 821.278645438075, 936.9718539619683, 1036.9718554520846, 1331.4040832930805, 1627.6111578416346, 2369.6960822642327, 2539.8517388635637, 2258.4682848743914, 2400.9207397962573, 2740.1267055381772, 2849.321705088043, 2939.7920708161355, 3227.2284046712875, 3113.4372641243936, 3413.2862383385186, 3892.5400499999996, 3525.4350566722865, 3533.8652999999995, 3633.8651999999997, 3673.3008243751287, 3748.397137403583, 3912.3627570410727, 4209.293952902699, 4067.2258357425217, 4415.395696438312, 4501.288730893707, 4312.74492068367, 4486.593121219683, 4375.103755051613, 4274.127345483804, 4659.069209134769, 4176.685264387322, 4691.039010698748, 4299.919513070345, 3827.752884787417, 3447.0581992569923, 3748.747888965249, 3924.099564694882, 4024.09959628551, 3608.6977321127415, 3729.085878061795, 4478.533326078653]
shares:[0, 42.3729, 82.2135, 126.6579, 184.4614, 238.2248, 290.0383, 344.0924, 402.9159, 459.4131, 523.1074, 585.6074, 648.1074, 700.739, 746.6106, 779.5053, 811.4542, 849.0482, 885.9486, 919.5056, 952.9504, 986.5074, 1018.0531, 1051.8369, 1083.5829, 1112.1543, 1144.6218, 1177.9551, 1211.2884, 1245.1867, 1279.3164, 1312.8734, 1344.8223, 1378.7206, 1410.6695, 1442.7208, 1476.9674, 1510.6374, 1545.9731, 1583.0101, 1617.7323, 1657.4148, 1693.5159, 1733.8385, 1780.3501, 1833.5416, 1883.7929, 1933.054, 1982.3151, 2038.8123, 2094.9921, 2142.839]
growth_rate:-12.19
