ticker:HGEN
price:[11.25, 9.949999809265137, 9.649999618530273, 9.770000457763672, 9.850000381469727, 12.25, 15.0, 12.960000038146973, 10.699999809265137, 11.720000267028809, 9.4399995803833, 8.850000381469727, 9.539999961853027, 9.84000015258789, 9.470000267028809, 15.510000228881836, 21.65999984741211, 17.5, 17.219999313354492, 18.229999542236328, 19.59000015258789, 17.959999084472656, 20.389999389648438, 20.020000457763672, 23.829999923706055, 18.59000015258789, 15.210000038146973, 16.06999969482422, 15.399999618530273, 13.989999771118164, 19.209999084472656, 17.25, 14.729999542236328, 15.869999885559082, 19.260000228881836, 19.360000610351562, 17.739999771118164, 20.059999465942383, 20.229999542236328, 18.579999923706055, 21.110000610351562, 18.219999313354492, 17.979999542236328, 17.0, 17.010000228881836, 16.190000534057617, 16.31999969482422, 16.1200008392334, 15.899999618530273, 16.920000076293945, 16.18000030517578, 17.389999389648438]
assets:[0, 100.0004830830574, 196.98544221305846, 299.4348820297241, 401.88691056423187, 599.809, 834.4604999999999, 820.9732344164848, 777.8097361350059, 951.9558496893883, 866.762825471592, 912.5899143362046, 1083.7411336665152, 1217.8210508846282, 1272.0293758678436, 2183.3349772195816, 3149.0672358158113, 2644.2605, 2701.952208259964, 2960.4297846622467, 3281.283886558151, 3108.2616095535277, 3628.8122693756104, 3662.963387754822, 4460.060913720703, 3579.3335013793944, 3028.5452415956497, 3299.7848113357545, 3262.2080991926196, 3063.5259528795245, 4306.599407752228, 3967.1964000000003, 3487.6411406147004, 3857.5605471825597, 4781.576252823257, 4906.403018681335, 4595.846746704292, 5296.880972981071, 5441.770749863815, 5097.928355066681, 5892.10304335785, 5185.462820578766, 5217.157577173232, 5032.7973, 5135.757927105331, 4988.179639544487, 5128.233504104614, 5165.388288918495, 5194.892395365143, 5628.150385377884, 5482.002533397675, 5991.966010694885]
shares:[0, 10.0503, 20.413, 30.6484, 40.8007, 48.964, 55.6307, 63.3467, 72.6925, 81.2249, 91.8181, 103.1175, 113.5997, 123.7623, 134.322, 140.7695, 145.3863, 151.1006, 156.9078, 162.3933, 167.4979, 173.0658, 177.9702, 182.9652, 187.1616, 192.5408, 199.1154, 205.3382, 211.8317, 218.9797, 224.1853, 229.9824, 236.7713, 243.0725, 248.2646, 253.4299, 259.0669, 264.0519, 268.9951, 274.3772, 279.1143, 284.6028, 290.1645, 296.0469, 301.9258, 308.1025, 314.23, 320.4335, 326.7228, 332.633, 338.8135, 344.5639]
growth_rate:17.49
