ticker:HGSH
price:[0.9800000190734863, 0.9700000286102295, 0.9200000166893005, 0.9399999976158142, 1.159999966621399, 1.0299999713897705, 1.3200000524520874, 1.4199999570846558, 1.350000023841858, 1.3799999952316284, 1.3899999856948853, 1.4700000286102295, 1.5, 2.5799999237060547, 2.0, 2.0899999141693115, 1.9299999475479126, 1.7799999713897705, 1.8799999952316284, 1.8799999952316284, 2.299999952316284, 1.8600000143051147, 2.2100000381469727, 2.4700000286102295, 2.450000047683716, 2.0799999237060547, 1.7100000381469727, 2.25, 2.200000047683716, 2.059999942779541, 2.0399999618530273, 2.25, 2.069999933242798, 2.2200000286102295, 2.3299999237060547, 1.9900000095367432, 1.6799999475479126, 1.9299999475479126, 1.909999966621399, 2.0999999046325684, 2.309999942779541, 2.0999999046325684, 2.130000114440918, 2.059999942779541, 1.9600000381469727, 2.2300000190734863, 1.940000057220459, 1.9700000286102295, 1.9299999475479126, 1.940000057220459, 1.7599999904632568, 1.8799999952316284]
assets:[0, 100.00001894950866, 194.84542353460193, 299.08120924142, 469.0789305024147, 516.5097596529483, 761.9349182765721, 919.6571502060532, 974.3220172071457, 1095.9736402130366, 1203.9154056099653, 1373.2055247263431, 1501.23015, 2682.1158046863557, 2179.1596, 2377.221705373883, 2295.233523621869, 2216.847564368248, 2441.389613807738, 2541.3896335541012, 3209.1469234678034, 2695.2231627287506, 3302.388913002777, 3790.9051619103907, 3860.2095401302577, 3377.2388841236116, 2876.4801551690102, 3884.842125, 3898.512284497976, 3750.424977824736, 3814.0131006798742, 4306.632075, 4062.101421997809, 4456.456695432544, 4777.272005572128, 4180.159593032718, 3628.978806697905, 4269.005483980179, 4324.7670844216345, 4854.979279520511, 5440.477215235233, 5045.888170850754, 5217.972892351913, 5146.4898230463505, 4996.660437248706, 5784.975734479666, 5132.669597388506, 5312.040658146548, 5304.181799846935, 5431.664928207398, 5027.695876756907, 5470.493358124816]
shares:[0, 103.0928, 211.7885, 318.1715, 404.3784, 501.4658, 577.2234, 647.6459, 721.72, 794.1838, 866.1262, 934.1534, 1000.8201, 1039.5798, 1089.5798, 1137.4267, 1189.2402, 1245.42, 1298.6115, 1351.803, 1395.2813, 1449.0447, 1494.2936, 1534.7794, 1575.5957, 1623.6726, 1682.1521, 1726.5965, 1772.051, 1820.5947, 1869.6143, 1914.0587, 1962.3679, 2007.4129, 2050.3314, 2100.5827, 2160.1065, 2211.92, 2264.276, 2311.895, 2355.185, 2402.804, 2449.7524, 2498.2961, 2549.3165, 2594.1595, 2645.7059, 2696.4673, 2748.2808, 2799.8272, 2856.6454, 2909.8369]
growth_rate:7.26
