ticker:HHR
price:[20.670000076293945, 21.239999771118164, 22.860000610351562, 23.84000015258789, 24.030000686645508, 23.68000030517578, 23.1200008392334, 23.040000915527344, 22.940000534057617, 23.850000381469727, 25.6299991607666, 24.190000534057617, 24.65999984741211, 25.700000762939453, 28.59000015258789, 28.84000015258789, 31.15999984741211, 30.25, 29.229999542236328, 28.889999389648438, 29.559999465942383, 30.90999984741211, 32.40999984741211, 31.25, 32.29999923706055, 34.790000915527344, 32.75, 34.880001068115234, 36.06999969482422, 34.11000061035156, 34.380001068115234, 34.9900016784668, 38.09000015258789, 36.540000915527344, 41.09000015258789, 42.060001373291016, 38.650001525878906, 39.939998626708984, 41.16999816894531, 37.119998931884766, 37.540000915527344, 38.45000076293945, 38.68000030517578, 43.04999923706055, 45.2599983215332, 44.040000915527344, 45.02000045776367, 42.630001068115234, 43.70000076293945, 48.5, 50.88999938964844, 54.20000076293945]
assets:[0, 100.00004292240143, 207.6282415435791, 316.52845002593995, 419.05197297420506, 512.9490626106262, 600.8194618091583, 698.7410197654724, 795.7083285245895, 927.273704831314, 1096.4795570966721, 1134.8738750553132, 1256.9251242225646, 1409.9354518558503, 1668.4838189048767, 1783.0733854339599, 2026.509286076355, 2067.3273499999996, 2097.6178421497348, 2173.218425086975, 2323.61696601944, 2529.7362075119017, 2752.500262041092, 2753.984375, 2946.518980401993, 3273.6660271492, 3181.7050750000003, 3488.63841083107, 3707.660517630768, 3606.191128527832, 3734.737334030533, 3901.003796130752, 4346.621322412491, 4269.742954980469, 4901.416559201431, 5117.124917078018, 4802.254959590148, 5062.5386099304205, 5318.447405459595, 4895.259251140595, 5050.646739175415, 5273.079244630432, 5404.621062641143, 6115.226561624908, 6529.157571866227, 6453.1637181518545, 6696.761084092713, 6441.24821938858, 6702.920247023391, 7539.1698, 8010.686405923462, 8631.718681503296]
shares:[0, 4.7081, 9.0826, 13.2772, 17.4387, 21.6617, 25.987, 30.3273, 34.6865, 38.8794, 42.7811, 46.915, 50.9702, 54.8613, 58.359, 61.8264, 65.0356, 68.3414, 71.7625, 75.2239, 78.6068, 81.842, 84.9275, 88.1275, 91.2235, 94.0979, 97.1513, 100.0183, 102.7907, 105.7224, 108.6311, 111.4891, 114.1145, 116.8512, 119.2849, 121.6625, 124.2498, 126.7536, 129.1826, 131.8766, 134.5404, 137.1412, 139.7265, 142.0494, 144.2589, 146.5296, 148.7508, 151.0966, 153.3849, 155.4468, 157.4118, 159.2568]
growth_rate:69.25
