ticker:HIBB
price:[32.86000061035156, 37.939998626708984, 40.029998779296875, 37.650001525878906, 44.61000061035156, 55.400001525878906, 48.81999969482422, 44.209999084472656, 37.810001373291016, 39.369998931884766, 37.88999938964844, 42.63999938964844, 44.88999938964844, 46.66999816894531, 46.13999938964844, 42.56999969482422, 47.470001220703125, 46.18000030517578, 53.279998779296875, 54.310001373291016, 54.279998779296875, 56.45000076293945, 59.939998626708984, 61.130001068115234, 64.7699966430664, 64.26000213623047, 58.0, 66.91000366210938, 76.04000091552734, 70.43000030517578, 69.44999694824219, 72.70999908447266, 72.08000183105469, 73.56999969482422, 79.44999694824219, 81.66999816894531, 82.0199966430664, 77.0, 84.76000213623047, 84.55000305175781, 83.4000015258789, 72.12000274658203, 82.37000274658203, 94.87999725341797, 96.8499984741211, 86.12999725341797, 91.4800033569336, 88.66000366210938, 85.05999755859375, 87.41999816894531, 85.13999938964844, 89.83999633789062]
assets:[0, 99.99845438041687, 205.5060077331543, 293.2859818862915, 447.5007601226807, 655.7421180610656, 677.8559317626954, 713.8455922172546, 710.5066408061981, 839.8211322154998, 908.2498083694459, 1122.1099599380493, 1281.3221865783692, 1432.1295648117066, 1515.8650839477539, 1498.5789282569885, 1771.072516543579, 1822.9416580467223, 2203.2131975219727, 2345.8064583164214, 2444.5106010253908, 2642.238250710678, 2905.591433429718, 3063.2793705242157, 3345.6812225982667, 3419.3389736709596, 3186.2358, 3775.7047426513673, 4390.907040866852, 4166.955753055572, 4208.975395050049, 4506.54393025589, 4567.493476028442, 4761.906514247132, 5242.5001036300655, 5488.983407936096, 5612.505340290069, 5368.9944, 6010.077471473694, 6095.184355000305, 6112.277691829682, 5385.5828411018365, 6251.001849436188, 7300.380092668915, 7551.956111018372, 6816.052366644287, 7339.431521326446, 7213.182845941162, 7020.290802502442, 7315.069412782288, 7224.282200210571, 7723.086301187133]
shares:[0, 2.6357, 5.1338, 7.7898, 10.0314, 11.8365, 13.8848, 16.1467, 18.7915, 21.3315, 23.9707, 26.3159, 28.5436, 30.6863, 32.8536, 35.2027, 37.3093, 39.4747, 41.3516, 43.1929, 45.0352, 46.8067, 48.475, 50.1109, 51.6548, 53.211, 54.9351, 56.4296, 57.7447, 59.1645, 60.6044, 61.9797, 63.367, 64.7262, 65.9849, 67.2093, 68.4285, 69.7272, 70.907, 72.0897, 73.2887, 74.6753, 75.8893, 76.9433, 77.9758, 79.1368, 80.2299, 81.3578, 82.5334, 83.6773, 84.8518, 85.9649]
growth_rate:51.43
