ticker:HIFS
price:[191.1999969482422, 185.6699981689453, 190.0, 183.9499969482422, 183.8000030517578, 198.9499969482422, 205.85000610351562, 206.57000732421875, 201.97000122070312, 207.0399932861328, 217.39999389648438, 226.24000549316406, 222.83999633789062, 228.24000549316406, 224.64999389648438, 222.99000549316406, 216.14999389648438, 216.0, 220.52999877929688, 228.5800018310547, 237.75, 219.25999450683594, 236.3000030517578, 251.77999877929688, 245.0, 242.3800048828125, 271.3699951171875, 294.70001220703125, 283.1099853515625, 279.5, 285.510009765625, 285.0, 297.3999938964844, 298.1499938964844, 304.1400146484375, 307.05999755859375, 294.0, 296.0899963378906, 290.25, 292.29998779296875, 294.29998779296875, 287.55999755859375, 292.25, 296.0400085449219, 300.32000732421875, 302.5, 300.0299987792969, 299.0, 299.82000732421875, 302.260009765625, 306.5400085449219, 320.95001220703125]
assets:[0, 100.00186101379394, 202.331, 295.8835700912476, 395.6478865692139, 528.2520318969727, 646.5748691711426, 748.8369335510255, 832.1567990295409, 953.0464970947266, 1100.7396490966796, 1245.4964782409668, 1326.7893381958006, 1458.932939112854, 1535.976938269043, 1624.6382830215455, 1674.79499770813, 1773.6408, 1910.8483334228515, 2080.603750666809, 2264.069475, 2187.9954851837156, 2458.039891744995, 2719.0729188171385, 2745.8619999999996, 2816.504132739258, 3253.3734604614256, 3633.061750488281, 3590.1743462402346, 3644.4004999999997, 3822.779173754883, 3915.957, 4186.321274084473, 4296.878082037353, 4483.206299926758, 4626.258041217041, 4529.4816, 4661.670511343384, 4669.71615, 4802.693409429932, 4935.557945281982, 4922.538306207276, 5102.831125, 5269.008884085083, 5445.192148797607, 5584.72475, 5639.123833056641, 5719.7504, 5835.426784552003, 5982.904407299805, 6167.615625924683, 6557.5543644104]
shares:[0, 0.5386, 1.0649, 1.6085, 2.1526, 2.6552, 3.141, 3.6251, 4.1202, 4.6032, 5.0632, 5.5052, 5.954, 6.3921, 6.8372, 7.2857, 7.7483, 8.2113, 8.6648, 9.1023, 9.5229, 9.979, 10.4022, 10.7994, 11.2076, 11.6202, 11.9887, 12.328, 12.6812, 13.039, 13.3893, 13.7402, 14.0764, 14.4118, 14.7406, 15.0663, 15.4064, 15.7441, 16.0886, 16.4307, 16.7705, 17.1183, 17.4605, 17.7983, 18.1313, 18.4619, 18.7952, 19.1296, 19.4631, 19.7939, 20.1201, 20.4317]
growth_rate:28.58
