ticker:HIHO
price:[2.5999999046325684, 2.7899999618530273, 2.9200000762939453, 3.0299999713897705, 2.819999933242798, 3.7899999618530273, 4.429999828338623, 3.890000104904175, 3.7300000190734863, 4.0, 3.9600000381469727, 3.950000047683716, 3.819999933242798, 4.03000020980835, 3.809999942779541, 3.950000047683716, 3.990000009536743, 4.090000152587891, 4.340000152587891, 4.289999961853027, 4.300000190734863, 4.800000190734863, 4.610000133514404, 4.75, 4.920000076293945, 4.570000171661377, 3.2100000381469727, 3.6700000762939453, 3.640000104904175, 3.3399999141693115, 3.690000057220459, 3.609999895095825, 3.2699999809265137, 3.4000000953674316, 3.369999885559082, 3.3399999141693115, 3.1500000953674316, 3.4700000286102295, 3.490000009536743, 3.5199999809265137, 3.569999933242798, 3.509999990463257, 4.039999961853027, 3.8299999237060547, 4.159999847412109, 3.9200000762939453, 3.490000009536743, 3.4000000953674316, 3.690000057220459, 4.099999904632568, 4.150000095367432, 4.050000190734863]
assets:[0, 100.00001563272477, 204.65959334735868, 312.3693630505085, 390.720014750576, 625.1165297080994, 830.6772418114662, 829.4207653675318, 895.3059365781784, 1060.1136, 1149.5123750733374, 1246.6097450488567, 1305.5820051840305, 1477.354955913496, 1496.7051375217438, 1651.7023949390648, 1768.4286522268294, 1912.750330360031, 2129.6667188758847, 2205.131194391823, 2310.2714224765778, 2678.907466450214, 2672.8674744113446, 2854.038925, 3056.18350739193, 2938.771971388102, 2164.2138047190665, 2574.3505465169906, 2653.306732467842, 2534.6274048656223, 2900.23229697361, 2937.3543906424525, 2760.7059858971597, 2970.45904331913, 3044.24895662117, 3117.148773896098, 3039.8260070318697, 3448.633503434062, 3568.51035175128, 3699.1852279555796, 3851.7304049745794, 3886.9954004389524, 4573.920700811576, 4436.167500631142, 4918.3961075943, 4734.642732149124, 4315.2813587919, 4303.999260723925, 4771.105129985047, 5401.227534365558, 5567.096477932453, 5532.949880574417]
shares:[0, 35.8423, 70.0889, 103.0922, 138.5532, 164.9384, 187.5118, 213.2187, 240.0284, 265.0284, 290.2809, 315.5974, 341.7754, 366.5893, 392.836, 418.1525, 443.2152, 467.6651, 490.7066, 514.0166, 537.2724, 558.1057, 579.7977, 600.8503, 621.1755, 643.0573, 674.2099, 701.4579, 728.9304, 758.8705, 785.9708, 813.6716, 844.2526, 873.6644, 903.338, 933.2781, 965.0241, 993.8425, 1022.4958, 1050.9049, 1078.9161, 1107.4061, 1132.1586, 1158.2683, 1182.3068, 1207.817, 1236.4703, 1265.8821, 1292.9824, 1317.3726, 1341.469, 1366.1604]
growth_rate:8.49
