ticker:HIIIU
price:[10.109999656677246, 10.289999961853027, 10.09000015258789, 10.0, 9.902000427246094, 9.920000076293945, 9.960000038146973, 10.010000228881836, 10.010000228881836, 9.989999771118164, 10.039999961853027, 9.949999809265137, 9.979999542236328, 10.0, 10.0, 9.970000267028809, 9.949999809265137, 9.989999771118164, 9.989999771118164, 9.989999771118164, 10.0, 10.0, 9.899999618530273, 9.920000076293945, 9.850000381469727, 9.850000381469727, 9.859999656677246, 9.829999923706055]
assets:[0, 100.00027762928009, 198.05661299514773, 296.29, 393.3866729736328, 494.1013158000946, 596.0940502830505, 699.0864039848328, 799.0863062713623, 897.4895914375306, 1001.9819561929703, 1093.0005140479088, 1196.295559128189, 1298.6930000000002, 1398.6930000000002, 1494.4970580274583, 1591.4994844920159, 1697.8973640993117, 1797.8972618082046, 1897.8971595170976, 1999.797, 2099.797, 2178.7988460458755, 2283.200113559914, 2367.0890516723634, 2467.0892105451585, 2569.593804527378, 2661.7752433410647]
shares:[0, 9.7182, 19.629, 29.629, 39.728, 49.8086, 59.8488, 69.8388, 79.8288, 89.8388, 99.799, 109.8493, 119.8693, 129.8693, 139.8693, 149.8994, 159.9497, 169.9597, 179.9697, 189.9797, 199.9797, 209.9797, 220.0807, 230.1613, 240.3136, 250.4659, 260.6079, 270.7808]
growth_rate:-1.42
