ticker:HIMX
price:[3.5, 3.4000000953674316, 3.549999952316284, 3.3499999046325684, 3.4700000286102295, 3.869999885559082, 3.690000057220459, 3.799999952316284, 3.5299999713897705, 3.8299999237060547, 4.190000057220459, 5.159999847412109, 6.909999847412109, 6.809999942779541, 6.769999980926514, 6.699999809265137, 6.760000228881836, 7.389999866485596, 7.480000019073486, 8.069999694824219, 8.6899995803833, 9.479999542236328, 12.5600004196167, 15.859999656677246, 15.069999694824219, 13.470000267028809, 11.430000305175781, 12.460000038146973, 13.15999984741211, 12.260000228881836, 13.770000457763672, 15.369999885559082, 12.399999618530273, 13.819999694824219, 13.119999885559082, 12.859999656677246, 11.069999694824219, 10.359999656677246, 13.109999656677246, 13.399999618530273, 14.239999771118164, 14.0, 14.140000343322754, 14.739999771118164, 15.149999618530273, 14.010000228881836, 13.199999809265137, 13.670000076293945, 13.920000076293945, 13.520000457763672, 12.039999961853027, 12.449999809265137]
assets:[0, 100.00012280492783, 204.4118372543335, 292.8955166618824, 403.3871563259363, 549.8871227391243, 624.3111096811294, 742.922030677557, 790.1354255960464, 957.2858839307785, 1147.265591667557, 1512.8613872627259, 2125.9443730545045, 2195.1782845551966, 2282.2841145699977, 2358.686022853184, 2479.808739962006, 2810.915035215473, 2945.148279509926, 3277.45283605957, 3629.25231975317, 4059.1841239929204, 5477.991431014061, 7017.272708096504, 6767.7364319496155, 6149.197903901481, 5317.916226985932, 5897.133610054398, 6328.433366622925, 5995.63786793251, 6834.089783189392, 7728.174272458077, 6334.831205117225, 7160.27174988556, 6897.595907834816, 6860.90498083477, 6005.926490429687, 5720.722398419476, 7339.254428800678, 7601.602703598404, 8178.1215805517195, 8140.2888, 8321.691384052754, 8774.804407745361, 9118.880215390967, 8532.707980399131, 8139.382562389088, 8529.194231602478, 8785.177920150567, 8632.7298522892, 7787.726019325733, 8152.922215096664]
shares:[0, 29.4118, 57.5808, 87.4315, 116.2499, 142.0897, 169.19, 195.5058, 223.8344, 249.9441, 273.8104, 293.1902, 307.662, 322.3463, 337.1173, 352.0427, 366.8356, 380.3674, 393.7364, 406.128, 417.6355, 428.184, 436.1458, 442.451, 449.0867, 456.5106, 465.2595, 473.2852, 480.884, 489.0406, 496.3028, 502.809, 510.8735, 518.1094, 525.7314, 533.5074, 542.5408, 552.1933, 559.8211, 567.2838, 574.3063, 581.4492, 588.5213, 595.3056, 601.9063, 609.0441, 616.6199, 623.9352, 631.1191, 638.5155, 646.8211, 654.8532]
growth_rate:59.86
