ticker:HJLIW
price:[0.09000000357627869, 0.0989999994635582, 0.09000000357627869, 0.09600000083446503, 0.10999999940395355, 0.09799999743700027, 0.09099999815225601, 0.07500000298023224, 0.07000000029802322, 0.09700000286102295, 0.052000001072883606, 0.05299999937415123, 0.06499999761581421, 0.07999999821186066, 0.17599999904632568, 0.3100000023841858, 0.25, 0.3149999976158142, 0.3499999940395355, 0.25999999046325684, 0.25, 0.30000001192092896, 0.28999999165534973, 0.41999998688697815, 0.38499999046325684, 0.375, 0.3100000023841858, 0.3100000023841858, 0.3400000035762787, 0.34700000286102295, 0.3400000035762787, 0.35100001096725464, 0.3100000023841858, 0.2879999876022339, 0.23999999463558197, 0.257999986410141, 0.21299999952316284, 0.22699999809265137, 0.20999999344348907, 0.22300000488758087, 0.22599999606609344, 0.23999999463558197, 0.27799999713897705, 0.25099998712539673, 0.2849999964237213, 0.33000001311302185, 0.30000001192092896, 0.24500000476837158, 0.23499999940395355, 0.23999999463558197, 0.29899999499320984, 0.36000001430511475]
assets:[0, 99.9999984581396, 190.90909658604565, 303.63636743931175, 447.91666457291694, 499.0530211482369, 563.4063775601015, 564.3459449250921, 626.7228616682567, 968.4588440647722, 619.1738095750272, 731.080979067054, 996.6087259446084, 1326.5953703482821, 3018.50986044389, 5416.693560659367, 4468.301225, 5730.059494630074, 6466.732714872196, 4903.858494127536, 4815.248725, 5878.298693582595, 5782.3550156147185, 8474.445155415267, 7868.241455597664, 7763.87175, 6518.13401613046, 6618.134002899552, 7358.598589401174, 7610.099119145441, 7556.5812714836475, 7901.059070974427, 7078.143161437446, 6675.822979820502, 5663.185937417928, 6187.924693058028, 5208.6357666395725, 5650.987370418048, 5327.785555658642, 5757.601156291662, 5935.057448290434, 6402.715848888145, 7516.479271644534, 6886.461223671073, 7919.288944126019, 9269.703470344906, 8527.00314883265, 7063.7191074793345, 6875.4038890614465, 7121.6889448178445, 8972.437536955476, 10902.935449243712]
shares:[0, 1010.101, 2121.2121, 3162.8788, 4071.9697, 5092.3779, 6191.279, 7524.6123, 8953.1837, 9984.1115, 11907.1884, 13793.9809, 15332.4425, 16582.4425, 17150.6243, 17473.2049, 17873.2049, 18190.6652, 18476.3795, 18860.9949, 19260.9949, 19594.3282, 19939.1558, 20177.251, 20436.9913, 20703.658, 21026.2386, 21348.8192, 21642.9368, 21931.1212, 22225.2388, 22510.1391, 22832.7197, 23179.9419, 23596.6086, 23984.2055, 24453.6891, 24894.2177, 25370.4082, 25818.8387, 26261.3166, 26677.9833, 27037.6955, 27436.1019, 27786.9791, 28090.0094, 28423.3427, 28831.506, 29257.0379, 29673.7046, 30008.1528, 30285.9306]
growth_rate:113.78
