ticker:HJLI
price:[9.449999809265137, 14.100000381469727, 10.524999618530273, 10.625, 10.774999618530273, 9.725000381469727, 9.649999618530273, 9.024999618530273, 8.350000381469727, 8.175000190734863, 8.5, 9.225000381469727, 7.574999809265137, 7.380000114440918, 11.539999961853027, 8.819999694824219, 7.929999828338623, 8.649999618530273, 9.3100004196167, 8.539999961853027, 8.739999771118164, 9.3100004196167, 9.760000228881836, 7.53000020980835, 8.069999694824219, 7.130000114440918, 6.400000095367432, 6.849999904632568, 6.929999828338623, 6.579999923706055, 6.809999942779541, 6.949999809265137, 6.059999942779541, 6.380000114440918, 6.199999809265137, 5.570000171661377, 5.119999885559082, 6.03000020980835, 5.909999847412109, 6.139999866485596, 6.300000190734863, 6.019999980926514, 6.739999771118164, 6.5, 6.349999904632568, 5.730000019073486, 6.170000076293945, 6.159999847412109, 6.329999923706055, 6.889999866485596, 7.489999771118164, 7.659999847412109]
assets:[0, 100.0000227054596, 174.64552867012023, 276.30525, 380.20555903949736, 443.15562488307955, 539.7379886638641, 604.7805669370651, 659.5473251314163, 745.7243348988533, 875.3708, 1050.0347459207535, 962.2234407716751, 1037.453110087681, 1722.2503663068774, 1416.3129049949646, 1373.396670269966, 1598.093484523201, 1820.028740031624, 1769.4999480958938, 1910.9397699565889, 2135.5660672533986, 2338.788854846954, 1904.4138590626717, 2140.985445036316, 1991.6015419664384, 1887.6928281288147, 2120.4208954789638, 2245.1848093850613, 2231.7918721227643, 2409.802923751831, 2559.343684761715, 2331.6007339842795, 2554.7217538251875, 2582.644640548325, 2420.214647588396, 2324.6857720392227, 2837.8622157408236, 2881.3873296066286, 3093.5222727313044, 3274.1352991256713, 3228.6180957705974, 3714.7650278512956, 3682.48855, 3697.507789469004, 3436.49130243907, 3800.3757609928134, 3894.2163835372926, 4101.68676456337, 4564.553255548096, 5062.04668831234, 5276.9394248828885]
shares:[0, 7.0922, 16.5934, 26.0052, 35.2859, 45.5687, 55.9314, 67.0117, 78.9877, 91.2201, 102.9848, 113.8249, 127.0262, 140.5763, 149.2418, 160.5797, 173.19, 184.7507, 195.4918, 207.2014, 218.643, 229.3841, 239.63, 252.9102, 265.3018, 279.327, 294.952, 309.5505, 323.9805, 339.1781, 353.8624, 368.2509, 384.7526, 400.4266, 416.5556, 434.5089, 454.0402, 470.6239, 487.5444, 503.831, 519.704, 536.3153, 551.1521, 566.5367, 582.2847, 599.7367, 615.9442, 632.178, 647.9758, 662.4896, 675.8407, 688.8955]
growth_rate:3.47
