ticker:HLAH
price:[9.800000190734863, 9.760000228881836, 9.75, 9.989999771118164, 9.850000381469727, 9.819999694824219, 9.770000457763672, 9.739999771118164, 9.770000457763672, 9.75, 9.739999771118164, 9.6899995803833, 9.779999732971191, 9.770000457763672, 9.720000267028809, 9.710000038146973, 9.819999694824219, 9.720000267028809, 9.6899995803833, 9.789999961853027, 9.6899995803833, 9.670000076293945, 9.649999618530273, 9.649999618530273, 9.65999984741211]
assets:[0, 99.99998634510041, 199.89742500000003, 304.81787001628874, 400.54632551231384, 499.3263624824524, 596.7838689617157, 694.9509316692353, 797.0913493469238, 895.4594999999999, 994.5406626291276, 1089.435024822998, 1199.5531532479285, 1298.3265678318025, 1391.6824222324371, 1490.250994854641, 1607.1332940551758, 1690.7678024489403, 1785.5490906784057, 1903.9758355811118, 1984.5274180618287, 2080.4318594141005, 2176.1289539764402, 2276.1290050233843, 2378.4880604297637]
shares:[0, 10.2459, 20.5023, 30.5123, 40.6646, 50.8479, 61.0833, 71.3502, 81.5856, 91.842, 102.1089, 112.4288, 122.6537, 132.8891, 143.1772, 153.4759, 163.6592, 173.9473, 184.2672, 194.4817, 204.8016, 215.1429, 225.5056, 235.8683, 246.2203]
growth_rate:-0.9
