ticker:HLAHU
price:[10.65999984741211, 10.550000190734863, 10.529999732971191, 10.609999656677246, 10.510000228881836, 10.75, 10.220000267028809, 10.300000190734863, 10.199999809265137, 10.109999656677246, 9.970000267028809, 10.0, 10.079999923706055, 10.050000190734863, 10.010000228881836, 9.989999771118164, 10.0, 9.989999771118164, 9.949999809265137, 9.930000305175781, 9.96500015258789, 10.029999732971191, 10.02299976348877, 10.0, 10.069999694824219, 10.020000457763672, 10.010000228881836, 10.0, 9.989999771118164, 9.949999809265137, 9.899999618530273, 9.859999656677246, 9.899999618530273, 9.859999656677246]
assets:[0, 100.00028680791854, 199.81095693302154, 301.3292952494621, 398.48876067810056, 507.588125, 582.5624992212296, 687.1222827240944, 780.45094540596, 873.5646303348542, 961.4679427512168, 1064.3609999999999, 1172.8755271226883, 1269.3843690911292, 1364.3320001958846, 1461.6058975130084, 1563.0690000000002, 1661.5057929330826, 1754.8536063606261, 1851.3264178962709, 1957.8514819793702, 2070.6222318737987, 2169.177608814239, 2264.2, 2380.0494628715514, 2468.2317227611543, 2565.7682636671066, 2663.205, 2760.5416317529675, 2849.4889053771976, 2935.169706901169, 3023.310562729073, 3135.5753991790775, 3222.90653577919]
shares:[0, 9.4787, 18.9754, 28.4005, 37.9152, 47.2175, 57.0022, 66.7109, 76.5148, 86.406, 96.4361, 106.4361, 116.3567, 126.3069, 136.2969, 146.3069, 156.3069, 166.3169, 176.3672, 186.4377, 196.4728, 206.4429, 216.42, 226.42, 236.3505, 246.3305, 256.3205, 266.3205, 276.3305, 286.3808, 296.4818, 306.6238, 316.7248, 326.8668]
growth_rate:-2.34
