ticker:HLG
price:[44.70000076293945, 47.5, 47.09000015258789, 47.65999984741211, 51.0, 55.79999923706055, 60.290000915527344, 63.58000183105469, 65.27999877929688, 66.0, 65.44999694824219, 64.17900085449219, 65.7699966430664, 64.4800033569336, 64.0999984741211, 65.79000091552734, 65.5, 65.83999633789062, 64.77999877929688, 66.05000305175781, 65.5999984741211, 58.650001525878906, 57.54999923706055, 59.15999984741211, 60.369998931884766, 59.625, 58.63999938964844, 59.0099983215332, 57.599998474121094, 55.5, 55.018001556396484, 53.1609992980957, 52.95000076293945, 51.900001525878906, 49.900001525878906, 48.900001525878906, 46.981998443603516, 44.9900016784668, 40.599998474121094, 40.349998474121094, 39.310001373291016, 38.79999923706055, 39.79999923706055, 40.611000061035156, 41.5, 41.650001525878906, 36.540000915527344, 35.5, 37.83000183105469, 36.70000076293945, 35.95000076293945, 36.20000076293945]
assets:[0, 100.00175, 199.13890164527893, 301.5495850345611, 422.6829, 562.4639923095704, 707.7202047470092, 846.3388363739015, 968.9706058807373, 1079.661, 1170.6648254150389, 1247.9285821151734, 1378.8679796218871, 1451.825307584381, 1543.2715632629395, 1683.9608634338379, 1776.53685, 1885.7562551116944, 1955.397219152832, 2093.732256738281, 2179.4681093048093, 2048.5624432968143, 2110.1397820259094, 2269.1705341472625, 2415.584767261505, 2485.7722125, 2544.7062295135497, 2660.7608243179325, 2697.1832885490417, 2698.84845, 2775.410597513199, 2781.7343458717346, 2870.694881362915, 2913.7698856658935, 2901.4854887237548, 2943.3399918441773, 2927.894652006149, 2903.753686331939, 2720.415077758026, 2803.6631539764403, 2831.401123914719, 2894.6661830810544, 3069.2724611640933, 3231.815262657166, 3402.5601, 3514.860288769531, 3183.6243137672423, 3193.012, 3502.5815115325927, 3497.9578127174377, 3526.4721848396302, 3650.994516947174]
shares:[0, 2.1053, 4.2289, 6.3271, 8.2879, 10.08, 11.7386, 13.3114, 14.8433, 16.3585, 17.8864, 19.4445, 20.965, 22.5159, 24.076, 25.596, 27.1227, 28.6415, 30.1852, 31.6992, 33.2236, 34.9286, 36.6662, 38.3565, 40.013, 41.6901, 43.3954, 45.09, 46.8261, 48.6279, 50.4455, 52.3266, 54.2152, 56.142, 58.146, 60.191, 62.3195, 64.5422, 67.0053, 69.4836, 72.0275, 74.6048, 77.1174, 79.5798, 81.9894, 84.3904, 87.1271, 89.944, 92.5874, 95.3122, 98.0938, 100.8562]
growth_rate:-28.41
