ticker:HLIO
price:[41.060001373291016, 39.4900016784668, 38.540000915527344, 35.970001220703125, 37.36000061035156, 39.880001068115234, 42.36000061035156, 44.119998931884766, 41.84000015258789, 44.25, 48.5, 48.40999984741211, 49.83000183105469, 49.83000183105469, 52.540000915527344, 53.2599983215332, 52.7599983215332, 53.290000915527344, 57.52000045776367, 57.810001373291016, 58.5, 54.54999923706055, 60.189998626708984, 60.599998474121094, 62.970001220703125, 65.4000015258789, 70.11000061035156, 74.2699966430664, 74.19000244140625, 73.19000244140625, 72.9800033569336, 69.83000183105469, 70.54000091552734, 72.22000122070312, 72.27999877929688, 75.94999694824219, 78.68000030517578, 71.2699966430664, 71.05000305175781, 73.18000030517578, 72.6500015258789, 73.62999725341797, 75.8499984741211, 77.55999755859375, 78.80000305175781, 75.80000305175781, 79.0199966430664, 80.8499984741211, 81.87000274658203, 83.7300033569336, 78.9800033569336, 80.62000274658203]
assets:[0, 100.00053125038148, 197.59458469390867, 284.41839665222165, 395.4107744598389, 522.081057983017, 654.5467294311524, 781.7402010746001, 841.3438270683288, 989.8061250000001, 1184.8744, 1282.676196957016, 1420.2995591903687, 1520.2984068649291, 1702.9790496749877, 1826.3172984443663, 1909.1732992630004, 2028.3506598472595, 2289.353538219452, 2400.8956050338743, 2529.5517, 2458.753935611725, 2812.967547819519, 2932.130926170349, 3146.8061680023193, 3368.2439585861207, 3710.817167304993, 4030.996640802765, 4126.6556677978515, 4171.032368133545, 4259.061909908294, 4175.22658848114, 4317.675862038422, 4520.509868408203, 4624.264709902954, 4959.063910739136, 5237.318484313965, 4844.072004836273, 4929.122381716918, 5176.892263588715, 5239.401870043945, 5410.074493190766, 5673.19305087204, 5901.090366247558, 6095.432396063233, 5963.3757400894165, 6316.700491653442, 6562.990541136932, 6745.785307308197, 6999.041218608093, 6701.982450858307, 6941.148438472747]
shares:[0, 2.5323, 5.127, 7.9071, 10.5838, 13.0913, 15.452, 17.7185, 20.1086, 22.3685, 24.4304, 26.4961, 28.5029, 30.5097, 32.413, 34.2906, 36.186, 38.0625, 39.801, 41.5308, 43.2402, 45.0734, 46.7348, 48.385, 49.9731, 51.5022, 52.9285, 54.2749, 55.6228, 56.9891, 58.3593, 59.7913, 61.2089, 62.5936, 63.9771, 65.2938, 66.5648, 67.9679, 69.3754, 70.7419, 72.1184, 73.4765, 74.7949, 76.0842, 77.3532, 78.6725, 79.938, 81.1749, 82.3963, 83.5906, 84.8567, 86.0971]
growth_rate:36.1
