ticker:HLIT
price:[5.900000095367432, 5.510000228881836, 5.71999979019165, 5.210000038146973, 5.519999980926514, 6.449999809265137, 6.400000095367432, 7.070000171661377, 5.940000057220459, 6.179999828338623, 6.260000228881836, 6.489999771118164, 6.710000038146973, 7.099999904632568, 7.010000228881836, 7.079999923706055, 7.190000057220459, 7.389999866485596, 7.789999961853027, 7.889999866485596, 8.09000015258789, 7.760000228881836, 7.639999866485596, 7.610000133514404, 7.800000190734863, 7.75, 7.570000171661377, 8.359999656677246, 8.15999984741211, 8.079999923706055, 7.920000076293945, 7.989999771118164, 8.489999771118164, 7.760000228881836, 7.820000171661377, 7.25, 6.980000019073486, 6.900000095367432, 6.96999979019165, 7.150000095367432, 7.610000133514404, 7.889999866485596, 8.369999885559082, 8.220000267028809, 8.15999984741211, 7.920000076293945, 8.1899995803833, 8.850000381469727, 10.0, 9.65999984741211, 9.829999923706055, 9.390000343322754]
assets:[0, 99.99989215393067, 203.81102852425576, 285.6392940914154, 402.63487060875894, 570.470233130455, 666.0480099248886, 835.7751212928295, 802.1928497275828, 934.6044640395642, 1046.7027122701645, 1185.1596262031555, 1325.334380534649, 1502.365659820175, 1583.3214126966475, 1699.1320136901854, 1825.5309485281944, 1976.3106202941897, 2183.2830353086474, 2311.3099738880637, 2469.8980805854794, 2469.1482648277283, 2530.9654037695886, 2621.0271139848705, 2786.466608137989, 2868.604375, 2901.978490806818, 3304.8265762796404, 3325.7637938098906, 3393.157991960716, 3425.967105002594, 3556.2466261276245, 3878.7905374317165, 3645.278731517792, 3773.463664833498, 3598.4157, 3564.405413740063, 3623.552990082455, 3760.313492808438, 3957.4235227845193, 4312.026979652786, 4570.682445655012, 4948.746529337025, 4960.059131128788, 5023.854050056458, 4976.094071935082, 5245.7332242335315, 5768.466533643531, 6618.040999999999, 6493.027823437119, 6707.294017942428, 6507.069291915322]
shares:[0, 18.1488, 35.6313, 54.8252, 72.9411, 88.445, 104.07, 118.2143, 135.0493, 151.2305, 167.2049, 182.6132, 197.5163, 211.6008, 225.8661, 239.9904, 253.8986, 267.4304, 280.2674, 292.9417, 305.3026, 318.1892, 331.2782, 344.4188, 357.2393, 370.1425, 383.3525, 395.3142, 407.5691, 419.9453, 432.5716, 445.0872, 456.8658, 469.7524, 482.5401, 496.3332, 510.6598, 525.1526, 539.4998, 553.4858, 566.6264, 579.3007, 591.2481, 603.4135, 615.6684, 628.2947, 640.5047, 651.8041, 661.8041, 672.1561, 682.329, 692.9786]
growth_rate:27.59
