ticker:HLNE
price:[67.2699966430664, 61.09000015258789, 63.33000183105469, 61.810001373291016, 66.13999938964844, 69.83000183105469, 67.98999786376953, 71.30000305175781, 69.69999694824219, 72.13999938964844, 75.51000213623047, 71.01000213623047, 72.11000061035156, 71.37000274658203, 73.29000091552734, 81.27999877929688, 78.66999816894531, 78.05000305175781, 80.05999755859375, 81.95999908447266, 81.45999908447266, 75.37000274658203, 82.75, 89.1500015258789, 94.19000244140625, 89.4000015258789, 84.0999984741211, 87.0999984741211, 86.13999938964844, 86.12000274658203, 91.19999694824219, 92.69000244140625, 92.58999633789062, 91.98999786376953, 90.44999694824219, 91.3499984741211, 89.55000305175781, 89.33999633789062, 90.37000274658203, 87.58999633789062, 90.58000183105469, 87.51000213623047, 90.4000015258789, 92.5999984741211, 91.5999984741211, 92.0, 93.25, 93.0, 92.30000305175781, 90.63999938964844, 88.69999694824219, 90.41999816894531]
assets:[0, 99.99822124977112, 203.66295288848877, 298.7771846382141, 419.70459412689206, 543.1168052413941, 628.8054952430725, 759.4163325042724, 842.3732531173705, 971.8628577774048, 1117.2610936080932, 1150.6815796165465, 1268.5086537368775, 1355.4876401641845, 1491.949890637207, 1754.5994616485596, 1798.2545521453858, 1884.0802436676024, 2032.6032480163574, 2180.840831639099, 2267.536826515198, 2198.015390098572, 2513.241625, 2807.61882805481, 3066.3461104797366, 3010.410951381683, 2931.944606803894, 3136.5319150520327, 3201.961601312256, 3301.2208412841796, 3595.9520396713256, 3754.7051568969728, 3850.6512856994627, 3925.700755835724, 3959.9822713912968, 4099.385991525269, 4118.610605357361, 4208.950171472168, 4357.478866435242, 4323.433460238648, 4571.020154402161, 4516.093676243591, 4765.23720043335, 4981.2039379188545, 5027.410956253052, 5149.3688, 5319.33435, 5405.076300000001, 5464.390930671692, 5466.11767519226, 5449.124652520752, 5654.794349487305]
shares:[0, 1.6369, 3.2159, 4.8338, 6.3457, 7.7777, 9.2485, 10.651, 12.0857, 13.4719, 14.7962, 16.2045, 17.5913, 18.9924, 20.3568, 21.5871, 22.8582, 24.1394, 25.3885, 26.6086, 27.8362, 29.163, 30.3715, 31.4932, 32.5549, 33.6735, 34.8626, 36.0107, 37.1716, 38.3328, 39.4293, 40.5082, 41.5882, 42.6753, 43.7809, 44.8756, 45.9923, 47.1116, 48.2182, 49.3599, 50.4639, 51.6066, 52.7128, 53.7927, 54.8844, 55.9714, 57.0438, 58.1191, 59.2025, 60.3058, 61.4332, 62.5392]
growth_rate:10.88
