ticker:HLXA
price:[10.5600004196167, 10.260000228881836, 10.289999961853027, 10.369999885559082, 10.600000381469727, 10.664999961853027, 10.579999923706055, 11.0, 10.880000114440918, 11.020000457763672, 11.369999885559082, 11.5, 11.25, 11.199999809265137, 11.0, 11.0, 11.470000267028809, 12.604000091552734, 11.0, 10.449999809265137, 10.729999542236328, 10.300000190734863, 10.156000137329102, 10.260000228881836, 10.210000038146973, 10.1899995803833, 10.050000190734863, 10.109999656677246, 10.199999809265137, 10.0, 9.949999809265137, 10.0, 10.050000190734863, 10.0600004196167, 10.399999618530273, 10.350000381469727, 10.199999809265137, 10.289999961853027, 10.149999618530273, 10.0, 9.918000221252441, 9.899999618530273, 9.9399995803833, 9.899999618530273, 9.850000381469727, 9.880000114440918]
assets:[0, 100.00011823081971, 200.2927912574768, 301.8499566688538, 408.54521470260624, 511.0508006720543, 606.9777696229935, 731.0732, 823.0981206577301, 933.689374784851, 1063.343992297268, 1175.5024, 1249.948125, 1344.3930971051216, 1420.386, 1520.3859000000002, 1685.3479302359583, 1951.972671378708, 1803.5621999999998, 1813.3842869018554, 1961.972905298233, 1983.3474367275237, 2055.6191141960144, 2176.6693085575107, 2266.0615214665413, 2361.6220747501375, 2429.175496102333, 2543.6779356199263, 2666.321770141125, 2714.041, 2800.4712263168335, 2914.5440000000003, 3029.1162874883653, 3132.1308306455617, 3337.988037563324, 3421.9398961223606, 3472.3461550688744, 3602.984833643055, 3653.964337672234, 3699.965, 3769.6255896934513, 3862.783831158066, 3978.39139605236, 4062.3816834671024, 4141.8650754056935, 4254.480201280022]
shares:[0, 9.7466, 19.4648, 29.108, 38.542, 47.9185, 57.3703, 66.4612, 75.6524, 84.7268, 93.5219, 102.2176, 111.1065, 120.0351, 129.126, 138.2169, 146.9353, 154.8693, 163.9602, 173.5296, 182.8493, 192.558, 202.4044, 212.151, 221.9453, 231.7588, 241.709, 251.6002, 261.4041, 271.4041, 281.4544, 291.4544, 301.4046, 311.345, 320.9604, 330.6222, 340.4261, 350.1443, 359.9965, 369.9965, 380.0792, 390.1802, 400.2406, 410.3416, 420.4939, 430.6154]
growth_rate:-5.46
