ticker:HMCOW
price:[2.369999885559082, 2.880000114440918, 3.0, 2.140000104904175, 1.6100000143051147, 1.7000000476837158, 1.649999976158142, 1.2100000381469727, 1.4800000190734863, 1.6299999952316284, 1.371999979019165, 1.0299999713897705, 1.149999976158142, 1.149999976158142, 1.0800000429153442, 0.9549999833106995, 1.0, 1.0, 1.090000033378601, 1.25, 1.350000023841858, 1.149999976158142, 1.2699999809265137, 1.2000000476837158, 1.2200000286102295, 1.159999966621399, 1.0, 1.0099999904632568, 0.9900000095367432, 0.9800000190734863, 1.0]
assets:[0, 99.99993997364045, 204.16649999999998, 245.63884204137324, 284.80304553052184, 400.72367123999595, 488.93772793503996, 458.55431945657733, 660.8763965170383, 827.8571115782023, 796.8220530148744, 698.1973256062269, 879.5406817653179, 979.5406546921134, 1019.9165085278393, 1001.8705229916036, 1149.0791, 1249.0791, 1461.4962427547694, 1776.0277500000002, 2018.1100406411053, 1819.1306822856902, 2108.9530783267023, 2092.711643156886, 2227.5901222392317, 2218.0364001767634, 2012.1004, 2132.2213828668832, 2189.9992170964238, 2267.878020139122, 2414.1612]
shares:[0, 34.7222, 68.0555, 114.7845, 176.8963, 235.7198, 296.3259, 378.9705, 446.5381, 507.8878, 580.7741, 677.8615, 764.818, 851.7745, 944.3671, 1049.0791, 1149.0791, 1249.0791, 1340.8222, 1420.8222, 1494.8963, 1581.8528, 1660.593, 1743.9263, 1825.8935, 1912.1004, 2012.1004, 2111.1103, 2212.1204, 2314.1612, 2414.1612]
growth_rate:-19.53
