ticker:HMCO
price:[11.130000114440918, 10.800000190734863, 10.520000457763672, 10.729999542236328, 10.470000267028809, 10.260000228881836, 10.25, 10.25, 9.850000381469727, 9.989999771118164, 10.100000381469727, 10.0, 9.890000343322754, 9.989999771118164, 9.949999809265137, 9.949999809265137, 9.800000190734863, 9.850000381469727, 9.8100004196167, 9.878999710083008, 9.84000015258789, 9.75, 9.75, 9.8100004196167, 9.800000190734863, 9.779999732971191, 9.75, 9.699999809265137, 9.6899995803833, 9.6899995803833, 9.680000305175781, 9.670000076293945]
assets:[0, 100.00044176607132, 197.4078085899353, 301.3488181438446, 394.04683604984285, 486.14343484497067, 585.669625, 685.6696499999999, 758.9119943910598, 869.6984110742569, 979.2748269865035, 1069.579, 1157.813439192486, 1269.5201799139022, 1364.4375038446426, 1464.4379869277, 1542.3612700185777, 1650.2306489099503, 1743.529412578392, 1855.7928172384263, 1948.466646214676, 2030.6451749999999, 2130.645075, 2243.757029975319, 2341.4699455714226, 2436.6908454696654, 2529.2162999999996, 2616.2461185557363, 2713.548722492218, 2813.548549161816, 2910.645411762238, 3007.638849729538]
shares:[0, 9.2593, 18.765, 28.0847, 37.6358, 47.3824, 57.1385, 66.8946, 77.0469, 87.0569, 96.9579, 106.9579, 117.0691, 127.0791, 137.1294, 147.1797, 157.3838, 167.5361, 177.7298, 187.8523, 198.0149, 208.2713, 218.5277, 228.7214, 238.9255, 249.1504, 259.4068, 269.7161, 280.036, 290.3559, 300.6865, 311.0278]
growth_rate:-2.98
