ticker:HMCOU
price:[11.050000190734863, 11.300000190734863, 11.09000015258789, 11.020000457763672, 11.289999961853027, 11.899999618530273, 12.170000076293945, 11.739999771118164, 12.0, 12.180000305175781, 12.149999618530273, 11.359999656677246, 10.949999809265137, 10.819999694824219, 11.048999786376953, 10.300000190734863, 10.637999534606934, 10.760000228881836, 10.71500015258789, 10.359999656677246, 10.520000457763672, 10.470000267028809, 10.404999732971191, 10.25, 10.206999778747559, 10.407999992370605, 10.369999885559082, 10.449999809265137, 10.354999542236328, 10.354999542236328, 10.399999618530273, 10.329999923706055, 10.350000381469727, 10.274999618530273, 10.199999809265137, 10.170000076293945, 10.194999694824219, 10.109999656677246, 10.180000305175781]
assets:[0, 100.00048168792725, 198.1417057262421, 296.89093433265685, 404.16506363439555, 526.0025931383133, 637.936799999237, 715.3968440526962, 831.24, 943.7088596450806, 1041.3849723039627, 1073.6733275513648, 1134.9225852311133, 1221.4481255493165, 1347.2995653511048, 1355.9672151097298, 1500.4643031574249, 1617.6724224103928, 1710.9069343643189, 1754.2224818663599, 1881.3148258628846, 1972.3732013037682, 2060.1285576298715, 2129.43955, 2220.506263667107, 2364.233401466942, 2455.601454900551, 2574.545553009033, 2651.1408288009643, 2751.141130380249, 2863.0970149822233, 2943.825817257881, 3049.5251473962785, 3127.4273213911056, 3204.5992200756073, 3295.17358871994, 3403.2733886268616, 3474.898882996845, 3598.958921889496]
shares:[0, 8.8496, 17.8667, 26.9411, 35.7985, 44.2019, 52.4188, 60.9367, 69.27, 77.4802, 85.7107, 94.5135, 103.6459, 112.888, 121.9386, 131.6473, 141.0476, 150.3413, 159.674, 169.3265, 178.8322, 188.3833, 197.9941, 207.7502, 217.5474, 227.1554, 236.7986, 246.368, 256.0252, 265.6824, 275.2978, 284.9783, 294.6401, 304.3725, 314.1764, 324.0092, 333.8179, 343.7091, 353.5323]
growth_rate:-5.29
