ticker:HMHC
price:[2.1600000858306885, 2.1600000858306885, 1.909999966621399, 1.659999966621399, 2.490000009536743, 2.8299999237060547, 2.819999933242798, 3.069999933242798, 2.609999895095825, 2.390000104904175, 2.75, 2.740000009536743, 3.0399999618530273, 3.430000066757202, 3.3399999141693115, 3.6600000858306885, 3.3299999237060547, 3.3299999237060547, 3.640000104904175, 4.03000020980835, 5.389999866485596, 4.929999828338623, 5.760000228881836, 6.460000038146973, 6.409999847412109, 6.099999904632568, 6.199999809265137, 7.170000076293945, 6.820000171661377, 5.980000019073486, 7.519999980926514, 7.25, 8.020000457763672, 8.800000190734863, 9.079999923706055, 9.800000190734863, 9.449999809265137, 9.460000038146973, 9.9399995803833, 10.6899995803833, 10.529999732971191, 10.350000381469727, 10.539999961853027, 10.720000267028809, 10.579999923706055, 10.399999618530273, 11.65999984741211, 11.319999694824219, 13.319999694824219, 14.199999809265137, 13.770000457763672, 13.420000076293945]
assets:[0, 100.00001197364331, 188.4258897071242, 263.76287269636396, 495.6442128983259, 663.3225501174927, 760.9786739855289, 928.4413528110266, 889.3264052551507, 914.3640891341447, 1152.092425, 1247.9031383434058, 1484.5347333715438, 1774.9849035460709, 1828.4108090138436, 2103.5879773312568, 2013.9200178588867, 2113.9199155677793, 2410.711281476283, 2769.00186015873, 3803.453944785547, 3578.8549883851524, 4281.38052212677, 4901.687174944973, 4963.748118839646, 4823.691434586382, 5002.7680660964015, 5885.459429625511, 5698.164021424436, 5096.337210255003, 6508.772047491359, 6375.079425, 7152.157010229111, 7947.752732262898, 8300.6353822546, 9058.835976309776, 8835.305671671867, 8944.655184068872, 9498.506547020912, 10315.194298095608, 10260.804501797676, 10185.40639540329, 10472.384808097744, 10751.230843806745, 10710.822680762672, 10628.596810145378, 12016.292130749513, 11765.90240680313, 13944.683704512025, 14965.954898976803, 14612.761664780046, 14341.340787531852]
shares:[0, 46.2963, 98.6523, 158.8933, 199.0539, 234.3896, 269.8506, 302.4239, 340.7381, 382.5791, 418.9427, 455.4391, 488.3338, 517.4883, 547.4284, 574.7508, 604.7808, 634.8108, 662.2833, 687.0972, 705.6501, 725.9341, 743.2952, 758.7751, 774.3757, 790.7691, 806.8981, 820.8451, 835.5079, 852.2303, 865.5282, 879.3213, 891.7901, 903.1537, 914.1669, 924.371, 934.953, 945.5238, 955.5842, 964.9387, 974.4354, 984.0972, 993.5849, 1002.9133, 1012.3651, 1021.9805, 1030.5568, 1039.3907, 1046.8982, 1053.9405, 1061.2027, 1068.6543]
growth_rate:181.2
