ticker:HMNF
price:[14.140000343322754, 14.25, 13.260000228881836, 13.460000038146973, 13.329999923706055, 13.600000381469727, 13.899999618530273, 14.600000381469727, 14.6899995803833, 14.670000076293945, 15.710000038146973, 16.25, 16.5, 16.489999771118164, 16.170000076293945, 16.950000762939453, 17.0, 17.200000762939453, 18.049999237060547, 17.989999771118164, 18.030000686645508, 17.760000228881836, 19.0, 20.049999237060547, 19.649999618530273, 19.950000762939453, 19.899999618530273, 20.260000228881836, 20.649999618530273, 20.399999618530273, 20.489999771118164, 20.09000015258789, 20.5, 20.469999313354492, 20.5, 20.56999969482422, 20.510000228881836, 20.700000762939453, 20.700000762939453, 20.770000457763672, 21.100000381469727, 20.979999542236328, 21.25, 21.510000228881836, 21.5, 22.010000228881836, 22.25, 22.239999771118164, 22.5, 23.020000457763672, 22.989999771118164, 22.920000076293945]
assets:[0, 99.999375, 193.05234333229063, 295.96386483879087, 393.10569675006866, 501.0675340545655, 612.119843201065, 742.9458394117355, 847.5263047905921, 946.3719739217759, 1113.4635337037087, 1251.7358749999999, 1370.99325, 1470.1626315940855, 1541.6332542737962, 1715.9977372390747, 1821.0604, 1942.4855261627197, 2138.480879610443, 2231.3716316108703, 2336.3328979757307, 2401.345614947319, 2669.0079, 2916.5049690216065, 2958.3211975694658, 3103.4859586853026, 3195.707108740425, 3353.5183038854598, 3518.072290010262, 3575.481413140297, 3691.2550177671433, 3719.1954312480925, 3895.0963500000003, 3989.3961191797257, 4095.24195, 4209.224638552094, 4296.947597951889, 4436.753293525315, 4536.752927210999, 4652.093780530548, 4826.006857250023, 4898.559251118088, 5061.601250000001, 5223.531475582123, 5321.1038, 5547.3256236866, 5707.8147500000005, 5805.249316255569, 5973.115499999999, 6211.159839511872, 6303.064782248497, 6383.8732412500385]
shares:[0, 7.0175, 14.559, 21.9884, 29.4903, 36.8432, 44.0374, 50.8867, 57.6941, 64.5107, 70.8761, 77.0299, 83.0905, 89.1548, 95.3391, 101.2388, 107.1212, 112.9352, 118.4754, 124.034, 129.5803, 135.2109, 140.4741, 145.4616, 150.5507, 155.5632, 160.5883, 165.5241, 170.3667, 175.2687, 180.1491, 185.1267, 190.0047, 194.8899, 199.7679, 204.6293, 209.505, 214.3359, 219.1668, 223.9814, 228.7207, 233.4871, 238.193, 242.842, 247.4932, 252.0366, 256.531, 261.0274, 265.4718, 269.8158, 274.1655, 278.5285]
growth_rate:25.17
