ticker:HMPT
price:[11.319999694824219, 11.649999618530273, 13.010000228881836, 12.0, 11.989999771118164, 11.0, 11.25, 10.670000076293945, 9.59000015258789, 9.699999809265137, 9.760000228881836, 10.119999885559082, 9.680000305175781, 9.75, 6.599999904632568, 6.46999979019165, 6.28000020980835, 6.389999866485596, 6.480000019073486, 6.53000020980835, 6.199999809265137, 6.769999980926514, 5.610000133514404, 5.480000019073486, 5.03000020980835, 5.019999980926514, 4.980000019073486, 5.190000057220459, 4.639999866485596, 4.329999923706055, 4.289999961853027, 4.110000133514404]
assets:[0, 100.00010172557832, 211.67400472393035, 295.24080000000004, 394.99495545978544, 462.38059999999996, 572.889375, 643.3540566001892, 678.2345397914887, 786.0142645442962, 890.876228891945, 1023.7361524231911, 1079.2261380241393, 1187.030325, 903.5281069443703, 985.7316420348167, 1056.7846193060875, 1175.2954224430562, 1291.8489158024788, 1401.816694040251, 1430.9742159779548, 1662.531236316061, 1477.6661811675071, 1543.4244693719863, 1516.683388262987, 1613.6679498688698, 1700.8099445141315, 1872.530741644907, 1774.092812951088, 1755.5651280672073, 1839.3473506443977, 1862.1720124931335]
shares:[0, 8.5837, 16.2701, 24.6034, 32.9437, 42.0346, 50.9235, 60.2956, 70.7231, 81.0324, 91.2783, 101.1597, 111.4903, 121.7467, 136.8982, 152.3542, 168.2778, 183.9273, 199.3594, 214.6733, 230.8023, 245.5733, 263.3986, 281.6468, 301.5275, 321.4478, 341.5281, 360.7959, 382.3476, 405.4423, 428.7523, 453.0832]
growth_rate:-39.93
