ticker:HMST
price:[27.540000915527344, 26.850000381469727, 27.68000030517578, 24.959999084472656, 29.459999084472656, 29.75, 29.670000076293945, 31.190000534057617, 31.06999969482422, 30.8700008392334, 33.75, 33.720001220703125, 33.59000015258789, 33.58000183105469, 33.47999954223633, 33.91999816894531, 33.529998779296875, 33.75, 36.56999969482422, 36.4900016784668, 36.93000030517578, 36.400001525878906, 40.5099983215332, 41.470001220703125, 42.709999084472656, 42.959999084472656, 46.2400016784668, 48.79999923706055, 46.47999954223633, 45.77000045776367, 43.720001220703125, 43.29999923706055, 43.310001373291016, 42.849998474121094, 40.84000015258789, 44.5099983215332, 44.84000015258789, 45.060001373291016, 45.02000045776367, 44.75, 43.2599983215332, 39.810001373291016, 41.4900016784668, 40.189998626708984, 39.310001373291016, 38.310001373291016, 37.400001525878906, 37.709999084472656, 39.91999816894531, 41.040000915527344, 40.77000045776367, 41.25]
assets:[0, 100.00014142074585, 203.09093023910523, 283.1337496147156, 434.17852050704954, 538.4512, 637.0030336380005, 769.6382151782989, 866.6758924873352, 961.0973451284409, 1150.763625, 1249.7408012420653, 1344.9234521095277, 1444.524370767212, 1540.2239429409028, 1660.4653183654784, 1741.3737806030274, 1852.8007499999999, 2107.613193412018, 2203.00357333374, 2329.5665772506713, 2396.135660445404, 2766.6870493667607, 2932.2525523132326, 3119.93126512146, 3238.1915549903874, 3585.4266101474764, 3883.928499278641, 3799.284458582306, 3841.247288417816, 3769.201861239624, 3832.993872463226, 3933.877741736984, 3992.094397842407, 3904.834934589386, 4355.735082745743, 4488.031131272507, 4610.052692500305, 4705.95865585022, 4777.73375, 4718.653532918549, 4442.338338243484, 4729.806254343032, 4681.608351029587, 4679.100911463928, 4660.07070804863, 4649.377449689483, 4787.914140758515, 5168.510026930237, 5413.516752765656, 5477.90210850563, 5642.393625000001]
shares:[0, 3.7244, 7.3371, 11.3435, 14.7379, 18.0992, 21.4696, 24.6758, 27.8943, 31.1337, 34.0967, 37.0623, 40.0394, 43.0174, 46.0043, 48.9524, 51.9348, 54.8978, 57.6323, 60.3728, 63.0806, 65.8279, 68.2964, 70.7078, 73.0492, 75.3769, 77.5395, 79.5887, 81.7402, 83.925, 86.2123, 88.5218, 90.8307, 93.1644, 95.613, 97.8597, 100.0899, 102.3092, 104.5304, 106.765, 109.0766, 111.5885, 113.9987, 116.4869, 119.0308, 121.6411, 124.3149, 126.9667, 129.4717, 131.9083, 134.3611, 136.7853]
growth_rate:10.64
