ticker:HMTV
price:[8.760000228881836, 8.40999984741211, 8.75, 8.729999542236328, 8.649999618530273, 9.25, 9.229999542236328, 9.260000228881836, 7.820000171661377, 9.430000305175781, 10.069999694824219, 11.789999961853027, 11.34000015258789, 11.260000228881836, 11.039999961853027, 9.90999984741211, 10.5600004196167, 10.359999656677246, 10.5, 10.270000457763672, 10.119999885559082, 10.4399995803833, 10.5, 11.399999618530273, 11.239999771118164, 11.050000190734863, 12.039999961853027, 14.149999618530273, 13.300000190734863, 11.850000381469727, 12.920000076293945, 12.779999732971191, 12.880000114440918, 12.800000190734863, 12.220000267028809, 13.100000381469727, 13.0600004196167, 13.229999542236328, 12.369999885559082, 11.920000076293945, 11.729999542236328, 11.399999618530273, 12.960000038146973, 11.640000343322754, 11.75, 11.600000381469727, 12.710000038146973, 12.710000038146973, 12.59000015258789, 12.220000267028809, 12.199999809265137, 12.369999885559082]
assets:[0, 99.99994418563843, 204.04299999999998, 303.5770040817261, 400.79513732471463, 528.595875, 627.4525998813629, 729.4917060310364, 716.0500457184315, 963.4725611801148, 1128.8620707893372, 1421.677102400112, 1467.4141637451173, 1557.0621076503753, 1626.640218379402, 1560.1451499778748, 1762.4756860344887, 1829.0952353851317, 1953.8127000000002, 2011.0150046367646, 2081.6424844599724, 2247.464645667267, 2360.3811, 2662.699050900078, 2725.3279005037307, 2779.259582973003, 3128.260482088566, 3776.4849081897737, 3649.6291123392107, 3351.7370578975674, 3754.382770170021, 3813.7001683155063, 3943.5417630390166, 4019.047739888477, 3936.934594029045, 4320.445625810623, 4407.25386160469, 4564.622380062104, 4367.905098590374, 4309.008507579804, 4340.323873618698, 4318.217255502701, 5009.1307347440725, 4598.942019646168, 4742.402225, 4781.861197253036, 5339.4354280254365, 5439.435166325568, 5488.079268514251, 5426.793360585117, 5517.911073732948, 5694.800350314617]
shares:[0, 11.8906, 23.3192, 34.774, 46.3347, 57.1455, 67.9797, 78.7788, 91.5665, 102.171, 112.1015, 120.5833, 129.4016, 138.2826, 147.3406, 157.4314, 166.9011, 176.5536, 186.0774, 195.8145, 205.6959, 215.2744, 224.7982, 233.5701, 242.4669, 251.5167, 259.8223, 266.8894, 274.4082, 282.847, 290.5869, 298.4116, 306.1756, 313.9881, 322.1714, 329.805, 337.462, 345.0206, 353.1047, 361.494, 370.0191, 378.791, 386.507, 395.0981, 403.6087, 412.2294, 420.0972, 427.965, 435.9078, 444.0911, 452.2878, 460.3719]
growth_rate:11.66
