ticker:HNDL
price:[25.023000717163086, 24.729000091552734, 24.579999923706055, 24.530000686645508, 24.694000244140625, 24.881999969482422, 24.8700008392334, 24.739999771118164, 24.239999771118164, 25.040000915527344, 24.950000762939453, 25.079999923706055, 25.290000915527344, 25.3799991607666, 25.229999542236328, 25.31999969482422, 25.351999282836914, 25.549999237060547, 25.5, 25.299999237060547, 25.469999313354492, 25.219999313354492, 25.559999465942383, 25.479999542236328, 25.239999771118164, 24.799999237060547, 24.65999984741211, 24.700000762939453, 24.549999237060547, 24.700000762939453, 24.940000534057617, 25.209999084472656, 25.229999542236328, 25.260000228881836, 25.280000686645508, 25.420000076293945, 25.049999237060547, 25.06999969482422, 25.239999771118164, 25.399999618530273, 25.5, 25.399999618530273, 25.469999313354492, 25.75, 25.84000015258789, 25.530000686645508, 25.729999542236328, 25.770000457763672, 25.719999313354492, 25.610000610351562, 25.600000381469727, 25.790000915527344]
assets:[0, 99.99913057022096, 199.39541738109588, 298.9888193693161, 400.9885841644287, 504.04213798179626, 603.7988543750763, 700.6417415180206, 786.4813365737915, 912.4376013610839, 1009.1576708587647, 1114.4147486099241, 1223.745209300995, 1328.0998240840913, 1420.2496572315215, 1525.3147616157532, 1627.2434259681704, 1739.9523930438997, 1836.54825, 1922.144672036362, 2035.060586136818, 2115.0853304141997, 2243.6005211215975, 2336.5771100219727, 2414.5694341041567, 2472.4780839374544, 2558.5218381687164, 2662.6724322452546, 2746.5017046470643, 2863.2833684417724, 2991.1041440505983, 3123.4861135673523, 3225.96324746933, 3329.7984901714326, 3432.435069230461, 3551.443462659073, 3599.750020363617, 3702.6233529281612, 3827.7317812892916, 3951.9961006469725, 4067.556, 4151.604537649155, 4263.046229072571, 4409.911525, 4525.325634722519, 4571.036843940926, 4706.845422260284, 4814.163364516067, 4904.821873056221, 4983.84441277771, 5081.897035726165, 5219.615074292756]
shares:[0, 4.0438, 8.1121, 12.1887, 16.2383, 20.2573, 24.2782, 28.3202, 32.4456, 36.4392, 40.4472, 44.4344, 48.3885, 52.3286, 56.2921, 60.2415, 64.186, 68.0999, 72.0215, 75.9741, 79.9003, 83.8654, 87.7778, 91.7024, 95.6644, 99.6967, 103.7519, 107.8005, 111.8738, 115.9224, 119.932, 123.8987, 127.8622, 131.821, 135.7767, 139.7106, 143.7026, 147.6914, 151.6534, 155.5904, 159.512, 163.449, 167.3752, 171.2587, 175.1287, 179.0457, 182.9322, 186.8127, 190.7007, 194.6054, 198.5116, 202.3891]
growth_rate:2.35
