ticker:HNNA
price:[8.930000305175781, 9.029999732971191, 9.5, 8.8100004196167, 8.229999542236328, 8.5600004196167, 8.479999542236328, 8.449999809265137, 8.069999694824219, 8.619999885559082, 9.399999618530273, 9.1899995803833, 9.449999809265137, 9.010000228881836, 8.710000038146973, 8.380000114440918, 8.710000038146973, 8.520000457763672, 9.0600004196167, 8.75, 8.739999771118164, 8.569999694824219, 8.630000114440918, 9.050000190734863, 9.1899995803833, 8.520000457763672, 8.460000038146973, 8.720000267028809, 8.569999694824219, 8.550000190734863, 8.649999618530273, 9.979999542236328, 9.050000190734863, 9.369999885559082, 9.680000305175781, 9.420000076293945, 9.220000267028809, 9.399999618530273, 9.039999961853027, 9.199999809265137, 9.359999656677246, 9.369999885559082, 9.359999656677246, 9.369999885559082, 9.640000343322754, 9.229999542236328, 9.319999694824219, 9.300000190734863, 10.0, 10.34000015258789, 10.15999984741211, 10.210000038146973]
assets:[0, 100.00002304286956, 205.20475, 290.3000858268738, 371.18861635398866, 486.07191982755666, 581.5295366081237, 679.472089662838, 748.9161466789245, 899.9572960519791, 1081.3919361150743, 1157.2332361605645, 1289.9731689637183, 1329.9111727838517, 1385.6303560686113, 1433.1325355714798, 1589.568909961796, 1654.8942169143677, 1859.7816201363564, 1896.146875, 1993.9793817819595, 2055.194765814972, 2169.5837547704696, 2375.171645058346, 2511.9145323056223, 2428.7828984939574, 2511.678413325405, 2688.8696343400957, 2742.6158663360593, 2836.2154682707783, 2969.387439048385, 3525.951802271271, 3297.3811444945336, 3513.973900081921, 3730.23167760086, 3730.0393142101284, 3750.845472631645, 3924.0721407537458, 3873.7882396533964, 4042.3511161937718, 4212.653173480797, 4317.15436127224, 4412.547198148727, 4517.261952828217, 4747.428321076774, 4645.514149604797, 4790.8116351287845, 4880.531290095425, 5347.883000000001, 5629.711313077927, 5631.7082354202275, 5759.423244518566]
shares:[0, 11.0742, 21.6005, 32.9512, 45.1019, 56.7841, 68.5766, 80.4109, 92.8025, 104.4034, 115.0417, 125.9231, 136.5051, 147.6039, 159.085, 171.0182, 182.4993, 194.2364, 205.2739, 216.7025, 228.1441, 239.8127, 251.4002, 262.4499, 273.3313, 285.0684, 296.8887, 308.3566, 320.0252, 331.7211, 343.2818, 353.3018, 364.3515, 375.0239, 385.3545, 395.9702, 406.8162, 417.4545, 428.5164, 439.386, 450.0698, 460.7422, 471.426, 482.0984, 492.4718, 503.306, 514.0356, 524.7883, 534.7883, 544.4595, 554.302, 564.0963]
growth_rate:12.93
