ticker:HNRG
price:[0.6970000267028809, 0.6890000104904175, 0.7200000286102295, 0.652999997138977, 0.6660000085830688, 0.7649999856948853, 0.7200000286102295, 0.859000027179718, 0.7900000214576721, 0.9279999732971191, 0.7979999780654907, 0.824999988079071, 1.0800000429153442, 1.1100000143051147, 1.0800000429153442, 1.090000033378601, 1.0299999713897705, 1.4700000286102295, 1.4900000095367432, 1.4800000190734863, 1.4299999475479126, 1.340000033378601, 1.7400000095367432, 1.850000023841858, 1.8600000143051147, 1.590000033378601, 1.6799999475479126, 2.0, 2.0, 1.8600000143051147, 1.9700000286102295, 2.059999942779541, 2.069999933242798, 2.0, 2.069999933242798, 2.369999885559082, 2.0799999237060547, 2.119999885559082, 2.4200000762939453, 2.7699999809265137, 2.8499999046325684, 2.430000066757202, 2.809999942779541, 2.680000066757202, 2.884999990463257, 3.259999990463257, 2.9800000190734863, 3.059999942779541, 2.7899999618530273, 2.3399999141693115, 2.049999952316284, 2.299999952316284]
assets:[0, 100.00001462255716, 204.4993041260719, 285.4695273492575, 391.1526608409762, 549.2969942284226, 616.9854485167981, 836.0978838550687, 868.9375346017421, 1120.7265437514782, 1063.728225161457, 1199.7190251645266, 1670.541366381347, 1816.945259415865, 1867.838690221238, 1985.133457789886, 1975.8599661166907, 2919.9167698295832, 3059.6434995832446, 3139.1090484552383, 3133.057956080115, 3035.8727196217774, 4042.1033681543113, 4397.638756674528, 4521.409678773809, 3965.07609823817, 4289.514130075014, 5206.5646, 5306.5646, 5035.105040724599, 5432.880065901494, 5781.0824874193195, 5909.146009430885, 5809.32, 6112.646046868038, 7098.536678230763, 6329.939383819199, 6551.668846330643, 7578.792404932213, 8774.898457578372, 9128.324829545641, 7883.098578565265, 9215.846098336315, 8889.490541431904, 9669.469828036308, 11026.333175743772, 10179.286109152508, 10552.55515267253, 9721.447409081078, 8253.471729264451, 7330.605694487547, 8324.58210741434]
shares:[0, 145.1379, 284.0268, 437.1662, 587.3163, 718.0353, 856.9242, 973.3386, 1099.9209, 1207.6795, 1332.9928, 1454.2049, 1546.7975, 1636.8876, 1729.4802, 1821.2233, 1918.3107, 1986.3379, 2053.452, 2121.0196, 2190.9497, 2265.5766, 2323.0479, 2377.102, 2430.8654, 2493.7585, 2553.2823, 2603.2823, 2653.2823, 2707.0457, 2757.8071, 2806.3508, 2854.66, 2904.66, 2952.9692, 2995.1633, 3043.2402, 3090.41, 3131.7323, 3167.8334, 3202.9211, 3244.0734, 3279.6606, 3316.974, 3351.636, 3382.3108, 3415.8678, 3448.5475, 3484.3898, 3527.1248, 3575.9053, 3619.3836]
growth_rate:63.23
