ticker:HOFT
price:[28.760000228881836, 27.540000915527344, 27.329999923706055, 25.290000915527344, 27.389999389648438, 28.719999313354492, 29.860000610351562, 30.079999923706055, 27.5, 28.6200008392334, 29.75, 29.649999618530273, 31.15999984741211, 32.59000015258789, 33.619998931884766, 32.849998474121094, 31.469999313354492, 32.25, 32.5, 32.22999954223633, 33.34000015258789, 30.1299991607666, 32.540000915527344, 33.470001220703125, 32.88999938964844, 33.810001373291016, 35.779998779296875, 39.2599983215332, 38.0, 36.81999969482422, 37.02000045776367, 37.349998474121094, 34.970001220703125, 34.91999816894531, 37.5099983215332, 39.20000076293945, 38.209999084472656, 37.9900016784668, 35.849998474121094, 41.150001525878906, 40.220001220703125, 36.099998474121094, 36.060001373291016, 34.52000045776367, 35.09000015258789, 34.619998931884766, 33.63999938964844, 33.189998626708984, 33.689998626708984, 34.849998474121094, 32.02000045776367, 33.599998474121094]
assets:[0, 100.00049732437134, 199.2384324438095, 284.36582829437253, 407.97951890869143, 527.7902993814467, 648.7413592605591, 753.5220460887908, 788.8925, 921.023109007454, 1057.3864, 1153.8327001550674, 1312.5931815723418, 1472.830099895859, 1619.3778505519865, 1682.28784185791, 1711.6154986541749, 1854.0396, 1968.4112499999999, 2052.058286854553, 2222.731134172821, 2108.7263292640687, 2377.3952448890686, 2545.343387832642, 2601.233872727966, 2773.9956586738585, 3035.6287664337156, 3430.8762893211365, 3420.7676, 3414.543173699188, 3533.0888896877286, 3664.583895288849, 3531.0713942596435, 3626.0227698669432, 3994.9648612365722, 4274.956083202363, 4266.990838761139, 4342.42434785614, 4197.812551329041, 4918.408667378998, 4907.250392938232, 4504.568639600372, 4599.5793851680755, 4503.147867715455, 4677.5040383399955, 4714.852648534775, 4681.389411062622, 4718.768140753174, 4889.853994676971, 5158.217974151611, 4839.3427691841125, 5178.13608484497]
shares:[0, 3.6311, 7.2901, 11.2442, 14.8952, 18.3771, 21.7261, 25.0506, 28.687, 32.1811, 35.5424, 38.9151, 42.1243, 45.1927, 48.1671, 51.2112, 54.3888, 57.4896, 60.5665, 63.6692, 66.6686, 69.9876, 73.0607, 76.0485, 79.0889, 82.0466, 84.8415, 87.3886, 90.0202, 92.7361, 95.4373, 98.1147, 100.9743, 103.838, 106.504, 109.055, 111.6721, 114.3044, 117.0938, 119.5239, 122.0102, 124.7803, 127.5535, 130.4504, 133.3002, 136.1887, 139.1614, 142.1744, 145.1426, 148.012, 151.135, 154.1112]
growth_rate:1.53
