ticker:HOFV
price:[3.859999895095825, 4.275000095367432, 3.5899999141693115, 2.549999952316284, 2.0799999237060547, 2.4000000953674316, 2.4000000953674316, 2.059999942779541, 1.909999966621399, 2.6600000858306885, 2.490000009536743, 1.350000023841858, 1.340000033378601, 1.4199999570846558, 1.3799999952316284, 1.2899999618530273, 1.2999999523162842, 1.2300000190734863, 1.940000057220459, 1.7899999618530273, 1.9800000190734863, 2.3399999141693115, 3.0999999046325684, 2.5999999046325684, 2.690000057220459, 2.2899999618530273, 2.059999942779541, 2.490000009536743, 4.0, 5.150000095367432, 4.929999828338623, 4.03000020980835, 3.130000114440918, 3.859999895095825, 4.099999904632568, 3.380000114440918, 3.299999952316284, 3.7899999618530273, 3.6500000953674316, 4.25, 4.550000190734863, 4.429999828338623, 4.510000228881836, 3.640000104904175, 3.6700000762939453, 3.240000009536743, 3.009999990463257, 2.9600000381469727, 2.9000000953674316, 2.859999895095825, 2.549999952316284, 3.240000009536743]
assets:[0, 99.99994723081589, 183.9767256014347, 230.67988068640233, 288.1623574302673, 432.495137185812, 532.4952211594581, 557.0583865266323, 616.4958462262988, 958.5754529305219, 997.312980819726, 640.7119013153791, 735.9659403324723, 879.9041094074726, 955.1181446997404, 992.8278306407929, 1100.5241896330117, 1141.2652346974849, 1900.0443980419636, 1853.1336185075759, 2149.8351147095204, 2640.714005139184, 3598.3819293004985, 3117.9976256325244, 3325.928444747639, 2931.3664341691015, 2736.94970797596, 3408.2547430536747, 5575.108, 7277.9518097727305, 7067.048758927107, 5876.918677961922, 4664.455439544582, 5852.331120949745, 6316.206473082829, 5307.019299686432, 5281.409023685694, 6165.61817594204, 6037.864832757711, 7130.390325, 7733.71221919527, 7629.745733349275, 7867.52943127594, 6449.846133883452, 6603.004316266823, 5929.355213452697, 5608.444187230468, 5615.280800366879, 5601.457774205733, 5624.19579970572, 5114.580294359922, 6598.52569942236]
shares:[0, 23.3918, 51.247, 90.4627, 138.5396, 180.2063, 221.873, 270.4167, 322.7727, 360.3667, 400.5273, 474.6014, 549.2283, 619.6508, 692.1146, 769.634, 846.5571, 927.8579, 979.4043, 1035.2702, 1085.7753, 1128.5103, 1160.7684, 1199.2299, 1236.4046, 1280.0727, 1328.6164, 1368.777, 1393.777, 1413.1945, 1433.4785, 1458.2924, 1490.2413, 1516.148, 1540.5382, 1570.124, 1600.427, 1626.8122, 1654.2095, 1677.7389, 1699.7169, 1722.2903, 1744.4632, 1771.9357, 1799.1837, 1830.0479, 1863.2705, 1897.0543, 1931.5371, 1966.5021, 2005.7178, 2036.582]
growth_rate:29.38
