ticker:HOLI
price:[10.600000381469727, 10.760000228881836, 11.359999656677246, 10.619999885559082, 11.170000076293945, 11.859999656677246, 12.199999809265137, 11.819999694824219, 11.1899995803833, 11.329999923706055, 11.579999923706055, 11.880000114440918, 13.020000457763672, 12.510000228881836, 14.380000114440918, 14.890000343322754, 14.510000228881836, 14.6899995803833, 14.9399995803833, 14.699999809265137, 14.050000190734863, 13.920000076293945, 15.0600004196167, 15.850000381469727, 15.859999656677246, 15.0600004196167, 14.34000015258789, 14.210000038146973, 13.050000190734863, 12.720000267028809, 12.59000015258789, 12.850000381469727, 12.829999923706055, 13.109999656677246, 13.5600004196167, 13.630000114440918, 12.65999984741211, 13.569999694824219, 13.5, 13.069999694824219, 14.069999694824219, 14.949999809265137, 14.15999984741211, 15.029999732971191, 15.25, 15.25, 15.75, 15.079999923706055, 19.540000915527344, 19.0, 19.280000686645508, 20.540000915527344]
assets:[0, 100.00021412715911, 205.57623378705978, 292.18487085142135, 407.3174037820816, 532.4784045858383, 647.7431298731804, 727.5670792152405, 788.788665421009, 898.6570719486236, 1018.4864692897797, 1144.8720470286369, 1354.7336516304017, 1401.6679636447907, 1711.189815618229, 1871.8785251604081, 1924.1072863510133, 2047.9769114999772, 2182.829554691315, 2247.7637408349037, 2248.3723555226325, 2327.568780757141, 2618.188602950573, 2855.5297287254334, 2957.331663982391, 2908.1598750300404, 2869.1242865295408, 2943.114104900837, 2802.859465965748, 2831.9821314513206, 2903.0387461841583, 3062.9903409290314, 3158.2225172195435, 3327.1474828691485, 3541.351405587769, 3659.6332227272032, 3499.189775825119, 3850.711318401337, 3930.84765, 3905.642658805847, 4304.467367636871, 4673.6883753722195, 4526.716895220185, 4904.842016858673, 5076.63655, 5176.6368999999995, 5446.3625999999995, 5314.676041111565, 6986.5234193466185, 6893.447, 7095.034468685341, 7658.713169371033]
shares:[0, 9.2937, 18.0965, 27.5127, 36.4653, 44.897, 53.0937, 61.5539, 70.4905, 79.3166, 87.9522, 96.3697, 104.0502, 112.0438, 118.9979, 125.7138, 132.6056, 139.413, 146.1064, 152.9091, 160.0265, 167.2104, 173.8505, 180.1596, 186.4648, 193.1049, 200.0784, 207.1157, 214.7785, 222.6401, 230.5829, 238.365, 246.1592, 253.787, 261.1616, 268.4984, 276.3973, 283.7665, 291.1739, 298.825, 305.9323, 312.6213, 319.6834, 326.3368, 332.8942, 339.4516, 345.8008, 352.4321, 357.5498, 362.813, 367.9997, 372.8682]
growth_rate:50.17
