ticker:HOLX
price:[58.2400016784668, 62.040000915527344, 63.56999969482422, 64.3499984741211, 66.87999725341797, 69.38999938964844, 66.9000015258789, 67.91000366210938, 68.81999969482422, 75.05000305175781, 69.73999786376953, 68.98999786376953, 69.51000213623047, 73.16000366210938, 74.31999969482422, 74.7699966430664, 74.7699966430664, 72.83000183105469, 80.48999786376953, 76.0999984741211, 75.69999694824219, 79.7300033569336, 82.80000305175781, 82.9800033569336, 75.69000244140625, 72.08999633789062, 72.3499984741211, 70.77999877929688, 72.02999877929688, 73.41999816894531, 74.33999633789062, 73.62999725341797, 76.66000366210938, 73.36000061035156, 65.55000305175781, 65.62999725341797, 63.7400016784668, 62.41999816894531, 63.060001373291016, 60.720001220703125, 63.38999938964844, 62.61000061035156, 65.88999938964844, 67.70999908447266, 69.30999755859375, 69.54000091552734, 72.30000305175781, 75.04000091552734, 75.94000244140625, 76.91999816894531, 77.08999633789062, 79.19000244140625]
assets:[0, 100.00227747573854, 202.47044902801514, 304.95464276885986, 416.9432788772583, 532.5890623153687, 613.4797039924622, 722.7390049743652, 832.4260703086853, 1007.7789459793091, 1036.4758482513428, 1125.3303501548767, 1233.8094889183044, 1398.599790008545, 1520.7729937553404, 1629.9784498191834, 1729.9758433296204, 1785.092476879883, 2072.842816986084, 2059.791048699188, 2148.963943367004, 2363.3647325065613, 2554.363534146118, 2659.915709606171, 2526.2370904846193, 2506.0861696929933, 2615.1268698463437, 2658.376428152466, 2805.3235504577633, 2959.457338192749, 3096.5433394592283, 3166.966078864288, 3397.295386291504, 3351.048147880554, 3094.294449058533, 3198.0710101623536, 3205.9754824230195, 3239.5854209686277, 3372.802009451294, 3347.645467300415, 3594.846865386963, 3650.6138275878907, 3941.8626244857787, 4150.744821876526, 4348.828072814941, 4463.258062760925, 4740.4003100906375, 5020.048493247224, 5180.254860540772, 5347.109056713866, 5458.927656677246, 5707.635263964843]
shares:[0, 1.6119, 3.185, 4.739, 6.2342, 7.6753, 9.1701, 10.6426, 12.0957, 13.4281, 14.862, 16.3115, 17.7501, 19.117, 20.4625, 21.7999, 23.1373, 24.5104, 25.7528, 27.0669, 28.3879, 29.6421, 30.8498, 32.0549, 33.3761, 34.7633, 36.1455, 37.5583, 38.9466, 40.3086, 41.6538, 43.0119, 44.3164, 45.6795, 47.2051, 48.7288, 50.2977, 51.8998, 53.4856, 55.1325, 56.71, 58.3072, 59.8249, 61.3018, 62.7446, 64.1826, 65.5657, 66.8983, 68.2151, 69.5152, 70.8124, 72.0752]
growth_rate:11.91
