ticker:HOMB
price:[16.809999465942383, 15.710000038146973, 15.699999809265137, 14.899999618530273, 15.8100004196167, 16.93000030517578, 16.309999465942383, 17.700000762939453, 16.600000381469727, 16.239999771118164, 19.020000457763672, 18.770000457763672, 19.34000015258789, 19.600000381469727, 19.290000915527344, 19.0, 19.670000076293945, 19.479999542236328, 20.670000076293945, 21.110000610351562, 22.18000030517578, 21.200000762939453, 22.3700008392334, 23.420000076293945, 23.530000686645508, 24.440000534057617, 26.530000686645508, 28.329999923706055, 27.989999771118164, 27.56999969482422, 27.020000457763672, 26.93000030517578, 26.969999313354492, 28.049999237060547, 27.829999923706055, 28.530000686645508, 28.049999237060547, 27.59000015258789, 27.360000610351562, 27.600000381469727, 26.6200008392334, 24.110000610351562, 25.59000015258789, 24.530000686645508, 24.239999771118164, 22.299999237060547, 21.399999618530273, 21.18000030517578, 21.8700008392334, 22.059999465942383, 21.690000534057617, 22.329999923706055]
assets:[0, 100.00043424282075, 199.93635757102967, 289.7483725818634, 407.4442638140678, 536.3085496673584, 616.6680318077086, 769.2225631565094, 821.4178188762664, 903.6033312648773, 1158.2837918769837, 1243.060173315811, 1380.8083208942414, 1499.3706291818621, 1575.6554997825624, 1651.9683, 1810.2222390213012, 1892.7371435222626, 2108.3606777820587, 2253.241356147766, 2467.451839949799, 2458.430528473282, 2694.108681072235, 2920.5653475141526, 3034.2830025455473, 3251.632091053963, 3629.6967379432676, 3975.9625072925573, 4028.2451940599444, 4067.7990629730225, 4086.6507772346495, 4173.037838289642, 4279.235396052361, 4550.596256227112, 4614.904171348572, 4830.982163269616, 4849.704618091583, 4870.173031934738, 4929.574429969787, 5072.816590113258, 4992.695623401833, 4621.935337005615, 5005.654811847687, 4898.307529113769, 4940.397985351181, 4645.002871082687, 4557.536518758774, 4610.6827384338385, 4860.889809530449, 5003.119638877868, 5019.2049395843505, 5267.305333003425]
shares:[0, 6.3654, 12.7348, 19.4462, 25.7713, 31.678, 37.8092, 43.4589, 49.483, 55.6406, 60.8982, 66.2259, 71.3965, 76.4985, 81.6825, 86.9457, 92.0296, 97.1631, 102.001, 106.7381, 111.2467, 115.9637, 120.434, 124.7039, 128.9538, 133.0455, 136.8148, 140.3446, 143.9173, 147.5444, 151.2454, 154.9587, 158.6665, 162.2316, 165.8248, 169.3299, 172.895, 176.5195, 180.1745, 183.7977, 187.5543, 191.702, 195.6098, 199.6864, 203.8118, 208.2961, 212.969, 217.6904, 222.2629, 226.796, 231.4064, 235.8847]
growth_rate:3.28
