ticker:HON
price:[166.69000244140625, 166.4499969482422, 168.6999969482422, 161.49000549316406, 165.61000061035156, 174.3800048828125, 174.86000061035156, 175.5399932861328, 164.9499969482422, 184.27000427246094, 201.5399932861328, 202.0, 209.41000366210938, 212.67999267578125, 214.6300048828125, 210.0399932861328, 209.52999877929688, 212.6999969482422, 210.02999877929688, 205.97000122070312, 202.25, 195.3699951171875, 202.9199981689453, 203.57000732421875, 203.55999755859375, 202.35000610351562, 206.5800018310547, 214.3800048828125, 212.91000366210938, 218.52999877929688, 216.8000030517578, 226.97999572753906, 232.11000061035156, 224.5, 223.0399932861328, 228.7899932861328, 227.36000061035156, 223.1999969482422, 230.91000366210938, 230.0500030517578, 225.17999267578125, 212.5, 218.74000549316406, 221.32000732421875, 224.33999633789062, 230.3300018310547, 229.32000732421875, 233.7899932861328, 229.67999267578125, 231.75999450683594, 227.6999969482422, 231.13999938964844]
assets:[0, 100.00315816650391, 201.36031635742188, 292.7490819580078, 400.2131274749756, 521.4136526000976, 622.8513221740723, 725.278590260315, 781.5165905410767, 973.0561845611571, 1164.256233215332, 1266.9035999999999, 1413.3709377166747, 1535.4432071228027, 1649.517439526367, 1714.241405204773, 1810.0877534545898, 1937.4630022018432, 2013.1375382995607, 2074.2208972930907, 2136.751025, 2164.054824914551, 2347.6829188156125, 2455.196787335205, 2555.085089355469, 2639.8986496276857, 2795.0893987747195, 3000.63405234375, 3080.0625679779055, 3261.3635547821045, 3335.554766952515, 3592.1854123840335, 3773.365857922363, 3749.6439000000005, 3825.2697088531495, 4023.8897649185183, 4098.732411003113, 4123.7315436172485, 4366.184895245361, 4449.926224031066, 4455.726587072754, 4304.825, 4531.2429617919925, 4684.680595031738, 4848.615472851562, 5078.085550369263, 5155.824656671142, 5356.315778179931, 5362.155045007324, 5510.719621385193, 5514.188056095886, 5697.485414955139]
shares:[0, 0.6008, 1.1936, 1.8128, 2.4166, 2.9901, 3.562, 4.1317, 4.7379, 5.2806, 5.7768, 6.2718, 6.7493, 7.2195, 7.6854, 8.1615, 8.6388, 9.1089, 9.585, 10.0705, 10.5649, 11.0767, 11.5695, 12.0607, 12.552, 13.0462, 13.5303, 13.9968, 14.4665, 14.9241, 15.3854, 15.826, 16.2568, 16.7022, 17.1506, 17.5877, 18.0275, 18.4755, 18.9086, 19.3433, 19.7874, 20.258, 20.7152, 21.167, 21.6128, 22.047, 22.4831, 22.9108, 23.3462, 23.7777, 24.2169, 24.6495]
growth_rate:11.72
