ticker:HONE
price:[8.949999809265137, 8.619999885559082, 8.65999984741211, 7.78000020980835, 8.3100004196167, 8.859999656677246, 8.850000381469727, 9.640000343322754, 9.399999618530273, 9.369999885559082, 10.029999732971191, 10.100000381469727, 10.279999732971191, 10.470000267028809, 10.720000267028809, 10.619999885559082, 10.800000190734863, 10.859999656677246, 11.15999984741211, 11.1899995803833, 11.079999923706055, 10.859999656677246, 11.319999694824219, 11.390000343322754, 11.489999771118164, 11.949999809265137, 13.460000038146973, 14.180000305175781, 14.119999885559082, 14.050000190734863, 13.75, 13.850000381469727, 13.9399995803833, 14.789999961853027, 14.3100004196167, 14.25, 14.819999694824219, 14.729999542236328, 14.850000381469727, 14.770000457763672, 15.100000381469727, 14.069999694824219, 14.609999656677246, 14.34000015258789, 14.449999809265137, 14.180000305175781, 14.119999885559082, 13.609999656677246, 14.050000190734863, 13.869999885559082, 13.770000457763672, 14.329999923706055]
assets:[0, 99.99975667238235, 200.46340846786498, 280.09323355345725, 399.174194156456, 525.5937856333733, 625.0003019399643, 780.7908638073922, 861.3520450447082, 958.6034602920532, 1126.1252410191537, 1233.9847166067123, 1355.976168777752, 1481.0380757726668, 1616.4023762636186, 1701.3239816665648, 1830.1604723217965, 1940.327902659416, 2093.928451370239, 2199.5577915182116, 2277.9360763147356, 2332.706206254959, 2531.51303975296, 2647.167064792156, 2770.4078478132246, 2981.3206074149134, 3458.0395678004265, 3743.0166905555725, 3827.1793729811666, 3908.205658055592, 3924.756, 4053.2995616397857, 4179.6384381860735, 4534.494189304447, 4487.329931583405, 4568.514375000001, 4851.254282102203, 4921.793667045594, 5061.889930030823, 5134.620804136277, 5349.341235139847, 5084.451870719146, 5379.590342584133, 5380.173033248901, 5521.443187118912, 5518.274738761902, 5594.925698653793, 5492.842068438817, 5770.4207833359715, 5796.4934851733215, 5854.702631631088, 6192.802612029075]
shares:[0, 11.6009, 23.1482, 36.0017, 48.0354, 59.3221, 70.6215, 80.9949, 91.6332, 102.3056, 112.2757, 122.1767, 131.9043, 141.4554, 150.7838, 160.2, 169.4593, 178.6674, 187.628, 196.5646, 205.5899, 214.798, 223.6319, 232.4115, 241.1147, 249.4829, 256.9123, 263.9645, 271.0467, 278.1641, 285.4368, 292.657, 299.8306, 306.5919, 313.58, 320.5975, 327.3451, 334.134, 340.868, 347.6385, 354.261, 361.3683, 368.2129, 375.1864, 382.1068, 389.159, 396.2412, 403.5887, 410.7061, 417.9159, 425.1781, 432.1565]
growth_rate:21.43
