ticker:HOOK
price:[8.59000015258789, 9.529999732971191, 11.010000228881836, 9.949999809265137, 9.739999771118164, 9.420000076293945, 9.770000457763672, 9.600000381469727, 9.399999618530273, 10.380000114440918, 11.0, 11.239999771118164, 11.069999694824219, 11.270000457763672, 11.510000228881836, 11.75, 11.930000305175781, 11.09000015258789, 11.0, 11.09000015258789, 12.779999732971191, 10.6899995803833, 12.1899995803833, 11.539999961853027, 11.979999542236328, 11.84000015258789, 11.920000076293945, 12.229999542236328, 14.699999809265137, 13.859999656677246, 13.760000228881836, 13.710000038146973, 12.539999961853027, 12.34000015258789, 13.539999961853027, 15.100000381469727, 17.559999465942383, 16.850000381469727, 16.690000534057617, 16.860000610351562, 9.890000343322754, 9.449999809265137, 9.3100004196167, 9.350000381469727, 8.760000228881836, 7.940000057220459, 7.429999828338623, 7.730000019073486, 7.53000020980835, 6.900000095367432, 6.519999980926514, 7.019999980926514]
assets:[0, 100.0001931980133, 215.53066348056794, 294.7806843492508, 388.558784869194, 475.7928998535156, 593.4708618064881, 683.144667145729, 768.9124487960815, 949.0755884636878, 1105.7640000000001, 1229.8897669555663, 1311.287957850647, 1434.9787292858123, 1565.5372851314544, 1698.1805000000002, 1824.1948726638793, 1795.7516017078399, 1881.1782, 1996.5693244709014, 2400.825189836502, 2108.201542246342, 2504.019734804058, 2470.4993478334427, 2664.694526180267, 2733.5541152286532, 2852.0245142543795, 3026.195978730774, 3737.373521506977, 3623.809176235485, 3697.662941506386, 3784.2259845293047, 3561.2834951664922, 3604.4844285705567, 4055.001162575626, 4622.194676770019, 5475.2148574806215, 5353.836556206322, 5402.9987958887095, 5558.032395207214, 3360.316515650463, 3310.8178281758305, 3361.768533520317, 3476.2123318256376, 3356.8574917081833, 3142.631378647709, 3040.774981746483, 3263.551898052692, 3279.1132873659135, 3104.7654429121017, 3033.778159125042, 3366.4297588533404]
shares:[0, 10.4932, 19.5759, 29.6262, 39.8931, 50.5088, 60.7442, 71.1609, 81.7992, 91.4331, 100.524, 109.4208, 118.4542, 127.3273, 136.0154, 144.526, 152.9082, 161.9253, 171.0162, 180.0333, 187.858, 197.2125, 205.4159, 214.0814, 222.4286, 230.8745, 239.2638, 247.4404, 254.2431, 261.4581, 268.7255, 276.0194, 283.9939, 292.0976, 299.4831, 306.1056, 311.8004, 317.7351, 323.7267, 329.6579, 339.7691, 350.3511, 361.0922, 371.7874, 383.2029, 395.7974, 409.2564, 422.193, 435.4732, 449.966, 465.3034, 479.5484]
growth_rate:-33.99
