ticker:HOPE
price:[8.720000267028809, 8.050000190734863, 7.840000152587891, 7.300000190734863, 7.739999771118164, 8.09000015258789, 8.010000228881836, 8.649999618530273, 8.069999694824219, 8.069999694824219, 9.359999656677246, 9.489999771118164, 10.0600004196167, 10.5, 10.640000343322754, 10.390000343322754, 10.789999961853027, 10.90999984741211, 11.949999809265137, 12.369999885559082, 12.420000076293945, 11.180000305175781, 11.789999961853027, 12.130000114440918, 12.449999809265137, 13.15999984741211, 14.720000267028809, 16.229999542236328, 15.859999656677246, 15.529999732971191, 15.329999923706055, 15.270000457763672, 15.420000076293945, 15.600000381469727, 15.010000228881836, 15.489999771118164, 15.720000267028809, 15.619999885559082, 15.300000190734863, 15.1899995803833, 15.109999656677246, 13.970000267028809, 14.649999618530273, 13.920000076293945, 13.819999694824219, 13.1899995803833, 13.079999923706055, 13.25, 13.899999618530273, 14.0, 13.890000343322754, 14.050000190734863]
assets:[0, 100.00032236938476, 197.3916038417816, 283.79553741502764, 400.9010281448364, 519.029330789566, 613.8968305418015, 762.9472663536071, 811.7903213012695, 911.7905295196533, 1157.5417975416183, 1273.6187052825928, 1450.1168684864047, 1613.5413, 1735.0552799853324, 1794.2876022896767, 1963.3645780587196, 2085.199904836273, 2383.9723819492337, 2567.7608652443887, 2678.139520451355, 2510.756394535065, 2747.747916109562, 2926.9872226147654, 3104.20327244339, 3381.2303447952268, 3882.0453184224134, 4380.270755455398, 4380.41295517683, 4389.270225529194, 4432.744594939232, 4515.395634362412, 4659.751319055176, 4814.146077721215, 4732.072185157585, 4983.3978053648, 5157.392535606384, 5224.583809721756, 5217.549455043697, 5280.037778141404, 5352.229325389004, 5048.421419497776, 5394.15622954216, 5225.368972639656, 5287.830395233154, 5146.778725264263, 5203.857041646576, 5371.4917, 5734.998062609482, 5876.2578, 5930.087015575504, 6098.395557788373]
shares:[0, 12.4224, 25.1775, 38.8761, 51.796, 64.1569, 76.6413, 88.202, 100.5936, 112.9852, 123.669, 134.2064, 144.1468, 153.6706, 163.0691, 172.6937, 181.9615, 191.1274, 199.4956, 207.5797, 215.6312, 224.5757, 233.0575, 241.3015, 249.3336, 256.9324, 263.7259, 269.8873, 276.1925, 282.6317, 289.1549, 295.7037, 302.1888, 308.5991, 315.2613, 321.7171, 328.0784, 334.4804, 341.0163, 347.5996, 354.2177, 361.3759, 368.2018, 375.3857, 382.6216, 390.2031, 397.8484, 405.3956, 412.5898, 419.7327, 426.9321, 434.0495]
growth_rate:19.58
