ticker:HOTH
price:[2.309999942779541, 2.2899999618530273, 2.3499999046325684, 1.9500000476837158, 1.899999976158142, 1.8600000143051147, 1.7899999618530273, 1.8799999952316284, 1.6699999570846558, 1.840000033378601, 1.7400000095367432, 1.7300000190734863, 1.690000057220459, 1.7300000190734863, 1.75, 1.659999966621399, 1.659999966621399, 2.369999885559082, 2.0799999237060547, 2.200000047683716, 2.319999933242798, 2.109999895095825, 2.240000009536743, 2.450000047683716, 2.5399999618530273, 2.3499999046325684, 1.850000023841858, 2.1500000953674316, 2.2100000381469727, 2.0899999141693115, 2.0299999713897705, 1.7799999713897705, 1.5800000429153442, 1.5299999713897705, 1.5099999904632568, 1.4800000190734863, 1.3600000143051147, 1.4900000095367432, 1.4500000476837158, 1.5499999523162842, 1.590000033378601, 1.5399999618530273, 1.590000033378601, 1.5399999618530273, 1.4600000381469727, 1.3799999952316284, 1.3899999856948853, 1.2899999618530273, 1.2999999523162842, 1.2799999713897705, 1.1699999570846558, 1.2699999809265137]
assets:[0, 99.99994733419419, 202.62004677729607, 268.1316365566731, 361.2564954668283, 453.6510274889946, 536.5780855648994, 663.5569023169757, 689.436102283001, 859.6182075939417, 912.8998790035008, 1007.6533891095162, 1084.3550747143745, 1210.0203143406393, 1324.00905, 1355.917188735771, 1455.9172467250107, 2178.6287937998773, 2012.0454941986084, 2228.125068293309, 2449.6589295119047, 2327.9225832612274, 2571.3493229474543, 2912.413301683545, 3119.399861151314, 2986.0588688200946, 2450.7274065837264, 2948.1426957705976, 3130.4164340343477, 3060.438915315986, 3072.5795366959574, 2794.18307908864, 2580.2299720831993, 2598.5770434079172, 2664.608799171066, 2711.6696509466174, 2591.804523261809, 2939.5505418145895, 2960.636487361479, 3264.8180645621537, 3449.0716384057764, 3440.610164773464, 3652.3184806725026, 3637.4655878972053, 3548.506440715599, 3454.067676065016, 3579.097063165903, 3421.6080248186113, 3548.1321198552846, 3593.5455196779967, 3384.725167849016, 3774.018049319935]
shares:[0, 43.6681, 86.2213, 137.5034, 190.135, 243.8984, 299.7643, 352.9558, 412.836, 467.1838, 524.6551, 582.4586, 641.6302, 699.4337, 756.5766, 816.8176, 877.0586, 919.2527, 967.3296, 1012.7841, 1055.8875, 1103.2809, 1147.9238, 1188.7401, 1228.1102, 1270.6634, 1324.7175, 1371.2291, 1416.478, 1464.3249, 1513.586, 1569.7658, 1633.0569, 1698.4164, 1764.6416, 1832.2092, 1905.7386, 1972.8527, 2041.8182, 2106.3343, 2169.2274, 2234.1625, 2297.0556, 2361.9907, 2430.4838, 2502.9476, 2574.89, 2652.4094, 2729.3325, 2807.4575, 2892.9276, 2971.6678]
growth_rate:-26.0
