ticker:HOVNP
price:[5.639999866485596, 5.989999771118164, 7.0, 6.71999979019165, 7.139999866485596, 6.96999979019165, 6.510000228881836, 7.25, 7.21999979019165, 7.389999866485596, 7.849999904632568, 7.380000114440918, 7.070000171661377, 7.690000057220459, 7.449999809265137, 7.75, 8.039999961853027, 8.220000267028809, 8.489999771118164, 8.5, 9.399999618530273, 12.5, 13.0, 13.619999885559082, 13.920000076293945, 14.350000381469727, 16.25, 17.5, 18.600000381469727, 19.540000915527344, 19.90999984741211, 19.139999389648438, 19.899999618530273, 19.75, 20.399999618530273, 19.649999618530273, 18.209999084472656, 19.25, 19.5, 20.239999771118164, 20.0, 19.200000762939453, 19.5, 19.469999313354492, 19.0, 18.75, 18.549999237060547, 18.25, 18.049999237060547, 18.350000381469727, 18.0, 18.25]
assets:[0, 100.0000511789322, 216.8614, 308.1872543779373, 427.4489440069198, 517.2715644292831, 583.1332705020905, 749.418725, 846.31754540658, 966.2446995429517, 1126.3902063158037, 1158.9500519717217, 1210.2680813856125, 1416.4018855392933, 1472.1966973088265, 1631.479625, 1792.528443495083, 1932.6593367829323, 2096.1410404901503, 2198.61, 2531.403917270851, 3466.2287499999998, 3704.8777999999998, 3981.5713405451775, 4169.271094851303, 4398.062736914826, 5080.38375, 5571.18275, 6021.370683493042, 6425.6765430686955, 6647.349658055496, 6490.270437033081, 6847.981898728753, 6896.36425, 7223.333864927292, 7057.770927985955, 6640.560242138671, 7119.8127, 7312.277700000001, 7689.768945041084, 7698.586, 7490.642217651368, 7707.6831, 7795.8247180658345, 7707.6368999999995, 7706.22, 7724.019342320252, 7699.103775, 7714.730318912888, 7942.953640122413, 7891.4538, 8101.0581999999995]
shares:[0, 16.6945, 30.9802, 45.8612, 59.8668, 74.214, 89.575, 103.3681, 117.2185, 130.7503, 143.4892, 157.0393, 171.1836, 184.1875, 197.6103, 210.5135, 222.9513, 235.1167, 246.8953, 258.66, 269.2983, 277.2983, 284.9906, 292.3327, 299.5166, 306.4852, 312.639, 318.3533, 323.7296, 328.8473, 333.8699, 339.0946, 344.1197, 349.183, 354.085, 359.1741, 364.6656, 369.8604, 374.9886, 379.9293, 384.9293, 390.1376, 395.2658, 400.4019, 405.6651, 410.9984, 416.3892, 421.8687, 427.4089, 432.8585, 438.4141, 443.8936]
growth_rate:58.84
