ticker:HPK
price:[7.224999904632568, 7.150000095367432, 6.730000019073486, 7.010000228881836, 6.889999866485596, 6.710000038146973, 5.630000114440918, 4.309999942779541, 4.554999828338623, 4.480000019073486, 5.474999904632568, 4.480000019073486, 5.360000133514404, 5.0, 13.109999656677246, 14.0, 14.600000381469727, 15.970000267028809, 17.790000915527344, 18.0, 18.06999969482422, 14.90999984741211, 14.350000381469727, 12.680000305175781, 12.779999732971191, 12.289999961853027, 10.829999923706055, 7.199999809265137, 6.71999979019165, 6.5, 6.849999904632568, 7.199999809265137, 7.690000057220459, 8.0, 9.600000381469727, 9.699999809265137, 8.600000381469727, 9.399999618530273, 10.199999809265137, 10.800000190734863, 10.0600004196167, 9.649999618530273, 10.899999618530273, 10.649999618530273, 10.65999984741211, 10.260000228881836, 11.75, 10.895000457763672, 11.0, 10.539999961853027, 8.710000038146973, 9.520000457763672]
assets:[0, 99.99990133380891, 194.1255045501709, 302.20181086711887, 397.0286633063793, 486.6561727666855, 508.32708033275605, 489.1457725059986, 616.9510407493591, 706.7925790091515, 963.7697082123757, 888.6187557832717, 1163.1688049738407, 1185.0455, 3207.1896750105857, 3524.9172, 3775.9849586591718, 4230.306146733475, 4812.4069486610415, 4969.215, 5088.539019062042, 4298.678200007629, 4237.225062639236, 3844.112004518128, 3974.427834957218, 3922.0437798263547, 3556.1214469482425, 2464.180494721508, 2399.902101071501, 2421.33385, 2651.71305308218, 2887.2020835152625, 3183.6923216895107, 3412.0336, 4194.440806672096, 4338.132854697609, 3946.179835040474, 4413.265980901337, 4888.862968580723, 5276.443773185349, 5014.910209178925, 4910.524860884285, 5646.603102384568, 5617.094153802681, 5722.368934089661, 5607.64621709633, 6522.0114, 6147.431011790085, 6306.6762, 6142.94280376711, 5176.37915267086, 5757.764820858764]
shares:[0, 13.986, 28.8448, 43.1101, 57.6239, 72.527, 90.289, 113.4909, 135.4448, 157.7662, 176.031, 198.3524, 217.0091, 237.0091, 244.6369, 251.7798, 258.6291, 264.8908, 270.5119, 276.0675, 281.6015, 288.3084, 295.277, 303.1634, 310.9881, 319.1248, 328.3584, 342.2473, 357.1283, 372.5129, 387.1114, 401.0003, 414.0042, 426.5042, 436.9209, 447.2302, 458.8581, 469.4964, 479.3003, 488.5596, 498.5, 508.8627, 518.037, 527.4267, 536.8076, 546.5542, 555.0648, 564.2433, 573.3342, 582.8219, 594.303, 604.8072]
growth_rate:12.9
