ticker:HPKEW
price:[0.9900000095367432, 0.800000011920929, 0.9010000228881836, 0.8999999761581421, 0.8980000019073486, 1.100000023841858, 0.8299999833106995, 0.5199999809265137, 1.0399999618530273, 0.550000011920929, 0.75, 0.9200000166893005, 0.9599999785423279, 0.949999988079071, 1.7699999809265137, 1.5499999523162842, 2.700000047683716, 4.53000020980835, 6.0, 6.440000057220459, 6.316999912261963, 3.4000000953674316, 3.2119998931884766, 3.0999999046325684, 2.7200000286102295, 2.5, 2.509999990463257, 1.8600000143051147, 1.75, 3.0999999046325684, 2.450000047683716, 2.309999942779541, 2.359999895095825, 2.0999999046325684, 2.1600000858306885, 2.2090001106262207, 2.25, 2.2699999809265137, 2.5, 2.700000047683716, 2.5299999713897705, 2.5999999046325684, 2.75, 3.0199999809265137, 2.803999900817871, 2.490000009536743, 2.6500000953674316, 2.509999990463257, 2.5399999618530273, 2.430000066757202, 2.0299999713897705, 2.1740000247955322]
assets:[0, 100.00000149011612, 212.62501320133208, 312.38900172451736, 411.6948358744383, 604.3032730979204, 555.974243820697, 448.3212075556755, 996.6423634433746, 627.0705235913873, 955.0961249999999, 1271.584647067237, 1426.8709121069492, 1512.0077260268033, 2917.1091795652865, 2654.530538336849, 4724.0210634292125, 8025.857996720076, 10730.2752, 11617.1624712204, 11495.281627839804, 6287.10779634862, 6039.467510364151, 5928.875987605906, 5302.110743770075, 4973.2635, 5093.156440648556, 3874.211513796258, 3745.091525, 6734.162032832336, 5422.160520530104, 5212.3224478868015, 5425.143214847374, 4927.457836229039, 5168.242789367509, 5385.485498403883, 5585.442075000001, 5735.090483811378, 6416.179, 7029.473344144964, 6686.876703382181, 6971.888824272633, 7474.11335, 8307.935387529375, 7813.725104815579, 7038.721817958427, 7591.009278183031, 7289.974445301747, 7477.105583705139, 7253.294320263219, 6159.336187192106, 6696.254872374057]
shares:[0, 125.0, 235.9878, 347.0989, 458.4575, 549.3666, 669.8485, 862.1562, 958.31, 1140.1282, 1273.4615, 1382.1572, 1486.3239, 1591.5871, 1648.0843, 1712.6004, 1749.6374, 1771.7125, 1788.3792, 1803.9072, 1819.7375, 1849.1493, 1880.2826, 1912.5407, 1949.3054, 1989.3054, 2029.146, 2082.9094, 2140.0523, 2172.3104, 2213.1267, 2256.4167, 2298.7896, 2346.4086, 2392.7049, 2437.9743, 2482.4187, 2526.4716, 2566.4716, 2603.5086, 2643.0343, 2681.4958, 2717.8594, 2750.972, 2786.6353, 2826.7959, 2864.5317, 2904.3723, 2943.7424, 2984.8947, 3034.1558, 3080.154]
growth_rate:31.3
