ticker:HQI
price:[6.980000019073486, 7.150000095367432, 6.630000114440918, 7.699999809265137, 7.53000020980835, 7.550000190734863, 7.699999809265137, 7.5, 7.699999809265137, 7.599999904632568, 8.8100004196167, 8.829999923706055, 9.279999732971191, 9.149999618530273, 9.15999984741211, 9.550000190734863, 9.100000381469727, 10.220000267028809, 9.8100004196167, 10.199999809265137, 10.050000190734863, 10.210000038146973, 13.350000381469727, 13.0, 15.149999618530273, 15.010000228881836, 15.359999656677246, 15.149999618530273, 16.719999313354492, 18.350000381469727, 17.149999618530273, 19.639999389648438, 20.040000915527344, 18.5, 18.34000015258789, 19.600000381469727, 19.239999771118164, 17.5, 17.809999465942383, 17.8700008392334, 20.459999084472656, 21.079999923706055, 20.25, 18.280000686645508, 18.100000381469727, 17.899999618530273, 19.34000015258789, 18.299999237060547, 21.239999771118164, 21.010000228881836, 18.790000915527344, 18.3700008392334]
assets:[0, 99.99990133380891, 192.72747332668303, 323.83119197845457, 416.6815976099968, 517.7880730808258, 628.0751244421006, 711.76125, 830.7414294219017, 919.9526284561158, 1166.4185065560341, 1269.066132034874, 1433.741398744583, 1513.6569868946074, 1615.3110130920409, 1784.0851956321717, 1800.0182954563143, 2121.5586134322166, 2136.447397385216, 2321.38225659132, 2387.24388030653, 2525.249519434929, 3401.868457206726, 3412.6807, 4077.086087340927, 4139.4098311203, 4335.9312950843805, 4376.651574798012, 4930.206133529663, 5510.842754562378, 5250.46037821331, 6112.77108603363, 6337.267525518037, 5950.27155, 5998.810475909806, 6510.941766720772, 6491.352738777923, 6004.2972500000005, 6210.658488764762, 6331.582542351723, 7349.254177141571, 7671.958464233208, 7469.8848, 6843.185893048287, 6875.802804912186, 6899.826932956696, 7554.896431606293, 7248.635187799454, 8513.170324262237, 8520.983772827149, 7720.62347618103, 7648.050418401146]
shares:[0, 13.986, 29.069, 42.056, 55.3362, 68.5812, 81.5682, 94.9015, 107.8885, 121.0464, 132.3971, 143.7221, 154.498, 165.427, 176.344, 186.8152, 197.8042, 207.5889, 217.7826, 227.5865, 237.5367, 247.331, 254.8216, 262.5139, 269.1146, 275.7768, 282.2872, 288.8879, 294.8688, 300.3184, 306.1493, 311.2409, 316.2309, 321.6363, 327.0889, 332.1909, 337.3884, 343.1027, 348.7175, 354.3135, 359.2011, 363.9449, 368.8832, 374.3537, 379.8786, 385.4652, 390.6358, 396.1003, 400.8084, 405.568, 410.89, 416.3337]
growth_rate:49.96
