ticker:HQY
price:[58.470001220703125, 51.560001373291016, 49.91999816894531, 47.56999969482422, 52.18000030517578, 55.20000076293945, 54.29999923706055, 57.65999984741211, 51.4900016784668, 52.90999984741211, 67.66000366210938, 69.41999816894531, 72.5, 70.5999984741211, 64.62999725341797, 65.26000213623047, 68.33000183105469, 69.70999908447266, 75.2699966430664, 76.61000061035156, 85.36000061035156, 83.55000305175781, 84.83999633789062, 85.12999725341797, 79.33000183105469, 82.3499984741211, 79.45999908447266, 79.16999816894531, 71.70999908447266, 70.0, 68.11000061035156, 69.33000183105469, 70.98999786376953, 73.52999877929688, 75.97000122070312, 74.52999877929688, 74.43000030517578, 78.13999938964844, 83.12000274658203, 81.0999984741211, 78.51000213623047, 77.37000274658203, 83.33999633789062, 82.6500015258789, 79.23999786376953, 74.97000122070312, 74.41999816894531, 73.9800033569336, 73.16999816894531, 68.44999694824219, 63.099998474121094, 65.79000091552734]
assets:[0, 100.00062266349792, 196.8195767807007, 287.55589115524293, 415.4206364295959, 539.464087456131, 630.6673411388397, 769.6918059631348, 787.328466665268, 909.0414163784028, 1262.4612423309325, 1395.3003111968994, 1557.20575, 1616.3940250648498, 1579.7122448669434, 1695.1089774879454, 1874.8522562408446, 2012.7158905662536, 2273.2517496162413, 2413.7206452301025, 2789.4026359451295, 2830.256353378296, 2973.9557796295167, 3084.1235924957277, 2974.002438644409, 3187.2166959434508, 3175.364591413879, 3263.7752575149534, 3056.237134980774, 3083.36, 3100.1084097808834, 3255.6398239837645, 3433.5874246765134, 3656.440955297852, 3877.77475730896, 3904.2688920532223, 3999.0271573966984, 4298.364156425476, 4672.30834638977, 4658.756972346497, 4609.973858435821, 4643.035760824585, 5101.299513839722, 5159.0626852462765, 5046.20908795929, 4874.287084365844, 4938.525962490845, 5009.326589304352, 5054.481035513305, 4828.42855973053, 4551.043219947052, 4845.058564423371]
shares:[0, 1.9395, 3.9427, 6.0449, 7.9613, 9.7729, 11.6145, 13.3488, 15.2909, 17.1809, 18.6589, 20.0994, 21.4787, 22.8951, 24.4424, 25.9747, 27.4382, 28.8727, 30.2013, 31.5066, 32.6781, 33.875, 35.0537, 36.2284, 37.489, 38.7033, 39.9618, 41.2249, 42.6194, 44.048, 45.5162, 46.9586, 48.3672, 49.7272, 51.0435, 52.3852, 53.7287, 55.0085, 56.2116, 57.4446, 58.7183, 60.0108, 61.2107, 62.4206, 63.6826, 65.0165, 66.3602, 67.7119, 69.0786, 70.5395, 72.1243, 73.6443]
growth_rate:-5.0
