ticker:HRMY
price:[41.38999938964844, 44.13999938964844, 33.599998474121094, 33.810001373291016, 32.849998474121094, 34.27000045776367, 39.540000915527344, 40.560001373291016, 38.900001525878906, 45.650001525878906, 44.244998931884766, 43.65999984741211, 47.4900016784668, 47.75, 41.77000045776367, 35.65999984741211, 36.47999954223633, 36.150001525878906, 36.79999923706055, 38.81999969482422, 36.58000183105469, 35.86000061035156, 40.04999923706055, 37.09000015258789, 37.5099983215332, 35.470001220703125, 32.400001525878906, 30.520000457763672, 31.360000610351562, 27.559999465942383, 32.09000015258789, 28.31999969482422, 28.149999618530273, 28.139999389648438, 29.299999237060547, 27.719999313354492, 27.8799991607666, 32.11000061035156, 31.959999084472656, 33.189998626708984, 31.989999771118164, 31.309999465942383, 29.579999923706055, 29.760000228881836, 29.079999923706055, 28.049999237060547, 29.43000030517578, 26.15999984741211, 26.940000534057617, 32.150001525878906, 33.09000015258789, 35.27000045776367]
assets:[0, 99.99916861724853, 176.12111200180053, 277.2217252601624, 369.3489578437805, 485.31461148262025, 659.9463392807007, 776.9714423068999, 845.1725531524659, 1091.8293464950561, 1158.2234595394134, 1242.9085096561432, 1451.9403153167725, 1559.88745, 1464.5355790500641, 1350.3086862220764, 1481.3579334114074, 1567.9593211830138, 1696.1524448352814, 1889.2568071479795, 1880.2413581176756, 1943.231917074585, 2270.2862717517855, 2202.493225061035, 2327.435379853821, 2300.857398184204, 2201.7129436897276, 2173.957944606781, 2333.792429421997, 2150.9973263179777, 2604.5527723846435, 2398.5652061531064, 2484.1670913362505, 2583.285711968994, 2789.7759873573305, 2739.337456144524, 2855.148894055367, 3388.337172406006, 3472.508232526398, 3706.1512396518706, 3672.154466726494, 3694.0977629894255, 3589.9855647405625, 3711.830908547401, 3727.0178342218396, 3695.0095694984434, 3976.796480237579, 3634.929362797928, 3843.3116621896743, 4686.579667430878, 4923.606718704224, 5347.979588410569]
shares:[0, 2.2655, 5.2417, 8.1994, 11.2435, 14.1615, 16.6906, 19.1561, 21.7268, 23.9174, 26.1775, 28.4679, 30.5736, 32.6678, 35.0619, 37.8662, 40.6074, 43.3737, 46.0911, 48.6671, 51.4008, 54.1894, 56.6863, 59.3824, 62.0484, 64.8677, 67.9541, 71.2306, 74.4194, 78.0478, 81.164, 84.6951, 88.2475, 91.8012, 95.2142, 98.8217, 102.4085, 105.5228, 108.6517, 111.6647, 114.7907, 117.9846, 121.3653, 124.7255, 128.1643, 131.7294, 135.1273, 138.9499, 142.6619, 145.7723, 148.7944, 151.6297]
growth_rate:4.86
