ticker:HROW
price:[6.360000133514404, 6.510000228881836, 6.230000019073486, 5.869999885559082, 5.369999885559082, 5.670000076293945, 5.840000152587891, 5.150000095367432, 4.760000228881836, 4.929999828338623, 6.409999847412109, 6.300000190734863, 5.940000057220459, 5.289999961853027, 5.630000114440918, 5.269999980926514, 5.78000020980835, 6.860000133514404, 7.730000019073486, 7.949999809265137, 8.630000114440918, 9.0, 9.829999923706055, 9.119999885559082, 8.899999618530273, 7.670000076293945, 7.949999809265137, 8.220000267028809, 7.369999885559082, 6.639999866485596, 6.789999961853027, 7.050000190734863, 8.0, 8.260000228881836, 7.670000076293945, 8.170000076293945, 8.979999542236328, 10.029999732971191, 9.199999809265137, 9.020000457763672, 8.5600004196167, 8.329999923706055, 10.369999885559082, 9.199999809265137, 8.430000305175781, 6.989999771118164, 8.260000228881836, 8.920000076293945, 9.15999984741211, 9.039999961853027, 9.15999984741211, 9.430000305175781]
assets:[0, 100.00011351585388, 195.699252599144, 284.39092845554353, 360.1669663244247, 480.2881294626236, 594.6883835380554, 624.4256665630817, 677.1390685598374, 801.3226650981426, 1141.8818598178864, 1222.2863470051766, 1252.4412900648595, 1215.3896582356454, 1393.5055373257637, 1404.4001869171143, 1640.3097275416374, 2046.8038338364127, 2406.383790937662, 2574.8705832242013, 2895.1113163915634, 3119.2353000000003, 3506.8976907817837, 3353.6017979178428, 3372.7038054399486, 3006.588640906715, 3216.346527834034, 3425.580717280865, 3171.353696755409, 2957.2301805372235, 3124.034847448826, 3343.6592854613305, 3894.2232, 4120.785258185578, 3926.443313056564, 4282.404396990395, 4806.975794960022, 5469.038897397709, 5116.466733925152, 5116.362543654633, 4955.4390269187925, 4922.2902509170535, 6227.749059272003, 5625.100683380127, 5254.304542211914, 4456.772128066635, 5366.5147147043235, 5895.3163584234235, 6153.93430148735, 6173.314725949859, 6355.261022133636, 6642.5893439689635]
shares:[0, 15.361, 31.4124, 48.4482, 67.0702, 84.7069, 101.8302, 121.2477, 142.2561, 162.5401, 178.1407, 194.0137, 210.8487, 229.7523, 247.5143, 266.4896, 283.7906, 298.3679, 311.3045, 323.8831, 335.4706, 346.5817, 356.7546, 367.7195, 378.9555, 391.9933, 404.5719, 416.7373, 430.3058, 445.366, 460.0935, 474.2779, 486.7779, 498.8844, 511.9222, 524.1621, 535.298, 545.2681, 556.1377, 567.2242, 578.9064, 590.9112, 600.5544, 611.424, 623.2864, 637.5926, 649.6991, 660.9099, 671.8269, 682.8888, 693.8058, 704.4103]
growth_rate:30.25
