ticker:HRTX
price:[13.729999542236328, 14.59000015258789, 16.280000686645508, 14.609999656677246, 14.609999656677246, 15.789999961853027, 15.239999771118164, 16.5, 16.309999465942383, 16.420000076293945, 18.1299991607666, 18.420000076293945, 17.989999771118164, 17.56999969482422, 17.670000076293945, 18.739999771118164, 20.719999313354492, 21.170000076293945, 19.6200008392334, 17.639999389648438, 17.709999084472656, 17.360000610351562, 19.5, 18.34000015258789, 19.0, 18.079999923706055, 17.489999771118164, 16.940000534057617, 15.649999618530273, 15.229999542236328, 16.59000015258789, 16.600000381469727, 17.8700008392334, 17.299999237060547, 17.479999542236328, 16.6299991607666, 13.850000381469727, 13.720000267028809, 13.270000457763672, 13.550000190734863, 15.399999618530273, 14.930000305175781, 16.6200008392334, 14.869999885559082, 14.020000457763672, 12.869999885559082, 12.890000343322754, 12.359999656677246, 11.800000190734863, 11.050000190734863, 10.520000457763672, 11.59000015258789]
assets:[0, 99.9998610458374, 211.58302892398834, 289.8784641880989, 389.878067838192, 521.3668507404327, 603.2068109407425, 753.07815, 844.4061853506089, 950.1006124145508, 1149.0448998109819, 1267.4249452495576, 1337.837126979065, 1406.6032225685121, 1514.6087945396423, 1706.3257031597136, 1986.610742165184, 2129.757049675369, 2073.8223167064666, 1964.5367440261841, 2072.332000869751, 2131.3775469360353, 2494.1163, 2445.7490603485107, 2633.7648, 2606.2356050022127, 2621.1877876979825, 2638.760823190689, 2537.816458140564, 2569.7090867630004, 2899.1771816654204, 3000.9248289615634, 3330.514258411789, 3324.2796233974454, 3458.867145419693, 3390.672235889626, 2923.861115531731, 2996.4165023184773, 2998.1376484241487, 3161.399324501038, 3693.029248520851, 3680.319725227356, 4196.912527924728, 3854.998399331569, 3734.639309938812, 3528.302746626091, 3633.786482785225, 3584.3751804370877, 3521.9767369291308, 3398.122578655243, 3335.1357571239473, 3774.355407691193]
shares:[0, 6.854, 12.9965, 19.8411, 26.6857, 33.0188, 39.5805, 45.6411, 51.7723, 57.8624, 63.3781, 68.807, 74.3656, 80.0571, 85.7164, 91.0526, 95.8789, 100.6026, 105.6994, 111.3683, 117.0148, 122.7752, 127.9034, 133.356, 138.6192, 144.1502, 149.8678, 155.771, 162.1608, 168.7268, 174.7545, 180.7786, 186.3746, 192.1549, 197.8757, 203.8889, 211.1091, 218.3977, 225.9335, 233.3136, 239.8071, 246.505, 252.5218, 259.2467, 266.3794, 274.1494, 281.9074, 289.998, 298.4726, 307.5224, 317.0281, 325.6562]
growth_rate:-25.99
