ticker:HRZN
price:[11.9399995803833, 12.0600004196167, 12.020000457763672, 11.90999984741211, 12.350000381469727, 12.880000114440918, 13.279999732971191, 11.890000343322754, 11.399999618530273, 11.619999885559082, 12.140000343322754, 11.960000038146973, 12.699999809265137, 12.930000305175781, 13.210000038146973, 12.859999656677246, 12.960000038146973, 13.239999771118164, 13.699999809265137, 13.75, 13.739999771118164, 12.600000381469727, 13.920000076293945, 14.319999694824219, 14.350000381469727, 14.760000228881836, 13.140000343322754, 13.890000343322754, 14.010000228881836, 14.350000381469727, 14.569999694824219, 15.720000267028809, 17.40999984741211, 15.8100004196167, 16.540000915527344, 16.389999389648438, 16.229999542236328, 16.110000610351562, 16.479999542236328, 16.889999389648438, 17.719999313354492, 16.959999084472656, 17.31999969482422, 17.450000762939453, 17.530000686645508, 17.850000381469727, 17.229999542236328, 17.1299991607666, 17.149999618530273, 17.299999237060547, 16.579999923706055, 16.93000030517578]
assets:[0, 100.0003174794197, 199.66903560409546, 297.8417031841278, 408.8455276285172, 526.3914366770744, 642.7387070760727, 675.4637855039596, 747.6267949827194, 862.0552555099488, 1000.632244298172, 1085.795779463196, 1252.9769011821747, 1375.66928046875, 1505.4591603473664, 1565.5712142040252, 1677.7445809383394, 1813.992508641243, 1977.0168324754713, 2084.231875, 2182.7157536401746, 2101.6170636272427, 2421.786301273537, 2591.3772167747497, 2696.8056166898727, 2873.8576525646213, 2658.433623459721, 2910.1703669314384, 3035.312782588005, 3208.9743503049854, 3358.1707506614684, 3723.2286152448655, 4223.498826983642, 3935.3541594491007, 4217.061789424133, 4278.8174936599735, 4337.047020674515, 4404.980020889282, 4606.149984055328, 4820.745314793396, 5157.643248142624, 5036.434544125366, 5243.3406636131285, 5382.697035339355, 5507.374020722389, 5707.907116982841, 5609.648485963821, 5677.090707867813, 5783.719036351968, 5934.304558293915, 5787.328557369232, 6009.498303325653]
shares:[0, 8.2919, 16.6114, 25.0077, 33.1049, 40.8689, 48.399, 56.8094, 65.5813, 74.1872, 82.4244, 90.7856, 98.6596, 106.3936, 113.9636, 121.7396, 129.4556, 137.0085, 144.3078, 151.5805, 158.8585, 166.795, 173.9789, 180.9621, 187.9307, 194.7058, 202.3161, 209.5155, 216.6533, 223.6219, 230.4853, 236.8466, 242.5904, 248.9155, 254.9614, 261.0627, 267.2241, 273.4314, 279.4994, 285.4201, 291.0634, 296.9596, 302.7333, 308.464, 314.1685, 319.7707, 325.5745, 331.4122, 337.2431, 343.0234, 349.0548, 354.9615]
growth_rate:17.83
