ticker:HSAQ
price:[11.149999618530273, 11.100000381469727, 11.100000381469727, 11.050000190734863, 11.079999923706055, 10.960000038146973, 11.010000228881836, 10.949999809265137, 10.994999885559082, 10.899999618530273, 11.0, 11.630000114440918, 11.5, 11.699999809265137, 12.199999809265137, 11.960000038146973, 11.800000190734863, 12.8100004196167, 12.600000381469727, 12.607999801635742, 12.5, 11.829999923706055, 11.5, 14.369999885559082, 13.899999618530273, 12.420000076293945, 11.3100004196167, 11.5, 11.300000190734863, 10.350000381469727, 10.680000305175781, 10.380000114440918, 10.390000343322754, 10.600000381469727, 10.9399995803833, 10.420000076293945, 10.300000190734863, 10.0, 10.270000457763672, 10.140000343322754, 10.255000114440918, 10.399999618530273, 10.0, 10.0, 9.989999771118164, 10.050000190734863, 10.0, 9.90999984741211, 9.869999885559082, 9.890000343322754, 9.78499984741211, 9.789999961853027]
assets:[0, 99.99990343666077, 199.99980687332155, 299.0991951627731, 399.911545246315, 495.5805137248993, 597.8419114282608, 694.5836729012489, 797.4376551999092, 890.5474088333129, 998.7175000000001, 1155.9173413743974, 1242.99705, 1364.6142677538871, 1522.9308561904907, 1592.9715410808562, 1671.6611870206834, 1914.744068721199, 1983.3547200468063, 2084.6142520023345, 2166.7574999999997, 2150.6194571302412, 2190.6281, 2837.332048403835, 2844.5306719350815, 2641.6594962272643, 2505.568859960079, 2647.6611000000003, 2701.6153456010816, 2574.4880748878477, 2756.573226767731, 2779.1412306404113, 2881.818289225578, 3040.0652694049836, 3237.5769118188855, 3183.6882693105695, 3247.023560128212, 3252.45, 3440.266320342636, 3496.7182783927915, 3636.3748420802117, 3787.7911410646434, 3742.107, 3842.107, 3938.2647027700427, 4061.9176220894815, 4141.709, 4204.433382262802, 4287.462808287621, 4396.150646608543, 4449.477206114579, 4551.750834263992]
shares:[0, 9.009, 18.018, 27.0678, 36.0931, 45.2172, 54.2999, 63.4323, 72.5273, 81.7016, 90.7925, 99.391, 108.0867, 116.6337, 124.8304, 133.1916, 141.6662, 149.4726, 157.4091, 165.3406, 173.3406, 181.7937, 190.4894, 197.4483, 204.6425, 212.694, 221.5357, 230.2314, 239.081, 248.7428, 258.1061, 267.74, 277.3646, 286.7986, 295.9394, 305.5363, 315.245, 325.245, 334.9821, 344.844, 354.5953, 364.2107, 374.2107, 384.2107, 394.2207, 404.1709, 414.1709, 424.2617, 434.3934, 444.5046, 454.7243, 464.9388]
growth_rate:-10.75
