ticker:HSDT
price:[13.860013961791992, 14.7000150680542, 14.630014419555664, 13.65001392364502, 14.000014305114746, 15.120015144348145, 15.400015830993652, 15.680015563964844, 13.370013236999512, 13.09001350402832, 13.65001392364502, 13.300013542175293, 13.96501350402832, 15.120015144348145, 14.210014343261719, 13.440013885498047, 14.420014381408691, 13.195013046264648, 14.380000114440918, 15.420000076293945, 15.970000267028809, 13.399999618530273, 14.199999809265137, 15.229999542236328, 14.869999885559082, 13.630000114440918, 12.40999984741211, 14.180000305175781, 13.90999984741211, 18.1200008392334, 17.799999237060547, 17.860000610351562, 16.899999618530273, 17.280000686645508, 16.770000457763672, 15.520000457763672, 14.739999771118164, 13.779999732971191, 13.359999656677246, 13.369999885559082, 15.270000457763672, 16.309999465942383, 17.260000228881836, 16.59000015258789, 16.06999969482422, 16.0, 15.75, 15.390000343322754, 15.739999771118164, 14.109999656677246, 14.600000381469727, 14.0]
assets:[0, 99.9997925034523, 199.52413665390014, 286.1588918952942, 393.49560207099915, 524.9744858193397, 634.6962524585724, 746.2354607124329, 736.2986619734764, 820.8786738416671, 955.9964701605796, 1031.483880264759, 1183.0586875059128, 1380.9049351272583, 1397.7950599021913, 1422.0529251884461, 1625.744145391655, 1587.6345257369996, 1830.2130765654565, 2062.579210205078, 2236.146586389828, 1976.2909037391662, 2194.279110526371, 2453.441747257614, 2495.4476927948, 2387.3544920448303, 2273.6658560440064, 2697.952086064148, 2746.5809368709565, 3677.861870341301, 3712.910740858078, 3825.4263867309573, 3719.804836035919, 3903.445019108963, 3888.23864213562, 3698.4176610851287, 3612.5439999046325, 3477.2630466176033, 3471.279278795719, 3573.8771784092905, 4181.758340360641, 4566.566617471504, 4932.552509409714, 4841.07983352623, 4789.340402048492, 4868.4784, 4892.408325, 4880.581560876846, 5091.575125961304, 4664.3030785087585, 4926.28102871418, 4823.8315999999995]
shares:[0, 6.8027, 13.638, 20.964, 28.1068, 34.7205, 41.214, 47.5915, 55.0709, 62.7103, 70.0363, 77.5551, 84.7159, 91.3296, 98.3669, 105.8074, 112.7422, 120.3208, 127.2749, 133.76, 140.0217, 147.4844, 154.5267, 161.0927, 167.8176, 175.1544, 183.2124, 190.2646, 197.4537, 202.9725, 208.5905, 214.1896, 220.1068, 225.8938, 231.8568, 238.3001, 245.0844, 252.3413, 259.8263, 267.3057, 273.8545, 279.9857, 285.7794, 291.8071, 298.0299, 304.2799, 310.6291, 317.1268, 323.48, 330.5672, 337.4165, 344.5594]
growth_rate:-5.42
