ticker:HSIC
price:[65.63999938964844, 64.37000274658203, 60.970001220703125, 58.790000915527344, 57.970001220703125, 60.459999084472656, 62.34000015258789, 67.79000091552734, 63.58000183105469, 61.66999816894531, 65.6500015258789, 63.58000183105469, 63.68000030517578, 68.41999816894531, 69.94999694824219, 67.77999877929688, 65.83000183105469, 66.86000061035156, 72.0999984741211, 71.45999908447266, 69.12999725341797, 65.8499984741211, 70.12999725341797, 69.45999908447266, 63.75, 61.849998474121094, 62.56999969482422, 67.19000244140625, 66.80999755859375, 67.9800033569336, 68.66999816894531, 69.38999938964844, 71.16999816894531, 74.22000122070312, 72.5, 80.61000061035156, 80.66000366210938, 78.30999755859375, 76.04000091552734, 77.9000015258789, 78.9000015258789, 75.0199966430664, 75.01000213623047, 75.97000122070312, 76.80999755859375, 75.12000274658203, 77.36000061035156, 80.1500015258789, 77.02999877929688, 75.68000030517578, 75.62999725341797, 75.2300033569336]
assets:[0, 99.9987992668152, 194.71989289855958, 287.7594174812317, 383.7440170806885, 500.2278944252014, 615.7820535072327, 769.6131013938904, 821.8160296676637, 897.1257973632812, 1055.0217845214843, 1121.754688305664, 1223.5220538635253, 1414.5971461425781, 1546.230692541504, 1598.2659272155763, 1652.286964958191, 1778.1417162322998, 2017.5021573028564, 2099.594817100525, 2131.139555328369, 2130.0235606430056, 2368.4653322410586, 2445.8393797622684, 2344.776, 2374.891501409912, 2502.5371937942505, 2787.316780279541, 2871.553824066162, 3021.8403112220767, 3152.509142939758, 3285.560959100342, 3469.8434417282106, 3718.5408131591794, 3732.36525, 4249.872086178589, 4352.510589611817, 4325.703307141113, 4300.312983776093, 4505.502388252258, 4663.337250186157, 4534.013545115661, 4633.412837956238, 4792.711870010376, 4945.703570800782, 4936.886580505371, 5184.102512901306, 5471.071164157105, 5358.0988730896, 5364.198421630859, 5460.652187690735, 5531.774991840362]
shares:[0, 1.5535, 3.1937, 4.8947, 6.6197, 8.2737, 9.8778, 11.3529, 12.9257, 14.5472, 16.0704, 17.6432, 19.2136, 20.6752, 22.1048, 23.5802, 25.0993, 26.595, 27.982, 29.3814, 30.828, 32.3466, 33.7725, 35.2122, 36.7808, 38.3976, 39.9958, 41.4841, 42.9809, 44.4519, 45.9081, 47.3492, 48.7543, 50.1016, 51.4809, 52.7214, 53.9612, 55.2382, 56.5533, 57.837, 59.1044, 60.4374, 61.7706, 63.0869, 64.3888, 65.72, 67.0127, 68.2604, 69.5586, 70.88, 72.2022, 73.5315]
growth_rate:8.47
