ticker:HSII
price:[22.100000381469727, 22.09000015258789, 21.790000915527344, 19.079999923706055, 19.56999969482422, 21.469999313354492, 22.25, 21.75, 22.850000381469727, 23.280000686645508, 25.690000534057617, 25.420000076293945, 26.670000076293945, 27.219999313354492, 27.920000076293945, 28.610000610351562, 29.639999389648438, 29.3799991607666, 31.06999969482422, 32.779998779296875, 31.959999084472656, 29.15999984741211, 30.959999084472656, 34.369998931884766, 33.31999969482422, 35.88999938964844, 37.16999816894531, 38.290000915527344, 37.599998474121094, 35.33000183105469, 36.599998474121094, 37.22999954223633, 37.5099983215332, 38.41999816894531, 42.29999923706055, 42.22999954223633, 42.369998931884766, 41.220001220703125, 43.040000915527344, 43.83000183105469, 45.83000183105469, 43.34000015258789, 46.220001220703125, 44.27000045776367, 41.689998626708984, 40.31999969482422, 40.779998779296875, 42.709999084472656, 41.0, 41.5099983215332, 41.68000030517578, 43.45000076293945]
assets:[0, 99.99922169075013, 198.64200634613036, 273.93728290462496, 380.973098059082, 517.9615864347458, 636.779425, 722.46975, 859.0092043407441, 975.173620762825, 1176.1267594499589, 1263.765471792984, 1425.908887079048, 1555.3153747659683, 1695.3135726325988, 1837.2112161941527, 2003.3527387466431, 2085.7801564201354, 2305.757496352386, 2532.6580996856687, 2569.302678399658, 2444.2086832099912, 2695.0864963027957, 3091.9285409122467, 3097.4704876304622, 3436.3813055603027, 3658.936562754822, 3869.18544751358, 3899.462001752472, 3764.044263079834, 3999.3477132644653, 4168.188842749787, 4299.538545607757, 4503.845757351684, 5058.686518759537, 5150.315845171737, 5267.391660213089, 5224.424932717896, 5555.099750165557, 5757.061974508666, 6119.7626385040285, 5887.266614727402, 6378.484962460328, 6209.381096206665, 5947.507711085892, 5852.064915706635, 6018.83012583313, 6403.685273731232, 6247.2971, 6425.008862203216, 6551.320799967956, 6929.5321266757965]
shares:[0, 4.5269, 9.1162, 14.3573, 19.4672, 24.1249, 28.6193, 33.217, 37.5934, 41.8889, 45.7815, 49.7154, 53.4649, 57.1387, 60.7204, 64.2157, 67.5895, 70.9932, 74.2117, 77.2623, 80.3912, 83.8206, 87.0506, 89.9601, 92.9613, 95.7476, 98.4379, 101.0495, 103.7091, 106.5396, 109.2718, 111.9578, 114.6238, 117.2266, 119.5907, 121.9587, 124.3189, 126.7449, 129.0683, 131.3498, 133.5318, 135.8391, 138.0027, 140.2616, 142.6603, 145.1405, 147.5927, 149.9341, 152.3731, 154.7822, 157.1814, 159.4829]
growth_rate:35.87
