ticker:HSKA
price:[97.69000244140625, 94.98999786376953, 98.81999969482422, 98.62000274658203, 96.0999984741211, 107.33000183105469, 105.0, 120.3499984741211, 117.33000183105469, 125.23999786376953, 125.48999786376953, 126.94999694824219, 127.48999786376953, 127.62999725341797, 141.75, 145.0, 147.75, 145.64999389648438, 153.58999633789062, 160.3300018310547, 165.38999938964844, 167.36000061035156, 190.0, 196.6999969482422, 190.7100067138672, 188.39999389648438, 171.67999267578125, 186.97999572753906, 177.64999389648438, 171.3000030517578, 172.55999755859375, 176.97999572753906, 179.5500030517578, 182.3300018310547, 182.64999389648438, 200.0500030517578, 192.39999389648438, 204.25999450683594, 198.14999389648438, 196.5500030517578, 206.22000122070312, 230.86000061035156, 224.44000244140625, 230.36000061035156, 237.0399932861328, 238.7899932861328, 252.1699981689453, 240.6999969482422, 261.70001220703125, 261.9599914550781, 266.9700012207031, 264.1600036621094]
assets:[0, 99.99597075119019, 204.02377136993408, 303.6115404556274, 395.8551137145996, 542.1131062484742, 630.3465, 822.4959595718384, 901.8570590744018, 1062.6613818740843, 1164.7856111717224, 1278.3356892700194, 1383.7764368133544, 1485.2940930366515, 1749.62025, 1889.7415, 2025.578625, 2096.791877133179, 2311.0993928955077, 2512.5154256942747, 2691.804935066223, 2823.8652902984622, 3305.867, 3522.4445353500364, 3515.185914750671, 3572.610244259644, 3355.554128845215, 3754.59571020813, 3667.246589004517, 3636.168034779358, 3762.9123307617187, 3959.2902764190676, 4116.776334971619, 4280.524986987305, 4388.038248367309, 4906.066284841919, 4818.465447143555, 5215.492995739746, 5159.488986074829, 5217.83258601532, 5574.539072998047, 6340.616088763428, 6264.300020141601, 6529.531181300354, 6818.882078863526, 6969.229228051758, 7459.743319833374, 7220.446298454284, 7950.394030847167, 8058.282277145387, 8312.404655007935, 8324.923267410279]
shares:[0, 1.0527, 2.0646, 3.0786, 4.1192, 5.0509, 6.0033, 6.8342, 7.6865, 8.485, 9.2819, 10.0696, 10.854, 11.6375, 12.343, 13.0327, 13.7095, 14.3961, 15.0472, 15.6709, 16.2755, 16.873, 17.3993, 17.9077, 18.4321, 18.9629, 19.5454, 20.0802, 20.6431, 21.2269, 21.8064, 22.3714, 22.9283, 23.4768, 24.0243, 24.5242, 25.044, 25.5336, 26.0383, 26.5471, 27.032, 27.4652, 27.9108, 28.3449, 28.7668, 29.1856, 29.5822, 29.9977, 30.3798, 30.7615, 31.1361, 31.5147]
growth_rate:63.23
