ticker:HSON
price:[9.350000381469727, 9.399999618530273, 9.6899995803833, 9.609999656677246, 9.710000038146973, 9.90999984741211, 10.039999961853027, 10.170000076293945, 10.300000190734863, 9.710000038146973, 10.0, 9.770000457763672, 10.020000457763672, 11.829999923706055, 10.550000190734863, 10.020000457763672, 10.739999771118164, 10.5, 10.6899995803833, 11.279999732971191, 13.430000305175781, 15.65999984741211, 14.8100004196167, 15.350000381469727, 15.15999984741211, 15.470000267028809, 14.039999961853027, 16.739999771118164, 16.600000381469727, 17.270000457763672, 16.600000381469727, 18.1299991607666, 17.6299991607666, 17.3799991607666, 17.75, 18.520000457763672, 17.40999984741211, 17.610000610351562, 18.8700008392334, 18.600000381469727, 18.360000610351562, 17.770000457763672, 18.690000534057617, 18.479999542236328, 19.350000381469727, 18.31999969482422, 18.5, 17.799999237060547, 18.200000762939453, 17.799999237060547, 17.260000228881836, 17.75]
assets:[0, 100.0000159418106, 203.0849492055893, 301.40802923202517, 404.54481858930586, 512.8771771030426, 619.6055456458092, 727.6279104585647, 836.9285754981995, 888.9883724925041, 1015.539, 1092.1815121730804, 1220.1284417415618, 1540.5309820648192, 1473.8466316458703, 1499.8046905185697, 1707.5751176095962, 1769.4169499999998, 1901.4345013626098, 2106.3775181362153, 2607.8589472595213, 3140.8838873958584, 3070.401881994724, 3282.355051571274, 3341.7263463649747, 3510.0595225873944, 3285.600075072956, 4017.4459370704653, 4083.847433847237, 4348.677646267319, 4279.968138354111, 4774.446441991997, 4742.774773231697, 4775.519749403, 4977.185200000001, 5293.097618830871, 5075.854117513275, 5234.164129412842, 5708.669647890091, 5726.986617455482, 5753.0896672531135, 5668.2143280159, 6061.673672209357, 6093.56548105774, 6480.438967756653, 6235.484864128875, 6396.750550000001, 6254.711471912003, 6495.267232279968, 6452.513963433838, 6356.763154295922, 6637.227325]
shares:[0, 10.6383, 20.9582, 31.364, 41.6627, 51.7535, 61.7137, 71.5465, 81.2552, 91.5539, 101.5539, 111.7893, 121.7693, 130.2224, 139.7011, 149.6811, 158.9921, 168.5159, 177.8704, 186.7356, 194.1816, 200.5673, 207.3195, 213.8342, 220.4305, 226.8946, 234.0171, 239.9908, 246.0149, 251.8053, 257.8294, 263.3451, 269.0173, 274.771, 280.4048, 285.8044, 291.5482, 297.2268, 302.5262, 307.9025, 313.3491, 318.9766, 324.3271, 329.7384, 334.9064, 340.3649, 345.7703, 351.3883, 356.8828, 362.5008, 368.2945, 373.9283]
growth_rate:30.14
