ticker:HST
price:[11.9399995803833, 11.130000114440918, 11.149999618530273, 10.640000343322754, 11.289999961853027, 11.579999923706055, 10.949999809265137, 11.640000343322754, 10.479999542236328, 10.489999771118164, 13.25, 14.149999618530273, 14.619999885559082, 15.649999618530273, 14.510000228881836, 14.09000015258789, 14.199999809265137, 14.630000114440918, 14.720000267028809, 14.6899995803833, 14.420000076293945, 13.550000190734863, 14.199999809265137, 14.899999618530273, 16.739999771118164, 16.59000015258789, 15.800000190734863, 17.229999542236328, 17.81999969482422, 17.190000534057617, 17.110000610351562, 17.34000015258789, 17.479999542236328, 17.290000915527344, 18.15999984741211, 17.579999923706055, 17.329999923706055, 16.940000534057617, 17.170000076293945, 17.479999542236328, 17.90999984741211, 17.139999389648438, 17.56999969482422, 17.25, 17.110000610351562, 15.979999542236328, 15.779999732971191, 15.930000305175781, 16.139999389648438, 15.90999984741211, 15.15999984741211, 16.420000076293945]
assets:[0, 99.99971202821732, 200.17928815135954, 291.0231613904953, 408.8018666187287, 519.3027805786132, 591.0503297046662, 728.2950334811211, 755.7159109905242, 856.4371493133544, 1181.7728, 1362.0435882806778, 1507.283976201439, 1713.4746382339479, 1688.6593166370392, 1739.779676840973, 1853.3626751055715, 2009.486109718895, 2121.8482944914817, 2217.5244796568873, 2276.766602046013, 2239.4031115226744, 2446.8289471341136, 2667.447101708031, 3096.8497376575474, 3169.099802148056, 3118.1900776422503, 3500.405355001831, 3720.2688622886653, 3688.7437686016083, 3771.5762555404663, 3922.2750885150913, 4053.942265835953, 4109.87817162323, 4416.679034889221, 4375.618031010628, 4413.392954570389, 4414.072879159928, 4574.003887324334, 4756.585807435226, 4973.5962116264345, 4859.767444944763, 5081.686675735473, 5089.134674999999, 5147.831131634522, 4907.850967409515, 4946.425542296696, 5093.44555357666, 5260.5907010650635, 5285.626513307189, 5136.461120300675, 5663.3696823143]
shares:[0, 8.9847, 17.9533, 27.3518, 36.2092, 44.8448, 53.9772, 62.5683, 72.1103, 81.6432, 89.1904, 96.2575, 103.0974, 109.4872, 116.379, 123.4762, 130.5185, 137.3538, 144.1473, 150.9547, 157.8895, 165.2696, 172.3119, 179.0233, 184.997, 191.0247, 197.3538, 203.1576, 208.7693, 214.5866, 220.4311, 226.1981, 231.9189, 237.7026, 243.2092, 248.8975, 254.6678, 260.571, 266.3951, 272.1159, 277.6994, 283.5337, 289.2252, 295.0223, 300.8668, 307.1246, 313.4617, 319.7392, 325.935, 332.2204, 338.8167, 344.9068]
growth_rate:11.05
