ticker:HSTM
price:[19.90999984741211, 20.079999923706055, 20.15999984741211, 19.969999313354492, 20.18000030517578, 21.3799991607666, 21.440000534057617, 21.34000015258789, 18.299999237060547, 18.270000457763672, 18.690000534057617, 18.8700008392334, 19.049999237060547, 19.959999084472656, 20.260000228881836, 21.030000686645508, 21.729999542236328, 21.84000015258789, 24.6200008392334, 25.049999237060547, 25.110000610351562, 23.280000686645508, 24.809999465942383, 24.34000015258789, 23.190000534057617, 23.299999237060547, 23.350000381469727, 24.1299991607666, 22.770000457763672, 22.610000610351562, 22.520000457763672, 22.1299991607666, 22.5, 22.3799991607666, 24.15999984741211, 25.93000030517578, 25.8700008392334, 26.68000030517578, 26.18000030517578, 26.389999389648438, 26.280000686645508, 25.850000381469727, 28.229999542236328, 27.790000915527344, 27.709999084472656, 28.219999313354492, 29.459999084472656, 29.209999084472656, 30.239999771118164, 30.540000915527344, 29.8799991607666, 29.690000534057617]
assets:[0, 100.00040762004852, 200.39846248321533, 298.5095527360916, 401.6486000740052, 525.5332073711395, 627.0085276184083, 724.0832771774292, 720.9339599437714, 819.7529965393067, 938.5987438199996, 1047.6379155931472, 1157.6303536376954, 1312.9288197784424, 1432.6616041851046, 1587.1110188203813, 1739.9384473464968, 1848.747276916504, 2184.072280449486, 2322.217594272995, 2427.7804970123293, 2350.844733338356, 2605.3451829175947, 2655.9905526504517, 2630.5020545795437, 2742.9784301834106, 2848.865831542015, 3044.030763129616, 2972.464169757843, 3051.576820376587, 3139.4299398151393, 3185.062342213249, 3338.31375, 3420.509835733413, 3792.561880047226, 4170.410111082459, 4260.760681220818, 4494.166011405945, 4509.942258571625, 4646.117732543946, 4726.7524595008845, 4749.412815087318, 5286.688474273681, 5304.28859074707, 5389.018453948975, 5588.203280028533, 5933.750527597046, 5983.396659462738, 6294.383376358795, 6456.828073562622, 6417.288575758934, 6476.481708497619]
shares:[0, 4.9801, 9.9404, 14.9479, 19.9033, 24.5806, 29.2448, 33.9308, 39.3953, 44.8688, 50.2193, 55.5187, 60.768, 65.778, 70.7138, 75.4689, 80.0708, 84.6496, 88.7113, 92.7033, 96.6858, 100.9813, 105.0119, 109.1204, 113.4326, 117.7244, 122.0071, 126.1513, 130.543, 134.9658, 139.4063, 143.9251, 148.3695, 152.8378, 156.9769, 160.8334, 164.6989, 168.447, 172.2667, 176.056, 179.8612, 183.7297, 187.272, 190.8704, 194.4792, 198.0228, 201.4172, 204.8407, 208.1476, 211.422, 214.7687, 218.1368]
growth_rate:26.99
