ticker:HSTO
price:[1.6799999475479126, 1.6399999856948853, 1.649999976158142, 1.4500000476837158, 1.5700000524520874, 1.850000023841858, 2.2699999809265137, 1.940000057220459, 1.690000057220459, 1.6799999475479126, 1.4800000190734863, 1.600000023841858, 1.6200000047683716, 1.2200000286102295, 1.2300000190734863, 1.2200000286102295, 1.2000000476837158, 0.7599999904632568, 0.8700000047683716, 1.0199999809265137, 1.2100000381469727, 1.149999976158142, 1.350000023841858, 1.7200000286102295, 1.590000033378601, 1.1299999952316284, 1.1100000143051147, 1.350000023841858, 1.4600000381469727, 1.2300000190734863, 1.2999999523162842, 1.1699999570846558, 1.0299999713897705, 1.0199999809265137, 1.159999966621399, 0.9900000095367432, 0.9399999976158142, 1.0299999713897705, 0.9900000095367432, 1.0099999904632568, 0.9599999785423279, 0.9900000095367432, 1.090000033378601, 1.0299999713897705, 0.9700000286102295, 0.8299999833106995, 0.8100000023841858, 0.8999999761581421, 0.8399999737739563, 0.8399999737739563, 0.7699999809265137, 0.8100000023841858]
assets:[0, 99.99998312773704, 200.60980210126638, 276.29344908599853, 399.1591683354974, 570.3468673503398, 799.8310882794857, 783.5561291110515, 782.5824114968777, 877.9516765890478, 873.4337032563687, 1044.252655560577, 1157.3058094064593, 971.5512927838564, 1079.5148057399274, 1170.7382574549913, 1251.5458097319602, 892.6456007987738, 1121.8443001487017, 1415.265681535244, 1778.8936560821535, 1790.6839378754498, 2202.1073488906145, 2905.6478203321217, 2786.034946486759, 2080.012235222769, 2143.197906620443, 2706.592097800136, 3027.1291850930215, 2650.2526280972, 2901.07989358902, 2710.971917562139, 2486.5821559303995, 2562.4405860836505, 3014.148089268923, 2672.4195887436153, 2637.448891310459, 2989.97053994782, 2973.855286647368, 3133.9331114084007, 3078.7878991837265, 3275.000122548318, 3705.8082734813693, 3601.8186419525623, 3492.004176996946, 3088.0034009076894, 3113.593758164674, 3559.5485057041647, 3422.245237152433, 3522.2452180302857, 3328.7247785449504, 3601.645651601225]
shares:[0, 60.9756, 121.5817, 190.5472, 254.2415, 308.2956, 352.3485, 403.8949, 463.0665, 522.5903, 590.1579, 652.6579, 714.3863, 796.3535, 877.6543, 959.6215, 1042.9548, 1174.5337, 1289.4762, 1387.5154, 1470.16, 1557.1165, 1631.1906, 1689.3301, 1752.2232, 1840.7188, 1930.8089, 2004.883, 2073.3761, 2154.6769, 2231.6, 2317.0701, 2414.1575, 2512.1967, 2598.4036, 2699.4137, 2805.7967, 2902.8841, 3003.8942, 3102.9041, 3207.0708, 3308.0809, 3399.824, 3496.9114, 3600.0042, 3720.4861, 3843.9429, 3955.054, 4074.1016, 4193.1492, 4323.0193, 4446.4761]
growth_rate:-29.38
