ticker:HTBI
price:[15.140000343322754, 14.539999961853027, 14.369999885559082, 13.479999542236328, 13.859999656677246, 14.890000343322754, 14.949999809265137, 16.420000076293945, 15.970000267028809, 16.200000762939453, 17.950000762939453, 18.34000015258789, 18.559999465942383, 18.959999084472656, 19.0, 19.25, 19.440000534057617, 19.309999465942383, 20.530000686645508, 20.81999969482422, 20.639999389648438, 21.0, 22.420000076293945, 22.5, 22.309999465942383, 23.139999389648438, 24.889999389648438, 25.170000076293945, 25.81999969482422, 25.200000762939453, 24.450000762939453, 25.389999389648438, 25.90999984741211, 26.139999389648438, 27.399999618530273, 27.43000030517578, 28.43000030517578, 28.440000534057617, 28.3700008392334, 29.329999923706055, 28.770000457763672, 27.739999771118164, 28.0, 27.93000030517578, 28.1200008392334, 28.059999465942383, 27.8700008392334, 26.329999923706055, 27.100000381469727, 27.6200008392334, 27.690000534057617, 27.790000915527344]
assets:[0, 100.00030373764038, 198.83050341653822, 286.51604227027894, 394.5928042256355, 523.9165740800858, 626.0282520130157, 787.5836616594314, 865.9988164800643, 978.4703260810852, 1184.1687303314209, 1309.8978308982848, 1425.610262978554, 1556.335316848755, 1659.6196, 1781.4566, 1899.0392201705934, 1986.3404740636824, 2211.8365779769897, 2343.080683655548, 2422.824264353943, 2565.0828, 2838.531191659355, 2948.65875, 3023.759005617142, 3236.251556639099, 3580.998882186889, 3721.283831279755, 3917.3845336990353, 3923.3200787799833, 3906.555106900406, 4156.746601075744, 4341.878588430023, 4480.422035385132, 4796.386373223496, 4901.636820533752, 5180.332703607178, 5282.155611190415, 5369.155997828865, 5650.840971300888, 5642.947889785766, 5540.923480282021, 5692.856400000001, 5778.624894139863, 5917.935724619102, 6005.30848770275, 6064.645958621216, 5829.533074108314, 6100.0122558660505, 6317.06153794384, 6433.071067074776, 6556.303164994049]
shares:[0, 6.8776, 13.8365, 21.2549, 28.4699, 35.1858, 41.8748, 47.9649, 54.2266, 60.3994, 65.9704, 71.423, 76.8109, 82.0852, 87.3484, 92.5432, 97.6872, 102.8659, 107.7368, 112.5399, 117.3849, 122.1468, 126.6071, 131.0515, 135.5338, 139.8553, 143.873, 147.846, 151.719, 155.6873, 159.7773, 163.7159, 167.5754, 171.401, 175.0506, 178.6962, 182.2136, 185.7298, 189.2547, 192.6642, 196.14, 199.7449, 203.3163, 206.8967, 210.4529, 214.0167, 217.6048, 221.4027, 225.0927, 228.7133, 232.3247, 235.9231]
growth_rate:28.55
