ticker:HTBK
price:[7.119999885559082, 6.71999979019165, 6.659999847412109, 6.309999942779541, 6.869999885559082, 7.230000019073486, 7.090000152587891, 7.889999866485596, 7.25, 7.119999885559082, 8.180000305175781, 8.520000457763672, 8.899999618530273, 8.920000076293945, 8.819999694824219, 8.8100004196167, 8.850000381469727, 8.869999885559082, 9.5600004196167, 9.729999542236328, 9.779999732971191, 8.779999732971191, 9.229999542236328, 9.199999809265137, 9.09000015258789, 9.510000228881836, 9.890000343322754, 10.739999771118164, 12.199999809265137, 12.09000015258789, 12.199999809265137, 12.359999656677246, 12.239999771118164, 12.260000228881836, 12.069999694824219, 12.380000114440918, 12.149999618530273, 11.869999885559082, 11.859999656677246, 11.869999885559082, 11.850000381469727, 10.979999542236328, 11.359999656677246, 11.140000343322754, 11.260000228881836, 11.399999618530273, 10.949999809265137, 10.84000015258789, 11.579999923706055, 11.359999656677246, 11.369999885559082, 11.470000267028809]
assets:[0, 100.00031687784195, 199.10735543823242, 288.644006382513, 414.2603060992241, 535.9685774139405, 625.5904174636842, 796.1790975270748, 831.59675, 916.685033265972, 1153.1575470214843, 1301.0884179050447, 1459.1184474596023, 1562.3977773633958, 1644.8823150863648, 1743.0171760191918, 1850.9306747823716, 1955.1138437750817, 2207.2033368806838, 2346.452634607315, 2458.5100248739245, 2307.1284318325993, 2525.374947753525, 2617.167185740757, 2685.875067086029, 2909.9744800357817, 3126.2508665250775, 3494.9376935188297, 4070.040716368961, 4133.343760166931, 4270.95031322794, 4426.962537032604, 4483.981932151794, 4591.308785715103, 4620.154483184814, 4838.815894730092, 4848.9190477600105, 4837.174515363884, 4933.0992551968575, 5037.258794434833, 5128.771410103035, 4852.228693707276, 5120.1563252582555, 5120.999115823651, 5276.162489248466, 5441.762457906341, 5326.955907211304, 5373.443359638596, 5840.265267521859, 5829.3099838261605, 5934.441822268867, 6086.635931700707]
shares:[0, 14.881, 29.896, 45.7439, 60.2999, 74.1312, 88.2356, 100.9099, 114.703, 128.7479, 140.9728, 152.7099, 163.9459, 175.1567, 186.4946, 197.8453, 209.1447, 220.4187, 230.879, 241.1565, 251.3814, 262.7709, 273.6051, 284.4747, 295.4758, 305.991, 316.1022, 325.4132, 333.6099, 341.8812, 350.0779, 358.1685, 366.3384, 374.495, 382.78, 390.8575, 399.088, 407.5126, 415.9443, 424.3689, 432.8077, 441.9152, 450.718, 459.6947, 468.5757, 477.3476, 486.48, 495.7051, 504.3407, 513.1435, 521.9386, 530.657]
growth_rate:19.35
