ticker:HTBX
price:[7.140007019042969, 7.700007915496826, 9.870009422302246, 8.96000862121582, 8.470008850097656, 8.750008583068848, 9.030009269714355, 8.330008506774902, 8.400008201599121, 7.980008125305176, 7.420007228851318, 7.070006847381592, 7.980008125305176, 7.420007228851318, 5.769999980926514, 5.739999771118164, 5.849999904632568, 5.360000133514404, 5.980000019073486, 6.340000152587891, 6.889999866485596, 6.889999866485596, 7.539999961853027, 11.430000305175781, 9.600000381469727, 7.980000019073486, 7.679999828338623, 9.0600004196167, 8.59000015258789, 7.389999866485596, 7.460000038146973, 7.420000076293945, 6.46999979019165, 6.820000171661377, 6.869999885559082, 6.25, 5.949999809265137, 6.539999961853027, 6.610000133514404, 6.440000057220459, 7.639999866485596, 7.199999809265137, 7.21999979019165, 6.78000020980835, 6.769999980926514, 6.159999847412109, 6.260000228881836, 6.329999923706055, 6.670000076293945, 6.389999866485596, 6.360000133514404, 6.949999809265137]
assets:[0, 100.00000279855728, 228.18178683137893, 307.1437195301056, 390.34713386383055, 503.25149365005495, 619.3556937967301, 671.3437075899125, 776.9856386331558, 838.13626339674, 879.3198286665917, 937.8427713113308, 1158.555135649681, 1177.25315292449, 1015.4640276432514, 1110.1842617315292, 1231.459494924593, 1228.311566596508, 1470.3923046898842, 1658.911125925827, 1902.8229761271, 2002.8230561892985, 2291.7686624053003, 3574.1268054275515, 3101.8916432580945, 2678.4471064019203, 2677.7532841475486, 3258.9120489375114, 3189.851029662704, 2844.2372836134437, 2971.1785131932256, 3055.2473594146727, 2764.0770783668518, 3013.6025798532487, 3135.6960317653657, 2952.7075, 2910.9773116848946, 3299.6287967536923, 3434.9460593819617, 3446.6043106236457, 4188.828566797256, 4047.587172775555, 4158.830345147181, 4005.3841119473454, 4099.476000450325, 3830.099409125519, 3992.2763339679714, 4136.918278138733, 4459.122498005104, 4371.933112651634, 4451.407977447652, 4964.3528937589645]
shares:[0, 12.987, 23.1187, 34.2794, 46.0858, 57.5144, 68.5886, 80.5934, 92.4982, 105.0295, 118.5066, 132.6509, 145.1822, 158.6593, 175.9903, 193.4119, 210.5059, 229.1626, 245.885, 261.6579, 276.1717, 290.6855, 303.9481, 312.697, 323.1137, 335.645, 348.6658, 359.7033, 371.3447, 384.8765, 398.2813, 411.7584, 427.2144, 441.8772, 456.4332, 472.4332, 489.2399, 504.5304, 519.659, 535.187, 548.276, 562.1649, 576.0153, 590.7646, 605.5356, 621.7694, 637.7438, 653.5416, 668.5341, 684.1836, 699.9069, 714.2954]
growth_rate:-2.66
