ticker:HTGM
price:[4.9049973487854, 4.5899977684021, 5.324997425079346, 4.784997463226318, 4.709997653961182, 5.114997386932373, 4.889997482299805, 4.604997634887695, 4.709997653961182, 4.93499755859375, 4.334997653961182, 4.274997711181641, 4.710000038146973, 5.28000020980835, 5.849999904632568, 5.050000190734863, 4.869999885559082, 4.789999961853027, 6.119999885559082, 6.400000095367432, 7.269999980926514, 6.460000038146973, 6.53000020980835, 7.099999904632568, 7.320000171661377, 5.550000190734863, 5.989999771118164, 6.039999961853027, 5.940000057220459, 5.650000095367432, 5.849999904632568, 4.960000038146973, 4.380000114440918, 4.309999942779541, 4.449999809265137, 4.059999942779541, 3.559999942779541, 3.619999885559082, 3.7200000286102295, 4.099999904632568, 4.670000076293945, 5.070000171661377, 5.659999847412109, 5.409999847412109, 5.829999923706055, 5.059999942779541, 5.369999885559082, 6.150000095367432, 6.369999885559082, 6.130000114440918, 5.809999942779541, 6.519999980926514]
assets:[0, 99.99998638129235, 216.0133130460262, 294.10795507822036, 389.49796599197384, 522.9900688232422, 599.9845980875015, 665.0159974498749, 780.1790833946228, 917.4486171264648, 905.9048342372417, 993.3662556552887, 1194.4461186739923, 1438.9970011806013, 1694.343077378607, 1562.638224019718, 1606.9402262382507, 1680.5427466163635, 2247.1654259791376, 2449.9769965075016, 2883.02099943614, 2661.804255718231, 2790.6471766632553, 3134.240997900772, 3331.3584301237106, 2625.824970240784, 2933.998326889992, 3058.489276683426, 3107.8519859381677, 3056.121776584864, 3264.302871784925, 2867.682550055122, 2632.3485327781677, 2690.2791212832926, 2877.6662466581347, 2725.466187588072, 2489.8176799807547, 2631.7808228001595, 2804.4819815690516, 3190.96104577713, 3734.582716012001, 4154.461568662834, 4737.9190842704775, 4628.647094449997, 5087.987849416351, 4515.9892289314275, 4892.660595731735, 5703.3268184409135, 6007.348148074341, 5881.011769792556, 5674.00934111886, 6467.390753080415]
shares:[0, 21.7865, 40.5659, 61.4646, 82.696, 102.2464, 122.6963, 144.4118, 165.6432, 185.9066, 208.9747, 232.3665, 253.5979, 272.5373, 289.6313, 309.4333, 329.9672, 350.844, 367.1839, 382.8089, 396.5641, 412.044, 427.3579, 441.4424, 455.1036, 473.1216, 489.8161, 506.3724, 523.2074, 540.9065, 558.0005, 578.1618, 600.9928, 624.1947, 646.6666, 671.2971, 699.387, 727.0113, 753.893, 778.2832, 799.6965, 819.4204, 837.0882, 855.5725, 872.7252, 892.488, 911.11, 927.3702, 943.0688, 959.382, 976.5937, 991.9311]
growth_rate:26.81
