ticker:HTHT
price:[45.0, 40.779998779296875, 42.02000045776367, 42.689998626708984, 44.0099983215332, 44.59000015258789, 41.619998931884766, 43.56999969482422, 39.630001068115234, 41.34000015258789, 46.599998474121094, 52.459999084472656, 51.279998779296875, 50.43000030517578, 46.4900016784668, 48.150001525878906, 44.400001525878906, 45.029998779296875, 47.959999084472656, 45.529998779296875, 48.0, 48.5, 57.54999923706055, 61.91999816894531, 59.09000015258789, 58.13999938964844, 55.15999984741211, 56.86000061035156, 59.849998474121094, 52.84000015258789, 56.75, 54.9900016784668, 57.310001373291016, 59.0, 58.959999084472656, 57.400001525878906, 56.5, 56.84000015258789, 57.16999816894531, 57.439998626708984, 56.81999969482422, 54.650001525878906, 52.790000915527344, 54.2400016784668, 49.4900016784668, 49.66999816894531, 47.099998474121094, 44.97999954223633, 44.91999816894531, 43.93000030517578, 43.56999969482422, 46.029998779296875]
assets:[0, 100.0007130065918, 203.04064221191405, 306.2793951473236, 415.7492511440277, 521.2303477836608, 586.5131869480133, 713.9946559989929, 749.4270981986999, 881.7656672546386, 1093.9582641792297, 1331.5239587623596, 1401.5746706359864, 1478.3403299461363, 1462.8404458141326, 1615.071426181793, 1589.2891746185303, 1711.8379185943604, 1923.2247392868042, 1925.7823583679199, 2130.2544, 2252.4467, 2772.7474532417295, 3083.293924822998, 3042.372746856308, 3093.4607615249633, 3034.903191604614, 3228.436916654968, 3498.202485813141, 3188.4712892074585, 3524.407675, 3515.103881291962, 3763.404515180588, 3974.3815999999997, 4071.6890967750546, 4063.960288033295, 4100.2389, 4224.911527341842, 4349.442007695007, 4469.980693130493, 4521.729893714141, 4449.040229221344, 4397.61823626709, 4618.411390917588, 4313.9593133090975, 4429.649908703614, 4300.451230680084, 4206.884899186325, 4301.273996669006, 4306.475501916504, 4371.1863613830565, 4717.987417880248]
shares:[0, 2.4522, 4.832, 7.1745, 9.4467, 11.6894, 14.0921, 16.3873, 18.9106, 21.3296, 23.4755, 25.3817, 27.3318, 29.3147, 31.4657, 33.5425, 35.7948, 38.0155, 40.1006, 42.297, 44.3803, 46.4422, 48.1798, 49.7948, 51.4871, 53.2071, 55.02, 56.7787, 58.4495, 60.342, 62.1041, 63.9226, 65.6675, 67.3624, 69.0585, 70.8007, 72.5706, 74.3299, 76.0791, 77.82, 79.5799, 81.4097, 83.304, 85.1477, 87.1683, 89.1816, 91.3047, 93.5279, 95.7541, 98.0304, 100.3256, 102.4981]
growth_rate:-7.49
