ticker:HTIA
price:[20.610000610351562, 21.79599952697754, 21.989999771118164, 21.5, 21.75, 22.5, 22.75, 22.799999237060547, 20.81999969482422, 21.030000686645508, 21.75, 22.239999771118164, 22.34000015258789, 22.450000762939453, 22.43000030517578, 22.190000534057617, 23.0, 23.600000381469727, 24.25, 24.420000076293945, 24.48900032043457, 24.25, 24.75, 24.989999771118164, 24.84000015258789, 24.899999618530273, 25.0, 24.900999069213867, 24.989999771118164, 25.0, 25.010000228881836, 25.149999618530273, 25.051000595092773, 25.100000381469727, 25.270000457763672, 24.579999923706055, 24.049999237060547, 24.447999954223633, 24.469999313354492, 24.559999465942383, 24.809999465942383, 24.920000076293945, 25.25, 25.190000534057617, 25.040000915527344, 25.009000778198242, 25.0, 25.010000228881836, 25.100000381469727, 25.0, 26.489999771118164, 25.829999923706055]
assets:[0, 100.00004582977296, 200.88964290905, 296.41405, 399.8607, 513.648, 619.3551, 720.7170958831787, 758.1290588874816, 865.7756862682342, 995.417025, 1117.842436495781, 1222.8692683525085, 1328.8896301609038, 1427.7054074249268, 1512.4282754003525, 1667.6356999999998, 1811.1395492752076, 1961.0223250000001, 2074.7696044820786, 2180.6328291332247, 2259.350675, 2405.935125, 2529.2653658346176, 2614.0846120578767, 2720.399658323288, 2831.325, 2920.112769747734, 3030.5497672433853, 3131.7625, 3233.015218587303, 3351.1116991710664, 3437.921663568687, 3544.6471538715364, 3668.655707457352, 3668.481416613388, 3689.380512961578, 3850.435307990456, 3953.899194050789, 4068.4425035316467, 4209.8549873790735, 4328.519285251999, 4485.83925, 4575.179188999176, 4647.934985940551, 4742.181718561173, 4840.475, 4942.411219231033, 5060.197726904868, 5140.037499999999, 5546.383437077522, 5508.195823730469]
shares:[0, 4.588, 9.1355, 13.7867, 18.3844, 22.8288, 27.2244, 31.6104, 36.4135, 41.1686, 45.7663, 50.2627, 54.739, 59.1933, 63.6516, 68.1581, 72.5059, 76.7432, 80.8669, 84.9619, 89.0454, 93.1691, 97.2095, 101.2111, 105.2369, 109.253, 113.253, 117.2689, 121.2705, 125.2705, 129.2689, 133.245, 137.2369, 141.221, 145.1783, 149.2466, 153.4046, 157.4949, 161.5815, 165.6532, 169.6838, 173.6966, 177.657, 181.6268, 185.6204, 189.619, 193.619, 197.6174, 201.6015, 205.6015, 209.3765, 213.248]
growth_rate:8.0
