ticker:HTLD
price:[20.3700008392334, 20.100000381469727, 19.1299991607666, 18.65999984741211, 19.1200008392334, 20.0, 19.610000610351562, 19.049999237060547, 18.309999465942383, 18.450000762939453, 18.940000534057617, 19.110000610351562, 18.709999084472656, 18.639999389648438, 18.790000915527344, 18.719999313354492, 18.209999084472656, 18.100000381469727, 18.920000076293945, 18.920000076293945, 19.489999771118164, 18.770000457763672, 18.959999084472656, 18.760000228881836, 18.739999771118164, 18.200000762939453, 19.389999389648438, 19.760000228881836, 19.18000030517578, 19.75, 19.65999984741211, 19.780000686645508, 19.75, 18.8700008392334, 18.59000015258789, 19.18000030517578, 18.729999542236328, 18.190000534057617, 18.149999618530273, 17.889999389648438, 17.809999465942383, 16.809999465942383, 17.56999969482422, 17.3700008392334, 17.209999084472656, 16.729999542236328, 16.6200008392334, 17.030000686645508, 16.700000762939453, 16.6299991607666, 16.959999084472656, 17.34000015258789]
assets:[0, 99.99951189785004, 195.17381643772126, 290.3794536254883, 397.537321449089, 515.834, 605.7744898544312, 688.4745924270629, 761.7307667821884, 867.5559358749389, 990.5961199321747, 1099.488152116394, 1176.4735164321899, 1272.071846347046, 1382.3089653518675, 1477.1595778181077, 1536.9166387298585, 1627.6334843034742, 1801.371315263939, 1901.371083667183, 2058.6526648241042, 2082.602876790619, 2203.6846695899962, 2280.4393638225556, 2378.0085229560855, 2409.48536100502, 2667.028490048218, 2817.920280640221, 2835.2087431114196, 3019.4669, 3105.707869895554, 3224.6642819414137, 3319.77355, 3271.8543495140075, 3323.3045832778935, 3528.7786521469116, 3545.9859893356324, 3543.7522570444107, 3635.9585685808183, 3683.872894317627, 3767.399055029297, 3655.8655798522946, 3921.151298892975, 3976.51776612587, 4039.888953088379, 4027.2137028079987, 4100.734245068169, 4301.895680451393, 4318.5350272922515, 4400.432480932044, 4587.752680345917, 4790.544384155655]
shares:[0, 4.9751, 10.2025, 15.5616, 20.7917, 25.7917, 30.8911, 36.1404, 41.6019, 47.022, 52.3018, 57.5347, 62.8794, 68.2442, 73.5662, 78.9081, 84.3996, 89.9245, 95.2099, 100.4953, 105.6261, 110.9538, 116.2281, 121.5586, 126.8948, 132.3893, 137.5466, 142.6073, 147.8211, 152.8844, 157.9709, 163.0265, 168.0898, 173.3892, 178.7684, 183.9822, 189.3212, 194.8187, 200.3283, 205.918, 211.5328, 217.4816, 223.1731, 228.9302, 234.7408, 240.7181, 246.7349, 252.6069, 258.5949, 264.6081, 270.5043, 276.2713]
growth_rate:-6.07
