ticker:HTLF
price:[33.970001220703125, 31.8799991607666, 32.130001068115234, 29.309999465942383, 31.690000534057617, 33.68000030517578, 33.29999923706055, 35.220001220703125, 32.939998626708984, 32.52000045776367, 38.66999816894531, 39.400001525878906, 40.459999084472656, 41.88999938964844, 42.209999084472656, 41.34000015258789, 40.650001525878906, 40.369998931884766, 43.70000076293945, 44.970001220703125, 45.88999938964844, 42.65999984741211, 44.61000061035156, 45.349998474121094, 45.970001220703125, 46.7400016784668, 50.720001220703125, 52.91999816894531, 51.88999938964844, 51.02000045776367, 50.33000183105469, 50.27000045776367, 50.34000015258789, 50.709999084472656, 50.27000045776367, 50.38999938964844, 49.88999938964844, 49.790000915527344, 49.75, 50.349998474121094, 49.790000915527344, 48.5099983215332, 49.2599983215332, 46.66999816894531, 46.41999816894531, 45.08000183105469, 44.5099983215332, 45.619998931884766, 47.22999954223633, 47.279998779296875, 46.959999084472656, 47.9900016784668]
assets:[0, 100.00118136749268, 200.78680267486573, 283.16390484046934, 406.15806084480283, 531.6623808174134, 625.6636956653595, 761.7381864013672, 812.425538129425, 902.065788697815, 1172.6599604736327, 1294.798310144806, 1429.633837650299, 1580.1619899765014, 1692.2326312957764, 1757.3551384864807, 1828.0224386184693, 1915.4313023212433, 2173.4282779449463, 2336.5917964263917, 2484.392786956787, 2409.5263773815154, 2619.664292842102, 2763.1209870300295, 2900.8955540313723, 3049.4859735092164, 3409.1550260498043, 3657.025889465332, 3685.8504366455077, 3724.051873413086, 3773.688174290466, 3869.1914492332457, 3974.5796100475313, 4103.7928829093935, 4168.187357955932, 4278.136143180847, 4335.685407957459, 4426.9932884025575, 4523.43915, 4677.993183231353, 4725.962327899933, 4704.465680223465, 4877.197951816177, 4720.763654785156, 4795.473614840698, 4757.044653221131, 4796.895931109619, 5016.521066546631, 5293.561963693619, 5399.167828601074, 5462.62658950119, 5682.4433097454075]
shares:[0, 3.1368, 6.2492, 9.661, 12.8166, 15.7857, 18.7887, 21.628, 24.6638, 27.7388, 30.3248, 32.8629, 35.3345, 37.7217, 40.0908, 42.5098, 44.9698, 47.4469, 49.7352, 51.9589, 54.138, 56.4821, 58.7237, 60.9288, 63.1041, 65.2436, 67.2152, 69.1048, 71.032, 72.992, 74.9789, 76.9682, 78.9547, 80.9267, 82.916, 84.9005, 86.9049, 88.9133, 90.9234, 92.9095, 94.9179, 96.9793, 99.0093, 101.152, 103.3062, 105.5245, 107.7712, 109.9632, 112.0805, 114.1956, 116.3251, 118.4089]
growth_rate:11.42
