ticker:HTLFP
price:[26.822999954223633, 26.899999618530273, 27.100000381469727, 27.079999923706055, 26.68000030517578, 26.850000381469727, 27.100000381469727, 27.0, 27.0, 26.65999984741211, 27.510000228881836, 27.799999237060547, 28.299999237060547, 28.25, 27.989999771118164, 28.200000762939453, 27.920000076293945, 27.799999237060547, 27.399999618530273, 28.049999237060547, 27.871000289916992, 27.450000762939453, 27.440000534057617, 27.40999984741211, 27.559999465942383, 27.540000915527344, 27.899999618530273, 28.059999465942383, 27.658000946044922, 28.25, 28.100000381469727, 27.690000534057617, 27.940000534057617, 27.600000381469727, 27.989999771118164, 27.889999389648438, 27.989999771118164, 28.0, 27.989999771118164, 28.149999618530273, 27.979999542236328, 27.8799991607666, 28.020000457763672, 27.850000381469727, 28.600000381469727, 28.690000534057617, 28.31999969482422, 28.43000030517578, 28.350000381469727, 28.389999389648438, 28.90999984741211, 28.75]
assets:[0, 100.00074858188628, 200.743252825737, 300.5961231531143, 396.1553165313721, 498.67968708496096, 603.3218884925842, 701.0955, 801.0954, 891.0065209003449, 1019.4133194814682, 1130.1589289840697, 1250.486406288147, 1348.2764499999998, 1435.867395258522, 1546.6403218437194, 1631.284636457634, 1724.2727126792909, 1799.4620949474336, 1942.1510921749116, 2029.7585510137556, 2099.0988133419037, 2198.3336907855987, 2295.9301122188567, 2408.4931573282242, 2506.74596333313, 2639.512943910599, 2754.6501475715636, 2815.18622109375, 2975.44255, 3059.643251535988, 3115.000455079079, 3243.1243859905244, 3303.659325661087, 3450.3412667856214, 3538.013762573242, 3650.6992831472394, 3752.0028, 3850.662640512085, 3972.6743261650086, 4048.6835497619627, 4134.213555553436, 4254.974367513656, 4329.160019297791, 4545.7441206316, 4660.047930745697, 4699.950333353424, 4818.205574720001, 4904.646455995559, 5011.567354257202, 5203.360540536499, 5274.564125]
shares:[0, 3.7175, 7.4075, 11.1003, 14.8484, 18.5728, 22.2628, 25.9665, 29.6702, 33.4211, 37.0561, 40.6532, 44.1868, 47.7266, 51.2993, 54.8454, 58.4271, 62.0242, 65.6738, 69.2389, 72.8269, 76.4699, 80.1142, 83.7625, 87.3909, 91.022, 94.6062, 98.17, 101.7856, 105.3254, 108.8841, 112.4955, 116.0746, 119.6978, 123.2705, 126.856, 130.4287, 134.0001, 137.5728, 141.1252, 144.6992, 148.286, 151.8549, 155.4456, 158.9421, 162.4276, 165.9587, 169.4761, 173.0034, 176.5258, 179.9848, 183.4631]
growth_rate:3.42
