ticker:HTOO
price:[19.700000762939453, 16.15999984741211, 20.049999237060547, 18.43000030517578, 18.899999618530273, 23.860000610351562, 21.170000076293945, 20.700000762939453, 20.200000762939453, 18.8700008392334, 19.200000762939453, 15.380000114440918, 13.6899995803833, 15.65999984741211, 14.829999923706055, 12.199999809265137, 13.029999732971191, 12.59000015258789, 12.0, 12.609999656677246, 12.819999694824219, 11.010000228881836, 11.0600004196167, 13.779999732971191, 14.529999732971191, 14.640000343322754, 15.420000076293945, 14.40999984741211, 14.640000343322754, 13.979999542236328, 13.020000457763672, 13.050000190734863, 14.819999694824219, 13.800000190734863, 14.149999618530273, 14.569999694824219, 11.699999809265137, 11.800000190734863, 11.920000076293945]
assets:[0, 99.99969505577089, 224.07077147369384, 305.96565006637576, 413.768241648674, 622.354711920166, 652.1905433504105, 737.7107671897887, 819.8917709667206, 865.9084855108262, 981.0509189834595, 885.8633985916138, 888.5220427656175, 1116.3810311222078, 1157.2115880466463, 1051.9876835532189, 1223.557367925167, 1282.2398965404511, 1322.1504, 1489.3594934503556, 1614.162315575409, 1486.2663548973085, 1593.0161004390716, 2084.788561600971, 2298.256553763199, 2415.655688649559, 2644.358851083565, 2571.154657773972, 2712.1932876036644, 2689.922467920685, 2605.2070455951693, 2711.209314626217, 3178.935876538849, 3060.1431422953606, 3237.754802713394, 3433.857528076172, 2857.4558534173966, 2981.8789281990053, 3112.2035479196547]
shares:[0, 6.1881, 11.1756, 16.6015, 21.8925, 26.0836, 30.8073, 35.6382, 40.5887, 45.8881, 51.0964, 57.5984, 64.903, 71.2887, 78.0318, 86.2285, 93.9031, 101.8459, 110.1792, 118.1094, 125.9097, 134.9924, 144.034, 151.2909, 158.1732, 165.0038, 171.4889, 178.4285, 185.2591, 192.4122, 200.0927, 207.7555, 214.5031, 221.7495, 228.8166, 235.68, 244.227, 252.7016, 261.0909]
growth_rate:-18.1
