ticker:HTOOW
price:[7.849999904632568, 5.0, 7.5, 6.650000095367432, 7.340000152587891, 11.300000190734863, 9.670000076293945, 9.699999809265137, 8.039999961853027, 7.5, 7.650000095367432, 4.550000190734863, 4.53000020980835, 5.230000019073486, 4.940000057220459, 4.380000114440918, 4.409999847412109, 4.250999927520752, 3.890000104904175, 4.21999979019165, 4.010000228881836, 2.75, 3.119999885559082, 4.539999961853027, 4.670000076293945, 4.730000019073486, 5.5, 4.599999904632568, 4.579999923706055, 4.400000095367432, 4.110000133514404, 3.9800000190734863, 5.179999828338623, 4.5, 5.010000228881836, 5.789999961853027, 3.700000047683716, 3.619999885559082, 3.690000057220459]
assets:[0, 100.0, 249.99975, 321.6664896130085, 455.042575459671, 800.542863512516, 785.066692193985, 887.5024525486946, 835.6205120352745, 879.4965, 997.0864774300098, 693.0382840519906, 789.9921725887299, 1012.0661946909427, 1055.9477362311363, 1036.2449550750732, 1143.3422934398652, 1202.1198647039412, 1200.034301362109, 1401.8366663040163, 1432.0773467397692, 1082.097775, 1327.6891193006516, 2031.9577949266434, 2190.1417727804187, 2318.2803803483484, 2795.67475, 2438.2005094511032, 2527.599823895073, 2528.262054798603, 2461.6266289665696, 2483.7647819030285, 3332.6383595588204, 2995.14915, 3434.5996449096683, 4069.327773189545, 2700.433934801817, 2742.0460193142894, 2895.069248893547]
shares:[0, 20.0, 33.3333, 48.3709, 61.9949, 70.8445, 81.1858, 91.4951, 103.9329, 117.2662, 130.3381, 152.3161, 174.3912, 193.5117, 213.7546, 236.5856, 259.2613, 282.7852, 308.4921, 332.1888, 357.1265, 393.4901, 425.5414, 447.5678, 468.9811, 490.1227, 508.3045, 530.0436, 551.8777, 574.605, 598.9359, 624.0615, 643.3665, 665.5887, 685.5488, 702.82, 729.847, 757.4713, 784.5716]
growth_rate:-23.81
