ticker:HUBG
price:[51.709999084472656, 52.43000030517578, 50.0, 49.529998779296875, 51.20000076293945, 53.70000076293945, 53.0099983215332, 52.720001220703125, 50.130001068115234, 51.25, 53.75, 54.900001525878906, 55.4900016784668, 55.959999084472656, 58.099998474121094, 57.08000183105469, 56.619998931884766, 57.0, 58.529998779296875, 58.97999954223633, 59.310001373291016, 52.630001068115234, 57.849998474121094, 56.11000061035156, 56.79999923706055, 57.58000183105469, 61.54999923706055, 68.12000274658203, 66.30000305175781, 67.66000366210938, 67.8499984741211, 66.58999633789062, 69.08000183105469, 65.9800033569336, 65.72000122070312, 72.83000183105469, 74.22000122070312, 69.58999633789062, 69.80999755859375, 67.13999938964844, 66.30999755859375, 64.27999877929688, 66.33999633789062, 68.08000183105469, 67.12000274658203, 64.55000305175781, 65.19999694824219, 66.27999877929688, 64.0, 67.12999725341797, 67.0999984741211, 69.68000030517578]
assets:[0, 99.99973958206176, 195.365, 293.52963176574707, 403.42528601150514, 523.123927432251, 616.4002604827881, 713.0274725097656, 777.9975645767212, 895.3785, 1039.0573749999999, 1161.2887522766114, 1273.7674395290373, 1384.556701348114, 1537.506069620514, 1610.512251663208, 1697.5355119766236, 1808.9292, 1957.4831321746826, 2072.5335919143677, 2184.132317572403, 2038.138895363617, 2340.2869782714843, 2369.895651779175, 2499.0409264328005, 2633.358045741272, 2914.921793868256, 3326.0681261062623, 3337.204023609924, 3505.6610037445066, 3615.5025136909485, 3648.359355358887, 3884.7829829711914, 3810.4507618682865, 3895.434776354981, 4416.870140046692, 4601.165067675782, 4414.135221710205, 4528.092852642822, 4454.906809501648, 4499.836220324707, 4462.079679263306, 4705.077998269653, 4928.48834055481, 4958.993602924346, 4869.11646519928, 5018.143845120239, 5201.269880206299, 5122.3488, 5472.86029508133, 5570.413733326721, 5884.594481772614]
shares:[0, 1.9073, 3.9073, 5.9263, 7.8794, 9.7416, 11.628, 13.5248, 15.5196, 17.4708, 19.3313, 21.1528, 22.9549, 24.7419, 26.4631, 28.215, 29.9812, 31.7356, 33.4441, 35.1396, 36.8257, 38.7258, 40.4544, 42.2366, 43.9972, 45.7339, 47.3586, 48.8266, 50.3349, 51.8129, 53.2867, 54.7884, 56.236, 57.7516, 59.2732, 60.6463, 61.9936, 63.4306, 64.8631, 66.3525, 67.8606, 69.4163, 70.9237, 72.3926, 73.8825, 75.4317, 76.9654, 78.4742, 80.0367, 81.5263, 83.0166, 84.4517]
growth_rate:15.38
