ticker:HUDI
price:[7.130000114440918, 5.96999979019165, 6.150000095367432, 6.420000076293945, 6.260000228881836, 5.639999866485596, 5.03000020980835, 5.679999828338623, 6.25, 5.340000152587891, 5.75, 5.550000190734863, 4.460000038146973, 4.309999942779541, 5.119999885559082, 5.179999828338623, 5.0, 5.099999904632568, 5.099999904632568, 5.010000228881836, 4.940000057220459, 4.800000190734863, 4.883999824523926, 4.869999885559082, 4.699999809265137, 5.019999980926514, 4.639999866485596, 4.420000076293945, 3.9100000858306885, 3.059999942779541, 4.039999961853027, 3.9000000953674316]
assets:[0, 99.99988448562621, 203.01519314813612, 311.9279017068863, 404.1537527769089, 464.1257410128593, 513.9276964366436, 680.3395874387264, 848.613125, 825.0551215755463, 988.4019999999999, 1054.0227362232208, 947.0163380999564, 1015.1661805224418, 1305.9517148097038, 1421.2557189006327, 1471.8685, 1601.3056200563906, 1701.3053981864452, 1771.2825749210358, 1846.533983388567, 1894.20295526886, 2027.3512575597763, 2121.5399651455878, 2147.482082851124, 2393.6936189051626, 2312.4975174586775, 2302.853189749718, 2137.1391859135865, 1772.5435228543283, 2440.2209809586525, 2455.658850048685]
shares:[0, 16.7504, 33.0106, 48.5869, 64.5613, 82.2918, 102.1725, 119.7781, 135.7781, 154.5047, 171.896, 189.914, 212.3355, 235.5374, 255.0687, 274.3737, 294.3737, 313.9815, 333.5893, 353.5494, 373.7923, 394.6256, 415.1006, 435.6345, 456.9111, 476.8314, 498.3831, 521.0075, 546.5829, 579.2626, 604.0151, 629.6561]
growth_rate:-20.79
