ticker:HUGE
price:[2.75, 2.819999933242798, 2.7799999713897705, 2.680000066757202, 2.4800000190734863, 2.700000047683716, 2.140000104904175, 1.809999942779541, 1.4199999570846558, 1.5199999809265137, 1.5099999904632568, 1.3700000047683716, 1.5499999523162842, 1.8899999856948853, 1.7300000190734863, 1.7599999904632568, 1.690000057220459, 1.559999942779541, 1.9199999570846558, 2.069999933242798, 2.2799999713897705, 2.009999990463257, 2.190000057220459, 2.8299999237060547, 2.490000009536743, 2.059999942779541, 1.690000057220459, 2.049999952316284, 2.259999990463257, 1.899999976158142, 1.9299999475479126, 1.940000057220459, 1.559999942779541, 1.649999976158142, 1.7999999523162842, 1.7000000476837158, 1.6799999475479126, 1.7000000476837158, 1.7699999809265137, 1.899999976158142, 1.940000057220459, 1.8300000429153442, 1.8300000429153442, 1.7200000286102295, 1.6799999475479126, 1.5499999523162842, 1.6100000143051147, 1.75, 1.7000000476837158, 1.5800000429153442, 1.5499999523162842, 1.840000033378601]
assets:[0, 100.00001763272284, 198.58151395630836, 291.438215259552, 369.68913884325025, 502.48404887418747, 498.2652124252796, 521.42985151577, 509.0775106146216, 644.9280879072189, 740.6851953220367, 772.0124016870379, 973.4446100532532, 1286.9745112590908, 1278.024366090393, 1400.186648412943, 1444.497466908169, 1433.382235423851, 1864.1627103327155, 2109.800442959237, 2423.83810158484, 2236.804570387149, 2537.115504289913, 3378.5555059175495, 3072.6512967683075, 2642.032738612461, 2267.4930187733653, 2850.50914869616, 3242.512612317252, 2826.006194538295, 2970.627355266523, 3086.0193950223925, 2581.5412573096273, 2830.476454100716, 3187.792535552335, 3110.693067252588, 3174.096476900005, 3311.8834828958275, 3548.2550647640705, 3908.8614009502535, 4091.1534066689014, 3959.1807538467765, 4059.180740191877, 3915.186185124636, 3924.1351414826872, 3720.481780544257, 3964.500582225239, 4409.239799999999, 4383.261592947173, 4173.854829368614, 4194.604135958505, 5079.4012361431005]
shares:[0, 35.461, 71.4322, 108.7456, 149.0682, 186.1052, 232.8342, 288.0828, 358.5053, 424.2948, 490.52, 563.5127, 628.0288, 680.9389, 738.7424, 795.5606, 854.7322, 918.8348, 970.9181, 1019.2273, 1063.0869, 1112.8381, 1158.5002, 1193.8359, 1233.9965, 1282.5402, 1341.7118, 1390.4923, 1434.7401, 1487.3717, 1539.1852, 1590.7316, 1654.8342, 1715.4403, 1770.9959, 1829.8194, 1889.3432, 1948.1667, 2004.6639, 2057.2955, 2108.8419, 2163.4867, 2218.1315, 2276.271, 2335.7948, 2400.3109, 2462.4227, 2519.5656, 2578.3891, 2641.6802, 2706.1963, 2760.5441]
growth_rate:-0.4
