ticker:HUIZ
price:[8.470000267028809, 8.59000015258789, 8.520000457763672, 8.145999908447266, 8.140000343322754, 7.880000114440918, 7.64900016784668, 7.570000171661377, 7.0, 7.5, 7.389999866485596, 7.349999904632568, 8.109999656677246, 7.579999923706055, 7.15500020980835, 7.130000114440918, 7.144999980926514, 7.0, 6.980000019073486, 6.75, 6.409999847412109, 6.610000133514404, 6.510000228881836, 8.239999771118164, 13.0, 9.09000015258789, 7.71999979019165, 9.649999618530273, 10.979999542236328, 8.550000190734863, 8.989999771118164, 8.270000457763672, 7.409999847412109, 7.039999961853027, 6.900000095367432, 6.650000095367432, 6.239999771118164, 5.909999847412109, 6.300000190734863, 6.230000019073486, 6.159999847412109, 5.800000190734863, 6.079999923706055, 5.730000019073486, 5.269999980926514, 5.050000190734863, 4.25, 3.6500000953674316, 3.2699999809265137, 2.700000047683716, 2.4700000286102295, 2.5899999141693115]
assets:[0, 99.99962777633668, 199.184830701828, 290.441553735733, 390.2275464587212, 477.7636189385414, 563.7580838708878, 657.935209919691, 708.3944, 858.99375, 946.3951599015713, 1041.2722814893245, 1248.9415691282272, 1267.3214112442017, 1296.264233010769, 1391.7346683382034, 1494.6625460100174, 1564.3299, 1659.860058535719, 1705.165425, 1719.2754160732268, 1872.9190808308124, 1944.584591368675, 2561.347896853638, 4140.9615, 2995.487744283295, 2644.0227281427383, 3405.0284203973774, 3974.3228303077694, 3194.7597262692448, 3459.168515930939, 3282.127486673355, 3040.817925382996, 2988.9819358038903, 3029.5423318724156, 3019.776348306513, 2933.5942443964004, 2878.4524236824036, 3168.40113592453, 3233.1968158986097, 3296.8688783340453, 3204.1950253709792, 3458.8803405967715, 3359.767175183678, 3190.047455454397, 3156.8768242329597, 2756.777375, 2467.5854844732285, 2310.685972522068, 2007.9057954608918, 1936.861884434843, 2130.960243381548]
shares:[0, 11.6414, 23.3785, 35.6545, 47.9395, 60.6299, 73.7035, 86.9135, 101.1992, 114.5325, 128.0643, 141.6697, 154.0002, 167.1928, 181.169, 195.1942, 209.19, 223.4757, 237.8023, 252.6171, 268.2177, 283.3463, 298.7073, 310.8432, 318.5355, 329.5366, 342.49, 352.8527, 361.9602, 373.6561, 384.7796, 396.8715, 410.3668, 424.5713, 439.0641, 454.1017, 470.1273, 487.0478, 502.9208, 518.9722, 535.206, 552.4474, 568.8948, 586.3468, 605.3221, 625.1241, 648.6535, 676.0508, 706.6318, 743.6688, 784.1546, 822.7646]
growth_rate:-58.22
