ticker:HURC
price:[30.709999084472656, 29.09000015258789, 30.299999237060547, 29.100000381469727, 27.979999542236328, 28.610000610351562, 31.520000457763672, 31.360000610351562, 29.84000015258789, 29.889999389648438, 29.149999618530273, 29.309999465942383, 30.360000610351562, 31.959999084472656, 33.400001525878906, 30.540000915527344, 30.399999618530273, 30.0, 29.8799991607666, 32.47999954223633, 32.369998931884766, 29.420000076293945, 30.540000915527344, 32.279998779296875, 32.529998779296875, 31.43000030517578, 33.9900016784668, 38.470001220703125, 34.0, 33.52000045776367, 35.2400016784668, 34.91999816894531, 35.20000076293945, 33.91999816894531, 34.349998474121094, 34.25, 34.95000076293945, 34.380001068115234, 34.38999938964844, 37.439998626708984, 35.189998626708984, 34.0, 35.06999969482422, 35.0, 34.279998779296875, 33.77000045776367, 34.130001068115234, 33.939998626708984, 33.63999938964844, 34.18000030517578, 32.75, 33.119998931884766]
assets:[0, 99.99978452453614, 204.15836485939025, 296.0721338811875, 384.67742770652774, 493.3394065246582, 643.5186333457947, 740.2528144073486, 804.3730121131897, 905.7207835052491, 983.2965321321489, 1088.6935511629106, 1227.6946686813353, 1392.3948881134033, 1555.1307910461426, 1521.9670536254882, 1614.9908597345352, 1693.74, 1786.9643858098982, 2042.4560512142182, 2135.5394655334476, 2040.9183612926481, 2218.615014509582, 2445.0194555389407, 2563.955949786377, 2577.2568820243832, 2887.175323572159, 3367.7139178619386, 3076.405, 3132.973658785248, 3393.735501642227, 3462.918442419433, 3590.685197826004, 3560.114111819458, 3705.2450254074097, 3794.4581749999998, 3972.008171706772, 4007.2297844963073, 4108.394399084473, 4572.760440272141, 4397.954534369659, 4349.2324, 4586.103860092164, 4676.9485, 4680.738437319946, 4711.100798860551, 4861.323767137527, 4934.261486348343, 4990.648653451538, 5170.760700167084, 5054.428675, 5211.531191928864]
shares:[0, 3.4376, 6.7379, 10.1743, 13.7483, 17.2436, 20.4162, 23.605, 26.9562, 30.3018, 33.7323, 37.1441, 40.4379, 43.5668, 46.5608, 49.8352, 53.1247, 56.458, 59.8047, 62.8835, 65.9728, 69.3718, 72.6462, 75.7441, 78.8182, 81.9999, 84.9419, 87.5413, 90.4825, 93.4658, 96.3035, 99.1672, 102.0081, 104.9562, 107.8674, 110.7871, 113.6483, 116.557, 119.4648, 122.1357, 124.9774, 127.9186, 130.77, 133.6271, 136.5443, 139.5055, 142.4355, 145.3819, 148.3546, 151.2803, 154.3337, 157.353]
growth_rate:2.19
