ticker:HURN
price:[42.77000045776367, 40.54999923706055, 39.939998626708984, 39.18000030517578, 40.5099983215332, 42.040000915527344, 43.209999084472656, 42.61000061035156, 37.86000061035156, 38.4900016784668, 42.119998931884766, 42.72999954223633, 45.56999969482422, 46.189998626708984, 51.310001373291016, 57.630001068115234, 57.369998931884766, 58.95000076293945, 59.08000183105469, 57.099998474121094, 58.29999923706055, 52.959999084472656, 56.150001525878906, 56.650001525878906, 58.36000061035156, 50.900001525878906, 53.16999816894531, 55.40999984741211, 50.84000015258789, 50.4900016784668, 51.779998779296875, 53.959999084472656, 55.77000045776367, 54.630001068115234, 56.2599983215332, 56.65999984741211, 55.95000076293945, 54.59000015258789, 54.709999084472656, 53.33000183105469, 52.79999923706055, 49.189998626708984, 51.400001525878906, 50.650001525878906, 49.0099983215332, 46.380001068115234, 46.36000061035156, 49.130001068115234, 47.65999984741211, 47.619998931884766, 49.88999938964844, 49.79999923706055]
assets:[0, 100.00035311851501, 198.49779917488098, 294.71979829559325, 404.72324023094177, 520.009587324524, 634.4826635566711, 725.6738763946533, 744.7781460067749, 857.1723373794556, 1038.0136776771546, 1153.0476726474762, 1329.6824640953064, 1447.774697955704, 1708.253613720703, 2018.6636774139404, 2109.5579677242276, 2267.6591543483737, 2372.658781535339, 2393.1408760482786, 2543.4365767154695, 2410.4690623298643, 2655.6592421676637, 2779.305724861145, 2963.1998509902955, 2684.4202704734803, 2904.139982987976, 3126.4870773902894, 2968.628952909851, 3048.192479332733, 3226.069975946045, 3461.890077262878, 3678.0147991893773, 3702.832398397064, 3913.31608524971, 4041.1385051170346, 4090.498960778427, 4091.0674144351956, 4200.059274715423, 4194.116662002563, 4252.432738554001, 4061.687052605438, 4344.1687889625555, 4380.779411975098, 4338.933567402649, 4206.095622864914, 4304.280348667908, 4661.45941434288, 4621.985763202286, 4718.108540172958, 5043.015841304016, 5133.916781348038]
shares:[0, 2.4661, 4.9699, 7.5222, 9.9907, 12.3694, 14.6837, 17.0306, 19.6719, 22.27, 24.6442, 26.9845, 29.1789, 31.3439, 33.2928, 35.028, 36.7711, 38.4675, 40.1601, 41.9114, 43.6267, 45.5149, 47.2958, 49.061, 50.7745, 52.7391, 54.6199, 56.4246, 58.3916, 60.3722, 62.3034, 64.1566, 65.9497, 67.7802, 69.5577, 71.3226, 73.1099, 74.9417, 76.7695, 78.6446, 80.5385, 82.5714, 84.5169, 86.4912, 88.5316, 90.6877, 92.8447, 94.8801, 96.9783, 99.0783, 101.0827, 103.0907]
growth_rate:0.67
