ticker:HUSN
price:[0.37400001287460327, 0.4000000059604645, 0.3790000081062317, 0.4000000059604645, 0.42100000381469727, 0.4350000023841858, 0.6299999952316284, 0.5960000157356262, 2.130000114440918, 2.0999999046325684, 2.2100000381469727, 2.549999952316284, 2.309999942779541, 2.569999933242798, 2.5999999046325684, 3.069999933242798, 3.2899999618530273, 3.619999885559082, 3.8299999237060547, 3.4100000858306885, 3.700000047683716, 3.7699999809265137, 4.110000133514404, 4.429999828338623, 4.480000019073486, 3.990000009536743, 3.6700000762939453, 3.8499999046325684, 3.609999895095825, 3.140000104904175, 3.140000104904175, 2.630000114440918, 2.5199999809265137, 2.4000000953674316, 2.740000009536743, 2.759999990463257, 2.509999990463257, 2.940000057220459, 2.940000057220459, 3.1700000762939453, 3.390000104904175, 3.630000114440918, 3.680000066757202, 3.6500000953674316, 3.6500000953674316, 3.130000114440918, 3.0299999713897705, 3.0799999237060547, 3.259999990463257, 3.119999885559082, 2.369999885559082, 2.5199999809265137]
assets:[0, 100.00000149011612, 194.749987965405, 305.5408845529139, 421.58178371996877, 535.6011479355693, 875.6982293719768, 928.4383349126816, 3418.076787646866, 3469.9344224196434, 3751.693191758251, 4428.876637182236, 4112.0410621416095, 4674.868171567654, 4829.438462857246, 5802.452452825571, 6318.263318740845, 7052.009919061184, 7561.10465338211, 6831.949834962154, 7512.965906823278, 7755.102965764761, 8554.502491895199, 9320.54598283119, 9525.744296555615, 8583.866171516824, 7995.436109213448, 8487.582354756116, 8058.486162825799, 7109.320709515095, 7209.3206068559875, 6138.380028103352, 5981.641298725891, 5796.801590344191, 6718.015045382476, 6867.0516482719895, 6345.03600389204, 7532.034362594032, 7632.0343485403055, 8329.098169460487, 9007.142816727686, 9744.816619219207, 9979.042565025258, 9997.691901220322, 10097.69204883313, 8759.11689425602, 8579.272511991763, 8820.844429500961, 9436.348376395083, 9131.10616907301, 7036.128656244278, 7581.453458617163]
shares:[0, 250.0, 513.8522, 763.8522, 1001.3819, 1231.267, 1389.9972, 1557.7824, 1604.7308, 1652.3498, 1697.5987, 1736.8144, 1780.1044, 1819.0149, 1857.4764, 1890.0497, 1920.4448, 1948.0691, 1974.1788, 2003.5043, 2030.5313, 2057.0565, 2081.3874, 2103.9608, 2126.2822, 2151.3449, 2178.5929, 2204.5669, 2232.2677, 2264.1148, 2295.9619, 2333.9847, 2373.6672, 2415.3339, 2451.8303, 2488.0622, 2527.9028, 2561.9164, 2595.93, 2627.4757, 2656.9742, 2684.5224, 2711.6963, 2739.0936, 2766.4909, 2798.4398, 2831.4431, 2863.9106, 2894.5854, 2926.6367, 2968.8308, 3008.5133]
growth_rate:48.66
