ticker:HVBC
price:[12.800000190734863, 13.470000267028809, 13.020000457763672, 12.96500015258789, 13.399999618530273, 13.244999885559082, 13.020000457763672, 13.020000457763672, 13.020000457763672, 13.020000457763672, 14.850000381469727, 14.5, 15.0, 15.0, 15.899999618530273, 17.010000228881836, 17.280000686645508, 17.170000076293945, 17.450000762939453, 17.31999969482422, 17.399999618530273, 16.399999618530273, 16.809999465942383, 16.860000610351562, 17.315000534057617, 18.040000915527344, 19.11400032043457, 19.2450008392334, 19.899999618530273, 18.69499969482422, 19.469999313354492, 19.799999237060547, 19.799999237060547, 19.709999084472656, 19.298999786376953, 19.899999618530273, 19.45800018310547, 19.799999237060547, 19.95199966430664, 20.878000259399414, 20.327999114990234, 21.25, 21.469999313354492, 22.0, 21.969999313354492, 22.06999969482422, 22.125, 22.100000381469727, 22.170000076293945, 22.083999633789062, 21.829999923706055, 21.770000457763672]
assets:[0, 99.99993498239517, 196.6592949142456, 295.8288909816742, 405.7546684490204, 501.06099467067713, 592.5493348331452, 692.549448348999, 792.5495618648529, 892.5496753807067, 1118.000098719406, 1191.6506, 1332.7425, 1432.743, 1618.7074111642837, 1831.711668647003, 1960.785869914627, 2048.3037441015244, 2181.7072853874206, 2265.4542280830383, 2375.9177479114533, 2339.3713855854035, 2497.854974642563, 2605.284850314331, 2775.5928541093826, 2991.8096758338925, 3269.925693418312, 3392.337467432594, 3607.794310840988, 3489.331957040405, 3733.9817793142315, 3897.269489829254, 3997.2693859760284, 4079.100599526215, 4094.041567182541, 4321.535657159042, 4325.550410904693, 4501.577346543884, 4636.134430796814, 4951.303361317635, 4920.867860962677, 5244.060125, 5398.352217351914, 5631.615, 5723.936195105362, 5849.988883108521, 5964.568125, 6057.828894564628, 6177.016506257057, 6253.05578710785, 6281.137146047974, 6363.874020814896]
shares:[0, 7.4239, 15.1044, 22.8175, 30.2802, 37.8302, 45.5107, 53.1912, 60.8717, 68.5522, 75.2862, 82.1828, 88.8495, 95.5162, 101.8055, 107.6844, 113.4714, 119.2955, 125.0262, 130.7999, 136.547, 142.6446, 148.5934, 154.5246, 160.2999, 165.8431, 171.0749, 176.2711, 181.2962, 186.6452, 191.7813, 196.8318, 201.8823, 206.9559, 212.1375, 217.1626, 222.3019, 227.3524, 232.3644, 237.1541, 242.0734, 246.7793, 251.437, 255.9825, 260.5342, 265.0652, 269.585, 274.1099, 278.6205, 283.1487, 287.7296, 292.3231]
growth_rate:24.78
