ticker:HWBK
price:[18.979999542236328, 18.979999542236328, 18.299999237060547, 17.639999389648438, 18.690000534057617, 18.760000228881836, 18.459999084472656, 19.59000015258789, 18.959999084472656, 19.760000228881836, 21.0, 20.170000076293945, 22.399999618530273, 21.989999771118164, 22.350000381469727, 24.040000915527344, 22.020000457763672, 21.899999618530273, 21.270000457763672, 21.0, 20.260000228881836, 18.360000610351562, 19.68000030517578, 20.90999984741211, 20.15999984741211, 20.139999389648438, 23.5, 22.139999389648438, 21.1200008392334, 21.510000228881836, 22.600000381469727, 21.0, 21.030000686645508, 21.3700008392334, 21.540000915527344, 22.110000610351562, 22.719999313354492, 23.540000915527344, 24.149999618530273, 23.75, 23.829999923706055, 21.829999923706055, 22.360000610351562, 22.549999237060547, 22.989999771118164, 23.209999084472656, 22.850000381469727, 22.829999923706055, 22.850000381469727, 22.950000762939453, 22.780000686645508, 22.809999465942383]
assets:[0, 99.99992358818054, 196.41755181121826, 289.33303398895265, 406.5561056171417, 508.0789621988297, 599.9536622451782, 736.678037738037, 812.9876967430115, 947.2904589725495, 1106.7357, 1162.9941363990783, 1391.5753363016129, 1466.1040707401278, 1590.1064221399308, 1810.341884944153, 1758.2243705509186, 1848.642477799034, 1895.463328793335, 1971.4023, 2001.9331686162948, 1914.1897956344606, 2151.81123336792, 2386.2993665863037, 2400.707213829422, 2498.3246302871703, 3015.1252, 2940.6325049331663, 2905.155379440498, 3058.801619547844, 3313.8041559343337, 3179.1984, 3283.739972216606, 3436.830384969711, 3564.170101490021, 3758.485636753845, 3962.1793042547224, 4205.181055549622, 4414.151420274734, 4441.038625, 4555.998110413551, 4273.624157064057, 4477.382174217224, 4615.427858845138, 4805.484702157974, 4951.470339687347, 4974.671298049736, 5070.316966055871, 5174.759611390114, 5297.406386104584, 5358.165969508362, 5465.221128041077]
shares:[0, 5.2687, 10.7332, 16.4021, 21.7526, 27.0831, 32.5002, 37.6048, 42.8791, 47.9398, 52.7017, 57.6596, 62.1239, 66.6714, 71.1457, 75.3054, 79.8467, 84.4129, 89.1144, 93.8763, 98.8121, 104.2587, 109.34, 114.1224, 119.0827, 124.0479, 128.3032, 132.8199, 137.5547, 142.2037, 146.6285, 151.3904, 156.1455, 160.825, 165.4675, 169.9903, 174.3917, 178.6398, 182.7806, 186.9911, 191.1875, 195.7684, 200.2407, 204.6753, 209.025, 213.3335, 217.7099, 222.0901, 226.4665, 230.8238, 235.2136, 239.5976]
growth_rate:7.16
