ticker:HWC
price:[20.760000228881836, 19.56999969482422, 19.84000015258789, 18.239999771118164, 19.6299991607666, 22.030000686645508, 21.6200008392334, 23.899999618530273, 22.8700008392334, 22.43000030517578, 27.56999969482422, 27.799999237060547, 29.649999618530273, 30.219999313354492, 30.489999771118164, 32.4900016784668, 34.220001220703125, 34.02000045776367, 38.04999923706055, 39.77000045776367, 38.16999816894531, 34.13999938964844, 37.29999923706055, 37.13999938964844, 37.7599983215332, 37.75, 41.2599983215332, 45.11000061035156, 44.52000045776367, 42.43000030517578, 42.119998931884766, 42.13999938964844, 43.40999984741211, 45.20000076293945, 46.2400016784668, 49.599998474121094, 50.02000045776367, 49.689998626708984, 49.5099983215332, 49.29999923706055, 47.45000076293945, 43.2400016784668, 46.52000045776367, 44.369998931884766, 44.11000061035156, 42.13999938964844, 43.36000061035156, 43.709999084472656, 44.97999954223633, 45.68000030517578, 44.95000076293945, 46.65999984741211]
assets:[0, 100.00074144058227, 201.37996954879762, 285.14044442195893, 406.8690296052933, 556.6144033489228, 646.2542550859451, 814.4068270011902, 879.3080792669296, 962.390565093994, 1282.9285807991027, 1393.6306417533874, 1586.372824590111, 1716.8706889900207, 1832.211164245987, 2052.396655028915, 2261.682008679199, 2348.4618676002506, 2726.659140327835, 2949.915921954346, 2931.2382903854373, 2721.7568273406982, 3073.684057130432, 3160.4988140609744, 3313.258604722595, 3412.38105, 3829.6663982082364, 4287.015375004577, 4330.945712531662, 4227.627641407013, 4296.741119039535, 4398.779622288514, 4631.347768720627, 4922.320763084793, 5135.576426416397, 5608.747987454223, 5756.241628678894, 5818.26653619957, 5897.190361075973, 5972.177257577896, 5848.070244029998, 5429.201638747788, 5941.036694460678, 5766.462608184433, 5832.674202706909, 5672.178765844726, 5936.396003562928, 6084.313855561066, 6361.0940252628325, 6560.086571826172, 6555.251896262742, 6904.630127420425]
shares:[0, 5.1099, 10.1502, 15.6327, 20.7269, 25.2662, 29.8915, 34.0756, 38.4481, 42.9064, 46.5335, 50.1306, 53.5033, 56.8124, 60.0922, 63.1701, 66.0924, 69.0318, 71.6599, 74.1744, 76.7943, 79.7234, 82.4044, 85.0969, 87.7452, 90.3942, 92.8179, 95.0347, 97.2809, 99.6377, 102.0119, 104.3849, 106.6885, 108.9009, 111.0635, 113.0796, 115.0788, 117.0913, 119.1111, 121.1395, 123.247, 125.5597, 127.7093, 129.9631, 132.2302, 134.6032, 136.9095, 139.1973, 141.4205, 143.6096, 145.8343, 147.9775]
growth_rate:35.38
