ticker:HWCPZ
price:[26.209999084472656, 26.299999237060547, 26.485000610351562, 26.850000381469727, 27.299999237060547, 27.079999923706055, 26.940000534057617, 27.280000686645508, 27.079999923706055, 27.010000228881836, 27.25, 27.239999771118164, 27.270000457763672, 26.81999969482422, 26.940000534057617, 26.959999084472656, 27.163000106811523, 26.739999771118164, 26.969999313354492, 27.040000915527344, 26.989999771118164, 26.899999618530273, 27.020000457763672, 27.18899917602539, 27.049999237060547, 26.549999237060547, 26.75, 26.75, 26.719999313354492, 26.780000686645508, 27.045000076293945, 27.3700008392334, 27.360000610351562, 27.399999618530273, 27.329999923706055, 27.350000381469727, 27.34000015258789, 27.8700008392334, 27.670000076293945, 28.040000915527344, 28.479999542236328, 28.299999237060547, 28.350000381469727, 28.440000534057617, 28.6299991607666, 28.489999771118164, 28.270000457763672, 28.479999542236328, 28.350000381469727, 28.25, 28.299999237060547, 28.459999084472656]
assets:[0, 100.00048709907531, 200.70333462524414, 303.46944431152343, 408.5554085823059, 505.26405457649236, 602.6531999469757, 710.2593698774339, 805.0531937318802, 902.9713176517486, 1010.9940750000001, 1110.6238226680755, 1211.8460963424682, 1291.8496533004761, 1397.6310637065887, 1498.6686051071167, 1609.9537326307297, 1684.8820375782013, 1799.3736261886597, 1904.0432964675904, 2000.5230740350726, 2093.852930307007, 2203.194625325775, 2316.975818383026, 2405.1317471637726, 2460.675169290161, 2579.210925, 2679.21045, 2776.2052566576003, 2882.4385939064027, 3010.9604259939197, 3147.1422834993364, 3245.9932084121706, 3350.7377333501813, 3442.177961390877, 3544.6967994403835, 3643.399504334259, 3814.029123849678, 3886.658259716606, 4038.629371864319, 4202.001788460541, 4275.445024738311, 4382.997943976403, 4496.912976444817, 4626.954287369728, 4704.32859120655, 4768.0013152061465, 4903.418609186554, 4981.03553202343, 5063.4650249999995, 5172.427650556564, 5301.670929450988]
shares:[0, 3.8023, 7.578, 11.3024, 14.9654, 18.6582, 22.3702, 26.0359, 29.7287, 33.431, 37.1007, 40.7718, 44.4388, 48.1674, 51.8794, 55.5886, 59.2701, 63.0098, 66.7176, 70.4158, 74.1209, 77.8384, 81.5394, 85.2174, 88.9143, 92.6808, 96.4191, 100.1574, 103.8999, 107.634, 111.3315, 114.9851, 118.6401, 122.2897, 125.9487, 129.605, 133.2626, 136.8507, 140.4647, 144.031, 147.5422, 151.0758, 154.6031, 158.1193, 161.6121, 165.1221, 168.6594, 172.1706, 175.6979, 179.2377, 182.7713, 186.285]
growth_rate:3.95
