ticker:HWKN
price:[24.764999389648438, 24.56999969482422, 25.084999084472656, 22.565000534057617, 23.295000076293945, 24.0049991607666, 25.40999984741211, 25.09000015258789, 23.354999542236328, 24.565000534057617, 26.09000015258789, 26.200000762939453, 25.985000610351562, 26.780000686645508, 25.649999618530273, 25.71500015258789, 26.09000015258789, 26.155000686645508, 27.704999923706055, 26.920000076293945, 27.25, 27.46500015258789, 28.200000762939453, 31.625, 30.704999923706055, 31.299999237060547, 32.349998474121094, 38.90999984741211, 35.209999084472656, 33.470001220703125, 33.900001525878906, 33.279998779296875, 33.93000030517578, 33.689998626708984, 33.349998474121094, 34.650001525878906, 33.2599983215332, 32.790000915527344, 34.02000045776367, 33.470001220703125, 33.08000183105469, 31.440000534057617, 32.9900016784668, 33.400001525878906, 31.780000686645508, 30.8700008392334, 31.510000228881836, 36.310001373291016, 35.849998474121094, 37.060001373291016, 37.5099983215332, 38.619998931884766]
assets:[0, 99.99989875793457, 202.0947866241455, 281.7917266693115, 390.90873728027344, 502.8231154209137, 632.2541572032928, 724.2931064048767, 774.2065573253633, 914.3166893777848, 1071.0779942642212, 1175.5940342330932, 1265.9476537353517, 1404.6779860162735, 1445.4056935037613, 1549.0690376918792, 1671.6593617767335, 1775.8251576206205, 1981.0654130445482, 2024.9331737388611, 2149.755225, 2266.716674093246, 2427.377105671692, 2822.1928625, 2840.0927434431073, 2995.128226993561, 3195.604019270325, 3943.6140865348816, 3668.6107876091005, 3587.318077835083, 3733.407168045044, 3765.126005895996, 3938.662295425415, 4010.8010745094302, 4070.323958768463, 4328.987545635224, 4255.327423254776, 4295.195009925843, 4556.3122693084715, 4582.652321136475, 4629.255152239991, 4499.752612435341, 4821.591014313125, 4981.513367580414, 4839.893890571785, 4801.306927528572, 5000.8481533250815, 5862.641869732666, 5888.369419374085, 6187.111639268875, 6362.2396103076935, 6650.510572066498]
shares:[0, 4.07, 8.0564, 12.488, 16.7808, 20.9466, 24.8821, 28.8678, 33.1495, 37.2203, 41.0532, 44.87, 48.7184, 52.4525, 56.3511, 60.2399, 64.0728, 67.8962, 71.5057, 75.2204, 78.8901, 82.5311, 86.0772, 89.2393, 92.4961, 95.691, 98.7822, 101.3522, 104.1923, 107.1801, 110.13, 113.1348, 116.082, 119.0502, 122.0487, 124.9347, 127.9413, 130.991, 133.9304, 136.9182, 139.9412, 143.1219, 146.1531, 149.1471, 152.2937, 155.5331, 158.7067, 161.4608, 164.2502, 166.9485, 169.6145, 172.2038]
growth_rate:30.4
