ticker:HX
price:[1.6799999475479126, 1.75, 1.659999966621399, 1.4500000476837158, 1.4900000095367432, 1.6399999856948853, 1.8200000524520874, 2.299999952316284, 2.0899999141693115, 2.0199999809265137, 2.049999952316284, 2.2200000286102295, 2.259000062942505, 2.5899999141693115, 2.509999990463257, 2.5299999713897705, 2.309999942779541, 2.4700000286102295, 2.549999952316284, 2.4000000953674316, 2.6700000762939453, 2.240000009536743, 2.5799999237060547, 2.8499999046325684, 2.8399999141693115, 1.7400000095367432, 1.6799999475479126, 2.0299999713897705, 2.009999990463257, 1.8250000476837158, 1.850000023841858, 1.8899999856948853, 1.4800000190734863, 1.559999942779541, 1.590000033378601, 1.440000057220459, 1.2899999618530273, 1.3700000047683716, 1.4299999475479126, 1.6399999856948853, 1.7400000095367432, 1.5399999618530273, 1.5499999523162842, 1.590000033378601, 1.5299999713897705, 1.4700000286102295, 1.340000033378601, 1.5499999523162842, 1.6699999570846558, 1.6549999713897705, 1.7699999809265137, 1.8799999952316284]
assets:[0, 100.000075, 194.85727008188962, 270.20663888583186, 377.6606174172163, 515.6801195019126, 672.2792633749724, 949.583730313182, 962.8826064569951, 1030.6330782684327, 1145.939518345046, 1340.9685952817201, 1464.5262315060854, 1779.1157480414151, 1824.1623220690965, 1938.6974860764503, 1870.114969675827, 2099.6467423203944, 2267.6514625960585, 2234.2604087815284, 2585.614723882675, 2269.204905661082, 2713.6377277542115, 3097.62300134654, 3186.7542476896765, 2052.448157249236, 2081.6739910070537, 2615.3561471399303, 2689.589027238846, 2542.0398289185764, 2676.8623444980385, 2834.740481544292, 2319.7968738963605, 2545.1912306429385, 2694.1373965575694, 2539.9734769294737, 2375.3927717565534, 2622.704034128487, 2837.566913918662, 3354.2726187419175, 3658.8015500534775, 3338.249601309013, 3459.9264785598994, 3649.215118607354, 3611.508781466603, 3569.8811044796703, 3354.1773995505573, 3979.8318025656936, 4387.947766239345, 4448.535161597514, 4857.647950654077, 5259.535738659883]
shares:[0, 57.1429, 117.3839, 186.3494, 253.4635, 314.4391, 369.3842, 412.8625, 460.7094, 510.2144, 558.9949, 604.0399, 648.3073, 686.9173, 726.7579, 766.2836, 809.5736, 850.0594, 889.2751, 930.9418, 968.395, 1013.0379, 1051.7976, 1086.8853, 1122.0966, 1179.5679, 1239.0917, 1288.3528, 1338.104, 1392.8985, 1446.9526, 1499.8627, 1567.4303, 1631.5329, 1694.426, 1763.8704, 1841.3898, 1914.3825, 1984.3126, 2045.2882, 2102.7595, 2167.6946, 2232.2107, 2295.1038, 2360.4633, 2428.4905, 2503.1174, 2567.6335, 2627.5137, 2687.9367, 2744.4339, 2797.6254]
growth_rate:3.13
