ticker:HYACU
price:[10.029999732971191, 10.0, 9.970000267028809, 9.899999618530273, 9.949999809265137, 10.109999656677246, 10.100000381469727, 9.989999771118164, 10.0, 9.979999542236328, 9.979999542236328, 9.979999542236328, 9.9399995803833, 9.984999656677246, 9.989999771118164, 10.0, 9.934000015258789, 10.010000228881836, 10.0, 10.0, 10.0, 9.970000267028809, 9.960000038146973, 9.960000038146973, 9.880000114440918, 9.880000114440918, 9.850000381469727]
assets:[0, 100.0, 199.70010234861374, 298.29787850589753, 399.80492233600614, 506.2339688089371, 605.7333828781128, 699.1361479820251, 799.836, 898.2358867996217, 998.2354822128297, 1098.2350776260375, 1193.8337096023558, 1299.2381703271865, 1399.8886779270172, 1501.29, 1591.381106044388, 1703.5558929523468, 1801.8539999999998, 1901.8539999999998, 2001.8539999999998, 2095.8485911335943, 2193.746780402088, 2293.747172785091, 2375.323939513588, 2475.324360671902, 2567.8084194458006]
shares:[0, 10.0, 20.0301, 30.1311, 40.1814, 50.0726, 59.9736, 69.9836, 79.9836, 90.0036, 100.0236, 110.0436, 120.104, 130.119, 140.129, 150.129, 160.1954, 170.1854, 180.1854, 190.1854, 200.1854, 210.2155, 220.2557, 230.2959, 240.4174, 250.5389, 260.6912]
growth_rate:-1.24
