ticker:HYFM
price:[48.29999923706055, 54.150001525878906, 56.63999938964844, 52.58000183105469, 64.45999908447266, 70.2300033569336, 73.0999984741211, 75.51000213623047, 83.80000305175781, 92.12999725341797, 92.20999908447266, 63.47999954223633, 48.75, 60.810001373291016, 63.29999923706055, 58.119998931884766, 57.4900016784668, 60.709999084472656, 60.09000015258789, 61.630001068115234, 65.69999694824219, 64.19999694824219, 55.93000030517578, 54.900001525878906, 62.290000915527344, 56.7599983215332, 55.290000915527344, 56.5, 56.959999084472656, 56.619998931884766, 57.7400016784668, 48.11000061035156, 49.060001373291016, 49.34000015258789, 49.97999954223633, 47.189998626708984, 42.970001220703125, 49.20000076293945, 48.79999923706055]
assets:[0, 99.99880781784057, 204.5950057952881, 289.93138809661866, 455.4356775314331, 596.2035674980164, 720.5686149589538, 844.3226398864746, 1037.0166577651978, 1240.097402030182, 1341.1759946838379, 1023.3039406208039, 885.85575, 1205.0049062129974, 1354.3477936763763, 1343.5193313091277, 1428.9542347194672, 1608.9910347358705, 1692.5610432979583, 1835.9392428188323, 2057.18516444397, 2110.215379690552, 1938.3827995765685, 2002.6861756622313, 2372.2648528671266, 2261.6588931198116, 2303.0828721359253, 2453.48425, 2573.458454636383, 2658.099455855942, 2810.6793497047424, 2441.909678979492, 2590.1276785030363, 2704.912554365158, 2839.998519988632, 2781.4634610557555, 2632.7290047912597, 3114.4338482952116, 3189.1141101413727]
shares:[0, 1.8467, 3.6122, 5.5141, 7.0654, 8.4893, 9.8573, 11.1816, 12.3749, 13.4603, 14.5448, 16.1201, 18.1714, 19.8159, 21.3957, 23.1163, 24.8557, 26.5029, 28.1671, 29.7897, 31.3118, 32.8694, 34.6573, 36.4788, 38.0842, 39.846, 41.6546, 43.4245, 45.1801, 46.9463, 48.6782, 50.7568, 52.7951, 54.8219, 56.8227, 58.9418, 61.269, 63.3015, 65.3507]
growth_rate:-16.08
