ticker:HYLS
price:[47.720001220703125, 47.650001525878906, 47.65999984741211, 46.77000045776367, 47.33000183105469, 47.66999816894531, 47.56999969482422, 47.38999938964844, 47.130001068115234, 47.84000015258789, 48.220001220703125, 48.43000030517578, 48.40999984741211, 48.810001373291016, 48.619998931884766, 48.79999923706055, 48.65999984741211, 48.720001220703125, 48.95000076293945, 49.040000915527344, 48.86000061035156, 48.720001220703125, 49.040000915527344, 49.060001373291016, 49.11000061035156, 48.52000045776367, 48.59000015258789, 48.68000030517578, 48.630001068115234, 48.63999938964844, 48.779998779296875, 48.79999923706055, 48.720001220703125, 48.599998474121094, 48.599998474121094, 48.689998626708984, 48.61000061035156, 48.400001525878906, 48.529998779296875, 48.540000915527344, 48.66999816894531, 48.599998474121094, 48.54999923706055, 48.65999984741211, 48.56999969482422, 48.5, 48.43000030517578, 48.38999938964844, 48.31999969482422, 48.2599983215332, 48.15999984741211, 48.29999923706055]
assets:[0, 99.99829320220947, 200.01948735961912, 296.2832758998871, 399.82965646820065, 502.70396569061285, 601.6510851402282, 699.3721329925537, 795.5355660293579, 907.520018894577, 1014.7272396881104, 1119.1446620521544, 1218.6830181587218, 1328.7546673851014, 1423.5838447257997, 1528.8551760978698, 1624.4703009059904, 1726.4711952575683, 1834.6215535945894, 1937.9970841804507, 2030.8854693695066, 2125.0641412445066, 2239.0242258003236, 2339.936389499664, 2442.3189063537598, 2512.9769757087706, 2616.6006622169493, 2721.4456810607912, 2818.648354909134, 2919.2268433685304, 3027.6281842346193, 3128.8705110832216, 3223.739144772339, 3315.798075894928, 3415.7974327552797, 3522.1225136592866, 3616.3361344070436, 3700.712516670227, 3810.653152148438, 3911.4406457748414, 4021.918303688049, 4116.13313076706, 4211.8969238121035, 4321.441060448837, 4413.449018269348, 4507.09045, 4600.583663990021, 4696.781730758667, 4789.985729747772, 4884.037306134796, 4973.916624240875, 5088.375939624787]
shares:[0, 2.0986, 4.1968, 6.3349, 8.4477, 10.5455, 12.6477, 14.7578, 16.8796, 18.9699, 21.0437, 23.1085, 25.1742, 27.223, 29.2798, 31.329, 33.3841, 35.4366, 37.4795, 39.5187, 41.5654, 43.6179, 45.6571, 47.6954, 49.7316, 51.7926, 53.8506, 55.9048, 57.9611, 60.017, 62.067, 64.1162, 66.1687, 68.2263, 70.2839, 72.3377, 74.3949, 76.461, 78.5216, 80.5818, 82.6365, 84.6941, 86.7538, 88.8089, 90.8678, 92.9297, 94.9945, 97.061, 99.1305, 101.2026, 103.279, 105.3494]
growth_rate:-0.23
