ticker:HYMC
price:[8.829999923706055, 10.850000381469727, 11.600000381469727, 10.899999618530273, 7.579999923706055, 7.539999961853027, 7.989999771118164, 8.319999694824219, 8.170000076293945, 8.149999618530273, 7.800000190734863, 7.760000228881836, 7.630000114440918, 7.429999828338623, 6.829999923706055, 7.949999809265137, 7.730000019073486, 7.849999904632568, 7.900000095367432, 7.239999771118164, 7.0, 6.849999904632568, 7.420000076293945, 6.96999979019165, 7.010000228881836, 6.989999771118164, 6.0, 6.699999809265137, 7.21999979019165, 4.039999961853027, 3.950000047683716, 4.0, 4.0, 3.9200000762939453, 3.509999990463257, 4.0, 3.5, 3.8499999046325684, 4.019999980926514, 3.7899999618530273, 3.6500000953674316, 3.0399999618530273, 3.1700000762939453, 2.880000114440918, 2.869999885559082, 2.240000009536743, 2.2799999713897705, 2.299999952316284, 1.899999976158142, 1.850000023841858, 1.5800000429153442, 1.9600000381469727]
assets:[0, 100.00011351585388, 206.91268680438995, 294.42642969589235, 304.74783293266296, 403.1396699604034, 527.1993608978271, 648.9732881958007, 737.2730618848801, 835.4678708950042, 899.5888419978143, 994.9755893468857, 1078.3074771733284, 1150.042864429617, 1157.1727370738984, 1446.9285852855683, 1506.8877497181893, 1630.2809151941776, 1740.6646910130023, 1695.2423264074325, 1739.0464000000002, 1801.7808199151516, 2051.7101570961, 2027.280198975563, 2138.914402837181, 2232.8121318883896, 2016.5772000000002, 2351.8446530479428, 2634.375763446808, 1574.082965137005, 1639.0169697859287, 1759.764, 1859.764, 1922.568741418457, 1821.483607050991, 2175.7648, 2003.7941, 2304.17335292387, 2505.9160321103095, 2462.5426212141037, 2471.5782195775505, 2158.5197489141465, 2350.824823578453, 2235.7651128413204, 2328.001842171192, 1916.977224161482, 2051.2088142607213, 2169.201945027995, 1891.9494862591623, 1942.1614750295878, 1758.7108457694171, 2281.691904407978]
shares:[0, 9.2166, 17.8373, 27.0116, 40.2042, 53.4668, 65.9824, 78.0016, 90.2415, 102.5114, 115.3319, 128.2185, 141.3247, 154.7837, 169.425, 182.0036, 194.9402, 207.6791, 220.3373, 234.1495, 248.4352, 263.0337, 276.5108, 290.858, 305.1233, 319.4295, 336.0962, 351.0216, 364.872, 389.6245, 414.941, 439.941, 464.941, 490.4512, 518.9412, 543.9412, 572.5126, 598.4866, 623.3622, 649.7474, 677.1447, 710.0394, 741.5851, 776.3073, 811.1505, 855.7934, 899.653, 943.1313, 995.7629, 1049.817, 1113.1081, 1164.1285]
growth_rate:-55.26
