ticker:HYMCL
price:[1.5499999523162842, 1.7999999523162842, 2.1700000762939453, 2.4000000953674316, 2.069999933242798, 1.8600000143051147, 1.8200000524520874, 2.25, 2.2899999618530273, 1.5199999809265137, 1.9199999570846558, 1.7000000476837158, 1.559999942779541, 1.649999976158142, 1.659999966621399, 1.8200000524520874, 1.7899999618530273, 1.850000023841858, 1.8600000143051147, 1.5199999809265137, 1.600000023841858, 1.2999999523162842, 1.465000033378601, 1.5499999523162842, 0.949999988079071, 0.6499999761581421, 0.6510000228881836, 0.6639999747276306, 0.6399999856948853, 0.8500000238418579, 0.6600000262260437, 0.6899999976158142, 0.7099999785423279, 0.8289999961853027, 0.8999999761581421, 0.8700000047683716, 0.699999988079071, 0.9300000071525574, 0.7799999713897705, 0.7900000214576721, 0.699999988079071, 0.7049999833106995, 0.6800000071525574, 0.6690000295639038, 0.44999998807907104, 0.5299999713897705, 0.4699999988079071]
assets:[0, 100.00007735090256, 220.55555275440216, 343.9324936666489, 396.64179520835876, 456.4027115101576, 546.587693752563, 775.726425, 889.5170511823654, 690.4218393363476, 972.1117222716093, 960.7239169475794, 981.6054719949245, 1138.2366435529232, 1245.1350989633322, 1465.1482722253204, 1540.997363159561, 1692.6510468140245, 1801.800427857506, 1572.4390682684898, 1755.1990661545037, 1526.099194023013, 1819.7965249622941, 2025.381837691784, 1341.3631231681109, 1017.7747726682423, 1119.3406365543367, 1241.692967140174, 1296.8125150139808, 1822.3292461149574, 1514.9850482000945, 1683.84791118173, 1832.6550686133623, 2239.81846899333, 2531.6484529342174, 2547.260224961245, 2149.519643393898, 2955.7904717327533, 2579.0499374010087, 2712.1148666654053, 2503.1396173717853, 2621.0191869532227, 2628.0753156433225, 2685.562403278184, 1906.4319694967985, 2345.3531703941585, 2179.8416174711197]
shares:[0, 55.5556, 101.6385, 143.3052, 191.6144, 245.3778, 300.3229, 344.7673, 388.4354, 454.2249, 506.3082, 565.1317, 629.2343, 689.8404, 750.0814, 805.0265, 860.8924, 914.9465, 968.7099, 1034.4994, 1096.9994, 1173.9225, 1242.1819, 1306.698, 1411.9612, 1565.8074, 1719.4172, 1870.0196, 2026.2696, 2143.9167, 2295.4318, 2440.3593, 2581.2044, 2701.8317, 2812.9428, 2927.8853, 3070.7424, 3178.2693, 3306.4744, 3433.0567, 3575.9138, 3717.7578, 3864.8166, 4014.2934, 4236.5156, 4425.1949, 4637.9609]
growth_rate:-52.61
