ticker:HYRE
price:[3.4600000381469727, 3.5199999809265137, 3.5399999618530273, 3.319999933242798, 3.609999895095825, 3.9800000190734863, 3.8399999141693115, 3.880000114440918, 3.430000066757202, 4.449999809265137, 5.710000038146973, 5.980000019073486, 6.260000228881836, 7.170000076293945, 7.090000152587891, 7.550000190734863, 7.440000057220459, 7.139999866485596, 7.860000133514404, 8.09000015258789, 7.909999847412109, 9.84000015258789, 12.949999809265137, 11.649999618530273, 11.720000267028809, 10.289999961853027, 8.289999961853027, 10.270000457763672, 10.5, 9.199999809265137, 10.100000381469727, 12.15999984741211, 11.859999656677246, 13.65999984741211, 13.399999618530273, 12.989999771118164, 12.90999984741211, 17.3700008392334, 16.40999984741211, 16.959999084472656, 18.979999542236328, 20.700000762939453, 20.360000610351562, 19.709999084472656, 20.90999984741211, 16.989999771118164, 16.459999084472656, 17.479999542236328, 18.600000381469727, 9.789999961853027, 8.75, 11.670000076293945]
assets:[0, 100.00003145813942, 200.56825583868027, 288.10361820693015, 413.26917799067496, 555.6263106627465, 636.081777782464, 742.7076819062233, 756.5688347249031, 1081.5542086426735, 1487.7918999395372, 1658.1427772887232, 1835.781375120926, 2202.644099437714, 2278.068097027588, 2525.869173810768, 2589.068683912325, 2584.670669667959, 2945.309468030691, 3131.4950570640563, 3161.819943006897, 4033.2881425437927, 5408.036470347404, 4965.144792420388, 5094.978288084126, 4573.321540045834, 3784.4347225856777, 4788.316850429153, 4995.55245, 4477.055707181454, 5015.0289394140245, 6137.896114979553, 6086.4676178092, 7110.214330575944, 7074.880878593062, 6958.41033339386, 7015.555990080643, 9539.211898888016, 9112.00030727234, 9517.398590235902, 10750.956918706132, 11825.227335842133, 11730.996647671507, 11456.480329847718, 12253.983396578216, 10056.727460520171, 9843.008674518585, 10552.964143640518, 11329.126312350463, 6063.018443375302, 5518.939125, 7460.688231775092]
shares:[0, 28.4091, 56.6577, 86.7782, 114.479, 139.6046, 165.6463, 191.4195, 220.574, 243.0459, 260.559, 277.2814, 293.2558, 307.2028, 321.3072, 334.5522, 347.9931, 361.9987, 374.7213, 387.0822, 399.7244, 409.887, 417.609, 426.1927, 434.7251, 444.4433, 456.506, 466.2431, 475.7669, 486.6365, 496.5375, 504.7612, 513.1929, 520.5135, 527.9762, 535.6744, 543.4203, 549.1774, 555.2712, 561.1674, 566.4361, 571.267, 576.1786, 581.2522, 586.0346, 591.9204, 597.9957, 603.7165, 609.0928, 619.3073, 630.7359, 639.3049]
growth_rate:46.29
