ticker:HYW
price:[9.899999618530273, 9.630000114440918, 7.53000020980835, 7.059000015258789, 7.099999904632568, 7.010000228881836, 7.670000076293945, 7.400000095367432, 7.199999809265137, 7.328000068664551, 8.010000228881836, 7.625, 7.880000114440918, 7.75, 7.541999816894531, 7.218999862670898, 7.400000095367432, 7.050000190734863, 6.559999942779541, 6.400000095367432, 6.199999809265137, 6.75, 7.195000171661377, 7.199999809265137]
assets:[0, 99.99984718837737, 178.19293696498872, 267.0469118772507, 368.5979150489807, 463.9253201475143, 607.6043670438767, 686.2153288435936, 767.6690196637154, 881.3165842580795, 1063.338744384384, 1112.229775, 1249.4260261453628, 1328.81345, 1393.1499099769592, 1433.4854655303955, 1569.426800225973, 1595.1971981574059, 1584.3252661805154, 1645.6832245225905, 1694.2553478784562, 1944.55215, 2172.7483103383543, 2274.258179752731]
shares:[0, 10.3842, 23.6644, 37.8307, 51.9152, 66.1805, 79.2183, 92.7318, 106.6207, 120.267, 132.7514, 145.8662, 158.5566, 171.4598, 184.7189, 198.5712, 212.0847, 226.2691, 241.513, 257.138, 273.267, 288.0818, 301.9803, 315.8692]
growth_rate:-1.12
