ticker:HYXF
price:[51.10100173950195, 51.2599983215332, 51.10900115966797, 50.58100128173828, 51.119998931884766, 51.6349983215332, 51.52899932861328, 51.689998626708984, 51.18000030517578, 52.040000915527344, 52.05500030517578, 52.36000061035156, 52.52000045776367, 52.41999816894531, 52.220001220703125, 52.21699905395508, 52.45000076293945, 52.65999984741211, 52.58000183105469, 52.31800079345703, 52.44499969482422, 52.2599983215332, 52.540000915527344, 52.645999908447266, 52.5, 51.90999984741211, 51.84000015258789, 51.70500183105469, 51.5, 51.97999954223633, 51.97800064086914, 52.07500076293945, 52.15999984741211, 52.20000076293945, 52.220001220703125, 52.16600036621094, 52.03499984741211, 51.99399948120117, 52.06999969482422, 52.09700012207031, 52.29999923706055, 52.20199966430664, 52.50199890136719, 52.52000045776367, 52.529998779296875, 52.400001525878906, 52.61600112915039, 52.61000061035156, 52.404998779296875, 52.40999984741211, 52.36600112915039, 52.67900085449219]
assets:[0, 99.99800472564698, 199.70331113128663, 297.63884394226073, 400.8114636253357, 504.8508690891266, 603.8168141326904, 705.7028752510071, 798.7406747627258, 912.1623400474548, 1012.4229064353943, 1118.357253036499, 1221.7727706489563, 1319.4480479110719, 1414.4152870635985, 1514.3347461639405, 1621.0931535804748, 1727.5850189941405, 1824.9624775527955, 1915.8694936561585, 2020.522280742645, 2113.3943321228026, 2224.717020766449, 2329.206444749451, 2422.749, 2495.52133266449, 2592.1555276298523, 2685.402680099487, 2774.7530500000003, 2900.613924455643, 3000.5028561950685, 3106.1019480068207, 3211.173014606094, 3313.635168431091, 3414.9060918273926, 3511.376950250244, 3602.5599584358215, 3699.7214228839875, 3805.1297816986084, 3907.103089054871, 4022.324951323318, 4114.786082139206, 4238.433869308472, 4339.885197826386, 4440.7127478057855, 4529.7233719047545, 4648.397450955581, 4747.868420082093, 4829.36694100647, 4929.826092647171, 5025.68557016716, 5155.725421029663]
shares:[0, 1.9508, 3.9074, 5.8844, 7.8406, 9.7773, 11.718, 13.6526, 15.6065, 17.5281, 19.4491, 21.359, 23.263, 25.1707, 27.0857, 29.0008, 30.9074, 32.8064, 34.7083, 36.6197, 38.5265, 40.44, 42.3433, 44.2428, 46.1476, 48.074, 50.003, 51.937, 53.8787, 55.8025, 57.7264, 59.6467, 61.5639, 63.4796, 65.3946, 67.3116, 69.2334, 71.1567, 73.0772, 74.9967, 76.9087, 78.8243, 80.729, 82.633, 84.5367, 86.4451, 88.3457, 90.2465, 92.1547, 94.0627, 95.9723, 97.8706]
growth_rate:1.09
