ticker:HYZD
price:[21.079999923706055, 21.049999237060547, 21.049999237060547, 20.59000015258789, 20.760000228881836, 21.079999923706055, 21.079999923706055, 21.260000228881836, 20.860000610351562, 21.34000015258789, 21.360000610351562, 21.399999618530273, 21.540000915527344, 21.780000686645508, 21.729999542236328, 21.760000228881836, 21.75, 21.81999969482422, 21.950000762939453, 21.8799991607666, 22.020000457763672, 21.700000762939453, 22.049999237060547, 22.1200008392334, 22.139999389648438, 22.280000686645508, 22.059999465942383, 22.049999237060547, 21.979999542236328, 21.989999771118164, 22.1200008392334, 22.170000076293945, 22.110000610351562, 22.170000076293945, 22.149999618530273, 22.18000030517578, 22.139999389648438, 22.09000015258789, 22.06999969482422, 22.100000381469727, 22.190000534057617, 22.229999542236328, 22.209999084472656, 22.31999969482422, 22.25, 22.15999984741211, 22.170000076293945, 22.110000610351562, 22.09000015258789, 22.1200008392334, 22.030000686645508, 22.200000762939453]
assets:[0, 100.00012637557984, 200.00025275115968, 295.62916319084167, 398.07092838878634, 504.206194175148, 604.2054978132248, 709.3654196369171, 796.0197092910767, 914.335780537796, 1015.1917010086061, 1117.0928200870515, 1224.4004260414124, 1338.0434521837235, 1434.970941770935, 1536.9523361663819, 1636.2459749999998, 1741.5130896430971, 1851.8886393680573, 1945.9830573595048, 2058.4340467918396, 2128.5205248355865, 2262.850301704407, 2370.034217919159, 2472.1766858474734, 2587.8087117534637, 2662.255885548592, 2761.047984466553, 2852.28299659729, 2953.5802222578045, 3071.0413765153885, 3177.9830479364396, 3269.381469252014, 3378.253526625633, 3475.206470149613, 3579.9141532562257, 3673.457628730774, 3765.161002008057, 3861.751164601135, 3967.0008984746933, 4083.1553702713013, 4190.5149697082525, 4286.745260294342, 4407.976739730835, 4494.1529, 4575.973488491059, 4678.0385080986025, 4765.377275549316, 4861.065790578079, 4967.667760473442, 5047.456479322434, 5186.406358239365]
shares:[0, 4.7506, 9.5012, 14.3579, 19.1749, 23.9187, 28.6625, 33.3662, 38.1601, 42.8461, 47.5277, 52.2006, 56.8431, 61.4345, 66.0364, 70.632, 75.2297, 79.8127, 84.3685, 88.9389, 93.4802, 98.0885, 102.6236, 107.1444, 111.6611, 116.1494, 120.6825, 125.2176, 129.7672, 134.3147, 138.8355, 143.3461, 147.8689, 152.3795, 156.8942, 161.4028, 165.9195, 170.4464, 174.9774, 179.5023, 184.0088, 188.5072, 193.0097, 197.49, 201.9844, 206.497, 211.0076, 215.5304, 220.0573, 224.5781, 229.1174, 233.6219]
growth_rate:1.69
