ticker:HZNP
price:[71.52999877929688, 70.54000091552734, 79.93000030517578, 78.25, 79.81999969482422, 84.38999938964844, 79.62999725341797, 77.44000244140625, 74.93000030517578, 75.47000122070312, 72.3499984741211, 70.1500015258789, 70.55000305175781, 71.72000122070312, 75.56999969482422, 69.68000030517578, 68.91999816894531, 73.1500015258789, 79.54000091552734, 78.72000122070312, 77.7300033569336, 72.4800033569336, 85.22000122070312, 90.52999877929688, 88.87000274658203, 90.91000366210938, 88.6500015258789, 91.77999877929688, 89.58000183105469, 83.01000213623047, 90.5, 91.4800033569336, 93.2699966430664, 94.62999725341797, 94.62000274658203, 87.93000030517578, 92.13999938964844, 93.9800033569336, 91.66000366210938, 89.25, 93.29000091552734, 94.61000061035156, 95.91999816894531, 95.87000274658203, 95.27999877929688, 93.45999908447266, 101.05000305175781, 100.0199966430664, 105.95999908447266, 106.72000122070312, 105.02999877929688, 108.2300033569336]
assets:[0, 99.99750529785156, 213.3091918144226, 308.829275, 415.0240884132385, 538.7879511032105, 608.3970680152893, 691.663125805664, 769.2463691329956, 874.7878781494142, 938.6254702041626, 1010.0828569709778, 1115.8400132675172, 1234.344253009033, 1400.6068173439025, 1391.4399260940552, 1476.2663607788088, 1666.8763997703552, 1912.4836440132142, 1992.7653429016111, 2067.7035922981263, 2028.0484779296874, 2484.520959588623, 2739.3291270629884, 2789.0961661987303, 2953.1205589599613, 2979.703851287842, 3184.9128056396485, 3208.5675475845337, 3073.246105088806, 3450.5478000000003, 3587.9097676612855, 3758.118647739411, 3912.912534429932, 4012.503146472931, 3828.806347288513, 4112.125246760559, 4294.247089389038, 4288.239943328857, 4275.48555, 4569.0177298393255, 4733.669465538024, 4899.209826477051, 4996.658260149384, 5065.904143096924, 5069.139506343078, 5580.809778543091, 5623.924371246338, 6057.923875657653, 6201.371206933594, 6203.166254904175, 6492.165928365326]
shares:[0, 1.4176, 2.6687, 3.9467, 5.1995, 6.3845, 7.6403, 8.9316, 10.2662, 11.5912, 12.9734, 14.3989, 15.8163, 17.2106, 18.5339, 19.969, 21.42, 22.7871, 24.0443, 25.3146, 26.6011, 27.9808, 29.1542, 30.2588, 31.384, 32.484, 33.612, 34.7016, 35.8179, 37.0226, 38.1276, 39.2207, 40.2929, 41.3496, 42.4065, 43.5438, 44.6291, 45.6932, 46.7842, 47.9046, 48.9765, 50.0335, 51.076, 52.1191, 53.1686, 54.2386, 55.2282, 56.228, 57.1718, 58.1088, 59.0609, 59.9849]
growth_rate:27.3
