ticker:IAC
price:[83.96540069580078, 81.11111450195312, 78.21024322509766, 76.71324157714844, 82.16899871826172, 83.22688293457031, 82.76114654541016, 86.03459930419922, 80.3193588256836, 92.88090515136719, 90.05988311767578, 91.72322082519531, 142.47999572753906, 145.42999267578125, 148.72999572753906, 164.0, 179.47999572753906, 189.35000610351562, 127.3985366821289, 131.51031494140625, 133.41317749023438, 139.68728637695312, 165.37591552734375, 174.5509033203125, 174.41783142089844, 162.8942108154297, 156.62008666992188, 160.2461700439453, 161.03126525878906, 145.329345703125, 150.82501220703125, 160.5189666748047, 165.26280212402344, 166.54690551757812, 168.64271545410156, 160.6121063232422, 151.88955688476562, 165.83499145507812, 159.47000122070312, 153.16000366210938, 152.86000061035156, 149.3000030517578, 152.4600067138672, 151.07000732421875, 144.14999389648438, 135.11000061035156, 140.8000030517578, 137.2899932861328, 130.07000732421875, 124.27999877929688, 129.1300048828125, 132.77000427246094]
assets:[0, 100.00189306945802, 196.42502585983274, 292.668687940979, 413.48261845016475, 518.8030974609375, 615.9001764762879, 740.2588993331909, 791.0814289459229, 1014.7981935028076, 1083.978765180969, 1203.9956858398439, 1970.2561249191285, 2111.047230682373, 2258.9557941085814, 2590.8884, 2935.4491741226198, 3196.871893048096, 2250.915565660858, 2423.5641409606933, 2558.6379418609617, 2778.9668126403812, 3390.024354803467, 3678.1017245849607, 3775.291402888489, 3625.8622385406493, 3586.208434524536, 3769.2302886886596, 3887.697321510315, 3608.614851416016, 3845.072531201172, 4192.2096450592035, 4416.103019517517, 4550.411207241821, 4707.67826617279, 4583.500106620789, 4434.582691763306, 4941.733493869018, 4852.066151141357, 4760.075069815063, 4850.752257368469, 4837.782928886414, 5040.175361953735, 5094.2166099792485, 4960.864379949951, 4749.751538456726, 5049.7780294509885, 5023.893911317444, 4859.688620648193, 4743.35742940979, 5028.46443314209, 5270.212380592346]
shares:[0, 1.2329, 2.5115, 3.8151, 5.0321, 6.2336, 7.4419, 8.6042, 9.8492, 10.9258, 12.0362, 13.1264, 13.8283, 14.5159, 15.1883, 15.7981, 16.3553, 16.8834, 17.6683, 18.4287, 19.1783, 19.8942, 20.4989, 21.0718, 21.6451, 22.259, 22.8975, 23.5215, 24.1425, 24.8306, 25.4936, 26.1166, 26.7217, 27.3221, 27.9151, 28.5377, 29.1961, 29.7991, 30.4262, 31.0791, 31.7333, 32.4031, 33.059, 33.7209, 34.4146, 35.1547, 35.8649, 36.5933, 37.3621, 38.1667, 38.9411, 39.6943]
growth_rate:3.34
