ticker:IART
price:[45.630001068115234, 43.38999938964844, 46.619998931884766, 46.95000076293945, 47.22999954223633, 49.79999923706055, 48.459999084472656, 49.06999969482422, 44.099998474121094, 48.95000076293945, 56.130001068115234, 54.529998779296875, 55.619998931884766, 56.38999938964844, 58.279998779296875, 62.75, 66.38999938964844, 64.91999816894531, 65.95999908447266, 67.69000244140625, 69.30000305175781, 66.04000091552734, 68.16999816894531, 69.1500015258789, 68.22000122070312, 68.33999633789062, 66.19999694824219, 68.0999984741211, 66.7699966430664, 68.83000183105469, 68.08000183105469, 70.12000274658203, 72.25, 74.62999725341797, 74.08000183105469, 74.22000122070312, 70.79000091552734, 70.29000091552734, 69.05000305175781, 67.55999755859375, 70.41999816894531, 68.72000122070312, 70.04000091552734, 69.9000015258789, 68.44000244140625, 67.22000122070312, 68.5, 72.38999938964844, 71.43000030517578, 71.02999877929688, 71.37999725341797, 73.05000305175781]
assets:[0, 100.00093159332275, 207.44500924720765, 308.91222501983646, 410.7545830188751, 533.1040118328094, 618.7614983100891, 726.5500434814453, 752.9633739471436, 935.7722695850373, 1173.0328273220061, 1239.5977442504882, 1364.375259798813, 1483.2656269454956, 1632.9822537963867, 1858.2283, 2066.0235860061644, 2120.280648197937, 2254.2489287109374, 2413.3719640441896, 2570.7737032089235, 2549.8374553489684, 2732.0762846160887, 2871.3500883598326, 2932.7300984771728, 3037.8905212097166, 3042.7636997314453, 3230.091887625122, 3267.009196747589, 3467.8069182525633, 3530.0229829422, 3735.7974103302004, 3949.2789249999996, 4179.36940218811, 4248.5695930130005, 4356.59531965332, 4255.257745033264, 4325.2038293357855, 4348.9003872055055, 4355.059318621827, 4639.424403366089, 4627.426210198974, 4816.314670956421, 4906.686527110291, 4904.198410943603, 4916.780101287842, 5110.40825, 5500.619254621887, 5527.674860616303, 5596.723517816163, 5724.304603738404, 5958.228533912658]
shares:[0, 2.3047, 4.4497, 6.5796, 8.6969, 10.7049, 12.7685, 14.8064, 17.074, 19.1169, 20.8985, 22.7324, 24.5303, 26.3037, 28.0196, 29.6132, 31.1195, 32.6599, 34.176, 35.6533, 37.0963, 38.6105, 40.0774, 41.5235, 42.9893, 44.4526, 45.9632, 47.4316, 48.9293, 50.3822, 51.8511, 53.2772, 54.6613, 56.0012, 57.3511, 58.6984, 60.111, 61.5337, 62.9819, 64.4621, 65.8822, 67.3374, 68.7652, 70.1958, 71.6569, 73.1446, 74.6045, 75.9859, 77.3859, 78.7938, 80.1948, 81.5637]
growth_rate:16.83
