ticker:IBB
price:[129.27999877929688, 127.79000091552734, 136.32000732421875, 133.47000122070312, 133.8699951171875, 142.52999877929688, 139.7100067138672, 136.49000549316406, 130.6199951171875, 137.74000549316406, 141.05999755859375, 138.8699951171875, 143.22000122070312, 147.8000030517578, 150.19000244140625, 155.75, 156.1199951171875, 151.49000549316406, 158.22999572753906, 161.7100067138672, 164.69000244140625, 160.63999938964844, 169.0500030517578, 170.72000122070312, 166.30999755859375, 156.92999267578125, 150.14999389648438, 154.75, 155.88999938964844, 149.13999938964844, 151.52000427246094, 148.72999572753906, 153.25999450683594, 155.30999755859375, 154.63999938964844, 149.7100067138672, 149.67999267578125, 151.3800048828125, 151.9499969482422, 153.02000427246094, 162.11000061035156, 158.77000427246094, 163.1300048828125, 164.74000549316406, 163.14999389648438, 160.67999267578125, 166.72000122070312, 165.77999877929688, 172.1199951171875, 169.39999389648438, 167.16000366210938, 171.80999755859375]
assets:[0, 99.99567571640014, 206.67476310424806, 302.34959376525876, 403.25658629150394, 529.3421624664306, 618.8734167404175, 704.6160043579101, 774.3153310546875, 916.5219965515137, 1038.6106560241699, 1122.4861705322267, 1257.6434747192384, 1397.862868862915, 1520.4635087158204, 1676.757775, 1780.735888305664, 1827.9238532821655, 2009.2519547470092, 2153.443646406555, 2293.1271249938964, 2336.733687121582, 2559.0620411972045, 2684.3500831939696, 2715.010710144043, 2661.8779217651368, 2646.874122406006, 2827.9634, 2948.799639454651, 2921.1156840454105, 3067.7346145019533, 3111.2530346252443, 3306.0173195053103, 3450.2426577636716, 3535.3642020462034, 3522.6614869766236, 3621.956462768555, 3763.0949893798825, 3877.2624871292114, 4004.5641158111575, 4342.456797349548, 4352.981330137634, 4572.517723864747, 4717.6430633071905, 4772.104691473389, 4799.864877209473, 5080.291877197265, 5151.646618066406, 5448.66498942871, 5462.556903182983, 5490.320172280884, 5743.041245391845]
shares:[0, 0.7825, 1.5161, 2.2653, 3.0123, 3.7139, 4.4297, 5.1624, 5.928, 6.654, 7.3629, 8.083, 8.7812, 9.4578, 10.1236, 10.7657, 11.4062, 12.0663, 12.6983, 13.3167, 13.9239, 14.5464, 15.1379, 15.7237, 16.325, 16.9622, 17.6282, 18.2744, 18.9159, 19.5864, 20.2464, 20.9188, 21.5713, 22.2152, 22.8619, 23.5299, 24.198, 24.8586, 25.5167, 26.1702, 26.7871, 27.4169, 28.0299, 28.6369, 29.2498, 29.8722, 30.472, 31.0752, 31.6562, 32.2465, 32.8447, 33.4267]
growth_rate:12.61
