ticker:IBCP
price:[15.069999694824219, 14.010000228881836, 13.739999771118164, 12.40999984741211, 13.079999923706055, 14.180000305175781, 13.920000076293945, 15.170000076293945, 14.970000267028809, 14.779999732971191, 16.670000076293945, 16.940000534057617, 17.850000381469727, 18.040000915527344, 18.18000030517578, 18.420000076293945, 18.56999969482422, 18.469999313354492, 19.770000457763672, 20.270000457763672, 20.1299991607666, 18.360000610351562, 20.31999969482422, 20.40999984741211, 20.65999984741211, 20.670000076293945, 22.309999465942383, 24.280000686645508, 23.850000381469727, 23.790000915527344, 23.760000228881836, 24.18000030517578, 23.780000686645508, 23.18000030517578, 23.559999465942383, 23.65999984741211, 23.729999542236328, 23.559999465942383, 23.299999237060547, 23.190000534057617, 22.399999618530273, 21.100000381469727, 22.1200008392334, 21.719999313354492, 21.18000030517578, 20.579999923706055, 20.110000610351562, 21.030000686645508, 21.649999618530273, 21.229999542236328, 20.75, 21.209999084472656]
assets:[0, 100.00057963371277, 198.07308870048524, 278.8998545707703, 393.957825702095, 527.0890453437805, 617.4243873840333, 772.869027886963, 862.6791993881226, 951.7300008051873, 1173.432978370476, 1292.4390347459794, 1461.8668362413407, 1577.4267000541688, 1689.6674083633422, 1811.9735655050279, 1926.7284613365175, 2016.3532020395278, 2258.2737732891082, 2415.3874435474395, 2498.704587827301, 2378.9970790863035, 2732.9647749549863, 2845.070297729874, 2979.919869991302, 3081.361658373451, 3425.8432019920347, 3828.3491082668306, 3860.5494767477035, 3950.836379042816, 4045.855214974022, 4217.371679227447, 4247.605124649239, 4240.433355827332, 4409.948920035362, 4528.6659307937625, 4642.064883452225, 4708.809869260788, 4756.843964241028, 4834.386945334244, 4769.696878772545, 4592.883503035355, 4914.909346471787, 4926.03285627079, 4903.561900653839, 4864.65098996582, 4853.554680308533, 5175.596730987168, 5428.18099935627, 5422.876441071319, 5400.268424999999, 5619.98588441391]
shares:[0, 7.1378, 14.4158, 22.4738, 30.1191, 37.1713, 44.3552, 50.9472, 57.6272, 64.3931, 70.3919, 76.2951, 81.8973, 87.4405, 92.941, 98.3699, 103.7549, 109.1691, 114.2273, 119.1607, 124.1284, 129.575, 134.4963, 139.3959, 144.2362, 149.0741, 153.5564, 157.675, 161.8679, 166.0713, 170.2801, 174.4157, 178.6209, 182.935, 187.1795, 191.406, 195.6201, 199.8646, 204.1564, 208.4686, 212.9329, 217.6722, 222.193, 226.7971, 231.5185, 236.3776, 241.3503, 246.1054, 250.7243, 255.4346, 260.2539, 264.9687]
growth_rate:10.2
