ticker:IBEX
price:[12.220000267028809, 11.1899995803833, 9.34000015258789, 13.75, 15.260000228881836, 17.0, 15.789999961853027, 15.899999618530273, 15.109999656677246, 15.140000343322754, 15.800000190734863, 18.780000686645508, 20.0, 21.760000228881836, 20.15999984741211, 21.81999969482422, 20.079999923706055, 18.700000762939453, 18.299999237060547, 19.719999313354492, 20.329999923706055, 18.420000076293945, 19.100000381469727, 20.149999618530273, 22.649999618530273, 22.010000228881836, 21.100000381469727, 22.559999465942383, 20.440000534057617, 21.06999969482422, 22.739999771118164, 22.700000762939453, 24.950000762939453, 24.75, 23.100000381469727, 24.0, 22.760000228881836, 22.0, 21.739999771118164, 21.1200008392334, 20.309999465942383, 19.09000015258789, 20.600000381469727, 20.100000381469727, 20.170000076293945, 21.0, 21.940000534057617, 20.6299991607666, 20.3799991607666, 19.290000915527344, 18.610000610351562, 18.690000534057617]
assets:[0, 100.00055025005341, 183.46749099731446, 370.09362500000003, 510.73694766044616, 668.9738, 721.3582532572747, 826.3834001735687, 885.3235888840676, 987.0810883835793, 1130.1108136425019, 1443.2580767692566, 1637.016, 1881.0736837860106, 1842.7590580524445, 2094.4952247062683, 2027.4735762966156, 1988.1354611137392, 2045.6086847171782, 2304.339107763481, 2475.6186517095566, 2343.0350617046356, 2529.5314705204014, 2768.589797586441, 3212.087045902252, 3221.326407498551, 3188.1404276388166, 3508.7409249383927, 3279.0196336744307, 3480.0854955947875, 3855.914883189583, 3949.132752729034, 4440.566205786896, 4504.97025, 4304.638871086121, 4572.352800000001, 4436.115228610993, 4387.9858, 4436.127391295814, 4409.613295222282, 4340.494667865371, 4179.765078409195, 4610.381025374794, 4598.478087272644, 4714.493460832787, 5008.4958, 5332.686067806816, 5114.279941949844, 5152.304271831894, 4976.739218202209, 4901.302833747864, 5022.373205511856]
shares:[0, 8.9366, 19.6432, 26.9159, 33.469, 39.3514, 45.6845, 51.9738, 58.5919, 65.1969, 71.526, 76.8508, 81.8508, 86.4464, 91.4067, 95.9897, 100.9698, 106.3174, 111.7819, 116.8529, 121.7717, 127.2006, 132.4362, 137.399, 141.814, 146.3574, 151.0967, 155.5293, 160.4217, 165.1678, 169.5653, 173.9706, 177.9786, 182.019, 186.348, 190.5147, 194.9084, 199.4539, 204.0537, 208.7885, 213.7122, 218.9505, 223.8049, 228.78, 233.7379, 238.4998, 243.0577, 247.905, 252.8118, 257.9958, 263.3693, 268.7198]
growth_rate:-1.52
