ticker:IBKR
price:[51.88999938964844, 47.36000061035156, 48.060001373291016, 47.470001220703125, 48.93000030517578, 50.65999984741211, 50.439998626708984, 49.40999984741211, 47.56999969482422, 48.70000076293945, 53.58000183105469, 52.97999954223633, 54.11000061035156, 55.06999969482422, 55.09000015258789, 59.150001525878906, 61.08000183105469, 60.91999816894531, 69.87999725341797, 69.0199966430664, 68.8499984741211, 61.189998626708984, 71.91999816894531, 72.66999816894531, 74.52999877929688, 72.38999938964844, 75.19999694824219, 78.87999725341797, 78.45999908447266, 73.0, 73.66999816894531, 74.47000122070312, 76.55000305175781, 73.30000305175781, 71.5199966430664, 69.5999984741211, 69.04000091552734, 67.16000366210938, 67.26000213623047, 68.2300033569336, 65.47000122070312, 63.2599983215332, 66.62000274658203, 65.55000305175781, 65.30000305175781, 62.970001220703125, 60.83000183105469, 61.86000061035156, 63.5099983215332, 63.209999084472656, 61.959999084472656, 65.23999786376953]
assets:[0, 100.00064128875732, 201.47713775711057, 299.0040436889648, 408.1985275459289, 522.6288224258423, 620.3615431098938, 707.694486814499, 781.3420019874573, 899.9029640979767, 1090.0797792526246, 1177.8725418228148, 1302.995869697571, 1426.1147400970458, 1526.6320482284546, 1739.1401748641968, 1895.8866088348389, 1990.920368159485, 2383.7394783088685, 2454.4062966247557, 2548.358763522339, 2364.8404719257355, 2879.5256946884156, 3009.5553041687012, 3186.5822688079834, 3195.084642060852, 3419.110741246033, 3686.4251196395876, 3766.793942046356, 3604.667, 3737.7504950988773, 3878.3380875732423, 4086.660187919617, 4013.16050708313, 4015.704771514893, 4007.9019921325685, 4075.6521820465086, 4064.6711736389157, 4170.725472465515, 4330.872171080017, 4255.681019348144, 4212.027816242981, 4535.749604998016, 4562.902937431335, 4645.500987104798, 4579.7452187805175, 4524.103643180847, 4700.710516380311, 4926.095860811233, 5002.824908539582, 5003.889526062012, 5368.782096203613]
shares:[0, 2.1115, 4.1922, 6.2988, 8.3425, 10.3164, 12.299, 14.3229, 16.4251, 18.4785, 20.3449, 22.2324, 24.0805, 25.8964, 27.7116, 29.4022, 31.0394, 32.6809, 34.1119, 35.5608, 37.0132, 38.6475, 40.0379, 41.414, 42.7557, 44.1371, 45.4669, 46.7346, 48.0091, 49.379, 50.7364, 52.0792, 53.3855, 54.7498, 56.148, 57.5848, 59.0332, 60.5222, 62.009, 63.4746, 65.002, 66.5828, 68.0839, 69.6095, 71.1409, 72.729, 74.3729, 75.9895, 77.5641, 79.1461, 80.76, 82.2928]
growth_rate:5.27
