ticker:IBOC
price:[31.280000686645508, 29.610000610351562, 28.649999618530273, 25.65999984741211, 26.459999084472656, 28.540000915527344, 28.100000381469727, 29.079999923706055, 27.68000030517578, 27.600000381469727, 30.770000457763672, 32.02000045776367, 33.619998931884766, 35.349998474121094, 35.61000061035156, 36.2400016784668, 37.7599983215332, 37.439998626708984, 40.189998626708984, 41.54999923706055, 42.18000030517578, 37.810001373291016, 40.15999984741211, 41.56999969482422, 42.380001068115234, 43.58000183105469, 49.02000045776367, 51.599998474121094, 49.61000061035156, 48.83000183105469, 46.790000915527344, 46.16999816894531, 47.25, 48.11000061035156, 47.38999938964844, 49.45000076293945, 50.33000183105469, 48.310001373291016, 46.400001525878906, 46.15999984741211, 46.16999816894531, 43.38999938964844, 44.439998626708984, 42.66999816894531, 41.0099983215332, 39.97999954223633, 38.20000076293945, 39.08000183105469, 42.20000076293945, 42.470001220703125, 41.66999816894531, 42.310001373291016]
assets:[0, 99.9988940612793, 196.7567373802185, 276.22220035743715, 384.83422668457035, 515.0870825233459, 607.1454682422637, 728.3202300891876, 793.2562167457581, 890.9638923143388, 1093.2950402648926, 1237.7075016944887, 1399.553487535858, 1571.5725571632386, 1683.1316058486939, 1812.9097079654694, 1988.947495589447, 2072.09051599617, 2324.2880955791475, 2502.9387140411377, 2640.8898191070557, 2467.2840776138305, 2720.6311576629637, 2916.1521065917973, 3072.973877449036, 3259.9846049713133, 3766.9223271766664, 4065.1820397872925, 4008.4037123153685, 4045.380097695923, 3976.3733638046265, 4023.6830214248657, 4217.804325, 4394.574328752136, 4428.803958959961, 4721.317942842865, 4905.3381334609985, 4808.463521688462, 4718.3558351646425, 4793.951400152969, 4894.989375869751, 4700.25205688324, 4913.99284414711, 4818.27485823822, 4730.827285375595, 4712.0107620483395, 4602.221491916656, 4808.243197285461, 5292.11641567688, 5425.975849957275, 5423.766961669921, 5607.069466993333]
shares:[0, 3.3772, 6.8676, 10.7647, 14.544, 18.0479, 21.6066, 25.0454, 28.6581, 32.2813, 35.5312, 38.6542, 41.6286, 44.4575, 47.2657, 50.0251, 52.6734, 55.3443, 57.8325, 60.2392, 62.61, 65.2548, 67.7448, 70.1504, 72.51, 74.8046, 76.8446, 78.7826, 80.7983, 82.8462, 84.9834, 87.1493, 89.2657, 91.3443, 93.4544, 95.4766, 97.4635, 99.5335, 101.6887, 103.8551, 106.021, 108.3257, 110.5759, 112.9195, 115.3579, 117.8592, 120.477, 123.0359, 125.4056, 127.7602, 130.16, 132.5235]
growth_rate:9.94
