ticker:IBRX
price:[6.599999904632568, 8.489999771118164, 7.179999828338623, 7.039999961853027, 8.739999771118164, 9.220000267028809, 8.579999923706055, 7.510000228881836, 8.109999656677246, 8.050000190734863, 8.319999694824219, 9.670000076293945, 9.4399995803833, 12.350000381469727, 10.260000228881836, 16.010000228881836, 13.329999923706055, 14.270000457763672, 17.25, 17.25, 18.875, 21.440000534057617, 30.540000915527344, 35.529998779296875, 26.780000686645508, 22.399999618530273, 16.8700008392334, 17.3799991607666, 18.739999771118164, 17.75, 16.739999771118164, 15.130000114440918, 15.890000343322754, 17.549999237060547, 17.510000228881836, 15.1899995803833, 13.40999984741211, 14.449999809265137, 13.989999771118164, 13.069999694824219, 10.829999923706055, 10.8100004196167, 10.960000038146973, 10.890000343322754, 11.25, 10.0, 11.319999694824219, 11.380000114440918]
assets:[0, 100.00031130409242, 184.57051158723831, 280.9713264775276, 448.8190902463913, 573.468342608738, 633.6613083654404, 654.6384589513779, 806.9400998395919, 900.9705113473892, 1031.1890821762086, 1298.5098512449263, 1367.6246592078207, 1889.212903354454, 1669.5000552434922, 2705.136092673111, 2352.3090955366133, 2618.1883339881897, 3264.943725, 3364.9437, 3781.9309, 4395.873325498581, 6361.6593227096555, 7501.10400128479, 5753.800979528809, 4912.738796336555, 3799.9069570343017, 4014.781544137001, 4428.942207906914, 4294.969275, 4150.579155250168, 3851.389945131302, 4144.850974554539, 4677.855771642686, 4767.193867314339, 4235.561254994583, 3839.2279753147127, 4236.975479073429, 4202.0964882520675, 4025.7611840011596, 3435.8066457958225, 3529.4618940047267, 3678.4368608030322, 3754.9429033799174, 3979.07325, 3636.954, 4217.03156231308, 4339.382951638222]
shares:[0, 11.7786, 25.7062, 39.9107, 51.3523, 62.1983, 73.8533, 87.1689, 99.4994, 111.9218, 123.941, 134.2823, 144.8755, 152.9727, 162.7193, 168.9654, 176.4673, 183.475, 189.2721, 195.0692, 200.3672, 205.0314, 208.3058, 211.1203, 214.8544, 219.3187, 225.2464, 231.0001, 236.3363, 241.9701, 247.9438, 254.5532, 260.8465, 266.5445, 272.2555, 278.8388, 286.2959, 293.2163, 300.3643, 308.0154, 317.249, 326.4997, 335.6238, 344.8065, 353.6954, 363.6954, 372.5293, 381.3166]
growth_rate:-7.67
