ticker:IBTA
price:[25.360000610351562, 25.360000610351562, 25.360000610351562, 25.360000610351562, 25.360000610351562, 25.360000610351562, 25.360000610351562, 25.3700008392334, 25.360000610351562, 25.35099983215332, 25.360000610351562, 25.364999771118164, 25.3700008392334, 25.350000381469727, 25.350000381469727, 25.350000381469727, 25.350000381469727, 25.350000381469727, 25.34000015258789, 25.360000610351562, 25.350000381469727, 25.350000381469727, 25.354999542236328, 25.354999542236328, 25.354999542236328, 25.360000610351562, 25.350000381469727, 25.354999542236328, 25.350000381469727, 25.354999542236328, 25.354999542236328, 25.354999542236328, 25.354999542236328, 25.354999542236328, 25.354999542236328, 25.354999542236328, 25.350000381469727, 25.354999542236328, 25.350000381469727, 25.350000381469727, 25.350000381469727, 25.350000381469727, 25.360000610351562, 25.350000381469727, 25.350000381469727, 25.350000381469727, 25.350000381469727, 25.350000381469727, 25.34000015258789, 25.350000381469727, 25.350000381469727, 25.350000381469727]
assets:[0, 99.99955440673828, 199.99910881347657, 299.99866322021484, 399.99821762695314, 499.99777203369143, 599.9973264404297, 700.2348561635971, 799.9583952529907, 899.6740277433396, 999.9930080673217, 1100.1891095724106, 1200.4069597091675, 1299.4612995544435, 1399.461981059265, 1499.462662564087, 1599.4633440689086, 1699.4640255737306, 1798.7928528316497, 1900.2121657333375, 1999.4635350881579, 2099.4642165929795, 2199.8783607830046, 2299.8784789775846, 2399.878597172165, 2500.351508177185, 2599.3662241155625, 2699.878951755905, 2799.3473071249005, 2899.899472144699, 2999.8995903392793, 3099.899708533859, 3199.8998267284396, 3299.899944923019, 3399.9000631175995, 3499.9001813121795, 3599.2107991613393, 3699.9207017009735, 3799.1918821706768, 3899.192563675499, 3999.1932451803204, 4099.193926685142, 4200.810557102966, 4299.154729694176, 4399.155411198997, 4499.15609270382, 4599.156774208641, 4699.157455713463, 4797.302944887542, 4899.196843723679, 4999.1975252285, 5099.198206733322]
shares:[0, 3.9432, 7.8864, 11.8296, 15.7728, 19.716, 23.6592, 27.6009, 31.5441, 35.4887, 39.4319, 43.3743, 47.316, 51.2608, 55.2056, 59.1504, 63.0952, 67.04, 70.9863, 74.9295, 78.8743, 82.8191, 86.7631, 90.7071, 94.6511, 98.5943, 102.5391, 106.4831, 110.4279, 114.3719, 118.3159, 122.2599, 126.2039, 130.1479, 134.0919, 138.0359, 141.9807, 145.9247, 149.8695, 153.8143, 157.7591, 161.7039, 165.6471, 169.5919, 173.5367, 177.4815, 181.4263, 185.3711, 189.3174, 193.2622, 197.207, 201.1518]
growth_rate:-0.02
