ticker:IBTB
price:[25.559999465942383, 25.559999465942383, 25.559999465942383, 25.559999465942383, 25.559999465942383, 25.545000076293945, 25.545000076293945, 25.545000076293945, 25.545000076293945, 25.530000686645508, 25.524999618530273, 25.524999618530273, 25.520000457763672, 25.43000030517578, 25.434999465942383, 25.440000534057617, 25.424999237060547, 25.43000030517578, 25.420000076293945, 25.420000076293945, 25.43000030517578, 25.43000030517578, 25.424999237060547, 25.420000076293945, 25.43000030517578, 25.417999267578125, 25.40999984741211, 25.40999984741211, 25.420000076293945, 25.420000076293945, 25.420000076293945, 25.420000076293945, 25.415000915527344, 25.420000076293945, 25.420000076293945, 25.43000030517578, 25.43000030517578, 25.43000030517578, 25.43000030517578, 25.424999237060547, 25.43000030517578, 25.415000915527344, 25.415000915527344, 25.420000076293945, 25.420000076293945, 25.420000076293945, 25.424999237060547, 25.424999237060547, 25.424999237060547, 25.424999237060547, 25.424999237060547, 25.424999237060547]
assets:[0, 100.00094191055298, 200.00188382110596, 300.0028257316589, 400.0037676422119, 499.7700449926376, 599.7710567913056, 699.7720685899734, 799.7730803886413, 899.3044861873627, 999.1276125680922, 1099.1269035736084, 1198.911757505417, 1294.684546537018, 1394.9393062105178, 1495.2131353887557, 1594.3305121582032, 1694.6450483367921, 1793.9783753843305, 1893.9781136844636, 1994.7241379379275, 2094.7250711380007, 2194.3121866542815, 2293.8804708847047, 2394.7838167388913, 2493.653152545166, 2592.8694174297334, 2692.870471829224, 2793.930002385521, 2893.9297406856535, 2993.9294789857863, 3093.929217285919, 3193.3211615333557, 3293.9490298862456, 3393.948768186379, 3495.2848809455877, 3595.285814145661, 3695.286747345733, 3795.287680545807, 3894.540363134766, 3995.3073479461673, 4092.9511979408267, 4192.951602043152, 4293.776098887062, 4393.775837187194, 4493.775575487328, 4594.658397126007, 4694.65746162529, 4794.656526124572, 4894.6555906238555, 4994.654655123139, 5094.653719622422]
shares:[0, 3.9124, 7.8248, 11.7372, 15.6496, 19.5643, 23.479, 27.3937, 31.3084, 35.2254, 39.1431, 43.0608, 46.9793, 50.9117, 54.8433, 58.7741, 62.7072, 66.6396, 70.5735, 74.5074, 78.4398, 82.3722, 86.3053, 90.2392, 94.1716, 98.1058, 102.0413, 105.9768, 109.9107, 113.8446, 117.7785, 121.7124, 125.6471, 129.581, 133.5149, 137.4473, 141.3797, 145.3121, 149.2445, 153.1776, 157.11, 161.0447, 164.9794, 168.9133, 172.8472, 176.7811, 180.7142, 184.6473, 188.5804, 192.5135, 196.4466, 200.3797]
growth_rate:-0.1
