ticker:IBTE
price:[25.979999542236328, 26.003999710083008, 25.989999771118164, 26.010000228881836, 25.979999542236328, 25.940000534057617, 25.959999084472656, 25.93000030517578, 25.934999465942383, 25.924999237060547, 25.895000457763672, 25.920000076293945, 25.915000915527344, 25.87299919128418, 25.899999618530273, 25.89699935913086, 25.90999984741211, 25.924999237060547, 25.854999542236328, 25.8799991607666, 25.899999618530273, 25.905000686645508, 25.8799991607666, 25.885000228881836, 25.850000381469727, 25.77899932861328, 25.739999771118164, 25.719999313354492, 25.725000381469727, 25.7549991607666, 25.71500015258789, 25.719999313354492, 25.739999771118164, 25.764999389648438, 25.7450008392334, 25.78499984741211, 25.764999389648438, 25.764999389648438, 25.788999557495117, 25.780000686645508, 25.795000076293945, 25.704999923706055, 25.68000030517578, 25.69499969482422, 25.7549991607666, 25.71500015258789, 25.7549991607666, 25.777999877929688, 25.735000610351562, 25.725000381469727, 25.725000381469727, 25.7450008392334]
assets:[0, 100.00098128509522, 199.94626623916625, 300.10078164081574, 399.7542529563904, 499.1400842763901, 599.5254108566285, 698.831659224701, 798.966561047554, 898.6589885536195, 997.6178401355744, 1098.5803232336043, 1198.36924683609, 1296.4261323774338, 1397.7789494127273, 1497.6182935386657, 1598.3697535869599, 1699.2955549919127, 1794.706694724655, 1896.4423425024033, 1997.9078405736925, 2098.2946936180115, 2196.2698967796327, 2296.693238307953, 2393.5885403223037, 2487.013492828369, 2583.250933029556, 2681.2430564189913, 2781.7651987501145, 2885.0080429912564, 2980.5279506858824, 3081.1067417438508, 3183.5025796920777, 3286.5936281433105, 3384.0413373126985, 3489.2983773513793, 3586.5909750366213, 3686.5900906677243, 3790.023584168243, 3888.7017075748445, 3990.963719304085, 4077.039191899109, 4173.07452159195, 4275.511765720367, 4385.494294097519, 4478.6838595756535, 4585.649270075417, 4689.745117391968, 4781.923403411865, 4880.066014865303, 4980.066808848191, 5083.93740172577]
shares:[0, 3.8456, 7.6932, 11.5379, 15.387, 19.2421, 23.0942, 26.9507, 30.8065, 34.6638, 38.5255, 42.3835, 46.2423, 50.1073, 53.9683, 57.8298, 61.6893, 65.5466, 69.4143, 73.2783, 77.1393, 80.9996, 84.8636, 88.7268, 92.5953, 96.4744, 100.3594, 104.2474, 108.1347, 112.0174, 115.9062, 119.7942, 123.6792, 127.5604, 131.4446, 135.3228, 139.204, 143.0852, 146.9628, 150.8418, 154.7185, 158.6088, 162.5029, 166.3947, 170.2774, 174.1662, 178.0489, 181.9282, 185.814, 189.7013, 193.5886, 197.4728]
growth_rate:-0.31
