ticker:IBTG
price:[26.280000686645508, 26.350000381469727, 26.309999465942383, 26.350000381469727, 26.309999465942383, 26.229999542236328, 26.260000228881836, 26.170000076293945, 26.239999771118164, 26.190000534057617, 26.1200008392334, 26.18000030517578, 26.15999984741211, 26.100000381469727, 26.19499969482422, 26.149999618530273, 26.170000076293945, 26.200000762939453, 26.024999618530273, 26.06100082397461, 26.09000015258789, 26.09000015258789, 26.03499984741211, 26.014999389648438, 25.889999389648438, 25.708999633789062, 25.610000610351562, 25.545000076293945, 25.4950008392334, 25.55500030517578, 25.479999542236328, 25.540000915527344, 25.59000015258789, 25.614999771118164, 25.597000122070312, 25.700000762939453, 25.639999389648438, 25.639999389648438, 25.676000595092773, 25.6299991607666, 25.7549991607666, 25.600000381469727, 25.594999313354492, 25.639999389648438, 25.725000381469727, 25.735000610351562, 25.825000762939453, 25.850000381469727, 25.7549991607666, 25.69499969482422, 25.743999481201172, 25.7450008392334]
assets:[0, 100.00088644771576, 199.84812494335176, 300.15285434532166, 399.6962498867035, 498.48015730056767, 599.0510032213211, 696.9986970319749, 798.863673031807, 897.3427502983093, 994.944787967491, 1097.2299927902222, 1196.3909690216065, 1293.646518907547, 1398.3545712089538, 1495.952568177414, 1597.0975306560515, 1698.9285694725036, 1787.5817512979509, 1890.0558420581817, 1992.1593596511843, 2092.1597212360384, 2187.7496756778714, 2286.0680713653564, 2375.0838190078734, 2458.4796497802736, 2549.0120197494507, 2642.5434048923494, 2737.3701956075665, 2843.8115439605713, 2935.4641152626036, 3042.3759890594483, 3148.3326007728574, 3251.409257947159, 3349.1242944717405, 3462.602222792053, 3554.519267385864, 3654.5203930053713, 3759.652036337471, 3852.916765839386, 3971.7067510808943, 4047.802940316963, 4147.011847246743, 4254.304078727722, 4368.408619778061, 4470.107842016601, 4585.740220475006, 4690.180124213219, 4772.942199472427, 4861.822838256836, 4971.094216621399, 5071.28630831337]
shares:[0, 3.7951, 7.5959, 11.391, 15.1918, 19.0042, 22.8123, 26.6335, 30.4445, 34.2628, 38.0913, 41.911, 45.7336, 49.565, 53.3825, 57.2066, 61.0278, 64.8446, 68.6871, 72.5243, 76.3572, 80.1901, 84.0311, 87.875, 91.7375, 95.6272, 99.5319, 103.4466, 107.3689, 111.282, 115.2066, 119.122, 123.0298, 126.9338, 130.8405, 134.7316, 138.6318, 142.532, 146.4267, 150.3284, 154.2111, 158.1173, 162.0243, 165.9245, 169.8118, 173.6976, 177.5698, 181.4383, 185.321, 189.2128, 193.0972, 196.9814]
growth_rate:-0.56
