ticker:IBTJ
price:[26.56999969482422, 26.65999984741211, 26.610000610351562, 26.69499969482422, 26.610000610351562, 26.450000762939453, 26.5, 26.309999465942383, 26.44499969482422, 26.344999313354492, 26.229999542236328, 26.344999313354492, 26.2549991607666, 26.086000442504883, 26.26300048828125, 26.155000686645508, 26.176000595092773, 26.225000381469727, 25.8700008392334, 25.90999984741211, 25.934999465942383, 25.950000762939453, 25.78499984741211, 25.774999618530273, 25.510000228881836, 25.320999145507812, 25.097000122070312, 24.959999084472656, 24.790000915527344, 24.908000946044922, 24.850000381469727, 24.900999069213867, 25.03499984741211, 25.084999084472656, 24.979999542236328, 25.084999084472656, 25.020000457763672, 25.030000686645508, 25.059999465942383, 25.0, 25.297000885009766, 25.2450008392334, 25.125, 25.290000915527344, 25.440000534057617, 25.530000686645508, 25.635000228881836, 25.690000534057617, 25.54800033569336, 25.46500015258789, 25.621999740600586, 25.565000534057617]
assets:[0, 99.99899342765808, 199.81183358306885, 300.4495520652771, 399.49327816314695, 497.0907343383789, 598.0308, 693.7420659179687, 797.3008737991333, 894.2862706916809, 990.3818307159423, 1094.7242944675447, 1190.9845229305267, 1283.3190519693376, 1392.0256937805177, 1486.3023775197983, 1587.4959080905915, 1690.4687695896148, 1767.5859163412094, 1870.3185209854125, 1972.1232943897246, 2073.2649309547423, 2160.081635217285, 2259.2431540632247, 2336.014495959282, 2418.707416177368, 2497.309623246765, 2583.6768972312925, 2666.080312461853, 2778.7714567420962, 2872.299719092369, 2978.194350076675, 3094.2208341407777, 3200.399370195007, 3287.003231764984, 3400.81847888031, 3492.006435889435, 3593.402012577438, 3697.708173197556, 3788.855, 3933.865776025391, 4025.7798918312074, 4106.6435624999995, 4233.6119072616575, 4358.721787501908, 4474.1428323349, 4592.543616504478, 4702.39788875599, 4776.405601560593, 4860.889100626755, 4990.858085472108, 5079.755380117035]
shares:[0, 3.7509, 7.5089, 11.2549, 15.0129, 18.7936, 22.5672, 26.368, 30.1494, 33.9452, 37.7576, 41.5534, 45.3622, 49.1957, 53.0033, 56.8267, 60.647, 64.4602, 68.3257, 72.1852, 76.041, 79.8946, 83.7728, 87.6525, 91.5725, 95.5218, 99.5063, 103.5127, 107.5466, 111.5614, 115.5855, 119.6014, 123.5958, 127.5822, 131.5854, 135.5718, 139.5686, 143.5638, 147.5542, 151.5542, 155.5072, 159.4684, 163.4485, 167.4026, 171.3334, 175.2504, 179.1513, 183.0439, 186.9581, 190.8851, 194.788, 198.6996]
growth_rate:-0.4
