ticker:IBTK
price:[24.540000915527344, 24.493999481201172, 24.100000381469727, 24.125, 24.214000701904297, 24.03499984741211, 23.968000411987305, 23.645999908447266, 23.510000228881836, 23.209999084472656, 23.049999237060547, 22.85099983215332, 23.110000610351562, 22.947999954223633, 22.865999221801758, 23.155000686645508, 23.229999542236328, 23.184999465942383, 23.149999618530273, 23.049999237060547, 23.100000381469727, 23.17799949645996, 23.2549991607666, 23.44700050354004, 23.3700008392334, 23.301000595092773, 23.4950008392334, 23.4950008392334, 23.780000686645508, 23.950000762939453, 23.950000762939453, 23.950000762939453, 23.829999923706055, 23.86199951171875, 23.90999984741211, 23.860000610351562]
assets:[0, 99.99920228195191, 198.39120314025877, 298.5975375, 399.6980881862641, 496.7433593463898, 595.357939833641, 687.358477538681, 783.4049296268464, 873.4085125480651, 967.3877229801177, 1059.0364425210953, 1171.0391949279785, 1262.830732280922, 1358.3180981723785, 1475.4852692544937, 1580.2648558597564, 1677.2028613662721, 1774.6720257566453, 1867.0061432033538, 1971.0560425497056, 2077.7106418619155, 2184.614154660988, 2302.650199650955, 2395.0885580093386, 2488.0179308423994, 2608.7321756830215, 2708.7315982549667, 2841.588804050636, 2961.903779352951, 3061.9046125385285, 3161.9054457241054, 3246.0630146074295, 3350.4227860412598, 3457.1636149372102, 3549.933838809204]
shares:[0, 4.0826, 8.232, 12.3771, 16.5069, 20.6675, 24.8397, 29.0687, 33.3222, 37.6307, 41.9691, 46.3453, 50.6724, 55.0301, 59.4034, 63.7221, 68.0269, 72.34, 76.6597, 80.9981, 85.3271, 89.6415, 93.9417, 98.2066, 102.4856, 106.7773, 111.0335, 115.2897, 119.4949, 123.6703, 127.8457, 132.0211, 136.2175, 140.4083, 144.5907, 148.7818]
growth_rate:1.43
