ticker:IBTX
price:[47.83000183105469, 45.54999923706055, 45.810001373291016, 42.470001220703125, 45.77000045776367, 47.4900016784668, 48.41999816894531, 52.459999084472656, 51.58000183105469, 51.349998474121094, 57.130001068115234, 57.470001220703125, 58.5, 58.31999969482422, 60.470001220703125, 62.0, 62.5, 62.52000045776367, 65.8499984741211, 67.8499984741211, 67.33000183105469, 61.41999816894531, 68.55999755859375, 69.13999938964844, 69.91000366210938, 69.69000244140625, 74.63999938964844, 79.08999633789062, 78.58000183105469, 74.11000061035156, 72.43000030517578, 74.25, 75.22000122070312, 77.61000061035156, 75.51000213623047, 77.3499984741211, 75.47000122070312, 76.4000015258789, 78.75, 79.1500015258789, 77.47000122070312, 72.19999694824219, 76.13999938964844, 73.88999938964844, 73.94999694824219, 69.70999908447266, 67.4000015258789, 69.69999694824219, 72.0999984741211, 71.33999633789062, 70.04000091552734, 71.80000305175781]
assets:[0, 100.00046832504272, 200.56992901268006, 285.9462712188721, 408.16313308219907, 523.501284502411, 633.7548300338744, 786.632440271759, 873.4351190063476, 969.5393211898804, 1178.6719040367127, 1285.684385308838, 1408.7268, 1504.3935521278381, 1659.8531575073243, 1801.8502, 1916.38125, 2016.9952467681885, 2224.4261184555053, 2391.983846206665, 2473.6504032714843, 2356.5194957473755, 2730.463606768799, 2853.559882809448, 2985.3389223815916, 3075.9424827575685, 3394.4256442428587, 3696.800881826782, 3772.963781916809, 3658.3364261291504, 3675.402421485901, 3867.75675, 4018.2825532104494, 4245.957762391663, 4231.067051699829, 4434.166012527466, 4426.39104159546, 4580.936451491546, 4821.838875, 4946.328960356903, 4941.338810861206, 4705.1943811203, 5061.962281422424, 5012.379831596375, 5116.45238885498, 4923.09441034317, 4859.957990025329, 5125.800505570984, 5402.301475669097, 5445.353384472656, 5446.128367189026, 5682.984601547241]
shares:[0, 2.1954, 4.3783, 6.7329, 8.9177, 11.0234, 13.0887, 14.9949, 16.9336, 18.881, 20.6314, 22.3714, 24.0808, 25.7955, 27.4492, 29.0621, 30.6621, 32.2616, 33.7802, 35.254, 36.7392, 38.3673, 39.8259, 41.2722, 42.7026, 44.1375, 45.4773, 46.7417, 48.0143, 49.3636, 50.7442, 52.091, 53.4204, 54.7089, 56.0332, 57.326, 58.651, 59.9599, 61.2297, 62.4931, 63.7839, 65.1689, 66.4823, 67.8357, 69.188, 70.6225, 72.1062, 73.5409, 74.9279, 76.3296, 77.7574, 79.1502]
growth_rate:11.43
