ticker:ICAD
price:[9.670000076293945, 9.25, 11.600000381469727, 9.15999984741211, 9.270000457763672, 9.949999809265137, 9.40999984741211, 11.479999542236328, 9.760000228881836, 9.109999656677246, 9.270000457763672, 9.369999885559082, 9.779999732971191, 11.609999656677246, 13.609999656677246, 14.279999732971191, 13.289999961853027, 13.199999809265137, 12.869999885559082, 13.039999961853027, 15.15999984741211, 15.1899995803833, 17.739999771118164, 18.0, 17.489999771118164, 18.489999771118164, 17.31999969482422, 18.65999984741211, 18.729999542236328, 18.290000915527344, 19.979999542236328, 18.549999237060547, 17.790000915527344, 18.530000686645508, 18.040000915527344, 17.31999969482422, 15.34000015258789, 16.760000228881836, 16.450000762939453, 17.540000915527344, 18.399999618530273, 18.209999084472656, 16.43000030517578, 17.270000457763672, 16.389999389648438, 15.420000076293945, 14.960000038146973, 14.65999984741211, 11.770000457763672, 11.390000343322754, 11.270000457763672, 11.430000305175781]
assets:[0, 99.9999, 225.405407412529, 277.9922553691864, 381.3307388305664, 509.3036752369881, 581.6631435680389, 809.616635716629, 788.3152184867859, 835.8142275012016, 950.4939349365235, 1060.74770304451, 1207.1619930401803, 1533.0424046659468, 1897.1318771433832, 2090.5248449082374, 2045.5941361284258, 2131.741889197159, 2178.4482526290894, 2307.223265250492, 2782.323867995453, 2887.8300612250328, 3472.6209211961745, 3623.517, 3620.851461615944, 3927.8750273780825, 3779.329585408783, 4171.726597886658, 4287.375561215973, 4286.6586075737005, 4782.7463564220425, 4540.436938257218, 4454.41342323761, 4739.701784633828, 4714.366379253388, 4626.210022486877, 4197.347715751267, 4685.889915992546, 4699.217432946396, 5110.594986755371, 5461.171406778717, 5504.7789262413025, 5066.694995110321, 5425.735040816116, 5249.26444052124, 5038.600674929618, 4988.292332719803, 4988.259926079941, 4104.899474649429, 4072.3704717513087, 4129.465661730194, 4288.091487490082]
shares:[0, 10.8108, 19.4315, 30.3485, 41.136, 51.1863, 61.8133, 70.5241, 80.77, 91.7469, 102.5344, 113.2068, 123.4317, 132.045, 139.3925, 146.3953, 153.9198, 161.4956, 169.2656, 176.9343, 183.5306, 190.1139, 195.7509, 201.3065, 207.0241, 212.4324, 218.2061, 223.5652, 228.9042, 234.3717, 239.3767, 244.7675, 250.3886, 255.7853, 261.3285, 267.1022, 273.6211, 279.5877, 285.6667, 291.368, 296.8028, 302.2943, 308.3807, 314.1711, 320.2724, 326.7575, 333.442, 340.2633, 348.7595, 357.5391, 366.4122, 375.1611]
growth_rate:-15.92
