ticker:ICBK
price:[19.420000076293945, 18.93000030517578, 20.0, 17.899999618530273, 18.239999771118164, 19.8700008392334, 19.549999237060547, 19.1299991607666, 18.5, 18.950000762939453, 19.709999084472656, 20.170000076293945, 21.739999771118164, 22.229999542236328, 21.6299991607666, 23.639999389648438, 23.239999771118164, 22.079999923706055, 22.219999313354492, 21.530000686645508, 21.209999084472656, 21.6299991607666, 22.309999465942383, 21.3700008392334, 22.799999237060547, 22.610000610351562, 25.719999313354492, 26.100000381469727, 26.100000381469727, 23.75, 23.989999771118164, 23.65999984741211, 24.010000228881836, 23.780000686645508, 23.639999389648438, 23.219999313354492, 24.100000381469727, 24.420000076293945, 24.899999618530273, 24.65999984741211, 24.950000762939453, 23.489999771118164, 34.439998626708984, 34.459999084472656, 33.61000061035156, 34.599998474121094, 33.34000015258789, 34.689998626708984, 35.41999816894531, 35.83000183105469, 35.27000045776367, 36.52000045776367]
assets:[0, 99.99961961212159, 205.65200000000002, 284.0586739463806, 389.4550031129837, 524.2580501426696, 615.8152009677888, 702.5855661775589, 779.44755, 898.4062711704255, 1034.43791095047, 1158.5809403823853, 1348.7626298000334, 1479.1619395408632, 1539.238326278305, 1782.2739259841921, 1852.1164297592163, 1859.6703295742034, 1971.4627730775833, 2010.2432461116791, 2080.365792201233, 2221.56097580452, 2391.402149754524, 2390.644897884369, 2650.6184713043212, 2728.529653656006, 3203.8374344673157, 3351.1721889797213, 3451.1717304412846, 3240.433375, 3373.1786908174513, 3426.777149900055, 3577.4684251031877, 3643.1983591970443, 3721.749119909668, 3755.6259089412692, 3997.9587032821655, 4151.043480968857, 4332.637283623695, 4390.878194830704, 4542.5144039043425, 4376.699039354325, 6516.922516138458, 6620.706582102203, 6557.398505081176, 6850.550577886963, 6701.079978668976, 7072.420001020431, 7321.2498655242925, 7505.998419586182, 7488.685212194443, 7854.089902447891]
shares:[0, 5.2826, 10.2826, 15.8692, 21.3517, 26.3844, 31.4995, 36.7269, 42.1323, 47.4093, 52.4829, 57.4408, 62.0406, 66.539, 71.1622, 75.3923, 79.6952, 84.2242, 88.7247, 93.3694, 98.0842, 102.7074, 107.1897, 111.8692, 116.2552, 120.678, 124.566, 128.3974, 132.2288, 136.4393, 140.6077, 144.8342, 148.9991, 153.2043, 157.4344, 161.741, 165.8904, 169.9854, 174.0015, 178.0567, 182.0647, 186.3218, 189.2254, 192.1273, 195.1026, 197.9928, 200.9922, 203.8749, 206.6982, 209.4892, 212.3245, 215.0627]
growth_rate:54.0
