ticker:ICCC
price:[5.320000171661377, 5.199999809265137, 5.650000095367432, 5.489999771118164, 5.46999979019165, 5.699999809265137, 5.71999979019165, 5.699999809265137, 5.309999942779541, 5.5, 5.75, 5.630000114440918, 6.0, 6.050000190734863, 6.199999809265137, 6.230000019073486, 6.25, 5.949999809265137, 6.230000019073486, 6.260000228881836, 7.25, 9.350000381469727, 11.020000457763672, 10.920000076293945, 11.880000114440918, 10.520000457763672, 9.079999923706055, 10.770000457763672, 11.15999984741211, 9.760000228881836, 9.899999618530273, 9.729999542236328, 9.010000228881836, 10.649999618530273, 10.949999809265137, 10.0, 9.649999618530273, 9.739999771118164, 9.770000457763672, 9.399999618530273, 10.319999694824219, 9.720000267028809, 9.0, 9.630000114440918, 9.90999984741211, 9.119999885559082, 10.239999771118164, 10.069999694824219, 9.770000457763672, 9.010000228881836, 9.25, 8.800000190734863]
assets:[0, 100.00015633201599, 208.65393852190974, 302.7449393783569, 401.6418455945492, 518.5301226488114, 620.349421245718, 718.1805959680557, 769.0419817128181, 896.5594, 1037.312075, 1115.6639056780814, 1288.9848000000002, 1399.7262291283607, 1534.4298927952766, 1641.8548280266284, 1747.125625, 1763.2634034763335, 1946.2407919585225, 2055.6125511585233, 2480.701325, 3299.2495496057513, 3988.5271716808315, 4052.333404312134, 4508.582407431507, 4092.4484980773927, 3632.265105480194, 4408.315198369217, 4667.947820176315, 4182.363106080627, 4342.355652679062, 4367.789983510208, 4144.58298628521, 4998.9798909427645, 5239.796098729515, 4885.202, 4814.219794691277, 4959.1189354648595, 5074.393641755677, 4982.22069781208, 5569.842123292541, 5346.014726866245, 5050.013400000001, 5503.514249402619, 5763.533027256774, 5404.078732187748, 6167.737206140327, 6165.343215156555, 6081.6689649505615, 5708.581173015595, 5960.6408, 5770.66348507576]
shares:[0, 19.2308, 36.9299, 55.1448, 73.4263, 90.9702, 108.4527, 125.9966, 144.829, 163.0108, 180.4021, 198.1641, 214.8308, 231.3597, 247.4887, 263.5401, 279.5401, 296.3468, 312.3982, 328.3726, 342.1657, 352.8609, 361.9353, 371.0928, 379.5103, 389.016, 400.0292, 409.3143, 418.2749, 428.5208, 438.6218, 448.8993, 459.9981, 469.3878, 478.5202, 488.5202, 498.8829, 509.1498, 519.3852, 530.0235, 539.7134, 550.0015, 561.1126, 571.4968, 581.5876, 592.5525, 602.3181, 612.2486, 622.484, 633.5828, 644.3936, 655.7572]
growth_rate:13.15
