ticker:ICCH
price:[11.449999809265137, 11.819999694824219, 11.649999618530273, 11.699999809265137, 11.75, 12.5, 12.5, 12.569999694824219, 12.569999694824219, 12.569999694824219, 12.199999809265137, 13.0, 13.0, 14.0, 13.930000305175781, 14.0, 14.0, 14.300000190734863, 14.100000381469727, 14.25, 14.109999656677246, 14.109999656677246, 14.020000457763672, 14.020000457763672, 14.229999542236328, 14.149999618530273, 14.40999984741211, 14.5, 15.0, 14.859999656677246, 14.779999732971191, 16.75, 15.300000190734863, 16.34000015258789, 15.489999771118164, 16.1299991607666, 15.619999885559082, 15.699999809265137, 15.880000114440918, 15.430000305175781, 15.609999656677246, 15.789999961853027, 16.170000076293945, 16.049999237060547, 16.010000228881836, 16.049999237060547, 15.75, 16.100000381469727, 16.079999923706055, 16.079999923706055, 16.079999923706055, 16.149999618530273]
assets:[0, 99.99956141815186, 198.56142849826813, 299.4135251189232, 400.692625, 526.2687500000001, 626.2687500000001, 729.7752152824402, 829.7745908546448, 929.7739664268493, 1002.4056643283844, 1168.1371000000001, 1268.1370000000002, 1465.6866, 1558.3588851402283, 1666.1904, 1766.1909999999998, 1904.0378753962516, 1977.408023497963, 2098.4436, 2177.8276510093688, 2277.828040576172, 2363.2996031635284, 2463.3000604286194, 2600.196588354492, 2685.5779525995254, 2834.9239409809115, 2952.63065, 3154.446, 3225.0047994900706, 3307.6427442411423, 3848.511825, 3615.3563850702285, 3961.1068889900207, 3855.0520070373536, 4114.330501934051, 4084.2425940765374, 4205.160168912697, 4353.371815373039, 4330.008346639252, 4480.521030456448, 4632.185968809128, 4843.6636938535685, 4907.717406710815, 4995.486700416374, 5107.966827191925, 5112.49095, 5326.10230619545, 5419.485790286445, 5519.485701811981, 5619.485613337517, 5743.949239325524]
shares:[0, 8.4602, 17.0439, 25.5909, 34.1015, 42.1015, 50.1015, 58.0569, 66.0123, 73.9677, 82.1644, 89.8567, 97.549, 104.6919, 111.8707, 119.0136, 126.1565, 133.1495, 140.2417, 147.2592, 154.3464, 161.4336, 168.5663, 175.699, 182.7264, 189.7935, 196.7331, 203.6297, 210.2964, 217.0259, 223.7918, 229.7619, 236.2978, 242.4178, 248.8736, 255.0732, 261.4752, 267.8446, 274.1418, 280.6227, 287.0289, 293.362, 299.5463, 305.7768, 312.0229, 318.2534, 324.6026, 330.8138, 337.0327, 343.2516, 349.4705, 355.6625]
growth_rate:12.63
