ticker:ICFI
price:[68.51000213623047, 66.0999984741211, 65.87000274658203, 62.70000076293945, 62.91999816894531, 67.19000244140625, 68.05000305175781, 71.1500015258789, 65.38999938964844, 69.70999908447266, 73.81999969482422, 73.36000061035156, 74.13999938964844, 74.54000091552734, 77.44000244140625, 76.93000030517578, 74.62999725341797, 74.33000183105469, 79.66999816894531, 79.7300033569336, 81.54000091552734, 77.12999725341797, 82.12999725341797, 82.83000183105469, 83.86000061035156, 83.44999694824219, 87.5999984741211, 92.6500015258789, 88.95999908447266, 88.66999816894531, 90.0999984741211, 91.30999755859375, 91.72000122070312, 93.41999816894531, 91.05999755859375, 93.0199966430664, 93.4000015258789, 91.0199966430664, 87.9000015258789, 90.70999908447266, 94.44000244140625, 93.20999908447266, 90.66000366210938, 90.12000274658203, 90.36000061035156, 90.7300033569336, 89.04000091552734, 91.56999969482422, 90.44999694824219, 95.0, 95.1500015258789, 94.66999816894531]
assets:[0, 100.0026876914978, 199.65197832489014, 290.0439335292816, 391.06037261962894, 517.5981838073731, 624.2226779937744, 752.66029114151, 791.7290346099853, 944.033720601654, 1099.689153453827, 1192.8336099243165, 1305.5164212524412, 1412.5628333496093, 1567.517297418213, 1657.1952945739745, 1707.646282154083, 1800.7855213607788, 2030.1588603408813, 2131.6852887519835, 2280.0785836006166, 2256.7620156372072, 2503.059500292969, 2624.39406101532, 2757.0316960662844, 2843.5503010116577, 3084.9653462638857, 3362.8059253829956, 3328.874269741058, 3418.024488417053, 3573.149699487305, 3721.1380685058593, 3837.849183078003, 4008.979091423035, 4007.70529454956, 4193.9646826469425, 4311.101230430603, 4301.25006336441, 4253.815093843078, 4489.800256684875, 4774.423767425537, 4812.236511733246, 4780.583587106323, 4852.10600787735, 4965.029025537109, 5085.362250154114, 5090.639452342987, 5335.2894042190555, 5370.034408816528, 5740.166, 5849.232163801575, 5919.724452503967]
shares:[0, 1.5129, 3.031, 4.6259, 6.2152, 7.7035, 9.173, 10.5785, 12.1078, 13.5423, 14.8969, 16.26, 17.6088, 18.9504, 20.2417, 21.5416, 22.8815, 24.2269, 25.4821, 26.7363, 27.9627, 29.2592, 30.4768, 31.6841, 32.8766, 34.0749, 35.2165, 36.2958, 37.4199, 38.5477, 39.6576, 40.7528, 41.8431, 42.9135, 44.0117, 45.0867, 46.1574, 47.2561, 48.3938, 49.4962, 50.5551, 51.6279, 52.7309, 53.8405, 54.9472, 56.0494, 57.1725, 58.2646, 59.3702, 60.4228, 61.4738, 62.5301]
growth_rate:16.07
