ticker:ICHR
price:[23.43000030517578, 19.899999618530273, 21.389999389648438, 21.200000762939453, 22.270000457763672, 26.18000030517578, 25.0, 24.3799991607666, 23.260000228881836, 27.18000030517578, 27.790000915527344, 29.170000076293945, 33.22999954223633, 36.86000061035156, 32.09000015258789, 31.09000015258789, 30.459999084472656, 30.145000457763672, 34.90999984741211, 39.61000061035156, 40.459999084472656, 36.099998474121094, 41.290000915527344, 44.16999816894531, 46.56999969482422, 42.7599983215332, 42.88999938964844, 45.099998474121094, 46.689998626708984, 51.619998931884766, 58.72999954223633, 59.709999084472656, 58.81999969482422, 59.290000915527344, 55.77000045776367, 55.2400016784668, 50.880001068115234, 52.220001220703125, 56.2599983215332, 56.08000183105469, 55.15999984741211, 48.54999923706055, 52.599998474121094, 51.41999816894531, 49.9900016784668, 45.16999816894531, 48.4900016784668, 51.56999969482422, 46.130001068115234, 41.33000183105469, 39.2400016784668, 43.79999923706055]
assets:[0, 99.99948808307649, 207.4872720794678, 305.6446509994507, 421.0700336551666, 594.998102935791, 668.18, 751.6085561273575, 817.0796140401841, 1054.782425843048, 1178.454441823578, 1336.974866496849, 1623.0595136413576, 1900.3615634674072, 1754.4373243423463, 1799.765909833145, 1863.296017995453, 1944.0269635208128, 2351.317656722641, 2767.8795056503295, 2927.2768877616886, 2711.8318853759765, 3201.70512199173, 3525.0264568710327, 3816.560498989868, 3604.3172265190124, 3715.2732841293337, 4006.710924440002, 4247.968131054688, 4796.50965275116, 5557.167635685349, 5749.899752837372, 5764.1952740936285, 5910.252593263245, 5659.366759452439, 5705.585101364136, 5355.252400421906, 5596.292202819824, 6129.251143139267, 6209.643266749573, 6207.772574827576, 5563.873607566452, 6128.005022232055, 6090.534239117432, 6021.155730166625, 5540.601662400818, 6047.837875344086, 6531.985086345672, 5942.941876605606, 5424.554474325561, 5250.241592575837, 5960.360836178207]
shares:[0, 5.0251, 9.7002, 14.4172, 18.9075, 22.7272, 26.7272, 30.8289, 35.1281, 38.8073, 42.4057, 45.8339, 48.8432, 51.5562, 54.6724, 57.8889, 61.1719, 64.4892, 67.3537, 69.8783, 72.3499, 75.12, 77.5419, 79.8059, 81.9532, 84.2918, 86.6233, 88.8406, 90.9824, 92.9196, 94.6223, 96.2971, 97.9972, 99.6838, 101.4769, 103.2872, 105.2526, 107.1676, 108.9451, 110.7283, 112.5412, 114.6009, 116.502, 118.4468, 120.4472, 122.6611, 124.7234, 126.6625, 128.8303, 131.2498, 133.7982, 136.0813]
growth_rate:16.87
