ticker:ICLK
price:[7.880000114440918, 7.760000228881836, 7.860000133514404, 6.510000228881836, 6.909999847412109, 7.590000152587891, 8.279999732971191, 8.510000228881836, 7.96999979019165, 7.820000171661377, 7.420000076293945, 7.559999942779541, 7.239999771118164, 7.010000228881836, 7.489999771118164, 7.940000057220459, 8.479999542236328, 8.539999961853027, 8.890000343322754, 11.789999961853027, 13.329999923706055, 14.170000076293945, 17.459999084472656, 17.510000228881836, 16.25, 14.710000038146973, 14.050000190734863, 14.289999961853027, 13.5, 11.149999618530273, 12.420000076293945, 11.75, 11.930000305175781, 13.529999732971191, 12.899999618530273, 12.140000343322754, 10.960000038146973, 12.010000228881836, 11.369999885559082, 11.350000381469727, 10.979999542236328, 11.399999618530273, 11.25, 10.859999656677246, 8.359999656677246, 7.829999923706055, 7.400000095367432, 5.659999847412109, 5.130000114440918, 4.650000095367432, 4.159999847412109, 4.860000133514404]
assets:[0, 100.00001894950866, 201.2883154191971, 266.7160113773346, 383.1042115402222, 520.8045584701538, 668.1504384522439, 786.7103751590729, 836.7902029716969, 921.0411842183113, 973.9291760141372, 1092.3050797325134, 1146.070243768692, 1209.661762496376, 1392.4913234477997, 1576.1527373587132, 1783.3472957321167, 1895.9653915309905, 2073.669034082985, 2850.1193067783356, 3322.3998399843217, 3631.7639345541, 4574.989434107209, 4688.090690280343, 4450.740125, 4128.946968707466, 4043.6912148948672, 4212.764867754077, 4079.8687499999996, 3469.669146293831, 3964.8689163555146, 3850.9826, 4009.9761245773316, 4647.776800271225, 4531.360936001778, 4364.3968934264185, 4040.180430062103, 4527.241646278381, 4385.98996285429, 4478.275445513344, 4432.287631214905, 4701.828382666206, 4739.9625, 4675.643618186474, 3699.29817607975, 3564.773461265564, 3469.006824706793, 2753.321075773239, 2595.5014989008905, 2452.6476653016566, 2294.196651849365, 2780.239378379011]
shares:[0, 12.8866, 25.6092, 40.9702, 55.442, 68.6172, 80.6945, 92.4454, 104.9925, 117.7802, 131.2573, 144.4848, 158.297, 172.5623, 185.9134, 198.5079, 210.3004, 222.01, 233.2586, 241.7404, 249.2423, 256.2995, 262.0269, 267.7379, 273.8917, 280.6898, 287.8072, 294.8051, 302.2125, 311.1811, 319.2326, 327.7432, 336.1254, 343.5164, 351.2683, 359.5055, 368.6296, 376.956, 385.7511, 394.5617, 403.6692, 412.4411, 421.33, 430.5381, 442.4998, 455.2712, 468.7847, 486.4525, 505.9457, 527.4511, 551.4896, 572.0657]
growth_rate:-45.49
