ticker:ICLR
price:[178.0, 184.5399932861328, 177.1699981689453, 183.13999938964844, 196.63999938964844, 211.97000122070312, 203.8800048828125, 194.35000610351562, 180.3000030517578, 199.32000732421875, 190.8800048828125, 189.67999267578125, 191.13999938964844, 200.5, 193.3000030517578, 194.19000244140625, 192.50999450683594, 194.97999572753906, 214.75, 210.35000610351562, 216.24000549316406, 203.80999755859375, 200.17999267578125, 210.52000427246094, 208.2100067138672, 180.67999267578125, 179.8300018310547, 182.27999877929688, 186.0, 190.72000122070312, 202.3300018310547, 198.07000732421875, 204.47000122070312, 217.82000732421875, 216.9499969482422, 228.82000732421875, 229.1999969482422, 231.0800018310547, 223.75999450683594, 220.47999572753906, 216.17999267578125, 212.1699981689453, 217.14999389648438, 215.0800018310547, 210.5, 217.2899932861328, 218.0, 243.27000427246094, 241.74000549316406, 239.05999755859375, 247.80999755859375, 253.7100067138672]
assets:[0, 100.00222236175539, 196.0031689743042, 302.6022209915161, 424.8997106811523, 558.0322252136231, 636.7376432495117, 706.9675822021484, 755.853672793579, 935.5881823791505, 995.9736894775391, 1089.7115579223632, 1198.1037441741944, 1356.7835, 1408.0552122299193, 1514.5460860412597, 1601.4521423034666, 1722.0048282669068, 1996.61665, 2055.7085396484376, 2213.259704223633, 2186.0456528137206, 2247.1205077819823, 2463.1893099899294, 2536.1644497802736, 2300.833230731201, 2390.0126563354493, 2522.5729031066894, 2674.0476, 2841.8996661895753, 3114.8906111892697, 3149.313116455078, 3351.0792970062253, 3669.875047399902, 3755.209192176819, 4060.662731976318, 4167.406024511719, 4301.60045008545, 4265.335391288758, 4302.821452619934, 4318.908747674561, 4338.791594555664, 4540.628087374878, 4597.335039138794, 4599.4460500000005, 4847.804937211609, 4963.642, 5639.023026036071, 5703.565341604614, 5740.332567376709, 6050.429776391602, 6294.494524569702]
shares:[0, 0.5419, 1.1063, 1.6523, 2.1608, 2.6326, 3.1231, 3.6376, 4.1922, 4.6939, 5.2178, 5.745, 6.2682, 6.767, 7.2843, 7.7993, 8.3188, 8.8317, 9.2974, 9.7728, 10.2352, 10.7259, 11.2255, 11.7005, 12.1808, 12.7343, 13.2904, 13.839, 14.3766, 14.9009, 15.3951, 15.9, 16.3891, 16.8482, 17.3091, 17.7461, 18.1824, 18.6152, 19.0621, 19.5157, 19.9783, 20.4496, 20.9101, 21.375, 21.8501, 22.3103, 22.769, 23.1801, 23.5938, 24.0121, 24.4156, 24.8098]
growth_rate:23.42
