ticker:ICMB
price:[3.390000104904175, 3.315000057220459, 4.380000114440918, 3.799999952316284, 3.490000009536743, 2.990000009536743, 3.0999999046325684, 3.125, 3.069999933242798, 3.299999952316284, 3.7100000381469727, 3.9749999046325684, 4.920000076293945, 5.199999809265137, 4.599999904632568, 4.539999961853027, 4.480000019073486, 4.760000228881836, 4.909999847412109, 4.920000076293945, 5.03000020980835, 4.815000057220459, 5.074999809265137, 5.110000133514404, 5.21999979019165, 5.35699987411499, 5.75, 5.480000019073486, 5.519999980926514, 5.440000057220459, 5.559999942779541, 5.690000057220459, 5.699999809265137, 5.710000038146973, 5.769999980926514, 5.853000164031982, 5.710000038146973, 5.821000099182129, 5.650000095367432, 5.599999904632568, 5.849999904632568, 5.590000152587891, 5.630000114440918, 5.619999885559082, 6.070000171661377, 6.110000133514404, 6.199999809265137, 6.119999885559082, 6.130000114440918, 6.400000095367432, 6.25, 5.440000057220459]
assets:[0, 99.99996022610665, 232.12642806501387, 301.38825621807575, 376.801341029644, 422.81829334859844, 538.3735734376431, 642.7153125, 731.4035380956173, 886.1991471947671, 1096.3027852724074, 1274.6099544198037, 1677.6304820148468, 1873.105451294899, 1756.9777835742475, 1834.0605585894584, 1909.8217681310177, 2129.1857063806533, 2296.2817236385345, 2400.9585612314227, 2554.6385185575487, 2545.4440022495273, 2782.8923854099276, 2902.0850728258606, 3064.556432825756, 3244.9866027455328, 3583.045225, 3514.7980322334765, 3640.4532354209896, 3687.69335078888, 3869.0393841819764, 4059.5026598236564, 4166.637160574914, 4273.947019553089, 4418.856972392892, 4582.421523623658, 4570.463895534039, 4759.31196579237, 4719.50044966135, 4777.734558635664, 5091.026182005453, 4964.758635520935, 5100.284663673401, 5191.225366290283, 5706.893368392611, 5844.500464712763, 6030.589154476834, 6052.775358816147, 6162.665659050751, 6534.104417365742, 6480.96125, 5741.028988386822]
shares:[0, 30.1659, 52.9969, 79.3127, 107.966, 141.4108, 173.6689, 205.6689, 238.2422, 268.5452, 295.4994, 320.6566, 340.9818, 360.2126, 381.9517, 403.9781, 426.2995, 447.3079, 467.6745, 487.9997, 507.8804, 528.6488, 548.3532, 567.9227, 587.0798, 605.747, 623.1383, 641.3865, 659.5024, 677.8848, 695.8704, 713.4451, 730.989, 748.5021, 765.8331, 782.9184, 800.4315, 817.6107, 835.3098, 853.1669, 870.2609, 888.15, 905.912, 923.7056, 940.1801, 956.5467, 972.6757, 989.0156, 1005.3288, 1020.9538, 1036.9538, 1055.3362]
growth_rate:12.57
