ticker:ICPT
price:[45.2400016784668, 41.70000076293945, 41.900001525878906, 40.41999816894531, 41.130001068115234, 36.720001220703125, 34.81999969482422, 29.299999237060547, 27.790000915527344, 28.149999618530273, 37.869998931884766, 35.650001525878906, 37.27000045776367, 35.400001525878906, 30.709999084472656, 28.329999923706055, 26.790000915527344, 24.700000762939453, 31.09000015258789, 27.450000762939453, 29.459999084472656, 35.2400016784668, 34.880001068115234, 31.31999969482422, 31.190000534057617, 21.65999984741211, 20.65999984741211, 21.010000228881836, 22.700000762939453, 23.1299991607666, 24.280000686645508, 22.170000076293945, 20.280000686645508, 21.170000076293945, 19.780000686645508, 17.149999618530273, 18.149999618530273, 17.059999465942383, 16.6299991607666, 18.010000228881836, 21.559999465942383, 19.809999465942383, 22.059999465942383, 19.989999771118164, 18.8700008392334, 16.93000030517578, 16.899999618530273, 17.280000686645508, 16.6200008392334, 14.920000076293945, 12.989999771118164, 14.4399995803833]
assets:[0, 100.0007718296051, 200.47893730087281, 293.39664070892337, 398.5497103500366, 455.8163911529541, 532.2306593353271, 547.8572457344055, 619.622534413147, 727.6493401393891, 1078.9011215698242, 1115.65253775177, 1266.3488945537567, 1302.8120961563109, 1230.2087823249817, 1234.8678676744462, 1267.7403493240356, 1268.8390391921996, 1697.094293329239, 1598.399819425583, 1815.4400375816344, 2271.6268921966553, 2348.421639914703, 2208.7302264785767, 2299.563883374786, 1696.9396920455931, 1718.5958893070222, 1847.7097631288527, 2096.335990457153, 2236.0464088687895, 2447.2201172080995, 2334.54978203392, 2235.5293716911315, 2433.6375817705157, 2373.847332406044, 2158.2142619945525, 2384.056899892807, 2340.882708719444, 2381.8798567983627, 2679.535038053131, 3307.704934065628, 3139.223261369705, 3595.7732949487686, 3358.363939547348, 3270.201337440491, 3033.996573690033, 3128.620879380226, 3298.9681310892106, 3272.965131269646, 3038.1849795358658, 2745.1753526304246, 3151.6035524165154]
shares:[0, 2.3981, 4.7847, 7.2587, 9.69, 12.4133, 15.2852, 18.6982, 22.2966, 25.849, 28.4896, 31.2946, 33.9777, 36.8026, 40.0589, 43.5887, 47.3214, 51.37, 54.5865, 58.2295, 61.6239, 64.4616, 67.3286, 70.5214, 73.7276, 78.3444, 83.1847, 87.9443, 92.3496, 96.673, 100.7916, 105.3022, 110.2332, 114.9569, 120.0125, 125.8434, 131.353, 137.2147, 143.2279, 148.7804, 153.4186, 158.4666, 162.9997, 168.0022, 173.3016, 179.2083, 185.1255, 190.9125, 196.9293, 203.6317, 211.3299, 218.2551]
growth_rate:-38.2
