ticker:ICUI
price:[187.36000061035156, 191.99000549316406, 198.52000427246094, 186.47000122070312, 177.60000610351562, 191.85000610351562, 199.1699981689453, 192.8000030517578, 177.7899932861328, 188.25999450683594, 197.61000061035156, 185.67999267578125, 186.77999877929688, 197.60000610351562, 195.08999633789062, 213.69000244140625, 211.72000122070312, 214.49000549316406, 221.47999572753906, 215.47000122070312, 220.67999267578125, 204.47999572753906, 208.9199981689453, 220.44000244140625, 212.5800018310547, 207.5, 202.02000427246094, 203.8800048828125, 207.4199981689453, 209.8300018310547, 207.4499969482422, 204.19000244140625, 211.6999969482422, 211.85000610351562, 208.27000427246094, 199.77999877929688, 199.0, 205.2899932861328, 208.05999755859375, 205.8000030517578, 204.89999389648438, 203.13999938964844, 209.0399932861328, 207.8699951171875, 207.1699981689453, 194.7899932861328, 198.83999633789062, 203.2899932861328, 193.3000030517578, 187.85000610351562, 198.07000732421875, 195.02999877929688]
assets:[0, 100.00759386138917, 203.40359637756347, 291.0610249053955, 377.2224129638672, 507.48163614501954, 626.8477352371216, 706.8048111877441, 751.7849866104127, 896.061095854187, 1040.5549802139283, 1077.742381488037, 1184.1291582611084, 1352.7301217834472, 1435.5502290527343, 1672.4234351074217, 1757.000774130249, 1879.9834491470338, 2041.248232623291, 2085.8573468170166, 2236.282773779297, 2172.1092026153565, 2319.283575672913, 2547.162184210205, 2556.338296018982, 2595.2439999999997, 2626.7044995513916, 2750.891741882324, 2898.652990411377, 3032.3372884613036, 3097.93378442688, 3149.242826654053, 3365.0773014907836, 3467.4549748992918, 3508.849723980713, 3465.8233748229977, 3552.2893, 3764.5668388824465, 3915.356258056641, 3972.8249989120486, 4055.442149197388, 4120.613631619263, 4340.297380599976, 4416.010963269043, 4501.141116217042, 4332.1684086822515, 4522.23792071228, 4723.442994003296, 4591.319662486268, 4561.862258221436, 4910.056446563721, 4934.688035113525]
shares:[0, 0.5209, 1.0246, 1.5609, 2.124, 2.6452, 3.1473, 3.666, 4.2285, 4.7597, 5.2657, 5.8043, 6.3397, 6.8458, 7.3584, 7.8264, 8.2987, 8.7649, 9.2164, 9.6805, 10.1336, 10.6226, 11.1013, 11.5549, 12.0253, 12.5072, 13.0022, 13.4927, 13.9748, 14.4514, 14.9334, 15.4231, 15.8955, 16.3675, 16.8476, 17.3482, 17.8507, 18.3378, 18.8184, 19.3043, 19.7923, 20.2846, 20.763, 21.2441, 21.7268, 22.2402, 22.7431, 23.235, 23.7523, 24.2846, 24.7895, 25.3022]
growth_rate:-3.24
