ticker:IDBA
price:[24.690000534057617, 24.25, 24.360000610351562, 22.38599967956543, 23.024999618530273, 26.729999542236328, 23.719999313354492, 24.47100067138672, 24.200000762939453, 21.520000457763672, 18.899999618530273, 18.920000076293945, 22.31999969482422, 21.92799949645996, 20.690000534057617, 20.399999618530273, 19.45800018310547, 18.270000457763672, 17.527000427246094, 19.607999801635742, 18.452999114990234, 18.969999313354492, 21.110000610351562, 19.14299964904785, 19.54599952697754, 19.54599952697754, 19.545700073242188]
assets:[0, 99.99972500000001, 200.45357302246092, 284.2104133317947, 392.32296850013734, 555.4520634876252, 592.9051028366089, 711.6778770256043, 803.795765340805, 814.7794973316193, 815.5822335386276, 916.4450716955184, 1181.134207850647, 1260.3907118572236, 1289.2332442781449, 1371.1635343599319, 1407.8485788482667, 1421.893844626236, 1464.068905088806, 1737.9001600185393, 1735.5304009635925, 1884.155344800377, 2196.7066635131837, 2092.0197450466158, 2236.060391286278, 2336.059679466248, 2436.023600668335]
shares:[0, 4.1237, 8.2288, 12.6959, 17.039, 20.7801, 24.996, 29.0825, 33.2147, 37.8615, 43.1525, 48.4379, 52.9182, 57.4786, 62.3119, 67.2139, 72.3532, 77.8267, 83.5322, 88.6322, 94.0514, 99.3229, 104.06, 109.2838, 114.3999, 119.516, 124.6322]
growth_rate:-6.31
