ticker:IDCC
price:[61.93000030517578, 58.72999954223633, 58.97999954223633, 56.61000061035156, 56.77000045776367, 60.65999984741211, 59.970001220703125, 59.0, 55.97999954223633, 58.06999969482422, 59.91999816894531, 60.09000015258789, 60.9900016784668, 61.470001220703125, 60.959999084472656, 63.349998474121094, 61.20000076293945, 60.68000030517578, 66.79000091552734, 65.66000366210938, 67.91000366210938, 64.20999908447266, 65.91000366210938, 68.13999938964844, 64.1500015258789, 63.369998931884766, 63.08000183105469, 66.62000274658203, 64.55000305175781, 63.58000183105469, 65.08999633789062, 71.26000213623047, 73.44000244140625, 72.52999877929688, 69.41999816894531, 71.37999725341797, 71.04000091552734, 70.87999725341797, 80.77999877929688, 83.3499984741211, 81.0, 77.05999755859375, 74.76000213623047, 72.2300033569336, 70.7699966430664, 65.69000244140625, 64.20999908447266, 65.88999938964844, 70.52999877929688, 73.37000274658203, 69.9800033569336, 72.12000274658203]
assets:[0, 99.9995702205658, 200.4258344444275, 292.3736701522827, 393.2003771705627, 520.1413006916047, 614.2247465026855, 704.2888999999999, 768.2415237178802, 896.925987286377, 1025.5008086624146, 1128.4120858654023, 1245.3121512714386, 1355.1123239105225, 1443.8680583152773, 1600.4743614501954, 1646.1576205215454, 1732.1712887115477, 2006.5853555053711, 2072.6368075988767, 2243.658237991333, 2221.4155493263243, 2380.2277352508545, 2560.762503062439, 2510.8118147224427, 2580.2806055088045, 2668.473317459106, 2918.229262311554, 2927.5556534072875, 2983.561523924255, 3154.417438525391, 3553.4298885246276, 3762.140381066895, 3815.520368783569, 3751.9148730377196, 3957.849535708618, 4039.000564052582, 4129.901007967377, 4806.733047363281, 5059.661637373352, 5017.0104, 4872.97371161499, 4827.529949944305, 4764.161007417298, 4767.859597839356, 4525.614183197022, 4523.652224500275, 4742.011010073852, 5175.942702416992, 5484.363683305359, 5330.96468772583, 5593.9880130386355]
shares:[0, 1.7027, 3.3982, 5.1647, 6.9262, 8.5747, 10.2422, 11.9371, 13.7235, 15.4456, 17.1145, 18.7787, 20.4183, 22.0451, 23.6855, 25.264, 26.898, 28.546, 30.0432, 31.5662, 33.0387, 34.5961, 36.1133, 37.5809, 39.1397, 40.7177, 42.303, 43.8041, 45.3533, 46.9261, 48.4624, 49.8657, 51.2274, 52.6061, 54.0466, 55.4476, 56.8553, 58.2661, 59.504, 60.7038, 61.9384, 63.2361, 64.5737, 65.9582, 67.3712, 68.8935, 70.4509, 71.9686, 73.3864, 74.7494, 76.1784, 77.565]
growth_rate:9.69
