ticker:IDEX
price:[1.159999966621399, 1.090000033378601, 1.0099999904632568, 0.9700000286102295, 0.9100000262260437, 1.0, 0.9200000166893005, 0.9399999976158142, 0.8199999928474426, 0.9399999976158142, 0.9900000095367432, 1.5399999618530273, 2.7699999809265137, 2.0199999809265137, 1.840000033378601, 1.9800000190734863, 2.2699999809265137, 1.9900000095367432, 3.1600000858306885, 3.180000066757202, 3.4700000286102295, 3.869999885559082, 4.949999809265137, 4.619999885559082, 3.859999895095825, 3.190000057220459, 2.8499999046325684, 3.359999895095825, 3.0799999237060547, 2.7899999618530273, 3.1600000858306885, 2.950000047683716, 2.390000104904175, 2.6500000953674316, 2.940000057220459, 2.640000104904175, 2.4600000381469727, 2.75, 2.880000114440918, 2.859999895095825, 3.140000104904175, 3.0299999713897705, 3.0899999141693115, 2.6600000858306885, 2.5899999141693115, 2.450000047683716, 2.4600000381469727, 2.369999885559082, 2.490000009536743, 2.2799999713897705, 2.109999895095825, 2.2899999618530273]
assets:[0, 99.99998206225634, 192.66052818083762, 285.03043440699577, 367.3996795883954, 503.7359, 563.437082221055, 675.6857222862125, 689.4279499863744, 890.3198697418213, 1037.6773209960222, 1714.1647175388337, 3183.270405080843, 2421.37417913661, 2305.608177824986, 2581.0349648633005, 3059.065367296457, 2781.735841331005, 4517.22897069521, 4645.818871528888, 5169.4939616225965, 5865.4008515524865, 7602.256732067585, 7195.439611763478, 6111.7740658988005, 5150.922440394402, 4701.921007663107, 5643.31739180727, 5273.040873382759, 4876.553327324104, 5623.265024736929, 5349.5669614702465, 4434.056059623837, 5016.421825529527, 5665.3886362639905, 5187.287894124293, 4933.609042504978, 5615.213175, 5980.659789650059, 6039.126872486138, 6730.370424854755, 6594.592836731745, 6825.178832417535, 5975.397060809183, 5918.149285876894, 5698.249555903554, 5821.507680273533, 5708.525346350671, 6097.564811353778, 5683.31215268383, 5359.556295535612, 5916.769768438053]
shares:[0, 91.7431, 190.753, 293.8458, 403.7359, 503.7359, 612.4316, 718.8146, 840.7658, 947.1488, 1048.1589, 1113.094, 1149.1951, 1198.7001, 1253.0479, 1303.553, 1347.6059, 1397.8572, 1429.5028, 1460.9493, 1489.7677, 1515.6075, 1535.8095, 1557.4545, 1583.3612, 1614.7092, 1649.7969, 1679.5588, 1712.0263, 1747.8686, 1779.5142, 1813.4125, 1855.2535, 1892.9893, 1927.0029, 1964.8817, 2005.5321, 2041.8957, 2076.6179, 2111.5829, 2143.43, 2176.4333, 2208.7958, 2246.3898, 2284.9998, 2325.8161, 2366.4665, 2408.6606, 2448.8212, 2492.6808, 2540.0742, 2583.7423]
growth_rate:16.02
