ticker:IDLB
price:[26.7810001373291, 26.825000762939453, 27.172000885009766, 26.6299991607666, 27.020000457763672, 27.139999389648438, 27.091999053955078, 27.09000015258789, 26.202999114990234, 26.799999237060547, 28.326000213623047, 28.540000915527344, 28.639999389648438, 28.889999389648438, 29.038000106811523, 29.6560001373291, 29.010000228881836, 29.424999237060547, 30.260000228881836, 30.020000457763672, 30.270000457763672, 30.031999588012695, 29.950000762939453, 30.469999313354492, 30.290000915527344, 29.239999771118164, 29.100000381469727, 29.864999771118164, 30.236000061035156, 30.17799949645996, 30.118000030517578, 30.299999237060547, 30.78499984741211, 30.996000289916992, 30.384000778198242, 30.219999313354492, 30.579999923706055, 30.760000228881836, 30.940000534057617, 30.940000534057617, 31.260000228881836, 30.60300064086914, 30.899999618530273, 30.899999618530273, 30.905000686645508, 30.799999237060547, 31.15999984741211, 30.93400001525879, 31.371999740600586, 31.329999923706055, 31.145000457763672, 31.655000686645508]
assets:[0, 100.00092034416198, 201.29561695632935, 297.28133263130184, 401.6360948043823, 503.41984867858883, 602.5287681598663, 702.4843389568329, 779.484197372818, 897.2425344573975, 1048.3311049060821, 1156.2524730911255, 1260.3031731414796, 1371.3042670288087, 1478.330393037796, 1609.792930654526, 1674.7270062131881, 1798.6854683631898, 1949.727464747429, 2034.2633030197142, 2151.2041765319823, 2234.2906733493805, 2328.190264307785, 2468.6123103694913, 2554.028645196533, 2565.4941879180906, 2653.2099947807314, 2822.9592383651734, 2958.0271927711487, 3052.3537590694427, 3146.2859085880277, 3265.297597781372, 3417.5628945606236, 3540.986172720146, 3571.0711106626513, 3651.796805025482, 3795.2990805311206, 3917.639769150734, 4040.566053744507, 4140.567229470635, 4283.392153362464, 4293.368407109069, 4435.033685248184, 4535.032264013672, 4635.765555497169, 4720.016723081589, 4875.184516126633, 4939.825715236664, 5109.770927349854, 5202.929225329972, 5272.20699048996, 5458.540835904121]
shares:[0, 3.7279, 7.4082, 11.1634, 14.8644, 18.549, 22.2401, 25.9315, 29.7479, 33.4792, 37.0095, 40.5134, 44.005, 47.4664, 50.9102, 54.2822, 57.7293, 61.1278, 64.4325, 67.7636, 71.0672, 74.397, 77.7359, 81.0178, 84.3192, 87.7392, 91.1756, 94.524, 97.8313, 101.145, 104.4653, 107.7656, 111.0139, 114.2401, 117.5313, 120.8404, 124.1105, 127.3615, 130.5936, 133.8257, 137.0247, 140.2924, 143.5286, 146.7648, 150.0005, 153.2473, 156.4565, 159.6892, 162.8768, 166.0686, 169.2794, 172.4385]
growth_rate:7.03
