ticker:IDN
price:[6.159999847412109, 6.130000114440918, 6.559999942779541, 6.760000228881836, 6.860000133514404, 7.070000171661377, 7.090000152587891, 8.149999618530273, 7.239999771118164, 9.0, 9.300000190734863, 10.3100004196167, 9.970000267028809, 10.079999923706055, 9.800000190734863, 10.050000190734863, 10.329999923706055, 11.40999984741211, 11.6899995803833, 12.279999732971191, 11.75, 11.579999923706055, 13.229999542236328, 14.40999984741211, 14.279999732971191, 12.170000076293945, 10.84000015258789, 11.210000038146973, 9.029999732971191, 8.430000305175781, 8.699999809265137, 8.770000457763672, 8.199999809265137, 8.449999809265137, 9.970000267028809, 8.100000381469727, 8.220000267028809, 8.029999732971191, 7.5, 7.550000190734863, 7.599999904632568, 7.820000171661377, 8.4399995803833, 8.390000343322754, 8.119999885559082, 7.599999904632568, 8.079999923706055, 9.0, 8.649999618530273, 8.520000457763672, 8.279999732971191, 8.539999961853027]
assets:[0, 99.99991786689758, 207.01457419428823, 313.32601060867313, 417.9612861346722, 530.7562248868943, 632.2578536071777, 826.7840463014602, 834.4686176195145, 1137.3228000000001, 1275.233696153927, 1513.7266336086273, 1563.807502883816, 1681.0607392763136, 1734.3648337554932, 1878.6083456533431, 2030.947196000099, 2343.2819376628877, 2500.7854982334134, 2727.001120701313, 2709.3044250000003, 2770.1062077493666, 3264.8106460361482, 3656.0028502864834, 3723.0201263813974, 3272.909762517929, 3015.2295104434966, 3218.1477539511684, 2692.3169953846927, 2613.4257016090396, 2797.129978676987, 2919.635761394882, 2829.8756941761017, 3016.152226918888, 3658.7029619918826, 3072.4670346979137, 3217.984610537052, 3243.602760137558, 3129.51675, 3250.38002711401, 3371.90563768816, 3569.5133683564663, 3952.5176354902264, 4029.1030168727875, 3999.44179563303, 3843.31995177269, 4186.055656473923, 4762.6857, 4677.469993721009, 4707.173304907608, 4674.576521245575, 4921.362858016968]
shares:[0, 16.3132, 31.5571, 46.35, 60.9273, 75.0716, 89.176, 101.4459, 115.2581, 126.3692, 137.1219, 146.8212, 156.8513, 166.7719, 176.976, 186.9262, 196.6067, 205.3709, 213.9252, 222.0685, 230.5791, 239.2147, 246.7733, 253.7129, 260.7157, 268.9326, 278.1577, 287.0783, 298.1525, 310.0149, 321.5092, 332.9117, 345.1068, 356.9411, 366.9712, 379.3169, 391.4823, 403.9356, 417.2689, 430.5139, 443.6718, 456.4595, 468.3078, 480.2268, 492.5421, 505.7, 518.0762, 529.1873, 540.748, 552.4851, 564.5624, 576.272]
growth_rate:-3.5
