ticker:IDRA
price:[1.9600000381469727, 1.9199999570846558, 2.680000066757202, 2.2799999713897705, 2.2899999618530273, 2.359999895095825, 2.259999990463257, 2.2699999809265137, 2.75, 3.1600000858306885, 2.8399999141693115, 4.260000228881836, 4.289999961853027, 4.869999885559082, 4.440000057220459, 4.25, 4.260000228881836, 3.6700000762939453, 4.28000020980835, 4.480000019073486, 5.949999809265137, 5.590000152587891, 5.269999980926514, 5.070000171661377, 4.760000228881836, 4.360000133514404, 4.159999847412109, 4.869999885559082, 1.9800000190734863, 1.440000057220459, 1.3200000524520874, 1.340000033378601, 1.100000023841858, 1.1299999952316284, 1.1799999475479126, 1.0800000429153442, 1.0199999809265137, 1.149999976158142, 1.1699999570846558, 1.309999942779541, 1.309999942779541, 1.159999966621399, 1.2699999809265137, 1.1699999570846558, 1.1399999856948853, 1.0399999618530273, 1.0499999523162842, 1.0299999713897705, 1.059999942779541, 1.1100000143051147, 1.0199999809265137, 1.0399999618530273]
assets:[0, 99.99993376482725, 239.58316196787356, 303.8243601875067, 405.1568692508697, 517.5416049947977, 595.611923486638, 698.2474541330338, 945.8943999999999, 1186.9187842386245, 1166.7245047391652, 1850.0870014017107, 1963.1155655438424, 2328.5251872816084, 2222.926432647944, 2227.801125, 2333.043227350044, 2109.9223128622057, 2560.6179815231326, 2780.2727798369406, 3792.5495134249686, 3663.0846159896855, 3553.390766139364, 3518.5375311315534, 3403.4001636505127, 3217.4001865250584, 3169.812971731949, 3810.814844449043, 1649.3663498884678, 1299.539139639044, 1291.2442473094343, 1410.8085831423998, 1258.126457269156, 1392.438991124189, 1554.0513169209837, 1522.3521844928384, 1537.7769612443446, 1833.7681119822262, 1965.6597149000286, 2300.8668694987296, 2400.8668941307546, 2225.9585039488074, 2537.040861897469, 2437.2738276013256, 2474.779684945607, 2357.6936415203095, 2480.36375235908, 2533.118790637755, 2706.898851877356, 2934.5829618194102, 2796.64369970417, 2951.479747740364]
shares:[0, 52.0833, 89.3967, 133.2563, 176.9244, 219.2973, 263.5451, 307.598, 343.9616, 375.6072, 410.8185, 434.2927, 457.6027, 478.1366, 500.6591, 524.1885, 547.6627, 574.9107, 598.2752, 620.5966, 637.4033, 655.2924, 674.2677, 693.9916, 715.0, 737.9358, 761.9743, 782.5082, 833.0133, 902.4577, 978.2153, 1052.8422, 1143.7513, 1232.2469, 1316.9927, 1409.5853, 1507.6245, 1594.581, 1680.0511, 1756.387, 1832.7229, 1918.9298, 1997.67, 2083.1401, 2170.8594, 2267.0132, 2362.2513, 2459.3387, 2553.6783, 2643.7684, 2741.8076, 2837.9614]
growth_rate:-42.13
