ticker:IDXX
price:[370.6600036621094, 364.82000732421875, 354.760009765625, 377.8299865722656, 383.8500061035156, 400.6499938964844, 423.75, 429.6600036621094, 424.82000732421875, 478.1000061035156, 453.6400146484375, 464.2900085449219, 454.2300109863281, 457.1499938964844, 456.2300109863281, 485.5199890136719, 497.1400146484375, 499.8699951171875, 513.2000122070312, 489.4599914550781, 492.8599853515625, 478.67999267578125, 502.6400146484375, 544.0800170898438, 544.1300048828125, 520.1699829101562, 499.70001220703125, 497.75, 484.8800048828125, 480.2200012207031, 486.3599853515625, 502.8800048828125, 535.0, 559.0999755859375, 548.989990234375, 544.260009765625, 530.0700073242188, 539.3400268554688, 558.1099853515625, 558.3599853515625, 584.469970703125, 601.0499877929688, 620.6400146484375, 648.2000122070312, 667.030029296875, 667.760009765625, 693.739990234375, 678.530029296875, 685.2000122070312, 672.0999755859375, 682.1400146484375, 668.27001953125]
assets:[0, 99.99716400756836, 197.2465654296875, 310.0850699798584, 415.0186265991211, 533.1850118774414, 663.9315, 773.1731765899659, 864.4662329040527, 1072.9042236968994, 1117.9958161010743, 1244.2507938995361, 1317.3124548614503, 1425.7594009643553, 1522.8957766723634, 1720.6828410644532, 1861.888782861328, 1972.13709173584, 2124.7506905395508, 2126.458932876587, 2241.231497387695, 2276.7456491638186, 2490.6818005859373, 2796.027207824707, 2896.2951899902346, 2868.7374557495114, 2855.835539764404, 2944.6890000000003, 2968.532365893555, 3039.984695727539, 3178.8488642578122, 3386.846544885254, 3703.163, 3970.001196643066, 3998.2391998779294, 4063.7717889160153, 4057.844927069092, 4228.803348565674, 4475.986271520996, 4577.993519897461, 4892.072101782227, 5130.8632207946775, 5398.07859140625, 5737.8016880554205, 6004.470917724609, 6111.072505371094, 6448.79882722168, 6407.42691965332, 6570.382917053223, 6544.7751422607425, 6742.5447607910155, 6705.421375976563]
shares:[0, 0.2741, 0.556, 0.8207, 1.0812, 1.3308, 1.5668, 1.7995, 2.0349, 2.2441, 2.4645, 2.6799, 2.9001, 3.1188, 3.338, 3.544, 3.7452, 3.9453, 4.1402, 4.3445, 4.5474, 4.7563, 4.9552, 5.139, 5.3228, 5.515, 5.7151, 5.916, 6.1222, 6.3304, 6.536, 6.7349, 6.9218, 7.1007, 7.2829, 7.4666, 7.6553, 7.8407, 8.0199, 8.199, 8.3701, 8.5365, 8.6976, 8.8519, 9.0018, 9.1516, 9.2957, 9.4431, 9.589, 9.7378, 9.8844, 10.034]
growth_rate:31.48
