ticker:IDYA
price:[11.720000267028809, 12.289999961853027, 13.170000076293945, 11.630000114440918, 12.979999542236328, 14.079999923706055, 13.399999618530273, 12.770000457763672, 12.170000076293945, 13.25, 13.359999656677246, 12.520000457763672, 13.5600004196167, 15.600000381469727, 14.239999771118164, 13.0600004196167, 12.899999618530273, 14.0, 13.989999771118164, 16.850000381469727, 18.399999618530273, 17.579999923706055, 19.25, 18.90999984741211, 17.959999084472656, 19.06999969482422, 19.809999465942383, 22.950000762939453, 22.579999923706055, 22.600000381469727, 23.84000015258789, 19.860000610351562, 18.610000610351562, 19.93000030517578, 20.549999237060547, 19.18000030517578, 19.510000228881836, 20.31999969482422, 20.149999618530273, 20.079999923706055, 20.889999389648438, 22.690000534057617, 21.510000228881836, 22.059999465942383, 17.6200008392334, 18.649999618530273, 21.93000030517578, 24.5, 23.170000076293945, 23.440000534057617, 23.690000534057617, 22.920000076293945]
assets:[0, 100.00004268960951, 207.16015020008086, 282.9369687841415, 415.780537336731, 551.0165730142594, 624.4051422245026, 695.0494159152985, 762.3920887794495, 930.0493000000001, 1037.770037331581, 1072.5208312141417, 1261.6115910408018, 1551.4122379369735, 1516.161255630493, 1490.5247878904343, 1572.2635635061263, 1806.3332, 1905.0434508327482, 2394.494579209328, 2714.7598637174606, 2693.7763563095095, 3049.6697, 3095.80524101944, 3040.277625019073, 3328.1783477394106, 3557.3271670980457, 4221.184460327148, 4253.130399629403, 4356.898133540916, 4695.948398056412, 4011.976317298889, 3859.4610305786136, 4233.211784820556, 4464.902444235992, 4267.243187896729, 4440.663348095703, 4725.027817037201, 4785.497964403343, 4868.873885500718, 5165.277961083984, 5710.3470544052125, 5513.3787286663055, 5754.353066691017, 4696.179533677102, 5070.699906283188, 6062.491566365052, 6872.9605, 6599.856354731941, 6776.764338401986, 6949.042343656349, 6823.176298712348]
shares:[0, 8.1367, 15.7297, 24.3282, 32.0324, 39.1347, 46.5974, 54.4283, 62.6452, 70.1924, 77.6774, 85.6646, 93.0392, 99.4495, 106.472, 114.129, 121.8809, 129.0238, 136.1718, 142.1065, 147.5413, 153.2296, 158.4244, 163.7126, 169.2805, 174.5243, 179.5723, 183.9296, 188.3583, 192.7831, 196.9777, 202.0129, 207.3864, 212.404, 217.2702, 222.484, 227.6096, 232.5309, 237.4937, 242.4738, 247.2608, 251.668, 256.317, 260.8501, 266.5255, 271.8874, 276.4474, 280.529, 284.8449, 289.1111, 293.3323, 297.6953]
growth_rate:33.79
