ticker:IEA
price:[5.900000095367432, 4.630000114440918, 4.769999980926514, 5.130000114440918, 5.940000057220459, 6.340000152587891, 8.359999656677246, 8.489999771118164, 6.78000020980835, 9.420000076293945, 10.890000343322754, 11.600000381469727, 13.3100004196167, 11.619999885559082, 11.289999961853027, 12.699999809265137, 17.770000457763672, 16.56999969482422, 22.18000030517578, 21.43000030517578, 22.6299991607666, 19.270000457763672, 19.940000534057617, 18.799999237060547, 17.940000534057617, 16.670000076293945, 14.039999961853027, 16.200000762939453, 15.239999771118164, 14.350000381469727, 14.989999771118164, 13.6899995803833, 12.4399995803833, 12.899999618530273, 13.180000305175781, 12.670000076293945, 11.5600004196167, 12.239999771118164, 11.579999923706055, 12.350000381469727, 12.289999961853027, 11.569999694824219, 12.460000038146973, 12.140000343322754, 12.0600004196167, 11.770000457763672, 11.59000015258789, 12.069999694824219, 12.59000015258789, 12.899999618530273, 12.140000343322754, 13.170000076293945]
assets:[0, 100.00013147172928, 203.0240781881809, 318.3467741017342, 468.61195051417354, 600.1685064445495, 891.3891433930397, 1005.2507818994522, 902.7800799366952, 1354.304932968712, 1665.6451545118332, 1874.2410616350173, 2250.5294069511415, 2064.7752096648214, 2106.137073883724, 2469.1707929167746, 3554.895699575806, 3414.835015107727, 4670.974984268189, 4613.03043769226, 4971.342374637795, 4333.219951936721, 4583.881100771141, 4421.8124605545045, 4319.537714588738, 4113.750937827492, 3564.730718314552, 4213.150398418427, 4063.482286972618, 3926.1787593706126, 4201.283211850739, 3936.9290093278883, 3677.4579399547574, 3913.440634274483, 4098.384358895873, 4039.797849326134, 3785.8770174236297, 4108.575019171714, 3987.0345037317275, 4352.148779430198, 4431.00463224659, 4271.4171153350835, 4699.988020389271, 4679.281794331456, 4748.446677217865, 4734.263762126922, 4761.861667692185, 5059.073987087249, 5377.029172168351, 5609.425514122009, 5378.947648118209, 5935.316032383346]
shares:[0, 21.5983, 42.5627, 62.0559, 78.8909, 94.6638, 106.6255, 118.4041, 133.1534, 143.7691, 152.9518, 161.5725, 169.0856, 177.6915, 186.5489, 194.4229, 200.0504, 206.0854, 210.594, 215.2604, 219.6793, 224.8687, 229.8837, 235.2028, 240.7769, 246.7757, 253.8982, 260.071, 266.6327, 273.6013, 280.2724, 287.577, 295.6156, 303.3675, 310.9548, 318.8475, 327.498, 335.6679, 344.3035, 352.4007, 360.5374, 369.1804, 377.2061, 385.4433, 393.7352, 402.2314, 410.8595, 419.1445, 427.0873, 434.8392, 443.0764, 450.6694]
growth_rate:16.38
