ticker:IEC
price:[8.859999656677246, 8.600000381469727, 8.5600004196167, 8.550000190734863, 8.75, 9.149999618530273, 9.529999732971191, 9.5, 9.569999694824219, 9.640000343322754, 10.0, 9.930000305175781, 10.09000015258789, 10.75, 12.430000305175781, 10.260000228881836, 11.510000228881836, 13.550000190734863, 13.149999618530273, 15.630000114440918, 16.760000228881836, 14.609999656677246, 14.800000190734863, 14.430000305175781, 13.239999771118164, 12.329999923706055, 12.170000076293945, 13.010000228881836, 12.890000343322754, 11.960000038146973, 11.890000343322754, 12.039999961853027, 11.960000038146973, 12.149999618530273, 12.1899995803833, 11.59000015258789, 11.180000305175781, 11.550000190734863, 11.199999809265137, 11.020000457763672, 10.890000343322754, 10.270000457763672, 10.149999618530273, 10.479999542236328, 11.050000190734863, 10.199999809265137, 10.15999984741211, 11.0, 10.449999809265137, 15.25, 15.199999809265137, 15.260000228881836]
assets:[0, 99.99994443569183, 199.5344657813072, 299.3013066768646, 406.30275, 524.8769181175231, 646.6752858802796, 744.63945, 850.126040890503, 956.3439460596085, 1092.058, 1184.413695400238, 1303.497858712387, 1488.7610499999998, 1821.4238797187807, 1603.4441217699052, 1898.7955297584533, 2335.33304787302, 2366.393716353035, 2912.6802183262826, 3223.2581040182113, 2909.772822622776, 3047.614559276104, 3071.4241219566343, 2918.133021553803, 2817.566505565834, 2881.0041180610656, 3179.8574199424743, 3250.528102577209, 3116.0057859386443, 3197.7680323352815, 3338.109253423691, 3415.9290988952635, 3570.195982907677, 3681.9491462561605, 3600.7209794052123, 3573.34387154007, 3791.602877613926, 3776.7060156830785, 3816.009064514542, 3870.9921920385364, 3750.605194175339, 3806.7807019289016, 4030.548087946701, 4349.767380081654, 4115.169523048401, 4199.031416936875, 4646.1954, 4513.885777611923, 6687.25005, 6765.323835106373, 6892.029555372238]
shares:[0, 11.6279, 23.3101, 35.006, 46.4346, 57.3636, 67.8568, 78.3831, 88.8324, 99.2058, 109.2058, 119.2763, 129.1871, 138.4894, 146.5345, 156.2811, 164.9692, 172.3493, 179.9539, 186.3519, 192.3185, 199.1631, 205.9199, 212.8499, 220.4028, 228.5131, 236.73, 244.4164, 252.1744, 260.5356, 268.946, 277.2516, 285.6128, 293.8433, 302.0467, 310.6748, 319.6193, 328.2773, 337.2059, 346.2803, 355.463, 365.2001, 375.0523, 384.5943, 393.6441, 403.448, 413.2905, 422.3814, 431.9508, 438.5082, 445.0871, 451.6402]
growth_rate:35.14
