ticker:IEF
price:[121.47000122070312, 122.01000213623047, 121.69999694824219, 122.08000183105469, 121.69000244140625, 121.01000213623047, 121.25, 120.37999725341797, 120.05999755859375, 120.5, 119.9800033569336, 120.5, 120.47000122070312, 119.31999969482422, 120.1500015258789, 119.5999984741211, 119.80000305175781, 119.94999694824219, 118.23999786376953, 118.44999694824219, 118.58000183105469, 118.63999938964844, 117.83000183105469, 117.79000091552734, 116.54000091552734, 115.76000213623047, 114.41999816894531, 113.87999725341797, 113.02999877929688, 113.58000183105469, 113.36000061035156, 113.61000061035156, 114.29000091552734, 114.51000213623047, 113.98999786376953, 114.48999786376953, 114.1500015258789, 114.20999908447266, 114.4000015258789, 114.7699966430664, 115.61000061035156, 115.54000091552734, 114.88999938964844, 115.75, 116.41000366210938, 116.95999908447266, 117.22000122070312, 117.70999908447266, 117.02999877929688, 117.23999786376953, 117.52999877929688, 117.16000366210938]
assets:[0, 99.9993977508545, 199.7462049911499, 300.36563650512693, 399.4109260131836, 497.1816947769165, 598.162625, 693.8703041687012, 792.0237978942871, 894.9294, 991.0708217292787, 1095.3691, 1195.098553109741, 1283.6922847167968, 1392.6226226860047, 1486.2452610382081, 1588.7277404708861, 1690.7191969848634, 1766.6119840827942, 1869.7450468276977, 1971.7957024475097, 2072.7950213363647, 2158.645633544922, 2257.916527549744, 2333.958252335358, 2418.3422046279907, 2490.3512601470948, 2578.5961658088686, 2659.347205279541, 2772.283400692749, 2866.908423435974, 2973.230520973206, 3091.030219760895, 3196.9818476409914, 3282.467377484894, 3396.86099161911, 3486.768871608734, 3588.6038022331236, 3694.5709292785646, 3806.519093662262, 3934.381735771179, 4031.9994119491575, 4109.316564169312, 4240.072975, 4364.245960293579, 4484.866252893829, 4594.8364958496095, 4714.038272335052, 4786.807822070313, 4895.403006800842, 5007.506633990479, 5091.738611154175]
shares:[0, 0.8196, 1.6413, 2.4604, 3.2822, 4.1086, 4.9333, 5.764, 6.5969, 7.4268, 8.2603, 9.0902, 9.9203, 10.7584, 11.5907, 12.4268, 13.2615, 14.0952, 14.9409, 15.7851, 16.6284, 17.4713, 18.32, 19.169, 20.0271, 20.891, 21.765, 22.6431, 23.5278, 24.4082, 25.2903, 26.1705, 27.0455, 27.9188, 28.7961, 29.6695, 30.5455, 31.4211, 32.2952, 33.1665, 34.0315, 34.897, 35.7674, 36.6313, 37.4903, 38.3453, 39.1984, 40.0479, 40.9024, 41.7554, 42.6062, 43.4597]
growth_rate:-0.16
