ticker:IEI
price:[133.3800048828125, 133.67999267578125, 133.50999450683594, 133.67999267578125, 133.47000122070312, 133.16000366210938, 133.2899932861328, 132.9499969482422, 132.91000366210938, 132.99000549316406, 132.72999572753906, 132.9199981689453, 132.99000549316406, 132.60000610351562, 133.00999450683594, 132.8000030517578, 132.88999938964844, 132.97999572753906, 132.27000427246094, 132.44000244140625, 132.5500030517578, 132.61000061035156, 132.30999755859375, 132.25999450683594, 131.72999572753906, 131.07000732421875, 130.5, 130.22000122070312, 130.00999450683594, 130.25999450683594, 129.9600067138672, 130.16000366210938, 130.39999389648438, 130.52999877929688, 130.42999267578125, 130.82000732421875, 130.57000732421875, 130.5800018310547, 130.7899932861328, 130.8699951171875, 131.14999389648438, 130.4499969482422, 130.25999450683594, 130.6300048828125, 131.07000732421875, 131.16000366210938, 131.52000427246094, 131.74000549316406, 131.22999572753906, 131.1999969482422, 131.25, 131.2100067138672]
assets:[0, 100.00600252075195, 199.8778127761841, 300.13831955566405, 399.66257165527344, 498.73747771606446, 599.2184938171387, 697.6949939849853, 797.4866039733887, 897.9618160903931, 996.2049829330443, 1097.6267608795165, 1198.2000524917603, 1294.6799395935059, 1398.6798982360838, 1496.470114389038, 1597.4839716629028, 1698.566783427429, 1789.4941148025512, 1891.7994828735352, 1993.3664758941652, 2094.2699566390993, 2189.531994598389, 2288.706300942993, 2379.5311238235477, 2467.615706890869, 2556.8865, 2651.3964228546142, 2747.124184928894, 2852.407307711792, 2945.8424601852416, 3050.3777818237304, 3156.005852279663, 3259.1513275207517, 3356.654990509033, 3466.6909480895997, 3560.0695916992186, 3660.3402633270266, 3766.2286466674805, 3868.530142663574, 3976.808804925537, 4055.586045123291, 4149.679619004822, 4261.464271289063, 4375.824622521972, 4478.825573052978, 4591.113461143494, 4698.797123925781, 4780.603760357666, 4879.511566500854, 4981.370625, 5079.847893930054]
shares:[0, 0.7481, 1.4971, 2.2452, 2.9944, 3.7454, 4.4956, 5.2478, 6.0002, 6.7521, 7.5055, 8.2578, 9.0097, 9.7638, 10.5156, 11.2686, 12.0211, 12.7731, 13.5291, 14.2842, 15.0386, 15.7927, 16.5485, 17.3046, 18.0637, 18.8267, 19.593, 20.3609, 21.1301, 21.8978, 22.6673, 23.4356, 24.2025, 24.9686, 25.7353, 26.4997, 27.2656, 28.0314, 28.796, 29.5601, 30.3226, 31.0892, 31.8569, 32.6224, 33.3854, 34.1478, 34.9081, 35.6672, 36.4292, 37.1914, 37.9533, 38.7154]
growth_rate:-0.4
