ticker:IEP
price:[49.400001525878906, 49.150001525878906, 49.599998474121094, 48.02000045776367, 50.04999923706055, 51.310001373291016, 51.369998931884766, 51.2400016784668, 49.439998626708984, 52.470001220703125, 51.810001373291016, 52.29999923706055, 49.83000183105469, 50.97999954223633, 50.95000076293945, 51.20000076293945, 50.9900016784668, 50.66999816894531, 55.349998474121094, 55.75, 56.77000045776367, 55.86000061035156, 59.709999084472656, 61.54999923706055, 65.4000015258789, 63.880001068115234, 59.33000183105469, 60.84000015258789, 58.709999084472656, 54.72999954223633, 55.04999923706055, 56.380001068115234, 57.04999923706055, 57.91999816894531, 57.959999084472656, 59.54999923706055, 58.15999984741211, 57.40999984741211, 56.369998931884766, 55.220001220703125, 56.04999923706055, 55.02000045776367, 55.97999954223633, 56.16999816894531, 57.290000915527344, 56.380001068115234, 57.119998931884766, 58.11000061035156, 58.689998626708984, 58.43000030517578, 55.09000015258789, 54.380001068115234]
assets:[0, 100.00059310455323, 200.9147138191223, 294.5162668075562, 406.96655379638673, 517.2099448429108, 617.8167031539917, 716.2532394622802, 791.0943620258332, 939.5803118591309, 1027.7601782421111, 1137.4779134067535, 1183.756540498352, 1311.078138227463, 1410.3062111183167, 1517.2249826084137, 1611.0036080303191, 1700.8955655349732, 1957.9951260223388, 2072.143875, 2210.05611782074, 2274.6303968536376, 2531.4054111862183, 2709.4125014156343, 2978.891589501953, 3009.6551463233945, 2895.2862903549194, 3068.9764636970517, 3061.5327092582706, 2953.9915222927093, 3071.261477435303, 3245.464019485092, 3384.0290997447964, 3535.6336162261964, 3638.073794533539, 3837.8783508300776, 3848.295973903656, 3898.6729026378634, 3928.0475465702057, 3947.9098112731936, 4107.248659093094, 4131.770950376129, 4303.865520806122, 4418.4724809646605, 4606.574393615722, 4633.4043337795265, 4794.218598350525, 4977.313315278626, 5126.993948033142, 5204.27832518158, 5006.788555867767, 5042.260525038529]
shares:[0, 2.0346, 4.0507, 6.1332, 8.1312, 10.0801, 12.0268, 13.9784, 16.0011, 17.907, 19.8371, 21.7491, 23.7559, 25.7175, 27.6802, 29.6333, 31.5945, 33.5681, 35.3748, 37.1685, 38.93, 40.7202, 42.395, 44.0197, 45.5488, 47.1142, 48.7997, 50.4434, 52.1467, 53.9739, 55.7904, 57.5641, 59.3169, 61.0434, 62.7687, 64.448, 66.1674, 67.9093, 69.6833, 71.4942, 73.2783, 75.0958, 76.8822, 78.6625, 80.408, 82.1817, 83.9324, 85.6533, 87.3572, 89.0686, 90.8838, 92.7227]
growth_rate:-1.13
