ticker:IESC
price:[29.020000457763672, 32.18000030517578, 35.22999954223633, 30.100000381469727, 32.849998474121094, 37.38999938964844, 37.790000915527344, 35.869998931884766, 31.920000076293945, 35.2599983215332, 38.630001068115234, 36.95000076293945, 37.540000915527344, 40.25, 44.310001373291016, 47.779998779296875, 48.43000030517578, 46.040000915527344, 47.95000076293945, 47.970001220703125, 49.91999816894531, 45.47999954223633, 49.099998474121094, 46.849998474121094, 44.7400016784668, 45.84000015258789, 52.029998779296875, 49.9900016784668, 48.459999084472656, 49.119998931884766, 53.439998626708984, 53.86000061035156, 50.439998626708984, 49.79999923706055, 52.790000915527344, 51.91999816894531, 50.099998474121094, 51.68000030517578, 53.060001373291016, 54.63999938964844, 52.0, 53.38999938964844, 50.91999816894531, 51.029998779296875, 50.0099983215332, 47.810001373291016, 50.18000030517578, 54.40999984741211, 53.310001373291016, 49.72999954223633, 49.29999923706055, 49.939998626708984]
assets:[0, 99.99935094833374, 209.4775772781372, 278.9758335355759, 404.4623212127686, 560.3601818527222, 666.3548651435851, 732.4976611881256, 751.8341057970047, 930.504303705597, 1119.4394859523773, 1170.7570791736603, 1289.450229447174, 1482.5363, 1732.077953681946, 1967.7189117279052, 2094.4861241981507, 2091.1230295829773, 2277.8743762435915, 2378.822766534424, 2575.5224655303955, 2446.4510393760684, 2741.1792648124692, 2715.566461555481, 2693.263095040512, 2859.480873518372, 3345.6121695068355, 3314.4370912857057, 3312.996913409424, 3458.116692803192, 3862.2529887485503, 3992.6095292449954, 3839.089175476074, 3890.3759403991703, 4223.9549702552795, 4254.340225962829, 4205.208501923371, 4437.828810205841, 4656.333480514526, 4894.989913320923, 4758.4836, 4985.680940003967, 4855.0283294158935, 4965.514855218506, 4966.262887319183, 4847.79070924759, 5188.100195552062, 5725.4391409435275, 5709.687732084274, 5426.259062051392, 5479.339955204773, 5650.471132618713]
shares:[0, 3.1075, 5.946, 9.2683, 12.3124, 14.9869, 17.6331, 20.4209, 23.5537, 26.3898, 28.9785, 31.6849, 34.3487, 36.8332, 39.09, 41.1829, 43.2477, 45.4197, 47.5052, 49.5898, 51.593, 53.7918, 55.8285, 57.963, 60.1981, 62.3796, 64.3016, 66.302, 68.3656, 70.4014, 72.2727, 74.1294, 76.112, 78.12, 80.0143, 81.9403, 83.9363, 85.8713, 87.756, 89.5862, 91.5093, 93.3823, 95.3462, 97.3058, 99.3054, 101.397, 103.3898, 105.2277, 107.1035, 109.1144, 111.1428, 113.1452]
growth_rate:10.79
