ticker:IEUS
price:[51.75, 51.720001220703125, 52.61000061035156, 50.27000045776367, 51.900001525878906, 53.880001068115234, 52.779998779296875, 52.810001373291016, 49.09000015258789, 53.11000061035156, 55.63999938964844, 57.189998626708984, 58.279998779296875, 60.09000015258789, 58.79999923706055, 61.220001220703125, 61.880001068115234, 62.09000015258789, 64.72000122070312, 63.15999984741211, 64.08999633789062, 62.16999816894531, 64.72000122070312, 65.83000183105469, 65.45999908447266, 64.47000122070312, 64.26000213623047, 66.19999694824219, 66.02999877929688, 65.51000213623047, 66.88999938964844, 68.2699966430664, 69.95999908447266, 69.94999694824219, 69.62999725341797, 71.61000061035156, 70.58000183105469, 71.30000305175781, 72.52999877929688, 73.29000091552734, 72.29000091552734, 69.11000061035156, 70.43000030517578, 70.44000244140625, 70.79000091552734, 69.27999877929688, 70.51000213623047, 71.7699966430664, 72.30000305175781, 73.33999633789062, 71.94000244140625, 73.7699966430664]
assets:[0, 100.00062236022949, 201.72252534027098, 292.7523746658325, 402.24577182617185, 517.5928422607423, 607.0280439605713, 707.3741253948211, 757.5470643547059, 919.5837275680541, 1063.3916683349607, 1193.0176853523255, 1315.758392440796, 1456.6236666988373, 1525.3543002082827, 1688.1354116607665, 1806.332923179245, 1912.465139699936, 2093.471991485596, 2143.0124788227085, 2274.566788031006, 2306.4261110702514, 2501.0267831726073, 2643.9237805404664, 2729.066637831116, 2787.7924517852784, 2878.713149698639, 3065.6225586776736, 3157.7526316223143, 3232.8858504219056, 3400.98857396698, 3571.1557354011534, 3759.559402800751, 3859.0224166397097, 3941.3711795310974, 4153.451645401001, 4193.708432797242, 4336.487575608826, 4511.2933940734865, 4658.561644194031, 4694.99700246048, 4588.4686475234985, 4776.104825695038, 4876.779733026123, 5001.00916767807, 4994.3327600006105, 5182.999880028534, 5375.61581056366, 5515.3117427993775, 5694.645363647461, 5685.936360961914, 5930.576586126708]
shares:[0, 1.9335, 3.8343, 5.8236, 7.7504, 9.6064, 11.5011, 13.3947, 15.4318, 17.3147, 19.112, 20.8606, 22.5765, 24.2407, 25.9414, 27.5749, 29.1909, 30.8015, 32.3466, 33.9299, 35.4902, 37.0987, 38.6438, 40.1629, 41.6906, 43.2417, 44.7979, 46.3085, 47.823, 49.3495, 50.8445, 52.3093, 53.7387, 55.1683, 56.6045, 58.001, 59.4178, 60.8203, 62.199, 63.5634, 64.9467, 66.3937, 67.8135, 69.2331, 70.6457, 72.0891, 73.5073, 74.9006, 76.2837, 77.6472, 79.0372, 80.3928]
growth_rate:16.29
