ticker:IFGL
price:[24.420000076293945, 24.399999618530273, 24.6299991607666, 23.6299991607666, 24.31999969482422, 24.450000762939453, 23.90999984741211, 24.079999923706055, 22.950000762939453, 24.600000381469727, 25.920000076293945, 26.299999237060547, 26.56999969482422, 26.799999237060547, 26.610000610351562, 26.719999313354492, 26.809999465942383, 27.170000076293945, 27.170000076293945, 26.889999389648438, 27.0, 26.719999313354492, 27.040000915527344, 27.3799991607666, 27.329999923706055, 27.479999542236328, 27.309999465942383, 27.829999923706055, 28.040000915527344, 27.90999984741211, 27.809999465942383, 28.290000915527344, 29.010000228881836, 28.8700008392334, 28.770000457763672, 29.25, 28.81999969482422, 29.239999771118164, 29.700000762939453, 30.110000610351562, 30.420000076293945, 29.31999969482422, 29.799999237060547, 29.530000686645508, 30.190000534057617, 29.709999084472656, 29.950000762939453, 30.0, 30.200000762939453, 30.389999389648438, 30.059999465942383, 30.329999923706055]
assets:[0, 100.00095843658447, 200.94384815311432, 292.7851416015625, 401.3334989639282, 503.47930571060175, 592.3606822196961, 696.5717897930145, 763.8838903942109, 918.8026342477798, 1068.103587143898, 1183.7629656600952, 1295.9145371154787, 1407.1312799419402, 1497.155803340149, 1603.3442467975617, 1708.746039961624, 1831.6900081434248, 1931.6891934242249, 2011.7833713363646, 2120.013, 2198.0272235155103, 2324.3503666984557, 2453.5764847946166, 2549.0964228839875, 2663.0867556381227, 2746.613073288918, 2898.9091590528487, 3020.7829466308594, 3106.7765140148163, 3195.6442576314926, 3350.8006714393614, 3536.081145898819, 3619.016277202606, 3706.479436974335, 3868.31835, 3911.450358581543, 4068.4535681533807, 4232.458008724213, 4390.88719100647, 4536.09352137661, 4472.065205452729, 4645.2775210716245, 4703.190055360794, 4908.308400827408, 4930.270363071441, 5070.097859154511, 5178.561, 5313.086134223939, 5446.513924612426, 5487.371740509224, 5636.660637821198]
shares:[0, 4.0984, 8.1585, 12.3904, 16.5022, 20.5922, 24.7746, 28.9274, 33.2847, 37.3497, 41.2077, 45.01, 48.7736, 52.5049, 56.2629, 60.0054, 63.7354, 67.4159, 71.0964, 74.8153, 78.519, 82.2615, 85.9597, 89.612, 93.271, 96.91, 100.5717, 104.1649, 107.7312, 111.3141, 114.9099, 118.4447, 121.8918, 125.3556, 128.8314, 132.2502, 135.72, 139.14, 142.507, 145.8282, 149.1155, 152.5261, 155.8818, 159.2682, 162.5806, 165.9465, 169.2854, 172.6187, 175.93, 179.2206, 182.5473, 185.8444]
growth_rate:10.52
