ticker:IFMK
price:[0.9100000262260437, 0.8550000190734863, 0.8629999756813049, 0.7429999709129333, 0.6949999928474426, 0.7570000290870667, 0.7599999904632568, 0.8849999904632568, 0.9110000133514404, 0.7720000147819519, 0.7379999756813049, 0.859000027179718, 0.8190000057220459, 0.8399999737739563, 0.800000011920929, 0.8999999761581421, 0.7749999761581421, 0.7829999923706055, 0.8600000143051147, 0.9020000100135803, 1.0299999713897705, 1.149999976158142, 1.159999966621399, 2.4700000286102295, 1.9500000476837158, 1.649999976158142, 1.3600000143051147, 1.6299999952316284, 1.6299999952316284, 1.4299999475479126, 1.600000023841858, 1.5, 1.3300000429153442, 1.3300000429153442, 1.4299999475479126, 1.3799999952316284, 1.3799999952316284, 1.2899999618530273, 1.309999942779541, 1.350000023841858, 1.4600000381469727, 1.399999976158142, 1.4800000190734863, 1.3899999856948853, 1.3609999418258667, 1.1799999475479126, 1.0399999618530273, 1.350000023841858, 1.2799999713897705, 1.2400000095367432, 1.190000057220459, 1.2000000476837158]
assets:[0, 100.00003273081781, 200.93573633778095, 272.9956498127282, 355.3593343428373, 487.06048031487467, 588.9906446091413, 785.8641500315427, 908.9517209214212, 870.2642682634771, 931.9365538906754, 1184.733782386297, 1229.5656913905145, 1361.0929495046616, 1396.2790608061791, 1670.8138657385468, 1538.756407662177, 1654.6403601775169, 1917.3573038930417, 2110.9956332352817, 2510.5603492643595, 2903.0528098137615, 3028.2967248618006, 6548.183730848193, 5269.618898858976, 4558.90818912555, 3857.6456165765167, 4723.501680181956, 4823.501690889419, 4331.66088911562, 4946.613833710289, 4737.45045, 4300.539577766263, 4400.539620992982, 4831.406974785042, 4762.4768595440155, 4862.476903198481, 4645.358748630714, 4817.379772578096, 5064.475679441857, 5577.136635719776, 5447.939047222149, 5859.25007151103, 5602.944131337584, 5586.048011731804, 4943.157014272106, 4456.680740529919, 5885.114773934864, 5679.960449042987, 5602.461899088097, 5476.556383337021, 5622.577783421159]
shares:[0, 116.9591, 232.834, 367.4235, 511.3084, 643.4088, 774.9877, 887.9821, 997.7516, 1127.2853, 1262.7867, 1379.2011, 1501.3012, 1620.3488, 1745.3488, 1856.4599, 1985.4922, 2113.2061, 2229.4852, 2340.3499, 2437.4373, 2524.3938, 2610.6007, 2651.0865, 2702.3686, 2762.9747, 2836.5041, 2897.8538, 2959.2035, 3029.1336, 3091.6336, 3158.3003, 3233.4883, 3308.6763, 3378.6064, 3451.0702, 3523.534, 3601.0534, 3677.3893, 3751.4634, 3819.9565, 3891.3851, 3958.9527, 4030.8951, 4104.3705, 4189.1163, 4285.2701, 4359.3442, 4437.4692, 4518.1144, 4602.148, 4685.4813]
growth_rate:10.25
