ticker:IFRX
price:[3.700000047683716, 3.7300000190734863, 4.829999923706055, 4.46999979019165, 4.619999885559082, 4.849999904632568, 5.039999961853027, 4.659999847412109, 3.819999933242798, 4.409999847412109, 4.199999809265137, 4.119999885559082, 3.9800000190734863, 4.050000190734863, 5.139999866485596, 5.130000114440918, 5.050000190734863, 5.03000020980835, 5.699999809265137, 5.559999942779541, 5.710000038146973, 5.340000152587891, 5.53000020980835, 5.730000019073486, 5.650000095367432, 4.150000095367432, 3.9800000190734863, 4.789999961853027, 4.599999904632568, 4.059999942779541, 4.039999961853027, 3.740000009536743, 3.700000047683716, 3.75, 3.799999952316284, 3.619999885559082, 2.7899999618530273, 2.950000047683716, 3.049999952316284, 3.130000114440918, 3.069999933242798, 3.2100000381469727, 3.069999933242798, 2.990000009536743, 2.799999952316284, 2.609999895095825, 2.680000066757202, 2.5999999046325684, 2.619999885559082, 2.4100000858306885, 2.299999952316284, 2.559999942779541]
assets:[0, 100.00018151135444, 229.49068437499997, 312.3859353375435, 422.8685895252228, 543.9206993046761, 665.229090964985, 715.0727825855255, 686.1755100085974, 892.1553171310425, 949.6716168725014, 1031.5824633458137, 1096.5286112549306, 1215.8145122588157, 1643.0338533212662, 1739.8374868125916, 1812.7056484645843, 1905.5265484821796, 2259.3442643972394, 2303.851584290028, 2466.00569547472, 2406.212078756332, 2591.8264893339633, 2785.5633002723216, 2846.6723180495264, 2190.9186803475377, 2201.1700545487406, 2749.146712106133, 2740.0989631921293, 2518.435016505909, 2606.0290433930395, 2512.5121844067335, 2585.640323322415, 2720.5815, 2856.8559241511825, 2821.531080801487, 2274.605500899887, 2505.048885491538, 2689.965757945061, 2860.5224415881157, 2905.6880108157634, 3138.1949052936557, 3101.326519561601, 3120.5102209530114, 3022.216908531952, 2917.137896750975, 3095.3754211039545, 3102.975866183519, 3226.844783052254, 3068.204849272251, 3028.162227219987, 3470.47621042881]
shares:[0, 26.8097, 47.5136, 69.885, 91.53, 112.1486, 131.9899, 153.4491, 179.6271, 202.3028, 226.1123, 250.3841, 275.5097, 300.2011, 319.6564, 339.1496, 358.9516, 378.8323, 396.3762, 414.3618, 431.8749, 450.6015, 468.6847, 486.1367, 503.8358, 527.9322, 553.0578, 573.9346, 595.6737, 620.3042, 645.0567, 671.7947, 698.8217, 725.4884, 751.8042, 779.4285, 815.2708, 849.1691, 881.956, 913.9049, 946.4782, 977.6308, 1010.2041, 1043.6489, 1079.3632, 1117.6774, 1154.9908, 1193.4523, 1231.6202, 1273.114, 1316.5923, 1355.6548]
growth_rate:-31.95
