ticker:IFV
price:[19.239999771118164, 18.979999542236328, 19.299999237060547, 18.420000076293945, 18.905000686645508, 19.670000076293945, 19.360000610351562, 19.3799991607666, 18.479999542236328, 20.229999542236328, 20.670000076293945, 20.90999984741211, 21.275999069213867, 21.399999618530273, 21.3799991607666, 22.06999969482422, 21.8799991607666, 22.219999313354492, 23.209999084472656, 22.770000457763672, 23.479999542236328, 22.604999542236328, 23.860000610351562, 24.389999389648438, 24.219999313354492, 23.1200008392334, 23.030000686645508, 23.3700008392334, 23.45400047302246, 22.8700008392334, 23.3700008392334, 23.450000762939453, 23.78499984741211, 23.670000076293945, 23.510000228881836, 23.969999313354492, 23.600000381469727, 24.010000228881836, 24.600000381469727, 25.040000915527344, 25.110000610351562, 24.329999923706055, 24.797000885009766, 24.51300048828125, 24.229999542236328, 23.940000534057617, 23.899999618530273, 23.774999618530273, 23.899999618530273, 24.100000381469727, 23.329999923706055, 23.850000381469727]
assets:[0, 99.99992358818054, 201.6849920272827, 292.4893392114639, 400.19050703525545, 516.3847100028992, 608.2466911758423, 708.8757953027725, 775.9567007789611, 949.4383845161439, 1070.087970949745, 1182.5127663707733, 1303.2102605869293, 1410.8056748514175, 1509.4878047477723, 1658.2029430709838, 1743.9278291095734, 1871.0283761812211, 2054.391290963745, 2115.444615528488, 2281.405979521942, 2296.387651496887, 2523.879846562195, 2679.9414259353634, 2761.261571717262, 2735.854435308838, 2825.2053342342374, 2966.9150865440365, 3077.5799978689197, 3100.9479877918247, 3268.743321382904, 3379.93302996521, 3528.2169288654327, 3611.1591206396106, 3686.74889789238, 3858.8846464582443, 3899.3195030284883, 4067.0611417703626, 4267.0004461679455, 4443.32061845932, 4555.742564736938, 4514.227113844299, 4700.874084875107, 4747.0356939575195, 4792.231116463089, 4834.874627857208, 4926.796111363029, 5001.028374758529, 5127.321888162422, 5270.2290534204485, 5201.843422988892, 5417.787551655007]
shares:[0, 5.2687, 10.45, 15.8789, 21.1685, 26.2524, 31.4177, 36.5777, 41.989, 46.9322, 51.7701, 56.5525, 61.2526, 65.9255, 70.6028, 75.1338, 79.7042, 84.2047, 88.5132, 92.9049, 97.1638, 101.5876, 105.7787, 109.8787, 114.0075, 118.3328, 122.675, 126.954, 131.2177, 135.5902, 139.8692, 144.1336, 148.3379, 152.5627, 156.8162, 160.9881, 165.2254, 169.3903, 173.4553, 177.4489, 181.4314, 185.5416, 189.5743, 193.6538, 197.7809, 201.958, 206.1421, 210.3482, 214.5323, 218.6817, 222.968, 227.1609]
growth_rate:6.23
