ticker:IGAC
price:[9.79800033569336, 10.199999809265137, 9.989999771118164, 10.350000381469727, 10.130000114440918, 10.199999809265137, 10.569999694824219, 10.630000114440918, 10.399999618530273, 10.850000381469727, 10.819999694824219, 10.649999618530273, 10.25, 10.0, 10.029999732971191, 9.960000038146973, 9.720000267028809, 9.899999618530273, 9.979999542236328, 9.920000076293945, 9.930000305175781, 9.989999771118164, 9.930000305175781, 9.720000267028809, 9.789999961853027, 9.729999542236328, 9.779999732971191, 9.800000190734863, 9.75, 9.739999771118164, 9.779999732971191, 9.739999771118164, 9.739999771118164, 9.729999542236328, 9.75, 9.739999771118164, 9.729999542236328, 9.8100004196167, 9.720000267028809, 9.75]
assets:[0, 99.99977813005448, 197.9408564649582, 305.07350624408724, 398.5891665029526, 501.3432506251335, 619.5288221130371, 723.0451667841911, 807.4008503847122, 942.3366381311416, 1039.7305586746215, 1123.3949747613906, 1181.2018, 1252.392, 1356.1492428952217, 1446.6850255408287, 1511.82551353302, 1639.8220768138885, 1753.0727475898743, 1842.5328781707765, 1944.3903807563781, 2056.1387558916094, 2143.78975188446, 2198.453136396122, 2314.2855029823304, 2400.1019060832978, 2512.4349874015807, 2617.573190945149, 2704.218075, 2801.444058168411, 2912.948470466137, 3001.0341854782105, 3101.033789128304, 3197.849973551941, 3304.4232, 3401.03357407856, 3497.541743452454, 3626.2990281126977, 3693.030509455299, 3804.4285499999996]
shares:[0, 9.8039, 19.8139, 29.4757, 39.3474, 49.1513, 58.612, 68.0193, 77.6347, 86.8513, 96.0934, 105.4831, 115.2392, 125.2392, 135.2093, 145.2495, 155.5376, 165.6386, 175.6586, 185.7392, 195.8097, 205.8197, 215.8902, 226.1783, 236.3928, 246.6703, 256.8952, 267.0993, 277.3557, 287.6226, 297.8475, 308.1144, 318.3813, 328.6588, 338.9152, 349.1821, 359.4596, 369.6533, 379.9414, 390.1978]
growth_rate:-2.45
