ticker:IGACU
price:[9.979999542236328, 9.949999809265137, 9.930000305175781, 10.0, 9.899999618530273, 9.949999809265137, 9.930000305175781, 9.949999809265137, 10.029999732971191, 10.100000381469727, 10.600000381469727, 10.5, 10.84000015258789, 10.8100004196167, 10.880000114440918, 11.399999618530273, 11.4399995803833, 11.119999885559082, 12.220999717712402, 12.449999809265137, 12.079999923706055, 11.100000381469727, 10.75, 10.760000228881836, 10.609999656677246, 10.270000457763672, 10.319999694824219, 10.460000038146973, 10.350000381469727, 10.1899995803833, 10.420000076293945, 10.40999984741211, 10.16100025177002, 10.229999542236328, 10.25, 10.270000457763672, 10.300000190734863, 10.279999732971191, 10.300000190734863, 10.350000381469727, 10.270000457763672, 10.199999809265137, 10.1899995803833, 10.279999732971191, 10.133999824523926, 10.199999809265137, 10.199999809265137, 10.045000076293945, 10.149999618530273]
assets:[0, 100.0004830830574, 199.79955014038086, 301.20799999999997, 398.19580465660096, 500.2073854113579, 599.2020364151001, 700.4093415736198, 806.0408685407639, 911.6664344329834, 1056.7988380317688, 1146.8289, 1283.9644140735627, 1380.4111095840453, 1489.35015966568, 1660.5319244348525, 1766.3588152103423, 1816.950157300949, 2096.847356965828, 2236.1382407422066, 2269.6821936653137, 2185.5523351100924, 2216.638175, 2318.700425322342, 2386.376719780636, 2409.9049034164427, 2521.6372294319153, 2655.8452636857032, 2727.9154455427174, 2785.744123285103, 2948.6214035894395, 3045.7910673553465, 3072.938468941498, 3193.8058570861817, 3300.050025, 3406.489315837097, 3516.439635117245, 3609.611166238308, 3716.6335288244245, 3834.6751413345337, 3905.035191058731, 3978.418125605583, 4074.517187214374, 4210.50387862978, 4250.705212996579, 4378.388678126335, 4478.38845625639, 4510.3346147569655, 4657.4805899568555]
shares:[0, 10.0503, 20.1208, 30.1208, 40.2218, 50.2721, 60.3426, 70.3929, 80.363, 90.264, 99.698, 109.2218, 118.4469, 127.6976, 136.8888, 145.6607, 154.402, 163.3948, 171.5774, 179.6095, 187.8876, 196.8966, 206.1989, 215.4926, 224.9177, 234.6548, 244.3447, 253.9049, 263.5667, 273.3802, 282.9771, 292.5832, 302.4248, 312.2, 321.9561, 331.6932, 341.4019, 351.1295, 360.8382, 370.5, 380.2371, 390.041, 399.8545, 409.5821, 419.4499, 429.2538, 439.0577, 449.0129, 458.8651]
growth_rate:-2.97
