ticker:IGF
price:[39.95000076293945, 39.31999969482422, 39.119998931884766, 38.400001525878906, 39.02000045776367, 40.369998931884766, 39.97999954223633, 40.7400016784668, 38.119998931884766, 40.220001220703125, 43.16999816894531, 43.279998779296875, 43.84000015258789, 44.099998474121094, 43.83000183105469, 43.459999084472656, 43.29999923706055, 43.709999084472656, 44.650001525878906, 44.369998931884766, 43.880001068115234, 42.630001068115234, 44.43000030517578, 44.209999084472656, 43.470001220703125, 42.9900016784668, 43.70000076293945, 45.2599983215332, 44.540000915527344, 44.7599983215332, 45.349998474121094, 45.90999984741211, 46.529998779296875, 46.40999984741211, 46.63999938964844, 47.4900016784668, 47.36000061035156, 47.209999084472656, 46.97999954223633, 47.439998626708984, 47.31999969482422, 45.97999954223633, 46.400001525878906, 46.02000045776367, 46.400001525878906, 45.86000061035156, 45.630001068115234, 45.880001068115234, 46.220001220703125, 46.310001373291016, 46.0, 46.70000076293945]
assets:[0, 99.99862322387696, 199.48852255325318, 295.81825175476075, 400.594932699585, 514.4550813884734, 609.4870970214844, 721.0735857078553, 774.7013022930146, 917.3780078430176, 1084.6634719940184, 1187.4257185089111, 1302.788900534439, 1410.5164011955262, 1501.87884274292, 1589.2017865219116, 1683.3524203395843, 1799.2915153129577, 1937.9842012290956, 2025.832100232315, 2103.458059201813, 2143.5387657073975, 2334.0456490318297, 2422.486899833679, 2481.937107696533, 2554.5303847370146, 2696.718307080841, 2892.9874107135774, 2946.9668905754093, 3061.521221195221, 3201.877687267304, 3341.417017894363, 3486.5439915313723, 3577.5519662376405, 3695.2824876419068, 3862.627780519104, 3952.0547069320683, 4039.537734662628, 4119.859381856918, 4260.197268675995, 4349.422503949737, 4326.258156929016, 4465.777426858521, 4529.2056090522765, 4666.605913462829, 4712.293916716004, 4788.658714093781, 4914.8951144218445, 5051.319225408935, 5161.1570330505365, 5226.6074, 5406.141528320312]
shares:[0, 2.5432, 5.0994, 7.7036, 10.2664, 12.7435, 15.2448, 17.6994, 20.3227, 22.809, 25.1254, 27.4359, 29.7169, 31.9845, 34.266, 36.567, 38.8765, 41.1643, 43.4039, 45.6577, 47.9366, 50.2824, 52.5331, 54.795, 57.0954, 59.4215, 61.7098, 63.9193, 66.1645, 68.3986, 70.6037, 72.7819, 74.9311, 77.0858, 79.2299, 81.3356, 83.4471, 85.5653, 87.6939, 89.8018, 91.9151, 94.09, 96.2452, 98.4182, 100.5734, 102.7539, 104.9454, 107.125, 109.2886, 111.448, 113.6219, 115.7632]
growth_rate:6.0
