ticker:IGIB
price:[60.959999084472656, 61.060001373291016, 61.11000061035156, 60.68000030517578, 60.83000183105469, 60.880001068115234, 60.93000030517578, 60.84000015258789, 60.560001373291016, 61.08000183105469, 61.04999923706055, 61.38999938964844, 61.56999969482422, 61.36000061035156, 61.470001220703125, 61.43000030517578, 61.650001525878906, 61.790000915527344, 61.25, 61.349998474121094, 61.31999969482422, 61.290000915527344, 61.209999084472656, 61.20000076293945, 60.709999084472656, 60.220001220703125, 59.47999954223633, 59.15999984741211, 58.970001220703125, 59.2599983215332, 59.27000045776367, 59.47999954223633, 59.61000061035156, 59.79999923706055, 59.72999954223633, 59.88999938964844, 59.779998779296875, 59.779998779296875, 59.959999084472656, 60.0099983215332, 60.45000076293945, 60.38999938964844, 60.2400016784668, 60.4900016784668, 60.66999816894531, 60.7599983215332, 60.970001220703125, 61.099998474121094, 60.70000076293945, 60.779998779296875, 60.790000915527344, 60.790000915527344]
assets:[0, 99.99796424903869, 200.08025299835205, 298.67302950210575, 399.40979202270506, 499.73957676773074, 600.1483170059204, 699.2645417537689, 796.0491060516357, 902.8845870666504, 1002.4409874725343, 1108.0219599838256, 1211.2727609962465, 1307.1398210021973, 1409.4825399902345, 1508.5672324943544, 1613.9723799468995, 1717.638445449829, 1802.6303750000002, 1905.5738976051332, 2004.6427700233457, 2103.6628304237365, 2200.9156950805664, 2300.5569886795047, 2382.138944076538, 2462.9137419250487, 2532.6464845085143, 2619.0191092449186, 2710.609179110718, 2823.9404040153504, 2924.4173845863343, 3034.7766406440733, 3141.411266165161, 3251.4216385177615, 3347.615608344269, 3456.5812597732543, 3550.2325015045167, 3650.2324834625247, 3761.224786569977, 3864.3618449146275, 3992.6983703918454, 4088.7351036758423, 4178.577836427688, 4295.921282202529, 4408.706756942749, 4515.245603268432, 4630.854502716064, 4740.730551607513, 4809.6920304531095, 4916.032173266602, 5016.840721556091, 5116.840273062134]
shares:[0, 1.6377, 3.2741, 4.9221, 6.566, 8.2086, 9.8498, 11.4935, 13.1448, 14.782, 16.42, 18.0489, 19.6731, 21.3028, 22.9296, 24.5575, 26.1796, 27.798, 29.4307, 31.0607, 32.6915, 34.3231, 35.9568, 37.5908, 39.238, 40.8986, 42.5798, 44.2701, 45.9659, 47.6534, 49.3406, 51.0218, 52.6994, 54.3716, 56.0458, 57.7155, 59.3883, 61.0611, 62.7289, 64.3953, 66.0496, 67.7055, 69.3655, 71.0187, 72.667, 74.3128, 75.953, 77.5897, 79.2371, 80.8824, 82.5274, 84.1724]
growth_rate:0.33
