ticker:IGIC
price:[6.760000228881836, 7.0, 6.849999904632568, 6.789999961853027, 7.489999771118164, 8.039999961853027, 7.539999961853027, 7.849999904632568, 7.0, 7.309999942779541, 7.0, 7.550000190734863, 7.78000020980835, 7.5, 7.849999904632568, 7.739999771118164, 7.590000152587891, 8.079999923706055, 7.75, 8.050000190734863, 7.980000019073486, 7.659999847412109, 7.949999809265137, 8.09000015258789, 8.119999885559082, 7.949999809265137, 7.630000114440918, 7.510000228881836, 7.539999961853027, 7.150000095367432, 8.15999984741211, 7.019999980926514, 7.0, 7.610000133514404, 8.579999923706055, 8.829999923706055, 8.5600004196167, 8.710000038146973, 8.800000190734863, 9.005000114440918, 8.850000381469727, 9.140000343322754, 9.15999984741211, 9.399999618530273, 9.109999656677246, 9.5, 9.390000343322754, 9.079999923706055, 9.4399995803833, 9.390000343322754, 9.100000381469727, 9.470000267028809]
assets:[0, 99.9999, 197.85676724538803, 296.12344133634565, 426.6513589622498, 557.9808213525772, 623.2805248466492, 748.9064759017468, 767.8145999999999, 901.8178799408436, 963.5738, 1139.2829487815857, 1273.989816356516, 1328.139, 1490.119166896963, 1569.238513595581, 1638.8267609466552, 1844.6268145824433, 1869.28915, 2041.6490983743668, 2123.8953590764527, 2138.7263433963776, 2319.6962593462945, 2460.546040409088, 2569.67059178381, 2615.8719122405055, 2610.5793601555824, 2669.521954358864, 2780.185731934261, 2736.3829714981553, 3222.9208677330016, 2872.6598081949232, 2964.4755, 3322.8083892973423, 3846.346183798027, 4058.418957933998, 4034.322205765057, 4205.017302416611, 4348.4672942504885, 4549.766402321148, 4571.452652047539, 4821.251469099045, 4931.800709845734, 5161.018090556145, 5101.7947617319105, 5420.203149999999, 5457.442846538258, 5377.271294817925, 5690.466675053502, 5760.326697612477, 5682.425168205834, 6013.469109563827]
shares:[0, 14.2857, 28.8842, 43.6117, 56.9628, 69.4006, 82.6632, 95.4021, 109.6878, 123.3677, 137.6534, 150.8984, 163.7519, 177.0852, 189.8241, 202.744, 215.9192, 228.2954, 241.1986, 253.621, 266.1523, 279.2071, 291.7857, 304.1466, 316.4619, 329.0405, 342.1467, 355.4623, 368.7249, 382.7109, 394.9658, 409.2108, 423.4965, 436.6371, 448.2921, 459.6171, 471.2993, 482.7804, 494.144, 505.2489, 516.5483, 527.4892, 538.4062, 549.0445, 560.0214, 570.5477, 581.1973, 592.2105, 602.8037, 613.4533, 624.4423, 635.002]
growth_rate:17.91
