ticker:IGMS
price:[50.400001525878906, 55.119998931884766, 83.87999725341797, 74.1500015258789, 72.12000274658203, 73.7699966430664, 75.12000274658203, 60.91999816894531, 52.790000915527344, 47.40999984741211, 53.470001220703125, 60.709999084472656, 67.68000030517578, 62.560001373291016, 86.80000305175781, 84.27999877929688, 89.51000213623047, 88.29000091552734, 84.72000122070312, 97.1500015258789, 94.29000091552734, 95.33999633789062, 107.47000122070312, 102.94999694824219, 91.5, 87.43000030517578, 78.2699966430664, 87.83000183105469, 91.0999984741211, 78.33000183105469, 77.61000061035156, 68.48999786376953, 59.689998626708984, 60.400001525878906, 70.72000122070312, 66.97000122070312, 68.76000213623047, 67.5999984741211, 74.6500015258789, 89.0999984741211, 91.30000305175781, 84.06999969482422, 83.76000213623047, 83.86000061035156, 90.25, 83.41999816894531, 85.66000366210938, 68.01000213623047, 77.70999908447266, 75.54000091552734, 75.1500015258789, 74.27999877929688]
assets:[0, 99.99870206222535, 252.1768237426758, 322.9232566452027, 414.0842077697754, 523.5604201751709, 633.141431149292, 613.4582895614624, 631.5901289535523, 667.2246328525542, 852.5096584625244, 1067.9435228950501, 1290.549317819214, 1292.921292381668, 1893.8892665863036, 1938.9035119171144, 2159.2229285316466, 2229.7904601219175, 2239.632536270142, 2668.2247919082643, 2689.6788501159667, 2819.632721694946, 3278.3723872375485, 3240.484988941955, 2980.0818000000004, 2947.527600288391, 2738.7141445388793, 3173.2277021545406, 3391.3705331962587, 3015.987058502197, 3088.26490528717, 2825.363089875794, 2562.34241604805, 2692.819308028412, 3252.914968148804, 3180.4254489715577, 3365.430800556946, 3408.6555630592347, 3864.1453539848326, 4712.124699302673, 4928.474594737243, 4638.192325163269, 4721.090640407562, 4826.730055130005, 5294.51625, 4993.838086386108, 5227.93281550293, 4250.733949517822, 4956.9965055999755, 4918.575647612, 4993.184036383819, 5035.381693249511]
shares:[0, 1.8142, 3.0064, 4.355, 5.7416, 7.0972, 8.4284, 10.0699, 11.9642, 14.0735, 15.9437, 17.5909, 19.0684, 20.6669, 21.819, 23.0055, 24.1227, 25.2553, 26.4357, 27.465, 28.5256, 29.5745, 30.505, 31.4763, 32.5692, 33.713, 34.9906, 36.1292, 37.2269, 38.5036, 39.7921, 41.2522, 42.9275, 44.5831, 45.9971, 47.4903, 48.9446, 50.4239, 51.7635, 52.8858, 53.9811, 55.1706, 56.3645, 57.557, 58.665, 59.8638, 61.0312, 62.5016, 63.7884, 65.1122, 66.4429, 67.7892]
growth_rate:-1.27
