ticker:IGNY
price:[9.800000190734863, 9.680000305175781, 9.65999984741211, 9.789999961853027, 9.760000228881836, 9.779999732971191, 9.770000457763672, 9.8100004196167, 9.859999656677246, 9.670000076293945, 9.640000343322754, 9.710000038146973, 9.75, 9.75, 9.670000076293945, 9.65999984741211, 9.729999542236328, 9.720000267028809, 9.670000076293945, 9.739999771118164, 9.6899995803833, 9.670000076293945, 9.649999618530273, 9.680000305175781, 9.720000267028809]
assets:[0, 100.00021115264893, 199.7939128440857, 302.48260782136913, 401.5556894168854, 502.37804828329087, 601.8642691997528, 704.3286001272202, 807.9185118684768, 892.3505080404282, 989.581703243351, 1096.7678083087922, 1201.2857999999999, 1301.2857000000001, 1390.6088659715651, 1489.1710864772797, 1599.962204727173, 1698.3182986563681, 1789.5824321193695, 1902.5365572919845, 1992.7697317049026, 2088.6571614789964, 2184.337243651962, 2291.1282962310793, 2400.596093949413]
shares:[0, 10.3306, 20.6826, 30.8971, 41.143, 51.3679, 61.6033, 71.797, 81.939, 92.2803, 102.6537, 112.9524, 123.2088, 133.4652, 143.8065, 154.1585, 164.436, 174.7241, 185.0654, 195.3323, 205.6522, 215.9935, 226.3562, 236.6868, 246.9749]
growth_rate:0.02
