ticker:IGNYU
price:[10.300000190734863, 10.5, 10.729999542236328, 10.539999961853027, 10.5, 10.109999656677246, 10.1899995803833, 10.140000343322754, 10.029999732971191, 10.020000457763672, 10.170000076293945, 10.109999656677246, 10.100000381469727, 10.109999656677246, 10.039999961853027, 10.085000038146973, 10.079999923706055, 10.0, 10.010000228881836, 10.0, 9.949999809265137, 10.029999732971191, 10.039999961853027, 10.079999923706055, 10.149999618530273, 9.979999542236328, 10.100000381469727, 10.09000015258789, 10.03499984741211, 10.430000305175781, 9.954999923706055, 10.010000228881836]
assets:[0, 99.9999, 202.19074637413024, 298.6108469192505, 397.47749999999996, 482.71406560764314, 586.5333188469887, 683.6550471473694, 776.2387303341866, 875.4644739955902, 988.5697724161148, 1082.7374902316092, 1181.6667146306993, 1282.8366254364967, 1373.9549187796592, 1480.1129285985946, 1579.3787400459291, 1666.844, 1768.510784437561, 1866.744, 1957.4107274777414, 2073.1487888065335, 2175.216191735268, 2283.882030713654, 2399.7420798099515, 2459.54893118515, 2589.1229777893063, 2686.5594046279907, 2771.9148223514553, 2981.0234192230228, 2945.2623854278563, 3061.5345460029603]
shares:[0, 9.5238, 18.8435, 28.3312, 37.855, 47.7462, 57.5597, 67.4216, 77.3917, 87.3717, 97.2045, 107.0957, 116.9967, 126.8879, 136.8481, 146.7638, 156.6844, 166.6844, 176.6744, 186.6744, 196.7247, 206.6948, 216.655, 226.5756, 236.4278, 246.4478, 256.3488, 266.2596, 276.2247, 285.8124, 295.8576, 305.8476]
growth_rate:-1.24
