ticker:IGOV
price:[53.220001220703125, 53.119998931884766, 53.40999984741211, 52.45000076293945, 52.939998626708984, 53.36000061035156, 53.25, 53.630001068115234, 52.970001220703125, 54.119998931884766, 53.529998779296875, 54.0099983215332, 54.41999816894531, 54.70000076293945, 55.119998931884766, 55.4900016784668, 55.31999969482422, 55.630001068115234, 55.459999084472656, 54.88999938964844, 54.880001068115234, 54.75, 54.220001220703125, 54.40999984741211, 53.86000061035156, 53.2599983215332, 52.61000061035156, 52.880001068115234, 52.630001068115234, 52.43000030517578, 52.20000076293945, 52.63999938964844, 52.939998626708984, 53.38999938964844, 52.81999969482422, 53.349998474121094, 53.02000045776367, 53.209999084472656, 53.380001068115234, 53.40999984741211, 53.459999084472656, 52.29999923706055, 52.459999084472656, 52.439998626708984, 52.63999938964844, 52.560001373291016, 52.630001068115234, 53.209999084472656, 52.88999938964844, 53.130001068115234, 52.68000030517578, 52.880001068115234]
assets:[0, 99.99839798927307, 200.543867427063, 296.94043431930544, 399.71287163124083, 502.8859897521973, 601.847475, 706.1408610637665, 797.4527743774414, 914.7632819461822, 1004.79019508667, 1113.7995863864899, 1222.256832875061, 1328.548148530197, 1438.7477241199495, 1548.404104836273, 1643.6622989326477, 1752.873518655777, 1847.516765501404, 1928.527194555664, 2028.1782474739075, 2123.3747249999997, 2202.817677593994, 2310.5369665203093, 2387.182947052002, 2460.590618455505, 2530.5620733581545, 2643.550573396683, 2731.0549634262084, 2820.6763434181216, 2908.3021625068664, 3032.816716835022, 3150.09932628479, 3276.8752805389404, 3341.8896886917114, 3475.4216305984496, 3553.925328683853, 3666.658468911743, 3778.3752636039735, 3880.498197913742, 3984.1331617698665, 3997.6811916828156, 4109.910430274201, 4208.341353792573, 4324.3917418594365, 4417.820539429092, 4523.706481807709, 4673.556602587128, 4745.449415237426, 4866.98437384491, 4925.764408535004, 5044.466549892425]
shares:[0, 1.8825, 3.7548, 5.6614, 7.5503, 9.4244, 11.3023, 13.1669, 15.0548, 16.9025, 18.7706, 20.6221, 22.4597, 24.2879, 26.1021, 27.9042, 29.7119, 31.5095, 33.3126, 35.1344, 36.9566, 38.7831, 40.6274, 42.4653, 44.322, 46.1996, 48.1004, 49.9915, 51.8916, 53.7989, 55.7146, 57.6143, 59.5032, 61.3762, 63.2694, 65.1438, 67.0299, 68.9092, 70.7826, 72.6549, 74.5255, 76.4375, 78.3437, 80.2506, 82.1503, 84.0529, 85.953, 87.8323, 89.723, 91.6052, 93.5035, 95.3946]
growth_rate:-1.09
