ticker:IGSB
price:[54.970001220703125, 54.970001220703125, 54.970001220703125, 54.849998474121094, 54.869998931884766, 54.91999816894531, 54.95000076293945, 54.939998626708984, 54.88999938964844, 54.93000030517578, 54.93000030517578, 55.0099983215332, 55.09000015258789, 55.0099983215332, 55.04999923706055, 55.040000915527344, 55.09000015258789, 55.16999816894531, 55.08000183105469, 55.06999969482422, 55.130001068115234, 55.119998931884766, 55.09000015258789, 55.08000183105469, 55.029998779296875, 54.869998931884766, 54.68000030517578, 54.59000015258789, 54.61000061035156, 54.68000030517578, 54.599998474121094, 54.68000030517578, 54.72999954223633, 54.779998779296875, 54.810001373291016, 54.84000015258789, 54.83000183105469, 54.86000061035156, 54.900001525878906, 54.84000015258789, 54.90999984741211, 54.720001220703125, 54.75, 54.7599983215332, 54.810001373291016, 54.77000045776367, 54.880001068115234, 54.91999816894531, 54.75, 54.7400016784668, 54.75, 54.79999923706055]
assets:[0, 100.00142622070312, 200.00285244140625, 299.56875166625974, 399.67855921974177, 500.0410913284302, 600.3122733348846, 700.2047884975433, 799.566154109192, 900.1489010009766, 1000.148966556549, 1101.6082223876954, 1203.2096753326416, 1301.4650472896576, 1402.409740563965, 1502.1572089866638, 1603.5211614414213, 1705.8508263839722, 1803.0658919403074, 1902.74008045578, 2004.813514842224, 2104.4484872200014, 2203.3025201026917, 2302.9003845565794, 2400.8102657440186, 2493.8304774543763, 2585.1938624282834, 2680.936743493652, 2781.920807092285, 2885.4854881042484, 2981.2636566841124, 3085.630693221283, 3188.45484033165, 3291.368578656006, 3393.1720840175626, 3495.02998572464, 3594.391736035156, 3696.3571211242675, 3799.0526555900574, 3894.9013308372496, 3999.875010884857, 4086.0355151519775, 4188.276449999999, 4289.044012535095, 4392.961319067764, 4489.75435652504, 4598.773961504745, 4702.123927229309, 4787.56995, 4886.694689838409, 4987.588125, 5092.141969105912]
shares:[0, 1.8192, 3.6384, 5.4616, 7.2841, 9.1049, 10.9247, 12.7449, 14.5667, 16.3872, 18.2077, 20.0256, 21.8408, 23.6587, 25.4752, 27.2921, 29.1073, 30.9199, 32.7354, 34.5513, 36.3652, 38.1794, 39.9946, 41.8101, 43.6273, 45.4498, 47.2786, 49.1104, 50.9416, 52.7704, 54.6019, 56.4307, 58.2579, 60.0834, 61.9079, 63.7314, 65.5552, 67.378, 69.1995, 71.023, 72.8442, 74.6717, 76.4982, 78.3244, 80.1489, 81.9747, 83.7969, 85.6177, 87.4442, 89.271, 91.0975, 92.9223]
growth_rate:-0.15
