ticker:IHRT
price:[9.199999809265137, 9.010000228881836, 9.119999885559082, 7.929999828338623, 8.1899995803833, 8.130000114440918, 8.100000381469727, 8.850000381469727, 8.220000267028809, 8.869999885559082, 10.130000114440918, 10.789999961853027, 12.470000267028809, 12.359999656677246, 12.270000457763672, 12.449999809265137, 12.149999618530273, 12.979999542236328, 13.279999732971191, 13.800000190734863, 13.699999809265137, 14.539999961853027, 13.989999771118164, 14.899999618530273, 14.75, 14.069999694824219, 15.760000228881836, 16.540000915527344, 18.09000015258789, 17.139999389648438, 18.280000686645508, 18.209999084472656, 19.25, 19.639999389648438, 19.139999389648438, 22.639999389648438, 22.639999389648438, 22.030000686645508, 23.209999084472656, 23.600000381469727, 24.770000457763672, 25.65999984741211, 27.360000610351562, 26.729999542236328, 26.079999923706055, 24.90999984741211, 25.479999542236328, 25.850000381469727, 21.979999542236328, 23.09000015258789, 23.350000381469727, 24.760000228881836]
assets:[0, 100.00019054031372, 201.22094147500994, 274.96481404781343, 383.97994032669067, 481.1667397730827, 579.3914072864532, 733.0384515968323, 780.8556373662949, 942.6024698385239, 1176.5012522912025, 1353.1533942160606, 1663.838466628933, 1749.1611954136847, 1836.4252015125276, 1963.3649699211119, 2016.0555117025374, 2253.778326516342, 2405.8684956237794, 2600.0745959365845, 2681.2338126711843, 2945.6309662718772, 2934.2079909952163, 3225.067667431831, 3292.6012, 3240.8063447074887, 3730.0721261716844, 4014.6816462219235, 4490.905852880478, 4355.064736917114, 4744.72590222454, 4826.55661533966, 5202.208549999999, 5407.60279994812, 5369.935454759217, 6451.899482063293, 6551.900359367371, 6475.370627828597, 6922.212793950654, 7138.528115386964, 7592.428707312394, 7965.228324634551, 8592.933503692628, 8495.06917351799, 8388.493751460457, 8112.170622308349, 8397.79507312851, 8619.742082201958, 7429.281607275008, 7904.46440423584, 8093.47205722332, 8682.200548258399]
shares:[0, 11.0988, 22.0637, 34.674, 46.884, 59.1841, 71.5298, 82.8292, 94.9946, 106.2686, 116.1403, 125.4081, 133.4273, 141.5179, 149.6679, 157.7, 165.9305, 173.6347, 181.1648, 188.4112, 195.7105, 202.5881, 209.7361, 216.4475, 223.2272, 230.3345, 236.6797, 242.7256, 248.2535, 254.0878, 259.5583, 265.0498, 270.2446, 275.3362, 280.5609, 284.9779, 289.3949, 293.9342, 298.2427, 302.48, 306.5171, 310.4142, 314.0692, 317.8103, 321.6447, 325.6592, 329.5838, 333.4523, 338.0019, 342.3328, 346.6155, 350.6543]
growth_rate:70.24
