ticker:III
price:[2.130000114440918, 2.059999942779541, 2.1700000762939453, 2.059999942779541, 2.0899999141693115, 2.1500000953674316, 2.0999999046325684, 2.0999999046325684, 2.049999952316284, 2.4100000858306885, 2.680000066757202, 2.6700000762939453, 3.190000057220459, 3.119999885559082, 3.1600000858306885, 3.2699999809265137, 3.0299999713897705, 3.2799999713897705, 3.5, 3.950000047683716, 3.5999999046325684, 3.5299999713897705, 3.7200000286102295, 3.7200000286102295, 3.809999942779541, 3.640000104904175, 3.759999990463257, 4.420000076293945, 4.070000171661377, 4.369999885559082, 4.440000057220459, 4.320000171661377, 4.349999904632568, 4.389999866485596, 4.550000190734863, 4.880000114440918, 5.429999828338623, 5.840000152587891, 5.860000133514404, 5.599999904632568, 5.78000020980835, 5.539999961853027, 5.650000095367432, 6.010000228881836, 6.0, 5.679999828338623, 5.980000019073486, 5.96999979019165, 5.940000057220459, 6.840000152587891, 6.630000114440918, 7.059999942779541]
assets:[0, 100.0000192223072, 205.33972921943663, 294.9308098077297, 399.22593160486224, 510.68694265251156, 598.8103528061868, 698.8102482648849, 782.1719468064069, 1019.5290873099088, 1233.7500907319784, 1329.1465969797134, 1688.006713278532, 1750.9657757749558, 1873.414266884947, 2038.6278601089475, 1989.0037882191898, 2253.1129963469266, 2504.2363499999997, 2926.2098053246973, 2766.9253667015078, 2813.1240471999645, 3064.538627569127, 3164.538552338219, 3341.0998208217143, 3292.0219188755036, 3500.5498391213177, 4215.007986755562, 3981.240386917734, 4374.697635436059, 4544.772958570718, 4521.941171685791, 4653.343232982206, 4796.132363133764, 5070.934717572308, 5538.716681888485, 6262.956915005922, 6835.850994607545, 6959.261150559997, 6750.487965039873, 7067.468090542174, 6874.008684667397, 7110.496305019426, 7663.554429854966, 7750.803, 7437.4264232255455, 7930.248455293894, 8016.9867512527935, 8076.700643803453, 9400.443401706696, 9211.833543006134, 9909.282485686446]
shares:[0, 48.5437, 94.6266, 143.1703, 191.0172, 237.5288, 285.1478, 332.7668, 381.5473, 423.0411, 460.3545, 497.8077, 529.1557, 561.207, 592.8526, 623.4336, 656.4369, 686.9247, 715.4961, 740.8126, 768.5904, 796.919, 823.8007, 850.6824, 876.9291, 904.4016, 930.9973, 953.6217, 978.1917, 1001.075, 1023.5975, 1046.7456, 1069.7341, 1092.5131, 1114.4911, 1134.9829, 1153.3991, 1170.5224, 1187.5872, 1205.4443, 1222.7453, 1240.7958, 1258.4949, 1275.1338, 1291.8005, 1309.4061, 1326.1285, 1342.8789, 1359.7139, 1374.3338, 1389.4168, 1403.5811]
growth_rate:94.3
