ticker:IIIIU
price:[10.399999618530273, 10.6899995803833, 10.569999694824219, 10.6899995803833, 11.020000457763672, 11.119999885559082, 10.569999694824219, 11.225000381469727, 11.0600004196167, 11.430000305175781, 10.84000015258789, 10.25, 10.75, 10.300000190734863, 10.029999732971191, 10.140000343322754, 10.390000343322754, 10.140000343322754, 10.050000190734863, 10.079999923706055, 10.0, 10.020000457763672, 10.010000228881836, 9.989999771118164, 10.0649995803833, 10.0600004196167, 10.100000381469727, 10.050000190734863, 10.25, 10.119999885559082, 10.069999694824219, 10.09000015258789, 10.100000381469727, 10.140000343322754, 10.024999618530273, 9.90999984741211, 9.90999984741211]
assets:[0, 99.99960107469559, 198.87665825805664, 301.13408117952343, 410.429999048996, 514.1543227086067, 588.7236150024414, 725.2057421453477, 814.5458049038888, 941.7954491455077, 993.1814099803925, 1039.1245, 1189.813225, 1240.0067229623794, 1307.501738190365, 1421.8409881410598, 1556.895835445404, 1619.4341048312187, 1705.0599173596383, 1810.149250299263, 1895.7830000000001, 1999.5742573505402, 2097.5785309617995, 2193.3873667470934, 2309.853994200611, 2408.707146470547, 2518.2846051137926, 2605.8173144547463, 2757.6743500000002, 2822.6987040798185, 2908.752642848968, 3014.5298145877837, 3117.517627746391, 3229.8638893575667, 3293.233427186394, 3355.4555873348236, 3455.4554137950895]
shares:[0, 9.3545, 18.8152, 28.1697, 37.2441, 46.2369, 55.6976, 64.6063, 73.6479, 82.3968, 91.6219, 101.378, 110.6803, 120.389, 130.3591, 140.221, 149.8456, 159.7075, 169.6577, 179.5783, 189.5783, 199.5583, 209.5483, 219.5583, 229.4937, 239.4341, 249.3351, 259.2853, 269.0414, 278.9228, 288.8533, 298.7641, 308.6651, 318.527, 328.5021, 338.5929, 348.6837]
growth_rate:-4.02
