ticker:IIIIW
price:[2.5399999618530273, 2.4000000953674316, 1.8450000286102295, 1.2960000038146973, 1.5, 1.274999976158142, 1.0399999618530273, 0.9900000095367432, 1.0199999809265137, 0.9300000071525574, 0.9100000262260437, 0.8199999928474426, 1.0499999523162842, 0.949999988079071, 0.9900000095367432, 1.0, 0.9900000095367432, 1.0180000066757202, 1.100000023841858, 1.0700000524520874, 1.1119999885559082, 1.1399999856948853, 1.100000023841858, 1.1200000047683716, 1.0499999523162842, 1.0499999523162842, 1.0, 1.0, 0.7799999713897705]
assets:[0, 100.00008397364616, 176.8749867427826, 224.24389986004832, 359.5416, 405.6103874152899, 430.8507681964874, 510.13680791418557, 625.5954663016796, 670.3958991559625, 755.9787907871782, 781.2116151857794, 1100.3319100305557, 1095.5384662528038, 1241.6664269610642, 1354.2085, 1440.6664278780459, 1581.4125175704003, 1808.7954892045857, 1859.4647091521501, 2032.4529750831127, 2183.629844599056, 2207.0113378356814, 2347.1387619928837, 2300.4424805298568, 2400.4424809885504, 2386.1358, 2486.1358, 2039.185827203107]
shares:[0, 41.6667, 95.8672, 173.0277, 239.6944, 318.1258, 414.2796, 515.2897, 613.3289, 720.8558, 830.7459, 952.6971, 1047.9352, 1153.1984, 1254.2085, 1354.2085, 1455.2186, 1553.4504, 1644.3595, 1737.8174, 1827.7455, 1915.4648, 2006.3739, 2095.6596, 2190.8977, 2286.1358, 2386.1358, 2486.1358, 2614.3409]
growth_rate:-27.17
