ticker:IIII
price:[10.300000190734863, 10.649999618530273, 10.4399995803833, 9.90999984741211, 10.114999771118164, 10.0, 9.850000381469727, 9.949999809265137, 9.970000267028809, 9.979999542236328, 9.859999656677246, 9.869999885559082, 9.800000190734863, 9.800000190734863, 9.803999900817871, 9.710000038146973, 9.795000076293945, 9.770000457763672, 9.78600025177002, 9.710000038146973, 9.720000267028809, 9.711000442504883, 9.739999771118164, 9.744999885559082, 9.75, 9.800000190734863, 9.720000267028809, 9.649999618530273, 9.6899995803833]
assets:[0, 100.00030141811371, 198.02800004062652, 287.9746855659485, 393.9317005861283, 489.45300000000003, 582.1113825439453, 688.0215918110848, 789.404681142807, 890.1959991683959, 979.4923658943177, 1080.4856664719582, 1172.8228628263473, 1272.8230447726248, 1373.3423453065873, 1460.1752407364845, 1572.9575132518767, 1668.9427421966554, 1771.6760789809227, 1857.9172332990645, 1959.8310178406716, 2058.0163930784224, 2164.1617171440125, 2265.272973897648, 2366.435175, 2478.570968239784, 2558.338090282917, 2639.913725642776, 2750.8561898766516]
shares:[0, 9.3897, 18.9682, 29.059, 38.9453, 48.9453, 59.0976, 69.1479, 79.178, 89.198, 99.34, 109.4717, 119.6758, 129.8799, 140.0798, 150.3785, 160.5878, 170.8232, 181.0419, 191.3406, 201.6287, 211.9263, 222.1932, 232.4549, 242.7113, 252.9154, 263.2035, 273.5662, 283.8861]
growth_rate:-1.76
