ticker:IIIV
price:[26.350000381469727, 23.899999618530273, 22.809999465942383, 24.8700008392334, 25.43000030517578, 25.809999465942383, 25.020000457763672, 25.43000030517578, 20.6299991607666, 23.040000915527344, 24.899999618530273, 24.799999237060547, 27.8799991607666, 29.65999984741211, 29.700000762939453, 32.529998779296875, 32.849998474121094, 33.20000076293945, 31.709999084472656, 29.579999923706055, 28.6200008392334, 29.020000457763672, 32.61000061035156, 33.900001525878906, 32.86000061035156, 33.20000076293945, 32.40999984741211, 33.779998779296875, 33.380001068115234, 31.6200008392334, 31.649999618530273, 32.470001220703125, 33.7599983215332, 33.459999084472656, 33.220001220703125, 31.65999984741211, 31.559999465942383, 30.719999313354492, 31.06999969482422, 30.75, 32.22999954223633, 30.010000228881836, 31.389999389648438, 31.09000015258789, 31.6299991607666, 31.020000457763672, 32.130001068115234, 31.920000076293945, 31.0, 28.530000686645508, 27.190000534057617, 29.059999465942383]
assets:[0, 99.99998840389252, 195.43835642414092, 313.08844056510924, 420.1392070419312, 526.4181681074143, 610.305365166092, 720.3073016441344, 684.346584160614, 864.2926423439027, 1034.06710415802, 1129.9152452396393, 1370.243410753441, 1557.7253959861755, 1659.8261226379395, 1917.9849930267335, 2036.8510153884888, 2158.5511696037292, 2161.676979588318, 2116.4756165410995, 2147.7879629802705, 2277.8059539302826, 2659.5868637786866, 2864.7975989479064, 2876.9094834365847, 3006.675069093704, 3035.131665710449, 3263.428256069946, 3324.7849643886566, 3249.483140245247, 3352.567354592323, 3539.428200064087, 3780.046244065094, 3846.4544227539063, 3918.8638840026856, 3834.8364775177006, 3922.7248856197357, 3918.3174804187774, 4062.9586130928037, 4121.111925, 4419.461335230255, 4215.0485801475525, 4508.875207328797, 4565.7841524086, 4745.088192099381, 4753.576216148758, 5023.676678004837, 5090.841012167931, 5044.1123, 4742.211066133118, 4619.477768734359, 5037.184751427842]
shares:[0, 4.1841, 8.5681, 12.589, 16.5214, 20.3959, 24.3927, 28.3251, 33.1724, 37.5127, 41.5288, 45.5611, 49.1479, 52.5194, 55.8864, 58.9605, 62.0046, 65.0166, 68.1702, 71.5509, 75.045, 78.4909, 81.5574, 84.5073, 87.5505, 90.5625, 93.648, 96.6083, 99.6041, 102.7667, 105.9263, 109.0061, 111.9682, 114.9568, 117.967, 121.1256, 124.2942, 127.5494, 130.7679, 134.0199, 137.1226, 140.4548, 143.6405, 146.857, 150.0186, 153.2423, 156.3547, 159.4875, 162.7133, 166.2184, 169.8962, 173.3374]
growth_rate:-1.23
