ticker:IIN
price:[12.0600004196167, 11.899999618530273, 11.850000381469727, 11.720000267028809, 11.960000038146973, 13.779999732971191, 14.079999923706055, 13.029999732971191, 12.5, 12.25, 16.299999237060547, 17.770000457763672, 18.049999237060547, 18.31999969482422, 17.06999969482422, 16.579999923706055, 17.030000686645508, 18.100000381469727, 17.75, 18.100000381469727, 20.549999237060547, 18.329999923706055, 20.68000030517578, 21.780000686645508, 22.93000030517578, 22.959999084472656, 25.469999313354492, 27.290000915527344, 26.149999618530273, 25.1299991607666, 25.06999969482422, 24.81999969482422, 25.389999389648438, 25.209999084472656, 23.1299991607666, 21.920000076293945, 23.68000030517578, 25.420000076293945, 22.329999923706055, 22.700000762939453, 21.610000610351562, 20.399999618530273, 20.93000030517578, 21.770000457763672, 21.360000610351562, 22.280000686645508, 23.459999084472656, 24.0, 20.5, 22.84000015258789, 21.06999969482422, 21.399999618530273]
assets:[0, 100.00045679435729, 199.5800764247894, 297.3903187757492, 403.4801692869186, 564.8793950537681, 677.1775963306427, 726.6778731079102, 797.12, 881.178025, 1272.506710438919, 1487.2672963127138, 1610.7025119186403, 1734.7958831016542, 1716.4277303138733, 1767.157737868309, 1915.120648217201, 2135.448905006027, 2194.1556, 2337.4213792627334, 2753.8129227619174, 2556.3201193599702, 2984.053732035828, 3242.7807422332767, 3514.0019097679137, 3618.599175708771, 4114.18681808567, 4508.17170124054, 4419.84940052433, 4347.449646813965, 4437.069049987793, 4492.82202875824, 4696.002259112549, 4762.7108420372015, 4469.754374822426, 4335.927263091469, 4784.068093654632, 5235.599811713791, 4699.172076944542, 4877.036143915558, 4742.852722956848, 4577.288674407006, 4796.207940932464, 5088.698421001434, 5092.860673526001, 5412.2154347986225, 5798.85899569931, 6032.3376, 5252.6206999999995, 5952.188547764969, 5590.920205021668, 5778.4856769945145]
shares:[0, 8.4034, 16.8422, 25.3746, 33.7358, 40.9927, 48.095, 55.7696, 63.7696, 71.9329, 78.0679, 83.6954, 89.2356, 94.6941, 100.5523, 106.5837, 112.4557, 117.9806, 123.6144, 129.1393, 134.0055, 139.461, 144.2966, 148.888, 153.2491, 157.6045, 161.5307, 165.195, 169.0191, 172.9984, 176.9872, 181.0162, 184.9548, 188.9215, 193.2449, 197.8069, 202.0299, 205.9638, 210.4421, 214.8474, 219.4749, 224.3769, 229.1547, 233.7482, 238.4298, 242.9181, 247.1807, 251.3474, 256.2254, 260.6037, 265.3498, 270.0227]
growth_rate:13.3
