ticker:IIVI
price:[39.0, 36.4900016784668, 38.220001220703125, 40.04999923706055, 41.7400016784668, 45.41999816894531, 45.9900016784668, 47.20000076293945, 45.470001220703125, 57.20000076293945, 59.47999954223633, 64.77999877929688, 66.41000366210938, 71.13999938964844, 70.08000183105469, 74.56999969482422, 77.83000183105469, 75.95999908447266, 82.37000274658203, 88.2699966430664, 93.87000274658203, 84.06999969482422, 88.0, 89.91999816894531, 90.27999877929688, 84.30000305175781, 74.61000061035156, 71.45999908447266, 69.05999755859375, 70.55000305175781, 71.4000015258789, 76.20999908447266, 81.41999816894531, 77.87000274658203, 67.13999938964844, 63.63999938964844, 63.66999816894531, 66.33999633789062, 67.37000274658203, 69.25, 70.0999984741211, 67.45999908447266, 71.0199966430664, 73.19000244140625, 72.4000015258789, 69.54000091552734, 71.38999938964844, 69.80999755859375, 68.36000061035156, 63.34000015258789, 60.41999816894531, 63.599998474121094]
assets:[0, 100.00084959983826, 204.74072453918458, 314.54468400802614, 427.81832120361327, 565.5380232009887, 672.6359675487519, 790.3309727748871, 861.3655151245117, 1183.576695786667, 1330.7519777584077, 1549.3302748046874, 1688.3149591003416, 1908.5652456253051, 1980.1244677368163, 2206.9886249679566, 2403.4760695449827, 2445.729666522217, 2752.1135837677, 3049.2428990364074, 3342.6920238052367, 3093.7171397697452, 3338.3415999999997, 3511.178104501343, 3625.238490982056, 3485.105436164856, 3184.5040460510254, 3150.0568036422733, 3144.2602528442385, 3312.096883270264, 3452.004433772278, 3784.558070535278, 4143.284582821655, 4062.6337832946774, 3602.8263632476805, 3515.008994288635, 3616.6660069900513, 3868.3316244598386, 4028.3893142318725, 4240.800749999999, 4392.851454380036, 4327.417275270844, 4655.786899932861, 4898.043300384522, 4945.17350422287, 4849.823973850251, 5078.848753578186, 5066.446610815429, 5061.210381188965, 4789.5427875381465, 4668.743888511658, 5014.465559693909]
shares:[0, 2.7405, 5.3569, 7.8538, 10.2496, 12.4513, 14.6257, 16.7443, 18.9436, 20.6919, 22.3731, 23.9168, 25.4226, 26.8283, 28.2552, 29.5962, 30.8811, 32.1976, 33.4116, 34.5445, 35.6098, 36.7993, 37.9357, 39.0478, 40.1555, 41.3417, 42.682, 44.0814, 45.5294, 46.9468, 48.3474, 49.6596, 50.8878, 52.172, 53.6614, 55.2327, 56.8033, 58.3107, 59.795, 61.239, 62.6655, 64.1479, 65.556, 66.9223, 68.3035, 69.7415, 71.1423, 72.5748, 74.0376, 75.6164, 77.2715, 78.8438]
growth_rate:-1.68
