ticker:IIVIP
price:[185.80999755859375, 176.01499938964844, 178.47999572753906, 185.0, 193.64999389648438, 207.27000427246094, 209.8000030517578, 214.89999389648438, 208.0800018310547, 250.32000732421875, 260.0, 277.70001220703125, 286.6499938964844, 298.17999267578125, 299.44000244140625, 314.8900146484375, 329.010009765625, 320.6099853515625, 340.19000244140625, 363.0799865722656, 382.4100036621094, 348.9200134277344, 366.5199890136719, 371.5, 373.4100036621094, 349.6400146484375, 313.17999267578125, 320.4849853515625, 289.3699951171875, 286.5249938964844, 298.80999755859375, 312.6300048828125, 331.4200134277344, 321.42999267578125, 279.0, 269.70001220703125, 261.989990234375, 280.239990234375, 280.739990234375, 292.3699951171875, 294.8599853515625, 288.4800109863281, 296.8299865722656, 303.3800048828125, 297.1300048828125, 295.5299987792969, 296.1300048828125, 291.82000732421875, 286.20001220703125, 269.9599914550781, 254.9600067138672, 263.1600036621094]
assets:[0, 99.99412115325929, 201.39682717895508, 308.7465, 423.18333166198727, 552.9549173980713, 659.6951295959473, 775.7245079681397, 851.109631489563, 1123.8867688842772, 1267.3439999999998, 1453.620713897705, 1600.4815759216308, 1764.8677406494141, 1872.3384472656248, 2068.953352246094, 2261.713510131836, 2303.9674767333986, 2544.689256262207, 2815.9031438598636, 3065.8192403594967, 2897.3271154998774, 3143.4586857757567, 3286.1775500000003, 3403.072068374634, 3286.441317687988, 3043.7337128173826, 3214.720791064453, 3002.6188173339847, 3073.0951695373537, 3304.8684539978026, 3557.7294555664066, 3871.5491708587642, 3854.8456161621098, 3445.9848, 3431.1235552978515, 3433.0382350341797, 3772.1703885498046, 3878.9002230712895, 4139.5790498657225, 4274.821095629883, 4282.312675085449, 4506.265075149537, 4705.696917736816, 4708.767752380371, 4783.419007241821, 4893.13374868164, 4921.92378953247, 4927.133550152587, 4747.543405728149, 4583.747488703919, 4831.170295230102]
shares:[0, 0.5681, 1.1284, 1.6689, 2.1853, 2.6678, 3.1444, 3.6097, 4.0903, 4.4898, 4.8744, 5.2345, 5.5834, 5.9188, 6.2528, 6.5704, 6.8743, 7.1862, 7.4802, 7.7556, 8.0171, 8.3037, 8.5765, 8.8457, 9.1135, 9.3995, 9.7188, 10.0308, 10.3764, 10.7254, 11.0601, 11.38, 11.6817, 11.9928, 12.3512, 12.722, 13.1037, 13.4605, 13.8167, 14.1587, 14.4978, 14.8444, 15.1813, 15.5109, 15.8475, 16.1859, 16.5236, 16.8663, 17.2157, 17.5861, 17.9783, 18.3583]
growth_rate:-5.27
