ticker:IJT
price:[90.68499755859375, 88.19000244140625, 88.8550033569336, 85.93499755859375, 89.80000305175781, 94.83999633789062, 94.80500030517578, 94.94999694824219, 89.6500015258789, 95.58000183105469, 101.2699966430664, 103.41999816894531, 106.87999725341797, 109.19999694824219, 110.02999877929688, 113.33000183105469, 115.30999755859375, 114.18000030517578, 121.2300033569336, 122.8499984741211, 125.75, 121.27999877929688, 128.4499969482422, 133.5399932861328, 131.0, 126.70999908447266, 125.2300033569336, 133.97999572753906, 130.57000732421875, 128.27999877929688, 130.44000244140625, 129.7899932861328, 131.22999572753906, 131.52000427246094, 130.5800018310547, 130.80999755859375, 128.33999633789062, 127.3499984741211, 130.58999633789062, 131.0500030517578, 132.25, 127.72000122070312, 133.19000244140625, 132.02000427246094, 131.92999267578125, 126.1500015258789, 129.5, 132.27999877929688, 134.17999267578125, 132.77000427246094, 130.3699951171875, 135.5]
assets:[0, 99.99864376831054, 200.7501090843201, 294.1554966430664, 407.3866938446045, 530.2504195251465, 630.0550710281373, 731.0200265045166, 790.2109734497069, 942.4761660552979, 1098.5870505836488, 1221.9072783660888, 1362.784092979431, 1492.370838293457, 1603.709238208008, 1751.8098363037109, 1882.4126481445312, 1963.9645132492067, 2185.2314255104066, 2314.4325462532047, 2469.063525, 2481.2917510253906, 2727.982500187683, 2936.077062385559, 2980.2369, 2982.6393394493107, 3047.797729699707, 3360.75421282959, 3375.2216323303223, 3416.0193994934084, 3573.5343068847656, 3655.72984589386, 3796.2869314041136, 3904.6711028442382, 3976.761723764038, 4083.7703947814944, 4106.661704818725, 4174.978674976349, 4381.202964138794, 4496.640124713134, 4637.809125, 4578.953623764039, 4875.060426361084, 4932.2409556182865, 5028.881074816895, 4908.559634372711, 5138.90965, 5349.2311866363525, 5526.068818359375, 5568.002223175048, 5567.346345483398, 5886.4181]
shares:[0, 1.1339, 2.2593, 3.423, 4.5366, 5.591, 6.6458, 7.699, 8.8144, 9.8606, 10.8481, 11.815, 12.7506, 13.6664, 14.5752, 15.4576, 16.3248, 17.2006, 18.0255, 18.8395, 19.6347, 20.4592, 21.2377, 21.9865, 22.7499, 23.5391, 24.3376, 25.084, 25.8499, 26.6294, 27.396, 28.1665, 28.9285, 29.6888, 30.4546, 31.2191, 31.9983, 32.7835, 33.5493, 34.3124, 35.0685, 35.8515, 36.6023, 37.3598, 38.1178, 38.9105, 39.6827, 40.4387, 41.184, 41.9372, 42.7042, 43.4422]
growth_rate:15.42
