ticker:IKNA
price:[32.0, 26.0, 16.049999237060547, 17.989999771118164, 20.940000534057617, 24.469999313354492, 23.809999465942383, 18.329999923706055, 19.110000610351562, 18.0, 15.680000305175781, 14.550000190734863, 13.270000457763672, 14.369999885559082, 13.260000228881836, 14.5, 13.170000076293945, 10.899999618530273, 9.90999984741211, 10.369999885559082, 10.779999732971191, 11.869999885559082, 13.289999961853027, 13.149999618530273]
assets:[0, 100.0012, 161.73102731208803, 281.27904342136384, 427.4021629005432, 599.4513611789703, 683.2826976739883, 626.0208213943481, 752.6607510391235, 808.9434, 804.6803676612853, 846.6907010992051, 872.2052820877075, 1044.50499668169, 1063.8232983627317, 1263.3067, 1247.4307992263793, 1132.4216703683853, 1129.56853960762, 1282.0005688521385, 1432.686758511257, 1677.5502868264198, 1978.2351003217698, 2057.3963403167722]
shares:[0, 3.8462, 10.0767, 15.6353, 20.4108, 24.4974, 28.6973, 34.1528, 39.3857, 44.9413, 51.3189, 58.1918, 65.7276, 72.6865, 80.228, 87.1246, 94.7176, 103.8919, 113.9827, 123.6259, 132.9023, 141.3269, 148.8514, 156.456]
growth_rate:-10.55
