ticker:IKNX
price:[3.509999990463257, 3.509999990463257, 3.450000047683716, 3.3299999237060547, 3.4800000190734863, 3.4600000381469727, 3.440000057220459, 4.46999979019165, 4.570000171661377, 4.179999828338623, 4.869999885559082, 5.260000228881836, 5.309999942779541, 5.900000095367432, 6.25, 6.420000076293945, 6.480000019073486, 9.970000267028809, 9.670000076293945, 11.130000114440918, 10.869999885559082, 9.800000190734863, 10.220000267028809, 11.800000190734863, 11.210000038146973, 9.670000076293945, 9.039999961853027, 10.369999885559082, 10.699999809265137, 10.229999542236328, 10.5, 9.800000190734863, 9.5600004196167, 9.710000038146973, 9.829999923706055, 10.289999961853027, 8.949999809265137, 9.390000343322754, 9.390000343322754, 10.869999885559082, 10.760000228881836, 10.430000305175781, 18.559999465942383, 23.469999313354492, 21.780000686645508, 19.219999313354492, 20.989999771118164, 21.770000457763672, 22.6200008392334, 24.5, 23.510000228881836, 31.75]
assets:[0, 99.99989972829817, 198.2904777406454, 291.39330832386014, 404.51903021712303, 502.19409353675843, 599.291353968525, 878.7304387550354, 998.3887435021401, 1013.1868143911361, 1280.435466910839, 1482.975534529686, 1597.07222178998, 1874.5250202997684, 2085.725625, 2242.4572346488953, 2363.4147669565677, 3736.3034620702742, 3723.8773823804854, 4386.117123098946, 4383.655727848243, 4052.1462188658716, 4325.809293025017, 5094.574562348556, 4939.845698810005, 4361.223219408988, 4177.089278373528, 4891.638868017006, 5147.303388245773, 5021.207043315124, 5253.731699999999, 5003.483197381496, 4980.949506628609, 5159.102655268192, 5322.860420687484, 5671.9467629730225, 5033.325952733993, 5380.774432735062, 5480.774180391311, 6444.622924150086, 6479.406365826988, 6380.688276695252, 11454.320374405861, 14584.532172310448, 13634.347947842218, 12131.778886585236, 13349.014352437973, 13945.072042226791, 14589.552193292619, 15902.1219, 15359.546296533013, 20842.900275]
shares:[0, 28.49, 57.4755, 87.5055, 116.2411, 145.1428, 174.2126, 196.584, 218.4658, 242.3892, 262.9231, 281.9345, 300.7669, 317.7161, 333.7161, 349.2924, 364.7245, 374.7546, 385.0959, 394.0806, 403.2802, 413.4843, 423.269, 431.7436, 440.6642, 451.0055, 462.0674, 471.7106, 481.0564, 490.8316, 500.3554, 510.5595, 521.0198, 531.3185, 541.4914, 551.2096, 562.3828, 573.0324, 583.682, 592.8816, 602.1753, 611.763, 617.1509, 621.4117, 626.0031, 631.206, 635.9702, 640.5637, 644.9846, 649.0662, 653.3197, 656.4693]
growth_rate:308.68
