ticker:IKT
price:[9.800000190734863, 6.900000095367432, 7.420000076293945, 6.840000152587891, 6.599999904632568, 6.659999847412109, 7.150000095367432, 7.199999809265137, 7.829999923706055, 6.699999809265137, 5.949999809265137, 6.369999885559082, 5.789999961853027, 5.199999809265137, 6.230000019073486, 5.619999885559082, 5.239999771118164, 5.960000038146973, 5.230000019073486, 5.400000095367432, 4.590000152587891, 4.690000057220459, 5.349999904632568, 5.260000228881836, 5.955999851226807, 2.9000000953674316, 2.9200000762939453, 2.799999952316284, 2.7200000286102295, 2.4200000762939453, 2.440000057220459, 2.2699999809265137, 2.1600000858306885, 1.909999966621399, 1.8899999856948853, 2.2200000286102295, 2.200000047683716]
assets:[0, 100.00032138214112, 207.53666013393402, 291.3142384986877, 381.09257449336053, 484.55694689826964, 620.2074532723904, 724.5446208061219, 887.9423493480683, 859.7975755233765, 863.5514373177529, 1024.5081025940895, 1031.2250482058525, 1026.1435223612784, 1329.3991450700282, 1299.2332595435141, 1311.3848747190475, 1591.5750981868744, 1496.6340644581317, 1645.2817490567209, 1498.4895468151092, 1631.1365269007206, 1960.6781300495625, 2027.6948462324142, 2395.9980837510584, 1266.6211516532421, 1375.3565359354018, 1418.8350158373833, 1478.2968955494164, 1415.249440617752, 1526.9456918084145, 1520.5601682236193, 1546.8767174673558, 1467.8399403484584, 1552.4699912495971, 1923.5361187895537, 2006.2068834833622]
shares:[0, 14.4928, 27.9699, 42.5898, 57.7413, 72.7563, 86.7423, 100.6312, 113.4026, 128.328, 145.1347, 160.8333, 178.1045, 197.3353, 213.3867, 231.1803, 250.2643, 267.0428, 286.1633, 304.6818, 326.4683, 347.7903, 366.4819, 385.4933, 402.2831, 436.7659, 471.0125, 506.7268, 543.4915, 584.8138, 625.7974, 669.8503, 716.1466, 768.5026, 821.4127, 866.4577, 911.9122]
growth_rate:-44.27
