ticker:ILMN
price:[342.3900146484375, 349.92999267578125, 295.5, 299.8900146484375, 308.42999267578125, 339.0400085449219, 326.30999755859375, 323.54998779296875, 292.70001220703125, 308.1600036621094, 308.8599853515625, 300.79998779296875, 317.0299987792969, 350.6600036621094, 342.010009765625, 366.05999755859375, 367.2900085449219, 370.0, 379.6099853515625, 376.3500061035156, 406.25, 426.44000244140625, 428.9100036621094, 504.760009765625, 486.260009765625, 439.4100036621094, 398.8500061035156, 405.1199951171875, 415.8999938964844, 401.4599914550781, 385.0400085449219, 403.3699951171875, 399.0, 414.9700012207031, 392.8399963378906, 383.94000244140625, 381.0299987792969, 398.6199951171875, 405.6400146484375, 418.1199951171875, 453.1700134277344, 456.1600036621094, 474.6600036621094, 474.7300109863281, 476.79998779296875, 465.4599914550781, 495.510009765625, 495.75, 497.239990234375, 517.3200073242188, 486.7099914550781, 464.5799865722656]
assets:[0, 100.00999190673828, 184.4511, 287.2046670288086, 395.376407611084, 534.6321894744873, 614.5722494018554, 709.383348236084, 741.7311009338379, 880.9061864685059, 982.9160173828125, 1057.2517970947265, 1214.288301324463, 1443.106179071045, 1507.5117210449218, 1713.5268485717775, 1819.2975993255614, 1932.7320000000002, 2082.9199896240234, 2165.0286801116945, 2437.053125, 2658.1711112182616, 2773.54653868103, 3364.0235610839845, 3340.7521450927734, 3118.888264993286, 2930.989154852295, 3077.0484109130857, 3258.9091721740724, 3245.763884915161, 3213.004855303955, 3465.9566830444332, 3528.3968999999997, 3769.628988088989, 3668.614873800659, 3685.516871435547, 3757.565435961914, 4031.044700622559, 4202.024911743164, 4431.319332250977, 4902.801058273315, 5035.13973642273, 5339.355449194336, 5440.121087896729, 5563.826737554932, 5531.479992453003, 5988.585325024414, 6091.47855, 6209.781618041992, 6560.548868884278, 6272.377672879028, 6087.15927406311]
shares:[0, 0.2858, 0.6242, 0.9577, 1.2819, 1.5769, 1.8834, 2.1925, 2.5341, 2.8586, 3.1824, 3.5148, 3.8302, 4.1154, 4.4078, 4.681, 4.9533, 5.2236, 5.487, 5.7527, 5.9989, 6.2334, 6.4665, 6.6646, 6.8703, 7.0979, 7.3486, 7.5954, 7.8358, 8.0849, 8.3446, 8.5925, 8.8431, 9.0841, 9.3387, 9.5992, 9.8616, 10.1125, 10.359, 10.5982, 10.8189, 11.0381, 11.2488, 11.4594, 11.6691, 11.8839, 12.0857, 12.2874, 12.4885, 12.6818, 12.8873, 13.1025]
growth_rate:19.36
