ticker:ILPT
price:[21.84000015258789, 21.75, 22.420000076293945, 21.1200008392334, 22.790000915527344, 22.149999618530273, 21.940000534057617, 21.350000381469727, 19.18000030517578, 19.15999984741211, 21.43000030517578, 21.700000762939453, 21.850000381469727, 22.799999237060547, 22.850000381469727, 23.079999923706055, 22.90999984741211, 23.290000915527344, 22.270000457763672, 22.309999465942383, 22.229999542236328, 21.209999084472656, 22.5, 22.729999542236328, 21.489999771118164, 21.270000457763672, 21.959999084472656, 23.299999237060547, 23.040000915527344, 23.729999542236328, 23.649999618530273, 23.770000457763672, 24.790000915527344, 24.540000915527344, 24.799999237060547, 25.110000610351562, 24.809999465942383, 25.229999542236328, 25.059999465942383, 25.489999771118164, 26.34000015258789, 25.510000228881836, 26.75, 26.15999984741211, 26.600000381469727, 26.989999771118164, 26.920000076293945, 27.100000381469727, 27.239999771118164, 27.09000015258789, 27.479999542236328, 27.420000076293945]
assets:[0, 99.99997499999999, 203.08036069107055, 291.3039475753784, 414.33816964492803, 502.70310134239196, 597.9374165548325, 681.8570971830368, 712.554273337555, 811.8111095348359, 1007.9922093544005, 1120.6921994018553, 1228.4397964468003, 1381.8509537601471, 1484.8821397893907, 1599.8294307115555, 1688.04544475708, 1816.0448083885194, 1836.5089497497559, 1939.8076025648118, 2032.8512071392058, 2039.5768429618836, 2263.62375, 2386.7636019325255, 2356.556841901207, 2432.4329983497623, 2611.340351131439, 2870.6833960018157, 2938.6507407714844, 3126.657620685196, 3216.116148124695, 3332.435214176178, 3575.434563045502, 3639.3778417762755, 3777.9376437767028, 3925.162652409363, 3978.266047364235, 4145.61186878357, 4217.678102116394, 4390.048347580529, 4636.440578858947, 4590.340869185638, 4913.469424999999, 4905.096763389206, 5087.598532961083, 5262.1916733753205, 5348.543683158302, 5484.305667199134, 5612.638512840272, 5681.732018003082, 5863.528414324951, 5950.726804557419]
shares:[0, 4.5977, 9.058, 13.7928, 18.1807, 22.6954, 27.2533, 31.9371, 37.1509, 42.3701, 47.0365, 51.6448, 56.2215, 60.6075, 64.9839, 69.3167, 73.6816, 77.9753, 82.4656, 86.9479, 91.4463, 96.1611, 100.6055, 105.005, 109.6583, 114.3598, 118.9135, 123.2053, 127.5456, 131.7597, 135.988, 140.195, 144.2289, 148.3039, 152.3362, 156.3187, 160.3493, 164.3128, 168.3032, 172.2263, 176.0228, 179.9428, 183.6811, 187.5037, 191.2631, 194.9682, 198.6829, 202.3729, 206.044, 209.7354, 213.3744, 217.0214]
growth_rate:16.68
