ticker:IMAB
price:[37.06999969482422, 37.54999923706055, 36.65999984741211, 38.220001220703125, 41.31999969482422, 39.599998474121094, 40.650001525878906, 40.66999816894531, 41.16999816894531, 35.689998626708984, 37.02000045776367, 40.86000061035156, 37.279998779296875, 37.9900016784668, 37.13999938964844, 39.83000183105469, 41.54999923706055, 47.150001525878906, 57.77000045776367, 49.52000045776367, 55.2400016784668, 54.38999938964844, 62.0, 58.08000183105469, 57.81999969482422, 59.189998626708984, 49.279998779296875, 55.0099983215332, 53.0, 46.619998931884766, 49.720001220703125, 51.650001525878906, 57.0, 63.709999084472656, 61.11000061035156, 59.279998779296875, 64.88999938964844, 68.94999694824219, 81.06999969482422, 78.02999877929688, 71.81999969482422, 73.41000366210938, 78.01000213623047, 81.66000366210938, 80.69999694824219, 77.44999694824219, 73.23999786376953, 78.08000183105469, 72.2699966430664, 70.18000030517578, 59.779998779296875, 63.61000061035156]
assets:[0, 99.99940296821595, 197.63039317741394, 306.03901577453615, 430.8601648178101, 512.9269002357483, 626.5262785179137, 726.8338722763062, 835.7715478286743, 824.5246242736816, 955.2492838119507, 1154.335877243042, 1153.1971142395018, 1275.160999338913, 1346.629525869751, 1544.1653579879762, 1710.8461485855103, 2041.430041065216, 2601.238695611954, 2329.762509536362, 2698.871810005188, 2757.344531057739, 3243.1394, 3138.0915389328006, 3224.0431829833983, 3400.435826105118, 2931.110263394165, 3371.925863115692, 3348.7201999999997, 3045.609938221741, 3348.129966201782, 3578.095175706482, 4048.7213999999994, 4625.333191532898, 4536.5742273101805, 4500.721275320435, 5026.651890719605, 5441.154534172058, 6497.598335540772, 6353.951588598632, 5948.276014724732, 6179.962430291748, 6667.210643575287, 7079.162879470826, 7095.942661659241, 6910.173922718812, 6634.555066486359, 7172.991144213867, 6739.242229962922, 6644.347672892761, 5759.719190386963, 6228.735786766052]
shares:[0, 2.6631, 5.3909, 8.0073, 10.4274, 12.9527, 15.4127, 17.8715, 20.3005, 23.1024, 25.8036, 28.251, 30.9334, 33.5657, 36.2582, 38.7689, 41.1756, 43.2965, 45.0275, 47.0469, 48.8572, 50.6958, 52.3087, 54.0305, 55.76, 57.4495, 59.4787, 61.2966, 63.1834, 65.3284, 67.3397, 69.2758, 71.0302, 72.5998, 74.2362, 75.9231, 77.4642, 78.9145, 80.148, 81.4296, 82.822, 84.1842, 85.4661, 86.6907, 87.9299, 89.2211, 90.5865, 91.8672, 93.2509, 94.6758, 96.3486, 97.9207]
growth_rate:22.13
