ticker:IMAC
price:[0.6980000138282776, 0.800000011920929, 0.8100000023841858, 0.7450000047683716, 0.7950000166893005, 0.8199999928474426, 0.8330000042915344, 0.8500000238418579, 0.800000011920929, 0.8299999833106995, 1.2200000286102295, 1.0399999618530273, 1.149999976158142, 1.090000033378601, 1.0299999713897705, 1.100000023841858, 1.2300000190734863, 1.5299999713897705, 1.559999942779541, 1.9500000476837158, 1.7400000095367432, 1.6799999475479126, 1.9800000190734863, 2.5899999141693115, 2.4100000858306885, 2.0799999237060547, 1.940000057220459, 2.190000057220459, 2.059999942779541, 1.659999966621399, 1.6799999475479126, 1.7300000190734863, 1.6799999475479126, 1.7000000476837158, 1.7999999523162842, 1.809999942779541, 1.559999942779541, 1.7899999618530273, 1.8700000047683716, 2.2699999809265137, 1.9700000286102295, 2.0399999618530273, 2.130000114440918, 1.9199999570846558, 1.9299999475479126, 1.4700000286102295, 1.5099999904632568, 1.590000033378601, 1.5700000524520874, 1.5099999904632568, 1.440000057220459, 1.4800000190734863]
assets:[0, 100.00000149011612, 201.25000859236715, 285.1003268247843, 404.23461248602865, 516.9463634908676, 625.1418464206696, 737.899895697534, 794.4940118388831, 924.287483414805, 1458.591286205435, 1343.3891667247772, 1585.4784021297812, 1602.7578490805627, 1614.5325771532534, 1824.2581895397307, 2139.852312182474, 2761.7674523563387, 2915.919757044697, 3744.90001657474, 3441.6030908630373, 3422.9269811311483, 4134.164205824709, 5507.8205204748865, 5225.038041086555, 4609.576022921753, 4399.316401758194, 5066.238603371, 4865.502740851307, 4020.745015152502, 4169.187661831785, 4393.2708654364105, 4366.297519677722, 4518.277466734266, 4884.058310616636, 5011.191905578613, 4419.038357910633, 5170.563280809307, 5501.64997002883, 6778.47350204444, 5982.640093885636, 6295.220990282535, 6672.951901525212, 6115.054711317873, 6246.903977226341, 4858.004791550088, 5090.195320851732, 5459.874720618224, 5491.197172455251, 5381.342345012928, 5231.876319896078, 5477.206122587442]
shares:[0, 125.0, 248.4568, 382.685, 508.4712, 630.4224, 750.4704, 868.1175, 993.1175, 1113.5994, 1195.5666, 1291.7204, 1378.6769, 1470.42, 1567.5074, 1658.4165, 1739.7173, 1805.0768, 1869.1794, 1920.4615, 1977.9328, 2037.4566, 2087.9617, 2126.5717, 2168.0655, 2216.1424, 2267.6888, 2313.3509, 2361.8946, 2422.1356, 2481.6594, 2539.4629, 2598.9867, 2657.8102, 2713.3658, 2768.6144, 2832.717, 2888.5829, 2942.0588, 2986.1117, 3036.8731, 3085.8927, 3132.8411, 3184.9244, 3236.7379, 3304.7651, 3370.9903, 3433.8834, 3497.5777, 3563.8029, 3633.2473, 3700.8149]
growth_rate:7.4
