ticker:IMBI
price:[6.159999847412109, 6.739999771118164, 6.409999847412109, 5.650000095367432, 6.070000171661377, 6.199999809265137, 5.78000020980835, 5.659999847412109, 5.460000038146973, 6.289999961853027, 6.059999942779541, 7.059999942779541, 6.159999847412109, 5.46999979019165, 5.300000190734863, 4.099999904632568, 4.090000152587891, 4.78000020980835, 5.090000152587891, 4.980000019073486, 5.300000190734863, 5.760000228881836, 6.380000114440918, 8.369999885559082, 7.590000152587891, 6.800000190734863, 6.909999847412109, 8.260000228881836, 8.390000343322754, 7.920000076293945, 8.260000228881836, 8.029999732971191, 7.539999961853027, 7.619999885559082, 7.389999866485596, 7.619999885559082, 7.409999847412109, 7.539999961853027, 9.899999618530273, 9.859999656677246, 8.699999809265137, 7.420000076293945, 8.3100004196167, 8.0600004196167, 7.349999904632568, 6.610000133514404, 6.590000152587891, 6.380000114440918, 7.320000171661377, 7.199999809265137, 6.449999809265137, 6.269999980926514]
assets:[0, 100.00002860412597, 195.10372935562134, 271.9712295906544, 392.18878109121323, 500.5879846000671, 566.6770005698204, 654.9117903442383, 731.7699531126023, 943.0100032809257, 1008.5282184771538, 1274.951975666666, 1212.4228739673615, 1176.6155528695106, 1240.047934626484, 1059.2821253607272, 1156.698669153595, 1451.8385457254888, 1645.9955963436128, 1710.423834550953, 1920.3305191082954, 2187.0006629035947, 2522.4070532455444, 3409.1762833871844, 3191.475142160797, 2959.292763005924, 3107.1636603870393, 3814.2070896903992, 3974.237448627663, 3851.604541102791, 4116.950966079331, 4102.314068582058, 3951.986174005795, 4093.91732851553, 4070.3476334614274, 4297.029949465084, 4278.6080118942255, 4453.671381467629, 5947.658410823059, 6023.627606258774, 5414.966011284733, 4718.281588514327, 5384.221288878345, 5322.240733084488, 4953.4074857287405, 4554.697267999649, 4640.916006457901, 4593.026520387173, 5369.742041925859, 5381.713297433281, 4921.118299476147, 4883.785122143411]
shares:[0, 14.8368, 30.4374, 48.1365, 64.611, 80.74, 98.041, 115.7088, 134.0238, 149.9221, 166.4238, 180.5881, 196.8219, 215.1034, 233.9713, 258.3615, 282.8114, 303.7319, 323.3783, 343.4586, 362.3265, 379.6876, 395.3616, 407.309, 420.4842, 435.1901, 449.6619, 461.7684, 473.6874, 486.3137, 498.4202, 510.8735, 524.1361, 537.2595, 550.7913, 563.9147, 577.41, 590.6726, 600.7736, 610.9156, 622.4099, 635.887, 647.9207, 660.3276, 673.933, 689.0616, 704.2361, 719.9101, 733.5713, 747.4602, 762.9641, 778.9131]
growth_rate:-4.24
