ticker:IMCR
price:[43.20000076293945, 47.65999984741211, 49.220001220703125, 48.36000061035156, 41.0, 37.630001068115234, 43.43000030517578, 40.5099983215332, 40.54999923706055, 35.470001220703125, 38.25, 37.560001373291016, 40.36000061035156, 40.310001373291016, 40.290000915527344, 37.27000045776367, 41.0, 39.04999923706055, 39.20000076293945, 40.970001220703125, 37.09000015258789, 40.0, 39.630001068115234, 35.54999923706055, 34.54999923706055, 32.720001220703125, 32.0, 30.719999313354492, 27.979999542236328, 31.510000228881836, 33.70000076293945]
assets:[0, 100.00021167984008, 203.27368304138184, 299.7207757827759, 354.1047, 425.0007580635071, 590.509028149414, 650.8052760349274, 751.4482558616638, 757.3093550628662, 916.665075, 1000.1289365673066, 1174.6858897644042, 1273.23170337677, 1372.5997511901855, 1369.7135138233184, 1606.7941, 1630.3726131465912, 1736.6345137996675, 1915.04847605896, 1833.6850995437621, 2077.552, 2158.3330811717988, 2036.1262063026427, 2078.852724094391, 2068.7417091796874, 2123.2192, 2138.29012820549, 2047.570770500946, 2405.895651475906, 2673.111020516968]
shares:[0, 2.0982, 4.1299, 6.1977, 8.6367, 11.2942, 13.5968, 16.0653, 18.5314, 21.3507, 23.9651, 26.6275, 29.1052, 31.586, 34.068, 36.7511, 39.1901, 41.7509, 44.3019, 46.7427, 49.4388, 51.9388, 54.4621, 57.275, 60.1694, 63.2256, 66.3506, 69.6058, 73.1798, 76.3534, 79.3208]
growth_rate:-10.9
