ticker:IMCV
price:[45.619998931884766, 44.67333221435547, 45.0533332824707, 42.93000030517578, 44.27000045776367, 46.3033332824707, 46.060001373291016, 47.063331604003906, 43.996665954589844, 46.2066650390625, 49.53333282470703, 49.99333190917969, 51.74333190917969, 52.72999954223633, 52.220001220703125, 51.563331604003906, 51.6533317565918, 52.13999938964844, 53.98666763305664, 54.926666259765625, 54.55666732788086, 52.70000076293945, 55.40999984741211, 56.483333587646484, 57.54666519165039, 57.526668548583984, 59.9466667175293, 62.61333465576172, 61.926666259765625, 61.810001373291016, 62.13333511352539, 62.349998474121094, 63.46333312988281, 63.59000015258789, 64.0, 66.11000061035156, 65.63999938964844, 65.12999725341797, 65.7699966430664, 66.62999725341797, 66.0199966430664, 62.83000183105469, 64.83000183105469, 64.75, 64.37999725341797, 62.599998474121094, 63.310001373291016, 63.959999084472656, 64.5, 65.41000366210938, 63.849998474121094, 65.68000030517578]
assets:[0, 100.00125416183472, 200.85226510658265, 291.3873770713806, 400.48413214111326, 518.879783096695, 616.1538503707886, 729.5757665252686, 782.036337676239, 921.319314880371, 1087.6479688316344, 1197.7502445465088, 1339.6762577941895, 1465.2243162799834, 1551.0541422576905, 1631.5514696144105, 1734.4000777233123, 1850.7405623352051, 2016.2886640926363, 2151.39512739563, 2236.905195444107, 2260.77733272934, 2477.0320101787565, 2625.0120934856413, 2774.42831288681, 2873.462846668625, 3094.3390319587706, 3331.9873877067566, 3395.445303689575, 3489.0509575195315, 3607.299890019989, 3719.8757289642335, 3886.2977845413207, 3994.0561145839692, 4119.808, 4355.630946212769, 4424.667642857361, 4490.289965641022, 4634.4170434570315, 4795.014426342773, 4851.116343334198, 4716.717350459289, 4966.859828283692, 5060.7305, 5131.813275066375, 5089.92449593277, 5247.652055829621, 5401.530654682159, 5547.13545, 5725.396489547729, 5688.849699048615, 5951.895355654908]
shares:[0, 2.2385, 4.4581, 6.7875, 9.0464, 11.2061, 13.3772, 15.502, 17.7749, 19.9391, 21.9579, 23.9582, 25.8908, 27.7873, 29.7023, 31.6417, 33.5777, 35.4956, 37.3479, 39.1685, 41.0015, 42.899, 44.7037, 46.4741, 48.2118, 49.9501, 51.6182, 53.2153, 54.8301, 56.448, 58.0574, 59.6612, 61.2369, 62.8095, 64.372, 65.8846, 67.4081, 68.9435, 70.464, 71.9648, 73.4795, 75.0711, 76.6136, 78.158, 79.7113, 81.3087, 82.8882, 84.4517, 86.0021, 87.5309, 89.0971, 90.6196]
growth_rate:16.7
