ticker:IMGN
price:[3.5299999713897705, 3.869999885559082, 4.070000171661377, 3.680000066757202, 3.869999885559082, 4.820000171661377, 5.75, 5.460000038146973, 5.639999866485596, 6.079999923706055, 5.869999885559082, 5.989999771118164, 5.519999980926514, 6.019999980926514, 6.579999923706055, 7.659999847412109, 7.019999980926514, 6.449999809265137, 6.980000019073486, 7.210000038146973, 7.380000114440918, 7.130000114440918, 7.690000057220459, 10.529999732971191, 9.699999809265137, 8.75, 8.949999809265137, 8.819999694824219, 8.550000190734863, 8.279999732971191, 8.210000038146973, 7.559999942779541, 7.519999980926514, 7.789999961853027, 8.0600004196167, 7.329999923706055, 6.75, 6.420000076293945, 6.179999828338623, 5.789999961853027, 6.480000019073486, 6.690000057220459, 6.960000038146973, 6.429999828338623, 6.360000133514404, 5.739999771118164, 5.579999923706055, 5.610000133514404, 5.710000038146973, 5.380000114440918, 5.300000190734863, 6.090000152587891]
assets:[0, 100.00002304286957, 205.16789465341566, 285.5080211792707, 400.24893316411976, 598.5013493152618, 813.979775, 872.9267880988122, 1001.7045842868805, 1179.8519531948089, 1239.1006238426207, 1364.4314988641738, 1357.3724113098144, 1580.3228369929789, 1827.3298048124313, 2227.2560256328584, 2141.1666841824053, 2067.3113688669205, 2337.183206386566, 2514.1962293022157, 2673.4766274573326, 2682.9113800623895, 2993.6308942752835, 4199.211208512783, 3968.2194819713595, 3679.57975, 3863.6844876604077, 3907.5641547966, 3887.9450067329403, 3865.167631348896, 3932.491498271942, 3721.149151835203, 3801.460758358097, 4037.949596226502, 4277.904060714626, 3990.451225465584, 3774.699225, 3690.1582638530735, 3652.2080945528987, 3521.729262797355, 4041.4172518956666, 4272.389244542313, 4544.81738490963, 4298.73201823697, 4351.934395359421, 4027.6889593963624, 4015.418723098183, 4137.007082458114, 4310.750253798961, 4161.617850524044, 4199.734991138839, 4925.733411416626]
shares:[0, 25.8398, 50.4098, 77.5837, 103.4235, 124.1704, 141.5617, 159.8767, 177.6072, 194.0546, 211.0904, 227.7849, 245.9008, 262.5121, 277.7097, 290.7645, 305.0095, 320.5134, 334.84, 348.7096, 362.2597, 376.2849, 389.2888, 398.7855, 409.0948, 420.5234, 431.6966, 443.0345, 454.7304, 466.8077, 478.988, 492.2155, 505.5134, 518.3504, 530.7573, 544.3999, 559.2147, 574.791, 590.9722, 608.2434, 623.6755, 638.6232, 652.991, 668.5431, 684.2664, 701.688, 719.6091, 737.4344, 754.9475, 773.5349, 792.4028, 808.8232]
growth_rate:-3.42
