ticker:IMKTA
price:[39.04999923706055, 39.900001525878906, 35.97999954223633, 36.4900016784668, 38.86000061035156, 38.54999923706055, 38.709999084472656, 36.43000030517578, 35.86000061035156, 36.34000015258789, 37.720001220703125, 37.689998626708984, 37.66999816894531, 37.68000030517578, 40.95000076293945, 41.099998474121094, 40.7400016784668, 42.65999984741211, 42.0, 42.810001373291016, 43.41999816894531, 47.560001373291016, 49.959999084472656, 50.63999938964844, 50.790000915527344, 51.959999084472656, 58.47999954223633, 62.86000061035156, 60.880001068115234, 64.38999938964844, 62.33000183105469, 62.029998779296875, 63.150001525878906, 62.2599983215332, 61.290000915527344, 65.70999908447266, 62.54999923706055, 62.04999923706055, 61.939998626708984, 63.75, 62.869998931884766, 59.720001220703125, 59.4900016784668, 58.06999969482422, 59.9900016784668, 59.689998626708984, 59.38999938964844, 59.7599983215332, 63.66999816894531, 65.01000213623047, 65.43000030517578, 66.08999633789062]
assets:[0, 100.0013738243103, 190.17588558044432, 292.87240247154233, 411.89269046936033, 508.60555993423463, 610.7160425559997, 674.7455366523742, 764.1873710067749, 874.4167176715852, 1007.6219366088867, 1106.8195756713867, 1206.231011367798, 1306.5502425819398, 1519.9370833179473, 1625.5049396514892, 1711.2674745033266, 1891.9155352329255, 1962.6474, 2100.498403381348, 2230.428859941101, 2543.095101431656, 2771.4260332130434, 2909.1464289367677, 3017.7640893974303, 3187.2834998405456, 3687.228299137497, 4063.389873454285, 4035.4004307994837, 4368.056583595277, 4328.313754151916, 4407.479533264161, 4587.058235836029, 4622.412637384415, 4650.397206465912, 5085.763370140839, 4941.187229730987, 5001.689108501434, 5092.824373085404, 5341.644375, 5367.909665803147, 5198.960538269042, 5278.940482941436, 5252.936681394195, 5526.614898629761, 5598.975592184067, 5670.836274720765, 5806.167892923356, 6286.056148222351, 6518.351383193207, 6660.46651006546, 6827.65177767334]
shares:[0, 2.5063, 5.2856, 8.0261, 10.5994, 13.1934, 15.7767, 18.5217, 21.3103, 24.0621, 26.7132, 29.3664, 32.021, 34.6749, 37.1169, 39.55, 42.0046, 44.3487, 46.7297, 49.0656, 51.3687, 53.4713, 55.4729, 57.4476, 59.4165, 61.3411, 63.0511, 64.6419, 66.2845, 67.8375, 69.4419, 71.054, 72.6375, 74.2437, 75.8753, 77.3971, 78.9958, 80.6074, 82.2219, 83.7905, 85.3811, 87.0556, 88.7366, 90.4587, 92.1256, 93.8009, 95.4847, 97.1581, 98.7287, 100.2669, 101.7953, 103.3084]
growth_rate:33.88
