ticker:IMMP
price:[1.2699999809265137, 1.6100000143051147, 1.8899999856948853, 1.7100000381469727, 1.649999976158142, 1.7100000381469727, 1.690000057220459, 1.7999999523162842, 1.7100000381469727, 2.009999990463257, 2.140000104904175, 1.899999976158142, 1.899999976158142, 2.0399999618530273, 3.490000009536743, 3.109999895095825, 2.940000057220459, 3.140000104904175, 3.299999952316284, 3.4600000381469727, 3.200000047683716, 3.0399999618530273, 3.180000066757202, 3.3299999237060547, 3.1500000953674316, 2.680000066757202, 2.369999885559082, 2.700000047683716, 2.9800000190734863, 3.109999895095825, 3.130000114440918, 3.5299999713897705, 3.2899999618530273, 3.309999942779541, 3.440000057220459, 3.5199999809265137, 3.5399999618530273, 4.5, 5.039999961853027, 4.96999979019165, 4.909999847412109, 4.690000057220459, 4.079999923706055, 3.9000000953674316, 3.9000000953674316, 3.630000114440918, 3.5299999713897705, 3.4200000762939453, 3.6700000762939453, 3.559999942779541, 3.3299999237060547, 3.75]
assets:[0, 99.99999888851643, 217.39138935459852, 296.68740061855317, 386.2773694184422, 500.32378116130826, 594.4720541277885, 733.1655405777454, 796.5072447686196, 1036.2452440833806, 1203.2662049848796, 1168.3204353395104, 1268.3204740846754, 1461.775640665531, 2600.7829071068763, 2417.6028914512394, 2385.4510724274155, 2647.726588457823, 2882.642358346939, 3122.406796424961, 2987.7750845213177, 2938.3861391281125, 3173.706528625083, 3423.4094185659405, 3338.3603360701086, 2940.2556772400144, 2700.151297616959, 3176.121836092329, 3605.4972550769808, 3862.7837667034864, 3987.625153797913, 4597.225568740035, 4384.666186160564, 4511.32073001213, 4788.502783651256, 4999.86323690772, 5128.2715667378425, 6618.9892500000005, 7513.268055133247, 7508.91672801137, 7518.265907355118, 7281.399087836886, 6434.35123168087, 6250.4829628442285, 6350.482865289545, 6010.834062500095, 5945.246072814488, 5859.983740725517, 6388.345277804375, 6296.868802789402, 5990.048484761429, 6845.550375]
shares:[0, 62.1118, 115.0219, 173.5014, 234.1075, 292.587, 351.7586, 407.3142, 465.7937, 515.5449, 562.2739, 614.9055, 667.5371, 716.5567, 745.21, 777.3643, 811.3779, 843.225, 873.528, 902.4297, 933.6797, 966.5744, 998.0209, 1028.0509, 1059.7969, 1097.1103, 1139.3044, 1176.3414, 1209.8984, 1242.0527, 1274.0016, 1302.3302, 1332.7253, 1362.9368, 1392.0066, 1420.4157, 1448.6643, 1470.8865, 1490.7278, 1510.8485, 1531.2151, 1552.5371, 1577.0469, 1602.6879, 1628.3289, 1655.8771, 1684.2057, 1713.4455, 1740.6935, 1768.7834, 1798.8134, 1825.4801]
growth_rate:34.23
