ticker:IMMR
price:[9.100000381469727, 8.34000015258789, 7.179999828338623, 6.920000076293945, 6.599999904632568, 6.800000190734863, 6.769999980926514, 7.0, 6.159999847412109, 7.230000019073486, 7.71999979019165, 8.140000343322754, 8.90999984741211, 8.449999809265137, 8.430000305175781, 9.149999618530273, 8.930000305175781, 11.289999961853027, 12.220000267028809, 12.670000076293945, 13.510000228881836, 12.649999618530273, 14.239999771118164, 14.920000076293945, 12.109999656677246, 9.90999984741211, 9.649999618530273, 11.09000015258789, 10.050000190734863, 9.529999732971191, 9.630000114440918, 9.0600004196167, 8.930000305175781, 8.710000038146973, 8.569999694824219, 7.900000095367432, 7.349999904632568, 8.0, 8.550000190734863, 8.6899995803833, 8.8100004196167, 8.260000228881836, 8.59000015258789, 8.460000038146973, 8.449999809265137, 7.579999923706055, 7.5, 7.559999942779541, 7.409999847412109, 7.25, 7.019999980926514, 7.579999923706055]
assets:[0, 99.99993782958984, 186.09123555088044, 279.3527910799026, 366.43463470516207, 477.5388533946037, 575.4317193788052, 694.981, 711.5834703735352, 935.1867654671191, 1098.567550143957, 1258.3341630730629, 1477.3652926994323, 1501.092611117077, 1597.5398528327942, 1833.9847485399246, 1889.8890055854797, 2489.344510588932, 2794.4012290626524, 2997.3051750486375, 3296.0212458400724, 3186.2072689176557, 3686.6875247432704, 3962.7371002635955, 3316.403331978798, 2813.918690673065, 2840.0923527296063, 3363.8986942840575, 3148.437929752922, 3085.5337315439224, 3217.9107622409824, 3127.4423828484532, 3182.567273761749, 3204.161650033188, 3252.659398173523, 3098.367397402954, 2982.657891299534, 3346.4304, 3676.497517015934, 3836.6973827362062, 3989.678289026737, 3840.606050421906, 4094.0438947242737, 4132.084824631977, 4227.200284582901, 3891.9737008266447, 3950.89725, 4082.504297100162, 4101.502346541214, 4112.94095, 4082.4613329078675, 4508.127638624954]
shares:[0, 11.9904, 25.918, 40.3689, 55.5204, 70.2263, 84.9973, 99.283, 115.5168, 129.3481, 142.3015, 154.5865, 165.8098, 177.6441, 189.5065, 200.4355, 211.6337, 220.4911, 228.6744, 236.5671, 243.969, 251.8741, 258.8966, 265.599, 273.8566, 283.9474, 294.3101, 303.3272, 313.2774, 323.7706, 334.1548, 345.1923, 356.3905, 367.8716, 379.5402, 392.1984, 405.8038, 418.3038, 429.9997, 441.5072, 452.8579, 464.9644, 476.6058, 488.4261, 500.2604, 513.453, 526.7863, 540.0138, 553.5091, 567.3022, 581.5472, 594.7398]
growth_rate:-11.61
