ticker:IMNM
price:[13.449999809265137, 13.906999588012695, 13.760000228881836, 11.739999771118164, 11.350000381469727, 11.600000381469727, 11.460000038146973, 10.699999809265137, 10.949999809265137, 13.680000305175781, 11.270000457763672, 9.960000038146973, 10.199999809265137, 9.680000305175781, 11.600000381469727, 13.729999542236328, 14.680000305175781, 14.529999732971191, 19.25, 24.670000076293945, 38.0, 39.58000183105469, 29.84000015258789, 29.200000762939453, 36.060001373291016, 31.8799991607666, 32.33000183105469, 30.399999618530273, 24.059999465942383, 29.549999237060547, 26.559999465942383, 21.979999542236328, 18.139999389648438, 17.985000610351562, 20.920000076293945, 20.489999771118164, 17.760000228881836, 16.520000457763672, 17.809999465942383, 16.760000228881836, 17.299999237060547, 15.520000457763672, 17.020000457763672, 16.219999313354492, 15.949999809265137, 14.1899995803833, 12.5, 14.350000381469727, 14.260000228881836]
assets:[0, 99.99967123756409, 198.9420833091736, 269.7370607412338, 360.7767871255875, 468.72353541412355, 563.0664738742829, 625.7252888460159, 740.3448171041489, 1024.9234068641663, 944.3629263580322, 934.5926195795058, 1057.1126802325248, 1103.220922780609, 1422.0417267642974, 1783.1576035488129, 2006.5373097129823, 2086.034283663368, 2863.6723500000003, 3769.9633306589126, 5906.9974, 6252.603293258668, 4813.938024616241, 4810.691365694046, 6040.8760040576935, 5440.63109277668, 5617.428342150879, 5382.085852463722, 4359.638219229508, 5454.418644174575, 5002.517467411423, 4239.884763698578, 3599.1590929000854, 3668.4059699935915, 4367.058383926392, 4377.29504310379, 3894.082514184952, 3722.1989471408842, 4112.854271670341, 3970.378690221214, 4198.3015348526005, 3866.3378580379485, 4340.016718727494, 4236.019886675454, 4265.506853991794, 3894.8299338248253, 3530.96375, 4153.545905414772, 4227.49542585392]
shares:[0, 7.1906, 14.458, 22.9759, 31.7865, 40.4072, 49.1332, 58.479, 67.6114, 74.9213, 83.7944, 93.8346, 103.6385, 113.9691, 122.5898, 129.8731, 136.6851, 143.5674, 148.7622, 152.8157, 155.4473, 157.9738, 161.325, 164.7497, 167.5229, 170.6597, 173.7528, 177.0423, 181.1986, 184.5827, 188.3478, 192.8974, 198.4101, 203.9703, 208.7504, 213.6308, 219.2614, 225.3147, 230.9295, 236.8961, 242.6764, 249.1197, 254.9951, 261.1603, 267.4299, 274.4771, 282.4771, 289.4457, 296.4583]
growth_rate:-11.93
