ticker:IMOS
price:[19.6299991607666, 19.219999313354492, 20.170000076293945, 18.530000686645508, 19.299999237060547, 19.510000228881836, 19.940000534057617, 20.34000015258789, 19.559999465942383, 19.559999465942383, 20.5, 21.010000228881836, 21.780000686645508, 24.950000762939453, 25.850000381469727, 24.350000381469727, 24.0, 24.350000381469727, 25.6299991607666, 25.280000686645508, 26.510000228881836, 24.209999084472656, 24.81999969482422, 26.290000915527344, 26.799999237060547, 26.65999984741211, 26.760000228881836, 26.309999465942383, 30.799999237060547, 31.18000030517578, 31.649999618530273, 34.779998779296875, 33.119998931884766, 34.70000076293945, 34.04999923706055, 33.040000915527344, 30.5, 30.190000534057617, 32.2400016784668, 33.11000061035156, 34.43000030517578, 33.970001220703125, 33.95000076293945, 34.4900016784668, 36.029998779296875, 38.70000076293945, 36.54999923706055, 38.43000030517578, 40.09000015258789, 40.900001525878906, 38.900001525878906, 41.13999938964844]
assets:[0, 99.99973442745208, 204.9433367752075, 288.2804856824875, 400.2588241775513, 504.61444991989134, 615.7352524913788, 728.0865774620056, 800.1663261526107, 900.1668234222412, 1043.4254, 1169.3829967391969, 1312.2406853702546, 1603.232159024811, 1761.064880988121, 1758.8760125547408, 1833.5952, 1960.3357407108308, 2163.3846581617354, 2233.841980674744, 2442.530683088303, 2330.616718865204, 2489.3392433921813, 2736.7733213058473, 2889.8626777317045, 2974.7654389739987, 3085.92308639431, 3134.02871938343, 3768.8757866420747, 3915.37553232193, 4074.396235892296, 4577.329557345582, 4458.859344202423, 4771.569344911193, 4782.189597848129, 4740.33813935318, 4475.9177, 4530.426202142715, 4938.055977083206, 5171.308622328186, 5477.472191550446, 5504.291780795288, 5601.050755869293, 5790.140093778992, 6148.674220681763, 6704.322342170334, 6431.860530742264, 6862.691106497193, 7259.128399629211, 7505.796500022889, 7238.765133945465, 7755.597492938233]
shares:[0, 5.2029, 10.1608, 15.5575, 20.7388, 25.8644, 30.8794, 35.7958, 40.9083, 46.0208, 50.8988, 55.6584, 60.2498, 64.2578, 68.1263, 72.2331, 76.3998, 80.5066, 84.4083, 88.364, 92.1362, 96.2667, 100.2957, 104.0994, 107.8307, 111.5816, 115.3185, 119.1193, 122.3661, 125.5733, 128.7329, 131.6081, 134.6274, 137.5092, 140.4461, 143.4727, 146.7514, 150.0638, 153.1655, 156.1857, 159.0901, 162.0339, 164.9794, 167.8788, 170.6543, 173.2383, 175.9743, 178.5764, 181.0708, 183.5158, 186.0865, 188.5172]
growth_rate:52.07
