ticker:IMRA
price:[22.81999969482422, 21.84000015258789, 25.25, 22.25, 18.889999389648438, 19.84000015258789, 19.469999313354492, 17.239999771118164, 15.8100004196167, 16.09000015258789, 20.049999237060547, 20.5, 29.0, 26.139999389648438, 24.1200008392334, 23.850000381469727, 22.020000457763672, 22.049999237060547, 13.399999618530273, 13.739999771118164, 14.039999961853027, 13.020000457763672, 14.100000381469727, 14.039999961853027, 13.449999809265137, 12.59000015258789, 9.970000267028809, 10.25, 10.079999923706055, 8.609999656677246, 8.40999984741211, 7.670000076293945, 6.920000076293945, 7.690000057220459, 7.400000095367432, 7.25, 8.050000190734863, 7.820000171661377, 7.269999980926514, 8.15999984741211, 8.550000190734863, 7.510000228881836, 8.0, 7.829999923706055, 7.199999809265137, 5.559999942779541, 5.380000114440918, 5.389999866485596, 5.789999961853027, 4.519999980926514, 4.349999904632568, 4.809999942779541]
assets:[0, 100.00099269866944, 215.61479999999997, 289.9976, 346.2045748138428, 463.61517156562803, 554.9689664279938, 591.4061241483688, 642.3508310487747, 753.7264031478882, 1039.2295554553984, 1162.55295, 1744.5878, 1672.5364929473878, 1643.2884211767196, 1724.8940375888824, 1692.5431131855012, 1794.8478878974915, 1190.7467461019517, 1320.9594559953691, 1449.8012840608599, 1444.4740047855378, 1664.2921350267409, 1757.209891225624, 1783.3664097100257, 1769.3369304439545, 1501.135084205246, 1643.293325, 1716.0383390115737, 1565.7826805645943, 1629.4113994365694, 1586.0386647764205, 1530.9503688789368, 1801.3017684032916, 1833.372223627567, 1896.209225, 2205.4464772553442, 2242.433533224964, 2184.7178722681997, 2552.17296027565, 2774.1518718862535, 2536.711355311203, 2802.2224, 2842.675208301544, 2713.9542481047633, 2195.7757494022844, 2224.6897653225897, 2328.8249023132325, 2601.6507908592225, 2130.9951230076313, 2150.8470128458025, 2478.2928265178684]
shares:[0, 4.5788, 8.5392, 13.0336, 18.3274, 23.3677, 28.5038, 34.3043, 40.6294, 46.8444, 51.8319, 56.7099, 60.1582, 63.9838, 68.1297, 72.3226, 76.8639, 81.399, 88.8617, 96.1397, 103.2622, 110.9427, 118.0349, 125.1574, 132.5923, 140.5351, 150.5652, 160.3213, 170.2419, 181.8563, 193.7469, 206.7847, 221.2356, 234.2395, 247.753, 261.5461, 273.9685, 286.7562, 300.5114, 312.7663, 324.4622, 337.7778, 350.2778, 363.0492, 376.9381, 394.9237, 413.5111, 432.064, 449.3352, 471.4591, 494.4476, 515.2376]
growth_rate:-51.41
