ticker:IMRN
price:[8.050000190734863, 7.739999771118164, 8.119999885559082, 7.300000190734863, 7.050000190734863, 7.78000020980835, 7.71999979019165, 7.400000095367432, 6.75, 6.239999771118164, 7.329999923706055, 7.489999771118164, 7.389999866485596, 7.119999885559082, 7.039999961853027, 7.190000057220459, 6.710000038146973, 6.369999885559082, 6.860000133514404, 6.869999885559082, 7.28000020980835, 6.934999942779541, 7.349999904632568, 7.820000171661377, 8.220000267028809, 6.739999771118164, 6.150000095367432, 6.480000019073486, 6.400000095367432, 6.03000020980835, 6.079999923706055, 5.889999866485596, 5.369999885559082, 5.320000171661377, 5.579999923706055, 5.239999771118164, 4.900000095367432, 4.840000152587891, 4.849999904632568, 4.849999904632568, 4.849999904632568, 4.849999904632568, 4.849999904632568, 4.849999904632568, 4.849999904632568, 4.849999904632568, 4.849999904632568, 4.849999904632568, 4.849999904632568, 4.849999904632568, 4.849999904632568, 4.849999904632568]
assets:[0, 100.00002304286957, 204.90982111206054, 284.216747426033, 374.48332013149263, 513.2598398414135, 609.301755440855, 684.0456488156318, 723.96045, 769.2609317836761, 1003.635317553711, 1125.5424886053083, 1210.5152331297397, 1266.2877076467514, 1352.0594486737252, 1480.867510785246, 1482.0055004253386, 1506.9113789274215, 1722.8279795309543, 1825.3390465933799, 2034.2752106274604, 2037.8705381855966, 2259.819210678482, 2504.3245569738865, 2732.4226187634467, 2340.4534625211713, 2235.577309666872, 2455.5350952277186, 2525.219877628708, 2479.230365262556, 2599.787903376961, 2618.544334642887, 2487.365688991356, 2564.206034739685, 2789.5239878595353, 2719.5530692106245, 2643.0938614418505, 2710.7296894596097, 2816.3304396214007, 2916.330647655058, 3016.330855688715, 3116.331063722372, 3216.3312717560293, 3316.3314797896865, 3416.331687823343, 3516.3318958570003, 3616.3321038906574, 3716.3323119243146, 3816.3325199579717, 3916.332727991629, 4016.332936025286, 4116.333144058943]
shares:[0, 12.9199, 25.2352, 38.9338, 53.1182, 65.9717, 78.9251, 92.4386, 107.2534, 123.279, 136.9216, 150.2727, 163.8045, 177.8494, 192.0539, 205.9621, 220.8652, 236.5638, 251.1411, 265.6971, 279.4334, 293.853, 307.4584, 320.2461, 332.4115, 347.2483, 363.5085, 378.9406, 394.5656, 411.1493, 427.5967, 444.5746, 463.1966, 481.9936, 499.9147, 518.9987, 539.4069, 560.0681, 580.6867, 601.3053, 621.9239, 642.5425, 663.1611, 683.7797, 704.3983, 725.0169, 745.6355, 766.2541, 786.8727, 807.4913, 828.1099, 848.7285]
growth_rate:-19.29
