ticker:IMTE
price:[3.880000114440918, 3.6500000953674316, 3.940000057220459, 3.799999952316284, 3.740000009536743, 3.8399999141693115, 4.550000190734863, 4.824999809265137, 3.809999942779541, 4.190000057220459, 4.150000095367432, 5.070000171661377, 4.369999885559082, 4.190000057220459, 4.150000095367432, 4.050000190734863, 3.9600000381469727, 3.9000000953674316, 4.289999961853027, 4.050000190734863, 4.199999809265137, 5.110000133514404, 5.059999942779541, 5.210000038146973, 5.519999980926514, 4.380000114440918, 3.859999895095825, 4.630000114440918, 7.369999885559082, 5.929999828338623, 5.909999847412109, 5.5, 4.789999961853027, 4.659999847412109, 4.380000114440918, 4.369999885559082, 3.5999999046325684, 3.9000000953674316, 4.03000020980835, 4.800000190734863, 4.650000095367432, 4.239999771118164, 4.480000019073486, 4.070000171661377, 4.039999961853027, 3.7699999809265137, 3.8399999141693115, 4.070000171661377, 4.039999961853027, 4.130000114440918, 4.059999942779541, 4.829999923706055]
assets:[0, 100.00014761281014, 207.94532301998137, 300.55643622851375, 395.8109330092907, 506.39422868120676, 700.0243543448447, 842.3335092020989, 765.1379045087814, 941.4506938568592, 1032.4631687261106, 1361.3467600928307, 1273.3895616526604, 1320.9385800393104, 1408.3282623635291, 1474.3928494365691, 1541.6284108506202, 1618.270329571867, 1880.0972022820474, 1874.9172132992744, 2044.358307159424, 2587.3029326012133, 2661.9865278972147, 2840.899442800712, 3109.93542125411, 2567.6660050881387, 2362.8286837848186, 2934.1704355246543, 4770.590607922553, 3938.4805459890367, 4025.197471075058, 3845.9536500000004, 3449.4758415287974, 3455.8572848407744, 3348.2091814822197, 3440.5647118989946, 2934.332562266731, 3278.860340178585, 3488.1558005990505, 4254.6270490636825, 4221.669986582756, 3949.4364028032305, 4272.989522192144, 3981.9347289470197, 4052.5837537342068, 3881.742780361176, 4053.8176373901133, 4396.624604437495, 4464.216925847435, 4663.667578228665, 4684.6220019762995, 5673.084621388817]
shares:[0, 27.3973, 52.778, 79.0938, 105.8318, 131.8735, 153.8515, 174.5769, 200.8236, 224.6899, 248.7863, 268.5102, 291.3935, 315.2598, 339.3562, 364.0476, 389.3001, 414.9411, 438.2511, 462.9425, 486.752, 506.3215, 526.0843, 545.2782, 563.3941, 586.2251, 612.1318, 633.7301, 647.2986, 664.162, 681.0825, 699.2643, 720.1411, 741.6003, 764.4313, 787.3146, 815.0924, 840.7334, 865.5473, 886.3806, 907.886, 931.4709, 953.7923, 978.3623, 1003.1148, 1029.64, 1055.6817, 1080.2517, 1105.0042, 1129.2173, 1153.8478, 1174.5517]
growth_rate:11.24
