ticker:IMTX
price:[9.399999618530273, 9.119999885559082, 9.1899995803833, 10.130000114440918, 10.779999732971191, 11.729999542236328, 11.369999885559082, 11.279999732971191, 10.380000114440918, 9.920000076293945, 9.949999809265137, 10.5, 10.279999732971191, 10.770000457763672, 9.9399995803833, 10.069999694824219, 9.989999771118164, 10.789999961853027, 11.0, 11.380000114440918, 11.180000305175781, 10.630000114440918, 11.050000190734863, 11.130000114440918, 11.140000343322754, 10.789999961853027, 10.369999885559082, 10.949999809265137, 14.1899995803833, 12.319999694824219, 11.640000343322754, 11.680000305175781, 12.029999732971191, 12.770000457763672, 12.220000267028809, 11.520000457763672, 10.720000267028809, 11.300000190734863, 11.229999542236328, 12.010000228881836, 12.260000228881836, 11.800000190734863, 11.899999618530273, 11.8100004196167, 12.34000015258789, 12.039999961853027, 12.210000038146973, 12.210000038146973, 11.949999809265137, 12.0, 11.579999923706055, 12.0600004196167]
assets:[0, 99.99988674516678, 200.76748783292769, 321.30334362983706, 441.9196210533142, 580.8637123317718, 663.0369953264236, 757.788126061058, 797.3262147906303, 861.991462629509, 964.598751509285, 1117.9182, 1194.4948489723206, 1351.431504440689, 1347.2824531245233, 1464.9029956054687, 1553.2651444129945, 1777.6503357152937, 1912.2477, 2078.3066609001157, 2141.780608463287, 2136.415297000313, 2320.827120059967, 2437.6291840641975, 2539.819818274498, 2560.022442949295, 2560.3737117443084, 2803.5766311653138, 3733.127793606567, 3341.165437236786, 3256.751040058136, 3367.942103997803, 3568.865434782219, 3888.397458386612, 3820.9252434940336, 3702.051219106293, 3544.964728302956, 3836.7636447614673, 3912.9956394962314, 4284.780158657646, 4473.972001524544, 4406.1070912201885, 4543.447224353981, 4609.085320763684, 4915.927816786957, 4896.415144486427, 5065.550505825997, 5165.550406138421, 5155.554957711793, 5277.126, 5192.426803790092, 5507.657471633911]
shares:[0, 10.9649, 21.8463, 31.718, 40.9944, 49.5195, 58.3146, 67.1798, 76.8137, 86.8943, 96.9446, 106.4684, 116.196, 125.4811, 135.5415, 145.472, 155.482, 164.7498, 173.8407, 182.628, 191.5725, 200.9798, 210.0296, 219.0143, 227.991, 237.2588, 246.902, 256.0344, 263.0816, 271.1985, 279.7896, 288.3512, 296.6638, 304.4947, 312.678, 321.3586, 330.687, 339.5366, 348.4413, 356.7677, 364.9243, 373.3989, 381.8023, 390.2697, 398.3734, 406.679, 414.869, 423.059, 431.4272, 439.7605, 448.3961, 456.688]
growth_rate:7.99
