ticker:IMUX
price:[13.720000267028809, 16.229999542236328, 18.3799991607666, 16.40999984741211, 18.90999984741211, 19.549999237060547, 19.110000610351562, 17.020000457763672, 15.84000015258789, 17.110000610351562, 18.899999618530273, 18.809999465942383, 17.549999237060547, 18.139999389648438, 18.079999923706055, 17.6200008392334, 16.969999313354492, 15.289999961853027, 17.809999465942383, 17.889999389648438, 17.3799991607666, 16.559999465942383, 17.790000915527344, 20.809999465942383, 16.850000381469727, 15.949999809265137, 14.989999771118164, 16.260000228881836, 15.699999809265137, 14.75, 16.850000381469727, 14.970000267028809, 14.210000038146973, 14.600000381469727, 15.359999656677246, 12.970000267028809, 12.5, 13.430000305175781, 13.510000228881836, 13.75, 14.199999809265137, 13.0, 12.90999984741211, 13.289999961853027, 12.539999961853027, 9.579999923706055, 9.170000076293945, 8.829999923706055, 9.229999542236328, 9.460000038146973, 8.920000076293945, 9.84000015258789]
assets:[0, 99.99951917953491, 213.24658826313018, 290.38971629981995, 434.6293274929047, 549.3393385620117, 636.9764513442992, 667.3116679477693, 721.0463109458924, 878.856892350769, 1070.800268387413, 1165.7008109031676, 1187.615468371582, 1327.5413893325806, 1423.1509219945908, 1486.9430608224868, 1532.0905690080644, 1480.4160213065147, 1824.4082582925796, 1932.6029640655518, 1977.5084705114364, 1984.20754400959, 2231.5848308441164, 2710.4150284412385, 2294.641476948738, 2272.0790678297994, 2235.3267538688656, 2524.71137353878, 2537.758959169483, 2484.2009, 2937.883501511192, 2710.095495341587, 2672.5088111743926, 2845.8568943567275, 3093.9969868437765, 2712.5743898469927, 2714.2775, 3016.2195945388794, 3134.1863040983203, 3289.8635, 3497.5323730210307, 3301.9662, 3379.1059630611417, 3578.5690517282487, 3476.6184314240454, 2755.9810840517043, 2738.031808780289, 2736.512340355682, 2960.4762031745913, 3134.247480638695, 3055.3372981327057, 3470.4617818161014]
shares:[0, 6.1614, 11.6021, 17.6959, 22.9841, 28.0992, 33.3321, 39.2075, 45.5206, 51.3651, 56.6561, 61.9724, 67.6704, 73.1831, 78.7141, 84.3895, 90.2823, 96.8225, 102.4373, 108.027, 113.7807, 119.8193, 125.4404, 130.2458, 136.1805, 142.4501, 149.1212, 155.2713, 161.6407, 168.4204, 174.3551, 181.0351, 188.0724, 194.9217, 201.4321, 209.1422, 217.1422, 224.5882, 231.9901, 239.2628, 246.3051, 253.9974, 261.7433, 269.2678, 277.2423, 287.6807, 298.5858, 309.9108, 320.745, 331.3158, 342.5266, 352.6892]
growth_rate:-31.95
