ticker:IMV
price:[4.110000133514404, 4.300000190734863, 4.96999979019165, 4.420000076293945, 4.300000190734863, 3.8499999046325684, 3.609999895095825, 3.380000114440918, 3.1500000953674316, 3.7100000381469727, 3.5899999141693115, 3.4600000381469727, 3.5899999141693115, 3.4800000190734863, 3.2699999809265137, 3.130000114440918, 3.049999952316284, 3.0799999237060547, 3.4800000190734863, 3.5299999713897705, 3.680000066757202, 3.4600000381469727, 4.409999847412109, 4.159999847412109, 3.990000009536743, 3.319999933242798, 3.2100000381469727, 3.8399999141693115, 3.0799999237060547, 3.0299999713897705, 3.200000047683716, 2.9000000953674316, 2.7699999809265137, 2.7799999713897705, 2.7899999618530273, 2.6600000858306885, 2.3299999237060547, 2.319999933242798, 2.430000066757202, 2.3299999237060547, 2.390000104904175, 2.390000104904175, 2.2100000381469727, 2.0999999046325684, 2.1600000858306885, 1.3799999952316284, 1.6299999952316284, 1.7899999618530273, 1.7200000286102295, 1.6200000047683716, 1.600000023841858, 1.649999976158142]
assets:[0, 99.99994443569183, 215.58119589924812, 291.7239830354691, 383.80382702436447, 443.6381840107441, 515.9827000058889, 583.1084937430383, 643.4294144800663, 857.8169338202476, 930.0709707636117, 996.3914349853516, 1133.8282368921282, 1199.0869025720597, 1226.7280668446542, 1274.207709588337, 1341.6400790247917, 1454.836423962593, 1743.7761575574398, 1868.8303458533524, 2048.2424051562307, 2025.7930003346441, 2682.007557201385, 2629.966463533401, 2622.492144268179, 2282.123798111987, 2306.5111804100993, 2859.1909760921003, 2393.309320715904, 2454.456930824232, 2692.165800116396, 2539.775423521328, 2525.923371607161, 2635.0421548815966, 2744.5207304748537, 2716.639999658298, 2479.613179807091, 2568.970958078742, 2790.7758586684704, 2775.929056104469, 2947.41242037065, 3047.412414759946, 2917.900178366089, 2872.665049543476, 3054.741457384515, 2051.6403349108814, 2523.314320618343, 2871.0015238156316, 2858.7277675516602, 2792.5226362196204, 2858.0470825882194, 3047.3610309668184]
shares:[0, 23.2558, 43.3765, 66.0009, 89.2567, 115.2307, 142.9315, 172.5173, 204.2633, 231.2175, 259.0727, 287.9744, 315.8296, 344.5652, 375.1462, 407.0951, 439.882, 472.3495, 501.0851, 529.4137, 556.5876, 585.4893, 608.165, 632.2035, 657.2662, 687.3867, 718.5393, 744.581, 777.0485, 810.0518, 841.3018, 875.7846, 911.8857, 947.8569, 983.6992, 1021.2932, 1064.2117, 1107.3151, 1148.4674, 1191.3859, 1233.2269, 1275.0679, 1320.3168, 1367.9358, 1414.2321, 1486.6959, 1548.0456, 1603.9115, 1662.051, 1723.7794, 1786.2794, 1846.8855]
growth_rate:-40.25
