ticker:IMVT
price:[36.0, 37.540000915527344, 38.02000045776367, 35.630001068115234, 36.36000061035156, 42.18000030517578, 42.41999816894531, 42.16999816894531, 43.619998931884766, 49.41999816894531, 50.66999816894531, 48.349998474121094, 49.83000183105469, 48.45000076293945, 47.16999816894531, 49.97999954223633, 49.779998779296875, 46.189998626708984, 49.599998474121094, 44.099998474121094, 42.189998626708984, 39.029998779296875, 24.149999618530273, 22.209999084472656, 18.09000015258789, 15.779999732971191, 13.510000228881836, 16.989999771118164, 17.0, 15.640000343322754, 16.850000381469727, 15.680000305175781, 15.420000076293945, 15.4399995803833, 15.680000305175781, 16.760000228881836, 15.5, 15.359999656677246, 15.15999984741211, 9.930000305175781, 10.710000038146973, 11.229999542236328, 11.40999984741211, 11.020000457763672, 10.869999885559082, 10.140000343322754, 9.989999771118164, 10.460000038146973, 7.75, 7.880000114440918, 7.849999904632568, 8.399999618530273]
assets:[0, 99.99905443878174, 201.27788242340085, 288.62438665237426, 394.53873062286374, 557.6913100349426, 660.865393473816, 756.972552131653, 882.9996383781432, 1100.4103892288208, 1228.2458226150513, 1272.0110998565674, 1410.9464678466798, 1471.8722631774904, 1532.9872044921876, 1724.3099842071533, 1817.4080194335938, 1786.342768889618, 2018.21897791214, 1894.425684452057, 1912.3756007518768, 1869.1388355407714, 1256.5389701519011, 1255.600099242401, 1122.6834994697572, 1079.3219997357369, 1024.058017349243, 1387.841723303604, 1488.6594, 1469.567276259327, 1683.261118107605, 1666.382624432373, 1738.751498602867, 1841.0068779664994, 1969.6244223342894, 2205.2875341163635, 2139.496, 2220.1712143753048, 2291.2626689380645, 1600.8074051971437, 1826.5508795058252, 2015.2346478538514, 2147.53540328064, 2174.131482312012, 2244.5375803691863, 2193.8002282782554, 2261.347337190056, 2467.7368069996833, 1928.389875, 2060.7374419280054, 2152.8923038451194, 2403.732130839157]
shares:[0, 2.6638, 5.294, 8.1006, 10.8509, 13.2217, 15.5791, 17.9505, 20.243, 22.2665, 24.2401, 26.3084, 28.3152, 30.3792, 32.4992, 34.5, 36.5088, 38.6738, 40.6899, 42.9575, 45.3277, 47.8898, 52.0306, 56.5331, 62.061, 68.3981, 75.8, 81.6858, 87.5682, 93.9621, 99.8968, 106.2744, 112.7595, 119.2362, 125.6138, 131.5804, 138.032, 144.5424, 151.1387, 161.2092, 170.5463, 179.451, 188.2152, 197.2896, 206.4892, 216.3511, 226.3611, 235.9213, 248.8245, 261.5149, 274.2538, 286.1586]
growth_rate:-52.87
