ticker:IMXI
price:[16.56999969482422, 16.540000915527344, 14.979999542236328, 15.0, 14.15999984741211, 14.1899995803833, 15.020000457763672, 15.25, 13.90999984741211, 15.970000267028809, 16.059999465942383, 15.779999732971191, 16.0, 15.600000381469727, 16.719999313354492, 16.440000534057617, 15.850000381469727, 15.520000457763672, 16.030000686645508, 15.329999923706055, 15.119999885559082, 14.279999732971191, 15.569999694824219, 15.850000381469727, 15.470000267028809, 14.729999542236328, 14.800000190734863, 17.09000015258789, 15.760000228881836, 15.279999732971191, 15.329999923706055, 14.970000267028809, 14.869999885559082, 15.359999656677246, 15.779999732971191, 14.5, 14.399999618530273, 14.220000267028809, 15.270000457763672, 15.359999656677246, 15.180000305175781, 15.529999732971191, 15.449999809265137, 15.5600004196167, 16.15999984741211, 15.65999984741211, 15.979999542236328, 16.190000534057617, 17.1299991607666, 17.420000076293945, 17.700000762939453, 17.950000762939453]
assets:[0, 99.99919153518677, 190.56806417655946, 290.82300000000004, 374.5362439640045, 475.32951094388966, 603.1326243816375, 712.3686749999999, 749.7740297752381, 960.8111110653878, 1066.2265765438078, 1147.6367745797156, 1263.6368, 1332.0465925727844, 1527.6812572622298, 1602.0977800445557, 1644.6007945814133, 1710.3599224472046, 1866.5637369543076, 1885.0549736185076, 1959.2329531708717, 1950.3866395287516, 2226.576907358551, 2366.6174469585417, 2409.87796659708, 2394.6029975830074, 2505.983392295838, 2993.7339407295226, 2860.752089546585, 2873.622453781414, 2983.026360154152, 3012.974528744221, 3092.8469641971587, 3294.762934356308, 3484.8535630293845, 3302.17925, 3379.4048704763413, 3437.161768544388, 3790.9608536453247, 3913.303976530838, 3967.4448797607424, 4158.921504489898, 4237.497712686825, 4367.667221785736, 4636.085796224595, 4592.642607250214, 4786.489262886047, 4949.391636264992, 5336.7553105415345, 5527.102982206917, 5715.942666379547, 5896.675770629883]
shares:[0, 6.0459, 12.7215, 19.3882, 26.4503, 33.4975, 40.1553, 46.7127, 53.9018, 60.1635, 66.3902, 72.7273, 78.9773, 85.3876, 91.3685, 97.4512, 103.7603, 110.2036, 116.4419, 122.9651, 129.5789, 136.5817, 143.0043, 149.3134, 155.7775, 162.5664, 169.3232, 175.1746, 181.5198, 188.0643, 194.5875, 201.2675, 207.9924, 214.5028, 220.8399, 227.7365, 234.6809, 241.7132, 248.262, 254.7724, 261.36, 267.7992, 274.2717, 280.6984, 286.8865, 293.2722, 299.53, 305.7067, 311.5444, 317.2849, 322.9346, 328.5056]
growth_rate:15.62
