ticker:INBKL
price:[24.049999237060547, 24.100000381469727, 24.25, 24.84000015258789, 25.010000228881836, 25.200000762939453, 25.200000762939453, 25.25, 24.940000534057617, 24.700000762939453, 24.763999938964844, 25.0, 25.0, 25.19499969482422, 25.0, 25.350000381469727, 25.260000228881836, 25.200000762939453, 25.46500015258789, 25.264999389648438, 25.3700008392334, 25.299999237060547, 25.5, 25.40999984741211, 25.260000228881836, 25.374000549316406, 25.389999389648438, 25.3799991607666, 25.3799991607666, 25.389999389648438, 25.389999389648438, 25.50200080871582, 25.489999771118164, 25.299999237060547, 25.5, 25.260000228881836, 25.399999618530273, 25.5, 25.479999542236328, 25.950000762939453, 25.989999771118164, 25.989999771118164, 25.989999771118164, 26.0, 25.5, 25.040000915527344, 25.1200008392334, 25.1200008392334, 25.1200008392334, 25.799999237060547, 25.059999465942383, 25.239999771118164]
assets:[0, 100.00054158287048, 200.622675, 305.5046778766632, 407.59547673015595, 510.69313546142575, 610.6942984889984, 711.906075, 803.165283198738, 895.4367776584625, 997.7564159408569, 1107.2649999999999, 1207.2649999999999, 1316.6806060516358, 1406.49, 1526.181562966156, 1620.762446685791, 1716.9138519802095, 1834.9697134952544, 1920.5568261032104, 2028.539601103592, 2122.94317598114, 2239.7262, 2331.82232499733, 2418.0564639101026, 2528.9682745491027, 2630.563893763733, 2729.5275417434696, 2829.527276436806, 2930.64321855011, 3030.644270146179, 3144.0141697025297, 3242.5344398843768, 3318.365609932327, 3444.59865, 3512.1782178239823, 3631.6436854581834, 3745.94235, 3843.0030949581146, 4013.891623009872, 4120.077708716392, 4220.076831835747, 4320.075954955101, 4421.7394, 4436.706749999999, 4456.671946947479, 4570.910712709427, 4670.910924050331, 4770.911135391236, 5000.060492141723, 4956.647366368103, 5092.250721822357]
shares:[0, 4.1494, 8.2731, 12.2989, 16.2973, 20.2656, 24.2339, 28.1943, 32.2039, 36.2525, 40.2906, 44.2906, 48.2906, 52.2596, 56.2596, 60.2044, 64.1632, 68.1315, 72.0585, 76.0165, 79.9582, 83.9108, 87.8324, 91.7679, 95.7267, 99.6677, 103.6063, 107.5464, 111.4865, 115.4251, 119.3637, 123.285, 127.2081, 131.1607, 135.0823, 139.0411, 142.9781, 146.8997, 150.8243, 154.6779, 158.5255, 162.3731, 166.2207, 170.0669, 173.9885, 177.9821, 181.963, 185.9439, 189.9248, 193.8008, 197.7912, 201.7532]
growth_rate:-0.15
