ticker:INBKZ
price:[24.239999771118164, 23.799999237060547, 24.200000762939453, 23.200000762939453, 24.709999084472656, 24.989999771118164, 25.0, 25.25, 24.610000610351562, 25.3700008392334, 25.270000457763672, 26.0, 26.0, 25.940000534057617, 26.25, 25.399999618530273, 25.549999237060547, 25.7549991607666, 25.510000228881836, 25.75, 26.8700008392334, 25.809999465942383, 25.799999237060547, 25.899999618530273, 26.0, 25.469999313354492, 25.75, 25.530000686645508, 26.079999923706055, 25.610000610351562, 26.450000762939453, 26.399999618530273, 26.899999618530273, 26.600000381469727, 26.5, 26.219999313354492, 25.829999923706055, 25.940000534057617, 25.889999389648438, 25.920000076293945, 26.030000686645508, 26.059999465942383, 26.209999084472656, 26.579999923706055, 26.700000762939453, 26.257999420166016, 26.700000762939453, 26.209999084472656, 26.850000381469727, 26.899999618530273, 26.649999618530273, 26.700000762939453]
assets:[0, 100.00045679435729, 201.6803863582611, 293.34544964675905, 412.4370657188415, 517.1105682638168, 617.3175, 723.490775, 805.153084968567, 930.0185647647858, 1026.3537035923002, 1156.0042, 1256.0054, 1353.1082478580474, 1469.2781249999998, 1521.7012771463394, 1630.6878213066102, 1743.7705486787797, 1827.1818273939132, 1944.3722000000002, 2128.942410493469, 2144.958072616768, 2244.1277936382294, 2352.82589534626, 2461.9114, 2511.7265292863844, 2639.33895, 2716.7903410697936, 2875.3199915885925, 2923.5019366744996, 3119.3914199775695, 3213.495073566246, 3374.3574721481323, 3436.725369285965, 3523.8057000000003, 3586.5734000753405, 3633.2271252685546, 3748.7010191789623, 3841.475261437988, 3945.9260276145937, 4062.671402169228, 4167.3535425968175, 4291.339561101532, 4451.918741221428, 4572.017350643158, 4596.33150850296, 4773.701146406173, 4786.09260881958, 5002.960571079255, 5112.277677502632, 5164.764596071243, 5274.45432071495]
shares:[0, 4.2017, 8.3339, 12.6442, 16.6911, 20.6927, 24.6927, 28.6531, 32.7165, 36.6582, 40.6155, 44.4617, 48.3079, 52.163, 55.9725, 59.9095, 63.8234, 67.7061, 71.6261, 75.5096, 79.2312, 83.1057, 86.9817, 90.8427, 94.6889, 98.6151, 102.4986, 106.4156, 110.25, 114.1547, 117.9354, 121.7233, 125.4408, 129.2002, 132.9738, 136.7877, 140.6592, 144.5143, 148.3768, 152.2348, 156.0765, 159.9138, 163.7291, 167.4913, 171.2366, 175.045, 178.7903, 182.6056, 186.33, 190.0475, 193.7998, 197.5451]
growth_rate:3.42
