ticker:INBK
price:[16.270000457763672, 15.890000343322754, 16.25, 14.300000190734863, 15.75, 17.719999313354492, 17.43000030517578, 22.639999389648438, 21.520000457763672, 23.15999984741211, 26.440000534057617, 26.399999618530273, 26.489999771118164, 27.40999984741211, 27.540000915527344, 27.8700008392334, 28.920000076293945, 28.739999771118164, 30.270000457763672, 30.850000381469727, 32.4900016784668, 30.6200008392334, 33.83000183105469, 31.25, 32.84000015258789, 32.75, 36.38999938964844, 38.599998474121094, 37.779998779296875, 36.400001525878906, 35.45000076293945, 35.02000045776367, 34.79999923706055, 36.41999816894531, 34.349998474121094, 34.5, 35.72999954223633, 35.02000045776367, 33.91999816894531, 33.81999969482422, 33.25, 30.219999313354492, 30.139999389648438, 30.979999542236328, 30.790000915527344, 30.90999984741211, 29.969999313354492, 30.280000686645508, 31.200000762939453, 30.309999465942383, 30.239999771118164, 30.600000381469727]
assets:[0, 100.0005391606331, 202.265375, 277.99343370790484, 406.18147500000003, 556.9856504169464, 647.8696253433228, 941.5251266174315, 994.9470931640626, 1170.7704162864686, 1436.5777690172195, 1534.4049378284456, 1639.6356218330384, 1796.5802169986725, 1905.1015953323363, 2027.9299540658953, 2204.331569815254, 2290.612469757843, 2512.5553339965822, 2660.698387900353, 2902.143407927704, 2835.1058777046205, 3232.3213549499515, 3085.8125, 3342.8197395320894, 3433.657375, 3915.2910093307496, 4253.071351873779, 4262.721040267945, 4207.017536357117, 4197.219825330734, 4246.308131505584, 4319.633425298309, 4620.718069688415, 4458.090506964874, 4577.56005, 4840.761078981399, 4844.568807325744, 4792.3971172988895, 4878.267777980805, 4896.0491999999995, 4549.883810619544, 4637.840630081177, 4867.0973380832675, 4937.247463806916, 5056.489600038529, 5002.718159382248, 5154.464592885399, 5411.072292317963, 5356.716515615463, 5444.346054792595, 5609.160609925651]
shares:[0, 6.2933, 12.4471, 19.4401, 25.7893, 31.4326, 37.1698, 41.5868, 46.2336, 50.5514, 54.3335, 58.1214, 61.8964, 65.5447, 69.1758, 72.7639, 76.2217, 79.7012, 83.0048, 86.2463, 89.3242, 92.59, 95.546, 98.746, 101.7911, 104.8445, 107.5925, 110.1832, 112.8301, 115.5774, 118.3983, 121.2538, 124.1274, 126.8731, 129.7843, 132.6829, 135.4817, 138.3372, 141.2853, 144.2421, 147.2496, 150.5587, 153.8766, 157.1045, 160.3523, 163.5875, 166.9242, 170.2267, 173.4318, 176.731, 180.0379, 183.3059]
growth_rate:9.98
