ticker:INBX
price:[17.889999389648438, 17.100000381469727, 17.229999542236328, 18.1299991607666, 17.440000534057617, 18.139999389648438, 17.540000915527344, 19.139999389648438, 17.040000915527344, 19.030000686645508, 20.049999237060547, 25.100000381469727, 28.799999237060547, 36.459999084472656, 38.369998931884766, 47.33000183105469, 44.29999923706055, 32.970001220703125, 34.150001525878906, 33.630001068115234, 36.41999816894531, 31.700000762939453, 39.02000045776367, 33.4900016784668, 26.729999542236328, 25.420000076293945, 26.389999389648438, 23.510000228881836, 22.15999984741211, 18.059999465942383, 20.5, 20.5, 18.030000686645508, 18.979999542236328, 21.329999923706055, 15.789999961853027, 16.709999084472656, 16.770000457763672, 21.15999984741211, 21.8700008392334, 24.399999618530273, 26.56999969482422, 25.829999923706055, 31.0, 28.559999465942383, 25.299999237060547, 29.0, 28.459999084472656, 27.360000610351562, 27.6299991607666, 28.459999084472656, 29.84000015258789]
assets:[0, 100.00080223083496, 200.76050866622924, 311.24676059246065, 399.4004282306671, 515.4317566574097, 598.3841472335815, 752.9694899887085, 770.3545853897094, 960.3204396505356, 1111.7925076942445, 1491.8210326726912, 1811.7301920055388, 2393.59893989563, 2618.990321094513, 3330.5648988494872, 3217.3450345905303, 2494.490510357666, 2683.7700749153137, 2742.90324311676, 3070.4571436294555, 2772.529616727829, 3512.748227209854, 3114.9151031147003, 2586.164877710724, 2559.4203336816786, 2757.0846302337645, 2556.197655885887, 2509.4138947208407, 2145.127004565811, 2534.9439, 2634.9429000000005, 2417.464295065498, 2644.8401602111817, 3072.309199010849, 2374.343873263836, 2612.68355185318, 2722.0645493030547, 3534.6383185112, 3753.239877025795, 4287.428852970314, 4768.727748227692, 4735.914988011551, 5783.8312, 5428.5875944881445, 4908.938611967468, 5726.8475, 5720.20936798706, 5599.120156906128, 5754.375590216637, 6027.235838110351, 6419.491168826295]
shares:[0, 5.848, 11.6518, 17.1675, 22.9014, 28.4141, 34.1154, 39.3401, 45.2086, 50.4635, 55.451, 59.4351, 62.9073, 65.65, 68.2562, 70.369, 72.6263, 75.6594, 78.5877, 81.5612, 84.3069, 87.4615, 90.0243, 93.0103, 96.7514, 100.6853, 104.4746, 108.7281, 113.2407, 118.7778, 123.6558, 128.5338, 134.0801, 139.3488, 144.037, 150.3701, 156.3545, 162.3175, 167.0434, 171.6159, 175.7143, 179.4779, 183.3494, 186.5752, 190.0766, 194.0292, 197.4775, 200.9912, 204.6462, 208.2655, 211.7792, 215.1304]
growth_rate:25.87
