ticker:INCY
price:[90.48999786376953, 88.0, 86.79000091552734, 86.55000305175781, 88.75, 95.73999786376953, 90.62999725341797, 89.69000244140625, 86.63999938964844, 83.1500015258789, 82.52999877929688, 81.93000030517578, 83.25, 83.13999938964844, 81.30000305175781, 88.33999633789062, 87.37000274658203, 86.9800033569336, 93.83000183105469, 90.55999755859375, 97.88999938964844, 89.75, 90.23999786376953, 84.33000183105469, 80.54000091552734, 78.66000366210938, 80.26000213623047, 79.01000213623047, 79.37000274658203, 81.75, 83.01000213623047, 79.95999908447266, 82.68000030517578, 85.58000183105469, 85.37999725341797, 82.73999786376953, 82.62000274658203, 82.76000213623047, 83.77999877929688, 83.33000183105469, 82.58000183105469, 83.95999908447266, 86.83000183105469, 83.58000183105469, 82.04000091552734, 78.33000183105469, 79.30000305175781, 77.3499984741211, 76.30000305175781, 73.47000122070312, 74.9000015258789, 75.68000030517578]
assets:[0, 100.0032, 198.6275960952759, 298.0782105102539, 405.6585, 537.6088100044251, 608.9157625465393, 702.6045721252442, 778.7116505142212, 847.340090549469, 941.0235520812989, 1034.186007852173, 1150.848, 1249.3281428283692, 1321.6778896118162, 1536.1265283203124, 1619.2632089035035, 1712.0361040748596, 1946.8693249923706, 1979.0166826477052, 2239.204369038391, 2153.003775, 2264.7622503868106, 2216.4370051254273, 2216.8232551994324, 2265.077733453369, 2411.154932176208, 2473.6056418800354, 2584.8746274490354, 2762.3815499999996, 2904.959927758026, 2898.2221308158873, 3096.812483430481, 3305.433432722473, 3397.7055286994932, 3392.6460504066467, 3487.729057944489, 3593.637916760254, 3737.9284255371094, 3817.8473638916016, 3883.4814881088255, 4048.3748398551943, 4286.762458398437, 4226.314730589294, 4248.441447410583, 4156.323058158875, 4307.790275779724, 4301.858840137482, 4343.461603724671, 4282.360655151367, 4465.71036097641, 4612.219234598541]
shares:[0, 1.1364, 2.2886, 3.444, 4.5708, 5.6153, 6.7187, 7.8337, 8.9879, 10.1905, 11.4022, 12.6228, 13.824, 15.0268, 16.2568, 17.3888, 18.5334, 19.6831, 20.7489, 21.8531, 22.8747, 23.9889, 25.0971, 26.2829, 27.5245, 28.7958, 30.0418, 31.3075, 32.5674, 33.7906, 34.9953, 36.2459, 37.4554, 38.6239, 39.7951, 41.0037, 42.2141, 43.4224, 44.616, 45.816, 47.0269, 48.2179, 49.3696, 50.5661, 51.785, 53.0617, 54.3227, 55.6155, 56.9261, 58.2872, 59.6223, 60.9437]
growth_rate:-9.56
