ticker:INDB
price:[62.65999984741211, 56.18000030517578, 54.20000076293945, 50.119998931884766, 52.88999938964844, 55.040000915527344, 52.939998626708984, 58.119998931884766, 57.290000915527344, 58.4900016784668, 68.5999984741211, 69.43000030517578, 70.9800033569336, 72.2699966430664, 74.56999969482422, 74.44000244140625, 73.97000122070312, 73.04000091552734, 77.06999969482422, 79.62000274658203, 78.08000183105469, 75.08000183105469, 76.8499984741211, 78.6500015258789, 83.44000244140625, 85.51000213623047, 90.91999816894531, 98.62000274658203, 90.56999969482422, 87.04000091552734, 84.62000274658203, 83.48999786376953, 82.5199966430664, 81.43000030517578, 81.9000015258789, 79.98999786376953, 80.19000244140625, 79.61000061035156, 81.61000061035156, 81.30000305175781, 79.51000213623047, 75.45999908447266, 78.47000122070312, 74.69999694824219, 72.2699966430664, 71.19000244140625, 69.16999816894531, 70.68000030517578, 73.69999694824219, 76.12999725341797, 77.58000183105469, 78.22000122070312]
assets:[0, 100.00040054321289, 196.47500276565552, 281.68441799697877, 397.25149641571045, 513.4021205398559, 593.8120825962067, 751.9158621814728, 841.1776254425049, 958.7973525142669, 1224.5236927627564, 1339.3394208869936, 1469.2363834861756, 1595.9383358688353, 1746.7276728515624, 1843.685316467285, 1932.044652883911, 2007.7527611663818, 2218.5293042152407, 2391.9361605125428, 2445.668665353394, 2451.699919792175, 2609.4954931877137, 2770.619333752442, 3039.3604969299317, 3214.765632312012, 3518.1584211471554, 3916.1115510643003, 3696.4515115448, 3652.38122241745, 3650.8369364982605, 3702.080089276123, 3759.0664150802613, 3809.40941627655, 3931.39663324585, 3939.7153687850955, 4049.5630472900393, 4120.271308589172, 4323.779442337036, 4407.354465438842, 4410.316455493927, 4285.667642003632, 4556.619571884155, 4437.702718704223, 4393.343684929657, 4427.690677844238, 4402.0547704696655, 4598.151031853485, 4894.623157324219, 5156.003032984161, 5354.207100370788, 5498.373299807739]
shares:[0, 1.78, 3.625, 5.6202, 7.5109, 9.3278, 11.2167, 12.9373, 14.6828, 16.3925, 17.8502, 19.2905, 20.6993, 22.083, 23.424, 24.7674, 26.1193, 27.4884, 28.7859, 30.0419, 31.3226, 32.6545, 33.9557, 35.2272, 36.4257, 37.5952, 38.6951, 39.7091, 40.8132, 41.9621, 43.1439, 44.3416, 45.5534, 46.7814, 48.0024, 49.2526, 50.4996, 51.7557, 52.981, 54.211, 55.4687, 56.7939, 58.0683, 59.407, 60.7907, 62.1954, 63.6411, 65.0559, 66.4128, 67.7263, 69.0153, 70.2937]
growth_rate:7.81
