ticker:INDI
price:[257.0, 257.0, 257.0, 257.0, 257.0, 257.0, 257.0, 257.0, 257.0, 257.0, 257.0, 257.0, 257.0, 257.0, 257.0, 10.5, 257.0, 257.0, 13.390000343322754, 12.880000114440918, 12.699999809265137, 11.239999771118164, 257.0, 257.0, 257.0, 257.0, 257.0, 257.0, 257.0, 257.0, 257.0, 257.0, 257.0, 257.0, 257.0, 257.0, 257.0, 257.0, 257.0, 257.0, 10.760000228881836, 9.079999923706055, 9.869999885559082, 9.850000381469727, 9.0600004196167, 9.170000076293945, 8.789999961853027, 8.680000305175781, 10.09000015258789, 9.539999961853027, 8.5, 10.199999809265137]
assets:[0, 99.9987, 199.9974, 299.9961, 399.9948, 499.9935, 599.9922, 699.9909, 799.9896, 899.9883, 999.987, 1099.9857, 1199.9844, 1299.9831, 1399.9818, 157.1976, 3947.5971, 4047.5958, 310.8850109711647, 399.0442995455742, 493.46738258886336, 536.7380890703201, 12372.3912, 12472.3899, 12572.3886, 12672.3873, 12772.386, 12872.3847, 12972.383399999999, 13072.382099999999, 13172.380799999999, 13272.379500000001, 13372.378200000001, 13472.376900000001, 13572.3756, 13672.3743, 13772.373, 13872.3717, 13972.3704, 14072.3691, 689.1780146598816, 681.5738502731323, 840.8736532502174, 939.1699563720704, 963.8454266407966, 1075.5474749485015, 1130.9776510917663, 1216.8240707817076, 1514.487833903122, 1531.9341478743552, 1464.9307999999999, 1857.9167052578925]
shares:[0, 0.3891, 0.7782, 1.1673, 1.5564, 1.9455, 2.3346, 2.7237, 3.1128, 3.5019, 3.891, 4.2801, 4.6692, 5.0583, 5.4474, 14.9712, 15.3603, 15.7494, 23.2177, 30.9817, 38.8557, 47.7525, 48.1416, 48.5307, 48.9198, 49.3089, 49.698, 50.0871, 50.4762, 50.8653, 51.2544, 51.6435, 52.0326, 52.4217, 52.8108, 53.1999, 53.589, 53.9781, 54.3672, 54.7563, 64.05, 75.0632, 85.1949, 95.3472, 106.3847, 117.2898, 128.6664, 140.1871, 150.0979, 160.5801, 172.3448, 182.1487]
growth_rate:-63.57
