ticker:INDT
price:[53.29999923706055, 53.52000045776367, 55.689998626708984, 51.61000061035156, 54.7599983215332, 60.439998626708984, 56.5, 58.029998779296875, 53.04999923706055, 54.41999816894531, 57.29999923706055, 59.47999954223633, 71.52999877929688, 74.80000305175781, 75.75, 67.45999908447266, 64.9800033569336, 62.5, 65.01000213623047, 69.88999938964844, 65.51000213623047, 63.72999954223633, 65.12000274658203, 65.22000122070312, 63.779998779296875, 60.68000030517578, 59.790000915527344, 59.900001525878906, 64.62000274658203, 62.09000015258789, 61.540000915527344, 59.75, 60.970001220703125, 60.540000915527344, 62.5, 64.3499984741211, 64.0999984741211, 64.80000305175781, 65.86000061035156, 64.80999755859375, 67.19999694824219, 66.80999755859375, 66.66999816894531, 65.73999786376953, 65.37999725341797, 66.02999877929688, 68.0, 67.55000305175781, 67.54000091552734, 68.1500015258789, 73.01000213623047, 71.54000091552734]
assets:[0, 100.00212085533143, 204.05929296798706, 289.10890141906737, 406.75726753234864, 548.9462875270843, 613.1605999999999, 729.7620526489258, 767.1348189674377, 886.9480141571046, 1033.8868062339782, 1173.2191989707947, 1510.899552215576, 1679.9706685409544, 1801.3047, 1704.1744968719483, 1741.5225719688415, 1775.05625, 1946.3409549568175, 2192.442291853333, 2155.043234274292, 2196.486299222946, 2344.3917308799746, 2447.9936138183593, 2493.9446462677, 2472.728216436005, 2536.4592508392334, 2641.1228472793578, 2949.2375393531797, 2933.7711342098237, 3007.7860067466736, 3020.2967750000003, 3181.9694907073977, 3259.528135292816, 3465.05625, 3667.6217280326846, 3753.3754106521606, 3894.363543405151, 4058.069313607788, 4093.3735218017578, 4344.325242710876, 4419.113883514404, 4509.852024139404, 4546.939822246552, 4622.038905830383, 4767.993196853638, 5010.2468, 5077.092004371643, 5176.339964167022, 5323.094394184113, 5802.703551783752, 5785.86911404419]
shares:[0, 1.8685, 3.6642, 5.6018, 7.428, 9.0825, 10.8524, 12.5756, 14.4606, 16.2982, 18.0434, 19.7246, 21.1226, 22.4595, 23.7796, 25.262, 26.8009, 28.4009, 29.9391, 31.3699, 32.8964, 34.4655, 36.0011, 37.5344, 39.1023, 40.7503, 42.4228, 44.0922, 45.6397, 47.2503, 48.8753, 50.5489, 52.1891, 53.8409, 55.4409, 56.9949, 58.555, 60.0982, 61.6166, 63.1596, 64.6477, 66.1445, 67.6444, 69.1655, 70.695, 72.2095, 73.6801, 75.1605, 76.6411, 78.1085, 79.4782, 80.876]
growth_rate:13.45
