ticker:INDY
price:[35.0, 35.130001068115234, 35.20000076293945, 33.93000030517578, 35.060001373291016, 36.95000076293945, 36.2400016784668, 36.61000061035156, 35.11000061035156, 37.630001068115234, 38.54999923706055, 38.849998474121094, 39.45000076293945, 40.189998626708984, 40.880001068115234, 41.650001525878906, 41.459999084472656, 42.439998626708984, 43.84000015258789, 43.52000045776367, 43.849998474121094, 41.68000030517578, 45.439998626708984, 46.18000030517578, 45.849998474121094, 43.83000183105469, 45.619998931884766, 45.959999084472656, 45.25, 45.099998474121094, 45.279998779296875, 44.18000030517578, 43.599998474121094, 42.529998779296875, 43.470001220703125, 45.119998931884766, 44.779998779296875, 45.5099983215332, 46.86000061035156, 47.66999816894531, 47.36000061035156, 46.18000030517578, 46.95000076293945, 46.720001220703125, 46.689998626708984, 46.560001373291016, 46.83000183105469, 46.84000015258789, 48.02000045776367, 48.95000076293945, 48.97999954223633, 49.9900016784668]
assets:[0, 100.00106104049682, 200.20000433921814, 292.97537363510133, 402.7342357749939, 524.4461408287049, 614.3695004547119, 720.6422350143433, 791.1160887527466, 947.8997269058228, 1071.0731788024902, 1179.4082536773683, 1297.6249300952911, 1421.9663604114535, 1546.3800644039154, 1675.5087563835143, 1767.8667989616395, 1909.6556422065735, 2072.6499912139893, 2157.5214306938174, 2273.881135874176, 2261.3525845573427, 2565.3514744697572, 2707.1270338897707, 2787.7807772232054, 2764.9586865097044, 2977.87736427803, 3100.070878246307, 3152.17835, 3241.7292603218075, 3354.668325561523, 3373.1739493003847, 3428.8913599983216, 3444.742769128418, 3620.877221679688, 3858.3148846630093, 3929.2389048889163, 4093.2921260341645, 4314.714218199158, 4489.29824256134, 4560.10501876831, 4546.485682044983, 4722.292111737442, 4799.1579493927, 4896.076670991898, 4982.446274957657, 5111.340160853577, 5212.430160980224, 5443.744133893966, 5649.172738048554, 5752.632374236297, 5971.25571049118]
shares:[0, 2.8466, 5.6875, 8.6347, 11.487, 14.1934, 16.9528, 19.6843, 22.5325, 25.19, 27.784, 30.358, 32.8929, 35.3811, 37.8273, 40.2283, 42.6403, 44.9966, 47.2776, 49.5754, 51.8559, 54.2551, 56.4558, 58.6212, 60.8022, 63.0837, 65.2757, 67.4515, 69.6614, 71.8787, 74.0872, 76.3507, 78.6443, 80.9956, 83.296, 85.5123, 87.7454, 89.9427, 92.0767, 94.1745, 96.286, 98.4514, 100.5813, 102.7217, 104.8635, 107.0113, 109.1467, 111.2816, 113.3641, 115.407, 117.4486, 119.449]
growth_rate:17.08
