ticker:INFI
price:[1.0, 1.0299999713897705, 1.100000023841858, 1.0700000524520874, 1.1399999856948853, 1.1699999570846558, 1.2300000190734863, 1.1799999475479126, 1.0499999523162842, 1.1299999952316284, 1.7200000286102295, 2.140000104904175, 2.0, 2.1700000762939453, 2.4200000762939453, 2.049999952316284, 2.0999999046325684, 2.119999885559082, 2.450000047683716, 3.180000066757202, 4.090000152587891, 3.4700000286102295, 3.930000066757202, 4.039999961853027, 3.7699999809265137, 3.0399999618530273, 2.690000057220459, 3.119999885559082, 3.640000104904175, 3.390000104904175, 3.319999933242798, 3.309999942779541, 2.9800000190734863, 3.0899999141693115, 3.3299999237060547, 3.1500000953674316, 2.7200000286102295, 3.130000114440918, 3.3299999237060547, 3.299999952316284, 3.450000047683716, 3.319999933242798, 3.009999990463257, 2.859999895095825, 2.9600000381469727, 2.559999942779541, 2.299999952316284, 2.119999885559082, 2.9800000190734863, 3.0999999046325684, 3.0199999809265137, 3.5399999618530273]
assets:[0, 100.0000192223072, 206.79615448218584, 301.1562227628708, 420.85801271892785, 531.9332264888048, 659.2118682223321, 732.4146394434929, 751.7248908618689, 908.9992291642069, 1483.6094166781425, 1945.88625938859, 1918.5852, 2181.6649117040633, 2533.0087558567043, 2245.730462763524, 2400.504220985746, 2523.3661157847405, 3016.154388702631, 4014.845166282964, 5263.7475783775335, 4565.819791645288, 5271.087044537664, 5518.623787891388, 5249.804897439765, 4333.264281624699, 3934.3687976901056, 4663.282556951809, 5540.496575676155, 5259.967893770671, 5251.354782407904, 5335.537526763773, 4903.595693385458, 5184.600851987743, 5687.288221697998, 5479.867425905037, 4831.821922823357, 5660.148226949692, 6121.818579742432, 6166.66701089406, 6546.970215488076, 6400.272631305933, 5902.656937298298, 5708.504306613302, 6008.102701429367, 5296.196745620775, 4858.301859277439, 4578.086752867698, 6535.235401828766, 6898.399097779799, 6820.376110924387, 8094.745514771175]
shares:[0, 97.0874, 187.9965, 281.4544, 369.1737, 454.6438, 535.9446, 620.6904, 715.9285, 804.4241, 862.5636, 909.2926, 959.2926, 1005.3755, 1046.6978, 1095.4783, 1143.0973, 1190.2671, 1231.0834, 1262.5299, 1286.9798, 1315.7982, 1341.2435, 1365.996, 1392.5212, 1425.4159, 1462.5906, 1494.6419, 1522.1144, 1551.6129, 1581.7334, 1611.9449, 1645.5019, 1677.8644, 1707.8944, 1739.6404, 1776.4051, 1808.354, 1838.384, 1868.687, 1897.6725, 1927.793, 1961.0156, 1995.9806, 2029.7644, 2068.8269, 2112.3052, 2159.475, 2193.032, 2225.2901, 2258.4027, 2286.6513]
growth_rate:58.72
