ticker:INFN
price:[6.28000020980835, 6.260000228881836, 6.210000038146973, 5.840000152587891, 6.130000114440918, 6.940000057220459, 6.690000057220459, 6.679999828338623, 6.260000228881836, 6.699999809265137, 6.860000133514404, 7.840000152587891, 8.5, 8.779999732971191, 9.420000076293945, 11.1899995803833, 10.970000267028809, 10.479999542236328, 9.199999809265137, 9.619999885559082, 9.729999542236328, 9.850000381469727, 9.90999984741211, 10.699999809265137, 10.649999618530273, 9.819999694824219, 8.390000343322754, 9.850000381469727, 10.239999771118164, 10.130000114440918, 10.119999885559082, 10.050000190734863, 9.880000114440918, 9.430000305175781, 9.220000267028809, 8.800000190734863, 8.65999984741211, 9.0600004196167, 9.600000381469727, 10.239999771118164, 10.550000190734863, 9.770000457763672, 10.640000343322754, 10.289999961853027, 10.220000267028809, 9.210000038146973, 9.489999771118164, 9.90999984741211, 9.720000267028809, 8.739999771118164, 8.489999771118164, 8.399999618530273]
assets:[0, 99.99974765625, 199.2012762236595, 287.3326795074463, 401.60082749748227, 554.6670125732421, 634.6863264285565, 733.7378611445426, 787.6044327968597, 942.9633331558229, 1065.4821867372036, 1317.6939136459353, 1528.62215, 1678.9765209367752, 1901.3620173994063, 2358.624754553318, 2412.253693718433, 2404.5048949718475, 2210.825274165058, 2411.7541733094217, 2539.33138853302, 2670.6493184286114, 2786.916914088821, 3109.0828945784565, 3194.5547155750273, 3045.5894353523254, 2702.087705570698, 3272.296206729126, 3501.858737727356, 3564.2415532660484, 3660.722738603115, 3735.401155892658, 3772.215659693909, 3700.404730753326, 3717.999221680355, 3648.632319081974, 3690.585370972443, 3961.051209457302, 4297.140650753022, 4683.616151313019, 4925.405794047069, 4661.252563398361, 5176.32824702549, 5106.054389070892, 5171.31911311655, 4760.259436716557, 5004.979378288841, 5326.48518698616, 5324.363426271439, 4887.544216005706, 4847.740627309799, 4896.351377641678]
shares:[0, 15.9744, 32.0775, 49.2008, 65.514, 79.9232, 94.8709, 109.841, 125.8154, 140.7408, 155.3181, 168.0732, 179.8379, 191.2274, 201.8431, 210.7797, 219.8955, 229.4375, 240.3071, 250.7021, 260.9796, 271.1319, 281.2227, 290.5685, 299.9582, 310.1415, 322.0605, 332.2128, 341.9784, 351.8501, 361.7315, 371.6817, 381.8032, 392.4077, 403.2537, 414.6173, 426.1646, 437.2021, 447.6188, 457.3844, 466.8631, 477.0985, 486.497, 496.2152, 505.9999, 516.8577, 527.3951, 537.4859, 547.774, 559.2156, 570.9942, 582.899]
growth_rate:-3.99
