ticker:INFR
price:[27.90999984741211, 27.920000076293945, 28.201000213623047, 27.059999465942383, 28.013999938964844, 28.204999923706055, 27.93000030517578, 27.81999969482422, 26.229999542236328, 27.81999969482422, 29.163000106811523, 29.2549991607666, 29.57200050354004, 29.604999542236328, 29.56399917602539, 29.500999450683594, 29.360000610351562, 29.593000411987305, 30.239999771118164, 30.197999954223633, 29.766000747680664, 28.94499969482422, 30.16699981689453, 30.165000915527344, 29.91900062561035, 29.639999389648438, 29.59000015258789, 30.780000686645508, 30.860000610351562, 31.200000762939453, 31.09000015258789, 31.18000030517578, 31.610000610351562, 31.735000610351562, 31.450000762939453, 32.279998779296875, 31.993999481201172, 31.708999633789062, 31.88800048828125, 31.969999313354492, 32.29999923706055, 31.2189998626709, 31.351999282836914, 31.219999313354492, 31.040000915527344, 30.899999618530273, 31.0049991607666, 31.125999450683594, 31.020000457763672, 31.378000259399414, 31.35099983215332, 31.280000686645508]
assets:[0, 100.00106427326203, 201.008269222641, 292.8757862197876, 403.19989832153317, 505.94975013141635, 601.017297566986, 698.6492163360596, 758.7184747589112, 904.7091720756531, 1048.3836071397782, 1151.6903284616471, 1264.1704923257828, 1365.5809323848723, 1463.6899480056763, 1560.5704198417664, 1653.1118983657839, 1766.2315958890915, 1904.8478255825044, 2002.2028919649122, 2073.5591440849307, 2116.3657536865235, 2305.7150799049377, 2405.5622950103757, 2485.945826781464, 2562.7632672271725, 2658.4395887088776, 2865.3533559207913, 2972.7994067962645, 3105.551355940628, 3194.6032216789245, 3303.8515403366087, 3449.416028604126, 3563.0567140274047, 3631.0598380851743, 3826.8874672821044, 3892.9818658733366, 3958.304184085083, 4080.6500240844725, 4191.142226983452, 4334.404727619553, 4289.343851831627, 4407.617683977699, 4489.061261268616, 4563.178118591309, 4642.595162685776, 4758.3713267019275, 4876.939872731018, 4960.330723199844, 5117.576125506592, 5213.172791189766, 5301.365796373367]
shares:[0, 3.5817, 7.1277, 10.8232, 14.3928, 17.9383, 21.5187, 25.1132, 28.9256, 32.5201, 35.9491, 39.3673, 42.7489, 46.1267, 49.5092, 52.8989, 56.3049, 59.6841, 62.991, 66.3025, 69.662, 73.1168, 76.4317, 79.7468, 83.0892, 86.463, 89.8425, 93.0914, 96.3318, 99.5369, 102.7534, 105.9606, 109.1242, 112.2753, 115.455, 118.5529, 121.6785, 124.8322, 127.9682, 131.0961, 134.1921, 137.3953, 140.5849, 143.788, 147.0096, 150.2458, 153.4711, 156.6838, 159.9075, 163.0944, 166.2841, 169.481]
growth_rate:3.95
