ticker:INGN
price:[27.770000457763672, 27.079999923706055, 28.770000457763672, 28.43000030517578, 29.760000228881836, 31.049999237060547, 30.559999465942383, 28.010000228881836, 29.209999084472656, 29.190000534057617, 33.22999954223633, 35.470001220703125, 36.709999084472656, 38.939998626708984, 38.459999084472656, 40.779998779296875, 43.31999969482422, 44.68000030517578, 46.13999938964844, 43.970001220703125, 46.91999816894531, 48.93000030517578, 52.97999954223633, 55.720001220703125, 52.720001220703125, 52.4900016784668, 47.81999969482422, 51.619998931884766, 50.91999816894531, 48.279998779296875, 52.790000915527344, 54.029998779296875, 65.7300033569336, 63.65999984741211, 65.38999938964844, 66.61000061035156, 66.08000183105469, 63.22999954223633, 61.810001373291016, 63.720001220703125, 64.47000122070312, 66.94999694824219, 66.5, 64.13999938964844, 69.61000061035156, 66.94000244140625, 71.70999908447266, 79.7699966430664, 64.27999877929688, 62.31999969482422, 61.25, 59.619998931884766]
assets:[0, 100.00102371826172, 206.24062528152464, 303.8029832611084, 418.01491521492005, 536.1341268264771, 627.6748850309373, 675.3014985181809, 804.2330627929688, 903.6815505336762, 1128.7533014507294, 1304.8420289062499, 1450.4597868263245, 1638.571778212738, 1718.3735290946959, 1922.0306684661866, 2141.745116912079, 2308.981991770935, 2484.431337135315, 2467.5876745056153, 2733.14150533905, 2950.2245824005126, 3294.418225535202, 3564.7985180969235, 3472.8668164123537, 3557.7145747646327, 3341.1881606773372, 3706.6927493015287, 3756.429368920898, 3661.6758074188233, 4103.725743170166, 4300.117930847167, 5331.294842277526, 5263.396055384063, 5506.432997602845, 5709.169796313477, 5763.742255711364, 5615.152755348206, 5589.051935177231, 5861.762212295533, 6030.756006188964, 6362.746944969177, 6419.98315, 6292.146768124389, 6928.756708752441, 6762.995304656982, 7344.910998226929, 8270.457527957153, 6764.473531539917, 6658.212679395294, 6643.89775, 6567.0892243480685]
shares:[0, 3.6928, 7.1686, 10.686, 14.0462, 17.2668, 20.5391, 24.1093, 27.5328, 30.9586, 33.9679, 36.7872, 39.5113, 42.0794, 44.6795, 47.1317, 49.4401, 51.6782, 53.8455, 56.1198, 58.2511, 60.2948, 62.1823, 63.977, 65.8738, 67.7789, 69.8701, 71.8073, 73.7712, 75.8425, 77.7368, 79.5876, 81.109, 82.6798, 84.2091, 85.7104, 87.2237, 88.8052, 90.4231, 91.9925, 93.5436, 95.0373, 96.5411, 98.1002, 99.5368, 101.0307, 102.4252, 103.6788, 105.2345, 106.8391, 108.4718, 110.1491]
growth_rate:28.77
