ticker:INKA
price:[9.920000076293945, 9.800000190734863, 9.75, 9.75, 9.75, 9.859999656677246, 9.819999694824219, 9.75, 9.819999694824219, 9.765000343322754, 9.730999946594238, 9.729999542236328, 9.720000267028809, 9.729999542236328, 9.760000228881836, 9.789999961853027, 9.75, 9.789999961853027, 9.770000457763672, 9.760000228881836, 9.710000038146973, 9.739999771118164, 9.779999732971191, 9.779999732971191, 9.760000228881836, 9.765000343322754, 9.729999542236328]
assets:[0, 100.00018194627762, 199.48987499999998, 299.489775, 399.48967500000003, 503.99684045095444, 601.9522332931518, 697.6612500000001, 802.6700810554504, 898.1749665784836, 995.0472919389724, 1094.9450654865266, 1193.8201527967453, 1295.048344072342, 1399.0413768089295, 1503.3416251421927, 1597.199175, 1703.75173536129, 1800.2710883499144, 1898.4283805200578, 1988.7031658128737, 2094.84700877285, 2203.449587837982, 2303.4491071076395, 2398.738680252838, 2499.9680093951224, 2591.007416101837]
shares:[0, 10.2041, 20.4605, 30.7169, 40.9733, 51.1153, 61.2986, 71.555, 81.7383, 91.979, 102.2554, 112.5329, 122.821, 133.0985, 143.3444, 153.5589, 163.8153, 174.0298, 184.2652, 194.5111, 204.8098, 215.0767, 225.3016, 235.5265, 245.7724, 256.0131, 266.2906]
growth_rate:-0.35
