ticker:INKAU
price:[10.359999656677246, 10.470000267028809, 10.609999656677246, 10.359999656677246, 10.670000076293945, 10.609999656677246, 10.640000343322754, 10.350000381469727, 10.25, 10.279999732971191, 10.109999656677246, 10.270000457763672, 10.0, 10.239999771118164, 10.100000381469727, 10.097000122070312, 10.097000122070312, 10.050000190734863, 10.0, 10.039999961853027, 10.050000190734863, 10.0600004196167, 10.119999885559082, 10.149999618530273, 10.140000343322754, 10.079999923706055, 10.0600004196167, 10.25, 10.130000114440918, 10.109999656677246, 10.109999656677246, 10.050000190734863, 10.0600004196167, 10.020000457763672, 10.020000457763672]
assets:[0, 100.00001955041886, 201.33747548503874, 296.59332217111586, 405.46853889923096, 503.1887827176094, 604.6116355091094, 688.1321953624725, 781.483575, 883.77054904356, 969.1556880887031, 1084.49356233902, 1155.982, 1283.7252833065033, 1366.1745315994262, 1465.7683816207887, 1565.7680611297608, 1658.479171475601, 1750.2279999999998, 1857.2293129434586, 1959.0786971805574, 2061.028501968384, 2173.320575423241, 2279.7629943191528, 2377.516754498577, 2463.448157354546, 2558.560912721157, 2706.88355, 2775.1935583519935, 2869.7143035481454, 2969.7143321522713, 3052.089582924366, 3155.126985604763, 3242.581366137314, 3342.580970705795]
shares:[0, 9.5511, 18.9762, 28.6287, 38.0008, 47.4259, 56.8244, 66.4862, 76.2423, 85.9699, 95.8611, 105.5982, 115.5982, 125.3638, 135.2648, 145.1687, 155.0726, 165.0228, 175.0228, 184.983, 194.9332, 204.8736, 214.755, 224.6072, 234.4691, 244.3897, 254.3301, 264.0862, 273.9579, 283.8491, 293.7403, 303.6905, 313.6309, 323.6109, 333.5909]
growth_rate:-1.69
