ticker:INM
price:[4.114999771118164, 3.694999933242798, 3.677999973297119, 3.569999933242798, 3.25, 3.3499999046325684, 3.490000009536743, 3.369999885559082, 3.3369998931884766, 6.84499979019165, 3.369999885559082, 3.2100000381469727, 3.4749999046325684, 3.3299999237060547, 3.119999885559082, 3.2200000286102295, 3.140000104904175, 3.2899999618530273, 4.869999885559082, 4.139999866485596, 4.050000190734863, 4.210000038146973, 4.340000152587891, 5.329999923706055, 4.369999885559082, 4.21999979019165, 4.199999809265137, 4.75, 4.099999904632568, 3.4600000381469727, 3.4100000858306885, 3.630000114440918, 2.990000009536743, 2.869999885559082, 3.740000009536743, 3.450000047683716, 2.759999990463257, 2.740000009536743, 2.950000047683716, 2.859999895095825, 2.8399999141693115, 2.75, 2.859999895095825, 3.190000057220459, 2.930000066757202, 2.6600000858306885, 2.5, 2.7899999618530273, 2.5, 2.4000000953674316, 2.0799999237060547, 2.440000057220459]
assets:[0, 100.00000019330979, 199.5399579513073, 293.6806895083189, 367.35627500000004, 478.6593763735771, 598.6630846359014, 678.0786879733085, 771.4386254076004, 1682.40854093194, 928.3005054760933, 984.2267786963463, 1165.4791755147457, 1216.8475731206893, 1240.109474513054, 1379.856630260253, 1445.5744082951546, 1614.6303202786446, 2490.0455514860155, 2216.7943925086975, 2268.603556839943, 2458.227442274094, 2634.1348826122285, 3335.0086682624815, 2834.3316707749364, 2837.043402948952, 2923.5976072304725, 3406.449675, 3040.3036792814733, 2665.719661389923, 2727.1976956443546, 3003.145921678448, 2573.665531208825, 2570.374480506611, 3449.5474947961093, 3282.069225362682, 2725.655378581929, 2805.9044077661274, 3120.955500447035, 3125.7396453485485, 3203.8814351720575, 3202.349975, 3430.4437481720684, 3926.2645114271645, 3706.2555324434284, 3464.7235277968402, 3356.3189999999995, 3845.651968419361, 3545.9247499999997, 3504.0879792399405, 3136.875964940071, 3779.797012640047]
shares:[0, 27.0636, 54.2523, 82.2635, 113.0327, 142.8834, 171.5367, 201.2103, 231.1773, 245.7865, 275.4601, 306.6127, 335.3897, 365.4197, 397.471, 428.5269, 460.374, 490.7691, 511.303, 535.4576, 560.149, 583.902, 606.9435, 625.7052, 648.5885, 672.2852, 696.0947, 717.1473, 741.5375, 770.4392, 799.7647, 827.3129, 860.7577, 895.6009, 922.3389, 951.3244, 987.5563, 1024.0527, 1057.951, 1092.916, 1128.1273, 1164.4909, 1199.4559, 1230.8039, 1264.9336, 1302.5276, 1342.5276, 1378.3699, 1418.3699, 1460.0366, 1508.1135, 1549.0971]
growth_rate:-25.89
