ticker:INMB
price:[9.3100004196167, 9.84000015258789, 11.369999885559082, 11.09000015258789, 10.270000457763672, 10.359999656677246, 8.729999542236328, 8.239999771118164, 7.659999847412109, 7.690000057220459, 8.710000038146973, 8.930000305175781, 8.90999984741211, 9.039999961853027, 9.229999542236328, 10.220000267028809, 12.75, 17.219999313354492, 18.260000228881836, 24.81999969482422, 20.719999313354492, 18.25, 20.049999237060547, 19.989999771118164, 19.25, 16.219999313354492, 14.3100004196167, 15.920000076293945, 13.930000305175781, 12.390000343322754, 12.319999694824219, 11.770000457763672, 13.619999885559082, 11.949999809265137, 11.869999885559082, 10.6899995803833, 9.779999732971191, 13.9399995803833, 13.5600004196167, 13.369999885559082, 17.889999389648438, 17.459999084472656, 19.059999465942383, 17.739999771118164, 22.969999313354492, 21.1200008392334, 21.059999465942383, 15.220000267028809, 15.829999923706055, 16.579999923706055, 16.530000686645508, 20.030000686645508]
assets:[0, 99.99998555068969, 215.5490468304634, 310.2405362686157, 387.3012302631378, 490.6951677387238, 513.491589074707, 584.6700077596664, 643.5158211811066, 746.0361275511742, 944.990583138752, 1068.8594195274354, 1166.4651040237427, 1283.4838265839576, 1410.459305047989, 1661.7434274181364, 2173.113825, 3034.9818289804457, 3318.2802815933223, 4610.389403312683, 3948.8029651395796, 3578.0730999999996, 4030.9781616138457, 4118.915464839172, 4066.4392999999995, 3526.3705867172243, 3211.1197331606863, 3672.398553599358, 3313.349475588226, 3047.0492434327125, 3129.8343224716186, 3090.110044181824, 3675.8105151143077, 3325.1053719277384, 3402.8452741925244, 3164.5669897806165, 2995.1787082209585, 4369.201522479916, 4350.09830661459, 4389.14500943098, 5972.9841882202145, 5929.4191810867305, 6572.779823831939, 6217.582531780624, 8150.612537352563, 7594.163053764915, 7672.587429431916, 5644.956553038502, 5971.199445221329, 6354.1059067611695, 6434.944131303406, 7897.4547097314835]
shares:[0, 10.1626, 18.9577, 27.9748, 37.7119, 47.3644, 58.8192, 70.9551, 84.0099, 97.0138, 108.4949, 119.6931, 130.9164, 141.9783, 152.8125, 162.5972, 170.4403, 176.2475, 181.724, 185.753, 190.5793, 196.0588, 201.0463, 206.0488, 211.2436, 217.4088, 224.3969, 230.6783, 237.8571, 245.9281, 254.045, 262.5412, 269.8833, 278.2515, 286.6761, 296.0306, 306.2555, 313.4291, 320.8037, 328.2831, 333.8728, 339.6002, 344.8468, 350.4838, 354.8373, 359.5721, 364.3204, 370.8907, 377.2078, 383.2392, 389.2888, 394.2813]
growth_rate:54.85
