ticker:INMD
price:[33.09000015258789, 33.93000030517578, 36.220001220703125, 36.09000015258789, 36.70000076293945, 39.68000030517578, 39.70000076293945, 41.4900016784668, 36.560001373291016, 41.380001068115234, 41.900001525878906, 42.9900016784668, 43.720001220703125, 42.650001525878906, 44.630001068115234, 46.900001525878906, 47.4900016784668, 47.47999954223633, 50.220001220703125, 57.810001373291016, 59.66999816894531, 58.86000061035156, 67.7699966430664, 67.97000122070312, 69.0999984741211, 68.95999908447266, 67.56999969482422, 73.0999984741211, 71.05999755859375, 67.70999908447266, 75.86000061035156, 80.69000244140625, 87.30999755859375, 87.87999725341797, 86.33000183105469, 77.06999969482422, 74.08000183105469, 80.05000305175781, 85.36000061035156, 85.16000366210938, 92.05999755859375, 90.58999633789062, 96.68000030517578, 94.55999755859375, 96.13999938964844, 105.79000091552734, 111.83000183105469, 113.66999816894531, 116.13999938964844, 108.5999984741211, 118.5199966430664, 130.0]
assets:[0, 99.99849689941406, 206.74738896789552, 306.0071112937927, 411.17946854782105, 544.5683241882324, 644.8431423923493, 773.9171503086089, 781.9562773723603, 985.0467874263763, 1097.4238899650575, 1225.9716718658449, 1346.7902656036376, 1413.8304905822754, 1579.4646638008119, 1759.8006172546386, 1881.9385355144502, 1981.5397968955995, 2195.8896413757325, 2627.7651744232176, 2812.3126507003785, 2874.1338298034666, 3409.2103431274413, 3519.2691592041015, 3677.7783187866207, 3770.3258859443667, 3794.3257628631595, 4204.858112228393, 4187.515914129638, 4090.103746696472, 4682.413021673584, 5080.541106719971, 5597.356633483886, 5733.897392794037, 5732.761037591552, 5217.847068338775, 5115.416734439087, 5627.659304544068, 6100.96093162384, 6186.669882043457, 6787.93344798584, 6779.546968936157, 7335.304983154297, 7274.453332183838, 7495.997296411133, 8348.40734324875, 8925.051799134826, 9171.895748254394, 9471.193722225953, 8956.307034159852, 9874.410556319428, 10930.855]
shares:[0, 2.9472, 5.7081, 8.479, 11.2038, 13.724, 16.2429, 18.6531, 21.3883, 23.8049, 26.1915, 28.5176, 30.8049, 33.1496, 35.3902, 37.5224, 39.6281, 41.7342, 43.7254, 45.4552, 47.1311, 48.83, 50.3056, 51.7768, 53.224, 54.6741, 56.154, 57.522, 58.9293, 60.4062, 61.7244, 62.9637, 64.109, 65.2469, 66.4052, 67.7027, 69.0526, 70.3018, 71.4733, 72.6476, 73.7338, 74.8377, 75.872, 76.9295, 77.9696, 78.9149, 79.8091, 80.6888, 81.5498, 82.4706, 83.3143, 84.0835]
growth_rate:114.33
