ticker:INNV
price:[24.079999923706055, 25.979999542236328, 25.780000686645508, 24.350000381469727, 24.3700008392334, 24.59000015258789, 24.790000915527344, 25.350000381469727, 25.459999084472656, 25.649999618530273, 21.889999389648438, 20.649999618530273, 21.399999618530273, 20.420000076293945, 21.25, 23.09000015258789, 21.059999465942383, 21.579999923706055, 20.5, 17.65999984741211, 17.139999389648438, 16.860000610351562, 17.219999313354492, 16.0, 14.880000114440918, 15.25, 15.119999885559082]
assets:[0, 99.99961623802184, 199.23042330646516, 288.17981951465606, 388.41638437595367, 491.9229530525207, 595.9243530082703, 709.3868056749344, 812.4642147842408, 918.5264863395691, 883.8809623550416, 933.8115677495956, 1067.7273009670257, 1118.8322241802216, 1264.309125, 1473.7839117393494, 1444.2126293764113, 1579.87179441452, 1600.8039999999999, 1479.033817220688, 1535.4834173217773, 1610.3998182983398, 1744.7854344268799, 1721.1712, 1700.6887810798644, 1842.97775, 1927.2677614128113]
shares:[0, 3.8491, 7.7281, 11.8349, 15.9383, 20.005, 24.0389, 27.9837, 31.9114, 35.81, 40.3783, 45.2209, 49.8938, 54.791, 59.4969, 63.8278, 68.5761, 73.21, 78.088, 83.7505, 89.5848, 95.516, 101.3232, 107.5732, 114.2936, 120.851, 127.4648]
growth_rate:-25.87
