ticker:INO
price:[9.569999694824219, 10.079999923706055, 17.0, 16.940000534057617, 11.649999618530273, 12.3100004196167, 11.850000381469727, 10.949999809265137, 9.850000381469727, 10.529999732971191, 11.220000267028809, 10.539999961853027, 12.260000228881836, 12.600000381469727, 11.0600004196167, 10.390000343322754, 10.260000228881836, 8.850000381469727, 9.220000267028809, 9.65999984741211, 9.0, 12.75, 12.84000015258789, 14.220000267028809, 13.84000015258789, 11.100000381469727, 9.1899995803833, 10.5, 10.109999656677246, 9.029999732971191, 9.479999542236328, 8.720000267028809, 8.739999771118164, 6.849999904632568, 6.809999942779541, 6.849999904632568, 6.550000190734863, 7.059999942779541, 7.550000190734863, 7.940000057220459, 9.100000381469727, 8.489999771118164, 9.229999542236328, 9.020000457763672, 8.329999923706055, 8.260000228881836, 8.199999809265137, 8.399999618530273, 9.109999656677246, 9.229999542236328, 8.079999923706055, 8.779999732971191]
assets:[0, 99.99964724311829, 268.651, 367.70303959236145, 352.87732344532014, 472.86897011890414, 555.198587872696, 613.031359321785, 651.4484902292252, 796.4217878036499, 948.6095085762978, 991.1183564128877, 1252.8567793895722, 1387.6015020101547, 1318.0058720051766, 1338.1624312176702, 1421.4194057092666, 1326.077862159157, 1481.5185089076044, 1652.220291901779, 1639.3356, 2422.391625, 2539.4913781787873, 2912.4266946907046, 2934.5976483543395, 2453.61512432251, 2131.416384679222, 2535.2418000000002, 2541.075621708298, 2369.625439927101, 2587.7128150463104, 2480.259323951912, 2585.947432279587, 2126.7434453909395, 2214.3245993943215, 2327.330622598314, 2325.403992715359, 2606.4658468749044, 2887.3677129432676, 3136.516784603644, 3694.7484848829267, 3547.078605374336, 3956.2463967891695, 3966.2349132858276, 3762.8308975364685, 3831.210300161553, 3903.380309206009, 4098.584933870698, 4545.012535715008, 4704.880583660507, 4218.6818881658555, 4684.1614655391695]
shares:[0, 9.9206, 15.803, 21.7062, 30.2899, 38.4134, 46.8522, 55.9846, 66.1369, 75.6336, 84.5463, 94.034, 102.1906, 110.1271, 119.1687, 128.7933, 138.5399, 149.8393, 160.6853, 171.0373, 182.1484, 189.9915, 197.7797, 204.812, 212.0374, 221.0464, 231.9278, 241.4516, 251.3428, 262.417, 272.9655, 284.4334, 295.875, 310.4735, 325.1578, 339.7563, 355.0235, 369.1878, 382.4328, 395.0273, 406.0163, 417.7949, 428.6291, 439.7156, 451.7204, 463.8269, 476.022, 487.9268, 498.9037, 509.7379, 522.1141, 533.5036]
growth_rate:-8.15
