ticker:INOD
price:[2.0199999809265137, 2.0999999046325684, 2.2300000190734863, 2.25, 3.3499999046325684, 3.1500000953674316, 2.9000000953674316, 2.6600000858306885, 2.5999999046325684, 2.8399999141693115, 4.239999771118164, 3.759999990463257, 4.349999904632568, 5.309999942779541, 5.190000057220459, 5.099999904632568, 5.679999828338623, 5.300000190734863, 6.429999828338623, 5.059999942779541, 5.5, 5.099999904632568, 6.659999847412109, 6.739999771118164, 6.849999904632568, 5.849999904632568, 5.380000114440918, 8.3100004196167, 7.449999809265137, 6.929999828338623, 6.619999885559082, 7.190000057220459, 6.96999979019165, 6.409999847412109, 6.269999980926514, 6.710000038146973, 6.25, 6.599999904632568, 6.260000228881836, 7.179999828338623, 7.239999771118164, 7.329999923706055, 7.75, 7.019999980926514, 6.929999828338623, 6.260000228881836, 7.0, 6.840000152587891, 8.449999809265137, 7.989999771118164, 7.78000020980835, 8.119999885559082]
assets:[0, 99.99989545869828, 206.1902617635727, 308.0394, 558.6362690968037, 625.2847839307308, 675.6591322192669, 719.7425572240592, 803.5076105275155, 977.6776384525538, 1559.6313398086547, 1483.0692042383907, 1815.7847901915552, 2316.5097770373345, 2364.159206065178, 2423.161934688091, 2798.736987416363, 2711.4975875805853, 3389.609131507778, 2767.406060705089, 3108.05, 2982.009724237919, 3994.153756489563, 4142.131563338471, 4309.732924998808, 3780.5747233685975, 3576.836586084843, 5624.816576027298, 5142.705068336487, 4883.751059025764, 4765.2857716217995, 5275.589922984934, 5214.16693004508, 4895.2380404705045, 4888.32209412961, 5331.362088309288, 5065.87375, 5449.562501255941, 5268.827474641991, 6143.159747127676, 6294.495621008873, 6472.742505628777, 6943.622574999999, 6389.578008639383, 6407.660100277376, 5888.1605972864145, 6684.2047999999995, 6631.423239934921, 8292.327882824135, 7940.910810524368, 7832.2016772161005, 8274.482883381843]
shares:[0, 47.619, 92.462, 136.9064, 166.7571, 198.5031, 232.9859, 270.5799, 309.0414, 344.2527, 367.8376, 394.4333, 417.4218, 436.2542, 455.522, 475.1298, 492.7354, 511.6033, 527.1554, 546.9182, 565.1, 584.7078, 599.7228, 614.5596, 629.1581, 646.2521, 664.8395, 676.8732, 690.296, 704.726, 719.8317, 733.7399, 748.0871, 763.6877, 779.6367, 794.5398, 810.5398, 825.6913, 841.6657, 855.5933, 869.4055, 883.0481, 895.9513, 910.1963, 924.6263, 940.6007, 954.8864, 969.5063, 981.3406, 993.8562, 1006.7097, 1019.025]
growth_rate:62.24
