ticker:INOV
price:[24.209999084472656, 24.030000686645508, 25.170000076293945, 26.06999969482422, 26.735000610351562, 27.489999771118164, 27.079999923706055, 27.030000686645508, 18.989999771118164, 19.6200008392334, 18.834999084472656, 18.790000915527344, 19.020000457763672, 18.559999465942383, 19.420000076293945, 18.270000457763672, 18.5, 18.170000076293945, 20.93000030517578, 26.3799991607666, 25.93000030517578, 24.399999618530273, 26.920000076293945, 28.020000457763672, 25.25, 24.559999465942383, 25.459999084472656, 27.610000610351562, 27.739999771118164, 27.540000915527344, 29.670000076293945, 29.950000762939453, 29.780000686645508, 29.1299991607666, 30.209999084472656, 30.90999984741211, 30.704999923706055, 30.610000610351562, 31.360000610351562, 31.610000610351562, 32.79999923706055, 32.09000015258789, 33.279998779296875, 33.7400016784668, 33.38999938964844, 31.969999313354492, 33.29999923706055, 37.880001068115234, 39.029998779296875, 37.77000045776367, 40.18000030517578, 40.540000915527344]
assets:[0, 100.00084785747528, 204.7453656206131, 312.06571734695433, 420.0255740890503, 531.8875115715027, 623.955694242096, 722.8038423614502, 607.8072256742478, 727.9707011384963, 798.8450491699218, 896.9369357025147, 1007.9154722579957, 1083.538336821556, 1233.7448368469238, 1260.6866685871125, 1376.55725, 1452.0028630968093, 1772.5596328453062, 2334.1207917440415, 2394.303624179077, 2353.028603212738, 2696.0460836408615, 2906.2120314788817, 2718.9098999999997, 2744.611868318367, 2945.1872340927125, 3293.8979218154905, 3409.4068638690946, 3484.826341847992, 3854.34960091114, 3990.7237916587824, 4068.07316979866, 4079.280605476189, 4330.521801761627, 4530.865052633286, 4600.815695068169, 4686.580875448609, 4901.411295394897, 5040.486443325805, 5330.242596016693, 5314.861349272156, 5611.952946154785, 5789.52111601181, 5829.46316244049, 5681.548427972793, 6017.9092621231075, 6945.597447847366, 7256.457373046875, 7122.1983383193965, 7676.646210305786, 7845.42665117569]
shares:[0, 4.1615, 8.1345, 11.9703, 15.7107, 19.3484, 23.0412, 26.7408, 32.0067, 37.1035, 42.4128, 47.7348, 52.9924, 58.3803, 63.5296, 69.0031, 74.4085, 79.9121, 84.6899, 88.4807, 92.3372, 96.4356, 100.1503, 103.7192, 107.6796, 111.7513, 115.679, 119.3009, 122.9058, 126.5369, 129.9073, 133.2462, 136.6042, 140.0371, 143.3473, 146.5825, 149.8393, 153.1062, 156.295, 159.4586, 162.5074, 165.6236, 168.6284, 171.5922, 174.5871, 177.715, 180.718, 183.3579, 185.92, 188.5676, 191.0564, 193.5231]
growth_rate:53.83
