ticker:INPX
price:[1.059999942779541, 1.0700000524520874, 1.0199999809265137, 1.0099999904632568, 1.1799999475479126, 1.090000033378601, 1.059999942779541, 1.0700000524520874, 1.0099999904632568, 1.0399999618530273, 1.0099999904632568, 1.1200000047683716, 1.149999976158142, 1.0700000524520874, 1.0499999523162842, 1.0, 1.0399999618530273, 1.0199999809265137, 1.1100000143051147, 1.2799999713897705, 1.6200000047683716, 1.350000023841858, 1.600000023841858, 1.9800000190734863, 1.8300000429153442, 1.2699999809265137, 1.149999976158142, 1.2599999904632568, 1.350000023841858, 1.2000000476837158, 1.190000057220459, 1.1799999475479126, 1.2599999904632568, 1.159999966621399, 1.159999966621399, 1.0700000524520874, 1.0399999618530273, 1.0299999713897705, 1.059999942779541, 1.1100000143051147, 1.190000057220459, 1.100000023841858, 1.1399999856948853, 1.0700000524520874, 1.090000033378601, 1.0199999809265137, 1.0199999809265137, 1.0299999713897705, 1.0299999713897705, 1.0299999713897705, 1.0099999904632568, 1.0]
assets:[0, 99.99995790206194, 195.32703834748267, 293.4120672295094, 442.79828431720733, 509.02554658766985, 595.015597880125, 700.6289723452807, 761.3413258111716, 883.9553515767097, 958.4566609499454, 1162.8430289507746, 1293.990553172922, 1303.973860921633, 1379.6003973481177, 1413.9052, 1570.4613023958207, 1640.2601333279608, 1884.9890372927784, 2273.6809731792687, 2977.627562764466, 2581.3563755883933, 3159.3853270785094, 4009.7394206261156, 3805.971320253861, 2741.3024518297675, 2582.2817064640044, 2929.282627828717, 3238.5172171942713, 2978.6819983621835, 3053.8596618430615, 3128.196734948766, 3440.2780179610727, 3267.2400139862893, 3367.240015108824, 3205.9888341596247, 3216.1009780341146, 3285.176977747893, 3480.8616260976314, 3745.0534682643415, 4114.967361865806, 3903.751254611528, 4145.705707978248, 3991.1450286484837, 4165.745777565837, 3998.2206092352867, 4098.220591365338, 4238.399206270313, 4338.399225492621, 4438.399244714928, 4452.216812960744, 4508.1355]
shares:[0, 93.4579, 191.4971, 290.507, 375.2528, 466.9959, 561.3355, 654.7934, 753.8033, 849.9571, 948.967, 1038.2527, 1125.2092, 1218.6671, 1313.9052, 1413.9052, 1510.059, 1608.0982, 1698.1883, 1776.3133, 1838.0417, 1912.1158, 1974.6158, 2025.1209, 2079.7657, 2158.5059, 2245.4624, 2324.8275, 2398.9016, 2482.2349, 2566.2685, 2651.0143, 2730.3794, 2816.5863, 2902.7932, 2996.2511, 3092.4049, 3189.4923, 3283.8319, 3373.922, 3457.9556, 3548.8647, 3636.584, 3730.0419, 3821.785, 3919.8242, 4017.8634, 4114.9508, 4212.0382, 4309.1256, 4408.1355, 4508.1355]
growth_rate:-11.61
