ticker:INSE
price:[3.0399999618530273, 3.190000057220459, 3.390000104904175, 2.9800000190734863, 3.2200000286102295, 3.490000009536743, 5.179999828338623, 4.329999923706055, 4.0, 4.429999828338623, 5.900000095367432, 5.860000133514404, 6.449999809265137, 7.150000095367432, 6.599999904632568, 6.050000190734863, 6.840000152587891, 6.579999923706055, 6.329999923706055, 6.730000019073486, 6.550000190734863, 6.090000152587891, 6.610000133514404, 7.840000152587891, 8.5, 8.25, 7.739999771118164, 9.520000457763672, 10.09000015258789, 8.619999885559082, 9.529999732971191, 9.260000228881836, 8.84000015258789, 8.260000228881836, 8.25, 8.479999542236328, 7.889999866485596, 11.109999656677246, 11.460000038146973, 12.520000457763672, 11.850000381469727, 11.420000076293945, 12.59000015258789, 12.3100004196167, 11.8100004196167, 10.630000114440918, 11.239999771118164, 11.59000015258789, 11.5, 11.819999694824219, 11.930000305175781, 12.609999656677246]
assets:[0, 100.00012179374694, 206.26964138305186, 281.32243180060385, 403.97927158942224, 537.8533244697333, 898.3036562308788, 850.8986770072937, 886.0496, 1081.3000520998955, 1540.1065248942377, 1629.6648651303292, 1893.7438089995385, 2199.2663843340397, 2130.0918892210007, 2052.584169710636, 2420.6076539993287, 2428.596379840851, 2436.3245526355745, 2690.2784736245153, 2718.3247491571424, 2627.4197278312686, 2951.7643036222457, 3601.033590085983, 4004.1817, 3986.41155, 3839.978748446846, 4823.074991914749, 5211.851345817185, 4552.542603559494, 5133.147568170166, 5087.717295754433, 4956.956713562394, 4731.726263114548, 4825.99755, 5060.540638824081, 4808.451536631489, 6870.835968676472, 7187.289149924373, 7952.082046748734, 7626.531080509759, 7449.787943770027, 8313.032315752029, 8228.152000476837, 7993.9459980299, 7295.2276995392795, 7813.862380885124, 8157.176551393128, 8193.83395, 8521.835629978179, 8701.142143579864, 9297.099285875034]
shares:[0, 31.348, 60.8465, 94.4035, 125.4594, 154.1127, 173.4177, 196.5124, 221.5124, 244.0858, 261.035, 278.0998, 293.6037, 307.5897, 322.7412, 339.2701, 353.89, 369.0876, 384.8854, 399.7442, 415.0114, 431.4318, 446.5604, 459.3155, 471.0802, 483.2014, 496.1213, 506.6255, 516.5363, 528.1372, 538.6304, 549.4295, 560.7417, 572.8482, 584.9694, 596.7619, 609.4362, 618.4371, 627.1631, 635.1503, 643.5891, 652.3457, 660.2885, 668.412, 676.8794, 686.2867, 695.1835, 703.8116, 712.5073, 720.9675, 729.3497, 737.2799]
growth_rate:82.3
