ticker:INSG
price:[10.65999984741211, 10.930000305175781, 11.289999961853027, 11.119999885559082, 10.109999656677246, 10.300000190734863, 10.09000015258789, 9.760000228881836, 8.699999809265137, 9.390000343322754, 9.319999694824219, 9.40999984741211, 9.5600004196167, 10.680000305175781, 13.760000228881836, 14.399999618530273, 16.809999465942383, 15.470000267028809, 15.09000015258789, 14.119999885559082, 19.350000381469727, 18.360000610351562, 19.799999237060547, 18.209999084472656, 17.219999313354492, 14.59000015258789, 9.390000343322754, 10.789999961853027, 10.569999694824219, 9.739999771118164, 9.84000015258789, 9.399999618530273, 8.890000343322754, 9.170000076293945, 8.880000114440918, 8.319999694824219, 7.710000038146973, 8.079999923706055, 8.600000381469727, 9.65999984741211, 10.470000267028809, 10.1899995803833, 10.470000267028809, 9.539999961853027, 9.479999542236328, 8.449999809265137, 8.520000457763672, 8.6899995803833, 9.15999984741211, 8.619999885559082, 8.140000343322754, 8.380000114440918]
assets:[0, 99.99966579208375, 203.29338431310651, 300.23221291017535, 372.962942334652, 479.9717688880921, 570.1859086227416, 651.5375992792129, 680.7767250749589, 834.7691525213241, 928.5459775955201, 1037.5127071762086, 1154.0517026547432, 1389.2544396972658, 1889.9002554363249, 2077.8018649570463, 2525.5444057628633, 2424.2217508446693, 2464.6738689224244, 2406.2428364976886, 3397.507896979141, 3323.681534490967, 3684.3620780330657, 3488.4968086120607, 3398.8421364715578, 2979.739075163269, 2017.7345417736053, 2418.5677014493945, 2469.2544577079775, 2375.358028181076, 2499.7457667633057, 2487.9683990335466, 2452.9831237317085, 2630.2421258834843, 2647.061434113979, 2580.1292493614196, 2490.9614613245967, 2710.501422406578, 2984.939732402802, 3452.8510254592893, 3842.375974996662, 3839.6183358873363, 4045.1233421675684, 3785.8144708619116, 3862.0039255142215, 3542.397935040379, 3671.7436132759094, 3845.0058913350103, 4152.963478819656, 4008.1378907871244, 3884.9470318563463, 4099.491027984429]
shares:[0, 9.1491, 18.0065, 26.9993, 36.8905, 46.5992, 56.51, 66.7559, 78.2502, 88.8998, 99.6294, 110.2564, 120.7167, 130.08, 137.3474, 144.2918, 150.2406, 156.7047, 163.3316, 170.4138, 175.5818, 181.0284, 186.0789, 191.5704, 197.3776, 204.2316, 214.8812, 224.149, 233.6097, 243.8766, 254.0392, 264.6775, 275.9261, 286.8312, 298.0925, 310.1117, 323.0819, 335.4581, 347.086, 357.438, 366.9891, 376.8026, 386.3537, 396.8359, 407.3844, 419.2187, 430.9558, 442.4633, 453.3803, 464.9812, 477.2662, 489.1994]
growth_rate:-19.62
