ticker:INSM
price:[27.450000762939453, 28.360000610351562, 33.369998931884766, 33.61000061035156, 32.0, 36.04999923706055, 36.29999923706055, 36.9900016784668, 32.939998626708984, 32.56999969482422, 36.13999938964844, 39.06999969482422, 39.79999923706055, 40.13999938964844, 39.88999938964844, 37.119998931884766, 35.40999984741211, 33.290000915527344, 33.630001068115234, 36.2400016784668, 42.0, 37.59000015258789, 42.459999084472656, 41.779998779296875, 40.900001525878906, 35.77000045776367, 38.130001068115234, 39.11000061035156, 37.52000045776367, 34.650001525878906, 35.439998626708984, 31.700000762939453, 33.06999969482422, 35.0, 33.72999954223633, 32.58000183105469, 26.229999542236328, 25.850000381469727, 24.600000381469727, 25.329999923706055, 30.059999465942383, 29.100000381469727, 28.940000534057617, 28.5, 28.399999618530273, 26.65999984741211, 24.239999771118164, 24.600000381469727, 25.600000381469727, 23.559999465942383, 23.56999969482422, 26.8799991607666]
assets:[0, 100.00019815216065, 217.66582903289796, 319.2311467971802, 403.9392, 555.0618382530213, 658.9103261512757, 771.4338830047608, 786.9695071907042, 878.1295327720643, 1074.3807438552856, 1261.4843361465453, 1385.055893449402, 1496.8888152389525, 1587.5661297088623, 1577.3252666130068, 1604.6643400852201, 1608.5928182388304, 1725.0206377880097, 1958.8989307270049, 2370.249, 2221.3735410171507, 2609.166943740845, 2667.38135206604, 2711.1997511482236, 2471.1382886241913, 2734.176547591019, 2904.449441326904, 2886.36861121521, 2765.58294178772, 2928.637446516037, 2719.5779354534147, 2937.112022895813, 3208.5235000000002, 3192.099220678711, 3183.2681749053954, 2662.832831528473, 2724.256575201988, 2692.521701752663, 2872.4219913482666, 3508.8045396612165, 3496.746255838585, 3577.5194560194013, 3623.1280500000003, 3710.414510161591, 3583.0853174922945, 3357.8386962942122, 3507.706674393654, 3750.295095883751, 3551.443743495941, 3652.9516197029116, 4265.944570810891]
shares:[0, 3.5261, 6.5228, 9.4981, 12.6231, 15.397, 18.1518, 20.8552, 23.891, 26.9613, 29.7283, 32.2878, 34.8004, 37.2917, 39.7986, 42.4926, 45.3167, 48.3206, 51.2941, 54.0535, 56.4345, 59.0948, 61.45, 63.8435, 66.2885, 69.0841, 71.7067, 74.2636, 76.9288, 79.8148, 82.6365, 85.7911, 88.815, 91.6721, 94.6368, 97.7062, 101.5186, 105.3871, 109.4521, 113.4, 116.7267, 120.1631, 123.6185, 127.1273, 130.6484, 134.3993, 138.5247, 142.5897, 146.4959, 150.7404, 154.9831, 158.7033]
growth_rate:-16.35
