ticker:INTC
price:[50.08000183105469, 49.279998779296875, 49.88999938964844, 49.939998626708984, 51.0099983215332, 52.81999969482422, 54.15999984741211, 48.20000076293945, 44.279998779296875, 45.38999938964844, 45.459999084472656, 45.38999938964844, 47.45000076293945, 51.9900016784668, 49.72999954223633, 47.459999084472656, 47.06999969482422, 49.81999969482422, 51.650001525878906, 57.58000183105469, 56.65999984741211, 55.5099983215332, 58.18000030517578, 61.810001373291016, 63.0099983215332, 60.779998779296875, 60.7400016784668, 62.900001525878906, 63.7599983215332, 64.87000274658203, 64.55000305175781, 68.26000213623047, 64.75, 59.2400016784668, 57.529998779296875, 57.66999816894531, 55.349998474121094, 56.08000183105469, 57.119998931884766, 57.369998931884766, 57.849998474121094, 55.66999816894531, 55.90999984741211, 56.7599983215332, 55.9900016784668, 54.970001220703125, 53.0, 53.720001220703125, 53.91999816894531, 53.4900016784668, 52.0099983215332, 53.88999938964844]
assets:[0, 99.99897352294921, 201.23630153808594, 301.43783171081543, 407.8963505783081, 522.3686689819335, 635.6217582092286, 665.675750536728, 711.5397283843994, 829.3751468475342, 930.6525552574159, 1029.2182361602784, 1175.929643907547, 1388.4397858249665, 1428.086450854492, 1462.8975197799682, 1550.876470944977, 1741.482999332428, 1905.451196292114, 2224.21758473053, 2288.6787058364866, 2342.227726177597, 2554.8874434013364, 2814.2958965278626, 2968.93030491333, 2963.857626473999, 3061.909558611679, 3270.7937893455505, 3415.5147180873873, 3574.9728773635866, 3657.338622909546, 3967.54436416626, 3863.5289, 3634.75323898468, 3629.8322609802244, 3738.665243295288, 3688.2637533226016, 3836.9096052780146, 4008.0646290512086, 4125.608574189377, 4260.125952632904, 4199.588785870362, 4317.694466216279, 4483.336043421936, 4522.513999575805, 4540.126316821289, 4477.4188, 4638.24399739685, 4755.51198250885, 4817.587699171448, 4784.290524601364, 5057.2261577224735]
shares:[0, 2.0292, 4.0336, 6.036, 7.9964, 9.8896, 11.736, 13.8107, 16.0691, 18.2722, 20.4719, 22.675, 24.7825, 26.7059, 28.7168, 30.8238, 32.9483, 34.9555, 36.8916, 38.6283, 40.3932, 42.1947, 43.9135, 45.5314, 47.1184, 48.7637, 50.4101, 51.9999, 53.5683, 55.1098, 56.659, 58.124, 59.6684, 61.3564, 63.0946, 64.8286, 66.6353, 68.4185, 70.1692, 71.9123, 73.6409, 75.4372, 77.2258, 78.9876, 80.7736, 82.5928, 84.4796, 86.3411, 88.1957, 90.0652, 91.9879, 93.8435]
growth_rate:-0.84
