ticker:INTG
price:[30.0, 30.889999389648438, 32.63999938964844, 32.0, 31.25, 31.6299991607666, 31.579999923706055, 31.510000228881836, 32.0, 32.5, 32.5, 32.75, 33.84000015258789, 35.70000076293945, 34.84000015258789, 29.8700008392334, 33.34000015258789, 31.6200008392334, 30.68000030517578, 31.979999542236328, 31.200000762939453, 30.75, 32.380001068115234, 33.0099983215332, 36.0, 37.5099983215332, 42.560001373291016, 39.52000045776367, 38.790000915527344, 38.25, 38.029998779296875, 35.06999969482422, 37.0, 37.84000015258789, 36.0, 36.77000045776367, 37.400001525878906, 37.900001525878906, 36.709999084472656, 46.95000076293945, 33.709999084472656, 41.77000045776367, 49.0, 48.900001525878906, 49.0, 44.47999954223633, 45.0, 45.04999923706055, 44.279998779296875, 44.0, 45.29999923706055, 46.20000076293945]
assets:[0, 100.00019502410888, 205.66463615417481, 301.632, 394.5625, 499.3617747505188, 598.5736345539093, 697.2469830646515, 808.0896, 920.71525, 1020.7145, 1128.565, 1266.1269897090913, 1435.7183706825256, 1501.1336665744782, 1386.9925799692155, 1648.119565542984, 1663.0950501405716, 1713.6559610458376, 1886.2699169998168, 1940.2625274456025, 2012.276925, 2218.9431891960144, 2362.116255892944, 2676.0744000000004, 2888.322384755707, 3377.178668972015, 3235.9529654823305, 3276.18020332489, 3330.57285, 3411.4163894989015, 3245.893300754547, 3524.5238, 3704.5397989383696, 3624.4044, 3801.926122331619, 3967.066781851959, 4120.101585877991, 4090.7383669792175, 5331.820496642304, 3928.236306313324, 4967.47224243927, 5927.2948, 6015.19896769867, 6127.499, 5662.268357727051, 5828.463, 5934.9409594894405, 5933.502124426269, 5995.9812, 6273.134834348298, 6497.766767303085]
shares:[0, 3.2373, 6.301, 9.426, 12.626, 15.7876, 18.9542, 22.1278, 25.2528, 28.3297, 31.4066, 34.46, 37.4151, 40.2162, 43.0865, 46.4343, 49.4337, 52.5963, 55.8558, 58.9828, 62.1879, 65.4399, 68.5282, 71.5576, 74.3354, 77.0014, 79.351, 81.8814, 84.4594, 87.0738, 89.7033, 92.5547, 95.2574, 97.9001, 100.6779, 103.3975, 106.0713, 108.7098, 111.4339, 113.5638, 116.5303, 118.9244, 120.9652, 123.0102, 125.051, 127.2992, 129.5214, 131.7412, 133.9996, 136.2723, 138.4798, 140.6443]
growth_rate:27.41
