ticker:INTU
price:[333.1099853515625, 315.0, 300.1300048828125, 318.5, 321.8900146484375, 341.80999755859375, 341.1499938964844, 334.4200134277344, 314.67999267578125, 352.260009765625, 356.95001220703125, 347.69000244140625, 354.239990234375, 368.6000061035156, 364.32000732421875, 380.1099853515625, 381.1600036621094, 379.8500061035156, 374.4599914550781, 371.010009765625, 374.8500061035156, 361.2300109863281, 389.3800048828125, 413.989990234375, 411.3500061035156, 390.1400146484375, 382.2099914550781, 395.95001220703125, 381.2799987792969, 376.5799865722656, 395.2300109863281, 417.6099853515625, 415.82000732421875, 414.9200134277344, 412.1600036621094, 401.0400085449219, 417.260009765625, 433.42999267578125, 439.0899963378906, 461.92999267578125, 472.1600036621094, 473.3999938964844, 486.0899963378906, 497.6400146484375, 503.92999267578125, 501.510009765625, 528.4299926757812, 529.969970703125, 534.2899780273438, 540.739990234375, 545.2999877929688, 565.9400024414062]
assets:[0, 100.0125, 195.29459417724607, 307.25695, 410.5385246826172, 535.9580761718751, 634.914253640747, 722.380671005249, 779.7455538513184, 972.8716949707032, 1085.841937133789, 1157.6686321289062, 1279.479420727539, 1431.3475437011718, 1514.7332944519044, 1680.3902232421874, 1785.0485291503908, 1878.9280551910401, 1952.2846114501951, 2034.2849845458986, 2155.3500500946047, 2177.024907211304, 2446.6692606811525, 2701.3260852783205, 2784.0991113098144, 2740.538532897949, 2784.8202187408447, 2984.948357025147, 2974.365270477295, 3037.6824616851804, 3288.116076400757, 3574.323864624023, 3659.008154449463, 3751.0843813934325, 3826.1225299957273, 3822.913881454468, 4077.5482674316404, 4335.556873736572, 4492.154116534424, 4825.828826483154, 5032.706263034057, 5145.905273654175, 5383.835581439209, 5611.737153186035, 5782.647058953857, 5854.878609008789, 6269.1349041076655, 6387.410074902344, 6539.495615063476, 6718.424008666992, 6875.087716094971, 7235.316555212402]
shares:[0, 0.3175, 0.6507, 0.9647, 1.2754, 1.568, 1.8611, 2.1601, 2.4779, 2.7618, 3.042, 3.3296, 3.6119, 3.8832, 4.1577, 4.4208, 4.6832, 4.9465, 5.2136, 5.4831, 5.7499, 6.0267, 6.2835, 6.5251, 6.7682, 7.0245, 7.2861, 7.5387, 7.801, 8.0665, 8.3195, 8.559, 8.7995, 9.0405, 9.2831, 9.5325, 9.7722, 10.0029, 10.2306, 10.4471, 10.6589, 10.8701, 11.0758, 11.2767, 11.4751, 11.6745, 11.8637, 12.0524, 12.2396, 12.4245, 12.6079, 12.7846]
growth_rate:41.87
