ticker:INTZ
price:[11.729999542236328, 14.229999542236328, 18.049999237060547, 15.199999809265137, 14.319999694824219, 9.109999656677246, 10.970000267028809, 10.920000076293945, 10.109999656677246, 10.350000381469727, 10.369999885559082, 12.5, 13.5, 17.809999465942383, 14.5, 17.950000762939453, 18.610000610351562, 17.6200008392334, 18.559999465942383, 23.040000915527344, 24.780000686645508, 20.700000762939453, 25.209999084472656, 23.149999618530273, 21.75, 24.3799991607666, 18.15999984741211, 23.360000610351562, 26.84000015258789, 23.049999237060547, 25.209999084472656, 27.139999389648438, 18.469999313354492, 15.529999732971191, 18.31999969482422, 10.180000305175781, 10.84000015258789, 14.930000305175781, 14.859999656677246, 16.43000030517578, 17.06999969482422, 14.149999618530273, 14.5, 13.430000305175781, 11.239999771118164, 10.0, 3.869999885559082, 4.539999961853027, 4.340000152587891, 4.659999847412109, 4.150000095367432, 4.349999904632568]
assets:[0, 99.99989878311158, 226.84517041168215, 291.02679634809493, 374.17729602584836, 338.0411132604599, 507.0597403427124, 604.7485122251511, 659.8907985909462, 775.5555435846329, 877.0541473210335, 1157.20125, 1349.77725, 1880.7056666044234, 1631.17605, 2119.2829950771334, 2297.2073093414306, 2275.0028843574523, 2496.370040167809, 3198.942847114563, 3540.5293281068803, 3057.5846926933286, 3823.754342136383, 3611.302710492325, 3492.908625, 4015.2688377822874, 3090.864662029266, 4075.9136424957273, 4783.113483192444, 4207.703600727844, 4702.00516424179, 5161.976317912293, 3612.959046683693, 3137.8597410464286, 3801.5831366729735, 2212.452042324829, 2455.892006570053, 3482.515137184143, 3566.1874196074486, 4042.9646780952453, 4300.450144116974, 3664.813111200333, 3855.463, 3670.9562834167477, 3172.341567401123, 2922.3680000000004, 1230.9564055990218, 1544.0676070261002, 1576.0471854114533, 1792.2531833141327, 1696.105453976679, 1877.845368830967]
shares:[0, 7.0274, 12.5676, 19.1465, 26.1297, 37.1066, 46.2224, 55.3799, 65.2711, 74.9329, 84.5761, 92.5761, 99.9835, 105.5983, 112.4949, 118.0659, 123.4394, 129.1148, 134.5027, 138.843, 142.8785, 147.7094, 151.6761, 155.9958, 160.5935, 164.6952, 170.2018, 174.4826, 178.2084, 182.5468, 186.5135, 190.1981, 195.6123, 202.0515, 207.51, 217.3332, 226.5583, 233.2562, 239.9857, 246.0721, 251.9303, 258.9974, 265.894, 273.34, 282.2368, 292.2368, 318.0766, 340.103, 363.1445, 384.6037, 408.7001, 431.6886]
growth_rate:-63.18
