ticker:INVA
price:[11.539999961853027, 11.470000267028809, 11.569999694824219, 10.739999771118164, 10.220000267028809, 10.420000076293945, 9.9399995803833, 10.229999542236328, 10.8100004196167, 10.180000305175781, 11.029999732971191, 10.949999809265137, 10.850000381469727, 10.510000228881836, 10.289999961853027, 12.479999542236328, 12.34000015258789, 12.390000343322754, 12.869999885559082, 12.720000267028809, 12.34000015258789, 12.010000228881836, 12.430000305175781, 12.100000381469727, 11.739999771118164, 11.430000305175781, 11.510000228881836, 12.039999961853027, 12.260000228881836, 11.90999984741211, 11.960000038146973, 11.699999809265137, 11.899999618530273, 11.699999809265137, 11.449999809265137, 11.729999542236328, 12.869999885559082, 13.170000076293945, 13.449999809265137, 12.979999542236328, 12.600000381469727, 13.329999923706055, 13.5, 13.640000343322754, 13.460000038146973, 13.0600004196167, 13.359999656677246, 14.180000305175781, 15.420000076293945, 16.389999389648438, 15.9399995803833, 14.680000305175781]
assets:[0, 100.00005032806398, 200.8713927017212, 286.4615698951721, 372.59157173509595, 479.8826835136414, 557.7771124534607, 674.0505778381348, 812.2666745301246, 864.9284559288025, 1037.1475658913612, 1129.6249753233908, 1219.308937869072, 1281.099661899185, 1354.283358979416, 1742.512448085022, 1822.9647765415193, 1930.3509024893763, 2105.134298281002, 2180.5985497769357, 2215.4545233947756, 2256.208250997925, 2435.110396785736, 2470.4619178848266, 2496.960593319511, 2531.0272635772703, 2648.7422556715014, 2870.708026904583, 3023.1628064394, 3036.8570190925598, 3149.606210045815, 3181.1363481407166, 3335.5151530757903, 3379.4560249076844, 3407.2451432418825, 3590.5657628780364, 4039.5210210803034, 4233.682221525764, 4423.691487267494, 4369.109381915284, 4341.200351431465, 4692.714501141358, 4852.5615, 5002.884781924056, 5036.863922274971, 4987.180568237686, 5201.739914326668, 5621.0088409729005, 6212.549952737999, 6703.352406372071, 6619.306391748332, 6196.074340807342]
shares:[0, 8.7184, 17.3614, 26.6724, 36.4571, 46.054, 56.1144, 65.8896, 75.1403, 84.9635, 94.0297, 103.1621, 112.3787, 121.8934, 131.6116, 139.6244, 147.7281, 155.7991, 163.5691, 171.4307, 179.5344, 187.8608, 195.9059, 204.1704, 212.6883, 221.4372, 230.1253, 238.4309, 246.5875, 254.9838, 263.345, 271.892, 280.2954, 288.8424, 297.576, 306.1011, 313.8711, 321.4641, 328.899, 336.6032, 344.5397, 352.0416, 359.449, 366.7804, 374.2098, 381.8668, 389.3518, 396.404, 402.8891, 408.9904, 415.2639, 422.0759]
growth_rate:21.49
