ticker:INVE
price:[5.360000133514404, 5.789999961853027, 6.039999961853027, 5.849999904632568, 6.0, 6.429999828338623, 6.329999923706055, 6.449999809265137, 6.53000020980835, 6.730000019073486, 6.71999979019165, 6.929999828338623, 6.900000095367432, 7.340000152587891, 7.480000019073486, 7.059999942779541, 7.239999771118164, 8.5, 8.130000114440918, 7.679999828338623, 8.300000190734863, 8.079999923706055, 9.649999618530273, 12.850000381469727, 11.199999809265137, 11.140000343322754, 10.970000267028809, 12.260000228881836, 12.579999923706055, 11.489999771118164, 11.579999923706055, 11.510000228881836, 14.039999961853027, 14.569999694824219, 15.949999809265137, 15.630000114440918, 14.25, 16.59000015258789, 15.579999923706055, 15.609999656677246, 15.699999809265137, 16.059999465942383, 16.18000030517578, 15.949999809265137, 15.430000305175781, 14.5600004196167, 15.670000076293945, 16.280000686645508, 18.18000030517578, 16.540000915527344, 16.360000610351562, 17.6200008392334]
assets:[0, 100.00024734115601, 204.3180987095833, 297.8907701437473, 405.5292, 534.5921147280216, 626.278165451622, 738.1508781719207, 847.3060542238712, 973.2569337583064, 1071.8110705364704, 1205.305071143675, 1300.0876679689884, 1482.9919808292389, 1611.2780241086482, 1620.8051348635672, 1762.1290642929077, 2168.79795, 2174.3912946075443, 2154.0371998535156, 2427.9309957941055, 2463.5758167381287, 3042.265634737587, 4151.100103231049, 3718.0796166814807, 3798.161951055241, 3840.201076477146, 4391.783411990166, 4606.413540063477, 4307.2883861984255, 4441.027242740631, 4514.181804766655, 5606.438744767189, 5918.077444042969, 6578.609321331024, 6546.625547933579, 6068.6118750000005, 7165.1414339019775, 6828.927412559318, 6942.077486317539, 7082.101923961543, 7344.494715766907, 7499.373511447907, 7492.769205399227, 7348.491355339051, 7034.156058723163, 7670.413326345634, 8069.006516328431, 9110.7198989357, 8388.850288342286, 8397.557229292297, 9144.313505539893]
shares:[0, 17.2712, 33.8275, 50.9215, 67.5882, 83.1403, 98.9381, 114.442, 129.7559, 144.6147, 159.4957, 173.9257, 188.4185, 202.0425, 215.4115, 229.5758, 243.388, 255.1527, 267.4528, 280.4736, 292.5218, 304.898, 315.2607, 323.0428, 331.9714, 340.9481, 350.0639, 358.2205, 366.1696, 374.8728, 383.5084, 392.1965, 399.319, 406.1824, 412.452, 418.85, 425.8675, 431.8952, 438.3137, 444.7199, 451.0893, 457.316, 463.4965, 469.7661, 476.247, 483.1151, 489.4967, 495.6392, 501.1397, 507.1856, 513.2981, 518.9735]
growth_rate:79.3
