ticker:INVO
price:[9.11400032043457, 3.049999952316284, 3.25, 3.2249999046325684, 3.140000104904175, 3.0399999618530273, 3.0899999141693115, 3.069999933242798, 3.009999990463257, 3.049999952316284, 3.0399999618530273, 3.1050000190734863, 2.9600000381469727, 3.319999933242798, 3.9000000953674316, 3.759999990463257, 3.180000066757202, 3.380000114440918, 5.230000019073486, 4.710000038146973, 4.429999828338623, 4.46999979019165, 4.079999923706055, 3.7699999809265137, 4.320000171661377, 4.110000133514404, 3.799999952316284, 3.930000066757202, 4.300000190734863, 4.380000114440918, 4.309999942779541, 5.179999828338623, 4.150000095367432, 5.0, 4.559999942779541, 4.539999961853027, 3.9100000858306885, 4.349999904632568, 4.260000228881836, 4.269999980926514, 4.239999771118164, 3.9000000953674316, 3.8499999046325684, 3.809999942779541]
assets:[0, 100.00004343659879, 206.557325, 304.96856848168375, 396.93055326104167, 484.2893219229698, 592.2547215489865, 688.4213900302649, 774.9669385446309, 885.2655361597538, 982.3629156729697, 1103.3673457777977, 1151.8413908443451, 1391.9302240116358, 1735.098732428694, 1772.8129235034942, 1599.3470075748205, 1799.9348989426612, 2885.1064985218045, 2698.250691853523, 2637.845169784164, 2761.663316375828, 2620.712878993988, 2521.590123242569, 2989.461286790514, 2944.1402336411475, 2822.076044587612, 3018.6208682760002, 3402.816760938549, 3566.1246991759303, 3609.1318880844115, 4437.657160939312, 3655.2661339983943, 4503.935, 4207.588555201722, 4289.134091960907, 3793.9458092831132, 4320.885790270853, 4331.48857072277, 4441.65611515975, 4510.449852518845, 4248.763063895798, 4294.291433627129, 4349.675385674429]
shares:[0, 32.7869, 63.5561, 94.5639, 126.411, 159.3057, 191.6682, 224.2415, 257.4641, 290.251, 323.1457, 355.3518, 389.1356, 419.2561, 444.8971, 471.4928, 502.9393, 532.5251, 551.6456, 572.877, 595.4504, 617.8218, 642.3316, 668.8568, 692.0049, 716.3358, 742.6516, 768.0969, 791.3527, 814.1837, 837.3856, 856.6906, 880.787, 900.787, 922.7168, 944.7432, 970.3186, 993.3071, 1016.7813, 1040.2005, 1063.7854, 1089.4264, 1115.4004, 1141.6471]
growth_rate:1.16
