ticker:INVZ
price:[9.800000190734863, 9.755000114440918, 9.729999542236328, 9.78499984741211, 9.765000343322754, 9.800000190734863, 9.899999618530273, 9.895999908447266, 12.029999732971191, 13.0, 12.0, 15.5, 14.289999961853027, 13.890000343322754, 13.739999771118164, 13.430000305175781, 13.0, 13.550000190734863, 12.0600004196167, 10.09000015258789, 10.670000076293945, 11.3100004196167, 9.90999984741211, 9.460000038146973, 10.09000015258789, 10.609999656677246, 10.619999885559082, 9.859999656677246, 10.649999618530273, 10.430000305175781, 9.920000076293945, 9.979999542236328, 9.850000381469727, 8.380000114440918, 9.25, 8.470000267028809, 8.6899995803833, 7.139999866485596, 6.880000114440918, 7.550000190734863]
assets:[0, 100.00045717315675, 199.74424160270692, 300.8730893081665, 400.2585755724907, 501.693369764328, 606.8125566181183, 706.5674662631989, 958.9341357146263, 1136.2546, 1148.85, 1583.93105, 1560.2822258348465, 1616.6071359580992, 1699.1488276954651, 1760.8127120117188, 1804.4351, 1980.7769678821562, 1862.964946820164, 1658.6497200832368, 1853.9936052566527, 2065.1981596217156, 1909.558861597824, 1922.8481217537878, 2150.90248552742, 2361.751971577454, 2463.9780334482193, 2387.6482168626785, 2678.950959043312, 2723.611011691284, 2690.43298069191, 2806.7052112617494, 2870.1453161546706, 2541.8090647120475, 2905.696025, 2760.6754660342217, 2932.381266403198, 2509.344385076523, 2517.9678978835104, 2863.1767573321345]
shares:[0, 10.2512, 20.5287, 30.7484, 40.9891, 51.1932, 61.2942, 71.3993, 79.7119, 87.4042, 95.7375, 102.1891, 109.187, 116.3864, 123.6644, 131.1104, 138.8027, 146.1828, 154.4747, 164.3855, 173.7576, 182.5993, 192.6901, 203.2609, 213.1717, 222.5968, 232.013, 242.155, 251.5447, 261.1324, 271.213, 281.233, 291.3853, 303.3185, 314.1293, 325.9357, 337.4432, 351.4488, 365.9837, 379.2287]
growth_rate:-26.59
