ticker:INZY
price:[27.6299991607666, 24.229999542236328, 23.969999313354492, 22.0, 21.0, 22.100000381469727, 23.190000534057617, 23.75, 22.969999313354492, 23.700000762939453, 24.65999984741211, 26.979999542236328, 26.229999542236328, 24.34000015258789, 22.1200008392334, 21.600000381469727, 24.770000457763672, 20.639999389648438, 26.079999923706055, 27.899999618530273, 26.5, 21.040000915527344, 22.270000457763672, 20.43000030517578, 20.670000076293945, 20.0, 20.329999923706055, 21.25, 20.5, 18.889999389648438, 20.5, 19.020000457763672, 18.600000381469727, 18.739999771118164, 18.479999542236328, 16.139999389648438, 15.84000015258789, 15.75, 16.360000610351562, 16.559999465942383, 16.65999984741211, 15.430000305175781, 16.950000762939453, 17.0, 17.540000915527344, 18.049999237060547, 19.030000686645508, 16.770000457763672, 16.260000228881836, 15.880000114440918, 15.479999542236328, 16.100000381469727]
assets:[0, 99.99963111076356, 198.92702430152892, 282.579, 369.7344, 489.1017384424209, 613.2247791223526, 728.0325, 804.1222509622573, 929.6775599277496, 1067.3365793956757, 1267.7497084903719, 1332.5075837451934, 1336.4948043785096, 1314.5960738758088, 1383.6917044368743, 1686.760244172287, 1505.5207714797975, 2002.3258981424333, 2242.057919344902, 2229.5536500000003, 1870.182561378479, 2079.5125137447358, 2007.6990329902649, 2131.2837078666685, 2162.2, 2297.875495376587, 2501.862375, 2513.56035, 2416.153706932068, 2722.0822500000004, 2625.560805190659, 2667.5822947097777, 2787.6611699527743, 2848.9857614284515, 2588.237740122986, 2640.1288574325563, 2725.128, 2930.673249336243, 3066.499557105827, 3185.017120828629, 3049.8691723205566, 3450.3099503025055, 3560.4885, 3773.5873689682003, 3983.3099316329954, 4299.579362138557, 3888.96142915535, 3870.693054485321, 3880.2335639633175, 3882.4937931896206, 4137.9947280447]
shares:[0, 4.1271, 8.299, 12.8445, 17.6064, 22.1313, 26.4435, 30.654, 35.0075, 39.2269, 43.2821, 46.9885, 50.8009, 54.9094, 59.4302, 64.0598, 68.0969, 72.9419, 76.7763, 80.3605, 84.1341, 88.887, 93.3773, 98.2721, 103.11, 108.11, 113.0288, 117.7347, 122.6127, 127.9065, 132.7845, 138.0421, 143.4184, 148.7546, 154.1659, 160.3617, 166.6748, 173.024, 179.1365, 185.1751, 191.1775, 197.6584, 203.5581, 209.4405, 215.1418, 220.682, 225.9369, 231.8999, 238.05, 244.3472, 250.8071, 257.0183]
growth_rate:-18.86
