ticker:IONS
price:[55.61000061035156, 51.970001220703125, 51.38999938964844, 48.70000076293945, 45.650001525878906, 45.939998626708984, 47.130001068115234, 47.34000015258789, 46.95000076293945, 48.630001068115234, 51.56999969482422, 49.13999938964844, 51.130001068115234, 51.220001220703125, 45.810001373291016, 54.33000183105469, 59.68000030517578, 56.540000915527344, 61.040000915527344, 61.279998779296875, 61.75, 60.06999969482422, 60.189998626708984, 57.060001373291016, 57.689998626708984, 52.400001525878906, 52.779998779296875, 52.9900016784668, 54.209999084472656, 42.95000076293945, 45.04999923706055, 42.36000061035156, 40.779998779296875, 42.689998626708984, 42.81999969482422, 36.540000915527344, 38.2400016784668, 36.209999084472656, 37.25, 34.540000915527344, 37.93000030517578, 37.790000915527344, 38.93000030517578, 39.91999816894531, 38.869998931884766, 36.54999923706055, 38.029998779296875, 37.13999938964844, 38.79999923706055, 39.68000030517578, 39.2599983215332, 39.630001068115234]
assets:[0, 100.00067634887695, 198.88443663787842, 288.47445451927183, 370.40867738113405, 472.7639318675995, 585.0105642581939, 687.6182362163544, 781.9522627067566, 909.9305389858247, 1064.9411216979981, 1114.7605421539308, 1259.9045823196411, 1362.1242244628907, 1318.251504518509, 1663.4270990615846, 1927.2283458549502, 1925.831587184143, 2179.1097206840514, 2287.680402429199, 2405.22425, 2439.7850866050717, 2544.6585909412383, 2512.329036465454, 2640.067407154083, 2497.9814327407835, 2616.0986974945067, 2726.5051543624877, 2889.279110204315, 2389.1453324394224, 2605.9622558670044, 2550.3558487472533, 2555.229865512085, 2774.9096767341616, 2883.3617554504394, 2560.485754154205, 2779.6121860054013, 2732.055293923187, 2910.525025, 2798.7797281852722, 3173.4703705329894, 3261.7570120216374, 3460.1529291244506, 3648.144920666504, 3652.1901166408543, 3534.205831227493, 3777.3144167541504, 3788.9150317337035, 4058.2626402008054, 4250.307360688782, 4305.318157936477, 4445.8916698265075]
shares:[0, 1.9242, 3.8701, 5.9235, 8.1141, 10.2909, 12.4127, 14.5251, 16.655, 18.7113, 20.6504, 22.6854, 24.6412, 26.5936, 28.7765, 30.6171, 32.2927, 34.0614, 35.6997, 37.3316, 38.951, 40.6157, 42.2771, 44.0296, 45.763, 47.6714, 49.5661, 51.4532, 53.2979, 55.6262, 57.846, 60.2067, 62.6589, 65.0014, 67.3368, 70.0735, 72.6886, 75.4503, 78.1349, 81.0301, 83.6665, 86.3127, 88.8814, 91.3864, 93.9591, 96.6951, 99.3246, 102.0171, 104.5944, 107.1146, 109.6617, 112.185]
growth_rate:-12.83
