ticker:IOSP
price:[74.04000091552734, 67.12000274658203, 66.51000213623047, 63.20000076293945, 63.560001373291016, 67.06999969482422, 68.77999877929688, 68.52999877929688, 66.13999938964844, 68.75, 79.80999755859375, 80.76000213623047, 85.43000030517578, 87.12000274658203, 85.31999969482422, 88.55000305175781, 89.54000091552734, 90.7300033569336, 97.8499984741211, 97.2699966430664, 96.61000061035156, 87.79000091552734, 94.58999633789062, 100.08000183105469, 99.8499984741211, 100.44999694824219, 101.41000366210938, 105.41999816894531, 104.36000061035156, 103.0, 105.33000183105469, 102.52999877929688, 102.81999969482422, 97.69999694824219, 97.41000366210938, 102.54000091552734, 101.0, 100.2300033569336, 101.11000061035156, 101.87999725341797, 98.51000213623047, 91.55000305175781, 94.0, 90.48999786376953, 90.38999938964844, 88.12000274658203, 86.4800033569336, 88.44999694824219, 89.31999969482422, 94.08000183105469, 90.4800033569336, 95.69000244140625]
assets:[0, 100.00209209213257, 199.09104039459228, 289.18424349098206, 390.8304484443665, 512.414797668457, 625.4784308990478, 723.2039301177979, 797.9790926361084, 929.465625, 1178.9931889343263, 1293.024166202545, 1467.7899212432862, 1596.822530342102, 1663.8338460487366, 1826.8219829589846, 1947.2443079101563, 2073.1261387039185, 2335.8164535751343, 2421.974281414032, 2505.5417218292237, 2376.8001477867124, 2660.9017279815675, 2915.340461338806, 3008.640214022827, 3126.717100007629, 3256.5997296020505, 3485.374895462036, 3550.3272207641603, 3604.0627000000004, 3785.591864808655, 3784.9564229370117, 3895.6647124374385, 3801.672971250916, 3890.389949258423, 4195.270327457428, 4232.263599999999, 4299.997443016815, 4437.748259788514, 4571.538860755921, 4520.318617024994, 4300.94590336914, 4516.042, 4447.411464008332, 4542.495185327148, 4528.416445144653, 4544.135016391754, 4747.650881193542, 4894.351907277679, 5255.177190280152, 5154.084815223694, 5550.862213623047]
shares:[0, 1.4899, 2.9934, 4.5757, 6.149, 7.64, 9.0939, 10.5531, 12.065, 13.5195, 14.7725, 16.0107, 17.1812, 18.329, 19.5011, 20.6304, 21.7472, 22.8494, 23.8714, 24.8995, 25.9346, 27.0737, 28.1309, 29.1301, 30.1316, 31.1271, 32.1132, 33.0618, 34.02, 34.9909, 35.9403, 36.9156, 37.8882, 38.9117, 39.9383, 40.9135, 41.9036, 42.9013, 43.8903, 44.8718, 45.8869, 46.9792, 48.043, 49.1481, 50.2544, 51.3892, 52.5455, 53.6761, 54.7957, 55.8586, 56.9638, 58.0088]
growth_rate:8.84
