ticker:IOVA
price:[30.649999618530273, 31.700000762939453, 36.150001525878906, 31.809999465942383, 31.5, 31.190000534057617, 37.63999938964844, 37.650001525878906, 35.68000030517578, 40.439998626708984, 37.720001220703125, 36.45000076293945, 39.380001068115234, 43.11000061035156, 49.95000076293945, 47.310001373291016, 49.54999923706055, 46.400001525878906, 50.52000045776367, 51.060001373291016, 47.54999923706055, 43.84000015258789, 49.650001525878906, 47.56999969482422, 47.189998626708984, 37.29999923706055, 32.36000061035156, 34.689998626708984, 31.360000610351562, 28.670000076293945, 32.220001220703125, 30.190000534057617, 30.139999389648438, 31.280000686645508, 31.440000534057617, 28.520000457763672, 25.81999969482422, 18.049999237060547, 18.56999969482422, 17.920000076293945, 23.450000762939453, 24.780000686645508, 27.030000686645508, 26.459999084472656, 26.6299991607666, 22.489999771118164, 23.049999237060547, 22.270000457763672, 23.540000915527344, 21.770000457763672, 21.170000076293945, 23.510000228881836]
assets:[0, 100.00082240676879, 214.0405440345764, 288.3449211589813, 385.5348, 481.7420342487335, 681.363032951355, 781.5424966743469, 840.6493511901856, 1052.798748248291, 1081.986919015503, 1145.5579139778138, 1337.644124281311, 1564.3412141479491, 1912.5455692123414, 1911.4612544849397, 2101.965472635269, 2068.3403880180363, 2351.9939853115084, 2477.135118624115, 2406.847821382141, 2319.057096071625, 2726.39577878952, 2712.1797476005554, 2790.5145027923586, 2305.684532839203, 2100.3193676147457, 2351.5482819080353, 2225.8168113204956, 2134.891486681175, 2499.2410546875, 2441.7793191947935, 2537.736710609436, 2733.7219160095215, 2847.7063443727493, 2683.2243870674133, 2529.2032341064455, 1868.091891039276, 2021.9089947723387, 2051.137544732666, 2784.1060305801393, 3042.010230293083, 3418.221995833397, 3446.139696762085, 3568.2814115470887, 3113.542556313324, 3291.06967106781, 3279.7007404148103, 3566.733858718872, 3398.5474264621735, 3404.881196270752, 3881.2353747858047]
shares:[0, 3.1546, 5.9209, 9.0646, 12.2392, 15.4454, 18.1021, 20.7581, 23.5608, 26.0336, 28.6847, 31.4282, 33.9676, 36.2872, 38.2892, 40.4029, 42.4211, 44.5763, 46.5557, 48.5142, 50.6172, 52.8982, 54.9123, 57.0145, 59.1336, 61.8146, 64.9048, 67.7875, 70.9763, 74.4643, 77.568, 80.8804, 84.1983, 87.3952, 90.5759, 94.0822, 97.9552, 103.4954, 108.8804, 114.4608, 118.7252, 122.7607, 126.4603, 130.2396, 133.9948, 138.4412, 142.7796, 147.2699, 151.518, 156.1115, 160.8352, 165.0887]
growth_rate:-23.9
