ticker:IPA
price:[14.949999809265137, 16.459999084472656, 14.649999618530273, 15.75, 17.0, 15.0600004196167, 14.380000114440918, 16.06999969482422, 13.4399995803833, 11.699999809265137, 11.510000228881836, 10.149999618530273, 9.729999542236328, 10.390000343322754, 12.279999732971191, 10.100000381469727, 9.5, 9.760000228881836, 7.71999979019165, 7.929999828338623, 8.420000076293945, 7.820000171661377, 7.269999980926514, 7.139999866485596, 6.769999980926514, 6.440000057220459, 6.199999809265137, 5.510000228881836, 5.429999828338623, 8.539999961853027, 6.579999923706055, 7.21999979019165, 7.050000190734863, 6.429999828338623, 7.590000152587891, 7.179999828338623]
assets:[0, 99.99943243789673, 189.00257507858277, 303.1938, 427.25759999999997, 478.4998873324394, 556.8942644319534, 722.3432722824098, 704.1256100161553, 712.9663983771325, 801.3883699359893, 806.6976096817016, 873.3170819133759, 1032.5551171193122, 1320.3824112882614, 1185.9824447937012, 1215.52785, 1348.7949436306, 1166.8748802875518, 1298.61597888875, 1478.8585013999939, 1473.4764943451405, 1469.843507143736, 1543.560157136202, 1563.5714385948659, 1587.356330103922, 1628.1999299105646, 1546.9970312612534, 1624.5359456427097, 2654.9792381405828, 2145.639933121681, 2454.3342386786935, 2496.5453625430105, 2376.9908965415957, 2905.8103064178467, 2848.8429958890915]
shares:[0, 6.0753, 12.9012, 19.2504, 25.1328, 31.7729, 38.727, 44.9498, 52.3903, 60.9373, 69.6254, 79.4776, 89.7551, 99.3797, 107.523, 117.424, 127.9503, 138.1962, 151.1496, 163.7599, 175.6364, 188.4241, 202.1793, 216.1849, 230.9559, 246.4839, 262.6129, 280.7617, 299.1779, 310.8875, 326.0851, 339.9355, 354.1199, 369.672, 382.8472, 396.7748]
growth_rate:-18.6
