ticker:IPAR
price:[45.029998779296875, 40.70000076293945, 39.2400016784668, 37.029998779296875, 38.58000183105469, 41.119998931884766, 40.970001220703125, 41.29999923706055, 41.060001373291016, 46.54999923706055, 54.27000045776367, 53.0, 55.380001068115234, 57.90999984741211, 56.11000061035156, 58.43000030517578, 59.38999938964844, 60.4900016784668, 61.13999938964844, 60.95000076293945, 59.16999816894531, 62.18000030517578, 67.47000122070312, 67.22000122070312, 68.81999969482422, 73.16999816894531, 71.47000122070312, 75.75, 72.16000366210938, 71.0999984741211, 71.51000213623047, 71.3499984741211, 71.86000061035156, 76.05999755859375, 73.5999984741211, 74.86000061035156, 75.62000274658203, 74.58999633789062, 76.4800033569336, 76.5199966430664, 76.87000274658203, 71.62000274658203, 72.16999816894531, 71.79000091552734, 71.81999969482422, 68.83999633789062, 75.25, 76.87000274658203, 79.41999816894531, 74.11000061035156, 73.25, 73.80000305175781]
assets:[0, 99.99990187454223, 196.4119044013977, 285.3494675933838, 397.29300085601807, 523.4493624031066, 621.5395005187988, 726.5454565784454, 822.3250715034485, 1032.2741630813598, 1303.4677249946594, 1372.9650000000001, 1534.6185955982207, 1704.725620508194, 1751.7373860549926, 1924.1641830497742, 2055.7788898727417, 2193.8574298748013, 2317.4321948654174, 2410.231210169983, 2439.8393724975585, 2663.9528810745237, 2990.5875631073, 3079.5095839233395, 3252.811695575714, 3558.417984951782, 3575.744219073486, 3889.8761250000002, 3805.5237611297607, 3849.6240973831177, 3971.82284065094, 4062.9329081108094, 4191.9746936050415, 4536.986460369873, 4490.247586907959, 4667.116794052124, 4814.498714866639, 4848.924104934692, 5071.786718615723, 5174.435212997437, 5298.1035123023985, 5036.261297137451, 5174.93528470459, 5247.691128923035, 5349.886141267395, 5227.90207388916, 5814.695425, 6039.875977806091, 6340.233467823791, 6016.32395954895, 6046.50915, 6191.908816046142]
shares:[0, 2.457, 5.0054, 7.7059, 10.2979, 12.7298, 15.1706, 17.5919, 20.0274, 22.1756, 24.0182, 25.905, 27.7107, 29.4375, 31.2197, 32.9311, 34.6149, 36.2681, 37.9037, 39.5444, 41.2344, 42.8426, 44.3247, 45.8124, 47.2655, 48.6322, 50.0314, 51.3515, 52.7373, 54.1438, 55.5422, 56.9437, 58.3353, 59.6501, 61.0088, 62.3446, 63.667, 65.0077, 66.3152, 67.622, 68.9229, 70.3192, 71.7048, 73.0978, 74.4902, 75.9428, 77.2717, 78.5726, 79.8317, 81.181, 82.5462, 83.9012]
growth_rate:21.41
