ticker:IPDN
price:[0.9399999976158142, 0.9200000166893005, 0.9300000071525574, 1.2400000095367432, 0.9800000190734863, 1.1100000143051147, 1.1100000143051147, 1.159999966621399, 0.9700000286102295, 1.0299999713897705, 1.0199999809265137, 1.2400000095367432, 1.4700000286102295, 1.5299999713897705, 1.5, 1.2000000476837158, 1.2200000286102295, 2.5899999141693115, 2.8499999046325684, 2.3299999237060547, 2.5899999141693115, 2.2300000190734863, 2.740000009536743, 2.9800000190734863, 4.300000190734863, 2.7699999809265137, 2.5299999713897705, 3.059999942779541, 3.2100000381469727, 2.430000066757202, 2.309999942779541, 1.9199999570846558, 1.590000033378601, 1.7100000381469727, 1.75, 1.600000023841858, 1.5, 1.6399999856948853, 1.4199999570846558, 1.649999976158142, 1.9500000476837158, 1.590000033378601, 1.6299999952316284, 1.9199999570846558, 1.6100000143051147, 1.4800000190734863, 1.5099999904632568, 1.3899999856948853, 1.4500000476837158, 1.2599999904632568, 1.2000000476837158, 1.2999999523162842]
assets:[0, 100.00004581405521, 201.08701954654455, 368.11607483115193, 390.9304356085777, 542.7885639951825, 642.7885762839318, 771.7429897933603, 745.3368669837713, 891.4401522385359, 982.7853836224078, 1294.7587819578887, 1634.9156568199396, 1801.6468763101102, 1866.32055, 1593.056463302374, 1719.607364326525, 3750.6415537065027, 4227.1537735498905, 3555.8837155654905, 4052.677501697254, 3589.371012700367, 4510.25866769824, 5005.31769603653, 7322.438504800987, 4817.012515831328, 4499.654031116152, 5542.269142362356, 5913.9490272801395, 4576.914845737457, 4450.894029747963, 3799.4443310757997, 3246.41500415144, 3591.427409118175, 3775.4374000000003, 3551.828532926369, 3429.83925, 3849.9575304182413, 3433.4996882325177, 4089.630045906437, 4933.199430632449, 4122.454937541997, 4326.16440534432, 5195.849931863701, 4456.936796600616, 4197.059978089571, 4382.135487323642, 4133.886228456318, 4412.3275251008035, 3934.1603402229543, 3846.8195128588677, 4267.387513473153]
shares:[0, 108.6957, 216.2226, 296.8678, 398.9086, 488.9987, 579.0888, 665.2957, 768.3885, 865.4759, 963.5151, 1044.1603, 1112.1875, 1177.547, 1244.2137, 1327.547, 1409.5142, 1448.1242, 1483.2119, 1526.1304, 1564.7404, 1609.5834, 1646.0798, 1679.6368, 1702.8926, 1738.9937, 1778.5194, 1811.1991, 1842.3517, 1883.504, 1926.794, 1978.8773, 2041.7704, 2100.2499, 2157.3928, 2219.8928, 2286.5595, 2347.5351, 2417.9576, 2478.5637, 2529.8458, 2592.7389, 2654.0886, 2706.1719, 2768.2837, 2835.8513, 2902.0765, 2974.0189, 3042.9844, 3122.3495, 3205.6828, 3282.6059]
growth_rate:-16.33
