ticker:IPGP
price:[162.64999389648438, 158.52999877929688, 167.22000122070312, 164.97999572753906, 168.8300018310547, 181.02999877929688, 183.30999755859375, 200.17999267578125, 185.9600067138672, 198.88999938964844, 201.0, 200.72999572753906, 203.52000427246094, 212.07000732421875, 209.02999877929688, 216.82000732421875, 220.97000122070312, 223.7899932861328, 241.52000427246094, 243.9199981689453, 251.0, 223.42999267578125, 238.42999267578125, 252.88999938964844, 234.55999755859375, 227.35000610351562, 206.5, 210.80999755859375, 211.6300048828125, 206.8699951171875, 217.8000030517578, 238.7100067138672, 223.89999389648438, 227.99000549316406, 217.11000061035156, 197.3000030517578, 195.80999755859375, 203.88999938964844, 209.25999450683594, 209.07000732421875, 203.60000610351562, 203.44000244140625, 210.97999572753906, 211.19000244140625, 207.41000366210938, 205.8800048828125, 215.4600067138672, 218.16000366210938, 181.5500030517578, 169.1199951171875, 167.3699951171875, 172.42999267578125]
assets:[0, 100.00072322998048, 205.47993749999998, 302.7217941604614, 409.78418044433596, 539.396984362793, 646.1860723937989, 805.6644165222168, 848.442530632019, 1007.4375139083862, 1118.1228, 1216.6245041046143, 1333.544475994873, 1489.5585244445801, 1568.205759841919, 1726.646128326416, 1859.7056272735597, 1983.4283314956665, 2240.5569276351926, 2362.828630262756, 2531.4103, 2353.3657698547363, 2611.356808782959, 2869.7198460739137, 2761.7094112548825, 2776.8302395477294, 2622.1783, 2776.915773840332, 2887.7125796264645, 2922.762726013184, 3177.1793245178224, 3582.201715751648, 3459.9489956817624, 3623.148770295715, 3550.247862980652, 3326.3004814498904, 3401.180495593262, 3641.5365560989376, 3837.451631265259, 3933.9657928161623, 3931.047837844849, 4027.9492963378902, 4277.239649383545, 4381.495623651123, 4403.065485742188, 4470.581366027832, 4778.601304904175, 4938.48800289917, 4209.745160763549, 4021.5212758911134, 4079.911422973633, 4303.249112213134]
shares:[0, 0.6308, 1.2288, 1.8349, 2.4272, 2.9796, 3.5251, 4.0247, 4.5625, 5.0653, 5.5628, 6.061, 6.5524, 7.0239, 7.5023, 7.9635, 8.4161, 8.8629, 9.2769, 9.6869, 10.0853, 10.5329, 10.9523, 11.3477, 11.774, 12.2139, 12.6982, 13.1726, 13.6451, 14.1285, 14.5876, 15.0065, 15.4531, 15.8917, 16.3523, 16.8591, 17.3698, 17.8603, 18.3382, 18.8165, 19.3077, 19.7992, 20.2732, 20.7467, 21.2288, 21.7145, 22.1786, 22.637, 23.1878, 23.7791, 24.3766, 24.9565]
growth_rate:-15.62
