ticker:IPHA
price:[6.078999996185303, 3.9200000762939453, 3.9489998817443848, 3.865000009536743, 3.9100000858306885, 4.170000076293945, 4.170000076293945, 4.670000076293945, 4.389999866485596, 4.150000095367432, 4.75, 4.900000095367432, 5.559999942779541, 5.619999885559082, 4.360000133514404, 4.309999942779541, 4.269999980926514, 4.090000152587891, 4.650000095367432, 4.519999980926514, 4.489999771118164, 4.090000152587891, 4.389999866485596, 4.369999885559082, 4.389999866485596, 4.590000152587891, 4.309999942779541, 4.570000171661377, 4.5, 4.269999980926514, 4.309999942779541, 4.260000228881836, 4.400000095367432, 4.119999885559082, 4.239999771118164, 3.9509999752044678, 4.015999794006348, 4.03000020980835, 3.9100000858306885, 3.759999990463257, 4.139999866485596, 3.5999999046325684, 3.450000047683716, 3.5199999809265137, 3.309999942779541, 3.190000057220459, 3.299999952316284, 3.319999933242798, 3.309999942779541, 3.4019999504089355, 3.3499999046325684, 3.5299999713897705]
assets:[0, 99.99998594627381, 200.7399058887005, 296.46985023152826, 399.92145577890875, 526.5146346330642, 626.5145724626541, 801.6363350963593, 853.5722580400467, 906.9078208408356, 1138.02685, 1273.9647447948455, 1545.5598880939485, 1662.2386061515808, 1389.566050552082, 1473.63078743577, 1559.954396031904, 1594.1953514755248, 1912.4715692231177, 1959.0046037333964, 2046.0021977031709, 1963.7305462619781, 2207.7691258544446, 2297.710979827881, 2408.22661675787, 2617.9410120296475, 2558.2409800362584, 2812.566389647484, 2869.4853000000003, 2822.82268939085, 2949.2661558449267, 3015.0522239931106, 3214.1384696645737, 3109.6020496248243, 3300.172869851494, 3175.2317977730036, 3327.4690789233205, 3439.069189043522, 3436.6648594402313, 3404.8232473641156, 3848.9276538726326, 3446.8937086884976, 3403.273247037888, 3572.3251326429845, 3459.2034862002374, 3433.79453559351, 3652.2010272271154, 3774.3356161072015, 3862.967209220314, 4070.3367888665675, 4108.120963050461, 4428.85586610465]
shares:[0, 25.5102, 50.8331, 76.7063, 102.2817, 126.2625, 150.2433, 171.6566, 194.4356, 218.532, 239.5846, 259.9928, 277.9784, 295.772, 318.7078, 341.9097, 365.3289, 389.7788, 411.2842, 433.4081, 455.6798, 480.1297, 502.9087, 525.792, 548.571, 570.3575, 593.5594, 615.4412, 637.6634, 661.0826, 684.2845, 707.7587, 730.486, 754.7578, 778.3427, 803.6527, 828.5531, 853.367, 878.9424, 905.5381, 929.6927, 957.4705, 986.456, 1014.8651, 1045.0766, 1076.4246, 1106.7276, 1136.8481, 1167.0596, 1196.4541, 1226.3048, 1254.6334]
growth_rate:-13.16
