ticker:IPKW
price:[32.22999954223633, 32.2400016784668, 32.3650016784668, 31.079999923706055, 31.913999557495117, 33.68000030517578, 32.91999816894531, 33.18000030517578, 31.399999618530273, 33.23899841308594, 34.959999084472656, 36.02000045776367, 37.3849983215332, 38.11000061035156, 37.47999954223633, 38.04999923706055, 38.06999969482422, 38.400001525878906, 40.30500030517578, 40.2599983215332, 40.4900016784668, 38.81700134277344, 40.74700164794922, 42.099998474121094, 42.54499816894531, 41.89500045776367, 42.26900100708008, 43.14500045776367, 43.13800048828125, 42.9900016784668, 43.15999984741211, 43.79999923706055, 44.650001525878906, 44.65999984741211, 44.439998626708984, 46.060001373291016, 45.119998931884766, 45.58000183105469, 46.39899826049805, 46.974998474121094, 46.854000091552734, 44.9900016784668, 45.9900016784668, 45.220001220703125, 45.2599983215332, 44.56999969482422, 44.79899978637695, 44.97999954223633, 44.900001525878906, 44.720001220703125, 43.27000045776367, 44.349998474121094]
assets:[0, 99.99881320610046, 200.38790789222716, 292.4317192821503, 400.27814804992676, 522.4273247337342, 610.6396300354004, 715.4636645805358, 777.0809105594635, 922.5916116531372, 1070.359803969574, 1202.8122732860563, 1348.3946424613953, 1474.5445216156006, 1550.1690330669405, 1673.7433664398193, 1774.6216147743226, 1890.0058351020812, 2083.768515777588, 2181.443723054123, 2293.9043590911865, 2299.123226132202, 2513.4380496520994, 2696.896432253265, 2825.4048194000247, 2882.23777799263, 3007.9677841663356, 3170.307577136612, 3269.7914162109373, 3358.572386129379, 3471.8551277256015, 3623.3374168861387, 3793.6516596450806, 3894.4993646938324, 3975.3134171543124, 4220.22920182724, 4234.101307767105, 4377.266359844971, 4555.917639198303, 4712.475476925659, 4800.337556779862, 4709.364417694855, 4914.040877344513, 4931.765685131836, 5036.129799235154, 5059.354601358032, 5185.349828273773, 5306.299541997529, 5396.863443406677, 5475.226269454955, 5397.698899103546, 5632.423196214294]
shares:[0, 3.1017, 6.1915, 9.409, 12.5424, 15.5115, 18.5492, 21.5631, 24.7478, 27.7563, 30.6167, 33.3929, 36.0678, 38.6918, 41.3599, 43.988, 46.6147, 49.2189, 51.7, 54.1839, 56.6536, 59.2298, 61.684, 64.0593, 66.4098, 68.7967, 71.1625, 73.4803, 75.7984, 78.1245, 80.4415, 82.7246, 84.9642, 87.2033, 89.4535, 91.6246, 93.8409, 96.0348, 98.19, 100.3188, 102.4531, 104.6758, 106.8502, 109.0616, 111.2711, 113.5148, 115.747, 117.9702, 120.1974, 122.4335, 124.7446, 126.9994]
growth_rate:10.44
