ticker:IPLDP
price:[25.559999465942383, 25.670000076293945, 25.799999237060547, 25.780000686645508, 25.84000015258789, 26.100000381469727, 26.020000457763672, 25.969999313354492, 25.68000030517578, 25.739999771118164, 26.229999542236328, 26.5, 26.309999465942383, 26.350000381469727, 26.25, 26.3799991607666, 26.549999237060547, 26.450000762939453, 26.09000015258789, 26.34000015258789, 26.329999923706055, 26.200000762939453, 26.15999984741211, 25.780000686645508, 25.690000534057617, 25.299999237060547, 25.549999237060547, 25.850000381469727, 25.8799991607666, 26.170000076293945, 26.389999389648438, 26.5, 26.59000015258789, 26.739999771118164, 26.200000762939453, 26.079999923706055, 25.6200008392334, 25.600000381469727, 25.90999984741211, 26.309999465942383, 26.18000030517578, 26.149999618530273, 26.229999542236328, 25.739999771118164, 25.829999923706055, 25.649999618530273, 25.690000534057617, 25.959999084472656, 26.139999389648438, 26.100000381469727, 26.149999618530273, 26.290000915527344]
assets:[0, 100.00005229721069, 200.50727407073975, 300.35247599983217, 401.0523063682556, 505.08720738220217, 603.53911461792, 702.3794074291229, 794.5366414421082, 896.392918029213, 1013.4563613132477, 1123.88885, 1215.8298023202897, 1317.6791990760803, 1412.6778749999999, 1519.6752496541978, 1629.4690331756592, 1723.3312847087861, 1799.8760585266114, 1917.1226691059112, 2016.3935221572874, 2106.438141339111, 2203.2213471488953, 2271.2180604934692, 2363.2899431293486, 2427.4134867996218, 2551.399928813553, 2681.358499568939, 2784.4705177055357, 2915.6729845001223, 3040.1833486862183, 3152.85605, 3263.5635537281037, 3381.9735590518953, 3413.67669940567, 3498.0425817668915, 3536.344087839889, 3633.5821341445926, 3777.58211075325, 3935.8996211065296, 4016.4518708190917, 4111.849475017357, 4224.42798527565, 4245.511804248619, 4360.357121120835, 4429.970394116975, 4536.87978431511, 4684.562310790253, 4817.045105525207, 4909.673681758308, 5019.079256782913, 5145.949570203399]
shares:[0, 3.8956, 7.7716, 11.6506, 15.5206, 19.352, 23.1952, 27.0458, 30.9399, 34.8249, 38.6373, 42.4109, 46.2117, 50.0068, 53.8163, 57.6071, 61.3736, 65.1543, 68.9872, 72.7837, 76.5816, 80.3984, 84.221, 88.1, 91.9926, 95.9452, 99.8591, 103.7276, 107.5916, 111.4128, 115.2021, 118.9757, 122.7365, 126.4762, 130.293, 134.1274, 138.0306, 141.9368, 145.7963, 149.5971, 153.4168, 157.2409, 161.0533, 164.9383, 168.8098, 172.7084, 176.601, 180.4531, 184.2787, 188.1101, 191.9342, 195.7379]
growth_rate:0.9
