ticker:IPVIU
price:[10.010000228881836, 10.09000015258789, 10.010000228881836, 9.869999885559082, 9.970000267028809, 10.0, 9.979999542236328, 10.170000076293945, 10.015999794006348, 10.017000198364258, 10.0, 9.979999542236328, 9.979999542236328, 9.970000267028809, 9.970000267028809, 9.979999542236328, 9.979999542236328, 9.949999809265137, 9.949999809265137, 9.949999809265137, 9.949999809265137, 9.949999809265137, 9.9399995803833, 9.899999618530273, 9.848999977111816, 9.8100004196167, 9.8100004196167]
assets:[0, 99.99997351226807, 199.20701255493165, 296.4207715630531, 399.4241326978684, 500.62600000000003, 599.6243204963685, 711.0396233341218, 800.2723739412307, 900.3520186294556, 998.8240000000001, 1096.8259016906738, 1196.8254971038818, 1295.626459701061, 1395.626559379387, 1497.0258793342591, 1597.0254747474671, 1692.2253225611687, 1792.225805644226, 1892.2262887272834, 1992.226771810341, 2092.2272548933984, 2190.124837543964, 2281.311362095833, 2369.5590856933595, 2460.176430232525, 2560.1766315099717]
shares:[0, 9.9108, 19.9008, 30.0325, 40.0626, 50.0626, 60.0826, 69.9154, 79.8994, 89.8824, 99.8824, 109.9024, 119.9224, 129.9525, 139.9826, 150.0026, 160.0226, 170.0729, 180.1232, 190.1735, 200.2238, 210.2741, 220.3345, 230.4355, 240.5888, 250.7825, 260.9762]
growth_rate:-1.53
