ticker:IPWR
price:[5.269999980926514, 5.199999809265137, 6.289999961853027, 6.300000190734863, 6.099999904632568, 7.099999904632568, 6.449999809265137, 5.855000019073486, 5.46999979019165, 5.980000019073486, 5.599999904632568, 7.739999771118164, 9.880000114440918, 7.980000019073486, 7.400000095367432, 8.020000457763672, 9.899999618530273, 8.170000076293945, 8.119999885559082, 9.0, 14.0, 17.1200008392334, 22.469999313354492, 21.489999771118164, 19.0, 17.170000076293945, 15.84000015258789, 16.270000457763672, 15.119999885559082, 12.109999656677246, 13.600000381469727, 11.289999961853027, 9.760000228881836, 10.029999732971191, 9.449999809265137, 8.09000015258789, 8.729999542236328, 11.729999542236328, 11.369999885559082, 11.619999885559082, 12.199999809265137, 12.359999656677246, 13.59000015258789, 12.880000114440918, 12.020000457763672, 10.539999961853027, 16.040000915527344, 15.260000228881836, 17.450000762939453, 15.5, 13.979999542236328, 16.209999084472656]
assets:[0, 100.00015633201599, 220.96203765993118, 321.31323972787857, 411.11254357266426, 578.5079922294617, 625.5461365017891, 667.8406236755848, 723.9260282329559, 891.4218588432312, 934.7760640808582, 1391.9940668369293, 1876.861137739849, 1615.9260638623239, 1598.4777206003666, 1832.4040905895233, 2361.9448789888384, 2049.2010531360625, 2136.660229886532, 2468.2194, 3939.453, 4917.388113053512, 6554.071869718551, 6368.224039174461, 5730.352500000001, 5278.428895454407, 4969.557695872116, 5204.464016429901, 4936.601338635635, 4053.8514490718844, 4652.632210502815, 3962.368869611835, 3525.3960186740874, 3722.922261884594, 3607.638542184925, 3188.4438041381836, 3540.681786341858, 4857.4104054393765, 4808.334293603325, 5014.0590006184575, 5364.330156134033, 5534.681774263573, 6185.464107450103, 5962.309188976097, 5664.205249712753, 5066.7824576620105, 7810.739397819519, 7530.915406954765, 8711.696500888062, 7838.1826, 7169.535119239426, 8413.172697830963]
shares:[0, 19.2308, 35.1291, 51.0021, 67.3955, 81.48, 96.9839, 114.0633, 132.3448, 149.0672, 166.9243, 179.8442, 189.9657, 202.497, 216.0105, 228.4793, 238.5803, 250.8202, 263.1355, 274.2466, 281.3895, 287.2306, 291.681, 296.3343, 301.5975, 307.4216, 313.7347, 319.881, 326.4948, 334.7524, 342.1053, 350.9627, 361.2086, 371.1787, 381.7607, 394.1216, 405.5764, 414.1015, 422.8966, 431.5025, 439.6992, 447.7898, 455.1482, 462.9122, 471.2317, 480.7194, 486.9538, 493.5069, 499.2376, 505.6892, 512.8423, 519.0113]
growth_rate:64.96
