ticker:IQ
price:[22.010000228881836, 21.31999969482422, 23.200000762939453, 23.290000915527344, 22.850000381469727, 23.93000030517578, 22.389999389648438, 23.190000534057617, 24.700000762939453, 25.799999237060547, 26.700000762939453, 22.6299991607666, 22.010000228881836, 23.030000686645508, 22.549999237060547, 17.229999542236328, 17.440000534057617, 17.479999542236328, 19.610000610351562, 19.760000228881836, 20.6200008392334, 21.850000381469727, 23.209999084472656, 26.459999084472656, 24.719999313354492, 25.329999923706055, 26.06999969482422, 26.440000534057617, 27.770000457763672, 17.43000030517578, 16.639999389648438, 16.799999237060547, 15.220000267028809, 15.600000381469727, 14.710000038146973, 13.739999771118164, 12.84000015258789, 13.930000305175781, 14.260000228881836, 14.470000267028809, 14.539999961853027, 14.609999656677246, 15.890000343322754, 14.970000267028809, 13.1899995803833, 12.3100004196167, 11.319999694824219, 11.15999984741211, 10.579999923706055, 9.470000267028809, 8.329999923706055, 8.65999984741211]
assets:[0, 99.99932656860352, 208.81624686698913, 309.6265881713867, 403.77778674087523, 522.8633276679992, 589.2152239379883, 710.2679743572235, 856.5169864562988, 994.6622105865478, 1129.3593022708892, 1057.2056707935333, 1128.2414157325743, 1280.5279161792755, 1353.8388141952514, 1134.440399860382, 1248.2662942251206, 1351.1288006168365, 1615.767961289978, 1728.126628017044, 1903.3394874658584, 2116.8761069576262, 2348.6360543571473, 2777.506103897095, 2694.8581411451337, 2861.357847381592, 3044.949894355774, 3188.1643483972553, 3448.536973846054, 2264.4934386482237, 2261.8568130355834, 2383.6057317531586, 2259.433391640854, 2415.8456990751265, 2378.0186061668396, 2321.2080813331604, 2269.1644349662783, 2561.796706123352, 2722.485019697571, 2862.577000825882, 2976.425232191086, 3090.7541933698653, 3461.5396457907677, 3361.1228429543494, 3061.4701286046984, 2957.217859804058, 2819.3908199920656, 2879.5411046287536, 2829.8875955932613, 2632.990577243328, 2416.0306788717266, 2611.7433739814755]
shares:[0, 4.6904, 9.0007, 13.2944, 17.6708, 21.8497, 26.316, 30.6282, 34.6768, 38.5528, 42.2981, 46.717, 51.2604, 55.6026, 60.0372, 65.841, 71.5749, 77.2957, 82.3951, 87.4558, 92.3055, 96.8822, 101.1907, 104.97, 109.0153, 112.9632, 116.799, 120.5811, 124.1821, 129.9193, 135.9289, 141.8813, 148.4516, 154.8619, 161.66, 168.938, 176.7262, 183.905, 190.9176, 197.8284, 204.706, 211.5506, 217.8439, 224.5239, 232.1054, 240.2289, 249.0628, 258.0234, 267.4752, 278.0349, 290.0397, 301.587]
growth_rate:-48.79
