ticker:IRBT
price:[71.41000366210938, 77.0199966430664, 78.2300033569336, 76.5999984741211, 78.88999938964844, 89.83000183105469, 89.27999877929688, 84.0, 79.58000183105469, 85.19999694824219, 76.52999877929688, 78.37999725341797, 79.12999725341797, 77.08999633789062, 74.31999969482422, 83.05000305175781, 85.8499984741211, 80.29000091552734, 83.91999816894531, 89.20999908447266, 98.94000244140625, 120.0999984741211, 118.97000122070312, 133.39999389648438, 125.69999694824219, 124.11000061035156, 120.5, 119.33000183105469, 119.1500015258789, 112.75, 121.69000244140625, 116.81999969482422, 113.94999694824219, 113.4000015258789, 108.80000305175781, 96.93000030517578, 96.36000061035156, 94.33999633789062, 97.69999694824219, 97.55000305175781, 95.83000183105469, 95.0, 93.0, 91.29000091552734, 92.01000213623047, 85.97000122070312, 89.25, 87.5, 85.83000183105469, 89.37000274658203, 79.56999969482422, 83.06999969482422]
assets:[0, 100.00276364135742, 201.57524964981081, 297.3765140762329, 406.26771885681154, 562.6053014678955, 659.1631589874268, 720.1824, 782.2873339996338, 937.5322464187622, 942.1302029724121, 1064.9019946838378, 1175.0883722129822, 1244.7952978668213, 1300.0648906616211, 1552.7776020584106, 1705.1269146934508, 1694.6971073242187, 1871.3152551696778, 2089.280336558533, 2417.1537296447755, 3034.098271451569, 3105.545323864746, 3582.2167161010743, 3475.441505622864, 3531.4756013671877, 3528.75815, 3594.4941141555787, 3689.0746872436525, 3590.918375, 3975.6488867614744, 3916.542355768585, 3920.3243000076295, 4001.3984338417054, 3939.082350488281, 3609.3339563636778, 3688.1115713607783, 3710.797717953491, 3942.9569368377684, 4036.9020212905884, 4065.721989685059, 4130.505, 4143.5499, 4167.361154793549, 4300.225464839935, 4117.937267471314, 4375.043925, 4389.2625, 4405.490916984558, 4687.188534049988, 4273.211349610901, 4561.17431524353]
shares:[0, 1.2984, 2.5767, 3.8822, 5.1498, 6.263, 7.3831, 8.5736, 9.8302, 11.0039, 12.3106, 13.5864, 14.8501, 16.1473, 17.4928, 18.6969, 19.8617, 21.1072, 22.2988, 23.4198, 24.4305, 25.2631, 26.1036, 26.8532, 27.6487, 28.4544, 29.2843, 30.1223, 30.9616, 31.8485, 32.6703, 33.5263, 34.4039, 35.2857, 36.2048, 37.2365, 38.2743, 39.3343, 40.3578, 41.3829, 42.4264, 43.479, 44.5543, 45.6497, 46.7365, 47.8997, 49.0201, 50.163, 51.3281, 52.447, 53.7038, 54.9076]
growth_rate:-10.57
