ticker:IRCP
price:[7.940000057220459, 8.050000190734863, 7.619999885559082, 7.440000057220459, 7.440000057220459, 7.849999904632568, 7.110000133514404, 7.840000152587891, 8.0, 8.170000076293945, 9.420000076293945, 14.489999771118164, 10.579999923706055, 9.449999809265137, 10.069999694824219, 10.0, 8.779999732971191, 9.170000076293945, 9.359999656677246, 9.970000267028809, 9.399999618530273, 9.100000381469727, 9.90999984741211, 11.149999618530273, 11.149999618530273, 11.0, 10.300000190734863, 10.319999694824219, 10.100000381469727, 9.880000114440918, 9.84000015258789, 9.420000076293945, 9.180000305175781, 8.600000381469727, 8.979999542236328, 8.960000038146973, 9.0, 9.0, 9.039999961853027, 11.0, 11.420000076293945, 10.380000114440918, 10.369999885559082, 10.050000190734863, 10.020000457763672, 10.350000381469727, 10.350000381469727, 2.4800000190734863, 2.299999952316284, 2.3299999237060547, 2.259999990463257, 2.450000047683716]
assets:[0, 100.00032236938476, 194.6589930765152, 290.0610502308369, 390.06134699993135, 511.55701878523826, 563.3338425785065, 721.1726060359955, 835.8904, 953.6530629055023, 1199.560707715416, 1945.18393727417, 1520.2930890369414, 1457.9176205739973, 1653.569474887848, 1742.075, 1629.5416104402543, 1801.9242719919205, 1939.2599528683663, 2165.6435780029296, 2141.8303330804824, 2173.4741211114883, 2466.9368930156706, 2875.6150066179275, 2975.614893196678, 3035.5842, 2942.4103244874004, 3048.1233658630367, 3083.1442964481353, 3115.9870400927543, 3203.371705674362, 3166.642297647095, 3185.96316991272, 3084.6713568265914, 3320.9708587104797, 3413.574542533207, 3528.8136, 3628.8135, 3744.941120197105, 4656.8973000000005, 4934.706510967446, 4585.311074553681, 4680.893508342742, 4636.448997993278, 4722.60857975235, 4978.143183479309, 5078.142817164993, 1316.7917221273422, 1321.2181826084375, 1438.4515488990785, 1495.236333690405, 1720.9420184942483]
shares:[0, 12.4224, 25.5458, 38.9867, 52.4276, 65.1665, 79.2312, 91.9863, 104.4863, 116.7262, 127.3419, 134.2432, 143.695, 154.277, 164.2075, 174.2075, 185.597, 196.5021, 207.1859, 217.216, 227.8543, 238.8433, 248.9341, 257.9027, 266.8713, 275.9622, 285.6709, 295.3608, 305.2618, 315.3833, 325.5459, 336.1616, 347.0548, 358.6827, 369.8186, 380.9793, 392.0904, 403.2015, 414.2634, 423.3543, 432.1109, 441.7448, 451.388, 461.3382, 471.3182, 480.98, 490.6418, 530.9644, 574.4427, 617.3612, 661.609, 702.4253]
growth_rate:-66.26
