ticker:IRDM
price:[28.139999389648438, 27.770000457763672, 27.309999465942383, 24.700000762939453, 26.34000015258789, 28.90999984741211, 28.040000915527344, 27.229999542236328, 26.40999984741211, 28.600000381469727, 31.209999084472656, 31.93000030517578, 32.91999816894531, 34.290000915527344, 33.20000076293945, 36.36000061035156, 39.04999923706055, 39.33000183105469, 43.20000076293945, 46.54999923706055, 49.0, 49.27000045776367, 53.939998626708984, 47.52000045776367, 47.369998931884766, 38.310001373291016, 37.70000076293945, 41.459999084472656, 38.83000183105469, 38.130001068115234, 40.20000076293945, 42.95000076293945, 40.810001373291016, 37.66999816894531, 37.9900016784668, 37.93000030517578, 37.279998779296875, 36.97999954223633, 38.209999084472656, 37.22999954223633, 39.060001373291016, 39.33000183105469, 41.900001525878906, 39.22999954223633, 39.560001373291016, 36.959999084472656, 40.88999938964844, 42.22999954223633, 42.7599983215332, 40.65999984741211, 40.029998779296875, 40.619998931884766]
assets:[0, 99.99977164840698, 198.34433312129974, 279.389118629837, 397.9394543052673, 536.7661851669312, 620.6121442634583, 702.6837531871795, 781.5220744846343, 946.3282526222229, 1132.6888917732238, 1258.821104031372, 1397.8522542495728, 1556.025377545166, 1606.5613169189453, 1859.4758832138064, 2097.043534029007, 2212.0805559860232, 2529.7445246768953, 2825.9154586841582, 3074.6471, 3191.5874546527866, 3594.097624495697, 3266.325247464752, 3356.012840327454, 2814.1416018779755, 2869.3319780670167, 3255.5054641113284, 3148.992775492859, 3192.2246244220732, 3465.525485770798, 3802.5954975471495, 3713.1306229499814, 3527.4336965393068, 3657.4000345905306, 3751.6221931846617, 3787.3309959869384, 3856.8549382572173, 4085.137990118408, 4080.3632738296506, 4380.930694026947, 4511.214138024902, 4905.995758662414, 4693.37122423439, 4832.851523768234, 4615.220957677459, 5205.963429292297, 5476.567929635239, 5645.298982403946, 5468.05029747963, 5483.3252447875975, 5664.142015059662]
shares:[0, 3.601, 7.2627, 11.3113, 15.1078, 18.5668, 22.1331, 25.8055, 29.5919, 33.0884, 36.2925, 39.4244, 42.4621, 45.3784, 48.3904, 51.1407, 53.7015, 56.2441, 58.5589, 60.7071, 62.7479, 64.7775, 66.6314, 68.7358, 70.8468, 73.4571, 76.1096, 78.5216, 81.0969, 83.7195, 86.2071, 88.5354, 90.9858, 93.6404, 96.2727, 98.9091, 101.5915, 104.2957, 106.9128, 109.5988, 112.159, 114.7016, 117.0882, 119.6373, 122.1651, 124.8707, 127.3163, 129.6843, 132.0229, 134.4823, 136.9804, 139.4422]
growth_rate:11.06
