ticker:IRIX
price:[2.0, 1.899999976158142, 1.9600000381469727, 1.899999976158142, 1.909999966621399, 2.0199999809265137, 1.9700000286102295, 1.9500000476837158, 1.7799999713897705, 1.6799999475479126, 1.7799999713897705, 1.7000000476837158, 1.690000057220459, 1.9199999570846558, 1.850000023841858, 1.6399999856948853, 1.940000057220459, 2.509999990463257, 2.6500000953674316, 5.75, 4.929999828338623, 4.599999904632568, 5.099999904632568, 5.21999979019165, 5.639999866485596, 5.880000114440918, 6.5, 7.599999904632568, 7.369999885559082, 7.079999923706055, 7.179999828338623, 7.300000190734863, 7.710000038146973, 7.710000038146973, 8.600000381469727, 7.800000190734863, 7.489999771118164, 7.699999809265137, 7.860000133514404, 7.599999904632568, 7.739999771118164, 7.0, 7.400000095367432, 7.119999885559082, 6.619999885559082, 6.289999961853027, 6.590000152587891, 6.539999961853027, 6.579999923706055, 7.980000019073486, 7.599999904632568, 7.550000190734863]
assets:[0, 100.00003874516487, 203.15792395401002, 296.93883627390863, 398.501629035902, 521.4520870762825, 608.5448288378716, 702.366812175107, 741.1348500876188, 799.4980310384869, 947.0872547773123, 1004.5215281760692, 1098.6125911971092, 1348.1277778669953, 1398.9774180293082, 1340.1745323101522, 1685.3284897089004, 2280.5021573352337, 2507.7014502464294, 5541.238775, 4851.009892089033, 4626.2971840873715, 5229.155362217426, 5452.194254859019, 5990.876666179371, 6345.807843506814, 7114.9234, 8418.987294355631, 8264.201971673965, 8039.016357371713, 8252.561844695521, 8490.48787184, 9067.350941862775, 9167.351184357547, 10325.58013801117, 9465.0607714509, 9188.884515203095, 9546.516743525504, 9844.885967230797, 9619.227919294595, 9896.4240793499, 9050.2545, 9667.41192458868, 9401.617376886272, 8841.391159157563, 8500.657559446048, 9006.09454453125, 9037.7626332839, 9193.039623408318, 11249.005430886935, 10813.338384310484, 10842.198158905316]
shares:[0, 52.6316, 103.652, 156.2836, 208.6396, 258.1446, 308.906, 360.1881, 416.3679, 475.8917, 532.0715, 590.895, 650.0666, 702.1499, 756.204, 817.1796, 868.726, 908.5666, 946.3024, 963.6937, 983.9777, 1005.7168, 1025.3246, 1044.4817, 1062.2122, 1079.219, 1094.6036, 1107.7615, 1121.33, 1135.4543, 1149.3819, 1163.0805, 1176.0507, 1189.0209, 1200.6488, 1213.4693, 1226.8204, 1239.8074, 1252.53, 1265.6879, 1278.6078, 1292.8935, 1306.407, 1320.4519, 1335.5576, 1351.4559, 1366.6304, 1381.9209, 1397.1185, 1409.6498, 1422.8077, 1436.0527]
growth_rate:112.59
