ticker:IRMD
price:[21.0, 22.25, 22.299999237060547, 21.040000915527344, 20.6200008392334, 21.93000030517578, 21.940000534057617, 22.6200008392334, 22.649999618530273, 21.860000610351562, 22.799999237060547, 23.729999542236328, 23.920000076293945, 24.899999618530273, 24.719999313354492, 24.65999984741211, 23.299999237060547, 22.799999237060547, 23.329999923706055, 23.770000457763672, 22.940000534057617, 24.739999771118164, 24.149999618530273, 25.229999542236328, 24.030000686645508, 22.299999237060547, 24.0, 22.979999542236328, 23.440000534057617, 23.559999465942383, 25.020000457763672, 24.040000915527344, 25.93000030517578, 26.280000686645508, 27.690000534057617, 29.049999237060547, 29.40999984741211, 29.020000457763672, 27.809999465942383, 28.209999084472656, 28.790000915527344, 28.799999237060547, 28.450000762939453, 29.649999618530273, 30.549999237060547, 33.689998626708984, 34.459999084472656, 33.65999984741211, 36.310001373291016, 33.93000030517578, 33.7400016784668, 33.72999954223633]
assets:[0, 100.0004, 200.22500314979553, 288.91287657165526, 383.1464215940475, 507.4887160621643, 607.7204627929688, 726.5566889562607, 827.5200010629654, 898.6580670913695, 1037.3019252895356, 1179.6135312446595, 1289.0583721115113, 1441.8718279104232, 1531.448453461075, 1627.7326099281313, 1637.961986366272, 1702.8133830200195, 1842.3957569749834, 1977.1434750759124, 2008.1057087499619, 2265.6718610391617, 2311.64037848568, 2515.017182368469, 2495.3978243047713, 2415.745537351227, 2699.9064, 2685.160092511368, 2838.909880681801, 2953.4438370513917, 3236.467163214111, 3209.698318236542, 3562.040443922424, 3710.1211449382786, 4009.1797973251346, 4306.090101909256, 4459.452981863023, 4500.317198988342, 4412.673797259903, 4576.141421485901, 4770.226767694092, 4871.882750939179, 4912.675006742477, 5219.888362842178, 5478.332788187027, 6141.407122660446, 6381.7712864501955, 6333.617041288376, 6932.254628186798, 6577.866653163147, 6641.031034371948, 6739.061647541427]
shares:[0, 4.4944, 8.9787, 13.7316, 18.5813, 23.1413, 27.6992, 32.1201, 36.5351, 41.1097, 45.4957, 49.7098, 53.8904, 57.9065, 61.9518, 66.007, 70.2988, 74.6848, 78.9711, 83.1781, 87.5373, 91.5793, 95.7201, 99.6836, 103.8451, 108.3294, 112.4961, 116.8477, 121.1139, 125.3584, 129.3552, 133.5149, 137.3714, 141.1766, 144.788, 148.2303, 151.6305, 155.0764, 158.6722, 162.217, 165.6904, 169.1626, 172.6775, 176.0502, 179.3235, 182.2917, 185.1936, 188.1645, 190.9186, 193.8658, 196.8296, 199.7943]
growth_rate:32.14
