ticker:IROQ
price:[16.059999465942383, 15.65999984741211, 15.119999885559082, 15.300000190734863, 15.25, 16.43000030517578, 16.75, 16.65999984741211, 16.8700008392334, 18.1200008392334, 19.25, 20.280000686645508, 20.559999465942383, 21.049999237060547, 21.899999618530273, 21.5, 22.149999618530273, 22.030000686645508, 21.0, 21.420000076293945, 21.049999237060547, 19.81999969482422, 20.5, 21.0, 20.950000762939453, 21.049999237060547, 20.969999313354492, 21.0, 21.799999237060547, 20.670000076293945, 21.1200008392334, 22.0, 22.459999084472656, 22.600000381469727, 22.15999984741211, 22.530000686645508, 22.239999771118164, 22.420000076293945, 22.8700008392334, 23.0, 22.559999465942383, 22.8700008392334, 23.040000915527344, 23.459999084472656, 22.059999465942383, 22.360000610351562, 22.15999984741211, 22.540000915527344, 22.979999542236328, 22.940000534057617, 21.670000076293945, 22.229999542236328]
assets:[0, 100.0000610256195, 196.55243851232527, 298.89162372608183, 397.9152, 528.7042658203126, 639.000775, 735.5673152629852, 844.8395200283051, 1007.4394306598663, 1170.26525, 1332.8827651290894, 1451.2851303020477, 1585.8732625213622, 1749.9107095188142, 1817.9497000000001, 1972.9115410223005, 2062.223958276749, 2065.8057, 2207.1210918613433, 2268.996257762146, 2236.4134495651247, 2413.1411000000003, 2571.9981000000002, 2665.8750270835876, 2778.599899291992, 2868.0395450883866, 2972.1425999999997, 3185.3679285209655, 3120.254330517006, 3288.1834906606673, 3525.192, 3698.9013132232667, 3821.9583845115662, 3847.5477015068054, 4011.788801267052, 4060.149926215172, 4193.01083426857, 4377.169505623817, 4502.0499, 4515.923077095604, 4677.97633966217, 4812.749759241486, 5000.482382855987, 4802.073627745056, 4967.379227592468, 5022.947333413315, 5209.08211758194, 5410.767282217026, 5501.349346074867, 5296.785116648483, 5533.664880049896]
shares:[0, 6.3857, 12.9995, 19.5354, 26.0928, 32.1792, 38.1493, 44.1517, 50.0794, 55.5982, 60.793, 65.724, 70.5878, 75.3384, 79.9046, 84.5558, 89.0705, 93.6098, 98.3717, 103.0402, 107.7908, 112.8362, 117.7142, 122.4761, 127.2494, 132.0, 136.7687, 141.5306, 146.1178, 150.9557, 155.6905, 160.236, 164.6884, 169.1132, 173.6258, 178.0643, 182.5607, 187.021, 191.3935, 195.7413, 200.1739, 204.5464, 208.8867, 213.1493, 217.6824, 222.1547, 226.6673, 231.1039, 235.4555, 239.8147, 244.4294, 248.9278]
growth_rate:8.5
