ticker:IRTC
price:[212.42999267578125, 210.2899932861328, 233.3300018310547, 227.16000366210938, 227.02999877929688, 251.8800048828125, 235.8300018310547, 220.14999389648438, 211.4499969482422, 255.52000427246094, 261.1700134277344, 224.6199951171875, 233.86000061035156, 180.8000030517578, 189.3699951171875, 232.0500030517578, 242.1199951171875, 237.2100067138672, 214.88999938964844, 250.57000732421875, 252.74000549316406, 168.4199981689453, 179.47000122070312, 172.35000610351562, 168.02999877929688, 160.89999389648438, 138.75, 141.1199951171875, 142.75, 136.38999938964844, 137.2100067138672, 132.75999450683594, 90.94000244140625, 79.7300033569336, 77.86000061035156, 80.0, 81.30999755859375, 74.04000091552734, 75.45999908447266, 62.09000015258789, 63.900001525878906, 64.91000366210938, 67.31999969482422, 63.130001068115234, 61.77000045776367, 53.060001373291016, 50.09000015258789, 51.119998931884766, 50.04999923706055, 45.59000015258789, 44.439998626708984, 46.900001525878906]
assets:[0, 99.99289180755615, 210.95365465545655, 305.37119292297365, 405.203141821289, 549.5517946533203, 614.5258187713623, 673.6589813232422, 747.0316942184448, 1002.7371527664185, 1124.9114818359374, 1067.4840647949218, 1211.394803161621, 1036.5444974960328, 1185.6834134277344, 1552.9018254226685, 1720.286777307129, 1785.4085575332642, 1717.4223641220092, 2102.583045458984, 2220.8011542678832, 1579.8974768234252, 1783.5549251312257, 1812.7945991973877, 1867.3509824340822, 1888.1131583770753, 1728.1867499999998, 1857.7036157226562, 1979.157375, 1990.980294090271, 2102.9491679000853, 2134.7408836715695, 1562.2855839416504, 1469.7030168800352, 1535.235706034851, 1677.432, 1804.9030638061524, 1743.5235575592042, 1876.961833227539, 1644.4039820411683, 1792.33753279953, 1920.667535360718, 2091.9757225166322, 2061.7690178836824, 2117.352075691223, 1918.7929116619111, 1911.3893248226168, 2050.6940931522367, 2107.770632870102, 2019.9470187606812, 2068.9930160636904, 2283.523554293823]
shares:[0, 0.4755, 0.9041, 1.3443, 1.7848, 2.1818, 2.6058, 3.06, 3.5329, 3.9243, 4.3072, 4.7524, 5.18, 5.7331, 6.2612, 6.6921, 7.1051, 7.5267, 7.9921, 8.3912, 8.7869, 9.3807, 9.9379, 10.5181, 11.1132, 11.7347, 12.4554, 13.164, 13.8645, 14.5977, 15.3265, 16.0797, 17.1793, 18.4335, 19.7179, 20.9679, 22.1978, 23.5484, 24.8736, 26.4842, 28.0491, 29.5897, 31.0751, 32.6591, 34.278, 36.1627, 38.1591, 40.1153, 42.1133, 44.3068, 46.557, 48.6892]
growth_rate:-55.23
