ticker:IRWD
price:[9.779999732971191, 9.729999542236328, 10.0, 9.449999809265137, 9.3100004196167, 10.489999771118164, 10.369999885559082, 9.640000343322754, 9.880000114440918, 10.670000076293945, 11.65999984741211, 11.779999732971191, 11.829999923706055, 11.979999542236328, 11.8100004196167, 12.020000457763672, 11.720000267028809, 11.390000343322754, 11.859999656677246, 11.029999732971191, 10.34000015258789, 10.220000267028809, 10.3100004196167, 9.989999771118164, 9.539999961853027, 9.229999542236328, 10.109999656677246, 11.319999694824219, 11.25, 10.890000343322754, 10.880000114440918, 10.1899995803833, 10.609999656677246, 11.100000381469727, 11.039999961853027, 10.979999542236328, 11.680000305175781, 12.319999694824219, 11.569999694824219, 11.84000015258789, 11.729999542236328, 11.720000267028809, 13.100000381469727, 12.579999923706055, 12.609999656677246, 12.489999771118164, 13.020000457763672, 13.270000457763672, 13.350000381469727, 13.640000343322754, 13.239999771118164, 13.220000267028809]
assets:[0, 100.00007029533386, 202.775, 291.6222691140175, 387.30160345630645, 536.3904032964706, 630.2543720446587, 685.8869884274483, 802.9634173007966, 967.1682859155654, 1156.9051848602294, 1268.8119912385941, 1374.197634137535, 1491.6213570041657, 1570.454882799244, 1698.3803886802673, 1755.9912320085525, 1806.5474524538042, 1981.0931566514014, 1942.450235974598, 1920.9373103473663, 1998.643692220688, 2116.2440891310694, 2150.5602377283094, 2153.6883813881873, 2183.7043626987456, 2491.9015943781856, 2890.140818084717, 2972.2691250000003, 2977.1562098590853, 3074.422560338211, 2979.4448063086506, 3202.248558380318, 3450.137638569641, 3531.4884357975, 3612.2957754009244, 3942.5876070121762, 4258.619798510742, 4099.368905873108, 4295.032279352188, 4355.128306040955, 4451.415493421173, 5075.5584677993775, 4974.085423833656, 5085.9470265288355, 5137.547826853371, 5455.554659809112, 5660.308079258728, 5794.431495573044, 6020.303319532775, 5943.754981249428, 6034.776769895554]
shares:[0, 10.2775, 20.2775, 30.8595, 41.6006, 51.1335, 60.7767, 71.1501, 81.2716, 90.6437, 99.22, 107.709, 116.1621, 124.5093, 132.9767, 141.2962, 149.8286, 158.6082, 167.0399, 176.1061, 185.7773, 195.562, 205.2613, 215.2713, 225.7535, 236.5877, 246.4789, 255.3128, 264.2017, 273.3844, 282.5756, 292.3891, 301.8142, 310.8232, 319.8812, 328.9887, 337.5503, 345.6672, 354.3102, 362.7561, 371.2812, 379.8136, 387.4472, 395.3963, 403.3265, 411.3329, 419.0134, 426.5492, 434.0398, 441.3712, 448.9241, 456.4884]
growth_rate:18.33
