ticker:ISBC
price:[8.229999542236328, 7.730000019073486, 7.78000020980835, 7.0, 7.510000228881836, 7.760000228881836, 7.860000133514404, 8.260000228881836, 8.460000038146973, 8.260000228881836, 9.170000076293945, 9.579999923706055, 9.9399995803833, 10.420000076293945, 10.260000228881836, 10.109999656677246, 10.229999542236328, 10.5600004196167, 11.430000305175781, 11.220000267028809, 11.989999771118164, 11.510000228881836, 12.300000190734863, 12.710000038146973, 12.710000038146973, 13.34000015258789, 14.050000190734863, 15.010000228881836, 14.739999771118164, 14.729999542236328, 14.630000114440918, 14.729999542236328, 15.0, 15.430000305175781, 14.640000343322754, 14.699999809265137, 15.020000457763672, 15.050000190734863, 14.880000114440918, 14.869999885559082, 14.680000305175781, 13.819999694824219, 14.789999961853027, 14.09000015258789, 13.699999809265137, 13.0600004196167, 12.9399995803833, 13.819999694824219, 14.34000015258789, 14.420000076293945, 13.739999771118164, 14.430000305175781]
assets:[0, 99.99991824674606, 200.64698341097832, 280.5306, 400.9694262203216, 514.3172951698303, 620.9447265477181, 752.5446668527603, 870.7658079263688, 950.1800403291702, 1154.860639608383, 1306.49548159523, 1455.5916705522538, 1625.8815859045028, 1700.9161759443282, 1776.0489146876337, 1897.1298861087798, 2058.327825790596, 2327.9058711540224, 2385.136436764717, 2648.822356435585, 2642.7812265529633, 2924.1712953448296, 3121.643372369099, 3221.643110669231, 3481.3318358207703, 3766.619591133499, 4123.982552885056, 4149.800777562142, 4246.985874016571, 4318.154258778096, 4447.670333779907, 4629.1965, 4861.900516159058, 4712.97625452404, 4832.291247300243, 5037.484355527115, 5147.545545236969, 5189.40003991127, 5285.911722319126, 5318.371802561188, 5106.8049832305915, 5565.241824645901, 5401.842575499344, 5352.32414548359, 5202.289223149109, 5254.488693608094, 5711.826603870391, 6026.743564128876, 6160.365348593521, 5969.862272553634, 6369.658988710022]
shares:[0, 12.9366, 25.7901, 40.0758, 53.3914, 66.278, 79.0006, 91.1071, 102.9274, 115.0339, 125.939, 136.3774, 146.4378, 156.0347, 165.7813, 175.6725, 185.4477, 194.9174, 203.6663, 212.579, 220.9193, 229.6074, 237.7375, 245.6053, 253.4731, 260.9694, 268.0868, 274.749, 281.5333, 288.3222, 295.1575, 301.9464, 308.6131, 315.094, 321.9246, 328.7273, 335.3851, 342.0296, 348.75, 355.4749, 362.2869, 369.5228, 376.2841, 383.3813, 390.6806, 398.3376, 406.0656, 413.3015, 420.275, 427.2098, 434.4878, 441.4178]
growth_rate:24.9
