ticker:ISDX
price:[23.34000015258789, 23.31999969482422, 23.31999969482422, 22.229999542236328, 22.489999771118164, 23.34000015258789, 22.8700008392334, 23.06999969482422, 21.559999465942383, 23.100000381469727, 24.760000228881836, 25.34000015258789, 26.149999618530273, 26.8799991607666, 26.770000457763672, 27.190000534057617, 26.989999771118164, 27.290000915527344, 28.709999084472656, 28.299999237060547, 28.3700008392334, 27.190000534057617, 28.299999237060547, 28.8700008392334, 29.1200008392334, 28.59000015258789, 29.25, 30.06999969482422, 30.020000457763672, 29.700000762939453, 29.770000457763672, 30.1200008392334, 30.700000762939453, 30.389999389648438, 30.280000686645508, 31.450000762939453, 31.219999313354492, 31.059999465942383, 31.520000457763672, 32.20000076293945, 32.189998626708984, 30.850000381469727, 31.239999771118164, 31.219999313354492, 31.049999237060547, 30.3700008392334, 30.469999313354492, 30.700000762939453, 30.989999771118164, 31.219999313354492, 30.190000534057617, 30.93000030517578]
assets:[0, 100.0008226913452, 200.0016453826904, 290.65279801483155, 394.0517839897156, 508.9450413272858, 598.6954559696197, 703.9302866882324, 757.8555412273407, 911.9880150604247, 1077.5254979606627, 1202.7656412425995, 1341.212560434723, 1478.6526258342742, 1572.6009998912812, 1697.2732463373184, 1784.7893068645476, 1904.6264728965762, 2103.7309249145505, 2173.6889813995363, 2279.0671364187237, 2284.2727298669815, 2477.5262632083895, 2627.4270193777083, 2750.1802392597197, 2800.124627944565, 2964.765375, 3147.880925052643, 3242.646373445892, 3308.081124978638, 3415.8783235248566, 3556.0395870819093, 3724.5148825595857, 3786.9069409439085, 3873.1996718307496, 4122.859225015641, 4192.708539786529, 4271.22203855896, 4434.479520401765, 4630.147589705658, 4728.71079826355, 4631.865332274438, 4790.419664902687, 4887.353524508667, 4960.740388108063, 4952.098929844475, 5068.404061782837, 5206.661799393081, 5355.84361144352, 5495.594039131164, 5414.286771778106, 5646.99841071701]
shares:[0, 4.2882, 8.5764, 13.0748, 17.5212, 21.8057, 26.1782, 30.5128, 35.151, 39.48, 43.5188, 47.4651, 51.2892, 55.0094, 58.7449, 62.4227, 66.1278, 69.7921, 73.2752, 76.8088, 80.3337, 84.0115, 87.5451, 91.0089, 94.443, 97.9407, 101.3595, 104.6851, 108.0162, 111.3832, 114.7423, 118.0624, 121.3197, 124.6103, 127.9128, 131.0925, 134.2956, 137.5152, 140.6878, 143.7934, 146.9, 150.1415, 153.3425, 156.5456, 159.7662, 163.0589, 166.3408, 169.5981, 172.8249, 176.028, 179.3404, 182.5735]
growth_rate:10.73
