ticker:ISEE
price:[4.460000038146973, 4.940000057220459, 6.289999961853027, 5.329999923706055, 6.010000228881836, 6.130000114440918, 6.380000114440918, 6.0, 5.920000076293945, 6.300000190734863, 6.210000038146973, 5.800000190734863, 6.619999885559082, 6.909999847412109, 7.050000190734863, 7.5, 6.949999809265137, 6.909999847412109, 6.635000228881836, 5.710000038146973, 5.309999942779541, 5.260000228881836, 5.630000114440918, 5.929999828338623, 6.320000171661377, 6.139999866485596, 6.019999980926514, 6.46999979019165, 6.449999809265137, 6.119999885559082, 6.489999771118164, 5.869999885559082, 5.949999809265137, 6.309999942779541, 7.0, 6.869999885559082, 6.875, 6.989999771118164, 7.070000171661377, 6.659999847412109, 6.289999961853027, 5.869999885559082, 6.090000152587891, 7.940000057220459, 9.600000381469727, 9.729999542236328, 8.949999809265137, 8.630000114440918, 9.380000114440918, 9.479999542236328, 9.449999809265137, 10.550000190734863]
assets:[0, 99.99992715830803, 227.32814662132262, 292.63245281124114, 429.9662343746185, 538.5511600542069, 660.5150318479538, 721.1742, 811.5586024589539, 963.6518091749191, 1049.8855834492683, 1080.5696155348778, 1333.3394729503632, 1491.7487330589295, 1621.9723938817979, 1825.50225, 1791.6321108306884, 1881.3207044563294, 1906.4492127651215, 1740.6666746289254, 1718.7285684790136, 1802.5447444353103, 2029.3397342503547, 2237.4749202296734, 2484.62780348649, 2513.8626913360117, 2564.7318958740234, 2856.44797137146, 2947.618307835102, 2896.810145831108, 3171.943905135536, 2968.923259118176, 3109.3854103246686, 3397.5166161905768, 3869.0357999999997, 3897.1819330804824, 4000.0186875000004, 4166.928292557335, 4314.6189027600285, 4164.407328588867, 4033.0517385407447, 3863.7542596726416, 4108.563183942032, 5456.649115323925, 6697.460426133156, 6888.154683935547, 6435.969922842026, 6305.857372620869, 6953.875278840924, 7128.009759807587, 7205.4528645681385, 8144.183422239781]
shares:[0, 20.2429, 36.1412, 54.9029, 71.5418, 87.855, 103.529, 120.1957, 137.0876, 152.9606, 169.0637, 186.3051, 201.4108, 215.8826, 230.067, 243.4003, 257.7888, 272.2606, 287.3322, 304.8453, 323.6777, 342.6891, 360.4511, 377.3145, 393.1373, 409.4239, 426.0352, 441.4912, 456.9951, 473.335, 488.7433, 505.7791, 522.5858, 538.4337, 552.7194, 567.2754, 581.8209, 596.1271, 610.2714, 625.2864, 641.1847, 658.2205, 674.6409, 687.2354, 697.6521, 707.9296, 719.1028, 730.6903, 741.3513, 751.8998, 762.4818, 771.9605]
growth_rate:59.69
