ticker:ISHG
price:[82.4000015258789, 82.08000183105469, 82.41000366210938, 80.8499984741211, 81.55999755859375, 82.30000305175781, 81.79000091552734, 82.22000122070312, 81.30999755859375, 82.83999633789062, 82.51000213623047, 82.8499984741211, 83.37000274658203, 84.3499984741211, 84.37999725341797, 85.08000183105469, 84.69000244140625, 85.16999816894531, 85.12999725341797, 84.2699966430664, 84.68000030517578, 84.37000274658203, 83.87999725341797, 84.48999786376953, 84.43000030517578, 84.05000305175781, 82.83999633789062, 83.05999755859375, 82.7699966430664, 82.1500015258789, 81.94999694824219, 82.69999694824219, 83.2300033569336, 83.86000061035156, 83.3499984741211, 84.2699966430664, 84.01000213623047, 84.22000122070312, 84.13999938964844, 84.25, 83.6500015258789, 82.30000305175781, 82.63999938964844, 82.19000244140625, 82.30999755859375, 81.73999786376953, 81.66000366210938, 82.13999938964844, 81.83999633789062, 81.97000122070312, 81.22000122070312, 81.86000061035156]
assets:[0, 99.99806623077392, 200.3964059051514, 296.6063044021607, 399.2117200500488, 502.83655864562985, 599.7170027130127, 702.8659024353028, 795.0898111267089, 910.0470637695312, 1006.4240020568848, 1110.5710895462037, 1217.5438571113586, 1331.8527359069824, 1432.3251393775938, 1544.2105412338256, 1637.1339681945801, 1746.4108124542236, 1845.5928014549256, 1926.9514512390135, 2036.3253713386537, 2128.874531303406, 2216.512151422119, 2332.6336570220947, 2430.976112786865, 2520.037621499634, 2583.754633779907, 2690.6123369140623, 2781.2208732009885, 2860.38911812973, 2953.4287200164795, 3080.459106326294, 3200.2019520744325, 3324.428460195923, 3404.2139776794434, 3541.7921159111024, 3630.8618863265992, 3739.940750207519, 3836.3885141708374, 3941.4003500000003, 4013.3346782081603, 4048.5675901245118, 4165.295625236511, 4242.615050024414, 4348.807566009521, 4418.692630519867, 4514.369152450561, 4640.901751515197, 4723.9519006164555, 4831.459417950439, 4887.251133453369, 5025.76199347229]
shares:[0, 1.2183, 2.4317, 3.6686, 4.8947, 6.1098, 7.3324, 8.5486, 9.7785, 10.9856, 12.1976, 13.4046, 14.6041, 15.7896, 16.9747, 18.1501, 19.3309, 20.505, 21.6797, 22.8664, 24.0473, 25.2326, 26.4248, 27.6084, 28.7928, 29.9826, 31.1897, 32.3936, 33.6018, 34.8191, 36.0394, 37.2486, 38.4501, 39.6426, 40.8424, 42.0291, 43.2194, 44.4068, 45.5953, 46.7822, 47.9777, 49.1928, 50.4029, 51.6196, 52.8345, 54.0579, 55.2825, 56.4999, 57.7218, 58.9418, 60.173, 61.3946]
growth_rate:-1.46
