ticker:ISIG
price:[4.830004692077637, 4.2700042724609375, 4.620004653930664, 4.410004615783691, 4.620004653930664, 4.760004997253418, 4.830004692077637, 6.02000617980957, 5.8100056648254395, 6.6500067710876465, 6.440006256103516, 6.440006256103516, 6.370006561279297, 6.930006980895996, 6.30000638961792, 6.160006046295166, 6.02000617980957, 5.880005836486816, 8.15999984741211, 9.420000076293945, 7.840000152587891, 7.5, 8.350000381469727, 8.539999961853027, 8.25, 6.809999942779541, 6.079999923706055, 6.630000114440918, 6.409999847412109, 6.039999961853027, 6.329999923706055, 6.010000228881836, 4.880000114440918, 5.329999923706055, 6.300000190734863, 5.369999885559082, 5.800000190734863, 7.289999961853027, 7.239999771118164, 7.599999904632568, 7.900000095367432, 7.840000152587891, 8.529999732971191, 8.220000267028809, 8.869999885559082, 8.279999732971191, 8.40999984741211, 8.210000038146973, 8.1899995803833, 7.5, 7.150000095367432, 8.09000015258789]
assets:[0, 100.00008405761719, 208.19681372566222, 298.7332716727257, 412.95865399112705, 525.4726596632958, 633.2000911182403, 889.2060828104019, 958.1872962441444, 1196.7205885100364, 1258.929130978775, 1358.9289041229247, 1444.1582015220642, 1671.1171293886184, 1619.1974022289276, 1683.2154921441079, 1744.960797281456, 1804.3803390257835, 2604.0354713058473, 3106.12915915699, 2685.1436042602536, 2668.69575, 3071.1476753053666, 3241.0299035227777, 3230.971425, 2767.0201087503433, 2570.4087357456206, 2902.929638107681, 2906.6028928092956, 2838.8271620707515, 3075.1285219362258, 3019.6717269996643, 2551.9130998449327, 2887.232709671974, 3512.6766163475986, 3094.138623060322, 3441.900493188, 4426.112541839123, 4495.755325873375, 4819.301299525738, 5109.536781681442, 5170.730196636581, 5725.806676755523, 5617.717514492989, 6161.941022498512, 5852.071143271542, 6043.951515340806, 6000.21941587944, 6085.602120202637, 5672.895750000001, 5508.160588468409, 6332.310089435577]
shares:[0, 23.4192, 45.0642, 67.7399, 89.3849, 110.3933, 131.0972, 147.7085, 164.9202, 179.9578, 195.4857, 211.0136, 226.7122, 241.1422, 257.0152, 273.249, 289.8603, 306.8671, 319.122, 329.7377, 342.4928, 355.8261, 367.8021, 379.5117, 391.6329, 406.3172, 422.7646, 437.8476, 453.4482, 470.0045, 485.8023, 502.4412, 522.933, 541.6947, 557.5677, 576.1897, 593.4311, 607.1485, 620.9607, 634.1186, 646.7768, 659.5319, 671.2552, 683.4206, 694.6946, 706.7719, 718.6625, 730.8428, 743.0528, 756.3861, 770.3721, 782.733]
growth_rate:24.16
