ticker:ISLE
price:[9.699999809265137, 9.800000190734863, 9.819999694824219, 9.8100004196167, 9.800000190734863, 9.789999961853027, 9.739999771118164, 9.770000457763672, 9.729999542236328, 9.739999771118164, 9.75, 9.779999732971191, 9.739999771118164, 9.729999542236328, 9.720000267028809, 9.729999542236328, 9.760000228881836, 9.760000228881836, 9.729999542236328, 9.75, 9.729999542236328, 9.770000457763672, 9.729999542236328]
assets:[0, 100.00018194627762, 200.20426177825928, 300.00060383234023, 399.6949677791596, 499.2870610545158, 596.7366699771881, 698.5745727310181, 795.7144975643158, 896.5319149322511, 997.4523, 1100.5208759518623, 1196.0193758945466, 1294.791472084427, 1393.4611822813033, 1494.8947506702423, 1599.5039735099792, 1699.5039598550798, 1794.2800255851746, 1897.96815, 1994.074863185501, 2102.272549499893, 2193.6653707954406]
shares:[0, 10.2041, 20.3874, 30.5811, 40.7852, 50.9997, 61.2666, 71.502, 81.7795, 92.0464, 102.3028, 112.5277, 122.7946, 133.0721, 143.3602, 153.6377, 163.8836, 174.1295, 184.407, 194.6634, 204.9409, 215.1763, 225.4538]
growth_rate:-0.29
