ticker:ISRG
price:[735.280029296875, 702.5399780273438, 655.5700073242188, 673.72998046875, 696.280029296875, 738.1900024414062, 752.6799926757812, 735.47998046875, 667.0800170898438, 733.8699951171875, 753.3800048828125, 730.739990234375, 729.8200073242188, 780.3400268554688, 760.0, 789.0900268554688, 807.0, 818.0999755859375, 818.75, 778.4199829101562, 744.0800170898438, 747.6400146484375, 762.25, 807.8099975585938, 750.1500244140625, 736.7999877929688, 713.3699951171875, 733.989990234375, 707.489990234375, 730.75, 747.5999755859375, 784.47998046875, 812.5700073242188, 875.530029296875, 865.0, 857.0900268554688, 833.3800048828125, 824.989990234375, 842.1799926757812, 831.4500122070312, 864.27001953125, 878.8599853515625, 908.3499755859375, 938.1599731445312, 950.780029296875, 950.1099853515625, 976.4600219726562, 991.4600219726562, 1030.02001953125, 1003.0399780273438, 1043.8199462890625, 1036.52001953125]
assets:[0, 99.97143887329102, 193.2620381591797, 298.59712734375, 408.57712119140626, 533.1946387634277, 643.6919297363281, 729.007756640625, 761.2050075012207, 937.4455317626954, 1062.341144885254, 1130.3816908935546, 1228.943910333252, 1413.9761286621094, 1477.136, 1633.653082598877, 1770.7194, 1895.0467834472654, 1996.521875, 1998.2040961303712, 2010.0577581665038, 2119.7089695312497, 2261.1384000000003, 2496.294454455566, 2418.1086036987303, 2475.0585189941407, 2496.366960913086, 2668.494008496094, 2672.118944116211, 2859.936275, 3025.9109011840824, 3275.2039184570312, 3492.5071484802243, 3863.1011482666017, 3916.6335, 3980.84033873291, 3970.7223712646482, 4030.736094287109, 4214.689773345947, 4261.015022558593, 4529.207037353515, 4705.680019567872, 4963.587606591797, 5226.489210388183, 5396.817602294922, 5493.060880310059, 5745.393123284912, 5933.689939501953, 6264.47875678711, 6200.391928173829, 6552.475330834961, 6606.674952490234]
shares:[0, 0.1423, 0.2948, 0.4432, 0.5868, 0.7223, 0.8552, 0.9912, 1.1411, 1.2774, 1.4101, 1.5469, 1.6839, 1.812, 1.9436, 2.0703, 2.1942, 2.3164, 2.4385, 2.567, 2.7014, 2.8352, 2.9664, 3.0902, 3.2235, 3.3592, 3.4994, 3.6356, 3.7769, 3.9137, 4.0475, 4.175, 4.2981, 4.4123, 4.5279, 4.6446, 4.7646, 4.8858, 5.0045, 5.1248, 5.2405, 5.3543, 5.4644, 5.571, 5.6762, 5.7815, 5.8839, 5.9848, 6.0819, 6.1816, 6.2774, 6.3739]
growth_rate:29.54
