ticker:ISSC
price:[7.239999771118164, 8.010000228881836, 7.03000020980835, 6.889999866485596, 7.179999828338623, 6.679999828338623, 6.119999885559082, 6.199999809265137, 6.130000114440918, 6.119999885559082, 6.190000057220459, 6.889999866485596, 6.730000019073486, 7.510000228881836, 7.539999961853027, 7.019999980926514, 6.579999923706055, 6.519999980926514, 6.010000228881836, 6.380000114440918, 6.340000152587891, 5.869999885559082, 6.989999771118164, 6.739999771118164, 6.820000171661377, 6.360000133514404, 6.239999771118164, 6.119999885559082, 6.380000114440918, 6.099999904632568, 6.309999942779541, 6.480000019073486, 6.269999980926514, 6.239999771118164, 6.159999847412109, 6.079999923706055, 6.159999847412109, 5.760000228881836, 5.599999904632568, 6.050000190734863, 6.150000095367432, 5.889999866485596, 6.400000095367432, 6.510000228881836, 6.559999942779541, 6.550000190734863, 7.199999809265137, 7.070000171661377, 6.75, 7.420000076293945, 6.989999771118164, 7.0]
assets:[0, 100.0000468574524, 187.76568160381316, 284.0264644961357, 395.98129853277203, 468.4062639629841, 529.1388621053695, 636.0555004325867, 728.8741776073456, 827.6853085227013, 937.1523906630515, 1143.1309018484114, 1216.5847954479218, 1457.58590442276, 1563.4084360902787, 1555.5870677734376, 1558.0860779342652, 1643.8784671910287, 1615.2927365159987, 1814.7368025517465, 1903.359341809082, 1862.258637693596, 2317.5791601127626, 2334.690088716888, 2462.40198197937, 2396.3163983054637, 2451.1024860940934, 2503.9661291770935, 2710.3439926166534, 2691.3943779227257, 2884.0492048468113, 3061.749465012074, 3062.5263146837233, 3147.8727165367127, 3207.515616547394, 3265.85979901886, 3408.8318035606385, 3287.4792346326826, 3296.15994386673, 3661.029960419178, 3821.5430242602824, 3759.98154476881, 4185.548862369537, 4357.488183202743, 4490.955624827051, 4584.109988488483, 5139.021463862419, 5146.234035951853, 5013.306675, 5610.923921692658, 5385.762669647598, 5493.4677]
shares:[0, 12.4844, 26.7092, 41.223, 55.1506, 70.1207, 86.4606, 102.5896, 118.9028, 135.2427, 151.3978, 165.9116, 180.7704, 194.086, 207.3486, 221.5936, 236.7912, 252.1286, 268.7675, 284.4415, 300.2144, 317.2502, 331.5564, 346.3932, 361.056, 376.7793, 392.8049, 409.1448, 424.8188, 441.2122, 457.0601, 472.4922, 488.4412, 504.4668, 520.7006, 537.148, 553.3818, 570.7429, 588.6, 605.1289, 621.3891, 638.367, 653.992, 669.353, 684.5969, 699.8641, 713.753, 727.8973, 742.7121, 756.1892, 770.4954, 784.7811]
growth_rate:7.72
