ticker:ISTB
price:[51.599998474121094, 51.540000915527344, 51.61000061035156, 51.529998779296875, 51.439998626708984, 51.540000915527344, 51.540000915527344, 51.5, 51.439998626708984, 51.47999954223633, 51.47999954223633, 51.5099983215332, 51.599998474121094, 51.5, 51.599998474121094, 51.58000183105469, 51.630001068115234, 51.63999938964844, 51.58000183105469, 51.599998474121094, 51.650001525878906, 51.65999984741211, 51.619998931884766, 51.58000183105469, 51.56999969482422, 51.380001068115234, 51.33000183105469, 51.27000045776367, 51.27000045776367, 51.29999923706055, 51.25, 51.290000915527344, 51.310001373291016, 51.349998474121094, 51.36000061035156, 51.38999938964844, 51.349998474121094, 51.349998474121094, 51.41999816894531, 51.36000061035156, 51.400001525878906, 51.22999954223633, 51.2400016784668, 51.2400016784668, 51.29999923706055, 51.290000915527344, 51.349998474121094, 51.349998474121094, 51.22999954223633, 51.22999954223633, 51.22999954223633, 51.2599983215332]
assets:[0, 99.99790977630614, 200.1332603668213, 299.82214489746093, 399.2978453399658, 500.07201288299564, 600.0699226593017, 699.60175, 798.7860186748504, 899.4070720024109, 999.4069711132049, 1099.9908631565095, 1201.9136044578552, 1299.5819000000001, 1402.1061185379028, 1501.5609073043822, 1603.0185991630556, 1703.3298878677367, 1801.3490359466552, 1902.0481837539674, 2003.890934200287, 2104.2771057846066, 2202.6460024230955, 2300.9374596817015, 2400.490659794617, 2491.647461797714, 2589.2238833633423, 2686.1993879837037, 2786.2015238765716, 2887.8308570518493, 2985.01525, 3087.345186109161, 3188.547153340149, 3291.0316722061157, 3391.670632305908, 3493.651467506408, 3590.9310682945247, 3690.9300553230282, 3795.963098826599, 3891.5318382461546, 3994.561398583984, 4081.35061953125, 4182.147448994446, 4282.147436270142, 4387.160544753647, 4486.3056060806275, 4591.552543560791, 4691.551530589294, 4780.588883283233, 4880.589842389679, 4980.590801496124, 5083.505293544769]
shares:[0, 1.9402, 3.8778, 5.8184, 7.7624, 9.7026, 11.6428, 13.5845, 15.5285, 17.471, 19.4135, 21.3549, 23.2929, 25.2346, 27.1726, 29.1113, 31.0482, 32.9847, 34.9234, 36.8614, 38.7975, 40.7332, 42.6704, 44.6091, 46.5482, 48.4945, 50.4427, 52.3932, 54.3437, 56.293, 58.2442, 60.1939, 62.1428, 64.0902, 66.0372, 67.9831, 69.9305, 71.8779, 73.8227, 75.7697, 77.7152, 79.6672, 81.6188, 83.5704, 85.5197, 87.4694, 89.4168, 91.3642, 93.3162, 95.2682, 97.2202, 99.171]
growth_rate:-0.32
