ticker:ISTR
price:[13.979999542236328, 13.75, 13.600000381469727, 12.600000381469727, 12.960000038146973, 14.199999809265137, 13.9399995803833, 14.180000305175781, 13.9399995803833, 13.15999984741211, 15.850000381469727, 15.970000267028809, 17.040000915527344, 16.969999313354492, 17.170000076293945, 16.549999237060547, 16.6200008392334, 16.540000915527344, 17.700000762939453, 16.969999313354492, 17.760000228881836, 16.1299991607666, 17.799999237060547, 17.559999465942383, 18.31999969482422, 19.200000762939453, 20.299999237060547, 21.790000915527344, 21.459999084472656, 20.690000534057617, 20.719999313354492, 20.8799991607666, 21.149999618530273, 21.450000762939453, 22.110000610351562, 21.8700008392334, 22.5, 22.790000915527344, 22.579999923706055, 23.600000381469727, 22.860000610351562, 22.15999984741211, 22.350000381469727, 23.010000228881836, 22.559999465942383, 22.559999465942383, 21.75, 21.950000762939453, 22.579999923706055, 22.68000030517578, 22.329999923706055, 22.549999237060547]
assets:[0, 99.99962500000001, 198.90816557922363, 284.28246860675813, 392.4041771550178, 529.9496728816986, 620.2463413295745, 730.9251317306519, 818.5539873601913, 872.7527658805848, 1151.149072705269, 1259.8637390657425, 1444.2746935981752, 1538.342316755104, 1656.4723233604432, 1696.6579267856598, 1803.8335090852738, 1895.14999690094, 2128.062241727829, 2140.2953443986894, 2339.931534155846, 2225.1737092256544, 2555.5547904644013, 2621.0985882837294, 2834.5399687820436, 3070.6964420185086, 3346.6213342231754, 3692.2611801338194, 3736.3424986000064, 3702.28110956459, 3807.6500418172836, 3937.0532977573394, 4087.962871267891, 4245.948286021042, 4476.591924577331, 4527.999965756226, 4758.4349999999995, 4919.766378638458, 4974.432691192245, 5299.141725655174, 5232.983323718262, 5172.742284381867, 5317.094145752144, 5574.108127445984, 5565.096156258774, 5665.09560989151, 5561.694675000001, 5712.836703567124, 5976.8040478054045, 6103.274266123962, 6109.088272127343, 6269.276372890091]
shares:[0, 7.2727, 14.6256, 22.5621, 30.2781, 37.3204, 44.494, 51.5462, 58.7198, 66.3186, 72.6277, 78.8894, 84.7579, 90.6507, 96.4748, 102.5171, 108.5339, 114.5798, 120.2295, 126.1223, 131.7529, 137.9525, 143.5705, 149.2653, 154.7238, 159.9321, 164.8582, 169.4475, 174.1073, 178.9406, 183.7669, 188.5562, 193.2843, 197.9463, 202.4691, 207.0416, 211.486, 215.8739, 220.3026, 224.5399, 228.9144, 233.427, 237.9013, 242.2472, 246.6798, 251.1124, 255.7101, 260.2659, 264.6946, 269.1038, 273.5821, 278.0167]
growth_rate:22.93
