ticker:ISUN
price:[3.190000057220459, 3.130000114440918, 3.369999885559082, 5.139999866485596, 7.019999980926514, 9.239999771118164, 8.109999656677246, 6.989999771118164, 6.559999942779541, 7.46999979019165, 6.119999885559082, 6.840000152587891, 6.829999923706055, 6.119999885559082, 6.0, 6.25, 6.380000114440918, 5.949999809265137, 13.710000038146973, 16.149999618530273, 26.0, 21.309999465942383, 20.3799991607666, 18.799999237060547, 16.610000610351562, 13.699999809265137, 10.949999809265137, 13.800000190734863, 16.729999542236328, 13.260000228881836, 15.260000228881836, 13.199999809265137, 11.199999809265137, 10.850000381469727, 10.199999809265137, 9.5600004196167, 8.300000190734863, 8.720000267028809, 8.800000190734863, 9.4399995803833, 10.369999885559082, 11.630000114440918, 11.989999771118164, 10.489999771118164, 10.5600004196167, 9.220000267028809, 9.399999618530273, 9.239999771118164, 9.09000015258789, 9.109999656677246, 7.050000190734863, 7.869999885559082]
assets:[0, 100.00006065626144, 207.66781794786453, 416.7398811749458, 669.1660541818619, 980.7825477052689, 960.8386973245621, 928.1461496086122, 971.0498955298901, 1205.753582134247, 1087.846503657818, 1315.8286133537292, 1413.904921206093, 1366.9252304391862, 1440.123, 1600.1281250000002, 1733.410941092968, 1716.582084972763, 4055.3508322836874, 4877.091549801064, 7951.665800000001, 6617.306763161278, 6428.5181612783435, 6030.133595285797, 5427.6881024459835, 4576.780856280899, 3758.083734539032, 4836.215586843109, 5963.035257840347, 4826.231675305939, 5654.1703828058235, 4990.89484788351, 4334.6989661805155, 4299.239956154823, 4141.681362552643, 3981.8118747735025, 3557.012391740513, 3837.0059094989774, 3972.207446095276, 4361.094782145309, 4890.736678026962, 5584.983077957058, 5857.863064176941, 5225.0195829950335, 5359.88661298275, 4779.749558430671, 4973.063218183708, 4988.415308433151, 5007.434745056534, 5118.451485104179, 4061.041219869805, 4633.389241623973]
shares:[0, 31.9489, 61.6225, 81.0778, 95.3228, 106.1453, 118.4758, 132.782, 148.0259, 161.4128, 177.7527, 192.3726, 207.0139, 223.3538, 240.0205, 256.0205, 271.6945, 288.5012, 295.7951, 301.9871, 305.8333, 310.5259, 315.4327, 320.7518, 326.7723, 334.0716, 343.204, 350.4504, 356.4277, 363.9692, 370.5223, 378.0981, 387.0267, 396.2433, 406.0472, 416.5075, 428.5557, 440.0236, 451.3872, 461.9804, 471.6236, 480.2221, 488.5624, 498.0953, 507.565, 518.411, 529.0493, 539.8718, 550.8729, 561.8498, 576.0342, 588.7407]
growth_rate:-9.15
