ticker:ITAC
price:[9.649999618530273, 9.899999618530273, 9.989999771118164, 9.819999694824219, 9.902999877929688, 9.979999542236328, 10.029999732971191, 10.0, 10.085000038146973, 10.140000343322754, 10.15999984741211, 10.260000228881836, 10.265000343322754, 10.130000114440918, 10.34000015258789, 10.460000038146973, 10.880000114440918, 10.199999809265137, 9.899999618530273, 10.069999694824219, 10.029999732971191, 10.050000190734863, 10.029999732971191, 10.100000381469727, 10.039999961853027, 10.050000190734863, 10.069999694824219, 10.039999961853027, 9.960000038146973, 10.09000015258789, 10.039999961853027, 10.050000190734863, 10.100000381469727, 10.079999923706055, 10.079999923706055, 10.039999961853027, 10.039999961853027, 10.050000190734863, 10.0, 10.0, 10.010000228881836, 10.0, 9.979999542236328, 10.010000228881836, 10.020000457763672]
assets:[0, 99.9998961467743, 200.9088853969574, 297.4900167549133, 400.0049419692993, 503.11473092308046, 605.6354558761597, 703.8240000000001, 809.8063415631294, 914.2224309539795, 1016.0253847408294, 1126.0257911195754, 1226.5741295239447, 1310.4431528043744, 1437.6095132148744, 1554.2932456684111, 1716.702994057083, 1709.408788034916, 1759.1319222166062, 1889.3393847427367, 1981.8346682375907, 2085.786084585285, 2181.635271918297, 2296.8612867507936, 2383.2168789449693, 2485.590167173004, 2590.5366244926454, 2682.819513806629, 2761.4428785763744, 2897.4858128177643, 2983.1279606656076, 3086.098783569813, 3201.4526709165575, 3295.112663059807, 3395.1123103029254, 3481.640062771511, 3581.6404703915596, 3685.207434940052, 3766.873, 3866.873, 3970.739863792229, 4066.773, 4158.638863251113, 4271.139970660973, 4375.406545890427]
shares:[0, 10.101, 20.111, 30.2943, 40.3923, 50.4123, 60.3824, 70.3824, 80.2981, 90.16, 100.0025, 109.7491, 119.4909, 129.3626, 139.0338, 148.594, 157.7852, 167.5891, 177.6901, 187.6206, 197.5907, 207.5409, 217.511, 227.412, 237.3722, 247.3224, 257.2529, 267.2131, 277.2533, 287.1641, 297.1243, 307.0745, 316.9755, 326.8961, 336.8167, 346.7769, 356.7371, 366.6873, 376.6873, 386.6873, 396.6773, 406.6773, 416.6973, 426.6873, 436.6673]
growth_rate:-0.56
