ticker:ITACU
price:[9.989999771118164, 10.010000228881836, 10.0, 10.020000457763672, 9.979999542236328, 9.970000267028809, 9.984999656677246, 9.920000076293945, 10.020000457763672, 10.100000381469727, 10.199999809265137, 10.399999618530273, 10.460000038146973, 10.949999809265137, 10.529999732971191, 10.9399995803833, 10.75, 10.850000381469727, 11.25, 11.399999618530273, 11.07800006866455, 11.210000038146973, 11.579999923706055, 12.84000015258789, 11.5, 10.725000381469727, 10.819999694824219, 11.170000076293945, 11.199999809265137, 11.289999961853027, 11.300000190734863, 11.024999618530273, 11.1899995803833, 11.46399974822998, 11.25, 11.012999534606934, 11.119999885559082, 11.0, 11.0, 11.100000381469727, 11.199999809265137, 11.180000305175781, 11.15999984741211, 11.395000457763672, 11.854999542236328, 11.170999526977539, 11.204000473022461, 11.029999732971191, 11.180000305175781, 10.960000038146973, 10.967000007629395, 10.8100004196167]
assets:[0, 99.99990228652955, 199.89999999999998, 300.2994137191772, 399.10018169403077, 498.7004103568077, 599.4504528885841, 695.5477493494034, 802.5589506649017, 908.9667043310166, 1017.9661009645463, 1137.9263582611084, 1244.491056538582, 1402.7891455652236, 1448.9837722554207, 1605.402272422886, 1677.5203, 1793.1253130435941, 1959.2313749999998, 2085.354050219345, 2126.452023780346, 2251.789700662708, 2426.1130460157397, 2790.094797156906, 2598.9172, 2523.7727697662353, 2646.127223366547, 2831.723474341393, 2939.329069943523, 3062.948764650822, 3165.662283433819, 3188.6217246723177, 3336.3431348896024, 3518.0378507375717, 3552.366375, 3577.529948118877, 3712.2885297951702, 3772.2278, 3872.2277, 4007.429807721901, 4143.532889436055, 4236.1334196319585, 4328.555484816742, 4519.703865567017, 4802.15801207161, 4625.087601456261, 4738.751046865654, 4765.157321638775, 4929.959766571045, 4932.948057169438, 5036.099045103454, 5064.00415157175]
shares:[0, 9.99, 19.99, 29.97, 39.99, 50.0201, 60.0351, 70.1157, 80.0957, 89.9967, 99.8006, 109.416, 118.9762, 128.1086, 137.6053, 146.7461, 156.0484, 165.265, 174.1539, 182.9258, 191.9527, 200.8733, 209.5089, 217.2971, 225.9928, 235.3168, 244.5589, 253.5115, 262.4401, 271.2975, 280.1471, 289.2174, 298.154, 306.877, 315.7659, 324.8461, 333.8389, 342.9298, 352.0207, 361.0297, 369.9583, 378.9028, 387.8634, 396.6392, 405.0745, 414.0263, 422.9517, 432.0179, 440.9624, 450.0865, 459.2048, 468.4555]
growth_rate:-0.71
