ticker:ITCI
price:[18.049999237060547, 27.649999618530273, 31.450000762939453, 26.8799991607666, 23.809999465942383, 27.15999984741211, 26.34000015258789, 26.100000381469727, 24.670000076293945, 24.459999084472656, 26.770000457763672, 25.0, 24.979999542236328, 25.170000076293945, 24.829999923706055, 28.850000381469727, 31.329999923706055, 31.799999237060547, 32.95000076293945, 33.779998779296875, 33.31999969482422, 32.150001525878906, 35.7599983215332, 39.08000183105469, 39.5099983215332, 35.43000030517578, 34.66999816894531, 36.540000915527344, 35.939998626708984, 32.150001525878906, 34.15999984741211, 31.690000534057617, 31.219999313354492, 31.059999465942383, 34.43000030517578, 35.029998779296875, 37.599998474121094, 39.689998626708984, 39.40999984741211, 38.7400016784668, 41.68000030517578, 43.18000030517578, 41.5, 42.25, 40.7400016784668, 36.400001525878906, 36.1349983215332, 34.33000183105469, 33.4900016784668, 29.030000686645508, 29.34000015258789, 31.43000030517578]
assets:[0, 99.9989886203766, 213.7436401851654, 282.683511174202, 350.3974761405945, 499.6978251926422, 584.6110353866577, 679.2838299282074, 742.066201294899, 835.7492487182617, 1014.6767123508454, 1047.5875, 1146.7493449855804, 1255.472052805519, 1338.5132888872147, 1655.219726886177, 1897.5045783792496, 2025.97159139328, 2199.2379159221646, 2354.6348149108885, 2422.5705618118286, 2437.5038056869503, 2811.2007480506895, 3172.198000630188, 3307.1014385074614, 3065.5949484054568, 3099.8341352859497, 3367.0295403625487, 3411.7409416351315, 3151.960429595947, 3449.0190405937196, 3299.632573607254, 3350.6957923055647, 3433.524534962654, 3906.0594336219788, 4074.1289780273437, 4473.031178475952, 4821.66407216835, 4887.6478860759735, 4904.553944496917, 5376.761719367981, 5670.263782074738, 5549.64975, 5749.94615, 5644.445752548218, 5143.149135599518, 5205.7054226955415, 5045.672617120361, 5022.214235705566, 4453.384994335746, 4600.94038792801, 5028.683757826995]
shares:[0, 3.6166, 6.7963, 10.5165, 14.7164, 18.3983, 22.1948, 26.0262, 30.0797, 34.168, 37.9035, 41.9035, 45.9067, 49.8797, 53.9071, 57.3733, 60.5651, 63.7098, 66.7447, 69.705, 72.7062, 75.8166, 78.613, 81.1719, 83.7029, 86.5254, 89.4097, 92.1464, 94.9288, 98.0392, 100.9666, 104.1222, 107.3253, 110.5449, 113.4493, 116.304, 118.9636, 121.4831, 124.0205, 126.6018, 129.001, 131.3169, 133.7265, 136.0934, 138.548, 141.2953, 144.0627, 146.9756, 149.9616, 153.4063, 156.8146, 159.9963]
growth_rate:-1.4
