ticker:ITHXU
price:[10.0600004196167, 10.350000381469727, 10.4399995803833, 10.300000190734863, 10.119999885559082, 10.050000190734863, 10.020000457763672, 9.949999809265137, 9.890000343322754, 10.0, 10.010000228881836, 9.991999626159668, 9.920000076293945, 9.960000038146973, 9.9399995803833, 9.9399995803833, 9.930000305175781, 9.930000305175781, 9.949999809265137, 9.930000305175781, 9.979999542236328, 9.989999771118164, 10.0, 9.989999771118164, 9.979999542236328, 9.979999542236328, 9.979999542236328, 9.949999809265137, 9.989999771118164, 9.960000038146973, 9.890000343322754, 9.899999618530273]
assets:[0, 99.9996336856842, 200.86872392644884, 298.1747055215836, 392.96364355621336, 490.2450393041611, 588.781238898468, 684.6684418753624, 780.5395960957527, 889.221, 990.110143639183, 1088.3295984812737, 1180.486953079033, 1285.2473689225196, 1382.6668636307718, 1482.6672354092598, 1581.1757945938111, 1681.1758626670837, 1784.5623157911302, 1880.9754128074644, 1990.446038702011, 2092.440417059898, 2194.535, 2292.340312479973, 2390.045220373154, 2490.0448157863616, 2590.04441119957, 2682.2592585828784, 2793.0420980083463, 2884.655051048279, 2964.3812309059144, 3067.37826180687]
shares:[0, 9.6618, 19.2403, 28.949, 38.8304, 48.7806, 58.7606, 68.8109, 78.9221, 88.9221, 98.9121, 108.9201, 119.0007, 129.0409, 139.1013, 149.1617, 159.2322, 169.3027, 179.353, 189.4235, 199.4435, 209.4535, 219.4535, 229.4635, 239.4835, 249.5035, 259.5235, 269.5738, 279.5838, 289.624, 299.7352, 309.8362]
growth_rate:-1.05
