ticker:ITHX
price:[9.90999984741211, 9.65999984741211, 9.800000190734863, 9.859999656677246, 9.850000381469727, 9.75, 9.6899995803833, 9.710000038146973, 9.720000267028809, 9.609999656677246, 9.630000114440918, 9.699999809265137, 9.6899995803833, 9.680000305175781, 9.75, 9.649999618530273, 9.65999984741211, 9.649999618530273, 9.770000457763672, 9.859999656677246, 9.699999809265137, 9.640000343322754, 9.6899995803833]
assets:[0, 100.00031842041015, 201.44978392076493, 302.68325546064375, 402.37645558319093, 498.2913, 595.2246972243308, 696.4536367361068, 797.1712418999672, 888.1494412703515, 989.997716764927, 1097.1941384254455, 1196.0628112055779, 1294.8287848213195, 1404.192075, 1489.790101107788, 1591.3342788635252, 1689.6869482057573, 1810.6986098384857, 1927.3785028891564, 1996.1028207498553, 2083.755482211685, 2194.563003966427]
shares:[0, 10.352, 20.5561, 30.6981, 40.8504, 51.1068, 61.4267, 71.7254, 82.0135, 92.4193, 102.8035, 113.1128, 123.4327, 133.7633, 144.0197, 154.3824, 164.7344, 175.0971, 185.3325, 195.4745, 205.7838, 216.1572, 226.4771]
growth_rate:-0.25
