ticker:ITI
price:[4.429999828338623, 4.159999847412109, 4.360000133514404, 4.079999923706055, 4.050000190734863, 4.380000114440918, 4.21999979019165, 4.079999923706055, 3.7699999809265137, 4.239999771118164, 4.570000171661377, 4.679999828338623, 5.130000114440918, 5.300000190734863, 5.75, 5.590000152587891, 5.760000228881836, 5.650000095367432, 6.730000019073486, 7.300000190734863, 6.800000190734863, 6.510000228881836, 6.010000228881836, 6.150000095367432, 5.960000038146973, 5.510000228881836, 5.800000190734863, 6.489999771118164, 6.550000190734863, 6.199999809265137, 6.440000057220459, 6.159999847412109, 6.320000171661377, 6.769999980926514, 6.75, 6.670000076293945, 6.110000133514404, 7.230000019073486, 7.369999885559082, 6.960000038146973, 6.449999809265137, 7.369999885559082, 6.739999771118164, 6.369999885559082, 6.179999828338623, 6.070000171661377, 6.0, 6.230000019073486, 6.320000171661377, 6.099999904632568, 5.420000076293945, 5.610000133514404]
assets:[0, 100.00015633201599, 204.80795427174567, 291.65512254619597, 389.51079334402084, 521.2484836192131, 602.2074740596771, 682.2290272426605, 730.3930103047371, 921.4498942586899, 1093.1664340622426, 1219.4787872697832, 1436.7365600509645, 1584.3476070170402, 1818.8675999999998, 1868.2557519969941, 2025.0720804691314, 2086.3987002167223, 2585.2144243267535, 2904.1700258803367, 2805.2543986852647, 2785.6186819381714, 2671.6692747465136, 2833.9046689450743, 2846.3529782180785, 2731.4437614624026, 2975.2040578405376, 3429.1503840646747, 3560.8532386914253, 3470.5782332322124, 3704.923660918856, 3643.840109739304, 3838.4856002594474, 4211.795039133883, 4299.352425, 4348.397161738586, 4083.314311227703, 4931.810758010625, 5127.308920383453, 4942.071915086937, 4679.937326608181, 5447.463189412118, 5081.80480742836, 4902.833483917618, 4856.59488909874, 4870.151128729296, 4913.988, 5202.357777927304, 5377.512450061894, 5290.320077291107, 4800.579703574753, 5068.865691635752]
shares:[0, 24.0385, 46.9743, 71.4841, 96.1755, 119.0065, 142.7032, 167.213, 193.7382, 217.3231, 239.2049, 260.5724, 280.0656, 298.9335, 316.3248, 334.2139, 351.575, 369.2741, 384.1329, 397.8315, 412.5374, 427.8984, 444.5373, 460.7975, 477.576, 495.7248, 512.9662, 528.3745, 543.6417, 559.7707, 575.2987, 591.5325, 607.3553, 622.1263, 636.9411, 651.9336, 668.3002, 682.1315, 695.7, 710.0678, 725.5717, 739.1402, 753.977, 769.6756, 785.8568, 802.3313, 818.998, 835.0494, 850.8722, 867.2656, 885.7158, 903.5411]
growth_rate:-0.61
