ticker:ITIC
price:[135.8000030517578, 134.0, 137.0, 135.35000610351562, 137.85000610351562, 149.5, 151.11000061035156, 144.32000732421875, 133.52000427246094, 146.0, 163.4199981689453, 175.8800048828125, 189.89999389648438, 157.89999389648438, 154.89999389648438, 155.2100067138672, 154.58999633789062, 153.0, 147.50999450683594, 148.36000061035156, 150.49000549316406, 143.0, 160.82000732421875, 162.25, 163.77000427246094, 151.77000427246094, 159.8000030517578, 171.60000610351562, 168.14999389648438, 168.97000122070312, 166.8699951171875, 166.2899932861328, 169.5500030517578, 166.10000610351562, 176.42999267578125, 187.99000549316406, 180.97999572753906, 184.38999938964844, 177.83999633789062, 177.5, 174.32000732421875, 170.33999633789062, 170.60000610351562, 173.1699981689453, 171.10000610351562, 168.66000366210938, 168.1999969482422, 166.52999877929688, 179.38999938964844, 187.1300048828125, 179.88999938964844, 190.5]
assets:[0, 100.0042, 202.2394, 299.8002635192871, 405.33415794677734, 539.5903500000001, 645.4059236068725, 716.4045163574219, 762.7997844085694, 934.0934, 1145.5415031646728, 1332.8890290039062, 1539.1394505310059, 1379.7775166656495, 1453.5660527252198, 1556.476989328003, 1650.2636699066163, 1733.2911, 1771.0935000457764, 1881.293823739624, 2008.3041723068238, 2008.3491999999999, 2358.618391418457, 2479.585625, 2602.813054902649, 2512.0971107177734, 2745.0124924224856, 3047.7190684020998, 3086.4435829681397, 3201.491510128784, 3261.7076725585935, 3350.3775267303467, 3516.060143286133, 3544.507690246582, 3864.9459915527345, 4218.176140257264, 4160.874885772705, 4339.268294636536, 4285.12584776001, 4376.937, 4398.52958480835, 4398.110569445801, 4504.829641168213, 4672.698011592102, 4716.850748260497, 4749.583765127563, 4836.624552246093, 4888.6046851654055, 5366.1109907424925, 5697.640823669434, 5577.201607077026, 6006.14115]
shares:[0, 0.7463, 1.4762, 2.215, 2.9404, 3.6093, 4.2711, 4.964, 5.713, 6.3979, 7.0098, 7.5784, 8.105, 8.7383, 9.3839, 10.0282, 10.6751, 11.3287, 12.0066, 12.6806, 13.3451, 14.0444, 14.6662, 15.2825, 15.8931, 16.552, 17.1778, 17.7606, 18.3553, 18.9471, 19.5464, 20.1478, 20.7376, 21.3396, 21.9064, 22.4383, 22.9908, 23.5331, 24.0954, 24.6588, 25.2325, 25.8196, 26.4058, 26.9833, 27.5678, 28.1607, 28.7552, 29.3557, 29.9131, 30.4475, 31.0034, 31.5283]
growth_rate:17.77
