ticker:ITMR
price:[22.969999313354492, 20.75, 22.5, 21.610000610351562, 20.280000686645508, 21.5, 21.200000762939453, 20.3700008392334, 20.270000457763672, 21.299999237060547, 19.18000030517578, 18.0, 20.764999389648438, 19.5, 18.600000381469727, 19.0, 19.959999084472656, 19.860000610351562, 21.020000457763672, 23.65999984741211, 25.100000381469727, 24.459999084472656, 24.950000762939453, 25.149999618530273, 24.43000030517578, 23.290000915527344, 23.969999313354492, 24.190000534057617, 22.959999084472656, 24.18000030517578, 23.290000915527344, 24.0, 23.670000076293945, 24.549999237060547, 23.700000762939453, 24.350000381469727, 22.43000030517578, 21.170000076293945, 20.479999542236328, 19.1299991607666, 20.100000381469727, 21.600000381469727, 23.329999923706055, 23.540000915527344, 23.350000381469727, 19.399999618530273, 19.1299991607666, 19.719999313354492, 18.739999771118164, 17.770000457763672, 17.979999542236328, 19.18000030517578]
assets:[0, 100.00047500000001, 208.43325, 300.1888404785156, 381.71422892417905, 504.67810000000003, 597.6365015075684, 674.2388797782899, 770.9289274101258, 910.1021074012757, 919.5199026306152, 962.9496, 1210.8694094085695, 1237.1034, 1280.0055262517928, 1407.5332999999998, 1578.6502995903015, 1670.7404253463746, 1868.327006687546, 2202.977853792572, 2437.0569270383835, 2474.916519364929, 2624.4955702537536, 2745.5324033563616, 2766.932062564087, 2737.8164646232603, 2917.752960417938, 3044.531696216011, 2989.7248007850644, 3248.585459000397, 3229.01422893219, 3427.4519999999998, 3480.325562217903, 3709.716014713287, 3681.2737185058595, 3882.2374408195496, 3676.122283016205, 3569.6176688644414, 3553.271728578186, 3419.0473600063324, 3692.41228007679, 4067.9647918428423, 4493.777925304413, 4634.2281742362975, 4696.824556732177, 4002.2858813014986, 4046.584026476288, 4271.387347271347, 4159.118069202423, 4043.8390391712187, 4191.626949282837, 4571.380452735901]
shares:[0, 4.8193, 9.2637, 13.8912, 18.8222, 23.4734, 28.1904, 33.0996, 38.033, 42.7278, 47.9416, 53.4972, 58.313, 63.4412, 68.8175, 74.0807, 79.0907, 84.1259, 88.8833, 93.1098, 97.0939, 101.1822, 105.1902, 109.1663, 113.2596, 117.5533, 121.7252, 125.8591, 130.2145, 134.3501, 138.6438, 142.8105, 147.0353, 151.1086, 155.328, 159.4348, 163.8931, 168.6168, 173.4996, 178.727, 183.7021, 188.3317, 192.618, 196.8661, 201.1488, 206.3034, 211.5308, 216.6018, 221.938, 227.5655, 233.1272, 238.341]
growth_rate:-10.37
