ticker:ITOS
price:[25.799999237060547, 29.670000076293945, 28.329999923706055, 24.18000030517578, 23.049999237060547, 23.0, 22.420000076293945, 24.299999237060547, 22.770000457763672, 25.450000762939453, 23.360000610351562, 25.399999618530273, 28.56999969482422, 29.420000076293945, 28.549999237060547, 33.119998931884766, 33.34000015258789, 33.81999969482422, 33.0, 35.130001068115234, 32.75, 32.0, 38.25, 36.0, 40.43000030517578, 41.58000183105469, 34.63999938964844, 39.13999938964844, 39.54999923706055, 33.56999969482422, 35.310001373291016, 27.010000228881836, 22.290000915527344, 23.84000015258789, 23.510000228881836, 23.100000381469727, 24.479999542236328, 22.329999923706055, 20.540000915527344, 17.899999618530273, 20.030000686645508, 25.06999969482422, 25.459999084472656, 25.270000457763672, 25.8700008392334, 24.18000030517578, 24.31999969482422, 24.030000686645508, 25.010000228881836, 24.639999389648438, 26.010000228881836, 27.989999771118164]
assets:[0, 99.99976825714111, 195.48266547355652, 266.8456473678589, 354.37529827041624, 453.60600000000005, 542.1671678449632, 687.6292284107208, 744.3330989639283, 931.9408529376983, 955.4076729629516, 1138.842002896309, 1380.973790248871, 1522.0584139471055, 1577.0477128566743, 1929.4850257743835, 2042.301721347046, 2171.7039324035645, 2219.0487, 2462.279339864731, 2395.462725, 2440.6048, 3017.2862250000003, 2939.7996000000003, 3401.5578606758118, 3598.3125684585575, 3097.726977418518, 3600.144111859131, 3737.8546078948975, 3272.688915248871, 3542.3205237693787, 2809.6585528089527, 2418.67016734314, 2686.858609197235, 2749.6661497694017, 2801.713576267052, 3069.0893666095735, 2899.5415580932618, 2767.109897338104, 2511.4540764780045, 2910.30301576767, 3742.5999744415285, 3900.820661728668, 3971.7112419471737, 4166.014390147209, 3993.8614284065247, 4116.984396338653, 4167.893081095505, 4437.869478613663, 4472.214097219849, 4820.872911422539, 5287.859560759735]
shares:[0, 3.3704, 6.9002, 11.0358, 15.3742, 19.722, 24.1823, 28.2975, 32.6892, 36.6185, 40.8993, 44.8363, 48.3365, 51.7355, 55.2381, 58.2574, 61.2568, 64.2136, 67.2439, 70.0905, 73.1439, 76.2689, 78.8833, 81.6611, 84.1345, 86.5395, 89.4263, 91.9812, 94.5096, 97.4885, 100.3206, 104.0229, 108.5092, 112.7038, 116.9573, 121.2863, 125.3713, 129.8496, 134.7181, 140.3047, 145.2972, 149.286, 153.2137, 157.171, 161.0365, 165.1721, 169.2839, 173.4454, 177.4438, 181.5022, 185.3469, 188.9196]
growth_rate:3.68
