ticker:ITQ
price:[9.899999618530273, 9.670000076293945, 9.829999923706055, 9.720000267028809, 9.739999771118164, 9.699999809265137, 9.710000038146973, 9.635000228881836, 9.630000114440918, 9.625, 9.710000038146973, 9.65999984741211, 9.65999984741211, 9.630000114440918, 9.649999618530273, 9.640000343322754, 9.680000305175781, 9.65999984741211, 9.630000114440918, 9.6899995803833, 9.6899995803833, 9.649999618530273]
assets:[0, 100.00037178897858, 201.65458443489072, 299.3983642251015, 400.0139986000061, 498.37144020032883, 598.8856143527985, 694.2595764923095, 793.8991354345322, 893.4868250000001, 1001.37773893404, 1096.22161268425, 1196.22193110466, 1292.5068363598823, 1395.1911548473358, 1493.745045198822, 1599.9433624404908, 1696.6379372001647, 1791.3687692882538, 1902.529672612667, 2002.5294992822649, 2094.2631822126386]
shares:[0, 10.3413, 20.5142, 30.8023, 41.0692, 51.3785, 61.6772, 72.056, 82.4402, 92.8298, 103.1285, 113.4805, 123.8325, 134.2167, 144.5794, 154.9528, 165.2834, 175.6354, 186.0196, 196.3395, 206.6594, 217.0221]
growth_rate:-0.27
