ticker:ITQRU
price:[10.350000381469727, 10.40999984741211, 10.380000114440918, 10.239999771118164, 10.180000305175781, 9.979999542236328, 9.949999809265137, 9.899999618530273, 9.899999618530273, 10.119999885559082, 10.029999732971191, 10.0, 10.0, 9.979999542236328, 10.0, 10.0, 9.970000267028809, 9.970000267028809, 9.989999771118164, 9.989999771118164, 9.979999542236328, 10.020000457763672, 10.020000457763672, 10.020000457763672, 9.951000213623047, 10.010000228881836, 10.0, 9.97700023651123, 9.899999618530273, 9.949999809265137, 9.949999809265137]
assets:[0, 99.99949953422546, 199.71120220184324, 297.01733736114505, 395.27719584960937, 487.5110016387939, 586.0460337658882, 683.1009636785508, 783.1008598253251, 900.502889816761, 992.4945515768052, 1089.526, 1189.526, 1287.146488961029, 1389.726, 1489.726, 1585.2569614583015, 1685.2570611366273, 1788.6375310203553, 1888.6374287292479, 1986.7464528717042, 2094.709151696777, 2194.7087562652587, 2294.7083608337402, 2378.906013069153, 2493.010577003479, 2590.5200000000004, 2684.5623363392833, 2763.8432835027697, 2877.802624834442, 2977.8031079175]
shares:[0, 9.6061, 19.24, 29.0056, 38.8288, 48.8488, 58.8991, 69.0001, 79.1011, 88.9825, 98.9526, 108.9526, 118.9526, 128.9726, 138.9726, 148.9726, 159.0027, 169.0328, 179.0428, 189.0528, 199.0728, 209.0528, 219.0328, 229.0128, 239.062, 249.052, 259.052, 269.0751, 279.1761, 289.2264, 299.2767]
growth_rate:-0.74
