ticker:ITRI
price:[59.130001068115234, 58.08000183105469, 58.529998779296875, 56.22999954223633, 63.150001525878906, 67.5199966430664, 70.62000274658203, 72.81999969482422, 67.94999694824219, 68.4000015258789, 73.41999816894531, 77.08000183105469, 81.79000091552734, 83.5, 83.36000061035156, 88.2300033569336, 93.91000366210938, 95.9000015258789, 103.16999816894531, 97.01000213623047, 98.11000061035156, 86.0199966430664, 97.43000030517578, 103.68000030517578, 101.86000061035156, 117.23999786376953, 110.91999816894531, 94.62000274658203, 89.33999633789062, 89.22000122070312, 90.52999877929688, 91.5999984741211, 88.22000122070312, 92.44000244140625, 89.94000244140625, 87.38999938964844, 88.66000366210938, 91.63999938964844, 95.3499984741211, 95.08999633789062, 98.70999908447266, 94.9800033569336, 100.19000244140625, 98.33000183105469, 97.12000274658203, 89.76000213623047, 95.2300033569336, 98.62000274658203, 77.11000061035156, 80.0, 76.86000061035156, 85.72000122070312]
assets:[0, 100.00214715270997, 200.77545481262206, 292.8851986156464, 428.9274403640747, 558.6064362274169, 684.2513306121826, 805.5639646240235, 851.6920567489624, 957.3332613563538, 1127.591673878479, 1283.8059704971313, 1462.2498153678894, 1592.82095, 1690.1490203750611, 1888.8896728675843, 2110.4864673004154, 2255.213205883026, 2526.1793071655275, 2475.346018508911, 2603.4175431961057, 2382.5990710189817, 2798.637786766052, 3078.1658970603944, 3124.127706719971, 3695.850244657898, 3596.6253086273196, 3168.0953179618837, 3091.306817285156, 3187.1525716064452, 3333.948265045166, 3473.352862140656, 3445.1851316711427, 3709.9870579833982, 3709.656346697998, 3704.4795521270753, 3858.3149053680418, 4087.996224772644, 4353.4997653312685, 4441.62520194397, 4710.717544308472, 4632.716149736786, 4986.837143518066, 4994.259457000732, 5032.807102329254, 4751.4098090805055, 5140.963162223053, 5423.971945058441, 4340.946039360047, 4603.639999999999, 4522.949711917115, 5144.331577258301]
shares:[0, 1.7218, 3.4303, 5.2087, 6.7922, 8.2732, 9.6892, 11.0624, 12.5341, 13.9961, 15.3581, 16.6555, 17.8781, 19.0757, 20.2753, 21.4087, 22.4735, 23.5163, 24.4856, 25.5164, 26.5357, 27.6982, 28.7246, 29.6891, 30.6708, 31.5238, 32.4254, 33.4823, 34.6016, 35.7224, 36.827, 37.9187, 39.0522, 40.134, 41.2459, 42.3902, 43.5181, 44.6093, 45.6581, 46.7097, 47.7228, 48.7757, 49.7738, 50.7908, 51.8205, 52.9346, 53.9847, 54.9987, 56.2955, 57.5455, 58.8466, 60.0132]
growth_rate:0.87
