ticker:ITRM
price:[0.5950000286102295, 0.6000000238418579, 0.6589999794960022, 0.6499999761581421, 1.059999942779541, 1.0299999713897705, 0.8949999809265137, 0.5249999761581421, 0.4740000069141388, 0.49900001287460327, 0.5199999809265137, 0.5360000133514404, 0.7630000114440918, 0.8429999947547913, 0.9269999861717224, 0.8949999809265137, 1.0099999904632568, 0.9890000224113464, 1.2300000190734863, 1.2100000381469727, 1.899999976158142, 1.409999966621399, 1.3300000429153442, 2.259999990463257, 2.069999933242798, 1.6399999856948853, 1.5099999904632568, 1.5499999523162842, 1.6699999570846558, 1.409999966621399, 1.4600000381469727, 1.3200000524520874, 1.100000023841858, 1.2000000476837158, 1.2300000190734863, 1.0700000524520874, 1.0499999523162842, 1.1399999856948853, 1.4500000476837158, 1.600000023841858, 1.8799999952316284, 2.0299999713897705, 2.069999933242798, 1.4199999570846558, 1.309999942779541, 1.159999966621399, 1.1299999952316284, 0.7789999842643738, 0.7760000228881836, 0.6970000267028809, 0.6290000081062317, 0.6700000166893005]
assets:[0, 100.00002397364378, 209.83336967128517, 306.96768874049184, 600.5934235790253, 683.5955310118197, 693.9980212100983, 507.09380197131634, 557.8333071369975, 687.2549034317315, 816.1774100627898, 941.290634646988, 1439.9342319972993, 1690.9102958790304, 1959.3995926711739, 1991.7611500532628, 2347.6857918323994, 2398.872564759922, 3083.430959814453, 3133.293888781547, 5020.048077006698, 3825.4040754420994, 3708.360117658305, 6401.423756987286, 5963.250839686012, 4824.508005917597, 4542.077555313492, 4762.397328491092, 5231.099014572203, 4516.676440077769, 4776.842432809639, 4418.789143586898, 3782.324231979668, 4226.171927932977, 4431.826106723881, 3955.3284888927337, 3981.3967491925714, 4422.6594705029365, 5725.312718278742, 6417.586335629487, 7640.663832620466, 8350.291202313423, 8614.828846173, 6009.689312374722, 5644.149949464989, 5097.873313310444, 5066.031911622369, 3592.4237076338413, 3678.5891533002855, 3404.093625014782, 3171.9868455789506, 3478.7459466534856]
shares:[0, 166.6667, 318.4118, 472.258, 566.5976, 663.685, 775.4168, 965.893, 1176.8635, 1377.2643, 1569.572, 1756.1392, 1887.2008, 2005.8248, 2113.6997, 2225.4315, 2324.4414, 2425.5536, 2506.8544, 2589.499, 2642.1306, 2713.0526, 2788.2406, 2832.4884, 2880.7976, 2941.7732, 3007.9984, 3072.5145, 3132.3947, 3203.3167, 3271.8098, 3347.5674, 3438.4765, 3521.8098, 3603.1106, 3696.5685, 3791.8066, 3879.5259, 3948.4914, 4010.9914, 4064.1829, 4113.444, 4161.7532, 4232.1757, 4308.5116, 4394.7185, 4483.2141, 4611.5838, 4740.4498, 4883.9218, 5042.9043, 5192.158]
growth_rate:-31.79
