ticker:ITRN
price:[13.600000381469727, 13.369999885559082, 14.9399995803833, 14.010000228881836, 14.789999961853027, 14.380000114440918, 13.670000076293945, 14.170000076293945, 14.149999618530273, 14.180000305175781, 15.050000190734863, 16.649999618530273, 17.979999542236328, 18.690000534057617, 18.34000015258789, 18.260000228881836, 19.030000686645508, 19.049999237060547, 19.59000015258789, 18.790000915527344, 18.6299991607666, 19.139999389648438, 19.729999542236328, 22.549999237060547, 21.850000381469727, 21.68000030517578, 21.540000915527344, 23.59000015258789, 22.899999618530273, 21.469999313354492, 21.959999084472656, 22.239999771118164, 21.829999923706055, 22.700000762939453, 21.850000381469727, 23.440000534057617, 22.690000534057617, 23.309999465942383, 24.209999084472656, 24.670000076293945, 24.780000686645508, 26.670000076293945, 27.149999618530273, 26.899999618530273, 26.579999923706055, 24.690000534057617, 24.360000610351562, 25.389999389648438, 25.219999313354492, 24.6200008392334, 25.09000015258789, 26.959999084472656]
assets:[0, 99.9995771440506, 211.74162605285645, 298.56151087760924, 415.183399929142, 503.67388400840764, 578.8055742303848, 699.9767487688065, 798.9882184600831, 900.6824233840942, 1055.9426283823968, 1268.2021659440995, 1469.5053625869753, 1627.5345915060043, 1697.0570681194306, 1789.6553184326174, 1965.123505906105, 2067.187807210541, 2225.784473336792, 2234.8902248931886, 2315.8597986764908, 2479.257712939453, 2655.6816143844608, 3135.2571839241027, 3137.9331797838213, 3213.51804523468, 3292.766089954376, 3706.144717972564, 3697.7407984027864, 3566.8346029268264, 3748.238051733398, 3896.029847904205, 3924.20662928524, 4180.600120508575, 4124.058657000161, 4524.161535078621, 4479.4031804323195, 4701.801717276573, 4983.337791549682, 5178.023321013451, 5301.111206892014, 5805.432271607399, 6009.9157705579755, 6054.576594139862, 6082.55123454094, 5750.044348376465, 5773.191036650085, 6117.296339945984, 6176.337479841614, 6129.397870935631, 6346.410160596466, 6919.4185650253285]
shares:[0, 7.4794, 14.1728, 21.3106, 28.0719, 35.026, 42.3413, 49.3985, 56.4656, 63.5178, 70.1623, 76.1683, 81.73, 87.0805, 92.5331, 98.0096, 103.2645, 108.5138, 113.6184, 118.9404, 124.3081, 129.5328, 134.6012, 139.0358, 143.6125, 148.225, 152.8675, 157.1066, 161.4734, 166.1311, 170.6848, 175.1812, 179.7621, 184.1674, 188.7441, 193.0103, 197.4175, 201.7075, 205.838, 209.8915, 213.927, 217.6765, 221.3597, 225.0772, 228.8394, 232.8896, 236.9947, 240.9333, 244.8984, 248.9601, 252.9458, 256.655]
growth_rate:35.67
