ticker:IUS
price:[27.709999084472656, 26.959999084472656, 27.239999771118164, 26.450000762939453, 26.8700008392334, 27.940000534057617, 28.200000762939453, 27.979999542236328, 26.170000076293945, 28.139999389648438, 29.389999389648438, 29.59000015258789, 30.549999237060547, 31.299999237060547, 31.030000686645508, 31.059999465942383, 30.940000534057617, 31.18000030517578, 32.16999816894531, 32.2599983215332, 32.58000183105469, 31.40999984741211, 32.869998931884766, 33.41999816894531, 33.459999084472656, 33.16999816894531, 34.11000061035156, 35.27000045776367, 34.900001525878906, 35.119998931884766, 35.310001373291016, 35.900001525878906, 36.31999969482422, 36.27000045776367, 36.31999969482422, 37.540000915527344, 37.15999984741211, 36.90999984741211, 37.25, 37.83000183105469, 37.810001373291016, 36.40999984741211, 37.27000045776367, 37.689998626708984, 37.689998626708984, 37.15999984741211, 37.720001220703125, 37.77000045776367, 37.88999938964844, 38.2400016784668, 37.900001525878906, 38.43000030517578]
assets:[0, 100.00002860412597, 201.0393703107834, 295.20845851516725, 399.89547448997496, 515.8199078596115, 620.6199767906189, 715.7787522895813, 769.4765122432708, 927.4015178848266, 1068.5968658081056, 1175.8681390636445, 1314.0165671844481, 1446.275934746933, 1533.8005219406127, 1635.2841238822937, 1728.967451843834, 1842.3794480323793, 2000.8773761138916, 2106.4746584014893, 2227.370921182251, 2247.3823480823517, 2451.845534326935, 2592.8705059387207, 2695.972506233215, 2772.607172946167, 2951.1801978073117, 3151.5438369033814, 3218.4816307167052, 3338.770498456955, 3456.8350104446413, 3614.5952436332705, 3756.8826564331057, 3851.710833612442, 3957.020382751465, 4189.937106184388, 4247.52547455864, 4318.949812145233, 4458.7356, 4628.160254013062, 4725.713269641876, 4650.733023509598, 4860.582017699433, 5015.3553512580875, 5115.354455614472, 5143.423342879868, 5320.934252197266, 5427.98719778595, 5545.23172267456, 5696.456266034317, 5745.806991329956, 5926.1558420600895]
shares:[0, 3.7092, 7.3803, 11.161, 14.8826, 18.4617, 22.0078, 25.5818, 29.403, 32.9567, 36.3592, 39.7387, 43.012, 46.2069, 49.4296, 52.6492, 55.8813, 59.0885, 62.197, 65.2968, 68.3662, 71.5499, 74.5922, 77.5844, 80.573, 83.5878, 86.5195, 89.3548, 92.2201, 95.0675, 97.8996, 100.6851, 103.4384, 106.1955, 108.9488, 111.6126, 114.3037, 117.013, 119.6976, 122.341, 124.9858, 127.7323, 130.4154, 133.0686, 135.7218, 138.4129, 141.064, 143.7116, 146.3508, 148.9659, 151.6044, 154.2065]
growth_rate:16.2
