ticker:IUSB
price:[54.43000030517578, 54.47999954223633, 54.5099983215332, 54.33000183105469, 54.2400016784668, 54.2599983215332, 54.349998474121094, 54.13999938964844, 54.060001373291016, 54.31999969482422, 54.31999969482422, 54.619998931884766, 54.61000061035156, 54.2400016784668, 54.43000030517578, 54.36000061035156, 54.43000030517578, 54.58000183105469, 54.13999938964844, 54.25, 54.220001220703125, 54.2599983215332, 54.0, 53.970001220703125, 53.599998474121094, 53.36000061035156, 52.90999984741211, 52.709999084472656, 52.560001373291016, 52.790000915527344, 52.83000183105469, 52.90999984741211, 53.09000015258789, 53.16999816894531, 53.08000183105469, 53.16999816894531, 52.970001220703125, 53.0099983215332, 53.119998931884766, 53.18000030517578, 53.439998626708984, 53.470001220703125, 53.310001373291016, 53.47999954223633, 53.63999938964844, 53.720001220703125, 53.84000015258789, 53.939998626708984, 53.63999938964844, 53.720001220703125, 53.79999923706055, 53.81999969482422]
assets:[0, 99.99803915977478, 200.05169384002684, 299.39090809020996, 398.8972443439484, 499.04548256263735, 599.8718031585694, 697.5559941360474, 796.5254662342071, 900.3539949417113, 1000.3516823799133, 1105.8747323741914, 1205.6741324752807, 1297.5076241516115, 1402.051491860962, 1500.2490408447266, 1602.1797169830322, 1706.596581253052, 1792.840665788269, 1896.48235, 1995.431594924927, 2096.9047651348114, 2186.8596, 2285.6457426971433, 2369.9775325317382, 2459.3677641311647, 2538.6270836788176, 2629.032437335968, 2721.5516151088714, 2833.461067140198, 2935.609994746399, 3040.0551522327423, 3150.3977720546723, 3255.1470429000856, 3349.6347475494385, 3455.3161350067135, 3542.321158633423, 3644.9939895877833, 3752.5560845451355, 3856.794434132385, 3975.652665834427, 4077.884296096802, 4165.680824309921, 4278.9668513740535, 4391.769586027527, 4498.319510217285, 4608.370205060577, 4716.928817908859, 4790.695625488281, 4897.840531295777, 5005.1322890220645, 5106.9905350418085]
shares:[0, 1.8355, 3.67, 5.5106, 7.3543, 9.1973, 11.0372, 12.8843, 14.7341, 16.575, 18.4159, 20.2467, 22.0779, 23.9216, 25.7588, 27.5984, 29.4356, 31.2678, 33.1149, 34.9582, 36.8025, 38.6455, 40.4974, 42.3503, 44.216, 46.0901, 47.9801, 49.8773, 51.7799, 53.6742, 55.5671, 57.4571, 59.3407, 61.2215, 63.1054, 64.9862, 66.8741, 68.7605, 70.643, 72.5234, 74.3947, 76.2649, 78.1407, 80.0106, 81.8749, 83.7364, 85.5938, 87.4477, 89.312, 91.1735, 93.0322, 94.8902]
growth_rate:0.14
