ticker:IUSG
price:[81.29000091552734, 79.0, 77.93000030517578, 78.2699966430664, 79.38999938964844, 82.69999694824219, 82.9000015258789, 82.25, 77.69999694824219, 84.44000244140625, 84.54000091552734, 83.81999969482422, 85.44999694824219, 86.83999633789062, 85.95999908447266, 87.61000061035156, 87.7300033569336, 88.69000244140625, 90.16000366210938, 87.91999816894531, 91.4800033569336, 88.36000061035156, 92.69999694824219, 93.7699966430664, 92.2300033569336, 88.58999633789062, 87.56999969482422, 89.52999877929688, 88.98999786376953, 90.05000305175781, 92.16999816894531, 95.77999877929688, 97.44000244140625, 97.30999755859375, 96.93000030517578, 96.55000305175781, 94.55999755859375, 94.4000015258789, 96.04000091552734, 96.12999725341797, 97.43000030517578, 97.5199966430664, 99.94999694824219, 102.58000183105469, 103.54000091552734, 102.70999908447266, 105.7300033569336, 104.61000061035156, 105.58000183105469, 106.0, 106.16000366210938, 107.8499984741211]
assets:[0, 99.9982, 198.64357077789307, 299.5079691543579, 403.7934148956299, 520.6295607879639, 621.8909414466857, 717.014375, 777.349619468689, 944.7822993164062, 1045.9035293266297, 1136.9931498603821, 1259.1057050323486, 1379.5836018218995, 1465.600792390442, 1593.731043103027, 1695.9174678932188, 1814.473283947754, 1944.5439109832762, 1996.2323504257204, 2177.059415888977, 2202.8059792160034, 2410.997140628052, 2538.822659111023, 2597.123110528564, 2594.6238127441407, 2664.7463337135314, 2824.3849654907226, 2907.347725208282, 3041.9791530914304, 3213.5991561584474, 3439.469334164429, 3599.0829061767577, 3694.276747314453, 3779.853212900543, 3865.0317921661376, 3885.366283685303, 3978.7901443130495, 4147.910015541077, 4251.8009395195, 4409.301836811066, 4513.371724636078, 4725.835755706787, 4950.182632360839, 5096.508049064636, 5155.651656044006, 5407.243831680298, 5449.961350798035, 5600.491197128296, 5722.770399999999, 5831.411465161133, 6024.242074768066]
shares:[0, 1.2658, 2.549, 3.8266, 5.0862, 6.2954, 7.5017, 8.7175, 10.0045, 11.1888, 12.3717, 13.5647, 14.735, 15.8865, 17.0498, 18.1912, 19.3311, 20.4586, 21.5677, 22.7051, 23.7982, 24.9299, 26.0086, 27.075, 28.1592, 29.288, 30.4299, 31.5468, 32.6705, 33.781, 34.866, 35.9101, 36.9364, 37.964, 38.9957, 40.0314, 41.0889, 42.1482, 43.1894, 44.2297, 45.2561, 46.2815, 47.282, 48.2568, 49.2226, 50.1962, 51.142, 52.0979, 53.045, 53.9884, 54.9304, 55.8576]
growth_rate:18.12
