ticker:IUSS
price:[23.1200008392334, 22.40999984741211, 22.959999084472656, 21.760000228881836, 22.90999984741211, 24.1299991607666, 24.280000686645508, 24.219999313354492, 22.579999923706055, 24.299999237060547, 25.690000534057617, 26.59000015258789, 27.700000762939453, 28.610000610351562, 28.579999923706055, 29.049999237060547, 29.290000915527344, 29.290000915527344, 30.93000030517578, 31.479999542236328, 32.150001525878906, 32.95000076293945, 33.0, 34.06999969482422, 33.959999084472656, 34.43000030517578, 35.2400016784668, 38.720001220703125, 38.900001525878906, 36.459999084472656, 37.0099983215332, 36.86000061035156, 37.27000045776367, 37.290000915527344, 37.0099983215332, 38.31999969482422, 37.68000030517578, 37.56999969482422, 38.779998779296875, 39.5, 39.7400016784668, 37.7599983215332, 39.22999954223633, 39.0, 38.72999954223633, 37.2400016784668, 38.08000183105469, 38.5099983215332, 38.630001068115234, 38.619998931884766, 37.779998779296875, 39.29999923706055]
assets:[0, 100.00014231910706, 202.45438392715454, 291.87341107006074, 407.2985592872619, 528.9874936019897, 632.2754978809356, 730.7125352840424, 781.234127360344, 940.7428804637909, 1094.555869754219, 1232.901196075058, 1384.3684781295776, 1529.8482576370238, 1628.2454656534194, 1755.0208439079286, 1869.5192494361877, 1969.5182415618897, 2179.794864507294, 2318.5554822849276, 2467.9016321296695, 2629.3112108802793, 2733.3008999999997, 2921.9249418273926, 3012.4896387863155, 3154.180529957581, 3328.3864425296783, 3757.0675424468996, 3874.533511981201, 3731.5022523002626, 3887.7929946819304, 3972.037351771545, 4116.218114556885, 4218.427624568939, 4286.753374588394, 4538.486643856048, 4562.686308953857, 4649.366359233856, 4899.10439178772, 5090.06085, 5220.989758514786, 5060.85929504013, 5357.880340480423, 5426.467799999999, 5488.900741124725, 5377.735542383194, 5599.039757226563, 5762.26260185051, 5880.220132587433, 5978.696380646897, 5948.657263793945, 6287.988087929916]
shares:[0, 4.4623, 8.8177, 13.4133, 17.7782, 21.9224, 26.041, 30.1698, 34.5985, 38.7137, 42.6063, 46.3671, 49.9772, 53.4725, 56.9715, 60.4138, 63.8279, 67.242, 70.4751, 73.6517, 76.7621, 79.797, 82.8273, 85.7624, 88.707, 91.6114, 94.4491, 97.0317, 99.6024, 102.3451, 105.0471, 107.7601, 110.4432, 113.1249, 115.8269, 118.4365, 121.0904, 123.7521, 126.3307, 128.8623, 131.3787, 134.027, 136.5761, 139.1402, 141.7222, 144.4075, 147.0336, 149.6303, 152.219, 154.8083, 157.4552, 159.9997]
growth_rate:23.29
