ticker:IUSV
price:[55.88999938964844, 54.97999954223633, 55.22999954223633, 53.2599983215332, 54.47999954223633, 56.470001220703125, 56.31999969482422, 56.5099983215332, 53.41999816894531, 56.130001068115234, 59.52000045776367, 59.369998931884766, 61.119998931884766, 62.18000030517578, 61.75, 61.45000076293945, 61.36000061035156, 62.189998626708984, 63.79999923706055, 63.689998626708984, 63.439998626708984, 61.31999969482422, 64.18000030517578, 65.23999786376953, 65.48999786376953, 65.0999984741211, 67.05999755859375, 69.29000091552734, 68.73999786376953, 69.37000274658203, 69.41000366210938, 70.2300033569336, 71.11000061035156, 71.12999725341797, 71.51000213623047, 73.58999633789062, 73.1500015258789, 72.6500015258789, 73.2300033569336, 73.87000274658203, 73.16000366210938, 70.06999969482422, 72.38999938964844, 72.61000061035156, 72.43000030517578, 71.41999816894531, 72.04000091552734, 72.44000244140625, 73.16000366210938, 73.98999786376953, 72.80000305175781, 74.06999969482422]
assets:[0, 99.99762316741943, 200.45176033859252, 293.30281075668336, 400.01939663887026, 514.6337091247559, 613.2684766769408, 715.3374647529602, 776.2246253936768, 915.6038034233094, 1070.9017042362213, 1168.205657983017, 1302.6383132354736, 1425.2277869949341, 1515.3697000000002, 1608.0051849643708, 1705.6484809661865, 1828.7217856178283, 1976.0646163696288, 2072.657256309128, 2164.522001144409, 2192.189989089966, 2394.433869385529, 2533.980233026886, 2643.693684764862, 2727.9503360595704, 2910.0820060546876, 3106.8527770507812, 3182.1944691070557, 3311.356270107269, 3413.2646940856935, 3553.58900885849, 3698.118247741699, 3799.1598483009334, 3919.456066086578, 4133.461786303711, 4208.751172792816, 4279.985949893188, 4414.1581423492435, 4552.73384827652, 4608.977806707764, 4514.308779338837, 4763.775928834534, 4878.252064006042, 4966.155727924346, 4996.907313890076, 5140.284593325806, 5268.82940557251, 5421.200167364502, 5582.700717816925, 5592.91119445343, 5790.481482142639]
shares:[0, 1.8188, 3.6294, 5.507, 7.3425, 9.1134, 10.889, 12.6586, 14.5306, 16.3122, 17.9923, 19.6767, 21.3128, 22.921, 24.5404, 26.1677, 27.7974, 29.4054, 30.9728, 32.5429, 34.1192, 35.75, 37.3081, 38.8409, 40.3679, 41.904, 43.3952, 44.8384, 46.2932, 47.7347, 49.1754, 50.5993, 52.0056, 53.4115, 54.8099, 56.1688, 57.5359, 58.9124, 60.278, 61.6317, 62.9986, 64.4257, 65.8071, 67.1843, 68.5649, 69.9651, 71.3532, 72.7337, 74.1006, 75.4521, 76.8257, 78.1758]
growth_rate:13.54
