ticker:IVA
price:[11.680000305175781, 11.800000190734863, 11.4399995803833, 11.279999732971191, 12.0, 13.239999771118164, 14.369999885559082, 13.949999809265137, 12.899999618530273, 13.279999732971191, 13.890000343322754, 13.420000076293945, 12.949999809265137, 12.380000114440918, 12.0, 12.239999771118164, 12.800000190734863, 14.5, 14.899999618530273, 15.869999885559082, 18.0, 14.710000038146973, 17.6200008392334, 16.850000381469727, 16.40999984741211, 15.0, 14.199999809265137, 13.3149995803833, 12.550000190734863, 14.229999542236328, 14.449999809265137, 14.437999725341797, 13.34000015258789, 13.0, 13.425000190734863, 14.399999618530273, 14.199999809265137, 14.850000381469727, 13.65999984741211, 13.75, 15.670000076293945, 14.529999732971191, 13.699999809265137, 14.25, 14.0, 14.350000381469727, 13.859999656677246, 13.4399995803833, 11.210000038146973, 10.899999618530273, 10.805000305175781, 12.560999870300293]
assets:[0, 100.00028161640168, 196.9498887759209, 294.19480103559494, 412.9728, 555.6470423944473, 703.0694884008408, 782.5210543007851, 823.621115644455, 947.8825569403648, 1091.422055976963, 1154.4917405633926, 1214.0585971186638, 1260.6207476531984, 1321.926, 1448.3640689163208, 1614.6291440598488, 1929.07275, 2082.2883566892624, 2317.8468102856637, 2728.9386, 2330.1493240427017, 2891.110881702423, 2864.767979855919, 2889.9601501277925, 2741.6459999999997, 2695.4255037949565, 2627.4355521974567, 2576.478644157314, 3021.377537805557, 3168.088763182354, 3265.458279680252, 3117.1231516548155, 3137.6761, 3340.254159956455, 3682.8416624380116, 3731.691789875794, 4002.50872281723, 3781.768225756073, 3906.684375, 4552.199269163704, 4321.024312589264, 4174.194031885814, 4441.7706, 4463.8454, 4675.441069288445, 4615.791527663326, 4575.919345133018, 3916.6708813282016, 3908.359453218269, 3974.2962927497865, 4720.187604461288]
shares:[0, 8.4746, 17.2159, 26.0811, 34.4144, 41.9673, 48.9262, 56.0947, 63.8466, 71.3767, 78.5761, 86.0277, 93.7497, 101.8272, 110.1605, 118.3304, 126.1429, 133.0395, 139.7509, 146.0521, 151.6077, 158.4058, 164.0812, 170.0159, 176.1097, 182.7764, 189.8187, 197.329, 205.2971, 212.3245, 219.2449, 226.1711, 233.6674, 241.3597, 248.8085, 255.7529, 262.7952, 269.5292, 276.8498, 284.1225, 290.5041, 297.3864, 304.6857, 311.7032, 318.8461, 325.8147, 333.0297, 340.4702, 349.3908, 358.5651, 367.8201, 375.7812]
growth_rate:-7.45
