ticker:IVAC
price:[6.260000228881836, 6.050000190734863, 6.519999980926514, 5.489999771118164, 5.440000057220459, 5.5, 5.610000133514404, 5.889999866485596, 5.28000020980835, 5.090000152587891, 5.679999828338623, 6.039999961853027, 6.03000020980835, 6.380000114440918, 6.449999809265137, 7.53000020980835, 7.369999885559082, 7.210000038146973, 7.440000057220459, 7.309999942779541, 7.0, 6.699999809265137, 6.739999771118164, 6.739999771118164, 6.539999961853027, 6.369999885559082, 6.550000190734863, 6.429999828338623, 5.949999809265137, 5.75, 8.140000343322754, 7.25, 6.989999771118164, 6.849999904632568, 6.409999847412109, 5.860000133514404, 5.889999866485596, 5.75, 6.949999809265137, 6.190000057220459, 6.260000228881836, 6.679999828338623, 6.690000057220459, 6.579999923706055, 6.159999847412109, 5.980000019073486, 6.380000114440918, 6.5, 5.25, 5.090000152587891, 4.889999866485596, 4.980000019073486]
assets:[0, 99.99984815263748, 207.76827539219855, 274.945776537323, 372.4419879175186, 476.5497, 586.0806409483432, 715.3322377848625, 741.2486694545746, 814.5751204193116, 1008.9951695060729, 1172.945644591999, 1271.003444223404, 1444.7765459156037, 1560.628408850193, 1921.9429465510846, 1981.104611237526, 2038.0954127832413, 2203.1112409439565, 2264.6160522732735, 2268.5789, 2271.3542053393367, 2384.9145450113297, 2484.9145736154555, 2511.1781733526227, 2545.9029502613066, 2717.8439791431424, 2768.0512691014765, 2661.415874684906, 2671.956575, 3882.5611977557182, 3558.05495, 3530.455960398102, 3559.7456154403208, 3431.0902333240506, 3236.6907917448525, 3353.260561988354, 3373.556625, 4177.603185350418, 3820.771964319277, 3963.979254933357, 4329.933136730194, 4436.41533494525, 4463.4699102468485, 4278.567726016618, 4253.544711566878, 4638.062941195011, 4825.29905, 3997.356825, 3975.5329121784207, 3919.3231569885256, 4091.457957670355]
shares:[0, 16.5289, 31.8663, 50.0812, 68.4636, 86.6454, 104.4707, 121.4486, 140.388, 160.0344, 177.64, 194.1963, 210.78, 226.454, 241.9579, 255.2381, 268.8066, 282.6762, 296.1171, 309.797, 324.0827, 339.0081, 353.8449, 368.6817, 383.9722, 399.6708, 414.938, 430.4901, 447.2968, 464.6881, 476.9731, 490.7662, 505.0724, 519.6709, 535.2715, 552.3363, 569.3142, 586.7055, 601.094, 617.2491, 633.2235, 648.1936, 663.1413, 678.3389, 694.5727, 711.2951, 726.9691, 742.3537, 761.4013, 781.0477, 801.4976, 821.5779]
growth_rate:-19.78
