ticker:IXUS
price:[58.959999084472656, 58.939998626708984, 59.400001525878906, 57.4900016784668, 58.4900016784668, 60.34000015258789, 59.619998931884766, 60.040000915527344, 57.099998474121094, 61.36000061035156, 63.25, 64.30999755859375, 65.58999633789062, 66.5999984741211, 66.29000091552734, 66.69999694824219, 66.33000183105469, 67.19000244140625, 70.08000183105469, 69.0999984741211, 70.1500015258789, 67.30999755859375, 70.16999816894531, 71.95999908447266, 71.77999877929688, 68.91999816894531, 69.55000305175781, 70.8499984741211, 70.95999908447266, 70.69000244140625, 71.19999694824219, 71.86000061035156, 73.01000213623047, 72.95999908447266, 72.2699966430664, 74.0199966430664, 72.72000122070312, 73.12999725341797, 74.41000366210938, 75.4800033569336, 74.69000244140625, 72.55999755859375, 74.11000061035156, 73.52999877929688, 73.19999694824219, 72.25, 72.58000183105469, 72.44000244140625, 73.0, 73.56999969482422, 71.38999938964844, 73.22000122070312]
assets:[0, 99.99760167007447, 200.7779451576233, 294.3200635929108, 399.43991946258546, 512.0754112949371, 605.9657451438904, 710.2371868301392, 775.4579492774964, 933.3101532836914, 1062.05605, 1179.8569392089844, 1303.3388172302245, 1423.408467388153, 1516.7815109481812, 1626.1659355972288, 1717.1444544021606, 1839.4069448364257, 2018.5213007400514, 2090.2956838417053, 2222.057418333435, 2232.1004840393066, 2426.9416586700436, 2588.8545150627137, 2682.3754863830563, 2675.5018969177245, 2799.9579328582763, 2952.2910964172365, 3056.871608560181, 3145.238554626465, 3267.930339930725, 3398.22349886322, 3552.6082959472656, 3650.17416219635, 3715.6534724082944, 3905.628112873077, 3937.031778088379, 4059.226757545471, 4230.275677194214, 4391.109579292298, 4445.15308829956, 4418.388675335693, 4612.7694799896235, 4676.6696883605955, 4755.679361732483, 4793.9609, 4915.8580400177, 5006.379276727294, 5145.083799999999, 5285.254064076233, 5228.646389297485, 5462.673377072144]
shares:[0, 1.6966, 3.3801, 5.1195, 6.8292, 8.4865, 10.1638, 11.8294, 13.5807, 15.2104, 16.7914, 18.3464, 19.871, 21.3725, 22.881, 24.3803, 25.8879, 27.3762, 28.8031, 30.2503, 31.6758, 33.1615, 34.5866, 35.9763, 37.3694, 38.8204, 40.2582, 41.6696, 43.0788, 44.4934, 45.8979, 47.2895, 48.6592, 50.0298, 51.4135, 52.7645, 54.1396, 55.507, 56.8509, 58.1758, 59.5147, 60.8929, 62.2422, 63.6022, 64.9683, 66.3524, 67.7302, 69.1107, 70.4806, 71.8398, 73.2406, 74.6063]
growth_rate:7.11
