ticker:IZEA
price:[1.0099999904632568, 0.9480000138282776, 0.9909999966621399, 0.9760000109672546, 0.9300000071525574, 0.9380000233650208, 0.9269999861717224, 0.8009999990463257, 0.7200000286102295, 0.7250000238418579, 0.7369999885559082, 0.7630000114440918, 0.9909999966621399, 0.875, 0.8519999980926514, 0.9940000176429749, 1.8799999952316284, 1.8200000524520874, 2.25, 3.2049999237060547, 4.710000038146973, 4.789999961853027, 4.860000133514404, 4.78000020980835, 4.340000152587891, 4.010000228881836, 3.319999933242798, 4.440000057220459, 4.519999980926514, 4.050000190734863, 3.8499999046325684, 5.110000133514404, 3.740000009536743, 3.7899999618530273, 3.6700000762939453, 3.549999952316284, 2.2799999713897705, 2.8399999141693115, 2.7799999713897705, 2.9000000953674316, 2.7699999809265137, 2.559999942779541, 2.5999999046325684, 2.3499999046325684, 2.509999990463257, 2.1500000953674316, 2.190000057220459, 2.25, 2.259999990463257, 2.059999942779541, 2.0199999809265137, 2.2799999713897705]
assets:[0, 99.99997105867864, 204.5358587110877, 301.4399457872629, 387.23275197817685, 490.56378801965116, 584.8109192762375, 605.3220271793008, 644.1097215946198, 748.5826796173811, 860.9729676308632, 991.3465346690177, 1387.5811501263856, 1325.1599375, 1390.3271656875133, 1722.0483725654483, 3356.992851485431, 3349.854968542242, 4241.304, 6141.50161980362, 9125.420659908104, 9380.41691129551, 9617.500434212923, 9559.187819581031, 8779.262618665694, 8211.715360706328, 6898.726465283227, 9326.00788818884, 9594.043931515074, 8696.433784558772, 8366.97956774354, 11205.264502771855, 8301.113281167269, 8512.09053232441, 8342.578847430039, 8169.796650263023, 5347.080556902981, 6760.3985596867315, 6717.573304866433, 7107.540923733759, 6888.926796564674, 6466.661487458849, 6667.702875430107, 6126.577591371918, 6643.7064247572425, 5790.824446863269, 5998.560609730768, 6262.904475, 6390.739607032371, 5925.18731141653, 5910.13533619461, 6770.845691037082]
shares:[0, 105.4852, 206.3934, 308.8524, 416.3793, 522.9891, 630.864, 755.7079, 894.5968, 1032.5278, 1168.213, 1299.2746, 1400.1828, 1514.4685, 1631.8394, 1732.443, 1785.6345, 1840.5796, 1885.024, 1916.2252, 1937.4566, 1958.3334, 1978.9095, 1999.83, 2022.8715, 2047.8092, 2077.9297, 2100.4522, 2122.5761, 2147.2675, 2173.2415, 2192.811, 2219.549, 2245.9342, 2273.1822, 2301.3512, 2345.2108, 2380.4221, 2416.3933, 2450.8761, 2486.9772, 2526.0397, 2564.5012, 2607.0544, 2646.895, 2693.4066, 2739.0687, 2783.5131, 2827.7609, 2876.3046, 2925.8096, 2969.6692]
growth_rate:32.76
