ticker:JACK
price:[83.31999969482422, 82.47000122070312, 80.61000061035156, 80.23999786376953, 83.5199966430664, 84.29000091552734, 87.41000366210938, 87.70999908447266, 80.05999755859375, 84.33000183105469, 83.70999908447266, 91.23999786376953, 91.72000122070312, 92.69000244140625, 89.38999938964844, 91.8499984741211, 95.18000030517578, 92.80000305175781, 97.38999938964844, 99.55000305175781, 101.70999908447266, 94.13999938964844, 101.55999755859375, 100.54000091552734, 99.18000030517578, 102.3499984741211, 99.12999725341797, 105.48999786376953, 116.83000183105469, 111.87999725341797, 113.66999816894531, 114.7300033569336, 117.94999694824219, 116.2699966430664, 120.6500015258789, 121.37000274658203, 118.91999816894531, 115.04000091552734, 113.5999984741211, 114.19999694824219, 119.12999725341797, 116.23999786376953, 120.08000183105469, 111.25, 109.25, 104.93000030517578, 109.54000091552734, 108.86000061035156, 101.4000015258789, 102.8499984741211, 103.30999755859375, 106.8499984741211]
assets:[0, 100.0031234802246, 197.74439249725341, 296.839848097229, 408.9723675621033, 512.7445045692443, 631.7208374664307, 733.8871043395997, 769.8809545227051, 910.9411127792358, 1004.2437460166932, 1194.5779200309753, 1300.8647773132325, 1414.6255482604981, 1464.2618240020754, 1604.5551783439637, 1762.724087651825, 1818.6480598068238, 2008.6005644119264, 2153.1471060058593, 2299.8664992980957, 2228.689173550415, 2504.3476677978515, 2579.1928594863894, 2644.307414136505, 2828.8209028266906, 2839.826596317291, 3122.0292317771914, 3557.6371177581786, 3506.9008899078367, 3663.0043239944457, 3797.1615561027525, 4003.7300814102173, 4046.7074711639407, 4299.145634371948, 4424.798327132416, 4435.478091705322, 4390.766226943207, 4435.8073004180915, 4559.240738163757, 4856.060339041901, 4838.257431083679, 5098.092541738892, 4823.210375000001, 4836.4975, 4745.2494038009645, 5053.726528238678, 5122.352898719787, 4871.3270533042905, 5040.986975212097, 5163.536987976075, 5440.470687306976]
shares:[0, 1.2126, 2.4531, 3.6994, 4.8967, 6.0831, 7.2271, 8.3672, 9.6163, 10.8021, 11.9967, 13.0927, 14.183, 15.2619, 16.3806, 17.4693, 18.5199, 19.5975, 20.6243, 21.6288, 22.612, 23.6742, 24.6588, 25.6534, 26.6617, 27.6387, 28.6475, 29.5955, 30.4514, 31.3452, 32.2249, 33.0965, 33.9443, 34.8044, 35.6332, 36.4571, 37.298, 38.1673, 39.0476, 39.9233, 40.7627, 41.623, 42.4558, 43.3547, 44.27, 45.223, 46.1359, 47.0545, 48.0407, 49.013, 49.981, 50.9169]
growth_rate:6.68
