ticker:JAGX
price:[0.3149999976158142, 0.4059999883174896, 0.3580000102519989, 0.31200000643730164, 0.30000001192092896, 0.32199999690055847, 0.30300000309944153, 0.2639999985694885, 0.19900000095367432, 0.20600000023841858, 0.20200000703334808, 0.20600000023841858, 0.20999999344348907, 0.34200000762939453, 0.3449999988079071, 0.3400000035762787, 0.7149999737739563, 0.8149999976158142, 4.0, 3.299999952316284, 3.240000009536743, 2.819999933242798, 2.7200000286102295, 2.859999895095825, 2.859999895095825, 2.0999999046325684, 1.600000023841858, 2.1700000762939453, 2.140000104904175, 1.840000033378601, 1.9800000190734863, 1.850000023841858, 1.2999999523162842, 1.6200000047683716, 1.5099999904632568, 1.309999942779541, 1.2699999809265137, 1.3300000429153442, 1.600000023841858, 1.7699999809265137, 1.909999966621399, 1.6200000047683716, 1.7400000095367432, 1.5199999809265137, 1.649999976158142, 1.309999942779541, 1.5, 1.399999976158142, 1.3600000143051147, 1.2400000095367432, 1.1299999952316284, 1.2200000286102295]
assets:[0, 99.9999895225346, 188.17733538880944, 263.9981190469086, 353.84434406051037, 479.7929075817078, 551.4821549412102, 580.4993008545041, 537.5733489762306, 656.4829637597949, 743.735745895803, 858.4631623935611, 975.1323235549241, 1688.072741857815, 1802.8803627704324, 1876.7516717405497, 4046.698150067991, 4712.670085713643, 23229.6692, 19264.476711635805, 19014.213835967184, 16649.40791586244, 16159.003913967943, 17090.716445116235, 17190.71634144826, 12722.553742229842, 9793.374865932656, 13382.264827500343, 13297.256805840037, 11533.154985217703, 12510.677640516282, 11789.269636934101, 8384.351252463817, 10548.191983047962, 9931.956685272504, 8716.46543626704, 8550.314114587163, 9054.2664291556, 10992.350403798782, 12260.287364883374, 13330.027478048338, 11406.096843573154, 12350.992999694396, 10889.373039356375, 11920.701037750507, 9564.31390523324, 11051.505000000001, 10414.737862638069, 10217.174187469005, 9415.658840415095, 8680.398707370472, 9471.75814212227]
shares:[0, 246.3054, 525.635, 846.1478, 1179.4811, 1490.0401, 1820.0731, 2198.861, 2701.3736, 3186.8105, 3681.86, 4167.2969, 4643.4874, 4935.8851, 5225.7402, 5519.8578, 5659.7179, 5782.4173, 5807.4173, 5837.7203, 5868.5845, 5904.0455, 5940.8102, 5975.7752, 6010.7402, 6058.3592, 6120.8592, 6166.9421, 6213.6711, 6268.0189, 6318.524, 6372.5781, 6449.5012, 6511.2296, 6577.4548, 6653.7907, 6732.5309, 6807.7189, 6870.2189, 6926.7161, 6979.0721, 7040.8005, 7098.2718, 7164.0613, 7224.6674, 7301.0033, 7367.67, 7439.0986, 7512.628, 7593.2732, 7681.7688, 7763.736]
growth_rate:85.72
