ticker:JAKK
price:[4.019999980926514, 4.119999885559082, 4.090000152587891, 3.819999933242798, 3.9600000381469727, 3.9800000190734863, 4.269999980926514, 4.550000190734863, 4.559999942779541, 4.75, 5.0, 4.989999771118164, 5.409999847412109, 4.949999809265137, 4.840000152587891, 4.949999809265137, 5.099999904632568, 4.980000019073486, 5.039999961853027, 5.96999979019165, 6.309999942779541, 7.809999942779541, 8.779999732971191, 9.100000381469727, 8.979999542236328, 7.980000019073486, 7.21999979019165, 9.3100004196167, 8.289999961853027, 7.599999904632568, 7.590000152587891, 7.150000095367432, 6.409999847412109, 7.039999961853027, 9.390000343322754, 9.380000114440918, 8.449999809265137, 9.210000038146973, 8.579999923706055, 11.170000076293945, 12.670000076293945, 10.699999809265137, 11.489999771118164, 12.100000381469727, 11.319999694824219, 9.489999771118164, 10.699999809265137, 13.119999885559082, 13.949999809265137, 12.489999771118164, 12.5600004196167, 13.979999542236328]
assets:[0, 99.99981322231292, 199.27176043434142, 286.1168489999056, 396.6027158205032, 498.6056463894844, 634.9361871638298, 776.5712825536729, 878.277876979065, 1014.87265, 1168.287, 1265.9504669332505, 1472.5034964683534, 1447.299754232216, 1515.1378477668763, 1649.572586438179, 1799.559446349144, 1857.2168051131723, 1979.5930410167696, 2444.8749100778577, 2684.1143326598644, 3422.176402927208, 3947.2095539523125, 4191.071605688668, 4235.804720075988, 3864.1115192358493, 3596.1006734997272, 4737.0771735076905, 4318.084403130054, 4058.678109070301, 4153.337645497894, 4012.564323519993, 3697.2776559875488, 4160.6603934550285, 5649.517181560994, 5743.500700073719, 5274.048790953254, 5848.401600223541, 5548.347898663712, 7323.199494019318, 8406.619803621483, 7199.513061663723, 7831.065645004463, 8346.815003145217, 7908.7551427879325, 6730.219580679131, 7688.3404129500395, 9527.199436897754, 10229.911510128975, 9259.25399632225, 9411.148026416779, 10575.146887725448]
shares:[0, 24.2718, 48.7217, 74.8997, 100.1522, 125.2778, 148.697, 170.675, 192.6048, 213.6574, 233.6574, 253.6975, 272.1818, 292.3838, 313.045, 333.247, 352.8548, 372.9351, 392.7764, 409.5268, 425.3747, 438.1788, 449.5683, 460.5573, 471.6932, 484.2245, 498.0749, 508.816, 520.8787, 534.0366, 547.2118, 561.1978, 576.7984, 591.0029, 601.6525, 612.3135, 624.1478, 635.0056, 646.6606, 655.6132, 663.5059, 672.8517, 681.5549, 689.8194, 698.6533, 709.1907, 718.5365, 726.1585, 733.327, 741.3334, 749.2952, 756.4483]
growth_rate:107.36
