ticker:JAMF
price:[36.65999984741211, 33.060001373291016, 33.2599983215332, 34.2400016784668, 34.09000015258789, 34.58000183105469, 34.31999969482422, 33.02000045776367, 32.599998474121094, 36.75, 35.33000183105469, 31.40999984741211, 30.889999389648438, 31.479999542236328, 32.22999954223633, 33.65999984741211, 32.04999923706055, 29.920000076293945, 33.599998474121094, 33.439998626708984, 34.13999938964844, 36.93000030517578, 39.45000076293945, 39.97999954223633, 40.5099983215332, 37.400001525878906, 35.099998474121094, 38.650001525878906, 36.36000061035156, 35.09000015258789, 36.93000030517578, 37.5, 36.18000030517578, 37.5, 36.52000045776367, 32.9900016784668, 28.639999389648438, 30.3799991607666, 34.68000030517578, 35.869998931884766, 31.809999465942383, 32.5099983215332, 34.5099983215332, 33.61000061035156, 33.290000915527344, 30.579999923706055, 31.709999084472656, 32.810001373291016, 32.290000915527344, 33.119998931884766, 32.869998931884766, 34.310001373291016]
assets:[0, 99.99989215393066, 200.60435387649534, 306.51649502563475, 405.17328781356815, 510.99560305786133, 607.1551146011352, 684.1578994846344, 775.4561637039184, 974.1726749999999, 1036.5327917205811, 1021.5254380374909, 1104.6140221740723, 1225.7115581764222, 1354.9137277561188, 1515.0298611320495, 1542.5632582798005, 1540.0452359270096, 1829.4627969184876, 1920.7500491199492, 2060.956655154419, 2329.3819272491455, 2588.334275056839, 2723.1097328208925, 2859.20783453331, 2739.7034517768857, 2671.218693875885, 3041.3840800720213, 2961.1839017074585, 2957.7536578617096, 3212.847245549774, 3362.4375000000005, 3344.0812482070924, 3566.08875, 3572.8940727848053, 3327.5398182987215, 2988.775824305725, 3270.3552636579516, 3833.2428577316286, 4064.7739309616086, 3704.697510801888, 3886.222442357254, 4225.30066449356, 4215.107479545593, 4274.975415568542, 4026.9670439531324, 4275.773105550385, 4524.098907360077, 4552.396092075348, 4769.412326187134, 4833.411723937606, 5145.158684939957]
shares:[0, 3.0248, 6.0314, 8.952, 11.8854, 14.7772, 17.691, 20.7195, 23.787, 26.5081, 29.3386, 32.5223, 35.7596, 38.9362, 42.0389, 45.0098, 48.1299, 51.4721, 54.4483, 57.4387, 60.3678, 63.0756, 65.6105, 68.1118, 70.5803, 73.2541, 76.1031, 78.6904, 81.4407, 84.2905, 86.9983, 89.665, 92.429, 95.0957, 97.8339, 100.8651, 104.3567, 107.6483, 110.5318, 113.3196, 116.4633, 119.5393, 122.437, 125.4123, 128.4162, 131.6863, 134.8399, 137.8878, 140.9847, 144.004, 147.0463, 149.9609]
growth_rate:0.89
