ticker:JAN
price:[6.0, 5.909999847412109, 4.679999828338623, 4.28000020980835, 4.480000019073486, 4.340000152587891, 4.409999847412109, 4.269999980926514, 3.6600000858306885, 3.799999952316284, 4.079999923706055, 4.440000057220459, 4.5, 4.420000076293945, 4.460000038146973, 4.199999809265137, 3.940000057220459, 4.889999866485596, 4.889999866485596, 5.429999828338623, 5.519999980926514, 9.010000228881836, 8.539999961853027, 8.869999885559082, 8.199999809265137, 8.460000038146973, 7.769999980926514, 9.210000038146973, 9.0, 7.869999885559082, 8.800000190734863, 9.460000038146973, 8.5600004196167, 7.289999961853027, 6.920000076293945, 6.96999979019165, 6.710000038146973, 6.610000133514404, 6.889999866485596, 6.989999771118164, 8.930000305175781, 8.1899995803833, 8.579999923706055, 7.579999923706055, 7.5, 7.019999980926514, 7.159999847412109, 7.289999961853027, 7.099999904632568, 6.059999942779541, 6.269999980926514, 6.849999904632568]
assets:[0, 100.0001524181366, 179.18783342742918, 263.8727129352093, 376.20307360167504, 464.44685232925417, 571.9377312107086, 653.7809780796528, 660.3836974866629, 785.6442901414633, 943.5338463563919, 1126.786766521454, 1242.0135, 1319.9331307834627, 1431.8781062470437, 1448.4052142234802, 1458.7420751852512, 1910.469157837391, 2010.4691661070347, 2332.48411926198, 2471.143911461353, 4133.516003004074, 4017.894058052635, 4273.152602867699, 4050.3776057868004, 4278.8040672935485, 4029.8234661077495, 4876.663706198692, 4865.469300000001, 4354.582690678215, 4969.164747703743, 5441.851777943993, 5024.127894285964, 4378.725355087089, 4256.485818928337, 4387.24057893691, 4323.584498579979, 4359.149668049812, 4643.803412012387, 4811.20286246109, 6246.501279469299, 5828.8734793561935, 6206.439040811921, 5583.077747805405, 5624.15325, 5364.207327425337, 5571.185857271576, 5772.338609794617, 5721.893473143339, 4983.757284941768, 5256.462008009719, 5842.705363656378]
shares:[0, 16.9205, 38.288, 61.6525, 83.9739, 107.0154, 129.6911, 153.1103, 180.4327, 206.7485, 231.2583, 253.7808, 276.003, 298.6274, 321.0489, 344.8584, 370.2391, 390.689, 411.1389, 429.5551, 447.671, 458.7698, 470.4794, 481.7534, 493.9485, 505.7688, 518.6388, 529.4966, 540.6077, 553.3142, 564.6778, 575.2486, 586.9308, 600.6482, 615.0991, 629.4463, 644.3494, 659.478, 673.9918, 688.298, 699.4962, 711.7062, 723.3612, 736.5538, 749.8871, 764.1321, 778.0986, 791.816, 805.9005, 822.4022, 838.3512, 852.9497]
growth_rate:14.56
