ticker:JAZZ
price:[131.6999969482422, 136.8000030517578, 141.89999389648438, 139.5800018310547, 143.5, 155.41000366210938, 149.97000122070312, 150.25999450683594, 144.10000610351562, 148.7100067138672, 147.11000061035156, 143.10000610351562, 143.27999877929688, 150.7100067138672, 145.5500030517578, 150.60000610351562, 157.27999877929688, 165.0500030517578, 161.39999389648438, 167.7100067138672, 168.64999389648438, 155.5, 156.91000366210938, 167.52000427246094, 160.60000610351562, 168.0399932861328, 164.75, 167.52000427246094, 172.35000610351562, 168.4199981689453, 165.1999969482422, 161.39999389648438, 168.89999389648438, 166.72999572753906, 164.39999389648438, 174.58999633789062, 179.1699981689453, 180.0, 178.1300048828125, 173.57000732421875, 186.1699981689453, 177.27999877929688, 181.0800018310547, 181.5, 183.99000549316406, 175.41000366210938, 173.92999267578125, 169.52000427246094, 150.0399932861328, 142.16000366210938, 133.5, 133.14999389648438]
assets:[0, 100.00080223083496, 203.7258212371826, 300.3901219406128, 408.8315, 542.769437789917, 623.7702260772705, 724.974421496582, 795.259113684082, 920.6933935668945, 1010.7928141937257, 1083.2384262023925, 1184.5960459075927, 1346.0212119628907, 1399.929039352417, 1548.4993827575684, 1717.1830266723632, 1902.0197301681517, 1959.9608258819578, 2136.5919435333253, 2248.5597736236573, 2173.2369, 2292.9415745147703, 2547.979264984131, 2542.7317166351318, 2760.527401705933, 2806.4833000000003, 2953.6624593307492, 3138.821076156616, 3167.2559595657353, 3206.697140762329, 3232.93871774292, 3483.173904129028, 3538.4273343276977, 3588.983386755371, 3911.4444419555666, 4114.047746955872, 4233.114, 4289.138948571777, 4279.333816577148, 4689.975976872253, 4566.023648559571, 4763.888904171753, 4874.9448, 5041.822923527527, 4906.7089504394535, 4965.3012519104, 4939.406076489257, 4471.806963899231, 4336.946311721802, 4172.7561, 4261.811744641112]
shares:[0, 0.731, 1.4357, 2.1521, 2.849, 3.4925, 4.1593, 4.8248, 5.5188, 6.1912, 6.871, 7.5698, 8.2677, 8.9312, 9.6182, 10.2822, 10.918, 11.5239, 12.1435, 12.7398, 13.3327, 13.9758, 14.6131, 15.21, 15.8327, 16.4278, 17.0348, 17.6317, 18.2119, 18.8057, 19.411, 20.0306, 20.6227, 21.2225, 21.8308, 22.4036, 22.9617, 23.5173, 24.0787, 24.6548, 25.1919, 25.756, 26.3082, 26.8592, 27.4027, 27.9728, 28.5477, 29.1376, 29.8041, 30.5075, 31.2566, 32.0076]
growth_rate:-16.44
