ticker:JBHT
price:[136.6199951171875, 135.1199951171875, 131.6199951171875, 129.3300018310547, 127.48999786376953, 135.22000122070312, 128.0399932861328, 128.97000122070312, 121.73999786376953, 124.55000305175781, 129.14999389648438, 133.83999633789062, 135.2899932861328, 137.24000549316406, 138.88999938964844, 140.4600067138672, 137.4199981689453, 136.64999389648438, 149.35000610351562, 151.50999450683594, 146.13999938964844, 134.66000366210938, 144.64999389648438, 148.32000732421875, 146.55999755859375, 146.8699951171875, 155.6300048828125, 162.8300018310547, 162.30999755859375, 166.89999389648438, 169.8000030517578, 169.50999450683594, 172.16000366210938, 169.1999969482422, 170.7100067138672, 178.27000427246094, 176.49000549316406, 170.69000244140625, 171.5399932861328, 167.0800018310547, 165.25, 155.88999938964844, 162.0, 165.30999755859375, 165.77999877929688, 164.9499969482422, 167.25, 168.4499969482422, 167.0500030517578, 175.61000061035156, 174.49000549316406, 179.55999755859375]
assets:[0, 100.00230838623047, 197.41683067626954, 293.9800271621704, 389.80066846847535, 513.4303446350098, 586.1670892639161, 690.428004534912, 751.7201388092042, 869.0725562942505, 1001.1707526855469, 1137.532896875, 1249.8630739746095, 1367.8848587509156, 1484.3313124771116, 1601.103616531372, 1666.4510917953492, 1757.1139465179442, 2020.4218175689698, 2149.638953062439, 2173.4525269226074, 2102.715957183838, 2358.706195474243, 2518.5478843688966, 2588.65992487793, 2694.139129431152, 2954.8223987060546, 3191.5168848892213, 3281.3238346435546, 3474.1235129516604, 3634.48416532135, 3728.270623181152, 3886.5637306732174, 3919.7378893020627, 4054.7211504684446, 4334.278613876342, 4391.000740667725, 4346.706257171631, 4468.359515113831, 4452.180808792114, 4503.409525, 4348.3332869750975, 4618.7658, 4813.132826916504, 4926.815783721924, 5002.141647454834, 5171.888475000001, 5308.988018818664, 5364.860963008117, 5739.760186949157, 5803.153704690552, 6071.76744944458]
shares:[0, 0.7401, 1.4999, 2.2731, 3.0575, 3.797, 4.578, 5.3534, 6.1748, 6.9777, 7.752, 8.4992, 9.2384, 9.9671, 10.6871, 11.399, 12.1267, 12.8585, 13.5281, 14.1881, 14.8724, 15.615, 16.3063, 16.9805, 17.6628, 18.3437, 18.9862, 19.6003, 20.2164, 20.8156, 21.4045, 21.9944, 22.5753, 23.1663, 23.7521, 24.313, 24.8796, 25.4655, 26.0485, 26.647, 27.2521, 27.8936, 28.5109, 29.1158, 29.719, 30.3252, 30.9231, 31.5167, 32.1153, 32.6847, 33.2578, 33.8147]
growth_rate:19.05
