ticker:JBLU
price:[12.130000114440918, 12.34000015258789, 12.649999618530273, 11.529999732971191, 11.770000457763672, 12.739999771118164, 12.239999771118164, 13.430000305175781, 11.970000267028809, 12.350000381469727, 14.15999984741211, 14.510000228881836, 15.710000038146973, 15.609999656677246, 14.800000190734863, 14.350000381469727, 14.430000305175781, 14.539999961853027, 14.6899995803833, 14.930000305175781, 15.289999961853027, 14.34000015258789, 15.800000190734863, 16.450000762939453, 17.389999389648438, 18.43000030517578, 18.6299991607666, 20.43000030517578, 21.0, 19.690000534057617, 20.3700008392334, 21.059999465942383, 20.299999237060547, 20.280000686645508, 20.360000610351562, 19.559999465942383, 19.68000030517578, 19.399999618530273, 20.100000381469727, 19.059999465942383, 18.649999618530273, 17.309999465942383, 17.18000030517578, 17.100000381469727, 16.469999313354492, 14.84000015258789, 15.529999732971191, 14.789999961853027, 15.25, 15.350000381469727, 14.15999984741211, 15.420000076293945]
assets:[0, 99.99965923652648, 202.51131389312746, 284.58114740924833, 390.5050751876831, 522.6877926095962, 602.1737167396545, 760.7181932861328, 778.0188953561783, 902.7183378833771, 1135.0188597690583, 1263.0737549238206, 1467.5323725634576, 1558.1917267294882, 1577.3381403279304, 1629.3779683141709, 1738.4615017662047, 1851.7140691418647, 1970.817688704014, 2103.015954986572, 2253.7245883771893, 2213.695937555313, 2539.0789906513214, 2743.5344172431946, 3000.3070286956786, 3279.738349308014, 3415.3296921482083, 3845.31422743988, 4052.5989, 3899.7936297752376, 4134.474626338196, 4374.5220150671, 4316.656797766113, 4412.404925396347, 4529.811023794556, 4451.822626449394, 4579.134599008178, 4613.983389273453, 4880.467022624397, 4727.945321523857, 4726.241873328781, 4486.661849575043, 4552.966370876312, 4631.765953326225, 4561.120906843757, 4209.716267285156, 4505.451706531525, 4390.767927675151, 4627.3303750000005, 4757.674288235092, 4488.837479628372, 4988.2682526805875]
shares:[0, 8.1037, 16.0088, 24.6818, 33.178, 41.0273, 49.1972, 56.6432, 64.9974, 73.0946, 80.1567, 87.0485, 93.4139, 99.8201, 106.5769, 113.5455, 120.4755, 127.3531, 134.1605, 140.8584, 147.3986, 154.3721, 160.7012, 166.7802, 172.5306, 177.9565, 183.3242, 188.219, 192.9809, 198.0596, 202.9688, 207.7171, 212.6432, 217.5742, 222.4858, 227.5983, 232.6796, 237.8342, 242.8093, 248.0559, 253.4178, 259.1948, 265.0155, 270.8635, 276.9351, 283.6736, 290.1128, 296.8741, 303.4315, 309.9462, 317.0083, 323.4934]
growth_rate:-2.19
