ticker:JBSS
price:[80.69999694824219, 76.68000030517578, 75.62999725341797, 74.05999755859375, 75.79000091552734, 76.88999938964844, 76.5, 76.36000061035156, 72.76000213623047, 74.1500015258789, 76.58999633789062, 75.6500015258789, 74.87000274658203, 76.25, 76.95999908447266, 77.76000213623047, 78.62999725341797, 78.86000061035156, 82.33000183105469, 79.63999938964844, 78.47000122070312, 80.43000030517578, 86.87999725341797, 90.97000122070312, 90.08000183105469, 86.45999908447266, 89.91999816894531, 91.62000274658203, 90.12000274658203, 90.69000244140625, 90.41999816894531, 89.9800033569336, 92.6500015258789, 92.77999877929688, 87.9000015258789, 91.33999633789062, 92.79000091552734, 91.81999969482422, 93.30999755859375, 92.0199966430664, 91.4000015258789, 89.31999969482422, 88.1500015258789, 87.58999633789062, 89.62999725341797, 91.91999816894531, 91.44000244140625, 92.36000061035156, 92.43000030517578, 88.68000030517578, 87.55000305175781, 86.05999755859375]
assets:[0, 99.99838839797974, 198.6270617866516, 294.5069862915039, 401.3838448486328, 507.21256997375485, 604.6407, 703.5352296234131, 770.3683506179809, 885.084078213501, 1014.2123905059815, 1101.7666222229004, 1190.4030956695556, 1312.3463749999999, 1424.568063053131, 1539.3758822898867, 1656.600371134186, 1761.4485176330568, 1938.9538731231687, 1975.6055728591919, 2046.58394883728, 2197.701500338745, 2473.942673789978, 2690.4104951019285, 2764.086840185547, 2753.0074148483277, 2963.1786596603392, 3119.2029935073856, 3168.132648554993, 3288.174625518799, 3378.3895175857547, 3461.9536351570127, 3664.6781603546146, 3769.8183544006347, 3671.539113735199, 3915.225005026245, 4077.3782202301027, 4134.755588257599, 4301.852155444336, 4342.377631587982, 4413.121113674927, 4412.69380892334, 4454.889517114258, 4526.589697744751, 4732.015704994202, 4952.916069337463, 5027.051294219971, 5177.6277462158205, 5281.55189043808, 5167.268333782196, 5201.424476307678, 5212.903626116943]
shares:[0, 1.3041, 2.6263, 3.9766, 5.296, 6.5966, 7.9038, 9.2134, 10.5878, 11.9364, 13.2421, 14.564, 15.8996, 17.2111, 18.5105, 19.7965, 21.0683, 22.3364, 23.551, 24.8067, 26.0811, 27.3244, 28.4754, 29.5747, 30.6848, 31.8414, 32.9535, 34.045, 35.1546, 36.2573, 37.3633, 38.4747, 39.554, 40.6318, 41.7695, 42.8643, 43.942, 45.0311, 46.1028, 47.1895, 48.2836, 49.4032, 50.5376, 51.6793, 52.795, 53.8829, 54.9765, 56.0592, 57.1411, 58.2687, 59.4109, 60.5729]
growth_rate:2.21
