ticker:JCICU
price:[10.4350004196167, 10.3100004196167, 10.460000038146973, 10.484999656677246, 10.460000038146973, 10.300000190734863, 10.180000305175781, 10.109999656677246, 10.020000457763672, 9.949999809265137, 9.949999809265137, 10.079999923706055, 10.109999656677246, 10.050999641418457, 10.024999618530273, 10.062000274658203, 10.0, 9.970000267028809, 9.9399995803833, 9.989999771118164, 10.100000381469727, 10.010000228881836, 10.029999732971191, 10.0600004196167, 10.039999961853027, 10.079999923706055, 10.079999923706055, 10.09000015258789, 10.069999694824219, 10.024999618530273, 9.9399995803833, 9.949999809265137, 9.960000038146973, 9.960000038146973]
assets:[0, 99.99978706998824, 201.45437073469162, 301.935486613369, 401.2152674632073, 495.0777491678238, 589.3100376663208, 685.257798729515, 779.1572395957946, 873.7144582514763, 973.7149413345337, 1086.4365037769319, 1189.669945600319, 1282.7276711371421, 1379.4098725109102, 1484.501235321808, 1575.354, 1670.6280797448158, 1765.601371465206, 1874.4825980535506, 1995.1227653543472, 2077.344316499138, 2181.494851922035, 2288.0203394365312, 2383.4718949440003, 2492.9674371311185, 2592.9670843742374, 2695.539504763794, 2790.196522441864, 2877.7282704971317, 2953.328939325332, 3056.3006464127543, 3159.3727681004525, 3259.3731604834556]
shares:[0, 9.6993, 19.2595, 28.7969, 38.3571, 48.0658, 57.889, 67.7802, 77.7602, 87.8105, 97.8608, 107.7814, 117.6726, 127.6219, 137.597, 147.5354, 157.5354, 167.5655, 177.6259, 187.6359, 197.5369, 207.5269, 217.497, 227.4374, 237.3976, 247.3182, 257.2388, 267.1496, 277.0801, 287.0552, 297.1156, 307.1659, 317.2061, 327.2463]
growth_rate:-1.23
