ticker:JCIC
price:[9.6899995803833, 9.689000129699707, 9.699999809265137, 9.770000457763672, 9.8100004196167, 9.75, 9.75, 9.779999732971191, 9.699999809265137, 9.680000305175781, 9.619999885559082, 9.645000457763672, 9.71500015258789, 9.680000305175781, 9.649999618530273, 9.640000343322754, 9.654999732971191, 9.65999984741211, 9.670000076293945, 9.710000038146973, 9.680000305175781, 9.680000305175781, 9.670000076293945, 9.645000457763672, 9.649999618530273, 9.649999618530273]
assets:[0, 100.00017033863067, 200.11390606508255, 301.5579031291962, 402.7927312292099, 500.32905000000005, 600.3289500000001, 702.1756188281059, 796.4320643394469, 894.7901882095337, 989.2438282318114, 1091.8150163188934, 1199.7393713436127, 1295.4173288398742, 1391.4025649971009, 1489.9603810640335, 1592.2784184622762, 1693.1033432559966, 1794.8564501609803, 1902.2812524733545, 1996.4042309394838, 2096.4044420921323, 2194.239057312012, 2288.56667311821, 2389.7529255317686, 2489.752976578712]
shares:[0, 10.321, 20.6303, 30.8657, 41.0594, 51.3158, 61.5722, 71.7971, 82.1064, 92.437, 102.832, 113.2001, 123.4935, 133.8241, 144.1868, 154.5602, 164.9175, 175.2695, 185.6108, 195.9095, 206.2401, 216.5707, 226.912, 237.2801, 247.6428, 258.0055]
growth_rate:-0.41
