ticker:JCOM
price:[69.4800033569336, 72.3499984741211, 70.72000122070312, 69.41000366210938, 70.33999633789062, 71.23999786376953, 70.87000274658203, 70.12000274658203, 67.87999725341797, 78.58999633789062, 83.72000122070312, 84.86000061035156, 89.87999725341797, 94.0, 100.5, 98.41000366210938, 97.62999725341797, 97.69000244140625, 98.6500015258789, 95.19000244140625, 97.43000030517578, 102.63999938964844, 105.12000274658203, 107.79000091552734, 109.58999633789062, 111.37999725341797, 113.76000213623047, 119.93000030517578, 118.52999877929688, 119.36000061035156, 121.02999877929688, 123.22000122070312, 127.97000122070312, 125.02999877929688, 121.0, 122.0999984741211, 125.20999908447266, 125.88999938964844, 124.52999877929688, 127.31999969482422, 129.0800018310547, 131.49000549316406, 138.60000610351562, 139.77999877929688, 142.4499969482422, 138.8300018310547, 144.22999572753906, 141.27000427246094, 138.08999633789062, 133.97000122070312, 131.91000366210938, 139.7899932861328]
assets:[0, 100.00216789093018, 197.74726741333006, 294.0832445159912, 398.0259032775879, 503.11823691329954, 600.5027942726135, 694.1459551895142, 771.9720567642212, 993.7705036926269, 1158.6429568939209, 1274.4190031661988, 1449.8092956962587, 1616.2641999999998, 1828.0246499999998, 1890.0133253326417, 1975.035318437195, 2076.2446978881835, 2196.649448976898, 2219.6024009277344, 2371.8359274291993, 2598.6702965469362, 2761.4604241516113, 2931.5969918998717, 3080.552879058838, 3230.866408328247, 3399.8996798446656, 3684.2975813751223, 3741.2927344696045, 3867.49080377655, 4021.5969024383544, 4194.371875552369, 4456.056209506226, 4453.681083517456, 4410.1233, 4550.215173136139, 4766.118615150452, 4891.997253282165, 4939.146170584107, 5149.801151656341, 5320.987467480469, 5520.331751618957, 5918.830100646973, 6069.219590997315, 6285.150275350952, 6225.428825108338, 6567.570547451783, 6532.791188572693, 6485.741902999878, 6392.231241244507, 6393.941697509766, 6875.906315762329]
shares:[0, 1.3822, 2.7962, 4.2369, 5.6586, 7.0623, 8.4733, 9.8994, 11.3726, 12.645, 13.8395, 15.0179, 16.1305, 17.1943, 18.1893, 19.2055, 20.2298, 21.2534, 22.2671, 23.3176, 24.344, 25.3183, 26.2696, 27.1973, 28.1098, 29.0076, 29.8866, 30.7204, 31.5641, 32.4019, 33.2281, 34.0397, 34.8211, 35.6209, 36.4473, 37.2663, 38.065, 38.8593, 39.6623, 40.4477, 41.2224, 41.9829, 42.7044, 43.4198, 44.1218, 44.8421, 45.5354, 46.2433, 46.9675, 47.7139, 48.472, 49.1874]
growth_rate:34.82
