ticker:JCS
price:[4.349999904632568, 4.079999923706055, 4.119999885559082, 3.950000047683716, 4.090000152587891, 3.930000066757202, 4.03000020980835, 4.090000152587891, 3.9700000286102295, 3.890000104904175, 4.349999904632568, 4.320000171661377, 4.389999866485596, 4.550000190734863, 4.579999923706055, 4.550000190734863, 4.539999961853027, 4.570000171661377, 4.730000019073486, 4.75, 4.840000152587891, 4.710000038146973, 5.429999828338623, 5.409999847412109, 6.199999809265137, 5.300000190734863, 6.019999980926514, 6.75, 6.570000171661377, 6.03000020980835, 6.079999923706055, 5.849999904632568, 5.75, 5.980000019073486, 6.5, 6.510000228881836, 6.699999809265137, 6.5, 6.670000076293945, 7.039999961853027, 7.090000152587891, 6.710000038146973, 6.510000228881836, 6.849999904632568, 6.639999866485596, 6.949999809265137, 6.960000038146973, 7.050000190734863, 7.010000228881836, 6.820000171661377, 6.710000038146973, 6.71999979019165]
assets:[0, 99.99998213005065, 200.9801864173889, 292.68749853327273, 403.06133503723146, 487.2936772774458, 599.693047220993, 708.6215654369355, 787.8306256775855, 871.9548045145749, 1075.0650664307595, 1167.6506863982677, 1286.5706758711337, 1433.461635090351, 1542.91312229805, 1632.8066984468462, 1729.2178854703902, 1840.6443451395035, 2005.0867400854108, 2113.56475, 2253.611519048309, 2293.0804745719906, 2743.6149272646903, 2833.509601081467, 3347.275117025471, 2961.3804065732957, 3463.681035025835, 3983.695425, 3977.46364992342, 3750.548575496912, 3881.6476632917406, 3834.808902484465, 3869.2566500000003, 4124.026881153774, 4582.6378, 4689.6882868824005, 4926.560779751206, 4879.4992999999995, 5107.117007417107, 5490.419938249588, 5629.414745153808, 5427.6968878569605, 5365.917815657615, 5746.164890000438, 5670.00478198986, 6034.718889383984, 6143.402025671291, 6322.8427260619155, 6386.968232539368, 6313.855222921562, 6312.018528884411, 6421.425495513582]
shares:[0, 24.5098, 48.7816, 74.0981, 98.548, 123.9933, 148.8072, 173.2571, 198.446, 224.1529, 247.1414, 270.2895, 293.0685, 315.0465, 336.8806, 358.8586, 380.885, 402.7668, 423.9084, 444.961, 465.6222, 486.8536, 505.2698, 523.7541, 539.8831, 558.751, 575.3623, 590.1771, 605.3978, 621.9815, 638.4289, 655.5229, 672.9142, 689.6366, 705.0212, 720.3822, 735.3076, 750.6922, 765.6847, 779.8892, 793.9936, 808.8967, 824.2577, 838.8562, 853.9164, 868.3049, 882.6727, 896.8571, 911.1224, 925.7852, 940.6883, 955.5693]
growth_rate:25.91
