ticker:JCTCF
price:[7.559999942779541, 7.269999980926514, 7.929999828338623, 7.869999885559082, 7.420000076293945, 8.359999656677246, 9.800000190734863, 11.039999961853027, 8.9399995803833, 9.5, 9.289999961853027, 9.289999961853027, 8.899999618530273, 9.100000381469727, 9.050000190734863, 8.770000457763672, 8.579999923706055, 8.789999961853027, 8.779999732971191, 9.789999961853027, 9.859999656677246, 9.260000228881836, 9.779999732971191, 10.270000457763672, 10.520000457763672, 10.5600004196167, 10.670000076293945, 10.9399995803833, 10.399999618530273, 10.460000038146973, 10.819999694824219, 10.800000190734863, 10.199999809265137, 10.1899995803833, 10.020000457763672, 9.890000343322754, 10.0, 9.829999923706055, 9.930000305175781, 9.880000114440918, 9.8100004196167, 9.920000076293945, 9.829999923706055, 9.800000190734863, 10.630000114440918, 11.260000228881836, 11.460000038146973, 10.399999618530273, 10.40999984741211, 10.869999885559082, 10.5, 10.550000190734863]
assets:[0, 100.00030373764038, 209.07841047406197, 307.49663552856447, 389.9143260091782, 539.3102658519745, 732.2060342507363, 924.8528128043175, 848.9298441537858, 1002.10655, 1079.955063565445, 1179.9554101548194, 1230.4204972620012, 1358.0704069299697, 1450.6082405725479, 1505.7275175937652, 1573.1060920118332, 1711.6090095719337, 1809.6615489622116, 2117.8344687478066, 2232.9773602482796, 2197.096178306198, 2420.474627912426, 2641.7460557502745, 2806.053374101639, 2916.722803900146, 3047.105544787789, 3224.2115143315314, 3165.0641239061356, 3283.3239299740794, 3496.324929386902, 3589.8628233992576, 3490.425654730797, 3587.0031512898445, 3627.1610077068326, 3680.1017647515296, 3821.033, 3856.075016071701, 3995.3028537864684, 4075.1858632032395, 4146.313416355992, 4292.805633015632, 4353.858348208237, 4440.571186425686, 4916.659936931991, 5308.051935896683, 5502.333366315651, 5093.391493175506, 5198.288596804428, 5527.99170480051, 5439.82635, 5565.730670623589]
shares:[0, 13.7552, 26.3655, 39.072, 52.5491, 64.5108, 74.7149, 83.7729, 94.9586, 105.4849, 116.2492, 127.0135, 138.2495, 149.2385, 160.2882, 171.6907, 183.3457, 194.7223, 206.1118, 216.3263, 226.4683, 237.2674, 247.4923, 257.2294, 266.7351, 276.2048, 285.5769, 294.7177, 304.3331, 313.8933, 323.1354, 332.3947, 342.1986, 352.0121, 361.9921, 372.1033, 382.1033, 392.2762, 402.3467, 412.4682, 422.6619, 432.7425, 442.9154, 453.1195, 462.5268, 471.4078, 480.1338, 489.7492, 499.3553, 508.5549, 518.0787, 527.5574]
growth_rate:9.13
