ticker:JD
price:[80.0, 74.18000030517578, 74.5, 74.66999816894531, 76.0999984741211, 79.79000091552734, 81.5199966430664, 81.33999633789062, 81.5199966430664, 92.48999786376953, 92.08000183105469, 87.73999786376953, 89.41000366210938, 85.19000244140625, 82.61000061035156, 81.52999877929688, 84.48999786376953, 87.9000015258789, 91.54000091552734, 87.7699966430664, 94.91000366210938, 88.69000244140625, 96.63999938964844, 99.30999755859375, 106.08999633789062, 93.87000274658203, 90.62000274658203, 84.0199966430664, 84.98999786376953, 82.06999969482422, 84.30999755859375, 80.41000366210938, 77.04000091552734, 76.75, 77.36000061035156, 75.51000213623047, 68.1500015258789, 72.75, 73.94000244140625, 75.43000030517578, 71.19000244140625, 71.62000274658203, 78.2300033569336, 76.2300033569336, 73.55999755859375, 75.58999633789062, 72.29000091552734, 70.87999725341797, 69.58999633789062, 69.86000061035156, 63.619998931884766, 76.43000030517578]
assets:[0, 100.00205841140748, 200.4348, 300.89022462158204, 406.6555618461609, 526.3746360397339, 637.7879977363586, 736.3791208465576, 838.009261491394, 1050.7788657302858, 1146.1197827911376, 1192.0970289756776, 1314.7830448516845, 1352.7235297668458, 1411.7553444305422, 1493.2953046417235, 1647.512713344574, 1814.0099114898683, 1989.1276038940432, 2007.2032762306214, 2270.4845626068113, 2221.6845611572267, 2520.835056079102, 2690.4766608581544, 2974.1587843353273, 2731.5795319244385, 2737.0050049552915, 2637.6649606147766, 2768.115731423187, 2773.013977688599, 2948.700009613037, 2912.2975536346435, 2890.2403783470154, 2979.35825, 3103.0411364822385, 3128.8324485168455, 2923.866775465393, 3221.2245, 3373.911887402344, 3541.8986373298644, 3442.805470068359, 3563.6036386619567, 3992.499513322449, 3990.4272317260743, 3950.657364880371, 4159.679703475952, 4078.081363647461, 4098.536609182739, 4123.944936981201, 4239.943157043457, 3961.2228894950867, 4858.823265400696]
shares:[0, 1.3481, 2.6904, 4.0296, 5.3437, 6.597, 7.8237, 9.0531, 10.2798, 11.361, 12.447, 13.5867, 14.7051, 15.8789, 17.0894, 18.3159, 19.4995, 20.6372, 21.7296, 22.8689, 23.9225, 25.05, 26.0848, 27.0917, 28.0343, 29.0996, 30.2031, 31.3933, 32.5699, 33.7884, 34.9745, 36.2181, 37.5161, 38.819, 40.1117, 41.436, 42.9034, 44.278, 45.6304, 46.9561, 48.3608, 49.7571, 51.0354, 52.3472, 53.7066, 55.0295, 56.4128, 57.8236, 59.2606, 60.692, 62.2638, 63.5722]
growth_rate:-4.73
