ticker:JFIN
price:[2.7899999618530273, 2.549999952316284, 2.8399999141693115, 2.9000000953674316, 2.9800000190734863, 2.8499999046325684, 3.069999933242798, 3.0799999237060547, 2.819999933242798, 2.700000047683716, 2.8399999141693115, 2.950000047683716, 3.7699999809265137, 3.880000114440918, 3.7300000190734863, 3.6700000762939453, 3.2330000400543213, 3.049999952316284, 3.4800000190734863, 3.390000104904175, 3.700000047683716, 3.3499999046325684, 4.019999980926514, 4.590000152587891, 5.610000133514404, 4.300000190734863, 3.740000009536743, 4.300000190734863, 8.220000267028809, 8.920000076293945, 8.470000267028809, 7.820000171661377, 5.989999771118164, 5.739999771118164, 6.539999961853027, 5.769999980926514, 5.28000020980835, 5.5, 6.03000020980835, 6.739999771118164, 6.159999847412109, 5.329999923706055, 5.579999923706055, 5.300000190734863, 4.989999771118164, 4.730000019073486, 4.53000020980835, 3.9800000190734863, 3.9100000858306885, 3.8499999046325684, 3.4000000953674316, 4.059999942779541]
assets:[0, 100.0000331300497, 211.37267361187938, 315.8384303864479, 424.5510667173386, 506.03030806708335, 645.092331972456, 747.1935054914475, 784.1187474377394, 850.7519250248193, 994.865033933115, 1133.3985733202219, 1548.4449291659832, 1693.6250939536096, 1728.150038836956, 1800.3515674266816, 1685.9771908879281, 1690.5445185700178, 2028.883511120081, 2076.412354254961, 2366.290630495548, 2242.4520811621187, 2790.9424727579594, 3286.673281260681, 4117.04501898303, 3255.6673144114493, 2931.673433475566, 3470.64066394701, 6734.573060774326, 7408.077011362267, 7134.351525920582, 6686.850866786956, 5222.02489546299, 5104.077250475501, 5915.446969495964, 5318.97985441742, 4967.281637382031, 5274.2514, 5882.497359676123, 6675.129295321083, 6200.711902403641, 5465.226285770415, 5821.568722403144, 5629.447142590904, 5400.1772533041, 5218.805316044569, 5098.1374341218, 4579.157977944851, 4598.619916946984, 4628.052545359611, 4187.111677445317, 5099.903562123442]
shares:[0, 39.2157, 74.427, 108.9098, 142.4668, 177.5545, 210.1278, 242.5953, 278.0563, 315.0933, 350.3046, 384.2029, 410.7281, 436.5013, 463.311, 490.559, 521.49, 554.2769, 583.0125, 612.511, 639.538, 669.3887, 694.2643, 716.0508, 733.8761, 757.1319, 783.8699, 807.1257, 819.2911, 830.5019, 842.3083, 855.096, 871.7905, 889.2121, 904.5026, 921.8336, 940.773, 958.9548, 975.5385, 990.3753, 1006.6091, 1025.3708, 1043.2919, 1062.1598, 1082.1999, 1103.3415, 1125.4166, 1150.5422, 1176.1176, 1202.0916, 1231.5034, 1256.1339]
growth_rate:-0.0
