ticker:JFU
price:[1.25, 1.0099999904632568, 0.8999999761581421, 0.8579999804496765, 0.8880000114440918, 0.9160000085830688, 0.9020000100135803, 1.3899999856948853, 1.3200000524520874, 1.2699999809265137, 1.190000057220459, 1.2599999904632568, 1.6399999856948853, 1.590000033378601, 1.3799999952316284, 1.2699999809265137, 1.2000000476837158, 1.0399999618530273, 1.309999942779541, 1.350000023841858, 1.5199999809265137, 1.2300000190734863, 1.7200000286102295, 2.0399999618530273, 2.75, 2.0, 1.5499999523162842, 1.850000023841858, 2.0899999141693115, 1.690000057220459, 1.8200000524520874, 1.659999966621399, 1.4600000381469727, 1.4500000476837158, 1.5299999713897705, 1.4500000476837158, 1.340000033378601, 1.350000023841858, 1.3700000047683716, 1.940000057220459, 2.380000114440918, 2.6500000953674316, 2.2799999713897705, 2.490000009536743, 2.319999933242798, 1.9900000095367432, 1.8899999856948853, 1.7949999570846558, 1.7799999713897705, 1.590000033378601, 1.7000000476837158, 1.9800000190734863]
assets:[0, 99.99999805576802, 189.10889499032498, 280.28379741347436, 390.083930627203, 502.3838687074184, 594.7054740021408, 1016.4529185392262, 1065.2647263298154, 1124.9137861054899, 1154.053130491972, 1321.9385659944535, 1820.618432119417, 1865.111856153977, 1718.7763320610404, 1681.7724557423114, 1689.0763871178626, 1563.8660386377335, 2069.869732588625, 2233.0720294374705, 2614.2736551951884, 2215.497805355501, 3198.094437196636, 3893.088599201202, 5348.036099999999, 3989.4808, 3191.847476806998, 3909.6246603852505, 4516.818989506363, 3752.35630604825, 4140.999163342881, 3876.9551540437697, 3509.852209705639, 3585.81212792058, 3883.6498763777013, 3780.583384325695, 3593.7805275189276, 3720.599795708156, 3875.719738489687, 5588.245630825758, 6955.682900459957, 7844.772757315397, 6849.464422050548, 7580.33616203282, 7162.802825892806, 6243.9561659231185, 6030.189539358437, 5827.084666684485, 5878.3904535156735, 5350.922035330999, 5821.111603277778, 6879.88290027442]
shares:[0, 99.0099, 210.121, 326.6711, 439.2837, 548.454, 659.3187, 731.2611, 807.0187, 885.7589, 969.7925, 1049.1576, 1110.1332, 1173.0263, 1245.4901, 1324.2303, 1407.5636, 1503.7174, 1580.0533, 1654.1274, 1719.9169, 1801.2177, 1859.3572, 1908.3768, 1944.7404, 1994.7404, 2059.2565, 2113.3106, 2161.1575, 2220.3291, 2275.2742, 2335.5152, 2404.0083, 2472.9738, 2538.3333, 2607.2988, 2681.9257, 2755.9998, 2828.9925, 2880.5389, 2922.5557, 2960.2915, 3004.1511, 3044.3117, 3087.4151, 3137.6664, 3190.5765, 3246.2868, 3302.4666, 3365.3597, 3424.1832, 3474.6883]
growth_rate:34.9
