ticker:JG
price:[1.659999966621399, 1.7400000095367432, 1.6100000143051147, 1.5099999904632568, 1.4600000381469727, 1.5, 1.8200000524520874, 1.8799999952316284, 1.7100000381469727, 1.8700000047683716, 2.069999933242798, 2.5199999809265137, 3.9000000953674316, 3.25, 3.4200000762939453, 3.4700000286102295, 3.930000066757202, 3.559999942779541, 3.7200000286102295, 3.700000047683716, 3.9800000190734863, 3.3499999046325684, 4.980000019073486, 6.110000133514404, 6.349999904632568, 5.340000152587891, 4.789999961853027, 5.599999904632568, 5.329999923706055, 4.25, 4.300000190734863, 3.990000009536743, 3.359999895095825, 3.450000047683716, 3.5299999713897705, 3.1500000953674316, 2.819999933242798, 3.0399999618530273, 3.299999952316284, 3.4200000762939453, 3.1600000858306885, 3.0, 3.2200000286102295, 3.130000114440918, 2.799999952316284, 2.700000047683716, 2.3299999237060547, 2.309999942779541, 2.3399999141693115, 2.049999952316284, 1.9700000286102295, 2.009999990463257]
assets:[0, 100.00006254808902, 192.52879271064998, 280.57053122799397, 371.28005370082855, 481.45214999999996, 684.1620437174321, 806.7168339538694, 833.7690005998612, 1011.7823895799756, 1219.9944116553545, 1585.210524001789, 2553.301982436371, 2227.7515, 2444.2802105274204, 2580.0151152722838, 3022.0344663339856, 2837.517178392124, 3065.0460355730293, 3148.5672105771305, 3486.837022710085, 3034.9002536027906, 4611.583103662443, 5757.986528822279, 6084.159063625098, 5216.442695057297, 4779.168334939289, 5687.336383145237, 5513.125396084786, 4496.019325, 4648.913816211605, 4413.759556549597, 3816.850008832288, 4019.0872155492784, 4212.283307859945, 3858.8364268277164, 3554.577203853321, 3931.88457466135, 4368.164066881728, 4627.006681220055, 4375.246058838725, 4253.7144, 4665.653495455098, 4635.2472174766535, 4246.546847681737, 4194.884504084325, 3720.029880190659, 3788.0982201659203, 3937.2941515809057, 3549.3389624411343, 3510.828261987615, 3682.1139575296643]
shares:[0, 57.4713, 119.5831, 185.8083, 254.3014, 320.9681, 375.9132, 429.1047, 487.5842, 541.0601, 589.3693, 629.0518, 654.6928, 685.462, 714.7018, 743.5202, 768.9655, 797.0554, 823.9371, 850.9641, 876.0897, 905.9404, 926.0207, 942.3873, 958.1353, 976.8619, 997.7387, 1015.5958, 1034.3575, 1057.8869, 1081.1427, 1106.2054, 1135.9673, 1164.9528, 1193.2814, 1225.0274, 1260.4884, 1293.3831, 1323.6861, 1352.9259, 1384.5715, 1417.9048, 1448.9607, 1480.9096, 1516.6239, 1553.6609, 1596.5794, 1639.8694, 1682.6044, 1731.3849, 1782.1463, 1831.8975]
growth_rate:-27.8
