ticker:JJSF
price:[142.24000549316406, 134.64999389648438, 132.1300048828125, 128.88999938964844, 132.52999877929688, 133.32000732421875, 131.07000732421875, 136.99000549316406, 135.57000732421875, 139.3800048828125, 161.2899932861328, 151.25, 153.47000122070312, 146.11000061035156, 152.5399932861328, 154.67999267578125, 156.60000610351562, 155.3699951171875, 154.44000244140625, 150.9199981689453, 153.08999633789062, 152.66000366210938, 155.5, 158.47999572753906, 151.1199951171875, 158.75999450683594, 159.83999633789062, 166.3000030517578, 160.64999389648438, 157.63999938964844, 156.63999938964844, 156.2899932861328, 158.94000244140625, 166.3800048828125, 164.61000061035156, 168.25, 173.9499969482422, 170.6999969482422, 175.5800018310547, 179.4600067138672, 176.11000061035156, 172.92999267578125, 175.10000610351562, 172.5800018310547, 170.52999877929688, 167.52999877929688, 166.64999389648438, 164.3800048828125, 163.77999877929688, 164.0, 161.60000610351562, 163.8300018310547]
assets:[0, 100.00455046691894, 198.12894232177734, 293.27630461120606, 401.5526433013916, 503.94962768554683, 595.4510432739258, 722.3482989654541, 814.8570860229493, 937.7626108520508, 1185.1749996658325, 1211.4066249999998, 1329.1883335723876, 1365.4417887039185, 1525.5372188552856, 1646.9397540161133, 1767.3876688842772, 1853.5018937500001, 1942.4073547058106, 1998.135499757385, 2126.8640101226806, 2220.897733276367, 2362.21605, 2507.486340400696, 2491.0317755126953, 2716.9709179916385, 2835.449647036743, 3050.0418359710693, 3046.421899258423, 3089.349888038635, 3169.751363648987, 3262.6630128433226, 3417.988858502197, 3677.9797499389647, 3738.8527878631594, 3921.53735, 4154.395592115784, 4176.7728753280635, 4396.172085845948, 4593.314763842774, 4607.565945968628, 4624.372813140869, 4782.401406701661, 4813.566895071411, 4856.387411236572, 4870.9514675079345, 4945.371898876953, 4978.001877868653, 5059.835660287476, 5166.6396, 5191.028516061401, 5362.663832936097]
shares:[0, 0.7427, 1.4995, 2.2754, 3.0299, 3.78, 4.543, 5.273, 6.0106, 6.7281, 7.3481, 8.0093, 8.6609, 9.3453, 10.0009, 10.6474, 11.286, 11.9296, 12.5771, 13.2397, 13.8929, 14.548, 15.1911, 15.8221, 16.4838, 17.1137, 17.7393, 18.3406, 18.9631, 19.5975, 20.2359, 20.8757, 21.5049, 22.1059, 22.7134, 23.3078, 23.8827, 24.4685, 25.038, 25.5952, 26.163, 26.7413, 27.3124, 27.8918, 28.4782, 29.0751, 29.6752, 30.2835, 30.8941, 31.5039, 32.1227, 32.7331]
growth_rate:5.15
