ticker:JKHY
price:[163.1699981689453, 155.77999877929688, 161.8300018310547, 161.0, 161.55999755859375, 164.49000549316406, 162.25999450683594, 158.30999755859375, 148.25, 157.16000366210938, 161.47999572753906, 160.1699981689453, 157.8000030517578, 158.47999572753906, 155.82000732421875, 161.6300048828125, 157.69000244140625, 161.99000549316406, 166.9499969482422, 154.5500030517578, 151.5, 144.7899932861328, 152.91000366210938, 145.63999938964844, 150.88999938964844, 148.44000244140625, 151.77999877929688, 150.69000244140625, 148.1300048828125, 155.19000244140625, 154.58999633789062, 155.72000122070312, 158.83999633789062, 169.58999633789062, 162.8300018310547, 156.1300048828125, 157.32000732421875, 155.50999450683594, 154.14999389648438, 157.8000030517578, 162.57000732421875, 164.5500030517578, 166.58999633789062, 165.82000732421875, 167.3800048828125, 171.6699981689453, 176.27000427246094, 174.08999633789062, 173.9499969482422, 177.1199951171875, 177.1300048828125, 175.92999267578125]
assets:[0, 99.99518121643067, 203.8734363067627, 302.8249, 403.8838378967285, 511.2020390716553, 604.2724455429077, 689.5666873657227, 745.741975, 890.5628767517089, 1015.0471051437378, 1106.8067213470458, 1190.4274430221558, 1295.5581170730588, 1373.8182585754396, 1525.043748071289, 1587.8752485839843, 1731.170989704895, 1884.1809705581666, 1844.2297314163209, 1907.8395, 1923.3468338150024, 2131.213758041382, 2129.8830430740354, 2306.655420669556, 2369.2063469665527, 2522.507689712524, 2604.3903811950686, 2660.1482536865237, 2886.9375394165036, 2975.7801345062257, 3097.5355482818604, 3259.603216848755, 3580.214412689209, 3537.4980727798466, 3491.9412372070315, 3618.5489524658205, 3676.9094121185303, 3744.750386727905, 3933.4175560699464, 4152.314356072998, 4302.883849801636, 4456.232425039673, 4535.64149633789, 4678.304612475586, 4898.208556755066, 5129.457124328614, 5166.016187329102, 5261.865642686463, 5457.757817541504, 5558.073858215332, 5620.417883013916]
shares:[0, 0.6419, 1.2598, 1.8809, 2.4999, 3.1078, 3.7241, 4.3558, 5.0303, 5.6666, 6.2859, 6.9102, 7.5439, 8.1749, 8.8167, 9.4354, 10.0696, 10.6869, 11.2859, 11.9329, 12.593, 13.2837, 13.9377, 14.6243, 15.287, 15.9607, 16.6195, 17.2831, 17.9582, 18.6026, 19.2495, 19.8917, 20.5213, 21.111, 21.7251, 22.3656, 23.0012, 23.6442, 24.2929, 24.9266, 25.5417, 26.1494, 26.7497, 27.3528, 27.9502, 28.5327, 29.1, 29.6744, 30.2493, 30.8139, 31.3785, 31.9469]
growth_rate:10.2
