ticker:JMPNL
price:[23.100000381469727, 22.854000091552734, 22.760000228881836, 22.527000427246094, 22.43000030517578, 22.610000610351562, 22.73200035095215, 22.799999237060547, 22.450000762939453, 21.639999389648438, 22.059999465942383, 23.719999313354492, 23.5, 24.139999389648438, 24.75, 23.549999237060547, 24.0, 24.0, 24.989999771118164, 24.950000762939453, 24.854999542236328, 24.549999237060547, 25.09000015258789, 25.049999237060547, 25.200000762939453, 25.40999984741211, 25.299999237060547, 25.479999542236328, 25.420000076293945, 25.510000228881836, 25.780000686645508, 25.551000595092773, 25.670000076293945, 25.770000457763672, 25.395000457763672, 25.28700065612793, 25.243000030517578, 25.604999542236328, 25.43000030517578, 25.549999237060547, 25.39900016784668, 25.450000762939453, 25.489999771118164, 25.709999084472656, 25.672000885009766, 25.739999771118164, 26.15999984741211, 25.75, 25.952999114990234, 25.219999313354492, 25.1299991607666, 25.1200008392334]
assets:[0, 99.99996280059815, 199.58927000713348, 297.5456324432373, 396.2640863914489, 499.44360848236084, 602.1388644962311, 703.9408564445496, 793.1338319538116, 864.5179756164551, 981.2971622434616, 1155.1402465610504, 1244.42605, 1378.316717150879, 1513.1457, 1539.7813751163483, 1669.2048, 1769.2055999999998, 1942.1852972116471, 2039.0762373523712, 2131.3112397468567, 2205.157036470413, 2353.662806314087, 2449.909965383911, 2564.581397643661, 2685.953869870758, 2774.327076338196, 2894.064212006378, 2987.2491029657363, 3097.8247347944257, 3230.613052046776, 3301.914925302887, 3417.293090156555, 3530.606027715683, 3579.2297730182645, 3664.0080053709025, 3757.6325957427975, 3911.5195895702363, 3984.7869568199158, 4103.590487464142, 4179.339440218735, 4287.732143537522, 4394.4708625408175, 4532.397741602325, 4625.6992106651305, 4737.951461869812, 4915.259923329925, 4938.224275, 5077.154073266602, 5033.758020949745, 5115.794345154572, 5213.759166186333]
shares:[0, 4.3756, 8.7693, 13.2084, 17.6667, 22.0895, 26.4886, 30.8746, 35.3289, 39.95, 44.4831, 48.699, 52.9543, 57.0968, 61.1372, 65.3835, 69.5502, 73.7169, 77.7185, 81.7265, 85.7498, 89.8231, 93.8088, 97.8008, 101.7691, 105.7046, 109.6572, 113.5818, 117.5157, 121.4357, 125.3147, 129.2284, 133.124, 137.0045, 140.9423, 144.8969, 148.8584, 152.7639, 156.6963, 160.6102, 164.5474, 168.4767, 172.3998, 176.2893, 180.1846, 184.0696, 187.8922, 191.7757, 195.6288, 199.5939, 203.5732, 207.5541]
growth_rate:2.23
