ticker:JMPNZ
price:[21.389999389648438, 21.770999908447266, 21.760000228881836, 21.125, 21.25, 21.549999237060547, 21.399999618530273, 21.520000457763672, 20.979999542236328, 21.077999114990234, 21.510000228881836, 22.65999984741211, 22.8799991607666, 23.5, 24.0, 23.0, 23.270000457763672, 23.25, 23.774999618530273, 23.950000762939453, 24.100000381469727, 23.989999771118164, 24.399999618530273, 24.25, 24.600000381469727, 24.312999725341797, 24.3799991607666, 24.360000610351562, 24.399999618530273, 24.889999389648438, 24.729999542236328, 24.940000534057617, 24.920000076293945, 25.200000762939453, 25.12299919128418, 25.334999084472656, 25.100000381469727, 25.219999313354492, 25.329999923706055, 25.368000030517578, 25.430999755859375, 25.100000381469727, 25.100000381469727, 25.5, 25.149999618530273, 25.170000076293945, 25.100000381469727, 25.25, 25.450000762939453, 25.420000076293945, 25.399999618530273, 25.520000457763672]
assets:[0, 100.00073387947083, 199.95046610317232, 294.11492499999997, 395.855625, 501.4447772472381, 597.9545093410492, 701.3066869178772, 783.707882900238, 887.3690081417084, 1005.5559436998367, 1159.3173161933898, 1270.5721133956908, 1405.00155, 1534.896, 1570.9414, 1689.3834172332763, 1787.931975, 1928.3046290603636, 2042.4991750648499, 2155.2919541152955, 2245.4543825767514, 2383.8311627311705, 2469.176225, 2604.8128603925707, 2674.4226758876803, 2781.792036242294, 2879.510412147522, 2984.2395133443833, 3144.1694368988037, 3223.9585393230436, 3351.335017764473, 3448.64641455822, 3587.396508609772, 3676.4343818546295, 3807.457669910431, 3872.1419188488003, 3990.6538053495406, 4108.059915626526, 4214.223489869691, 4324.689008282471, 4368.4015563909525, 4468.402467910767, 4639.612800000001, 4675.930684076499, 4779.649613487816, 4866.357953958893, 4995.4398, 5135.0084789371485, 5228.955023693848, 5324.840680028915, 5449.997705759049]
shares:[0, 4.5933, 9.1889, 13.9226, 18.6285, 23.2689, 27.9418, 32.5886, 37.355, 42.0993, 46.7483, 51.1614, 55.532, 59.7873, 63.954, 68.3018, 72.5992, 76.9003, 81.1064, 85.2818, 89.4312, 93.5996, 97.698, 101.8217, 105.8867, 109.9997, 114.1014, 118.2065, 122.3049, 126.3226, 130.3663, 134.3759, 138.3887, 142.357, 146.3374, 150.2845, 154.2686, 158.2337, 162.1816, 166.1236, 170.0558, 174.0399, 178.024, 181.9456, 185.9217, 189.8947, 193.8788, 197.8392, 201.7685, 205.7024, 209.6394, 213.5579]
growth_rate:6.86
