ticker:JNCE
price:[6.650000095367432, 8.289999961853027, 9.850000381469727, 8.229999542236328, 8.729999542236328, 9.609999656677246, 10.0600004196167, 9.489999771118164, 8.319999694824219, 6.760000228881836, 7.360000133514404, 6.940000057220459, 7.269999980926514, 6.940000057220459, 6.650000095367432, 7.170000076293945, 6.489999771118164, 7.0, 7.309999942779541, 9.119999885559082, 12.550000190734863, 11.300000190734863, 13.470000267028809, 11.609999656677246, 11.229999542236328, 10.979999542236328, 12.600000381469727, 12.25, 11.770000457763672, 9.970000267028809, 10.5, 9.779999732971191, 9.09000015258789, 9.149999618530273, 9.430000305175781, 8.149999618530273, 7.670000076293945, 7.940000057220459, 7.849999904632568, 7.789999961853027, 7.070000171661377, 7.269999980926514, 7.519999980926514, 6.519999980926514, 6.159999847412109, 5.519999980926514, 5.349999904632568, 5.039999961853027, 5.210000038146973, 5.25, 5.239999771118164, 6.380000114440918]
assets:[0, 99.9997825398445, 218.81775847434997, 282.8296952686309, 400.0129440250397, 540.3347236962319, 665.6370297646523, 727.9218914438247, 738.1778289237976, 699.7695356929779, 861.879567634964, 912.6960635252, 1056.0954492292403, 1108.1570011367796, 1161.8507766620637, 1352.7022523937223, 1324.4123062921524, 1528.4878, 1696.1780297228336, 2216.161796190834, 3149.6522128684046, 2935.9423195563318, 3599.74711736126, 3202.677616292667, 3197.852423647308, 3226.6628194782256, 3802.7279951290134, 3797.0969750000004, 3748.3131867809298, 3275.0792857172014, 3549.1806, 3405.8076450093267, 3265.520742816162, 3387.075488790512, 3590.724397203827, 3203.329640064621, 3114.667378981781, 3324.310489956999, 3386.6296888567927, 3460.7448750530243, 3240.8817156894206, 3432.561751994371, 3650.600534740734, 3265.1481824481966, 3184.86406510849, 2953.968925793028, 2962.9952621825696, 2891.307866116142, 3088.8324036160466, 3212.5469249999996, 3306.427803576088, 4125.7655200057025]
shares:[0, 12.0627, 22.215, 34.3657, 45.8205, 56.2263, 66.1667, 76.7041, 88.7233, 103.5162, 117.1032, 131.5124, 145.2676, 159.6768, 174.7144, 188.6614, 204.0697, 218.3554, 232.0353, 243.0002, 250.9683, 259.8179, 267.2418, 275.8551, 284.7598, 293.8673, 301.8038, 309.9671, 318.4633, 328.4934, 338.0172, 348.2421, 359.2432, 370.1722, 380.7767, 393.0466, 406.0844, 418.6789, 431.4178, 444.2548, 458.3991, 472.1543, 485.4522, 500.7896, 517.0234, 535.1393, 553.8309, 573.6722, 592.8661, 611.9137, 630.9977, 646.6717]
growth_rate:-19.1
