ticker:JOAN
price:[12.25, 11.550000190734863, 10.399999618530273, 10.539999961853027, 11.869999885559082, 11.380000114440918, 12.829999923706055, 13.729999542236328, 13.449999809265137, 12.699999809265137, 14.239999771118164, 14.130000114440918, 16.920000076293945, 16.18000030517578, 14.449999809265137, 14.649999618530273, 14.5600004196167, 15.170000076293945, 15.199999809265137, 15.399999618530273, 15.460000038146973, 15.289999961853027, 14.779999732971191, 13.510000228881836, 14.819999694824219, 14.609999656677246, 14.609999656677246]
assets:[0, 99.99990165138244, 190.04335302925108, 292.60199294099806, 429.5242548588752, 511.7927451467514, 677.0031719741821, 824.4933375110626, 907.6786171281815, 957.0643656263351, 1173.1182371442794, 1264.05568023777, 1613.6468712760927, 1643.0741769905092, 1567.3929243109703, 1689.0863560180665, 1778.7093472620966, 1953.2300468233109, 2057.0919741868975, 2184.158845896721, 2292.668533657074, 2367.457724093437, 2388.49081884737, 2283.254886682129, 2604.650514364624, 2667.742107310295, 2767.741710960388]
shares:[0, 8.658, 18.2734, 27.7611, 36.1857, 44.973, 52.7672, 60.0505, 67.4854, 75.3594, 82.3819, 89.459, 95.3692, 101.5497, 108.4701, 115.296, 122.1641, 128.7561, 135.335, 141.8285, 148.2968, 154.837, 161.6029, 169.0048, 175.7524, 182.597, 189.4416]
growth_rate:6.45
