ticker:JOBS
price:[67.43000030517578, 66.45999908447266, 79.19999694824219, 77.41000366210938, 75.38999938964844, 76.7699966430664, 75.0999984741211, 71.61000061035156, 70.0999984741211, 73.5, 69.69999694824219, 69.9800033569336, 72.0999984741211, 75.55999755859375, 71.23999786376953, 71.52999877929688, 68.05000305175781, 70.0, 71.27999877929688, 68.0, 68.87999725341797, 65.86000061035156, 69.01000213623047, 70.06999969482422, 69.69999694824219, 65.5999984741211, 64.6500015258789, 64.11000061035156, 63.189998626708984, 62.5, 62.849998474121094, 63.11000061035156, 62.97999954223633, 62.560001373291016, 61.54999923706055, 70.5, 71.88999938964844, 72.33000183105469, 71.68000030517578, 73.5199966430664, 74.05999755859375, 74.6500015258789, 78.0, 77.70999908447266, 77.55000305175781, 78.02999877929688, 77.80999755859375, 72.0199966430664, 69.3499984741211, 69.83000183105469, 72.94999694824219, 74.94999694824219]
assets:[0, 100.002360622406, 219.1701515548706, 314.2149458648682, 406.0128417129517, 513.4454145484924, 602.2794577629089, 674.2940877471924, 760.0732534553529, 896.9352, 950.5615883804321, 1054.381712578583, 1186.3261648933412, 1343.2603005981446, 1366.4615230247498, 1472.0229978790283, 1500.4072972869874, 1643.404, 1773.4534976287841, 1791.8476, 1915.036123638153, 1931.0744918960572, 2123.4377657318114, 2256.0507871742248, 2344.1363573638914, 2306.2466663558957, 2372.8490060043337, 2453.02813135376, 2517.8244522808077, 2590.33125, 2704.837674331665, 2816.025026234436, 2910.2239048473357, 2990.8184976531984, 3042.533407286453, 3584.9461499999998, 3755.627025114441, 3878.6167851882933, 3943.7619367904663, 4144.9985947387695, 4275.446629058838, 4409.508405132294, 4707.3936, 4789.888923568726, 4880.0278170394895, 5010.235994619751, 5096.111323101806, 4816.899031478882, 4738.324775744629, 4871.117471728516, 5188.758202935791, 5431.011688864135]
shares:[0, 1.5047, 2.7673, 4.0591, 5.3855, 6.6881, 8.0197, 9.4162, 10.8427, 12.2032, 13.6379, 15.0669, 16.4539, 17.7774, 19.1811, 20.5791, 22.0486, 23.4772, 24.8801, 26.3507, 27.8025, 29.3209, 30.77, 32.1971, 33.6318, 35.1562, 36.703, 38.2628, 39.8453, 41.4453, 43.0364, 44.6209, 46.2087, 47.8072, 49.4319, 50.8503, 52.2413, 53.6239, 55.019, 56.3792, 57.7295, 59.0691, 60.3512, 61.638, 62.9275, 64.2091, 65.4943, 66.8828, 68.3248, 69.7568, 71.1276, 72.4618]
growth_rate:6.49
