ticker:JOET
price:[24.799999237060547, 25.18000030517578, 25.540000915527344, 25.25, 26.025999069213867, 25.899999618530273, 26.149999618530273, 26.655000686645508, 26.149999618530273, 26.503999710083008, 25.469999313354492, 26.48699951171875, 27.1299991607666, 26.690000534057617, 25.610000610351562, 25.22800064086914, 25.9060001373291, 25.84600067138672, 26.530000686645508, 26.97800064086914, 27.559999465942383, 28.079999923706055, 28.201000213623047, 27.920000076293945, 28.15999984741211, 27.591999053955078, 27.645999908447266, 28.132999420166016, 28.114999771118164, 28.333999633789062, 28.059999465942383, 28.889999389648438, 29.391000747680664, 29.510000228881836, 29.200000762939453, 30.1299991607666, 30.299999237060547, 30.74799919128418, 30.920000076293945, 30.780000686645508, 31.399999618530273, 31.479999542236328, 31.479999542236328]
assets:[0, 99.9998532119751, 201.42887922058105, 299.14180000000005, 408.334912396431, 506.3579425420761, 611.2457810832977, 723.0488796260834, 809.3503331933974, 920.3063331331253, 984.4027384614946, 1123.7083055847168, 1250.9886783021927, 1330.699370626831, 1376.8525358139038, 1456.314087794876, 1595.4521056575775, 1691.757727745819, 1836.5286855327604, 1967.5406581394193, 2109.985291112709, 2249.7976738872526, 2359.4930848731997, 2435.9837106565474, 2556.92235414505, 2605.3469186706543, 2710.4470062240603, 2858.1917691913604, 2956.362513432503, 3079.390081399536, 3149.6114760543824, 3342.7751593780517, 3500.744464455795, 3614.91895903759, 3676.945856071472, 3894.0553255359655, 4016.025528878403, 4175.403026581001, 4298.761230607033, 4379.298469694138, 4567.509884510612, 4679.146207958603, 4779.145574504471]
shares:[0, 3.9714, 7.8868, 11.8472, 15.6895, 19.5505, 23.3746, 27.1262, 30.9503, 34.7233, 38.6495, 42.4249, 46.1109, 49.8576, 53.7623, 57.7261, 61.5862, 65.4553, 69.2246, 72.9313, 76.5597, 80.121, 83.667, 87.2487, 90.7998, 94.424, 98.0412, 101.5957, 105.1525, 108.6818, 112.2456, 115.707, 119.1094, 122.4981, 125.9228, 129.2418, 132.5421, 135.7943, 139.0285, 142.2774, 145.4621, 148.6387, 151.8153]
growth_rate:13.79
