ticker:JOFF
price:[9.819999694824219, 9.850000381469727, 9.869999885559082, 9.770000457763672, 9.770000457763672, 9.779999732971191, 9.729999542236328, 9.65999984741211, 9.640000343322754, 9.6899995803833, 9.708999633789062, 9.739999771118164, 9.670000076293945, 9.680000305175781, 9.720000267028809, 9.699999809265137, 9.649999618530273, 9.710000038146973, 9.65999984741211, 9.680000305175781, 9.630000114440918, 9.670000076293945, 9.670000076293945]
assets:[0, 100.00015887279511, 200.20307767868042, 298.1745519706726, 398.1744146560669, 498.58145238695147, 596.0325279586792, 691.7448610733032, 790.312292146492, 894.4111862683295, 996.1647222259521, 1099.3450081663132, 1191.4445774002077, 1292.676920753479, 1398.0188904065133, 1495.1424506004332, 1587.4355522478104, 1697.3060646680833, 1788.5663597480775, 1892.2696916564942, 1982.4953815595627, 2090.730409495354, 2190.7307812843324]
shares:[0, 10.1523, 20.284, 30.5194, 40.7548, 50.9797, 61.2572, 71.6092, 81.9826, 92.3025, 102.6022, 112.8691, 123.2104, 133.541, 143.8291, 154.1384, 164.5011, 174.7998, 185.1518, 195.4824, 205.8666, 216.2079, 226.5492]
growth_rate:-0.42
