ticker:JOFFU
price:[10.420000076293945, 10.5, 10.800000190734863, 10.350000381469727, 10.149999618530273, 10.180000305175781, 10.050000190734863, 9.989999771118164, 9.970000267028809, 10.0600004196167, 10.140000343322754, 10.0, 10.010000228881836, 10.0, 9.979999542236328, 9.949999809265137, 9.9399995803833, 9.970000267028809, 10.0, 10.010000228881836, 9.949999809265137, 10.010000228881836, 10.050000190734863, 10.0, 9.989999771118164, 9.970000267028809, 9.960000038146973, 9.920000076293945, 9.90999984741211, 9.890000343322754, 9.869999885559082, 9.869999885559082]
assets:[0, 99.9999, 202.857483582592, 294.4047258508682, 388.71555039081574, 489.86466868515015, 583.608536076069, 680.1241794176102, 778.7627028577805, 885.79309694767, 992.8368396157264, 1079.129, 1180.2080559858323, 1279.029, 1376.470478863907, 1472.3333117763518, 1570.8539176864624, 1675.5951338778498, 1780.6370000000002, 1882.417580042076, 1971.1347622146607, 2083.020987628937, 2191.3442515886304, 2280.442, 2378.1614035137177, 2473.4005372456554, 2570.9200298466685, 2660.594612462425, 2757.912326535416, 2852.34631801672, 2946.5779218349453, 3046.5777996754646]
shares:[0, 9.5238, 18.7831, 28.4449, 38.2971, 48.1203, 58.0705, 68.0805, 78.1106, 88.051, 97.9129, 107.9129, 117.9029, 127.9029, 137.9229, 147.9732, 158.0336, 168.0637, 178.0637, 188.0537, 198.104, 208.094, 218.0442, 228.0442, 238.0542, 248.0843, 258.1245, 268.2051, 278.2959, 288.4071, 298.5388, 308.6705]
growth_rate:-1.72
