ticker:JOUT
price:[80.37000274658203, 84.75, 82.87000274658203, 82.05000305175781, 86.18000030517578, 90.80000305175781, 89.05000305175781, 86.33000183105469, 87.33000183105469, 90.4800033569336, 85.4000015258789, 84.30000305175781, 84.9800033569336, 88.55999755859375, 95.7699966430664, 104.5, 108.01000213623047, 112.62999725341797, 117.36000061035156, 109.91000366210938, 116.5999984741211, 109.02999877929688, 120.58999633789062, 125.41999816894531, 126.55999755859375, 120.68000030517578, 134.63999938964844, 146.22000122070312, 146.1999969482422, 138.82000732421875, 146.0399932861328, 149.55999755859375, 152.61000061035156, 148.39999389648438, 141.80999755859375, 141.75999450683594, 137.64999389648438, 127.0, 122.19000244140625, 121.69999694824219, 124.0999984741211, 118.88999938964844, 120.0999984741211, 119.20999908447266, 118.0999984741211, 112.87000274658203, 116.83999633789062, 118.37000274658203, 118.1500015258789, 118.5999984741211, 112.55999755859375, 118.18000030517578]
assets:[0, 99.99652499999999, 197.77754855499268, 295.8230810028076, 410.7166454544067, 532.7326979049683, 622.4684263320922, 703.4513869201661, 811.6013720169067, 940.8744109077453, 988.0523976539611, 1075.3224089279174, 1183.992394770813, 1333.8729712280274, 1542.4715659332278, 1783.07305, 1942.959525428009, 2126.0714061538697, 2315.360244041443, 2268.3776105804445, 2506.445227199554, 2443.7220716400147, 2802.8250488830568, 3015.084213981628, 3142.4847393798827, 3096.4798558303833, 3554.671015885925, 3960.3979770629885, 4059.856955255127, 3954.9264806640626, 4260.614576127625, 4463.304051141357, 4654.330320614624, 4625.939449740601, 4520.519835174561, 4618.923373017884, 4585.011176696777, 4330.2682, 4266.263935241699, 4349.156280940247, 4534.92419424057, 4444.536181182862, 4589.765561686707, 4655.758435243988, 4712.402519114686, 4603.719098027038, 4865.649755496216, 5029.363861698151, 5120.018501123809, 5239.522592589569, 5072.685129974365, 5425.962900011445]
shares:[0, 1.1799, 2.3866, 3.6054, 4.7658, 5.8671, 6.9901, 8.1484, 9.2935, 10.3987, 11.5697, 12.7559, 13.9326, 15.0618, 16.106, 17.0629, 17.9887, 18.8766, 19.7287, 20.6385, 21.4961, 22.4133, 23.2426, 24.0399, 24.83, 25.6586, 26.4013, 27.0852, 27.7692, 28.4896, 29.1743, 29.8429, 30.4982, 31.1721, 31.8773, 32.5827, 33.3092, 34.0966, 34.915, 35.7367, 36.5425, 37.3836, 38.2162, 39.0551, 39.9018, 40.7878, 41.6437, 42.4885, 43.3349, 44.1781, 45.0665, 45.9127]
growth_rate:6.39
