ticker:JRJC
price:[7.599999904632568, 7.610000133514404, 8.079999923706055, 7.510000228881836, 7.989999771118164, 8.359999656677246, 9.479999542236328, 9.90999984741211, 7.869999885559082, 8.100000381469727, 9.199999809265137, 9.239999771118164, 10.579999923706055, 9.989999771118164, 9.239999771118164, 8.9399995803833, 8.289999961853027, 7.989999771118164, 9.300000190734863, 8.619999885559082, 9.5, 9.579999923706055, 13.420000076293945, 14.279999732971191, 14.539999961853027, 11.8100004196167, 10.329999923706055, 11.649999618530273, 14.460000038146973, 11.819999694824219, 12.5, 12.050000190734863, 10.0, 10.40999984741211, 10.449999809265137, 10.449999809265137, 9.539999961853027, 9.130000114440918, 9.470000267028809, 10.520000457763672, 10.84000015258789, 9.5, 10.65999984741211, 10.300000190734863, 10.489999771118164, 9.479999542236328, 8.960000038146973, 8.510000228881836, 8.420000076293945, 8.0600004196167, 3.7100000381469727, 4.400000095367432]
assets:[0, 99.99996775445938, 206.17574205322265, 291.631332888031, 410.27050824737546, 529.2690702643395, 700.1757021903992, 831.9345771903992, 760.6787739386559, 882.9097615806579, 1102.8113371364593, 1207.6060620866774, 1482.7351473077777, 1500.049414632225, 1487.4329871551513, 1539.1398297574042, 1527.2335329723358, 1571.9653389694215, 1929.697029576397, 1888.6005989265443, 2181.40425, 2299.773823684883, 3321.604348883629, 3634.4641360373494, 3800.6382160286907, 3187.038446237469, 2887.646112672806, 3356.638665089607, 4266.265397254849, 3587.361633379364, 3893.74125, 3853.5671659966465, 3297.9809999999998, 3533.197670211029, 3646.774053438568, 3746.77428161335, 3520.5003939228054, 3469.200096485042, 3698.3930702848434, 4208.457803125381, 4436.471686449432, 3988.0515499999997, 4575.01396251297, 4520.510433710575, 4703.898423365402, 4350.996521902084, 4212.334353933907, 4100.777635293007, 4157.408717670441, 4079.6570663935663, 1977.857041336727, 2445.706613009262]
shares:[0, 13.1406, 25.5168, 38.8324, 51.348, 63.3097, 73.8582, 83.949, 96.6555, 109.0012, 119.8708, 130.6933, 140.1451, 150.1551, 160.9776, 172.1633, 184.226, 196.7416, 207.4943, 219.0952, 229.6215, 240.0599, 247.5115, 254.5143, 261.3919, 269.8593, 279.5398, 288.1235, 295.0391, 303.4993, 311.4993, 319.7981, 329.7981, 339.4042, 348.9736, 358.543, 369.0252, 379.9781, 390.5378, 400.0435, 409.2686, 419.7949, 429.1758, 438.8845, 448.4174, 458.9659, 470.1266, 481.8775, 493.754, 506.1609, 533.1151, 555.8424]
growth_rate:-52.04
