ticker:JRSH
price:[5.0, 4.820000171661377, 4.900000095367432, 4.579999923706055, 4.619999885559082, 4.659999847412109, 4.739999771118164, 4.849999904632568, 4.789999961853027, 4.909999847412109, 5.050000190734863, 5.019999980926514, 5.36899995803833, 5.349999904632568, 5.300000190734863, 5.320000171661377, 5.519999980926514, 5.849999904632568, 6.070000171661377, 5.710000038146973, 5.699999809265137, 5.820000171661377, 5.690000057220459, 5.96999979019165, 6.070000171661377, 5.789999961853027, 5.909999847412109, 6.300000190734863, 6.25, 5.989999771118164, 6.800000190734863, 6.659999847412109, 6.635000228881836, 6.840000152587891, 6.599999904632568, 6.440000057220459, 6.489999771118164, 6.5, 6.118000030517578, 6.400000095367432, 6.349999904632568, 6.409999847412109, 6.449999809265137, 7.230000019073486, 7.130000114440918, 7.0, 7.019999980926514, 7.1539998054504395, 7.789999961853027, 7.9770002365112305, 7.829999923706055, 7.900000095367432]
assets:[0, 100.00006156144143, 201.65999392485617, 288.4905311943054, 391.00999431438447, 494.3952278114319, 602.8824668884278, 716.8736359038353, 808.0049755651474, 928.2472551528931, 1054.7147598358154, 1148.448989636469, 1328.2911265186788, 1423.590569623518, 1510.2859343517305, 1615.9851641432763, 1776.7361938607694, 1982.9539926736354, 2157.5269310154913, 2129.5679252270697, 2225.838525518417, 2372.698251982927, 2419.6998363332746, 2638.7709512636184, 2782.9718577032563, 2754.5976928515433, 2911.68789882431, 3203.8298169971467, 3278.4025, 3242.0208871202467, 3780.424746038055, 3802.5921808784483, 3888.3184731319425, 4108.454983652115, 4064.2984212724687, 4065.7703881250377, 4197.336610973168, 4303.80405, 4150.872750905228, 4442.201026193952, 4507.495997304201, 4650.086314306259, 4779.10413867569, 5457.042785396242, 5481.56476498251, 5481.6202, 5597.2818567920685, 5804.124459359646, 6420.119120561219, 6674.234847485352, 6651.241981191635, 6810.7038422176365]
shares:[0, 20.7469, 41.1551, 62.9892, 84.6342, 106.0934, 127.1904, 147.809, 168.6858, 189.0524, 208.8544, 228.7747, 247.4001, 266.0917, 284.9596, 303.7566, 321.8725, 338.9665, 355.441, 372.9541, 390.498, 407.6801, 425.2548, 442.0052, 458.4797, 475.7509, 492.6714, 508.5444, 524.5444, 541.2389, 555.9448, 570.9598, 586.0314, 600.6513, 615.8028, 631.3308, 646.7391, 662.1237, 678.4689, 694.0939, 709.8419, 725.4425, 740.9464, 754.7777, 768.8029, 783.0886, 797.3336, 811.3118, 824.1488, 836.6848, 849.4562, 862.1144]
growth_rate:33.54
