ticker:JRVR
price:[47.72999954223633, 47.130001068115234, 44.209999084472656, 43.18000030517578, 44.650001525878906, 46.97999954223633, 49.599998474121094, 55.220001220703125, 46.72999954223633, 46.849998474121094, 50.15999984741211, 46.88999938964844, 47.5099983215332, 45.11000061035156, 46.7599983215332, 50.68000030517578, 48.869998931884766, 49.150001525878906, 54.099998474121094, 49.0099983215332, 47.54999923706055, 44.47999954223633, 46.619998931884766, 51.959999084472656, 49.31999969482422, 45.90999984741211, 46.849998474121094, 47.459999084472656, 46.5, 45.93000030517578, 46.400001525878906, 48.720001220703125, 50.81999969482422, 46.36000061035156, 47.11000061035156, 37.119998931884766, 34.310001373291016, 32.790000915527344, 34.91999816894531, 35.81999969482422, 35.79999923706055, 35.91999816894531, 36.91999816894531, 36.93000030517578, 36.630001068115234, 37.869998931884766, 36.540000915527344, 36.380001068115234, 38.529998779296875, 38.599998474121094, 38.66999816894531, 38.220001220703125]
assets:[0, 100.0004362663269, 193.8033729866028, 289.2887300445557, 399.1352936401367, 519.9652389335632, 648.9614200355529, 822.4908741821289, 796.0361962020875, 898.0816757499695, 1061.5310607707977, 1092.3306697814942, 1206.772961366272, 1245.8119088562012, 1391.3811580558777, 1608.0257296829222, 1650.5939879241942, 1760.0517246414186, 2037.308562538147, 1945.628319367218, 1987.6660481079102, 1959.3350838356016, 2153.6015266586305, 2500.2839799453736, 2473.25002469635, 2402.249924015808, 2551.4368619010925, 2684.6555302116394, 2730.3498, 2796.879810583496, 2925.5015362060544, 3171.7743914703365, 3408.4872155319213, 3209.3544902526855, 3361.274988548279, 2748.4946409130093, 2640.4325166858675, 2623.4558352493286, 2893.8726282577513, 3068.4557978576663, 3166.7426325130464, 3277.3585929336546, 3468.60059997406, 3569.539346497345, 3640.542253156662, 3863.781316022873, 3828.0839639144897, 3911.3230548362735, 4242.476517590332, 4350.18508803482, 4458.074605906677, 4506.195473922729]
shares:[0, 2.1218, 4.3837, 6.6996, 8.9392, 11.0678, 13.0839, 14.8948, 17.0348, 19.1693, 21.1629, 23.2956, 25.4004, 27.6172, 29.7558, 31.729, 33.7752, 35.8098, 37.6582, 39.6986, 41.8016, 44.0498, 46.1948, 48.1194, 50.147, 52.3252, 54.4597, 56.5667, 58.7172, 60.8944, 63.0496, 65.1021, 67.0698, 69.2268, 71.3495, 74.0435, 76.9581, 80.0078, 82.8715, 85.6632, 88.4565, 91.2405, 93.9491, 96.6569, 99.3869, 102.0275, 104.7642, 107.513, 110.1084, 112.6991, 115.2851, 117.9015]
growth_rate:-11.64
