ticker:JSM
price:[22.799999237060547, 23.110000610351562, 22.56999969482422, 21.690000534057617, 21.239999771118164, 22.1200008392334, 22.0, 22.030000686645508, 22.059999465942383, 22.6299991607666, 23.639999389648438, 23.350000381469727, 23.6299991607666, 24.059999465942383, 23.360000610351562, 23.639999389648438, 24.020000457763672, 25.149999618530273, 24.690000534057617, 24.34000015258789, 24.790000915527344, 24.399999618530273, 24.969999313354492, 24.149999618530273, 23.979999542236328, 23.450000762939453, 23.510000228881836, 23.860000610351562, 24.040000915527344, 23.81999969482422, 24.450000762939453, 24.459999084472656, 24.5, 24.399999618530273, 24.1299991607666, 24.34000015258789, 24.229999542236328, 24.399999618530273, 25.170000076293945, 25.350000381469727, 25.020000457763672, 25.200000762939453, 25.209999084472656, 25.34000015258789, 25.270000457763672, 25.329999923706055, 25.399999618530273, 25.68000030517578, 25.670000076293945, 25.549999237060547, 25.600000381469727, 25.690000534057617]
assets:[0, 99.99928364105224, 197.66354332733152, 289.956265139389, 383.9406078626633, 499.84787096424105, 597.1372, 697.9522787542343, 798.9028806591035, 919.545122898674, 1060.5849326171874, 1147.5754637479783, 1261.336273202896, 1384.2896632730485, 1444.014789729309, 1561.3226716888428, 1686.4202121391297, 1865.7552367006303, 1931.6295987821577, 2004.2481045646668, 2141.3032620811464, 2207.616805486107, 2359.1880081251147, 2381.714017378807, 2464.9473169456483, 2510.467971677399, 2616.891072476769, 2755.849158496094, 2876.6385295524597, 2950.3141962013246, 3128.3458126171113, 3229.624899116516, 3334.9057, 3421.29474651146, 3483.4356348472593, 3613.752520654678, 3697.4203941467285, 3823.362820225525, 4044.018606258011, 4172.939612794876, 4218.617273183441, 4348.968251666642, 4450.694246368408, 4573.644501540756, 4661.011152433776, 4772.0782646265025, 4885.265746630669, 5039.11969188385, 5137.157425268173, 5213.142639332199, 5323.343439323997, 5442.0592461324695]
shares:[0, 4.3271, 8.7578, 13.3682, 18.0763, 22.5971, 27.1426, 31.6819, 36.215, 40.6339, 44.864, 49.1467, 53.3786, 57.5349, 61.8157, 66.0458, 70.209, 74.1851, 78.2353, 82.3438, 86.3777, 90.4761, 94.4809, 98.6217, 102.7918, 107.0562, 111.3097, 115.5008, 119.6605, 123.8587, 127.9487, 132.037, 136.1186, 140.217, 144.3612, 148.4697, 152.5968, 156.6952, 160.6682, 164.613, 168.6098, 172.5781, 176.5448, 180.4911, 184.4484, 188.3963, 192.3333, 196.2274, 200.123, 204.0369, 207.9431, 211.8357]
growth_rate:6.71
