ticker:JSMD
price:[51.02199935913086, 49.944000244140625, 51.345001220703125, 50.66899871826172, 52.37099838256836, 56.11600112915039, 56.08000183105469, 55.09000015258789, 52.2400016784668, 56.349998474121094, 56.505001068115234, 57.44499969482422, 58.696998596191406, 60.104000091552734, 59.965999603271484, 62.869998931884766, 63.04999923706055, 62.70500183105469, 65.25700378417969, 65.55999755859375, 66.9000015258789, 64.77100372314453, 67.87999725341797, 69.0469970703125, 67.7699966430664, 65.91000366210938, 64.31600189208984, 67.55500030517578, 67.0999984741211, 67.37999725341797, 67.92500305175781, 68.76699829101562, 69.56999969482422, 69.62000274658203, 68.22000122070312, 68.13200378417969, 66.5260009765625, 66.38999938964844, 67.58000183105469, 67.4990005493164, 67.97000122070312, 65.94000244140625, 67.80000305175781, 67.62999725341797, 67.5, 65.06999969482422, 67.31999969482422, 67.7979965209961, 67.80999755859375, 67.16000366210938, 66.32499694824219, 68.73999786376953]
assets:[0, 99.99787728881837, 202.80248582153322, 300.13274700775145, 410.21679323081975, 539.5497392566681, 639.2054688705445, 727.9206990161896, 790.2606253910064, 952.4333092094422, 1055.0557294437408, 1172.6075452705384, 1298.1662997528076, 1429.2851429771424, 1526.0027647041322, 1699.904179119873, 1804.768398161316, 1894.894991333008, 2072.0142813537595, 2181.6334827575683, 2326.2267830574037, 2352.197862808228, 2565.103640209961, 2709.2039287475586, 2759.0995423301697, 2783.372863650513, 2816.0568480445863, 3057.877088813782, 3137.280558657074, 3250.370639506531, 3376.6605817077634, 3518.5184811584472, 3659.6046079467774, 3762.2371004241945, 3786.5784557556153, 3881.6914647964477, 3890.194390905762, 3982.244777389526, 4153.622346540832, 4248.643590776062, 4378.287628631592, 4347.523270965577, 4570.154125708008, 4658.692360801697, 4749.73875, 4678.747709056855, 4940.527261603546, 5075.608872148895, 5176.506717626952, 5226.888469012451, 5261.900265388488, 5553.497553414154]
shares:[0, 2.0022, 3.9498, 5.9234, 7.8329, 9.6149, 11.3981, 13.2133, 15.1275, 16.9021, 18.6719, 20.4127, 22.1164, 23.7802, 25.4478, 27.0384, 28.6244, 30.2192, 31.7516, 33.2769, 34.7717, 36.3156, 37.7888, 39.2371, 40.7127, 42.2299, 43.7847, 45.265, 46.7553, 48.2394, 49.7116, 51.1658, 52.6032, 54.0396, 55.5054, 56.9731, 58.4763, 59.9826, 61.4623, 62.9438, 64.415, 65.9315, 67.4064, 68.885, 70.3665, 71.9033, 73.3887, 74.8637, 76.3384, 77.8274, 79.3351, 80.7899]
growth_rate:8.89
