ticker:JSML
price:[48.26499938964844, 46.775001525878906, 47.391998291015625, 46.119998931884766, 48.33700180053711, 51.207000732421875, 51.30500030517578, 50.67399978637695, 47.731998443603516, 52.41999816894531, 54.2400016784668, 56.15399932861328, 57.50199890136719, 59.28300094604492, 59.79999923706055, 62.720001220703125, 63.595001220703125, 63.349998474121094, 66.78500366210938, 66.34200286865234, 67.76899719238281, 64.96499633789062, 70.25499725341797, 73.01000213623047, 71.06999969482422, 67.25499725341797, 66.06300354003906, 69.91999816894531, 68.06700134277344, 67.7030029296875, 68.7699966430664, 68.81999969482422, 68.98300170898438, 70.05999755859375, 68.33999633789062, 67.31999969482422, 65.33000183105469, 65.66000366210938, 67.48100280761719, 67.69999694824219, 68.80999755859375, 67.2300033569336, 68.98999786376953, 68.29000091552734, 67.30000305175781, 64.05999755859375, 66.35399627685547, 67.58999633789062, 69.27999877929688, 68.08000183105469, 66.8499984741211, 70.13999938964844]
assets:[0, 100.00027576217651, 201.3212087402344, 295.9197491466522, 410.1442939777374, 534.4986736450196, 635.520169280243, 727.7039739322662, 785.4539003887177, 962.5989103759765, 1096.0222899166108, 1234.6972910377503, 1364.338427532959, 1506.5944728424072, 1619.7308193351746, 1798.8221790100097, 1923.9204934295656, 2016.5064714294433, 2225.843994552612, 2311.0767435317994, 2460.787164651489, 2458.9705868865967, 2759.2017876304626, 2967.403924824524, 2988.5574501670835, 2928.1346194198604, 2976.2374039840697, 3250.000378889465, 3263.867167987061, 3346.410488208008, 3499.1480921928405, 3601.6946840286255, 3710.223153717041, 3868.145579205322, 3873.1829604492186, 3915.3715742507934, 3899.6327382980344, 4019.331162173462, 4230.802448226928, 4344.53221415863, 4515.766185778808, 4512.074445297241, 4730.195718532563, 4782.1985261123655, 4812.872228242492, 4681.165103594971, 4948.800479521179, 5140.9829884552, 5369.525521389771, 5376.522832604981, 5379.385952213287, 5744.129278015137]
shares:[0, 2.1379, 4.248, 6.4163, 8.4851, 10.438, 12.3871, 14.3605, 16.4555, 18.3632, 20.2069, 21.9877, 23.7268, 25.4136, 27.0858, 28.6802, 30.2527, 31.8312, 33.3285, 34.8358, 36.3114, 37.8507, 39.2741, 40.6438, 42.0509, 43.5378, 45.0515, 46.4817, 47.9508, 49.4278, 50.8819, 52.335, 53.7846, 55.2119, 56.6752, 58.1606, 59.6913, 61.2143, 62.6962, 64.1733, 65.6266, 67.114, 68.5635, 70.0278, 71.5137, 73.0747, 74.5818, 76.0613, 77.5047, 78.9736, 80.4695, 81.8952]
growth_rate:12.63
