ticker:JUPW
price:[6.0, 4.260000228881836, 3.934999942779541, 4.369999885559082, 4.550000190734863, 5.159999847412109, 4.010000228881836, 6.510000228881836, 5.059999942779541, 5.090000152587891, 4.800000190734863, 5.71999979019165, 5.800000190734863, 5.369999885559082, 6.400000095367432, 7.550000190734863, 6.829999923706055, 5.300000190734863, 4.940000057220459, 5.809999942779541, 5.690000057220459, 4.559999942779541, 4.75, 4.989999771118164, 4.460000038146973, 4.409999847412109, 4.659999847412109, 4.179999828338623, 4.03000020980835, 4.269999980926514, 4.449999809265137, 4.590000152587891, 4.389999866485596, 4.320000171661377, 4.46999979019165, 4.409999847412109, 4.440000057220459, 4.210000038146973, 2.130000114440918, 1.940000057220459, 1.850000023841858, 1.7699999809265137, 1.6399999856948853, 1.6299999952316284, 1.7100000381469727, 1.7100000381469727]
assets:[0, 100.00009737281799, 192.37112920265199, 313.6370767865181, 426.55569288110735, 583.7420107379913, 553.6446916007995, 998.8098051166534, 876.3403780900001, 981.5362874244689, 1025.6136407542228, 1322.1893915023802, 1440.6817673772812, 1433.8726674425125, 1808.898586954689, 2233.9348264356613, 2120.897337308693, 1745.7914428270342, 1727.2092700064181, 2131.3938310087206, 2187.372012996912, 1852.9728487482548, 2030.179925, 2232.7574335876466, 2095.610851924038, 2172.117200843811, 2395.252969569397, 2248.531423658848, 2267.842721067572, 2502.9001998198987, 2708.4087239128116, 2893.617339194107, 2867.5334257888317, 2921.8096521022794, 3123.261267403507, 3181.3381689243315, 3302.9799785671235, 3231.8797832841874, 1735.13174722538, 1680.3547175621986, 1702.4001769396664, 1728.7828763706684, 1701.8101091557385, 1791.4332387593747, 1979.356337155819, 2079.356284386635]
shares:[0, 23.4742, 48.8872, 71.7705, 93.7485, 113.1283, 138.066, 153.427, 173.1898, 192.8362, 213.6695, 231.152, 248.3934, 267.0154, 282.6404, 295.8854, 310.5267, 329.3946, 349.6375, 366.8492, 384.4239, 406.3537, 427.4063, 447.4464, 469.8679, 492.5436, 514.0028, 537.9262, 562.7401, 586.1593, 608.6312, 630.4177, 653.1967, 676.3448, 698.7162, 721.3919, 743.9144, 767.6674, 814.6158, 866.1622, 920.2163, 976.7135, 1037.6891, 1099.0388, 1157.5183, 1215.9978]
growth_rate:-53.79
