ticker:JVA
price:[3.700000047683716, 3.5899999141693115, 3.299999952316284, 3.2300000190734863, 3.4100000858306885, 3.509999990463257, 4.0, 3.6700000762939453, 3.809999942779541, 3.7100000381469727, 3.75, 3.859999895095825, 3.990000009536743, 3.940000057220459, 3.7799999713897705, 3.950000047683716, 3.9100000858306885, 3.8399999141693115, 3.940000057220459, 4.659999847412109, 5.309999942779541, 4.75, 5.289999961853027, 5.400000095367432, 4.699999809265137, 5.010000228881836, 4.53000020980835, 5.019999980926514, 5.150000095367432, 4.920000076293945, 4.96999979019165, 5.329999923706055, 4.849999904632568, 4.739999771118164, 4.610000133514404, 5.230000019073486, 5.170000076293945, 5.659999847412109, 5.929999828338623, 6.070000171661377, 6.190000057220459, 5.260000228881836, 5.400000095367432, 5.090000152587891, 5.070000171661377, 5.179999828338623, 5.300000190734863, 5.940000057220459, 5.519999980926514, 5.440000057220459, 5.260000228881836, 5.21999979019165]
assets:[0, 100.000165609169, 191.92205722680092, 287.85114169979096, 403.8923451660871, 515.736583598733, 687.734, 730.9961201963424, 858.8814291008949, 936.3387136276244, 1046.434125, 1177.1293560088634, 1316.7738181473017, 1400.2728683361054, 1443.4088650750637, 1608.324284415412, 1692.0372881428957, 1761.7451126219273, 1907.6239177043437, 2356.2250048473356, 2784.8831009901523, 2591.185325, 2985.7622054692265, 3147.8479755929948, 2839.7934647558213, 3127.099357861519, 2927.4972335879324, 3344.157825293875, 3530.7597253824233, 3473.0752858566284, 3608.370438672781, 3969.74130317688, 3712.241337004757, 3728.0458439826966, 3725.8002639062884, 4326.884138779878, 4377.245189595223, 4892.109366113663, 5225.4784897330765, 5448.846128094959, 5656.566279289389, 4906.710735508918, 5137.307370728111, 4942.388112162781, 5022.96831506896, 5231.947456617117, 5453.151116246415, 6211.64457583723, 5872.437075708723, 5887.329629925681, 5792.528438054084, 5848.478368931103]
shares:[0, 27.8552, 58.1582, 89.118, 118.4435, 146.9335, 171.9335, 199.1815, 225.4282, 252.3824, 279.0491, 304.9558, 330.0185, 355.3992, 381.8542, 407.1707, 432.7461, 458.7878, 484.1685, 505.6277, 524.4601, 545.5127, 564.4163, 582.9348, 604.2114, 624.1715, 646.2466, 666.1669, 685.5844, 705.9096, 726.0303, 744.792, 765.4106, 786.5076, 808.1996, 827.3201, 846.6625, 864.3303, 881.1937, 897.6682, 913.8233, 932.8347, 951.3532, 970.9996, 990.7235, 1010.0285, 1028.8964, 1045.7314, 1063.8473, 1082.2297, 1101.2411, 1120.3982]
growth_rate:14.68
