ticker:JWEL
price:[7.329999923706055, 7.039999961853027, 7.789999961853027, 7.960000038146973, 7.900000095367432, 7.679999828338623, 7.900000095367432, 7.75, 7.65500020980835, 7.389999866485596, 7.079999923706055, 7.0, 6.289999961853027, 6.809999942779541, 6.480000019073486, 6.144999980926514, 5.760000228881836, 4.820000171661377, 5.099999904632568, 5.119999885559082, 5.03000020980835, 4.900000095367432, 4.71999979019165, 5.559999942779541, 5.239999771118164]
assets:[0, 99.99967945814133, 210.65328396844862, 315.25022951078415, 412.8737549841404, 501.3757327933788, 615.7378574330808, 704.046425, 795.416527300787, 867.8808453200817, 931.4745259624481, 1020.9493, 1017.3961718297958, 1201.5053149044513, 1243.2826116595268, 1279.0080060300827, 1298.874867612648, 1186.9057622709274, 1355.8543546462058, 1461.1716793402672, 1535.4870380473137, 1595.802631058693, 1637.181015225792, 2028.5437391233445, 2011.7931121253969]
shares:[0, 14.2045, 27.0415, 39.6043, 52.2625, 65.2833, 77.9415, 90.8447, 103.9081, 117.4399, 131.5642, 145.8499, 161.7482, 176.4325, 191.8646, 208.138, 225.4991, 246.246, 265.8538, 285.3851, 305.2658, 325.674, 346.8604, 364.846, 383.93]
growth_rate:-16.18
