ticker:JYAC
price:[10.0, 10.0, 10.0, 10.1899995803833, 10.25, 10.899999618530273, 10.300000190734863, 10.350000381469727, 10.220000267028809, 10.369999885559082, 10.274999618530273, 10.399999618530273, 10.649999618530273, 11.220000267028809, 10.520000457763672, 10.118000030517578, 10.180000305175781, 10.079999923706055, 9.770000457763672, 9.864999771118164, 10.0, 9.970000267028809, 10.100000381469727, 10.010000228881836, 9.949999809265137, 9.8100004196167, 9.760000228881836, 9.890000343322754, 9.890000343322754, 9.829999923706055, 10.0, 9.899999618530273, 9.850000381469727, 9.8100004196167, 9.819999694824219, 9.84000015258789, 9.824999809265137, 9.75, 9.680999755859375, 9.6899995803833, 9.6899995803833, 9.6899995803833, 9.6899995803833]
assets:[0, 100.0, 200.0, 303.79955248975756, 405.58840000000004, 531.3084914056777, 602.0617911489486, 704.9840659835816, 796.128822801304, 907.8136409815788, 999.4975053926468, 1111.6569992246627, 1238.3798256427765, 1404.6598834300041, 1417.025125659943, 1462.8766332122805, 1571.8409111206054, 1656.4000194629668, 1705.4590959075929, 1822.041781726074, 1946.9759999999999, 2041.1352236681937, 2167.7499518743516, 2248.4332384111403, 2334.9565052404405, 2402.1031897484777, 2489.8599943897248, 2623.023913055992, 2723.023684527397, 2806.503315217781, 2955.0389999999998, 3025.4883934209824, 3110.208540451813, 3197.5784657744407, 3300.837741419983, 3407.5605648406986, 3502.3658245078086, 3575.630175, 3650.3255127441403, 3753.718820448589, 3853.718647118187, 3953.7184737877847, 4053.718300457382]
shares:[0, 10.0, 20.0, 29.8135, 39.5696, 48.7439, 58.4526, 68.1144, 77.8991, 87.5423, 97.2747, 106.8901, 116.2798, 125.1925, 134.6982, 144.5816, 154.4048, 164.3254, 174.5608, 184.6976, 194.6976, 204.7277, 214.6287, 224.6187, 234.669, 244.8627, 255.1086, 265.2198, 275.331, 285.5039, 295.5039, 305.6049, 315.7572, 325.9509, 336.1342, 346.2968, 356.4749, 366.7313, 377.0608, 387.3807, 397.7006, 408.0205, 418.3404]
growth_rate:-3.48
