ticker:JYNT
price:[17.700000762939453, 17.559999465942383, 17.75, 17.350000381469727, 17.899999618530273, 18.68000030517578, 19.05500030517578, 19.06999969482422, 18.739999771118164, 21.139999389648438, 24.989999771118164, 26.770000457763672, 26.280000686645508, 26.670000076293945, 26.3799991607666, 26.610000610351562, 25.540000915527344, 26.260000228881836, 28.8799991607666, 28.329999923706055, 29.81999969482422, 32.529998779296875, 35.61000061035156, 37.81999969482422, 38.11000061035156, 39.810001373291016, 44.09000015258789, 46.779998779296875, 42.75, 45.68000030517578, 45.58000183105469, 51.400001525878906, 52.470001220703125, 54.41999816894531, 55.47999954223633, 53.90999984741211, 50.40999984741211, 55.380001068115234, 71.08000183105469, 72.37000274658203, 76.63999938964844, 75.05000305175781, 80.66999816894531, 83.41000366210938, 85.6500015258789, 83.4000015258789, 82.75, 78.98999786376953, 104.5199966430664, 95.80999755859375, 89.43000030517578, 98.69000244140625]
assets:[0, 100.00068495864868, 201.08265, 296.551411520195, 405.9523013486862, 523.6415045547485, 634.154221156311, 734.6526682434082, 821.9401379611969, 1027.2052543426514, 1314.2790659626007, 1507.8925547847748, 1580.2926532899855, 1703.7436128738402, 1785.2189592063903, 1900.7842755981446, 1924.3522329818725, 2078.602440117073, 2385.9875546648027, 2440.5473364274976, 2668.9078646865846, 3011.4548779937745, 3396.585127217102, 3707.3811100845337, 3835.809671432495, 4106.915190672684, 4648.452806087494, 5032.063654690552, 4698.562725, 5120.590994209289, 5209.379431272888, 5974.551137362671, 6198.926625216675, 6529.305938310242, 6756.487496252441, 6665.286824134445, 6332.554590831756, 7056.8907821063995, 9157.492523901366, 9423.688855647277, 10079.708047726439, 9970.588035433959, 10817.217528469848, 11284.631146450805, 11687.679298219298, 11480.644050048828, 11491.169774999998, 11069.034279645539, 14746.611354373932, 13617.724058996582, 12810.919087716675, 14237.424381207276]
shares:[0, 5.6948, 11.3286, 17.0923, 22.6789, 28.0322, 33.2802, 38.524, 43.8602, 48.5906, 52.5922, 56.3277, 60.1329, 63.8824, 67.6732, 71.4312, 75.3466, 79.1547, 82.6173, 86.1471, 89.5006, 92.5747, 95.3829, 98.027, 100.651, 103.1629, 105.431, 107.5687, 109.9079, 112.097, 114.2909, 116.2364, 118.1423, 119.9799, 121.7824, 123.6373, 125.621, 127.4267, 128.8336, 130.2154, 131.5202, 132.8526, 134.0922, 135.2911, 136.4586, 137.6576, 138.8661, 140.1321, 141.0889, 142.1326, 143.2508, 144.2641]
growth_rate:179.17
