ticker:KAIIU
price:[10.229999542236328, 10.0600004196167, 10.079999923706055, 10.010000228881836, 9.9399995803833, 9.949999809265137, 9.9399995803833, 10.039999961853027, 10.020000457763672, 9.949999809265137, 9.960000038146973, 9.9399995803833, 9.880000114440918, 9.890000343322754, 9.949999809265137, 9.949999809265137, 9.960000038146973, 9.949999809265137, 9.979999542236328, 9.942000389099121, 9.920000076293945, 9.930000305175781, 9.970000267028809, 9.960000038146973, 9.890000343322754, 9.930000305175781, 9.850000381469727, 9.800000190734863, 9.850000381469727, 9.829999923706055]
assets:[0, 100.00042817115784, 200.19887848472595, 298.8085168323517, 396.7192992525101, 497.11890547056197, 596.6196488137246, 702.622289330387, 801.2222826038361, 895.625352831459, 996.5258918167115, 1094.5251617946626, 1187.9188497597695, 1289.1209957507133, 1396.94216322155, 1496.9426463046073, 1598.4475381220818, 1696.8431174726486, 1801.9587773475646, 1895.0973867682455, 1990.903343311882, 2092.910416320801, 2201.3411639590263, 2299.133540805721, 2382.9748137228967, 2492.6127886047366, 2572.531494628716, 2659.4730917606353, 2773.042042394066, 2867.4109777450562]
shares:[0, 9.9404, 19.861, 29.851, 39.9114, 49.9617, 60.0221, 69.9823, 79.9623, 90.0126, 100.0528, 110.1132, 120.2347, 130.3459, 140.3962, 150.4465, 160.4867, 170.537, 180.557, 190.6153, 200.6959, 210.7664, 220.7965, 230.8367, 240.9479, 251.0184, 261.1707, 271.3748, 281.5271, 291.7]
growth_rate:-1.12
