ticker:KAIRU
price:[10.3100004196167, 10.404999732971191, 10.430000305175781, 10.40999984741211, 10.40999984741211, 10.550000190734863, 10.600000381469727, 10.390000343322754, 10.289999961853027, 10.1899995803833, 10.050000190734863, 10.0, 10.050000190734863, 10.1899995803833, 10.25, 10.170000076293945, 10.109999656677246, 10.079999923706055, 10.024999618530273, 10.0, 10.100000381469727, 10.100000381469727, 10.149999618530273, 9.949999809265137, 10.020000457763672, 10.0, 10.050000190734863, 10.133000373840332, 10.024999618530273, 10.020000457763672, 9.949999809265137, 10.0, 9.9399995803833, 9.930000305175781]
assets:[0, 100.00037143363951, 200.24036085891723, 299.85588160476686, 399.8553811389923, 505.23317913417816, 607.6280618671417, 695.5897429847716, 788.8951950754166, 881.2281067116737, 969.1205133925438, 1064.299, 1169.6200271977425, 1285.912731047058, 1393.484425, 1482.6080361223221, 1573.8610535536766, 1669.1905313661575, 1760.083168025589, 1855.694, 1974.25111456604, 2074.2512183429717, 2184.519457898712, 2241.4752620324134, 2357.244185690689, 2452.5389999999998, 2564.8012536763194, 2685.982781494903, 2757.355092577553, 2855.979688475418, 2936.0280337183, 3050.7819999999997, 3132.477551762581, 3229.326462245941]
shares:[0, 9.6108, 19.1985, 28.8046, 38.4107, 47.8894, 57.3234, 66.948, 76.6662, 86.4797, 96.4299, 106.4299, 116.3801, 126.1936, 135.9497, 145.7825, 155.6737, 165.5943, 175.5694, 185.5694, 195.4704, 205.3714, 215.2236, 225.2739, 235.2539, 245.2539, 255.2041, 265.0728, 275.0479, 285.0279, 295.0782, 305.0782, 315.1386, 325.2091]
growth_rate:-2.14
