ticker:KAIR
price:[9.930000305175781, 9.880000114440918, 9.779999732971191, 9.739999771118164, 9.675000190734863, 9.729999542236328, 9.75, 9.869999885559082, 9.850000381469727, 9.800000190734863, 9.8100004196167, 9.729999542236328, 9.699999809265137, 9.729999542236328, 9.789999961853027, 9.760000228881836, 9.710000038146973, 9.729999542236328, 9.699999809265137, 9.680000305175781, 9.720000267028809, 9.739999771118164, 9.739999771118164, 9.65999984741211, 9.699999809265137, 9.710000038146973, 9.699999809265137, 9.619999885559082]
assets:[0, 100.00042115831374, 198.98778656692505, 298.1735349931717, 396.18351781044004, 498.4357675502777, 599.460225, 706.8380678043366, 805.4059661916733, 901.3177775421142, 1002.2377118700981, 1094.0645005279541, 1190.6914665869713, 1294.374055104065, 1402.3558175356864, 1498.0585311309815, 1590.3843992480276, 1693.6601543190002, 1788.4384348332405, 1884.7512354194641, 1992.53979073925, 2096.639168730736, 2196.638772380829, 2278.5969000076293, 2388.0322830431937, 2490.4946057842253, 2587.9298791125298, 2666.586046277904]
shares:[0, 10.1215, 20.3464, 30.6133, 40.9492, 51.2267, 61.4831, 71.6148, 81.7671, 91.9712, 102.1649, 112.4424, 122.7517, 133.0292, 143.2437, 153.4896, 163.7883, 174.0658, 184.3751, 194.7057, 204.9938, 215.2607, 225.5276, 235.8796, 246.1889, 256.4876, 266.7969, 277.1919]
growth_rate:-1.24
