ticker:KALA
price:[7.960000038146973, 8.770000457763672, 9.829999923706055, 7.78000020980835, 7.349999904632568, 8.609999656677246, 8.039999961853027, 7.75, 6.599999904632568, 7.119999885559082, 7.420000076293945, 7.5, 7.300000190734863, 7.429999828338623, 7.480000019073486, 7.539999961853027, 7.659999847412109, 6.78000020980835, 7.610000133514404, 7.489999771118164, 7.429999828338623, 7.429999828338623, 9.420000076293945, 8.630000114440918, 9.020000457763672, 7.409999847412109, 7.119999885559082, 7.659999847412109, 8.029999732971191, 7.019999980926514, 7.110000133514404, 7.570000171661377, 7.46999979019165, 8.069999694824219, 7.730000019073486, 5.429999828338623, 5.059999942779541, 5.440000057220459, 5.650000095367432, 5.869999885559082, 6.329999923706055, 5.860000133514404, 6.039999961853027, 5.0, 4.619999885559082, 3.799999952316284, 3.609999895095825, 3.450000047683716, 3.140000104904175, 3.0299999713897705, 2.9000000953674316, 3.25]
assets:[0, 99.99993021965027, 212.0861803539276, 267.8568492234707, 353.0521004190922, 513.575286521244, 579.5754572501182, 658.670175, 660.931910449791, 813.0050189324379, 947.2609537399293, 1057.4737499999999, 1129.2742595057487, 1249.3849341344358, 1357.7927914622783, 1468.6841705695151, 1592.0581982860565, 1509.1588907011985, 1793.908375473404, 1865.620377989769, 1950.6758699319364, 2050.676237621546, 2699.9152058670047, 2573.4893351265905, 2789.78872558136, 2391.833095746994, 2398.2252894529342, 2680.1129186119083, 2909.570028245449, 2643.6091428172585, 2777.5016441570283, 3057.199073326683, 3116.813339458704, 3467.1599678855896, 3421.0838874413967, 2503.1674758660793, 2432.60155049119, 2715.287356560659, 2920.105369289017, 3133.8086209035873, 3479.3882700637814, 3321.0449076667783, 3523.056477749348, 3016.4375, 2887.188078482151, 2474.743508946061, 2451.006179775405, 2442.3744037569522, 2322.914615606189, 2341.5385278904437, 2341.0766969870565, 2723.62025]
shares:[0, 11.4025, 21.5754, 34.4289, 48.0343, 59.6487, 72.0865, 84.9897, 100.1412, 114.1861, 127.6632, 140.9965, 154.6951, 168.1541, 181.5231, 194.7857, 207.8405, 222.5898, 235.7304, 249.0815, 262.5405, 275.9995, 286.6152, 298.2027, 309.2892, 322.7845, 336.8294, 349.8842, 362.3375, 376.5825, 390.6472, 403.8572, 417.2441, 429.6357, 442.5723, 460.9885, 480.7513, 499.1337, 516.8328, 533.8686, 549.6664, 566.7312, 583.2875, 603.2875, 624.9325, 651.2483, 678.9491, 707.9346, 739.7817, 772.785, 807.2678, 838.037]
growth_rate:-46.6
