ticker:KALU
price:[64.44999694824219, 57.189998626708984, 59.97999954223633, 50.5, 55.06999969482422, 62.77000045776367, 65.05999755859375, 63.91999816894531, 62.93000030517578, 65.04000091552734, 76.83000183105469, 75.29000091552734, 79.94999694824219, 99.31999969482422, 94.55000305175781, 93.7300033569336, 95.6500015258789, 98.9000015258789, 107.08000183105469, 102.9800033569336, 99.61000061035156, 86.69999694824219, 98.62999725341797, 108.62000274658203, 115.43000030517578, 114.0999984741211, 114.61000061035156, 125.45999908447266, 113.72000122070312, 112.66999816894531, 111.12999725341797, 111.05000305175781, 115.0999984741211, 113.2300033569336, 120.47000122070312, 136.10000610351562, 132.55999755859375, 125.08999633789062, 129.38999938964844, 130.86000061035156, 134.10000610351562, 124.16999816894531, 128.77000427246094, 123.22000122070312, 121.72000122070312, 114.4000015258789, 114.87999725341797, 121.68000030517578, 122.19000244140625, 127.43000030517578, 121.13999938964844, 125.44000244140625]
assets:[0, 100.00243159866332, 204.87968243637084, 272.498, 397.1593307991028, 552.6898540306091, 672.8504947509766, 761.0634581985473, 849.2781121185302, 977.7528377632141, 1254.9950309097292, 1329.8397571708679, 1512.1502572799682, 1978.504053920746, 1983.4794190200807, 2066.277924003601, 2208.606360233307, 2383.648276776123, 2680.8013858413697, 2678.159755302429, 2690.515921485901, 2441.810044050598, 2877.806333860779, 3269.2882906677246, 3574.2553304496764, 3633.069461414337, 3749.305715966797, 4204.2523913200375, 3910.8422139801023, 3974.7271274047853, 4020.394362635803, 4117.5009081527705, 4367.665112097931, 4396.709707349396, 4777.840248413086, 5497.732526550292, 5454.737851538086, 5247.350220379639, 5527.734858924866, 5690.538728541565, 5931.431009967041, 5592.2069565353395, 5899.378836735535, 5745.120234915161, 5775.188037918091, 5527.876713731384, 5651.073432892608, 6085.569687262726, 6211.076671099853, 6577.426895751953, 6352.763277992248, 6678.262657977295]
shares:[0, 1.7486, 3.4158, 5.396, 7.2119, 8.805, 10.342, 11.9065, 13.4956, 15.0331, 16.3347, 17.6629, 18.9137, 19.9205, 20.9781, 22.045, 23.0905, 24.1016, 25.0355, 26.0066, 27.0105, 28.1639, 29.1778, 30.0984, 30.9647, 31.8411, 32.7136, 33.5107, 34.3901, 35.2776, 36.1774, 37.0779, 37.9467, 38.8299, 39.66, 40.3948, 41.1492, 41.9486, 42.7215, 43.4857, 44.2314, 45.0367, 45.8133, 46.6249, 47.4465, 48.3206, 49.1911, 50.0129, 50.8313, 51.616, 52.4415, 53.2387]
growth_rate:30.95
