ticker:KALV
price:[13.050000190734863, 13.609999656677246, 13.789999961853027, 12.890000343322754, 12.970000267028809, 13.510000228881836, 16.209999084472656, 15.239999771118164, 17.209999084472656, 17.020000457763672, 18.799999237060547, 18.739999771118164, 19.469999313354492, 19.25, 18.829999923706055, 17.700000762939453, 17.520000457763672, 18.989999771118164, 16.639999389648438, 17.389999389648438, 16.1299991607666, 15.199999809265137, 15.210000038146973, 42.56999969482422, 39.130001068115234, 32.869998931884766, 30.8799991607666, 32.5, 32.380001068115234, 28.0, 27.459999084472656, 26.149999618530273, 24.450000762939453, 24.469999313354492, 24.969999313354492, 25.219999313354492, 26.059999465942383, 26.06999969482422, 27.0, 26.43000030517578, 28.739999771118164, 28.030000686645508, 27.959999084472656, 23.440000534057617, 22.959999084472656, 21.90999984741211, 21.270000457763672, 20.139999389648438, 19.920000076293945, 19.309999465942383, 18.40999984741211, 21.06999969482422]
assets:[0, 99.99947247743607, 201.32158844308853, 288.1830266757011, 389.9715920288086, 506.2075495759964, 707.3735610481262, 765.0449405101776, 963.9389327209473, 1053.2963443290712, 1263.4520687267302, 1359.42019739666, 1512.3750306632996, 1595.286, 1660.480234272194, 1660.83355158844, 1743.9443495658875, 1990.2678150117874, 1843.9731803634645, 2027.0844078536988, 1980.2106379709244, 1966.0378953294755, 2067.3310371849057, 5886.081488803864, 5510.439357416153, 4728.88184033432, 4542.586836544991, 4880.8955, 4962.873049709701, 4391.5508, 4406.857541073608, 4296.625372321892, 4117.304333476639, 4220.671126564979, 4406.912729815102, 4551.034624092483, 4802.6155435781475, 4904.4577975883485, 5179.4154, 5170.072793696594, 5721.94139643116, 5680.5851661561965, 5766.397515184021, 4934.204496421051, 4933.162443290711, 4807.560087518692, 4767.130344596099, 4613.868432174682, 4663.4692258611685, 4620.662738206101, 4505.302526658631, 5256.259078868866]
shares:[0, 7.3475, 14.5991, 22.3571, 30.0672, 37.4691, 43.6381, 50.1998, 56.0104, 61.8858, 67.2049, 72.5411, 77.6772, 82.872, 88.1827, 93.8324, 99.5402, 104.8061, 110.8157, 116.5661, 122.7657, 129.3446, 135.9192, 138.2683, 140.8239, 143.8662, 147.1045, 150.1814, 153.2697, 156.8411, 160.4828, 164.3069, 168.3969, 172.4835, 176.4883, 180.4534, 184.2907, 188.1265, 191.8302, 195.6138, 199.0933, 202.6609, 206.2374, 210.5036, 214.859, 219.4231, 224.1246, 229.0898, 234.1099, 239.2886, 244.7204, 249.4665]
growth_rate:3.06
