ticker:KARO
price:[33.9900016784668, 30.8700008392334, 32.9900016784668, 38.290000915527344, 38.90999984741211, 39.04999923706055, 36.66999816894531, 36.04999923706055, 36.959999084472656, 37.99100112915039, 38.0, 35.56999969482422, 36.9900016784668, 36.650001525878906, 35.779998779296875, 36.9900016784668, 37.0, 37.959999084472656, 36.400001525878906, 34.38999938964844, 33.981998443603516, 34.0, 33.2599983215332]
assets:[0, 100.00028071861267, 206.8671045249939, 340.09944613189697, 445.60510025253296, 547.2076393089294, 613.8557693481445, 703.4760801120758, 821.2326996574402, 944.1409627613068, 1044.3654, 1077.5824697547912, 1220.5997743862151, 1309.3799445144653, 1378.2992229766846, 1524.9091201946258, 1625.3211999999999, 1767.4934773712157, 1794.8585952400208, 1795.7460371292116, 1874.4402377494812, 1975.434, 2032.4386734329223]
shares:[0, 3.2394, 6.2706, 8.8822, 11.4522, 14.013, 16.74, 19.5139, 22.2195, 24.8517, 27.4833, 30.2947, 32.9981, 35.7266, 38.5215, 41.2249, 43.9276, 46.562, 49.3093, 52.2171, 55.1598, 58.101, 61.1076]
growth_rate:-7.62
