ticker:KAVL
price:[7.560029983520508, 8.400030136108398, 10.079999923706055, 14.280099868774414, 21.600099563598633, 33.36009979248047, 34.20009994506836, 32.40010070800781, 28.560100555419922, 27.10810089111328, 26.100099563598633, 16.740100860595703, 15.48009967803955, 28.680099487304688, 20.88010025024414, 16.92009925842285, 15.180100440979004, 14.940099716186523, 12.960100173950195, 13.740099906921387, 15.000100135803223, 13.320099830627441, 12.479999542236328, 12.359999656677246, 8.63403034210205, 10.199999809265137, 0.7350000143051147, 0.550000011920929, 8.399999618530273, 8.149999618530273, 6.335000038146973, 6.0, 5.789999961853027, 5.690000057220459, 5.599999904632568]
assets:[0, 99.99983876132966, 219.99902233486173, 411.66814702701566, 722.689651169014, 1216.1524459648133, 1346.7759957668304, 1375.8929566360473, 1312.8249982410432, 1346.079857849121, 1396.0264653980255, 995.3848112819672, 1020.4636508760453, 1990.6197411849978, 1549.2387102573396, 1355.4183912944793, 1316.0327356904982, 1395.2260322952272, 1310.3179679870605, 1489.1795081119537, 1725.7405204839706, 1632.4594868523598, 1629.4998122303011, 1713.8313723950387, 1297.1905330459595, 1632.4640694737434, 217.63343073574305, 262.8549606972277, 4114.512173147392, 4092.056128466797, 3280.7577832554816, 3207.2688, 3195.0146189498905, 3239.8331155807973, 3288.5876239956856]
shares:[0, 11.9047, 21.8253, 28.8281, 33.4577, 36.4553, 39.3793, 42.4657, 45.9671, 49.656, 53.4874, 59.4611, 65.921, 69.4077, 74.1969, 80.107, 86.6946, 93.388, 101.104, 108.382, 115.0486, 122.5561, 130.5689, 138.6595, 150.2416, 160.0455, 296.0999, 477.9181, 489.8229, 502.0928, 517.8781, 534.5448, 551.816, 569.3907, 587.2478]
growth_rate:-3.28
