ticker:KBAL
price:[11.119999885559082, 10.8100004196167, 12.029999732971191, 10.460000038146973, 10.869999885559082, 11.079999923706055, 11.220000267028809, 11.170000076293945, 10.300000190734863, 10.579999923706055, 10.989999771118164, 11.229999542236328, 11.75, 11.819999694824219, 11.800000190734863, 12.350000381469727, 12.399999618530273, 11.949999809265137, 12.630000114440918, 12.8100004196167, 12.630000114440918, 12.09000015258789, 11.859999656677246, 11.84000015258789, 11.859999656677246, 12.9399995803833, 13.399999618530273, 14.430000305175781, 13.949999809265137, 13.729999542236328, 13.949999809265137, 13.920000076293945, 14.0, 14.1899995803833, 14.579999923706055, 12.770000457763672, 13.119999885559082, 13.59000015258789, 13.319999694824219, 13.819999694824219, 14.0, 12.84000015258789, 13.260000228881836, 13.109999656677246, 12.890000343322754, 12.489999771118164, 12.649999618530273, 12.380000114440918, 12.569999694824219, 12.430000305175781, 12.329999923706055, 12.75]
assets:[0, 100.0000708817482, 211.28649431009293, 283.7118110346794, 394.83209284315103, 502.46026854019163, 608.8095564892769, 706.0970338228226, 751.100733908844, 871.5190297153473, 1005.2926450634003, 1127.2460170505524, 1279.442225, 1387.0639621879577, 1484.7173239989281, 1653.920696086693, 1760.6164258369445, 1796.7231013223648, 1998.9640111126898, 2127.452844688892, 2197.5593959121707, 2203.6020128116606, 2261.680586528969, 2357.8661743869784, 2461.8489167345047, 2786.03108165493, 2985.0710150213245, 3314.5205650978087, 3304.2667048215867, 3352.156047237778, 3505.8693120651246, 3598.329763722038, 3719.0104, 3869.4823375743867, 4075.831688672066, 3669.847839552307, 3870.431454239655, 4109.083318136596, 4127.4456614357, 4382.379947227478, 4539.4594, 4263.333302664566, 4502.788445722961, 4551.852186796761, 4575.468035866737, 4533.482726922989, 4691.557223522758, 4691.4208513675685, 4863.420871925354, 4909.254723529815, 4969.75936124878, 5239.045125000001]
shares:[0, 9.2507, 17.5633, 27.1235, 36.3231, 45.3484, 54.2611, 63.2137, 72.9224, 82.3742, 91.4734, 100.3781, 108.8887, 117.3489, 125.8235, 133.9207, 141.9852, 150.3534, 158.2711, 166.0775, 173.9952, 182.2665, 190.6982, 199.1441, 207.5758, 215.3038, 222.7665, 229.6965, 236.865, 244.1483, 251.3168, 258.5007, 265.6436, 272.6908, 279.5495, 287.3804, 295.0024, 302.3608, 309.8683, 317.1042, 324.2471, 332.0353, 339.5768, 347.2046, 354.9626, 362.969, 370.8741, 378.9516, 386.907, 394.9521, 403.0624, 410.9055]
growth_rate:2.73
