ticker:KBNT
price:[4.079999923706055, 3.799999952316284, 4.0, 2.6600000858306885, 2.305000066757202, 2.7300000190734863, 3.0299999713897705, 3.390000104904175, 2.890000104904175, 3.049999952316284, 2.7699999809265137, 2.809999942779541, 3.9800000190734863, 6.03000020980835, 7.269999980926514, 7.460000038146973, 5.829999923706055, 5.579999923706055, 5.489999771118164, 5.860000133514404, 5.590000152587891, 5.679999828338623, 6.429999828338623, 7.590000152587891, 11.020000457763672, 6.909999847412109, 6.260000228881836, 8.489999771118164, 7.550000190734863, 6.920000076293945, 7.53000020980835, 7.440000057220459, 6.349999904632568, 6.420000076293945, 6.630000114440918, 5.659999847412109, 4.730000019073486, 4.869999885559082, 5.190000057220459, 5.449999809265137, 5.46999979019165, 5.239999771118164, 5.840000152587891, 5.28000020980835, 5.0, 4.5, 4.559999942779541, 4.300000190734863, 4.570000171661377, 4.380000114440918, 3.0, 3.4600000381469727]
assets:[0, 100.00003874516487, 205.2632, 236.50007563118936, 304.9369873315573, 461.1617042219639, 611.8388042228222, 784.5324692775011, 768.8197919074058, 911.3842107514143, 927.7162056119919, 1041.1128467996596, 1574.6010395460128, 2485.6390494855405, 3096.782262875319, 3277.7158827607154, 2661.539549169922, 2647.4080858026505, 2704.7076792388916, 2986.9920840557097, 2949.366253507614, 3096.851210406732, 3605.766435737037, 4356.262371577453, 6424.902706886292, 4128.682066829681, 3840.311072411728, 5308.345188892365, 4820.613211782646, 4518.363533815575, 5016.658576779127, 5056.698710890675, 4415.864863680363, 4564.543656244087, 4813.8514760922435, 4209.5620605144495, 3617.884779588938, 3824.968038116455, 4176.3006640442845, 4485.517703019333, 4601.978104485655, 4508.476415070915, 5124.714597898865, 4733.303708084583, 4582.295, 4224.0653999999995, 4380.386105033398, 4230.6274276577, 4596.271274648189, 4505.178765711594, 3185.7387, 3774.2185576112743]
shares:[0, 26.3158, 51.3158, 88.9098, 132.2937, 168.9237, 201.927, 231.4255, 266.0276, 298.8145, 334.9156, 370.5028, 395.6284, 412.2121, 425.9673, 439.3721, 456.5248, 474.4459, 492.6608, 509.7256, 527.6147, 545.2203, 560.7724, 573.9476, 583.022, 597.4938, 613.4682, 625.2468, 638.4918, 652.9427, 666.2229, 679.6638, 695.4118, 710.9881, 726.0711, 743.7389, 764.8805, 785.4144, 804.6822, 823.0308, 841.3123, 860.3963, 877.5196, 896.459, 916.459, 938.6812, 960.611, 983.8668, 1005.7486, 1028.5796, 1061.9129, 1090.8146]
growth_rate:-26.0
