ticker:KBSF
price:[1.7000000476837158, 1.8899999856948853, 1.7999999523162842, 1.809999942779541, 1.909999966621399, 2.0199999809265137, 2.319999933242798, 3.259999990463257, 2.2200000286102295, 2.069999933242798, 2.1600000858306885, 2.369999885559082, 2.549999952316284, 2.819999933242798, 2.740000009536743, 2.640000104904175, 2.7300000190734863, 2.940000057220459, 3.1600000858306885, 3.1700000762939453, 3.369999885559082, 3.9600000381469727, 4.769999980926514, 5.0, 4.820000171661377, 3.940000057220459, 3.0899999141693115, 3.559999942779541, 3.6700000762939453, 4.349999904632568, 3.5899999141693115, 3.5399999618530273, 2.869999885559082, 2.819999933242798, 2.819999933242798, 3.2300000190734863, 3.0, 3.490000009536743, 3.299999952316284, 3.369999885559082, 4.010000228881836, 4.019999980926514, 4.079999923706055, 3.990000009536743, 4.230000019073486, 4.360000133514404, 3.369999885559082, 3.380000114440918, 3.950000047683716, 3.6500000953674316, 3.509999990463257, 4.199999809265137]
assets:[0, 100.00008824311494, 195.23825482795237, 296.3228736321926, 412.6942657878757, 536.4621009345532, 716.1345633934736, 1106.2924067636727, 853.3646809977294, 895.7049101136446, 1034.6486811132431, 1235.2394373536108, 1429.0551632773877, 1680.3668962210656, 1732.697094030762, 1769.4600703120232, 1929.782413482666, 2178.227226394272, 2441.2239383075716, 2548.9491943468092, 2809.766049583912, 3401.683592768669, 4197.482641215802, 4499.877, 4437.881644052458, 3727.6458741364477, 3023.4583110176327, 3583.337166404438, 3794.0585568729402, 4597.044664216471, 3893.882995903992, 3939.650735546398, 3294.010511651707, 3336.623639012885, 3436.623656645608, 4036.274884834623, 3848.862, 4577.509489508461, 4428.303926012731, 4622.23758603468, 5600.0519356384275, 5714.016716889, 5899.30044968605, 5869.16911702826, 6322.202020507431, 6616.501634614277, 5214.130548934746, 5329.60310845108, 6328.382371395135, 5947.74596540308, 5819.61297818799, 7063.639059218502]
shares:[0, 52.9101, 108.4657, 163.7143, 216.0703, 265.5753, 308.6787, 339.3535, 384.3985, 432.7077, 479.004, 521.1981, 560.4138, 595.8748, 632.3712, 670.25, 706.88, 740.8936, 772.5392, 804.0849, 833.7585, 859.011, 879.9754, 899.9754, 920.7223, 946.103, 978.4655, 1006.5554, 1033.8034, 1056.7919, 1084.6471, 1112.8957, 1147.7389, 1183.1999, 1218.6609, 1249.6207, 1282.954, 1311.6073, 1341.9103, 1371.5839, 1396.5216, 1421.3972, 1445.907, 1470.9697, 1494.6104, 1517.5462, 1547.2198, 1576.8056, 1602.1221, 1629.5194, 1658.0094, 1681.8189]
growth_rate:38.5
