ticker:KBWP
price:[60.220001220703125, 58.16999816894531, 57.310001373291016, 55.29999923706055, 56.869998931884766, 58.709999084472656, 58.09000015258789, 60.779998779296875, 57.54999923706055, 60.7400016784668, 64.8499984741211, 65.81999969482422, 66.41000366210938, 66.97000122070312, 66.9000015258789, 67.88999938964844, 67.20999908447266, 68.27999877929688, 69.48999786376953, 69.2699966430664, 68.19999694824219, 65.26000213623047, 68.13999938964844, 69.47000122070312, 69.43000030517578, 70.52999877929688, 73.4000015258789, 76.31999969482422, 75.44999694824219, 75.25, 75.38999938964844, 76.01000213623047, 77.79000091552734, 78.70999908447266, 78.62999725341797, 80.73999786376953, 80.62999725341797, 79.22000122070312, 79.19999694824219, 79.55999755859375, 78.01000213623047, 73.80000305175781, 77.01000213623047, 76.9000015258789, 76.45999908447266, 76.8499984741211, 75.47000122070312, 76.87000274658203, 78.1500015258789, 80.25, 80.88999938964844, 81.22000122070312]
assets:[0, 100.00004385223389, 198.5218447570801, 291.55818597755433, 399.83590149040225, 512.7731320037842, 607.3599965953828, 735.4866092285156, 796.3999094421387, 940.5467779907226, 1104.187954019165, 1220.7042963401793, 1331.6467524322509, 1442.875373300171, 1541.3693451560973, 1664.1807660385132, 1747.5137441955567, 1875.3374784729003, 2008.5736432533263, 2102.2127851234436, 2169.7419829101564, 2176.2057132362365, 2372.2463807510376, 2518.5515302551266, 2617.1013745033265, 2758.562259255981, 2970.8136817588806, 3189.000659248352, 3252.6493684387206, 3344.027225, 3450.245939067078, 3578.619309575653, 3762.4223002807616, 3906.9203535560605, 4002.9509411750796, 4210.364816601563, 4304.625915367126, 4329.34930071106, 4428.253989369202, 4548.381412426757, 4559.770435865021, 4413.690362513733, 4705.665376533508, 4798.944595222473, 4871.488275669098, 4996.333485796356, 5006.611957980347, 5199.486985778809, 5386.0668451629645, 5630.797425, 5775.6996474197385, 5899.260470663452]
shares:[0, 1.7191, 3.464, 5.2723, 7.0307, 8.734, 10.4555, 12.1008, 13.8384, 15.4848, 17.0268, 18.5461, 20.0519, 21.5451, 23.0399, 24.5129, 26.0008, 27.4654, 28.9045, 30.3481, 31.8144, 33.3467, 34.8143, 36.2538, 37.6941, 39.1119, 40.4743, 41.7846, 43.11, 44.4389, 45.7653, 47.0809, 48.3664, 49.6369, 50.9087, 52.1472, 53.3874, 54.6497, 55.9123, 57.1692, 58.4511, 59.8061, 61.1046, 62.405, 63.7129, 65.0141, 66.3391, 67.64, 68.9196, 70.1657, 71.4019, 72.6331]
growth_rate:15.67
