ticker:KBWY
price:[18.90999984741211, 17.860000610351562, 18.219999313354492, 17.110000610351562, 18.399999618530273, 18.559999465942383, 17.729999542236328, 17.600000381469727, 16.520000457763672, 16.670000076293945, 19.489999771118164, 20.239999771118164, 20.770000457763672, 21.530000686645508, 20.940000534057617, 20.940000534057617, 20.610000610351562, 20.709999084472656, 20.6200008392334, 21.299999237060547, 20.979999542236328, 20.3700008392334, 21.299999237060547, 21.959999084472656, 21.43000030517578, 21.389999389648438, 22.1299991607666, 23.530000686645508, 22.739999771118164, 22.84000015258789, 22.899999618530273, 22.399999618530273, 22.84000015258789, 22.8700008392334, 23.020000457763672, 22.989999771118164, 22.670000076293945, 22.760000228881836, 22.889999389648438, 23.270000457763672, 24.059999465942383, 22.780000686645508, 23.43000030517578, 23.190000534057617, 23.469999313354492, 23.690000534057617, 23.850000381469727, 24.059999465942383, 24.049999237060547, 23.850000381469727, 23.459999084472656, 23.81999969482422]
assets:[0, 99.99992941741944, 202.01606438674926, 289.7082413345337, 411.5509514677048, 515.1290731773377, 592.0933347129823, 687.7516949066162, 745.5492726589202, 852.3187669008255, 1096.5015401231767, 1238.6960819923402, 1371.1315802192687, 1521.3033895181657, 1579.613128286743, 1679.6121008371354, 1753.142298918152, 1861.648740702057, 1953.5594995098113, 2117.9824641365053, 2186.162108300018, 2222.599309569931, 2424.07197317276, 2599.183295638275, 2636.453646544647, 2731.532868057251, 2926.0329150363923, 3211.1415467065813, 3203.3291917579654, 3317.416378162766, 3426.130772927284, 3451.324741224289, 3619.11907617836, 3723.8719226505277, 3848.2949125251766, 3943.279245741844, 3988.3920554225924, 4104.226629273415, 4227.668437271118, 4397.853234513855, 4647.1576188474655, 4499.927165638924, 4728.326356586456, 4779.892763079261, 4937.606720543861, 5083.890697609138, 5218.2274434631345, 5364.174474931908, 5461.944821730423, 5516.524168234253, 5526.317148335266, 5711.121238830566]
shares:[0, 5.5991, 11.0876, 16.9321, 22.3669, 27.7548, 33.395, 39.0768, 45.1301, 51.1289, 56.2597, 61.2004, 66.015, 70.6597, 75.4352, 80.2107, 85.0627, 89.8913, 94.741, 99.4358, 104.2022, 109.1114, 113.8062, 118.3599, 123.0263, 127.7014, 132.2202, 136.4701, 140.8676, 145.2459, 149.6127, 154.077, 158.4553, 162.8278, 167.1718, 171.5215, 175.9326, 180.3263, 184.695, 188.9924, 193.1487, 197.5385, 201.8065, 206.1187, 210.3795, 214.6007, 218.7936, 222.9499, 227.1079, 231.3008, 235.5634, 239.7616]
growth_rate:11.98
