ticker:KC
price:[33.150001525878906, 32.119998931884766, 38.66999816894531, 28.56999969482422, 30.030000686645508, 31.239999771118164, 31.200000762939453, 31.149999618530273, 29.049999237060547, 38.650001525878906, 38.0099983215332, 35.77000045776367, 41.560001373291016, 40.459999084472656, 47.099998474121094, 47.45000076293945, 45.25, 43.54999923706055, 48.04999923706055, 42.5099983215332, 53.810001373291016, 50.27000045776367, 63.95000076293945, 70.3499984741211, 68.2300033569336, 58.880001068115234, 52.33000183105469, 52.47999954223633, 48.7400016784668, 40.75, 43.939998626708984, 44.2599983215332, 44.31999969482422, 48.31999969482422, 43.91999816894531, 40.709999084472656, 37.650001525878906, 35.790000915527344, 39.060001373291016, 39.13999938964844, 34.0, 34.54999923706055, 34.36000061035156, 31.549999237060547, 29.690000534057617, 29.229999542236328, 27.700000762939453, 29.0, 27.850000381469727, 27.559999465942383, 25.43000030517578, 28.889999389648438]
assets:[0, 99.99919267463684, 220.39192056427, 262.8297121925354, 376.2608936033249, 491.4208163995743, 590.7907344467163, 689.8447765520096, 743.3371904777528, 1088.983117992401, 1170.9512122924805, 1201.9435553817748, 1496.5008414497377, 1556.8926727706908, 1912.3965280448913, 2026.6085125854493, 2032.6435749999998, 2056.2785389766696, 2368.7544473888397, 2195.6456643070223, 2879.2924584827424, 2789.8744314048768, 3649.0829685344697, 4114.278960762023, 4090.2931792434692, 3629.7754258460996, 3325.9850233779907, 3435.5192020332333, 3290.686087321854, 2851.240825, 3174.440806786728, 3297.5601929470063, 3402.0297685745236, 3809.070407942963, 3562.2192914886473, 3401.8659374954223, 3246.1605415603635, 3185.793246494293, 3576.8688477573396, 3684.193346548462, 3300.3732, 3453.763033733368, 3534.771318789673, 3345.6944290946963, 3248.451245432472, 3298.1202303489686, 3225.48503883934, 3476.8622, 3438.9876721048354, 3503.176336115456, 3332.4311589912413, 3885.8407009048465]
shares:[0, 3.1133, 5.6993, 9.1995, 12.5295, 15.7305, 18.9356, 22.1459, 25.5882, 28.1755, 30.8064, 33.602, 36.0082, 38.4798, 40.6029, 42.7104, 44.9203, 47.2165, 49.2977, 51.6501, 53.5085, 55.4978, 57.0615, 58.483, 59.9486, 61.647, 63.5579, 65.4634, 67.5151, 69.9691, 72.2449, 74.5043, 76.7606, 78.8301, 81.107, 83.5634, 86.2194, 89.0135, 91.5737, 94.1286, 97.0698, 99.9642, 102.8746, 106.0442, 109.4123, 112.8334, 116.4435, 119.8918, 123.4825, 127.1109, 131.0433, 134.5047]
growth_rate:-23.81
