ticker:KDMN
price:[4.150000095367432, 4.199999809265137, 4.5, 3.799999952316284, 3.940000057220459, 4.139999866485596, 4.0, 3.5299999713897705, 3.4000000953674316, 3.190000057220459, 3.4600000381469727, 4.260000228881836, 4.119999885559082, 4.170000076293945, 4.210000038146973, 4.340000152587891, 4.409999847412109, 4.150000095367432, 3.9600000381469727, 4.860000133514404, 4.820000171661377, 4.800000190734863, 5.320000171661377, 4.639999866485596, 5.050000190734863, 4.590000152587891, 4.610000133514404, 4.440000057220459, 4.28000020980835, 3.8499999046325684, 3.950000047683716, 3.6600000858306885, 3.9200000762939453, 3.9200000762939453, 4.059999942779541, 3.7899999618530273, 3.7249999046325684, 3.8299999237060547, 3.8399999141693115, 3.859999895095825, 4.110000133514404, 3.990000009536743, 3.9600000381469727, 3.9100000858306885, 3.890000104904175, 4.28000020980835, 4.210000038146973, 3.759999990463257, 4.980000019073486, 5.150000095367432, 5.039999961853027, 5.349999904632568]
assets:[0, 99.99989545869828, 207.14265, 274.92049655020236, 385.04911359205244, 504.5947757268906, 587.5312, 618.4962369871616, 695.718899514389, 752.7481415023803, 916.4602441040993, 1228.3587119974136, 1287.989832223606, 1403.620774680519, 1517.0848807463647, 1663.9308865013122, 1790.7681970386507, 1785.1901860238552, 1803.4584653728484, 2313.3352775521753, 2394.2955612713813, 2484.360578719616, 2853.4996640743734, 2588.7663575091365, 2917.5154001924516, 2751.7615484783173, 2863.751905939722, 2858.147028834343, 2855.1509039613247, 2668.301338904142, 2837.6081442551135, 2729.277436004305, 3023.160506838989, 3123.160492785263, 3334.701659001684, 3212.935704661274, 3257.832394092989, 3449.664079282379, 3558.6711524574994, 3677.2057400636672, 4015.366969440222, 3998.130033556175, 4068.068835188007, 4116.704195368171, 4195.646749146747, 4716.290163195562, 4739.154521941662, 4332.593845010948, 5838.382204361105, 6137.684623657322, 6106.588441780186, 6582.192087667894]
shares:[0, 23.8095, 46.0317, 72.3475, 97.7282, 121.8828, 146.8828, 175.2114, 204.6232, 235.9712, 264.8729, 288.3471, 312.6189, 336.5997, 360.3527, 383.3942, 406.0699, 430.1663, 455.4188, 475.9949, 496.7418, 517.5751, 536.3721, 557.9238, 577.7258, 599.5123, 621.2043, 643.7268, 667.0913, 693.0653, 718.3818, 745.7042, 771.2144, 796.7246, 821.3551, 847.7403, 874.5859, 900.6956, 926.7373, 952.644, 976.9749, 1002.0376, 1027.2901, 1052.8655, 1078.5724, 1101.9369, 1125.6899, 1152.2856, 1172.3659, 1191.7834, 1211.6247, 1230.3163]
growth_rate:29.06
