ticker:KDNY
price:[2.6600000858306885, 2.359999895095825, 2.759999990463257, 2.3399999141693115, 14.010000228881836, 16.329999923706055, 16.729999542236328, 15.390000343322754, 12.350000381469727, 14.270000457763672, 14.430000305175781, 13.979999542236328, 14.0, 14.680000305175781, 13.319999694824219, 19.059999465942383, 16.479999542236328, 15.859999656677246, 16.350000381469727, 15.199999809265137, 15.029999732971191, 14.170000076293945, 16.149999618530273, 14.84000015258789, 15.510000228881836, 16.540000915527344, 17.309999465942383, 18.700000762939453, 18.329999923706055, 16.729999542236328, 15.5, 14.819999694824219, 15.899999618530273, 14.75, 17.950000762939453, 16.260000228881836, 14.850000381469727, 17.950000762939453, 16.5, 16.809999465942383, 16.75, 15.180000305175781, 15.59000015258789, 14.0600004196167, 14.789999961853027, 14.319999694824219, 13.149999618530273, 13.029999732971191, 12.420000076293945, 12.5, 12.760000228881836, 13.90999984741211]
assets:[0, 100.0000395549059, 216.9492472503662, 283.93512158532144, 1799.9712054061888, 2198.039218730736, 2351.879913648224, 2263.50430749464, 1916.3927841939924, 2314.3257982406617, 2440.2746676086426, 2464.1748333126066, 2567.7007999999996, 2792.417914050293, 2633.7195836585997, 3868.6709896005627, 3445.000528308487, 3415.3954160666462, 3620.9152294813157, 3466.2322765045164, 3527.4657873296737, 3425.628692444229, 4004.2987354167935, 3779.491306861496, 4050.1294617679596, 4419.092938607026, 4724.818015227318, 5204.223302326584, 5201.25112435112, 4847.241322370529, 4590.869049999999, 4489.4625215522765, 4916.629682041168, 4661.0250750000005, 5772.2302103405, 5328.772803009796, 4966.683607585144, 6103.499269420624, 5710.4586, 5917.745143991851, 5996.622275, 5534.5506932655335, 5784.035043611527, 5316.39126066618, 5692.419555317879, 5611.523864411926, 5253.040867613983, 5305.104453280449, 5156.74552967701, 5289.96125, 5499.992662655831, 6095.681863132477]
shares:[0, 42.3729, 78.6048, 121.3398, 128.4776, 134.6013, 140.5786, 147.0763, 155.1735, 162.1812, 169.1112, 176.2643, 183.4072, 190.2192, 197.7267, 202.9733, 209.0413, 215.3465, 221.4627, 228.0416, 234.695, 241.7522, 247.9442, 254.6827, 261.1302, 267.1761, 272.9531, 278.3007, 283.7562, 289.7335, 296.1851, 302.9327, 309.222, 316.0017, 321.5727, 327.7228, 334.4568, 340.0278, 346.0884, 352.0372, 358.0073, 364.5949, 371.0093, 378.1217, 384.883, 391.8662, 399.4708, 407.1454, 415.1969, 423.1969, 431.0339, 438.223]
growth_rate:19.52
