ticker:KDP
price:[29.540000915527344, 28.829999923706055, 28.049999237060547, 27.8799991607666, 28.09000015258789, 29.25, 29.760000228881836, 29.209999084472656, 26.899999618530273, 28.65999984741211, 29.299999237060547, 29.84000015258789, 30.760000228881836, 30.530000686645508, 30.360000610351562, 30.93000030517578, 31.8799991607666, 32.0, 32.0, 31.860000610351562, 31.469999313354492, 31.799999237060547, 32.529998779296875, 31.770000457763672, 31.239999771118164, 30.520000457763672, 31.530000686645508, 33.369998931884766, 34.13999938964844, 35.2400016784668, 34.5, 35.16999816894531, 36.0099983215332, 36.18000030517578, 35.849998474121094, 36.599998474121094, 36.04999923706055, 36.2400016784668, 36.959999084472656, 36.90999984741211, 35.22999954223633, 34.52000045776367, 34.86000061035156, 35.18000030517578, 35.0, 35.880001068115234, 36.06999969482422, 35.209999084472656, 34.290000915527344, 34.45000076293945, 34.81999969482422, 35.130001068115234]
assets:[0, 99.99973773536682, 197.29527963371277, 296.0995310869217, 398.3302471637726, 514.779525, 623.7547247972487, 712.2274076766968, 755.9034392805099, 905.3607971797943, 1025.579083295059, 1144.4803818523408, 1279.7667335226058, 1370.198642816925, 1462.5687414031981, 1590.027804688263, 1738.8658622247697, 1845.4112, 1945.4112, 2036.8990470214844, 2111.9642419189454, 2234.1121263996124, 2385.3987864868163, 2429.667971008301, 2489.134453763199, 2531.765273973465, 2715.5496861379625, 2974.0210668067934, 3142.644981816101, 3343.902615268707, 3373.6859999999997, 3539.202636738586, 3723.732709432602, 3841.313846401215, 3906.27677873764, 4087.996569568634, 4126.564102668, 4248.313924761963, 4432.716178198242, 4526.719892286301, 4420.6814805595395, 4431.5913587665555, 4575.239126106263, 4717.236988920594, 4793.099499999999, 5013.613013250732, 5140.162520510864, 5117.607879932404, 5083.890399737548, 5207.613695329284, 5363.5439189918525, 5511.296444569016]
shares:[0, 3.4686, 7.0337, 10.6205, 14.1805, 17.5993, 20.9595, 24.383, 28.1005, 31.5897, 35.0027, 38.3539, 41.6049, 44.8804, 48.1742, 51.4073, 54.5441, 57.6691, 60.7941, 63.9328, 67.1104, 70.2551, 73.3292, 76.4768, 79.6778, 82.9543, 86.1259, 89.1226, 92.0517, 94.8894, 97.788, 100.6313, 103.4083, 106.1723, 108.9617, 111.6939, 114.4678, 117.2272, 119.9328, 122.6421, 125.4806, 128.3775, 131.2461, 134.0886, 136.9457, 139.7328, 142.5052, 145.3453, 148.2616, 151.1644, 154.0363, 156.8829]
growth_rate:8.06
