ticker:KE
price:[13.640000343322754, 12.649999618530273, 12.579999923706055, 11.199999809265137, 11.470000267028809, 12.289999961853027, 12.420000076293945, 12.619999885559082, 12.119999885559082, 13.180000305175781, 14.989999771118164, 15.0, 15.640000343322754, 15.779999732971191, 15.630000114440918, 15.619999885559082, 15.640000343322754, 15.989999771118164, 17.110000610351562, 17.670000076293945, 18.1200008392334, 19.170000076293945, 23.65999984741211, 24.549999237060547, 24.479999542236328, 23.479999542236328, 25.15999984741211, 27.31999969482422, 27.09000015258789, 26.1299991607666, 25.920000076293945, 25.100000381469727, 23.059999465942383, 22.3799991607666, 23.010000228881836, 22.440000534057617, 22.18000030517578, 22.469999313354492, 22.3799991607666, 21.6299991607666, 21.8700008392334, 20.639999389648438, 21.729999542236328, 21.670000076293945, 20.93000030517578, 19.979999542236328, 20.850000381469727, 20.389999389648438, 21.959999084472656, 22.760000228881836, 22.969999313354492, 25.540000915527344]
assets:[0, 99.99951198444367, 199.44583479042055, 277.567355273056, 384.2587729457855, 511.7297894116402, 617.1423517910004, 727.0798394066811, 798.2728844624519, 968.0894744155885, 1201.036256661415, 1301.838, 1457.3837159918785, 1570.4287294252397, 1655.501478121376, 1754.4415111459732, 1856.6885647572517, 1998.2382913970948, 2238.2019548416138, 2411.456716411972, 2572.869791163254, 2821.9601182310103, 3582.9189528930665, 3817.694276357651, 3906.809638944626, 3847.216708995056, 4222.487038391876, 4684.989271666718, 4745.547665729904, 4677.376982773781, 4739.785645951271, 4689.839691276169, 4408.672959897423, 4378.6692158031465, 4601.928714775658, 4587.929917189789, 4634.772787770081, 4795.371987461472, 4876.165407147408, 4812.754844267464, 4966.156684569931, 4786.853426446533, 5139.6468547283175, 5225.456144397354, 5147.013583047486, 5013.393473137665, 5331.695377548218, 5314.0661089294435, 5823.240561225128, 6135.381397699356, 6291.99044891262, 7095.970004367828]
shares:[0, 7.9051, 15.8542, 24.7828, 33.5012, 41.6379, 49.6894, 57.6133, 65.8641, 73.4514, 80.1225, 86.7892, 93.1831, 99.5202, 105.9182, 112.3202, 118.7141, 124.968, 130.8125, 136.4718, 141.9906, 147.2071, 151.4336, 155.5069, 159.5919, 163.8508, 167.8254, 171.4857, 175.1771, 179.0041, 182.8621, 186.8462, 191.1827, 195.651, 199.9969, 204.4532, 208.9618, 213.4122, 217.8805, 222.5037, 227.0762, 231.9212, 236.5231, 241.1378, 245.9156, 250.9206, 255.7168, 260.6212, 265.1749, 269.5686, 273.9221, 277.8375]
growth_rate:39.14
