ticker:KELYA
price:[18.360000610351562, 16.8799991607666, 17.559999465942383, 16.309999465942383, 17.040000915527344, 18.549999237060547, 19.100000381469727, 19.510000228881836, 17.3799991607666, 18.1299991607666, 20.65999984741211, 20.540000915527344, 21.600000381469727, 22.93000030517578, 22.170000076293945, 20.469999313354492, 20.829999923706055, 20.56999969482422, 21.110000610351562, 21.260000228881836, 21.34000015258789, 19.520000457763672, 20.43000030517578, 21.09000015258789, 20.3700008392334, 20.81999969482422, 22.0, 22.530000686645508, 21.81999969482422, 22.329999923706055, 23.84000015258789, 22.940000534057617, 23.81999969482422, 23.719999313354492, 25.049999237060547, 26.510000228881836, 25.6299991607666, 24.950000762939453, 25.670000076293945, 25.239999771118164, 25.170000076293945, 23.530000686645508, 25.219999313354492, 23.309999465942383, 22.549999237060547, 21.579999923706055, 21.479999542236328, 21.920000076293945, 22.670000076293945, 22.329999923706055, 20.290000915527344, 20.020000457763672]
assets:[0, 100.0004910282135, 204.02963379478453, 289.5057525203705, 402.46266962356566, 538.1262028675079, 654.081423063469, 768.1223660112381, 784.2620341300965, 918.1049705011367, 1146.2250555343628, 1239.5664612510682, 1403.5356247873306, 1589.9570491607667, 1637.258939634323, 1611.7135839366913, 1740.0590396266937, 1818.3386050231934, 1966.0735738449096, 2080.0444063934324, 2187.870711643982, 2101.277297277069, 2299.237180345154, 2473.515359896088, 2489.0715125484467, 2644.058763243866, 2893.9152, 3063.631746370125, 3067.086799103546, 3238.7744509342197, 3557.7862627716063, 3523.473970028687, 3758.6387398452757, 3842.860484757042, 4158.332438351059, 4500.69552385807, 4451.295230245972, 4433.1959755615235, 4661.127809853363, 4683.049749533081, 4770.062360458755, 4559.2599940469745, 4986.7202002304075, 4709.058120110321, 4655.524012488556, 4555.263917895317, 4634.155245240783, 4829.081232807923, 5094.3094701444625, 5117.90646851387, 4750.349797345734, 4787.1364634593965]
shares:[0, 5.9242, 11.619, 17.7502, 23.6187, 29.0095, 34.2451, 39.3707, 45.1244, 50.6401, 55.4804, 60.3489, 64.9785, 69.3396, 73.8502, 78.7354, 83.5362, 88.3976, 93.1347, 97.8384, 102.5244, 107.6474, 112.5422, 117.2838, 122.193, 126.9961, 131.5416, 135.9801, 140.5631, 145.0414, 149.236, 153.5952, 157.7934, 162.0093, 166.0013, 169.7735, 173.6752, 177.6832, 181.5788, 185.5408, 189.5138, 193.7637, 197.7288, 202.0188, 206.4534, 211.0873, 215.7428, 220.3048, 224.7159, 229.1942, 234.1227, 239.1177]
growth_rate:-6.13
