ticker:KELYB
price:[20.959999084472656, 18.200000762939453, 19.18000030517578, 16.690000534057617, 17.020000457763672, 18.350000381469727, 19.010000228881836, 19.610000610351562, 17.260000228881836, 17.93000030517578, 20.309999465942383, 20.440000534057617, 21.010000228881836, 22.600000381469727, 22.059999465942383, 20.3799991607666, 20.200000762939453, 20.450000762939453, 20.600000381469727, 20.799999237060547, 21.0, 19.3700008392334, 20.020000457763672, 21.489999771118164, 20.489999771118164, 20.700000762939453, 21.329999923706055, 22.049999237060547, 21.489999771118164, 20.18000030517578, 30.489999771118164, 28.459999084472656, 26.31999969482422, 24.049999237060547, 25.209999084472656, 26.270000457763672, 25.190000534057617, 24.799999237060547, 25.899999618530273, 25.149999618530273, 25.239999771118164, 23.799999237060547, 25.510000228881836, 23.639999389648438, 22.5, 21.68000030517578, 21.950000762939453, 22.260000228881836, 22.90999984741211, 23.049999237060547, 20.299999237060547, 20.600000381469727]
assets:[0, 99.99990419197083, 205.3851972679138, 278.7213399187088, 384.2316163341522, 514.256925690651, 632.7535606184006, 752.7239904281616, 762.5191941116334, 892.1179231842041, 1110.5365537981033, 1217.6455798147201, 1351.6006277242661, 1553.8878862283707, 1616.7597128593443, 1593.6344143753051, 1679.5593634357454, 1800.3464921665193, 1913.5525754350663, 2032.1308054618835, 2151.6704999999997, 2084.6595373208997, 2254.614413552475, 2520.1623591587067, 2502.890354041672, 2628.5419868801114, 2808.5402869543072, 3003.3421960830688, 3027.0663247598645, 2942.5406904991146, 4545.891270874978, 4343.22923228302, 4116.647984268188, 3861.6025574981686, 4147.85913236618, 4422.262980059433, 4340.456245022773, 4373.256665462494, 4667.231731258392, 4632.07914474163, 4748.656080938148, 4577.734693254853, 5006.638562920761, 4739.628393629455, 4611.06675, 4543.018047949219, 4699.596133348847, 4865.969270032883, 5108.057094978714, 5239.271741583633, 4714.195742825317, 4883.864570439148]
shares:[0, 5.4945, 10.7083, 16.6999, 22.5753, 28.0249, 33.2853, 38.3847, 44.1784, 49.7556, 54.6793, 59.5717, 64.3313, 68.7561, 73.2892, 78.196, 83.1465, 88.0365, 92.8909, 97.6986, 102.4605, 107.6231, 112.6181, 117.2714, 122.1518, 126.9827, 131.6709, 136.206, 140.8593, 145.8147, 149.0945, 152.6082, 156.4076, 160.5656, 164.5323, 168.3389, 172.3087, 176.341, 180.202, 184.1781, 188.1401, 192.3418, 196.2618, 200.4919, 204.9363, 209.5488, 214.1046, 218.597, 222.9619, 227.3003, 232.2264, 237.0808]
growth_rate:-4.24
