ticker:KEQU
price:[9.579999923706055, 9.050000190734863, 9.149999618530273, 9.0, 9.0, 8.800000190734863, 9.0, 8.460000038146973, 8.199999809265137, 8.079999923706055, 8.739999771118164, 9.199999809265137, 9.739999771118164, 9.460000038146973, 9.350000381469727, 10.210000038146973, 10.600000381469727, 12.5, 12.0, 12.430000305175781, 12.75, 13.199999809265137, 12.720000267028809, 12.380000114440918, 12.319999694824219, 12.550000190734863, 12.380000114440918, 12.460000038146973, 12.399999618530273, 12.149999618530273, 12.34000015258789, 12.149999618530273, 12.100000381469727, 12.1899995803833, 12.0, 12.050000190734863, 11.899999618530273, 11.819999694824219, 11.989999771118164, 11.739999771118164, 11.75, 12.5, 14.800000190734863, 14.579999923706055, 13.149999618530273, 13.279999732971191, 13.739999771118164, 13.3100004196167, 13.289999961853027, 13.5, 13.380000114440918, 13.15999984741211]
assets:[0, 99.99978710756301, 201.10509661579133, 297.80819999999994, 397.80809999999997, 488.96761059808733, 600.0804, 664.075316994381, 743.6661827020646, 832.7829681365967, 1000.8068857910156, 1153.481256085968, 1321.1851909532547, 1383.2043115777017, 1467.1207148569108, 1702.064182359314, 1867.079827191925, 2301.745, 2309.6748000000002, 2492.4388011932374, 2656.604025, 2850.367038813305, 2846.7169797606466, 2870.6249065361026, 2956.712454759979, 3111.9105972948078, 3169.756659301281, 3290.23994207325, 3374.395776191139, 3406.3641730514523, 3559.6322300159454, 3604.82469682045, 3689.9907063322066, 3817.436115592289, 3857.9352, 3974.0105329030994, 4024.541790988159, 4097.485634208679, 4256.417545747566, 4267.6683647979735, 4371.30315, 4750.3225, 5724.382553772926, 5739.290123967552, 5276.383431936836, 5428.545170845032, 5716.5818647727965, 5637.678278735828, 5729.207347555161, 5919.7365, 5967.1161150375365, 5969.002186790466]
shares:[0, 11.0497, 21.9787, 33.0898, 44.2009, 55.5645, 66.6756, 78.4959, 90.691, 103.0672, 114.5088, 125.3784, 135.6453, 146.2161, 156.9113, 166.7056, 176.1396, 184.1396, 192.4729, 200.518, 208.3611, 215.9369, 223.7985, 231.876, 239.9929, 247.961, 256.0385, 264.0642, 272.1287, 280.3592, 288.4629, 296.6934, 304.9579, 313.1613, 321.4946, 329.7934, 338.1968, 346.657, 354.9973, 363.5152, 372.0258, 380.0258, 386.7826, 393.6413, 401.2459, 408.776, 416.054, 423.5671, 431.0916, 438.499, 445.9728, 453.5716]
growth_rate:17.04
