ticker:KERN
price:[4.710000038146973, 4.650000095367432, 4.21999979019165, 3.5999999046325684, 3.9600000381469727, 4.400000095367432, 4.429999828338623, 3.7699999809265137, 2.380000114440918, 4.110000133514404, 2.890000104904175, 3.1600000858306885, 3.9000000953674316, 3.819999933242798, 3.5, 3.75, 3.5999999046325684, 3.240000009536743, 5.980000019073486, 6.340000152587891, 5.739999771118164, 5.820000171661377, 8.15999984741211, 7.829999923706055, 7.130000114440918, 5.53000020980835, 4.510000228881836, 5.800000190734863, 5.420000076293945, 5.099999904632568, 5.110000133514404, 4.699999809265137, 4.329999923706055, 3.9800000190734863, 4.21999979019165, 3.7100000381469727, 3.440000057220459, 3.7100000381469727, 4.380000114440918, 4.170000076293945, 4.519999980926514, 4.179999828338623, 4.389999866485596, 4.059999942779541, 3.880000114440918, 3.6600000858306885, 3.640000104904175, 3.430000066757202, 3.5, 3.4200000762939453, 3.1700000762939453, 3.259999990463257]
assets:[0, 100.00011205091477, 190.75285251622202, 262.72763304009436, 389.00030774726866, 532.2226915356159, 635.8516083609104, 641.1197877563953, 504.7387622700691, 971.6286915636063, 783.2134374298811, 956.3857179769755, 1280.3493613086223, 1354.0856903363942, 1340.65435, 1536.4155, 1574.958918277836, 1517.4630764665603, 2900.7497052520753, 3175.377030423355, 2974.867959377479, 3116.3295679163934, 4469.286588426589, 4388.5434802389145, 4096.208594746685, 3277.0034693295956, 2772.56503470726, 3665.6047605445865, 3525.444469625473, 3417.2998160982133, 3524.0007050753115, 3341.252894405651, 3178.2182120002744, 3021.3183104791638, 3303.5082537574294, 3004.269361890507, 2885.6299439991476, 3212.118404027653, 3892.2043196957584, 3805.5916926267623, 4225.00579817133, 4007.195291435242, 4308.513566963864, 4084.6388644322874, 4003.5466900849337, 3876.5414289088008, 3955.358065992737, 3827.164233487106, 4005.26945, 4013.7206395387648, 3820.319885945511, 4028.7829682142738]
shares:[0, 21.5054, 45.2021, 72.9799, 98.2324, 120.9597, 143.5331, 170.0583, 212.0751, 236.406, 271.0081, 302.6537, 328.2947, 354.4727, 383.0441, 409.7108, 437.4886, 468.3528, 485.0752, 500.8481, 518.2697, 535.4518, 547.7067, 560.4781, 574.5033, 592.5865, 614.7594, 632.0008, 650.451, 670.0588, 689.6283, 710.9049, 733.9996, 759.1252, 782.8219, 809.7761, 838.8459, 865.8001, 888.6311, 912.6119, 934.7358, 958.6592, 981.4382, 1006.0687, 1031.8419, 1059.1643, 1086.6368, 1115.7913, 1144.3627, 1173.6025, 1205.1482, 1235.823]
growth_rate:-21.0
