ticker:KFFB
price:[6.159999847412109, 6.039999961853027, 5.980000019073486, 6.070000171661377, 6.289999961853027, 6.150000095367432, 6.199999809265137, 6.25, 6.320000171661377, 6.320000171661377, 6.329999923706055, 7.900000095367432, 7.0, 6.840000152587891, 6.900000095367432, 6.260000228881836, 6.550000190734863, 6.320000171661377, 6.309999942779541, 6.46999979019165, 6.429999828338623, 6.309999942779541, 6.460000038146973, 6.690000057220459, 7.190000057220459, 7.079999923706055, 7.25, 7.699999809265137, 6.889999866485596, 6.800000190734863, 6.769999980926514, 6.880000114440918, 7.199999809265137, 7.170000076293945, 6.900000095367432, 7.079999923706055, 7.099999904632568, 6.96999979019165, 7.0, 7.170000076293945, 7.110000133514404, 7.239999771118164, 7.460000038146973, 7.380000114440918, 6.989999771118164, 7.050000190734863, 7.039999961853027, 7.059999942779541, 7.300000190734863, 7.079999923706055, 7.070000171661377, 7.210000038146973]
assets:[0, 100.00005136842728, 199.00662663474083, 302.0019325407028, 412.947932495594, 503.75696281170843, 607.8523213002205, 712.754375, 820.7373422925472, 920.7374410087108, 1022.194340679741, 1375.724186607504, 1318.996, 1388.8476669826507, 1501.0308507462978, 1461.8045794473646, 1629.524112451458, 1672.3042774224757, 1769.6584139523504, 1914.531167915821, 2002.6948195341586, 2065.319771271229, 2214.416307076359, 2393.2578744698526, 2672.126133265686, 2731.2451985681532, 2896.82595, 3176.6287613124846, 2942.4640129809377, 3004.0286042607304, 3090.7751142921925, 3240.9946779102324, 3491.7385475005153, 3577.1897570638657, 3542.484198961973, 3734.8967837528226, 3845.447278347826, 3875.0375983550553, 3991.7164, 4188.658118570327, 4253.606638875914, 4431.380143908501, 4666.035317859935, 4715.9971931304935, 4566.777948464584, 4705.978057318306, 4799.30243799448, 4912.936764181233, 5179.948735342025, 5123.840548785592, 5216.60386866045, 5419.90267067585]
shares:[0, 16.5563, 33.2787, 49.7532, 65.6515, 81.9117, 98.0407, 114.0407, 129.8635, 145.6863, 161.4841, 174.1423, 188.428, 203.0479, 217.5407, 233.5151, 248.7823, 264.6051, 280.453, 295.909, 311.4611, 327.309, 342.7889, 357.7366, 371.6448, 385.7691, 399.5622, 412.5492, 427.063, 441.7689, 456.5399, 471.0748, 484.9637, 498.9107, 513.4035, 527.5278, 541.6123, 555.9595, 570.2452, 584.1922, 598.2569, 612.0691, 625.4739, 639.024, 653.3302, 667.5146, 681.7191, 695.8834, 709.582, 723.7063, 737.8506, 751.7202]
growth_rate:6.27
