ticker:KFRC
price:[34.79999923706055, 33.75, 33.810001373291016, 32.290000915527344, 32.77000045776367, 36.310001373291016, 38.0099983215332, 38.38999938964844, 34.70000076293945, 36.63999938964844, 40.0, 40.02000045776367, 42.029998779296875, 42.849998474121094, 43.47999954223633, 42.93000030517578, 42.540000915527344, 42.09000015258789, 44.130001068115234, 42.709999084472656, 45.65999984741211, 42.650001525878906, 45.08000183105469, 46.630001068115234, 49.02000045776367, 51.349998474121094, 52.630001068115234, 54.349998474121094, 52.70000076293945, 53.63999938964844, 54.290000915527344, 55.349998474121094, 56.38999938964844, 56.08000183105469, 56.040000915527344, 60.16999816894531, 60.31999969482422, 59.70000076293945, 62.709999084472656, 62.61000061035156, 62.65999984741211, 58.81999969482422, 62.16999816894531, 63.189998626708984, 62.279998779296875, 60.119998931884766, 60.619998931884766, 62.43000030517578, 60.86000061035156, 60.36000061035156, 58.72999954223633, 58.619998931884766]
assets:[0, 100.00125, 200.17887513084412, 291.1783122558594, 395.50768952484134, 538.2340433567047, 663.4341127037048, 770.0649977569581, 796.0457775024414, 940.5524483322145, 1126.804, 1227.3693920391083, 1389.015805657959, 1516.1143610115053, 1638.404646750641, 1717.6808282104494, 1802.0752647834777, 1883.0140088264466, 2074.277744205475, 2107.53344682312, 2353.101790136337, 2297.9820822143556, 2528.911466719055, 2715.861826210022, 2955.062883595276, 3195.5206750442508, 3375.177757498551, 3585.4802693374636, 3576.627841778946, 3740.424437438965, 3885.752525527954, 4061.621633029938, 4237.939653129578, 4314.643924876404, 4411.564140071869, 4836.687081813049, 4948.743254962921, 4997.87511387062, 5349.859002895355, 5441.328716044616, 5545.67315849533, 5305.816898471832, 5708.001607885742, 5901.648878741074, 5916.662164031983, 5811.457612751388, 5959.788512989426, 6237.7371814918515, 6180.868629986572, 6230.0876429977425, 6161.84583797226, 6250.304628113175]
shares:[0, 2.963, 5.9207, 9.0176, 12.0692, 14.8233, 17.4542, 20.059, 22.9408, 25.6701, 28.1701, 30.6689, 33.0482, 35.3819, 37.6818, 40.0112, 42.3619, 44.7378, 47.0038, 49.3452, 51.5353, 53.88, 56.0983, 58.2428, 60.2828, 62.2302, 64.1303, 65.9702, 67.8677, 69.732, 71.574, 73.3807, 75.1541, 76.9373, 78.7217, 80.3837, 82.0415, 83.7165, 85.3111, 86.9083, 88.5042, 90.2043, 91.8128, 93.3953, 95.001, 96.6643, 98.3139, 99.9157, 101.5588, 103.2155, 104.9182, 106.6241]
growth_rate:22.55
