ticker:KHC
price:[33.470001220703125, 31.709999084472656, 29.739999771118164, 29.1299991607666, 30.469999313354492, 31.110000610351562, 32.15999984741211, 31.3700008392334, 30.59000015258789, 31.540000915527344, 31.610000610351562, 32.2599983215332, 32.84000015258789, 34.119998931884766, 34.06999969482422, 34.77000045776367, 34.97999954223633, 34.65999984741211, 33.619998931884766, 31.989999771118164, 32.90999984741211, 33.5099983215332, 33.79999923706055, 35.38999938964844, 37.47999954223633, 36.380001068115234, 37.849998474121094, 38.11000061035156, 39.13999938964844, 40.029998779296875, 40.029998779296875, 40.13999938964844, 41.0, 40.40999984741211, 41.290000915527344, 43.47999954223633, 43.72999954223633, 44.130001068115234, 43.59000015258789, 43.959999084472656, 43.41999816894531, 40.5, 40.689998626708984, 40.380001068115234, 39.95000076293945, 39.29999923706055, 39.220001220703125, 38.470001220703125, 37.20000076293945, 37.869998931884766, 36.599998474121094, 36.380001068115234]
assets:[0, 100.00065311279296, 193.78881250858305, 289.81436165046694, 403.14551391506194, 511.61329303741456, 628.8823650161743, 713.4353810863495, 795.6948479690552, 920.4066147171021, 1022.4507577423095, 1143.4749965057372, 1264.0345938732146, 1413.3015357570648, 1511.22934846344, 1642.2775236213683, 1752.1971490699768, 1836.1689479164122, 1881.0725602378845, 1889.8732164783478, 2044.2243865219116, 2181.4941887321474, 2300.373868075562, 2508.588255735779, 2756.736422330475, 2775.830461498261, 2987.9924295425412, 3108.5184197845456, 3292.5311146560666, 3467.3984942626953, 3567.397434213257, 3677.2012600860594, 3855.9844, 3900.494415271759, 4085.4350115867614, 4402.123857653809, 4527.436820606995, 4668.848201004029, 4711.717219493485, 4851.711238956452, 4892.113825695801, 4663.11735, 4784.993285506058, 4848.539792251587, 4896.90729851799, 4917.231624540711, 5007.22147784729, 5011.467824020386, 4946.026541438675, 5135.10747616539, 5062.896088924408, 5132.465084688949]
shares:[0, 3.1536, 6.5161, 9.949, 13.2309, 16.4453, 19.5548, 22.7426, 26.0116, 29.1822, 32.3458, 35.4456, 38.4907, 41.4215, 44.3566, 47.2326, 50.0914, 52.9766, 55.951, 59.077, 62.1156, 65.0998, 68.0584, 70.8841, 73.5522, 76.301, 78.943, 81.567, 84.1219, 86.62, 89.1181, 91.6094, 94.0484, 96.523, 98.9449, 101.2448, 103.5316, 105.7976, 108.0917, 110.3665, 112.6696, 115.1387, 117.5963, 120.0728, 122.5759, 125.1204, 127.6701, 130.2695, 132.9577, 135.5983, 138.3305, 141.0793]
growth_rate:0.64
