ticker:KIDS
price:[45.619998931884766, 42.56999969482422, 43.45000076293945, 43.869998931884766, 45.560001373291016, 46.779998779296875, 48.459999084472656, 49.029998779296875, 44.599998474121094, 41.529998779296875, 46.790000915527344, 45.459999084472656, 46.97999954223633, 44.5, 43.86000061035156, 44.16999816894531, 46.310001373291016, 41.25, 42.59000015258789, 40.810001373291016, 43.86000061035156, 46.18000030517578, 50.45000076293945, 50.68000030517578, 56.41999816894531, 54.459999084472656, 47.75, 46.09000015258789, 50.95000076293945, 46.9900016784668, 50.36000061035156, 49.54999923706055, 51.29999923706055, 54.880001068115234, 58.5, 64.16000366210938, 56.0, 56.02000045776367, 56.4900016784668, 58.279998779296875, 63.5099983215332, 63.84000015258789, 66.91000366210938, 62.439998626708984, 60.880001068115234, 58.43000030517578, 61.52000045776367, 62.84000015258789, 71.37000274658203, 63.369998931884766, 63.400001525878906, 65.54000091552734]
assets:[0, 100.00118628311156, 202.0685735481262, 304.02347959785465, 415.7350125312805, 526.869092251587, 645.7924857994079, 753.3900582427979, 785.3212331321716, 831.2644555664061, 1036.5482482818602, 1107.0828117042543, 1244.1008578777314, 1278.42715, 1360.0416009262085, 1469.6550980758668, 1640.8605996585845, 1561.572375, 1712.3011431346895, 1740.7383655773162, 1970.8359694259643, 2175.0826323738097, 2476.202072446823, 2587.492755580902, 2980.550021269226, 2977.0068359535217, 2710.2088249999997, 2715.991528991699, 3102.3812114559173, 2961.2535177749633, 3273.6266596755977, 3320.974733865738, 3538.26354737854, 3885.1857716163636, 4241.4606, 4751.831023223877, 4247.4824, 4349.000695537567, 4485.486901275634, 4727.621048977661, 5251.876748201371, 5379.1647968570705, 5737.840600042724, 5454.514764034652, 5418.240951060868, 5300.191170682526, 5680.486154267884, 5902.366410332108, 6803.559621826172, 6140.9331164932255, 6243.84137027359, 6554.596505561066]
shares:[0, 2.3491, 4.6506, 6.9301, 9.125, 11.2627, 13.3263, 15.3659, 17.6081, 20.016, 22.1532, 24.3529, 26.4815, 28.7287, 31.0087, 33.2727, 35.4321, 37.8563, 40.2043, 42.6547, 44.9347, 47.1001, 49.0823, 51.0555, 52.8279, 54.6641, 56.7583, 58.928, 60.8907, 63.0188, 65.0045, 67.0227, 68.972, 70.7942, 72.5036, 74.0622, 75.8479, 77.633, 79.4032, 81.1191, 82.6937, 84.2601, 85.7546, 87.3561, 88.9987, 90.7101, 92.3356, 93.9269, 95.328, 96.906, 98.4833, 100.0091]
growth_rate:28.52
