ticker:KIIIU
price:[10.199999809265137, 10.130000114440918, 10.0, 9.979999542236328, 9.880000114440918, 9.899999618530273, 10.0, 9.9399995803833, 10.0, 9.989999771118164, 9.970000267028809, 9.949999809265137, 9.925000190734863, 9.930000305175781, 9.9399995803833, 9.899999618530273, 9.960000038146973, 9.989999771118164, 9.989999771118164, 9.989999771118164, 9.90999984741211, 9.949999809265137, 9.949999809265137, 9.9399995803833, 9.920000076293945, 9.899999618530273, 9.829999923706055, 9.850000381469727]
assets:[0, 100.00032212972641, 198.717, 298.3191523166657, 395.3304205791473, 496.1305608829498, 601.1419999999999, 697.535494553566, 801.746, 900.9441333583832, 999.1405857602119, 1097.1367289686202, 1194.3804779531479, 1294.9822627983094, 1396.2866510558129, 1490.6676925611496, 1599.7024981268883, 1704.5207339475633, 1804.520631656456, 1904.5205293653487, 1989.2689543704985, 2097.2987697961807, 2197.2992528792383, 2295.091233112812, 2390.473010384941, 2485.653294222069, 2568.077650068283, 2673.3029085313797]
shares:[0, 9.8717, 19.8717, 29.8917, 40.0132, 50.1142, 60.1142, 70.1746, 80.1746, 90.1846, 100.2147, 110.265, 120.3406, 130.4111, 140.4715, 150.5725, 160.6127, 170.6227, 180.6327, 190.6427, 200.7335, 210.7838, 220.8341, 230.8945, 240.9751, 251.0761, 261.249, 271.4013]
growth_rate:-0.99
