ticker:KIII
price:[9.720000267028809, 9.739999771118164, 9.810999870300293, 9.699999809265137, 9.699999809265137, 9.649999618530273, 9.729999542236328, 9.65999984741211, 9.6899995803833, 9.670000076293945, 9.649999618530273, 9.649999618530273, 9.640000343322754, 9.649999618530273, 9.640000343322754, 9.640000343322754, 9.656999588012695, 9.680000305175781, 9.640000343322754, 9.630000114440918, 9.630000114440918]
assets:[0, 99.99960365009308, 200.72815184640882, 298.4573541313171, 398.4575621649742, 496.4037003768921, 600.5190307476043, 696.199087002945, 798.3610034276961, 896.713612074852, 994.8589906726837, 1094.8590417196274, 1193.7241345137595, 1294.9623988094331, 1393.6201456329345, 1493.6197251943588, 1596.2537469005583, 1700.0558615966795, 1793.030423857689, 1891.1702384742737, 1991.1700856626512]
shares:[0, 10.2669, 20.4595, 30.7688, 41.0781, 51.4408, 61.7183, 72.0703, 82.3902, 92.7315, 103.0942, 113.4569, 123.8303, 134.193, 144.5664, 154.9398, 165.295, 175.6256, 185.999, 196.3832, 206.7674]
growth_rate:-0.44
