ticker:KINS
price:[5.960000038146973, 5.800000190734863, 6.070000171661377, 6.03000020980835, 6.0, 6.019999980926514, 5.989999771118164, 6.010000228881836, 5.820000171661377, 5.949999809265137, 6.139999866485596, 6.360000133514404, 6.820000171661377, 6.400000095367432, 6.179999828338623, 6.329999923706055, 6.5229997634887695, 6.650000095367432, 6.769999980926514, 7.269999980926514, 7.199999809265137, 7.010000228881836, 7.300000190734863, 7.380000114440918, 7.380000114440918, 7.059999942779541, 7.170000076293945, 7.309999942779541, 8.0, 7.679999828338623, 8.140000343322754, 8.15999984741211, 8.5600004196167, 8.40999984741211, 8.380000114440918, 8.300000190734863, 8.121000289916992, 8.039999961853027, 8.029999732971191, 8.050000190734863, 8.260000228881836, 8.289999961853027, 7.699999809265137, 7.730000019073486, 7.46999979019165, 7.75, 7.550000190734863, 7.579999923706055, 7.460000038146973, 7.050000190734863, 6.949999809265137, 6.96999979019165]
assets:[0, 100.00012328853606, 204.6555187877178, 303.30659855327605, 401.79780000000005, 503.1371504058838, 600.6298560495376, 702.6351367588044, 780.4218650186061, 897.8537812181472, 1026.5244736782074, 1163.3057164210795, 1347.4444839155674, 1364.464020332098, 1417.5603266245366, 1551.9672262945176, 1699.2864470871923, 1832.3709512779715, 1965.435929462671, 2210.5939832003114, 2289.309059354019, 2328.896625040245, 2525.241615979671, 2652.9152091384885, 2752.9149486891747, 2733.547257844925, 2876.137980604172, 3032.2968952641013, 3418.5192, 3381.778100411367, 3684.3326533949853, 3793.384825065613, 4079.3349679716107, 4107.850969468689, 4193.197865264129, 4253.167437738228, 4261.442927732086, 4318.9384355081565, 4413.566494231701, 4524.559762203884, 4742.591467415618, 4859.816004637241, 4613.942295709133, 4731.918738675833, 4672.7597647571565, 4947.910000000001, 4920.221874299049, 5039.772157273865, 5059.98672987442, 4881.89107207756, 4912.6442001780515, 5026.781273685694]
shares:[0, 17.2414, 33.7159, 50.2996, 66.9663, 83.5776, 100.2721, 116.911, 134.0931, 150.8998, 167.1864, 182.9097, 197.5725, 213.1975, 229.3787, 245.1765, 260.5069, 275.5445, 290.3155, 304.0707, 317.9596, 332.2249, 345.9235, 359.4736, 373.0237, 387.188, 401.135, 414.8149, 427.3149, 440.3357, 452.6207, 464.8756, 476.5578, 488.4484, 500.3816, 512.4298, 524.7436, 537.1814, 549.6347, 562.0571, 574.1636, 586.2263, 599.2133, 612.1499, 625.5368, 638.44, 651.685, 664.8776, 678.2824, 692.4668, 706.8553, 721.2025]
growth_rate:-1.44
