ticker:KINZ
price:[10.229999542236328, 10.300000190734863, 10.40999984741211, 10.140000343322754, 9.949999809265137, 9.880000114440918, 9.869999885559082, 9.819999694824219, 9.880000114440918, 9.960000038146973, 9.880000114440918, 9.890000343322754, 9.899999618530273, 9.890000343322754, 9.869999885559082, 9.819999694824219, 9.899999618530273, 9.869999885559082, 9.890000343322754, 9.920000076293945, 9.880000114440918, 9.869999885559082, 9.869999885559082, 9.880000114440918, 9.890000343322754, 9.880000114440918, 9.880000114440918, 9.850000381469727, 9.869999885559082, 9.899999618530273, 9.899999618530273, 9.899999618530273]
assets:[0, 99.99961185178758, 201.06706505279544, 295.851748017025, 390.3086425180435, 487.56318564748767, 587.0695671930314, 684.0955487403869, 788.2758091306686, 894.6589954265594, 987.4734074379921, 1088.4726687853813, 1189.5730641630173, 1288.3713337246895, 1385.7657499322893, 1478.7456360450747, 1590.7923287031174, 1685.9716664514542, 1789.3878721170427, 1894.815246572876, 1987.1752910176278, 2085.163811822891, 2185.16368966341, 2287.3781064949035, 2389.6930909561156, 2487.2771848103525, 2587.277605968666, 2679.4217287683487, 2784.8619217100145, 2893.326368513489, 2993.326264660263, 3093.3261608070375]
shares:[0, 9.7087, 19.3148, 29.1767, 39.227, 49.3485, 59.4802, 69.6635, 79.785, 89.8252, 99.9467, 110.0579, 120.1589, 130.2701, 140.4018, 150.5851, 160.6861, 170.8178, 180.929, 191.0096, 201.1311, 211.2628, 221.3945, 231.516, 241.6272, 251.7487, 261.8702, 272.0225, 282.1542, 292.2552, 302.3562, 312.4572]
growth_rate:-0.22
