ticker:KINZU
price:[10.229999542236328, 10.399999618530273, 10.289999961853027, 10.430000305175781, 10.449999809265137, 10.699999809265137, 10.5, 10.949999809265137, 11.069999694824219, 11.3100004196167, 10.720000267028809, 10.289999961853027, 10.430000305175781, 10.25, 10.119999885559082, 10.149999618530273, 10.279999732971191, 10.149999618530273, 10.239999771118164, 10.25, 10.199999809265137, 10.149999618530273, 10.130000114440918, 10.25100040435791, 10.210000038146973, 10.260000228881836, 10.119999885559082, 10.260000228881836, 10.260000228881836, 10.300000190734863, 10.390000343322754, 10.279999732971191, 10.25, 10.239999771118164, 10.140000343322754, 10.149999618530273, 10.100000381469727, 10.011899948120117]
assets:[0, 100.00015633201599, 198.94274326248168, 301.6491678260803, 402.22780765848154, 511.85054087591175, 602.28315, 728.0950523175239, 836.0739039512634, 954.1998534021378, 1004.4232890195847, 1064.1341720550538, 1178.611937485504, 1258.27155, 1342.3127368206024, 1446.2917156436922, 1564.815391353035, 1645.0266781745909, 1759.612888669586, 1861.331325, 1952.2514034938813, 2042.6813332294464, 2138.6567671608927, 2264.2020155130385, 2355.1458137993814, 2466.679501027107, 2533.0207913556096, 2668.0627855196, 2768.0629037504195, 2878.8541733104707, 3004.008849263191, 3072.2046481977463, 3163.239175, 3260.152759129906, 3328.315180690956, 3431.5971310295104, 3514.693072747421, 3584.0349136781692]
shares:[0, 9.6154, 19.3336, 28.9213, 38.4907, 47.8365, 57.3603, 66.4927, 75.5261, 84.3678, 93.6962, 103.4144, 113.0021, 122.7582, 132.6396, 142.4918, 152.2194, 162.0716, 171.8372, 181.5933, 191.3972, 201.2494, 211.1211, 220.8762, 230.6705, 240.4171, 250.2985, 260.0451, 269.7917, 279.5004, 289.125, 298.8526, 308.6087, 318.3743, 328.2362, 338.0884, 347.9894, 357.9775]
growth_rate:-3.13
