ticker:KIRK
price:[7.079999923706055, 7.21999979019165, 8.479999542236328, 8.09000015258789, 9.09000015258789, 10.819999694824219, 12.710000038146973, 11.800000190734863, 9.279999732971191, 9.869999885559082, 9.949999809265137, 13.430000305175781, 14.789999961853027, 17.530000686645508, 17.639999389648438, 19.399999618530273, 20.260000228881836, 17.8799991607666, 16.899999618530273, 19.3799991607666, 28.06999969482422, 25.459999084472656, 27.6299991607666, 25.889999389648438, 26.200000762939453, 26.0, 23.809999465942383, 24.899999618530273, 29.979999542236328, 26.0, 28.020000457763672, 30.950000762939453, 28.209999084472656, 29.43000030517578, 29.600000381469727, 32.09000015258789, 27.959999084472656, 27.239999771118164, 25.709999084472656, 23.940000534057617, 23.770000457763672, 21.790000915527344, 22.81999969482422, 22.010000228881836, 21.690000534057617, 19.209999084472656, 19.239999771118164, 19.459999084472656, 19.520000457763672, 19.899999618530273, 17.31999969482422, 19.469999313354492]
assets:[0, 99.99988509407044, 217.45178026161196, 307.4507477989197, 445.45454847755434, 630.2325222244262, 840.3191105220795, 880.154934226799, 792.1899612050057, 942.5553790712356, 1050.1956148684503, 1517.5000534828187, 1771.1705294317244, 2199.2981091459274, 2313.09783996582, 2643.882388012314, 2861.084816322327, 2624.984132791138, 2581.1099017387387, 3059.8770594947814, 4531.926713729095, 4210.53900459137, 4669.411835171318, 4475.3556504943845, 4628.942774794006, 4693.6084, 4398.261674347114, 4699.610988001632, 5758.408412075042, 5093.9511999999995, 5589.712693319321, 6274.218199663926, 5818.760850157928, 6170.405697984314, 6306.04920126915, 6936.523088983155, 6143.787602826691, 6085.579388866425, 5843.767096904755, 5541.454167619705, 5602.104199885559, 5235.459550972748, 5582.93574533844, 5484.768801036072, 5505.026247546387, 4975.589546868897, 5083.359935527611, 5241.4845894058235, 5357.646717642212, 5561.944423381234, 4940.848600942993, 5654.175415595054]
shares:[0, 13.8504, 25.6429, 38.0038, 49.0049, 58.247, 66.1148, 74.5894, 85.3653, 95.497, 105.5473, 112.9933, 119.7546, 125.4591, 131.128, 136.2826, 141.2184, 146.8112, 152.7284, 157.8884, 161.4509, 165.3786, 168.9979, 172.8604, 176.6772, 180.5234, 184.7233, 188.7394, 192.075, 195.9212, 199.4901, 202.7211, 206.2659, 209.6638, 213.0422, 216.1584, 219.7349, 223.406, 227.2955, 231.4726, 235.6796, 240.2689, 244.651, 249.1944, 253.8048, 259.0104, 264.2079, 269.3466, 274.4696, 279.4947, 285.2684, 290.4045]
growth_rate:10.87
