ticker:KLAC
price:[193.3699951171875, 171.94000244140625, 178.9600067138672, 187.91000366210938, 191.9600067138672, 211.0399932861328, 208.39999389648438, 203.1699981689453, 197.17999267578125, 231.67999267578125, 236.10000610351562, 242.57000732421875, 254.1300048828125, 263.70001220703125, 257.6300048828125, 262.1499938964844, 259.0799865722656, 258.9100036621094, 283.17999267578125, 304.1300048828125, 305.010009765625, 280.07000732421875, 288.0299987792969, 331.80999755859375, 330.6700134277344, 311.2300109863281, 295.8699951171875, 294.2699890136719, 292.8800048828125, 319.94000244140625, 347.2900085449219, 352.8500061035156, 333.0, 332.07000732421875, 315.3500061035156, 319.70001220703125, 305.75, 310.1400146484375, 316.8900146484375, 316.989990234375, 320.1099853515625, 304.4800109863281, 316.260009765625, 311.82000732421875, 308.760009765625, 293.2200012207031, 320.760009765625, 348.1600036621094, 353.3500061035156, 327.8800048828125, 319.9700012207031, 342.92999267578125]
assets:[0, 100.00030541992187, 204.08599165649414, 314.2982721252442, 421.0642747268676, 562.906974092102, 655.8556207916259, 739.3965743362427, 817.6068396301268, 1060.6541744689941, 1180.8777905273437, 1313.2497626525878, 1475.8345903564455, 1631.4064955200197, 1693.8657561035157, 1823.5940025421141, 1902.2429854095458, 2000.9859633026124, 2288.547428808594, 2557.854993066406, 2665.2689683349613, 2547.348744616699, 2719.752066473389, 3233.1566162109375, 3322.043222900391, 3226.739384902954, 3167.495406726074, 3250.359163650513, 3334.995327600098, 3743.138058563233, 4163.104248431397, 4329.751854895019, 4186.1763, 4274.471548278809, 4159.245835501099, 4316.621534820557, 4228.2779, 4388.977431298828, 4584.511219921875, 4685.967928637695, 4832.092239880371, 4696.147449447632, 4977.837675708008, 5007.954045629883, 5058.81662800293, 4904.192486416626, 5464.820362377929, 6031.628351443482, 6221.53956246643, 5873.085011462402, 5831.389278247069, 6349.828916381836]
shares:[0, 0.5816, 1.1404, 1.6726, 2.1935, 2.6673, 3.1471, 3.6393, 4.1465, 4.5781, 5.0016, 5.4139, 5.8074, 6.1866, 6.5748, 6.9563, 7.3423, 7.7285, 8.0816, 8.4104, 8.7383, 9.0954, 9.4426, 9.744, 10.0464, 10.3677, 10.7057, 11.0455, 11.3869, 11.6995, 11.9874, 12.2708, 12.5711, 12.8722, 13.1893, 13.5021, 13.8292, 14.1516, 14.4672, 14.7827, 15.0951, 15.4235, 15.7397, 16.0604, 16.3843, 16.7253, 17.0371, 17.3243, 17.6073, 17.9123, 18.2248, 18.5164]
growth_rate:24.51
