ticker:KLAQ
price:[9.800000190734863, 9.770000457763672, 9.75, 9.664999961853027, 9.760000228881836, 9.869999885559082, 9.869999885559082, 9.760000228881836, 9.779999732971191, 9.770000457763672, 9.789999961853027, 9.699999809265137, 9.640000343322754, 9.720000267028809, 9.729999542236328, 9.699999809265137, 9.694999694824219, 9.699999809265137, 9.720000267028809, 9.710000038146973, 9.649999618530273, 9.729999542236328, 9.739999771118164, 9.729999542236328, 9.720000267028809, 9.720000267028809, 9.720000267028809]
assets:[0, 99.99986268539429, 199.79505, 298.0531348236084, 400.98277740345003, 505.50191413879395, 605.5017919793129, 698.7535523864746, 800.1849081521034, 899.3666451389313, 1001.2076320987701, 1092.0036685275077, 1185.2486462119102, 1295.0850595787049, 1396.4174253032684, 1492.1121706600188, 1591.3430669082643, 1692.1639967263222, 1795.653409330368, 1893.8063644400597, 1982.1041316463472, 2098.5361382709502, 2200.6925602855686, 2298.4331408664707, 2396.0714338251114, 2496.0717685723307, 2596.0721033195496]
shares:[0, 10.2354, 20.4918, 30.8384, 41.0843, 51.216, 61.3477, 71.5936, 81.8185, 92.0539, 102.2684, 112.5777, 122.9511, 133.2392, 143.5167, 153.826, 164.1406, 174.4499, 184.738, 195.0367, 205.3994, 215.6769, 225.9438, 236.2213, 246.5094, 256.7975, 267.0856]
growth_rate:-0.15
