ticker:KLAQU
price:[10.270000457763672, 10.40999984741211, 10.399999618530273, 10.25, 10.470000267028809, 10.510000228881836, 10.539999961853027, 10.25, 10.119999885559082, 10.0600004196167, 10.039999961853027, 9.90999984741211, 9.979999542236328, 10.09000015258789, 10.0600004196167, 10.029999732971191, 9.979999542236328, 9.979999542236328, 10.020000457763672, 9.989999771118164, 9.9399995803833, 9.9399995803833, 9.949999809265137, 9.949999809265137, 9.998000144958496, 9.949999809265137, 9.970000267028809, 10.020000457763672, 10.029999732971191, 9.989999771118164, 9.970000267028809, 9.979999542236328, 9.899999618530273, 9.880000114440918, 9.880000114440918]
assets:[0, 99.99949953422546, 199.90359266757963, 297.0204, 403.39549928827284, 504.9361449962616, 606.3777918053627, 689.6938, 780.9462231687545, 876.316576552391, 974.5747642971038, 1061.9555836486816, 1169.456346359253, 1282.346191392517, 1378.53392950058, 1474.4229997464179, 1567.0725021213532, 1667.0720975345612, 1773.7535070339202, 1868.4426441919325, 1959.0914152970315, 2059.0917870755193, 2161.1638385719302, 2261.1643216549874, 2372.0725249920847, 2460.6847028303146, 2565.6310157158855, 2678.4974243671413, 2781.170481956863, 2870.0789822433476, 2964.3333203944208, 3067.305953308487, 3142.718248903847, 3236.3699014871595, 3336.3703226454736]
shares:[0, 9.6061, 19.2215, 28.9776, 38.5287, 48.0434, 57.5311, 67.2872, 77.1686, 87.109, 97.0692, 107.16, 117.18, 127.0908, 137.0312, 147.0013, 157.0213, 167.0413, 177.0213, 187.0313, 197.0917, 207.1521, 217.2024, 227.2527, 237.2547, 247.305, 257.3351, 267.3151, 277.2852, 287.2952, 297.3253, 307.3453, 317.4463, 327.5678, 337.6893]
growth_rate:-1.87
