ticker:KLDO
price:[5.78000020980835, 5.320000171661377, 5.900000095367432, 8.920000076293945, 9.8149995803833, 11.329999923706055, 8.800000190734863, 6.889999866485596, 6.110000133514404, 6.730000019073486, 7.150000095367432, 7.059999942779541, 7.619999885559082, 8.0, 9.399999618530273, 9.1899995803833, 9.329999923706055, 9.100000381469727, 10.640000343322754, 13.390000343322754, 12.460000038146973, 14.949999809265137, 11.210000038146973, 11.5600004196167, 10.670000076293945, 8.930000305175781, 8.8100004196167, 10.029999732971191, 10.899999618530273, 7.670000076293945, 8.699999809265137, 7.070000171661377, 6.5, 6.679999828338623, 7.889999866485596, 7.460000038146973, 6.315000057220459, 6.849999904632568, 7.179999828338623, 6.559999942779541, 6.75, 6.730000019073486, 7.309999942779541, 7.909999847412109, 7.989999771118164, 7.28000020980835, 5.670000076293945, 5.429999828338623, 5.920000076293945, 6.139999866485596, 5.829999923706055, 6.210000038146973]
assets:[0, 100.0000432267189, 210.9025834090233, 418.8564435825348, 560.883058520794, 747.4582229667664, 680.5497747505188, 632.8395977368355, 661.1973304483413, 828.2907143474579, 979.9818730710982, 1067.6463733468534, 1252.3325031918525, 1414.7848, 1762.3720884796144, 1822.9999987615583, 1950.771431048012, 2002.681673951912, 2441.5970547834395, 3172.649444347477, 3052.2938133447647, 3762.2631320003507, 2921.0681799402237, 3112.2700129723553, 2972.657753255463, 2587.89444243927, 2653.1184113669397, 3120.519474922371, 3491.1924878179548, 2556.646494431114, 2999.9774342298506, 2537.913012621164, 2433.30035, 2600.6842531681064, 3171.7665333274363, 3098.9071418463705, 2723.270520675659, 3053.98272248168, 3301.109031076193, 3116.0550768198013, 3306.3066, 3396.509869626045, 3789.225459339094, 4200.242349975204, 4342.722278598213, 4056.8237969169613, 3259.641652860832, 3221.667225151777, 3612.3887825546262, 3846.632552354908, 3752.421733894157, 4097.005297167206]
shares:[0, 18.797, 35.7462, 46.957, 57.1455, 65.9716, 77.3352, 91.849, 108.2156, 123.0744, 137.0604, 151.2247, 164.3481, 176.8481, 187.4864, 198.3678, 209.0859, 220.0749, 229.4734, 236.9417, 244.9674, 251.6564, 260.577, 269.2275, 278.5996, 289.7978, 301.1485, 311.1186, 320.2929, 333.3307, 344.825, 358.9693, 374.3539, 389.324, 401.9983, 415.4031, 431.2384, 445.8369, 459.7645, 475.0084, 489.8232, 504.682, 518.3619, 531.0041, 543.5197, 557.256, 574.8927, 593.3089, 610.2008, 626.4874, 643.6401, 659.7432]
growth_rate:-19.67
