ticker:KLIC
price:[24.219999313354492, 22.93000030517578, 23.18000030517578, 22.09000015258789, 21.889999389648438, 25.079999923706055, 26.850000381469727, 26.90999984741211, 26.139999389648438, 28.469999313354492, 28.399999618530273, 30.049999237060547, 30.610000610351562, 32.209999084472656, 33.66999816894531, 32.77000045776367, 32.88999938964844, 31.809999465942383, 34.70000076293945, 38.08000183105469, 37.939998626708984, 35.66999816894531, 42.9900016784668, 48.5, 49.06999969482422, 49.86000061035156, 44.11000061035156, 46.61000061035156, 48.900001525878906, 46.41999816894531, 51.38999938964844, 54.22999954223633, 54.41999816894531, 57.84000015258789, 56.849998474121094, 50.689998626708984, 46.81999969482422, 49.25, 51.900001525878906, 53.25, 56.790000915527344, 53.970001220703125, 61.45000076293945, 59.2599983215332, 53.040000915527344, 50.689998626708984, 54.58000183105469, 54.36000061035156, 65.33000183105469, 64.22000122070312, 63.939998626708984, 69.95999908447266]
assets:[0, 100.00002433090211, 201.09113864746095, 291.63439101448057, 388.99404515380854, 545.6806063400269, 684.1917097206116, 785.7208665447235, 863.239497843933, 1040.1855889125825, 1137.6273047193527, 1303.7222218997956, 1428.0177484741212, 1602.660040446472, 1775.304525454712, 1827.8516395332335, 1934.5437180999756, 1971.0207299085616, 2250.0903194721222, 2569.265339541626, 2659.8177497241977, 2600.6781644989014, 3234.3742712802887, 3748.9239, 3892.983146788788, 4055.6573236465456, 3687.948931030274, 3996.9706873397827, 4293.34678396988, 4175.604169291687, 4722.668997909546, 5083.661155088043, 5201.474308987427, 5628.358358848191, 5632.021333834076, 5121.763082241439, 4830.73306251297, 5181.4546, 5560.254763473511, 5804.883675, 6290.787413415527, 6078.409166482544, 7020.846937168121, 6870.633835397721, 6249.485843872833, 6072.595938481521, 6638.61474471283, 6711.856455360413, 8166.328624884033, 8127.574180490113, 8192.139686050796, 9063.436813391878]
shares:[0, 4.3611, 8.6752, 13.2021, 17.7704, 21.7576, 25.482, 29.1981, 33.0237, 36.5362, 40.0573, 43.3851, 46.652, 49.7566, 52.7266, 55.7782, 58.8186, 61.9623, 64.8441, 67.4702, 70.1059, 72.9094, 75.2355, 77.2974, 79.3353, 81.3409, 83.608, 85.7535, 87.7985, 89.9527, 91.8986, 93.7426, 95.5802, 97.3091, 99.0681, 101.0409, 103.1767, 105.2072, 107.134, 109.0119, 110.7728, 112.6257, 114.253, 115.9405, 117.8259, 119.7987, 121.6309, 123.4705, 125.0012, 126.5583, 128.1223, 129.5517]
growth_rate:77.71
