ticker:KLXE
price:[6.699999809265137, 4.840000152587891, 5.409999847412109, 4.119999885559082, 4.170000076293945, 4.730000019073486, 4.400000095367432, 4.409999847412109, 3.9200000762939453, 4.28000020980835, 4.809999942779541, 6.179999828338623, 7.150000095367432, 7.960000038146973, 7.639999866485596, 6.949999809265137, 6.909999847412109, 6.460000038146973, 8.039999961853027, 9.510000228881836, 7.820000171661377, 8.390000343322754, 11.020000457763672, 13.300000190734863, 12.260000228881836, 14.989999771118164, 13.289999961853027, 16.780000686645508, 17.959999084472656, 16.6299991607666, 17.270000457763672, 14.510000228881836, 8.699999809265137, 9.0600004196167, 7.710000038146973, 12.0, 12.140000343322754, 11.640000343322754, 11.869999885559082, 14.15999984741211, 9.489999771118164, 10.010000228881836, 10.569999694824219, 9.5600004196167, 8.579999923706055, 6.449999809265137, 5.980000019073486, 5.960000038146973, 5.539999961853027, 5.110000133514404, 4.579999923706055, 6.559999942779541]
assets:[0, 100.00021115264893, 211.77714902687072, 261.27926874246594, 364.4500836679459, 513.3927830702305, 577.5748125185967, 678.8872835102081, 703.4553816911697, 868.0585145527839, 1075.551581205082, 1481.8935068375588, 1814.4884142018318, 2120.0457141599654, 2134.8176586925506, 2042.0134989592555, 2130.261049959183, 2091.5322483507157, 2703.08336317482, 3297.3034753578186, 2811.347147713518, 3116.2667845191004, 4193.117888179398, 5160.659424008846, 4857.1190766775135, 6038.679435795593, 5453.839877345562, 6986.037821871949, 7577.3074497398375, 7116.181189881707, 7490.04582753334, 6393.026295844078, 3933.1724737709046, 4195.92447233553, 3670.70403316164, 5813.1576000000005, 5980.977549143791, 5834.644456093311, 6049.933590671444, 7317.106289151002, 5003.907957314682, 5378.094844971847, 5778.96658615036, 5326.767225807572, 4880.717512600327, 3769.070933543682, 3594.425521464586, 3682.4039035692213, 3522.9053657422064, 3349.467117515087, 3102.0664663255693, 4543.134520371914]
shares:[0, 20.6612, 39.1455, 63.4173, 87.3981, 108.5397, 131.267, 153.9427, 179.4529, 202.8174, 223.6074, 239.7886, 253.7746, 266.3374, 279.4264, 293.8149, 308.2867, 323.7666, 336.2044, 346.7196, 359.5073, 371.4263, 380.5007, 388.0195, 396.1761, 402.8472, 410.3717, 416.3312, 421.8991, 427.9123, 433.7027, 440.5945, 452.0888, 463.1263, 476.0965, 484.4298, 492.667, 501.2581, 509.6827, 516.7448, 527.2822, 537.2722, 546.7329, 557.1932, 568.8482, 584.3521, 601.0745, 617.853, 635.9035, 655.473, 677.3071, 692.551]
growth_rate:-10.92
