ticker:KMDA
price:[8.770000457763672, 9.079999923706055, 8.770000457763672, 8.420000076293945, 8.010000228881836, 8.09000015258789, 7.949999809265137, 8.380000114440918, 7.150000095367432, 7.329999923706055, 6.659999847412109, 6.78000020980835, 6.800000190734863, 6.710000038146973, 6.300000190734863, 6.329999923706055, 6.599999904632568, 6.480000019073486, 6.610000133514404, 6.960000038146973, 6.949999809265137, 6.46999979019165, 7.389999866485596, 6.980000019073486, 6.75, 6.139999866485596, 6.099999904632568, 6.199999809265137, 6.389999866485596, 6.090000152587891, 6.190000057220459, 6.139999866485596, 6.170000076293945, 6.050000190734863, 6.03000020980835, 6.119999885559082, 5.730000019073486, 6.039999961853027, 5.869999885559082, 5.909999847412109, 5.900000095367432, 5.739999771118164, 6.179999828338623, 5.860000133514404, 5.650000095367432, 5.550000190734863, 5.559999942779541, 5.440000057220459, 5.630000114440918, 5.46999979019165, 5.309999942779541, 5.369999885559082]
assets:[0, 99.99985515975952, 196.58569926109314, 288.74032661628723, 374.6805767063141, 478.4223840236664, 570.1429813212394, 700.9811435729026, 698.0924043112278, 815.66699851017, 841.1106947292328, 956.2661455918312, 1059.0871097065926, 1145.0695585098265, 1175.102495576668, 1280.6982445640565, 1435.325079260111, 1509.2282924423216, 1639.5060951161383, 1826.3179300098418, 1923.6939222064018, 1890.8347936842442, 2259.701596174192, 2234.332208105516, 2260.707975, 2156.4066351089, 2242.3581349429605, 2379.117866809559, 2552.0266446772575, 2532.213537445831, 2673.793427716589, 2752.1953821534635, 2865.6429614345548, 2909.909126739025, 3000.2893163923263, 3145.069777188778, 3044.648689134741, 3309.3679230989455, 3316.223563347244, 3438.8214702144624, 3533.003247107363, 3537.1927769548415, 3908.3363334384444, 3805.9628487151626, 3769.5715836273193, 3802.8534706912997, 3909.7052237634657, 3925.323433288383, 4162.421228609466, 4144.128182047034, 4122.910692571592, 4269.497348012066]
shares:[0, 11.0132, 22.4157, 34.2922, 46.7766, 59.1375, 71.7161, 83.6493, 97.6353, 111.2779, 126.2929, 141.0422, 155.7481, 170.6512, 186.5242, 202.322, 217.4735, 232.9056, 248.0342, 262.402, 276.7905, 292.2465, 305.7783, 320.1049, 334.9197, 351.2063, 367.5997, 383.7287, 399.3782, 415.7986, 431.9537, 448.2403, 464.4478, 480.9767, 497.5604, 513.9003, 531.3523, 547.9086, 564.9444, 581.8649, 598.8141, 616.2357, 632.4169, 649.4817, 667.1808, 685.1988, 703.1844, 721.5668, 739.3288, 757.6103, 776.4427, 795.0647]
growth_rate:-16.28
