ticker:KMPH
price:[11.279999732971191, 11.199999809265137, 11.215999603271484, 11.232000350952148, 8.831999778747559, 11.680000305175781, 9.4399995803833, 8.640000343322754, 9.119999885559082, 10.15999984741211, 9.600000381469727, 13.920000076293945, 17.600000381469727, 14.720000267028809, 14.5600004196167, 18.719999313354492, 11.520000457763672, 11.199999809265137, 5.599999904632568, 5.960000038146973, 6.019999980926514, 6.03000020980835, 7.340000152587891, 9.319999694824219, 10.539999961853027, 9.479999542236328, 10.050000190734863, 9.390000343322754, 11.119999885559082, 9.350000381469727, 9.5, 9.149999618530273, 8.600000381469727, 9.170000076293945, 9.729999542236328, 9.5, 9.109999656677246, 9.90999984741211, 10.239999771118164, 11.319999694824219, 14.619999885559082, 13.930000305175781, 14.270000457763672, 12.949999809265137, 13.3100004196167, 10.989999771118164, 10.75, 10.09000015258789, 9.869999885559082, 9.100000381469727, 9.0600004196167, 8.880000114440918]
assets:[0, 100.0003182970047, 200.14278332061767, 300.4279293870926, 336.23423157691957, 544.657102230835, 540.2020879875183, 594.4225196202278, 727.4458468717576, 910.3999943271638, 960.2208381557464, 1492.3200561792373, 1986.8411630636215, 1761.7220159585952, 1842.572421102619, 2469.0218934368136, 1619.398720349121, 1674.4156514848708, 937.2075840394497, 1097.456527024269, 1208.50476217103, 1310.5120055980683, 1695.2170752410889, 2252.5097182434083, 2647.366572418499, 2481.1225441932675, 2730.303651817322, 2650.9999209274292, 3239.4160946617126, 2823.7898752075193, 2969.0910500000005, 2959.703711607933, 2881.7982078277587, 3172.800769397545, 3466.5594789100646, 3484.61615, 3441.5629163000103, 3843.7856948158264, 4071.782308988571, 4601.227823955536, 6042.574608700562, 5857.392396322632, 6100.358126691818, 5636.063951988888, 5892.741809777069, 4965.607200584412, 4957.167925, 4752.820914875412, 4749.19127293396, 4478.6871277454375, 4559.000365151501, 4568.424394875527]
shares:[0, 8.9286, 17.8444, 26.7475, 38.07, 46.6316, 57.2248, 68.7989, 79.7638, 89.6063, 100.023, 107.2069, 112.8887, 119.6822, 126.5503, 131.8922, 140.5728, 149.5014, 167.3585, 184.137, 200.7483, 217.332, 230.956, 241.6856, 251.1733, 261.7218, 271.672, 282.3216, 291.3144, 302.0096, 312.5359, 323.4649, 335.0928, 345.9979, 356.2754, 366.8017, 377.7786, 387.8694, 397.635, 406.4689, 413.3088, 420.4876, 427.4953, 435.2173, 442.7304, 451.8296, 461.1319, 471.0427, 481.1744, 492.1634, 503.2009, 514.4622]
growth_rate:-10.42
