ticker:KNBE
price:[23.059999465942383, 22.979999542236328, 19.290000915527344, 18.690000534057617, 17.770000457763672, 18.649999618530273, 19.350000381469727, 19.799999237060547, 33.65999984741211, 33.2599983215332, 27.43000030517578, 33.25, 24.81999969482422, 26.90999984741211, 21.209999084472656, 20.059999465942383, 25.6200008392334, 23.0, 24.0, 24.389999389648438, 24.389999389648438]
assets:[0, 99.99976600799562, 183.94173273010256, 278.2212169500351, 364.5266813903809, 482.57806512928005, 600.6917368421555, 714.6611724624634, 1314.9245280391694, 1399.2980193843841, 1254.0200669517517, 1620.09295, 1309.3443359008788, 1519.5996183834077, 1297.7231889839172, 1327.3601346616745, 1795.2626328073502, 1711.6715000000002, 1886.0928, 2016.7407575317384, 2116.7397550292967]
shares:[0, 4.3516, 9.5356, 14.8861, 20.5136, 25.8755, 31.0435, 36.094, 39.0649, 42.0715, 45.7171, 48.7246, 52.7536, 56.4697, 61.1845, 66.1695, 70.0727, 74.4205, 78.5872, 82.6872, 86.7872]
growth_rate:5.84
