ticker:KNDI
price:[6.28000020980835, 6.099999904632568, 6.139999866485596, 5.849999904632568, 6.269999980926514, 7.460000038146973, 7.230000019073486, 7.090000152587891, 6.260000228881836, 9.390000343322754, 7.21999979019165, 12.0600004196167, 13.619999885559082, 7.989999771118164, 8.470000267028809, 8.109999656677246, 7.199999809265137, 6.900000095367432, 8.5600004196167, 7.909999847412109, 8.180000305175781, 8.899999618530273, 8.760000228881836, 9.0, 8.210000038146973, 7.079999923706055, 6.099999904632568, 7.059999942779541, 7.0, 5.929999828338623, 6.489999771118164, 6.190000057220459, 5.619999885559082, 5.900000095367432, 5.760000228881836, 5.260000228881836, 4.920000076293945, 5.099999904632568, 5.440000057220459, 5.739999771118164, 6.360000133514404, 6.130000114440918, 6.199999809265137, 5.789999961853027, 5.75, 5.340000152587891, 5.420000076293945, 5.300000190734863, 4.869999885559082, 5.039999961853027, 4.670000076293945, 5.019999980926514]
assets:[0, 99.99973843660355, 200.65519563674926, 291.1778952531815, 412.08320874643323, 590.293391018486, 672.0942947730541, 759.0802313365937, 770.2172821611404, 1255.3256708979607, 1065.2236070453168, 1879.3074533887864, 2222.401259326458, 1403.7430847883224, 1588.0733830662728, 1620.5758153957368, 1538.735719237423, 1574.6221117634295, 2053.4439486611363, 1997.5162164669036, 2165.699252796936, 2456.323354717636, 2517.684509782219, 2686.662, 2550.8330548522, 2299.7439832180025, 2081.4175674591065, 2508.984897664976, 2587.662, 2292.119275647831, 2608.5755810037613, 2587.994455923462, 2449.6815181167603, 2671.7300831857683, 2708.333099619484, 2573.234717970848, 2506.9038748743055, 2698.619559537173, 2978.527871329546, 3242.7847446943283, 3693.0511015275956, 3659.497276319122, 3801.2856030584335, 3649.9105979528426, 3724.695325, 3559.108499699783, 3712.42851025753, 3730.234474242592, 3527.5926961045266, 3750.7326916112897, 3575.3814794111254, 3943.3435170172693]
shares:[0, 16.3934, 32.68, 49.774, 65.723, 79.1278, 92.9591, 107.0635, 123.0379, 133.6875, 147.5379, 155.8298, 163.1719, 175.6875, 187.4939, 199.8244, 213.7133, 228.2061, 239.8883, 252.5305, 264.7554, 275.9914, 287.4069, 298.518, 310.6983, 324.8226, 341.216, 355.3803, 369.666, 386.5294, 401.9377, 418.0928, 435.8864, 452.8356, 470.1967, 489.2081, 509.5333, 529.1411, 547.5235, 564.9451, 580.6684, 596.9816, 613.1106, 630.3818, 647.7731, 666.4997, 684.9499, 703.8178, 724.3517, 744.193, 765.6063, 785.5266]
growth_rate:-22.68
