ticker:KNSA
price:[15.369999885559082, 15.880000114440918, 17.239999771118164, 15.819999694824219, 15.100000381469727, 20.950000762939453, 18.40999984741211, 18.760000228881836, 15.65999984741211, 15.25, 15.649999618530273, 14.880000114440918, 18.260000228881836, 17.760000228881836, 18.1299991607666, 19.399999618530273, 19.0, 17.670000076293945, 18.979999542236328, 19.850000381469727, 18.270000457763672, 19.690000534057617, 21.40999984741211, 20.440000534057617, 23.969999313354492, 20.56999969482422, 22.3700008392334, 23.219999313354492, 20.139999389648438, 16.690000534057617, 18.479999542236328, 17.690000534057617, 15.630000114440918, 16.43000030517578, 16.459999084472656, 14.630000114440918, 14.130000114440918, 13.979999542236328, 13.630000114440918, 13.34000015258789, 14.859999656677246, 15.020000457763672, 15.029999732971191, 14.079999923706055, 14.520000457763672, 13.529999732971191, 14.5, 15.329999923706055, 13.130000114440918, 12.239999771118164, 12.199999809265137, 12.789999961853027]
assets:[0, 99.99953672065735, 208.5643452310562, 291.3854103790283, 378.1236395524979, 624.6158927467346, 648.8862186218262, 761.2226532873154, 735.434308834076, 816.1800000000001, 937.5883471462249, 991.4573836252213, 1316.6683585039139, 1380.6144657926561, 1509.3768201313019, 1715.107406275177, 1779.7452, 1755.1628745782853, 1985.2851761184693, 2176.2865518230437, 2103.061579693222, 2366.517536187744, 2673.2418759479524, 2652.1289052949905, 3210.1533940418244, 2854.8115216461183, 3204.6256552248005, 3426.3918606771467, 3071.8997289047243, 2645.680525658226, 3029.43002095871, 2999.9251295671465, 2750.5846131394387, 2991.3690805625915, 3096.830315750122, 2852.529625313473, 2855.0399991233826, 2924.7319382320406, 2951.50973778162, 2988.7123101860047, 3429.255494771099, 3566.1791826862336, 3668.5538978230475, 3536.6763328361512, 3747.198298135758, 3591.7075541138647, 3949.2069500000002, 4275.265637722969, 3761.72402478714, 3606.7399245557785, 3694.9529422330857, 3973.643232148361]
shares:[0, 6.2972, 12.0977, 18.4188, 25.0413, 29.8146, 35.2464, 40.5769, 46.9626, 53.52, 59.9098, 66.6302, 72.1067, 77.7373, 83.253, 88.4076, 93.6708, 99.3301, 104.5988, 109.6366, 115.1101, 120.1888, 124.8595, 129.7519, 133.9238, 138.7852, 143.2555, 147.5621, 152.5273, 158.5189, 163.9302, 169.5831, 175.9811, 182.0675, 188.1428, 194.9781, 202.0552, 209.2083, 216.5451, 224.0414, 230.7709, 237.4287, 244.0821, 251.1844, 258.0715, 265.4625, 272.3591, 278.8823, 286.4984, 294.6683, 302.865, 310.6836]
growth_rate:-22.09
