ticker:KNSL
price:[188.7100067138672, 187.92999267578125, 182.16000366210938, 175.69000244140625, 195.89999389648438, 208.1999969482422, 210.6199951171875, 211.25999450683594, 187.47000122070312, 207.61000061035156, 212.66000366210938, 232.27000427246094, 240.75, 244.30999755859375, 236.5800018310547, 246.4600067138672, 207.27999877929688, 200.1300048828125, 210.5800018310547, 198.3000030517578, 191.82000732421875, 187.55999755859375, 189.82000732421875, 197.8300018310547, 179.82000732421875, 176.05999755859375, 162.57000732421875, 173.7100067138672, 170.27000427246094, 167.8800048828125, 167.63999938964844, 169.74000549316406, 168.47000122070312, 174.9600067138672, 174.00999450683594, 168.3000030517578, 161.52999877929688, 163.1300048828125, 166.4600067138672, 160.97999572753906, 163.4600067138672, 156.50999450683594, 162.07000732421875, 170.25, 168.3699951171875, 174.6999969482422, 170.16000366210938, 178.64500427246094, 185.22000122070312, 177.9600067138672, 183.10000610351562, 180.7899932861328]
assets:[0, 99.99754910278321, 196.93317995910644, 289.94121102905274, 423.30070681152347, 549.8770119400024, 656.2708427856445, 758.2754982833862, 772.8825740325927, 955.9194868103027, 1079.1644545837403, 1278.6696005203246, 1425.360375, 1546.4334225463867, 1597.506462364197, 1764.210020059204, 1583.7435586730958, 1629.1182787475586, 1814.1888317749024, 1808.3968778305054, 1849.2983266113283, 1908.2354151611328, 2031.225934375, 2216.942349519348, 2115.1148541503903, 2170.890193896484, 2104.5500298156735, 2348.767742779541, 2402.254355278015, 2468.541167797852, 2565.009338661194, 2697.134739285278, 2776.9584181213377, 2983.942914505005, 3067.7440001571654, 3067.0824256149294, 3043.709766998291, 3173.857375, 3338.63841665802, 3328.7282536544803, 3480.014504936218, 3432.0450655426025, 3653.9655571289063, 3938.3932499999996, 3994.898037145996, 4245.087635844421, 4234.772011138916, 4545.943694720459, 4813.256605722046, 4724.589034243774, 4961.039735372925, 4998.445576376343]
shares:[0, 0.5321, 1.0811, 1.6503, 2.1608, 2.6411, 3.1159, 3.5893, 4.1227, 4.6044, 5.0746, 5.5051, 5.9205, 6.3298, 6.7525, 7.1582, 7.6406, 8.1403, 8.6152, 9.1195, 9.6408, 10.174, 10.7008, 11.2063, 11.7624, 12.3304, 12.9455, 13.5212, 14.1085, 14.7042, 15.3007, 15.8898, 16.4834, 17.055, 17.6297, 18.2239, 18.843, 19.456, 20.0567, 20.6779, 21.2897, 21.9286, 22.5456, 23.133, 23.7269, 24.2993, 24.887, 25.4468, 25.9867, 26.5486, 27.0947, 27.6478]
growth_rate:-1.99
