ticker:KNTE
price:[43.459999084472656, 41.0099983215332, 38.09000015258789, 38.0, 39.779998779296875, 36.869998931884766, 38.29999923706055, 37.20000076293945, 32.79999923706055, 37.959999084472656, 35.380001068115234, 32.599998474121094, 33.43000030517578, 32.2599983215332, 36.400001525878906, 35.630001068115234, 29.030000686645508, 31.1200008392334, 31.549999237060547, 29.639999389648438, 26.579999923706055, 26.81999969482422, 24.68000030517578, 22.739999771118164, 22.639999389648438, 23.479999542236328, 23.270000457763672, 24.459999084472656, 23.829999923706055, 24.739999771118164, 23.530000686645508, 22.639999389648438, 21.1200008392334, 22.0, 21.579999923706055, 21.459999084472656, 20.59000015258789, 18.549999237060547, 21.510000228881836, 22.059999465942383, 22.059999465942383]
assets:[0, 99.99877990722656, 192.88014277267456, 292.4252, 406.12196353759765, 476.4120041984558, 594.8909081497193, 677.8063339012147, 697.6363037727356, 907.3882261154175, 945.7180425510406, 971.4082345321655, 1096.139623006439, 1157.775853761673, 1406.3577389541626, 1476.6070082656859, 1303.0841558218003, 1496.900048367882, 1617.5842358837126, 1619.657018647766, 1552.4447655439378, 1666.4633630378723, 1633.4951801986695, 1605.0915138444902, 1698.0339142227172, 1861.0341557174684, 1944.3900442497254, 2143.823525757599, 2188.6067679929733, 2372.1825080537797, 2356.162500756836, 2367.0436321868897, 2308.1246357166287, 2504.2974, 2556.487638961792, 2642.2709712753294, 2635.1514585285186, 2474.0671932445525, 2968.8511005907058, 3144.7632238674164, 3244.76340744648]
shares:[0, 2.4384, 5.0638, 7.6954, 10.2092, 12.9214, 15.5324, 18.2206, 21.2694, 23.9038, 26.7303, 29.7978, 32.7891, 35.8889, 38.6362, 41.4428, 44.8875, 48.1009, 51.2705, 54.6443, 58.4065, 62.1351, 66.187, 70.5845, 75.0015, 79.2604, 83.5578, 87.6461, 91.8425, 95.8845, 100.1344, 104.5514, 109.2862, 113.8317, 118.4656, 123.1254, 127.9821, 133.3729, 138.0219, 142.555, 147.0881]
growth_rate:-18.88
