ticker:KOD
price:[47.5099983215332, 49.060001373291016, 57.0099983215332, 58.33000183105469, 60.779998779296875, 71.25, 76.48999786376953, 96.62999725341797, 90.80999755859375, 108.58999633789062, 116.80000305175781, 140.0, 135.0, 124.37000274658203, 125.81999969482422, 140.47999572753906, 154.02999877929688, 146.91000366210938, 153.7899932861328, 158.5399932861328, 164.3300018310547, 126.30999755859375, 149.92999267578125, 157.02999877929688, 131.44000244140625, 129.00999450683594, 120.48999786376953, 126.98999786376953, 129.94000244140625, 116.33000183105469, 109.0999984741211, 109.06999969482422, 114.88999938964844, 120.43000030517578, 120.83999633789062, 101.62000274658203, 84.05000305175781, 80.62000274658203, 83.62000274658203, 77.19999694824219, 83.62000274658203, 83.1500015258789, 90.19999694824219, 96.30999755859375, 95.36000061035156, 87.75, 85.77999877929688, 83.83999633789062, 83.72000122070312, 88.9000015258789, 91.51000213623047, 97.52999877929688]
assets:[0, 99.99900079917907, 216.20471763458252, 321.211654083252, 434.70462926940917, 609.5865, 754.4208489303588, 1053.0640470680237, 1089.6382417053223, 1402.9827526855468, 1609.0602020416259, 2028.67, 2056.212, 1994.3103050422667, 2117.5631768638614, 2464.2860370529174, 2801.9751107940674, 2772.4562071105956, 3002.2882489318845, 3195.0247766967773, 3411.7044670150754, 2722.3593773803714, 3331.444437255859, 3589.2032760986326, 3104.297401660156, 3146.9020930068973, 3039.0710201187135, 3303.022543436432, 3479.7542833801267, 3215.27981960907, 3115.4486464271545, 3214.5873800056456, 3486.1187404800417, 3754.2246145133972, 3867.0007228088375, 3351.9459525962834, 2872.4004492935182, 2855.1815832710267, 3061.4286445556636, 2926.3816843185427, 3269.7427953979495, 3351.3608115005495, 3735.506593615723, 4088.5423853576663, 4148.217242550659, 3917.17755, 3929.2386240844726, 3940.37083588562, 4034.7347628295897, 4384.379165253448, 4613.1015666893, 5016.57252321167]
shares:[0, 2.0383, 3.7924, 5.5068, 7.1521, 8.5556, 9.863, 10.8979, 11.9991, 12.92, 13.7762, 14.4905, 15.2312, 16.0353, 16.8301, 17.5419, 18.1911, 18.8718, 19.522, 20.1528, 20.7613, 21.553, 22.22, 22.8568, 23.6176, 24.3927, 25.2226, 26.0101, 26.7797, 27.6393, 28.5559, 29.4727, 30.3431, 31.1735, 32.001, 32.9851, 34.1749, 35.4153, 36.6112, 37.9065, 39.1024, 40.305, 41.4136, 42.4519, 43.5006, 44.6402, 45.806, 46.9987, 48.1932, 49.3181, 50.4109, 51.4362]
growth_rate:-1.64
