ticker:KOPN
price:[1.3700000047683716, 1.2699999809265137, 1.350000023841858, 1.2799999713897705, 1.3700000047683716, 1.4600000381469727, 1.399999976158142, 1.3300000429153442, 1.190000057220459, 1.399999976158142, 1.3200000524520874, 1.3899999856948853, 1.6200000047683716, 1.8700000047683716, 1.7699999809265137, 1.909999966621399, 2.759999990463257, 2.430000066757202, 2.8299999237060547, 3.200000047683716, 4.480000019073486, 5.099999904632568, 7.630000114440918, 10.84000015258789, 11.850000381469727, 8.359999656677246, 8.260000228881836, 10.859999656677246, 11.140000343322754, 8.84000015258789, 10.399999618530273, 10.670000076293945, 8.239999771118164, 8.460000038146973, 8.220000267028809, 7.659999847412109, 6.53000020980835, 6.559999942779541, 8.100000381469727, 8.489999771118164, 8.4399995803833, 8.680000305175781, 8.0600004196167, 7.769999980926514, 7.380000114440918, 6.650000095367432, 6.929999828338623, 6.739999771118164, 5.849999904632568, 5.360000133514404, 5.070000171661377, 6.130000114440918]
assets:[0, 100.00005249814987, 206.29930864337683, 295.6022973927736, 416.3868414492607, 543.7406602068901, 621.3951694177032, 690.3254832748532, 717.6596415082454, 944.3054439185739, 990.3452193527817, 1142.8634092382788, 1431.9703302149178, 1752.9533384699105, 1759.2125390427589, 1998.3592390772583, 2987.6814976765395, 2730.4588830114367, 3279.916990576744, 3808.7402167546506, 5432.236119127607, 6284.018432492017, 9501.385063509464, 13598.691303420257, 14965.72809176979, 10658.099190300465, 10630.610382570649, 14076.806488982676, 14539.745752099228, 11637.823072881316, 13791.555974128723, 14249.60691288929, 11104.381899554444, 11500.858221858502, 11274.592644258022, 10606.493090717697, 9141.82790172615, 9283.826719020604, 11563.262464572144, 12220.011552560805, 12248.0438350564, 12696.330190383911, 11889.449280984021, 11561.664400618885, 11081.349135837365, 10085.226554631901, 10609.867159185505, 10418.9760741848, 9143.17662094679, 8477.338155165435, 8118.676450884247, 9916.072085123064]
shares:[0, 78.7402, 152.8143, 230.9393, 303.932, 372.4251, 443.8537, 519.0417, 603.0753, 674.5039, 750.2615, 822.2039, 883.9323, 937.4082, 993.9054, 1046.2614, 1082.4933, 1123.6456, 1158.9813, 1190.2313, 1212.5527, 1232.1605, 1245.2667, 1254.4918, 1262.9306, 1274.8923, 1286.9988, 1296.2069, 1305.1836, 1316.4958, 1326.1112, 1335.4833, 1347.6192, 1359.4395, 1371.6049, 1384.6597, 1399.9736, 1415.2175, 1427.5632, 1439.3418, 1451.1901, 1462.7108, 1475.1177, 1487.9877, 1501.5378, 1516.5754, 1531.0054, 1545.8422, 1562.9362, 1581.5929, 1601.3168, 1617.63]
growth_rate:94.43
