ticker:KOR
price:[2.880000114440918, 2.869999885559082, 3.0299999713897705, 2.7799999713897705, 2.9100000858306885, 2.869999885559082, 2.490000009536743, 2.380000114440918, 2.309999942779541, 2.7200000286102295, 2.559999942779541, 2.5799999237060547, 2.4200000762939453, 2.430000066757202, 2.3499999046325684, 2.4000000953674316, 2.4200000762939453, 2.380000114440918, 2.4100000858306885, 2.2799999713897705, 2.2799999713897705, 2.190000057220459, 2.3399999141693115, 2.369999885559082, 2.2100000381469727, 1.8799999952316284, 1.7699999809265137, 2.130000114440918, 2.059999942779541, 1.8799999952316284, 1.8899999856948853, 2.0299999713897705, 2.049999952316284, 2.0199999809265137, 2.049999952316284, 2.569999933242798, 2.7300000190734863, 2.930000066757202, 3.109999895095825, 2.9800000190734863, 3.0299999713897705, 2.5999999046325684, 2.869999885559082, 2.7699999809265137, 2.6700000762939453, 3.190000057220459, 3.180000066757202, 3.200000047683716, 3.2100000381469727, 3.1500000953674316, 3.0399999618530273, 3.200000047683716]
assets:[0, 99.99998001251221, 205.5748930588961, 288.6132030297518, 402.1096318602562, 496.58230419883733, 530.8326440330982, 607.3822172056198, 689.5178889201164, 911.8998655917883, 958.2586665812493, 1065.7450784845353, 1099.6523906681061, 1204.1964960818052, 1264.552103682089, 1391.4576552915573, 1503.0530933858872, 1578.2092538872719, 1698.1026894768954, 1706.5035985862016, 1806.5034853313684, 1835.1942059500695, 2060.8922124069213, 2187.313895380497, 2139.6473389326097, 1920.152471129787, 1907.8031524415494, 2395.831157723522, 2417.094752860546, 2305.892374151409, 2418.157835697341, 2697.280652985311, 2823.8548443161485, 2882.530276782227, 3025.340114629531, 3892.7434328837876, 4235.093255589009, 4645.356592839932, 5030.736452306986, 4920.448487493324, 5103.006266815782, 4478.817035717964, 5043.924922874069, 4968.178616790437, 4888.822204695702, 5940.9524315655235, 6022.328646425724, 6160.204891794205, 6279.455360623741, 6262.082379586887, 6143.406114910412, 6566.7434578521015]
shares:[0, 34.8432, 67.8465, 103.8177, 138.182, 173.0252, 213.1858, 255.2026, 298.4926, 335.2573, 374.3198, 413.0795, 454.4018, 495.5541, 538.1073, 579.774, 621.0963, 663.1131, 704.6069, 748.4665, 792.3261, 837.9882, 880.7232, 922.9173, 968.1662, 1021.3577, 1077.8549, 1124.8033, 1173.347, 1226.5385, 1279.4486, 1328.7097, 1377.4902, 1426.9952, 1475.7757, 1514.6862, 1551.3162, 1585.4459, 1617.6002, 1651.1572, 1684.1605, 1722.622, 1757.4652, 1793.5663, 1831.0195, 1862.3675, 1893.814, 1925.064, 1956.2166, 1987.9626, 2020.8573, 2052.1073]
growth_rate:28.76
