ticker:KOSS
price:[1.909999966621399, 2.0799999237060547, 2.069999933242798, 2.2200000286102295, 2.1700000762939453, 2.1700000762939453, 2.200000047683716, 2.1600000858306885, 2.069999933242798, 2.059999942779541, 2.1600000858306885, 2.0799999237060547, 2.200000047683716, 2.5399999618530273, 2.380000114440918, 2.380000114440918, 2.3399999141693115, 3.440000057220459, 3.2699999809265137, 2.9000000953674316, 3.3399999141693115, 64.0, 19.979999542236328, 14.779999732971191, 14.050000190734863, 16.709999084472656, 14.779999732971191, 27.8799991607666, 25.5, 21.1299991607666, 23.200000762939453, 20.290000915527344, 18.950000762939453, 18.799999237060547, 18.700000762939453, 17.219999313354492, 18.549999237060547, 17.149999618530273, 23.06999969482422, 26.950000762939453, 25.290000915527344, 22.81999969482422, 24.68000030517578, 21.190000534057617, 20.530000686645508, 18.15999984741211, 18.360000610351562, 18.139999389648438, 16.989999771118164, 18.649999618530273, 17.93000030517578, 17.989999771118164]
assets:[0, 99.99994833202362, 199.51922056553363, 313.9770460463762, 406.90539430618287, 506.90529082202914, 613.9130933062077, 702.751059924817, 773.4697580557108, 869.7332118414879, 1011.9533442114115, 1074.4734645885467, 1236.4622867995977, 1527.5519130584719, 1531.3282496330262, 1631.3282384414674, 1703.910717500925, 2604.8946353294373, 2576.164190973568, 2384.671818420696, 2846.483864851594, 54643.4048, 17158.987442868805, 12793.18496686678, 12261.315741452694, 14682.673484548186, 13086.82956756153, 24786.116621897505, 22770.2301, 18968.036810634614, 20926.240608166125, 18401.440094311525, 17286.1641659523, 17249.33205998955, 17257.581814090347, 15991.7398123312, 17326.873502366256, 16119.185171458816, 21783.358127844236, 25546.967553220366, 24073.387486484527, 21822.208900167847, 23700.882993068695, 20449.34008839054, 19912.408993989564, 17713.70332316208, 18008.788486676025, 17892.99608795929, 16858.65517988758, 18605.8214994339, 17987.52691815491, 18147.718099111557]
shares:[0, 48.0769, 96.3861, 141.4311, 187.514, 233.5969, 279.0514, 325.3477, 373.6569, 422.2006, 468.4969, 516.5738, 562.0283, 601.3984, 643.4152, 685.432, 728.167, 757.2368, 787.8178, 822.3006, 852.2407, 853.8032, 858.8082, 865.5741, 872.6915, 878.6759, 885.4418, 889.0286, 892.9502, 897.6828, 901.9931, 906.9216, 912.1986, 917.5177, 922.8653, 928.6725, 934.0633, 939.8942, 944.2288, 947.9394, 951.8935, 956.2756, 960.3275, 965.0467, 969.9176, 975.4242, 980.8708, 986.3835, 992.2693, 997.6312, 1003.2084, 1008.767]
growth_rate:255.84
