ticker:KPLT
price:[10.0, 10.050000190734863, 10.100000381469727, 10.0, 10.100000381469727, 9.979999542236328, 9.989999771118164, 10.010000228881836, 9.914999961853027, 10.0, 10.0, 10.09000015258789, 10.100000381469727, 10.100000381469727, 10.25, 14.25, 13.949999809265137, 12.5, 14.619999885559082, 17.850000381469727, 17.979999542236328, 16.0, 16.510000228881836, 19.09000015258789, 16.920000076293945, 14.09000015258789, 13.8100004196167, 14.710000038146973, 13.800000190734863, 13.859999656677246, 13.40999984741211, 13.550000190734863, 13.520000457763672, 13.039999961853027, 13.420000076293945, 12.050000190734863, 11.369999885559082, 12.170000076293945, 13.130000114440918, 13.8100004196167, 13.760000228881836, 10.6899995803833, 11.260000228881836, 11.3100004196167, 11.170000076293945, 8.949999809265137, 9.279999732971191, 8.010000228881836, 9.399999618530273, 3.3499999046325684, 3.180000066757202, 3.619999885559082]
assets:[0, 99.99951189785004, 200.49712757263183, 298.512, 401.49723516426087, 496.72653321609494, 597.2241643169403, 698.4197379695892, 791.7910754536629, 898.579, 998.579, 1107.5661997493744, 1208.664015650368, 1308.6641194272993, 1428.0997, 2085.4062750000003, 2141.5035307197572, 2018.91, 2461.3164547335623, 3105.095031358528, 3227.708385823822, 2972.2656, 3167.0060289049147, 3761.9097920692443, 3434.2862554855346, 2959.875060054016, 3001.055334187031, 3296.634572549057, 3192.696284127426, 3306.5773460935593, 3299.2206914592743, 3433.6648983335494, 3526.062087386322, 3500.8761737586024, 3702.8960750513074, 3424.88117921114, 3331.610078466797, 3666.0238879823687, 4055.208413345146, 4365.226509637356, 4449.421290011024, 3556.708244387817, 3846.3552741847993, 3963.434700048924, 4014.3740404191967, 3316.5307243208886, 3538.8165381717686, 3154.517514138794, 3801.9304257104873, 1454.9431485808373, 1481.1101530926942, 1786.0435075368882]
shares:[0, 9.9502, 19.8512, 29.8512, 39.7522, 49.7722, 59.7822, 69.7722, 79.8579, 89.8579, 99.8579, 109.7687, 119.6697, 129.5707, 139.3268, 146.3443, 153.5128, 161.5128, 168.3527, 173.9549, 179.5166, 185.7666, 191.8235, 197.0618, 202.972, 210.0692, 217.3103, 224.1084, 231.3548, 238.5698, 246.0269, 253.407, 260.8034, 268.4721, 275.9237, 284.2225, 293.0176, 301.2345, 308.8506, 316.0917, 323.3591, 332.7136, 341.5946, 350.4363, 359.3889, 370.5621, 381.338, 393.8224, 404.4607, 434.3114, 465.7579, 493.3822]
growth_rate:-64.98
