ticker:KPTI
price:[15.220000267028809, 14.199999809265137, 16.31999969482422, 14.84000015258789, 14.229999542236328, 14.829999923706055, 15.800000190734863, 15.760000228881836, 14.819999694824219, 14.149999618530273, 15.359999656677246, 15.609999656677246, 15.140000343322754, 16.290000915527344, 15.359999656677246, 16.469999313354492, 15.949999809265137, 15.479999542236328, 17.579999923706055, 14.9399995803833, 15.09000015258789, 15.229999542236328, 16.174999237060547, 15.220000267028809, 15.109999656677246, 13.819999694824219, 11.630000114440918, 12.3100004196167, 12.0600004196167, 10.300000190734863, 10.84000015258789, 10.020000457763672, 9.710000038146973, 9.390000343322754, 9.34000015258789, 8.395000457763672, 9.180000305175781, 9.420000076293945, 9.279999732971191, 8.960000038146973, 10.319999694824219, 10.579999923706055, 10.989999771118164, 10.510000228881836, 10.0600004196167, 9.25, 8.84000015258789, 8.329999923706055, 5.519999980926514, 4.880000114440918, 4.630000114440918, 5.599999904632568]
assets:[0, 100.00065865678788, 214.931131980896, 295.4391750377655, 383.2949986698151, 499.4566014305115, 632.1248276309013, 730.5248666093826, 786.9523577949525, 851.3743470478058, 1024.177129107857, 1140.8474589084626, 1206.4975433591844, 1398.1398275779725, 1418.319328298092, 1620.8142794271469, 1669.6411950339316, 1720.4409571243286, 2053.8344730867384, 1845.4081701683997, 1963.9363578590394, 2082.157203417206, 2311.352395978546, 2274.886257911968, 2358.4442964124682, 2257.0947881584166, 1999.422641674614, 2216.3281745490076, 2271.317767028427, 2039.8480877737998, 2246.791655626678, 2176.831071448517, 2209.484291680241, 2236.6689727784155, 2324.7587279796603, 2189.545402391815, 2494.2850309188843, 2659.494927539635, 2719.9697777338024, 2726.177675606632, 3239.9721601898195, 3421.59948332634, 3654.1947058963774, 3594.5934932813643, 3540.6865616869927, 3355.601225, 3306.866373080063, 3216.085521544075, 2231.1873042904854, 2072.498960602188, 2066.3259920739174, 2599.2276357354167]
shares:[0, 7.0423, 13.1698, 19.9083, 26.9357, 33.6788, 40.0079, 46.3531, 53.1007, 60.1678, 66.6782, 73.0844, 79.6894, 85.8281, 92.3385, 98.4101, 104.6797, 111.1396, 116.8279, 123.5213, 130.1482, 136.7142, 142.8966, 149.4669, 156.085, 163.3209, 171.9194, 180.0429, 188.3348, 198.0435, 207.2686, 217.2486, 227.5473, 238.1969, 248.9035, 260.8154, 271.7086, 282.3243, 293.1002, 304.2609, 313.9508, 323.4026, 332.5018, 342.0165, 351.9569, 362.7677, 374.0799, 386.0847, 404.2006, 424.6924, 446.2907, 464.1478]
growth_rate:-49.03
