ticker:KRBP
price:[11.5, 10.96399974822998, 9.710000038146973, 10.003000259399414, 9.930000305175781, 8.729999542236328, 8.109999656677246, 8.75, 9.505000114440918, 8.140000343322754, 9.5, 8.470000267028809, 8.295000076293945, 8.420000076293945, 9.229999542236328, 8.9399995803833, 9.579999923706055, 9.885000228881836, 11.0600004196167, 10.800000190734863, 10.069999694824219, 10.770000457763672, 10.079999923706055, 9.279999732971191, 9.3100004196167, 9.25, 9.335000038146973, 8.300000190734863, 8.449999809265137, 8.039999961853027, 5.789999961853027, 6.380000114440918, 8.119999885559082, 8.479999542236328, 10.0600004196167, 8.600000381469727, 10.0, 4.840000152587891, 4.389999866485596, 3.130000114440918, 3.200000047683716, 3.2100000381469727, 3.25, 3.0899999141693115, 2.7699999809265137, 3.25, 3.2300000190734863]
assets:[0, 100.000448903656, 188.56334574079514, 294.25325713062284, 392.10592205047607, 444.72189068069457, 513.1383312771798, 653.632875, 810.0322682528496, 793.7045714762687, 1026.3135, 1015.0397500005722, 1094.0682055627824, 1210.5551989688872, 1427.0096172271728, 1482.174152431202, 1688.2805125547409, 1842.0302526512146, 2160.9869379878996, 2210.186559033298, 2160.7943525161745, 2410.9992274761203, 2356.533630163765, 2269.5074546957017, 2376.8440381281853, 2461.525825, 2584.145516059971, 2397.6335050978664, 2540.9639526449205, 2517.6745320545197, 1913.1016793956758, 2208.04658360672, 2910.241250983906, 3139.266998537445, 3824.178379511833, 3369.1782894464495, 4017.6490000000003, 2044.5423884571076, 1954.4503295587062, 1493.4920746059418, 1626.8928242425918, 1731.9767065824508, 1853.55885, 1862.3067952708484, 1769.4466258160592, 2176.06545, 2262.6744453613283]
shares:[0, 9.1208, 19.4195, 29.4165, 39.487, 50.9418, 63.2723, 74.7009, 85.2217, 97.5067, 108.033, 119.8394, 131.8949, 143.7714, 154.6056, 165.7913, 176.2297, 186.346, 195.3876, 204.6469, 214.5774, 223.8625, 233.7831, 244.559, 255.3001, 266.1109, 276.8233, 288.8715, 300.7058, 313.1436, 330.4148, 346.0888, 358.4041, 370.1966, 380.137, 391.7649, 401.7649, 422.4261, 445.2051, 477.154, 508.404, 539.5566, 570.3258, 602.6883, 638.7894, 669.5586, 700.5184]
growth_rate:-50.81
