ticker:KRKR
price:[3.2300000190734863, 2.7899999618530273, 2.690000057220459, 2.4200000762939453, 2.6600000858306885, 2.9600000381469727, 2.890000104904175, 2.799999952316284, 2.809999942779541, 2.990000009536743, 2.950000047683716, 3.2300000190734863, 3.450000047683716, 3.009999990463257, 3.059999942779541, 2.9700000286102295, 2.880000114440918, 2.7899999618530273, 3.4800000190734863, 3.190000057220459, 5.300000190734863, 3.700000047683716, 4.570000171661377, 4.920000076293945, 5.0, 3.950000047683716, 3.5299999713897705, 4.059999942779541, 3.950000047683716, 3.359999895095825, 3.369999885559082, 3.390000104904175, 3.130000114440918, 2.9600000381469727, 3.0399999618530273, 2.859999895095825, 2.359999895095825, 2.4100000858306885, 2.5799999237060547, 2.490000009536743, 2.4000000953674316, 2.559999942779541, 2.5199999809265137, 2.4000000953674316, 2.200000047683716, 2.119999885559082, 1.9299999475479126, 1.840000033378601, 1.899999976158142, 1.8799999952316284, 1.659999966621399, 1.6799999475479126]
assets:[0, 100.00001563272477, 196.41573417806623, 276.7011147233963, 404.14259104053974, 549.7226230845451, 636.7225111124038, 716.8937877913713, 819.4541503133297, 971.9458481000661, 1058.9432271167277, 1259.4532354372025, 1445.2364149751425, 1360.9164126881362, 1483.522856258869, 1539.8897728338718, 1593.226431309128, 1643.438038529682, 2149.879631783247, 2070.723142143488, 3540.386347410393, 2571.590313141346, 3276.2614570651053, 3627.178544246292, 3786.157, 3091.064242314792, 2862.3940218006373, 3392.158372191906, 3400.252866047263, 2992.3668505738738, 3101.2727246847153, 3219.678024633527, 3072.7411443473816, 3005.851030737877, 3187.09005600729, 3098.3806003520726, 2656.7056899069785, 2812.992106183004, 3111.41876199131, 3102.8808928840876, 3090.728762814522, 3396.7771400761126, 3443.702445935154, 3379.7168542978766, 3198.0736293163773, 3181.7797802425384, 2996.620401560104, 2956.881709639442, 3153.3017104312776, 3220.109111832619, 2943.2878408175707, 3078.749087876892]
shares:[0, 35.8423, 73.017, 114.3393, 151.9333, 185.7171, 220.3192, 256.0335, 291.6207, 325.0655, 358.9638, 389.9236, 418.9091, 452.1317, 484.8114, 518.4814, 553.2036, 589.0459, 617.7815, 649.1295, 667.9974, 695.0244, 716.9062, 737.2314, 757.2314, 782.5479, 810.8765, 835.507, 860.8235, 890.5854, 920.259, 949.7575, 981.7064, 1015.4902, 1048.3849, 1083.3499, 1125.7228, 1167.2166, 1205.9763, 1246.1369, 1287.8036, 1326.8661, 1366.5486, 1408.2153, 1453.6698, 1500.8396, 1552.6531, 1607.0009, 1659.6325, 1712.824, 1773.065, 1832.5888]
growth_rate:-39.63
