ticker:KRMA
price:[24.649999618530273, 23.979000091552734, 23.889999389648438, 23.68000030517578, 24.170000076293945, 25.226999282836914, 25.360000610351562, 25.200000762939453, 23.809999465942383, 25.729999542236328, 26.25, 26.049999237060547, 26.600000381469727, 26.889999389648438, 27.110000610351562, 27.1200008392334, 27.03700065612793, 27.290000915527344, 27.90999984741211, 27.729999542236328, 28.049999237060547, 27.209999084472656, 28.207000732421875, 28.639999389648438, 28.450000762939453, 27.760000228881836, 28.110000610351562, 28.889999389648438, 28.729999542236328, 29.110000610351562, 29.43000030517578, 30.110000610351562, 30.549999237060547, 30.57699966430664, 30.485000610351562, 30.860000610351562, 30.670000076293945, 30.290000915527344, 31.0, 30.950000762939453, 31.1299991607666, 30.5, 31.27199935913086, 31.639999389648438, 31.719999313354492, 31.510000228881836, 32.18000030517578, 32.189998626708984, 32.4900016784668, 32.77000045776367, 32.56999969482422, 32.939998626708984]
assets:[0, 99.99962408180237, 199.62961289978026, 297.8754598388672, 404.04022327537535, 521.7094813686371, 624.4595830291748, 720.5209418140411, 780.7775024871827, 943.7377882099152, 1062.81, 1154.7131061813354, 1279.0929383434295, 1393.0391073806763, 1504.4369518707276, 1604.9914816667556, 1700.0784901571274, 1815.9858209228514, 1957.2417682994844, 2044.6188292476652, 2168.2144510261533, 2203.28341886673, 2384.0133914031985, 2520.609210282898, 2603.8863198280337, 2640.733869772911, 2774.0297882324217, 2951.003655654907, 3034.6607886478428, 3174.7977975662234, 3309.697834320068, 3486.1720026672365, 3637.114884168625, 3740.328426236343, 3829.07459866333, 3976.175294641113, 4051.6940970788955, 4101.493298969269, 4297.632299999999, 4390.700193233871, 4516.234436246872, 4524.83665, 4739.365318874359, 4895.138209570313, 5007.515755601883, 5074.364134859085, 5282.260164093781, 5383.902811311721, 5534.08046789627, 5681.774097368621, 5747.096955150604, 5912.383883508682]
shares:[0, 4.1703, 8.3562, 12.5792, 16.7166, 20.6806, 24.6238, 28.5921, 32.792, 36.6785, 40.488, 44.3268, 48.0862, 51.8051, 55.4938, 59.1811, 62.8797, 66.544, 70.1269, 73.7331, 77.2982, 80.9733, 84.5185, 88.0101, 91.525, 95.1273, 98.6848, 102.1462, 105.6269, 109.0621, 112.46, 115.7812, 119.0545, 122.3249, 125.6052, 128.8456, 132.1061, 135.4075, 138.6333, 141.8643, 145.0766, 148.3553, 151.553, 154.7136, 157.8662, 161.0398, 164.1473, 167.2539, 170.3318, 173.3834, 176.4537, 179.4895]
growth_rate:15.93
