ticker:KRMD
price:[7.179999828338623, 7.599999904632568, 7.630000114440918, 7.019999980926514, 6.820000171661377, 7.360000133514404, 6.329999923706055, 6.440000057220459, 5.519999980926514, 3.9800000190734863, 4.0, 4.659999847412109, 4.550000190734863, 5.610000133514404, 5.860000133514404, 6.150000095367432, 6.090000152587891, 6.019999980926514, 5.53000020980835, 5.230000019073486, 5.179999828338623, 4.039999961853027, 4.239999771118164, 4.369999885559082, 4.349999904632568, 3.880000114440918, 3.7100000381469727, 3.890000104904175, 4.010000228881836, 3.4700000286102295, 3.5799999237060547, 3.440000057220459, 3.0399999618530273, 3.440000057220459, 3.7699999809265137, 3.5799999237060547, 4.099999904632568, 4.309999942779541, 4.269999980926514, 4.789999961853027, 4.539999961853027, 4.179999828338623, 4.460000038146973, 3.8299999237060547, 3.569999933242798, 3.2300000190734863, 3.5199999809265137, 3.4100000858306885, 3.5799999237060547, 3.430000066757202, 3.2200000286102295, 3.200000047683716]
assets:[0, 100.00003874516487, 200.39508600568772, 284.37388122735024, 376.2723674708843, 506.0655131803035, 535.2439045488358, 644.5454737268925, 652.4673097455025, 570.4382787337303, 673.3048, 884.3999350410462, 963.5235103906631, 1287.9926376533986, 1445.3895429317952, 1616.9192800734043, 1701.144711623001, 1781.5913023552896, 1736.5782238858221, 1742.3697993543146, 1825.7121774972438, 1523.91464961071, 1699.3558682661055, 1851.4588275142669, 1942.9853124028682, 1833.0536740660668, 1852.7395160502433, 2042.6297190849307, 2205.641678893089, 2008.6223555611373, 2172.296339705849, 2187.346396384001, 2033.0036224891664, 2400.504279929638, 2730.7851601841926, 2693.1594786056517, 3184.344465931034, 3447.445257230997, 3515.45041929698, 4043.5613347975727, 3932.519364957333, 3720.6893252012733, 4069.922190810585, 3595.022917386818, 3450.974350468516, 3222.310358028078, 3611.619948430061, 3598.756889581752, 3878.167019351769, 3815.6740762634754, 3682.06133871572, 3759.1914160163165]
shares:[0, 13.1579, 26.2641, 40.5091, 55.1719, 68.7589, 84.5567, 100.0847, 118.2006, 143.3262, 168.3262, 189.7854, 211.7634, 229.5887, 246.6535, 262.9137, 279.3341, 295.9454, 314.0286, 333.1491, 352.4541, 377.2066, 400.7915, 423.6748, 446.6633, 472.4365, 499.3907, 525.0976, 550.0353, 578.8537, 606.7867, 635.8565, 668.7512, 697.821, 724.3462, 752.2792, 776.6694, 799.8713, 823.2905, 844.1673, 866.1937, 890.1171, 912.5386, 938.6483, 966.6595, 997.6193, 1026.0284, 1055.3539, 1083.2869, 1112.4414, 1143.4973, 1174.7473]
growth_rate:-26.29
