ticker:KRNL
price:[9.649999618530273, 9.869999885559082, 9.819999694824219, 9.850000381469727, 9.789999961853027, 9.739999771118164, 9.699999809265137, 9.699999809265137, 9.6899995803833, 9.65999984741211, 9.739999771118164, 9.8100004196167, 9.739999771118164, 9.760000228881836, 9.6899995803833, 9.6899995803833, 9.699999809265137, 9.710000038146973, 9.630000114440918, 9.640000343322754, 9.635000228881836, 9.649999618530273, 9.684700012207031]
assets:[0, 99.99987784051895, 199.49329380035402, 300.1029166223526, 398.2748204481125, 496.240326338768, 594.2025883159638, 694.2027963496208, 793.4869336387635, 891.030657925415, 998.4093905382157, 1105.585085290718, 1197.695629855156, 1300.1550064899445, 1390.8298647713661, 1490.8296914409636, 1592.3684586886407, 1694.010490655136, 1780.0535191537858, 1881.9015870227813, 1980.925215057373, 2084.0090926179887, 2191.5033107322693]
shares:[0, 10.1317, 20.315, 30.4673, 40.6818, 50.9487, 61.258, 71.5673, 81.8872, 92.2392, 102.5061, 112.6998, 122.9667, 133.2126, 143.5325, 153.8524, 164.1617, 174.4604, 184.8446, 195.218, 205.5968, 215.9595, 226.2851]
growth_rate:-0.39
