ticker:KRNLU
price:[10.300000190734863, 10.4399995803833, 10.479999542236328, 10.260000228881836, 10.149999618530273, 10.039999961853027, 9.984999656677246, 9.899999618530273, 10.0, 10.119999885559082, 10.020000457763672, 9.979999542236328, 10.0, 10.0, 10.0, 9.970000267028809, 9.949999809265137, 9.960000038146973, 10.039999961853027, 10.289999961853027, 10.239999771118164, 10.300000190734863, 10.25, 10.289999961853027, 10.199999809265137, 10.140000343322754, 9.989999771118164, 9.993000030517578, 9.979999542236328, 9.960000038146973]
assets:[0, 99.99953598070145, 200.3828312473297, 296.17645260715483, 393.00088022975916, 488.74217814302443, 586.0645623488426, 681.0754237565994, 787.955, 897.4102178517342, 988.5421831615447, 1084.5954122516632, 1186.769, 1286.7689999999998, 1386.7689999999998, 1482.608829709053, 1579.635104719448, 1681.2231064391137, 1794.727301180935, 1939.417003810215, 2029.9929146261215, 2141.8870996633527, 2231.489575, 2340.1980963244437, 2419.7296347522733, 2505.4957268317225, 2568.4319381544115, 2669.203257051468, 2765.7303271411893, 2860.188310954571]
shares:[0, 9.5785, 19.1205, 28.8671, 38.7193, 48.6795, 58.6945, 68.7955, 78.7955, 88.6769, 98.6569, 108.6769, 118.6769, 128.6769, 138.6769, 148.707, 158.7573, 168.7975, 178.7577, 188.4759, 198.2415, 207.9502, 217.7063, 227.4245, 237.2284, 247.0903, 257.1003, 267.1073, 277.1273, 287.1675]
growth_rate:-1.37
