ticker:KRNT
price:[60.13999938964844, 60.2599983215332, 57.959999084472656, 59.34000015258789, 64.80000305175781, 68.94999694824219, 68.9800033569336, 67.27999877929688, 67.31999969482422, 71.3499984741211, 77.02999877929688, 80.08000183105469, 83.80999755859375, 87.06999969482422, 84.5, 86.97000122070312, 88.44999694824219, 89.12999725341797, 89.05999755859375, 94.26000213623047, 97.94999694824219, 90.63500213623047, 97.04000091552734, 98.0999984741211, 119.41000366210938, 113.12999725341797, 101.44000244140625, 104.93000030517578, 102.69000244140625, 92.1500015258789, 100.20999908447266, 106.95999908447266, 104.79000091552734, 102.93000030517578, 97.76000213623047, 91.41999816894531, 90.68000030517578, 97.97000122070312, 104.19999694824219, 119.2300033569336, 120.81999969482422, 114.58999633789062, 124.0, 125.69000244140625, 120.23999786376953, 117.27999877929688, 127.18000030517578, 132.16000366210938, 130.0, 123.94999694824219, 127.5, 129.6300048828125]
assets:[0, 100.00146721458435, 196.18300490112304, 300.8538007736206, 428.53538018188476, 555.9783003921508, 656.2205679351806, 740.0463465728759, 840.4834641899108, 990.7946188110352, 1169.6697194641113, 1315.986702090454, 1477.2853029663086, 1634.7479512702942, 1686.49325, 1835.7888767669679, 1967.0306371322633, 2082.156952837372, 2180.518262225342, 2407.8340505691526, 2602.0906439285277, 2507.761747106934, 2784.980098274994, 2915.4044246528624, 3648.7159539001464, 3556.8184266471862, 3289.283375164795, 3502.447987186432, 3527.6788468688965, 3265.602539073944, 3651.231484642029, 3997.170037786102, 4016.076785087586, 4044.7887569923405, 3941.624630131531, 3786.003810169983, 3855.359960974884, 4265.300349145507, 4636.535164207458, 5405.316048187256, 5577.401563912201, 5389.809231750489, 5932.4204, 6113.272631744385, 5948.200550321961, 5901.775826571655, 6499.966327597046, 6854.491805935669, 6842.459000000001, 6624.024181910705, 6913.7385, 7129.235452539063]
shares:[0, 1.6595, 3.3848, 5.07, 6.6132, 8.0635, 9.5132, 10.9995, 12.4849, 13.8864, 15.1846, 16.4334, 17.6266, 18.7751, 19.9585, 21.1083, 22.2389, 23.3609, 24.4837, 25.5446, 26.5655, 27.6688, 28.6993, 29.7187, 30.5562, 31.4401, 32.4259, 33.3789, 34.3527, 35.4379, 36.4358, 37.3707, 38.325, 39.2965, 40.3194, 41.4133, 42.5161, 43.5368, 44.4965, 45.3352, 46.1629, 47.0356, 47.8421, 48.6377, 49.4694, 50.3221, 51.1084, 51.8651, 52.6343, 53.4411, 54.2254, 54.9968]
growth_rate:39.79
