ticker:KRNY
price:[8.0600004196167, 7.300000190734863, 7.650000095367432, 7.139999866485596, 7.460000038146973, 7.949999809265137, 8.029999732971191, 9.359999656677246, 8.399999618530273, 8.569999694824219, 9.859999656677246, 9.989999771118164, 10.220000267028809, 10.489999771118164, 10.430000305175781, 10.460000038146973, 10.569999694824219, 10.5600004196167, 10.859999656677246, 11.220000267028809, 10.770000457763672, 10.350000381469727, 10.649999618530273, 10.850000381469727, 11.020000457763672, 11.350000381469727, 12.420000076293945, 13.199999809265137, 12.920000076293945, 12.609999656677246, 12.270000457763672, 12.25, 12.380000114440918, 12.6899995803833, 12.779999732971191, 13.050000190734863, 13.239999771118164, 13.199999809265137, 13.109999656677246, 12.899999618530273, 12.529999732971191, 11.920000076293945, 12.369999885559082, 11.970000267028809, 11.880000114440918, 11.640000343322754, 11.529999732971191, 12.029999732971191, 12.819999694824219, 12.9399995803833, 13.050000190734863, 13.239999771118164]
assets:[0, 99.9997826128006, 204.7943275530338, 291.1413485558033, 404.1895160668373, 530.7380122666359, 636.0787628479004, 841.4321451364518, 855.1317211658478, 972.4378653717041, 1218.8142775611877, 1334.8837494163515, 1465.6165122937202, 1604.3363689949038, 1695.1597885993958, 1800.0352565646172, 1918.9644185958864, 2017.1491041543006, 2174.454291257858, 2346.536269846058, 2352.424425986481, 2360.6860470077513, 2529.1118544103624, 2676.6072091054916, 2818.5447430805207, 3002.947915928078, 3386.0447487998963, 3698.6953865552905, 3720.237793968391, 3730.9748214196206, 3730.3783001712795, 3824.2980999999995, 3964.8819746514323, 4164.163719304753, 4293.696510286331, 4484.408105542755, 4649.698587619972, 4735.651731571675, 4803.3635972102165, 4826.421337276459, 4787.988557962418, 4654.894725793648, 4930.625052384376, 4871.186820667266, 4934.561195534992, 4934.873593554496, 4988.237620475006, 5304.553796255303, 5752.899225054169, 5906.748782456684, 6056.960533526707, 6245.14636403923]
shares:[0, 13.6986, 26.7705, 40.7761, 54.1809, 66.7595, 79.2128, 89.8966, 101.8014, 113.47, 123.612, 133.622, 143.4067, 152.9396, 162.5273, 172.0875, 181.5482, 191.0179, 200.226, 209.1387, 218.4238, 228.0856, 237.4753, 246.6919, 255.7663, 264.5769, 272.6284, 280.2042, 287.9441, 295.8743, 304.0243, 312.1876, 320.2651, 328.1453, 335.97, 343.6328, 351.1857, 358.7615, 366.3893, 374.1412, 382.122, 390.5113, 398.5954, 406.9496, 415.3671, 423.9582, 432.6312, 440.9438, 448.7441, 456.4721, 464.1349, 471.6878]
growth_rate:22.45
