ticker:KRON
price:[27.06999969482422, 32.060001373291016, 32.41999816894531, 28.09000015258789, 30.399999618530273, 27.889999389648438, 35.22999954223633, 34.68000030517578, 29.979999542236328, 32.36000061035156, 35.209999084472656, 35.56999969482422, 29.8700008392334, 31.729999542236328, 31.56999969482422, 32.47999954223633, 27.489999771118164, 28.93000030517578, 29.829999923706055, 28.309999465942383, 29.06999969482422, 27.8700008392334, 28.670000076293945, 29.510000228881836, 28.989999771118164, 28.510000228881836, 27.280000686645508, 21.559999465942383, 23.190000534057617, 27.06999969482422, 25.690000534057617, 24.799999237060547, 27.030000686645508, 24.40999984741211, 26.649999618530273, 26.489999771118164, 24.290000915527344, 24.959999084472656, 23.84000015258789, 22.600000381469727, 20.549999237060547, 21.770000457763672, 20.450000762939453, 20.5, 20.100000381469727, 19.729999542236328, 20.860000610351562, 20.760000228881836]
assets:[0, 100.00155628356934, 201.12394264068604, 274.26233448982236, 396.81727502059937, 464.05333284454343, 686.1817470840454, 775.4690828239442, 770.3750622371674, 931.5311575698853, 1113.572557044983, 1224.9596494903565, 1128.6618777111055, 1298.9436832603453, 1392.394836540222, 1532.5298024009703, 1397.0830233678819, 1570.2654495643617, 1719.1148276031495, 1731.5160043355943, 1878.0004692848206, 1900.4776532279966, 2055.0312014686583, 2215.241942181587, 2276.2078120288847, 2338.518513773918, 2337.628714838791, 1947.48025575943, 2194.7155645435337, 2661.920298990631, 2626.2193915952685, 2635.237998930359, 2972.1972515029906, 2784.1045015964505, 3139.588485059738, 3220.738940171814, 3053.2555440818787, 3237.4741212501526, 3192.2022444316867, 3126.165392767143, 2942.5975457530976, 3217.2925796508785, 3122.2161364822387, 3229.8487999999998, 3266.8269319997785, 3306.6907062801365, 3596.076365219116, 3678.8381205596925]
shares:[0, 3.1192, 6.2037, 9.7637, 13.0532, 16.6387, 19.4772, 22.3607, 25.6963, 28.7865, 31.6266, 34.438, 37.7858, 40.9374, 44.105, 47.1838, 50.8215, 54.2781, 57.6304, 61.1627, 64.6027, 68.1908, 71.6788, 75.0675, 78.517, 82.0245, 85.6902, 90.3284, 94.6406, 98.3347, 102.2273, 106.2596, 109.9592, 114.0559, 117.8082, 121.5832, 125.7001, 129.7065, 133.9011, 138.3259, 143.1921, 147.7856, 152.6756, 157.5536, 162.5287, 167.5971, 172.391, 177.208]
growth_rate:-21.73
