ticker:KROS
price:[49.060001373291016, 44.5099983215332, 45.189998626708984, 40.61000061035156, 36.7599983215332, 45.619998931884766, 51.68000030517578, 53.90999984741211, 55.599998474121094, 55.540000915527344, 58.900001525878906, 71.08000183105469, 76.0, 77.33000183105469, 76.83000183105469, 80.95999908447266, 78.52999877929688, 70.54000091552734, 70.93000030517578, 71.58999633789062, 67.1500015258789, 57.04999923706055, 65.4800033569336, 60.09000015258789, 66.63999938964844, 65.47000122070312, 58.619998931884766, 65.16000366210938, 59.310001373291016, 56.400001525878906, 58.7599983215332, 60.15999984741211, 56.66999816894531, 61.560001373291016, 58.79999923706055, 53.11000061035156, 48.869998931884766, 49.79999923706055, 54.560001373291016, 47.08000183105469, 51.220001220703125, 53.779998779296875, 44.88999938964844, 40.9900016784668, 41.939998626708984, 39.97999954223633, 37.75, 36.79999923706055, 35.959999084472656, 34.58000183105469, 31.90999984741211, 34.970001220703125]
assets:[0, 100.00061322898866, 201.52931787567138, 281.1024242248535, 354.4509318157196, 539.8807533596039, 711.5974282020569, 842.3006196159363, 968.7076534149169, 1067.6620995994567, 1232.252821923065, 1587.074280883789, 1796.9288, 1928.3782556610108, 2015.9116860443116, 2224.278822846985, 2257.517580908203, 2127.825019616699, 2239.586387635803, 2360.422405255127, 2314.0293425827026, 2065.9744423713682, 2471.254614692688, 2367.8344380126955, 2725.935831033325, 2778.0754677978516, 2587.4105468547823, 2976.0789112609864, 2808.8920100383757, 2771.073074970245, 2987.023382676315, 3158.1894319896696, 3074.9764376449584, 3440.311456747055, 3386.068516065216, 3158.403937297058, 3006.2526452945713, 3163.460291535568, 3565.828905752945, 3176.9632315597532, 3556.33273475647, 3834.078294973755, 3300.294799127197, 3113.567735494995, 3285.730476411438, 3232.1790649921413, 3151.8947249999997, 3172.5757742259975, 3200.1594305252074, 3177.348888244629, 3032.017983501434, 3422.772797479248]
shares:[0, 2.2467, 4.4596, 6.922, 9.6423, 11.8343, 13.7693, 15.6242, 17.4228, 19.2233, 20.9211, 22.328, 23.6438, 24.937, 26.2386, 27.4738, 28.7472, 30.1648, 31.5746, 32.9714, 34.4606, 36.2134, 37.7406, 39.4048, 40.9054, 42.4328, 44.1387, 45.6734, 47.3595, 49.1325, 50.8343, 52.4965, 54.2611, 55.8855, 57.5862, 59.4691, 61.5153, 63.5233, 65.3561, 67.4801, 69.4325, 71.2919, 73.5196, 75.9592, 78.3436, 80.8449, 83.4939, 86.2113, 88.9922, 91.884, 95.0178, 97.8774]
growth_rate:-32.89
