ticker:KRT
price:[18.1200008392334, 18.350000381469727, 18.450000762939453, 18.31999969482422, 17.200000762939453, 17.799999237060547, 19.0, 20.600000381469727, 20.399999618530273, 20.010000228881836, 19.8700008392334, 20.389999389648438, 20.350000381469727, 20.670000076293945, 23.780000686645508, 22.25, 23.350000381469727, 23.8700008392334, 23.700000762939453, 23.040000915527344, 23.350000381469727, 23.350000381469727]
assets:[0, 100.00016207885743, 200.54597329292298, 299.1326190170288, 380.84585689315793, 494.1315388206482, 627.4446, 780.282694449234, 872.7079036808015, 956.023783935356, 1049.334744319916, 1176.7965807739258, 1274.4879638908385, 1394.5284261472702, 1704.3483192129133, 1694.691275, 1878.4748406887054, 2020.3091310310365, 2105.920447792816, 2147.2750933250427, 2276.167377185822, 2376.1684238195417]
shares:[0, 5.4496, 10.8697, 16.3282, 22.1422, 27.7602, 33.0234, 37.8778, 42.7798, 47.7773, 52.81, 57.7144, 62.6284, 67.4663, 71.6715, 76.1659, 80.4486, 84.638, 88.8574, 93.1977, 97.4804, 101.7631]
growth_rate:13.15
