ticker:KRTX
price:[74.0999984741211, 75.8499984741211, 84.69999694824219, 77.0999984741211, 75.87000274658203, 79.72000122070312, 77.45999908447266, 80.7699966430664, 81.19000244140625, 106.56999969482422, 96.16000366210938, 97.0, 100.0, 100.8499984741211, 94.55000305175781, 104.36000061035156, 104.6500015258789, 101.58999633789062, 107.13999938964844, 99.0, 103.06999969482422, 99.2300033569336, 119.27999877929688, 119.76000213623047, 124.7699966430664, 124.95999908447266, 120.75, 119.44000244140625, 116.69000244140625, 113.83999633789062, 122.93000030517578, 116.91000366210938, 112.5999984741211, 107.56999969482422, 111.01000213623047, 114.88999938964844, 113.83000183105469, 122.01000213623047, 111.81999969482422, 109.83999633789062, 135.9499969482422, 133.55999755859375, 126.5, 120.55999755859375, 122.2699966430664, 111.55000305175781, 113.30999755859375, 114.22000122070312, 114.76000213623047, 106.83000183105469, 106.08000183105469, 115.0]
assets:[0, 100.00063798828126, 211.66529237365722, 292.67159420776363, 387.9991940460205, 507.6888557739258, 593.2971169876098, 718.6510451316834, 822.3897727294923, 1179.4741286224366, 1164.2572443389893, 1274.4248, 1413.8400000000001, 1525.8604769134522, 1530.5376294006348, 1789.3356984649658, 1894.3115376205446, 1938.916193106079, 2144.8463617813113, 2081.8908, 2267.478151286316, 2283.0045332336426, 2844.3031388916015, 2955.7487087234495, 3179.4015314582825, 3284.248679937744, 3273.6049500000004, 3338.0853002319336, 3361.2321823242187, 3379.135379296875, 3748.9593403068543, 3665.3741258148193, 3630.246470805359, 3568.075375877381, 3782.1773787826537, 4014.371468673706, 4077.3337505874633, 4470.336669269562, 4196.984776545715, 4222.6668512146, 5326.43931043396, 5332.796938519287, 5150.9029, 5009.038834564209, 5180.090677780151, 4825.932007026673, 5002.069842224121, 5142.241564956665, 5266.554542035675, 5002.635325744629, 5067.515943470764, 5593.6345]
shares:[0, 1.3184, 2.499, 3.796, 5.114, 6.3684, 7.6594, 8.8975, 10.1292, 11.0676, 12.1075, 13.1384, 14.1384, 15.13, 16.1876, 17.1458, 18.1014, 19.0857, 20.0191, 21.0292, 21.9994, 23.0072, 23.8456, 24.6806, 25.4821, 26.2824, 27.1106, 27.9478, 28.8048, 29.6832, 30.4967, 31.3521, 32.2402, 33.1698, 34.0706, 34.941, 35.8195, 36.6391, 37.5334, 38.4438, 39.1794, 39.9281, 40.7186, 41.5481, 42.366, 43.2625, 44.145, 45.0205, 45.8919, 46.828, 47.7707, 48.6403]
growth_rate:9.68
