ticker:KRUS
price:[13.800000190734863, 14.329999923706055, 14.520000457763672, 13.350000381469727, 14.359999656677246, 14.829999923706055, 14.930000305175781, 15.170000076293945, 12.869999885559082, 14.829999923706055, 16.15999984741211, 15.260000228881836, 16.889999389648438, 18.84000015258789, 17.329999923706055, 17.260000228881836, 18.940000534057617, 19.5, 18.81999969482422, 22.489999771118164, 23.649999618530273, 22.649999618530273, 25.280000686645508, 24.920000076293945, 27.139999389648438, 29.889999389648438, 31.799999237060547, 32.79999923706055, 36.25, 31.360000610351562, 31.399999618530273, 32.400001525878906, 32.20000076293945, 35.459999084472656, 36.0099983215332, 35.68000030517578, 34.11000061035156, 39.72999954223633, 42.97999954223633, 37.83000183105469, 37.66999816894531, 34.2400016784668, 39.2599983215332, 37.20000076293945, 38.470001220703125, 50.75, 52.06999969482422, 48.619998931884766, 45.4900016784668, 45.08000183105469, 43.540000915527344, 52.20000076293945]
assets:[0, 100.00047146759033, 201.3270663471222, 285.10394314670566, 406.6737542771339, 519.9842873249054, 623.4902497444152, 733.5134966890334, 722.3017165772438, 932.3027752037049, 1115.9142454631806, 1153.7658893051148, 1377.006181239319, 1635.9864852500916, 1604.8637059347152, 1698.3805705219268, 1963.69167937088, 2121.7521, 2147.762831172943, 2666.587545862007, 2904.1253531570437, 2881.3291014728547, 3315.894266065025, 3368.673150313377, 3768.7715892440797, 4250.647846202088, 4622.2698091033935, 4867.624846777344, 5479.61525, 4840.43491020813, 4946.608359905053, 5204.143325089264, 5272.019184914017, 5905.770651521301, 6097.371359794616, 6141.4949805290225, 5971.255774847412, 7055.086452712249, 7732.209367647171, 6905.711731251526, 6976.502495887757, 6441.26677975502, 7485.633211969757, 7192.858227519227, 7538.419865203858, 10044.754649999999, 10406.017608011627, 9816.547954343796, 9284.591224578095, 9300.910485783386, 9083.175662994385, 10989.79666062355]
shares:[0, 6.9784, 13.8655, 21.3561, 28.3199, 35.063, 41.7609, 48.3529, 56.1229, 62.866, 69.0541, 75.6072, 81.5279, 86.8358, 92.6061, 98.3998, 103.6796, 108.8078, 114.1213, 118.5677, 122.796, 127.211, 131.1667, 135.1795, 138.8641, 142.2097, 145.3544, 148.4032, 151.1618, 154.3506, 157.5353, 160.6217, 163.7273, 166.5474, 169.3244, 172.1271, 175.0588, 177.5758, 179.9025, 182.5459, 185.2005, 188.1211, 190.6682, 193.3564, 195.9558, 197.9262, 199.8467, 201.9035, 204.1018, 206.3201, 208.6168, 210.5325]
growth_rate:115.49
