ticker:KRYS
price:[42.38999938964844, 43.58000183105469, 48.4900016784668, 41.38999938964844, 43.15999984741211, 50.70000076293945, 51.619998931884766, 48.150001525878906, 42.9900016784668, 40.63999938964844, 41.880001068115234, 42.220001220703125, 48.86000061035156, 56.540000915527344, 58.380001068115234, 58.599998474121094, 60.54999923706055, 60.0, 66.33000183105469, 67.8499984741211, 71.18000030517578, 69.69999694824219, 68.95999908447266, 70.08999633789062, 76.9800033569336, 78.88999938964844, 72.73999786376953, 82.80999755859375, 76.55999755859375, 68.94000244140625, 76.72000122070312, 69.29000091552734, 77.33000183105469, 78.56999969482422, 79.44000244140625, 70.77999877929688, 67.93000030517578, 65.5999984741211, 65.23999786376953, 62.209999084472656, 65.05000305175781, 65.30000305175781, 67.66999816894531, 70.0, 68.87999725341797, 63.56999969482422, 60.599998474121094, 58.439998626708984, 59.900001525878906, 56.18000030517578, 53.29999923706055, 58.0]
assets:[0, 99.99867220153808, 211.26608831291202, 280.3303268661499, 392.3200826129913, 560.8586184398652, 671.034176115036, 725.9238680046082, 748.1292052093506, 807.2323078765869, 931.8635277664185, 1039.4268760528564, 1302.9007762756348, 1607.6979640327454, 1760.016920201111, 1866.6502113945007, 2028.764054437256, 2110.338, 2432.977834162903, 2588.728486782074, 2815.7811600723267, 2857.232884898376, 2926.8968251419064, 3074.8551483428955, 3477.1174696296694, 3663.391234657288, 3477.808407863617, 4059.271551324463, 3852.904845135498, 3569.4237784057614, 4072.2362887939453, 3777.857145916748, 4316.2204502014165, 4485.435570578003, 4635.101710449218, 4229.812727050781, 4159.4965716865545, 4116.826304241181, 4194.233794663239, 4099.439867669677, 4386.588410792541, 4503.447360466003, 4766.897982014465, 5031.032999999999, 5050.536254610443, 4761.18955314331, 4638.748083198547, 4573.409100528717, 4787.663361959839, 4590.33299293518, 4455.016476230621, 4947.858200000001]
shares:[0, 2.2946, 4.3569, 6.7729, 9.0899, 11.0623, 12.9995, 15.0763, 17.4024, 19.863, 22.2508, 24.6193, 26.666, 28.4347, 30.1476, 31.8541, 33.5056, 35.1723, 36.6799, 38.1537, 39.5586, 40.9933, 42.4434, 43.8701, 45.1691, 46.4367, 47.8115, 49.0191, 50.3253, 51.7758, 53.0792, 54.5224, 55.8156, 57.0884, 58.3472, 59.76, 61.2321, 62.7565, 64.2893, 65.8968, 67.4341, 68.9655, 70.4433, 71.8719, 73.3237, 74.8968, 76.547, 78.2582, 79.9276, 81.7076, 83.5838, 85.3079]
growth_rate:-2.98
