ticker:KSICU
price:[9.899999618530273, 9.899999618530273, 9.880000114440918, 10.0, 10.0, 9.930000305175781, 9.989999771118164, 9.989999771118164, 9.961000442504883, 9.949999809265137, 10.0, 9.95199966430664, 9.949999809265137, 9.960000038146973, 9.989999771118164, 10.0, 9.984999656677246, 10.029999732971191, 10.029999732971191, 9.949999809265137, 9.90999984741211, 9.90999984741211, 9.970000267028809, 9.899999618530273, 9.899999618530273]
assets:[0, 99.9998961467743, 199.79830231428147, 302.225, 402.22499999999997, 499.4095053482056, 602.4269561977386, 702.4268539066315, 800.3882997562408, 899.5048577570916, 1004.0250000000001, 1099.2053293224335, 1198.9849270162583, 1300.1903569797516, 1404.1064558303833, 1505.512, 1603.25345187397, 1710.4790434618951, 1810.4791437995912, 1896.039128654194, 1988.4166943836212, 2088.4165208438876, 2201.061006951523, 2285.606971930313, 2385.6068680770877]
shares:[0, 10.101, 20.2225, 30.2225, 40.2225, 50.293, 60.303, 70.313, 80.3522, 90.4025, 100.4025, 110.4507, 120.501, 130.5412, 140.5512, 150.5512, 160.5662, 170.5363, 180.5064, 190.5567, 200.6475, 210.7383, 220.7684, 230.8694, 240.9704]
growth_rate:-0.6
