ticker:KSPN
price:[8.350000381469727, 8.449999809265137, 8.4399995803833, 7.5, 7.570000171661377, 8.989999771118164, 9.949999809265137, 10.25, 11.25, 10.40999984741211, 10.8100004196167, 12.699999809265137, 11.949999809265137, 12.770000457763672, 14.420000076293945, 14.199999809265137, 13.75, 14.630000114440918, 19.690000534057617, 30.989999771118164, 39.369998931884766, 38.560001373291016, 32.540000915527344, 31.31999969482422, 32.0, 31.899999618530273, 30.489999771118164, 46.0, 27.520000457763672, 22.190000534057617, 24.350000381469727, 24.100000381469727, 24.020000457763672, 22.510000228881836, 22.0, 18.510000228881836, 19.889999389648438, 20.190000534057617, 23.200000762939453, 23.700000762939453, 25.0, 24.270000457763672, 24.350000381469727, 23.799999237060547, 22.110000610351562, 19.610000610351562, 20.59000015258789, 19.700000762939453, 19.489999771118164, 21.079999923706055, 19.690000534057617, 21.299999237060547]
assets:[0, 99.99983274278641, 199.88113406238557, 277.61925, 380.2100716218472, 551.5310919582367, 710.427001381588, 831.84695, 1013.002875, 1037.3648127944946, 1177.225260696888, 1483.048827726841, 1495.4671911307335, 1698.0857028709413, 2017.4935586742401, 2086.7141119711873, 2120.5855, 2356.30342943182, 3271.265184727478, 5248.627509235382, 6767.907540385438, 6728.66625563736, 5778.183280571747, 5661.544084835053, 5884.464, 5966.075098655891, 5802.371965442849, 8853.988000000001, 5396.994073772812, 4451.717965141678, 4985.053828096389, 5033.8731196792605, 5117.163249520874, 4895.477100777244, 4884.5632, 4209.694183054161, 4623.54572012024, 4793.281779789925, 5607.880984416962, 5828.740267636108, 6248.46, 6166.004765298843, 6286.330023482323, 6244.339159829712, 5900.938062896728, 5333.712300009155, 5700.261241243362, 5553.867555089569, 5594.662904298782, 6151.076521737671, 5845.478753548622, 6423.44715992012]
shares:[0, 11.8343, 23.6826, 37.0159, 50.2259, 61.3494, 71.3997, 81.1558, 90.0447, 99.6508, 108.9015, 116.7755, 125.1437, 132.9746, 139.9094, 146.9517, 154.2244, 161.0597, 166.1384, 169.3652, 171.9052, 174.4986, 177.5717, 180.7645, 183.8895, 187.0243, 190.3041, 192.478, 196.1117, 200.6182, 204.725, 208.8744, 213.0376, 217.4801, 222.0256, 227.4281, 232.4558, 237.4087, 241.719, 245.9384, 249.9384, 254.0587, 258.1655, 262.3672, 266.89, 271.9894, 276.8461, 281.9222, 287.053, 291.7968, 296.8755, 301.5703]
growth_rate:25.95
