ticker:KTCC
price:[8.229999542236328, 7.789999961853027, 9.0, 8.859999656677246, 9.770000457763672, 9.59000015258789, 9.140000343322754, 9.0600004196167, 7.639999866485596, 7.400000095367432, 7.710000038146973, 7.400000095367432, 7.889999866485596, 7.670000076293945, 7.980000019073486, 7.900000095367432, 7.730000019073486, 6.900000095367432, 7.71999979019165, 7.659999847412109, 7.869999885559082, 8.529999732971191, 9.170000076293945, 7.809999942779541, 7.960000038146973, 8.220000267028809, 8.029999732971191, 8.720000267028809, 8.670000076293945, 8.029999732971191, 8.069999694824219, 8.229999542236328, 7.769999980926514, 7.78000020980835, 6.960000038146973, 7.050000190734863, 6.78000020980835, 7.03000020980835, 6.829999923706055, 7.079999923706055, 6.789999961853027, 6.679999828338623, 6.590000152587891, 6.550000190734863, 6.78000020980835, 6.599999904632568, 6.840000152587891, 6.670000076293945, 7.03000020980835, 6.75, 6.559999942779541, 6.78000020980835]
assets:[0, 100.0002295103073, 215.5329, 312.1803159030914, 444.2438748146057, 536.0589515293121, 610.9048269472122, 705.557498678112, 694.9733518548489, 773.1416499638558, 905.5302524803162, 969.1210324895382, 1133.2927548224447, 1201.692659953308, 1350.2614892273427, 1436.7248273438931, 1505.8078687155246, 1444.1237899597645, 1715.7444773707866, 1802.4094540958404, 1951.822931617737, 2215.5079196442603, 2481.7358086479185, 2213.6702887814045, 2356.18627929163, 2533.146796289921, 2574.5945743846896, 2895.8240166775704, 2979.219239216423, 2859.2998209171296, 2973.543103552246, 3132.49831076622, 3057.4134074947838, 3161.3486252541543, 2928.1471840488434, 3066.011242949676, 3048.5898043391703, 3261.0012763236523, 3268.2273614925384, 3487.85505441494, 3444.99067664566, 3489.181010335684, 3542.171212017059, 3620.671115433311, 3847.809449071169, 3845.6549444317816, 4085.497207139969, 4083.957004713822, 4404.3808974474905, 4328.95725, 4307.105066430712, 4551.551096848583]
shares:[0, 12.837, 23.9481, 35.2348, 45.4702, 55.8977, 66.8386, 77.8761, 90.9651, 104.4786, 117.4488, 130.9623, 143.6366, 156.6744, 169.2057, 181.8639, 194.8005, 209.2933, 222.2467, 235.3015, 248.008, 259.7313, 270.6364, 283.4405, 296.0033, 308.1687, 320.622, 332.0899, 343.6239, 356.0772, 368.4688, 380.6195, 393.4895, 406.343, 420.7108, 434.8952, 449.6445, 463.8693, 478.5106, 492.6349, 507.3624, 522.3325, 537.507, 552.7742, 567.5235, 582.675, 597.2949, 612.2874, 626.5122, 641.327, 656.5709, 671.3202]
growth_rate:-10.75
