ticker:KTOS
price:[19.260000228881836, 19.639999389648438, 20.979999542236328, 19.030000686645508, 19.6200008392334, 20.889999389648438, 20.790000915527344, 21.600000381469727, 18.889999389648438, 19.530000686645508, 20.09000015258789, 20.1299991607666, 21.40999984741211, 23.100000381469727, 23.850000381469727, 25.760000228881836, 26.399999618530273, 27.43000030517578, 26.56999969482422, 29.549999237060547, 29.950000762939453, 26.540000915527344, 29.290000915527344, 32.88999938964844, 30.25, 27.5, 24.030000686645508, 26.520000457763672, 25.780000686645508, 26.020000457763672, 28.290000915527344, 28.1200008392334, 27.350000381469727, 27.030000686645508, 26.739999771118164, 27.110000610351562, 25.0, 23.889999389648438, 25.010000228881836, 25.969999313354492, 26.200000762939453, 26.360000610351562, 27.610000610351562, 28.06999969482422, 28.200000762939453, 25.780000686645508, 26.84000015258789, 27.200000762939453, 24.780000686645508, 22.260000228881836, 21.969999313354492, 24.719999313354492]
assets:[0, 99.99902089233397, 206.82083548736574, 287.59849737720486, 396.51433096065523, 522.1810477432251, 619.6813202888488, 743.824093136406, 750.5015647506714, 875.9283427963256, 1001.0445276031495, 1103.0373950136184, 1273.1756149261475, 1473.6737643360138, 1621.520980935478, 1851.378944449806, 1997.376451138687, 2175.303258201599, 2207.1007926498414, 2554.6417590427395, 2689.222548504639, 2483.037367655182, 2840.3216847808835, 3289.420930957031, 3125.38765, 2941.2625, 2670.1295712976457, 3046.808596591187, 3061.7927175502778, 3190.296644126129, 3568.619533488464, 3647.1753568489075, 3647.3057958715435, 3704.6318831090925, 3764.8850077743527, 3916.9803051864624, 3712.1175000000003, 3647.3005408172608, 3918.2917258586886, 4168.693901779938, 4305.613805378723, 4431.906902618408, 4742.070063829041, 4921.075154498291, 5043.866236459732, 4711.024435477257, 5004.728680452347, 5171.857105066681, 4811.713627330971, 4422.387567471886, 4464.774018458938, 5123.632681681252]
shares:[0, 5.0916, 9.858, 15.1129, 20.2097, 24.9967, 29.8067, 34.4363, 39.7301, 44.8504, 49.828, 54.7957, 59.4664, 63.7954, 67.9883, 71.8703, 75.6582, 79.3038, 83.0674, 86.4515, 89.7904, 93.5583, 96.9724, 100.0128, 103.3186, 106.955, 111.1165, 114.8872, 118.7662, 122.6094, 126.1442, 129.7004, 133.3567, 137.0563, 140.796, 144.4847, 148.4847, 152.6706, 156.669, 160.5196, 164.3364, 168.13, 171.7519, 175.3144, 178.8605, 182.7395, 186.4653, 190.1418, 194.1773, 198.6697, 203.2214, 207.2667]
growth_rate:0.46
