ticker:KTRA
price:[1.2799999713897705, 1.600000023841858, 1.5, 1.3899999856948853, 1.5199999809265137, 1.659999966621399, 1.5, 1.5099999904632568, 1.350000023841858, 1.2899999618530273, 1.5199999809265137, 1.4500000476837158, 1.3899999856948853, 1.3899999856948853, 1.4199999570846558, 1.3300000429153442, 1.3700000047683716, 1.2799999713897705, 1.3799999952316284, 1.5, 1.8799999952316284, 1.7999999523162842, 1.9500000476837158, 2.4800000190734863, 2.309999942779541, 2.130000114440918, 1.850000023841858, 2.1500000953674316, 2.0399999618530273, 1.8899999856948853, 1.840000033378601, 1.8600000143051147, 1.3899999856948853, 1.5199999809265137, 1.350000023841858, 1.3300000429153442, 1.2799999713897705, 1.5299999713897705, 1.6100000143051147, 1.6100000143051147, 1.7899999618530273, 1.9500000476837158, 2.380000114440918, 1.9299999475479126, 1.8899999856948853, 1.600000023841858, 1.6299999952316284, 1.5399999618530273, 1.590000033378601, 1.5499999523162842, 1.4700000286102295, 1.4700000286102295]
assets:[0, 100.00000149011612, 193.75005, 279.54164612311126, 405.6858669093132, 543.0517250805377, 590.7094500000001, 694.6475606127977, 721.0425727340698, 788.9962266683578, 1029.6700270793438, 1082.2510355901718, 1137.4681242938043, 1237.46805926466, 1364.175924771774, 1377.714193454945, 1519.1491652874945, 1519.3510060398578, 1738.050377994442, 1989.18525, 2593.1121934229136, 2582.767011580038, 2897.9978358652834, 3785.658773115206, 3626.157753177309, 3443.6003660182, 3090.9204698342087, 3692.1508737725258, 3603.24989262104, 3438.305172976005, 3447.3447585367085, 3584.815785570538, 2778.975124400318, 3138.879304612255, 2887.820556000745, 2945.0381140280606, 2934.3222384127857, 3607.432096542835, 3896.056100617099, 3996.056099505615, 4542.819960187245, 5048.882403461265, 6262.2258371154785, 5178.191210271013, 5170.8713728624825, 4477.457346719313, 4661.409601363599, 4504.031112431717, 4750.266132721531, 4730.762294464303, 4586.594129267693, 4686.594115213967]
shares:[0, 62.5, 129.1667, 201.1091, 266.8986, 327.1396, 393.8063, 460.0315, 534.1056, 611.625, 677.4145, 746.38, 818.3224, 890.2648, 960.6873, 1035.8753, 1108.868, 1186.993, 1259.4568, 1326.1235, 1379.315, 1434.8706, 1486.1527, 1526.4753, 1569.7653, 1616.7137, 1670.7678, 1717.2794, 1766.299, 1819.2091, 1873.5569, 1927.3203, 1999.2627, 2065.0522, 2139.1263, 2214.3143, 2292.4393, 2357.7988, 2419.9106, 2482.0224, 2537.8883, 2589.1704, 2631.1872, 2683.0007, 2735.9108, 2798.4108, 2859.7605, 2924.6956, 2987.5887, 3052.1048, 3120.132, 3188.1592]
growth_rate:-8.11
