ticker:KURA
price:[24.1200008392334, 27.3799991607666, 30.049999237060547, 29.979999542236328, 30.0, 32.970001220703125, 34.11000061035156, 29.920000076293945, 31.25, 35.7599983215332, 39.959999084472656, 36.619998931884766, 36.380001068115234, 36.79999923706055, 41.619998931884766, 37.130001068115234, 35.97999954223633, 32.65999984741211, 39.13999938964844, 34.09000015258789, 34.380001068115234, 29.950000762939453, 33.45000076293945, 34.47999954223633, 33.810001373291016, 28.0, 29.739999771118164, 29.5, 26.93000030517578, 27.389999389648438, 29.325000762939453, 28.56999969482422, 28.59000015258789, 27.989999771118164, 26.93000030517578, 26.149999618530273, 25.110000610351562, 22.530000686645508, 22.25, 21.280000686645508, 22.420000076293945, 21.979999542236328, 22.239999771118164, 21.139999389648438, 19.8799991607666, 18.600000381469727, 18.799999237060547, 18.940000534057617, 17.739999771118164, 16.5, 15.899999618530273, 19.25]
assets:[0, 99.99997093486786, 209.75199967460634, 309.2646812778473, 409.46999999999997, 550.0088573638916, 669.0267299713136, 686.8435217514038, 817.375, 1035.337775404358, 1256.937775202179, 1251.8766354858399, 1343.6735114501953, 1459.1862097480775, 1750.3082450809477, 1661.4821487957001, 1710.021438243866, 1652.2302002807617, 2080.04438556366, 1911.6683475566865, 2027.9318670036314, 1866.6248125499726, 2184.76003983078, 2352.0324807739257, 2406.3287987400054, 2092.8179999999998, 2322.872422122955, 2404.1261, 2294.6810890037536, 2433.878084764099, 2705.823685396576, 2736.160298773193, 2838.07499414711, 2878.513968461609, 2869.5019455177307, 2886.3898878940586, 2871.597246800232, 2676.546057572937, 2743.2826, 2723.6868718856813, 2969.5985121053695, 3011.319283285141, 3146.9399516134263, 3091.291540748596, 3007.042709057808, 2913.429659751892, 3044.7557564380645, 3167.4290953130726, 3066.7474664327624, 2952.38625, 2945.026549343491, 3665.51955]
shares:[0, 3.6523, 6.9801, 10.3157, 13.649, 16.6821, 19.6138, 22.956, 26.156, 28.9524, 31.4549, 34.1856, 36.9344, 39.6518, 42.0545, 44.7477, 47.527, 50.5888, 53.1437, 56.0771, 58.9858, 62.3247, 65.3142, 68.2144, 71.1721, 74.7435, 78.106, 81.4958, 85.2091, 88.8601, 92.2702, 95.7704, 99.2681, 102.8408, 106.5541, 110.3782, 114.3607, 118.7992, 123.2936, 127.9928, 132.4531, 137.0027, 141.4991, 146.2295, 151.2597, 156.636, 161.9551, 167.2349, 172.8719, 178.9325, 185.2218, 190.4166]
growth_rate:-28.13
