ticker:KURIU
price:[10.680000305175781, 10.569999694824219, 10.529999732971191, 10.25, 10.180000305175781, 9.989999771118164, 9.920000076293945, 9.890000343322754, 9.970000267028809, 10.020000457763672, 10.149999618530273, 10.039999961853027, 9.970000267028809, 9.9399995803833, 9.925000190734863, 9.890000343322754, 10.079999923706055, 10.229999542236328, 10.270000457763672, 10.229999542236328, 10.210000038146973, 10.260000228881836, 10.300000190734863, 10.25, 10.300000190734863, 10.239999771118164, 10.210000038146973, 10.25]
assets:[0, 99.99959611282348, 199.62141693782806, 294.313375, 392.30361776046755, 484.9815218885422, 581.582820472908, 679.8237885994912, 785.3229630334855, 889.261012625885, 1000.7980823867798, 1089.9524358587266, 1182.35329866724, 1278.7958560156821, 1376.8664939600944, 1472.010838099575, 1600.2896998876572, 1724.1037658512114, 1830.8453056060791, 1923.7145859191894, 2019.9535545470237, 2129.8457455129624, 2238.1488414459227, 2327.284025, 2438.6362851585386, 2524.430279574585, 2617.0343567778586, 2727.2871999999998]
shares:[0, 9.4607, 18.9574, 28.7135, 38.5367, 48.5467, 58.6273, 68.7385, 78.7686, 88.7486, 98.6008, 108.561, 118.5911, 128.6515, 138.7271, 148.8383, 158.7589, 168.5341, 178.2712, 188.0464, 197.8407, 207.5873, 217.296, 227.0521, 236.7608, 246.5264, 256.3207, 266.0768]
growth_rate:1.01
