ticker:KURI
price:[9.760000228881836, 9.890000343322754, 9.880000114440918, 9.819999694824219, 9.779999732971191, 9.779999732971191, 9.720000267028809, 9.699999809265137, 9.819999694824219, 9.869999885559082, 9.90999984741211, 9.899999618530273, 9.899999618530273, 9.930000305175781, 9.880000114440918, 9.890000343322754, 9.890000343322754, 9.850000381469727, 9.850000381469727, 9.869999885559082, 9.859999656677246, 9.899999618530273, 9.90999984741211]
assets:[0, 99.99977147140503, 199.89907831544878, 298.68511071777345, 397.4679911477089, 497.46751041736604, 594.415924329853, 693.1930263694763, 801.7686050834656, 905.8508234968185, 1009.5217744560242, 1108.5029572868348, 1208.502853433609, 1312.1651353263856, 1405.5584562807085, 1506.98089031353, 1606.980661784935, 1700.481410856056, 1800.4815697288511, 1904.1371569218634, 2002.2080122836114, 2110.3304486841203, 2212.4619709339145]
shares:[0, 10.1112, 20.2327, 30.416, 40.6409, 50.8658, 61.1539, 71.4632, 81.6465, 91.7782, 101.869, 111.97, 122.071, 132.1415, 142.263, 152.3742, 162.4854, 172.6377, 182.79, 192.9217, 203.0637, 213.1647, 223.2555]
growth_rate:0.57
