ticker:KVHI
price:[8.4399995803833, 8.359999656677246, 8.550000190734863, 9.109999656677246, 9.3100004196167, 9.5, 9.529999732971191, 9.15999984741211, 8.6899995803833, 9.029999732971191, 9.460000038146973, 9.989999771118164, 10.399999618530273, 10.65999984741211, 10.579999923706055, 10.489999771118164, 10.430000305175781, 11.350000381469727, 11.989999771118164, 12.270000457763672, 12.829999923706055, 12.510000228881836, 14.770000457763672, 14.890000343322754, 14.1899995803833, 13.65999984741211, 13.359999656677246, 13.390000343322754, 12.760000228881836, 12.819999694824219, 12.8100004196167, 13.270000457763672, 13.770000457763672, 13.529999732971191, 13.390000343322754, 14.0, 14.489999771118164, 14.579999923706055, 14.289999961853027, 14.0, 13.670000076293945, 12.180000305175781, 12.59000015258789, 12.319999694824219, 12.539999961853027, 11.949999809265137, 12.229999542236328, 11.319999694824219, 10.899999618530273, 10.670000076293945, 10.350000381469727, 10.539999961853027]
assets:[0, 99.99980789327621, 202.2724845123291, 315.5202831091881, 422.4468550403595, 531.06805, 632.7452852705956, 708.1788242031098, 771.8422867298126, 902.0409873254775, 1044.99512021389, 1203.5412264255524, 1352.9359503746034, 1486.7597727184295, 1575.6021546380996, 1662.1992077323914, 1752.6916702827452, 2007.291832464409, 2220.4784156124115, 2372.333422505951, 2580.605656654358, 2616.241367866516, 3188.880023832321, 3314.788052429962, 3258.954767628479, 3237.2314558387757, 3266.1351480674743, 3373.469991496563, 3314.748199458122, 3430.334494342041, 3527.6589075553893, 3754.33525951004, 3995.7952568344117, 4026.15178653965, 4084.4923997273445, 4370.5676, 4623.537229967308, 4752.254747132492, 4757.731164299297, 4761.1788, 4748.951191504479, 4331.3262545234675, 4577.126030473709, 4578.9668945755, 4760.734491517735, 4636.7445209925645, 4845.387619639206, 4584.855708396912, 4514.7460519964225, 4519.48126231575, 4483.938945264435, 4666.252973111629]
shares:[0, 11.9617, 23.6576, 34.6345, 45.3756, 55.9019, 66.3951, 77.3121, 88.8196, 99.8938, 110.4646, 120.4746, 130.09, 139.4709, 148.9227, 158.4556, 168.0433, 176.8539, 185.1942, 193.3442, 201.1384, 209.132, 215.9025, 222.6184, 229.6656, 236.9862, 244.4712, 251.9395, 259.7765, 267.5768, 275.3832, 282.919, 290.1812, 297.5722, 305.0405, 312.1834, 319.0847, 325.9434, 332.9413, 340.0842, 347.3995, 355.6097, 363.5525, 371.6694, 379.6439, 388.0121, 396.1887, 405.0226, 414.1969, 423.569, 433.2308, 442.7185]
growth_rate:-8.5
