ticker:KVSA
price:[10.699999809265137, 10.430000305175781, 10.300000190734863, 10.109999656677246, 10.199999809265137, 10.449999809265137, 10.5, 10.359999656677246, 10.5, 10.199999809265137, 10.029999732971191, 10.020000457763672, 10.0600004196167, 10.229999542236328, 9.890000343322754, 9.9399995803833, 9.890000343322754, 9.890000343322754, 9.9399995803833, 9.890000343322754, 9.949999809265137, 9.869999885559082, 9.859999656677246, 9.899999618530273, 9.789999961853027, 9.829999923706055, 9.859999656677246]
assets:[0, 99.99971392593383, 198.7529236804962, 295.0866259792328, 397.7132925629616, 507.4613957377433, 609.8893499999999, 701.757368744278, 811.2405, 888.0619633936882, 973.2610240888595, 1072.2903489875794, 1176.571373076439, 1296.453979987335, 1353.3654489809037, 1460.2078063573836, 1552.8625799062727, 1652.862351377678, 1761.2188256502152, 1852.3594823030471, 1963.5976373591423, 2047.8098102560043, 2145.7350972860336, 2254.439793131256, 2329.3904939234735, 2438.907519070816, 2546.350827336693]
shares:[0, 9.5877, 19.2964, 29.1876, 38.9915, 48.5609, 58.0847, 67.7372, 77.261, 87.0649, 97.035, 107.015, 116.9554, 126.7306, 136.8418, 146.9022, 157.0134, 167.1246, 177.185, 187.2962, 197.3465, 207.4782, 217.6202, 227.7212, 237.9357, 248.1086, 258.2506]
growth_rate:-2.06
