ticker:KVSB
price:[10.0, 10.119999885559082, 10.239999771118164, 10.199999809265137, 10.239999771118164, 10.399999618530273, 10.140000343322754, 10.039999961853027, 10.010000228881836, 10.0600004196167, 10.130000114440918, 9.960000038146973, 10.0, 9.970000267028809, 9.90999984741211, 10.649999618530273, 10.600000381469727, 10.779999732971191, 10.5600004196167, 10.15999984741211, 10.199999809265137, 10.010000228881836, 9.930000305175781, 9.90999984741211, 9.90999984741211]
assets:[0, 99.99976686916351, 201.18527550315855, 300.3991743826866, 401.5769510240555, 507.85174137210845, 595.155152150917, 689.2861573810577, 787.2264580001831, 891.1591011714936, 997.3603042674065, 1080.6231521388054, 1184.963, 1281.4082423202515, 1373.6964308486938, 1576.2734285398483, 1668.873600058937, 1797.212449481678, 1860.5347939310075, 1890.0596916141512, 1997.5006426477432, 2060.2922811092376, 2143.8264928855897, 2239.508342517471, 2339.5081689777376]
shares:[0, 9.8814, 19.647, 29.4509, 39.2165, 48.8319, 58.6938, 68.654, 78.644, 88.5844, 98.4561, 108.4963, 118.4963, 128.5264, 138.6172, 148.0069, 157.4409, 166.7173, 176.187, 186.0295, 195.8334, 205.8234, 215.8939, 225.9847, 236.0755]
growth_rate:-2.52
