ticker:KVSC
price:[10.0, 9.979999542236328, 10.149999618530273, 10.109999656677246, 10.074999809265137, 10.279999732971191, 10.050000190734863, 9.989999771118164, 10.010000228881836, 9.979999542236328, 9.989999771118164, 10.0, 9.949999809265137, 9.949999809265137, 9.829999923706055, 10.029999732971191, 9.970000267028809, 9.949999809265137, 9.920000076293945, 9.859999656677246, 9.800000190734863, 9.75, 9.699999809265137, 9.720000267028809, 9.720000267028809]
assets:[0, 99.999595413208, 201.7028224193573, 300.90796378154755, 399.866667429924, 508.0026348043442, 596.6363513233184, 693.0742161209107, 794.4616861656189, 892.0802230819702, 992.9740092498779, 1093.968, 1188.4986222172738, 1288.4991053003312, 1372.9590383440018, 1500.8931720417022, 1591.9149276366234, 1688.7219276283263, 1783.6299017177582, 1872.8418587881088, 1961.445538175106, 2051.438025, 2140.917997902298, 2245.3326976840017, 2345.333032431221]
shares:[0, 10.02, 19.8722, 29.7634, 39.689, 49.4166, 59.3668, 69.3768, 79.3668, 89.3868, 99.3968, 109.3968, 119.4471, 129.4974, 139.6703, 149.6404, 159.6705, 169.7208, 179.8014, 189.9434, 200.1475, 210.4039, 220.7132, 231.0013, 241.2894]
growth_rate:-2.28
