ticker:KXIN
price:[0.44200000166893005, 0.5299999713897705, 0.46000000834465027, 0.5559999942779541, 0.5440000295639038, 0.531000018119812, 2.069999933242798, 4.949999809265137, 3.430000066757202, 3.6500000953674316, 3.109999895095825, 6.059999942779541, 7.480000019073486, 4.900000095367432, 4.03000020980835, 4.670000076293945, 3.9100000858306885, 3.7300000190734863, 4.380000114440918, 3.930000066757202, 4.070000171661377, 3.6700000762939453, 3.8299999237060547, 4.260000228881836, 4.179999828338623, 3.369999885559082, 2.990000009536743, 3.3299999237060547, 3.450000047683716, 3.180000066757202, 3.390000104904175, 2.799999952316284, 2.4800000190734863, 2.240000009536743, 2.630000114440918, 2.309999942779541, 2.1600000858306885, 2.369999885559082, 2.390000104904175, 2.369999885559082, 2.380000114440918, 2.1700000762939453, 2.3299999237060547, 2.2200000286102295, 2.140000104904175, 2.009999990463257, 1.909999966621399, 1.899999976158142, 3.1600000858306885, 2.9600000381469727, 3.509999990463257, 3.119999885559082]
assets:[0, 100.00002360184193, 186.79247938851714, 325.7752418473005, 418.74413155682083, 508.7373644601226, 2083.2133638166665, 5081.597039194393, 3621.1875844782353, 3953.450518296003, 3468.556137001276, 6858.66612123828, 8565.812529842233, 5711.294581157446, 4797.248575752545, 5659.094417452811, 4838.128145204568, 4715.40112211237, 5637.119715287018, 5157.963564616084, 5441.707852516222, 5006.896327086068, 5325.180571921921, 6023.047331607056, 6009.937709187985, 4945.332618062782, 4487.698788313723, 5098.005441199112, 5381.7175193826915, 5060.539534235048, 5494.726079035306, 4638.4166410082335, 4208.3120323657995, 3901.0561126086473, 4680.257994655132, 4210.79656269536, 4037.368480430603, 4529.890038263798, 4668.117373897481, 4729.053215646743, 4849.007473161697, 4521.1537119569775, 4954.5104397686, 4820.606630125522, 4746.89130869565, 4558.528424371385, 4431.7358685522795, 4508.5331234253645, 7598.402854384852, 7217.491229015351, 8658.578892474461, 7796.514362025548]
shares:[0, 188.6793, 406.0706, 585.9267, 769.7502, 958.0741, 1006.3833, 1026.5853, 1055.7398, 1083.1371, 1115.2914, 1131.7931, 1145.1621, 1165.5703, 1190.3842, 1211.7975, 1237.3729, 1264.1826, 1287.0136, 1312.4589, 1337.0289, 1364.2769, 1390.3866, 1413.8608, 1437.7842, 1467.4578, 1500.9026, 1530.9326, 1559.9181, 1591.3646, 1620.8631, 1656.5774, 1696.9, 1741.5429, 1779.5657, 1822.8557, 1869.152, 1911.3461, 1953.1871, 1995.3812, 2037.398, 2083.4809, 2126.3994, 2171.4444, 2218.1734, 2267.9246, 2320.2806, 2372.9122, 2404.5578, 2438.3416, 2466.8316, 2498.8829]
growth_rate:52.87
