ticker:KYMR
price:[29.549999237060547, 31.190000534057617, 30.639999389648438, 30.84000015258789, 29.309999465942383, 36.88999938964844, 38.380001068115234, 37.5, 35.9900016784668, 43.95000076293945, 46.130001068115234, 49.86000061035156, 48.029998779296875, 53.470001220703125, 61.970001220703125, 71.51000213623047, 86.0999984741211, 62.0, 77.1500015258789, 77.51000213623047, 79.16999816894531, 61.95000076293945, 77.61000061035156, 67.01000213623047, 54.68000030517578, 47.97999954223633, 48.18000030517578, 56.099998474121094, 44.65999984741211, 38.040000915527344, 38.439998626708984, 33.439998626708984, 38.65999984741211, 37.939998626708984, 45.54999923706055, 44.04999923706055, 45.52000045776367, 44.7400016784668, 48.09000015258789, 47.70000076293945, 50.54999923706055, 47.349998474121094, 44.380001068115234, 56.43000030517578, 52.77000045776367, 50.209999084472656, 58.150001525878906, 60.18000030517578, 59.5099983215332, 53.939998626708984, 53.68000030517578, 60.2599983215332]
assets:[0, 100.00137971229553, 198.23773205108643, 299.5304174819947, 384.67029499092104, 584.1531403350831, 707.746409696579, 791.52, 859.6463830913543, 1149.775969959259, 1306.8075742584228, 1512.4732025146484, 1556.9596524291994, 1833.3045438537597, 2224.7416348236084, 2667.230116678619, 3311.4145513145445, 2484.526, 3191.6338431243894, 3306.5301851303097, 3477.3442445755004, 2820.9985997417452, 3634.103800579834, 3237.7557782173158, 2741.999699303436, 2506.0193660907744, 2616.4679145729065, 3146.5703744155885, 2604.9150730998995, 2318.7853158073426, 2443.1694327163696, 2225.3784046096803, 2672.7629554508208, 2722.984053437805, 3369.160353568268, 3358.208956836319, 3570.2747479038235, 3609.095403398895, 3979.332096626282, 4047.0588647308346, 4388.862143759918, 4211.029499297333, 4046.896909398651, 5245.704613368988, 5005.472008420944, 4862.642592334748, 5731.601420399475, 6031.690980587006, 6064.538957950974, 5596.911349504852, 5669.933928234101, 6464.945711927033]
shares:[0, 3.2062, 6.4699, 9.7124, 13.1242, 15.835, 18.4405, 21.1072, 23.8857, 26.161, 28.3288, 30.3344, 32.4164, 34.2866, 35.9003, 37.2987, 38.4601, 40.073, 41.3692, 42.6594, 43.9225, 45.5367, 46.8252, 48.3175, 50.1463, 52.2305, 54.3061, 56.0886, 58.3277, 60.9565, 63.558, 66.5484, 69.1351, 71.7708, 73.9662, 76.2363, 78.4331, 80.6682, 82.7476, 84.844, 86.8222, 88.9341, 91.1874, 92.9595, 94.8545, 96.8461, 98.5658, 100.2275, 101.9079, 103.7618, 105.6247, 107.2842]
growth_rate:26.76
