ticker:KZIA
price:[7.349999904632568, 6.710000038146973, 6.800000190734863, 6.849999904632568, 6.199999809265137, 6.0, 5.760000228881836, 5.900000095367432, 5.889999866485596, 6.050000190734863, 10.050000190734863, 10.34000015258789, 10.180000305175781, 9.850000381469727, 9.930000305175781, 9.020000457763672, 9.029999732971191, 8.640000343322754, 9.989999771118164, 10.100000381469727, 10.489999771118164, 9.670000076293945, 10.149999618530273, 10.15999984741211, 11.699999809265137, 9.989999771118164, 9.479999542236328, 10.979999542236328, 11.449999809265137, 11.119999885559082, 12.479999542236328, 13.619999885559082, 11.329999923706055, 11.15999984741211, 10.739999771118164, 10.050000190734863, 9.640000343322754, 9.180000305175781, 9.510000228881836, 10.140000343322754, 10.470000267028809, 10.300000190734863, 9.970000267028809, 9.84000015258789, 9.600000381469727, 9.229999542236328, 9.710000038146973, 9.029999732971191, 8.949999809265137, 9.5, 8.920000076293945, 10.100000381469727]
assets:[0, 99.99980156850815, 201.34120564746857, 302.8213707840443, 374.08628849172595, 462.01920000000007, 543.5383895982742, 656.7496606156826, 755.6363288712502, 876.1628426222801, 1555.4435545201302, 1700.3272030918122, 1774.016735181427, 1816.509490349579, 1931.2629203529357, 1854.2793781044006, 1956.334994148636, 1971.8424783539772, 2379.942620472908, 2506.148444655418, 2702.9204770248416, 2591.634479447365, 2820.2778790048596, 2923.0563401000977, 3466.117923494911, 3059.5313359027864, 3003.3387469768527, 3578.5509428077694, 3831.7309861707686, 3821.296776673317, 4388.6492470253, 4889.535012916088, 4167.432295937347, 4204.902686507416, 4146.653767630005, 3980.248305539513, 3917.869659532547, 3830.9169433532716, 4068.629161921692, 4438.159512268353, 4682.596637425804, 4706.565517155934, 4655.7727786966325, 4695.065544805909, 4680.552185988427, 4600.155162854386, 4939.383803404999, 4693.474199207878, 4751.893208731652, 5143.90895, 4929.860150165749, 5682.016804605675]
shares:[0, 14.9031, 29.609, 44.2075, 60.3365, 77.0032, 94.3643, 111.3135, 128.2914, 144.8203, 154.7705, 164.4417, 174.2649, 184.4172, 194.4877, 205.5742, 216.6484, 228.2225, 238.2325, 248.1335, 257.6664, 268.0077, 277.8599, 287.7024, 296.2494, 306.2594, 316.8079, 325.9154, 334.649, 343.6418, 351.6546, 358.9967, 367.8228, 376.7834, 386.0944, 396.0446, 406.418, 417.3112, 427.8264, 437.6883, 447.2394, 456.9481, 466.9782, 477.1408, 487.5575, 498.3917, 508.6904, 519.7646, 530.9378, 541.4641, 552.6749, 562.5759]
growth_rate:11.41
