ticker:KZR
price:[4.639999866485596, 4.670000076293945, 5.03000020980835, 4.510000228881836, 4.769999980926514, 5.300000190734863, 5.630000114440918, 5.769999980926514, 5.119999885559082, 5.099999904632568, 5.53000020980835, 5.679999828338623, 5.940000057220459, 6.389999866485596, 5.559999942779541, 5.449999809265137, 5.570000171661377, 5.21999979019165, 5.449999809265137, 5.5, 5.619999885559082, 5.309999942779541, 5.300000190734863, 6.03000020980835, 6.039999961853027, 5.480000019073486, 5.829999923706055, 6.800000190734863, 6.400000095367432, 6.170000076293945, 5.980000019073486, 6.039999961853027, 5.739999771118164, 5.690000057220459, 5.829999923706055, 5.599999904632568, 5.239999771118164, 6.110000133514404, 5.71999979019165, 5.570000171661377, 5.639999866485596, 5.489999771118164, 5.800000190734863, 5.360000133514404, 5.769999980926514, 5.210000038146973, 5.360000133514404, 4.869999885559082, 5.849999904632568, 5.869999885559082, 5.449999809265137, 6.940000057220459]
assets:[0, 100.00011263370514, 207.70882866382598, 286.23573352642063, 402.7372993896007, 547.4857797027588, 681.5745698543549, 798.5229913603782, 808.5683019270897, 905.4096130692958, 1081.7482260415554, 1211.090131398344, 1366.5273071638585, 1570.0523611948968, 1466.1174969115257, 1537.111406205368, 1670.9560484970568, 1665.958757039833, 1839.3629456274032, 1956.2377999999999, 2098.919341259384, 2083.1427135520935, 2179.2196284251213, 2579.376005747032, 2683.6535230507848, 2534.838124822664, 2796.734915400696, 3362.058134303188, 3264.2899686417104, 3246.979816149902, 3246.99170635643, 3379.5702386555677, 3311.710661945915, 3382.8632160191532, 3566.0972683324817, 3525.410499962616, 3398.777035542297, 4063.0779907855035, 3903.7322608119484, 3901.361800235748, 4050.3912841160295, 4042.66783745842, 4370.942783739853, 4139.353903108836, 4555.983329939603, 4213.808434852982, 4435.127286476374, 4129.677112956047, 5060.700367499829, 5178.002035050202, 4907.514458250618, 6349.202016349315]
shares:[0, 21.4133, 41.294, 63.4669, 84.4313, 103.2992, 121.0612, 138.3922, 157.9235, 177.5313, 195.6145, 213.2201, 230.0551, 245.7046, 263.6902, 282.0388, 299.9921, 319.1492, 337.4978, 355.6796, 373.4732, 392.3056, 411.1735, 427.7572, 444.3135, 462.5617, 479.7144, 494.4203, 510.0453, 526.2528, 542.9752, 559.5315, 576.9531, 594.5278, 611.6805, 629.5376, 648.6216, 664.9882, 682.4707, 700.424, 718.1545, 736.3694, 753.6108, 772.2675, 789.5985, 808.7924, 827.4491, 847.983, 865.077, 882.1128, 900.4614, 914.8706]
growth_rate:24.49
