ticker:LABP
price:[11.050000190734863, 13.0, 14.5, 13.479999542236328, 12.420000076293945, 13.4399995803833, 13.699999809265137, 10.460000038146973, 9.710000038146973, 9.930000305175781, 11.510000228881836, 10.180000305175781, 11.020000457763672, 10.460000038146973, 11.649999618530273, 12.0600004196167, 10.979999542236328, 11.779999732971191, 12.09000015258789, 11.880000114440918, 12.0, 11.119999885559082, 10.989999771118164, 9.949999809265137, 11.039999961853027, 10.979999542236328, 13.079999923706055, 13.470000267028809, 13.710000038146973, 14.180000305175781, 14.029999732971191]
assets:[0, 99.99990000000001, 211.53905, 296.6583939258576, 373.33029829330445, 503.9905762646675, 613.7408114553451, 568.5930500736237, 627.8243274664878, 742.0490628051757, 960.1193300924301, 949.1761024543762, 1127.497020835495, 1170.2009982676507, 1403.3309940490722, 1552.7190240254404, 1513.6697968940734, 1723.9558409214021, 1869.3231805927276, 1936.8534426578522, 2056.4172, 2005.6131873593329, 2082.1664556360247, 1985.1284419464112, 2302.595128043747, 2390.081282355881, 2947.2012788093566, 3135.076559149647, 3290.934699156761, 3503.75329140625, 3566.6896961162565]
shares:[0, 7.6923, 14.5889, 22.0073, 30.0588, 37.4993, 44.7986, 54.3588, 64.6575, 74.728, 83.4161, 93.2393, 102.3137, 111.8739, 120.4576, 128.7495, 137.857, 146.346, 154.6173, 163.0348, 171.3681, 180.3609, 189.4601, 199.5104, 208.5684, 217.6759, 225.3212, 232.7451, 240.039, 247.0912, 254.2188]
growth_rate:18.89
