ticker:LAKE
price:[21.25, 22.0, 19.690000534057617, 18.440000534057617, 21.31999969482422, 22.860000610351562, 24.049999237060547, 24.540000915527344, 21.56999969482422, 22.860000610351562, 20.6200008392334, 20.780000686645508, 20.09000015258789, 20.399999618530273, 22.280000686645508, 23.440000534057617, 27.200000762939453, 27.25, 31.25, 28.440000534057617, 27.170000076293945, 27.799999237060547, 36.5, 40.95000076293945, 35.29999923706055, 31.389999389648438, 29.149999618530273, 30.15999984741211, 29.420000076293945, 27.270000457763672, 27.489999771118164, 28.079999923706055, 27.360000610351562, 29.06999969482422, 28.209999084472656, 26.829999923706055, 26.020000457763672, 25.739999771118164, 25.219999313354492, 25.049999237060547, 23.1299991607666, 21.649999618530273, 22.579999923706055, 22.030000686645508, 23.829999923706055, 22.860000610351562, 24.81999969482422, 26.959999084472656, 24.200000762939453, 23.709999084472656, 23.18000030517578, 24.360000610351562]
assets:[0, 100.00099999999999, 189.5005031398773, 277.4703760360718, 420.8056259765625, 551.202620716858, 679.8958834316254, 793.7487836128236, 797.6844727142334, 945.3913272415161, 952.7553867771148, 1060.1478410310744, 1124.9455855442047, 1242.3048967695236, 1456.7912128967284, 1632.6382291980742, 1994.529815945053, 2098.1955000000003, 2506.1875, 2380.8318927082064, 2374.5140056676864, 2529.571970578766, 3421.1997499999998, 3938.3048983745575, 3494.9258444641114, 3207.809956626892, 3078.8987497081757, 3285.5760953773497, 3304.960432570648, 3163.4345871025084, 3288.9558036161425, 3459.5458466003415, 3470.8404294281004, 3787.7686342361453, 3775.7109074630735, 3691.0084555042267, 3679.576732733917, 3739.980782743835, 3764.425367508888, 3839.050158075333, 3644.7998247545243, 3511.58230812645, 3762.426357287407, 3770.7826915302276, 4178.881212620926, 4108.781071702576, 4561.064617919159, 5054.323132361603, 4636.891966184616, 4643.003457717133, 4639.217445077515, 4975.381528660583]
shares:[0, 4.5455, 9.6242, 15.0472, 19.7376, 24.1121, 28.2701, 32.3451, 36.9812, 41.3557, 46.2054, 51.0177, 55.9953, 60.8973, 65.3856, 69.6518, 73.3283, 76.998, 80.198, 83.7142, 87.3947, 90.9918, 93.7315, 96.1735, 99.0064, 102.1921, 105.6226, 108.9382, 112.3372, 116.0042, 119.6419, 123.2032, 126.8582, 130.2982, 133.843, 137.5702, 141.4134, 145.2984, 149.2635, 153.2555, 157.5789, 162.1978, 166.6265, 171.1658, 175.3622, 179.7367, 183.7657, 187.4749, 191.6071, 195.8247, 200.1388, 204.2439]
growth_rate:-2.44
