ticker:LAMR
price:[67.22000122070312, 62.93000030517578, 68.44000244140625, 66.61000061035156, 69.61000061035156, 70.26000213623047, 65.5999984741211, 69.44999694824219, 61.959999084472656, 73.80000305175781, 76.66999816894531, 76.2300033569336, 79.69999694824219, 80.94000244140625, 78.69999694824219, 83.30999755859375, 81.38999938964844, 83.22000122070312, 82.94000244140625, 83.1500015258789, 83.66999816894531, 80.77999877929688, 87.5, 86.22000122070312, 85.33000183105469, 86.58999633789062, 93.12000274658203, 95.66000366210938, 93.33999633789062, 94.73999786376953, 95.25, 95.37000274658203, 96.79000091552734, 98.72000122070312, 99.04000091552734, 105.9800033569336, 102.27999877929688, 103.16000366210938, 104.81999969482422, 103.0999984741211, 107.31999969482422, 101.5999984741211, 105.70999908447266, 105.12000274658203, 108.3499984741211, 103.76000213623047, 104.0199966430664, 106.5999984741211, 110.7699966430664, 109.31999969482422, 109.33999633789062, 113.41000366210938]
assets:[0, 100.00206348495483, 208.75569544677734, 303.1754177780151, 416.83164465484623, 520.7249798324585, 586.1884663650513, 720.5923333358764, 742.8756050231933, 984.8315207244873, 1123.131136177063, 1216.68421457901, 1372.0673274627684, 1493.4158910461426, 1552.0819898147581, 1742.9951069213869, 1802.829181480408, 1943.3617905059814, 2036.8239919555665, 2141.977299307251, 2255.3750026428224, 2277.4708955841065, 2566.935, 2629.382401226807, 2702.239030986023, 2842.1434497985842, 3156.4794211006165, 3342.580545962525, 3361.5186261138915, 3511.9359288116457, 3630.8442750000004, 3735.414119577026, 3891.035468804932, 4068.6263863098143, 4181.815478656769, 4574.849402909088, 4515.130090112304, 4653.981037213134, 4828.868709941101, 4849.628038225555, 5148.129653360748, 4973.746645301819, 5274.950096315002, 5345.509819667816, 5609.756160998535, 5472.1157446609495, 5585.8322117340085, 5824.378736629486, 6152.2209985542295, 6171.68244677124, 6272.813721905517, 6606.314169323731]
shares:[0, 1.5891, 3.0502, 4.5515, 5.9881, 7.4114, 8.9358, 10.3757, 11.9896, 13.3446, 14.6489, 15.9607, 17.2154, 18.4509, 19.7215, 20.9218, 22.1505, 23.3521, 24.5578, 25.7604, 26.9556, 28.1935, 29.3364, 30.4962, 31.6681, 32.823, 33.8969, 34.9423, 36.0137, 37.0692, 38.1191, 39.1676, 40.2008, 41.2138, 42.2235, 43.1671, 44.1448, 45.1142, 46.0682, 47.0381, 47.9699, 48.9542, 49.9002, 50.8515, 51.7744, 52.7382, 53.6996, 54.6377, 55.5405, 56.4552, 57.3698, 58.2516]
growth_rate:29.54
