ticker:LANC
price:[180.14999389648438, 173.66000366210938, 179.4199981689453, 179.97000122070312, 176.75999450683594, 176.88999938964844, 174.61000061035156, 183.0, 166.13999938964844, 168.61000061035156, 174.9199981689453, 173.0, 170.75, 171.66000366210938, 172.61000061035156, 171.0, 174.3000030517578, 183.72999572753906, 180.0399932861328, 174.27000427246094, 174.4600067138672, 174.5800018310547, 180.5399932861328, 184.85000610351562, 178.47000122070312, 174.6699981689453, 180.3800048828125, 185.49000549316406, 184.77999877929688, 183.67999267578125, 177.85000610351562, 178.85000610351562, 180.4600067138672, 185.77000427246094, 184.7100067138672, 189.02000427246094, 190.02000427246094, 186.99000549316406, 186.6699981689453, 192.7899932861328, 197.11000061035156, 191.24000549316406, 195.58999633789062, 194.0, 196.0399932861328, 200.0800018310547, 198.08999633789062, 197.8699951171875, 189.22000122070312, 191.50999450683594, 186.4600067138672, 179.8300018310547]
assets:[0, 99.99343010864257, 203.3187419250488, 303.93333806152344, 398.5054076156616, 498.79442027893066, 592.3644270706177, 720.8186999999999, 754.4085092285156, 865.6268821334838, 998.0235415527343, 1087.0628, 1172.932975, 1279.1760152893066, 1386.2481759017944, 1473.3189, 1601.7473080444336, 1788.4094054122925, 1852.4855029190064, 1893.1124834121704, 1995.1769747817991, 2096.5486999893187, 2268.1239356536867, 2422.2744799804686, 2438.6676376800538, 2486.741829931641, 2668.036728222656, 2843.617431211853, 2932.7357506256103, 3015.2723917663575, 3019.572973626709, 3136.5462120391844, 3264.774165463257, 3460.8394485946656, 3541.0940097122193, 3723.7129861679077, 3843.420614416504, 3882.1369020446773, 3975.492284004212, 4205.829377532959, 4400.066832624817, 4369.030917495727, 4568.415103463745, 4631.2844, 4779.984344297791, 4978.490645561218, 5028.97016402893, 5123.388422570801, 4999.419496252442, 5159.930385995483, 5123.865046495056, 5041.677965335082]
shares:[0, 0.5758, 1.1332, 1.6888, 2.2545, 2.8198, 3.3925, 3.9389, 4.5408, 5.1339, 5.7056, 6.2836, 6.8693, 7.4518, 8.0311, 8.6159, 9.1896, 9.7339, 10.2893, 10.8631, 11.4363, 12.0091, 12.563, 13.104, 13.6643, 14.2368, 14.7912, 15.3303, 15.8715, 16.4159, 16.9782, 17.5373, 18.0914, 18.6297, 19.1711, 19.7001, 20.2264, 20.7612, 21.2969, 21.8156, 22.3229, 22.8458, 23.3571, 23.8726, 24.3827, 24.8825, 25.3873, 25.8927, 26.4212, 26.9434, 27.4797, 28.0358]
growth_rate:-1.14
