ticker:LANDO
price:[24.540000915527344, 24.979999542236328, 24.459999084472656, 24.280000686645508, 24.809999465942383, 24.90999984741211, 24.729999542236328, 24.59000015258789, 24.81999969482422, 24.860000610351562, 25.049999237060547, 25.209999084472656, 25.200000762939453, 25.399999618530273, 25.200000762939453, 25.35099983215332, 25.360000610351562, 25.3700008392334, 25.350000381469727, 25.299999237060547, 25.6200008392334, 25.5, 25.53499984741211, 25.549999237060547, 25.809999465942383, 25.670000076293945, 25.70800018310547, 25.860000610351562, 25.6299991607666, 25.618000030517578, 25.674999237060547, 26.100000381469727, 25.937999725341797, 25.950000762939453, 25.850000381469727, 25.834999084472656, 25.860000610351562, 25.739999771118164, 25.670000076293945, 25.684999465942383, 25.709999084472656, 25.969999313354492, 25.93000030517578, 25.670000076293945, 25.450000762939453, 25.440000534057617]
assets:[0, 99.99993416748046, 197.9180825920105, 296.4612363840103, 402.9317583265305, 504.5570289093017, 600.9117858768464, 697.510108328247, 804.0339621139526, 905.3291282272338, 1012.2479241703033, 1118.7138773727418, 1218.2713568836211, 1327.9399200563432, 1417.4849229148865, 1525.978083896637, 1626.5194311462403, 1727.1617501340868, 1825.8008224748612, 1922.200332034683, 2046.512857037544, 2136.92805, 2239.861242115402, 2341.177090090943, 2465.0020659944535, 2551.6313785837174, 2655.407617713165, 2771.108531404114, 2846.4625807949064, 2945.1298229084014, 3051.681626818466, 3202.19599680233, 3282.3189876434326, 3383.838579486084, 3470.7994162187574, 3568.78476953125, 3672.2390426727297, 3755.1982706085205, 3844.9860954277037, 3947.232190426827, 4051.073135742188, 4192.040931162644, 4285.583393437958, 4342.611881906701, 4405.395132064819, 4503.663646544647]
shares:[0, 4.0032, 8.0915, 12.2101, 16.2407, 20.2552, 24.2989, 28.3656, 32.3946, 36.4171, 40.4091, 44.3758, 48.3441, 52.2811, 56.2494, 60.194, 64.1372, 68.0789, 72.0237, 75.9763, 79.8795, 83.8011, 87.7173, 91.6312, 95.5057, 99.4013, 103.2911, 107.1581, 111.0598, 114.9633, 118.8581, 122.6895, 126.5448, 130.3984, 134.2669, 138.1376, 142.0046, 145.8896, 149.7852, 153.6785, 157.568, 161.4186, 165.2751, 169.1707, 173.1, 177.0308]
growth_rate:0.08
