ticker:LANDM
price:[25.25, 25.889999389648438, 25.989999771118164, 25.989999771118164, 25.700000762939453, 25.950000762939453, 25.649999618530273, 25.860000610351562, 25.690000534057617, 25.760000228881836, 25.670000076293945, 25.642000198364258, 25.739999771118164, 25.871999740600586, 25.959999084472656, 26.020000457763672, 25.639999389648438, 25.56999969482422, 25.579999923706055, 25.600000381469727, 25.549999237060547, 25.64699935913086, 25.663000106811523, 25.700000762939453, 26.0, 25.899999618530273, 25.799999237060547, 25.760000228881836, 25.950000762939453, 26.174999237060547, 26.0, 25.90999984741211, 25.809999465942383, 25.899999618530273, 25.899999618530273]
assets:[0, 100.00012264251708, 200.38549723529815, 300.38462035465244, 397.03417178649903, 500.89729472656245, 595.1056411495209, 699.9784965209961, 795.3778305347442, 897.5453839748382, 994.4095969554901, 1093.326168657875, 1197.5045833517074, 1303.6460845293045, 1408.0807343414308, 1511.335298588562, 1589.264594168091, 1684.924901890564, 1785.583756674385, 1886.9785881181717, 1983.2931407775877, 2090.822893454361, 2192.1283365238187, 2295.2901981388095, 2422.0846, 2512.768752990532, 2603.0677030239103, 2699.032359981346, 2818.940797877884, 2943.381281707382, 3023.7038000000002, 3113.23675966568, 3201.2219767606734, 3312.384621213341, 3412.3845197404858]
shares:[0, 3.8625, 7.7101, 11.5577, 15.4488, 19.3024, 23.201, 27.068, 30.9606, 34.8426, 38.7382, 42.6381, 46.5231, 50.3883, 54.2404, 58.0836, 61.9838, 65.8946, 69.8039, 73.7101, 77.624, 81.5231, 85.4198, 89.3109, 93.1571, 97.0181, 100.8941, 104.7761, 108.6297, 112.4501, 116.2963, 120.1558, 124.0303, 127.8913, 131.7523]
growth_rate:0.36
