ticker:LAND
price:[15.300000190734863, 15.010000228881836, 15.359999656677246, 14.899999618530273, 15.5, 14.40999984741211, 14.25, 14.420000076293945, 13.869999885559082, 13.859999656677246, 14.270000457763672, 15.029999732971191, 14.9399995803833, 14.869999885559082, 14.789999961853027, 14.779999732971191, 14.3100004196167, 14.640000343322754, 14.600000381469727, 15.489999771118164, 16.434999465942383, 15.739999771118164, 16.959999084472656, 18.600000381469727, 18.15999984741211, 17.889999389648438, 18.329999923706055, 19.309999465942383, 18.15999984741211, 18.31999969482422, 18.559999465942383, 18.920000076293945, 21.100000381469727, 21.139999389648438, 20.989999771118164, 22.290000915527344, 24.020000457763672, 24.329999923706055, 23.1299991607666, 23.93000030517578, 24.829999923706055, 24.329999923706055, 25.1200008392334, 23.770000457763672, 23.3799991607666, 23.950000762939453, 23.68000030517578, 23.31999969482422, 23.780000686645508, 23.860000610351562, 23.31999969482422, 23.489999771118164]
assets:[0, 99.99962352485657, 202.33113147754668, 296.27159241485595, 408.2018, 479.4956269226074, 574.170975, 681.0205536031723, 755.0453447701454, 854.5008568333625, 979.7782314300537, 1131.9603818891526, 1225.1815575885773, 1319.440368845463, 1412.341466357231, 1511.3865146939277, 1563.3246158418656, 1699.3761038520813, 1794.732786892891, 2004.1379933866501, 2226.4050031526563, 2232.254637539864, 2505.275096761322, 2847.5298584003444, 2880.1687117996216, 2937.346476786804, 3109.589171057129, 3375.841691634178, 3274.79458848381, 3403.647095301819, 3548.235737900734, 3717.0591629888536, 4245.345396752166, 4353.393898309327, 4422.504793775558, 4796.409206005096, 5268.67420640831, 5436.672297951698, 5268.52576584034, 5550.750224787903, 5859.512497995758, 5841.521063682175, 6131.1968608369825, 5901.694154655075, 5904.864278042793, 6148.825000873948, 6179.506831638337, 6185.562291053009, 6407.575879018211, 6529.131691018676, 6481.364827182007, 6628.612498412132]
shares:[0, 6.6622, 13.1726, 19.884, 26.3356, 33.2752, 40.2927, 47.2275, 54.4373, 61.6523, 68.66, 75.3134, 82.0068, 88.7317, 95.493, 102.2589, 109.247, 116.0776, 122.9269, 129.3827, 135.4673, 141.8205, 147.7167, 153.093, 158.5996, 164.1893, 169.6448, 174.8235, 180.3301, 185.7886, 191.1765, 196.4619, 201.2012, 205.9316, 210.6958, 215.1821, 219.3453, 223.4555, 227.7789, 231.9578, 235.9852, 240.0954, 244.0763, 248.2833, 252.5605, 256.7359, 260.9589, 265.2471, 269.4523, 273.6434, 277.9316, 282.1887]
growth_rate:29.97
