ticker:LARK
price:[22.920000076293945, 23.489999771118164, 22.0, 20.639999389648438, 20.760000228881836, 22.780000686645508, 22.899999618530273, 22.510000228881836, 23.450000762939453, 23.8700008392334, 24.709999084472656, 25.010000228881836, 25.309999465942383, 23.479999542236328, 23.68000030517578, 25.399999618530273, 23.6299991607666, 22.850000381469727, 24.200000762939453, 24.889999389648438, 24.0, 23.610000610351562, 25.440000534057617, 25.59000015258789, 25.959999084472656, 24.479999542236328, 27.450000762939453, 27.739999771118164, 28.5, 27.56999969482422, 26.940000534057617, 25.709999084472656, 26.149999618530273, 25.420000076293945, 24.049999237060547, 23.950000762939453, 25.75, 26.3799991607666, 25.889999389648438, 26.56999969482422, 26.729999542236328, 27.75, 27.200000762939453, 27.040000915527344, 27.219999313354492, 27.56999969482422, 27.889999389648438, 27.75, 27.799999237060547, 27.5, 27.6200008392334, 27.6200008392334]
assets:[0, 99.99927802562715, 193.6572, 281.686455670166, 383.3251002262116, 520.623247692871, 623.3654696159363, 712.7498942472457, 842.5139724109649, 957.6047586679458, 1091.3022835662841, 1204.55163902359, 1319.0002501682281, 1323.630970194626, 1434.90619449234, 1639.1305553827287, 1624.9074402904512, 1671.2718779010775, 1870.011498954773, 2023.330451383972, 2050.9824, 2117.6541457443236, 2381.792066000557, 2495.8362178821562, 2631.9233551803586, 2581.876175720215, 2995.1189932456973, 3126.761232201195, 3312.42675, 3304.336145423889, 3328.830389990616, 3276.8447943122865, 3432.924879921341, 3437.0915923158645, 3351.8507986690524, 3437.9148345165254, 3796.29675, 3989.178197091293, 4015.080652345276, 4220.535514524078, 4345.950435573578, 4611.78915, 4620.385249598312, 4693.205870903778, 4824.448180299569, 4986.481078804016, 5144.357800419616, 5218.534575, 5327.936573780823, 5370.442, 5493.877794931412, 5593.878769969941]
shares:[0, 4.2571, 8.8026, 13.6476, 18.4646, 22.8544, 27.2212, 31.6637, 35.9281, 40.1175, 44.1644, 48.1628, 52.1138, 56.3727, 60.5957, 64.5327, 68.7646, 73.141, 77.2732, 81.2909, 85.4576, 89.6931, 93.6239, 97.5317, 101.3838, 105.4688, 109.1118, 112.7167, 116.2255, 119.8526, 123.5646, 127.4541, 131.2782, 135.2121, 139.3701, 143.5455, 147.429, 151.2198, 155.0823, 158.8459, 162.587, 166.1906, 169.8671, 173.5653, 177.2391, 180.8662, 184.4517, 188.0553, 191.6524, 195.2888, 198.9094, 202.53]
growth_rate:9.68
