ticker:LASR
price:[21.600000381469727, 19.959999084472656, 24.0, 23.5, 22.489999771118164, 23.5, 22.360000610351562, 23.155000686645508, 21.239999771118164, 31.489999771118164, 27.93000030517578, 31.450000762939453, 29.510000228881836, 34.0, 33.349998474121094, 35.16999816894531, 34.310001373291016, 32.650001525878906, 35.209999084472656, 34.130001068115234, 35.97999954223633, 31.68000030517578, 33.810001373291016, 40.7400016784668, 44.91999816894531, 38.119998931884766, 33.75, 35.0099983215332, 35.65999984741211, 32.20000076293945, 33.20000076293945, 32.97999954223633, 30.969999313354492, 30.790000915527344, 29.34000015258789, 27.020000457763672, 26.360000610351562, 27.790000915527344, 29.31999969482422, 28.450000762939453, 28.079999923706055, 29.950000762939453, 32.63999938964844, 36.72999954223633, 33.4900016784668, 30.920000076293945, 32.81999969482422, 34.689998626708984, 29.920000076293945, 26.469999313354492, 26.770000457763672, 27.75]
assets:[0, 99.999595413208, 220.2408, 315.652, 402.085211907959, 520.1419500000001, 594.9101762390137, 716.0614497343064, 756.8406638442993, 1222.0765071174621, 1183.9191969360352, 1433.1293597660065, 1444.7269832054137, 1764.5456000000001, 1830.8115312339783, 2030.7227282745362, 2081.066271296692, 2080.3797372253416, 2343.4965560646056, 2371.615275220871, 2600.1666269187926, 2389.419671017456, 2650.0718606403348, 3293.2547016803737, 3731.1493799087525, 3266.327356478119, 2991.8835, 3203.5793934123994, 3363.0589256095886, 3136.7501943214415, 3334.163196619415, 3412.0678786403655, 3304.114898743439, 3384.9110666488646, 3325.504175294876, 3162.547847578812, 3185.297661753845, 3458.0960069252014, 3748.4827969841003, 3737.254690221405, 3788.651869706154, 4140.9589854858405, 4612.883817741394, 5290.908685059738, 4924.192349792862, 4646.314399464607, 5031.82450921173, 5418.525750494003, 4773.457756171989, 4323.043229858017, 4472.038333471299, 4735.751175]
shares:[0, 5.01, 9.1767, 13.432, 17.8784, 22.1337, 26.606, 30.9247, 35.6328, 38.8084, 42.3888, 45.5685, 48.9572, 51.8984, 54.8969, 57.7402, 60.6548, 63.7176, 66.5577, 69.4877, 72.267, 75.4236, 78.3813, 80.8359, 83.0621, 85.6854, 88.6484, 91.5047, 94.309, 97.4146, 100.4266, 103.4587, 106.6876, 109.9354, 113.3437, 117.0447, 120.8383, 124.4367, 127.8473, 131.3622, 134.9235, 138.2624, 141.3261, 144.0487, 147.0347, 150.2689, 153.3158, 156.1985, 159.5407, 163.3186, 167.0541, 170.6577]
growth_rate:-7.14
