ticker:LATNU
price:[10.100000381469727, 10.142999649047852, 10.399999618530273, 10.520000457763672, 10.600000381469727, 10.699999809265137, 10.699999809265137, 10.699999809265137, 10.199999809265137, 10.260000228881836, 10.260000228881836, 10.390000343322754, 10.569999694824219, 10.569999694824219, 10.843000411987305, 10.708000183105469, 10.625, 10.625, 11.0, 11.1899995803833, 11.40999984741211, 11.020000457763672, 11.020000457763672, 12.670000076293945, 12.670000076293945, 11.800000190734863, 10.75, 10.75, 10.539999961853027, 10.449999809265137, 10.729999542236328, 10.680000305175781, 10.75, 10.569999694824219, 10.609999656677246, 10.699999809265137, 10.649999618530273, 10.779999732971191, 10.800000190734863, 10.800000190734863, 10.90999984741211, 10.90999984741211, 10.899999618530273, 10.930999755859375, 10.930999755859375, 11.029999732971191, 11.029999732971191, 10.895000457763672, 10.850000381469727, 10.859999656677246, 11.248000144958496, 10.902000427246094]
assets:[0, 99.99983353996276, 202.53375257110594, 304.870665266037, 407.1894746538162, 511.030920890522, 611.0309791079521, 711.0310373253822, 777.8050654554366, 882.3805396842956, 982.3806579151153, 1094.8275841770171, 1213.7942879554748, 1313.7938840682984, 1447.72597030735, 1529.7010033576964, 1617.8443125, 1717.8446875, 1878.4744, 2010.9212545919418, 2150.4563632415775, 2176.9526024291995, 2276.95249458313, 2717.87592536602, 2817.876434968185, 2724.3840440368654, 2581.959725, 2681.95945, 2729.568032120991, 2806.2607137797354, 2981.4526948051453, 3067.559883654022, 3187.66525, 3234.2898956199647, 3346.529699711609, 3474.916958057213, 3558.6792675325396, 3702.118174295711, 3808.987267269135, 3908.987709035206, 4048.80131537323, 4148.801282974625, 4244.998311436844, 4357.071361386108, 4457.071426452637, 4597.438454699135, 4697.438638278199, 4739.9451246532435, 4820.367644476891, 4924.810020309448, 5200.761447824764, 5140.780520865631]
shares:[0, 9.859, 19.4744, 28.9801, 38.4141, 47.7599, 57.1057, 66.4515, 76.2554, 86.002, 95.7486, 105.3732, 114.8339, 124.2946, 133.5171, 142.8559, 152.2677, 161.6795, 170.7704, 179.707, 188.4712, 197.5456, 206.62, 214.5127, 222.4054, 230.88, 240.1823, 249.4846, 258.9723, 268.5417, 277.8614, 287.2247, 296.527, 305.9877, 315.4128, 324.7586, 334.1483, 343.4247, 352.684, 361.9433, 371.1092, 380.2751, 389.4494, 398.5977, 407.746, 416.8122, 425.8784, 435.0569, 444.2735, 453.4816, 462.3721, 471.5447]
growth_rate:0.8
