ticker:LATN
price:[9.890000343322754, 9.963000297546387, 10.010000228881836, 9.920000076293945, 9.9399995803833, 9.920000076293945, 9.9399995803833, 9.930000305175781, 9.90999984741211, 9.9399995803833, 9.930000305175781, 10.0, 10.029999732971191, 10.130000114440918, 10.069999694824219, 10.140000343322754, 10.130000114440918, 10.399999618530273, 10.229999542236328, 10.420000076293945, 10.229999542236328, 10.1899995803833, 10.390000343322754, 10.5, 10.527999877929688, 10.289999961853027, 10.079999923706055, 10.050000190734863, 10.010000228881836, 10.039999961853027, 10.0600004196167, 10.069999694824219, 10.0600004196167, 10.0600004196167, 10.069999694824219, 10.050000190734863, 10.079999923706055, 10.100000381469727, 10.100000381469727, 10.09000015258789, 10.100000381469727, 10.130000114440918, 10.100000381469727, 10.09000015258789, 10.100000381469727, 10.119999885559082, 10.100000381469727, 10.100000381469727, 10.109999656677246, 10.119999885559082, 10.119999885559082, 10.130000114440918]
assets:[0, 99.99963028650285, 200.47127558383943, 298.6683862970352, 399.2708971447945, 498.46710783367155, 599.4724286932945, 698.8694494781494, 797.4616517211914, 899.8761140117646, 998.9709397010803, 1106.013, 1209.3311098039626, 1321.388617928028, 1413.562109161377, 1523.3880215792656, 1621.885954322815, 1765.114975255966, 1836.2624118324281, 1970.3667884267807, 2034.4389859645844, 2126.4837584329607, 2268.2201949501036, 2392.2338999999997, 2498.613369429016, 2542.1290555758474, 2590.2485083948136, 2682.5390159108165, 2771.8621563795086, 2880.169769056797, 2985.9077185463907, 3088.875734390259, 3185.8089808845516, 3285.8094090557097, 3389.075516292572, 3482.344161089992, 3592.738772807121, 3699.8674897413257, 3799.867593518257, 3896.1052359195705, 3999.9667810758588, 4111.8480864524845, 4199.671058618545, 4295.512846959687, 4399.770246176147, 4508.482213016319, 4599.572493722534, 4699.572597499466, 4804.225330854607, 4908.977160487366, 5008.976927356529, 5113.926944773198]
shares:[0, 10.0371, 20.0271, 30.1077, 40.1681, 50.2487, 60.3091, 70.3796, 80.4704, 90.5308, 100.6013, 110.6013, 120.5714, 130.4431, 140.3736, 150.2355, 160.1072, 169.7226, 179.4978, 189.0947, 198.8699, 208.6834, 218.308, 227.8318, 237.3303, 247.0485, 256.9691, 266.9193, 276.9093, 286.8695, 296.8099, 306.7404, 316.6808, 326.6212, 336.5517, 346.5019, 356.4225, 366.3235, 376.2245, 386.1353, 396.0363, 405.908, 415.809, 425.7198, 435.6208, 445.5022, 455.4032, 465.3042, 475.1954, 485.0768, 494.9582, 504.8299]
growth_rate:0.27
