ticker:LAUR
price:[12.3100004196167, 13.289999961853027, 12.989999771118164, 12.930000305175781, 13.470000267028809, 13.619999885559082, 13.59000015258789, 13.8100004196167, 13.0, 14.029999732971191, 14.220000267028809, 14.130000114440918, 14.569999694824219, 14.640000343322754, 15.199999809265137, 15.0600004196167, 14.960000038146973, 14.5600004196167, 14.369999885559082, 14.210000038146973, 13.84000015258789, 13.010000228881836, 13.979999542236328, 14.5600004196167, 14.600000381469727, 13.75, 13.930000305175781, 14.5600004196167, 14.154999732971191, 13.960000038146973, 13.960000038146973, 13.180000305175781, 13.420000076293945, 12.470000267028809, 13.75, 13.970000267028809, 14.5600004196167, 14.319999694824219, 14.609999656677246, 15.3100004196167, 15.430000305175781, 14.890000343322754, 15.0, 14.789999961853027, 14.619999885559082, 14.479999542236328, 14.529999732971191, 14.8100004196167, 15.619999885559082, 16.100000381469727, 15.619999885559082, 15.989999771118164]
assets:[0, 100.0006047129631, 197.74286951580046, 296.83013800582887, 409.2266901124954, 513.7831696829796, 612.65215587883, 722.5696039552689, 780.1885, 942.003645071125, 1054.7599878067017, 1148.083704298496, 1283.8340661094667, 1390.0021525969505, 1543.1708606357574, 1628.9574153876306, 1718.1410443811417, 1772.2010270745277, 1849.0741052742003, 1928.4859981770517, 1978.2716298107148, 1959.6325854753495, 2205.739163774872, 2397.250197088337, 2503.8358254203795, 2458.0641250000003, 2590.2431597465516, 2807.389392908478, 2829.298515626335, 2890.3216838980675, 2990.3213521713255, 2923.2410336860657, 3076.471943490028, 2958.6883783564567, 3362.3865, 3516.184805209923, 3764.684668497562, 3802.6286629615784, 3979.636799481869, 4270.311247040749, 4403.782264098359, 4349.663922291375, 4481.7975, 4519.0519503442765, 4567.108138250065, 4623.374077838897, 4739.338645901585, 4930.668262702274, 5300.339247166729, 5563.218281813622, 5497.357429723263, 5727.576344015121]
shares:[0, 7.5245, 15.2227, 22.9567, 30.3806, 37.7227, 45.0811, 52.3222, 60.0145, 67.1421, 74.1744, 81.2515, 88.1149, 94.9455, 101.5244, 108.1645, 114.849, 121.7171, 128.676, 135.7133, 142.9387, 150.6251, 157.7782, 164.6463, 171.4956, 178.7683, 185.9471, 192.8152, 199.8798, 207.0431, 214.2064, 221.7937, 229.2453, 237.2645, 244.5372, 251.6954, 258.5635, 265.5467, 272.3913, 278.923, 285.4039, 292.1198, 298.7865, 305.5478, 312.3877, 319.2938, 326.1761, 332.9283, 339.3303, 345.5415, 351.9435, 358.1974]
growth_rate:12.31
