ticker:LAWS
price:[41.25, 40.5, 42.380001068115234, 40.52000045776367, 43.5, 44.54999923706055, 45.81999969482422, 46.560001373291016, 41.209999084472656, 42.70000076293945, 46.66999816894531, 48.689998626708984, 48.70000076293945, 50.63999938964844, 50.099998474121094, 51.790000915527344, 52.5, 50.90999984741211, 49.2400016784668, 48.040000915527344, 51.619998931884766, 49.59000015258789, 50.470001220703125, 51.5, 50.84000015258789, 53.0, 54.279998779296875, 60.08000183105469, 56.16999816894531, 51.849998474121094, 51.779998779296875, 51.349998474121094, 50.2599983215332, 52.0, 52.43000030517578, 55.38999938964844, 54.529998779296875, 59.0, 60.5, 58.5099983215332, 59.599998474121094, 54.88999938964844, 52.689998626708984, 52.77000045776367, 53.36000061035156, 52.25, 53.16999816894531, 52.4900016784668, 52.79999923706055, 53.0, 52.849998474121094, 53.13999938964844]
assets:[0, 99.99855000000001, 204.64031115760804, 295.6582353401184, 417.40425, 527.4809009666443, 642.5201097206116, 752.8985022068024, 766.3864739738465, 894.0953159751892, 1077.222896736145, 1223.8474604816438, 1324.0994507434846, 1476.8446861999512, 1561.0959124542237, 1713.7570252952576, 1837.25325, 1881.6132303604127, 1919.8922854442594, 1973.1037216026305, 2220.1400200611115, 2232.829428870392, 2372.453441381836, 2520.86835, 2588.5643637691496, 2798.5431, 2966.130533294678, 3383.0688551055905, 3262.8983426345826, 3111.9487634193424, 3207.745034378052, 3281.1057175010683, 3311.46040541153, 3526.1044, 3655.2623312759397, 3961.6256923461915, 4000.1189494537357, 4428.020799999999, 4640.59805, 4587.956200386047, 4773.42943779068, 4496.199031004333, 4415.990936903381, 4522.695105233001, 4673.2635174545285, 4676.05105, 4858.387314688111, 4896.25160956688, 5025.166007388305, 5144.2012, 5229.639474010468, 5358.334640455628]
shares:[0, 2.4691, 4.8287, 7.2966, 9.5955, 11.8402, 14.0227, 16.1705, 18.5971, 20.939, 23.0817, 25.1355, 27.1889, 29.1636, 31.1596, 33.0905, 34.9953, 36.9596, 38.9905, 41.0721, 43.0093, 45.0258, 47.0072, 48.9489, 50.9159, 52.8027, 54.645, 56.3094, 58.0897, 60.0183, 61.9495, 63.8969, 65.8866, 67.8097, 69.717, 71.5224, 73.3563, 75.0512, 76.7041, 78.4132, 80.0911, 81.9129, 83.8108, 85.7058, 87.5799, 89.4938, 91.3746, 93.2797, 95.1736, 97.0604, 98.9525, 100.8343]
growth_rate:5.07
