ticker:LAZR
price:[11.899999618530273, 12.579999923706055, 12.119999885559082, 11.390000343322754, 10.880000114440918, 10.550000190734863, 10.569999694824219, 10.210000038146973, 10.199999809265137, 10.279999732971191, 10.15999984741211, 12.75, 15.390000343322754, 31.399999618530273, 28.1200008392334, 27.6200008392334, 33.060001373291016, 34.0, 32.9900016784668, 30.540000915527344, 34.0, 32.70000076293945, 33.349998474121094, 37.72999954223633, 33.689998626708984, 27.1299991607666, 22.93000030517578, 27.459999084472656, 30.65999984741211, 24.700000762939453, 24.43000030517578, 21.6200008392334, 17.670000076293945, 22.18000030517578, 22.75, 20.84000015258789, 21.149999618530273, 21.40999984741211, 20.510000228881836, 23.950000762939453, 23.56999969482422, 23.40999984741211, 24.270000457763672, 20.989999771118164, 20.149999618530273, 18.139999389648438, 17.540000915527344, 18.399999618530273, 18.079999923706055, 17.219999313354492, 15.720000267028809, 17.139999389648438]
assets:[0, 99.9996773935318, 196.34278614606856, 284.5165135760308, 371.77721991052624, 460.5011783254623, 561.3737407920838, 642.2539263996124, 741.6246461319923, 847.4410299872399, 937.5485299194337, 1276.549125, 1640.8695246047976, 3447.8424181131363, 3187.686107135582, 3231.0070321741105, 3967.3819948024748, 4180.187800000001, 4156.011132449722, 3947.3653603340144, 4494.579, 4422.727423188781, 4610.640624047089, 5316.17580050087, 4846.936305426407, 4003.1588871671674, 3483.4293403610227, 4271.608807582856, 4869.393581766129, 4022.8323142581944, 4078.857280952454, 3709.6959500009534, 3131.929765522766, 4031.30821146698, 4234.90795, 3979.362601136398, 4138.555785355377, 4289.431380429459, 4209.119674971771, 5015.087049758148, 5035.515947801971, 5101.333932749176, 5388.738584638596, 4760.471077090263, 4669.961896590614, 4304.124819180298, 4261.7624284492495, 4570.719985239602, 4591.2297566259385, 4472.8414396459575, 4183.220975058556, 4661.09428401947]
shares:[0, 7.9491, 16.1999, 24.9795, 34.1707, 43.6494, 53.1101, 62.9044, 72.7083, 82.4359, 92.2784, 100.1215, 106.6192, 109.8039, 113.3601, 116.9807, 120.0055, 122.9467, 125.9779, 129.2523, 132.1935, 135.2516, 138.2501, 140.9005, 143.8687, 147.5547, 151.9158, 155.5575, 158.8191, 162.8677, 166.961, 171.5863, 177.2456, 181.7542, 186.1498, 190.9483, 195.6764, 200.3471, 205.2228, 209.3982, 213.6409, 217.9126, 222.0329, 226.7971, 231.7599, 237.2726, 242.9739, 248.4087, 253.9397, 259.7469, 266.1082, 271.9425]
growth_rate:-8.61
