ticker:LAZY
price:[12.960000038146973, 13.390000343322754, 13.180000305175781, 11.789999961853027, 12.460000038146973, 13.779999732971191, 17.190000534057617, 15.220000267028809, 13.880000114440918, 15.75, 14.710000038146973, 13.569999694824219, 16.030000686645508, 16.280000686645508, 14.859999656677246, 14.649999618530273, 15.550000190734863, 16.25, 17.829999923706055, 17.6299991607666, 19.360000610351562, 17.15999984741211, 18.729999542236328, 20.639999389648438, 22.729999542236328, 19.920000076293945, 18.84000015258789, 21.5, 20.559999465942383, 17.200000762939453, 18.3799991607666, 19.68000030517578, 21.299999237060547, 22.56999969482422, 24.75, 24.059999465942383, 22.31999969482422, 23.760000228881836, 23.18000030517578, 22.850000381469727, 23.360000610351562, 22.18000030517578, 24.110000610351562, 20.100000381469727, 19.700000762939453, 20.40999984741211, 22.059999465942383, 20.8700008392334, 23.959999084472656, 23.959999084472656, 23.860000610351562, 24.979999542236328]
assets:[0, 100.00053956403733, 198.43281259460448, 277.5059451021195, 393.2762272040367, 534.9395896339416, 767.3152108388902, 779.3796856739044, 810.7613426847457, 1019.99205, 1052.6402477297784, 1071.0624349128725, 1365.227068479538, 1486.518722697258, 1456.8595063409805, 1536.2707449972154, 1730.6497112279892, 1908.556, 2194.1259136114118, 2269.5150809652328, 2592.2188977233886, 2397.6483746799468, 2717.0130665958404, 3094.0824525039675, 3507.3889473640443, 3173.787876155662, 3101.7158891212466, 3639.6447, 3580.5156829940793, 3095.3740573013306, 3407.7308784025195, 3748.756666131592, 4157.342371089172, 4505.222466083526, 5040.374625, 4999.855557018661, 4738.270327214813, 5143.9663935522085, 5118.3990473861695, 5145.532175902176, 5360.377292056274, 5189.605495404053, 5741.181840339661, 4886.302052735138, 4889.061479343033, 5165.266834383774, 5682.841166422272, 5476.288220214843, 6387.10321194458, 6487.102664123536, 6560.028005809022, 6967.9585423107155]
shares:[0, 7.4683, 15.0556, 23.5374, 31.5631, 38.82, 44.6373, 51.2076, 58.4122, 64.7614, 71.5595, 78.9287, 85.167, 91.3095, 98.039, 104.8649, 111.2958, 117.4496, 123.0581, 128.7303, 133.8956, 139.7231, 145.0621, 149.9071, 154.3066, 159.3267, 164.6346, 169.2858, 174.1496, 179.9636, 185.4043, 190.4856, 195.1804, 199.6111, 203.6515, 207.8078, 212.2881, 216.4969, 220.811, 225.1874, 229.4682, 233.9768, 238.1245, 243.0996, 248.1757, 253.0753, 257.6084, 262.4, 266.5736, 270.7472, 274.9383, 278.9415]
growth_rate:36.63
