ticker:LBAI
price:[10.949999809265137, 10.609999656677246, 10.600000381469727, 9.770000457763672, 10.229999542236328, 10.600000381469727, 10.59000015258789, 11.770000457763672, 11.130000114440918, 10.630000114440918, 12.100000381469727, 12.119999885559082, 12.600000381469727, 12.819999694824219, 12.539999961853027, 12.579999923706055, 12.550000190734863, 12.699999809265137, 13.75, 13.890000343322754, 13.609999656677246, 13.109999656677246, 14.289999961853027, 15.010000228881836, 15.210000038146973, 15.680000305175781, 17.309999465942383, 18.3700008392334, 18.030000686645508, 17.799999237060547, 17.329999923706055, 17.459999084472656, 17.459999084472656, 17.5, 18.1299991607666, 18.719999313354492, 18.860000610351562, 18.829999923706055, 19.010000228881836, 19.219999313354492, 18.5, 17.1299991607666, 17.93000030517578, 17.299999237060547, 17.329999923706055, 16.059999465942383, 16.06999969482422, 16.3700008392334, 16.600000381469727, 16.420000076293945, 16.520000457763672, 16.829999923706055]
assets:[0, 100.00030776414872, 199.90646719417575, 284.25327831840514, 397.6370132068634, 512.0192384263992, 611.5365028114319, 779.6777863235474, 837.2820836091042, 899.6679336856841, 1124.0815654382704, 1225.9392004242895, 1374.4912016132355, 1498.490022328949, 1565.7619512369156, 1670.7560798673628, 1766.7714568513873, 1887.8879916467667, 2143.972875, 2265.802139004421, 2320.1265834730148, 2334.8909388542174, 2645.0489839390757, 2878.3191448904035, 3016.670794565868, 3209.888926473236, 3643.5696705865857, 3966.6893912181854, 3993.271931077766, 4042.33176673851, 4035.595490233612, 4165.8684815597535, 4265.868880316162, 4375.64225, 4633.164797531891, 4883.941116858101, 5020.46615247345, 5112.480555285645, 5261.352139347076, 5419.472816386223, 5316.45415, 5022.7487219253535, 5357.319135183716, 5269.079797630691, 5378.216438322831, 5084.083516934395, 5187.249664492036, 5384.08672802353, 5559.733547763252, 5599.446622017288, 5733.54865087471, 5941.139760067558]
shares:[0, 9.4251, 18.8591, 29.0945, 38.8697, 48.3037, 57.7466, 66.2428, 75.2275, 84.6348, 92.8993, 101.1501, 109.0866, 116.8869, 124.8614, 132.8105, 140.7786, 148.6526, 155.9253, 163.1247, 170.4722, 178.1, 185.0979, 191.7601, 198.3347, 204.7123, 210.4893, 215.933, 221.4793, 227.0973, 232.8676, 238.595, 244.3224, 250.0367, 255.5524, 260.8943, 266.1965, 271.5072, 276.7676, 281.9705, 287.3759, 293.2136, 298.7908, 304.5711, 310.3414, 316.5681, 322.7909, 328.8996, 334.9237, 341.0138, 347.0671, 353.0089]
growth_rate:16.49
