ticker:LBC
price:[9.300000190734863, 9.0, 8.770000457763672, 8.010000228881836, 8.550000190734863, 9.0600004196167, 9.40999984741211, 9.640000343322754, 9.430000305175781, 9.640000343322754, 10.420000076293945, 10.010000228881836, 10.270000457763672, 10.329999923706055, 10.25, 10.130000114440918, 9.859999656677246, 9.800000190734863, 10.319999694824219, 10.1899995803833, 10.470000267028809, 9.789999961853027, 10.0, 10.069999694824219, 10.489999771118164, 10.210000038146973, 11.470000267028809, 12.119999885559082, 11.720000267028809, 11.770000457763672, 11.729999542236328, 11.470000267028809, 11.470000267028809, 11.170000076293945, 11.140000343322754, 11.789999961853027, 12.420000076293945, 12.119999885559082, 12.140000343322754, 12.420000076293945, 12.029999732971191, 11.59000015258789, 12.079999923706055, 12.130000114440918, 12.300000190734863, 12.300000190734863, 12.229999542236328, 12.960000038146973, 13.09000015258789, 13.069999694824219, 12.779999732971191, 13.069999694824219]
assets:[0, 99.9999, 197.44428230590822, 280.3339880104065, 399.2328539061546, 523.0465082250595, 643.2525335693359, 758.9745790304185, 842.441336263275, 961.2015422326087, 1138.9747803394318, 1194.158993304825, 1325.1761580669404, 1432.9176754169464, 1521.8205750000002, 1604.004478120804, 1661.2521821556093, 1751.1434140820502, 1944.0609025115966, 2019.5713018355368, 2175.065077473259, 2133.8000006855964, 2279.571, 2395.5280594024657, 2595.440988369942, 2626.163117811966, 3050.2538750118256, 3323.1100486221317, 3313.4362834934236, 3427.5724353065493, 3515.92308379097, 3537.991549366665, 3637.9915996947293, 3642.8397318815228, 3733.0564470487593, 4050.8742108932497, 4367.332808827781, 4361.841306814098, 4469.038840385723, 4672.113400699997, 4625.404973330306, 4556.22956698494, 4848.8564013759615, 4968.925968879509, 5138.564929683208, 5238.5651612339025, 5308.751727295685, 5725.626928853035, 5883.0597125778195, 5974.070749509429, 5941.516447856331, 6176.3394507865905]
shares:[0, 11.1111, 22.5136, 34.998, 46.6939, 57.7314, 68.3584, 78.7318, 89.3363, 99.7097, 109.3066, 119.2966, 129.0337, 138.7142, 148.4703, 158.342, 168.484, 178.6881, 188.378, 198.1915, 207.7426, 217.9571, 227.9571, 237.8876, 247.4205, 257.2148, 265.9332, 274.184, 282.7164, 291.2126, 299.7377, 308.4561, 317.1745, 326.1271, 335.1038, 343.5856, 351.6371, 359.8879, 368.1251, 376.1766, 384.4892, 393.1173, 401.3954, 409.6394, 417.7695, 425.8996, 434.0762, 441.7922, 449.4316, 457.0827, 464.9074, 472.5585]
growth_rate:21.1
