ticker:LBPH
price:[16.649999618530273, 16.25, 16.5, 16.040000915527344, 16.0, 11.630000114440918, 10.109999656677246, 9.529999732971191, 9.970000267028809, 8.289999961853027, 8.140000343322754, 8.260000228881836, 8.329999923706055, 9.710000038146973, 8.619999885559082, 8.899999618530273, 9.100000381469727, 9.470000267028809, 8.649999618530273, 8.680000305175781, 9.0, 9.09000015258789, 9.220000267028809, 8.899999618530273, 8.859999656677246, 8.890000343322754]
assets:[0, 99.99925, 201.5376, 295.9187688903808, 395.1808, 387.2476028105736, 436.63572017240523, 511.5865866654396, 635.206663012886, 628.1706021094323, 716.80436023283, 827.371182926178, 934.3827554420471, 1189.1788496718407, 1155.6868326568604, 1293.2269045700073, 1422.2881996219635, 1580.1178415551185, 1543.2966019397734, 1648.6488779640197, 1809.4283999999998, 1927.5227153560638, 2055.0891935193063, 2083.7631406862256, 2174.398079742622, 2281.760828119278]
shares:[0, 6.1538, 12.2144, 18.4488, 24.6988, 33.2973, 43.1885, 53.6817, 63.7118, 75.7745, 88.0595, 100.166, 112.1708, 122.4695, 134.0704, 145.3064, 156.2954, 166.8551, 178.4158, 189.9365, 201.0476, 212.0487, 222.8947, 234.1307, 245.4174, 256.666]
growth_rate:-8.73
