ticker:LBPS
price:[11.805000305175781, 11.9399995803833, 13.25, 12.942999839782715, 12.399999618530273, 12.710000038146973, 11.270000457763672, 10.5600004196167, 11.039999961853027, 10.876999855041504, 10.260000228881836, 11.9399995803833, 11.175000190734863, 10.850000381469727, 10.5, 10.449999809265137, 9.800000190734863, 9.210000038146973, 9.699999809265137, 9.199999809265137, 9.029000282287598, 8.5, 9.90999984741211, 10.024999618530273]
assets:[0, 99.99988448562621, 210.9718, 306.0838260110855, 393.24242790241243, 503.0732405098915, 546.076602180481, 611.6742963057518, 739.477965444851, 828.5598147577285, 881.559739665985, 1125.9085284313203, 1153.7707171925545, 1220.2159979009627, 1280.85405, 1374.7549499077797, 1389.244107038498, 1405.6062598218919, 1580.3889589241983, 1598.9259268509866, 1669.206631486988, 1671.4094, 2048.6665204559326, 2172.440474834633]
shares:[0, 8.3752, 15.9224, 23.6486, 31.7131, 39.5809, 48.454, 57.9237, 66.9817, 76.1754, 85.922, 94.2972, 103.2457, 112.4623, 121.9861, 131.5555, 141.7596, 152.6174, 162.9267, 173.7963, 184.8717, 196.6364, 206.7272, 216.7023]
growth_rate:-5.55
