ticker:LBRDK
price:[136.8000030517578, 137.3699951171875, 141.61000061035156, 140.25999450683594, 142.85000610351562, 147.25999450683594, 148.61000061035156, 139.99000549316406, 141.7100067138672, 152.7100067138672, 152.6300048828125, 159.97000122070312, 157.97000122070312, 163.16000366210938, 161.69000244140625, 157.8800048828125, 159.42999267578125, 158.3699951171875, 153.4499969482422, 150.60000610351562, 154.57000732421875, 146.0500030517578, 148.61000061035156, 149.61000061035156, 148.99000549316406, 149.50999450683594, 152.58999633789062, 153.41000366210938, 153.8000030517578, 153.7899932861328, 149.13999938964844, 148.17999267578125, 155.3699951171875, 159.6300048828125, 162.72000122070312, 166.3699951171875, 166.6199951171875, 164.25, 166.2899932861328, 161.99000549316406, 162.1699981689453, 160.86000061035156, 173.08999633789062, 176.3800048828125, 178.63999938964844, 172.3000030517578, 177.10000610351562, 177.49000549316406, 182.52000427246094, 183.3800048828125, 187.0, 189.52000427246094]
assets:[0, 100.0053564453125, 203.0970628753662, 301.1662602050782, 406.72253737792965, 519.2829186294556, 624.0431145629883, 687.8408919906616, 796.2968697265625, 958.1025821228027, 1057.6038298339843, 1208.4613802215576, 1293.3477909942628, 1435.840664227295, 1522.9096259948728, 1587.0255970825194, 1702.6007207824707, 1791.2755037719728, 1835.6302434936524, 1901.5359170654297, 2051.669535217285, 2038.5805475967406, 2174.312918930054, 2288.943243338013, 2379.459781729126, 2487.7715535964967, 2639.0287276641843, 2753.2033127227783, 2860.203276753235, 2960.0113797775266, 2970.5108518432617, 3051.3964991760254, 3299.4527533081055, 3489.910981750488, 3657.4737394378662, 3839.5200213134763, 3945.2948923828126, 3989.1726, 4138.725126901245, 4131.700881108093, 4236.285777168274, 4302.072028323364, 4729.147570944214, 4919.044318176269, 5082.075750636292, 5001.714018589782, 5241.062160626221, 5352.601593658447, 5604.294983186341, 5730.698504589844, 5943.8324, 6123.921994055177]
shares:[0, 0.728, 1.4342, 2.1472, 2.8472, 3.5263, 4.1992, 4.9135, 5.6192, 6.274, 6.9292, 7.5543, 8.1873, 8.8002, 9.4187, 10.0521, 10.6793, 11.3107, 11.9624, 12.6264, 13.2734, 13.9581, 14.631, 15.2994, 15.9706, 16.6395, 17.2949, 17.9467, 18.5969, 19.2471, 19.9176, 20.5925, 21.2361, 21.8625, 22.4771, 23.0782, 23.6784, 24.2872, 24.8886, 25.5059, 26.1225, 26.7442, 27.3219, 27.8889, 28.4487, 29.0291, 29.5938, 30.1572, 30.7051, 31.2504, 31.7852, 32.3128]
growth_rate:20.08
