ticker:LBRDA
price:[135.3800048828125, 136.0, 140.4199981689453, 139.16000366210938, 142.1699981689453, 146.41000366210938, 147.10000610351562, 138.60000610351562, 140.5500030517578, 151.61000061035156, 152.25, 159.13999938964844, 157.13999938964844, 161.0500030517578, 158.75, 155.69000244140625, 158.75, 157.5800018310547, 151.5, 149.2899932861328, 153.64999389648438, 145.1699981689453, 146.6300048828125, 146.6699981689453, 145.88999938964844, 145.36000061035156, 148.4499969482422, 148.94000244140625, 147.69000244140625, 148.02000427246094, 143.58999633789062, 143.5399932861328, 150.3699951171875, 154.86000061035156, 157.6699981689453, 161.64999389648438, 161.99000549316406, 160.33999633789062, 162.05999755859375, 158.3800048828125, 158.39999389648438, 156.61000061035156, 167.63999938964844, 170.77000427246094, 172.6699981689453, 167.02000427246094, 171.17999267578125, 171.6699981689453, 176.05999755859375, 176.97999572753906, 181.44000244140625, 184.97999572753906]
assets:[0, 100.0008, 203.24390534973145, 301.4205679321289, 407.9425927459717, 520.1068970092773, 622.5566458312987, 686.5828502349854, 796.2438772888183, 958.9029318603515, 1062.9486, 1211.0553953552246, 1295.8392909667969, 1428.078692060852, 1507.6805, 1578.6187797546386, 1709.6422499999999, 1797.0423408813476, 1827.7111499999999, 1901.0438455062867, 2056.5590733062745, 2043.0499692306516, 2163.5990370483396, 2264.1887627334595, 2352.1406931594847, 2443.588826260376, 2595.5294366424564, 2704.0951083251953, 2781.4015089782715, 2887.6186493484493, 2901.1927990081786, 3000.186815670776, 3242.9394626953126, 3439.76581955719, 3602.176079167175, 3793.1009417816163, 3901.0757102874754, 3961.343915524292, 4103.84531817627, 4110.6579987304685, 4211.174717733765, 4263.581978616333, 4663.862131019592, 4850.943972364807, 5004.908964926147, 4941.136508396911, 5164.209373040771, 5278.989779693604, 5513.987851538086, 5642.794787777711, 5884.9883351867675, 6099.807849113464]
shares:[0, 0.7353, 1.4474, 2.166, 2.8694, 3.5524, 4.2322, 4.9537, 5.6652, 6.3248, 6.9816, 7.61, 8.2464, 8.8673, 9.4972, 10.1395, 10.7694, 11.404, 12.0641, 12.7339, 13.3847, 14.0735, 14.7555, 15.4373, 16.1227, 16.8106, 17.4842, 18.1556, 18.8327, 19.5083, 20.2047, 20.9014, 21.5664, 22.2121, 22.8463, 23.4649, 24.0822, 24.7059, 25.323, 25.9544, 26.5857, 27.2242, 27.8207, 28.4063, 28.9854, 29.5841, 30.1683, 30.7508, 31.3188, 31.8838, 32.4349, 32.9755]
growth_rate:19.6
