ticker:LBRDP
price:[28.799999237060547, 28.469999313354492, 28.770000457763672, 28.405000686645508, 28.299999237060547, 28.360000610351562, 28.40999984741211, 28.489999771118164, 27.940000534057617, 27.530000686645508, 27.399999618530273, 26.75, 26.760000228881836, 26.860000610351562, 27.094999313354492, 27.25, 27.200000762939453, 27.049999237060547, 26.75, 27.299999237060547, 27.43000030517578, 27.399999618530273, 27.459999084472656, 27.31399917602539, 28.200000762939453, 28.100000381469727, 27.899999618530273, 28.260000228881836, 28.0, 27.889999389648438, 27.999000549316406, 28.239999771118164, 27.950000762939453, 28.0, 28.0, 27.899999618530273, 27.850000381469727, 27.850000381469727]
assets:[0, 100.00087258815766, 201.05339419898985, 298.5024712158203, 397.39990928649905, 498.2426707229614, 599.1214407821656, 700.8084103698731, 787.2793650484084, 875.726568842125, 971.5902864732742, 1048.54115, 1148.9325818269729, 1253.2258504776, 1364.1898634284973, 1471.993225, 1569.2931640174866, 1660.6400281620026, 1742.22215, 1878.0433875152587, 1986.9853341064454, 2084.8111709747313, 2189.3774890052796, 2277.736242488098, 2451.6206463275907, 2542.9263945213315, 2624.8263841114044, 2758.6960063430784, 2833.3144, 2922.183053050232, 3033.60491261673, 3159.717094390869, 3227.269198093414, 3333.0416, 3433.0407999999998, 3520.7790718612673, 3614.4705245084765, 3714.4715208782195]
shares:[0, 3.5125, 6.9883, 10.5088, 14.0424, 17.5685, 21.0884, 24.5984, 28.1775, 31.8099, 35.4595, 39.1978, 42.9347, 46.6577, 50.3484, 54.0181, 57.6946, 61.3915, 65.1298, 68.7928, 72.4384, 76.088, 79.7297, 83.3908, 86.9369, 90.4956, 94.0798, 97.6184, 101.1898, 104.7753, 108.3469, 111.888, 115.4658, 119.0372, 122.6086, 126.1928, 129.7835, 133.3742]
growth_rate:0.39
