ticker:LBTYK
price:[22.010000228881836, 21.229999542236328, 20.940000534057617, 20.489999771118164, 19.729999542236328, 21.6200008392334, 21.56999969482422, 20.350000381469727, 18.65999984741211, 19.049999237060547, 21.020000457763672, 21.889999389648438, 21.81999969482422, 24.079999923706055, 23.020000457763672, 24.329999923706055, 23.790000915527344, 23.649999618530273, 25.110000610351562, 24.450000762939453, 24.790000915527344, 24.15999984741211, 24.360000610351562, 24.780000686645508, 26.260000228881836, 24.299999237060547, 23.65999984741211, 25.43000030517578, 26.1299991607666, 25.969999313354492, 25.6299991607666, 25.709999084472656, 26.350000381469727, 25.06999969482422, 27.059999465942383, 27.799999237060547, 28.25, 27.3799991607666, 27.219999313354492, 26.889999389648438, 27.899999618530273, 26.959999084472656, 28.329999923706055, 27.079999923706055, 26.440000534057617, 25.209999084472656, 26.020000457763672, 26.860000610351562, 28.020000457763672, 29.31999969482422, 27.59000015258789, 28.540000915527344]
assets:[0, 99.99966684379578, 198.63265706596374, 294.3634347118377, 383.4446491035461, 520.1750581918716, 618.9727112426758, 683.9635128211975, 727.1634000537872, 842.3604862640382, 1029.471338419342, 1172.080316319275, 1268.3333042610168, 1499.6999872484207, 1533.6822084980013, 1720.9606476034164, 1782.7631936073303, 1872.271139800644, 2087.853863749695, 2132.976501557541, 2262.6379215621946, 2305.136993441391, 2424.2195647399903, 2566.016153103447, 2819.2736245727538, 2708.847274951172, 2737.502204345322, 3042.29519950943, 3226.0384393873214, 3306.2847615819933, 3362.9993318813326, 3473.495435309601, 3659.962352985382, 3582.172032394409, 3966.5169597166064, 4174.9872054222105, 4342.5674, 4308.831537928581, 4383.652955418968, 4430.509237435913, 4696.920295780182, 4638.672738476563, 4974.391028603744, 4854.907802322006, 4840.167309765816, 4715.000918769836, 4966.494731374359, 5226.827190771484, 5552.558172712325, 5910.170142484284, 5661.445959310913, 5956.386665073395]
shares:[0, 4.7103, 9.4858, 14.3662, 19.4346, 24.0599, 28.696, 33.61, 38.9691, 44.2184, 48.9758, 53.5441, 58.1271, 62.2799, 66.6239, 70.7341, 74.9375, 79.1658, 83.1483, 87.2383, 91.2722, 95.4113, 99.5164, 103.5519, 107.36, 111.4752, 115.7017, 119.6341, 123.4611, 127.3117, 131.2134, 135.1029, 138.898, 142.8868, 146.5823, 150.1794, 153.7192, 157.3715, 161.0453, 164.7642, 168.3484, 172.0576, 175.5874, 179.2802, 183.0623, 187.029, 190.8722, 194.5952, 198.1641, 201.5747, 205.1992, 208.7031]
growth_rate:16.79
