ticker:LBTYB
price:[23.389999389648438, 23.75, 22.8799991607666, 20.68000030517578, 21.399999618530273, 21.65999984741211, 22.149999618530273, 21.18000030517578, 20.59000015258789, 19.510000228881836, 20.549999237060547, 24.440000534057617, 22.549999237060547, 22.709999084472656, 24.1200008392334, 24.850000381469727, 25.149999618530273, 24.520000457763672, 25.75, 24.790000915527344, 24.920000076293945, 25.010000228881836, 24.0, 24.850000381469727, 27.5, 26.700000762939453, 24.93000030517578, 25.6200008392334, 27.0, 27.0, 32.0, 26.0, 26.489999771118164, 25.549999237060547, 26.670000076293945, 28.299999237060547, 28.260000228881836, 28.010000228881836, 26.920000076293945, 27.0, 28.889999389648438, 29.0, 27.760000228881836, 28.93000030517578, 27.25, 26.610000610351562, 27.5, 26.860000610351562, 26.860000610351562, 29.18000030517578, 29.790000915527344, 28.760000228881836]
assets:[0, 99.99937499999999, 196.33556079845428, 277.45736009445193, 387.11743309936526, 491.8206205352783, 602.9473546159744, 676.5421597480773, 757.6955336151123, 817.9528575958251, 961.5550143012999, 1243.5732151742934, 1247.4050727962494, 1356.2547713241577, 1540.4600335988998, 1687.0814358982088, 1807.4474775850294, 1862.171434764862, 2055.5838750000003, 2078.9489727783202, 2189.849990704346, 2297.758757028198, 2304.9672, 2486.6003781715394, 2851.772, 2868.8109519748687, 2778.630523014069, 2955.5361068143843, 3214.7334, 3314.7333, 4028.5728, 3373.2166, 3536.788478441048, 3511.2852951507566, 3765.2039357709887, 4095.324019594192, 4189.536555931663, 4252.4754337488175, 4186.991443866348, 4299.4341, 4700.394233695984, 4818.2919999999995, 4712.268366852761, 5010.875669858551, 4819.88735, 4806.686816250611, 5067.452499999999, 5049.518954742432, 5149.5187370147705, 5694.301979553223, 5913.33901373291, 5808.884450229073]
shares:[0, 4.2105, 8.5811, 13.4167, 18.0896, 22.7064, 27.2211, 31.9425, 36.7992, 41.9248, 46.791, 50.8827, 55.3173, 59.7206, 63.8665, 67.8906, 71.8667, 75.945, 79.8285, 83.8624, 87.8752, 91.8736, 96.0403, 100.0644, 103.7008, 107.4461, 111.4573, 115.3605, 119.0642, 122.7679, 125.8929, 129.7391, 133.5141, 137.428, 141.1775, 144.7111, 148.2497, 151.8199, 155.5346, 159.2383, 162.6997, 166.148, 169.7503, 173.2069, 176.8766, 180.6346, 184.271, 187.994, 191.717, 195.144, 198.5008, 201.9779]
growth_rate:13.9
