ticker:LBTYA
price:[22.540000915527344, 21.579999923706055, 21.479999542236328, 20.829999923706055, 20.1200008392334, 22.06999969482422, 21.809999465942383, 20.649999618530273, 18.979999542236328, 19.5, 21.6200008392334, 22.6299991607666, 22.68000030517578, 25.020000457763672, 23.920000076293945, 25.100000381469727, 24.360000610351562, 24.219999313354492, 25.600000381469727, 24.770000457763672, 25.139999389648438, 24.139999389648438, 24.6200008392334, 25.079999923706055, 26.56999969482422, 24.6299991607666, 23.8799991607666, 25.700000762939453, 26.329999923706055, 26.100000381469727, 25.790000915527344, 25.809999465942383, 26.469999313354492, 25.079999923706055, 26.899999618530273, 27.719999313354492, 28.290000915527344, 27.420000076293945, 27.309999465942383, 26.81999969482422, 27.829999923706055, 26.90999984741211, 28.420000076293945, 27.1299991607666, 26.489999771118164, 25.079999923706055, 26.049999237060547, 26.850000381469727, 27.899999618530273, 29.260000228881836, 27.40999984741211, 28.40999984741211]
assets:[0, 99.99956164646149, 199.53630774765017, 293.49886492500303, 383.4952639961243, 520.6621908004761, 614.5294499521256, 681.844402404213, 726.7024264732361, 846.612, 1038.6529463178636, 1187.174281973648, 1289.7980093551635, 1522.872351862335, 1555.919460962677, 1732.6756163331986, 1781.5930046386718, 1871.353402946472, 2077.9776309642793, 2110.6046760051727, 2242.1309575653077, 2252.945105036926, 2397.741881732941, 2542.5401682655333, 2793.591023913574, 2689.618075354958, 2707.7172848405835, 3014.085809477234, 3187.97056576252, 3260.122337648964, 3321.4013739074703, 3423.977758151436, 3611.5349423149105, 3521.884069286346, 3877.4600950136182, 4095.6576185474396, 4279.875420506287, 4248.257387820434, 4331.2157103014, 4353.505492462921, 4617.450616341591, 4564.80785811615, 4920.951433210374, 4797.5876615924835, 4784.4118386611935, 4629.747921916199, 4908.809756233215, 5159.560513304138, 5461.330065328598, 5827.544537585068, 5559.090594053268, 5861.903452516174]
shares:[0, 4.6339, 9.2894, 14.0902, 19.0604, 23.5914, 28.1765, 33.0191, 38.2878, 43.416, 48.0413, 52.4602, 56.8694, 60.8662, 65.0468, 69.0309, 73.136, 77.2648, 81.171, 85.2081, 89.1858, 93.3283, 97.39, 101.3772, 105.1408, 109.2009, 113.3885, 117.2796, 121.0775, 124.9089, 128.7864, 132.6609, 136.4388, 140.426, 144.1435, 147.751, 151.2858, 154.9328, 158.5945, 162.3231, 165.9163, 169.6324, 173.151, 176.837, 180.612, 184.5992, 188.438, 192.1624, 195.7466, 199.1642, 202.8125, 206.3324]
growth_rate:14.94
