ticker:LCAAU
price:[10.050000190734863, 10.029999732971191, 9.979999542236328, 10.0600004196167, 10.050000190734863, 10.100000381469727, 10.0, 10.010000228881836, 10.069999694824219, 10.0, 9.989999771118164, 9.989999771118164, 9.979999542236328, 10.010000228881836, 10.100000381469727, 10.100000381469727, 9.949999809265137, 10.008999824523926, 10.008999824523926, 10.0600004196167, 9.994000434875488, 9.920000076293945, 9.899999618530273, 9.930000305175781, 9.869999885559082, 9.829999923706055]
assets:[0, 100.00010033769608, 199.50118884925843, 301.1008425593376, 400.80104260663984, 502.7951889902115, 597.817, 698.4147329694747, 802.6011296768189, 897.022, 996.1248551776886, 1096.1247528865815, 1195.0271011863708, 1298.6193516933442, 1410.2953732658384, 1510.2954770427705, 1587.865744561672, 1697.281149743557, 1797.2810669903754, 1906.43949352026, 1993.9320093632698, 2079.167535990715, 2174.9754661931993, 2281.5665201187135, 2367.7804015460015, 2458.184148921204]
shares:[0, 9.9701, 19.9901, 29.9305, 39.8807, 49.7817, 59.7817, 69.7717, 79.7022, 89.7022, 99.7122, 109.7222, 119.7422, 129.7322, 139.6332, 149.5342, 159.5845, 169.5755, 179.5665, 189.5069, 199.5129, 209.5935, 219.6945, 229.765, 239.8967, 250.0696]
growth_rate:-1.67
