ticker:LCAHU
price:[9.920000076293945, 9.949999809265137, 9.989999771118164, 10.020000457763672, 10.0, 10.0, 9.979999542236328, 10.010000228881836, 9.949999809265137, 9.960000038146973, 9.9399995803833, 10.024999618530273, 10.0, 10.0, 10.015000343322754, 10.010000228881836, 10.01099967956543, 9.989999771118164, 9.949999809265137, 9.989999771118164, 9.899999618530273, 9.90999984741211, 9.949999809265137]
assets:[0, 100.0004830830574, 200.40239240856172, 301.00381975135804, 400.403, 500.403, 599.4017665065766, 701.2035190332412, 797.000954722023, 897.8023714385986, 995.9998859539032, 1104.517365471077, 1201.763, 1301.763, 1403.7154676205637, 1503.0145473669052, 1603.1644919855116, 1699.801458055687, 1792.9959356294632, 1900.2038504642487, 1983.0847635871887, 2085.0877518951415, 2193.5043229519842]
shares:[0, 10.0503, 20.0603, 30.0403, 40.0403, 50.0403, 60.0603, 70.0503, 80.1006, 90.1408, 100.2012, 110.1763, 120.1763, 130.1763, 140.1613, 150.1513, 160.1403, 170.1503, 180.2006, 190.2106, 200.3116, 210.4024, 220.4527]
growth_rate:-0.3
