ticker:LCAP
price:[9.619999885559082, 9.680000305175781, 9.720000267028809, 9.75, 9.84000015258789, 9.899999618530273, 9.960000038146973, 10.100000381469727, 9.970000267028809, 10.100000381469727, 10.079999923706055, 10.199999809265137, 10.350000381469727, 10.460000038146973, 10.1899995803833, 10.579999923706055, 10.520000457763672, 10.5600004196167, 10.479999542236328, 10.0, 9.859999656677246, 9.869999885559082, 9.819999694824219, 9.859999656677246, 9.899999618530273, 9.899999618530273, 9.850000381469727, 9.899999618530273, 9.850000381469727, 9.819999694824219, 9.800000190734863, 9.84000015258789, 9.880000114440918, 9.859999656677246, 9.859999656677246, 9.850000381469727, 9.861000061035156, 9.890000343322754, 9.989999771118164, 9.9399995803833, 9.789999961853027, 9.819999694824219, 9.869999885559082, 9.899999618530273, 9.899999618530273, 9.890000343322754]
assets:[0, 100.00021115264893, 200.4137695057869, 301.032225, 403.8109742618561, 506.2731104921341, 609.3418463337898, 717.90701711483, 808.6667216587067, 919.2111347179413, 1017.3905202995301, 1129.5020788788795, 1246.1121009279252, 1359.3554549574853, 1424.2664313497542, 1578.777212615204, 1669.823892660141, 1776.1730625787736, 1862.7172146369933, 1877.4019999999998, 1951.1184240625382, 2053.0971691946984, 2142.696437411499, 2251.424433605957, 2360.557889042282, 2460.5577851890566, 2548.1310736837386, 2661.065447463036, 2747.6260864097594, 2839.2574937644963, 2933.475217093468, 3045.448559225464, 3157.8288405774115, 3251.4364447857856, 3351.4365613038067, 3448.0379435352324, 3551.888833584595, 3662.3343791347506, 3799.364744952393, 3880.349204191208, 3921.7927277186395, 4033.810374641418, 4154.349080831051, 4266.976065583611, 4366.975961730384, 4462.564965914059]
shares:[0, 10.3306, 20.6187, 30.8751, 41.0377, 51.1387, 61.1789, 71.0799, 81.11, 91.011, 100.9316, 110.7355, 120.3973, 129.9575, 139.771, 149.2228, 158.7285, 168.1982, 177.7402, 187.7402, 197.8822, 208.0139, 218.1972, 228.3392, 238.4402, 248.5412, 258.6935, 268.7945, 278.9468, 289.1301, 299.3342, 309.4968, 319.6183, 329.7603, 339.9023, 350.0546, 360.1956, 370.3068, 380.3168, 390.3772, 400.5917, 410.775, 420.9067, 431.0077, 441.1087, 451.2199]
growth_rate:-0.83
