ticker:LCAPU
price:[9.989999771118164, 9.975000381469727, 9.989999771118164, 9.965999603271484, 9.949999809265137, 9.899999618530273, 9.9399995803833, 9.899999618530273, 9.960000038146973, 10.050000190734863, 10.010000228881836, 10.100000381469727, 10.109999656677246, 10.119999885559082, 10.399999618530273, 10.5, 10.508999824523926, 10.40999984741211, 10.550000190734863, 10.859999656677246, 11.039999961853027, 10.819999694824219, 11.229999542236328, 11.145000457763672, 11.329999923706055, 10.84000015258789, 10.380000114440918, 10.319999694824219, 10.3100004196167, 10.260000228881836, 10.1850004196167, 10.300000190734863, 10.270000457763672, 10.196000099182129, 10.1899995803833, 10.196000099182129, 10.100000381469727, 10.10099983215332, 10.199999809265137, 10.220000267028809, 10.25, 10.260000228881836, 10.239999771118164, 10.1899995803833, 10.359999656677246, 10.800000190734863, 10.520000457763672, 10.220000267028809, 10.199999809265137, 10.289999961853027, 10.1899995803833, 10.279999732971191]
assets:[0, 100.00037632427215, 200.15064441432952, 299.6696352706909, 399.1890173478127, 497.1829308423996, 599.1921207051278, 696.7807831514359, 801.0041190678596, 908.2416322371482, 1004.6266459711076, 1113.6593720621108, 1214.7619537482262, 1315.9632931185722, 1452.3734667272568, 1566.33855, 1667.6815893535613, 1751.9707033199309, 1875.5326139080048, 2030.6429178042413, 2164.3003605216027, 2221.170653352356, 2405.3367569522857, 2487.1305616550444, 2628.414958300781, 2614.741368806076, 2603.7835847070696, 2688.732472490692, 2786.1270873952867, 2872.6153840827947, 2951.6171956050875, 3084.943787126827, 3175.9586155616757, 3253.0746156444548, 3351.159687001705, 3453.133392390537, 3520.620762971306, 3620.9690461309433, 3756.457969756126, 3863.82337895422, 3975.1652500000005, 4079.0436669960027, 4171.091874768829, 4250.724697958279, 4421.639565470123, 4709.431883171558, 4687.335587963104, 4653.6658795912745, 4744.558471279144, 4886.4225718851085, 4938.93485161829, 5082.556255977726]
shares:[0, 10.0251, 20.0351, 30.0692, 40.1195, 50.2205, 60.2809, 70.3819, 80.4221, 90.3723, 100.3623, 110.2633, 120.1545, 130.0359, 139.6513, 149.1751, 158.6908, 168.2969, 177.7756, 186.9837, 196.0417, 205.2838, 214.1885, 223.1611, 231.9872, 241.2123, 250.8462, 260.5361, 270.2354, 279.982, 289.8004, 299.5091, 309.2462, 319.054, 328.8675, 338.6753, 348.5763, 358.4763, 368.2802, 378.0649, 387.821, 397.5676, 407.3332, 417.1467, 426.7992, 436.0585, 445.5642, 455.3489, 465.1528, 474.871, 484.6845, 494.4121]
growth_rate:-0.34
