ticker:LCID
price:[9.890000343322754, 9.8100004196167, 9.739999771118164, 9.75, 9.680000305175781, 9.630000114440918, 9.630000114440918, 9.720000267028809, 9.6899995803833, 9.710000038146973, 9.829999923706055, 9.880000114440918, 9.9399995803833, 9.960000038146973, 10.039999961853027, 10.010000228881836, 24.440000534057617, 23.719999313354492, 23.3799991607666, 23.479999542236328, 21.670000076293945, 21.030000686645508, 20.6299991607666]
assets:[0, 100.00020127744675, 199.2862393169403, 299.49075, 397.3407805267334, 495.28823988590244, 595.2880870742798, 700.851871253872, 798.6885254135133, 900.3374205370903, 1011.4637401496888, 1116.6089609337807, 1223.3902983546257, 1325.8522970780375, 1436.5021105420112, 1532.209714034462, 3840.980707932282, 3827.8267491922375, 3872.9599869787216, 3989.524290220642, 3781.9849343152996, 3770.287965102768, 3798.5749264730457]
shares:[0, 10.1937, 20.4606, 30.717, 41.0476, 51.4318, 61.816, 72.1041, 82.424, 92.7227, 102.8956, 113.0171, 123.0775, 133.1177, 143.0779, 153.0679, 157.1596, 161.3755, 165.6527, 169.9116, 174.5263, 179.2814, 184.1287]
growth_rate:72.66
