ticker:LCNB
price:[14.899999618530273, 14.510000228881836, 14.5600004196167, 13.170000076293945, 14.239999771118164, 14.180000305175781, 13.899999618530273, 14.279999732971191, 13.760000228881836, 13.869999885559082, 15.050000190734863, 15.15999984741211, 15.59000015258789, 15.550000190734863, 14.9399995803833, 14.899999618530273, 14.600000381469727, 14.6899995803833, 15.25, 15.9399995803833, 15.420000076293945, 15.380000114440918, 16.59000015258789, 16.850000381469727, 16.84000015258789, 16.969999313354492, 18.309999465942383, 19.959999084472656, 18.25, 18.459999084472656, 18.270000457763672, 18.020000457763672, 18.34000015258789, 17.969999313354492, 18.1200008392334, 17.549999237060547, 18.290000915527344, 17.90999984741211, 17.639999389648438, 17.649999618530273, 17.280000686645508, 16.25, 16.3700008392334, 16.729999542236328, 16.34000015258789, 16.479999542236328, 16.450000762939453, 16.84000015258789, 17.899999618530273, 17.700000762939453, 17.489999771118164, 17.809999465942383]
assets:[0, 100.00001957740784, 200.34414977388383, 281.217694629097, 404.06568950538633, 502.3633788116455, 592.4430037410737, 708.6392747488022, 782.8339330215455, 889.0919586641311, 1064.731828493786, 1172.5138041984558, 1305.771642780304, 1402.4218622019769, 1447.4065813469886, 1543.531190482521, 1612.4532421302795, 1722.3936368001937, 1888.0537, 2073.4799274161337, 2105.8384784191135, 2200.3766283727646, 2473.487731750107, 2612.2521891391752, 2710.7011445617673, 2831.6276614257813, 3155.2212209699633, 3539.5525456474306, 3336.3153500000003, 3474.705321671295, 3538.942936669922, 3590.5175272102356, 3754.2787272354126, 3778.5373796195986, 3910.0787410964967, 3887.0791310195923, 4150.979722782135, 4164.73763451767, 4201.951930610657, 4304.333646970367, 4314.100779426956, 4156.9515, 4287.648626812936, 4481.940109365844, 4477.460697811889, 4615.823743786622, 4707.4210483268735, 4919.024668571472, 5328.654466440201, 5369.116461429978, 5405.415604262352, 5604.313494946861]
shares:[0, 6.8918, 13.7599, 21.3529, 28.3754, 35.4276, 42.6218, 49.6246, 56.892, 64.1018, 70.7463, 77.3426, 83.757, 90.1879, 96.8813, 103.5927, 110.442, 117.2494, 123.8068, 130.0803, 136.5654, 143.0674, 149.0951, 155.0298, 160.968, 166.8608, 172.3223, 177.3323, 182.8118, 188.2289, 193.7024, 199.2518, 204.7044, 210.2692, 215.788, 221.486, 226.9535, 232.537, 238.2059, 243.8716, 249.6586, 255.8124, 261.9211, 267.8984, 274.0184, 280.0864, 286.1654, 292.1036, 297.6902, 303.3399, 309.0575, 314.6723]
growth_rate:9.89
