ticker:LCUT
price:[10.260000228881836, 9.15999984741211, 10.890000343322754, 9.149999618530273, 9.729999542236328, 10.010000228881836, 10.739999771118164, 11.949999809265137, 10.050000190734863, 10.489999771118164, 12.34000015258789, 13.15999984741211, 13.430000305175781, 14.489999771118164, 14.4399995803833, 14.949999809265137, 14.760000228881836, 15.199999809265137, 14.760000228881836, 15.050000190734863, 15.859999656677246, 13.899999618530273, 14.369999885559082, 14.199999809265137, 13.359999656677246, 12.970000267028809, 14.300000190734863, 14.920000076293945, 15.84000015258789, 15.199999809265137, 14.649999618530273, 14.279999732971191, 14.6899995803833, 14.9399995803833, 14.5, 15.710000038146973, 16.31999969482422, 15.520000457763672, 15.0, 16.6200008392334, 16.6200008392334, 15.510000228881836, 14.010000228881836, 14.479999542236328, 14.079999923706055, 14.15999984741211, 14.699999809265137, 15.069999694824219, 18.229999542236328, 19.049999237060547, 18.209999084472656, 17.920000076293945]
assets:[0, 99.999718334198, 218.88573990068434, 283.9125931634903, 401.9093070915222, 513.4749737407684, 650.9213141281127, 824.2560168439865, 793.2022950538635, 927.9296447534562, 1191.5775627342225, 1370.7587441062929, 1498.8820440597533, 1717.1852398756027, 1811.2596873660086, 1975.231349799633, 2050.1286077911377, 2211.2427722525595, 2247.2336508476255, 2391.3863353070255, 2620.092561282635, 2396.297384236336, 2577.3227074745178, 2646.833104447651, 2590.2594454360005, 2614.645699830818, 2982.762679784393, 3212.08504042511, 3510.1487858135224, 3468.3237964782716, 3442.8246253526686, 3455.872747376919, 3655.0966525929452, 3817.2998707842826, 3804.87685, 4222.3877072527885, 4486.338540107727, 4366.420208787918, 4320.123, 4886.695746755599, 4986.6949678051, 4753.649113149834, 4393.915742783546, 4641.320589271546, 4613.1078150033945, 4739.3179649292, 5020.054344863986, 5246.409413757325, 6446.519783124924, 6836.488466203307, 6635.037149416351, 6629.373212224388]
shares:[0, 10.917, 20.0997, 31.0287, 41.3062, 51.2962, 60.6072, 68.9754, 78.9256, 88.4585, 96.5622, 104.161, 111.607, 118.5083, 125.4335, 132.1225, 138.8976, 145.4765, 152.2516, 158.8961, 165.2013, 172.3955, 179.3544, 186.3967, 193.8817, 201.5918, 208.5848, 215.2872, 221.6003, 228.1792, 235.0051, 242.0079, 248.8153, 255.5087, 262.4053, 268.7707, 274.8982, 281.3415, 288.0082, 294.025, 300.0418, 306.4893, 313.6271, 320.5332, 327.6355, 334.6976, 341.5003, 348.136, 353.6215, 358.8708, 364.3623, 369.9427]
growth_rate:29.99
