ticker:LDEM
price:[51.845001220703125, 51.20000076293945, 52.18000030517578, 49.75, 51.04999923706055, 53.31999969482422, 53.150001525878906, 53.82099914550781, 52.20000076293945, 56.439998626708984, 56.880001068115234, 57.63999938964844, 58.63999938964844, 59.130001068115234, 59.439998626708984, 59.54999923706055, 58.58000183105469, 59.779998779296875, 62.60900115966797, 63.12799835205078, 65.36900329589844, 62.619998931884766, 65.97000122070312, 67.94999694824219, 67.0999984741211, 62.61000061035156, 63.13999938964844, 63.40999984741211, 63.58000183105469, 62.0, 63.77000045776367, 63.18000030517578, 63.970001220703125, 64.42400360107422, 63.999000549316406, 64.11000061035156, 62.619998931884766, 62.755001068115234, 64.63999938964844, 66.03900146484375, 65.48999786376953, 64.31999969482422, 65.7979965209961, 65.36000061035156, 64.01000213623047, 64.16000366210938, 63.060001373291016, 61.97999954223633, 62.33000183105469, 62.659000396728516, 60.29999923706055, 62.599998474121094]
assets:[0, 99.99872149009705, 201.91051118087768, 292.5101, 400.1554190196991, 517.9504770355225, 616.3008426933288, 724.0808120040894, 802.272251725769, 967.4380164604186, 1074.9808281864166, 1189.3437474060058, 1309.9765383651734, 1420.9234906673432, 1528.3747406887055, 1631.2054891014097, 1704.6370472824096, 1839.5561004364013, 2026.6095412376405, 2143.4101792465212, 2319.5014177490234, 2321.9558223941804, 2546.1715701141356, 2722.593297723389, 2788.535026587677, 2701.940837339783, 2824.8141186935427, 2936.8912119327547, 3044.7636336868286, 3069.0992, 3256.7147923778534, 3326.584966068268, 3468.1783951812745, 3592.791390424347, 3669.088301092529, 3775.4507579437254, 3787.702137392807, 3895.8681193092343, 4112.888025164795, 4301.9060295227055, 4366.146118579864, 4388.14193117981, 4588.975990562439, 4658.429467501831, 4662.213312593842, 4773.138560440064, 4791.305210342788, 4809.245094480515, 4936.4052520156865, 5062.4587462532045, 4971.867597093964, 5261.504831750488]
shares:[0, 1.9531, 3.8695, 5.8796, 7.8385, 9.714, 11.5955, 13.4535, 15.3692, 17.141, 18.8991, 20.634, 22.3393, 24.0305, 25.7129, 27.3922, 29.0993, 30.7721, 32.3693, 33.9534, 35.4832, 37.0801, 38.5959, 40.0676, 41.5579, 43.1551, 44.7389, 46.3159, 47.8887, 49.5016, 51.0697, 52.6525, 54.2157, 55.7679, 57.3304, 58.8902, 60.4871, 62.0806, 63.6276, 65.1419, 66.6689, 68.2236, 69.7434, 71.2734, 72.8357, 74.3943, 75.9801, 77.5935, 79.1979, 80.7938, 82.4522, 84.0496]
growth_rate:3.17
