ticker:LDHAU
price:[10.170000076293945, 10.109999656677246, 10.100000381469727, 10.149999618530273, 10.095000267028809, 10.180000305175781, 10.199999809265137, 10.220000267028809, 10.010000228881836, 10.0, 10.0, 10.0, 9.930000305175781, 10.0, 10.0, 9.979999542236328, 10.0, 9.970000267028809, 9.989999771118164, 9.949999809265137, 9.970000267028809, 9.979999542236328, 9.850000381469727, 9.850000381469727, 9.890000343322754]
assets:[0, 100.00002860412597, 199.90122755012513, 300.89064869155885, 399.2602890610695, 502.62224506759645, 603.6094687128067, 704.7926804148675, 790.3105390707016, 889.521, 989.521, 1089.521, 1181.894454322815, 1290.226, 1390.226, 1487.445079773712, 1590.426, 1685.6548641472816, 1789.0361320112227, 1881.873313925743, 1985.6561601822852, 2087.647242243576, 2160.453773669815, 2260.45393254261, 2369.633203259754]
shares:[0, 9.8912, 19.7922, 29.6444, 39.5503, 49.3735, 59.1774, 68.9621, 78.9521, 88.9521, 98.9521, 108.9521, 119.0226, 129.0226, 139.0226, 149.0426, 159.0426, 169.0727, 179.0827, 189.133, 199.1631, 209.1831, 219.3354, 229.4877, 239.5989]
growth_rate:-1.27
