ticker:LDSF
price:[20.450000762939453, 20.450000762939453, 20.440000534057617, 20.350000381469727, 20.399999618530273, 20.381999969482422, 20.375, 20.399999618530273, 20.295000076293945, 20.434999465942383, 20.454999923706055, 20.469999313354492, 20.46500015258789, 20.493000030517578, 20.469999313354492, 20.540000915527344, 20.43000030517578, 20.459999084472656, 20.489999771118164, 20.530000686645508, 20.46500015258789, 20.389999389648438, 20.46299934387207, 20.479999542236328, 20.450000762939453, 20.280000686645508, 20.270999908447266, 20.280000686645508, 20.219999313354492, 20.239999771118164, 20.270000457763672, 20.274999618530273, 20.309999465942383, 20.274999618530273, 20.25, 20.350000381469727, 20.28499984741211, 20.280000686645508, 20.270000457763672, 20.31999969482422, 20.34000015258789, 20.291000366210938, 20.229999542236328, 20.25, 20.25, 20.270000457763672, 20.235000610351562, 20.2450008392334, 20.209999084472656, 20.21500015258789, 20.19499969482422, 20.204999923706055]
assets:[0, 100.00050373077391, 199.95226122436526, 299.0717456062317, 399.80735252380373, 499.4547946521759, 599.2837625, 700.0198669099808, 796.4163929939269, 901.9109624290465, 1002.794098259735, 1103.5294749832153, 1203.2601489715576, 1304.9061220432282, 1403.441575922966, 1508.2399432266236, 1600.163429902649, 1702.5133518173218, 1805.0091578372956, 1908.532506832695, 2002.4900324306489, 2095.1519582839965, 2202.6536197738646, 2304.4832764907837, 2401.1082095794677, 2481.14857200737, 2580.0482721473695, 2681.1945547805785, 2773.2618738235474, 2876.0047914770125, 2980.2677623043064, 3081.0031345315933, 3186.322080214691, 3280.8315032718656, 3376.786725, 3493.4621804864887, 3582.304602553177, 3681.422440646553, 3779.6071223560334, 3888.930949594116, 3992.7583019531253, 4083.139741792297, 4170.865534621811, 4274.98965, 4374.9902250000005, 4479.31132215767, 4571.576324893189, 4673.835800248527, 4765.75424110794, 4866.933114236832, 4962.117414015197, 5064.575178376198]
shares:[0, 4.89, 9.7824, 14.6964, 19.5984, 24.5047, 29.4127, 34.3147, 39.242, 44.1356, 49.0244, 53.9096, 58.796, 63.6757, 68.5609, 73.4294, 78.3242, 83.2118, 88.0922, 92.9631, 97.8495, 102.7539, 107.6408, 112.5236, 117.4136, 122.3446, 127.2778, 132.2088, 137.1544, 142.0951, 147.0285, 151.9607, 156.8844, 161.8166, 166.7549, 171.6689, 176.5987, 181.5297, 186.4631, 191.3844, 196.3008, 201.2291, 206.1723, 211.1106, 216.0489, 220.9823, 225.9242, 230.8637, 235.8117, 240.7585, 245.7102, 250.6595]
growth_rate:-0.69
