ticker:LE
price:[13.0600004196167, 13.819999694824219, 15.479999542236328, 14.460000038146973, 12.539999961853027, 13.739999771118164, 14.109999656677246, 15.520000457763672, 16.049999237060547, 15.819999694824219, 22.610000610351562, 22.209999084472656, 23.760000228881836, 21.450000762939453, 18.200000762939453, 19.34000015258789, 19.770000457763672, 21.56999969482422, 22.440000534057617, 28.030000686645508, 29.989999771118164, 27.610000610351562, 31.200000762939453, 31.06999969482422, 31.8799991607666, 33.040000915527344, 30.0, 35.4900016784668, 29.950000762939453, 25.239999771118164, 24.6200008392334, 25.200000762939453, 23.600000381469727, 25.530000686645508, 23.040000915527344, 24.270000457763672, 22.420000076293945, 23.6299991607666, 25.610000610351562, 35.099998474121094, 34.540000915527344, 30.84000015258789, 34.810001373291016, 40.25, 41.52000045776367, 36.400001525878906, 41.7400016784668, 38.33000183105469, 39.25, 42.41999816894531, 36.029998779296875, 36.25]
assets:[0, 100.00013579177856, 212.0109777305603, 298.0408447862625, 358.46718490953447, 492.76997779140476, 606.0400062539101, 766.6011106109619, 892.7796025615692, 979.985701095581, 1500.5986085083007, 1574.0515081153872, 1783.903193184471, 1710.468105838394, 1551.306185030365, 1748.475261795044, 1887.3510017005922, 2159.1893244514467, 2346.2770878398896, 3030.75503624382, 3342.679376488876, 3177.4058072402954, 3690.5482502456666, 3775.1696339195255, 3973.590043396187, 4218.173964884186, 3930.0600000000004, 4749.261377611923, 4107.900174643707, 3561.883911700058, 3574.388347841835, 3758.595233792877, 3619.9544985128405, 4015.994205012703, 3724.3055559906, 4023.128760881424, 3816.4624489871976, 4122.435304589271, 4567.86117286377, 6360.519863493347, 6359.042132554626, 5777.846272587204, 6621.621119229889, 7756.428575, 8101.166585316468, 7202.180741913605, 8358.765082126236, 7775.884815460206, 8062.523050000001, 8813.687859558106, 7586.02616798401, 7732.346124999999]
shares:[0, 7.2359, 13.6958, 20.6114, 28.5859, 35.8639, 42.9511, 49.3944, 55.6249, 61.946, 66.3688, 70.8713, 75.0801, 79.7421, 85.2366, 90.4072, 95.4654, 100.1015, 104.5578, 108.1254, 111.4598, 115.0817, 118.2868, 121.5053, 124.6421, 127.6687, 131.002, 133.8197, 137.1586, 141.1206, 145.1823, 149.1506, 153.3879, 157.3049, 161.6452, 165.7655, 170.2258, 174.4577, 178.3624, 181.2114, 184.1066, 187.3491, 190.2218, 192.7063, 195.1148, 197.8621, 200.2579, 202.8668, 205.4146, 207.772, 210.5475, 213.3061]
growth_rate:51.61
