ticker:LECO
price:[94.69999694824219, 92.72000122070312, 91.72000122070312, 88.93000030517578, 91.87999725341797, 95.9800033569336, 100.87999725341797, 105.54000091552734, 101.81999969482422, 105.06999969482422, 114.52999877929688, 113.29000091552734, 115.01000213623047, 117.91999816894531, 120.70999908447266, 118.72000122070312, 118.80999755859375, 116.25, 121.5, 118.25, 123.4000015258789, 114.5, 115.20999908447266, 115.75, 115.41000366210938, 118.11000061035156, 119.68000030517578, 123.54000091552734, 124.0, 124.58000183105469, 123.70999908447266, 122.13999938964844, 123.76000213623047, 126.4800033569336, 128.0500030517578, 133.89999389648438, 132.2899932861328, 128.16000366210938, 128.5800018310547, 130.77000427246094, 128.88999938964844, 123.63999938964844, 132.16000366210938, 134.52000427246094, 134.6999969482422, 134.2899932861328, 135.91000366210938, 139.42999267578125, 139.50999450683594, 141.85000610351562, 136.35000610351562, 140.36000061035156]
assets:[0, 99.99852131652833, 198.92233864746095, 292.8731700050354, 402.59058396530156, 520.557146206665, 647.1350943809509, 777.0277027404785, 849.6369874534607, 976.7517311630249, 1164.6899165863038, 1252.0810901184082, 1371.0917404670715, 1505.7794166183473, 1641.4024965507506, 1714.3405616271973, 1815.642501690674, 1876.5191249999998, 2061.25965, 2106.1271, 2297.8561084136963, 2232.1317, 2345.975127357483, 2456.967375, 2549.7532109069825, 2709.4079810012818, 2845.427911255646, 3037.2062145080567, 3148.5212, 3263.2485679626466, 3340.4545082786562, 3398.056923019409, 3543.125101158142, 3720.9911067596436, 3867.174117164612, 4143.84328111267, 4194.016115148926, 4163.08547895813, 4276.725156903077, 4449.567088374329, 4485.603980758667, 4402.894562265014, 4806.3025011810305, 4992.131522554017, 5098.812454481506, 5183.298302859497, 5345.829720043945, 5584.28275065918, 5687.487652056885, 5882.888563128662, 5754.788357604981, 6024.040686195373]
shares:[0, 1.0785, 2.1688, 3.2933, 4.3817, 5.4236, 6.4149, 7.3624, 8.3445, 9.2962, 10.1693, 11.052, 11.9215, 12.7695, 13.5979, 14.4402, 15.2819, 16.1421, 16.9651, 17.8108, 18.6212, 19.4946, 20.3626, 21.2265, 22.093, 22.9397, 23.7753, 24.5848, 25.3913, 26.194, 27.0023, 27.821, 28.629, 29.4196, 30.2005, 30.9473, 31.7032, 32.4835, 33.2612, 34.0259, 34.8018, 35.6106, 36.3673, 37.1107, 37.8531, 38.5978, 39.3336, 40.0508, 40.7676, 41.4726, 42.206, 42.9185]
growth_rate:18.12
