ticker:LEDS
price:[3.009999990463257, 2.6700000762939453, 2.7699999809265137, 3.009999990463257, 2.9100000858306885, 3.0, 2.9600000381469727, 3.069999933242798, 2.7799999713897705, 3.0799999237060547, 2.9100000858306885, 3.0899999141693115, 3.2300000190734863, 3.1700000762939453, 3.069999933242798, 3.200000047683716, 3.240000009536743, 3.5799999237060547, 4.039999961853027, 3.2699999809265137, 3.7200000286102295, 3.809999942779541, 4.25, 6.46999979019165, 6.599999904632568, 5.159999847412109, 4.440000057220459, 5.079999923706055, 4.949999809265137, 4.860000133514404, 4.829999923706055, 4.849999904632568, 3.200000047683716, 3.640000104904175, 3.630000114440918, 7.949999809265137, 8.380000114440918, 7.599999904632568, 13.819999694824219, 20.5, 20.0, 19.350000381469727, 19.030000686645508, 15.949999809265137, 12.960000038146973, 10.140000343322754, 8.529999732971191, 8.430000305175781, 8.729999542236328, 7.539999961853027, 7.690000057220459, 8.75]
assets:[0, 100.0000468574524, 203.74540959706306, 321.3984679816961, 410.72090411424637, 523.4235, 616.4445759444236, 739.3529959227562, 769.5117760806083, 952.5525004045487, 999.9767154943943, 1161.83100672791, 1314.4707947620868, 1390.0532754550934, 1446.2029815522908, 1607.4429039527654, 1727.5359290848971, 2008.820655189705, 2366.9374016506194, 2015.8130702420235, 2393.2184944060564, 2551.118811686039, 2945.7362000000003, 4584.450339336014, 4776.564470980501, 3834.404658611679, 3399.371491809368, 3989.370676085663, 3987.2802863609318, 4014.784388294554, 4090.0014313949587, 4206.937447277355, 2875.7114028514384, 3371.1216691551444, 3461.860324140072, 7681.759660700703, 8197.251585945225, 7534.261425457477, 13800.459597255707, 20571.01405, 20169.282, 19613.78152166996, 19389.42030961418, 16351.247574466897, 13386.028935400962, 10573.32818799448, 8994.52475242939, 8989.079611415102, 9408.97525663376, 8226.423462380219, 8490.079198173762, 9760.363375]
shares:[0, 37.4532, 73.5543, 106.7769, 141.1412, 174.4745, 208.2583, 240.8316, 276.8028, 309.2703, 343.6346, 375.9971, 406.9569, 438.5026, 471.0759, 502.3259, 533.1901, 561.1231, 585.8756, 616.4566, 643.3383, 669.585, 693.1144, 708.5704, 723.7219, 743.1017, 765.6242, 785.3092, 805.5112, 826.0873, 846.7912, 867.4098, 898.6598, 926.1323, 953.6805, 966.2591, 978.1923, 991.3502, 998.5861, 1003.4641, 1008.4641, 1013.6321, 1018.887, 1025.1566, 1032.8726, 1042.7345, 1054.4578, 1066.3202, 1077.775, 1091.0376, 1104.0415, 1115.4701]
growth_rate:91.38
