ticker:LEE
price:[8.300000190734863, 8.600000381469727, 8.699999809265137, 8.199999809265137, 8.899999618530273, 9.0, 8.699999809265137, 9.199999809265137, 7.800000190734863, 8.300000190734863, 9.100000381469727, 9.800000190734863, 10.0, 11.600000381469727, 11.199999809265137, 11.300000190734863, 11.800000190734863, 12.600000381469727, 13.600000381469727, 14.0, 13.699999809265137, 14.0, 18.899999618530273, 22.600000381469727, 22.799999237060547, 21.700000762939453, 26.799999237060547, 25.899999618530273, 22.899999618530273, 22.3700008392334, 26.020000457763672, 28.489999771118164, 28.5, 31.969999313354492, 29.899999618530273, 31.170000076293945, 29.299999237060547, 28.200000762939453, 29.110000610351562, 29.549999237060547, 30.100000381469727, 27.8799991607666, 29.75, 27.030000686645508, 27.84000015258789, 26.200000762939453, 26.770000457763672, 28.899999618530273, 26.5, 24.3799991607666, 23.309999465942383, 23.850000381469727]
assets:[0, 99.99994443569183, 201.16313558979033, 289.60185326375966, 414.32435224132536, 518.9796, 601.6806768090248, 736.2603447358132, 724.2206577095031, 870.645120007515, 1054.5626442070006, 1235.683004049778, 1360.901, 1678.6453352027893, 1720.76125069561, 1836.1257309923174, 2017.370512608719, 2254.1413282449726, 2533.040871049881, 2707.5426, 2749.5242017204287, 2909.7334, 4028.1399086977003, 4916.718222990226, 5060.2295506732935, 4916.09611284256, 6171.490424310685, 6064.238860682488, 5461.817079016685, 5435.409115914917, 6422.277328985596, 7131.9244347038275, 7234.428599999999, 8215.25079855442, 7783.328700698853, 8213.924654104996, 7821.142556346131, 7627.51646635933, 7973.651262184142, 8194.173418437958, 8446.689197048378, 7923.710437483406, 8555.17775, 7872.990457998276, 8208.919148992156, 7825.348107872772, 8095.593471433639, 8839.732473318672, 8205.63755, 7649.185728691864, 7413.474934149171, 7685.216627921485]
shares:[0, 11.6279, 23.1222, 35.3173, 46.5533, 57.6644, 69.1587, 80.0283, 92.8488, 104.897, 115.886, 126.0901, 136.0901, 144.7108, 153.6394, 162.489, 170.9636, 178.9001, 186.253, 193.3959, 200.6952, 207.8381, 213.1291, 217.5539, 221.9399, 226.5482, 230.2795, 234.1405, 238.5073, 242.9776, 246.8208, 250.3308, 253.8396, 256.9675, 260.312, 263.5202, 266.9332, 270.4793, 273.9145, 277.2986, 280.6209, 284.2077, 287.569, 291.2686, 294.8606, 298.6774, 302.4129, 305.8731, 309.6467, 313.7484, 318.0384, 322.2313]
growth_rate:50.69
