ticker:LEGAU
price:[9.949999809265137, 10.029999732971191, 10.0, 10.029999732971191, 9.989999771118164, 10.074999809265137, 9.989999771118164, 9.949999809265137, 10.0, 10.0, 9.949999809265137, 9.965999603271484, 9.989999771118164, 10.010000228881836, 10.0, 10.0, 9.975000381469727, 9.949999809265137, 9.989999771118164, 9.989999771118164, 9.989999771118164, 9.989999771118164, 9.90999984741211, 9.90999984741211]
assets:[0, 100.00010033769608, 199.701, 300.30019800510405, 399.1024888561249, 502.49867548694607, 598.2591282932282, 695.8641816607475, 799.361, 899.361, 994.8646609291077, 1096.4642593517303, 1199.104667527199, 1301.5052347593307, 1400.205, 1500.205, 1596.4549210525513, 1692.4541725567817, 1799.2578997770308, 1899.257797485924, 1999.2576951948165, 2099.2575929037093, 2182.446563396072, 2282.4463898563386]
shares:[0, 9.9701, 19.9701, 29.9402, 39.9502, 49.8758, 59.8858, 69.9361, 79.9361, 89.9361, 99.9864, 110.0205, 120.0305, 130.0205, 140.0205, 150.0205, 160.0456, 170.0959, 180.1059, 190.1159, 200.1259, 210.1359, 220.2267, 230.3175]
growth_rate:-0.76
