ticker:LEGH
price:[14.729999542236328, 14.630000114440918, 14.100000381469727, 13.130000114440918, 13.829999923706055, 15.390000343322754, 15.15999984741211, 14.75, 13.609999656677246, 13.600000381469727, 14.0, 14.890000343322754, 15.210000038146973, 14.479999542236328, 14.949999809265137, 15.260000228881836, 14.850000381469727, 15.109999656677246, 14.890000343322754, 14.880000114440918, 15.359999656677246, 14.170000076293945, 16.18000030517578, 15.84000015258789, 16.760000228881836, 15.710000038146973, 15.59000015258789, 16.600000381469727, 18.09000015258789, 18.200000762939453, 18.68000030517578, 18.780000686645508, 18.709999084472656, 18.1299991607666, 17.860000610351562, 19.690000534057617, 19.600000381469727, 19.25, 19.040000915527344, 19.440000534057617, 18.989999771118164, 18.0, 17.190000534057617, 17.8799991607666, 17.18000030517578, 15.90999984741211, 16.950000762939453, 17.639999389648438, 18.100000381469727, 18.610000610351562, 18.329999923706055, 19.399999618530273]
assets:[0, 100.000439782238, 196.37775531291962, 282.86747046546935, 397.94856680469513, 542.8360921096802, 634.7234216114044, 717.558, 762.0987357754707, 861.5382641654968, 986.8781999999999, 1149.6152345069886, 1274.321181196022, 1313.160750486374, 1455.7846364268303, 1585.9718237876893, 1643.3604422149658, 1772.1324907343865, 1846.330262571335, 1945.0898069595337, 2107.8343208862307, 2044.5326310081482, 2434.548015918732, 2483.3888879226683, 2727.6263492496487, 2656.7432424510957, 2736.4503667831423, 3013.731729255867, 3384.2410485458377, 3504.8196469211575, 3697.2540044021607, 3817.046407561111, 3902.817872025299, 3881.8322503108975, 3924.022520100403, 4426.091592050171, 4505.859767696381, 4525.3978, 4576.030028035736, 4772.164379101371, 4761.696866608429, 4613.4576, 4505.85153498745, 4786.713579326058, 4699.314203475952, 4451.926611302948, 4842.9389629863745, 5140.0841421508785, 5374.123603263282, 5625.550088500977, 5640.909003521156, 6070.191980639458]
shares:[0, 6.8353, 13.9275, 21.5436, 28.7743, 35.272, 41.8683, 48.648, 55.9955, 63.3484, 70.4913, 77.2072, 83.7818, 90.6879, 97.3769, 103.93, 110.664, 117.2821, 123.998, 130.7184, 137.2288, 144.286, 150.4665, 156.7796, 162.7462, 169.1116, 175.526, 181.5501, 187.078, 192.5725, 197.9258, 203.2506, 208.5953, 214.111, 219.7101, 224.7888, 229.8908, 235.0856, 240.3377, 245.4817, 250.7476, 256.3032, 262.1205, 267.7133, 273.534, 279.8194, 285.7191, 291.388, 296.9129, 302.2864, 307.7419, 312.8965]
growth_rate:19.02
