ticker:LEGN
price:[29.56999969482422, 31.049999237060547, 32.0, 31.09000015258789, 30.329999923706055, 30.139999389648438, 28.100000381469727, 27.6200008392334, 25.8700008392334, 26.260000228881836, 27.5, 28.899999618530273, 29.0, 32.38999938964844, 28.079999923706055, 32.15999984741211, 29.530000686645508, 28.15999984741211, 29.579999923706055, 30.469999313354492, 27.350000381469727, 25.270000457763672, 27.450000762939453, 25.049999237060547, 27.18000030517578, 27.18000030517578, 24.510000228881836, 25.329999923706055, 26.489999771118164, 27.979999542236328, 28.549999237060547, 28.450000762939453, 26.0, 29.06999969482422, 30.100000381469727, 28.579999923706055, 29.600000381469727, 39.849998474121094, 39.369998931884766, 38.66999816894531, 39.900001525878906, 37.9900016784668, 40.11000061035156, 41.0099983215332, 40.36000061035156, 40.70000076293945, 47.779998779296875, 43.029998779296875, 42.41999816894531, 40.65999984741211, 35.380001068115234, 38.029998779296875]
assets:[0, 99.9996275428772, 203.0592, 297.2856904590606, 390.01953501892086, 487.5777841262817, 554.5759875286103, 645.1037876014709, 704.2305758455277, 814.8478071022034, 953.3260000000001, 1101.8587254558565, 1205.6721, 1446.6118697402956, 1354.1186843208313, 1650.8724881671906, 1615.8668725728987, 1640.900087108612, 1823.645449296379, 1978.5145594139099, 1875.9228511648178, 1833.2576692092896, 2091.4100681282043, 2008.5540288261413, 2279.342005592346, 2379.342662715149, 2245.6111229701996, 2420.7399657087326, 2631.598696262169, 2879.6204108882907, 3038.2823538082125, 3127.6394538734435, 2958.3008, 3407.608620227051, 3628.3473559835434, 3545.123208536339, 3771.6468486070635, 5177.706316742707, 5215.339821506882, 5222.611405705262, 5488.731989903259, 5325.989290311813, 5723.1997230895995, 5951.617016410828, 5957.285422090149, 6107.470604487228, 7269.898822265625, 6647.170939428711, 6652.940412826539, 6476.910279693603, 5735.837615163803, 6265.457510888672]
shares:[0, 3.2206, 6.3456, 9.5621, 12.8592, 16.1771, 19.7358, 23.3564, 27.2219, 31.03, 34.6664, 38.1266, 41.5749, 44.6623, 48.2236, 51.3331, 54.7195, 58.2706, 61.6513, 64.9332, 68.5895, 72.5468, 76.1898, 80.1818, 83.861, 87.5402, 91.6202, 95.5681, 99.3431, 102.9171, 106.4197, 109.9346, 113.7808, 117.2208, 120.5431, 124.0421, 127.4205, 129.9299, 132.4699, 135.0559, 137.5622, 140.1945, 142.6876, 145.126, 147.6037, 150.0607, 152.1536, 154.4776, 156.835, 159.2944, 162.1209, 164.7504]
growth_rate:22.85
