ticker:LEGO
price:[9.710000038146973, 9.760000228881836, 9.699999809265137, 9.640000343322754, 9.760000228881836, 9.8100004196167, 9.789999961853027, 9.760000228881836, 9.770000457763672, 9.760000228881836, 9.739999771118164, 9.640000343322754, 9.880000114440918, 10.0, 10.005000114440918, 10.0, 10.039999961853027, 10.029999732971191, 10.149999618530273, 10.069999694824219, 9.979999542236328, 10.180000305175781, 10.350000381469727, 11.470000267028809, 10.800000190734863, 11.050000190734863, 11.069999694824219, 11.069999694824219]
assets:[0, 99.99998634510041, 199.38543607940673, 298.1517146184921, 401.8631294240952, 503.92206355495455, 602.8946306508064, 701.0471524402618, 801.7653175659179, 900.9446451280594, 999.0980085220338, 1088.8399667783738, 1215.9484100844384, 1330.7169999999999, 1431.3823498726845, 1530.667, 1636.7900697810173, 1735.1598638048174, 1855.9193102485656, 1941.2915201683043, 2023.9409131656646, 2164.5011868873594, 2300.6467297948834, 2649.6056186844826, 2594.8339658264163, 2754.8998575525284, 2859.8857131591794, 2959.885448402405]
shares:[0, 10.2459, 20.5552, 30.9286, 41.1745, 51.3682, 61.5827, 71.8286, 82.064, 92.3099, 102.5768, 112.9502, 123.0717, 133.0717, 143.0667, 153.0667, 163.0269, 172.997, 182.8492, 192.7797, 202.7997, 212.6229, 222.2847, 231.0031, 240.2624, 249.3122, 258.3456, 267.379]
growth_rate:9.63
