ticker:LEGOU
price:[10.4399995803833, 10.359999656677246, 10.520000457763672, 10.460000038146973, 10.600000381469727, 10.260000228881836, 10.300000190734863, 10.369999885559082, 10.239999771118164, 10.0600004196167, 10.229999542236328, 10.369999885559082, 10.3100004196167, 10.239999771118164, 10.234000205993652, 10.289999961853027, 10.25, 10.119999885559082, 11.260000228881836, 11.3100004196167, 11.65999984741211, 11.520000457763672, 12.119999885559082, 11.845000267028809, 12.350000381469727, 12.15999984741211, 12.020000457763672, 12.0, 12.350000381469727, 14.199999809265137, 13.3100004196167, 13.399999618530273, 13.489999771118164, 13.489999771118164]
assets:[0, 99.99989668607712, 201.544272769928, 300.39446509552, 404.41545455398557, 491.4437509632111, 593.3593209877968, 697.3918253037452, 788.648942372322, 874.7864504885674, 989.5693387195587, 1103.111848826313, 1196.7291747068405, 1288.603619197464, 1387.8491423351288, 1495.4436364561082, 1589.6304750000002, 1669.4690571209908, 1957.531897790718, 2066.223976659775, 2230.1650288150786, 2303.3883795284273, 2523.356100173664, 2566.1020423491477, 2775.5057407304766, 2832.8057244529728, 2900.1917204494475, 2995.3656, 3182.730948308945, 3759.496809502316, 3623.8658982475276, 3748.369833291817, 3873.5455142784117, 3973.5455335817333]
shares:[0, 9.6525, 19.1582, 28.7184, 38.1524, 47.899, 57.6077, 67.2509, 77.0165, 86.9569, 96.7321, 106.3753, 116.0746, 125.8402, 135.6116, 145.3298, 155.0859, 164.9673, 173.8483, 182.69, 191.2663, 199.9469, 208.1977, 216.6401, 224.7373, 232.961, 241.2805, 249.6138, 257.711, 264.7533, 272.2664, 279.7291, 287.142, 294.5549]
growth_rate:20.41
