ticker:LESL
price:[21.969999313354492, 24.860000610351562, 21.780000686645508, 22.0, 20.0, 19.84000015258789, 20.309999465942383, 23.0, 27.479999542236328, 27.75, 26.299999237060547, 27.829999923706055, 28.280000686645508, 28.600000381469727, 28.049999237060547, 26.420000076293945, 24.690000534057617, 24.280000686645508, 22.510000228881836, 23.729999542236328, 23.59000015258789, 21.8700008392334, 24.8700008392334, 24.950000762939453, 26.3700008392334, 27.309999465942383, 28.420000076293945, 28.0, 27.43000030517578, 28.219999313354492, 29.15999984741211, 29.760000228881836, 27.079999923706055, 25.56999969482422, 27.6200008392334, 27.260000228881836, 26.899999618530273, 24.799999237060547, 24.649999618530273, 24.350000381469727, 23.5, 24.139999389648438, 22.59000015258789, 24.450000762939453, 23.899999618530273]
assets:[0, 99.99935245513916, 187.61074791469574, 289.5068, 363.18800000000005, 460.2820515399933, 571.1862389804841, 746.8376000000001, 992.3082794700622, 1102.05795, 1144.4733967998504, 1311.0518154058457, 1432.2519467754364, 1548.4583606534957, 1618.681305973053, 1624.6186446914671, 1618.236953003311, 1691.3642718322753, 1668.0652999608994, 1858.4718661491395, 1947.5078475971222, 1905.511303121567, 2266.8980894960405, 2374.189677599716, 2609.314220042229, 2802.3282031993867, 3016.225976097107, 3071.6504, 3109.119216590881, 3298.66393973732, 3508.5428456405643, 3680.734684308243, 3449.271662282181, 3356.9369539352415, 3726.0706892166136, 3777.5054637168887, 3827.6197757204054, 3628.8102883644106, 3706.8620126346586, 3761.7487689319614, 3730.4346499999997, 3932.029316583252, 3779.557774529648, 4190.757025768662, 4196.486213019562]
shares:[0, 4.0225, 8.6139, 13.1594, 18.1594, 23.1997, 28.1234, 32.4712, 36.1102, 39.7138, 43.5161, 47.1093, 50.6454, 54.1419, 57.707, 61.492, 65.5422, 69.6608, 74.1033, 78.3174, 82.5565, 87.129, 91.1499, 95.1579, 98.9501, 102.6118, 106.1304, 109.7018, 113.3474, 116.891, 120.3204, 123.6806, 127.3734, 131.2842, 134.9048, 138.5732, 142.2907, 146.323, 150.3798, 154.4866, 158.7419, 162.8844, 167.3111, 171.4011, 175.5852]
growth_rate:-4.63
