ticker:LEVLP
price:[25.527000427246094, 25.450000762939453, 25.3799991607666, 25.350000381469727, 25.25, 25.5, 25.329999923706055, 25.100000381469727, 24.889999389648438, 25.040000915527344, 25.579999923706055, 25.579999923706055, 25.75, 26.399999618530273, 26.75, 26.1200008392334, 26.700000762939453, 27.25, 27.25, 26.799999237060547, 26.850000381469727, 28.195999145507812, 26.5, 27.0, 26.309999465942383, 26.149999618530273, 26.149999618530273, 26.989999771118164, 27.399999618530273, 26.299999237060547, 26.75, 27.010000228881836, 27.010000228881836, 27.10099983215332, 26.8799991607666, 27.290000915527344, 27.290000915527344, 26.974000930786133, 26.799999237060547, 27.329999923706055, 27.25, 27.329999923706055, 27.200000762939453, 27.280000686645508, 27.010000228881836, 27.020000457763672, 27.049999237060547, 26.729999542236328, 27.600000381469727, 27.25, 27.354999542236328, 27.510000228881836]
assets:[0, 100.00068799781799, 199.72536539573667, 299.4899745067596, 398.30865, 502.2531, 598.9050511960984, 693.4678305393219, 787.6664316848755, 892.4131126289367, 1011.658300982666, 1111.65819468441, 1219.0462, 1349.8187804956435, 1467.7136500000001, 1533.1474052598953, 1667.1907676391602, 1801.532925, 1901.5322500000002, 1970.129583914566, 2073.8054244634627, 2277.7658577713014, 2240.75785, 2383.0362, 2422.135384833908, 2507.4057884225845, 2607.406001963806, 2791.1627293302536, 2933.561779158211, 2915.791495415497, 3065.681075, 3195.477499078369, 3295.4766229257584, 3406.579418301773, 3478.7987393867493, 3631.8597528419496, 3731.8585031967164, 3788.6467877340315, 3864.206129994202, 4040.6257027202605, 4128.797375, 4240.919073161125, 4320.747321193695, 4433.455687591361, 4489.5752280445095, 4591.238477783203, 4696.337012540817, 4740.779258811951, 4995.081189038849, 5031.737025, 5151.124221300125, 5280.310708931923]
shares:[0, 3.9293, 7.8694, 11.8142, 15.7746, 19.6962, 23.6441, 27.6282, 31.6459, 35.6395, 39.5488, 43.4581, 47.3416, 51.1295, 54.8678, 58.6963, 62.4416, 66.1113, 69.781, 73.5123, 77.2367, 80.7833, 84.5569, 88.2606, 92.0614, 95.8855, 99.7096, 103.4147, 107.0643, 110.8666, 114.6049, 118.3072, 122.0095, 125.6994, 129.4196, 133.0839, 136.7482, 140.4555, 144.1868, 147.8458, 151.5155, 155.1745, 158.851, 162.5167, 166.219, 169.92, 173.6169, 177.358, 180.9812, 184.6509, 188.3065, 191.9415]
growth_rate:3.54
