ticker:LEVL
price:[16.290000915527344, 16.0, 16.25, 15.010000228881836, 15.119999885559082, 16.43000030517578, 16.049999237060547, 17.489999771118164, 15.75, 16.18000030517578, 18.75, 20.200000762939453, 21.770000457763672, 20.09000015258789, 21.020000457763672, 20.899999618530273, 19.84000015258789, 20.229999542236328, 20.780000686645508, 20.469999313354492, 20.780000686645508, 20.850000381469727, 22.280000686645508, 23.0, 21.59000015258789, 21.399999618530273, 23.690000534057617, 24.149999618530273, 23.81999969482422, 24.75, 26.40999984741211, 24.729999542236328, 25.760000228881836, 26.399999618530273, 27.030000686645508, 27.190000534057617, 27.790000915527344, 27.610000610351562, 27.709999084472656, 27.920000076293945, 28.1200008392334, 26.850000381469727, 27.0, 27.31999969482422, 26.309999465942383, 26.6299991607666, 27.190000534057617, 27.290000915527344, 27.889999389648438, 27.479999542236328, 27.290000915527344, 26.809999465942383]
assets:[0, 100.0, 201.56175000000002, 286.18066436386107, 388.2785730611801, 521.918675694275, 609.8470060108184, 764.5630969945908, 788.5001249999999, 910.0279371643066, 1154.574375, 1343.8616107566834, 1548.3107335567474, 1528.8269126117707, 1699.599463013077, 1789.8968673305512, 1799.1170058368682, 1934.4835912265778, 2087.0767729644776, 2155.941267681122, 2288.5908296232224, 2396.3009688425063, 2660.6509459983827, 2846.6318, 2772.1214755920414, 2847.7257692373278, 3252.4593983221052, 3415.614141047478, 3468.9422855567927, 3704.379525, 4052.833679584122, 3895.0243879013065, 4157.251876937866, 4360.538096991921, 4564.596760954857, 4691.615559151268, 4895.1447442680355, 4963.438765722656, 5081.415296112061, 5219.926006263924, 5357.318515887642, 5215.362869096947, 5344.4988, 5507.840342475129, 5404.218595301628, 5569.949265465355, 5787.078928668023, 5908.361610214233, 6138.2625526687625, 6148.02610158577, 6205.516972183228, 6196.369972567749]
shares:[0, 6.25, 12.4038, 19.066, 25.6798, 31.7662, 37.9967, 43.7143, 50.0635, 56.244, 61.5773, 66.5278, 71.1213, 76.0989, 80.8563, 85.641, 90.6813, 95.6245, 100.4368, 105.322, 110.1343, 114.9305, 119.4188, 123.7666, 128.3984, 133.0713, 137.2925, 141.4333, 145.6315, 149.6719, 153.4583, 157.502, 161.384, 165.1719, 168.8715, 172.5493, 176.1477, 179.7696, 183.3784, 186.9601, 190.5163, 194.2407, 197.9444, 201.6047, 205.4055, 209.1607, 212.8385, 216.5028, 220.0883, 223.7273, 227.3916, 231.1216]
growth_rate:21.5
