ticker:LEXX
price:[4.579999923706055, 4.260000228881836, 4.630000114440918, 7.199999809265137, 6.96999979019165, 6.900000095367432, 5.980000019073486, 5.449999809265137, 6.360000133514404, 6.039999961853027, 5.369999885559082, 5.590000152587891, 5.480000019073486, 4.960000038146973, 5.329999923706055, 5.059999942779541, 6.260000228881836, 6.190000057220459, 5.800000190734863, 6.079999923706055, 6.909999847412109, 6.550000190734863, 6.789999961853027, 7.0, 6.869999885559082, 7.230000019073486, 6.519999980926514, 6.769999980926514, 6.230000019073486, 6.179999828338623, 5.510000228881836, 5.809999942779541, 6.090000152587891, 6.159999847412109]
assets:[0, 100.00009737281799, 208.68568015813827, 424.52206875400543, 510.9609266192436, 605.829668373394, 625.0523259936332, 669.6545565639495, 881.4686705045223, 937.1180740814208, 933.1663601131439, 1071.3967582454682, 1150.3139280037403, 1141.1601047765732, 1326.2868000154497, 1359.1013106307507, 1781.4176551332475, 1861.4976712077141, 1844.214460647583, 2033.2456064861296, 2410.810498764038, 2385.2113894569397, 2572.6080865468025, 2752.1732, 2801.0610853397366, 3047.8419350405215, 2848.5377876669404, 3057.7605323852063, 2913.86258992095, 2990.4765789337634, 2766.2664119089127, 3016.8796542879104, 3262.271793737793, 3399.769211785126]
shares:[0, 23.4742, 45.0725, 58.9614, 73.3086, 87.8014, 104.5238, 122.8724, 138.5957, 155.152, 173.774, 191.6631, 209.9113, 230.0726, 248.8343, 268.5971, 284.5715, 300.7266, 317.968, 334.4154, 348.8872, 364.1544, 378.8819, 393.1676, 407.7236, 421.5549, 436.8923, 451.6633, 467.7147, 483.8959, 502.0447, 519.2564, 535.6768, 551.9106]
growth_rate:3.02
