ticker:LFMD
price:[6.599999904632568, 6.25, 6.0, 6.349999904632568, 6.75, 7.050000190734863, 6.75, 5.900000095367432, 5.989999771118164, 6.03000020980835, 5.519999980926514, 9.239999771118164, 8.710000038146973, 8.470000267028809, 7.809999942779541, 6.849999904632568, 7.840000152587891, 6.53000020980835, 7.480000019073486, 6.980000019073486, 11.079999923706055, 20.81999969482422, 22.1299991607666, 29.229999542236328, 29.399999618530273, 21.940000534057617, 15.960000038146973, 18.139999389648438, 20.489999771118164, 19.239999771118164, 17.260000228881836, 14.5, 9.970000267028809, 8.779999732971191, 9.710000038146973, 8.279999732971191, 8.779999732971191, 12.710000038146973, 12.880000114440918, 13.579999923706055, 13.460000038146973, 13.279999732971191, 12.649999618530273, 10.930000305175781, 10.829999923706055, 9.4399995803833, 10.0600004196167, 9.8100004196167, 9.829999923706055, 7.400000095367432, 7.190000057220459, 7.809999942779541]
assets:[0, 100.0, 196.0002, 307.43334038281444, 426.799125, 545.7680097655297, 622.543725, 644.1496204120159, 753.975647190094, 859.0103128884792, 886.3574369373322, 1583.685140770912, 1592.8464829761504, 1648.9565919857025, 1620.46642912755, 1521.279488820362, 1841.1432838336943, 1633.5030604843141, 1971.1490530262947, 1939.387421299553, 3178.5694381132125, 6072.727542987061, 6554.826083422088, 8757.819387845993, 8908.755544407462, 6748.235156263732, 5008.926311972141, 5793.103133081055, 6643.58736978836, 6338.292768598748, 5786.0146447273255, 4960.7893, 3510.9704890351295, 3191.907442923546, 3630.0029212609293, 3195.409216948509, 3488.368523907184, 5149.790788456249, 5318.671111257267, 5707.729645933342, 5757.292926316738, 5780.300491772079, 5606.083885944558, 4943.833692036438, 4998.6016267864225, 4457.044825880242, 4849.775302290916, 4829.254253568363, 4939.099189665985, 3818.1417892062664, 3809.789057319593, 4238.31046294775]
shares:[0, 16.0, 32.6667, 48.4147, 63.2295, 77.4139, 92.2287, 109.1779, 125.8724, 142.4561, 160.572, 171.3945, 182.8756, 194.682, 207.4861, 222.0846, 234.8397, 250.1536, 263.5226, 277.8492, 286.8745, 291.6776, 296.1964, 299.6175, 303.0189, 307.5768, 313.8425, 319.3552, 324.2356, 329.4331, 335.2268, 342.1234, 352.1535, 363.543, 373.8417, 385.919, 397.3085, 405.1763, 412.9403, 420.3041, 427.7335, 435.2636, 443.1687, 452.3178, 461.5514, 472.1446, 482.085, 492.2787, 502.4516, 515.9651, 529.8733, 542.6774]
growth_rate:-16.9
