ticker:LFTRW
price:[2.25, 1.850000023841858, 2.130000114440918, 2.6500000953674316, 2.1500000953674316, 2.299999952316284, 1.8700000047683716, 2.130000114440918, 2.140000104904175, 3.140000104904175, 2.319999933242798, 1.600000023841858, 1.899999976158142, 1.8200000524520874, 1.2200000286102295, 1.2300000190734863, 1.1749999523162842, 1.1200000047683716, 1.059999942779541, 1.090000033378601, 0.9900000095367432, 0.8899999856948853, 0.8799999952316284, 0.9599999785423279, 1.0, 1.059999942779541, 1.1200000047683716, 1.149999976158142, 1.0800000429153442, 1.149999976158142, 1.25, 1.1699999570846558, 1.0800000429153442, 1.0199999809265137, 1.0499999523162842, 0.824999988079071, 0.8999999761581421, 0.8650000095367432]
assets:[0, 100.00008628875017, 215.1353365588188, 367.65650823111537, 398.2873026668072, 526.0748490933895, 527.7216683456539, 701.0948626685142, 804.3864494315386, 1280.2678467724322, 1045.930209903717, 821.3312122387886, 1075.3308265063763, 1130.0538665679574, 857.5086181094408, 964.5373559569836, 1021.4076010493517, 1073.5970605708123, 1116.0828437520981, 1247.6701732068657, 1233.2049958795546, 1208.6388485733507, 1295.0586809825897, 1512.7912941864788, 1675.8243, 1876.373632710409, 2082.5835608665466, 2238.366968594062, 2202.1186835043313, 2444.848429313278, 2757.444, 2680.967502662694, 2574.7394343109486, 2531.698194658518, 2706.159837104988, 2226.2684903312866, 2528.6564930134773, 2530.3199123971226]
shares:[0, 54.0541, 101.0025, 138.7383, 185.2499, 228.7282, 282.2041, 329.1525, 375.8815, 407.7286, 450.832, 513.332, 565.9636, 620.9087, 702.8759, 784.1767, 869.2831, 958.5688, 1052.9084, 1144.6515, 1245.6616, 1358.0212, 1471.6576, 1575.8243, 1675.8243, 1770.1639, 1859.4496, 1946.4061, 2038.9987, 2125.9552, 2205.9552, 2291.4253, 2384.0179, 2482.0571, 2577.2952, 2698.5073, 2809.6184, 2925.2253]
growth_rate:-31.61
