ticker:LFTRU
price:[9.890000343322754, 9.890000343322754, 9.949999809265137, 10.020000457763672, 10.0, 9.960000038146973, 10.039999961853027, 10.119999885559082, 10.350000381469727, 10.890000343322754, 10.84000015258789, 11.199999809265137, 11.380000114440918, 11.6899995803833, 11.0, 11.59000015258789, 11.510000228881836, 12.789999961853027, 11.15999984741211, 10.539999961853027, 10.850000381469727, 10.8100004196167, 10.600000381469727, 10.229999542236328, 10.59000015258789, 10.359999656677246, 10.369999885559082, 10.251999855041504, 10.15999984741211, 10.010000228881836, 10.0, 9.970000267028809, 10.100000381469727, 10.119999885559082, 10.029999732971191, 10.100000381469727, 10.079999923706055, 10.09000015258789, 10.100000381469727, 10.130000114440918, 10.109999656677246, 10.0649995803833, 10.0, 9.954000473022461, 9.965999603271484]
assets:[0, 99.99977147140503, 200.60692115449905, 302.0178437976837, 401.415, 499.80973391427995, 603.8246737057685, 708.6357879864694, 824.7408153974534, 967.7703725103379, 1063.3270509677886, 1198.6407795872688, 1317.9041572532653, 1453.8045868151664, 1467.9940000000001, 1646.731560680008, 1735.36503650856, 2028.3507459503173, 1869.8512784339903, 1865.9710272465707, 2020.852716050148, 2113.402646036911, 2172.3471181777954, 2196.520029711914, 2373.8173692035675, 2422.26115972805, 2524.599286139107, 2595.871976095581, 2672.576783861923, 2733.1194514936446, 2830.389, 2921.898008257866, 3059.9971155738835, 3166.0561321969985, 3237.8995587973595, 3360.497376923561, 3453.842421858406, 3557.268904795456, 3660.7946282655716, 3771.6685006093976, 3864.2218267759326, 3947.021793445969, 4021.532, 4103.033022579575, 4207.97889348793]
shares:[0, 10.1112, 20.1615, 30.1415, 40.1415, 50.1817, 60.1419, 70.0233, 79.6851, 88.8678, 98.0929, 107.0215, 115.8088, 124.3631, 133.454, 142.0821, 150.7702, 158.5888, 167.5494, 177.0371, 186.2537, 195.5044, 204.9384, 214.7136, 224.1565, 233.809, 243.4522, 253.2064, 263.0489, 273.0389, 283.0389, 293.069, 302.97, 312.8514, 322.8215, 332.7225, 342.6431, 352.5539, 362.4549, 372.3266, 382.2178, 392.1532, 402.1532, 412.1994, 422.2335]
growth_rate:-4.36
