ticker:LFTR
price:[9.984999656677246, 10.324999809265137, 10.350000381469727, 10.680000305175781, 10.770000457763672, 11.09000015258789, 10.550000190734863, 10.880000114440918, 10.880000114440918, 11.699999809265137, 10.520000457763672, 10.34000015258789, 10.15999984741211, 9.970000267028809, 9.869999885559082, 9.869999885559082, 10.020000457763672, 9.899999618530273, 9.890000343322754, 9.890000343322754, 9.84000015258789, 9.760000228881836, 9.699999809265137, 9.680000305175781, 9.710000038146973, 9.779999732971191, 9.710000038146973, 9.729999542236328, 9.75, 9.75, 9.760000228881836, 9.75, 9.75, 9.75, 9.710000038146973, 9.710000038146973, 9.729999542236328, 9.710000038146973]
assets:[0, 99.9996881526947, 200.2414573802948, 306.62601276168823, 409.2104753929138, 521.3686321735382, 595.9821707748413, 714.6245195167542, 814.6247765686035, 976.0210040887832, 977.5847185382843, 1060.858165655136, 1142.3903828430175, 1221.026929703045, 1308.7797508249282, 1408.7796286654473, 1530.1893399066926, 1611.8634878911973, 1710.2352323693276, 1810.2350038407326, 1901.0831094799041, 1985.6271505649568, 2073.420549229527, 2169.1457723854064, 2275.8686489410397, 2392.2749766823767, 2475.1528057239534, 2580.250901607895, 2685.554625, 2785.554525, 2888.41155573616, 2985.45195, 3085.45185, 3185.45175, 3272.383619855976, 3372.3839972488404, 3479.33010330925, 3572.17890003376]
shares:[0, 9.6852, 19.347, 28.7103, 37.9954, 47.0125, 56.4912, 65.6824, 74.8736, 83.4206, 92.9263, 102.5975, 112.44, 122.4701, 132.6018, 142.7335, 152.7135, 162.8145, 172.9257, 183.0369, 193.1995, 203.4454, 213.7547, 224.0853, 234.384, 244.6089, 254.9076, 265.1851, 275.4415, 285.6979, 295.9438, 306.2002, 316.4566, 326.713, 337.0117, 347.3104, 357.5879, 367.8866]
growth_rate:-3.45
