ticker:LFUS
price:[180.05999755859375, 175.3300018310547, 176.69000244140625, 169.5500030517578, 181.13999938964844, 187.5, 192.77999877929688, 202.57000732421875, 197.94000244140625, 213.2899932861328, 224.92999267578125, 232.47000122070312, 242.38999938964844, 247.02000427246094, 246.72999572753906, 251.14999389648438, 251.66000366210938, 254.66000366210938, 269.6099853515625, 275.8500061035156, 279.2300109863281, 243.3699951171875, 262.0, 274.7099914550781, 278.55999755859375, 260.2200012207031, 257.2900085449219, 268.739990234375, 263.4200134277344, 268.5400085449219, 267.3999938964844, 269.95001220703125, 274.3599853515625, 275.94000244140625, 265.239990234375, 264.32000732421875, 257.4200134277344, 257.80999755859375, 261.239990234375, 261.3900146484375, 260.6600036621094, 239.00999450683594, 247.42999267578125, 252.6300048828125, 252.50999450683594, 240.25, 250.22999572753906, 265.989990234375, 264.04998779296875, 278.57000732421875, 274.29998779296875, 285.57000732421875]
assets:[0, 100.0082330444336, 200.79051877441407, 292.67721526794435, 412.6912606094361, 527.175, 642.0152299346923, 774.6277080078124, 856.921858569336, 1023.3653877868652, 1179.217979602051, 1318.7558229248045, 1475.0401022857666, 1603.2092317291258, 1701.3266855392455, 1831.8127104827881, 1935.5422541656494, 2058.6205376037597, 2279.4715431518557, 2432.224673815918, 2562.0191198028565, 2332.993447192383, 2611.5898, 2838.2761607147213, 2978.0570778991696, 2881.9885575195312, 2949.54692895813, 3180.8065244140626, 3217.833516027832, 3380.3816275634763, 3466.0387208862303, 3599.0815427490234, 3757.8812833618163, 3879.523276324463, 3829.0840710205075, 3915.7951805053713, 3913.582206143188, 4019.515671936035, 4172.995356005859, 4275.399635595703, 4363.44846130371, 4101.029089746094, 4345.513989367676, 4536.8306796875, 4634.669443176269, 4509.63665, 4796.95906409607, 5199.093547119141, 5261.169601776123, 5650.486171563721, 5663.8832979431145, 5996.598912799072]
shares:[0, 0.5704, 1.1364, 1.7262, 2.2783, 2.8116, 3.3303, 3.824, 4.3292, 4.798, 5.2426, 5.6728, 6.0854, 6.4902, 6.8955, 7.2937, 7.6911, 8.0838, 8.4547, 8.8172, 9.1753, 9.5862, 9.9679, 10.3319, 10.6909, 11.0752, 11.4639, 11.836, 12.2156, 12.588, 12.962, 13.3324, 13.6969, 14.0593, 14.4363, 14.8146, 15.2031, 15.591, 15.9738, 16.3564, 16.74, 17.1584, 17.5626, 17.9584, 18.3544, 18.7706, 19.1702, 19.5462, 19.9249, 20.2839, 20.6485, 20.9987]
growth_rate:17.58
