ticker:LFVN
price:[14.699999809265137, 14.130000114440918, 13.380000114440918, 12.420000076293945, 11.760000228881836, 13.130000114440918, 13.15999984741211, 11.8100004196167, 11.050000190734863, 10.789999961853027, 11.140000343322754, 10.979999542236328, 11.359999656677246, 11.0, 10.420000076293945, 10.300000190734863, 9.5, 9.319999694824219, 9.59000015258789, 9.399999618530273, 9.255000114440918, 8.9399995803833, 9.680000305175781, 9.350000381469727, 8.819999694824219, 8.75, 9.470000267028809, 9.359999656677246, 9.300000190734863, 9.539999961853027, 9.4399995803833, 9.029999732971191, 8.819999694824219, 8.609999656677246, 8.130000114440918, 7.46999979019165, 8.149999618530273, 8.25, 7.96999979019165, 8.100000381469727, 8.520000457763672, 7.400000095367432, 6.929999828338623, 7.110000133514404, 6.800000190734863, 7.239999771118164, 8.289999961853027, 8.119999885559082, 7.519999980926514, 7.139999866485596, 7.300000190734863, 7.684999942779541]
assets:[0, 99.99942380990981, 194.69104366521836, 280.72180972442624, 365.8042151195526, 508.41855143136974, 609.5804049320221, 647.0474839900016, 705.4088071761131, 788.8105002112388, 914.3979641807557, 1001.2650602565765, 1135.917037670231, 1199.9196, 1236.6508190546035, 1322.4087844882963, 1319.6972500000002, 1394.6922863319398, 1535.0962584251404, 1604.6823948789597, 1679.929675272846, 1722.7522231391908, 1965.3517579605102, 1998.3512715305328, 1985.0758773155212, 2069.321625, 2339.5976579704284, 2412.4219755128856, 2496.9579812104225, 2661.3957313580513, 2733.4981984934807, 2714.776410720539, 2751.642336791992, 2786.1270089035033, 2730.8028114398003, 2609.1140567183493, 2946.62339708004, 3082.7783249999998, 3078.151002968407, 3228.3596420396807, 3495.7561878204347, 3136.2199404180046, 3037.027379770517, 3215.91136238966, 3175.6959690758704, 3481.1823019475937, 4086.049791197777, 4102.258858183956, 3899.1365341103556, 3802.1056209025382, 3987.306824180603, 4297.596446001244]
shares:[0, 7.0771, 14.5509, 22.6024, 31.1058, 38.7219, 46.3207, 54.7881, 63.8379, 73.1057, 82.0824, 91.1899, 99.9927, 109.0836, 118.6805, 128.3892, 138.9155, 149.6451, 160.0726, 170.7109, 181.5159, 192.7016, 203.0322, 213.7274, 225.0653, 236.4939, 247.0536, 257.7374, 268.4901, 278.9723, 289.5655, 300.6397, 311.9776, 323.592, 335.8921, 349.279, 361.5489, 373.6701, 386.2172, 398.5629, 410.3, 423.8135, 438.2435, 452.3082, 467.0141, 480.8263, 492.889, 505.2043, 518.5022, 532.5078, 546.2064, 559.2188]
growth_rate:-15.73
