ticker:LGAC
price:[9.949999809265137, 9.899999618530273, 9.8100004196167, 9.800000190734863, 9.789999961853027, 9.720000267028809, 9.8100004196167, 9.819999694824219, 9.819999694824219, 9.789999961853027, 9.850000381469727, 9.720000267028809, 9.760000228881836, 9.720000267028809, 9.779999732971191, 9.760000228881836, 9.729999542236328, 9.710000038146973, 9.699999809265137, 9.649999618530273, 9.649999618530273, 9.680000305175781]
assets:[0, 99.9998961467743, 199.09101551599502, 298.88824581718444, 398.5832054469108, 495.7336216188431, 600.3239566784858, 700.935866217041, 800.9358691093445, 898.4889944990158, 1003.995763882637, 1090.745381965065, 1195.2340280294418, 1290.3358674482345, 1398.3003518214227, 1495.4408990695952, 1590.8442221561431, 1687.5747026298523, 1785.8368948843956, 1876.631565815735, 1976.6316168626786, 2082.776937662506]
shares:[0, 10.101, 20.2947, 30.4988, 40.7133, 51.0014, 61.1951, 71.3784, 81.5617, 91.7762, 101.9285, 112.2166, 122.4625, 132.7506, 142.9755, 153.2214, 163.4989, 173.7976, 184.1069, 194.4696, 204.8323, 215.1629]
growth_rate:-0.82
