ticker:LGACU
price:[10.430000305175781, 10.5, 10.300000190734863, 10.050000190734863, 10.109999656677246, 10.0, 10.039999961853027, 10.0, 10.09000015258789, 10.020000457763672, 10.0, 10.0, 10.0, 9.949999809265137, 9.960000038146973, 10.0, 10.0, 10.0, 9.989999771118164, 9.989999771118164, 9.989999771118164, 9.949999809265137, 10.020000457763672, 10.010000228881836, 9.9399995803833, 9.920000076293945, 9.880000114440918, 9.850000381469727, 9.819999694824219, 9.819999694824219]
assets:[0, 99.9999, 198.09475366830827, 293.2861405661583, 395.0371155850411, 490.73900000000003, 592.7023617480278, 690.3409999999999, 796.5540530460358, 891.0275387065886, 989.2489999999999, 1089.249, 1189.249, 1283.303215399933, 1384.5933893030167, 1490.154, 1590.154, 1690.154, 1788.4637050243377, 1888.4636027332308, 1988.4635004421234, 2080.5021751181603, 2195.138614284897, 2292.9477094289778, 2376.913333658695, 2472.1304830129625, 2562.162645677757, 2654.3830277986526, 2746.2984306533813, 2846.298433545685]
shares:[0, 9.5238, 19.2325, 29.1827, 39.0739, 49.0739, 59.0341, 69.0341, 78.9449, 88.9249, 98.9249, 108.9249, 118.9249, 128.9752, 139.0154, 149.0154, 159.0154, 169.0154, 179.0254, 189.0354, 199.0454, 209.0957, 219.0757, 229.0657, 239.1261, 249.2067, 259.3282, 269.4805, 279.6638, 289.8471]
growth_rate:-1.85
