ticker:LGHL
price:[2.630000114440918, 2.609999895095825, 2.5999999046325684, 2.25, 2.244999885559082, 2.2899999618530273, 2.680000066757202, 2.6500000953674316, 2.2699999809265137, 2.359999895095825, 2.2699999809265137, 2.619999885559082, 2.640000104904175, 2.4200000762939453, 2.130000114440918, 2.2300000190734863, 2.0399999618530273, 1.9299999475479126, 3.6600000858306885, 3.4200000762939453, 2.940000057220459, 3.5999999046325684, 3.450000047683716, 4.449999809265137, 5.400000095367432, 3.119999885559082, 2.799999952316284, 3.799999952316284, 4.110000133514404, 4.429999828338623, 3.6600000858306885, 3.259999990463257, 2.700000047683716, 2.4000000953674316, 2.619999885559082, 2.174999952316284, 2.0999999046325684, 2.0199999809265137, 2.3399999141693115, 2.259999990463257, 2.380000114440918, 2.0799999237060547, 2.1600000858306885, 2.0399999618530273, 2.109999895095825, 2.059999942779541, 2.059999942779541, 1.9800000190734863, 2.009999990463257, 1.6399999856948853, 1.440000057220459, 1.3799999952316284]
assets:[0, 100.00005798068047, 199.61681267809868, 272.745225, 372.1390385298729, 479.59835601081846, 661.2766164720059, 753.8741471302033, 745.771492733717, 875.3395370903493, 941.9580570852756, 1187.1937361436844, 1296.2564195086002, 1288.2350106134413, 1233.8598632929802, 1391.7873889041425, 1373.204554321766, 1399.1592519747019, 2753.3280285683154, 2672.782043624878, 2397.6547186649323, 3035.9036795760153, 3009.4077865941285, 3981.699629337311, 4931.725587097407, 2949.4413478151323, 2746.934633219981, 3827.9827719651457, 4240.265765746117, 4670.407945022869, 3958.6216888336658, 3625.9851933926107, 3103.116534803009, 2858.325953579664, 3220.338799336433, 2773.3728891978267, 2777.739173854351, 2771.9207338266374, 3311.036698551893, 3297.838994083786, 3572.9456598030088, 3222.574041796684, 3446.5194649523733, 3355.045953262329, 3570.1700404996395, 3585.568950403929, 3685.568969626236, 3642.4403090878964, 3797.6286569815875, 3198.562656100118, 2908.4941155731676, 2887.3067840233684]
shares:[0, 38.3142, 76.7757, 121.2201, 165.7635, 209.4316, 246.745, 284.4808, 328.5337, 370.9066, 414.9595, 453.1274, 491.0062, 532.3285, 579.2769, 624.1199, 673.1395, 724.953, 752.2754, 781.5152, 815.5288, 843.3066, 872.2921, 894.764, 913.2825, 945.3338, 981.0481, 1007.3639, 1031.6948, 1054.2682, 1081.5906, 1112.2654, 1149.3024, 1190.9691, 1229.137, 1275.114, 1322.733, 1372.238, 1414.973, 1459.2208, 1501.2376, 1549.3145, 1595.6108, 1644.6304, 1692.0238, 1740.5675, 1789.1112, 1839.6163, 1889.3675, 1950.3431, 2019.7875, 2092.2513]
growth_rate:-43.39
