ticker:LGIH
price:[108.0999984741211, 112.52999877929688, 105.76000213623047, 107.88999938964844, 126.19999694824219, 126.26000213623047, 126.9000015258789, 116.87999725341797, 106.87999725341797, 117.33999633789062, 111.91999816894531, 110.05999755859375, 111.58999633789062, 104.83999633789062, 107.81999969482422, 112.55000305175781, 112.73999786376953, 105.8499984741211, 97.33000183105469, 100.87999725341797, 110.5999984741211, 106.70999908447266, 116.30000305175781, 120.81999969482422, 119.0, 109.25, 125.13999938964844, 138.58999633789062, 141.55999755859375, 151.6999969482422, 153.0, 158.08999633789062, 168.77999877929688, 167.14999389648438, 165.77999877929688, 183.36000061035156, 175.8300018310547, 164.5, 180.80999755859375, 172.99000549316406, 156.4499969482422, 153.00999450683594, 153.6199951171875, 165.41000366210938, 164.1699981689453, 155.41000366210938, 165.69000244140625, 170.89999389648438, 158.49000549316406, 157.77000427246094, 153.86000061035156, 158.1999969482422]
assets:[0, 100.00540991516114, 193.98499591827394, 297.8950773147583, 448.4516891555786, 548.6628392829896, 651.4411578330993, 700.0059915504455, 740.1119169807433, 912.5414175201416, 970.3911521240235, 1054.2647166137697, 1168.916370639038, 1198.2058341461181, 1332.267044229126, 1490.713535420227, 1593.2303758110047, 1595.858086994934, 1567.4023494873047, 1724.5738170463565, 1990.7446725349428, 2020.7245686630247, 2302.321380413818, 2491.803755706024, 2554.2636, 2444.9822249999997, 2900.5950178527833, 3312.356348474121, 3483.3385479248045, 3832.852122894287, 3965.6987999999997, 4197.63720076294, 4581.48243286438, 4637.242280670166, 4699.233001397705, 5297.563793634034, 5180.004602943421, 4946.2189, 5536.637178240967, 5397.1843773834225, 4981.148872836304, 4971.631343515014, 5091.458222167968, 5582.223721588134, 5640.372210090638, 5439.412292175293, 5899.210277923585, 6184.699879119873, 5835.602002258301, 5909.0861860198975, 5862.635305256654, 6128.00344178772]
shares:[0, 0.8887, 1.8342, 2.7611, 3.5535, 4.3455, 5.1335, 5.9891, 6.9247, 7.7769, 8.6704, 9.579, 10.4751, 11.4289, 12.3564, 13.2449, 14.1319, 15.0766, 16.104, 17.0953, 17.9995, 18.9366, 19.7964, 20.6241, 21.4644, 22.3797, 23.1788, 23.9004, 24.6068, 25.266, 25.9196, 26.5522, 27.1447, 27.743, 28.3462, 28.8916, 29.4603, 30.0682, 30.6213, 31.1994, 31.8386, 32.4922, 33.1432, 33.7478, 34.3569, 35.0004, 35.6039, 36.189, 36.82, 37.4538, 38.1037, 38.7358]
growth_rate:20.16
