ticker:LGND
price:[99.06999969482422, 101.7699966430664, 92.08000183105469, 97.18000030517578, 97.1500015258789, 101.61000061035156, 97.30999755859375, 85.0199966430664, 82.44999694824219, 86.4000015258789, 83.70999908447266, 83.22000122070312, 85.91999816894531, 86.55999755859375, 92.83999633789062, 99.0999984741211, 106.05000305175781, 99.44999694824219, 106.31999969482422, 123.33999633789062, 142.6199951171875, 185.35000610351562, 203.02999877929688, 172.4600067138672, 142.8699951171875, 148.22000122070312, 144.39999389648438, 164.77999877929688, 159.9499969482422, 153.47999572753906, 154.60000610351562, 153.44000244140625, 150.22999572753906, 146.22000122070312, 145.88999938964844, 130.6199951171875, 129.52000427246094, 122.48999786376953, 117.69999694824219, 115.38999938964844, 123.62999725341797, 126.61000061035156, 139.3699951171875, 133.25, 129.39999389648438, 113.18000030517578, 122.0, 113.51000213623047, 110.02999877929688, 106.81999969482422, 104.0999984741211, 114.33000183105469]
assets:[0, 99.99919870147706, 190.47669178771972, 301.0247689453125, 400.92834129714964, 519.3388741195679, 597.3568820129394, 621.9127734443664, 703.1170839752197, 836.8012947784424, 910.7480480392455, 1005.4141227478027, 1138.0361517471313, 1246.5159008422852, 1436.9496113189698, 1633.8418548431396, 1848.4303431915284, 1833.3905287399293, 2060.045682086945, 2489.8275040740964, 2979.0321960083006, 3971.5687207824703, 4450.397270242309, 3880.2984130599975, 3314.526738720703, 3538.648775143433, 3547.4457700561525, 4148.122255270386, 4126.533976268005, 4059.622626991272, 4189.242745388794, 4257.806627746581, 4268.725236599731, 4254.78270552063, 4345.17315282135, 3990.375540832519, 4056.7737658203123, 3936.583551345825, 3882.640419329834, 3906.436117337036, 4285.398957794952, 4488.691690638733, 5041.068471386719, 4919.709925, 4877.564549935913, 4366.167507772827, 4806.4218, 4571.944515042877, 4531.772550723267, 4499.568165145111, 4484.992284259796, 5025.7410864898675]
shares:[0, 0.9826, 2.0686, 3.0976, 4.1269, 5.1111, 6.1387, 7.3149, 8.5278, 9.6852, 10.8798, 12.0814, 13.2453, 14.4006, 15.4777, 16.4868, 17.4298, 18.4353, 19.3759, 20.1867, 20.8879, 21.4274, 21.9199, 22.4997, 23.1996, 23.8743, 24.5668, 25.1737, 25.7989, 26.4505, 27.0973, 27.749, 28.4146, 29.0985, 29.7839, 30.5495, 31.3216, 32.138, 32.9876, 33.8542, 34.6631, 35.4529, 36.1704, 36.9209, 37.6937, 38.5772, 39.3969, 40.2779, 41.1867, 42.1229, 43.0835, 43.9582]
growth_rate:-1.46
