ticker:LGO
price:[7.599999904632568, 7.300000190734863, 6.900000095367432, 7.400000095367432, 7.800000190734863, 8.399999618530273, 9.399999618530273, 12.399999618530273, 11.600000381469727, 10.399999618530273, 11.0, 11.399999618530273, 13.0, 14.899999618530273, 14.0, 14.5, 16.760000228881836, 17.5, 18.049999237060547, 14.630000114440918, 13.260000228881836, 14.640000343322754, 15.789999961853027, 15.710000038146973, 15.6899995803833, 15.989999771118164, 15.15999984741211, 15.390000343322754, 14.5, 15.390000343322754, 16.420000076293945, 16.290000915527344, 14.34000015258789, 12.770000457763672, 13.569999694824219, 13.529999732971191]
assets:[0, 99.9997826128006, 194.52066268854142, 308.61626397728924, 425.2981303998947, 558.0136546588898, 724.4438706007004, 1055.6491675243378, 1087.5429557641983, 1075.0386005678176, 1237.06, 1382.0436137537001, 1676.0146000000002, 2020.970388259125, 1998.8990000000001, 2170.2889499999997, 2608.554927623558, 2823.73, 3012.4762826683045, 2541.6918648819924, 2403.680021490097, 2753.836768580246, 3070.1554855828285, 3154.600998659992, 3250.5850770656584, 3412.737656149864, 3335.5910944267275, 3486.1967427706722, 3384.59145, 3692.33502436924, 4039.449736768913, 4107.468344847107, 3715.7822735385894, 3408.9643922004702, 3722.5250302841187, 3811.552460774994]
shares:[0, 13.6986, 28.1914, 41.7049, 54.5254, 66.4302, 77.0685, 85.133, 93.7537, 103.3691, 112.46, 121.2319, 128.9242, 135.6356, 142.7785, 149.6751, 155.6417, 161.356, 166.8962, 173.7315, 181.273, 188.1036, 194.4367, 200.8021, 207.1756, 213.4295, 220.0258, 226.5235, 233.4201, 239.9178, 246.0079, 252.1466, 259.1201, 266.951, 274.3202, 281.7112]
growth_rate:8.9
