ticker:LGVN
price:[7.409999847412109, 6.159999847412109, 8.0, 6.829999923706055, 8.119999885559082, 7.179999828338623, 5.880000114440918, 6.489999771118164, 6.809999942779541, 6.519999980926514, 5.900000095367432, 6.150000095367432, 5.590000152587891, 5.300000190734863, 6.389999866485596, 6.599999904632568, 6.739999771118164, 7.059999942779541, 7.199999809265137, 7.849999904632568, 8.300000190734863, 7.46999979019165, 6.28000020980835, 6.190000057220459, 5.739999771118164, 5.900000095367432, 3.9000000953674316, 3.569999933242798, 3.5299999713897705, 3.4000000953674316]
assets:[0, 100.00020552291869, 229.8704, 296.25192969074254, 452.2060416267395, 499.8572280492782, 509.35383391342157, 662.1947956464768, 794.8454873213768, 860.9972934812546, 879.1236142101287, 1016.3748457608223, 1023.8269749469757, 1070.7123985324858, 1390.9157439378262, 1536.626497796345, 1669.2216033153534, 1848.4724830183507, 1985.1277874120713, 2264.3411074911596, 2494.144247315693, 2344.7298481440544, 2071.2056131968498, 2141.5227507962704, 2085.838426827431, 2243.9806662716387, 1583.3091687169551, 1549.3367740281822, 1631.977231773019, 1671.876266894865]
shares:[0, 16.2338, 28.7338, 43.3751, 55.6904, 69.618, 86.6248, 102.0331, 116.7174, 132.0548, 149.004, 165.2642, 183.1533, 202.0212, 217.6707, 232.8222, 247.659, 261.8233, 275.7122, 288.4511, 300.4993, 313.8862, 329.8098, 345.9649, 363.3865, 380.3357, 405.9767, 433.9879, 462.3165, 491.7283]
growth_rate:-42.35
