ticker:LHAA
price:[10.020000457763672, 10.0, 10.0, 9.9399995803833, 9.899999618530273, 10.0, 9.949999809265137, 10.0, 10.0, 9.989999771118164, 9.899999618530273, 9.902000427246094, 9.899999618530273, 9.869999885559082, 9.880000114440918, 9.899999618530273, 9.899999618530273, 9.829999923706055, 9.789999961853027, 9.850000381469727, 9.791000366210938, 9.710000038146973, 9.800000190734863, 9.90999984741211, 9.619999885559082, 9.739999771118164]
assets:[0, 100.0, 200.0, 298.8003633861542, 397.59784467964175, 501.61400000000003, 599.1064035155297, 702.117, 802.117, 901.3147623498917, 993.1946917299271, 1093.39572057724, 1193.1746840242386, 1289.5589130477906, 1390.8659081105234, 1493.6812524450302, 1593.6811485918045, 1682.4123509422302, 1775.5662800814628, 1886.4484330581663, 1975.1492739761352, 2058.809366088295, 2177.8922623877525, 2302.337741550064, 2334.9634862229345, 2464.0894260959626]
shares:[0, 10.0, 20.0, 30.0604, 40.1614, 50.1614, 60.2117, 70.2117, 80.2117, 90.2217, 100.3227, 110.4217, 120.5227, 130.6544, 140.7759, 150.8769, 160.9779, 171.1508, 181.3653, 191.5176, 201.7311, 212.0298, 222.2339, 232.3247, 242.7197, 252.9866]
growth_rate:-1.44
