ticker:LHCG
price:[202.55999755859375, 201.11000061035156, 202.0, 202.8300018310547, 214.6199951171875, 225.66000366210938, 224.8699951171875, 216.91000366210938, 216.5500030517578, 226.32000732421875, 213.1199951171875, 204.16000366210938, 198.3699951171875, 200.8800048828125, 200.5, 219.77999877929688, 220.05999755859375, 213.32000732421875, 221.63999938964844, 210.6199951171875, 218.1699981689453, 199.22000122070312, 204.19000244140625, 206.97000122070312, 205.02999877929688, 181.7100067138672, 177.00999450683594, 195.0, 195.52000427246094, 195.6300048828125, 192.64999389648438, 203.83999633789062, 203.52000427246094, 213.10000610351562, 208.27000427246094, 201.32000732421875, 188.58999633789062, 195.19000244140625, 196.85000610351562, 198.99000549316406, 204.25, 197.1300048828125, 204.2899932861328, 204.2899932861328, 209.6999969482422, 203.14999389648438, 214.02999877929688, 215.17999267578125, 188.3800048828125, 180.16000366210938, 177.0, 181.67999267578125]
assets:[0, 99.9918923034668, 200.4244, 301.2431187194824, 418.74507247314455, 540.2751807678222, 638.3834291381836, 715.7813210845948, 814.5961464797973, 951.3587827880859, 995.8671131835937, 1053.996434906006, 1124.1032513305663, 1238.3247901000977, 1335.99165, 1564.4599653106688, 1666.448343511963, 1715.412838897705, 1882.322022816467, 1888.7348062133788, 2056.4485857406617, 1977.8362501190184, 2127.169769433594, 2256.138589306641, 2334.9841410980225, 2169.399428155518, 2213.2798683151245, 2538.2175, 2644.994617797852, 2746.488764550781, 2804.656406143188, 3067.567720889282, 3162.7619223953247, 3411.6458577148437, 3434.309889451599, 3419.702172412109, 3303.474388851929, 3519.080554016113, 3649.008563140869, 3788.6702095870974, 3988.818675, 3949.7756298339846, 4193.235973191833, 4293.235924905395, 4506.935244410705, 4466.151040817261, 4805.337323593139, 4931.150784155273, 4416.9836504882815, 4324.2544558990485, 4348.4121, 4563.383552032471]
shares:[0, 0.4972, 0.9922, 1.4852, 1.9511, 2.3942, 2.8389, 3.2999, 3.7617, 4.2036, 4.6728, 5.1626, 5.6667, 6.1645, 6.6633, 7.1183, 7.5727, 8.0415, 8.4927, 8.9675, 9.4259, 9.9279, 10.4176, 10.9008, 11.3885, 11.9388, 12.5037, 13.0165, 13.528, 14.0392, 14.5583, 15.0489, 15.5403, 16.0096, 16.4897, 16.9864, 17.5167, 18.029, 18.537, 19.0395, 19.5291, 20.0364, 20.5259, 21.0154, 21.4923, 21.9845, 22.4517, 22.9164, 23.4472, 24.0023, 24.5673, 25.1177]
growth_rate:-10.52
