ticker:LHDX
price:[24.979999542236328, 33.4900016784668, 30.31999969482422, 19.309999465942383, 12.0, 15.1899995803833, 14.149999618530273, 12.25, 11.449999809265137, 8.59000015258789, 7.840000152587891, 6.929999828338623, 6.260000228881836, 4.929999828338623, 5.0, 4.699999809265137, 4.940000057220459, 5.170000076293945, 5.630000114440918, 4.849999904632568, 5.25, 6.739999771118164, 8.5, 6.690000057220459, 7.980000019073486, 9.8100004196167, 9.880000114440918, 9.619999885559082, 9.800000190734863, 9.569999694824219, 9.300000190734863]
assets:[0, 100.00114501190187, 190.53694208221435, 221.34859287815092, 237.5544, 400.7045939307213, 473.2693772411346, 509.72127500000005, 576.4330653977394, 532.4503004581452, 585.9616114044189, 617.948084692955, 658.2039680656434, 618.3619904687881, 727.142, 783.5134682035447, 923.5226366972447, 1066.520866738701, 1261.414474640751, 1186.6538416663645, 1384.522125, 1877.4626582437515, 2467.72, 2042.2409304675577, 2536.036026061535, 3217.608524631214, 3340.568334694099, 3352.6584641162876, 3515.390408419132, 3532.885969340515, 3533.2123624630926]
shares:[0, 2.986, 6.2842, 11.4629, 19.7962, 26.3795, 33.4466, 41.6099, 50.3435, 61.9849, 74.74, 89.17, 105.1444, 125.4284, 145.4284, 166.705, 186.9479, 206.2903, 224.0523, 244.6709, 263.7185, 278.5553, 290.32, 305.2677, 317.799, 327.9927, 338.1142, 348.5092, 358.7133, 369.1626, 379.9153]
growth_rate:17.77
