ticker:LI
price:[16.829999923706055, 16.209999084472656, 17.030000686645508, 15.800000190734863, 16.920000076293945, 17.600000381469727, 19.770000457763672, 18.399999618530273, 20.170000076293945, 26.459999084472656, 31.200000762939453, 38.119998931884766, 39.47999954223633, 30.530000686645508, 31.360000610351562, 31.770000457763672, 29.31999969482422, 28.829999923706055, 34.29999923706055, 32.599998474121094, 34.439998626708984, 32.25, 30.399999618530273, 31.850000381469727, 29.84000015258789, 25.3700008392334, 22.459999084472656, 25.690000534057617, 26.280000686645508, 23.700000762939453, 25.25, 22.760000228881836, 19.280000686645508, 20.600000381469727, 19.739999771118164, 18.260000228881836, 18.350000381469727, 20.489999771118164, 23.299999237060547, 25.639999389648438, 28.110000610351562, 30.110000610351562, 31.68000030517578, 32.66999816894531, 31.81999969482422, 30.31999969482422, 30.280000686645508, 33.38999938964844, 30.350000381469727, 28.65999984741211, 28.559999465942383, 29.34000015258789]
assets:[0, 99.9994843521118, 205.05823826789856, 290.24758350381853, 410.8226778524399, 527.3329714296341, 692.3513470310211, 744.3738245676041, 915.9802134647368, 1301.6282129631043, 1634.7989199760436, 2097.389025231552, 2272.2161016540526, 1857.112464768028, 2007.6013830734253, 2133.8479657459256, 2069.2912304618835, 2134.708695350838, 2639.734801284027, 2608.9028978874203, 2856.1538581111904, 2774.535225, 2715.376605926514, 2944.892440271187, 2859.0450146198273, 2530.764137717056, 2340.4801405960084, 2777.068505731201, 2940.8477088386535, 2752.1341485954285, 3032.12605, 2833.1170324907303, 2499.933577033615, 2771.0914513149264, 2755.405894051552, 2648.8211972019194, 2761.8769074153897, 3183.969750433731, 3720.6184381713865, 4194.278276156617, 4698.330801014709, 5132.613935041809, 5500.240468984222, 5772.12220848999, 5721.945531122589, 5552.213504116058, 5644.888568006516, 6324.663565388489, 5848.833553514099, 5623.1492900619505, 5703.528997346878, 5959.297308992386]
shares:[0, 6.169, 12.041, 18.3701, 24.2803, 29.9621, 35.0203, 40.4551, 45.413, 49.1923, 52.3974, 55.0207, 57.5536, 60.8291, 64.0179, 67.1655, 70.5761, 74.0447, 76.9602, 80.0277, 82.9313, 86.0321, 89.3216, 92.4613, 95.8125, 99.7542, 104.2066, 108.0992, 111.9044, 116.1238, 120.0842, 124.4779, 129.6646, 134.519, 139.5849, 145.0614, 150.511, 155.3914, 159.6832, 163.5834, 167.1409, 170.4621, 173.6187, 176.6796, 179.8223, 183.1205, 186.423, 189.4179, 192.7128, 196.202, 199.7034, 203.1117]
growth_rate:16.85
