ticker:LIFE
price:[3.7200000286102295, 3.5899999141693115, 4.309999942779541, 3.7100000381469727, 3.0999999046325684, 3.4600000381469727, 3.430000066757202, 3.309999942779541, 3.1700000762939453, 3.1700000762939453, 3.380000114440918, 3.3299999237060547, 3.549999952316284, 4.349999904632568, 4.639999866485596, 4.059999942779541, 4.230000019073486, 3.880000114440918, 3.9800000190734863, 4.019999980926514, 4.03000020980835, 3.6700000762939453, 5.539999961853027, 6.230000019073486, 5.5, 4.349999904632568, 4.21999979019165, 4.920000076293945, 5.610000133514404, 4.630000114440918, 4.570000171661377, 4.5, 3.7699999809265137, 4.03000020980835, 4.050000190734863, 3.819999933242798, 3.680000066757202, 4.449999809265137, 4.539999961853027, 4.559999942779541, 4.75, 4.5, 4.809999942779541, 4.840000152587891, 4.760000228881836, 4.5, 4.460000038146973, 4.659999847412109, 4.699999809265137, 4.829999923706055, 4.590000152587891, 5.320000171661377]
assets:[0, 100.000165609169, 220.0560980784893, 289.42192597589496, 341.83512948389057, 481.53201130895616, 577.3568192369461, 657.157789639616, 729.3624935539245, 829.3623649606703, 984.3043673268318, 1069.7434944910049, 1240.4171983386755, 1619.9477944849966, 1827.9441874015333, 1699.4510160484315, 1870.6104894347668, 1815.8319055581094, 1962.6315394055844, 2082.356372119951, 2187.5365038867, 2092.123913492203, 3258.1376875653264, 3763.934878523493, 3422.89585, 2807.19935845623, 2823.306037631941, 3391.6271445936204, 3967.2821384187696, 3374.245464402103, 3430.518613859415, 3477.97215, 3013.7677677525044, 3321.6140269286157, 3438.098621917343, 3342.84832558136, 3320.3356282326936, 4115.079473620414, 4298.305799883843, 4417.240936570931, 4701.29255, 4553.856, 4967.565920905114, 5098.549088739014, 5114.275621916961, 4934.924099999999, 4991.058040689182, 5314.871955968857, 5460.493148402881, 5711.52803978157, 5527.725708761215, 6506.862949958086]
shares:[0, 27.8552, 51.0571, 78.0113, 110.2694, 139.1711, 168.3256, 198.5371, 230.0828, 261.6285, 291.2143, 321.2443, 349.4133, 372.4018, 393.9535, 418.584, 442.2247, 467.9979, 493.1235, 517.9991, 542.813, 570.061, 588.1115, 604.1629, 622.3447, 645.3332, 669.0299, 689.3551, 707.1804, 728.7787, 750.6605, 772.8827, 799.4079, 824.2218, 848.9132, 875.0912, 902.2651, 924.737, 946.7634, 968.6932, 989.7458, 1011.968, 1032.758, 1053.4192, 1074.4276, 1096.6498, 1119.0713, 1140.5305, 1161.8071, 1182.511, 1204.2975, 1223.0945]
growth_rate:27.59
