ticker:LILAK
price:[9.209039688110352, 8.770000457763672, 8.229999542236328, 7.75, 8.84000015258789, 10.9399995803833, 10.09000015258789, 10.520000457763672, 9.720000267028809, 9.84000015258789, 11.600000381469727, 11.729999542236328, 11.720000267028809, 11.619999885559082, 11.430000305175781, 11.479999542236328, 11.239999771118164, 11.09000015258789, 11.5, 11.140000343322754, 10.720000267028809, 9.890000343322754, 10.9399995803833, 11.399999618530273, 11.479999542236328, 10.960000038146973, 12.979999542236328, 14.550000190734863, 14.4399995803833, 13.670000076293945, 13.369999885559082, 14.050000190734863, 14.0, 14.039999961853027, 13.949999809265137, 14.630000114440918, 14.420000076293945, 13.899999618530273, 14.380000114440918, 14.640000343322754, 14.050000190734863, 14.1899995803833, 14.739999771118164, 13.899999618530273, 14.0, 13.569999694824219, 14.229999542236328, 13.829999923706055, 14.149999618530273, 13.5600004196167, 13.8100004196167, 14.550000190734863]
assets:[0, 99.99993021965027, 193.8428252182007, 282.5371, 422.2744312889099, 622.5888121198655, 674.2158281959533, 802.9485029392243, 841.8881031284333, 952.2817587669373, 1222.6087202058793, 1336.3096998504639, 1435.1702886989594, 1522.9253190012932, 1598.0237706665039, 1705.0141240127564, 1769.3692919700622, 1845.756412395859, 2013.995, 2050.948701208019, 2073.6243236527444, 2013.0729768820763, 2326.7967847529408, 2524.6325155200957, 2642.349198636627, 2622.661153128338, 3206.0352249332427, 3693.8230984220504, 3765.8970185655594, 3665.084225455284, 3684.650301461124, 3972.051668922329, 4057.9168, 4169.510736671353, 4242.7836319894795, 4549.600860588551, 4584.295390254784, 4518.9802259817125, 4775.03146600132, 4961.36728434906, 4861.420895995903, 5009.86165385189, 5304.042991639138, 5101.776629987526, 5238.4808, 5177.58453156128, 5529.40499612503, 5473.976204802513, 5700.632986316681, 5562.938644146157, 5765.499788184643, 6174.440990940285]
shares:[0, 11.4025, 23.5532, 36.4564, 47.7686, 56.9094, 66.8202, 76.3259, 86.614, 96.7766, 105.3973, 113.9224, 122.4548, 131.0607, 139.8096, 148.5204, 157.4172, 166.4343, 175.13, 184.1067, 193.4351, 203.5463, 212.6871, 221.459, 230.1698, 239.2939, 246.9981, 253.871, 260.7962, 268.1115, 275.5909, 282.7083, 289.8512, 296.9737, 304.1422, 310.9775, 317.9123, 325.1065, 332.0606, 338.8912, 346.0086, 353.0558, 359.8401, 367.0343, 374.1772, 381.5464, 388.5738, 395.8045, 402.8716, 410.2462, 417.4873, 424.3602]
growth_rate:21.07
