ticker:LILA
price:[9.377944946289062, 8.899999618530273, 8.369999885559082, 7.849999904632568, 8.90999984741211, 11.050000190734863, 10.15999984741211, 10.609999656677246, 9.800000190734863, 9.869999885559082, 11.569999694824219, 11.800000190734863, 11.789999961853027, 11.84000015258789, 11.380000114440918, 11.529999732971191, 11.229999542236328, 11.130000114440918, 11.449999809265137, 11.470000267028809, 10.979999542236328, 10.09000015258789, 11.100000381469727, 11.59000015258789, 11.760000228881836, 10.970000267028809, 13.0, 14.479999542236328, 14.289999961853027, 13.579999923706055, 13.239999771118164, 13.890000343322754, 13.850000381469727, 13.899999618530273, 13.885000228881836, 14.470000267028809, 14.270000457763672, 13.760000228881836, 14.270000457763672, 14.449999809265137, 13.869999885559082, 13.949999809265137, 14.470000267028809, 13.739999771118164, 13.890000343322754, 13.529999732971191, 14.100000381469727, 13.649999618530273, 14.100000381469727, 13.520000457763672, 13.800000190734863, 14.399999618530273]
assets:[0, 100.00039571380616, 194.0450553468704, 281.99005157418253, 420.06728880615236, 620.959180718422, 670.945053923416, 800.6624040918349, 839.5375963397026, 945.5341450366974, 1208.3915941268922, 1332.413541537094, 1431.2847733690262, 1537.3541638126374, 1577.625347865105, 1698.4196926654813, 1754.2281214931488, 1838.6070129049301, 1991.4686968259812, 2094.9473747716906, 2105.4511462223054, 2034.7907997714995, 2338.47149036541, 2541.7009414627073, 2678.982148140335, 2599.0168512645723, 3179.9651, 3641.9921088638307, 3694.2036331383706, 3610.6571697149275, 3620.2581534160613, 3897.9896883476254, 3986.7641598072055, 4101.155967448425, 4196.7302111793515, 4473.545282554627, 4511.7132237300875, 4450.467050028419, 4715.41890726471, 4874.898175653077, 4779.22747056675, 4906.793857910633, 5189.698876770497, 5027.882238245201, 5182.771661103917, 5148.444969390011, 5465.342037862587, 5390.915834342765, 5668.6386633626935, 5535.459987421036, 5750.0998994742395, 6100.103358402443]
shares:[0, 11.236, 23.1834, 35.9223, 47.1456, 56.1954, 66.0379, 75.463, 85.6671, 95.7988, 104.4418, 112.9164, 121.3982, 129.8441, 138.6314, 147.3044, 156.2091, 165.1938, 173.9274, 182.6458, 191.7533, 201.6641, 210.6731, 219.3012, 227.8046, 236.9204, 244.6127, 251.5188, 258.5167, 265.8805, 273.4334, 280.6328, 287.853, 295.0472, 302.2492, 309.16, 316.1677, 323.4351, 330.4428, 337.3632, 344.573, 351.7415, 358.6523, 365.9303, 373.1297, 380.5207, 387.6129, 394.9389, 402.0311, 409.4275, 416.6739, 423.6183]
growth_rate:19.61
