ticker:LINC
price:[6.489999771118164, 6.679999828338623, 6.369999885559082, 5.599999904632568, 5.679999828338623, 5.809999942779541, 4.900000095367432, 5.420000076293945, 4.670000076293945, 5.420000076293945, 6.230000019073486, 6.190000057220459, 6.429999828338623, 6.610000133514404, 6.260000228881836, 7.119999885559082, 6.78000020980835, 6.5, 6.21999979019165, 6.239999771118164, 6.269999980926514, 5.889999866485596, 6.21999979019165, 6.190000057220459, 5.920000076293945, 5.78000020980835, 5.869999885559082, 6.46999979019165, 6.949999809265137, 6.650000095367432, 6.480000019073486, 6.400000095367432, 6.409999847412109, 6.449999809265137, 6.420000076293945, 7.019999980926514, 7.329999923706055, 7.670000076293945, 7.75, 7.559999942779541, 7.730000019073486, 7.610000133514404, 7.920000076293945, 7.800000190734863, 7.21999979019165, 7.050000190734863, 6.929999828338623, 6.940000057220459, 7.230000019073486, 7.0, 6.079999923706055, 6.340000152587891]
assets:[0, 100.00026543021202, 195.35961549024583, 271.7444753722191, 375.6263406477928, 484.2234062310696, 508.381379894495, 662.3321393232345, 670.6811269569397, 878.3923123645783, 1109.6651753973008, 1202.5405961163044, 1349.165711981392, 1486.934072034359, 1508.2005711437225, 1815.3970508208274, 1828.7070805896758, 1853.1851, 1873.3557088093755, 1979.3790953968046, 2088.8956376455308, 2062.2956922519206, 2277.840429165602, 2366.854227879238, 2363.615086461067, 2407.718621397829, 2545.209057378864, 2905.36699278512, 3220.9120816057207, 3181.880075631237, 3200.5387534205915, 3261.025968593073, 3366.121038870621, 3487.126606881142, 3570.9074044359204, 4004.636911119318, 4281.4800764364245, 4580.075350558281, 4727.846425000001, 4711.9377963360785, 4917.8940361347195, 4941.549020697498, 5242.847594504738, 5263.410488707161, 4972.028307516193, 4954.958684054375, 4970.618606873989, 5077.791229866505, 5389.975859219312, 5318.5104, 4719.506308778, 5021.327670850754]
shares:[0, 14.9701, 30.6687, 48.5258, 66.1314, 83.3431, 103.7513, 122.2015, 143.6148, 162.065, 178.1164, 194.2715, 209.8236, 224.9522, 240.9266, 254.9715, 269.7208, 285.1054, 301.1826, 317.2082, 333.1572, 350.1351, 366.2123, 382.3674, 399.2593, 416.5603, 433.5961, 449.0521, 463.4406, 478.4782, 493.9103, 509.5353, 525.1359, 540.6398, 556.2161, 570.4611, 584.1037, 597.1415, 610.0447, 623.2722, 636.2088, 649.3494, 661.9757, 674.7962, 688.6466, 702.831, 717.261, 731.6702, 745.5015, 759.7872, 776.2346, 792.0075]
growth_rate:-1.54
