ticker:LIND
price:[11.640000343322754, 10.130000114440918, 10.180000305175781, 8.770000457763672, 8.520000457763672, 8.8100004196167, 9.319999694824219, 9.630000114440918, 8.319999694824219, 8.09000015258789, 10.649999618530273, 11.760000228881836, 12.90999984741211, 14.270000457763672, 14.279999732971191, 14.960000038146973, 15.600000381469727, 17.1200008392334, 15.989999771118164, 16.829999923706055, 17.610000610351562, 15.699999809265137, 18.1299991607666, 18.43000030517578, 18.799999237060547, 20.829999923706055, 19.3799991607666, 20.760000228881836, 18.860000610351562, 18.329999923706055, 18.010000228881836, 18.299999237060547, 17.420000076293945, 17.559999465942383, 16.389999389648438, 16.209999084472656, 16.209999084472656, 16.1200008392334, 17.020000457763672, 17.229999542236328, 17.56999969482422, 15.59000015258789, 16.190000534057617, 15.880000114440918, 14.380000114440918, 12.119999885559082, 13.550000190734863, 13.6899995803833, 15.029999732971191, 14.329999923706055, 13.470000267028809, 15.539999961853027]
assets:[0, 100.00032212972641, 200.4940880104065, 272.72421223526004, 364.949959608078, 477.3716347370148, 605.0059161895751, 725.1293786172868, 726.4873973526002, 806.4039342098237, 1161.5826783935547, 1382.649098910141, 1617.8566518779755, 1888.289226573944, 1989.61237079525, 2184.3559815699577, 2377.8050981449123, 2709.4883728208542, 2630.649178344727, 2868.8451529949184, 3101.804375506592, 2865.3787051893232, 3408.8731492040633, 3565.279873036194, 3736.8551683513642, 4240.356835468865, 4045.1814108270646, 4433.2295408769605, 4127.490387574768, 4111.499634886932, 4139.722821610069, 4306.38144046402, 4199.298316391563, 4333.047520217705, 4144.342465667724, 4198.827432853698, 4298.826917205811, 4374.960167767525, 4719.2189249263765, 4877.445871416855, 5073.692325874328, 4601.927959041595, 4879.039607944298, 4885.617015208722, 4524.129224004555, 3913.1043710512163, 4474.799487988948, 4621.03334735918, 5173.348453088283, 5032.407940207099, 4830.393281757545, 5672.7029380748745]
shares:[0, 9.8717, 19.6949, 31.0974, 42.8345, 54.1852, 64.9148, 75.299, 87.3182, 99.6791, 109.0688, 117.5722, 125.3181, 132.3258, 139.3286, 146.0131, 152.4234, 158.2645, 164.5184, 170.4602, 176.1388, 182.5082, 188.0239, 193.4498, 198.7689, 203.5697, 208.7297, 213.5467, 218.8489, 224.3044, 229.8569, 235.3214, 241.0619, 246.7567, 252.858, 259.027, 265.196, 271.3995, 277.2749, 283.0787, 288.7702, 295.1846, 301.3613, 307.6585, 314.6126, 322.8634, 330.2435, 337.5481, 344.2015, 351.1799, 358.6038, 365.0388]
growth_rate:11.23
