ticker:LINK
price:[4.849999904632568, 5.710000038146973, 6.25, 6.25, 5.150000095367432, 5.771999835968018, 6.300000190734863, 7.300000190734863, 7.550000190734863, 8.010000228881836, 7.5, 8.350000381469727, 8.249899864196777, 8.399999618530273, 8.449999809265137, 8.399999618530273, 8.100000381469727, 9.0, 9.164999961853027, 9.09000015258789, 8.729999542236328, 9.15999984741211, 10.199999809265137, 13.571000099182129, 14.399999618530273, 15.100000381469727, 12.25, 13.833000183105469, 14.5600004196167, 15.505000114440918, 14.75, 14.5, 12.25, 13.1899995803833, 11.609999656677246, 12.6899995803833, 13.0, 10.850000381469727, 10.449999809265137, 11.0, 11.380000114440918, 7.75, 9.0, 8.66100025177002, 9.324999809265137, 9.25, 8.92199993133545, 10.289999961853027, 10.789999961853027, 10.149999618530273, 9.979999542236328, 9.869999885559082]
assets:[0, 99.99980166807175, 209.456875, 309.456875, 354.99259657373426, 497.86730905132293, 643.4101994794846, 845.5385820922852, 974.4951346185685, 1133.8683983997346, 1161.67425, 1393.3303286542894, 1476.627301962948, 1603.4935671804428, 1713.0380413330079, 1802.901998124695, 1838.512976584816, 2142.792, 2282.076742001438, 2363.401857672882, 2369.8020257377625, 2586.527476913452, 2980.19412427187, 4065.119796309471, 4413.441483083725, 4727.983769442558, 3935.6163, 4544.19450885086, 4883.016460727692, 5299.942396618367, 5141.8677, 5154.7181, 4454.848475, 4896.689738220405, 4410.126868586826, 4920.3709462994575, 5140.5692, 4390.3984043598175, 4328.540400994873, 4656.3583, 4917.213837449074, 3448.7174499999996, 4104.9621, 4050.3418846409795, 4460.863568756867, 4524.985299999999, 4464.531293240547, 5249.073040540695, 5604.129602187157, 5371.724898113251, 5381.754673149109, 5422.436796127797]
shares:[0, 17.5131, 33.5131, 49.5131, 68.9306, 86.2556, 102.1286, 115.8272, 129.0722, 141.5566, 154.8899, 166.8659, 178.9873, 190.8921, 202.7264, 214.6312, 226.9769, 238.088, 248.9991, 260.0002, 271.455, 282.372, 292.1759, 299.5446, 306.489, 313.1115, 321.2748, 328.5039, 335.372, 341.8215, 348.6012, 355.4978, 363.6611, 371.2426, 379.8559, 387.7361, 395.4284, 404.645, 414.2144, 423.3053, 432.0926, 444.9958, 456.1069, 467.6529, 478.3768, 489.1876, 500.3958, 510.114, 519.3818, 529.234, 539.254, 549.3857]
growth_rate:6.32
