ticker:LIQT
price:[6.860000133514404, 7.150000095367432, 7.349999904632568, 7.880000114440918, 8.800000190734863, 7.929999828338623, 7.909999847412109, 7.929999828338623, 7.46999979019165, 7.119999885559082, 6.699999809265137, 7.230000019073486, 7.110000133514404, 8.34000015258789, 8.529999732971191, 8.539999961853027, 8.289999961853027, 8.0, 7.909999847412109, 7.809999942779541, 7.710000038146973, 7.900000095367432, 10.930000305175781, 11.479999542236328, 11.84000015258789, 11.069999694824219, 9.729999542236328, 10.40999984741211, 9.920000076293945, 8.010000228881836, 8.210000038146973, 8.220000267028809, 7.889999866485596, 7.71999979019165, 7.809999942779541, 7.369999885559082, 7.389999866485596, 7.360000133514404, 7.400000095367432, 6.880000114440918, 7.329999923706055, 7.420000076293945, 7.5, 7.349999904632568, 7.21999979019165, 6.599999904632568, 6.519999980926514, 6.579999923706055, 5.5, 5.130000114440918, 4.900000095367432, 4.96999979019165]
assets:[0, 99.99990133380891, 202.79678736867905, 317.4205886098861, 454.47952985057833, 509.5476899697781, 608.2623772663117, 709.8000106348992, 768.6263754117489, 832.6127866172791, 883.4981548486709, 1053.387143778944, 1135.9035753304481, 1432.410038207245, 1565.0425540068627, 1666.8773305542945, 1718.0809380941391, 1757.9792, 1838.2017005401613, 1914.962782969904, 1990.4436788481714, 2139.494615827608, 3060.0853014404297, 3314.0692278518677, 3517.9943813381196, 3389.2054975669857, 3078.949379145813, 3394.1273592494963, 3334.3649856443403, 2792.3653787904736, 2962.0875557630543, 3065.6951315898896, 3042.619859512854, 3077.0629923738957, 3212.9355704602244, 3131.9249343676565, 3240.424044455576, 3327.2698523584845, 3445.3527244019506, 3303.2469829457286, 3619.3025433286666, 3763.7416146995542, 3904.32075, 3926.2339740564826, 3956.7902030183313, 3717.010386290646, 3771.9556049655916, 3906.667026702881, 3365.4511, 3239.0482142572405, 3193.8279021606445, 3339.453690025091]
shares:[0, 13.986, 27.5914, 40.2818, 51.6454, 64.2557, 76.8979, 89.5082, 102.8951, 116.94, 131.8654, 145.6967, 159.7614, 171.7518, 183.4751, 195.1847, 207.2474, 219.7474, 232.3896, 245.1937, 258.1639, 270.8221, 279.9712, 288.682, 297.1279, 306.1613, 316.4388, 326.0449, 336.1255, 348.6099, 360.7902, 372.9556, 385.6299, 398.5833, 411.3874, 424.9559, 438.4877, 452.0747, 465.5882, 480.1231, 493.7657, 507.2428, 520.5761, 534.1815, 548.0319, 563.1834, 578.5208, 593.7184, 611.9002, 631.3934, 651.8016, 671.9223]
growth_rate:-34.52
