ticker:LITE
price:[76.3499984741211, 70.48999786376953, 71.51000213623047, 74.19999694824219, 77.37000274658203, 82.73999786376953, 82.7300033569336, 84.02999877929688, 82.69000244140625, 88.66000366210938, 83.69000244140625, 83.3499984741211, 84.52999877929688, 89.30999755859375, 86.62000274658203, 91.12999725341797, 98.30000305175781, 94.80000305175781, 106.55000305175781, 106.31999969482422, 99.0, 93.80000305175781, 88.77999877929688, 93.94999694824219, 91.73999786376953, 90.0, 86.11000061035156, 88.72000122070312, 83.54000091552734, 91.93000030517578, 92.56999969482422, 91.19999694824219, 93.19000244140625, 94.08000183105469, 85.05000305175781, 82.93000030517578, 70.05000305175781, 79.3499984741211, 81.37000274658203, 81.94000244140625, 80.79000091552734, 80.0199966430664, 82.63999938964844, 83.47000122070312, 82.66999816894531, 80.2699966430664, 82.97000122070312, 83.98999786376953, 81.26000213623047, 78.63999938964844, 84.58000183105469, 86.95999908447266]
assets:[0, 99.99711096954346, 201.44367601776125, 309.0207272903442, 422.2235789886475, 551.528277760315, 651.4656844345093, 761.7067299346924, 849.5570850830078, 1010.8924957550048, 1054.2262227539063, 1149.9465889480591, 1266.2255697143555, 1437.8284436950682, 1494.524203388977, 1672.3356925971984, 1903.9137791076662, 1936.1289023269655, 2276.0998551910398, 2371.1911611938476, 2307.9375, 2286.712754397583, 2264.333868865967, 2496.195048916626, 2537.473296913147, 2589.345, 2577.427316268921, 2755.5456459136963, 2694.6579155311583, 3065.2863511756896, 3186.629669494629, 3239.4694916000367, 3410.1576733398438, 3542.7235889511107, 3302.6872335067746, 3320.3596452186584, 2904.672411543274, 3390.300099805451, 3576.6103337257387, 3701.66419229126, 3749.7143914924623, 3813.977095999145, 4038.856426170349, 4179.418084121704, 4239.3588411026, 4216.2859246726985, 4458.110917590332, 4612.915460673523, 4562.976647955322, 4515.854780950927, 4956.954793312072, 5196.442577291107]
shares:[0, 1.4186, 2.817, 4.1647, 5.4572, 6.6658, 7.8746, 9.0647, 10.274, 11.4019, 12.5968, 13.7966, 14.9796, 16.0993, 17.2538, 18.3511, 19.3684, 20.4233, 21.3618, 22.3024, 23.3125, 24.3786, 25.505, 26.5694, 27.6594, 28.7705, 29.9318, 31.0589, 32.2559, 33.3437, 34.424, 35.5205, 36.5936, 37.6565, 38.8323, 40.0381, 41.4657, 42.7259, 43.9549, 45.1753, 46.4131, 47.6628, 48.8729, 50.0709, 51.2805, 52.5263, 53.7316, 54.9222, 56.1528, 57.4244, 58.6067, 59.7567]
growth_rate:1.89
