ticker:LIVE
price:[9.569999694824219, 8.890000343322754, 9.420000076293945, 8.760000228881836, 9.670000076293945, 9.9399995803833, 10.720000267028809, 11.0, 10.539999961853027, 11.380000114440918, 10.770000457763672, 12.300000190734863, 12.510000228881836, 12.239999771118164, 11.65999984741211, 11.600000381469727, 11.579999923706055, 12.420000076293945, 11.720000267028809, 19.59000015258789, 19.200000762939453, 25.799999237060547, 28.530000686645508, 29.489999771118164, 29.700000762939453, 23.399999618530273, 24.329999923706055, 26.440000534057617, 24.760000228881836, 27.299999237060547, 23.75, 27.549999237060547, 29.649999618530273, 29.959999084472656, 31.030000686645508, 37.4900016784668, 39.45000076293945, 41.25, 54.189998626708984, 58.18000030517578, 62.31999969482422, 56.68000030517578, 68.51000213623047, 61.810001373291016, 59.16999816894531, 58.04999923706055, 59.25, 63.79999923706055, 30.90999984741211, 26.860000610351562, 29.850000381469727, 35.06999969482422]
assets:[0, 100.00005786190033, 205.96170766811372, 291.53105561714176, 421.8160403280258, 533.5940874743461, 675.4661448254585, 793.1088000000001, 859.9427868876456, 1028.4766143426896, 1073.3479386211395, 1325.8293205595016, 1448.4653725009919, 1517.2030516290665, 1545.3091077774047, 1637.357453845024, 1734.5346065721512, 1960.3554240421297, 1949.86816442585, 3359.2070301650997, 3392.331014799118, 4658.445282243729, 5251.374576387405, 5528.077397094727, 5667.443245586395, 4565.2580255765915, 4846.698995801735, 5367.023980407715, 5126.003423384857, 5751.853219255829, 5103.901125, 6020.526128274155, 6579.441655350494, 6748.23213778534, 7089.241179873848, 8665.120322946548, 9218.139658273316, 9738.73725, 12893.75151324463, 13943.11633713684, 15035.285734373474, 13774.583390164948, 16749.551405272676, 15211.515509968567, 14661.804850280761, 14484.281704636001, 14883.700724999999, 16126.668387152482, 7913.092873936844, 6976.275436524964, 7852.8604903560645, 9326.122934844972]
shares:[0, 11.2486, 21.8643, 33.2798, 43.6211, 53.6815, 63.0099, 72.1008, 81.5885, 90.3758, 99.6609, 107.791, 115.7846, 123.9545, 132.5308, 141.1515, 149.7871, 157.8386, 166.371, 171.4756, 176.6839, 180.5599, 184.065, 187.456, 190.823, 195.0965, 199.2067, 202.9888, 207.0276, 210.6906, 214.9011, 218.5309, 221.9036, 225.2414, 228.4641, 231.1315, 233.6664, 236.0906, 237.936, 239.6548, 241.2594, 243.0237, 244.4833, 246.1012, 247.7912, 249.5139, 251.2017, 252.7691, 256.0043, 259.7273, 263.0774, 265.9288]
growth_rate:82.87
