ticker:LIVN
price:[45.09000015258789, 44.9900016784668, 44.709999084472656, 42.25, 46.619998931884766, 50.060001373291016, 56.540000915527344, 53.45000076293945, 50.34000015258789, 48.65999984741211, 53.18000030517578, 49.68000030517578, 54.25, 55.2400016784668, 60.720001220703125, 68.45999908447266, 67.41999816894531, 66.20999908447266, 65.83999633789062, 68.11000061035156, 66.44000244140625, 62.900001525878906, 67.62999725341797, 70.41000366210938, 70.19000244140625, 77.54000091552734, 82.41000366210938, 78.01000213623047, 76.5199966430664, 75.98999786376953, 73.44000244140625, 80.0, 81.33999633789062, 82.91999816894531, 84.87000274658203, 82.98999786376953, 84.08999633789062, 81.37000274658203, 83.54000091552734, 80.08000183105469, 81.79000091552734, 82.25, 86.58999633789062, 83.05999755859375, 80.97000122070312, 77.69999694824219, 82.94999694824219, 86.30000305175781, 84.31999969482422, 76.94000244140625, 82.02999877929688, 82.93000030517578]
assets:[0, 99.99927673072816, 199.3752989173889, 288.40695, 418.2373344177246, 549.0981430633545, 720.1782616615296, 780.8189911453247, 835.3872685321808, 907.5089971542358, 1091.806678265381, 1119.951150879669, 1322.97305, 1447.1167999706267, 1690.6755699890139, 2006.186043170929, 2075.7066776260376, 2138.450550430298, 2226.49798815918, 2403.2613715362545, 2444.33433381958, 2414.0957685630797, 2695.63024552536, 2906.44045916748, 2997.3587692565916, 3411.232768276978, 3725.476071551514, 3626.56798431015, 3657.2961955543515, 3731.9675820869447, 3706.7372432250977, 4137.84, 4307.14802208252, 4490.814428833008, 4696.425880986786, 4692.395562213897, 4854.59116958313, 4797.567224938201, 5025.507481075287, 4917.368568437195, 5122.368714337921, 5251.177224999999, 5628.263171966552, 5498.812712371826, 5460.446845321655, 5339.92452026825, 5800.726466589356, 6134.9895469467165, 6094.23640994339, 5660.845291625977, 6135.343525698852, 6302.655144193268]
shares:[0, 2.2227, 4.4593, 6.8262, 8.9712, 10.9688, 12.7375, 14.6084, 16.5949, 18.65, 20.5304, 22.5433, 24.3866, 26.1969, 27.8438, 29.3045, 30.7877, 32.298, 33.8168, 35.285, 36.7901, 38.3799, 39.8585, 41.2788, 42.7035, 43.9932, 45.2066, 46.4885, 47.7953, 49.1113, 50.473, 51.723, 52.9524, 54.1584, 55.3367, 56.5417, 57.7309, 58.9599, 60.1569, 61.4057, 62.6283, 63.8441, 64.999, 66.2029, 67.4379, 68.7249, 69.9304, 71.0891, 72.2751, 73.5748, 74.7939, 75.9997]
growth_rate:23.58
