ticker:LIVX
price:[2.319999933242798, 2.490000009536743, 3.015000104904175, 2.6500000953674316, 2.4000000953674316, 2.319999933242798, 2.240000009536743, 2.130000114440918, 2.009999990463257, 2.1700000762939453, 2.0, 2.119999885559082, 2.490000009536743, 2.5, 2.8399999141693115, 3.0999999046325684, 3.440000057220459, 3.2799999713897705, 3.890000104904175, 3.7100000381469727, 4.389999866485596, 3.809999942779541, 4.369999885559082, 4.800000190734863, 4.53000020980835, 3.9700000286102295, 3.799999952316284, 4.159999847412109, 4.730000019073486, 5.570000171661377, 4.21999979019165, 4.070000171661377, 3.609999895095825, 3.990000009536743, 4.289999961853027, 4.199999809265137, 3.950000047683716, 4.230000019073486, 4.940000057220459, 5.289999961853027, 4.809999942779541, 4.449999809265137, 4.559999942779541, 4.449999809265137, 4.21999979019165, 3.6600000858306885, 3.5, 3.5399999618530273, 3.4700000286102295, 3.130000114440918, 3.0, 3.299999952316284]
assets:[0, 99.99989438300133, 221.08422919242383, 294.3193455918789, 366.5534545655251, 454.3348669266701, 538.6682582933664, 612.2159218932152, 677.7247617844342, 831.6729272403718, 866.5188, 1018.5098490192413, 1296.2686069647311, 1401.4744999999998, 1692.0750728619814, 1946.9834601036073, 2260.523797601223, 2255.3830843271257, 2774.8292678306343, 2746.431037239361, 3349.8196891209127, 3007.2466708356856, 3549.2566600525856, 3998.497118885994, 3873.5818884061337, 3494.728299185133, 3445.0799567699432, 3871.4560179958344, 4501.919891153764, 5401.41520446577, 4192.27481357007, 4143.260581751299, 3774.98013930161, 4272.346774211597, 4693.575702264404, 4695.1088067807195, 4515.638474512005, 4935.734491255713, 5864.191075925446, 6379.670125995254, 5900.796337803269, 5559.15647672472, 5796.5738872625825, 5756.744033255768, 5559.204485609579, 4921.490485413909, 4806.34315, 4961.272776537418, 4963.1684539214375, 4576.863951342011, 4486.7703, 5035.447157239747]
shares:[0, 40.1606, 73.3281, 111.0639, 152.7306, 195.834, 240.4769, 287.4253, 337.1765, 383.2594, 433.2594, 480.4292, 520.5898, 560.5898, 595.8011, 628.0592, 657.129, 687.6168, 713.3237, 740.2779, 763.0569, 789.3036, 812.1869, 833.0202, 855.0953, 880.2842, 906.6, 930.6385, 951.7801, 969.7334, 993.4301, 1018.0001, 1045.7009, 1070.7636, 1094.0736, 1117.8831, 1143.1996, 1166.8403, 1187.0832, 1205.9868, 1226.7768, 1249.2487, 1271.1785, 1293.6504, 1317.3471, 1344.6695, 1373.2409, 1401.4895, 1430.3079, 1462.2568, 1495.5901, 1525.8931]
growth_rate:-1.27
