ticker:LIXT
price:[1.1799999475479126, 1.1799999475479126, 1.1699999570846558, 1.1799999475479126, 1.149999976158142, 1.149999976158142, 1.1699999570846558, 1.159999966621399, 1.1200000047683716, 1.1399999856948853, 1.1299999952316284, 5.869999885559082, 3.6500000953674316, 3.680000066757202, 3.3399999141693115, 4.349999904632568, 3.5299999713897705, 3.1700000762939453, 3.299999952316284, 3.140000104904175, 3.319999933242798, 3.049999952316284, 3.380000114440918, 3.6700000762939453, 3.619999885559082, 5.579999923706055, 3.7100000381469727, 4.369999885559082, 3.759999990463257, 3.3499999046325684, 3.309999942779541, 3.200000047683716, 2.6500000953674316, 2.559999942779541, 2.759999990463257, 2.819999933242798, 2.5999999046325684, 2.8499999046325684, 2.740000009536743, 2.9200000762939453, 2.940000057220459, 2.9200000762939453, 2.9100000858306885, 3.200000047683716, 3.140000104904175, 2.890000104904175, 2.799999952316284, 2.75, 2.5399999618530273, 2.240000009536743, 2.2899999618530273, 2.200000047683716]
assets:[0, 100.0000395549059, 199.15259569512605, 300.85479262672663, 393.20592184803485, 493.20589477483037, 601.7833939267158, 696.6399519544243, 772.6178912894011, 886.4146268769622, 978.6390948703407, 5183.727045938587, 3323.2717968306542, 3450.5862865955114, 3231.7819129502773, 4309.0572705301765, 3596.775215848565, 3329.9652541439054, 3566.5251084650995, 3493.602738717675, 3793.8728197143555, 3585.335028946853, 4073.256727913379, 4522.737439021111, 4561.119491806983, 7130.675764504051, 4841.005050776195, 5802.207916052627, 5092.288683084083, 4637.012247994042, 4681.645052067709, 4626.061828933692, 3930.9574064661506, 3897.4529688851358, 4301.941605135322, 4495.462003579974, 4244.752044303417, 4752.901235957193, 4669.456230252337, 5076.209016631507, 5210.977523419904, 5275.528805839347, 5357.462060018778, 5991.3671292783265, 5979.029001753212, 5602.991749383116, 5528.503865850139, 5529.780575000001, 5207.5063977910995, 4692.446771977972, 4897.188734422302, 4804.722884139562]
shares:[0, 84.7458, 170.2159, 254.9617, 341.9182, 428.8747, 514.3448, 600.5517, 689.8374, 777.5567, 866.0523, 883.0881, 910.4854, 937.6593, 967.5994, 990.5879, 1018.9165, 1050.4622, 1080.7652, 1112.6123, 1142.7328, 1175.5197, 1205.1055, 1232.3535, 1259.9778, 1277.8989, 1304.8531, 1327.7364, 1354.3321, 1384.1828, 1414.3943, 1445.6443, 1483.3801, 1522.4426, 1558.6745, 1594.1355, 1632.597, 1667.6847, 1704.1811, 1738.4277, 1772.4413, 1806.6879, 1841.0522, 1872.3022, 1904.1493, 1938.7514, 1974.4657, 2010.8293, 2050.1994, 2094.8423, 2138.5104, 2183.9649]
growth_rate:-5.79
