ticker:LIXTW
price:[1.1100000143051147, 0.8040000200271606, 0.7900000214576721, 1.2999999523162842, 0.9200000166893005, 0.8999999761581421, 0.9700000286102295, 0.9110000133514404, 0.9900000095367432, 0.8799999952316284, 1.1349999904632568, 1.2000000476837158, 1.090000033378601, 1.1490000486373901, 0.8870000243186951, 1.0399999618530273, 0.875, 0.9399999976158142, 0.800000011920929, 0.800000011920929, 0.75, 0.7979999780654907, 0.8009999990463257, 0.7200000286102295, 0.7080000042915344, 0.6299999952316284, 0.6200000047683716, 0.6110000014305115, 0.6110000014305115, 0.699999988079071, 0.6800000071525574, 0.8500000238418579, 0.75, 0.7200000286102295, 0.7200000286102295, 0.5989999771118164, 0.7799999713897705, 0.6420000195503235, 0.7200000286102295, 0.6610000133514404, 0.6299999952316284]
assets:[0, 99.99999489094019, 198.25872138502598, 426.2485343652964, 401.6528712862015, 492.92125694204566, 631.2596256190538, 692.8634287544727, 852.9470812165022, 858.1752033498884, 1206.8509378595352, 1375.9657746759651, 1349.835549335432, 1522.9000610646485, 1275.6417459740044, 1595.6790134708406, 1442.5184375, 1649.6769658158123, 1503.9804224110544, 1603.9804239011705, 1603.7315999999998, 1806.37038614856, 1913.1612637221813, 1819.6956003082037, 1889.3672538523792, 1781.2166265182495, 1852.9433602508427, 1926.045772909379, 2026.0457602435051, 2421.1652787678004, 2451.989177791166, 3164.9865637754797, 2892.6351, 2876.9298183189153, 2976.9298302925586, 2576.6400320448874, 3455.2240612631317, 2943.9153572487476, 3401.587359166932, 3222.8460936977863, 3171.6989399939057]
shares:[0, 124.3781, 250.9604, 327.8835, 436.5792, 547.6903, 650.7831, 760.5526, 861.5627, 975.1991, 1063.3048, 1146.6381, 1238.3812, 1325.4134, 1438.153, 1534.3068, 1648.5925, 1754.9755, 1879.9755, 2004.9755, 2138.3088, 2263.6221, 2388.466, 2527.3549, 2668.5978, 2827.328, 2988.6183, 3152.2844, 3315.9505, 3458.8076, 3605.8664, 3723.5135, 3856.8468, 3995.7357, 4134.6246, 4301.5695, 4429.7746, 4585.5378, 4724.4267, 4875.7126, 5034.4428]
growth_rate:-20.71
