ticker:LIZI
price:[3.7200000286102295, 3.569999933242798, 3.430000066757202, 2.450000047683716, 2.299999952316284, 2.6500000953674316, 2.3499999046325684, 2.190000057220459, 1.9600000381469727, 2.3399999141693115, 2.119999885559082, 2.4600000381469727, 2.430000066757202, 3.819999933242798, 3.5, 3.5299999713897705, 4.059999942779541, 3.880000114440918, 3.869999885559082, 3.799999952316284, 3.819999933242798, 3.299999952316284, 11.399999618530273, 15.819999694824219, 12.039999961853027, 8.0600004196167, 7.269999980926514, 10.630000114440918, 11.3100004196167, 7.579999923706055, 9.140000343322754, 7.960000038146973, 6.820000171661377, 6.630000114440918, 6.090000152587891, 5.519999980926514, 4.460000038146973, 4.550000190734863, 6.670000076293945, 6.650000095367432, 6.829999923706055, 6.130000114440918, 7.190000057220459, 6.699999809265137, 6.0, 5.590000152587891, 4.809999942779541, 4.710000038146973, 4.659999847412109, 4.03000020980835, 3.869999885559082, 4.260000228881836]
assets:[0, 99.99998213005065, 196.0783548162222, 240.05590467214583, 325.35868325464725, 474.86968208947184, 521.1108338523388, 585.630981301403, 624.1263401472091, 845.130281000805, 865.6735452695846, 1104.5080371274948, 1191.0385317203284, 1972.3320515321018, 1907.11045, 2023.4570526001216, 2427.2620337908743, 2419.6495513677596, 2513.4132216751095, 2567.9510477764607, 2681.466525139475, 2416.450045083237, 8447.73601731968, 11823.086263926696, 9098.100619174003, 6190.588908292102, 5683.819026087999, 8410.728218548584, 9048.7614987216, 6164.509979953194, 7533.195594966888, 6660.638287919998, 5806.728194157028, 5744.957421164131, 5377.042616724396, 4973.772246813917, 4118.663747227478, 4301.775840329361, 6406.119532275581, 6486.910838028573, 6762.4963024600975, 6169.41478917675, 7336.230278384209, 6936.264582539177, 6311.5806, 5980.289491241455, 5245.830189594842, 5236.769268413353, 5281.176895072174, 4667.198453981924, 4581.899909507275, 5143.642278358268]
shares:[0, 28.0112, 57.1657, 97.982, 141.4603, 179.1961, 221.7493, 267.4114, 318.4318, 361.1668, 408.3366, 448.987, 490.1393, 516.3173, 544.8887, 573.2173, 597.8478, 623.621, 649.4608, 675.7766, 701.9546, 732.2576, 741.0295, 747.3506, 755.6562, 768.0631, 781.8183, 791.2256, 800.0673, 813.2599, 824.2008, 836.7636, 851.4264, 866.5094, 882.9298, 901.0457, 923.4672, 945.4452, 960.4377, 975.4753, 990.1166, 1006.4298, 1020.338, 1035.2634, 1051.9301, 1069.8192, 1090.6092, 1111.8406, 1133.2998, 1158.1137, 1183.9535, 1207.4277]
growth_rate:0.86
