ticker:LJAQ
price:[9.800000190734863, 9.729999542236328, 9.760000228881836, 9.760000228881836, 9.789999961853027, 9.890000343322754, 9.880000114440918, 9.800000190734863, 9.8100004196167, 9.760000228881836, 9.729999542236328, 9.729999542236328, 9.739999771118164, 9.789999961853027, 9.79800033569336, 9.836000442504883, 9.770000457763672, 9.819999694824219, 9.75, 9.789999961853027, 9.779999732971191, 9.789999961853027, 9.789999961853027, 9.75, 9.8100004196167, 9.8100004196167]
assets:[0, 100.00007029533386, 200.30838869743346, 300.3083750425339, 401.23140043659214, 505.3295675420761, 604.8190270056725, 699.9218936223983, 800.6363172467231, 896.5555730251313, 993.7997742450714, 1093.7998445404053, 1194.9236259202958, 1301.057708930397, 1402.1212824386596, 1507.5588698225022, 1597.4429478466034, 1705.618070994568, 1793.4598500000002, 1900.817581593418, 1998.8754654235838, 2100.919306813717, 2200.9192614240646, 2291.92665, 2406.0311139164924, 2506.031315193939]
shares:[0, 10.2775, 20.5234, 30.7693, 40.9838, 51.095, 61.2165, 71.4206, 81.6143, 91.8602, 102.1377, 112.4152, 122.6821, 132.8966, 143.1028, 153.2695, 163.5049, 173.6882, 183.9446, 194.1591, 204.384, 214.5985, 224.813, 235.0694, 245.2631, 255.4568]
growth_rate:0.24
