ticker:LJAQU
price:[10.1899995803833, 10.25, 10.40999984741211, 10.279999732971191, 10.390000343322754, 10.510000228881836, 10.510000228881836, 10.329999923706055, 10.09000015258789, 10.100000381469727, 10.09000015258789, 10.130000114440918, 10.039999961853027, 10.069999694824219, 10.079999923706055, 10.0, 10.0, 10.020000457763672, 10.0, 9.970000267028809, 9.949999809265137, 10.039999961853027, 10.050000190734863, 10.039999961853027, 10.0600004196167, 10.109999656677246, 10.104999542236328, 10.069999694824219, 10.119999885559082, 10.020000457763672, 10.079999923706055, 10.020000457763672, 10.09000015258789, 10.020000457763672, 9.989999771118164]
assets:[0, 100.000025, 201.56049904556275, 299.04313623218536, 402.2426292915344, 506.887852038765, 606.887351216507, 696.4930138559341, 780.3111708003997, 881.0846432779311, 980.2122358234406, 1084.0984302473069, 1174.467147537613, 1277.9766122703552, 1379.245381560707, 1468.299, 1568.299, 1671.4352743595123, 1768.099, 1862.7948498916626, 1959.0584474461555, 2076.77901210928, 2178.847076351452, 2276.679427349758, 2381.2151773238184, 2493.050090339184, 2591.8171855888368, 2682.8402556953433, 2796.1610283799173, 2868.530741048813, 2985.7070654016493, 3067.934762158585, 3189.3673192317965, 3267.2405872638706, 3357.458104076958]
shares:[0, 9.7561, 19.3622, 29.0898, 38.7144, 48.2291, 57.7438, 67.4243, 77.3351, 87.2361, 97.1469, 107.0186, 116.9788, 126.9093, 136.8299, 146.8299, 156.8299, 166.8099, 176.8099, 186.84, 196.8903, 206.8505, 216.8007, 226.7609, 236.7013, 246.5925, 256.4886, 266.4191, 276.3005, 286.2805, 296.2011, 306.1811, 316.0919, 326.0719, 336.0819]
growth_rate:-1.25
