ticker:LJPC
price:[3.9600000381469727, 3.9700000286102295, 4.699999809265137, 3.9000000953674316, 4.139999866485596, 4.090000152587891, 4.090000152587891, 4.079999923706055, 3.4000000953674316, 3.569999933242798, 4.679999828338623, 4.53000020980835, 4.730000019073486, 4.980000019073486, 4.639999866485596, 4.309999942779541, 4.309999942779541, 3.880000114440918, 4.119999885559082, 5.349999904632568, 5.510000228881836, 6.119999885559082, 7.070000171661377, 6.710000038146973, 6.179999828338623, 5.239999771118164, 4.679999828338623, 5.690000057220459, 5.269999980926514, 4.46999979019165, 4.349999904632568, 4.079999923706055, 4.070000171661377, 4.130000114440918, 4.440000057220459, 3.880000114440918, 3.759999990463257, 3.5, 4.300000190734863, 5.110000133514404, 5.119999885559082, 4.480000019073486, 4.760000228881836, 4.309999942779541, 4.03000020980835, 3.7699999809265137, 3.7899999618530273, 3.609999895095825, 3.990000009536743, 3.9800000190734863, 3.700000047683716, 4.369999885559082]
assets:[0, 99.99993372066021, 218.3878411374092, 281.2153568766117, 398.52094114775656, 493.70800841903684, 593.7081031497955, 692.2564430551529, 676.8805189859868, 810.72449383986, 1162.7983733488084, 1225.5294957607746, 1379.6364725633146, 1552.5558419463157, 1546.5578914983273, 1536.5658376002311, 1636.566025272608, 1573.289218404293, 1770.6057948180198, 2399.2090622324467, 2570.961147796059, 2955.5866247320178, 3514.3790163300037, 3435.4287635307314, 3264.0756773340227, 2867.5982587440494, 2661.1372903900624, 3335.4427555422785, 3189.2411454573153, 2805.1059033367633, 2829.80108796072, 2754.158252498627, 2847.40793609581, 2989.384529834843, 3313.769178706169, 2995.8163763618472, 3003.1620003828766, 2895.49645, 3657.324312227726, 4446.262216172218, 4554.963354188633, 4085.592913394308, 4440.9426495401385, 4121.105575287342, 3953.3774128192426, 3798.3205977832317, 3918.4707275599485, 3832.3690296339273, 4335.776602363206, 4424.909893205642, 4213.609634302855, 5076.614446054363]
shares:[0, 25.1889, 46.4655, 72.1065, 96.2611, 120.711, 145.1609, 169.6707, 199.0825, 227.0937, 248.4612, 270.5363, 291.6779, 311.7582, 333.3099, 356.5118, 379.7137, 405.4869, 429.7587, 448.4503, 466.5991, 482.939, 497.0833, 511.9864, 528.1676, 547.2516, 568.6191, 586.1938, 605.1691, 627.5405, 650.529, 675.0388, 699.6088, 723.8219, 746.3444, 772.1176, 798.7133, 827.2847, 850.5405, 870.11, 889.6413, 911.9627, 932.9711, 956.173, 980.9869, 1007.5121, 1033.8973, 1061.5981, 1086.6608, 1111.7864, 1138.8134, 1161.6967]
growth_rate:-0.46
