ticker:LKCO
price:[0.4059999883174896, 0.3919999897480011, 0.4569999873638153, 0.42800000309944153, 0.48899999260902405, 0.5099999904632568, 0.5149999856948853, 0.5199999809265137, 0.4399999976158142, 0.41999998688697815, 0.4189999997615814, 0.40299999713897705, 0.5600000023841858, 0.5770000219345093, 0.5299999713897705, 0.5109999775886536, 0.7799999713897705, 0.6800000071525574, 0.8109999895095825, 0.6880000233650208, 0.6439999938011169, 0.6150000095367432, 0.6399999856948853, 1.590000033378601, 2.299999952316284, 1.5499999523162842, 1.0, 1.059999942779541, 1.8899999856948853, 1.3700000047683716, 1.309999942779541, 1.2200000286102295, 1.0399999618530273, 1.1200000047683716, 1.3799999952316284, 1.5199999809265137, 1.2100000381469727, 1.159999966621399, 1.4900000095367432, 1.4700000286102295, 1.7699999809265137, 2.369999885559082, 2.509999990463257, 2.2100000381469727, 2.119999885559082, 1.590000033378601, 1.6200000047683716, 1.5199999809265137, 1.4299999475479126, 1.2699999809265137, 1.2899999618530273, 1.5399999618530273]
assets:[0, 99.99998138469458, 216.5816168114543, 302.83795059305726, 445.9994359589547, 565.1527664319277, 670.6934938701988, 777.2050754922867, 757.6350718946754, 823.1970762985676, 921.2371148757993, 986.0586197996616, 1470.2055262593628, 1614.836805787611, 1583.2988595310449, 1626.5390918635367, 2582.779819264197, 2351.654292735797, 2904.693539127314, 2564.1544150806963, 2500.1676879343986, 2487.5825425746916, 2688.703683902788, 6779.748535326111, 9907.183094603775, 6776.57979652741, 4471.9871, 4840.3060407126895, 8730.357485921288, 6428.354437374294, 6246.8204011405, 5917.6499107748505, 5144.553667298888, 5640.288776013386, 7049.64151764108, 7864.822509309483, 6360.812900533676, 6197.969025655568, 8061.1846415956015, 8052.98091073308, 9796.446152433682, 13217.274876773357, 14098.042697434497, 12513.01800598812, 12103.437202637482, 9177.57861366335, 9450.74031381768, 8967.361183474446, 8536.398843886745, 7681.277511638785, 7902.242421320439, 9533.68484784336]
shares:[0, 255.102, 473.9204, 707.5653, 912.0643, 1108.1427, 1302.3175, 1494.6252, 1721.8979, 1959.9931, 2198.6566, 2446.7956, 2625.367, 2798.6772, 2987.3565, 3183.0512, 3311.2563, 3458.3151, 3581.6197, 3726.9685, 3882.248, 4044.8496, 4201.0996, 4263.9927, 4307.471, 4371.9871, 4471.9871, 4566.3267, 4619.2368, 4692.2295, 4768.5654, 4850.5326, 4946.6864, 5035.9721, 5108.4359, 5174.2254, 5256.87, 5343.0769, 5410.191, 5478.2182, 5534.7154, 5576.9095, 5616.7501, 5661.999, 5709.1688, 5772.0619, 5833.7903, 5899.5798, 5969.5099, 6048.2501, 6125.7695, 6190.7046]
growth_rate:86.93
