ticker:LKFN
price:[47.02000045776367, 44.5, 42.7599983215332, 40.459999084472656, 42.41999816894531, 47.529998779296875, 45.470001220703125, 49.209999084472656, 51.130001068115234, 49.650001525878906, 53.790000915527344, 53.88999938964844, 53.43000030517578, 53.7400016784668, 52.13999938964844, 51.869998931884766, 52.47999954223633, 53.58000183105469, 58.47999954223633, 59.84000015258789, 59.959999084472656, 58.70000076293945, 62.0, 64.19999694824219, 65.80000305175781, 68.94999694824219, 72.4800033569336, 76.25, 72.43000030517578, 71.87999725341797, 69.43000030517578, 68.94999694824219, 69.63999938964844, 69.1500015258789, 65.2300033569336, 64.86000061035156, 63.150001525878906, 62.5, 61.709999084472656, 61.900001525878906, 59.83000183105469, 60.0099983215332, 63.06999969482422, 60.58000183105469, 60.349998474121094, 59.099998474121094, 56.95000076293945, 66.87000274658203, 71.93000030517578, 71.91999816894531, 66.8499984741211, 66.5]
assets:[0, 100.0004, 196.08880030288697, 285.5423975387573, 399.3757987609863, 547.4837969390869, 623.7574767456055, 775.0624065803528, 905.3026859119415, 979.098030090332, 1160.739808756256, 1262.8959686965943, 1352.1156167228698, 1459.9599995990754, 1516.4918822479249, 1608.639089874649, 1727.5576169311523, 1863.7696476928709, 2134.2158872940063, 2283.847461823654, 2388.4286155311584, 2438.239541690445, 2675.3124, 2870.240623562622, 3041.7762210754395, 3287.3910594985964, 3555.6950126831057, 3840.643875, 3748.2307867927548, 3819.767746044159, 3789.5727326568604, 3863.371754005432, 4002.0366649246216, 4073.8755298950196, 3942.931920915222, 4020.5676618347165, 4014.565582003021, 4073.2437499999996, 4121.758942849731, 4234.4491143821715, 4192.844647319031, 4305.459336577224, 4624.998761621094, 4542.403639295959, 4625.157498058319, 4629.356070476532, 4560.943321101379, 5455.401938072205, 5968.204757321167, 6067.3724215270995, 5739.653963990021, 5809.60625]
shares:[0, 2.2472, 4.5858, 7.0574, 9.4148, 11.5187, 13.718, 15.7501, 17.7059, 19.72, 21.5791, 23.4347, 25.3063, 27.1671, 29.085, 31.0129, 32.9184, 34.7848, 36.4948, 38.1659, 39.8337, 41.5373, 43.1502, 44.7078, 46.2276, 47.6779, 49.0576, 50.3691, 51.7497, 53.1409, 54.5812, 56.0315, 57.4675, 58.9136, 60.4466, 61.9884, 63.5719, 65.1719, 66.7924, 68.4079, 70.0793, 71.7457, 73.3312, 74.9819, 76.6389, 78.3309, 80.0868, 81.5822, 82.9724, 84.3628, 85.8587, 87.3625]
growth_rate:13.91
