ticker:LKQ
price:[31.799999237060547, 32.15999984741211, 31.030000686645508, 27.079999923706055, 28.510000228881836, 30.520000457763672, 31.889999389648438, 32.880001068115234, 31.989999771118164, 33.959999084472656, 36.040000915527344, 35.08000183105469, 35.97999954223633, 37.09000015258789, 36.65999984741211, 36.150001525878906, 36.2599983215332, 35.2400016784668, 38.38999938964844, 37.849998474121094, 37.150001525878906, 35.09000015258789, 37.90999984741211, 36.91999816894531, 38.790000915527344, 39.38999938964844, 41.959999084472656, 42.9900016784668, 43.400001525878906, 42.75, 42.95000076293945, 44.08000183105469, 44.68000030517578, 44.9900016784668, 46.709999084472656, 49.779998779296875, 50.68000030517578, 50.5, 50.959999084472656, 50.45000076293945, 49.529998779296875, 46.81999969482422, 49.849998474121094, 50.38999938964844, 50.970001220703125, 49.470001220703125, 50.7599983215332, 50.75, 50.83000183105469, 50.47999954223633, 50.959999084472656, 52.04999923706055]
assets:[0, 100.00151952552795, 196.4881703479767, 271.4769992351532, 385.81157809734344, 513.0106876945496, 636.0396598266602, 755.7862805519104, 835.3292720233918, 986.768901397705, 1147.2072891426085, 1216.6481315048218, 1347.8611548515319, 1489.4416811275482, 1572.1750914562226, 1650.3054096588135, 1755.3283887462617, 1805.9514140167237, 2067.3782471313475, 2138.297813796997, 2198.7525603103636, 2176.8292134658814, 2451.7685841316224, 2487.7433166198734, 2713.7484640502926, 2855.7237487503053, 3142.044455443573, 3319.1720495910645, 3450.8252613258364, 3499.143075, 3615.5138842239376, 3810.636814291382, 3962.503911064911, 4089.9960625877384, 4346.360743810272, 4732.021969961548, 4917.576721611786, 5000.11105, 5145.6553315551755, 5194.160548549652, 5199.441339855957, 5014.955715312195, 5439.5022235000615, 5598.4246731887815, 5762.862024017334, 5693.264984484863, 5941.726831526566, 6040.554275, 6150.0744115448, 6207.72746370697, 6366.753733617401, 6602.932778215409]
shares:[0, 3.1095, 6.3322, 10.025, 13.5325, 16.809, 19.9448, 22.9862, 26.1122, 29.0568, 31.8315, 34.6821, 37.4614, 40.1575, 42.8853, 45.6516, 48.4095, 51.2472, 53.852, 56.494, 59.1858, 62.0356, 64.6734, 67.382, 69.96, 72.4987, 74.8819, 77.208, 79.5121, 81.8513, 84.1796, 86.4482, 88.6863, 90.909, 93.0499, 95.0587, 97.0319, 99.0121, 100.9744, 102.9566, 104.9756, 107.1114, 109.1174, 111.1019, 113.0638, 115.0852, 117.0553, 119.0257, 120.993, 122.974, 124.9363, 126.8575]
growth_rate:29.47
