ticker:LLNW
price:[5.019999980926514, 5.150000095367432, 6.389999866485596, 5.78000020980835, 5.599999904632568, 6.320000171661377, 5.980000019073486, 4.199999809265137, 3.5299999713897705, 3.990000009536743, 3.9800000190734863, 4.159999847412109, 4.570000171661377, 4.329999923706055, 4.119999885559082, 4.190000057220459, 4.130000114440918, 3.990000009536743, 4.349999904632568, 3.940000057220459, 4.550000190734863, 4.559999942779541, 4.429999828338623, 3.9600000381469727, 3.6700000762939453, 3.2699999809265137, 3.049999952316284, 3.440000057220459, 3.450000047683716, 3.6600000858306885, 3.7899999618530273, 3.5799999237060547, 3.5399999618530273, 3.549999952316284, 3.130000114440918, 3.0199999809265137, 3.0299999713897705, 3.140000104904175, 3.0999999046325684, 3.0999999046325684, 3.190000057220459, 3.259999990463257, 3.319999933242798, 3.0999999046325684, 2.7699999809265137, 2.680000066757202, 2.5799999237060547, 2.809999942779541, 2.7100000381469727, 2.5799999237060547, 2.450000047683716, 2.630000114440918]
assets:[0, 100.0001268517971, 224.07812531805038, 302.68705098724365, 393.2605533028126, 543.8227427711009, 614.566395960188, 531.6351358568191, 546.8266475680351, 718.0846907163382, 816.2848699119091, 953.2023970367432, 1147.1477330899238, 1186.9036400869368, 1229.3399858527184, 1350.2266804392814, 1430.8918166495323, 1482.3871475431442, 1716.1362973762034, 1654.3855360265732, 2010.521324280548, 2114.9398294610023, 2154.645596508026, 2026.0488795170784, 1977.676796113014, 1862.12601413846, 1836.8453912827492, 2171.7208841240886, 2278.0339964855434, 2516.6969450190786, 2706.087639762783, 2656.1462173944474, 2726.468676619625, 2834.170506931329, 2598.8603790210723, 2607.526571531582, 2716.1607553531408, 2914.7672693793775, 2977.6363983969213, 3077.6365053205486, 3266.9875186014174, 3438.6766779405593, 3601.9652035731556, 3463.280833456707, 3194.609123002768, 3190.8131714812516, 3171.7528342071532, 3554.5060556190488, 3528.0113816616063, 3458.770859719658, 3384.4918058714866, 3733.1484024429324]
shares:[0, 19.4175, 35.067, 52.368, 70.2251, 86.0479, 102.7703, 126.5798, 154.9084, 179.9711, 205.0967, 229.1352, 251.017, 274.1117, 298.3835, 322.2498, 346.4629, 371.5256, 394.5141, 419.8948, 441.8728, 463.8026, 486.376, 511.6285, 538.8765, 569.4575, 602.2444, 631.3142, 660.2997, 687.6221, 714.0073, 741.9403, 770.1889, 798.3579, 830.3068, 863.4194, 896.4227, 928.2698, 960.5279, 992.786, 1024.134, 1054.8088, 1084.9293, 1117.1874, 1153.2885, 1190.6019, 1229.3616, 1264.9488, 1301.8492, 1340.6089, 1381.4252, 1419.448]
growth_rate:-26.8
