ticker:LMACA
price:[10.75, 10.199999809265137, 10.1899995803833, 10.149999618530273, 10.210000038146973, 10.4399995803833, 10.279999732971191, 10.199999809265137, 10.15999984741211, 10.149999618530273, 10.199999809265137, 10.1899995803833, 10.260000228881836, 10.300000190734863, 10.1899995803833, 10.149999618530273, 10.244999885559082, 10.199999809265137, 10.300000190734863, 10.210000038146973, 10.199999809265137, 10.199999809265137, 10.119999885559082, 10.149999618530273, 10.119999885559082]
assets:[0, 99.99977813005448, 199.90129776821135, 299.11642875823975, 400.88442049779894, 509.9146355049133, 602.0995843601227, 697.4137669587136, 794.6786120651244, 893.8962564044953, 998.2994813323021, 1097.3202948131561, 1204.858502878189, 1309.5554142502785, 1395.569354531479, 1490.0909939975738, 1604.0381175822258, 1696.9923282670975, 1813.62918358469, 1897.7817150905607, 1995.9227026772498, 2095.9224808073045, 2179.483655353546, 2285.9443440868376, 2379.187685095215]
shares:[0, 9.8039, 19.6174, 29.4696, 39.2639, 48.8424, 58.57, 68.3739, 78.2164, 88.0686, 97.8725, 107.686, 117.4326, 127.1413, 136.9548, 146.807, 156.5679, 166.3718, 176.0805, 185.8748, 195.6787, 205.4826, 215.364, 225.2162, 235.0976]
growth_rate:-0.87
