ticker:LMACU
price:[13.015000343322754, 12.5, 12.399999618530273, 13.300000190734863, 13.149999618530273, 12.869999885559082, 11.399999618530273, 11.699999809265137, 11.550000190734863, 10.800000190734863, 10.739999771118164, 10.770000457763672, 10.9399995803833, 10.989999771118164, 10.699999809265137, 10.609999656677246, 10.510000228881836, 10.550000190734863, 10.59000015258789, 10.569999694824219, 10.649999618530273, 10.5600004196167, 10.609999656677246, 10.569999694824219, 10.710000038146973, 10.59000015258789, 10.600000381469727, 10.550000190734863, 10.569999694824219, 10.430000305175781, 10.4399995803833, 10.40999984741211]
assets:[0, 100.0, 199.19979387187956, 313.65789449815753, 410.1208731027603, 501.3881685416222, 544.1197017925263, 658.4385492660523, 749.9969523853301, 801.2962941514016, 896.8447548871994, 999.3504964759826, 1115.1250972280502, 1220.221872587204, 1288.0231770401, 1377.1896264363288, 1464.209089886856, 1569.7820033802986, 1675.7340901451112, 1772.5688658226015, 1885.9850024463651, 1970.0472782826423, 2079.375318714714, 2171.53561830368, 2300.2980921932217, 2374.5247812137604, 2476.7674691331863, 2565.0848463745115, 2669.9470419136046, 2734.5833720123287, 2837.204561963749, 2929.051247066498]
shares:[0, 8.0, 16.0645, 23.5833, 31.1879, 38.9579, 47.7298, 56.2768, 64.9348, 74.1941, 83.5051, 92.7902, 101.931, 111.0302, 120.376, 129.8011, 139.3158, 148.7945, 158.2374, 167.6981, 177.0878, 186.5575, 195.9826, 205.4433, 214.7804, 224.2233, 233.6573, 243.136, 252.5967, 262.1844, 271.7629, 281.369]
growth_rate:-5.51
