ticker:LMACW
price:[4.5, 3.6459999084472656, 3.049999952316284, 3.0999999046325684, 3.3499999046325684, 2.609999895095825, 2.2799999713897705, 2.1549999713897705, 1.8600000143051147, 2.1649999618530273, 2.0399999618530273, 2.0999999046325684, 2.059999942779541, 2.009999990463257, 2.069999933242798, 2.25, 2.1500000953674316, 2.059999942779541, 1.9199999570846558, 1.7400000095367432, 1.9199999570846558, 2.0899999141693115, 1.75, 1.6299999952316284, 1.5299999713897705]
assets:[0, 99.99993328895569, 183.6533071287632, 286.66412118115426, 409.78203833436964, 419.26307514848713, 466.25269814929965, 540.690570321679, 566.6748583582521, 759.5973811160087, 815.7407007460595, 939.7329473238468, 1021.8333076166152, 1097.0314627949715, 1229.7786803398133, 1436.7159, 1472.8618653316498, 1511.2071000233173, 1508.5036462823152, 1467.0815300409079, 1718.848473580742, 1971.0381640547514, 1750.39095, 1730.364147938025, 1724.2068457581997]
shares:[0, 27.4273, 60.2142, 92.4723, 122.323, 160.6372, 204.4968, 250.9005, 304.6639, 350.8533, 399.8729, 447.4919, 496.0356, 545.7868, 594.096, 638.5404, 685.052, 733.5957, 785.679, 843.1503, 895.2336, 943.0805, 1000.2234, 1061.5731, 1126.9326]
growth_rate:-28.16
