ticker:LMAOU
price:[10.220000267028809, 10.430000305175781, 10.399999618530273, 10.444999694824219, 10.180000305175781, 10.270000457763672, 10.220000267028809, 10.1899995803833, 10.180000305175781, 10.1899995803833, 10.319999694824219, 10.279999732971191, 10.300000190734863, 10.359999656677246, 10.3100004196167, 10.210000038146973, 10.15999984741211, 10.25, 10.300000190734863, 10.350000381469727, 10.359999656677246, 10.34000015258789, 10.420000076293945, 10.460000038146973, 10.449999809265137, 10.399999618530273, 10.350000381469727, 10.460000038146973, 10.350000381469727, 10.34000015258789, 10.279999732971191]
assets:[0, 99.99971392593383, 199.71223267459868, 300.576800717926, 392.95106577987667, 496.42512012710574, 594.0078775202752, 692.2637354930877, 791.5846077301024, 892.3617002532005, 1003.7458743179322, 1099.8551154306413, 1201.9945722584723, 1308.9963166208267, 1402.6786500889777, 1489.0733715635301, 1581.7809122440337, 1695.7928, 1804.0646034075737, 1912.8218655008318, 2014.6697652353284, 2110.7807471488954, 2227.111422306633, 2335.6604785180093, 2433.427710584736, 2521.7846275014876, 2609.660481184196, 2737.3956079831123, 2808.6081885168073, 2905.8947048824307, 2989.0322543581965]
shares:[0, 9.5877, 19.2031, 28.7771, 38.6003, 48.3374, 58.1221, 67.9356, 77.7588, 87.5723, 97.2622, 106.9898, 116.6985, 126.351, 136.0503, 145.8446, 155.6871, 165.4432, 175.1519, 184.8137, 194.4662, 204.1374, 213.7343, 223.2945, 232.8639, 242.4793, 252.1411, 261.7013, 271.3631, 281.0343, 290.7619]
growth_rate:-0.37
