ticker:LMAO
price:[9.8100004196167, 9.800000190734863, 9.810999870300293, 9.869999885559082, 9.930000305175781, 9.90999984741211, 9.9399995803833, 9.9399995803833, 9.859999656677246, 9.779999732971191, 9.880000114440918, 9.899999618530273, 9.9399995803833, 9.890000343322754, 9.890000343322754, 9.899999618530273, 9.899999618530273, 9.880000114440918, 9.845000267028809, 9.829999923706055, 9.880000114440918, 9.869999885559082, 9.880000114440918, 9.899999618530273, 9.899999618530273]
assets:[0, 100.00018194627762, 200.11202105455396, 301.3153045063019, 403.147089389801, 502.3349192653656, 603.8559685082436, 703.8563402867318, 798.1916222071648, 891.7149476530076, 1000.8331435927391, 1102.8589675043106, 1207.3153310332298, 1301.2421801714895, 1401.241951642895, 1502.6585720991136, 1602.658468245888, 1699.4212756845475, 1793.400690642929, 1890.6677803258897, 2000.2850631694794, 2098.2603146710394, 2200.386681487274, 2304.8406911891934, 2404.840587335968]
shares:[0, 10.2041, 20.3967, 30.5284, 40.5989, 50.6897, 60.7501, 70.8105, 80.9525, 91.1774, 101.2989, 111.3999, 121.4603, 131.5715, 141.6827, 151.7837, 161.8847, 172.0062, 182.1636, 192.3365, 202.458, 212.5897, 222.7112, 232.8122, 242.9132]
growth_rate:0.2
