ticker:LMAT
price:[31.809999465942383, 30.84000015258789, 32.959999084472656, 33.97999954223633, 31.850000381469727, 33.439998626708984, 32.310001373291016, 32.81999969482422, 32.47999954223633, 35.689998626708984, 37.20000076293945, 37.75, 39.58000183105469, 37.4900016784668, 34.65999984741211, 37.939998626708984, 38.369998931884766, 40.5, 42.849998474121094, 42.689998626708984, 45.43000030517578, 48.060001373291016, 48.27000045776367, 49.150001525878906, 49.20000076293945, 51.38999938964844, 46.790000915527344, 48.099998474121094, 47.849998474121094, 46.720001220703125, 48.58000183105469, 51.439998626708984, 50.4900016784668, 53.54999923706055, 52.470001220703125, 50.869998931884766, 49.189998626708984, 50.119998931884766, 51.209999084472656, 51.31999969482422, 56.40999984741211, 61.61000061035156, 63.33000183105469, 59.7400016784668, 59.880001068115234, 55.0099983215332, 54.7599983215332, 54.459999084472656, 57.84000015258789, 55.209999084472656, 54.81999969482422, 56.279998779296875]
assets:[0, 99.99870049476624, 206.87343425369264, 313.27520777969363, 393.6373397146225, 513.2872589206696, 595.9418203296661, 705.3477414413452, 798.040084752655, 976.910211410141, 1118.243182934189, 1234.776075, 1394.6330285186766, 1420.9910316192627, 1413.725937776184, 1647.5102943660738, 1766.1825618343353, 1964.2257, 2178.198257434845, 2270.0662909744265, 2515.7680408996584, 2761.4075289058687, 2873.474511250305, 3025.860863938904, 3128.9380085201265, 3368.2136179962154, 3166.7191879623415, 3355.3789335571287, 3437.9410453681944, 3456.752154318237, 3694.373115246582, 4011.8672208953863, 4037.776316230011, 4382.489097561645, 4394.105499227905, 4360.113391450882, 4316.117401502227, 4497.718584148407, 4695.531873053741, 4805.620167423248, 5382.247315441132, 5978.394180226135, 6245.294463569641, 5991.265028331757, 6105.305028903961, 5708.767094813919, 5782.825578748703, 5851.144179636383, 6314.288704657745, 6127.178093395233, 6183.898799575043, 6448.590400131226]
shares:[0, 3.2425, 6.2765, 9.2194, 12.3591, 15.3495, 18.4445, 21.4914, 24.5702, 27.3721, 30.0603, 32.7093, 35.2358, 37.9032, 40.7884, 43.4241, 46.0303, 48.4994, 50.8331, 53.1756, 55.3768, 57.4575, 59.5292, 61.5638, 63.5963, 65.5422, 67.6794, 69.7584, 71.8483, 73.9887, 76.0472, 77.9912, 79.9718, 81.8392, 83.7451, 85.7109, 87.7438, 89.739, 91.6917, 93.6403, 95.413, 97.0361, 98.6151, 100.289, 101.959, 103.7769, 105.6031, 107.4393, 109.1682, 110.9795, 112.8037, 114.5805]
growth_rate:26.44
