ticker:LMB
price:[7.320000171661377, 7.429999828338623, 9.539999961853027, 8.140000343322754, 10.479999542236328, 9.5, 9.550000190734863, 9.25, 8.930000305175781, 8.619999885559082, 9.109999656677246, 11.130000114440918, 11.979999542236328, 12.15999984741211, 12.609999656677246, 13.0600004196167, 12.979999542236328, 12.329999923706055, 13.479999542236328, 13.949999809265137, 15.6899995803833, 14.5, 14.960000038146973, 12.329999923706055, 12.279999732971191, 12.279999732971191, 11.529999732971191, 12.390000343322754, 11.489999771118164, 11.039999961853027, 10.359999656677246, 11.34000015258789, 10.489999771118164, 10.399999618530273, 11.020000457763672, 10.670000076293945, 9.670000076293945, 9.600000381469727, 9.470000267028809, 9.319999694824219, 9.619999885559082, 9.149999618530273, 9.449999809265137, 9.180000305175781, 8.930000305175781, 8.859999656677246, 8.890000343322754, 8.920000076293945, 8.760000228881836, 8.609999656677246, 8.170000076293945, 8.0600004196167]
assets:[0, 100.00036768960952, 228.39904708671568, 294.88128043727875, 479.6507150489807, 534.79775, 637.6124477345467, 717.582625, 792.7580980918884, 865.2376605129242, 1014.4212367701531, 1339.3530497714996, 1541.6390530929566, 1664.8024751094817, 1826.410913273716, 1991.5886819895743, 2079.3894366664886, 2075.259821158981, 2368.816055558014, 2551.408930115223, 2969.649358579063, 2844.4186, 3034.6554557381633, 2601.1565119049073, 2690.6081134926794, 2790.607835318184, 2720.171373002243, 3023.063441768074, 2903.470088162613, 2889.7575260149, 2811.7650308201787, 3177.7424707588198, 3039.5519126798627, 3113.4738857984544, 3399.0849791957858, 3391.1287542476657, 3173.310126036644, 3250.3393291568755, 3306.3246422295574, 3353.953806177521, 3561.913663626957, 3487.8910995874403, 3702.2481602753637, 3696.4694128837587, 3695.802967301178, 3766.832398036194, 3879.5872598257065, 3992.6794501499176, 4021.0617330625537, 4052.207655418682, 3945.12636884079, 3992.0093978304863]
shares:[0, 13.459, 23.9412, 36.2262, 45.7682, 56.2945, 66.7657, 77.5765, 88.7747, 100.3756, 111.3525, 120.3372, 128.6844, 136.9081, 144.8383, 152.4953, 160.1995, 168.3098, 175.7282, 182.8967, 189.2702, 196.1668, 202.8513, 210.9616, 219.1049, 227.2482, 235.9212, 243.9922, 252.6954, 261.7534, 271.4059, 280.2242, 289.7571, 299.3725, 308.4469, 317.819, 328.1603, 338.577, 349.1367, 359.8663, 370.2613, 381.1903, 391.7723, 402.6655, 413.8637, 425.1504, 436.399, 447.6098, 459.0253, 470.6397, 482.8796, 495.2865]
growth_rate:-21.73
