ticker:LMBS
price:[51.7599983215332, 51.77000045776367, 51.72999954223633, 51.68000030517578, 51.72999954223633, 51.630001068115234, 51.63999938964844, 51.54499816894531, 51.5099983215332, 51.59000015258789, 51.61000061035156, 51.619998931884766, 51.54999923706055, 51.459999084472656, 51.4900016784668, 51.63999938964844, 51.529998779296875, 51.470001220703125, 51.560001373291016, 51.54999923706055, 51.4900016784668, 51.5, 51.54999923706055, 51.459999084472656, 51.38999938964844, 51.31999969482422, 51.2400016784668, 51.20000076293945, 51.15999984741211, 51.130001068115234, 51.119998931884766, 51.08000183105469, 51.099998474121094, 51.09000015258789, 51.150001525878906, 51.16999816894531, 51.08000183105469, 51.0099983215332, 51.0099983215332, 51.040000915527344, 51.08000183105469, 51.0099983215332, 50.83000183105469, 50.90999984741211, 50.849998474121094, 50.810001373291016, 50.779998779296875, 50.81999969482422, 50.709999084472656, 50.790000915527344, 50.70000076293945, 50.7400016784668]
assets:[0, 99.9989328842163, 199.92092923088074, 299.72849776992797, 400.01774046020506, 499.2466213283539, 599.3441609161376, 698.2440086959839, 797.7714010044098, 899.012501659012, 999.3605688186647, 1099.552435248184, 1198.0632222686768, 1295.973762943268, 1396.7280835304261, 1500.7978102615357, 1597.6000111541748, 1695.7409542175292, 1798.7067399082184, 1898.359651904297, 1996.1489380702972, 2096.5341000000003, 2198.571382461166, 2294.7351551742554, 2391.613486595154, 2488.357957202911, 2584.479072659683, 2682.4601999717715, 2780.3669317073823, 2878.7366591373443, 2978.1744577732084, 3075.8436062591554, 3177.045315131378, 3276.4221457855224, 3380.268310838318, 3481.591324415588, 3575.4673201690675, 3670.567257221222, 3770.5672579307557, 3872.782565467834, 3975.8170505203248, 4070.368321065903, 4156.003273712158, 4262.546648224258, 4357.524514241791, 4454.096178385163, 4551.467148587037, 4655.050988046264, 4744.9751823333745, 4852.461450469207, 4943.863544395828, 5047.762512978745]
shares:[0, 1.9316, 3.8647, 5.7997, 7.7328, 9.6697, 11.6062, 13.5463, 15.4877, 17.4261, 19.3637, 21.3009, 23.2408, 25.1841, 27.1262, 29.0627, 31.0033, 32.9462, 34.8857, 36.8256, 38.7677, 40.7094, 42.6493, 44.5926, 46.5385, 48.4871, 50.4387, 52.3918, 54.3465, 56.3023, 58.2585, 60.2162, 62.1731, 64.1304, 66.0854, 68.0397, 69.9974, 71.9578, 73.9182, 75.8774, 77.8351, 79.7955, 81.7628, 83.7271, 85.6937, 87.6618, 89.6311, 91.5988, 93.5708, 95.5397, 97.5121, 99.4829]
growth_rate:-1.02
