ticker:LMFA
price:[3.115000009536743, 3.0, 2.9149999618530273, 3.069999933242798, 3.25, 3.049999952316284, 3.450000047683716, 3.200000047683716, 2.825000047683716, 2.75, 2.869999885559082, 3.1449999809265137, 3.5850000381469727, 3.7950000762939453, 3.255000114440918, 3.1549999713897705, 3.200000047683716, 3.3499999046325684, 10.649999618530273, 9.25, 8.850000381469727, 10.25, 9.149999618530273, 9.949999809265137, 9.75, 7.75, 6.300000190734863, 7.550000190734863, 7.349999904632568, 6.599999904632568, 6.650000095367432, 6.150000095367432, 5.300000190734863, 5.400000095367432, 5.449999809265137, 4.46999979019165, 3.75, 4.380000114440918, 4.460000038146973, 4.360000133514404, 5.170000076293945, 4.260000228881836, 4.28000020980835, 4.139999866485596, 4.690000057220459, 3.7699999809265137, 4.0, 4.389999866485596, 4.480000019073486, 4.730000019073486, 4.920000076293945, 5.190000057220459]
assets:[0, 99.9999, 197.16651641979217, 307.65052631013396, 425.688575, 499.49239219093323, 664.9995841912031, 716.8112106813193, 732.809814869237, 813.3545750000001, 948.8463571648598, 1139.7637180876732, 1399.2219298887253, 1581.1848842878342, 1456.1942836976052, 1511.4570022937776, 1633.0150643338204, 1809.5624134855748, 5852.788230360412, 5183.4077, 5059.26024807396, 5959.594975, 5420.028809035301, 5993.911725100707, 5973.4311, 4848.1117, 4041.0456623441696, 4942.840164870453, 4911.903506267262, 4510.688754822301, 4644.860811611795, 4395.623393162489, 3888.098159923744, 4061.458331727934, 4199.064078044415, 3544.0031266551496, 3073.15725, 3689.4475443981173, 3856.8345389880183, 3870.358602520323, 4689.393250201607, 3963.9877229776384, 4082.598040131569, 4049.05483341856, 4686.9731311835285, 3867.5668264328956, 4203.5192, 4713.361988651084, 4909.991316904163, 5283.986135307407, 5596.239326780319, 6003.3498781877515]
shares:[0, 33.3333, 67.6386, 100.2119, 130.9811, 163.768, 192.7535, 224.0035, 259.4017, 295.7653, 330.6085, 362.405, 390.299, 416.6495, 447.3715, 479.0672, 510.3172, 540.1679, 549.5576, 560.3684, 571.6678, 581.4239, 592.3529, 602.4032, 612.6596, 625.5628, 641.4358, 654.6808, 668.2862, 683.4377, 698.4753, 714.7355, 733.6034, 752.1219, 770.4705, 792.8419, 819.5086, 842.3396, 864.7611, 887.6969, 907.0393, 930.5135, 953.878, 978.0326, 999.3546, 1025.8798, 1050.8798, 1073.6588, 1095.9802, 1117.1218, 1137.447, 1156.7148]
growth_rate:17.71
