ticker:LMNL
price:[11.199999809265137, 11.84000015258789, 11.9399995803833, 11.050000190734863, 11.020000457763672, 9.529999732971191, 7.349999904632568, 5.710000038146973, 4.599999904632568, 4.130000114440918, 3.680000066757202, 4.860000133514404, 4.139999866485596, 4.650000095367432, 4.159999847412109, 4.090000152587891, 4.650000095367432, 4.199999809265137, 4.170000076293945, 5.46999979019165, 5.159999847412109, 4.579999923706055, 5.21999979019165, 5.849999904632568, 6.050000190734863, 4.800000190734863, 4.200099945068359, 4.650000095367432, 4.420000076293945, 4.070000171661377, 4.269999980926514, 4.110000133514404, 4.150000095367432, 4.0, 5.03000020980835, 4.789999961853027, 4.28000020980835, 4.5, 4.420000076293945, 4.019999980926514, 4.840000152587891, 4.239999771118164, 4.039999961853027, 3.869999885559082, 3.880000114440918, 3.4600000381469727, 3.2799999713897705, 2.930000066757202, 2.859999895095825, 2.5999999046325684, 2.1500000953674316, 2.4700000286102295]
assets:[0, 99.99945728874206, 200.84392694158555, 285.87344993448255, 385.09722199668886, 433.02889286661144, 433.97265936913493, 437.1404729204178, 452.1620506257534, 505.9630100200653, 550.833817992425, 827.4597347320556, 804.8731060429574, 1004.0243005916595, 998.2239953853607, 1081.427124345398, 1329.4954772667886, 1300.8344409251215, 1391.5427864595413, 1925.3567821506501, 1916.241279334259, 1800.8500160013198, 2152.49718948431, 2512.2812890444757, 2698.171220063686, 2240.697689037323, 2060.6572351493833, 2381.3878088401793, 2363.5985767982484, 2276.4357520137787, 2488.2997888851164, 2495.0614800527096, 2619.344355192804, 2624.6692, 3400.521581840515, 3338.2697654144285, 3082.8383551227093, 3341.3017499999996, 3381.9007363752366, 3175.846214931726, 3923.655991698837, 3537.252033053589, 3470.400771231365, 3424.369011736965, 3533.2177322125435, 3250.755843840027, 3181.641300247717, 2942.1370060337304, 2971.846768993306, 2801.6787772350312, 2416.772967200661, 2876.478547318506]
shares:[0, 8.4459, 16.8211, 25.8709, 34.9453, 45.4385, 59.0439, 76.557, 98.2961, 122.5092, 149.6831, 170.2592, 194.4138, 215.9192, 239.9577, 264.4076, 285.913, 309.7225, 333.7033, 351.9848, 371.3646, 393.1987, 412.3558, 429.4498, 445.9787, 466.812, 490.621, 512.1264, 534.7508, 559.3208, 582.74, 607.0709, 631.1673, 656.1673, 676.048, 696.9248, 720.2893, 742.5115, 765.1359, 790.0115, 810.6727, 834.2576, 859.0101, 884.8499, 910.6231, 939.5248, 970.0126, 1004.1423, 1039.1073, 1077.5688, 1124.0804, 1164.5662]
growth_rate:-43.6
