ticker:LMNR
price:[14.40999984741211, 15.59000015258789, 15.399999618530273, 14.300000190734863, 14.539999961853027, 14.979999542236328, 14.979999542236328, 14.869999885559082, 13.829999923706055, 13.970000267028809, 14.739999771118164, 14.65999984741211, 15.09000015258789, 15.289999961853027, 15.449999809265137, 15.229999542236328, 17.0, 16.649999618530273, 17.290000915527344, 15.380000114440918, 16.93000030517578, 15.970000267028809, 15.829999923706055, 16.010000228881836, 15.229999542236328, 15.329999923706055, 16.899999618530273, 19.010000228881836, 17.219999313354492, 17.34000015258789, 17.309999465942383, 17.40999984741211, 17.56999969482422, 17.43000030517578, 18.059999465942383, 18.780000686645508, 19.1200008392334, 18.760000228881836, 18.790000915527344, 19.389999389648438, 18.989999771118164, 18.06999969482422, 17.850000381469727, 17.520000457763672, 17.600000381469727, 17.93000030517578, 17.790000915527344, 17.90999984741211, 17.34000015258789, 17.200000762939453, 16.90999984741211, 16.600000381469727]
assets:[0, 100.00049697875976, 198.7816550760269, 284.5828737957954, 389.3593889784813, 501.1424026859283, 601.1428876300812, 696.7278966379165, 747.999694873619, 855.5717113537788, 1002.7297564296722, 1097.287794578934, 1229.4728524322509, 1345.7676946424483, 1459.8503969777107, 1539.0630347408294, 1817.9307000000001, 1880.5025719156265, 2052.7864806976318, 1926.018958331299, 2220.124055019379, 2194.2333206890107, 2274.997358035469, 2400.8660383232113, 2383.8970003479003, 2499.5503555603027, 2855.538855544281, 3312.0591118774414, 3100.192244380188, 3221.7963043510435, 3316.222001686096, 3435.3794718910217, 3566.9506470451356, 3638.528250705719, 3870.0411655578614, 4124.328534796143, 4298.996436695671, 4318.0530366825105, 4424.958781602478, 4666.255706117248, 4669.9941577137, 4543.748405262756, 4588.4282780586245, 4603.600872283173, 4724.621542403412, 4913.207371624755, 4974.843889020538, 5108.401198477936, 5045.822132402039, 5105.084066445923, 5119.010372808456, 5125.167117776871]
shares:[0, 6.4144, 12.9079, 19.9009, 26.7785, 33.4541, 40.1297, 46.8546, 54.0853, 61.2435, 68.0278, 74.8491, 81.476, 88.0162, 94.4887, 101.0547, 106.9371, 112.9431, 118.7268, 125.2288, 131.1355, 137.3972, 143.7143, 149.9604, 156.5264, 163.0496, 168.9668, 174.2272, 180.0344, 185.8014, 191.5784, 197.3222, 203.0137, 208.7509, 214.288, 219.6128, 224.8429, 230.1734, 235.4954, 240.6527, 245.9186, 251.4526, 257.0548, 262.7626, 268.4444, 274.0216, 279.6427, 285.2262, 290.9932, 296.8072, 302.7209, 308.745]
growth_rate:0.49
