ticker:LMPX
price:[17.65999984741211, 19.979999542236328, 22.299999237060547, 21.940000534057617, 29.75, 35.09000015258789, 33.0099983215332, 26.59000015258789, 23.149999618530273, 26.600000381469727, 22.559999465942383, 25.75, 28.639999389648438, 27.15999984741211, 24.729999542236328, 27.010000228881836, 27.489999771118164, 24.969999313354492, 26.520000457763672, 26.280000686645508, 26.59000015258789, 22.280000686645508, 23.600000381469727, 23.989999771118164, 22.280000686645508, 17.93000030517578, 17.889999389648438, 19.0, 19.780000686645508, 16.924999237060547, 16.540000915527344, 15.789999961853027, 14.524999618530273, 13.789999961853027, 14.649999618530273, 13.430000305175781, 13.729999542236328, 15.920000076293945, 15.100000381469727, 14.220000267028809, 15.279999732971191, 15.15999984741211, 15.920000076293945, 14.649999618530273, 15.979999542236328, 14.5, 16.489999771118164, 16.3700008392334, 17.219999313354492, 15.920000076293945, 16.809999465942383, 16.889999389648438]
assets:[0, 99.99989770889282, 211.61138276023866, 308.19557550201415, 517.902875, 710.8637500911713, 768.7269379123688, 719.2196191272736, 726.1738180339813, 934.394173400116, 892.478090872574, 1118.675275, 1344.2269633529663, 1374.7631442764282, 1351.7640319782256, 1576.3900453582764, 1704.4047268091201, 1648.1622836774827, 1850.470159941101, 1933.724498524475, 2056.5344278015136, 1823.1880521886824, 2031.2048328323365, 2164.7712153465272, 2110.46638104229, 1798.4130976097108, 1894.4006593688964, 2111.9411999999998, 2298.641791795349, 2066.8605968307493, 2119.8442553382874, 2123.7202568693165, 2053.5807585668563, 2049.664233330059, 2277.4889406967163, 2187.827629714966, 2336.699011093521, 2809.4135574636457, 2764.707389844513, 2703.5846607689855, 3005.117547483444, 3081.5170769840242, 3335.999399987221, 3169.873157460022, 3557.649670087433, 3328.156, 3884.916973077202, 3956.6455728435517, 4262.091034049606, 4040.33045136261, 4366.202365284729, 4486.982036854553]
shares:[0, 5.005, 9.4893, 14.0472, 17.4085, 20.2583, 23.2877, 27.0485, 31.3682, 35.1276, 39.5602, 43.4437, 46.9353, 50.6172, 54.6609, 58.3632, 62.0009, 66.0057, 69.7764, 73.5816, 77.3424, 81.8307, 86.068, 90.2364, 94.7247, 100.3019, 105.8916, 111.1548, 116.2104, 122.1188, 128.1647, 134.4978, 141.3825, 148.6341, 155.46, 162.906, 170.1893, 176.4707, 183.0932, 190.1255, 196.67, 203.2663, 209.5477, 216.3736, 222.6314, 229.528, 235.5923, 241.701, 247.5082, 253.7896, 259.7384, 265.6591]
growth_rate:-12.02
