ticker:LMRKO
price:[24.399999618530273, 24.709999084472656, 24.75, 24.649999618530273, 24.40999984741211, 25.0, 24.90999984741211, 24.959999084472656, 24.540000915527344, 24.600000381469727, 24.649999618530273, 25.049999237060547, 25.020999908447266, 25.049999237060547, 25.170000076293945, 25.21500015258789, 25.155000686645508, 25.356000900268555, 25.350000381469727, 25.110000610351562, 25.559999465942383, 25.170000076293945, 25.21500015258789, 25.149999618530273, 25.31999969482422, 25.25, 25.256000518798828, 25.47100067138672, 25.489999771118164, 25.760000228881836, 25.600000381469727, 25.700000762939453, 25.735000610351562, 25.790000915527344, 25.450000762939453, 25.3799991607666, 25.415000915527344, 25.236000061035156, 25.364999771118164, 25.35099983215332, 25.34000015258789, 25.405000686645508, 25.3799991607666, 25.450000762939453, 25.437000274658203, 25.5, 25.639999389648438, 25.5, 25.219999313354492, 25.149999618530273, 25.18000030517578, 25.20800018310547]
assets:[0, 99.99889529495239, 200.16067500000003, 299.3520603673935, 396.4379255218506, 506.02, 604.1995192989349, 705.4120061256409, 793.5426476051331, 895.4818338861465, 997.3020095663071, 1113.4849910869598, 1212.1948846645355, 1313.5994149921419, 1419.8925613039016, 1522.4312792129517, 1618.8098211879728, 1731.7438646858216, 1831.3347275581361, 1913.9972415237428, 2048.299121202278, 2117.046189417076, 2220.8313104393005, 2315.105249884987, 2430.752886702728, 2524.032925, 2624.633881114197, 2746.9761036071777, 2849.024921417809, 2979.2032744707108, 3060.6976456079483, 3172.6548141845706, 3276.9765967193607, 3383.9808111289976, 3439.369093105316, 3529.9086572774886, 3634.777185935974, 3709.177194570923, 3828.1364954566957, 3926.0231506061555, 4024.3189102329256, 4134.640997250938, 4230.571756108856, 4342.2409551715855, 4440.023310541535, 4551.0207, 4676.007712689209, 4750.4766, 4798.3141953599925, 4884.995085905456, 4990.82210448761, 5096.371979418946]
shares:[0, 4.0469, 8.0873, 12.1441, 16.2408, 20.2408, 24.2553, 28.2617, 32.3367, 36.4017, 40.4585, 44.4505, 48.4471, 52.4391, 56.4121, 60.378, 64.3534, 68.2972, 72.242, 76.2245, 80.1369, 84.1099, 88.0758, 92.0519, 96.0013, 99.9617, 103.9212, 107.8472, 111.7703, 115.6523, 119.5585, 123.4496, 127.3354, 131.2129, 135.1422, 139.0823, 143.017, 146.9796, 150.922, 154.8666, 158.8129, 162.7491, 166.6892, 170.6185, 174.5498, 178.4714, 182.3716, 186.2932, 190.2583, 194.2344, 198.2058, 202.1728]
growth_rate:-0.07
