ticker:LMRKP
price:[24.959999084472656, 24.90999984741211, 24.922000885009766, 24.829999923706055, 24.25, 24.799999237060547, 24.770000457763672, 24.8799991607666, 24.899999618530273, 24.809999465942383, 24.950000762939453, 25.34000015258789, 25.200000762939453, 25.384000778198242, 25.454999923706055, 25.450000762939453, 25.520000457763672, 25.270000457763672, 25.40999984741211, 24.84000015258789, 25.176000595092773, 25.180999755859375, 25.25, 25.25, 25.450000762939453, 25.530000686645508, 25.40999984741211, 25.559999465942383, 25.450000762939453, 26.200000762939453, 25.350000381469727, 25.59000015258789, 25.6200008392334, 25.690000534057617, 25.5, 25.375, 25.5, 25.479999542236328, 25.489999771118164, 25.399999618530273, 25.405000686645508, 25.479999542236328, 25.593000411987305, 25.27899932861328, 25.34000015258789, 25.3799991607666, 25.465999603271484, 25.538000106811523, 25.350000381469727, 25.34000015258789, 25.3700008392334, 25.378999710083008]
assets:[0, 100.00119438743592, 200.04890110397338, 299.31075108032223, 392.31892500000004, 501.21790458068847, 600.6105860996246, 703.2779602775573, 803.8441976850509, 900.9379156064987, 1006.0214557628632, 1121.7460587547303, 1215.5497568012238, 1324.4254710029602, 1428.129861219597, 1527.8500758018495, 1632.0525172748567, 1716.0655150863647, 1825.573816037369, 1884.6232315769198, 2010.1148275136948, 2110.5127592376707, 2216.296025, 2316.296125, 2434.6437829856873, 2542.297892376709, 2630.349167204666, 2745.8775146268845, 2834.0611849594115, 3017.579847871399, 3019.6819054405214, 3148.2711847724913, 3251.9620785243987, 3360.848077867127, 3435.9924, 3519.1496374999997, 3636.48615, 3733.63274492302, 3835.0979155635837, 3921.5567411041256, 4022.3280297153474, 4134.201269726563, 4252.5355077558515, 4300.362249786377, 4410.738708559799, 4517.7007626144405, 4633.008935023498, 4746.107076050377, 4811.168967399025, 4909.270269561767, 5015.083414897727, 5116.863163547516]
shares:[0, 4.0145, 8.027, 12.0544, 16.1781, 20.2104, 24.2475, 28.2668, 32.2829, 36.3135, 40.3215, 44.2678, 48.2361, 52.1756, 56.1041, 60.0334, 63.9519, 67.9092, 71.8447, 75.8705, 79.8425, 83.8137, 87.7741, 91.7345, 95.6638, 99.5808, 103.5163, 107.4287, 111.358, 115.1748, 119.1196, 123.0274, 126.9306, 130.8232, 134.7448, 138.6857, 142.6073, 146.5319, 150.455, 154.392, 158.3282, 162.2528, 166.1601, 170.116, 174.0623, 178.0024, 181.9292, 185.8449, 189.7897, 193.736, 197.6777, 201.618]
growth_rate:0.33
