ticker:LMRK
price:[10.069999694824219, 9.949999809265137, 9.380000114440918, 9.050000190734863, 9.1899995803833, 10.220000267028809, 10.84000015258789, 10.5, 10.180000305175781, 10.6899995803833, 10.350000381469727, 10.130000114440918, 10.489999771118164, 10.850000381469727, 11.25, 11.300000190734863, 11.239999771118164, 10.720000267028809, 12.010000228881836, 12.460000038146973, 12.289999961853027, 11.5600004196167, 11.960000038146973, 12.270000457763672, 12.279999732971191, 13.109999656677246, 12.4399995803833, 12.710000038146973, 12.449999809265137, 12.119999885559082, 12.020000457763672, 12.020000457763672, 12.390000343322754, 12.279999732971191, 12.779999732971191, 11.989999771118164, 11.920000076293945, 13.100000381469727, 13.020000457763672, 13.149999618530273, 13.210000038146973, 13.069999694824219, 12.779999732971191, 12.8100004196167, 12.770000457763672, 12.979999542236328, 13.489999771118164, 13.369999885559082, 14.300000190734863, 14.489999771118164, 14.15999984741211, 16.25]
assets:[0, 100.0004830830574, 194.2719963702202, 287.43705605792996, 391.88363810653686, 535.8049759995461, 668.3098574073791, 747.3480000000001, 824.5718807189942, 965.8810150860787, 1035.1604631528855, 1113.157348575592, 1252.7168216669083, 1395.7082440710067, 1547.163, 1654.0397879188538, 1745.2572444610594, 1764.5163319530488, 2076.8509075798033, 2254.66815690279, 2323.9062607868195, 2285.8710149748804, 2464.9667718621254, 2628.8586410762787, 2731.000716614342, 3015.5883410282136, 2961.473764105797, 3125.7499733814243, 3161.8081765608786, 3178.000925992298, 3251.7803398391725, 3351.780733647537, 3554.9550055066106, 3623.3932092092514, 3870.925173119831, 3731.642832765198, 3809.857312384987, 4287.0078748369215, 4360.82781332016, 4504.369309332275, 4624.921409355545, 4675.906099820709, 4672.1557543787, 4783.123494680595, 4868.188513508988, 5048.245023964309, 5346.596831285477, 5399.0359177867895, 5874.585938355827, 6052.639539393425, 6014.794111184692, 7002.57025]
shares:[0, 10.0503, 20.7113, 31.761, 42.6424, 52.4271, 61.6522, 71.176, 80.9992, 90.3537, 100.0155, 109.8872, 119.4201, 128.6367, 137.5256, 146.3752, 155.272, 164.6004, 172.9268, 180.9525, 189.0892, 197.7397, 206.1009, 214.2509, 222.3942, 230.022, 238.0606, 245.9284, 253.9605, 262.2113, 270.5308, 278.8503, 286.9213, 295.0646, 302.8893, 311.2296, 319.6189, 327.2525, 334.933, 342.5376, 350.1076, 357.7587, 365.5834, 373.3898, 381.2207, 388.9249, 396.3378, 403.8172, 410.8102, 417.7115, 424.7736, 430.9274]
growth_rate:37.31
