ticker:LMRKN
price:[24.450000762939453, 24.600000381469727, 24.6200008392334, 24.139999389648438, 23.75, 24.697999954223633, 24.700000762939453, 24.950000762939453, 24.6200008392334, 24.700000762939453, 24.799999237060547, 25.170000076293945, 25.204999923706055, 25.059999465942383, 25.100000381469727, 25.530000686645508, 25.5, 25.729999542236328, 25.850000381469727, 25.6200008392334, 25.94499969482422, 25.7549991607666, 26.041000366210938, 26.09000015258789, 25.989999771118164, 26.25, 26.25, 25.969999313354492, 26.479999542236328, 26.280000686645508, 26.399999618530273, 26.479999542236328, 26.405000686645508, 26.469999313354492, 27.0, 26.600000381469727, 26.899999618530273, 25.690000534057617, 25.80500030517578, 26.0, 25.950000762939453, 26.0, 25.899999618530273, 26.020000457763672, 25.799999237060547, 25.979999542236328, 25.850000381469727, 25.600000381469727, 25.219999313354492, 25.219999313354492, 25.299999237060547, 25.690000534057617]
assets:[0, 99.99900155067445, 200.07936082019805, 296.1784805114746, 391.392875, 507.0153618602753, 607.0568587509156, 713.2007618087769, 803.7667053983689, 906.3788779964448, 1010.0494089271546, 1125.1191394104005, 1226.6844977869034, 1319.6269938772202, 1421.7343016075135, 1546.0917355831148, 1644.2757, 1759.1060357036592, 1867.310967556, 1950.6966158988953, 2075.441711087799, 2160.241762607956, 2284.230616822815, 2388.5290779693605, 2479.3732061653136, 2604.175875, 2704.17525, 2775.330722620392, 2929.8318853515625, 3007.70403058548, 3121.438274896431, 3230.8962401470185, 3321.746445879936, 3429.9242770259857, 3598.6005, 3645.2879922769544, 3786.4009063049316, 3716.084267251969, 3832.7186363265987, 3961.6824, 4054.064819190979, 4161.8772, 4245.869817464447, 4365.5420048019405, 4428.631789039612, 4559.5288896617885, 4636.714568424225, 4691.870789914322, 4722.225457431602, 4822.225276708984, 4937.522551105499, 5113.635710305023]
shares:[0, 4.065, 8.1267, 12.2692, 16.4797, 20.5286, 24.5772, 28.5852, 32.6469, 36.6955, 40.7278, 44.7008, 48.6683, 52.6587, 56.6428, 60.5598, 64.4814, 68.3679, 72.2364, 76.1396, 79.9939, 83.8766, 87.7167, 91.5496, 95.3972, 99.2067, 103.0162, 106.8668, 110.6432, 114.4484, 118.2363, 122.0127, 125.7999, 129.5778, 133.2815, 137.0409, 140.7584, 144.651, 148.5262, 152.3724, 156.226, 160.0722, 163.9332, 167.7764, 171.6524, 175.5015, 179.37, 183.2762, 187.2413, 191.2064, 195.159, 199.0516]
growth_rate:0.27
