ticker:LMST
price:[10.899999618530273, 10.319999694824219, 10.880000114440918, 10.210000038146973, 10.4399995803833, 10.619999885559082, 10.859999656677246, 10.600000381469727, 10.600000381469727, 10.65999984741211, 11.720000267028809, 12.5, 12.380000114440918, 13.239999771118164, 14.739999771118164, 14.050000190734863, 13.100000381469727, 12.5600004196167, 12.899999618530273, 13.0, 13.760000228881836, 13.050000190734863, 14.359999656677246, 14.399999618530273, 14.649999618530273, 15.0600004196167, 16.610000610351562, 16.8799991607666, 16.100000381469727, 15.720000267028809, 15.869999885559082, 15.760000228881836, 15.649999618530273, 15.550000190734863, 15.819999694824219, 15.850000381469727, 16.06999969482422, 16.06999969482422, 15.90999984741211, 16.149999618530273, 16.34000015258789, 16.520000457763672, 16.5, 16.600000381469727, 16.639999389648438, 16.600000381469727, 16.649999618530273, 16.6200008392334, 16.799999237060547, 16.68000030517578, 17.25, 17.280000686645508]
assets:[0, 99.9997650428772, 205.4263701607704, 292.7758350938797, 399.37069994802476, 506.25645654459, 617.6972324724197, 702.9093452960968, 802.9097488948822, 907.4548730106353, 1097.6893650097845, 1270.7437499999999, 1358.544072558403, 1552.9182491544723, 1828.8536796016695, 1843.2420050228118, 1818.610172957611, 1843.6447815942765, 1993.5517510480881, 2109.0056, 2332.300774795151, 2311.956303790855, 2644.0378087856293, 2751.402167112732, 2899.1689995088577, 3080.306221826553, 3497.3369495132442, 3654.187282322502, 3585.3332349500656, 3600.710077163696, 3735.067953065872, 3809.1794473205564, 3882.592755361557, 3957.7844935458183, 4126.504540397644, 4234.329186909676, 4393.102419573212, 4493.102813674164, 4548.368257378006, 4716.980453582954, 4872.475299500657, 5026.150667272949, 5120.065500000001, 5251.096380670738, 5363.74905125885, 5450.855805261231, 5567.273692447662, 5657.242197664643, 5818.511735763549, 5876.9512435241695, 6177.782174999999, 6288.525753883553]
shares:[0, 9.6899, 18.8811, 28.6754, 38.2539, 47.6701, 56.8782, 66.3122, 75.7462, 85.1271, 93.6595, 101.6595, 109.737, 117.2899, 124.0742, 131.1916, 138.8252, 146.787, 154.5389, 162.2312, 169.4986, 177.1614, 184.1252, 191.0696, 197.8955, 204.5356, 210.5561, 216.4803, 222.6915, 229.0528, 235.354, 241.6992, 248.089, 254.5199, 260.841, 267.1501, 273.3729, 279.5957, 285.8811, 292.0731, 298.1931, 304.2464, 310.307, 316.3311, 322.3407, 328.3648, 334.3708, 340.3876, 346.34, 352.3352, 358.1323, 363.9193]
growth_rate:23.3
