ticker:LNDC
price:[10.199999809265137, 9.680000305175781, 10.010000228881836, 9.34000015258789, 9.430000305175781, 10.0600004196167, 10.430000305175781, 10.25, 9.609999656677246, 9.4399995803833, 9.850000381469727, 10.210000038146973, 10.319999694824219, 11.100000381469727, 11.770000457763672, 10.9399995803833, 10.130000114440918, 10.850000381469727, 10.739999771118164, 10.829999923706055, 11.319999694824219, 10.65999984741211, 10.949999809265137, 11.970000267028809, 11.359999656677246, 11.149999618530273, 11.119999885559082, 12.09000015258789, 11.40999984741211, 10.819999694824219, 10.630000114440918, 9.90999984741211, 11.199999809265137, 11.649999618530273, 11.319999694824219, 12.520000457763672, 12.170000076293945, 12.220000267028809, 11.970000267028809, 12.75, 12.0600004196167, 11.470000267028809, 11.100000381469727, 11.220000267028809, 11.4399995803833, 11.59000015258789, 11.819999694824219, 10.9399995803833, 10.760000228881836, 10.720000267028809, 10.880000114440918, 10.869999885559082]
assets:[0, 100.00021115264893, 203.40921065101622, 289.794052734375, 392.5869437049866, 518.8153476405143, 637.8967326644897, 726.887975, 781.5015090804101, 867.6766174309731, 1005.3619589355469, 1142.1059192671776, 1254.4104109054565, 1449.2204898048399, 1636.6962456550598, 1621.2794938138961, 1601.2400010895728, 1815.0499088144302, 1896.6485175802231, 2012.5421348222733, 2203.5986845932007, 2175.1207348651883, 2334.293584339619, 2651.734508155346, 2616.599840920925, 2668.229473713112, 2761.050379584789, 3101.897487149048, 3027.431233513641, 2970.8851862068177, 3018.7159364990234, 2914.2495111282346, 3393.6021822072985, 3629.9523161401753, 3627.1293982162474, 4111.6307503318785, 4096.688548682213, 4213.519636072922, 4227.318112303734, 4602.781875, 4453.690618962097, 4335.806916940308, 4295.9421276371, 4442.385195725918, 4629.490982191276, 4790.19226406517, 4985.251533287811, 4714.099425185108, 4736.537036753463, 4818.9295600366595, 4990.854068496132, 5086.266432451058]
shares:[0, 10.3306, 20.3206, 31.0272, 41.6317, 51.5721, 61.1598, 70.9159, 81.3217, 91.9149, 102.0672, 111.8615, 121.5514, 130.5604, 139.0566, 148.1974, 158.0691, 167.2857, 176.5967, 185.8303, 194.6642, 204.0451, 213.1775, 221.5317, 230.3345, 239.3031, 248.2959, 256.5672, 265.3314, 274.5735, 283.9808, 294.0716, 303.0002, 311.5839, 320.4178, 328.405, 336.6219, 344.8052, 353.1594, 361.0025, 369.2944, 378.0128, 387.0218, 395.9345, 404.6758, 413.3039, 421.7641, 430.9049, 440.1986, 449.527, 458.7182, 467.9178]
growth_rate:-0.27
