ticker:LNSR
price:[9.0, 8.380000114440918, 9.350000381469727, 8.270000457763672, 9.760000228881836, 8.220000267028809, 8.949999809265137, 9.119999885559082, 9.40999984741211, 7.5, 8.529999732971191, 7.400000095367432, 6.860000133514404, 7.25, 7.0, 6.639999866485596, 6.590000152587891, 6.989999771118164, 7.5, 8.720000267028809, 8.119999885559082, 9.039999961853027, 8.460000038146973, 8.619999885559082, 8.279999732971191, 7.730000019073486, 7.230000019073486, 7.019999980926514, 6.980000019073486, 7.159999847412109, 6.909999847412109, 7.139999866485596, 7.989999771118164, 7.889999866485596, 8.270000457763672, 8.380000114440918, 8.5600004196167, 8.229999542236328, 7.860000133514404, 8.069999694824219, 8.180000305175781, 7.5, 7.760000228881836, 8.130000114440918, 8.470000267028809, 8.510000228881836, 8.010000228881836, 8.119999885559082, 8.0600004196167]
assets:[0, 100.00021736564636, 211.57554863204956, 287.13689689369204, 438.8701222919464, 469.6217672557831, 611.3279469718933, 722.9396549283027, 845.9279332828521, 774.225, 980.5516183041573, 950.6543322515488, 981.2825450984477, 1137.0697, 1197.8602999999998, 1236.2557591418743, 1326.9466147247315, 1507.4899126384735, 1717.47825, 2096.8548642110827, 2052.5760070715905, 2385.1334779352187, 2332.10476051569, 2476.2104751253128, 2478.54091606741, 2413.903534956217, 2357.765184220028, 2389.28226550827, 2475.667802764988, 2639.5103157489775, 2647.3487765407563, 2835.4660209782123, 3273.0211092409136, 3332.057403614998, 3592.5369918552396, 3740.321709079456, 3920.662520193386, 3869.515344772339, 3795.551620473385, 3996.959482850647, 4151.440952880096, 3906.3329999999996, 4141.752682161331, 4439.2329054883, 4724.8837739586825, 4847.197414368438, 4662.403261225892, 4826.431303977681, 4890.767954621315]
shares:[0, 11.9332, 22.6284, 34.7203, 44.9662, 57.1316, 68.3048, 79.2697, 89.8967, 103.23, 114.9533, 128.4668, 143.0441, 156.8372, 171.1229, 186.1831, 201.3576, 215.6638, 228.9971, 240.465, 252.7803, 263.8422, 275.6625, 287.2634, 299.3407, 312.2773, 326.1086, 340.3536, 354.6802, 368.6467, 383.1185, 397.1241, 409.6397, 422.314, 434.4059, 446.3391, 458.0213, 470.172, 482.8946, 495.2862, 507.5111, 520.8444, 533.731, 546.0311, 557.8375, 569.5884, 582.0728, 594.3881, 606.795]
growth_rate:1.89
