ticker:LNT
price:[53.290000915527344, 51.86000061035156, 50.97999954223633, 51.349998474121094, 53.09000015258789, 54.7400016784668, 54.88999938964844, 56.66999816894531, 55.279998779296875, 54.56999969482422, 56.20000076293945, 52.869998931884766, 52.7599983215332, 52.880001068115234, 51.709999084472656, 51.04999923706055, 50.02000045776367, 51.529998779296875, 49.349998474121094, 49.470001220703125, 49.40999984741211, 48.650001525878906, 49.68000030517578, 48.290000915527344, 47.630001068115234, 46.15999984741211, 48.38999938964844, 51.119998931884766, 51.77000045776367, 53.970001220703125, 54.36000061035156, 54.0099983215332, 56.15999984741211, 56.439998626708984, 56.16999816894531, 56.7400016784668, 56.7599983215332, 58.11000061035156, 57.150001525878906, 58.11000061035156, 58.58000183105469, 56.33000183105469, 57.130001068115234, 56.41999816894531, 56.7599983215332, 58.54999923706055, 58.61000061035156, 58.529998779296875, 60.79999923706055, 61.06999969482422, 62.18000030517578, 60.84000015258789]
assets:[0, 100.00163917694091, 198.3071002193451, 299.74534609298706, 409.90258217811584, 522.6411140254975, 624.071848060608, 744.3094229507446, 826.0545497589111, 915.4444868804932, 1042.7910141563416, 1081.0011461608888, 1178.7533305000304, 1281.4357778835297, 1353.085204043579, 1435.8169635417937, 1506.8475117900848, 1652.3351758575438, 1682.4302779800414, 1786.520048083496, 1884.3541051807401, 1955.3700513290405, 2096.7692528800962, 2138.1025675361634, 2208.879403534698, 2240.707944593048, 2448.954962110901, 2687.1176318546295, 2821.283829946518, 3041.177186785889, 3163.154075515747, 3242.7873042240144, 3471.872966566849, 3589.1831886684417, 3672.0125242980957, 3809.274056684875, 3910.616308358002, 4103.62945610199, 4135.837025424958, 4305.311835220336, 4440.135676786804, 4369.597104037475, 4531.654518724823, 4575.334615512085, 4702.9064209289545, 4951.216280482865, 5056.29061365509, 5149.387350604248, 5449.096571622848, 5573.2970281494145, 5774.59444834137, 5750.152682421493]
shares:[0, 1.9283, 3.8899, 5.8373, 7.7209, 9.5477, 11.3695, 13.1341, 14.9431, 16.7756, 18.555, 20.4464, 22.3418, 24.2329, 26.1668, 28.1257, 30.1249, 32.0655, 34.0918, 36.1132, 38.1371, 40.1926, 42.2055, 44.2763, 46.3758, 48.5422, 50.6087, 52.5649, 54.4965, 56.3494, 58.189, 60.0405, 61.8211, 63.5929, 65.3732, 67.1356, 68.8974, 70.6183, 72.3681, 74.089, 75.7961, 77.5714, 79.3218, 81.0942, 82.856, 84.5639, 86.2701, 87.9786, 89.6233, 91.2608, 92.869, 94.5127]
growth_rate:12.75
