ticker:LNTH
price:[13.020000457763672, 12.569999694824219, 12.920000076293945, 12.199999809265137, 12.890000343322754, 13.420000076293945, 13.350000381469727, 12.930000305175781, 10.859999656677246, 11.270000457763672, 12.15999984741211, 12.510000228881836, 13.170000076293945, 13.739999771118164, 14.619999885559082, 14.850000381469727, 14.739999771118164, 13.489999771118164, 14.819999694824219, 15.430000305175781, 15.960000038146973, 16.270000457763672, 18.799999237060547, 20.0, 19.3700008392334, 18.68000030517578, 19.059999465942383, 19.649999618530273, 20.040000915527344, 19.799999237060547, 21.0, 21.040000915527344, 21.700000762939453, 22.270000457763672, 23.700000762939453, 21.969999313354492, 21.1200008392334, 21.530000686645508, 24.25, 24.59000015258789, 24.299999237060547, 24.6200008392334, 27.200000762939453, 28.510000228881836, 27.110000610351562, 25.549999237060547, 25.670000076293945, 26.170000076293945, 26.809999465942383, 25.520000457763672, 24.989999771118164, 25.690000534057617]
assets:[0, 99.99937557220458, 202.78327719745636, 291.4823954429626, 407.96851086616516, 524.7434749832153, 622.0058877735138, 702.4377825790406, 689.9824761872292, 816.0314311454772, 980.4741636966705, 1108.695017284584, 1267.187116340828, 1422.030894311714, 1613.1064593730925, 1738.4836046585083, 1825.6064576520919, 1770.7891019554136, 2045.3733658813476, 2229.562523096466, 2406.1455657510755, 2552.8818428264617, 3049.856196231079, 3344.5280000000002, 3339.1750746746065, 3320.2262182426452, 3487.768336273384, 3695.732628253937, 3869.0828967590332, 3922.74614884758, 4260.4884, 4368.604822093964, 4605.642881927491, 4826.619512211991, 5236.545978572464, 4954.300755159377, 4862.622529223251, 5057.020386281013, 5795.90035, 5977.162648089981, 6006.670641410446, 6185.770286857223, 6933.995554493332, 7367.947697150803, 7106.141134986878, 6797.229817030335, 6929.154460594178, 7164.121264885712, 7439.324443807984, 7181.371512815475, 7132.228401676369, 7432.011825500679]
shares:[0, 7.9554, 15.6953, 23.892, 31.65, 39.1016, 46.5922, 54.3262, 63.5343, 72.4074, 80.6311, 88.6247, 96.2177, 103.4957, 110.3356, 117.0696, 123.8539, 131.2668, 138.0144, 144.4953, 150.761, 156.9073, 162.2264, 167.2264, 172.389, 177.7423, 182.9889, 188.078, 193.068, 198.1185, 202.8804, 207.6333, 212.2416, 216.7319, 220.9513, 225.503, 230.2378, 234.8825, 239.0062, 243.0729, 247.1881, 251.2498, 254.9263, 258.4338, 262.1225, 266.0364, 269.932, 273.7532, 277.4832, 281.4017, 285.4033, 289.2959]
growth_rate:45.73
