ticker:LOAN
price:[4.039999961853027, 3.9100000858306885, 4.340000152587891, 4.099999904632568, 4.650000095367432, 4.46999979019165, 4.380000114440918, 4.210000038146973, 4.230000019073486, 4.329999923706055, 4.679999828338623, 4.610000133514404, 4.929999828338623, 5.119999885559082, 5.019999980926514, 5.239999771118164, 5.429999828338623, 5.210000038146973, 5.079999923706055, 5.230000019073486, 5.159999847412109, 5.190000057220459, 5.320000171661377, 5.320000171661377, 5.5, 5.510000228881836, 5.21999979019165, 5.599999904632568, 5.829999923706055, 5.889999866485596, 6.179999828338623, 5.849999904632568, 6.070000171661377, 6.139999866485596, 6.289999961853027, 6.420000076293945, 6.360000133514404, 6.670000076293945, 6.699999809265137, 6.75, 6.849999904632568, 6.949999809265137, 7.099999904632568, 7.889999866485596, 6.519999980926514, 6.389999866485596, 6.289999961853027, 6.179999828338623, 6.239999771118164, 6.150000095367432, 6.320000171661377, 6.429999828338623]
assets:[0, 99.99981619515418, 210.99735341835023, 299.3291030375004, 439.48313401341437, 522.4710084767818, 611.9512779891014, 688.1998652358054, 791.4693815688133, 910.180272962761, 1083.7513042482376, 1167.5415418142318, 1348.5856770425798, 1500.5598384598732, 1571.2519620300293, 1740.1116999923706, 1903.2073378329278, 1926.0979391026497, 1978.0376702928543, 2136.444547791481, 2207.8493827110287, 2320.6856895858764, 2478.8147119843484, 2578.814755211067, 2766.0677, 2871.096921263504, 2819.986392655802, 3125.272586776924, 3353.6322491128926, 3488.146270930767, 3759.8884115618707, 3659.117610348606, 3896.725839200544, 4041.6628941139697, 4240.400958283233, 4428.0403306219105, 4486.65700618763, 4805.34619396534, 4926.959429739857, 5063.727825, 5238.745667064857, 5415.223706385326, 5632.099064349461, 6358.769445397043, 5354.648436335611, 5347.884182259845, 5364.19310846777, 5370.383388827277, 5522.522725435066, 5542.871470952749, 5796.0892214311125, 5996.970203899193]
shares:[0, 25.5754, 48.6169, 73.0071, 94.5125, 116.8839, 139.7149, 163.4679, 187.1086, 210.2033, 231.5708, 253.2628, 273.5468, 293.0781, 312.9984, 332.0824, 350.4986, 369.6925, 389.3775, 408.498, 427.8778, 447.1456, 465.9426, 484.7396, 502.9214, 521.0702, 540.2273, 558.0844, 575.2371, 592.215, 608.3962, 625.4902, 641.9647, 658.2513, 674.1496, 689.7259, 705.4492, 720.4417, 735.3671, 750.1819, 764.7804, 779.1689, 793.2534, 805.9277, 821.2651, 836.9146, 852.8129, 868.9941, 885.0197, 901.2799, 917.1027, 932.6548]
growth_rate:17.59
