ticker:LOB
price:[23.690000534057617, 23.18000030517578, 26.15999984741211, 23.799999237060547, 26.899999618530273, 30.75, 32.290000915527344, 33.709999084472656, 37.279998779296875, 39.599998474121094, 43.380001068115234, 43.72999954223633, 44.279998779296875, 43.95000076293945, 43.86000061035156, 49.54999923706055, 48.13999938964844, 47.459999084472656, 47.7400016784668, 49.16999816894531, 48.779998779296875, 39.880001068115234, 43.119998931884766, 46.47999954223633, 48.77000045776367, 55.11000061035156, 52.939998626708984, 61.150001525878906, 64.51000213623047, 68.45999908447266, 68.23999786376953, 70.08999633789062, 71.5999984741211, 66.19000244140625, 63.959999084472656, 67.1500015258789, 62.63999938964844, 58.970001220703125, 60.58000183105469, 57.529998779296875, 57.619998931884766, 56.34000015258789, 61.40999984741211, 59.400001525878906, 61.95000076293945, 57.119998931884766, 60.31999969482422, 60.189998626708984, 61.83000183105469, 59.7400016784668, 57.5, 62.0099983215332]
assets:[0, 100.00083931655884, 212.8560707584381, 293.65391058654785, 431.90370387516026, 593.717925, 723.4510125122071, 855.2664997718812, 1045.8419017547608, 1210.928353340149, 1426.516631124115, 1538.0278138999938, 1657.3737863098145, 1745.0215952922822, 1841.448967625427, 2180.3436614284515, 2218.3007998748776, 2286.9644678833006, 2400.4579903964996, 2572.3628732070924, 2651.95877963562, 2268.103276747131, 2552.3719127758027, 2851.259795919037, 3091.7351630195617, 3593.657007800293, 3552.1521458553316, 4203.023054878235, 4533.9629311409, 4911.580482316589, 4995.795651608276, 5231.229957675171, 5443.926883983612, 5132.591216314698, 5059.670855575562, 5412.021522979737, 5148.5318858337405, 4946.887256402588, 5181.946718626404, 5021.051456460572, 5128.905916924286, 5114.967763853073, 5675.260404898452, 5589.5045035842895, 5929.4575930236815, 5567.160711896896, 5979.045041750336, 6066.158726594925, 6331.4416515014655, 6217.422752685929, 6084.2935, 6661.510883688355]
shares:[0, 4.3141, 8.1367, 12.3384, 16.0559, 19.3079, 22.4048, 25.3713, 28.0537, 30.579, 32.8842, 35.171, 37.4294, 39.7047, 41.9847, 44.0029, 46.0802, 48.1872, 50.2819, 52.3157, 54.3657, 56.8732, 59.1923, 61.3438, 63.3942, 65.2088, 67.0977, 68.733, 70.2831, 71.7438, 73.2092, 74.6359, 76.0325, 77.5433, 79.1068, 80.596, 82.1924, 83.8882, 85.5389, 87.2771, 89.0126, 90.7875, 92.4159, 94.0994, 95.7136, 97.4643, 99.1221, 100.7835, 102.4008, 104.0747, 105.8138, 107.4264]
growth_rate:30.62
