ticker:LOCO
price:[18.209999084472656, 16.3700008392334, 15.680000305175781, 15.4399995803833, 16.360000610351562, 17.8700008392334, 17.31999969482422, 17.469999313354492, 14.119999885559082, 14.979999542236328, 15.649999618530273, 15.039999961853027, 15.8100004196167, 17.489999771118164, 17.81999969482422, 18.06999969482422, 18.399999618530273, 18.100000381469727, 19.260000228881836, 19.600000381469727, 19.549999237060547, 20.350000381469727, 20.549999237060547, 19.68000030517578, 18.850000381469727, 18.329999923706055, 19.559999465942383, 19.209999084472656, 18.09000015258789, 17.030000686645508, 16.360000610351562, 16.68000030517578, 17.299999237060547, 17.209999084472656, 16.940000534057617, 17.75, 17.860000610351562, 16.59000015258789, 16.860000610351562, 16.969999313354492, 17.1200008392334, 16.459999084472656, 17.899999618530273, 18.559999465942383, 19.010000228881836, 18.270000457763672, 18.860000610351562, 18.610000610351562, 18.489999771118164, 17.950000762939453, 17.90999984741211, 18.3799991607666]
assets:[0, 99.99942412662506, 195.78518781051636, 292.7887120428085, 410.2351953048706, 548.0997307405472, 631.2308528778076, 736.6976420446396, 695.4311743636131, 837.7879323986053, 975.2594612279892, 1037.2456293691635, 1190.3491605933189, 1416.8386464586258, 1543.5719375656126, 1665.2263658767702, 1795.637562772751, 1866.3616293348312, 2085.973584789276, 2222.7968432617185, 2317.126514574051, 2511.9450320875167, 2636.6327171123507, 2625.00896870575, 2614.299012905884, 2642.179672002602, 2919.478576287842, 2967.2379305847167, 2894.2390234127042, 2824.6487068891524, 2813.520920965576, 2968.552998312378, 3178.8938898090364, 3262.3566834510802, 3311.175510389519, 3569.501925, 3691.622834158325, 3529.1160774593354, 3686.5520954574586, 3810.6048608140945, 3944.2872653514864, 3892.228497509003, 4332.7396576643, 4592.49369185257, 4803.842265838623, 4716.844579182816, 4969.166950813294, 5003.298664093018, 5071.035904227258, 5022.936148492813, 5111.743204449463, 5345.887085906029]
shares:[0, 6.1087, 12.4863, 18.963, 25.0755, 30.6715, 36.4452, 42.1693, 49.2515, 55.9271, 62.3169, 68.9658, 75.2909, 81.0085, 86.6202, 92.1542, 97.589, 103.1139, 108.306, 113.408, 118.5231, 123.4371, 128.3033, 133.3846, 138.6896, 144.1451, 149.2576, 154.4632, 159.9911, 165.8631, 171.9756, 177.9708, 183.7511, 189.5617, 195.4649, 201.0987, 206.6978, 212.7255, 218.6567, 224.5495, 230.3906, 236.4659, 242.0525, 247.4404, 252.7008, 258.1743, 263.4765, 268.85, 274.2583, 279.8293, 285.4128, 290.8535]
growth_rate:4.82
