ticker:LOGC
price:[6.159999847412109, 6.199999809265137, 6.679999828338623, 7.0, 5.880000114440918, 6.650000095367432, 6.610000133514404, 5.639999866485596, 5.519999980926514, 5.670000076293945, 6.309999942779541, 6.059999942779541, 6.590000152587891, 6.949999809265137, 7.670000076293945, 8.609999656677246, 7.849999904632568, 7.630000114440918, 8.319999694824219, 8.359999656677246, 9.069999694824219, 8.0600004196167, 8.609999656677246, 8.729999542236328, 8.470000267028809, 8.289999961853027, 7.639999866485596, 8.15999984741211, 8.149999618530273, 7.03000020980835, 7.159999847412109, 6.159999847412109, 5.880000114440918, 5.769999980926514, 5.519999980926514, 4.829999923706055, 4.739999771118164, 4.340000152587891, 4.369999885559082, 4.679999828338623, 4.590000152587891, 4.050000190734863, 4.420000076293945, 4.320000171661377, 4.210000038146973, 4.010000228881836, 4.150000095367432, 4.170000076293945, 4.449999809265137, 4.510000228881836, 3.880000114440918, 4.679999828338623]
assets:[0, 99.9997969236374, 207.74198266148568, 317.6936, 366.86261514015195, 514.9041873842239, 611.8070703577995, 622.0259972749234, 708.7911815508843, 828.0519141420364, 1021.5183187366486, 1081.0464197924136, 1275.593379535675, 1445.2767853360176, 1695.003287860298, 2002.7349971411707, 1925.9550866021157, 1971.979633577347, 2250.3103174591065, 2361.1289150347707, 2661.6558074440004, 2465.263968345642, 2733.4889150024414, 2871.5866854263304, 2886.0645029872894, 2924.7310535416605, 2795.409483148241, 3085.672934299469, 3181.8910660680767, 2844.625611897039, 2997.22892012558, 2678.621725648499, 2656.8662917099, 2707.1628210511208, 2689.8678387055875, 2453.6341652427673, 2507.913970899582, 2396.275966249466, 2512.8399561941146, 2791.0962056231974, 2837.4215083259587, 2603.6074226169585, 2941.4676187728883, 2974.918438212633, 2999.168242175579, 2956.690260761261, 3159.916312615204, 3275.1447479217527, 3595.0582809094426, 3743.5311019836427, 3320.59876994133, 4105.257941420031]
shares:[0, 16.129, 31.0991, 45.3848, 62.3916, 77.4292, 92.5578, 110.2883, 128.4042, 146.0409, 161.8888, 178.3905, 193.565, 207.9535, 220.9913, 232.6057, 245.3446, 258.4508, 270.47, 282.4317, 293.4571, 305.864, 317.4784, 328.9332, 340.7396, 352.8023, 365.8913, 378.1462, 390.4161, 404.6409, 418.6074, 434.8412, 451.848, 469.179, 487.2949, 507.9988, 529.0958, 552.1373, 575.0206, 596.3881, 618.1746, 642.866, 665.4904, 688.6385, 712.3915, 737.3292, 761.4256, 785.4064, 807.8783, 830.0512, 855.8244, 877.1919]
growth_rate:-19.5
