ticker:LOGI
price:[70.12000274658203, 68.77999877929688, 70.58000183105469, 73.13999938964844, 77.77999877929688, 79.54000091552734, 79.83000183105469, 88.0199966430664, 84.6500015258789, 93.94000244140625, 83.16000366210938, 83.72000122070312, 86.94999694824219, 87.31999969482422, 89.79000091552734, 94.8499984741211, 92.95999908447266, 97.19000244140625, 104.8499984741211, 100.91000366210938, 104.19999694824219, 104.91999816894531, 111.8499984741211, 118.58999633789062, 116.41000366210938, 108.04000091552734, 95.19000244140625, 98.95999908447266, 101.54000091552734, 103.98999786376953, 107.9800033569336, 109.01000213623047, 113.44999694824219, 117.0, 110.87999725341797, 114.55999755859375, 105.30999755859375, 110.52999877929688, 123.0999984741211, 132.2100067138672, 128.24000549316406, 123.77999877929688, 120.75, 123.48999786376953, 126.18000030517578, 117.91000366210938, 120.26000213623047, 109.05000305175781, 107.37999725341797, 107.58999633789062, 105.25, 104.68000030517578]
assets:[0, 99.99924022521972, 202.61401125640867, 309.9600034133911, 429.6256012573242, 539.3448382080078, 641.3143197097778, 807.1081612182618, 876.2037007942199, 1072.3627038696288, 1049.3046102081298, 1156.3741448608398, 1300.9893293380737, 1406.5243590843202, 1546.3095217666626, 1733.450117113495, 1798.9061262832643, 1980.7614067565917, 2236.869867446899, 2252.8158317565917, 2426.265668940735, 2543.0299316192627, 2811.002976651764, 3080.3870138763427, 3123.757679269409, 2999.1580134147644, 2742.4430083374023, 2951.0564446983335, 3127.9904982032776, 3303.460661138153, 3530.211845748901, 3663.8806767997744, 3913.1059497390747, 4135.5522, 4019.233580440521, 4252.627493371582, 4009.2569170532224, 4307.984073422242, 4897.90273928833, 5360.375396209717, 5299.41563500061, 5215.111286569214, 5187.456225, 5405.169555496978, 5622.908881599426, 5354.37580329895, 5561.087070783996, 5142.710903918457, 5163.957757915497, 5274.061620483399, 5259.353025, 5330.870887541199]
shares:[0, 1.4539, 2.8707, 4.2379, 5.5236, 6.7808, 8.0335, 9.1696, 10.3509, 11.4154, 12.6179, 13.8124, 14.9625, 16.1077, 17.2214, 18.2757, 19.3514, 20.3803, 21.334, 22.325, 23.2847, 24.2378, 25.1319, 25.9751, 26.8341, 27.7597, 28.8102, 29.8207, 30.8055, 31.7671, 32.6932, 33.6105, 34.4919, 35.3466, 36.2485, 37.1214, 38.071, 38.9757, 39.788, 40.5444, 41.3242, 42.1321, 42.9603, 43.7701, 44.5626, 45.4107, 46.2422, 47.1592, 48.0905, 49.02, 49.9701, 50.9254]
growth_rate:4.53
