ticker:LOOP
price:[10.930000305175781, 12.729999542236328, 13.0, 12.350000381469727, 13.279999732971191, 12.25, 7.84499979019165, 7.25, 6.039999961853027, 6.369999885559082, 6.760000228881836, 7.869999885559082, 8.220000267028809, 9.300000190734863, 10.140000343322754, 7.53000020980835, 8.279999732971191, 8.300000190734863, 9.470000267028809, 9.100000381469727, 9.3100004196167, 10.479999542236328, 11.329999923706055, 11.65999984741211, 11.1899995803833, 8.609999656677246, 8.4399995803833, 8.520000457763672, 8.3100004196167, 8.029999732971191, 8.859999656677246, 8.350000381469727, 8.220000267028809, 8.3100004196167, 8.619999885559082, 8.529999732971191, 7.75, 8.75, 9.229999542236328, 11.630000114440918, 11.199999809265137, 12.989999771118164, 13.069999694824219, 12.430000305175781, 11.949999809265137, 10.3100004196167, 10.710000038146973, 10.479999542236328, 10.279999732971191, 9.220000267028809, 9.180000305175781, 9.109999656677246]
assets:[0, 100.00051140403748, 202.1214, 292.01575901985166, 414.0053196753502, 481.8954, 408.6099520720482, 477.619125, 497.9061888553619, 625.1097467695236, 763.3818138467789, 988.7301216224671, 1132.7012407960892, 1381.5233983338358, 1606.3058463867187, 1292.848326022625, 1521.6180349280357, 1625.2935873494148, 1954.4016091089247, 1978.0416029190062, 2123.688368718052, 2490.575035212326, 2792.577593195343, 2973.9144430820465, 2954.0401562256816, 2372.947762378979, 2426.0947593803407, 2549.091268957901, 2586.261598594284, 2599.118996569157, 2967.770292999649, 2896.9391123466494, 2951.8366198911667, 3084.1561047356604, 3299.2084121990206, 3364.7616076672557, 3157.081075, 3664.446625, 3965.4671663318636, 5096.575408151055, 5008.138154711914, 5908.545561892319, 6044.933673854828, 5848.931671600341, 5723.067618653678, 5037.642506031894, 5333.089500995446, 5318.559943686676, 5317.060525886344, 4868.803697009849, 4947.680504478454, 5009.952300193118]
shares:[0, 7.8555, 15.5478, 23.645, 31.1751, 39.3384, 52.0854, 65.8785, 82.4348, 98.1334, 112.9263, 125.6328, 137.7982, 148.5509, 158.4128, 171.693, 183.7703, 195.8185, 206.3782, 217.3672, 228.1083, 237.6503, 246.4764, 255.0527, 263.9893, 275.6037, 287.452, 299.1891, 311.2228, 323.6761, 334.9628, 346.9388, 359.1042, 371.1379, 382.7388, 394.4621, 407.3653, 418.7939, 429.6281, 438.2266, 447.1552, 454.8534, 462.5045, 470.5496, 478.9178, 488.6171, 497.9542, 507.4962, 517.2238, 528.0698, 538.963, 549.9399]
growth_rate:-1.77
