ticker:LOPE
price:[90.18000030517578, 84.58999633789062, 81.5, 83.0999984741211, 79.2699966430664, 83.2699966430664, 80.98999786376953, 82.7300033569336, 78.37000274658203, 81.83999633789062, 84.51000213623047, 85.87999725341797, 86.3499984741211, 86.19000244140625, 90.3499984741211, 94.26000213623047, 94.94000244140625, 93.11000061035156, 91.30999755859375, 89.83000183105469, 86.61000061035156, 84.94000244140625, 94.08999633789062, 106.58000183105469, 110.41999816894531, 104.69000244140625, 101.3499984741211, 107.33999633789062, 110.81999969482422, 114.41999816894531, 110.27999877929688, 112.36000061035156, 115.36000061035156, 111.18000030517578, 108.29000091552734, 94.5, 95.62999725341797, 93.4000015258789, 90.94000244140625, 89.5, 93.55000305175781, 87.08000183105469, 90.43000030517578, 90.79000091552734, 91.43000030517578, 89.23999786376953, 92.0999984741211, 92.37000274658203, 89.55000305175781, 88.0999984741211, 85.72000122070312, 88.76000213623047]
assets:[0, 100.0022936706543, 196.3498, 300.20705448760987, 386.36989063797, 505.8652296066284, 592.0125873847961, 704.7355335960387, 767.5949919013976, 901.5821356567384, 1030.9966730613708, 1147.708871294403, 1253.9919478408813, 1351.6660942871092, 1516.904194381714, 1682.5504641319276, 1794.688842150879, 1860.0957261932372, 1924.1390545532229, 1992.9504546234132, 2021.5120582458494, 2082.533497857666, 2406.869151321411, 2826.373752557373, 3028.202197784424, 2971.0603932861327, 2976.274460190582, 3252.176475045776, 3457.617236478424, 3669.9413472702026, 3637.155667739868, 3805.7568166732785, 4007.3757012023925, 3962.1661428756715, 3959.169065472412, 3554.9955, 3697.50515480423, 3711.2864206314084, 3713.5349996948244, 3754.73085, 4024.6333912902833, 3846.2888488769536, 4094.2544358169553, 4210.549714459229, 4340.227829486847, 4336.269660198212, 4575.242414199067, 4688.655154415131, 4645.513868313598, 4670.295449111175, 4644.129654135132, 4908.827538143158]
shares:[0, 1.1822, 2.4092, 3.6126, 4.8741, 6.075, 7.3097, 8.5185, 9.7945, 11.0164, 12.1997, 13.3641, 14.5222, 15.6824, 16.7892, 17.8501, 18.9034, 19.9774, 21.0726, 22.1858, 23.3404, 24.5177, 25.5805, 26.5188, 27.4244, 28.3796, 29.3663, 30.2979, 31.2003, 32.0743, 32.9811, 33.8711, 34.738, 35.6374, 36.5608, 37.619, 38.6647, 39.7354, 40.835, 41.9523, 43.0212, 44.1696, 45.2754, 46.3768, 47.4705, 48.5911, 49.6769, 50.7595, 51.8762, 53.0113, 54.1779, 55.3045]
growth_rate:-3.75
