ticker:LORL
price:[23.1299991607666, 21.010000228881836, 21.3799991607666, 18.200000762939453, 18.290000915527344, 20.670000076293945, 20.270000457763672, 20.34000015258789, 17.40999984741211, 16.780000686645508, 19.139999389648438, 20.079999923706055, 24.0, 22.030000686645508, 21.469999313354492, 20.3799991607666, 21.31999969482422, 20.989999771118164, 23.270000457763672, 25.899999618530273, 27.139999389648438, 25.399999618530273, 30.90999984741211, 41.04999923706055, 41.47999954223633, 44.34000015258789, 43.04999923706055, 48.7400016784668, 40.849998474121094, 37.970001220703125, 38.31999969482422, 38.06999969482422, 37.33000183105469, 38.459999084472656, 40.130001068115234, 40.88999938964844, 37.9900016784668, 40.04999923706055, 37.849998474121094, 36.54999923706055, 36.529998779296875, 36.25, 39.15999984741211, 39.18000030517578, 36.95000076293945, 33.630001068115234, 35.209999084472656, 35.38999938964844, 36.5, 40.09000015258789, 40.040000915527344, 39.720001220703125]
assets:[0, 99.99919708938599, 201.76091408023834, 271.75149139175414, 373.09589967575073, 521.644657925415, 611.5499678108216, 713.6614493537902, 710.8572577697754, 785.1345541280747, 995.5594122528076, 1144.4535716516496, 1467.8736, 1447.3864661130904, 1510.5947996887207, 1533.9047128349303, 1704.6533675994874, 1778.2685826091767, 2071.43028474884, 2405.5453445697785, 2620.714333062744, 2552.6948816623685, 3206.448834171295, 4358.323573997879, 4503.977162295151, 4914.521464912415, 4871.542218665695, 5615.423325379181, 4806.402650465393, 4567.544341842651, 4709.64675449295, 4778.919447691345, 4786.027272756957, 5030.902482241057, 5349.353220380402, 5550.662035147094, 5256.999447263718, 5642.0596625206, 5432.133371009827, 5345.561658417511, 5442.637395126343, 5500.919375, 6042.509372455215, 6145.59461986847, 5895.808631735993, 5466.06231260643, 5822.867682594299, 5952.6368263381955, 6239.339199999999, 6953.0171944641115, 7044.345469071198, 7088.046133834839]
shares:[0, 4.7596, 9.4369, 14.9314, 20.3989, 25.2368, 30.1702, 35.0866, 40.8304, 46.7899, 52.0146, 56.9947, 61.1614, 65.7007, 70.3584, 75.2652, 79.9556, 84.7198, 89.0172, 92.8782, 96.5628, 100.4998, 103.735, 106.1711, 108.5819, 110.8372, 113.1601, 115.2118, 117.6598, 120.2935, 122.9031, 125.5298, 128.2086, 130.8087, 133.3006, 135.7462, 138.3785, 140.8754, 143.5174, 146.2534, 148.9909, 151.7495, 154.3031, 156.8554, 159.5618, 162.5353, 165.3754, 168.2011, 170.9408, 173.4352, 175.9327, 178.4503]
growth_rate:38.98
