ticker:LOTZ
price:[10.210000038146973, 10.25, 10.449999809265137, 10.1899995803833, 10.289999961853027, 10.199999809265137, 10.130000114440918, 10.180000305175781, 10.119999885559082, 10.130000114440918, 10.109999656677246, 10.170000076293945, 10.199999809265137, 10.399999618530273, 10.300000190734863, 10.319999694824219, 10.479999542236328, 11.199999809265137, 11.239999771118164, 11.529999732971191, 11.494999885559082, 10.4399995803833, 9.59000015258789, 9.109999656677246, 10.140000343322754, 8.920000076293945, 7.889999866485596, 9.1899995803833, 8.180000305175781, 7.730000019073486, 7.539999961853027, 8.0, 7.28000020980835, 7.53000020980835, 7.579999923706055, 7.070000171661377, 5.110000133514404, 5.340000152587891, 4.380000114440918, 5.110000133514404, 6.150000095367432, 5.550000190734863, 5.619999885559082, 5.269999980926514, 5.179999828338623, 4.5, 4.579999923706055, 4.440000057220459, 4.570000171661377, 3.9100000858306885, 3.680000066757202, 4.010000228881836]
assets:[0, 100.000025, 201.95147131395342, 296.926397772789, 399.84058651771545, 496.3432107186317, 592.9372706985474, 695.8641008605956, 791.76247904644, 892.5451930832862, 990.7829993542671, 1096.6626352270127, 1199.897377562523, 1323.4249114570616, 1410.6993561232566, 1513.4382752456665, 1636.902568500519, 1849.3618885055541, 1955.9667761703492, 2106.431793216133, 2200.0372240970614, 2098.1194076699257, 2027.295344256592, 2025.824330654049, 2354.869063731766, 2171.5419065734864, 2020.7922888041974, 2453.74918696146, 2284.0769452133177, 2258.4246335725784, 2302.913536348915, 2543.4096, 2414.503069585562, 2597.418603371859, 2714.6655466764446, 2632.016835906029, 2002.3489533174993, 2192.4743006488798, 1898.3213955994606, 2314.7084424788477, 2885.8039047498705, 2704.2620129364013, 2838.369702201843, 2761.6027810050487, 2814.440500731516, 2544.9772500000004, 2690.221423186111, 2707.9875588991645, 2887.2753814537527, 2570.2944694220305, 2519.100621697855, 2844.9985213861464]
shares:[0, 9.7561, 19.3255, 29.139, 38.8572, 48.6611, 58.5328, 68.356, 78.2374, 88.1091, 98.0003, 107.8331, 117.637, 127.2524, 136.9611, 146.651, 156.193, 165.1216, 174.0184, 182.6914, 191.3908, 200.9693, 211.3968, 222.3737, 232.2356, 243.4464, 256.1207, 267.0021, 279.227, 292.1636, 305.4262, 317.9262, 331.6625, 344.9427, 358.1353, 372.2796, 391.8491, 410.5757, 433.4067, 452.9762, 469.2364, 487.2544, 505.048, 524.0233, 543.3283, 565.5505, 587.3846, 609.9071, 631.7889, 657.3643, 684.5382, 709.4759]
growth_rate:-44.22
