ticker:LOVE
price:[29.440000534057617, 26.43000030517578, 23.610000610351562, 25.299999237060547, 29.170000076293945, 34.0, 34.599998474121094, 32.0, 25.739999771118164, 25.299999237060547, 26.649999618530273, 29.440000534057617, 32.11000061035156, 33.9900016784668, 38.689998626708984, 40.75, 44.33000183105469, 43.09000015258789, 47.5, 48.880001068115234, 56.20000076293945, 56.540000915527344, 57.56999969482422, 55.97999954223633, 56.31999969482422, 57.689998626708984, 55.130001068115234, 62.5, 62.209999084472656, 55.29999923706055, 58.279998779296875, 71.75, 70.0, 70.47000122070312, 73.2699966430664, 72.43000030517578, 75.91000366210938, 76.0999984741211, 83.0199966430664, 83.16000366210938, 91.38999938964844, 69.94000244140625, 74.0199966430664, 74.0, 69.0199966430664, 60.41999816894531, 61.630001068115234, 60.70000076293945, 57.86000061035156, 63.459999084472656, 51.29999923706055, 57.2400016784668]
assets:[0, 100.00054915466308, 189.3309558944702, 302.88400086631776, 449.2150841749191, 623.5974, 734.6029476036072, 779.4016, 726.9310555360794, 814.5056454380035, 957.9662162876128, 1158.2549970113755, 1363.3007179138183, 1543.11888420105, 1856.4931561042786, 2055.34035, 2335.9073844848635, 2370.566195394516, 2713.181, 2892.004815195465, 3425.0978064971923, 3545.8213474159243, 3710.4152653312685, 3707.941631679154, 3830.463979244232, 4023.6408752185826, 3945.0918504341125, 4572.4875, 4651.273664548493, 4234.630621577453, 4562.828524429321, 5717.4131, 5677.965999999999, 5816.086516748046, 6147.176870361328, 6176.700052024841, 6573.464722122192, 6689.920425860595, 7398.252282849883, 7510.728786749267, 8354.032956207275, 6493.271790661621, 6972.061915805053, 7070.182000000001, 6694.380612404632, 5960.251559371948, 6179.615555099487, 6186.3619777565, 5996.917121260071, 6677.3309096672065, 5497.841438235474, 6234.432158814239]
shares:[0, 3.7836, 8.0191, 11.9717, 15.3999, 18.3411, 21.2313, 24.3563, 28.2413, 32.1939, 35.9462, 39.3429, 42.4572, 45.3992, 47.9838, 50.4378, 52.6936, 55.0143, 57.1196, 59.1654, 60.9448, 62.7135, 64.4505, 66.2369, 68.0125, 69.7459, 71.5598, 73.1598, 74.7673, 76.5756, 78.2915, 79.6852, 81.1138, 82.5328, 83.8976, 85.2782, 86.5955, 87.9096, 89.1141, 90.3166, 91.4108, 92.8406, 94.1916, 95.543, 96.9919, 98.647, 100.2696, 101.917, 103.6453, 105.2211, 107.1704, 108.9174]
growth_rate:22.24
