ticker:LPCN
price:[1.2899999618530273, 1.2100000381469727, 1.6100000143051147, 1.4199999570846558, 1.399999976158142, 1.4800000190734863, 1.3799999952316284, 1.3700000047683716, 1.2000000476837158, 1.4700000286102295, 1.4500000476837158, 1.4800000190734863, 1.590000033378601, 1.5399999618530273, 1.309999942779541, 1.3899999856948853, 1.4199999570846558, 1.3600000143051147, 1.5399999618530273, 1.6200000047683716, 2.2300000190734863, 1.7699999809265137, 1.850000023841858, 1.9700000286102295, 1.7799999713897705, 1.590000033378601, 1.4299999475479126, 1.659999966621399, 1.6699999570846558, 1.4700000286102295, 1.5499999523162842, 1.5399999618530273, 1.4600000381469727, 1.4700000286102295, 1.409999966621399, 1.3899999856948853, 1.2999999523162842, 1.4500000476837158, 1.2200000286102295, 1.2300000190734863, 1.3300000429153442, 1.3600000143051147, 1.5, 1.4700000286102295, 1.3600000143051147, 1.2599999904632568, 1.3200000524520874, 1.3200000524520874, 1.3600000143051147, 1.4500000476837158, 1.3899999856948853, 1.3300000429153442]
assets:[0, 99.9999691526413, 233.05780607075693, 305.5540287655234, 401.2504931667447, 524.1791547553539, 588.7616799656272, 684.4952943824292, 699.5579077979326, 956.9584056250335, 1043.9385543302535, 1165.5373110208511, 1352.1651253857733, 1409.6442010820388, 1299.112926255083, 1478.4480477846264, 1610.3569153316737, 1642.313713274622, 1959.678749457264, 2161.480308362186, 3075.370949304056, 2540.989493618345, 2755.8366255158185, 3034.593560071278, 2841.916982321405, 2638.566418390977, 2473.050203289056, 2970.8136282640935, 3088.710010626912, 2818.804728861666, 3072.208870487523, 3152.388237912941, 3088.6278906998637, 3209.7828414711717, 3178.7711817496897, 3233.682205720723, 3124.3070454010963, 3584.804232887435, 3116.180071077561, 3241.722491269064, 3605.277267332113, 3786.5992158292174, 4276.3962, 4290.868343512058, 4069.7829068078754, 3870.5341207045317, 4154.8454970987195, 4254.845533072364, 4483.780103162491, 4880.500930496835, 4778.548900821805, 4672.280840761304]
shares:[0, 82.6446, 144.7564, 215.1789, 286.6075, 354.1751, 426.6389, 499.6316, 582.9649, 650.9921, 719.9576, 787.5252, 850.4183, 915.3534, 991.6893, 1063.6317, 1134.0542, 1207.5836, 1272.5187, 1334.2471, 1379.0901, 1435.5873, 1489.6414, 1540.4028, 1596.5826, 1659.4757, 1729.4058, 1789.6468, 1849.527, 1917.5542, 1982.0703, 2047.0054, 2115.4985, 2183.5257, 2254.4477, 2326.3901, 2403.3132, 2472.2787, 2554.2459, 2635.5467, 2710.7347, 2784.2641, 2850.9308, 2918.958, 2992.4874, 3071.8525, 3147.6101, 3223.3677, 3296.8971, 3365.8626, 3437.805, 3512.993]
growth_rate:-8.39
