ticker:LPLA
price:[83.76000213623047, 78.58000183105469, 78.95999908447266, 75.30000305175781, 77.12000274658203, 82.8499984741211, 83.55000305175781, 83.19000244140625, 79.93000030517578, 76.1500015258789, 89.54000091552734, 90.06999969482422, 92.73999786376953, 101.45999908447266, 97.6500015258789, 103.55000305175781, 103.83999633789062, 104.22000122070312, 114.7699966430664, 118.7300033569336, 114.93000030517578, 108.33999633789062, 125.68000030517578, 130.24000549316406, 131.94000244140625, 131.5399932861328, 134.0, 143.41000366210938, 146.2899932861328, 141.7100067138672, 143.42999267578125, 146.52000427246094, 147.60000610351562, 148.5800018310547, 156.6999969482422, 156.0, 149.97000122070312, 148.77000427246094, 147.8800048828125, 140.83999633789062, 139.02000427246094, 134.61000061035156, 142.57000732421875, 139.99000549316406, 137.8699951171875, 132.2899932861328, 139.02000427246094, 141.0399932861328, 144.85000610351562, 146.38999938964844, 142.55999755859375, 150.88999938964844]
assets:[0, 100.00091033020018, 200.48733367538452, 291.1926418014527, 398.2322701828003, 527.8207702789307, 632.2813580947876, 729.5596834106445, 800.970540058136, 863.091732294464, 1114.8535973991395, 1221.4482728614807, 1357.6579247268678, 1585.3124856948853, 1625.7846404045106, 1824.0125937561033, 1929.1186839660645, 2036.177429849243, 2342.294953489685, 2523.1075553375244, 2542.355043750763, 2496.5760416107178, 2996.1609352752685, 3204.867911172485, 3346.697743927002, 3436.5480945968625, 3600.8212, 3953.6847319610592, 4133.087293315125, 4103.695058422852, 4253.502490795899, 4445.1385416183475, 4577.9027493041995, 4708.2922460235595, 5065.609461346436, 5142.9767999999995, 5044.181003057861, 5103.822782574463, 5173.2862108154295, 5027.00198928833, 5062.03810157013, 5001.461494677735, 5397.215739270019, 5399.540502876282, 5417.7669021240235, 5298.492040095521, 5668.040202194214, 5850.395337506104, 6108.4406373901365, 6273.382394844056, 6209.257717663574, 6672.069082011413]
shares:[0, 1.2726, 2.5391, 3.8671, 5.1638, 6.3708, 7.5677, 8.7698, 10.0209, 11.3341, 12.4509, 13.5611, 14.6394, 15.625, 16.6491, 17.6148, 18.5778, 19.5373, 20.4086, 21.2508, 22.1209, 23.0439, 23.8396, 24.6074, 25.3653, 26.1255, 26.8718, 27.5691, 28.2527, 28.9584, 29.6556, 30.3381, 31.0156, 31.6886, 32.3268, 32.9678, 33.6346, 34.3068, 34.983, 35.693, 36.4123, 37.1552, 37.8566, 38.5709, 39.2962, 40.0521, 40.7714, 41.4804, 42.1708, 42.8539, 43.5554, 44.2181]
growth_rate:30.82
