ticker:LPRO
price:[20.100000381469727, 21.399999618530273, 21.899999618530273, 23.549999237060547, 27.489999771118164, 26.690000534057617, 27.510000228881836, 27.149999618530273, 25.959999084472656, 29.270000457763672, 30.0, 30.489999771118164, 28.639999389648438, 28.209999084472656, 32.34000015258789, 31.809999465942383, 33.20000076293945, 34.959999084472656, 34.68000030517578, 38.150001525878906, 36.38999938964844, 36.290000915527344, 39.41999816894531, 42.20000076293945, 38.7400016784668, 38.2400016784668, 36.34000015258789, 40.040000915527344, 38.52000045776367, 36.95000076293945, 41.279998779296875, 38.560001373291016, 37.099998474121094, 37.099998474121094, 39.04999923706055, 38.349998474121094, 35.59000015258789, 36.04999923706055, 38.58000183105469, 39.150001525878906, 38.189998626708984, 39.90999984741211, 42.439998626708984, 40.70000076293945, 41.72999954223633, 38.83000183105469, 36.529998779296875, 38.0, 37.70000076293945, 35.060001373291016, 32.459999084472656, 38.20000076293945]
assets:[0, 100.00005821743012, 202.33628647556307, 317.5811597114563, 470.71401508083346, 557.0149731456758, 674.1270536087036, 765.3041892471313, 831.7609666664124, 1037.8146982307435, 1163.6970000000001, 1282.7051433710099, 1304.8756041915894, 1385.2830360420226, 1688.0897959648132, 1760.4258094442368, 1937.3495245204927, 2140.0518719566344, 2222.9117235610966, 2545.3299518051144, 2527.904087600708, 2620.958220121765, 2947.0154111114502, 3254.8480788448333, 3087.98102979126, 3148.1272581806184, 3091.7090949817657, 3506.495072177124, 3473.3831092769624, 3431.8163058597565, 3933.9756276672365, 3774.761926435852, 3731.836906513977, 3831.8362424011234, 4133.239359246826, 4159.14937451477, 3959.8217149772645, 4111.00131799736, 4499.512311552429, 4665.99114185791, 4651.576203731918, 4961.072396032333, 5375.5690580551145, 5255.175958510589, 5488.170965796661, 5206.773190528869, 4998.363202972412, 5299.5028, 5357.663978423691, 5082.487123079681, 4805.576270459747, 5755.361094947434]
shares:[0, 4.6729, 9.2391, 13.4854, 17.1231, 20.8698, 24.5048, 28.188, 32.0401, 35.4566, 38.7899, 42.0697, 45.5613, 49.1061, 52.1982, 55.3419, 58.3539, 61.2143, 64.0978, 66.719, 69.467, 72.2226, 74.7594, 77.1291, 79.7104, 82.3255, 85.0773, 87.5748, 90.1709, 92.8773, 95.2998, 97.8932, 100.5886, 103.284, 105.8448, 108.4524, 111.2622, 114.0361, 116.6281, 119.1824, 121.8009, 124.3065, 126.6628, 129.1198, 131.5162, 134.0915, 136.829, 139.4606, 142.1131, 144.9654, 148.0461, 150.6639]
growth_rate:12.85
