ticker:LPSN
price:[51.880001068115234, 49.400001525878906, 47.88999938964844, 51.040000915527344, 52.90999984741211, 57.47999954223633, 60.369998931884766, 58.529998779296875, 53.459999084472656, 60.31999969482422, 51.83000183105469, 55.75, 57.88999938964844, 55.56999969482422, 57.9900016784668, 63.5099983215332, 65.05999755859375, 62.22999954223633, 65.0199966430664, 65.63999938964844, 66.0, 63.36000061035156, 70.23999786376953, 71.37999725341797, 71.55999755859375, 65.62000274658203, 55.560001373291016, 55.060001373291016, 53.790000915527344, 51.9900016784668, 55.189998626708984, 56.83000183105469, 58.619998931884766, 55.65999984741211, 54.650001525878906, 51.7400016784668, 52.099998474121094, 53.04999923706055, 54.95000076293945, 55.220001220703125, 59.04999923706055, 61.59000015258789, 64.37999725341797, 61.25, 61.790000915527344, 55.470001220703125, 63.13999938964844, 63.689998626708984, 61.790000915527344, 62.63999938964844, 61.54999923706055, 64.5]
assets:[0, 100.00042308883668, 196.94283348999025, 309.8944695587158, 421.24825478515623, 557.6307195590973, 685.6703738685608, 764.7705230499267, 798.5266603248596, 1000.9922989356994, 960.1041369186402, 1132.71735, 1276.196614544678, 1325.049971723175, 1482.7521519168854, 1723.8963414402008, 1865.9662719787598, 1884.797334135437, 2069.3004051635744, 2189.034903645325, 2301.0438, 2309.003158242798, 2659.7288311088564, 2802.8997661491394, 2909.9658327209477, 2768.4160478744507, 2444.001120409012, 2522.006844903183, 2563.835845637512, 2578.038611230469, 2836.7162584140774, 3021.009018336487, 3216.162793398285, 3153.762383354187, 3196.533239250183, 3126.322339419174, 3248.075414871979, 3407.3006559978485, 3629.3321553905485, 3747.1630188354493, 4107.063261935807, 4383.72369186058, 4682.305696243287, 4554.666375000001, 4694.822806562042, 4314.628651950074, 5011.226017558289, 5154.877418849945, 5101.098241581726, 5271.268700637817, 5279.543509557724, 5632.58505]
shares:[0, 2.0243, 4.1124, 6.0716, 7.9616, 9.7013, 11.3578, 13.0663, 14.9369, 16.5947, 18.5241, 20.3178, 22.0452, 23.8447, 25.5691, 27.1437, 28.6807, 30.2876, 31.8256, 33.3491, 34.8643, 36.4426, 37.8663, 39.2673, 40.6647, 42.1886, 43.9885, 45.8047, 47.6638, 49.5872, 51.3991, 53.1587, 54.8646, 56.6612, 58.491, 60.4237, 62.3431, 64.2281, 66.0479, 67.8588, 69.5523, 71.1759, 72.7292, 74.3619, 75.9803, 77.7831, 79.3669, 80.937, 82.5554, 84.1518, 85.7765, 87.3269]
growth_rate:10.44
