ticker:LPTH
price:[2.109999895095825, 2.3499999046325684, 2.5999999046325684, 2.25, 2.319999933242798, 2.5, 2.490000009536743, 2.309999942779541, 2.4000000953674316, 2.5, 2.799999952316284, 2.8299999237060547, 3.1600000858306885, 2.930000066757202, 3.0399999618530273, 3.5199999809265137, 4.059999942779541, 3.9200000762939453, 3.7799999713897705, 4.760000228881836, 4.119999885559082, 3.7699999809265137, 3.8499999046325684, 4.199999809265137, 4.199999809265137, 3.950000047683716, 3.2899999618530273, 3.5399999618530273, 3.25, 2.9000000953674316, 3.240000009536743, 3.049999952316284, 2.7100000381469727, 2.7699999809265137, 2.5999999046325684, 2.6500000953674316, 2.4100000858306885, 2.4200000762939453, 2.380000114440918, 2.8499999046325684, 2.759999990463257, 2.4800000190734863, 2.759999990463257, 2.4200000762939453, 2.509999990463257, 2.1500000953674316, 2.3499999046325684, 2.369999885559082, 2.0799999237060547, 2.0299999713897705, 1.850000023841858, 2.2300000190734863]
assets:[0, 100.0000159418106, 210.63821227383616, 282.282975, 391.0649887472391, 521.40625, 619.3205213720083, 674.5502442908764, 800.8315518221855, 934.1995, 1146.303460478568, 1258.585300069809, 1505.3463048876285, 1495.7799770798922, 1651.9353712709428, 2012.7673170936107, 2421.5439298714637, 2438.042479450989, 2450.9693694489956, 3186.4060332164763, 2857.981296614075, 2715.1916862630846, 2872.808328838348, 3233.972553135395, 3333.9724485940933, 3235.5220640586617, 2794.9030015935896, 3107.281694515991, 2952.7303, 2734.744169932938, 3155.369265287638, 3070.3321669984102, 2828.065796808911, 2990.679785406971, 2907.1360733668807, 3063.0426252318857, 2885.6350517701385, 2997.608598503876, 3048.061386564255, 3749.989119516897, 3731.568563106155, 3453.003722556782, 3942.858982376075, 3557.1445601440428, 3789.4348356020446, 3345.9303384152413, 3757.179377526569, 3889.1553552031514, 3513.2671351341246, 3528.813707265925, 3315.9141427338122, 4097.020705042362]
shares:[0, 42.5532, 81.0147, 125.4591, 168.5625, 208.5625, 248.7231, 292.0131, 333.6798, 373.6798, 409.3941, 444.7298, 476.3754, 510.5051, 543.3998, 571.8089, 596.4394, 621.9496, 648.4046, 669.413, 693.6848, 720.21, 746.184, 769.9935, 793.803, 819.1195, 849.5146, 877.7632, 908.5324, 943.0152, 973.8794, 1006.6663, 1043.5667, 1079.6678, 1118.1293, 1155.8651, 1197.3589, 1238.6812, 1280.698, 1315.7857, 1352.0176, 1392.3402, 1428.5721, 1469.8944, 1509.735, 1556.2466, 1598.7998, 1640.9939, 1689.0708, 1738.3319, 1792.386, 1837.229]
growth_rate:-19.67
