ticker:LPTX
price:[1.850000023841858, 1.850000023841858, 1.940000057220459, 1.9299999475479126, 2.0, 2.069999933242798, 2.190000057220459, 2.115000009536743, 1.9500000476837158, 2.200000047683716, 1.600000023841858, 1.4900000095367432, 1.590000033378601, 1.659999966621399, 1.9299999475479126, 2.119999885559082, 2.2200000286102295, 2.25, 2.25, 2.2100000381469727, 2.4800000190734863, 2.3299999237060547, 2.630000114440918, 2.799999952316284, 2.8499999046325684, 2.3299999237060547, 2.1500000953674316, 2.390000104904175, 2.4600000381469727, 1.9800000190734863, 1.9199999570846558, 1.7999999523162842, 1.649999976158142, 1.6799999475479126, 1.7100000381469727, 1.6200000047683716, 1.5700000524520874, 1.6200000047683716, 1.6200000047683716, 1.6799999475479126, 1.7999999523162842, 1.7400000095367432, 1.7000000476837158, 1.600000023841858, 1.5499999523162842, 1.399999976158142, 1.3799999952316284, 1.4199999570846558, 1.5800000429153442, 1.6799999475479126, 1.6799999475479126, 1.75]
assets:[0, 100.00008628875017, 204.86497604250908, 303.8090117433071, 414.828, 529.3470069286346, 660.0338242454052, 737.4298623251439, 779.8999840710401, 979.8870612384796, 812.6451321093559, 856.7757824837922, 1014.2775572925567, 1158.931300696683, 1447.4322176627754, 1689.9254727751731, 1869.6389580949547, 1994.904225, 2094.904125, 2157.6614912435534, 2521.2672193908693, 2468.771224162102, 2886.6389446082117, 3173.2276259602545, 3329.8922935742853, 2822.3331015850067, 2704.2989299544333, 3106.174152339172, 3297.1498591285704, 2753.8036285275934, 2770.3548820777414, 2697.2077685483932, 2572.4405478292347, 2719.2121311021688, 2867.769585974693, 2816.8343002911806, 2829.895107543886, 3020.019074889243, 3120.0190831835866, 3335.5752158583996, 3673.8306826767207, 3651.369836012745, 3667.430332868648, 3551.6990929244403, 3540.7082910747527, 3298.059183834386, 3350.944140421343, 3548.0728107698797, 4047.8558299462798, 4404.048966499066, 4504.0489473769185, 4791.717875]
shares:[0, 54.0541, 105.6005, 157.414, 207.414, 255.7232, 301.3853, 348.6666, 399.9487, 445.4032, 507.9032, 575.0173, 637.9104, 698.1514, 749.9649, 797.1347, 842.1797, 886.6241, 931.0685, 976.3174, 1016.64, 1059.5585, 1097.5813, 1133.2956, 1168.3833, 1211.3018, 1257.8134, 1299.6544, 1340.3048, 1390.8099, 1442.8932, 1498.4488, 1559.0549, 1618.5787, 1677.0582, 1738.7866, 1802.4809, 1864.2093, 1925.9377, 1985.4615, 2041.0171, 2098.4884, 2157.3119, 2219.8119, 2284.328, 2355.7566, 2428.2204, 2498.6429, 2561.934, 2621.4578, 2680.9816, 2738.1245]
growth_rate:-6.04
