ticker:LQDA
price:[4.340000152587891, 4.880000114440918, 5.809999942779541, 5.050000190734863, 4.960000038146973, 5.380000114440918, 2.859999895095825, 4.550000190734863, 4.619999885559082, 4.5, 3.930000066757202, 3.140000104904175, 3.0299999713897705, 2.9000000953674316, 2.9800000190734863, 3.130000114440918, 2.819999933242798, 2.950000047683716, 3.0, 2.940000057220459, 2.930000066757202, 2.740000009536743, 3.1700000762939453, 3.2699999809265137, 3.5799999237060547, 2.799999952316284, 2.609999895095825, 2.8499999046325684, 2.7699999809265137, 2.5299999713897705, 2.759999990463257, 2.5799999237060547, 2.7799999713897705, 2.8399999141693115, 2.8399999141693115, 2.6500000953674316, 2.7200000286102295, 2.950000047683716, 3.009999990463257, 2.869999885559082, 2.7200000286102295, 2.609999895095825, 2.9100000858306885, 2.759999990463257, 2.6700000762939453, 2.490000009536743, 2.4600000381469727, 2.299999952316284, 2.319999933242798, 2.6600000858306885, 2.5899999141693115, 2.700000047683716]
assets:[0, 99.99998634510041, 219.0573328425884, 290.40278596830365, 385.2273309627533, 517.847607015419, 375.2868982345581, 697.047289220047, 807.7709439908981, 886.7898, 874.4631358541251, 798.6803786830902, 870.7010947785616, 933.3444406933307, 1059.0917087787152, 1212.4017883285521, 1192.3236077744007, 1347.2889167775393, 1470.1242, 1540.7217299866675, 1635.481208262849, 1629.426219671321, 1985.1390037773133, 2147.7614934723856, 2451.372011758423, 2017.2742456460237, 1980.3877934019329, 2262.492374291897, 2298.9839211698054, 2199.793989123869, 2499.775323362422, 2436.7464599422456, 2725.6415199491976, 2884.468348825383, 2984.4684378031734, 2884.803353817463, 3061.005616197085, 3419.8406552782058, 3589.3966946275236, 3522.447865542794, 3438.3479561661484, 3399.2970103714706, 3890.0211847364903, 3789.504550905967, 3765.933914609718, 3612.050536834216, 3668.5318828875543, 3529.928146817351, 3660.6230306668285, 4297.093946655083, 4284.012150030994, 4565.958740637731]
shares:[0, 20.4918, 37.7035, 57.5055, 77.6668, 96.2542, 131.2192, 153.1972, 174.8422, 197.0644, 222.5097, 254.3568, 287.3601, 321.8429, 355.3999, 387.3488, 422.8098, 456.7081, 490.0414, 524.055, 558.1847, 594.6811, 626.2268, 656.8078, 684.7408, 720.4551, 758.7693, 793.857, 829.9581, 869.4838, 905.7157, 944.4754, 980.4466, 1015.6579, 1050.8692, 1088.605, 1125.3697, 1159.268, 1192.4906, 1227.3338, 1264.0985, 1302.4127, 1336.777, 1373.0089, 1410.4621, 1450.6227, 1491.2731, 1534.7514, 1577.8548, 1615.4488, 1654.0588, 1691.0958]
growth_rate:-10.47
