ticker:LQDT
price:[7.300000190734863, 7.489999771118164, 7.190000057220459, 6.820000171661377, 7.630000114440918, 11.0, 9.970000267028809, 9.4399995803833, 8.529999732971191, 8.890000343322754, 8.800000190734863, 9.539999961853027, 9.569999694824219, 9.970000267028809, 14.640000343322754, 17.5, 16.719999313354492, 15.90999984741211, 16.219999313354492, 18.010000228881836, 19.049999237060547, 19.520000457763672, 17.15999984741211, 17.200000762939453, 19.15999984741211, 15.609999656677246, 16.209999084472656, 19.6299991607666, 19.8799991607666, 18.170000076293945, 19.43000030517578, 18.8700008392334, 17.770000457763672, 18.31999969482422, 17.93000030517578, 24.520000457763672, 27.190000534057617, 24.8700008392334, 23.90999984741211, 24.459999084472656, 22.889999389648438, 20.969999313354492, 21.84000015258789, 23.31999969482422, 23.149999618530273, 20.739999771118164, 20.489999771118164, 19.84000015258789, 22.190000534057617, 23.75, 22.940000534057617, 24.8700008392334]
assets:[0, 99.99973594417573, 195.99436855978965, 285.90872919640543, 419.86593529748916, 705.3112000000001, 739.2685407999992, 799.969164440632, 822.8532482408524, 957.5810529808044, 1047.886422712326, 1236.0043030576708, 1339.8908722724914, 1495.8948520648958, 2296.579781857109, 2845.2287499999998, 2818.4133722553256, 2781.8762013198852, 2936.0793957061765, 3360.098727702141, 3654.1289436546326, 3844.2845061523435, 3479.503997060013, 3587.615719135666, 4096.436707376481, 3437.4421213976857, 3669.5660997459413, 4543.77357274189, 4701.641669520378, 4397.225417463494, 4802.151777424621, 4763.746807865143, 4586.051509138871, 4827.994095574952, 4825.2141021270745, 6698.67532105751, 7528.098166864585, 6985.759405733109, 6816.104950501251, 7072.894917264557, 6718.910676843261, 6255.331922174263, 6614.8533822155005, 7163.113358260345, 7210.896151177597, 6560.215403602981, 6581.137948485946, 6472.365553778457, 7339.000950631333, 7954.946125, 7783.640823208047, 8538.498012129974]
shares:[0, 13.3511, 27.2593, 41.9221, 55.0283, 64.1192, 74.1493, 84.7425, 96.4658, 107.7144, 119.078, 129.5602, 140.0095, 150.0396, 156.8702, 162.5845, 168.5654, 174.8508, 181.016, 186.5685, 191.8178, 196.9408, 202.7683, 208.5823, 213.8015, 220.2077, 226.3767, 231.4709, 236.5011, 242.0047, 247.1514, 252.4508, 258.0783, 263.5368, 269.114, 273.1923, 276.8701, 280.891, 285.0734, 289.1617, 293.5304, 298.2991, 302.8779, 307.1661, 311.4858, 316.3074, 321.1878, 326.2281, 330.7346, 334.9451, 339.3043, 343.3252]
growth_rate:67.42
