ticker:LRCX
price:[333.1199951171875, 293.989990234375, 307.2099914550781, 330.2699890136719, 328.7099914550781, 362.7099914550781, 364.9599914550781, 353.9200134277344, 342.0799865722656, 409.4200134277344, 426.30999755859375, 433.6400146484375, 456.5400085449219, 499.9800109863281, 491.70001220703125, 480.9700012207031, 480.3399963378906, 472.2699890136719, 501.6300048828125, 547.530029296875, 563.8499755859375, 483.95001220703125, 509.760009765625, 586.1599731445312, 598.4099731445312, 567.1900024414062, 547.7000122070312, 524.8200073242188, 542.3099975585938, 584.22998046875, 639.2999877929688, 662.0, 643.7100219726562, 627.489990234375, 620.4500122070312, 630.5399780273438, 602.989990234375, 614.0999755859375, 649.8499755859375, 655.3099975585938, 642.1099853515625, 612.6599731445312, 630.4400024414062, 631.4400024414062, 612.8499755859375, 588.47998046875, 640.27001953125, 637.4099731445312, 647.9600219726562, 580.4099731445312, 565.969970703125, 609.5900268554688]
assets:[0, 99.98599567871094, 204.4789703125, 319.8334573608399, 418.3163351257324, 561.5838797698974, 665.0665924285889, 744.9308442626954, 819.9999358123779, 1081.401081466675, 1226.0249219787597, 1347.1027055053712, 1518.2237984161377, 1762.6795287322998, 1833.5001755187989, 1893.482700805664, 1991.0092848205563, 2057.5386611358645, 2285.476465246582, 2594.5805498291015, 2771.9428649780275, 2479.130727532959, 2711.3625159423827, 3217.7251725769042, 3384.9658540893556, 3308.362565240479, 3294.689423431397, 3257.032965454102, 3465.5778083984374, 3833.48343984375, 4294.817317993164, 4547.3442000000005, 4521.6766783447265, 4507.762591845703, 4557.205339660644, 4731.319779125976, 4624.571431103516, 4809.75382878418, 5189.766890026855, 5333.371477130127, 5325.9170625, 5181.632988867187, 5431.997149035644, 5540.633445422363, 5477.530511791992, 5359.699118115234, 5931.397433935546, 6004.911875, 6204.282006390381, 5657.488172229005, 5616.742586254883, 6149.605149920655]
shares:[0, 0.3401, 0.6656, 0.9684, 1.2726, 1.5483, 1.8223, 2.1048, 2.3971, 2.6413, 2.8759, 3.1065, 3.3255, 3.5255, 3.7289, 3.9368, 4.145, 4.3567, 4.5561, 4.7387, 4.9161, 5.1227, 5.3189, 5.4895, 5.6566, 5.8329, 6.0155, 6.206, 6.3904, 6.5616, 6.718, 6.8691, 7.0244, 7.1838, 7.345, 7.5036, 7.6694, 7.8322, 7.9861, 8.1387, 8.2944, 8.4576, 8.6162, 8.7746, 8.9378, 9.1077, 9.2639, 9.4208, 9.5751, 9.7474, 9.9241, 10.0881]
growth_rate:20.58
