ticker:LRGE
price:[46.14400100708008, 44.939998626708984, 44.60200119018555, 44.79100036621094, 45.50400161743164, 47.27399826049805, 47.29999923706055, 46.93899917602539, 43.845001220703125, 48.25199890136719, 48.35300064086914, 47.959999084472656, 48.834999084472656, 49.257999420166016, 48.645999908447266, 49.702999114990234, 49.70199966430664, 50.012001037597656, 50.28499984741211, 49.15800094604492, 50.65399932861328, 49.029998779296875, 50.89899826049805, 51.5890007019043, 50.763999938964844, 48.882999420166016, 48.66299819946289, 49.79899978637695, 49.652000427246094, 50.16400146484375, 51.130001068115234, 52.709999084472656, 53.672000885009766, 53.51300048828125, 53.63100051879883, 53.33300018310547, 52.40700149536133, 52.542999267578125, 53.66999816894531, 53.512001037597656, 54.29499816894531, 54.4900016784668, 55.459999084472656, 56.573001861572266, 56.880001068115234, 56.220001220703125, 57.810001373291016, 57.06999969482422, 57.28499984741211, 57.36399841308594, 57.32400131225586, 58.86800003051758]
assets:[0, 100.00048494415283, 199.2505199169159, 300.09522335357667, 404.87185439109805, 520.6190880432129, 620.9070899848938, 716.1670860282899, 768.9624004089355, 946.2554748550416, 1048.235030293274, 1139.7166222434998, 1260.5094623687744, 1371.4264424564362, 1454.3889176628113, 1585.9928799598695, 1685.9614114128112, 1796.4760880714418, 1906.284230215454, 1963.5622739887237, 2123.3194092567446, 2155.2459773406986, 2337.4041577178955, 2469.090844793701, 2529.6056517585753, 2535.8740311203, 2624.458754794693, 2785.726168650055, 2877.502241560364, 3007.176379412842, 3165.085117119217, 3362.892670589447, 3524.2699613124846, 3613.829246374512, 3721.798364402771, 3801.1175892501833, 3835.1181659297945, 3945.0702511077884, 4129.686312107849, 4217.526956977844, 4379.239090313721, 4494.967422459412, 4674.983984825897, 4868.802658111191, 4995.224445802308, 5037.261511373902, 5279.723834421158, 5312.138348593903, 5432.1532235305785, 5539.64706315155, 5635.78625941391, 5887.582947452163]
shares:[0, 2.2252, 4.4673, 6.6999, 8.8975, 11.0128, 13.127, 15.2574, 17.5382, 19.6107, 21.6788, 23.7639, 25.8116, 27.8417, 29.8974, 31.9094, 33.9214, 35.9209, 37.9096, 39.9439, 41.9181, 43.9577, 45.9224, 47.8608, 49.8307, 51.8764, 53.9313, 55.9394, 57.9534, 59.9469, 61.9027, 63.7999, 65.6631, 67.5318, 69.3964, 71.2714, 73.1795, 75.0827, 76.9459, 78.8146, 80.6564, 82.4916, 84.2947, 86.0623, 87.8204, 89.5991, 91.3289, 93.0811, 94.8268, 96.5701, 98.3146, 100.0133]
growth_rate:15.44
