ticker:LRMR
price:[12.25, 16.0, 15.819999694824219, 15.109999656677246, 15.0, 14.739999771118164, 20.0, 18.68000030517578, 18.799999237060547, 17.829999923706055, 22.5, 20.18000030517578, 21.719999313354492, 25.059999465942383, 23.059999465942383, 19.6200008392334, 22.079999923706055, 21.40999984741211, 19.149999618530273, 19.600000381469727, 17.75, 15.710000038146973, 18.540000915527344, 19.459999084472656, 19.0, 17.06999969482422, 16.790000915527344, 17.790000915527344, 18.229999542236328, 17.18000030517578, 14.649999618530273, 14.229999542236328, 11.329999923706055, 14.350000381469727, 13.3100004196167, 13.859999656677246, 13.369999885559082, 14.930000305175781, 8.3100004196167, 8.0600004196167, 8.329999923706055, 8.260000228881836, 9.0, 9.890000343322754, 11.380000114440918, 9.609999656677246, 9.989999771118164, 9.9399995803833, 10.699999809265137, 13.34000015258789, 13.859999656677246, 14.09000015258789]
assets:[0, 100.0, 198.87479816360474, 289.948805411911, 387.83849999999995, 481.1165405292511, 752.804, 803.1185931205749, 908.2768431404114, 961.4132088861465, 1313.2237499999999, 1277.8157813240052, 1475.3309533596039, 1802.199885593033, 1758.368773277092, 1596.061562270546, 1896.1796094480515, 1938.6412301834107, 1834.00120846653, 1977.0971184797286, 1890.483275, 1773.211269305706, 2192.6369162750243, 2401.439781020355, 2444.6749, 2296.346829946136, 2358.67947661438, 2599.160050760651, 2763.445524608612, 2704.278078037262, 2406.033897349548, 2437.0553356025694, 2040.3958932603834, 2684.260846356392, 2589.7214576446536, 2796.7344867227557, 2797.8596560516357, 3224.311232906342, 1894.6435316707611, 1937.6442508769035, 2102.552789742851, 2184.8840485424043, 2480.6241, 2825.930127099705, 3351.676325705528, 2930.369507310867, 3146.242535916138, 3230.4958876247406, 3577.4957162286755, 4560.168330160904, 4837.925742160892, 5018.208505344773]
shares:[0, 6.25, 12.5711, 19.1892, 25.8559, 32.6402, 37.6402, 42.9935, 48.3126, 53.9211, 58.3655, 63.3209, 67.925, 71.9154, 76.2519, 81.3487, 85.8777, 90.5484, 95.7703, 100.8723, 106.5061, 112.8715, 118.2652, 123.4039, 128.6671, 134.5253, 140.4812, 146.1023, 151.5878, 157.4085, 164.2344, 171.2618, 180.0879, 187.0565, 194.5696, 201.7846, 209.264, 215.9619, 227.9956, 240.4025, 252.4073, 264.5138, 275.6249, 285.7361, 294.5234, 304.9292, 314.9392, 324.9996, 334.3454, 341.8417, 349.0567, 356.1539]
growth_rate:-1.6
