ticker:LSAQ
price:[10.123000144958496, 10.15999984741211, 10.489999771118164, 10.579999923706055, 10.569999694824219, 10.670000076293945, 11.09000015258789, 11.180000305175781, 11.149999618530273, 10.770000457763672, 10.859999656677246, 10.949999809265137, 12.010000228881836, 11.175000190734863, 10.569999694824219, 10.458999633789062, 10.460000038146973, 10.399999618530273, 10.220000267028809, 10.350000381469727, 10.109999656677246, 10.170000076293945, 10.020000457763672, 10.779999732971191, 10.15999984741211, 10.119999885559082, 10.020000457763672, 10.050000190734863, 10.239999771118164, 10.229999542236328, 10.149999618530273, 10.050000190734863, 10.050000190734863, 10.020000457763672, 9.970000267028809, 9.899999618530273, 9.970000267028809, 9.979999542236328, 9.899999618530273, 9.967000007629395, 9.949999809265137]
assets:[0, 99.99979849815368, 203.24794156532286, 304.9917738006592, 404.7030913154602, 508.5322036361694, 628.5490476482391, 733.649508026123, 831.6807015460968, 903.3370193950652, 1010.8856920423508, 1119.2629905038834, 1327.6118473011015, 1335.3085952910424, 1363.0162586471558, 1448.7021867752073, 1548.8404476485252, 1639.9561798467635, 1711.5720607200624, 1833.3431775714876, 1890.8307737897874, 2002.0519770191192, 2072.522866683197, 2329.7196422910692, 2295.728165521622, 2386.6896410103795, 2463.1054905269625, 2570.4795037840845, 2719.07526722393, 2816.4201509731297, 2894.3952062192916, 2965.8786712882043, 3065.8781831860542, 3156.7259942150117, 3240.9739088037495, 3318.2185121414186, 3441.680981179333, 3545.132363391495, 3616.714390639687, 3741.1911954637526, 3834.8105214892385]
shares:[0, 9.8425, 19.3754, 28.8272, 38.2879, 47.66, 56.6771, 65.6216, 74.5902, 83.8753, 93.0834, 102.2158, 110.5422, 119.4907, 128.9514, 138.5125, 148.0727, 157.6881, 167.4728, 177.1346, 187.0258, 196.8586, 206.8386, 216.115, 225.9575, 235.8389, 245.8189, 255.7691, 265.5347, 275.3099, 285.1621, 295.1123, 305.0625, 315.0425, 325.0726, 335.1736, 345.2037, 355.2237, 365.3247, 375.3578, 385.4081]
growth_rate:-4.13
