ticker:LSBK
price:[12.720000267028809, 12.420000076293945, 13.5, 13.0, 13.640000343322754, 13.65999984741211, 12.920000076293945, 12.5, 12.5, 12.5, 12.460000038146973, 12.319999694824219, 14.300000190734863, 13.5, 13.399999618530273, 12.989999771118164, 13.0, 13.0, 13.520000457763672, 13.239999771118164, 13.220000267028809, 13.010000228881836, 13.4399995803833, 14.5, 15.739999771118164, 15.3100004196167, 14.989999771118164, 14.899999618530273, 15.100000381469727, 15.050000190734863, 15.0, 14.489999771118164, 14.6899995803833, 14.479999542236328, 15.300000190734863, 14.979999542236328, 14.25, 14.300000190734863, 14.75, 14.770000457763672, 15.25, 15.399999618530273, 15.25, 15.229999542236328, 14.970000267028809, 14.899999618530273, 15.100000381469727, 15.170000076293945, 15.170000076293945, 14.979999542236328, 14.899999618530273, 14.680000305175781]
assets:[0, 99.9996306142807, 208.69515, 300.9656, 415.7826744653702, 516.3917062316895, 588.4168554746628, 669.28875, 769.28875, 869.2887499999999, 966.5072509590149, 1055.6477978507996, 1325.3054276770592, 1351.16235, 1441.1538789733886, 1497.058503622055, 1598.2109, 1698.2107999999998, 1866.1386231842039, 1927.4910826791765, 2024.5795848941802, 2092.419152811432, 2261.5769533902167, 2539.94615, 2857.154664452934, 2879.100694910431, 2918.9232084310534, 3001.397813158226, 3141.6849393680573, 3231.2816959513666, 3320.547, 3307.6481867528914, 3453.303066357136, 3503.936897228241, 3802.3636974015235, 3822.837461180496, 3736.5438, 3849.6544313470836, 4070.7979250000003, 4176.318065435791, 4412.041550000001, 4555.4384671583175, 4611.0677749999995, 4705.020511582566, 4724.6982512772565, 4802.605127043724, 4967.069625482559, 5090.096315599441, 5190.096956102371, 5225.092748329926, 5297.188264381409, 5318.97515057373]
shares:[0, 8.0515, 15.4589, 23.1512, 30.4826, 37.8032, 45.5431, 53.5431, 61.5431, 69.5431, 77.5688, 85.6857, 92.6787, 100.0861, 107.5488, 115.247, 122.9393, 130.6316, 138.028, 145.5809, 153.1452, 160.8316, 168.2721, 175.1687, 181.5219, 188.0536, 194.7247, 201.4361, 208.0586, 214.7031, 221.3698, 228.2711, 235.0785, 241.9846, 248.5205, 255.1961, 262.2136, 269.2066, 275.9863, 282.7568, 289.3142, 295.8077, 302.3651, 308.9311, 315.6111, 322.3225, 328.945, 335.537, 342.129, 348.8046, 355.516, 362.328]
growth_rate:4.29
