ticker:LSCC
price:[28.020000457763672, 27.100000381469727, 28.139999389648438, 28.06999969482422, 28.219999313354492, 32.93000030517578, 33.560001373291016, 34.720001220703125, 34.900001525878906, 39.58000183105469, 39.7599983215332, 40.099998474121094, 41.38999938964844, 42.31999969482422, 42.400001525878906, 43.90999984741211, 43.7599983215332, 45.81999969482422, 44.540000915527344, 43.09000015258789, 43.5099983215332, 40.11000061035156, 43.0, 48.439998626708984, 48.25, 48.119998931884766, 41.959999084472656, 45.0099983215332, 44.470001220703125, 44.540000915527344, 48.68000030517578, 50.18000030517578, 57.91999816894531, 54.81999969482422, 50.310001373291016, 50.54999923706055, 46.369998931884766, 49.29999923706055, 53.06999969482422, 53.150001525878906, 51.40999984741211, 50.75, 55.869998931884766, 54.88999938964844, 53.9900016784668, 50.25, 54.029998779296875, 56.75, 61.52000045776367, 58.90999984741211, 56.970001220703125, 61.18000030517578]
assets:[0, 99.99900140762328, 203.83771357879638, 303.3300307022095, 404.9513461467743, 572.5374503059388, 683.4896999687195, 807.1150363769532, 911.2983698432922, 1133.5000084381104, 1238.6551557102205, 1349.2486586585999, 1492.6516869888305, 1626.1883082733154, 1729.2628622322084, 1890.8480224292755, 1984.3890198863983, 2177.8062574951173, 2216.9696375701906, 2244.7951029491423, 2366.674146701813, 2281.733593721008, 2546.1375, 2968.2529518489837, 3056.60855, 3148.3712301158903, 2845.3369099174497, 3152.1582064529416, 3214.3406052337646, 3319.401470230866, 3727.938763370514, 3942.8082179786684, 4650.964268966675, 4502.037654937744, 4231.659742509842, 4351.844379318619, 4091.990110742569, 4450.552501125717, 4890.888715875244, 4998.263348494721, 4934.629963353729, 4971.27715, 5572.814500459671, 5575.061969007873, 5583.651372587205, 5296.857525, 5795.306296066285, 6187.055249999999, 6807.095770650863, 6618.302842857361, 6500.351200283813, 7080.716279319763]
shares:[0, 3.69, 7.2437, 10.8062, 14.3498, 17.3865, 20.3662, 23.2464, 26.1117, 28.6382, 31.1533, 33.6471, 36.0631, 38.426, 40.7845, 43.0619, 45.3471, 47.5296, 49.7748, 52.0955, 54.3938, 56.8869, 59.2125, 61.2769, 63.3494, 65.4275, 67.8107, 70.0324, 72.2811, 74.5263, 76.5805, 78.5733, 80.2998, 82.124, 84.1117, 86.0899, 88.2465, 90.2749, 92.1592, 94.0407, 95.9858, 97.9562, 99.7461, 101.5679, 103.4201, 105.4101, 107.2609, 109.023, 110.6485, 112.346, 114.1013, 115.7358]
growth_rate:38.84
