ticker:LSEA
price:[10.569999694824219, 10.5600004196167, 10.567000389099121, 10.574999809265137, 10.550000190734863, 10.572999954223633, 10.529999732971191, 10.51200008392334, 10.449999809265137, 10.510000228881836, 10.550000190734863, 10.579999923706055, 10.529999732971191, 10.899999618530273, 10.65999984741211, 10.8100004196167, 10.579999923706055, 10.619999885559082, 10.149999618530273, 9.550000190734863, 10.050000190734863, 8.920000076293945, 9.319999694824219, 8.84000015258789, 8.9399995803833, 8.979999542236328, 8.5, 9.029999732971191, 9.65999984741211, 9.979999542236328, 9.65999984741211, 9.819999694824219, 9.579999923706055, 9.039999961853027, 9.359999656677246, 9.510000228881836, 9.119999885559082, 9.010000228881836, 9.010000228881836, 9.100000381469727, 8.899999618530273, 8.149999618530273, 7.960000038146973, 8.369999885559082, 8.34000015258789, 7.75, 8.550000190734863, 8.40999984741211, 9.0, 8.569999694824219, 8.479999542236328, 8.800000190734863]
assets:[0, 100.00003597364426, 200.06607506685256, 300.21789958515166, 399.50846222276687, 500.3799104335785, 598.3451218266487, 697.321935167122, 793.209325522232, 897.7631685510635, 1001.1802481004715, 1104.0272240386962, 1198.8099325995445, 1340.9332130710602, 1411.4084977970124, 1531.2689894399641, 1598.6887724716187, 1704.7330016298292, 1729.287915007782, 1727.064054493332, 1917.4857663911819, 1801.888183411789, 1982.6901350784303, 1980.5772821868898, 2102.982027292347, 2212.3917112213135, 2194.13475, 2430.9454591137883, 2700.5466593425754, 2890.0052734409333, 2897.3401762340545, 3045.3292053604127, 3070.9015475437163, 2997.8022993498803, 3203.9194584809306, 3355.264073752785, 3317.6662623687744, 3377.6508658027647, 3477.651056343079, 3612.388931430435, 3632.995864283371, 3426.8441946027756, 3446.954636518955, 3724.498452075863, 3811.1490517284396, 3641.535125, 4117.435561852455, 4150.015344703675, 4541.1579, 4424.191211455536, 4477.729774285126, 4746.700742881965]
shares:[0, 9.4697, 18.9331, 28.3894, 37.8681, 47.3262, 56.8229, 66.3358, 75.9052, 85.4199, 94.8986, 104.3504, 113.8471, 123.0214, 132.4023, 141.653, 151.1048, 160.521, 170.3732, 180.8444, 190.7946, 202.0054, 212.735, 224.0472, 235.2329, 246.3688, 258.1335, 269.2077, 279.5597, 289.5797, 299.9317, 310.115, 320.5534, 331.6153, 342.2991, 352.8143, 363.7792, 374.878, 385.9768, 396.9658, 408.2018, 420.4717, 433.0345, 444.9819, 456.9723, 469.8755, 481.5714, 493.462, 504.5731, 516.2417, 528.0342, 539.3978]
growth_rate:-6.93
