ticker:LSTR
price:[133.08999633789062, 131.39999389648438, 127.72000122070312, 125.66000366210938, 125.25, 131.94000244140625, 130.6199951171875, 131.97999572753906, 124.69999694824219, 123.87999725341797, 128.69000244140625, 129.7899932861328, 130.25999450683594, 133.5800018310547, 138.72000122070312, 134.91000366210938, 135.36000061035156, 134.66000366210938, 144.41000366210938, 149.61000061035156, 152.3699951171875, 139.39999389648438, 148.33999633789062, 154.88999938964844, 160.1199951171875, 160.13999938964844, 162.3699951171875, 164.3000030517578, 165.00999450683594, 169.2100067138672, 167.6999969482422, 169.4199981689453, 175.77000427246094, 171.72999572753906, 172.27999877929688, 178.3000030517578, 175.1199951171875, 167.22000122070312, 170.5, 160.7899932861328, 160.85000610351562, 154.99000549316406, 160.60000610351562, 158.07000732421875, 157.0500030517578, 155.1199951171875, 152.5399932861328, 157.0, 157.60000610351562, 161.92999267578125, 157.72000122070312, 169.1300048828125]
assets:[0, 99.99539535522462, 197.19968188476562, 294.0192765686035, 393.05955, 514.0514435119629, 608.9112312377929, 715.2523888458253, 775.7960910140991, 870.6905606956482, 1004.5026830566406, 1113.0919614212037, 1217.1233366729737, 1348.1428104797362, 1500.020989199829, 1558.8176373138429, 1664.0210955032348, 1755.4143417388916, 1982.5182942749025, 2153.9052567871095, 2293.640773498535, 2198.407603744507, 2439.3919037780765, 2647.1010675689695, 2836.4776775024416, 2936.839476806641, 3077.739494445801, 3214.3159697036745, 3328.2020862045288, 3512.9181863845824, 3581.568834823608, 3718.2945838134765, 3957.654993199158, 3966.6881333129886, 4079.4008630950925, 4321.956413973999, 4344.867174853515, 4248.859567016601, 4432.19865, 4279.779409295655, 4381.377231253052, 4321.756812171936, 4578.192253991699, 4606.06517142334, 4676.336595869446, 4718.874347460937, 4740.393847357178, 4978.9881000000005, 5098.013477435303, 5338.0869805542, 5299.297409014893, 5782.673257946777]
shares:[0, 0.761, 1.544, 2.3398, 3.1382, 3.8961, 4.6617, 5.4194, 6.2213, 7.0285, 7.8056, 8.5761, 9.3438, 10.0924, 10.8133, 11.5545, 12.2933, 13.0359, 13.7284, 14.3968, 15.0531, 15.7705, 16.4446, 17.0902, 17.7147, 18.3392, 18.9551, 19.5637, 20.1697, 20.7607, 21.357, 21.9472, 22.5161, 23.0984, 23.6789, 24.2398, 24.8108, 25.4088, 25.9953, 26.6172, 27.2389, 27.8841, 28.5068, 29.1394, 29.7761, 30.4208, 31.0764, 31.7133, 32.3478, 32.9654, 33.5994, 34.1907]
growth_rate:13.39
