ticker:LSXMA
price:[35.66999816894531, 34.2400016784668, 34.39500045776367, 32.869998931884766, 34.03499984741211, 35.33000183105469, 34.38999938964844, 37.06999969482422, 34.56999969482422, 38.459999084472656, 41.279998779296875, 42.220001220703125, 42.060001373291016, 41.380001068115234, 42.189998626708984, 43.16999816894531, 42.68000030517578, 43.189998626708984, 42.189998626708984, 39.880001068115234, 40.529998779296875, 40.41999816894531, 43.380001068115234, 43.56999969482422, 43.97999954223633, 44.40999984741211, 43.56999969482422, 45.54999923706055, 44.86000061035156, 44.68000030517578, 45.689998626708984, 46.720001220703125, 45.38999938964844, 46.47999954223633, 45.189998626708984, 42.61000061035156, 41.720001220703125, 41.7599983215332, 43.65999984741211, 44.0, 45.869998931884766, 44.34000015258789, 47.41999816894531, 46.540000915527344, 46.88999938964844, 45.599998474121094, 46.40999984741211, 46.689998626708984, 48.86000061035156, 47.65999984741211, 48.20000076293945, 49.4900016784668]
assets:[0, 100.00134890213012, 200.4540626678467, 291.56675152549747, 401.9022956981659, 517.1958968048095, 603.4344412902832, 750.4599018218994, 799.8495399391174, 989.8526884368897, 1162.4323816253661, 1288.9006412658691, 1384.0179931892394, 1461.6409497283937, 1590.2507422370911, 1727.188456741333, 1807.5833729248045, 1929.184944658661, 1984.5162794036864, 1975.858640919876, 2108.0625085083007, 2202.340188232422, 2463.6196686599733, 2574.4118579681394, 2698.6391599113463, 2825.022233293533, 2871.5897548866274, 3102.0870430416107, 3155.098048927307, 3242.4365581466673, 3415.7340383342744, 3592.735389871216, 3590.457887719727, 3776.6812348049166, 3771.864577375794, 3656.5218093765257, 3680.146339678955, 3783.67299992218, 4055.8218818252562, 4187.4052, 4465.371004020691, 4416.428073198319, 4823.20656375885, 4833.7003430877685, 4970.053906306457, 4933.322474919891, 5120.953639163208, 5251.8497915275575, 5595.940755903625, 5558.504760203933, 5721.484690563202, 5974.611166630554]
shares:[0, 2.9206, 5.828, 8.8703, 11.8085, 14.639, 17.5468, 20.2444, 23.1371, 25.7372, 28.1597, 30.5282, 32.9058, 35.3224, 37.6926, 40.009, 42.352, 44.6674, 47.0376, 49.5451, 52.0124, 54.4864, 56.7916, 59.0868, 61.3606, 63.6123, 65.9075, 68.1029, 70.3321, 72.5702, 74.7589, 76.8993, 79.1024, 81.2539, 83.4668, 85.8137, 88.2106, 90.6052, 92.8956, 95.1683, 97.3484, 99.6037, 101.7125, 103.8612, 105.9939, 108.1869, 110.3416, 112.4834, 114.5301, 116.6283, 118.703, 120.7236]
growth_rate:17.15
