ticker:LSXMB
price:[36.619998931884766, 37.54600143432617, 35.650001525878906, 34.25, 34.45000076293945, 39.66999816894531, 36.54999923706055, 36.13999938964844, 36.13999938964844, 39.26499938964844, 39.959999084472656, 42.599998474121094, 43.0, 43.5, 42.040000915527344, 43.369998931884766, 43.369998931884766, 43.290000915527344, 43.290000915527344, 43.0, 43.0, 44.16999816894531, 44.16999816894531, 44.16999816894531, 46.0, 44.630001068115234, 44.630001068115234, 45.21099853515625, 45.21099853515625, 45.21099853515625, 50.0099983215332, 46.4900016784668, 46.4900016784668, 46.4900016784668, 46.4900016784668, 46.4900016784668, 46.4900016784668, 46.4900016784668, 51.70000076293945, 48.20000076293945, 46.0099983215332, 48.290000915527344, 45.5, 49.84000015258789, 45.70000076293945, 45.70000076293945, 50.09000015258789, 50.09000015258789, 50.09000015258789, 48.0099983215332, 48.0099983215332, 51.599998474121094]
assets:[0, 100.00002022018434, 194.9484683441162, 287.292425, 388.9715136142731, 547.910113710022, 604.8184223751068, 698.0332462112426, 798.0326245223999, 967.0380374679565, 1084.1547351608276, 1255.7797950195313, 1367.572, 1483.47615, 1533.6864973999025, 1682.2051595706941, 1782.2033661079408, 1878.9159097366332, 1978.9158118515015, 2065.6598, 2165.6605999999997, 2324.5874976348878, 2424.58837348938, 2524.589249343872, 2729.1846, 2747.900406764603, 2847.8983871578216, 2984.9747984863284, 3084.9770061462405, 3184.9792138061525, 3623.0543444007876, 3468.0425492095947, 3568.0425428199765, 3668.042536430359, 3768.042530040741, 3868.042523651123, 3968.042517261505, 4068.0425108718873, 4623.934328235626, 4410.902569818497, 4310.488101751328, 4624.091130667877, 4456.92975, 4982.0512712528225, 4668.213947933578, 4768.214689603043, 5326.255049225235, 5426.254725529861, 5526.254401834488, 5396.775105324555, 5496.775130828476, 6007.803302341461]
shares:[0, 2.6634, 5.4684, 8.3881, 11.2909, 13.8117, 16.5477, 19.3147, 22.0817, 24.6285, 27.131, 29.4784, 31.804, 34.1029, 36.4816, 38.7873, 41.093, 43.403, 45.713, 48.0386, 50.3642, 52.6282, 54.8922, 57.1562, 59.3301, 61.5707, 63.8113, 66.0232, 68.2351, 70.447, 72.4466, 74.5976, 76.7486, 78.8996, 81.0506, 83.2016, 85.3526, 87.5036, 89.4378, 91.5125, 93.6859, 95.7567, 97.9545, 99.9609, 102.1491, 104.3373, 106.3337, 108.3301, 110.3265, 112.4094, 114.4923, 116.4303]
growth_rate:17.8
