ticker:LSXMK
price:[35.47999954223633, 34.22999954223633, 34.40999984741211, 32.75, 34.2400016784668, 35.13999938964844, 34.279998779296875, 36.849998474121094, 34.599998474121094, 38.40999984741211, 41.5099983215332, 42.36000061035156, 42.22999954223633, 41.3849983215332, 42.369998931884766, 43.15999984741211, 42.790000915527344, 43.5099983215332, 41.93000030517578, 39.849998474121094, 40.380001068115234, 40.560001373291016, 42.77000045776367, 42.959999084472656, 43.25, 44.119998931884766, 43.70000076293945, 45.34000015258789, 45.16999816894531, 44.619998931884766, 45.540000915527344, 46.83000183105469, 45.5, 46.61000061035156, 45.22999954223633, 42.849998474121094, 41.779998779296875, 41.560001373291016, 43.5099983215332, 43.88999938964844, 45.65999984741211, 43.689998626708984, 47.08000183105469, 46.4900016784668, 46.52000045776367, 45.09000015258789, 45.72999954223633, 46.20000076293945, 48.66999816894531, 47.70000076293945, 48.2599983215332, 49.290000915527344]
assets:[0, 99.99952066268922, 200.52427411079407, 290.84947500000004, 404.08337980842595, 514.7061130599975, 602.1110385589599, 747.2516390579223, 801.6266046478271, 989.8986750675201, 1169.7932626991271, 1293.7464306411744, 1389.776615935135, 1461.966450706482, 1596.7642537467957, 1726.538105895996, 1811.7371967636109, 1942.2210600757599, 1971.6911763504029, 1973.8820044189454, 2100.135589551926, 2209.4979628097535, 2429.887759006882, 2540.6801218551636, 2657.829275, 2811.291035940552, 2884.5278003597255, 3092.781964408493, 3181.187461044312, 3242.4505443820954, 3409.306628540039, 3605.882042990112, 3603.4725999999996, 3791.383296647644, 3779.1292897521976, 3680.2706739463806, 3688.3717162353514, 3768.951844539642, 4045.7902469272613, 4181.1237348556515, 4449.740493129731, 4357.758426024247, 4795.884422523498, 4835.783047590256, 4938.902844599533, 4887.0841755382535, 5056.4483633842465, 5208.417146010971, 5586.877759811401, 5575.529069178009, 5740.98527033043, 5963.513417768097]
shares:[0, 2.9214, 5.8275, 8.8809, 11.8015, 14.6473, 17.5645, 20.2782, 23.1684, 25.7719, 28.181, 30.5417, 32.9097, 35.326, 37.6862, 40.0032, 42.3402, 44.6385, 47.0234, 49.5328, 52.0093, 54.4748, 56.8129, 59.1406, 61.4527, 63.7192, 66.0075, 68.2131, 70.427, 72.6681, 74.864, 76.9994, 79.1972, 81.3427, 83.5536, 85.8873, 88.2808, 90.687, 92.9853, 95.2637, 97.4538, 99.7427, 101.8667, 104.0177, 106.1673, 108.3851, 110.5718, 112.7363, 114.791, 116.8874, 118.9595, 120.9883]
growth_rate:16.93
