ticker:LTBR
price:[3.869999885559082, 3.5799999237060547, 3.7799999713897705, 4.409999847412109, 4.090000152587891, 3.25, 2.859999895095825, 2.75, 2.559999942779541, 2.690000057220459, 2.759999990463257, 3.009999990463257, 3.359999895095825, 3.7100000381469727, 3.75, 3.2899999618530273, 3.75, 4.230000019073486, 5.909999847412109, 5.380000114440918, 6.840000152587891, 6.349999904632568, 7.269999980926514, 9.029999732971191, 7.579999923706055, 6.489999771118164, 5.949999809265137, 7.349999904632568, 7.739999771118164, 6.099999904632568, 6.389999866485596, 6.449999809265137, 5.300000190734863, 5.210000038146973, 5.090000152587891, 4.690000057220459, 5.300000190734863, 6.269999980926514, 5.550000190734863, 6.590000152587891, 6.539999961853027, 6.079999923706055, 6.880000114440918, 6.860000133514404, 6.300000190734863, 5.699999809265137, 6.099999904632568, 6.110000133514404, 6.260000228881836, 6.110000133514404, 5.809999942779541, 6.179999828338623]
assets:[0, 100.00013786888123, 205.58663844394684, 339.8509052410126, 415.1906394897461, 429.9191, 478.3286904550076, 559.9313500000001, 621.2451701140881, 752.7927500130653, 872.3821769856214, 1051.402327668786, 1273.658360234499, 1506.3312474884033, 1622.572125, 1523.5364723348619, 1836.553875, 2171.632941792107, 3134.1255180812836, 2953.0621568161964, 3854.4508939857483, 3678.327614757061, 4311.251026689053, 5454.965046689606, 4679.029348904801, 4106.187160187721, 3864.5320161174777, 4873.833446761227, 5232.444955269814, 4223.761323965692, 4524.5633714625355, 4667.047646989346, 3934.9385016094207, 3968.118900054073, 3976.7229542140963, 3764.210460925341, 4353.798576683235, 5250.625892027473, 4747.683283161926, 5737.339143844985, 5793.808202205468, 5486.292795156098, 6308.173720929241, 6389.836304363727, 5968.216980690003, 5499.815245963764, 5985.767036418485, 6095.5799221992975, 6345.225749997901, 6293.183436517286, 6084.188946079159, 6571.649901459789]
shares:[0, 27.933, 54.388, 77.0637, 101.5136, 132.2828, 167.2478, 203.6114, 242.6739, 279.8486, 316.0805, 349.3031, 379.065, 406.0192, 432.6859, 463.081, 489.7477, 513.3884, 530.3089, 548.8963, 563.5162, 579.2642, 593.0194, 604.0936, 617.2862, 632.6945, 649.5012, 663.1066, 676.0265, 692.4199, 708.0694, 723.5733, 742.4412, 761.6351, 781.2815, 802.6035, 821.4714, 837.4204, 855.4384, 870.6129, 885.9034, 902.3508, 916.8857, 931.463, 947.336, 964.8799, 981.2733, 997.6399, 1013.6143, 1029.9809, 1047.1926, 1063.3738]
growth_rate:28.86
