ticker:LTRN
price:[14.199999809265137, 19.239999771118164, 16.469999313354492, 18.360000610351562, 20.5, 20.110000610351562, 19.780000686645508, 17.5, 15.100000381469727, 16.350000381469727, 15.319999694824219, 16.049999237060547, 16.399999618530273, 15.300000190734863, 18.350000381469727, 18.649999618530273, 19.149999618530273, 19.25, 18.889999389648438, 14.34000015258789, 15.40999984741211, 15.029999732971191, 17.239999771118164, 18.459999084472656, 19.290000915527344, 17.770000457763672, 14.949999809265137, 18.969999313354492, 21.280000686645508, 18.709999084472656, 19.889999389648438, 17.110000610351562, 15.460000038146973, 16.549999237060547, 15.010000228881836, 15.619999885559082, 12.9399995803833, 14.489999771118164, 15.119999885559082, 15.175000190734863, 15.579999923706055, 15.09000015258789, 15.260000228881836, 14.600000381469727, 14.34000015258789, 13.0, 13.770000457763672, 12.899999618530273, 13.6899995803833, 12.600000381469727, 11.420000076293945, 14.0600004196167]
assets:[0, 99.99989881038665, 185.6020692621231, 306.9002622024536, 442.67085, 534.2503202148438, 625.4831817131043, 653.38525, 663.7778967689513, 818.7262691020966, 867.1487507263184, 1008.4679970623017, 1130.460173705101, 1154.6359343940733, 1484.8086308670042, 1609.082802087593, 1752.221135095596, 1861.37105, 1926.5608137512206, 1562.5136626262665, 1779.102974383545, 1835.2321053945543, 2205.083894724846, 2461.1276899398804, 2671.7847248062135, 2561.255914979172, 2254.799336232853, 2961.106866818619, 3421.6836624080656, 3108.443698896027, 3404.487657528686, 3028.646341038513, 2836.579162999153, 3136.5707504070283, 2944.7083759027482, 3164.3792388159754, 2721.451425749111, 3147.4366062835693, 3384.2823583848954, 3496.593193948746, 3689.9126519308093, 3673.8627431495665, 3815.2518472242355, 3750.240777986526, 3783.455602258682, 3529.9108000000006, 3838.9907536216733, 3696.4394206914903, 4022.810483695507, 3802.5137951225283, 3546.4056516925816, 4466.240681293678]
shares:[0, 5.1975, 11.2691, 16.7157, 21.5937, 26.5664, 31.622, 37.3363, 43.9588, 50.075, 56.6024, 62.8329, 68.9305, 75.4664, 80.916, 86.2779, 91.4998, 96.6946, 101.9884, 108.9619, 115.4512, 122.1046, 127.9051, 133.3222, 138.5062, 144.1337, 150.8227, 156.0942, 160.7934, 166.1381, 171.1658, 177.0103, 183.4786, 189.5209, 196.1831, 202.5851, 210.3131, 217.2144, 223.8282, 230.418, 236.8365, 243.4634, 250.0165, 256.8658, 263.8393, 271.5316, 278.7938, 286.5457, 293.8503, 301.7868, 310.5434, 317.6558]
growth_rate:-12.43
