ticker:LTRPA
price:[2.380000114440918, 2.180000066757202, 2.0999999046325684, 1.6299999952316284, 1.7400000095367432, 1.840000033378601, 1.690000057220459, 1.8799999952316284, 1.7799999713897705, 1.940000057220459, 2.490000009536743, 2.559999942779541, 2.990000009536743, 4.380000114440918, 3.9600000381469727, 3.690000057220459, 3.700000047683716, 4.340000152587891, 5.679999828338623, 4.179999828338623, 4.420000076293945, 4.079999923706055, 5.059999942779541, 5.349999904632568, 5.269999980926514, 5.630000114440918, 5.519999980926514, 6.789999961853027, 7.46999979019165, 6.190000057220459, 6.679999828338623, 6.050000190734863, 5.75, 5.179999828338623, 5.059999942779541, 4.75, 5.03000020980835, 4.429999828338623, 4.760000228881836, 4.25, 4.289999961853027, 4.139999866485596, 4.349999904632568, 4.03000020980835, 3.7699999809265137, 3.5999999046325684, 3.6500000953674316, 4.179999828338623, 4.110000133514404, 3.690000057220459, 3.4800000190734863, 3.9800000190734863]
assets:[0, 100.00009106225967, 196.3302510840416, 252.38968826166393, 369.4221860247612, 490.6533049007177, 550.6544086441994, 712.5622981926798, 774.6600815487623, 944.292505851984, 1312.0041620249988, 1448.8877756148338, 1792.2556397164822, 2725.4445592105867, 2564.1004207001683, 2489.2755146009445, 2596.0214134562016, 3145.063136575699, 4216.119032580137, 3202.7070904734137, 3486.5946261823656, 3318.394905947685, 4215.460146329928, 4557.0576937673095, 4588.914669391536, 5002.389095683479, 5004.65112670722, 6256.083252852631, 6982.612930880785, 5886.128002411461, 6452.073558195829, 5943.569797379493, 5748.847125, 5278.9611350591185, 5256.668478555535, 5034.619525, 5431.397244551182, 4883.5166307649615, 5347.300481121826, 4874.375150000001, 5020.251477359581, 4944.718136533547, 5295.537198903036, 5005.980824619483, 4783.014055801392, 4667.334356357861, 4832.15884125495, 5633.814218634367, 5639.468457199573, 5163.172433064795, 4969.333191236353, 5783.317729715586]
shares:[0, 45.8716, 93.4906, 154.8403, 212.3116, 266.6594, 325.831, 379.0225, 435.2023, 486.7487, 526.9093, 565.9718, 599.4166, 622.2476, 647.5001, 674.6004, 701.6274, 724.6689, 742.2745, 766.1979, 788.8223, 813.3321, 833.0949, 851.7865, 870.7618, 888.5238, 906.6397, 921.3672, 934.7541, 950.9092, 965.8793, 982.4082, 999.7995, 1019.1045, 1038.8673, 1059.9199, 1079.8006, 1102.374, 1123.3824, 1146.9118, 1170.2218, 1194.3764, 1217.3649, 1242.1788, 1268.704, 1296.4818, 1323.8791, 1347.8025, 1372.1334, 1399.2337, 1427.9693, 1453.0949]
growth_rate:13.4
