ticker:LTRPB
price:[41.0, 39.31999969482422, 38.529998779296875, 35.77000045776367, 33.25, 34.85200119018555, 34.70000076293945, 36.88399887084961, 33.849998474121094, 32.099998474121094, 32.56999969482422, 32.86000061035156, 33.696998596191406, 33.83000183105469, 33.97999954223633, 31.399999618530273, 29.0, 29.43000030517578, 33.75, 31.139999389648438, 33.5, 32.029998779296875, 32.0, 29.5, 33.0880012512207, 30.530000686645508, 28.459999084472656, 29.5, 29.559999465942383, 28.1299991607666, 68.0, 45.209999084472656, 38.45000076293945, 36.33000183105469, 37.04999923706055, 35.27000045776367, 33.900001525878906, 30.149999618530273, 32.04999923706055, 32.70899963378906, 32.95000076293945, 31.350000381469727, 31.110000610351562, 31.329999923706055, 31.100000381469727, 30.610000610351562, 31.125, 28.420000076293945, 28.81999969482422, 29.139999389648438, 28.0, 26.820999145507812]
assets:[0, 99.99862322387696, 197.99025172729495, 283.8063376319885, 363.811525, 481.3409884376526, 579.2401727355956, 715.6971140899658, 756.8250358840943, 817.6993111305237, 929.6715572891236, 1037.9488392791748, 1164.3863076919556, 1268.9836666839599, 1374.6099114818574, 1370.2394633533477, 1365.5085, 1485.7559074066162, 1803.84975, 1764.351883418274, 1998.0673, 2010.3917003814697, 2108.5088, 2043.78065, 2392.358445666885, 2307.408603895569, 2250.96109358902, 2433.21605, 2538.1634421432495, 2515.3760859560016, 6180.5404, 4209.15037676239, 3679.780423015595, 3576.8884952774047, 3747.7778528251647, 3667.7238206027987, 3625.259383177185, 3324.233432940483, 3633.7199435005186, 3808.4363924606323, 3936.497051147461, 3845.3471567905426, 3915.9091068267826, 4043.600174153137, 4113.914270460892, 4149.096813731384, 4318.905, 4043.557822854996, 4200.468843521118, 4347.108022947693, 4277.0419999999995, 4196.947264189148]
shares:[0, 2.5432, 5.1386, 7.9342, 10.9417, 13.811, 16.6928, 19.404, 22.3582, 25.4735, 28.5438, 31.587, 34.5546, 37.5106, 40.4535, 43.6382, 47.0865, 50.4844, 53.4474, 56.6587, 59.6438, 62.7659, 65.8909, 69.2807, 72.3029, 75.5784, 79.0921, 82.4819, 85.8648, 89.4197, 90.8903, 93.1022, 95.703, 98.4555, 101.1546, 103.9899, 106.9398, 110.2565, 113.3766, 116.4339, 119.4688, 122.6586, 125.873, 129.0648, 132.2802, 135.5471, 138.76, 142.2786, 145.7484, 149.1801, 152.7515, 156.4799]
growth_rate:-17.71
