ticker:LTRX
price:[4.820000171661377, 4.480000019073486, 4.5, 4.75, 5.019999980926514, 5.150000095367432, 5.199999809265137, 4.699999809265137, 4.329999923706055, 4.510000228881836, 4.519999980926514, 4.489999771118164, 4.320000171661377, 5.019999980926514, 4.909999847412109, 4.590000152587891, 4.710000038146973, 4.440000057220459, 4.75, 4.510000228881836, 4.710000038146973, 4.5, 4.78000020980835, 4.75, 5.75, 4.679999828338623, 4.400000095367432, 4.659999847412109, 4.71999979019165, 4.440000057220459, 4.559999942779541, 4.579999923706055, 4.869999885559082, 4.71999979019165, 5.460000038146973, 5.360000133514404, 5.070000171661377, 5.460000038146973, 5.559999942779541, 5.539999961853027, 5.550000190734863, 5.409999847412109, 5.190000057220459, 5.179999828338623, 5.590000152587891, 4.880000114440918, 5.190000057220459, 5.260000228881836, 4.909999847412109, 4.880000114440918, 4.789999961853027, 5.639999866485596]
assets:[0, 99.99987242574691, 200.44619999999998, 311.58195, 429.2928283689022, 540.4101100072861, 645.6569363174439, 683.5745522592543, 729.761300141716, 860.0976336498261, 962.0047039405346, 1055.6196001888275, 1115.651708332014, 1396.428454694271, 1465.8293904464722, 1470.296847877884, 1608.7358380293847, 1616.5152208328245, 1829.37985, 1836.9478982248306, 2018.4088153473854, 2028.41595, 2254.6285869623184, 2340.47795, 2933.210125, 2487.377788763523, 2438.560572854376, 2682.6570621585847, 2817.19748277297, 2750.075651441574, 2924.4018353035926, 3037.228323405647, 3329.541975758553, 3326.9890841122624, 3948.5934035873415, 3976.2748270466327, 3861.1407647315023, 4258.151381750107, 4436.139362345695, 4520.181810875225, 4628.341074060535, 4611.589905931091, 4524.057655878353, 4615.340479051018, 5080.647723684311, 4535.3418103583335, 4923.44736328168, 5089.852371478081, 4851.17363024025, 4921.533307414913, 4930.767043731976, 5905.746508194637]
shares:[0, 22.3214, 44.5436, 65.5962, 85.5165, 104.934, 124.1648, 145.4414, 168.5361, 190.709, 212.8329, 235.1046, 258.2527, 278.173, 298.5396, 320.3261, 341.5575, 364.08, 385.1326, 407.3055, 428.5369, 450.7591, 471.6796, 492.7322, 510.1235, 531.491, 554.2183, 575.6775, 596.8639, 619.3864, 641.3162, 663.1503, 683.6842, 704.8706, 723.1856, 741.8423, 761.5662, 779.8812, 797.8668, 815.9173, 833.9353, 852.4196, 871.6874, 890.9924, 908.8815, 929.3733, 948.6411, 967.6525, 988.0191, 1008.5109, 1029.3877, 1047.1182]
growth_rate:15.8
