ticker:LULU
price:[361.4100036621094, 313.3900146484375, 294.760009765625, 315.3500061035156, 332.6700134277344, 346.4599914550781, 349.95001220703125, 333.9200134277344, 319.2900085449219, 343.79998779296875, 325.45001220703125, 345.739990234375, 365.3900146484375, 377.05999755859375, 344.32000732421875, 378.04998779296875, 351.4200134277344, 348.0299987792969, 365.4599914550781, 344.5, 346.3699951171875, 328.67999267578125, 334.0799865722656, 342.8599853515625, 332.2300109863281, 311.67999267578125, 293.239990234375, 306.0799865722656, 308.7099914550781, 314.0, 301.07000732421875, 318.1199951171875, 324.1000061035156, 340.9800109863281, 335.2699890136719, 330.239990234375, 314.6499938964844, 313.20001220703125, 323.1300048828125, 329.5199890136719, 338.29998779296875, 347.57000732421875, 363.69000244140625, 368.4700012207031, 377.4200134277344, 371.69000244140625, 402.7900085449219, 400.1700134277344, 408.5199890136719, 408.7200012207031, 397.8299865722656, 405.9700012207031]
assets:[0, 100.00275367431641, 194.0699904296875, 307.6239309539795, 424.52020413513185, 542.1059486297607, 647.5824975891113, 717.9280288696289, 786.4751490478516, 946.8595463806153, 996.3326673706055, 1158.4364112792969, 1324.283030090332, 1466.5748605041504, 1439.2231986145018, 1680.2053657470703, 1661.865243499756, 1745.822882876587, 1933.246808798218, 1922.3789, 2032.8108643432618, 2028.9744627868652, 2162.2993050903324, 2319.139226916504, 2347.2382506195067, 2302.0372579040527, 2265.836080541992, 2465.0457798583984, 2586.217953414917, 2730.544, 2718.090133123779, 2972.004242382812, 3127.856748904419, 3390.773425250244, 3434.002862472534, 3482.4797690185546, 3418.074348696899, 3502.327816503906, 3713.377703112793, 3886.8200784118653, 4090.385152404785, 4302.464849664307, 4602.024183892822, 4762.51161277771, 4978.207719113159, 5002.612911859131, 5521.203763128662, 5585.292928414917, 5801.841735971069, 5904.696113635254, 5847.384708636475, 6067.018683242798]
shares:[0, 0.3191, 0.6584, 0.9755, 1.2761, 1.5647, 1.8505, 2.15, 2.4632, 2.7541, 3.0614, 3.3506, 3.6243, 3.8895, 4.1799, 4.4444, 4.729, 5.0163, 5.2899, 5.5802, 5.8689, 6.1731, 6.4724, 6.7641, 7.0651, 7.3859, 7.7269, 8.0536, 8.3775, 8.696, 9.0281, 9.3424, 9.6509, 9.9442, 10.2425, 10.5453, 10.8631, 11.1824, 11.4919, 11.7954, 12.091, 12.3787, 12.6537, 12.9251, 13.1901, 13.4591, 13.7074, 13.9573, 14.2021, 14.4468, 14.6982, 14.9445]
growth_rate:18.96
