ticker:LUMO
price:[14.739999771118164, 14.789999961853027, 14.619999885559082, 13.859999656677246, 13.609999656677246, 14.029999732971191, 14.229999542236328, 14.399999618530273, 14.4399995803833, 14.850000381469727, 14.960000038146973, 16.200000762939453, 14.989999771118164, 16.020000457763672, 17.360000610351562, 23.399999618530273, 28.780000686645508, 35.709999084472656, 22.15999984741211, 21.190000534057617, 19.209999084472656, 17.200000762939453, 18.34000015258789, 18.0, 16.899999618530273, 13.600000381469727, 13.09000015258789, 13.550000190734863, 13.050000190734863, 12.699999809265137, 12.25, 11.270000457763672, 12.069999694824219, 13.4399995803833, 12.380000114440918, 9.760000228881836, 9.890000343322754, 10.899999618530273, 10.479999542236328, 10.449999809265137, 11.489999771118164, 10.789999961853027, 11.130000114440918, 10.199999809265137, 9.84000015258789, 9.600000381469727, 7.690000057220459, 7.599999904632568, 7.389999866485596, 7.829999923706055, 8.949999809265137, 10.520000457763672]
assets:[0, 99.99962674207688, 198.8495424434662, 288.51252485332486, 383.30794733076095, 495.1369295762062, 602.1950816280365, 709.3886212076187, 811.359028422451, 934.3961790029525, 1041.3177306552889, 1227.6295778152466, 1235.9359741285323, 1420.8602986003875, 1639.7093456497191, 2310.2070823387144, 2941.3563621761323, 3749.6106108680724, 2426.836871289444, 2420.607926007271, 2294.425001650238, 2154.3534155605316, 2397.142557944107, 2452.7034000000003, 2402.816595763207, 2033.6270970417022, 2057.365795982361, 2229.6647263855934, 2247.3888178471566, 2287.1137556509975, 2306.07475, 2221.588697236252, 2479.2877743141175, 2860.6985346847537, 2735.0775232831, 2256.2485329113006, 2386.300820838356, 2729.997554457664, 2724.8051209812165, 2817.005403583622, 3197.357855308342, 3102.566300031185, 3300.3299619346617, 3124.5608415722845, 3114.2823122928617, 3138.3246047058105, 2613.9286824499604, 2683.3365263285637, 2709.1916870532987, 2970.496825056076, 3495.3955755090715, 4208.554587129593]
shares:[0, 6.7613, 13.6012, 20.8162, 28.1637, 35.2913, 42.3187, 49.2631, 56.1883, 62.9223, 69.6068, 75.7796, 82.4507, 88.6929, 94.4533, 98.7268, 102.2014, 105.0017, 109.5143, 114.2335, 119.4391, 125.2531, 130.7057, 136.2613, 142.1785, 149.5314, 157.1708, 164.5509, 172.2137, 180.0877, 188.251, 197.1241, 205.4091, 212.8496, 220.9271, 231.173, 241.2842, 250.4585, 260.0005, 269.5699, 278.2731, 287.5409, 296.5256, 306.3295, 316.4921, 326.9088, 339.9127, 353.0706, 366.6024, 379.3738, 390.547, 400.0527]
growth_rate:-17.48
