ticker:LUNA
price:[6.139999866485596, 6.190000057220459, 6.199999809265137, 5.849999904632568, 6.139999866485596, 6.539999961853027, 6.610000133514404, 6.96999979019165, 6.309999942779541, 6.710000038146973, 7.489999771118164, 8.510000228881836, 9.819999694824219, 9.970000267028809, 8.8100004196167, 9.640000343322754, 9.90999984741211, 9.880000114440918, 9.720000267028809, 10.390000343322754, 11.5, 10.630000114440918, 11.399999618530273, 11.970000267028809, 12.100000381469727, 11.739999771118164, 11.119999885559082, 12.029999732971191, 11.229999542236328, 10.670000076293945, 10.829999923706055, 10.779999732971191, 11.529999732971191, 11.329999923706055, 11.34000015258789, 11.520000457763672, 11.670000076293945, 10.3100004196167, 10.149999618530273, 10.630000114440918, 10.640000343322754, 10.510000228881836, 10.920000076293945, 10.789999961853027, 10.350000381469727, 10.229999542236328, 11.449999809265137, 12.329999923706055, 12.59000015258789, 11.140000343322754, 10.630000114440918, 10.880000114440918]
assets:[0, 100.00006992440224, 200.1614138422966, 288.86188029093745, 403.1812492328167, 529.4470049118042, 635.1139308285713, 769.7040468306541, 796.8198517742634, 947.3312253856658, 1157.4528836301804, 1415.0768780593871, 1732.9088321464537, 1859.3791278001786, 1743.0418440203666, 2007.2553314871786, 2163.4748596881864, 2256.925970142174, 2320.3769317456245, 2580.320220263004, 2955.9853, 2832.3582154927253, 3137.523855011368, 3394.4000077228548, 3531.2653213281633, 3526.2028512535094, 3439.9808605976104, 3821.490617174721, 3667.3596135089874, 3584.481959630203, 3738.2322276653294, 3820.9730613515853, 4186.810399035645, 4214.18554062252, 4317.904642100525, 4486.443442275237, 4644.860754366303, 4203.557286084652, 4238.322145710182, 4538.7549288635255, 4643.0248298172955, 4686.295594055939, 4969.1099987173075, 5009.953437287808, 4905.654885807609, 4948.777623556137, 5638.954301065922, 6172.341243807602, 6402.496015596771, 5765.116163674641, 5601.18304630146, 5832.91385335331]
shares:[0, 16.1551, 32.2841, 49.3781, 65.6647, 80.9552, 96.0838, 110.431, 126.2789, 141.182, 154.5331, 166.284, 176.4673, 186.4974, 197.8481, 208.2215, 218.3123, 228.4338, 238.7219, 248.3465, 257.0422, 266.4495, 275.2214, 283.5756, 291.8401, 300.358, 309.3508, 317.6634, 326.5681, 335.9402, 345.1738, 354.4502, 363.1232, 371.9493, 380.7676, 389.4482, 398.0172, 407.7165, 417.5687, 426.976, 436.3745, 445.8892, 455.0467, 464.3145, 473.9763, 483.7515, 492.4851, 500.5954, 508.5382, 517.5149, 526.9222, 536.1134]
growth_rate:14.37
