ticker:LUNG
price:[41.900001525878906, 42.25, 44.459999084472656, 42.2400016784668, 42.060001373291016, 46.79999923706055, 46.4900016784668, 46.45000076293945, 55.0, 50.380001068115234, 50.810001373291016, 53.619998931884766, 65.22000122070312, 69.0199966430664, 61.959999084472656, 59.369998931884766, 65.86000061035156, 56.720001220703125, 60.2400016784668, 59.4900016784668, 57.619998931884766, 56.83000183105469, 58.150001525878906, 60.439998626708984, 52.900001525878906, 47.959999084472656, 48.0, 43.47999954223633, 43.86000061035156, 44.970001220703125, 47.0099983215332, 42.54999923706055, 37.61000061035156, 40.36000061035156, 42.91999816894531, 42.61000061035156, 44.36000061035156, 42.189998626708984, 44.47999954223633, 44.47999954223633, 40.9900016784668, 37.75, 40.20000076293945, 39.65999984741211, 42.65999984741211, 36.7400016784668, 37.52000045776367, 40.099998474121094, 39.0]
assets:[0, 100.00152499999999, 205.23180177383423, 294.9830517215729, 393.7278788555145, 538.1017112277984, 634.5373839092255, 733.9936220558167, 969.1, 987.6948829402924, 1096.1241596260072, 1256.7455349655152, 1628.6282164825438, 1823.5221153091431, 1736.9928103340148, 1764.3873132572173, 2057.2622530654908, 1871.7543682830808, 2087.9124341754914, 2161.920201996994, 2193.962127330017, 2263.8799529418943, 2416.4640184089662, 2611.6244286598208, 2385.8218088180543, 2263.026128800201, 2364.912, 2242.2157483936307, 2361.8127868667602, 2521.584890447998, 2735.972500313568, 2576.402453804016, 2377.286767579651, 2651.111216091919, 2919.2680554580684, 2998.184516946411, 3221.3212163223266, 3163.7393980197903, 3435.461692644119, 3535.461627614975, 3358.0607985065462, 3192.626975, 3499.8321664218906, 3552.818140330887, 3921.563145973206, 3477.36033086319, 3651.1838045463564, 4002.252527706909, 3992.4651000000003]
shares:[0, 2.3669, 4.6161, 6.9835, 9.3611, 11.4979, 13.6489, 15.8018, 17.62, 19.6049, 21.573, 23.438, 24.9713, 26.4202, 28.0341, 29.7185, 31.2369, 32.9999, 34.6599, 36.3409, 38.0764, 39.836, 41.5557, 43.2102, 45.1006, 47.1857, 49.269, 51.5689, 53.8489, 56.0726, 58.1998, 60.55, 63.2089, 65.6866, 68.0165, 70.3634, 72.6177, 74.9879, 77.2361, 79.4843, 81.9239, 84.5729, 87.0605, 89.5819, 91.926, 94.6478, 97.313, 99.8068, 102.3709]
growth_rate:-16.82
