ticker:LUXA
price:[11.0, 10.609999656677246, 10.75, 10.739999771118164, 11.0, 10.9399995803833, 11.1899995803833, 11.300000190734863, 12.34000015258789, 12.899999618530273, 11.40999984741211, 10.649999618530273, 10.699999809265137, 10.279999732971191, 10.1899995803833, 10.359999656677246, 10.420000076293945, 10.229999542236328, 10.229999542236328, 10.329999923706055, 10.079999923706055, 10.039999961853027, 10.0, 9.970000267028809, 9.960000038146973, 10.010000228881836, 9.850000381469727, 9.890000343322754, 9.899999618530273, 10.0, 9.960000038146973, 9.84000015258789, 9.819999694824219, 9.859999656677246, 9.829999923706055, 9.800000190734863, 9.760000228881836, 9.770000457763672]
assets:[0, 100.00030776414872, 201.31955, 301.13240958251953, 408.4223, 506.19487458429336, 617.7629498343467, 723.8362022177696, 890.4544110107421, 1030.8634795160294, 1011.794287469101, 1044.400732590866, 1149.3040995128633, 1204.190944720459, 1293.647959728527, 1415.2298251003265, 1523.425893154335, 1595.6477075992586, 1695.647999124527, 1812.2228766155242, 1868.3642738586425, 1960.9505445493696, 2053.138, 2146.978740503025, 2244.825644597721, 2356.0947948728563, 2418.435133660889, 2528.255951766205, 2630.812038628769, 2757.3860000000004, 2846.356858901596, 2912.0634211570737, 3006.1444605781558, 3118.3895534184458, 3208.901243094635, 3299.10832420969, 3385.6425753967283, 3489.1114134788513]
shares:[0, 9.4251, 18.7274, 28.0384, 37.1293, 46.2701, 55.2067, 64.0563, 72.16, 79.9119, 88.6761, 98.0658, 107.4116, 117.1392, 126.9527, 136.6052, 146.2021, 155.9773, 165.7525, 175.433, 185.3536, 195.3138, 205.3138, 215.3439, 225.3841, 235.3741, 245.5264, 255.6376, 265.7386, 275.7386, 285.7788, 295.9414, 306.1247, 316.2667, 326.4396, 336.6437, 346.8896, 357.125]
growth_rate:-5.7
