ticker:LUXAW
price:[3.5, 2.490000009536743, 2.5, 2.4200000762939453, 2.5999999046325684, 2.319999933242798, 2.799999952316284, 3.799999952316284, 3.950000047683716, 3.0999999046325684, 1.899999976158142, 2.244999885559082, 1.7990000247955322, 1.3700000047683716, 1.4500000476837158, 1.5700000524520874, 1.340000033378601, 1.399999976158142, 1.350000023841858, 1.399999976158142, 1.2400000095367432, 1.2300000190734863, 1.25, 1.1799999475479126, 1.3600000143051147, 1.3600000143051147, 1.2999999523162842, 1.3200000524520874, 1.350000023841858, 1.2300000190734863, 1.2599999904632568, 1.2200000286102295, 1.159999966621399, 1.159999966621399, 1.0, 0.9620000123977661, 0.9599999785423279]
assets:[0, 99.99989438300133, 200.4015, 293.98862726840974, 415.8554247465134, 471.07088244509697, 668.5338686149358, 1007.2960073601007, 1147.0578938470842, 1000.2227192294597, 713.0397810525299, 942.5126894545555, 855.2696178881407, 751.3170446150065, 895.1895744385959, 1069.2742837233543, 1012.6290472239853, 1157.9706402798772, 1216.614621486187, 1361.6744168108225, 1306.0545620447635, 1395.521859640217, 1518.21325, 1533.1932838481425, 1867.0703076387167, 1967.070292690563, 1980.2877173634768, 2110.75387187382, 2258.7255398905277, 2157.949917463112, 2310.5828165115595, 2337.2310368104218, 2322.285133177042, 2422.2851342995764, 2188.1769, 2205.0262024172544, 2300.4419005811155]
shares:[0, 40.1606, 80.1606, 121.4829, 159.9444, 203.0478, 238.7621, 265.0779, 290.3944, 322.6525, 375.2841, 419.8275, 475.4139, 548.4066, 617.3721, 681.0664, 755.6933, 827.1219, 901.196, 972.6246, 1053.2698, 1134.5706, 1214.5706, 1299.3164, 1372.8458, 1446.3752, 1523.2983, 1599.0559, 1673.13, 1754.4308, 1833.7959, 1915.7631, 2001.97, 2088.1769, 2188.1769, 2292.127, 2396.2937]
growth_rate:-36.1
