ticker:LUXAU
price:[10.149999618530273, 10.420000076293945, 10.300000190734863, 10.317999839782715, 10.380000114440918, 10.710000038146973, 11.25, 11.239999771118164, 11.5600004196167, 11.5, 11.600000381469727, 11.5600004196167, 11.699999809265137, 11.520000457763672, 12.210000038146973, 13.550000190734863, 14.1899995803833, 12.729999542236328, 11.390000343322754, 11.470000267028809, 10.829999923706055, 10.824000358581543, 10.949999809265137, 10.899999618530273, 10.510000228881836, 10.62600040435791, 10.739999771118164, 10.579999923706055, 10.369999885559082, 10.34000015258789, 10.380000114440918, 10.369999885559082, 10.359999656677246, 10.25, 10.289999961853027, 10.369000434875488, 10.4399995803833, 10.34000015258789, 10.197999954223633, 10.220000267028809, 10.199999809265137, 10.189000129699707, 10.071999549865723, 10.039999961853027, 10.039999961853027]
assets:[0, 99.99969873218537, 198.84768368225096, 299.1951685541153, 400.9928984210015, 513.7415658298493, 639.644625, 739.0760689500808, 860.1172072214126, 955.65345, 1063.9636349887849, 1160.2945821175574, 1274.3464292254448, 1354.741685832596, 1535.8849157984735, 1804.442685400009, 1989.670657162857, 1884.9552192180633, 1786.5386388506888, 1899.0867972119331, 1893.1218916635514, 1992.072838794136, 2115.2618331548692, 2205.6029328100203, 2226.6864844917295, 2351.2629264740945, 2476.4882172231673, 2539.594615686607, 2589.1867564263343, 2681.696617573929, 2792.070558782959, 2889.3806241134644, 2986.59416902647, 3054.88335, 3166.805112260056, 3291.1176273293495, 3413.6522707944873, 3480.954847368622, 3533.1501137405394, 3640.7718731263158, 3733.6466901826857, 3829.6202674487113, 3885.644475944138, 3973.2998649034503, 4073.3002725234987]
shares:[0, 9.5969, 19.3056, 28.9974, 38.6313, 47.9684, 56.8573, 65.7541, 74.4046, 83.1003, 91.721, 100.3715, 108.9185, 117.5991, 125.7891, 133.1692, 140.2164, 148.0719, 156.8515, 165.5699, 174.8035, 184.0422, 193.1746, 202.3489, 211.8636, 221.2745, 230.5855, 240.0373, 249.6805, 259.3517, 268.9856, 278.6288, 288.2813, 298.0374, 307.7556, 317.3997, 326.9782, 336.6494, 346.4552, 356.2399, 366.0438, 375.8583, 385.7868, 395.747, 405.7072]
growth_rate:-7.42
