ticker:LVHD
price:[30.15999984741211, 29.579999923706055, 29.709999084472656, 29.14699935913086, 30.014999389648438, 30.850000381469727, 30.81399917602539, 30.88800048828125, 29.399999618530273, 30.141000747680664, 31.934999465942383, 31.65999984741211, 32.36000061035156, 32.869998931884766, 32.571998596191406, 32.5, 32.31999969482422, 32.43000030517578, 32.65999984741211, 32.83000183105469, 32.68000030517578, 32.165000915527344, 32.80699920654297, 32.88999938964844, 32.77000045776367, 32.38999938964844, 33.310001373291016, 34.28300094604492, 34.20899963378906, 35.0, 35.09000015258789, 35.25699996948242, 35.959999084472656, 36.16999816894531, 36.34000015258789, 36.9900016784668, 36.9900016784668, 36.880001068115234, 36.834999084472656, 37.369998931884766, 37.34400177001953, 36.04999923706055, 36.52000045776367, 36.70000076293945, 36.900001525878906, 37.07699966430664, 37.209999084472656, 37.36000061035156, 37.22999954223633, 37.96500015258789, 38.11000061035156, 37.68899917602539]
assets:[0, 100.00110574207307, 200.4414798233032, 296.6435859775543, 405.4786297546387, 516.7591013898849, 616.1567275238036, 717.6363593444825, 783.066049839592, 902.8013389949799, 1056.5375223312378, 1147.4407104698182, 1272.809432006836, 1392.8694917385103, 1480.2409906036378, 1576.9682500000001, 1668.2355682479858, 1773.9145306930543, 1886.4938471862793, 1996.313619342041, 2087.193187490845, 2154.302400318909, 2297.300277338409, 2403.111094404602, 2494.34429384346, 2565.4207506576536, 2738.2886348930356, 2918.2753178302764, 3011.975844456482, 3181.619, 3289.7998023056034, 3405.4559985523224, 3573.359493023682, 3694.226379985046, 3811.5899620044706, 3979.765377586746, 4079.7641481243136, 4167.631896702575, 4262.546094055176, 4424.454656539536, 4521.376467102814, 4464.705885511779, 4622.913473946381, 4745.699118656158, 4871.560341447449, 4994.928117676163, 5112.843645201874, 5233.456133499145, 5315.245128646087, 5520.179359186554, 5641.263328347778, 5678.944475744248]
shares:[0, 3.3807, 6.7466, 10.1775, 13.5092, 16.7507, 19.996, 23.2335, 26.6349, 29.9526, 33.084, 36.2426, 39.3328, 42.3751, 45.4452, 48.5221, 51.6162, 54.6998, 57.7616, 60.8076, 63.8676, 66.9766, 70.0247, 73.0651, 76.1167, 79.2041, 82.2062, 85.1231, 88.0463, 90.9034, 93.7532, 96.5895, 99.3704, 102.1351, 104.8869, 107.5903, 110.2937, 113.0052, 115.72, 118.3959, 121.0737, 123.8476, 126.5858, 129.3106, 132.0206, 134.7177, 137.4051, 140.0818, 142.7678, 145.4018, 148.0258, 150.6791]
growth_rate:11.35
