ticker:LVRAU
price:[10.0, 10.0, 10.0, 10.210000038146973, 10.079999923706055, 10.0, 10.010000228881836, 10.15999984741211, 9.989999771118164, 9.979999542236328, 9.960000038146973, 9.949999809265137, 10.005000114440918, 10.199999809265137, 10.25, 10.25, 10.199999809265137, 10.140000343322754, 10.010000228881836, 9.960000038146973, 10.149999618530273, 10.180000305175781, 9.961000442504883, 10.088000297546387, 10.0]
assets:[0, 100.0, 200.0, 304.19980413656236, 400.3261889699936, 497.149, 597.6460626653671, 706.6015733879088, 794.7784077907562, 893.9824109947205, 992.1912998001098, 1091.195584082508, 1197.2273281943321, 1320.5613353061676, 1427.0347250000002, 1527.03475, 1619.5855497145653, 1710.0583298995973, 1788.1343888862611, 1879.2030071973802, 2015.0510042678832, 2121.007135583496, 2175.3789022384644, 2303.114679130554, 2383.024]
shares:[0, 10.0, 20.0, 29.7943, 39.7149, 49.7149, 59.7049, 69.5474, 79.5574, 89.5774, 99.6176, 109.6679, 119.6629, 129.4668, 139.2229, 148.979, 158.7829, 168.6448, 178.6348, 188.675, 198.5272, 208.3504, 218.3896, 228.3024, 238.3024]
growth_rate:-0.71
