ticker:LVTX
price:[12.5, 13.0, 15.359999656677246, 15.0, 12.119999885559082, 11.899999618530273, 11.800000190734863, 12.930000305175781, 12.0, 11.350000381469727, 10.989999771118164, 11.300000190734863, 11.04800033569336, 11.069999694824219, 10.850000381469727, 11.0, 10.154000282287598, 7.900000095367432, 5.53000020980835, 5.710000038146973, 5.710000038146973, 5.900000095367432, 6.75, 6.690000057220459]
assets:[0, 99.99990000000001, 218.15346712388993, 313.041, 352.9368206674576, 446.5308256858826, 542.7787687734603, 694.7573623977661, 744.7860000000001, 804.4437620370865, 878.9285286951066, 1003.7213869420051, 1081.3373952564239, 1183.4903463737487, 1259.9703992986679, 1377.3892, 1371.4551251273153, 1167.0172440880299, 916.9121917876721, 1046.757206993103, 1146.7570086611747, 1284.9155907693385, 1570.0304250000002, 1656.0747261646272]
shares:[0, 7.6923, 14.2027, 20.8694, 29.1202, 37.5236, 45.9982, 53.7322, 62.0655, 70.8761, 79.9753, 88.8249, 97.8763, 106.9097, 116.1263, 125.2172, 135.0655, 147.7237, 165.8069, 183.32, 200.8331, 217.7823, 232.5971, 247.5448]
growth_rate:-28.0
