ticker:LWAY
price:[4.900000095367432, 5.599999904632568, 6.789999961853027, 5.210000038146973, 5.050000190734863, 5.75, 5.480000019073486, 5.21999979019165, 4.610000133514404, 4.849999904632568, 5.039999961853027, 7.25, 7.400000095367432, 6.21999979019165, 6.400000095367432, 6.0, 5.840000152587891, 5.409999847412109, 5.639999866485596, 5.829999923706055, 6.139999866485596, 6.019999980926514, 6.300000190734863, 6.900000095367432, 6.159999847412109, 5.699999809265137, 5.900000095367432, 6.670000076293945, 6.650000095367432, 5.800000190734863, 5.460000038146973, 5.239999771118164, 5.340000152587891, 5.0, 4.980000019073486, 4.869999885559082, 4.730000019073486, 5.28000020980835, 5.710000038146973, 5.369999885559082, 5.400000095367432, 5.210000038146973, 5.159999847412109, 5.510000228881836, 6.239999771118164, 5.840000152587891, 6.809999942779541, 6.349999904632568, 5.880000114440918, 5.840000152587891, 5.570000171661377, 5.440000057220459]
assets:[0, 99.99975829701422, 221.24943275699616, 269.765986975193, 361.48153865289686, 511.58785, 587.5656020450592, 659.6884354850292, 682.5985707693576, 818.1353289126873, 950.1861528081894, 1466.835225, 1597.1834605836868, 1442.4975673427582, 1584.2419436070443, 1585.2269999999999, 1642.9543949272156, 1621.983415252304, 1790.940221603489, 1951.273573464775, 2155.028819138861, 2212.911056988716, 2415.837133140373, 2745.9171379523277, 2551.4275847991944, 2460.8991076527595, 2647.246852790022, 3092.7349633758545, 3183.4614456539152, 2876.553014596367, 2807.9273236179347, 2794.787413924408, 2948.1233042411804, 2860.415, 2948.9732452946187, 2983.8352938823696, 2998.0575360895155, 3446.6690329583166, 3827.3633485695836, 3699.46434216013, 3820.1317874659535, 3785.719924718571, 3849.3882661685943, 4210.4903679010395, 4868.322397430992, 4656.2508096588135, 5529.634828537703, 5256.120346060991, 4967.084820673084, 5033.295235510253, 4900.591424030924, 4886.21512339549]
shares:[0, 17.8571, 32.5846, 51.7785, 71.5805, 88.9718, 107.22, 126.3771, 148.0691, 168.6877, 188.529, 202.3221, 215.8356, 231.9128, 247.5378, 264.2045, 281.3278, 299.8121, 317.5426, 334.6953, 350.9819, 367.5932, 383.4662, 397.959, 414.1928, 431.7367, 448.6859, 463.6784, 478.716, 495.9574, 514.2724, 533.3564, 552.083, 572.083, 592.1633, 612.6972, 633.8388, 652.7782, 670.2913, 688.9133, 707.4318, 726.6257, 746.0055, 764.1543, 780.1799, 797.3032, 811.9875, 827.7355, 844.7423, 861.8656, 879.8189, 898.2013]
growth_rate:-4.19
