ticker:LX
price:[7.119999885559082, 6.809999942779541, 6.840000152587891, 6.409999847412109, 6.559999942779541, 6.96999979019165, 7.110000133514404, 7.820000171661377, 8.239999771118164, 7.730000019073486, 8.079999923706055, 7.889999866485596, 7.420000076293945, 6.579999923706055, 6.880000114440918, 6.539999961853027, 6.590000152587891, 6.699999809265137, 7.0, 6.420000076293945, 6.599999904632568, 7.769999980926514, 9.989999771118164, 13.0600004196167, 15.270000457763672, 11.359999656677246, 10.520000457763672, 13.350000381469727, 11.359999656677246, 10.260000228881836, 9.899999618530273, 9.319999694824219, 8.75, 9.279999732971191, 9.09000015258789, 8.229999542236328, 8.140000343322754, 8.890000343322754, 9.140000343322754, 12.779999732971191, 12.220000267028809, 12.779999732971191, 13.050000190734863, 11.210000038146973, 9.329999923706055, 9.859999656677246, 8.649999618530273, 7.860000133514404, 7.449999809265137, 6.980000019073486, 6.940000057220459, 6.619999885559082]
assets:[0, 100.00008215975761, 200.44073247146608, 287.8397611480713, 394.57546855826376, 519.2364073701382, 629.6658778241157, 792.5437233975887, 935.1097820255279, 977.2327864112854, 1121.4797494106292, 1195.1085367763997, 1223.917140584564, 1185.360666255951, 1339.404614279461, 1373.2129479902267, 1483.711515354538, 1608.4776642100335, 1780.499, 1732.9718065942764, 1881.5596528121946, 2315.108790316963, 3076.5682815124514, 4122.020840440178, 4919.545209477997, 3759.857710369301, 3581.840287858963, 4645.395627739907, 4052.9354775118827, 3760.486049889564, 3728.538846330833, 3610.0990857902525, 3489.310125, 3800.66286663723, 3822.847741171646, 3561.170181922913, 3622.2268927755354, 4055.970200637436, 4270.029930393695, 6070.566329159928, 5904.5635990252495, 6275.14856488533, 6507.721895114899, 5690.157905363274, 4835.8761114557265, 5210.58288056879, 4671.15030399971, 4344.536473798752, 4217.912752013015, 4051.816023071957, 4128.5963180403705, 4038.2283961905478]
shares:[0, 14.6843, 29.3042, 44.9048, 60.1487, 74.4959, 88.5606, 101.3483, 113.4842, 126.4208, 138.797, 151.4713, 164.9484, 180.146, 194.6809, 209.9714, 225.1459, 240.0713, 254.357, 269.9333, 285.0848, 297.9548, 307.9648, 315.6218, 322.1706, 330.9734, 340.4791, 347.9697, 356.7725, 366.5191, 376.6201, 387.3497, 398.7783, 409.5542, 420.5553, 432.706, 444.991, 456.2396, 467.1805, 475.0052, 483.1885, 491.0132, 498.676, 507.5966, 518.3147, 528.4567, 540.0174, 552.74, 566.1628, 580.4894, 594.8986, 610.0043]
growth_rate:-20.82
