ticker:LXEH
price:[5.599999904632568, 7.070000171661377, 7.900000095367432, 8.800000190734863, 8.529999732971191, 8.989999771118164, 9.199999809265137, 9.416999816894531, 9.260000228881836, 9.420000076293945, 9.1899995803833, 9.770999908447266, 8.460000038146973, 8.430000305175781, 8.75, 8.800000190734863, 8.569999694824219, 8.5, 8.729999542236328, 8.5, 8.359999656677246, 9.0, 8.800000190734863, 8.850000381469727, 8.960000038146973, 7.949999809265137, 7.6020002365112305, 8.5, 8.899999618530273, 8.640000343322754, 9.07699966430664, 9.699999809265137, 8.5, 8.236000061035156, 8.458999633789062, 8.5, 8.5, 10.350000381469727, 10.621999740600586, 10.020000457763672, 9.5, 8.520000457763672, 8.937000274658203, 9.0, 8.59000015258789, 8.449999809265137, 8.600000381469727, 9.0]
assets:[0, 100.00020342803, 211.73975255608556, 335.86168727960586, 425.55656867809296, 548.5059570352555, 661.3189862895011, 776.9175520935058, 863.9645033548355, 978.8924959281921, 1054.991733828926, 1221.6896147529603, 1157.7721552205085, 1253.6666523841857, 1401.255625, 1509.2625127123833, 1569.8156930992127, 1656.9934, 1801.8300015197754, 1854.35915, 1923.8164969940185, 2171.0942999999997, 2222.8474881789207, 2335.4770456682204, 2464.505354492569, 2286.6981951379776, 2286.6010899400712, 2656.70985, 2881.7317664838793, 2897.5468031381606, 3144.101128422165, 3459.8968119667056, 3131.86835, 3134.5960916297913, 3319.468793692017, 3435.5580499999996, 3535.558, 4405.061592357254, 4620.826939554978, 4458.942287706757, 4327.53975, 3981.1201658981327, 4275.97034041214, 4406.1129, 4305.3896814785, 4335.220012144661, 4512.17682014637, 4822.0452]
shares:[0, 14.1443, 26.8025, 38.1661, 49.8894, 61.0129, 71.8825, 82.5016, 93.3007, 103.9164, 114.7978, 125.0322, 136.8525, 148.7149, 160.1435, 171.5071, 183.1757, 194.9404, 206.3952, 218.1599, 230.1216, 241.2327, 252.5963, 263.8957, 275.0564, 287.635, 300.7894, 312.5541, 323.7901, 335.3642, 346.3811, 356.6904, 368.4551, 380.5969, 392.4186, 404.1833, 415.948, 425.6098, 435.0242, 445.0042, 455.5305, 467.2676, 478.457, 489.5681, 501.2095, 513.0438, 524.6717, 535.7828]
growth_rate:2.6
