ticker:LXRX
price:[1.600000023841858, 1.5299999713897705, 1.6200000047683716, 1.5199999809265137, 1.4500000476837158, 1.559999942779541, 1.4700000286102295, 1.3300000429153442, 1.1100000143051147, 1.0700000524520874, 1.2699999809265137, 1.5, 1.6200000047683716, 1.5800000429153442, 3.119999885559082, 3.390000104904175, 3.490000009536743, 3.4200000762939453, 3.8399999141693115, 6.869999885559082, 8.510000228881836, 7.909999847412109, 8.489999771118164, 8.100000381469727, 7.71999979019165, 7.190000057220459, 6.78000020980835, 6.869999885559082, 6.690000057220459, 5.880000114440918, 5.869999885559082, 5.369999885559082, 5.050000190734863, 4.96999979019165, 4.860000133514404, 4.579999923706055, 4.329999923706055, 4.360000133514404, 4.389999866485596, 4.440000057220459, 4.869999885559082, 4.639999866485596, 5.71999979019165, 4.119999885559082, 4.079999923706055, 3.7100000381469727, 3.4000000953674316, 3.5399999618530273, 3.559999942779541, 3.630000114440918, 3.4700000286102295, 4.610000133514404]
assets:[0, 100.0000331300497, 205.88239860600234, 293.17364432115556, 379.6722174856424, 508.4749613492489, 579.1398802716493, 623.983751134193, 620.7683960001469, 698.3983432359338, 928.9400890487194, 1197.1734, 1392.9472841000559, 1458.5534976166605, 2980.1814586875917, 3338.081914297557, 3536.550327663946, 3565.616839542389, 4103.499556279636, 7441.416935040379, 9317.82561660881, 8760.869038998413, 9503.259169801713, 9166.714541706657, 8836.670739843608, 8330.008359293031, 7955.001366168976, 8160.59806406021, 8046.783581825209, 7172.509399596691, 7260.311119453717, 6741.886107322597, 6440.13545823927, 6438.112878215313, 6395.619721701098, 6127.147713933563, 5892.696463171577, 6033.5238367619995, 6175.038345196676, 6345.369249775886, 7059.898091098309, 6826.473595570565, 8515.394003657198, 6233.465478853512, 6272.946434699059, 5804.076540678692, 5419.100012001658, 5742.2392481217385, 5874.68128957529, 6090.19494000206, 5921.756308825016, 7967.232730746269]
shares:[0, 65.3595, 127.0879, 192.8774, 261.8429, 325.9455, 393.9727, 469.1607, 559.2508, 652.7087, 731.4489, 798.1156, 859.844, 923.1351, 955.1864, 984.6849, 1013.3382, 1042.578, 1068.6197, 1083.1757, 1094.9266, 1107.5688, 1119.3474, 1131.6931, 1144.6465, 1158.5547, 1173.304, 1187.86, 1202.8077, 1219.8145, 1236.8503, 1255.4723, 1275.2743, 1295.395, 1315.9711, 1337.8052, 1360.8999, 1383.8357, 1406.6147, 1429.1372, 1449.6711, 1471.2228, 1488.7053, 1512.9771, 1537.4869, 1564.4411, 1593.8529, 1622.1015, 1650.1914, 1677.7396, 1706.558, 1728.25]
growth_rate:56.22
