ticker:LYFT
price:[28.969999313354492, 30.760000228881836, 30.59000015258789, 27.530000686645508, 27.6299991607666, 27.799999237060547, 25.530000686645508, 26.020000457763672, 22.829999923706055, 29.84000015258789, 37.540000915527344, 38.099998474121094, 39.040000915527344, 46.099998474121094, 46.869998931884766, 49.97999954223633, 48.86000061035156, 49.130001068115234, 47.5, 47.880001068115234, 47.810001373291016, 44.459999084472656, 53.119998931884766, 57.650001525878906, 58.93000030517578, 55.70000076293945, 64.12000274658203, 66.37000274658203, 66.55999755859375, 64.51000213623047, 64.63999938964844, 60.970001220703125, 63.400001525878906, 63.70000076293945, 55.65999984741211, 50.06999969482422, 49.650001525878906, 52.31999969482422, 57.09000015258789, 57.400001525878906, 56.11000061035156, 58.47999954223633, 61.5, 62.790000915527344, 60.060001373291016, 53.400001525878906, 54.900001525878906, 55.31999969482422, 52.439998626708984, 53.38999938964844, 45.88999938964844, 48.38999938964844]
assets:[0, 100.00076074409485, 199.44680099487303, 279.49557897109986, 380.51205944232936, 482.85262674865726, 543.4264886157989, 653.8565915031434, 673.6950337486267, 980.5543410140991, 1333.5785005233765, 1453.4730317893982, 1589.3340532714844, 1976.749494570923, 2109.768635920715, 2349.7596984786987, 2397.1058319442745, 2510.351447576523, 2527.0665, 2647.2852590560915, 2743.414374801636, 2651.185313406372, 3267.586430296707, 3646.2415315086364, 3827.1970838195803, 3717.423620918655, 4379.376951590729, 4633.050959729004, 4746.3135539062505, 4700.127794643402, 4809.597330586243, 4636.530809829712, 4921.323678443909, 5044.6132704196925, 4507.897821641923, 4155.164071674347, 4220.309709701538, 4547.261973476409, 5061.8334825290685, 5189.3217579490665, 5172.696791267395, 5491.184237016678, 5874.7567500000005, 6097.982797913361, 5932.85306165657, 5374.966473587036, 5625.949026366424, 5768.990848175049, 5568.650650168991, 5769.53155504303, 5059.051202713013, 5434.656636451721]
shares:[0, 3.251, 6.52, 10.1524, 13.7717, 17.3688, 21.2858, 25.129, 29.5092, 32.8604, 35.5242, 38.1489, 40.7104, 42.8796, 45.0132, 47.014, 49.0607, 51.0961, 53.2014, 55.29, 57.3816, 59.6308, 61.5133, 63.2479, 64.9448, 66.7401, 68.2997, 69.8064, 71.3088, 72.8589, 74.4059, 76.0461, 77.6234, 79.1933, 80.9899, 82.9871, 85.0012, 86.9125, 88.6641, 90.4063, 92.1885, 93.8985, 95.5245, 97.1171, 98.7821, 100.6548, 102.4763, 104.284, 106.1909, 108.0639, 110.243, 112.3095]
growth_rate:6.56
