ticker:LYL
price:[1.0, 0.9950000047683716, 1.0, 0.9300000071525574, 1.0099999904632568, 1.0709999799728394, 1.6299999952316284, 2.940000057220459, 2.740000009536743, 2.7300000190734863, 4.139999866485596, 3.859999895095825, 4.550000190734863, 3.4800000190734863, 2.809999942779541, 2.619999885559082, 2.427000045776367, 2.3399999141693115, 2.7200000286102295, 2.549999952316284, 2.7100000381469727, 2.2100000381469727, 3.0899999141693115, 2.6500000953674316, 3.7799999713897705, 1.7999999523162842, 1.3600000143051147, 2.0399999618530273, 2.0199999809265137, 1.600000023841858, 1.5499999523162842, 1.5399999618530273, 1.2200000286102295, 1.3949999809265137, 1.399999976158142, 1.2999999523162842, 1.2300000190734863, 1.3200000524520874, 1.3200000524520874, 1.3300000429153442, 1.6399999856948853, 1.6699999570846558, 1.559999942779541, 1.559999942779541, 1.6299999952316284, 1.4600000381469727, 1.3600000143051147, 1.350000023841858, 1.409999966621399, 1.399999976158142, 1.2400000095367432, 1.340000033378601]
assets:[0, 99.99998797923327, 200.5025, 286.46734420319797, 411.10968911817076, 535.9390999782086, 915.668308321321, 1751.5735360904216, 1732.4189840297936, 1826.0961937582495, 2869.244709467268, 2775.1893845779896, 3371.2725913228987, 2678.467622680378, 2262.7856119225503, 2209.785717477131, 2147.003846095276, 2170.040572403383, 2622.440427584052, 2558.5378621566297, 2819.0737456823344, 2398.9495164084433, 3454.1873040533064, 3062.3289802062036, 4468.151990181255, 2227.691460986328, 1783.1447067559482, 2774.7169641141895, 2847.5139811128615, 2355.456675099039, 2381.8485017255543, 2466.481802903366, 2053.9661841675756, 2448.5924095210075, 2557.368756448269, 2474.6995392285585, 2441.446594859266, 2720.0891280866263, 2820.0891640602704, 2941.453497912395, 3727.0552754902724, 3895.232982901037, 3738.6607628667352, 3838.6608151987552, 4110.908561974024, 3782.163532820606, 3623.111166109574, 3696.470705282021, 3960.7581502378944, 4032.6677313240766, 3671.7915562394614, 4067.9038953290583]
shares:[0, 100.5025, 200.5025, 308.0294, 407.0393, 500.41, 561.7597, 595.7733, 632.2697, 668.8997, 693.0543, 718.961, 740.939, 769.6746, 805.2618, 843.4297, 884.6328, 927.3678, 964.1325, 1003.3482, 1040.2486, 1085.4975, 1117.86, 1155.5958, 1182.0508, 1237.6064, 1311.1358, 1360.1554, 1409.6604, 1472.1604, 1536.6765, 1601.6116, 1683.5788, 1755.2634, 1826.692, 1903.6151, 1984.9159, 2060.6735, 2136.4311, 2211.6191, 2272.5947, 2332.4749, 2396.5775, 2460.6801, 2522.0298, 2590.5229, 2664.0523, 2738.1264, 2809.0484, 2880.477, 2961.1222, 3035.7491]
growth_rate:-20.24
