ticker:LYRA
price:[11.279999732971191, 11.619999885559082, 11.930000305175781, 11.619999885559082, 10.699999809265137, 11.880000114440918, 13.140000343322754, 12.239999771118164, 10.699999809265137, 11.0, 10.579999923706055, 10.8100004196167, 12.899999618530273, 12.470000267028809, 9.680000305175781, 9.710000038146973, 11.4399995803833, 11.399999618530273, 10.720000267028809, 10.949999809265137, 11.510000228881836, 10.569999694824219, 10.680000305175781, 13.859999656677246, 14.40999984741211, 14.920000076293945, 13.65999984741211, 13.979999542236328, 13.729999542236328, 11.899999618530273, 11.420000076293945, 11.199999809265137, 10.470000267028809, 10.510000228881836, 10.069999694824219, 8.40999984741211, 7.590000152587891, 7.289999961853027, 7.179999828338623, 7.869999885559082, 9.1899995803833, 8.65999984741211, 8.619999885559082, 8.210000038146973, 8.09000015258789, 7.260000228881836, 6.809999942779541, 6.440000057220459, 6.96999979019165, 6.940000057220459, 6.480000019073486, 7.159999847412109]
assets:[0, 100.0005570151329, 202.66803818435667, 297.40227707099916, 373.855853335762, 515.0847289618492, 669.7142814983367, 723.8429864645004, 732.7712969378472, 853.3162000000001, 920.735073360443, 1040.751167399311, 1341.9689003162384, 1397.2360959199905, 1184.6229493469239, 1288.2946460612297, 1617.8264366584776, 1712.1693627069474, 1710.0405065960883, 1846.7295128323556, 2041.1742325897217, 1974.4748859931947, 2095.0230358642575, 2818.821782175636, 3030.6794659080506, 3237.941400557327, 3064.4952937683106, 3236.284616030502, 3278.410846696472, 2941.449045708084, 2922.8028435264587, 2966.4969094808575, 2873.145016277218, 2984.121180986786, 2959.191257320404, 2571.3801603458405, 2420.662809664536, 2424.984224310589, 2488.393362506819, 2827.528836883736, 3401.777596674347, 3305.592087755966, 3390.323534989357, 3329.0671684681893, 3380.4081817588803, 3133.5925167909622, 3039.3615404620173, 2974.227730426502, 3319.000986092663, 3404.715448071957, 3279.042657651663, 3723.1397766555783]
shares:[0, 8.6059, 16.9881, 25.594, 34.9398, 43.3573, 50.9676, 59.1375, 68.4833, 77.5742, 87.026, 96.2767, 104.0286, 112.0478, 122.3784, 132.6771, 141.4184, 150.1903, 159.5187, 168.6511, 177.3392, 186.7999, 196.1632, 203.3782, 210.3178, 217.0202, 224.3408, 231.4939, 238.7772, 247.1806, 255.9372, 264.8658, 274.4169, 283.9316, 293.8621, 305.7527, 318.9279, 332.6453, 346.5729, 359.2794, 370.1608, 381.7081, 393.309, 405.4893, 417.8502, 431.6243, 446.3086, 461.8366, 476.1838, 490.593, 506.0251, 519.9916]
growth_rate:-27.0
