ticker:LYTS
price:[6.460000038146973, 6.349999904632568, 7.340000152587891, 6.420000076293945, 6.75, 7.480000019073486, 7.400000095367432, 7.380000114440918, 6.840000152587891, 7.170000076293945, 7.360000133514404, 7.849999904632568, 8.199999809265137, 7.989999771118164, 8.010000228881836, 9.010000228881836, 8.520000457763672, 8.5600004196167, 8.460000038146973, 8.720000267028809, 10.75, 9.609999656677246, 10.039999961853027, 9.579999923706055, 9.59000015258789, 9.020000457763672, 9.84000015258789, 10.420000076293945, 8.569999694824219, 8.550000190734863, 8.9399995803833, 8.600000381469727, 8.640000343322754, 9.300000190734863, 8.220000267028809, 7.860000133514404, 8.180000305175781, 8.260000228881836, 9.300000190734863, 8.760000228881836, 8.420000076293945, 7.670000076293945, 8.239999771118164, 7.769999980926514, 7.480000019073486, 7.150000095367432, 7.320000171661377, 7.53000020980835, 7.21999979019165, 7.409999847412109, 7.869999885559082, 8.430000305175781]
assets:[0, 99.99979849815368, 215.59048448181153, 288.5680894292832, 403.40092500000003, 547.028109394884, 641.1774482631683, 739.4442774664878, 785.3387215194703, 923.2278518238068, 1047.6930750057222, 1217.444710209608, 1371.7254880931855, 1436.595566847229, 1540.1916800102235, 1832.475470550537, 1832.818238473892, 1941.422647169781, 2018.742129102707, 2180.783994781208, 2788.46615, 2592.7586873722075, 2808.7723173280715, 2780.0834058597566, 2882.985164871597, 2811.629754689789, 3167.232337113953, 3453.9184672891615, 2940.698554282379, 3033.8358976793293, 3272.22132841177, 3247.7746640613555, 3362.880805628872, 3719.767576289177, 3387.79419805336, 3339.4232367253303, 3575.3791553886413, 3710.3458468124386, 4277.508117727947, 4129.136483886337, 4068.8732588682174, 3806.443860862923, 4189.321355633545, 4050.367346057319, 3999.195474197674, 3922.7603223221777, 4116.0287765250205, 4334.111496761322, 4255.681588332749, 4467.673417000961, 4845.019047546577, 5289.77292549591]
shares:[0, 15.748, 29.372, 44.9483, 59.7631, 73.1321, 86.6456, 100.1957, 114.8156, 128.7626, 142.3496, 155.0885, 167.2836, 179.7992, 192.2836, 203.3824, 215.1195, 226.8017, 238.622, 250.0899, 259.3922, 269.798, 279.7582, 290.1966, 300.6241, 311.7106, 321.8732, 331.4701, 343.1387, 354.8346, 366.0203, 377.6482, 389.2223, 399.975, 412.1404, 424.863, 437.0879, 449.1944, 459.9471, 471.3626, 483.2391, 496.2769, 508.4128, 521.2828, 534.6518, 548.6378, 562.299, 575.5792, 589.4296, 602.9249, 615.6314, 627.4938]
growth_rate:3.72
