ticker:MAAC
price:[9.918999671936035, 10.0, 10.100000381469727, 10.170000076293945, 10.180000305175781, 10.244999885559082, 10.399999618530273, 10.319999694824219, 10.319999694824219, 10.4399995803833, 10.59000015258789, 10.199999809265137, 9.920000076293945, 9.9350004196167, 9.770000457763672, 9.789999961853027, 9.779999732971191, 9.829999923706055, 9.850000381469727, 9.869999885559082, 9.859999656677246, 9.90999984741211, 9.859999656677246, 9.859999656677246, 9.850000381469727, 9.869999885559082, 9.960000038146973, 9.899999618530273, 9.890000343322754, 9.899999618530273, 9.899999618530273, 9.899999618530273, 9.90999984741211, 9.90999984741211, 9.890000343322754, 9.930000305175781, 9.90999984741211, 9.9399995803833, 9.9399995803833]
assets:[0, 100.0, 201.00010759162902, 302.3927482685089, 402.6902720718384, 505.2618798560143, 612.9062975187302, 708.1914030578613, 808.1911681007385, 917.5882671192169, 1030.772369852066, 1092.811659564972, 1162.8124889430999, 1264.5705674106598, 1343.5685089515687, 1446.3187913643835, 1544.840933820343, 1652.7385301725387, 1756.1014080101013, 1859.6668854374886, 1957.7827978304863, 2067.7105671627046, 2157.2781988841057, 2257.2783154021263, 2354.9893112037657, 2459.7707744793893, 2582.2007258898734, 2666.645087248039, 2763.9514729481693, 2866.7458595376966, 2966.745755684471, 3066.745651831245, 3169.843272192764, 3269.84309865303, 3363.2439557520865, 3476.8466148529055, 3569.8435690338138, 3680.6506366214753, 3780.6510083999633]
shares:[0, 10.0, 19.901, 29.7338, 39.557, 49.3179, 58.9333, 68.6232, 78.3131, 87.8916, 97.3345, 107.1384, 117.219, 127.2844, 137.5198, 147.7343, 157.9592, 168.1321, 178.2844, 188.4161, 198.5581, 208.6489, 218.7909, 228.9329, 239.0852, 249.2169, 259.2571, 269.3581, 279.4693, 289.5703, 299.6713, 309.7723, 319.8631, 329.9539, 340.0651, 350.1356, 360.2264, 370.2868, 380.3472]
growth_rate:-0.51
