ticker:MAACU
price:[9.864999771118164, 9.90999984741211, 9.890000343322754, 9.880000114440918, 9.975000381469727, 9.979999542236328, 10.039999961853027, 10.0, 10.050000190734863, 10.229999542236328, 10.5, 10.720000267028809, 10.5, 10.800000190734863, 10.789999961853027, 11.020000457763672, 10.869999885559082, 11.0, 11.25, 11.430000305175781, 10.829999923706055, 10.289999961853027, 10.579999923706055, 10.300000190734863, 10.329999923706055, 10.170000076293945, 10.300000190734863, 10.300000190734863, 10.34000015258789, 10.359999656677246, 10.59000015258789, 10.600000381469727, 10.510000228881836, 10.550000190734863, 10.479999542236328, 10.630000114440918, 10.619999885559082, 10.640000343322754, 10.680000305175781, 10.670000076293945, 10.649999618530273, 10.460000038146973, 10.508999824523926, 10.475000381469727, 10.449999809265137, 10.333999633789062, 10.420000076293945, 10.420000076293945]
assets:[0, 99.9998264602661, 199.7977869358063, 299.5961834702492, 402.4773003917694, 502.67860494308474, 605.7011496986389, 703.288, 806.803965312004, 921.2544247764587, 1045.569, 1167.4766370811462, 1243.5171, 1379.0466243548392, 1477.7692617754938, 1609.2694008480073, 1687.3642132351877, 1807.5442, 1948.624875, 2079.802855529785, 2070.626673413086, 2067.382414335823, 2225.646871950531, 2266.74473197546, 2373.3464064712525, 2436.585570278931, 2567.731337549114, 2667.730949400902, 2778.0912689964293, 2883.4645164441113, 3047.4801079101567, 3150.358273374176, 3223.6094032022474, 3335.8784103097914, 3413.744570888519, 3562.60520735445, 3659.253710567951, 3766.1451615228652, 3880.303634877777, 3976.6706164344787, 4069.2168192457198, 4096.620312940121, 4215.811387605667, 4302.171694172859, 4391.903974838352, 4443.151712345886, 4580.127705535126, 4680.127404267311]
shares:[0, 10.0908, 20.202, 30.3235, 40.3486, 50.3686, 60.3288, 70.3288, 80.279, 90.0542, 99.578, 108.9064, 118.4302, 127.6895, 136.9573, 146.0317, 155.2313, 164.3222, 173.2111, 181.96, 191.1936, 200.9118, 210.3636, 220.0723, 229.7528, 239.5856, 249.2943, 259.003, 268.6742, 278.3267, 287.7696, 297.2036, 306.7183, 316.197, 325.739, 335.1463, 344.5625, 353.961, 363.3243, 372.6964, 382.0861, 391.6463, 401.162, 410.7085, 420.2779, 429.9547, 439.5516, 449.1485]
growth_rate:-0.42
