ticker:MACAU
price:[10.550000190734863, 10.319999694824219, 10.260000228881836, 10.109999656677246, 9.970000267028809, 9.949999809265137, 10.020000457763672, 10.100000381469727, 10.050000190734863, 10.020000457763672, 10.0, 10.0, 9.960000038146973, 9.90999984741211, 9.9350004196167, 9.949999809265137, 9.970000267028809, 10.029999732971191, 10.0, 9.9399995803833, 10.09000015258789, 10.010000228881836, 9.930000305175781, 9.989999771118164, 9.989999771118164, 10.0, 9.923999786376953, 9.890000343322754, 9.930000305175781]
assets:[0, 99.9997650428772, 199.4184944486618, 296.5030369311333, 392.3972765096664, 491.6105855761528, 595.0687891857148, 699.819936431694, 796.354980113697, 893.9774268413544, 992.193, 1092.193, 1187.824624549389, 1281.8614532627107, 1385.0950380011557, 1487.186671491623, 1590.1761595900537, 1699.7459407476424, 1794.6619999999998, 1883.8943244714737, 2012.3233964317321, 2096.368321934128, 2179.614213985443, 2292.7838684698104, 2392.7837661787034, 2495.179, 2576.2157625446316, 2667.3894655961035, 2778.1777513809207]
shares:[0, 9.6899, 19.4365, 29.3277, 39.3578, 49.4081, 59.3881, 69.2891, 79.2393, 89.2193, 99.2193, 109.2193, 119.2595, 129.3503, 139.4157, 149.466, 159.4961, 169.4662, 179.4662, 189.5266, 199.4374, 209.4274, 219.4979, 229.5079, 239.5179, 249.5179, 259.5945, 269.7057, 279.7762]
growth_rate:-0.78
