ticker:MACA
price:[9.970000267028809, 9.84000015258789, 9.800000190734863, 9.739999771118164, 9.720000267028809, 9.699999809265137, 9.640000343322754, 9.649999618530273, 9.680000305175781, 9.65999984741211, 9.680000305175781, 9.670000076293945, 9.649999618530273, 9.670000076293945, 9.6899995803833, 9.649999618530273, 9.789999961853027, 9.720000267028809, 9.680000305175781, 9.619999885559082, 9.630000114440918, 9.649999618530273]
assets:[0, 99.99998555068969, 199.59366388463977, 298.37125698852543, 397.75893492727283, 496.94069022846224, 593.8664371501923, 694.4824875467301, 796.6417611152649, 894.9960878627777, 996.8493354270935, 1095.819880645752, 1193.553447818184, 1296.0275622253419, 1398.7078344302176, 1492.9340709835053, 1614.5932267086982, 1703.0490227863313, 1796.040808622742, 1884.9081455768585, 1986.867401611519, 2090.993762341881]
shares:[0, 10.1626, 20.3667, 30.6336, 40.9217, 51.231, 61.6044, 71.9671, 82.2977, 92.6497, 102.9803, 113.3216, 123.6843, 134.0256, 144.3455, 154.7082, 164.9227, 175.2108, 185.5414, 195.9364, 206.3206, 216.6833]
growth_rate:-0.43
