ticker:MACK
price:[3.9200000762939453, 3.7200000286102295, 3.869999885559082, 3.819999933242798, 3.950000047683716, 3.9700000286102295, 3.880000114440918, 3.8499999046325684, 3.859999895095825, 3.8499999046325684, 3.759999990463257, 3.7200000286102295, 3.8299999237060547, 7.070000171661377, 7.239999771118164, 7.099999904632568, 7.139999866485596, 6.889999866485596, 7.5, 7.800000190734863, 7.559999942779541, 6.71999979019165, 7.440000057220459, 7.360000133514404, 8.180000305175781, 6.480000019073486, 6.570000171661377, 7.099999904632568, 6.670000076293945, 6.5, 6.480000019073486, 6.150000095367432, 7.019999980926514, 7.690000057220459, 7.050000190734863, 6.619999885559082, 6.409999847412109, 6.369999885559082, 6.400000095367432, 6.349999904632568, 6.429999828338623, 6.519999980926514, 6.400000095367432, 6.300000190734863, 6.349999904632568, 6.150000095367432, 6.190000057220459, 5.599999904632568, 5.360000133514404, 4.840000152587891, 4.5, 4.650000095367432]
assets:[0, 99.9999247690916, 204.03219896650313, 301.39608473289013, 411.6532049694061, 513.7374567023039, 602.0910457587242, 697.4355677239895, 799.2469462786675, 897.1762577762604, 976.2031575239896, 1065.8179521971226, 1197.3341931489942, 2310.2229500927924, 2465.773058048248, 2518.092356176901, 2632.278760777712, 2640.1122158399103, 2973.852, 3192.8060580742836, 3194.565671820831, 2939.6141802208904, 3354.573265799761, 3418.5029420135024, 3899.368517475891, 3188.9862093865872, 3333.2777610920907, 3702.1721202723024, 3577.956124925995, 3586.7637, 3675.7275228192807, 3588.5379706470967, 4196.184630598879, 4696.675224947452, 4405.794689196968, 4237.072008753109, 4202.663196957016, 4276.4376341711995, 4396.577985514116, 4462.229387984037, 4618.446398701572, 4783.090242007637, 4795.057991451931, 4820.135185931397, 4958.389805532455, 4902.220426018238, 5034.104825535345, 4654.278640738106, 4554.80965745759, 4212.925376818466, 4016.97585, 4250.87524218173]
shares:[0, 26.8817, 52.7215, 78.8995, 104.216, 129.4049, 155.1781, 181.1521, 207.0588, 233.0328, 259.6285, 286.5102, 312.6199, 326.7642, 340.5764, 354.6609, 368.6665, 383.1803, 396.5136, 409.3341, 422.5616, 437.4426, 450.8835, 464.4705, 476.6954, 492.1275, 507.3482, 521.4327, 536.4252, 551.8098, 567.2419, 583.5021, 597.7471, 610.751, 624.9354, 640.0411, 655.6417, 671.3403, 686.9653, 702.7133, 718.2654, 733.6028, 749.2278, 765.1008, 780.8488, 797.109, 813.2641, 831.1212, 849.7779, 870.4391, 892.6613, 914.1667]
growth_rate:-16.65
