ticker:MACQU
price:[10.0, 10.0600004196167, 10.0, 9.949999809265137, 9.899999618530273, 9.970000267028809, 9.970000267028809, 10.0, 9.979999542236328, 9.960000038146973, 9.989999771118164, 9.970000267028809, 9.949999809265137, 9.949999809265137, 9.920000076293945, 9.970000267028809, 9.970000267028809, 9.979999542236328, 9.989999771118164, 10.005000114440918, 10.100000381469727, 10.15999984741211, 10.1899995803833, 10.130000114440918, 10.114999771118164, 10.09000015258789, 10.0600004196167, 10.079999923706055]
assets:[0, 100.00042817115784, 199.404, 298.40745927972796, 396.90781470623017, 499.71435938396456, 599.7144590622902, 701.519, 800.1155253002166, 898.5125194413185, 1001.2187560609817, 1099.2144634405136, 1197.0098520541192, 1297.0103351371765, 1393.0993387142182, 1500.1211351780892, 1600.1212348564147, 1701.7256499450684, 1803.430722681427, 1906.1386148031233, 2024.23803645401, 2136.26290391655, 2242.5702716526034, 2329.36617531538, 2425.9168091064453, 2519.9210341079715, 2612.4291969680785, 2717.62241143074]
shares:[0, 9.9404, 19.9404, 29.9907, 40.0917, 50.1218, 60.1519, 70.1519, 80.1719, 90.2121, 100.2221, 110.2522, 120.3025, 130.3528, 140.4334, 150.4635, 160.4936, 170.5136, 180.5236, 190.5186, 200.4196, 210.2621, 220.0756, 229.9473, 239.8336, 249.7444, 259.6848, 269.6054]
growth_rate:0.65
