ticker:MACU
price:[9.800000190734863, 9.880000114440918, 10.010000228881836, 9.979999542236328, 10.140000343322754, 10.229999542236328, 10.25, 10.0600004196167, 10.260000228881836, 10.449999809265137, 10.319999694824219, 10.239999771118164, 9.949999809265137, 9.9399995803833, 9.9399995803833, 9.711000442504883, 9.899999618530273, 10.111000061035156, 9.970000267028809, 9.930000305175781, 9.9399995803833, 9.899999618530273, 9.880000114440918, 9.899999618530273, 9.930000305175781, 9.920000076293945, 9.970000267028809, 9.970000267028809, 9.970000267028809, 9.890000343322754, 9.890000343322754, 9.850000381469727, 9.9399995803833, 9.920000076293945, 9.899999618530273, 9.850000381469727, 9.890000343322754, 9.920000076293945, 9.920000076293945]
assets:[0, 100.00042115831374, 201.31611960315703, 300.7123562068939, 405.53308973064424, 509.1327552177429, 610.128175, 698.818935148716, 812.7120601301193, 927.762478066349, 1016.2206899490357, 1108.3427592266082, 1176.9546324385644, 1275.7721081433294, 1375.7724799218179, 1444.0772341028212, 1572.182309420204, 1705.690321796417, 1781.904249725151, 1874.7552606163024, 1976.643466556072, 2068.689070288658, 2164.5104250717163, 2268.8918125743867, 2375.7674680137634, 2473.3744510225297, 2585.841203257179, 2685.8413029355047, 2785.8414026138303, 2863.487403403473, 2963.487174874878, 3051.501553178215, 3179.3834157824517, 3272.9859771722795, 3366.386960285378, 3449.3854235874173, 3563.3928377000807, 3674.2013722579954, 3774.2009250270844]
shares:[0, 10.1215, 20.1115, 30.1315, 39.9934, 49.7686, 59.5247, 69.4651, 79.2117, 88.7811, 98.471, 108.2366, 118.2869, 128.3473, 138.4077, 148.7053, 158.8063, 168.6965, 178.7266, 188.7971, 198.8575, 208.9585, 219.08, 229.181, 239.2515, 249.3321, 259.3622, 269.3923, 279.4224, 289.5336, 299.6448, 309.7971, 319.8575, 329.9381, 340.0391, 350.1914, 360.3026, 370.3832, 380.4638]
growth_rate:-0.68
