ticker:MACUU
price:[9.949999809265137, 10.0, 9.946999549865723, 9.920999526977539, 10.0, 10.204999923706055, 10.199999809265137, 10.460000038146973, 10.779999732971191, 10.569999694824219, 10.75, 10.84000015258789, 10.850000381469727, 10.800000190734863, 10.819999694824219, 11.449999809265137, 11.036999702453613, 10.600000381469727, 10.300000190734863, 10.489999771118164, 10.470000267028809, 10.199999809265137, 10.069999694824219, 10.130999565124512, 10.130999565124512, 10.192000389099121, 10.192000389099121, 10.295000076293945, 10.180000305175781, 10.279999732971191, 10.199999809265137, 10.218000411987305, 10.300000190734863, 10.291000366210938, 10.291000366210938, 10.350000381469727, 10.350000381469727, 10.350000381469727, 10.39799976348877, 10.34000015258789, 10.34000015258789, 10.15999984741211, 10.220999717712402, 10.220999717712402]
assets:[0, 100.0, 199.4701660733223, 298.9484866464615, 401.329, 509.5560561904907, 609.3061686062813, 724.8372086434364, 847.011529018879, 930.5108971343993, 1046.356625, 1155.1169202598571, 1256.1826641654968, 1350.3942238488198, 1452.8944110214234, 1637.4896627225876, 1678.4252409513472, 1711.9700216098784, 1763.5176226567269, 1896.04857663002, 1992.4337218153953, 2041.0526018333433, 2115.0392949028014, 2227.851380768967, 2327.851438176441, 2441.8677396229746, 2541.8675706406593, 2667.5560007686618, 2737.758382072449, 2864.651453589058, 2942.3582449793817, 3047.551320476532, 3172.007628739071, 3269.235734437561, 3369.2354431961057, 3488.5514635774616, 3588.5510972631455, 3688.55073094883, 3805.65647563715, 3884.428891322708, 3984.429100798416, 4015.0673476997376, 4139.173725282669, 4239.173942320824]
shares:[0, 10.0, 20.0533, 30.1329, 40.1329, 49.932, 59.7359, 69.2961, 78.5725, 88.0332, 97.3355, 106.5606, 115.7772, 125.0365, 134.2786, 143.0122, 152.0726, 161.5066, 171.2153, 180.7482, 190.2993, 200.1032, 210.0337, 219.9044, 229.7751, 239.5867, 249.3983, 259.1118, 268.935, 278.6626, 288.4665, 298.2532, 307.9619, 317.6791, 327.3963, 337.0581, 346.7199, 356.3817, 365.9989, 375.6701, 385.3413, 395.1838, 404.9676, 414.7514]
growth_rate:-1.41
