ticker:MAGS
price:[3.549999952316284, 3.4000000953674316, 3.759999990463257, 3.700000047683716, 3.7799999713897705, 3.880000114440918, 3.809999942779541, 3.799999952316284, 3.7799999713897705, 3.819999933242798, 3.7200000286102295, 3.7300000190734863, 4.199999809265137, 4.050000190734863, 4.820000171661377, 4.800000190734863, 5.090000152587891, 3.880000114440918, 4.150000095367432, 4.25, 4.369999885559082, 4.300000190734863, 5.25, 4.929999828338623, 5.019999980926514, 4.760000228881836, 4.480000019073486, 4.690000057220459, 4.619999885559082, 4.400000095367432, 4.46999979019165, 4.010000228881836, 4.110000133514404, 4.269999980926514, 4.650000095367432, 5.079999923706055, 4.78000020980835, 4.980000019073486, 4.369999885559082, 4.349999904632568, 4.659999847412109, 4.510000228881836, 4.889999866485596, 4.71999979019165, 4.460000038146973, 4.570000171661377, 4.610000133514404, 4.539999961853027, 4.489999771118164, 4.590000152587891, 5.460000038146973, 5.820000171661377]
assets:[0, 100.00012280492783, 210.58819946587087, 307.2276539593935, 413.8703068674803, 524.8192914795875, 615.350804758358, 713.7357510437965, 809.9791498693943, 918.5503079476833, 994.5044356486559, 1097.1780136104585, 1335.4281593541145, 1387.7345903553964, 1751.575530381298, 1844.3074332861902, 2055.7345006267547, 1667.0432131695748, 1883.0488482726573, 2028.423425, 2185.6965207612993, 2250.6854598335267, 2847.9297, 2774.3416273981093, 2924.988830886507, 2873.495518170357, 2804.4661239399434, 3035.9256780398846, 3090.613141443157, 3043.441345964813, 3191.8596721837043, 2963.3913721437457, 3137.2913339157103, 3359.424192993927, 3758.38954708128, 4205.93920083313, 4057.5571920981884, 4327.329184573746, 3897.2747109387396, 3979.4382027565957, 4363.030173136139, 4322.589424370766, 4786.798375303364, 4720.385886174488, 4560.364757005405, 4772.840086280584, 4914.615573336649, 4939.989848492145, 4985.584393855285, 5196.622375754167, 6281.602825887203, 6795.774416441917]
shares:[0, 29.4118, 56.0075, 83.0345, 109.4895, 135.2627, 161.5094, 187.8252, 214.2802, 240.4582, 267.3399, 294.1496, 317.9591, 342.6505, 363.3974, 384.2307, 403.8771, 429.6503, 453.7467, 477.2761, 500.1594, 523.4152, 542.4628, 562.7468, 582.6671, 603.6755, 625.9969, 647.3189, 668.9639, 691.6912, 714.0626, 739.0003, 763.3312, 786.7504, 808.2558, 827.9408, 848.8613, 868.9416, 891.8249, 914.8134, 936.2726, 958.4455, 978.8954, 1000.0818, 1022.5033, 1044.3851, 1066.0771, 1088.1035, 1110.3752, 1132.1617, 1150.4767, 1167.6588]
growth_rate:33.25
