ticker:MANH
price:[92.95999908447266, 93.30000305175781, 95.27999877929688, 94.27999877929688, 95.7300033569336, 102.0, 101.94999694824219, 97.51000213623047, 85.5, 94.29000091552734, 93.20999908447266, 95.91999816894531, 99.58999633789062, 104.2300033569336, 99.91000366210938, 104.63999938964844, 106.56999969482422, 105.18000030517578, 111.20999908447266, 114.26000213623047, 118.20999908447266, 113.2300033569336, 130.4600067138672, 139.5500030517578, 132.2100067138672, 122.94999694824219, 118.0199966430664, 122.66999816894531, 119.19000244140625, 118.87999725341797, 120.9000015258789, 121.58999633789062, 123.7300033569336, 124.23999786376953, 137.24000549316406, 132.86000061035156, 133.72999572753906, 132.3699951171875, 135.97999572753906, 137.5500030517578, 144.4499969482422, 139.77999877929688, 145.61000061035156, 147.6300048828125, 147.67999267578125, 139.8000030517578, 149.16000366210938, 159.6300048828125, 166.42999267578125, 157.24000549316406, 158.4499969482422, 165.64999389648438]
assets:[0, 99.99894327087404, 202.11746141052248, 299.99895611572265, 404.61243218841554, 531.114, 630.8563861160278, 703.3786494094849, 716.7465, 890.437052645874, 980.2336343719484, 1108.7296668350218, 1251.14912399292, 1409.4397973937987, 1451.0229561859132, 1619.7225505523681, 1749.6023129898072, 1826.7872813003542, 2031.5175372756955, 2187.2335168930053, 2362.85238769989, 2363.3139840652466, 2822.9327632766726, 3119.626363221741, 3055.5451281661985, 2941.529496987915, 2923.5795548423766, 3138.7695101486206, 3149.726923516846, 3241.536549108124, 3396.6130028686525, 3515.9936061035155, 3677.8743497848513, 3793.0347107810976, 4289.9304357086185, 4253.021337538146, 4380.874303038025, 4436.327438354492, 4657.314853668213, 4811.086456741333, 5152.430276145935, 5085.853321585083, 5397.981137626648, 5572.870291320801, 5674.751398559571, 5471.953859449768, 5938.3133177948, 6455.13410045166, 6830.120469421387, 6552.977228927612, 6703.401415892029, 7108.008108099365]
shares:[0, 1.0718, 2.1213, 3.182, 4.2266, 5.207, 6.1879, 7.2134, 8.383, 9.4436, 10.5164, 11.5589, 12.563, 13.5224, 14.5233, 15.479, 16.4174, 17.3682, 18.2674, 19.1426, 19.9886, 20.8718, 21.6383, 22.3549, 23.1113, 23.9246, 24.7719, 25.5871, 26.4261, 27.2673, 28.0944, 28.9168, 29.725, 30.5299, 31.2586, 32.0113, 32.7591, 33.5146, 34.25, 34.977, 35.6693, 36.3847, 37.0715, 37.7489, 38.426, 39.1413, 39.8117, 40.4381, 41.039, 41.675, 42.3061, 42.9098]
growth_rate:39.37
