ticker:MANT
price:[74.2300033569336, 73.81999969482422, 70.29000091552734, 69.56999969482422, 70.08000183105469, 71.08999633789062, 72.30000305175781, 69.5999984741211, 64.87999725341797, 72.30000305175781, 77.80000305175781, 76.5, 78.45999908447266, 78.91999816894531, 81.37000274658203, 83.76000213623047, 83.30999755859375, 88.94000244140625, 93.9800033569336, 97.37000274658203, 101.19999694824219, 89.69000244140625, 88.7699966430664, 85.05999755859375, 82.45999908447266, 78.16000366210938, 79.2300033569336, 82.0199966430664, 85.0199966430664, 86.91999816894531, 86.70999908447266, 86.72000122070312, 87.30000305175781, 84.69999694824219, 85.3499984741211, 83.61000061035156, 86.0199966430664, 86.01000213623047, 87.01000213623047, 87.3499984741211, 89.44999694824219, 87.80000305175781, 89.77999877929688, 86.94999694824219, 87.08000183105469, 87.41999816894531, 87.41000366210938, 87.45999908447266, 84.56999969482422, 81.83000183105469, 79.7300033569336, 79.18000030517578]
assets:[0, 99.9965715866089, 195.21641954269407, 293.2166777137756, 395.36333833007814, 501.0636211883545, 609.5902457305908, 686.8267049423217, 740.2483286628723, 924.905019039917, 1095.2606629623413, 1176.9601499999999, 1307.1122007476808, 1414.775131175232, 1558.6993616127013, 1704.4825394714355, 1795.3221163879396, 2016.6522973571775, 2230.934911688232, 2411.407066020203, 2606.254121406555, 2409.835830596924, 2485.116056022644, 2481.251164782715, 2505.406890183258, 2474.7567479522704, 2608.632014526367, 2800.490765380859, 3002.923285432434, 3170.033177220154, 3262.3770055541995, 3362.7501593353268, 3485.2431018341067, 3481.4409145629884, 3608.1541154937745, 3634.5936145324704, 3839.356316168976, 3938.9140578308106, 4084.7106532859807, 4200.670161620331, 4401.655449829102, 4420.4667536468505, 4620.15056118164, 4574.517594444275, 4681.359942436218, 4799.637643469238, 4899.085957250976, 5001.889823640442, 4936.613049185944, 4876.667142121887, 4851.514893267059, 4918.04401495514]
shares:[0, 1.3546, 2.7773, 4.2147, 5.6416, 7.0483, 8.4314, 9.8682, 11.4095, 12.7926, 14.0779, 15.3851, 16.6596, 17.9267, 19.1557, 20.3496, 21.5499, 22.6743, 23.7384, 24.7654, 25.7535, 26.8685, 27.995, 29.1706, 30.3833, 31.6627, 32.9248, 34.144, 35.3202, 36.4707, 37.624, 38.7771, 39.9226, 41.1032, 42.2748, 43.4708, 44.6333, 45.796, 46.9453, 48.0901, 49.208, 50.347, 51.4608, 52.6109, 53.7593, 54.9032, 56.0472, 57.1906, 58.3731, 59.5951, 60.8493, 62.1122]
growth_rate:-3.57
