ticker:MAPS
price:[10.100000381469727, 10.069999694824219, 10.15999984741211, 10.149999618530273, 10.170000076293945, 10.119999885559082, 10.149999618530273, 10.100000381469727, 10.069999694824219, 10.109999656677246, 10.130000114440918, 10.1899995803833, 10.270000457763672, 10.710000038146973, 13.020000457763672, 12.5, 12.755000114440918, 12.770000457763672, 16.709999084472656, 18.110000610351562, 23.600000381469727, 19.040000915527344, 23.579999923706055, 26.600000381469727, 27.75, 23.760000228881836, 18.25, 20.290000915527344, 19.639999389648438, 19.149999618530273, 20.209999084472656, 19.020000457763672, 18.3700008392334, 16.700000762939453, 17.5, 15.920000076293945, 14.760000228881836, 15.260000228881836, 16.299999237060547, 17.200000762939453, 19.25, 19.969999313354492, 17.809999465942383, 17.270000457763672, 16.5, 13.109999656677246, 14.1899995803833, 13.649999618530273, 14.229999542236328, 13.390000343322754, 13.260000228881836, 13.399999618530273]
assets:[0, 100.00013196945191, 200.89367698287964, 300.69576869888306, 401.28786301040645, 499.31472235355375, 600.7947174201965, 697.8352863567353, 795.7625928840637, 898.9235424736976, 1000.7021913051606, 1106.6288594298364, 1215.3169361701966, 1367.385331870365, 1762.3117459602354, 1791.9274999999998, 1928.4833138028146, 2030.7518767959596, 2757.310264929199, 3088.3237580841064, 4124.541386668968, 3427.596196813965, 4344.890871941948, 5001.361331724357, 5317.585424999999, 4653.004004822731, 3673.9622499999996, 4184.6402238197325, 4150.5819550125125, 4147.028167390824, 4476.575427207947, 4312.9867158027655, 4265.593185873604, 3977.811591726303, 4268.3655, 3982.9929790878296, 3792.775414814186, 4021.257272314072, 4395.314354272461, 4738.001650163269, 5402.705000000001, 5704.779778847695, 5187.737607438469, 5130.44566498909, 5001.69945, 4074.0779143086434, 4509.69964364233, 4438.083070971107, 4726.660838948441, 4547.645816602707, 4603.49416946125, 4752.098144717789]
shares:[0, 9.9305, 19.773, 29.6252, 39.458, 49.3394, 59.1916, 69.0926, 79.0231, 88.9143, 98.786, 108.5995, 118.3366, 127.6737, 135.3542, 143.3542, 151.1943, 159.0252, 165.0096, 170.5314, 174.7687, 180.0208, 184.2617, 188.0211, 191.6247, 195.8335, 201.313, 206.2415, 211.3331, 216.555, 221.503, 226.7606, 232.2043, 238.1923, 243.9066, 250.188, 256.9631, 263.5162, 269.6512, 275.4652, 280.66, 285.6675, 291.2823, 297.0727, 303.1333, 310.7611, 317.8083, 325.1343, 332.1617, 339.63, 347.1715, 354.6342]
growth_rate:-6.82
