ticker:MAR
price:[104.81999969482422, 99.26000213623047, 99.87999725341797, 92.98999786376953, 95.25, 99.33999633789062, 97.76000213623047, 101.76000213623047, 92.87999725341797, 103.88999938964844, 120.0, 119.27999877929688, 128.35000610351562, 135.61000061035156, 128.50999450683594, 128.82000732421875, 128.75, 131.9199981689453, 129.69000244140625, 126.80000305175781, 122.9000015258789, 116.30999755859375, 129.47999572753906, 129.47999572753906, 136.27999877929688, 148.07000732421875, 146.9199981689453, 150.1999969482422, 152.27999877929688, 146.82000732421875, 148.27000427246094, 148.47999572753906, 148.6300048828125, 148.36000061035156, 148.52000427246094, 146.69000244140625, 143.2899932861328, 139.00999450683594, 143.5800018310547, 142.05999755859375, 143.47999572753906, 138.8300018310547, 140.13999938964844, 141.25999450683594, 142.47999572753906, 135.0500030517578, 139.17999267578125, 145.97999572753906, 141.58999633789062, 134.3800048828125, 131.14999389648438, 136.02000427246094]
assets:[0, 100.0044521522522, 200.6289504829407, 286.7904524116516, 393.7635, 510.66718517456053, 602.5437731666565, 727.1973272659302, 763.7429294151306, 954.2815893936156, 1202.256, 1295.0468027465822, 1493.5191760223388, 1677.997464552307, 1690.1377457550047, 1794.2179440124512, 1893.2430000000002, 2039.8525476867676, 2105.3745306335445, 2158.4530519485475, 2192.0690072158814, 2174.531714355469, 2520.755400822449, 2620.752801522827, 2858.3912063964844, 3205.686044567871, 3280.7823271118164, 3454.029169821167, 3601.8635831268307, 3572.718058227539, 3707.995574847412, 3813.2484022750855, 3917.0991896850587, 4009.9779484970095, 4114.301158355714, 4163.605022296143, 4167.10226875, 4142.636846298217, 4378.83110584259, 4432.470807824707, 4576.782295715332, 4528.454180726623, 4671.188501655578, 4808.518465011596, 4950.054259565735, 4791.9252382843015, 5038.468832855224, 5384.632720405579, 5322.707778332519, 5151.672495190429, 5127.846726358032, 5418.261656190491]
shares:[0, 1.0075, 2.0087, 3.0841, 4.134, 5.1406, 6.1635, 7.1462, 8.2229, 9.1855, 10.0188, 10.8572, 11.6363, 12.3737, 13.1518, 13.9281, 14.7048, 15.4628, 16.2339, 17.0225, 17.8362, 18.696, 19.4683, 20.2406, 20.9744, 21.6498, 22.3304, 22.9962, 23.6529, 24.334, 25.0084, 25.6819, 26.3547, 27.0287, 27.702, 28.3837, 29.0816, 29.801, 30.4975, 31.2014, 31.8984, 32.6187, 33.3323, 34.0402, 34.7421, 35.4826, 36.2011, 36.8861, 37.5924, 38.3366, 39.0991, 39.8343]
growth_rate:6.24
