ticker:MARA
price:[2.0899999141693115, 1.7999999523162842, 1.9199999570846558, 1.9299999475479126, 1.9600000381469727, 2.1600000858306885, 2.180000066757202, 2.740000009536743, 2.1600000858306885, 2.4100000858306885, 2.390000104904175, 3.390000104904175, 4.28000020980835, 5.400000095367432, 4.75, 9.3100004196167, 10.920000076293945, 10.4399995803833, 26.389999389648438, 22.389999389648438, 18.299999237060547, 20.739999771118164, 22.520000457763672, 38.459999084472656, 43.27000045776367, 30.149999618530273, 30.030000686645508, 40.70000076293945, 43.04999923706055, 36.09000015258789, 48.849998474121094, 49.0, 38.93000030517578, 32.29999923706055, 36.779998779296875, 31.329999923706055, 23.079999923706055, 20.889999389648438, 24.770000457763672, 24.350000381469727, 26.549999237060547, 28.920000076293945, 28.190000534057617, 30.290000915527344, 27.690000534057617, 23.329999923706055, 24.639999389648438, 27.6299991607666, 34.25, 32.880001068115234, 35.2599983215332, 40.20000076293945]
assets:[0, 100.00007735090256, 206.66668338063957, 307.7431236363888, 412.5266960289002, 554.6212780386686, 659.7567462034464, 929.2356572342634, 832.5361770820141, 1028.8945886434556, 1120.3560471757412, 1689.124165270257, 2232.5816454425812, 2916.80843151269, 2665.7109250000003, 5324.7932939970015, 6345.621872334481, 6166.69268814106, 15688.028630165101, 13410.154284439086, 11060.510388879777, 12635.245474560355, 13819.659512911987, 23701.424417795562, 26765.645339160157, 18749.968187767983, 18775.342014304162, 25546.43402887917, 27121.473689348604, 22836.680223553085, 31010.829021345522, 31206.0518, 24892.889412137607, 20753.48917979393, 23731.99261635132, 20315.424638528442, 15065.848462197875, 13736.290124661255, 16387.596987852095, 16209.729508943368, 17774.263379239655, 19460.892723339843, 19069.661471273423, 20590.24603834839, 18922.842406965257, 16043.296720535087, 17044.14053780365, 19212.403870442584, 23915.593375, 23058.971621076584, 24828.080998119356, 28406.55065911636]
shares:[0, 55.5556, 107.6389, 159.4524, 210.4728, 256.7691, 302.6407, 339.1371, 385.4334, 426.9272, 468.7682, 498.2667, 521.6312, 540.1497, 561.2023, 571.9434, 581.1009, 590.6794, 594.4687, 598.935, 604.3995, 609.2211, 613.6616, 616.2617, 618.5728, 621.8895, 625.2195, 627.6765, 629.9994, 632.7703, 634.8174, 636.8582, 639.4269, 642.5229, 645.2418, 648.4336, 652.7664, 657.5534, 661.5905, 665.6973, 669.4638, 672.9216, 676.469, 679.7704, 683.3818, 687.6681, 691.7265, 695.3458, 698.2655, 701.3069, 704.143, 706.6306]
growth_rate:456.99
