ticker:MARK
price:[1.0700000524520874, 1.0099999904632568, 1.2200000286102295, 1.149999976158142, 1.159999966621399, 1.2400000095367432, 1.2599999904632568, 1.590000033378601, 1.059999942779541, 1.149999976158142, 1.149999976158142, 1.149999976158142, 1.399999976158142, 1.5099999904632568, 1.6399999856948853, 1.7000000476837158, 1.9900000095367432, 1.899999976158142, 1.9500000476837158, 2.109999895095825, 2.549999952316284, 3.0999999046325684, 4.28000020980835, 4.260000228881836, 3.8499999046325684, 3.009999990463257, 2.309999942779541, 2.759999990463257, 2.559999942779541, 2.2200000286102295, 2.390000104904175, 2.180000066757202, 1.8300000429153442, 2.0299999713897705, 2.3299999237060547, 1.840000033378601, 1.690000057220459, 1.6399999856948853, 1.6699999570846558, 1.7000000476837158, 1.909999966621399, 1.9199999570846558, 1.9500000476837158, 1.809999942779541, 1.6100000143051147, 1.2999999523162842, 1.340000033378601, 1.2999999523162842, 1.2599999904632568, 1.2200000286102295, 1.100000023841858, 1.2999999523162842]
assets:[0, 99.99999805576802, 220.79206717779638, 308.1236336119652, 410.8029681792855, 539.1342721464396, 647.8300030966759, 917.4998202609181, 711.666471583128, 872.0909819197655, 972.090954846561, 1072.0909277733565, 1405.154216070366, 1615.5592577965735, 1854.6471198225975, 2022.500086729598, 2467.5148398251536, 2455.9186891822815, 2620.5483190807577, 2935.5675270505667, 3647.723931789398, 4534.487970502424, 6360.519439796733, 6430.79751351471, 5911.870433558464, 4722.0079190390115, 3723.8663617569923, 4549.295012280631, 4319.635871448612, 3845.934265564442, 4240.442868125581, 3967.8516935058115, 3430.811246455979, 3905.763183953309, 4582.969583934403, 3719.1692514677525, 3515.97616704483, 3511.9530413665293, 3676.195955529809, 3842.235557771802, 4416.8644178121685, 4539.98927452333, 4710.9269201971765, 4472.706243602037, 4078.484719238007, 3393.1862955386637, 3597.592291613877, 3590.201288312197, 3579.733682905555, 3566.0914376284363, 3315.328351857805, 4018.11512261641]
shares:[0, 99.0099, 180.9771, 267.9336, 354.1405, 434.7857, 514.1508, 577.0439, 671.3835, 758.34, 845.2965, 932.253, 1003.6816, 1069.9068, 1130.8824, 1189.7059, 1239.9572, 1292.5888, 1343.8709, 1391.2643, 1430.48, 1462.7381, 1486.1026, 1509.5768, 1535.5508, 1568.7734, 1612.0634, 1648.2953, 1687.3578, 1732.4028, 1774.2438, 1820.1154, 1874.7602, 1924.0213, 1966.9398, 2021.2876, 2080.4592, 2141.4348, 2201.315, 2260.1385, 2312.4945, 2364.5778, 2415.8599, 2471.1085, 2533.2203, 2610.1434, 2684.7703, 2761.6934, 2841.0585, 2923.0257, 3013.9348, 3090.8579]
growth_rate:-21.21
