ticker:MARPS
price:[1.8700000047683716, 1.6399999856948853, 1.690000057220459, 1.6200000047683716, 1.7000000476837158, 3.75, 2.25, 2.8499999046325684, 3.3299999237060547, 3.5999999046325684, 3.2100000381469727, 3.180000066757202, 3.4700000286102295, 3.4000000953674316, 3.4800000190734863, 2.990000009536743, 3.0199999809265137, 3.3299999237060547, 3.700000047683716, 3.819999933242798, 3.990000009536743, 5.300000190734863, 5.579999923706055, 6.139999866485596, 5.579999923706055, 5.309999942779541, 4.460000038146973, 5.130000114440918, 4.909999847412109, 5.110000133514404, 5.25, 4.869999885559082, 4.349999904632568, 4.21999979019165, 3.9000000953674316, 4.269999980926514, 4.179999828338623, 4.400000095367432, 4.539999961853027, 4.510000228881836, 4.690000057220459, 4.590000152587891, 4.880000114440918, 4.730000019073486, 4.679999828338623, 4.559999942779541, 4.300000190734863, 4.420000076293945, 3.930000066757202, 4.150000095367432, 4.150000095367432, 4.46999979019165]
assets:[0, 99.99998312773704, 203.04877487487792, 294.6384728672504, 409.18848147742744, 1002.6217499999999, 701.57295, 988.6589819172382, 1255.1698782426836, 1456.9404814042568, 1399.1051596266745, 1486.029295195961, 1721.5475181941986, 1786.819050118923, 1928.8616985718725, 1757.269051604891, 1874.9005481586455, 2167.357090343475, 2508.1745323240757, 2689.520612998724, 2909.211549953485, 3964.366222668457, 4273.803967565346, 4802.7158775648595, 4464.682930955505, 4348.6499411390305, 3752.538330095959, 4416.260633518696, 4326.869116534042, 4603.116736270523, 4829.2293, 4579.685069381238, 4190.683768125343, 4165.44489890399, 3949.5819665798663, 4424.285755237341, 4431.033480029345, 4764.246183262253, 5015.835541854859, 5082.691332945824, 5385.54817070651, 5370.717868541717, 5810.044200251388, 5731.456435111809, 5770.869880325746, 5722.898880187082, 5496.593493812084, 5749.986497250939, 5212.544584543228, 5604.341068788338, 5704.341131086349, 6244.193664916324]
shares:[0, 60.9756, 120.1472, 181.8756, 240.6991, 267.3658, 311.8102, 346.8979, 376.9279, 404.7057, 435.8583, 467.3048, 496.1232, 525.535, 554.2706, 587.7154, 620.828, 650.858, 677.885, 704.063, 729.1257, 747.9936, 765.9147, 782.2013, 800.1224, 818.9548, 841.3763, 860.8695, 881.2361, 900.8056, 919.8532, 940.3871, 963.3756, 987.0723, 1012.7133, 1036.1325, 1060.0559, 1082.7832, 1104.8096, 1126.9825, 1148.3045, 1170.091, 1190.5828, 1211.7244, 1233.0919, 1255.0217, 1278.2775, 1300.9019, 1326.3472, 1350.4436, 1374.54, 1396.9114]
growth_rate:22.44
