ticker:MASI
price:[213.72000122070312, 214.05999755859375, 223.2899932861328, 225.89999389648438, 234.25, 242.42999267578125, 237.3000030517578, 244.77000427246094, 223.82000732421875, 254.94000244140625, 245.5399932861328, 247.9600067138672, 254.41000366210938, 265.239990234375, 265.0, 265.6600036621094, 265.94000244140625, 268.3800048828125, 283.75, 261.3699951171875, 263.67999267578125, 255.9199981689453, 260.2900085449219, 275.7200012207031, 259.3500061035156, 250.72999572753906, 230.2100067138672, 230.39999389648438, 220.30999755859375, 229.4600067138672, 233.6699981689453, 234.1699981689453, 245.74000549316406, 246.27999877929688, 232.6699981689453, 224.16000366210938, 219.9199981689453, 217.9199981689453, 215.60000610351562, 211.22000122070312, 222.0, 240.0500030517578, 244.13999938964844, 252.02999877929688, 260.3299865722656, 261.45001220703125, 274.5400085449219, 272.3900146484375, 276.05999755859375, 264.2200012207031, 282.0, 277.2799987792969]
assets:[0, 100.008830859375, 204.31034385681153, 306.7044217132568, 418.04255, 532.642936907959, 621.3700579910278, 740.9188029327393, 777.5059414428712, 985.5980494384766, 1049.2660533096314, 1159.6097673980712, 1289.782395565796, 1444.6826548095703, 1543.3864999999998, 1647.2248527069091, 1748.9544260559082, 1864.9994919311523, 2071.800625, 2008.3931794799805, 2126.130884942627, 2163.547664520264, 2300.4951535217288, 2536.8721592315674, 2486.2588335113523, 2503.6142263381957, 2398.719206956482, 2500.6924137542724, 2491.177328393555, 2694.6406428436276, 2844.091015713501, 2950.1673049316405, 3195.9224934402464, 3302.9349476287844, 3220.408711656189, 3202.618804321289, 3242.038621006775, 3312.5583081665036, 3377.287855609131, 3408.668379699707, 3682.647, 4082.0743068954466, 4251.62484737091, 4489.032323257446, 4736.860303674316, 4857.244471783447, 5200.419203860473, 5259.687748852539, 5430.541847973634, 5297.63744647522, 5754.1254, 5757.802358651734]
shares:[0, 0.4672, 0.915, 1.3577, 1.7846, 2.1971, 2.6185, 3.027, 3.4738, 3.866, 4.2733, 4.6766, 5.0697, 5.4467, 5.8241, 6.2005, 6.5765, 6.9491, 7.3015, 7.6841, 8.0633, 8.454, 8.8382, 9.2009, 9.5865, 9.9853, 10.4197, 10.8537, 11.3076, 11.7434, 12.1714, 12.5984, 13.0053, 13.4113, 13.8411, 14.2872, 14.7419, 15.2008, 15.6646, 16.138, 16.5885, 17.0051, 17.4147, 17.8115, 18.1956, 18.5781, 18.9423, 19.3094, 19.6716, 20.0501, 20.4047, 20.7653]
growth_rate:12.9
