ticker:MASS
price:[49.0, 67.91999816894531, 56.95000076293945, 52.90999984741211, 62.45000076293945, 65.44999694824219, 55.11000061035156, 68.0, 73.1500015258789, 68.05000305175781, 53.189998626708984, 41.459999084472656, 54.290000915527344, 51.279998779296875, 43.040000915527344, 52.11000061035156, 50.9900016784668, 52.18000030517578, 52.470001220703125, 52.9900016784668, 50.470001220703125, 36.83000183105469, 38.18000030517578, 42.130001068115234, 42.790000915527344, 40.79999923706055, 40.0, 39.58000183105469, 34.630001068115234, 35.2400016784668, 32.290000915527344, 32.58000183105469, 31.25, 33.36000061035156, 32.310001373291016, 32.75, 35.20000076293945, 36.86000061035156]
assets:[0, 99.99861330413817, 183.84599246292115, 270.80396121902464, 419.6327801265717, 539.7923048309327, 554.5168261413573, 784.2168, 943.6130746833801, 977.8241038513183, 864.3002446849824, 773.6974809150696, 1113.1241757713317, 1151.4103245910644, 1066.3934946838378, 1391.1181542938232, 1461.220478099823, 1595.3200213302612, 1704.188910647583, 1821.0755936828612, 1834.473510369873, 1438.6903615264894, 1591.426408720398, 1856.0709010566711, 1985.147954473877, 1992.827002735138, 2053.752, 2132.1865726394653, 1965.5296006240847, 2100.152568029404, 2024.3441113967895, 2142.5260804138184, 2155.0625, 2400.572299920654, 2425.0142290718077, 2558.0370000000003, 2849.4013417591095, 3083.7776850631717]
shares:[0, 1.4723, 3.2282, 5.1182, 6.7195, 8.2474, 10.062, 11.5326, 12.8997, 14.3692, 16.2493, 18.6613, 20.5033, 22.4534, 24.7768, 26.6958, 28.657, 30.5734, 32.4793, 34.3664, 36.3478, 39.063, 41.6822, 44.0558, 46.3928, 48.8438, 51.3438, 53.8703, 56.758, 59.5957, 62.6926, 65.762, 68.962, 71.9596, 75.0546, 78.108, 80.9489, 83.6619]
growth_rate:-16.65
