ticker:MAT
price:[10.8100004196167, 11.010000228881836, 11.65999984741211, 11.329999923706055, 12.079999923706055, 12.489999771118164, 12.600000381469727, 14.15999984741211, 13.770000457763672, 14.239999771118164, 13.770000457763672, 15.039999961853027, 15.9399995803833, 15.470000267028809, 15.949999809265137, 18.1200008392334, 17.530000686645508, 17.450000762939453, 18.290000915527344, 18.760000228881836, 18.3700008392334, 18.1200008392334, 18.510000228881836, 18.709999084472656, 19.020000457763672, 20.200000762939453, 20.760000228881836, 20.979999542236328, 21.09000015258789, 20.190000534057617, 20.219999313354492, 20.149999618530273, 20.5, 21.049999237060547, 21.459999084472656, 21.850000381469727, 20.670000076293945, 20.110000610351562, 21.209999084472656, 20.68000030517578, 21.0, 19.399999618530273, 19.709999084472656, 20.510000228881836, 20.079999923706055, 19.420000076293945, 19.1200008392334, 21.719999313354492, 22.020000457763672, 21.90999984741211, 21.229999542236328, 22.020000457763672]
assets:[0, 100.00052907886506, 205.90393730545043, 300.0761809793472, 419.9394533477783, 534.1922942108154, 638.8968793428421, 817.9977031852723, 895.4686377685547, 1026.0332795083998, 1092.1689633075714, 1292.8985567207337, 1470.2657112956047, 1526.9137783561707, 1674.2906199783324, 2002.0788927268982, 2036.8896647844315, 2127.5948330215456, 2330.0125996315005, 2489.8872623779293, 2538.126068954277, 2603.5850045858383, 2759.622616123581, 2889.439417612457, 3037.3133831005093, 3325.7483256111145, 3517.9481187858582, 3655.227832246399, 3774.3929673080447, 3713.3226892232897, 3818.8400603170394, 3905.620021060753, 4073.45865, 4282.746539775467, 4466.1627314643865, 4647.329021135712, 4496.351317596245, 4474.535465805054, 4819.289329975892, 4798.864382817078, 4973.1213, 4694.215967695808, 4869.2271588249205, 5166.862849659728, 5158.537924400139, 5088.983831992722, 5110.368968309212, 5905.294229312896, 6086.858808536911, 6156.4514191246035, 6065.3790242176065, 6391.080528861236]
shares:[0, 9.0827, 17.659, 26.4851, 34.7632, 42.7696, 50.7061, 57.7682, 65.0304, 72.0529, 79.3151, 85.964, 92.2375, 98.7016, 104.9712, 110.49, 116.1945, 121.9252, 127.3927, 132.7232, 138.1669, 143.6857, 149.0882, 154.4329, 159.6905, 164.641, 169.458, 174.2244, 178.966, 183.9189, 188.8645, 193.8273, 198.7053, 203.4559, 208.1157, 212.6924, 217.5303, 222.503, 227.2178, 232.0534, 236.8153, 241.9699, 247.0435, 251.9192, 256.8993, 262.0486, 267.2787, 271.8828, 276.4241, 280.9882, 285.6985, 290.2398]
growth_rate:25.32
