ticker:MATW
price:[23.0, 23.329999923706055, 23.540000915527344, 21.690000534057617, 23.209999084472656, 24.600000381469727, 23.350000381469727, 24.170000076293945, 21.829999923706055, 21.75, 25.549999237060547, 27.6200008392334, 28.649999618530273, 28.940000534057617, 27.649999618530273, 28.139999389648438, 27.920000076293945, 29.399999618530273, 30.719999313354492, 30.920000076293945, 31.6200008392334, 30.530000686645508, 32.9900016784668, 33.77000045776367, 33.900001525878906, 35.70000076293945, 39.52000045776367, 42.13999938964844, 40.43000030517578, 39.209999084472656, 41.13999938964844, 41.189998626708984, 42.15999984741211, 43.16999816894531, 41.380001068115234, 42.209999084472656, 41.29999923706055, 38.93000030517578, 39.06999969482422, 38.97999954223633, 38.900001525878906, 35.689998626708984, 35.790000915527344, 35.029998779296875, 34.61000061035156, 33.61000061035156, 33.0, 34.599998474121094, 34.20000076293945, 34.61000061035156, 34.33000183105469, 35.75]
assets:[0, 99.99937867298125, 200.89978381347655, 285.1107190200806, 405.0910770210266, 529.35018820858, 602.4533598423004, 723.6111302841186, 753.5563163663865, 850.7947499999999, 1099.4394621700287, 1288.5144691514968, 1436.565415872383, 1551.1058906240462, 1581.9643131746293, 1710.0002269104004, 1796.632460909462, 1991.8705541551587, 2181.3011992441175, 2295.50389766407, 2447.4734389589307, 2463.1055013973237, 2761.5732465034484, 2926.866201674652, 3038.135086750031, 3299.451190512085, 3752.5030834655763, 4101.275440597535, 4034.8493424560547, 4013.096354296875, 4310.628566047669, 4415.868539773178, 4619.859055279541, 4830.532847113037, 4730.238958098603, 4925.117566175079, 4918.937289131927, 4736.663746131134, 4853.6973180877685, 4942.515817957305, 5032.372607398223, 4717.104290493775, 4830.322314562225, 4827.750359765625, 4869.865894880676, 4829.158829696655, 4841.5125, 5176.253191724396, 5216.413256368637, 5378.947854858398, 5435.4314269088745, 5760.258075000001]
shares:[0, 4.2863, 8.5344, 13.1448, 17.4533, 21.5183, 25.801, 29.9384, 34.5193, 39.117, 43.0309, 46.6515, 50.1419, 53.5973, 57.2139, 60.7676, 64.3493, 67.7507, 71.0059, 74.2401, 77.4027, 80.6782, 83.7094, 86.6706, 89.6205, 92.4216, 94.952, 97.325, 99.7984, 102.3488, 104.7795, 107.2073, 109.5792, 111.8956, 114.3122, 116.6813, 119.1026, 121.6713, 124.2308, 126.7962, 129.3669, 132.1688, 134.9629, 137.8176, 140.7069, 143.6822, 146.7125, 149.6027, 152.5267, 155.416, 158.3289, 161.1261]
growth_rate:12.95
