ticker:MAXN
price:[20.65999984741211, 18.8700008392334, 13.699999809265137, 14.380000114440918, 16.739999771118164, 20.09000015258789, 17.100000381469727, 18.93000030517578, 16.200000762939453, 16.940000534057617, 18.219999313354492, 18.030000686645508, 25.09000015258789, 27.860000610351562, 25.059999465942383, 28.8799991607666, 35.290000915527344, 28.3700008392334, 35.849998474121094, 36.36000061035156, 47.689998626708984, 40.599998474121094, 46.790000915527344, 50.16999816894531, 40.970001220703125, 33.66999816894531, 28.209999084472656, 37.45000076293945, 32.689998626708984, 30.559999465942383, 31.959999084472656, 23.440000534057617, 18.06999969482422, 20.100000381469727, 18.0, 16.489999771118164, 15.59000015258789, 16.399999618530273, 15.619999885559082, 16.59000015258789, 19.420000076293945, 18.450000762939453, 20.040000915527344, 20.6299991607666, 19.299999237060547, 15.699999809265137, 15.34000015258789, 15.899999618530273, 15.489999771118164, 15.289999961853027, 15.399999618530273, 16.760000228881836]
assets:[0, 99.99968244743347, 172.60218759698867, 281.1692662376404, 427.3136041574478, 612.8273736545563, 621.6209238672257, 788.1448837059021, 774.4815364742278, 909.8592866846085, 1078.6093833511352, 1167.361409457207, 1724.4658184875489, 2014.8519601409912, 1912.3536192455294, 2303.861501051331, 2915.211692629242, 2443.5705862850186, 3187.839224316406, 3333.190339952087, 4471.833943228149, 3907.0149931617734, 4602.690279059601, 5035.176407231141, 4211.843132492066, 3561.3800833236696, 3083.857858916473, 4193.95443044014, 3760.8895410068512, 3615.840800810623, 3881.4875568107605, 2946.7479471387865, 2371.6603549461365, 2738.0944119651795, 2552.0256, 2437.9392811613084, 2404.8806845378876, 2629.830138829231, 2604.7521309161184, 2866.506494364929, 3455.4880035753254, 3382.8925098884583, 3774.4259564346316, 3985.5487348669053, 3828.6026086532593, 3214.4587809484483, 3240.751442235947, 3459.057637010956, 3469.862182728958, 3525.0605632053375, 3650.4205295763018, 4072.7956996198654]
shares:[0, 5.2994, 12.5987, 19.5528, 25.5265, 30.5041, 36.3521, 41.6347, 47.8075, 53.7107, 59.1992, 64.7455, 68.7312, 72.3206, 76.311, 79.7736, 82.6073, 86.1322, 88.9216, 91.6719, 93.7688, 96.2319, 98.3691, 100.3623, 102.8031, 105.7731, 109.3179, 111.9881, 115.0471, 118.3194, 121.4483, 125.7145, 131.2485, 136.2236, 141.7792, 147.8435, 154.2579, 160.3555, 166.7575, 172.7852, 177.9345, 183.3546, 188.3446, 193.1919, 198.3732, 204.7426, 211.2615, 217.5508, 224.0066, 230.5468, 237.0403, 243.0069]
growth_rate:-20.14
