ticker:MAYS
price:[18.5, 18.649999618530273, 18.940000534057617, 20.0, 22.600000381469727, 21.389999389648438, 22.0, 22.0, 23.299999237060547, 23.1299991607666, 23.1299991607666, 23.8700008392334, 23.0, 23.0, 22.18000030517578, 21.59000015258789, 22.1200008392334, 22.530000686645508, 22.5, 23.989999771118164, 32.22999954223633, 28.450000762939453, 28.450000762939453, 28.0, 27.68000030517578, 29.5, 28.350000381469727, 26.75, 29.040000915527344, 26.5, 27.0, 26.450000762939453, 27.0, 27.0, 27.0, 27.0, 27.0, 25.899999618530273, 28.5, 28.0, 27.0, 27.0, 31.079999923706055, 34.0, 34.0, 34.0, 37.0, 38.34000015258789, 34.630001068115234, 33.209999084472656, 31.40999984741211, 31.40999984741211]
assets:[0, 99.99943295459748, 201.55380368328096, 312.834, 453.5029076547623, 529.2228088989258, 644.3162, 744.3172, 888.2984909133911, 981.8175783763886, 1081.8178167480469, 1216.4295647678375, 1272.0932, 1372.0926, 1423.175283581543, 1485.318604497528, 1621.780949530411, 1751.8404803907395, 1849.50675, 2071.9850932317736, 2883.6631810432436, 2645.460305942917, 2745.459213624573, 2802.0328, 2870.009135642242, 3158.71545, 3135.5780821914673, 3058.613725, 3420.453275834656, 3221.2817, 3382.0605, 3413.1662884513858, 3584.1393000000003, 3684.1392, 3784.1391, 3884.139, 3984.1389, 3921.821972237205, 4415.51925, 4438.0532, 4379.5512, 4479.5511, 5256.460931096649, 5850.312000000001, 5950.3128, 6050.3136, 6684.164699999999, 7026.238269963455, 6446.340068828583, 6282.006747818756, 6041.518728650665, 6141.518745164872]
shares:[0, 5.3619, 10.6417, 15.6417, 20.0665, 24.7416, 29.2871, 33.8326, 38.1244, 42.4478, 46.7712, 50.9606, 55.3084, 59.6562, 64.1648, 68.7966, 73.3174, 77.7559, 82.2003, 86.3687, 89.4714, 92.9863, 96.5012, 100.0726, 103.6853, 107.0751, 110.6024, 114.3407, 117.7842, 121.5578, 125.2615, 129.0422, 132.7459, 136.4496, 140.1533, 143.857, 147.5607, 151.4217, 154.9305, 158.5019, 162.2056, 165.9093, 169.1268, 172.068, 175.0092, 177.9504, 180.6531, 183.2613, 186.149, 189.1601, 192.3438, 195.5275]
growth_rate:20.42
