ticker:MBB
price:[110.5199966430664, 110.47000122070312, 110.29000091552734, 110.33000183105469, 110.26000213623047, 110.19999694824219, 110.2300033569336, 110.19999694824219, 110.29000091552734, 110.08999633789062, 110.11000061035156, 110.16999816894531, 110.16999816894531, 109.91000366210938, 109.94000244140625, 110.06999969482422, 110.05999755859375, 110.12999725341797, 110.08999633789062, 110.16999816894531, 110.19000244140625, 110.29000091552734, 110.18000030517578, 110.0, 109.73999786376953, 109.1500015258789, 109.02999877929688, 108.72000122070312, 108.41000366210938, 108.37999725341797, 108.19000244140625, 108.37999725341797, 108.58999633789062, 108.69999694824219, 108.86000061035156, 108.70999908447266, 108.4000015258789, 108.37999725341797, 108.37000274658203, 108.37999725341797, 108.45999908447266, 108.12000274658203, 108.06999969482422, 108.16000366210938, 108.2699966430664, 108.44999694824219, 108.62999725341797, 108.69000244140625, 108.41999816894531, 108.52999877929688, 108.41000366210938, 108.5999984741211]
assets:[0, 99.99744510498047, 199.83445265884401, 299.910043977356, 399.7145597442627, 499.4925061676026, 599.6291722610474, 699.4614206298828, 800.0326376411438, 898.5765681091309, 998.7417495361327, 1099.287258729553, 1199.288566067505, 1296.4544391967775, 1396.8097190185547, 1498.4599548454285, 1598.324302545166, 1699.3388966194154, 1798.7164141662597, 1900.0248394210817, 2000.3672663208008, 2102.182562450409, 2200.0852640937806, 2296.4919999999997, 2391.058969454956, 2478.2071246444702, 2575.484825164795, 2668.1627819580076, 2760.552333251953, 2859.790473526764, 2954.7771566772462, 3059.968328453827, 3165.897907232666, 3269.1089282196044, 3373.9197709167483, 3469.2730717826844, 3559.3790901031493, 3658.7244612800596, 3758.3909022544863, 3858.7397462112426, 3961.588234559631, 4049.169786861419, 4147.294308288574, 4250.753039923096, 4355.073998970032, 4462.316109431457, 4569.727231459808, 4672.246265948486, 4760.635383599853, 4865.464963275146, 4960.08289755249, 5068.774608781433]
shares:[0, 0.9052, 1.8119, 2.7183, 3.6252, 4.5326, 5.4398, 6.3472, 7.2539, 8.1622, 9.0704, 9.9781, 10.8858, 11.7956, 12.7052, 13.6137, 14.5223, 15.4303, 16.3386, 17.2463, 18.1538, 19.0605, 19.9681, 20.8772, 21.7884, 22.7046, 23.6218, 24.5416, 25.464, 26.3867, 27.311, 28.2337, 29.1546, 30.0746, 30.9932, 31.9131, 32.8356, 33.7583, 34.6811, 35.6038, 36.5258, 37.4507, 38.376, 39.3006, 40.2242, 41.1463, 42.0669, 42.9869, 43.9092, 44.8306, 45.753, 46.6738]
growth_rate:-0.61
