ticker:MBCN
price:[17.899999618530273, 17.739999771118164, 21.5, 18.959999084472656, 19.1200008392334, 20.75, 20.139999389648438, 19.93000030517578, 19.079999923706055, 19.0, 23.030000686645508, 21.110000610351562, 21.260000228881836, 21.93000030517578, 20.780000686645508, 23.25, 22.110000610351562, 22.5, 22.100000381469727, 21.040000915527344, 19.75, 20.5, 22.68000030517578, 22.059999465942383, 22.799999237060547, 22.3700008392334, 23.209999084472656, 24.90999984741211, 23.309999465942383, 21.770000457763672, 21.079999923706055, 20.700000762939453, 21.399999618530273, 22.639999389648438, 22.3799991607666, 22.75, 23.610000610351562, 23.829999923706055, 24.0, 24.110000610351562, 23.700000762939453, 23.459999084472656, 23.350000381469727, 23.530000686645508, 22.850000381469727, 23.719999313354492, 24.200000762939453, 24.049999237060547, 24.18000030517578, 23.670000076293945, 23.649999618530273, 23.829999923706055]
assets:[0, 100.00037870979308, 221.1963, 295.0649857521057, 397.5545294498444, 531.446925, 615.8227753372192, 709.4023818626405, 779.1470608844756, 875.881, 1161.6608706352235, 1164.8139466781615, 1273.0913337059021, 1413.2130796661374, 1439.104401553154, 1710.16305, 1726.3090496551513, 1856.7585, 1923.749783205986, 1931.4805000457764, 1913.058075, 2085.70485, 2407.5024443946836, 2441.6889808883666, 2623.595912208557, 2674.116611322212, 2874.530534613037, 3185.0747834896088, 3080.4933524225235, 2976.9778985977173, 2982.621837205124, 3028.855161634445, 3231.280102400208, 3518.5140011444087, 3578.107551823616, 3737.263075, 3978.54009085083, 4115.612562823487, 4244.973599999999, 4364.430886486816, 4390.211841327668, 4445.754282504273, 4524.910178923607, 4659.791921980667, 4625.1279872142795, 4901.227878119469, 5100.409100797654, 5168.794571030045, 5296.7330408500675, 5285.016314034843, 5380.549923212814, 5521.501536322403]
shares:[0, 5.637, 10.2882, 15.5625, 20.7926, 25.6119, 30.5771, 35.5947, 40.8358, 46.099, 50.4412, 55.1783, 59.882, 64.442, 69.2543, 73.5554, 78.0782, 82.5226, 87.0475, 91.8004, 96.8637, 101.7417, 106.1509, 110.684, 115.07, 119.5403, 123.8488, 127.8633, 132.1533, 136.7468, 141.4906, 146.3215, 150.9944, 155.4114, 159.8797, 164.2753, 168.5108, 172.7072, 176.8739, 181.0216, 185.241, 189.5036, 193.7863, 198.0362, 202.4126, 206.6285, 210.7607, 214.9187, 219.0543, 223.2791, 227.5074, 231.7038]
growth_rate:8.26
