ticker:MBII
price:[1.2100000381469727, 1.1399999856948853, 1.2100000381469727, 1.1799999475479126, 1.2300000190734863, 1.149999976158142, 1.149999976158142, 1.2300000190734863, 1.100000023841858, 1.190000057220459, 1.100000023841858, 1.149999976158142, 1.1799999475479126, 1.2200000286102295, 1.309999942779541, 1.3799999952316284, 1.2899999618530273, 1.25, 1.2799999713897705, 1.5299999713897705, 1.590000033378601, 1.659999966621399, 2.3499999046325684, 2.6500000953674316, 2.5399999618530273, 2.559999942779541, 2.240000009536743, 2.5399999618530273, 2.430000066757202, 2.0299999713897705, 1.9500000476837158, 1.8700000047683716, 1.7100000381469727, 1.7999999523162842, 1.690000057220459, 1.5700000524520874, 1.5299999713897705, 1.4800000190734863, 1.399999976158142, 1.350000023841858, 1.8799999952316284, 1.7599999904632568, 1.7200000286102295, 1.659999966621399, 1.4900000095367432, 1.4199999570846558, 1.399999976158142, 1.25, 1.399999976158142, 1.4500000476837158, 1.0299999713897705, 1.0499999523162842]
assets:[0, 100.00000074516535, 206.14032549886704, 301.0294326189637, 413.7849214165211, 486.87203990614415, 586.8720128329396, 727.697900284338, 750.7867562728644, 912.2147738633156, 943.2237304438233, 1086.0974674829722, 1214.4304580174446, 1355.5976637901306, 1555.6006970517637, 1738.7245079921126, 1725.3294119797706, 1771.830875, 1914.3547732108354, 2388.2522313408854, 2581.9093112015844, 2795.5782217876554, 4057.595610335112, 4675.586763263655, 4581.505627192688, 4717.580438553858, 4227.883090000105, 4894.11739249773, 4782.167717376185, 4094.9794812865493, 4033.601228634405, 3968.1200011184337, 3728.601731178284, 4024.8438133780473, 3878.8813713321683, 3703.45789472872, 3709.102124641657, 3687.8897995276448, 3588.5443388874533, 3560.382197878611, 5058.16179517064, 4835.300421799421, 4825.407276265121, 4757.0790023466, 4369.908383969593, 4264.610469114626, 4304.545626694024, 3943.3443749999997, 4516.545663083684, 4777.851077121162, 3493.92161294961, 3661.764688708043]
shares:[0, 87.7193, 170.3639, 255.1097, 336.4105, 423.367, 510.3235, 591.6243, 682.5334, 766.567, 857.4761, 944.4326, 1029.1784, 1111.1456, 1187.4815, 1259.9453, 1337.4647, 1417.4647, 1495.5897, 1560.9492, 1623.8423, 1684.0833, 1726.6365, 1764.3723, 1803.7424, 1842.8049, 1887.4478, 1926.8179, 1967.9702, 2017.2313, 2068.5134, 2121.9893, 2180.4688, 2236.0244, 2295.196, 2358.8903, 2424.2498, 2491.8174, 2563.246, 2637.3201, 2690.5116, 2747.3298, 2805.4693, 2865.7103, 2932.8244, 3003.2469, 3074.6755, 3154.6755, 3226.1041, 3295.0696, 3392.157, 3487.3951]
growth_rate:-28.2
