ticker:MBIN
price:[20.6299991607666, 20.059999465942383, 21.469999313354492, 19.40999984741211, 20.06999969482422, 20.889999389648438, 21.530000686645508, 23.239999771118164, 21.579999923706055, 21.110000610351562, 25.329999923706055, 26.959999084472656, 27.350000381469727, 26.829999923706055, 28.40999984741211, 28.639999389648438, 27.81999969482422, 27.6299991607666, 30.84000015258789, 30.549999237060547, 30.389999389648438, 29.81999969482422, 32.29999923706055, 31.670000076293945, 33.369998931884766, 34.029998779296875, 39.040000915527344, 43.58000183105469, 39.849998474121094, 40.75, 41.33000183105469, 41.150001525878906, 40.4900016784668, 40.529998779296875, 40.790000915527344, 44.650001525878906, 42.22999954223633, 43.91999816894531, 42.95000076293945, 42.790000915527344, 41.5, 40.290000915527344, 40.560001373291016, 39.65999984741211, 40.06999969482422, 39.349998474121094, 38.91999816894531, 36.63999938964844, 36.29999923706055, 36.349998474121094, 35.31999969482422, 36.43000030517578]
assets:[0, 99.99909733772279, 207.02876237888336, 287.16512474250794, 396.930404964447, 513.1482120071411, 628.8697900562287, 778.8165483297347, 823.1863610897065, 905.258045173645, 1186.2241604270937, 1362.558353729248, 1482.2688256742479, 1554.0875005807875, 1745.6069846244811, 1859.7383603668213, 1906.4906690864564, 1993.4712834503173, 2325.0677035037993, 2403.2034699836727, 2490.618477978516, 2543.905407965851, 2855.471742552567, 2899.7780479856488, 3155.4337290000913, 3317.843208984375, 3906.307355606842, 4460.574433415222, 4178.794374991608, 4373.171824999999, 4535.413878933716, 4615.659876152802, 4641.628028413391, 4746.212818051147, 4876.660796456146, 5438.142470844269, 5243.399210162735, 5553.235784481812, 5530.5899932422635, 5609.987349030303, 5540.86005, 5479.307167508698, 5616.027022148895, 5591.40955448761, 5749.2115002136225, 5745.906452190399, 5783.118635923767, 5544.33539564209, 5592.886082450867, 5700.58851070404, 5639.060467276763, 5916.279408560943]
shares:[0, 4.985, 9.6427, 14.7947, 19.7773, 24.5643, 29.209, 33.5119, 38.1458, 42.8829, 46.8308, 50.54, 54.1963, 57.9235, 61.4434, 64.935, 68.5295, 72.1488, 75.3913, 78.6646, 81.9552, 85.3087, 88.4047, 91.5623, 94.559, 97.4976, 100.0591, 102.3537, 104.8631, 107.3171, 109.7366, 112.1667, 114.6364, 117.1037, 119.5553, 121.7949, 124.1629, 126.4398, 128.7681, 131.1051, 133.5147, 135.9967, 138.4622, 140.9836, 143.4792, 146.0205, 148.5899, 151.3192, 154.074, 156.825, 159.6563, 162.4013]
growth_rate:16.01
