ticker:MBINO
price:[24.899999618530273, 25.200000762939453, 25.0, 25.316999435424805, 25.229999542236328, 25.420000076293945, 24.860000610351562, 25.049999237060547, 25.270000457763672, 25.100000381469727, 26.0, 26.270000457763672, 26.25, 26.110000610351562, 25.93000030517578, 25.854999542236328, 26.030000686645508, 26.549999237060547, 25.76099967956543, 26.149999618530273, 25.520000457763672, 26.329999923706055, 26.25, 25.6299991607666, 25.549999237060547, 25.690000534057617, 26.030000686645508, 26.200000762939453, 25.670000076293945, 25.920000076293945, 26.020000457763672, 26.28499984741211, 26.149999618530273, 26.489999771118164, 26.270000457763672, 26.59000015258789, 26.25, 25.899999618530273, 26.489999771118164, 26.989999771118164, 26.969999313354492, 26.579999923706055, 26.799999237060547, 26.94099998474121, 27.15999984741211, 27.174999237060547, 27.0049991607666, 26.5, 26.690000534057617, 26.229999542236328, 26.18000030517578, 26.219999313354492]
assets:[0, 100.00116302757263, 199.2075, 301.7330626712799, 400.6952837299347, 503.7125535118103, 592.6151805496216, 697.1439837673188, 803.2676125511169, 897.8646636457444, 1030.0602, 1140.7563808780671, 1239.88725, 1333.27584916687, 1424.0833957603454, 1519.9637130889892, 1630.251134004402, 1762.8190593437193, 1810.4315354804994, 1937.769886732292, 1991.0857477149964, 2154.2810987577436, 2247.735, 2294.6461358636857, 2387.483908708191, 2500.567029983139, 2633.6608064733505, 2750.861220104599, 2795.2140093076705, 2922.4359446020126, 3033.7108833713532, 3164.608841629028, 3248.3555676137926, 3390.5901697042464, 3462.4307193340305, 3604.606895685196, 3658.5150000000003, 3709.7346453609466, 3894.2418863525395, 4067.746534504509, 4164.731566967583, 4204.506785931587, 4339.305796469116, 4462.135451672745, 4598.407970165634, 4700.94876802063, 4771.540306715012, 4782.3119, 4916.599695379447, 4931.861564929581, 5022.460270545959, 5130.134271652793]
shares:[0, 3.9683, 7.9683, 11.9182, 15.8817, 19.8156, 23.8381, 27.8301, 31.7874, 35.7715, 39.6177, 43.4243, 47.2338, 51.0638, 54.9203, 58.788, 62.6297, 66.3962, 70.278, 74.1021, 78.0206, 81.8185, 85.628, 89.5297, 93.4436, 97.3362, 101.1779, 104.9947, 108.8903, 112.7483, 116.5915, 120.396, 124.2201, 127.9951, 131.8017, 135.5625, 139.372, 143.233, 147.008, 150.7131, 154.4209, 158.1831, 161.9144, 165.6262, 169.3081, 172.988, 176.691, 180.4646, 184.2113, 188.0237, 191.8434, 195.6573]
growth_rate:0.59
