ticker:MBINP
price:[26.149999618530273, 26.200000762939453, 25.299999237060547, 25.694000244140625, 26.329999923706055, 26.420000076293945, 26.1299991607666, 26.280000686645508, 26.5, 26.84000015258789, 27.0, 27.700000762939453, 28.0, 27.059999465942383, 27.489999771118164, 26.81100082397461, 27.200000762939453, 27.260000228881836, 27.0, 26.75, 26.600000381469727, 27.149999618530273, 26.709999084472656, 26.829999923706055, 27.31999969482422, 27.149999618530273, 27.06599998474121, 26.950000762939453, 27.079999923706055, 27.040000915527344, 27.2549991607666, 27.297000885009766, 27.559999465942383, 27.600000381469727, 27.288000106811523, 27.219999313354492, 27.31999969482422, 26.760000228881836, 26.649999618530273, 27.139999389648438, 27.290000915527344, 27.100000381469727, 27.290000915527344, 27.600000381469727, 27.399999618530273, 27.399999618530273, 27.649999618530273, 27.5, 27.59000015258789, 27.344999313354492, 26.885000228881836, 26.889999389648438]
assets:[0, 100.0001629119873, 196.56581407241822, 299.6280144470215, 407.043367820549, 508.4344074682235, 602.8530496377945, 706.314438454628, 812.2276499999999, 922.6491612453461, 1028.1492, 1154.804721806717, 1267.3108, 1324.765569854355, 1445.81729496212, 1510.1054915096283, 1632.0163657768248, 1735.6169545726775, 1819.0629, 1902.21925, 1991.552668560791, 2132.73021003418, 2198.1661496543884, 2308.042694436836, 2450.1941726303103, 2534.946594382858, 2627.1044499189375, 2715.845901884079, 2828.9473960298537, 2924.7681790275574, 3048.024674145508, 3152.721711215973, 3283.0959603801725, 3387.861406824875, 3449.5634151023864, 3540.9680506763457, 3653.976195183563, 3679.0772234676356, 3763.9526711225512, 3933.15856554718, 4054.8957020339963, 4126.663398088455, 4255.594555767059, 4403.936100868416, 4472.022437739372, 4572.02147634716, 4713.735989967537, 4788.16525, 4903.835591120911, 4960.28990244484, 4976.846390869712, 5077.773034744263]
shares:[0, 3.8168, 7.7694, 11.6614, 15.4593, 19.2443, 23.0713, 26.8765, 30.6501, 34.3759, 38.0796, 41.6897, 45.2611, 48.9566, 52.5943, 56.3241, 60.0006, 63.669, 67.3727, 71.111, 74.8704, 78.5536, 82.2975, 86.0247, 89.685, 93.3682, 97.0629, 100.7735, 104.4663, 108.1645, 111.8336, 115.497, 119.1254, 122.7486, 126.4132, 130.087, 133.7473, 137.4842, 141.2365, 144.9211, 148.5854, 152.2754, 155.9397, 159.5629, 163.2125, 166.8621, 170.4787, 174.1151, 177.7396, 181.3966, 185.1161, 188.835]
growth_rate:-0.44
