ticker:MBINN
price:[25.3799991607666, 25.670000076293945, 25.6200008392334, 26.030000686645508, 26.040000915527344, 26.110000610351562, 26.299999237060547, 26.320999145507812, 26.138999938964844, 26.510000228881836, 26.649999618530273, 26.899999618530273, 27.020000457763672, 26.709999084472656, 26.8700008392334, 27.219999313354492, 27.25, 27.200000762939453, 27.149999618530273, 29.3700008392334, 27.010000228881836, 26.90999984741211, 27.059999465942383, 26.790000915527344, 26.850000381469727]
assets:[0, 100.00005229721069, 199.80526254501342, 303.00222299289703, 403.1174421730042, 504.2023887863159, 607.8718823661804, 708.3559932037354, 803.4579662239074, 914.8627588987351, 1019.6929454040527, 1129.259293985939, 1234.2979389110565, 1320.1363627502442, 1428.0438126022339, 1546.645804984665, 1648.349775, 1745.326128955078, 1842.1166141174315, 2092.7417877990724, 2024.5804841562272, 2117.0850359954834, 2228.8861540105822, 2306.64586882782, 2411.812024265671]
shares:[0, 3.8956, 7.7988, 11.6405, 15.4807, 19.3107, 23.113, 26.9122, 30.7379, 34.5101, 38.2624, 41.9799, 45.6809, 49.4248, 53.1464, 56.8202, 60.4899, 64.1664, 67.8496, 71.2544, 74.9567, 78.6728, 82.3683, 86.101, 89.8254]
growth_rate:0.49
