ticker:MBIO
price:[3.109999895095825, 3.4200000762939453, 3.880000114440918, 3.140000104904175, 3.180000066757202, 3.369999885559082, 3.140000104904175, 2.950000047683716, 2.6649999618530273, 2.700000047683716, 3.049999952316284, 3.259999990463257, 3.4600000381469727, 3.8399999141693115, 2.7699999809265137, 3.0799999237060547, 4.179999828338623, 3.7850000858306885, 4.159999847412109, 4.519999980926514, 5.159999847412109, 4.170000076293945, 4.670000076293945, 4.400000095367432, 4.090000152587891, 3.5299999713897705, 3.1700000762939453, 3.430000066757202, 3.5399999618530273, 3.240000009536743, 3.3499999046325684, 3.190000057220459, 3.049999952316284, 3.1500000953674316, 3.2300000190734863, 3.049999952316284, 2.7899999618530273, 3.2699999809265137, 3.3499999046325684, 3.559999942779541, 3.7899999618530273, 3.440000057220459, 3.549999952316284, 3.190000057220459, 3.130000114440918, 2.890000104904175, 2.799999952316284, 2.890000104904175, 2.9800000190734863, 2.7300000190734863, 2.6700000762939453, 3.0199999809265137]
assets:[0, 100.0001182308197, 213.4504462957382, 272.7407231119871, 376.21499589781763, 498.6932570650101, 564.6577408646345, 630.4905301912307, 669.5788419156074, 778.3724837465523, 979.2726346900463, 1146.6978246454714, 1317.0472845206261, 1561.6941730934143, 1226.534662554407, 1463.8001477405548, 2086.5856903095246, 1989.408535612893, 2286.509804131317, 2584.380953094435, 3050.310689798355, 2565.0767179304125, 2972.639980564117, 2900.774422872591, 2796.4018163269043, 2513.5202416282177, 2357.1838437314987, 2650.517459586334, 2835.519437444496, 2695.22122393322, 2886.7254028210164, 2848.852200101137, 2823.8241558523177, 3016.408591322899, 3193.015872855091, 3115.0768862988707, 2949.5293696718218, 3556.9751792526245, 3743.9957384163376, 4078.6940704424856, 4442.205137288475, 4131.975332730675, 4364.1022713812345, 4021.545666136265, 4045.9054429287908, 3835.6763432312964, 3816.2260550100564, 4038.8907466077803, 4264.669087296009, 4006.8947379946712, 4018.8312488361357, 4645.644226659393]
shares:[0, 29.2398, 55.013, 86.8601, 118.3066, 147.9802, 179.8273, 213.7256, 251.2491, 288.2861, 321.073, 351.7478, 380.6495, 406.6912, 442.7923, 475.2598, 499.1832, 525.6033, 549.6418, 571.7657, 591.1455, 615.1263, 636.5396, 659.2669, 683.7168, 712.0454, 743.5911, 772.7456, 800.9942, 831.8584, 861.7091, 893.0571, 925.844, 957.59, 988.5498, 1021.3367, 1057.179, 1087.76, 1117.6107, 1145.7006, 1172.0858, 1201.1556, 1229.3246, 1260.6726, 1292.6215, 1327.2236, 1362.9379, 1397.54, 1431.097, 1467.727, 1505.1802, 1538.2928]
growth_rate:-8.91
