ticker:MBNKP
price:[18.989999771118164, 19.176000595092773, 18.31999969482422, 18.0, 17.299999237060547, 18.0049991607666, 17.389999389648438, 17.530000686645508, 17.510000228881836, 18.149999618530273, 19.200000762939453, 19.594999313354492, 20.0, 22.700000762939453, 22.06999969482422, 22.100000381469727, 21.549999237060547, 22.149999618530273, 21.010000228881836, 20.450000762939453, 20.649999618530273, 22.850000381469727, 25.18000030517578, 24.0, 24.5, 23.6299991607666, 24.8700008392334, 24.799999237060547, 24.950000762939453, 24.55299949645996, 25.06999969482422, 25.045000076293945, 24.93600082397461, 25.670000076293945, 25.757999420166016, 25.93600082397461, 25.6299991607666, 25.843000411987305, 25.77199935913086, 25.871999740600586, 26.31999969482422, 25.440000534057617, 25.360000610351562, 26.329999923706055, 25.670000076293945, 25.510000228881836, 26.13800048828125, 25.91699981689453, 26.219999313354492, 27.0, 27.040000915527344, 27.299999237060547]
assets:[0, 100.00092550334931, 195.53668474273684, 292.12199999999996, 380.76087320823666, 496.2771933679581, 579.3252226669312, 683.9890727916718, 783.2083022377014, 911.8342008354186, 1064.5843623027802, 1186.48504642334, 1311.0079999999998, 1587.9944433719634, 1643.9214462684631, 1746.1563901405334, 1802.700536178589, 1952.892371367073, 1952.3815842691422, 2000.3434096279143, 2119.9062458387375, 2445.756645830727, 2795.148739876556, 2764.1616, 2921.7475, 2917.995343365669, 3171.1190930088046, 3262.1943796428677, 3381.9251984149932, 3428.111887395287, 3600.295135173798, 3696.7046237611767, 3780.6169057250977, 3991.900639864349, 4105.585558179856, 4233.956171310806, 4284.0030997238155, 4419.605322957039, 4507.463412313461, 4624.953702429008, 4805.039680286407, 4744.384563598061, 4829.464684233093, 5114.186471181106, 5085.9919811161035, 5154.290444245529, 5381.176533325195, 5435.67863129654, 5599.228413368225, 5865.7959, 5974.485498285675, 6131.931998633957]
shares:[0, 5.2149, 10.6734, 16.229, 22.0093, 27.5633, 33.3137, 39.0182, 44.7292, 50.2388, 55.4471, 60.5504, 65.5504, 69.9557, 74.4867, 79.0116, 83.652, 88.1667, 92.9263, 97.8163, 102.6589, 107.0353, 111.0067, 115.1734, 119.255, 123.4869, 127.5078, 131.5401, 135.5481, 139.6209, 143.6097, 147.6025, 151.6128, 155.5084, 159.3907, 163.2463, 167.148, 171.0175, 174.8977, 178.7629, 182.5623, 186.4931, 190.4363, 194.2342, 198.1298, 202.0498, 205.8756, 209.7341, 213.548, 217.2517, 220.9499, 224.6129]
growth_rate:20.23
