ticker:MBOT
price:[6.369999885559082, 6.519999980926514, 7.659999847412109, 7.380000114440918, 7.900000095367432, 8.25, 8.079999923706055, 7.800000190734863, 7.010000228881836, 7.260000228881836, 7.420000076293945, 7.440000057220459, 7.360000133514404, 7.539999961853027, 7.059999942779541, 7.329999923706055, 7.53000020980835, 6.889999866485596, 7.940000057220459, 7.960000038146973, 8.34000015258789, 8.529999732971191, 9.050000190734863, 9.430000305175781, 9.829999923706055, 8.229999542236328, 7.909999847412109, 8.90999984741211, 8.789999961853027, 8.210000038146973, 8.359999656677246, 8.020000457763672, 7.550000190734863, 7.630000114440918, 7.449999809265137, 7.03000020980835, 6.71999979019165, 7.269999980926514, 7.679999828338623, 7.389999866485596, 7.519999980926514, 7.760000228881836, 8.130000114440918, 7.880000114440918, 7.71999979019165, 6.989999771118164, 7.199999809265137, 7.059999942779541, 7.400000095367432, 7.199999809265137, 7.690000057220459, 7.369999885559082]
assets:[0, 99.99984770746231, 217.4842476676941, 309.5341787999153, 431.34395520710945, 550.454025, 639.1110259653091, 716.9635375320435, 744.3477613035202, 870.8936554561616, 990.086968180275, 1092.7559604043006, 1181.006229424095, 1309.889509372902, 1326.5012712488651, 1477.2317436243056, 1617.538170069456, 1580.0581763816356, 1920.8511658428192, 2025.689465707779, 2222.3932006607056, 2373.0228947133064, 2617.6854051694872, 2827.599736507416, 3047.5398283470154, 2651.500925519943, 2648.4047919109344, 3083.2216931983944, 3141.697174365616, 3034.395489099026, 3189.8347810020446, 3160.1047403717043, 3074.91122768116, 3207.493344108582, 3231.824817258835, 3149.6284979997636, 3110.7403188780786, 3465.340000908375, 3760.7714999402046, 3718.7632168134687, 3884.181510148287, 4108.1448971700665, 4404.022687992668, 4368.597991444969, 4379.895560966492, 4065.7347648708346, 4287.881406409931, 4304.505969112492, 4611.805119434595, 4587.1616384817125, 4999.343630199575, 4891.308258048057]
shares:[0, 15.3374, 28.3922, 41.9423, 54.6005, 66.7217, 79.0979, 91.9184, 106.1837, 119.9578, 133.4349, 146.8758, 160.4628, 173.7254, 187.8897, 201.5323, 214.8125, 229.3263, 241.9208, 254.4836, 266.474, 278.1973, 289.247, 299.8515, 310.0244, 322.1751, 334.8173, 346.0406, 357.4172, 369.5975, 381.5592, 394.028, 407.273, 420.3792, 433.802, 448.0268, 462.9078, 476.663, 489.6838, 503.2156, 516.5135, 529.4001, 541.7002, 554.3906, 567.344, 581.6502, 595.5391, 609.7034, 623.2169, 637.1058, 650.1097, 663.6782]
growth_rate:-4.09
