ticker:MBRX
price:[4.607990741729736, 4.559990882873535, 5.339989185333252, 4.823990345001221, 4.853990077972412, 5.003990173339844, 4.907989978790283, 4.583991050720215, 4.145991802215576, 4.175991535186768, 4.613990783691406, 4.973989963531494, 4.643990516662598, 5.087989807128906, 4.859990119934082, 4.739990711212158, 5.219989776611328, 4.7819905281066895, 5.639988899230957, 5.819988250732422, 6.359987258911133, 4.973989963531494, 4.800000190734863, 5.25, 4.929999828338623, 4.230000019073486, 3.869999885559082, 4.440000057220459, 4.130000114440918, 3.8299999237060547, 4.059999942779541, 3.7899999618530273, 3.440000057220459, 3.5, 3.509999990463257, 3.3499999046325684, 3.299999952316284, 3.640000104904175, 3.700000047683716, 3.7300000190734863, 3.859999895095825, 3.680000066757202, 3.9200000762939453, 3.559999942779541, 3.559999942779541, 3.2899999618530273, 3.299999952316284, 3.119999885559082, 3.109999895095825, 2.9700000286102295, 2.7699999809265137, 2.9800000190734863]
assets:[0, 100.00014406232833, 217.10527031350136, 296.1264361163139, 397.9679677147865, 510.26638555679324, 600.476868337059, 660.8368594548225, 697.6941340637206, 802.742500825882, 986.9381654205322, 1163.942500608158, 1186.7206926374436, 1400.1796877922059, 1437.4358757798195, 1501.9437926952362, 1754.0392347011566, 1706.8612237469194, 2113.110952921486, 2280.550756072998, 2592.148275097847, 2127.255634244299, 2152.844245546341, 2454.6732, 2405.0550602565763, 2163.5667547557355, 2079.433369508457, 2485.706504034519, 2412.155063840008, 2336.9380314479827, 2577.2761896766187, 2505.880891777897, 2374.4672634965423, 2515.8822499999997, 2623.070377873063, 2603.4999958838466, 2664.641721496964, 3039.1805955886603, 3189.276831101775, 3315.1359889520645, 3530.676670045924, 3466.033822875738, 3792.0794978042604, 3543.8272190394878, 3643.827261432171, 3467.4694687952997, 3578.008778299165, 3482.844640250015, 3571.6815565227275, 3510.898512820744, 3374.4743627642633, 3730.300847875786]
shares:[0, 21.9299, 40.6565, 61.3862, 81.9878, 101.9719, 122.3468, 144.1619, 168.2816, 192.228, 213.9012, 234.0058, 255.539, 275.1931, 295.7693, 316.8664, 336.0235, 356.9353, 374.6658, 391.848, 407.5713, 427.6759, 448.5092, 467.5568, 487.8408, 511.4815, 537.3213, 559.8438, 584.0569, 610.1666, 634.7971, 661.1823, 690.2521, 718.8235, 747.3135, 777.1642, 807.4672, 834.9397, 861.9667, 888.7764, 914.6831, 941.857, 967.3672, 995.4571, 1023.547, 1053.9421, 1084.2451, 1116.2964, 1148.4507, 1182.1207, 1218.2218, 1251.7788]
growth_rate:-26.86
