ticker:MBTCU
price:[10.050000190734863, 10.13599967956543, 10.229000091552734, 10.140000343322754, 10.149999618530273, 10.196000099182129, 10.260000228881836, 10.109999656677246, 10.199999809265137, 10.133999824523926, 10.210000038146973, 10.220000267028809, 10.229999542236328, 10.119999885559082, 10.140000343322754, 10.25, 10.4399995803833, 10.289999961853027, 10.270000457763672, 10.470000267028809, 10.489999771118164, 10.26200008392334, 10.4399995803833]
assets:[0, 99.99974563865662, 200.91699689826964, 299.16854212932583, 399.4633849868775, 501.2741096761704, 604.4207174835205, 695.5841523788451, 801.7760850071908, 896.5884066750526, 1003.3121997486114, 1104.294534853077, 1205.375271062851, 1292.4140533848763, 1394.967959231186, 1510.100725, 1638.0923101598737, 1714.556837643814, 1811.2244697315216, 1946.4965956438064, 2050.2148582662585, 2105.65364002018, 2242.1767858798025]
shares:[0, 9.8658, 19.6419, 29.5038, 39.356, 49.1638, 58.9104, 68.8016, 78.6055, 88.4733, 98.2676, 108.0523, 117.8275, 127.7089, 137.5708, 147.3269, 156.9054, 166.6236, 176.3607, 185.9118, 195.4447, 205.1894, 214.7679]
growth_rate:1.92
