ticker:MBUU
price:[50.79999923706055, 48.599998474121094, 49.5, 47.970001220703125, 53.619998931884766, 56.650001525878906, 56.130001068115234, 53.29999923706055, 50.83000183105469, 55.72999954223633, 55.36000061035156, 57.40999984741211, 59.060001373291016, 59.150001525878906, 59.189998626708984, 64.94999694824219, 67.04000091552734, 62.439998626708984, 63.290000915527344, 71.22000122070312, 76.08000183105469, 70.11000061035156, 75.19999694824219, 76.55999755859375, 77.70999908447266, 74.54000091552734, 80.04000091552734, 89.04000091552734, 86.23999786376953, 81.0, 81.41999816894531, 83.26000213623047, 84.23999786376953, 86.08000183105469, 83.36000061035156, 84.55999755859375, 85.13999938964844, 78.52999877929688, 78.41999816894531, 75.52999877929688, 72.93000030517578, 71.66999816894531, 74.22000122070312, 71.8499984741211, 71.44999694824219, 75.11000061035156, 79.7699966430664, 83.66000366210938, 83.94999694824219, 81.83999633789062, 75.33000183105469, 74.69000244140625]
assets:[0, 99.99935686035155, 201.8511, 295.61033552246096, 430.42917942581175, 554.7508049423218, 649.6598583625793, 716.9063097381592, 783.6817192306519, 959.2303251209258, 1052.8641716079712, 1191.8545608322145, 1326.1096468353273, 1428.1294668411256, 1529.096667522812, 1777.895751463318, 1935.1029224266051, 1902.3219741607666, 2028.2166853393553, 2382.34465083313, 2644.913655656433, 2537.3650540893555, 2821.579085494995, 2972.610337207031, 3117.258903274536, 3090.1004619537352, 3418.1082390975953, 3902.454064125824, 3879.7391518959043, 3744.0062999999996, 3863.4196231155393, 4050.7323199310304, 4198.4119815330505, 4390.114525384522, 4351.392031860351, 4514.032525671387, 4644.991460700989, 4384.369096847534, 4478.22888943634, 4413.195169674683, 4361.279655249787, 4385.931541946411, 4641.978646347046, 4593.751207442474, 4668.1784056137085, 5007.305833689881, 5417.970194997406, 5782.177885107422, 5902.222065441894, 5853.875810055542, 5488.227547402954, 5541.602324139404]
shares:[0, 2.0576, 4.0778, 6.1624, 8.0274, 9.7926, 11.5742, 13.4504, 15.4177, 17.2121, 19.0185, 20.7604, 22.4536, 24.1442, 25.8337, 27.3733, 28.8649, 30.4664, 32.0464, 33.4505, 34.7649, 36.1912, 37.521, 38.8272, 40.114, 41.4556, 42.705, 43.8281, 44.9877, 46.2223, 47.4505, 48.6516, 49.8387, 51.0004, 52.2, 53.3826, 54.5571, 55.8305, 57.1057, 58.4297, 59.8009, 61.1962, 62.5435, 63.9353, 65.3349, 66.6663, 67.9199, 69.1152, 70.3064, 71.5283, 72.8558, 74.1947]
growth_rate:8.66
