ticker:MBWM
price:[21.719999313354492, 19.790000915527344, 19.690000534057617, 17.639999389648438, 19.600000381469727, 20.899999618530273, 21.190000534057617, 24.100000381469727, 21.860000610351562, 21.3700008392334, 24.09000015258789, 24.15999984741211, 25.549999237060547, 25.68000030517578, 26.06999969482422, 26.43000030517578, 27.239999771118164, 27.170000076293945, 28.3700008392334, 28.829999923706055, 29.420000076293945, 27.149999618530273, 28.920000076293945, 29.020000457763672, 29.540000915527344, 29.239999771118164, 31.850000381469727, 34.2400016784668, 33.2400016784668, 33.060001373291016, 32.650001525878906, 32.130001068115234, 32.38999938964844, 32.2400016784668, 32.279998779296875, 32.970001220703125, 32.970001220703125, 32.400001525878906, 32.29999923706055, 32.290000915527344, 32.029998779296875, 29.709999084472656, 30.510000228881836, 30.209999084472656, 29.799999237060547, 30.079999923706055, 30.829999923706055, 31.25, 32.619998931884766, 32.720001220703125, 31.700000762939453, 32.31999969482422]
assets:[0, 100.00085362625121, 199.49514741096496, 278.7243383560181, 409.69292797374726, 536.8666502010345, 644.3158702388764, 832.7996131820678, 855.3949398834229, 936.2218737668991, 1155.3853153182984, 1258.743240050125, 1431.162767264557, 1538.4451622825623, 1661.8086675468446, 1784.7571316078186, 1939.4552957038882, 2034.4705867128373, 2224.3272197994233, 2360.392817753601, 2508.696362505722, 2415.1282160663604, 2672.578183050537, 2781.8195178806304, 2931.664896860504, 3001.892412502098, 3369.8447003608703, 3722.7167904899597, 3713.9918115394594, 3793.8798015953066, 3846.829709779358, 3885.564567169952, 4017.007724304199, 4098.403821369553, 4203.488529040528, 4393.341681661987, 4493.342992364502, 4515.6594926651, 4601.7227513053895, 4700.29721226883, 4762.45083449707, 4517.497461791229, 4739.139692552376, 4792.5414437599175, 4827.498556406403, 4972.858675387001, 5196.849688139534, 5367.646875, 5702.964199261093, 5820.446497146607, 5739.003008123398, 5951.249607806397]
shares:[0, 5.0531, 10.1318, 15.8007, 20.9027, 25.6874, 30.4066, 34.556, 39.1306, 43.8101, 47.9612, 52.1003, 56.0142, 59.9083, 63.7441, 67.5277, 71.1988, 74.8793, 78.4042, 81.8728, 85.2718, 88.955, 92.4128, 95.8587, 99.2439, 102.6639, 105.8036, 108.7242, 111.7326, 114.7574, 117.8202, 120.9326, 124.02, 127.1217, 130.2196, 133.2527, 136.2858, 139.3722, 142.4682, 145.5651, 148.6872, 152.0531, 155.3307, 158.6409, 161.9966, 165.3211, 168.5647, 171.7647, 174.8303, 177.8865, 181.0411, 184.1352]
growth_rate:16.69
