ticker:MCADU
price:[10.399999618530273, 10.40999984741211, 10.550000190734863, 10.279999732971191, 10.520000457763672, 10.5, 10.550000190734863, 10.239999771118164, 10.029999732971191, 10.182999610900879, 10.119999885559082, 9.97700023651123, 10.279999732971191, 10.567000389099121, 10.529999732971191, 10.600000381469727, 10.75, 10.859999656677246, 10.65999984741211, 10.704999923706055, 10.699999809265137, 10.649999618530273, 10.649999618530273, 10.520000457763672, 10.800000190734863, 10.635000228881836, 10.654999732971191, 10.600000381469727, 10.600000381469727, 10.600000381469727, 10.600000381469727, 10.600000381469727, 10.510000228881836, 10.670000076293945]
assets:[0, 99.99949953422546, 201.34464364013672, 296.19146430625915, 403.10642954063417, 502.33995000000004, 604.7323409330368, 686.9626726451875, 772.874668423748, 884.6643839963913, 979.1909489269257, 1065.3550599549294, 1197.7094048888207, 1331.1472297156333, 1426.4864278259276, 1535.9697352760315, 1657.7048249999998, 1774.66729589653, 1841.9850796337125, 1949.7605136041643, 2048.8498734778404, 2139.2760733737946, 2239.2763747919084, 2311.9426286010744, 2473.4776036831854, 2535.6882155719754, 2640.4570383265495, 2726.827838132286, 2826.828241731071, 2926.828645329857, 3026.829048928642, 3126.8294525274277, 3200.2803556941985, 3349.000392946434]
shares:[0, 9.6061, 19.0848, 28.8124, 38.3181, 47.8419, 57.3206, 67.0862, 77.0563, 86.8766, 96.758, 106.7811, 116.5087, 125.9721, 135.4688, 144.9028, 154.2051, 163.4132, 172.7941, 182.1355, 191.4813, 200.871, 210.2607, 219.7664, 229.0257, 238.4286, 247.8139, 257.2479, 266.6819, 276.1159, 285.5499, 294.9839, 304.4986, 313.8707]
growth_rate:1.48
