ticker:MCAD
price:[9.949999809265137, 9.8100004196167, 9.899999618530273, 9.9399995803833, 9.949999809265137, 9.890000343322754, 9.9399995803833, 9.899999618530273, 9.960000038146973, 9.9399995803833, 9.979999542236328, 9.979999542236328, 9.9399995803833, 9.979999542236328, 9.930000305175781, 9.930000305175781, 9.9399995803833, 9.930000305175781, 9.920000076293945, 9.930000305175781, 9.920000076293945, 9.930000305175781, 9.9399995803833, 9.960000038146973, 9.970000267028809]
assets:[0, 100.00020127744675, 200.91752225818632, 301.72968126249316, 402.0337222932816, 499.6091913434982, 602.1353545808792, 699.7121730384827, 803.9532750791549, 902.3392459077835, 1005.9699818580626, 1105.9695772712707, 1201.5372092771531, 1306.371960079193, 1399.8271780204775, 1499.8272460937499, 1601.337908399582, 1699.727089237213, 1798.014893828392, 1899.827518386841, 1997.9138073657991, 2099.9279475364683, 2202.042897040844, 2306.4740608338357, 2408.789950515175]
shares:[0, 10.1937, 20.2947, 30.3551, 40.4054, 50.5166, 60.577, 70.678, 80.7182, 90.7786, 100.7986, 110.8186, 120.879, 130.899, 140.9695, 151.04, 161.1004, 171.1709, 181.2515, 191.322, 201.4026, 211.4731, 221.5335, 231.5737, 241.6038]
growth_rate:0.37
