ticker:MCBC
price:[7.320000171661377, 7.090000152587891, 7.019999980926514, 6.349999904632568, 6.78000020980835, 7.329999923706055, 7.179999828338623, 7.570000171661377, 7.190000057220459, 7.230000019073486, 7.650000095367432, 7.829999923706055, 8.109999656677246, 8.15999984741211, 8.119999885559082, 8.3100004196167, 8.300000190734863, 8.369999885559082, 8.880000114440918, 9.050000190734863, 8.970000267028809, 8.300000190734863, 8.569999694824219, 8.600000381469727, 8.720000267028809, 8.829999923706055, 9.800000190734863, 10.579999923706055, 10.399999618530273, 10.149999618530273, 10.029999732971191, 9.9399995803833, 9.930000305175781, 9.960000038146973, 9.569999694824219, 9.699999809265137, 9.760000228881836, 9.75, 9.600000381469727, 9.430000305175781, 9.180000305175781, 8.920000076293945, 9.020000457763672, 8.619999885559082, 8.529999732971191, 8.550000190734863, 8.170000076293945, 8.319999694824219, 8.420000076293945, 8.399999618530273, 8.25, 8.369999885559082]
assets:[0, 100.00019815216065, 199.01278745927812, 280.01848579454423, 398.980638346529, 531.3465634695053, 620.4733271655559, 754.1756501020909, 816.3173754965305, 920.8590744293213, 1074.3530083932399, 1199.6319393110275, 1342.5309651662826, 1450.8079888706206, 1543.6964262435913, 1679.81755582304, 1777.796130853939, 1892.7892631203651, 2108.1209071683884, 2248.4788823882104, 2328.6030993204117, 2254.6718118125914, 2428.0163195388795, 2536.5159325120926, 2671.9092338207247, 2805.6141537586213, 3213.8189225497244, 3569.612624258995, 3608.882027626991, 3622.129878868675, 3679.306808045769, 3746.2924058504104, 3842.523841091156, 3954.1329631443978, 3899.302117655945, 4052.270950318623, 4177.3367059627535, 4273.05645, 4307.317611157418, 4331.04260216217, 4316.221331486511, 4293.975644726944, 4442.114803436661, 4345.124718313217, 4399.757655267048, 4510.073800611496, 4409.626004178428, 4590.585623618317, 4745.761275001526, 4834.48874045105, 4848.1587, 5018.677041380882]
shares:[0, 14.1044, 28.3494, 44.0974, 58.8467, 72.4893, 86.4169, 99.6269, 113.5351, 127.3664, 140.4383, 153.2097, 165.5402, 177.7951, 190.1104, 202.1441, 214.1923, 226.1397, 237.401, 248.4507, 259.599, 271.6472, 283.3158, 294.9437, 306.4116, 317.7366, 327.9407, 337.3925, 347.0079, 356.8601, 366.8302, 376.8906, 386.9611, 397.0013, 407.4506, 417.7599, 428.0058, 438.2622, 448.6789, 459.2834, 470.1766, 481.3874, 492.4739, 504.0748, 515.7981, 527.494, 539.7339, 551.7531, 563.6296, 575.5344, 587.6556, 599.603]
growth_rate:-1.59
