ticker:MCBS
price:[13.300000190734863, 12.859999656677246, 13.210000038146973, 12.550000190734863, 13.479999542236328, 14.399999618530273, 14.699999809265137, 14.65999984741211, 13.970000267028809, 13.630000114440918, 13.899999618530273, 14.5, 14.34000015258789, 14.350000381469727, 14.149999618530273, 14.800000190734863, 14.34000015258789, 14.420000076293945, 14.880000114440918, 14.9399995803833, 15.039999961853027, 14.239999771118164, 14.899999618530273, 14.829999923706055, 14.649999618530273, 14.289999961853027, 15.180000305175781, 16.760000228881836, 16.15999984741211, 15.729999542236328, 15.470000267028809, 14.9399995803833, 14.920000076293945, 15.460000038146973, 16.010000228881836, 16.399999618530273, 16.549999237060547, 16.959999084472656, 17.209999084472656, 17.5, 18.239999771118164, 17.969999313354492, 17.479999542236328, 17.780000686645508, 17.700000762939453, 17.770000457763672, 18.290000915527344, 19.969999313354492, 20.860000610351562, 21.389999389648438, 20.90999984741211, 21.170000076293945]
assets:[0, 99.99935733032227, 202.72066058540344, 292.5919594468117, 414.27408593177796, 542.5473456274033, 653.8501115161896, 752.0711861721038, 816.6736426102639, 896.7981245297433, 1014.5623621564865, 1158.35715, 1245.5752812538149, 1346.4433157928468, 1427.6769465112686, 1593.2599805331229, 1643.73972549057, 1752.9096292743684, 1908.827246680641, 2016.5234553623197, 2130.020442597485, 2116.721853977585, 2314.8281807357785, 2403.9533686326977, 2474.774625559616, 2513.9610982890126, 2770.533733698273, 3158.9030551393507, 3145.8154582962034, 3162.10900097847, 3209.842509405327, 3199.873014125824, 3295.5892968521116, 3514.866566672802, 3739.9104374664307, 3931.0143085632326, 4066.968677516556, 4267.720889621734, 4430.629935301972, 4605.2895, 4900.028194512749, 4927.494210717202, 4893.13257185936, 5077.111200072861, 5154.266772169113, 5274.651465877533, 5529.003261760711, 6136.8606689910885, 6510.362384489441, 6775.774276657105, 6723.72336493454, 6907.32857189312]
shares:[0, 7.776, 15.346, 23.3141, 30.7325, 37.6769, 44.4796, 51.3009, 58.4591, 65.7959, 72.9901, 79.8867, 86.8602, 93.8288, 100.8959, 107.6527, 114.6262, 121.561, 128.2814, 134.9748, 141.6237, 148.6462, 155.3576, 162.1007, 168.9266, 175.9245, 182.5121, 188.4787, 194.6668, 201.0241, 207.4882, 214.1816, 220.884, 227.3523, 233.5984, 239.696, 245.7383, 251.6345, 257.4451, 263.1594, 268.6419, 274.2067, 279.9275, 285.5518, 291.2015, 296.829, 302.2965, 307.304, 312.0979, 316.773, 321.5554, 326.2791]
growth_rate:35.44
