ticker:MCEF
price:[19.325000762939453, 19.280000686645508, 19.209999084472656, 19.03499984741211, 19.200000762939453, 19.2549991607666, 19.135000228881836, 19.125, 18.920000076293945, 19.360000610351562, 19.389999389648438, 19.6200008392334, 19.735000610351562, 19.950000762939453, 20.049999237060547, 19.850000381469727, 20.0, 20.243000030517578, 20.155000686645508, 20.1299991607666, 20.288000106811523, 20.399999618530273, 20.479999542236328, 20.690000534057617, 20.31999969482422, 19.969999313354492, 19.871999740600586, 20.084999084472656, 20.003000259399414, 20.200000762939453, 20.399999618530273, 20.56399917602539, 20.65999984741211, 20.655000686645508, 20.674999237060547, 20.950000762939453, 20.68000030517578, 20.860000610351562, 20.989999771118164, 21.045000076293945, 21.100000381469727, 21.139999389648438, 21.200000762939453, 21.43000030517578, 21.56999969482422, 21.334999084472656, 21.31999969482422, 21.55500030517578, 21.514999389648438, 21.489999771118164, 21.540000915527344, 21.635000228881836]
assets:[0, 99.99957956142426, 199.6360734855652, 297.8178006126404, 400.3987359104156, 501.54651613998413, 598.420343157959, 698.1084000000001, 790.625179188156, 909.012044657898, 1010.4206241943359, 1122.4053120101928, 1228.9833485092163, 1342.3717113357543, 1449.099659859085, 1534.6452144922257, 1646.242, 1766.2442629627228, 1858.5651713180541, 1956.2594874422073, 2071.6137773065566, 2183.050879178047, 2291.611596778488, 2415.110658339691, 2471.9218668754575, 2529.3441970314025, 2616.931722639847, 2744.9806718765262, 2833.7750392484663, 2961.683711860657, 3091.007942199707, 3215.8578267444614, 3330.8712873992918, 3430.064427027512, 3533.386314612579, 3680.3850990291594, 3732.953059087372, 3865.4457251007084, 3989.5356724967955, 4099.989019363594, 4210.70341612587, 4318.6862473114015, 4430.944319459533, 4579.016741207886, 4708.931534377289, 4757.627989840698, 4854.282506515503, 5007.789156400299, 5098.495465362548, 5192.5706216959, 5304.651717466736, 5428.0463139245985]
shares:[0, 5.1867, 10.3923, 15.6458, 20.8541, 26.0476, 31.2736, 36.5024, 41.7878, 46.9531, 52.1104, 57.2072, 62.2743, 67.2868, 72.2743, 77.3121, 82.3121, 87.2521, 92.2136, 97.1813, 102.1103, 107.0123, 111.8951, 116.7284, 121.6497, 126.6572, 131.6894, 136.6682, 141.6675, 146.618, 151.52, 156.3829, 161.2232, 166.0646, 170.9014, 175.6747, 180.5103, 185.3042, 190.0684, 194.8201, 199.5594, 204.2898, 209.0068, 213.6732, 218.3093, 222.9964, 227.6868, 232.3261, 236.974, 241.6273, 246.2698, 250.8919]
growth_rate:6.43
