ticker:MCFE
price:[18.790000915527344, 16.760000228881836, 16.799999237060547, 17.15999984741211, 15.850000381469727, 16.8799991607666, 15.479999542236328, 15.800000190734863, 17.170000076293945, 17.760000228881836, 16.690000534057617, 17.40999984741211, 18.510000228881836, 19.190000534057617, 18.850000381469727, 20.56999969482422, 20.579999923706055, 19.469999313354492, 20.700000762939453, 21.190000534057617, 23.780000686645508, 24.549999237060547, 22.6200008392334, 23.549999237060547, 24.15999984741211, 24.3700008392334, 25.170000076293945, 24.280000686645508, 22.90999984741211, 23.75, 24.84000015258789, 25.1299991607666, 27.239999771118164, 28.399999618530273, 28.18000030517578, 28.34000015258789, 28.1200008392334, 28.399999618530273, 25.65999984741211, 26.799999237060547, 27.06999969482422, 30.639999389648438, 26.389999389648438, 25.8700008392334, 26.770000457763672, 26.56999969482422]
assets:[0, 100.00021736564636, 200.23919090652467, 304.529937292099, 381.28126917648314, 506.05899883995056, 564.0865393192291, 675.7470481575012, 834.3400967073441, 963.0093724107743, 1004.9900511583328, 1148.3444389354706, 1320.8995303333284, 1469.4243968940734, 1543.3890212337492, 1784.217089529419, 1885.0847750116347, 1883.4109135780334, 2102.393507487869, 2252.160135761833, 2627.4356298669813, 2812.511742595673, 2691.406869854927, 2902.0616959831236, 3077.232604565048, 3203.980061335945, 3409.1582113336563, 3388.6115878309247, 3297.408786038208, 3518.3083749999996, 3779.7811072185514, 3923.9086409584042, 4353.374183421134, 4638.759377692032, 4702.824986929321, 4829.527118003082, 4892.0365460014345, 5040.747172292518, 4654.4211843223575, 4961.202458765029, 5111.184094378662, 5885.24835476532, 5168.919454452514, 5167.069594621849, 5446.827745140075, 5506.132920758057]
shares:[0, 5.9666, 11.919, 17.7465, 24.0556, 29.9798, 36.4397, 42.7688, 48.5929, 54.2235, 60.2151, 65.9589, 71.3614, 76.5724, 81.8774, 86.7388, 91.5979, 96.734, 101.5649, 106.2841, 110.4893, 114.5626, 118.9835, 123.2298, 127.3689, 131.4723, 135.4453, 139.5639, 143.9288, 148.1393, 152.1651, 156.1444, 159.8155, 163.3366, 166.8852, 170.4138, 173.97, 177.4911, 181.3882, 185.1195, 188.8136, 192.0773, 195.8666, 199.7321, 203.4676, 207.2312]
growth_rate:22.36
