ticker:MCFT
price:[21.049999237060547, 17.5, 17.040000915527344, 16.780000686645508, 18.899999618530273, 20.0, 20.559999465942383, 19.670000076293945, 20.6200008392334, 22.770000457763672, 23.450000762939453, 22.40999984741211, 22.610000610351562, 22.510000228881836, 22.8799991607666, 25.799999237060547, 26.690000534057617, 24.84000015258789, 25.540000915527344, 27.040000915527344, 28.790000915527344, 25.530000686645508, 27.530000686645508, 27.280000686645508, 27.450000762939453, 25.6299991607666, 28.3700008392334, 31.25, 29.540000915527344, 27.059999465942383, 27.489999771118164, 27.06999969482422, 27.360000610351562, 29.440000534057617, 28.360000610351562, 29.75, 32.650001525878906, 30.639999389648438, 27.760000228881836, 26.559999465942383, 25.889999389648438, 25.1299991607666, 25.979999542236328, 25.68000030517578, 25.25, 24.5, 26.530000686645508, 26.65999984741211, 26.270000457763672, 25.709999084472656, 24.459999084472656, 25.8700008392334]
assets:[0, 100.00025, 197.37092260437012, 294.3598060453415, 431.5493612897873, 556.666, 672.2523585378647, 743.1522728824615, 879.0450697771072, 1070.7000695251463, 1202.6754991287232, 1249.3373224933623, 1360.4866957260133, 1454.4701587890627, 1578.376742105484, 1879.8137444114686, 2044.6595539129255, 2002.9361523036957, 2159.37898340683, 2386.201664792633, 2640.6332789726257, 2441.62544066906, 2732.900415163231, 2808.083238680267, 2925.5826513130187, 2831.6099962812423, 3234.3276196769716, 3662.6625000000004, 3562.240526403809, 3363.1763876241685, 3516.619734720611, 3562.891098833466, 3701.0611545639035, 4082.4272100574494, 4032.664466789246, 4330.3148, 4852.430166775513, 4653.704219297791, 4316.28029158783, 4229.69850695095, 4223.0006484436035, 4199.034384770393, 4441.062689749146, 4489.780829355622, 4514.601525, 4480.503650000001, 4951.745038160324, 5076.007984947586, 5101.752303899765, 5092.9965586395265, 4945.378872896576, 5330.456758922195]
shares:[0, 5.7143, 11.5828, 17.5423, 22.8333, 27.8333, 32.6971, 37.781, 42.6307, 47.0224, 51.2868, 55.7491, 60.1719, 64.6144, 68.985, 72.861, 76.6077, 80.6335, 84.5489, 88.2471, 91.7205, 95.6375, 99.2699, 102.9356, 106.5786, 110.4803, 114.0052, 117.2052, 120.5904, 124.2859, 127.9236, 131.6177, 135.2727, 138.6694, 142.1955, 145.5568, 148.6196, 151.8833, 155.4856, 159.2507, 163.1132, 167.0925, 170.9416, 174.8357, 178.7961, 182.8777, 186.647, 190.3979, 194.2045, 198.094, 202.1823, 206.0478]
growth_rate:4.52
