ticker:MCHI
price:[74.80999755859375, 72.7300033569336, 73.98999786376953, 71.5999984741211, 73.98999786376953, 76.7699966430664, 77.80999755859375, 78.52999877929688, 77.72000122070312, 82.80999755859375, 80.45999908447266, 81.5, 82.43000030517578, 80.73999786376953, 79.5999984741211, 80.33999633789062, 77.62000274658203, 80.97000122070312, 85.44999694824219, 85.6500015258789, 91.05999755859375, 87.5199966430664, 92.4000015258789, 96.37999725341797, 95.6500015258789, 87.11000061035156, 85.19000244140625, 84.55000305175781, 84.9000015258789, 81.3499984741211, 82.91999816894531, 81.37999725341797, 82.19000244140625, 83.79000091552734, 81.9800033569336, 80.7699966430664, 78.23999786376953, 79.37999725341797, 81.83999633789062, 82.69999694824219, 81.4800033569336, 80.31999969482422, 83.0199966430664, 80.56999969482422, 77.7300033569336, 78.01000213623047, 74.83999633789062, 71.2699966430664, 70.68000030517578, 71.19999694824219, 66.12999725341797, 68.9800033569336]
assets:[0, 99.996481615448, 201.72633017578124, 295.2067937088013, 405.0582433052063, 520.2779442497254, 627.3275433166505, 733.1325096038818, 825.572940966797, 979.6422711181641, 1051.8455220314027, 1165.44185, 1278.7448377342223, 1352.5241482147217, 1433.428812522125, 1546.7538134948732, 1594.3847144172669, 1763.1946495819093, 1960.752719973755, 2065.3384417945863, 2295.7955524475096, 2306.545751529694, 2535.1603618652343, 2744.3625937927245, 2823.5784800437928, 2671.4807877182006, 2712.5945007385253, 2792.213120782471, 2903.775322188568, 2882.3606059356694, 3037.9897249145506, 3081.567527996826, 3212.2400844177246, 3374.7763508743287, 3401.8750113006595, 3451.6654215431213, 3443.5457299789427, 3593.7229876556394, 3805.0933417327883, 3945.079304420471, 3986.881748257446, 4030.1202406875614, 4265.592333519745, 4239.714238941192, 4190.269020965577, 4305.364216898346, 4230.413116995239, 4128.6138895355225, 4194.433938110352, 4325.293014610291, 4117.29991999588, 4394.743605871582]
shares:[0, 1.3749, 2.7264, 4.123, 5.4745, 6.7771, 8.0623, 9.3357, 10.6224, 11.83, 13.0729, 14.2999, 15.5131, 16.7516, 18.0079, 19.2526, 20.5409, 21.7759, 22.9462, 24.1137, 25.2119, 26.3545, 27.4368, 28.4744, 29.5199, 30.6679, 31.8417, 33.0244, 34.2023, 35.4316, 36.6376, 37.8664, 39.0831, 40.2766, 41.4964, 42.7345, 44.0126, 45.2724, 46.4943, 47.7035, 48.9308, 50.1758, 51.3803, 52.6215, 53.908, 55.1899, 56.5261, 57.9292, 59.344, 60.7485, 62.2607, 63.7104]
growth_rate:-13.83
