ticker:MCHP
price:[108.1500015258789, 100.69999694824219, 101.4000015258789, 99.05000305175781, 103.76000213623047, 113.9800033569336, 110.80999755859375, 112.5199966430664, 105.08000183105469, 125.27999877929688, 126.1500015258789, 130.97999572753906, 133.00999450683594, 144.24000549316406, 140.61000061035156, 138.00999450683594, 136.77000427246094, 138.11000061035156, 147.39999389648438, 148.55999755859375, 150.1300048828125, 136.11000061035156, 145.44000244140625, 159.5500030517578, 162.35000610351562, 152.6300048828125, 145.44000244140625, 147.4499969482422, 150.05999755859375, 155.4199981689453, 160.1699981689453, 161.72999572753906, 158.2899932861328, 156.3800048828125, 150.2899932861328, 149.75, 145.47000122070312, 149.80999755859375, 156.9499969482422, 155.3800048828125, 154.08999633789062, 145.6199951171875, 148.77000427246094, 148.25, 144.02000427246094, 133.75999450683594, 139.22000122070312, 143.1199951171875, 149.72999572753906, 151.57000732421875, 144.83999633789062, 159.3800048828125]
assets:[0, 99.99509696960449, 200.69088302001953, 296.04064912109374, 410.1217844436645, 550.5120182136536, 635.196149005127, 744.9948977737428, 795.7393298660279, 1048.7063417816164, 1155.988153982544, 1300.251515586853, 1420.4004303390504, 1640.3261904693602, 1699.046881375122, 1767.6320096435547, 1851.756441845703, 1969.9043717056272, 2202.4064888031007, 2319.7346498779298, 2444.251596496582, 2315.9933263854978, 2574.753451220703, 2924.5515559387204, 3075.8832156372073, 2991.731251708984, 2950.803121533203, 3091.5840860137937, 3246.3079511840824, 3462.260215209961, 3668.0691450668332, 3803.7924615142824, 3822.8932858520507, 3876.76978704834, 3825.7970980911255, 3912.054025, 3900.2398437286374, 4116.598960913086, 4412.790419197083, 4468.651250427246, 4531.555657302856, 4382.462877050781, 4577.266229452514, 4661.261675, 4628.255661300659, 4398.536907363891, 4678.084403018189, 4909.1303285156255, 5235.863301597595, 5400.212005950928, 5260.429342996215, 5888.501474401855]
shares:[0, 0.993, 1.9792, 2.9888, 3.9526, 4.8299, 5.7323, 6.621, 7.5727, 8.3709, 9.1636, 9.9271, 10.6789, 11.3722, 12.0834, 12.808, 13.5392, 14.2633, 14.9417, 15.6148, 16.2809, 17.0156, 17.7032, 18.33, 18.946, 19.6012, 20.2888, 20.967, 21.6334, 22.2768, 22.9011, 23.5194, 24.1512, 24.7907, 25.4561, 26.1239, 26.8113, 27.4788, 28.1159, 28.7595, 29.4085, 30.0952, 30.7674, 31.4419, 32.1362, 32.8838, 33.6021, 34.3008, 34.9687, 35.6285, 36.3189, 36.9463]
growth_rate:15.46
