ticker:MCHX
price:[1.7999999523162842, 1.809999942779541, 1.7799999713897705, 2.0799999237060547, 2.140000104904175, 2.1600000858306885, 1.899999976158142, 1.8899999856948853, 1.7100000381469727, 1.8200000524520874, 1.7999999523162842, 2.009999990463257, 2.1700000762939453, 2.359999895095825, 2.3299999237060547, 2.069999933242798, 2.1500000953674316, 1.9600000381469727, 2.2200000286102295, 2.4200000762939453, 2.7300000190734863, 2.9200000762939453, 2.990000009536743, 3.2899999618530273, 3.630000114440918, 3.0, 2.9600000381469727, 3.0, 3.380000114440918, 2.940000057220459, 2.9000000953674316, 2.890000104904175, 2.9000000953674316, 3.059999942779541, 2.9000000953674316, 2.799999952316284, 2.549999952316284, 2.5999999046325684, 2.549999952316284, 2.5399999618530273, 2.75, 2.7899999618530273, 2.75, 3.119999885559082, 2.880000114440918, 2.6500000953674316, 2.549999952316284, 2.5399999618530273, 3.059999942779541, 3.0, 2.930000066757202, 3.0999999046325684]
assets:[0, 99.99996283864975, 198.3425488120079, 331.77101183071136, 441.34142363483903, 545.4661176748752, 579.8081727243662, 676.7566418777346, 712.3035938901902, 858.1243827309966, 948.6944748681784, 1159.3754314991713, 1351.6639695224762, 1570.0123502115011, 1650.0546859703063, 1565.928453499031, 1726.4474965799332, 1673.877664578247, 1995.9225497224331, 2275.735401745796, 2667.2550636351107, 2952.8883291532516, 3123.676630963111, 3537.0888289880754, 4002.6239821884155, 3407.9535, 3462.5142126231194, 3609.3048, 4166.483553069877, 3724.101012481213, 3773.433144090557, 3860.421391129518, 3973.779360679007, 4293.022023722649, 4168.550617084122, 4124.807329754949, 3856.5209878849982, 4032.138872102022, 4054.5978441810607, 4138.697527842998, 4580.873275, 4747.504111088562, 4779.4395, 5522.491213436222, 5197.684526537419, 4882.591520713282, 4798.342560273409, 4879.525600716877, 5978.483456205368, 5961.2582999999995, 5922.162428930712, 6365.768894165468]
shares:[0, 55.2486, 111.4284, 159.5053, 206.2343, 252.5306, 305.1622, 358.0723, 416.5518, 471.4969, 527.0525, 576.8037, 622.8866, 665.2595, 708.178, 756.4872, 802.9988, 854.0192, 899.0642, 940.3865, 977.0165, 1011.2631, 1044.7079, 1075.103, 1102.6512, 1135.9845, 1169.7683, 1203.1016, 1232.6874, 1266.701, 1301.1838, 1335.7859, 1370.2687, 1402.9484, 1437.4312, 1473.1455, 1512.3612, 1550.8227, 1590.0384, 1629.4085, 1665.7721, 1701.6144, 1737.978, 1770.0293, 1804.7515, 1842.4873, 1881.703, 1921.0731, 1953.7528, 1987.0861, 2021.2158, 2053.4739]
growth_rate:24.82
