ticker:MCMJ
price:[9.920000076293945, 9.850000381469727, 9.890000343322754, 9.800000190734863, 9.819999694824219, 9.829999923706055, 9.803000450134277, 9.800000190734863, 9.75, 9.890000343322754, 9.840999603271484, 9.864999771118164, 9.850000381469727, 10.130000114440918, 10.25, 10.149999618530273, 10.239999771118164, 10.199999809265137, 10.430000305175781, 10.529999732971191, 10.479999542236328, 10.15999984741211, 10.699999809265137, 10.649999618530273, 10.670000076293945, 10.34000015258789, 10.149999618530273, 10.0, 10.0, 9.930000305175781, 9.949999809265137, 10.039999961853027, 10.020000457763672, 9.989999771118164, 9.949999809265137, 9.989999771118164, 9.925000190734863, 9.930000305175781, 9.9399995803833, 9.979999542236328, 9.979999542236328, 9.970000267028809, 9.960000038146973, 9.960000038146973, 9.949999809265137, 9.970000267028809, 9.960000038146973, 9.989999771118164, 9.970000267028809, 9.960000038146973, 9.9399995803833, 9.960000038146973]
assets:[0, 100.00015887279511, 200.40602195692063, 298.58248581123354, 399.1918255943298, 499.5979501224518, 598.2261418693543, 698.0432335858345, 794.481675, 905.8894164471627, 1001.40142172966, 1103.84316288929, 1202.164966557312, 1336.33847209692, 1452.16875, 1538.0010221969603, 1651.6382350830079, 1745.1863073658942, 1884.538347140503, 2002.6069322161673, 2093.0979965740203, 2129.186464022827, 2342.351938245964, 2431.4066279100416, 2535.9730621330264, 2557.5411337417604, 2610.545391887283, 2671.966, 2771.966, 2852.562390666962, 2958.3080732912067, 3085.0670922782897, 3178.9212972290043, 3269.403249094391, 3356.3130406617165, 3469.8056415029528, 3547.229805669308, 3649.016932144165, 3752.6917775802613, 3867.7927345916746, 3967.792330004883, 4063.816973842144, 4159.7412279318805, 4259.741620314884, 4355.465156508637, 4464.220160566235, 4559.742797463894, 4673.476737925529, 4764.120759598542, 4859.342586611367, 4949.585019053459, 5059.544563378144]
shares:[0, 10.1523, 20.2635, 30.4676, 40.6509, 50.8238, 61.0248, 71.2289, 81.4853, 91.5965, 101.7581, 111.8949, 122.0472, 131.9189, 141.675, 151.5272, 161.2928, 171.0967, 180.6844, 190.1811, 199.7231, 209.5656, 218.9114, 228.3011, 237.6732, 247.3444, 257.1966, 267.1966, 277.1966, 287.2671, 297.3174, 307.2776, 317.2576, 327.2676, 337.3179, 347.3279, 357.4035, 367.474, 377.5344, 387.5544, 397.5744, 407.6045, 417.6447, 427.6849, 437.7352, 447.7653, 457.8055, 467.8155, 477.8456, 487.8858, 497.9462, 507.9864]
growth_rate:-0.79
