ticker:MCRB
price:[23.920000076293945, 25.5, 25.649999618530273, 26.360000610351562, 27.690000534057617, 31.799999237060547, 34.04999923706055, 30.155000686645508, 27.889999389648438, 34.59000015258789, 34.459999084472656, 34.4900016784668, 29.010000228881836, 25.420000076293945, 24.34000015258789, 24.1200008392334, 24.280000686645508, 24.5, 27.600000381469727, 24.479999542236328, 24.049999237060547, 23.75, 27.040000915527344, 25.940000534057617, 24.450000762939453, 19.040000915527344, 19.059999465942383, 21.3700008392334, 21.450000762939453, 18.8700008392334, 20.450000762939453, 20.579999923706055, 20.729999542236328, 20.459999084472656, 20.809999465942383, 20.729999542236328, 22.540000915527344, 21.280000686645508, 21.110000610351562, 18.770000457763672, 20.540000915527344, 21.829999923706055, 23.56999969482422, 21.170000076293945, 21.299999237060547, 20.799999237060547, 7.389999866485596, 7.099999904632568, 6.980000019073486, 6.650000095367432, 6.079999923706055, 6.25]
assets:[0, 100.0008, 200.58812701683044, 306.139775088501, 421.58579613113403, 584.1628059848786, 725.4965237442017, 742.5065819072723, 786.7350477828979, 1075.731709745407, 1171.6882128707884, 1272.7086539367674, 1170.4925882349014, 1125.6433593784332, 1177.8199093837738, 1267.1731880901336, 1375.5785829017639, 1488.0418, 1776.324984551239, 1675.5237766685484, 1746.0924746086118, 1824.3111250000002, 2177.025625710297, 2188.4644610565183, 2162.7590474868775, 1784.209925792694, 1886.0841531522751, 2214.6714889736177, 2322.962152623749, 2143.556615333557, 2423.0387903976443, 2538.442148589516, 2656.9433113288883, 2722.3379141830446, 2868.908146373749, 2957.8786416835787, 3316.141284694672, 3230.765880247688, 3304.956363555908, 3038.609679105759, 3425.147852668762, 3740.2626839281083, 4138.387548417663, 3816.9997047559737, 3940.4380888584133, 3947.9396951904296, 1502.657446851635, 1543.6897892651082, 1617.5989504202366, 1641.1222685352802, 1600.454795916939, 1745.2043750000003]
shares:[0, 3.9216, 7.8202, 11.6138, 15.2252, 18.3699, 21.3068, 24.623, 28.2085, 31.0995, 34.0014, 36.9008, 40.3479, 44.2818, 48.3903, 52.5362, 56.6548, 60.7364, 64.3596, 68.4446, 72.6026, 76.8131, 80.5113, 84.3664, 88.4564, 93.7085, 98.9551, 103.6346, 108.2966, 113.596, 118.486, 123.3451, 128.169, 133.0566, 137.862, 142.6859, 147.1225, 151.8217, 156.5588, 161.8865, 166.755, 171.3359, 175.5786, 180.3023, 184.9971, 189.8048, 203.3366, 217.4211, 231.7477, 246.7853, 263.2327, 279.2327]
growth_rate:-65.78
