ticker:MCRI
price:[46.290000915527344, 44.40999984741211, 45.36000061035156, 45.279998779296875, 45.65999984741211, 46.4900016784668, 46.40999984741211, 45.400001525878906, 43.38999938964844, 48.939998626708984, 47.7400016784668, 49.400001525878906, 56.5099983215332, 53.29999923706055, 52.400001525878906, 57.400001525878906, 59.5, 61.220001220703125, 61.15999984741211, 60.7599983215332, 61.5, 52.849998474121094, 57.52000045776367, 56.5, 56.5099983215332, 67.66000366210938, 62.29999923706055, 69.13999938964844, 64.47000122070312, 64.02999877929688, 62.56999969482422, 66.37000274658203, 67.45999908447266, 66.86000061035156, 75.41000366210938, 73.23999786376953, 72.87999725341797, 70.94999694824219, 71.36000061035156, 70.69999694824219, 71.48999786376953, 65.29000091552734, 67.45999908447266, 66.51000213623047, 65.83999633789062, 60.2400016784668, 60.849998474121094, 63.849998474121094, 65.68000030517578, 65.33999633789062, 64.73999786376953, 67.3499984741211]
assets:[0, 99.99799665641785, 202.13777071990967, 301.7821358642578, 404.31473264884954, 511.66430947303775, 610.7834439918519, 697.4893034423828, 766.6101702163696, 964.6661009307862, 1041.0137026004793, 1177.2119163619996, 1446.6446550315857, 1464.4707790374755, 1539.7426048370362, 1786.6668874954223, 1952.03435, 2108.4658180419924, 2206.402038495254, 2291.970428685379, 2419.88355, 2179.523367073059, 2472.1118356739044, 2528.2733, 2628.7207999214174, 3247.3960037658694, 3090.1360321575166, 3529.4033768432614, 3391.0124652069094, 3467.8711368865966, 3488.796813983917, 3800.67820728302, 3963.099550215149, 4027.85370276947, 4642.933597473145, 4609.32996955719, 4686.672119376374, 4662.557094450378, 4789.49770496521, 4845.198050857544, 4999.338444612122, 4665.767103425598, 4920.842649217224, 4951.543290038299, 5001.660417800903, 4676.244586294175, 4823.597634043122, 5161.41040165329, 5409.339145133972, 5481.3396227874755, 5531.003451493072, 5853.987782372284]
shares:[0, 2.2517, 4.4563, 6.6648, 8.8549, 11.0059, 13.1606, 15.3632, 17.6679, 19.7112, 21.8059, 23.8302, 25.5998, 27.476, 29.3844, 31.1266, 32.8073, 34.4408, 36.0759, 37.7217, 39.3477, 41.2398, 42.9783, 44.7482, 46.5178, 47.9958, 49.6009, 51.0472, 52.5983, 54.1601, 55.7583, 57.265, 58.7474, 60.2431, 61.5692, 62.9346, 64.3067, 65.7161, 67.1174, 68.5318, 69.9306, 71.4622, 72.9446, 74.4481, 75.9669, 77.6269, 79.2703, 80.8365, 82.359, 83.8895, 85.4341, 86.9189]
growth_rate:14.78
