ticker:MDB
price:[214.50999450683594, 207.3800048828125, 214.35000610351562, 233.17999267578125, 234.32000732421875, 259.07000732421875, 267.29998779296875, 248.0, 228.47000122070312, 252.39999389648438, 246.86000061035156, 264.2799987792969, 270.0199890136719, 277.6300048828125, 340.0, 376.8699951171875, 378.4800109863281, 359.0400085449219, 359.8599853515625, 361.260009765625, 384.1199951171875, 369.6099853515625, 412.6600036621094, 422.8500061035156, 418.29998779296875, 385.92999267578125, 308.1700134277344, 320.05999755859375, 302.67999267578125, 265.7699890136719, 290.3299865722656, 297.9599914550781, 315.8500061035156, 306.17999267578125, 297.4599914550781, 260.32000732421875, 261.19000244140625, 281.7799987792969, 291.94000244140625, 315.2699890136719, 334.1000061035156, 384.0199890136719, 379.2300109863281, 362.010009765625, 353.70001220703125, 332.70001220703125, 361.5400085449219, 358.9200134277344, 373.45001220703125, 377.7799987792969, 367.6600036621094, 395.6099853515625]
assets:[0, 99.99863835449219, 203.35385079040526, 321.2287579101562, 422.8070212158203, 567.4669440429687, 685.4908186950684, 735.9896, 778.0317421569824, 959.523816796875, 1038.4659645675658, 1211.750222402954, 1338.0570535583497, 1475.770053955078, 1907.298, 2214.1112213134766, 2323.5644834472655, 2304.211062838745, 2409.4785179199216, 2518.849292089844, 2778.224688684082, 2773.294603088379, 3196.299324365234, 3375.231033718872, 3438.9278596435547, 3272.8021168884275, 2713.375334228516, 2918.051009741211, 2859.599498803711, 2610.897795071411, 2952.1624024627686, 3129.741954244995, 3417.6549910430904, 3413.018996356201, 3415.8223198760984, 3089.3216549194335, 3199.6558869079586, 3551.893240612793, 3779.9515696105955, 4182.024877267457, 4531.799302789306, 5308.922740118408, 5342.7061637786865, 5200.09278527832, 5180.714818798828, 4973.133242468262, 5504.229706091308, 5564.336968170166, 5889.605452514648, 6057.891170425414, 5995.615509719849, 6551.420040417481]
shares:[0, 0.4822, 0.9487, 1.3776, 1.8044, 2.1904, 2.5645, 2.9677, 3.4054, 3.8016, 4.2067, 4.5851, 4.9554, 5.3156, 5.6097, 5.875, 6.1392, 6.4177, 6.6956, 6.9724, 7.2327, 7.5033, 7.7456, 7.9821, 8.2212, 8.4803, 8.8048, 9.1172, 9.4476, 9.8239, 10.1683, 10.5039, 10.8205, 11.1471, 11.4833, 11.8674, 12.2503, 12.6052, 12.9477, 13.2649, 13.5642, 13.8246, 14.0883, 14.3645, 14.6472, 14.9478, 15.2244, 15.503, 15.7708, 16.0355, 16.3075, 16.5603]
growth_rate:28.46
