ticker:MDGL
price:[108.91999816894531, 102.5, 122.87999725341797, 118.19000244140625, 116.5199966430664, 129.5800018310547, 125.2300033569336, 130.99000549316406, 127.25, 123.88999938964844, 128.08999633789062, 114.87000274658203, 119.11000061035156, 118.47000122070312, 119.43000030517578, 117.12000274658203, 120.12000274658203, 111.16999816894531, 115.58999633789062, 109.04000091552734, 116.94999694824219, 118.76000213623047, 120.5, 122.2300033569336, 121.87999725341797, 121.19000244140625, 116.27999877929688, 117.83999633789062, 117.08000183105469, 116.33000183105469, 118.58000183105469, 117.0199966430664, 124.7699966430664, 129.39999389648438, 136.10000610351562, 130.4199981689453, 134.6999969482422, 129.77000427246094, 112.30000305175781, 101.08000183105469, 107.94000244140625, 105.20999908447266, 100.80999755859375, 99.0, 102.91999816894531, 93.87000274658203, 88.69000244140625, 87.31999969482422, 90.94999694824219, 84.86000061035156, 80.5199966430664, 83.0]
assets:[0, 99.999, 219.88146708526614, 311.4897514343262, 407.0859122718811, 552.7105398101806, 634.1522139991761, 763.318059010315, 841.5297, 919.3133514709473, 1050.4788689666748, 1042.0547169158936, 1180.5230380493163, 1274.1804041290284, 1384.5042215377807, 1457.7224021850586, 1595.0615044715883, 1576.2127020385742, 1738.8781099090577, 1740.3438386123657, 1966.5960636825562, 2097.0284897209167, 2227.7558, 2359.735775807953, 2452.9812007217406, 2539.100217150879, 2536.2295653747556, 2670.2543170166014, 2753.030871055603, 2835.392565629578, 2990.2319061737057, 3050.8985444793702, 3352.956596788788, 3577.3792912628173, 3862.613443222046, 3801.4168966293337, 4026.1694387832645, 3978.8132159957886, 3543.1773962860107, 3289.173583583069, 3612.395679705811, 3621.0335804901124, 3569.6013655517577, 3605.5107, 3848.2713595352175, 3609.8835996231082, 3510.6784496398927, 3556.4475355705263, 3804.2928523498535, 3649.5570742492673, 3562.9051754600523, 3772.6405]
shares:[0, 0.9756, 1.7894, 2.6355, 3.4937, 4.2654, 5.0639, 5.8273, 6.6132, 7.4204, 8.2011, 9.0716, 9.9112, 10.7553, 11.5926, 12.4464, 13.2789, 14.1784, 15.0435, 15.9606, 16.8157, 17.6577, 18.4876, 19.3057, 20.1262, 20.9514, 21.8114, 22.66, 23.5141, 24.3737, 25.217, 26.0716, 26.8731, 27.6459, 28.3807, 29.1475, 29.8899, 30.6605, 31.551, 32.5403, 33.4667, 34.4172, 35.4092, 36.4193, 37.3909, 38.4562, 39.5837, 40.7289, 41.8284, 43.0068, 44.2487, 45.4535]
growth_rate:-26.03
