ticker:MDGS
price:[1.2899999618530273, 1.3200000524520874, 1.350000023841858, 1.2899999618530273, 1.2899999618530273, 1.9199999570846558, 2.2799999713897705, 2.7100000381469727, 2.299999952316284, 2.119999885559082, 1.9500000476837158, 2.8299999237060547, 2.940000057220459, 1.9800000190734863, 1.9600000381469727, 1.7450000047683716, 1.9500000476837158, 1.909999966621399, 2.5999999046325684, 2.390000104904175, 3.0299999713897705, 2.799999952316284, 3.130000114440918, 3.380000114440918, 3.190000057220459, 2.440000057220459, 2.140000104904175, 2.440000057220459, 2.309999942779541, 2.0299999713897705, 2.1700000762939453, 2.009999990463257, 1.690000057220459, 1.899999976158142, 1.9600000381469727, 1.7300000190734863, 1.7300000190734863, 1.7000000476837158, 1.7300000190734863, 1.8600000143051147, 1.7999999523162842, 1.75, 1.8600000143051147, 1.8300000429153442, 1.6799999475479126, 1.5299999713897705, 1.9199999570846558, 1.690000057220459, 1.5299999713897705, 1.4700000286102295, 1.3799999952316284, 1.4600000381469727]
assets:[0, 100.00003597364426, 202.2727985722661, 293.2829103272438, 393.28293337011337, 685.3512806812048, 913.8545405326366, 1186.2044146974563, 1106.7418070549727, 1120.1271675337791, 1130.3058276395798, 1740.3925040807724, 1908.0403391356945, 1385.006845341873, 1471.0168766300203, 1409.6553268520115, 1675.2596659654378, 1740.8952545766233, 2469.8049094080925, 2370.3208440403937, 3105.050949681115, 2969.3540294322015, 3419.313850018978, 3792.421982404804, 3679.2385629961486, 2914.213824341249, 2655.908976194358, 3128.2325733602047, 3061.5641991627217, 2790.4655686719893, 3082.911513390541, 2955.5998629767178, 2585.0567045255184, 3006.276672276199, 3201.211810304356, 2925.559436254692, 3025.5594923572066, 3073.093146197939, 3227.32420458169, 3569.839809455359, 3554.6836458330395, 3555.9426000000003, 3879.4589458366154, 3916.8870738549467, 3695.8305406106947, 3465.8457461904286, 4449.29654055047, 4016.3081199851995, 3736.06577313745, 3689.553512808823, 3563.6624456863283, 3870.251613122177]
shares:[0, 75.7576, 149.8317, 227.3511, 304.8705, 356.9538, 400.8134, 437.7138, 481.1921, 528.3619, 579.644, 614.9797, 648.9933, 699.4984, 750.5188, 807.8254, 859.1075, 911.4635, 949.925, 991.766, 1024.7693, 1060.4836, 1092.4325, 1122.0183, 1153.3663, 1194.3499, 1241.0789, 1282.0625, 1325.3525, 1374.6136, 1420.6965, 1470.4477, 1529.6193, 1582.2509, 1633.2713, 1691.0748, 1748.8783, 1807.7018, 1865.5053, 1919.2687, 1974.8243, 2031.9672, 2085.7306, 2140.3754, 2199.8992, 2265.2587, 2317.342, 2376.5136, 2441.8731, 2509.9003, 2582.3641, 2650.8572]
growth_rate:-24.11
