ticker:MDIA
price:[3.359999895095825, 3.130000114440918, 3.140000104904175, 2.5799999237060547, 2.9100000858306885, 2.9800000190734863, 2.990000009536743, 3.0799999237060547, 2.6600000858306885, 2.6700000762939453, 2.690000057220459, 2.569999933242798, 2.5, 2.4600000381469727, 2.4600000381469727, 2.609999895095825, 2.7300000190734863, 2.6050000190734863, 2.940000057220459, 3.2899999618530273, 3.130000114440918, 3.5199999809265137, 3.609999895095825, 3.680000066757202, 3.8399999141693115, 3.450000047683716, 2.859999895095825, 3.265000104904175, 4.059999942779541, 3.700000047683716, 3.619999885559082, 3.609999895095825, 3.309999942779541, 3.299999952316284, 3.2899999618530273, 2.859999895095825, 2.690000057220459, 2.8499999046325684, 3.0299999713897705, 3.549999952316284, 3.8399999141693115, 3.9200000762939453, 3.75, 3.450000047683716, 4.130000114440918, 6.699999809265137, 5.519999980926514, 5.909999847412109, 7.050000190734863, 7.71999979019165, 6.389999866485596, 8.770000457763672]
assets:[0, 100.00006065626144, 200.31944669246673, 264.59369817562106, 398.4372117519378, 508.0214632515907, 609.7261839447498, 728.0790259649276, 728.7956015161752, 831.5354787607193, 937.7641479476929, 995.9307431301355, 1068.8042500000001, 1151.7033838593484, 1251.703369410038, 1428.026729603076, 1593.6831021344663, 1620.7122238666534, 1929.1339575462341, 2258.792572809696, 2248.9426422271727, 2629.162257753611, 2796.3849777389287, 2950.608597525644, 3178.8959289461372, 2956.0393908565043, 2550.5135864477156, 3011.6880102652785, 3845.00832980957, 3604.071626447439, 3626.145559364796, 3716.1284770118, 3507.3090393686293, 3596.7128480288984, 3685.813606263637, 3304.080944807029, 3207.68465023241, 3498.476057933092, 3819.432527935696, 4574.912628549623, 5048.6379671541445, 5253.818126253701, 5125.974, 4815.896121562267, 5865.116412520409, 9614.837406285858, 8021.477948283053, 8688.212763682557, 10464.112243102263, 11558.573597869778, 9667.265297009515, 13367.906479758452]
shares:[0, 31.9489, 63.796, 102.5557, 136.92, 170.477, 203.9218, 236.3893, 273.9833, 311.4365, 348.6112, 387.5217, 427.5217, 468.1721, 508.8225, 547.1367, 583.7667, 622.1544, 656.168, 686.5631, 718.512, 746.9211, 774.6219, 801.7958, 827.8375, 856.823, 891.788, 922.4159, 947.0464, 974.0734, 1001.6977, 1029.3985, 1059.61, 1089.913, 1120.3081, 1155.2731, 1192.4478, 1227.5355, 1260.5388, 1288.7078, 1314.7495, 1340.2597, 1366.9264, 1395.9119, 1420.125, 1435.0504, 1453.1663, 1470.0868, 1484.2712, 1497.2246, 1512.8741, 1524.2766]
growth_rate:162.12
