ticker:MDIV
price:[14.039999961853027, 13.729999542236328, 13.770000457763672, 13.34000015258789, 13.640000343322754, 14.029999732971191, 13.920000076293945, 13.979999542236328, 13.489999771118164, 13.779999732971191, 14.529999732971191, 14.819999694824219, 15.050000190734863, 15.390000343322754, 15.25, 15.050000190734863, 15.010000228881836, 15.029999732971191, 15.220000267028809, 15.510000228881836, 15.270000457763672, 15.109999656677246, 15.520000457763672, 15.65999984741211, 15.550000190734863, 15.399999618530273, 15.869999885559082, 16.299999237060547, 16.079999923706055, 16.229999542236328, 16.31999969482422, 16.389999389648438, 16.610000610351562, 16.6200008392334, 16.739999771118164, 16.850000381469727, 16.799999237060547, 16.860000610351562, 16.81999969482422, 17.170000076293945, 17.389999389648438, 16.90999984741211, 16.920000076293945, 17.049999237060547, 17.0, 16.84000015258789, 16.829999923706055, 16.790000915527344, 16.639999389648438, 16.75, 16.5, 16.6200008392334]
assets:[0, 99.99970566596984, 200.29154165840148, 294.0376153633118, 400.6504580844879, 512.1062142532348, 608.0910273328781, 710.712420728302, 785.8019296674729, 902.6947105075835, 1051.8252276698113, 1172.8177258491517, 1291.019116361618, 1420.1846146817209, 1507.265775, 1587.4981001190185, 1683.2784636676788, 1785.5218842777253, 1908.0933834767343, 2044.450680170059, 2112.815289337921, 2190.676459224415, 2350.1191733169553, 2471.3186699199678, 2553.9600213266376, 2629.3235548696516, 2809.5692347397803, 2985.695310251236, 3045.397617550659, 3173.8056244834897, 3291.406114452362, 3405.523907180786, 3551.2364014938353, 3653.3736824785233, 3779.751332320404, 3904.5882433965685, 3993.0019786655425, 4107.2630626876835, 4197.518387841797, 4384.862600483894, 4541.04532361908, 4515.703853252411, 4618.374932824707, 4753.858622278213, 4839.9187, 4894.365856348038, 4991.459890372657, 5079.596506980895, 5134.215235678101, 5268.154725, 5289.52545, 5427.994216088677]
shares:[0, 7.2833, 14.5455, 22.0418, 29.3732, 36.5008, 43.6847, 50.8378, 58.2507, 65.5076, 72.3899, 79.1375, 85.782, 92.2797, 98.8371, 105.4816, 112.1438, 118.7972, 125.3675, 131.815, 138.3638, 144.9819, 151.4252, 157.8109, 164.2418, 170.7353, 177.0365, 183.1715, 189.3904, 195.5518, 201.6793, 207.7806, 213.8011, 219.8179, 225.7916, 231.7263, 237.6787, 243.6099, 249.5552, 255.3793, 261.1297, 267.0434, 272.9536, 278.8187, 284.7011, 290.6393, 296.5811, 302.537, 308.5466, 314.5167, 320.5773, 326.5941]
growth_rate:6.43
