ticker:MDJH
price:[4.050000190734863, 4.0, 4.085000038146973, 4.300000190734863, 4.0, 4.36299991607666, 3.609999895095825, 3.312999963760376, 3.450000047683716, 3.3499999046325684, 3.3299999237060547, 3.4200000762939453, 3.5789999961853027, 4.079999923706055, 4.010000228881836, 3.927000045776367, 3.9600000381469727, 4.199999809265137, 4.510000228881836, 4.230000019073486, 4.409999847412109, 4.400000095367432, 4.940000057220459, 4.610000133514404, 4.920000076293945, 4.389999866485596, 4.019999980926514, 4.159999847412109, 4.25, 4.119999885559082, 4.369999885559082, 4.579999923706055, 5.0, 4.329999923706055, 4.289999961853027, 4.5, 4.789999961853027, 4.9710001945495605, 5.550000190734863, 6.730000019073486, 6.659999847412109, 6.849999904632568, 6.840000152587891, 6.6539998054504395, 6.28000020980835, 6.550000190734863, 5.079999923706055, 4.909999847412109, 4.900000095367432, 4.876999855041504, 5.489999771118164, 4.860000133514404]
assets:[0, 100.0, 202.12498488750455, 312.76309387321476, 390.9424, 526.4203726741791, 535.5665884367943, 591.5046700297594, 715.9647098956109, 795.2119223619937, 890.4642905984879, 1014.5310526323318, 1161.6979454617979, 1424.316141366005, 1499.8796336097719, 1568.8345547876359, 1682.017936203003, 1883.9582144436838, 2123.012251742554, 2091.2066824294566, 2280.193949104309, 2375.023691477251, 2766.5037720446585, 2681.6970076670646, 2962.0279899318693, 2742.9474245779033, 2611.7650436080935, 2802.722105196762, 2963.3579750000004, 2972.7138174271586, 3253.0969608083724, 3509.424483539772, 3931.2495, 3504.4620562519076, 3572.0882022367477, 3846.9456, 4194.859710592651, 4453.371435591173, 5072.0802393103595, 6250.468000714445, 6285.455441993332, 6564.770018603611, 6655.186768465042, 6574.212359183263, 6304.697566633463, 6675.759539396953, 5277.535212739373, 5200.924703371048, 5290.332632964372, 5365.500156221867, 6139.900454023361, 5535.321938066912]
shares:[0, 25.0, 49.4798, 72.7356, 97.7356, 120.6556, 148.3564, 178.5405, 207.526, 237.3767, 267.4067, 296.6465, 324.5873, 349.0971, 374.0348, 399.4995, 424.752, 448.5615, 470.7344, 494.3751, 517.0508, 539.7781, 560.021, 581.713, 602.0382, 624.8172, 649.6928, 673.7313, 697.2607, 721.5325, 744.4158, 766.2499, 786.2499, 809.3446, 832.6546, 854.8768, 875.7536, 895.8703, 913.8883, 928.7471, 943.7621, 958.3606, 972.9805, 988.0091, 1003.9327, 1019.1999, 1038.8849, 1059.2515, 1079.6597, 1100.1641, 1118.379, 1138.9551]
growth_rate:8.54
