ticker:MDLZ
price:[57.880001068115234, 57.54999923706055, 56.52000045776367, 56.15999984741211, 56.86000061035156, 57.29999923706055, 57.970001220703125, 56.61000061035156, 53.119998931884766, 55.84000015258789, 58.060001373291016, 57.13999938964844, 57.459999084472656, 59.029998779296875, 57.400001525878906, 58.31999969482422, 57.849998474121094, 58.470001220703125, 58.189998626708984, 57.220001220703125, 56.25, 55.439998626708984, 56.209999084472656, 55.189998626708984, 54.310001373291016, 53.15999984741211, 55.58000183105469, 56.869998931884766, 58.099998474121094, 59.439998626708984, 58.439998626708984, 58.849998474121094, 58.77000045776367, 59.5099983215332, 60.810001373291016, 61.849998474121094, 62.369998931884766, 63.36000061035156, 63.529998779296875, 64.0199966430664, 63.779998779296875, 62.13999938964844, 63.18000030517578, 62.599998474121094, 63.02000045776367, 64.26000213623047, 64.88999938964844, 63.2599983215332, 61.77000045776367, 63.36000061035156, 63.4900016784668, 61.88999938964844]
assets:[0, 99.9988786743164, 198.20998960533143, 296.9459991931915, 400.64693630065915, 503.7472132926941, 609.6357208374023, 695.3349764968872, 752.4660328697205, 890.994210434723, 1026.4195402778626, 1110.1559061416626, 1216.3707206192016, 1349.6087650909424, 1412.3442575447082, 1534.9823919677735, 1622.611467201233, 1740.0029193267821, 1831.6698627723692, 1901.1345405578613, 1968.9075, 2040.557853453827, 2168.896540673828, 2229.537969522476, 2293.9892860061645, 2345.4138772678375, 2552.1836620803833, 2711.419374074936, 2870.0643946235655, 3036.2605138507843, 3085.1819395008088, 3206.8246918525697, 3302.462635723114, 3444.0459368614192, 3619.283580735397, 3781.181101715851, 3912.9689929885863, 4075.080807255554, 4186.017031567383, 4318.302421566772, 4402.114649746704, 4388.923300891113, 4562.379454037476, 4620.493367375183, 4751.493766513825, 4944.987092388916, 5093.469123091125, 5065.525387597275, 5046.213709396363, 5276.1076348251345, 5386.936172412872, 5351.182639227295]
shares:[0, 1.7376, 3.5069, 5.2875, 7.0462, 8.7914, 10.5164, 12.2829, 14.1654, 15.9562, 17.6786, 19.4287, 21.169, 22.8631, 24.6053, 26.32, 28.0486, 29.7589, 31.4774, 33.225, 35.0028, 36.8066, 38.5856, 40.3975, 42.2388, 44.1199, 45.9191, 47.6775, 49.3987, 51.0811, 52.7923, 54.4915, 56.193, 57.8734, 59.5179, 61.1347, 62.738, 64.3163, 65.8904, 67.4524, 69.0203, 70.6296, 72.2124, 73.8098, 75.3966, 76.9528, 78.4939, 80.0747, 81.6936, 83.2719, 84.847, 86.4628]
growth_rate:4.93
