ticker:MDNA
price:[3.75, 3.7799999713897705, 3.859999895095825, 4.0269999504089355, 4.019999980926514, 4.610000133514404, 3.700000047683716, 4.159999847412109, 3.7300000190734863, 4.039999961853027, 3.7200000286102295, 3.740000009536743, 3.9100000858306885, 3.859999895095825, 3.930000066757202, 3.869999885559082, 4.650000095367432, 4.679999828338623, 4.349999904632568, 4.090000152587891, 4.340000152587891, 3.9100000858306885, 4.099999904632568, 3.9000000953674316, 4.159999847412109, 3.9100000858306885, 3.5, 4.03000020980835, 3.940000057220459, 3.9700000286102295, 4.239999771118164, 4.059999942779541, 3.9700000286102295, 3.809999942779541, 3.619999885559082, 3.690000057220459, 3.4100000858306885, 3.450000047683716, 3.890000104904175, 3.859999895095825, 3.799999952316284, 3.7100000381469727, 3.2899999618530273, 2.9700000286102295, 2.8399999141693115, 2.809999942779541, 2.309999942779541, 2.509999990463257, 2.259999990463257, 2.0399999618530273, 2.0799999237060547, 2.440000057220459]
assets:[0, 99.99989924311637, 202.11615650703908, 310.8606368718624, 410.32019205317494, 570.5414535239697, 557.9181971901655, 727.2811253234863, 752.1056408459186, 914.6131673639297, 942.1684992461443, 1047.2340366703747, 1194.835421228528, 1279.5559972251892, 1402.7604688280821, 1481.3442371947287, 1879.9099435553073, 1992.0381829324722, 1951.5739522145748, 1934.928356187439, 2153.200369703293, 2039.8646397782566, 2238.988217920351, 2229.7692845249653, 2478.420581092071, 2429.476989330864, 2274.7235, 2719.1817885650157, 2758.4555040609357, 2879.458885751128, 3175.290884592819, 3140.4907497388363, 3170.873958851242, 3143.0804077956677, 3086.338778429985, 3246.019619335699, 3099.7091740205765, 3236.069339726901, 3748.7853210959433, 3819.8740381863354, 3860.497851557135, 3869.065176782513, 3531.057601058006, 3287.611237669802, 3243.709025968385, 3309.4445556092737, 2820.5753031322, 3164.780926975417, 2949.5637295534375, 2762.4380003437996, 2916.603349019623, 3521.400274580383]
shares:[0, 26.455, 52.3617, 77.1941, 102.0697, 123.7617, 150.7887, 174.8272, 201.6369, 226.3894, 253.2711, 280.0091, 305.5845, 331.4912, 356.9365, 382.7763, 404.2817, 425.6492, 448.6377, 473.0876, 496.1291, 521.7045, 546.0947, 571.7357, 595.7742, 621.3496, 649.921, 674.7349, 700.1156, 725.3045, 748.8894, 773.5199, 798.7088, 824.9555, 852.5798, 879.6801, 909.0056, 937.9911, 963.698, 989.6047, 1015.9205, 1042.8747, 1073.2698, 1106.9398, 1142.1511, 1177.7383, 1221.0283, 1260.8689, 1305.1167, 1354.1363, 1402.2132, 1443.1968]
growth_rate:-30.95
