ticker:MDRR
price:[1.25, 1.1950000524520874, 1.2400000095367432, 1.0399999618530273, 1.215000033378601, 1.1799999475479126, 2.4100000858306885, 2.5199999809265137, 1.9299999475479126, 1.7799999713897705, 2.009999990463257, 2.0999999046325684, 2.259999990463257, 2.5999999046325684, 2.259999990463257, 2.3299999237060547, 2.3399999141693115, 2.180000066757202, 2.2699999809265137, 2.4200000762939453, 2.5199999809265137, 2.3399999141693115, 2.630000114440918, 2.5299999713897705, 2.609999895095825, 1.9700000286102295, 1.8200000524520874, 2.3399999141693115, 2.2799999713897705, 2.0899999141693115, 2.109999895095825, 1.4249999523162842, 1.3200000524520874, 1.3799999952316284, 1.3700000047683716, 1.350000023841858, 1.2999999523162842, 1.4199999570846558, 1.4299999475479126, 1.4900000095367432, 1.7400000095367432, 1.4600000381469727, 1.399999976158142, 1.399999976158142, 1.309999942779541, 1.149999976158142, 1.2000000476837158, 1.2000000476837158, 1.190000057220459, 1.159999966621399, 1.100000023841858, 1.3200000524520874]
assets:[0, 99.99999438929558, 203.7657295671463, 270.9002300634384, 416.4843939417005, 504.48691157509086, 1130.3505312567472, 1281.9431422971725, 1081.8056935994985, 1097.7275843560458, 1339.5687146442174, 1499.549241900873, 1713.8007067681074, 2071.6289640130994, 1900.72372397933, 2059.5957435602186, 2168.4350984622715, 2120.166258924937, 2307.6960546097753, 2560.187050713539, 2765.979699064732, 2668.409542123318, 3099.110078853607, 3081.273050155759, 3278.7045752184627, 2574.7311343927145, 2478.685735435295, 3286.8813474379062, 3302.6023025578024, 3127.3853745666743, 3257.3125490541697, 2299.8437605420354, 2230.3817806274055, 2431.762713597429, 2514.1412607506277, 2577.438540519202, 2581.9777452936173, 2920.3141177420493, 3040.879730461192, 3268.4692359198334, 3916.870173467922, 3386.5692224844934, 3347.3950429942015, 3447.3950812912108, 3325.77676473093, 3019.5750623980166, 3250.8610891776084, 3350.86105315125, 3422.937227589941, 3436.6444371117354, 3358.8871428019165, 4130.66468013786]
shares:[0, 83.682, 164.3272, 260.481, 342.7855, 427.5313, 469.0251, 508.7076, 560.5211, 616.7009, 666.4521, 714.0711, 758.3189, 796.7804, 841.0282, 883.9467, 926.6817, 972.5533, 1016.6062, 1057.9285, 1097.611, 1140.346, 1178.3688, 1217.8945, 1256.2087, 1306.9701, 1361.9152, 1404.6502, 1448.5098, 1496.3567, 1543.7501, 1613.9255, 1689.6831, 1762.1469, 1835.1396, 1909.2137, 1986.1368, 2056.5593, 2126.4894, 2193.6035, 2251.0748, 2319.5679, 2390.9965, 2462.4251, 2538.761, 2625.7175, 2709.0508, 2792.3841, 2876.4177, 2962.6246, 3053.5337, 3129.2913]
growth_rate:-19.01
