ticker:MDRRP
price:[11.989999771118164, 12.75, 12.75, 12.5, 13.234999656677246, 13.5, 14.609999656677246, 14.0, 12.300000190734863, 11.25, 13.239999771118164, 13.100000381469727, 12.989999771118164, 12.899999618530273, 12.5, 13.163999557495117, 13.248000144958496, 13.5, 16.739999771118164, 20.0, 21.8799991607666, 22.0, 20.850000381469727, 19.506999969482422, 19.75, 18.489999771118164, 19.0, 19.700000762939453, 20.5049991607666, 20.031999588012695, 20.979999542236328, 20.950000762939453, 24.10300064086914, 25.049999237060547, 23.520000457763672, 23.6200008392334, 23.459999084472656, 23.0, 24.9060001373291, 24.62299919128418, 23.979999542236328, 23.565000534057617, 23.988000869750977, 23.950000762939453, 23.899999618530273, 23.44499969482422, 23.450000762939453, 23.649999618530273, 23.299999237060547, 23.684999465942383, 23.309999465942383, 23.0]
assets:[0, 99.99952499999999, 199.99904999999998, 296.0775, 413.48653577394487, 521.76555, 664.665863380909, 736.9152, 747.4328815903664, 783.62775, 1022.2431703283308, 1111.434162364769, 1202.1010738191603, 1293.7719217414856, 1353.655, 1525.561428318596, 1635.2960434932709, 1766.4021000000002, 2290.3383106847764, 2836.366, 3202.984633145714, 3320.5524, 3246.9788994064334, 3137.83359269104, 3276.9219749999997, 3167.862076786041, 3355.2404, 3578.8538286014555, 3825.0968664455413, 3836.861092289352, 4118.4368501396175, 4212.548638409043, 4946.543127122498, 5240.890700379944, 5020.788625718307, 5142.135594703293, 5207.3033887847905, 5205.199, 5736.551690230751, 5771.367544345665, 5720.654302796173, 5721.652824670791, 5924.359753203964, 6014.9756316101075, 6102.417972598839, 6086.242207777405, 6187.540651309967, 6340.311842732048, 6346.479422189713, 6551.3466442779545, 6547.620341986846, 6560.543]
shares:[0, 7.8431, 15.6862, 23.6862, 31.2419, 38.6493, 45.4939, 52.6368, 60.7669, 69.6558, 77.2087, 84.8423, 92.5405, 100.2924, 108.2924, 115.8889, 123.4372, 130.8446, 136.8183, 141.8183, 146.3887, 150.9342, 155.7304, 160.8568, 165.9201, 171.3284, 176.5916, 181.6677, 186.5446, 191.5366, 196.303, 201.0763, 205.2252, 209.2172, 213.4689, 217.7026, 221.9652, 226.313, 230.3281, 234.3893, 238.5594, 242.803, 246.9718, 251.1472, 255.3313, 259.5966, 263.861, 268.0893, 272.3811, 276.6032, 280.8932, 285.241]
growth_rate:28.64
