ticker:MDRX
price:[8.800000190734863, 8.65999984741211, 8.15999984741211, 8.0600004196167, 8.260000228881836, 8.390000343322754, 11.069999694824219, 10.920000076293945, 10.079999923706055, 11.229999542236328, 12.25, 13.170000076293945, 14.210000038146973, 14.40999984741211, 14.34000015258789, 14.0, 14.25, 14.4399995803833, 15.25, 16.639999389648438, 17.020000457763672, 16.5, 17.110000610351562, 17.079999923706055, 16.559999465942383, 15.430000305175781, 15.09000015258789, 15.619999885559082, 15.460000038146973, 15.300000190734863, 15.350000381469727, 15.470000267028809, 15.720000267028809, 16.34000015258789, 15.5600004196167, 16.229999542236328, 16.940000534057617, 17.18000030517578, 17.389999389648438, 18.079999923706055, 18.079999923706055, 17.5, 18.780000686645508, 18.3799991607666, 18.18000030517578, 17.510000228881836, 17.280000686645508, 17.079999923706055, 17.389999389648438, 17.010000228881836, 15.890000343322754, 15.789999961853027]
assets:[0, 99.99961623802184, 194.2259483680725, 291.845361193943, 399.08686705856326, 505.36831467990874, 766.796738861084, 856.4064659833908, 890.5286812597276, 1092.1264394821167, 1291.322725, 1488.3035156217575, 1705.8309285793305, 1829.8394206237792, 1920.9505704402925, 1975.4056, 2110.6800749999998, 2238.822298941326, 2464.4076250000003, 2789.031961698913, 2952.7232894153594, 2962.5106499999997, 3172.0332791534424, 3266.4714174091337, 3267.022934638977, 3144.092469184113, 3174.8122941032407, 3386.3191311899186, 3451.632074516773, 3515.90944383049, 3627.4000351461414, 3755.7571608283997, 3916.45099852705, 4170.917392949295, 4071.815597807312, 4347.14370338974, 4637.314982197952, 4803.014403318024, 4961.723320854187, 5258.595097809792, 5358.5955773878095, 5286.6939999999995, 5773.377859089661, 5750.408811435509, 5787.835801156616, 5674.532312174606, 5699.994850497436, 5734.022422386933, 5938.093531585693, 5908.336828500938, 5619.31111941204, 5683.946813268184]
shares:[0, 11.5473, 23.8022, 36.2091, 48.3156, 60.2346, 69.268, 78.4255, 88.3461, 97.2508, 105.4141, 113.0071, 120.0444, 126.984, 133.9575, 141.1004, 148.1179, 155.0431, 161.6005, 167.6101, 173.4855, 179.5461, 185.3906, 191.2454, 197.284, 203.7649, 210.3918, 216.7938, 223.2621, 229.798, 236.3127, 242.7768, 249.1381, 255.2581, 261.6848, 267.8462, 273.7494, 279.5701, 285.3205, 290.8515, 296.3825, 302.0968, 307.4216, 312.8623, 318.3628, 324.0738, 329.8608, 335.7156, 341.466, 347.3449, 353.6382, 359.9713]
growth_rate:11.45
