ticker:MDVL
price:[15.840005874633789, 16.68000602722168, 17.760007858276367, 16.32000732421875, 17.16000747680664, 16.20000648498535, 15.600006103515625, 13.4400053024292, 12.840004920959473, 13.560005187988281, 13.4400053024292, 11.399999618530273, 17.600000381469727, 13.890000343322754, 12.239999771118164, 13.380000114440918, 13.960000038146973, 15.050000190734863, 13.140000343322754, 13.850000381469727, 14.15999984741211, 12.510000228881836, 12.869999885559082, 14.630000114440918, 15.369999885559082, 13.890000343322754, 13.109999656677246, 15.800000190734863, 15.199999809265137, 14.25, 14.149999618530273, 12.989999771118164, 13.449999809265137, 13.0, 13.460000038146973, 13.5, 11.350000381469727, 11.699999809265137, 12.84000015258789, 13.529999732971191, 14.0, 13.800000190734863, 13.479999542236328, 11.770000457763672, 10.640000343322754, 9.5600004196167, 9.289999961853027, 8.4399995803833, 8.619999885559082, 3.450000047683716, 2.9600000381469727, 3.0899999141693115]
assets:[0, 99.99997213439941, 206.4742993587494, 289.7323540283203, 404.64498830833435, 482.00689295101165, 564.1555007263183, 586.0420232087135, 659.8799529004096, 796.8821808830261, 889.8304950611115, 854.7662713975907, 1419.638910769844, 1220.3851531645773, 1175.41452202034, 1384.8888838451387, 1544.9210962216378, 1765.5486323755265, 1641.4816928887367, 1830.1764454084396, 1971.1399467590334, 1841.45201769104, 1994.443290265274, 2367.1881495169637, 2586.9231437384606, 2437.8242372563363, 2400.9273181248664, 2993.5659961378096, 2979.8854826073643, 2893.64205, 2973.335174841881, 2829.5843711431503, 3029.7846170345306, 3028.4163, 3235.575379169941, 3345.19065, 2912.438472886086, 3102.2490994267464, 3504.520109646988, 3792.847236144162, 4024.6024, 4067.1084562129977, 4072.798533692932, 3656.14584419632, 3405.131013873958, 3159.4979226797104, 3170.265439982128, 2980.1976118316647, 3143.7561962628365, 1358.2318987726212, 1265.3236483068465, 1420.8953635318994]
shares:[0, 5.9952, 11.6258, 17.7532, 23.5807, 29.7535, 36.1638, 43.6043, 51.3925, 58.7671, 66.2076, 74.9795, 80.6613, 87.8607, 96.0306, 103.5044, 110.6677, 117.3122, 124.9225, 132.1427, 139.2048, 147.1984, 154.9684, 161.8037, 168.3099, 175.5093, 183.1371, 189.4662, 196.0451, 203.0626, 210.1297, 217.8279, 225.2628, 232.9551, 240.3845, 247.7919, 256.6025, 265.1495, 272.9377, 280.3287, 287.4716, 294.718, 302.1364, 310.6326, 320.0311, 330.4914, 341.2557, 353.104, 364.7049, 393.6904, 427.4742, 459.8367]
growth_rate:-72.14
