ticker:MDWD
price:[3.109999895095825, 3.299999952316284, 3.680000066757202, 3.7100000381469727, 3.740000009536743, 3.740000009536743, 3.6500000953674316, 3.5299999713897705, 3.119999885559082, 3.7300000190734863, 3.5299999713897705, 3.799999952316284, 3.8299999237060547, 3.7699999809265137, 3.5899999141693115, 3.799999952316284, 4.079999923706055, 3.700000047683716, 4.099999904632568, 5.050000190734863, 5.28000020980835, 4.829999923706055, 6.050000190734863, 5.559999942779541, 5.710000038146973, 5.119999885559082, 5.019999980926514, 5.619999885559082, 5.53000020980835, 4.960000038146973, 5.25, 5.28000020980835, 5.039999961853027, 4.630000114440918, 4.53000020980835, 4.46999979019165, 3.9100000858306885, 3.5350000858306885, 3.4000000953674316, 3.430000066757202, 4.510000228881836, 4.800000190734863, 5.710000038146973, 3.950000047683716, 4.579999923706055, 4.630000114440918, 3.9000000953674316, 3.799999952316284, 3.7100000381469727, 3.5199999809265137, 3.5299999713897705, 3.569999933242798]
assets:[0, 99.99989855504036, 211.51499583699703, 313.23938422079084, 415.7724350601911, 515.7725553151846, 603.361075764656, 683.5244844601154, 704.1349901724816, 941.8026248159408, 991.3037699656011, 1167.1259053544998, 1276.3401975751879, 1356.3453341378688, 1391.5862817295788, 1572.9883202615977, 1788.8926945486069, 1722.2800921958685, 2008.4722832822324, 2573.850262212467, 2791.0751669073584, 2653.1991360904694, 3423.365382926464, 3246.1008825929166, 3433.675404939461, 3178.8824889464377, 3216.79490377779, 3701.2723526304244, 3741.9996199715615, 3456.2961705821035, 3758.3778749999997, 3879.8545061715604, 3803.4974592119215, 3594.086203835964, 3616.4604354974745, 3668.5601178088186, 3308.964256637001, 3091.6082065650226, 3073.5412662105086, 3200.660658293629, 4308.44876965313, 4685.488506184578, 5673.778652904987, 4024.943398588419, 4766.89643859272, 4918.937123582649, 4243.381063764191, 4234.5763068630695, 4234.283887537766, 4117.433737689256, 4229.130938723398, 4377.053039151311]
shares:[0, 30.303, 57.4769, 84.4311, 111.1691, 137.9071, 165.3044, 193.633, 225.6843, 252.494, 280.8226, 307.1384, 333.2481, 359.7733, 387.6285, 413.9443, 438.4541, 465.4811, 489.8713, 509.6733, 528.6127, 549.3166, 565.8455, 583.8311, 601.3442, 620.8755, 640.7958, 658.5894, 676.6726, 696.8339, 715.8815, 734.8209, 754.6622, 776.2605, 798.3356, 820.707, 846.2824, 874.5709, 903.9827, 933.1372, 955.3101, 976.1434, 993.6565, 1018.973, 1040.8071, 1062.4054, 1088.0464, 1114.3622, 1141.3164, 1169.7255, 1198.0541, 1226.0653]
growth_rate:-14.18
