ticker:MDWT
price:[57.0, 59.2400016784668, 53.650001525878906, 55.33000183105469, 56.70000076293945, 55.0, 54.0, 54.0, 51.72999954223633, 51.47999954223633, 50.0, 49.650001525878906, 49.005001068115234, 50.959999084472656, 50.689998626708984, 50.599998474121094, 49.150001525878906, 48.20000076293945, 46.75, 48.02000045776367, 45.119998931884766, 43.41999816894531, 42.29999923706055, 41.540000915527344, 40.0099983215332, 42.0, 40.79999923706055, 39.0099983215332, 39.4900016784668, 39.970001220703125, 39.25, 38.15999984741211, 40.130001068115234, 38.939998626708984, 36.540000915527344, 35.749000549316406, 37.540000915527344, 37.7400016784668]
assets:[0, 99.99712283325195, 190.5594404197693, 296.5245458129883, 403.8684354343414, 491.76050000000004, 582.822, 682.8246, 754.1199333267211, 850.4753324375151, 926.0249999999999, 1019.5429213333131, 1106.297700112915, 1250.4309775352478, 1343.8070705936432, 1441.421916532898, 1500.1170265716553, 1571.1224048686981, 1623.8565750000002, 1767.9715648536683, 1761.2005023075105, 1794.8437803100585, 1848.5480366588592, 1915.3346702133176, 1944.7899944137573, 2141.5212, 2180.3356392288206, 2184.676936000824, 2311.5590952495577, 2439.6569585083007, 2495.71125, 2526.4018698978425, 2756.8267353767396, 2775.078472131729, 2704.040455751038, 2745.5053676872253, 2983.052354750824, 3098.944757823944]
shares:[0, 1.688, 3.5519, 5.3592, 7.1229, 8.9411, 10.793, 12.6449, 14.578, 16.5205, 18.5205, 20.5346, 22.5752, 24.5375, 26.5103, 28.4866, 30.5212, 32.5959, 34.7349, 36.8174, 39.0337, 41.3368, 43.7009, 46.1082, 48.6076, 50.9886, 53.4396, 56.003, 58.5353, 61.0372, 63.585, 66.2055, 68.6974, 71.2655, 74.0022, 76.7995, 79.4633, 82.113]
growth_rate:-16.24
