ticker:MDXG
price:[6.5, 5.869999885559082, 6.480000019073486, 6.400000095367432, 6.670000076293945, 6.679999828338623, 6.519999980926514, 5.860000133514404, 5.320000171661377, 6.210000038146973, 6.269999980926514, 6.610000133514404, 6.639999866485596, 6.190000057220459, 5.940000057220459, 9.5600004196167, 9.399999618530273, 9.079999923706055, 9.5600004196167, 8.770000457763672, 8.880000114440918, 9.819999694824219, 10.119999885559082, 9.890000343322754, 9.699999809265137, 9.90999984741211, 10.579999923706055, 9.15999984741211, 10.149999618530273, 9.800000190734863, 10.920000076293945, 12.720000267028809, 11.65999984741211, 11.210000038146973, 9.699999809265137, 9.9399995803833, 9.449999809265137, 9.649999618530273, 10.6899995803833, 10.850000381469727, 11.029999732971191, 12.229999542236328, 11.260000228881836, 12.399999618530273, 11.520000457763672, 11.09000015258789, 11.819999694824219, 12.260000228881836, 12.369999885559082, 12.020000457763672, 12.539999961853027, 14.100000381469727]
assets:[0, 100.0001440504074, 210.39199261927604, 307.79456458649634, 420.77962281303405, 521.4107266008854, 608.9217062186718, 647.282136747694, 687.6350261880399, 902.67194354496, 1011.393632923317, 1166.2380175566673, 1271.530758432579, 1285.3578448818685, 1333.4450708451748, 2246.083858587265, 2308.4923263170244, 2329.9052804231646, 2553.0726800619123, 2442.0969584690097, 2572.727841156006, 2945.066026476288, 3135.0373205477713, 3163.7863848280904, 3203.005897018051, 3372.349164074707, 3700.348625316238, 3303.704168966675, 3760.763648658371, 3731.082532617092, 4257.491813745499, 5059.275802208519, 4737.668984000778, 4654.8258428400995, 4127.81551883316, 4329.947313211441, 4216.499194895935, 4405.737240838814, 4980.55204849739, 5155.097751245498, 5340.619982707214, 6021.648184612274, 5644.052594726562, 6315.4748057127, 5967.280749118424, 5844.543198415376, 6329.2599645874025, 6664.8671444263455, 6824.666243861675, 6731.568068361665, 7122.783932332324, 8108.87214938221]
shares:[0, 17.0358, 32.4679, 48.0929, 63.0854, 78.0555, 93.3929, 110.4577, 129.2547, 145.3578, 161.3068, 176.4354, 191.4956, 207.6507, 224.4857, 234.946, 245.5843, 256.5975, 267.0578, 278.4603, 289.7216, 299.9049, 309.7863, 319.8975, 330.2068, 340.2976, 349.7494, 360.6664, 370.5186, 380.7227, 389.8802, 397.7418, 406.3181, 415.2387, 425.548, 435.6084, 446.1904, 456.5531, 465.9076, 475.1242, 484.1904, 492.367, 501.248, 509.3125, 517.9931, 527.0102, 535.4704, 543.627, 551.7111, 560.0306, 568.0051, 575.0973]
growth_rate:59.0
