ticker:ME
price:[10.15999984741211, 10.680000305175781, 12.0, 11.350000381469727, 11.800000190734863, 12.3100004196167, 13.960000038146973, 12.9399995803833, 16.040000915527344, 14.600000381469727, 13.270000457763672, 11.390000343322754, 10.529999732971191, 11.289999961853027, 10.460000038146973, 10.300000190734863, 10.199999809265137, 10.0600004196167, 10.0, 9.989999771118164, 10.069999694824219, 9.960000038146973, 9.9399995803833, 9.970000267028809, 9.989999771118164, 10.0, 10.979999542236328, 12.59000015258789, 11.850000381469727, 10.930000305175781, 10.960000038146973, 9.890000343322754, 9.279999732971191, 7.849999904632568, 8.699999809265137, 7.599999904632568, 8.710000038146973, 9.010000228881836, 8.680000305175781]
assets:[0, 100.0000468574524, 212.3592, 300.85673011169433, 412.78524667224883, 530.6262610877037, 701.7496579175948, 750.4759796636581, 1030.2652988052366, 1037.7724071149826, 1043.2356829875946, 995.4370530049324, 1020.2769461269378, 1193.9152379659652, 1206.1426043987274, 1287.6926338454246, 1375.1904942846297, 1456.3158407449723, 1547.63, 1646.0822322864533, 1759.2641916847228, 1840.0472590474128, 1936.3526722569466, 2042.1970286966325, 2146.293508826065, 2248.442, 2568.7895589054106, 3045.4517919101713, 2966.4497004945756, 2836.1427111877438, 2943.9272502465246, 2756.5181486901283, 2686.500530696869, 2372.525096176863, 2729.423100161362, 2484.3236888258457, 2947.1661309076308, 3148.6761259860996, 3133.3525141639707]
shares:[0, 9.3633, 17.6966, 26.5072, 34.9818, 43.1053, 50.2686, 57.9966, 64.231, 71.0803, 78.6161, 87.3957, 96.8924, 105.7498, 115.31, 125.0187, 134.8226, 144.763, 154.763, 164.773, 174.7035, 184.7437, 194.8041, 204.8342, 214.8442, 224.8442, 233.9517, 241.8945, 250.3333, 259.4824, 268.6065, 278.7177, 289.4936, 302.2325, 313.7268, 326.8847, 338.3658, 349.4646, 360.9853]
growth_rate:-17.54
