ticker:MEDP
price:[120.18000030517578, 115.70999908447266, 112.5250015258789, 108.26000213623047, 115.0199966430664, 123.23999786376953, 123.73999786376953, 116.54000091552734, 110.94000244140625, 118.62999725341797, 117.72000122070312, 126.43000030517578, 124.11000061035156, 137.38999938964844, 140.00999450683594, 140.1199951171875, 139.13999938964844, 139.1999969482422, 141.75999450683594, 141.39999389648438, 141.8000030517578, 132.7899932861328, 147.0500030517578, 168.25999450683594, 159.39999389648438, 162.42999267578125, 157.5399932861328, 160.0, 166.57000732421875, 166.02999877929688, 169.66000366210938, 172.6999969482422, 179.89999389648438, 191.2899932861328, 169.67999267578125, 165.27999877929688, 164.67999267578125, 164.8300018310547, 167.05999755859375, 169.1999969482422, 175.16000366210938, 177.5399932861328, 180.25999450683594, 179.7899932861328, 183.97000122070312, 182.94000244140625, 182.1199951171875, 175.94000244140625, 177.88999938964844, 177.69000244140625, 178.36000061035156, 180.63999938964844]
assets:[0, 99.99658120880126, 197.24507517471312, 289.76872171783447, 407.86090809631344, 537.0059666915894, 639.1789589653015, 701.9903495147705, 768.2595169067382, 921.5178186645508, 1014.4521105194092, 1189.5166578712463, 1267.6843682342528, 1503.3351123214723, 1631.9984989700317, 1733.2843395996092, 1821.1617100112915, 1921.9482778640747, 2057.2919202804565, 2152.065487106323, 2258.150868598938, 2214.6715080261233, 2552.493952972412, 3020.653899385071, 2961.6040665985106, 3117.892438409424, 3124.0338208633425, 3272.8160000000003, 3507.198132214355, 3595.8279045623776, 3774.4430674713135, 3942.067400340271, 4206.421657287598, 4572.749031506348, 4156.1587085998535, 4148.37921736145, 4233.313295721436, 4337.171838180542, 4495.851830297852, 4653.4398360687255, 4917.354362808227, 5084.177279736328, 5262.077655645752, 5348.356762277222, 5572.708894976807, 5641.503795288086, 5716.218498742676, 5622.250748016358, 5784.555844152832, 5878.056356762695, 6000.226616532898, 6176.930587129211]
shares:[0, 0.8642, 1.7529, 2.6766, 3.546, 4.3574, 5.1655, 6.0236, 6.925, 7.768, 8.6175, 9.4085, 10.2142, 10.9421, 11.6563, 12.37, 13.0887, 13.8071, 14.5125, 15.2197, 15.9249, 16.678, 17.358, 17.9523, 18.5797, 19.1953, 19.8301, 20.4551, 21.0554, 21.6577, 22.2471, 22.8261, 23.382, 23.9048, 24.4941, 25.0991, 25.7063, 26.313, 26.9116, 27.5026, 28.0735, 28.6368, 29.1916, 29.7478, 30.2914, 30.838, 31.3871, 31.9555, 32.5176, 33.0804, 33.6411, 34.1947]
growth_rate:21.12
