ticker:MEDS
price:[5.664999961853027, 5.889999866485596, 5.050000190734863, 4.920000076293945, 6.480000019073486, 6.03000020980835, 5.989999771118164, 6.099999904632568, 4.179999828338623, 4.619999885559082, 4.940000057220459, 4.710000038146973, 5.0, 5.360000133514404, 5.340000152587891, 5.309999942779541, 5.25, 5.289999961853027, 5.409999847412109, 5.869999885559082, 6.019999980926514, 5.53000020980835, 6.550000190734863, 7.159999847412109, 7.460000038146973, 6.25, 5.809999942779541, 6.429999828338623, 6.5, 6.630000114440918, 5.130000114440918, 5.039999961853027, 4.769999980926514, 4.71999979019165, 4.349999904632568, 3.75, 3.1700000762939453, 3.4700000286102295, 3.619999885559082, 3.819999933242798, 5.349999904632568, 4.5, 4.769999980926514, 6.5, 5.829999923706055, 5.050000190734863, 5.480000019073486, 4.96999979019165, 5.119999885559082, 4.809999942779541, 4.670000076293945, 5.090000152587891]
assets:[0, 99.9998287332058, 185.73850201520918, 280.9570963567734, 470.0410573835373, 537.399045698309, 633.8342217807769, 745.4736683452606, 610.8325709147454, 775.1306447994232, 928.8193047585964, 985.5745729823112, 1146.2575, 1328.7879850993156, 1423.8298726852415, 1515.8308156654357, 1598.7026999999998, 1710.8833236625671, 1849.6935548297881, 2106.9689539227484, 2260.809788836956, 2176.79057258749, 2678.2963879915237, 3027.725507475662, 3254.585406642437, 2826.696875, 2727.697365135956, 3118.7768957381727, 3252.72935, 3417.784285994625, 2744.5300542254445, 2796.380474834633, 2746.574575017452, 2817.784178746891, 2696.8985858744145, 2424.91275, 2149.8594987417223, 2453.316045227647, 2659.3670319280623, 2906.2933852104666, 4170.332415660953, 3607.7562000000003, 3924.2217443084714, 5447.4719, 4985.963433751487, 4418.888031898212, 4895.149757037878, 4539.578922361851, 4776.58869323492, 4587.381120427846, 4553.860910396576, 5063.416099790955]
shares:[0, 16.9779, 36.7799, 57.1051, 72.5372, 89.1209, 105.8154, 122.2088, 146.1322, 167.7772, 188.0201, 209.2515, 229.2515, 247.9082, 266.6348, 285.4672, 304.5148, 323.4184, 341.9027, 358.9385, 375.5498, 393.633, 408.9002, 422.8667, 436.2715, 452.2715, 469.4832, 485.0353, 500.4199, 515.5029, 534.9961, 554.8374, 575.8018, 596.9882, 619.9767, 646.6434, 678.1891, 707.0075, 734.6318, 760.8098, 779.5014, 801.7236, 822.688, 838.0726, 855.2253, 875.0273, 893.2755, 913.3962, 932.9275, 953.7175, 975.1308, 994.7772]
growth_rate:-0.72
