ticker:MEIP
price:[2.4600000381469727, 2.9600000381469727, 3.5399999618530273, 3.119999885559082, 3.049999952316284, 3.0799999237060547, 3.0299999713897705, 2.8499999046325684, 2.5999999046325684, 2.6600000858306885, 2.9100000858306885, 2.819999933242798, 3.0199999809265137, 2.9100000858306885, 2.819999933242798, 2.7799999713897705, 2.9000000953674316, 2.640000104904175, 3.0399999618530273, 2.8399999141693115, 2.990000009536743, 3.2300000190734863, 3.990000009536743, 3.9800000190734863, 4.190000057220459, 3.75, 3.6600000858306885, 3.8299999237060547, 3.8399999141693115, 3.5199999809265137, 3.390000104904175, 3.440000057220459, 3.380000114440918, 3.4600000381469727, 3.6500000953674316, 3.309999942779541, 2.759999990463257, 2.9000000953674316, 2.880000114440918, 2.9700000286102295, 3.2899999618530273, 3.180000066757202, 3.25, 2.940000057220459, 2.990000009536743, 2.6600000858306885, 2.5899999141693115, 2.700000047683716, 2.7799999713897705, 2.75, 2.5899999141693115, 2.759999990463257]
assets:[0, 100.0000492887497, 219.59469363365173, 293.54113323297497, 386.95532395033837, 490.7613358434677, 582.7944364970684, 648.1729133106709, 691.3155346426964, 807.2690620482922, 983.1403279978038, 1052.7338930788756, 1227.395942248106, 1282.6896258330346, 1343.0187642070293, 1423.968805345297, 1585.4352721375467, 1543.2928453249453, 1877.1248884451863, 1853.6298879794597, 2051.5328925434587, 2316.204589677429, 2961.194068077731, 3053.772424634695, 3314.9009472697257, 3066.796875, 3093.19380653851, 3336.8667515293123, 3445.579314985299, 3258.4477903437614, 3238.107421203828, 3385.8671843200204, 3426.8114260258676, 3607.919191777801, 3906.042127057314, 3642.1915370368956, 3136.9936331606145, 3396.116741682386, 3472.6952099925043, 3681.216728461432, 4177.84593155861, 4138.1611168717145, 4329.252525, 4016.308500168371, 4184.612952347016, 3822.766189349866, 3822.166732336211, 4084.498242134833, 4305.520229689956, 4359.057725000001, 4205.4395816348315, 4581.4724721694465]
shares:[0, 33.7838, 62.0324, 94.0837, 126.8706, 159.3381, 192.3414, 227.4291, 265.8906, 303.4846, 337.8489, 373.3099, 406.4225, 440.7868, 476.2478, 512.219, 546.7018, 584.5806, 617.4753, 652.6866, 686.1314, 717.0912, 742.1539, 767.2795, 791.1458, 817.8125, 845.1349, 871.2446, 897.2863, 925.6954, 955.1939, 984.2637, 1013.8495, 1042.7512, 1070.1485, 1100.36, 1136.5919, 1171.0747, 1205.7969, 1239.4669, 1269.862, 1301.3085, 1332.0777, 1366.0913, 1399.5361, 1437.1301, 1475.7401, 1512.7771, 1548.7483, 1585.1119, 1623.7219, 1659.9538]
growth_rate:-10.17
