ticker:MELI
price:[1083.3800048828125, 1032.97998046875, 998.0599975585938, 1062.0, 1079.3299560546875, 1199.8399658203125, 1271.3800048828125, 1312.1600341796875, 1214.050048828125, 1485.8599853515625, 1301.6600341796875, 1416.989990234375, 1513.4300537109375, 1557.3800048828125, 1606.6300048828125, 1723.6800537109375, 1690.47998046875, 1675.219970703125, 1719.0, 1851.780029296875, 1965.050048828125, 1779.510009765625, 1918.1300048828125, 1943.0, 1910.3900146484375, 1638.1099853515625, 1470.239990234375, 1550.1500244140625, 1448.8900146484375, 1431.969970703125, 1510.5, 1584.72998046875, 1591.8800048828125, 1600.9100341796875, 1570.97998046875, 1481.260009765625, 1323.0999755859375, 1367.1199951171875, 1358.6700439453125, 1325.4200439453125, 1392.75, 1468.06005859375, 1541.719970703125, 1551.9599609375, 1554.969970703125, 1512.510009765625, 1613.81005859375, 1568.699951171875, 1756.27001953125, 1851.5999755859375, 1786.5400390625, 1865.0]
assets:[0, 99.992462109375, 196.61781951904297, 309.25440000000003, 414.3547701293945, 560.56523203125, 694.0463446655274, 816.2947572631836, 855.2982593994141, 1146.786736694336, 1104.5887050048827, 1302.4971990234376, 1491.1826319213867, 1634.470315124512, 1786.0905764282224, 2016.1885588256835, 2077.430847998047, 2158.688454248047, 2315.1492, 2593.9734650390624, 2852.663155883789, 2683.323143725586, 2992.2828076171877, 3131.1445, 3178.5069063720703, 2825.4121027343754, 2635.846254492187, 2879.0936403442383, 2790.996835217285, 2858.355258520508, 3115.10415, 3368.185100488281, 3483.3518266845704, 3603.168213928223, 3635.876066796875, 3528.213217260742, 3251.5181900024413, 3459.633859643555, 3538.248528442383, 3551.59554975586, 3832.01235, 4139.195335205079, 4446.937083496094, 4576.4195328125, 4685.280018725586, 4657.320822070313, 5069.300156054687, 5027.526473510742, 5728.601549707031, 6139.535199047851, 6023.855703710938, 6388.370999999999]
shares:[0, 0.0968, 0.197, 0.2912, 0.3839, 0.4672, 0.5459, 0.6221, 0.7045, 0.7718, 0.8486, 0.9192, 0.9853, 1.0495, 1.1117, 1.1697, 1.2289, 1.2886, 1.3468, 1.4008, 1.4517, 1.5079, 1.56, 1.6115, 1.6638, 1.7248, 1.7928, 1.8573, 1.9263, 1.9961, 2.0623, 2.1254, 2.1882, 2.2507, 2.3144, 2.3819, 2.4575, 2.5306, 2.6042, 2.6796, 2.7514, 2.8195, 2.8844, 2.9488, 3.0131, 3.0792, 3.1412, 3.2049, 3.2618, 3.3158, 3.3718, 3.4254]
growth_rate:25.26
