ticker:MEOH
price:[22.899999618530273, 23.049999237060547, 25.149999618530273, 22.260000228881836, 23.719999313354492, 27.510000228881836, 28.260000228881836, 30.8799991607666, 29.670000076293945, 29.920000076293945, 35.0099983215332, 37.790000915527344, 42.20000076293945, 42.79999923706055, 44.099998474121094, 45.52000045776367, 46.560001373291016, 46.08000183105469, 45.810001373291016, 40.90999984741211, 36.41999816894531, 33.11000061035156, 37.459999084472656, 38.599998474121094, 37.2400016784668, 38.540000915527344, 41.68000030517578, 42.63999938964844, 38.380001068115234, 37.02000045776367, 37.720001220703125, 39.790000915527344, 38.41999816894531, 36.470001220703125, 36.560001373291016, 39.88999938964844, 37.97999954223633, 36.189998626708984, 35.54999923706055, 36.779998779296875, 36.47999954223633, 32.90999984741211, 33.11000061035156, 33.75, 34.099998474121094, 32.5099983215332, 33.650001525878906, 33.65999984741211, 33.880001068115234, 33.459999084472656, 30.6200008392334, 35.849998474121094]
assets:[0, 100.00011669006348, 209.10967182826997, 285.0815969312668, 403.78080431137084, 568.2960827281952, 683.7902695381165, 847.1835129758834, 913.9873193502426, 1021.6872186052323, 1295.495973890686, 1498.365978300476, 1773.2229320583344, 1898.4324861591338, 2056.0962788581846, 2222.30007834816, 2373.074805994034, 2448.60835329895, 2534.2596669719696, 2363.1865961856843, 2203.817793200684, 2103.5246927764892, 2479.885653391266, 2655.3556550323487, 2661.7998759716033, 2854.7195318145755, 3187.302967337036, 3360.7141918945313, 3124.9572569675443, 3114.222392508316, 3273.1078419250484, 3552.7298117446903, 3530.405947744751, 3451.2218615173338, 3559.7376537132263, 3983.9698100418095, 3893.212015076065, 3809.7247744335173, 3842.350567539215, 4075.2937467437746, 4142.052236024094, 3836.7037292110444, 3960.0189819992065, 4136.565375, 4279.464558506012, 4179.924269193649, 4426.4995457221985, 4527.8152714744565, 4657.409210831452, 4699.671015408325, 4400.77388461647, 5252.44063644104]
shares:[0, 4.3384, 8.3145, 12.8069, 17.0228, 20.6578, 24.1964, 27.4347, 30.8051, 34.1473, 37.0036, 39.6498, 42.0195, 44.3559, 46.6235, 48.8203, 50.9681, 53.1382, 55.3211, 57.7655, 60.5112, 63.5314, 66.2009, 68.7916, 71.4769, 74.0716, 76.4708, 78.816, 81.4215, 84.1227, 86.7738, 89.287, 91.8898, 94.6318, 97.367, 99.8739, 102.5069, 105.2701, 108.083, 110.8019, 113.5431, 116.5817, 119.6019, 122.5649, 125.4975, 128.5735, 131.5453, 134.5162, 137.4678, 140.4564, 143.7222, 146.5116]
growth_rate:2.99
