ticker:MERC
price:[8.239999771118164, 7.070000171661377, 7.309999942779541, 6.329999923706055, 6.400000095367432, 6.539999961853027, 6.909999847412109, 6.809999942779541, 6.289999961853027, 6.840000152587891, 7.5, 8.029999732971191, 8.239999771118164, 9.579999923706055, 10.010000228881836, 10.140000343322754, 9.789999961853027, 10.25, 11.279999732971191, 11.550000190734863, 12.0, 11.300000190734863, 12.229999542236328, 13.720000267028809, 13.420000076293945, 15.369999885559082, 15.34000015258789, 15.880000114440918, 14.380000114440918, 14.829999923706055, 14.619999885559082, 15.779999732971191, 16.0, 16.860000610351562, 16.489999771118164, 15.90999984741211, 15.260000228881836, 14.670000076293945, 14.84000015258789, 13.729999542236328, 13.729999542236328, 12.329999923706055, 12.819999694824219, 12.5, 12.149999618530273, 11.670000076293945, 11.449999809265137, 11.630000114440918, 11.569999694824219, 11.399999618530273, 11.25, 11.720000267028809]
assets:[0, 100.00020342803, 203.39490040788652, 276.1272566719055, 379.1808056502342, 487.47524715662, 615.0542494182587, 706.1534100666047, 752.2330464379311, 918.0087324790956, 1106.58825, 1284.787109275818, 1418.3865926015853, 1749.0464520708083, 1927.5526710741044, 2052.585513496971, 2081.7367808884624, 2279.5508, 2608.617250246811, 2771.0575657608033, 2979.0204, 2905.2447390381813, 3244.348595565414, 3739.612452783108, 3757.8429233636857, 4403.878458209896, 4495.282732714844, 4753.52558625679, 4404.514945052624, 4642.347584117127, 4676.609013392926, 5147.666300891305, 5319.4336, 5705.353394540405, 5680.1469701593405, 5580.360851480484, 5452.37671777916, 5341.570011779785, 5503.468964587784, 5191.820836902619, 5291.820542568588, 4852.232267975998, 5145.062015523529, 5116.63625, 5073.370850712967, 4972.941800511169, 4979.192717056274, 5157.468925750255, 5230.860497028351, 5254.002184189225, 5284.870875, 5605.660891719532]
shares:[0, 14.1443, 27.8242, 43.622, 59.247, 74.5375, 89.0093, 103.6936, 119.5919, 134.2118, 147.5451, 159.9984, 172.1343, 182.5727, 192.5627, 202.4246, 212.6391, 222.3952, 231.2604, 239.9184, 248.2517, 257.1013, 265.2779, 272.5665, 280.0181, 286.5243, 293.0432, 299.3404, 306.2945, 313.0376, 319.8775, 326.2146, 332.4646, 338.3958, 344.4601, 350.7455, 357.2986, 364.1152, 370.8537, 378.137, 385.4203, 393.5306, 401.3309, 409.3309, 417.5614, 426.1304, 434.864, 443.4625, 452.1055, 460.8774, 469.7663, 478.2987]
growth_rate:9.91
