ticker:MESA
price:[3.5299999713897705, 3.2699999809265137, 3.319999933242798, 2.9600000381469727, 3.0299999713897705, 3.7799999713897705, 3.430000066757202, 3.690000057220459, 3.1600000858306885, 3.4200000762939453, 4.329999923706055, 4.980000019073486, 6.679999828338623, 7.730000019073486, 7.079999923706055, 6.570000171661377, 6.289999961853027, 6.690000057220459, 6.550000190734863, 6.539999961853027, 6.610000133514404, 6.53000020980835, 7.130000114440918, 9.9399995803833, 12.140000343322754, 12.199999809265137, 12.59000015258789, 15.260000228881836, 14.470000267028809, 13.300000190734863, 13.289999961853027, 12.960000038146973, 12.100000381469727, 11.260000228881836, 11.260000228881836, 11.149999618530273, 10.579999923706055, 10.390000343322754, 9.720000267028809, 9.520000457763672, 9.819999694824219, 9.1899995803833, 9.25, 9.319999694824219, 8.880000114440918, 8.899999618530273, 8.970000267028809, 8.920000076293945, 9.010000228881836, 8.039999961853027, 7.360000133514404, 8.0600004196167]
assets:[0, 99.99986941671371, 201.5289759477377, 279.67649160432813, 386.2904543525219, 581.9068035956383, 628.0264952231169, 775.6321080276489, 764.227060757637, 927.1066166820526, 1273.7928825559616, 1565.008829994011, 2199.248995484114, 2644.939321526289, 2522.5317568172454, 2440.824048774004, 2436.801337221527, 2691.7650080230237, 2735.4353146553995, 2831.258851485634, 2961.5629678201676, 3025.7193482161047, 3403.7330016320225, 4845.176257461071, 6017.549300178051, 6147.289543893242, 6443.801288097382, 7910.358364645958, 7600.8437032656675, 7086.262711623859, 7180.935177388191, 7102.626932906151, 6731.311282214165, 6364.013631361197, 6464.013693393898, 6500.8656725889205, 6268.534632796669, 6255.961549719334, 5952.545659528922, 5930.065405143738, 6216.936732796478, 5918.090462779141, 6056.728875000001, 6202.563248902131, 6009.738989450454, 6123.274497545624, 6271.435785694981, 6336.478154196739, 6500.411528130532, 5900.58893600378, 5501.534595800828, 6124.778198865891]
shares:[0, 30.581, 60.7015, 94.4853, 127.4886, 153.9436, 183.0981, 210.1984, 241.844, 271.0838, 294.1785, 314.2588, 329.2289, 342.1655, 356.2898, 371.5105, 387.4088, 402.3565, 417.6237, 432.9142, 448.0428, 463.3567, 477.3819, 487.4423, 495.6795, 503.8762, 511.819, 518.3721, 525.2829, 532.8017, 540.3262, 548.0422, 556.3067, 565.1877, 574.0687, 583.0373, 592.4891, 602.1137, 612.4018, 622.906, 633.0893, 643.9707, 654.7815, 665.5111, 676.7724, 688.0084, 699.1567, 710.3675, 721.4663, 733.9041, 747.4911, 759.898]
growth_rate:20.09
