ticker:MESO
price:[16.719999313354492, 16.209999084472656, 17.8799991607666, 17.540000915527344, 12.029999732971191, 12.109999656677246, 10.899999618530273, 11.210000038146973, 10.699999809265137, 11.729999542236328, 11.880000114440918, 13.779999732971191, 14.930000305175781, 16.100000381469727, 16.959999084472656, 9.270000457763672, 8.729999542236328, 8.489999771118164, 8.65999984741211, 9.720000267028809, 9.25, 8.989999771118164, 9.609999656677246, 10.600000381469727, 10.300000190734863, 9.600000381469727, 9.170000076293945, 9.329999923706055, 9.329999923706055, 8.670000076293945, 8.3100004196167, 8.510000228881836, 8.9399995803833, 8.279999732971191, 7.659999847412109, 6.980000019073486, 6.989999771118164, 7.519999980926514, 7.730000019073486, 7.21999979019165, 8.529999732971191, 8.5, 8.180000305175781, 7.809999942779541, 7.849999904632568, 7.010000228881836, 7.260000228881836, 7.0, 7.320000171661377, 7.519999980926514, 6.860000133514404, 7.389999866485596]
assets:[0, 99.9994843521118, 210.3009741291046, 306.3027899879456, 310.0816641171455, 412.14325131559366, 470.9628235176086, 584.357123988533, 657.771788274765, 821.0894109569549, 931.5892169740678, 1180.5808071227075, 1379.105030189514, 1587.1798976062776, 1771.960352346802, 1068.5186537647248, 1106.275144991684, 1175.8624212999343, 1299.4069971046447, 1558.4572148140908, 1583.0995750000002, 1638.601864281845, 1851.6086058502196, 2142.357597098541, 2181.7244104010583, 2133.452244775772, 2137.891066787148, 2275.1932553951265, 2375.1931275774, 2307.172853302574, 2311.3734327136995, 2467.0022613515853, 2691.65686166172, 2592.944016377926, 2498.7861682239536, 2376.9615284952642, 2480.3671677824022, 2768.4353529782293, 2945.7453152685166, 2851.3945171403884, 3468.7525404118537, 3556.553, 3522.6590534217835, 3463.321044625759, 3581.0592714947225, 3297.863019677734, 3515.4757888303757, 3489.577, 3749.100591920185, 3951.5351419774533, 3704.7252361041074, 4090.950214089203]
shares:[0, 6.169, 11.7618, 17.4631, 25.7757, 34.0333, 43.2076, 52.1282, 61.474, 69.9991, 78.4166, 85.6735, 92.3714, 98.5826, 104.4788, 115.2663, 126.7211, 138.4997, 150.047, 160.3351, 171.1459, 182.2694, 192.6752, 202.1092, 211.8179, 222.2346, 233.1397, 243.8578, 254.5759, 266.1099, 278.1436, 289.8945, 301.0802, 313.1575, 326.2123, 340.5389, 354.8451, 368.143, 381.0796, 394.93, 406.6533, 418.418, 430.6429, 443.447, 456.1859, 470.4512, 484.2253, 498.511, 512.1722, 525.4701, 540.0474, 553.5792]
growth_rate:-19.79
