ticker:METC
price:[2.7300000190734863, 2.7699999809265137, 3.319999933242798, 3.299999952316284, 3.619999885559082, 3.509999990463257, 3.130000114440918, 3.130000114440918, 2.799999952316284, 2.930000066757202, 3.059999942779541, 3.190000057220459, 3.200000047683716, 3.200000047683716, 3.450000047683716, 2.9600000381469727, 2.759999990463257, 2.880000114440918, 3.180000066757202, 3.1700000762939453, 3.009999990463257, 2.940000057220459, 3.1500000953674316, 3.799999952316284, 4.880000114440918, 4.650000095367432, 4.190000057220459, 4.730000019073486, 4.579999923706055, 4.210000038146973, 4.400000095367432, 4.400000095367432, 4.130000114440918, 3.9600000381469727, 4.050000190734863, 4.050000190734863, 4.849999904632568, 4.949999809265137, 5.75, 6.079999923706055, 5.920000076293945, 5.460000038146973, 5.78000020980835, 5.670000076293945, 5.670000076293945, 5.679999828338623, 6.0, 6.570000171661377, 8.210000038146973, 9.180000305175781, 8.210000038146973, 9.100000381469727]
assets:[0, 100.00004631142617, 219.85570757923125, 318.5311753973484, 449.41900379228593, 535.7625375443221, 577.7598351243972, 677.7598957806587, 706.302787971735, 839.0954701179743, 976.3248057432176, 1117.8028160505294, 1221.3068981988906, 1321.3068996890067, 1524.5339760711431, 1408.0060101456643, 1412.8704911180496, 1574.299646557045, 1838.28903259089, 1932.5081265106203, 1934.968259869337, 1989.9690267302512, 2232.109597577953, 2792.703564956188, 3686.419430450249, 3612.6743540927887, 3355.291290821314, 3887.7151986770155, 3864.4262316261293, 3652.23481509304, 3917.0626849000455, 4017.0628070674898, 3870.5613542519573, 3811.240260713959, 3997.8596782793047, 4097.859852988815, 5007.313531539249, 5210.556909225273, 6152.667324999999, 6605.777037108422, 6531.9410121803285, 6124.391406788825, 6583.330070968437, 6558.041725243187, 6658.041815588761, 6769.783907403087, 7251.1806, 8040.042966070748, 10146.99437814703, 11445.84745450058, 10336.427814027214, 11556.942244464111]
shares:[0, 36.1011, 66.2216, 96.5246, 124.1489, 152.6389, 184.5878, 216.5367, 252.251, 286.3807, 319.0604, 350.4084, 381.6584, 412.9084, 441.8939, 475.6777, 511.9096, 546.6318, 578.0783, 609.624, 642.8466, 676.8602, 708.6062, 734.922, 755.4138, 776.9192, 800.7855, 821.9271, 843.7612, 867.5142, 890.2415, 912.9688, 937.1819, 962.4344, 987.1258, 1011.8172, 1032.4358, 1052.6378, 1070.0291, 1086.4765, 1103.3684, 1121.6834, 1138.9844, 1156.6211, 1174.2578, 1191.8634, 1208.5301, 1223.7508, 1235.9311, 1246.8243, 1259.0046, 1269.9936]
growth_rate:126.61
