ticker:METX
price:[6.840000152587891, 8.649999618530273, 8.930000305175781, 6.21999979019165, 4.659999847412109, 3.940000057220459, 3.7699999809265137, 3.450000047683716, 2.869999885559082, 2.640000104904175, 3.2699999809265137, 3.190000057220459, 3.009999990463257, 2.990000009536743, 2.2799999713897705, 2.0, 1.8899999856948853, 2.0, 1.9700000286102295, 1.9199999570846558, 2.0399999618530273, 2.0299999713897705, 3.049999952316284, 2.950000047683716, 2.700000047683716, 2.380000114440918, 2.390000104904175, 2.690000057220459, 2.7200000286102295, 2.259999990463257, 2.369999885559082, 2.2799999713897705, 1.9800000190734863, 1.7599999904632568, 1.7100000381469727, 1.5099999904632568, 1.350000023841858, 1.4299999475479126, 0.9599999785423279, 0.9700000286102295, 0.9800000190734863, 1.0, 0.9900000095367432, 0.949999988079071, 0.8399999737739563, 0.6800000071525574, 0.5, 0.5099999904632568, 0.6000000238418579, 0.5600000023841858, 0.5199999809265137, 0.5699999928474426]
assets:[0, 100.00005058994294, 203.23698394546508, 241.56053385186198, 280.97608879966737, 337.56344490242003, 422.99852185993194, 487.09412173230646, 505.20579285497666, 564.7189904399157, 799.481314336729, 879.9222787835597, 930.2715000525712, 1024.0902522663832, 880.9115049460173, 872.7294, 924.7293650008679, 1078.5496, 1162.3713308810711, 1232.8694124432207, 1409.9237376351357, 1503.0123848169806, 2358.220618131566, 2380.901968484831, 2279.1305202508925, 2109.0113974105834, 2217.872775348997, 2596.2667362266066, 2725.2213406651495, 2364.3383140229703, 2579.416630446911, 2581.4640756068943, 2341.797898558712, 2181.5981321787835, 2219.620918515682, 2060.016127989507, 1941.7363542922974, 2156.8021398889664, 1547.9231654012203, 1664.0474650812148, 1781.2025626670836, 1917.5536, 1998.3780822505234, 2017.6355296820104, 1884.0145211782753, 1625.1546610941352, 1294.96665, 1420.865940430522, 1771.6071103973388, 1753.4998954654814, 1728.2498366081713, 1994.4277519732295]
shares:[0, 11.5607, 22.7589, 38.8361, 60.2953, 85.676, 112.2012, 141.1867, 176.0299, 213.9087, 244.4897, 275.8377, 309.0603, 342.5051, 386.3647, 436.3647, 489.2748, 539.2748, 590.0362, 642.1195, 691.1391, 740.4002, 773.1871, 807.0854, 844.1224, 886.1392, 927.9802, 965.1549, 1001.9196, 1046.1674, 1088.3615, 1132.2211, 1182.7262, 1239.5444, 1298.0239, 1364.2491, 1438.3232, 1508.2533, 1612.42, 1715.5128, 1817.5536, 1917.5536, 2018.5637, 2123.8269, 2242.8745, 2389.9333, 2589.9333, 2786.0117, 2952.6784, 3131.2498, 3323.5575, 3498.9961]
growth_rate:-60.89
