ticker:MEUSW
price:[2.609999895095825, 3.0, 3.619999885559082, 2.859999895095825, 4.699999809265137, 3.450000047683716, 3.2249999046325684, 2.700000047683716, 2.140000104904175, 2.6500000953674316, 2.2899999618530273, 1.7699999809265137, 1.7599999904632568, 1.8300000429153442, 1.4199999570846558, 1.465000033378601, 1.600000023841858, 1.4299999475479126, 1.2999999523162842, 1.5, 1.8799999952316284, 2.450000047683716, 3.0999999046325684, 3.3399999141693115, 2.950000047683716, 2.740000009536743, 2.624000072479248, 2.190000057220459, 1.9800000190734863, 1.7200000286102295, 1.7000000476837158, 1.4299999475479126, 1.4700000286102295, 1.7999999523162842, 1.6100000143051147]
assets:[0, 99.9999, 220.6665050239563, 274.3386259373188, 550.8362176460266, 504.3372219706297, 571.4457956016064, 578.4196602152587, 558.4512173756361, 791.5399234857082, 784.0098829399109, 705.9814843923568, 801.9929236543178, 933.89037990067, 824.6580170771241, 950.7916141628623, 1138.4072169635892, 1117.4514370121242, 1115.8649690703153, 1387.5366, 1839.0458873355033, 2496.628938591242, 3258.999829741144, 3611.30944319725, 3289.62971817348, 3155.4527849827527, 3121.8644638310907, 2705.519500689983, 2546.086182526636, 2311.751590453339, 2384.870736893821, 2106.0970587488173, 2265.0089720832825, 2873.480323878765, 2670.168601724887]
shares:[0, 33.3333, 60.9576, 95.9226, 117.1992, 146.1847, 177.1925, 214.2295, 260.9585, 298.6943, 342.3624, 398.8596, 455.6778, 510.3226, 580.7451, 649.0045, 711.5045, 781.4346, 858.3577, 925.0244, 978.2159, 1019.0322, 1051.2903, 1081.2304, 1115.1287, 1151.6251, 1189.7349, 1235.397, 1285.9021, 1344.0416, 1402.8651, 1472.7952, 1540.8224, 1596.378, 1658.4898]
growth_rate:-21.47
