ticker:MFH
price:[2.140000104904175, 2.1700000762939453, 2.4000000953674316, 2.3499999046325684, 2.1600000858306885, 2.2899999618530273, 2.5, 2.8499999046325684, 2.490000009536743, 2.7100000381469727, 2.319999933242798, 2.4100000858306885, 2.549999952316284, 2.7699999809265137, 2.6700000762939453, 3.2699999809265137, 3.049999952316284, 3.049999952316284, 4.389999866485596, 3.700000047683716, 3.5899999141693115, 3.890000104904175, 4.320000171661377, 6.409999847412109, 9.319999694824219, 7.360000133514404, 5.78000020980835, 7.949999809265137, 7.730000019073486, 6.619999885559082, 6.989999771118164, 7.199999809265137, 5.309999942779541, 5.849999904632568, 5.989999771118164, 5.760000228881836, 6.619999885559082, 6.199999809265137, 5.809999942779541, 6.420000076293945, 6.440000057220459, 6.039999961853027, 5.440000057220459, 5.03000020980835, 4.139999866485596, 4.039999961853027, 3.700000047683716, 3.5799999237060547, 3.990000009536743, 3.0199999809265137, 3.4100000858306885, 3.0199999809265137]
assets:[0, 99.99989651584626, 210.599048368454, 306.2115675733566, 381.4540711576223, 504.41187959747316, 650.668, 841.7614368327618, 835.4335981997251, 1009.2471032065392, 964.004748261094, 1101.401610225749, 1265.3834163379668, 1474.5538128466128, 1521.3209204710006, 1963.1905955489635, 1931.1105198090074, 2031.1105632456065, 3023.4670990463733, 2648.252464129329, 2669.5207051763773, 2992.600420703411, 3423.4018480337622, 5179.630503700638, 7631.069426126862, 6126.252879133558, 4911.106072268342, 6854.8944905386925, 6765.199391692877, 5893.740882114029, 6323.149598953628, 6613.11558481226, 4977.17286336608, 5583.325903979921, 5816.943885730743, 5693.589154242897, 6643.673005149842, 6322.1708055067065, 6024.48596766715, 6757.005140298843, 6878.055301112651, 6550.846850626659, 6000.100831111861, 5647.887447581292, 4748.559146859646, 4733.85985530138, 4435.465707162022, 4391.612756409645, 4994.563109937811, 3880.3460314928057, 4481.450415799403, 4068.909092301893]
shares:[0, 46.0829, 87.7496, 130.3028, 176.5991, 220.2672, 260.2672, 295.3549, 335.5155, 372.4159, 415.5193, 457.0131, 496.2288, 532.3299, 569.7831, 600.3641, 633.151, 665.9379, 688.7169, 715.7439, 743.5991, 769.306, 792.4541, 808.0547, 818.7843, 832.3713, 849.6723, 862.2509, 875.1875, 890.2932, 904.5994, 918.4883, 937.3207, 954.4147, 971.1092, 988.4703, 1003.576, 1019.705, 1036.9167, 1052.493, 1068.021, 1084.5773, 1102.9597, 1122.8404, 1146.995, 1171.7475, 1198.7745, 1226.7075, 1251.7702, 1284.8828, 1314.2083, 1347.3209]
growth_rate:-20.22
