ticker:MFIN
price:[2.950000047683716, 2.7100000381469727, 2.690000057220459, 2.5199999809265137, 2.559999942779541, 2.630000114440918, 2.4700000286102295, 2.549999952316284, 2.630000114440918, 3.130000114440918, 4.039999961853027, 4.590000152587891, 5.590000152587891, 5.300000190734863, 5.46999979019165, 5.070000171661377, 5.199999809265137, 4.900000095367432, 5.119999885559082, 5.28000020980835, 5.110000133514404, 6.849999904632568, 6.670000076293945, 6.480000019073486, 7.150000095367432, 6.929999828338623, 6.920000076293945, 7.559999942779541, 7.340000152587891, 7.050000190734863, 7.190000057220459, 7.599999904632568, 7.880000114440918, 7.829999923706055, 8.550000190734863, 9.020000457763672, 8.720000267028809, 9.399999618530273, 9.180000305175781, 9.279999732971191, 9.40999984741211, 9.020000457763672, 8.850000381469727, 8.989999771118164, 8.5, 8.399999618530273, 8.699999809265137, 8.579999923706055, 8.75, 9.069999694824219, 8.630000114440918, 8.569999694824219]
assets:[0, 100.00008540763854, 199.26202323861125, 286.66914983024594, 391.21944725556375, 501.91684884023664, 571.3818956183671, 689.8882070994378, 811.5317713127137, 1065.815431968975, 1475.6851300661087, 1776.582968059921, 2263.6381397895816, 2246.2042108357427, 2418.2518992450714, 2341.414804276228, 2501.4510682473183, 2457.1368978226187, 2667.4574763776777, 2850.815729281235, 2859.0282117008687, 3932.552065250015, 3929.215003943825, 3917.2883155303, 4422.31652898531, 4386.244985349369, 4479.916013391686, 4994.243314199352, 4948.908490880584, 4853.37946130619, 5049.7584921876905, 5437.71405176568, 5738.051391333484, 5801.642358469963, 6435.126863555908, 6888.871107609177, 6759.751183000945, 7386.887240226174, 7314.002757143402, 7493.675880372048, 7698.652107162476, 7479.580113587571, 7438.612055633354, 7656.28475907402, 7338.97905, 7352.63810609417, 7715.232910854721, 7708.8159034526825, 7961.555, 8352.720536958313, 8047.517393716717, 8091.566606861114]
shares:[0, 36.9004, 74.0751, 113.7576, 152.8201, 190.8429, 231.3287, 270.5444, 308.5672, 340.5161, 365.2686, 387.0551, 404.9442, 423.8121, 442.0936, 461.8175, 481.0483, 501.4565, 520.9878, 539.9272, 559.4967, 574.0952, 589.0877, 604.5198, 618.5058, 632.9358, 647.3867, 660.6142, 674.2382, 688.4226, 702.3308, 715.4887, 728.1791, 740.9505, 752.6464, 763.7329, 775.2008, 785.8391, 796.7323, 807.5082, 818.1352, 829.2217, 840.5211, 851.6446, 863.4093, 875.3141, 886.8084, 898.4634, 909.892, 920.9174, 932.5049, 944.1735]
growth_rate:58.66
