ticker:MFNC
price:[10.260000228881836, 9.550000190734863, 9.930000305175781, 9.0600004196167, 9.539999961853027, 10.239999771118164, 10.720000267028809, 10.770000457763672, 9.930000305175781, 10.979999542236328, 12.239999771118164, 12.510000228881836, 12.399999618530273, 12.920000076293945, 12.569999694824219, 12.899999618530273, 12.800000190734863, 12.760000228881836, 13.09000015258789, 13.430000305175781, 13.34000015258789, 12.520000457763672, 13.079999923706055, 12.899999618530273, 12.600000381469727, 12.899999618530273, 14.59000015258789, 14.640000343322754, 15.270000457763672, 14.369999885559082, 14.180000305175781, 13.699999809265137, 21.139999389648438, 21.479999542236328, 21.700000762939453, 21.920000076293945, 21.75, 21.530000686645508, 21.68000030517578, 21.43000030517578, 20.829999923706055, 19.770000457763672, 19.8700008392334, 19.889999389648438, 19.579999923706055, 19.770000457763672, 19.850000381469727, 20.270000457763672, 20.809999465942383, 21.040000915527344, 21.200000762939453, 21.43000030517578]
assets:[0, 99.9999619972229, 203.97908726882935, 286.10756525115966, 401.2657543954849, 530.7084681377411, 655.5859043302536, 758.6442172451019, 799.4742545700072, 984.0110889759063, 1196.9299936180114, 1323.3328442115783, 1411.6965565710068, 1570.896297276306, 1628.34038646698, 1771.0886776266098, 1857.3593876768111, 1951.5552670059203, 2102.0262585029604, 2256.624149278259, 2341.5021927829744, 2297.5715760051726, 2500.3387774158477, 2565.9298941221236, 2606.2571589054105, 2768.310248137474, 3230.9803367908476, 3342.052950374508, 3585.8710044971467, 3474.5222723293305, 3528.582471940613, 3509.138501144886, 5514.831806776428, 5703.528430451202, 5861.944896097183, 6021.373604957771, 6074.67495, 6113.230547966194, 6255.820456059265, 6283.683259483338, 6207.7524112628935, 5991.852198738097, 6122.15986757679, 6228.322584875488, 6231.25078171978, 6391.718250996781, 6517.582870252419, 6755.486429561233, 7035.455024445533, 7213.215049873352, 7368.068745159912, 7548.006131488037]
shares:[0, 10.4712, 20.5417, 31.5792, 42.0614, 51.827, 61.1554, 70.4405, 80.511, 89.6185, 97.7884, 105.782, 113.8465, 121.5864, 129.5418, 137.2937, 145.1062, 152.9432, 160.5826, 168.0286, 175.5249, 183.5121, 191.1574, 198.9093, 206.8458, 214.5977, 221.4517, 228.2823, 234.8311, 241.79, 248.8422, 256.1415, 260.8719, 265.5274, 270.1357, 274.6977, 279.2954, 283.9401, 288.5526, 293.219, 298.0198, 303.078, 308.1107, 313.1384, 318.2457, 323.3039, 328.3417, 333.2751, 338.0805, 342.8334, 347.5504, 352.2168]
growth_rate:48.0
