ticker:MGEE
price:[64.41999816894531, 62.97999954223633, 61.099998474121094, 62.81999969482422, 63.91999816894531, 66.30999755859375, 67.6500015258789, 68.75, 65.0199966430664, 66.51000213623047, 71.55000305175781, 69.80999755859375, 70.97000122070312, 70.91999816894531, 71.0, 71.23999786376953, 69.44000244140625, 70.02999877929688, 68.55999755859375, 67.29000091552734, 65.94999694824219, 63.68000030517578, 65.3499984741211, 65.63999938964844, 65.83000183105469, 63.70000076293945, 65.5199966430664, 72.1500015258789, 71.93000030517578, 72.12000274658203, 71.33000183105469, 72.19000244140625, 74.0199966430664, 75.55999755859375, 74.80999755859375, 74.79000091552734, 74.9000015258789, 75.47000122070312, 75.0199966430664, 75.45999908447266, 76.7300033569336, 73.87000274658203, 76.0, 74.52999877929688, 76.22000122070312, 78.02999877929688, 77.0, 78.12000274658203, 80.5199966430664, 81.08999633789062, 82.45999908447266, 80.66999816894531]
assets:[0, 99.99964327316285, 197.01694507980346, 302.5599645301819, 407.8607243164062, 523.1129397399902, 633.6843292930604, 743.985, 803.6211505096436, 922.0348106147766, 1091.9031315719606, 1165.3522512451173, 1284.7131560974121, 1383.8051882720947, 1485.3697, 1590.3902083099365, 1650.2069380187988, 1764.2307442474364, 1827.1993509338379, 1893.352213760376, 1955.6482345046998, 1988.3379615287781, 2140.4803850212097, 2249.981643078613, 2356.4968265457155, 2380.252448508453, 2548.2626774391174, 2906.122696460724, 2997.2583757164, 3105.177202256012, 3171.160689404297, 3309.3918439208983, 3493.284917573548, 3665.9670695495606, 3729.5776182861327, 3828.5824158668515, 3934.2124601486207, 4064.150129736328, 4139.918498750305, 4264.199272264099, 4435.968665073395, 4370.622130505371, 4596.6472, 4607.735191531372, 4812.218375070191, 5026.497446365357, 5060.1474, 5233.751140010834, 5494.539634928895, 5633.435571588135, 5828.610821286774, 5802.084747303772]
shares:[0, 1.5878, 3.2245, 4.8163, 6.3808, 7.8889, 9.3671, 10.8216, 12.3596, 13.8631, 15.2607, 16.6932, 18.1022, 19.5122, 20.9207, 22.3244, 23.7645, 25.1925, 26.6511, 28.1372, 29.6535, 31.2239, 32.7541, 34.2776, 35.7967, 37.3666, 38.8929, 40.2789, 41.6691, 43.0557, 44.4576, 45.8428, 47.1938, 48.5173, 49.854, 51.1911, 52.5262, 53.8512, 55.1842, 56.5094, 57.8127, 59.1664, 60.4822, 61.8239, 63.1359, 64.4175, 65.7162, 66.9963, 68.2382, 69.4714, 70.6841, 71.9237]
growth_rate:13.77
