ticker:MGI
price:[2.9000000953674316, 2.9000000953674316, 2.990000009536743, 2.759999990463257, 2.890000104904175, 3.1500000953674316, 4.090000152587891, 4.730000019073486, 5.150000095367432, 5.510000228881836, 7.510000228881836, 7.889999866485596, 7.420000076293945, 6.519999980926514, 5.690000057220459, 6.929999828338623, 5.96999979019165, 5.46999979019165, 6.869999885559082, 7.269999980926514, 6.460000038146973, 7.670000076293945, 8.59000015258789, 9.149999618530273, 10.869999885559082, 6.670000076293945, 6.170000076293945, 7.670000076293945, 7.050000190734863, 6.03000020980835, 7.429999828338623, 6.489999771118164, 7.0, 7.190000057220459, 6.900000095367432, 8.029999732971191, 7.730000019073486, 8.260000228881836, 9.800000190734863, 11.119999885559082, 9.680000305175781, 10.239999771118164, 10.170000076293945, 10.300000190734863, 10.520000457763672, 10.270000457763672, 11.699999809265137, 10.34000015258789, 10.15999984741211, 9.199999809265137, 8.640000343322754, 9.140000343322754]
assets:[0, 100.00012328853606, 203.10352464780806, 287.4802190066576, 401.0210385566711, 537.0989562608719, 797.3762047481538, 1022.1487471217632, 1212.9105124606133, 1397.6964120594025, 2005.0273711071013, 2206.4802796619892, 2175.0424303642276, 2011.2230901164057, 1855.1932236564162, 2359.4882265536785, 2132.6325780512334, 2054.0199292156217, 2679.728643360901, 2935.753944297791, 2708.6618659949304, 3316.0117839845657, 3813.759920745468, 4162.386981467247, 5044.824557887364, 3195.582362552261, 3056.0337387887953, 3898.9916157835005, 3683.8189746642115, 3250.8406491100313, 4105.596491145038, 3686.1803350000387, 4075.8493999999996, 4286.479590113258, 4213.589938237572, 5003.64138860941, 4916.7059351317885, 5353.8149643524175, 6451.983985573292, 7421.026443626881, 6560.030694814301, 7039.535970654106, 7091.413928198815, 7282.060994848824, 7537.60031598854, 7458.474862445832, 8596.996059850691, 7697.687561595153, 7663.684836903, 7039.557414055538, 6711.063242673683, 7199.434772429943]
shares:[0, 34.4828, 67.9276, 104.1595, 138.7616, 170.5076, 194.9575, 216.0991, 235.5166, 253.6654, 266.981, 279.6553, 293.1324, 308.4698, 326.0445, 340.4745, 357.2249, 375.5064, 390.0624, 403.8176, 419.2975, 432.3353, 443.9767, 454.9057, 464.1053, 479.0978, 495.3053, 508.3431, 522.5275, 539.1112, 552.5702, 567.9785, 582.2642, 596.1724, 610.6652, 623.1185, 636.0551, 648.1616, 658.3657, 667.3585, 677.6891, 687.4547, 697.2875, 706.9962, 716.5019, 726.239, 734.786, 744.4572, 754.2997, 765.1693, 776.7434, 787.6843]
growth_rate:41.17
