ticker:MGIC
price:[13.9399995803833, 13.5, 12.920000076293945, 12.40999984741211, 13.449999809265137, 14.289999961853027, 14.079999923706055, 13.569999694824219, 12.579999923706055, 13.149999618530273, 12.720000267028809, 14.899999618530273, 16.579999923706055, 16.06999969482422, 15.109999656677246, 14.850000381469727, 15.279999732971191, 15.649999618530273, 15.9399995803833, 16.68000030517578, 17.09000015258789, 16.170000076293945, 16.34000015258789, 17.239999771118164, 17.579999923706055, 15.609999656677246, 15.5600004196167, 17.049999237060547, 16.579999923706055, 15.869999885559082, 15.710000038146973, 16.049999237060547, 16.010000228881836, 16.18000030517578, 16.389999389648438, 16.040000915527344, 16.110000610351562, 16.440000534057617, 16.440000534057617, 16.100000381469727, 15.600000381469727, 15.0, 15.869999885559082, 16.31999969482422, 17.110000610351562, 16.889999389648438, 17.270000457763672, 17.459999084472656, 17.3700008392334, 19.149999618530273, 19.260000228881836, 20.389999389648438]
assets:[0, 99.9999, 195.70311715564728, 287.9777694591522, 412.11068415584566, 537.8484475642205, 629.9448285865784, 707.1272560974121, 755.5384414178849, 889.7723691884995, 960.6767481673241, 1225.320838629341, 1463.478459265709, 1518.4623061637878, 1527.7509112871169, 1601.4626511386873, 1747.834857455349, 1890.158438927269, 2025.1833226875306, 2219.200648602295, 2373.749751194, 2345.964632068825, 2470.6292650714877, 2706.7109960651396, 2860.0919455877306, 2639.5931849453927, 2731.137953652382, 3092.6669666118623, 3107.415295701027, 3074.347486830425, 3143.352638632679, 3311.381272592926, 3403.128875651741, 3539.265042755127, 3685.2012177658085, 3706.5057675590515, 3822.680826828003, 4000.9848459730147, 4100.9844372215275, 4116.171177527618, 4088.340459972954, 4031.097, 4364.9006385240555, 4588.669834194183, 4910.792605178833, 4947.650014207458, 5158.9653437450415, 5315.722911266327, 5388.323642337417, 6040.493954672814, 6175.191349384689, 6637.495331314087]
shares:[0, 7.4074, 15.1473, 23.2053, 30.6402, 37.6381, 44.7404, 52.1096, 60.0587, 67.6633, 75.5249, 82.2363, 88.2677, 94.4905, 101.1086, 107.8426, 114.3871, 120.7769, 127.0504, 133.0456, 138.897, 145.0813, 151.2013, 157.0018, 162.6901, 169.0963, 175.523, 181.3881, 187.4195, 193.7207, 200.0861, 206.3166, 212.5627, 218.7432, 224.8445, 231.0789, 237.2862, 243.3689, 249.4516, 255.6628, 262.0731, 268.7398, 275.041, 281.1685, 287.013, 292.9337, 298.7241, 304.4515, 310.2086, 315.4305, 320.6226, 325.527]
growth_rate:30.15
