ticker:MGLN
price:[75.56999969482422, 74.77999877929688, 74.52999877929688, 73.1500015258789, 77.83000183105469, 77.7300033569336, 78.25, 77.91000366210938, 72.2699966430664, 76.2699966430664, 85.08999633789062, 80.3499984741211, 80.91999816894531, 78.69999694824219, 79.94999694824219, 79.8499984741211, 81.6500015258789, 82.83999633789062, 94.3499984741211, 94.55000305175781, 94.55000305175781, 93.9800033569336, 94.18000030517578, 93.9800033569336, 93.23999786376953, 93.31999969482422, 93.29000091552734, 93.19000244140625, 93.81999969482422, 93.83999633789062, 93.63999938964844, 94.05999755859375, 94.05999755859375, 94.43000030517578, 94.19999694824219, 94.05000305175781, 94.55000305175781, 94.44999694824219, 94.19000244140625, 94.26000213623047, 94.25, 94.37000274658203, 94.25, 94.25, 94.25, 94.38999938964844, 94.61000061035156, 94.31999969482422, 94.69999694824219, 94.55999755859375, 94.55000305175781, 94.56999969482422]
assets:[0, 100.00329236755371, 199.6658667297363, 295.97222117385866, 414.9117397613526, 514.378297214508, 617.8228750000001, 715.135923614502, 763.3662935417175, 905.6146861404418, 1110.3393622131348, 1148.4907381896971, 1256.6390195648194, 1322.1599487304688, 1443.16140491333, 1541.352505545807, 1676.094901322937, 1800.519036404419, 2150.689345217895, 2255.244492791748, 2355.2405760192873, 2441.0460051933287, 2546.2410702507023, 2640.838094329834, 2720.0438376808165, 2822.379402770233, 2921.4696686706543, 3018.3403080749513, 3138.7480897903442, 3239.4129775817873, 3332.5071182785036, 3447.4588125183104, 3547.4634019226073, 3661.419388832855, 3752.503978431702, 3846.5322648132324, 3966.9777480407715, 4062.7855087280273, 4151.603318609619, 4254.689124424744, 4354.2369, 4459.784774799346, 4554.112875, 4654.112125, 4754.1113749999995, 4861.169919566345, 4972.502951078796, 5057.259175637054, 5177.637103147888, 5269.979959936523, 5369.419033306885, 5470.5529443466185]
shares:[0, 1.3373, 2.679, 4.0461, 5.331, 6.6175, 7.8955, 9.179, 10.5627, 11.8738, 13.049, 14.2936, 15.5294, 16.8, 18.0508, 19.3031, 20.5278, 21.7349, 22.7948, 23.8524, 24.91, 25.9741, 27.0359, 28.1, 29.1725, 30.2441, 31.316, 32.3891, 33.455, 34.5206, 35.5885, 36.6517, 37.7149, 38.7739, 39.8355, 40.8988, 41.9564, 43.0152, 44.0769, 45.1378, 46.1988, 47.2585, 48.3195, 49.3805, 50.4415, 51.5009, 52.5579, 53.6181, 54.6741, 55.7316, 56.7892, 57.8466]
growth_rate:7.27
