ticker:MGNI
price:[6.75, 5.679999828338623, 6.239999771118164, 6.460000038146973, 7.53000020980835, 8.109999656677246, 8.739999771118164, 9.8100004196167, 9.029999732971191, 11.350000381469727, 10.569999694824219, 14.720000267028809, 19.469999313354492, 21.06999969482422, 19.420000076293945, 23.25, 32.5, 30.709999084472656, 25.079999923706055, 30.059999465942383, 40.08000183105469, 34.63999938964844, 54.95000076293945, 61.70000076293945, 58.560001373291016, 48.869998931884766, 39.099998474121094, 49.209999084472656, 50.68000030517578, 40.90999984741211, 42.79999923706055, 40.18000030517578, 37.63999938964844, 38.310001373291016, 40.04999923706055, 35.84000015258789, 24.989999771118164, 28.559999465942383, 29.700000762939453, 28.770000457763672, 32.849998474121094, 29.489999771118164, 36.5, 33.54999923706055, 33.189998626708984, 28.530000686645508, 32.189998626708984, 30.299999237060547, 33.849998474121094, 29.09000015258789, 24.799999237060547, 29.729999542236328]
assets:[0, 99.99980497779846, 209.8586803024292, 317.2577078734398, 469.8065020902157, 605.9937723463058, 753.0680962787628, 945.2631914330483, 970.1046103127479, 1319.3456093427658, 1328.6764436386109, 1950.3426273802759, 2679.6988394954683, 2999.910737549591, 2864.986003255463, 3530.017275, 5034.432, 4857.1518041984555, 4066.6994156290057, 4974.202459626388, 6732.269971563721, 5918.507159716796, 9488.623261742401, 10754.192902978897, 10306.899889707183, 8701.401049819946, 7061.831174411774, 8987.792968786622, 9356.278120339966, 7652.591843457031, 8106.1315355026245, 7709.915250558472, 7322.526885261535, 7552.870404746246, 7995.914262680435, 7255.3958708896635, 5158.938051749611, 5995.9291278791425, 6335.262612741471, 6236.884410235977, 7221.362604568481, 6582.740054909134, 8247.50715, 7680.92676033287, 7698.509794461441, 6717.611195676041, 7679.387708381653, 7328.500225471878, 8287.119391436005, 7221.781622880935, 6256.7620475189215, 7600.545734971619]
shares:[0, 17.6056, 33.6312, 49.1111, 62.3913, 74.7218, 86.1634, 96.3571, 107.4313, 116.2419, 125.7026, 132.4961, 137.6322, 142.3783, 147.5276, 151.8287, 154.9056, 158.1619, 162.1491, 165.4758, 167.9708, 170.8576, 172.6774, 174.2981, 176.0058, 178.052, 180.6095, 182.6416, 184.6148, 187.0592, 189.3956, 191.8844, 194.5411, 197.1514, 199.6483, 202.4385, 206.4401, 209.9415, 213.3085, 216.7843, 219.8284, 223.2194, 225.9591, 228.9397, 231.9527, 235.4578, 238.5644, 241.8647, 244.8189, 248.2565, 252.2888, 255.6524]
growth_rate:49.03
