ticker:MGNX
price:[26.459999084472656, 26.8700008392334, 31.600000381469727, 25.030000686645508, 24.270000457763672, 25.459999084472656, 24.40999984741211, 22.09000015258789, 19.40999984741211, 19.790000915527344, 21.489999771118164, 22.469999313354492, 23.06999969482422, 24.0, 22.190000534057617, 25.270000457763672, 24.299999237060547, 22.860000610351562, 20.520000457763672, 20.59000015258789, 22.549999237060547, 20.440000534057617, 22.860000610351562, 20.209999084472656, 20.0, 25.010000228881836, 26.010000228881836, 30.190000534057617, 30.469999313354492, 33.20000076293945, 32.25, 31.15999984741211, 31.829999923706055, 34.79999923706055, 32.36000061035156, 31.81999969482422, 29.489999771118164, 29.93000030517578, 32.189998626708984, 27.010000228881836, 21.329999923706055, 21.889999389648438, 27.170000076293945, 28.700000762939453, 27.940000534057617, 24.56999969482422, 25.780000686645508, 24.959999084472656, 24.540000915527344, 23.190000534057617, 21.979999542236328, 23.700000762939453]
assets:[0, 99.99939512329101, 217.60392262687682, 272.3614494716644, 364.0912658672333, 481.9425066696167, 562.067097486496, 608.6457742042542, 634.804045009613, 747.232833568573, 911.4209762928009, 1052.9846138225555, 1181.1009323760986, 1328.7144, 1328.506455973816, 1612.9057922176362, 1650.9929781642913, 1653.1575201385497, 1583.936783334732, 1689.3395065193176, 1950.1509940200806, 1867.676432798767, 2188.8016244400023, 2035.068088809967, 2113.922, 2743.4594701070787, 2953.15461798706, 3527.7498664054874, 3660.467662510872, 4088.4306939525604, 4071.4431750000003, 4033.8333602466582, 4220.568865883636, 4714.383736643982, 4483.834044570923, 4509.011690755463, 4278.842669790459, 4442.6835392990115, 4878.149647888184, 4193.159382532692, 3411.368744798088, 3600.931167596436, 4569.496801831246, 4926.814330970764, 4896.348187590981, 4405.771952277374, 4722.744023789405, 4672.524308612824, 4693.90094511795, 4535.678867455102, 4399.017762384415, 4843.253945911789]
shares:[0, 3.7216, 6.8862, 10.8814, 15.0017, 18.9294, 23.0261, 27.553, 32.705, 37.7581, 42.4114, 46.8618, 51.1964, 55.3631, 59.8696, 63.8269, 67.9421, 72.3166, 77.1899, 82.0466, 86.4812, 91.3736, 95.7481, 100.6961, 105.6961, 109.6945, 113.5392, 116.8516, 120.1335, 123.1455, 126.2463, 129.4555, 132.5972, 135.4708, 138.561, 141.7037, 145.0947, 148.4358, 151.5424, 155.2447, 159.9329, 164.5012, 168.1817, 171.666, 175.2451, 179.3151, 183.1941, 187.2005, 191.2755, 195.5877, 200.1373, 204.3567]
growth_rate:-5.03
