ticker:MGPI
price:[40.77000045776367, 37.939998626708984, 39.720001220703125, 37.470001220703125, 42.150001525878906, 40.15999984741211, 40.459999084472656, 41.630001068115234, 42.02000045776367, 38.689998626708984, 41.279998779296875, 42.36000061035156, 44.279998779296875, 44.70000076293945, 45.779998779296875, 46.720001220703125, 47.380001068115234, 47.060001373291016, 49.06999969482422, 52.790000915527344, 53.130001068115234, 57.900001525878906, 62.36000061035156, 68.52999877929688, 64.33000183105469, 63.880001068115234, 64.58000183105469, 66.62000274658203, 63.43000030517578, 60.959999084472656, 59.38999938964844, 64.13999938964844, 63.810001373291016, 61.52000045776367, 60.099998474121094, 63.189998626708984, 65.55999755859375, 67.2699966430664, 69.69000244140625, 73.0, 75.20999908447266, 61.91999816894531, 65.29000091552734, 65.9800033569336, 65.73999786376953, 61.029998779296875, 62.02000045776367, 59.650001525878906, 68.33000183105469, 63.59000015258789, 62.7599983215332, 65.83999633789062]
assets:[0, 99.99845438041687, 204.6890822906494, 293.0940965484619, 429.7024055557251, 509.41353406448366, 613.2198381240845, 730.9520477542877, 837.7989711269378, 871.4032320697785, 1029.7378255493163, 1156.6779406661988, 1309.1071679107665, 1421.5226042625427, 1555.8698825134277, 1687.816108099365, 1811.6596248413086, 1899.42165742836, 2080.548359060669, 2338.2750215522765, 2453.3362423213957, 2773.595353094482, 3087.2440782165527, 3492.6999177856446, 3378.6438611679077, 3455.007349769974, 3592.869653869629, 3806.3671669273376, 3724.1021779174807, 3679.0822487457276, 3684.3298801361084, 4079.0025031845094, 4158.019214487075, 4108.7977905731195, 4113.959085550689, 4425.473639822388, 4691.4537572937015, 4913.817628788757, 5190.588040838623, 5537.123, 5804.75285533905, 4879.023407720947, 5244.562961541748, 5399.988218740845, 5480.342607915497, 5187.696368237304, 5371.849935649109, 5266.57021472168, 6132.938815345764, 5807.50302093544, 5831.70297603569, 6217.896334152221]
shares:[0, 2.6357, 5.1533, 7.8221, 10.1946, 12.6846, 15.1562, 17.5583, 19.9381, 22.5227, 24.9452, 27.3059, 29.5643, 31.8014, 33.9858, 36.1262, 38.2368, 40.3617, 42.3996, 44.2939, 46.1761, 47.9032, 49.5068, 50.966, 52.5205, 54.0859, 55.6344, 57.1355, 58.712, 60.3524, 62.0362, 63.5953, 65.1625, 66.788, 68.4519, 70.0344, 71.5597, 73.0462, 74.4811, 75.851, 77.1806, 78.7956, 80.3272, 81.8428, 83.3639, 85.0024, 86.6148, 88.2912, 89.7547, 91.3273, 92.9207, 94.4395]
growth_rate:21.92
