ticker:MGRC
price:[65.02999877929688, 62.47999954223633, 60.11000061035156, 58.4900016784668, 61.900001525878906, 67.91999816894531, 64.70999908447266, 63.619998931884766, 57.08000183105469, 59.29999923706055, 62.630001068115234, 64.5999984741211, 64.86000061035156, 65.7300033569336, 62.88999938964844, 65.69999694824219, 64.22000122070312, 67.0999984741211, 73.2699966430664, 72.69999694824219, 73.30000305175781, 69.79000091552734, 75.47000122070312, 80.27999877929688, 79.22000122070312, 77.66000366210938, 78.19999694824219, 81.0199966430664, 83.30999755859375, 82.05000305175781, 81.98999786376953, 81.44000244140625, 82.30000305175781, 81.83000183105469, 81.9800033569336, 82.95999908447266, 86.08000183105469, 85.81999969482422, 85.7300033569336, 83.9000015258789, 84.76000213623047, 78.12999725341797, 81.0, 81.51000213623047, 81.22000122070312, 77.44999694824219, 77.08999633789062, 78.41999816894531, 72.11000061035156, 70.20999908447266, 68.76000213623047, 70.11000061035156]
assets:[0, 99.99923926734924, 196.20505299224854, 290.91757034835814, 407.87768005447384, 547.5438572387695, 621.6689612045287, 711.1952440597535, 738.0843796768188, 866.7880888481141, 1015.4640483180999, 1147.4057928977968, 1252.0250217819214, 1368.8207469078063, 1409.6793363189697, 1572.667396949768, 1637.2375551208495, 1810.6599088249206, 2077.1531158332823, 2160.9928692871094, 2278.8311248764035, 2269.71040977478, 2554.4331313171388, 2817.233885162353, 2880.0352223785403, 2923.3244538513186, 3043.6533612213134, 3253.414679199982, 3445.3682590332032, 3493.2624699279786, 3590.7109614448545, 3666.6243659179686, 3805.3463911056515, 3883.6109719009396, 3990.7291774131772, 4138.4346663291935, 4394.07420546875, 4480.799496066284, 4576.104692186737, 4578.423083267212, 4725.353167094421, 4455.730304363251, 4719.4083, 4849.119688086701, 4931.865280123901, 4802.9453857498165, 4880.621631149292, 5064.826159739685, 4757.291437266541, 4731.943308296204, 4734.215535082245, 4927.162578894044]
shares:[0, 1.6005, 3.2641, 4.9738, 6.5893, 8.0616, 9.607, 11.1788, 12.9307, 14.617, 16.2137, 17.7617, 19.3035, 20.8249, 22.415, 23.9371, 25.4942, 26.9845, 28.3493, 29.7248, 31.0891, 32.522, 33.847, 35.0926, 36.3549, 37.6426, 38.9214, 40.1557, 41.356, 42.5748, 43.7945, 45.0224, 46.2375, 47.4595, 48.6793, 49.8847, 51.0464, 52.2116, 53.3781, 54.57, 55.7498, 57.0297, 58.2643, 59.4911, 60.7223, 62.0135, 63.3107, 64.5859, 65.9727, 67.397, 68.8513, 70.2776]
growth_rate:-3.39
