ticker:MGTA
price:[6.519999980926514, 7.159999847412109, 7.71999979019165, 6.980000019073486, 6.789999961853027, 7.539999961853027, 7.309999942779541, 7.050000190734863, 6.309999942779541, 6.300000190734863, 6.739999771118164, 6.639999866485596, 7.010000228881836, 7.440000057220459, 7.21999979019165, 7.0, 7.699999809265137, 7.840000152587891, 8.420000076293945, 8.390000343322754, 8.210000038146973, 8.84000015258789, 9.75, 9.949999809265137, 10.770000457763672, 10.510000228881836, 12.899999618530273, 13.029999732971191, 12.470000267028809, 12.75, 12.84000015258789, 12.319999694824219, 11.0, 10.899999618530273, 11.649999618530273, 11.359999656677246, 11.0600004196167, 11.390000343322754, 12.350000381469727, 12.100000381469727, 11.579999923706055, 10.800000190734863, 9.9399995803833, 9.880000114440918, 9.380000114440918, 8.84000015258789, 7.400000095367432, 7.119999885559082, 6.730000019073486, 6.449999809265137, 6.489999771118164, 6.25]
assets:[0, 100.00013786888123, 207.8216223519802, 287.9005707867145, 380.06345786476135, 522.0439613588333, 606.1196102554798, 684.5613635205268, 712.7069215370178, 811.5773645708084, 968.2589311191559, 1053.892810808754, 1212.6185805929185, 1387.0020106673242, 1445.9883459805487, 1501.9277000000002, 1752.1203265986444, 1883.9771246673583, 2123.3530932397844, 2215.788183671093, 2268.2506005392074, 2542.3062518829347, 2904.0141, 3063.584046273136, 3416.061055194855, 3433.592901775169, 4314.399712417602, 4457.8782346429825, 4366.288291498375, 4564.327875, 4696.54720381279, 4606.344397897338, 4212.8075, 4274.508970404053, 4668.626672129631, 4652.411747394466, 4629.5491696452145, 4867.6818017239575, 5377.952161115456, 5369.0871892681125, 5238.349609487534, 4985.507968047237, 4688.513912074566, 4760.213695137978, 4619.312376358032, 4453.381684870148, 3827.94382933259, 3783.1022911935806, 3675.8815924178125, 3622.9474778647427, 3745.415211911011, 3706.91]
shares:[0, 13.9665, 26.9199, 41.2465, 55.974, 69.2366, 82.9165, 97.1009, 112.9488, 128.8218, 143.6586, 158.7188, 172.9841, 186.425, 200.2754, 214.5611, 227.5481, 240.3032, 252.1797, 264.0987, 276.279, 287.5912, 297.8476, 307.8979, 317.183, 326.6977, 334.4496, 342.1242, 350.1434, 357.9865, 365.7747, 373.8916, 382.9825, 392.1568, 400.7405, 409.5433, 418.5849, 427.3645, 435.4617, 443.7262, 452.3618, 461.6211, 471.6815, 481.803, 492.464, 503.7762, 517.2897, 531.3346, 546.1934, 561.6973, 577.1056, 593.1056]
growth_rate:-27.32
