ticker:MGTX
price:[12.640000343322754, 12.930000305175781, 13.529999732971191, 12.300000190734863, 13.449999809265137, 14.220000267028809, 13.539999961853027, 13.319999694824219, 12.779999732971191, 14.300000190734863, 14.989999771118164, 12.710000038146973, 13.899999618530273, 13.550000190734863, 12.399999618530273, 17.079999923706055, 16.420000076293945, 15.140000343322754, 16.43000030517578, 16.360000610351562, 15.630000114440918, 14.329999923706055, 15.949999809265137, 15.470000267028809, 16.360000610351562, 14.84000015258789, 14.5600004196167, 17.450000762939453, 16.030000686645508, 14.5, 14.109999656677246, 13.350000381469727, 14.079999923706055, 13.460000038146973, 14.979999542236328, 13.9399995803833, 13.0, 13.489999771118164, 13.789999961853027, 14.710000038146973, 14.899999618530273, 15.359999656677246, 16.170000076293945, 16.079999923706055, 15.40999984741211, 14.520000457763672, 14.649999618530273, 13.989999771118164, 14.970000267028809, 13.399999618530273, 11.970000267028809, 13.390000343322754]
assets:[0, 100.00062236022949, 204.64124596118927, 286.0377344355583, 412.78049414634705, 536.4111160729408, 610.7596102792739, 700.8357799430847, 772.4231838607787, 964.2919128618241, 1110.8204420389177, 1041.86285212698, 1239.4087559858322, 1308.2010284147264, 1297.1726400941848, 1886.7507315721514, 1913.8429608924866, 1864.6515262838363, 2123.5282494430544, 2214.481502616882, 2215.669741222858, 2131.385435652351, 2472.3376954350474, 2497.934755117035, 2741.6432582839966, 2586.917730599213, 2638.1075480298045, 3261.7436726081846, 3096.318063630867, 2900.78735, 2922.7664938836097, 2865.3386168756488, 3122.020335083008, 3084.5447567419055, 3532.8741040412906, 3387.6011180276873, 3259.1689, 3482.0144589214324, 3659.4495318769455, 4003.589819382381, 4155.30146361599, 4383.5856940192225, 4714.751602245331, 4788.5098092802045, 4688.9886555702205, 4518.178378442001, 4658.629558694458, 4548.7532935806275, 4967.393392606354, 4546.430930572701, 4161.252089829922, 4754.901597916794]
shares:[0, 7.734, 15.125, 23.2551, 30.69, 37.7223, 45.1078, 52.6153, 60.44, 67.433, 74.1041, 81.9719, 89.1661, 96.5462, 104.6107, 110.4655, 116.5556, 123.1606, 129.247, 135.3595, 141.7575, 148.7359, 155.0055, 161.4696, 167.5821, 174.3206, 181.1887, 186.9194, 193.1577, 200.0543, 207.1415, 214.6321, 221.7344, 229.1638, 235.8394, 243.013, 250.7053, 258.1182, 265.3698, 272.1679, 278.8793, 285.3897, 291.574, 297.7929, 304.2822, 311.1693, 317.9952, 325.1432, 331.8232, 339.2859, 347.6401, 355.1084]
growth_rate:-6.77
