ticker:MIDD
price:[96.38999938964844, 95.0999984741211, 91.6500015258789, 90.20999908447266, 93.72000122070312, 102.30999755859375, 102.8499984741211, 108.68000030517578, 99.54000091552734, 122.5999984741211, 132.52000427246094, 135.27999877929688, 138.5800018310547, 138.1300048828125, 136.7100067138672, 131.86000061035156, 129.41000366210938, 128.9199981689453, 137.14999389648438, 133.9600067138672, 136.75, 135.72000122070312, 137.92999267578125, 134.3800048828125, 134.47999572753906, 146.41000366210938, 164.27000427246094, 169.75, 163.36000061035156, 165.97000122070312, 165.49000549316406, 162.5800018310547, 169.3800048828125, 182.05999755859375, 181.32000732421875, 182.8300018310547, 174.32000732421875, 165.5800018310547, 164.27999877929688, 171.14999389648438, 169.4199981689453, 161.0, 171.1199951171875, 173.77999877929688, 174.92999267578125, 183.27000427246094, 188.72999572753906, 191.49000549316406, 193.38999938964844, 178.0800018310547, 180.4499969482422, 185.64999389648438]
assets:[0, 99.99764839553833, 196.36929326934813, 293.28172802352907, 404.69233727111816, 541.7825920715331, 644.6432204360963, 781.180974193573, 815.4814575004579, 1104.4053062545777, 1293.7662977111818, 1420.7105471801758, 1555.3665085510254, 1650.3220463378905, 1733.3598461257934, 1771.8687582015991, 1838.9420340393067, 1931.9822005599976, 2155.312154083252, 2205.182650520325, 2351.1153999999997, 2433.405333886719, 2573.0288413696285, 2606.8108387207035, 2708.7498659423827, 3049.046890264892, 3520.996125576782, 3738.455175, 3697.7189578155517, 3856.794291366577, 3945.645808969116, 3976.267878782654, 4242.5795483032225, 4660.189757507324, 4741.246211517334, 4880.73831388092, 4753.567143725586, 4615.22794903717, 4678.990069232178, 4974.662837594604, 5024.370291697694, 4874.6614, 5281.071065307617, 5463.156577624512, 5599.316642559814, 5966.263354087829, 6244.018670648194, 6435.328018606568, 6599.182322172546, 6176.7404795104985, 6358.949622457886, 6642.185481628418]
shares:[0, 1.0515, 2.1426, 3.2511, 4.3181, 5.2955, 6.2678, 7.1879, 8.1925, 9.0082, 9.7628, 10.502, 11.2236, 11.9476, 12.6791, 13.4375, 14.2102, 14.9859, 15.715, 16.4615, 17.1928, 17.9296, 18.6546, 19.3988, 20.1424, 20.8254, 21.4342, 22.0233, 22.6354, 23.2379, 23.8422, 24.4573, 25.0477, 25.597, 26.1485, 26.6955, 27.2692, 27.8731, 28.4818, 29.0661, 29.6563, 30.2774, 30.8618, 31.4372, 32.0089, 32.5545, 33.0844, 33.6066, 34.1237, 34.6852, 35.2394, 35.778]
growth_rate:30.24
