ticker:MILE
price:[9.75, 9.75, 13.609999656677246, 12.699999809265137, 12.5, 14.109999656677246, 15.300000190734863, 15.550000190734863, 16.459999084472656, 17.649999618530273, 16.299999237060547, 14.739999771118164, 17.549999237060547, 17.229999542236328, 19.299999237060547, 14.994999885559082, 10.449999809265137, 13.15999984741211, 14.210000038146973, 12.319999694824219, 10.5, 9.430000305175781, 7.96999979019165, 9.640000343322754, 9.3100004196167, 8.399999618530273, 7.0, 8.0, 8.479999542236328, 9.510000228881836, 10.119999885559082, 8.84000015258789, 8.979999542236328, 8.8100004196167, 8.430000305175781, 7.199999809265137, 7.28000020980835, 7.090000152587891, 6.869999885559082, 5.039999961853027, 4.070000171661377, 4.0, 3.940000057220459, 3.940000057220459]
assets:[0, 99.9999, 239.58907295618056, 323.5693251404762, 418.47375, 572.3735470730782, 720.6453089838028, 832.4210552103997, 981.1344574279785, 1152.0666601003647, 1163.948715520096, 1152.5530101032257, 1472.2729459968566, 1545.4275789413452, 1831.0932176158904, 1522.6552673791887, 1161.1370988067627, 1562.2551658859254, 1786.9032417969704, 1649.2364711471557, 1505.5992, 1452.1719539955138, 1327.339705058098, 1705.4645167390825, 1747.0820937438011, 1676.3148438734054, 1496.929, 1810.776, 2019.422850988388, 2364.706253912544, 2616.385302412891, 2385.4590131755826, 2523.237987375641, 2575.4705916686057, 2564.3833318336488, 2290.220579329872, 2415.667869619131, 2452.6217737842558, 2476.5174817460056, 1916.8339534917832, 1647.9194635046958, 1719.5768, 1793.7831320510388, 1893.783091503334]
shares:[0, 10.2564, 17.6039, 25.4779, 33.4779, 40.5651, 47.101, 53.5319, 59.6072, 65.2729, 71.4079, 78.1922, 83.8902, 89.694, 94.8753, 101.5442, 111.1136, 118.7124, 125.7497, 133.8666, 143.3904, 153.9949, 166.542, 176.9154, 187.6565, 199.5613, 213.847, 226.347, 238.1395, 248.6547, 258.5361, 269.8483, 280.9842, 292.3349, 304.1973, 318.0862, 331.8225, 345.9269, 360.4829, 380.3242, 404.8942, 429.8942, 455.2749, 480.6556]
growth_rate:-55.96
