ticker:MILN
price:[31.190000534057617, 30.399999618530273, 30.15999984741211, 30.479999542236328, 31.709999084472656, 32.757999420166016, 32.79999923706055, 33.32400131225586, 30.559999465942383, 33.83000183105469, 33.57099914550781, 34.249000549316406, 35.25, 36.279998779296875, 36.54999923706055, 37.7400016784668, 37.560001373291016, 37.40999984741211, 38.38999938964844, 37.849998474121094, 38.880001068115234, 37.5099983215332, 40.54999923706055, 41.849998474121094, 41.709999084472656, 39.834999084472656, 38.97999954223633, 41.0, 40.4900016784668, 39.959999084472656, 40.79999923706055, 42.459999084472656, 42.790000915527344, 42.16999816894531, 41.709999084472656, 40.97999954223633, 39.91999816894531, 40.060001373291016, 41.25, 41.18000030517578, 41.869998931884766, 41.470001220703125, 43.34000015258789, 43.63999938964844, 43.7599983215332, 42.65999984741211, 44.88999938964844, 43.790000915527344, 43.9900016784668, 44.06999969482422, 43.619998931884766, 44.630001068115234]
assets:[0, 100.00079874515534, 199.20981499214173, 301.3222274745941, 413.4825330619812, 527.1482782691955, 627.8247853965759, 737.8533722557067, 776.6548824274064, 959.7605349472046, 1052.41389511261, 1173.6687251243593, 1307.9724, 1446.189683340454, 1556.9532125003816, 1707.6444999465941, 1799.4996657943725, 1892.3137632816315, 2041.8834485366822, 2113.161629810333, 2270.665934379959, 2290.6568264995576, 2576.303651527405, 2758.8983744087222, 2849.668847450256, 2821.5687541519164, 2861.007230401611, 3109.2678, 3170.5898264331818, 3229.0876060180667, 3396.967136478424, 3635.1788536178587, 3763.4319285217284, 3808.9038766143794, 3867.3552861122134, 3899.6690504390717, 3898.7985971694948, 4012.4738335510256, 4231.66425, 4324.484788047791, 4496.942560281754, 4553.982567050171, 4859.332825108338, 4992.97015816803, 5106.699908126449, 5078.331701835632, 5443.7967589828495, 5410.3991201164245, 5535.107946195602, 5645.173052908325, 5687.528782730485, 5919.219022662735]
shares:[0, 3.2895, 6.6051, 9.8859, 13.0395, 16.0922, 19.141, 22.1418, 25.4141, 28.3701, 31.3489, 34.2687, 37.1056, 39.8619, 42.5979, 45.2476, 47.91, 50.5831, 53.1879, 55.8299, 58.4019, 61.0679, 63.534, 65.9235, 68.321, 70.8314, 73.3968, 75.8358, 78.3055, 80.808, 83.259, 85.6142, 87.9512, 90.3226, 92.7201, 95.1603, 97.6653, 100.1616, 102.5858, 105.0142, 107.4025, 109.8139, 112.1212, 114.4127, 116.6979, 119.042, 121.2697, 123.5533, 125.8265, 128.0956, 130.3881, 132.6287]
growth_rate:16.06
