ticker:MIME
price:[45.84000015258789, 46.529998779296875, 46.0, 45.27000045776367, 45.290000915527344, 47.91999816894531, 45.689998626708984, 42.79999923706055, 38.209999084472656, 42.68000030517578, 43.7400016784668, 41.90999984741211, 43.72999954223633, 46.68000030517578, 47.95000076293945, 54.619998931884766, 58.63999938964844, 56.84000015258789, 52.369998931884766, 44.2599983215332, 46.04999923706055, 43.060001373291016, 42.70000076293945, 43.08000183105469, 45.91999816894531, 42.880001068115234, 41.380001068115234, 43.36000061035156, 42.900001525878906, 40.619998931884766, 40.849998474121094, 40.43000030517578, 42.04999923706055, 42.790000915527344, 43.41999816894531, 42.720001220703125, 47.59000015258789, 48.220001220703125, 49.9900016784668, 50.459999084472656, 52.0, 53.209999084472656, 54.61000061035156, 53.5099983215332, 56.61000061035156, 54.119998931884766, 56.27000045776367, 55.54999923706055, 58.59000015258789, 59.560001373291016, 59.459999084472656, 68.6500015258789]
assets:[0, 100.00227337646484, 198.86260000000001, 295.70816999015807, 395.8391370018005, 518.825028175354, 594.6827461257934, 657.0655882873535, 686.5992945487976, 866.920434198761, 988.4496799304961, 1047.096200187683, 1192.5695635162353, 1373.0175209762574, 1510.3722790317536, 1820.4681784000397, 2054.4523786163327, 2091.388017614365, 2026.9179646598816, 1813.031163244629, 1986.357507090759, 1957.382788425827, 2041.017336467743, 2159.18261577301, 2401.524064239502, 2342.538746351242, 2360.5925069324494, 2573.5461162261963, 2646.2436941223145, 2605.6023274848935, 2720.3566283859254, 2792.3869170776366, 3004.274810491562, 3157.1446845497135, 3303.627928683472, 3350.367359735107, 3832.3037372875215, 3983.034786831665, 4229.239125001144, 4369.003330730438, 4602.3432, 4809.433656249237, 5035.9758872848515, 5034.536351079941, 5426.2044225036625, 5287.529307645035, 5597.582089537048, 5625.959492731476, 6033.844293714142, 6233.740335733032, 6323.2736026382445, 7400.58686949234]
shares:[0, 2.1492, 4.3231, 6.5321, 8.7401, 10.8269, 13.0156, 15.352, 17.9691, 20.3121, 22.5983, 24.9844, 27.2712, 29.4134, 31.4989, 33.3297, 35.035, 36.7943, 38.7038, 40.9632, 43.1348, 45.4571, 47.799, 50.1203, 52.298, 54.6301, 57.0467, 59.353, 61.684, 64.1458, 66.5938, 69.0672, 71.4453, 73.7823, 76.0854, 78.4262, 80.5275, 82.6013, 84.6017, 86.5835, 88.5066, 90.3859, 92.2171, 94.0859, 95.8524, 97.7001, 99.4772, 101.2774, 102.9842, 104.6632, 106.345, 107.8017]
growth_rate:45.11
