ticker:MINDP
price:[18.517000198364258, 18.18000030517578, 18.079999923706055, 17.899999618530273, 17.825000762939453, 19.951000213623047, 18.43000030517578, 18.700000762939453, 17.75200080871582, 17.489999771118164, 18.295000076293945, 18.25, 18.700000762939453, 19.68000030517578, 20.43000030517578, 20.489999771118164, 20.80500030517578, 22.923999786376953, 23.0, 22.950000762939453, 22.613000869750977, 22.468000411987305, 22.8700008392334, 22.739999771118164, 23.079999923706055, 23.5, 23.385000228881836, 23.690000534057617, 24.770000457763672, 24.850000381469727, 24.90999984741211, 25.25, 24.950000762939453, 24.75, 24.0, 24.530000686645508, 24.989999771118164, 25.19499969482422, 25.420000076293945, 24.950000762939453, 25.010000228881836, 24.799999237060547, 25.010000228881836, 25.0, 25.0, 24.649999618530273, 25.29800033569336, 25.15999984741211, 25.40999984741211, 25.260000228881836, 25.229999542236328, 25.094999313354492]
assets:[0, 99.99909167861938, 199.44951915836333, 297.4639836606979, 396.21768195877075, 543.4752213191987, 602.0417619689943, 710.8618290023804, 774.8251296981812, 863.390340701294, 1003.1294901832581, 1100.662975, 1227.8027800930022, 1392.1474775878905, 1545.202643081665, 1649.7400375717161, 1775.1013505378721, 2055.895365241623, 2162.7107, 2258.0092650642396, 2324.8516646194457, 2409.9446857902526, 2553.0628126867296, 2638.549461442566, 2778.0011108169556, 2928.55355, 3014.2212970018386, 3153.5346940919876, 3397.299688784027, 3508.2708688550947, 3616.742661845398, 3766.1082, 3821.362076852417, 3890.7297, 3872.8296, 4058.353698601723, 4234.458000216866, 4369.193391577911, 4508.211593530655, 4524.85728836441, 4635.738596424484, 4696.814815508652, 4836.586405262566, 4934.6525, 5034.6525, 5064.167406629754, 5297.29501869278, 5368.39923144226, 5521.742885841752, 5589.146372643471, 5682.5073828987115, 5752.1025871118545]
shares:[0, 5.5005, 11.0315, 16.6181, 22.2282, 27.2405, 32.6664, 38.014, 43.6472, 49.3648, 54.8308, 60.3103, 65.6579, 70.7392, 75.634, 80.5144, 85.3209, 89.6831, 94.0309, 98.3882, 102.8104, 107.2612, 111.6337, 116.0312, 120.364, 124.6193, 128.8955, 133.1167, 137.1538, 141.1779, 145.1924, 149.1528, 153.1608, 157.2012, 161.3679, 165.4445, 169.4461, 173.4151, 177.349, 181.357, 185.3554, 189.3877, 193.3861, 197.3861, 201.3861, 205.4429, 209.3958, 213.3704, 217.3059, 221.2647, 225.2282, 229.2131]
growth_rate:12.79
