ticker:MIND
price:[2.4100000858306885, 2.3299999237060547, 2.2799999713897705, 2.059999942779541, 2.1700000762939453, 2.430000066757202, 2.2799999713897705, 2.309999942779541, 2.049999952316284, 2.0299999713897705, 2.1600000858306885, 2.059999942779541, 2.119999885559082, 2.5399999618530273, 2.509999990463257, 2.2200000286102295, 2.180000066757202, 2.240000009536743, 2.130000114440918, 2.1500000953674316, 2.0899999141693115, 2.140000104904175, 2.240000009536743, 2.5899999141693115, 2.549999952316284, 2.4200000762939453, 2.4200000762939453, 2.3499999046325684, 2.4600000381469727, 2.3399999141693115, 2.180000066757202, 2.3399999141693115, 2.259999990463257, 2.3499999046325684, 2.319999933242798, 2.2799999713897705, 2.1600000858306885, 2.25, 2.2200000286102295, 2.0799999237060547, 2.119999885559082, 1.9299999475479126, 2.2100000381469727, 2.049999952316284, 2.0399999618530273, 1.940000057220459, 2.0899999141693115, 1.9800000190734863, 1.9900000095367432, 2.0, 1.8600000143051147, 1.9500000476837158]
assets:[0, 100.00010172557832, 197.85406551725862, 278.7629002568245, 393.64821284008025, 540.8135248572826, 607.42984037776, 715.4222282784461, 734.898537906003, 827.7288343342304, 980.7361589709521, 1035.3316632416725, 1165.4868970851899, 1496.3853515265466, 1578.711431001687, 1496.3104332836865, 1569.3500020575286, 1712.543175291109, 1728.445250866127, 1844.674711824131, 1893.1952812515497, 2038.487273927951, 2233.743689510107, 2682.7659410951137, 2741.333333738446, 2701.5791851711274, 2801.5791543237688, 2820.5415605370995, 3052.56706133585, 3003.6610958263636, 2898.2828387528657, 3211.0005322211982, 3201.2228644914862, 3428.7050858566763, 3484.9343077222106, 3524.8491757689712, 3439.330984666729, 3682.6362, 3733.534332115889, 3598.0859960229873, 3767.279864636326, 3529.6464360739233, 4141.719744490529, 3941.866598310804, 4022.6379807786943, 3925.450047781467, 4328.963945221067, 4201.124044469738, 4322.341909714103, 4444.0622, 4232.9778025555015, 4537.799480963659]
shares:[0, 42.9185, 86.7781, 135.3218, 181.4047, 222.557, 266.4166, 309.7066, 358.4871, 407.7482, 454.0445, 502.5882, 549.758, 589.1281, 628.9687, 674.0137, 719.8853, 764.5282, 811.4766, 857.9882, 905.8351, 952.5641, 997.207, 1035.817, 1075.0327, 1116.355, 1157.6773, 1200.2305, 1240.8809, 1283.6159, 1329.4875, 1372.2225, 1416.4703, 1459.0235, 1502.1269, 1545.9865, 1592.2828, 1636.7272, 1681.7722, 1729.8491, 1777.0189, 1828.8324, 1874.0813, 1922.8618, 1971.8814, 2023.4278, 2071.2747, 2121.7798, 2172.0311, 2222.0311, 2275.7945, 2327.0766]
growth_rate:-11.02
