ticker:MINM
price:[1.9299999475479126, 2.0, 1.899999976158142, 1.9199999570846558, 1.8799999952316284, 1.9199999570846558, 2.2699999809265137, 2.700000047683716, 2.5, 2.450000047683716, 2.450000047683716, 2.619999885559082, 2.9800000190734863, 2.8399999141693115, 4.0, 3.9000000953674316, 3.9000000953674316, 3.619999885559082, 3.6500000953674316, 3.549999952316284, 3.4000000953674316, 3.25, 3.390000104904175, 3.359999895095825, 3.5, 3.2100000381469727, 3.049999952316284, 2.700000047683716, 3.1500000953674316, 3.200000047683716, 3.25, 3.25, 3.0, 3.0199999809265137, 2.890000104904175, 2.950000047683716, 2.819999933242798, 3.0, 2.940000057220459, 3.180000066757202, 2.880000114440918, 2.950000047683716, 3.049999952316284, 3.9800000190734863, 3.859999895095825, 4.369999885559082, 3.819999933242798, 2.5, 2.299999952316284, 2.25, 2.1700000762939453, 2.180000066757202]
assets:[0, 100.0, 195.000037553072, 297.0526013603568, 390.86403100862503, 499.1802128424526, 690.1766962008476, 920.9149362639428, 952.6990000000001, 1033.6449751175642, 1133.644912063837, 1312.3058046788217, 1592.6225681935787, 1617.8014071066857, 2378.5936, 2419.128719155407, 2519.128621600723, 2438.2679369177818, 2558.474866847992, 2588.379515232801, 2579.0115923393246, 2565.2315, 2775.733780895591, 2851.1695749822616, 3069.9683, 2915.5993786483764, 2870.2735201261285, 2640.8978566399337, 3181.0474413074016, 3331.5402096438165, 3483.5953750000003, 3583.595275, 3407.934, 3530.6535897013664, 3478.6720292723894, 3650.893509012937, 3590.00655501461, 3919.1558999999997, 3940.77284269824, 4362.468463580561, 4050.914848968888, 4249.374473686767, 4493.420969749832, 5963.5460605793005, 5883.74032609613, 6761.125730940628, 6010.183142967796, 4033.366, 3810.6967309964416, 3827.855475, 3791.753973312378, 3909.2275677105904]
shares:[0, 50.0, 102.6316, 154.7149, 207.9064, 259.9897, 304.0426, 341.0796, 381.0796, 421.8959, 462.7122, 500.8801, 534.4371, 569.6484, 594.6484, 620.2894, 645.9304, 673.5547, 700.952, 729.121, 758.5328, 789.302, 818.8005, 848.5624, 877.1338, 908.2864, 941.0733, 978.1103, 1009.8563, 1041.1063, 1071.8755, 1102.6447, 1135.978, 1169.0906, 1203.6927, 1237.591, 1273.052, 1306.3853, 1340.3989, 1371.8454, 1406.5676, 1440.4659, 1473.2528, 1498.3784, 1524.2851, 1547.1684, 1573.3464, 1613.3464, 1656.8247, 1701.2691, 1747.352, 1793.2236]
growth_rate:-23.35
