ticker:MIRM
price:[21.40999984741211, 18.969999313354492, 19.739999771118164, 18.959999084472656, 19.25, 19.84000015258789, 20.40999984741211, 18.059999465942383, 15.75, 17.920000076293945, 19.190000534057617, 20.030000686645508, 22.25, 24.0, 25.450000762939453, 17.450000762939453, 18.25, 17.459999084472656, 19.809999465942383, 18.34000015258789, 19.280000686645508, 18.1200008392334, 19.399999618530273, 21.0, 19.739999771118164, 18.360000610351562, 17.469999313354492, 19.860000610351562, 19.639999389648438, 18.56999969482422, 20.600000381469727, 18.200000762939453, 18.440000534057617, 18.81999969482422, 19.540000915527344, 18.670000076293945, 17.200000762939453, 17.520000457763672, 16.540000915527344, 16.8799991607666, 17.43000030517578, 18.0, 17.649999618530273, 16.75, 16.350000381469727, 15.670000076293945, 15.680000305175781, 14.449999809265137, 14.699999809265137, 14.239999771118164, 14.180000305175781, 16.25]
assets:[0, 100.00035138034819, 204.0602736339569, 295.99781770706176, 400.525125, 512.8005159439087, 627.5340193084717, 655.2799906225204, 671.465025, 863.9787556783675, 1025.2085075315476, 1170.084538111496, 1399.76975, 1609.8647999999998, 1807.128204174042, 1339.072923546219, 1500.4639000000002, 1535.512635484314, 1842.1833563365935, 1805.4849830215453, 1998.0231031583787, 1977.8107756029128, 2217.5227763959883, 2500.4112, 2450.387365588188, 2379.0833710891725, 2363.7572930942533, 2787.132625656128, 2856.256895236206, 2800.6456459747315, 3206.802059383392, 2933.1940229587553, 3071.8735889673235, 3235.1767675399783, 3458.94556006546, 3404.9393969141006, 3236.849223576736, 3397.0702727588655, 3307.0507870529173, 3475.031411229706, 3688.2577845764163, 3908.8728, 3932.866459998894, 3832.32295, 3840.8047496116637, 3781.0644624092106, 3883.47821958313, 3678.842791440582, 3842.49028014307, 3822.2494745643617, 3906.144832066345, 4576.3640000000005]
shares:[0, 5.2715, 10.3374, 15.6117, 20.8065, 25.8468, 30.7464, 36.2835, 42.6327, 48.2131, 53.4241, 58.4166, 62.911, 67.0777, 71.007, 76.7377, 82.2172, 87.9446, 92.9926, 98.4452, 103.6319, 109.1507, 114.3053, 119.0672, 124.1331, 129.5797, 135.3038, 140.339, 145.4306, 150.8156, 155.67, 161.1645, 166.5875, 171.901, 177.0187, 182.3749, 188.1889, 193.8967, 199.9426, 205.8668, 211.604, 217.1596, 222.8253, 228.7954, 234.9116, 241.2932, 247.6708, 254.5912, 261.3939, 268.4164, 275.4686, 281.6224]
growth_rate:-10.27
