ticker:MIST
price:[7.75, 7.809999942779541, 8.880000114440918, 7.610000133514404, 6.769999980926514, 7.110000133514404, 7.139999866485596, 6.0, 5.760000228881836, 6.400000095367432, 6.340000152587891, 6.710000038146973, 6.579999923706055, 6.840000152587891, 7.429999828338623, 6.860000133514404, 6.909999847412109, 6.699999809265137, 7.050000190734863, 7.019999980926514, 7.670000076293945, 7.380000114440918, 8.270000457763672, 8.130000114440918, 8.050000190734863, 7.190000057220459, 6.909999847412109, 7.420000076293945, 7.050000190734863, 6.199999809265137, 6.050000190734863, 5.630000114440918, 5.300000190734863, 5.840000152587891, 5.860000133514404, 5.730000019073486, 5.550000190734863, 5.619999885559082, 6.050000190734863, 5.510000228881836, 5.519999980926514, 6.050000190734863, 5.889999866485596, 5.760000228881836, 5.46999979019165, 5.409999847412109, 5.53000020980835, 5.699999809265137, 5.5, 5.449999809265137, 5.630000114440918, 6.289999961853027]
assets:[0, 100.00002026734352, 213.70075475406648, 283.137664967537, 351.8842890086174, 469.5564958175183, 571.5377113125325, 580.284, 657.0726021097183, 830.0806523691654, 922.2988421974183, 1076.1236371178627, 1155.2749326047897, 1300.9242530212402, 1513.1387830407143, 1497.057143136835, 1607.9687114925384, 1659.101522768879, 1845.771124936581, 1937.9166247346402, 2217.3533030561443, 2233.515706634903, 2602.8693450748447, 2658.805969426346, 2732.6434047466278, 2540.708750219822, 2541.7660518722532, 2829.364007092094, 2788.2771904356955, 2552.1015814879415, 2590.357191664696, 2510.530777031517, 2463.3770186512947, 2814.362649533844, 2924.00059862051, 2959.133595850086, 2966.1765119375227, 3103.58761280117, 3441.05074348402, 3233.915559334755, 3339.784356459904, 3760.452033553601, 3761.001692745686, 3777.9916381238936, 3687.7797745508196, 3747.328905307388, 3930.4493081213477, 4151.276801088906, 4105.618, 4168.293924121284, 4405.962647559929, 5022.4699905402185]
shares:[0, 12.8041, 24.0654, 37.206, 51.977, 66.0417, 80.0473, 96.714, 114.0751, 129.7001, 145.473, 160.3761, 175.5737, 190.1936, 203.6526, 218.2299, 232.7017, 247.6271, 261.8115, 276.0565, 289.0943, 302.6444, 314.7363, 327.0364, 339.4588, 353.367, 367.8388, 381.3159, 395.5003, 411.6293, 428.1582, 445.9202, 464.7881, 481.9114, 498.9762, 516.4282, 534.4462, 552.2398, 568.7687, 586.9175, 605.0334, 621.5623, 638.5402, 655.9013, 674.1828, 692.6671, 710.7503, 728.2942, 746.476, 764.8246, 782.5866, 798.4849]
growth_rate:-1.52
