ticker:MITC
price:[10.0, 10.850000381469727, 9.010000228881836, 9.34000015258789, 9.59000015258789, 8.869999885559082, 7.769999980926514, 8.619999885559082, 8.239999771118164, 7.473999977111816, 7.630000114440918, 7.0, 6.460000038146973, 7.96999979019165, 7.230000019073486, 7.050000190734863, 6.840000152587891, 7.300000190734863, 6.900000095367432, 6.599999904632568, 7.050000190734863, 6.78000020980835, 6.610000133514404, 5.050000190734863, 5.619999885559082, 5.739999771118164]
assets:[0, 100.00011351585388, 183.04175864982605, 289.7454847335815, 397.5007113246918, 467.6574389662743, 509.6614937489033, 665.415719165802, 736.0816515539169, 767.6545376491546, 883.6776192541122, 910.7133, 940.4584335535048, 1260.2872998232363, 1243.2722492798805, 1312.3194655042648, 1373.2292106342315, 1565.58067090559, 1579.7957318349363, 1611.1088167201044, 1820.9572392652512, 1851.2187152863023, 1904.8017554748058, 1555.2571437409401, 1830.8009487191202, 1969.892727450752]
shares:[0, 9.2166, 20.3154, 31.022, 41.4495, 52.7235, 65.5935, 77.1944, 89.3303, 102.71, 115.8162, 130.1019, 145.5818, 158.1289, 171.9602, 186.1446, 200.7645, 214.4631, 228.9559, 244.1074, 258.2918, 273.0411, 288.1697, 307.9717, 325.7653, 343.1869]
growth_rate:-21.2
