ticker:MITK
price:[11.760000228881836, 11.510000228881836, 12.630000114440918, 12.289999961853027, 13.0600004196167, 13.890000343322754, 12.899999618530273, 14.109999656677246, 12.449999809265137, 14.760000228881836, 13.0600004196167, 11.960000038146973, 11.84000015258789, 12.170000076293945, 14.220000267028809, 17.639999389648438, 18.75, 17.780000686645508, 16.989999771118164, 16.93000030517578, 18.84000015258789, 16.149999618530273, 15.760000228881836, 16.600000381469727, 16.350000381469727, 15.279999732971191, 14.930000305175781, 15.300000190734863, 15.270000457763672, 14.40999984741211, 15.25, 15.270000457763672, 15.710000038146973, 16.40999984741211, 16.209999084472656, 16.0, 16.170000076293945, 16.93000030517578, 16.959999084472656, 16.770000457763672, 18.809999465942383, 19.0, 19.270000457763672, 19.030000686645508, 18.700000762939453, 18.270000457763672, 19.3799991607666, 22.110000610351562, 21.260000228881836, 21.700000762939453, 20.979999542236328, 22.299999237060547]
assets:[0, 100.00003298854828, 209.731255900383, 304.0853240561485, 423.1374835953713, 550.0287345952034, 610.8253019371033, 768.120161310196, 777.752733084774, 1022.0591678489685, 1004.3427642694472, 1019.7502672525407, 1109.5181262989045, 1240.441861776352, 1549.3898990950584, 2022.0272660369872, 2249.263125, 2232.901386232376, 2233.6888619087217, 2325.801116924286, 2688.192957772064, 2404.369953207779, 2446.308211527634, 2676.6952815107347, 2736.38347884388, 2657.305025561714, 2696.4371841163634, 2863.2603956943512, 2957.6463886642455, 2891.0725053863525, 3159.6017500000003, 3263.745763840485, 3457.7898603961944, 3711.859915485382, 3766.6202272644045, 3817.824, 3958.3885296766284, 4244.435726509095, 4351.956117074585, 4403.201754192352, 5038.8320619363785, 5189.7303, 5363.478964410782, 5396.679834724427, 5403.095940440369, 5378.854391769791, 5805.648906591606, 6723.4720946029665, 6564.994526677703, 6800.864869108201, 6675.212748353195, 7195.197333834077]
shares:[0, 8.6881, 16.6058, 24.7425, 32.3995, 39.5989, 47.3508, 54.438, 62.4701, 69.2452, 76.9022, 85.2634, 93.7093, 101.9262, 108.9585, 114.6274, 119.9607, 125.585, 131.4708, 137.3775, 142.6854, 148.8774, 155.2226, 161.2467, 167.3629, 173.9074, 180.6053, 187.1412, 193.69, 200.6296, 207.187, 213.7358, 220.1012, 226.195, 232.364, 238.614, 244.7983, 250.705, 256.6012, 262.5642, 267.8805, 273.1437, 278.3331, 283.588, 288.9356, 294.4091, 299.5691, 304.0919, 308.7956, 313.4039, 318.1703, 322.6546]
growth_rate:41.08
