ticker:MITO
price:[1.5099999904632568, 1.5199999809265137, 1.524999976158142, 1.350000023841858, 1.2999999523162842, 1.340000033378601, 1.4199999570846558, 1.4279999732971191, 1.2799999713897705, 1.3200000524520874, 1.3899999856948853, 1.2999999523162842, 1.309999942779541, 1.2999999523162842, 1.440000057220459, 1.4700000286102295, 1.6200000047683716, 1.4950000047683716, 1.440000057220459, 1.5, 1.7899999618530273, 1.5299999713897705, 1.7300000190734863, 2.1700000762939453, 2.119999885559082, 1.6299999952316284, 1.4299999475479126, 1.7000000476837158, 1.9800000190734863, 1.5800000429153442, 1.5499999523162842, 1.399999976158142, 1.1200000047683716, 1.2000000476837158, 1.190000057220459, 1.5199999809265137, 1.1799999475479126, 1.309999942779541, 1.3700000047683716, 1.590000033378601, 1.600000023841858, 1.5299999713897705, 1.5299999713897705, 1.5099999904632568, 1.4900000095367432, 1.375, 1.4299999475479126, 1.3799999952316284, 1.350000023841858, 1.2599999904632568, 1.1699999570846558, 1.190000057220459]
assets:[0, 100.00003874516487, 200.32902936805488, 277.3404948980093, 367.06863653600215, 478.36312791574, 606.922039657557, 710.341307916975, 736.7204955330134, 859.7430941631198, 1005.3354206536411, 1040.2417618441582, 1148.2436388450146, 1239.4784545361997, 1472.960794530201, 1603.6474332113744, 1867.2849054962396, 1823.204232815194, 1856.1298337559701, 2033.46855, 2526.6057101551055, 2259.612740746379, 2654.987087271595, 3430.243895602226, 3451.2056896985055, 2753.5215019448997, 2515.6660607259155, 3090.6521066904547, 3699.70072163949, 3052.2864269050124, 3094.3313998069525, 2894.8800507004853, 2415.9040742856505, 2688.4687068301437, 2766.064812004614, 3633.124626410294, 2920.4519621832133, 3342.1966970137123, 3595.2745725135806, 4272.618038694345, 4399.489825557505, 4307.012037461042, 4407.012070591092, 4449.404174898791, 4490.471734741259, 4243.8917125, 4513.647258440399, 4455.827612603593, 4458.961923748099, 4261.697715743875, 4057.2906341794605, 4226.646368235826]
shares:[0, 65.7895, 131.3633, 205.4374, 282.3605, 356.9874, 427.4099, 497.4379, 575.5629, 651.3205, 723.2629, 800.186, 876.5219, 953.445, 1022.8894, 1090.9166, 1152.645, 1219.5346, 1288.979, 1355.6457, 1411.5116, 1476.8711, 1534.6746, 1580.7575, 1627.9273, 1689.277, 1759.2071, 1818.0306, 1868.5357, 1931.8268, 1996.3429, 2067.7715, 2157.0572, 2240.3905, 2324.4241, 2390.2136, 2474.9594, 2551.2953, 2624.288, 2687.1811, 2749.6811, 2815.0406, 2880.4001, 2946.6253, 3013.7394, 3086.4667, 3156.3968, 3228.8606, 3302.9347, 3382.2998, 3467.7699, 3551.8035]
growth_rate:-17.12
