ticker:MKD
price:[1.2009999752044678, 1.1399999856948853, 1.1799999475479126, 1.1100000143051147, 1.3799999952316284, 1.1770000457763672, 1.1200000047683716, 1.149999976158142, 1.0700000524520874, 1.100000023841858, 1.1100000143051147, 1.1399999856948853, 1.159999966621399, 1.0199999809265137, 0.949999988079071, 0.8820000290870667, 0.8640000224113464, 0.8399999737739563, 0.8999999761581421, 0.8050000071525574, 1.5299999713897705, 1.090000033378601, 1.5299999713897705, 1.8700000047683716, 1.850000023841858, 1.3300000429153442, 1.2599999904632568, 1.350000023841858, 1.25, 1.159999966621399, 1.0800000429153442, 1.0299999713897705, 0.8619999885559082, 0.8899999856948853, 0.8899999856948853, 0.8299999833106995, 0.8009999990463257, 0.8199999928474426, 0.8050000071525574, 0.7929999828338623, 0.8360000252723694, 0.8610000014305115, 1.0499999523162842, 0.8759999871253967, 0.8799999952316284, 0.8050000071525574, 0.6800000071525574, 0.5870000123977661, 0.6079999804496765, 0.5569999814033508, 0.4129999876022339, 0.42100000381469727]
assets:[0, 100.00000074516535, 203.50880895384552, 291.43627575588226, 462.32621840250494, 494.3174208251953, 570.378482428372, 685.6564357849359, 737.9585991752028, 858.6490186107159, 966.4549234551788, 1092.5753022899867, 1211.743273132503, 1165.4983882057668, 1185.513250123769, 1200.6555263958574, 1276.1523115021885, 1340.703546141249, 1536.4680792974948, 1474.2853850992678, 2902.057892732978, 2167.479236373782, 3142.4248662382365, 3940.74151804862, 3998.5946765318517, 2974.665460984051, 2918.104033913326, 3226.5401519827487, 3087.537125, 2965.2343706763986, 2860.735649675417, 2828.294019438696, 2466.9800930478573, 2647.1140524525044, 2747.114094845188, 2661.9153564752937, 2668.908687722385, 2832.216097295624, 2880.4073140928926, 2937.4694727123497, 3196.7523234381615, 3392.3488739362297, 4237.010627584362, 3634.8775877780736, 3751.475267672241, 3531.7473098801556, 3083.339332432002, 2761.6473357275245, 2960.4454760064664, 2812.118620811337, 2185.107727105677, 2327.4343606889724]
shares:[0, 87.7193, 172.4651, 262.5552, 335.019, 419.9808, 509.2665, 596.223, 689.6809, 780.59, 870.6801, 958.3994, 1044.6063, 1142.6455, 1247.9087, 1361.2874, 1477.0281, 1596.0757, 1707.1868, 1831.4104, 1896.7699, 1988.513, 2053.8725, 2107.3484, 2161.4025, 2236.5905, 2315.9556, 2390.0297, 2470.0297, 2556.2366, 2648.8292, 2745.9166, 2861.9259, 2974.2855, 3086.6451, 3207.127, 3331.9709, 3453.9221, 3578.1457, 3704.2491, 3823.8663, 3940.0103, 4035.2484, 4149.4037, 4263.0401, 4387.2637, 4534.3225, 4704.6802, 4869.1539, 5048.6871, 5290.8179, 5528.3476]
growth_rate:-54.36
