ticker:MKSI
price:[114.16999816894531, 103.30000305175781, 107.33000183105469, 107.54000091552734, 108.45999908447266, 118.87999725341797, 114.25, 113.20999908447266, 108.38999938964844, 127.48999786376953, 127.06999969482422, 132.35000610351562, 138.1300048828125, 151.7100067138672, 147.64999389648438, 149.30999755859375, 149.8800048828125, 150.4499969482422, 164.9600067138672, 177.60000610351562, 185.0, 158.07000732421875, 162.3300018310547, 167.42999267578125, 170.35000610351562, 164.89999389648438, 153.0, 166.16000366210938, 172.24000549316406, 183.11000061035156, 195.83999633789062, 191.4600067138672, 186.82000732421875, 185.3000030517578, 179.11000061035156, 183.33999633789062, 178.91000366210938, 182.1699981689453, 188.22999572753906, 186.4499969482422, 177.55999755859375, 168.41000366210938, 173.2899932861328, 168.52000427246094, 165.42999267578125, 157.58999633789062, 165.11000061035156, 156.44000244140625, 156.8699951171875, 146.16000366210938, 140.8300018310547, 150.27999877929688]
assets:[0, 100.00473295440673, 203.90553747863768, 304.3059405906677, 406.90937856521606, 546.0039393852234, 624.74185, 719.0533091850281, 788.4396945602417, 1027.378147785187, 1123.9976823005675, 1270.7056436004639, 1426.2061134155274, 1666.4282267471312, 1721.8351688232422, 1841.1863728942872, 1948.2152434692382, 2055.6283983032226, 2353.8803198028563, 2634.2520905303954, 2844.0049999999997, 2530.0053092285157, 2698.1843584350586, 2882.96030088501, 3033.235173678589, 3036.188157620239, 2917.0827, 3267.9851040252684, 3487.567303227234, 3807.6625966918946, 4172.37112197876, 4179.055004545594, 4177.781095788574, 4243.796259892273, 4202.028080319214, 4401.259952087403, 4394.906348959351, 4574.980900015259, 4827.177063432312, 4881.521950100708, 4748.771110705567, 4604.0600441162105, 4837.476807579041, 4804.319949803162, 4816.22954876709, 4687.987211059571, 5011.699425526428, 4848.52935166626, 4961.860693554688, 4723.1020543396, 4650.868561470033, 5062.94818687439]
shares:[0, 0.9681, 1.8998, 2.8297, 3.7517, 4.5929, 5.4682, 6.3515, 7.2741, 8.0585, 8.8455, 9.6011, 10.3251, 10.9843, 11.6616, 12.3313, 12.9985, 13.6632, 14.2694, 14.8325, 15.373, 16.0056, 16.6216, 17.2189, 17.8059, 18.4123, 19.0659, 19.6677, 20.2483, 20.7944, 21.305, 21.8273, 22.3626, 22.9023, 23.4606, 24.006, 24.5649, 25.1138, 25.6451, 26.1814, 26.7446, 27.3384, 27.9155, 28.5089, 29.1134, 29.748, 30.3537, 30.9929, 31.6304, 32.3146, 33.0247, 33.6901]
growth_rate:-0.73
