ticker:MKTW
price:[10.050000190734863, 9.90999984741211, 9.930000305175781, 9.850000381469727, 9.960000038146973, 9.75, 9.779999732971191, 9.770000457763672, 9.75, 9.850000381469727, 9.869999885559082, 9.989999771118164, 10.100000381469727, 10.164999961853027, 10.5, 10.260000228881836, 10.383000373840332, 10.5, 10.550000190734863, 9.880000114440918, 9.90999984741211, 9.899999618530273, 9.970000267028809, 9.880000114440918, 9.960000038146973, 9.9399995803833, 9.989999771118164, 9.899999618530273, 9.899999618530273, 9.899999618530273, 9.9399995803833, 9.979999542236328, 9.960000038146973, 9.949999809265137, 9.979999542236328, 9.979999542236328, 9.130000114440918, 10.925000190734863, 14.069999694824219, 12.770000457763672, 10.029999732971191, 8.149999618530273, 7.369999885559082, 8.279999732971191]
assets:[0, 99.9998264602661, 200.2017151527405, 298.5889715637207, 401.9238495393753, 493.44945, 594.9672617552757, 694.358817533493, 792.937275, 901.0701548965454, 1002.8995713715553, 1115.0927654520035, 1227.371236356926, 1335.270328989029, 1479.2757, 1545.463834476471, 1663.9910612120627, 1782.74145, 1891.2310141918183, 1871.1248096734046, 1976.8061385623932, 2074.8112300527573, 2189.4818486413956, 2269.7176062903404, 2388.09626114645, 2483.301149167538, 2595.7925495275495, 2672.4068870260235, 2772.406783172798, 2872.4066793195725, 2984.0127240300176, 3096.0204079914097, 3189.8165042170526, 3286.614286997795, 3396.5231842079165, 3496.5227796211243, 3298.722908348179, 4047.266830659485, 5312.360539775848, 4921.524974420929, 3965.5359194254875, 3322.2446544986724, 3104.28743479681, 3587.5847803009037]
shares:[0, 10.0908, 20.1613, 30.3136, 40.3538, 50.6102, 60.8351, 71.0705, 81.3269, 91.4792, 101.6109, 111.6209, 121.5219, 131.3596, 140.8834, 150.63, 160.2611, 169.7849, 179.2636, 189.3851, 199.4759, 209.5769, 219.607, 229.7285, 239.7687, 249.8291, 259.8391, 269.9401, 280.0411, 290.1421, 300.2025, 310.2225, 320.2627, 330.313, 340.333, 350.353, 361.3059, 370.4592, 377.5665, 385.3974, 395.3675, 407.6374, 421.2059, 433.2832]
growth_rate:-16.57
