ticker:MKTX
price:[454.45001220703125, 453.07000732421875, 438.6600036621094, 465.1000061035156, 482.5199890136719, 522.0499877929688, 538.0700073242188, 558.9099731445312, 538.8499755859375, 579.1799926757812, 522.9299926757812, 546.1400146484375, 533.8900146484375, 539.1699829101562, 547.6699829101562, 578.8800048828125, 573.0800170898438, 570.5599975585938, 552.0900268554688, 523.0, 509.70001220703125, 540.760009765625, 571.6599731445312, 552.5499877929688, 550.2100219726562, 555.9400024414062, 504.3699951171875, 518.969970703125, 510.1199951171875, 517.7999877929688, 520.280029296875, 534.5599975585938, 534.9500122070312, 507.4599914550781, 488.4599914550781, 437.1700134277344, 456.29998779296875, 455.989990234375, 466.5400085449219, 450.2300109863281, 440.8599853515625, 449.5400085449219, 467.9599914550781, 463.8699951171875, 460.7699890136719, 459.0899963378906, 475.19000244140625, 475.1700134277344, 485.70001220703125, 463.4200134277344, 475.5, 484.7699890136719]
assets:[0, 99.99255061645508, 196.82674364318848, 308.6868740509033, 420.22665843200684, 554.6781120300293, 671.6727901428222, 797.676313671875, 869.057240625, 1034.1258769226074, 1033.6757165222168, 1179.5532036376953, 1253.0932533813477, 1365.5018987182616, 1487.033537597656, 1671.7475661010742, 1755.0002443359374, 1847.3021040954588, 1887.4853838134766, 1888.03, 1940.0201864624023, 2158.2272749755857, 2381.5354481201175, 2401.9347969360356, 2491.7361265075683, 2617.6990954956054, 2474.8931290405276, 2646.539262597656, 2701.3914461425784, 2842.0487929992673, 2955.6588184326174, 3136.798065673828, 3239.0688289123536, 3172.6398665771485, 3153.8396268280026, 2922.6564077697753, 3150.568895715332, 3248.427091430664, 3423.5638907043453, 3403.8739520599365, 3433.0207919311524, 3600.5906984405515, 3848.1286017333987, 3914.5061147949223, 3988.332870904541, 4073.780991503906, 4316.625982177734, 4416.467689804077, 4614.34439597168, 4502.681534466553, 4720.05075, 4912.077344677734]
shares:[0, 0.2207, 0.4487, 0.6637, 0.8709, 1.0625, 1.2483, 1.4272, 1.6128, 1.7855, 1.9767, 2.1598, 2.3471, 2.5326, 2.7152, 2.8879, 3.0624, 3.2377, 3.4188, 3.61, 3.8062, 3.9911, 4.166, 4.347, 4.5287, 4.7086, 4.9069, 5.0996, 5.2956, 5.4887, 5.6809, 5.868, 6.0549, 6.252, 6.4567, 6.6854, 6.9046, 7.1239, 7.3382, 7.5603, 7.7871, 8.0095, 8.2232, 8.4388, 8.6558, 8.8736, 9.084, 9.2945, 9.5004, 9.7162, 9.9265, 10.1328]
growth_rate:-3.68
