ticker:MKTY
price:[1.159999966621399, 1.3899999856948853, 1.440000057220459, 1.5199999809265137, 1.600000023841858, 1.8799999952316284, 2.0899999141693115, 1.940000057220459, 1.7999999523162842, 1.9900000095367432, 2.0, 1.9500000476837158, 1.909999966621399, 1.7200000286102295, 2.0299999713897705, 3.0999999046325684, 4.46999979019165, 4.710000038146973, 5.349999904632568, 5.190000057220459, 4.449999809265137, 3.5999999046325684, 4.039999961853027, 9.0, 11.800000190734863, 7.289999961853027, 6.670000076293945, 8.100000381469727, 10.729999542236328, 13.25, 11.890000343322754, 9.029999732971191, 10.010000228881836, 8.40999984741211, 8.699999809265137, 7.809999942779541, 7.889999866485596, 7.730000019073486, 7.980000019073486, 7.730000019073486, 7.940000057220459, 8.130000114440918, 7.150000095367432, 7.320000171661377, 7.260000228881836, 7.039999961853027, 7.28000020980835, 7.590000152587891, 7.599999904632568, 7.489999771118164, 7.170000076293945, 9.949999809265137]
assets:[0, 99.99993497085572, 203.5970000902176, 314.9079720484257, 431.48208642958406, 606.9914624604463, 774.793691181302, 819.186558161974, 860.0700372159243, 1050.855325036049, 1156.136, 1227.2327250097512, 1302.058628245604, 1272.5344531671524, 1601.8865784234763, 2546.2308016685483, 3771.5006369771004, 4073.997428995895, 4727.576635727692, 4686.191181665898, 4118.024928494167, 3431.436029097986, 3950.8339306949615, 8901.3627, 11770.676010260868, 7371.8834284245495, 6844.919494294739, 8412.421446183205, 11243.861366313935, 13984.54555, 12649.150707243156, 9706.54537296486, 10859.969368316652, 9224.109698641205, 9642.182818609142, 8755.798745850087, 8945.486965624666, 8864.083008871794, 9250.760758110808, 9060.949876357554, 9407.10800979333, 9732.215008994293, 8659.081975495721, 8964.962322237398, 8991.47906546917, 8819.00936021328, 9219.657985708953, 9712.252998253249, 9825.048836711883, 9782.843744052696, 9464.885509713173, 13234.673846300124]
shares:[0, 71.9424, 141.3868, 207.1763, 269.6763, 322.8678, 370.7147, 422.2611, 477.8167, 528.068, 578.068, 629.3501, 681.7061, 739.8456, 789.1067, 821.3648, 843.7362, 864.9676, 883.6592, 902.927, 925.3989, 953.1767, 977.9292, 989.0403, 997.5149, 1011.2323, 1026.2248, 1038.5705, 1047.8902, 1055.4374, 1063.8478, 1074.922, 1084.912, 1096.8026, 1108.2969, 1121.101, 1133.7753, 1146.7119, 1159.2432, 1172.1798, 1184.7743, 1197.0744, 1211.0604, 1224.7216, 1238.4957, 1252.7002, 1266.4365, 1279.6117, 1292.7696, 1306.1207, 1320.0677, 1330.118]
growth_rate:159.5
