ticker:MLAB
price:[243.3300018310547, 246.86000061035156, 245.5800018310547, 244.6999969482422, 259.0, 282.9700012207031, 279.1400146484375, 277.3699951171875, 261.4100036621094, 265.3299865722656, 280.510009765625, 279.6099853515625, 274.6199951171875, 271.8500061035156, 284.3999938964844, 281.739990234375, 284.79998779296875, 286.6400146484375, 289.70001220703125, 295.3299865722656, 288.29998779296875, 277.1400146484375, 287.6000061035156, 286.67999267578125, 276.44000244140625, 271.9100036621094, 268.8999938964844, 266.2900085449219, 252.47999572753906, 243.02000427246094, 248.5500030517578, 241.0, 253.05999755859375, 261.6700134277344, 248.64999389648438, 251.32000732421875, 246.97999572753906, 245.55999755859375, 246.05999755859375, 261.69000244140625, 264.239990234375, 260.19000244140625, 272.8500061035156, 271.6499938964844, 279.1400146484375, 282.54998779296875, 283.0799865722656, 294.510009765625, 286.1300048828125, 278.69000244140625, 268.8800048828125, 271.3699951171875]
assets:[0, 100.00298624725342, 199.48463548736572, 298.77869627380375, 416.2389, 554.7626873931885, 647.2419519653321, 743.1296909179687, 800.3590082122803, 912.3636918273926, 1064.5635380615236, 1161.1363861694338, 1240.4035939453124, 1327.8785398132325, 1489.1752480407715, 1575.2364593994141, 1692.338487463379, 1803.2809961547853, 1922.5361910095216, 2059.8971233428956, 2110.8748506225584, 2129.155876538086, 2309.514329013062, 2402.1203266296384, 2416.306773339844, 2476.719459356689, 2549.3063921356197, 2624.55432421875, 2588.4501641983034, 2591.468117559815, 2750.4294787704466, 2766.8728, 3005.3405310058592, 3207.6033585998534, 3148.0083827270505, 3281.8120516418453, 3325.141078479004, 3406.015390136719, 3512.9493731445314, 3836.08757678833, 3973.456005151367, 4012.5461416503904, 4307.7831813629155, 4388.831631390381, 4609.829857910156, 4766.137959088135, 4875.090296752929, 5171.919732495117, 5124.760065454101, 5091.499130603028, 5012.272835021973, 5158.6893331787105]
shares:[0, 0.4051, 0.8123, 1.221, 1.6071, 1.9605, 2.3187, 2.6792, 3.0617, 3.4386, 3.7951, 4.1527, 4.5168, 4.8846, 5.2362, 5.5911, 5.9422, 6.2911, 6.6363, 6.9749, 7.3218, 7.6826, 8.0303, 8.3791, 8.7408, 9.1086, 9.4805, 9.856, 10.2521, 10.6636, 11.0659, 11.4808, 11.876, 12.2582, 12.6604, 13.0583, 13.4632, 13.8704, 14.2768, 14.6589, 15.0373, 15.4216, 15.7881, 16.1562, 16.5144, 16.8683, 17.2216, 17.5611, 17.9106, 18.2694, 18.6413, 19.0098]
growth_rate:1.15
