ticker:MLACU
price:[9.920000076293945, 9.90999984741211, 9.920000076293945, 9.920000076293945, 9.949999809265137, 9.949999809265137, 9.899999618530273, 9.909000396728516, 9.899999618530273, 9.866999626159668, 9.956000328063965, 9.944999694824219, 10.0, 10.109999656677246, 10.197999954223633, 10.350000381469727, 10.430000305175781, 10.270000457763672, 10.6899995803833, 10.600000381469727, 10.819999694824219, 10.510000228881836, 11.0, 10.90999984741211, 11.010000228881836, 10.989999771118164, 10.34000015258789, 10.399999618530273, 10.289999961853027, 10.319999694824219, 10.210000038146973, 10.229999542236328, 10.289999961853027, 10.199999809265137, 10.300000190734863, 10.300000190734863, 10.21500015258789, 10.25, 10.380000114440918, 10.289999961853027, 10.300000190734863, 10.390000343322754, 10.319999694824219, 10.34000015258789, 10.399999618530273, 10.399999618530273, 10.15999984741211, 10.210000038146973, 10.100000381469727, 10.180000305175781, 10.180000305175781, 10.180000305175781]
assets:[0, 99.9998264602661, 200.10028953895568, 300.0998423080444, 401.00787731294633, 501.00836039600375, 598.4906169387817, 699.0343965873718, 798.3993292358398, 895.7380664623261, 1003.8177154771805, 1102.7085276618957, 1208.807, 1322.1038641030311, 1433.6113781648635, 1554.9788823118208, 1666.9977447753906, 1741.4254386203766, 1912.6418969226838, 1996.5397518508912, 2137.976757698822, 2176.7219434036256, 2378.2055, 2458.7473896118163, 2581.28464466114, 2676.595761256218, 2618.2896686382296, 2733.4828597364426, 2804.571388602924, 2912.7476738662717, 2981.700844140339, 3087.541736841202, 3205.650891116047, 3277.6128587102894, 3409.7460531414986, 3509.745664993286, 3580.7814759883877, 3693.0504, 3839.889012335301, 3906.5953985175133, 4010.3915942642216, 4145.433506979943, 4217.504203282929, 4325.678057834244, 4450.778636746407, 4550.7787930784225, 4545.760715729522, 4668.131474441242, 4717.8384481893545, 4855.207607549286, 4955.207786547088, 5055.2079655448915]
shares:[0, 10.0908, 20.1714, 30.252, 40.3023, 50.3526, 60.4536, 70.5454, 80.6464, 90.7812, 100.8254, 110.8807, 120.8807, 130.7719, 140.5777, 150.2395, 159.8272, 169.5643, 178.9188, 188.3528, 197.5949, 207.1096, 216.2005, 225.3664, 234.4491, 243.5483, 253.2195, 262.8349, 272.5531, 282.243, 292.0373, 301.8125, 311.5307, 321.3346, 331.0433, 340.752, 350.5415, 360.2976, 369.9315, 379.6497, 389.3584, 398.983, 408.6729, 418.3441, 427.9595, 437.5749, 447.4174, 457.2117, 467.1127, 476.9359, 486.7591, 496.5823]
growth_rate:-0.88
