ticker:MLAC
price:[9.789999961853027, 9.75, 9.8100004196167, 9.75, 9.800000190734863, 9.760000228881836, 9.744999885559082, 9.720000267028809, 9.649999618530273, 9.670000076293945, 9.729999542236328, 9.741999626159668, 9.774999618530273, 9.800000190734863, 9.90999984741211, 9.946999549865723, 10.0, 9.90999984741211, 10.239999771118164, 10.199999809265137, 10.149999618530273, 10.069999694824219, 10.279999732971191, 10.170000076293945, 10.300000190734863, 10.319999694824219, 10.050000190734863, 9.930000305175781, 9.859999656677246, 9.920000076293945, 9.880000114440918, 9.899999618530273, 9.90999984741211, 9.859999656677246, 9.90999984741211, 9.899999618530273, 9.880000114440918, 9.880000114440918, 9.890000343322754, 9.899999618530273, 9.90999984741211, 9.899999618530273, 9.899999618530273, 9.899999618530273, 9.899999618530273, 9.930000305175781, 9.90999984741211, 9.899999618530273, 9.90999984741211, 9.90999984741211, 9.899999618530273, 9.920000076293945]
assets:[0, 99.9999, 200.61548958120346, 299.388375, 400.9238878030777, 499.28745170879364, 598.5203519712448, 696.9852551476479, 791.965818693161, 893.6076080503465, 999.1522469932556, 1100.3841869737626, 1204.111823009491, 1307.191645441532, 1421.8639851070404, 1527.1727878904344, 1635.31, 1720.592011507416, 1877.8869340259553, 1970.5512231516839, 2060.8914475450515, 2144.648115005493, 2289.372388532257, 2364.874865740967, 2495.1039762042046, 2599.94848311615, 2631.926209950256, 2700.500323993683, 2781.4635051501277, 2898.388918291283, 2986.7022985952376, 3092.748000829315, 3195.871886791992, 3279.747461800003, 3396.3789317047117, 3492.951525408554, 3585.895653535748, 3685.896074694061, 3789.6265955535887, 3893.4579899761197, 3997.390692450714, 4093.3568022735594, 4193.3566984203335, 4293.356594567108, 4393.3564907138825, 4506.670065502167, 4597.5928062091825, 4692.953249169731, 4797.693541128158, 4897.693367588425, 4992.750977617836, 5102.8371272455215]
shares:[0, 10.2564, 20.4501, 30.7065, 40.9106, 51.1565, 61.4182, 71.7063, 82.069, 92.4103, 102.6878, 112.9526, 123.1828, 133.3869, 143.4777, 153.531, 163.531, 173.6218, 183.3874, 193.1913, 203.0435, 212.974, 222.7016, 232.5344, 242.2431, 251.933, 261.8832, 271.9537, 282.0957, 292.1763, 302.2978, 312.3988, 322.4896, 332.6316, 342.7224, 352.8234, 362.9449, 373.0664, 383.1776, 393.2786, 403.3694, 413.4704, 423.5714, 433.6724, 443.7734, 453.8439, 463.9347, 474.0357, 484.1265, 494.2173, 504.3183, 514.3989]
growth_rate:0.06
