ticker:MLCO
price:[19.040000915527344, 18.700000762939453, 18.100000381469727, 16.40999984741211, 16.780000686645508, 15.4399995803833, 14.930000305175781, 16.059999465942383, 16.1200008392334, 16.200000762939453, 18.059999465942383, 18.780000686645508, 18.489999771118164, 19.65999984741211, 18.360000610351562, 18.969999313354492, 18.549999237060547, 18.549999237060547, 18.510000228881836, 16.43000030517578, 16.360000610351562, 15.989999771118164, 17.3700008392334, 17.799999237060547, 18.68000030517578, 21.65999984741211, 21.90999984741211, 20.829999923706055, 21.079999923706055, 19.59000015258789, 20.280000686645508, 20.309999465942383, 19.360000610351562, 18.770000457763672, 19.290000915527344, 18.209999084472656, 17.639999389648438, 17.34000015258789, 17.190000534057617, 17.06999969482422, 17.479999542236328, 17.31999969482422, 16.950000762939453, 16.81999969482422, 16.1200008392334, 14.930000305175781, 14.479999542236328, 13.920000076293945, 13.15999984741211, 12.40999984741211, 10.84000015258789, 12.880000114440918]
assets:[0, 100.00012407989502, 196.7922541475296, 278.4169804111481, 384.69493974189754, 453.97458766222, 538.9789830169677, 679.7732033948898, 782.3133127285004, 886.1951217353821, 1087.943397828102, 1231.3163790201186, 1312.3018477554322, 1495.3415543941499, 1496.4630617477417, 1646.1823944141388, 1709.7348796806334, 1809.7342155677795, 1905.8321965662003, 1791.6701742790221, 1884.0373022888182, 1941.427421210289, 2208.9812207271575, 2363.6654586891173, 2580.52062215805, 3092.188076216507, 3227.8775815200806, 3168.7679043937683, 3306.798508031845, 3173.06284871521, 3384.8254026042937, 3489.8326812337878, 3426.5962040283202, 3422.170884460068, 3616.977408666229, 3514.4715513061524, 3504.4628267440794, 3544.863049193955, 3614.197612285614, 3688.9669080490116, 3877.5708184547425, 3942.0786945411683, 3957.865858148193, 4027.510240926361, 3959.897550158691, 3767.5721400108337, 3754.015177322388, 3708.83229232769, 3606.3387221851344, 3500.8100759555814, 3157.919684452057, 3852.214834227562]
shares:[0, 5.3476, 10.8725, 16.9663, 22.9258, 29.4025, 36.1004, 42.3271, 48.5306, 54.7034, 60.2405, 65.5653, 70.9736, 76.0601, 81.5067, 86.7782, 92.169, 97.5598, 102.9623, 109.0487, 115.1612, 121.4151, 127.1722, 132.7902, 138.1435, 142.7603, 147.3244, 152.1252, 156.869, 161.9736, 166.9046, 171.8283, 176.9936, 182.3213, 187.5053, 192.9968, 198.6657, 204.4327, 210.25, 216.1082, 221.829, 227.6027, 233.5024, 239.4477, 245.6512, 252.3491, 259.2552, 266.4391, 274.0379, 282.0959, 291.321, 299.085]
growth_rate:-24.47
