ticker:MLHR
price:[23.469999313354492, 22.690000534057617, 34.52000045776367, 30.25, 33.650001525878906, 31.75, 33.29999923706055, 34.810001373291016, 30.469999313354492, 31.940000534057617, 35.38999938964844, 36.72999954223633, 37.560001373291016, 38.68000030517578, 38.150001525878906, 34.970001220703125, 34.58000183105469, 33.79999923706055, 34.5, 35.65999984741211, 36.779998779296875, 34.25, 37.790000915527344, 38.2400016784668, 37.279998779296875, 38.349998474121094, 40.290000915527344, 42.45000076293945, 41.810001373291016, 41.91999816894531, 41.83000183105469, 43.599998474121094, 44.29999923706055, 42.029998779296875, 41.5, 43.68000030517578, 45.709999084472656, 45.18000030517578, 47.79999923706055, 49.72999954223633, 49.88999938964844, 44.529998779296875, 48.279998779296875, 46.939998626708984, 45.65999984741211, 43.040000915527344, 44.7599983215332, 43.150001525878906, 43.119998931884766, 43.349998474121094, 41.83000183105469, 43.47999954223633]
assets:[0, 99.99937035369872, 252.13753534355163, 320.949475, 457.0242257240295, 531.218775, 657.152174943924, 786.94970104599, 788.8347652235032, 926.8924274982453, 1127.0122255630495, 1269.6862971759797, 1398.3776311283111, 1540.075156150818, 1618.971614753723, 1584.0221572937012, 1666.3549602355959, 1728.7685609779357, 1864.5732, 2027.2674253253936, 2190.94039128418, 2140.2311250000002, 2461.4403726325986, 2590.7524657157896, 2625.7123300231933, 2801.07621855011, 3042.773391142273, 3305.8999344158174, 3356.059543233109, 3464.8890646545406, 3557.4492377227784, 3807.980266731262, 3969.1160216434478, 3865.7343557250974, 3916.9858, 4222.746557502746, 4518.995642488861, 4566.600156845856, 4931.420761289215, 5230.536702853013, 5347.3647935806275, 4872.864330419921, 5383.22469189148, 5333.815513952255, 5288.3685783271785, 5084.917868164062, 5388.123553949356, 5294.315327218628, 5390.6337304698945, 5519.386830722809, 5425.857380509949, 5739.8816995697025]
shares:[0, 4.4072, 7.3041, 10.6099, 13.5817, 16.7313, 19.7343, 22.607, 25.8889, 29.0198, 31.8455, 34.5681, 37.2305, 39.8158, 42.437, 45.2966, 48.1884, 51.147, 54.0456, 56.8499, 59.5688, 62.4885, 65.1347, 67.7498, 70.4322, 73.0398, 75.5218, 77.8775, 80.2693, 82.6548, 85.0454, 87.339, 89.5963, 91.9756, 94.3852, 96.6746, 98.8623, 101.0757, 103.1678, 105.1787, 107.1831, 109.4288, 111.5001, 113.6305, 115.8206, 118.144, 120.3781, 122.6956, 125.0147, 127.3215, 129.7121, 132.012]
growth_rate:12.55
