ticker:MLVF
price:[12.569999694824219, 12.390000343322754, 12.350000381469727, 11.859999656677246, 12.0, 12.289999961853027, 12.5, 13.100000381469727, 12.470000267028809, 13.420000076293945, 14.5, 14.84000015258789, 15.890000343322754, 16.940000534057617, 17.0, 16.389999389648438, 16.020000457763672, 15.5, 17.31999969482422, 17.309999465942383, 17.1200008392334, 15.819999694824219, 16.149999618530273, 16.399999618530273, 16.030000686645508, 17.350000381469727, 18.75, 19.3799991607666, 19.059999465942383, 18.790000915527344, 18.600000381469727, 18.799999237060547, 18.25, 18.25, 18.229999542236328, 18.799999237060547, 18.1200008392334, 18.899999618530273, 18.799999237060547, 18.8799991607666, 18.760000228881836, 18.75, 18.549999237060547, 18.549999237060547, 18.469999313354492, 18.780000686645508, 18.5, 18.860000610351562, 18.739999771118164, 18.770000457763672, 18.610000610351562, 18.34000015258789]
assets:[0, 99.99969277095795, 199.67727616767883, 291.7548055542946, 395.1984, 504.7490694333076, 613.37375, 742.8158716306687, 807.0920862828256, 968.5791115064621, 1146.52805, 1273.4115090934754, 1463.5119346209526, 1660.2199983407975, 1766.1011, 1802.7294768676757, 1862.0334892066958, 1901.5927000000001, 2224.876932798004, 2323.5921993112565, 2398.087541555786, 2315.9894213233947, 2464.300986792183, 2602.4486994661333, 2643.7350392444614, 2961.435130112267, 3300.3975, 3511.2915039466857, 3553.313768436813, 3602.978917552185, 3666.5455351976398, 3805.9696055465697, 3794.625775, 3894.62665, 3990.3591308002474, 4215.125268942261, 4162.664304795075, 4441.851450347519, 4518.348576636887, 4637.575377855492, 4708.099705441284, 4805.589375, 4854.328895347214, 4954.32823123436, 5032.962145893288, 5217.435376762962, 5239.645850000001, 5441.606194102478, 5506.983182740211, 5615.8001909584045, 5667.930642890929, 5685.698989304733]
shares:[0, 8.071, 16.1682, 24.5999, 32.9332, 41.0699, 49.0699, 56.7035, 64.7227, 72.1743, 79.0709, 85.8094, 92.1027, 98.0059, 103.8883, 109.9896, 116.2318, 122.6834, 128.4571, 134.2341, 140.0752, 146.3963, 152.5883, 158.6859, 164.9242, 170.6879, 176.0212, 181.1812, 186.4278, 191.7498, 197.1261, 202.4452, 207.9247, 213.4042, 218.8897, 224.2088, 229.7276, 235.0186, 240.3377, 245.6343, 250.9648, 256.2981, 261.6889, 267.0797, 272.4939, 277.8187, 283.2241, 288.5263, 293.8625, 299.1902, 304.5637, 310.0163]
growth_rate:11.48
