ticker:MMAT
price:[0.5199999809265137, 0.5199999809265137, 0.6000000238418579, 0.47999998927116394, 0.5199999809265137, 0.6600000262260437, 0.5799999833106995, 0.5400000214576721, 0.5400000214576721, 0.5400000214576721, 0.5400000214576721, 0.6000000238418579, 0.7799999713897705, 1.0, 1.5199999809265137, 0.9800000190734863, 1.2400000095367432, 1.399999976158142, 2.259999990463257, 2.740000009536743, 3.299999952316284, 3.299999952316284, 3.200000047683716, 5.699999809265137, 6.239999771118164, 4.960000038146973, 4.28000020980835, 5.760000228881836, 4.420000076293945, 3.700000047683716, 3.740000009536743, 3.700000047683716, 2.799999952316284, 3.640000104904175, 4.239999771118164, 4.28000020980835, 3.8399999141693115, 4.519999980926514, 4.760000228881836, 5.599999904632568, 6.239999771118164, 12.539999961853027, 9.899999618530273, 6.739999771118164, 4.75, 3.630000114440918, 3.490000009536743, 3.5, 3.299999952316284, 3.190000057220459, 2.880000114440918, 4.130000114440918]
assets:[0, 100.00000033202171, 215.38464855861665, 272.30768991344866, 394.9999935114861, 601.3461538953483, 628.4556759164035, 685.1139572239816, 785.1139691976249, 885.1139811712682, 985.1139931449115, 1194.57112746799, 1652.9423213704347, 2219.1569, 3473.1184844181057, 2339.247501528168, 3059.8641995331764, 3554.6853394640684, 5838.277863363647, 7178.266272984409, 8745.356933632995, 8845.356832188034, 8677.315969302083, 15556.468549445439, 17130.238939666557, 13716.344425491332, 11935.878405104399, 16163.238018269349, 12503.039855815889, 10566.345436173677, 10780.576207489728, 10765.275938737394, 8246.695099559618, 10820.704023850823, 12704.33548220005, 12924.189089552021, 11695.53343458445, 13866.617757485676, 14702.899098980331, 17397.526983721877, 19485.815141264535, 39258.99543657322, 31093.94256187897, 21269.00748573151, 15089.28605, 11631.391566696166, 11282.797647831274, 11415.12645, 10862.833253036284, 10600.739273150206, 9670.573536274052, 13967.871017045021]
shares:[0, 192.3077, 358.9744, 567.3077, 759.6154, 911.1305, 1083.5443, 1268.7295, 1453.9147, 1639.0999, 1824.2851, 1990.9518, 2119.1569, 2219.1569, 2284.9464, 2386.9872, 2467.6324, 2539.061, 2583.3088, 2619.8052, 2650.1082, 2680.4112, 2711.6612, 2729.2051, 2745.2307, 2765.392, 2788.7565, 2806.1176, 2828.742, 2855.769, 2882.507, 2909.534, 2945.2483, 2972.7208, 2996.3057, 3019.6702, 3045.7119, 3067.8358, 3088.8442, 3106.7013, 3122.7269, 3130.7014, 3140.8024, 3155.6392, 3176.6918, 3204.24, 3232.8933, 3261.4647, 3291.7677, 3323.1157, 3357.8379, 3382.051]
growth_rate:173.88
