ticker:MMLP
price:[1.350000023841858, 1.409999966621399, 1.2899999618530273, 1.2100000381469727, 1.340000033378601, 1.3700000047683716, 1.7699999809265137, 1.7100000381469727, 1.399999976158142, 1.409999966621399, 1.409999966621399, 1.6200000047683716, 1.7400000095367432, 1.9900000095367432, 1.7799999713897705, 1.649999976158142, 1.6200000047683716, 1.4299999475479126, 1.590000033378601, 1.8600000143051147, 1.8200000524520874, 1.7100000381469727, 1.899999976158142, 2.490000009536743, 2.369999885559082, 2.4100000858306885, 2.359999895095825, 2.75, 2.990000009536743, 2.430000066757202, 2.4000000953674316, 2.4600000381469727, 2.2200000286102295, 2.3299999237060547, 2.119999885559082, 2.3299999237060547, 2.809999942779541, 2.690000057220459, 2.619999885559082, 2.8399999141693115, 3.25, 2.9800000190734863, 2.7200000286102295, 2.930000066757202, 3.059999942779541, 2.809999942779541, 2.740000009536743, 2.640000104904175, 2.890000104904175, 3.2200000286102295, 3.119999885559082, 3.119999885559082]
assets:[0, 100.00001763272284, 191.48940033740996, 279.61406881523135, 409.6552962042689, 518.826673805809, 770.3089476991654, 844.1967518324852, 791.1552465267063, 896.8063677701116, 996.8063854028344, 1245.2669496653677, 1437.5090118788241, 1744.047749358058, 1660.002519318509, 1638.7664463204621, 1708.9707290302515, 1608.535869999254, 1888.5120456452132, 2309.2026657598976, 2359.5425260016086, 2316.932745686531, 2674.369666441083, 3604.8317778065684, 3531.104778492451, 3690.701846442103, 3714.131018903446, 4427.907, 4914.342487674522, 4093.9307054688693, 4143.388484643459, 4346.973079408073, 4022.8780358448025, 4322.209739472771, 4032.654242311001, 4532.115471599579, 5565.770258663368, 5428.086286463785, 5386.83452070446, 5939.164304506135, 6896.578975, 6423.63231511445, 5963.181182723522, 6523.573949633288, 6913.015394730091, 6448.226574693776, 6387.594882232428, 6254.471240530348, 6946.750763160253, 7839.978145659494, 7696.500269694042, 7796.500322026062]
shares:[0, 70.922, 148.4414, 231.086, 305.7129, 378.7056, 435.2028, 493.6823, 565.1109, 636.0329, 706.9549, 768.6833, 826.1546, 876.4059, 932.5857, 993.1918, 1054.9202, 1124.8503, 1187.7434, 1241.5068, 1296.4519, 1354.9314, 1407.563, 1447.7236, 1489.9177, 1531.4115, 1573.7844, 1610.148, 1643.5928, 1684.7451, 1726.4118, 1767.0622, 1812.1072, 1855.0257, 1902.1955, 1945.114, 1980.7012, 2017.8759, 2056.0438, 2091.2551, 2122.0243, 2155.5813, 2192.346, 2226.4757, 2259.1554, 2294.7426, 2331.239, 2369.1178, 2403.7199, 2434.7758, 2466.8271, 2498.8784]
growth_rate:52.87
