ticker:MMSI
price:[49.040000915527344, 43.959999084472656, 42.189998626708984, 41.36000061035156, 42.15999984741211, 47.810001373291016, 47.849998474121094, 48.97999954223633, 50.04999923706055, 51.04999923706055, 51.27000045776367, 52.70000076293945, 54.79999923706055, 58.11000061035156, 55.7400016784668, 53.5, 54.529998779296875, 55.5099983215332, 57.119998931884766, 55.720001220703125, 57.810001373291016, 54.150001525878906, 58.689998626708984, 60.2599983215332, 58.88999938964844, 55.720001220703125, 55.040000915527344, 59.599998474121094, 56.25, 56.91999816894531, 59.779998779296875, 61.5, 61.779998779296875, 64.0199966430664, 63.599998474121094, 64.62999725341797, 59.689998626708984, 62.029998779296875, 60.34000015258789, 60.38999938964844, 62.0, 60.2400016784668, 64.44999694824219, 64.0199966430664, 63.400001525878906, 59.95000076293945, 64.2300033569336, 70.08999633789062, 67.68000030517578, 66.0, 69.22000122070312, 71.66999816894531]
assets:[0, 100.0002059173584, 195.9725436210632, 292.117412310791, 397.76695056037903, 551.0724188289643, 651.5351492233276, 766.919036832428, 883.6727765296936, 1001.3304200351714, 1105.6478138717653, 1236.4843079006196, 1385.7549807071687, 1569.4581404846192, 1605.445824343872, 1640.9306000000001, 1772.5248753204344, 1904.3815124168398, 2059.6157854862213, 2109.135774206543, 2288.2470363578796, 2243.3749982154845, 2531.4639727661133, 2699.1839228176113, 2737.8196276245117, 2690.4458309417723, 2757.6141258697508, 3086.0819609901428, 3012.620625, 3148.5069307159424, 3406.7067024353028, 3604.7241, 3721.132886474609, 3956.0516725616453, 4030.0965833106998, 4195.365789709473, 3974.6913495540616, 4230.507946746826, 4215.2498326595305, 4318.742494351196, 4533.8802, 4505.175029527664, 4920.028982032776, 4987.202552492523, 5038.905321273804, 4864.708756909561, 5312.013967628479, 5896.650364907837, 5793.895322125244, 5750.0784, 6130.614770114135, 6447.605043273926]
shares:[0, 2.2748, 4.645, 7.0628, 9.4347, 11.5263, 13.6162, 15.6578, 17.6558, 19.6147, 21.5652, 23.4627, 25.2875, 27.0084, 28.8024, 30.6716, 32.5055, 34.307, 36.0577, 37.8524, 39.5822, 41.4289, 43.1328, 44.7923, 46.4904, 48.2851, 50.102, 51.7799, 53.5577, 55.3146, 56.9874, 58.6134, 60.232, 61.794, 63.3663, 64.9136, 66.5889, 68.201, 69.8583, 71.5142, 73.1271, 74.7871, 76.3387, 77.9007, 79.478, 81.1461, 82.703, 84.1297, 85.6072, 87.1224, 88.5671, 89.9624]
growth_rate:26.42
