ticker:MMYT
price:[18.030000686645508, 16.34000015258789, 17.43000030517578, 15.90999984741211, 15.789999961853027, 17.780000686645508, 18.0, 21.690000534057617, 18.770000457763672, 20.0, 24.25, 25.649999618530273, 25.59000015258789, 26.59000015258789, 26.040000915527344, 27.399999618530273, 27.190000534057617, 29.530000686645508, 28.719999313354492, 30.920000076293945, 31.270000457763672, 28.530000686645508, 28.559999465942383, 29.68000030517578, 32.97999954223633, 33.54999923706055, 32.16999816894531, 37.0099983215332, 36.58000183105469, 32.16999816894531, 32.08000183105469, 30.280000686645508, 26.350000381469727, 26.25, 27.420000076293945, 25.639999389648438, 24.6299991607666, 25.8799991607666, 27.5, 27.510000228881836, 29.0, 29.06999969482422, 31.6299991607666, 29.860000610351562, 30.1200008392334, 27.510000228881836, 28.479999542236328, 28.459999084472656, 28.450000762939453, 27.0, 24.84000015258789, 25.84000015258789]
assets:[0, 100.0008009338379, 206.6709996185303, 288.64876323165896, 386.47130206632613, 535.1780206680298, 641.8008, 873.369561504364, 855.7937698711395, 1011.874, 1326.8969499999998, 1503.5003776397705, 1599.9840515403748, 1762.5075241142272, 1826.0498562011717, 2021.4185318572997, 2105.9253593639373, 2387.1639135074615, 2421.6847021017074, 2707.1913306798933, 2837.836970543289, 2689.175098721695, 2792.002699790955, 3001.493910861969, 3435.2165403190616, 3594.5871782577515, 3546.73264712677, 4180.342227414322, 4231.772143826294, 3821.599545481872, 3910.9083112258913, 3791.4678939773557, 3399.3792942129135, 3486.4777499999996, 3741.8757944114686, 3598.9687703277586, 3557.199943793297, 3837.732135550499, 4177.9622500000005, 4279.480394605064, 4611.266799999999, 4722.398194424438, 5238.269465013886, 5045.139731124878, 5189.070732583046, 4839.418939263725, 5110.055245865249, 5206.46654051361, 5304.636357253647, 5134.2768, 4823.535557630157, 5117.7205582206725]
shares:[0, 6.12, 11.8572, 18.1426, 24.4757, 30.1, 35.6556, 40.266, 45.5937, 50.5937, 54.7174, 58.616, 62.5238, 66.2846, 70.1248, 73.7744, 77.4522, 80.8386, 84.3205, 87.5547, 90.7527, 94.2578, 97.7592, 101.1285, 104.1606, 107.1412, 110.2497, 112.9517, 115.6854, 118.7939, 121.9111, 125.2136, 129.0087, 132.8182, 136.4652, 140.3654, 144.4255, 148.2895, 151.9259, 155.5609, 159.0092, 162.4492, 165.6108, 168.9598, 172.2799, 175.9149, 179.4261, 182.9398, 186.4547, 190.1584, 194.1842, 198.0542]
growth_rate:0.35
