ticker:MNDO
price:[2.319999933242798, 2.3299999237060547, 2.4000000953674316, 2.3399999141693115, 2.3299999237060547, 2.3399999141693115, 2.3399999141693115, 2.299999952316284, 2.200000047683716, 2.25, 2.2899999618530273, 2.3499999046325684, 2.4000000953674316, 2.5, 2.5299999713897705, 2.609999895095825, 2.5899999141693115, 2.5899999141693115, 2.559999942779541, 2.630000114440918, 2.690000057220459, 2.450000047683716, 2.640000104904175, 2.819999933242798, 3.069999933242798, 3.0199999809265137, 2.930000066757202, 3.130000114440918, 2.8299999237060547, 2.7799999713897705, 2.690000057220459, 2.9800000190734863, 2.8299999237060547, 2.8299999237060547, 2.9800000190734863, 3.0299999713897705, 2.8299999237060547, 2.9600000381469727, 3.0999999046325684, 3.2200000286102295, 3.2200000286102295, 3.200000047683716, 3.0, 3.180000066757202, 3.1700000762939453, 3.5, 3.369999885559082, 3.309999942779541, 3.490000009536743, 3.3299999237060547, 3.0899999141693115, 3.2799999713897705]
assets:[0, 100.00010172557832, 203.00448806667328, 297.9292570720196, 396.6561580118179, 498.35843972032075, 598.3583360523462, 688.1300857336521, 758.2113164337874, 875.443275, 991.0066434917451, 1116.971874671173, 1240.737409302473, 1392.43475, 1509.1439709340095, 1656.8639514053823, 1744.1675841995716, 1844.1674808856487, 1922.806485021925, 2075.3833233075143, 2222.7303692809105, 2124.4197863470317, 2389.1707909371135, 2652.068655218196, 2987.1811590436932, 3038.5300968094825, 3047.977984445214, 3356.0311947052005, 3134.366698500633, 3178.9891812835936, 3176.0723075599667, 3618.473963160038, 3536.3359256639483, 3636.335953968048, 3929.0745971480364, 4094.9986023337124, 3924.7016261940003, 4204.98848619175, 4503.872991444254, 4778.21664645524, 4878.216645343757, 4947.917193729711, 4738.6722, 5122.992509546113, 5206.882357316589, 5848.923500000001, 5731.677607359505, 5729.630091951037, 6141.21132278142, 5959.665565457534, 5630.140214612031, 6076.330162998414]
shares:[0, 42.9185, 84.5852, 127.3202, 170.2387, 212.9737, 255.7087, 299.187, 344.6415, 389.0859, 432.754, 475.3072, 516.9739, 556.9739, 596.4996, 634.8138, 673.4238, 712.0338, 751.0963, 789.1191, 826.2938, 867.1101, 904.9889, 940.4499, 973.0232, 1006.1358, 1040.2655, 1072.2144, 1107.5501, 1143.5213, 1180.696, 1214.253, 1249.5887, 1284.9244, 1318.4814, 1351.4847, 1386.8204, 1420.6042, 1452.8623, 1483.9182, 1514.9741, 1546.2241, 1579.5574, 1611.0039, 1642.5496, 1671.121, 1700.7946, 1731.0061, 1759.6594, 1789.6894, 1822.0519, 1852.5397]
growth_rate:19.14
