ticker:MNKD
price:[1.6399999856948853, 1.6200000047683716, 2.0799999237060547, 1.850000023841858, 1.809999942779541, 1.8899999856948853, 2.0, 2.049999952316284, 2.009999990463257, 2.2799999713897705, 2.680000066757202, 2.9000000953674316, 3.0799999237060547, 2.950000047683716, 2.9800000190734863, 3.9600000381469727, 3.4200000762939453, 3.130000114440918, 3.4000000953674316, 3.140000104904175, 3.5399999618530273, 3.5199999809265137, 4.699999809265137, 5.409999847412109, 6.139999866485596, 5.710000038146973, 3.6700000762939453, 3.950000047683716, 3.7200000286102295, 3.5899999141693115, 4.159999847412109, 4.239999771118164, 4.179999828338623, 4.679999828338623, 4.570000171661377, 4.289999961853027, 4.309999942779541, 4.239999771118164, 4.420000076293945, 3.609999895095825, 4.050000190734863, 4.260000228881836, 4.739999771118164, 5.400000095367432, 4.829999923706055, 4.420000076293945, 4.369999885559082, 4.099999904632568, 4.039999961853027, 4.019999980926514, 4.21999979019165, 4.909999847412109]
assets:[0, 100.00000829434394, 228.39501562252045, 303.13989390671253, 396.58546746253967, 514.1142051087498, 644.0362, 760.137112318945, 845.3050939893246, 1058.8534187131404, 1344.6171374936105, 1554.996291136551, 1751.5131046136855, 1777.5856587328435, 1895.6626441331864, 2619.0683892296793, 2361.922846690178, 2261.6429306915284, 2556.7368317145347, 2461.221572226882, 2874.752903021717, 2958.5114079689984, 4050.28499563179, 4762.136676684952, 5504.716798299837, 5219.207262868118, 3454.551987815094, 3818.114681091619, 3695.7939884240627, 3666.6399503369807, 4348.808512486648, 4532.439339331818, 4568.300912392139, 5214.748308724165, 5192.179646032095, 4974.058902770329, 5097.248154327869, 5114.461987913322, 5431.5856037549975, 4536.204211180949, 5189.093929380513, 5558.158192629433, 6284.428682541847, 7259.4760882069595, 6593.197674854851, 6133.526699871254, 6164.142668574333, 5883.291583152581, 5897.1948123167995, 5968.000717683934, 6364.915963551521, 7505.625112747955]
shares:[0, 61.7284, 109.8053, 163.8594, 219.108, 272.0181, 322.0181, 370.7986, 420.5498, 464.4094, 501.7228, 536.2056, 568.6731, 602.5714, 636.1284, 661.3809, 690.6207, 722.5696, 751.9814, 783.8285, 812.0771, 840.4862, 861.7628, 880.2471, 896.5337, 914.0468, 941.2948, 966.6113, 993.493, 1021.3482, 1045.3867, 1068.9716, 1092.895, 1114.2625, 1136.1443, 1159.4543, 1182.6562, 1206.2411, 1228.8655, 1256.5663, 1281.2577, 1304.7319, 1325.8289, 1344.3474, 1365.0513, 1387.6757, 1410.559, 1434.9492, 1459.7017, 1484.5773, 1508.274, 1528.6406]
growth_rate:47.17
