ticker:MNMD
price:[3.5899999141693115, 3.009999990463257, 3.049999952316284, 3.109999895095825, 3.0899999141693115, 3.630000114440918, 2.950000047683716, 3.3529999256134033, 3.9100000858306885, 3.2799999713897705, 3.2300000190734863, 3.430000066757202, 3.4000000953674316, 3.190000057220459, 3.9200000762939453, 3.740000009536743, 3.7200000286102295, 3.4100000858306885, 3.5199999809265137, 3.1700000762939453, 3.069999933242798, 3.059999942779541, 3.0799999237060547, 3.059999942779541, 2.5899999141693115, 2.75, 2.7899999618530273]
assets:[0, 100.0000256831646, 201.32897185242177, 305.28940770220754, 403.32625579683776, 573.8104530901909, 566.3197691539765, 743.6846539012909, 967.2253232321262, 911.3807920503617, 997.4879598902702, 1159.2518715622189, 1249.1127750366688, 1271.9618018157482, 1663.0376883672714, 1686.6738063009025, 1777.6540936717986, 1729.516238532424, 1885.3070617842675, 1797.8474742696762, 1841.1329919645307, 1935.135701813936, 2047.7835332748411, 2134.4861300861835, 1906.6400918153524, 2124.424775, 2255.325485163498]
shares:[0, 33.2226, 66.0095, 98.1638, 130.5263, 158.0745, 191.9728, 221.7968, 247.3722, 277.86, 308.8198, 337.9743, 367.3861, 398.7341, 424.2443, 450.9823, 477.864, 507.1895, 535.5986, 567.1443, 599.7176, 632.3973, 664.8648, 697.5445, 736.1545, 772.5181, 808.3604]
growth_rate:-13.26
