ticker:MNOV
price:[5.050000190734863, 5.559999942779541, 5.71999979019165, 4.909999847412109, 5.329999923706055, 5.460000038146973, 5.369999885559082, 5.440000057220459, 5.590000152587891, 5.940000057220459, 6.039999961853027, 5.889999866485596, 5.96999979019165, 6.090000152587891, 6.090000152587891, 5.940000057220459, 5.630000114440918, 5.260000228881836, 5.639999866485596, 5.670000076293945, 5.960000038146973, 5.769999980926514, 6.570000171661377, 6.210000038146973, 5.849999904632568, 5.579999923706055, 5.429999828338623, 6.03000020980835, 5.809999942779541, 4.980000019073486, 5.139999866485596, 4.739999771118164, 4.489999771118164, 4.429999828338623, 4.389999866485596, 4.099999904632568, 4.159999847412109, 4.119999885559082, 4.21999979019165, 4.070000171661377, 4.28000020980835, 3.759999990463257, 4.119999885559082, 4.110000133514404, 3.8499999046325684, 3.7899999618530273, 3.7300000190734863, 3.630000114440918, 3.680000066757202, 3.509999990463257, 3.619999885559082, 3.809999942779541]
assets:[0, 99.99993497085572, 202.87752455849648, 274.1483684803009, 397.59880630874636, 507.29624754428863, 598.9343452360154, 706.7419594338417, 826.2294135532379, 977.9610154207708, 1094.4250410879135, 1167.245422540903, 1283.0992199070454, 1408.8904763004302, 1508.8907148059845, 1571.7257971405506, 1589.699781313801, 1585.2257309789657, 1799.7476453949928, 1909.3209286912918, 2106.975637485695, 2139.80680092659, 2536.487193273497, 2497.501797341728, 2452.7189300154687, 2439.5162606451036, 2473.9377867901326, 2847.3009750692368, 2843.4192009962558, 2537.216385717583, 2718.7335393793583, 2607.1586641073227, 2569.650217009735, 2635.3120958823206, 2711.5167815338136, 2632.3959187695505, 2770.9189063632966, 2844.2752929947856, 3013.311106185341, 3006.2030627933505, 3261.3143638717174, 2965.0795924794675, 3348.9699229759217, 3440.8415587766167, 3323.1724626824857, 3371.382717066479, 3418.010135478115, 3426.374532021332, 3573.569680826497, 3508.4861274673704, 3718.43854244709, 4013.6051967216963]
shares:[0, 17.9856, 35.4681, 55.8347, 74.5964, 92.9114, 111.5334, 129.9158, 147.8049, 164.6399, 181.1962, 198.1741, 214.9245, 231.3449, 247.7653, 264.6003, 282.3623, 301.3737, 319.1042, 336.7409, 353.5194, 370.8504, 386.0711, 402.1742, 419.2682, 437.1893, 455.6055, 472.1892, 489.4009, 509.4812, 528.9365, 550.0335, 572.3052, 594.8786, 617.6576, 642.0478, 666.0863, 690.3581, 714.0548, 738.6248, 761.9893, 788.585, 812.8568, 837.1877, 863.1617, 889.5469, 916.3566, 943.9048, 971.0787, 999.5687, 1027.193, 1053.4397]
growth_rate:-21.3
