ticker:MNPR
price:[5.239999771118164, 5.46999979019165, 5.239999771118164, 5.184000015258789, 5.0, 5.25, 4.960000038146973, 4.800000190734863, 4.440000057220459, 4.389999866485596, 4.760000228881836, 5.099999904632568, 4.980000019073486, 4.840000152587891, 5.980000019073486, 5.71999979019165, 7.489999771118164, 6.119999885559082, 6.269999980926514, 6.559999942779541, 6.997000217437744, 8.449999809265137, 7.900000095367432, 10.180000305175781, 8.5, 7.300000190734863, 6.230000019073486, 7.599999904632568, 7.050000190734863, 6.375, 6.21999979019165, 5.610000133514404, 5.309999942779541, 5.860000133514404, 6.010000228881836, 5.28000020980835, 5.110000133514404, 5.699999809265137, 5.710000038146973, 5.900000095367432, 6.300000190734863, 5.809999942779541, 6.360000133514404, 5.710000038146973, 5.71999979019165, 5.099999904632568, 5.550000190734863, 5.309999942779541, 5.130000114440918, 4.760000228881836, 4.690000057220459, 4.96999979019165]
assets:[0, 99.99980116438866, 195.79521144771576, 293.70263126449584, 383.278, 502.4418, 574.6879244198799, 656.1494660730363, 706.9381411106586, 798.9769027004719, 966.3166984647751, 1135.3390287697316, 1208.625088629055, 1274.6479201850893, 1674.8748173420906, 1702.0540055690287, 2328.7382988376617, 2002.7877105488778, 2151.8759064539436, 2351.404427489567, 2608.045068247223, 3249.6324816487313, 3138.1178278828143, 4143.802718222809, 3559.953, 3157.3712624959944, 2794.5786485557555, 3509.116795966387, 3355.167705772686, 3133.9283250000003, 3157.7309294857982, 2948.050021161699, 2890.400233853102, 3289.7823929544925, 3473.991684301758, 3152.026013250256, 3150.540433317518, 3614.301479057312, 3720.6423058566093, 3944.446833757925, 4311.866920543384, 4076.499309852123, 4562.398883777666, 4196.115722033119, 4303.46415014987, 3937.0045963799953, 4384.38748567667, 4294.792204719401, 4249.206283792018, 4042.733406392479, 4083.2814828181745, 4427.05912111187]
shares:[0, 18.2815, 37.3655, 56.6556, 76.6556, 95.7032, 115.8645, 136.6978, 159.2203, 181.9993, 203.0077, 222.6155, 242.6958, 263.357, 280.0794, 297.5619, 310.913, 327.2529, 343.2019, 358.4458, 372.7376, 384.5719, 397.2301, 407.0533, 418.818, 432.5166, 448.568, 461.7259, 475.9103, 491.5966, 507.6738, 525.4991, 544.3315, 561.3963, 578.0352, 596.9746, 616.5441, 634.088, 651.6011, 668.5503, 684.4233, 701.635, 717.3583, 734.8714, 752.3539, 771.9617, 789.9797, 808.8121, 828.3053, 849.3137, 870.6357, 890.7564]
growth_rate:-13.19
