ticker:MNRO
price:[46.970001220703125, 43.47999954223633, 41.18000030517578, 40.81999969482422, 42.33000183105469, 44.2400016784668, 42.11000061035156, 45.560001373291016, 42.060001373291016, 40.88999938964844, 44.36000061035156, 43.56999969482422, 47.630001068115234, 48.34000015258789, 48.0, 49.709999084472656, 53.130001068115234, 53.29999923706055, 55.900001525878906, 59.869998931884766, 56.970001220703125, 58.470001220703125, 62.41999816894531, 62.81999969482422, 63.59000015258789, 61.9900016784668, 68.26000213623047, 71.1500015258789, 67.33000183105469, 66.23999786376953, 64.87000274658203, 69.33999633789062, 70.08999633789062, 68.93000030517578, 70.58999633789062, 70.8499984741211, 68.58000183105469, 63.869998931884766, 62.34000015258789, 62.0099983215332, 63.779998779296875, 61.130001068115234, 64.3499984741211, 64.55999755859375, 63.310001373291016, 61.470001220703125, 63.099998474121094, 58.0, 59.279998779296875, 56.7400016784668, 55.58000183105469, 55.7599983215332]
assets:[0, 99.99965094718934, 194.71139544296264, 293.0100398094177, 403.8493824691772, 522.0718358074189, 596.9345246520995, 745.8400024814606, 788.5451117465973, 866.6103800643921, 1040.1532943115235, 1121.6312161437988, 1326.1478307392122, 1445.9170805641174, 1535.7456000000002, 1690.458112866211, 1906.7613563331602, 2012.8638111877442, 2211.0518903541565, 2468.0808359680173, 2448.530773464966, 2613.000966552734, 2889.5278292373655, 3008.0414553871155, 3144.913406546402, 3165.7859927181244, 3585.9914302253724, 3837.816852305603, 3731.765351486206, 3771.3544063743593, 3793.35125460968, 4154.741636572266, 4299.677834347534, 4328.514513163757, 4532.753080847168, 4649.446129866028, 4600.48368283081, 4384.528525676345, 4379.497222719574, 4456.311323377991, 4683.512004360961, 4588.919146181488, 4930.638453083801, 5046.726025152588, 5049.010595520783, 5002.268877337646, 5234.914693409729, 4911.8054, 5120.203190563965, 5000.814091932678, 4998.576348675537, 5114.764278037262]
shares:[0, 2.2999, 4.7283, 7.1781, 9.5405, 11.8009, 14.1756, 16.3705, 18.7481, 21.1937, 23.448, 25.7432, 27.8427, 29.9114, 31.9947, 34.0064, 35.8886, 37.7648, 39.5537, 41.224, 42.9793, 44.6896, 46.2917, 47.8835, 49.4561, 51.0693, 52.5343, 53.9398, 55.425, 56.9347, 58.4762, 59.9184, 61.3451, 62.7958, 64.2124, 65.6238, 67.082, 68.6477, 70.2518, 71.8644, 73.4323, 75.0682, 76.6222, 78.1711, 79.7506, 81.3774, 82.9622, 84.6863, 86.3732, 88.1356, 89.9348, 91.7282]
growth_rate:0.29
