ticker:MNSBP
price:[25.09000015258789, 25.051000595092773, 25.239999771118164, 25.100000381469727, 25.200000762939453, 25.219999313354492, 25.170000076293945, 25.149999618530273, 25.520000457763672, 25.65999984741211, 25.829999923706055, 26.215999603271484, 25.75, 26.299999237060547, 26.315000534057617, 26.469999313354492, 25.75, 25.761999130249023, 25.75, 26.014999389648438, 26.25, 26.299999237060547, 26.399999618530273, 26.448999404907227, 26.5, 26.31999969482422, 26.280000686645508, 26.139999389648438, 26.270000457763672, 26.395000457763672, 26.549999237060547, 26.69499969482422, 26.549999237060547, 26.799999237060547, 27.420000076293945, 27.350000381469727, 26.989999771118164, 26.979999542236328, 26.829999923706055, 26.760000228881836, 26.950000762939453, 26.450000762939453, 26.600000381469727, 26.540000915527344, 26.920000076293945, 26.75, 26.969999313354492, 27.049999237060547, 26.979000091552734, 27.100000381469727, 29.809999465942383]
assets:[0, 100.00108927555084, 200.75643417949675, 299.6438045539856, 400.8387721355438, 501.15669435539246, 600.1635498191833, 699.6855643873215, 809.9792945289612, 914.4223205623626, 1020.4813049858093, 1135.7321564128874, 1215.5441999999998, 1341.5077310840607, 1442.27254927063, 1550.768732772255, 1608.58705, 1709.336980491066, 1808.54095, 1927.152132286072, 2044.5600000000002, 2148.454827675247, 2256.6244473926545, 2360.8138827825546, 2465.36655, 2548.6208424491883, 2644.74831310215, 2730.6601422409058, 2844.2398145618436, 2957.773600796127, 3075.143041632843, 3191.9371305099485, 3274.5999109012605, 3405.4330230545042, 3584.2162779727933, 3675.0660462587357, 3726.692800396728, 3825.310671096802, 3904.044020898438, 3993.857782159996, 4122.215521697616, 4145.736089582061, 4269.246861225128, 4359.617136389923, 4522.037764815903, 4593.480575, 4731.257978544045, 4845.293243339539, 4932.575982538605, 5054.697491151809, 5660.167686595916]
shares:[0, 3.9919, 7.9539, 11.938, 15.9063, 19.8714, 23.8444, 27.8205, 31.739, 35.6361, 39.5076, 43.3221, 47.2056, 51.0079, 54.808, 58.5859, 62.4694, 66.3511, 70.2346, 74.0785, 77.888, 81.6903, 85.4782, 89.2591, 93.0327, 96.8321, 100.6373, 104.4629, 108.2695, 112.0581, 115.8246, 119.5706, 123.3371, 127.0684, 130.7154, 134.3717, 138.0768, 141.7832, 145.5104, 149.2473, 152.9579, 156.7386, 160.498, 164.2659, 167.9806, 171.7189, 175.4267, 179.1236, 182.8302, 186.5202, 189.8748]
growth_rate:13.2
