ticker:MNSB
price:[12.989999771118164, 12.899999618530273, 13.399999618530273, 12.510000228881836, 12.65999984741211, 13.84000015258789, 13.699999809265137, 15.399999618530273, 14.90999984741211, 14.9399995803833, 15.979999542236328, 16.170000076293945, 16.260000228881836, 16.43000030517578, 16.469999313354492, 17.280000686645508, 16.770000457763672, 16.90999984741211, 17.06999969482422, 17.829999923706055, 18.299999237060547, 17.079999923706055, 18.0, 19.260000228881836, 17.639999389648438, 18.600000381469727, 20.850000381469727, 21.31999969482422, 20.920000076293945, 20.739999771118164, 21.0, 20.75, 21.549999237060547, 20.90999984741211, 21.200000762939453, 20.8700008392334, 21.010000228881836, 21.459999084472656, 21.40999984741211, 22.75, 22.520000457763672, 21.65999984741211, 22.5, 22.790000915527344, 22.90999984741211, 24.31999969482422, 24.170000076293945, 24.100000381469727, 24.0, 23.489999771118164, 24.389999389648438, 23.469999313354492]
assets:[0, 99.99950704288483, 203.87563419609072, 290.3345873119354, 393.8158812534332, 530.5218058490753, 625.1556512964248, 802.7296001157761, 877.1880930229187, 978.952436504364, 1147.0986991401674, 1260.7377149484632, 1367.7554472530364, 1482.0550335281373, 1585.6623598926544, 1763.645254080963, 1811.592715450287, 1926.716927614212, 2044.9467024406433, 2235.992536432266, 2394.93371015358, 2335.2715295686726, 2561.0598, 2840.3338657539366, 2701.4265505294798, 2948.442300469971, 3405.1094722995763, 3581.8665487289427, 3614.664305182457, 3683.562917349052, 3829.7405999999996, 3884.1489250000004, 4133.899718646622, 4111.129706999588, 4268.147393600845, 4301.709963982201, 4430.56573726635, 4625.460304668427, 4714.6832203987115, 5109.76375, 5158.104764848709, 5061.125382345962, 5357.40075, 5526.452156010437, 5655.55110733223, 6103.621939409638, 6165.977298463249, 6248.120308899117, 6322.1952, 6287.847769732475, 6628.760375117493, 6478.721979456521]
shares:[0, 7.7519, 15.2146, 23.2082, 31.1071, 38.3325, 45.6318, 52.1253, 58.8322, 65.5256, 71.7834, 77.9677, 84.1178, 90.2042, 96.2758, 102.0628, 108.0258, 113.9395, 119.7977, 125.4062, 130.8707, 136.7255, 142.2811, 147.4732, 153.1421, 158.5184, 163.3146, 168.005, 172.7851, 177.6067, 182.3686, 187.1879, 191.8283, 196.6107, 201.3277, 206.1193, 210.8789, 215.5387, 220.2094, 224.605, 229.0455, 233.6623, 238.1067, 242.4946, 246.8595, 250.9713, 255.1087, 259.2581, 263.4248, 267.6819, 271.7819, 276.0427]
growth_rate:27.03
