ticker:MNST
price:[82.2699966430664, 81.33999633789062, 78.98999786376953, 78.79000091552734, 79.55000305175781, 80.94999694824219, 80.76000213623047, 80.38999938964844, 76.56999969482422, 83.26000213623047, 84.0199966430664, 83.5199966430664, 84.1500015258789, 87.44000244140625, 88.0199966430664, 90.12999725341797, 89.80999755859375, 92.4800033569336, 94.98999786376953, 91.6500015258789, 88.19999694824219, 86.83000183105469, 91.0999984741211, 91.7300033569336, 89.6500015258789, 87.73999786376953, 86.41999816894531, 88.94000244140625, 87.91999816894531, 91.6500015258789, 91.36000061035156, 95.29000091552734, 98.16999816894531, 98.68000030517578, 97.05000305175781, 91.25, 92.13999938964844, 92.01000213623047, 94.2699966430664, 95.37000274658203, 93.5, 91.76000213623047, 92.12000274658203, 90.86000061035156, 90.23999786376953, 93.06999969482422, 96.29000091552734, 94.31999969482422, 96.97000122070312, 98.12000274658203, 96.73999786376953, 97.33000183105469]
assets:[0, 99.99939149780273, 197.1116406692505, 296.61283744659426, 399.4762503250122, 506.5041309051513, 605.3123680114746, 702.5362436660768, 769.1533039344787, 936.3586360244751, 1044.906286251831, 1138.6865782325744, 1247.2797376167298, 1396.0408469787599, 1505.3003785903932, 1641.3844189811707, 1735.5602408203124, 1887.1561965019225, 2038.3713661590575, 2066.698369408417, 2088.9022677230837, 2156.4578274749756, 2362.5053704292295, 2478.8473997154233, 2522.634497936249, 2568.88675345459, 2630.2358542709353, 2806.937583050537, 2874.7465561294553, 3096.706911557007, 3186.910901290894, 3423.998428897095, 3627.4796023406984, 3746.3270035858154, 3784.4454590026853, 3658.276375, 3793.9566148681643, 3888.600318283081, 4084.115626565552, 4231.767298871613, 4248.7896, 4269.721363401794, 4386.468958783722, 4426.472079734803, 4496.271061560821, 4737.281598466491, 5001.1774705513, 4998.856231826019, 5239.298862954712, 5401.437467197418, 5425.469300193787, 5558.555336572265]
shares:[0, 1.2294, 2.4954, 3.7646, 5.0217, 6.257, 7.4952, 8.7391, 10.0451, 11.2462, 12.4364, 13.6337, 14.8221, 15.9657, 17.1018, 18.2113, 19.3248, 20.4061, 21.4588, 22.5499, 23.6837, 24.8354, 25.9331, 27.0233, 28.1387, 29.2784, 30.4355, 31.5599, 32.6973, 33.7884, 34.883, 35.9324, 36.951, 37.9644, 38.9948, 40.0907, 41.176, 42.2628, 43.3236, 44.3721, 45.4416, 46.5314, 47.6169, 48.7175, 49.8257, 50.9002, 51.9387, 52.9989, 54.0301, 55.0493, 56.083, 57.1104]
growth_rate:8.99
