ticker:MNTK
price:[11.729999542236328, 10.029999732971191, 11.170000076293945, 12.960000038146973, 13.649999618530273, 12.800000190734863, 10.710000038146973, 11.75, 11.319999694824219, 11.829999923706055, 12.119999885559082, 10.460000038146973, 10.3100004196167, 10.119999885559082, 9.1899995803833, 9.510000228881836, 9.430000305175781, 9.65999984741211, 9.699999809265137, 9.899999618530273, 9.720000267028809, 8.600000381469727, 8.470000267028809, 7.340000152587891, 7.239999771118164, 6.769999980926514, 6.610000133514404, 7.630000114440918, 9.40999984741211, 8.0, 8.289999961853027, 8.4399995803833]
assets:[0, 100.00010033769608, 211.36656044368743, 345.23755301618576, 463.6181420434952, 534.7481679683685, 547.4341549498558, 700.592575, 774.9535951080322, 909.8677711320878, 1032.1719142539025, 990.8015376133918, 1076.592925817299, 1156.7524189189912, 1150.4500974702835, 1290.508933059311, 1379.653365648651, 1513.3036980960846, 1619.570168153763, 1752.9632324543, 1821.091622029209, 1711.2538759059905, 1785.3862742868423, 1647.1943902427672, 1724.7532894744872, 1712.786977174473, 1772.3076077985763, 2145.7956141843797, 2746.3874994659427, 2434.8672, 2623.130906929493, 2770.593598252678]
shares:[0, 9.9701, 18.9227, 26.6387, 33.9647, 41.7772, 51.1143, 59.6249, 68.4588, 76.9119, 85.1627, 94.7229, 104.4222, 114.3036, 125.185, 135.7002, 146.3047, 156.6567, 166.966, 177.067, 187.3551, 198.983, 210.7894, 224.4134, 238.2256, 252.9966, 268.1252, 281.2314, 291.8584, 304.3584, 316.4211, 328.2694]
growth_rate:-10.63
