ticker:MNTS
price:[9.930000305175781, 9.930000305175781, 10.039999961853027, 10.010000228881836, 10.279999732971191, 10.390000343322754, 10.609999656677246, 10.399999618530273, 10.100000381469727, 10.149999618530273, 10.34000015258789, 10.770000457763672, 13.199999809265137, 15.75, 16.5, 14.710000038146973, 19.079999923706055, 17.959999084472656, 16.280000686645508, 20.030000686645508, 24.850000381469727, 20.899999618530273, 25.549999237060547, 24.969999313354492, 23.209999084472656, 16.520000457763672, 13.59000015258789, 15.59000015258789, 15.079999923706055, 13.970000267028809, 13.130000114440918, 11.949999809265137, 11.1899995803833, 12.270000457763672, 12.880000114440918, 10.739999771118164, 10.869999885559082, 12.029999732971191, 10.5, 11.270000457763672, 12.869999885559082, 11.569999694824219, 13.010000228881836, 14.069999694824219, 12.40999984741211, 10.489999771118164, 10.1899995803833, 10.0, 9.510000228881836, 10.680000305175781, 8.520000457763672, 9.550000190734863]
assets:[0, 100.0000680732727, 201.10822723588942, 300.50721387119296, 408.6125133860588, 512.98444795084, 623.8467598133087, 711.499333902359, 790.9754698745728, 894.8909563671112, 1011.6428669288636, 1153.7136820369722, 1514.0228181229593, 1906.504425, 2097.29025, 1969.7660911081314, 2654.938105383873, 2599.092043508911, 2455.969971586037, 3121.687625014114, 3972.886355987358, 3441.3813971874238, 4307.047686388779, 4309.275038500023, 4105.537824055481, 3022.1672317432403, 2586.1539260372165, 3066.751023015976, 3066.4275044860838, 2940.7157902101517, 2863.8933039616586, 2706.5136318011287, 2634.384390212536, 2988.6420484989167, 3237.2218767632485, 2799.360534342384, 2933.244468118381, 3346.2683347231864, 3020.68305, 3342.199779753113, 3916.6910291725158, 3621.0651184890744, 4171.742439392472, 4611.637972974396, 4167.549727757645, 3622.7717729545593, 3619.16482796545, 3651.683, 3572.750170987129, 4112.299941506958, 3380.5990096332553, 3889.286282677746]
shares:[0, 10.0705, 20.0307, 30.0207, 39.7483, 49.3729, 58.798, 68.4134, 78.3144, 88.1666, 97.8378, 107.1229, 114.6987, 121.0479, 127.1085, 133.9066, 139.1477, 144.7156, 150.8581, 155.8506, 159.8747, 164.6594, 168.5733, 172.5781, 176.8866, 182.9399, 190.2983, 196.7127, 203.344, 210.5022, 218.1183, 226.4865, 235.4231, 243.5731, 251.3371, 260.6481, 269.8477, 278.1603, 287.6841, 296.5572, 304.3272, 312.9702, 320.6566, 327.7639, 335.8219, 345.3548, 355.1683, 365.1683, 375.6835, 385.0468, 396.7839, 407.2551]
growth_rate:-23.74
