ticker:MNTX
price:[4.5, 4.519999980926514, 4.429999828338623, 4.269999980926514, 4.739999771118164, 4.809999942779541, 4.599999904632568, 4.730000019073486, 4.110000133514404, 4.380000114440918, 4.659999847412109, 4.360000133514404, 4.480000019073486, 4.820000171661377, 4.369999885559082, 4.659999847412109, 5.0, 5.159999847412109, 5.590000152587891, 5.139999866485596, 6.199999809265137, 5.860000133514404, 6.25, 7.329999923706055, 7.960000038146973, 7.519999980926514, 7.429999828338623, 8.289999961853027, 8.359999656677246, 7.769999980926514, 8.350000381469727, 8.640000343322754, 8.5, 8.15999984741211, 7.25, 7.480000019073486, 7.329999923706055, 7.650000095367432, 7.230000019073486, 7.400000095367432, 7.699999809265137, 7.300000190734863, 7.420000076293945, 7.769999980926514, 7.639999866485596, 7.570000171661377, 7.75, 8.0, 7.489999771118164, 6.960000038146973, 6.889999866485596, 7.570000171661377]
assets:[0, 100.0000275780201, 198.00903132719992, 290.85745370078087, 422.87196958065033, 529.1168287055492, 606.0159474360466, 723.1422689160347, 728.3540846607685, 876.2019408934593, 1032.2146642009736, 1065.7632286364078, 1195.0960050880908, 1385.7953573542595, 1356.4160634783746, 1546.4298033634186, 1759.2595000000001, 1915.5555153545379, 2175.185331375122, 2100.0810994492053, 2633.171538993931, 2588.771672982645, 2861.061875, 3455.453589034081, 3852.4434064621923, 3739.494454515266, 3794.740158327007, 4333.969701056957, 4470.564992405892, 4255.058671554852, 4672.681923471451, 4934.9668840979575, 4955.0019, 4856.801717180252, 4415.1731500000005, 4655.240843870544, 4661.887281476975, 4965.407746900415, 4792.797378643893, 5005.491044508219, 5308.416058506489, 5132.654224106312, 5317.026622670746, 5667.8295940868375, 5673.000916860295, 5721.023087732983, 5957.05765, 6249.2208, 5950.832531152534, 5629.7456708559985, 5673.124607066203, 6333.026564611101]
shares:[0, 22.1239, 44.6973, 68.1165, 89.2135, 110.0035, 131.7426, 152.8842, 177.2151, 200.0461, 221.5053, 244.4411, 266.7625, 287.5094, 310.3927, 331.8519, 351.8519, 371.2317, 389.1208, 408.5761, 424.7051, 441.7699, 457.7699, 471.4125, 483.9753, 497.2732, 510.7322, 522.7949, 534.7566, 547.6266, 559.6026, 571.1767, 582.9414, 595.1963, 608.9894, 622.3584, 636.001, 649.0729, 662.9042, 676.4177, 689.4047, 703.1033, 716.5804, 729.4504, 742.5394, 755.7494, 768.6526, 781.1526, 794.5037, 808.8715, 823.3853, 836.5953]
growth_rate:24.18
