ticker:MODV
price:[87.6500015258789, 87.37999725341797, 89.04000091552734, 86.20999908447266, 94.95999908447266, 96.5, 105.2300033569336, 119.54000091552734, 117.55000305175781, 132.75, 129.6199951171875, 130.83999633789062, 136.82000732421875, 138.19000244140625, 142.97000122070312, 139.58999633789062, 137.47000122070312, 138.6300048828125, 156.9499969482422, 162.32000732421875, 169.38999938964844, 158.57000732421875, 172.19000244140625, 178.52999877929688, 166.5399932861328, 128.25999450683594, 124.93000030517578, 149.02000427246094, 155.52999877929688, 153.13999938964844, 149.5800018310547, 141.0, 142.22999572753906, 142.83999633789062, 140.0800018310547, 150.77999877929688, 144.22999572753906, 151.72000122070312, 147.22999572753906, 145.3699951171875, 161.33999633789062, 163.69000244140625, 174.57000732421875, 172.97999572753906, 170.55999755859375, 165.39999389648438, 164.27999877929688, 170.0, 177.83999633789062, 180.9499969482422, 187.5, 195.55999755859375]
assets:[0, 99.99766885681153, 201.89820207595827, 295.4847718620301, 425.4777718978882, 532.38085, 680.5434777099609, 873.084304686737, 958.549744885254, 1182.497175, 1254.6178567382813, 1366.4275017547607, 1528.88148984375, 1644.1846490478515, 1801.0502933776856, 1858.4732932434083, 1930.2437811401367, 2046.5254470825193, 2416.9671730041505, 2599.66854130249, 2812.907268864441, 2733.2236452453612, 3067.995368499756, 3280.9529055664066, 3160.6126465835573, 2534.135319467163, 2568.3359322738647, 3163.5903767013547, 3401.798792300415, 3449.5244282516483, 3469.328646469116, 3370.323, 3499.725497871399, 3614.7375153259277, 3644.895655644226, 4023.307941427612, 3948.526901034546, 4253.576438223266, 4227.694604316712, 4274.28489243164, 4843.846174053955, 5014.397689788819, 5447.684019561767, 5498.065376202393, 5521.146512969971, 5454.114418734741, 5517.179479003907, 5809.273999999999, 6177.183352798462, 6385.200637312318, 6716.325, 7105.0467192993165]
shares:[0, 1.1444, 2.2675, 3.4275, 4.4806, 5.5169, 6.4672, 7.3037, 8.1544, 8.9077, 9.6792, 10.4435, 11.1744, 11.898, 12.5974, 13.3138, 14.0412, 14.7625, 15.3996, 16.0157, 16.6061, 17.2367, 17.8175, 18.3776, 18.9781, 19.7578, 20.5582, 21.2293, 21.8723, 22.5253, 23.1938, 23.903, 24.6061, 25.3062, 26.0201, 26.6833, 27.3766, 28.0357, 28.7149, 29.4028, 30.0226, 30.6335, 31.2063, 31.7844, 32.3707, 32.9753, 33.584, 34.1722, 34.7345, 35.2871, 35.8204, 36.3318]
growth_rate:39.31
