ticker:MOFG
price:[19.770000457763672, 18.780000686645508, 18.290000915527344, 17.420000076293945, 18.549999237060547, 20.610000610351562, 20.600000381469727, 22.299999237060547, 20.149999618530273, 20.09000015258789, 23.350000381469727, 24.420000076293945, 24.549999237060547, 25.079999923706055, 25.200000762939453, 24.93000030517578, 24.260000228881836, 24.5, 25.780000686645508, 26.989999771118164, 26.889999389648438, 24.59000015258789, 27.450000762939453, 27.639999389648438, 27.84000015258789, 27.440000534057617, 30.649999618530273, 32.93000030517578, 31.850000381469727, 30.889999389648438, 31.020000457763672, 30.780000686645508, 30.610000610351562, 30.530000686645508, 31.559999465942383, 31.40999984741211, 31.520000457763672, 32.13999938964844, 31.540000915527344, 31.420000076293945, 30.329999923706055, 28.520000457763672, 29.93000030517578, 28.670000076293945, 28.700000762939453, 28.690000534057617, 28.3700008392334, 29.1299991607666, 30.25, 30.260000228881836, 29.559999465942383, 29.989999771118164]
assets:[0, 99.99974765625, 197.39117688064573, 288.00137726135256, 406.6827632736206, 551.8451323425293, 651.5780120658874, 805.3488624469757, 827.7035493303299, 925.2389300273894, 1175.3783092021943, 1329.2392121528626, 1436.3148903636932, 1567.32192723217, 1674.8222907058716, 1756.8769535064696, 1809.660161073303, 1927.5620000000001, 2128.26795668602, 2328.1600792566296, 2419.5352550811767, 2312.583777350235, 2681.5548895305633, 2800.1143621673586, 2920.3770400062563, 2978.4172339681627, 3426.8385323495863, 3781.7536810470583, 3757.723560006523, 3744.461014013672, 3860.2188149654385, 3930.353691679001, 4008.645886930847, 4098.17021817131, 4336.432294618989, 4415.821943548202, 4531.286897807693, 4720.41778035736, 4732.29643136673, 4814.291807690049, 4747.278885058403, 4563.975817254638, 4889.613268856048, 4783.770133730126, 4888.775349959564, 4987.070901833153, 5031.4480188388825, 5266.234855280113, 5568.713425, 5670.554586891174, 5639.37688611393, 5821.409838571358]
shares:[0, 5.3248, 10.7923, 16.5328, 21.9236, 26.7756, 31.63, 36.1143, 41.0771, 46.0547, 50.3374, 54.4324, 58.5057, 62.4929, 66.4612, 70.4724, 74.5944, 78.676, 82.555, 86.2601, 89.979, 94.0457, 97.6887, 101.3066, 104.8986, 108.5429, 111.8055, 114.8422, 117.9819, 121.2192, 124.4429, 127.6918, 130.9587, 134.2342, 137.4028, 140.5865, 143.7591, 146.8705, 150.0411, 153.2238, 156.5209, 160.0272, 163.3683, 166.8563, 170.3406, 173.8261, 177.351, 180.7839, 184.0897, 187.3944, 190.7773, 194.1117]
growth_rate:14.15
