ticker:MOGO
price:[1.5099999904632568, 1.7799999713897705, 1.6299999952316284, 1.4500000476837158, 1.4900000095367432, 1.4600000381469727, 1.3899999856948853, 1.4500000476837158, 1.2300000190734863, 1.8899999856948853, 1.7999999523162842, 2.049999952316284, 2.2699999809265137, 3.299999952316284, 2.9800000190734863, 3.3399999141693115, 3.640000104904175, 3.7699999809265137, 4.960000038146973, 5.059999942779541, 4.559999942779541, 4.190000057220459, 5.650000095367432, 9.239999771118164, 10.770000457763672, 7.869999885559082, 7.079999923706055, 9.279999732971191, 11.470000267028809, 8.479999542236328, 9.850000381469727, 10.579999923706055, 7.960000038146973, 7.630000114440918, 9.289999961853027, 8.130000114440918, 7.420000076293945, 7.610000133514404, 8.0600004196167, 7.539999961853027, 7.150000095367432, 7.059999942779541, 7.079999923706055, 7.349999904632568, 6.71999979019165, 5.760000228881836, 5.699999809265137, 5.690000057220459, 6.079999923706055, 6.059999942779541, 5.25, 5.369999885559082]
assets:[0, 100.00004239268303, 191.57308443957567, 270.4177588927746, 377.87756141860484, 470.2692242872238, 547.7219883631468, 671.3646670780421, 669.5024173819064, 1128.747681456685, 1174.997848873186, 1438.1920215471505, 1692.5346857786178, 2560.512863001585, 2412.2206154394153, 2803.6296619528534, 3155.452754939604, 3368.147388959598, 4531.302770849896, 4722.659360594321, 4355.993297339487, 4102.546376026154, 5632.07321006484, 9310.682073367308, 10952.387184515763, 8103.276126166916, 7389.859660367012, 9786.143910407067, 12195.590189920998, 9116.443011880112, 10689.265723972703, 11581.464628484346, 8813.464874237061, 8548.082930211067, 10507.823269852352, 9295.759204850578, 8583.95248626194, 8903.757231212854, 9530.260560160827, 9015.404534388541, 8649.090565362454, 8640.22066797204, 8764.69723355179, 9198.943830642223, 8510.463094290733, 7394.6831098382945, 7417.654851788521, 7504.641788469076, 8119.019706119728, 8192.31273064556, 7197.3006, 7461.810308980179]
shares:[0, 56.1798, 117.5295, 186.495, 253.6091, 322.1022, 394.0446, 463.0101, 544.3109, 597.221, 652.7766, 701.5571, 745.61, 775.913, 809.47, 839.4101, 866.8826, 893.4078, 913.5691, 933.3319, 955.2617, 979.128, 996.8271, 1007.6496, 1016.9347, 1029.6412, 1043.7655, 1054.5414, 1063.2598, 1075.0523, 1085.2046, 1094.6564, 1107.2192, 1120.3254, 1131.0897, 1143.3898, 1156.8669, 1170.0075, 1182.4144, 1195.677, 1209.663, 1223.8273, 1237.9516, 1251.557, 1266.438, 1283.7991, 1301.343, 1318.9177, 1335.3651, 1351.8668, 1370.9144, 1389.5364]
growth_rate:46.31
