ticker:MOHO
price:[1.7000000476837158, 1.6399999856948853, 1.5099999904632568, 1.3799999952316284, 1.3899999856948853, 1.4299999475479126, 1.3899999856948853, 1.600000023841858, 1.3700000047683716, 1.350000023841858, 1.399999976158142, 1.399999976158142, 2.700000047683716, 2.4700000286102295, 2.2799999713897705, 2.2100000381469727, 2.2100000381469727, 2.25, 2.2300000190734863, 2.2899999618530273, 2.5399999618530273, 2.2200000286102295, 2.700000047683716, 3.0299999713897705, 2.859999895095825, 2.319999933242798, 2.1700000762939453, 2.3299999237060547, 2.4600000381469727, 2.140000104904175, 2.115000009536743, 2.0399999618530273, 1.7300000190734863, 1.8300000429153442, 1.809999942779541, 1.8799999952316284, 1.690000057220459, 1.7699999809265137, 1.7699999809265137, 1.4800000190734863, 1.559999942779541, 1.4700000286102295, 1.4900000095367432, 1.5299999713897705, 1.440000057220459, 1.4900000095367432, 1.2599999904632568, 1.440000057220459, 0.7900000214576721, 0.6769999861717224, 0.6299999952316284, 0.6650000214576721]
assets:[0, 99.99998312773704, 192.07320678691863, 275.53714704792503, 377.5337261146307, 488.3980350856662, 574.7364990851282, 761.5672113482356, 752.0919166177035, 841.1125198545814, 972.2648434424282, 1072.2648817394377, 2167.939388287187, 2083.26298513062, 2023.0118266145466, 2060.9019435733794, 2160.9020142994877, 2300.013225, 2379.5685733527657, 2543.5927256286623, 2921.2775781268124, 2653.242580193639, 3326.9165687554596, 3833.539601802492, 3718.4563196078298, 3116.3700703275204, 3014.8807089986803, 3337.175942726898, 3623.3704641872405, 3252.037891416979, 3314.0466014433623, 3296.527126356602, 2895.5844179242135, 3162.9592641745808, 3228.3911939392087, 3453.2462192412972, 3204.248051490259, 3455.928325758982, 3555.9283686813833, 3073.3187556073663, 3339.4439855099204, 3246.7839181913137, 3390.957815703821, 3581.990186018586, 3471.285017936468, 3691.815637629461, 3221.938037613654, 3782.2150142917158, 2174.9651750755547, 1963.862479186505, 1927.5234784108757, 2134.6081738777757]
shares:[0, 60.9756, 127.2008, 199.6646, 271.607, 341.5371, 413.4795, 475.9795, 548.9722, 623.0463, 694.4749, 765.9035, 802.9405, 843.4263, 887.2859, 932.5348, 977.7837, 1022.2281, 1067.0711, 1110.7392, 1150.1093, 1195.1543, 1232.1913, 1265.1946, 1300.1596, 1343.263, 1389.3459, 1432.2644, 1472.9148, 1519.6438, 1566.9251, 1615.9447, 1673.7482, 1728.393, 1783.6416, 1836.8331, 1896.0047, 1952.5019, 2008.9991, 2076.5667, 2140.6693, 2208.6965, 2275.8106, 2341.1701, 2410.6145, 2477.7286, 2557.0937, 2626.5381, 2753.1204, 2900.8309, 3059.5611, 3209.937]
growth_rate:-58.14
