ticker:MOMO
price:[15.5, 14.1899995803833, 14.819999694824219, 13.829999923706055, 14.829999923706055, 14.979999542236328, 14.479999542236328, 15.210000038146973, 15.0, 14.529999732971191, 15.869999885559082, 15.3100004196167, 15.119999885559082, 13.59000015258789, 13.010000228881836, 13.760000228881836, 13.220000267028809, 13.960000038146973, 14.170000076293945, 14.670000076293945, 15.720000267028809, 15.279999732971191, 17.389999389648438, 19.979999542236328, 18.239999771118164, 15.84000015258789, 16.530000686645508, 16.68000030517578, 16.31999969482422, 14.449999809265137, 15.199999809265137, 15.800000190734863, 14.84000015258789, 15.170000076293945, 14.65999984741211, 14.369999885559082, 13.949999809265137, 13.890000343322754, 14.029999732971191, 13.899999618530273, 15.779999732971191, 14.800000190734863, 15.550000190734863, 15.109999656677246, 13.65999984741211, 13.079999923706055, 12.4399995803833, 12.390000343322754, 12.239999771118164, 12.119999885559082, 11.779999732971191, 12.9399995803833]
assets:[0, 99.9997650428772, 204.43893179016115, 290.7826633958817, 411.80833588142394, 515.9741002326965, 598.7523250713348, 728.9377308281898, 818.874, 893.2157505846977, 1075.5908292437553, 1137.637139180374, 1223.519462739372, 1199.7116234703064, 1248.509875964737, 1420.4833516281128, 1464.7376915860177, 1646.7271884998322, 1771.499401538086, 1934.0077240581513, 2172.43329690218, 2211.6271613502504, 2617.027964147949, 3106.7980208198546, 2936.2368591550826, 2649.889465526581, 2865.3202370235445, 2991.321198728943, 3026.7609994010927, 2779.9444283057214, 3024.231482050896, 3243.608899156284, 3146.528200353241, 3316.49879067955, 3305.001675600052, 3339.622461403656, 3342.014009305477, 3427.639551721859, 3562.187469201946, 3629.1800904012684, 4220.032704588699, 4057.952852296829, 4363.592848523426, 4340.120751385689, 4023.6294510543826, 3952.787748943901, 3859.379249818325, 3943.8672042832372, 3996.120021274566, 4056.942105693054, 4043.1338643503186, 4541.269560736275]
shares:[0, 7.0472, 13.7948, 21.0255, 27.7686, 34.4442, 41.3503, 47.9249, 54.5916, 61.4739, 67.7751, 74.3068, 80.9206, 88.279, 95.9654, 103.2328, 110.7971, 117.9604, 125.0176, 131.8342, 138.1955, 144.74, 150.4904, 155.4954, 160.9779, 167.291, 173.3406, 179.3358, 185.4633, 192.3837, 198.9626, 205.2917, 212.0302, 218.6222, 225.4435, 232.4024, 239.5709, 246.7703, 253.8979, 261.0921, 267.4292, 274.186, 280.6169, 287.235, 294.5556, 302.2009, 310.2395, 318.3105, 326.4804, 334.7312, 343.2202, 350.9482]
growth_rate:-10.96
