ticker:MON
price:[9.75, 9.654999732971191, 9.75, 9.789999961853027, 9.8100004196167, 9.789999961853027, 9.720000267028809, 9.75, 9.720000267028809, 9.699999809265137, 9.720000267028809, 9.710000038146973, 9.720000267028809, 9.699999809265137, 9.680000305175781, 9.654999732971191, 9.663000106811523, 9.670000076293945, 9.680000305175781, 9.710000038146973, 9.710000038146973, 9.6899995803833, 9.649999618530273, 9.65999984741211, 9.65999984741211]
assets:[0, 99.99972873430252, 200.983575, 301.8080768239975, 402.4248562134743, 501.6043540454865, 598.018156428814, 699.863775, 797.7107019147874, 896.0694923802375, 997.9174354148864, 1096.8911253092767, 1198.0211369121553, 1295.5562245249748, 1392.8852519126892, 1489.2875708106997, 1590.5220871810914, 1691.6746483469008, 1793.4243045402525, 1898.9827654603957, 1998.9831428532602, 2094.865505283737, 2186.218028577614, 2288.483909851456, 2388.484228271866]
shares:[0, 10.3573, 20.6137, 30.8282, 41.0219, 51.2364, 61.5245, 71.7809, 82.069, 92.3783, 102.6664, 112.9651, 123.2532, 133.5625, 143.8931, 154.2504, 164.5992, 174.9405, 185.2711, 195.5698, 205.8685, 216.1884, 226.5511, 236.9031, 247.2551]
growth_rate:-0.48
