ticker:MONCU
price:[10.350000381469727, 10.359999656677246, 10.239999771118164, 10.399999618530273, 10.399999618530273, 10.369999885559082, 10.199999809265137, 10.100000381469727, 10.069999694824219, 10.0, 9.970000267028809, 9.960000038146973, 9.984999656677246, 10.029999732971191, 10.0, 9.946999549865723, 10.050000190734863, 9.970000267028809, 9.949999809265137, 9.9399995803833, 9.979999542236328, 10.039999961853027, 9.98799991607666, 9.9399995803833, 10.010000228881836, 10.079999923706055, 10.100000381469727, 10.100000381469727, 10.119999885559082, 10.010000228881836, 10.026000022888184, 9.970000267028809, 9.970000267028809]
assets:[0, 99.99989668607712, 198.8413395555496, 301.9483889245987, 401.94854525661464, 500.7890714734077, 592.5791889190673, 686.769725938797, 784.7299012184143, 879.275, 976.6372981575012, 1075.6580921197892, 1178.3577674835205, 1283.6684528248786, 1379.829, 1472.5160147638321, 1587.7633501335145, 1675.1245498652459, 1771.7646260364534, 1869.9842890586851, 1977.5089652954102, 2089.398288061333, 2178.5765488946918, 2268.1071162519456, 2384.0797525127414, 2500.7512130722043, 2605.713238415909, 2705.7133421928406, 2811.0708242113114, 2880.5157038639068, 2985.12019221468, 3068.447042182922, 3168.447141861248]
shares:[0, 9.6525, 19.4181, 29.0335, 38.6489, 48.2921, 58.096, 67.997, 77.9275, 87.9275, 97.9576, 107.9978, 118.0128, 127.9829, 137.9829, 148.0362, 157.9864, 168.0165, 178.0668, 188.1272, 198.1472, 208.1074, 218.1194, 228.1798, 238.1698, 248.0904, 257.9914, 267.8924, 277.7738, 287.7638, 297.7379, 307.768, 317.7981]
growth_rate:-0.99
