ticker:MOR
price:[30.280000686645508, 31.43000030517578, 34.22999954223633, 31.639999389648438, 28.459999084472656, 29.729999542236328, 28.030000686645508, 26.229999542236328, 25.1299991607666, 26.690000534057617, 25.940000534057617, 26.68000030517578, 28.170000076293945, 28.43000030517578, 27.920000076293945, 28.399999618530273, 27.389999389648438, 28.34000015258789, 30.31999969482422, 27.59000015258789, 29.389999389648438, 29.979999542236328, 28.920000076293945, 28.889999389648438, 26.600000381469727, 24.850000381469727, 24.200000762939453, 25.43000030517578, 23.15999984741211, 22.31999969482422, 22.149999618530273, 22.360000610351562, 22.649999618530273, 22.8700008392334, 23.950000762939453, 21.469999313354492, 20.90999984741211, 21.59000015258789, 22.079999923706055, 20.829999923706055, 20.479999542236328, 19.360000610351562, 19.81999969482422, 18.959999084472656, 18.799999237060547, 16.65999984741211, 16.18000030517578, 13.90999984741211, 13.260000228881836, 13.670000076293945, 13.449999809265137, 14.470000267028809]
assets:[0, 100.00083197097779, 208.90911020622255, 293.1034623458862, 363.6447923019409, 479.8719226112365, 552.4320715328216, 616.9558192329407, 691.0825159208298, 833.9824466876984, 910.5484927465438, 1036.5233478561402, 1194.410820234871, 1305.4345390129088, 1382.0176677764894, 1505.7764997743607, 1552.2268724105836, 1706.0651751857758, 1925.2623726219178, 1851.9125442420961, 2072.732645954895, 2214.3437521892547, 2236.0510258989334, 2333.7312616958616, 2248.7454122491836, 2200.800523784256, 2243.2335907211304, 2457.2500694885252, 2337.9047125968937, 2353.1105198265077, 2435.188678060913, 2558.2769858322145, 2691.4564196706774, 2817.597825394058, 3050.6552971801757, 2834.763448339653, 2860.82463012352, 3053.8601825832366, 3223.1699408628465, 3140.6994794965744, 3187.9269687442784, 3113.587586160278, 3287.5671333801265, 3244.918523311615, 3317.5343453681944, 3039.9001921577456, 3052.316607570648, 2724.087076117706, 2696.793652549553, 2880.178794074631, 2933.8255933953283, 3256.3158370919227]
shares:[0, 3.1817, 6.1031, 9.2637, 12.7774, 16.141, 19.7086, 23.521, 27.5003, 31.247, 35.1021, 38.8502, 42.4001, 45.9175, 49.4992, 53.0203, 56.6713, 60.1999, 63.4981, 67.1226, 70.5251, 73.8607, 77.3185, 80.7799, 84.5393, 88.5634, 92.6956, 96.628, 100.9458, 105.4261, 109.9408, 114.4131, 118.8281, 123.2006, 127.376, 132.0337, 136.8161, 141.4479, 145.9769, 150.7777, 155.6605, 160.8258, 165.8712, 171.1455, 176.4646, 182.467, 188.6475, 195.8366, 203.3781, 210.6934, 218.1283, 225.0391]
growth_rate:-36.15
