ticker:MORF
price:[26.329999923706055, 25.399999618530273, 28.8799991607666, 26.75, 25.780000686645508, 26.899999618530273, 27.5, 28.65999984741211, 26.90999984741211, 26.280000686645508, 29.709999084472656, 29.510000228881836, 32.08000183105469, 31.739999771118164, 32.45000076293945, 34.060001373291016, 33.02000045776367, 33.54999923706055, 30.639999389648438, 30.190000534057617, 31.190000534057617, 33.65999984741211, 37.97999954223633, 37.689998626708984, 36.36000061035156, 36.15999984741211, 70.05000305175781, 69.08999633789062, 64.51000213623047, 61.15999984741211, 64.9800033569336, 59.349998474121094, 55.08000183105469, 55.13999938964844, 55.400001525878906, 48.70000076293945, 46.83000183105469, 45.5, 49.36000061035156, 53.47999954223633, 63.15999984741211, 64.27999877929688, 58.2599983215332, 59.2400016784668, 61.279998779296875, 58.54999923706055, 60.290000915527344, 57.619998931884766, 57.939998626708984, 60.84000015258789, 57.2400016784668, 62.5]
assets:[0, 99.99979849815368, 213.70044179000857, 297.938825, 387.1356923112869, 503.95535285339355, 615.197, 741.1475960540771, 795.8928464870453, 877.2605869211197, 1091.7592783569335, 1184.4104181863784, 1387.5595271987916, 1472.853427379036, 1605.801267754364, 1785.4729559898376, 1830.9557233829498, 1960.3432304210664, 1890.3102503448488, 1962.54928871727, 2127.5572684295653, 2396.0433311382294, 2803.5582322093965, 2882.1504259845733, 2880.446520352173, 2964.602899489975, 5843.101919557191, 5863.025452230834, 5574.360892593383, 5384.887230565262, 5821.220604730224, 5416.85655573349, 5127.132986444092, 5232.719774078369, 5357.396207558441, 4809.48058534584, 4724.805325740052, 4690.61775, 5188.545568157959, 5721.627275025558, 6857.255919433594, 7078.854149569702, 6515.89725427742, 6725.499618555832, 7057.1027074218755, 6842.709135835647, 7146.059257515716, 6929.588503544616, 7068.071462472916, 7521.8439068649295, 7176.762858446503, 7936.2625]
shares:[0, 3.937, 7.3996, 11.1379, 15.0169, 18.7344, 22.3708, 25.86, 29.5761, 33.3813, 36.7472, 40.1359, 43.2531, 46.4037, 49.4854, 52.4214, 55.4499, 58.4305, 61.6942, 65.0066, 68.2128, 71.1837, 73.8167, 76.4699, 79.2202, 81.9857, 83.4133, 84.8607, 86.4108, 88.0459, 89.5848, 91.2697, 93.0852, 94.8988, 96.7039, 98.7573, 100.8927, 103.0905, 105.1164, 106.9863, 108.5696, 110.1253, 111.8417, 113.5297, 115.1616, 116.8695, 118.5281, 120.2636, 121.9895, 123.6332, 125.3802, 126.9802]
growth_rate:55.61
