ticker:MORN
price:[157.5800018310547, 157.19000244140625, 156.33999633789062, 156.08999633789062, 164.00999450683594, 180.3000030517578, 184.44000244140625, 184.55999755859375, 190.3800048828125, 208.39999389648438, 206.2100067138672, 202.9600067138672, 199.39999389648438, 201.36000061035156, 204.85000610351562, 221.94000244140625, 222.3000030517578, 231.57000732421875, 232.97000122070312, 222.07000732421875, 240.36000061035156, 229.88999938964844, 237.35000610351562, 247.89999389648438, 248.4499969482422, 224.25, 236.6699981689453, 244.16000366210938, 237.4499969482422, 226.39999389648438, 233.02000427246094, 233.4600067138672, 237.24000549316406, 245.97999572753906, 265.010009765625, 262.1000061035156, 245.02000427246094, 236.27000427246094, 235.99000549316406, 233.77000427246094, 235.82000732421875, 242.47999572753906, 249.9199981689453, 257.7099914550781, 253.02000427246094, 249.41000366210938, 249.6999969482422, 252.6300048828125, 261.0299987792969, 260.5, 262.3800048828125, 261.4200134277344]
assets:[0, 100.00427955322266, 199.45856732788087, 299.1464779815674, 414.3220481231689, 555.4682494018555, 668.2261288452149, 768.6554778320311, 892.9012609008789, 1077.4071284454346, 1166.0763459655761, 1247.6966412734985, 1325.8105594177246, 1438.838020361328, 1563.7839765930175, 1794.2517557373048, 1897.1526860443116, 2076.256685668945, 2188.7997554687504, 2186.3902571105955, 2466.4541462631223, 2459.0183784713745, 2638.8098978576663, 2856.105409680176, 2962.4432286117553, 2773.8828, 3027.5062835769654, 3223.3271203460695, 3234.7338184265136, 3184.2027141571048, 3377.29873392334, 3483.666874183655, 3640.0683002838136, 3874.1603347091677, 4273.869429492187, 4326.930370761109, 4144.954408276367, 4096.921874084473, 4192.055660578919, 4252.627032722474, 4389.930928344726, 4613.909358703613, 4855.470716426086, 5106.806961672974, 5113.86321235199, 5140.888877484132, 5246.871125874329, 5408.429459533691, 5688.261321398925, 5776.71775, 5918.400818139648, 5996.739830020141]
shares:[0, 0.6362, 1.2758, 1.9165, 2.5262, 3.0808, 3.623, 4.1648, 4.6901, 5.1699, 5.6548, 6.1475, 6.649, 7.1456, 7.6338, 8.0844, 8.5342, 8.966, 9.3952, 9.8455, 10.2615, 10.6965, 11.1178, 11.5212, 11.9237, 12.3696, 12.7921, 13.2017, 13.6228, 14.0645, 14.4936, 14.9219, 15.3434, 15.7499, 16.1272, 16.5087, 16.9168, 17.34, 17.7637, 18.1915, 18.6156, 19.028, 19.4281, 19.8161, 20.2113, 20.6122, 21.0127, 21.4085, 21.7916, 22.1755, 22.5566, 22.9391]
growth_rate:17.58
