ticker:MOSY
price:[1.4199999570846558, 1.5700000524520874, 1.600000023841858, 1.4900000095367432, 1.5700000524520874, 1.5800000429153442, 1.809999942779541, 1.7999999523162842, 1.5700000524520874, 1.5700000524520874, 1.399999976158142, 1.590000033378601, 1.4900000095367432, 1.5700000524520874, 1.659999966621399, 1.9600000381469727, 1.9800000190734863, 2.440000057220459, 2.4100000858306885, 2.8499999046325684, 2.799999952316284, 3.2799999713897705, 3.240000009536743, 5.099999904632568, 5.679999828338623, 5.010000228881836, 3.690000057220459, 4.340000152587891, 4.199999809265137, 3.640000104904175, 3.890000104904175, 3.7200000286102295, 3.6600000858306885, 3.7899999618530273, 3.799999952316284, 3.2799999713897705, 4.349999904632568, 4.449999809265137, 5.260000228881836, 9.109999656677246, 7.139999866485596, 6.5, 6.840000152587891, 5.610000133514404, 5.070000171661377, 4.380000114440918, 4.690000057220459, 4.849999904632568, 5.75, 5.599999904632568, 5.679999828338623, 6.389999866485596]
assets:[0, 100.00005434089898, 201.91088300870658, 288.0295178435326, 403.4942524803281, 506.06421774551865, 679.7317225112914, 775.9763794436456, 776.823936952889, 876.8239912937879, 881.8812649816514, 1101.565220124972, 1132.284383247185, 1293.078262200415, 1467.2037524980665, 1832.3611116627694, 1951.058754794693, 2504.3350507291793, 2573.5441376552103, 3143.4025498146534, 3188.2552257043367, 3834.8132785503385, 3888.047315444231, 6220.074123687744, 7027.454827615738, 6298.512668747521, 4739.0242694875715, 5673.8119654827115, 5590.7852261053085, 4945.347458524061, 5385.000277220822, 5249.66590037477, 5264.99393746941, 5552.001643118191, 5666.650748892903, 4991.214332463479, 6719.4457226859095, 6973.915546085644, 8343.325573048593, 14550.130695658492, 11503.725024886131, 10572.5789, 11225.606470422745, 9306.966659499836, 8511.109167171337, 7452.792260727024, 8080.273061583566, 8455.932638727712, 10125.07495, 9960.942150366163, 10203.240995636892, 11578.646530072594]
shares:[0, 63.6943, 126.1943, 193.3084, 257.0027, 320.2938, 375.5424, 431.098, 494.7923, 558.4866, 629.9152, 692.8083, 759.9224, 823.6167, 883.8577, 934.8781, 985.3832, 1026.3668, 1067.8606, 1102.9483, 1138.6626, 1169.1504, 1200.0146, 1219.6224, 1237.228, 1257.1881, 1284.2884, 1307.3299, 1331.1394, 1358.6119, 1384.3188, 1411.2005, 1438.5229, 1464.9081, 1491.2239, 1521.7117, 1544.7002, 1567.1721, 1586.1835, 1597.1604, 1611.166, 1626.5506, 1641.1705, 1658.9958, 1678.7197, 1701.5507, 1722.8727, 1743.4913, 1760.8826, 1778.7397, 1796.3453, 1811.9948]
growth_rate:127.03
