ticker:MOTNW
price:[1.399999976158142, 2.490000009536743, 2.049999952316284, 1.8300000429153442, 1.7200000286102295, 1.8300000429153442, 1.5750000476837158, 1.8700000047683716, 1.7200000286102295, 1.690000057220459, 1.559999942779541, 1.090000033378601, 1.2300000190734863, 1.3600000143051147, 1.149999976158142, 1.0499999523162842, 0.9599999785423279, 0.8999999761581421, 0.9399999976158142, 0.9700000286102295, 1.059999942779541, 0.9900000095367432, 1.0, 1.1399999856948853, 1.25, 1.440000057220459, 1.4600000381469727, 1.3600000143051147, 1.5049999952316284, 1.5099999904632568, 1.524999976158142, 1.649999976158142, 1.5399999618530273, 1.4800000190734863, 1.4630000591278076, 1.3550000190734863, 1.2799999713897705, 1.350000023841858]
assets:[0, 99.99989438300133, 182.32925075895787, 262.76220316203836, 346.96769377141, 469.1574770022154, 503.783137752223, 698.1424357802152, 742.1416563446761, 829.1973450751781, 865.4129322568416, 704.6795715790987, 895.1888478816032, 1089.802283463049, 1021.523933821714, 1032.6957431021215, 1044.1790166607798, 1078.917811418438, 1226.8697608882069, 1366.0252382910253, 1592.7696940197945, 1587.5868842933417, 1703.6231, 2042.1303103746413, 2339.178, 2794.7331030527116, 2933.5487306479454, 2832.620677794826, 3234.628012251556, 3345.374325871539, 3478.6065331154464, 3863.7382841704843, 3706.155746195698, 3661.760251190901, 3719.6995953333376, 3545.107823402262, 3448.8840189114335, 3737.4950460065365]
shares:[0, 40.1606, 88.9411, 143.5859, 201.7254, 256.3702, 319.8623, 373.3382, 431.4777, 490.6493, 554.7519, 646.495, 727.7958, 801.3252, 888.2817, 983.5198, 1087.6865, 1198.7976, 1305.1806, 1408.2734, 1502.613, 1603.6231, 1703.6231, 1791.3424, 1871.3424, 1940.7868, 2009.2799, 2082.8093, 2149.2545, 2215.4797, 2281.0535, 2341.6596, 2406.5947, 2474.1623, 2542.515, 2616.3157, 2694.4407, 2768.5148]
growth_rate:1.01
