ticker:MOTNU
price:[9.859999656677246, 9.899999618530273, 9.880000114440918, 9.930000305175781, 9.899999618530273, 9.920000076293945, 10.0, 10.149999618530273, 10.34000015258789, 10.402000427246094, 10.59000015258789, 10.619999885559082, 10.539999961853027, 10.75, 10.899999618530273, 10.550000190734863, 11.09000015258789, 11.140000343322754, 11.119999885559082, 10.75, 10.454999923706055, 10.350000381469727, 10.20300006866455, 10.029999732971191, 10.149999618530273, 10.149999618530273, 10.300000190734863, 10.199999809265137, 10.399999618530273, 10.079999923706055, 10.079999923706055, 10.149999618530273, 10.149999618530273, 10.149999618530273, 10.289999961853027, 10.329999923706055, 10.3100004196167, 10.300000190734863, 10.350000381469727, 10.399999618530273, 10.369999885559082, 10.380000114440918, 10.420000076293945, 10.359999656677246, 10.359999656677246, 10.300000190734863, 10.289999961853027]
assets:[0, 99.9998961467743, 199.79830231428147, 300.80949924468996, 399.9005845909119, 500.7080358509064, 604.746, 713.8169931724549, 827.1793322067261, 932.1388612861634, 1048.986111114502, 1151.957759586525, 1243.2804775002478, 1368.05145, 1487.140357954216, 1539.3885078308106, 1718.1814866405487, 1825.92849227314, 1922.6502042131426, 1958.6768749999999, 2004.9271068693163, 2084.7912618391038, 2155.18072480402, 2218.637946933174, 2345.1817718605043, 2445.1815981021878, 2581.3170378006935, 2656.2553903293606, 2808.338936990738, 2821.9282346412656, 2921.9278818843845, 3042.2187856636046, 3142.2186119052885, 3242.218438146973, 3386.939081443977, 3500.104577149391, 3593.3279502483365, 3689.842198328304, 3807.753755342293, 3926.148575989723, 4014.8232306933405, 4118.694777409172, 4234.566117004967, 4310.182545163727, 4410.1824418498045, 4484.640683046341, 4580.286841020012]
shares:[0, 10.101, 20.2225, 30.293, 40.394, 50.4746, 60.4746, 70.3268, 79.998, 89.6115, 99.0544, 108.4706, 117.9583, 127.2606, 136.4349, 145.9136, 154.9307, 163.9074, 172.9002, 182.2025, 191.7673, 201.4291, 211.2301, 221.2002, 231.0524, 240.9046, 250.6133, 260.4172, 270.0326, 279.9532, 289.8738, 299.726, 309.5782, 319.4304, 329.1486, 338.8291, 348.5284, 358.2371, 367.8989, 377.5143, 387.1575, 396.7914, 406.3883, 416.0408, 425.6933, 435.402, 445.1202]
growth_rate:-0.43
