ticker:MOTN
price:[10.300000190734863, 10.380000114440918, 10.154999732971191, 10.239999771118164, 10.5, 10.390000343322754, 10.15999984741211, 10.640000343322754, 10.460000038146973, 10.619999885559082, 10.199999809265137, 9.920000076293945, 9.949999809265137, 10.010000228881836, 9.930000305175781, 9.885000228881836, 9.899999618530273, 9.869999885559082, 9.930000305175781, 10.0, 9.949999809265137, 9.989999771118164, 9.949999809265137, 9.960000038146973, 9.90999984741211, 9.989999771118164, 9.961000442504883, 9.9399995803833, 9.9399995803833, 9.9399995803833, 9.899999618530273, 9.9399995803833, 9.899999618530273, 9.890000343322754, 9.90999984741211, 9.918000221252441, 9.930000305175781, 9.90999984741211]
assets:[0, 99.99988310251237, 197.83259629793167, 299.4882493059158, 407.09234999999995, 502.8271836152077, 591.696039113617, 719.6502552210808, 807.4753929448128, 919.8268640879631, 983.449301609993, 1056.4522321250915, 1159.6476027703286, 1266.6404039621352, 1356.5174816894532, 1450.369739082527, 1552.5704101758956, 1647.8655708932877, 1757.8831290245057, 1870.275, 1960.9240724103927, 2068.807074601364, 2160.5240535841945, 2262.6958766661646, 2351.3367447956084, 2470.3181524023057, 2563.1477001646044, 2657.744165803432, 2757.7445375819207, 2857.744909360409, 2946.2448364744187, 3058.149216900349, 3145.8426887834553, 3242.665071566296, 3349.2221974308018, 3451.92625580616, 3556.1029122886657, 3648.940232815933]
shares:[0, 9.6339, 19.4813, 29.2469, 38.7707, 48.3953, 58.2378, 67.6363, 77.1965, 86.6127, 96.4166, 106.4972, 116.5475, 126.5375, 136.608, 146.7243, 156.8253, 166.957, 177.0275, 187.0275, 197.0778, 207.0878, 217.1381, 227.1783, 237.2691, 247.2791, 257.3183, 267.3787, 277.4391, 287.4995, 297.6005, 307.6609, 317.7619, 327.8731, 337.9639, 348.0466, 358.1171, 368.2079]
growth_rate:-1.38
