ticker:MOTS
price:[1.0199999809265137, 0.9649999737739563, 1.0399999618530273, 0.9679999947547913, 0.9639999866485596, 0.9399999976158142, 0.9459999799728394, 0.8199999928474426, 0.7419999837875366, 0.7390000224113464, 0.7360000014305115, 0.8059999942779541, 0.8399999737739563, 0.9950000047683716, 1.190000057220459, 0.9700000286102295, 1.0199999809265137, 0.9480000138282776, 1.059999942779541, 1.1299999952316284, 1.5299999713897705, 1.440000057220459, 1.5, 1.7300000190734863, 2.049999952316284, 1.4500000476837158, 1.1549999713897705, 1.5299999713897705, 1.4900000095367432, 1.2400000095367432, 1.2000000476837158, 1.2699999809265137, 0.9570000171661377, 1.1399999856948853, 1.3899999856948853, 1.059999942779541, 0.9549999833106995, 1.059999942779541, 1.0199999809265137, 1.149999976158142, 1.1200000047683716, 1.0399999618530273, 1.1100000143051147, 1.0199999809265137, 1.0099999904632568, 0.9610000252723694, 0.9350000023841858, 0.9599999785423279, 0.8769999742507935, 0.7900000214576721, 0.7459999918937683, 0.7749999761581421]
assets:[0, 99.9999557822764, 207.7719203789711, 293.387730410248, 392.175342168355, 482.4116647764265, 585.490834204948, 607.5079007009327, 649.7205622038126, 747.0936984568, 844.0608464405417, 1024.3383805279016, 1167.5486395474018, 1482.9892001069784, 1873.6253400921821, 1627.2408139955999, 1811.1191061329841, 1783.2754316122653, 2093.9575949648856, 2332.237952158427, 3257.808896080613, 3166.173197812414, 3398.097, 4019.138639311552, 4862.562986895085, 3539.3739913934473, 2919.2943056868553, 3967.1171888169047, 3963.4018133677487, 3398.4015621368408, 3388.7757746578454, 3686.454217635012, 2877.9029883222343, 3528.222891726637, 4401.955926697493, 3456.887077391815, 3214.459655825043, 3667.8817620019913, 3629.4712361307143, 4192.0508680901885, 4182.69310580771, 3983.929101870346, 4352.07839908737, 4099.207033346892, 4159.018764729214, 4057.244757397383, 4047.4753213207837, 4255.696512877768, 3987.7560677172664, 3692.1636132851067, 3586.5240190278887, 3825.946489799773]
shares:[0, 103.6269, 199.7807, 303.0865, 406.8209, 513.2039, 618.9121, 740.8633, 875.6342, 1010.9522, 1146.8218, 1270.8913, 1389.9389, 1490.4414, 1574.475, 1677.5678, 1775.607, 1881.0922, 1975.4318, 2063.9274, 2129.2869, 2198.7313, 2265.398, 2323.2015, 2371.982, 2440.9475, 2527.5276, 2592.8871, 2660.0012, 2740.6464, 2823.9797, 2902.7199, 3007.2131, 3094.9324, 3166.8748, 3261.2144, 3365.9264, 3460.266, 3558.3052, 3645.2617, 3734.5474, 3830.7012, 3920.7913, 4018.8305, 4117.8404, 4221.8987, 4328.8506, 4433.0173, 4547.0424, 4673.6247, 4807.673, 4936.7053]
growth_rate:-24.98
