ticker:MOVE
price:[5.639999866485596, 5.519999980926514, 6.195000171661377, 5.480000019073486, 5.302999973297119, 5.460000038146973, 5.210000038146973, 5.150000095367432, 5.099999904632568, 5.010000228881836, 5.070000171661377, 5.150000095367432, 4.809999942779541, 5.019999980926514, 5.400000095367432, 4.989999771118164, 4.800000190734863, 4.550000190734863, 4.46999979019165, 4.5, 4.269999980926514, 4.175000190734863, 4.119999885559082, 4.150000095367432]
assets:[0, 99.99976765446662, 212.2276963807583, 287.7334290014744, 378.4401082943916, 489.64406742095946, 567.2246871531486, 660.6924822346688, 754.2777458953858, 840.9671154195785, 951.0387442005158, 1066.0453847409726, 1095.6655579658031, 1243.501183275318, 1437.630685389471, 1428.4772544784544, 1474.0862985749243, 1497.3108777668951, 1570.9845552627087, 1681.5280500000001, 1695.5832594260694, 1757.8596153078079, 1834.701869037628, 1948.061504766655]
shares:[0, 18.1159, 34.2579, 52.5061, 71.3634, 89.6784, 108.8723, 128.2898, 147.8976, 167.8577, 187.5816, 206.9991, 227.7891, 247.7094, 266.2279, 286.268, 307.1013, 329.0793, 351.4507, 373.6729, 397.0921, 421.0442, 445.316, 469.4124]
growth_rate:-15.3
