ticker:MOXC
price:[2.3299999237060547, 2.240000009536743, 1.9199999570846558, 1.399999976158142, 1.2999999523162842, 1.2200000286102295, 1.090000033378601, 1.25, 1.1100000143051147, 1.2000000476837158, 1.1799999475479126, 1.2000000476837158, 1.2699999809265137, 1.3200000524520874, 1.3600000143051147, 1.340000033378601, 1.350000023841858, 1.3799999952316284, 1.4500000476837158, 1.5199999809265137, 1.7100000381469727, 1.75, 2.3499999046325684, 2.390000104904175, 3.0299999713897705, 2.0199999809265137, 1.9900000095367432, 2.2699999809265137, 3.2200000286102295, 2.759999990463257, 5.389999866485596, 4.510000228881836, 3.819999933242798, 6.139999866485596, 5.940000057220459, 6.360000133514404, 10.84000015258789, 14.630000114440918, 10.600000381469727, 13.180000305175781, 14.800000190734863, 11.619999885559082, 20.209999084472656, 23.049999237060547, 28.350000381469727, 26.309999465942383, 17.610000610351562, 17.84000015258789, 8.850000381469727, 6.71999979019165, 7.019999980926514, 7.849999904632568]
assets:[0, 100.00009642574787, 185.71429984896184, 235.41671599087715, 318.6012583137751, 398.99503135683534, 456.4791519785643, 623.4852500000001, 653.6549214239716, 806.6539520535468, 893.2096922960043, 1008.348880068183, 1167.1692254708767, 1313.1208721787334, 1452.91235928241, 1531.5460701498985, 1642.9755440159918, 1779.4861198512674, 1969.749954775858, 2164.8412768348217, 2535.4464685611724, 2694.7551750000002, 3718.671104089308, 3881.9679473910574, 5021.490480585479, 3447.660419446087, 3496.45767775619, 4088.421601647377, 5899.435146417451, 5156.6586781819815, 10170.431173070669, 8609.953040953827, 7392.686958807563, 11982.486039440631, 11692.177312631607, 12618.89725290637, 21607.680160157775, 29262.39515990057, 21301.736386600685, 26586.498915596007, 29954.339026036265, 23618.204041393376, 41177.78623161697, 47064.27444720421, 57985.99647024345, 53913.456387629325, 36185.74774217529, 36758.36052239914, 18334.94935030823, 14022.130314208318, 14748.118591929055, 16591.842223430394]
shares:[0, 44.6429, 96.7262, 168.1548, 245.0779, 327.0451, 418.7882, 498.7882, 588.8783, 672.2116, 756.9574, 840.2907, 919.0309, 994.7885, 1068.3179, 1142.9448, 1217.0189, 1289.4827, 1358.4482, 1424.2377, 1482.7172, 1539.8601, 1582.4133, 1624.2543, 1657.2576, 1706.7626, 1757.0139, 1801.0668, 1832.1227, 1868.3546, 1886.9075, 1909.0804, 1935.2584, 1951.545, 1968.38, 1984.1033, 1993.3284, 2000.1637, 2009.5977, 2017.185, 2023.9418, 2032.5477, 2037.4957, 2041.8341, 2045.3614, 2049.1622, 2054.8408, 2060.4462, 2071.7456, 2086.6266, 2100.8716, 2113.6105]
growth_rate:225.33
