ticker:MPAA
price:[17.100000381469727, 17.469999313354492, 16.690000534057617, 15.09000015258789, 15.59000015258789, 15.75, 15.630000114440918, 15.199999809265137, 14.729999542236328, 16.079999923706055, 18.31999969482422, 18.8799991607666, 20.25, 23.079999923706055, 24.010000228881836, 20.31999969482422, 19.850000381469727, 19.6200008392334, 20.8799991607666, 19.979999542236328, 20.59000015258789, 22.6299991607666, 25.15999984741211, 21.110000610351562, 20.790000915527344, 21.280000686645508, 22.6299991607666, 24.8799991607666, 23.459999084472656, 22.950000762939453, 22.579999923706055, 22.049999237060547, 22.760000228881836, 21.920000076293945, 21.600000381469727, 23.75, 23.290000915527344, 22.3799991607666, 23.3700008392334, 24.15999984741211, 23.299999237060547, 22.270000457763672, 22.899999618530273, 22.399999618530273, 22.09000015258789, 23.469999313354492, 23.329999923706055, 22.239999771118164, 21.940000534057617, 21.510000228881836, 19.56999969482422, 20.1200008392334]
assets:[0, 100.00002306957245, 195.53503925685882, 276.78983679885863, 385.96163377761843, 489.92265000000003, 586.190650292015, 670.063111591816, 749.3445367126465, 918.02166764431, 1145.904988911438, 1280.9324230613709, 1473.882075, 1779.8626621164321, 1951.5808386039732, 1751.6510296928404, 1811.1358698057174, 1890.1496788499833, 2111.5358511306763, 2120.5213074165345, 2285.261467935562, 2611.67841714592, 3003.6611657836916, 2620.1627207565307, 2680.4444230384825, 2843.6188277555466, 3124.017072145843, 3534.624352772713, 3432.8899360313417, 3458.2621749649047, 3502.5079781656264, 3520.2956081962584, 3733.64830554676, 3695.85010886364, 3741.8955060842513, 4214.352, 4232.727095388032, 4167.343835727692, 4451.690697863388, 4702.176210302353, 4634.796238237381, 4529.909615113068, 4758.056580739974, 4754.16919903698, 4788.3742270759585, 5187.512926232529, 5256.568603809929, 5110.976571400643, 5142.034045166016, 5141.25572470665, 4777.5633584983825, 5011.833861050606]
shares:[0, 5.7241, 11.7157, 18.3426, 24.757, 31.1062, 37.5042, 44.0831, 50.872, 57.0909, 62.5494, 67.846, 72.7843, 77.1171, 81.282, 86.2033, 91.2411, 96.3379, 101.1272, 106.1322, 110.9889, 115.4078, 119.3824, 124.1195, 128.9295, 133.6287, 138.0476, 142.0669, 146.3295, 150.6868, 155.1155, 159.6506, 164.0443, 168.6063, 173.2359, 177.4464, 181.7401, 186.2084, 190.4874, 194.6265, 198.9183, 203.4086, 207.7754, 212.2397, 216.7666, 221.0274, 225.3137, 229.8101, 234.368, 239.017, 244.1269, 249.0971]
growth_rate:-1.73
