ticker:MPACU
price:[10.09000015258789, 10.15999984741211, 10.1899995803833, 10.199999809265137, 10.199999809265137, 10.170000076293945, 10.1899995803833, 10.180000305175781, 10.210000038146973, 10.319999694824219, 10.420000076293945, 10.4399995803833, 10.399999618530273, 10.479999542236328, 10.5, 10.5600004196167, 10.489999771118164, 10.470000267028809, 10.550000190734863, 10.510000228881836, 10.460000038146973, 10.479999542236328]
assets:[0, 99.99979849815368, 200.29463175201414, 300.49097438097, 400.4907525110245, 499.31242574577334, 600.2938942803382, 699.7050149757385, 801.7667989955903, 910.4045730781555, 1019.2260554626465, 1121.1818309361458, 1216.886275364876, 1326.24708606987, 1428.77805, 1536.942589072609, 1626.75454750576, 1723.6531099603653, 1836.8236082081796, 1929.8588540275573, 2020.6774513692856, 2124.541139200592]
shares:[0, 9.8425, 19.656, 29.4599, 39.2638, 49.0966, 58.9101, 68.7333, 78.5276, 88.2175, 97.8144, 107.3929, 117.0083, 126.5503, 136.0741, 145.5438, 155.0767, 164.6278, 174.1065, 183.6212, 193.1814, 202.7234]
growth_rate:1.17
