ticker:MPB
price:[20.149999618530273, 18.350000381469727, 19.110000610351562, 17.239999771118164, 17.520000457763672, 18.690000534057617, 20.09000015258789, 20.049999237060547, 19.549999237060547, 20.270000457763672, 22.510000228881836, 21.360000610351562, 23.520000457763672, 23.360000610351562, 24.489999771118164, 24.649999618530273, 24.850000381469727, 21.899999618530273, 24.0, 23.399999618530273, 22.93000030517578, 21.760000228881836, 23.399999618530273, 23.899999618530273, 24.030000686645508, 23.520000457763672, 27.139999389648438, 29.09000015258789, 27.8799991607666, 25.899999618530273, 26.700000762939453, 25.850000381469727, 25.200000762939453, 25.510000228881836, 26.989999771118164, 27.149999618530273, 28.15999984741211, 27.889999389648438, 28.200000762939453, 28.649999618530273, 28.780000686645508, 26.75, 28.059999465942383, 27.420000076293945, 27.59000015258789, 27.399999618530273, 26.520000457763672, 26.049999237060547, 27.489999771118164, 26.739999771118164, 26.6200008392334, 26.760000228881836]
assets:[0, 100.00016207885743, 204.14258152008054, 284.1669162273407, 388.7828261581421, 514.746911708641, 653.3047059619904, 752.0032913848877, 833.250292482376, 963.9378447689057, 1170.4614859012604, 1210.6634745941162, 1433.090091891861, 1523.340679801941, 1697.0296361396788, 1808.1169120185853, 1922.7861745164869, 1794.5275787416458, 2066.6063999999997, 2114.941105521965, 2172.46160491333, 2161.612310736847, 2424.5277804750444, 2576.333918878937, 2690.348413875389, 2733.249845196533, 3253.9285148223876, 3587.722080818939, 3538.490461485672, 3387.1915901115412, 3591.8149326343537, 3577.469442792893, 3587.514948613358, 3731.6462004812242, 4048.1436976707455, 4172.140441379547, 4427.3461520099645, 4484.89597585144, 4634.746265391159, 4808.704750972938, 4930.523523634529, 4682.7480000000005, 5012.071492606735, 4997.755669905853, 5128.740995364761, 5193.420587695885, 5126.623720491028, 5135.767769586181, 5519.664823043251, 5469.073325187302, 5544.530902799225, 5673.690036527824]
shares:[0, 5.4496, 10.6825, 16.483, 22.1908, 27.5413, 32.5189, 37.5064, 42.6215, 47.5549, 51.9974, 56.679, 60.9307, 65.2115, 69.2948, 73.3516, 77.3757, 81.9419, 86.1086, 90.3821, 94.7432, 99.3388, 103.6123, 107.7964, 111.9579, 116.2096, 119.8942, 123.3318, 126.9186, 130.7796, 134.5249, 138.3934, 142.3617, 146.2817, 149.9868, 153.67, 157.2211, 160.8066, 164.3527, 167.8431, 171.3177, 175.056, 178.6198, 182.2668, 185.8913, 189.5409, 193.3116, 197.1504, 200.7881, 204.5278, 208.2844, 212.0213]
growth_rate:11.25
