ticker:MPWR
price:[255.80999755859375, 237.02999877929688, 253.94000244140625, 265.17999267578125, 272.3699951171875, 315.4599914550781, 315.2099914550781, 321.45001220703125, 319.6000061035156, 357.17999267578125, 306.95001220703125, 315.7300109863281, 328.1400146484375, 321.3800048828125, 306.57000732421875, 348.2300109863281, 357.07000732421875, 366.2300109863281, 387.4100036621094, 379.2300109863281, 396.9100036621094, 355.2900085449219, 359.510009765625, 385.9200134277344, 393.75, 374.5199890136719, 332.9100036621094, 331.0, 343.17999267578125, 350.9700012207031, 367.5199890136719, 376.8699951171875, 378.6199951171875, 380.7900085449219, 361.3800048828125, 342.7900085449219, 316.5199890136719, 324.44000244140625, 343.1199951171875, 347.0299987792969, 347.1600036621094, 353.9599914550781, 365.67999267578125, 376.30999755859375, 382.6000061035156, 379.4599914550781, 414.260009765625, 449.260009765625, 461.7900085449219, 464.8500061035156, 476.1700134277344, 494.9599914550781]
assets:[0, 100.00295648498535, 207.13885999145506, 316.3066952636719, 424.8699553833008, 592.0868579620361, 691.602242251587, 805.2965705810547, 900.6647772003173, 1106.579335308838, 1050.9661467956544, 1181.019679095459, 1327.4248012573244, 1400.0919912719726, 1435.575373297119, 1730.6683316009521, 1874.6175384521484, 2022.724973678589, 2239.694713171387, 2292.407493411255, 2499.2629110595703, 2337.2042632110592, 2464.9803819580075, 2746.0524475463867, 2901.78, 2860.0593481018063, 2642.3066990661623, 2727.1421, 2927.496927520752, 3093.9409487609864, 3339.837900161743, 3524.789690332031, 3641.15063104248, 3762.014889419556, 3670.2476055908205, 3581.4357302764893, 3406.9578577453613, 3592.1997070312495, 3899.0097525146484, 4043.4547337768554, 4144.986295724488, 4326.169807562256, 4569.42748447876, 4802.242402844238, 4982.523359484863, 5041.619284469605, 5603.985134106445, 6177.459912280273, 6449.728691345214, 6592.456301559449, 6852.99121625061, 7223.396619296264]
shares:[0, 0.4219, 0.8157, 1.1928, 1.5599, 1.8769, 2.1941, 2.5052, 2.8181, 3.0981, 3.4239, 3.7406, 4.0453, 4.3565, 4.6827, 4.9699, 5.25, 5.5231, 5.7812, 6.0449, 6.2968, 6.5783, 6.8565, 7.1156, 7.3696, 7.6366, 7.937, 8.2391, 8.5305, 8.8154, 9.0875, 9.3528, 9.6169, 9.8795, 10.1562, 10.4479, 10.7638, 11.072, 11.3634, 11.6516, 11.9397, 12.2222, 12.4957, 12.7614, 13.0228, 13.2863, 13.5277, 13.7503, 13.9668, 14.1819, 14.3919, 14.5939]
growth_rate:41.64
