ticker:MRACW
price:[2.3929998874664307, 2.069999933242798, 1.940000057220459, 1.7000000476837158, 1.2200000286102295, 1.3220000267028809, 1.2999999523162842, 1.1699999570846558, 1.25, 1.0199999809265137, 1.0299999713897705, 0.8500000238418579, 0.9879999756813049, 0.9279999732971191, 0.8700000047683716, 0.8500000238418579, 0.8700000047683716, 0.8500000238418579, 0.9800000190734863, 1.065000057220459, 1.2799999713897705, 1.2400000095367432, 1.2699999809265137, 1.3300000429153442, 1.1100000143051147, 1.090000033378601, 0.8199999928474426, 0.8999999761581421, 0.6000000238418579, 0.7200000286102295, 0.7200000286102295]
assets:[0, 100.00004077501296, 193.71986971378325, 269.7544775664091, 293.5884928849459, 418.1344630458355, 511.17610125017166, 560.0585044571758, 698.353125, 669.8561214740276, 776.4233514333486, 740.7377907771348, 960.9987267459154, 1002.6384543494224, 1039.9735586999775, 1116.0661813048125, 1242.326511809051, 1313.7673468501807, 1614.6964434264182, 1854.7466961520672, 2329.178955938792, 2356.3922301228286, 2513.4017172524927, 2732.1452731586096, 2380.2114366749524, 2437.324767637145, 1933.5836811340628, 2222.2259411311147, 1581.4840828425288, 1997.780911384678, 2097.780923358321]
shares:[0, 48.3092, 99.8556, 158.6791, 240.6463, 316.2893, 393.2124, 478.6825, 558.6825, 656.7217, 753.8091, 871.4562, 972.6708, 1080.4294, 1195.3719, 1313.019, 1427.9615, 1545.6086, 1647.6494, 1741.5461, 1819.6711, 1900.3163, 1979.0565, 2054.2445, 2144.3346, 2236.0777, 2358.0289, 2469.14, 2635.8067, 2774.6956, 2913.5845]
growth_rate:-30.07
