ticker:MRAC
price:[10.869999885559082, 10.479999542236328, 10.75, 10.454999923706055, 10.140000343322754, 10.260000228881836, 10.199999809265137, 9.819999694824219, 9.9399995803833, 9.949999809265137, 9.949999809265137, 9.869999885559082, 9.920000076293945, 9.920000076293945, 9.859999656677246, 9.829999923706055, 9.829999923706055, 9.859999656677246, 9.920000076293945, 9.930000305175781, 9.90999984741211, 9.90999984741211, 9.899999618530273, 9.890000343322754, 9.920000076293945, 9.90999984741211, 9.890000343322754, 9.920000076293945, 9.84000015258789, 9.880000114440918, 9.90999984741211]
assets:[0, 100.00015563201904, 202.576225, 297.0171383325577, 388.06795313930513, 492.6605869903565, 589.7792889714241, 667.807115246582, 775.9680552425385, 876.7492081933021, 976.7496912763596, 1068.8963126063347, 1174.3107610315324, 1274.3103138006209, 1366.602854415226, 1462.444476649475, 1562.4440828733443, 1667.2125519480705, 1777.3574856695175, 1879.1492857513426, 1975.3642335845948, 2075.3640600448607, 2173.269696258926, 2271.0744048383713, 2377.9628982887266, 2475.5655298828124, 2570.569329235077, 2678.3662925991057, 2756.7665707489014, 2867.97334921999, 2976.6815191669466]
shares:[0, 9.542, 18.8443, 28.4091, 38.271, 48.0176, 57.8215, 68.0048, 78.0652, 88.1155, 98.1658, 108.2975, 118.3781, 128.4587, 138.6007, 148.7736, 158.9465, 169.0885, 179.1691, 189.2396, 199.3304, 209.4212, 219.5222, 229.6334, 239.714, 249.8048, 259.916, 269.9966, 280.1592, 290.2807, 300.3715]
growth_rate:-0.78
