ticker:MRACU
price:[10.539999961853027, 10.75, 10.829999923706055, 10.899999618530273, 10.979999542236328, 10.850000381469727, 10.850000381469727, 11.270000457763672, 11.079999923706055, 11.21500015258789, 10.850000381469727, 10.489999771118164, 10.4399995803833, 10.489999771118164, 10.069999694824219, 10.220000267028809, 10.0600004196167, 10.15999984741211, 10.0600004196167, 10.164999961853027, 10.149999618530273, 10.069999694824219, 10.020000457763672, 10.050000190734863, 10.050000190734863, 10.15999984741211, 10.199999809265137, 10.390000343322754, 10.180000305175781, 10.170000076293945, 10.170000076293945, 10.145000457763672, 10.154999732971191, 10.085000038146973, 10.0600004196167, 9.970000267028809, 10.029999732971191, 10.050000190734863]
assets:[0, 99.99972500000001, 200.74379558582308, 302.0411694293976, 404.25832914619446, 499.47217256069183, 599.4722860765457, 722.6775093536377, 810.4942384191513, 920.3690810222625, 990.4151598215103, 1057.5535229251861, 1152.512269676876, 1258.0321045509338, 1307.662971370697, 1427.1412772884369, 1504.799006767273, 1619.756959673691, 1703.814989068508, 1821.598488163948, 1918.9102078811648, 2003.7859382743836, 2093.836409656906, 2200.104836754894, 2300.104348652744, 2425.279339575958, 2534.8274526000023, 2682.0445576243396, 2727.835935774994, 2825.1558481939314, 2925.1554249441147, 3017.9651711769106, 3120.9401299339293, 3199.4269306019783, 3291.4963272929194, 3362.0495920465473, 3482.282508291149, 3589.2259131184583]
shares:[0, 9.3023, 18.5359, 27.7102, 36.8177, 46.0343, 55.2509, 64.124, 73.1493, 82.0659, 91.2825, 100.8154, 110.3939, 119.9268, 129.8573, 139.642, 149.5824, 159.4249, 169.3653, 179.203, 189.0552, 198.9857, 208.9657, 218.9159, 228.8661, 238.7086, 248.5125, 258.1371, 267.9603, 277.7931, 287.6259, 297.483, 307.3304, 317.2461, 327.1865, 337.2166, 347.1867, 357.1369]
growth_rate:-2.99
