ticker:MRAM
price:[5.230000019073486, 5.385000228881836, 5.559999942779541, 5.090000152587891, 5.78000020980835, 6.699999809265137, 7.179999828338623, 7.789999961853027, 7.349999904632568, 6.139999866485596, 5.849999904632568, 5.78000020980835, 5.599999904632568, 5.300000190734863, 5.300000190734863, 4.440000057220459, 4.639999866485596, 4.599999904632568, 5.320000171661377, 5.760000228881836, 5.889999866485596, 5.340000152587891, 5.619999885559082, 7.110000133514404, 6.889999866485596, 5.670000076293945, 5.289999961853027, 6.25, 6.699999809265137, 6.199999809265137, 6.329999923706055, 5.699999809265137, 5.210000038146973, 5.519999980926514, 5.25, 5.21999979019165, 5.110000133514404, 5.619999885559082, 6.150000095367432, 6.050000190734863, 6.159999847412109, 6.539999961853027, 6.659999847412109, 6.289999961853027, 5.929999828338623, 5.409999847412109, 5.699999809265137, 5.760000228881836, 5.619999885559082, 5.75, 5.630000114440918, 6.920000076293945]
assets:[0, 99.99999275035859, 203.24968990826608, 286.06869757575987, 424.8479334215641, 592.4709331336021, 734.9167804294109, 897.354244605732, 946.6689627168178, 890.8224946290494, 948.7477195333958, 1037.3950156564235, 1105.088301180458, 1145.88707123785, 1245.8869448366165, 1143.7240347397328, 1295.242970729828, 1384.0769513052464, 1700.7152108772752, 1941.375821143341, 2085.191299732923, 1990.4791828769683, 2194.8488053059577, 2876.757246020889, 2887.743634041309, 2476.416192321968, 2410.448259617901, 2947.883125, 3260.1307971909523, 3116.83724411459, 3282.1904154405597, 3055.5270777551655, 2892.859294181156, 3164.9869330638885, 3110.1777, 3192.405189687109, 3225.132638266468, 3647.0146257352826, 4090.9505434379575, 4124.430935028553, 4299.420557500076, 4664.644508791733, 4850.234132875824, 4680.777064612484, 4512.878712361383, 4217.145735056305, 4543.203657974148, 4691.027130404663, 4677.008864761352, 4885.195975, 4883.244218261623, 6102.140491276931]
shares:[0, 18.5701, 36.5557, 56.2021, 73.5031, 88.4285, 102.3561, 115.1931, 128.7985, 145.0851, 162.1791, 179.4801, 197.3372, 216.2051, 235.073, 257.5955, 279.1472, 300.8863, 319.6833, 337.0444, 354.0223, 372.7489, 390.5425, 404.6072, 419.121, 436.7577, 455.6613, 471.6613, 486.5867, 502.7157, 518.5135, 536.0574, 555.2513, 573.3672, 592.4148, 611.5719, 631.1414, 648.935, 665.1952, 681.7241, 697.9579, 713.2484, 728.2634, 744.1617, 761.0251, 779.5094, 797.0533, 814.4144, 832.208, 849.5993, 867.3613, 881.8122]
growth_rate:19.65
