ticker:MRBK
price:[15.289999961853027, 14.359999656677246, 15.579999923706055, 14.699999809265137, 16.440000534057617, 18.0, 17.75, 17.68000030517578, 17.579999923706055, 17.899999618530273, 18.389999389648438, 18.850000381469727, 18.649999618530273, 18.549999237060547, 22.25, 24.5, 20.760000228881836, 20.799999237060547, 21.309999465942383, 21.09000015258789, 20.139999389648438, 20.280000686645508, 22.0, 22.899999618530273, 25.100000381469727, 24.440000534057617, 26.1200008392334, 26.600000381469727, 27.270000457763672, 26.079999923706055, 25.829999923706055, 25.899999618530273, 25.84000015258789, 25.100000381469727, 26.399999618530273, 25.829999923706055, 26.75, 27.75, 27.06999969482422, 26.760000228881836, 27.010000228881836, 26.399999618530273, 26.25, 26.280000686645508, 25.280000686645508, 25.31999969482422, 24.760000228881836, 27.0, 27.690000534057617, 27.489999771118164, 27.270000457763672, 28.559999465942383]
assets:[0, 100.000165609169, 208.49623297901155, 296.71949615001677, 431.8410020284653, 572.8194, 664.863525, 762.2413891571044, 857.930366276741, 973.5469692525863, 1100.1964254852296, 1227.7156048454283, 1314.688828109169, 1407.638867105484, 1788.408275, 2069.25775, 1853.380160433769, 1956.9512882194517, 2104.933555247497, 2183.203071795654, 2184.8596377868653, 2300.0481658756253, 2595.1222, 2801.285963335991, 3170.406148183823, 3187.0420576425554, 3506.119056651306, 3670.5500126392367, 3863.0028168457034, 3794.431348899841, 3858.059193604469, 3968.514491549492, 4059.3219039707187, 4043.072921446609, 4352.475537108421, 4358.502527126312, 4613.741025, 4886.217225, 4866.482125137329, 4910.751726002311, 5056.628574849701, 5042.428967138862, 5113.778249999999, 5219.623360378647, 5121.00765909481, 5229.109124974823, 5213.458220193291, 5785.1118, 6032.953328357697, 6089.378574299812, 6140.645068078995, 6531.126381871224]
shares:[0, 6.9638, 13.3823, 20.185, 26.2677, 31.8233, 37.4571, 43.1132, 48.8015, 54.3881, 59.8258, 65.1308, 70.4927, 75.8835, 80.3779, 84.4595, 89.2765, 94.0842, 98.7768, 103.5184, 108.4836, 113.4146, 117.9601, 122.3269, 126.311, 130.4027, 134.2312, 137.9906, 141.6576, 145.492, 149.3635, 153.2245, 157.0945, 161.0786, 164.8665, 168.738, 172.4763, 176.0799, 179.774, 183.5109, 187.2132, 191.0011, 194.8106, 198.6158, 202.5715, 206.5209, 210.5597, 214.2634, 217.8748, 221.5125, 225.1795, 228.6809]
growth_rate:28.06
