ticker:MRCC
price:[7.150000095367432, 7.559999942779541, 6.960000038146973, 6.679999828338623, 6.949999809265137, 6.980000019073486, 7.0, 6.559999942779541, 6.550000190734863, 6.619999885559082, 7.429999828338623, 8.140000343322754, 8.829999923706055, 9.149999618530273, 9.350000381469727, 8.279999732971191, 7.989999771118164, 8.029999732971191, 8.680000305175781, 8.569999694824219, 8.680000305175781, 8.550000190734863, 8.6899995803833, 9.15999984741211, 9.239999771118164, 9.350000381469727, 9.6899995803833, 10.149999618530273, 10.079999923706055, 10.029999732971191, 10.270000457763672, 10.6899995803833, 10.779999732971191, 10.680000305175781, 10.779999732971191, 10.550000190734863, 10.489999771118164, 10.760000228881836, 10.989999771118164, 11.399999618530273, 11.449999809265137, 10.829999923706055, 10.970000267028809, 11.0600004196167, 10.90999984741211, 10.800000190734863, 10.880000114440918, 10.789999961853027, 10.90999984741211, 11.039999961853027, 10.960000038146973, 10.970000267028809]
assets:[0, 99.99989924311637, 192.06328905267716, 284.3368646931648, 395.82959413690565, 497.53789135956765, 598.9634, 661.3142502315999, 760.3063371399879, 868.431444987297, 1074.6900351705551, 1277.3858338766097, 1485.665147163391, 1639.506081647873, 1775.3425424320221, 1672.1749260725974, 1713.6080599119186, 1822.186811405182, 2069.6861807670593, 2143.457192671967, 2270.969311843872, 2336.957017133236, 2475.222982478142, 2709.0956028717037, 2832.755701830483, 2966.479296029091, 3174.3508385375976, 3425.042261275864, 3501.421029498291, 3584.052903581715, 3769.813176031494, 4023.982023045826, 4157.859911006642, 4219.290048564148, 4358.7958720293045, 4365.797913929844, 4440.96867710228, 4655.274287024879, 4854.782943892479, 5135.898188141251, 5258.423862404823, 5073.688182257461, 5239.276515533065, 5382.26072420311, 5409.264113345718, 5454.725856333924, 5595.131450852204, 5648.84767802906, 5811.670729717636, 5980.921083333874, 6037.581253014183, 6143.090449533463]
shares:[0, 13.2275, 27.5953, 42.5654, 56.9539, 71.2805, 85.5662, 100.8101, 116.0773, 131.183, 144.642, 156.927, 168.252, 179.181, 189.8762, 201.9535, 214.4691, 226.9224, 238.4431, 250.1117, 261.6324, 273.3283, 284.8358, 295.7528, 306.5753, 317.2705, 327.5904, 337.4426, 347.3632, 357.3333, 367.0704, 376.4249, 385.7013, 395.0646, 404.341, 413.8197, 423.3526, 432.6463, 441.7455, 450.5174, 459.251, 468.4846, 477.6004, 486.642, 495.8079, 505.0672, 514.2584, 523.5262, 532.6921, 541.7501, 550.8742, 559.99]
growth_rate:20.45
