ticker:MRCY
price:[70.9800033569336, 66.6500015258789, 75.2699966430664, 77.86000061035156, 77.0999984741211, 78.51000213623047, 78.0999984741211, 77.20999908447266, 68.87999725341797, 69.83000183105469, 69.06999969482422, 69.26000213623047, 70.86000061035156, 74.19000244140625, 80.36000061035156, 83.0, 86.63999938964844, 88.05999755859375, 79.83000183105469, 78.37000274658203, 79.44000244140625, 71.05999755859375, 74.91999816894531, 74.94999694824219, 70.83999633789062, 65.36000061035156, 62.540000915527344, 66.25, 67.62999725341797, 67.97000122070312, 72.41999816894531, 76.26000213623047, 79.27999877929688, 76.41000366210938, 75.23999786376953, 64.19999694824219, 63.72999954223633, 63.619998931884766, 65.44999694824219, 66.29000091552734, 66.9800033569336, 66.91999816894531, 68.61000061035156, 66.0, 66.61000061035156, 66.0, 66.51000213623047, 66.0, 55.900001525878906, 53.130001068115234, 49.400001525878906, 50.90999984741211]
assets:[0, 100.00166228942871, 212.93882050323487, 320.26932651062015, 417.1418317443848, 524.768705278778, 622.0274378471374, 714.9414285224915, 737.8080905799865, 847.9806272354126, 938.7510868522644, 1041.3310581184387, 1165.384828038025, 1320.151741442871, 1529.9419076202391, 1680.2022000000002, 1853.8880509399414, 1984.2735369873049, 1898.8284405532838, 1964.1011718345644, 2090.9164722595215, 1970.3516123046877, 2177.384922784424, 2278.2550572357177, 2253.3211075134277, 2179.0109163482666, 2184.9975359863283, 2414.61375, 2564.908223834229, 2677.800544091797, 2953.1137173339844, 3209.6996039115907, 3436.811731082153, 3412.3943535461426, 3460.1445457588197, 3052.4337949020382, 3130.0861815170288, 3224.68143786087, 3417.438865653992, 3561.2977191848754, 3698.3678653564452, 3795.0531721603393, 3990.8927935028078, 3939.078, 4075.4862603439333, 4138.167, 4270.141667152405, 4337.401199999999, 3773.6469930076596, 3686.653583115769, 3527.831948968506, 3735.668877803421]
shares:[0, 1.5004, 2.829, 4.1134, 5.4104, 6.6841, 7.9645, 9.2597, 10.7115, 12.1435, 13.5913, 15.0351, 16.4463, 17.7942, 19.0386, 20.2434, 21.3976, 22.5332, 23.7859, 25.0619, 26.3207, 27.728, 29.0628, 30.397, 31.8086, 33.3386, 34.9376, 36.447, 37.9256, 39.3968, 40.7776, 42.0889, 43.3503, 44.659, 45.9881, 47.5457, 49.1148, 50.6866, 52.2145, 53.723, 55.216, 56.7103, 58.1678, 59.683, 61.1843, 62.6995, 64.203, 65.7182, 67.5071, 69.3893, 71.4136, 73.3779]
growth_rate:-26.75
