ticker:MREO
price:[2.740000009536743, 2.9600000381469727, 2.9800000190734863, 2.619999885559082, 2.450000047683716, 2.2200000286102295, 2.4200000762939453, 2.5899999141693115, 2.369999885559082, 2.450000047683716, 2.319999933242798, 2.4000000953674316, 2.434999942779541, 2.0899999141693115, 2.0, 3.5999999046325684, 3.569999933242798, 3.5799999237060547, 3.4800000190734863, 3.319999933242798, 3.009999990463257, 2.7200000286102295, 2.740000009536743, 3.2200000286102295, 4.400000095367432, 3.890000104904175, 3.9100000858306885, 4.079999923706055, 4.010000228881836, 3.5899999141693115, 3.380000114440918, 4.079999923706055, 3.3499999046325684, 3.4200000762939453, 3.549999952316284, 3.369999885559082, 3.0999999046325684, 3.200000047683716, 3.2699999809265137, 3.5999999046325684, 3.180000066757202, 3.3499999046325684, 3.200000047683716, 3.1700000762939453, 3.0, 2.8299999237060547, 2.5, 2.569999933242798, 2.700000047683716, 2.25, 2.299999952316284, 2.7799999713897705]
assets:[0, 100.0000492887497, 200.67558528442385, 276.4327819254875, 358.4962569773197, 424.84140547513965, 563.1153837530136, 702.6729337139368, 742.9864321231842, 868.0661318949461, 922.005325469613, 1053.798761874199, 1169.1666835255623, 1103.514729681611, 1155.995, 2180.7910222287655, 2262.6177626901867, 2368.955759514809, 2402.783761169386, 2392.310943896389, 2268.93257481122, 2150.331110618186, 2266.142489887452, 2763.1309685508727, 3875.7070840036868, 3526.4772611008166, 3644.6080480049136, 3903.069095014572, 3936.1051476640705, 3623.8446383601427, 3511.865072905636, 4339.174166859627, 3662.802125727749, 3839.33859764862, 4085.2781751264097, 3978.137258907509, 3759.4142143465524, 3980.6858193168405, 4167.763106689978, 4688.363035800791, 4241.387417038727, 4568.127874955035, 4463.585026512599, 4521.738828826904, 4379.2479, 4231.090435934067, 3837.7125, 4045.168329924464, 4349.787826820016, 3724.8230249999997, 3907.5968789875033, 4823.095342363357]
shares:[0, 33.7838, 67.3408, 105.5087, 146.325, 191.37, 232.6923, 271.3023, 313.4964, 354.3127, 397.4161, 439.0828, 480.1506, 527.9975, 577.9975, 605.7753, 633.7865, 661.7195, 690.4551, 720.5756, 753.7982, 790.5629, 827.0593, 858.1152, 880.8425, 906.5494, 932.1248, 956.6346, 981.5723, 1009.4275, 1039.0133, 1063.5231, 1093.3738, 1122.6136, 1150.7826, 1180.4562, 1212.7143, 1243.9643, 1274.5453, 1302.3231, 1333.7696, 1363.6203, 1394.8703, 1426.416, 1459.7493, 1495.085, 1535.085, 1573.9955, 1611.0325, 1655.4769, 1698.9552, 1734.9264]
growth_rate:-5.43
