ticker:MRIN
price:[1.3200000524520874, 1.159999966621399, 1.2100000381469727, 1.2799999713897705, 1.2699999809265137, 1.350000023841858, 1.2899999618530273, 3.450000047683716, 2.4700000286102295, 2.0899999141693115, 1.840000033378601, 2.069999933242798, 2.2200000286102295, 2.240000009536743, 1.9800000190734863, 2.0, 2.0299999713897705, 2.0199999809265137, 2.0999999046325684, 2.0799999237060547, 2.259999990463257, 2.1600000858306885, 2.7799999713897705, 2.5199999809265137, 2.630000114440918, 1.9900000095367432, 1.649999976158142, 1.9900000095367432, 1.9600000381469727, 1.840000033378601, 1.8300000429153442, 1.7200000286102295, 1.5199999809265137, 1.5499999523162842, 1.7899999618530273, 1.590000033378601, 1.409999966621399, 1.5499999523162842, 1.590000033378601, 1.6200000047683716, 1.659999966621399, 1.6399999856948853, 3.809999942779541, 20.290000915527344, 17.360000610351562, 8.779999732971191, 7.840000152587891, 8.279999732971191, 5.869999885559082, 5.179999828338623, 5.489999771118164, 6.920000076293945]
assets:[0, 100.00000112253429, 204.31032144117353, 316.12991293394566, 413.66020278744696, 539.7175895317554, 615.7301397920609, 1746.7201891420602, 1350.5503206435444, 1242.7733049626352, 1194.1162296619175, 1443.3807314511776, 1647.9735092382432, 1762.8201995051622, 1658.2072479736328, 1774.9568, 1901.581158199668, 1992.213871188879, 2171.1132514030933, 2250.4359494544983, 2545.1853212598326, 2532.566620635152, 3359.506811425805, 3145.3082401936535, 3382.603577189446, 2659.460489745021, 2305.080326692486, 2880.0667168022396, 2936.6486531552314, 2856.853787824881, 2941.32740997709, 2864.526231648111, 2631.441750979757, 2783.3780043730258, 3314.3526523673054, 3044.034075902891, 2799.4263417298316, 3177.3834972519635, 3359.3806905229094, 3522.7651783690453, 3709.747009405923, 3765.0512871588467, 8846.85682413354, 47213.57820837555, 40495.64911976624, 20581.092892060948, 18477.65104762573, 19614.661107429984, 14005.56320794897, 12459.253121109534, 13304.883783310319, 16870.455717999077]
shares:[0, 86.2069, 168.8515, 246.9765, 325.7167, 399.7908, 477.3102, 506.2957, 546.7815, 594.6284, 648.9762, 697.2854, 742.3304, 786.9733, 837.4784, 887.4784, 936.7395, 986.2445, 1033.8635, 1081.9404, 1126.1882, 1172.4845, 1208.4557, 1248.1382, 1286.161, 1336.4123, 1397.0184, 1447.2697, 1498.2901, 1552.6379, 1607.2827, 1665.4222, 1731.2117, 1795.7278, 1851.5937, 1914.4868, 1985.4088, 2049.9249, 2112.818, 2174.5464, 2234.7874, 2295.763, 2322.0097, 2326.9382, 2332.6986, 2344.0881, 2356.8432, 2368.9205, 2385.9563, 2405.2613, 2423.4762, 2437.9271]
growth_rate:230.79
