ticker:MRKR
price:[1.6100000143051147, 1.5099999904632568, 1.7100000381469727, 1.5299999713897705, 1.4800000190734863, 1.6299999952316284, 1.6200000047683716, 1.6200000047683716, 1.3600000143051147, 1.4500000476837158, 1.4199999570846558, 1.5299999713897705, 1.690000057220459, 1.7000000476837158, 1.649999976158142, 1.5099999904632568, 1.5299999713897705, 1.4500000476837158, 1.7899999618530273, 2.069999933242798, 2.049999952316284, 1.9199999570846558, 2.1500000953674316, 2.930000066757202, 2.8399999141693115, 2.4200000762939453, 2.2699999809265137, 1.940000057220459, 2.4200000762939453, 2.3499999046325684, 2.190000057220459, 2.130000114440918, 2.049999952316284, 2.2699999809265137, 2.559999942779541, 2.3499999046325684, 2.240000009536743, 2.7699999809265137, 2.9100000858306885, 3.0199999809265137, 3.3499999046325684, 3.2100000381469727, 3.130000114440918, 2.799999952316284, 2.6600000858306885, 2.2300000190734863, 2.2100000381469727, 2.0899999141693115, 2.069999933242798, 1.909999966621399, 1.8200000524520874, 1.9299999475479126]
assets:[0, 100.00005136842728, 213.24504175710678, 290.7982205622196, 381.29506891393663, 519.9398434789777, 616.7500398153662, 716.7500481097103, 701.7160793809772, 848.1531678917886, 930.6050658751844, 1102.6942353801728, 1318.0087366254807, 1425.8075499928236, 1483.8720385586262, 1457.9678067918778, 1577.278653505683, 1594.8066224457266, 2068.761130912304, 2492.3662386215447, 2568.2854502607825, 2505.4185039995314, 2905.5468938811778, 4059.652216495228, 4034.952882055354, 3538.234679547882, 3418.922562272787, 3021.898707131147, 3869.584961994171, 3857.6545634490967, 3695.0059835433485, 3693.773139459515, 3655.0396249825003, 4147.287922152757, 4777.117589223099, 4485.244597980309, 4375.297266627717, 5510.523838055992, 5889.034394697547, 6211.643774768972, 6990.399240998077, 6798.263270789146, 6728.8363730237, 6119.4060557871335, 5913.436082809877, 5057.504459257507, 5112.145789241123, 4934.56294735074, 4987.342333158922, 4701.847299831891, 4580.2945780033, 4957.125349278975]
shares:[0, 66.2252, 124.7047, 190.0642, 257.6318, 318.9815, 380.7099, 442.4383, 515.9677, 584.9332, 655.3557, 720.7152, 779.8868, 838.7103, 899.3164, 965.5416, 1030.9011, 1099.8666, 1155.7325, 1204.0417, 1252.8222, 1304.9055, 1351.4171, 1385.5468, 1420.7581, 1462.0804, 1506.1333, 1557.6797, 1599.002, 1641.5552, 1687.2173, 1734.1657, 1782.9462, 1826.9991, 1866.0616, 1908.6148, 1953.2577, 1989.3588, 2023.7231, 2056.8357, 2086.6864, 2117.839, 2149.7879, 2185.5022, 2223.0962, 2267.9392, 2313.1881, 2361.035, 2409.3442, 2461.7002, 2516.6453, 2568.4588]
growth_rate:-2.8
