ticker:MRLN
price:[7.03000020980835, 7.199999809265137, 7.889999866485596, 6.820000171661377, 7.349999904632568, 7.789999961853027, 7.639999866485596, 7.329999923706055, 7.300000190734863, 8.260000228881836, 9.8100004196167, 10.010000228881836, 10.640000343322754, 12.289999961853027, 12.710000038146973, 12.260000228881836, 11.9399995803833, 12.239999771118164, 11.949999809265137, 12.1899995803833, 12.180000305175781, 14.25, 13.630000114440918, 13.920000076293945, 13.729999542236328, 15.199999809265137, 16.469999313354492, 16.729999542236328, 15.039999961853027, 14.0600004196167, 14.270000457763672, 13.529999732971191, 14.239999771118164, 21.6200008392334, 22.549999237060547, 22.329999923706055, 22.489999771118164, 22.5, 22.520000457763672, 22.610000610351562, 22.899999618530273, 22.8700008392334, 22.780000686645508, 22.770000457763672, 22.8799991607666, 22.670000076293945, 22.790000915527344, 22.559999465942383, 22.540000915527344, 22.209999084472656, 22.110000610351562, 22.389999389648438]
assets:[0, 100.00007735090256, 209.58364445343017, 281.1613270769119, 403.0107847708702, 527.1368334186554, 616.9865252177239, 691.9519927978516, 789.1198006181718, 992.894153512764, 1279.212282717514, 1405.2919201324464, 1593.736923425388, 1940.8859539756775, 2107.213784324455, 2132.607423813629, 2176.943707493973, 2331.640396399498, 2376.397277070141, 2524.123482112026, 2622.053219696808, 3167.6724, 3129.8514742790226, 3296.443938067436, 3351.4489522613526, 3810.270592187405, 4228.62785470562, 4395.382437734223, 4051.377429724216, 3887.391870018101, 4045.4538017730715, 3935.6685603254314, 4242.197035814476, 6540.750741895294, 6922.105615802765, 6954.573525238608, 7104.404260698128, 7207.56225, 7313.969180670928, 7443.198634927368, 7638.665852754592, 7728.658352609444, 7798.243465058327, 7894.819112715912, 8032.957209352875, 8059.228100122642, 8201.888871488953, 8219.113149430848, 8311.828197608947, 8290.13757326889, 8352.811103581238, 8558.59070069275]
shares:[0, 13.8889, 26.5632, 41.226, 54.8314, 67.6684, 80.7574, 94.4, 108.0986, 120.2051, 130.3988, 140.3888, 149.7873, 157.924, 165.7918, 173.9484, 182.3236, 190.4935, 198.8617, 207.0651, 215.2753, 222.2928, 229.6296, 236.8135, 244.0968, 250.6757, 256.7473, 262.7246, 269.3735, 276.4859, 283.4936, 290.8846, 297.9071, 302.5324, 306.967, 311.4453, 315.8917, 320.3361, 324.7766, 329.1994, 333.5662, 337.9387, 342.3285, 346.7202, 351.0908, 355.5019, 359.8898, 364.3224, 368.759, 373.2615, 377.7843, 382.2506]
growth_rate:67.82
