ticker:MRM
price:[14.399999618530273, 17.34000015258789, 13.375, 13.770000457763672, 14.36299991607666, 13.710000038146973, 13.510000228881836, 13.100000381469727, 12.3100004196167, 9.770000457763672, 10.470000267028809, 10.246999740600586, 10.420000076293945, 11.451000213623047, 10.850000381469727, 9.444999694824219, 9.25, 11.850000381469727, 9.859999656677246, 9.140000343322754, 9.550000190734863, 9.494999885559082, 10.649999618530273, 11.220000267028809, 9.75, 9.600000381469727, 9.42199993133545, 8.536999702453613, 7.900000095367432, 8.899999618530273, 7.400000095367432, 6.960000038146973, 5.809999942779541, 5.789999961853027, 6.739999771118164, 6.811999797821045, 6.811500072479248]
assets:[0, 99.99978087997437, 177.13315, 282.3648753868103, 394.5243179947853, 476.58702132606504, 569.6342986505508, 652.3472689962387, 713.0075343046188, 665.8880591995239, 813.5975457501411, 896.2692028112411, 1011.4006354053497, 1211.473453900528, 1247.8900088739395, 1186.2966841697692, 1261.804525, 1716.473740255928, 1528.2220527876852, 1516.6276769685744, 1684.660143646431, 1774.9582481068612, 2090.869695107651, 2302.776024804592, 2101.075275, 2168.7514461784363, 2228.5394759591104, 2119.214561737442, 2061.086324881077, 2421.9835961894987, 2113.784127241373, 2088.0995394446372, 1843.0830418481826, 1936.7387752399445, 2354.511080043793, 2479.66329440403, 2579.481701097536]
shares:[0, 5.767, 13.2436, 20.5058, 27.4681, 34.762, 42.1639, 49.7975, 57.921, 68.1564, 77.7075, 87.4665, 97.0634, 105.7963, 115.0129, 125.6005, 136.4113, 144.8501, 154.9921, 165.933, 176.4042, 186.9361, 196.3258, 205.2385, 215.4949, 225.9116, 236.5251, 248.2388, 260.897, 272.133, 285.6465, 300.0143, 317.226, 334.4972, 349.334, 364.014, 378.6951]
growth_rate:-28.35
