ticker:MRNA
price:[62.599998474121094, 59.34000015258789, 69.87000274658203, 69.47000122070312, 68.80999755859375, 73.0, 73.94000244140625, 70.52999877929688, 67.47000122070312, 72.44999694824219, 89.38999938964844, 97.61000061035156, 127.02999877929688, 152.52000427246094, 156.92999267578125, 140.22999572753906, 123.38999938964844, 104.47000122070312, 112.75, 129.64999389648438, 131.02000427246094, 173.16000366210938, 176.24000549316406, 183.74000549316406, 174.74000549316406, 154.80999755859375, 132.19000244140625, 136.99000549316406, 143.74000549316406, 133.27999877929688, 132.5500030517578, 140.9199981689453, 170.80999755859375, 173.6300048828125, 178.82000732421875, 163.14999389648438, 161.3800048828125, 161.4499969482422, 185.00999450683594, 206.07000732421875, 218.85000610351562, 199.19000244140625, 219.94000244140625, 234.3000030517578, 232.80999755859375, 286.42999267578125, 348.8299865722656, 353.6000061035156, 413.7200012207031, 389.7799987792969, 382.9800109863281, 382.2200012207031]
assets:[0, 99.99976825714111, 217.74287655944823, 316.4983785614014, 413.4930373291015, 538.6743, 645.6071313171387, 715.8301166107178, 784.7705721984863, 942.6976252914428, 1263.1164473754882, 1479.2697982498169, 2025.1249435394286, 2531.4965269134523, 2704.6884237670897, 2516.861986317444, 2314.6113035507205, 2059.6992030670162, 2322.94315, 2771.126004544067, 2900.402936579895, 3933.26021918335, 4103.219807891845, 4377.826118881226, 4263.394024024963, 3877.138983856201, 3410.6342529907224, 3634.4818357391355, 3913.56600756073, 3728.7745258483887, 3808.3471576812744, 4148.825666091919, 5128.809310693359, 5313.477498425293, 5572.299658233643, 5183.993166064453, 5227.760016174317, 5330.029474250793, 6207.825355682374, 7014.478800311279, 7549.493580548096, 6971.291543444823, 7797.510912554932, 8406.613819496155, 8453.144763354492, 10500.036600506592, 12887.523853912353, 13163.75030722046, 15501.881585739135, 14704.879211947633, 14548.338273339845, 14619.45638269043]
shares:[0, 1.6852, 3.1164, 4.5559, 6.0092, 7.3791, 8.7315, 10.1493, 11.6314, 13.0117, 14.1304, 15.1549, 15.9421, 16.5978, 17.235, 17.9481, 18.7585, 19.7157, 20.6026, 21.3739, 22.1371, 22.7146, 23.282, 23.8262, 24.3985, 25.0445, 25.801, 26.531, 27.2267, 27.977, 28.7314, 29.441, 30.0264, 30.6023, 31.1615, 31.7744, 32.3941, 33.0135, 33.554, 34.0393, 34.4962, 34.9982, 35.4529, 35.8797, 36.3092, 36.6583, 36.945, 37.2278, 37.4695, 37.7261, 37.9872, 38.2488]
growth_rate:186.66
