ticker:MRNS
price:[7.360000133514404, 8.0, 13.84000015258789, 11.149999618530273, 12.069999694824219, 14.529999732971191, 14.920000076293945, 14.039999961853027, 13.039999961853027, 13.420000076293945, 14.970000267028809, 15.369999885559082, 14.640000343322754, 14.574999809265137, 12.949999809265137, 12.989999771118164, 12.630000114440918, 12.199999809265137, 12.449999809265137, 12.600000381469727, 13.510000228881836, 12.430000305175781, 13.600000381469727, 15.399999618530273, 14.800000190734863, 15.109999656677246, 16.540000915527344, 16.079999923706055, 16.510000228881836, 14.510000228881836, 15.5, 15.520000457763672, 14.109999656677246, 14.34000015258789, 14.710000038146973, 14.09000015258789, 16.18000030517578, 16.760000228881836, 16.81999969482422, 16.549999237060547, 18.690000534057617, 18.5, 19.18000030517578, 18.84000015258789, 18.969999313354492, 15.90999984741211, 16.100000381469727, 14.699999809265137, 12.899999618530273, 12.210000038146973, 11.25, 12.350000381469727]
assets:[0, 100.0, 272.9995390098572, 319.93808905410765, 446.3365187149048, 637.3046772877693, 754.4104078577042, 809.9142457994461, 852.2278935069085, 977.0632355546951, 1189.9129262251854, 1321.7077891589165, 1358.933143868351, 1452.9001109867095, 1390.912859513855, 1495.2087276546479, 1553.771663078785, 1600.871774971962, 1733.6761684399605, 1854.5638161476136, 2088.5041803827285, 2021.5481276321411, 2311.8300648450854, 2717.8073326778413, 2711.9194749498365, 2868.7225838181494, 3240.215951353455, 3250.1008405794146, 3437.0122236480715, 3120.6570432254794, 3433.5755, 3538.006040353775, 3316.576584301472, 3470.6385369300842, 3660.1878104918483, 3605.9170660503387, 4240.791023986816, 4492.809685355759, 4608.89353037796, 4634.910036334992, 5334.228947422982, 5380.00165, 5677.753836339569, 5677.106229979706, 5816.279566471672, 4978.071897256851, 5137.521391727257, 4790.77991783886, 4304.153242720604, 4173.931126040364, 3945.7597499999997, 4431.5679268833155]
shares:[0, 12.5, 19.7254, 28.694, 36.979, 43.8613, 50.5637, 57.6862, 65.3549, 72.8065, 79.4865, 85.9927, 92.8233, 99.6844, 107.4064, 115.1046, 123.0223, 131.219, 139.2511, 147.1876, 154.5895, 162.6346, 169.9875, 176.481, 183.2378, 189.8559, 195.9018, 202.1207, 208.1776, 215.0694, 221.521, 227.9643, 235.0515, 242.025, 248.8231, 255.9203, 262.1008, 268.0674, 274.0127, 280.055, 285.4055, 290.8109, 296.0247, 301.3326, 306.6041, 312.8895, 319.1007, 325.9034, 333.6553, 341.8453, 350.7342, 358.8314]
growth_rate:-13.11
