ticker:MRSN
price:[16.200000762939453, 18.649999618530273, 22.059999465942383, 19.454999923706055, 17.739999771118164, 19.469999313354492, 17.8799991607666, 18.479999542236328, 18.020000457763672, 22.3799991607666, 22.540000915527344, 23.350000381469727, 25.110000610351562, 23.31999969482422, 24.260000228881836, 25.68000030517578, 26.799999237060547, 26.610000610351562, 18.6299991607666, 21.09000015258789, 19.829999923706055, 19.059999465942383, 23.579999923706055, 22.549999237060547, 20.260000228881836, 18.18000030517578, 18.40999984741211, 18.0, 17.5, 16.6299991607666, 17.469999313354492, 15.8100004196167, 16.649999618530273, 16.020000457763672, 15.930000305175781, 15.420000076293945, 14.619999885559082, 14.050000190734863, 14.319999694824219, 14.619999885559082, 14.899999618530273, 13.760000228881836, 14.050000190734863, 13.460000038146973, 12.880000114440918, 12.489999771118164, 11.899999618530273, 11.0, 12.369999885559082, 12.170000076293945, 11.65999984741211, 13.010000228881836]
assets:[0, 99.99943295459748, 218.28369471549988, 292.5078693529129, 366.7230492685318, 502.48563627891536, 561.4498536472321, 680.2912871486664, 763.3578533916473, 1048.0553606986998, 1155.549210935974, 1297.0761761903764, 1494.8435343353271, 1488.2823805236817, 1648.2729355506895, 1844.751069922638, 2025.2062623466493, 2110.8489424163818, 1577.8323819227219, 1886.1778366466524, 1873.490800791931, 1900.7431987415314, 2451.4970500680924, 2444.413152297592, 2296.177255940437, 2160.438516265869, 2287.7701790382384, 2336.8212, 2371.90975, 2353.9913482057573, 2572.894148874283, 2428.417645453167, 2657.4415041151046, 2656.8898419193265, 2741.9640465286257, 2754.18009162693, 2711.29067477684, 2705.583246729469, 2857.575987101746, 3017.4407823803904, 3175.230148707771, 3032.2926264387133, 3196.1994183897973, 3161.9814829613683, 3125.730019772625, 3131.0843196222304, 3083.179231164742, 2949.9976, 3417.4066773838995, 3462.1532637042997, 3417.0667292827607, 3912.6964218351363]
shares:[0, 5.3619, 9.895, 15.0351, 20.6721, 25.8082, 31.401, 36.8123, 42.3617, 46.83, 51.2666, 55.5493, 59.5318, 63.82, 67.942, 71.8361, 75.5674, 79.3254, 84.6931, 89.4347, 94.4776, 99.7242, 103.9651, 108.3997, 113.3355, 118.836, 124.2678, 129.8234, 135.5377, 141.5509, 147.275, 153.6001, 159.6061, 165.8483, 172.1258, 178.6109, 185.4508, 192.5682, 199.5514, 206.3913, 213.1027, 220.3701, 227.4875, 234.9169, 242.6809, 250.6873, 259.0907, 268.1816, 276.2657, 284.4826, 293.0589, 300.7453]
growth_rate:-23.28
