ticker:MRTN
price:[18.049999237060547, 17.770000457763672, 16.350000381469727, 16.270000457763672, 16.770000457763672, 17.389999389648438, 16.959999084472656, 16.270000457763672, 15.350000381469727, 16.219999313354492, 17.75, 18.31999969482422, 17.790000915527344, 18.049999237060547, 17.670000076293945, 17.790000915527344, 17.170000076293945, 17.229999542236328, 17.8700008392334, 17.559999465942383, 17.65999984741211, 15.850000381469727, 16.899999618530273, 17.200000762939453, 16.440000534057617, 16.18000030517578, 16.850000381469727, 17.170000076293945, 16.59000015258789, 17.270000457763672, 17.209999084472656, 17.600000381469727, 17.610000610351562, 16.899999618530273, 16.719999313354492, 17.709999084472656, 17.670000076293945, 16.8799991607666, 17.059999465942383, 16.84000015258789, 16.950000762939453, 16.290000915527344, 16.579999923706055, 16.40999984741211, 16.579999923706055, 15.800000190734863, 15.25, 15.819999694824219, 15.1899995803833, 15.140000343322754, 15.829999923706055, 16.079999923706055]
assets:[0, 100.00067757606507, 192.00949947986604, 291.0703081893921, 400.0148209190369, 514.8031079315185, 602.0731834991456, 677.5788120639801, 739.265228371811, 881.1644386974335, 1064.2829, 1198.45957203598, 1263.78743303833, 1382.2581115745545, 1453.1578352743147, 1563.0259224380495, 1608.5525701475142, 1714.1730254581453, 1877.8458071897505, 1945.2704008378983, 2056.3480422325133, 1945.589131825447, 2174.4773209173204, 2313.0784626010895, 2310.8722350692747, 2374.3260547828672, 2572.644578242493, 2721.501673092842, 2729.5693151054384, 2941.45065596695, 3031.231558746338, 3199.9229493564603, 3301.7412784362796, 3268.622166220093, 3333.809023089409, 3631.20508228302, 3723.003637074852, 3656.5538582048416, 3795.5462131816867, 3846.599570854187, 3971.725873772049, 3917.0740721466063, 4086.80749719429, 4144.9034014587405, 4287.843312269211, 4186.123150534153, 4140.403974999999, 4395.159775215148, 4320.131577658367, 4405.911181910801, 4706.708549315643, 4881.040560841179]
shares:[0, 5.6275, 11.7437, 17.89, 23.853, 29.6034, 35.4996, 41.6459, 48.1606, 54.3258, 59.9596, 65.4181, 71.0392, 76.5794, 82.2387, 87.8598, 93.6839, 99.4877, 105.0837, 110.7785, 116.441, 122.7501, 128.6673, 134.4813, 140.564, 146.7445, 152.6792, 158.5033, 164.531, 170.3214, 176.132, 181.8138, 187.4924, 193.4096, 199.3905, 205.037, 210.6963, 216.6205, 222.4822, 228.4204, 234.3201, 240.4588, 246.4902, 252.584, 258.6154, 264.9445, 271.5019, 277.823, 284.4063, 291.0113, 297.3284, 303.5473]
growth_rate:-4.29
