ticker:MRTX
price:[138.4199981689453, 132.11000061035156, 161.08999633789062, 167.27000427246094, 162.0500030517578, 183.3000030517578, 198.6199951171875, 180.1999969482422, 217.13999938964844, 230.6699981689453, 229.0, 226.88999938964844, 232.5399932861328, 233.25999450683594, 238.2899932861328, 234.25, 234.8300018310547, 219.63999938964844, 217.47999572753906, 214.47000122070312, 214.4499969482422, 205.3300018310547, 207.52999877929688, 209.75, 204.7100067138672, 200.9199981689453, 190.5800018310547, 189.99000549316406, 178.6300048828125, 164.97999572753906, 179.72999572753906, 170.1699981689453, 158.19000244140625, 155.66000366210938, 166.22000122070312, 144.0, 156.6199951171875, 153.5800018310547, 158.14999389648438, 158.69000244140625, 172.0399932861328, 166.55999755859375, 164.2899932861328, 167.58999633789062, 167.67999267578125, 163.19000244140625, 157.1300048828125, 160.05999755859375, 151.39999389648438, 140.1699981689453, 134.1300048828125, 163.22000122070312]
assets:[0, 99.9940594619751, 221.9336879547119, 330.4418934402466, 420.1308379119873, 575.2320695770263, 723.3144362182618, 756.2273071929932, 1011.2426911575317, 1174.248692678833, 1265.7517, 1354.0795163574219, 1487.7908770446777, 1592.3960044998169, 1726.7446073486328, 1797.470525, 1901.9116678298951, 1878.8884107788085, 1960.4081774871827, 2033.2828465728758, 2133.0912296447755, 2142.372173104858, 2265.3352076751708, 2389.576875, 2432.159589767456, 2487.1283813339232, 2459.129995626831, 2551.5087767715454, 2498.9444533081055, 2407.982025640869, 2723.2688952636718, 2678.4077031799316, 2589.855081970215, 2648.430434307861, 2928.0982975036623, 2636.6688, 2967.7453014770504, 3010.1373198883052, 3199.7064915130613, 3310.63843793335, 3689.1568000305174, 3671.648586181641, 3721.6119309127807, 3896.3668608581547, 3998.4635693481446, 3991.398993713379, 3943.1774725341793, 4116.711125207519, 3993.9772589874265, 3797.7238793899533, 3734.072031933594, 4643.919152731323]
shares:[0, 0.7569, 1.3777, 1.9755, 2.5926, 3.1382, 3.6417, 4.1966, 4.6571, 5.0906, 5.5273, 5.968, 6.398, 6.8267, 7.2464, 7.6733, 8.0991, 8.5544, 9.0142, 9.4805, 9.9468, 10.4338, 10.9157, 11.3925, 11.881, 12.3787, 12.9034, 13.4297, 13.9895, 14.5956, 15.152, 15.7396, 16.3718, 17.0142, 17.6158, 18.3102, 18.9487, 19.5998, 20.2321, 20.8623, 21.4436, 22.044, 22.6527, 23.2494, 23.8458, 24.4586, 25.095, 25.7198, 26.3803, 27.0937, 27.8392, 28.4519]
growth_rate:-8.94
