ticker:MRUS
price:[10.920000076293945, 11.029999732971191, 12.9399995803833, 12.050000190734863, 12.029999732971191, 12.699999809265137, 13.050000190734863, 13.0600004196167, 12.180000305175781, 12.609999656677246, 13.140000343322754, 16.25, 16.5, 17.049999237060547, 17.469999313354492, 16.0, 18.170000076293945, 17.530000686645508, 20.729999542236328, 23.309999465942383, 27.200000762939453, 27.520000457763672, 26.0, 24.899999618530273, 22.84000015258789, 22.5, 22.739999771118164, 22.90999984741211, 22.950000762939453, 20.8799991607666, 21.59000015258789, 23.059999465942383, 22.520000457763672, 23.5, 20.940000534057617, 20.309999465942383, 22.1299991607666, 20.940000534057617, 21.149999618530273, 20.68000030517578, 23.139999389648438, 21.84000015258789, 22.450000762939453, 21.079999923706055, 17.81999969482422, 17.239999771118164, 18.31999969482422, 17.200000762939453, 19.850000381469727, 19.600000381469727, 22.219999313354492, 26.559999465942383]
assets:[0, 100.00018357906342, 217.31694095287324, 302.3706547861099, 401.8693590797424, 524.2509121265412, 638.698329335022, 739.1881877500534, 789.3809477783203, 917.2488530267716, 1055.8003415860176, 1405.688375, 1527.31425, 1678.2246049041746, 1819.5650674833298, 1766.4592, 2106.035649843025, 2131.854937504196, 2621.0120031223296, 3047.2159971849437, 3655.7399425407407, 3798.7480311878203, 3688.9346, 3632.8651243442537, 3432.315282930374, 3481.22025, 3618.3523795806886, 3745.4023780544285, 3851.9418980522155, 3604.5121671232223, 3827.080130047989, 4187.654395016098, 4189.591609161758, 4471.909000000001, 4084.7554341783525, 4061.861785192108, 4525.850388366699, 4382.480361771583, 4526.429858359527, 4525.842882788086, 5164.2161417861935, 4974.09279475212, 5213.0203871589665, 4994.897549922181, 4322.4422919761655, 4281.757375154495, 4649.987818540191, 4465.71015808525, 5253.741285964394, 5287.572462910652, 6094.381423670578, 7384.73428351078]
shares:[0, 9.0662, 16.7942, 25.093, 33.4056, 41.2796, 48.9424, 56.5994, 64.8096, 72.7398, 80.3501, 86.5039, 92.5645, 98.4296, 104.1537, 110.4037, 115.9073, 121.6118, 126.4357, 130.7257, 134.4022, 138.0359, 141.8821, 145.8982, 150.2765, 154.7209, 159.1184, 163.4833, 167.8406, 172.6299, 177.2617, 181.5982, 186.0387, 190.294, 195.0695, 199.9932, 204.512, 209.2875, 214.0156, 218.8512, 223.1727, 227.7515, 232.2058, 236.9496, 242.5613, 248.3618, 253.8203, 259.6343, 264.6721, 269.7741, 274.2746, 278.0397]
growth_rate:44.8
