ticker:MRVI
price:[29.850000381469727, 29.15999984741211, 27.6200008392334, 25.170000076293945, 29.989999771118164, 29.709999084472656, 28.049999237060547, 26.299999237060547, 27.770000457763672, 31.290000915527344, 34.84000015258789, 34.4900016784668, 34.5099983215332, 35.709999084472656, 32.52000045776367, 35.59000015258789, 36.04999923706055, 35.36000061035156, 33.439998626708984, 34.16999816894531, 34.65999984741211, 36.68000030517578, 36.79999923706055, 38.90999984741211, 37.150001525878906, 37.93000030517578, 37.18000030517578, 37.540000915527344, 42.709999084472656, 44.720001220703125, 44.849998474121094, 42.70000076293945, 39.27000045776367, 38.5099983215332, 36.79999923706055, 42.0, 43.970001220703125, 53.779998779296875, 57.70000076293945, 60.619998931884766, 59.56999969482422, 59.7400016784668]
assets:[0, 100.00130347671508, 194.72100591659546, 277.44891084098816, 430.5784227138519, 526.5592267738342, 597.1396037582397, 659.885390857315, 796.768522134018, 997.7630331939697, 1210.9652413036347, 1298.8003402065276, 1399.552981929779, 1548.2177233070374, 1509.9133772541047, 1752.455166513443, 1875.1046603164673, 1939.2166894729614, 1933.9187205791475, 2076.134918746948, 2205.9079622886657, 2434.4699602546693, 2542.4346672901156, 2788.208878065872, 2762.091468448639, 2920.082796494293, 2962.3425503150943, 3091.024905384064, 3616.72116147232, 3886.9283460998536, 3998.2293589729306, 3906.5632898002627, 3692.7584200458527, 3721.290455806732, 3656.0504842025757, 4272.6684, 4573.0779919586175, 5693.360412771606, 6208.346982089996, 6622.528775312042, 6607.820087148284, 6726.676396994018]
shares:[0, 3.4294, 7.05, 11.023, 14.3574, 17.7233, 21.2884, 25.0907, 28.6917, 31.8876, 34.7579, 37.6573, 40.555, 43.3553, 46.4303, 49.2401, 52.014, 54.8421, 57.8325, 60.759, 63.6442, 66.3705, 69.0879, 71.6579, 74.3497, 76.9861, 79.6757, 82.3395, 84.6809, 86.917, 89.1467, 91.4886, 94.0351, 96.6318, 99.3492, 101.7302, 104.0045, 105.8639, 107.597, 109.2466, 110.9253, 112.5992]
growth_rate:64.07
