ticker:MRVL
price:[37.36000061035156, 38.7599983215332, 38.4900016784668, 38.04999923706055, 39.77000045776367, 44.70000076293945, 42.959999084472656, 41.43000030517578, 37.5099983215332, 45.130001068115234, 43.2599983215332, 43.959999084472656, 45.11000061035156, 43.380001068115234, 42.939998626708984, 47.5099983215332, 47.04999923706055, 47.540000915527344, 49.08000183105469, 50.77000045776367, 52.619998931884766, 51.459999084472656, 50.04999923706055, 53.81999969482422, 51.88999938964844, 48.279998779296875, 41.5099983215332, 47.15999984741211, 47.0, 46.970001220703125, 49.65999984741211, 49.599998474121094, 47.90999984741211, 46.099998474121094, 45.209999084472656, 45.959999084472656, 43.36000061035156, 46.220001220703125, 48.29999923706055, 48.70000076293945, 52.099998474121094, 54.27000045776367, 56.29999923706055, 57.41999816894531, 57.0, 53.970001220703125, 58.91999816894531, 60.5099983215332, 60.540000915527344, 60.38999938964844, 59.849998474121094, 61.34000015258789]
assets:[0, 100.00079566955567, 199.3050776912689, 297.02590404434204, 410.45424372444154, 561.333669580841, 639.4810663719178, 716.7058612792969, 748.8946184890747, 1001.0285536918641, 1059.5498348899841, 1176.6948794937134, 1307.4772796905518, 1357.3342054206848, 1443.5654618324281, 1697.1996700401305, 1780.7671911239622, 1899.313362577057, 2060.839828884888, 2231.803527122879, 2413.126841016769, 2459.9320442352296, 2492.530002005005, 2780.2766002349854, 2780.5775072937013, 2687.13437605896, 2410.3361665374755, 2838.409478816223, 2928.7815, 3026.911273666382, 3300.264541859436, 3396.2755755180356, 3380.5535442333226, 3352.839059023285, 3388.1096673889156, 3544.315633396912, 3443.811680476379, 3770.965105593872, 4040.66684617424, 4174.13063539238, 4565.548916286469, 4855.705177957535, 5137.335520382309, 5339.537307728577, 5400.4821, 5213.404971917725, 5791.564788015747, 6047.8533122406, 6150.851985017395, 6235.611659977722, 6279.850864894867, 6536.194128259277]
shares:[0, 2.58, 5.1781, 7.8062, 10.3207, 12.5578, 14.8855, 17.2992, 19.9652, 22.181, 24.4926, 26.7674, 28.9842, 31.2894, 33.6182, 35.723, 37.8484, 39.9519, 41.9894, 43.9591, 45.8595, 47.8028, 49.8008, 51.6588, 53.586, 55.6573, 58.0664, 60.1868, 62.3145, 64.4435, 66.4572, 68.4733, 70.5605, 72.7297, 74.9416, 77.1174, 79.4237, 81.5873, 83.6577, 85.7111, 87.6305, 89.4731, 91.2493, 92.9909, 94.7453, 96.5982, 98.2954, 99.948, 101.5998, 103.2557, 104.9265, 106.5568]
growth_rate:28.16
