ticker:MSAC
price:[9.9399995803833, 9.8100004196167, 9.890000343322754, 9.819999694824219, 9.770000457763672, 9.699999809265137, 9.670000076293945, 9.720000267028809, 9.739999771118164, 9.729999542236328, 9.699999809265137, 9.649999618530273, 9.649999618530273, 9.630000114440918, 9.619999885559082, 9.628999710083008, 9.609999656677246, 9.630000114440918, 9.630000114440918, 9.600000381469727, 9.640000343322754, 9.619999885559082, 9.619999885559082]
assets:[0, 100.00020127744675, 200.81546797113418, 299.39411469573975, 397.86959064178467, 495.0191202662468, 593.4885186824798, 696.5575751358986, 797.9903892478942, 897.1711487911224, 994.4051804466249, 1089.279411940193, 1189.2794629871369, 1286.8145432922363, 1385.4781555181503, 1486.774366335106, 1583.8403804163934, 1687.1365370495796, 1787.136384237957, 1881.5693547668457, 1989.4087988515855, 2085.2811991931912, 2185.2810980035783]
shares:[0, 10.1937, 20.3049, 30.4882, 40.7236, 51.0329, 61.3742, 71.6623, 81.9292, 92.2067, 102.516, 112.8787, 123.2414, 133.6256, 144.0206, 154.4059, 164.8117, 175.1959, 185.5801, 195.9968, 206.3702, 216.7652, 227.1602]
growth_rate:-0.67
