ticker:MSBI
price:[14.920000076293945, 14.319999694824219, 14.119999885559082, 12.6899995803833, 13.609999656677246, 14.319999694824219, 14.210000038146973, 14.869999885559082, 14.899999618530273, 14.609999656677246, 17.1200008392334, 17.81999969482422, 18.030000686645508, 18.100000381469727, 17.549999237060547, 17.489999771118164, 17.459999084472656, 17.8700008392334, 19.139999389648438, 20.06999969482422, 19.559999465942383, 18.389999389648438, 20.420000076293945, 20.59000015258789, 22.600000381469727, 24.5, 27.559999465942383, 29.200000762939453, 28.809999465942383, 27.790000915527344, 27.399999618530273, 28.049999237060547, 28.530000686645508, 28.3799991607666, 28.18000030517578, 28.719999313354492, 28.399999618530273, 27.809999465942383, 27.860000610351562, 27.670000076293945, 27.049999237060547, 26.010000228881836, 26.790000915527344, 26.200000762939453, 25.780000686645508, 25.309999465942383, 24.079999923706055, 24.610000610351562, 25.43000030517578, 25.309999465942383, 25.3799991607666, 25.739999771118164]
assets:[0, 99.99942186889649, 198.60344639034273, 278.48965479125974, 398.67908094301225, 519.4766049293518, 615.4862576522827, 744.0724892735481, 845.5734883516311, 929.115623166561, 1188.7375302726743, 1337.3428630973817, 1453.1026633392332, 1558.7448828516006, 1611.3795049495698, 1705.871386676216, 1802.945695461273, 1945.2836163568497, 2183.533238369751, 2389.6304996643066, 2428.907921682167, 2383.6197708892823, 2746.7391342624665, 2869.6056722660064, 3249.7376748529437, 3622.9448500000003, 4175.441891088295, 4523.909398200989, 4563.486629405595, 4501.919010313416, 4538.738696810532, 4746.410495901108, 4927.633246595764, 5001.725108092499, 5066.476618867493, 5263.56309815731, 5304.915448744202, 5294.706864321518, 5404.227198394776, 5467.370655075074, 5444.864591428757, 5335.524982951355, 5595.528368222809, 5572.297382264328, 5582.971086701393, 5581.1864432332995, 5409.954854859352, 5629.028212605285, 5916.587102002716, 5988.667310635185, 6105.229862120056, 6291.828916052627]
shares:[0, 6.9832, 14.0654, 21.9456, 29.2931, 36.2763, 43.3136, 50.0385, 56.7499, 63.5945, 69.4356, 75.0473, 80.5936, 86.1185, 91.8165, 97.5341, 103.2615, 108.8575, 114.0822, 119.0648, 124.1773, 129.615, 134.5122, 139.3689, 143.7937, 147.8753, 151.5037, 154.9284, 158.3994, 161.9978, 165.6474, 169.2125, 172.7176, 176.2412, 179.7898, 183.2717, 186.7928, 190.3886, 193.978, 197.592, 201.2889, 205.1336, 208.8663, 212.6831, 216.5621, 220.5131, 224.6659, 228.7293, 232.6617, 236.6127, 240.5528, 244.4378]
growth_rate:23.37
