ticker:MSDAU
price:[10.0, 10.180000305175781, 10.300000190734863, 10.229999542236328, 10.335000038146973, 10.300000190734863, 10.260000228881836, 10.130000114440918, 10.109999656677246, 10.260000228881836, 10.1899995803833, 10.15999984741211, 10.119999885559082, 10.100000381469727, 10.119999885559082, 10.175000190734863, 10.119999885559082, 10.119999885559082, 10.017999649047852, 10.010000228881836, 10.020000457763672, 10.010000228881836, 9.979999542236328, 10.0]
assets:[0, 100.00017899780273, 201.17857372541428, 299.8116195842743, 402.8893064870834, 501.5245192872047, 599.5769713754654, 691.9803078174591, 790.6141051517486, 902.344448129654, 996.1876059777261, 1093.2545915809633, 1188.9502105548859, 1286.600668593979, 1389.1480962909698, 1496.697758056259, 1588.607222035408, 1688.6069889045714, 1771.5870651374817, 1870.172346762085, 1972.0402980926513, 2070.072051332855, 2163.8674927474976, 2268.204]
shares:[0, 9.8232, 19.5319, 29.3071, 38.983, 48.6917, 58.4383, 68.31, 78.2012, 87.9478, 97.7613, 107.6038, 117.4852, 127.3862, 137.2676, 147.0956, 156.977, 166.8584, 176.8404, 186.8304, 196.8104, 206.8004, 216.8204, 226.8204]
growth_rate:-1.38
