ticker:MSEX
price:[63.900001525878906, 61.869998931884766, 62.41999816894531, 61.56999969482422, 63.02000045776367, 64.27999877929688, 66.87999725341797, 69.69999694824219, 64.13999938964844, 66.8499984741211, 71.05999755859375, 69.88999938964844, 69.5999984741211, 70.62999725341797, 74.58000183105469, 71.62999725341797, 71.19999694824219, 72.47000122070312, 72.37000274658203, 71.63999938964844, 73.83999633789062, 79.5999984741211, 83.05999755859375, 79.29000091552734, 76.48999786376953, 68.66999816894531, 70.68000030517578, 78.01000213623047, 79.08999633789062, 79.19999694824219, 79.13999938964844, 79.72000122070312, 82.93000030517578, 84.37000274658203, 82.0199966430664, 80.66999816894531, 79.7300033569336, 80.5199966430664, 85.95999908447266, 85.79000091552734, 86.9000015258789, 84.26000213623047, 82.87000274658203, 82.95999908447266, 84.1500015258789, 94.98999786376953, 96.3499984741211, 101.73999786376953, 108.44999694824219, 108.86000061035156, 107.79000091552734, 107.11000061035156]
assets:[0, 100.00047927360535, 200.8925221069336, 298.15888052215575, 405.1807909431458, 513.2822182525634, 634.0424379615783, 760.7754666900635, 800.0887663864136, 933.8944786834717, 1092.7109004577637, 1174.7180987411498, 1269.845012160492, 1388.6351870002745, 1566.291908454895, 1604.3400264831544, 1694.7094473617553, 1824.939570739746, 1922.4222789596558, 2003.0328909347536, 2164.5456526489256, 2433.395833353424, 2639.1649744262695, 2619.376896244812, 2626.880698635864, 2458.3172644500733, 2630.2713953567504, 3003.049639235687, 3144.6261633941654, 3248.997714808655, 3346.5377561904907, 3471.0646571502684, 3710.8272586555477, 3875.2660921554566, 3867.3248617172244, 3903.669613394165, 3958.1800706542967, 4097.396913176727, 4474.217952346801, 4565.3663727203375, 4724.431552956391, 4680.904324674225, 4703.684781895447, 4808.792938931275, 4977.77553026123, 5718.996308385467, 5900.878576548767, 6330.985021068573, 6848.530547283935, 6974.420747103883, 7005.865004505158, 7061.665941239929]
shares:[0, 1.6163, 3.2184, 4.8426, 6.4294, 7.9851, 9.4803, 10.915, 12.4741, 13.97, 15.3773, 16.8081, 18.2449, 19.6607, 21.0015, 22.3976, 23.8021, 25.182, 26.5638, 27.9597, 29.314, 30.5703, 31.7742, 33.0354, 34.3428, 35.799, 37.2138, 38.4957, 39.7601, 41.0227, 42.2863, 43.5407, 44.7465, 45.9318, 47.151, 48.3906, 49.6448, 50.8867, 52.05, 53.2156, 54.3663, 55.5531, 56.7598, 57.9652, 59.1536, 60.2063, 61.2442, 62.2271, 63.1492, 64.0678, 64.9955, 65.9291]
growth_rate:38.46
