ticker:MSFT
price:[214.25, 204.02999877929688, 200.38999938964844, 207.82000732421875, 206.19000244140625, 215.80999755859375, 219.66000366210938, 216.22999572753906, 202.47000122070312, 223.72000122070312, 216.50999450683594, 210.38999938964844, 215.22999572753906, 214.36000061035156, 213.25999450683594, 218.58999633789062, 222.75, 222.4199981689453, 219.6199951171875, 212.64999389648438, 225.9499969482422, 231.9600067138672, 242.1999969482422, 244.99000549316406, 240.97000122070312, 232.3800048828125, 231.60000610351562, 235.75, 230.35000610351562, 236.47999572753906, 242.35000610351562, 255.85000610351562, 260.739990234375, 261.1499938964844, 252.17999267578125, 252.4600067138672, 248.14999389648438, 245.1699981689453, 249.67999267578125, 250.7899932861328, 257.8900146484375, 259.42999267578125, 265.0199890136719, 277.6499938964844, 277.94000244140625, 280.75, 289.6700134277344, 284.9100036621094, 289.4599914550781, 292.8500061035156, 304.3599853515625, 299.7200012207031]
assets:[0, 99.99510240173339, 198.20574839630126, 305.5577567687988, 403.16331177368164, 521.9796410949707, 631.2808845245361, 721.4297577453613, 775.5208456756592, 956.9175612213136, 1026.084165966797, 1097.0786518173218, 1222.3126687362671, 1317.3708197509766, 1410.6082336654663, 1545.8684541015625, 1675.280475, 1772.7985954055787, 1850.4741548583986, 1891.7556107025148, 2110.079236500549, 2266.20287359314, 2466.249908924866, 2594.6646491775514, 2652.0917364349366, 2657.54421184082, 2748.6288724365236, 2897.88615, 2931.503282675171, 3109.5227598205565, 3286.7023127746584, 3569.7983801605224, 3738.020647998047, 3843.892875161743, 3811.8518972900392, 3916.0838861434936, 3949.23270786438, 4001.811812112427, 4175.423485516357, 4293.976107046509, 4515.551000488281, 4642.525661932373, 4842.551247253418, 5173.341276275635, 5278.747702368164, 5432.11945, 5704.703310443115, 5710.96404140625, 5902.176063766479, 6071.307756536865, 6409.943035498048, 6412.209706115722]
shares:[0, 0.4901, 0.9891, 1.4703, 1.9553, 2.4187, 2.8739, 3.3364, 3.8303, 4.2773, 4.7392, 5.2145, 5.6791, 6.1456, 6.6145, 7.072, 7.5209, 7.9705, 8.4258, 8.8961, 9.3387, 9.7698, 10.1827, 10.5909, 11.0059, 11.4362, 11.868, 12.2922, 12.7263, 13.1492, 13.5618, 13.9527, 14.3362, 14.7191, 15.1156, 15.5117, 15.9147, 16.3226, 16.7231, 17.1218, 17.5096, 17.8951, 18.2724, 18.6326, 18.9924, 19.3486, 19.6938, 20.0448, 20.3903, 20.7318, 21.0604, 21.394]
growth_rate:25.73
