ticker:MSGM
price:[30.0, 29.979999542236328, 30.18000030517578, 32.65999984741211, 30.270000457763672, 28.989999771118164, 26.850000381469727, 20.149999618530273, 25.459999084472656, 24.229999542236328, 23.899999618530273, 23.219999313354492, 23.200000762939453, 20.700000762939453, 19.219999313354492, 21.309999465942383, 21.549999237060547, 17.729999542236328, 17.200000762939453, 16.239999771118164, 14.819999694824219, 13.899999618530273, 12.100000381469727, 13.569999694824219, 14.0, 12.960000038146973, 13.020000457763672, 13.34000015258789, 11.569999694824219, 11.829999923706055, 10.289999961853027, 9.239999771118164, 10.270000457763672, 10.199999809265137]
assets:[0, 100.0012864730835, 200.66984002914427, 317.15799251823427, 393.9489209575653, 477.2913562316894, 542.0585477012635, 506.7966704055786, 740.348767377472, 804.5813647994996, 893.6233757368087, 968.1973453691483, 1067.3624351005553, 1052.3445687862395, 1077.1041375198363, 1294.2287215648653, 1408.805340123749, 1259.0781874923705, 1321.4416586151124, 1347.6861250061036, 1329.8459966156006, 1347.2908230251312, 1272.8220301275253, 1527.4540926490783, 1675.856, 1651.3632048606873, 1759.0085718441012, 1902.241333758545, 1749.844439845276, 1889.1669948163988, 1743.2402125374795, 1665.3584227478027, 1950.999175961685, 2037.700881896019]
shares:[0, 3.3356, 6.6491, 9.7109, 13.0145, 16.464, 20.1884, 25.1512, 29.0789, 33.206, 37.3901, 41.6967, 46.007, 50.8379, 56.0408, 60.7334, 65.3738, 71.014, 76.828, 82.9856, 89.7332, 96.9274, 105.1919, 112.5611, 119.704, 127.42, 135.1005, 142.5968, 151.2398, 159.6929, 169.4111, 180.2336, 189.9707, 199.7746]
growth_rate:-38.25
