ticker:MSON
price:[12.15999984741211, 11.5, 13.270000457763672, 11.640000343322754, 11.40999984741211, 12.670000076293945, 12.489999771118164, 12.489999771118164, 11.359999656677246, 11.75, 12.420000076293945, 13.020000457763672, 13.989999771118164, 14.029999732971191, 12.710000038146973, 13.84000015258789, 12.989999771118164, 12.5, 13.760000228881836, 12.039999961853027, 13.90999984741211, 13.760000228881836, 18.75, 17.520000457763672, 16.940000534057617, 16.760000228881836, 18.739999771118164, 19.43000030517578, 20.059999465942383, 19.350000381469727, 19.729999542236328, 19.850000381469727, 19.639999389648438, 19.280000686645508, 18.56999969482422, 19.899999618530273, 19.09000015258789, 19.459999084472656, 19.190000534057617, 22.5, 22.809999465942383, 22.299999237060547, 22.459999084472656, 21.979999542236328, 21.969999313354492, 22.489999771118164, 22.979999542236328, 26.540000915527344, 26.200000762939453, 25.969999313354492, 26.68000030517578, 26.020000457763672]
assets:[0, 100.00055, 215.39201243019104, 288.9350725221634, 383.225382875061, 525.5452681646348, 618.0788796735764, 718.0788138410568, 753.1123132393838, 878.966975, 1029.0864303215028, 1178.80089544487, 1366.6229206415176, 1470.5305710118294, 1432.1767852984428, 1659.5059782962799, 1657.585023793602, 1695.0587500000001, 1965.9201287008284, 1820.1795022330282, 2202.882163835144, 2279.1266299106596, 3205.640625, 3095.351336875534, 3092.8798875074385, 3160.0159191545486, 3633.3355176240925, 3867.1141007385254, 4092.5006710453035, 4047.652429796219, 4227.1405639244085, 4352.851003651428, 4406.799495050049, 4426.022997630119, 4363.030713298797, 4775.514348456573, 4681.133388416672, 4871.861366795349, 4904.265620485688, 5850.179999999999, 6030.781378799438, 5995.941284863663, 6138.962351760102, 6107.76490679741, 6204.98690607071, 6451.850170339203, 6692.419306686402, 7829.191456076813, 7828.8929679759985, 7860.165693177604, 8175.056245509339, 8072.824834023285]
shares:[0, 8.6957, 16.2315, 24.8226, 33.5868, 41.4795, 49.4859, 57.4923, 66.2951, 74.8057, 82.8572, 90.5377, 97.6857, 104.8133, 112.6811, 119.9065, 127.6047, 135.6047, 142.8721, 151.1777, 158.3668, 165.6342, 170.9675, 176.6753, 182.5785, 188.5451, 193.8813, 199.028, 204.013, 209.181, 214.2494, 219.2872, 224.3788, 229.5655, 234.9505, 239.9756, 245.2139, 250.3526, 255.5636, 260.008, 264.392, 268.8763, 273.3287, 277.8783, 282.43, 286.8764, 291.228, 294.9959, 298.8127, 302.6633, 306.4114, 310.2546]
growth_rate:58.29
