ticker:MSTR
price:[142.19000244140625, 141.1300048828125, 159.58999633789062, 146.1300048828125, 146.4600067138672, 164.72999572753906, 164.6999969482422, 184.3000030517578, 167.07000732421875, 185.6199951171875, 192.27000427246094, 222.11000061035156, 271.260009765625, 328.0, 285.9200134277344, 301.20001220703125, 322.6099853515625, 388.54998779296875, 531.6400146484375, 578.0700073242188, 577.030029296875, 617.3099975585938, 806.0, 1034.31005859375, 963.719970703125, 750.4099731445312, 620.239990234375, 784.0, 777.0399780273438, 624.0, 703.5599975585938, 711.0, 693.6199951171875, 613.0399780273438, 657.1599731445312, 620.4600219726562, 521.3099975585938, 450.5199890136719, 470.0, 484.6700134277344, 516.4400024414062, 646.4600219726562, 550.0499877929688, 635.6099853515625, 628.6599731445312, 523.0900268554688, 539.7100219726562, 626.010009765625, 748.719970703125, 728.0, 716.5599975585938, 707.2000122070312]
assets:[0, 100.00472145996093, 213.08456311035155, 295.10954486083983, 395.77887614288335, 545.1574478607178, 645.0640080474853, 821.8305736083985, 845.0066830444337, 1038.82230267334, 1176.0387081329345, 1458.5519520080566, 1881.2966717285155, 2374.8184, 2170.1329019165037, 2386.1064967041016, 2655.7253994140624, 3298.5562663696287, 4613.306227111817, 5116.208599822999, 5207.00357836914, 5670.486175573731, 7503.7794, 9729.340997167968, 9165.362409375, 7236.728658013917, 6081.391080249024, 7787.079999999999, 7817.95462692871, 6378.216, 7291.414390698242, 7468.4862, 7385.94315600586, 6627.8817224426275, 7204.904797564697, 6902.555698443603, 5899.508849371338, 5198.414997232056, 5523.205, 5795.587086566163, 6275.469045666504, 7955.401676397705, 6868.969242559814, 8037.415386767579, 8049.5508941345215, 6797.816444000244, 7113.809857617187, 8351.286535278321, 10088.327757250976, 9909.172, 9853.488182427978, 9824.776169586181]
shares:[0, 0.7086, 1.3352, 2.0195, 2.7023, 3.3094, 3.9166, 4.4592, 5.0578, 5.5965, 6.1166, 6.5668, 6.9354, 7.2403, 7.59, 7.922, 8.232, 8.4894, 8.6775, 8.8505, 9.0238, 9.1858, 9.3099, 9.4066, 9.5104, 9.6437, 9.8049, 9.9325, 10.0612, 10.2215, 10.3636, 10.5042, 10.6484, 10.8115, 10.9637, 11.1249, 11.3167, 11.5387, 11.7515, 11.9578, 12.1514, 12.3061, 12.4879, 12.6452, 12.8043, 12.9955, 13.1808, 13.3405, 13.4741, 13.6115, 13.7511, 13.8925]
growth_rate:92.64
