ticker:MSVB
price:[12.680000305175781, 12.5600004196167, 12.899999618530273, 12.899999618530273, 12.680000305175781, 12.75, 13.010000228881836, 13.270000457763672, 13.600000381469727, 13.600000381469727, 12.75, 13.890000343322754, 14.640000343322754, 14.239999771118164, 14.475000381469727, 14.699999809265137, 14.40999984741211, 14.40999984741211, 15.079999923706055, 14.979999542236328, 15.515999794006348, 15.130000114440918, 16.239999771118164, 15.949999809265137, 16.299999237060547, 15.850000381469727, 15.8100004196167, 15.824999809265137, 15.869999885559082, 15.199999809265137, 15.199999809265137, 15.199999809265137, 15.859999656677246, 15.739999771118164, 15.100000381469727, 15.425000190734863, 15.25, 15.210000038146973, 15.446999549865723, 15.446999549865723, 15.269000053405762, 15.600000381469727, 16.290000915527344, 15.34000015258789, 16.290000915527344, 15.949999809265137, 15.399999618530273, 15.850000381469727, 15.699999809265137, 15.449999809265137, 15.390000343322754, 15.369999885559082]
assets:[0, 100.00021134090424, 202.70672400569916, 302.70623104858396, 397.5433695678711, 499.73752499999995, 609.9283257303239, 722.117595910263, 840.0747435634613, 940.07418636837, 981.3190500000001, 1169.0602128959656, 1332.184399241066, 1395.7862655653, 1518.8212600265504, 1642.4295086892128, 1710.0274768924712, 1810.0271118335725, 1994.185221910858, 2080.9616164093018, 2255.4212460565564, 2299.3121693916323, 2567.998683807373, 2622.1416886436464, 2779.6812498939516, 2802.941012459755, 2895.867184859848, 2998.6143313584325, 3107.1412545939447, 3075.963161401749, 3175.9624401469227, 3275.9617188920975, 3518.207863841057, 3591.587775773239, 3545.5510595708847, 3721.8628185219764, 3779.637775, 3869.7236467053413, 4030.020232362938, 4130.019473348903, 4182.427999328708, 4373.095066936111, 4666.519999266816, 4494.377672705841, 4872.712314855195, 4871.010316751003, 4803.044281024933, 5043.392456381798, 5095.662588094235, 5114.521586859702, 5194.659148883343, 5287.908593627644]
shares:[0, 7.9618, 15.7137, 23.4656, 31.352, 39.1951, 46.8815, 54.4173, 61.7702, 69.1231, 76.9662, 84.1656, 90.9962, 98.0187, 104.9272, 111.7299, 118.6695, 125.6091, 132.2404, 138.916, 145.361, 151.9704, 158.128, 164.3976, 170.5326, 176.8417, 183.1668, 189.4859, 195.7871, 202.366, 208.9449, 215.5238, 221.829, 228.1822, 234.8047, 241.2877, 247.8451, 254.4197, 260.8934, 267.3671, 273.9163, 280.3266, 286.4653, 292.9842, 299.1229, 305.3925, 311.886, 318.1951, 324.5645, 331.037, 337.5347, 344.0409]
growth_rate:3.68
