ticker:MTAC
price:[10.319999694824219, 10.850000381469727, 10.279999732971191, 9.899999618530273, 9.880000114440918, 9.930000305175781, 9.819999694824219, 9.770000457763672, 9.899999618530273, 9.859999656677246, 9.779999732971191, 9.779999732971191, 9.699999809265137, 9.6899995803833, 9.850000381469727, 9.699999809265137, 9.8100004196167, 9.859999656677246, 9.819999694824219, 9.8100004196167, 9.675000190734863, 9.710000038146973, 9.680000305175781, 9.680000305175781, 9.710000038146973, 9.710000038146973, 9.880000114440918, 9.8100004196167, 9.800000190734863, 9.789999961853027, 9.789999961853027]
assets:[0, 100.00011351585388, 194.74637094135284, 287.5474689201355, 386.9670004822731, 488.925411026001, 583.5092918663024, 680.5381748859405, 789.5932795751572, 886.4031231356621, 979.210737264061, 1079.210256533718, 1170.3825769863129, 1269.175796039486, 1390.1325238368988, 1468.9631211152077, 1585.6217598239898, 1693.7034130256654, 1786.8324144706726, 1885.0131626302718, 1959.07240612154, 2066.1598361171723, 2159.7765000900267, 2259.776711242676, 2366.780466298199, 2466.7808436910627, 2609.9690022315026, 2691.4776011262893, 2788.7341142764094, 2885.888356755066, 2985.8883113654138]
shares:[0, 9.2166, 18.9442, 29.0452, 39.1667, 49.2372, 59.4205, 69.6559, 79.7569, 89.8989, 100.1238, 110.3487, 120.658, 130.9779, 141.1302, 151.4395, 161.6332, 171.7752, 181.9585, 192.1522, 202.4881, 212.7868, 223.1174, 233.448, 243.7467, 254.0454, 264.1669, 274.3606, 284.5647, 294.7792, 304.9937]
growth_rate:-0.47
