ticker:MTACU
price:[10.359999656677246, 10.449999809265137, 10.5, 10.633999824523926, 10.470000267028809, 10.489999771118164, 10.600000381469727, 10.970000267028809, 10.949999809265137, 11.460000038146973, 10.842000007629395, 10.199999809265137, 10.270000457763672, 10.319999694824219, 10.239999771118164, 10.100000381469727, 10.25, 10.25, 10.069999694824219, 10.029999732971191, 10.199999809265137, 9.930000305175781, 10.210000038146973, 10.0, 10.1899995803833, 10.180000305175781, 10.180000305175781, 10.15999984741211, 10.020000457763672, 10.182999610900879, 10.050000190734863, 10.0649995803833, 10.0, 9.949999809265137, 10.199999809265137, 10.15999984741211, 10.050000190734863, 9.960000038146973]
assets:[0, 100.0002281747818, 200.4786, 303.0370929994583, 398.36361715993877, 499.1246791095734, 604.3590217494965, 725.4548936588286, 824.1320256446838, 962.5162352039337, 1010.6110099111556, 1050.7682803511618, 1157.979523614502, 1263.6168826332093, 1353.8211537397385, 1435.3120642107008, 1556.62855, 1656.628575, 1727.5366436462402, 1820.6746385281563, 1951.533323507309, 1999.8752504615784, 2156.26624405632, 2211.916, 2353.9418720664025, 2451.6321674949645, 2551.6323464927673, 2646.61900025177, 2710.1496038131713, 2854.2367478377346, 2916.9572803597453, 3021.310567539501, 3101.799, 3186.290428920937, 3366.3477570509913, 3453.1462041389464, 3515.7594067241666, 3584.275333727837]
shares:[0, 9.5694, 19.0932, 28.497, 38.0481, 47.581, 57.015, 66.1308, 75.2632, 83.9892, 93.2126, 103.0165, 112.7536, 122.4435, 132.2091, 142.1101, 151.8662, 161.6223, 171.5528, 181.5229, 191.3268, 201.3973, 211.1916, 221.1916, 231.0051, 240.8283, 250.6515, 260.494, 270.474, 280.2943, 290.2445, 300.1799, 310.1799, 320.2302, 330.0341, 339.8766, 349.8268, 359.867]
growth_rate:-3.13
