ticker:MTACW
price:[2.450000047683716, 2.799999952316284, 2.009999990463257, 1.4299999475479126, 1.3899999856948853, 1.1699999570846558, 1.2300000190734863, 1.0800000429153442, 1.1100000143051147, 1.0700000524520874, 0.8899999856948853, 0.9300000071525574, 0.9399999976158142, 0.800000011920929, 0.9800000190734863, 0.8500000238418579, 1.0509999990463257, 0.9890000224113464, 1.1200000047683716, 1.100000023841858, 1.090000033378601, 1.0700000524520874, 1.0800000429153442, 1.0199999809265137, 0.9010000228881836, 0.8500000238418579, 1.0499999523162842, 0.9399999976158142, 0.949999988079071, 0.8980000019073486, 0.8984000086784363]
assets:[0, 100.00003829700947, 171.7856541849375, 222.21569984917642, 315.9998167479038, 365.98546357573275, 484.7539545170307, 525.6376408869625, 640.23868425107, 717.1670001559854, 696.5220878046871, 827.8264863667488, 936.7278576241135, 897.2152133695483, 1199.088627337551, 1140.0258969768643, 1509.6084730301857, 1520.5545018566966, 1821.9625837569595, 1889.427580952239, 1972.2509653953912, 2036.062867809105, 2155.091485635638, 2135.3640440697673, 1986.2383324565888, 1973.8097903638723, 2538.2354447309494, 2372.3251819829106, 2497.562698659718, 2460.854061226845, 2561.950235148132]
shares:[0, 35.7143, 85.4655, 155.3956, 227.338, 312.8081, 394.1089, 486.7015, 576.7916, 670.2495, 782.6091, 890.136, 996.519, 1121.519, 1223.5598, 1341.2069, 1436.3544, 1537.4666, 1626.7523, 1717.6614, 1809.4045, 1902.8624, 1995.455, 2093.4942, 2204.482, 2322.1291, 2417.3672, 2523.7502, 2629.0134, 2740.372, 2851.681]
growth_rate:-14.6
