ticker:MTBCP
price:[25.3799991607666, 25.489999771118164, 25.65999984741211, 25.600000381469727, 25.454999923706055, 25.25, 25.309999465942383, 25.31999969482422, 25.110000610351562, 25.309999465942383, 25.850000381469727, 25.920000076293945, 26.290000915527344, 26.030000686645508, 26.209999084472656, 26.360000610351562, 26.459999084472656, 26.459999084472656, 26.600000381469727, 26.860000610351562, 26.780000686645508, 26.239999771118164, 26.922000885009766, 27.0, 27.329999923706055, 27.770000457763672, 27.599000930786133, 27.610000610351562, 28.208999633789062, 27.488000869750977, 28.049999237060547, 27.850000381469727, 28.950000762939453, 29.510000228881836, 30.959999084472656, 28.90999984741211, 28.450000762939453, 28.399999618530273, 28.420000076293945, 28.549999237060547, 28.68000030517578, 28.75, 28.93400001525879, 28.739999771118164, 28.92799949645996, 28.950000762939453, 29.389999389648438, 29.06999969482422, 28.881999969482422, 28.93000030517578, 29.104000091552734, 29.59000015258789]
assets:[0, 99.99981810207366, 200.66633080673216, 300.1958444732666, 398.4954783056259, 495.28632500000003, 596.463040414238, 696.6975156028748, 790.9198212249756, 897.2192330680847, 1016.3625599985123, 1119.1141472940444, 1235.0884690109253, 1322.87326789608, 1432.019993978882, 1540.2148356628418, 1646.0580210456849, 1746.0582955856325, 1855.2968266067505, 1973.4311048431398, 2067.552631012535, 2125.8624454568862, 2281.11459598732, 2387.7234000000003, 2516.9071489738462, 2657.4279778053283, 2741.0637749433517, 2842.156896829224, 3003.818400604248, 3027.044626979065, 3188.934288263321, 3266.197914738083, 3495.203072111511, 3662.8136894090653, 3942.7899394065857, 3781.7199710399627, 3821.5463524818415, 3914.8291874158863, 4017.5847847852706, 4135.961304475021, 4254.795633274078, 4365.181500000001, 4493.117461369515, 4562.9922836608885, 4692.841825513267, 4796.410071403122, 4969.308120800782, 5015.202859350587, 5082.7698826293945, 5191.216612760925, 5322.440583142853, 5511.318027420425]
shares:[0, 3.9231, 7.8202, 11.7264, 15.6549, 19.6153, 23.5663, 27.5157, 31.4982, 35.4492, 39.3177, 43.1757, 46.9794, 50.8211, 54.6364, 58.43, 62.2093, 65.9886, 69.748, 73.471, 77.2051, 81.0161, 84.7305, 88.4342, 92.0932, 95.6942, 99.3175, 102.9394, 106.4844, 110.1224, 113.6875, 117.2782, 120.7324, 124.1211, 127.3511, 130.8101, 134.325, 137.8461, 141.3647, 144.8673, 148.3541, 151.8324, 155.2885, 158.768, 162.2249, 165.6791, 169.0816, 172.5216, 175.984, 179.4406, 182.8766, 186.2561]
growth_rate:8.07
