ticker:MTBC
price:[8.819999694824219, 9.420000076293945, 9.550000190734863, 8.510000228881836, 8.510000228881836, 8.4399995803833, 8.859999656677246, 8.600000381469727, 7.670000076293945, 8.819999694824219, 8.380000114440918, 10.25, 10.600000381469727, 10.670000076293945, 9.40999984741211, 9.619999885559082, 9.369999885559082, 9.069999694824219, 9.380000114440918, 9.579999923706055, 10.25, 11.420000076293945, 10.75, 10.649999618530273, 10.600000381469727, 9.680000305175781, 8.539999961853027, 9.680000305175781, 9.40999984741211, 8.649999618530273, 8.460000038146973, 8.720000267028809, 8.260000228881836, 8.050000190734863, 7.860000133514404, 8.15999984741211, 7.71999979019165, 8.109999656677246, 8.40999984741211, 8.979999542236328, 8.979999542236328, 8.710000038146973, 8.779999732971191, 8.140000343322754, 8.029999732971191, 7.599999904632568, 8.100000381469727, 8.220000267028809, 8.979999542236328, 8.069999694824219, 7.860000133514404, 8.15999984741211]
assets:[0, 99.99989480991364, 201.37989902200698, 279.44968551597594, 379.44984720554356, 476.3282563180923, 600.0319587489128, 682.4237902702332, 708.6267050487518, 914.8747543449401, 969.2350032362938, 1285.52015, 1429.4164114414214, 1538.8562200033189, 1457.135653371811, 1589.6539950892447, 1648.3432068678856, 1695.5684179496764, 1853.5208526139259, 1993.0413861276627, 2232.4295, 2587.253549284744, 2535.461675, 2611.8761964458467, 2699.614457152939, 2565.308496875, 2363.195621443939, 2778.657639601135, 2801.1536985778807, 2674.918097034645, 2716.162536247444, 2899.638144794369, 2846.675266880417, 2874.3024781030654, 2906.461417370796, 3117.3949337062836, 3049.3003291284085, 3303.3455961586, 3525.540898033905, 3864.4898210041047, 3964.4901979064944, 3945.2911982790947, 4076.9981440050124, 3879.813947639847, 3927.383736399174, 3817.0756321020126, 4168.19944630146, 4329.9500786595345, 4830.28607777176, 4440.803010066223, 4425.242955169678, 4694.145176221847]
shares:[0, 10.6157, 21.0869, 32.8378, 44.5887, 56.437, 67.7237, 79.3516, 92.3894, 103.7273, 115.6605, 125.4166, 134.8506, 144.2227, 154.8497, 165.2447, 175.9171, 186.9425, 197.6035, 208.0419, 217.798, 226.5546, 235.8569, 245.2466, 254.6806, 265.0112, 276.7208, 287.0514, 297.6784, 309.2391, 321.0594, 332.5273, 344.6338, 357.0562, 369.7788, 382.0337, 394.9871, 407.3176, 419.2082, 430.3441, 441.48, 452.9611, 464.3506, 476.6356, 489.0889, 502.2468, 514.5925, 526.7579, 537.8938, 550.2854, 563.008, 575.2629]
growth_rate:-7.96
