ticker:MTC
price:[0.7680000066757202, 0.8500000238418579, 0.9750000238418579, 0.9300000071525574, 0.9390000104904175, 0.8989999890327454, 1.2200000286102295, 1.0700000524520874, 0.8600000143051147, 0.9700000286102295, 1.0299999713897705, 1.0499999523162842, 2.0999999046325684, 1.6100000143051147, 1.4199999570846558, 1.5800000429153442, 1.4900000095367432, 1.4700000286102295, 1.75, 1.9600000381469727, 2.440000057220459, 2.069999933242798, 2.5799999237060547, 2.890000104904175, 4.519999980926514, 2.8399999141693115, 2.25, 2.8299999237060547, 2.8299999237060547, 2.4200000762939453, 2.509999990463257, 2.1700000762939453, 1.7100000381469727, 1.8200000524520874, 1.850000023841858, 1.7000000476837158, 1.4600000381469727, 1.6200000047683716, 1.7200000286102295, 1.6200000047683716, 1.7200000286102295, 1.840000033378601, 1.7000000476837158, 1.7100000381469727, 1.659999966621399, 1.649999976158142, 1.659999966621399, 1.7100000381469727, 1.7100000381469727, 1.5700000524520874, 1.340000033378601, 1.4299999475479126]
assets:[0, 100.00003780492544, 214.70592525024412, 304.79643534416556, 407.74610615530014, 490.3767149177015, 765.4723039510965, 771.3568318124055, 719.9690499758601, 912.058143901229, 1068.4740753210783, 1189.221125993824, 2478.4421474463466, 2000.1390817715644, 1864.0977016631007, 2174.1369390530585, 2150.293662762952, 2221.4306742351296, 2744.56035, 3173.9076377729416, 4051.191143004513, 3536.8710239364145, 4508.274064684487, 5149.966314938736, 8154.618297589159, 5223.698178129006, 4238.4933, 5431.082568583489, 5531.082596887589, 4829.759922265052, 5109.378821586919, 4517.271798820496, 3659.6933466410637, 3995.1123271384477, 4160.965848624409, 3923.5902500537395, 3469.6715486557955, 3949.9094456263188, 4293.7310154212955, 4144.095444197893, 4499.903806850743, 4913.850545139921, 4639.970610147667, 4767.264475348949, 4727.870638933909, 4799.389580650687, 4928.476820900201, 5176.925080487728, 5276.925027718544, 4944.896186203897, 4320.484655620694, 4710.666216213787]
shares:[0, 117.6471, 220.2112, 327.7381, 434.2344, 545.4691, 627.4363, 720.8942, 837.1733, 940.2661, 1037.3535, 1132.5916, 1180.2106, 1242.3224, 1312.7449, 1376.036, 1443.1501, 1511.1773, 1568.3202, 1619.3406, 1660.3242, 1708.6334, 1747.3931, 1781.9952, 1804.1191, 1839.3304, 1883.7748, 1919.1105, 1954.4462, 1995.7685, 2035.6091, 2081.692, 2140.1715, 2195.1166, 2249.1707, 2307.9942, 2376.4873, 2438.2157, 2496.3552, 2558.0836, 2616.2231, 2670.5709, 2729.3944, 2787.8739, 2848.1149, 2908.721, 2968.962, 3027.4415, 3085.921, 3149.6153, 3224.2422, 3294.1723]
growth_rate:-7.63
