ticker:MTCH
price:[105.94000244140625, 103.6500015258789, 108.41000366210938, 105.75, 111.94000244140625, 112.37999725341797, 112.20999908447266, 120.30000305175781, 116.77999877929688, 132.55999755859375, 131.60000610351562, 130.57000732421875, 139.6300048828125, 145.38999938964844, 148.11000061035156, 155.07000732421875, 152.0800018310547, 151.19000244140625, 151.7899932861328, 150.85000610351562, 141.0, 139.86000061035156, 159.82000732421875, 169.52999877929688, 160.9499969482422, 152.85000610351562, 146.2899932861328, 153.3800048828125, 152.6999969482422, 138.27000427246094, 142.66000366210938, 143.8699951171875, 145.3000030517578, 149.00999450683594, 155.6300048828125, 146.19000244140625, 142.19000244140625, 143.32000732421875, 143.3800048828125, 137.92999267578125, 141.57000732421875, 153.9199981689453, 161.99000549316406, 161.39999389648438, 162.6300048828125, 161.1699981689453, 165.86000061035156, 159.27000427246094, 145.7899932861328, 136.25, 132.66000366210938, 141.0]
assets:[0, 100.00152147216797, 204.5913589111328, 299.5686, 417.09964309692384, 518.734829322052, 617.9516859580993, 762.5095393432617, 840.1970572174073, 1053.7326765930175, 1146.1044531555176, 1237.1377623962403, 1422.9833427612305, 1581.6832643600465, 1711.277758052063, 1891.6990193481445, 1955.2165435409547, 2043.7713340026853, 2151.881197819519, 2238.5537505737307, 2192.3808, 2274.655077926636, 2699.280013702393, 2963.2826606628414, 2913.3076097610474, 2866.686579470825, 2843.658034492493, 3081.4809880981443, 3167.8225166900634, 2968.463413723755, 3162.7152171875, 3289.544277355957, 3422.2364418777465, 3609.618106933594, 3869.9735164184567, 3735.2276573791505, 3733.027886096191, 3862.6891773986817, 3964.299417004395, 3913.6118191833493, 4116.898283990478, 4576.041545562744, 4915.959293702698, 4998.0574709930415, 5136.148288208008, 5190.044632035828, 5441.070492022705, 5324.889979841614, 4974.208780929565, 4748.707625, 4723.584952395629, 5120.5419]
shares:[0, 0.9648, 1.8872, 2.8328, 3.7261, 4.6159, 5.5071, 6.3384, 7.1947, 7.9491, 8.709, 9.4749, 10.1911, 10.8789, 11.5541, 12.199, 12.8565, 13.5179, 14.1767, 14.8396, 15.5488, 16.2638, 16.8895, 17.4794, 18.1007, 18.7549, 19.4385, 20.0905, 20.7454, 21.4686, 22.1696, 22.8647, 23.5529, 24.224, 24.8665, 25.5505, 26.2538, 26.9515, 27.6489, 28.3739, 29.0803, 29.73, 30.3473, 30.9669, 31.5818, 32.2023, 32.8052, 33.4331, 34.119, 34.8529, 35.6067, 36.3159]
growth_rate:0.4
