ticker:MTCR
price:[10.100000381469727, 9.899999618530273, 9.949999809265137, 10.170000076293945, 10.789999961853027, 9.100000381469727, 9.100000381469727, 9.350000381469727, 9.4399995803833, 9.210000038146973, 7.75, 8.029999732971191, 9.949999809265137, 8.800000190734863, 8.390000343322754, 7.860000133514404, 8.449999809265137, 9.0, 9.5600004196167, 9.729999542236328, 9.640000343322754, 10.819999694824219, 9.350000381469727, 8.5, 8.600000381469727, 8.229999542236328, 8.09000015258789, 7.0, 5.730000019073486, 5.210000038146973, 4.449999809265137, 4.139999866485596, 3.880000114440918, 3.4800000190734863, 3.369999885559082, 3.9600000381469727, 4.119999885559082, 3.8299999237060547, 4.139999866485596, 3.9700000286102295, 3.9000000953674316, 3.809999942779541, 3.380000114440918, 3.190000057220459, 3.1700000762939453, 2.819999933242798, 2.9600000381469727, 3.2100000381469727, 2.609999895095825, 3.1700000762939453, 3.140000104904175, 3.140000104904175]
assets:[0, 99.9998961467743, 200.50543115644453, 304.9382992876053, 423.5279995026588, 457.1922091653824, 557.1921133573533, 672.4997124372483, 778.9727173739433, 859.9938845620155, 823.664575, 953.4227462949754, 1281.3898304366112, 1233.2892267308237, 1275.8295972075462, 1295.2344880015849, 1492.4592463119507, 1689.6015, 1894.7328111654283, 2028.4256535694124, 2109.662983134365, 2467.8991063934327, 2232.6117910881044, 2129.64695, 2254.701660011673, 2257.6970934238434, 2319.2914017448425, 2106.8033, 1824.568953073454, 1758.9887508790969, 1602.3990963183403, 1590.7713506978512, 1590.867946922779, 1526.8607963685513, 1578.5979253928183, 1954.9696508323668, 2133.9580607252124, 2083.7524394914626, 2352.4112661350723, 2355.81469097743, 2414.276339036751, 2458.5621020761014, 2281.0867032336237, 2252.8600234105584, 2338.7353942874906, 2180.5153163811683, 2388.767982785225, 2690.5218799736026, 2287.6205380532742, 2878.451048277092, 2951.2101105968954, 3051.2100079377888]
shares:[0, 10.101, 20.1513, 29.9841, 39.2519, 50.2409, 61.2299, 71.9251, 82.5183, 93.3761, 106.2793, 118.7326, 128.7829, 140.1465, 152.0655, 164.7881, 176.6224, 187.7335, 198.1938, 208.4713, 218.8447, 228.0868, 238.782, 250.5467, 262.1746, 274.3253, 286.6862, 300.9719, 318.4239, 337.6178, 360.0897, 384.2443, 410.0175, 438.7531, 468.4267, 493.6792, 517.951, 544.0607, 568.2153, 593.4042, 619.0452, 645.2919, 674.8777, 706.2257, 737.7714, 773.2324, 807.0162, 838.1688, 876.483, 908.0287, 939.8758, 971.7229]
growth_rate:-40.17
