ticker:MTEM
price:[10.069999694824219, 12.0, 12.319999694824219, 10.479999542236328, 10.960000038146973, 12.229999542236328, 11.5, 9.670000076293945, 8.84000015258789, 8.5600004196167, 10.270000457763672, 9.0, 9.119999885559082, 8.949999809265137, 9.960000038146973, 9.649999618530273, 10.020000457763672, 9.390000343322754, 10.25, 11.050000190734863, 12.050000190734863, 11.449999809265137, 12.989999771118164, 14.050000190734863, 12.039999961853027, 10.899999618530273, 11.09000015258789, 11.710000038146973, 12.289999961853027, 11.920000076293945, 12.4399995803833, 8.229999542236328, 8.119999885559082, 8.779999732971191, 9.359999656677246, 8.8100004196167, 7.860000133514404, 9.220000267028809, 8.9399995803833, 8.710000038146973, 8.90999984741211, 8.510000228881836, 8.399999618530273, 7.71999979019165, 7.860000133514404, 6.800000190734863, 7.090000152587891, 7.0, 7.170000076293945, 7.599999904632568, 6.659999847412109, 6.420000076293945]
assets:[0, 99.99959999999999, 202.66645897979734, 272.3982441017151, 384.87464933958057, 529.4721471820832, 597.8688999999999, 602.730137755394, 650.9961752368927, 730.376043803501, 976.2806215156555, 955.5525, 1068.2930745946885, 1148.3798455266951, 1377.973973277664, 1435.085218270302, 1590.1089426441192, 1590.1317671393394, 1835.7667999999999, 2079.046485886574, 2367.1960274694443, 2349.3269908647535, 2765.3059552757263, 3090.957891961098, 2748.763295290947, 2588.498119409752, 2733.6184976119994, 2986.4446367287637, 3234.3642059608455, 3236.991644718361, 3478.202734675884, 2401.0941364479067, 2469.0020812026023, 2769.6842797647478, 3052.6478240295414, 2973.2720646157263, 2752.6577207581995, 3328.944714412594, 3327.848687800789, 3342.2334416378976, 3518.9777097358706, 3460.999222085762, 3516.2625203157427, 3331.613001455927, 3492.0306413176063, 3121.0953675443648, 3354.2010821876524, 3411.6229000000003, 3594.4766272478105, 3910.0449109354017, 3526.4339552055358, 3499.3552195856096]
shares:[0, 8.3333, 16.4502, 25.9922, 35.1163, 43.2929, 51.9886, 62.3299, 73.6421, 85.3243, 95.0614, 106.1725, 117.1374, 128.3106, 138.3508, 148.7135, 158.6935, 169.3431, 179.0992, 188.149, 196.4478, 205.1814, 212.8796, 219.997, 228.3026, 237.4769, 246.494, 255.0337, 263.1704, 271.5597, 279.5983, 291.749, 304.0643, 315.4538, 326.1376, 337.4883, 350.2109, 361.0569, 372.2426, 383.7237, 394.947, 406.6979, 418.6027, 431.5561, 444.2787, 458.9846, 473.089, 487.3747, 501.3217, 514.4796, 529.4946, 545.0709]
growth_rate:-31.39
