ticker:MTEX
price:[16.65999984741211, 16.899999618530273, 17.0, 16.75, 16.760000228881836, 16.799999237060547, 16.309999465942383, 16.700000762939453, 16.5, 16.40999984741211, 16.110000610351562, 15.899999618530273, 18.399999618530273, 19.950000762939453, 19.170000076293945, 17.34000015258789, 17.899999618530273, 18.600000381469727, 18.75, 18.06999969482422, 19.209999084472656, 18.520000457763672, 18.479999542236328, 18.290000915527344, 18.25, 17.770000457763672, 18.600000381469727, 18.209999084472656, 17.559999465942383, 17.530000686645508, 19.610000610351562, 20.520000457763672, 19.1299991607666, 20.170000076293945, 19.459999084472656, 20.329999923706055, 19.809999465942383, 19.6299991607666, 25.149999618530273, 25.790000915527344, 25.75, 25.799999237060547, 25.989999771118164, 27.93000030517578, 32.38999938964844, 28.31999969482422, 28.520000457763672, 26.309999465942383, 25.110000610351562, 30.450000762939453, 32.29999923706055, 32.650001525878906]
assets:[0, 100.00067774276734, 200.5932, 297.642475, 397.8203934328079, 498.7701373493195, 584.2225498701096, 698.1919618968963, 789.83025, 885.5213347660065, 969.3322927246094, 1056.6964846479416, 1322.8440525747299, 1534.278748674774, 1574.2921652654647, 1524.007411410904, 1673.2257343416213, 1838.6583977092741, 1953.485625, 1982.6385595161437, 2207.718749782562, 2228.4209070804595, 2323.608614442444, 2399.719451120758, 2494.4720500000003, 2528.8647581447603, 2746.9819763381956, 2789.3839867607117, 2789.8185751523974, 2885.0524530067446, 3327.373917562866, 3581.7804439029696, 3439.154902124214, 3726.125134094238, 3694.9614881645202, 3960.151840138435, 3958.8600082731245, 4022.887619011116, 5254.131690306473, 5487.8362418144225, 5579.3246, 5690.158871734619, 5832.06238463974, 6367.392093572998, 7484.169296969604, 6643.738824407196, 6790.657740994262, 6364.452014810181, 6174.169989076233, 7587.196240100861, 8148.159307537078, 8336.453059599304]
shares:[0, 5.9172, 11.7996, 17.7697, 23.7363, 29.6887, 35.8199, 41.8079, 47.8685, 53.9623, 60.1696, 66.4589, 71.8937, 76.9062, 82.1227, 87.8897, 93.4763, 98.8526, 104.1859, 109.7199, 114.9255, 120.3251, 125.7364, 131.2039, 136.6834, 142.3109, 147.6872, 153.1787, 158.8735, 164.578, 169.6774, 174.5507, 179.7781, 184.736, 189.8747, 194.7935, 199.8415, 204.9357, 208.9118, 212.7893, 216.6728, 220.5488, 224.3964, 227.9768, 231.0642, 234.5953, 238.1016, 241.9024, 245.8849, 249.169, 252.265, 255.3278]
growth_rate:63.46
