ticker:MTLS
price:[37.33000183105469, 40.63999938964844, 33.150001525878906, 34.099998474121094, 37.52000045776367, 45.0, 48.040000915527344, 49.099998474121094, 33.970001220703125, 38.91999816894531, 40.209999084472656, 44.36000061035156, 44.0, 48.09000015258789, 41.63999938964844, 46.86000061035156, 56.40999984741211, 54.209999084472656, 70.4000015258789, 67.11000061035156, 69.2300033569336, 65.29000091552734, 71.0, 77.37000274658203, 66.31999969482422, 45.5099983215332, 33.4900016784668, 42.709999084472656, 42.790000915527344, 32.470001220703125, 35.91999816894531, 34.689998626708984, 32.7400016784668, 32.33000183105469, 29.920000076293945, 26.790000915527344, 25.610000610351562, 26.25, 26.989999771118164, 28.190000534057617, 22.979999542236328, 23.079999923706055, 23.649999618530273, 24.049999237060547, 23.510000228881836, 22.110000610351562, 20.170000076293945, 21.770000457763672, 21.81999969482422, 21.1200008392334, 20.25, 21.420000076293945]
assets:[0, 99.99878249816894, 181.56918835754394, 286.7741671676636, 415.53400506973264, 598.374, 738.7975660797119, 855.101023426056, 691.6054458526612, 892.3849620162963, 1021.9612527313233, 1227.4367808883667, 1317.4744, 1539.9379848861693, 1433.3945189895628, 1713.0844723129271, 2162.2065761512754, 2177.8812922187803, 2928.3162234695433, 2891.4679312973026, 3082.812049484253, 3007.361906170654, 3370.3771, 3772.762495930481, 3333.9329126586917, 2387.8049389347075, 1857.1445060771941, 2468.4286680870055, 2573.0526140525817, 2052.490470162964, 2370.5726071578983, 2389.3985394096376, 2355.0865407371525, 2425.5939503768923, 2344.779541979027, 2199.4858651657105, 2202.6060294937133, 2357.6490000000003, 2524.112875594902, 2736.3385148397447, 2330.615467573929, 2440.758459931755, 2601.036418045807, 2745.028432919312, 2783.3935960977556, 2717.644092021179, 2579.1903517559053, 2883.787057638169, 2990.411320175934, 2994.476086989784, 2971.1245499999995, 3242.788805550194]
shares:[0, 2.4606, 5.4772, 8.4098, 11.075, 13.2972, 15.3788, 17.4155, 20.3593, 22.9287, 25.4156, 27.6699, 29.9426, 32.022, 34.4235, 36.5575, 38.3302, 40.1749, 41.5954, 43.0855, 44.53, 46.0616, 47.4701, 48.7626, 50.2704, 52.4677, 55.4537, 57.7951, 60.1321, 63.2119, 65.9959, 68.8786, 71.933, 75.0261, 78.3683, 82.101, 86.0057, 89.8152, 93.5203, 97.0677, 101.4193, 105.7521, 109.9804, 114.1384, 118.3919, 122.9147, 127.8726, 132.4661, 137.0491, 141.7839, 146.7222, 151.3907]
growth_rate:-36.42
