ticker:MTP
price:[1.809999942779541, 1.9199999570846558, 1.940000057220459, 1.7599999904632568, 1.7799999713897705, 1.9199999570846558, 2.0, 2.059999942779541, 1.7999999523162842, 1.809999942779541, 1.909999966621399, 1.8799999952316284, 1.8200000524520874, 1.8700000047683716, 1.9570000171661377, 1.840000033378601, 1.7999999523162842, 1.8700000047683716, 2.25, 2.259999990463257, 2.450000047683716, 2.130000114440918, 3.0999999046325684, 2.8399999141693115, 2.9100000858306885, 2.2799999713897705, 1.940000057220459, 2.380000114440918, 2.2799999713897705, 2.200000047683716, 2.25, 2.2899999618530273, 1.9199999570846558, 1.9450000524520874, 1.9800000190734863, 2.119999885559082, 2.0199999809265137, 2.0799999237060547, 1.909999966621399, 1.9299999475479126, 2.109999895095825, 2.8299999237060547, 2.2899999618530273, 2.0899999141693115, 2.049999952316284, 1.8200000524520874, 1.909999966621399, 1.8600000143051147, 1.899999976158142, 1.8170000314712524, 1.7100000381469727, 1.809999942779541]
assets:[0, 99.99993376482725, 201.041623929739, 282.3883024698496, 385.5972998022318, 515.9251084681749, 637.422, 756.5446609855176, 761.0585198388338, 865.2865816452503, 1013.0924412954927, 1097.1800292171479, 1162.163763493359, 1294.0912412998437, 1454.2975947566033, 1467.3518186185597, 1535.4528793243885, 1695.1649153225542, 2139.636825, 2249.146340509057, 2538.2338594009875, 2306.7096099351884, 3457.1828236443043, 3267.2256452576635, 3447.756170691848, 2801.3345048478845, 2483.5917592537403, 3146.8806573159213, 3114.658484916186, 3105.372227307129, 3275.9487, 3434.1876797930713, 2979.3188454070328, 3118.1122465881704, 3274.2222795408247, 3605.732693356895, 3535.6512146152495, 3740.6704067930223, 3534.942561224377, 3671.957684206295, 4114.420037440825, 5618.39290553379, 4646.332062601089, 4340.538782745719, 4357.466368643809, 3968.5801843737963, 4264.828420469105, 4253.183726710904, 4444.649994226992, 4350.489145452416, 4194.2963015670775, 4539.576510488033]
shares:[0, 52.0833, 103.6297, 160.4479, 216.6277, 268.711, 318.711, 367.2547, 422.8103, 478.0589, 530.4149, 583.6064, 638.5515, 692.0274, 743.126, 797.4738, 853.0294, 906.5053, 950.9497, 995.1975, 1036.0138, 1082.9622, 1115.2203, 1150.4316, 1184.7959, 1228.6555, 1280.2019, 1322.2187, 1366.0783, 1411.5328, 1455.9772, 1499.6453, 1551.7286, 1603.1425, 1653.6476, 1700.8174, 1750.3224, 1798.3993, 1850.7553, 1902.5688, 1949.9622, 1985.2979, 2028.966, 2076.8129, 2125.5934, 2180.5385, 2232.8945, 2286.6579, 2339.2895, 2394.3253, 2452.8048, 2508.0534]
growth_rate:-10.99
