ticker:MTRX
price:[8.34000015258789, 7.519999980926514, 9.210000038146973, 7.789999961853027, 8.720000267028809, 8.670000076293945, 8.029999732971191, 8.369999885559082, 7.599999904632568, 8.210000038146973, 9.239999771118164, 10.0600004196167, 10.430000305175781, 9.649999618530273, 9.609999656677246, 9.829999923706055, 11.65999984741211, 11.020000457763672, 11.539999961853027, 13.850000381469727, 13.579999923706055, 11.789999961853027, 12.8100004196167, 12.960000038146973, 13.0600004196167, 13.569999694824219, 14.399999618530273, 15.6899995803833, 13.569999694824219, 13.25, 13.699999809265137, 13.399999618530273, 13.130000114440918, 12.850000381469727, 13.210000038146973, 13.859999656677246, 12.4399995803833, 11.180000305175781, 10.899999618530273, 11.130000114440918, 10.649999618530273, 10.770000457763672, 10.300000190734863, 10.539999961853027, 10.989999771118164, 10.579999923706055, 10.920000076293945, 10.90999984741211, 10.8100004196167, 10.979999542236328, 10.619999885559082, 11.329999923706055]
assets:[0, 100.00020774636269, 222.47399792146683, 288.1731315888405, 422.5764449403763, 520.1531865772247, 581.7566176543236, 706.3886513417244, 741.4043106966019, 900.9120391860009, 1113.9374124069213, 1312.7938387584686, 1461.0772057502747, 1451.8115626091003, 1545.7934307756423, 1681.1806519517897, 2094.1569605949403, 2079.21181036911, 2277.3232104720114, 2833.182393034172, 2877.950989831352, 2598.604416592121, 2923.4201547623634, 3057.6515130000116, 3181.2450162131313, 3405.474200414276, 3713.767101618767, 4146.458949106216, 3686.198141101074, 3699.2728, 3924.9088353564266, 3938.9620478660586, 3959.594439511776, 3975.155328007889, 4186.521138089561, 4492.519304716873, 4132.246908614158, 3813.7071701011655, 3818.193566373825, 3998.7608421160694, 3926.3076693645476, 4070.5485980129242, 3992.910433940506, 4185.949390849972, 4464.666526017189, 4398.104910284615, 4639.442840414047, 4735.194136773301, 4791.792126005173, 4967.148662916184, 4904.291521151447, 5332.167618094254]
shares:[0, 13.2979, 24.1557, 36.9927, 48.4606, 59.9946, 72.4479, 84.3953, 97.5532, 109.7335, 120.556, 130.4964, 140.0841, 150.4468, 160.8526, 171.0255, 179.6018, 188.6762, 197.3417, 204.5619, 211.9257, 220.4075, 228.2139, 235.9299, 243.5869, 250.9561, 257.9005, 264.274, 271.6432, 279.1904, 286.4897, 293.9524, 301.5685, 309.3506, 316.9206, 324.1356, 332.1742, 341.1187, 350.293, 359.2777, 368.6674, 377.9525, 387.6612, 397.1489, 406.2481, 415.6999, 424.8574, 434.0233, 443.274, 452.3815, 461.7977, 470.6238]
growth_rate:4.55
