ticker:MTSI
price:[32.90999984741211, 32.459999084472656, 32.70000076293945, 32.0, 33.79999923706055, 36.349998474121094, 36.36000061035156, 35.45000076293945, 36.5, 43.2599983215332, 41.31999969482422, 42.75, 44.779998779296875, 47.91999816894531, 48.0099983215332, 51.349998474121094, 54.56999969482422, 55.040000915527344, 58.09000015258789, 61.66999816894531, 61.9900016784668, 56.86000061035156, 62.709999084472656, 67.66999816894531, 67.9800033569336, 64.3499984741211, 62.09000015258789, 66.29000091552734, 63.2400016784668, 58.459999084472656, 58.560001373291016, 59.15999984741211, 60.5, 61.0099983215332, 56.61000061035156, 56.13999938964844, 51.08000183105469, 54.540000915527344, 59.20000076293945, 58.83000183105469, 59.900001525878906, 58.66999816894531, 61.959999084472656, 62.540000915527344, 59.97999954223633, 57.349998474121094, 60.310001373291016, 61.720001220703125, 61.939998626708984, 61.11000061035156, 58.02000045776367, 62.15999984741211]
assets:[0, 99.99951917953491, 200.7387646835327, 296.4416, 413.1171106750488, 544.2830671524048, 644.433742817688, 728.3060856742859, 849.8769500000001, 1107.2785910381317, 1157.6211114501953, 1297.6848, 1459.3040342193601, 1661.6307285079956, 1764.7515183029177, 1987.5222309402463, 2212.1531906288146, 2331.2082307769774, 2560.3922737255098, 2818.1832423248293, 2932.8089694099426, 2790.103171949768, 3177.158206615448, 3528.4558115249633, 3644.6187179756166, 3550.0028008216855, 3525.3274016635896, 3863.79225136261, 3786.020800485611, 3599.8556696235655, 3706.0165349098206, 3843.9860660854342, 4031.0545, 4165.036666414261, 3964.6587487457273, 4031.744582167053, 3768.355623083496, 4123.6113032203675, 4575.941018972397, 4647.340707646179, 4831.863573085785, 4832.641882176208, 5203.636171110535, 5352.348390353394, 5233.25496006012, 5103.78855920639, 5467.2101824913025, 5695.027952636719, 5815.329681066513, 5837.404477302552, 5642.236172515869, 6144.839216915893]
shares:[0, 3.0807, 6.1388, 9.2638, 12.2224, 14.9734, 17.7237, 20.5446, 23.2843, 25.5959, 28.016, 30.3552, 32.5883, 34.6751, 36.758, 38.7054, 40.5379, 42.3548, 44.0763, 45.6978, 47.311, 49.0697, 50.6643, 52.1421, 53.6131, 55.1671, 56.7777, 58.2862, 59.8675, 61.5781, 63.2858, 64.9761, 66.629, 68.2681, 70.0346, 71.8159, 73.7736, 75.6071, 77.2963, 78.9961, 80.6655, 82.3699, 83.9838, 85.5828, 87.25, 88.9937, 90.6518, 92.272, 93.8865, 95.5229, 97.2464, 98.8552]
growth_rate:20.49
