ticker:MTTRW
price:[3.759999990463257, 4.699999809265137, 8.149999618530273, 5.989999771118164, 4.179999828338623, 5.550000190734863, 5.5, 4.364999771118164, 4.309999942779541, 4.199999809265137, 3.5999999046325684, 3.940000057220459, 4.269999980926514, 3.680000066757202, 3.1700000762939453, 4.5, 4.670000076293945, 4.6579999923706055, 5.400000095367432, 4.559999942779541, 5.010000228881836, 5.699999809265137, 5.800000190734863, 5.039999961853027, 5.169000148773193, 5.599999904632568, 5.599999904632568, 5.690000057220459, 4.900000095367432, 5.110000133514404, 5.679999828338623, 5.679999828338623]
assets:[0, 100.0000159418106, 273.40396220302586, 300.94357850074766, 310.007179268837, 511.61233758239746, 607.0031, 581.7396699960708, 674.4098270463943, 757.1973856133461, 749.0264201575757, 919.7677973577499, 1096.804151100731, 1045.2550749614954, 1000.3962320770264, 1520.1207, 1677.5476204061508, 1773.236782495594, 2155.705958071136, 1920.3737519024849, 2209.884547958565, 2614.2399325216293, 2760.1040907669067, 2498.435333089733, 2662.383467228222, 2984.377149176359, 3084.3769074733736, 3233.9473795216086, 2884.9461061489583, 3108.5868212213513, 3555.3368205503466, 3655.336625528145]
shares:[0, 21.2766, 33.5465, 50.241, 74.1644, 92.1824, 110.3642, 133.2737, 156.4756, 180.2851, 208.0629, 233.4436, 256.8628, 284.0367, 315.5824, 337.8046, 359.2179, 380.6863, 399.2048, 421.1346, 441.0947, 458.6386, 475.88, 495.7213, 515.0674, 532.9245, 550.7816, 568.3563, 588.7645, 608.334, 625.9396, 643.5452]
growth_rate:17.91
