ticker:MU
price:[46.47999954223633, 46.09000015258789, 50.7400016784668, 49.13999938964844, 46.54999923706055, 49.88999938964844, 51.61000061035156, 52.849998474121094, 50.34000015258789, 55.15999984741211, 57.93000030517578, 61.400001525878906, 64.2300033569336, 73.33999633789062, 70.52999877929688, 71.45999908447266, 70.58000183105469, 75.18000030517578, 77.41999816894531, 80.72000122070312, 82.27999877929688, 78.2699966430664, 81.0999984741211, 88.01000213623047, 90.95999908447266, 91.52999877929688, 88.93000030517578, 87.7699966430664, 90.51000213623047, 87.98999786376953, 92.41000366210938, 95.30000305175781, 90.66000366210938, 86.02999877929688, 86.06999969482422, 85.9800033569336, 79.69999694824219, 80.72000122070312, 84.13999938964844, 83.76000213623047, 79.33999633789062, 76.94999694824219, 82.02999877929688, 80.33000183105469, 78.73999786376953, 75.01000213623047, 75.94000244140625, 77.58000183105469, 82.0, 70.91999816894531, 70.2300033569336, 74.0]
assets:[0, 100.00147333106996, 210.08897694969178, 303.46406623077394, 387.4682286495209, 515.268902696228, 633.0327844863892, 748.2397083969116, 812.7040644634247, 990.5191492599488, 1140.259368006897, 1308.5629725196839, 1468.8759467697143, 1777.2114612579346, 1809.1156276885988, 1932.97153723526, 2009.1656221237183, 2240.108397093201, 2406.8561290756224, 2609.451623461914, 2759.8850870544434, 2725.376937110901, 2923.9144649871823, 3273.039173445129, 3482.749212945557, 3604.570340927124, 3602.1808063613894, 3655.1902872001647, 3869.3025913238525, 3861.5730412483213, 4155.548490679932, 4385.506010435485, 4271.9809665618895, 4153.812240060424, 4255.739741910553, 4351.293205888366, 4133.47297172699, 4286.377360821533, 4567.985808863831, 4647.356710527039, 4502.116356195068, 4466.493317863465, 4861.360223657226, 4860.61578379364, 4864.407462027741, 4733.978747820282, 4892.670071295166, 5098.332738331605, 5488.8012, 4847.140746853637, 4899.9824492149355, 5263.0206]
shares:[0, 2.1697, 4.1405, 6.1755, 8.3237, 10.3281, 12.2657, 14.1578, 16.1443, 17.9572, 19.6834, 21.3121, 22.869, 24.2325, 25.6503, 27.0497, 28.4665, 29.7966, 31.0883, 32.3272, 33.5426, 34.8202, 36.0532, 37.1894, 38.2888, 39.3813, 40.5058, 41.6451, 42.75, 43.8865, 44.9686, 46.0179, 47.1209, 48.2833, 49.4451, 50.6082, 51.8629, 53.1018, 54.2903, 55.4842, 56.7446, 58.0441, 59.2632, 60.5081, 61.7781, 63.1113, 64.4281, 65.7171, 66.9366, 68.3466, 69.7705, 71.1219]
growth_rate:3.2
