ticker:MUDS
price:[10.050000190734863, 10.270000457763672, 10.25, 10.220000267028809, 10.149999618530273, 9.90999984741211, 9.859999656677246, 9.859999656677246, 9.970000267028809, 9.850000381469727, 10.850000381469727, 13.029999732971191, 13.079999923706055, 16.1299991607666, 16.540000915527344, 13.789999961853027, 12.850000381469727, 13.649999618530273, 11.960000038146973, 12.149999618530273, 11.25, 11.949999809265137, 12.359999656677246, 11.600000381469727, 10.699999809265137, 11.0, 10.760000228881836, 10.779999732971191, 10.680000305175781, 9.829999923706055, 9.850000381469727, 9.850000381469727]
assets:[0, 100.00002145729064, 199.80530000000002, 299.22014581804274, 397.1705000730514, 487.7791114894867, 585.3181736193658, 685.3182901373864, 792.9639712381363, 883.4199392129898, 1073.1073527288436, 1388.7178265404702, 1494.0472952854157, 1942.4293409366608, 2091.8023377861023, 1844.0112058989525, 1818.3136039791104, 2031.515793226242, 1879.9947979963304, 2009.861441897011, 1960.983, 2182.9996751569747, 2357.897358504868, 2312.9136360609054, 2233.4633901869774, 2396.0838, 2443.805871983528, 2548.3477388754845, 2624.7083309997556, 2515.8125234739305, 2620.9314415031436, 2720.931600375938]
shares:[0, 9.7371, 19.4932, 29.2779, 39.1301, 49.2209, 59.3629, 69.5049, 79.535, 89.6873, 98.9039, 106.5785, 114.2238, 120.4234, 126.4693, 133.7209, 141.503, 148.829, 157.1902, 165.4207, 174.3096, 182.6778, 190.7684, 199.3891, 208.7349, 217.8258, 227.1195, 236.3959, 245.7592, 255.9321, 266.0844, 276.2367]
growth_rate:-12.23
