ticker:MUDSU
price:[10.100000381469727, 10.180000305175781, 10.239999771118164, 10.3100004196167, 10.319999694824219, 10.489999771118164, 10.699999809265137, 10.539999961853027, 10.710000038146973, 10.739999771118164, 10.800000190734863, 10.550000190734863, 10.300000190734863, 10.260000228881836, 10.199999809265137, 10.1899995803833, 10.1899995803833, 11.920000076293945, 14.920000076293945, 14.899999618530273, 19.3700008392334, 19.8700008392334, 16.06999969482422, 14.880000114440918, 16.25, 14.40999984741211, 14.036999702453613, 13.09000015258789, 14.350000381469727, 14.800000190734863, 13.619999885559082, 12.449999809265137, 12.75, 12.725000381469727, 12.64900016784668, 12.600000381469727, 10.180000305175781, 10.149999618530273, 10.170000076293945]
assets:[0, 100.00017899780273, 200.5893075164795, 301.96032328977583, 402.25294810485843, 508.8793298967361, 619.0666789647101, 709.8099734310149, 821.2588679251671, 923.5594303178788, 1028.719458167839, 1104.9067949757577, 1178.723781827545, 1274.146336423874, 1366.694914443493, 1465.3545476577758, 1565.3541085398674, 1931.1115323600768, 2517.1293408714296, 2613.754953082657, 3497.881239550781, 3688.1721927743915, 3082.834994455719, 2954.547526723194, 3326.571625, 3049.9009647045136, 3070.954435804081, 2963.7736935482026, 3349.0561840288165, 3554.0794458031655, 3370.712983677864, 3181.1579662644385, 3357.81195, 3451.227520960808, 3530.6154897497177, 3616.938469504166, 3022.2568146011354, 3113.349982990265, 3219.48438015213]
shares:[0, 9.8232, 19.5888, 29.2881, 38.978, 48.5109, 57.8567, 67.3444, 76.6815, 85.9925, 95.2518, 104.7305, 114.4392, 124.1858, 133.9897, 143.8032, 153.6167, 162.006, 168.7084, 175.4198, 180.5824, 185.6151, 191.8379, 198.5583, 204.7121, 211.6517, 218.7757, 226.4151, 233.3837, 240.1405, 247.4826, 255.5147, 263.3578, 271.2163, 279.1221, 287.0586, 296.8818, 306.734, 316.5668]
growth_rate:-15.28
