ticker:MUDSW
price:[1.1100000143051147, 1.2000000476837158, 1.149999976158142, 1.2879999876022339, 1.0299999713897705, 1.0, 0.8999999761581421, 0.800000011920929, 0.6800000071525574, 0.6899999976158142, 2.1600000858306885, 3.640000104904175, 3.990000009536743, 5.900000095367432, 6.590000152587891, 4.599999904632568, 4.170000076293945, 4.960000038146973, 4.039999961853027, 3.940000057220459, 3.3299999237060547, 4.070000171661377, 4.010000228881836, 3.8499999046325684, 3.2149999141693115, 3.2799999713897705, 3.0799999237060547, 3.25, 3.0, 0.7200000286102295, 0.6200000047683716, 0.6200000047683716, 0.6198999881744385]
assets:[0, 99.99996397364139, 195.8332659399748, 319.3333217262268, 355.36750012898443, 445.017, 500.5152767408729, 544.9024881196797, 563.1670979236543, 671.4489336799145, 2201.927199496722, 3810.654957822418, 4277.064151222872, 6424.4811938451285, 7275.818832467651, 5178.719912634516, 4794.622302721978, 5802.956012630081, 4826.601286425685, 4807.131029813767, 4162.879524623871, 5187.964098814011, 5211.483314459801, 5103.543318581343, 4361.790062053514, 4549.975616312241, 4372.537907688904, 4713.8793000000005, 4451.2731, 1168.3055984242917, 1106.040886506474, 1206.0408732755661, 1305.8462907389403]
shares:[0, 83.3333, 170.2898, 247.9296, 345.017, 445.017, 556.1281, 681.1281, 828.1869, 973.1144, 1019.4107, 1046.8832, 1071.9459, 1088.8951, 1104.0696, 1125.8087, 1149.7895, 1169.9508, 1194.7033, 1220.084, 1250.114, 1274.684, 1299.6217, 1325.5957, 1356.6999, 1387.1877, 1419.6552, 1450.4244, 1483.7577, 1622.6466, 1783.9369, 1945.2272, 2106.5435]
growth_rate:-59.19
