ticker:MVBF
price:[16.579999923706055, 15.25, 15.619999885559082, 15.5, 16.34000015258789, 17.1299991607666, 17.440000534057617, 17.299999237060547, 15.949999809265137, 17.540000915527344, 17.979999542236328, 20.290000915527344, 20.75, 20.25, 20.989999771118164, 22.399999618530273, 21.75, 22.68000030517578, 22.81999969482422, 23.079999923706055, 23.110000610351562, 22.40999984741211, 23.43000030517578, 23.969999313354492, 27.5, 32.599998474121094, 33.380001068115234, 35.9900016784668, 34.5, 33.81999969482422, 33.619998931884766, 35.22999954223633, 38.04999923706055, 38.91999816894531, 40.279998779296875, 41.040000915527344, 44.540000915527344, 41.779998779296875, 42.869998931884766, 42.849998474121094, 42.150001525878906, 43.7400016784668, 43.95000076293945, 42.18000030517578, 41.68000030517578, 41.540000915527344, 41.43000030517578, 41.45000076293945, 44.11000061035156, 42.119998931884766, 39.7400016784668, 39.689998626708984]
assets:[0, 100.00035000000001, 202.42582651691438, 300.8705, 417.1765438957214, 537.3458046743393, 647.0693638149262, 741.8741372829437, 783.9823656249047, 962.1357022201538, 1086.270662343979, 1325.8298198242187, 1455.8884750000002, 1520.8074000000001, 1676.383123720169, 1888.9942078306199, 1934.17965, 2116.883188484192, 2229.949832178497, 2355.357844214058, 2458.418754928589, 2483.95351608696, 2697.0109341285706, 2859.1702820961, 3380.234, 4107.114067761993, 4305.382579766464, 4742.021027153778, 4645.700999999999, 4654.132494003296, 4726.608753834534, 5052.957805344009, 5557.4230785682685, 5784.492511859131, 6086.621999542236, 6301.462316574097, 6938.868926629639, 6608.889724905395, 6881.307887550736, 6978.096541511536, 6964.103337108612, 7326.804575156784, 7461.980559534454, 7261.4642085372925, 7275.3857652694705, 7350.947640012359, 7431.481446740723, 7535.0671436923985, 8118.622052337647, 7852.355584873199, 7508.658721137238, 7599.209866064071]
shares:[0, 6.5574, 12.9594, 19.411, 25.531, 31.3687, 37.1026, 42.8829, 49.1525, 54.8538, 60.4155, 65.344, 70.1633, 75.1016, 79.8658, 84.3301, 88.9278, 93.337, 97.7191, 102.0519, 106.379, 110.8413, 115.1093, 119.2812, 122.9176, 125.9851, 128.9809, 131.7594, 134.658, 137.6148, 140.5892, 143.4277, 146.0558, 148.6252, 151.1078, 153.5444, 155.7896, 158.1831, 160.5157, 162.8494, 165.2219, 167.5081, 169.7834, 172.1542, 174.5534, 176.9607, 179.3744, 181.7869, 184.054, 186.4282, 188.9446, 191.4641]
growth_rate:49.0
