ticker:MVIS
price:[1.4800000190734863, 1.5199999809265137, 1.7699999809265137, 1.909999966621399, 2.0299999713897705, 2.609999895095825, 2.359999895095825, 2.440000057220459, 1.7300000190734863, 1.8600000143051147, 1.8300000429153442, 2.0299999713897705, 2.299999952316284, 2.680000066757202, 2.819999933242798, 5.050000190734863, 6.550000190734863, 5.380000114440918, 5.900000095367432, 6.610000133514404, 6.760000228881836, 7.110000133514404, 11.539999961853027, 18.329999923706055, 20.5, 14.869999885559082, 12.819999694824219, 17.469999313354492, 17.350000381469727, 13.449999809265137, 15.539999961853027, 14.220000267028809, 11.029999732971191, 17.969999313354492, 15.25, 14.100000381469727, 14.039999961853027, 13.869999885559082, 15.600000381469727, 20.25, 21.600000381469727, 18.84000015258789, 17.209999084472656, 15.989999771118164, 15.930000305175781, 13.619999885559082, 13.800000190734863, 13.770000457763672, 15.4399995803833, 14.119999885559082, 13.15999984741211, 14.710000038146973]
assets:[0, 100.00003874516487, 216.44745666756629, 333.567551170671, 454.5247075940609, 684.3889524922371, 718.8344920471429, 843.2017997739315, 697.8439476938247, 850.2830105394602, 936.5687679634809, 1138.926002948308, 1390.4088511739733, 1720.128562847376, 1909.9859547853468, 3520.3652329616543, 4666.018395873642, 3932.546591651344, 4412.644291325855, 5043.657485876083, 5258.112726030541, 5630.352225728989, 9238.433519461156, 14774.218228506088, 16623.265499999998, 12157.948339431287, 10581.835432102966, 14520.020470301248, 14520.28471925354, 11356.358043955135, 13221.026373545552, 12198.004393058967, 9561.602340520096, 15677.695884944915, 13404.66765, 12493.82421801529, 12540.658537926769, 12488.812813955212, 14146.538985927962, 18463.295925, 19794.182029577827, 17364.92610864105, 15962.546068833924, 14930.977289277076, 14974.952182879639, 12903.442157579899, 13173.97284208231, 13245.334523321915, 14951.703417653847, 13773.44990436783, 12937.01154599762, 14560.747964759923]
shares:[0, 65.7895, 122.2867, 174.6427, 223.9038, 262.218, 304.5909, 345.5745, 403.378, 457.1414, 511.7862, 561.0473, 604.5256, 641.839, 677.3, 697.102, 712.3692, 730.9566, 747.9058, 763.0344, 777.8273, 791.892, 800.5575, 806.013, 810.891, 817.6159, 825.4162, 831.1403, 836.904, 844.3389, 850.7739, 857.8062, 866.8724, 872.4372, 878.9946, 886.0868, 893.2093, 900.4191, 906.8294, 911.7677, 916.3973, 921.7052, 927.5158, 933.7697, 940.0472, 947.3893, 954.6357, 961.8979, 968.3746, 975.4568, 983.0556, 989.8537]
growth_rate:185.5
