ticker:MVST
price:[10.15999984741211, 10.15999984741211, 10.199999809265137, 10.149999618530273, 10.1899995803833, 10.199999809265137, 10.199999809265137, 10.1850004196167, 10.149999618530273, 10.199999809265137, 10.25, 10.300000190734863, 12.329999923706055, 11.930000305175781, 15.890000343322754, 13.890000343322754, 18.239999771118164, 17.100000381469727, 16.100000381469727, 15.479999542236328, 15.029999732971191, 15.65999984741211, 21.989999771118164, 19.639999389648438, 18.3799991607666, 16.6200008392334, 13.65999984741211, 15.420000076293945, 13.960000038146973, 12.479999542236328, 12.470000267028809, 12.609999656677246, 11.020000457763672, 11.289999961853027, 11.920000076293945, 12.119999885559082, 10.510000228881836, 10.479999542236328, 10.75, 11.0, 13.489999771118164, 12.670000076293945, 13.399999618530273, 14.539999961853027, 13.770000457763672, 11.170000076293945, 10.0, 9.109999656677246, 11.649999618530273, 11.479999542236328, 8.880000114440918, 9.229999542236328]
assets:[0, 99.99979849815368, 200.39327625274657, 299.4107787471771, 400.5902825039864, 500.9831906318665, 600.9829687619209, 700.0996143437385, 797.6935450201036, 901.6228631401062, 1006.0426249999999, 1110.9497805725098, 1429.9039261522294, 1483.5158189491272, 2075.949094853401, 1914.658763325119, 2614.2826231950758, 2550.8908469057083, 2501.716269275093, 2505.376005912781, 2532.545937005806, 2738.700639314651, 3945.7228329311374, 3624.055175375366, 3491.5547025751116, 3257.216018474388, 2777.109386978531, 3234.921724005508, 3028.6317802760127, 2807.544377019882, 2905.294331213093, 3037.91158628912, 2754.8601604351043, 2922.356653125858, 3185.429300388336, 3338.875744473267, 2995.344810231209, 3086.7947851696013, 3266.32085, 3442.2817000000005, 4321.489050678253, 4158.804626042747, 4498.4200719394685, 4981.121910931587, 4817.335516145325, 4007.7446453739162, 3687.9539999999997, 3459.725522615528, 4524.347251853943, 4558.326682237243, 3625.9535747294426, 3868.8678371227265]
shares:[0, 9.8425, 19.6464, 29.4986, 39.3121, 49.116, 58.9199, 68.7383, 78.5905, 88.3944, 98.1505, 107.8592, 115.9695, 124.3517, 130.645, 137.8444, 143.3269, 149.1749, 155.3861, 161.846, 168.4994, 174.8851, 179.4326, 184.5242, 189.9649, 195.9817, 203.3023, 209.7874, 216.9507, 224.9635, 232.9827, 240.9129, 249.9873, 258.8447, 267.234, 275.4848, 284.9995, 294.5415, 303.8438, 312.9347, 320.3476, 328.2403, 335.703, 342.5806, 349.8428, 358.7954, 368.7954, 379.7723, 388.356, 397.0668, 408.3281, 419.1623]
growth_rate:-24.14
