ticker:MYFW
price:[13.579999923706055, 12.880000114440918, 12.8100004196167, 12.390000343322754, 12.680000305175781, 13.579999923706055, 13.710000038146973, 14.5, 14.199999809265137, 15.029999732971191, 17.399999618530273, 17.06999969482422, 17.8700008392334, 18.0, 17.889999389648438, 19.940000534057617, 18.15999984741211, 19.56999969482422, 21.239999771118164, 20.209999084472656, 19.459999084472656, 18.469999313354492, 18.809999465942383, 18.43000030517578, 18.459999084472656, 18.25, 21.209999084472656, 23.219999313354492, 25.260000228881836, 28.899999618530273, 26.969999313354492, 25.8799991607666, 26.59000015258789, 24.549999237060547, 25.670000076293945, 26.739999771118164, 26.899999618530273, 28.299999237060547, 27.75, 28.75, 26.600000381469727, 26.68000030517578, 26.6200008392334, 26.399999618530273, 24.719999313354492, 24.860000610351562, 26.780000686645508, 25.920000076293945, 26.709999084472656, 26.149999618530273, 27.0, 27.280000686645508]
assets:[0, 100.00032088851928, 199.45683053359986, 292.91695411663056, 399.772513621521, 528.1479250328064, 633.203206761837, 769.6904499999999, 853.7664685321809, 1003.6703161684036, 1261.9332323339463, 1337.9994930793762, 1500.7065874780656, 1611.6246, 1701.7754579406737, 1996.7796894802093, 1918.5313438796998, 2167.4929291999815, 2452.4553335723876, 2433.526409759522, 2443.2165070549013, 2418.92161307354, 2563.449299217987, 2611.661896245575, 2715.912597303772, 2785.017525, 3336.7252409706116, 3752.9347110208514, 4182.649351899147, 4885.374425514793, 4659.118624380684, 4570.819343778038, 4796.216480523301, 4528.247359275818, 4834.8315663696285, 5136.360878035163, 5267.0952453071595, 5641.219967918396, 5631.585, 5934.526124999999, 5590.72690017643, 5707.540409284973, 5794.70567068634, 5846.815835515786, 5574.745477150726, 5706.3173060989375, 6247.029676175308, 6146.414802091598, 6433.746990473175, 6398.857836655045, 6706.8513, 6876.404301081086]
shares:[0, 7.764, 15.5704, 23.6414, 31.5278, 38.8916, 46.1855, 53.0821, 60.1244, 66.7778, 72.5249, 78.3831, 83.9791, 89.5347, 95.1244, 100.1394, 105.646, 110.7559, 115.464, 120.412, 125.5507, 130.9649, 136.2812, 141.7071, 147.1242, 152.6037, 157.3185, 161.6251, 165.5839, 169.0441, 172.7519, 176.6159, 180.3767, 184.45, 188.3456, 192.0853, 195.8028, 199.3364, 202.94, 206.4183, 210.1777, 213.9258, 217.6824, 221.4703, 225.5156, 229.5381, 233.2722, 237.1302, 240.8741, 244.6982, 248.4019, 252.0676]
growth_rate:34.83
