ticker:MYGN
price:[12.390000343322754, 13.289999961853027, 12.930000305175781, 12.4399995803833, 12.989999771118164, 13.619999885559082, 12.859999656677246, 14.609999656677246, 12.430000305175781, 14.289999961853027, 16.75, 17.209999084472656, 17.780000686645508, 18.8799991607666, 19.719999313354492, 18.0, 18.399999618530273, 19.770000457763672, 24.18000030517578, 26.709999084472656, 26.6299991607666, 27.549999237060547, 28.93000030517578, 30.479999542236328, 31.34000015258789, 30.489999771118164, 27.84000015258789, 31.040000915527344, 30.489999771118164, 30.09000015258789, 31.209999084472656, 28.15999984741211, 27.309999465942383, 30.100000381469727, 30.219999313354492, 28.25, 27.3799991607666, 27.530000686645508, 28.649999618530273, 27.510000228881836, 29.729999542236328, 28.610000610351562, 32.61000061035156, 31.299999237060547, 33.130001068115234, 30.790000915527344, 31.81999969482422, 31.6299991607666, 34.45000076293945, 32.790000915527344, 34.93000030517578, 35.310001373291016]
assets:[0, 100.0006047129631, 197.29240965652465, 289.8159142241478, 402.62893990573883, 522.1553836126328, 593.0183081682205, 773.7163618183135, 758.2685516166688, 971.7342874059677, 1239.0159250000002, 1373.042983957672, 1518.5187386436464, 1712.4650118793488, 1888.6553262374878, 1823.9256, 1964.457559272766, 2210.7249451881407, 2803.8596393875123, 3197.2322974098206, 3287.657143390846, 3501.2384880405425, 3776.617708838653, 4078.958506740188, 4294.046986906815, 4277.585370889092, 4005.805749955368, 4566.241766681672, 4585.333134578896, 4625.179058454513, 4897.3357323394775, 4518.742247514725, 4482.346516345978, 5040.266133877373, 5160.3610387485505, 4923.9637, 4872.322872656822, 4999.015903684044, 5302.390084399605, 5191.403890192222, 5710.339121075821, 5595.217765365601, 6477.490732237244, 6317.278846015931, 6786.627710801697, 6407.282188517762, 6721.621733535004, 6781.48763506794, 7486.098850789261, 7225.375071739197, 7796.931455120087, 7981.755190429688]
shares:[0, 7.5245, 15.2585, 23.2971, 30.9953, 38.3374, 46.1134, 52.958, 61.0031, 68.001, 73.9711, 79.7817, 85.406, 90.7026, 95.7736, 101.3292, 106.764, 111.8222, 115.9578, 119.7017, 123.4569, 127.0867, 130.5433, 133.8241, 137.0149, 140.2947, 143.8867, 147.1083, 150.3881, 153.7115, 156.9156, 160.4667, 164.1284, 167.4507, 170.7598, 174.2996, 177.9519, 181.5843, 185.0747, 188.7097, 192.0733, 195.5686, 198.6351, 201.83, 204.8484, 208.0962, 211.2389, 214.4005, 217.3033, 220.353, 223.2159, 226.048]
growth_rate:56.51
