ticker:MYMD
price:[4.440000057220459, 4.480000019073486, 5.099999904632568, 4.300000190734863, 4.539999961853027, 4.679999828338623, 4.539999961853027, 4.420000076293945, 3.700000047683716, 3.740000009536743, 4.019999980926514, 3.740000009536743, 3.819999933242798, 4.079999923706055, 4.019999980926514, 4.039999961853027, 4.159999847412109, 3.9800000190734863, 4.610000133514404, 5.300000190734863, 5.699999809265137, 5.28000020980835, 6.199999809265137, 7.5, 7.119999885559082, 6.659999847412109, 5.5, 7.019999980926514, 6.880000114440918, 6.679999828338623, 6.739999771118164, 6.420000076293945, 4.940000057220459, 4.130000114440918, 4.300000190734863, 4.130000114440918, 3.390000104904175, 4.309999942779541, 4.369999885559082, 4.360000133514404, 4.579999923706055, 5.75, 6.110000133514404, 6.300000190734863, 5.599999904632568, 5.519999980926514, 4.829999923706055, 4.949999809265137, 4.639999866485596, 5.599999904632568, 5.380000114440918, 5.949999809265137]
assets:[0, 99.99987242574691, 213.8389160013199, 280.29551243305207, 395.9397526731491, 508.14923336119654, 592.9480570178032, 677.2752856904984, 666.9497985953093, 774.1601799740553, 932.1186015774249, 967.1950444662809, 1087.8836469884634, 1261.9280644025803, 1343.3702276261806, 1450.0537543081282, 1593.1247735645293, 1624.1914417836667, 1981.2872403818608, 2377.835545572853, 2657.2948810809135, 2561.4944217846396, 3107.815004392147, 3859.4535, 3763.9074835021015, 3620.7335590450284, 3090.0952500000003, 4044.0850990121367, 4063.434019590569, 4045.3110360443593, 4181.646159996604, 4083.1110605228423, 3241.83304755044, 2810.277575871849, 3025.9548542221073, 3006.3241383042337, 2567.66065945673, 3364.488964332342, 3511.3263720458986, 3603.291590342045, 3885.1090532815933, 4977.5933, 5389.233967764378, 5656.820571262359, 5128.284472665834, 5155.023102187633, 4610.644994170952, 4825.194969074154, 4623.010970974446, 5679.495823278761, 5556.373196192647, 6245.0591098066325]
shares:[0, 22.3214, 41.9292, 65.185, 87.2114, 108.5789, 130.6053, 153.2297, 180.2567, 206.9947, 231.8703, 258.6083, 284.7863, 309.2961, 334.1717, 358.9242, 382.9627, 408.0883, 429.7803, 448.6482, 466.1921, 485.1315, 501.2605, 514.5938, 528.6387, 543.6537, 561.8355, 576.0805, 590.6154, 605.5855, 620.4223, 635.9986, 656.2415, 680.4546, 703.7104, 727.9235, 757.422, 780.6239, 803.5072, 826.443, 848.2771, 865.6684, 882.035, 897.908, 915.7651, 933.881, 954.5849, 974.7869, 996.3386, 1014.1957, 1032.7831, 1049.5898]
growth_rate:22.45
