ticker:MYRG
price:[37.34000015258789, 35.47999954223633, 35.84000015258789, 35.91999816894531, 38.189998626708984, 43.09000015258789, 44.540000915527344, 44.349998474121094, 42.75, 44.16999816894531, 47.25, 48.54999923706055, 52.099998474121094, 55.83000183105469, 59.06999969482422, 59.11000061035156, 60.36000061035156, 60.099998474121094, 62.40999984741211, 63.0099983215332, 65.79000091552734, 55.61000061035156, 60.040000915527344, 57.619998931884766, 58.349998474121094, 58.95000076293945, 62.34000015258789, 73.58999633789062, 71.66000366210938, 68.0999984741211, 73.66999816894531, 75.66000366210938, 70.69999694824219, 70.94999694824219, 77.9000015258789, 82.56999969482422, 82.13999938964844, 82.41000366210938, 87.04000091552734, 88.69000244140625, 90.0199966430664, 86.83999633789062, 88.26000213623047, 90.25, 90.18000030517578, 88.30999755859375, 96.38999938964844, 95.62999725341797, 98.30999755859375, 99.52999877929688, 96.5999984741211, 105.44999694824219]
assets:[0, 100.00037870979308, 201.0158088558197, 301.4657686325073, 420.51771287841797, 574.4715730342865, 693.804048261261, 790.84473779068, 862.314525, 990.9583259201049, 1160.058375, 1291.9737396972657, 1486.4442164657592, 1692.866149520874, 1891.1083192298888, 1992.3912355728148, 2134.5227735839844, 2225.328653501129, 2410.8608481056212, 2534.035296498108, 2745.8377942108154, 2420.959132571411, 2713.820049382019, 2704.434983867264, 2838.6982507667544, 2967.8908434108735, 3238.5630079269413, 3923.0017557769775, 3920.117504333496, 3825.3675942871096, 4238.249728659058, 4452.734969522095, 4260.8272260818485, 4375.890726780701, 4904.53735606842, 5298.558165416718, 5370.962066090393, 5488.613376901245, 5896.977470027161, 6108.763381158447, 6300.3735370529175, 6177.806023477173, 6378.823960391998, 6622.644275000001, 6717.508222732544, 6678.213959375, 7389.24771421051, 7430.986314575196, 7739.238275805665, 7935.277977676392, 7801.6766967659, 8616.424700637817]
shares:[0, 2.8185, 5.6087, 8.3927, 11.0112, 13.3319, 15.5771, 17.8319, 20.1711, 22.4351, 24.5515, 26.6112, 28.5306, 30.3218, 32.0147, 33.7065, 35.3632, 37.0271, 38.6294, 40.2164, 41.7364, 43.5346, 45.2002, 46.9357, 48.6495, 50.3459, 51.95, 53.3089, 54.7044, 56.1728, 57.5302, 58.8519, 60.2663, 61.6757, 62.9594, 64.1705, 65.3879, 66.6013, 67.7502, 68.8777, 69.9886, 71.1401, 72.2731, 73.3811, 74.49, 75.6224, 76.6599, 77.7056, 78.7228, 79.7275, 80.7627, 81.711]
growth_rate:68.95
