ticker:MYSZ
price:[1.0199999809265137, 0.9649999737739563, 0.9700000286102295, 0.9409999847412109, 1.0299999713897705, 1.0399999618530273, 1.1200000047683716, 1.059999942779541, 0.9559999704360962, 0.9900000095367432, 1.0099999904632568, 1.0499999523162842, 1.1610000133514404, 1.25, 1.1399999856948853, 1.190000057220459, 1.25, 1.409999966621399, 1.2899999618530273, 1.3600000143051147, 1.5499999523162842, 1.440000057220459, 1.590000033378601, 1.7100000381469727, 1.75, 1.340000033378601, 1.2100000381469727, 1.350000023841858, 1.4800000190734863, 1.25, 1.149999976158142, 1.0700000524520874, 0.9800000190734863, 1.0390000343322754, 0.9950000047683716, 1.159999966621399, 1.2400000095367432, 1.2400000095367432, 1.2699999809265137, 1.3899999856948853, 1.4800000190734863, 1.2799999713897705, 1.309999942779541, 1.5199999809265137, 1.409999966621399, 1.309999942779541, 1.340000033378601, 1.2699999809265137, 1.190000057220459, 1.1699999570846558, 1.1399999856948853, 1.1399999856948853]
assets:[0, 99.9999557822764, 200.51811491429805, 294.52320882415773, 422.3792982676029, 526.4800126888275, 666.9784828396439, 731.2474265261172, 759.5023981127024, 886.514021539855, 1004.423376515913, 1144.2024830382586, 1365.161052999282, 1569.811625, 1531.6681847800971, 1698.8466996880531, 1884.50275, 2225.7190693110706, 2136.29618082695, 2352.2193047417404, 2780.838019451165, 2683.488346632242, 3063.018358301425, 3394.1895067181586, 3573.58575, 2836.345776651681, 2661.1778888974186, 3069.0827642019512, 3464.6241006503105, 3026.20275, 2884.106445206559, 2783.4730984476328, 2649.349103563595, 2908.8507843188286, 2885.6654823290705, 3464.1928123190405, 3803.1028452493665, 3903.102894018459, 4097.532764461232, 4584.701170816779, 4981.552488199711, 4408.369565465259, 4611.690655562544, 5450.969515599347, 5156.491419931579, 4890.782737371874, 5102.785787107348, 4936.222209865379, 4725.2793592123035, 4745.862518922794, 4724.17384871943, 4824.173849464595]
shares:[0, 103.6269, 206.7197, 312.9896, 410.077, 506.2308, 595.5165, 689.8561, 794.4586, 895.4687, 994.4786, 1089.7167, 1175.8493, 1255.8493, 1343.5686, 1427.6022, 1507.6022, 1578.5242, 1656.0436, 1729.573, 1794.0891, 1863.5335, 1926.4266, 1984.9061, 2042.049, 2116.6759, 2199.3205, 2273.3946, 2340.9622, 2420.9622, 2507.9187, 2601.3766, 2703.4174, 2799.6638, 2900.1663, 2986.3732, 3067.0184, 3147.6636, 3226.4038, 3298.3462, 3365.9138, 3444.0388, 3520.3747, 3586.1642, 3657.0862, 3733.4221, 3808.049, 3886.7892, 3970.8228, 4056.2929, 4144.0122, 4231.7315]
growth_rate:-5.41
