ticker:NAACU
price:[10.489999771118164, 10.399999618530273, 10.550000190734863, 10.600000381469727, 10.5, 10.300000190734863, 10.100000381469727, 10.0600004196167, 9.949999809265137, 9.970000267028809, 9.9399995803833, 10.0, 10.0, 9.9350004196167, 9.979999542236328, 9.989999771118164, 10.0, 9.930000305175781, 9.899999618530273, 9.944000244140625, 9.970000267028809, 9.979999542236328, 9.979999542236328, 10.039999961853027, 10.039999961853027, 10.050000190734863, 10.140000343322754, 9.989999771118164, 9.970000267028809, 9.899999618530273, 9.880000114440918]
assets:[0, 100.00015633201599, 201.44275864191056, 302.39787088260647, 399.54495000000003, 491.93418910961145, 582.3821819961548, 680.0761483669281, 772.6403701889991, 874.1935514137268, 971.5633909854889, 1077.428, 1177.428, 1269.774520630455, 1375.5253729072572, 1476.9035841625214, 1578.382, 1667.3334422416688, 1762.2959620946885, 1870.1283499145509, 1975.0181698973656, 2076.9985827320097, 2176.998178145218, 2290.086843298817, 2390.0872509188653, 2492.467382303524, 2614.787692532158, 2676.1071526874543, 2770.7498132096293, 2851.2959201330186, 2945.536290118408]
shares:[0, 9.6154, 19.0941, 28.5281, 38.0519, 47.7606, 57.6616, 67.602, 77.6523, 87.6824, 97.7428, 107.7428, 117.7428, 127.8082, 137.8282, 147.8382, 157.8382, 167.9087, 178.0097, 188.066, 198.0961, 208.1161, 218.1361, 228.0963, 238.0565, 248.0067, 257.8686, 267.8786, 277.9087, 288.0097, 298.1312]
growth_rate:-1.82
