ticker:NAAC
price:[9.789999961853027, 9.75, 9.951000213623047, 9.819999694824219, 9.899999618530273, 9.75, 9.789999961853027, 9.890000343322754, 9.789999961853027, 9.760000228881836, 9.6899995803833, 9.670000076293945, 9.680000305175781, 9.699999809265137, 9.680000305175781, 9.729999542236328, 9.720000267028809, 9.760000228881836, 9.739999771118164, 9.720000267028809, 9.65999984741211, 9.680000305175781, 9.680000305175781, 9.649999618530273, 9.649999618530273]
assets:[0, 99.9999, 202.06102993774414, 299.4009886955261, 401.83999451618195, 495.751425, 597.7852296707154, 703.891104434967, 796.7738318953513, 894.3322449729919, 987.9177442191124, 1085.8791205673217, 1187.002293421936, 1289.4549246449471, 1386.7965317207338, 1493.9596977142332, 1592.4247277472496, 1698.977895842743, 1795.4959078073502, 1891.8094839719772, 1980.1318847221373, 2084.231841708374, 2184.232052861023, 2277.462634970665, 2377.4626860176086]
shares:[0, 10.2564, 20.3056, 30.4889, 40.5899, 50.8463, 61.0608, 71.172, 81.3865, 91.6324, 101.9523, 112.2936, 122.6242, 132.9335, 143.2641, 153.5416, 163.8297, 174.0756, 184.3425, 194.6306, 204.9826, 215.3132, 225.6438, 236.0065, 246.3692]
growth_rate:-0.94
