ticker:NAII
price:[7.179999828338623, 7.179999828338623, 6.769999980926514, 7.710000038146973, 7.869999885559082, 7.900000095367432, 8.010000228881836, 7.840000152587891, 7.739999771118164, 7.900000095367432, 10.350000381469727, 10.210000038146973, 10.119999885559082, 9.930000305175781, 10.119999885559082, 10.0600004196167, 10.84000015258789, 10.59000015258789, 13.0600004196167, 12.699999809265137, 12.949999809265137, 14.369999885559082, 15.25, 17.1299991607666, 16.739999771118164, 15.710000038146973, 14.359999656677246, 16.809999465942383, 16.75, 15.680000305175781, 16.18000030517578, 16.270000457763672, 18.200000762939453, 15.279999732971191, 15.0, 14.899999618530273, 14.449999809265137, 14.510000228881836, 13.789999961853027, 13.25, 13.850000381469727, 13.800000190734863, 13.25, 17.0, 18.010000228881836, 17.329999923706055, 16.959999084472656, 17.709999084472656, 18.110000610351562, 18.850000381469727, 17.18000030517578, 15.850000381469727]
assets:[0, 100.000165609169, 194.28952145261763, 321.2664495895386, 427.93360477724076, 529.5646563928127, 636.9383972002029, 723.4203340797424, 814.1930219232559, 931.0237012391567, 1319.7585636423112, 1401.906517237854, 1489.5486151556015, 1561.5829109916685, 1691.4618408722877, 1781.4339283061029, 2019.5570684280397, 2072.9808808689118, 2656.4811393525124, 2683.2546897015573, 2836.0745632287026, 3247.056670140839, 3545.9025500000002, 4083.0363669637677, 4090.0774480773925, 3938.418459563255, 3699.980279539871, 4431.243615218353, 4515.426475, 4326.979188214875, 4564.957330101013, 4690.3498989650725, 5346.734344133758, 4588.906327805615, 4604.817, 4674.117960333252, 4632.953158846664, 4752.190488961411, 4616.381757229805, 4535.61015, 4840.996173335266, 4923.519908049774, 4827.293000000001, 6293.5088, 6767.417875004387, 6611.901006891632, 6570.734429301453, 6961.302989131928, 7218.532150282288, 7613.490649075127, 7038.9794170364385, 6594.051883702278]
shares:[0, 13.9276, 28.6986, 41.6688, 54.3753, 67.0335, 79.5179, 92.273, 105.1929, 117.8511, 127.5129, 137.3072, 147.1886, 157.2591, 167.1405, 177.0809, 186.306, 195.7489, 203.4059, 211.2799, 219.0019, 225.9608, 232.5182, 238.3559, 244.3296, 250.695, 257.6588, 263.6076, 269.5777, 275.9553, 282.1358, 288.2821, 293.7766, 300.3211, 306.9878, 313.6992, 320.6196, 327.5114, 334.763, 342.3102, 349.5304, 356.7768, 364.324, 370.2064, 375.7589, 381.5292, 387.4254, 393.0719, 398.5937, 403.8987, 409.7194, 416.0285]
growth_rate:29.3
