ticker:NAKD
price:[0.22300000488758087, 0.15850000083446503, 0.14300000667572021, 0.12489999830722809, 0.11630000174045563, 0.11999999731779099, 0.09839999675750732, 0.07500000298023224, 0.07400000095367432, 0.07320000231266022, 0.0723000019788742, 0.16859999299049377, 0.20999999344348907, 0.19020000100135803, 0.16220000386238098, 0.1834000051021576, 0.20900000631809235, 0.19200000166893005, 0.3416999876499176, 0.453900009393692, 0.44200000166893005, 1.649999976158142, 1.100000023841858, 1.440000057220459, 1.2200000286102295, 1.0399999618530273, 0.8569999933242798, 1.0, 0.9199000000953674, 0.7601000070571899, 0.7149999737739563, 0.6370000243186951, 0.47780001163482666, 0.5699999928474426, 0.7092999815940857, 0.5404000282287598, 0.5669999718666077, 0.527999997138977, 0.6190000176429749, 0.6980000138282776, 0.746999979019165, 0.6693999767303467, 0.6850000023841858, 0.621999979019165, 0.5891000032424927, 0.5152999758720398, 0.536899983882904, 0.5289999842643738, 0.5389999747276306, 0.5206999778747559, 0.5529999732971191, 0.6668999791145325]
assets:[0, 99.99999632647634, 190.2208253801465, 266.1439107929468, 347.81855476518274, 458.88414174313993, 476.2849926253795, 463.0221258988455, 556.8484827763796, 650.8285112820923, 742.8265167513996, 1832.2343245452762, 2382.142422625984, 2257.540510505417, 2025.2001982049974, 2389.8996249666093, 2823.4952202545596, 2693.8328682157216, 4894.180472569352, 6601.225158355719, 6528.159202449414, 24469.82469642055, 16413.217065746892, 21586.39357776618, 18388.47202522819, 15775.417781361104, 13099.551361159229, 15385.3576, 14252.990486967628, 11877.038964943016, 11272.322648533655, 10142.615497113758, 7707.757648030292, 9295.106106361789, 11666.69944565606, 8988.601257975624, 9531.044428088844, 8975.470314565478, 10622.379390963113, 12078.062620681947, 13025.948909842848, 11772.784650394964, 12147.1434022789, 11129.960453972555, 10641.25397619102, 9408.16139995039, 9902.526552407986, 9856.819782599174, 10143.148925412952, 9898.771199127865, 10612.810507535934, 12898.704229798166]
shares:[0, 630.9148, 1330.2155, 2130.856, 2990.7012, 3824.0346, 4840.2948, 6173.6281, 7524.9794, 8891.0996, 10274.2254, 10867.3452, 11343.5357, 11869.2981, 12485.8209, 13031.0772, 13509.5461, 14030.3794, 14323.0338, 14543.3466, 14769.5909, 14830.197, 14921.1061, 14990.5505, 15072.5177, 15168.6715, 15285.3576, 15385.3576, 15494.0651, 15625.6267, 15765.4868, 15922.4727, 16131.7653, 16307.2039, 16448.188, 16633.2361, 16809.603, 16998.9969, 17160.5478, 17303.8143, 17437.6831, 17587.0706, 17733.056, 17893.8277, 18063.5782, 18257.6399, 18443.8943, 18632.9302, 18818.459, 19010.5082, 19191.34, 19341.2875]
growth_rate:152.92
