ticker:NAOV
price:[0.6000000238418579, 0.6000000238418579, 0.6000000238418579, 0.777999997138977, 0.7170000076293945, 0.7149999737739563, 0.6669999957084656, 0.6899999976158142, 0.5799999833106995, 0.5720000267028809, 0.5740000009536743, 0.6050000190734863, 0.7599999904632568, 1.090000033378601, 1.100000023841858, 0.8180000185966492, 0.8140000104904175, 0.7639999985694885, 0.8799999952316284, 0.9980000257492065, 1.3799999952316284, 1.1200000047683716, 1.3200000524520874, 1.4700000286102295, 1.3799999952316284, 1.090000033378601, 1.0199999809265137, 1.1299999952316284, 1.1100000143051147, 1.0, 1.0199999809265137, 1.0, 0.8500000238418579, 0.9679999947547913, 1.059999942779541, 0.949999988079071, 0.8330000042915344, 0.8500000238418579, 0.8320000171661377, 0.8980000019073486, 0.9399999976158142, 0.890999972820282, 0.8769999742507935, 0.8550000190734863, 0.800000011920929, 0.7210000157356262, 2.609999895095825, 2.5, 2.2300000190734863, 2.5199999809265137, 2.7799999713897705, 3.0999999046325684]
assets:[0, 100.00002397364378, 200.00004794728756, 359.3333804785848, 431.15942228784564, 529.9566935613036, 594.379170575714, 714.8749805298627, 700.9093898315728, 791.24174533782, 894.0082732853532, 1042.291007859707, 1409.3241463153124, 2121.267594958663, 2240.7287585664867, 1766.287399155289, 1857.6502623404501, 1843.5439913481532, 2223.453835951984, 2621.5988626393673, 3725.0564811286567, 3123.23425329709, 3780.9548222416397, 4310.60867989626, 4146.693813671756, 3375.287236359966, 3258.525497067213, 3709.9351893448234, 3744.2726942542795, 3473.2186, 3642.682887883663, 3671.2578, 3220.569255334532, 3767.6599371845423, 4225.743089887762, 3887.222776221782, 3508.4806475753485, 3680.082413223529, 3702.151225184178, 4095.831439699531, 4387.39593887195, 4258.691096989757, 4291.775650991082, 4284.114481070757, 4108.528141221839, 3802.8110473953006, 13866.069708678675, 13381.676500000001, 12036.455430949401, 13701.734068293716, 15215.404937411427, 17066.81821496172]
shares:[0, 166.6667, 333.3334, 461.8681, 601.3381, 741.1982, 891.1232, 1036.0507, 1208.4645, 1383.2897, 1557.5057, 1722.795, 1854.3739, 1946.117, 2037.0261, 2159.2755, 2282.1256, 2413.0157, 2526.6521, 2626.8525, 2699.3163, 2788.602, 2864.3596, 2932.3868, 3004.8506, 3096.5937, 3194.6329, 3283.1285, 3373.2186, 3473.2186, 3571.2578, 3671.2578, 3788.9049, 3892.2107, 3986.5503, 4091.8135, 4211.8615, 4329.5086, 4449.7009, 4561.0595, 4667.4425, 4779.6759, 4893.701, 5010.6601, 5135.6601, 5274.3564, 5312.6706, 5352.6706, 5397.5136, 5437.1961, 5473.1673, 5505.4254]
growth_rate:234.64
