ticker:NARI
price:[71.16999816894531, 75.55000305175781, 67.2300033569336, 64.5999984741211, 64.41999816894531, 72.37000274658203, 71.69999694824219, 62.56999969482422, 66.19999694824219, 74.61000061035156, 73.58000183105469, 67.97000122070312, 68.41999816894531, 64.88999938964844, 66.8499984741211, 71.7699966430664, 81.30000305175781, 87.29000091552734, 84.08999633789062, 95.86000061035156, 107.06999969482422, 95.41999816894531, 111.2699966430664, 117.66999816894531, 118.69000244140625, 104.5999984741211, 93.75, 116.1500015258789, 108.27999877929688, 103.2300033569336, 109.20999908447266, 113.63999938964844, 105.05000305175781, 108.43000030517578, 114.29000091552734, 96.2300033569336, 80.94000244140625, 85.73999786376953, 86.94999694824219, 84.16999816894531, 91.37000274658203, 92.68000030517578, 96.69999694824219, 95.87000274658203, 94.08999633789062, 85.30000305175781, 89.70999908447266, 89.79000091552734, 94.86000061035156, 71.54000091552734, 75.79000091552734, 83.20999908447266]
assets:[0, 99.99798403930664, 188.98353943634032, 281.5913933486938, 380.8059351760864, 527.8016670310974, 622.9152334869384, 643.5950168609619, 780.9348839996338, 980.1441170181275, 1066.6157065429688, 1085.290603491211, 1192.478464086914, 1230.9567994216918, 1368.1386987716676, 1568.827533620453, 1877.1439004623412, 2115.4469851875306, 2137.8956578948973, 2537.136222154236, 2933.8357686378477, 2714.6130699081423, 3265.529607481384, 3553.351536706543, 3684.149544781494, 3346.7920111778258, 3099.6375000000003, 3940.249421763611, 3773.2656014617914, 3697.285800231934, 4011.4689233711238, 4274.19356504364, 4051.106297686768, 4281.45614905014, 4612.847297951507, 3983.9317619773865, 3450.92556809082, 3755.574812429047, 3908.5762628173825, 3883.6121325149534, 4315.825531733703, 4477.704462744141, 4771.9224394027715, 4830.966134402465, 4841.269035571289, 4488.989430601501, 4821.069176799011, 4925.367647220612, 5303.48034412384, 4099.6927544654845, 4443.241856673431, 4978.246220226288]
shares:[0, 1.3236, 2.811, 4.359, 5.9113, 7.2931, 8.6878, 10.286, 11.7966, 13.1369, 14.496, 15.9672, 17.4288, 18.9699, 20.4658, 21.8591, 23.0891, 24.2347, 25.4239, 26.4671, 27.4011, 28.4491, 29.3478, 30.1976, 31.0401, 31.9961, 33.0628, 33.9238, 34.8473, 35.816, 36.7317, 37.6117, 38.5636, 39.4859, 40.3609, 41.4001, 42.6356, 43.8019, 44.952, 46.1401, 47.2346, 48.3136, 49.3477, 50.3908, 51.4536, 52.6259, 53.7406, 54.8543, 55.9085, 57.3063, 58.6257, 59.8275]
growth_rate:-2.39
