ticker:NATH
price:[52.349998474121094, 50.720001220703125, 53.75, 52.83000183105469, 51.0099983215332, 51.36000061035156, 51.66999816894531, 50.79999923706055, 50.7599983215332, 51.150001525878906, 60.189998626708984, 59.5099983215332, 58.29999923706055, 57.869998931884766, 59.68000030517578, 55.970001220703125, 54.380001068115234, 55.220001220703125, 57.560001373291016, 57.869998931884766, 57.9900016784668, 55.5099983215332, 61.470001220703125, 60.119998931884766, 60.040000915527344, 59.7599983215332, 66.37999725341797, 68.45999908447266, 71.29000091552734, 66.9000015258789, 65.4000015258789, 64.98999786376953, 65.16999816894531, 66.30000305175781, 63.43000030517578, 65.83999633789062, 64.87000274658203, 64.0199966430664, 64.56999969482422, 68.43000030517578, 70.0999984741211, 69.5999984741211, 71.05999755859375, 70.9800033569336, 69.37999725341797, 66.5999984741211, 66.80000305175781, 64.25, 65.69999694824219, 67.72000122070312, 67.66999816894531, 67.0]
assets:[0, 99.99955440673828, 205.975375, 302.4517604827881, 392.03224110031124, 494.7200698791504, 597.7082048187256, 687.6440296726228, 787.1048379730224, 893.150636643982, 1151.0013057388308, 1237.9983970825197, 1312.8285328197478, 1403.144929101944, 1547.030935910797, 1550.8615698242188, 1606.8039575603484, 1731.621930279541, 1905.0000494503022, 2015.259055804062, 2119.4359783451077, 2128.7973336311343, 2457.3616507995603, 2503.3907435237884, 2600.0622596473695, 2687.93898850441, 3085.7007243240355, 3282.3899621040346, 3518.0759971801754, 3401.436917581177, 3425.1746599143985, 3503.701770832825, 3613.4026844757077, 3776.0570038101196, 3712.5959758621216, 3953.652276092529, 3995.401852164459, 4043.0484459999084, 4177.782292254638, 4527.527267191314, 4738.01683686676, 4804.223414674378, 5005.004338043213, 5099.36669516983, 5084.415966720581, 4980.687545886994, 5095.644512794494, 5001.123625, 5213.991177810669, 5474.302054678345, 5570.262666276551, 5615.1092]
shares:[0, 1.9716, 3.8321, 5.725, 7.6854, 9.6324, 11.5678, 13.5363, 15.5064, 17.4614, 19.1228, 20.8032, 22.5185, 24.2465, 25.9221, 27.7088, 29.5477, 31.3586, 33.0959, 34.8239, 36.5483, 38.3498, 39.9766, 41.6399, 43.3055, 44.9789, 46.4854, 47.9461, 49.3488, 50.8436, 52.3727, 53.9114, 55.4458, 56.9541, 58.5306, 60.0494, 61.5909, 63.1529, 64.7016, 66.1629, 67.5894, 69.0262, 70.4335, 71.8423, 73.2836, 74.7851, 76.2821, 77.8385, 79.3606, 80.8373, 82.3151, 83.8076]
growth_rate:10.1
