ticker:NATI
price:[34.90999984741211, 35.869998931884766, 36.16999816894531, 35.13999938964844, 35.7400016784668, 36.400001525878906, 36.4900016784668, 35.31999969482422, 31.280000686645508, 34.08000183105469, 34.81999969482422, 36.04999923706055, 37.4900016784668, 39.75, 39.95000076293945, 43.20000076293945, 43.099998474121094, 43.939998626708984, 46.130001068115234, 45.4900016784668, 44.16999816894531, 41.400001525878906, 42.0099983215332, 46.43000030517578, 46.33000183105469, 44.400001525878906, 42.75, 42.75, 42.47999954223633, 43.43000030517578, 44.09000015258789, 44.349998474121094, 44.70000076293945, 45.83000183105469, 41.40999984741211, 40.45000076293945, 39.40999984741211, 39.869998931884766, 40.79999923706055, 41.15999984741211, 42.25, 42.2400016784668, 42.880001068115234, 42.630001068115234, 42.720001220703125, 41.09000015258789, 42.4900016784668, 44.11000061035156, 42.290000915527344, 41.86000061035156, 40.900001525878906, 42.150001525878906]
assets:[0, 99.99838302230835, 200.83391483306886, 295.1162568740845, 400.1557807926178, 507.54706127624513, 608.802837003708, 689.2839220443725, 710.4407595952987, 874.0361749603271, 993.0141612968445, 1128.0909961257935, 1273.1529590003968, 1449.9011249999999, 1557.1950997383117, 1783.874911504364, 1879.7460934509277, 2016.3801729804993, 2216.8786873306276, 2286.122779352188, 2319.786218833923, 2274.309083824158, 2407.819857798004, 2761.1549741485596, 2855.2068208435057, 2836.2676574729917, 2830.866525, 2930.867325, 3012.3544715389253, 3179.7231293434143, 3328.045481517792, 3447.6713113815304, 3574.8780910160067, 3765.2508774337766, 3502.118225095367, 3520.9298664093017, 3530.402960330963, 3671.6122536376956, 3857.256407871246, 3991.289301203537, 4196.98825, 4295.994026707459, 4461.085231122971, 4535.077562628555, 4644.650964718628, 4567.4329289611815, 4823.05283752327, 5106.941184664917, 4996.225288162232, 5045.4235475662235, 5029.714497646331, 5283.435251266479]
shares:[0, 2.7878, 5.5525, 8.3983, 11.1963, 13.9436, 16.6841, 19.5154, 22.7123, 25.6466, 28.5185, 31.2924, 33.9598, 36.4755, 38.9786, 41.2934, 43.6136, 45.8894, 48.0572, 50.2555, 52.5195, 54.935, 57.3154, 59.4692, 61.6276, 63.8799, 66.2191, 68.5583, 70.9123, 73.2149, 75.483, 77.7378, 79.9749, 82.1569, 84.5718, 87.044, 89.5814, 92.0896, 94.5406, 96.9701, 99.337, 101.7044, 104.0365, 106.3823, 108.7231, 111.1568, 113.5103, 115.7774, 118.142, 120.5309, 122.9759, 125.3484]
growth_rate:3.6
