ticker:NATR
price:[11.029999732971191, 12.550000190734863, 12.609999656677246, 11.180000305175781, 11.989999771118164, 12.140000343322754, 12.210000038146973, 10.989999771118164, 10.420000076293945, 9.989999771118164, 11.59000015258789, 12.25, 12.640000343322754, 12.829999923706055, 13.25, 14.420000076293945, 14.600000381469727, 14.949999809265137, 15.710000038146973, 15.479999542236328, 16.149999618530273, 16.049999237060547, 16.540000915527344, 17.979999542236328, 17.459999084472656, 16.479999542236328, 17.84000015258789, 18.979999542236328, 20.15999984741211, 18.25, 19.5, 19.549999237060547, 20.229999542236328, 19.809999465942383, 20.809999465942383, 20.65999984741211, 19.420000076293945, 19.969999313354492, 20.489999771118164, 20.3799991607666, 19.979999542236328, 19.110000610351562, 18.110000610351562, 17.34000015258789, 18.110000610351562, 18.260000228881836, 17.670000076293945, 17.59000015258789, 17.030000686645508, 16.350000381469727, 17.030000686645508, 17.489999771118164]
assets:[0, 99.99965651979446, 200.47755754175188, 277.7425115814209, 397.8653614049912, 502.84245622053146, 605.7417648924828, 645.2173915624618, 711.7526932113647, 782.3808180747986, 1007.6867682666779, 1165.07055, 1302.1627233688355, 1421.7359135456086, 1568.2779500000001, 1806.7596775592804, 1929.3126704092026, 2075.5637885195733, 2281.0778665389057, 2347.681250576019, 2549.2935897846223, 2633.50794981575, 2813.9073517562865, 3158.8899375759124, 3167.5319239082337, 3089.744474176407, 3444.7238454631806, 3764.8461371986386, 4098.908992975998, 3810.5708, 4171.5687, 4282.265067884445, 4531.21442446785, 4537.141626683236, 4866.174898116875, 4931.099839580535, 4735.137836602593, 4969.24276713829, 5198.636683929062, 5270.728370955276, 5267.279327320861, 5137.924319099427, 4969.063620469666, 4857.78890474739, 5173.503795359803, 5316.355242638398, 5244.577945644569, 5320.832567156601, 5251.437428736686, 5141.749754964638, 5455.596482968331, 5702.958978368569]
shares:[0, 7.9681, 15.8983, 24.8428, 33.1831, 41.4203, 49.6103, 58.7095, 68.3064, 78.3164, 86.9445, 95.1078, 103.0192, 110.8134, 118.3606, 125.2954, 132.1447, 138.8337, 145.1991, 151.659, 157.851, 164.0815, 170.1274, 175.6891, 181.4165, 187.4845, 193.0899, 198.3586, 203.3189, 208.7984, 213.9266, 219.0417, 223.9849, 229.0329, 233.8383, 238.6786, 243.8279, 248.8354, 253.7158, 258.6226, 263.6276, 268.8605, 274.3823, 280.1493, 285.6711, 291.1476, 296.8069, 302.4919, 308.3639, 314.4801, 320.3521, 326.0697]
growth_rate:11.82
