ticker:NAUT
price:[10.699999809265137, 10.744999885559082, 10.880000114440918, 10.850000381469727, 11.050000190734863, 11.5, 11.5, 11.25, 11.119999885559082, 10.449999809265137, 9.399999618530273, 9.850000381469727, 10.010000228881836, 10.100000381469727, 9.119999885559082, 9.09000015258789, 7.840000152587891, 7.480000019073486, 7.639999866485596, 7.380000114440918, 8.0, 7.880000114440918]
assets:[0, 100.0004904349327, 201.25715411691667, 300.70233557224276, 406.2455220122337, 522.79, 622.79055, 709.25175, 801.0558797559738, 852.7910444347382, 867.1039048112868, 1008.6144290615082, 1124.9978997234346, 1235.1128866493225, 1215.27008075037, 1311.2725180114746, 1230.9545039577483, 1274.431183249712, 1401.691675504446, 1453.9899105468749, 1676.1408, 1750.9990654296876]
shares:[0, 9.3067, 18.4979, 27.7145, 36.7643, 45.46, 54.1557, 63.0446, 72.0374, 81.6068, 92.2451, 102.3974, 112.3874, 122.2884, 133.2533, 144.2544, 157.0095, 170.3785, 183.4675, 197.0176, 209.5176, 222.208]
growth_rate:-16.62
