ticker:NAVI
price:[9.210000038146973, 8.40999984741211, 8.260000228881836, 7.909999847412109, 8.670000076293945, 9.489999771118164, 9.789999961853027, 9.395000457763672, 8.010000228881836, 9.25, 10.380000114440918, 9.5600004196167, 9.75, 9.569999694824219, 9.489999771118164, 9.34000015258789, 9.770000457763672, 9.819999694824219, 10.920000076293945, 11.640000343322754, 11.279999732971191, 11.255000114440918, 12.430000305175781, 12.229999542236328, 12.220000267028809, 12.380000114440918, 12.880000114440918, 13.25, 13.760000228881836, 14.130000114440918, 14.34000015258789, 14.640000343322754, 14.880000114440918, 15.079999923706055, 16.829999923706055, 17.34000015258789, 17.34000015258789, 17.459999084472656, 18.270000457763672, 18.559999465942383, 19.40999984741211, 18.34000015258789, 19.15999984741211, 19.40999984741211, 19.81999969482422, 19.940000534057617, 20.270000457763672, 20.43000030517578, 21.540000915527344, 21.8700008392334, 22.100000381469727, 23.079999923706055]
assets:[0, 99.99994418563843, 198.2160514925003, 289.8168574092865, 417.66251467533107, 557.1645295621872, 674.7777053707123, 747.5526704238891, 737.349357069397, 951.4957, 1167.7323668744086, 1175.484267595482, 1298.84625, 1374.867307157135, 1463.3740977060318, 1540.2435471630097, 1711.1540291744232, 1819.9110834426879, 2123.77075483799, 2363.8000537204744, 2390.6921674057007, 2485.393278771496, 2844.864113845825, 2899.089593488312, 2996.7192194836616, 3135.955544988823, 3362.6099658773423, 3559.20705, 3796.202431145477, 3998.279939382649, 4157.702360240936, 4344.683621887207, 4515.907426731491, 4676.605052339745, 5319.315020886422, 5580.506239107132, 5680.506019987107, 5819.817528833771, 6189.810383088684, 6388.060424185753, 6780.617529695511, 6506.82848013649, 6897.755141067124, 7087.75748528099, 7337.472897022247, 7481.896970389366, 7705.719727020645, 7866.545058507538, 8393.948804772948, 8622.547449879265, 8813.228212125778, 9304.041881244279]
shares:[0, 11.8906, 23.9971, 36.6393, 48.1733, 58.7107, 68.9252, 79.5692, 92.0536, 102.8644, 112.4983, 122.9586, 133.215, 143.6643, 154.2017, 164.9083, 175.1437, 185.327, 194.4845, 203.0756, 211.9408, 220.8257, 228.8708, 237.0474, 245.2307, 253.3082, 261.0722, 268.6194, 275.8868, 282.9639, 289.9374, 296.768, 303.4884, 310.1197, 316.0615, 321.8285, 327.5955, 333.3229, 338.7964, 344.1843, 349.3363, 354.7889, 360.0081, 365.1601, 370.2055, 375.2205, 380.1539, 385.0487, 389.6912, 394.2637, 398.7886, 403.1214]
growth_rate:82.43
