ticker:NBEV
price:[1.909999966621399, 1.809999942779541, 1.7999999523162842, 1.6299999952316284, 1.75, 2.1500000953674316, 2.4100000858306885, 2.8399999141693115, 2.3399999141693115, 3.240000009536743, 2.6600000858306885, 3.049999952316284, 3.359999895095825, 3.3499999046325684, 2.950000047683716, 2.7300000190734863, 3.0199999809265137, 2.630000114440918, 2.930000066757202, 2.9700000286102295, 2.9200000762939453, 3.049999952316284, 3.559999942779541, 3.890000104904175, 3.1500000953674316, 2.630000114440918, 2.630000114440918, 3.0399999618530273, 3.1500000953674316, 3.0, 2.9200000762939453, 2.5899999141693115, 2.190000057220459, 2.2300000190734863, 2.190000057220459, 2.130000114440918, 2.0799999237060547, 2.2100000381469727, 2.369999885559082, 2.490000009536743, 2.5299999713897705, 2.3399999141693115, 2.2899999618530273, 2.240000009536743, 2.1500000953674316, 1.9800000190734863, 1.909999966621399, 1.909999966621399, 1.9900000095367432, 1.9600000381469727, 1.7899999618530273, 1.7000000476837158]
assets:[0, 99.99996283864975, 199.44755471644402, 280.61085617910624, 401.26939999999996, 592.9880863031387, 764.6983292342663, 1001.1383097435237, 924.8814560755491, 1380.6051520637275, 1233.4598618002653, 1514.3054563253404, 1768.218424793601, 1862.9557169655798, 1740.513303133607, 1710.7121969521045, 1992.436229416323, 1835.134916853428, 2144.4658768595696, 2273.741733903122, 2335.4633650211335, 2539.4394152983905, 3064.0670307507517, 3448.09570398705, 2892.159672561216, 2514.7237904248236, 2614.723758776188, 3122.342008819771, 3335.3215309781076, 3276.4965, 3289.1234179384232, 3017.407139005351, 2651.398467275905, 2799.825679947281, 2849.604641454649, 2871.533455282116, 2904.1262614772795, 3185.6343899874687, 3516.268342208862, 3794.3073325322625, 3955.260022272372, 3758.2244881491424, 3777.9205670671463, 3795.433392158961, 3742.9383910253046, 3546.9851021683694, 3521.5865044577836, 3621.5864627102137, 3873.2761195620296, 3914.885064194393, 3675.3285196744914, 3590.535590711808]
shares:[0, 55.2486, 110.8042, 172.1539, 229.2968, 275.8084, 317.3022, 352.5135, 395.2485, 426.1127, 463.7067, 496.4936, 526.2555, 556.1062, 590.0045, 626.6345, 659.7471, 697.7699, 731.8996, 765.5696, 799.8162, 832.6031, 860.693, 886.3999, 918.1459, 956.1687, 994.1915, 1027.0862, 1058.8322, 1092.1655, 1126.4121, 1165.0221, 1210.6842, 1255.5272, 1301.1893, 1348.1377, 1396.2146, 1441.4635, 1483.6576, 1523.8182, 1563.3439, 1606.0789, 1649.747, 1694.3899, 1740.9015, 1791.4066, 1843.7626, 1896.1186, 1946.3699, 1997.3903, 2053.2562, 2112.0797]
growth_rate:-29.6
