ticker:NBIX
price:[110.05999755859375, 100.38999938964844, 101.6500015258789, 97.69999694824219, 94.5999984741211, 104.41999816894531, 102.51000213623047, 99.01000213623047, 98.66999816894531, 96.33999633789062, 91.9800033569336, 89.0, 95.55999755859375, 96.52999877929688, 90.20999908447266, 101.43000030517578, 97.66999816894531, 95.8499984741211, 112.06999969482422, 107.69000244140625, 116.91000366210938, 109.75, 116.13999938964844, 114.0999984741211, 113.23999786376953, 109.51000213623047, 93.2300033569336, 97.05999755859375, 92.22000122070312, 98.86000061035156, 98.18000030517578, 93.3499984741211, 96.58000183105469, 96.7300033569336, 94.48999786376953, 91.04000091552734, 94.5999984741211, 95.97000122070312, 96.22000122070312, 94.38999938964844, 98.61000061035156, 100.5199966430664, 100.29000091552734, 98.61000061035156, 99.02999877929688, 94.98999786376953, 98.5199966430664, 93.20999908447266, 89.56999969482422, 89.12000274658203, 91.75, 95.22000122070312]
assets:[0, 99.9984783920288, 201.25683802108765, 293.4321708343506, 384.1232938041687, 524.0004348114014, 614.4141998039245, 693.4363519615174, 791.0571093200684, 872.3779348388671, 932.8979860473634, 1002.674, 1176.5824699401855, 1288.5210357055664, 1304.1569357643127, 1566.3632087127685, 1608.3025588485718, 1678.3334732818605, 2062.345755384064, 2081.74466819458, 2359.9804069244383, 2315.450625, 2550.260176597595, 2605.4620551567077, 2685.8262693328857, 2697.3627646179198, 2396.36536028595, 2594.8116807312012, 2565.42210395813, 2850.133817596435, 2930.5257391090395, 2886.353947820282, 3086.223616511536, 3191.0164077415466, 3217.1198552673336, 3199.655456176758, 3424.775364759064, 3574.373904464722, 3683.6865267333983, 3713.6235019866945, 3979.6530996322635, 4156.733057183075, 4247.221364772034, 4276.07476146698, 4394.287844833374, 4315.0156429595945, 4575.367164100648, 4428.761254499817, 4355.806999159241, 4433.925112648773, 4664.77185, 4941.194391345215]
shares:[0, 0.9961, 1.9799, 3.0034, 4.0605, 5.0182, 5.9937, 7.0037, 8.0172, 9.0552, 10.1424, 11.266, 12.3125, 13.3484, 14.4569, 15.4428, 16.4667, 17.51, 18.4023, 19.3309, 20.1863, 21.0975, 21.9585, 22.8349, 23.718, 24.6312, 25.7038, 26.7341, 27.8185, 28.83, 29.8485, 30.9197, 31.9551, 32.9889, 34.0472, 35.1456, 36.2027, 37.2447, 38.284, 39.3434, 40.3575, 41.3523, 42.3494, 43.3635, 44.3733, 45.426, 46.441, 47.5138, 48.6302, 49.7523, 50.8422, 51.8924]
growth_rate:-3.11
