ticker:NBN
price:[18.75, 18.989999771118164, 19.139999389648438, 17.739999771118164, 19.09000015258789, 19.6200008392334, 19.010000228881836, 20.510000228881836, 19.190000534057617, 19.469999313354492, 21.290000915527344, 22.309999465942383, 22.100000381469727, 22.479999542236328, 22.350000381469727, 22.700000762939453, 22.540000915527344, 22.520000457763672, 25.079999923706055, 26.100000381469727, 26.8700008392334, 26.059999465942383, 27.469999313354492, 28.09000015258789, 26.690000534057617, 25.969999313354492, 28.549999237060547, 29.6299991607666, 27.100000381469727, 26.260000228881836, 27.1299991607666, 27.239999771118164, 27.56999969482422, 29.760000228881836, 28.170000076293945, 28.040000915527344, 28.459999084472656, 29.18000030517578, 29.360000610351562, 30.43000030517578, 29.93000030517578, 28.790000915527344, 28.790000915527344, 29.770000457763672, 29.270000457763672, 30.0, 29.200000762939453, 31.90999984741211, 33.119998931884766, 34.88999938964844, 33.66999816894531, 32.22999954223633]
assets:[0, 99.99943979473115, 200.79007759704592, 286.1036203086853, 407.8750342601776, 519.1981962083817, 603.0561382608413, 750.6413963768005, 802.3300843288422, 914.0366407648087, 1099.477388280487, 1252.1531820259095, 1340.367233136177, 1463.4142502002717, 1554.952106539917, 1679.302926440811, 1767.4674097908019, 1865.8991419281006, 2178.0073853744507, 2366.5862145893097, 2536.404477219772, 2559.944109538078, 2798.4512400493622, 2961.612986087799, 2914.0062513082503, 2935.396813388252, 3327.014206092453, 3552.8709763692855, 3349.503137148857, 3345.6815891609194, 3556.5258499832157, 3670.9468131551744, 3815.4177717666626, 4218.491936444092, 4093.109462085533, 4174.219600291443, 4336.743198491668, 4546.457061548615, 4674.5025851760865, 4944.859834590912, 4963.609208610535, 4874.550215011596, 4974.549404191589, 5243.881385633469, 5255.809092197418, 5486.889, 5440.573342151642, 6045.502639091492, 6374.741986415482, 6815.4229477737435, 6677.107437882996, 6491.540897800446]
shares:[0, 5.2659, 10.4906, 16.1276, 21.3659, 26.4627, 31.7231, 36.5988, 41.8098, 46.9459, 51.6429, 56.1252, 60.6501, 65.0985, 69.5728, 73.9781, 78.4147, 82.8552, 86.8424, 90.6738, 94.3954, 98.2327, 101.873, 105.433, 109.1797, 113.0303, 116.5329, 119.9079, 123.5979, 127.406, 131.092, 134.7631, 138.3902, 141.7504, 145.3003, 148.8666, 152.3803, 155.8073, 159.2133, 162.4995, 165.8406, 169.314, 172.7874, 176.1465, 179.563, 182.8963, 186.321, 189.4548, 192.4741, 195.3403, 198.3103, 201.413]
growth_rate:27.29
