ticker:NBRV
price:[5.769999980926514, 5.539999961853027, 5.820000171661377, 5.269999980926514, 5.360000133514404, 6.0, 5.75, 5.590000152587891, 4.960000038146973, 4.409999847412109, 4.699999809265137, 4.170000076293945, 4.329999923706055, 3.700000047683716, 2.440000057220459, 2.4800000190734863, 2.6500000953674316, 2.4200000762939453, 2.7100000381469727, 2.9200000762939453, 3.1500000953674316, 2.619999885559082, 2.9000000953674316, 3.109999895095825, 3.0299999713897705, 2.390000104904175, 1.7899999618530273, 1.7599999904632568, 2.049999952316284, 1.7799999713897705, 1.75, 1.659999966621399, 1.5, 1.559999942779541, 1.7799999713897705, 1.4700000286102295, 1.4299999475479126, 1.4900000095367432, 1.3799999952316284, 1.340000033378601, 1.440000057220459, 1.340000033378601, 1.409999966621399, 1.2899999618530273, 1.2000000476837158, 1.1200000047683716, 1.1299999952316284, 1.100000023841858, 1.1699999570846558, 1.0399999618530273, 1.0299999713897705, 1.059999942779541]
assets:[0, 99.99976931142807, 205.0537380480766, 285.67563196606636, 390.55426572847364, 537.1878, 614.80495, 697.697422044754, 719.0660855302812, 739.3307414188384, 887.9488739653588, 887.8184532434464, 1021.8834459945679, 973.2028725421429, 741.7878333956718, 853.9483265676498, 1012.4850064370155, 1024.6089143022539, 1247.3926925587655, 1444.0542097303392, 1657.7981151904585, 1478.8667954034804, 1736.913877118969, 1962.6901447960138, 2012.2029830001354, 1687.1832900554657, 1363.6225079396247, 1440.7685521930457, 1778.1679086391925, 1643.9702375761985, 1716.262975, 1727.9980472541213, 1661.4441000000002, 1827.9018529529571, 2185.682968869162, 1905.0303670771123, 1953.1927413573144, 2135.1449816659924, 2077.516852821469, 2117.2990787406566, 2375.3064463861942, 2310.354625549555, 2531.044692083168, 2415.63664256649, 2347.103973265529, 2290.6302817523, 2411.0823458257196, 2447.0713830388427, 2702.793968862104, 2502.4834762094497, 2578.4211763793946, 2753.520723360634]
shares:[0, 18.0505, 35.2326, 54.2079, 72.8646, 89.5313, 106.9226, 124.8117, 144.973, 167.6487, 188.9253, 212.9061, 236.0008, 263.0278, 304.0114, 344.334, 382.0698, 423.3921, 460.2925, 494.5391, 526.2851, 564.453, 598.9358, 631.0901, 664.0934, 705.9344, 761.8003, 818.6185, 867.399, 923.5788, 980.7217, 1040.9627, 1107.6294, 1171.732, 1227.9118, 1295.939, 1365.8691, 1432.9832, 1505.447, 1580.0739, 1649.5183, 1724.1452, 1795.0672, 1872.5866, 1955.9199, 2045.2056, 2133.7012, 2224.6103, 2310.0804, 2406.2342, 2503.3216, 2597.6612]
growth_rate:-46.01
