ticker:NBSE
price:[7.909999847412109, 8.430000305175781, 8.680000305175781, 7.599999904632568, 7.320000171661377, 8.399999618530273, 8.819999694824219, 8.760000228881836, 7.835000038146973, 7.840000152587891, 8.350000381469727, 8.3100004196167, 7.699999809265137, 8.300000190734863, 7.679999828338623, 8.430000305175781, 7.639999866485596, 6.989999771118164, 7.760000228881836, 7.190000057220459, 10.079999923706055, 9.149999618530273, 10.789999961853027, 11.6899995803833, 10.680000305175781, 9.479999542236328, 8.819999694824219, 9.1899995803833, 8.470000267028809, 7.25, 7.320000171661377, 6.5, 6.059999942779541, 5.710000038146973, 6.03000020980835, 5.269999980926514, 5.079999923706055, 5.210000038146973, 5.170000076293945, 5.289999961853027, 5.170000076293945, 4.630000114440918, 5.349999904632568, 4.659999847412109, 4.590000152587891, 3.9000000953674316, 3.759999990463257, 3.5199999809265137, 3.690000057220459, 3.490000009536743, 3.2699999809265137, 3.8299999237060547]
assets:[0, 100.00003562011717, 202.9653151359558, 277.71159651517866, 367.4801126177788, 521.6987763080597, 647.7839955863953, 743.3771234230042, 764.8809097240447, 865.369024842453, 1021.6617916746139, 1116.7676603916168, 1134.7905518903733, 1323.2159104076386, 1324.3729623979568, 1553.7063802459718, 1508.1038856448174, 1479.7969315452576, 1742.8075874042513, 1714.7920056468963, 2504.0473730472563, 2373.0194610671997, 2898.3472077531815, 3240.0996486954687, 3060.159711442566, 2816.321108007431, 2720.248429878235, 2934.3631900165556, 2804.4679084148406, 2500.518475, 2624.6614575509548, 2430.64185, 2366.106373658466, 2329.4499025624277, 2559.99679107275, 2337.343540540552, 2353.0747606603622, 2513.291514402008, 2593.995838279724, 2754.2046241390226, 2791.727661197662, 2600.135373268223, 3104.476009660578, 2804.08547418251, 2861.964239141846, 2531.7342019089697, 2540.8512015554666, 2478.669234569073, 2698.3778548434734, 2652.1242972471714, 2584.9415249223707, 3127.6227486974717]
shares:[0, 11.8624, 23.3831, 36.541, 50.2022, 62.107, 73.4449, 84.8604, 97.6236, 110.3787, 122.3547, 134.3884, 147.3754, 159.4236, 172.4444, 184.3068, 197.3958, 211.702, 224.5886, 238.4968, 248.4174, 259.3464, 268.6142, 277.1685, 286.5318, 297.0803, 308.4182, 319.2996, 331.106, 344.8991, 358.5603, 373.9449, 390.4466, 407.9597, 424.5434, 443.5187, 463.2037, 482.3976, 501.74, 520.6436, 539.986, 561.5843, 580.2759, 601.7351, 623.5216, 649.1626, 675.7583, 704.1674, 731.2677, 759.921, 790.502, 816.6117]
growth_rate:-38.67
