ticker:NBSTU
price:[9.899999618530273, 9.899999618530273, 9.944999694824219, 10.09000015258789, 9.960000038146973, 10.0, 9.989999771118164, 9.979999542236328, 9.949999809265137, 9.90999984741211, 9.949999809265137, 9.930000305175781, 9.930000305175781, 9.968000411987305, 10.039999961853027, 10.050000190734863, 10.0, 10.010000228881836, 9.979999542236328, 9.989999771118164, 9.989999771118164, 9.90999984741211, 9.899999618530273]
assets:[0, 99.9998961467743, 200.45439734878542, 303.3770435878754, 399.4687095299721, 501.07300000000004, 600.571813240242, 699.9702218936919, 797.8666047054292, 894.6589302246094, 998.270545863819, 1096.264089691162, 1196.264157764435, 1300.8419961650848, 1410.2384746417997, 1511.6426386888506, 1604.122, 1705.7260610019682, 1800.6134734092714, 1902.4176344135283, 2002.4175321224213, 2086.3819978752135, 2184.2765158348084]
shares:[0, 10.101, 20.1563, 30.0671, 40.1073, 50.1073, 60.1173, 70.1373, 80.1876, 90.2784, 100.3287, 110.3992, 120.4697, 130.5018, 140.462, 150.4122, 160.4122, 170.4022, 180.4222, 190.4322, 200.4422, 210.533, 220.634]
growth_rate:-0.71
