ticker:NBTB
price:[31.1299991607666, 28.81999969482422, 28.760000228881836, 26.670000076293945, 27.270000457763672, 28.510000228881836, 28.079999923706055, 29.170000076293945, 27.3799991607666, 26.610000610351562, 30.200000762939453, 30.520000457763672, 31.559999465942383, 31.969999313354492, 32.060001373291016, 32.25, 31.8700008392334, 32.099998474121094, 34.189998626708984, 34.810001373291016, 35.04999923706055, 33.0099983215332, 34.41999816894531, 35.4900016784668, 35.70000076293945, 36.22999954223633, 39.27000045776367, 42.369998931884766, 41.279998779296875, 40.7599983215332, 39.540000915527344, 39.369998931884766, 39.099998474121094, 39.400001525878906, 37.88999938964844, 39.58000183105469, 40.369998931884766, 40.720001220703125, 38.9900016784668, 38.65999984741211, 37.900001525878906, 36.15999984741211, 37.36000061035156, 35.59000015258789, 34.779998779296875, 33.970001220703125, 32.959999084472656, 34.849998474121094, 36.459999084472656, 36.880001068115234, 36.29999923706055, 36.75]
assets:[0, 99.99963494110108, 199.79284559001923, 285.27298881607055, 391.6899245750427, 509.4993630903244, 601.8161743648529, 725.177869896698, 780.6777020711899, 858.7233466964722, 1074.5764271469116, 1185.9614377880096, 1326.375253555107, 1443.6053189945221, 1547.670918294525, 1656.84375, 1737.3197947488786, 1849.8587120666505, 2070.300148843384, 2207.8417421016693, 2323.064879433441, 2287.8569636688235, 2485.5816537734986, 2662.8503159370425, 2778.6060293811797, 2919.8553691078187, 3264.8567870578768, 3622.5883016773228, 3629.3952846740726, 3683.6766963088985, 3673.4202910560607, 3757.626241054916, 3831.8545904617313, 3961.2564534111025, 3909.4408800247193, 4183.812009552003, 4367.319335448838, 4505.183567056274, 4413.781261007309, 4476.425918331909, 4488.42517070694, 4382.360557507324, 4627.794483604431, 4508.544778329849, 4505.93317585144, 4500.994588742065, 4467.170851915741, 4823.326913814545, 5146.15386277771, 5305.435249655532, 5321.997338144302, 5487.9730500000005]
shares:[0, 3.4698, 6.9469, 10.6964, 14.3634, 17.8709, 21.4322, 24.8604, 28.5127, 32.2707, 35.582, 38.8585, 42.0271, 45.155, 48.2742, 51.375, 54.5127, 57.628, 60.5528, 63.4255, 66.2786, 69.308, 72.2133, 75.031, 77.8321, 80.5922, 83.1387, 85.4989, 87.9214, 90.3748, 92.9039, 95.4439, 98.0014, 100.5395, 103.1787, 105.7052, 108.1823, 110.6381, 113.2029, 115.7896, 118.4281, 121.1936, 123.8703, 126.6801, 129.5553, 132.4991, 135.5331, 138.4025, 141.1452, 143.8567, 146.6115, 149.3326]
growth_rate:7.61
