ticker:NBTX
price:[16.979999542236328, 18.43000030517578, 17.239999771118164, 16.5, 19.079999923706055, 18.75, 19.0, 16.670000076293945, 17.93000030517578, 17.8700008392334, 17.350000381469727, 16.615999221801758, 15.5, 16.208999633789062, 15.5, 14.946000099182129, 15.65999984741211, 16.200000762939453, 16.3799991607666, 16.3799991607666, 15.470000267028809, 15.0600004196167, 15.470000267028809, 16.15999984741211, 17.1200008392334, 17.790000915527344, 15.609999656677246, 14.520000457763672, 14.399999618530273, 13.72700023651123, 14.479999542236328, 14.940999984741211, 13.819999694824219, 14.72599983215332, 13.630000114440918, 12.899999618530273, 12.432999610900879, 13.07800006866455, 13.960000038146973, 13.960000038146973]
assets:[0, 99.99933865585328, 193.54313343048096, 285.2355, 429.83614628124235, 522.40125, 629.3674, 652.1870809848784, 801.4817716415406, 898.8002842105865, 972.6462263853073, 1031.4979692905426, 1062.2180999999998, 1210.8057890441896, 1257.8436000000002, 1312.8865407123565, 1475.605767621994, 1626.4881765995024, 1744.5600006170273, 1844.5598954935074, 1842.0840937963487, 1893.2634347519875, 2044.8060712955473, 2236.0090828868865, 2468.84108102417, 2665.4598261726383, 2438.8329793608664, 2368.5373226715087, 2448.9618551246645, 2434.506827845669, 2668.0528596534728, 2852.9958998863217, 2738.940133518219, 3018.497157995224, 2893.842570297432, 2838.852606051445, 2836.081594842911, 3083.211752988052, 3391.1478532666206, 3491.1475215398787]
shares:[0, 5.4259, 11.2264, 17.287, 22.5281, 27.8614, 33.1246, 39.1234, 44.7006, 50.2966, 56.0603, 62.0786, 68.5302, 74.6996, 81.1512, 87.842, 94.2277, 100.4005, 106.5055, 112.6105, 119.0746, 125.7147, 132.1788, 138.3669, 144.208, 149.8291, 156.2353, 163.1224, 170.0668, 177.3517, 184.2578, 190.9508, 198.1867, 204.9774, 212.3142, 220.0661, 228.1092, 235.7556, 242.9189, 250.0822]
growth_rate:-10.48
