ticker:NCBS
price:[59.959999084472656, 57.91999816894531, 59.529998779296875, 54.77000045776367, 57.29999923706055, 60.36000061035156, 59.40999984741211, 64.01000213623047, 61.70000076293945, 60.29999923706055, 65.41000366210938, 68.44000244140625, 68.83999633789062, 69.95999908447266, 69.06999969482422, 68.41999816894531, 67.9800033569336, 66.3499984741211, 70.01000213623047, 72.26000213623047, 73.2300033569336, 67.79000091552734, 71.5, 73.69999694824219, 74.75, 74.05000305175781, 79.94999694824219, 85.2699966430664, 85.48999786376953, 85.98999786376953, 84.7300033569336, 84.4000015258789, 77.93000030517578, 79.5, 79.76000213623047, 81.0, 79.76000213623047, 78.4800033569336, 79.30000305175781, 78.29000091552734, 75.2699966430664, 70.0199966430664, 71.4800033569336, 71.38999938964844, 70.38999938964844, 71.22000122070312, 69.61000061035156, 72.38999938964844, 74.75, 75.12999725341797, 75.5, 78.1500015258789]
assets:[0, 99.99887683868408, 202.77703484191895, 286.5621193950653, 399.79928467674256, 521.1482452697754, 612.9448504257202, 760.4068203773498, 832.9623502998352, 914.063568434906, 1091.522895111084, 1242.0833843078613, 1349.3396522186279, 1471.2937607460021, 1552.5761741401673, 1637.9679141647339, 1727.4330673027039, 1786.015893926239, 1984.5385255546569, 2148.318767510986, 2277.160184387207, 2207.994898819733, 2428.8335500000003, 2603.5703121917722, 2740.6639, 2814.996056011963, 3139.2846001708986, 3448.173705251312, 3557.0678311157226, 3677.8695996315, 3723.976850540924, 3809.4700288719177, 3617.440477165985, 3790.3215, 3902.720712527466, 4063.3974, 4101.195501843262, 4135.378208888244, 4278.584084655762, 4324.089843566131, 4257.293591130829, 4060.3545753364565, 4245.018699359894, 4339.676699897766, 4378.89147203064, 4530.52505965271, 4528.109656703186, 4808.947288453674, 5065.725275, 5191.475297211457, 5317.042200000001, 5603.66770941162]
shares:[0, 1.7265, 3.4063, 5.2321, 6.9773, 8.634, 10.3172, 11.8795, 13.5002, 15.1586, 16.6874, 18.1485, 19.6011, 21.0305, 22.4783, 23.9399, 25.4109, 26.9181, 28.3465, 29.7304, 31.096, 32.5711, 33.9697, 35.3266, 36.6644, 38.0148, 39.2656, 40.4383, 41.608, 42.7709, 43.9511, 45.1359, 46.4191, 47.677, 48.9308, 50.1654, 51.4192, 52.6934, 53.9544, 55.2317, 56.5603, 57.9885, 59.3875, 60.7883, 62.209, 63.6131, 65.0497, 66.4311, 67.7689, 69.0999, 70.4244, 71.704]
growth_rate:9.88
