ticker:NCMI
price:[4.599999904632568, 3.4200000762939453, 3.450000047683716, 2.609999895095825, 2.809999942779541, 2.549999952316284, 2.2100000381469727, 2.25, 1.9900000095367432, 2.069999933242798, 3.0199999809265137, 3.440000057220459, 3.569999933242798, 3.7100000381469727, 3.869999885559082, 3.740000009536743, 3.7699999809265137, 3.7200000286102295, 3.799999952316284, 3.680000066757202, 3.5799999237060547, 4.170000076293945, 4.300000190734863, 4.130000114440918, 4.760000228881836, 4.71999979019165, 4.75, 5.989999771118164, 5.460000038146973, 4.28000020980835, 4.5, 4.489999771118164, 4.349999904632568, 4.639999866485596, 4.269999980926514, 4.380000114440918, 4.46999979019165, 4.71999979019165, 4.840000152587891, 4.860000133514404, 5.210000038146973, 5.03000020980835, 5.010000228881836, 4.949999809265137, 4.53000020980835, 3.680000066757202, 3.4700000286102295, 3.4800000190734863, 3.190000057220459, 2.7200000286102295, 2.5, 2.640000104904175]
assets:[0, 100.0001182308197, 200.87728777639865, 251.9680848726034, 371.2760194396496, 436.92311182975766, 478.6667812623024, 587.330325, 619.4611329686642, 744.3641099943638, 1185.980568509674, 1450.918408134365, 1605.7495559732915, 1768.7202581863405, 1944.9992484838485, 1979.6635370480062, 2095.5431793980597, 2167.750780672002, 2314.369070958495, 2341.28375447216, 2377.661961329269, 2869.5113265003206, 3058.968535686493, 3038.032627182865, 3601.4613931741715, 3671.1964848119255, 3794.530375, 4885.102383337021, 4552.864711809158, 3668.9124798524376, 3957.50115, 4048.706429613495, 4022.4662268132683, 4390.630497661114, 4140.515647504902, 4347.179897583389, 4536.505341070079, 4890.224694624996, 5114.55303324356, 5235.687377835321, 5712.7431598279945, 5615.374029225111, 5693.046626086808, 5724.865849407769, 5339.120308282996, 4437.298448495007, 4284.082855322361, 4396.428792096329, 4130.059898082733, 3621.5557340932132, 3428.6357500000004, 3720.639531844926]
shares:[0, 29.2398, 58.2253, 96.5395, 132.1267, 171.3424, 216.5913, 261.0357, 311.287, 359.5962, 392.7088, 421.7786, 449.7898, 476.744, 502.5838, 529.3218, 555.847, 582.7287, 609.0445, 636.2184, 664.1514, 688.1322, 711.388, 735.6011, 756.6095, 777.7959, 798.8485, 815.543, 833.858, 857.2225, 879.4447, 901.7164, 924.7049, 946.2566, 969.6758, 992.5068, 1014.8782, 1036.0646, 1056.7258, 1077.3019, 1096.4958, 1116.3765, 1136.3366, 1156.5386, 1178.6137, 1205.7876, 1234.606, 1263.3416, 1294.6896, 1331.4543, 1371.4543, 1409.3331]
growth_rate:-27.05
