ticker:NCNA
price:[5.510000228881836, 5.489999771118164, 4.869999885559082, 5.210000038146973, 5.03000020980835, 5.090000152587891, 5.210000038146973, 5.590000152587891, 4.730000019073486, 4.619999885559082, 4.730000019073486, 4.679999828338623, 4.5, 4.71999979019165, 4.559999942779541, 4.579999923706055, 5.0, 4.489999771118164, 4.829999923706055, 7.0, 6.159999847412109, 5.78000020980835, 6.369999885559082, 5.949999809265137, 5.730000019073486, 5.28000020980835, 4.380000114440918, 5.639999866485596, 5.550000190734863, 4.980000019073486, 5.039999961853027, 4.320000171661377, 4.289999961853027, 4.340000152587891, 4.340000152587891, 3.569999933242798, 2.930000066757202, 3.2899999618530273, 3.059999942779541, 2.740000009536743, 3.0, 2.75, 2.940000057220459, 2.809999942779541, 2.630000114440918, 2.380000114440918, 2.390000104904175, 2.119999885559082, 2.0399999618530273, 2.0899999141693115, 1.9500000476837158, 2.390000104904175]
assets:[0, 99.99979683094024, 188.70665156555177, 301.8814692103386, 391.4517183279992, 496.12129687271124, 607.817881450367, 752.1501725311279, 736.4345149696351, 819.3080077051163, 938.8151337857246, 1028.8909422605038, 1089.31815, 1242.5734567664622, 1300.4522476814745, 1406.1561565761567, 1635.105, 1568.3241430532457, 1787.0835497714997, 2689.9761000000003, 2467.179114886093, 2414.982925661516, 2761.494959388065, 2679.4181941078186, 2680.347320922089, 2569.848966116619, 2231.806282312775, 2973.8326216011524, 3026.3779190064433, 2815.560538783646, 2949.483073675823, 2628.1282644324306, 2709.8771459035875, 2841.461029901505, 2941.4611434173585, 2519.5888568849564, 2167.897966393447, 2534.260650615692, 2457.093356053591, 2300.142602005792, 2618.4042, 2500.2037499999997, 2772.9451379691122, 2750.3318419945717, 2674.1541343622207, 2519.956973170662, 2630.5450114624027, 2433.37021264286, 2441.5449863443378, 2601.3867361680273, 2527.1314217964173, 3197.356002341414]
shares:[0, 18.2149, 38.7488, 57.9427, 77.8234, 97.4698, 116.6637, 134.5528, 155.6944, 177.3394, 198.481, 219.8485, 242.0707, 263.2571, 285.1869, 307.021, 327.021, 349.2927, 369.9966, 384.2823, 400.5161, 417.8171, 433.5157, 450.3224, 467.7744, 486.7138, 509.5448, 527.2753, 545.2933, 565.3736, 585.2149, 608.363, 631.673, 654.7145, 677.756, 705.7672, 739.8969, 770.292, 802.9717, 839.4681, 872.8014, 909.165, 943.1786, 978.7658, 1016.7886, 1058.8054, 1100.6464, 1147.8162, 1196.8358, 1244.6827, 1295.9648, 1337.8058]
growth_rate:-37.31
