ticker:NCNO
price:[79.26000213623047, 77.69000244140625, 75.55000305175781, 79.79000091552734, 77.20999908447266, 79.86000061035156, 77.08000183105469, 73.16000366210938, 70.5199966430664, 76.75, 73.29000091552734, 77.58999633789062, 81.79000091552734, 83.6500015258789, 82.54000091552734, 80.62000274658203, 78.68000030517578, 72.41000366210938, 73.05999755859375, 71.75, 72.25, 71.69999694824219, 76.4000015258789, 80.06999969482422, 81.36000061035156, 68.37999725341797, 61.63999938964844, 69.72000122070312, 67.44999694824219, 63.279998779296875, 69.37999725341797, 70.5999984741211, 69.55000305175781, 70.29000091552734, 65.38999938964844, 56.54999923706055, 50.16999816894531, 57.63999938964844, 61.119998931884766, 62.029998779296875, 63.939998626708984, 65.43000030517578, 62.2400016784668, 61.72999954223633, 65.69999694824219, 65.55000305175781, 65.98999786376953, 63.56999969482422, 63.86000061035156, 61.779998779296875, 60.02000045776367, 62.04999923706055]
assets:[0, 100.00257114257812, 197.24594796752928, 308.3165425376892, 398.3495482765198, 512.0223939132691, 594.2020261154174, 663.9855612365722, 740.0227407730102, 905.396725, 964.5770310493468, 1121.1676880828857, 1281.8537893486023, 1411.0082257385252, 1492.2819465522766, 1557.5703910636903, 1620.092018283844, 1590.985359463501, 1705.264179016113, 1774.686025, 1887.0544, 1972.6891860366823, 2202.0008439788817, 2407.7769538230896, 2546.568019104004, 2240.292822015381, 2119.472887013245, 2497.3007237243655, 2515.992806164551, 2460.446584536743, 2797.6235052490233, 2946.815696310425, 3002.9883017669677, 3134.941069832611, 3016.4014378448483, 2708.614898456955, 2503.026361647034, 2975.711080490112, 3255.367271110153, 3403.834153015137, 3608.6456424942016, 3792.7415696899416, 3707.82984399147, 3777.450034988022, 4120.388448608399, 4210.984636047363, 4339.251497529603, 4280.123580452729, 4399.6475140502935, 4356.342477923584, 4332.2376310413365, 4578.762518701554]
shares:[0, 1.2872, 2.6108, 3.8641, 5.1593, 6.4115, 7.7089, 9.0758, 10.4938, 11.7967, 13.1611, 14.4499, 15.6725, 16.868, 18.0795, 19.3199, 20.5909, 21.9719, 23.3406, 24.7343, 26.1184, 27.5131, 28.822, 30.0709, 31.3, 32.7624, 34.3847, 35.819, 37.3016, 38.8819, 40.3232, 41.7396, 43.1774, 44.6001, 46.1294, 47.8977, 49.8909, 51.6258, 53.2619, 54.874, 56.438, 57.9664, 59.5731, 61.1931, 62.7152, 64.2408, 65.7562, 67.3293, 68.8952, 70.5138, 72.1799, 73.7915]
growth_rate:-10.22
