ticker:NCSM
price:[11.979999542236328, 11.579999923706055, 11.4399995803833, 11.399999618530273, 11.220000267028809, 13.960000038146973, 15.0, 15.800000190734863, 14.180000305175781, 15.720000267028809, 16.0, 18.600000381469727, 22.399999618530273, 20.209999084472656, 19.440000534057617, 23.360000610351562, 25.0, 22.510000228881836, 26.389999389648438, 36.75, 37.08000183105469, 32.630001068115234, 33.66999816894531, 37.31999969482422, 35.56999969482422, 38.5, 30.010000228881836, 31.520000457763672, 27.604000091552734, 24.764999389648438, 26.15999984741211, 28.0, 24.540000915527344, 23.989999771118164, 25.399999618530273, 26.299999237060547, 23.25, 24.90999984741211, 29.729999542236328, 30.5, 30.540000915527344, 29.040000915527344, 31.920000076293945, 30.836000442504883, 29.010000228881836, 30.030000686645508, 31.190000534057617, 29.100000381469727, 26.3700008392334, 22.149999618530273, 23.716999053955078, 23.89299964904785]
assets:[0, 100.00024734115601, 198.79172870836257, 298.0963100250244, 393.39003936243057, 589.4582096107483, 733.3725000000001, 872.4854905324936, 883.0283230041504, 1078.928070327282, 1198.1456, 1492.843470616913, 1897.8332476800917, 1812.2851849021913, 1843.2366986375807, 2314.9176604843137, 2577.4375, 2420.725424613953, 2937.980159049988, 4191.3522, 4328.990097770691, 3909.4656879730223, 4134.069715179443, 4682.223141712188, 4562.667013854218, 5038.506549999999, 4027.4170557165144, 4330.06321488533, 3892.1032841087344, 3591.811498477173, 3894.1357212860103, 4268.0344000000005, 3840.6279352844235, 3854.550031224823, 4181.099017206192, 4429.2486215114595, 4015.5912000000003, 4402.296944033433, 5354.1261585605625, 5592.7972, 5700.1323628784185, 5520.164406031036, 6167.6175267416, 6058.1670745363235, 5799.423957756043, 6103.333375554656, 6439.094516254806, 6107.618660064316, 5634.6362993240355, 4832.923921766853, 5274.828980292893, 5413.972133676911]
shares:[0, 8.6356, 17.3769, 26.1488, 35.0615, 42.2248, 48.8915, 55.2206, 62.2728, 68.6341, 74.8841, 80.2604, 84.7247, 89.6727, 94.8167, 99.0975, 103.0975, 107.54, 111.3293, 114.0504, 116.7473, 119.812, 122.782, 125.4615, 128.2729, 130.8703, 134.2025, 137.3751, 140.9978, 145.0358, 148.8584, 152.4298, 156.5048, 160.6732, 164.6102, 168.4125, 172.7136, 176.7281, 180.0917, 183.3704, 186.6448, 190.0883, 193.2211, 196.4641, 199.9112, 203.2412, 206.4474, 209.8838, 213.676, 218.1907, 222.4071, 226.5924]
growth_rate:6.16
