ticker:NCTY
price:[5.0, 5.5, 6.800000190734863, 7.699999809265137, 3.200000047683716, 3.299999952316284, 2.700000047683716, 2.2799999713897705, 2.190000057220459, 2.3299999237060547, 2.569999933242798, 3.0299999713897705, 3.319999933242798, 3.119999885559082, 2.740000009536743, 3.4700000286102295, 2.890000104904175, 3.5399999618530273, 12.890000343322754, 10.359999656677246, 11.180000305175781, 15.380000114440918, 23.350000381469727, 39.34000015258789, 82.88999938964844, 32.689998626708984, 40.11000061035156, 60.619998931884766, 50.790000915527344, 34.290000915527344, 34.0, 26.68000030517578, 20.850000381469727, 21.200000762939453, 22.979999542236328, 17.6200008392334, 15.390000343322754, 12.600000381469727, 11.739999771118164, 13.149999618530273, 19.3700008392334, 16.5, 13.460000038146973, 12.869999885559082, 11.5600004196167, 9.800000190734863, 8.680000305175781, 11.210000038146973, 14.09000015258789, 14.789999961853027, 13.90999984741211, 14.989999771118164]
assets:[0, 99.9999, 223.63636627283097, 353.23518125009537, 246.7990436775923, 354.5114048774481, 390.0546968886137, 429.37939861199857, 512.4302293888093, 645.1883958738327, 811.6455569170475, 1056.9206510202168, 1258.0781187030793, 1282.2903129658698, 1226.1141102675676, 1652.7794046272038, 1476.5224395963191, 1908.6122194328307, 7049.72164776802, 5766.028748918056, 6322.41315258026, 8797.560005461693, 13456.504814839363, 22771.471272323608, 48079.84680596924, 19061.636269229886, 23488.259928419495, 35598.833706753925, 29926.21007344208, 20304.16910311203, 20232.451399999998, 15976.523118745423, 12585.402170261383, 12896.66854412155, 14079.501019535064, 10895.5107669487, 9616.566373528005, 7973.2122013919825, 7529.008603215218, 8533.259617457772, 12669.52433792553, 10892.31495, 8985.488187465764, 8691.621861713505, 7906.92699901371, 6803.104272407055, 6125.606415367127, 8011.065103261184, 10169.215262127685, 10774.427711210155, 10233.353199743653, 11127.890787088585]
shares:[0, 18.1818, 32.8877, 45.8747, 77.1247, 107.4277, 144.4647, 188.3243, 233.9864, 276.9049, 315.8154, 348.8187, 378.9392, 410.9905, 447.4869, 476.3053, 510.9074, 539.156, 546.914, 556.5665, 565.511, 572.013, 576.2957, 578.8376, 580.044, 583.103, 585.5961, 587.2457, 589.2146, 592.1309, 595.0721, 598.8202, 603.6164, 608.3334, 612.685, 618.3604, 624.8581, 632.7946, 641.3125, 648.9171, 654.0797, 660.1403, 667.5697, 675.3397, 683.9902, 694.1943, 705.715, 714.6356, 721.7328, 728.4941, 735.6832, 742.3543]
growth_rate:118.19
