ticker:NDACU
price:[10.199999809265137, 10.239999771118164, 10.550000190734863, 10.199999809265137, 10.229999542236328, 10.267999649047852, 10.175000190734863, 10.170000076293945, 10.067000389099121, 10.092000007629395, 10.079999923706055, 10.010000228881836, 10.017999649047852, 10.079999923706055, 10.0600004196167, 10.079999923706055, 10.100000381469727, 10.100000381469727, 10.057999610900879, 10.0600004196167, 10.020000457763672, 9.960000038146973, 9.960000038146973, 9.90999984741211, 9.859999656677246, 9.859999656677246, 9.84000015258789, 9.84000015258789]
assets:[0, 99.99974176483154, 203.02736867055893, 296.2916344594956, 397.16336422805784, 498.63870615692133, 594.122331137085, 693.8299492050171, 786.8025226106644, 888.7560174718857, 987.6988725242616, 1080.839784713745, 1181.7032026023865, 1289.016278243637, 1386.4591978311537, 1489.215156728363, 1592.1701201351166, 1692.1702239120482, 1785.1329971411706, 1885.488536646366, 1977.9911763645173, 2066.1472279133795, 2166.147620296383, 2255.2731702747346, 2343.8944683861732, 2443.894584904194, 2538.937503371048, 2638.937488921738]
shares:[0, 9.7656, 19.2443, 29.0482, 38.8234, 48.5624, 58.3904, 68.2232, 78.1566, 88.0654, 97.986, 107.976, 117.958, 127.8786, 137.819, 147.7396, 157.6406, 167.5416, 177.4839, 187.4243, 197.4043, 207.4445, 217.4847, 227.5755, 237.7175, 247.8595, 258.0221, 268.1847]
growth_rate:-2.26
