ticker:NDAQ
price:[130.2899932861328, 125.69999694824219, 122.44999694824219, 124.02999877929688, 123.54000091552734, 125.05999755859375, 128.8699951171875, 129.1199951171875, 120.98999786376953, 133.1999969482422, 125.81999969482422, 126.33000183105469, 127.12000274658203, 125.30000305175781, 125.66999816894531, 128.60000610351562, 128.6199951171875, 132.74000549316406, 138.80999755859375, 140.0399932861328, 140.4199981689453, 135.27000427246094, 142.58999633789062, 141.99000549316406, 144.42999267578125, 138.2899932861328, 144.6999969482422, 144.4199981689453, 145.74000549316406, 150.72000122070312, 150.85000610351562, 156.10000610351562, 160.1699981689453, 162.47000122070312, 161.5399932861328, 164.55999755859375, 164.36000061035156, 163.8699951171875, 167.4600067138672, 170.22999572753906, 172.9499969482422, 175.8000030517578, 178.07000732421875, 177.8800048828125, 175.77000427246094, 178.5500030517578, 187.75999450683594, 186.72999572753906, 188.72000122070312, 190.99000549316406, 188.6699981689453, 193.47999572753906]
assets:[0, 99.99434757232666, 197.41388507995606, 299.96655204772946, 398.7871229553223, 503.69164616699214, 619.0399085449219, 720.2442447631836, 774.8925403182984, 953.0992581634522, 1000.2941615737915, 1104.3516100067138, 1211.2629461708068, 1293.923011514282, 1397.7394206344604, 1530.3272126312256, 1630.5671260986328, 1782.804465777588, 1964.328037451172, 2081.73651219635, 2187.378479476929, 2207.1600787124635, 2426.596557678223, 2516.3894743515016, 2659.634986126709, 2646.5662335113525, 2869.2417694869996, 2963.6861084243774, 3090.781166496277, 3296.397146697998, 3399.2389525360104, 3617.5395914459227, 3811.8537524230956, 3966.5913508026124, 4043.8791139297487, 4219.482897399902, 4314.351400021363, 4401.4825208496095, 4597.915912341309, 4773.964046182251, 4950.243992651367, 5131.813049084472, 5298.0813139160155, 5392.432348022461, 5428.463234950256, 5614.326295959472, 6003.92624034729, 6070.984294093322, 6235.686280334473, 6410.6941283813485, 6432.816789569091, 6696.807004119873]
shares:[0, 0.7955, 1.6122, 2.4185, 3.228, 4.0276, 4.8036, 5.5781, 6.4046, 7.1554, 7.9502, 8.7418, 9.5285, 10.3266, 11.1223, 11.8999, 12.6774, 13.4308, 14.1512, 14.8653, 15.5774, 16.3167, 17.018, 17.7223, 18.4147, 19.1378, 19.8289, 20.5213, 21.2075, 21.871, 22.5339, 23.1745, 23.7988, 24.4143, 25.0333, 25.641, 26.2494, 26.8596, 27.4568, 28.0442, 28.6224, 29.1912, 29.7528, 30.315, 30.8839, 31.444, 31.9766, 32.5121, 33.042, 33.5656, 34.0956, 34.6124]
growth_rate:31.31
