ticker:NDLS
price:[7.730000019073486, 7.25, 7.519999980926514, 6.960000038146973, 7.389999866485596, 8.3100004196167, 8.050000190734863, 8.460000038146973, 6.460000038146973, 6.639999866485596, 7.019999980926514, 7.639999866485596, 8.020000457763672, 8.029999732971191, 8.3100004196167, 8.180000305175781, 7.909999847412109, 7.900000095367432, 8.75, 8.819999694824219, 8.770000457763672, 8.470000267028809, 8.899999618530273, 9.829999923706055, 9.6899995803833, 9.4399995803833, 10.9399995803833, 11.960000038146973, 11.289999961853027, 10.640000343322754, 10.619999885559082, 10.600000381469727, 9.779999732971191, 10.510000228881836, 12.09000015258789, 12.119999885559082, 11.390000343322754, 12.239999771118164, 12.880000114440918, 12.4399995803833, 12.579999923706055, 11.960000038146973, 12.739999771118164, 12.649999618530273, 12.350000381469727, 11.75, 12.149999618530273, 11.9399995803833, 12.390000343322754, 12.069999694824219, 12.34000015258789, 12.729999542236328]
assets:[0, 99.999975, 203.7243194832802, 288.55324958152767, 406.3805266579628, 556.9719611245155, 639.5459501532555, 772.1188234815597, 689.5849780720711, 808.7991277369977, 955.0857394050121, 1139.437984087515, 1296.1114719791412, 1397.7274495201111, 1546.4653170893669, 1622.2723845230103, 1668.7252078094482, 1766.6154013262749, 2056.6945, 2173.148258808136, 2260.828942007446, 2283.491743990326, 2499.4189328704833, 2860.593872797966, 2919.8526895584105, 2944.520893113327, 3512.400641277695, 3939.882348566437, 3819.16989709568, 3699.288719365597, 3792.335053133869, 3885.193759819221, 3684.640327396202, 4059.6694114095685, 4769.971734201812, 4881.807481904411, 4687.771051301002, 5137.60403992939, 5506.237400923825, 5418.136077239513, 5579.111714164352, 5404.147545236779, 5856.591908782768, 5915.218251622391, 5874.937171466446, 5689.5145, 5983.200487147331, 5979.787007847691, 6305.155947713756, 6242.310541170502, 6481.9478761512755, 6786.807032950211]
shares:[0, 13.7931, 27.091, 41.4588, 54.9906, 67.0243, 79.4467, 91.267, 106.7469, 121.8071, 136.0521, 149.1411, 161.6099, 174.0632, 186.0969, 198.3218, 210.964, 223.6222, 235.0508, 246.3887, 257.7912, 269.5976, 280.8336, 291.0065, 301.3264, 311.9196, 321.0604, 329.4216, 338.279, 347.6775, 357.0937, 366.5277, 376.7526, 386.2673, 394.5386, 402.7894, 411.569, 419.7389, 427.5029, 435.5415, 443.4906, 451.8518, 459.7011, 467.6062, 475.7034, 484.214, 492.4445, 500.8197, 508.8907, 517.1757, 525.2794, 533.1349]
growth_rate:33.07
