ticker:NDRA
price:[0.7179999947547913, 0.800000011920929, 0.7519999742507935, 0.7519999742507935, 0.699999988079071, 0.7149999737739563, 0.7139999866485596, 0.7799999713897705, 0.6880000233650208, 0.7009999752044678, 0.843999981880188, 0.7919999957084656, 0.8510000109672546, 0.8500000238418579, 0.8679999709129333, 0.75, 0.7649999856948853, 0.75, 0.9200000166893005, 1.0499999523162842, 2.3299999237060547, 1.899999976158142, 2.2300000190734863, 2.4600000381469727, 2.4600000381469727, 2.5, 2.2200000286102295, 2.5, 2.8399999141693115, 2.430000066757202, 2.740000009536743, 2.5399999618530273, 2.180000066757202, 2.4000000953674316, 2.4000000953674316, 2.1700000762939453, 2.049999952316284, 2.259999990463257, 2.119999885559082, 2.2200000286102295, 2.369999885559082, 2.109999895095825, 2.2899999618530273, 2.0999999046325684, 2.049999952316284, 1.7899999618530273, 1.850000023841858, 1.7999999523162842, 1.840000033378601, 1.6200000047683716, 1.5299999713897705, 1.8899999856948853]
assets:[0, 100.00000149011612, 193.99997575725317, 293.99995473315715, 373.6701436364352, 481.67732133218055, 581.0036375355244, 734.7098190510035, 748.0517614044248, 862.1864374030351, 1138.0675527668595, 1167.9496424713432, 1354.9560051619828, 1453.3638707657576, 1584.1409165147304, 1468.785375, 1598.1610876151917, 1666.8246, 2144.638258904904, 2547.684814301824, 5753.434094608498, 4791.641669872821, 5723.874179957056, 6414.228945464802, 6514.228931015492, 6720.15125, 6067.494288194775, 6932.76375, 7975.619470960236, 6924.210103222585, 7907.545497522711, 7430.352312407303, 6477.231894349479, 7230.897647330045, 7330.897731303691, 6728.3532315588, 6456.278049824715, 7217.653037542963, 6870.541421117402, 7294.6239460093975, 7887.503478133678, 7122.207796900773, 7829.789707570839, 7280.156189385795, 7206.8193173668615, 6392.7836677623745, 6707.067231437266, 6625.794964476371, 6873.035108680594, 6151.259088105858, 5909.522379494905, 7399.998402990568]
shares:[0, 125.0, 257.9787, 390.9574, 533.8145, 673.6746, 813.7306, 941.9357, 1087.2845, 1229.9379, 1348.4213, 1474.6839, 1592.1927, 1709.8398, 1825.0472, 1958.3805, 2089.0995, 2222.4328, 2331.1285, 2426.3666, 2469.2851, 2521.9167, 2566.7597, 2607.4101, 2648.0605, 2688.0605, 2733.1055, 2773.1055, 2808.3168, 2849.4691, 2885.9655, 2925.3356, 2971.2072, 3012.8739, 3054.5406, 3100.6235, 3149.404, 3193.6518, 3240.8216, 3285.8666, 3328.0607, 3375.4541, 3419.1222, 3466.7412, 3515.5217, 3571.3876, 3625.4417, 3680.9973, 3735.3451, 3797.0735, 3862.433, 3915.3431]
growth_rate:45.1
