ticker:NDSN
price:[186.8800048828125, 191.6699981689453, 192.0, 183.67999267578125, 190.47999572753906, 201.19000244140625, 208.55999755859375, 207.55999755859375, 193.42999267578125, 210.66000366210938, 201.9199981689453, 202.10000610351562, 204.3699951171875, 200.4199981689453, 197.7899932861328, 198.72999572753906, 198.9499969482422, 200.9499969482422, 203.27000427246094, 193.25, 191.99000549316406, 178.99000549316406, 188.07000732421875, 188.27000427246094, 187.8800048828125, 192.41000366210938, 196.0, 201.7100067138672, 202.16000366210938, 203.58999633789062, 202.3800048828125, 203.1199951171875, 206.22000122070312, 213.92999267578125, 211.41000366210938, 208.8300018310547, 205.8699951171875, 201.8300018310547, 221.69000244140625, 224.16000366210938, 222.39999389648438, 215.25999450683594, 220.6699981689453, 220.1999969482422, 221.3000030517578, 221.8699951171875, 224.99000549316406, 226.1300048828125, 224.9199981689453, 228.58999633789062, 230.25999450683594, 233.5399932861328]
assets:[0, 99.99423804473878, 200.16, 291.48178037719725, 402.2747029769897, 524.8845973693848, 644.116696459961, 741.0307032836914, 790.5870660644532, 961.0098707061767, 1021.1296227401733, 1122.0390238861085, 1234.6400145019531, 1310.786872024536, 1393.5887346954346, 1500.2127377471925, 1601.865795428467, 1717.9617139099123, 1837.8047626281739, 1847.218775, 1935.1824593688964, 1904.1493754379271, 2100.7419818115236, 2202.98497399292, 2298.4300397338866, 2453.843258703613, 2599.6264, 2775.3683243774412, 2881.5684761993407, 3001.954855001831, 3084.1093704101563, 3195.3822031860354, 3344.14602779541, 3569.1652118041993, 3627.119150830078, 3682.863263291931, 3730.652529516602, 3757.448961088562, 4227.184966552734, 4374.2807274627685, 4439.926758151245, 4397.395745783997, 4607.920566764831, 4698.099054888916, 4821.573816490174, 4933.989325415039, 5103.3807975997925, 5229.233749914551, 5301.251896842957, 5487.760042083741, 5627.853603739929, 5808.02286302948]
shares:[0, 0.5217, 1.0425, 1.5869, 2.1119, 2.6089, 3.0884, 3.5702, 4.0872, 4.5619, 5.0571, 5.5519, 6.0412, 6.5402, 7.0458, 7.549, 8.0516, 8.5492, 9.0412, 9.5587, 10.0796, 10.6383, 11.17, 11.7012, 12.2335, 12.7532, 13.2634, 13.7592, 14.2539, 14.7451, 15.2392, 15.7315, 16.2164, 16.6838, 17.1568, 17.6357, 18.1214, 18.6169, 19.068, 19.5141, 19.9637, 20.4283, 20.8815, 21.3356, 21.7875, 22.2382, 22.6827, 23.1249, 23.5695, 24.007, 24.4413, 24.8695]
growth_rate:13.88
