ticker:NECB
price:[6.194029808044434, 6.529850959777832, 6.388059616088867, 6.977612018585205, 7.2014923095703125, 7.313432693481445, 7.611940383911133, 7.7985076904296875, 8.022388458251953, 9.32835865020752, 9.440298080444336, 9.58955192565918, 9.783581733703613, 9.850746154785156, 10.522388458251953, 10.447761535644531, 10.261194229125977, 10.298507690429688, 10.298507690429688, 10.559701919555664, 10.447761535644531, 10.5, 10.67164134979248, 10.888059616088867, 11.194029808044434, 11.119402885437012, 11.380597114562988, 12.164178848266602, 12.052238464355469, 12.276119232177734, 12.313432693481445, 12.291045188903809, 12.238805770874023, 12.238805770874023, 12.350746154785156, 12.350746154785156, 12.313432693481445, 12.5, 12.104477882385254, 12.04477596282959, 11.791045188903809, 11.932835578918457, 11.686567306518555, 11.641791343688965, 11.641791343688965, 10.600000381469727, 10.380000114440918, 10.4399995803833, 10.399999618530273, 10.069999694824219, 10.069999694824219, 10.5]
assets:[0, 100.00009655332565, 197.82862422084807, 316.08652220311166, 426.2282439834595, 532.8537806739807, 654.6032760011673, 770.6477501174927, 892.7714995765685, 1138.1063971185683, 1251.7637008409502, 1371.5542947641372, 1499.3055283030508, 1609.5981306472777, 1819.3430614475249, 1906.4396145744324, 1972.3964935283661, 2079.5683892715456, 2179.5679287963867, 2334.847243671417, 2410.095899699402, 2522.1462, 2663.3748898744584, 2817.387773423386, 2996.560063195896, 3076.5831067600247, 3248.8520620259283, 3572.5439098270417, 3639.667546089172, 3807.2775626979833, 3918.849693505287, 4011.724632491588, 4094.6736049713136, 4194.673215283394, 4333.039445124817, 4433.039731516265, 4519.6467014856335, 4688.12625, 4639.785573813915, 4716.901689429951, 4717.53704574995, 4874.2662063822745, 4873.671368315316, 4954.997858567047, 5054.997353671932, 4702.640349237252, 4705.038147873688, 4832.23419377718, 4913.720059765816, 4857.804104782104, 4957.804236751556, 5269.507949999999]
shares:[0, 15.3143, 30.9685, 45.3001, 59.1861, 72.8596, 85.9969, 98.8199, 111.285, 122.005, 132.5979, 143.0259, 153.2471, 163.3986, 172.9021, 182.4735, 192.219, 201.9291, 211.6392, 221.1092, 230.6806, 240.2044, 249.575, 258.7594, 267.6927, 276.686, 285.4729, 293.6938, 301.991, 310.1369, 318.2581, 326.3941, 334.5648, 342.7355, 350.8322, 358.9289, 367.0501, 375.0501, 383.3115, 391.6139, 400.0949, 408.4751, 417.0319, 425.6216, 434.2113, 443.6453, 453.2792, 462.8577, 472.4731, 482.4036, 492.3341, 501.8579]
growth_rate:3.32
