ticker:NEGG
price:[3.200000047683716, 2.9600000381469727, 3.119999885559082, 2.9600000381469727, 3.200000047683716, 3.200000047683716, 3.5199999809265137, 3.2799999713897705, 4.409999847412109, 3.5899999141693115, 3.75, 3.880000114440918, 4.75, 4.489999771118164, 4.980000019073486, 5.019999980926514, 4.710000038146973, 4.150000095367432, 4.329999923706055, 4.78000020980835, 5.940000057220459, 8.229999542236328, 7.420000076293945, 10.600000381469727, 10.430000305175781, 8.119999885559082, 8.149999618530273, 9.40999984741211, 9.649999618530273, 8.4399995803833, 8.600000381469727, 8.550000190734863, 8.529999732971191, 10.100000381469727, 10.989999771118164, 10.739999771118164, 7.090000152587891, 13.539999961853027, 10.050000190734863, 10.430000305175781, 10.359999656677246, 10.260000228881836, 10.380000114440918, 19.200000762939453, 46.689998626708984, 30.549999237060547, 24.3799991607666, 17.200000762939453, 20.020000457763672, 18.360000610351562, 16.940000534057617, 19.049999237060547]
assets:[0, 100.0000492887497, 205.40550446577072, 294.87194780015943, 418.78048624031544, 518.7804877304316, 670.6585563659668, 724.9318176766873, 1074.679477815628, 974.8526296929598, 1118.30025, 1257.0680450773239, 1638.9361999999999, 1649.2258569292069, 1929.2081833889008, 2044.7037222311499, 2018.4370753476142, 1878.4531381670474, 2059.9281837043764, 2374.008614202261, 3050.127659382105, 4326.018605381012, 4000.2504071313856, 5814.643989255714, 5821.389940330506, 4632.0888507166865, 4749.202007708359, 5583.4347014617915, 5825.838904701423, 5195.344709699822, 5393.835099254036, 5462.475421857834, 5549.697155268574, 6671.154281964684, 7359.008251738549, 7291.606014607429, 4913.546646747208, 9483.556789281463, 7139.124165490532, 7509.060988710785, 7558.664037511445, 7585.70449322319, 7774.425979714108, 14480.440895401001, 35313.11202733689, 23205.923005467605, 18619.161391072084, 13235.751467097472, 15505.798662545014, 14320.102796051026, 13312.556907697295, 15070.730621427536]
shares:[0, 33.7838, 65.8351, 99.6189, 130.8689, 162.1189, 190.528, 221.0158, 243.6915, 271.5467, 298.2134, 323.9866, 345.0392, 367.3109, 387.3912, 407.3115, 428.5429, 452.6393, 475.734, 496.6545, 513.4895, 525.6402, 539.1173, 548.5513, 558.139, 570.4543, 582.7242, 593.3512, 603.7139, 615.5622, 627.1901, 638.886, 650.6093, 660.5103, 669.6095, 678.9205, 693.0249, 700.4104, 710.3606, 719.9483, 729.6008, 739.3474, 748.9813, 754.1896, 756.3314, 759.6047, 763.7064, 769.5204, 774.5154, 779.962, 785.8652, 791.1145]
growth_rate:195.5
