ticker:NEO
price:[35.79999923706055, 35.349998474121094, 35.83000183105469, 35.81999969482422, 36.08000183105469, 40.41999816894531, 43.189998626708984, 41.34000015258789, 39.22999954223633, 40.65999984741211, 41.77000045776367, 44.77000045776367, 47.36000061035156, 48.0099983215332, 50.75, 53.619998931884766, 55.400001525878906, 53.84000015258789, 52.439998626708984, 52.779998779296875, 56.029998779296875, 53.02000045776367, 55.0, 59.880001068115234, 56.560001373291016, 50.970001220703125, 43.25, 49.22999954223633, 50.18000030517578, 46.380001068115234, 48.529998779296875, 48.16999816894531, 49.34000015258789, 50.66999816894531, 48.9900016784668, 41.09000015258789, 38.11000061035156, 38.7599983215332, 41.029998779296875, 40.900001525878906, 43.099998474121094, 43.119998931884766, 46.40999984741211, 43.95000076293945, 45.22999954223633, 43.369998931884766, 45.709999084472656, 46.099998474121094, 46.75, 42.5099983215332, 43.88999938964844, 48.4900016784668]
assets:[0, 100.00161068344116, 201.36102729034425, 301.3035094329834, 403.48987647705076, 552.0239989929199, 689.8565720649719, 760.3087468063354, 821.5036514141083, 951.448062429428, 1077.4237458076477, 1254.8046188301087, 1427.3972663955687, 1546.9877679161073, 1735.27445, 1933.4084734863281, 2097.593637773895, 2138.5301900608065, 2182.919822834015, 2297.075272872925, 2538.523139694214, 2502.1516736030576, 2695.594, 3034.7663581329343, 2966.5042000274657, 2773.3134454193114, 2453.2611, 2892.4643161045074, 3048.2794605384825, 2917.4412071876527, 3152.6834286987305, 3229.2974092468257, 3407.7361865386965, 3599.596669921875, 3580.2481106643672, 3102.9072525226593, 2977.8735266922, 3128.664428516007, 3411.8946814910887, 3501.0851206169127, 3789.407895842743, 3891.165951612854, 4288.056576901627, 4160.764152227784, 4381.94115465126, 4301.740084056854, 4633.837444188691, 4773.373632004546, 4940.675575, 4592.580421666336, 4841.6682256698605, 5449.112428619385]
shares:[0, 2.8289, 5.6199, 8.4116, 11.1832, 13.6572, 15.9726, 18.3916, 20.9407, 23.4001, 25.7942, 28.0278, 30.1393, 32.2222, 34.1926, 36.0576, 37.8627, 39.7201, 41.627, 43.5217, 45.3065, 47.1926, 49.0108, 50.6808, 52.4488, 54.4107, 56.7228, 58.7541, 60.7469, 62.903, 64.9636, 67.0396, 69.0664, 71.04, 73.0812, 75.5149, 78.1389, 80.7189, 83.1561, 85.6011, 87.9213, 90.2404, 92.3951, 94.6704, 96.8813, 99.187, 101.3747, 103.5439, 105.6829, 108.0353, 110.3137, 112.376]
growth_rate:6.85
