ticker:NEOG
price:[37.14500045776367, 37.165000915527344, 37.71500015258789, 37.69499969482422, 34.875, 35.900001525878906, 35.709999084472656, 36.14500045776367, 34.869998931884766, 35.525001525878906, 36.369998931884766, 36.45000076293945, 37.435001373291016, 38.70500183105469, 39.7400016784668, 40.400001525878906, 40.474998474121094, 39.650001525878906, 41.92499923706055, 41.779998779296875, 43.084999084472656, 40.435001373291016, 42.970001220703125, 44.2400016784668, 42.20000076293945, 40.959999084472656, 39.875, 42.39500045776367, 41.2599983215332, 43.625, 44.665000915527344, 46.275001525878906, 47.400001525878906, 48.30500030517578, 48.005001068115234, 47.689998626708984, 46.43000030517578, 45.77000045776367, 46.154998779296875, 45.2400016784668, 45.52000045776367, 44.72999954223633, 45.95000076293945, 46.099998474121094, 44.9900016784668, 44.43000030517578, 43.380001068115234, 43.560001373291016, 43.77000045776367, 42.31999969482422, 43.81999969482422, 43.75]
assets:[0, 99.99986796340943, 201.48107381515504, 301.3752920600891, 378.82968750000003, 489.9632208251953, 587.3687779411316, 694.5225692958832, 770.0237254131317, 884.4872779907226, 1005.5249974697113, 1107.7373931861878, 1237.6722719036102, 1379.6591427688597, 1516.553970053482, 1641.7389020072935, 1744.7881392227173, 1809.2256046257019, 2013.0330308673858, 2106.0712464660646, 2271.8547677246092, 2232.121250309372, 2472.0598732269286, 2645.122972356033, 2623.152047424316, 2646.0732848556518, 2675.97935, 2945.095891799927, 2966.251421332169, 3236.277, 3413.4288984672544, 3636.4700924095155, 3824.8767631286623, 3997.9053842575076, 4073.0755251262667, 4146.349702600861, 4136.80159519043, 4177.995489785766, 4313.138480926514, 4327.631416561127, 4454.414268795013, 4477.10616818161, 4699.219273024369, 4814.5593706413265, 4798.633579025269, 4838.902434236908, 4824.545860791397, 4944.56545188446, 5068.40410400734, 5000.497307940674, 5277.7377292442325, 5369.306250000001]
shares:[0, 2.6907, 5.3422, 7.9951, 10.8625, 13.648, 16.4483, 19.2149, 22.0827, 24.8976, 27.6471, 30.3906, 33.0619, 35.6455, 38.1619, 40.6371, 43.1078, 45.6299, 48.0151, 50.4086, 52.7296, 55.2027, 57.5299, 59.7903, 62.16, 64.6014, 67.1092, 69.468, 71.8917, 74.184, 76.4229, 78.5839, 80.6936, 82.7638, 84.8469, 86.9438, 89.0976, 91.2824, 93.449, 95.6594, 97.8562, 100.0918, 102.2681, 104.4373, 106.66, 108.9107, 111.2159, 113.5116, 115.7963, 118.1592, 120.4413, 122.727]
growth_rate:5.28
