ticker:NEON
price:[9.970000267028809, 9.3100004196167, 7.840000152587891, 7.710000038146973, 7.869999885559082, 8.4399995803833, 7.78000020980835, 8.869999885559082, 8.3100004196167, 8.850000381469727, 7.860000133514404, 7.570000171661377, 7.670000076293945, 7.400000095367432, 7.099999904632568, 6.980000019073486, 7.110000133514404, 6.75, 8.359999656677246, 8.720000267028809, 9.09000015258789, 7.820000171661377, 8.5, 9.170000076293945, 9.300000190734863, 7.869999885559082, 7.630000114440918, 8.449999809265137, 9.0, 8.460000038146973, 9.729999542236328, 9.5600004196167, 8.800000190734863, 8.600000381469727, 8.449999809265137, 8.380000114440918, 6.909999847412109, 6.260000228881836, 6.449999809265137, 6.090000152587891, 6.260000228881836, 6.139999866485596, 6.25, 6.079999923706055, 5.96999979019165, 5.800000190734863, 5.809999942779541, 5.420000076293945, 5.5, 5.449999809265137, 4.71999979019165, 5.179999828338623]
assets:[0, 99.99964550714492, 184.2102115852356, 281.15594539108275, 386.9907173726082, 515.0189023944855, 574.7451814995289, 755.2689592555047, 807.5857847793579, 960.0639713825226, 952.6666001825333, 1017.517031073761, 1130.95838524971, 1191.1461953508854, 1242.856403305912, 1321.850067612076, 1446.4690921623705, 1473.230025, 1924.622400960922, 2107.501112537098, 2296.9248685569764, 2076.0121995717523, 2356.5349, 2642.2850869836807, 2779.7440170101167, 2452.3210833397866, 2477.536574160099, 2843.798425809288, 3128.8977, 3041.163589712906, 3597.6974937404634, 3634.8402635438915, 3445.8776746873855, 3467.562293810463, 3507.0811608375548, 3578.0287608631133, 3050.379354640961, 2863.440540694809, 3050.3500347971917, 2980.0983356678007, 3163.2864136579515, 3202.647876358366, 3360.0243749999995, 3368.6318617292404, 3407.6860292410374, 3410.65009216032, 3516.5303533670426, 3380.4811475849156, 3530.3774, 3598.2828040700915, 3216.3107530320167, 3629.764703712273]
shares:[0, 10.7411, 23.4962, 36.4664, 49.1729, 61.0212, 73.8747, 85.1487, 97.1824, 108.4818, 121.2044, 134.4144, 147.4522, 160.9657, 175.0502, 189.3768, 203.4415, 218.2563, 230.218, 241.6859, 252.687, 265.4747, 277.2394, 288.1445, 298.8972, 311.6037, 324.7099, 336.5442, 347.6553, 359.4756, 369.7531, 380.2134, 391.577, 403.2049, 415.0392, 426.9724, 441.4442, 457.4186, 472.9225, 489.3429, 505.3173, 521.6039, 537.6039, 554.0513, 570.8017, 588.0431, 605.2548, 623.705, 641.8868, 660.2354, 681.4218, 700.7268]
growth_rate:-28.83
