ticker:NEPH
price:[6.929999828338623, 6.900000095367432, 6.130000114440918, 6.429999828338623, 7.039999961853027, 6.840000152587891, 6.550000190734863, 6.880000114440918, 6.480000019073486, 6.019999980926514, 6.260000228881836, 5.860000133514404, 6.059999942779541, 6.289999961853027, 6.869999885559082, 7.679999828338623, 8.079999923706055, 8.579999923706055, 7.820000171661377, 7.679999828338623, 7.800000190734863, 8.050000190734863, 7.900000095367432, 8.930000305175781, 8.5, 7.699999809265137, 7.550000190734863, 7.510000228881836, 7.519999980926514, 7.610000133514404, 6.610000133514404, 8.069999694824219, 7.789999961853027, 7.800000190734863, 7.489999771118164, 7.389999866485596, 7.650000095367432, 8.100000381469727, 8.75, 8.800000190734863, 9.1899995803833, 9.300000190734863, 9.34000015258789, 9.399999618530273, 9.069999694824219, 8.979999542236328, 9.329999923706055, 8.359999656677246, 7.949999809265137, 7.920000076293945, 7.809999942779541, 8.220000267028809]
assets:[0, 100.00032138214112, 188.84078352546692, 298.08257504210474, 426.3607016897202, 514.2483114719391, 592.4455522519112, 722.294060014534, 780.3002182967663, 824.9085573863982, 957.7950590194702, 996.593814706421, 1130.607523324442, 1273.5186802764892, 1490.9493591636658, 1766.7378805103303, 1958.7551975048066, 2179.9651966156007, 2086.867923810053, 2149.5067679547783, 2283.0928158288957, 2456.2691881982805, 2510.4999503063204, 2937.818290397644, 2896.35545, 2723.75712253046, 2770.6968049958227, 2856.0177900426866, 2959.820856492806, 3095.2442723048207, 2788.5105203247067, 3504.4296474761964, 3482.838872944832, 3587.309787721157, 3544.7367656787874, 3597.4105510059358, 3823.9772426709656, 4148.917395393371, 4581.85525, 4708.037062043953, 5016.688434937286, 5176.736296170329, 5299.001452569962, 5433.041859516907, 5342.30782224884, 5389.29733527565, 5699.348011394883, 5206.810934170246, 5051.452933806515, 5132.391313440704, 5161.108035186815, 5532.049493710041]
shares:[0, 14.4928, 30.806, 46.3581, 60.5626, 75.1825, 90.4497, 104.9846, 120.4167, 137.028, 153.0024, 170.0672, 186.5689, 202.4672, 217.0232, 230.044, 242.4202, 254.0752, 266.8629, 279.8837, 292.7042, 305.1266, 317.7848, 328.983, 340.7477, 353.7347, 366.9797, 380.2953, 393.5932, 406.7338, 421.8624, 434.254, 447.091, 459.9115, 473.2626, 486.7944, 499.8663, 512.212, 523.6406, 535.0042, 545.8856, 556.6383, 567.3449, 577.9832, 589.0086, 600.1445, 610.8626, 622.8243, 635.4029, 648.0292, 660.8333, 672.9987]
growth_rate:8.47
