ticker:NEPT
price:[2.559999942779541, 2.450000047683716, 2.5, 2.1500000953674316, 1.9900000095367432, 2.4700000286102295, 2.2100000381469727, 1.9199999570846558, 1.9299999475479126, 2.009999990463257, 1.850000023841858, 1.659999966621399, 1.7799999713897705, 1.7100000381469727, 1.5499999523162842, 1.5800000429153442, 1.600000023841858, 1.559999942779541, 1.840000033378601, 2.0199999809265137, 1.9700000286102295, 1.7799999713897705, 2.2200000286102295, 2.799999952316284, 1.9600000381469727, 1.5800000429153442, 1.409999966621399, 1.7000000476837158, 1.6200000047683716, 1.3600000143051147, 1.3600000143051147, 1.4299999475479126, 1.2000000476837158, 1.2699999809265137, 1.3200000524520874, 1.309999942779541, 1.190000057220459, 1.2999999523162842, 1.2699999809265137, 1.3700000047683716, 1.4500000476837158, 1.2400000095367432, 1.190000057220459, 1.1299999952316284, 1.149999976158142, 0.8399999737739563, 0.7900000214576721, 0.8100000023841858, 0.8100000023841858, 0.6399999856948853, 0.6000000238418579, 0.7099999785423279]
assets:[0, 99.99993694627284, 202.04075, 273.7549971429348, 353.3826096935272, 538.6205562388897, 581.9237290446281, 605.5626104646205, 708.7166317390322, 838.0934150235415, 871.3796112298966, 881.8866022673844, 1045.6374871932983, 1104.5168976397515, 1101.1701861239433, 1222.4831632046103, 1337.9576199371218, 1404.5086644829273, 1756.6000078656793, 2028.4413588468076, 2078.232421182084, 1977.793746210599, 2566.6865550781486, 3337.2622631667614, 2436.0836554128646, 2063.7816780556323, 1941.729143033898, 2441.0919484707833, 2426.216983141422, 2136.824134476113, 2236.8241195279597, 2451.9547010628344, 2157.584485734701, 2383.4435082042696, 2577.280038411903, 2657.755000909948, 2514.2967378984927, 2846.710515583277, 2881.0173087314606, 3207.869122165191, 3495.1900249404434, 3088.9900637571814, 3064.434121351528, 3009.924713298726, 3163.1976394204257, 2410.509536740321, 2367.026978292263, 2526.9516614379286, 2626.951669732273, 2175.61607937119, 2139.64022502166, 2631.9074404582975]
shares:[0, 40.8163, 80.8163, 127.3279, 177.5792, 218.065, 263.3139, 315.3972, 367.2107, 416.9619, 471.016, 531.257, 587.4368, 645.9163, 710.4324, 773.7235, 836.2235, 900.3261, 954.6739, 1004.1789, 1054.9403, 1111.1201, 1156.1651, 1191.8794, 1242.8998, 1306.1909, 1377.1129, 1435.9364, 1497.6648, 1571.1942, 1644.7236, 1714.6537, 1797.987, 1876.7272, 1952.4848, 2028.8207, 2112.8543, 2189.7774, 2268.5176, 2341.5103, 2410.4758, 2491.121, 2575.1546, 2663.6502, 2750.6067, 2869.6543, 2996.2366, 3119.6934, 3243.1502, 3399.4002, 3566.0669, 3706.912]
growth_rate:-48.39
