ticker:NERV
price:[2.9200000762939453, 2.869999885559082, 3.569999933242798, 3.180000066757202, 3.140000104904175, 3.490000009536743, 3.319999933242798, 3.2899999618530273, 3.2100000381469727, 3.450000047683716, 3.559999942779541, 3.680000066757202, 4.010000228881836, 2.740000009536743, 2.609999895095825, 2.5799999237060547, 2.4600000381469727, 2.3399999141693115, 2.5799999237060547, 2.7100000381469727, 3.2799999713897705, 3.190000057220459, 3.4100000858306885, 3.5199999809265137, 3.5899999141693115, 3.0999999046325684, 2.859999895095825, 3.3399999141693115, 3.049999952316284, 2.9200000762939453, 2.9700000286102295, 2.6700000762939453, 2.5399999618530273, 2.5299999713897705, 2.380000114440918, 2.259999990463257, 2.930000066757202, 3.109999895095825, 2.950000047683716, 2.9000000953674316, 2.9000000953674316, 2.630000114440918, 2.4700000286102295, 2.319999933242798, 2.25, 1.9299999475479126, 1.940000057220459, 1.840000033378601, 1.8300000429153442, 1.690000057220459, 1.8300000429153442, 1.8899999856948853]
assets:[0, 99.99998001251221, 224.3902038040161, 299.8768682952642, 396.10473323345184, 540.2565384763002, 613.940363655138, 708.3925927863121, 791.1671044020653, 950.3197631347178, 1080.6198266310214, 1217.0452060778618, 1426.1826464033127, 1074.4989497398615, 1123.519085842204, 1210.6051082008362, 1254.2979314502716, 1293.1125005689146, 1525.7394568819045, 1702.6179569666863, 2160.733109152722, 2201.4448784883025, 2453.268637749481, 2632.4062897360327, 2784.755394421315, 2504.6635229473113, 2410.753971574068, 2915.3559990817307, 2762.226356815338, 2744.492303708267, 2891.4868898539066, 2699.417603134537, 2667.9852259308814, 2757.481376817322, 2693.994481539154, 2658.1627207830907, 3546.2022277967694, 3864.057311660528, 3765.263535861611, 3801.4456950117587, 3901.445818300295, 3638.207765311718, 3516.8717497362377, 3403.296294071317, 3400.610625, 3016.968198007107, 3132.6003483963013, 3071.1260237118963, 3154.4351239746807, 3013.112256018734, 3362.719140859151, 3572.972207956731]
shares:[0, 34.8432, 62.8544, 94.3009, 126.148, 154.8013, 184.9218, 215.3169, 246.4695, 275.455, 303.5449, 330.7188, 355.6565, 392.1529, 430.4671, 469.2268, 509.8772, 552.6122, 591.3719, 628.2723, 658.7601, 690.1081, 719.4336, 747.8427, 775.6979, 807.956, 842.921, 872.8611, 905.648, 939.8946, 973.5646, 1011.0178, 1050.3879, 1089.9136, 1131.9304, 1176.1782, 1210.3079, 1242.4622, 1276.3605, 1310.8433, 1345.3261, 1383.3489, 1423.8347, 1466.9381, 1511.3825, 1563.196, 1614.7424, 1669.0902, 1723.735, 1782.9066, 1837.5514, 1890.4615]
growth_rate:-29.94
