ticker:NESR
price:[7.199999809265137, 6.760000228881836, 7.150000095367432, 6.460000038146973, 6.369999885559082, 7.289999961853027, 7.550000190734863, 7.880000114440918, 7.400000095367432, 6.590000152587891, 6.960000038146973, 8.3100004196167, 8.859999656677246, 9.59000015258789, 9.65999984741211, 9.680000305175781, 9.539999961853027, 9.930000305175781, 10.449999809265137, 10.359999656677246, 10.289999961853027, 10.779999732971191, 11.710000038146973, 12.300000190734863, 12.0, 13.25, 13.260000228881836, 13.0, 11.920000076293945, 12.5600004196167, 12.6899995803833, 13.020000457763672, 12.5, 11.949999809265137, 12.6899995803833, 13.529999732971191, 13.09000015258789, 13.119999885559082, 12.829999923706055, 14.520000457763672, 15.279999732971191, 14.550000190734863, 14.699999809265137, 14.680000305175781, 13.920000076293945, 13.0, 12.960000038146973, 12.899999618530273, 11.380000114440918, 11.5, 10.539999961853027, 11.59000015258789]
assets:[0, 100.00000738582611, 205.76913774456978, 285.91184968833926, 381.9286311384201, 537.0892891895295, 656.2445065786361, 784.9283873994827, 837.1153907883167, 845.4851575767518, 992.9553654422759, 1285.5545719145775, 1470.639447013092, 1691.809327918625, 1804.1585655017852, 1907.8941801490782, 1980.300790081501, 2161.2566224212646, 2374.4343266614915, 2453.9845146767616, 2537.4038875933647, 2758.232177676487, 3096.1872440862653, 3352.1867019820215, 3370.4256000000005, 3821.512, 3924.3965177392956, 3947.4474000000005, 3719.5060958066942, 4019.2114382777213, 4160.811021415615, 4369.01218560791, 4294.52, 4205.561042874718, 4565.988749017715, 4968.229431946755, 4906.6608931961055, 5017.906644230652, 5006.992148225784, 5766.526705797959, 6168.355588203621, 5973.664083308316, 6135.247780394173, 6226.900873448181, 6004.527056910133, 5707.676, 5790.113297042846, 5863.306536614418, 5272.435989021302, 5428.03335, 5074.910905632591, 5680.475807786179]
shares:[0, 14.7929, 28.7789, 44.2588, 59.9574, 73.6748, 86.9198, 99.6102, 113.1237, 128.2982, 142.666, 154.6997, 165.9864, 176.4139, 186.7659, 197.0965, 207.5787, 217.6492, 227.2186, 236.8711, 246.5893, 255.8657, 264.4054, 272.5355, 280.8688, 288.416, 295.9575, 303.6498, 312.0391, 320.0009, 327.8811, 335.5616, 343.5616, 351.9298, 359.81, 367.201, 374.8404, 382.4624, 390.2566, 397.1437, 403.6882, 410.5611, 417.3638, 424.1758, 431.3597, 439.052, 446.768, 454.5199, 463.3072, 472.0029, 481.4906, 490.1187]
growth_rate:11.38
