ticker:NETE
price:[6.340000152587891, 6.119999885559082, 6.21999979019165, 6.800000190734863, 7.730000019073486, 7.329999923706055, 7.570000171661377, 6.869999885559082, 5.880000114440918, 6.239999771118164, 7.650000095367432, 12.630000114440918, 11.399999618530273, 11.329999923706055, 13.399999618530273, 11.90999984741211, 12.239999771118164, 13.949999809265137, 13.229999542236328, 13.210000038146973, 13.65999984741211, 12.59000015258789, 13.260000228881836, 14.130000114440918, 14.739999771118164, 10.279999732971191, 8.890000343322754, 12.350000381469727, 13.09000015258789, 11.09000015258789, 11.529999732971191, 11.470000267028809, 9.9399995803833, 10.699999809265137, 11.380000114440918, 9.789999961853027, 10.84000015258789, 10.670000076293945, 10.329999923706055, 10.829999923706055, 11.119999885559082, 11.470000267028809, 11.890000343322754, 11.369999885559082, 12.260000228881836, 11.25, 11.369999885559082, 12.149999618530273, 11.6899995803833, 11.15999984741211, 10.1899995803833, 10.029999732971191]
assets:[0, 100.00018613004684, 201.63435519862173, 320.43640898799896, 464.260709145546, 540.2371203769684, 657.9253689194679, 697.086522387886, 696.6330135583877, 839.2837132152557, 1128.9296390736101, 1963.841243794441, 1872.5878773389816, 1961.0892927944183, 2419.3819911252976, 2250.3611231689456, 2412.713258883476, 2849.784081035614, 2802.698669025421, 2898.4615903699873, 3097.1973334030154, 2954.59101980896, 3211.825321439552, 3522.5553345296858, 3774.6265113878244, 2732.50719702158, 2463.034158119869, 3521.6507737775805, 3832.664341676712, 3347.0773820526124, 3579.873519091988, 3661.2447312360764, 3272.8661298360826, 3623.1055354156497, 3953.358553756237, 3500.999928358269, 3976.4903719745635, 4014.1287187023163, 3986.21784555912, 4279.161482854653, 4493.746521752834, 4735.186591238117, 5008.575847622204, 4889.529736786079, 5372.263444294738, 5029.687125, 5183.337355828858, 5638.922957956505, 5525.432609662628, 5374.92153451004, 5007.745880784702, 5029.116088109779]
shares:[0, 16.3399, 32.4171, 47.123, 60.0596, 73.7022, 86.9122, 101.4682, 118.475, 134.5006, 147.5725, 155.4902, 164.2621, 173.0882, 180.5509, 188.9472, 197.1171, 204.2856, 211.8442, 219.4142, 226.7348, 234.6776, 242.2191, 249.2962, 256.0805, 265.8081, 277.0567, 285.1539, 292.7933, 301.8104, 310.4834, 319.2018, 329.2622, 338.608, 347.3953, 357.6098, 366.8349, 376.207, 385.8875, 395.1211, 404.1139, 412.8323, 421.2427, 430.0378, 438.1944, 447.0833, 455.8784, 464.1089, 472.6632, 481.6238, 491.4373, 501.4074]
growth_rate:-1.39
