ticker:NEWTL
price:[25.572999954223633, 25.15999984741211, 25.25, 25.290000915527344, 25.183000564575195, 25.329999923706055, 25.100000381469727, 25.200000762939453, 25.110000610351562, 25.110000610351562, 25.658000946044922, 25.649999618530273, 25.5, 25.440000534057617, 25.079999923706055, 25.211000442504883, 25.350000381469727, 25.260000228881836, 25.479999542236328, 25.280000686645508, 25.5, 25.43000030517578, 25.75, 25.600000381469727, 25.420000076293945, 25.540000915527344, 25.672000885009766, 25.719999313354492, 25.75, 25.84000015258789, 25.773000717163086, 25.9689998626709, 25.700000762939453, 25.566999435424805, 25.43000030517578, 25.350000381469727, 25.363000869750977, 25.391000747680664, 25.600000381469727, 25.959999084472656, 25.510000228881836, 25.520000457763672, 25.440000534057617, 25.389999389648438, 25.450000762939453, 25.260000228881836, 25.299999237060547, 25.350000381469727, 25.309999465942383, 25.349000930786133, 25.31999969482422, 25.31999969482422]
assets:[0, 100.00093539352417, 200.35875, 300.6753498847961, 399.4023889541626, 501.7341054887772, 597.1792090759278, 699.5595811794282, 797.0617273742675, 897.0623048049926, 1016.6392740848542, 1116.3213283979414, 1209.79395, 1306.9469554365157, 1388.4513677762986, 1495.7031076526641, 1603.9502941364287, 1698.2550753879545, 1813.0446554275513, 1898.8137155748368, 2015.3389499999998, 2109.8076043190003, 2236.3566, 2323.328034620285, 2406.99184522419, 2518.3539122749326, 2631.369821913147, 2736.2889989494324, 2839.480825, 2949.4060414165497, 3041.7578949403764, 3164.888757463455, 3232.1066259494783, 3315.3801981891634, 3397.615878773498, 3486.928042471695, 3588.717517664719, 3692.6792553371433, 3823.073336968231, 3976.8356237495423, 4007.899094959831, 4109.47036171341, 4196.587576098251, 4288.340428912354, 4398.475276857376, 4465.637134463311, 4572.709212106704, 4681.74707545147, 4774.3593422578815, 4881.715669050979, 4976.129412023925, 5076.128218818665]
shares:[0, 3.9746, 7.935, 11.8891, 15.86, 19.8079, 23.792, 27.7603, 31.7428, 35.7253, 39.6227, 43.5213, 47.4429, 51.3737, 55.3609, 59.3274, 63.2722, 67.231, 71.1556, 75.1113, 79.0329, 82.9653, 86.8488, 90.755, 94.6889, 98.6043, 102.4996, 106.3876, 110.2711, 114.1411, 118.0211, 121.8718, 125.7629, 129.6742, 133.6066, 137.5514, 141.4942, 145.4326, 149.3388, 153.1909, 157.1109, 161.0294, 164.9602, 168.8988, 172.8281, 176.7869, 180.7395, 184.6843, 188.6353, 192.5802, 196.5296, 200.479]
growth_rate:-0.47
