ticker:NEWT
price:[18.989999771118164, 19.850000381469727, 19.139999389648438, 18.190000534057617, 19.309999465942383, 18.75, 18.5, 18.329999923706055, 16.579999923706055, 16.600000381469727, 17.260000228881836, 17.530000686645508, 18.280000686645508, 18.540000915527344, 18.270000457763672, 17.90999984741211, 18.149999618530273, 19.690000534057617, 18.989999771118164, 19.940000534057617, 20.860000610351562, 20.56999969482422, 21.790000915527344, 21.579999923706055, 21.979999542236328, 22.979999542236328, 23.34000015258789, 27.1200008392334, 25.920000076293945, 26.860000610351562, 26.889999389648438, 27.549999237060547, 26.989999771118164, 26.84000015258789, 27.8799991607666, 28.010000228881836, 30.5, 32.880001068115234, 35.27000045776367, 38.70000076293945, 37.619998931884766, 33.59000015258789, 34.15999984741211, 36.0, 35.75, 34.81999969482422, 34.689998626708984, 34.88999938964844, 26.209999084472656, 28.3700008392334, 27.389999389648438, 28.760000228881836]
assets:[0, 100.00033192176818, 196.42424373626707, 286.67440841674807, 404.3262858175278, 492.59999999999997, 586.0319, 680.6460541669845, 715.6640907068252, 816.5274587638855, 948.9910585844041, 1063.8361396701812, 1209.3518334264754, 1326.5518975067139, 1407.2339962589263, 1479.50568539505, 1599.3307763858795, 1835.031258772087, 1869.7933574638366, 2063.3314352626803, 2258.5310400833127, 2327.131376474762, 2565.1537717773435, 2640.4316806650163, 2789.3740399074554, 3016.278905915451, 3163.5316286819457, 3775.877036845207, 3708.8020909166335, 3943.303259605408, 4047.708584124756, 4247.058292386627, 4260.730430867959, 4337.05146865654, 4605.103953378868, 4726.578299622917, 5246.7564, 5756.176842990875, 6274.585986436844, 6984.788987699509, 6889.865798381424, 6251.79770039978, 6457.886483153534, 6905.736, 6957.779399999999, 6876.779321729279, 6951.105606822968, 7091.183035949707, 5427.02406343155, 5974.273930729294, 5867.901997241211, 6261.405797830391]
shares:[0, 5.0378, 10.2625, 15.76, 20.9387, 26.272, 31.6774, 37.1329, 43.1643, 49.1884, 54.9821, 60.6866, 66.1571, 71.5508, 77.0243, 82.6078, 88.1174, 93.1961, 98.462, 103.477, 108.2709, 113.1323, 117.7216, 122.3555, 126.9051, 131.2567, 135.5412, 139.2285, 143.0865, 146.8095, 150.5284, 154.1582, 157.8633, 161.5891, 165.1759, 168.7461, 172.0248, 175.0662, 177.9015, 180.4855, 183.1437, 186.1208, 189.0482, 191.826, 194.6232, 197.4951, 200.3778, 203.244, 207.0593, 210.5842, 214.2352, 217.7123]
growth_rate:22.77
