ticker:NEWTZ
price:[26.290000915527344, 26.200000762939453, 25.889999389648438, 25.670000076293945, 25.799999237060547, 25.979999542236328, 26.100000381469727, 25.90999984741211, 26.200000762939453, 26.270000457763672, 26.100000381469727, 26.0, 25.899999618530273, 26.0, 25.579999923706055, 25.56999969482422, 25.799999237060547, 25.8799991607666, 25.899999618530273, 25.90999984741211, 25.850000381469727, 25.770000457763672, 26.0, 26.100000381469727, 25.889999389648438, 25.920000076293945, 25.969999313354492, 25.670000076293945, 25.825000762939453, 25.770000457763672, 25.850000381469727, 25.920000076293945]
assets:[0, 100.0001629119873, 198.81707231292722, 297.1276838830948, 398.6332082118988, 501.4139911651612, 603.7295488239288, 699.3342148815155, 807.1617635044098, 909.3176768451691, 1003.4327846658707, 1099.5893999999998, 1195.360092394066, 1299.9766, 1378.9768678871155, 1478.4369263549804, 1591.7361129302978, 1696.6720409805298, 1797.9831535182952, 1898.6770158184054, 1994.280999429703, 2088.109636091995, 2206.7473999999997, 2315.234463838768, 2396.606175500488, 2499.382663356781, 2604.204009144974, 2674.120917947769, 2790.2673724319457, 2884.3253402355194, 2993.280114171982, 3101.385033128738]
shares:[0, 3.8168, 7.6793, 11.5749, 15.4509, 19.3, 23.1314, 26.9909, 30.8077, 34.6143, 38.4457, 42.2919, 46.1529, 49.9991, 53.9084, 57.8192, 61.6952, 65.5592, 69.4202, 73.2797, 77.1482, 81.0287, 84.8749, 88.7063, 92.5688, 96.4268, 100.2774, 104.173, 108.0452, 111.9257, 115.7942, 119.6522]
growth_rate:0.04
