ticker:NEXI
price:[25.329999923706055, 23.0, 25.90999984741211, 18.690000534057617, 24.850000381469727, 19.510000228881836, 20.25, 20.84000015258789, 17.850000381469727, 18.739999771118164, 19.440000534057617, 19.309999465942383, 19.59000015258789, 17.799999237060547, 18.81999969482422, 18.579999923706055, 18.6299991607666, 17.209999084472656, 16.0, 16.18000030517578, 15.109999656677246, 13.9399995803833, 12.140000343322754, 10.670000076293945, 10.680000305175781, 10.630000114440918, 14.1899995803833, 14.09000015258789, 12.25, 12.890000343322754]
assets:[0, 99.99940000000001, 212.6511417476654, 253.39528924064638, 436.9102217069626, 443.0233301973343, 559.82745, 676.1392169506073, 679.130039513588, 812.9917880704879, 943.3590739160537, 1037.051245318222, 1152.0879089736939, 1146.818350845337, 1312.5350087165832, 1395.7964822685242, 1499.5528514490127, 1485.2556199882508, 1480.8304, 1597.4902621307374, 1591.846018830776, 1568.5859067830086, 1466.0422234601022, 1388.5233879283905, 1489.8247985710145, 1582.8495370407104, 2212.947462560272, 2297.351980879211, 2097.3433250000003, 2306.9194944443702]
shares:[0, 4.3478, 8.2073, 13.5578, 17.5819, 22.7075, 27.6458, 32.4443, 38.0465, 43.3827, 48.5267, 53.7054, 58.81, 64.428, 69.7415, 75.1236, 80.4913, 86.3019, 92.5519, 98.7324, 105.3505, 112.5241, 120.7613, 130.1334, 139.4967, 148.904, 155.9512, 163.0484, 171.2117, 178.9697]
growth_rate:-20.45
