ticker:NEXT
price:[1.3300000429153442, 2.0299999713897705, 4.900000095367432, 3.109999895095825, 2.890000104904175, 2.890000104904175, 2.630000114440918, 2.7799999713897705, 2.4200000762939453, 2.190000057220459, 2.3499999046325684, 2.259999990463257, 2.549999952316284, 2.5999999046325684, 3.450000047683716, 2.450000047683716, 2.2200000286102295, 2.0899999141693115, 2.1600000858306885, 2.450000047683716, 2.799999952316284, 2.3299999237060547, 2.4100000858306885, 2.4000000953674316, 2.299999952316284, 1.9800000190734863, 1.8200000524520874, 1.8200000524520874, 1.7799999713897705, 2.569999933242798, 2.630000114440918, 2.5199999809265137, 2.109999895095825, 2.25, 2.2100000381469727, 2.0299999713897705, 1.9800000190734863, 2.009999990463257, 1.9299999475479126, 2.440000057220459, 4.269999980926514, 4.340000152587891, 4.360000133514404, 4.019999980926514, 3.809999942779541, 3.2899999618530273, 3.369999885559082, 3.2899999618530273, 3.009999990463257, 2.950000047683716, 3.109999895095825, 3.1500000953674316]
assets:[0, 100.00003159062862, 341.37957664418224, 316.67138531827925, 394.2702873116255, 494.2703599415303, 549.8031019239426, 681.1605969898701, 692.9527438463211, 727.0935969975471, 880.214554279232, 946.5042680059433, 1167.958373159766, 1290.859392651558, 1812.8711800563576, 1387.4012170026303, 1357.155281490326, 1377.6821724222898, 1523.8247645513534, 1828.4122505859136, 2189.6139627110956, 1922.0716920633315, 2088.065767365193, 2179.4016866016386, 2188.593244625974, 1984.093471112919, 1923.7628054425122, 2023.7628903244972, 2079.284538579321, 3102.1130224208596, 3274.536083487034, 3237.5780394952776, 2810.82918625226, 3097.32975, 3142.2662332388877, 2986.334987911463, 3012.780107022333, 3158.428158014369, 3132.7195588613035, 4060.5368312236783, 7205.939239812088, 7424.06979501915, 7558.282155454016, 7068.874496460677, 6799.60478988018, 5971.574637760639, 6216.779991886044, 6169.2006584692, 5744.162377800465, 5729.660897614074, 6140.4217348759175, 6319.398521322155]
shares:[0, 49.2611, 69.6693, 101.8236, 136.4257, 171.0278, 209.0506, 245.0218, 286.3441, 332.0062, 374.5594, 418.8072, 458.0229, 496.4844, 525.4699, 566.2862, 611.3312, 659.1781, 705.4744, 746.2907, 782.005, 824.9235, 866.4173, 908.084, 951.5623, 1002.0674, 1057.0125, 1111.9576, 1168.1374, 1207.0479, 1245.0707, 1284.7532, 1332.1466, 1376.591, 1421.8399, 1471.101, 1521.6061, 1571.3573, 1623.1708, 1664.1544, 1687.5736, 1710.6151, 1733.5509, 1758.4265, 1784.6732, 1815.0683, 1844.7419, 1875.137, 1908.3596, 1942.2579, 1974.4122, 2006.1582]
growth_rate:23.91
