ticker:NFBK
price:[9.819999694824219, 9.8100004196167, 9.84000015258789, 8.90999984741211, 9.770000457763672, 10.289999961853027, 10.289999961853027, 10.65999984741211, 10.15999984741211, 10.100000381469727, 11.100000381469727, 11.279999732971191, 11.5, 11.720000267028809, 11.770000457763672, 12.25, 12.210000038146973, 12.329999923706055, 13.039999961853027, 13.220000267028809, 13.100000381469727, 12.359999656677246, 13.220000267028809, 13.539999961853027, 13.539999961853027, 13.6899995803833, 14.8100004196167, 16.190000534057617, 15.979999542236328, 16.299999237060547, 15.949999809265137, 16.100000381469727, 16.219999313354492, 16.18000030517578, 16.18000030517578, 16.770000457763672, 17.010000228881836, 17.110000610351562, 16.93000030517578, 16.729999542236328, 16.65999984741211, 15.850000381469727, 16.690000534057617, 16.25, 16.020000457763672, 15.880000114440918, 15.880000114440918, 16.450000762939453, 16.93000030517578, 16.739999771118164, 16.479999542236328, 16.920000076293945]
assets:[0, 100.00020127744675, 200.3059951061249, 281.37423118133546, 408.5325691413879, 530.2766260341645, 630.2769036634445, 752.9403072223663, 817.62395572052, 912.7956144756317, 1103.1713179122924, 1221.0599710941315, 1344.87555, 1470.6033655062674, 1576.8775723285676, 1741.1855999999998, 1835.5000017345428, 1953.5392949121476, 2166.030057663536, 2295.9293443751335, 2375.089019162178, 2340.923370976353, 2603.8033205938336, 2766.829938204861, 2866.8296079231263, 2998.589058089256, 3343.9085267440796, 3755.4956648820876, 3806.7826569507597, 3983.0140235706326, 3997.4894371968267, 4135.08384797573, 4265.903613410377, 4355.384258148193, 4455.384750034332, 4717.848887781143, 4885.367321736145, 5014.087389863586, 5061.338715234375, 5101.547353412247, 5180.202042554855, 5028.342881019593, 5394.829040627288, 5352.60375, 5376.844017640686, 5429.854791130829, 5529.854327851486, 5828.343840314484, 6098.411278928375, 6129.970296186448, 6134.762229595184, 6398.555212851716]
shares:[0, 10.1937, 20.3563, 31.5796, 41.815, 51.5332, 61.2514, 70.6323, 80.4748, 90.3758, 99.3848, 108.25, 116.9457, 125.4781, 133.9743, 142.1376, 150.3276, 158.4379, 166.1066, 173.6709, 181.3045, 189.3951, 196.9594, 204.3449, 211.7304, 219.035, 225.7872, 231.9639, 238.2217, 244.3567, 250.6263, 256.8375, 263.0027, 269.1832, 275.3637, 281.3267, 287.2056, 293.0501, 298.9568, 304.9341, 310.9365, 317.2456, 323.2372, 329.391, 335.6332, 341.9304, 348.2276, 354.3066, 360.2133, 366.187, 372.255, 378.1652]
growth_rate:25.46
