ticker:NFE
price:[28.739999771118164, 31.75, 36.5, 38.90999984741211, 45.880001068115234, 46.41999816894531, 49.70000076293945, 50.59000015258789, 36.130001068115234, 37.20000076293945, 34.7599983215332, 38.900001525878906, 45.97999954223633, 46.11000061035156, 52.5, 51.52000045776367, 57.0, 53.59000015258789, 56.41999816894531, 48.97999954223633, 46.16999816894531, 44.68000030517578, 49.61000061035156, 54.59000015258789, 51.2400016784668, 47.2599983215332, 42.459999084472656, 43.20000076293945, 52.0, 47.91999816894531, 49.599998474121094, 52.310001373291016, 44.41999816894531, 44.36000061035156, 42.52000045776367, 42.119998931884766, 41.040000915527344, 43.470001220703125, 42.099998474121094, 39.630001068115234, 38.9900016784668, 40.31999969482422, 38.959999084472656, 38.029998779296875, 35.439998626708984, 31.510000228881836, 31.639999389648438, 30.309999465942383, 31.299999237060547, 28.09000015258789, 27.40999984741211, 30.979999542236328]
assets:[0, 99.9998, 214.95945, 329.1513617092133, 488.11274336357116, 593.8556785751343, 735.8184512954712, 848.9963235607147, 706.3306818813325, 827.2498969661713, 872.990405845642, 1076.9659922447206, 1372.9811783309935, 1476.8618205490113, 1781.5297500000001, 1848.2748644222258, 2144.8701, 2116.5531330265044, 2328.3235584365843, 2121.289494174576, 2099.589900732422, 2131.8302585609435, 2467.055720352173, 2814.704079867554, 2741.9754658187867, 2628.9980906295777, 2461.983602914429, 2604.890926004028, 3235.518, 3081.653618247986, 3289.690138796997, 3569.4304847080225, 3131.045736933899, 3226.8174203979493, 3192.9714023750307, 3262.9352292556764, 3279.26844115448, 3573.4340623474122, 3560.8136609413145, 3451.899909036255, 3496.155470504761, 3715.415395878601, 3690.092417285919, 3702.0074131713864, 3549.8864464427947, 3256.23397065258, 3369.6694269973755, 3328.0227863607406, 3536.724633792114, 3274.01311378479, 3294.755988658523, 3823.879931497955]
shares:[0, 3.1496, 5.8893, 8.4593, 10.6389, 12.7931, 14.8052, 16.7819, 19.5497, 22.2379, 25.1148, 27.6855, 29.8604, 32.0291, 33.9339, 35.8749, 37.6293, 39.4953, 41.2677, 43.3093, 45.4752, 47.7133, 49.729, 51.5608, 53.5124, 55.6284, 57.9836, 60.2984, 62.2215, 64.3083, 66.3244, 68.2361, 70.4873, 72.7416, 75.0934, 77.4676, 79.9042, 82.2046, 84.5799, 87.1032, 89.668, 92.1482, 94.7149, 97.3444, 100.1661, 103.3397, 106.5003, 109.7995, 112.9944, 116.5544, 120.2027, 123.4306]
growth_rate:-25.02
