ticker:NFLX
price:[516.0499877929688, 482.0299987792969, 469.9599914550781, 482.8800048828125, 503.05999755859375, 539.4400024414062, 530.7899780273438, 488.2799987792969, 475.739990234375, 514.72998046875, 482.8399963378906, 488.239990234375, 491.3599853515625, 498.30999755859375, 503.2200012207031, 534.4500122070312, 513.969970703125, 540.72998046875, 510.3999938964844, 497.9800109863281, 565.1699829101562, 532.3900146484375, 550.7899780273438, 556.52001953125, 540.219970703125, 538.8499755859375, 516.3900146484375, 518.02001953125, 512.1799926757812, 508.04998779296875, 539.4199829101562, 555.3099975585938, 546.5399780273438, 505.54998779296875, 513.469970703125, 503.8399963378906, 493.3699951171875, 497.8900146484375, 502.80999755859375, 494.739990234375, 488.7699890136719, 500.7699890136719, 527.0700073242188, 533.97998046875, 535.97998046875, 530.3099975585938, 515.4099731445312, 517.5700073242188, 520.5499877929688, 515.9199829101562, 546.8800048828125, 558.9199829101562]
assets:[0, 100.02122474670409, 197.52418440856934, 302.9589150634765, 415.62816998291015, 545.6975064697266, 636.9479736328125, 685.9357422851563, 768.3200842285156, 931.3009536621094, 973.5985686157227, 1084.4786663085938, 1191.4005564819336, 1308.263067590332, 1421.1436054473877, 1609.3358767578125, 1647.6849320800782, 1833.4531447753905, 1830.6006181091307, 1886.049493609619, 2240.5033632507325, 2210.536579821777, 2386.9585277771, 2511.797456152344, 2538.223532348633, 2631.7971657592775, 2622.125216381836, 2730.3799189453125, 2799.5758399658203, 2876.9854708740236, 3154.635944055176, 3347.5752582824707, 3394.7237655212402, 3240.120426763916, 3390.9043395263675, 3427.321191088867, 3456.10615279541, 3587.7456565551756, 3723.2074699218747, 3763.4376317138676, 3818.026769180298, 4011.7685359863285, 4322.448423065186, 4479.130872167969, 4595.921136523438, 4647.318632604981, 4616.733293444824, 4736.076109020996, 4863.34237095337, 4920.0709170227055, 5315.345519458008, 5532.3576668396]
shares:[0, 0.2075, 0.4203, 0.6274, 0.8262, 1.0116, 1.2, 1.4048, 1.615, 1.8093, 2.0164, 2.2212, 2.4247, 2.6254, 2.8241, 3.0112, 3.2058, 3.3907, 3.5866, 3.7874, 3.9643, 4.1521, 4.3337, 4.5134, 4.6985, 4.8841, 5.0778, 5.2708, 5.466, 5.6628, 5.8482, 6.0283, 6.2113, 6.4091, 6.6039, 6.8024, 7.0051, 7.2059, 7.4048, 7.6069, 7.8115, 8.0112, 8.2009, 8.3882, 8.5748, 8.7634, 8.9574, 9.1506, 9.3427, 9.5365, 9.7194, 9.8983]
growth_rate:8.48
