ticker:NFTY
price:[32.08000183105469, 31.700000762939453, 31.8700008392334, 29.649999618530273, 31.280000686645508, 32.439998626708984, 31.510000228881836, 32.0099983215332, 32.380001068115234, 33.279998779296875, 34.130001068115234, 34.31999969482422, 35.380001068115234, 37.709999084472656, 37.31999969482422, 38.36000061035156, 38.040000915527344, 38.380001068115234, 40.310001373291016, 40.310001373291016, 40.900001525878906, 38.38999938964844, 42.11000061035156, 42.4900016784668, 42.439998626708984, 41.25, 43.099998474121094, 43.369998931884766, 42.720001220703125, 42.16999816894531, 43.02000045776367, 42.41999816894531, 42.029998779296875, 40.9900016784668, 42.31999969482422, 43.86000061035156, 43.650001525878906, 44.54999923706055, 45.5, 46.40999984741211, 46.04999923706055, 44.599998474121094, 45.209999084472656, 45.0, 45.02000045776367, 45.0099983215332, 45.29999923706055, 45.470001220703125, 46.31999969482422, 46.939998626708984, 46.220001220703125, 47.59000015258789]
assets:[0, 100.00082240676879, 200.53560628070832, 286.56724631309504, 402.32024083156585, 517.2395581035614, 602.4113353757858, 711.9695836673736, 820.1983790557862, 942.9954214111328, 1067.0813093948364, 1173.0232695693971, 1309.2546295261382, 1495.4767466926573, 1580.0093630798337, 1724.0403594314575, 1809.6579435539245, 1925.8316935958862, 2122.676300315857, 2222.6773517227175, 2355.2102278671264, 2310.6710292633056, 2634.5742891860964, 2758.3489329620356, 2855.1042236133576, 2875.046625, 3103.988620108795, 3223.431800613403, 3275.120349584961, 3332.9564092803953, 3500.1373512439727, 3551.321648707581, 3618.6736169006344, 3629.131778606415, 3846.8837402595523, 4086.8704708724977, 4167.304930677033, 4353.229905448913, 4546.0597, 4736.980505425644, 4800.238105471421, 4749.092577521515, 4914.046598487854, 4991.22, 5093.4367957901, 5192.303895373917, 5325.757830303955, 5445.746525198364, 5647.547434791565, 5823.141529636383, 5833.823846075439, 6106.744060580062]
shares:[0, 3.1546, 6.2923, 9.665, 12.8619, 15.9445, 19.1181, 22.2421, 25.3304, 28.3352, 31.2652, 34.179, 37.0055, 39.6573, 42.3368, 44.9437, 47.5725, 50.178, 52.6588, 55.1396, 57.5846, 60.1894, 62.5641, 64.9176, 67.2739, 69.6981, 72.0183, 74.324, 76.6648, 79.0362, 81.3607, 83.7181, 86.0974, 88.537, 90.8999, 93.1799, 95.4709, 97.7156, 99.9134, 102.0681, 104.2397, 106.4819, 108.6938, 110.916, 113.1372, 115.3589, 117.5664, 119.7657, 121.9246, 124.055, 126.2186, 128.3199]
growth_rate:19.74
