ticker:NGCAU
price:[9.899999618530273, 9.930000305175781, 9.930000305175781, 9.930000305175781, 9.925000190734863, 9.979999542236328, 9.954999923706055, 9.960000038146973, 9.899999618530273, 9.899999618530273, 9.90999984741211, 9.899999618530273, 10.550000190734863, 10.75, 10.979999542236328, 10.84000015258789, 10.40999984741211, 10.34000015258789, 10.255000114440918, 10.039999961853027, 10.020000457763672, 10.0, 10.140000343322754, 10.109999656677246]
assets:[0, 100.0000680732727, 200.0001361465454, 300.0002042198181, 399.8494751841545, 502.0648349712372, 600.807141895485, 701.1093026852608, 796.8856192941665, 896.8855154409408, 997.7913076366424, 1096.7843277383804, 1268.7957729387283, 1392.8484749999998, 1522.6492405197143, 1603.2349385677337, 1639.6374359664917, 1728.6122735092163, 1814.40178774786, 1876.362540870762, 1972.6244641193389, 2068.687, 2197.6483584085468, 2291.1463201955794]
shares:[0, 10.0705, 20.141, 30.2115, 40.2871, 50.3071, 60.3523, 70.3925, 80.4935, 90.5945, 100.6853, 110.7863, 120.265, 129.5673, 138.6748, 147.8999, 157.506, 167.1772, 176.9285, 186.8887, 196.8687, 206.8687, 216.7306, 226.6218]
growth_rate:-0.38
