ticker:NGM
price:[17.65999984741211, 18.030000686645508, 19.1299991607666, 16.399999618530273, 16.34000015258789, 17.34000015258789, 16.510000228881836, 17.049999237060547, 17.34000015258789, 18.690000534057617, 20.5, 23.389999389648438, 23.850000381469727, 24.809999465942383, 26.18000030517578, 29.6200008392334, 31.219999313354492, 30.295000076293945, 27.920000076293945, 27.280000686645508, 28.600000381469727, 25.65999984741211, 26.68000030517578, 29.170000076293945, 29.34000015258789, 26.719999313354492, 25.809999465942383, 29.110000610351562, 30.18000030517578, 28.790000915527344, 29.6200008392334, 25.43000030517578, 26.149999618530273, 27.049999237060547, 27.5, 26.770000457763672, 28.579999923706055, 28.3799991607666, 15.0600004196167, 16.239999771118164, 18.299999237060547, 20.3700008392334, 21.329999923706055, 21.399999618530273, 22.049999237060547, 20.899999618530273, 21.219999313354492, 20.389999389648438, 25.360000610351562, 22.729999542236328, 21.690000534057617, 22.100000381469727]
assets:[0, 99.99979280834197, 206.10087195835112, 276.68931356410985, 375.67784550819397, 498.6689263881683, 574.7989599685668, 693.5990839633943, 805.3961890872955, 968.1009096630097, 1161.8539, 1425.6461917984009, 1553.684424850464, 1716.2217890567779, 1910.9907962760924, 2262.09131209259, 2484.2846153612136, 2510.679954322815, 2413.854318596077, 2458.522765881729, 2677.4834157125474, 2502.245149120331, 2701.7102109031675, 3053.8568969873427, 3171.654016494751, 2988.43152320385, 2986.6557082004547, 3468.5206147247313, 3696.0148633735657, 3625.7868043006897, 3830.316332525635, 3388.4865086639406, 3584.424902711296, 3807.790522602081, 3971.1375, 3965.721252813339, 4333.856898430824, 4403.528647781944, 2436.7562598953245, 2727.683353556824, 3173.682857686996, 3632.6739146642685, 3903.874177036476, 4016.685768399811, 4238.686788339615, 4117.6217848445895, 4280.665899484444, 4213.232470881652, 5340.194808525085, 4886.3816515922545, 4762.807443271256, 4952.837715491295]
shares:[0, 5.5463, 10.7737, 16.8713, 22.9913, 28.7583, 34.8152, 40.6803, 46.4473, 51.7978, 56.6758, 60.9511, 65.144, 69.1746, 72.9943, 76.3704, 79.5735, 82.8744, 86.4561, 90.1218, 93.6183, 97.5154, 101.2635, 104.6917, 108.1, 111.8425, 115.717, 119.1522, 122.4657, 125.9391, 129.3152, 133.2476, 137.0717, 140.7686, 144.405, 148.1405, 151.6395, 155.1631, 161.8032, 167.9608, 173.4253, 178.3345, 183.0227, 187.6956, 192.2307, 197.0154, 201.7279, 206.6323, 210.5755, 214.975, 219.5854, 224.1103]
growth_rate:-2.89
