ticker:NGMS
price:[20.75, 21.540000915527344, 21.739999771118164, 20.200000762939453, 27.25, 35.45000076293945, 37.9900016784668, 31.299999237060547, 31.950000762939453, 30.0, 28.93000030517578, 29.6200008392334, 29.200000762939453, 30.850000381469727, 30.329999923706055, 28.25, 35.369998931884766, 40.77000045776367, 35.060001373291016, 36.08000183105469, 36.369998931884766, 37.040000915527344, 40.91999816894531, 49.09000015258789, 48.880001068115234, 46.040000915527344, 48.29999923706055, 64.0999984741211, 62.779998779296875, 70.5999984741211, 67.87000274658203, 61.290000915527344, 61.16999816894531, 59.33000183105469, 50.02000045776367, 51.349998474121094, 48.25, 53.20000076293945, 45.5099983215332, 40.099998474121094, 42.18000030517578, 42.349998474121094, 42.349998474121094]
assets:[0, 99.99945425033569, 200.9275998846054, 286.6945708282471, 486.753125, 733.2265457801818, 885.7634821346282, 829.7817597740174, 947.0139976139069, 989.2139999999999, 1053.9314831176757, 1179.0685634069443, 1262.351072982788, 1433.6828127279282, 1509.5180302028655, 1505.9962, 1985.5620930393218, 2388.702095820236, 2154.1566043777466, 2316.8268055786134, 2435.447875475693, 2580.3138797782894, 2950.606031968689, 3639.719153313446, 3724.1477293792723, 3607.7681357421875, 3884.865538635254, 5255.693484889984, 5247.466197967529, 6001.098710298157, 5869.044913510132, 5400.041336663818, 5489.469039678956, 5424.346278407287, 4673.163560766983, 4897.418809471893, 4701.75985, 5284.116675779343, 4620.302457597351, 4171.065501283264, 4487.420564466858, 4605.507279062653, 4705.508330459595]
shares:[0, 4.6425, 9.2423, 14.1928, 17.8625, 20.6834, 23.3157, 26.5106, 29.6405, 32.9738, 36.4304, 39.8065, 43.2312, 46.4727, 49.7698, 53.3096, 56.1369, 58.5897, 61.442, 64.2136, 66.9631, 69.6629, 72.1067, 74.1438, 76.1896, 78.3616, 80.432, 81.9921, 83.585, 85.0014, 86.4748, 88.1064, 89.7412, 91.4267, 93.4259, 95.3733, 97.4458, 99.3255, 101.5228, 104.0166, 106.3874, 108.7487, 111.11]
growth_rate:12.04
