ticker:NH
price:[2.609999895095825, 2.5299999713897705, 2.609999895095825, 2.2699999809265137, 2.1500000953674316, 2.430000066757202, 2.369999885559082, 2.440000057220459, 2.009999990463257, 1.9600000381469727, 2.1500000953674316, 2.1500000953674316, 2.440000057220459, 2.509999990463257, 3.440000057220459, 2.5999999046325684, 3.390000104904175, 3.2300000190734863, 3.6700000762939453, 3.559999942779541, 3.9000000953674316, 4.21999979019165, 4.510000228881836, 4.880000114440918, 4.320000171661377, 3.819999933242798, 3.259999990463257, 3.740000009536743, 3.4700000286102295, 3.1600000858306885, 3.3299999237060547, 3.1500000953674316, 2.5799999237060547, 2.700000047683716, 2.5399999618530273, 2.5, 2.4000000953674316, 2.4800000190734863, 2.609999895095825, 2.690000057220459, 2.7200000286102295, 2.5399999618530273, 2.5199999809265137, 2.2699999809265137, 2.200000047683716, 1.899999976158142, 1.9800000190734863, 2.0, 2.119999885559082, 2.0, 1.9900000095367432, 2.1700000762939453]
assets:[0, 100.00001986916065, 203.16213083426953, 276.69665367507935, 362.06947606029513, 509.222794989419, 596.6493671894074, 714.2719527503967, 688.3960527338028, 771.2717750110626, 946.0378819633485, 1046.0378263990403, 1287.1312621845245, 1424.0570285892964, 2051.695842127609, 1650.7001594526766, 2252.259117696571, 2245.957903262615, 2651.9090251293183, 2672.4239610456943, 3027.655484035826, 3376.0783241494178, 3708.0838531847003, 4112.294600437451, 3740.3917966298104, 3407.4758484519484, 3007.950483200598, 3550.8390370543957, 3394.494909987688, 3191.240478679228, 3462.92086666069, 3375.7360322016716, 2864.8884172815324, 3098.139084715104, 3014.5456147260666, 3067.0724999999998, 3044.389800973177, 3245.869408963728, 3516.0156836801766, 3723.7864472106935, 3865.315608657193, 3709.522624288559, 3780.3137113873954, 3505.2826685471537, 3497.190255799556, 3120.300610845387, 3351.681860286999, 3485.5372, 3794.6692031578064, 3679.8768, 3761.4775210262537, 4201.711689725876]
shares:[0, 39.5257, 77.8399, 121.8928, 168.4044, 209.5567, 251.7508, 292.7344, 342.4856, 393.506, 440.0176, 486.5292, 527.5128, 567.3534, 596.4232, 634.8847, 664.3832, 695.343, 722.591, 750.6809, 776.3219, 800.0186, 822.1915, 842.6833, 865.8314, 892.0094, 922.6842, 949.4222, 978.2406, 1009.8862, 1039.9162, 1071.6622, 1110.4219, 1147.4589, 1186.829, 1226.829, 1268.4957, 1308.8183, 1347.1325, 1384.3072, 1421.0719, 1460.442, 1500.1245, 1544.1774, 1589.6319, 1642.2635, 1692.7686, 1742.7686, 1789.9384, 1839.9384, 1890.1897, 1936.2726]
growth_rate:-17.61
