ticker:NHTC
price:[5.289999961853027, 6.25, 6.150000095367432, 5.699999809265137, 5.880000114440918, 5.699999809265137, 6.139999866485596, 5.980000019073486, 5.53000020980835, 5.429999828338623, 5.920000076293945, 5.5, 5.619999885559082, 5.380000114440918, 5.320000171661377, 5.320000171661377, 5.150000095367432, 4.980000019073486, 5.25, 5.309999942779541, 5.5, 5.46999979019165, 6.599999904632568, 7.619999885559082, 8.0600004196167, 6.760000228881836, 6.550000190734863, 6.960000038146973, 6.710000038146973, 6.849999904632568, 7.010000228881836, 7.039999961853027, 6.880000114440918, 7.090000152587891, 7.28000020980835, 7.849999904632568, 7.829999923706055, 7.409999847412109, 7.289999961853027, 7.590000152587891, 7.150000095367432, 6.789999961853027, 6.78000020980835, 6.869999885559082, 6.900000095367432, 7.079999923706055, 7.059999942779541, 7.059999942779541, 7.349999904632568, 7.519999980926514, 6.429999828338623, 6.5]
assets:[0, 100.0, 198.4002330765724, 283.8833605006218, 392.84809964590073, 480.82234391059876, 617.9381825629234, 701.8355262385368, 749.0219384179115, 835.4771495876313, 1010.8702050275803, 1039.1529500000001, 1161.8253863415719, 1212.2103277855874, 1298.6913099050998, 1398.6913531318187, 1453.99643692503, 1506.0003117680071, 1687.650825, 1806.938287528467, 1971.59325, 2060.8388309540746, 2586.569662625074, 3086.312551648235, 3364.524663162613, 2921.8593509290695, 2931.0916803528785, 3214.564409618664, 3199.098536187172, 3365.8454081398486, 3544.4636117294312, 3659.632044169903, 3676.458781153679, 3888.6764896903987, 4092.8867339562894, 4513.346455168629, 4601.8475551605225, 4455.005281261825, 4482.859359542179, 4767.339056841659, 4590.971446234846, 4459.817280944252, 4553.24948690114, 4713.690350479031, 4834.274616816282, 5060.386049469375, 5146.091144291544, 5246.091101481056, 5561.581757837582, 5790.217249313879, 5050.943619155216, 5205.930600000001]
shares:[0, 16.0, 32.2602, 49.8041, 66.8109, 84.3548, 100.6414, 117.3638, 135.447, 153.8632, 170.7551, 188.9369, 206.7305, 225.3179, 244.1149, 262.9119, 282.3294, 302.4097, 321.4573, 340.2897, 358.4715, 376.753, 391.9045, 405.0279, 417.4348, 432.2277, 447.4949, 461.8627, 476.7658, 491.3643, 505.6296, 519.8341, 534.369, 548.4734, 562.2097, 574.9486, 587.72, 601.2153, 614.9327, 628.1079, 642.0939, 656.8214, 671.5707, 686.1267, 700.6195, 714.7438, 728.9081, 743.0724, 756.6778, 769.9757, 785.5278, 800.9124]
growth_rate:2.08
