ticker:NICE
price:[220.74000549316406, 212.85000610351562, 216.9199981689453, 223.75999450683594, 227.25, 235.3699951171875, 236.36000061035156, 228.08999633789062, 228.25999450683594, 252.50999450683594, 236.44000244140625, 239.52999877929688, 239.72999572753906, 243.6999969482422, 243.07000732421875, 273.54998779296875, 279.79998779296875, 283.5400085449219, 273.8999938964844, 273.70001220703125, 269.29998779296875, 261.2799987792969, 271.0299987792969, 277.6300048828125, 248.52000427246094, 229.5399932861328, 221.39999389648438, 228.89999389648438, 227.83999633789062, 222.94000244140625, 225.5399932861328, 231.2899932861328, 237.63999938964844, 239.0, 241.22999572753906, 233.83999633789062, 228.7100067138672, 224.11000061035156, 222.36000061035156, 216.07000732421875, 229.02000427246094, 223.1199951171875, 243.5399932861328, 253.02999877929688, 256.05999755859375, 255.2899932861328, 287.2699890136719, 278.6499938964844, 274.0799865722656, 264.9599914550781, 275.0, 293.44000244140625]
assets:[0, 99.99693286743164, 201.9091342956543, 308.2741444320678, 413.07232500000003, 527.8407510498047, 630.0648536270143, 708.0141576324463, 808.5425525421142, 994.4348603668213, 1031.138494647217, 1144.618052166748, 1245.565138801575, 1366.1821828918457, 1462.649462072754, 1746.0695720825195, 1885.9638377197266, 2011.1776346099853, 2042.8009344787597, 2141.3194155029296, 2206.8864699645997, 2241.155317529297, 2424.7969870788575, 2583.8469294433594, 2412.9304254821777, 2328.6602778884885, 2346.0871753234865, 2525.5680826568605, 2613.8715739868167, 2657.6677691040036, 2788.6666929870603, 2959.7717860839844, 3141.030455932617, 3259.004, 3389.4020549697875, 3385.5588509796144, 3411.278363139343, 3442.6657743759156, 3515.7784416503905, 3516.323299194336, 3827.0616833953854, 3828.4713722167967, 4278.851558041382, 4545.582716070557, 4700.006861187744, 4785.870446136475, 5485.391713217163, 5420.801251263428, 5431.909029879761, 5351.158483425904, 5653.9175, 6133.042771026611]
shares:[0, 0.4698, 0.9308, 1.3777, 1.8177, 2.2426, 2.6657, 3.1041, 3.5422, 3.9382, 4.3611, 4.7786, 5.1957, 5.606, 6.0174, 6.383, 6.7404, 7.0931, 7.4582, 7.8236, 8.1949, 8.5776, 8.9466, 9.3068, 9.7092, 10.1449, 10.5966, 11.0335, 11.4724, 11.921, 12.3644, 12.7968, 13.2176, 13.636, 14.0505, 14.4781, 14.9153, 15.3615, 15.8112, 16.274, 16.7106, 17.1588, 17.5694, 17.9646, 18.3551, 18.7468, 19.0949, 19.4538, 19.8187, 20.1961, 20.5597, 20.9005]
growth_rate:20.26
