ticker:NICK
price:[7.829999923706055, 7.599999904632568, 7.769999980926514, 7.400000095367432, 7.25, 7.25, 7.800000190734863, 7.829999923706055, 8.010000228881836, 7.800000190734863, 8.260000228881836, 7.909999847412109, 7.869999885559082, 7.71999979019165, 8.489999771118164, 7.539999961853027, 8.229999542236328, 8.380000114440918, 8.34000015258789, 8.399999618530273, 8.789999961853027, 9.180000305175781, 10.800000190734863, 10.649999618530273, 10.829999923706055, 10.260000228881836, 10.609999656677246, 10.75, 10.649999618530273, 10.489999771118164, 10.449999809265137, 10.5, 10.569999694824219, 10.420000076293945, 10.40999984741211, 10.300000190734863, 10.329999923706055, 10.260000228881836, 10.5, 11.079999923706055, 11.489999771118164, 11.5, 11.470000267028809, 11.180000305175781, 11.119999885559082, 11.130000114440918, 11.020000457763672, 10.899999618530273, 11.40999984741211, 11.180000305175781, 11.789999961853027, 11.65999984741211]
assets:[0, 100.00003874516487, 202.2367825035572, 292.60636377096176, 386.675125, 486.6751, 623.5951952488899, 725.9936779260635, 842.6832630792618, 920.5903425113678, 1074.8812637845992, 1129.3351992145538, 1223.6244342067719, 1300.30272466135, 1529.9964427528382, 1458.7954606195449, 1692.2928328723908, 1823.1369028975487, 1914.4345250263214, 2028.2076278928757, 2222.3748113553047, 2420.978138481903, 2948.2099720672604, 3007.2627572835922, 3158.0897087522508, 3091.8746669740676, 3297.348107303047, 3440.856775, 3508.848984317398, 3556.134049408531, 3642.5741985152245, 3760.00275, 3885.0689218307493, 3929.9353307744977, 4026.1632129852296, 4083.6194456202506, 4195.512941013336, 4267.082795190811, 4466.8974, 4813.640594854545, 5091.762375571632, 5196.1945000000005, 5282.639380983162, 5249.07610528183, 5320.905489240169, 5425.690297788048, 5472.0671833061215, 5512.479697078514, 5870.402704494095, 5852.068303741455, 6271.367433708763, 6302.217091526413]
shares:[0, 13.1579, 26.0279, 39.5414, 53.3345, 67.1276, 79.9481, 92.7195, 105.2039, 118.0244, 130.1309, 142.7731, 155.4796, 168.433, 180.2116, 193.4742, 205.6249, 217.5581, 229.5485, 241.4533, 252.8299, 263.7231, 272.9824, 282.3721, 291.6057, 301.3523, 310.7774, 320.0797, 329.4694, 339.0023, 348.5717, 358.0955, 367.5562, 377.1531, 386.7592, 396.4679, 406.1484, 415.895, 425.4188, 434.4441, 443.1473, 451.843, 460.5614, 469.5059, 478.4987, 487.4834, 496.5578, 505.7321, 514.4963, 523.4408, 531.9226, 540.4989]
growth_rate:23.57
