ticker:NISN
price:[10.479999542236328, 13.050000190734863, 13.630000114440918, 14.010000228881836, 16.0, 16.540000915527344, 15.399999618530273, 15.229999542236328, 13.149999618530273, 14.069999694824219, 14.109999656677246, 14.520000457763672, 14.899999618530273, 14.739999771118164, 15.199999809265137, 20.010000228881836, 17.8799991607666, 18.209999084472656, 22.530000686645508, 21.59000015258789, 21.709999084472656, 19.270000457763672, 21.260000228881836, 20.920000076293945, 19.3700008392334, 16.469999313354492, 16.489999771118164, 18.34000015258789, 16.0, 16.010000228881836, 16.360000610351562, 16.049999237060547, 14.949999809265137, 14.539999961853027, 15.010000228881836, 13.75, 10.979999542236328, 11.800000190734863, 12.619999885559082, 12.300000190734863, 12.300000190734863, 11.270000457763672, 11.380000114440918, 11.75, 11.260000228881836, 11.619999885559082, 10.100000381469727, 9.5, 9.699999809265137, 10.350000381469727, 9.869999885559082, 10.170000076293945]
assets:[0, 99.99954146156311, 204.444549716568, 310.14497906684875, 454.1984, 569.5268135246278, 630.2727043876648, 723.3153222595215, 724.5307889820099, 875.2201100166321, 977.7086852105141, 1106.1191148719788, 1235.0669283798218, 1321.80505747509, 1463.0547016410828, 2026.0345341745376, 1910.368842333031, 2045.6275311538698, 2630.916047182274, 2621.1490815250395, 2735.71823363266, 2528.249111059189, 2889.340331106186, 2943.1323027334215, 2825.070071400261, 2502.110766685295, 2605.1495278404236, 2997.419932938385, 2714.9792, 2816.6761632677076, 2978.2530391113282, 3021.8184213573454, 2914.716247813511, 2934.7812183003425, 3129.646588722801, 2966.931, 2469.229511056137, 2753.635064509678, 3044.988908387375, 3067.7787175717353, 3167.778949122429, 3002.509568955612, 3131.8147234945295, 3333.6394999999998, 3294.619766969681, 3499.9544235302924, 3142.1293086759565, 3055.4679, 3219.7936866879463, 3535.5528853097917, 3471.5849297475816, 3677.103873585129]
shares:[0, 7.6628, 14.9996, 22.1374, 28.3874, 34.4333, 40.9268, 47.4928, 55.0974, 62.2047, 69.2919, 76.179, 82.8904, 89.6747, 96.2536, 101.2511, 106.8439, 112.3354, 116.7739, 121.4057, 126.0119, 131.2013, 135.905, 140.6851, 145.8477, 151.9193, 157.9836, 163.4362, 169.6862, 175.9323, 182.0448, 188.2753, 194.9643, 201.8419, 208.5041, 215.7768, 224.8843, 233.3589, 241.2828, 249.4129, 257.543, 266.4161, 275.2034, 283.714, 292.595, 301.2009, 311.1019, 321.6282, 331.9375, 341.5993, 351.731, 361.5638]
growth_rate:-27.9
