ticker:NIU
price:[19.309999465942383, 18.420000076293945, 19.530000686645508, 18.639999389648438, 21.5, 27.049999237060547, 31.899999618530273, 27.350000381469727, 26.270000457763672, 31.239999771118164, 32.709999084472656, 35.72999954223633, 31.579999923706055, 28.100000381469727, 29.15999984741211, 29.809999465942383, 28.309999465942383, 28.049999237060547, 35.43000030517578, 37.9900016784668, 46.04999923706055, 43.72999954223633, 45.84000015258789, 49.0099983215332, 44.189998626708984, 37.380001068115234, 33.54999923706055, 41.63999938964844, 40.06999969482422, 34.029998779296875, 37.29999923706055, 36.400001525878906, 34.060001373291016, 37.709999084472656, 37.36000061035156, 31.420000076293945, 29.209999084472656, 30.450000762939453, 33.31999969482422, 33.7400016784668, 34.18000030517578, 31.950000762939453, 31.190000534057617, 31.209999084472656, 33.86000061035156, 28.0, 27.899999618530273, 25.600000381469727, 23.549999237060547, 21.270000457763672, 24.93000030517578, 25.520000457763672]
assets:[0, 100.00033841419219, 206.0258832435608, 296.6369502868652, 442.15180000000004, 656.2897864894867, 873.961099548912, 849.3050318458558, 915.76696195755, 1189.0193832885743, 1344.9697423553469, 1569.1472438964845, 1486.8937684078217, 1423.0430293184281, 1576.7249317493438, 1711.872010331154, 1725.732271444702, 1809.8841257724762, 2386.0688005523684, 2658.475734456253, 3322.5028399539947, 3255.116856925583, 3512.1782996910097, 3855.057853974152, 3575.9253928710937, 3124.8484732910156, 2904.6717039466857, 3705.0813416915894, 3665.383187084198, 3212.8776777496337, 3621.6098559230804, 3634.227112345886, 3500.59838514328, 3975.7350354766845, 4038.836489982605, 3496.6878204906466, 3350.740335977936, 3592.9843800239564, 4031.633331074524, 4182.4510960647585, 4336.994280722809, 4154.036859194946, 4155.225441148758, 4257.88966609726, 4719.420429071045, 4002.6503999999995, 4088.3543441009524, 3851.320377389145, 3642.9140569820406, 3390.2253729629515, 4073.5919658660887, 4269.99882059288]
shares:[0, 5.4289, 10.5492, 15.914, 20.5652, 24.2621, 27.3969, 31.0532, 34.8598, 38.0608, 41.118, 43.9168, 47.0834, 50.6421, 54.0715, 57.4261, 60.9584, 64.5235, 67.346, 69.9783, 72.1499, 74.4367, 76.6182, 78.6586, 80.9216, 83.5968, 86.5774, 88.9789, 91.4745, 94.4131, 97.0941, 99.8414, 102.7774, 105.4292, 108.1059, 111.2886, 114.7121, 117.9962, 120.9974, 123.9612, 126.8869, 130.0168, 133.223, 136.4271, 139.3804, 142.9518, 146.536, 150.4422, 154.6885, 159.39, 163.4012, 167.3197]
growth_rate:-16.27
