ticker:NKLA
price:[35.54999923706055, 32.130001068115234, 34.189998626708984, 19.459999084472656, 24.25, 24.65999984741211, 19.545000076293945, 22.540000915527344, 18.309999465942383, 19.579999923706055, 21.18000030517578, 26.3799991607666, 27.93000030517578, 18.8799991607666, 17.6200008392334, 17.079999923706055, 13.75, 15.260000228881836, 17.75, 19.739999771118164, 20.1200008392334, 23.09000015258789, 23.600000381469727, 21.829999923706055, 21.360000610351562, 18.100000381469727, 14.899999618530273, 17.020000457763672, 15.420000076293945, 14.149999618530273, 13.90999984741211, 12.800000190734863, 10.979999542236328, 11.545000076293945, 11.569999694824219, 11.5, 12.119999885559082, 11.979999542236328, 14.960000038146973, 16.989999771118164, 17.549999237060547, 16.510000228881836, 18.100000381469727, 16.440000534057617, 15.199999809265137, 13.960000038146973, 13.989999771118164, 11.869999885559082, 10.279999732971191, 9.529999732971191, 9.4399995803833, 10.130000114440918]
assets:[0, 100.00141532440186, 206.4118597091675, 217.48300376815797, 371.0153, 477.2893650466919, 478.2896058670044, 651.5818384658813, 629.3018646448136, 772.9518249881744, 936.1136534881592, 1265.9445037261962, 1440.327771737671, 1073.6262562763213, 1101.975996486664, 1168.2036747817992, 1040.444625, 1254.7046868190766, 1559.4369, 1834.2703887319565, 1969.581086153984, 2360.319849597931, 2512.453680611229, 2424.0206555282593, 2471.8305346313473, 2194.5761762521743, 1906.5845811876295, 2277.8564432643893, 2163.7220747055053, 2085.5160887765887, 2150.143790413666, 2078.5651509730337, 1883.019413495636, 2079.9148877449034, 2184.418256382751, 2271.20285, 2493.649980454159, 2564.84482399559, 3302.8448724220275, 3851.0247061206815, 4077.9564327217104, 3936.299395569801, 4415.386493057251, 4110.439081528663, 3900.4050710563656, 3682.213854061985, 3790.1273689920426, 3315.783573031902, 2971.6302708102226, 2854.8286390082358, 2927.867789853573, 3241.8755726242066]
shares:[0, 3.1124, 6.0372, 11.1759, 15.2996, 19.3548, 24.4712, 28.9078, 34.3693, 39.4766, 44.198, 47.9888, 51.5692, 56.8658, 62.5412, 68.396, 75.6687, 82.2218, 87.8556, 92.9215, 97.8917, 102.2226, 106.4599, 111.0408, 115.7224, 121.2473, 127.9587, 133.8341, 140.3192, 147.3863, 154.5754, 162.3879, 171.4954, 180.1572, 188.8002, 197.4959, 205.7467, 214.0939, 220.7784, 226.6642, 232.3622, 238.4191, 243.944, 250.0267, 256.6056, 263.7689, 270.9169, 279.3415, 289.0691, 299.5623, 310.1555, 320.0272]
growth_rate:-36.43
