ticker:NKSH
price:[25.299999237060547, 25.0, 25.600000381469727, 25.09000015258789, 26.0, 26.219999313354492, 26.139999389648438, 26.540000915527344, 27.18000030517578, 27.809999465942383, 31.030000686645508, 30.709999084472656, 31.299999237060547, 32.16999816894531, 32.70000076293945, 30.75, 31.65999984741211, 31.309999465942383, 32.90999984741211, 33.0, 32.650001525878906, 31.0, 32.400001525878906, 32.79999923706055, 33.349998474121094, 33.15999984741211, 35.709999084472656, 37.970001220703125, 37.0, 36.130001068115234, 36.290000915527344, 35.20000076293945, 35.529998779296875, 35.86000061035156, 35.88999938964844, 35.02000045776367, 36.06999969482422, 35.029998779296875, 35.099998474121094, 35.0099983215332, 36.25, 34.630001068115234, 34.959999084472656, 35.88999938964844, 35.22999954223633, 35.560001373291016, 35.33000183105469, 36.150001525878906, 37.63999938964844, 38.779998779296875, 37.25, 36.0099983215332]
assets:[0, 100.0, 202.39872301597595, 298.36777281455994, 409.19059999999996, 512.653426574707, 611.0904497314453, 720.4415948524475, 837.8153554069519, 957.2340866174698, 1168.0685218475342, 1256.0236075553896, 1380.1546863586425, 1518.5172065689087, 1643.5347383460999, 1645.52475, 1794.2228473526, 1874.3887730283736, 2070.173921401596, 2175.8352, 2252.7586852813724, 2238.913, 2440.0246749130247, 2570.1489002174376, 2713.2458208595276, 2797.7887711257936, 3112.93703719101, 3409.949117626953, 3422.8367000000003, 3442.3544987667083, 3557.599514751434, 3550.7437569602967, 3684.0309604278564, 3818.2473549880983, 3921.4418253112794, 3926.382917323685, 4144.107513938141, 4124.621218267823, 4232.863255987549, 4322.008799792099, 4575.087125, 4470.6292478904725, 4613.230583189393, 4835.951310758972, 4847.020843019867, 4992.42150080223, 5060.132446252441, 5277.578487764739, 5595.1031012725825, 5864.559607397461, 5733.18475, 5642.334617004394]
shares:[0, 4.0, 7.9062, 11.8919, 15.7381, 19.552, 23.3776, 27.1455, 30.8247, 34.4205, 37.6432, 40.8995, 44.0944, 47.2029, 50.261, 53.513, 56.6716, 59.8655, 62.9041, 65.9344, 68.9972, 72.223, 75.3094, 78.3582, 81.3567, 84.3724, 87.1727, 89.8064, 92.5091, 95.2769, 98.0325, 100.8734, 103.6879, 106.4765, 109.2628, 112.1183, 114.8907, 117.7454, 120.5944, 123.4507, 126.2093, 129.097, 131.9574, 134.7437, 137.5822, 140.3943, 143.2248, 145.9911, 148.6478, 151.2264, 153.911, 156.688]
growth_rate:10.63
