ticker:NKTR
price:[18.920000076293945, 18.81999969482422, 20.170000076293945, 17.610000610351562, 16.280000686645508, 17.8700008392334, 17.139999389648438, 17.540000915527344, 15.84000015258789, 17.420000076293945, 17.270000457763672, 16.760000228881836, 16.790000915527344, 17.399999618530273, 16.75, 18.75, 18.450000762939453, 17.0, 19.209999084472656, 16.979999542236328, 16.559999465942383, 19.700000762939453, 20.18000030517578, 22.860000610351562, 24.920000076293945, 22.690000534057617, 22.309999465942383, 22.81999969482422, 21.670000076293945, 19.989999771118164, 20.399999618530273, 18.6299991607666, 19.0, 19.68000030517578, 19.610000610351562, 20.100000381469727, 18.979999542236328, 18.020000457763672, 18.06999969482422, 17.1299991607666, 17.610000610351562, 17.0, 17.270000457763672, 17.110000610351562, 17.3700008392334, 16.110000610351562, 16.510000228881836, 15.789999961853027, 15.770000457763672, 14.289999961853027, 13.609999656677246, 14.949999809265137]
assets:[0, 100.00006837844849, 207.17413878364562, 280.87950973510743, 359.6659151697159, 494.793518237114, 574.5807715393066, 687.9907499107361, 721.3092549484253, 893.2575379121781, 985.5661131237031, 1056.4615864274979, 1158.3522371627807, 1300.4359514898301, 1351.8556500000002, 1613.270625, 1687.459209779358, 1654.8411999999998, 1969.9700381134032, 1841.2856803607942, 1895.7407148626326, 2355.1981312118533, 2512.5835859970093, 2946.267744664002, 3311.765838139153, 3115.4074123277665, 3163.2321982784274, 3335.5423053932186, 3267.4502855037686, 3114.1361173437117, 3278.0086187028887, 3093.593332641601, 3255.0344, 3471.530405832672, 3559.181773777771, 3748.115411133957, 3639.264970227432, 3555.1929203128816, 3665.05672310257, 3574.400440882873, 3774.5592288238527, 3743.8114, 3903.272245461273, 3967.109342515564, 4127.393593415451, 3927.996733818054, 4125.525461193085, 4045.611155226231, 4140.487739188004, 3851.906643717384, 3768.6102659338953, 4239.656990909672]
shares:[0, 5.3135, 10.2714, 15.95, 22.0925, 27.6885, 33.5228, 39.2241, 45.5372, 51.2777, 57.0681, 63.0347, 68.9906, 74.7377, 80.7078, 86.0411, 91.4612, 97.3436, 102.5492, 108.4385, 114.4771, 119.5532, 124.5086, 128.8831, 132.8959, 137.3031, 141.7854, 146.1675, 150.7822, 155.7847, 160.6867, 166.0544, 171.3176, 176.3989, 181.4983, 186.4734, 191.7421, 197.2915, 202.8255, 208.6632, 214.3418, 220.2242, 226.0146, 231.8591, 237.6162, 243.8235, 249.8804, 256.2135, 262.5547, 269.5526, 276.9001, 283.5891]
growth_rate:-16.87
