ticker:NKTX
price:[27.649999618530273, 31.799999237060547, 33.810001373291016, 30.610000610351562, 29.729999542236328, 29.200000762939453, 32.0, 29.899999618530273, 28.709999084472656, 28.290000915527344, 31.829999923706055, 34.560001373291016, 33.900001525878906, 39.70000076293945, 68.66000366210938, 62.540000915527344, 69.16999816894531, 61.470001220703125, 54.88999938964844, 51.290000915527344, 49.619998931884766, 39.65999984741211, 47.7400016784668, 53.45000076293945, 56.0099983215332, 48.7599983215332, 43.709999084472656, 48.779998779296875, 40.720001220703125, 35.02000045776367, 32.220001220703125, 32.279998779296875, 34.869998931884766, 32.79999923706055, 31.850000381469727, 27.65999984741211, 27.959999084472656, 26.5, 24.350000381469727, 25.420000076293945, 25.030000686645508, 26.479999542236328, 29.40999984741211, 30.920000076293945, 28.559999465942383, 30.780000686645508, 32.13999938964844, 31.760000228881836, 38.45000076293945, 37.63999938964844, 32.20000076293945, 33.93000030517578]
assets:[0, 100.00145760078429, 206.3221523803711, 286.79427871856694, 378.54911117134094, 471.8019323272705, 617.0432, 676.5502813684463, 749.623818095398, 838.657077140808, 1043.6006584985735, 1233.107760999298, 1309.5604489448547, 1633.6153313941957, 2925.293786026001, 2764.549470470429, 3157.6242504119873, 2906.117247711182, 2695.0331020324707, 2618.2776117362973, 2633.0256993217467, 2204.5090235183716, 2753.638522813797, 3182.990305433655, 3435.440459049225, 3090.754889606857, 2870.649818872833, 3303.6205393280034, 2857.7581896698, 2557.727757433319, 2453.227670944214, 2557.7960872741696, 2863.0221843017575, 2793.0642550323487, 2812.167118681526, 2542.2139899757385, 2669.7856765800475, 2630.37675, 2516.969444431114, 2727.5710921863556, 2785.7239384204863, 3047.10121132431, 3484.2615019226073, 3763.155713285446, 3575.9289891319277, 3953.8911582040787, 4228.592225697327, 4278.59607083416, 5279.850289764785, 5268.62127456665, 4607.163229161072, 4954.689368563843]
shares:[0, 3.1447, 6.1024, 9.3693, 12.7329, 16.1576, 19.2826, 22.6271, 26.1102, 29.645, 32.7867, 35.6802, 38.6301, 41.149, 42.6055, 44.2045, 45.6502, 47.277, 49.0988, 51.0485, 53.0638, 55.5852, 57.6799, 59.5508, 61.3362, 63.3871, 65.6749, 67.7249, 70.1807, 73.0362, 76.1399, 79.2378, 82.1056, 85.1544, 88.2941, 91.9094, 95.4859, 99.2595, 103.3663, 107.3002, 111.2954, 115.0718, 118.472, 121.7062, 125.2076, 128.4565, 131.5679, 134.7165, 137.3173, 139.974, 143.0796, 146.0268]
growth_rate:-2.85
