ticker:NLOK
price:[23.389999389648438, 21.1299991607666, 20.8700008392334, 20.899999618530273, 20.559999465942383, 20.989999771118164, 21.100000381469727, 20.84000015258789, 20.56999969482422, 20.389999389648438, 19.799999237060547, 18.270000457763672, 18.110000610351562, 19.270000457763672, 19.59000015258789, 21.239999771118164, 21.040000915527344, 20.780000686645508, 21.040000915527344, 20.450000762939453, 20.670000076293945, 21.06999969482422, 21.06999969482422, 21.469999313354492, 20.459999084472656, 19.510000228881836, 20.190000534057617, 21.479999542236328, 21.1200008392334, 21.610000610351562, 21.420000076293945, 21.93000030517578, 21.6200008392334, 22.25, 21.610000610351562, 21.100000381469727, 26.09000015258789, 26.719999313354492, 27.65999984741211, 28.450000762939453, 28.59000015258789, 26.81999969482422, 26.979999542236328, 27.200000762939453, 27.65999984741211, 26.010000228881836, 25.780000686645508, 24.81999969482422, 23.989999771118164, 26.290000915527344, 25.75, 26.780000686645508]
assets:[0, 99.99983402824401, 198.77006199302673, 299.0560045415878, 394.1907017606735, 502.4355255212784, 605.0678309391022, 697.6127531078338, 788.5735653007507, 881.6737686080932, 956.1617631568909, 982.2774396114349, 1073.6749291854858, 1242.4467685146333, 1363.0780876171111, 1577.8855989967344, 1663.0290243644715, 1742.4778655776977, 1864.2808411216736, 1912.0034963321684, 2032.5720555023195, 2171.906103542328, 2271.906429093933, 2415.0378437631607, 2401.428966542816, 2389.9262530374526, 2573.223644065857, 2837.6346715267177, 2890.075698841286, 3057.127888345337, 3130.248125149345, 3304.778676988983, 3358.06177035141, 3555.9148999999998, 3553.6327793685914, 3569.765584538269, 4513.990075400162, 4722.989670629501, 4989.142046477127, 5231.636500296021, 5357.380063592911, 5125.7069236763, 5256.283980817794, 5399.145751441955, 5590.453847159958, 5356.967627140045, 5409.598004083633, 5308.154054733277, 5230.645206095886, 5832.123852098846, 5812.3312, 6144.823803554726]
shares:[0, 4.7326, 9.5242, 14.3089, 19.1727, 23.9369, 28.6762, 33.4747, 38.3361, 43.2405, 48.291, 53.7645, 59.2863, 64.4757, 69.5803, 74.2884, 79.0413, 83.8536, 88.6065, 93.4965, 98.3344, 103.0805, 107.8266, 112.4843, 117.3719, 122.4975, 127.4504, 132.1059, 136.8407, 141.4682, 146.1367, 150.6967, 155.322, 159.8164, 164.4439, 169.1832, 173.0161, 176.7586, 180.3739, 183.8888, 187.3865, 191.1151, 194.8215, 198.498, 202.1133, 205.958, 209.837, 213.866, 218.0344, 221.8381, 225.7216, 229.4557]
growth_rate:20.49
