ticker:NLSP
price:[2.890000104904175, 3.049999952316284, 3.450000047683716, 3.309999942779541, 2.859999895095825, 2.2799999713897705, 5.849999904632568, 4.150000095367432, 3.7699999809265137, 4.119999885559082, 3.869999885559082, 3.200000047683716, 3.569999933242798, 3.6600000858306885, 3.4000000953674316, 3.359999895095825, 3.450000047683716, 3.450000047683716, 3.3299999237060547, 3.4100000858306885, 3.059999942779541, 3.25, 3.134999990463257, 3.0799999237060547, 3.069999933242798, 2.930000066757202, 2.5999999046325684, 2.556999921798706, 2.359999895095825, 2.299999952316284, 2.4200000762939453, 2.369999885559082]
assets:[0, 100.00004343659879, 213.11478294553757, 304.46670373663903, 363.0738406825304, 389.44337511312966, 1099.2296070802213, 879.7954552177906, 899.2358524505139, 1082.719077925396, 1117.0201259682656, 1023.6342552533388, 1241.9919097753764, 1373.3026702053307, 1375.7457785886288, 1459.5604344303606, 1598.6558470956086, 1698.655823477745, 1739.5719801445007, 1881.3635423544647, 1788.2615185604093, 1999.2973000000002, 2028.5528443290948, 2092.9640521556857, 2186.168749461722, 2186.473873816681, 2040.2155051653385, 2106.4734117772578, 2044.1835291341542, 2092.2128966241357, 2301.3719145540235, 2353.822740340233]
shares:[0, 32.7869, 61.7724, 91.9839, 126.9489, 170.8085, 187.9025, 211.9989, 238.5241, 262.7959, 288.6357, 319.8857, 347.8969, 375.2193, 404.6311, 434.393, 463.3785, 492.364, 522.394, 551.7195, 584.3992, 615.1684, 647.0663, 679.5338, 712.1071, 746.2368, 784.6983, 823.8066, 866.1795, 909.6578, 950.9801, 993.1742]
growth_rate:-24.07
