ticker:NLSPW
price:[0.7699999809265137, 0.8299999833106995, 0.8399999737739563, 0.8389999866485596, 0.890999972820282, 0.6510000228881836, 1.850000023841858, 0.9900000095367432, 0.7260000109672546, 0.9700000286102295, 1.0, 0.800000011920929, 0.8500000238418579, 0.9900000095367432, 0.8999999761581421, 0.7699999809265137, 0.8199999928474426, 0.9679999947547913, 0.8100000023841858, 0.949999988079071, 0.8999999761581421, 0.8999999761581421, 0.9599999785423279, 1.0, 0.8610000014305115, 0.8700000047683716, 0.8299999833106995, 0.8299999833106995, 0.8500000238418579, 0.8600000143051147, 1.0099999904632568, 0.9884999990463257]
assets:[0, 99.99997498924135, 201.2047737180889, 300.96523621058464, 419.6185755996466, 406.59000649509426, 1255.4401711794735, 771.8301434350967, 666.0087424610018, 989.8464231956006, 1120.4602, 996.3681748470425, 1158.6412374990105, 1449.4762399629117, 1417.7056124436258, 1312.9258894778252, 1498.1808229319215, 1868.5842106748821, 1663.5880488966702, 2051.121794261813, 2043.1679758745315, 2143.167963225436, 2386.0458666677177, 2585.4645, 2326.084922364682, 2450.3993834303615, 2437.7372579829753, 2537.7372329722166, 2698.887690701759, 2830.639307084441, 3424.3553766661403, 3451.4607322201373]
shares:[0, 120.4819, 239.5295, 358.719, 470.9524, 624.5622, 678.6163, 779.6264, 917.3674, 1020.4602, 1120.4602, 1245.4602, 1363.1073, 1464.1174, 1575.2285, 1705.0986, 1827.0498, 1930.3556, 2053.8124, 2159.0756, 2270.1867, 2381.2978, 2485.4645, 2585.4645, 2701.6085, 2816.551, 2937.0329, 3057.5148, 3175.1619, 3291.441, 3390.4509, 3491.6143]
growth_rate:11.34
