ticker:NLTX
price:[12.510000228881836, 12.170000076293945, 13.895000457763672, 11.609999656677246, 12.279999732971191, 13.5, 12.449999809265137, 11.4399995803833, 10.489999771118164, 11.1899995803833, 12.75, 12.520000457763672, 13.449999809265137, 11.899999618530273, 12.390000343322754, 11.479999542236328, 14.5600004196167, 14.100000381469727, 14.050000190734863, 13.390000343322754, 13.34000015258789, 12.600000381469727, 13.890000343322754, 12.479999542236328, 13.199999809265137, 12.039999961853027, 12.15999984741211, 11.9399995803833, 11.75, 11.949999809265137, 12.579999923706055, 11.970000267028809, 11.960000038146973, 12.350000381469727, 12.489999771118164, 11.579999923706055, 11.210000038146973, 10.4399995803833, 10.029999732971191, 9.859999656677246, 10.399999618530273, 10.149999618530273, 10.25, 9.600000381469727, 9.210000038146973, 8.430000305175781, 8.010000228881836, 6.989999771118164, 7.03000020980835, 6.809999942779541, 6.239999771118164, 7.809999942779541]
assets:[0, 99.99967362689974, 214.17336855583193, 278.9534617509842, 395.0512754096031, 534.29895, 592.7420009191513, 644.6565603541375, 691.1231449203491, 837.2424826040268, 1053.9621750000001, 1134.9493094966888, 1319.2539912916184, 1267.221439377594, 1419.4009173311233, 1415.1510235710143, 1894.8253506085398, 1934.9613823495865, 2028.0992625323297, 2032.8296821222307, 2125.2394463092805, 2107.3475438007354, 2423.0994478923794, 2277.125676475525, 2508.4989237531663, 2388.0545284338, 2511.855904480362, 2566.4109718066215, 2625.571575, 2770.262100783634, 3016.3090977069855, 2970.0491342563632, 3067.567785784149, 3267.597680930329, 3404.6390456092836, 3256.5831625442506, 3252.5299450681687, 3129.1173902308465, 3106.23073730278, 3153.5828501930237, 3426.2944343242643, 3443.9314105659487, 3577.861925, 3450.973577129364, 3410.7779961271285, 3221.917454637146, 3161.394900335312, 2858.8204343902585, 2975.180448793411, 2982.0737779433725, 2832.472552105522, 3645.130033293724]
shares:[0, 8.2169, 15.4137, 24.027, 32.1703, 39.5777, 47.6098, 56.3511, 65.884, 74.8206, 82.6637, 90.6509, 98.0858, 106.4892, 114.5602, 123.271, 130.1391, 137.2313, 144.3487, 151.817, 159.3133, 167.2498, 174.4492, 182.462, 190.0378, 198.3434, 206.5671, 214.9423, 223.4529, 231.8211, 239.7702, 248.1244, 256.4856, 264.5828, 272.5892, 281.2248, 290.1454, 299.7239, 309.694, 319.836, 329.4514, 339.3036, 349.0597, 359.4764, 370.3342, 382.1966, 394.681, 408.9872, 423.212, 437.8963, 453.9219, 466.726]
growth_rate:-28.53
