ticker:NMFC
price:[9.989999771118164, 10.420000076293945, 9.819999694824219, 9.470000267028809, 9.899999618530273, 9.84000015258789, 9.65999984741211, 9.529999732971191, 9.069999694824219, 10.399999618530273, 10.9399995803833, 11.319999694824219, 11.989999771118164, 12.0600004196167, 11.699999809265137, 11.680000305175781, 11.3100004196167, 11.359999656677246, 11.8100004196167, 11.800000190734863, 11.699999809265137, 11.449999809265137, 11.970000267028809, 12.279999732971191, 12.239999771118164, 12.390000343322754, 12.529999732971191, 13.109999656677246, 12.710000038146973, 12.600000381469727, 12.770000457763672, 12.920000076293945, 12.989999771118164, 13.069999694824219, 13.149999618530273, 13.109999656677246, 12.930000305175781, 13.149999618530273, 13.279999732971191, 13.34000015258789, 13.5, 12.8100004196167, 12.859999656677246, 13.510000228881836, 13.449999809265137, 13.300000190734863, 13.40999984741211, 13.359999656677246, 13.449999809265137, 13.529999732971191, 13.1899995803833, 13.489999771118164]
assets:[0, 99.99969873218537, 194.24155796356203, 287.31886110162736, 400.36489457302093, 497.9384477214813, 588.8301206989288, 680.9060919211388, 748.0400618309021, 957.7307648706436, 1107.4594395220756, 1245.9267104110718, 1419.6699278993606, 1527.9586371639252, 1582.3477542043686, 1679.6424438858032, 1726.4342410531044, 1834.066264570713, 2006.7186602999686, 2105.0197340254786, 2187.180414344311, 2240.445507678509, 2442.1948654809, 2605.4426313446047, 2696.9554295682906, 2830.006173418522, 2961.9829258767127, 3199.090317222691, 3201.4825086087226, 3273.7749391147613, 3417.9455335224147, 3558.0930850109103, 3677.3702112052915, 3800.017456272125, 3923.2774011892316, 4011.343943951512, 4056.269102736664, 4225.285552428246, 4367.056200189018, 4486.787657321548, 4640.6020499999995, 4503.415854518224, 4620.992678633595, 4954.5575099384305, 5032.552803633213, 5076.427862800884, 5218.4129346214295, 5298.955287828446, 5434.651307931042, 5566.976569129848, 5527.082026165581, 5752.792865393638]
shares:[0, 9.5969, 19.7802, 30.3399, 40.4409, 50.6035, 60.9555, 71.4487, 82.4741, 92.0895, 101.2303, 110.0642, 118.4045, 126.6964, 135.2434, 143.805, 152.6467, 161.4495, 169.9169, 178.3915, 186.9385, 195.6721, 204.0263, 212.1696, 220.3395, 228.4105, 236.3913, 244.0191, 251.8869, 259.8234, 267.6543, 275.3942, 283.0924, 290.7435, 298.3481, 305.9759, 313.7099, 321.3145, 328.8446, 336.3409, 343.7483, 351.5547, 359.3307, 366.7326, 374.1675, 381.6863, 389.1434, 396.6284, 404.0633, 411.4543, 419.0358, 426.4487]
growth_rate:12.8
