ticker:NMIH
price:[18.190000534057617, 18.760000228881836, 18.219999313354492, 17.059999465942383, 19.639999389648438, 22.75, 22.969999313354492, 24.5, 21.489999771118164, 22.010000228881836, 22.770000457763672, 22.719999313354492, 22.799999237060547, 23.5, 23.510000228881836, 23.520000457763672, 22.75, 22.649999618530273, 24.1299991607666, 24.329999923706055, 22.56999969482422, 21.209999084472656, 22.030000686645508, 22.3799991607666, 23.389999389648438, 22.860000610351562, 23.040000915527344, 24.639999389648438, 24.149999618530273, 23.040000915527344, 23.200000762939453, 23.170000076293945, 23.1299991607666, 23.979999542236328, 25.84000015258789, 23.899999618530273, 23.649999618530273, 23.860000610351562, 24.190000534057617, 24.049999237060547, 24.790000915527344, 22.670000076293945, 23.43000030517578, 22.309999465942383, 21.489999771118164, 21.40999984741211, 21.040000915527344, 22.020000457763672, 22.530000686645508, 22.729999542236328, 22.389999389648438, 22.979999542236328]
assets:[0, 100.00018122005463, 197.12217257118226, 284.57273309154516, 427.6079587112427, 595.319725, 701.0765370426178, 847.7735, 843.6178780149461, 964.0314070249558, 1097.3182000602721, 1194.90837988739, 1299.1165965286255, 1439.00135, 1539.6134909889222, 1640.2683679241181, 1686.5689750000001, 1779.155205035591, 1995.4085636003497, 2111.948612377357, 2059.1739221572875, 2035.0951701553345, 2213.774942000389, 2348.9465239162446, 2554.9527863296507, 2597.060661340332, 2717.5105079841614, 3006.225301533508, 3046.442756878853, 3006.4205994644162, 3127.2974628421784, 3223.252854613495, 3317.6884376232147, 3539.608598431015, 3914.15795111351, 3720.293060620117, 3781.377154007149, 3914.953672146606, 4069.0991688360214, 4145.548873490524, 4373.104901504516, 4099.12367079525, 4336.54394948349, 4229.248592760086, 4173.80279854641, 4258.264843651581, 4284.676258441925, 4584.247007299805, 4790.421118997383, 4932.94632865448, 4959.158725813294, 5189.837566617965]
shares:[0, 5.3305, 10.819, 16.6807, 21.7723, 26.1679, 30.5214, 34.603, 39.2563, 43.7997, 48.1914, 52.5928, 56.9788, 61.2341, 65.4876, 69.7393, 74.1349, 78.5499, 82.6941, 86.8043, 91.235, 95.9498, 100.4891, 104.9574, 109.2327, 113.6072, 117.9475, 122.0059, 126.1467, 130.487, 134.7973, 139.1132, 143.4366, 147.6067, 151.4767, 155.6608, 159.8891, 164.0802, 168.2141, 172.3721, 176.406, 180.8171, 185.0851, 189.5674, 194.2207, 198.8914, 203.6443, 208.1856, 212.6241, 217.0236, 221.4899, 225.8415]
growth_rate:1.76
