ticker:NMMCU
price:[10.119999885559082, 10.149999618530273, 10.119999885559082, 10.0, 10.026000022888184, 10.184000015258789, 10.100000381469727, 10.279999732971191, 10.149999618530273, 10.170000076293945, 10.5, 10.5, 10.75, 11.149999618530273, 11.0, 10.739999771118164, 11.0, 11.5600004196167, 11.489999771118164, 10.949999809265137, 11.25, 11.15999984741211, 11.25, 10.84000015258789, 10.489999771118164, 10.649999618530273, 10.529999732971191, 10.279999732971191, 10.220000267028809, 10.302000045776367, 10.319999694824219, 10.319999694824219, 10.319999694824219, 10.319999694824219, 10.192999839782715, 10.1850004196167, 10.480999946594238, 10.480999946594238, 10.170000076293945, 10.1899995803833, 10.25, 10.300000190734863, 10.300000190734863, 10.25, 10.25, 10.25, 10.15999984741211, 10.15999984741211, 10.109999656677246, 10.109999656677246]
assets:[0, 99.99982624168396, 199.7040297416687, 297.336, 398.1094011088372, 504.38296875572206, 600.2228226699829, 710.9195495334626, 801.9291398609162, 903.5089087779999, 1032.8262, 1132.8261, 1259.797875, 1406.6739168741226, 1487.75, 1552.585106912613, 1690.1709, 1876.2158121047974, 1964.8543048599242, 1972.5110656414033, 2126.5526250000003, 2209.540469789505, 2327.3595, 2342.540292974472, 2366.9048043563844, 2503.006575345421, 2574.803958705902, 2613.6734841083526, 2698.418352504444, 2820.069492530823, 2924.9964815040585, 3024.996246546936, 3124.9960115898134, 3224.99577663269, 3285.3088362603185, 3382.730948866749, 3581.041155552864, 3681.041424143314, 3671.814456545448, 3779.0347123821257, 3901.286325, 4020.316674448013, 4120.3162862998015, 4200.3147, 4300.314725, 4400.31475, 4461.677572992325, 4561.677371490478, 4639.228114457703, 4739.228143061829]
shares:[0, 9.8522, 19.7336, 29.7336, 39.7077, 49.527, 59.428, 69.1556, 79.0078, 88.8406, 98.3644, 107.8882, 117.1905, 126.1591, 135.25, 144.561, 153.6519, 162.3024, 171.0056, 180.138, 189.0269, 197.9875, 206.8764, 216.1015, 225.6344, 235.0241, 244.5208, 254.2484, 264.0331, 273.74, 283.4299, 293.1198, 302.8097, 312.4996, 322.3103, 332.1287, 341.6698, 351.2109, 361.0437, 370.8572, 380.6133, 390.322, 400.0307, 409.7868, 419.5429, 429.299, 439.1415, 448.984, 458.8752, 468.7664]
growth_rate:-3.28
