ticker:NMMC
price:[9.75, 9.880000114440918, 10.82699966430664, 10.149999618530273, 10.5, 10.399999618530273, 10.329999923706055, 10.460000038146973, 11.0, 10.619999885559082, 10.6899995803833, 10.510000228881836, 10.770000457763672, 10.699999809265137, 10.375, 10.020000457763672, 10.109999656677246, 10.149999618530273, 9.850000381469727, 9.920000076293945, 10.039999961853027, 9.949999809265137, 9.899999618530273, 9.899999618530273, 9.789999961853027, 9.800000190734863, 9.880000114440918, 9.779999732971191, 9.744999885559082, 9.760000228881836, 9.739999771118164, 9.739999771118164, 9.75, 9.75, 9.720000267028809, 9.75, 9.770000457763672, 9.760000228881836, 9.75, 9.680000305175781, 9.720000267028809]
assets:[0, 100.00042115831374, 209.58581140174866, 296.48047385730746, 406.70385, 502.83062155628204, 599.4457635726928, 706.9893105783462, 843.4877, 914.3490681469918, 1020.3754259469987, 1103.1937350248336, 1230.4854763000487, 1322.487876425743, 1382.31935, 1435.0203775588989, 1547.9096954349518, 1654.033787836075, 1705.1463710367202, 1817.2636619764328, 1939.247076631832, 2021.863841242218, 2111.7035786312103, 2211.703474777985, 2287.129022088146, 2389.4654465055464, 2508.971689061642, 2583.57666145916, 2674.3310380938533, 2778.4475851573948, 2872.7535184926987, 2972.7531221427917, 3075.8052, 3175.8050999999996, 3266.033813724804, 3376.113975, 3483.039358194351, 3579.474227942276, 3675.8065500000002, 3749.4164702056887, 3864.9102461771968]
shares:[0, 10.1215, 19.3577, 29.2099, 38.7337, 48.3491, 58.0296, 67.5898, 76.6807, 86.0969, 95.4514, 104.9661, 114.2512, 123.597, 133.2356, 143.2156, 153.1068, 162.959, 173.1113, 183.1919, 193.1521, 203.2024, 213.3034, 223.4044, 233.6189, 243.823, 253.9445, 264.1694, 274.4311, 284.677, 294.9439, 305.2108, 315.4672, 325.7236, 336.0117, 346.2681, 356.5035, 366.7494, 377.0058, 387.3364, 397.6245]
growth_rate:-3.38
