ticker:NMRD
price:[3.9700000286102295, 4.0, 3.75, 3.6600000858306885, 3.549999952316284, 3.690000057220459, 4.010000228881836, 3.809999942779541, 3.549999952316284, 3.6700000762939453, 3.990000009536743, 4.019999980926514, 4.260000228881836, 3.700000047683716, 3.6600000858306885, 4.349999904632568, 4.210000038146973, 3.7699999809265137, 3.9800000190734863, 4.119999885559082, 5.059999942779541, 4.25, 6.940000057220459, 7.920000076293945, 7.909999847412109, 6.210000038146973, 7.070000171661377, 8.029999732971191, 8.180000305175781, 7.590000152587891, 7.5, 6.960000038146973, 5.730000019073486, 5.289999961853027, 4.800000190734863, 8.5600004196167, 9.239999771118164, 11.890000343322754, 13.609999656677246, 15.039999961853027, 14.359999656677246, 9.649999618530273, 10.199999809265137, 9.510000228881836, 9.270000457763672, 8.0600004196167, 7.960000038146973, 7.579999923706055, 7.230000019073486, 7.03000020980835, 6.929999828338623, 6.78000020980835]
assets:[0, 100.0, 193.750125, 289.1001127796888, 380.4112498903036, 495.41350368232725, 638.3763974370956, 706.5370573888779, 758.3218798141955, 883.9554843761445, 1061.0307775360347, 1169.0083564534664, 1338.8000699312208, 1262.807426274419, 1349.1554536390543, 1703.504332653141, 1748.6790878448487, 1665.9192595716477, 1858.7157289075851, 2024.097439776802, 2585.9058867575645, 2271.9565, 3809.9711994133, 4447.97896284771, 4542.362499375535, 3666.128170520401, 4273.837020769834, 4954.159727254868, 5146.7032260108945, 4875.485933015823, 4917.6735, 4663.600921560669, 3939.430021113205, 3736.925801052475, 3490.7833387112614, 6325.229982066822, 6927.700916395569, 9014.541684294129, 10418.578588183307, 11613.25629054451, 11188.188780509758, 7618.525123835564, 8152.741527547837, 7701.232421349334, 7606.879872636795, 6713.964229539872, 6730.664000255584, 6509.350706482315, 6308.787397643232, 6234.2709710600375, 6245.589580291987, 6210.404256182098]
shares:[0, 25.0, 51.6667, 78.9891, 107.1581, 134.2584, 159.1961, 185.4428, 213.6118, 240.8598, 265.9225, 290.7981, 314.2723, 341.2993, 368.6217, 391.6102, 415.3632, 441.8884, 467.014, 491.2858, 511.0486, 534.578, 548.9872, 561.6135, 574.2557, 590.3588, 604.5031, 616.9564, 629.1813, 642.3565, 655.6898, 670.0576, 687.5096, 706.4132, 727.2465, 738.9287, 749.7512, 758.1616, 765.5091, 772.158, 779.1218, 789.4845, 799.2884, 809.8036, 820.5911, 832.998, 845.5608, 858.7534, 872.5847, 886.8095, 901.2395, 915.9888]
growth_rate:21.77
