ticker:NMRK
price:[4.320000171661377, 4.25, 4.385000228881836, 4.21999979019165, 4.650000095367432, 4.989999771118164, 5.139999866485596, 5.010000228881836, 4.735000133514404, 5.610000133514404, 6.309999942779541, 6.329999923706055, 7.179999828338623, 7.760000228881836, 7.440000057220459, 7.590000152587891, 7.300000190734863, 7.289999961853027, 7.170000076293945, 7.090000152587891, 7.329999923706055, 6.760000228881836, 8.020000457763672, 8.710000038146973, 10.010000228881836, 10.020000457763672, 10.149999618530273, 10.949999809265137, 10.84000015258789, 10.550000190734863, 10.5600004196167, 10.449999809265137, 10.609999656677246, 10.569999694824219, 10.75, 12.779999732971191, 13.180000305175781, 12.65999984741211, 12.899999618530273, 12.859999656677246, 13.0600004196167, 12.180000305175781, 12.510000228881836, 11.869999885559082, 11.550000190734863, 11.399999618530273, 11.9399995803833, 12.880000114440918, 13.25, 13.3100004196167, 13.239999771118164, 13.390000343322754]
assets:[0, 99.99995, 203.17635460510255, 295.53122730689046, 425.64473372960094, 556.7672084621429, 673.503948505354, 756.4699545593261, 814.9470284793377, 1065.544351359272, 1298.5001832249166, 1402.6159420946121, 1690.9610415720463, 1927.556896853447, 1948.0702709824561, 2087.345675963593, 2107.5918150672915, 2204.7044824632644, 2268.4130761375427, 2343.103250427246, 2522.418631745529, 2426.2688621492384, 2978.5022560062407, 3334.757648605156, 3932.482643917465, 4036.4108924034117, 4188.778982572174, 4618.92891954422, 4672.528949772262, 4647.526174023246, 4751.931548824787, 4802.432217345333, 4975.962518985748, 5057.202612989044, 5243.3232499999995, 6333.4573136670115, 6631.688493553162, 6470.043576018143, 6692.697822088242, 6771.944647209739, 6977.263432178879, 6607.126425544739, 6886.137131988144, 6633.848560041809, 6555.008568248367, 6569.877920157051, 6981.082536658382, 7630.68265179987, 7949.887374999999, 8085.8864809190745, 8143.361159224511, 8335.620675727272]
shares:[0, 23.5294, 46.3344, 70.0311, 91.5365, 111.5766, 131.0319, 150.992, 172.1113, 189.9366, 205.7845, 221.5823, 235.5099, 248.3965, 261.8374, 275.0126, 288.7112, 302.4286, 316.3756, 330.48, 344.1226, 358.9155, 371.3843, 382.8654, 392.8554, 402.8354, 412.6876, 421.82, 431.0451, 440.5238, 449.9935, 459.5629, 468.988, 478.4487, 487.751, 495.5757, 503.163, 511.0619, 518.8138, 526.5898, 534.2468, 542.457, 550.4506, 558.8752, 567.5332, 576.3051, 584.6803, 592.4443, 599.9915, 607.5046, 615.0575, 622.5258]
growth_rate:63.44
