ticker:NMTC
price:[4.769999980926514, 3.4800000190734863, 4.230000019073486, 4.230000019073486, 3.375, 3.9600000381469727, 3.450000047683716, 3.3299999237060547, 3.180000066757202, 0.9900000095367432, 0.949999988079071, 1.090000033378601, 1.0199999809265137, 1.159999966621399, 1.2350000143051147, 1.1200000047683716, 4.590000152587891, 4.710000038146973, 1.649999976158142, 1.590000033378601, 2.369999885559082, 2.200000047683716, 8.430009841918945, 10.949999809265137, 8.610010147094727, 7.950009822845459, 9.240010261535645, 7.812009811401367, 8.700010299682617, 7.890009880065918, 7.349999904632568, 8.270000457763672, 7.5, 6.599999904632568, 6.75, 6.75, 6.360000133514404, 6.699999809265137, 7.388000011444092, 7.489999771118164, 7.25, 7.052999973297119, 6.820000171661377, 6.739999771118164, 5.96999979019165, 5.630000114440918, 5.21999979019165, 4.75, 5.0, 4.429999828338623, 3.884000062942505, 3.7799999713897705]
assets:[0, 99.99988854808808, 221.55174999899864, 321.5519114499092, 356.557275, 518.3604409934044, 551.6018776238918, 632.415603510666, 703.9283127774477, 319.1474910743713, 406.25267490220074, 566.1214923360944, 629.765022223711, 816.2033525140286, 968.9752067237257, 978.7467241669893, 4111.113961668015, 4318.593853976918, 1612.8832266944646, 1654.2330137270333, 2565.743390107155, 2481.7027937894586, 9609.444931892967, 12582.004205837728, 9993.259076285362, 9327.22579950118, 10940.698830243111, 9349.864876452255, 10512.67484564209, 9633.909570820331, 9074.542877256345, 10310.404742704774, 9450.42675, 8416.37531838665, 8707.6566, 8807.6565, 8398.770044313957, 8947.760635276127, 9966.576029038335, 10204.175705177498, 9977.206400000001, 9806.101837273789, 9582.152073185538, 9569.750931023407, 8576.470654590417, 8188.028950437927, 7691.74224884448, 7099.190874999999, 7572.8324999999995, 6809.529493132448, 6070.251652771997, 6007.711202528572]
shares:[0, 28.7356, 52.3763, 76.017, 105.6466, 130.8991, 159.8846, 189.9146, 221.3611, 322.3712, 427.6344, 519.3775, 617.4167, 703.6236, 784.5953, 873.881, 895.6675, 916.8989, 977.505, 1040.3981, 1082.5922, 1128.0467, 1139.9091, 1149.0415, 1160.6559, 1173.2345, 1184.057, 1196.8578, 1208.352, 1221.0263, 1234.6317, 1246.7236, 1260.0569, 1275.2084, 1290.0232, 1304.838, 1320.5613, 1335.4867, 1349.0222, 1362.3733, 1376.1664, 1390.3448, 1405.0076, 1419.8444, 1436.5948, 1454.3568, 1473.5139, 1494.5665, 1514.5665, 1537.1399, 1562.8866, 1589.3416]
growth_rate:17.8
