ticker:NMTR
price:[0.609000027179718, 0.6549999713897705, 0.6700000166893005, 0.7649999856948853, 0.8500000238418579, 0.8299999833106995, 0.7699999809265137, 0.7699999809265137, 0.6499999761581421, 0.7229999899864197, 0.8299999833106995, 1.0299999713897705, 1.0700000524520874, 0.9300000071525574, 0.75, 1.0099999904632568, 0.8870000243186951, 0.859000027179718, 1.399999976158142, 1.3200000524520874, 1.25, 1.3899999856948853, 1.7799999713897705, 1.9700000286102295, 1.940000057220459, 1.659999966621399, 1.3799999952316284, 1.690000057220459, 1.840000033378601, 1.4199999570846558, 1.2100000381469727, 1.149999976158142, 1.100000023841858, 1.159999966621399, 1.2200000286102295, 1.1699999570846558, 1.149999976158142, 1.2000000476837158, 1.2799999713897705, 1.3799999952316284, 1.4600000381469727, 1.340000033378601, 1.2000000476837158, 1.0800000429153442, 1.190000057220459, 1.0800000429153442, 1.1299999952316284, 1.0800000429153442, 1.0800000429153442, 1.0399999618530273, 1.100000023841858, 1.2699999809265137]
assets:[0, 100.00002463202476, 202.2900900389254, 330.97303631097077, 467.74787311997414, 556.7419938052594, 616.4955567289352, 716.4955312518597, 704.8339091468453, 883.9922052566707, 1114.8181295836926, 1483.4490127943516, 1641.0587594457506, 1526.3407497389674, 1330.919925, 1892.305480132246, 1761.8564861044526, 1806.23980135144, 3043.813308164167, 2969.8813180124757, 2912.3875, 3338.5748016412263, 4375.297245675135, 4942.32346377716, 4967.05974650383, 4350.164372528672, 3716.401811158562, 4651.245873483085, 5164.078221679187, 4085.3209905331255, 3581.1539859009745, 3503.575897363686, 3451.2466648037553, 3739.4963003972766, 4032.9187145760056, 3967.634941468012, 3999.812157075691, 4273.717249822259, 4658.63144787147, 5122.58716829971, 5519.548832215119, 5165.887326679171, 4726.167787801027, 4353.551020994568, 4896.968283467864, 4544.307324574542, 4854.691741514182, 4739.882588346004, 4839.882600319647, 4760.627281381226, 5135.279161304175, 6028.913048454809]
shares:[0, 152.6718, 301.9255, 432.6445, 550.2916, 670.7735, 800.6436, 930.5137, 1084.3599, 1222.6725, 1343.1544, 1440.2418, 1533.6997, 1641.2266, 1774.5599, 1873.5698, 1986.3094, 2102.7238, 2174.1524, 2249.91, 2329.91, 2401.8524, 2458.0322, 2508.7936, 2560.34, 2620.581, 2693.0448, 2752.2164, 2806.5642, 2876.9867, 2959.6313, 3046.5878, 3137.4969, 3223.7038, 3305.671, 3391.1411, 3478.0976, 3561.4309, 3639.5559, 3712.0197, 3780.5128, 3855.1397, 3938.473, 4031.0656, 4115.0992, 4207.6918, 4296.1874, 4388.78, 4481.3726, 4577.5264, 4668.4355, 4747.1757]
growth_rate:18.21
