ticker:NNBR
price:[4.559999942779541, 4.710000038146973, 5.690000057220459, 5.25, 5.78000020980835, 6.380000114440918, 6.300000190734863, 6.170000076293945, 5.360000133514404, 5.650000095367432, 6.150000095367432, 6.929999828338623, 6.440000057220459, 6.769999980926514, 6.25, 6.110000133514404, 6.199999809265137, 6.570000171661377, 6.389999866485596, 6.090000152587891, 6.21999979019165, 6.03000020980835, 7.0, 7.03000020980835, 6.989999771118164, 6.110000133514404, 6.730000019073486, 7.820000171661377, 7.929999828338623, 7.050000190734863, 7.239999771118164, 7.139999866485596, 7.920000076293945, 7.710000038146973, 7.300000190734863, 7.539999961853027, 7.690000057220459, 8.229999542236328, 7.510000228881836, 7.550000190734863, 7.309999942779541, 6.849999904632568, 7.340000152587891, 7.300000190734863, 7.119999885559082, 6.849999904632568, 6.670000076293945, 6.840000152587891, 6.610000133514404, 5.820000171661377, 5.25, 5.449999809265137]
assets:[0, 99.99989480991364, 220.80671122050285, 303.73192500000005, 434.3941817680836, 579.4871163945198, 672.2207303517342, 758.3497733772277, 758.7932429010868, 899.8472651886939, 1079.4799967393876, 1316.3895033920287, 1323.311819757843, 1491.1209297989844, 1476.58875, 1543.5131217285157, 1666.2487087400436, 1865.6862337467671, 1914.5717599964141, 1924.6860842239378, 2065.771402318954, 2102.6689121604445, 2540.909, 2651.799033142185, 2736.710730388641, 2492.1749604584693, 2845.0630900631904, 3405.853276763868, 3553.76122507143, 3259.396978181648, 3447.23901102066, 3499.625238558769, 3981.9376463582994, 3976.3561906739233, 3864.9026109824185, 4091.967781297588, 4273.373019797707, 4673.453797056199, 4364.5980980196, 4487.84468837595, 4445.184649204445, 4265.460005615187, 4670.580823094559, 4745.1278739809995, 4728.12421200409, 4648.827100277853, 4626.668230921555, 4844.589480073929, 4781.686655584574, 4310.199007129669, 3988.0659, 4239.991941612053]
shares:[0, 21.2314, 38.8061, 57.8537, 75.1547, 90.8287, 106.7017, 122.9092, 141.5659, 159.265, 175.5252, 189.9552, 205.4832, 220.2542, 236.2542, 252.6208, 268.7498, 283.9705, 299.62, 316.0404, 332.1176, 348.7013, 362.987, 377.2118, 391.518, 407.8846, 422.7434, 435.5311, 448.1414, 462.3258, 476.138, 490.1436, 502.7699, 515.7401, 529.4387, 542.7013, 555.7052, 567.8559, 581.1715, 594.4165, 608.0964, 622.6949, 636.3189, 650.0175, 664.0624, 678.6609, 693.6534, 708.2733, 723.4019, 740.584, 759.6316, 777.9802]
growth_rate:-16.86
