ticker:NNDM
price:[1.3799999952316284, 1.5199999809265137, 1.5800000429153442, 1.5499999523162842, 2.359999895095825, 2.619999885559082, 4.909999847412109, 3.9800000190734863, 3.0399999618530273, 3.9800000190734863, 3.680000066757202, 4.429999828338623, 6.53000020980835, 7.440000057220459, 6.139999866485596, 7.150000095367432, 8.8100004196167, 9.100000381469727, 9.130000114440918, 10.380000114440918, 14.390000343322754, 13.739999771118164, 14.899999618530273, 15.600000381469727, 13.869999885559082, 9.84000015258789, 7.610000133514404, 11.3100004196167, 10.199999809265137, 8.75, 8.329999923706055, 7.820000171661377, 7.320000171661377, 7.489999771118164, 7.340000152587891, 6.670000076293945, 6.230000019073486, 6.179999828338623, 7.099999904632568, 7.690000057220459, 7.760000228881836, 7.679999828338623, 8.770000457763672, 7.699999809265137, 7.269999980926514, 6.630000114440918, 6.420000076293945, 6.329999923706055, 6.239999771118164, 5.78000020980835, 5.639999866485596, 6.070000171661377]
assets:[0, 100.00003874516487, 203.9473535395384, 300.07487576858995, 556.8882312458039, 718.2402186274528, 1446.0150860622405, 1272.1262120964527, 1071.6741625522614, 1503.047007203102, 1489.751979024911, 1893.3699656323909, 2890.904228884506, 3393.771650101233, 2900.773554922628, 3477.936651389074, 4385.40148287487, 4629.756234078217, 4745.019008476925, 5494.665516579436, 7717.364379124166, 7468.768465584754, 8199.319300081062, 8684.523332364273, 7821.431635465621, 5648.874471596527, 4468.692530401421, 6741.381169114589, 6179.759644441604, 5401.26475, 5242.003977988815, 5021.064928220319, 4800.02496456542, 5011.500424856949, 5011.137012174225, 4653.71708223095, 4446.725436613893, 4511.037108697271, 5282.583109044171, 5821.558436317588, 5974.550664219856, 6012.956793599939, 6966.358655619812, 6216.414666014672, 5969.264670339107, 5543.7727196914675, 5468.177926982688, 5491.521170812035, 5513.442277768135, 5207.0027790091035, 5180.881317354202, 5675.87809551549]
shares:[0, 65.7895, 129.0806, 193.5967, 235.9696, 274.1375, 294.5041, 319.6297, 352.5244, 377.65, 404.8239, 427.3973, 442.7112, 456.1521, 472.4387, 486.4247, 497.7754, 508.7644, 519.7173, 529.3512, 536.3005, 543.5785, 550.2899, 556.7002, 563.91, 574.0726, 587.2132, 596.0549, 605.8588, 617.2874, 629.2922, 642.0799, 655.7411, 669.0922, 682.7162, 697.7087, 713.7601, 729.9413, 744.0258, 757.0297, 769.9163, 782.9371, 794.3396, 807.3266, 821.0818, 836.1648, 851.7411, 867.5389, 883.5645, 900.8655, 918.596, 935.0705]
growth_rate:11.29
