ticker:NNOX
price:[36.400001525878906, 64.19000244140625, 34.880001068115234, 28.479999542236328, 37.439998626708984, 36.79999923706055, 35.20000076293945, 30.739999771118164, 27.600000381469727, 34.06999969482422, 36.06999969482422, 36.7400016784668, 52.29999923706055, 57.040000915527344, 46.2599983215332, 49.630001068115234, 52.459999084472656, 45.65999984741211, 53.2400016784668, 49.68000030517578, 65.8499984741211, 75.77999877929688, 69.7699966430664, 66.1500015258789, 56.849998474121094, 45.27000045776367, 39.40999984741211, 43.970001220703125, 48.11000061035156, 39.5099983215332, 41.33000183105469, 39.279998779296875, 33.68000030517578, 33.849998474121094, 33.54999923706055, 29.09000015258789, 21.90999984741211, 22.889999389648438, 25.0, 27.520000457763672, 29.670000076293945, 30.010000228881836, 31.649999618530273, 30.479999542236328, 31.200000762939453, 26.059999465942383, 27.850000381469727, 28.350000381469727, 30.049999237060547, 27.190000534057617, 22.56999969482422, 24.520000457763672]
assets:[0, 100.0016048034668, 154.3405167263031, 226.0201243671417, 397.12606543350216, 490.3379098342896, 569.0185723331451, 596.9216115554809, 635.9481687896729, 885.0261610725403, 1036.980028226471, 1156.2409188228607, 1745.9256445308686, 2004.1631761680603, 1725.3961653968813, 1951.0893429904938, 2162.34345626297, 1982.0549333763122, 2411.0959280132297, 2349.8739504348755, 3214.717905508423, 3799.4878907958982, 3598.157335877228, 3511.46699099884, 3117.7903563171385, 2582.7169041160582, 2348.3945989074705, 2720.1205825164798, 3076.2352260269163, 2626.3362654277803, 2847.3147521453857, 2806.08455279541, 2506.0311507072447, 2618.6798869560243, 2695.4706837039944, 2437.1456677837373, 1935.6082625198362, 2122.184490412903, 2417.8075, 2761.5219659347536, 3077.2655959129333, 3212.52851050148, 3488.089487958908, 3459.144668048859, 3640.856009030533, 3141.048219629288, 3456.8005323488237, 3618.860538694382, 3935.864760072327, 3661.2695219135285, 3139.164206554413, 3510.381345535278]
shares:[0, 1.5579, 4.4249, 7.9361, 10.607, 13.3244, 16.1653, 19.4184, 23.0416, 25.9767, 28.7491, 31.4709, 33.3829, 35.1361, 37.2978, 39.3127, 41.2189, 43.409, 45.2873, 47.3002, 48.8188, 50.1384, 51.5717, 53.0834, 54.8424, 57.0514, 59.5888, 61.8631, 63.9417, 66.4727, 68.8922, 71.438, 74.4071, 77.3613, 80.3419, 83.7795, 88.3436, 92.7123, 96.7123, 100.346, 103.7164, 107.0486, 110.2082, 113.489, 116.6941, 120.5314, 124.1221, 127.6494, 130.9772, 134.655, 139.0857, 143.164]
growth_rate:-31.17
