ticker:NOACU
price:[10.1899995803833, 10.300000190734863, 10.569999694824219, 10.75, 10.760000228881836, 11.0600004196167, 11.100000381469727, 10.850000381469727, 11.140000343322754, 11.25, 11.850000381469727, 11.5, 13.0, 12.899999618530273, 12.829999923706055, 12.239999771118164, 11.34000015258789, 11.510000228881836, 11.270000457763672, 10.59000015258789, 10.609999656677246, 11.279999732971191, 11.289999961853027, 10.880000114440918, 11.140000343322754, 10.755000114440918, 10.557000160217285, 10.539999961853027, 10.520999908447266, 10.460000038146973, 10.529999732971191, 10.510000228881836, 10.5, 10.5, 10.359999656677246, 10.460000038146973, 10.4399995803833, 10.449999809265137, 10.329999923706055, 10.260000228881836, 10.199999809265137, 10.170000076293945, 10.199999809265137]
assets:[0, 99.99961185178758, 202.62055214996337, 306.07077499999997, 406.35571264381406, 517.6854396409989, 619.5576212921143, 705.6037348079682, 824.4636274090766, 932.6047500000001, 1082.3434848423005, 1150.37605, 1400.425, 1489.6519659490586, 1581.5682035951615, 1608.8378099155427, 1590.5404834018707, 1714.3846080913543, 1778.6371072444917, 1771.3194315223693, 1874.6649243388176, 2093.0456864518164, 2194.901311583805, 2215.193047300434, 2368.1301329832077, 2386.2871603918074, 2442.355652866173, 2538.4230248127938, 2633.8471069805146, 2718.5759759144785, 2836.769292062759, 2931.380948838234, 3028.59165, 3128.59155, 3186.8767903892517, 3317.6379600992204, 3411.2938748892784, 3514.5617008517265, 3574.2026996021273, 3649.9827694244386, 3728.637470276356, 3817.6705636396405, 3928.931806530952]
shares:[0, 9.7087, 19.1694, 28.4717, 37.7654, 46.807, 55.816, 65.0326, 74.0093, 82.8982, 91.337, 100.0327, 107.725, 115.4769, 123.2711, 131.441, 140.2593, 148.9474, 157.8205, 167.2634, 176.6885, 185.5537, 194.4111, 203.6023, 212.579, 221.877, 231.3494, 240.8371, 250.3419, 259.9021, 269.3988, 278.9135, 288.4373, 297.9611, 307.6136, 317.1738, 326.7523, 336.3217, 346.0022, 355.7488, 365.5527, 375.3855, 385.1894]
growth_rate:-6.45
