ticker:NOACW
price:[1.399999976158142, 1.875, 1.899999976158142, 1.8700000047683716, 1.5700000524520874, 1.0800000429153442, 1.3300000429153442, 1.159999966621399, 0.8690000176429749, 0.7649999856948853, 1.090000033378601, 0.8500000238418579, 0.8109999895095825, 0.8100000023841858, 0.7799999713897705, 0.699999988079071, 0.7099999785423279, 0.7549999952316284, 0.7200000286102295, 0.7400000095367432, 0.75, 0.7080000042915344, 0.703000009059906, 0.7300000190734863, 0.7200000286102295, 0.699999988079071, 0.7089999914169312, 0.6700000166893005, 0.6000000238418579, 0.5299999713897705, 0.5199999809265137, 0.5]
assets:[0, 99.9999375, 201.33330747359992, 298.154296760273, 350.32211870390177, 340.98592954956297, 519.9178977762818, 553.4622000743151, 514.6195510481239, 553.031035658598, 887.9788821921944, 792.4606322279215, 856.1006721261979, 955.0450828111171, 1019.6729805986167, 1015.091122713101, 1129.5924288613737, 1301.1863197820664, 1340.866493281245, 1478.1127230491638, 1598.0871750000001, 1608.5942761504768, 1697.234151773089, 1862.419556661415, 1936.9069969657658, 1983.1038862279415, 2108.60092817353, 2092.6130621257425, 1973.9818984389901, 1843.6838704750537, 1908.8974139820577, 1935.47835]
shares:[0, 53.3333, 105.9649, 159.4408, 223.1351, 315.7277, 390.9157, 477.1226, 592.1974, 722.9164, 814.6595, 932.3066, 1055.6112, 1179.068, 1307.2731, 1450.1302, 1590.9753, 1723.4256, 1862.3145, 1997.4496, 2130.7829, 2272.0258, 2414.2733, 2551.2596, 2690.1485, 2833.0056, 2974.0493, 3123.303, 3289.9697, 3478.649, 3670.9567, 3870.9567]
growth_rate:-37.57
