ticker:NOAC
price:[10.25, 11.170000076293945, 11.050000190734863, 11.244999885559082, 10.8100004196167, 10.199999809265137, 10.199999809265137, 10.1899995803833, 9.880000114440918, 9.869999885559082, 10.229999542236328, 10.109999656677246, 10.079999923706055, 10.449999809265137, 10.170000076293945, 9.949999809265137, 9.850000381469727, 9.850000381469727, 9.779999732971191, 9.800000190734863, 9.819999694824219, 9.760000228881836, 9.819999694824219, 9.779999732971191, 9.800000190734863, 9.779999732971191, 9.760000228881836, 9.75, 9.649999618530273, 9.6899995803833, 9.699999809265137, 9.6899995803833]
assets:[0, 100.00054268302918, 198.92652343368533, 302.4365209220886, 390.73719416742324, 468.6879512357712, 568.6877293658257, 668.129740486908, 747.8043646618843, 847.0473381786347, 977.9429442398072, 1066.4715117839814, 1163.3065831951142, 1306.007536162567, 1371.013642285156, 1441.3559773701668, 1526.8702291324616, 1626.8703880052567, 1715.3082851659774, 1818.8163353991508, 1922.5281162536621, 2010.7815991548537, 2123.142854019165, 2214.4941415364265, 2319.023045134544, 2414.2897560812953, 2509.3526668468476, 2606.78145, 2680.0451790563584, 2791.1539911315917, 2894.0347130934715, 2991.050930475235]
shares:[0, 8.9526, 18.0024, 26.8952, 36.1459, 45.9498, 55.7537, 65.5672, 75.6887, 85.8204, 95.5956, 105.4868, 115.4074, 124.9768, 134.8096, 144.8599, 155.0122, 165.1645, 175.3894, 185.5935, 195.7768, 206.0227, 216.206, 226.4309, 236.635, 246.8599, 257.1058, 267.3622, 277.7249, 288.0448, 298.3541, 308.674]
growth_rate:-3.51
