ticker:NODK
price:[16.799999237060547, 15.829999923706055, 15.899999618530273, 16.010000228881836, 16.3799991607666, 17.100000381469727, 16.770000457763672, 16.360000610351562, 16.709999084472656, 16.510000228881836, 17.100000381469727, 17.34000015258789, 17.700000762939453, 17.3799991607666, 17.639999389648438, 17.079999923706055, 16.729999542236328, 16.420000076293945, 17.350000381469727, 16.979999542236328, 17.18000030517578, 17.0, 17.219999313354492, 18.020000457763672, 17.06999969482422, 17.829999923706055, 18.75, 19.399999618530273, 19.420000076293945, 18.93000030517578, 19.1200008392334, 18.739999771118164, 19.209999084472656, 19.34000015258789, 19.149999618530273, 18.68000030517578, 19.280000686645508, 19.700000762939453, 19.059999465942383, 19.3799991607666, 20.040000915527344, 20.25, 20.110000610351562, 19.219999313354492, 19.40999984741211, 20.049999237060547, 20.31999969482422, 19.770000457763672, 19.959999084472656, 19.209999084472656, 18.799999237060547, 19.559999465942383]
assets:[0, 99.99969251804352, 200.44175519104004, 301.8285293149948, 408.8038290548325, 526.7740617513656, 616.6077618312836, 701.5331861724853, 816.5407892623901, 906.7671855707168, 1039.1721531820297, 1153.7567921527864, 1277.7099550743103, 1354.6093005895616, 1474.87329296875, 1528.0519451744078, 1596.7395973102568, 1667.1521637462617, 1861.5769659299851, 1921.8778521881102, 2044.5145263175964, 2123.0943, 2250.5695322587967, 2455.1259523677822, 2425.6930456336977, 2633.6906847305295, 2869.584375, 3069.0624796518323, 3172.225940462494, 3192.184881462097, 3324.2243779100418, 3358.1573609849934, 3542.3795401741027, 3666.3515189266204, 3730.331835691452, 3738.7777770805355, 3958.86665299263, 4145.106710531235, 4110.443270826148, 4279.454592682076, 4525.19453073349, 4672.6146, 4740.311244871521, 4630.520674571991, 4776.296302452088, 5033.7828834552765, 5201.570417880249, 5160.780689495086, 5310.377716423034, 5210.839037657165, 5199.622948989487, 5509.821041562271]
shares:[0, 6.3171, 12.6064, 18.8525, 24.9575, 30.8055, 36.7685, 42.881, 48.8654, 54.9223, 60.7703, 66.5373, 72.187, 77.9407, 83.6096, 89.4644, 95.4417, 101.5318, 107.2955, 113.1848, 119.0055, 124.8879, 130.6951, 136.2445, 142.1027, 147.7112, 153.0445, 158.1991, 163.3484, 168.631, 173.8611, 179.1973, 184.4029, 189.5735, 194.7954, 200.1487, 205.3354, 210.4115, 215.6581, 220.8181, 225.8081, 230.7464, 235.7191, 240.922, 246.074, 251.0615, 255.9828, 261.041, 266.051, 271.2566, 276.5757, 281.6882]
growth_rate:8.04
