ticker:NOTV
price:[4.860000133514404, 4.989999771118164, 5.199999809265137, 5.199999809265137, 5.239999771118164, 4.980000019073486, 5.519999980926514, 6.159999847412109, 6.239999771118164, 6.480000019073486, 7.099999904632568, 7.199999809265137, 8.529999732971191, 9.6899995803833, 12.300000190734863, 12.970000267028809, 15.600000381469727, 14.65999984741211, 11.550000190734863, 12.430000305175781, 18.950000762939453, 20.5, 19.899999618530273, 22.5, 21.1200008392334, 23.6200008392334, 27.899999618530273, 23.139999389648438, 26.389999389648438, 24.8799991607666, 28.799999237060547, 28.920000076293945, 28.75, 28.049999237060547, 26.209999084472656, 28.59000015258789, 27.56999969482422, 28.809999465942383, 26.1200008392334, 27.31999969482422, 29.139999389648438, 26.139999389648438, 26.299999237060547, 26.049999237060547]
assets:[0, 100.00009441318511, 204.20867250967024, 304.2088288416862, 406.54905024204254, 486.3766818628311, 639.1160857916354, 813.2166918560029, 923.7776781160355, 1059.3076351180077, 1260.661073066759, 1378.4169234844207, 1733.0408987477301, 2068.718010416031, 2725.9272722706796, 2974.41275523777, 3677.551889927864, 3555.955950988007, 2901.588737916374, 3222.6627861213688, 5013.069206829453, 5523.10795, 5461.455395307541, 6275.0115000000005, 5990.1433420269, 6799.203839579963, 8131.234478823661, 6843.969523480225, 7905.20084816742, 7552.876081232072, 8842.878485743713, 8979.723647689438, 9026.939375, 8907.153837731934, 8422.86889478531, 9287.707423569489, 9056.35064875412, 9563.672349715996, 8770.709705802154, 9273.650956409454, 9991.441398724366, 9062.810980389406, 9218.283862585831, 9230.658324657059]
shares:[0, 20.0401, 39.2709, 58.5017, 77.5857, 97.666, 115.7819, 132.0157, 148.0413, 163.4734, 177.5579, 191.4468, 203.1701, 213.49, 221.6201, 229.3302, 235.7405, 242.5618, 251.2198, 259.2649, 264.5419, 269.4199, 274.445, 278.8894, 283.6242, 287.8579, 291.4421, 295.7636, 299.5529, 303.5722, 307.0444, 310.5022, 313.9805, 317.5456, 321.3609, 324.8586, 328.4857, 331.9567, 335.7852, 339.4455, 342.8772, 346.7028, 350.5051, 354.3439]
growth_rate:114.67
