ticker:NOVN
price:[3.9800000190734863, 4.710000038146973, 5.340000152587891, 5.050000190734863, 4.739999771118164, 4.420000076293945, 5.820000171661377, 5.099999904632568, 4.599999904632568, 4.75, 5.050000190734863, 4.820000171661377, 5.050000190734863, 6.199999809265137, 5.989999771118164, 6.860000133514404, 6.849999904632568, 8.130000114440918, 10.899999618530273, 12.699999809265137, 13.5, 11.399999618530273, 14.199999809265137, 25.5, 20.600000381469727, 14.199999809265137, 14.5, 16.899999618530273, 16.299999237060547, 14.300000190734863, 16.299999237060547, 14.800000190734863, 11.0, 13.100000381469727, 13.699999809265137, 12.199999809265137, 11.0, 13.0, 7.804999828338623, 7.800000190734863, 14.680000305175781, 10.869999885559082, 10.680000305175781, 9.369999885559082, 9.8100004196167, 8.369999885559082, 8.399999618530273, 7.880000114440918, 8.319999694824219, 8.270000457763672, 8.789999961853027, 9.59000015258789]
assets:[0, 99.99989480991364, 213.37572609710693, 301.7880113983154, 383.2621614933014, 457.3877958950042, 702.2615907132625, 715.3836166226864, 745.2478245494842, 869.5492499999999, 1024.4682886934281, 1077.8093963855267, 1229.240241427517, 1609.1659304961204, 1654.6619627742766, 1994.9888808279516, 2092.0803908735274, 2583.009165359402, 3563.0747153022767, 4251.472256149292, 4619.2815, 4000.726126126671, 5083.361371720123, 9228.572400000001, 7555.239659907532, 5307.981228703022, 5520.12245, 6533.798422517967, 6401.829590355301, 5716.329266244983, 6615.815980339432, 6106.999558703899, 4638.986, 5624.610923787689, 5982.226846713925, 5427.2382351505275, 4993.4115, 6001.3044, 3703.0907540550706, 3800.718572939682, 7253.147398782348, 5470.688326403809, 5475.064776447295, 4903.4980331109045, 5233.758829870796, 4565.500137577057, 4681.864107382202, 4492.03504123764, 4842.85883036499, 4913.755572987747, 5322.722067900372, 5907.156229989624]
shares:[0, 21.2314, 39.958, 59.76, 80.857, 103.4814, 120.6635, 140.2713, 162.0104, 183.063, 202.865, 223.6119, 243.4139, 259.5429, 276.2374, 290.8147, 305.4132, 317.7133, 326.8876, 334.7616, 342.169, 350.9409, 357.9832, 361.9048, 366.7592, 373.8015, 380.6981, 386.6153, 392.7503, 399.7433, 405.8783, 412.6351, 421.726, 429.3596, 436.6589, 444.8556, 453.9465, 461.6388, 474.4511, 487.2716, 494.0836, 503.2832, 512.6465, 523.3189, 533.5126, 545.46, 557.3648, 570.0552, 582.0744, 594.1663, 605.5429, 615.9704]
growth_rate:15.83
