ticker:NOVT
price:[102.51000213623047, 96.25, 106.11000061035156, 102.94999694824219, 107.4000015258789, 115.37000274658203, 114.98999786376953, 114.3499984741211, 108.72000122070312, 120.75, 113.36000061035156, 116.22000122070312, 118.7300033569336, 119.9000015258789, 120.73999786376953, 125.05000305175781, 120.80999755859375, 118.22000122070312, 130.77999877929688, 128.50999450683594, 134.39999389648438, 124.91999816894531, 135.16000366210938, 144.4199981689453, 144.1300048828125, 132.3300018310547, 126.94999694824219, 129.94000244140625, 132.24000549316406, 132.25, 134.86000061035156, 135.80999755859375, 135.6699981689453, 138.0500030517578, 131.7100067138672, 128.88999938964844, 134.1300048828125, 137.14999389648438, 138.97000122070312, 139.25, 135.00999450683594, 126.37999725341797, 130.33999633789062, 137.3699951171875, 136.97999572753906, 132.83999633789062, 137.39999389648438, 140.41000366210938, 140.4499969482422, 146.32000732421875, 149.47000122070312, 151.0500030517578]
assets:[0, 100.00375, 210.24635520935058, 303.9804559890747, 417.12012592620846, 548.0767350479126, 646.2667859939575, 742.6689350898743, 806.1044490509033, 995.3060249999999, 1034.387333569336, 1160.479956188965, 1285.537238346863, 1398.2018777938843, 1507.9942773193359, 1661.8270055557252, 1705.474735534668, 1768.9140562652588, 2056.8424308013914, 2121.1345653320313, 2318.346134716797, 2254.81845894928, 2539.656468811035, 2813.6481723266597, 2907.9958045166018, 2769.9183653274536, 2757.303153717041, 2922.2467029052737, 3073.971823690796, 3174.198375, 3336.8409951019285, 3460.3436707946776, 3556.778939996338, 3719.1775222167967, 3648.367185974121, 3670.25873361969, 3919.466524682617, 4107.710892196656, 4262.223834439087, 4370.80685, 4337.722612510682, 4160.45478558197, 4390.815592633056, 4727.643329956054, 4814.216741842652, 4768.716756536865, 5032.412176452636, 5242.6567987365725, 5344.150473880004, 5667.50063569336, 5889.506670098877, 6051.757952267456]
shares:[0, 1.039, 1.9814, 2.9527, 3.8838, 4.7506, 5.6202, 6.4947, 7.4145, 8.2427, 9.1248, 9.9852, 10.8274, 11.6614, 12.4896, 13.2893, 14.117, 14.9629, 15.7275, 16.5056, 17.2496, 18.0501, 18.79, 19.4824, 20.1762, 20.9319, 21.7196, 22.4892, 23.2454, 24.0015, 24.743, 25.4793, 26.2164, 26.9408, 27.7, 28.4759, 29.2214, 29.9505, 30.6701, 31.3882, 32.1289, 32.9202, 33.6874, 34.4154, 35.1454, 35.8982, 36.626, 37.3382, 38.0502, 38.7336, 39.4026, 40.0646]
growth_rate:18.66
