ticker:NRAC
price:[9.680000305175781, 9.916000366210938, 9.899999618530273, 9.729999542236328, 9.760000228881836, 9.6899995803833, 9.670000076293945, 9.640000343322754, 9.645000457763672, 9.630000114440918, 9.729999542236328, 9.720000267028809, 9.65999984741211, 9.729999542236328, 9.649999618530273, 9.640000343322754, 9.649999618530273, 9.720000267028809, 9.6899995803833, 9.6899995803833, 9.65999984741211, 9.65999984741211, 9.609999656677246]
assets:[0, 99.99988889312743, 199.83842229976653, 296.4069220550537, 397.32082531757356, 494.4709885873795, 593.4508056821824, 691.6092926312447, 791.9683485877991, 890.7364905853271, 999.9861079540252, 1098.9587821907044, 1192.175357168579, 1300.8143418010711, 1390.1191150478362, 1488.6782610183716, 1590.2224721376417, 1701.7582067508697, 1796.505573203945, 1896.505399873543, 1990.6342365562439, 2090.634554976654, 2179.8131581249236]
shares:[0, 10.0847, 20.1857, 30.4632, 40.7091, 51.029, 61.3703, 71.7437, 82.1118, 92.496, 102.7735, 113.0616, 123.4136, 133.6911, 144.0538, 154.4272, 164.7899, 175.078, 185.3979, 195.7178, 206.0698, 216.4218, 226.8276]
growth_rate:-0.92
