ticker:NRACU
price:[10.5, 10.399999618530273, 10.364999771118164, 10.125, 10.050000190734863, 9.970000267028809, 9.949999809265137, 9.899999618530273, 9.90999984741211, 10.020000457763672, 10.039999961853027, 10.0, 10.0, 9.949999809265137, 9.960000038146973, 9.970000267028809, 9.9399995803833, 9.920000076293945, 9.979999542236328, 9.979999542236328, 10.0, 9.949999809265137, 9.989999771118164, 9.975000381469727, 9.989999771118164, 9.989999771118164, 9.949999809265137, 9.949999809265137, 9.850000381469727, 9.880000114440918, 9.850000381469727]
assets:[0, 100.00015633201599, 199.66410009098055, 295.040475, 392.85450745582585, 489.7274101164818, 588.7454687141419, 685.7868335750579, 786.4793898902893, 895.2088848976135, 996.9960922119142, 1093.0240000000001, 1193.0240000000001, 1287.0593403279304, 1388.3532893174172, 1489.7473499002456, 1585.264929078102, 1682.0748929367064, 1792.248237792969, 1892.247833206177, 1996.0400000000002, 2086.0602450116157, 2194.4463067228317, 2291.1518526195528, 2394.5969511371613, 2494.596848846054, 2584.608965454769, 2684.6094485378267, 2757.6287617971425, 2866.0279771974565, 2957.325699530983]
shares:[0, 9.6154, 19.2633, 29.1398, 39.09, 49.1201, 59.1704, 69.2714, 79.3622, 89.3422, 99.3024, 109.3024, 119.3024, 129.3527, 139.3929, 149.423, 159.4834, 169.564, 179.584, 189.604, 199.604, 209.6543, 219.6643, 229.6894, 239.6994, 249.7094, 259.7597, 269.81, 279.9623, 290.0838, 300.2361]
growth_rate:-1.42
