ticker:NRBO
price:[6.110000133514404, 5.800000190734863, 6.400000095367432, 5.75, 5.550000190734863, 6.420000076293945, 6.570000171661377, 6.239999771118164, 5.019999980926514, 5.139999866485596, 5.260000228881836, 5.360000133514404, 5.420000076293945, 5.449999809265137, 5.440000057220459, 6.099999904632568, 6.090000152587891, 5.25, 6.25, 6.03000020980835, 5.130000114440918, 5.119999885559082, 5.239999771118164, 5.510000228881836, 5.389999866485596, 4.269999980926514, 3.930000066757202, 4.429999828338623, 4.760000228881836, 4.5, 4.630000114440918, 3.9200000762939453, 3.2300000190734863, 3.569999933242798, 3.5899999141693115, 2.950000047683716, 2.880000114440918, 2.8299999237060547, 2.819999933242798, 3.069999933242798, 3.109999895095825, 3.2699999809265137, 3.25, 3.0, 3.059999942779541, 2.7300000190734863, 3.069999933242798, 3.2899999618530273, 3.700000047683716, 3.5399999618530273, 3.309999942779541, 3.950000047683716]
assets:[0, 100.00012328853606, 210.34496313438416, 288.98177499999997, 378.9301480225563, 538.3298463973999, 650.9076560069561, 718.2133656560898, 677.7933694247246, 793.9958253755092, 912.532717707634, 1029.8811456537246, 1141.4097400669098, 1247.7273163330078, 1345.438222151947, 1608.6712348500253, 1706.034372745514, 1570.71915, 1969.90375, 2000.5629186077595, 1801.9715351986886, 1898.4590935661315, 2042.9543427642823, 2248.2211493896484, 2299.2580580456256, 1921.4901704169752, 1868.4910217392444, 2206.2125665098188, 2470.5581667953493, 2435.6115, 2605.9738034125326, 2306.3536048879623, 2000.3884308125018, 2310.955561786294, 2423.9022450486896, 2091.7860338115693, 2142.1504211214065, 2204.9601975564956, 2297.1688436196564, 2600.818597445154, 2734.705322754979, 2975.397507644892, 3057.199275, 2922.0299999999997, 3080.4704243967535, 2848.262800899744, 3302.991438176394, 3639.687806798458, 4193.265924040676, 4111.935453689861, 3944.7758438060764, 4807.512273035454]
shares:[0, 17.2414, 32.8664, 50.2577, 68.2757, 83.852, 99.0727, 115.0983, 135.0186, 154.4739, 173.4853, 192.142, 210.5922, 228.9408, 247.3232, 263.7166, 280.137, 299.1846, 315.1846, 331.7683, 351.2615, 370.7928, 389.8768, 408.0256, 426.5785, 449.9977, 475.443, 498.0164, 519.0248, 541.247, 562.8453, 588.3555, 619.3153, 647.3265, 675.1817, 709.08, 743.8022, 779.1379, 814.5989, 847.1722, 879.3265, 909.9075, 940.6767, 974.01, 1006.6897, 1043.3197, 1075.893, 1106.2881, 1133.3151, 1161.5637, 1191.7752, 1217.0917]
growth_rate:-5.74
