ticker:NRC
price:[55.13999938964844, 51.630001068115234, 50.029998779296875, 46.95000076293945, 51.310001373291016, 52.93000030517578, 53.689998626708984, 53.650001525878906, 51.79999923706055, 53.27000045776367, 55.900001525878906, 54.7400016784668, 53.380001068115234, 50.0, 47.43000030517578, 47.400001525878906, 44.400001525878906, 42.75, 45.20000076293945, 46.619998931884766, 48.310001373291016, 45.29999923706055, 50.279998779296875, 49.349998474121094, 49.31999969482422, 51.66999816894531, 52.77000045776367, 52.560001373291016, 47.86000061035156, 46.880001068115234, 47.93000030517578, 47.040000915527344, 47.29999923706055, 48.5099983215332, 51.29999923706055, 48.91999816894531, 49.060001373291016, 50.720001220703125, 47.83000183105469, 48.779998779296875, 44.38999938964844, 43.540000915527344, 46.220001220703125, 47.029998779296875, 47.88999938964844, 50.61000061035156, 52.25, 52.779998779296875, 53.31999969482422, 52.209999084472656, 53.86000061035156, 54.5]
assets:[0, 100.0021490688324, 196.90306619567872, 284.77992462768555, 411.22400600624087, 524.2081370223999, 631.7326308414459, 731.2602507980347, 806.0442481281281, 928.916940982437, 1074.7781493377686, 1152.4740993377686, 1223.843284488678, 1246.35, 1282.2890302505493, 1381.4777844718933, 1394.0446079086305, 1442.2396500000002, 1624.8948274269103, 1775.9422393112184, 1940.3228951568603, 1919.4289176731108, 2230.440857849121, 2289.183574219513, 2387.793261225128, 2601.5689068069455, 2756.952842915726, 2845.9821623600005, 2691.4884963241575, 2736.3762863456727, 2897.6656844497684, 2943.862041295624, 3060.13494064064, 3238.415914949417, 3524.6690475807186, 3461.1485744506836, 3571.0529699611666, 3791.8830832611084, 3675.8217347198483, 3848.829707684326, 3602.4526444671633, 3633.469678401947, 3957.120782510376, 4126.468528894044, 4301.925122172546, 4646.261228033447, 4896.822975, 5046.496247283935, 5198.129446248627, 5189.914074992371, 5453.933679804993, 5618.7429]
shares:[0, 1.9369, 3.9357, 6.0656, 8.0145, 9.9038, 11.7663, 13.6302, 15.5607, 17.4379, 19.2268, 21.0536, 22.927, 24.927, 27.0354, 29.1451, 31.3974, 33.7366, 35.949, 38.094, 40.164, 42.3715, 44.3604, 46.3867, 48.4143, 50.3497, 52.2447, 54.1473, 56.2367, 58.3698, 60.4562, 62.5821, 64.6963, 66.7577, 68.707, 70.7512, 72.7895, 74.7611, 76.8518, 78.9018, 81.1546, 83.4513, 85.6149, 87.7412, 89.8293, 91.8052, 93.7191, 95.6138, 97.4893, 99.4046, 101.2613, 103.0962]
growth_rate:10.17
