ticker:NRIM
price:[28.979999542236328, 28.540000915527344, 25.889999389648438, 24.0, 26.579999923706055, 29.309999465942383, 29.6200008392334, 31.5, 28.559999465942383, 30.010000228881836, 33.08000183105469, 32.95000076293945, 33.88999938964844, 33.18000030517578, 32.7400016784668, 34.41999816894531, 32.95000076293945, 33.95000076293945, 34.61000061035156, 34.7400016784668, 34.7400016784668, 32.119998931884766, 34.75, 35.5, 35.93000030517578, 38.4900016784668, 44.279998779296875, 47.70000076293945, 44.849998474121094, 43.869998931884766, 43.66999816894531, 43.130001068115234, 42.790000915527344, 42.40999984741211, 42.650001525878906, 43.900001525878906, 45.130001068115234, 44.849998474121094, 43.54999923706055, 44.63999938964844, 44.5, 41.86000061035156, 42.470001220703125, 42.2400016784668, 41.2599983215332, 41.209999084472656, 40.56999969482422, 40.81999969482422, 42.099998474121094, 42.810001373291016, 39.88999938964844, 42.08000183105469]
assets:[0, 100.00130920791625, 190.71609150390623, 276.7944, 406.5490728330612, 548.3050910093308, 654.104402532959, 795.6206999999999, 821.3627366409302, 963.0629213451385, 1161.5844162963867, 1257.019464105606, 1392.8789749145508, 1463.6992154624938, 1544.2902211704254, 1723.5332203125, 1749.92511551857, 1903.0333427658081, 2040.0276489761352, 2147.689435765839, 2247.688530597305, 2178.1727595672605, 2456.522675, 2609.5411, 2741.1500252822875, 3036.4569874134063, 3593.2289129425053, 3970.7531735103603, 3833.5087695770267, 3849.74595126915, 3932.1951131256105, 3983.5731586532593, 4052.170296699524, 4116.183114190292, 4239.478391674805, 4463.730205150605, 4688.794999972153, 4759.706088066101, 4721.743177281189, 4939.920364457703, 5024.42825, 4826.349234371948, 4996.680583618164, 5069.619657448578, 5052.0021004833225, 5145.880222678375, 5165.9646831405635, 5297.799168392945, 5563.923168340301, 5757.756820701599, 5465.02964138031, 5865.064367210388]
shares:[0, 3.5039, 7.3664, 11.5331, 15.2953, 18.7071, 22.0832, 25.2578, 28.7592, 32.0914, 35.1144, 38.1493, 41.1, 44.1139, 47.1683, 50.0736, 53.1085, 56.054, 58.9433, 61.8218, 64.7003, 67.8136, 70.6913, 73.5082, 76.2914, 78.8895, 81.1479, 83.2443, 85.474, 87.7535, 90.0434, 92.362, 94.699, 97.0569, 99.4016, 101.6795, 103.8953, 106.125, 108.4212, 110.6613, 112.9085, 115.2974, 117.652, 120.0194, 122.4431, 124.8697, 127.3346, 129.7844, 132.1597, 134.4956, 137.0025, 139.3789]
growth_rate:15.0
