ticker:NRIX
price:[25.280000686645508, 29.809999465942383, 34.70000076293945, 30.68000030517578, 26.46500015258789, 24.40999984741211, 25.549999237060547, 28.31999969482422, 25.290000915527344, 23.190000534057617, 29.25, 37.63999938964844, 39.2400016784668, 43.06999969482422, 39.720001220703125, 36.0099983215332, 43.84000015258789, 32.880001068115234, 40.2400016784668, 44.630001068115234, 46.04999923706055, 36.380001068115234, 38.779998779296875, 38.630001068115234, 37.0099983215332, 35.61000061035156, 36.529998779296875, 44.15999984741211, 33.060001373291016, 29.84000015258789, 31.030000686645508, 29.1200008392334, 29.030000686645508, 30.6200008392334, 34.81999969482422, 26.940000534057617, 25.950000762939453, 24.829999923706055, 27.899999618530273, 29.360000610351562, 28.950000762939453, 28.940000534057617, 29.510000228881836, 25.690000534057617, 24.75, 25.979999542236328, 30.719999313354492, 30.739999771118164, 30.350000381469727, 30.790000915527344, 31.520000457763672, 32.150001525878906]
assets:[0, 100.00062420845032, 216.4030847579956, 291.33421489791874, 351.309644525528, 424.03098934936526, 543.8342887607574, 702.7947764266968, 727.6009133399963, 767.1831926679612, 1067.663025, 1473.9070960998536, 1636.5592060028077, 1896.2945605636596, 1848.7992328186035, 1776.113945213318, 2262.310599874115, 1796.7342343673706, 2298.9233678913115, 2649.7233304149627, 2834.0320780467987, 2338.9175626705173, 2593.2146403717043, 2683.185792189789, 2670.663684880829, 2669.6390137573244, 2838.6110441436767, 3531.510515797424, 2743.834649977112, 2576.588525175476, 2779.3416465024948, 2708.2649100517274, 2799.894215225792, 3053.245825683403, 3572.0444886932373, 2863.6681767692567, 2858.4341040390013, 2835.064561288834, 3285.5932350769044, 3557.5277859558105, 3607.847525080109, 3706.6005404014586, 3879.605955090523, 3477.401041290092, 3450.162375, 3721.6245424255367, 4500.627355403137, 4603.557811723137, 4645.152538385009, 4812.495617097473, 5026.5953370010375, 5227.062988082886]
shares:[0, 3.3546, 6.2364, 9.4959, 13.2745, 17.3712, 21.2851, 24.8162, 28.7703, 33.0825, 36.5013, 39.158, 41.7064, 44.0282, 46.5458, 49.3228, 51.6038, 54.6452, 57.1303, 59.3709, 61.5425, 64.2913, 66.8699, 69.4586, 72.1606, 74.9688, 77.7063, 79.9708, 82.9956, 86.3468, 89.5695, 93.0036, 96.4483, 99.7141, 102.586, 106.298, 110.1516, 114.179, 117.7632, 121.1692, 124.6234, 128.0788, 131.4675, 135.3601, 139.4005, 143.2496, 146.5048, 149.7579, 153.0528, 156.3006, 159.4732, 162.5836]
growth_rate:2.49
