ticker:NRXP
price:[10.829999923706055, 10.899999618530273, 11.75, 15.25, 29.635000228881836, 24.399999618530273, 30.459999084472656, 29.959999084472656, 40.45500183105469, 58.7400016784668, 58.27000045776367, 27.520000457763672, 22.0, 19.700000762939453, 18.850000381469727, 14.859999656677246, 14.050000190734863, 11.9399995803833, 11.510000228881836, 8.520000457763672, 24.770000457763672, 15.180000305175781, 13.739999771118164, 15.220000267028809, 11.90999984741211, 14.0, 14.6899995803833]
assets:[0, 99.9998665002823, 207.797575, 369.695075, 818.420910820961, 773.8484279016494, 1066.0420939582825, 1148.5435289024354, 1650.8796237213135, 2497.049219351959, 2577.0665212451936, 1317.1072219085693, 1152.921, 1132.3875638549805, 1183.527433951187, 1033.009222133541, 1076.7006896166802, 1015.00384232893, 1078.4501894454957, 898.2968762638092, 2711.596720111847, 1761.769583418274, 1694.6448557704925, 1977.1830526888848, 1647.1910908966065, 2036.2454, 2236.603851111889]
shares:[0, 9.1743, 17.6849, 24.2423, 27.6167, 31.7151, 34.9981, 38.3359, 40.8078, 42.5102, 44.2263, 47.86, 52.4055, 57.4816, 62.7866, 69.5161, 76.6335, 85.0087, 93.6968, 105.4339, 109.471, 116.0586, 123.3366, 129.9069, 138.3032, 145.4461, 152.2535]
growth_rate:-13.98
