ticker:NSEC
price:[12.460000038146973, 12.460000038146973, 11.859999656677246, 11.859999656677246, 11.0, 11.859999656677246, 11.859999656677246, 11.859999656677246, 11.40999984741211, 12.489999771118164, 12.489999771118164, 11.039999961853027, 12.319999694824219, 11.149999618530273, 11.9399995803833, 11.020000457763672, 11.020000457763672, 10.75, 11.4399995803833, 11.4399995803833, 10.520000457763672, 11.420000076293945, 10.670000076293945, 11.649999618530273, 12.0, 11.6899995803833, 11.510000228881836, 11.510000228881836, 11.34000015258789, 11.609999656677246, 10.119999885559082, 10.550000190734863, 11.4399995803833, 10.350000381469727, 11.979999542236328, 10.899999618530273, 11.25, 11.3100004196167, 10.5, 10.5, 11.100000381469727, 11.5600004196167, 11.770000457763672, 11.5, 11.5600004196167, 11.260000228881836, 11.029999732971191, 11.029999732971191, 10.550000190734863, 10.949999809265137, 11.34000015258789, 10.460000038146973]
assets:[0, 100.00022230615616, 195.18475834980012, 295.1847174550056, 373.78, 503.0027474390984, 603.0027065443039, 703.0026656495095, 776.3284026180268, 949.8107755945206, 1049.810709762001, 1027.9355004481315, 1247.1166091079713, 1228.6808979637146, 1415.7353022457123, 1406.6501624313355, 1506.6500545852662, 1569.7354249999999, 1770.490943058777, 1870.4914113907814, 1820.0673831977845, 2075.776869867706, 2039.452077582741, 2326.7682138118744, 2496.6708, 2532.173147106743, 2593.1834845666885, 2693.183517555237, 2753.405335049057, 2918.9628936824797, 2644.3498980966565, 2856.709006646824, 3197.701818708992, 2993.0255303138733, 3564.390095802307, 3343.059313002205, 3550.4055000000003, 3669.3407591376304, 3506.54955, 3606.5494500000004, 3912.6380244642255, 4174.783175540542, 4350.622951206207, 4350.8214499999995, 4473.521330384445, 4457.426478606034, 4466.377791872024, 4566.377975451088, 4467.660275771427, 4737.049852486706, 5005.766371356201, 4717.311485203742]
shares:[0, 8.0257, 16.4574, 24.8891, 33.98, 42.4117, 50.8434, 59.2751, 68.0393, 76.0457, 84.0521, 93.1101, 101.227, 110.1956, 118.5708, 127.6452, 136.7196, 146.0219, 154.7632, 163.5045, 173.0102, 181.7668, 191.1389, 199.7226, 208.0559, 216.6102, 225.2983, 233.9864, 242.8047, 251.418, 261.2994, 270.7781, 279.5194, 289.1812, 297.5284, 306.7027, 315.5916, 324.4333, 333.9571, 343.4809, 352.4899, 361.1404, 369.6366, 378.3323, 386.9828, 395.8638, 404.93, 413.9962, 423.4749, 432.6073, 441.4256, 450.9858]
growth_rate:-7.5
