ticker:NSIT
price:[58.33000183105469, 56.099998474121094, 58.349998474121094, 55.540000915527344, 57.27000045776367, 61.18000030517578, 62.349998474121094, 62.540000915527344, 53.349998474121094, 65.48999786376953, 70.0199966430664, 69.62000274658203, 72.8499984741211, 73.4000015258789, 71.72000122070312, 75.44000244140625, 74.55000305175781, 76.08999633789062, 80.41000366210938, 79.12000274658203, 82.23999786376953, 76.0999984741211, 82.8499984741211, 85.18000030517578, 83.56999969482422, 83.58999633789062, 87.12000274658203, 97.02999877929688, 95.66999816894531, 96.66999816894531, 95.95999908447266, 97.45999908447266, 102.69999694824219, 101.0999984741211, 100.37000274658203, 100.06999969482422, 100.69999694824219, 101.81999969482422, 104.4800033569336, 105.08000183105469, 106.75, 98.05000305175781, 100.06999969482422, 99.91999816894531, 99.30999755859375, 95.44000244140625, 98.54000091552734, 100.37999725341797, 97.87000274658203, 97.4000015258789, 96.41000366210938, 101.01000213623047]
assets:[0, 99.99824728012085, 204.00909966506958, 294.18427684936523, 403.3468862239838, 530.8833346481324, 641.0328043121337, 742.9877188766479, 733.807889012146, 1000.7919513549804, 1170.0201399063112, 1263.3384938400268, 1421.951835216522, 1532.6874518623351, 1597.6060591918945, 1780.474585620117, 1859.4709061187743, 1997.8798158447264, 2211.3072647094727, 2275.831495003509, 2465.5798079551696, 2381.5037922485353, 2692.740940406799, 2868.470582276917, 2914.2530293579102, 3014.9490649139407, 3242.266734217071, 3711.0772543121334, 3759.0655680541995, 3898.3530141601564, 3969.721222126007, 4131.777677186584, 4453.924277650452, 4484.533072315979, 4552.150993567658, 4638.544695854187, 4767.742055511474, 4920.767127251434, 5149.3178614471435, 5278.893543986511, 5462.792474999999, 5117.582639282227, 5323.013486766816, 5415.034404768371, 5481.97145123291, 5368.347433325195, 5642.715780426025, 5848.078411985779, 5801.851206820678, 5873.989552022552, 5914.281315652466, 6296.468584162139]
shares:[0, 1.7825, 3.4963, 5.2968, 7.0429, 8.6774, 10.2812, 11.8802, 13.7546, 15.2816, 16.7098, 18.1462, 19.5189, 20.8813, 22.2756, 23.6012, 24.9426, 26.2568, 27.5004, 28.7643, 29.9803, 31.2944, 32.5014, 33.6754, 34.872, 36.0683, 37.2161, 38.2467, 39.292, 40.3264, 41.3685, 42.3946, 43.3683, 44.3574, 45.3537, 46.353, 47.346, 48.3281, 49.2852, 50.2369, 51.1737, 52.1936, 53.1929, 54.1937, 55.2006, 56.2484, 57.2632, 58.2594, 59.2812, 60.3079, 61.3451, 62.3351]
growth_rate:23.46
