ticker:NSPR
price:[5.099999904632568, 5.400000095367432, 5.25, 4.5, 4.949999809265137, 4.949999809265137, 5.25, 5.699999809265137, 5.249997138977051, 5.249997138977051, 5.249997138977051, 5.399997234344482, 5.399997234344482, 5.849997043609619, 5.249997138977051, 4.949997425079346, 5.549997329711914, 5.099997520446777, 8.099995613098145, 8.999995231628418, 10.499994277954102, 10.349994659423828, 12.300000190734863, 18.149999618530273, 17.850000381469727, 12.899999618530273, 10.949999809265137, 10.949999809265137, 12.149999618530273, 9.899999618530273, 10.050000190734863, 9.149999618530273, 6.150000095367432, 6.900000095367432, 6.019999980926514, 5.039999961853027, 4.590000152587891, 5.400000095367432, 5.349999904632568, 5.300000190734863, 5.949999809265137, 5.150000095367432, 5.460000038146973, 4.809999942779541, 4.809999942779541, 4.320000171661377, 4.329999923706055, 3.759999990463257, 3.8299999237060547, 3.799999952316284, 3.759999990463257, 4.539999961853027]
assets:[0, 99.99990176606178, 197.222025, 269.04735, 395.9519697430611, 495.95186588983535, 626.0094750000001, 779.6676339105607, 818.1144041627884, 918.1142496671677, 1018.114095171547, 1147.202952450037, 1247.2028012342453, 1451.1362266448975, 1402.301535805893, 1422.1699002067567, 1694.5540446937562, 1657.1580043110848, 2731.9568003910063, 3135.5074387475015, 3758.091802001381, 3804.404461935043, 4621.178951660157, 6919.055734577942, 6904.690737559128, 5089.943819483757, 4420.5335380000115, 4520.533316258144, 5115.934729376602, 4268.539275523376, 4433.213874136161, 4136.209747558594, 2880.075794661045, 3331.304866043186, 3006.4427724745274, 2617.0219961921694, 2483.359453555679, 3021.5992133633613, 3093.6213948540685, 3164.709083890629, 3652.833402903748, 3261.6964253999236, 3558.031410858631, 3234.4560825224403, 3334.4559813328265, 3094.771226975155, 3201.9349205823896, 2880.4329686941624, 3034.058148561287, 3110.292740970969, 3177.5526799405575, 3936.725674921989]
shares:[0, 18.5185, 37.5661, 59.7883, 79.9903, 100.1923, 119.2399, 136.7838, 155.8314, 174.879, 193.9266, 212.4451, 230.9636, 248.0576, 267.1052, 287.3072, 305.3252, 324.9331, 337.2788, 348.3899, 357.9137, 367.5755, 375.7056, 381.2152, 386.8174, 394.5693, 403.7017, 412.8341, 421.0646, 431.1656, 441.1158, 452.0448, 468.305, 482.7978, 499.4091, 519.2504, 541.0369, 559.5554, 578.247, 597.1149, 613.9216, 633.3391, 651.6541, 672.4441, 693.2341, 716.3822, 739.4769, 766.0726, 792.1823, 818.4981, 845.0938, 867.1202]
growth_rate:-22.81
