ticker:NSSC
price:[23.25, 22.479999542236328, 23.299999237060547, 22.670000076293945, 23.90999984741211, 24.850000381469727, 25.09000015258789, 25.010000228881836, 24.1200008392334, 28.040000915527344, 28.549999237060547, 29.15999984741211, 29.899999618530273, 31.100000381469727, 26.15999984741211, 27.079999923706055, 26.649999618530273, 26.219999313354492, 27.93000030517578, 28.649999618530273, 28.8700008392334, 25.920000076293945, 26.420000076293945, 31.850000381469727, 31.280000686645508, 31.1299991607666, 34.13999938964844, 34.20000076293945, 33.90999984741211, 35.08000183105469, 36.06999969482422, 35.16999816894531, 33.209999084472656, 34.68000030517578, 33.310001373291016, 34.130001068115234, 33.13999938964844, 33.68000030517578, 32.540000915527344, 33.33000183105469, 34.290000915527344, 35.52000045776367, 37.720001220703125, 35.439998626708984, 35.810001373291016, 33.36000061035156, 34.86000061035156, 35.349998474121094, 35.95000076293945, 35.75, 34.95000076293945, 38.689998626708984]
assets:[0, 100.00002996368409, 203.6466533317566, 298.13997200336456, 414.4487643550873, 530.7413381473541, 635.8684188671111, 733.8409257158279, 807.7257641040802, 1038.9969979240418, 1157.8937540576935, 1282.6346692882537, 1415.1849219448088, 1571.9806192817687, 1422.28256770401, 1572.3027075702666, 1647.3350814199448, 1720.7556269371032, 1932.9794611206055, 2082.8091322677615, 2198.802777917862, 2074.123590105057, 2214.1333903938294, 2769.1950981668474, 2819.635565895462, 2906.1130546541217, 3287.108389233398, 3392.886315689087, 3464.116726412201, 3683.6387362731934, 3887.5957111083985, 3890.593122444153, 3773.771751965332, 4040.813063558197, 3981.1847161346436, 4179.191326789856, 4157.966361421204, 4325.717783195496, 4279.299726399994, 4483.191882293701, 4712.320520816803, 4981.353280197144, 5389.882642428589, 5164.089783892823, 5318.003644942093, 5054.16352447052, 5381.418472221374, 5557.062180130005, 5751.381782057189, 5819.385, 5789.1600663742065, 6508.65597097702]
shares:[0, 4.4484, 8.7402, 13.1513, 17.3337, 21.3578, 25.3435, 29.3419, 33.4878, 37.0541, 40.5567, 43.9861, 47.3306, 50.546, 54.3686, 58.0614, 61.8137, 65.6276, 69.208, 72.6984, 76.1622, 80.0202, 83.8052, 86.9449, 90.1418, 93.3541, 96.2832, 99.2072, 102.1562, 105.0068, 107.7792, 110.6225, 113.6336, 116.5171, 119.5192, 122.4492, 125.4667, 128.4358, 131.5089, 134.5092, 137.4255, 140.2408, 142.8919, 145.7136, 148.5061, 151.5037, 154.3723, 157.2012, 159.9828, 162.78, 165.6412, 168.2258]
growth_rate:27.62
