ticker:NSTG
price:[37.779998779296875, 40.099998474121094, 46.02000045776367, 43.689998626708984, 43.97999954223633, 40.66999816894531, 40.209999084472656, 36.119998931884766, 36.650001525878906, 40.77000045776367, 46.209999084472656, 47.9900016784668, 48.18000030517578, 58.83000183105469, 68.9000015258789, 69.22000122070312, 72.72000122070312, 66.87999725341797, 65.95999908447266, 71.05999755859375, 78.91999816894531, 70.02999877929688, 75.12999725341797, 82.95999908447266, 82.41999816894531, 69.79000091552734, 63.369998931884766, 65.69999694824219, 69.19000244140625, 63.02000045776367, 68.16000366210938, 70.33000183105469, 73.01000213623047, 76.11000061035156, 79.66999816894531, 65.97000122070312, 49.29999923706055, 48.91999816894531, 55.4900016784668, 53.34000015258789, 59.310001373291016, 64.19000244140625, 67.5199966430664, 62.630001068115234, 62.72999954223633, 57.599998474121094, 61.220001220703125, 61.939998626708984, 60.86000061035156, 55.880001068115234, 52.790000915527344, 57.4900016784668]
assets:[0, 100.00137619476318, 214.76613813629152, 303.8945234477997, 405.9134057750702, 475.3631395980835, 569.9847790222168, 612.0064259021759, 720.986160017395, 902.0362601280212, 1122.3946677627564, 1265.6307162658693, 1370.6439206817627, 1773.6186612030028, 2177.212488217163, 2287.32648633728, 2502.9788100158694, 2401.968349357605, 2468.9289377311707, 2759.828185180664, 3165.094418565369, 2908.5629423004148, 3220.379715270233, 3656.0056796531676, 3732.208293084717, 3260.2887457695006, 3060.371717416763, 3272.8979079742435, 3546.75563414917, 3330.474682191849, 3702.1105989074704, 3919.976279057312, 4169.352987992859, 4446.3842906570435, 4754.362909730529, 4036.803329696655, 3116.741021767044, 3192.7196524978635, 3721.5035505683895, 3677.312950519562, 4188.893397991562, 4633.55532623291, 4973.92807270813, 4713.702981389236, 4821.22702881775, 4526.950920076752, 4911.460305932617, 5069.225233608628, 5080.8362909545895, 4765.083271081924, 4601.588241804505, 5111.275077227783]
shares:[0, 2.4938, 4.6668, 6.9557, 9.2295, 11.6883, 14.1752, 16.9437, 19.6722, 22.125, 24.289, 26.3728, 28.4484, 30.1482, 31.5996, 33.0443, 34.4194, 35.9146, 37.4307, 38.838, 40.1051, 41.5331, 42.8641, 44.0695, 45.2828, 46.7157, 48.2937, 49.8158, 51.2611, 52.8479, 54.315, 55.7369, 57.1066, 58.4205, 59.6757, 61.1915, 63.2199, 65.2641, 67.0662, 68.941, 70.6271, 72.185, 73.666, 75.2627, 76.8568, 78.5929, 80.2264, 81.8409, 83.484, 85.2735, 87.1678, 88.9072]
growth_rate:0.22
