ticker:NSYS
price:[5.110000133514404, 4.650000095367432, 4.809999942779541, 4.519999980926514, 4.449999809265137, 4.760000228881836, 4.699999809265137, 4.960000038146973, 4.579999923706055, 4.650000095367432, 4.360000133514404, 4.25, 4.420000076293945, 4.820000171661377, 4.800000190734863, 5.480000019073486, 6.0, 7.170000076293945, 7.159999847412109, 7.960000038146973, 7.25, 7.25, 8.350000381469727, 8.100000381469727, 8.010000228881836, 7.570000171661377, 7.610000133514404, 7.900000095367432, 8.479999542236328, 6.699999809265137, 6.25, 6.900000095367432, 6.670000076293945, 6.119999885559082, 6.050000190734863, 6.159999847412109, 5.78000020980835, 6.190000057220459, 6.599999904632568, 6.940000057220459, 7.789999961853027, 7.389999866485596, 7.369999885559082, 9.829999923706055, 8.90999984741211, 9.029999732971191, 10.800000190734863, 12.0, 11.789999961853027, 11.140000343322754, 10.829999923706055, 11.5600004196167]
assets:[0, 100.00011205091477, 203.4408715798378, 291.1752347712994, 386.66582342681886, 513.6021206962586, 607.1281153615952, 740.7140056967736, 783.9659149406434, 895.9480683751106, 940.0718367874146, 1016.3543500000001, 1157.0083919712065, 1361.7151184966565, 1456.0646978588104, 1762.340606133938, 2029.5702, 2525.3364058713914, 2621.814376126099, 3014.754494447708, 2845.8504749999997, 2945.85045, 3492.806829568863, 3488.2319542783735, 3549.4738044244764, 3454.4961493360042, 3572.749711682463, 3808.8989359803677, 4188.539741896057, 3409.34180294323, 3280.35625, 3721.513671436405, 3697.4631832929613, 3492.574998690605, 3552.6272670016288, 3717.2204919216156, 3587.9114322376727, 3942.417226443767, 4303.546437815427, 4625.244236135244, 5291.736847086811, 5120.017302497149, 5206.16054915905, 7043.901722329903, 6484.6551209472655, 6671.990484700585, 8079.790102694225, 9077.544, 9018.68737281971, 8621.474635704517, 8481.558843250084, 9153.261508254433]
shares:[0, 21.5054, 42.2954, 64.4193, 86.8912, 107.8996, 129.1762, 149.3375, 171.1716, 192.677, 215.6128, 239.1422, 261.7666, 282.5135, 303.3468, 321.595, 338.2617, 352.2087, 366.1752, 378.738, 392.5311, 406.3242, 418.3002, 430.6459, 443.1303, 456.3403, 469.4809, 482.1391, 493.9316, 508.857, 524.857, 539.3498, 554.3423, 570.6822, 587.2111, 603.4449, 620.7459, 636.901, 652.0525, 666.4617, 679.2987, 692.8305, 706.399, 716.5719, 727.7952, 738.8694, 748.1287, 756.462, 764.9438, 773.9205, 783.1541, 791.8046]
growth_rate:79.48
