ticker:NTAP
price:[46.400001525878906, 44.09000015258789, 42.61000061035156, 41.959999084472656, 42.7599983215332, 45.869998931884766, 47.150001525878906, 46.88999938964844, 43.88999938964844, 47.0099983215332, 49.83000183105469, 51.88999938964844, 53.2599983215332, 59.9900016784668, 61.81999969482422, 64.81999969482422, 65.80000305175781, 66.23999786376953, 64.97000122070312, 64.66000366210938, 64.76000213623047, 66.44000244140625, 67.37999725341797, 69.86000061035156, 71.3499984741211, 62.599998474121094, 61.33000183105469, 67.55999755859375, 70.16000366210938, 74.75, 73.6500015258789, 73.87999725341797, 77.70999908447266, 76.94000244140625, 74.69000244140625, 79.5199966430664, 78.5, 78.2699966430664, 77.37000274658203, 80.73999786376953, 83.37000274658203, 78.16000366210938, 82.44000244140625, 82.98999786376953, 82.56999969482422, 77.37000274658203, 77.72000122070312, 79.58999633789062, 82.16999816894531, 82.27999877929688, 80.66999816894531, 87.05999755859375]
assets:[0, 100.00052934608459, 196.64515281677248, 293.6444655929565, 399.2415523284912, 528.2801906986236, 643.0222908096314, 739.4787353744507, 792.1662099838256, 948.4784271350861, 1105.373947618103, 1251.0730742843627, 1384.1048583805084, 1658.9995004173277, 1809.6073950668335, 1997.421808596039, 2127.6233586776734, 2241.8529837005617, 2298.872535192871, 2387.9068672424314, 2491.602226190186, 2656.2380776062014, 2793.8172541168215, 2996.6447261810304, 3160.555207408905, 2872.958069971466, 2914.6715390197755, 3310.7506563598636, 3538.16196867981, 3869.635575, 3912.69315606308, 4024.9083703689575, 4333.560266944885, 4390.619709320068, 4362.224778588868, 4744.3140877189635, 4783.4603, 4869.442609153748, 4913.451657424163, 5227.46271769104, 5497.74312412033, 5254.173374179077, 5641.88873908081, 5779.531338230133, 5850.282646377564, 5581.8511111518865, 5707.104041638184, 5944.417646484375, 6237.113711013794, 6345.466417858887, 6321.301056518555, 6922.0185218872075]
shares:[0, 2.2681, 4.615, 6.9982, 9.3368, 11.5169, 13.6378, 15.7705, 18.0489, 20.1761, 22.1829, 24.1101, 25.9877, 27.6546, 29.2722, 30.8149, 32.3347, 33.8444, 35.3836, 36.9302, 38.4744, 39.9795, 41.4636, 42.895, 44.2965, 45.8939, 47.5244, 49.0046, 50.4299, 51.7677, 53.1255, 54.479, 55.7658, 57.0655, 58.4044, 59.6619, 60.9358, 62.2134, 63.5059, 64.7444, 65.9439, 67.2233, 68.4363, 69.6413, 70.8524, 72.1449, 73.4316, 74.688, 75.905, 77.1204, 78.36, 79.5086]
growth_rate:35.73
