ticker:NTCT
price:[22.5, 22.40999984741211, 22.280000686645508, 21.18000030517578, 22.010000228881836, 23.59000015258789, 23.6200008392334, 23.139999389648438, 20.520000457763672, 21.690000534057617, 22.719999313354492, 22.600000381469727, 24.010000228881836, 24.75, 25.979999542236328, 27.510000228881836, 27.719999313354492, 27.420000076293945, 28.8700008392334, 30.059999465942383, 30.110000610351562, 29.239999771118164, 30.59000015258789, 31.530000686645508, 29.360000610351562, 28.219999313354492, 27.479999542236328, 29.469999313354492, 29.40999984741211, 28.899999618530273, 28.799999237060547, 27.799999237060547, 28.8700008392334, 27.8700008392334, 26.200000762939453, 26.790000915527344, 27.56999969482422, 27.360000610351562, 29.399999618530273, 30.100000381469727, 30.8700008392334, 29.1299991607666, 29.1200008392334, 28.809999465942383, 29.030000686645508, 28.639999389648438, 28.81999969482422, 28.760000228881836, 27.75, 27.030000686645508, 26.989999771118164, 28.040000915527344]
assets:[0, 100.00014231910706, 199.41937414588926, 289.5729641723633, 400.9209581691742, 529.7016584262848, 630.3753063976287, 717.5644390731811, 736.3191764259338, 878.3018676258088, 1020.0098251731872, 1114.6229788139344, 1284.1628572416305, 1423.741275, 1594.4964919052125, 1788.3976048793793, 1902.0493328847886, 1981.4651755132672, 2186.2472145528795, 2376.363197780609, 2480.3173222778323, 2508.651628363037, 2724.4738915901185, 2908.1948373332975, 2808.043306375122, 2799.0119198947905, 2825.614464930725, 3130.2355460660933, 3223.862422273636, 3267.957046864128, 3356.6485510791777, 3340.0976283348086, 3568.6554477386476, 3545.0445977499007, 3432.6219199573516, 3609.9204753662107, 3815.0235207710266, 3885.9655106887817, 4275.709564521981, 4477.513516745377, 4692.054907558441, 4527.585466560554, 4626.032453321457, 4676.784833305359, 4812.497714829827, 4847.844008686829, 4978.311989284515, 5067.949192332459, 4989.9717, 4960.502478012086, 5053.162222147942, 5349.746166673279]
shares:[0, 4.4623, 8.9506, 13.672, 18.2154, 22.4545, 26.6882, 31.0097, 35.883, 40.4934, 44.8948, 49.3196, 53.4845, 57.5249, 61.374, 65.009, 68.6165, 72.2635, 75.7273, 79.054, 82.3752, 85.7952, 89.0642, 92.2358, 95.6418, 99.1854, 102.8244, 106.2177, 109.6179, 113.0781, 116.5503, 120.1474, 123.6112, 127.1993, 131.0161, 134.7488, 138.3759, 142.0309, 145.4323, 148.7546, 151.994, 155.4269, 158.861, 162.332, 165.7767, 169.2683, 172.7381, 176.2152, 179.8188, 183.5184, 187.2235, 190.7898]
growth_rate:4.9
