ticker:NTES
price:[97.05000305175781, 91.14199829101562, 93.21399688720703, 94.4280014038086, 89.0999984741211, 90.5999984741211, 88.5199966430664, 85.87000274658203, 86.79000091552734, 92.04000091552734, 88.2699966430664, 93.51000213623047, 93.33999633789062, 87.37999725341797, 88.26000213623047, 94.79000091552734, 92.66000366210938, 95.7699966430664, 114.56999969482422, 105.08000183105469, 116.76000213623047, 114.98999786376953, 124.0199966430664, 132.1199951171875, 123.88999938964844, 109.8499984741211, 108.26000213623047, 107.94999694824219, 109.06999969482422, 103.94000244140625, 106.5999984741211, 103.94000244140625, 106.80000305175781, 112.62000274658203, 112.05999755859375, 109.86000061035156, 105.33999633789062, 117.38999938964844, 117.93000030517578, 114.44000244140625, 113.08999633789062, 107.41000366210938, 106.80000305175781, 113.30999755859375, 108.33000183105469, 112.0999984741211, 103.52999877929688, 102.20999908447266, 87.0, 89.66000366210938, 80.62999725341797, 92.76000213623047]
assets:[0, 100.00100052490234, 202.27437324523925, 304.90801653289793, 387.7008233604431, 494.23205167617795, 582.8864738952637, 665.4409992843628, 772.5698721496582, 919.3047331443786, 981.6506326675416, 1139.924330041504, 1237.8563634338377, 1258.81371643219, 1371.4898251953125, 1572.964233192444, 1637.617308721924, 1792.5844891662598, 2244.472122021484, 2158.563905613709, 2498.500581712341, 2560.6202704299926, 2861.699412540436, 3148.604451635742, 3052.476138961792, 2806.546626015472, 2865.9237325515746, 2957.7219663848878, 3088.4042973587034, 3043.144997479248, 3221.0255538940432, 3240.6517901184084, 3429.8180180053714, 3716.719116643524, 3798.2399992492674, 3823.6663352432256, 3766.3472970642088, 4297.1900566574095, 4416.962024430084, 4386.244969573974, 4434.507554400635, 4311.781259008789, 4387.290725364685, 4754.714117553712, 4645.742961524964, 4907.424053201294, 4632.253088381958, 4673.194473140717, 4077.7682999999997, 4302.442867730712, 3969.124496795654, 4666.245527462005]
shares:[0, 1.0972, 2.17, 3.229, 4.3513, 5.4551, 6.5848, 7.7494, 8.9016, 9.9881, 11.121, 12.1904, 13.2618, 14.4062, 15.5392, 16.5942, 17.6734, 18.7176, 19.5904, 20.5421, 21.3986, 22.2682, 23.0745, 23.8314, 24.6386, 25.5489, 26.4726, 27.399, 28.3158, 29.2779, 30.216, 31.1781, 32.1144, 33.0023, 33.8947, 34.8049, 35.7542, 36.6061, 37.4541, 38.3279, 39.2122, 40.1432, 41.0795, 41.962, 42.8851, 43.7772, 44.7431, 45.7215, 46.8709, 47.9862, 49.2264, 50.3045]
growth_rate:-8.5
