ticker:NTGR
price:[30.8799991607666, 30.770000457763672, 29.75, 29.610000610351562, 31.31999969482422, 34.209999084472656, 33.349998474121094, 34.810001373291016, 30.81999969482422, 33.130001068115234, 30.31999969482422, 30.979999542236328, 32.5099983215332, 34.13999938964844, 36.29999923706055, 39.36000061035156, 37.040000915527344, 40.630001068115234, 40.52000045776367, 38.459999084472656, 38.939998626708984, 41.38999938964844, 39.41999816894531, 43.650001525878906, 43.22999954223633, 40.0, 38.2400016784668, 43.0, 43.08000183105469, 42.540000915527344, 41.75, 40.72999954223633, 39.27000045776367, 37.560001373291016, 37.209999084472656, 38.619998931884766, 37.529998779296875, 38.27000045776367, 38.880001068115234, 38.380001068115234, 40.9900016784668, 38.20000076293945, 38.619998931884766, 37.56999969482422, 38.150001525878906, 37.58000183105469, 34.349998474121094, 34.25, 34.380001068115234, 35.130001068115234, 35.15999984741211, 35.4900016784668]
assets:[0, 99.99942448768616, 196.6832, 295.75653009643554, 412.835179977417, 550.9280882560729, 637.0783508514404, 764.9671851787567, 777.2834743034363, 935.541535161972, 956.1927343757629, 1077.007292086029, 1230.1978424858094, 1391.8775331161498, 1579.939316793442, 1813.1263001159666, 1806.2556446456908, 2081.3205607154846, 2175.684956579208, 2165.0748804611203, 2292.097881164932, 2536.308799598694, 2515.591125151062, 2885.5313658699033, 2957.7663076801305, 2836.7720000000004, 2811.955579425049, 3261.98, 3368.0505471542356, 3425.831353729248, 3462.2106, 3477.625112915039, 3452.967943250656, 3402.6093524082185, 3470.9003416007995, 3702.4220576019284, 3697.9246047210695, 3870.8383313007353, 4032.5365107822417, 4080.676853565216, 4458.179156554413, 4254.731364976501, 4401.509692267227, 4381.841662406921, 4549.486871965027, 4581.513311230468, 4287.73168953247, 4375.249125, 4491.857155552673, 4689.84811659317, 4793.851503195571, 4938.845417578124]
shares:[0, 3.2499, 6.6112, 9.9884, 13.1812, 16.1043, 19.1028, 21.9755, 25.2201, 28.2385, 31.5367, 34.7646, 37.8406, 40.7697, 43.5245, 46.0652, 48.765, 51.2262, 53.6941, 56.2942, 58.8623, 61.2783, 63.8151, 66.1061, 68.4193, 70.9193, 73.5344, 75.86, 78.1813, 80.532, 82.9272, 85.3824, 87.9289, 90.5913, 93.2787, 95.868, 98.5325, 101.1455, 103.7175, 106.323, 108.7626, 111.3804, 113.9697, 116.6314, 119.2526, 121.9136, 124.8248, 127.7445, 130.6532, 133.4998, 136.3439, 139.1616]
growth_rate:-3.16
