ticker:NTIC
price:[8.050000190734863, 8.279999732971191, 9.0, 8.369999885559082, 8.279999732971191, 8.600000381469727, 8.420000076293945, 8.449999809265137, 8.069999694824219, 8.329999923706055, 8.970000267028809, 9.359999656677246, 9.350000381469727, 10.170000076293945, 10.180000305175781, 9.899999618530273, 10.100000381469727, 10.5600004196167, 12.050000190734863, 13.130000114440918, 14.300000190734863, 13.199999809265137, 14.329999923706055, 15.0, 16.299999237060547, 16.209999084472656, 15.390000343322754, 16.200000762939453, 16.010000228881836, 15.329999923706055, 14.949999809265137, 15.0, 14.6899995803833, 14.399999618530273, 15.550000190734863, 15.300000190734863, 16.5, 16.989999771118164, 16.479999542236328, 17.3700008392334, 17.479999542236328, 17.780000686645508, 17.049999237060547, 17.600000381469727, 18.270000457763672, 19.610000610351562, 19.170000076293945, 18.68000030517578, 19.200000762939453, 18.700000762939453, 16.6200008392334, 16.969999313354492]
assets:[0, 100.00004077501296, 208.6956, 294.0866419790268, 390.9244553927421, 506.0326224460602, 595.441355395317, 697.5626942544937, 766.1932090255737, 890.8784978404999, 1059.3256365351679, 1205.3835637867928, 1304.095978205681, 1518.4654223913194, 1619.9587185630796, 1675.4016854429244, 1809.2484183340073, 1991.649871141052, 2372.669137556076, 2685.3226764052392, 3024.6087703425405, 2891.94703821249, 3239.5157317525864, 3490.98, 3893.5319177589413, 3972.0333356628416, 3871.1037293572426, 4174.845496614456, 4225.881186413956, 4146.393993364334, 4143.61370713501, 4257.4725, 4269.485319043064, 4285.19940648098, 4727.420867986107, 4751.416589232731, 5224.07655, 5479.21546118641, 5414.742809595108, 5807.166472573852, 5943.940996340943, 6145.954163350487, 5993.616921802521, 6286.959496266174, 6626.293483024979, 7212.293489479065, 7150.46753845787, 7067.695799465179, 7364.440612636566, 7272.6584367164605, 6563.720311437606, 6801.945670777512]
shares:[0, 12.0773, 23.1884, 35.1358, 47.2131, 58.841, 70.7175, 82.5518, 94.9434, 106.9482, 118.0965, 128.7803, 139.4755, 149.3083, 159.1315, 169.2325, 179.1335, 188.6032, 196.902, 204.5181, 211.5111, 219.0869, 226.0653, 232.732, 238.867, 245.036, 251.5337, 257.7065, 263.9526, 270.4758, 277.1648, 283.8315, 290.6389, 297.5833, 304.0142, 310.5501, 316.6107, 322.4965, 328.5645, 334.3216, 340.0424, 345.6667, 351.5318, 357.2136, 362.6871, 367.7865, 373.003, 378.3563, 383.5646, 388.9122, 394.929, 400.8218]
growth_rate:33.37
