ticker:NTLA
price:[18.1200008392334, 19.260000228881836, 23.510000228881836, 21.280000686645508, 18.829999923706055, 26.309999465942383, 26.110000610351562, 24.8799991607666, 23.940000534057617, 28.059999465942383, 33.22999954223633, 32.34000015258789, 39.380001068115234, 43.439998626708984, 53.2599983215332, 55.40999984741211, 62.13999938964844, 54.400001525878906, 78.36000061035156, 81.88999938964844, 74.36000061035156, 62.619998931884766, 69.20999908447266, 68.27999877929688, 72.37000274658203, 60.459999084472656, 51.810001373291016, 65.5199966430664, 65.69999694824219, 64.7300033569336, 80.05999755859375, 70.63999938964844, 70.44999694824219, 78.29000091552734, 76.7699966430664, 67.73999786376953, 67.04000091552734, 63.47999954223633, 74.94000244140625, 72.23999786376953, 85.29000091552734, 75.91999816894531, 88.83000183105469, 163.7100067138672, 153.0, 135.25, 137.7100067138672, 141.85000610351562, 167.30999755859375, 155.38999938964844, 149.32000732421875, 160.0]
assets:[0, 99.99984718837737, 222.0660581619263, 301.00135371246336, 366.34706351566314, 611.8732405797958, 707.2233095321656, 773.9073018951416, 844.6678568429946, 1090.0327692537307, 1390.8682148399353, 1453.6150928585052, 1870.0499247219084, 2162.8471236248015, 2751.779007278824, 2962.8613478408815, 3422.7270923812866, 3096.3991268516543, 4560.183743519592, 4865.617148735047, 4518.210305085754, 3904.8704173942565, 4415.812492586518, 4456.478476327515, 4823.424498058319, 4129.629547466278, 3638.802912451172, 4701.708407106781, 4814.627176361084, 4843.545488188934, 6090.644374267577, 5474.006576702881, 5559.27970918274, 6277.942080414581, 6256.05611944046, 5620.191176763154, 5662.111325324249, 5461.4382806167605, 6547.388109301757, 6411.494858403778, 7669.72039032898, 6927.122840930176, 8205.058492131042, 15221.576343247985, 14325.7725, 12763.799475, 13095.959989476014, 13589.670319735718, 16128.817612646484, 15079.71371776886, 14590.655195678712, 15734.24]
shares:[0, 5.1921, 9.4456, 14.1448, 19.4555, 23.2563, 27.0863, 31.1056, 35.2827, 38.8465, 41.8558, 44.9479, 47.4873, 49.7893, 51.6669, 53.4716, 55.0809, 56.9191, 58.1953, 59.4165, 60.7613, 62.3582, 63.8031, 65.2677, 66.6495, 68.3035, 70.2336, 71.7599, 73.282, 74.8269, 76.076, 77.4916, 78.911, 80.1883, 81.4909, 82.9671, 84.4587, 86.034, 87.3684, 88.7527, 89.9252, 91.2424, 92.3681, 92.9789, 93.6325, 94.3719, 95.0981, 95.8031, 96.4008, 97.0443, 97.714, 98.339]
growth_rate:208.51
