ticker:NTNX
price:[25.06999969482422, 23.934999465942383, 22.049999237060547, 21.780000686645508, 22.25, 23.1200008392334, 24.469999313354492, 25.31999969482422, 24.34000015258789, 25.899999618530273, 26.3700008392334, 28.469999313354492, 28.06999969482422, 28.8799991607666, 31.110000610351562, 33.66999816894531, 33.220001220703125, 31.8700008392334, 31.049999237060547, 30.780000686645508, 33.52000045776367, 30.520000457763672, 33.58000183105469, 34.41999816894531, 33.689998626708984, 30.28499984741211, 27.270000457763672, 27.360000610351562, 26.219999313354492, 26.950000762939453, 27.219999313354492, 27.389999389648438, 27.34000015258789, 26.65999984741211, 27.040000915527344, 28.6200008392334, 29.989999771118164, 30.110000610351562, 31.510000228881836, 33.47999954223633, 34.939998626708984, 36.900001525878906, 39.95000076293945, 38.41999816894531, 38.11000061035156, 33.939998626708984, 36.38999938964844, 36.02000045776367, 36.61000061035156, 37.83000183105469, 34.11000061035156, 36.77000045776367]
assets:[0, 100.00042776870727, 192.12384835243228, 289.7720191354752, 396.025525, 511.51152256736754, 641.3782580024719, 763.6562547958374, 834.1001632289887, 987.5592154546738, 1105.4805381822587, 1293.5173368026733, 1375.3429680473328, 1515.0303159742355, 1732.015062980652, 1974.540005619812, 2048.1492772613524, 2064.9147203754424, 2111.784968110657, 2193.4228629312515, 2488.679025986481, 2365.9440074863437, 2703.1599253982545, 2870.7792952819823, 2909.8927753852845, 2715.795247316742, 2545.4254747283935, 2653.8270352020263, 2643.251240778923, 2816.843724743271, 2945.065103708458, 3063.45913273468, 3157.8657076244353, 3179.3222858032227, 3324.638416566467, 3618.904660118294, 3892.135159295464, 4007.710334239197, 4294.053640191079, 4662.518480250549, 4965.840316821289, 5344.404341000366, 5886.149217409897, 5760.721419450379, 5814.240810118103, 5278.046520438003, 5759.048552406311, 5800.49157971611, 5995.502647955322, 6295.298170706177, 5776.252312358093, 6326.701433763504]
shares:[0, 4.178, 8.7131, 13.3045, 17.7989, 22.1242, 26.2108, 30.1602, 34.2687, 38.1297, 41.9219, 45.4344, 48.9969, 52.4595, 55.6739, 58.6439, 61.6541, 64.7918, 68.0124, 71.2613, 74.2446, 77.5211, 80.4991, 83.4044, 86.3726, 89.6746, 93.3416, 96.9966, 100.8105, 104.5211, 108.1949, 111.8459, 115.5035, 119.2544, 122.9526, 126.4467, 129.7811, 133.1023, 136.2759, 139.2628, 142.1248, 144.8348, 147.3379, 149.9407, 152.5647, 155.5111, 158.2591, 161.0353, 163.7668, 166.4102, 169.3419, 172.0615]
growth_rate:24.05
