ticker:NTRA
price:[64.7300033569336, 59.61000061035156, 60.52000045776367, 68.62000274658203, 70.77999877929688, 73.58000183105469, 71.08000183105469, 71.19000244140625, 67.26000213623047, 82.08000183105469, 82.80999755859375, 85.4000015258789, 88.12999725341797, 87.47000122070312, 96.55999755859375, 101.66999816894531, 111.73999786376953, 99.5199966430664, 111.16999816894531, 120.16000366210938, 119.75, 106.63999938964844, 119.06999969482422, 124.36000061035156, 119.61000061035156, 116.08999633789062, 102.98999786376953, 104.04000091552734, 103.31999969482422, 93.63999938964844, 102.91999816894531, 104.9800033569336, 106.94999694824219, 111.79000091552734, 110.0199966430664, 101.83000183105469, 93.19000244140625, 86.05000305175781, 94.13999938964844, 97.51000213623047, 103.87999725341797, 102.87999725341797, 115.1500015258789, 116.86000061035156, 120.94000244140625, 113.12000274658203, 114.0, 114.5199966430664, 117.30000305175781, 100.91000366210938, 108.0199966430664, 117.97000122070312]
assets:[0, 100.00173702392578, 201.52554952430725, 328.4976771484375, 438.83599243164065, 556.1985918411254, 637.3032964172363, 738.2901583190918, 797.5354753303528, 1073.2616879425048, 1182.808319128418, 1319.805783581543, 1461.997337436676, 1551.0443026458738, 1812.2283781799317, 2008.1349688339233, 2307.028691894531, 2154.7273513183595, 2506.961277708435, 2809.689349630737, 2900.1055, 2682.603832646179, 3095.284177066803, 3332.798272357178, 3305.506093867493, 3308.2282346405027, 3034.9195560493467, 3165.8643998588564, 3243.958694418335, 3040.0319441848756, 3441.305102775574, 3610.188829442596, 3777.9337771987916, 4048.899685159302, 4084.7894293647764, 3880.7108207809447, 3651.445227661133, 3471.678768122864, 3898.0643687271117, 4137.602916645813, 4507.893256811523, 4564.497414141845, 5208.879409024048, 5386.229346131897, 5674.287222546386, 5407.384995292664, 5549.4516, 5674.763585655212, 5912.518383824157, 5186.38063921814, 5651.811462358856, 6272.417776904297]
shares:[0, 1.6776, 3.3299, 4.7872, 6.2, 7.5591, 8.966, 10.3707, 11.8575, 13.0758, 14.2834, 15.4544, 16.5891, 17.7323, 18.7679, 19.7515, 20.6464, 21.6512, 22.5507, 23.3829, 24.218, 25.1557, 25.9955, 26.7996, 27.6357, 28.4971, 29.4681, 30.4293, 31.3972, 32.4651, 33.4367, 34.3893, 35.3243, 36.2188, 37.1277, 38.1097, 39.1828, 40.3449, 41.4071, 42.4326, 43.3952, 44.3672, 45.2356, 46.0913, 46.9182, 47.8022, 48.6794, 49.5526, 50.4051, 51.3961, 52.3219, 53.1696]
growth_rate:22.99
