ticker:NTRS
price:[84.44999694824219, 79.8499984741211, 81.73999786376953, 76.45999908447266, 78.41000366210938, 85.22000122070312, 87.37999725341797, 84.41000366210938, 78.2699966430664, 81.66000366210938, 90.80000305175781, 91.38999938964844, 96.13999938964844, 94.80999755859375, 90.0999984741211, 91.9000015258789, 91.58999633789062, 93.13999938964844, 96.88999938964844, 96.44000244140625, 94.5999984741211, 89.19000244140625, 97.16000366210938, 98.13999938964844, 96.30999755859375, 95.12999725341797, 99.91999816894531, 102.37999725341797, 102.61000061035156, 105.8499984741211, 105.62999725341797, 108.72000122070312, 106.91000366210938, 109.52999877929688, 113.80000305175781, 119.27999877929688, 120.16999816894531, 119.87999725341797, 121.19000244140625, 120.38999938964844, 117.58999633789062, 109.27999877929688, 116.2699966430664, 116.7300033569336, 115.55000305175781, 113.1500015258789, 111.48999786376953, 112.8499984741211, 115.37000274658203, 116.37000274658203, 114.5999984741211, 121.02999877929688]
assets:[0, 99.99615308914184, 202.36371271133422, 289.2940525360107, 396.66836752624516, 531.1166136077882, 644.5760257392883, 722.6678053527833, 770.0984969711304, 903.4536165161132, 1104.5729571243285, 1211.7491409072877, 1374.725079272461, 1455.7032215148924, 1483.3883548782348, 1613.019636782074, 1707.5764147247314, 1836.4786239654543, 2010.4190423355103, 2101.080469189453, 2160.995065143585, 2137.4116515075684, 2428.4074155303956, 2552.9059901229857, 2605.3010059570315, 2673.381234814453, 2907.9916907104493, 3079.5903173828124, 3186.512524954224, 3387.1258561729433, 3480.0858895111082, 3681.889817340088, 3720.596419445801, 3911.7762824035644, 4164.272131672668, 4464.8054183074955, 4598.124724937439, 4687.03216861496, 4838.256348468018, 4906.313840126038, 4892.202448641968, 4646.476268096923, 5043.687811379242, 5163.645082496643, 5211.4437976379395, 5203.202820167541, 5226.862930849457, 5390.618727111816, 5610.997009579468, 5759.628552939606, 5772.023743146515, 6195.876624508667]
shares:[0, 1.2523, 2.4757, 3.7836, 5.0589, 6.2323, 7.3767, 8.5614, 9.839, 11.0636, 12.1649, 13.2591, 14.2992, 15.3539, 16.4638, 17.5519, 18.6437, 19.7174, 20.7495, 21.7864, 22.8435, 23.9647, 24.9939, 26.0129, 27.0512, 28.1024, 29.1032, 30.08, 31.0546, 31.9993, 32.946, 33.8658, 34.8012, 35.7142, 36.5929, 37.4313, 38.2635, 39.0977, 39.9229, 40.7535, 41.6039, 42.519, 43.3791, 44.2358, 45.1012, 45.985, 46.8819, 47.768, 48.6348, 49.4941, 50.3667, 51.1929]
growth_rate:21.49
