ticker:NTRSO
price:[27.309999465942383, 27.3799991607666, 27.25, 27.138999938964844, 27.25, 27.260000228881836, 27.219999313354492, 27.170000076293945, 26.479999542236328, 26.719999313354492, 26.950000762939453, 27.299999237060547, 27.549999237060547, 27.6200008392334, 27.920000076293945, 28.0, 27.5, 27.780000686645508, 26.700000762939453, 26.75, 26.989999771118164, 26.799999237060547, 27.010000228881836, 26.899999618530273, 26.399999618530273, 26.06999969482422, 26.489999771118164, 26.600000381469727, 26.520000457763672, 26.770000457763672, 27.0, 27.260000228881836, 27.360000610351562, 27.520000457763672, 27.110000610351562, 27.25, 26.850000381469727, 27.030000686645508, 27.399999618530273, 27.440000534057617, 27.450000762939453, 27.469999313354492, 27.75, 27.559999465942383, 27.56999969482422, 27.200000762939453, 27.06999969482422, 27.309999465942383, 27.600000381469727, 27.469999313354492, 27.510000228881836, 27.645000457763672]
assets:[0, 99.99997093486786, 199.5245, 298.71083062820435, 399.9319, 500.0792521987915, 599.3462768810272, 698.2445489606857, 780.5112265071868, 887.5849371910097, 995.225798174286, 1108.150649031067, 1218.2995362617494, 1321.3960801506041, 1435.749707923317, 1539.8628, 1612.36625, 1728.782778730774, 1761.5726003360749, 1864.8709, 1981.6030841955185, 2067.6521011383056, 2183.8530535058976, 2274.959867738724, 2332.6749262937547, 2403.5158008644103, 2542.237331034279, 2652.7940980436324, 2744.8147433784484, 2870.6890300884247, 2995.3529999999996, 3124.197750231552, 3235.659336181641, 3354.5807277996064, 3404.604004650879, 3522.185125, 3570.4835157274247, 3694.4199488496783, 3844.989886469078, 3950.6027328895566, 4052.042842621612, 4154.993975140953, 4297.345574999999, 4367.9209273584365, 4469.504986526489, 4509.523486488724, 4587.969726277161, 4728.647208529472, 4878.860347432518, 4955.879058121872, 5063.094498124695, 5187.9409564052585]
shares:[0, 3.6523, 7.322, 11.0067, 14.6764, 18.3448, 22.0186, 25.6991, 29.4755, 33.218, 36.9286, 40.5916, 44.2214, 47.842, 51.4237, 54.9951, 58.6315, 62.2312, 65.9765, 69.7148, 73.4199, 77.1512, 80.8535, 84.571, 88.3589, 92.1947, 95.9697, 99.7291, 103.4998, 107.2353, 110.939, 114.6074, 118.2624, 121.8961, 125.5848, 129.2545, 132.9789, 136.6785, 140.3281, 143.9724, 147.6154, 151.2557, 154.8593, 158.4877, 162.1148, 165.7913, 169.4854, 173.1471, 176.7703, 180.4106, 184.0456, 187.6629]
growth_rate:1.72
