ticker:NTUS
price:[18.149999618530273, 17.719999313354492, 18.290000915527344, 17.280000686645508, 17.420000076293945, 18.100000381469727, 18.549999237060547, 18.1200008392334, 18.209999084472656, 19.540000915527344, 20.90999984741211, 20.420000076293945, 21.440000534057617, 20.989999771118164, 20.790000915527344, 20.75, 19.969999313354492, 20.040000915527344, 23.969999313354492, 25.700000762939453, 26.719999313354492, 24.3700008392334, 25.8700008392334, 26.56999969482422, 25.510000228881836, 25.90999984741211, 25.399999618530273, 26.56999969482422, 26.510000228881836, 24.469999313354492, 26.0, 26.079999923706055, 28.219999313354492, 26.5, 25.549999237060547, 26.6200008392334, 28.479999542236328, 26.920000076293945, 26.799999237060547, 26.6299991607666, 27.489999771118164, 28.540000915527344, 29.5, 25.709999084472656, 25.559999465942383, 24.049999237060547, 24.84000015258789, 26.700000762939453, 26.110000610351562, 25.209999084472656, 26.100000381469727, 26.670000076293945]
assets:[0, 99.99927212505341, 203.2165421722412, 291.99399560279846, 394.35918772716525, 509.7539307434082, 622.4266744003296, 707.9991687911987, 811.5158622001649, 970.7863254852296, 1138.850595689392, 1212.1638765289308, 1372.7131861934663, 1443.9020842552186, 1530.1440673828124, 1627.200475, 1666.0331387153626, 1771.872752947998, 2219.3510754243853, 2479.530933608246, 2677.9397871828082, 2542.4173965536115, 2798.906434797668, 2974.6390018341067, 2955.9661745216367, 3102.315694729996, 3141.250972823143, 3385.945254109955, 3478.300251030922, 3310.6367461011887, 3617.6374000000005, 3728.7697330919264, 4134.735037394142, 3982.7247500000003, 3939.9478523506164, 4204.948572566986, 4598.756662083435, 4446.858280602837, 4527.034431124877, 4598.319127085876, 4846.819588645362, 5131.948804626465, 5404.5711, 4810.2199917091375, 4882.1567099908825, 4693.734936100387, 4947.916890394211, 5418.4127148284915, 5398.6812742004395, 5312.591342067718, 5600.143971850013, 5822.445064656067]
shares:[0, 5.6433, 11.1108, 16.8978, 22.6383, 28.1632, 33.554, 39.0728, 44.5643, 49.682, 54.4644, 59.3616, 64.0258, 68.79, 73.6, 78.4193, 83.4268, 88.4168, 92.5887, 96.4798, 100.2223, 104.3257, 108.1912, 111.9548, 115.8748, 119.7343, 123.6713, 127.4349, 131.2071, 135.2937, 139.1399, 142.9743, 146.5179, 150.2915, 154.2054, 157.962, 161.4732, 165.1879, 168.9192, 172.6744, 176.3121, 179.816, 183.2058, 187.0953, 191.0077, 195.1657, 199.1915, 202.9368, 206.7668, 210.7335, 214.5649, 218.3144]
growth_rate:14.17
