ticker:NTWK
price:[2.819999933242798, 2.7300000190734863, 2.950000047683716, 2.680000066757202, 2.950000047683716, 2.9200000762939453, 2.8499999046325684, 2.700000047683716, 2.4100000858306885, 2.5299999713897705, 2.700000047683716, 2.890000104904175, 3.319999933242798, 3.549999952316284, 3.859999895095825, 3.740000009536743, 3.619999885559082, 3.799999952316284, 4.119999885559082, 4.369999885559082, 4.070000171661377, 4.119999885559082, 4.449999809265137, 5.25, 4.840000152587891, 4.550000190734863, 4.599999904632568, 4.639999866485596, 4.789999961853027, 3.950000047683716, 4.21999979019165, 4.309999942779541, 4.5, 4.340000152587891, 4.349999904632568, 4.25, 3.7799999713897705, 4.829999923706055, 4.630000114440918, 4.579999923706055, 4.940000057220459, 4.880000114440918, 4.869999885559082, 4.619999885559082, 4.559999942779541, 4.159999847412109, 4.210000038146973, 4.650000095367432, 4.75, 4.400000095367432, 4.260000228881836, 4.260000228881836]
assets:[0, 99.9999006986618, 208.05848836305142, 289.0157631992102, 418.13300675868993, 513.8808854267121, 601.5617348703861, 669.9005218308687, 697.9483158570051, 832.7009145834924, 988.6530774602413, 1158.2250530424358, 1430.5560992349624, 1629.660848110342, 1871.9690951250313, 1913.7733388799904, 1952.3687462787627, 2149.4479330279823, 2430.4538524894715, 2677.9328708706857, 2594.0931604116913, 2725.9612562811853, 3044.3027195158006, 3691.59315, 3503.297622446442, 3393.389232250023, 3530.6788668017866, 3661.3802786450387, 3879.7438151021956, 3299.3714448294404, 3624.897951778698, 3802.2065245211124, 4069.82115, 4025.116649517059, 4134.3908543594835, 4139.347425, 3781.5841693777797, 4932.024012094498, 4827.799738329983, 4875.663650780868, 5358.903664072656, 5393.815814490414, 5482.762751159668, 5301.306648682595, 5332.458461086464, 4964.69898589592, 5124.371209432125, 5759.935123131228, 5983.804425, 5642.892762306404, 5563.346446908188, 5663.346544281006]
shares:[0, 36.63, 70.5283, 107.8417, 141.74, 175.9866, 211.0743, 248.1113, 289.6051, 329.1308, 366.1678, 400.7699, 430.8904, 459.0594, 484.9661, 511.7041, 539.3284, 565.6442, 589.916, 612.7993, 637.3693, 661.6411, 684.113, 703.1606, 723.8218, 745.7998, 767.5389, 789.0906, 809.9674, 835.2839, 858.9806, 882.1825, 904.4047, 927.4462, 950.4347, 973.9641, 1000.4191, 1021.123, 1042.7213, 1064.5554, 1084.7983, 1105.2901, 1125.824, 1147.469, 1169.3988, 1193.4373, 1217.1903, 1238.6957, 1259.7483, 1282.4756, 1305.9498, 1329.424]
growth_rate:11.05
