ticker:NUAN
price:[30.100000381469727, 30.799999237060547, 33.11000061035156, 33.13999938964844, 32.65999984741211, 34.33000183105469, 34.939998626708984, 34.29999923706055, 31.90999984741211, 34.470001220703125, 34.63999938964844, 41.33000183105469, 42.720001220703125, 42.060001373291016, 43.650001525878906, 43.310001373291016, 43.7400016784668, 44.09000015258789, 47.40999984741211, 48.79999923706055, 48.79999923706055, 45.540000915527344, 50.380001068115234, 49.63999938964844, 48.15999984741211, 44.599998474121094, 42.58000183105469, 44.25, 45.0099983215332, 43.119998931884766, 44.90999984741211, 45.58000183105469, 53.34000015258789, 53.09000015258789, 53.16999816894531, 52.810001373291016, 52.560001373291016, 52.849998474121094, 52.900001525878906, 54.880001068115234, 54.93000030517578, 54.459999084472656, 54.52000045776367, 54.68000030517578, 54.54999923706055, 55.0, 55.150001525878906, 54.900001525878906, 54.70000076293945, 54.779998779296875, 55.040000915527344, 55.04999923706055]
assets:[0, 100.00143752288818, 207.50037382507324, 307.6883243331909, 403.2301561161041, 523.8483639404296, 633.1547031143189, 721.5587939502716, 771.2806513118744, 933.1580850463868, 1037.7589577148437, 1338.1786662857055, 1483.1829063812256, 1560.2704289440155, 1719.2557051002505, 1805.8624792610167, 1923.790249822998, 2039.1845520572663, 2292.73811062088, 2459.959161540985, 2559.9601199775693, 2488.947764037323, 2853.472880496979, 2911.559704200745, 2924.7519747333527, 2808.555563912201, 2781.3512676055907, 2990.437125, 3141.7969048393247, 3109.870378966141, 3338.9686686553955, 3488.7799421524046, 4182.746789965439, 4263.1429392528535, 4369.568936521911, 4439.985022459031, 4518.967006071854, 4643.897655921936, 4748.293556962585, 5026.020257820129, 5130.599353504181, 5186.699514806366, 5292.414552436448, 5407.944986182404, 5495.08871814537, 5640.4205, 5755.801604250335, 5829.710382029724, 5908.475282409669, 6017.117235916137, 6145.678438226319, 6246.793158425522]
shares:[0, 3.2468, 6.267, 9.2845, 12.3463, 15.2592, 18.1212, 21.0367, 24.1705, 27.0716, 29.9584, 32.3779, 34.7187, 37.0963, 39.3873, 41.6962, 43.9824, 46.2505, 48.3598, 50.409, 52.4582, 54.6541, 56.639, 58.6535, 60.7299, 62.9721, 65.3206, 67.5805, 69.8022, 72.1213, 74.348, 76.5419, 78.4167, 80.3003, 82.1811, 84.0747, 85.9773, 87.8694, 89.7598, 91.582, 93.4025, 95.2387, 97.0729, 98.9017, 100.7349, 102.5531, 104.3663, 106.1878, 108.016, 109.8415, 111.6584, 113.4749]
growth_rate:22.49
