ticker:NURO
price:[1.4800000190734863, 1.7300000190734863, 1.7000000476837158, 1.7200000286102295, 1.659999966621399, 1.7300000190734863, 1.6799999475479126, 1.6399999856948853, 1.590000033378601, 1.5800000429153442, 1.7100000381469727, 1.7599999904632568, 2.0399999618530273, 1.9700000286102295, 2.2899999618530273, 2.6700000762939453, 3.609999895095825, 3.1600000858306885, 3.069999933242798, 3.759999990463257, 4.179999828338623, 3.75, 4.090000152587891, 4.75, 4.630000114440918, 3.5999999046325684, 3.009999990463257, 3.700000047683716, 3.7799999713897705, 3.5399999618530273, 3.4000000953674316, 3.4700000286102295, 3.1600000858306885, 3.009999990463257, 3.0, 2.9200000762939453, 2.7899999618530273, 3.009999990463257, 2.9200000762939453, 3.119999885559082, 3.309999942779541, 3.630000114440918, 3.700000047683716, 3.490000009536743, 3.4200000762939453, 3.2300000190734863, 20.969999313354492, 14.899999618530273, 13.90999984741211, 12.199999809265137, 10.130000114440918, 16.510000228881836]
assets:[0, 100.00005610251426, 198.2659055612087, 300.59838500010966, 390.1124421557784, 506.5630355849266, 591.9224455193042, 677.8290500875473, 757.1635808950067, 852.4014911525965, 1022.5357338109017, 1152.434441755414, 1435.7762491517067, 1486.5094225885152, 1827.972775549507, 2231.3046457584383, 3116.857303426218, 2828.3296368219853, 2847.7758390750646, 3587.8295908999444, 4088.597444092274, 3768.000375, 4209.632657051086, 4988.93735, 4962.901289669323, 3958.8432151264665, 3410.0329021958114, 4291.734765309691, 4484.528840057302, 4299.79687966547, 4229.748698641252, 4416.831523416877, 4122.244443966794, 4026.5681902424094, 4113.1908, 4103.50589121666, 4020.815420024395, 4437.869036939263, 4405.1754790987015, 4806.899583683968, 5199.627605113267, 5802.310883926106, 6014.200967507959, 5772.854385774851, 5757.066704429626, 5537.229730697918, 36049.13368060055, 25714.31057166233, 24105.776573567964, 21242.377367896555, 17738.13872639179, 29009.838623169897]
shares:[0, 57.8035, 116.627, 174.7665, 235.0075, 292.811, 352.3348, 413.3104, 476.2035, 539.4946, 597.9741, 654.7923, 703.8119, 754.5733, 798.2414, 835.6946, 863.3954, 895.041, 927.6143, 954.21, 978.1334, 1004.8001, 1029.25, 1050.3026, 1071.9009, 1099.6787, 1132.9013, 1159.9283, 1186.3833, 1214.6319, 1244.0437, 1272.8621, 1304.5077, 1337.7303, 1371.0636, 1405.3102, 1441.1525, 1474.3751, 1508.6217, 1540.673, 1570.8845, 1598.4327, 1625.4597, 1654.113, 1683.3528, 1714.3126, 1719.0813, 1725.7927, 1732.9818, 1741.1785, 1751.0502, 1757.1071]
growth_rate:468.82
