ticker:NUVA
price:[51.119998931884766, 53.939998626708984, 49.58000183105469, 49.209999084472656, 48.560001373291016, 54.040000915527344, 53.5, 52.36000061035156, 44.43000030517578, 43.40999984741211, 47.630001068115234, 46.099998474121094, 47.599998474121094, 48.560001373291016, 45.65999984741211, 51.66999816894531, 53.619998931884766, 56.33000183105469, 56.31999969482422, 56.959999084472656, 56.93000030517578, 53.7400016784668, 57.720001220703125, 58.099998474121094, 57.279998779296875, 60.33000183105469, 62.81999969482422, 65.13999938964844, 67.08000183105469, 67.48999786376953, 64.68000030517578, 68.70999908447266, 69.0199966430664, 70.61000061035156, 71.44999694824219, 69.13999938964844, 69.52999877929688, 70.77999877929688, 68.19999694824219, 65.4000015258789, 65.25, 66.29000091552734, 69.88999938964844, 67.4000015258789, 65.61000061035156, 63.959999084472656, 64.61000061035156, 63.95000076293945, 60.16999816894531, 58.54999923706055, 58.70000076293945, 59.959999084472656]
assets:[0, 99.9993634540558, 191.91427108764648, 290.4817035957336, 386.6444429344177, 530.2783169837951, 624.9816500000001, 711.6666562957763, 703.8822798347472, 787.7221982311249, 964.2979496246338, 1033.3222457977295, 1166.942522592163, 1290.4771804950715, 1313.4098956108094, 1586.2896117858886, 1746.1567132164, 1934.4116938796997, 2034.0700049781801, 2157.1833893272396, 2256.044824093628, 2229.6296776382446, 2494.7565767608644, 2611.182421422577, 2674.328679006958, 2916.7323675247194, 3137.111426760101, 3352.970730583191, 3552.831924980164, 3674.546925691223, 3621.556109087372, 3947.203930405426, 4065.0155262893677, 4258.658600811767, 4409.322211669922, 4366.764823451233, 4491.394566146851, 4672.138173422241, 4601.83571408081, 4512.907485292816, 4602.558825, 4775.9161479599, 5135.279529153443, 5052.324334380341, 5018.148091682434, 4991.950008544922, 5142.67822558136, 5190.1436919197085, 4983.363486349487, 4949.1904505092625, 5061.871295790482, 5270.525891524506]
shares:[0, 1.8539, 3.8708, 5.9029, 7.9622, 9.8127, 11.6819, 13.5918, 15.8425, 18.1461, 20.2456, 22.4148, 24.5156, 26.5749, 28.765, 30.7004, 32.5654, 34.3407, 36.1163, 37.8719, 39.6284, 41.4892, 43.2217, 44.9429, 46.6887, 48.3463, 49.9381, 51.4733, 52.9641, 54.4458, 55.9919, 57.4473, 58.8962, 60.3124, 61.712, 63.1583, 64.5965, 66.0093, 67.4756, 69.0047, 70.5373, 72.0458, 73.4766, 74.9603, 76.4845, 78.048, 79.5957, 81.1594, 82.8214, 84.5293, 86.2329, 87.9007]
growth_rate:3.34
