ticker:NUWE
price:[6.090000152587891, 6.28000020980835, 6.070000171661377, 6.71999979019165, 7.0, 7.289999961853027, 7.380000114440918, 8.010000228881836, 7.329999923706055, 6.96999979019165, 7.619999885559082, 8.329999923706055, 9.300000190734863, 7.96999979019165, 8.75, 4.909999847412109, 4.550000190734863, 3.990000009536743, 3.880000114440918, 4.019999980926514, 4.369999885559082, 4.53000020980835, 4.170000076293945, 4.230000019073486, 4.019999980926514, 4.0, 3.819999933242798, 4.5, 4.050000190734863, 4.260000228881836, 4.25, 4.550000190734863, 4.440000057220459, 4.010000228881836]
assets:[0, 100.00021134090424, 196.65647256150245, 317.71554208045006, 430.9536, 548.807235128212, 655.58238416605, 811.5467901895523, 842.6516602293015, 901.2662778704166, 1085.3158217001915, 1286.4410392175673, 1536.2428515069962, 1416.5439277098178, 1655.177125, 1028.790795028305, 1053.3600791565896, 1023.715898446846, 1095.4932003116608, 1235.0211781402588, 1442.547887222767, 1595.364601889801, 1568.5805566986082, 1691.1502006255628, 1707.1922858999728, 1798.6988, 1817.7572822334052, 2241.33705, 2117.2036147097588, 2326.9846550245284, 2421.522075, 2692.4530578669546, 2727.3606111488343, 2563.2246273031233]
shares:[0, 15.9236, 32.3981, 47.2791, 61.5648, 75.2822, 88.8323, 101.3167, 114.9593, 129.3065, 142.4299, 154.4347, 165.1874, 177.7345, 189.1631, 209.5297, 231.5077, 256.5704, 282.3436, 307.2192, 330.1025, 352.1776, 376.1584, 399.7991, 424.6747, 449.6747, 475.8527, 498.0749, 522.7663, 546.2405, 569.7699, 591.7479, 614.2704, 639.2081]
growth_rate:-22.33
