ticker:NUZE
price:[16.700000762939453, 17.81800079345703, 15.5, 16.139999389648438, 16.5, 16.899999618530273, 14.100000381469727, 15.640000343322754, 13.74899959564209, 11.289999961853027, 12.199999809265137, 13.25, 13.989999771118164, 12.829999923706055, 12.390000343322754, 11.600000381469727, 10.279999732971191, 10.600000381469727, 9.300000190734863, 9.279999732971191, 10.020000457763672, 9.010000228881836, 8.319999694824219, 8.149999618530273, 7.28000020980835, 6.159999847412109, 5.420000076293945, 6.275000095367432, 4.010000228881836, 3.819999933242798, 3.5, 3.6700000762939453, 3.4600000381469727, 3.069999933242798, 3.1600000858306885, 3.059999942779541, 2.7950000762939453, 3.0399999618530273, 3.0299999713897705, 3.4800000190734863, 3.490000009536743, 3.200000047683716, 3.2300000190734863, 3.119999885559082, 2.9100000858306885, 2.880000114440918, 2.740000009536743, 3.049999952316284, 2.950000047683716, 2.9200000762939453, 2.2300000190734863, 2.5]
assets:[0, 99.99996585311891, 186.99045, 294.71154685516353, 401.28495, 511.01373846530913, 526.3487842401505, 683.8371190113068, 701.156357479, 675.7550447167397, 830.2221870203018, 1001.6761500000001, 1157.6193190608979, 1161.6333250923158, 1221.7952798555375, 1243.8924009057998, 1202.3456847683906, 1339.77326821537, 1275.4615461586, 1372.7189045004845, 1582.1811182819365, 1522.699949681282, 1506.0888407569885, 1575.3150562656404, 1507.1529634358883, 1375.2834139331817, 1310.0709284410477, 1616.7336945711136, 1133.163909678459, 1179.4727293878793, 1180.66865, 1338.0156008153915, 1361.4532710102083, 1307.9946545576333, 1446.3399392849205, 1500.5695039401055, 1470.6183581428527, 1699.5274826737405, 1793.9369350610734, 2160.3631318407056, 2266.571083193612, 2178.2313924581767, 2298.652446573782, 2320.370122889328, 2264.1916237825158, 2340.8494050169943, 2327.058170099473, 2690.338467939234, 2702.1307186771633, 2774.6515244962693, 2218.99742197938, 2587.66525]
shares:[0, 5.6123, 12.0639, 18.2597, 24.3203, 30.2375, 37.3297, 43.7236, 50.9969, 59.8543, 68.051, 75.5982, 82.7462, 90.5404, 98.6114, 107.2321, 116.9597, 126.3937, 137.1464, 147.9223, 157.9023, 169.0011, 181.0203, 193.2902, 207.0265, 223.2603, 241.7105, 257.6468, 282.5845, 308.7625, 337.3339, 364.5819, 393.4836, 426.0569, 457.7025, 490.3822, 526.1604, 559.0551, 592.0584, 620.794, 649.4473, 680.6973, 711.6571, 743.7084, 778.0727, 812.7949, 849.2913, 882.0782, 915.9765, 950.2231, 995.0661, 1035.0661]
growth_rate:-49.26
