ticker:NVAX
price:[92.93000030517578, 95.44999694824219, 108.36000061035156, 113.55999755859375, 103.5999984741211, 111.22000122070312, 107.04000091552734, 93.12999725341797, 80.70999908447266, 89.86000061035156, 96.5999984741211, 86.55000305175781, 125.69000244140625, 126.25, 124.87999725341797, 124.8499984741211, 129.33999633789062, 111.51000213623047, 121.86000061035156, 127.43000030517578, 126.9800033569336, 220.94000244140625, 290.17999267578125, 289.760009765625, 277.8800048828125, 231.22999572753906, 174.83999633789062, 202.77000427246094, 228.25, 182.1199951171875, 185.82000732421875, 179.74000549316406, 227.35000610351562, 207.61000061035156, 236.92999267578125, 176.0, 131.69000244140625, 143.00999450683594, 147.6199951171875, 183.00999450683594, 209.67999267578125, 174.41000366210938, 189.7899932861328, 217.22000122070312, 188.58999633789062, 186.64999389648438, 203.24000549316406, 179.3300018310547, 189.88999938964844, 257.2699890136719, 230.88999938964844, 226.6699981689453]
assets:[0, 100.00296180267334, 213.52338120269775, 323.7709090393067, 395.37903417663574, 524.4579157562256, 604.7438931724548, 626.1595365333557, 642.6533677101136, 815.5064635391236, 976.6742845726013, 975.0636793807984, 1516.0099644470215, 1622.767, 1705.1614344970703, 1804.75666794281, 1969.6670682312013, 1798.1433884475707, 2065.0395703430177, 2259.42310641098, 2351.4410981643678, 4191.40859831543, 5604.942630529786, 5696.82667199707, 5563.268849755859, 4729.323979615783, 3675.9934390045164, 4363.225228935242, 5011.502649999999, 4098.665126110839, 4281.943338775635, 4241.846155638123, 5465.448676727295, 5090.908629966736, 5909.886965307617, 4490.0768, 3459.654392138672, 3857.051056846619, 4081.382863000488, 5159.838688124084, 6011.777006005859, 5100.550793096923, 5650.332785118103, 6566.973354904175, 5801.443185345459, 5841.771508972168, 6460.999774627685, 5800.895167230225, 6242.481817935181, 8557.545917562868, 7780.069419433593, 7737.87906149292]
shares:[0, 1.0477, 1.9705, 2.8511, 3.8164, 4.7155, 5.6497, 6.7235, 7.9625, 9.0753, 10.1105, 11.2659, 12.0615, 12.8536, 13.6544, 14.4554, 15.2286, 16.1254, 16.946, 17.7307, 18.5182, 18.9708, 19.3154, 19.6605, 20.0204, 20.4529, 21.0249, 21.5181, 21.9562, 22.5053, 23.0435, 23.5999, 24.0398, 24.5215, 24.9436, 25.5118, 26.2712, 26.9705, 27.6479, 28.1943, 28.6712, 29.2446, 29.7715, 30.2319, 30.7622, 31.298, 31.79, 32.3476, 32.8742, 33.2629, 33.696, 34.1372]
growth_rate:51.72
