ticker:NVCN
price:[2.190000057220459, 2.130000114440918, 2.200000047683716, 2.140000104904175, 2.140000104904175, 2.359999895095825, 2.5199999809265137, 2.0299999713897705, 0.9300000071525574, 0.8600000143051147, 0.7400000095367432, 0.8700000047683716, 0.8299999833106995, 0.8600000143051147, 0.7400000095367432, 0.8899999856948853, 1.0199999809265137, 0.949999988079071, 0.9900000095367432, 1.2000000476837158, 1.2999999523162842, 1.190000057220459, 1.3700000047683716, 2.130000114440918, 1.8600000143051147, 1.4199999570846558, 1.190000057220459, 1.340000033378601, 1.25, 1.149999976158142, 1.1200000047683716, 1.0099999904632568, 0.800000011920929, 0.8899999856948853, 0.9700000286102295, 0.8600000143051147, 0.7799999713897705, 0.8299999833106995, 0.9100000262260437, 0.949999988079071, 0.9800000190734863, 0.9399999976158142, 0.9200000166893005, 0.8899999856948853, 0.8600000143051147, 0.800000011920929, 0.8100000023841858, 0.8199999928474426, 0.8299999833106995, 0.8399999737739563, 0.75, 0.8399999737739563]
assets:[0, 100.00009737281799, 203.28638440611363, 297.7422805955172, 397.7423454975843, 538.6317440573215, 675.1490708899021, 643.8701129254817, 394.9750020377219, 465.2457317388296, 500.3276964479685, 688.2230737720728, 756.5805917869866, 883.9269347031116, 860.5882650908233, 1135.0318447564484, 1400.822991805315, 1404.6881273734866, 1563.8329230645181, 1995.5550792962313, 2261.8511970357895, 2170.4639523654937, 2598.769312045181, 4140.422661457157, 3715.5801105762366, 2936.6255152490858, 2560.975085142994, 2983.787052324355, 2883.3833750000003, 2752.7126229306223, 2780.902779839623, 2607.778363376522, 2165.5670722694636, 2509.193335669327, 2834.738947610855, 2613.2737014688137, 2470.178321394396, 2728.5231041359725, 3091.5134230968833, 3327.4040282465817, 3532.480040751743, 3488.297127152395, 3514.0781557472883, 3499.48857675215, 3481.5284259112354, 3338.6310897494795, 3480.3639462442397, 3623.3313443950174, 3767.5182452442828, 3912.909969833154, 3593.6696999999995, 4124.909919214201]
shares:[0, 46.9484, 92.4029, 139.1319, 185.8609, 228.2338, 267.9163, 317.1774, 424.7043, 540.9834, 676.1185, 791.061, 911.5429, 1027.822, 1162.9571, 1275.3167, 1373.3559, 1478.6191, 1579.6292, 1662.9625, 1739.8856, 1823.9192, 1896.9119, 1943.8603, 1997.6237, 2068.0462, 2152.0798, 2226.7067, 2306.7067, 2393.6632, 2482.9489, 2581.9588, 2706.9588, 2819.3184, 2922.4112, 3038.6903, 3166.8954, 3287.3773, 3397.2674, 3502.5306, 3604.5714, 3710.9544, 3819.6501, 3932.0097, 4048.2888, 4173.2888, 4296.7456, 4418.6968, 4539.1787, 4658.2263, 4791.5596, 4910.6072]
growth_rate:-19.12
