ticker:NVCR
price:[80.0, 89.26000213623047, 110.73999786376953, 106.9000015258789, 113.02999877929688, 138.72000122070312, 136.9600067138672, 123.7699966430664, 122.0999984741211, 126.23999786376953, 124.4800033569336, 132.36000061035156, 126.83999633789062, 147.5, 171.7100067138672, 160.19000244140625, 171.97000122070312, 173.0399932861328, 170.3800048828125, 167.5500030517578, 169.10000610351562, 160.9600067138672, 175.85000610351562, 189.64999389648438, 190.1699981689453, 149.10000610351562, 129.27999877929688, 138.2899932861328, 141.69000244140625, 124.55999755859375, 133.35000610351562, 132.08999633789062, 192.5, 207.6300048828125, 204.10000610351562, 192.4499969482422, 179.27000427246094, 180.86000061035156, 204.0, 205.7100067138672, 216.27999877929688, 218.0399932861328, 221.25, 184.14999389648438, 194.5500030517578, 182.57000732421875, 189.3699951171875, 154.00999450683594, 149.99000549316406, 139.27999877929688, 132.42999267578125, 134.74000549316406]
assets:[0, 99.997980393219, 224.0602376777649, 316.29572451477054, 434.43080030822756, 633.1735735717773, 725.1347555465699, 755.3064045143127, 845.1151394386292, 973.7648475219726, 1060.1837405906676, 1227.2948696594237, 1276.11183515625, 1583.973, 1943.9633280090331, 1913.5496741638183, 2154.268205291748, 2267.671808015442, 2332.808950854492, 2394.0549736053467, 2516.2080908203125, 2495.0893520736695, 2825.9095980834963, 3147.6778436981203, 3256.2998956466677, 2653.0556886047366, 2400.3805213348387, 2667.669286486817, 2833.261626818848, 2590.723389221191, 2873.545946524048, 2946.3994583129884, 4393.9087500000005, 4839.253286804199, 4856.988255245972, 4679.748840791321, 4459.25172127533, 4598.799579519653, 5287.1904, 5431.505304270935, 5810.600075204467, 5957.877404545593, 6145.594875000001, 5215.072582150268, 5609.596422993469, 5364.162413195801, 5663.96186895752, 4706.360620135499, 4683.5129165267945, 4449.09064100647, 4330.275358508301, 4505.813575695801]
shares:[0, 1.1203, 2.0233, 2.9588, 3.8435, 4.5644, 5.2945, 6.1025, 6.9215, 7.7136, 8.5169, 9.2724, 10.0608, 10.7388, 11.3212, 11.9455, 12.527, 13.1049, 13.6918, 14.2886, 14.88, 15.5013, 16.07, 16.5973, 17.1231, 17.7938, 18.5673, 19.2904, 19.9962, 20.799, 21.5489, 22.306, 22.8255, 23.3071, 23.7971, 24.3167, 24.8745, 25.4274, 25.9176, 26.4037, 26.8661, 27.3247, 27.7767, 28.3197, 28.8337, 29.3814, 29.9095, 30.5588, 31.2255, 31.9435, 32.6986, 33.4408]
growth_rate:-11.65
