ticker:NVDA
price:[126.2249984741211, 121.6449966430664, 121.89250183105469, 128.7375030517578, 130.62249755859375, 137.62750244140625, 138.11500549316406, 135.90249633789062, 125.33999633789062, 145.6199951171875, 132.97000122070312, 130.87750244140625, 132.6125030517578, 135.58250427246094, 130.13250732421875, 132.72000122070312, 129.9375, 130.5500030517578, 132.7675018310547, 128.59500122070312, 137.125, 129.8975067138672, 135.91000366210938, 149.6125030517578, 149.26499938964844, 137.14500427246094, 124.61499786376953, 128.55999755859375, 128.45750427246094, 128.3925018310547, 138.11749267578125, 144.0, 159.125, 152.65249633789062, 150.09500122070312, 148.12249755859375, 142.42999267578125, 149.91749572753906, 162.44500732421875, 175.78250122070312, 178.25250244140625, 186.3874969482422, 190.30999755859375, 204.8699951171875, 200.50250244140625, 181.61000061035156, 195.5800018310547, 194.99000549316406, 203.66000366210938, 201.8800048828125, 208.16000366210938, 226.36000061035156]
assets:[0, 100.0043517402649, 200.20843425750732, 311.45464113311766, 416.0195924743652, 538.3299757995605, 640.232107963562, 729.9730785797119, 773.234971408081, 998.3415625244141, 1011.6091752868653, 1095.693362689209, 1210.2217028503417, 1337.3315891418456, 1383.5688178710936, 1511.0835738983155, 1579.4033062499998, 1686.8496444320679, 1815.5026502883911, 1858.4420981414796, 2081.72205, 2071.9951295928954, 2267.903049108887, 2596.554912963867, 2690.516540498352, 2572.058553627014, 2437.070590222168, 2614.21612635498, 2712.136133454895, 2810.7686500854493, 3123.665214355469, 3356.6976000000004, 3809.26155, 3754.3202296844483, 3791.414740335083, 3841.58659868164, 3793.9504439025877, 4093.392278593445, 4535.448359991455, 5007.832520776367, 5178.199545422363, 5514.516400959778, 5730.576584484863, 6269.001363586426, 6235.347122424317, 5747.811231317139, 6289.950648887634, 6370.966946479797, 6754.241459451293, 6795.200212353515, 7106.582525024414, 7827.9362691070555]
shares:[0, 0.8221, 1.6425, 2.4193, 3.1849, 3.9115, 4.6355, 5.3713, 6.1691, 6.8558, 7.6078, 8.3719, 9.126, 9.8636, 10.632, 11.3855, 12.1551, 12.9211, 13.6743, 14.4519, 15.1812, 15.951, 16.6868, 17.3552, 18.0251, 18.7543, 19.5568, 20.3346, 21.1131, 21.892, 22.616, 23.3104, 23.9388, 24.5939, 25.2601, 25.9352, 26.6373, 27.3043, 27.9199, 28.4888, 29.0498, 29.5863, 30.1118, 30.5999, 31.0986, 31.6492, 32.1605, 32.6733, 33.1643, 33.6596, 34.14, 34.5818]
growth_rate:53.49
