ticker:NVEC
price:[51.18000030517578, 50.0, 52.2400016784668, 50.0, 48.9900016784668, 49.970001220703125, 49.400001525878906, 47.900001525878906, 46.130001068115234, 49.189998626708984, 51.119998931884766, 52.22999954223633, 52.5099983215332, 52.689998626708984, 51.59000015258789, 55.209999084472656, 55.599998474121094, 56.18000030517578, 62.40999984741211, 63.70000076293945, 70.12000274658203, 63.88999938964844, 66.19999694824219, 66.80000305175781, 68.02999877929688, 70.47000122070312, 68.5999984741211, 72.8499984741211, 71.5, 70.1500015258789, 71.4800033569336, 71.11000061035156, 71.25, 69.9000015258789, 76.52999877929688, 78.31999969482422, 71.79000091552734, 71.19999694824219, 69.86000061035156, 70.26000213623047, 68.88999938964844, 67.7699966430664, 74.2300033569336, 73.41000366210938, 76.20999908447266, 75.12000274658203, 78.62999725341797, 75.06999969482422, 73.19999694824219, 72.54000091552734, 67.43000030517578, 70.02999877929688]
assets:[0, 100.0, 204.47781456985473, 295.71, 389.73505935287477, 497.5313141540527, 591.8564782814026, 673.88596146698, 748.9851493423462, 898.6668419109345, 1033.9275383968354, 1156.3774128650666, 1262.576654642105, 1366.905020373535, 1438.3704762542725, 1639.3008138160706, 1750.8828719490052, 1869.1479361534118, 2176.4239246788025, 2321.4127578037264, 2655.3743840103148, 2519.4510139312742, 2710.545635046387, 2835.112369522095, 2987.312897396851, 3194.4544843353274, 3209.6841686065677, 3508.536061511993, 3543.51855, 3576.611857797241, 3744.4227918502806, 3825.042487831116, 3932.5725, 3958.059626402283, 4433.482318283081, 4637.178373931122, 4350.553024481965, 4414.798530773925, 4431.708858718872, 4557.0848165565485, 4568.226750526428, 4593.958647441864, 5131.869013080596, 5175.177687167358, 5472.571445256805, 5494.299536885834, 5851.023218621063, 5686.117070884705, 5644.47372467804, 5693.577623858642, 5392.498498405456, 5700.42789463501]
shares:[0, 2.0, 3.9142, 5.9142, 7.9554, 9.9566, 11.9809, 14.0686, 16.2364, 18.2693, 20.2255, 22.1401, 24.0445, 25.9424, 27.8808, 29.6921, 31.4907, 33.2707, 34.873, 36.4429, 37.869, 39.4342, 40.9448, 42.4418, 43.9117, 45.3307, 46.7884, 48.1611, 49.5597, 50.9852, 52.3842, 53.7905, 55.194, 56.6246, 57.9313, 59.2081, 60.6011, 62.0056, 63.437, 64.8603, 66.3119, 67.7875, 69.1347, 70.4969, 71.8091, 73.1403, 74.4121, 75.7442, 77.1103, 78.4888, 79.9718, 81.3998]
growth_rate:11.77
