ticker:NVEE
price:[52.43000030517578, 48.369998931884766, 51.470001220703125, 51.06999969482422, 54.81999969482422, 59.41999816894531, 60.0, 60.75, 56.08000183105469, 61.310001373291016, 69.5999984741211, 73.0, 75.05000305175781, 74.58000183105469, 70.7699966430664, 75.0, 78.7300033569336, 78.77999877929688, 87.12000274658203, 94.05000305175781, 94.3499984741211, 87.33000183105469, 97.5, 99.1500015258789, 104.0, 103.26000213623047, 99.94000244140625, 91.08999633789062, 92.0, 93.58000183105469, 96.13999938964844, 94.72000122070312, 93.93000030517578, 93.23999786376953, 90.12999725341797, 85.11000061035156, 87.52999877929688, 92.0999984741211, 91.33000183105469, 90.83000183105469, 88.91000366210938, 86.81999969482422, 92.44999694824219, 93.66000366210938, 94.69000244140625, 94.12000274658203, 93.27999877929688, 95.0, 94.70999908447266, 97.7699966430664, 99.83999633789062, 104.94000244140625]
assets:[0, 100.00013579177858, 206.41014589538574, 304.80618617858886, 427.1903296218872, 563.0341926498413, 668.532, 776.889225, 817.1697466812134, 993.381428250885, 1227.7022130844116, 1387.6788999999999, 1526.644647077942, 1617.0808897018433, 1634.4684574699402, 1832.1599999999999, 2023.2823562698366, 2124.5705190795898, 2449.4834212234496, 2744.3320640487673, 2853.0873438583376, 2740.808442466736, 3159.98475, 3313.4641559928896, 3575.5408, 3650.096511512756, 3632.739136743164, 3411.0470928649906, 3545.1279999999997, 3706.0113805145265, 3907.3891531936642, 3949.6724989013674, 4016.728603050232, 4087.2219263572697, 4050.8927265548705, 3925.2732281494136, 4136.886567306518, 4452.878356226349, 4515.647546533203, 4590.929778549194, 4593.882088217163, 4585.893157880402, 4983.27671550293, 5148.499767306519, 5305.121014782715, 5373.188600798798, 5425.230025003051, 5625.2635, 5708.095876821899, 5992.518634246826, 6219.392795874023, 6637.0878644104005]
shares:[0, 2.0674, 4.0103, 5.9684, 7.7926, 9.4755, 11.1422, 12.7883, 14.5715, 16.2026, 17.6394, 19.0093, 20.3417, 21.6825, 23.0955, 24.4288, 25.699, 26.9684, 28.1162, 29.1795, 30.2394, 31.3845, 32.4101, 33.4187, 34.3802, 35.3486, 36.3492, 37.447, 38.534, 39.6026, 40.6427, 41.6984, 42.763, 43.8355, 44.945, 46.12, 47.2625, 48.3483, 49.4432, 50.5442, 51.6689, 52.8207, 53.9024, 54.9701, 56.0262, 57.0887, 58.1607, 59.2133, 60.2692, 61.292, 62.2936, 63.2465]
growth_rate:30.14
