ticker:NVFY
price:[1.5800000429153442, 1.5099999904632568, 1.659999966621399, 1.590000033378601, 1.659999966621399, 1.7000000476837158, 2.0299999713897705, 2.390000104904175, 1.909999966621399, 2.0, 1.940000057220459, 1.9800000190734863, 2.1500000953674316, 2.4100000858306885, 2.0, 2.140000104904175, 2.2300000190734863, 2.380000114440918, 3.0399999618530273, 2.6500000953674316, 3.380000114440918, 2.819999933242798, 3.0399999618530273, 3.2200000286102295, 3.5, 2.9000000953674316, 2.240000009536743, 4.940000057220459, 3.7799999713897705, 3.3399999141693115, 3.359999895095825, 3.119999885559082, 2.8399999141693115, 2.869999885559082, 2.7300000190734863, 2.809999942779541, 2.630000114440918, 2.809999942779541, 2.990000009536743, 3.059999942779541, 3.109999895095825, 2.9700000286102295, 3.0, 3.6600000858306885, 4.71999979019165, 3.319999933242798, 2.4000000953674316, 2.2799999713897705, 2.4700000286102295, 2.180000066757202, 2.130000114440918, 2.259999990463257]
assets:[0, 100.00005136842728, 209.93388777873517, 301.0812933205485, 414.3364896686912, 524.3204747067929, 726.100336766553, 954.8669429119348, 863.0944139168142, 1003.7638, 1073.6509336674214, 1195.7881435191155, 1398.4568120312692, 1667.5725673895836, 1483.8776, 1687.7491747345448, 1858.729099897957, 2083.7557881961825, 2761.603757346439, 2507.319055232668, 3298.0144936650277, 2851.59775049479, 3174.062744170761, 3462.0007407604458, 3863.0441499999997, 3300.808238548136, 2649.589835280561, 5943.2918388416765, 4647.700854822278, 4206.698495897055, 4331.88826475203, 4122.46770478878, 3852.5027675693755, 3993.198161771679, 3898.4080862367155, 4112.647071253538, 3949.203700844288, 4319.49116704154, 4696.184611978698, 4906.128508257866, 5086.2938014329675, 4957.328918754315, 5107.4028, 6331.031548469066, 8264.608240630532, 5913.241589098954, 4374.632813832283, 4255.900842595482, 4710.559284562826, 4257.497838375521, 4259.848998873711, 4619.839548505211]
shares:[0, 66.2252, 126.4662, 189.3593, 249.6003, 308.4238, 357.6849, 399.5259, 451.8819, 501.8819, 553.4283, 603.9334, 650.445, 691.9388, 741.9388, 788.6678, 833.5108, 875.5276, 908.4223, 946.1581, 975.7439, 1011.2049, 1044.0996, 1075.1555, 1103.7269, 1138.2097, 1182.8526, 1203.0955, 1229.5505, 1259.4906, 1289.2525, 1321.3038, 1356.5151, 1391.3583, 1427.9883, 1463.5755, 1501.5983, 1537.1855, 1570.6303, 1603.31, 1635.4643, 1669.1343, 1702.4676, 1729.79, 1750.9764, 1781.0969, 1822.7636, 1866.6232, 1907.109, 1952.9806, 1999.929, 2044.1768]
growth_rate:-9.41
