ticker:NVIV
price:[1.25, 1.2599999904632568, 1.4900000095367432, 1.350000023841858, 1.399999976158142, 1.3799999952316284, 1.350000023841858, 0.5899999737739563, 0.5400000214576721, 0.5299999713897705, 0.550000011920929, 0.5899999737739563, 0.5699999928474426, 0.6299999952316284, 0.6000000238418579, 0.6200000047683716, 0.6700000166893005, 0.8100000023841858, 0.8799999952316284, 1.1100000143051147, 1.399999976158142, 1.1699999570846558, 1.4199999570846558, 1.5700000524520874, 1.5299999713897705, 1.149999976158142, 1.090000033378601, 1.1699999570846558, 1.1299999952316284, 1.0199999809265137, 1.0199999809265137, 0.9300000071525574, 0.7400000095367432, 0.7699999809265137, 0.7799999713897705, 0.699999988079071, 0.6600000262260437, 0.7099999785423279, 0.6700000166893005, 0.7200000286102295, 0.7799999713897705, 0.7599999904632568, 0.7699999809265137, 0.7599999904632568, 0.6700000166893005, 0.6899999976158142, 0.6600000262260437, 0.6499999761581421, 0.6299999952316284, 0.6000000238418579, 0.6399999856948853, 0.6700000166893005]
assets:[0, 100.00002524311542, 218.2540093969345, 297.74696025840046, 408.774653038609, 502.93506426218744, 592.0017404551268, 358.7266510542691, 428.3261270201504, 520.394145908308, 640.0317138723135, 786.5794100358188, 859.9157262094795, 1050.4332010494352, 1100.412643726468, 1237.0930155143858, 1436.85858579129, 1837.0976634073854, 2095.8592046433687, 2743.6406483586434, 3560.4475993659375, 3075.5168771907092, 3832.6785741685035, 4337.539310912729, 4327.028568086744, 3352.3417004990815, 3277.4370613635424, 3617.9826772931815, 3594.291102832818, 3344.4042934613226, 3444.404275591374, 3240.4863519223272, 2678.4514945185183, 2887.037235485888, 3024.531165060854, 2814.322862072366, 2753.504533414435, 3062.10317245689, 2989.590458468914, 3312.694283634639, 3688.751840697384, 3694.1685096442934, 3842.775918811512, 3892.869747150922, 3531.8721239768265, 3737.301014086348, 3674.8097900238154, 3719.1306035830976, 3704.6959459597347, 3628.282044174969, 3970.1672712598443, 4256.269040021121]
shares:[0, 79.3651, 146.4792, 220.5533, 291.9819, 364.4457, 438.5198, 608.0113, 793.1965, 981.8758, 1163.694, 1333.1855, 1508.6241, 1667.3543, 1834.021, 1995.3113, 2144.565, 2268.0218, 2381.6582, 2471.7483, 2543.1769, 2628.647, 2699.0695, 2762.7638, 2828.1233, 2915.0798, 3006.8229, 3092.293, 3180.7886, 3278.8278, 3376.867, 3484.3939, 3619.529, 3749.3991, 3877.6042, 4020.4613, 4171.9764, 4312.8215, 4462.0752, 4600.9641, 4729.1692, 4860.7481, 4990.6182, 5122.1971, 5271.4508, 5416.3783, 5567.8934, 5721.7396, 5880.4698, 6047.1365, 6203.3865, 6352.6402]
growth_rate:-16.54
