ticker:NVMI
price:[50.5099983215332, 46.79999923706055, 49.619998931884766, 50.52000045776367, 52.560001373291016, 56.04999923706055, 56.470001220703125, 57.47999954223633, 55.630001068115234, 62.88999938964844, 60.90999984741211, 61.439998626708984, 65.22000122070312, 67.48999786376953, 68.29000091552734, 70.87999725341797, 70.33999633789062, 70.5999984741211, 76.23999786376953, 78.16000366210938, 77.83999633789062, 69.62999725341797, 75.30000305175781, 83.86000061035156, 84.6500015258789, 84.0, 81.61000061035156, 83.66000366210938, 85.5199966430664, 87.8499984741211, 95.58999633789062, 96.88999938964844, 94.97000122070312, 97.27999877929688, 94.37000274658203, 92.86000061035156, 88.80999755859375, 94.2300033569336, 100.22000122070312, 102.7300033569336, 101.26000213623047, 98.33999633789062, 102.08000183105469, 98.88999938964844, 99.2699966430664, 93.05000305175781, 97.4800033569336, 97.80000305175781, 101.16000366210938, 94.88999938964844, 94.0199966430664, 100.6500015258789]
assets:[0, 100.00223836975098, 206.02719756507872, 309.76338280677794, 422.27230703315735, 550.3101025093079, 654.4364911468506, 766.1394178985595, 841.4816481567383, 1051.300674797058, 1118.2040501987458, 1227.9336685535432, 1403.4822502685547, 1552.3306918647768, 1670.7285303985595, 1834.0908089294435, 1920.120118032837, 2027.2154161857604, 2289.159303858185, 2446.8067306427, 2536.7899126525876, 2369.2302865448, 2662.1563078918457, 3064.7895123062135, 3193.6583275680546, 3269.1372, 3276.119220501709, 3458.4125253875736, 3635.3011213027958, 3834.3449584007267, 4272.16547033081, 4430.266155091857, 4442.478226101684, 4650.538437643433, 4611.42793221283, 4637.642008482361, 4535.375598321533, 4912.162959995269, 5324.418070852661, 5557.765092612458, 5578.241375681305, 5517.3851625366215, 5827.216488525391, 5745.113404541015, 5867.194319593811, 5599.572388648987, 5966.166125457764, 6085.751889900208, 6394.829631500244, 6098.475881773376, 6142.561430683136, 6675.712001205444]
shares:[0, 2.1368, 4.1521, 6.1315, 8.0341, 9.8182, 11.5891, 13.3288, 15.1264, 16.7165, 18.3583, 19.9859, 21.5192, 23.0009, 24.4652, 25.876, 27.2977, 28.7141, 30.0257, 31.3051, 32.5898, 34.026, 35.354, 36.5465, 37.7278, 38.9183, 40.1436, 41.3389, 42.5082, 43.6465, 44.6926, 45.7247, 46.7777, 47.8057, 48.8654, 49.9423, 51.0683, 52.1295, 53.1273, 54.1007, 55.0883, 56.1052, 57.0848, 58.096, 59.1034, 60.1781, 61.204, 62.2265, 63.215, 64.2689, 65.3325, 66.326]
growth_rate:30.9
