ticker:NVOS
price:[5.210000038146973, 3.509999990463257, 3.9200000762939453, 4.269999980926514, 3.6600000858306885, 3.6500000953674316, 2.740000009536743, 2.049999952316284, 2.374000072479248, 2.630000114440918, 2.4049999713897705, 2.2200000286102295, 2.130000114440918, 2.2200000286102295, 2.2799999713897705, 2.5399999618530273, 2.509999990463257, 2.5299999713897705, 2.4200000762939453, 2.1600000858306885, 2.2799999713897705, 2.0299999713897705, 1.8799999952316284, 2.0799999237060547, 2.0299999713897705, 1.7000000476837158, 1.8700000047683716, 1.8799999952316284]
assets:[0, 99.99989972829817, 211.6807881198883, 330.5808365233421, 383.3549969900608, 482.30772760176666, 462.0612716082335, 445.70278963279725, 616.1456048111916, 782.5875680532456, 815.6360192970752, 852.8947069916725, 918.318025339508, 1057.120057623625, 1185.690729121542, 1420.9011246602058, 1504.1187492851018, 1616.1037677244665, 1645.8384218873975, 1569.0128303469658, 1756.180009962845, 1663.6164415534734, 1640.6891558386087, 1915.2304417497635, 1969.19132224679, 1749.0764990602731, 2023.98403316102, 2134.807486585343]
shares:[0, 28.49, 54.0002, 77.4194, 104.7418, 132.1391, 168.6355, 217.416, 259.539, 297.5618, 339.1418, 384.1868, 431.1352, 476.1802, 520.0398, 559.4099, 599.2505, 638.7762, 680.0985, 726.3948, 770.2544, 819.5155, 872.707, 920.7839, 970.045, 1028.8685, 1082.3444, 1135.5359]
growth_rate:-20.93
