ticker:NVSAU
price:[11.359999656677246, 10.529999732971191, 10.399999618530273, 10.229999542236328, 10.050000190734863, 9.960000038146973, 10.0, 10.140000343322754, 10.09000015258789, 10.020000457763672, 10.069999694824219, 10.0, 10.0, 10.0, 9.930000305175781, 10.010000228881836, 10.069999694824219, 10.020000457763672, 10.020000457763672, 10.027000427246094, 10.0, 10.0600004196167, 10.029999732971191, 9.979999542236328, 10.0, 9.989999771118164, 9.920000076293945, 9.880000114440918, 9.88029956817627]
assets:[0, 100.00024846410751, 198.76583270931246, 295.5170657764435, 390.3168824076652, 486.82189386453626, 588.7769999999999, 697.0195675998688, 793.5825480010986, 888.0766485717772, 992.5082329216003, 1085.609, 1185.609, 1285.609, 1376.609844306946, 1487.700248016739, 1596.6175846137999, 1688.6897151477815, 1788.6893197162628, 1889.93917552948, 1984.8500000000001, 2096.759611458778, 2190.50680668211, 2279.586585439682, 2384.155, 2481.7706881399154, 2564.38053172245, 2654.0407187419887, 2754.1216482696536]
shares:[0, 9.4967, 19.1121, 28.8873, 38.8375, 48.8777, 58.8777, 68.7396, 78.6504, 88.6304, 98.5609, 108.5609, 118.5609, 128.5609, 138.6314, 148.6214, 158.5519, 168.5319, 178.5119, 188.485, 198.485, 208.4254, 218.3955, 228.4155, 238.4155, 248.4255, 258.5061, 268.6276, 278.7488]
growth_rate:-1.64
