ticker:NVSA
price:[9.829999923706055, 9.760000228881836, 9.800000190734863, 9.75, 9.720000267028809, 9.680000305175781, 9.680000305175781, 9.739999771118164, 9.760000228881836, 9.699999809265137, 9.678999900817871, 9.680000305175781, 9.670000076293945, 9.65999984741211, 9.670000076293945, 9.649999618530273, 9.654999732971191, 9.668000221252441, 9.649999618530273, 9.635000228881836, 9.630000114440918]
assets:[0, 99.99998634510041, 200.41000390052795, 299.3874, 398.4665509467125, 496.8269836631775, 596.8271948158265, 700.5261075382233, 801.9645788068771, 897.0346423612594, 995.0921724031448, 1095.195234527588, 1194.0641804208756, 1292.8296575786592, 1394.168392999649, 1491.2848860486984, 1592.0573189683914, 1694.2010227718354, 1791.0466841989517, 1888.2625273561478, 1987.282454616451]
shares:[0, 10.2459, 20.45, 30.7064, 40.9945, 51.3251, 61.6557, 71.9226, 82.1685, 92.4778, 102.8094, 113.14, 123.4813, 133.8333, 144.1746, 154.5373, 164.8946, 175.238, 185.6007, 195.9795, 206.3637]
growth_rate:-0.64
