ticker:NVVE
price:[9.899999618530273, 9.970000267028809, 9.920000076293945, 10.0, 9.960000038146973, 9.899999618530273, 9.951000213623047, 9.989999771118164, 10.149999618530273, 17.299999237060547, 15.4399995803833, 15.149999618530273, 16.950000762939453, 18.959999084472656, 17.219999313354492, 20.0, 17.899999618530273, 17.700000762939453, 18.3700008392334, 19.1200008392334, 14.850000381469727, 10.949999809265137, 12.859999656677246, 10.949999809265137, 9.100000381469727, 10.270000457763672, 11.649999618530273, 10.029999732971191, 8.25, 10.729999542236328, 10.130000114440918, 11.5, 12.399999618530273, 12.279999732971191, 12.970000267028809, 13.550000190734863, 12.890000343322754, 9.869999885559082, 11.979999542236328, 11.649999618530273, 12.09000015258789, 11.109999656677246, 9.970000267028809, 9.970000267028809, 9.970000267028809]
assets:[0, 100.00009967832564, 199.49814553432466, 301.107, 399.9029655316353, 497.49379083042146, 600.0562589817047, 702.4078729070663, 813.6574644201279, 1486.824214430237, 1426.9693932188986, 1500.1681122264863, 1778.4059450481413, 2089.2970991134644, 1997.5578043476105, 2420.044, 2265.939471710205, 2340.6215508899686, 2529.2221295475006, 2732.483295936775, 2222.247612085533, 1738.6267347153662, 2141.8933848179818, 1923.7737114903448, 1698.7525812112808, 2017.1636539108276, 2388.2138067998885, 2156.1189525976183, 1873.47765, 2536.6566587810516, 2494.8123761844636, 2932.2159500000002, 3261.6934196582797, 3330.1283955863, 3617.244878472519, 3879.003269602299, 3790.0635579476357, 3002.0887751913074, 3743.8720529441835, 3740.743812512398, 3982.0253182571414, 3759.247254831219, 3473.5102070318226, 3573.510306710148, 3673.5104063884733]
shares:[0, 10.0301, 20.1107, 30.1107, 40.1509, 50.2519, 60.3011, 70.3111, 80.1633, 85.9436, 92.4203, 99.021, 104.9207, 110.195, 116.0022, 121.0022, 126.5888, 132.2385, 137.6822, 142.9123, 149.6463, 158.7787, 166.5547, 175.6871, 186.6761, 196.4132, 204.9969, 214.967, 227.0882, 236.4079, 246.2796, 254.9753, 263.0398, 271.1831, 278.8932, 286.2733, 294.0313, 304.163, 312.5102, 321.0939, 329.3652, 338.3661, 348.3962, 358.4263, 368.4564]
growth_rate:-16.51
