ticker:NWBI
price:[10.289999961853027, 9.970000267028809, 9.949999809265137, 9.109999656677246, 9.520000457763672, 10.0600004196167, 10.239999771118164, 10.569999694824219, 10.670000076293945, 10.279999732971191, 11.699999809265137, 11.9399995803833, 12.140000343322754, 12.510000228881836, 12.390000343322754, 12.260000228881836, 12.550000190734863, 12.739999771118164, 13.859999656677246, 13.850000381469727, 13.859999656677246, 12.75, 13.170000076293945, 13.550000190734863, 13.90999984741211, 14.119999885559082, 14.9399995803833, 15.329999923706055, 14.90999984741211, 14.819999694824219, 14.529999732971191, 14.550000190734863, 14.270000457763672, 14.140000343322754, 14.039999961853027, 14.079999923706055, 14.220000267028809, 14.3100004196167, 14.15999984741211, 14.270000457763672, 14.140000343322754, 13.479999542236328, 13.65999984741211, 13.680000305175781, 13.550000190734863, 13.539999961853027, 13.460000038146973, 13.3100004196167, 13.180000305175781, 13.319999694824219, 13.100000381469727, 13.15999984741211]
assets:[0, 100.00009967832564, 199.79997616996766, 282.93199233732224, 395.66549902534484, 518.1091356110572, 627.3791859769821, 747.5970524154664, 854.670207111168, 923.4307880133629, 1150.986311236477, 1274.5961492058755, 1395.9458614777566, 1538.4910871480943, 1623.7330859930992, 1706.6962418622968, 1847.0663580717087, 1975.0299305173876, 2248.6588182990076, 2347.036299644279, 2448.7306853430746, 2352.6198, 2530.117688656998, 2703.1207030501364, 2874.938242462921, 3018.3420075366976, 3293.627487492561, 3479.606448682785, 3484.2746253421783, 3563.2421806251523, 3593.515943959236, 3698.4630934828756, 3727.289871566773, 3793.333650103092, 3866.5064774946213, 3977.52253844738, 4117.071173311996, 4243.128343422603, 4298.650273677826, 4432.043811174392, 4491.667261058807, 4382.013547192383, 4540.526577280426, 4647.174079669952, 4703.012656201363, 4799.541388477993, 4871.183435805416, 4916.897833012199, 4968.874613051606, 5121.654434657287, 5137.062969590378, 5260.591499004364]
shares:[0, 10.0301, 20.0804, 31.0573, 41.5615, 51.5019, 61.2675, 70.7282, 80.1003, 89.8279, 98.3749, 106.7501, 114.9873, 122.9809, 131.0519, 139.2085, 147.1766, 155.0259, 162.2409, 169.4611, 176.6761, 184.5192, 192.1122, 199.4923, 206.6814, 213.7636, 220.457, 226.9802, 233.6871, 240.4347, 247.317, 254.1899, 261.1976, 268.2697, 275.3922, 282.4945, 289.5268, 296.5149, 303.577, 310.5847, 317.6568, 325.0752, 332.3958, 339.7057, 347.0858, 354.4713, 361.9007, 369.4138, 377.0011, 384.5086, 392.1422, 399.741]
growth_rate:3.15
