ticker:NWE
price:[51.83000183105469, 50.22999954223633, 48.689998626708984, 48.689998626708984, 50.029998779296875, 52.15999984741211, 51.869998931884766, 56.31999969482422, 52.130001068115234, 52.91999816894531, 58.31999969482422, 58.77000045776367, 60.959999084472656, 57.279998779296875, 55.970001220703125, 56.0099983215332, 56.61000061035156, 58.310001373291016, 56.91999816894531, 59.130001068115234, 55.43000030517578, 54.470001220703125, 56.439998626708984, 56.439998626708984, 58.630001068115234, 58.47999954223633, 60.90999984741211, 63.119998931884766, 63.630001068115234, 64.83999633789062, 65.19999694824219, 66.97000122070312, 69.52999877929688, 68.23999786376953, 68.02999877929688, 67.73999786376953, 65.0999984741211, 63.130001068115234, 63.349998474121094, 63.63999938964844, 65.11000061035156, 61.290000915527344, 61.099998474121094, 60.41999816894531, 60.83000183105469, 62.83000183105469, 62.9900016784668, 61.9900016784668, 62.59000015258789, 63.150001525878906, 64.56999969482422, 63.97999954223633]
assets:[0, 99.99788308868408, 196.93156844558715, 296.9310876251221, 405.1029061157227, 522.3511024719238, 619.4470882442474, 772.5921238136292, 815.1151227012634, 927.4653039093017, 1122.1059541282655, 1230.7613495864869, 1376.6230833251952, 1393.5192663024902, 1461.65098487854, 1562.695756170273, 1679.4375661071776, 1829.872801096344, 1886.254743321228, 2059.492024202347, 2030.6226311798096, 2095.4554999603274, 2271.2414927364352, 2371.241882303238, 2563.2508796970365, 2656.693747204208, 2867.0885118175506, 3071.1161720306395, 3195.93133764801, 3356.708254415894, 3475.3423973327635, 3669.6881868896485, 3909.9638573547363, 3937.4205807403564, 4025.3010127716066, 4108.1395884468075, 4048.0350851181033, 4025.535022109222, 4139.561305292511, 4258.508743157959, 4456.87720677948, 4295.393263162994, 4382.079670564271, 4433.311323646545, 4563.393741363525, 4813.431572277832, 4925.692151252746, 4947.496421960449, 5095.383063422012, 5240.970186636353, 5458.818801200104, 5508.940278584671]
shares:[0, 1.9908, 4.0446, 6.0984, 8.0972, 10.0144, 11.9423, 13.7179, 15.6362, 17.5258, 19.2405, 20.942, 22.5824, 24.3282, 26.1149, 27.9003, 29.6668, 31.3818, 33.1387, 34.8299, 36.634, 38.4699, 40.2417, 42.0135, 43.7191, 45.4291, 47.0709, 48.6552, 50.2268, 51.7691, 53.3028, 54.796, 56.2342, 57.6996, 59.1695, 60.6457, 62.1818, 63.7658, 65.3443, 66.9156, 68.4515, 70.0831, 71.7198, 73.3749, 75.0188, 76.6104, 78.198, 79.8112, 81.4089, 82.9924, 84.5411, 86.1041]
growth_rate:8.02
