ticker:NWFL
price:[24.8799991607666, 27.1200008392334, 25.709999084472656, 23.5, 25.200000762939453, 25.579999923706055, 25.600000381469727, 24.969999313354492, 22.8799991607666, 24.31999969482422, 27.600000381469727, 27.0, 28.299999237060547, 26.239999771118164, 27.100000381469727, 27.6200008392334, 26.3799991607666, 26.170000076293945, 27.18000030517578, 26.190000534057617, 25.420000076293945, 24.68000030517578, 24.649999618530273, 24.299999237060547, 24.170000076293945, 25.540000915527344, 28.389999389648438, 28.329999923706055, 28.040000915527344, 26.399999618530273, 26.600000381469727, 26.040000915527344, 26.049999237060547, 25.559999465942383, 25.489999771118164, 25.06999969482422, 25.860000610351562, 25.3799991607666, 25.40999984741211, 25.610000610351562, 25.739999771118164, 25.350000381469727, 25.170000076293945, 25.860000610351562, 25.459999084472656, 24.920000076293945, 25.09000015258789, 25.100000381469727, 25.530000686645508, 25.40999984741211, 25.309999465942383, 25.5]
assets:[0, 99.99957909450531, 194.79952106323242, 278.05435, 398.1700920547485, 504.17412449626926, 604.5670490087509, 689.6888600343704, 731.9609171518325, 878.0273809822082, 1096.4458951543809, 1172.61, 1329.0698441696168, 1332.3254923786162, 1475.990680776596, 1604.3132727470397, 1632.2888280715943, 1719.2957290122984, 1885.6505731719972, 1916.969232090187, 1960.6090178844454, 2003.5347647743224, 2101.0994124845506, 2171.2656818294527, 2259.6508901327134, 2487.7314511772156, 2865.3373413986205, 2959.280967030525, 3028.9874508987427, 2951.8288373472215, 3074.191304086876, 3109.47036132431, 3210.665010967636, 3250.273432087898, 3341.371913996887, 3386.315166778564, 3593.0246888031, 3626.332350089073, 3730.619947597504, 3859.982828993225, 3979.576422613334, 4019.2805854825974, 4090.741677399635, 4302.884291557312, 4336.326676068115, 4344.353453300476, 4473.991120209122, 4575.7752495426175, 4754.166091866302, 4831.820733984757, 4912.805039336586, 5049.68595]
shares:[0, 3.6873, 7.5768, 11.8321, 15.8004, 19.7097, 23.6159, 27.6207, 31.9913, 36.1031, 39.7263, 43.43, 46.9636, 50.7746, 54.4646, 58.0852, 61.876, 65.6972, 69.3764, 73.1947, 77.1286, 81.1805, 85.2373, 89.3525, 93.4899, 97.4053, 100.9277, 104.4575, 108.0238, 111.8117, 115.5711, 119.4113, 123.2501, 127.1625, 131.0856, 135.0744, 138.9414, 142.8815, 146.817, 150.7217, 154.6067, 158.5515, 162.5245, 166.3915, 170.3192, 174.332, 178.3177, 182.3018, 186.2188, 190.1543, 194.1053, 198.0269]
growth_rate:-0.99
