ticker:NWL
price:[16.31999969482422, 17.450000762939453, 17.719999313354492, 16.739999771118164, 17.3799991607666, 18.010000228881836, 18.020000457763672, 18.0, 17.65999984741211, 18.8799991607666, 19.729999542236328, 20.3700008392334, 21.06999969482422, 22.030000686645508, 20.510000228881836, 20.600000381469727, 21.219999313354492, 21.229999542236328, 23.06999969482422, 24.139999389648438, 24.799999237060547, 24.020000457763672, 26.1299991607666, 24.190000534057617, 24.31999969482422, 23.170000076293945, 24.639999389648438, 25.399999618530273, 26.09000015258789, 26.639999389648438, 27.059999465942383, 27.030000686645508, 26.760000228881836, 26.540000915527344, 26.959999084472656, 29.06999969482422, 28.950000762939453, 28.299999237060547, 28.690000534057617, 28.270000457763672, 28.040000915527344, 25.989999771118164, 26.6200008392334, 27.200000762939453, 27.030000686645508, 27.040000915527344, 27.329999923706055, 24.75, 25.459999084472656, 25.670000076293945, 24.510000228881836, 25.540000915527344]
assets:[0, 100.00071937217712, 201.547272190094, 290.40049402942657, 401.5023126125336, 516.0567455583572, 616.3434816570282, 715.6601999999999, 802.1419170692444, 957.5557974357606, 1100.6656464630128, 1236.3694229377747, 1378.856599028778, 1541.6814780521393, 1535.310934133339, 1642.0486904073716, 1791.4687340309142, 1892.3126561977385, 2156.318266475678, 2356.3294804229736, 2520.753762452316, 2541.472178434372, 2864.7232629919054, 2752.0334667583465, 2866.822108026123, 2831.2604763227464, 3110.886162940979, 3306.8386503362653, 3496.670526450348, 3670.3845239074703, 3828.251186445427, 3924.007368681908, 3984.810226082611, 4052.0503737800595, 4216.174504824066, 4646.150492224884, 4726.970599573135, 4720.838902730941, 4885.895614949799, 4914.369242576218, 4974.38589041748, 4710.708250514984, 4924.897143264388, 5132.202223954391, 5200.126137099266, 5302.049347518158, 5458.913315760994, 5043.582225, 5288.265857836914, 5431.884964144135, 5286.424693366242, 5608.579093049621]
shares:[0, 5.7307, 11.374, 17.3477, 23.1014, 28.6539, 34.2033, 39.7589, 45.4214, 50.718, 55.7864, 60.6956, 65.4417, 69.981, 74.8567, 79.7111, 84.4236, 89.1339, 93.4685, 97.611, 101.6433, 105.8065, 109.6335, 113.7674, 117.8792, 122.1951, 126.2535, 130.1905, 134.0234, 137.7772, 141.4727, 145.1723, 148.9092, 152.6771, 156.3863, 159.8263, 163.2805, 166.8141, 170.2996, 173.8369, 177.4032, 181.2508, 185.0074, 188.6839, 192.3835, 196.0817, 199.7407, 203.7811, 207.7088, 211.6044, 215.6844, 219.5998]
growth_rate:9.97
