ticker:NWLI
price:[215.6699981689453, 210.0, 202.47000122070312, 183.1999969482422, 201.2100067138672, 198.60000610351562, 193.74000549316406, 188.58999633789062, 169.6300048828125, 183.64999389648438, 187.64999389648438, 186.5, 190.8699951171875, 196.8000030517578, 206.00999450683594, 205.0, 208.4600067138672, 206.44000244140625, 212.4600067138672, 206.0, 204.6999969482422, 180.0, 192.3000030517578, 200.3000030517578, 202.5, 208.8300018310547, 220.3300018310547, 233.9499969482422, 251.05999755859375, 245.3000030517578, 255.8800048828125, 247.6999969482422, 240.69000244140625, 232.0, 229.3000030517578, 239.69000244140625, 257.5, 259.9800109863281, 245.02000427246094, 227.60000610351562, 228.91000366210938, 230.0, 230.1199951171875, 229.30999755859375, 221.49000549316406, 217.35000610351562, 216.97000122070312, 207.88999938964844, 204.0500030517578, 235.0, 227.0, 227.60000610351562]
assets:[0, 100.00200000000001, 196.4161481842041, 277.7311953735352, 405.03574351501464, 499.7769153594971, 587.5553146591187, 671.9461569519043, 704.3885952758789, 862.6040213317871, 981.3907030792236, 1075.37765, 1200.5722692871093, 1337.8661007461546, 1500.4737949905395, 1593.1165, 1720.003515396118, 1803.3359973266602, 1955.9280678085327, 1996.4489999999998, 2083.8459689331053, 1932.408, 2164.4519143493653, 2354.506505873108, 2480.36175, 2657.904731304932, 2904.2799191360473, 3183.802113468933, 3516.6475978027343, 3535.9750139907837, 3788.482588293457, 3767.368333584595, 3760.7572191467284, 3724.9688, 3781.61565032959, 4052.966189282226, 4454.10625, 4596.992552261352, 4432.460881289673, 4217.337073095703, 4341.621584457397, 4462.299, 4564.637211145019, 4648.572270507812, 4590.048128837586, 4604.255589294433, 4696.207191421509, 4599.670181495666, 4614.713249017334, 5414.6585000000005, 5330.3232, 5444.419746002197]
shares:[0, 0.4762, 0.9701, 1.516, 2.013, 2.5165, 3.0327, 3.563, 4.1525, 4.697, 5.2299, 5.7661, 6.29, 6.7981, 7.2835, 7.7713, 8.251, 8.7354, 9.2061, 9.6915, 10.18, 10.7356, 11.2556, 11.7549, 12.2487, 12.7276, 13.1815, 13.6089, 14.0072, 14.4149, 14.8057, 15.2094, 15.6249, 16.0559, 16.492, 16.9092, 17.2975, 17.6821, 18.0902, 18.5296, 18.9665, 19.4013, 19.8359, 20.272, 20.7235, 21.1836, 21.6445, 22.1255, 22.6156, 23.0411, 23.4816, 23.921]
growth_rate:6.75
