ticker:NWPX
price:[27.290000915527344, 27.049999237060547, 26.56999969482422, 25.399999618530273, 27.549999237060547, 28.3700008392334, 30.6200008392334, 30.5, 26.799999237060547, 26.520000457763672, 27.81999969482422, 29.010000228881836, 29.010000228881836, 29.270000457763672, 27.81999969482422, 27.31999969482422, 27.889999389648438, 28.299999237060547, 30.18000030517578, 31.530000686645508, 32.0, 30.25, 31.799999237060547, 32.040000915527344, 32.970001220703125, 34.029998779296875, 34.25, 34.810001373291016, 33.88999938964844, 33.310001373291016, 33.689998626708984, 32.9900016784668, 33.36000061035156, 33.2400016784668, 33.27000045776367, 32.38999938964844, 31.969999313354492, 34.20000076293945, 31.65999984741211, 31.809999465942383, 30.209999084472656, 28.75, 28.520000457763672, 28.829999923706055, 26.899999618530273, 28.270000457763672, 28.3799991607666, 28.40999984741211, 27.170000076293945, 27.100000381469727, 25.290000915527344, 25.649999618530273]
assets:[0, 100.00114217948914, 198.22548272323607, 289.4964956521988, 414.00210353508, 526.3259295696258, 668.0671783103943, 765.44935, 772.5903780059814, 864.5175389225006, 1006.8948129547118, 1149.9651120729447, 1249.9654838619233, 1361.169174287796, 1393.7374727111817, 1468.6876675941467, 1599.329702999878, 1722.8416935539246, 1937.29345358963, 2123.9522832544326, 2255.6128, 2232.259425, 2446.641061300659, 2565.1064532966616, 2739.5631234313964, 2927.6416309814454, 3046.568325, 3196.379642100525, 3211.900969154358, 3256.9320182754514, 3394.085435648346, 3423.563816184235, 3561.9606891693115, 3649.147216265106, 3752.44017663002, 3753.1879402755735, 3804.519434287262, 4169.896653022766, 3960.2037449134828, 4078.967602518272, 3973.802132572174, 3881.756, 3950.701691411209, 4093.643764166832, 3919.5989444160464, 4219.221239319992, 4335.6380137895585, 4440.221604151916, 4346.420233204842, 4435.221292431832, 4238.993619456482, 4399.334034572602]
shares:[0, 3.6969, 7.4605, 11.3975, 15.0273, 18.5522, 21.818, 25.0967, 28.828, 32.5987, 36.1932, 39.6403, 43.0874, 46.5039, 50.0984, 53.7587, 57.3442, 60.8778, 64.1913, 67.3629, 70.4879, 73.7937, 76.9384, 80.0595, 83.0926, 86.0312, 88.9509, 91.8236, 94.7743, 97.7764, 100.7446, 103.7758, 106.7734, 109.7818, 112.7875, 115.8749, 119.0028, 121.9268, 125.0854, 128.2291, 131.5393, 135.0176, 138.5239, 141.9925, 145.71, 149.2473, 152.7709, 156.2908, 159.9713, 163.6613, 167.6154, 171.514]
growth_rate:-13.74
