ticker:NWS
price:[14.930000305175781, 15.050000190734863, 15.479999542236328, 13.989999771118164, 14.170000076293945, 14.15999984741211, 13.9399995803833, 13.90999984741211, 13.020000457763672, 15.140000343322754, 17.18000030517578, 17.559999465942383, 17.809999465942383, 18.670000076293945, 17.860000610351562, 17.290000915527344, 17.68000030517578, 17.770000457763672, 18.15999984741211, 18.31999969482422, 18.239999771118164, 18.8799991607666, 20.81999969482422, 23.5, 22.40999984741211, 22.920000076293945, 23.5, 24.93000030517578, 25.1299991607666, 24.010000228881836, 24.0, 24.6299991607666, 24.899999618530273, 24.889999389648438, 24.309999465942383, 25.3700008392334, 24.920000076293945, 25.25, 25.690000534057617, 24.780000686645508, 25.549999237060547, 23.81999969482422, 24.190000534057617, 24.459999084472656, 24.15999984741211, 22.989999771118164, 23.530000686645508, 23.510000228881836, 23.760000228881836, 22.780000686645508, 21.489999771118164, 22.15999984741211]
assets:[0, 99.99972626733779, 202.85610600128174, 283.3310713645935, 386.9770340835571, 486.70326675529475, 579.1414645668983, 677.8954965637207, 734.5220238246918, 954.1213076361656, 1182.6815290084837, 1308.8415841938017, 1427.475019195175, 1596.4044945236205, 1627.1442856063843, 1675.214356704712, 1813.000935294342, 1922.2307055175781, 2064.4178866539, 2182.6062916419983, 2273.0760674766543, 2452.8328509693147, 2804.8724408866883, 3265.9219000000003, 3214.4388351131443, 3387.5920552762987, 3573.3160000000003, 3890.75534362793, 4021.968410683632, 3942.7157515850067, 4041.0743999999995, 4247.152721284103, 4393.712002688027, 4491.947969848633, 4487.273406420708, 4782.935222218322, 4798.096814689636, 4961.6351, 5148.096277021408, 5065.7383703699115, 5323.148161047363, 5062.717027137756, 5241.3562707166675, 5399.85788588562, 5433.629869682693, 5270.4942315284725, 5494.290455332756, 5589.620104417801, 5749.0599433811185, 5611.935177157593, 5394.13822354908, 5662.3120810108185]
shares:[0, 6.6445, 13.1044, 20.2524, 27.3096, 34.3717, 41.5453, 48.7344, 56.4149, 63.0199, 68.8406, 74.5354, 80.1502, 85.5064, 91.1055, 96.8892, 102.5453, 108.1728, 113.6794, 119.1379, 124.6204, 129.917, 134.7201, 138.9754, 143.4377, 147.8007, 152.056, 156.0672, 160.0465, 164.2114, 168.3781, 172.4382, 176.4543, 180.472, 184.5855, 188.5272, 192.54, 196.5004, 200.393, 204.4285, 208.3424, 212.5406, 216.6745, 220.7628, 224.9019, 229.2516, 233.5015, 237.755, 241.9638, 246.3536, 251.0069, 255.5195]
growth_rate:11.03
