ticker:NWSA
price:[14.949999809265137, 15.0600004196167, 15.640000343322754, 14.100000381469727, 14.220000267028809, 14.25, 14.0600004196167, 13.979999542236328, 13.130000114440918, 15.15999984741211, 16.979999542236328, 17.520000457763672, 17.709999084472656, 18.68000030517578, 17.959999084472656, 17.350000381469727, 17.81999969482422, 17.969999313354492, 18.6299991607666, 18.700000762939453, 18.56999969482422, 19.399999618530273, 21.219999313354492, 23.719999313354492, 22.5, 23.450000762939453, 24.3700008392334, 26.209999084472656, 27.299999237060547, 25.729999542236328, 26.059999465942383, 26.68000030517578, 26.700000762939453, 26.729999542236328, 26.200000762939453, 27.440000534057617, 26.700000762939453, 26.489999771118164, 26.989999771118164, 26.219999313354492, 26.84000015258789, 25.1299991607666, 25.729999542236328, 25.75, 25.520000457763672, 24.219999313354492, 24.75, 24.6299991607666, 24.719999313354492, 23.520000457763672, 22.100000381469727, 22.739999771118164]
assets:[0, 99.99990878629686, 203.8517644748688, 283.77942767753603, 386.1938772521019, 487.00800000000004, 580.5149213253021, 677.212147825241, 736.0362944152832, 949.8331144397736, 1163.863504623413, 1300.8775539894104, 1414.984651851654, 1592.4849700164796, 1631.1037688529968, 1675.704676843262, 1821.0988308128358, 1936.4273590078353, 2107.548463060379, 2215.4676303886413, 2300.065306201172, 2502.867670785141, 2837.671994177437, 3271.9888892826084, 3203.6984999999995, 3438.966061885834, 3673.8848545181277, 4051.2716954872135, 4319.75258927803, 4171.32694178772, 4324.826301369667, 4527.718779789734, 4631.112462331772, 4736.315348888397, 4742.4044980979925, 5066.85372261486, 5030.21072373581, 5090.646832015229, 5286.733680167198, 5235.908370882797, 5459.717679039001, 5211.87387094593, 5436.311493282318, 5540.537375000001, 5591.049300289154, 5406.238082731246, 5624.54145, 5697.271014873314, 5818.089150391388, 5635.657885685348, 5395.41011313057, 5651.656281115151]
shares:[0, 6.6401, 13.034, 20.1262, 27.1585, 34.176, 41.2884, 48.4415, 56.0576, 62.6539, 68.5432, 74.251, 79.8975, 85.2508, 90.8187, 96.5824, 102.1941, 107.7589, 113.1266, 118.4742, 123.8592, 129.0138, 133.7263, 137.9422, 142.3866, 146.651, 150.7544, 154.5697, 158.2327, 162.1192, 165.9565, 169.7046, 173.4499, 177.191, 181.0078, 184.6521, 188.3974, 192.1724, 195.8775, 199.6914, 203.4172, 207.3965, 211.283, 215.1665, 219.085, 223.2138, 227.2542, 231.3143, 235.3596, 239.6113, 244.1362, 248.5337]
growth_rate:10.82
