ticker:NXGN
price:[12.949999809265137, 13.380000114440918, 13.069999694824219, 12.229999542236328, 12.680000305175781, 13.819999694824219, 13.960000038146973, 15.010000228881836, 13.600000381469727, 14.75, 15.649999618530273, 16.260000228881836, 18.0, 17.770000457763672, 17.549999237060547, 18.540000915527344, 18.260000228881836, 18.239999771118164, 19.889999389648438, 21.18000030517578, 22.950000762939453, 19.780000686645508, 19.989999771118164, 19.479999542236328, 18.989999771118164, 18.700000762939453, 19.0, 20.0, 19.610000610351562, 18.579999923706055, 18.670000076293945, 18.709999084472656, 18.75, 18.84000015258789, 18.309999465942383, 18.489999771118164, 18.670000076293945, 18.34000015258789, 16.420000076293945, 17.530000686645508, 17.56999969482422, 17.06999969482422, 17.139999389648438, 16.520000457763672, 16.489999771118164, 16.229999542236328, 15.869999885559082, 16.219999313354492, 16.239999771118164, 15.539999961853027, 15.010000228881836, 15.65999984741211]
assets:[0, 99.99944485530852, 197.68243838424684, 284.97733433341983, 395.46258151779176, 531.0169042739868, 636.3959177390099, 784.2620049589157, 810.589942736435, 979.133025, 1138.8770772397995, 1283.2684860637667, 1520.5932, 1601.16411424675, 1681.3408219081878, 1876.1850566482544, 1947.850830415535, 2045.7181183296204, 2330.77576547699, 2581.9415832023624, 2897.7129963302614, 2597.46221816864, 2725.038767798805, 2755.5160632476804, 2786.2032714185716, 2843.6548860179905, 2989.2756999999997, 3246.6059999999998, 3283.296519190979, 3210.843230815506, 3326.3965735931397, 3433.522448989105, 3540.8625, 3657.859505625534, 3654.957867393875, 3790.888166073799, 3927.7927490507122, 3958.368082933426, 3643.9691089313505, 3990.303219299126, 4099.407730796814, 4082.747903009033, 4199.4901044570925, 4147.584002928162, 4240.052204147911, 4273.198202475357, 4278.413900147724, 4472.770240653038, 4578.284919474983, 4480.945003000355, 4428.119680522728, 4719.876974010467]
shares:[0, 7.4738, 15.1249, 23.3015, 31.1879, 38.4238, 45.5871, 52.2493, 59.6022, 66.3819, 72.7717, 78.9218, 84.4774, 90.1049, 95.8029, 101.1966, 106.6731, 112.1556, 117.1833, 121.9047, 126.262, 131.3176, 136.3201, 141.4536, 146.7195, 152.0671, 157.3303, 162.3303, 167.4297, 172.8118, 178.168, 183.5127, 188.846, 194.1539, 199.6154, 205.0237, 210.3799, 215.8325, 221.9226, 227.6271, 233.3186, 239.1768, 245.0111, 251.0644, 257.1287, 263.2901, 269.5913, 275.7565, 281.9141, 288.3491, 295.0113, 301.397]
growth_rate:-7.45
