ticker:NXPI
price:[126.33000183105469, 124.75, 126.08999633789062, 119.83000183105469, 127.38999938964844, 141.52999877929688, 137.22999572753906, 137.17999267578125, 135.1199951171875, 146.72000122070312, 146.49000549316406, 150.57000732421875, 158.94000244140625, 163.99000549316406, 157.10000610351562, 155.50999450683594, 157.3300018310547, 159.00999450683594, 175.02999877929688, 172.22000122070312, 172.3000030517578, 160.47000122070312, 181.99000549316406, 194.38999938964844, 191.58999633789062, 182.5500030517578, 180.89999389648438, 183.47000122070312, 202.0399932861328, 199.0, 208.0800018310547, 209.19000244140625, 199.3800048828125, 201.55999755859375, 192.50999450683594, 197.9199981689453, 192.27000427246094, 199.83999633789062, 211.4199981689453, 202.0, 201.1300048828125, 193.10000610351562, 204.1699981689453, 202.72999572753906, 200.35000610351562, 190.11000061035156, 196.35000610351562, 206.38999938964844, 213.75, 215.25999450683594, 205.0, 226.50999450683594]
assets:[0, 99.9996, 201.07571716003417, 291.091040447998, 409.456936038208, 554.9108192138672, 638.0508651351928, 737.8225906066895, 826.7452021240234, 997.7253523010254, 1096.155413104248, 1226.6787926696777, 1394.8733554260252, 1539.1937925582886, 1574.5191011718748, 1658.576295413208, 1777.986350692749, 1896.973333467102, 2188.085020739746, 2252.964833969116, 2354.0143316940307, 2292.3942024383546, 2699.821731491089, 2983.76985663147, 3040.7823088775635, 2997.3067551071167, 3070.2166064117437, 3213.8256643829345, 3639.124155070496, 3684.3655999999996, 3952.4796347808838, 4073.5569175415035, 3982.535845532226, 4126.074242022705, 4040.823286697388, 4254.389320640564, 4232.939506060791, 4499.597357543945, 4860.334337905884, 4743.768, 4823.338873095703, 4730.77635953064, 5101.983667243958, 5166.006297128296, 5205.353613577271, 5039.302819178773, 5304.70957489624, 5675.9520122146605, 5978.352375, 6120.59505381012, 5928.8665, 6650.967666705323]
shares:[0, 0.8016, 1.5947, 2.4292, 3.2142, 3.9208, 4.6495, 5.3785, 6.1186, 6.8002, 7.4828, 8.1469, 8.7761, 9.3859, 10.0224, 10.6654, 11.301, 11.9299, 12.5012, 13.0819, 13.6623, 14.2855, 14.835, 15.3494, 15.8713, 16.4191, 16.9719, 17.5169, 18.0119, 18.5144, 18.995, 19.473, 19.9746, 20.4707, 20.9902, 21.4955, 22.0156, 22.516, 22.989, 23.484, 23.9812, 24.4991, 24.9889, 25.4822, 25.9813, 26.5073, 27.0166, 27.5011, 27.9689, 28.4335, 28.9213, 29.3628]
growth_rate:30.41
