ticker:NXST
price:[95.62999725341797, 96.98999786376953, 100.38999938964844, 93.4000015258789, 89.95999908447266, 92.16000366210938, 88.02999877929688, 90.4000015258789, 82.4000015258789, 86.44000244140625, 99.91999816894531, 104.56999969482422, 107.0, 110.80000305175781, 104.68000030517578, 101.80999755859375, 105.02999877929688, 109.19000244140625, 113.30999755859375, 111.3499984741211, 108.0, 113.66999816894531, 125.5, 129.0500030517578, 124.62000274658203, 137.5500030517578, 150.41000366210938, 155.55999755859375, 153.99000549316406, 141.85000610351562, 142.6999969482422, 150.5399932861328, 153.55999755859375, 153.75, 147.41000366210938, 147.50999450683594, 150.89999389648438, 147.27000427246094, 151.91000366210938, 148.14999389648438, 146.8300018310547, 142.5, 155.10000610351562, 151.5, 147.10000610351562, 142.11000061035156, 144.57000732421875, 147.07000732421875, 152.86000061035156, 145.72000122070312, 142.7899932861328, 148.63999938964844]
assets:[0, 99.99668779754637, 203.50056776275633, 289.33452472686764, 378.67762014617915, 487.9411393890381, 566.0769071502685, 681.3176915000915, 721.0247333518981, 856.3783921874999, 1089.9273400268555, 1240.649847379303, 1369.4823, 1518.1151618133545, 1534.2633604728699, 1592.1963708190917, 1742.5527097473146, 1911.5675347412107, 2083.6915381042477, 2147.6519605697636, 2183.0364, 2397.6412713775635, 2747.1699000000003, 2924.8796041671753, 2924.470066454315, 3327.8985288345334, 3739.0272400360104, 3967.04438973999, 4027.0080326522825, 3809.537948916626, 3932.369545903015, 4248.419258526611, 4433.645673510742, 4539.1305, 4451.959002600098, 4554.9758713760375, 4759.6574274841305, 4745.157353662109, 4994.66420140686, 4971.039710202026, 5026.754478686524, 4978.5225, 5518.721887173461, 5490.6327, 5431.167585351563, 5346.931405964661, 5539.48897064209, 5735.2743686218255, 6061.0671702011105, 5877.951405239868, 5859.758628479003, 6199.833830541992]
shares:[0, 1.031, 2.0271, 3.0978, 4.2094, 5.2945, 6.4305, 7.5367, 8.7503, 9.9072, 10.908, 11.8643, 12.7989, 13.7014, 14.6567, 15.6389, 16.591, 17.5068, 18.3893, 19.2874, 20.2133, 21.093, 21.8898, 22.6647, 23.4671, 24.1941, 24.8589, 25.5017, 26.1511, 26.8561, 27.5569, 28.2212, 28.8724, 29.5228, 30.2012, 30.8791, 31.5418, 32.2208, 32.8791, 33.5541, 34.2352, 34.937, 35.5817, 36.2418, 36.9216, 37.6253, 38.317, 38.9969, 39.6511, 40.3373, 41.0376, 41.7104]
growth_rate:21.57
