ticker:NXTC
price:[8.319999694824219, 9.050000190734863, 9.569999694824219, 8.380000114440918, 9.520000457763672, 11.220000267028809, 11.390000343322754, 12.430000305175781, 9.65999984741211, 9.869999885559082, 10.550000190734863, 10.1899995803833, 10.380000114440918, 11.4399995803833, 11.649999618530273, 10.5600004196167, 10.739999771118164, 10.899999618530273, 11.319999694824219, 12.3100004196167, 13.600000381469727, 11.59000015258789, 12.614999771118164, 13.380000114440918, 13.34000015258789, 11.359999656677246, 11.3100004196167, 12.670000076293945, 11.930000305175781, 10.460000038146973, 10.079999923706055, 9.619999885559082, 9.420000076293945, 9.5, 8.770000457763672, 7.949999809265137, 8.140000343322754, 8.279999732971191, 7.849999904632568, 7.599999904632568, 8.039999961853027, 7.849999904632568, 8.479999542236328, 7.989999771118164, 7.869999885559082, 7.230000019073486, 7.059999942779541, 6.929999828338623, 7.619999885559082, 7.210000038146973, 7.010000228881836, 7.420000076293945]
assets:[0, 99.99978710756301, 205.74542343902587, 280.16183982601166, 418.27454811248776, 592.9669161122322, 701.950914158535, 866.0453552627564, 773.049215789032, 889.8545146822929, 1051.161929004097, 1115.2923970730783, 1236.0877816280365, 1462.3168023625374, 1589.1601379642486, 1540.4749092129707, 1666.7330464799882, 1791.5631773002624, 1960.5956471443176, 2232.0615860853195, 2565.965111973381, 2286.730210105896, 2588.9650495267865, 2845.9648263419153, 2937.4573615997315, 2601.4626413784026, 2690.0123468031884, 3113.4802067481996, 3031.6349755508422, 2758.080258058548, 2757.881931126022, 2732.02609549942, 2775.2271644769667, 2898.7958, 2776.0462979000094, 2616.484062225819, 2779.0164672112464, 2926.81264961071, 2874.8167600746633, 2883.262123819828, 3150.1877610534666, 3175.7433664187906, 3530.612193412018, 3426.6024878414155, 3475.1393224665644, 3292.5362246860504, 3315.118283131361, 3354.074871917009, 3788.0307211094855, 3684.212684492588, 3682.0152382205965, 3997.368479101753]
shares:[0, 11.0497, 21.499, 33.4322, 43.9364, 52.8491, 61.6287, 69.6738, 80.0258, 90.1575, 99.6362, 109.4497, 119.0836, 127.8249, 136.4086, 145.8783, 155.1893, 164.3636, 173.1975, 181.321, 188.6739, 197.302, 205.2291, 212.7029, 220.1992, 229.002, 237.8437, 245.7364, 254.1186, 263.6788, 273.5994, 283.9944, 294.6101, 305.1364, 316.5389, 329.1175, 341.4025, 353.4798, 366.2187, 379.3766, 391.8144, 404.5533, 416.3458, 428.8614, 441.5679, 455.3992, 469.5635, 483.9935, 497.1169, 510.9865, 525.2518, 538.7289]
growth_rate:-21.62
