ticker:NXTD
price:[0.34299999475479126, 0.32499998807907104, 0.335999995470047, 0.3490000069141388, 0.3190000057220459, 0.32600000500679016, 0.3580000102519989, 0.4819999933242798, 0.382999986410141, 0.3499999940395355, 0.3160000145435333, 0.35899999737739563, 0.3720000088214874, 0.40299999713897705, 0.37700000405311584, 1.3799999952316284, 1.2400000095367432, 1.600000023841858, 1.5199999809265137, 1.2999999523162842, 1.2699999809265137, 1.25, 1.2200000286102295, 1.899999976158142, 2.6600000858306885, 1.649999976158142, 1.399999976158142, 1.6100000143051147, 1.659999966621399, 1.440000057220459, 1.3799999952316284, 1.2200000286102295, 0.7699999809265137, 0.7770000100135803, 0.8799999952316284, 0.8149999976158142, 0.7200000286102295, 0.7739999890327454, 0.8450000286102295, 0.8700000047683716, 0.9490000009536743, 0.9100000262260437, 0.9350000023841858, 0.8799999952316284, 0.8799999952316284, 0.7649999856948853, 0.7820000052452087, 0.7590000033378601, 0.7749999761581421, 0.7649999856948853, 0.6880000233650208, 0.6940000057220459]
assets:[0, 99.99999383202194, 203.38462765796783, 311.25366686633527, 384.4983309969187, 492.93560997062923, 641.3219343654514, 963.4557604560971, 865.5675217873604, 890.988614826554, 904.435491625592, 1127.5073427632153, 1268.336336476916, 1474.0310051353931, 1478.9322602999569, 5513.598160948634, 5054.247726871824, 6621.610018669677, 6390.529383809423, 5565.584235855579, 5537.147846840381, 5549.94875, 5516.750093373346, 8691.659710934042, 12268.324183864164, 7710.050423592769, 6641.860986889779, 7738.140331754649, 8078.4550755617265, 7107.816810439253, 6911.657526117861, 6210.306079637933, 4019.6191964309696, 4156.16132086249, 4807.1067179521915, 4552.036357183558, 4121.43107577095, 4530.538192204177, 5046.130441853189, 5295.4240700236205, 5876.272917505216, 5734.782400275439, 5992.331239280033, 5739.841152898073, 5839.841184356213, 5176.680086198688, 5391.717526964558, 5333.13758375358, 5545.56192939806, 5574.0063907688855, 5112.962852040231, 5257.552499348641]
shares:[0, 307.6923, 605.3114, 891.8443, 1205.3239, 1512.0724, 1791.402, 1998.8709, 2259.9675, 2545.6818, 2862.1375, 3140.689, 3409.5062, 3657.6452, 3922.8972, 3995.361, 4076.0062, 4138.5062, 4204.2957, 4281.2188, 4359.959, 4439.959, 4521.9262, 4574.5578, 4612.1518, 4672.7579, 4744.1865, 4806.2983, 4866.5393, 4935.9837, 5008.4475, 5090.4147, 5220.2848, 5348.9849, 5462.6213, 5585.3207, 5724.2096, 5853.4086, 5971.7518, 6086.6943, 6192.0684, 6301.9585, 6408.9104, 6522.5468, 6636.1832, 6766.9022, 6894.7794, 7026.5317, 7155.564, 7286.283, 7431.6318, 7575.724]
growth_rate:3.09
