ticker:NXTG
price:[58.70000076293945, 58.619998931884766, 59.439998626708984, 57.9900016784668, 59.40999984741211, 62.18000030517578, 61.560001373291016, 61.4900016784668, 58.34000015258789, 63.25, 63.689998626708984, 64.30000305175781, 65.66000366210938, 67.30999755859375, 66.16000366210938, 68.12000274658203, 68.06999969482422, 69.19999694824219, 72.05999755859375, 72.02999877929688, 73.58000183105469, 71.16999816894531, 73.29000091552734, 74.93000030517578, 74.45999908447266, 70.87000274658203, 69.80000305175781, 71.72000122070312, 71.98999786376953, 73.22000122070312, 74.0, 74.83000183105469, 75.13999938964844, 75.02999877929688, 74.19999694824219, 74.58000183105469, 72.27999877929688, 73.19999694824219, 74.68000030517578, 76.18000030517578, 76.77999877929688, 75.13999938964844, 76.08999633789062, 76.44000244140625, 76.16999816894531, 75.5, 76.05000305175781, 76.51000213623047, 77.8499984741211, 77.8499984741211, 76.83999633789062, 78.95999908447266]
assets:[0, 99.99985617790222, 201.40054734687806, 296.4854815814972, 403.74441796302796, 522.5669405647278, 617.3544737720489, 716.6536715621949, 779.9416280399322, 945.5811749999999, 1052.1587773132323, 1162.2354151611328, 1286.817883770752, 1419.1572575256348, 1494.9117467468263, 1639.1988740921022, 1737.9972672080992, 1866.8498376708983, 2044.0034487487794, 2143.1517716796875, 2289.272522969055, 2314.29176645813, 2483.2264690200805, 2638.7948347473143, 2722.242674528504, 2690.9907002899167, 2750.364420249939, 2926.018265802002, 3037.0348408790587, 3188.921425164795, 3322.896, 3460.169216668701, 3574.4999389648438, 3669.2670603027345, 3728.675986643982, 3847.768744468689, 3829.105215332031, 3977.841554161072, 4158.264564992523, 4341.7877013931275, 4475.982164837646, 4480.372743606567, 4637.015684826661, 4758.344287976074, 4841.5402746139525, 4898.953399999999, 5034.639487031555, 5165.090781214142, 5355.550515029907, 5455.548838069915, 5484.7697826019285, 5736.096509490967]
shares:[0, 1.7059, 3.3883, 5.1127, 6.7959, 8.4041, 10.0285, 11.6548, 13.3689, 14.9499, 16.52, 18.0752, 19.5982, 21.0839, 22.5954, 24.0634, 25.5325, 26.9776, 28.3653, 29.7536, 31.1127, 32.5178, 33.8822, 35.2168, 36.5598, 37.9708, 39.4035, 40.7978, 42.1869, 43.5526, 44.904, 46.2404, 47.5712, 48.904, 50.2517, 51.5925, 52.976, 54.3421, 55.6811, 56.9938, 58.2962, 59.627, 60.9412, 62.2494, 63.5623, 64.8868, 66.2017, 67.5087, 68.7932, 70.0777, 71.3791, 72.6456]
growth_rate:12.47
