ticker:NYMTM
price:[20.249000549316406, 20.350000381469727, 20.209999084472656, 20.079999923706055, 19.829999923706055, 19.75, 19.219999313354492, 19.549999237060547, 18.850000381469727, 19.600000381469727, 20.3799991607666, 21.670000076293945, 21.889999389648438, 22.5, 22.56999969482422, 22.15999984741211, 22.09000015258789, 22.1299991607666, 22.350000381469727, 23.040000915527344, 23.020000457763672, 23.020000457763672, 23.329999923706055, 24.100000381469727, 23.719999313354492, 24.149999618530273, 24.1299991607666, 24.6200008392334, 24.959999084472656, 24.950000762939453, 24.5, 24.52899932861328, 24.200000762939453, 24.209999084472656, 24.299999237060547, 24.549999237060547, 24.940000534057617, 25.0, 25.15999984741211, 25.290000915527344, 25.549999237060547, 25.572999954223633, 26.110000610351562, 25.489999771118164, 25.5, 25.440000534057617, 25.3799991607666, 25.350000381469727, 25.55500030517578, 25.559999465942383, 25.579999923706055, 25.860000610351562]
assets:[0, 99.99990187454223, 199.31101097106935, 298.02936686763763, 394.3195484828949, 492.728925, 579.5060432968139, 689.4561380939484, 764.7690204767227, 895.1966974229812, 1030.822395551491, 1196.0713202110292, 1308.2142225234986, 1444.6687499999998, 1549.1641530532836, 1621.0217168380739, 1715.9004048526765, 1819.008476017952, 1937.0924130622864, 2096.8958273231506, 2195.0744456501006, 2295.0733276386263, 2425.9793740665436, 2606.0487212501525, 2664.9585268548967, 2813.2696805620194, 2910.9393397584913, 3070.0500926502227, 3212.446730168152, 3311.1595112510686, 3351.4383, 3455.405041221619, 3509.0581906280518, 3610.5073724647523, 3723.9287130809785, 3862.2402499732975, 4023.595226160049, 4133.275, 4259.728870166015, 4381.737971623993, 4526.78534482727, 4630.8611237106325, 4828.104652862548, 4813.457635778617, 4915.34685, 5003.780985043526, 5091.979079624939, 5185.96111803894, 5327.898126125336, 5428.941330566216, 5533.189319496918, 5693.7566663848875]
shares:[0, 4.914, 9.862, 14.8421, 19.885, 24.9483, 30.1512, 35.2663, 40.5713, 45.6733, 50.5801, 55.1948, 59.7631, 64.2075, 68.6382, 73.1508, 77.6777, 82.1965, 86.6708, 91.0111, 95.3551, 99.6991, 103.9854, 108.1348, 112.3507, 116.4915, 120.6357, 124.6974, 128.7038, 132.7118, 136.7934, 140.8702, 145.0024, 149.1329, 153.2481, 157.3214, 161.331, 165.331, 169.3056, 173.2597, 177.1736, 181.084, 184.914, 188.8371, 192.7587, 196.6895, 200.6296, 204.5744, 208.4875, 212.3999, 216.3092, 220.1762]
growth_rate:11.64
