ticker:NYMTP
price:[20.65999984741211, 20.149999618530273, 20.350000381469727, 20.040000915527344, 20.299999237060547, 20.5, 20.260000228881836, 20.010000228881836, 19.540000915527344, 20.469999313354492, 21.489999771118164, 21.940000534057617, 21.979999542236328, 22.579999923706055, 22.649999618530273, 22.889999389648438, 23.09000015258789, 22.760000228881836, 22.829999923706055, 23.309999465942383, 23.649999618530273, 23.260000228881836, 24.049999237060547, 24.149999618530273, 24.040000915527344, 24.100000381469727, 24.079999923706055, 24.399999618530273, 24.420000076293945, 24.760000228881836, 24.489999771118164, 24.5, 24.40999984741211, 24.270000457763672, 24.420000076293945, 24.440000534057617, 24.43000030517578, 24.469999313354492, 24.450000762939453, 24.610000610351562, 24.93000030517578, 25.149999618530273, 25.34000015258789, 25.079999923706055, 25.149999618530273, 25.1299991607666, 25.110000610351562, 25.18000030517578, 25.229999542236328, 25.290000915527344, 25.290000915527344, 25.3799991607666]
assets:[0, 100.00041810684203, 200.9928837677002, 297.9306856109619, 401.79585489921567, 505.75345, 599.8317487764358, 692.4300499202728, 776.1659623664856, 913.1073063707353, 1058.605984725189, 1180.773530742073, 1282.9264152812957, 1417.9472232089995, 1522.3427143608094, 1638.4730233108519, 1752.7896195831297, 1827.739542380333, 1933.3608265390396, 2074.00953348217, 2204.2603744457247, 2267.910498316574, 2444.9373524391176, 2555.103769639969, 2643.464944672394, 2750.0630935297013, 2847.7802549772264, 2985.6254333227157, 3088.0726236478804, 3231.0686098680494, 3295.834781197357, 3397.1798000000003, 3484.7007892169954, 3564.714565235138, 3686.74601951828, 3789.7666868131637, 3888.215330570984, 3994.580567909241, 4091.3164276657103, 4218.090118612671, 4372.936451530457, 4511.525136570168, 4645.607567974091, 4697.940441708755, 4811.051572027016, 4907.225404119873, 5003.320792616272, 5117.268512020111, 5227.428835155487, 5339.8597723091125, 5439.858964929199, 5559.217250174904]
shares:[0, 4.9628, 9.8768, 14.8668, 19.7929, 24.6709, 29.6067, 34.6042, 39.7219, 44.6071, 49.2604, 53.8183, 58.3679, 62.7966, 67.2116, 71.5803, 75.9112, 80.3049, 84.6851, 88.9751, 93.2034, 97.5026, 101.6606, 105.8014, 109.9611, 114.1105, 118.2633, 122.3617, 126.4567, 130.4955, 134.5788, 138.6604, 142.7571, 146.8774, 150.9724, 155.0641, 159.1574, 163.244, 167.334, 171.3974, 175.4086, 179.3847, 183.331, 187.3182, 191.2943, 195.2736, 199.2561, 203.2275, 207.191, 211.1451, 215.0992, 219.0393]
growth_rate:9.0
