ticker:NYMT
price:[2.5899999141693115, 2.4800000190734863, 2.690000057220459, 2.5199999809265137, 2.640000104904175, 2.700000047683716, 2.6500000953674316, 2.7799999713897705, 2.5399999618530273, 2.700000047683716, 2.9700000286102295, 3.359999895095825, 3.759999990463257, 3.7899999618530273, 3.75, 3.5999999046325684, 3.6500000953674316, 3.690000057220459, 3.7200000286102295, 3.7100000381469727, 3.940000057220459, 3.7300000190734863, 3.990000009536743, 3.9800000190734863, 4.090000152587891, 4.170000076293945, 4.239999771118164, 4.679999828338623, 4.679999828338623, 4.489999771118164, 4.570000171661377, 4.489999771118164, 4.489999771118164, 4.590000152587891, 4.590000152587891, 4.510000228881836, 4.489999771118164, 4.5, 4.519999980926514, 4.579999923706055, 4.739999771118164, 4.619999885559082, 4.539999961853027, 4.460000038146973, 4.53000020980835, 4.340000152587891, 4.329999923706055, 4.369999885559082, 4.320000171661377, 4.320000171661377, 4.28000020980835, 4.400000095367432]
assets:[0, 100.00004876909256, 208.46774143443108, 295.2930937649727, 409.3547202662945, 518.658129159832, 609.0532319184304, 738.9312203953266, 775.1386463585854, 923.96620631783, 1116.3627197540045, 1362.9557334465026, 1625.212243877864, 1738.17925750494, 1819.8345, 1847.041151070118, 1972.6947465426922, 2094.313406476307, 2211.340253007245, 2305.3958787045476, 2548.317965009117, 2512.494069847727, 2787.62787066288, 2880.6412298049922, 3060.2571331707, 3220.1153419149396, 3374.169769857025, 3824.319423724794, 3924.31932005682, 3864.9985379781724, 4033.862832522631, 4063.247742872238, 4163.247670774651, 4355.970732807922, 4455.970771132279, 4478.306653273392, 4558.446674629021, 4668.59925, 4789.3485877899175, 4952.924127493859, 5225.951657652855, 5193.649101349354, 5203.715722276211, 5212.020268579101, 5393.823684816599, 5267.592725200653, 5355.455186637688, 5504.928185837746, 5541.942892217016, 5641.942688190651, 5689.702594912863, 5949.226928946018]
shares:[0, 40.3226, 77.4973, 117.1798, 155.0586, 192.0956, 229.8314, 265.8026, 305.1727, 342.2097, 375.8797, 405.6416, 432.2373, 458.6225, 485.2892, 513.067, 540.4643, 567.5646, 594.4463, 621.4005, 646.7812, 673.5909, 698.6536, 723.7792, 748.2291, 772.2099, 795.7948, 817.1623, 838.5298, 860.8015, 882.6833, 904.955, 927.2267, 949.0132, 970.7997, 992.9726, 1015.2443, 1037.4665, 1059.5904, 1081.4245, 1102.5215, 1124.1665, 1146.1929, 1168.6144, 1190.6895, 1213.731, 1236.8257, 1259.709, 1282.8571, 1306.0052, 1329.3697, 1352.097]
growth_rate:16.65
