ticker:NYMTN
price:[20.520000457763672, 20.920000076293945, 20.790000915527344, 20.6299991607666, 20.190000534057617, 20.3799991607666, 20.049999237060547, 19.889999389648438, 19.0, 19.899999618530273, 20.729999542236328, 22.1299991607666, 22.3799991607666, 22.899999618530273, 23.149999618530273, 23.020000457763672, 23.010000228881836, 22.729999542236328, 22.40999984741211, 23.09000015258789, 23.219999313354492, 22.90999984741211, 23.549999237060547, 24.040000915527344, 23.950000762939453, 24.329999923706055, 24.33799934387207, 24.850000381469727, 24.979999542236328, 25.049999237060547, 24.860000610351562, 24.690000534057617, 24.770000457763672, 24.628999710083008, 24.5, 24.799999237060547, 24.510000228881836, 24.729999542236328, 24.989999771118164, 25.3700008392334, 25.44499969482422, 25.760000228881836, 26.3700008392334, 25.520000457763672, 25.530000686645508, 25.399999618530273, 25.360000610351562, 25.399999618530273, 25.479999542236328, 25.520000457763672, 25.510000228881836, 25.690000534057617]
assets:[0, 99.99969236469269, 199.37818777999877, 297.84354988365175, 391.49016735553744, 495.1748776090622, 587.1562076576233, 682.471626057434, 751.9345, 887.5519229862214, 1024.5698623752594, 1193.7651837289811, 1307.2515589790344, 1437.6253360519408, 1553.3209894041063, 1644.5971747035978, 1743.8818973464965, 1822.6618382930756, 1897.0020050834655, 2054.5643765773775, 2166.1310419446945, 2237.211887099457, 2399.709597257614, 2549.639225099182, 2640.094804101562, 2781.9846452762604, 2882.899301079941, 3043.546041721153, 3159.4678441020965, 3268.32099545784, 3343.5308660888677, 3420.666247990799, 3531.7487742687226, 3611.6457754859925, 3692.7282, 3837.9462019306184, 3893.0679453546527, 4028.0124334396364, 4170.3611498039245, 4333.777116360283, 4446.587487169648, 4601.6350648862835, 4810.602780098915, 4755.5397973022455, 4857.404308642959, 4932.669765918732, 5024.901528936767, 5132.826842912674, 5248.99201769867, 5357.232504095077, 5455.132427944755, 5593.625111283302]
shares:[0, 4.7801, 9.5901, 14.4374, 19.3903, 24.2971, 29.2846, 34.3123, 39.5755, 44.6006, 49.4245, 53.9433, 58.4116, 62.7784, 67.0981, 71.4421, 75.788, 80.1875, 84.6498, 88.9807, 93.2873, 97.6522, 101.8985, 106.0582, 110.2336, 114.3438, 118.4526, 122.4767, 126.4799, 130.4719, 134.4944, 138.5446, 142.5817, 146.642, 150.7236, 154.7559, 158.8359, 162.8796, 166.8812, 170.8229, 174.7529, 178.6349, 182.4271, 186.3456, 190.2626, 194.1996, 198.1428, 202.0798, 206.0044, 209.9229, 213.8429, 217.7355]
growth_rate:9.68
