ticker:NYMX
price:[2.559999942779541, 2.5799999237060547, 2.430000066757202, 2.369999885559082, 2.359999895095825, 2.200000047683716, 2.369999885559082, 2.2899999618530273, 1.9199999570846558, 2.130000114440918, 1.9600000381469727, 2.0299999713897705, 2.0399999618530273, 2.240000009536743, 2.1600000858306885, 2.8299999237060547, 2.4800000190734863, 2.4800000190734863, 2.700000047683716, 2.5299999713897705, 2.4000000953674316, 2.390000104904175, 2.9700000286102295, 3.180000066757202, 3.2200000286102295, 2.609999895095825, 2.430000066757202, 2.559999942779541, 2.5799999237060547, 2.4000000953674316, 2.4800000190734863, 2.2899999618530273, 2.190000057220459, 2.0299999713897705, 1.9900000095367432, 1.7899999618530273, 1.7200000286102295, 1.6699999570846558, 1.5199999809265137, 1.7200000286102295, 1.7400000095367432, 1.4600000381469727, 1.6200000047683716, 1.5700000524520874, 1.4500000476837158, 1.350000023841858, 1.340000033378601, 1.5499999523162842, 1.590000033378601, 1.6200000047683716, 1.940000057220459, 2.190000057220459]
assets:[0, 100.00002304286957, 194.18616533470154, 289.3914430260658, 388.1704227454663, 461.8537100104094, 597.542383146286, 677.3721417162895, 667.927665070653, 840.9824071844101, 873.8617050077438, 1005.0710528348208, 1110.022119243145, 1318.8479416149617, 1371.7462865082978, 1897.2415708522797, 1762.6004935560227, 1862.6005423251152, 2127.83115757885, 2093.8565653218507, 2086.26728290081, 2177.5745055801867, 2806.02335703063, 3104.4289551707507, 3243.4783368188378, 2729.0305063116075, 2640.821769548917, 2882.1001595800403, 3004.6165691495894, 2894.992435036659, 3091.4921357764247, 2954.643825781345, 2925.6202004407883, 2811.8761813702345, 2856.4698936891555, 2669.3873841122627, 2664.9979723291876, 2687.52692293644, 2546.132360050249, 2981.1498015880106, 3115.8143630774257, 2714.4189309225085, 3111.8894371596575, 3115.8436130971313, 2977.6899379222873, 2872.3320057272076, 2951.0555415090325, 3513.5341569107295, 3704.2062237617733, 3874.096847403169, 4739.3506877875325, 5450.091739400339]
shares:[0, 38.7597, 79.912, 122.1061, 164.479, 209.9335, 252.1276, 295.7957, 347.879, 394.8274, 445.8478, 495.1089, 544.1285, 588.7714, 635.0677, 670.4034, 710.726, 751.0486, 788.0856, 827.6113, 869.278, 911.119, 944.789, 976.2355, 1007.2914, 1045.6056, 1086.7579, 1125.8204, 1164.5801, 1206.2468, 1246.5694, 1290.2375, 1335.8996, 1385.1607, 1435.412, 1491.2779, 1549.4174, 1609.2976, 1675.0871, 1733.2266, 1790.6979, 1859.191, 1920.9194, 1984.6137, 2053.5792, 2127.6533, 2202.2802, 2266.7963, 2329.6894, 2391.4178, 2442.9642, 2488.6263]
growth_rate:6.86
