ticker:OAS
price:[0.5339999794960022, 0.3752000033855438, 0.49309998750686646, 0.41290000081062317, 0.17110000550746918, 0.1550000011920929, 0.1120000034570694, 0.11800000071525574, 0.10999999940395355, 0.09989999979734421, 0.11990000307559967, 31.0, 34.130001068115234, 38.16999816894531, 38.52000045776367, 38.65999984741211, 37.36000061035156, 37.060001373291016, 42.2400016784668, 44.40999984741211, 39.36000061035156, 37.470001220703125, 45.119998931884766, 49.83000183105469, 51.9900016784668, 56.86000061035156, 58.68000030517578, 60.0, 58.34000015258789, 62.0, 61.439998626708984, 69.75, 85.61000061035156, 88.61000061035156, 91.08999633789062, 94.9000015258789, 97.86000061035156, 99.87999725341797, 105.06999969482422, 101.80000305175781, 88.27999877929688, 90.33000183105469, 91.70999908447266, 89.75, 87.61000061035156, 80.51000213623047, 88.05999755859375, 86.02999877929688]
assets:[0, 99.99999330233037, 231.42321474668384, 293.7835118267685, 221.73978973749277, 300.87473381400406, 317.4062625972807, 434.4101586331725, 504.9586162638292, 558.5942354768433, 770.424927542457, 199292.42799999999, 219514.54220981596, 245598.66586137546, 247950.70062659454, 248951.8692794071, 240680.49879600524, 238847.84349271737, 272332.4041655171, 286422.95128388214, 253952.90841802218, 241858.52740030212, 291337.1529752434, 321849.36076868593, 335900.6837363571, 367465.117314476, 379327.1034887581, 387960.024, 377326.4649168949, 401098.2988, 397575.46631349565, 451449.111825, 554201.2015991455, 573721.8683848343, 589879.058863974, 614651.8222028686, 633923.2563357712, 647108.5090172798, 680833.8028345185, 659744.8387978134, 572224.4811634918, 585612.4550247894, 594659.024445607, 582050.1464, 568271.738236972, 522318.4530280556, 571399.9696083069, 558327.8010747345]
shares:[0, 266.5245, 469.3231, 711.5125, 1295.966, 1941.1273, 2833.9844, 3681.442, 4590.5329, 5591.5339, 6425.5622, 6428.788, 6431.718, 6434.3379, 6436.934, 6439.5207, 6442.1974, 6444.8957, 6447.2631, 6449.5148, 6452.0555, 6454.7243, 6456.9406, 6458.9474, 6460.8708, 6462.6295, 6464.3337, 6466.0004, 6467.7145, 6469.3274, 6470.955, 6472.3887, 6473.5568, 6474.6853, 6475.7831, 6476.8368, 6477.8587, 6478.8599, 6479.8116, 6480.7939, 6481.9267, 6483.0338, 6484.1242, 6485.2384, 6486.3798, 6487.6219, 6488.7575, 6489.9199]
growth_rate:11779.31
