ticker:OBAS
price:[11.510000228881836, 11.510000228881836, 11.510000228881836, 11.75, 11.75, 11.010000228881836, 11.100000381469727, 11.100000381469727, 11.550000190734863, 11.0, 11.300000190734863, 11.039999961853027, 11.039999961853027, 11.100000381469727, 12.0, 11.5, 11.5, 11.869999885559082, 12.0, 11.949999809265137, 11.800000190734863, 11.989999771118164, 11.300000190734863, 11.300000190734863, 10.449999809265137, 10.399999618530273, 11.050000190734863, 11.050000190734863, 10.5, 10.600000381469727, 10.600000381469727, 11.5, 10.850000381469727, 11.010000228881836, 12.0, 10.859999656677246, 11.970000267028809, 11.930000305175781, 11.40999984741211, 10.989999771118164, 10.609999656677246, 10.869999885559082, 11.0, 10.899999618530273, 10.800000190734863, 10.729999542236328, 11.829999923706055, 10.960000038146973, 11.25, 11.25, 10.699999809265137, 10.65999984741211]
assets:[0, 100.00003298854828, 200.00006597709657, 304.1699, 404.16945, 478.71591095180514, 582.6290300230027, 682.6289334596634, 810.3029683812141, 871.717, 995.4915968030929, 1072.5867802938462, 1172.5870999483109, 1278.9598039535522, 1482.6588000000002, 1520.8818999999999, 1620.88245, 1773.0325659058572, 1892.4503999999997, 1984.5651483242034, 2059.654633292198, 2192.8186851404193, 2166.6270065709114, 2266.6274882588386, 2196.1291149159433, 2285.621436163902, 2528.473198644161, 2628.473490370274, 2597.64435, 2722.3843179723744, 2822.3847215711594, 3162.0216, 3083.2988584041595, 3228.7673441213606, 3619.092, 3375.278119295597, 3820.2650862231253, 3907.498614955902, 3837.1795256847377, 3795.933831944466, 3764.682518180847, 3956.936490340805, 4104.2595, 4166.947774168396, 4228.719554681873, 4301.311310497284, 4842.266215771294, 4586.15721596241, 4807.506375, 4907.5065, 4767.583935014534, 4849.761600580216]
shares:[0, 8.6881, 17.3762, 25.8868, 34.3974, 43.4801, 52.4891, 61.4981, 70.1561, 79.247, 88.0966, 97.1546, 106.2126, 115.2216, 123.5549, 132.2506, 140.9463, 149.3709, 157.7042, 166.0724, 174.547, 182.8873, 191.7369, 200.5865, 210.1559, 219.7713, 228.8211, 237.8709, 247.3947, 256.8287, 266.2627, 274.9584, 284.175, 293.2577, 301.591, 310.7991, 319.1533, 327.5355, 336.2997, 345.3989, 354.824, 364.0236, 373.1145, 382.2888, 391.5481, 400.8678, 409.3209, 418.445, 427.3339, 436.2228, 445.5686, 454.9495]
growth_rate:-4.91
