ticker:OBCI
price:[12.3100004196167, 12.430000305175781, 15.050000190734863, 14.8100004196167, 15.720000267028809, 15.149999618530273, 13.640000343322754, 16.149999618530273, 15.59000015258789, 15.779999732971191, 15.239999771118164, 12.430000305175781, 12.539999961853027, 12.75, 13.300000190734863, 13.649999618530273, 14.039999961853027, 13.359999656677246, 13.050000190734863, 12.390000343322754, 12.920000076293945, 12.479999542236328, 12.399999618530273, 12.329999923706055, 9.890000343322754, 10.449999809265137, 10.8100004196167, 12.5, 12.649999618530273, 12.390000343322754, 11.899999618530273, 11.789999961853027, 12.59000015258789, 13.520000457763672, 13.359999656677246, 12.710000038146973, 11.84000015258789, 12.65999984741211, 13.649999618530273, 14.15999984741211, 12.880000114440918, 11.050000190734863, 12.130000114440918, 12.0, 12.260000228881836, 11.649999618530273, 12.800000190734863, 11.770000457763672, 11.020000457763672, 10.260000228881836, 9.289999961853027, 9.550000190734863]
assets:[0, 100.00059545516967, 221.07848280181886, 317.55306699733734, 437.06473942422866, 521.2175568759918, 569.2681423286438, 774.0242617172241, 847.1855522918701, 957.5098697970391, 1024.7436806098938, 935.7987879753113, 1044.0803968238831, 1161.564525, 1311.6712888106347, 1446.1887945840836, 1587.5084116867067, 1610.6201026105882, 1673.2475344556808, 1688.6232347911834, 1860.8559829885482, 1897.4828424007414, 1985.3192989242555, 2074.1118981660843, 1763.6629922240256, 1963.5267491614343, 2131.169962726593, 2564.35, 2695.1216337266924, 2739.727674916935, 2731.3771624422075, 2806.1296379206656, 3096.536976529312, 3425.2718359737396, 3484.735470449925, 3415.193533250141, 3281.4228902893065, 3608.6835825054172, 3990.8790534688947, 4239.988226309967, 3956.7128511560436, 3494.540460319519, 3936.0879971351624, 3993.9036000000006, 4180.4381720445635, 4072.4391066513062, 4574.439748164464, 4306.340678483963, 4131.934845637893, 3946.9738660497665, 3673.819668914414, 3876.6392174251555]
shares:[0, 8.0451, 14.6896, 21.4418, 27.8031, 34.4038, 41.7352, 47.9272, 54.3416, 60.6787, 67.2404, 75.2855, 83.26, 91.1031, 98.6219, 105.9479, 113.0704, 120.5554, 128.2182, 136.2892, 144.0291, 152.0419, 160.1064, 168.2167, 178.3279, 187.8973, 197.148, 205.148, 213.0531, 221.1241, 229.5275, 238.0093, 245.9521, 253.3485, 260.8335, 268.7013, 277.1472, 285.0461, 292.3721, 299.4342, 307.1982, 316.248, 324.492, 332.8253, 340.9819, 349.5656, 357.3781, 365.8743, 374.9487, 384.6953, 395.4596, 405.9308]
growth_rate:-23.99
