ticker:OBLG
price:[1.9500000476837158, 2.0299999713897705, 2.009999990463257, 1.8600000143051147, 2.2799999713897705, 2.109999895095825, 4.090000152587891, 3.9600000381469727, 3.4000000953674316, 3.559999942779541, 3.890000104904175, 3.319999933242798, 4.070000171661377, 5.480000019073486, 6.5, 4.989999771118164, 5.510000228881836, 5.139999866485596, 4.679999828338623, 4.21999979019165, 4.71999979019165, 4.369999885559082, 4.920000076293945, 5.21999979019165, 5.210000038146973, 4.110000133514404, 3.700000047683716, 4.110000133514404, 3.7300000190734863, 4.289999961853027, 5.190000057220459, 4.820000171661377, 4.420000076293945, 4.46999979019165, 4.789999961853027, 4.550000190734863, 3.5199999809265137, 3.430000066757202, 3.609999895095825, 3.380000114440918, 3.7699999809265137, 3.5299999713897705, 3.9600000381469727, 3.240000009536743, 2.8399999141693115, 2.440000057220459, 2.630000114440918, 2.5999999046325684, 2.5899999141693115, 2.1600000858306885, 2.069999933242798, 2.25]
assets:[0, 100.00003159062862, 199.01472205574512, 284.16280418547393, 448.32847837421895, 514.9005314003706, 1098.077514966583, 1163.1751672049522, 1098.6858908173085, 1250.388747902298, 1466.2954725425482, 1351.4398368258, 1756.7349880942345, 2465.3336405807495, 3024.2095, 2421.6623579229354, 2774.0200842309955, 2687.7429381843567, 2547.2055025690556, 2396.839188834858, 2780.824692389774, 2674.619536957455, 3111.24224424572, 3400.9520113049507, 3494.437158585835, 2856.6481947989464, 2671.6782744312286, 3067.729170655966, 2884.0949487479206, 3417.095651614952, 4233.9688306800845, 4032.125353601694, 3797.50892354908, 3940.4670760463237, 4322.558714575672, 4205.97968131361, 3353.8566858267786, 3368.1046865525486, 3644.8562490829227, 3512.635712931728, 4017.939684672117, 3862.155671697688, 4432.616538699723, 3726.6862429692746, 3366.6015022543193, 2992.432418175554, 3325.4497297024727, 3387.516475746632, 3474.4874748580455, 2997.642287115598, 2972.7403591295483, 3331.239525]
shares:[0, 49.2611, 99.0123, 152.7757, 196.6353, 244.0287, 268.4786, 293.7311, 323.1429, 351.2328, 376.9397, 407.0602, 431.6302, 449.8784, 465.263, 485.3031, 503.4519, 522.9072, 544.2747, 567.9714, 589.1578, 612.0411, 632.3663, 651.5234, 670.7173, 695.0482, 722.0752, 746.4061, 773.2158, 796.5258, 815.7936, 836.5405, 859.1649, 881.5363, 902.4131, 924.3911, 952.8002, 981.9547, 1009.6555, 1039.2413, 1065.7665, 1094.0951, 1119.3476, 1150.2118, 1185.4231, 1226.4067, 1264.4295, 1302.891, 1341.501, 1387.7973, 1436.1065, 1480.5509]
growth_rate:-34.68
