ticker:OBNK
price:[25.139999389648438, 22.360000610351562, 21.860000610351562, 20.309999465942383, 22.270000457763672, 24.610000610351562, 23.280000686645508, 24.510000228881836, 22.3700008392334, 22.799999237060547, 25.56999969482422, 25.799999237060547, 26.989999771118164, 28.899999618530273, 28.350000381469727, 27.559999465942383, 27.610000610351562, 27.770000457763672, 30.25, 30.280000686645508, 30.280000686645508, 31.59000015258789, 33.619998931884766, 33.09000015258789, 33.81999969482422, 34.2599983215332, 39.45000076293945, 43.439998626708984, 43.619998931884766, 42.77000045776367, 43.0, 42.77000045776367, 42.41999816894531, 41.650001525878906, 43.72999954223633, 44.7599983215332, 44.56999969482422, 44.310001373291016, 44.150001525878906, 45.06999969482422, 44.369998931884766, 40.84000015258789, 43.41999816894531, 42.22999954223633, 42.099998474121094, 40.41999816894531, 40.189998626708984, 40.68000030517578, 42.13999938964844, 41.400001525878906, 40.400001525878906, 40.810001373291016]
assets:[0, 100.0006307296753, 197.76523952178957, 283.7428785388946, 411.12425145072933, 554.3230367477418, 624.3649624156952, 757.354105072403, 791.2291666837692, 906.4390496685029, 1116.5626196739197, 1226.606783727646, 1383.1835082702637, 1581.066959130478, 1650.9764472150803, 1704.969050961113, 1808.0629779693602, 1918.5404676254273, 2189.87615, 2292.0476799757002, 2392.0473822433473, 2595.5355005371093, 2862.3260210632325, 2917.2044864521026, 3081.560002193451, 3221.652646164703, 3809.698408677292, 4295.0125762195585, 4412.808467944336, 4426.819080379867, 4550.6255, 4626.28553151474, 4688.427877624512, 4703.326422309875, 5038.211961260224, 5256.878286870956, 5334.5654354736325, 5403.445151467896, 5483.933499531555, 5698.209075416565, 5709.708942550659, 5355.455404009247, 5793.777849671936, 5734.990188833999, 5817.335689155579, 5685.194002456665, 5752.844631425476, 5922.9836364334105, 6235.556845684814, 6226.059289473725, 6175.66947325058, 6338.344148290635]
shares:[0, 4.4723, 9.0469, 13.9706, 18.4609, 22.5243, 26.8198, 30.8998, 35.3701, 39.7561, 43.6669, 47.5429, 51.248, 54.7082, 58.2355, 61.8639, 65.4858, 69.0868, 72.3926, 75.6951, 78.9976, 82.1632, 85.1376, 88.1597, 91.1165, 94.0354, 96.5703, 98.8723, 101.1648, 103.5029, 105.8285, 108.1666, 110.524, 112.925, 115.2118, 117.4459, 119.6896, 121.9464, 124.2114, 126.4302, 128.684, 131.1326, 133.4357, 135.8037, 138.179, 140.653, 143.1412, 145.5994, 147.9724, 150.3879, 152.8631, 155.3135]
growth_rate:24.28
