ticker:OBSV
price:[2.799999952316284, 2.759999990463257, 2.9800000190734863, 2.4600000381469727, 2.4200000762939453, 2.4700000286102295, 2.4600000381469727, 2.1700000762939453, 1.8899999856948853, 1.9700000286102295, 2.069999933242798, 1.9800000190734863, 2.049999952316284, 2.1500000953674316, 2.200000047683716, 2.1500000953674316, 1.9500000476837158, 2.0799999237060547, 2.0999999046325684, 4.070000171661377, 4.239999771118164, 3.5799999237060547, 3.869999885559082, 3.869999885559082, 5.050000190734863, 3.9000000953674316, 3.2200000286102295, 3.7300000190734863, 3.4800000190734863, 3.200000047683716, 3.3499999046325684, 3.0399999618530273, 2.809999942779541, 2.950000047683716, 3.130000114440918, 2.799999952316284, 2.7300000190734863, 2.9100000858306885, 2.9200000762939453, 2.7899999618530273, 3.190000057220459, 2.9800000190734863, 3.119999885559082, 2.950000047683716, 2.819999933242798, 2.6700000762939453, 2.4700000286102295, 2.5199999809265137, 2.7300000190734863, 2.630000114440918, 2.569999933242798, 2.859999895095825]
assets:[0, 100.00004365446568, 207.97092333111763, 271.680682212925, 367.2630835784912, 474.8510835002422, 572.928596884346, 605.3881402845383, 627.273607252264, 753.8248449477672, 892.0900692302228, 953.3036791832448, 1087.0063247158525, 1240.0310450039863, 1368.8688496694328, 1437.7581687745571, 1404.0132943325996, 1597.6140373998642, 1712.9755922085287, 3419.9100332423686, 3662.756026278687, 3192.610279961777, 3551.229542985535, 3651.229566028404, 4864.524793729592, 3856.761574310112, 3284.30053118155, 3904.4849439657214, 3742.790132513809, 3541.646132774639, 3807.6604766039372, 3555.309747386742, 3386.3225010437964, 3655.0361940799, 3978.055491448021, 3658.6437376936674, 3667.177630621195, 4008.9697662448884, 4122.746355719376, 4039.199287773037, 4718.296227634191, 4507.687194851446, 4819.457583223343, 4656.859160273337, 4551.641478250051, 4409.533161000252, 4179.230909408402, 4363.830542970848, 4827.4830577278135, 4750.652314718246, 4742.2720738168, 5377.392108758426]
shares:[0, 36.2319, 69.7889, 110.4393, 151.7616, 192.2474, 232.8978, 278.9807, 331.8908, 382.6522, 430.9614, 481.4665, 530.247, 576.7586, 622.2131, 668.7247, 720.0068, 768.0837, 815.7027, 840.2727, 863.8576, 891.7906, 917.6304, 943.4702, 963.2722, 988.9132, 1019.9691, 1046.7788, 1075.5144, 1106.7644, 1136.6151, 1169.5098, 1205.097, 1238.9953, 1270.9442, 1306.6585, 1343.2885, 1377.6528, 1411.8994, 1447.7417, 1479.0897, 1512.6467, 1544.698, 1578.5963, 1614.0573, 1651.5105, 1691.9963, 1731.6788, 1768.3088, 1806.3316, 1845.2421, 1880.2071]
growth_rate:5.44
