ticker:OCAX
price:[9.890000343322754, 9.829999923706055, 9.760000228881836, 9.8100004196167, 9.850000381469727, 9.960000038146973, 9.880000114440918, 9.90999984741211, 9.920000076293945, 9.8100004196167, 9.75, 9.819999694824219, 9.899999618530273, 9.90999984741211, 9.885000228881836, 9.869999885559082, 9.8149995803833, 9.869999885559082, 9.84000015258789, 9.819999694824219, 9.850000381469727, 9.819999694824219, 9.795999526977539, 9.829999923706055, 9.869999885559082, 9.850000381469727]
assets:[0, 99.99960622386932, 199.28749267349244, 300.3086378455162, 401.5332955505371, 506.01780193805695, 601.9538269724845, 703.78143216362, 804.4911741872787, 895.5706343074798, 990.0930000000001, 1097.2013319023133, 1206.139723524666, 1307.3579008701324, 1404.0595015102388, 1501.9287395853996, 1593.5594058712006, 1702.4891112599373, 1797.3144038707733, 1893.6612451507567, 1999.446652434349, 2093.356830944824, 2188.2401703357696, 2295.8348191812515, 2405.1768441123963, 2500.303411831474]
shares:[0, 10.1729, 20.4188, 30.6125, 40.7648, 50.805, 60.9265, 71.0173, 81.0979, 91.2916, 101.548, 111.7313, 121.8323, 131.9231, 142.0394, 152.1711, 162.3596, 172.4913, 182.6539, 192.8372, 202.9895, 213.1728, 223.381, 233.5539, 243.6856, 253.8379]
growth_rate:0.01
