ticker:OCAXU
price:[10.4399995803833, 10.40999984741211, 10.430000305175781, 10.449999809265137, 10.449999809265137, 10.399999618530273, 10.119999885559082, 10.09000015258789, 10.079999923706055, 10.0, 10.079999923706055, 10.140000343322754, 10.180000305175781, 10.140000343322754, 10.15999984741211, 10.149999618530273, 10.039999961853027, 10.0649995803833, 10.079999923706055, 10.09000015258789, 10.149999618530273, 10.109999656677246, 10.0600004196167, 10.140000343322754, 10.170000076293945, 10.180000305175781, 10.140000343322754, 10.149999618530273, 10.0600004196167, 10.086000442504883, 9.930000305175781, 10.079999923706055]
assets:[0, 99.99949953422546, 200.19133985748292, 300.575434513855, 400.5756626886368, 498.65918170928956, 585.2335213819504, 683.4986283363343, 782.8208580749512, 876.608, 983.6205045551301, 1089.4750988877295, 1193.7730057868957, 1289.0820196460725, 1391.6243230998994, 1490.2544089914322, 1574.1043260191916, 1678.0236455420495, 1780.5241305234908, 1882.2905374652862, 1993.4832700784682, 2085.627214174747, 2175.3131247353554, 2292.6114896238328, 2399.3938799999237, 2501.7533989974977, 2591.9230057579994, 2694.4787837327954, 2770.5874935650822, 2877.7477322559357, 2933.237685146332, 3077.545944706535]
shares:[0, 9.6061, 19.1938, 28.7632, 38.3326, 47.948, 57.8294, 67.7402, 77.6608, 87.6608, 97.5814, 107.4433, 117.2665, 127.1284, 136.9709, 146.8231, 156.7833, 166.7187, 176.6393, 186.5501, 196.4023, 206.2935, 216.2339, 226.0958, 235.9286, 245.7518, 255.6137, 265.4659, 275.4063, 285.321, 295.3915, 305.3121]
growth_rate:-0.72
