ticker:OCC
price:[2.4000000953674316, 2.4100000858306885, 2.509999990463257, 2.5799999237060547, 3.7699999809265137, 2.9200000762939453, 2.940000057220459, 3.0199999809265137, 2.6700000762939453, 2.7699999809265137, 2.859999895095825, 2.7300000190734863, 2.9700000286102295, 3.059999942779541, 3.059999942779541, 2.950000047683716, 2.7799999713897705, 2.680000066757202, 3.509999990463257, 3.25, 3.809999942779541, 3.240000009536743, 3.569999933242798, 3.7899999618530273, 3.990000009536743, 3.700000047683716, 3.359999895095825, 3.690000057220459, 3.890000104904175, 3.640000104904175, 3.7100000381469727, 3.8299999237060547, 3.309999942779541, 3.430000066757202, 3.4000000953674316, 3.3399999141693115, 3.180000066757202, 3.2899999618530273, 3.3499999046325684, 3.369999885559082, 3.799999952316284, 3.8299999237060547, 3.690000057220459, 3.8399999141693115, 3.7200000286102295, 3.8499999046325684, 4.199999809265137, 4.480000019073486, 4.03000020980835, 3.890000104904175, 3.4100000858306885, 3.569999933242798]
assets:[0, 100.00006156144143, 204.14934322433473, 309.8427688375473, 552.7547582034588, 528.1284417989731, 631.7457422955036, 748.936137269926, 762.138972777748, 890.6835218669892, 1019.6225666004657, 1073.2760294985771, 1267.6298702111721, 1406.0427397077085, 1506.0426198377609, 1551.9038700849296, 1562.472017919898, 1606.267956011176, 2203.731381012416, 2140.491925, 2609.3150368120196, 2318.945118825674, 2655.133900350332, 2918.7555286222455, 3172.779778583455, 3042.1766692060232, 2862.6251586246017, 3243.7760993009088, 3519.5904049150945, 3393.395557797074, 3558.6531835907936, 3773.7579068264004, 3361.3939808910845, 3583.257271740007, 3651.91698243351, 3687.471127240062, 3610.8258398014545, 3835.728376525402, 4005.6806459667205, 4129.595163764191, 4756.516940313577, 4894.068503509712, 4815.173324668407, 5110.912013762211, 5051.196086848355, 5327.716108028412, 5912.053711515522, 6406.190811274194, 5862.7121212223055, 5759.044404307913, 5148.41676558714, 5489.984453340054]
shares:[0, 41.4938, 81.3344, 120.0941, 146.6193, 180.8659, 214.8795, 247.9921, 285.4453, 321.5464, 356.5114, 393.1414, 426.8114, 459.4911, 492.1708, 526.0691, 562.0403, 599.3537, 627.8437, 658.6129, 684.8596, 715.7238, 743.735, 770.1202, 795.1829, 822.2099, 851.9718, 879.0721, 904.779, 932.2515, 959.2057, 985.3154, 1015.5269, 1044.6814, 1074.0932, 1104.0333, 1135.4798, 1165.8749, 1195.7256, 1225.3992, 1251.715, 1277.8247, 1304.925, 1330.9667, 1357.8484, 1383.8224, 1407.6319, 1429.9533, 1454.7672, 1480.4741, 1509.7996, 1537.8108]
growth_rate:7.65
