ticker:OCCIP
price:[23.92099952697754, 24.299999237060547, 23.860000610351562, 24.110000610351562, 23.84000015258789, 24.100000381469727, 24.219999313354492, 24.149999618530273, 24.0, 23.729999542236328, 24.277000427246094, 24.270000457763672, 24.549999237060547, 24.850000381469727, 24.732999801635742, 25.200000762939453, 25.091999053955078, 25.091999053955078, 25.049999237060547, 25.190000534057617, 25.010000228881836, 24.969999313354492, 25.100000381469727, 25.139999389648438, 25.25, 25.1299991607666, 25.097999572753906, 25.149999618530273, 25.260000228881836, 25.170000076293945, 25.139999389648438, 25.18600082397461, 25.229999542236328, 25.139999389648438, 25.208999633789062, 25.299999237060547, 25.200000762939453, 25.1200008392334, 25.149999618530273, 25.27899932861328, 25.270000457763672, 25.18000030517578, 25.22100067138672, 25.274999618530273, 25.34000015258789, 25.43000030517578, 25.513999938964844, 25.450000762939453, 25.34000015258789, 25.31999969482422, 25.350000381469727, 25.2549991607666]
assets:[0, 99.99935686035155, 198.1883230697632, 300.2659476013184, 396.90262654037474, 501.2318079338073, 603.7270788841248, 701.9825289115905, 797.6232, 888.6505148574829, 1009.1342152595521, 1108.8429269142152, 1221.6349670352936, 1336.5622405174256, 1430.2698057289124, 1557.2768871471405, 1650.601881767273, 1750.6010255970002, 1847.6704087261198, 1957.996070511818, 2044.0047937059403, 2140.7354721323013, 2251.8816742240906, 2355.4696168136597, 2465.776125, 2554.0573087055204, 2650.805538475037, 2756.2966031930923, 2868.351331990242, 2958.1319459665297, 3054.6054578399658, 3160.1958231876374, 3265.7156347480777, 3354.0655885696415, 3463.270350389099, 3575.772862170029, 3661.640750857544, 3750.0167172842025, 3854.4939715358732, 3974.265686347199, 4072.851891779327, 4158.346114398193, 4265.115857238006, 4374.248138980484, 4485.496777009964, 4601.428862220001, 4716.627738916778, 4804.797264038086, 4884.0290954097745, 4980.17301597519, 5086.074511535835, 5167.013721798135]
shares:[0, 4.1152, 8.3063, 12.454, 16.6486, 20.798, 24.9268, 29.0676, 33.2343, 37.4484, 41.5675, 45.6878, 49.7611, 53.7852, 57.8284, 61.7967, 65.782, 69.7673, 73.7593, 77.7291, 81.7275, 85.7323, 89.7164, 93.6941, 97.6545, 101.6338, 105.6182, 109.5943, 113.5531, 117.5261, 121.5038, 125.4743, 129.4378, 133.4155, 137.3823, 141.3349, 145.3032, 149.2841, 153.2602, 157.2161, 161.1734, 165.1448, 169.1097, 173.0662, 177.0125, 180.9449, 184.8643, 188.7936, 192.7399, 196.6893, 200.6341, 204.5937]
growth_rate:1.31
