ticker:OCCI
price:[10.350000381469727, 11.109999656677246, 9.359999656677246, 8.949999809265137, 8.399999618530273, 9.25, 9.59000015258789, 9.100000381469727, 9.829999923706055, 9.800000190734863, 9.9399995803833, 10.729999542236328, 11.140000343322754, 12.819999694824219, 13.5, 12.699999809265137, 12.34000015258789, 12.470000267028809, 13.0, 12.779999732971191, 13.470000267028809, 12.869999885559082, 13.489999771118164, 13.680000305175781, 14.899999618530273, 14.5, 15.529999732971191, 16.639999389648438, 16.8700008392334, 14.520000457763672, 14.9399995803833, 14.960000038146973, 14.920000076293945, 14.949999809265137, 14.550000190734863, 14.109999656677246, 13.479999542236328, 14.25, 14.640000343322754, 15.970000267028809, 14.569999694824219, 14.350000381469727, 14.390000343322754, 14.470000267028809, 14.359999656677246, 14.0, 13.890000343322754, 13.75, 13.859999656677246, 13.649999618530273, 13.920000076293945, 14.4399995803833]
assets:[0, 99.99999590978622, 184.2487852417946, 276.1781991143227, 359.2066636873245, 495.55487500000004, 613.7695997657777, 682.4090286064147, 837.1513005025863, 934.5966181898118, 1047.9483117609025, 1231.2363304729463, 1378.2831744771956, 1686.13892186203, 1875.57525, 1864.429821999073, 1911.579551637268, 2031.7171915065767, 2218.0691, 2280.5321643499374, 2503.6595206324578, 2492.1377688397406, 2712.1941319828034, 2850.3935915870666, 3204.5950679559705, 3218.5664500000003, 3547.1963680081367, 3900.730352922058, 4054.647343706894, 3589.8334371746064, 3793.6707674479485, 3898.7495459415436, 3988.32490039444, 4096.344797738075, 4086.7443985728264, 4063.1592421357154, 3981.7424847850803, 4309.18575, 4527.121450165558, 5038.396145245267, 4696.707880625152, 4725.78948062687, 4838.962829450035, 4965.863889639854, 5028.113671786499, 5002.0614, 5062.7592801375395, 5111.7302500000005, 5252.623861888504, 5273.038532637024, 5477.340462020683, 5781.953443980313]
shares:[0, 9.0009, 19.6847, 30.8579, 42.7627, 53.5735, 64.001, 74.99, 85.1629, 95.367, 105.4274, 114.7471, 123.7238, 131.5241, 138.9315, 146.8055, 154.9092, 162.9284, 170.6207, 178.4454, 185.8693, 193.6393, 201.0522, 208.3621, 215.0735, 221.9701, 228.4093, 234.4189, 240.3466, 247.2337, 253.9271, 260.6116, 267.314, 274.003, 280.8759, 287.9631, 295.3815, 302.399, 309.2296, 315.4913, 322.3547, 329.3233, 336.2726, 343.1834, 350.1472, 357.2901, 364.4895, 371.7622, 378.9772, 386.3032, 393.4871, 400.4123]
growth_rate:13.37
