ticker:OCDX
price:[16.5, 17.809999465942383, 17.799999237060547, 16.790000915527344, 17.299999237060547, 16.489999771118164, 17.280000686645508, 18.6299991607666, 18.489999771118164, 19.209999084472656, 19.399999618530273, 18.530000686645508, 20.190000534057617, 19.690000534057617, 21.690000534057617, 20.639999389648438, 19.969999313354492, 20.549999237060547, 20.8700008392334, 22.079999923706055, 21.43000030517578, 21.75, 21.43000030517578, 21.31999969482422, 20.760000228881836, 21.260000228881836, 22.469999313354492, 20.600000381469727, 19.610000610351562, 19.920000076293945, 20.56999969482422, 20.68000030517578]
assets:[0, 99.99958500137329, 199.9438314300537, 288.59828873672484, 397.3636824760437, 478.759110354805, 601.6948079092026, 748.7024062728882, 843.0755765638352, 975.9044524894715, 1085.5560786542892, 1136.8748381278992, 1338.7201944112778, 1405.5667501235962, 1648.3359285858153, 1668.5416786590574, 1714.3785100530624, 1864.1705757907866, 1993.1998651514052, 2208.7617523679733, 2243.740318952179, 2377.24455, 2442.269984779358, 2529.7330917892455, 2563.2870522605895, 2725.023915337181, 2980.1173639326094, 2832.106592444801, 2795.999770024109, 2940.199979261017, 3136.1391794723513, 3252.910280003357]
shares:[0, 5.6148, 11.2328, 17.1887, 22.969, 29.0333, 34.8203, 40.188, 45.5963, 50.8019, 55.9565, 61.3532, 66.3061, 71.3848, 75.9952, 80.8402, 85.8477, 90.7139, 95.5055, 100.0345, 104.7009, 109.2986, 113.965, 118.6554, 123.4724, 128.1761, 132.6265, 137.4809, 142.5803, 147.6004, 152.4618, 157.2974]
growth_rate:4.93
