ticker:OCFC
price:[15.890000343322754, 14.930000305175781, 14.399999618530273, 13.699999809265137, 14.529999732971191, 15.210000038146973, 15.09000015258789, 16.8700008392334, 14.970000267028809, 14.25, 16.059999465942383, 15.979999542236328, 16.350000381469727, 16.790000915527344, 17.540000915527344, 18.959999084472656, 18.690000534057617, 18.6299991607666, 19.829999923706055, 20.110000610351562, 19.860000610351562, 18.15999984741211, 18.84000015258789, 20.56999969482422, 21.329999923706055, 21.729999542236328, 23.219999313354492, 24.950000762939453, 25.0, 24.860000610351562, 23.790000915527344, 23.780000686645508, 23.5, 23.260000228881836, 22.860000610351562, 22.3799991607666, 22.559999465942383, 22.5, 22.110000610351562, 22.209999084472656, 21.829999923706055, 20.360000610351562, 21.040000915527344, 20.510000228881836, 20.290000915527344, 19.389999389648438, 19.239999771118164, 19.5, 21.530000686645508, 21.670000076293945, 21.170000076293945, 21.860000610351562]
assets:[0, 99.99964904403686, 196.44911479587554, 286.8999160057068, 404.2812595702171, 523.2011863121986, 619.0732922599792, 792.0988364046096, 802.8875213215828, 864.27105, 1074.0494022836685, 1168.698864521408, 1295.7587852319718, 1430.6289660095215, 1594.5351732292177, 1823.6257999420166, 1897.6574312246323, 1991.5655402851105, 2219.8475284593583, 2351.1928973602294, 2421.962822433472, 2314.6445245513914, 2501.3171122585295, 2831.001746999359, 3035.5981361421586, 3192.5237267463685, 3511.4304641624453, 3873.0484984329228, 3980.8100000000004, 4058.516913642883, 3983.833110312653, 4082.1581478719713, 4134.0918, 4191.870721248626, 4219.78466266632, 4231.180545333862, 4365.211000663376, 4453.6005000000005, 4476.4039895721435, 4596.650261519622, 4618.005503860474, 4407.0361481140135, 4654.227042522431, 4636.986993746567, 4687.247894498443, 4579.3361558532715, 4643.910644755364, 4806.66615, 5407.052984444427, 5542.213036512566, 5514.336215872955, 5794.067485775757]
shares:[0, 6.6979, 13.6423, 20.9416, 27.8239, 34.3985, 41.0254, 46.9531, 53.6331, 60.6506, 66.8773, 73.1351, 79.2513, 85.2072, 90.9085, 96.1828, 101.5333, 106.901, 111.9439, 116.9166, 121.9518, 127.4584, 132.7663, 137.6277, 142.3159, 146.9178, 151.2244, 155.2324, 159.2324, 163.2549, 167.4583, 171.6635, 175.9188, 180.218, 184.5925, 189.0608, 193.4934, 197.9378, 202.4606, 206.9631, 211.544, 216.4556, 221.2085, 226.0842, 231.0127, 236.17, 241.3675, 246.4957, 251.1404, 255.7551, 260.4788, 265.0534]
growth_rate:13.61
