ticker:OCFCP
price:[26.499000549316406, 26.5, 26.514999389648438, 26.540000915527344, 27.0, 26.649999618530273, 26.975000381469727, 26.700000762939453, 26.0939998626709, 26.45599937438965, 26.450000762939453, 26.97599983215332, 27.0, 26.959999084472656, 27.299999237060547, 27.850000381469727, 27.780000686645508, 27.520000457763672, 27.649999618530273, 27.540000915527344, 27.780000686645508, 27.56999969482422, 27.670000076293945, 27.25, 27.350000381469727, 27.219999313354492, 27.299999237060547, 27.299999237060547, 27.187999725341797, 27.399999618530273, 27.540000915527344, 27.850000381469727, 27.850000381469727, 28.239999771118164, 28.5, 27.75, 27.799999237060547, 27.899999618530273, 27.899999618530273, 27.950000762939453, 27.5, 27.700000762939453, 27.799999237060547, 28.0, 28.299999237060547, 28.329999923706055, 28.329999923706055, 28.0, 28.100000381469727, 28.100000381469727, 27.950000762939453, 27.889999389648438]
assets:[0, 100.0004, 200.0583218948364, 300.24703035736087, 405.4509, 500.19384284019463, 606.2928060739517, 700.1114000053406, 784.2212436727524, 895.1017004333495, 994.8982636974334, 1114.683381864357, 1215.675, 1313.8739873825073, 1430.443520024109, 1559.263036357689, 1655.3435689155579, 1739.8502049404144, 1848.0679095033647, 1940.7163245162963, 2057.62853685894, 2142.073182289124, 2249.8421722034454, 2315.691375, 2424.1891638118746, 2512.667248616028, 2620.0519067787172, 2720.05180398407, 2808.8928472240445, 2930.794379196739, 3045.769877252197, 3180.055078558159, 3280.0560749279025, 3425.9892282327655, 3557.53245, 3563.9130750000004, 3670.3338192718506, 3783.5356882686615, 3883.5348669013974, 3990.49427892685, 4026.2475, 4155.52918445549, 4270.5302428001405, 4401.2528, 4548.409837379456, 4653.230817468643, 4753.230051199341, 4797.8616, 4914.9963567232135, 5014.99582808075, 5088.224968891144, 5177.3014676986695]
shares:[0, 3.7736, 7.5451, 11.313, 15.0167, 18.769, 22.4761, 26.2214, 30.0537, 33.8336, 37.6143, 41.3213, 45.025, 48.7342, 52.3972, 55.9879, 59.5876, 63.2213, 66.8379, 70.469, 74.0687, 77.6958, 81.3098, 84.9795, 88.6358, 92.3096, 95.9726, 99.6356, 103.3137, 106.9633, 110.5944, 114.1851, 117.7758, 121.3169, 124.8257, 128.4293, 132.0264, 135.6106, 139.1948, 142.7726, 146.409, 150.0191, 153.6162, 157.1876, 160.7212, 164.251, 167.7808, 171.3522, 174.9109, 178.4696, 182.0474, 185.6329]
growth_rate:1.52
