ticker:OCG
price:[6.0, 5.420000076293945, 4.900000095367432, 5.159999847412109, 5.0, 5.019999980926514, 4.5, 4.75, 5.449999809265137, 5.110000133514404, 3.9100000858306885, 3.0199999809265137, 4.21999979019165, 11.430000305175781, 9.260000228881836, 7.889999866485596, 7.579999923706055, 5.869999885559082, 6.159999847412109, 6.139999866485596, 5.25, 4.510000228881836, 4.360000133514404, 4.78000020980835, 4.849999904632568, 5.380000114440918, 4.869999885559082, 4.880000114440918, 4.630000114440918, 4.679999828338623, 4.519999980926514, 4.099999904632568, 4.340000152587891, 4.300000190734863, 3.930000066757202, 3.9100000858306885, 4.71999979019165, 4.690000057220459]
assets:[0, 100.00008540763854, 190.40616370582583, 300.5091031135559, 391.19100000000003, 492.7556681277752, 541.71315, 671.808175, 870.8113245240212, 916.4856779459953, 801.2638055890083, 718.8789834597587, 1104.5262870855809, 3091.6436325454715, 2604.6908303808214, 2319.331736752319, 2328.2045565662384, 1902.976478899765, 2096.9908440559384, 2190.1821603744506, 1972.7127, 1794.6540180784227, 1834.9649161913394, 2111.727612689972, 2242.6525659018516, 2587.7262550449373, 2442.4213356051446, 2547.436675739956, 2516.9328822116854, 2644.113323014498, 2653.7163968018535, 2507.131901683235, 2753.8911108226775, 2828.509595464039, 2685.1261716110707, 2771.461236837959, 3445.599846839905, 3523.70022299099]
shares:[0, 18.4502, 38.8584, 58.2382, 78.2382, 98.1585, 120.3807, 141.4333, 159.7819, 179.3514, 204.9268, 238.0394, 261.7361, 270.485, 281.2841, 293.9584, 307.151, 324.1868, 340.4206, 356.7072, 375.7548, 397.9277, 420.8635, 441.784, 462.4026, 480.99, 501.5239, 522.0157, 543.614, 564.9815, 587.1054, 611.4956, 634.5371, 657.7929, 683.2382, 708.8136, 730.0, 751.322]
growth_rate:-4.76
