ticker:OCGN
price:[0.34200000762939453, 0.3190000057220459, 0.35600000619888306, 0.30399999022483826, 0.3089999854564667, 0.3569999933242798, 0.3160000145435333, 0.3230000138282776, 0.2809999883174896, 0.2800000011920929, 0.2879999876022339, 0.31200000643730164, 0.29899999499320984, 0.3100000023841858, 0.3050000071525574, 0.2939999997615814, 1.7599999904632568, 1.8300000429153442, 2.690000057220459, 2.2200000286102295, 2.180000066757202, 1.7699999809265137, 5.25, 10.279999732971191, 10.270000457763672, 10.949999809265137, 8.739999771118164, 10.0, 8.920000076293945, 7.130000114440918, 6.699999809265137, 6.960000038146973, 5.78000020980835, 9.630000114440918, 12.670000076293945, 9.1850004196167, 8.75, 8.65999984741211, 8.729999542236328, 8.720000267028809, 6.340000152587891, 6.570000171661377, 8.350000381469727, 7.289999961853027, 7.269999980926514, 6.659999847412109, 6.940000057220459, 6.710000038146973, 7.860000133514404, 7.420000076293945, 7.300000190734863, 7.539999961853027]
assets:[0, 99.99999419374466, 211.5987496844828, 280.69106457434, 385.30768636493383, 545.1613380057573, 582.5518096112698, 695.4564331738829, 705.0255143887252, 802.5165714166939, 925.4455665616035, 1102.5660899485588, 1156.6258068321645, 1299.1772739918708, 1378.222808320713, 1428.516393041548, 8651.662753120065, 9095.76322230481, 13470.274816533567, 11216.73218455553, 11114.629188358498, 9124.262817677116, 27163.4916, 53288.70189579582, 53336.86841437874, 56968.419732683666, 45570.683060601616, 52240.371, 46698.41166741772, 37427.31780373163, 35270.12894593382, 36738.82164936133, 30610.114105117176, 51099.202552252296, 67330.20741943702, 48910.41656197214, 46694.025875, 46313.74326795884, 46788.1025526329, 46834.51190619306, 34151.69784194565, 35490.63963630166, 45206.06456023884, 39567.32845195284, 39558.77651721406, 36339.538585421375, 37967.32802304149, 36809.044525262834, 43217.59922611857, 40898.29322652455, 40336.86572392416, 41763.00795870924]
shares:[0, 313.4796, 594.3785, 923.3259, 1246.9505, 1527.0626, 1843.5183, 2153.1158, 2508.9877, 2866.1306, 3213.3528, 3533.8656, 3868.3138, 4190.8944, 4518.7632, 4858.8993, 4915.7175, 4970.3623, 5007.537, 5052.582, 5098.4536, 5154.9508, 5173.9984, 5183.726, 5193.4631, 5202.5955, 5214.0371, 5224.0371, 5235.2479, 5249.2731, 5264.1985, 5278.5663, 5295.8673, 5306.2515, 5314.1442, 5325.0315, 5336.4601, 5348.0074, 5359.4622, 5370.9301, 5386.703, 5401.9237, 5413.8997, 5427.6171, 5441.3723, 5456.3873, 5470.7965, 5485.6996, 5498.4222, 5511.8993, 5525.5979, 5538.8605]
growth_rate:718.88
