ticker:OCSL
price:[4.920000076293945, 4.96999979019165, 4.909999847412109, 4.739999771118164, 4.889999866485596, 4.909999847412109, 4.860000133514404, 4.829999923706055, 4.559999942779541, 4.900000095367432, 5.150000095367432, 5.380000114440918, 5.570000171661377, 5.579999923706055, 5.590000152587891, 5.53000020980835, 5.559999942779541, 5.570000171661377, 5.599999904632568, 5.760000228881836, 5.739999771118164, 5.559999942779541, 6.0, 6.230000019073486, 6.110000133514404, 6.150000095367432, 6.139999866485596, 6.269999980926514, 6.199999809265137, 6.159999847412109, 6.25, 6.619999885559082, 6.619999885559082, 6.679999828338623, 6.659999847412109, 6.760000228881836, 6.619999885559082, 6.690000057220459, 6.739999771118164, 6.789999961853027, 6.849999904632568, 6.590000152587891, 6.75, 6.809999942779541, 6.840000152587891, 6.75, 6.769999980926514, 6.789999961853027, 7.159999847412109, 7.25, 7.150000095367432, 7.320000171661377]
assets:[0, 99.99987477850914, 198.7926368221283, 291.90956790447234, 401.14722704725267, 502.787912374878, 597.6677504191875, 693.978253038025, 755.1843265236855, 911.4921377401351, 1057.9969645919323, 1205.2475316374778, 1347.811931538105, 1450.2313781713485, 1552.8304903869628, 1636.1633740760803, 1745.0393420410155, 1848.1778579588413, 1958.1318066532135, 2114.0784840059277, 2206.737746006584, 2237.536908972502, 2514.6084, 2711.001952299881, 2758.783594284344, 2876.844584610939, 2972.1664033701895, 3135.0952944629666, 3200.093941553306, 3279.4483987655644, 3427.3625, 3730.262029514408, 3830.2617617856977, 3964.977358108759, 4053.1060771389, 4213.963766677475, 4226.691848932553, 4371.385189389038, 4504.056071047974, 4637.468802946186, 4778.447593473244, 4697.075987758255, 4911.117075, 5054.771489527702, 5177.03947949028, 5208.920325, 5324.35381799941, 5440.082785437012, 5836.5232796169275, 6009.887500000001, 6026.9924803886415, 6270.291651044655]
shares:[0, 20.1207, 40.4873, 61.5843, 82.0342, 102.4008, 122.9769, 143.6808, 165.6106, 186.0188, 205.4363, 224.0237, 241.977, 259.8981, 277.7872, 295.8704, 313.856, 331.8093, 349.6664, 367.0275, 384.4491, 402.4347, 419.1014, 435.1528, 451.5194, 467.7796, 484.0662, 500.0152, 516.1442, 532.378, 548.378, 563.4837, 578.5894, 593.5595, 608.5745, 623.3674, 638.4731, 653.4208, 668.2576, 682.9851, 697.5836, 712.7581, 727.5729, 742.2572, 756.8771, 771.6919, 786.4629, 801.1904, 815.1569, 828.95, 842.936, 856.5972]
growth_rate:22.95
