ticker:OCUL
price:[7.71999979019165, 8.079999923706055, 9.239999771118164, 7.889999866485596, 8.039999961853027, 11.270000457763672, 10.300000190734863, 10.180000305175781, 9.5, 12.84000015258789, 13.899999618530273, 14.65999984741211, 17.420000076293945, 20.34000015258789, 20.729999542236328, 21.43000030517578, 22.079999923706055, 20.700000762939453, 22.110000610351562, 20.329999923706055, 20.030000686645508, 18.149999618530273, 19.760000228881836, 19.3799991607666, 19.219999313354492, 18.34000015258789, 18.510000228881836, 20.84000015258789, 20.670000076293945, 16.969999313354492, 17.40999984741211, 16.510000228881836, 15.890000343322754, 15.454999923706055, 18.3799991607666, 16.25, 14.8100004196167, 13.75, 14.5600004196167, 14.5, 14.449999809265137, 13.510000228881836, 14.09000015258789, 13.65999984741211, 13.239999771118164, 12.210000038146973, 12.350000381469727, 11.010000228881836, 10.529999732971191, 10.760000228881836, 10.010000228881836, 11.010000228881836]
assets:[0, 99.99969505577089, 214.35598269023893, 283.03796521043773, 388.41883015708925, 644.4625791767121, 688.9937927587509, 780.9668674118042, 828.79995, 1220.189066500473, 1420.920511004448, 1598.6114113609315, 1999.5773547574997, 2434.752936265182, 2581.4363609962465, 2768.606029426575, 2952.5817497978214, 2868.0451357074735, 3163.4038143264775, 3008.7281737089156, 3064.329715047836, 2876.7132295383453, 3231.892285435295, 3269.7411324068066, 3342.7461245784757, 3289.6971793701173, 3420.1908452917096, 3950.718020926666, 4018.4898538324355, 3399.1672274618145, 3587.3008715595247, 3501.8569005470276, 3470.3522399811745, 3475.348832343864, 4233.0902547164915, 3842.5302500000003, 3602.0231380573273, 3444.214125, 3747.1092919910434, 3831.6684999999998, 3918.455578277779, 3763.5523667608263, 4025.125568590164, 4002.285701292801, 3979.22897121048, 3769.6665717773435, 3912.8901408622737, 3588.33413359623, 3531.894588435173, 3709.0398668970106, 3550.5100441835402, 4005.206873262405]
shares:[0, 12.3762, 23.1987, 35.873, 48.3108, 57.1839, 66.8926, 76.7158, 87.2421, 95.0303, 102.2245, 109.0458, 114.7863, 119.7027, 124.5266, 129.193, 133.722, 138.5529, 143.0757, 147.9945, 152.987, 158.4966, 163.5573, 168.7173, 173.9202, 179.3728, 184.7753, 189.5738, 194.4117, 200.3045, 206.0483, 212.1052, 218.3985, 224.8689, 230.3096, 236.4634, 243.2156, 250.4883, 257.3564, 264.253, 271.1734, 278.5753, 285.6725, 292.9931, 300.546, 308.736, 316.8332, 325.9159, 335.4126, 344.7063, 354.6963, 363.779]
growth_rate:-21.47
