ticker:OCUP
price:[7.400000095367432, 7.320000171661377, 9.239999771118164, 8.960000038146973, 8.119999885559082, 8.4399995803833, 8.5600004196167, 8.800000190734863, 8.600000381469727, 6.0, 5.059999942779541, 6.179999828338623, 6.579999923706055, 6.460000038146973, 6.510000228881836, 6.019999980926514, 5.489999771118164, 6.489999771118164, 7.199999809265137, 7.119999885559082, 10.75, 11.670000076293945, 10.5, 11.5, 11.510000228881836, 10.609999656677246, 9.359999656677246, 7.949999809265137, 7.239999771118164, 5.840000152587891, 6.380000114440918, 5.940000057220459, 4.579999923706055, 4.760000228881836, 5.090000152587891, 4.409999847412109, 4.550000190734863, 4.559999942779541, 4.539999961853027, 5.409999847412109, 5.429999828338623, 4.980000019073486, 5.039999961853027, 4.900000095367432, 4.619999885559082, 4.019999980926514, 4.179999828338623, 4.199999809265137, 4.949999809265137, 4.550000190734863, 4.150000095367432, 4.559999942779541]
assets:[0, 99.9999863451004, 226.22938239612577, 319.3738253597259, 389.4327585114479, 504.77949490356445, 611.9561419984817, 729.1134558031083, 812.5426560419083, 666.8904, 662.4106645092011, 909.0310067499161, 1067.8681876182557, 1148.3935607813835, 1257.282203204155, 1262.648039999485, 1251.4844268247605, 1579.4413902980805, 1852.2309109326363, 1931.6502729522704, 3016.466125, 3374.6197570619584, 3136.29015, 3534.9849999999997, 3638.059003344536, 3453.5888402473447, 3146.7102045793536, 2772.686453478241, 2625.063189012528, 2217.4544819377898, 2522.4931832470893, 2448.528017586851, 1987.9224028850556, 2166.0504801532743, 2416.2179824333193, 2193.422351106644, 2363.054884058666, 2468.248169027567, 2557.4223845114707, 3147.501123225403, 3259.1369389672277, 3089.0427178310874, 3226.26021558094, 3236.6421429939273, 3151.6909259302142, 2842.3803825139044, 3055.5096505184174, 3170.1291960347176, 3836.2236171814916, 3626.225937010479, 3407.4368433032514, 3844.074935763216]
shares:[0, 13.6612, 24.4837, 35.6444, 47.9597, 59.808, 71.4902, 82.8538, 94.4817, 111.1484, 130.9112, 147.0924, 162.29, 177.7699, 193.1309, 209.7422, 227.9571, 243.3654, 257.2543, 271.2992, 280.6015, 289.1705, 298.6943, 307.39, 316.0781, 325.5032, 336.187, 348.7656, 362.5778, 379.7011, 395.3751, 412.2101, 434.0442, 455.0526, 474.699, 497.3747, 519.3527, 541.2825, 563.3089, 581.7932, 600.2094, 620.2897, 640.131, 660.5392, 682.1842, 707.0598, 730.9832, 754.7927, 774.9947, 796.9727, 821.0691, 842.9989]
growth_rate:-24.63
