ticker:OCX
price:[1.2400000095367432, 1.309999942779541, 1.399999976158142, 1.309999942779541, 1.3799999952316284, 1.4900000095367432, 1.5700000524520874, 1.659999966621399, 1.4800000190734863, 1.5800000429153442, 1.7400000095367432, 1.8300000429153442, 1.7899999618530273, 1.9800000190734863, 2.240000009536743, 2.4600000381469727, 2.3499999046325684, 2.390000104904175, 3.0, 3.4200000762939453, 4.760000228881836, 5.119999885559082, 6.0, 5.920000076293945, 6.340000152587891, 4.920000076293945, 3.7200000286102295, 4.800000190734863, 4.804999828338623, 4.739999771118164, 5.239999771118164, 5.315000057220459, 4.800000190734863, 4.639999866485596, 5.139999866485596, 4.28000020980835, 3.8949999809265137, 4.659999847412109, 4.420000076293945, 5.059999942779541, 5.449999809265137, 5.340000152587891, 5.809999942779541, 5.889999866485596, 5.75, 5.300000190734863, 5.400000095367432, 5.139999866485596, 5.179999828338623, 4.480000019073486, 4.139999866485596, 4.199999809265137]
assets:[0, 100.00002463202476, 206.8702964770198, 293.57151117687226, 409.2585945858717, 541.8806704683066, 670.975004416585, 809.4385597241402, 821.668186589241, 977.1862605419517, 1176.1418704463003, 1336.9768033534526, 1407.7531669991492, 1657.1796279637335, 1974.7891604076146, 2268.7416771811486, 2267.293772988939, 2405.8861966014624, 3119.9406, 3656.732481575012, 5189.487433533478, 5681.969536998082, 6758.5584, 6768.444423228263, 7348.638384863281, 5802.728777982331, 4487.428966512465, 5890.230954056739, 5996.366381276369, 6015.249783539772, 6749.769989171791, 6946.379796783637, 6373.30633325243, 6260.862251845836, 7035.524391248274, 5958.374900083351, 5522.399135457278, 6707.029202383804, 6461.602973534203, 7497.219249218511, 8175.067838895321, 8110.067025741196, 8923.87406011219, 9146.749835661649, 9029.34, 8422.696173113536, 8681.61471332283, 8363.610920750476, 8528.69722336526, 7476.170719829607, 7008.782551967764, 7210.358912555504]
shares:[0, 76.3359, 147.7645, 224.1004, 296.5642, 363.6783, 427.3726, 487.6136, 555.1812, 618.4723, 675.9436, 730.5884, 786.4543, 836.9594, 881.6023, 922.2527, 964.8059, 1006.6469, 1039.9802, 1069.22, 1090.2284, 1109.7597, 1126.4264, 1143.3183, 1159.0912, 1179.4164, 1206.2981, 1227.1314, 1247.9431, 1269.0401, 1288.1241, 1306.9388, 1327.7721, 1349.3238, 1368.7791, 1392.1436, 1417.8175, 1439.2767, 1461.9011, 1481.6639, 1500.0125, 1518.7391, 1535.9508, 1552.9287, 1570.32, 1589.1879, 1607.7064, 1627.1617, 1646.4667, 1668.7881, 1692.9427, 1716.7522]
growth_rate:41.38
