ticker:ODFL
price:[196.25999450683594, 195.63999938964844, 184.07000732421875, 182.41000366210938, 184.55999755859375, 199.75999450683594, 200.5800018310547, 200.6199951171875, 190.3699951171875, 207.02000427246094, 202.75, 205.6199951171875, 201.99000549316406, 209.25, 200.7899932861328, 199.5399932861328, 198.25, 195.17999267578125, 205.55999755859375, 207.38999938964844, 204.61000061035156, 194.0, 209.4499969482422, 212.2100067138672, 215.63999938964844, 214.77000427246094, 219.85000610351562, 233.80999755859375, 230.61000061035156, 235.75, 243.69000244140625, 249.27999877929688, 251.3699951171875, 257.760009765625, 257.80999755859375, 269.57000732421875, 269.57000732421875, 262.94000244140625, 265.45001220703125, 260.2699890136719, 251.02999877929688, 246.35000610351562, 253.61000061035156, 258.0, 260.5799865722656, 253.94000244140625, 261.0799865722656, 269.1499938964844, 272.7200012207031, 281.0, 282.510009765625, 289.7799987792969]
assets:[0, 99.99160368804931, 194.08341572265624, 292.3302718688965, 395.7704587646485, 528.3651854705811, 630.5432937561036, 730.6780842163087, 793.3479176513672, 962.7258278686525, 1042.8649, 1157.620010510254, 1237.1887836456299, 1381.656825, 1425.7896633255004, 1516.9229829605104, 1607.1136250000002, 1682.2173208740235, 1871.6854457702636, 1988.3516191482545, 2061.6912881500243, 2054.7898, 2318.422961219788, 2448.9671404800415, 2588.5425526733397, 2678.096045275879, 2841.451403884888, 3121.8778494018557, 3179.1433464141846, 3350.0075, 3562.845311694336, 3744.5844296630858, 3875.9745027099607, 4074.5155783691403, 4175.310253460693, 4465.777612335205, 4565.788085052491, 4553.489786279297, 4696.952150994873, 4705.290996383666, 4638.25618444519, 4651.7778952514645, 4888.865342765808, 5073.4926, 5224.237860794067, 5191.117711907958, 5437.069044363403, 5705.118590625, 5880.7977463226325, 6159.3514, 6292.458451513671, 6554.388902389526]
shares:[0, 0.5111, 1.0544, 1.6026, 2.1444, 2.645, 3.1436, 3.6421, 4.1674, 4.6504, 5.1436, 5.6299, 6.125, 6.6029, 7.1009, 7.6021, 8.1065, 8.6188, 9.1053, 9.5875, 10.0762, 10.5917, 11.0691, 11.5403, 12.004, 12.4696, 12.9245, 13.3522, 13.7858, 14.21, 14.6204, 15.0216, 15.4194, 15.8074, 16.1953, 16.5663, 16.9373, 17.3176, 17.6943, 18.0785, 18.4769, 18.8828, 19.2771, 19.6647, 20.0485, 20.4423, 20.8253, 21.1968, 21.5635, 21.9194, 22.2734, 22.6185]
growth_rate:28.52
