ticker:ODP
price:[22.690000534057617, 21.25, 21.6200008392334, 18.309999465942383, 20.579999923706055, 22.6299991607666, 22.399999618530273, 22.290000915527344, 19.5, 24.280000686645508, 25.34000015258789, 28.729999542236328, 29.239999771118164, 28.15999984741211, 26.559999465942383, 28.520000457763672, 28.6299991607666, 29.299999237060547, 36.959999084472656, 45.86000061035156, 47.5099983215332, 42.689998626708984, 46.77000045776367, 44.25, 45.0, 38.27000045776367, 37.880001068115234, 40.02000045776367, 38.29999923706055, 40.16999816894531, 43.0, 43.08000183105469, 42.66999816894531, 41.220001220703125, 40.43000030517578, 44.36000061035156, 44.0, 42.70000076293945, 43.7400016784668, 49.560001373291016, 50.06999969482422, 44.93000030517578, 48.459999084472656, 48.31999969482422, 47.43000030517578, 44.5, 47.380001068115234, 47.33000183105469, 44.779998779296875, 45.90999984741211, 44.11000061035156, 46.54999923706055]
assets:[0, 100.00037499999999, 201.74055183105472, 270.85432909984587, 404.4340425006867, 544.7199207990647, 639.1839891147614, 736.044807231903, 743.91525, 1026.269497023201, 1171.0729030517577, 1427.7402002513884, 1553.0855118429183, 1595.720183353424, 1605.055295726204, 1823.5003812683105, 1930.5322954101564, 2075.7115659507754, 2718.3709726638795, 3472.9549162216185, 3697.9074623577117, 3422.747481893921, 3849.867910680771, 3742.4348999999997, 3905.865, 3421.72074092865, 3486.8503103199005, 3783.83901728096, 3721.2164358730315, 4002.9041645370485, 4384.9121, 4493.07187097168, 4550.311536737061, 4495.684165136719, 4509.521804039002, 5047.870857453919, 5106.904, 5056.017420338058, 5279.160136581039, 6081.60193251915, 6244.184598941803, 5703.180602737427, 6251.262345898438, 6333.200888001252, 6316.551949642181, 6026.3457499999995, 6516.365804902267, 6609.488032701111, 6353.3862268066405, 6613.711940018463, 6454.409072309875, 6911.441311723709]
shares:[0, 4.7059, 9.3312, 14.7927, 19.6518, 24.0707, 28.535, 33.0213, 38.1495, 42.2681, 46.2144, 49.6951, 53.1151, 56.6662, 60.4313, 63.9376, 67.4304, 70.8434, 73.549, 75.7295, 77.8343, 80.1768, 82.3149, 84.5748, 86.797, 89.41, 92.0499, 94.5487, 97.1597, 99.6491, 101.9747, 104.296, 106.6396, 109.0656, 111.539, 113.7933, 116.066, 118.4079, 120.6941, 122.7119, 124.7091, 126.9348, 128.9984, 131.0679, 133.1763, 135.4235, 137.5341, 139.6469, 141.88, 144.0582, 146.3253, 148.4735]
growth_rate:35.52
