ticker:ODT
price:[14.920000076293945, 14.920000076293945, 15.039999961853027, 13.359999656677246, 14.65999984741211, 16.329999923706055, 15.960000038146973, 16.510000228881836, 14.40999984741211, 14.210000038146973, 14.350000381469727, 14.229999542236328, 14.850000381469727, 16.309999465942383, 15.5600004196167, 14.520000457763672, 17.25, 19.200000762939453, 19.440000534057617, 19.989999771118164, 20.219999313354492, 23.110000610351562, 26.65999984741211, 24.93000030517578, 24.280000686645508, 21.049999237060547, 17.690000534057617, 19.170000076293945, 19.030000686645508, 3.0899999141693115, 3.4100000858306885, 3.8499999046325684, 3.309999942779541, 3.390000104904175, 3.3499999046325684, 3.140000104904175, 2.880000114440918, 3.4200000762939453, 3.4600000381469727, 3.8299999237060547, 3.7799999713897705, 3.5199999809265137, 3.6500000953674316, 3.4700000286102295, 3.7100000381469727, 3.450000047683716, 3.8399999141693115, 3.3399999141693115, 3.3499999046325684, 3.259999990463257, 3.009999990463257, 3.299999952316284]
assets:[0, 99.99980851135254, 200.80355149068833, 278.3729608464241, 405.46041177978515, 551.6486264226913, 639.1501215276718, 761.1753995523453, 764.3568269062042, 853.7481702919007, 962.1589155773164, 1054.1128300903322, 1200.0404108268738, 1418.0239735679625, 1452.8170111790657, 1455.7142618934631, 1829.412525, 2136.215124885559, 2262.9171501670835, 2426.9398952119827, 2554.8636392400745, 3020.024123760986, 3583.938437487411, 3451.371567249298, 3461.383605888939, 3100.9111726100923, 2705.9438556919094, 3032.33169906826, 3110.1871922225955, 605.01734819448, 767.6728593225479, 966.7272760534287, 931.1344289033414, 1053.6391526050568, 1141.2066125122547, 1169.6682510774135, 1172.8166866035463, 1492.7199092998505, 1610.1784877524376, 1882.3652985031129, 1957.7912611817837, 1923.1284055793285, 2094.153244716167, 2090.879747239351, 2335.4939960140227, 2271.8205463996646, 2628.635077245426, 2386.3648086756466, 2493.509449015045, 2526.519552608967, 2432.7680782921316, 2767.1542400156977]
shares:[0, 6.7024, 13.3513, 20.8363, 27.6576, 33.7813, 40.047, 46.1039, 53.0435, 60.0808, 67.0494, 74.0768, 80.8108, 86.942, 93.3687, 100.2558, 106.0529, 111.2612, 116.4052, 121.4077, 126.3533, 130.6804, 134.4313, 138.4425, 142.5611, 147.3117, 152.9646, 158.1811, 163.436, 195.7985, 225.124, 251.098, 281.3095, 310.808, 340.6587, 372.5058, 407.228, 436.4678, 465.3695, 491.4792, 517.9342, 546.3433, 573.7406, 602.559, 629.5132, 658.4987, 684.5404, 714.4805, 744.3312, 775.006, 808.2286, 838.5316]
growth_rate:-45.74
