ticker:OEPWU
price:[10.260000228881836, 10.420000076293945, 10.449999809265137, 10.470000267028809, 10.479999542236328, 10.25, 10.0, 10.069999694824219, 9.979999542236328, 9.899999618530273, 10.0, 10.050000190734863, 10.020000457763672, 9.949999809265137, 9.9399995803833, 9.989999771118164, 9.979999542236328, 9.960000038146973, 9.890000343322754, 9.930000305175781, 9.989999771118164, 9.989999771118164, 9.989999771118164, 10.0, 10.0, 10.010000228881836, 10.005000114440918, 9.9399995803833, 9.934000015258789, 9.90999984741211, 9.90999984741211, 9.930000305175781]
assets:[0, 99.99969873218537, 200.2878313443184, 300.67118566837314, 400.9584944862366, 492.158875, 580.155, 684.2161992645264, 778.1006443099975, 871.8632664051055, 980.67, 1085.572880602646, 1182.3319980148317, 1274.0726005768777, 1372.792468047619, 1479.697787098503, 1578.2161696102144, 1675.0538824154853, 1763.2812382107734, 1870.4128714828491, 1981.714256596756, 2081.7141543056487, 2181.7140520145417, 2283.898, 2383.898, 2486.2818548496243, 2585.039903568649, 2668.2457753601075, 2766.6348986495973, 2859.9506399642946, 2959.9504664245605, 3065.9243352241515]
shares:[0, 9.5969, 19.1663, 28.7174, 38.2594, 48.0155, 58.0155, 67.946, 77.966, 88.067, 98.067, 108.0172, 117.9972, 128.0475, 138.1079, 148.1179, 158.1379, 168.1781, 178.2893, 188.3598, 198.3698, 208.3798, 218.3898, 228.3898, 238.3898, 248.3798, 258.3748, 268.4352, 278.5016, 288.5924, 298.6832, 308.7537]
growth_rate:-1.1
