ticker:OEPW
price:[9.819999694824219, 9.710000038146973, 9.760000228881836, 9.760000228881836, 9.800000190734863, 9.760000228881836, 9.729999542236328, 9.739999771118164, 9.729999542236328, 9.630000114440918, 9.640000343322754, 9.640000343322754, 9.6899995803833, 9.670000076293945, 9.710000038146973, 9.699999809265137, 9.720000267028809, 9.699999809265137, 9.630000114440918, 9.829999923706055, 9.680000305175781, 9.630000114440918, 9.649999618530273, 9.640000343322754]
assets:[0, 100.00037739286422, 200.51530070228577, 300.5152870473862, 401.7470878190994, 500.1072917280197, 598.5701118392944, 699.1849095697403, 798.4671144348144, 890.2607685796738, 991.1848353004455, 1091.1844148618698, 1196.8438251717569, 1294.3739922122957, 1399.728548499012, 1498.287190538597, 1601.376847993183, 1698.0819666099549, 1785.8276672224044, 1922.9160780755997, 1993.5737988502501, 2083.2762217572213, 2187.602803522873, 2285.3356013908387]
shares:[0, 10.2987, 20.5446, 30.7905, 40.9946, 51.2405, 61.518, 71.7849, 82.0624, 92.4466, 102.82, 113.1934, 123.5133, 133.8546, 144.1533, 154.4626, 164.7507, 175.06, 185.4442, 195.6171, 205.9477, 216.3319, 226.6946, 237.068]
growth_rate:-0.64
