ticker:OESX
price:[6.619999885559082, 6.960000038146973, 8.430000305175781, 7.349999904632568, 7.449999809265137, 8.880000114440918, 7.920000076293945, 7.559999942779541, 6.420000076293945, 7.309999942779541, 7.960000038146973, 8.890000343322754, 10.5600004196167, 9.369999885559082, 9.720000267028809, 10.100000381469727, 10.09000015258789, 9.869999885559082, 10.800000190734863, 10.470000267028809, 11.010000228881836, 9.789999961853027, 10.520000457763672, 9.979999542236328, 9.890000343322754, 8.399999618530273, 7.699999809265137, 8.729999542236328, 8.079999923706055, 7.130000114440918, 7.170000076293945, 6.659999847412109, 6.309999942779541, 6.360000133514404, 6.019999980926514, 5.650000095367432, 5.909999847412109, 6.119999885559082, 6.409999847412109, 5.980000019073486, 5.849999904632568, 5.599999904632568, 5.829999923706055, 5.480000019073486, 5.199999809265137, 4.900000095367432, 5.010000228881836, 5.010000228881836, 5.010000228881836, 4.710000038146973, 4.25, 4.570000171661377]
assets:[0, 99.99988854808808, 221.12059400482178, 292.79165620098115, 396.77506984176637, 572.9349433836937, 610.9963258857728, 683.223654828787, 680.1977240833282, 874.4931001547336, 1052.2523050427437, 1275.1914282465934, 1614.738112163925, 1532.7745652793885, 1690.029082428646, 1856.100300103569, 1954.2625085536956, 2011.6520526752472, 2301.2003206406594, 2330.885903447342, 2551.1040320337297, 2368.420286771393, 2645.0237270946504, 2609.2519183185577, 2685.721570232487, 2381.098331867027, 2282.67341345644, 2688.018366051864, 2587.879343564415, 2383.611087258434, 2496.9833575696944, 2419.3734825695037, 2392.22951030674, 2511.1856327168944, 2476.93982815218, 2424.702625927019, 2636.281905934906, 2829.9571030812263, 3064.056206061173, 2958.511123436308, 2994.1955061882495, 2966.238189485264, 3188.066081279564, 3096.672934778166, 3038.4488085503576, 2963.1540276710984, 3129.673996979141, 3229.6741025476454, 3329.6742081161497, 3230.2922961626055, 3014.8072, 3341.8043995270727]
shares:[0, 14.3678, 26.2302, 39.8356, 53.2584, 64.5197, 77.146, 90.3735, 105.9498, 119.6297, 132.1925, 143.4411, 152.9108, 163.5832, 173.8713, 183.7723, 193.6831, 203.8148, 213.0741, 222.6252, 231.7079, 241.9224, 251.4281, 261.4481, 271.5593, 283.4641, 296.4511, 307.9059, 320.2821, 334.3073, 348.2543, 363.2693, 379.1172, 394.8405, 411.4518, 429.1509, 446.0714, 462.4113, 478.0119, 494.7343, 511.8283, 529.6854, 546.8381, 565.0863, 584.3171, 604.7253, 624.6854, 644.6455, 664.6056, 685.837, 709.3664, 731.2482]
growth_rate:-34.47
