ticker:OFED
price:[26.40999984741211, 21.8700008392334, 22.329999923706055, 20.899999618530273, 20.700000762939453, 24.239999771118164, 25.010000228881836, 24.260000228881836, 22.510000228881836, 21.299999237060547, 23.540000915527344, 23.690000534057617, 25.780000686645508, 23.700000762939453, 24.719999313354492, 25.989999771118164, 25.530000686645508, 25.299999237060547, 25.049999237060547, 23.3799991607666, 23.299999237060547, 24.389999389648438, 24.0, 22.350000381469727, 22.75, 25.0, 26.489999771118164, 26.149999618530273, 27.0, 26.399999618530273, 26.899999618530273, 25.889999389648438, 24.829999923706055, 25.110000610351562, 23.479999542236328, 22.950000762939453, 26.579999923706055, 25.399999618530273, 25.309999465942383, 25.100000381469727, 25.690000534057617, 23.920000076293945, 22.790000915527344, 23.3700008392334, 22.59000015258789, 22.399999618530273, 22.030000686645508, 21.549999237060547, 21.989999771118164, 23.5, 23.5, 24.030000686645508]
assets:[0, 100.00057883739471, 202.10436330947877, 289.1619447221756, 386.394494241333, 552.4732267833709, 670.0229081317901, 749.929979075241, 795.8343050920487, 853.0543194446564, 1042.765544555664, 1149.4103979118347, 1350.815319978714, 1341.8276831954956, 1499.5769583463668, 1676.6174842348098, 1746.9439099851606, 1831.2063547786713, 1913.111026733017, 1885.5712143167495, 1979.118245195389, 2171.7026186538696, 2236.9776, 2183.1860322626117, 2322.258575, 2651.9325, 2909.987401856804, 2972.637816635895, 3169.2626999999998, 3198.8351537780763, 3359.419902359962, 3333.2856414184566, 3296.8131718700406, 3433.990952470398, 3311.0743994476315, 3336.3357059116365, 3964.0428426218036, 3888.06176160717, 3974.2849491399766, 4041.3109014198303, 4236.306778066635, 4044.4318848999023, 3953.370063816071, 4153.982594172478, 4115.337795797729, 4180.724728802681, 4211.669095272064, 4219.903610601807, 4406.063687139702, 4808.617, 4908.61655, 5119.322510282135]
shares:[0, 4.5725, 9.0508, 13.8355, 18.6664, 22.7918, 26.7902, 30.9122, 35.3547, 40.0495, 44.2976, 48.5188, 52.3978, 56.6172, 60.6625, 64.5101, 68.4271, 72.3797, 76.3717, 80.6489, 84.9407, 89.0407, 93.2074, 97.6817, 102.0773, 106.0773, 109.8523, 113.6764, 117.3801, 121.168, 124.8855, 128.748, 132.7754, 136.7579, 141.0168, 145.3741, 149.1363, 153.0733, 157.0243, 161.0084, 164.901, 169.0816, 173.4695, 177.7485, 182.1752, 186.6395, 191.1788, 195.8192, 200.3667, 204.622, 208.8773, 213.0388]
growth_rate:0.38
