ticker:OFIX
price:[28.790000915527344, 28.239999771118164, 29.850000381469727, 29.399999618530273, 31.350000381469727, 34.16999816894531, 34.70000076293945, 33.47999954223633, 31.260000228881836, 35.209999084472656, 36.779998779296875, 36.150001525878906, 38.06999969482422, 37.09000015258789, 37.869998931884766, 42.16999816894531, 42.59000015258789, 42.97999954223633, 43.61000061035156, 43.68000030517578, 43.93000030517578, 40.40999984741211, 41.880001068115234, 43.189998626708984, 42.0099983215332, 46.5099983215332, 45.33000183105469, 46.7599983215332, 45.849998474121094, 43.040000915527344, 42.93000030517578, 42.869998931884766, 44.16999816894531, 44.790000915527344, 44.349998474121094, 44.15999984741211, 42.54999923706055, 41.29999923706055, 40.70000076293945, 40.810001373291016, 42.349998474121094, 41.560001373291016, 41.7599983215332, 40.47999954223633, 40.22999954223633, 37.79999923706055, 38.209999084472656, 39.7400016784668, 40.58000183105469, 39.970001220703125, 41.119998931884766, 41.900001525878906]
assets:[0, 100.00066318950654, 205.7023226287842, 302.6024360736847, 422.6732451431275, 560.6920829544067, 669.3873047176362, 745.854037802124, 796.398521831131, 997.030981075287, 1141.489330114746, 1221.9387365776063, 1386.8367908828736, 1451.1351289699553, 1581.6518663898469, 1861.2445581832885, 1979.7833800930023, 2097.913949655914, 2228.6672761917116, 2332.245568294525, 2445.591902989197, 2349.6313591278076, 2535.105352655792, 2714.405033691406, 2740.244974516296, 3133.773921907425, 3154.265512413025, 3353.772035615158, 3388.5028722312927, 3280.831669788361, 3372.4477409736633, 3467.7327786006927, 3672.889942741394, 3824.4434971733094, 3886.8737812705995, 3970.2224502815247, 3925.475709614563, 3910.155897767258, 3953.3498041072844, 4064.0354197582246, 4317.39600444336, 4336.860951305389, 4457.7294848297115, 4421.096014004517, 4493.791523866654, 4322.354312759399, 4469.236363915253, 4748.195010545731, 4948.560787289429, 4974.174720913697, 5217.2890164779665, 5416.253977244568]
shares:[0, 3.5411, 6.8912, 10.2926, 13.4824, 16.4089, 19.2907, 22.2776, 25.4766, 28.3167, 31.0356, 33.8019, 36.4286, 39.1247, 41.7653, 44.1367, 46.4847, 48.8114, 51.1045, 53.3939, 55.6702, 58.1448, 60.5326, 62.848, 65.2284, 67.3785, 69.5845, 71.7231, 73.9041, 76.2275, 78.5569, 80.8895, 83.1535, 85.3861, 87.6409, 89.9054, 92.2556, 94.6769, 97.1339, 99.5843, 101.9456, 104.3518, 106.7464, 109.2168, 111.7025, 114.348, 116.9651, 119.4815, 121.9458, 124.4477, 126.8796, 129.2662]
growth_rate:6.2
