ticker:OFLX
price:[136.0, 127.6500015258789, 135.1999969482422, 136.0, 160.0, 170.00999450683594, 175.1699981689453, 166.89999389648438, 149.6999969482422, 147.39999389648438, 140.0399932861328, 144.3000030517578, 146.25999450683594, 151.0, 167.33999633789062, 171.60000610351562, 164.75, 146.0, 152.19000244140625, 146.10000610351562, 150.7100067138672, 185.0, 172.0500030517578, 149.3800048828125, 151.77000427246094, 172.5, 153.5, 166.85000610351562, 153.24000549316406, 157.05999755859375, 156.61000061035156, 152.36000061035156, 144.38999938964844, 167.00999450683594, 159.0, 155.60000610351562, 154.8800048828125, 150.1999969482422, 147.0500030517578, 150.32000732421875, 140.27000427246094, 144.25, 153.94000244140625, 150.22000122070312, 155.89999389648438, 152.2100067138672, 158.92999267578125, 156.82000732421875, 156.50999450683594, 156.6300048828125, 152.2100067138672, 151.8000030517578]
assets:[0, 100.00101119537354, 205.90959535217283, 307.1288, 461.32800000000003, 590.189695930481, 708.1072005981445, 774.6830116699219, 794.8471037963867, 882.6311634521485, 938.5620390029907, 1067.1129525680542, 1181.605243621826, 1319.9061, 1562.738023800659, 1702.5294605560302, 1734.5703749999998, 1637.1564, 1806.5714239807128, 1834.2855766296386, 1992.1602237472534, 2545.415, 2467.231453762817, 2242.1341212890625, 2378.008311943054, 2802.8145, 2594.1039499999997, 2919.7082568054198, 2781.5512837097167, 2950.8903521301268, 3042.4311598571776, 3059.8611282577517, 2999.803310319519, 3569.755127586365, 3498.5406, 3523.7332982208254, 3607.434097729492, 3598.431446887207, 3622.959155187988, 3803.5170813232426, 3649.222350151062, 3852.758825, 4211.567556793213, 4209.795358209229, 4468.966865039063, 4463.193142868042, 4760.239354626465, 4797.045614044189, 4887.556712457275, 4991.29703959961, 4950.447816360474, 5037.118781265259]
shares:[0, 0.7834, 1.523, 2.2583, 2.8833, 3.4715, 4.0424, 4.6416, 5.3096, 5.988, 6.7021, 7.3951, 8.0788, 8.7411, 9.3387, 9.9215, 10.5285, 11.2134, 11.8705, 12.555, 13.2185, 13.759, 14.3402, 15.0096, 15.6685, 16.2482, 16.8997, 17.499, 18.1516, 18.7883, 19.4268, 20.0831, 20.7757, 21.3745, 22.0034, 22.6461, 23.2918, 23.9576, 24.6376, 25.3028, 26.0157, 26.7089, 27.3585, 28.0242, 28.6656, 29.3226, 29.9518, 30.5895, 31.2284, 31.8668, 32.5238, 33.1826]
growth_rate:-1.23
