ticker:OFS
price:[4.5, 4.510000228881836, 4.949999809265137, 4.449999809265137, 4.639999866485596, 4.5, 4.360000133514404, 4.289999961853027, 3.9700000286102295, 4.400000095367432, 5.25, 6.71999979019165, 6.889999866485596, 7.210000038146973, 7.389999866485596, 7.559999942779541, 7.170000076293945, 7.150000095367432, 7.03000020980835, 6.949999809265137, 6.96999979019165, 6.920000076293945, 7.389999866485596, 7.679999828338623, 7.630000114440918, 7.760000228881836, 8.649999618530273, 8.899999618530273, 8.720000267028809, 8.600000381469727, 8.880000114440918, 9.210000038146973, 9.100000381469727, 8.899999618530273, 8.770000457763672, 9.369999885559082, 9.029999732971191, 9.5, 9.40999984741211, 9.819999694824219, 9.850000381469727, 10.079999923706055, 9.779999732971191, 9.819999694824219, 9.739999771118164, 9.239999771118164, 9.40999984741211, 9.279999732971191, 9.899999618530273, 10.420000076293945, 10.020000457763672, 10.5]
assets:[0, 99.99978407497406, 209.75574691762924, 288.5682476314545, 400.88902846455574, 488.79314999999997, 573.5863575646878, 664.3772790923118, 714.8199431514263, 892.2438993388653, 1164.609075, 1590.6998863359927, 1730.9409054578305, 1911.3327971125602, 2059.049797799349, 2206.41622329998, 2192.5931933307647, 2286.4770804972645, 2348.1030240784644, 2421.3820185479167, 2528.3499988925455, 2610.212956777954, 2887.4961258318904, 3100.8076106915473, 3180.6204837055207, 3334.8119863605502, 3817.283756655693, 4027.6102773694993, 4046.15337190361, 4090.4723614408495, 4323.650743721008, 4584.327252987861, 4629.574234070587, 4627.825361643219, 4660.228276247787, 5079.058098966694, 4994.759237298489, 5354.7301, 5404.001060371398, 5739.456923635101, 5856.991466828918, 6093.753073877335, 6012.390777840328, 6136.98131328125, 6186.985188611031, 5969.378036133957, 6179.204375801086, 6193.838381774425, 6707.65069153881, 7159.971760424422, 6985.11666711502, 7419.7326]
shares:[0, 22.1729, 42.3749, 64.8468, 86.3985, 108.6207, 131.5565, 154.8665, 180.0554, 202.7827, 221.8303, 236.7113, 251.2251, 265.0947, 278.6265, 291.854, 305.801, 319.787, 334.0118, 348.4003, 362.7475, 377.1984, 390.7302, 403.751, 416.8572, 429.7438, 441.3045, 452.5405, 464.0084, 475.6363, 486.8976, 497.7554, 508.7444, 519.9804, 531.3829, 542.0553, 553.1295, 563.6558, 574.2828, 584.4661, 594.6184, 604.539, 614.7639, 624.9472, 635.2141, 646.0366, 656.6636, 667.4395, 677.5405, 687.1374, 697.1174, 706.6412]
growth_rate:45.48
