ticker:OFSSI
price:[22.350000381469727, 22.299999237060547, 21.8700008392334, 22.040000915527344, 22.39900016784668, 22.360000610351562, 21.600000381469727, 21.600000381469727, 21.84000015258789, 21.84000015258789, 22.790000915527344, 23.329999923706055, 23.8799991607666, 23.25, 23.030000686645508, 23.100000381469727, 23.920000076293945, 23.5, 23.540000915527344, 23.700000762939453, 24.389999389648438, 24.110000610351562, 25.100000381469727, 25.290000915527344, 25.049999237060547, 25.5, 25.75, 25.299999237060547, 25.40999984741211, 25.299999237060547, 25.600000381469727, 25.489999771118164, 25.540000915527344, 25.209999084472656, 25.18000030517578, 25.340999603271484, 25.371000289916992, 25.5, 25.399999618530273, 25.290000915527344, 25.290000915527344, 25.299999237060547, 25.350000381469727, 25.518999099731445, 25.469999313354492, 25.389999389648438, 25.3700008392334, 25.29800033569336, 25.399999618530273, 25.360000610351562, 25.139999389648438, 25.149999618530273]
assets:[0, 99.99988657875062, 198.07222360076906, 299.6117724456787, 404.49234453105925, 503.78870175170897, 586.6646503608704, 686.6640121269226, 794.2945975494384, 894.2955902481079, 1033.19608650589, 1157.6765902141572, 1284.9684268413544, 1351.069125, 1438.2857238828658, 1542.6572954751969, 1697.4182214139937, 1767.6136000000001, 1870.6226507530212, 1983.3369338466646, 2141.078535420227, 2216.499864111328, 2407.5142265893937, 2525.737681434631, 2601.7680707588197, 2748.5072999999998, 2875.453575, 2925.2036217884065, 3037.923023757172, 3124.7725457702636, 3261.8240486049654, 3347.8081389390945, 3454.3745138282775, 3509.7411145401, 3605.5645316986083, 3728.6189314262388, 3833.032964100456, 3952.52295, 4037.0225993700033, 4119.53882913208, 4219.538021752167, 4321.206979690933, 4429.747791659355, 4559.27796905613, 4650.523875626564, 4735.917877153015, 4832.18854184761, 4918.475172266007, 5038.305824332237, 5130.371235475159, 5185.863990097047, 5287.925744793893]
shares:[0, 4.4843, 9.0568, 13.594, 18.0585, 22.5308, 27.1604, 31.79, 36.3688, 40.9476, 45.3355, 49.6218, 53.8094, 58.1105, 62.4527, 66.7817, 70.9623, 75.2176, 79.4657, 83.6851, 87.7851, 91.9328, 95.9169, 99.871, 103.863, 107.7846, 111.6681, 115.6207, 119.5562, 123.5088, 127.415, 131.3381, 135.2535, 139.2202, 143.1916, 147.1378, 151.0793, 155.0009, 158.9379, 162.892, 166.8461, 170.7987, 174.7435, 178.6621, 182.5883, 186.5269, 190.4686, 194.4215, 198.3585, 202.3017, 206.2794, 210.2555]
growth_rate:3.68
