ticker:OFSSG
price:[24.649999618530273, 24.649999618530273, 24.649999618530273, 24.719999313354492, 24.739999771118164, 24.75, 24.75, 24.8799991607666, 24.799999237060547, 24.799999237060547, 25.020000457763672, 25.049999237060547, 25.100000381469727, 25.100000381469727, 25.100000381469727, 25.290000915527344, 24.989999771118164, 25.149999618530273, 25.25, 25.350000381469727, 25.649999618530273, 25.399999618530273, 25.844999313354492, 25.649999618530273, 25.399999618530273, 25.698999404907227, 25.649999618530273, 25.600000381469727, 25.799999237060547, 25.799999237060547, 25.5, 25.450000762939453, 25.450000762939453, 25.5, 25.385000228881836, 25.469999313354492, 25.440000534057617, 25.450000762939453, 25.450000762939453, 25.450000762939453, 25.520000457763672, 25.510000228881836, 25.23200035095215, 25.18000030517578, 25.270000457763672, 25.149999618530273, 25.239999771118164, 25.229999542236328, 25.229999542236328, 25.25]
assets:[0, 100.0001184524536, 200.0002369049072, 300.5679996511459, 400.81026229190826, 500.972175, 600.972075, 704.1288562488555, 801.8658153316499, 901.866852255249, 1009.8672664764405, 1111.0776861602783, 1213.2963684396746, 1313.297279959488, 1413.2981914793015, 1523.9956871704103, 1605.917361291504, 1716.1982489690781, 1823.022225, 1930.2428240465163, 2053.084964466286, 2133.0741879644393, 2270.4444221792223, 2353.313080001259, 2430.3761034994127, 2558.9855754434584, 2654.1054955278396, 2748.9306009622574, 2870.407295118332, 2970.4080921611785, 3035.86935, 3129.9174438285827, 3229.918131826401, 3336.26445, 3421.2177128471376, 3532.6736227626798, 3628.5123641727446, 3729.939386816025, 3829.940074813843, 3929.940762811661, 4040.7501044807436, 4139.165903137588, 4194.058051935196, 4285.4144679382325, 4400.732674718857, 4479.833622050857, 4595.865742323685, 4694.043937833023, 4794.043041018676, 4897.8435]
shares:[0, 4.0568, 8.1136, 12.1589, 16.2009, 20.2413, 24.2817, 28.301, 32.3333, 36.3656, 40.3624, 44.3544, 48.3385, 52.3226, 56.3067, 60.2608, 64.2624, 68.2385, 72.1989, 76.1437, 80.0423, 83.9793, 87.8485, 91.7471, 95.6841, 99.5753, 103.4739, 107.3801, 111.2561, 115.1321, 119.0537, 122.983, 126.9123, 130.8339, 134.7732, 138.6994, 142.6302, 146.5595, 150.4888, 154.4181, 158.3366, 162.2566, 166.2198, 170.1912, 174.1485, 178.1246, 182.0866, 186.0501, 190.0136, 193.974]
growth_rate:-0.04
