ticker:OGI
price:[1.149999976158142, 1.059999942779541, 1.1399999856948853, 1.0499999523162842, 1.0299999713897705, 1.2100000381469727, 1.1799999475479126, 1.2599999904632568, 1.2000000476837158, 1.649999976158142, 1.1299999952316284, 1.1200000047683716, 1.3300000429153442, 1.4500000476837158, 1.3700000047683716, 1.3799999952316284, 1.4199999570846558, 1.3300000429153442, 1.7000000476837158, 1.7999999523162842, 1.7200000286102295, 1.8300000429153442, 2.3399999141693115, 3.75, 3.5199999809265137, 3.0299999713897705, 2.680000066757202, 4.440000057220459, 3.990000009536743, 3.5, 3.440000057220459, 3.049999952316284, 2.5199999809265137, 2.640000104904175, 2.6549999713897705, 2.75, 2.4200000762939453, 2.7300000190734863, 3.2100000381469727, 3.0799999237060547, 3.180000066757202, 2.9100000858306885, 2.940000057220459, 2.7300000190734863, 2.640000104904175, 2.5199999809265137, 2.4600000381469727, 2.619999885559082, 2.690000057220459, 2.9000000953674316, 2.359999895095825, 2.619999885559082]
assets:[0, 99.9999706018448, 207.54714339562653, 291.1618367774487, 385.6159212887764, 553.0051074342728, 639.2942355827809, 782.6362680763483, 845.3678735918999, 1262.380826759088, 964.5396329298377, 1056.0038764959097, 1354.004681689906, 1576.1704968328715, 1589.2093215313437, 1700.8094221231224, 1850.108146085894, 1832.847922140825, 2442.7378885169505, 2686.428288833952, 2667.0315283630134, 2937.5975038896204, 3856.2718885527847, 6279.92325, 5994.754623516798, 5260.257508330965, 4752.637078385354, 7973.771682761908, 7265.619245366001, 6473.350100000001, 6462.378603494263, 5829.725073858046, 4916.6908187863355, 5250.8192326488015, 5380.653209018183, 5673.18125, 5092.399626545143, 5844.731569834948, 6972.376561858273, 6790.005823806381, 7110.460751268696, 6606.7425568664075, 6774.853223857212, 6390.934958651066, 6280.245033554506, 6094.778965869569, 6049.66530381155, 6543.138982197381, 6817.956054028463, 7450.213055002641, 6162.931574052, 6941.898510779666]
shares:[0, 94.3396, 182.0589, 277.297, 374.3844, 457.029, 541.7748, 621.1399, 704.4732, 765.0793, 853.5749, 942.8606, 1018.0486, 1087.0141, 1160.0068, 1232.4706, 1302.8931, 1378.0811, 1436.9046, 1492.4602, 1550.5997, 1605.2445, 1647.9795, 1674.6462, 1703.0553, 1736.0586, 1773.372, 1795.8945, 1820.9572, 1849.5286, 1878.5984, 1911.3853, 1951.0678, 1988.9466, 2026.6114, 2062.975, 2104.2973, 2140.9273, 2172.0799, 2204.5474, 2235.9939, 2270.3582, 2304.3718, 2341.0018, 2378.8806, 2418.5631, 2459.2135, 2497.3814, 2534.5561, 2569.0389, 2611.4118, 2649.5797]
growth_rate:36.12
