ticker:OHPAU
price:[10.399999618530273, 10.210000038146973, 9.949999809265137, 9.979999542236328, 9.979999542236328, 9.960000038146973, 10.0, 9.993000030517578, 10.0, 10.0, 9.960000038146973, 9.979999542236328, 9.949999809265137, 10.0, 9.920000076293945, 9.925999641418457, 9.949999809265137, 9.90999984741211, 9.949999809265137, 10.079999923706055, 9.989999771118164, 10.140000343322754, 9.989999771118164, 9.930000305175781, 9.869999885559082, 9.984999656677246, 9.850000381469727]
assets:[0, 99.9998033736229, 197.45376621494293, 298.04869432907105, 398.04828974227905, 497.25100990447993, 599.2479999999999, 698.8284795341491, 799.318, 899.318, 995.7211238136291, 1097.7201096496583, 1194.4208621037483, 1300.4230000000002, 1390.0191786905286, 1490.8603311419486, 1594.465579435158, 1688.0555000083925, 1794.8695205935478, 1918.3197454805374, 2001.191759150505, 2131.239468160057, 2199.712035602188, 2286.5007372703553, 2372.684804489136, 2500.32978502903, 2566.524964396095]
shares:[0, 9.7943, 19.8446, 29.8646, 39.8846, 49.9248, 59.9248, 69.9318, 79.9318, 89.9318, 99.972, 109.992, 120.0423, 130.0423, 140.1229, 150.1975, 160.2478, 170.3386, 180.3889, 190.3095, 200.3195, 210.1814, 220.1914, 230.2619, 240.3936, 250.4086, 260.5609]
growth_rate:-1.29
