ticker:OIIM
price:[2.799999952316284, 2.9700000286102295, 3.0799999237060547, 3.190000057220459, 3.4000000953674316, 4.800000190734863, 4.849999904632568, 5.840000152587891, 6.420000076293945, 7.25, 6.900000095367432, 7.269999980926514, 6.440000057220459, 6.920000076293945, 6.409999847412109, 8.239999771118164, 8.369999885559082, 9.180000305175781, 8.930000305175781, 8.640000343322754, 10.600000381469727, 8.949999809265137, 9.15999984741211, 9.079999923706055, 8.670000076293945, 7.75, 7.03000020980835, 7.710000038146973, 8.1899995803833, 7.449999809265137, 8.25, 7.989999771118164, 7.28000020980835, 7.610000133514404, 6.809999942779541, 7.25, 6.659999847412109, 7.190000057220459, 7.429999828338623, 7.409999847412109, 7.21999979019165, 6.889999866485596, 7.21999979019165, 6.880000114440918, 6.639999866485596, 6.239999771118164, 6.710000038146973, 7.769999980926514, 7.329999923706055, 6.699999809265137, 6.579999923706055, 7.070000171661377]
assets:[0, 99.99990096330643, 203.7034949541092, 310.97875057816503, 431.4508321018696, 709.1069081773759, 816.4936039449692, 1083.1594283008576, 1290.733311338806, 1557.603775, 1582.4094518710613, 1767.263568363428, 1665.499290798235, 1889.636116833496, 1850.3708099525452, 2478.6356031511305, 2617.740063208294, 2971.06946076889, 2990.15791518631, 2993.0533669332503, 3772.0334557468414, 3284.8772599954605, 3461.9523263305664, 3531.716818325043, 3472.2448625549314, 3203.7942000000003, 3006.1518177177427, 3396.9319548070907, 3708.413791998482, 3473.3433810754777, 3946.31985, 3921.950513651657, 3673.4422418679715, 3939.9580921249863, 3625.770635534763, 3960.0348249999997, 3737.769736363602, 4135.219963909483, 4373.252575961161, 4461.480880128479, 4447.083782770729, 4343.8238418253895, 4651.873300819683, 4532.8103313981055, 4474.68860602479, 4305.128722088813, 4729.393222887039, 5576.5103383110045, 5360.72361020317, 4999.979377661132, 5010.427797904968, 5483.545158141851]
shares:[0, 33.67, 66.1375, 97.4855, 126.8973, 147.7306, 168.3492, 185.4725, 201.0488, 214.8419, 229.3347, 243.0899, 258.6179, 273.0688, 288.6694, 300.8053, 312.7527, 323.6459, 334.8441, 346.4182, 355.8522, 367.0254, 377.9424, 388.9556, 400.4896, 413.3928, 427.6176, 440.5878, 452.7978, 466.2206, 478.3418, 490.8574, 504.5937, 517.7343, 532.4186, 546.2117, 561.2267, 575.1349, 588.5939, 602.0892, 615.9396, 630.4534, 644.3038, 658.8387, 673.8989, 689.9245, 704.8276, 717.6976, 731.3402, 746.2656, 761.4632, 775.6075]
growth_rate:7.52
