ticker:OKTA
price:[203.44000244140625, 193.66000366210938, 197.64999389648438, 216.1999969482422, 219.05999755859375, 236.4499969482422, 243.9499969482422, 219.50999450683594, 209.8300018310547, 233.25999450683594, 221.8000030517578, 232.64999389648438, 236.0399932861328, 240.97999572753906, 252.35000610351562, 271.80999755859375, 275.6000061035156, 254.25999450683594, 253.1199951171875, 252.99000549316406, 264.0, 259.010009765625, 282.94000244140625, 291.7799987792969, 288.3599853515625, 261.45001220703125, 215.9600067138672, 227.0, 213.52999877929688, 212.4499969482422, 229.6999969482422, 244.25999450683594, 269.9800109863281, 279.29998779296875, 269.70001220703125, 237.27000427246094, 229.25, 238.30999755859375, 222.44000244140625, 213.36000061035156, 226.3800048828125, 239.25999450683594, 246.1300048828125, 242.55999755859375, 251.83999633789062, 235.6699981689453, 257.9100036621094, 247.7899932861328, 240.1199951171875, 235.83999633789062, 230.97000122070312, 262.3800048828125]
assets:[0, 100.00602589111328, 202.05758876037598, 321.01375546875, 425.261173260498, 559.0150827850341, 676.7416865341186, 708.951429258728, 777.692935786438, 964.5300772857665, 1017.152633995056, 1166.9025743865966, 1283.9159394805909, 1410.7932869873048, 1577.3641831512452, 1799.0016498413086, 1924.073882611084, 1875.091181489563, 1966.6917380615234, 2065.688693852234, 2255.5896000000002, 2312.9593872070313, 2626.645218664551, 2808.7034462493893, 2875.7852979125973, 2707.419456408691, 2336.341736633301, 2555.7703, 2504.10900168457, 2591.4438177749635, 2901.868971446228, 3185.8098303543093, 3621.268885360718, 3846.268061895752, 3814.070602630615, 3455.4579802215576, 3438.6582999999996, 3674.5495143554685, 3529.8559107421875, 3485.7690099716183, 3798.4753779296875, 4114.601977532959, 4332.74954095459, 4369.912404016113, 4637.104668569947, 4439.3628895080565, 4958.294029403687, 4863.745883216858, 4813.205302124024, 4827.408885040283, 4827.7349655151365, 5584.259881921387]
shares:[0, 0.5164, 1.0223, 1.4848, 1.9413, 2.3642, 2.7741, 3.2297, 3.7063, 4.135, 4.5859, 5.0157, 5.4394, 5.8544, 6.2507, 6.6186, 6.9814, 7.3747, 7.7698, 8.1651, 8.5439, 8.93, 9.2834, 9.6261, 9.9729, 10.3554, 10.8184, 11.2589, 11.7272, 12.1979, 12.6333, 13.0427, 13.4131, 13.7711, 14.1419, 14.5634, 14.9996, 15.4192, 15.8688, 16.3375, 16.7792, 17.1972, 17.6035, 18.0158, 18.4129, 18.8372, 19.2249, 19.6285, 20.045, 20.469, 20.902, 21.2831]
growth_rate:9.5
