ticker:OLB
price:[4.900000095367432, 4.5, 4.0, 3.7399001121520996, 3.7200000286102295, 3.9899001121520996, 4.0, 3.6500000953674316, 3.699399948120117, 3.549999952316284, 3.799999952316284, 4.269999980926514, 4.849999904632568, 4.78000020980835, 4.320000171661377, 4.210000038146973, 4.710000038146973, 4.940000057220459, 5.570000171661377, 5.360000133514404, 5.269999980926514, 5.070000171661377, 5.820000171661377, 8.399999618530273, 7.119999885559082, 5.699999809265137, 6.349999904632568, 7.059999942779541, 6.599999904632568, 5.570000171661377, 5.800000190734863, 6.050000190734863, 5.070000171661377, 4.920000076293945, 4.869999885559082, 4.699999809265137, 4.510000228881836, 5.119999885559082, 5.409999847412109, 5.420000076293945, 5.5, 5.0, 5.349999904632568, 5.679999828338623, 6.239999771118164, 5.599999904632568, 5.900000095367432, 5.460000038146973, 5.659999847412109, 5.639999866485596, 3.309999942779541, 3.6700000762939453]
assets:[0, 99.9999, 188.8888, 276.6063782048702, 375.1344748851299, 502.35196453061104, 603.6236, 650.8066970043183, 759.614808587265, 828.9377688656807, 987.3137076108454, 1209.4288165976525, 1473.7073910219192, 1552.4374741410732, 1503.0395157254218, 1564.7677621784212, 1850.6070569883345, 2040.97633764081, 2401.262722004318, 2410.7302760498524, 2470.2513590595245, 2476.503944850111, 2942.850494799614, 4347.413082570649, 3784.9499311638833, 3130.0864952602387, 3587.026046128273, 4088.095084866476, 3921.731823332501, 3409.704012083387, 3650.499820047855, 3907.8487932004928, 3374.8420652662758, 3374.9945923357013, 3440.6958271465305, 3420.5893611860274, 3382.310300651741, 3939.7846159389496, 4262.936514764786, 4370.816515525246, 4535.33025, 4223.0275, 4618.6394026695725, 5003.527184783029, 5596.832386709404, 5122.798152759266, 5497.234228857135, 5187.270852241516, 5477.2803363380435, 5557.926024428511, 3361.832555883503, 3827.47023756752]
shares:[0, 22.2222, 47.2222, 73.9609, 100.8426, 125.9059, 150.9059, 178.3032, 205.3346, 233.5036, 259.8194, 283.2386, 303.8572, 324.7777, 347.9258, 371.6788, 392.9102, 413.1531, 431.1064, 449.7631, 468.7384, 488.4623, 505.6444, 517.5492, 531.5941, 549.138, 564.886, 579.0503, 594.2018, 612.1551, 629.3965, 645.9254, 665.6493, 685.9745, 706.5084, 727.785, 749.9579, 769.4892, 787.9735, 806.4237, 824.6055, 844.6055, 863.2971, 880.9027, 896.9283, 914.7854, 931.7346, 950.0496, 967.7174, 985.4479, 1015.6594, 1042.9074]
growth_rate:-24.95
