ticker:OLD
price:[26.52400016784668, 25.989999771118164, 26.090999603271484, 24.847999572753906, 26.049999237060547, 26.243999481201172, 25.65999984741211, 25.937999725341797, 24.6299991607666, 25.809999465942383, 28.729999542236328, 28.610000610351562, 28.719999313354492, 29.381000518798828, 29.440000534057617, 30.209999084472656, 29.645000457763672, 29.709999084472656, 29.899999618530273, 30.1299991607666, 30.700000762939453, 29.5, 30.59000015258789, 31.094999313354492, 30.97800064086914, 30.5, 30.274999618530273, 31.809999465942383, 31.690000534057617, 31.40399932861328, 31.510000228881836, 32.2400016784668, 32.3650016784668, 32.505001068115234, 32.52199935913086, 32.005001068115234, 31.6299991607666, 31.420000076293945, 31.8700008392334, 31.783000946044922, 32.790000915527344, 32.16999816894531, 33.20000076293945, 33.189998626708984, 33.69599914550781, 33.6150016784668, 33.59000015258789, 33.790000915527344, 32.540000915527344, 32.10100173950195, 31.392000198364258, 32.27000045776367]
assets:[0, 99.99912311935425, 200.38670425300597, 290.84086539916996, 404.9107681411743, 507.92636595916747, 596.6232224521638, 703.0857957550049, 767.6308688440323, 904.408191286087, 1106.7284233661653, 1202.1063956451417, 1306.7283767583847, 1436.8043778705598, 1539.6884759307861, 1679.9599230880738, 1748.5421685001374, 1852.3768489181518, 1964.223664940071, 2079.334515082741, 2218.6706351371768, 2231.9464, 2414.4136500434875, 2554.2738425960542, 2644.6631641124723, 2703.8554999999997, 2783.9103424222944, 3025.060967212296, 3113.650298472977, 3185.549462696076, 3296.3020869436264, 3472.667300792694, 3586.132807978821, 3701.6435176361083, 3803.5779130477904, 3843.112520757675, 3898.084259572792, 3972.204385645294, 4129.093243731499, 4217.8203499465935, 4451.455759288788, 4467.286795730591, 4710.316508243561, 4808.898901023865, 4982.212932856751, 5070.238102167511, 5166.467846469497, 5297.23141152649, 5201.268588339996, 5231.09899096489, 5215.5610889568325, 5461.436190472793]
shares:[0, 3.8476, 7.6803, 11.7048, 15.5436, 19.354, 23.2511, 27.1064, 31.1665, 35.041, 38.5217, 42.017, 45.4989, 48.9025, 52.2992, 55.6094, 58.9827, 62.3486, 65.6931, 69.0121, 72.2694, 75.6592, 78.9282, 82.1442, 85.3723, 88.651, 91.9541, 95.0978, 98.2534, 101.4377, 104.6113, 107.713, 110.8028, 113.8792, 116.954, 120.0785, 123.2401, 126.4228, 129.5605, 132.7068, 135.7565, 138.865, 141.877, 144.89, 147.8577, 150.8326, 153.8097, 156.7692, 159.8423, 162.9575, 166.143, 169.2419]
growth_rate:7.09
