ticker:OLED
price:[171.8300018310547, 165.1999969482422, 164.17999267578125, 172.1199951171875, 179.42999267578125, 202.1999969482422, 190.88999938964844, 193.47999572753906, 198.30999755859375, 212.39999389648438, 209.1199951171875, 220.91000366210938, 224.30999755859375, 236.14999389648438, 231.91000366210938, 240.1199951171875, 233.14999389648438, 229.8000030517578, 247.1699981689453, 250.60000610351562, 247.86000061035156, 230.82000732421875, 231.0, 238.16000366210938, 224.8000030517578, 211.69000244140625, 189.0800018310547, 221.94000244140625, 229.64999389648438, 240.1199951171875, 238.13999938964844, 240.8300018310547, 229.25, 223.57000732421875, 223.69000244140625, 221.2899932861328, 192.74000549316406, 210.0500030517578, 215.86000061035156, 215.1199951171875, 221.75, 208.92999267578125, 220.1300048828125, 219.8800048828125, 217.63999938964844, 204.49000549316406, 222.85000610351562, 234.49000549316406, 209.14999389648438, 196.1999969482422, 203.41000366210938, 209.4199981689453]
assets:[0, 99.99555815277098, 199.38018310546875, 309.0242392333985, 422.14494376831055, 575.72405131073, 643.5283659423828, 752.2502233886719, 871.0370022766112, 1032.9224103179931, 1116.9726299194338, 1279.9525612182617, 1399.6495227661133, 1573.5382543304443, 1645.285520980835, 1803.5412833251953, 1851.1876365386963, 1924.5980055587768, 2170.078432923889, 2300.1822760223386, 2375.044097848511, 2311.75470135498, 2413.5573, 2588.370551800537, 2543.1624345245364, 2494.851354772949, 2328.3878665481566, 2833.041937164307, 3031.448814431763, 3269.6659495117187, 3342.699729432678, 3480.451103462219, 3413.096925, 3428.535490319824, 3530.36509453125, 3592.488138005066, 3228.9925860275266, 3618.9935125793454, 3819.103060798645, 3906.01979934082, 4126.4127, 3987.846770202637, 4301.626464416504, 4396.742565637207, 4451.956771514892, 4282.961369052125, 4767.497035574341, 5116.525021859741, 4663.605648904419, 4474.851050396729, 4739.290357324218, 4979.316470463562]
shares:[0, 0.6053, 1.2144, 1.7954, 2.3527, 2.8473, 3.3712, 3.888, 4.3923, 4.8631, 5.3413, 5.794, 6.2398, 6.6633, 7.0945, 7.511, 7.9399, 8.3751, 8.7797, 9.1787, 9.5822, 10.0154, 10.4483, 10.8682, 11.313, 11.7854, 12.3143, 12.7649, 13.2003, 13.6168, 14.0367, 14.4519, 14.8881, 15.3354, 15.7824, 16.2343, 16.7531, 17.2292, 17.6925, 18.1574, 18.6084, 19.087, 19.5413, 19.9961, 20.4556, 20.9446, 21.3933, 21.8198, 22.2979, 22.8076, 23.2992, 23.7767]
growth_rate:-2.37
