ticker:OLK
price:[32.20000076293945, 37.20000076293945, 37.599998474121094, 37.5, 39.0099983215332, 35.20000076293945, 30.280000686645508, 27.84000015258789, 33.189998626708984, 35.33000183105469, 34.5, 35.79999923706055, 30.1200008392334, 34.470001220703125, 35.11000061035156, 35.400001525878906, 32.9900016784668, 36.970001220703125, 37.369998931884766, 35.38999938964844, 28.40999984741211, 28.40999984741211, 31.690000534057617, 31.979999542236328]
assets:[0, 100.00104205093385, 201.0772718399048, 300.54375, 412.64386124534605, 472.3417702377319, 506.3209754816055, 565.5222750995637, 774.1998649662017, 924.1197918945313, 1002.4113, 1140.1834357013702, 1059.2842855148315, 1312.2694994720457, 1436.6345159744264, 1548.5022667465212, 1543.0809365089417, 1829.242387399292, 1949.03229429245, 1945.7669394424438, 1662.0020370735167, 1762.0023955364227, 2065.430643807793, 2184.333106733322]
shares:[0, 2.6882, 5.3478, 8.0145, 10.5779, 13.4188, 16.7213, 20.3133, 23.3263, 26.1568, 29.0554, 31.8487, 35.1688, 38.0699, 40.9181, 43.743, 46.7742, 49.4791, 52.155, 54.9807, 58.5006, 62.0205, 65.1761, 68.3031]
growth_rate:-5.03
