ticker:OLLI
price:[92.63999938964844, 88.62000274658203, 84.43000030517578, 87.52999877929688, 88.77999877929688, 94.77999877929688, 94.98999786376953, 92.94999694824219, 87.08999633789062, 92.0999984741211, 85.52999877929688, 91.66000366210938, 91.5, 80.70999908447266, 79.3499984741211, 81.8499984741211, 82.51000213623047, 81.7699966430664, 91.33000183105469, 98.0999984741211, 94.48999786376953, 94.7300033569336, 91.37999725341797, 93.52999877929688, 94.83999633789062, 82.68000030517578, 84.7699966430664, 89.80000305175781, 89.62000274658203, 88.38999938964844, 88.19999694824219, 88.83999633789062, 95.7300033569336, 95.91000366210938, 92.2699966430664, 84.97000122070312, 80.1500015258789, 76.3499984741211, 86.44000244140625, 84.01000213623047, 87.41999816894531, 85.9800033569336, 88.87000274658203, 86.8499984741211, 89.58000183105469, 88.01000213623047, 92.47000122070312, 93.0999984741211, 88.77999877929688, 85.62999725341797, 82.69999694824219, 72.54000091552734]
assets:[0, 99.99881109924317, 195.26970470581057, 302.44240478210446, 406.76332040710446, 534.2558971191406, 635.4355907096863, 721.784611302185, 776.2766823577882, 920.935514742279, 955.2417913665771, 1123.7058148956298, 1221.7446, 1177.6718806411743, 1257.824435812378, 1397.4495789482116, 1508.720142061615, 1595.185448512268, 1881.681160725403, 2121.167217006683, 2143.1087435485842, 2248.5492516815184, 2269.0292978004454, 2422.417615383911, 2556.3457132904055, 2328.5829925949097, 2487.448396495819, 2735.0476729476927, 2829.56338471756, 2890.7242180389403, 2984.5114967346194, 3106.166095959473, 3447.0651068771363, 3553.5423636840824, 3518.67941398468, 3340.298202987671, 3250.8199418884274, 3196.698086112976, 3719.158901043701, 3714.6030564559937, 3965.3798589431767, 4000.064892175293, 4234.513438870239, 4238.262555537414, 4471.484329399109, 4493.113032059479, 4820.803302639771, 4953.64609881134, 4823.790209674073, 4752.636107559204, 4690.016066931153, 4213.826891182709]
shares:[0, 1.1284, 2.3128, 3.4553, 4.5817, 5.6368, 6.6895, 7.7653, 8.9135, 9.9993, 11.1685, 12.2595, 13.3524, 14.5914, 15.8516, 17.0733, 18.2853, 19.5082, 20.6031, 21.6225, 22.6808, 23.7364, 24.8307, 25.8999, 26.9543, 28.1638, 29.3435, 30.4571, 31.5729, 32.7042, 33.838, 34.9636, 36.0082, 37.0508, 38.1346, 39.3115, 40.5592, 41.869, 43.0259, 44.2162, 45.3601, 46.5232, 47.6484, 48.7998, 49.9161, 51.0523, 52.1337, 53.2078, 54.3342, 55.502, 56.7112, 58.0897]
growth_rate:-17.38
