ticker:OLMA
price:[48.900001525878906, 49.79999923706055, 49.0, 43.279998779296875, 44.0, 51.5, 48.08000183105469, 42.209999084472656, 41.790000915527344, 44.95000076293945, 42.45000076293945, 47.400001525878906, 47.599998474121094, 53.63999938964844, 39.91999816894531, 37.65999984741211, 47.119998931884766, 44.29999923706055, 30.479999542236328, 34.38999938964844, 32.84000015258789, 36.13999938964844, 31.040000915527344, 28.049999237060547, 21.600000381469727, 25.110000610351562, 25.049999237060547, 27.959999084472656, 27.709999084472656, 28.809999465942383, 24.510000228881836, 30.059999465942383, 26.670000076293945, 26.610000610351562, 24.459999084472656, 25.81999969482422, 23.479999542236328, 26.139999389648438, 26.799999237060547, 27.540000915527344, 30.1299991607666, 30.059999465942383]
assets:[0, 99.99839846801758, 198.3912, 275.23049623718265, 379.808, 544.54555, 608.3851111694337, 634.1081532463074, 727.7979399444581, 882.8314999843598, 933.7302167816162, 1142.610216782379, 1247.4293600120543, 1505.7176948669432, 1220.5858800140381, 1251.4832209293365, 1665.8474582386016, 1666.1495513053894, 1246.3698532814026, 1506.2544612670897, 1538.3668191478728, 1792.9523517196656, 1639.9332643699647, 1581.9638569717408, 1318.196183280182, 1632.403650679016, 1728.5025523555755, 2029.297589552307, 2111.152784248352, 2294.958461457825, 2052.4282031661987, 2617.1768595022204, 2422.025388928604, 2516.576943722534, 2413.245523673248, 2647.425266709137, 2507.494895114136, 2891.5649084838865, 3064.5718727581025, 3249.1913400146486, 3654.762872201157, 3746.2725234422683]
shares:[0, 2.008, 4.0488, 6.3593, 8.632, 10.5737, 12.6536, 15.0227, 17.4156, 19.6403, 21.996, 24.1057, 26.2065, 28.0708, 30.5758, 33.2311, 35.3533, 37.6106, 40.8914, 43.7992, 46.8443, 49.6113, 52.8329, 56.398, 61.0276, 65.0101, 69.0021, 72.5786, 76.1874, 79.6584, 83.7384, 87.0651, 90.8146, 94.5726, 98.6609, 102.5339, 106.7928, 110.6184, 114.3497, 117.9808, 121.2998, 124.6265]
growth_rate:-8.63
