ticker:OM
price:[60.0099983215332, 51.79999923706055, 45.79999923706055, 42.5099983215332, 48.04999923706055, 49.72999954223633, 46.470001220703125, 48.66999816894531, 52.54999923706055, 61.4900016784668, 63.86000061035156, 51.70000076293945, 50.540000915527344, 53.33000183105469, 53.2599983215332, 56.84000015258789, 48.7599983215332, 49.029998779296875, 54.31999969482422, 51.83000183105469, 54.7400016784668, 58.65999984741211, 52.959999084472656, 49.790000915527344, 47.650001525878906, 51.11000061035156, 49.119998931884766, 49.15999984741211, 56.040000915527344, 58.33000183105469, 53.900001525878906, 56.2400016784668, 59.91999816894531, 52.189998626708984, 42.130001068115234, 45.970001220703125, 48.27000045776367, 46.06999969482422, 49.119998931884766, 49.560001373291016, 50.9900016784668, 45.59000015258789, 43.970001220703125, 42.79999923706055, 44.34000015258789, 40.959999084472656, 39.88999938964844, 39.0, 40.540000915527344, 46.0099983215332, 46.7400016784668]
assets:[0, 99.99989852714539, 188.41661686134339, 274.8824021465302, 410.707368478775, 525.0692271667481, 590.647656515503, 718.6125229644775, 875.8981322834014, 1124.9103887062072, 1268.265998121643, 1126.7653266277314, 1201.48238776474, 1367.8078869628905, 1466.0134097991943, 1664.553720468521, 1527.9335554039, 1636.3958212585449, 1912.949405252838, 1925.261699015808, 2133.354715414047, 2386.124545793152, 2254.2635450302123, 2219.3295428085326, 2223.939931216431, 2485.4282196807862, 2488.654921884155, 2590.6828319587707, 3053.2497858810425, 3278.0177769012453, 3129.062178582001, 3364.906788424683, 3685.085879389954, 3309.6913909111026, 2771.724344271088, 3124.3557299652102, 3380.6763680603026, 3326.5948959640505, 3646.8259046997073, 3779.495264728546, 3988.5501092933655, 3666.151775270462, 3635.879400939941, 3639.1298551300047, 3870.0705913181305, 3675.058093856049, 3679.0546437072758, 3696.9699, 3942.952921044922, 4574.967375102997, 4747.554908488083]
shares:[0, 1.9305, 4.1139, 6.4663, 8.5475, 10.5584, 12.7103, 14.765, 16.6679, 18.2942, 19.8601, 21.7943, 23.7729, 25.648, 27.5256, 29.2849, 31.3358, 33.3754, 35.2163, 37.1457, 38.9725, 40.6772, 42.5654, 44.5738, 46.6724, 48.629, 50.6648, 52.699, 54.4834, 56.1978, 58.0531, 59.8312, 61.5001, 63.4162, 65.7898, 67.9651, 70.0368, 72.2074, 74.2432, 76.261, 78.2222, 80.4157, 82.69, 85.0264, 87.2817, 89.7231, 92.23, 94.7941, 97.2608, 99.4342, 101.5737]
growth_rate:-5.05
