ticker:OMAB
price:[37.5, 36.849998474121094, 37.33000183105469, 35.61000061035156, 36.72999954223633, 38.119998931884766, 38.02000045776367, 40.97999954223633, 36.18000030517578, 41.16999816894531, 46.290000915527344, 48.0, 47.5099983215332, 51.68000030517578, 50.22999954223633, 52.029998779296875, 51.09000015258789, 51.68000030517578, 53.83000183105469, 50.95000076293945, 47.88999938964844, 46.630001068115234, 48.790000915527344, 48.11000061035156, 47.45000076293945, 46.459999084472656, 51.18000030517578, 50.630001068115234, 53.119998931884766, 49.130001068115234, 52.15999984741211, 53.290000915527344, 53.310001373291016, 54.33000183105469, 49.72999954223633, 50.2599983215332, 52.2599983215332, 49.720001220703125, 51.02000045776367, 51.7400016784668, 52.619998931884766, 51.0, 53.84000015258789, 52.54999923706055, 52.38999938964844, 49.15999984741211, 47.119998931884766, 48.91999816894531, 47.0099983215332, 49.0, 47.0, 48.709999084472656]
assets:[0, 99.9998408592224, 201.3020348739624, 292.02693200531, 401.21280399971005, 516.3963775306702, 615.0419434051514, 762.9246514778138, 773.5645865249634, 980.2576564025878, 1202.1652107765199, 1346.5728, 1432.825533380127, 1658.5869217941286, 1712.0493503974915, 1873.4025420471191, 1939.5552207927706, 2061.9544921760557, 2247.7363224578858, 2227.4779883548736, 2193.697202041626, 2235.9784962177278, 2439.5537147773744, 2505.5543987869264, 2571.182681341553, 2617.5377644195555, 2983.4613477897647, 3051.39928237381, 3301.466365615463, 3153.482813558578, 3447.968981913376, 3622.6649202377316, 3724.023455932617, 3895.276409280396, 3665.473941259384, 3804.541144944763, 4055.9350517330167, 3958.8059371948243, 4162.313677345275, 4321.050718176652, 4494.54247076683, 4456.1709, 4804.320885615921, 4789.207240468598, 4874.627493209839, 4674.093457492066, 4580.129864177704, 4855.094570275879, 4765.535157849121, 5067.2664, 4960.4411, 5240.918254494477]
shares:[0, 2.7137, 5.3925, 8.2007, 10.9233, 13.5466, 16.1768, 18.617, 21.381, 23.81, 25.9703, 28.0536, 30.1584, 32.0934, 34.0842, 36.0062, 37.9635, 39.8985, 41.7562, 43.7189, 45.807, 47.9515, 50.0011, 52.0797, 54.1872, 56.3396, 58.2935, 60.2686, 62.1511, 64.1865, 66.1037, 67.9802, 69.856, 71.6966, 73.7075, 75.6972, 77.6107, 79.622, 81.582, 83.5147, 85.4151, 87.3759, 89.2333, 91.1362, 93.045, 95.0792, 97.2014, 99.2456, 101.3728, 103.4136, 105.5413, 107.5943]
growth_rate:2.76
