ticker:OMCL
price:[69.86000061035156, 71.86000061035156, 77.12000274658203, 71.33999633789062, 73.8499984741211, 79.54000091552734, 82.47000122070312, 84.47000122070312, 86.55000305175781, 91.7699966430664, 98.41999816894531, 104.91999816894531, 106.56999969482422, 109.11000061035156, 115.30000305175781, 114.2300033569336, 118.16000366210938, 120.0199966430664, 121.06999969482422, 120.66999816894531, 123.2300033569336, 117.80000305175781, 128.24000549316406, 133.8000030517578, 130.92999267578125, 126.9000015258789, 124.37000274658203, 135.17999267578125, 138.92999267578125, 140.1699981689453, 134.72000122070312, 134.69000244140625, 137.83999633789062, 139.6199951171875, 145.02000427246094, 141.50999450683594, 131.91000366210938, 135.7899932861328, 139.0, 139.55999755859375, 139.02999877929688, 143.67999267578125, 150.02000427246094, 149.75999450683594, 151.24000549316406, 150.8699951171875, 151.35000610351562, 146.5, 157.89999389648438, 151.17999267578125, 152.75, 158.7100067138672]
assets:[0, 100.00037684936522, 207.32170338363647, 291.7805850219726, 402.0467766929626, 533.0214081352234, 652.6593426605225, 768.4911771057128, 887.4144912902832, 1040.937894922638, 1216.372757369995, 1396.7055076248168, 1518.6757806510925, 1654.871379257202, 1848.7548389328006, 1931.5950877647401, 2098.0490250244143, 2231.0757215972903, 2350.598258074951, 2442.831375932312, 2594.6570126815795, 2580.3266068466187, 2909.009108607483, 3135.134771507263, 3167.89045178833, 3170.3808081214906, 3207.1790088272096, 3585.9467017089846, 3785.425510437012, 3919.2092168029785, 3866.8277790374755, 3965.960590887451, 4158.715393511963, 4312.414865185547, 4579.209662908936, 4568.381303663635, 4358.464813000489, 4586.66007722168, 4795.083, 4914.395974029541, 4995.737140136719, 5262.825715722656, 5595.05606734314, 5685.3536474624625, 5841.539344169616, 5927.244585168457, 6046.099773822021, 5952.3536, 6515.537978146363, 6338.251428930664, 6504.0797250000005, 6857.859390106201]
shares:[0, 1.3916, 2.6883, 4.09, 5.4441, 6.7013, 7.9139, 9.0978, 10.2532, 11.3429, 12.359, 13.3121, 14.2505, 15.167, 16.0343, 16.9097, 17.756, 18.5892, 19.4152, 20.2439, 21.0554, 21.9043, 22.6841, 23.4315, 24.1953, 24.9833, 25.7874, 26.5272, 27.247, 27.9604, 28.7027, 29.4451, 30.1706, 30.8868, 31.5764, 32.2831, 33.0412, 33.7776, 34.497, 35.2135, 35.9328, 36.6288, 37.2954, 37.9631, 38.6243, 39.2871, 39.9478, 40.6304, 41.2637, 41.9252, 42.5799, 43.21]
growth_rate:34.47
