ticker:OMEG
price:[10.470000267028809, 10.59000015258789, 10.640000343322754, 10.550000190734863, 10.5, 10.5, 10.649999618530273, 10.550000190734863, 10.359999656677246, 10.130000114440918, 10.020000457763672, 9.819999694824219, 9.819999694824219, 9.984999656677246, 10.079999923706055, 9.979999542236328, 10.0, 10.0, 9.869999885559082, 9.875, 9.869999885559082, 9.899999618530273, 9.887999534606934, 10.0, 9.859999656677246, 9.949999809265137, 9.789999961853027, 9.9399995803833, 9.829999923706055, 9.800000190734863, 9.710000038146973, 9.710000038146973, 9.739999771118164, 9.694000244140625]
assets:[0, 100.0003124408722, 200.47250246868134, 298.7770604016304, 397.36095, 497.36084999999997, 604.4662883487701, 698.7908676335334, 786.2058699457168, 868.7518488144875, 959.3178498264314, 1040.1697196746825, 1140.1697225669861, 1259.3271281994819, 1371.3083896207809, 1457.7036831378937, 1560.625, 1660.625, 1739.0367338361739, 1839.9179, 1938.9861525177955, 2044.879571206093, 2142.4012175647736, 2266.668, 2334.9346866981505, 2456.2479979153636, 2516.75053419342, 2655.3118479061127, 2725.9268058431626, 2817.6078548383716, 2891.732198360539, 2991.7325757534027, 3100.9753491296765, 3186.330634246826]
shares:[0, 9.4429, 18.8414, 28.3201, 37.8439, 47.3677, 56.7574, 66.2361, 75.8886, 85.7603, 95.7403, 105.9236, 116.1069, 126.1219, 136.0425, 146.0625, 156.0625, 166.0625, 176.1942, 186.3208, 196.4525, 206.5535, 216.6668, 226.6668, 236.8088, 246.8591, 257.0736, 267.134, 277.3069, 287.511, 297.8097, 308.1084, 318.3753, 328.691]
growth_rate:-3.44
