ticker:OMER
price:[10.0, 11.609999656677246, 12.3100004196167, 10.109999656677246, 10.4399995803833, 11.079999923706055, 11.520000457763672, 10.65999984741211, 10.140000343322754, 10.4399995803833, 11.619999885559082, 11.4399995803833, 11.739999771118164, 14.09000015258789, 14.529999732971191, 15.029999732971191, 14.899999618530273, 14.289999961853027, 16.010000228881836, 18.059999465942383, 19.670000076293945, 19.459999084472656, 21.139999389648438, 22.09000015258789, 23.530000686645508, 19.940000534057617, 18.479999542236328, 19.8799991607666, 19.90999984741211, 19.260000228881836, 18.190000534057617, 18.229999542236328, 18.3700008392334, 18.649999618530273, 17.65999984741211, 17.75, 18.200000762939453, 14.890000343322754, 15.1899995803833, 15.859999656677246, 15.8100004196167, 15.0600004196167, 15.609999656677246, 14.989999771118164, 14.609999656677246, 13.600000381469727, 14.1899995803833, 14.5, 14.6899995803833, 15.329999923706055, 14.770000457763672, 15.770000457763672]
assets:[0, 100.00041004285814, 206.03001502304076, 269.2090708580017, 377.995844807148, 501.16834054908753, 621.0708726791381, 674.7065683422089, 741.7937531158447, 863.7397932835579, 1061.3661415470124, 1144.925454004383, 1274.9498871437072, 1630.1566576538085, 1781.0626662680627, 1942.352416491413, 2025.5521381418225, 2042.6268845472337, 2388.4855051462173, 2794.3189693683626, 3143.4253391923903, 3209.8645769866944, 3586.975904437256, 3848.1685955814364, 4199.0227425346375, 3658.3719579830167, 3490.5078575374605, 3854.9405772638324, 3960.757990645218, 3931.4513987205505, 3813.0370249506, 3921.4223875312805, 4051.5385880945205, 4213.292283820725, 4089.637422664261, 4210.479275000001, 4417.223905168915, 3713.871330631733, 3888.6976145765307, 4160.220649943352, 4247.105233723354, 4145.629567509652, 4397.030947292709, 4322.388919001579, 4312.814919652462, 4114.666515413284, 4393.169948088264, 4589.1456, 4749.279802337837, 5056.192696836471, 4971.49205708046, 5408.086683983231]
shares:[0, 8.6133, 16.7368, 26.628, 36.2065, 45.2318, 53.9124, 63.2933, 73.1552, 82.7337, 91.3396, 100.0809, 108.5988, 115.696, 122.5783, 129.2317, 135.9431, 142.941, 149.1871, 154.7242, 159.8081, 164.9468, 169.6772, 174.2041, 178.454, 183.469, 188.8803, 193.9105, 198.9331, 204.1252, 209.6227, 215.1082, 220.5519, 225.9138, 231.5763, 237.2101, 242.7046, 249.4205, 256.0038, 262.309, 268.6341, 275.2742, 281.6804, 288.3515, 295.1961, 302.549, 309.5962, 316.4928, 323.3002, 329.8234, 336.5939, 342.9351]
growth_rate:6.04
