ticker:OMEX
price:[7.960000038146973, 6.75, 6.630000114440918, 6.28000020980835, 6.949999809265137, 6.705999851226807, 7.010000228881836, 6.96999979019165, 7.099999904632568, 7.130000114440918, 6.699999809265137, 6.460000038146973, 6.860000133514404, 7.070000171661377, 7.170000076293945, 6.5, 6.590000152587891, 7.099999904632568, 6.869999885559082, 7.199999809265137, 7.010000228881836, 7.989999771118164, 7.800000190734863, 8.430000305175781, 7.889999866485596, 7.21999979019165, 7.03000020980835, 7.050000190734863, 7.019999980926514, 6.670000076293945, 6.860000133514404, 7.179999828338623, 6.400000095367432, 6.510000228881836, 6.489999771118164, 6.190000057220459, 6.21999979019165, 6.059999942779541, 6.599999904632568, 6.96999979019165, 7.179999828338623, 6.590000152587891, 6.440000057220459, 6.269999980926514, 6.230000019073486, 5.739999771118164, 5.480000019073486, 5.900000095367432, 5.489999771118164, 6.400000095367432, 5.789999961853027, 5.440000057220459]
assets:[0, 99.9999, 198.22241742153167, 287.7584016137123, 418.4587935158729, 503.767450223875, 626.6042924591065, 723.0287462356567, 836.5141787639141, 940.0484480883598, 983.3556220059395, 1048.1311301893236, 1213.0311856089115, 1350.1650027823448, 1469.2620756340027, 1431.9669000000001, 1551.794124930954, 1771.887336199951, 1814.4878817741392, 2001.6467469744684, 2048.825384895706, 2435.2512562397, 2477.3416805788993, 2777.4347295463563, 2699.5208483187675, 2570.283825309277, 2602.6452716752055, 2710.0496833192824, 2798.51737639637, 2758.9901705583575, 2937.582397173405, 3174.6125121005057, 2929.7382836565016, 3080.093334291458, 3170.630329181862, 3124.068268878937, 3239.2091947374342, 3255.8858632568836, 3646.0141873165126, 3950.4118730861665, 4169.434516316032, 3926.8209539234163, 3937.4398629848, 3933.501417034197, 4008.407555271959, 3793.1393667490006, 3721.3249849523067, 4106.536356377936, 3921.1664565238957, 4671.12326960516, 4325.906989499092, 4164.410347803211]
shares:[0, 14.8148, 29.8978, 45.8214, 60.2099, 75.1219, 89.3872, 103.7344, 117.8189, 131.8441, 146.7695, 162.2494, 176.8267, 190.971, 204.918, 220.3026, 235.4771, 249.5616, 264.1176, 278.0065, 292.2718, 304.7874, 317.6079, 329.4703, 342.1446, 355.995, 370.2198, 384.4042, 398.6492, 413.6417, 428.219, 442.1466, 457.7716, 473.1326, 488.5409, 504.696, 520.7732, 537.2749, 552.4264, 566.7736, 580.7012, 595.8757, 611.4037, 627.3527, 643.4041, 660.8257, 679.0739, 696.0231, 714.238, 729.863, 747.1342, 765.5166]
growth_rate:-18.34
