ticker:OMP
price:[9.300000190734863, 8.920000076293945, 7.579999923706055, 7.510000228881836, 7.130000114440918, 7.199999809265137, 7.400000095367432, 8.0, 7.170000076293945, 9.260000228881836, 9.460000038146973, 10.010000228881836, 11.029999732971191, 12.899999618530273, 13.670000076293945, 12.550000190734863, 11.979999542236328, 11.729999542236328, 13.329999923706055, 14.859999656677246, 14.399999618530273, 14.020000457763672, 16.100000381469727, 16.75, 15.899999618530273, 19.149999618530273, 19.3799991607666, 19.8799991607666, 19.329999923706055, 20.200000762939453, 21.989999771118164, 22.34000015258789, 21.969999313354492, 21.18000030517578, 20.959999084472656, 23.389999389648438, 22.979999542236328, 23.709999084472656, 28.25, 26.719999313354492, 29.40999984741211, 34.47999954223633, 23.56999969482422, 23.270000457763672, 24.049999237060547, 21.34000015258789, 21.420000076293945, 22.200000762939453, 23.209999084472656, 21.65999984741211, 20.15999984741211, 21.5]
assets:[0, 100.00033685531616, 184.97777013816835, 283.26969863319397, 368.93615192165373, 472.55830748147963, 585.6848475480081, 733.1728, 757.1061200561523, 1077.796428640175, 1201.0747148432731, 1370.9045663461684, 1610.5972520085336, 1983.65358134079, 2202.0579352899554, 2121.6402822446826, 2125.2782747917176, 2180.9271438892365, 2578.4112212425234, 2974.3582132809643, 2982.2845609964374, 3003.5860140693667, 3549.196784093857, 3792.486425, 3700.0316712295535, 4556.326854237556, 4711.05104999218, 4932.595571770668, 4896.130474675369, 5216.494657023239, 5778.747641852188, 5970.724714781571, 5971.836879357528, 5857.100340393066, 5896.26153445282, 6679.844670692444, 6662.754425277328, 6974.407667693328, 8409.869625, 8054.396433019639, 8965.262005485534, 10610.785411128996, 7353.370861791229, 7359.777569780349, 7706.473530527114, 6938.092859609605, 7064.10182516098, 7421.338155046464, 7858.975319999695, 7434.140815628815, 7019.310762871933, 7585.87295]
shares:[0, 11.2108, 24.4034, 37.719, 51.7442, 65.6331, 79.1466, 91.6466, 105.5936, 116.3927, 126.9635, 136.9535, 146.0197, 153.7716, 161.0869, 169.055, 177.4022, 185.9273, 193.4292, 200.1587, 207.1031, 214.2358, 220.447, 226.4171, 232.7064, 237.9283, 243.0883, 248.1185, 253.2918, 258.2423, 262.7898, 267.2661, 271.8178, 276.5392, 281.3102, 285.5855, 289.9371, 294.1547, 297.6945, 301.437, 304.8372, 307.7374, 311.9801, 316.2775, 320.4355, 325.1215, 329.79, 334.2945, 338.603, 343.2198, 348.1801, 352.8313]
growth_rate:48.74
