ticker:ON
price:[22.68000030517578, 21.579999923706055, 21.420000076293945, 20.489999771118164, 22.440000534057617, 26.350000381469727, 26.06999969482422, 26.15999984741211, 25.09000015258789, 26.579999923706055, 28.059999465942383, 27.440000534057617, 28.649999618530273, 29.920000076293945, 30.65999984741211, 31.540000915527344, 31.989999771118164, 32.72999954223633, 35.52000045776367, 36.709999084472656, 37.29999923706055, 34.4900016784668, 38.38999938964844, 41.27000045776367, 41.869998931884766, 40.27000045776367, 38.810001373291016, 38.4900016784668, 40.09000015258789, 40.63999938964844, 42.88999938964844, 42.959999084472656, 42.18000030517578, 42.54999923706055, 39.0, 38.630001068115234, 37.45000076293945, 38.220001220703125, 40.040000915527344, 38.209999084472656, 37.779998779296875, 35.779998779296875, 37.5099983215332, 38.400001525878906, 37.75, 35.150001525878906, 36.349998474121094, 39.060001373291016, 45.279998779296875, 43.45000076293945, 41.5, 45.5]
assets:[0, 99.99956164646149, 199.2574087097168, 290.6055687538147, 418.2614139543533, 591.1411785579681, 684.8588919830322, 787.2224114082337, 855.0245521999359, 1005.8004871129989, 1161.8046358877182, 1236.133608058548, 1390.642331483841, 1552.2855079582214, 1690.6782395858766, 1839.2046893875122, 1965.4463919376374, 2110.911501476669, 2390.851230812073, 2570.9517468818663, 2712.2731745227816, 2607.9442319164277, 3002.838879258728, 3328.1118849151608, 3476.4953203136442, 3443.644792145157, 3418.7963069740294, 3490.6082152179715, 3735.7104932186126, 3886.959909623718, 4202.156268200683, 4309.012492169953, 4330.7766973335265, 4468.766864873123, 4195.932, 4256.126038681412, 4226.116491095352, 4413.007466946411, 4723.150539996338, 4607.281448607636, 4655.432793579102, 4508.984712167358, 4827.000391005326, 5041.532360332489, 5056.193475, 4807.9542937156675, 5072.093402086639, 5550.2348011379245, 6534.066831848144, 6369.991706850815, 6184.11005, 6880.16875]
shares:[0, 4.6339, 9.3024, 14.1828, 18.6391, 22.4342, 26.27, 30.0926, 34.0783, 37.8405, 41.4043, 45.0486, 48.539, 51.8812, 55.1428, 58.3134, 61.4394, 64.4947, 67.31, 70.0341, 72.7151, 75.6145, 78.2193, 80.6424, 83.0307, 85.5139, 88.0906, 90.6887, 93.1831, 95.6437, 97.9752, 100.3029, 102.6737, 105.0239, 107.588, 110.1767, 112.8469, 115.4633, 117.9608, 120.5779, 123.2248, 126.0197, 128.6857, 131.2899, 133.9389, 136.7839, 139.5349, 142.0951, 144.3036, 146.6051, 149.0147, 151.2125]
growth_rate:34.91
