ticker:ONB
price:[14.319999694824219, 13.109999656677246, 13.4399995803833, 12.390000343322754, 12.920000076293945, 13.710000038146973, 13.760000228881836, 14.729999542236328, 13.979999542236328, 13.979999542236328, 16.149999618530273, 16.25, 16.510000228881836, 16.56999969482422, 16.459999084472656, 16.219999313354492, 16.559999465942383, 16.559999465942383, 17.610000610351562, 17.8700008392334, 18.110000610351562, 16.790000915527344, 17.549999237060547, 17.860000610351562, 18.190000534057617, 18.1299991607666, 19.450000762939453, 20.950000762939453, 20.530000686645508, 20.059999465942383, 19.420000076293945, 19.209999084472656, 19.219999313354492, 19.299999237060547, 18.899999618530273, 19.5, 19.59000015258789, 19.520000457763672, 19.049999237060547, 19.010000228881836, 18.579999923706055, 17.690000534057617, 18.270000457763672, 17.459999084472656, 17.209999084472656, 16.639999389648438, 16.06999969482422, 16.09000015258789, 16.68000030517578, 16.68000030517578, 16.489999771118164, 16.950000762939453]
assets:[0, 100.0004553812027, 202.5179456770897, 286.69593494424817, 398.95926635589603, 523.3532024561882, 625.2612904005051, 769.3390380912781, 830.1673228168488, 930.1676575424194, 1174.5507122566223, 1281.82275, 1402.331352440834, 1507.427553237152, 1597.419867149353, 1674.127765128708, 1809.2196856529235, 1909.2188984279633, 2130.2747298339846, 2261.7273782180787, 2392.102894619751, 2317.7471333824155, 2522.659705334091, 2667.219635150146, 2816.5014836923597, 2907.2106334259033, 3218.877876262665, 3567.121014904404, 3595.6078962585448, 3613.291355803299, 3598.0113841352463, 3659.103336611175, 3761.0079056358336, 3876.661536753464, 3896.316191358376, 4120.00875, 4239.023322018052, 4323.877253399277, 4319.766396996308, 4410.696451105118, 4410.927283887672, 4299.639541805267, 4540.612154767227, 4439.304289221955, 4475.740784902191, 4427.502813600158, 4375.840025901031, 4481.285475497818, 4745.608538825226, 4845.608476654816, 4890.41284812088, 5126.834525764847]
shares:[0, 7.6278, 15.0683, 23.1393, 30.8792, 38.1731, 45.4405, 52.2294, 59.3825, 66.5356, 72.7276, 78.8814, 84.9383, 90.9733, 97.0486, 103.2138, 109.2524, 115.291, 120.9696, 126.5656, 132.0874, 138.0433, 143.7413, 149.3404, 154.8379, 160.3536, 165.495, 170.2683, 175.1392, 180.1242, 185.2735, 190.4791, 195.682, 200.8633, 206.1543, 211.2825, 216.3871, 221.5101, 226.7594, 232.0198, 237.4019, 243.0548, 248.5283, 254.2557, 260.0663, 266.0759, 272.2987, 278.5137, 284.5089, 290.5041, 296.5684, 302.4681]
growth_rate:0.53
