ticker:ONCR
price:[16.0, 15.65999984741211, 15.84000015258789, 15.510000228881836, 16.610000610351562, 20.219999313354492, 24.489999771118164, 25.889999389648438, 25.1299991607666, 29.559999465942383, 26.0, 32.459999084472656, 34.11000061035156, 32.33000183105469, 35.529998779296875, 28.799999237060547, 25.850000381469727, 22.25, 24.0, 17.399999618530273, 17.549999237060547, 15.800000190734863, 14.109999656677246, 16.290000915527344, 15.369999885559082, 12.5, 14.050000190734863, 14.15999984741211, 13.680000305175781, 14.579999923706055, 16.049999237060547, 15.649999618530273, 14.510000228881836, 16.170000076293945, 17.200000762939453, 16.360000610351562, 17.299999237060547, 16.989999771118164, 15.600000381469727, 13.770000457763672, 13.430000305175781, 13.34000015258789, 13.029999732971191, 12.819999694824219, 13.279999732971191, 10.699999809265137, 9.930000305175781, 10.630000114440918, 9.800000190734863]
assets:[0, 100.0000610256195, 201.14899393768312, 296.9591173822403, 418.0205633605957, 608.8727073234559, 837.4526851732254, 985.3267747711182, 1056.402339720726, 1342.6269997428894, 1280.9316, 1699.1933100746153, 1885.5667237396242, 1887.1700998825074, 2173.959823309326, 1862.1733906692505, 1771.4307311410903, 1624.7328249999998, 1852.5216, 1443.0776683626175, 1555.517857378006, 1500.4090981126785, 1439.9226429639816, 1762.3907640495302, 1762.8575258742333, 1533.68375, 1823.860029759693, 1938.1386511146545, 1972.4385320014953, 2202.204012476349, 2524.2363450099947, 2561.327452567482, 2474.751638036919, 2857.872877484131, 3139.9151792770385, 3086.5709671524046, 3363.915651649475, 3403.6372361476897, 3225.1768388658525, 2946.839308963394, 2974.077596581268, 3054.147678934479, 3083.174172815323, 3133.483555408478, 3345.9171807216644, 2795.8821301614757, 2694.6833298149113, 2984.6404081321716, 2851.597195499897]
shares:[0, 6.3857, 12.6988, 19.1463, 25.1668, 30.1124, 34.1957, 38.0582, 42.0375, 45.4204, 49.2666, 52.3473, 55.279, 58.3721, 61.1866, 64.6588, 68.5273, 73.0217, 77.1884, 82.9355, 88.6335, 94.9626, 102.0498, 108.1885, 114.6947, 122.6947, 129.8121, 136.8742, 144.1841, 151.0428, 157.2733, 163.6631, 170.5549, 176.7392, 182.5532, 188.6657, 194.446, 200.3318, 206.7421, 214.0043, 221.4503, 228.9466, 236.6212, 244.4215, 251.9516, 261.2974, 271.3679, 280.7752, 290.9793]
growth_rate:-40.59
