ticker:ONCS
price:[3.4700000286102295, 3.2699999809265137, 4.5, 3.819999933242798, 3.4200000762939453, 3.559999942779541, 4.0, 3.690000057220459, 3.7899999618530273, 5.110000133514404, 5.699999809265137, 4.960000038146973, 5.190000057220459, 5.570000171661377, 5.289999961853027, 6.150000095367432, 6.25, 6.449999809265137, 6.420000076293945, 6.260000228881836, 7.230000019073486, 7.710000038146973, 7.230000019073486, 6.980000019073486, 6.849999904632568, 5.5, 5.230000019073486, 5.880000114440918, 5.639999866485596, 5.110000133514404, 5.079999923706055, 5.170000076293945, 4.650000095367432, 4.849999904632568, 4.860000133514404, 4.019999980926514, 3.4700000286102295, 3.9600000381469727, 4.010000228881836, 3.6700000762939453, 3.950000047683716, 3.3299999237060547, 3.0999999046325684, 2.859999895095825, 2.880000114440918, 2.4100000858306885, 2.2300000190734863, 2.180000066757202, 2.319999933242798, 2.4000000953674316, 1.940000057220459, 2.309999942779541]
assets:[0, 99.99986941671371, 237.6144, 301.70817872743606, 370.1158282566071, 485.26679620022776, 645.2436, 695.2373387809754, 814.0783478061676, 1197.6097802912236, 1435.8858119520187, 1349.472666378689, 1512.0489076705458, 1722.7576070935247, 1736.155769480324, 2118.404432849884, 2252.85, 2424.94128329134, 2513.6624338718416, 2551.0164492717745, 3046.301945036459, 3348.5463075676917, 3240.076790547657, 3228.0406088209156, 3267.919179503202, 2723.8766499999997, 2690.1592938108447, 3124.5003488113407, 3096.9696106861593, 2905.942611926651, 2988.881963111496, 3141.8348963642125, 2925.82842000618, 3151.670588027477, 3258.1688755087375, 2795.028400738573, 2512.6238977166413, 2967.4323645854947, 3104.9002702207567, 2941.6419521524426, 3266.0725494274616, 2853.422988624954, 2756.3398052048205, 2642.945637057328, 2761.4279177292824, 2410.778274858403, 2330.7199769349572, 2378.4618228346108, 2631.206812287927, 2821.9383521337513, 2381.0668302297595, 2935.187567293167]
shares:[0, 30.581, 52.8032, 78.9812, 108.221, 136.3109, 161.3109, 188.4112, 214.7964, 234.3659, 251.9098, 272.0711, 291.3389, 309.2922, 328.1958, 344.456, 360.456, 375.9599, 391.5362, 407.5106, 421.3419, 434.3121, 448.1434, 462.47, 477.0685, 495.2503, 514.3708, 531.3776, 549.1081, 568.6776, 588.3626, 607.705, 629.2104, 649.829, 670.4051, 695.2807, 724.0991, 749.3516, 774.2893, 801.5373, 826.8538, 856.8838, 889.1419, 924.1069, 958.8291, 1000.3229, 1045.1659, 1091.0375, 1134.1409, 1175.8076, 1227.354, 1270.644]
growth_rate:-42.45
