ticker:ONCT
price:[2.109999895095825, 2.130000114440918, 2.1700000762939453, 1.809999942779541, 1.7300000190734863, 1.850000023841858, 1.690000057220459, 1.6699999570846558, 1.5499999523162842, 3.9200000762939453, 4.539999961853027, 2.7899999618530273, 2.6700000762939453, 2.6600000858306885, 5.199999809265137, 4.389999866485596, 4.559999942779541, 4.900000095367432, 4.710000038146973, 5.460000038146973, 5.5, 5.409999847412109, 6.710000038146973, 7.539999961853027, 7.480000019073486, 6.53000020980835, 5.409999847412109, 7.570000171661377, 9.0, 7.800000190734863, 8.359999656677246, 8.260000228881836, 6.480000019073486, 6.349999904632568, 6.289999961853027, 5.559999942779541, 4.980000019073486, 5.25, 5.690000057220459, 5.329999923706055, 5.420000076293945, 5.269999980926514, 5.150000095367432, 4.619999885559082, 4.480000019073486, 4.190000057220459, 3.950000047683716, 3.9000000953674316, 4.21999979019165, 3.690000057220459, 3.549999952316284, 4.400000095367432]
assets:[0, 100.00009737281799, 201.87792809772492, 268.38661051535604, 356.5242859307289, 481.2543812021613, 539.6323972710132, 633.2461147269606, 687.7433488424778, 1839.3251877983093, 2230.238661260605, 1470.5651768933296, 1507.315168070793, 1601.669841681361, 3231.0838414845466, 2827.780220997858, 3037.284177887106, 3363.7486354677676, 3333.317423997021, 3964.100349695683, 4093.1412499999997, 4126.162521622467, 5217.661808662891, 5963.065519831181, 6015.614235339403, 5351.598983946418, 4533.713499127579, 6443.84682512412, 7761.1122000000005, 6826.297306924725, 7416.389775428773, 7427.677175818443, 5927.039585445881, 5908.132621268749, 5952.308104901028, 5361.4996048223975, 4902.206442775535, 5267.9886, 5809.496317422151, 5541.935644672393, 5735.514540735245, 5676.782320454264, 5647.519974580478, 5166.318568026352, 5109.763477754688, 4878.997381629705, 4699.53230673194, 4740.044515909195, 5228.970934028005, 4672.252242452145, 4594.9850382800105, 5795.193045607424]
shares:[0, 46.9484, 93.0313, 148.2799, 206.0834, 260.1375, 319.3091, 379.1893, 443.7054, 469.2156, 491.242, 527.0843, 564.5375, 602.1315, 621.3623, 644.1413, 666.0711, 686.4793, 707.7107, 726.0257, 744.2075, 762.6918, 777.5949, 790.8575, 804.2265, 819.5404, 838.0247, 851.2347, 862.3458, 875.1663, 887.128, 899.2345, 914.6666, 930.4146, 946.3129, 964.2985, 984.3788, 1003.4264, 1021.0011, 1039.7628, 1058.213, 1077.1883, 1096.6058, 1118.2508, 1140.5722, 1164.4385, 1189.755, 1215.396, 1239.0927, 1266.193, 1294.362, 1317.0893]
growth_rate:13.63
