ticker:ONCY
price:[1.6299999952316284, 1.6299999952316284, 1.899999976158142, 1.6699999570846558, 1.7300000190734863, 1.9700000286102295, 1.9700000286102295, 2.259999990463257, 2.0899999141693115, 2.180000066757202, 2.009999990463257, 2.25, 2.7699999809265137, 4.03000020980835, 2.490000009536743, 2.3399999141693115, 2.559999942779541, 2.380000114440918, 2.569999933242798, 2.75, 2.549999952316284, 2.5, 2.7300000190734863, 2.680000066757202, 3.390000104904175, 3.2100000381469727, 2.680000066757202, 2.990000009536743, 3.049999952316284, 3.700000047683716, 3.819999933242798, 4.010000228881836, 2.990000009536743, 3.0299999713897705, 3.049999952316284, 2.859999895095825, 2.640000104904175, 2.9800000190734863, 3.049999952316284, 3.049999952316284, 2.9700000286102295, 2.9200000762939453, 2.9000000953674316, 2.7699999809265137, 2.609999895095825, 2.369999885559082, 2.509999990463257, 2.319999933242798, 2.2300000190734863, 2.0899999141693115, 2.069999933242798, 2.2799999713897705]
assets:[0, 100.00001070746183, 216.56446728247406, 290.3486975386739, 400.7804544186592, 556.3800160802841, 656.3799755325794, 853.0044524004936, 888.8403884977103, 1027.1159694529294, 1047.01964803226, 1272.036825, 1666.0187045282362, 2523.846872395563, 1659.399003355527, 1659.4350411322832, 1915.450325186348, 1880.7703384357453, 2130.915701648259, 2380.162675, 2307.0599268591404, 2361.8235, 2679.1111807179454, 2730.0431720037463, 3553.300816957545, 3464.6297601729398, 2992.588038543582, 3438.745489968038, 3607.7503935964105, 4476.615257692337, 4721.802597483158, 5056.657205622673, 3870.424947344899, 4022.2031560210708, 4148.7523701383825, 3990.305315636468, 3783.3590703371765, 4370.609577974081, 4573.274848501396, 4673.274891937995, 4650.697205800509, 4672.402790080833, 4740.400185889578, 4627.89935413351, 4460.583780714989, 4150.41513658762, 4495.587439919019, 4255.283789555669, 4190.208168839407, 4027.1455946159363, 4088.608392142963, 4603.394726235008]
shares:[0, 61.3497, 113.9813, 173.8615, 231.665, 282.4264, 333.1878, 377.4356, 425.2825, 471.1541, 520.9053, 565.3497, 601.4508, 626.2647, 666.4253, 709.1603, 748.2228, 790.2396, 829.1501, 865.5137, 904.7294, 944.7294, 981.3594, 1018.6728, 1048.1713, 1079.3239, 1116.6373, 1150.0821, 1182.869, 1209.896, 1236.074, 1261.0117, 1294.4565, 1327.4598, 1360.2467, 1395.2117, 1433.0905, 1466.6475, 1499.4344, 1532.2213, 1565.8913, 1600.1379, 1634.6207, 1670.7218, 1709.036, 1751.2301, 1791.0707, 1834.1741, 1879.0171, 1926.864, 1975.1732, 2019.0328]
growth_rate:-9.74
