ticker:ONDS
price:[6.150000095367432, 5.989999771118164, 6.789999961853027, 7.650000095367432, 9.329999923706055, 9.25, 12.680000305175781, 12.0600004196167, 12.119999885559082, 12.829999923706055, 12.920000076293945, 12.270000457763672, 12.470000267028809, 11.920000076293945, 10.989999771118164, 11.319999694824219, 9.84000015258789, 9.4399995803833, 8.270000457763672, 8.100000381469727, 8.239999771118164, 8.039999961853027, 6.940000057220459, 6.090000152587891, 7.230000019073486, 8.899999618530273, 9.050000190734863, 8.180000305175781, 7.96999979019165, 8.029999732971191, 7.400000095367432, 7.429999828338623, 7.550000190734863, 8.050000190734863, 7.929999828338623, 8.109999656677246, 7.619999885559082, 6.25, 6.949999809265137, 7.070000171661377]
assets:[0, 100.0000511789322, 213.35537880134584, 340.37833924326895, 515.1279557876587, 610.7109, 937.1686785552978, 991.3453004929543, 1096.2770176486015, 1260.4974555044173, 1369.33912808609, 1400.4487722473143, 1523.2753766189574, 1556.090449959755, 1534.6842310380935, 1680.7663866882324, 1561.0195922065734, 1597.5632249868393, 1499.560314004135, 1568.7351738796233, 1695.848808894539, 1754.6873796746254, 1614.618079312563, 1516.862525005722, 1900.8074930145262, 2439.8601354232787, 2580.981319395924, 2432.864606764221, 2470.4074359671117, 2589.0052119054794, 2485.882772036791, 2595.960953023386, 2737.8875241669652, 3019.2048965363506, 3074.1976574525834, 3243.9779656718256, 3147.979686722088, 2682.004375, 3082.3888554073337, 3235.61032356143]
shares:[0, 16.6945, 31.422, 44.4939, 55.212, 66.0228, 73.9092, 82.2011, 90.4519, 98.2461, 105.986, 114.136, 122.1552, 130.5445, 139.6437, 148.4776, 158.6402, 169.2334, 181.3253, 193.671, 205.8069, 218.2447, 232.6539, 249.0743, 262.9056, 274.1416, 285.1913, 297.4162, 309.9633, 322.4166, 335.9301, 349.3891, 362.6341, 375.0565, 387.6668, 399.9973, 413.1207, 429.1207, 443.5092, 457.6535]
growth_rate:-17.04
