ticker:ONEM
price:[28.309999465942383, 27.56999969482422, 28.100000381469727, 27.100000381469727, 29.0, 29.739999771118164, 30.530000686645508, 31.90999984741211, 28.209999084472656, 31.479999542236328, 34.79999923706055, 35.439998626708984, 33.630001068115234, 36.13999938964844, 38.470001220703125, 40.279998779296875, 43.4900016784668, 43.650001525878906, 42.7400016784668, 42.68000030517578, 50.310001373291016, 50.599998474121094, 55.900001525878906, 58.70000076293945, 56.66999816894531, 47.5099983215332, 41.150001525878906, 43.189998626708984, 39.83000183105469, 37.970001220703125, 41.22999954223633, 42.18000030517578, 41.810001373291016, 41.81999969482422, 43.5099983215332, 41.38999938964844, 32.7599983215332, 33.13999938964844, 37.0, 35.59000015258789, 34.2599983215332, 33.880001068115234, 32.650001525878906, 33.4900016784668, 31.170000076293945, 25.809999465942383, 26.829999923706055, 27.040000915527344, 28.65999984741211, 23.6200008392334, 22.510000228881836, 24.329999923706055]
assets:[0, 99.99914589309692, 201.92098274116518, 294.7341841487885, 415.39889999999997, 525.9994799518585, 639.9729273935318, 768.9001653232575, 779.7441216941833, 970.1285898929596, 1172.443294295883, 1294.0064938575745, 1327.917585175705, 1527.0270082107545, 1725.4757297515869, 1906.6577702178954, 2158.6044883098602, 2266.5481542320254, 2319.2947390823365, 2416.0379932754513, 2947.959809469223, 3064.9532275741576, 3485.985585155487, 3760.597938877487, 3730.546310462952, 3227.5489769748688, 2895.486937367248, 3139.031824189758, 2994.829786677551, 2954.977375, 3308.68272526474, 3484.9200612136838, 3554.3518367462157, 3655.20179732666, 3902.9121144390106, 3812.74326877594, 3117.769040260315, 3253.933690071106, 3732.9374, 3690.6830158233643, 3652.7633350437163, 3712.24865703392, 3677.477416864777, 3872.090551063156, 3703.853184065819, 3166.938554470062, 3392.0954263542176, 3518.645015135193, 3829.451735611725, 3256.024201688576, 3203.0109605682374, 3561.9849788303372]
shares:[0, 3.6271, 7.1858, 10.8758, 14.3241, 17.6866, 20.9621, 24.0959, 27.6407, 30.8173, 33.6909, 36.5126, 39.4861, 42.2531, 44.8525, 47.3351, 49.6345, 51.9255, 54.2652, 56.6082, 58.5959, 60.5722, 62.3611, 64.0647, 65.8293, 67.9341, 70.3642, 72.6796, 75.1903, 77.824, 80.2494, 82.6202, 85.012, 87.4032, 89.7015, 92.1175, 95.17, 98.1875, 100.8902, 103.7, 106.6189, 109.5705, 112.6333, 115.6193, 118.8275, 122.702, 126.4292, 130.1274, 133.6166, 137.8503, 142.2928, 146.403]
growth_rate:-30.16
