ticker:ONEQ
price:[44.125, 42.2130012512207, 41.86199951171875, 42.46200180053711, 43.02799987792969, 44.98400115966797, 45.32400131225586, 44.86899948120117, 42.40999984741211, 46.41299819946289, 45.972999572753906, 46.23099899291992, 47.49399948120117, 48.472999572753906, 48.1879997253418, 49.481998443603516, 49.80799865722656, 50.165000915527344, 51.220001220703125, 50.47999954223633, 52.650001525878906, 50.599998474121094, 53.792999267578125, 54.582000732421875, 53.79199981689453, 51.21099853515625, 50.13999938964844, 51.62300109863281, 51.09299850463867, 50.981998443603516, 52.28900146484375, 53.970001220703125, 54.630001068115234, 54.4900016784668, 54.349998474121094, 53.369998931884766, 52.220001220703125, 52.31999969482422, 53.5, 53.619998931884766, 54.61000061035156, 54.529998779296875, 55.880001068115234, 56.880001068115234, 57.09000015258789, 56.0099983215332, 57.599998474121094, 57.09000015258789, 57.63999938964844, 57.560001373291016, 57.22999954223633, 58.77000045776367]
assets:[0, 99.99837866401673, 199.16683507690428, 302.0194802066803, 406.0466292480469, 524.5044567214966, 628.4671345958709, 722.1575728500366, 782.5790041843414, 956.4465777957915, 1047.379862766266, 1153.2600084777832, 1284.764929365921, 1411.2477568611146, 1502.9499798336028, 1643.3070647117615, 1754.1331159103393, 1866.7048985679628, 2005.9647618072509, 2076.9844371654513, 2266.2666656799315, 2278.0271113044737, 2521.7781505645753, 2658.765670477295, 2720.282947540283, 2689.760397161865, 2733.5074167251587, 2914.3558778228758, 2984.434010053253, 3077.9514866352083, 3256.8570585388184, 3461.5603202941893, 3603.8920034626008, 3694.656420807266, 3785.162163731384, 3816.9102466106415, 3834.666127639771, 3942.008521006775, 4130.916899999999, 4240.183723535157, 4418.473305383301, 4512.002953994751, 4723.704130290986, 4908.237860168839, 5026.3577564342495, 5031.271730226517, 5274.097780284119, 5327.399036238861, 5478.722289985657, 5571.117412918091, 5639.175173894119, 5890.916781884765]
shares:[0, 2.3689, 4.7577, 7.1127, 9.4368, 11.6598, 13.8661, 16.0948, 18.4527, 20.6073, 22.7825, 24.9456, 27.0511, 29.1141, 31.1893, 33.2102, 35.2179, 37.2113, 39.1637, 41.1447, 43.044, 45.0203, 46.8793, 48.7114, 50.5704, 52.5231, 54.5175, 56.4546, 58.4118, 60.3733, 62.2857, 64.1386, 65.9691, 67.8043, 69.6442, 71.5179, 73.4329, 75.3442, 77.2134, 79.0784, 80.9096, 82.7435, 84.533, 86.2911, 88.0427, 89.8281, 91.5642, 93.3158, 95.0507, 96.788, 98.5353, 100.2368]
growth_rate:15.51
