ticker:ONEW
price:[27.040000915527344, 25.799999237060547, 20.020000457763672, 20.239999771118164, 21.0, 21.059999465942383, 21.559999465942383, 19.989999771118164, 18.6299991607666, 19.979999542236328, 21.8799991607666, 24.510000228881836, 28.239999771118164, 27.760000228881836, 27.700000762939453, 28.06999969482422, 29.780000686645508, 29.09000015258789, 31.489999771118164, 33.54999923706055, 35.02000045776367, 32.33000183105469, 36.81999969482422, 34.81999969482422, 35.599998474121094, 35.61000061035156, 36.41999816894531, 41.810001373291016, 41.349998474121094, 38.84000015258789, 41.79999923706055, 42.599998474121094, 43.27000045776367, 44.86000061035156, 51.22999954223633, 53.5, 51.11000061035156, 48.9900016784668, 49.2400016784668, 47.93000030517578, 44.279998779296875, 41.0099983215332, 40.720001220703125, 41.25, 41.04999923706055, 42.279998779296875, 46.5, 46.97999954223633, 45.20000076293945, 43.529998779296875, 40.95000076293945, 41.04999923706055]
assets:[0, 100.00079704284667, 177.59742406082154, 279.54880483875274, 390.0456, 491.15920154476163, 602.8197410676956, 658.9223664554596, 714.0934568319321, 865.8392741626739, 1048.1766757959367, 1274.1695188985825, 1568.076819290924, 1641.423829533577, 1737.8758878662109, 1861.0886987663268, 2074.46591383152, 2126.400468153763, 2401.8336035425186, 2658.954864534378, 2875.4572175865173, 2754.584049009705, 3237.140733169556, 3161.3042902931215, 3332.1206971794127, 3433.0568898422243, 3611.144794445801, 4245.579865450287, 4298.869891365051, 4137.924284256363, 4553.273916893006, 4740.417070204163, 4914.974446996689, 5195.582092689514, 6033.34167708931, 6400.68115, 6214.746079216004, 6056.962140520096, 6187.872834928894, 6123.249258987427, 5756.948913293458, 5431.807085685729, 5493.396916680908, 5664.8955000000005, 5737.431138366317, 6009.345014498902, 6709.1409, 6878.398108978272, 6717.786833390808, 6569.586592770385, 6280.210872006607, 6395.548831134796]
shares:[0, 3.876, 8.871, 13.8117, 18.5736, 23.3219, 27.9601, 32.9626, 38.3303, 43.3353, 47.9057, 51.9857, 55.5268, 59.1291, 62.7392, 66.3017, 69.6597, 73.0973, 76.2729, 79.2535, 82.109, 85.2021, 87.918, 90.7899, 93.5989, 96.4071, 99.1528, 101.5446, 103.963, 106.5377, 108.93, 111.2774, 113.5885, 115.8177, 117.7697, 119.6389, 121.5955, 123.6367, 125.6676, 127.754, 130.0124, 132.4508, 134.9066, 137.3308, 139.7669, 142.1321, 144.2826, 146.4112, 148.6236, 150.9209, 153.3629, 155.799]
growth_rate:25.4
