ticker:ONTX
price:[3.1500000953674316, 3.450000047683716, 4.800000190734863, 4.349999904632568, 4.050000190734863, 4.349999904632568, 4.349999904632568, 4.199999809265137, 3.9000000953674316, 3.9000000953674316, 3.9000000953674316, 4.050000190734863, 3.8999979496002197, 4.799997806549072, 5.099997520446777, 5.6999969482421875, 7.049996376037598, 7.049996376037598, 9.599995613098145, 12.449994087219238, 10.649994850158691, 10.049995422363281, 13.050000190734863, 17.399999618530273, 24.600000381469727, 18.75, 15.300000190734863, 16.649999618530273, 18.75, 15.149999618530273, 14.25, 12.300000190734863, 9.0, 11.100000381469727, 10.800000190734863, 8.850000381469727, 7.949999809265137, 9.229999542236328, 6.690000057220459, 6.420000076293945, 7.070000171661377, 7.0, 7.150000095367432, 6.610000133514404, 6.199999809265137, 5.119999885559082, 5.090000152587891, 4.96999979019165, 5.130000114440918, 4.960000038146973, 4.630000114440918, 5.21999979019165]
assets:[0, 99.99997638213634, 239.130249502182, 316.71174805655477, 394.8697535964012, 524.1193085094452, 624.1192813170909, 702.5978080928803, 752.4121983988762, 852.4121008441925, 952.4120032895088, 1089.0434312885286, 1148.7077360740184, 1513.7940282428265, 1708.4063493947983, 2009.3954141769407, 2585.304876056385, 2685.3048446526527, 3756.5858033561703, 4971.8217237706185, 4353.004345089912, 4207.7652484199525, 5563.8166863190645, 7518.421515169525, 10729.491886381149, 8277.965624999999, 6854.8193054544445, 7559.655936800003, 8613.125624999999, 7059.405932247543, 6740.034825, 5917.714591765404, 4430.0349, 5563.709801206016, 5513.33961736908, 4617.875329048538, 4248.260478076553, 5032.256668424225, 3747.4322990522865, 3696.1904959247586, 4170.415644258737, 4229.1242, 4419.748248951054, 4185.949156551362, 4026.3059161359784, 3424.9496834464076, 3504.88197606926, 3522.251773308277, 3735.6445373353954, 3711.8512445475576, 3564.893590114403, 4119.1670844376085]
shares:[0, 28.9855, 49.8188, 72.8073, 97.4987, 120.4872, 143.4757, 167.2852, 192.9262, 218.5672, 244.2082, 268.8996, 294.5406, 315.3739, 334.9818, 352.5257, 366.7101, 380.8945, 391.3112, 399.3433, 408.733, 418.6833, 426.3461, 432.0932, 436.1582, 441.4915, 448.0274, 454.0334, 459.3667, 465.9674, 472.9849, 481.115, 492.2261, 501.2351, 510.4944, 521.7938, 534.3724, 545.2066, 560.1543, 575.7306, 589.8749, 604.1606, 618.1466, 633.2752, 649.4042, 668.9355, 688.5819, 708.7026, 728.1958, 748.3571, 769.9554, 789.1125]
growth_rate:-19.23
