ticker:ONVO
price:[6.820000171661377, 6.710000038146973, 7.199999809265137, 6.389999866485596, 7.190000057220459, 9.050000190734863, 9.65999984741211, 10.359999656677246, 8.579999923706055, 9.449999809265137, 9.1899995803833, 8.970000267028809, 9.0, 8.0600004196167, 7.690000057220459, 10.279999732971191, 15.960000038146973, 12.300000190734863, 12.779999732971191, 13.970000267028809, 14.270000457763672, 12.789999961853027, 14.930000305175781, 19.389999389648438, 14.220000267028809, 12.75, 10.680000305175781, 11.739999771118164, 10.770000457763672, 9.40999984741211, 9.6899995803833, 9.350000381469727, 8.40999984741211, 9.390000343322754, 8.539999961853027, 7.440000057220459, 6.840000152587891, 7.360000133514404, 9.399999618530273, 8.510000228881836, 8.59000015258789, 8.569999694824219, 9.210000038146973, 8.600000381469727, 8.470000267028809, 7.659999847412109, 7.75, 7.670000076293945, 7.699999809265137, 7.800000190734863, 7.150000095367432, 7.579999923706055]
assets:[0, 99.99980156850815, 207.30239450836183, 283.9811790664196, 419.5343463387966, 628.064583236885, 770.3985118309022, 926.2243733056067, 867.0853542898178, 1055.0064837061882, 1125.979885587597, 1199.0253176939011, 1303.0353, 1266.9401819589616, 1308.780334738493, 1849.57857995615, 2971.5253751024247, 2390.0856070628165, 2583.3568140226366, 2923.904291888809, 3086.6938540172578, 2866.560020450306, 3446.1874604415893, 4575.6578729690555, 3455.639236891365, 3198.410175, 2779.1389994125366, 3154.971144491005, 2994.2970672683714, 2716.187045955658, 2897.008515547657, 2895.35945312748, 2704.274977934647, 3119.398491053295, 2937.024692880726, 2658.7197324480057, 2544.307004758835, 2837.7341634780405, 3724.279848861694, 3471.662252372551, 3604.297921024704, 3695.905781389618, 4071.9132438654897, 3902.2209330905916, 3943.234034316063, 3666.1356749702454, 3809.21025, 3869.889334494019, 3985.02556128788, 4136.779241157436, 3892.047496912527, 4226.114499463462]
shares:[0, 14.9031, 28.792, 44.4415, 58.3497, 69.3994, 79.7514, 89.4039, 101.0589, 111.6409, 122.5223, 133.6706, 144.7817, 157.1886, 170.1925, 179.9201, 186.1858, 194.3159, 202.1406, 209.2988, 216.3065, 224.1251, 230.823, 235.9803, 243.0126, 250.8557, 260.219, 268.7369, 278.022, 288.649, 298.9689, 309.6641, 321.5547, 332.2043, 343.9139, 357.3548, 371.9747, 385.5617, 396.2, 407.9509, 419.5923, 431.2609, 442.1187, 453.7466, 465.553, 478.6078, 491.511, 504.5488, 517.5358, 530.3563, 544.3423, 557.5349]
growth_rate:-17.14
