ticker:OPBK
price:[6.210000038146973, 6.429999828338623, 6.260000228881836, 5.679999828338623, 5.75, 6.289999961853027, 6.239999771118164, 6.619999885559082, 6.429999828338623, 6.539999961853027, 6.880000114440918, 7.239999771118164, 7.320000171661377, 7.440000057220459, 7.28000020980835, 7.619999885559082, 7.380000114440918, 7.699999809265137, 7.579999923706055, 7.650000095367432, 7.900000095367432, 7.590000152587891, 8.079999923706055, 9.229999542236328, 9.329999923706055, 9.1899995803833, 10.420000076293945, 11.149999618530273, 10.869999885559082, 11.3100004196167, 10.640000343322754, 10.34000015258789, 10.119999885559082, 10.420000076293945, 10.880000114440918, 10.960000038146973, 10.930000305175781, 10.720000267028809, 10.369999885559082, 10.600000381469727, 10.4399995803833, 9.75, 9.859999656677246, 10.100000381469727, 9.989999771118164, 10.020000457763672, 10.319999694824219, 10.829999923706055, 10.729999542236328, 10.40999984741211, 10.260000228881836, 10.020000457763672]
assets:[0, 100.0000003303051, 197.35589721584319, 279.07031956591607, 382.50955, 518.4324898558617, 614.3111294672012, 751.7208470048904, 830.1457708376407, 944.347218491745, 1093.4418581881523, 1250.6571084623338, 1364.4765799983502, 1486.8453234352112, 1554.870452811098, 1727.488264055729, 1773.0789754949571, 1949.960271697998, 2019.5712156726836, 2138.221691655779, 2308.097997862959, 2317.5268515911102, 2567.142831760216, 3032.515426601791, 3165.3704141159055, 3217.8728390714646, 3748.5564734464647, 4111.1709943464275, 4107.930571751117, 4374.21278428936, 4215.086144008923, 4196.239867924118, 4206.957828426075, 4431.6697964481355, 4727.310001724052, 4862.069736922741, 4948.7609361740115, 4953.679963393211, 4891.945820013619, 5100.446703553391, 5123.457982071972, 4884.838725, 5039.9496705101965, 5262.626408765602, 5305.3102574495315, 5421.242089669418, 5683.5540719299315, 6064.427405278015, 6108.431008401871, 6026.259385668182, 6039.426014728547, 5998.152634025574]
shares:[0, 15.5521, 31.5265, 49.1321, 66.5234, 82.4217, 98.4473, 113.553, 129.1051, 144.3956, 158.9305, 172.7427, 186.4039, 199.8448, 213.5811, 226.7045, 240.2546, 253.2416, 266.4342, 279.5061, 292.1643, 305.3395, 317.7157, 328.5499, 339.268, 350.1494, 359.7463, 368.7149, 377.9145, 386.7562, 396.1547, 405.8259, 415.7073, 425.3042, 434.4954, 443.6195, 452.7686, 462.097, 471.7402, 481.1742, 490.7527, 501.0091, 511.1511, 521.0521, 531.0621, 541.0421, 550.732, 559.9656, 569.2853, 578.8914, 588.638, 598.618]
growth_rate:17.61
