ticker:OPCH
price:[11.069999694824219, 10.6899995803833, 11.770000457763672, 12.670000076293945, 13.170000076293945, 13.739999771118164, 14.050000190734863, 14.149999618530273, 13.329999923706055, 15.640000343322754, 15.819999694824219, 15.869999885559082, 15.869999885559082, 16.079999923706055, 14.869999885559082, 15.0, 15.550000190734863, 15.640000343322754, 16.780000686645508, 17.65999984741211, 19.59000015258789, 18.479999542236328, 19.889999389648438, 19.329999923706055, 18.920000076293945, 19.190000534057617, 18.940000534057617, 20.020000457763672, 18.850000381469727, 18.06999969482422, 18.260000228881836, 18.850000381469727, 19.360000610351562, 19.540000915527344, 19.079999923706055, 17.579999923706055, 17.290000915527344, 18.709999084472656, 18.34000015258789, 18.8700008392334, 21.010000228881836, 20.559999465942383, 22.450000762939453, 21.889999389648438, 21.59000015258789, 19.979999542236328, 21.239999771118164, 20.719999313354492, 22.06999969482422, 21.239999771118164, 23.700000762939453, 25.049999237060547]
assets:[0, 99.99960107469559, 210.10274717140197, 326.1688799640656, 439.04039054336545, 558.0418467041017, 670.6317991041184, 775.4044140958787, 830.4696592468262, 1074.3851315844536, 1186.7499331069946, 1290.5007806940077, 1390.5008239728927, 1508.9005608407974, 1495.3569284915923, 1608.4305, 1767.4068016788483, 1877.6367812170981, 2114.4982265262606, 2325.3893099079132, 2679.522179870987, 2627.6970069099425, 2928.1878091445924, 2945.7450803733827, 2983.263988029861, 3125.8361589920046, 3185.113373811722, 3466.7353512680056, 3364.133178080368, 3324.926925846863, 3459.888409368324, 3671.6803593042373, 3871.0205060394287, 4007.011321744538, 4012.6804399547577, 3797.218453520775, 3834.5798610458373, 4249.5066710609435, 4265.471385488509, 4488.737302634239, 5097.792920535087, 5088.60603582058, 5656.380962226105, 5615.286124430847, 5638.330012849045, 5317.870684161758, 5753.23201000328, 5712.381562695885, 6184.567871482086, 6051.981102783966, 6852.916840605927, 7343.272006348419]
shares:[0, 9.3545, 17.8507, 25.7434, 33.3364, 40.6144, 47.7318, 54.7989, 62.3008, 68.6947, 75.0158, 81.317, 87.6182, 93.8371, 100.562, 107.2287, 113.6596, 120.0535, 126.013, 131.6755, 136.7801, 142.1914, 147.2191, 152.3924, 157.6778, 162.8888, 168.1686, 173.1636, 178.4686, 184.0026, 189.4791, 194.7841, 199.9494, 205.0671, 210.3082, 215.9965, 221.7802, 227.1249, 232.5775, 237.8769, 242.6365, 247.5003, 251.9546, 256.5229, 261.1547, 266.1597, 270.8678, 275.6941, 280.2251, 284.9332, 289.1526, 293.1446]
growth_rate:43.99
