ticker:OPEN
price:[12.0, 12.699999809265137, 14.600000381469727, 16.420000076293945, 18.40999984741211, 21.239999771118164, 22.90999984741211, 19.440000534057617, 16.440000534057617, 20.229999542236328, 19.020000457763672, 19.049999237060547, 21.799999237060547, 21.670000076293945, 25.43000030517578, 29.5, 27.350000381469727, 22.729999542236328, 26.790000915527344, 26.030000686645508, 29.139999389648438, 26.1200008392334, 26.600000381469727, 34.59000015258789, 31.579999923706055, 28.020000457763672, 21.989999771118164, 27.049999237060547, 27.530000686645508, 22.079999923706055, 21.75, 20.510000228881836, 18.389999389648438, 19.540000915527344, 20.270000457763672, 18.700000762939453, 15.119999885559082, 15.119999885559082, 15.65999984741211, 16.3700008392334, 17.200000762939453, 16.709999084472656, 17.110000610351562, 16.850000381469727, 16.020000457763672, 14.420000076293945, 14.399999618530273, 14.819999694824219, 14.430000305175781, 17.549999237060547, 15.40999984741211, 17.329999923706055]
assets:[0, 99.99979849815368, 214.96018561649322, 341.75602958793644, 483.1741279953003, 657.4480849153518, 809.1399566108703, 786.5851896091461, 765.1981808576584, 1041.6042394306182, 1079.30323997612, 1181.0047027015685, 1451.4919092018129, 1542.8368284318924, 1910.5381219276428, 2316.3134499999996, 2247.497221347427, 1967.8474373691558, 2419.340686679077, 2450.706343647194, 2843.510280441284, 2648.816225106239, 2797.4927801187514, 3737.7919574886323, 3512.5328615140916, 3216.567160549164, 2624.350343684578, 3328.226496128082, 3487.285752978897, 2896.922485990143, 2953.626075, 2885.2360781978605, 2687.0051078201295, 2955.0343384552, 3165.4321894859313, 3020.255823223114, 2542.0469567596433, 2642.0476120027542, 2836.4065103626253, 3065.004367132187, 3320.4085472831725, 3325.814511781311, 3505.4267740463256, 3552.1586904178616, 3477.1859553588865, 3229.9012090888973, 3325.420711906433, 3522.4115994659423, 3529.716602648926, 4392.898189030457, 3957.240189815903, 4550.289555967713]
shares:[0, 7.874, 14.7233, 20.8134, 26.2452, 30.9533, 35.3182, 40.4622, 46.5449, 51.4881, 56.7457, 61.995, 66.5822, 71.1969, 75.1293, 78.5191, 82.1754, 86.5749, 90.3076, 94.1493, 97.581, 101.4095, 105.1689, 108.0599, 111.2265, 114.7954, 119.3429, 123.0398, 126.6722, 131.2012, 135.7989, 140.6746, 146.1123, 151.23, 156.1634, 161.511, 168.1248, 174.7386, 181.1243, 187.233, 193.047, 199.0314, 204.8759, 210.8106, 217.0528, 223.9876, 230.932, 237.6796, 244.6096, 250.3076, 256.7969, 262.5672]
growth_rate:-10.78
