ticker:OPGN
price:[2.2200000286102295, 2.1700000762939453, 2.1700000762939453, 2.059999942779541, 2.1500000953674316, 2.4700000286102295, 2.369999885559082, 2.4700000286102295, 2.130000114440918, 2.119999885559082, 2.049999952316284, 1.940000057220459, 2.0199999809265137, 1.9600000381469727, 1.8700000047683716, 1.7200000286102295, 1.7300000190734863, 2.0399999618530273, 2.119999885559082, 2.069999933242798, 2.319999933242798, 2.1700000762939453, 2.369999885559082, 3.0399999618530273, 2.880000114440918, 2.2899999618530273, 1.9600000381469727, 2.940000057220459, 2.940000057220459, 2.75, 2.549999952316284, 2.6700000762939453, 2.2799999713897705, 2.1700000762939453, 2.299999952316284, 2.309999942779541, 2.0, 2.069999933242798, 2.190000057220459, 2.069999933242798, 2.1700000762939453, 2.2300000190734863, 2.369999885559082, 2.299999952316284, 2.3299999237060547, 2.180000066757202, 2.2300000190734863, 2.5299999713897705, 2.4200000762939453, 2.5899999141693115, 2.619999885559082, 3.0799999237060547]
assets:[0, 99.99989651584626, 199.99979303169252, 289.8615619485378, 402.52538285479545, 562.4360495147466, 639.6653391122818, 766.6554048802376, 761.1240168937683, 857.5505537080764, 929.2352533856631, 979.373914886713, 1119.7605274268628, 1186.5003310925483, 1232.0180871415616, 1233.1930645127536, 1340.3628407776832, 1680.543400574684, 1846.4469723258971, 1902.8987746317864, 2232.7173597543238, 2188.360663939476, 2490.052703762054, 3293.9916546658515, 3220.623775976085, 2660.843013675499, 2377.4028222707752, 3666.1042193524363, 3766.10420529871, 3622.71635, 3459.24604031384, 3722.034307355308, 3278.3661308619257, 3220.199389217377, 3513.114457165933, 3628.3887511220455, 3241.4622, 3454.913309579539, 3755.198354116058, 3649.4338943062785, 3925.7352030229567, 4134.280660361052, 4493.831675004959, 4461.102677512193, 4619.291020745087, 4421.912135410309, 4623.3319295439715, 5345.304750553203, 5212.9003843441005, 5679.095401798963, 5844.876262697315, 6971.0759393211365]
shares:[0, 46.0829, 92.1658, 140.7095, 187.2211, 227.7069, 269.901, 310.3868, 357.3352, 404.505, 453.2855, 504.8319, 554.3369, 605.3573, 658.8332, 716.9727, 774.7762, 823.7958, 870.9656, 919.2748, 962.3782, 1008.4611, 1050.6552, 1083.5499, 1118.2721, 1161.9402, 1212.9606, 1246.9742, 1280.9878, 1317.3514, 1356.5671, 1394.0203, 1437.8799, 1483.9628, 1527.4411, 1570.7311, 1620.7311, 1669.0403, 1714.7024, 1763.0116, 1809.0945, 1853.9375, 1896.1316, 1939.6099, 1982.5284, 2028.4, 2073.243, 2112.7687, 2154.091, 2192.701, 2230.8689, 2263.3364]
growth_rate:36.69
