ticker:OPHC
price:[2.369999885559082, 2.390000104904175, 2.5899999141693115, 2.7100000381469727, 2.75, 2.9100000858306885, 2.9100000858306885, 3.009999990463257, 2.6600000858306885, 2.809999942779541, 2.990000009536743, 3.140000104904175, 3.0999999046325684, 3.0899999141693115, 2.799999952316284, 3.0999999046325684, 3.2799999713897705, 3.369999885559082, 3.549999952316284, 3.7300000190734863, 3.700000047683716, 3.6600000858306885, 3.7100000381469727, 3.9000000953674316, 4.320000171661377, 3.75, 3.4800000190734863, 3.7899999618530273, 3.9700000286102295, 3.7300000190734863, 3.930000066757202, 3.8499999046325684, 3.809999942779541, 3.5999999046325684, 3.7100000381469727, 3.619999885559082, 3.490000009536743, 3.7899999618530273, 3.7200000286102295, 3.950000047683716, 5.110000133514404, 4.78000020980835, 4.949999809265137, 4.929999828338623, 5.050000190734863, 5.130000114440918, 6.25, 6.909999847412109, 5.239999771118164, 5.269999980926514, 4.849999904632568, 4.849999904632568]
assets:[0, 99.99999438929558, 208.36808309483527, 318.02229847660067, 422.71625, 547.3107791429758, 647.3108950924874, 769.5552595617771, 780.0721571707248, 924.0611751832008, 1083.2536814550876, 1237.597443346858, 1321.8318993355751, 1417.568051624322, 1384.5277364216327, 1632.8700797668935, 1827.681912057805, 1977.8317018353462, 2183.472555671525, 2394.184064242744, 2474.927811895609, 2548.1718477571967, 2682.9829875869755, 2920.386371412754, 3334.889364516592, 2994.86925, 2879.2385677807806, 3235.722321431923, 3489.397780146718, 3378.4519932758335, 3659.602307164073, 3685.1063337171076, 3746.8194757284164, 3640.30190356493, 3851.5335716022496, 3858.0999480319024, 3819.549542437267, 4247.877437244415, 4269.42059683578, 4633.390345933485, 6094.082426226568, 5800.531210602474, 6106.825654689979, 6182.151750739003, 6432.630652955818, 6634.533730004311, 8183.008750000001, 9147.134410011293, 7036.4666206489555, 7176.751849025488, 6704.790703161097, 6804.790911194754]
shares:[0, 41.841, 80.451, 117.3514, 153.715, 188.0793, 222.4436, 255.6662, 293.2602, 328.8474, 362.2922, 394.1393, 426.3974, 458.7599, 494.4742, 526.7323, 557.2201, 586.8937, 615.0627, 641.8724, 668.8994, 696.2218, 723.176, 748.817, 771.9651, 798.6318, 827.3674, 853.7526, 878.9415, 905.7512, 931.1965, 957.1705, 983.4172, 1011.195, 1038.1492, 1065.7735, 1094.4268, 1120.812, 1147.6937, 1173.0102, 1192.5797, 1213.5002, 1233.7022, 1253.9862, 1273.7882, 1293.2814, 1309.2814, 1323.7532, 1342.8372, 1361.8125, 1382.4311, 1403.0497]
growth_rate:33.43
