ticker:OPI
price:[23.729999542236328, 22.440000534057617, 22.649999618530273, 20.420000076293945, 21.540000915527344, 21.309999465942383, 21.0, 19.899999618530273, 18.40999984741211, 18.09000015258789, 22.200000762939453, 23.479999542236328, 23.860000610351562, 23.8700008392334, 23.579999923706055, 23.170000076293945, 22.8799991607666, 22.719999313354492, 23.729999542236328, 26.06999969482422, 24.579999923706055, 23.139999389648438, 24.329999923706055, 25.190000534057617, 24.739999771118164, 25.290000915527344, 26.8799991607666, 29.5, 28.09000015258789, 28.700000762939453, 27.780000686645508, 27.729999542236328, 28.510000228881836, 27.56999969482422, 27.75, 27.489999771118164, 27.420000076293945, 28.3799991607666, 29.229999542236328, 29.700000762939453, 30.920000076293945, 28.940000534057617, 29.510000228881836, 29.09000015258789, 28.989999771118164, 29.239999771118164, 28.65999984741211, 28.979999542236328, 27.770000457763672, 26.719999313354492, 26.3700008392334, 26.780000686645508]
assets:[0, 99.99937437992095, 200.93494161586761, 281.15277105045317, 396.57295685577395, 492.33770366134644, 585.1755, 654.5229274532318, 705.5153781524658, 793.2519336910248, 1073.4765968917845, 1235.3696519153596, 1355.3625626708983, 1455.9316051883698, 1538.243653022957, 1611.4966753063202, 1691.3261459625244, 1779.4985062198637, 1958.605345217514, 2251.741476641083, 2223.0446890998837, 2192.808820161438, 2405.577649456596, 2590.6076679239272, 2644.3274535360333, 2803.1133534759524, 3079.345823858261, 3479.4896000000003, 3413.1822105407714, 3587.3020653621675, 3572.308072297669, 3665.878209484101, 3868.992346060753, 3841.4273094787595, 3966.5072999999998, 4029.343967451668, 4119.084509461021, 4363.2971609716415, 4593.97964605484, 4767.848042477417, 5063.700388494492, 4839.439497306824, 5034.757208049965, 5063.099981557846, 5145.695969373703, 5290.071518590928, 5285.138983861541, 5444.15083600502, 5316.841510643387, 5215.807993965149, 5247.487769002914, 5429.074725202751]
shares:[0, 4.4563, 8.8713, 13.7685, 18.411, 23.1036, 27.8655, 32.8906, 38.3224, 43.8503, 48.3548, 52.6137, 56.8048, 60.9942, 65.2351, 69.551, 73.9216, 78.323, 82.5371, 86.3729, 90.4412, 94.7627, 98.8729, 102.8427, 106.8847, 110.8388, 114.559, 117.9488, 121.5088, 124.9931, 128.5928, 132.199, 135.7065, 139.3336, 142.9372, 146.5749, 150.2219, 153.7455, 157.1666, 160.5336, 163.7678, 167.2232, 170.6119, 174.0495, 177.499, 180.919, 184.4082, 187.8589, 191.4599, 195.2024, 198.9946, 202.7287]
growth_rate:6.45
