ticker:OPINL
price:[25.989999771118164, 26.399999618530273, 26.235000610351562, 25.34000015258789, 25.6200008392334, 25.600000381469727, 25.700000762939453, 25.81999969482422, 25.799999237060547, 25.875, 26.079999923706055, 26.219999313354492, 26.280000686645508, 26.399999618530273, 26.389999389648438, 26.59000015258789, 26.540000915527344, 26.479999542236328, 26.31999969482422, 26.399999618530273, 26.472999572753906, 26.489999771118164, 26.93000030517578, 26.299999237060547, 25.940000534057617, 25.520000457763672, 25.899999618530273, 25.989999771118164, 26.15999984741211, 26.25, 26.700000762939453, 27.049999237060547, 27.25, 27.139999389648438, 26.829999923706055, 26.979999542236328, 26.5, 26.719999313354492, 27.010000228881836, 27.43000030517578, 27.5, 26.959999084472656, 26.924999237060547, 26.920000076293945, 26.950000762939453, 26.889999389648438, 26.950000762939453, 27.200000762939453, 27.389999389648438, 27.020000457763672, 27.290000915527344, 27.389999389648438]
assets:[0, 100.00055855503082, 199.37551063842773, 292.5731077617645, 395.8059549654007, 495.495687383461, 597.4324977355957, 700.2228997238159, 799.6812963523864, 902.0050875000001, 1009.1525570478439, 1114.5702188117982, 1217.1214398010254, 1322.6795808877946, 1422.178179107666, 1532.956052796936, 1630.0735862312317, 1726.3874021556853, 1815.9562749443055, 1921.4764522354124, 2026.7887310897825, 2128.09002561264, 2263.436902649689, 2310.4864929748537, 2378.861470976448, 2440.3449397735594, 2576.682182049179, 2685.6350423488616, 2803.200943649292, 2912.844375, 3062.7784475173953, 3202.9281946620945, 3326.6091499999998, 3413.180603240967, 3474.1952261207584, 3593.6172270278935, 3629.6838, 3759.8165273809436, 3900.6221730537413, 4061.274873184204, 4171.64, 4189.72404972229, 4284.284338601685, 4383.48860042324, 4488.374402063369, 4578.382722079467, 4688.599432731628, 4832.093735536575, 4965.847974342346, 4998.767634687423, 5148.717144729614, 5267.584424618531]
shares:[0, 3.7879, 7.5996, 11.5459, 15.4491, 19.3553, 23.2464, 27.1194, 30.9954, 34.8601, 38.6945, 42.5084, 46.3136, 50.1015, 53.8908, 57.6516, 61.4195, 65.1959, 68.9953, 72.7832, 76.5606, 80.3356, 84.0489, 87.8512, 91.7063, 95.6248, 99.4858, 103.3334, 107.156, 110.9655, 114.7108, 118.4077, 122.0774, 125.762, 129.4892, 133.1956, 136.9692, 140.7117, 144.414, 148.0596, 151.696, 155.4052, 159.1192, 162.8339, 166.5445, 170.2634, 173.974, 177.6505, 181.3015, 185.0025, 188.6668, 192.3178]
growth_rate:3.29
