ticker:OPK
price:[3.0399999618530273, 2.990000009536743, 3.1700000762939453, 3.2200000286102295, 3.9000000953674316, 4.619999885559082, 4.300000190734863, 4.300000190734863, 3.5199999809265137, 3.640000104904175, 3.990000009536743, 3.940000057220459, 4.130000114440918, 4.760000228881836, 4.449999809265137, 4.590000152587891, 4.230000019073486, 3.950000047683716, 4.400000095367432, 4.550000190734863, 4.409999847412109, 5.409999847412109, 5.300000190734863, 5.610000133514404, 4.809999942779541, 4.5, 4.21999979019165, 4.440000057220459, 4.849999904632568, 4.460000038146973, 4.380000114440918, 4.179999828338623, 4.340000152587891, 4.269999980926514, 4.099999904632568, 3.799999952316284, 3.700000047683716, 3.6500000953674316, 3.819999933242798, 3.609999895095825, 3.7200000286102295, 3.700000047683716, 3.859999895095825, 4.010000228881836, 4.010000228881836, 3.5, 3.640000104904175, 3.440000057220459, 3.809999942779541, 3.680000066757202, 3.6700000762939453, 3.859999895095825]
assets:[0, 99.99995231895447, 206.01988995838164, 309.26941074790955, 474.5808716050148, 662.1956715969086, 716.3292917741776, 816.3292362098694, 768.2509078371525, 894.4412097776412, 1080.4453195824385, 1166.9058769469261, 1323.1781096648215, 1625.0188581380844, 1619.1876105987549, 1770.1285098453523, 1731.2950158065796, 1716.6941157236338, 2012.2670036147117, 2180.8669614213945, 2213.763034402847, 2815.750194582367, 2858.4983928708075, 3125.693480389499, 2779.9615929291726, 2700.7956, 2632.746039106131, 2869.9982769870758, 3235.020746388531, 3074.8850322999, 3119.729979512501, 3077.2761636245255, 3295.066995849609, 3341.920609072113, 3308.8696630345344, 3166.757320262432, 3183.4215810263154, 3240.402559665442, 3491.325228986621, 3399.3935842159035, 3602.976267710209, 3683.605347472429, 3942.8960948429344, 4196.11797350502, 4296.118156212807, 3849.7287499999998, 4103.717918268442, 3978.2389781734464, 4506.130747324704, 4452.378352768564, 4540.279672385787, 4875.33465350182]
shares:[0, 33.4448, 64.9905, 96.0464, 121.6874, 143.3324, 166.5882, 189.844, 218.2531, 245.7256, 270.7883, 296.169, 320.3821, 341.3905, 363.8624, 385.6489, 409.2896, 434.6061, 457.3334, 479.3114, 501.9871, 520.4714, 539.3393, 557.1646, 577.9546, 600.1768, 623.8735, 646.396, 667.0146, 689.4361, 712.2671, 736.1905, 759.232, 782.6512, 807.0414, 833.3572, 860.3842, 887.7815, 913.9595, 941.6603, 968.542, 995.569, 1021.4757, 1046.4134, 1071.3511, 1099.9225, 1127.395, 1156.4648, 1182.7115, 1209.8854, 1237.1334, 1263.0401]
growth_rate:-4.41
