ticker:OPNT
price:[8.239999771118164, 8.550000190734863, 8.819999694824219, 7.860000133514404, 7.690000057220459, 7.78000020980835, 7.559999942779541, 7.420000076293945, 6.889999866485596, 7.099999904632568, 7.789999961853027, 8.670000076293945, 8.470000267028809, 8.449999809265137, 8.220000267028809, 8.140000343322754, 8.25, 8.029999732971191, 8.449999809265137, 8.630000114440918, 9.329999923706055, 10.729999542236328, 12.960000038146973, 14.09000015258789, 13.800000190734863, 12.65999984741211, 12.40999984741211, 11.880000114440918, 11.170000076293945, 10.899999618530273, 10.890000343322754, 11.0600004196167, 10.84000015258789, 11.630000114440918, 12.109999656677246, 12.5, 12.149999618530273, 13.75, 12.649999618530273, 12.550000190734863, 13.5, 13.899999618530273, 13.020000457763672, 13.6899995803833, 17.209999084472656, 16.030000686645508, 17.40999984741211, 16.1200008392334, 16.149999618530273, 15.479999542236328, 16.799999237060547, 16.540000915527344]
assets:[0, 99.99994723081589, 203.15810897064208, 281.04530877399446, 374.9667097900867, 479.35537692708965, 565.8002237175465, 655.3225347381591, 708.5138442704201, 830.1085588499546, 1010.7813180502892, 1224.964369779396, 1296.707067880535, 1393.6449485424043, 1455.7110832891462, 1541.5434970180513, 1662.375, 1718.0449418683054, 1907.905176934433, 2048.5471401654245, 2314.709537071991, 2762.0402991657256, 3436.0705541138645, 3835.665790538406, 3856.720553305149, 3638.1218801506043, 3666.2788089210508, 3609.701206772518, 3493.9704388647083, 3509.5142971767423, 3606.2943986935616, 3762.591128752804, 3787.747541317749, 4163.792411972332, 4435.642197247982, 4678.49125, 4647.493924084091, 5359.509375000001, 5030.74798829422, 5090.9791123726845, 5576.35185, 5841.576309684562, 5571.750351894379, 5958.468273365021, 7590.521726203919, 7170.079846130561, 7887.341021872329, 7402.926617408371, 7516.704012452316, 7304.864723985672, 8027.760355434799, 8003.521195013428]
shares:[0, 11.6959, 23.0338, 35.7564, 48.7603, 61.6138, 74.8413, 88.3184, 102.8322, 116.9167, 129.7537, 141.2877, 153.0941, 164.9284, 177.0938, 189.3788, 201.5, 213.9533, 225.7876, 237.3751, 248.0932, 257.4129, 265.1289, 272.2261, 279.4725, 287.3714, 295.4294, 303.8469, 312.7995, 321.9738, 331.1565, 340.1981, 349.4232, 358.0217, 366.2793, 374.2793, 382.5098, 389.7825, 397.6876, 405.6557, 413.0631, 420.2573, 427.9378, 435.2424, 441.053, 447.2913, 453.0351, 459.2386, 465.4306, 471.8905, 477.8429, 483.8888]
growth_rate:56.93
