ticker:OPOF
price:[15.989999771118164, 15.949999809265137, 15.130000114440918, 15.260000228881836, 15.550000190734863, 15.760000228881836, 15.75, 15.520000457763672, 15.470000267028809, 15.699999809265137, 16.0, 16.5, 18.200000762939453, 17.25, 18.790000915527344, 18.100000381469727, 18.469999313354492, 18.959999084472656, 19.399999618530273, 20.200000762939453, 20.25, 19.299999237060547, 19.149999618530273, 18.25, 18.850000381469727, 20.31999969482422, 21.84000015258789, 22.649999618530273, 24.3799991607666, 24.0, 23.6299991607666, 22.530000686645508, 21.399999618530273, 21.290000915527344, 22.020000457763672, 22.25, 22.149999618530273, 23.510000228881836, 23.25, 23.299999237060547, 23.5, 24.799999237060547, 26.030000686645508, 24.540000915527344, 23.809999465942383, 23.899999618530273, 22.579999923706055, 22.25, 22.790000915527344, 22.239999771118164, 22.100000381469727, 21.920000076293945]
assets:[0, 100.0001188041687, 194.85927147388458, 296.5338504476547, 402.1696549329758, 507.60123937187194, 607.27905, 698.4108845996857, 796.1604697425842, 907.9969289690018, 1025.3472, 1157.3892, 1376.6353177082062, 1404.7779, 1630.1904154296874, 1670.3277652032853, 1804.4727579164505, 1952.3452337265014, 2097.652118753052, 2284.153466270828, 2389.8078, 2377.6923560085297, 2459.212311012268, 2443.6366749999997, 2623.9747181016924, 2928.603700016785, 3247.6735426902774, 3468.1226415901183, 3833.0161540559766, 3873.2736000000004, 3913.5602900075914, 3831.379820768738, 3739.215513345909, 3819.9946072700504, 4050.975444213867, 4193.2884, 4274.442691385078, 4636.891451142502, 4685.612025, 4795.687392969131, 4936.8518, 5309.955116646194, 5673.3115336563105, 5448.562415272522, 5386.481416181374, 5506.841932104873, 5302.6984720830915, 5325.201525, 5554.442835134888, 5520.394951187134, 5585.644706414223, 5640.149731630898]
shares:[0, 6.2696, 12.879, 19.4321, 25.863, 32.2082, 38.5574, 45.0007, 51.4648, 57.8342, 64.0842, 70.1448, 75.6393, 81.4364, 86.7584, 92.2833, 97.6975, 102.9718, 108.1264, 113.0769, 118.0152, 123.1965, 128.4184, 133.8979, 139.2029, 144.1242, 148.703, 153.118, 157.2197, 161.3864, 165.6183, 170.0568, 174.7297, 179.4267, 183.968, 188.4624, 192.9771, 197.2306, 201.5317, 205.8235, 210.0788, 214.1111, 217.9528, 222.0278, 226.2277, 230.4118, 234.8405, 239.3349, 243.7228, 248.2192, 252.7441, 257.3061]
growth_rate:10.59
