ticker:OPRA
price:[7.940000057220459, 8.3100004196167, 8.739999771118164, 9.619999885559082, 9.369999885559082, 9.279999732971191, 9.510000228881836, 9.899999618530273, 9.100000381469727, 9.239999771118164, 8.899999618530273, 8.699999809265137, 8.9399995803833, 8.930000305175781, 8.699999809265137, 8.579999923706055, 8.489999771118164, 9.130000114440918, 9.09000015258789, 9.359999656677246, 9.75, 8.609999656677246, 9.270000457763672, 12.84000015258789, 13.569999694824219, 12.0600004196167, 11.800000190734863, 12.119999885559082, 12.729999542236328, 10.390000343322754, 10.6899995803833, 10.5600004196167, 10.40999984741211, 10.140000343322754, 10.850000381469727, 10.579999923706055, 10.210000038146973, 10.399999618530273, 11.859999656677246, 11.979999542236328, 10.699999809265137, 10.020000457763672, 10.550000190734863, 10.260000228881836, 10.489999771118164, 9.989999771118164, 10.3100004196167, 9.65999984741211, 9.90999984741211, 9.0, 9.210000038146973, 10.0600004196167]
assets:[0, 100.00005204954147, 205.17411662693024, 325.83228212385177, 417.36509390249256, 513.3565932283402, 626.079453068161, 751.7544910331726, 791.0066131587982, 903.1757896276474, 969.9424284265518, 1048.1463970209122, 1177.0609067523, 1275.7443085975647, 1342.8867305591584, 1424.3640713344575, 1509.4234753074645, 1723.2080905997275, 1815.6584464782716, 1969.5891597558975, 2151.65535, 2000.0770902471543, 2253.393426275253, 3221.2055062801364, 3504.3425041908263, 3214.3977398420334, 3245.0991724536893, 3433.101471583557, 3705.889997738266, 3124.681430250645, 3314.902591879463, 3374.590694094181, 3426.655485772705, 3437.779526397228, 3778.4920178461075, 3784.4649147096634, 3752.115796018791, 3921.939696144104, 4572.519685634898, 4718.784049692154, 4314.606933089161, 4140.407475154495, 4459.411230622291, 4436.830394977569, 4636.291423840523, 4515.3050715494155, 4759.939551729393, 4559.846435973358, 4777.854712433624, 4439.1213, 4642.701154229641, 5171.181249697209]
shares:[0, 12.0337, 23.4753, 33.8703, 44.5427, 55.3186, 65.8338, 75.9348, 86.9238, 97.7463, 108.9823, 120.4766, 131.6623, 142.8605, 154.3548, 166.0098, 177.7884, 188.7413, 199.7424, 210.4262, 220.6826, 232.297, 243.0845, 250.8727, 258.2419, 266.5338, 275.0084, 283.2592, 291.1147, 300.7393, 310.0938, 319.5635, 329.1696, 339.0315, 348.2481, 357.6999, 367.4942, 377.1096, 385.5413, 393.8885, 403.2343, 413.2143, 422.693, 432.4396, 441.9725, 451.9825, 461.6818, 472.0338, 482.1246, 493.2357, 504.0935, 514.0339]
growth_rate:1.4
