ticker:OPRT
price:[12.640000343322754, 14.010000228881836, 14.0, 11.220000267028809, 13.359999656677246, 14.6899995803833, 14.5, 14.699999809265137, 13.300000190734863, 14.770000457763672, 16.65999984741211, 16.510000228881836, 17.649999618530273, 17.90999984741211, 18.170000076293945, 19.0, 19.200000762939453, 19.3700008392334, 18.229999542236328, 17.360000610351562, 17.239999771118164, 16.010000228881836, 16.860000610351562, 16.889999389648438, 16.389999389648438, 16.31999969482422, 19.040000915527344, 22.309999465942383, 21.100000381469727, 20.579999923706055, 20.969999313354492, 21.15999984741211, 20.170000076293945, 20.43000030517578, 21.709999084472656, 21.799999237060547, 20.010000228881836, 20.229999542236328, 19.079999923706055, 20.56999969482422, 20.8700008392334, 21.15999984741211, 20.079999923706055, 20.3799991607666, 20.360000610351562, 20.110000610351562, 20.670000076293945, 21.079999923706055, 24.8700008392334, 24.610000610351562, 23.84000015258789, 25.399999618530273]
assets:[0, 100.00057963371277, 199.9298, 260.22995419330596, 409.8634134674072, 550.6663862703323, 643.5448, 752.420960237217, 780.7618811968803, 967.0569179718018, 1190.8034770935058, 1280.0814047460556, 1468.4693782619477, 1590.1017254528044, 1713.185712193489, 1891.4443, 2011.3536799240112, 2129.1621142490385, 2103.8531501712796, 2103.4505139541625, 2188.91105093956, 2132.7417614900587, 2345.972982926941, 2450.1477614593505, 2477.6155647354126, 2567.0347679977417, 3094.874084815216, 3726.3990527973174, 3624.2943155241014, 3634.9754145244597, 3803.859316445732, 3938.3245636001584, 3854.0654615781787, 4003.746836806488, 4354.593787363434, 4472.646983469773, 4205.397696102906, 4351.634741531372, 4204.2608111886975, 4632.579916271209, 4800.144020025445, 4966.84444418335, 4813.338629711723, 4985.2514567110065, 5080.359692298889, 5117.979067333985, 5360.497876785851, 5566.825351852226, 6667.691990999985, 6697.985738116456, 6588.417674169159, 7119.538613075257]
shares:[0, 7.1378, 14.2807, 23.1934, 30.6784, 37.4858, 44.3824, 51.1851, 58.7039, 65.4744, 71.4768, 77.5337, 83.1994, 88.7829, 94.2865, 99.5497, 104.758, 109.9206, 115.4061, 121.1665, 126.967, 133.2131, 139.1443, 145.065, 151.1663, 157.2938, 162.5459, 167.0282, 171.7675, 176.6266, 181.3953, 186.1212, 191.0791, 195.9739, 200.5801, 205.1673, 210.1648, 215.108, 220.3491, 225.2105, 230.0021, 234.728, 239.7081, 244.6149, 249.5265, 254.4992, 259.3371, 264.0809, 268.1018, 272.1652, 276.3598, 280.2968]
growth_rate:39.6
