ticker:OPRX
price:[18.770000457763672, 18.1200008392334, 19.989999771118164, 19.889999389648438, 21.639999389648438, 19.040000915527344, 21.399999618530273, 21.8799991607666, 19.799999237060547, 21.469999313354492, 24.360000610351562, 22.43000030517578, 25.149999618530273, 28.40999984741211, 29.399999618530273, 29.1200008392334, 31.579999923706055, 31.15999984741211, 37.959999084472656, 39.540000915527344, 44.65999984741211, 45.13999938964844, 51.959999084472656, 57.34000015258789, 62.20000076293945, 53.18000030517578, 43.29999923706055, 45.290000915527344, 50.41999816894531, 47.5, 53.06999969482422, 49.349998474121094, 51.61000061035156, 50.34000015258789, 50.459999084472656, 52.380001068115234, 44.439998626708984, 48.869998931884766, 49.119998931884766, 51.220001220703125, 50.310001373291016, 52.060001373291016, 63.33000183105469, 58.52000045776367, 55.459999084472656, 51.0099983215332, 53.86000061035156, 55.27000045776367, 64.54000091552734, 62.119998931884766, 58.41999816894531, 66.97000122070312]
assets:[0, 100.00066063156127, 210.32078459186553, 309.26960050964357, 436.48095168914796, 484.0387112747192, 644.0351285196303, 758.4811109075547, 786.3767696990967, 952.7033085309982, 1180.9435975891113, 1187.379169155121, 1431.3669582893372, 1716.9043617786408, 1876.7342756490707, 1958.8616884540559, 2224.3436106262207, 2294.7594927627565, 2895.543178164673, 3116.0644381507873, 3619.559007633209, 3758.460171180725, 4426.311246009063, 4984.617819264602, 5507.100987549591, 4808.482447593688, 4015.143979253769, 4299.674171916961, 4886.696138534546, 4703.69225, 5355.261827204895, 5079.876637932586, 5412.511077009583, 5379.322348305512, 5492.147036352539, 5801.12178429451, 5021.75984081688, 5622.35165411644, 5751.111922941971, 6096.988211306763, 6088.667296199798, 6400.459602837754, 7886.03548500824, 7387.079141784287, 7100.809890780639, 6631.054933807373, 7101.543414476013, 7387.454585185242, 8726.492247789001, 8499.283101860046, 8093.04502834015, 9377.49451192932]
shares:[0, 5.5188, 10.5213, 15.549, 20.1701, 25.4222, 30.0951, 34.6655, 39.716, 44.3737, 48.4788, 52.9371, 56.9132, 60.4331, 63.8345, 67.2686, 70.4352, 73.6444, 76.2788, 78.8079, 81.047, 83.2623, 85.1869, 86.9309, 88.5386, 90.419, 92.7285, 94.9365, 96.9198, 99.0251, 100.9094, 102.9357, 104.8733, 106.8598, 108.8416, 110.7507, 113.0009, 115.0471, 117.0829, 119.0353, 121.023, 122.9439, 124.5229, 126.2317, 128.0348, 129.9952, 131.8519, 133.6612, 135.2106, 136.8204, 138.5321, 140.0253]
growth_rate:83.87
