ticker:OPT
price:[12.300000190734863, 13.5, 12.699999809265137, 12.800000190734863, 12.630000114440918, 12.800000190734863, 13.199999809265137, 13.0600004196167, 11.979999542236328, 11.800000190734863, 11.449999809265137, 11.21500015258789, 12.152999877929688, 12.329999923706055, 11.75, 11.819999694824219, 10.899999618530273, 11.024999618530273, 11.194999694824219, 9.449999809265137, 9.111000061035156, 9.819999694824219, 9.800000190734863, 9.0, 9.604999542236328, 9.65999984741211, 9.100000381469727, 9.199999809265137, 9.229999542236328, 8.25, 8.119999885559082, 9.449999809265137, 9.149999618530273, 9.270000457763672, 8.899999618530273, 8.300000190734863, 7.599999904632568, 7.579999923706055, 7.78000020980835, 7.199999809265137, 7.730000019073486, 6.579999923706055, 7.25, 7.179999828338623, 7.449999809265137, 8.25, 7.949999809265137]
assets:[0, 99.9999, 194.07377708530424, 295.6019244048119, 391.67651154899596, 496.9484874051094, 612.4786711499214, 705.9831366831779, 747.60108943367, 836.3686735190391, 911.5608198151589, 992.8516270084381, 1175.8914550888062, 1293.017499999237, 1332.19385, 1440.129850817871, 1428.0383800226211, 1544.4150215625764, 1668.229596524048, 1508.1972895591737, 1554.0933467109678, 1775.0297568374633, 1871.414896422863, 1818.6462, 2040.8991177330017, 2152.5860659980776, 2127.7984891967776, 2251.1810733283996, 2358.521477028656, 2208.10425, 2273.310083960628, 2745.662479582691, 2758.4988799963, 2894.676298942566, 2879.1391965950015, 2785.0401640005116, 2650.157206744909, 2743.1830223894117, 2915.5628586258886, 2798.2072058728218, 3104.186352659464, 2742.3735462026593, 3121.6122, 3191.4725876974107, 3411.4860326591493, 3877.8201, 3836.808237948036]
shares:[0, 7.4074, 15.2814, 23.0939, 31.0116, 38.8241, 46.3999, 54.0569, 62.4041, 70.8787, 79.6123, 88.5289, 96.7573, 104.8676, 113.3782, 121.8384, 131.0127, 140.083, 149.0156, 159.5976, 170.5733, 180.7566, 190.9607, 202.0718, 212.483, 222.835, 233.824, 244.6936, 255.5278, 267.649, 279.9643, 290.5463, 301.4753, 312.2628, 323.4988, 335.547, 348.7049, 361.8975, 374.751, 388.6399, 401.5765, 416.7741, 430.5672, 444.4948, 457.9176, 470.0388, 482.6174]
growth_rate:-16.59
