ticker:OPTN
price:[4.309999942779541, 4.360000133514404, 4.320000171661377, 3.75, 3.9700000286102295, 4.0, 3.950000047683716, 3.7699999809265137, 3.200000047683716, 3.630000114440918, 3.9800000190734863, 4.980000019073486, 4.269999980926514, 4.730000019073486, 4.420000076293945, 4.199999809265137, 4.730000019073486, 4.139999866485596, 4.28000020980835, 4.190000057220459, 4.110000133514404, 3.9800000190734863, 4.46999979019165, 4.590000152587891, 4.309999942779541, 3.880000114440918, 3.509999990463257, 3.8399999141693115, 3.700000047683716, 3.5299999713897705, 3.680000066757202, 3.5199999809265137, 3.509999990463257, 3.759999990463257, 3.569999933242798, 3.0999999046325684, 3.200000047683716, 3.190000057220459, 3.190000057220459, 3.2699999809265137, 3.6700000762939453, 3.619999885559082, 3.2699999809265137, 2.990000009536743, 2.9800000190734863, 2.8499999046325684, 2.799999952316284, 2.8399999141693115, 2.680000066757202, 2.630000114440918, 2.509999990463257, 2.890000104904175]
assets:[0, 100.00009106225967, 199.08245591082573, 272.81475, 388.81981780207155, 491.758, 585.611207069397, 658.9251206663132, 659.2998498243333, 847.8932487310409, 1029.6459049344062, 1388.3507993174076, 1290.4132092359066, 1529.4270591673373, 1529.1896363954545, 1553.0759294700622, 1849.0591754562379, 1718.4154125813484, 1876.5262879885197, 1937.0663564534188, 2000.0818339731693, 2036.818739761114, 2387.5828909340385, 2551.6793108268735, 2496.0213898622987, 2346.9984892249104, 2223.1866089595555, 2532.2042314008236, 2539.8842727327346, 2523.1867935498717, 2730.40438553102, 2711.6911213064195, 2803.987360381508, 3103.7013921278713, 3046.8653520251514, 2745.737495530987, 2934.3098037246227, 3025.140216263294, 3125.1403380570414, 3303.513556731033, 3807.6133351547237, 3855.7382601065638, 3582.945846101141, 3376.149241768384, 3464.857644176817, 3413.7059457696914, 3453.8164611818556, 3603.1567391051294, 3500.162095186949, 3534.860595814705, 3473.5739268021584, 4099.453877806163]
shares:[0, 22.9358, 46.0839, 72.7506, 97.9395, 122.9395, 148.256, 174.7812, 206.0312, 233.5794, 258.705, 278.7853, 302.2045, 323.3461, 345.9705, 369.78, 390.9216, 415.0762, 438.4407, 462.307, 486.6379, 511.7635, 534.1349, 555.9214, 579.1233, 604.8965, 633.3865, 659.4282, 686.4552, 714.7838, 741.9577, 770.3668, 798.8568, 825.4525, 853.4637, 885.7218, 916.9718, 948.3198, 979.6678, 1010.2488, 1037.4968, 1065.1211, 1095.7021, 1129.1469, 1162.7039, 1197.7916, 1233.5059, 1268.7172, 1306.0306, 1344.0534, 1383.894, 1418.4961]
growth_rate:-19.62
