ticker:ORBC
price:[3.859999895095825, 3.680000066757202, 3.809999942779541, 3.4200000762939453, 3.5899999141693115, 3.8499999046325684, 3.5899999141693115, 4.059999942779541, 4.300000190734863, 5.260000228881836, 5.659999847412109, 6.230000019073486, 6.099999904632568, 6.360000133514404, 6.760000228881836, 6.869999885559082, 6.909999847412109, 7.420000076293945, 7.630000114440918, 8.319999694824219, 9.0, 7.489999771118164, 8.460000038146973, 8.210000038146973, 8.329999923706055, 7.630000114440918, 6.869999885559082, 8.09000015258789, 7.590000152587891, 7.619999885559082, 7.78000020980835, 11.489999771118164, 11.5, 11.5, 11.460000038146973, 11.399999618530273, 11.170000076293945, 11.210000038146973, 11.1899995803833, 11.199999809265137, 11.300000190734863, 11.229999542236328, 11.1899995803833, 11.260000228881836, 11.170000076293945, 11.170000076293945, 11.350000381469727, 11.289999961853027, 11.149999618530273, 11.199999809265137, 11.430000305175781, 11.449999809265137]
assets:[0, 99.99995381405354, 203.53248294324874, 282.698574306488, 396.75099451437, 525.4849469833374, 589.9978178941726, 767.2397071867466, 912.5937704798698, 1216.335602927208, 1408.8322600193023, 1650.7113960537433, 1716.2660831678868, 1889.4186636642455, 2108.250059381676, 2242.55551364336, 2355.612728982925, 2629.471431036758, 2803.890754055023, 3157.4531961853027, 3515.5143000000003, 3025.6887695400237, 3517.533501860905, 3513.5877403255463, 3664.943402433014, 3456.965353850365, 3212.627664483833, 3883.1377802410125, 3743.141400251389, 3857.9366000596046, 4038.94354092083, 6064.968803185273, 6170.247950000001, 6270.248500000001, 6348.438921132088, 6415.200445332908, 6385.771758616447, 6508.639243148517, 6597.027325616359, 6702.923245849895, 6862.771485838031, 6920.258125912475, 6995.609515669823, 7139.371617121887, 7182.307815056992, 7282.308357740021, 7499.660302061081, 7560.014290456009, 7566.26709113884, 7700.196988866424, 7958.326307483672, 8072.2510105319025]
shares:[0, 27.1739, 53.4206, 82.6604, 110.5156, 136.4896, 164.3448, 188.9753, 212.2311, 231.2425, 248.9103, 264.9617, 281.3551, 297.0784, 311.8713, 326.4273, 340.8991, 354.3762, 367.4824, 379.5016, 390.6127, 403.9638, 415.7841, 427.9644, 439.9692, 453.0754, 467.6314, 479.9923, 493.1675, 506.2909, 519.1444, 527.8476, 536.5433, 545.239, 553.965, 562.7369, 571.6895, 580.6101, 589.5467, 598.4753, 607.3249, 616.2296, 625.1662, 634.0472, 642.9998, 651.9524, 660.763, 669.6204, 678.589, 687.5176, 696.2665, 705.0001]
growth_rate:58.28
