ticker:ORGN
price:[10.0, 9.960000038146973, 9.949999809265137, 9.880000114440918, 9.949999809265137, 9.770000457763672, 9.779999732971191, 9.710000038146973, 9.647000312805176, 9.720000267028809, 9.779999732971191, 9.890000343322754, 9.949999809265137, 9.949999809265137, 10.369999885559082, 10.430000305175781, 10.460000038146973, 10.630000114440918, 10.529999732971191, 10.899999618530273, 11.029999732971191, 10.619999885559082, 11.119999885559082, 10.65999984741211, 10.770000457763672, 10.3100004196167, 10.260000228881836, 10.319999694824219, 10.300000190734863, 10.010000228881836, 10.020000457763672, 10.029999732971191, 9.90999984741211, 9.850000381469727, 9.869999885559082, 9.960000038146973, 9.970000267028809, 9.989999771118164, 9.859999656677246, 9.770000457763672, 8.380000114440918, 8.229999542236328, 7.0, 6.829999923706055, 5.900000095367432, 5.690000057220459, 6.610000133514404, 5.769999980926514, 7.039999961853027, 6.670000076293945]
assets:[0, 100.00039238300324, 199.9004711680412, 298.494563457489, 400.6098773205757, 493.3625521160126, 593.8670117853164, 689.6168257092476, 785.1423438583374, 891.083940479946, 996.583928789711, 1107.7927844560622, 1214.5138917185784, 1314.5143748016358, 1470.001407777405, 1578.5064931861875, 1683.0464321379661, 1810.3995714904784, 1893.3687149863242, 2059.897187909317, 2184.4649751155853, 2203.265532257652, 2406.997367228508, 2407.4277155399323, 2532.270509630585, 2524.1138917313574, 2611.872868266106, 2727.1466073547363, 2821.8611822550774, 2842.4106359926227, 2945.249876553726, 3048.189134848022, 3111.7201320877075, 3192.8805786535263, 3299.363301744461, 3429.4491251348495, 3532.892525622273, 3639.979293604088, 3692.6122694241526, 3758.907045119858, 3324.118947395611, 3364.618040855408, 2961.7651, 2989.83656460228, 2682.728863363552, 2687.2419320237636, 3221.7345560753347, 2912.315747372961, 3653.327724204063, 3561.32047773571]
shares:[0, 10.0402, 20.0905, 30.212, 40.2623, 50.4977, 60.7226, 71.0213, 81.3872, 91.6753, 101.9002, 112.0114, 122.0617, 132.112, 141.7552, 151.3429, 160.9031, 170.3104, 179.8071, 188.9814, 198.0476, 207.4638, 216.4566, 225.8375, 235.1226, 244.8219, 254.5685, 264.2584, 273.9671, 283.9571, 293.9371, 303.9072, 313.998, 324.1503, 334.282, 344.3222, 354.3523, 364.3623, 374.5043, 384.7397, 396.6729, 408.8236, 423.1093, 437.7506, 454.6998, 472.2745, 487.4031, 504.7341, 518.9386, 533.9311]
growth_rate:-27.32
