ticker:ORGO
price:[4.21999979019165, 3.9800000190734863, 4.059999942779541, 3.759999990463257, 3.700000047683716, 3.880000114440918, 4.760000228881836, 4.210000038146973, 3.6500000953674316, 4.010000228881836, 4.21999979019165, 5.079999923706055, 4.989999771118164, 5.420000076293945, 4.789999961853027, 5.96999979019165, 6.460000038146973, 7.53000020980835, 7.650000095367432, 9.5, 10.569999694824219, 10.460000038146973, 12.989999771118164, 12.739999771118164, 13.3100004196167, 15.210000038146973, 15.09000015258789, 17.719999313354492, 18.670000076293945, 19.5, 19.829999923706055, 22.84000015258789, 21.459999084472656, 22.049999237060547, 22.360000610351562, 21.149999618530273, 18.760000228881836, 16.450000762939453, 17.829999923706055, 16.209999084472656, 15.119999885559082, 16.510000228881836, 17.020000457763672, 16.790000915527344, 16.469999313354492, 14.449999809265137, 15.010000228881836, 15.34000015258789, 14.720000267028809, 15.09000015258789, 15.029999732971191, 15.9399995803833]
assets:[0, 99.99988847923278, 202.00976315293315, 287.0827672718525, 382.5015649294853, 501.10977478027337, 714.7635383689881, 732.1754206342697, 734.7840741984844, 907.2561357841491, 1054.768269559431, 1369.720887428856, 1445.4542316997529, 1670.012591507721, 1575.8965754497528, 2064.1130994592663, 2333.5296637797355, 2820.0430595748426, 2964.9839769624714, 3782.00605, 4307.978837620544, 4363.146343912124, 5518.476652765274, 5512.270482968712, 5858.8944787099845, 6795.250037042618, 6841.638570181655, 8134.050268807602, 8670.131463430023, 9155.573699999999, 9410.514848793984, 10938.939425080109, 10378.004053253173, 10763.325662584304, 11014.648100662233, 10518.594875282479, 9429.969251050567, 8368.8161581398, 9170.880073758124, 8437.630344449615, 7970.264507674313, 8802.980230037689, 9174.906970764923, 9150.921557982636, 9076.512860593986, 8063.303638567257, 8475.791392244148, 8762.134455157471, 8507.993818339633, 8821.84949320526, 8886.772912114144, 9524.827199261188]
shares:[0, 25.1256, 49.7561, 76.3518, 103.3788, 129.152, 150.1604, 173.9134, 201.3107, 226.2484, 249.9451, 269.6301, 289.6702, 308.1204, 328.9972, 345.7476, 361.2275, 374.5077, 387.5796, 398.1059, 407.5666, 417.1268, 424.825, 432.6743, 440.1874, 446.762, 453.3889, 459.0322, 464.3884, 469.5166, 474.5595, 478.9378, 483.5976, 488.1327, 492.605, 497.3331, 502.6636, 508.7426, 514.3511, 520.5201, 527.1339, 533.1908, 539.0662, 545.0221, 551.0937, 558.0141, 564.6763, 571.1952, 577.9887, 584.6156, 591.269, 597.5425]
growth_rate:86.76
