ticker:ORGS
price:[4.96999979019165, 4.949999809265137, 5.360000133514404, 5.0, 5.03000020980835, 5.630000114440918, 4.940000057220459, 4.989999771118164, 4.53000020980835, 4.489999771118164, 4.860000133514404, 4.730000019073486, 4.949999809265137, 4.570000171661377, 4.880000114440918, 4.5, 4.849999904632568, 4.5, 4.929999828338623, 5.190000057220459, 6.360000133514404, 6.510000228881836, 6.900000095367432, 6.590000152587891, 6.960000038146973, 6.690000057220459, 7.170000076293945, 8.079999923706055, 7.059999942779541, 5.570000171661377, 5.78000020980835, 5.329999923706055, 5.139999866485596, 5.170000076293945, 4.690000057220459, 5.659999847412109, 5.059999942779541, 5.170000076293945, 4.829999923706055, 5.650000095367432, 5.46999979019165, 4.880000114440918, 5.380000114440918, 5.0, 4.889999866485596, 4.71999979019165, 5.119999885559082, 4.900000095367432, 5.28000020980835, 5.159999847412109, 5.03000020980835, 5.28000020980835]
assets:[0, 99.9998961467743, 208.2826371881962, 294.2935, 396.0591985201836, 543.3028930437089, 576.7168486801625, 682.5541246925354, 719.6335683300495, 813.2790465423584, 980.29750493083, 1054.0753012505054, 1203.1019086417198, 1210.7424844787122, 1392.871592664242, 1384.4101500000002, 1592.0866736941816, 1577.1937500000001, 1827.9034313528539, 2024.3039893182279, 2580.650190175152, 2741.5147323875426, 3005.7532015436173, 2970.7120997852326, 3237.504569744396, 3211.9118434719085, 3542.362915693283, 4091.951129362488, 3675.3929042113778, 2999.707996447754, 3212.8027126215934, 3062.670723160744, 3053.495048683739, 3171.317338799286, 2976.881860319519, 3692.5691844520566, 3401.130573538685, 3575.068494757462, 3439.957340662956, 4123.966709609223, 4092.583280024099, 3751.153119968319, 4235.492784095478, 4036.3315000000002, 4047.5321074879644, 4006.8200938931463, 4446.381468615627, 4355.326374766588, 4793.086510460139, 4784.152166526413, 4763.621458697319, 5100.381994670964]
shares:[0, 20.202, 38.8587, 58.8587, 78.7394, 96.5014, 116.7443, 136.7844, 158.8595, 181.1312, 201.7073, 222.8489, 243.0509, 264.9327, 285.4245, 307.6467, 328.2653, 350.4875, 370.7715, 390.0393, 405.7626, 421.1236, 435.6164, 450.7909, 465.1587, 480.1064, 494.0534, 506.4296, 520.5939, 538.5472, 555.8482, 574.6099, 594.0652, 613.4076, 634.7296, 652.3974, 672.1602, 691.5026, 712.2065, 729.9056, 748.1871, 768.6789, 787.2663, 807.2663, 827.7162, 848.9026, 868.4339, 888.8421, 907.7815, 927.1613, 947.042, 965.9814]
growth_rate:0.01
