ticker:ORIC
price:[24.309999465942383, 20.299999237060547, 20.59000015258789, 19.760000228881836, 23.469999313354492, 25.450000762939453, 24.59000015258789, 21.239999771118164, 21.5, 24.010000228881836, 24.010000228881836, 31.190000534057617, 31.780000686645508, 35.970001220703125, 33.22999954223633, 37.650001525878906, 39.79999923706055, 33.849998474121094, 31.260000228881836, 36.09000015258789, 33.0, 29.31999969482422, 33.77000045776367, 32.9900016784668, 34.11000061035156, 32.400001525878906, 32.58000183105469, 30.56999969482422, 26.450000762939453, 23.75, 23.219999313354492, 21.56999969482422, 21.329999923706055, 23.139999389648438, 24.1299991607666, 23.8799991607666, 25.34000015258789, 25.0, 22.850000381469727, 19.420000076293945, 19.520000457763672, 19.979999542236328, 18.700000762939453, 18.0, 18.56999969482422, 19.450000762939453, 17.25, 16.649999618530273, 16.260000228881836, 18.6299991607666, 19.360000610351562, 22.5]
assets:[0, 99.99982624168396, 201.4278534927368, 293.30756339740753, 448.37790788211817, 586.2051375732422, 666.3963811351776, 675.610408719635, 783.8814, 975.3942542982101, 1075.3935042514802, 1496.982789632416, 1625.299151116562, 1939.5851968231202, 1891.8370419387818, 2243.473230923462, 2471.5879126213076, 2202.0913407348635, 2133.6012996219633, 2563.266997837448, 2443.8017999999997, 2271.279640359497, 2715.9995648162844, 2753.2663640808105, 2946.7390757278445, 2899.0128165290835, 3015.119527455139, 2929.1042617591856, 2634.3407259864807, 2465.428125, 2510.4093277639386, 2432.02177959137, 2504.961063040161, 2817.524011683655, 3038.065827337074, 3106.5896868227005, 3396.5229404525758, 3450.9500000000003, 3254.169094326782, 2865.687065258217, 2980.4444538944244, 3150.6800938144684, 3048.8350343891143, 3034.7082, 3230.806689905548, 3483.9094216587064, 3189.8424, 3178.891187168121, 3204.4314151067733, 3771.4980161037447, 4019.2813267135616, 4771.16775]
shares:[0, 4.9261, 9.7828, 14.8435, 19.1043, 23.0336, 27.1003, 31.8084, 36.4596, 40.6245, 44.7894, 47.9956, 51.1422, 53.9223, 56.9316, 59.5876, 62.1002, 65.0544, 68.2534, 71.0243, 74.0546, 77.4652, 80.4264, 83.4576, 86.3893, 89.4757, 92.5451, 95.8163, 99.597, 103.8075, 108.1141, 112.7502, 117.4384, 121.7599, 125.9041, 130.0917, 134.038, 138.038, 142.4144, 147.5637, 152.6867, 157.6917, 163.0393, 168.5949, 173.9799, 179.1213, 184.9184, 190.9244, 197.0745, 202.4422, 207.6075, 212.0519]
growth_rate:-6.45
