ticker:ORLY
price:[471.010009765625, 474.6499938964844, 463.8999938964844, 444.67999267578125, 458.239990234375, 449.3800048828125, 467.010009765625, 466.42999267578125, 436.6000061035156, 448.510009765625, 461.6499938964844, 446.7799987792969, 443.1499938964844, 450.0, 447.94000244140625, 451.1499938964844, 461.760009765625, 452.57000732421875, 477.9200134277344, 466.69000244140625, 457.30999755859375, 425.4700012207031, 448.2900085449219, 433.04998779296875, 460.4100036621094, 447.3299865722656, 465.8500061035156, 482.6400146484375, 488.1000061035156, 506.739990234375, 507.82000732421875, 516.7100219726562, 530.52001953125, 532.6099853515625, 552.8800048828125, 562.3200073242188, 553.3300170898438, 544.2000122070312, 535.1199951171875, 526.5900268554688, 534.760009765625, 537.0900268554688, 557.1599731445312, 581.8800048828125, 591.6500244140625, 601.2999877929688, 620.9199829101562, 603.8400268554688, 603.4500122070312, 594.030029296875, 606.4099731445312, 591.9099731445312]
assets:[0, 100.00875371398925, 197.7605673980713, 289.5756112304687, 398.3938475097656, 490.67802733154303, 609.9150727539063, 709.1601608642578, 763.7880506774902, 884.6411432617188, 1010.5518366394043, 1077.9907810546874, 1169.2512588958741, 1287.315, 1381.4021735290526, 1491.3214198242188, 1626.4111063964845, 1694.0600514160155, 1888.9310610717773, 1944.5572331726073, 2005.4872632934569, 1965.8415936401368, 2171.292656387329, 2197.4688580566403, 2436.305575378418, 2467.0696089447024, 2669.2273649719236, 2865.4337669677734, 2997.8614274871825, 3212.32614609375, 3319.1623498718263, 3477.2517638671875, 3670.190547119141, 3784.673294909668, 4028.726019580078, 4197.493926672363, 4230.373979656983, 4260.596315570068, 4289.521880859375, 4321.145101373291, 4488.187285961913, 4607.749049395752, 4879.941340783691, 5196.479383605957, 5383.719397155763, 5571.52542689209, 5853.350586895752, 5792.335457611083, 5888.585909118653, 5896.63908581543, 6119.525602990723, 6073.173897454834]
shares:[0, 0.2107, 0.4263, 0.6512, 0.8694, 1.0919, 1.306, 1.5204, 1.7494, 1.9724, 2.189, 2.4128, 2.6385, 2.8607, 3.0839, 3.3056, 3.5222, 3.7432, 3.9524, 4.1667, 4.3854, 4.6204, 4.8435, 5.0744, 5.2916, 5.5151, 5.7298, 5.937, 6.1419, 6.3392, 6.5361, 6.7296, 6.9181, 7.1059, 7.2868, 7.4646, 7.6453, 7.8291, 8.016, 8.2059, 8.3929, 8.5791, 8.7586, 8.9305, 9.0995, 9.2658, 9.4269, 9.5925, 9.7582, 9.9265, 10.0914, 10.2603]
growth_rate:19.08
