ticker:ORMP
price:[3.2200000286102295, 3.069999933242798, 2.8399999141693115, 2.859999895095825, 2.5799999237060547, 2.700000047683716, 2.680000066757202, 2.549999952316284, 2.5299999713897705, 2.7100000381469727, 2.5399999618530273, 2.6600000858306885, 4.449999809265137, 4.170000076293945, 4.25, 4.230000019073486, 4.539999961853027, 4.239999771118164, 4.5, 4.369999885559082, 5.53000020980835, 7.260000228881836, 10.029999732971191, 11.0, 10.609999656677246, 8.90999984741211, 7.610000133514404, 9.399999618530273, 9.15999984741211, 10.100000381469727, 10.199999809265137, 9.8100004196167, 8.449999809265137, 9.779999732971191, 10.65999984741211, 10.9399995803833, 10.300000190734863, 11.3100004196167, 11.520000457763672, 12.09000015258789, 14.170000076293945, 13.84000015258789, 13.470000267028809, 12.84000015258789, 12.300000190734863, 12.300000190734863, 14.399999618530273, 14.1899995803833, 18.260000228881836, 17.68000030517578, 15.260000228881836, 18.709999084472656]
assets:[0, 100.00002882549764, 192.5082581820011, 293.863845221138, 365.0939832036972, 482.07501851375105, 578.5040104101896, 650.4422578370571, 745.3407745713948, 898.3690776457787, 942.0138498523712, 1086.5185310588836, 1917.6717928051949, 1897.0093457075118, 2033.402725, 2123.8339415765763, 2379.481172006607, 2322.2466026414872, 2564.6485500000003, 2590.558656158829, 3378.2129801694873, 4535.0498929739, 6365.364808534813, 7080.9585, 6929.906421759224, 5919.553527624893, 5155.870215457679, 6468.617257491303, 6403.460941330719, 7160.585150450134, 7331.481402904988, 7151.160689886475, 6259.76577370348, 7345.030167454529, 8105.933173971177, 8418.847139085101, 8026.336948631287, 8913.385317698956, 9178.88638073616, 9733.04978684082, 11507.553417958832, 11339.557773020171, 11136.404887767696, 10715.548939341355, 10364.895280727387, 10464.895512278079, 12351.583832794762, 12271.456296117116, 15891.17787518959, 15486.419683312226, 13466.672469984054, 16611.233002170564]
shares:[0, 32.5733, 67.7846, 102.7496, 141.5093, 178.5463, 215.8597, 255.0754, 294.6011, 331.5015, 370.8716, 408.4656, 430.9375, 454.9183, 478.4477, 502.0884, 524.1148, 547.6997, 569.9219, 592.8052, 610.8884, 624.6625, 634.6326, 643.7235, 653.1486, 664.3719, 677.5125, 688.1508, 699.0678, 708.9688, 718.7727, 728.9664, 740.8007, 751.0256, 760.4065, 769.5473, 779.256, 788.0977, 796.7783, 805.0496, 812.1068, 819.3322, 826.7561, 834.5443, 842.6744, 850.8045, 857.7489, 864.7961, 870.2726, 875.9287, 882.4818, 887.8265]
growth_rate:225.71
