ticker:ORPH
price:[10.8100004196167, 10.9399995803833, 10.8100004196167, 10.069999694824219, 9.270000457763672, 9.489999771118164, 9.859999656677246, 9.600000381469727, 9.729999542236328, 9.734000205993652, 8.960000038146973, 10.949999809265137, 12.0, 10.729999542236328, 10.79699993133545, 12.770000457763672, 13.649999618530273, 11.822999954223633, 12.510000228881836, 12.350000381469727, 12.890000343322754, 12.239999771118164, 12.600000381469727, 13.055000305175781, 12.319999694824219, 12.390000343322754, 8.600000381469727, 8.84000015258789, 9.930000305175781, 9.920000076293945, 9.420000076293945, 5.75, 5.510000228881836, 5.579999923706055, 5.599999904632568, 5.050000190734863, 9.329999923706055, 7.329999923706055, 7.849999904632568, 7.210000038146973, 6.449999809265137, 5.460000038146973, 5.28000020980835, 4.78000020980835, 4.130000114440918, 5.150000095367432, 5.010000228881836, 5.329999923706055, 5.349999904632568]
assets:[0, 100.00034816436768, 198.81212271738053, 285.2025313568115, 362.5450829029083, 471.1490696367264, 589.5185334731102, 673.9737867813111, 783.1005261577606, 883.4228162952423, 913.1772198878289, 1215.9920038189887, 1432.5936000000002, 1380.977766084671, 1489.6005376267435, 1861.8047707397461, 2090.1043215888976, 1910.3520565034864, 2121.3570178121568, 2194.2258027757644, 2390.168272661686, 2369.6394756889345, 2539.3347768793105, 2731.0329558410644, 2677.275149681854, 2792.486774378872, 2038.2878104122162, 2195.1700538909913, 2565.841575855255, 2663.2571404829027, 2629.0202852928164, 1704.7628750000001, 1733.6075150129318, 1855.631206628418, 1962.2819665825368, 1869.5580456118582, 3554.0544789375303, 2892.199535896683, 3197.376396155977, 3036.698443066692, 2816.6026867094038, 2484.286913356781, 2502.38745943594, 2365.4189538252353, 2143.761637402916, 2773.213766354227, 2797.8256098186494, 3076.528722962379, 3188.0729681704047]
shares:[0, 9.1408, 18.3915, 28.322, 39.1095, 49.6469, 59.7889, 70.2056, 80.4831, 90.7564, 101.9171, 111.0495, 119.3828, 128.7025, 137.9643, 145.7952, 153.1212, 161.5793, 169.5729, 177.6701, 185.4281, 193.598, 201.5345, 209.1944, 217.3113, 225.3823, 237.0102, 248.3224, 258.3929, 268.4735, 279.0892, 296.4805, 314.6293, 332.5504, 350.4075, 370.2095, 380.9276, 394.5702, 407.3091, 421.1787, 436.6826, 454.9976, 473.937, 494.8575, 519.0706, 538.4881, 558.4482, 577.2099, 595.9015]
growth_rate:-33.58
