ticker:ORRF
price:[14.300000190734863, 13.539999961853027, 13.109999656677246, 12.739999771118164, 12.949999809265137, 13.649999618530273, 13.5, 13.979999542236328, 13.979999542236328, 13.569999694824219, 15.800000190734863, 15.90999984741211, 17.100000381469727, 16.850000381469727, 17.5, 16.700000762939453, 16.899999618530273, 16.549999237060547, 18.459999084472656, 18.020000457763672, 18.610000610351562, 17.309999465942383, 19.530000686645508, 18.959999084472656, 18.68000030517578, 19.479999542236328, 22.950000762939453, 23.34000015258789, 22.0, 22.56999969482422, 23.40999984741211, 22.600000381469727, 22.649999618530273, 23.75, 23.709999084472656, 24.5, 25.420000076293945, 25.770000457763672, 25.239999771118164, 25.229999542236328, 25.0, 24.670000076293945, 24.40999984741211, 23.049999237060547, 22.75, 22.780000686645508, 23.18000030517578, 23.049999237060547, 23.739999771118164, 23.43000030517578, 23.469999313354492, 23.920000076293945]
assets:[0, 99.99966971826554, 196.8243578455925, 291.2695187671661, 396.0705641664505, 517.4796755382538, 611.793, 733.5459539806366, 833.5462887062073, 909.1004175552367, 1158.495513985157, 1266.5616768527984, 1461.2959225988388, 1539.9316448627474, 1699.33575, 1721.6515086536408, 1842.2706484159469, 1904.117132221985, 2223.8668597068786, 2270.8606356868745, 2445.212644195557, 2374.402240743637, 2778.9179387025833, 2797.813304901123, 2856.495210666657, 3078.829511650086, 3727.266018907547, 3890.6053094352724, 3767.2382000000002, 3964.844762390137, 4212.407077543258, 4166.65585032978, 4275.873722986031, 4583.5315, 4675.8109834503175, 4931.605, 5216.791553657341, 5388.620483720398, 5377.795887232971, 5475.664277651596, 5525.7474999999995, 5552.807495172501, 5594.286206029892, 5382.601246839523, 5412.545775, 5519.683008376885, 5716.605315261841, 5784.544828535461, 6057.704879596519, 6078.601960173797, 6188.980143933296, 6407.644172437477]
shares:[0, 7.3855, 15.0133, 22.8626, 30.5846, 37.9106, 45.318, 52.4711, 59.6242, 66.9934, 73.3225, 79.6079, 85.4559, 91.3906, 97.1049, 103.0929, 109.0101, 115.0524, 120.4695, 126.0189, 131.3924, 137.1694, 142.2897, 147.564, 152.9173, 158.0508, 162.4081, 166.6926, 171.2381, 175.6688, 179.9405, 184.3653, 188.7803, 192.9908, 197.2084, 201.29, 205.2239, 209.1044, 213.0664, 217.0299, 221.0299, 225.0834, 229.1801, 233.5185, 237.9141, 242.3039, 246.618, 250.9564, 255.1687, 259.4367, 263.6975, 267.8781]
growth_rate:25.64
