ticker:ORTX
price:[5.289999961853027, 5.179999828338623, 5.170000076293945, 4.420000076293945, 3.859999895095825, 4.369999885559082, 4.519999980926514, 4.519999980926514, 4.039999961853027, 4.690000057220459, 4.699999809265137, 4.510000228881836, 4.889999866485596, 4.570000171661377, 4.449999809265137, 4.929999828338623, 4.739999771118164, 4.320000171661377, 7.170000076293945, 7.079999923706055, 5.949999809265137, 5.75, 7.389999866485596, 9.079999923706055, 7.880000114440918, 6.96999979019165, 6.760000228881836, 8.109999656677246, 8.170000076293945, 7.099999904632568, 7.099999904632568, 6.730000019073486, 6.019999980926514, 6.159999847412109, 5.960000038146973, 5.460000038146973, 5.449999809265137, 5.519999980926514, 5.230000019073486, 5.190000057220459, 5.119999885559082, 4.840000152587891, 4.800000190734863, 4.150000095367432, 3.940000057220459, 3.380000114440918, 3.059999942779541, 2.869999885559082, 2.9700000286102295, 2.7899999618530273, 2.4600000381469727, 2.859999895095825]
assets:[0, 99.99989668607712, 199.80706094856262, 270.82136067466735, 336.5090008546114, 480.9700534044266, 597.4793614787578, 697.4793890567779, 723.4108771693229, 939.8014404660702, 1041.8052477215767, 1099.689591809082, 1292.3462797143459, 1307.7754701235294, 1373.435481132126, 1621.5814595369338, 1659.0861878871917, 1612.0784800582408, 2775.602390534401, 2840.7621773880005, 2487.3635052643776, 2503.7547, 3317.869026056385, 4176.623812906265, 3724.6475340929032, 3394.516751819515, 3392.243150855446, 4169.68819948349, 4300.536895159721, 3837.3085484571457, 3937.3084971139433, 3832.1245998606205, 3527.844000822544, 3709.887012103272, 3689.4361076142313, 3479.9195583128926, 3573.5457999358177, 3719.4444351480483, 3624.039080216646, 3696.321673752451, 3746.467756259918, 3641.5832028060913, 3711.4873474812507, 3308.8901110386373, 3241.452231075478, 2880.7382695367814, 2708.005395361662, 2639.861195735836, 2831.8424582793473, 2760.2155962602615, 2533.738539290428, 3045.7282882833483]
shares:[0, 19.305, 38.6474, 61.2718, 87.1785, 110.0618, 132.1857, 154.3096, 179.0621, 200.3841, 221.6607, 243.8336, 264.2835, 286.1653, 308.6372, 328.9212, 350.0182, 373.1663, 387.1133, 401.2376, 418.0443, 435.4356, 448.9674, 459.9806, 472.671, 487.0182, 501.8111, 514.1416, 526.3815, 540.466, 554.5505, 569.4093, 586.0206, 602.2544, 619.0329, 637.3479, 655.6965, 673.8124, 692.9329, 712.2007, 731.732, 752.3932, 773.2265, 797.3229, 822.7036, 852.2894, 884.9691, 919.8123, 953.4823, 989.3246, 1029.975, 1064.94]
growth_rate:-40.28
