ticker:OSAT
price:[2.1500000953674316, 1.899999976158142, 2.549999952316284, 2.059999942779541, 2.059999942779541, 2.059999942779541, 2.25, 2.25, 2.25, 2.25, 2.25, 4.010000228881836, 2.369999885559082, 2.450000047683716, 2.700000047683716, 3.390000104904175, 3.390000104904175, 2.5999999046325684, 2.5999999046325684, 2.640000104904175, 3.009999990463257, 3.5, 3.009999990463257, 3.75, 3.75, 3.5, 2.7300000190734863, 3.5, 2.75, 3.450000047683716, 3.450000047683716, 2.8499999046325684, 2.759999990463257, 2.9800000190734863, 2.9800000190734863, 2.759999990463257, 2.9800000190734863, 2.9700000286102295, 4.199999809265137, 4.400000095367432, 6.090000152587891, 5.139999866485596, 5.090000152587891, 5.440000057220459, 7.050000190734863, 6.650000095367432, 5.940000057220459, 7.739999771118164, 6.059999942779541, 5.5, 5.269999980926514, 6.25]
assets:[0, 100.00003874516487, 234.21061062037947, 289.20545196676255, 389.2054711890697, 489.20549041137696, 634.3263, 734.3262000000001, 834.3261, 934.3259999999999, 1034.3259, 1943.3988919248582, 1248.5922537088393, 1390.7388520675897, 1632.6508788336516, 2149.883826528549, 2249.883744623065, 1825.57433303833, 1925.5742293703556, 2055.198633666253, 2443.23776125896, 2940.97405, 2629.237700669646, 3375.6285, 3475.628625, 3343.91995, 2708.2574799215795, 3572.1248499999997, 2906.669425, 3746.548941782427, 3846.5489181645635, 3277.5836803246493, 3274.0811766869306, 3635.0585572661876, 3735.0584179062366, 3559.315859701347, 3943.029341237354, 4029.7976128193377, 5798.703276663113, 6174.832533835888, 8646.529842642974, 7397.727845839834, 7425.766101609421, 8036.378804530382, 10514.7925794734, 10018.208518670797, 9048.595137165785, 11890.59322437973, 9409.689757150698, 8640.14745, 8378.83199367485, 10036.945]
shares:[0, 52.6316, 91.8473, 140.391, 188.9347, 237.4784, 281.9228, 326.3672, 370.8116, 415.256, 459.7004, 484.6381, 526.8322, 567.6485, 604.6855, 634.184, 663.6825, 702.144, 740.6055, 778.4843, 811.7069, 840.2783, 873.5009, 900.1676, 926.8343, 955.4057, 992.0357, 1020.6071, 1056.9707, 1085.9562, 1114.9417, 1150.0294, 1186.2613, 1219.8183, 1253.3753, 1289.6072, 1323.1642, 1356.8342, 1380.6437, 1403.371, 1419.7914, 1439.2467, 1458.8931, 1477.2755, 1491.4599, 1506.4975, 1523.3325, 1536.2524, 1552.7541, 1570.9359, 1589.9112, 1605.9112]
growth_rate:96.8
