ticker:OSBC
price:[8.619999885559082, 8.229999542236328, 8.260000228881836, 7.289999961853027, 8.130000114440918, 8.510000228881836, 8.760000228881836, 9.359999656677246, 8.550000190734863, 8.859999656677246, 9.680000305175781, 9.680000305175781, 10.199999809265137, 10.319999694824219, 10.270000457763672, 9.569999694824219, 9.970000267028809, 10.100000381469727, 10.899999618530273, 10.84000015258789, 10.630000114440918, 9.819999694824219, 11.119999885559082, 11.170000076293945, 11.460000038146973, 11.970000267028809, 12.989999771118164, 13.25, 13.649999618530273, 13.6899995803833, 13.15999984741211, 13.4399995803833, 13.039999961853027, 12.960000038146973, 13.210000038146973, 14.0600004196167, 14.15999984741211, 13.989999771118164, 13.859999656677246, 13.949999809265137, 13.5600004196167, 12.350000381469727, 12.75, 12.399999618530273, 12.350000381469727, 12.270000457763672, 11.760000228881836, 11.579999923706055, 11.470000267028809, 12.050000190734863, 11.800000190734863, 11.989999771118164]
assets:[0, 100.00025543785095, 200.36447755203247, 276.834832551384, 408.7333167534828, 527.8378701965332, 643.3440528093339, 787.4090351180076, 819.2678582763672, 948.9724132275581, 1136.800843839264, 1236.801054991913, 1403.2404937601088, 1519.7489550590515, 1612.3859638687131, 1602.4859218986512, 1769.465677392006, 1892.5380714797973, 2142.441795020485, 2230.648727399445, 2287.4346456261637, 2213.1333312225343, 2606.114309179306, 2717.833036563492, 2888.3944536146164, 3116.935401533127, 3482.5384006381987, 3652.2432500000004, 3862.499442056656, 3973.818082197189, 3919.9744185485843, 4103.378367886448, 4081.2539720607756, 4156.214988233566, 4336.388588522339, 4715.414820730209, 4848.9517637477875, 4890.737438985634, 4945.290843501377, 5077.403750577927, 5035.454627823066, 4686.12613474617, 4937.902875, 4902.352249185562, 4982.585423903274, 5050.310102414704, 4940.394912153626, 4964.776743289947, 5017.615848813248, 5371.340605020904, 5359.902286637306, 5546.20580112629]
shares:[0, 12.1507, 24.2572, 37.9746, 50.2747, 62.0256, 73.4411, 84.1249, 95.8208, 107.1075, 117.4381, 127.7687, 137.5726, 147.2625, 156.9996, 167.4489, 177.479, 187.38, 196.5543, 205.7794, 215.1867, 225.37, 234.3628, 243.3154, 252.0414, 260.3956, 268.0938, 275.641, 282.967, 290.2716, 297.8704, 305.3109, 312.9796, 320.6956, 328.2656, 335.378, 342.4401, 349.5881, 356.8031, 363.9716, 371.3462, 379.4434, 387.2865, 395.351, 403.4482, 411.5982, 420.1016, 428.7372, 437.4556, 445.7544, 454.229, 462.5693]
growth_rate:8.75
