ticker:OSIS
price:[77.6500015258789, 77.45999908447266, 80.19000244140625, 77.0, 78.04000091552734, 80.5, 80.91000366210938, 81.06999969482422, 77.16000366210938, 80.58999633789062, 84.83999633789062, 85.58999633789062, 88.86000061035156, 89.79000091552734, 92.31999969482422, 92.01000213623047, 93.0999984741211, 93.22000122070312, 95.70999908447266, 93.62000274658203, 92.61000061035156, 90.0199966430664, 93.4000015258789, 93.83000183105469, 92.6500015258789, 94.62000274658203, 96.3499984741211, 97.88999938964844, 98.75, 97.94000244140625, 96.91000366210938, 97.16999816894531, 98.66999816894531, 99.20999908447266, 96.56999969482422, 96.4800033569336, 95.63999938964844, 95.13999938964844, 96.36000061035156, 96.95999908447266, 98.20999908447266, 98.36000061035156, 100.44000244140625, 100.23999786376953, 100.06999969482422, 97.05000305175781, 95.4800033569336, 100.05000305175781, 98.05999755859375, 100.75, 99.88999938964844, 98.69999694824219]
assets:[0, 100.0008588180542, 203.52222619628904, 295.4259, 399.4165286857605, 512.00415, 614.6085698181153, 715.8237763053895, 781.2990490814209, 916.0261933746339, 1064.3347220581054, 1173.746973779297, 1318.5935490570068, 1432.392947605133, 1572.754282801056, 1667.4696657142638, 1787.2220507080078, 1889.522814743042, 2039.9916334861755, 2095.4403494750977, 2172.83435632019, 2212.070379509735, 2395.1309591293334, 2506.1618169067383, 2574.6416274024964, 2729.389675227356, 2879.2944494010926, 3025.3197981369017, 3151.9025, 3226.0457404174804, 3292.1200434051516, 3400.949935913086, 3553.451979057312, 3672.902981105805, 3675.1644783859256, 3771.741011234283, 3838.9034995010375, 3918.8356028594967, 4069.090105773926, 4194.431384394837, 4348.503055462646, 4455.147375645447, 4649.357669012452, 4740.098898983002, 4832.060061264038, 4786.23441050415, 4808.802629070282, 5138.968356750488, 5136.755300109863, 5377.672299999999, 5431.768441810607, 5467.061920960999]
shares:[0, 1.291, 2.538, 3.8367, 5.1181, 6.3603, 7.5962, 8.8297, 10.1257, 11.3665, 12.5452, 13.7136, 14.839, 15.9527, 17.0359, 18.1227, 19.1968, 20.2695, 21.3143, 22.3824, 23.4622, 24.5731, 25.6438, 26.7096, 27.7889, 28.8458, 29.8837, 30.9053, 31.918, 32.939, 33.9709, 35.0, 36.0135, 37.0215, 38.057, 39.0935, 40.1391, 41.1902, 42.228, 43.2594, 44.2776, 45.2943, 46.2899, 47.2875, 48.2868, 49.3172, 50.3645, 51.364, 52.3838, 53.3764, 54.3775, 55.3907]
growth_rate:7.2
