ticker:OSMT
price:[5.199999809265137, 4.960000038146973, 5.449999809265137, 5.25, 5.599999904632568, 6.260000228881836, 5.980000019073486, 5.940000057220459, 5.130000114440918, 5.880000114440918, 5.889999866485596, 6.059999942779541, 6.119999885559082, 5.860000133514404, 5.869999885559082, 5.71999979019165, 5.119999885559082, 4.119999885559082, 4.539999961853027, 4.349999904632568, 4.460000038146973, 4.170000076293945, 4.599999904632568, 4.590000152587891, 4.300000190734863, 3.799999952316284, 3.559999942779541, 3.690000057220459, 3.869999885559082, 3.7300000190734863, 3.4000000953674316, 3.309999942779541, 3.2699999809265137, 3.0399999618530273, 2.880000114440918, 2.9100000858306885, 3.069999933242798, 3.069999933242798, 2.9100000858306885, 2.950000047683716, 3.069999933242798, 2.890000104904175, 3.7799999713897705, 2.859999895095825, 3.009999990463257, 3.2200000286102295, 3.690000057220459, 3.3299999237060547, 3.799999952316284, 4.159999847412109, 3.619999885559082, 3.309999942779541]
assets:[0, 100.00004876909256, 209.87894765481948, 302.176875, 422.32175280790324, 572.0951609172821, 646.5061740620613, 742.1816231494903, 740.9751645298005, 949.3048504760743, 1050.9191031777857, 1181.2515488462448, 1292.9472838225363, 1338.0179324854375, 1440.3013269200326, 1503.496224852085, 1445.787103684139, 1263.4066169064522, 1492.2003774619102, 1529.7514164624213, 1668.4347242703438, 1659.9490113702775, 1931.118599963951, 2026.9206583820344, 1998.8580986632348, 1866.4326765793562, 1848.5527542879104, 2016.0562542627813, 2214.4003895173073, 2234.2931374251366, 2136.621259930611, 2180.0636073129176, 2253.7183218543532, 2195.199780453873, 2179.6629986120224, 2302.3679149085283, 2528.9584950077533, 2628.958523833251, 2591.9446424496173, 2727.572699088407, 2938.5247301017284, 2866.2336110414744, 3848.914284868169, 3012.1413075153114, 3270.1208786391016, 3598.2688879712105, 4223.482184493113, 3911.4348933847427, 4563.49936273563, 5095.830917086029, 4534.352850653171, 4246.05203859787]
shares:[0, 20.1613, 38.5099, 57.5575, 75.4146, 91.389, 108.1114, 124.9464, 144.4396, 161.4464, 178.4243, 194.926, 211.2659, 228.3307, 245.3665, 262.849, 282.3803, 306.6521, 328.6785, 351.667, 374.0885, 398.0693, 419.8084, 441.5949, 464.8507, 491.1665, 519.2564, 546.3567, 572.1965, 599.0062, 628.418, 658.6295, 689.2105, 722.1052, 756.8274, 791.1917, 823.765, 856.3383, 890.7026, 924.6009, 957.1742, 991.7763, 1018.2313, 1053.1963, 1086.4189, 1117.4748, 1144.5751, 1174.6051, 1200.9209, 1224.9594, 1252.5837, 1282.7952]
growth_rate:-16.74
