ticker:OSN
price:[3.180000066757202, 3.6600000858306885, 4.179999828338623, 4.329999923706055, 4.429999828338623, 4.420000076293945, 4.349999904632568, 4.340000152587891, 4.389999866485596, 4.409999847412109, 4.369999885559082, 4.360000133514404, 4.420000076293945, 4.349999904632568, 4.690000057220459, 4.800000190734863, 4.730000019073486, 4.71999979019165, 4.690000057220459, 4.659999847412109, 4.699999809265137, 4.639999866485596, 4.71999979019165, 4.809999942779541, 4.889999866485596, 4.820000171661377, 4.710000038146973, 4.869999885559082, 4.820000171661377, 4.760000228881836, 4.78000020980835, 4.829999923706055, 4.670000076293945, 4.619999885559082, 4.710000038146973, 4.659999847412109, 4.550000190734863, 4.590000152587891, 4.599999904632568, 4.559999942779541, 4.71999979019165, 4.599999904632568, 4.550000190734863, 4.570000171661377, 4.5, 4.480000019073486, 4.449999809265137, 4.510000228881836, 4.400000095367432, 4.849999904632568, 4.710000038146973, 4.929999828338623]
assets:[0, 99.9999863451004, 214.20743520307542, 321.89435932826996, 429.3285603636265, 528.3592951200485, 619.9915664075852, 718.5664472637176, 826.8446218529224, 930.6113978004455, 1022.1705042315483, 1119.8315902921202, 1235.2419513216018, 1315.6792211556433, 1518.5141485266686, 1654.1295057291984, 1730.0064939761637, 1826.348694817114, 1914.7408303608415, 2002.492804430008, 2119.6815839793207, 2192.621728908062, 2330.4253204104425, 2474.861372558689, 2616.023277573252, 2678.575315395832, 2717.4458260089873, 2909.7582126231196, 2979.8841301267626, 3042.790162310791, 3155.5749765075207, 3288.5827280540466, 3279.644384579659, 3344.5301831534384, 3509.6833754254344, 3572.42531702385, 3588.0978454121587, 3719.6415696540835, 3827.745020642996, 3894.4601991309646, 4131.107600368452, 4126.079394457913, 4181.230865276146, 4299.609713504791, 4333.7510999999995, 4414.489874794579, 4484.928302768039, 4645.399455753326, 4632.097020397997, 5205.83421263566, 5155.56274475565, 5496.374477617597]
shares:[0, 27.3224, 51.2458, 74.3405, 96.9139, 119.5383, 142.5268, 165.5683, 188.3473, 211.023, 233.9063, 256.8421, 279.4665, 302.455, 323.777, 344.6103, 365.7519, 386.9383, 408.2603, 429.7195, 450.9961, 472.5478, 493.7342, 514.5242, 534.9741, 555.721, 576.9524, 597.4863, 618.2332, 639.2416, 660.1621, 680.866, 702.2793, 723.9243, 745.1557, 766.6149, 788.5929, 810.3794, 832.1185, 854.0483, 875.2347, 896.9738, 918.9518, 940.8336, 963.0558, 985.3772, 1007.8491, 1030.022, 1052.7493, 1073.3679, 1094.5993, 1114.8833]
growth_rate:7.77
