ticker:OSPN
price:[20.1299991607666, 20.309999465942383, 22.700000762939453, 20.760000228881836, 21.43000030517578, 24.860000610351562, 25.209999084472656, 23.780000686645508, 21.93000030517578, 19.059999465942383, 18.899999618530273, 19.329999923706055, 20.290000915527344, 21.40999984741211, 20.450000762939453, 21.700000762939453, 21.299999237060547, 20.68000030517578, 23.530000686645508, 22.920000076293945, 24.639999389648438, 23.31999969482422, 24.969999313354492, 25.719999313354492, 25.84000015258789, 23.360000610351562, 25.200000762939453, 26.059999465942383, 25.8700008392334, 25.06999969482422, 25.610000610351562, 25.920000076293945, 28.190000534057617, 28.010000228881836, 26.809999465942383, 25.68000030517578, 25.329999923706055, 25.18000030517578, 26.149999618530273, 25.540000915527344, 26.260000228881836, 26.040000915527344, 26.18000030517578, 25.059999465942383, 25.549999237060547, 23.549999237060547, 24.56999969482422, 24.670000076293945, 18.65999984741211, 20.40999984741211, 18.059999465942383, 19.399999618530273]
assets:[0, 100.00034437046051, 211.76830711746217, 293.67096323776246, 403.14973774108887, 567.6756279373169, 675.6683114624024, 737.3417252906798, 779.979934854126, 777.9033822032928, 871.3731424125671, 991.197937087822, 1140.423849458313, 1303.3744197109222, 1344.933155176163, 1527.1418936920168, 1598.990942726135, 1652.447832385254, 1980.1789727849962, 2028.8440267534256, 2281.094759495544, 2258.8941024391174, 2518.7213337381363, 2694.373116068459, 2806.944952575302, 2637.5473009140014, 2945.3004891700743, 3145.8145935316084, 3222.879530551529, 3223.214762763977, 3392.6412938552853, 3533.707306401253, 3943.1806277032856, 4018.003721832848, 3945.8662303979872, 3879.554686103821, 3926.6793851728444, 4003.4261625205995, 4257.648797890472, 4258.330324647522, 4478.377813033485, 4540.85796364975, 4665.270818382263, 4565.686314699936, 4754.95961301384, 4482.75177477417, 4776.909168667603, 4896.351128142356, 3803.5237488975527, 4260.232334149932, 3869.7106675676346, 4256.831336296272]
shares:[0, 4.9237, 9.329, 14.146, 18.8124, 22.8349, 26.8016, 31.0068, 35.5668, 40.8134, 46.1044, 51.2777, 56.2062, 60.8769, 65.7669, 70.3752, 75.07, 79.9056, 84.1555, 88.5185, 92.5769, 96.8651, 100.8699, 104.7579, 108.6279, 112.9087, 116.877, 120.7143, 124.5798, 128.5686, 132.4733, 136.3313, 139.8787, 143.4489, 147.1789, 151.073, 155.0209, 158.9923, 162.8164, 166.7318, 170.5399, 174.3801, 178.1998, 182.1902, 186.1041, 190.3504, 194.4204, 198.4739, 203.833, 208.7326, 214.2697, 219.4243]
growth_rate:-16.53
