ticker:OSS
price:[2.440000057220459, 2.2899999618530273, 2.2799999713897705, 2.140000104904175, 2.130000114440918, 2.319999933242798, 2.430000066757202, 2.369999885559082, 2.240000009536743, 2.369999885559082, 2.3499999046325684, 2.3399999141693115, 2.700000047683716, 2.7300000190734863, 2.7799999713897705, 2.9600000381469727, 3.690000057220459, 4.0, 4.050000190734863, 4.75, 4.0, 3.75, 5.329999923706055, 6.110000133514404, 8.279999732971191, 6.449999809265137, 7.559999942779541, 8.960000038146973, 7.690000057220459, 6.420000076293945, 6.75, 6.260000228881836, 4.670000076293945, 5.300000190734863, 5.320000171661377, 5.239999771118164, 5.429999828338623, 5.849999904632568, 5.800000190734863, 5.650000095367432, 5.96999979019165, 5.579999923706055, 6.159999847412109, 5.619999885559082, 5.960000038146973, 5.010000228881836, 5.150000095367432, 5.989999771118164, 5.96999979019165, 5.610000133514404, 5.28000020980835, 5.630000114440918]
assets:[0, 99.99994733419419, 199.5631534958124, 287.3093520840883, 385.96688373727795, 520.3957050257922, 645.0697617214203, 729.1420777916908, 789.1470753597737, 934.9457578539848, 1027.0559433201313, 1122.6853928201438, 1395.4061946437596, 1510.9105935561656, 1638.5828571366073, 1844.6782397732734, 2399.615893210602, 2701.2096, 2834.9750235132215, 3424.9703999999997, 2984.1856, 2897.674125, 4218.560623615264, 4935.911061858464, 6788.926617058086, 5388.475610655784, 6415.794707439852, 7703.904800799179, 6711.945092942858, 5703.470287778854, 6096.63915, 5754.068262383652, 4392.5717167615885, 5085.145603002739, 5204.334855929184, 5226.073947726441, 5515.56902363348, 6042.1876114995, 6090.545400289536, 6033.031116832686, 6474.724467453718, 6151.752383888626, 6891.181973300171, 6387.084909938812, 6873.492223993779, 5877.885574531174, 6142.1378287397865, 7243.961897203445, 7319.7749527554515, 6978.381829081011, 6667.88892095809, 7209.889057555294]
shares:[0, 43.6681, 87.5277, 134.2567, 181.2051, 224.3085, 265.4608, 307.6549, 352.2978, 394.4919, 437.0451, 479.7801, 516.8171, 553.4471, 589.4183, 623.2021, 650.3024, 675.3024, 699.9938, 721.0464, 746.0464, 772.7131, 791.4748, 807.8414, 819.9187, 835.4226, 848.6501, 859.8108, 872.8147, 888.391, 903.2058, 919.1802, 940.5935, 959.4614, 978.2584, 997.3424, 1015.7586, 1032.8526, 1050.094, 1067.7931, 1084.5435, 1102.4646, 1118.6984, 1136.492, 1153.2705, 1173.2306, 1192.6481, 1209.3426, 1226.093, 1243.9183, 1262.8577, 1280.6197]
growth_rate:41.37
