ticker:OSTK
price:[67.4000015258789, 65.1500015258789, 75.04000091552734, 72.87000274658203, 77.93000030517578, 83.2300033569336, 77.01000213623047, 71.87999725341797, 56.099998474121094, 67.33000183105469, 54.5099983215332, 61.849998474121094, 69.33000183105469, 62.720001220703125, 55.47999954223633, 62.56999969482422, 56.7599983215332, 47.970001220703125, 53.63999938964844, 59.52000045776367, 67.91000366210938, 77.5999984741211, 92.5999984741211, 106.87999725341797, 101.19999694824219, 67.16999816894531, 62.5099983215332, 71.08000183105469, 76.83000183105469, 65.54000091552734, 68.69999694824219, 71.69999694824219, 74.44999694824219, 70.16000366210938, 81.5, 80.47000122070312, 71.13999938964844, 76.19000244140625, 85.43000030517578, 90.44999694824219, 90.16000366210938, 86.80999755859375, 93.43000030517578, 87.94000244140625, 97.37000274658203, 81.62999725341797, 82.62999725341797, 69.63999938964844, 68.05000305175781, 72.66000366210938, 69.58000183105469, 73.4800033569336]
assets:[0, 99.99873734207154, 215.17720262527467, 308.9542376449585, 430.40739168548583, 559.6801575737, 617.851247138977, 676.6926701431274, 628.1348529151917, 853.8723502212525, 791.2889396347047, 997.8383953826904, 1218.5163801818849, 1202.342423400879, 1163.5542903995513, 1412.248692111969, 1381.1126591587067, 1267.2283192474365, 1517.0142787384034, 1783.3084937152862, 2134.6830551147464, 2539.2814700691224, 3130.1207084213256, 3712.818720588684, 3615.501450971985, 2499.7381988571165, 2426.313082850647, 2858.9585096481323, 3190.235215031433, 2821.4380534126285, 3057.472754182434, 3290.9868399261472, 3517.2114258270267, 3414.540042227173, 4066.43435, 4115.042734423828, 3737.930329930115, 4103.273533483887, 4700.896825792694, 5077.130183699036, 5160.848769622803, 5069.0875064392085, 5555.646794146729, 5329.190529949951, 6000.650370264435, 5130.633076371002, 5293.484199047089, 4561.315500022889, 4557.172604370117, 4965.897088284302, 4855.396897773742, 5227.543790820312]
shares:[0, 1.5349, 2.8675, 4.2398, 5.523, 6.7245, 8.023, 9.4142, 11.1967, 12.6819, 14.5164, 16.1332, 17.5756, 19.17, 20.9725, 22.5707, 24.3325, 26.4171, 28.2814, 29.9615, 31.434, 32.7227, 33.8026, 34.7382, 35.7263, 37.2151, 38.8148, 40.2217, 41.5233, 43.0491, 44.5047, 45.8994, 47.2426, 48.6679, 49.8949, 51.1376, 52.5433, 53.8558, 55.0263, 56.1319, 57.241, 58.3929, 59.4632, 60.6003, 61.6273, 62.8523, 64.0625, 65.4985, 66.968, 68.3443, 69.7815, 71.1424]
growth_rate:2.5
