ticker:OSTRW
price:[0.699999988079071, 0.5, 0.4699999988079071, 0.4699999988079071, 0.5600000023841858, 0.49300000071525574, 0.5299999713897705, 0.5099999904632568, 0.6899999976158142, 0.5600000023841858, 0.5799999833106995, 0.6000000238418579, 0.6100000143051147, 0.640999972820282, 0.6499999761581421, 0.699999988079071, 0.75, 0.699999988079071, 0.7099999785423279, 0.699999988079071, 0.6800000071525574, 0.6000000238418579, 0.6399999856948853, 0.5509999990463257, 0.5699999928474426, 0.5501000285148621]
assets:[0, 100.0, 194.0000195079446, 294.00003925430775, 450.29790591713186, 496.42299832022195, 633.6798907929658, 709.767445727706, 1060.2735923363925, 960.511892089355, 1094.8158564970493, 1232.568228977859, 1353.1109987318157, 1521.8755323693454, 1643.2435547261834, 1869.6469081601024, 2103.1931250000002, 2062.980184867656, 2192.451320739573, 2261.5717214856627, 2296.9554321604487, 2126.725464508474, 2368.5070190597417, 2139.1365517975687, 2312.8998579769313, 2332.1513813088777]
shares:[0, 200.0, 412.766, 625.532, 804.1034, 1006.9432, 1195.6225, 1391.7009, 1536.6284, 1715.1998, 1887.6136, 2054.2803, 2218.2147, 2374.2209, 2528.0671, 2670.9242, 2804.2575, 2947.1146, 3087.9597, 3230.8168, 3377.8756, 3544.5423, 3700.7923, 3882.2805, 4057.7191, 4239.5042]
growth_rate:-6.71
