ticker:OSTR
price:[9.699999809265137, 9.729999542236328, 9.600000381469727, 9.680000305175781, 9.6899995803833, 9.739999771118164, 9.729999542236328, 9.739999771118164, 9.680000305175781, 9.680000305175781, 9.680000305175781, 9.65999984741211, 9.670000076293945, 9.699999809265137, 9.6899995803833, 9.670000076293945, 9.640000343322754, 9.65999984741211, 9.649999618530273, 9.670000076293945, 9.710000038146973, 9.710000038146973, 9.699999809265137, 9.65999984741211, 9.637999534606934]
assets:[0, 100.00007029533386, 198.6643278942108, 300.3200734680176, 400.6301256510735, 502.69697218704226, 602.1809146694184, 702.7994234848023, 798.4703131729126, 898.4705243255615, 998.4707354782105, 1096.4080506813048, 1197.543446448326, 1301.2588544128416, 1399.9171463778496, 1497.0281838111878, 1592.3834567117692, 1695.6873932151796, 1793.9320340848922, 1897.6504849720002, 2005.5004948788644, 2105.5008722717284, 2203.3326466750145, 2294.2470657604217, 2389.022026040554]
shares:[0, 10.2775, 20.6942, 31.0248, 41.3447, 51.6116, 61.8891, 72.156, 82.4866, 92.8172, 103.1478, 113.4998, 123.8411, 134.1504, 144.4703, 154.8116, 165.185, 175.537, 185.8997, 196.241, 206.5397, 216.8384, 227.1477, 237.4997, 247.8753]
growth_rate:-0.46
