ticker:OSTRU
price:[10.210000038146973, 10.100000381469727, 10.229999542236328, 10.305000305175781, 10.300000190734863, 10.069999694824219, 10.029999732971191, 9.989999771118164, 9.920000076293945, 9.800000190734863, 9.899999618530273, 9.9399995803833, 9.970000267028809, 9.949999809265137, 9.960000038146973, 10.0, 9.9399995803833, 9.930000305175781, 9.9399995803833, 9.970000267028809, 9.989999771118164, 9.960000038146973, 10.0, 10.0, 9.989999771118164, 10.0, 10.010000228881836, 10.039999961853027, 9.9399995803833, 9.920000076293945, 9.890000343322754, 9.878999710083008, 10.0]
assets:[0, 100.00010377693177, 201.28751699295046, 302.76296996612547, 402.61567745561604, 493.6253430404663, 591.6646692481041, 689.3049892072677, 784.4745980333329, 874.9851770296096, 983.9134420875549, 1087.8892180747985, 1191.1727609034538, 1288.7836752948763, 1390.079357324028, 1495.662, 1586.688337018013, 1685.0922547874452, 1786.789474570751, 1892.1824226787567, 1995.9779782699584, 2089.9844960046767, 2198.3779999999997, 2298.3779999999997, 2396.0794671031954, 2498.478, 2600.976437472153, 2708.771909708023, 2781.792378566742, 2876.1949021205905, 2967.496581014061, 3064.196013375664, 3201.7270000000003]
shares:[0, 9.901, 19.6762, 29.3802, 39.0889, 49.0194, 58.9895, 68.9995, 79.0801, 89.2842, 99.3852, 109.4456, 119.4757, 129.526, 139.5662, 149.5662, 159.6266, 169.6971, 179.7575, 189.7876, 199.7976, 209.8378, 219.8378, 229.8378, 239.8478, 249.8478, 259.8378, 269.798, 279.8584, 289.939, 300.0502, 310.1727, 320.1727]
growth_rate:0.05
