ticker:OSUR
price:[10.239999771118164, 11.3100004196167, 12.579999923706055, 11.239999771118164, 12.800000190734863, 15.380000114440918, 13.8100004196167, 14.90999984741211, 14.9399995803833, 13.3100004196167, 13.050000190734863, 12.09000015258789, 11.649999618530273, 11.890000343322754, 12.84000015258789, 11.100000381469727, 11.600000381469727, 10.59000015258789, 11.899999618530273, 12.920000076293945, 13.869999885559082, 15.229999542236328, 14.5600004196167, 14.15999984741211, 11.430000305175781, 10.600000381469727, 10.300000190734863, 11.270000457763672, 11.34000015258789, 11.010000228881836, 11.680000305175781, 10.420000076293945, 10.010000228881836, 9.399999618530273, 9.149999618530273, 9.859999656677246, 9.510000228881836, 9.640000343322754, 9.609999656677246, 9.289999961853027, 9.649999618530273, 9.359999656677246, 9.5600004196167, 10.210000038146973, 10.350000381469727, 10.069999694824219, 11.279999732971191, 11.789999961853027, 11.760000228881836, 10.869999885559082, 10.170000076293945, 10.59000015258789]
assets:[0, 99.99963071012496, 211.22826271896363, 288.72861812057494, 428.801286389637, 615.232302577877, 652.4286118240357, 804.3959827678681, 906.0138645529747, 907.1643745996474, 989.4431844614029, 1016.6565758312225, 1079.656724647522, 1201.898306704712, 1397.9293366127015, 1308.4902449684143, 1467.4313682569505, 1439.6639247436524, 1717.7530449352264, 1964.9885996034623, 2209.4729507697107, 2526.119305073166, 2514.989640481567, 2545.8957565654755, 2155.0556915390016, 2098.5647555225373, 2139.170989613056, 2440.6267911331174, 2555.7854203899383, 2581.4112596637724, 2838.49937016449, 2632.2910412733077, 2628.717151106453, 2568.5254557643893, 2600.2139515953063, 2901.9793229537963, 2898.967605770874, 3038.5955882177354, 3129.1388962097167, 3124.943246168232, 3346.038937729263, 3345.4847732883454, 3516.9702383702274, 3856.09443640728, 4008.969147758484, 4000.513813762665, 4581.210587550067, 4888.340309183598, 4975.901880844688, 4699.323785524845, 4496.69909473362, 4782.403826908112]
shares:[0, 8.8417, 16.7908, 25.6876, 33.5001, 40.0021, 47.2432, 53.9501, 60.6435, 68.1566, 75.8194, 84.0907, 92.6744, 101.0848, 108.873, 117.882, 126.5027, 135.9456, 144.349, 152.0889, 159.2987, 165.8647, 172.7328, 179.7949, 188.5438, 197.9778, 207.6865, 216.5596, 225.3779, 234.4606, 243.0222, 252.6191, 262.6091, 273.2474, 284.1764, 294.3184, 304.8336, 315.207, 325.6128, 336.3771, 346.7398, 357.4236, 367.8839, 377.6782, 387.34, 397.2705, 406.1357, 414.6175, 423.1209, 432.3205, 442.1533, 451.5962]
growth_rate:-6.23
