ticker:OSW
price:[7.489999771118164, 7.244999885559082, 7.03000020980835, 6.75, 6.590000152587891, 7.539999961853027, 7.039999961853027, 6.789999961853027, 6.210000038146973, 6.340000152587891, 8.0, 8.220000267028809, 8.680000305175781, 9.789999961853027, 8.770000457763672, 9.390000343322754, 9.029999732971191, 10.140000343322754, 9.6899995803833, 8.470000267028809, 9.359999656677246, 9.489999771118164, 10.145000457763672, 8.84000015258789, 10.029999732971191, 10.90999984741211, 11.100000381469727, 11.369999885559082, 11.0, 10.100000381469727, 11.279999732971191, 11.449999809265137, 10.569999694824219, 10.25, 10.654999732971191, 10.529999732971191, 10.4399995803833, 10.949999809265137, 11.210000038146973, 11.920000076293945, 11.270000457763672, 11.180000305175781, 10.3100004196167, 9.630000114440918, 9.5, 9.640000343322754, 9.710000038146973, 9.880000114440918, 10.460000038146973, 9.739999771118164, 9.380000114440918, 10.819999694824219]
assets:[0, 99.99983542041778, 197.03262788038253, 289.18485, 382.3300618526459, 537.4459192809105, 601.8059487390518, 680.4347231772423, 722.3124284370423, 837.4335021549225, 1156.6984, 1288.5072358574866, 1460.6131633529665, 1747.396534191227, 1665.3388949249268, 1883.070668849945, 1910.8761694929124, 2245.7677300377845, 2246.1031427345274, 2063.3123930488587, 2380.1187446977615, 2513.1759033866883, 2786.6358272388456, 2528.1772796390537, 2968.508810969353, 3328.956252441025, 3486.930809834099, 3671.748173043251, 3652.2629, 3453.4416204339977, 3956.9122343289373, 4116.546296426296, 3900.1649953948972, 3882.090125, 4135.480295359231, 4186.964818823338, 4251.17826913166, 4558.850650590705, 4767.0973562221525, 5169.0281690843585, 4987.160030567932, 5047.332999774932, 4754.561855510521, 4540.972625963974, 4579.67165, 4747.1612930672645, 4881.632607178116, 5067.099342692661, 5464.560289928912, 5188.414114076615, 5096.645574181747, 5979.072321361542]
shares:[0, 13.8026, 28.0274, 42.8422, 58.0167, 71.2793, 85.4838, 100.2113, 116.3144, 132.0873, 144.5873, 156.7527, 168.2734, 178.4879, 189.8904, 200.54, 211.6142, 221.4761, 231.796, 243.6024, 254.2862, 264.8236, 274.6807, 285.9929, 295.963, 305.1289, 314.1379, 322.933, 332.0239, 341.9249, 350.7901, 359.5237, 368.9844, 378.7405, 388.1258, 397.6225, 407.201, 416.3334, 425.254, 433.6433, 442.5164, 451.4609, 461.1602, 471.5444, 482.0707, 492.4441, 502.7428, 512.8643, 522.4245, 532.6914, 543.3524, 552.5945]
growth_rate:17.24
