ticker:OTEX
price:[43.56999969482422, 42.20000076293945, 41.93000030517578, 41.90999984741211, 41.97999954223633, 42.310001373291016, 41.84000015258789, 40.72999954223633, 36.72999954223633, 41.439998626708984, 42.27000045776367, 43.04999923706055, 44.599998474121094, 45.810001373291016, 45.599998474121094, 45.189998626708984, 45.72999954223633, 45.459999084472656, 44.84000015258789, 46.20000076293945, 46.83000183105469, 44.790000915527344, 48.7400016784668, 47.939998626708984, 46.63999938964844, 44.56999969482422, 45.33000183105469, 47.61000061035156, 49.34000015258789, 48.0, 48.29999923706055, 49.36000061035156, 49.83000183105469, 47.650001525878906, 47.099998474121094, 47.939998626708984, 46.18000030517578, 45.77000045776367, 46.97999954223633, 48.59000015258789, 49.72999954223633, 49.720001220703125, 51.08000183105469, 51.95000076293945, 51.52000045776367, 50.16999816894531, 51.349998474121094, 51.90999984741211, 52.619998931884766, 53.560001373291016, 53.27000045776367, 54.47999954223633]
assets:[0, 100.00134180793762, 199.36037945098877, 299.26673591041566, 399.7671396408081, 502.90936932334904, 597.3245781784058, 681.4780603408814, 714.552757094574, 906.1808819698334, 1024.328921092987, 1143.2314747394562, 1284.3952160575868, 1419.239652545929, 1512.734349380493, 1599.133962403488, 1718.2407108001707, 1808.0941815864562, 1883.4369464092256, 2040.5616336975097, 2168.388306784058, 2173.9274844360352, 2465.6445829097747, 2525.172311663818, 2556.697494541931, 2543.2265805862426, 2686.5913505218505, 2921.7209954559326, 3127.889573673248, 3142.9392000000003, 3262.5828384647366, 3434.1825544647218, 3566.8813610687257, 3510.8330524261473, 3570.307054334259, 3733.9793770362853, 3696.893744430542, 3764.069913645935, 3963.580413379669, 4199.4101991874695, 4397.937158517075, 4497.0547824096675, 4720.062893199158, 4900.453961968232, 4959.892268069458, 4929.924768072509, 5145.875777088928, 5301.9939464149475, 5474.5110208747865, 5672.309437439346, 5741.595132339096, 5972.010381820678]
shares:[0, 2.3697, 4.7546, 7.1407, 9.5228, 11.8863, 14.2764, 16.7316, 19.4542, 21.8673, 24.233, 26.5559, 28.7981, 30.981, 33.174, 35.3869, 37.5736, 39.7733, 42.0035, 44.168, 46.3034, 48.536, 50.5877, 52.6736, 54.8177, 57.0614, 59.2674, 61.3678, 63.3946, 65.4779, 67.5483, 69.5742, 71.581, 73.6796, 75.8027, 77.8886, 80.054, 82.2388, 84.3674, 86.4254, 88.4363, 90.4476, 92.4053, 94.3302, 96.2712, 98.2644, 100.2118, 102.1382, 104.0386, 105.9057, 107.7829, 109.6184]
growth_rate:17.1
