ticker:OTIC
price:[3.5250000953674316, 3.7699999809265137, 3.950000047683716, 3.5999999046325684, 4.440000057220459, 4.230000019073486, 3.799999952316284, 3.7899999618530273, 3.5799999237060547, 3.809999942779541, 4.139999866485596, 4.320000171661377, 4.5, 4.46999979019165, 5.420000076293945, 6.380000114440918, 6.300000190734863, 6.46999979019165, 5.889999866485596, 5.199999809265137, 4.929999828338623, 4.25, 5.46999979019165, 5.190000057220459, 5.389999866485596, 2.9149999618530273, 2.5, 2.809999942779541, 2.869999885559082, 2.6500000953674316, 2.6700000762939453, 2.2300000190734863, 2.2100000381469727, 2.2899999618530273, 2.3499999046325684, 2.1600000858306885, 2.069999933242798, 2.4700000286102295, 2.3299999237060547, 2.319999933242798, 2.3299999237060547, 2.259999990463257, 2.380000114440918, 2.1500000953674316, 2.1700000762939453, 1.850000023841858, 1.809999942779541, 1.7899999618530273, 1.6200000047683716, 1.4700000286102295, 1.25, 1.5]
assets:[0, 100.00000349407196, 204.7747174720049, 286.6301924068928, 453.5104858446121, 532.0608233991146, 577.9742927473784, 676.4532161913871, 738.9717702516556, 886.4475406868935, 1063.2264857110977, 1209.4536000593662, 1359.84735, 1450.781790904665, 1859.1136841695786, 2288.4033230481145, 2359.708541441059, 2523.383381172037, 2397.1757576608657, 2216.3522387046814, 2201.272531352234, 1997.64875, 2671.091152547121, 2634.3625460442067, 2835.8794377531053, 1633.6898661208152, 1501.10625, 1787.2434206060889, 1925.4051462246894, 1877.8131225781917, 1991.9853299200058, 1763.7179420853138, 1847.8999298967362, 2014.792117437458, 2167.5813970354557, 2092.330307141733, 2105.1497741092203, 2611.9420382543562, 2563.8967330472947, 2652.8927796639205, 2764.3277534843446, 2781.2793842635633, 3028.9580776456833, 2836.2435758070947, 2962.627107161522, 2625.7420338392258, 2668.969081624508, 2739.4776966185573, 2579.3039055920244, 2440.4794944984196, 2175.237625, 2710.2852000000003]
shares:[0, 26.5252, 51.8417, 79.6195, 102.142, 125.7827, 152.0985, 178.4837, 206.4167, 232.6634, 256.818, 279.9661, 302.1883, 324.5597, 343.0099, 358.6839, 374.5569, 390.0129, 406.9908, 426.2216, 446.5056, 470.035, 488.3165, 507.5843, 526.1372, 560.4425, 600.4425, 636.0297, 670.8729, 708.6087, 746.0619, 790.9049, 836.1538, 879.8219, 922.3751, 968.6714, 1016.9806, 1057.4664, 1100.3849, 1143.4883, 1186.4068, 1230.6546, 1272.6714, 1319.183, 1365.2659, 1419.32, 1474.5686, 1530.4345, 1592.1629, 1660.1901, 1740.1901, 1806.8568]
growth_rate:-46.86
