ticker:OTLK
price:[0.6499999761581421, 0.6100000143051147, 0.6959999799728394, 0.675000011920929, 0.7009999752044678, 0.7549999952316284, 0.8799999952316284, 0.800000011920929, 0.7799999713897705, 0.8199999928474426, 1.0399999618530273, 1.2000000476837158, 1.2300000190734863, 1.159999966621399, 1.3200000524520874, 1.4500000476837158, 1.5499999523162842, 1.2999999523162842, 1.2799999713897705, 1.2200000286102295, 1.3300000429153442, 0.9350000023841858, 2.180000066757202, 2.5299999713897705, 2.430000066757202, 2.1700000762939453, 1.8200000524520874, 2.240000009536743, 2.4700000286102295, 2.259999990463257, 2.2100000381469727, 2.190000057220459, 1.8200000524520874, 2.119999885559082, 2.380000114440918, 2.1700000762939453, 2.0899999141693115, 2.3499999046325684, 2.680000066757202, 2.5999999046325684, 2.5999999046325684, 2.5199999809265137, 2.4200000762939453, 2.380000114440918, 2.619999885559082, 2.240000009536743, 2.4200000762939453, 2.259999990463257, 2.5, 2.4000000953674316, 2.2799999713897705, 2.5899999141693115]
assets:[0, 99.99998634510041, 214.09836343939304, 307.63847793309094, 419.4882692620039, 551.802618514967, 743.1606999731064, 775.6006515573501, 856.2105705943823, 1000.1188132763325, 1368.4432858057976, 1678.9731067163943, 1820.9473782372474, 1817.3161517073513, 2167.9806261478066, 2481.493831604719, 2752.6311203189134, 2408.6583716509344, 2471.6021207553863, 2455.745865589714, 2777.16564161129, 2052.368295733398, 4885.2011715974095, 5769.522242755986, 5641.478191983247, 5137.863176639557, 4409.175625071681, 5526.677655529689, 6194.148993747377, 5767.520879662227, 5739.921052077198, 5787.9761172286035, 4910.098971508205, 5819.45544185667, 6633.162896951771, 6147.883636150361, 6021.233113724113, 6870.286056190825, 7935.050057657361, 7798.182313964367, 7898.1822102963915, 7755.161341302395, 7547.417103943062, 7522.666519723033, 8381.253873908998, 7265.652606933331, 7949.499874619293, 7523.912868250608, 8422.9125, 8185.99640528226, 7876.696065160489, 9047.650067167544]
shares:[0, 163.9344, 307.6126, 455.7607, 598.4141, 730.8644, 844.5008, 969.5008, 1097.7059, 1219.6571, 1315.8109, 1399.1442, 1480.445, 1566.6519, 1642.4095, 1711.375, 1775.8911, 1852.8142, 1930.9392, 2012.9064, 2088.0944, 2195.0463, 2240.9179, 2280.4436, 2321.5959, 2367.6788, 2422.6239, 2467.2668, 2507.7526, 2552.0004, 2597.2493, 2642.9114, 2697.8565, 2745.0263, 2787.0431, 2833.126, 2880.9729, 2923.5261, 2960.8395, 2999.301, 3037.7625, 3077.445, 3118.7673, 3160.7841, 3198.952, 3243.5949, 3284.9172, 3329.165, 3369.165, 3410.8317, 3454.6913, 3493.3013]
growth_rate:77.4
