ticker:OTRAU
price:[9.970000267028809, 10.032999992370605, 10.149999618530273, 10.199999809265137, 10.25, 10.449999809265137, 10.489999771118164, 10.850000381469727, 11.029999732971191, 10.75, 10.579999923706055, 10.930000305175781, 10.899999618530273, 10.949999809265137, 10.270000457763672, 10.300000190734863, 10.461000442504883, 10.34000015258789, 10.430999755859375, 10.413999557495117, 10.3100004196167, 10.210000038146973, 10.1850004196167, 10.199999809265137, 10.319999694824219, 10.220000267028809, 10.270000457763672, 10.199999809265137, 10.279999732971191, 10.380000114440918, 10.34000015258789, 10.34000015258789, 10.350000381469727, 10.350000381469727, 10.385000228881836, 10.385000228881836, 10.369999885559082, 10.369999885559082, 10.270000457763672, 10.319999694824219, 10.319999694824219]
assets:[0, 99.99991422395706, 201.16588743953704, 302.156634349823, 403.637825, 511.5139056637764, 613.4719706146241, 734.5254958248138, 846.7113115016937, 925.2170249999999, 1010.5857227125168, 1144.0168999420166, 1240.8766665727615, 1346.5685615445136, 1362.9461387504577, 1466.9270571644781, 1589.8565706516265, 1671.467228665924, 1786.1772775939942, 1883.2666385774612, 1964.4592319534302, 2045.4050426421163, 2140.397189683247, 2243.5491180467607, 2369.9435539176943, 2446.978751934814, 2558.9503390598297, 2641.5082306051254, 2762.2256482496264, 2889.0955338526724, 2977.962437945938, 3077.962647421646, 3180.9391022398, 3280.938735925484, 3392.033931759262, 3492.034214463234, 3586.9902194148062, 3686.99020231123, 3751.436037212372, 3869.6995735679625, 3969.6993386108397]
shares:[0, 9.9671, 19.8193, 29.6232, 39.3793, 48.9487, 58.4816, 67.6982, 76.7644, 86.0667, 95.5185, 104.6676, 113.8419, 122.9743, 132.7114, 142.4201, 151.9794, 161.6506, 171.2374, 180.8399, 190.5392, 200.3335, 210.1519, 219.9558, 229.6457, 239.4304, 249.1675, 258.9714, 268.699, 278.3329, 288.0041, 297.6753, 307.3371, 316.9989, 326.6282, 336.2575, 345.9007, 355.5439, 365.281, 374.9709, 384.6608]
growth_rate:-0.76
