ticker:OTRA
price:[10.079999923706055, 10.300000190734863, 10.25, 10.25, 10.265000343322754, 10.329999923706055, 10.350000381469727, 10.399999618530273, 10.329999923706055, 10.25, 10.100000381469727, 10.100000381469727, 10.0, 9.960000038146973, 9.960000038146973, 10.050000190734863, 10.010000228881836, 10.0, 10.020000457763672, 10.029999732971191, 10.0, 9.979999542236328, 10.149999618530273, 10.0, 10.039999961853027, 10.050000190734863, 10.010000228881836, 10.032999992370605, 10.020000457763672, 10.039999961853027, 10.0, 10.020000457763672, 10.039999961853027, 10.039999961853027, 10.020000457763672, 10.0, 10.055000305175781]
assets:[0, 99.99961185178758, 199.51420000000002, 299.514225, 399.95212887678144, 502.48425228881837, 603.4567722415924, 706.3721340904236, 801.6172910795211, 895.40925, 982.3058371009827, 1082.3059408779145, 1171.5900000000001, 1266.9040368522644, 1366.9044292352676, 1479.2555080741884, 1573.3678319755554, 1671.7959999999998, 1775.139273097229, 1876.9108410309793, 1971.297, 2067.3539111743926, 2202.569202220345, 2270.0190000000002, 2379.099474960613, 2481.4686620947837, 2571.5920818002705, 2677.500688163948, 2774.031114731598, 2879.5683730590818, 2968.096, 3074.031932437134, 3180.1679799169538, 3280.168387537002, 3373.6339541244506, 3466.9, 3585.968050336456]
shares:[0, 9.7087, 19.4648, 29.2209, 38.9627, 48.6432, 58.305, 67.9204, 77.6009, 87.357, 97.258, 107.159, 117.159, 127.1992, 137.2394, 147.1896, 157.1796, 167.1796, 177.1596, 187.1297, 197.1297, 207.1497, 217.0019, 227.0019, 236.9621, 246.9123, 256.9023, 266.8694, 276.8494, 286.8096, 296.8096, 306.7896, 316.7498, 326.71, 336.69, 346.69, 356.6353]
growth_rate:-0.39
