ticker:OTRKP
price:[25.149999618530273, 25.100000381469727, 25.145000457763672, 24.829999923706055, 25.079999923706055, 25.200000762939453, 25.079999923706055, 25.100000381469727, 24.799999237060547, 25.034000396728516, 24.8799991607666, 24.600000381469727, 24.549999237060547, 24.799999237060547, 25.03499984741211, 24.290000915527344, 24.170000076293945, 23.809999465942383, 23.91200065612793, 24.0, 24.290000915527344, 24.110000610351562, 25.09000015258789, 24.940000534057617, 24.844999313354492, 24.93000030517578, 22.899999618530273, 24.149999618530273, 23.90999984741211, 23.799999237060547, 23.850000381469727, 24.0, 24.0, 24.18000030517578, 24.299999237060547, 24.25, 24.149999618530273, 24.40999984741211, 24.600000381469727, 24.84000015258789, 24.75, 24.850000381469727, 24.950000762939453, 25.100000381469727, 24.969999313354492, 24.989999771118164, 24.950000762939453, 24.843000411987305, 24.899999618530273, 24.6299991607666, 17.3700008392334, 19.139999389648438]
assets:[0, 100.00091151981354, 200.1793486442566, 297.67197108535765, 400.66804678115847, 502.5862952159881, 600.1919861742019, 700.6715306488037, 792.2979756259919, 899.7745456592561, 994.2395984630584, 1083.0494567947387, 1180.847598302841, 1292.8735602264403, 1405.124415435791, 1463.3098121543883, 1556.0815239118576, 1632.9040493740083, 1739.8993389415743, 1846.3031999999998, 1968.6122722000123, 2054.02498099823, 2237.516177607727, 2324.138697768402, 2415.286732248306, 2523.54925289154, 2418.0613397197726, 2650.0519081401826, 2723.7171966178894, 2811.1868898838043, 2917.0935466575625, 3035.4408, 3135.4416, 3258.9562611312867, 3375.1289540321354, 3468.184075, 3553.882548863411, 3692.144290920258, 3820.8818992500305, 3958.159632314301, 4043.8183499999996, 4160.155958862114, 4276.896695782089, 4402.610346910858, 4479.807648810577, 4583.3958660209655, 4676.059282987976, 4756.0061063718795, 4866.919065438461, 4914.145413557243, 3565.640818274307, 4028.9794415206907]
shares:[0, 3.9841, 7.961, 11.9884, 15.9756, 19.9439, 23.9311, 27.9152, 31.9475, 35.9421, 39.9614, 44.0264, 48.0997, 52.132, 56.1264, 60.2433, 64.3807, 68.5806, 72.7626, 76.9293, 81.0462, 85.1939, 89.1796, 93.1892, 97.2142, 101.2254, 105.5922, 109.733, 113.9154, 118.1171, 122.31, 126.4767, 130.6434, 134.779, 138.8942, 143.0179, 147.1587, 151.2554, 155.3204, 159.3462, 163.3866, 167.4107, 171.4187, 175.4028, 179.4076, 183.4092, 187.4172, 191.4425, 195.4586, 199.5187, 205.2758, 210.5005]
growth_rate:-21.0
