ticker:OTRK
price:[67.19999694824219, 73.95999908447266, 65.62999725341797, 64.05999755859375, 65.70999908447266, 64.08000183105469, 60.04999923706055, 62.7599983215332, 61.2400016784668, 58.83000183105469, 55.59000015258789, 54.02000045776367, 50.599998474121094, 50.959999084472656, 58.52000045776367, 68.37000274658203, 67.31999969482422, 61.790000915527344, 62.279998779296875, 67.55000305175781, 71.8499984741211, 79.29000091552734, 82.23999786376953, 85.20999908447266, 73.36000061035156, 58.939998626708984, 26.020000457763672, 33.52000045776367, 37.470001220703125, 30.75, 32.349998474121094, 32.290000915527344, 31.780000686645508, 32.130001068115234, 32.63999938964844, 31.770000457763672, 32.18000030517578, 31.450000762939453, 30.3799991607666, 30.899999618530273, 30.860000610351562, 35.15999984741211, 33.29999923706055, 31.190000534057617, 32.36000061035156, 27.709999084472656, 26.68000030517578, 27.010000228881836, 27.350000381469727, 24.010000228881836, 11.5, 11.520000457763672]
assets:[0, 100.00131476211548, 188.73874610137938, 284.22139716796875, 391.53960054473873, 481.8239417678833, 551.5232129928589, 676.4147099098205, 760.0312888309479, 830.1207408370972, 884.4035484275818, 959.4276201301575, 998.6871098838806, 1105.791212133789, 1369.8361707153322, 1700.402990309143, 1774.2859119567872, 1728.538201611328, 1842.2485918914797, 2098.1368697891235, 2331.69770548172, 2673.1434458656313, 2872.6020053825378, 3076.3451179466247, 2748.520454867554, 2308.2553782180785, 1119.0161396865844, 1541.5613570522307, 1823.2190663970946, 1596.235575, 1779.2919710746764, 1875.9909311904908, 1946.3597860534667, 2067.796904740906, 2200.6181348495484, 2241.9612773036956, 2370.8937024841307, 2417.111823636246, 2434.874906737709, 2576.550118191719, 2673.213606871033, 3145.6948663482667, 3079.284229450226, 2984.1719190971376, 3196.113124282837, 2836.8444082717897, 2831.3963563865664, 2966.4164911373136, 3103.757358290291, 2824.7237049274445, 1452.95025, 1555.477693809128]
shares:[0, 1.3521, 2.8758, 4.4368, 5.9586, 7.5191, 9.1844, 10.7778, 12.4107, 14.1105, 15.9094, 17.7606, 19.7369, 21.6992, 23.408, 24.8706, 26.356, 27.9744, 29.5801, 31.0605, 32.4523, 33.7135, 34.9295, 36.1031, 37.4662, 39.1628, 43.006, 45.9893, 48.6581, 51.9101, 55.0013, 58.0982, 61.2448, 64.3572, 67.4209, 70.5685, 73.676, 76.8557, 80.1473, 83.3835, 86.6239, 89.468, 92.471, 95.6772, 98.7674, 102.3762, 106.1243, 109.8266, 113.4829, 117.6478, 126.3435, 135.0241]
growth_rate:-69.5
