ticker:OTTR
price:[38.189998626708984, 36.77000045776367, 36.34000015258789, 36.13999938964844, 37.04999923706055, 39.0099983215332, 38.83000183105469, 40.83000183105469, 38.349998474121094, 39.79999923706055, 40.91999816894531, 40.13999938964844, 40.7400016784668, 41.25, 43.380001068115234, 42.810001373291016, 42.189998626708984, 42.61000061035156, 42.66999816894531, 41.9900016784668, 41.599998474121094, 39.689998626708984, 41.86000061035156, 42.16999816894531, 41.849998474121094, 40.52000045776367, 42.869998931884766, 45.33000183105469, 46.20000076293945, 46.459999084472656, 46.5099983215332, 46.11000061035156, 47.47999954223633, 47.5099983215332, 47.22999954223633, 48.95000076293945, 48.34000015258789, 47.61000061035156, 47.970001220703125, 48.709999084472656, 49.790000915527344, 47.52000045776367, 48.97999954223633, 48.38999938964844, 48.54999923706055, 50.4900016784668, 49.70000076293945, 50.790000915527344, 53.47999954223633, 53.70000076293945, 53.709999084472656, 54.58000183105469]
assets:[0, 99.99969324493408, 198.8306768348694, 297.7357709716797, 405.23436665534973, 526.6700863391876, 624.2388754364014, 756.3921159210206, 810.450517753601, 941.0948619598389, 1067.578200228882, 1147.2292805557252, 1264.3781740917207, 1380.204375, 1551.4727242008207, 1631.0867383232116, 1707.4629964218138, 1824.46222313385, 1927.0325883071898, 1996.3222517990112, 2077.7784837875365, 2082.379436948776, 2296.230333480835, 2413.237183215332, 2494.925324033356, 2515.635604419708, 2761.5309991958616, 3019.9935139892577, 3177.95483248024, 3295.8398130531314, 3399.3878713218687, 3470.151036933899, 3673.2521805854794, 3775.5720566139216, 3853.3209116527555, 4093.649403804016, 4142.636499076462, 4180.07711658783, 4311.682822720337, 4478.197604830169, 4677.486783008575, 4564.234267967606, 4804.462849097824, 4846.587490869141, 4962.610997014999, 5260.911753891373, 5278.597321031189, 5494.3657980400085, 5885.3669896240235, 6009.577825380707, 6110.699386838532, 6309.682905677795]
shares:[0, 2.7196, 5.4714, 8.2384, 10.9375, 13.5009, 16.0762, 18.5254, 21.133, 23.6456, 26.0894, 28.5807, 31.0353, 33.4595, 35.7647, 38.1006, 40.4708, 42.8177, 45.1613, 47.5428, 49.9466, 52.4661, 54.855, 57.2264, 59.6159, 62.0838, 64.4164, 66.6224, 68.7869, 70.9393, 73.0894, 75.2581, 77.3642, 79.469, 81.5863, 83.6292, 85.6979, 87.7983, 89.8829, 91.9359, 93.9443, 96.0487, 98.0903, 100.1568, 102.2165, 104.1971, 106.2092, 108.1781, 110.048, 111.9102, 113.7721, 115.6043]
growth_rate:23.72
