ticker:OVBC
price:[22.450000762939453, 22.149999618530273, 21.760000228881836, 20.940000534057617, 21.420000076293945, 22.450000762939453, 23.350000381469727, 22.969999313354492, 21.40999984741211, 21.020000457763672, 21.799999237060547, 22.690000534057617, 23.450000762939453, 23.100000381469727, 23.5, 23.149999618530273, 23.75, 23.600000381469727, 23.299999237060547, 23.850000381469727, 23.940000534057617, 21.489999771118164, 22.899999618530273, 23.420000076293945, 24.479999542236328, 24.290000915527344, 28.56999969482422, 30.34000015258789, 26.489999771118164, 24.649999618530273, 25.0, 23.170000076293945, 23.06999969482422, 23.020000457763672, 22.3799991607666, 23.010000228881836, 24.0, 23.190000534057617, 23.440000534057617, 23.25, 23.350000381469727, 23.40999984741211, 24.469999313354492, 24.510000228881836, 24.43000030517578, 24.760000228881836, 24.760000228881836, 24.68000030517578, 24.90999984741211, 26.0, 26.84000015258789, 26.920000076293945]
assets:[0, 100.00060327777864, 198.2401300851822, 290.76865941581724, 397.43310741558076, 516.5430875541688, 637.2518654108047, 726.8810342712402, 777.5148494586945, 863.3523768016814, 995.3901451641083, 1136.027063738823, 1274.0784064517975, 1355.0621923772812, 1478.5259999999998, 1556.5064293516157, 1696.84725, 1786.1306288709638, 1863.4244289836884, 2007.4116021076202, 2114.9865291814804, 1998.5398927143096, 2229.6676228580473, 2380.298733754158, 2588.032895605087, 2667.94568855896, 3238.0494834121705, 3538.6573737968442, 3189.6184884407044, 3068.0671325202943, 3211.63, 3076.5380971303944, 3163.259157155609, 3256.4023587551114, 3265.8685175323485, 3457.802473394966, 3706.5743999999995, 3681.477516783142, 3821.165447061539, 3890.192325, 4006.9254454612733, 4117.222018163681, 4403.647993430519, 4510.847403123665, 4596.123449414063, 4758.208475984955, 4858.209164909363, 4942.513113115692, 5088.57491282959, 5411.2396, 5686.064768325806, 5803.012508446312]
shares:[0, 4.5147, 9.1103, 13.8858, 18.5543, 23.0086, 27.2913, 31.6448, 36.3155, 41.0729, 45.6601, 50.0673, 54.3317, 58.6607, 62.916, 67.2357, 71.4462, 75.6835, 79.9753, 84.1682, 88.3453, 92.9986, 97.3654, 101.6353, 105.7203, 109.8372, 113.3374, 116.6334, 120.4084, 124.4652, 128.4652, 132.7811, 137.1157, 141.4597, 145.928, 150.2739, 154.4406, 158.7528, 163.019, 167.3201, 171.6028, 175.8745, 179.9611, 184.0411, 188.1344, 192.1732, 196.212, 200.2639, 204.2784, 208.1246, 211.8504, 215.5651]
growth_rate:13.78
