ticker:OVID
price:[5.480000019073486, 5.710000038146973, 6.690000057220459, 5.824999809265137, 5.760000228881836, 5.650000095367432, 5.519999980926514, 5.340000152587891, 5.110000133514404, 4.980000019073486, 6.039999961853027, 6.139999866485596, 6.289999961853027, 2.680000066757202, 2.559999942779541, 2.6500000953674316, 2.609999895095825, 2.309999942779541, 2.4200000762939453, 2.4700000286102295, 2.7100000381469727, 2.809999942779541, 3.190000057220459, 3.4200000762939453, 3.4700000286102295, 2.950000047683716, 3.9700000286102295, 4.099999904632568, 4.46999979019165, 3.9700000286102295, 4.070000171661377, 3.690000057220459, 3.7799999713897705, 3.6700000762939453, 3.6700000762939453, 3.4800000190734863, 3.5799999237060547, 3.940000057220459, 4.150000095367432, 4.380000114440918, 4.489999771118164, 4.369999885559082, 4.340000152587891, 4.039999961853027, 3.940000057220459, 3.700000047683716, 3.740000009536743, 3.7300000190734863, 3.7300000190734863, 4.039999961853027, 3.509999990463257, 3.5199999809265137]
assets:[0, 99.99980166807175, 217.16275385742188, 289.08425553417203, 385.858383332634, 478.4894680765152, 567.4797340391635, 648.9750245441437, 721.0230628389359, 802.6798890742779, 1073.5314732198715, 1191.3048780950546, 1320.408742992115, 662.5906205047369, 732.9223516179085, 858.6890709022522, 945.727719988203, 937.023294789219, 1081.6434761003495, 1203.991386945939, 1420.978493002224, 1573.4131029603482, 1886.188018833399, 2122.182893342018, 2253.2087775777577, 2015.5521325793268, 2812.454813268256, 3004.5500401131153, 3375.692436555147, 3098.0983003267766, 3276.136056178379, 3070.256060610151, 3245.1401814380406, 3250.7051365774155, 3350.705298656273, 3277.235381962156, 3471.408860020256, 3920.4891769371034, 4229.449357193184, 4563.852371244621, 4778.46923541317, 4750.759723587799, 4818.146215398789, 4585.094532706071, 4571.60216039319, 4393.1288266164065, 4540.622185578274, 4628.481677667904, 4728.481859179258, 5221.46563069725, 4636.471307402611, 4749.680646263361]
shares:[0, 17.5131, 32.4608, 49.6282, 66.9893, 84.6884, 102.8043, 121.5309, 141.1004, 161.1807, 177.737, 194.0236, 209.9219, 247.2353, 286.2978, 324.0336, 362.3478, 405.6378, 446.9601, 487.4459, 524.3463, 559.9335, 591.2815, 620.5213, 649.3397, 683.238, 708.4269, 732.8171, 755.1885, 780.3774, 804.9474, 832.0477, 858.5027, 885.7507, 912.9987, 941.7343, 969.6673, 995.048, 1019.1444, 1041.9754, 1064.2471, 1087.1304, 1110.1719, 1134.9244, 1160.3051, 1187.3321, 1214.0701, 1240.8798, 1267.6895, 1292.442, 1320.932, 1349.3411]
growth_rate:-6.87
