ticker:OVLY
price:[13.59000015258789, 13.25, 12.899999618530273, 11.640000343322754, 12.119999885559082, 14.789999961853027, 14.0600004196167, 14.489999771118164, 13.869999885559082, 16.399999618530273, 18.399999618530273, 17.209999084472656, 18.010000228881836, 18.020000457763672, 17.6299991607666, 17.450000762939453, 17.43000030517578, 16.6200008392334, 16.56999969482422, 15.989999771118164, 16.149999618530273, 15.550000190734863, 16.149999618530273, 15.970000267028809, 15.770000457763672, 16.15999984741211, 19.200000762939453, 19.770000457763672, 18.729999542236328, 18.030000686645508, 17.200000762939453, 16.760000228881836, 16.739999771118164, 17.549999237060547, 17.739999771118164, 17.700000762939453, 17.700000762939453, 17.899999618530273, 18.899999618530273, 18.799999237060547, 18.6200008392334, 18.0, 18.139999389648438, 18.09000015258789, 17.309999465942383, 17.1299991607666, 17.25, 17.479999542236328, 17.59000015258789, 18.110000610351562, 18.459999084472656, 17.700000762939453]
assets:[0, 100.0004, 197.3583841638565, 278.08193620204923, 389.54891632175446, 575.365015515995, 646.9667013085365, 766.7528278884887, 833.9448391191482, 1086.0637347377776, 1318.5108526645658, 1333.2379770751954, 1495.2136320020675, 1596.044054544449, 1661.5022479082108, 1744.5393962738037, 1842.539276260376, 1856.9128057655334, 1951.3262460617066, 1983.0238066148756, 2102.867225329399, 2124.7426960618973, 2306.727055514145, 2381.016846812153, 2451.198982152176, 2611.817959338379, 3203.149567281723, 3398.243631684494, 3319.4784858715057, 3295.4189515010835, 3243.7171838813783, 3260.73849253006, 3356.847044102669, 3619.2749176616667, 3758.4584415082927, 3849.9838059494023, 3949.983500259781, 4094.615962738991, 4423.365360720634, 4499.960297383118, 4556.876529385758, 4505.1444, 4640.184633872986, 4727.394615875244, 4623.559711351395, 4675.480813938713, 4808.23395, 4972.343189785004, 5103.633004272461, 5354.5078184600825, 5557.990058350372, 5429.167254018402]
shares:[0, 7.5472, 15.2991, 23.8902, 32.141, 38.9023, 46.0147, 52.916, 60.1258, 66.2234, 71.6582, 77.4688, 83.0213, 88.5707, 94.2429, 99.9736, 105.7108, 111.7276, 117.7626, 124.0165, 130.2085, 136.6394, 142.8314, 149.0931, 155.4343, 161.6224, 166.8307, 171.8889, 177.2279, 182.7742, 188.5882, 194.5548, 200.5285, 206.2265, 211.8635, 217.5132, 223.1629, 228.7495, 234.0405, 239.3596, 244.7302, 250.2858, 255.7985, 261.3264, 267.1034, 272.9411, 278.7382, 284.459, 290.144, 295.6658, 301.0829, 306.7326]
growth_rate:6.45
