ticker:OXBR
price:[1.100000023841858, 1.0299999713897705, 1.0299999713897705, 1.0700000524520874, 1.7699999809265137, 2.369999885559082, 1.940000057220459, 1.9700000286102295, 1.6299999952316284, 1.6699999570846558, 1.600000023841858, 1.6100000143051147, 1.718000054359436, 1.8899999856948853, 1.6699999570846558, 1.809999942779541, 1.6799999475479126, 1.8700000047683716, 2.25, 2.5199999809265137, 2.2899999618530273, 3.069999933242798, 3.2699999809265137, 3.4760000705718994, 3.700000047683716, 2.930000066757202, 2.4200000762939453, 2.9700000286102295, 2.9700000286102295, 2.799999952316284, 2.640000104904175, 2.569999933242798, 1.9199999570846558, 2.2300000190734863, 2.0199999809265137, 2.130000114440918, 2.1500000953674316, 2.450000047683716, 2.299999952316284, 2.619999885559082, 3.049999952316284, 2.6600000858306885, 2.509999990463257, 2.5999999046325684, 2.940000057220459, 3.569999933242798, 3.5999999046325684, 3.8299999237060547, 3.75, 3.990000009536743, 3.319999933242798, 3.240000009536743]
assets:[0, 100.0000192223072, 200.0000384446144, 307.7670040869355, 609.1099164362431, 915.5878357887268, 849.4686010551453, 962.604659979868, 896.4698423774838, 1018.4690128275753, 1075.778736030352, 1182.5023455067276, 1361.8254856896758, 1598.1665999037264, 1512.1365311414004, 1738.9024210271837, 1714.008858486104, 2007.8550961198926, 2515.8683250000004, 2917.7724019158363, 2751.467701165867, 3788.648849615765, 4135.466297878361, 4495.988146080327, 4885.717972964645, 3968.9605104289058, 3378.117552499962, 4245.8713519007915, 4345.871252864099, 4197.117608523512, 4057.2825772219185, 4049.702837806678, 3125.4588741405487, 3730.0902579039575, 3478.82619115181, 3768.2675504619597, 3903.650253153992, 4548.345463523268, 4369.875249403524, 5077.857672200489, 6011.246736020135, 5342.595808390474, 5141.3213324655535, 5425.671220987558, 6235.182403353739, 7671.292611550689, 7835.757272423314, 8436.375301946639, 8360.158875000001, 8995.2092375, 7584.73539548924, 7501.970866081595]
shares:[0, 97.0874, 194.1748, 287.6327, 344.1299, 386.324, 437.8704, 488.6318, 549.9815, 609.8617, 672.3617, 734.4735, 792.6807, 845.5908, 905.471, 960.7196, 1020.2434, 1073.7193, 1118.1637, 1157.8462, 1201.5143, 1234.0876, 1264.6686, 1293.4373, 1320.4643, 1354.594, 1395.9163, 1429.5863, 1463.2563, 1498.9706, 1536.8494, 1575.7599, 1627.8432, 1672.6862, 1722.1912, 1769.1396, 1815.6512, 1856.4675, 1899.9458, 1938.1137, 1970.9006, 2008.4946, 2048.3352, 2086.7967, 2120.8103, 2148.8215, 2176.5993, 2202.709, 2229.3757, 2254.4384, 2284.5589, 2315.4231]
growth_rate:47.1
