ticker:OXLCM
price:[23.940000534057617, 24.100000381469727, 24.13800048828125, 23.979999542236328, 24.0, 24.030000686645508, 24.18899917602539, 24.0, 24.024999618530273, 24.149999618530273, 24.030000686645508, 24.200000762939453, 24.200000762939453, 24.149999618530273, 24.09000015258789, 24.18000030517578, 24.070999145507812, 24.1200008392334, 24.299999237060547, 24.250999450683594, 24.479999542236328, 24.350000381469727, 25.07699966430664, 24.985000610351562, 25.25, 24.999000549316406, 25.079999923706055, 25.110000610351562, 25.100000381469727, 25.18000030517578, 25.15999984741211, 25.299999237060547, 25.31999969482422, 25.290000915527344, 25.46299934387207, 25.420000076293945, 25.260000228881836, 25.299999237060547, 25.34000015258789, 25.25, 25.364999771118164, 25.09000015258789, 25.1200008392334, 25.239999771118164, 25.25, 25.110000610351562, 25.190000534057617, 25.25, 25.27199935913086, 25.290000915527344, 25.260000228881836, 25.30299949645996]
assets:[0, 100.00054158287048, 200.15712764892575, 298.8459482952118, 399.096, 499.5957292757035, 602.9011288627624, 698.1912, 798.9177273147583, 903.0747457351684, 998.588305534172, 1105.652054857254, 1205.6512980098726, 1303.160544415474, 1399.922906867218, 1505.1518229965209, 1598.3672994598387, 1701.620231206322, 1814.318133036423, 1910.6586435211182, 2028.7016260643004, 2117.928943179703, 2281.161874563217, 2372.7930274642945, 2497.9597750000003, 2573.129627240753, 2681.4658118429184, 2784.673957687378, 2883.5658538244247, 2992.7563462715148, 3090.380137257767, 3207.5769132732394, 3310.1114121040346, 3406.1888313079835, 3529.489996552468, 3623.529498875427, 3700.7213855323794, 3806.5822252098083, 3912.599917560196, 3998.7036249999996, 4116.914481350899, 4172.281359374237, 4277.270462899209, 4397.703980120659, 4499.446475, 4574.499735192871, 4689.073257413864, 4800.24215, 4904.423191629409, 5007.915865292358, 5101.9744302291865, 5210.659337805748]
shares:[0, 4.1494, 8.2922, 12.4623, 16.629, 20.7905, 24.9246, 29.0913, 33.2536, 37.3944, 41.5559, 45.6881, 49.8203, 53.9611, 58.1122, 62.2478, 66.4022, 70.5481, 74.6633, 78.7868, 82.8718, 86.9786, 90.9663, 94.9687, 98.9291, 102.9293, 106.9165, 110.899, 114.8831, 118.8545, 122.8291, 126.7817, 130.7311, 134.6852, 138.6125, 142.5464, 146.5052, 150.4578, 154.4041, 158.3645, 162.3069, 166.2926, 170.2735, 174.2355, 178.1959, 182.1784, 186.1482, 190.1086, 194.0655, 198.0196, 201.9784, 205.9305]
growth_rate:2.17
