ticker:OXLCP
price:[22.75, 23.13319969177246, 23.111499786376953, 23.219900131225586, 23.200000762939453, 23.0, 23.049999237060547, 22.920000076293945, 22.440000534057617, 22.75, 23.01300048828125, 23.454999923706055, 23.450000762939453, 23.399999618530273, 23.520000457763672, 23.100000381469727, 23.049999237060547, 23.0, 23.299999237060547, 23.1299991607666, 23.677099227905273, 23.500099182128906, 23.850000381469727, 24.0, 23.950000762939453, 23.989999771118164, 23.96500015258789, 24.100000381469727, 24.299999237060547, 24.309999465942383, 24.440000534057617, 24.43000030517578, 24.775100708007812, 24.850000381469727, 25.149999618530273, 24.934999465942383, 24.959999084472656, 25.121200561523438, 24.969999313354492, 25.000099182128906, 25.205900192260742, 25.079999923706055, 25.020000457763672, 25.06999969482422, 25.079999923706055, 25.003000259399414, 25.040000915527344, 25.15999984741211, 25.190000534057617, 25.290000915527344, 25.350000381469727, 25.149999618530273]
assets:[0, 100.000195627594, 199.9075397022247, 300.84631406021117, 400.58745317344665, 497.13349999999997, 598.2143251995086, 694.8404303129196, 780.2881865703582, 891.06745, 1001.3692928466796, 1120.602494854927, 1220.3638347042083, 1317.7616185176848, 1424.519403725052, 1499.0814547555924, 1595.8367321788787, 1692.3745000000001, 1814.447830587387, 1901.2096020177844, 2046.1796506954192, 2130.88324338913, 2262.6113761894226, 2376.8424, 2471.8915537433622, 2576.0197864229203, 2673.3365075214383, 2788.396554136467, 2911.5359985874175, 3012.7333718143464, 3128.845528370857, 3227.5646043182373, 3373.157214006043, 3483.353773472595, 3625.4051400106428, 3694.4119103731155, 3798.1156366859436, 3922.6453222412106, 3999.03528203125, 4103.856281103516, 4237.638625633049, 4316.471134869194, 4406.144678614425, 4514.949004039765, 4616.748957955742, 4702.574289987945, 4809.533135848999, 4932.582746085358, 5038.463602821351, 5158.464711742401, 5270.703634314156, 5329.118929169083]
shares:[0, 4.3228, 8.6497, 12.9564, 17.2667, 21.6145, 25.9529, 30.3159, 34.7722, 39.1678, 43.5132, 47.7767, 52.0411, 56.3146, 60.5663, 64.8953, 69.2337, 73.5815, 77.8733, 82.1967, 86.4202, 90.6755, 94.8684, 99.0351, 103.2105, 107.3789, 111.5517, 115.7011, 119.8163, 123.9298, 128.0215, 132.1148, 136.1511, 140.1752, 144.1513, 148.1617, 152.1681, 156.1488, 160.1536, 164.1536, 168.1209, 172.1081, 176.1049, 180.0937, 184.0809, 188.0804, 192.074, 196.0486, 200.0184, 203.9725, 207.9173, 211.8934]
growth_rate:4.49
