ticker:OXLC
price:[4.239999771118164, 4.489999771118164, 4.309999942779541, 4.210000038146973, 4.46999979019165, 4.679999828338623, 4.420000076293945, 4.429999828338623, 4.340000152587891, 4.619999885559082, 4.619999885559082, 4.690000057220459, 5.03000020980835, 5.860000133514404, 5.800000190734863, 5.329999923706055, 5.199999809265137, 5.409999847412109, 5.869999885559082, 5.78000020980835, 6.539999961853027, 6.230000019073486, 6.769999980926514, 6.46999979019165, 6.400000095367432, 6.25, 6.510000228881836, 6.590000152587891, 6.320000171661377, 6.210000038146973, 6.289999961853027, 6.690000057220459, 6.510000228881836, 6.610000133514404, 6.739999771118164, 7.159999847412109, 6.860000133514404, 6.789999961853027, 6.949999809265137, 7.820000171661377, 7.429999828338623, 7.5, 7.360000133514404, 7.559999942779541, 7.409999847412109, 7.480000019073486, 7.309999942779541, 7.139999866485596, 7.420000076293945, 7.28000020980835, 7.050000190734863, 7.170000076293945]
assets:[0, 99.99992790241241, 195.99121339797972, 291.4439886407852, 409.4430407819748, 528.6785206081868, 599.3073683446884, 700.6633918494701, 786.4288596496582, 937.1660527856826, 1037.165950308609, 1152.8808060657502, 1336.458480745554, 1656.9871157528398, 1740.0215172211647, 1699.01955768013, 1757.580175532341, 1928.5594506053924, 2192.5406382544516, 2258.9240759967324, 2655.9449965082167, 2630.051824052048, 2958.017445666218, 2926.938619085598, 2995.2717246330258, 3025.0699999999997, 3250.913136297226, 3390.8628315135957, 3351.9353310439587, 3393.5948668462756, 3537.312939547253, 3862.261467034435, 3858.3443316535954, 4017.61228315115, 4196.627157487869, 4558.138242860794, 4467.155254943084, 4521.571651597309, 4728.118230242157, 5419.983468977212, 5249.677523712397, 5399.136, 5398.35254592905, 5645.046665273523, 5633.04187000351, 5786.255742754554, 5754.749939953565, 5720.918467021704, 6045.268466158675, 6031.2071738183495, 5940.660805722141, 6141.778328352928]
shares:[0, 22.2717, 45.4736, 69.2266, 91.598, 112.9655, 135.5899, 158.1633, 181.2048, 202.8498, 224.4948, 245.8168, 265.6975, 282.7623, 300.0037, 318.7654, 337.9962, 356.4805, 373.5163, 390.8173, 406.1078, 422.1592, 436.9302, 452.3862, 468.0112, 484.0112, 499.3722, 514.5467, 530.3695, 546.4726, 562.3709, 577.3186, 592.6796, 607.8082, 622.645, 636.6115, 651.1888, 665.9163, 680.3048, 693.0925, 706.5515, 719.8848, 733.4718, 746.6993, 760.1946, 773.5636, 787.2435, 801.2491, 814.7262, 828.4625, 842.6469, 856.5939]
growth_rate:20.43
