ticker:OXLCL
price:[24.93000030517578, 25.010000228881836, 25.219999313354492, 25.299999237060547, 25.15999984741211, 25.389999389648438, 25.531999588012695, 25.5, 25.660999298095703, 25.81999969482422, 25.75, 25.75, 25.649999618530273, 25.459999084472656, 25.760000228881836, 25.760000228881836, 26.170000076293945, 26.238000869750977, 26.099000930786133, 26.44499969482422, 26.399999618530273, 26.0, 25.860000610351562, 25.940000534057617, 25.989999771118164]
assets:[0, 99.99998491516114, 200.8394645318985, 301.47732090873717, 399.81000957527164, 503.46591489715576, 606.2828622169494, 705.5238, 809.9791784446716, 914.9988211853029, 1012.518325, 1112.51845, 1208.197062031555, 1299.2466672798157, 1414.5563165685653, 1514.5566374570847, 1638.6633417772293, 1742.9221789752962, 1833.689706396103, 1957.9983554046632, 2054.6670903108597, 2123.537, 2212.103242210388, 2318.947851742935, 2423.4167366580964]
shares:[0, 3.9984, 7.9635, 11.9161, 15.8907, 19.8293, 23.746, 27.6676, 31.5646, 35.4376, 39.3211, 43.2046, 47.1032, 51.0309, 54.9129, 58.7949, 62.6161, 66.4274, 70.259, 74.0404, 77.8283, 81.6745, 85.5415, 89.3966, 93.2442]
growth_rate:0.98
