ticker:OXSQL
price:[24.600000381469727, 24.885000228881836, 24.3799991607666, 24.8700008392334, 24.78700065612793, 24.600000381469727, 24.683000564575195, 24.5, 24.579999923706055, 24.709999084472656, 25.0, 25.0, 25.0, 25.010000228881836, 25.1299991607666, 24.850000381469727, 25.100000381469727, 24.989999771118164, 25.21299934387207, 25.34000015258789, 25.100000381469727, 25.049999237060547, 25.170000076293945, 25.190000534057617, 25.299999237060547, 25.299999237060547, 25.260000228881836, 25.093000411987305, 25.0, 25.299999237060547, 25.399999618530273, 25.209999084472656, 25.25, 25.260000228881836, 25.399999618530273, 25.299999237060547, 25.354999542236328, 25.280000686645508, 25.579999923706055, 25.579999923706055, 25.450000762939453, 25.270000457763672, 25.239999771118164, 25.25, 25.18000030517578, 25.15999984741211, 25.1299991607666, 25.270000457763672, 25.329999923706055, 25.299999237060547, 25.309999465942383, 25.31999969482422]
assets:[0, 100.00037341976167, 197.97046918525697, 301.9491671892166, 400.9421291131973, 497.916307721138, 599.5969814146041, 695.15075, 797.4194415248871, 901.6357435935975, 1012.2175000000001, 1112.2175, 1212.2175, 1312.7023830133437, 1419.0005846115112, 1503.1889480752943, 1618.312484595108, 1711.2202223270417, 1826.4901836685183, 1935.6896696559907, 2017.35731065979, 2113.338175634766, 2223.462432739639, 2325.2284932975767, 2435.3829865592957, 2535.383763543701, 2631.374639842987, 2713.9786269592287, 2803.92, 2937.567731415558, 3049.178514205933, 3126.3701374626157, 3231.330875, 3332.609928196907, 3451.0801681699754, 3537.493963324356, 3645.1843286891935, 3734.402149432373, 3878.71841043148, 3978.7183041332246, 4058.4988966655733, 4129.795310810851, 4224.893273687744, 4326.5673, 4414.572761503601, 4511.067204641723, 4605.688031189919, 4731.347671707916, 4842.581786414146, 4936.8470411258695, 5038.7982166780475, 5140.7879020393375]
shares:[0, 4.0185, 8.1202, 12.1411, 16.1755, 20.2405, 24.2919, 28.3735, 32.4418, 36.4887, 40.4887, 44.4887, 48.4887, 52.4871, 56.4664, 60.4905, 64.4746, 68.4762, 72.4424, 76.3887, 80.3728, 84.3648, 88.3378, 92.3076, 96.2602, 100.2128, 104.1716, 108.1568, 112.1568, 116.1094, 120.0464, 124.0131, 127.9735, 131.9323, 135.8693, 139.8219, 143.7659, 147.7216, 151.6309, 155.5402, 159.4695, 163.4268, 167.3888, 171.3492, 175.3206, 179.2952, 183.2745, 187.2318, 191.1797, 195.1323, 199.0833, 203.0327]
growth_rate:0.8
