ticker:OXSQ
price:[2.5199999809265137, 2.5899999141693115, 2.549999952316284, 2.309999942779541, 2.559999942779541, 2.569999933242798, 2.569999933242798, 2.5199999809265137, 2.5, 2.5299999713897705, 2.859999895095825, 2.8499999046325684, 3.259999990463257, 3.4200000762939453, 3.2200000286102295, 3.0299999713897705, 3.059999942779541, 3.049999952316284, 3.4000000953674316, 3.4600000381469727, 3.5399999618530273, 3.5299999713897705, 3.9000000953674316, 3.9200000762939453, 3.890000104904175, 3.819999933242798, 3.869999885559082, 4.289999961853027, 4.110000133514404, 4.559999942779541, 4.590000152587891, 4.960000038146973, 4.949999809265137, 4.989999771118164, 4.949999809265137, 5.0, 4.849999904632568, 4.869999885559082, 4.929999828338623, 4.940000057220459, 5.070000171661377, 4.880000114440918, 4.949999809265137, 4.929999828338623, 4.96999979019165, 4.840000152587891, 4.78000020980835, 4.679999828338623, 4.71999979019165, 4.739999771118164, 4.409999847412109, 4.409999847412109]
assets:[0, 99.99989668607712, 198.45553128898143, 279.7772600697041, 410.05618283452986, 511.6579457093954, 611.6579281118393, 699.7578787036418, 794.20425, 903.7347117802143, 1121.613022859478, 1217.6912442533016, 1492.8677696327925, 1666.13751116848, 1668.7025468266963, 1670.2387012290715, 1786.7755825881957, 1880.9364955934286, 2196.7818816180707, 2335.5484657497404, 2489.549577172661, 2582.5169150690076, 2953.2056522152902, 3068.3502677185056, 3144.8678618097065, 3188.276230282617, 3330.0075785273552, 3791.403725286579, 3732.3240012454985, 4240.97231478281, 4368.873682236862, 4821.048613078308, 4911.328430755234, 5051.015991319466, 5110.526818079662, 5262.148499999999, 5204.28415266614, 5325.74518884945, 5491.360174792194, 5602.499018894243, 5849.933508068562, 5730.705158390809, 5912.907432162095, 5989.017035463905, 6137.609295901059, 6077.068859588241, 6101.7333638231285, 6074.081453204011, 6225.996435248709, 6352.37752726078, 6010.12331004715, 6110.123143587112]
shares:[0, 38.61, 77.8257, 121.1157, 160.1782, 199.0887, 237.9992, 277.6817, 317.6817, 357.2074, 392.1724, 427.2601, 457.9349, 487.1747, 518.2306, 551.2339, 583.9136, 616.7005, 646.1123, 675.014, 703.2626, 731.5912, 757.2322, 782.7424, 808.4493, 834.6273, 860.4671, 883.7771, 908.108, 930.0378, 951.8243, 971.9856, 992.1876, 1012.2277, 1032.4297, 1052.4297, 1073.0483, 1093.5822, 1113.8662, 1134.1091, 1153.833, 1174.3248, 1194.5268, 1214.8108, 1234.9315, 1255.5927, 1276.5132, 1297.8807, 1319.0671, 1340.1641, 1362.8398, 1385.5155]
growth_rate:19.81
