ticker:OXSQZ
price:[24.850000381469727, 24.75, 24.350000381469727, 24.299999237060547, 25.0, 24.450000762939453, 24.149999618530273, 24.149999618530273, 24.2450008392334, 24.079999923706055, 24.479999542236328, 24.562999725341797, 24.81999969482422, 24.799999237060547, 24.920000076293945, 24.899999618530273, 24.81999969482422, 25.149999618530273, 25.15999984741211, 25.256000518798828, 24.9689998626709, 25.149999618530273, 25.100000381469727, 25.25, 25.510000228881836, 25.344999313354492, 25.209999084472656, 25.84000015258789, 25.399999618530273, 25.549999237060547, 25.18000030517578, 25.950000762939453, 25.649999618530273, 25.75, 25.760000228881836, 25.584999084472656, 25.799999237060547, 25.799999237060547, 25.65999984741211, 25.489999771118164, 26.05500030517578, 25.450000762939453, 25.649999618530273, 25.6200008392334, 25.809999465942383, 25.488000869750977, 25.57200050354004, 25.31999969482422, 25.469999313354492, 25.54800033569336, 25.573999404907227, 25.33799934387207]
assets:[0, 99.9999, 198.38432310791015, 297.9763106445312, 406.56, 497.6161955276489, 591.5107706565857, 691.5110890769959, 794.2322844921113, 888.8265091838837, 1003.5918532333375, 1106.995446421814, 1218.5775970169068, 1317.5966794658661, 1423.9711683595658, 1522.8291966701508, 1617.9363561065675, 1739.4469086164472, 1840.1394888401032, 1947.161871997833, 2025.0358268623354, 2139.7141825452804, 2235.461253974533, 2348.82065, 2473.0057481884, 2557.0113597255704, 2643.391933002472, 2809.451432590103, 2861.612217022896, 2978.511601059723, 3035.378532788086, 3228.2008549102784, 3290.8795610576626, 3403.7096749999996, 3505.031855142784, 3581.219310850525, 3711.3144102516176, 3811.3152072944645, 3890.6333268642425, 3964.857308398438, 4152.739746640014, 4156.313429597855, 4288.974911213875, 4383.958757605171, 4516.471158545685, 4560.1245044094085, 4675.152405258751, 4729.079643001556, 4857.095758057594, 4971.970434530258, 5077.0296412603375, 5130.177125753975]
shares:[0, 4.0404, 8.1472, 12.2624, 16.2624, 20.3524, 24.4932, 28.634, 32.7586, 36.9114, 40.9964, 45.0676, 49.0966, 53.1289, 57.1417, 61.1578, 65.1868, 69.1629, 73.1375, 77.097, 81.102, 85.0781, 89.0622, 93.0226, 96.9426, 100.8882, 104.8549, 108.7249, 112.6619, 116.5758, 120.5472, 124.4008, 128.2994, 132.1829, 136.0649, 139.9734, 143.8494, 147.7254, 151.6225, 155.5456, 159.3836, 163.3129, 167.2115, 171.1147, 174.9892, 178.9126, 182.8231, 186.7725, 190.6987, 194.6129, 198.5231, 202.4697]
growth_rate:0.59
