ticker:OYST
price:[20.040000915527344, 20.81999969482422, 20.989999771118164, 19.079999923706055, 20.510000228881836, 25.18000030517578, 23.75, 21.389999389648438, 19.829999923706055, 22.700000762939453, 24.170000076293945, 21.969999313354492, 21.5, 20.920000076293945, 20.389999389648438, 19.309999465942383, 18.850000381469727, 18.81999969482422, 19.399999618530273, 17.920000076293945, 19.979999542236328, 18.770000457763672, 22.190000534057617, 24.59000015258789, 23.049999237060547, 19.809999465942383, 21.0, 22.5, 22.43000030517578, 21.90999984741211, 18.559999465942383, 20.479999542236328, 20.450000762939453, 20.81999969482422, 20.649999618530273, 17.780000686645508, 16.3799991607666, 18.0, 17.920000076293945, 17.969999313354492, 18.860000610351562, 20.15999984741211, 19.399999618530273, 16.850000381469727, 17.3700008392334, 16.6299991607666, 16.309999465942383, 14.25, 14.600000381469727, 14.380000114440918, 13.149999618530273, 13.739999771118164]
assets:[0, 100.0005405342102, 200.8176248102188, 282.5442708702088, 403.720895505333, 595.6454972190857, 661.8175, 696.0541091384888, 745.2907171325684, 953.1571420352935, 1114.882342519188, 1113.4044132019044, 1189.5864, 1257.4949285860062, 1325.6374593185424, 1355.4229305130007, 1423.133558800125, 1520.8686413383484, 1667.7384272066117, 1640.5097029844285, 1929.0949298023224, 1912.2688766365052, 2360.6943018159864, 2716.0196148536684, 2645.9232424217225, 2374.002601999283, 2616.6105, 2903.5102500000003, 2994.4768167419434, 3025.054521932602, 2662.5284353866577, 3037.9621720962523, 3133.512716903687, 3290.207453772736, 3363.3418428686145, 2995.8945556983945, 2859.996993467331, 3242.8548, 3328.442894170761, 3437.729154642105, 3707.9892799987792, 4063.576577243424, 4010.385381142235, 3583.2469411216734, 3793.8287822992324, 3732.2025286542894, 3760.3861778692244, 3385.43805, 3568.5890332403183, 3614.815668767929, 3405.6210912059782, 3658.4205830577853]
shares:[0, 4.8031, 9.5673, 14.8084, 19.6841, 23.6555, 27.866, 32.5411, 37.584, 41.9893, 46.1267, 50.6784, 55.3296, 60.1097, 65.0141, 70.1928, 75.4978, 80.8113, 85.9659, 91.5463, 96.5513, 101.879, 106.3855, 110.4522, 114.7906, 119.8386, 124.6005, 129.0449, 133.5032, 138.0673, 143.4552, 148.338, 153.228, 158.0311, 162.8737, 168.498, 174.603, 180.1586, 185.739, 191.3038, 196.606, 201.5663, 206.7209, 212.6556, 218.4127, 224.4259, 230.5571, 237.5746, 244.4239, 251.378, 258.9826, 266.2606]
growth_rate:-28.27
