ticker:OZK
price:[24.030000686645508, 22.18000030517578, 21.790000915527344, 20.8700008392334, 22.079999923706055, 22.030000686645508, 21.559999465942383, 25.0, 24.780000686645508, 24.110000610351562, 28.520000457763672, 27.790000915527344, 28.93000030517578, 30.440000534057617, 31.010000228881836, 30.020000457763672, 31.100000381469727, 31.270000457763672, 33.79999923706055, 35.27000045776367, 35.959999084472656, 37.15999984741211, 37.970001220703125, 38.91999816894531, 40.41999816894531, 41.220001220703125, 43.34000015258789, 45.470001220703125, 43.63999938964844, 41.810001373291016, 40.61000061035156, 39.79999923706055, 39.810001373291016, 41.220001220703125, 40.9900016784668, 43.38999938964844, 44.0, 42.97999954223633, 42.709999084472656, 44.11000061035156, 42.77000045776367, 38.849998474121094, 42.630001068115234, 41.900001525878906, 42.54999923706055, 40.36000061035156, 40.79999923706055, 40.709999084472656, 43.15999984741211, 43.0, 41.9900016784668, 43.33000183105469]
assets:[0, 100.00074937591553, 198.2432493293762, 289.8738766565323, 406.68047859478, 505.76034976387024, 594.969745262146, 789.9, 882.9485944662094, 959.076536279297, 1234.5024798145294, 1302.9036239234924, 1456.3506803627013, 1632.3663366392136, 1762.9340180120466, 1806.6516595489502, 1971.6467241840362, 2082.425680484772, 2350.9116269348146, 2553.156536137009, 2703.1059391799927, 2893.3110321193694, 3056.38006026001, 3232.8507279052733, 3457.445803375244, 3625.8761873779295, 3912.3581557743073, 4204.638294879151, 4135.417986161804, 4062.0046924205776, 4045.418003800964, 4064.730142081833, 4165.7503917022705, 4413.293626696777, 4488.667519802856, 4851.48356075592, 5019.6872, 5003.323236711502, 5071.893540279389, 5338.148163864136, 5275.983223468399, 4892.423042844391, 5468.444384014511, 5474.800849376678, 5659.7328335186, 5468.432986697388, 5628.0498147583, 5715.6350194610595, 6159.613906223297, 6236.7802, 6190.287818444443, 6487.835838165282]
shares:[0, 4.5086, 9.0979, 13.8895, 18.4185, 22.9578, 27.596, 31.596, 35.6315, 39.7792, 43.2855, 46.8839, 50.3405, 53.6257, 56.8505, 60.1816, 63.397, 66.595, 69.5536, 72.3889, 75.1698, 77.8609, 80.4946, 83.064, 85.538, 87.964, 90.2713, 92.4706, 94.7621, 97.1539, 99.6163, 102.1289, 104.6408, 107.0668, 109.5064, 111.8111, 114.0838, 116.4105, 118.7519, 121.019, 123.3571, 125.9311, 128.2769, 130.6635, 133.0137, 135.4914, 137.9424, 140.3988, 142.7158, 145.0414, 147.4229, 149.7308]
growth_rate:27.21
