ticker:OZON
price:[40.0, 47.849998474121094, 43.40999984741211, 45.0, 41.959999084472656, 41.40999984741211, 45.75, 52.61000061035156, 53.189998626708984, 48.34000015258789, 62.9900016784668, 64.48999786376953, 66.4800033569336, 59.349998474121094, 54.81999969482422, 56.40999984741211, 56.40999984741211, 52.439998626708984, 58.0, 60.72999954223633, 62.75, 65.47000122070312, 62.189998626708984, 57.720001220703125, 55.83000183105469, 54.790000915527344, 53.06999969482422, 55.720001220703125, 57.369998931884766, 58.2400016784668, 58.220001220703125, 58.18000030517578, 55.595001220703125, 53.900001525878906, 53.630001068115234, 52.209999084472656, 52.58000183105469, 51.9900016784668, 49.0099983215332, 52.790000915527344, 52.83000183105469]
assets:[0, 100.00171181106568, 190.72183432960512, 297.7065, 377.593835761261, 472.64545625839236, 622.1817, 815.4760534606934, 924.4687711315156, 940.1743309677124, 1325.1080673095703, 1456.6613777481077, 1601.6096488739013, 1529.8352356681823, 1513.0703655769348, 1656.953489517975, 1756.9514962474823, 1733.299274608612, 2017.0718, 2212.0112843265533, 2385.585575, 2588.991557272339, 2559.286356485367, 2475.3337963500976, 2494.283493804932, 2547.8227065734864, 2567.839698233795, 2796.063093255615, 2978.8626135395048, 3124.034458034134, 3222.96029357605, 3320.7456954185486, 3273.200172869873, 3273.406382668304, 3357.007457859421, 3368.1192509384155, 3491.9904036056514, 3552.80435170021, 3449.1619488750457, 3815.1861561660767, 3918.0789727981564]
shares:[0, 2.0899, 4.3935, 6.6157, 8.9989, 11.4138, 13.5996, 15.5004, 17.3805, 19.4492, 21.0368, 22.5874, 24.0916, 25.7765, 27.6007, 29.3734, 31.1461, 33.053, 34.7771, 36.4237, 38.0173, 39.5447, 41.1527, 42.8852, 44.6764, 46.5016, 48.3859, 50.1806, 51.9237, 53.6407, 55.3583, 57.0771, 58.8758, 60.7311, 62.5957, 64.511, 66.4129, 68.3363, 70.3767, 72.271, 74.1639]
growth_rate:-2.05
