ticker:PAA
price:[7.130000114440918, 6.599999904632568, 6.619999885559082, 5.650000095367432, 5.940000057220459, 6.389999866485596, 6.590000152587891, 6.820000171661377, 6.25, 6.539999961853027, 7.659999847412109, 7.929999828338623, 8.279999732971191, 9.680000305175781, 8.760000228881836, 8.760000228881836, 8.850000381469727, 8.239999771118164, 9.4399995803833, 10.329999923706055, 9.100000381469727, 8.369999885559082, 8.930000305175781, 8.430000305175781, 8.359999656677246, 8.4399995803833, 9.760000228881836, 9.680000305175781, 9.329999923706055, 9.34000015258789, 9.1899995803833, 9.0, 9.119999885559082, 9.239999771118164, 9.079999923706055, 9.479999542236328, 10.140000343322754, 10.329999923706055, 10.529999732971191, 11.329999923706055, 12.09000015258789, 11.020000457763672, 11.1899995803833, 11.539999961853027, 11.119999885559082, 10.020000457763672, 10.279999732971191, 10.010000228881836, 9.670000076293945, 10.0, 9.170000076293945, 9.489999771118164]
assets:[0, 99.99989855504036, 200.30266053733826, 270.95309957346916, 384.860325707388, 514.0167012599945, 630.104841589737, 752.0966609304904, 789.238125, 925.8586385995865, 1184.4152204063416, 1326.1632122924327, 1484.6950321187974, 1835.7307458740236, 1761.2602420183182, 1861.2600246311188, 1980.3822853622435, 1943.8810420049667, 2326.9702805640222, 2646.355908454895, 2431.2525619174953, 2336.21762805748, 2592.523754597473, 2547.3656902175903, 2626.212800148487, 2751.3436472097396, 3281.64879695797, 3354.750273763275, 3333.452228741455, 3437.0247881507876, 3481.8261690193176, 3509.8407, 3656.6384181152343, 3804.751933753395, 3838.8686997442246, 4107.981473636627, 4493.980214158344, 4678.186319448471, 4868.761241533756, 5338.657442050552, 5796.766984160995, 5383.7363696369175, 5566.788682249547, 5840.906356692124, 5728.325605047226, 5261.674584379578, 5498.20440118103, 5453.796472702789, 5368.552929356575, 5651.761, 5282.6646479515075, 5567.010379733658]
shares:[0, 15.1515, 30.2572, 47.9563, 64.7913, 80.4408, 95.6153, 110.2781, 126.2781, 141.5686, 154.6234, 167.2337, 179.311, 189.6416, 201.0571, 212.4726, 223.772, 235.9079, 246.5011, 256.1816, 267.1706, 279.118, 290.3162, 302.1786, 314.1403, 325.9886, 336.2345, 346.5651, 357.2832, 367.9898, 378.8712, 389.9823, 400.9472, 411.7697, 422.7829, 433.3314, 443.1933, 452.8738, 462.3705, 471.1966, 479.4679, 488.5423, 497.4789, 506.1444, 515.1372, 525.1172, 534.8448, 544.8348, 555.1761, 565.1761, 576.0812, 586.6186]
growth_rate:9.16
