ticker:PAAS
price:[34.470001220703125, 34.470001220703125, 34.630001068115234, 31.239999771118164, 33.09000015258789, 34.18000030517578, 32.880001068115234, 33.25, 31.799999237060547, 36.93000030517578, 33.02000045776367, 30.799999237060547, 29.1200008392334, 30.579999923706055, 29.65999984741211, 33.47999954223633, 32.97999954223633, 34.5099983215332, 35.40999984741211, 29.329999923706055, 30.219999313354492, 32.459999084472656, 32.060001373291016, 33.33000183105469, 32.4900016784668, 33.02000045776367, 30.850000381469727, 32.06999969482422, 33.31999969482422, 30.760000228881836, 31.360000610351562, 33.52000045776367, 33.790000915527344, 33.77000045776367, 31.81999969482422, 34.9900016784668, 30.950000762939453, 33.709999084472656, 33.63999938964844, 32.310001373291016, 31.520000457763672, 28.239999771118164, 28.329999923706055, 28.84000015258789, 28.5, 27.110000610351562, 26.850000381469727, 28.06999969482422, 26.739999771118164, 26.510000228881836, 23.93000030517578, 25.829999923706055]
assets:[0, 100.00092054138183, 200.46615018310547, 280.8413499423981, 397.4737728328705, 510.56717255859377, 591.1495392036438, 697.801125, 767.3721415893555, 991.1642781906128, 986.2248636722564, 1019.9204147357941, 1064.289438672638, 1217.6497269620895, 1281.0153934097289, 1546.0025908618927, 1622.9127974739076, 1798.2021295406341, 1945.099619618225, 1711.1209945489884, 1863.0448256687164, 2101.1389867378234, 2175.2486511768343, 2361.417297729492, 2401.904599084854, 2541.0871552276612, 2474.0929055929187, 2671.9344735740665, 2876.0790816581725, 2755.1086245004653, 2908.8501686141967, 3209.2048438262937, 3335.056195362091, 3433.0818855365756, 3334.8441560165406, 3767.072566706085, 3432.1198646041867, 3838.183414759064, 3930.21495269165, 3874.8286106941223, 3880.086840350342, 3576.3220430143356, 3687.718923068809, 3854.105520391464, 3908.66955, 3818.0369359588626, 3881.419945145035, 4157.781687796783, 4060.7791492416386, 4125.85207362175, 3824.317959770966, 4227.962873511887]
shares:[0, 2.9011, 5.7888, 8.9898, 12.0119, 14.9376, 17.979, 20.9865, 24.1312, 26.839, 29.8675, 33.1143, 36.5484, 39.8185, 43.19, 46.1769, 49.209, 52.1067, 54.9308, 58.3403, 61.6494, 64.7301, 67.8493, 70.8496, 73.9275, 76.956, 80.1975, 83.3157, 86.3169, 89.5679, 92.7567, 95.74, 98.6995, 101.6607, 104.8034, 107.6614, 110.8924, 113.8589, 116.8316, 119.9266, 123.0992, 126.6403, 130.1701, 133.6375, 137.1463, 140.835, 144.5594, 148.1219, 151.8616, 155.6338, 159.8127, 163.6842]
growth_rate:-17.1
