ticker:PACB
price:[6.46999979019165, 7.079999923706055, 8.130000114440918, 9.25, 11.710000038146973, 13.5, 14.369999885559082, 13.899999618530273, 13.109999656677246, 14.399999618530273, 16.739999771118164, 15.079999923706055, 15.430000305175781, 20.18000030517578, 21.149999618530273, 20.100000381469727, 27.1299991607666, 25.940000534057617, 36.70000076293945, 36.91999816894531, 37.41999816894531, 32.349998474121094, 36.220001220703125, 50.31999969482422, 43.029998779296875, 30.56999969482422, 29.270000457763672, 33.88999938964844, 33.43000030517578, 30.729999542236328, 33.81999969482422, 32.15999984741211, 31.530000686645508, 30.959999084472656, 29.850000381469727, 24.889999389648438, 23.559999465942383, 25.56999969482422, 27.049999237060547, 26.1200008392334, 29.219999313354492, 29.149999618530273, 33.810001373291016, 33.47999954223633, 31.959999084472656, 26.479999542236328, 30.350000381469727, 32.150001525878906, 32.310001373291016, 29.469999313354492, 28.0, 30.079999923706055]
assets:[0, 100.00004292240143, 214.83037502403258, 344.4256, 536.0240807461739, 717.96105, 864.2290371173858, 935.9620343135834, 982.7675262634277, 1179.4694087547302, 1471.1329418855667, 1425.2500007892609, 1558.32973582077, 2138.048834333038, 2340.8185077800754, 2324.607254117775, 3237.6425528474806, 3195.631673792267, 4621.190696067811, 4748.893836477661, 4913.208339584351, 4347.522764936828, 4967.6130094207765, 7001.44424553833, 6087.126899316407, 4424.506107830811, 4336.353494817734, 5120.80601977539, 5151.298950025177, 4835.248653972626, 5421.447411079406, 5255.345975065231, 5252.396787384224, 5257.444380530548, 5168.9514360569, 4410.057382856751, 4274.40588710785, 4739.072147439575, 5113.372260778427, 5037.5712738567345, 5735.444643221855, 5821.70383381462, 6852.377789329147, 6885.496705856323, 6672.893052848053, 5628.729046695328, 6551.3571523441315, 7039.905124122619, 7174.939840960693, 6644.273628189659, 6412.848400000001, 6989.232366272736]
shares:[0, 14.1243, 26.4244, 37.2352, 45.7749, 53.1823, 60.1412, 67.3354, 74.9632, 81.9076, 87.8813, 94.5126, 100.9935, 105.9489, 110.677, 115.6521, 119.3381, 123.1932, 125.918, 128.6266, 131.299, 134.3902, 137.1511, 139.1384, 141.4624, 144.7336, 148.1501, 151.1008, 154.0921, 157.3462, 160.303, 163.4125, 166.5841, 169.8141, 173.1642, 177.1819, 181.4264, 185.3372, 189.0341, 192.8626, 196.2849, 199.7154, 202.6731, 205.66, 208.7889, 212.5653, 215.8602, 218.9706, 222.0656, 225.4589, 229.0303, 232.3548]
growth_rate:37.04
