ticker:PACW
price:[20.139999389648438, 18.540000915527344, 17.75, 16.190000534057617, 17.399999618530273, 19.1299991607666, 18.56999969482422, 20.600000381469727, 19.239999771118164, 19.15999984741211, 23.719999313354492, 24.309999465942383, 24.780000686645508, 25.530000686645508, 24.920000076293945, 24.860000610351562, 25.110000610351562, 25.399999618530273, 30.239999771118164, 30.93000030517578, 31.829999923706055, 30.190000534057617, 32.7400016784668, 35.459999084472656, 36.7599983215332, 36.2400016784668, 38.779998779296875, 40.4900016784668, 41.25, 39.66999816894531, 39.38999938964844, 39.970001220703125, 40.18000030517578, 42.70000076293945, 43.40999984741211, 45.06999969482422, 45.75, 45.13999938964844, 45.16999816894531, 45.349998474121094, 43.66999816894531, 40.25, 43.099998474121094, 40.90999984741211, 40.38999938964844, 37.68000030517578, 40.75, 39.81999969482422, 41.81999969482422, 42.22999954223633, 40.86000061035156, 43.20000076293945]
assets:[0, 99.99920293807983, 195.738125, 278.53600718803403, 399.35261124477387, 539.0585073514939, 623.2778987571716, 791.4128746553422, 839.1641340171814, 935.6747605484009, 1258.3625675729752, 1389.6616714710235, 1516.5286080224992, 1662.4293957120894, 1722.707145274162, 1818.5587646484375, 1936.8473420791627, 2059.216069073677, 2551.602796687317, 2709.8237217369083, 2888.6743490760805, 2839.8405142364504, 3179.7089630126957, 3543.8758545021055, 3773.7961316879273, 3820.413728943634, 4188.177820166015, 4472.853554417038, 4656.807375, 4578.437465672302, 4646.121330007934, 4814.534536038208, 4939.829687519074, 5349.643975584412, 5538.595060531616, 5850.392436386109, 6038.6614500000005, 6058.1445240859985, 6162.172456204224, 6286.729703472138, 6153.836397973632, 5771.902325, 6280.596427646637, 6061.466946391678, 6084.422210055542, 5776.182022782135, 6346.800275, 6301.952971702575, 6718.474954972839, 6884.342971375274, 6761.0062369934085, 7248.199808007812]
shares:[0, 5.3937, 11.0275, 17.2042, 22.9513, 28.1787, 33.5637, 38.4181, 43.6156, 48.8348, 53.0507, 57.1642, 61.1997, 65.1167, 69.1295, 73.152, 77.1345, 81.0715, 84.3784, 87.6115, 90.7532, 94.0656, 97.12, 99.9401, 102.6604, 105.4198, 107.9984, 110.4681, 112.8923, 115.4131, 117.9518, 120.4537, 122.9425, 125.2844, 127.588, 129.8068, 131.9926, 134.2079, 136.4218, 138.6269, 140.9168, 143.4013, 145.7215, 148.1659, 150.6418, 153.2957, 155.7497, 158.261, 160.6522, 163.0202, 165.4676, 167.7824]
growth_rate:42.12
