ticker:PACX
price:[9.949999809265137, 9.920000076293945, 9.800000190734863, 9.710000038146973, 9.739999771118164, 9.880000114440918, 9.84000015258789, 9.850000381469727, 9.800000190734863, 9.760000228881836, 9.710000038146973, 9.699999809265137, 9.880000114440918, 9.90999984741211, 9.949999809265137, 9.970000267028809, 9.890000343322754, 9.875, 9.899999618530273, 9.880000114440918, 9.869999885559082, 9.920000076293945, 9.890000343322754, 9.880000114440918, 9.84000015258789, 9.880000114440918, 9.875]
assets:[0, 99.99955276908875, 198.79006386899948, 296.96481516666415, 397.8819126501083, 503.6013898332596, 601.5625053283692, 702.174022193718, 798.6098555431365, 895.3502129968643, 990.7637378923416, 1089.743568571949, 1209.9660700151444, 1313.639849773407, 1418.9426077998162, 1521.7949187585832, 1609.5837098752977, 1707.1426000000001, 1811.4643102001191, 1907.8052980982782, 2005.874154742241, 2116.0352162742615, 2209.6357447055816, 2307.401902726841, 2398.0601891864776, 2507.808813048172, 2606.539825]
shares:[0, 10.0806, 20.2847, 30.5834, 40.8503, 50.9718, 61.1344, 71.2867, 81.4908, 91.7367, 102.0354, 112.3447, 122.4662, 132.557, 142.6073, 152.6374, 162.7486, 172.8752, 182.9762, 193.0977, 203.2294, 213.31, 223.4212, 233.5427, 243.7053, 253.8268, 263.9534]
growth_rate:0.25
