ticker:PACXU
price:[10.550000190734863, 10.739999771118164, 10.819999694824219, 10.449999809265137, 10.850000381469727, 10.75, 10.899999618530273, 10.5, 10.34000015258789, 10.25, 10.130000114440918, 9.9399995803833, 10.0, 10.1899995803833, 10.029999732971191, 10.039999961853027, 10.039999961853027, 10.010000228881836, 10.0, 10.0, 10.399999618530273, 10.369999885559082, 10.550000190734863, 10.510000228881836, 10.4399995803833, 10.399999618530273, 10.442000389099121, 10.319999694824219, 10.300000190734863, 10.25, 10.279999732971191, 10.145999908447266, 10.104999542236328, 10.149999618530273, 10.149999618530273]
assets:[0, 100.00013786888123, 200.74453633804322, 293.8801196360588, 405.1292492437363, 501.39504999999997, 608.3911087080002, 686.06475, 775.6106494457244, 868.8597000000001, 958.6880158305167, 1040.707022066593, 1146.989, 1268.7813037525177, 1348.8594390892981, 1450.2047024899482, 1550.2051101099967, 1645.5729666265488, 1743.929, 1843.929, 2017.6862459917068, 2111.8660316939354, 2248.5236506513597, 2339.9979499593737, 2424.4121985551833, 2515.123427745819, 2625.2807488255503, 2694.6076483169554, 2789.3852816536905, 2875.84455, 2984.2613064821244, 3045.36144192009, 3133.0551080703735, 3247.0072079669953, 3347.0070342086788]
shares:[0, 9.311, 18.5531, 28.1225, 37.3391, 46.6414, 55.8157, 65.3395, 75.0107, 84.7668, 94.6385, 104.6989, 114.6989, 124.5124, 134.4825, 144.4427, 154.4029, 164.3929, 174.3929, 184.3929, 194.0083, 203.6515, 213.1302, 222.6449, 232.2234, 241.8388, 251.4155, 261.1054, 270.8141, 280.5702, 290.2978, 300.1539, 310.05, 319.9022, 329.7544]
growth_rate:-1.56
