ticker:PAE
price:[8.960000038146973, 9.1899995803833, 9.630000114440918, 8.4399995803833, 9.359999656677246, 9.25, 9.359999656677246, 9.3100004196167, 7.920000076293945, 8.430000305175781, 9.359999656677246, 9.699999809265137, 9.6899995803833, 9.819999694824219, 9.5, 9.300000190734863, 8.680000305175781, 9.180000305175781, 9.239999771118164, 9.350000381469727, 9.350000381469727, 8.300000190734863, 9.3100004196167, 8.84000015258789, 8.920000076293945, 8.170000076293945, 8.380000114440918, 9.75, 8.65999984741211, 9.1899995803833, 8.84000015258789, 8.449999809265137, 7.949999809265137, 7.889999866485596, 8.970000267028809, 8.779999732971191, 8.600000381469727, 8.329999923706055, 8.119999885559082, 8.760000228881836, 8.970000267028809, 8.680000305175781, 9.109999656677246, 9.300000190734863, 8.979999542236328, 9.34000015258789, 9.369999885559082, 8.920000076293945, 8.270000457763672, 7.96999979019165, 7.570000171661377, 6.599999904632568]
assets:[0, 100.00006143398284, 204.7877304336548, 279.4813021048546, 409.946456963253, 505.128625, 611.1359055836677, 707.8709859048844, 702.1848307641983, 847.4013336769103, 1040.887185820484, 1178.6974168228148, 1277.4820636797906, 1394.620644659424, 1449.1746500000002, 1518.6658511465073, 1517.42116135025, 1704.829790674591, 1815.972267016983, 1937.59122905159, 2037.5913531314852, 1908.770963863754, 2241.0427860074046, 2227.90722645607, 2348.069600083351, 2250.6422090171814, 2408.4924808914184, 2902.2435, 2677.787130817795, 2941.6701586829186, 2929.63704656868, 2900.3880745319366, 2828.767342132759, 2907.4183998007297, 3405.392429375458, 3433.2599775832177, 3462.874433602524, 3454.156086363602, 3467.076739136028, 3840.343804340744, 4032.4071090411185, 4002.039132705688, 4300.296080937481, 4489.984292085647, 4435.490275896836, 4713.304987001419, 4828.444334027577, 4696.555764170264, 4454.318178556823, 4392.734723362302, 4272.2711558803085, 3824.8332647326474]
shares:[0, 10.8814, 21.2656, 33.1139, 43.7977, 54.6085, 65.2923, 76.0334, 88.6597, 100.5221, 111.2059, 121.5152, 131.8351, 142.0184, 152.5447, 163.2974, 174.8181, 185.7113, 196.5338, 207.229, 217.9242, 229.9724, 240.7135, 252.0257, 263.2365, 275.4764, 287.4096, 297.666, 309.2133, 320.0947, 331.4069, 343.2412, 355.8198, 368.4941, 379.6424, 391.0319, 402.6598, 414.6646, 426.9799, 438.3954, 449.5437, 461.0644, 472.0413, 482.794, 493.9299, 504.6365, 515.3089, 526.5197, 538.6116, 551.1587, 564.3687, 579.5202]
growth_rate:-25.0
