ticker:PAGP
price:[7.389999866485596, 6.760000228881836, 6.820000171661377, 5.800000190734863, 6.119999885559082, 6.679999828338623, 6.840000152587891, 7.03000020980835, 6.389999866485596, 6.699999809265137, 7.760000228881836, 7.989999771118164, 8.289999961853027, 9.75, 9.069999694824219, 9.039999961853027, 9.119999885559082, 8.449999809265137, 9.770000457763672, 10.649999618530273, 9.4399995803833, 8.640000343322754, 8.979999542236328, 8.5600004196167, 8.520000457763672, 8.619999885559082, 9.850000381469727, 9.819999694824219, 9.489999771118164, 9.470000267028809, 9.489999771118164, 9.3100004196167, 9.420000076293945, 9.470000267028809, 9.380000114440918, 9.710000038146973, 10.380000114440918, 10.699999809265137, 10.90999984741211, 11.890000343322754, 12.720000267028809, 11.479999542236328, 11.75, 12.0600004196167, 11.630000114440918, 10.520000457763672, 10.760000228881836, 10.489999771118164, 10.289999961853027, 10.529999732971191, 9.630000114440918, 9.949999809265137]
assets:[0, 100.00000738582611, 200.88787905640604, 270.84318890676496, 385.78643278598787, 521.0874146091937, 633.5686941337585, 751.1681764183998, 782.7832906443119, 920.7588637879372, 1166.431242403984, 1301.0028737314224, 1449.851357328415, 1805.193, 1779.2926781326294, 1873.4071040946005, 1989.9857990289688, 1943.7914811244011, 2347.4370329868316, 2658.8746447624208, 2456.786322793579, 2348.58450932436, 2541.0058144699096, 2522.161323637962, 2610.375632250595, 2741.0134236097338, 3232.132830173683, 3322.288548753357, 3310.643360153198, 3403.6667749743465, 3510.854834324455, 3544.2631617456436, 3686.139287854576, 3805.7052193107606, 3869.5370752103804, 4105.672519129657, 4488.9680654914855, 4727.356215731621, 4920.136090186691, 5462.091374717426, 5943.380692768383, 5463.994178123856, 5692.502525, 5942.688218770409, 5830.80173837595, 5374.293721855163, 5596.901275054741, 5556.458468763351, 5550.520647423173, 5779.978980426311, 5385.963727005673, 5664.936871406937]
shares:[0, 14.7929, 29.4557, 46.6971, 63.037, 78.0071, 92.627, 106.8518, 122.5013, 137.4267, 150.3133, 162.8289, 174.8916, 185.148, 196.1734, 207.2353, 218.2002, 230.0345, 240.2699, 249.6596, 260.2528, 271.8269, 282.9628, 294.645, 306.3821, 317.983, 328.1353, 338.3186, 348.856, 359.4157, 369.9531, 380.6942, 391.3099, 401.8696, 412.5306, 422.8293, 432.4632, 441.809, 450.9749, 459.3853, 467.2469, 475.9577, 484.4683, 492.7602, 501.3587, 510.8644, 520.1581, 529.691, 539.4092, 548.9059, 559.2901, 569.3404]
growth_rate:11.08
