ticker:PAHC
price:[19.100000381469727, 18.139999389648438, 17.959999084472656, 17.84000015258789, 17.040000915527344, 18.459999084472656, 18.219999313354492, 18.280000686645508, 16.440000534057617, 17.530000686645508, 18.3799991607666, 19.209999084472656, 19.43000030517578, 18.520000457763672, 18.31999969482422, 19.239999771118164, 19.139999389648438, 19.420000076293945, 20.889999389648438, 21.360000610351562, 21.25, 20.739999771118164, 21.8799991607666, 23.229999542236328, 22.8799991607666, 21.56999969482422, 22.6200008392334, 24.59000015258789, 25.229999542236328, 24.389999389648438, 25.0, 24.540000915527344, 24.43000030517578, 24.59000015258789, 24.520000457763672, 27.450000762939453, 27.520000457763672, 28.81999969482422, 28.190000534057617, 29.110000610351562, 29.899999618530273, 29.3799991607666, 28.450000762939453, 29.540000915527344, 25.739999771118164, 24.889999389648438, 24.309999465942383, 23.670000076293945, 23.979999542236328, 24.75, 25.399999618530273, 23.440000534057617]
assets:[0, 100.00037463531494, 199.00756585540773, 297.67824254608155, 384.32870064926146, 516.3557103912353, 609.6429990247726, 711.6513947315216, 740.0186760396957, 889.0830688251494, 1032.1931828699112, 1178.8043048194886, 1292.3048642974854, 1331.7806409179686, 1417.3982243888854, 1588.5775171020507, 1680.321600416565, 1804.9025750907897, 2041.5253263519287, 2187.456302505493, 2276.191625, 2321.5629843797683, 2549.1708742235182, 2806.4557356967925, 2864.170918942833, 2800.1828483825684, 3036.4930786581035, 3400.944561103821, 3589.459419874191, 3569.9520156631465, 3759.2374999999997, 3790.068171398163, 3873.078502381897, 3998.4446798114777, 4087.06233230133, 4675.443339948272, 4787.365519632339, 5113.512371852875, 5101.733269651985, 5368.230521556092, 5613.916288376618, 5616.28357757206, 5538.503898525239, 5850.698489329529, 5198.069401778412, 5126.416455290222, 5106.957171807098, 5072.509420349884, 5238.941673991776, 5507.164575, 5751.796893616676, 5407.9573792150495]
shares:[0, 5.5127, 11.0806, 16.686, 22.5545, 27.9716, 33.4601, 38.9306, 45.0133, 50.7178, 56.1585, 61.3641, 66.5108, 71.9104, 77.3689, 82.5664, 87.7911, 92.9404, 97.7274, 102.409, 107.1149, 111.9365, 116.5069, 120.8117, 125.1823, 129.8184, 134.2393, 138.306, 142.2695, 146.3695, 150.3695, 154.4445, 158.5378, 162.6045, 166.6828, 170.3258, 173.9595, 177.4293, 180.9767, 184.4119, 187.7564, 191.1601, 194.675, 198.0602, 201.9452, 205.9629, 210.0764, 214.3012, 218.4713, 222.5117, 226.4487, 230.7149]
growth_rate:6.04
