ticker:PAICU
price:[9.994999885559082, 9.970000267028809, 9.949999809265137, 9.9399995803833, 9.90999984741211, 9.989999771118164, 10.0, 10.0, 10.359999656677246, 10.399999618530273, 10.25, 10.289999961853027, 10.800000190734863, 10.979999542236328, 11.109999656677246, 11.25, 11.475000381469727, 11.050000190734863, 11.989999771118164, 11.1899995803833, 11.100000381469727, 10.829999923706055, 11.0, 10.569999694824219, 10.399999618530273, 10.319999694824219, 10.449999809265137, 10.449999809265137, 10.847000122070312, 10.847000122070312, 10.5, 10.5, 10.675000190734863, 10.461999893188477, 10.5, 10.520000457763672, 10.630000114440918, 10.520000457763672, 10.880000114440918, 10.880000114440918, 10.880000114440918, 10.774999618530273, 10.890000343322754, 10.642999649047852, 10.642999649047852, 10.539999961853027, 10.4399995803833, 10.61870002746582]
assets:[0, 100.00009967832564, 199.79997616996766, 299.59953935241697, 398.695149861145, 501.9135725006103, 602.4159999999999, 702.416, 827.7028485705375, 930.8987658548356, 1017.4724000000001, 1121.443297842598, 1277.0255025530814, 1398.3095297035218, 1514.8651181874275, 1633.9544999999998, 1766.633683729172, 1801.2030710906981, 2054.427709782219, 2017.352147350788, 2101.1268422086714, 2150.018153853798, 2283.7672, 2294.4921967536925, 2357.589433524132, 2439.453911862183, 2570.183723088646, 2670.183951263428, 2871.625050016785, 2971.624628842163, 2976.561, 3076.5609000000004, 3227.837170173168, 3263.4315044820783, 3375.28485, 3481.714079502106, 3618.1193199521063, 3680.67884815979, 3906.633769091797, 4006.634026143646, 4106.634283195495, 4167.0015949747085, 4311.475281925393, 4313.684387356568, 4413.683883459091, 4470.969961818409, 4528.5502659832, 4706.064499722481]
shares:[0, 10.0301, 20.0804, 30.1408, 40.2316, 50.2416, 60.2416, 70.2416, 79.8941, 89.5095, 99.2656, 108.9838, 118.2431, 127.3506, 136.3515, 145.2404, 153.955, 163.0048, 171.3451, 180.2817, 189.2907, 198.5243, 207.6152, 217.0759, 226.6913, 236.3812, 245.9506, 255.52, 264.7391, 273.9582, 283.482, 293.0058, 302.3735, 311.9319, 321.4557, 330.9614, 340.3687, 349.8744, 359.0656, 368.2568, 377.448, 386.7287, 395.9114, 405.3072, 414.703, 424.1907, 433.7692, 443.1865]
growth_rate:0.13
