ticker:PAIC
price:[9.800000190734863, 9.800000190734863, 9.899999618530273, 10.029999732971191, 10.086000442504883, 10.076000213623047, 10.050000190734863, 10.25, 10.199999809265137, 10.25, 10.119999885559082, 10.399999618530273, 10.279999732971191, 10.34000015258789, 10.25, 9.850000381469727, 10.0600004196167, 10.003000259399414, 10.050000190734863, 10.005000114440918, 10.069999694824219, 10.050000190734863, 9.99899959564209, 10.050000190734863, 10.0, 10.0, 10.0, 10.0, 10.010000228881836, 10.029999732971191, 10.050000190734863, 10.050000190734863, 10.010000228881836, 10.029999732971191, 10.010000228881836, 10.020000457763672, 10.010000228881836, 10.020000457763672, 10.020000457763672, 10.050000190734863, 10.050000190734863, 10.0649995803833]
assets:[0, 100.00018194627762, 201.02048225421905, 303.66024791564945, 405.355349184227, 504.9537127056122, 603.6502464564323, 715.6632000000001, 812.1719248127938, 916.1532, 1004.5334526403428, 1132.3269984664917, 1219.2614243289947, 1326.3779955734253, 1414.8331249999999, 1459.620336528015, 1590.7395783519746, 1681.7264102108002, 1789.6276539646146, 1881.614358522606, 1993.8387925758361, 2089.8784446629525, 2179.272962770557, 2290.388008468342, 2378.993, 2478.993, 2578.993, 2678.993, 2781.671956603813, 2887.2297051332475, 2992.986536802673, 3092.986048700523, 3180.6755707271577, 3287.0305094893456, 3380.476176295662, 3483.8529571598056, 3580.375880866432, 3683.9523663013456, 3783.951970869827, 3895.2805789269446, 3995.2800908247946, 4101.242749516392]
shares:[0, 10.2041, 20.3051, 30.2752, 40.1899, 50.1145, 60.0647, 69.8208, 79.6247, 89.3808, 99.2622, 108.8776, 118.6052, 128.2764, 138.0325, 148.1848, 158.1252, 168.1222, 178.0724, 188.0674, 197.9979, 207.9481, 217.9491, 227.8993, 237.8993, 247.8993, 257.8993, 267.8993, 277.8893, 287.8594, 297.8096, 307.7598, 317.7498, 327.7199, 337.7099, 347.6899, 357.6799, 367.6599, 377.6399, 387.5901, 397.5403, 407.4757]
growth_rate:0.03
