ticker:PALI
price:[3.299999952316284, 3.5399999618530273, 3.5399999618530273, 3.180000066757202, 3.5399999618530273, 3.7799999713897705, 3.9000000953674316, 3.9600000381469727, 3.359999895095825, 3.2399935722351074, 3.4799931049346924, 3.7199926376342773, 3.5999927520751953, 4.019991874694824, 4.139991760253906, 5.69998836517334, 5.339989185333252, 5.279989242553711, 7.439985275268555, 7.979983806610107, 8.57998275756836, 8.819982528686523, 8.760000228881836, 11.039999961853027, 11.039999961853027, 8.039999961853027, 7.139999866485596, 8.699999809265137, 9.84000015258789, 9.300000190734863, 10.140000343322754, 9.479999542236328, 8.34000015258789, 9.479999542236328, 7.610000133514404, 5.96999979019165, 3.759999990463257, 3.7799999713897705, 3.809999942779541, 3.7799999713897705, 4.110000133514404, 4.130000114440918, 4.389999866485596, 3.630000114440918, 3.7899999618530273, 3.369999885559082, 3.4000000953674316, 2.930000066757202, 2.700000047683716, 2.5999999046325684, 2.5399999618530273, 2.5299999713897705]
assets:[0, 100.00004292240143, 200.00008584480287, 279.66097187087536, 411.32073756761554, 539.206789918828, 656.3243860492229, 766.4215753829956, 750.2970485746145, 823.4994462742806, 984.4994453674077, 1152.3960592532158, 1215.2218333738326, 1456.9978150806426, 1600.4901785751342, 2303.5733479418755, 2258.0843808764935, 2332.712447333336, 3387.004192663193, 3732.835329140282, 4113.499417464447, 4328.562539643669, 4399.124946940613, 5644.102828497696, 5744.103148152161, 4283.205459677696, 3903.742091001988, 4856.6609235247615, 5593.051166730881, 5386.115570464515, 5972.603176221943, 5683.853173542023, 5100.352113315582, 5897.521935224533, 4834.192465813971, 3892.395088206529, 2551.491625528479, 2665.063275828552, 2786.214477155256, 2864.275700320745, 3214.3316424183845, 3329.973249272442, 3639.6079703074934, 3109.516541031933, 3346.5748933161735, 3075.7143085526463, 3203.094869844389, 2860.3141171694756, 2735.7842283156874, 2734.458639700651, 2771.3558583784106, 2860.4450386529684]
shares:[0, 28.2486, 56.4972, 87.9437, 116.1923, 142.6473, 168.2883, 193.5408, 223.3027, 254.167, 282.9027, 309.7845, 337.5623, 362.438, 386.5926, 404.1365, 422.8631, 441.8025, 455.2434, 467.7748, 479.4298, 490.7677, 502.1832, 511.2412, 520.2992, 532.737, 546.7426, 558.2369, 568.3995, 579.1522, 589.0141, 599.5626, 611.553, 622.1015, 635.2421, 651.9925, 678.5882, 705.0432, 731.2899, 757.7449, 782.0758, 806.2889, 829.0679, 856.6161, 883.0013, 912.6749, 942.0867, 976.2164, 1013.2534, 1051.7149, 1091.085, 1130.6107]
growth_rate:-43.91
