ticker:PALT
price:[1.440000057220459, 1.350000023841858, 1.1100000143051147, 1.159999966621399, 1.100000023841858, 0.8600000143051147, 0.8500000238418579, 0.800000011920929, 0.8299999833106995, 1.3700000047683716, 1.159999966621399, 1.190000057220459, 1.3700000047683716, 1.2699999809265137, 1.2000000476837158, 1.350000023841858, 1.5, 1.4600000381469727, 2.450000047683716, 1.7999999523162842, 2.25, 1.7699999809265137, 2.109999895095825, 2.200000047683716, 2.0, 2.0, 2.200000047683716, 2.059999942779541, 1.9500000476837158, 3.200000047683716, 3.490000009536743, 3.0, 3.0, 2.9800000190734863, 2.6700000762939453, 2.869999885559082, 2.809999942779541, 2.4000000953674316, 2.7200000286102295, 2.7200000286102295, 2.5999999046325684, 3.1500000953674316, 3.2799999713897705, 3.180000066757202, 3.1500000953674316, 3.25, 3.240000009536743, 3.1700000762939453, 3.4200000762939453, 3.4000000953674316, 3.490000009536743, 3.5999999046325684]
assets:[0, 100.00003676606417, 182.2222643483877, 290.4304676429629, 375.408228136754, 393.5010045454383, 488.92545371398927, 560.1651283471108, 681.1712753032863, 1224.3429742614032, 1136.6699312927126, 1266.0666458780765, 1557.5724594212293, 1543.8810648132323, 1558.7853019405602, 1853.6334627363442, 2159.59275, 2202.0035935340884, 3795.1429288638833, 2888.2682234870194, 3710.335275, 3018.7970944695, 3698.678951110482, 3956.442685753584, 3696.766, 3796.766, 4276.4425926893955, 4104.305157995033, 3985.14353244946, 6639.722658939577, 7341.4474540611745, 6410.699699999999, 6510.6996, 6567.294838033962, 5984.120048993301, 6532.36828152256, 6495.803245724965, 5648.017424432039, 6501.086212381459, 6601.086197433305, 6409.861404887676, 7865.794048139858, 8290.413783685779, 8137.6573768324615, 8160.887002073909, 8519.962425, 8593.747189295173, 8508.079860768128, 9279.064178998946, 9324.800821553612, 9671.633559428621, 10076.469933064698]
shares:[0, 74.0741, 164.1642, 250.3711, 341.2802, 457.5593, 575.2064, 700.2064, 820.6883, 893.681, 979.8879, 1063.9215, 1136.9142, 1215.6544, 1298.9877, 1373.0618, 1439.7285, 1508.2216, 1549.0379, 1604.5935, 1649.0379, 1705.5351, 1752.9285, 1798.383, 1848.383, 1898.383, 1943.8375, 1992.3812, 2043.6633, 2074.9133, 2103.5666, 2136.8999, 2170.2332, 2203.7902, 2241.2434, 2276.0866, 2311.6738, 2353.3405, 2390.1052, 2426.8699, 2465.3314, 2497.0774, 2527.5652, 2559.0117, 2590.7577, 2621.5269, 2652.3911, 2683.9368, 2713.1766, 2742.5884, 2771.2417, 2799.0195]
growth_rate:97.58
