ticker:PANA
price:[10.0, 10.029999732971191, 10.0, 10.039999961853027, 10.0, 10.0, 9.989999771118164, 10.0, 10.050000190734863, 10.229999542236328, 10.010000228881836, 10.010000228881836, 10.0, 10.00100040435791, 10.00100040435791, 10.0, 9.960000038146973, 10.029999732971191, 9.96500015258789, 9.859999656677246, 9.770000457763672, 9.75]
assets:[0, 100.00010033769608, 199.701, 300.50021085824966, 399.303, 499.303, 598.8035832807541, 699.4029999999999, 802.8995402379036, 917.2800699543, 997.5535798093796, 1097.5534820959092, 1196.457, 1296.57669712286, 1396.5767001660347, 1496.437, 1590.4516500914574, 1701.6295746974945, 1790.6019089183808, 1871.734580826664, 1954.6497965831757, 2050.648275]
shares:[0, 9.9701, 19.9701, 29.9303, 39.9303, 49.9303, 59.9403, 69.9403, 79.8905, 89.6657, 99.6557, 109.6457, 119.6457, 129.6447, 139.6437, 149.6437, 159.6839, 169.654, 179.6891, 189.8311, 200.0665, 210.3229]
growth_rate:-2.35
