ticker:PANL
price:[2.2699999809265137, 2.140000104904175, 2.759999990463257, 2.3499999046325684, 2.619999885559082, 3.180000066757202, 3.1700000762939453, 3.180000066757202, 2.6700000762939453, 2.6600000858306885, 2.759999990463257, 2.680000066757202, 2.7699999809265137, 2.549999952316284, 2.680000066757202, 2.809999942779541, 2.690000057220459, 2.7699999809265137, 2.890000104904175, 2.7799999713897705, 2.8499999046325684, 2.7799999713897705, 2.990000009536743, 3.2200000286102295, 3.119999885559082, 3.005000114440918, 3.0399999618530273, 3.2300000190734863, 3.369999885559082, 3.2300000190734863, 3.1700000762939453, 3.0399999618530273, 2.990000009536743, 3.0299999713897705, 3.859999895095825, 3.7300000190734863, 3.75, 3.7799999713897705, 4.050000190734863, 4.139999866485596, 4.25, 4.889999866485596, 5.085000038146973, 4.840000152587891, 4.630000114440918, 4.25, 4.760000228881836, 4.710000038146973, 4.920000076293945, 4.699999809265137, 4.880000114440918, 4.849999904632568]
assets:[0, 100.00006490206718, 228.9720832088232, 294.95812303004266, 428.8468212680816, 620.5086430262327, 718.5572312938691, 820.8238432314157, 789.1823355504989, 886.2266425960302, 1019.543444477129, 1089.9914031510352, 1226.5956025539874, 1229.1764770150185, 1391.8403466699124, 1559.3549542466164, 1592.7632908805372, 1740.131716017914, 1915.5166345313787, 1942.6075460077525, 2091.5220200129506, 2140.1512859747413, 2401.8173736607077, 2686.5725698706387, 2703.1385728494643, 2703.503945458889, 2834.992092425537, 3112.179308377743, 3347.0724283376694, 3308.0251915342333, 3346.5757375436783, 3309.334230473328, 3354.9043947006226, 3499.7860139539007, 4558.473052113247, 4504.9496720362185, 4629.1050000000005, 4766.137703925848, 5206.576565203857, 5422.277885132313, 5666.348199999999, 6619.633406260443, 6983.606842390061, 6747.130580712891, 6554.383267006397, 6116.442325, 6950.415722206688, 6977.406773511028, 7388.5013825727465, 7158.120859509945, 7532.262120639133, 7585.95711583438]
shares:[0, 46.729, 82.9609, 125.5141, 163.682, 195.1285, 226.6742, 258.1207, 295.5739, 333.1679, 369.3998, 406.7132, 442.8143, 482.03, 519.3434, 554.9306, 592.1053, 628.2064, 662.8085, 698.7797, 733.8674, 769.8386, 803.2834, 834.3393, 866.3906, 899.6685, 932.5632, 963.523, 993.1966, 1024.1564, 1055.7021, 1088.5968, 1122.0416, 1155.0449, 1180.9516, 1207.7613, 1234.428, 1260.883, 1285.5744, 1309.729, 1333.2584, 1353.7083, 1373.374, 1394.0352, 1415.6335, 1439.1629, 1460.1713, 1481.4027, 1501.7279, 1523.0045, 1543.4963, 1564.1149]
growth_rate:48.74
