ticker:PAQC
price:[9.949999809265137, 9.800000190734863, 9.770000457763672, 9.819999694824219, 9.760000228881836, 9.949999809265137, 9.829999923706055, 9.800000190734863, 9.8100004196167, 9.789999961853027, 9.699999809265137, 9.649999618530273, 9.65999984741211, 9.670000076293945, 9.710000038146973, 9.699999809265137, 9.699999809265137, 9.670000076293945, 9.670000076293945, 9.680000305175781, 9.729999542236328, 9.680000305175781, 9.649999618530273, 9.670000076293945, 9.649999618530273, 9.680000305175781, 9.640000343322754]
assets:[0, 100.00018194627762, 199.69392435646057, 300.7158866546631, 398.87852135410304, 506.64404028797145, 600.5333723390579, 698.7008135986329, 799.413991194439, 897.7841145017624, 989.5309305424689, 1084.4302871318816, 1185.5543932731628, 1286.7820751523973, 1392.1052274690628, 1490.6717206883432, 1590.671928722, 1685.7527403001786, 1785.753112089157, 1887.6000595092773, 1997.3499810314179, 2087.08647379837, 2180.6181337989806, 2285.1380250291822, 2380.4117259010313, 2487.8123504318237, 2577.5317237972263]
shares:[0, 10.2041, 20.4395, 30.6228, 40.8687, 50.919, 61.0919, 71.296, 81.4897, 91.7042, 102.0135, 112.3762, 122.7282, 133.0695, 143.3682, 153.6775, 163.9868, 174.3281, 184.6694, 195.0, 205.2775, 215.6081, 225.9708, 236.3121, 246.6748, 257.0054, 267.3788]
growth_rate:-0.86
