ticker:PAQCU
price:[10.649999618530273, 11.270000457763672, 11.40999984741211, 11.130000114440918, 11.399999618530273, 11.649999618530273, 11.729999542236328, 10.6850004196167, 10.5, 10.34000015258789, 10.300000190734863, 10.369999885559082, 10.199999809265137, 10.369999885559082, 10.270000457763672, 10.199999809265137, 10.149999618530273, 10.130000114440918, 10.029999732971191, 10.0, 9.989999771118164, 10.0, 10.149999618530273, 10.050000190734863, 10.130000114440918, 10.020000457763672, 10.15999984741211, 10.074999809265137, 10.100000381469727, 10.055000305175781, 9.960000038146973, 10.005000114440918, 9.949999809265137, 9.899999618530273, 9.90999984741211]
assets:[0, 99.99984106178285, 201.2415903087616, 296.3028630466461, 403.4904464982987, 512.339023223877, 615.8566469661712, 660.9912219581604, 749.5467000000001, 838.1252563682557, 934.8826073121071, 1041.2361335091591, 1124.166458978653, 1242.902558283615, 1330.9170883228303, 1421.8452934122085, 1514.875263066101, 1611.890683209896, 1695.9786728479385, 1790.906, 1889.1149507183075, 1991.0059999999999, 2120.8708402908323, 2199.9751917524336, 2317.4877371811867, 2392.322203293228, 2525.7475140670776, 2604.617160690689, 2711.080482395554, 2799.0013854515078, 2872.556639001941, 2985.535055649662, 3069.123211166954, 3153.7003184806827, 3256.8857738525394]
shares:[0, 8.8731, 17.6373, 26.622, 35.3939, 43.9776, 52.5027, 61.8616, 71.3854, 81.0566, 90.7653, 100.4085, 110.2124, 119.8556, 129.5927, 139.3966, 149.2488, 159.1205, 169.0906, 179.0906, 189.1006, 199.1006, 208.9528, 218.903, 228.7747, 238.7547, 248.5972, 258.5228, 268.4238, 278.3691, 288.4093, 298.4043, 308.4546, 318.5556, 328.6464]
growth_rate:-4.21
