ticker:PASG
price:[14.920000076293945, 15.449999809265137, 15.8100004196167, 13.34000015258789, 14.279999732971191, 15.279999732971191, 17.790000915527344, 17.059999465942383, 16.809999465942383, 16.940000534057617, 16.760000228881836, 17.049999237060547, 19.540000915527344, 24.780000686645508, 27.450000762939453, 26.270000457763672, 26.43000030517578, 25.56999969482422, 27.420000076293945, 28.239999771118164, 19.809999465942383, 18.65999984741211, 21.579999923706055, 21.209999084472656, 20.299999237060547, 18.020000457763672, 19.829999923706055, 21.360000610351562, 19.1299991607666, 16.8700008392334, 16.969999313354492, 16.34000015258789, 15.880000114440918, 16.920000076293945, 18.760000228881836, 17.290000915527344, 15.5, 13.649999618530273, 13.25, 12.4399995803833, 14.109999656677246, 14.359999656677246, 13.960000038146973, 15.520000457763672, 13.59000015258789, 12.3100004196167, 12.729999542236328, 11.800000190734863, 12.680000305175781, 12.079999923706055, 11.3100004196167, 11.899999618530273]
assets:[0, 100.0001237654686, 202.33006137008667, 270.7206290966034, 389.7968687109947, 517.0935269634247, 702.0343531288147, 773.2274157943725, 861.8957406173705, 968.5614705352783, 1058.2699904521942, 1176.581232351303, 1448.4103838638305, 1936.8271556688308, 2245.5171174114225, 2248.9878741893767, 2362.686090280914, 2385.8062645256045, 2658.421105396843, 2837.9222969989773, 2090.767153635025, 2069.3958490779874, 2493.2237111854556, 2550.4769379089357, 2541.05037449913, 2355.6519458408357, 2692.2635656417847, 2999.9864537231447, 2786.7855837436673, 2557.5579202310564, 2672.7188908555986, 2673.4969029659273, 2698.232751445103, 2974.943785414314, 3398.4603374629974, 3232.163378147125, 2997.54345, 2739.7719584329607, 2759.4860750000003, 2690.7930572361947, 3152.0173023055077, 3307.8646929146767, 3315.7233690605162, 3786.248447675705, 3415.4075813480376, 3193.7212808658596, 3402.686868641281, 3254.101392599201, 3596.77972256546, 3526.5844417270655, 3401.7936512112615, 3679.252592056847]
shares:[0, 6.4725, 12.7976, 20.2939, 27.2967, 33.8412, 39.4623, 45.324, 51.2728, 57.176, 63.1426, 69.0077, 74.1254, 78.1609, 81.8039, 85.6105, 89.3941, 93.3049, 96.9519, 100.493, 105.541, 110.9001, 115.534, 120.2488, 125.1749, 130.7243, 135.7672, 140.4488, 145.6762, 151.6039, 157.4967, 163.6167, 169.9139, 175.8241, 181.1546, 186.9383, 193.3899, 200.7159, 208.2631, 216.3017, 223.3889, 230.3527, 237.516, 243.9593, 251.3177, 259.4412, 267.2967, 275.7713, 283.6577, 291.9358, 300.7775, 309.1809]
growth_rate:-27.86
