ticker:PATI
price:[8.710000038146973, 8.529999732971191, 8.859999656677246, 9.11299991607666, 8.75, 8.793999671936035, 8.730999946594238, 9.199999809265137, 9.319000244140625, 9.414999961853027, 9.029999732971191, 9.079000473022461, 9.899999618530273, 9.680000305175781, 12.0, 11.399999618530273, 11.289999961853027, 8.779999732971191, 8.65999984741211, 8.789999961853027, 8.859999656677246, 8.90999984741211, 8.989999771118164, 9.967000007629395, 10.359999656677246, 10.40999984741211, 10.470000267028809, 10.960000038146973, 10.779999732971191, 11.029999732971191, 11.020000457763672, 11.0, 10.97599983215332, 11.180000305175781, 10.861000061035156, 11.399999618530273, 11.069999694824219, 11.380000114440918, 11.020000457763672, 11.100000381469727, 11.359999656677246, 11.279999732971191, 11.65999984741211, 11.399999618530273, 11.300999641418457, 11.239999771118164, 11.670000076293945, 11.800000190734863, 11.850000381469727, 11.845999717712402, 11.699999809265137, 12.380000114440918]
assets:[0, 99.99974586954117, 203.86859210014345, 309.689810048008, 397.354125, 499.35232157144543, 595.774624055767, 727.7779449116707, 837.1919568328858, 945.8158321678161, 1007.1393482175828, 1112.6042709674834, 1313.2151493988038, 1384.032891633606, 1815.7428, 1824.9552589328766, 1907.3461415554048, 1583.303497846508, 1661.6634507217407, 1786.6079262464525, 1900.8358443430902, 2011.562551551056, 2129.623964780617, 2461.0636022838594, 2658.1034439124105, 2770.9316773841856, 2886.9025966280938, 3122.010810866356, 3170.7364134584427, 3344.2694470375063, 3441.2375829467774, 3534.9919000000004, 3627.2792757310867, 3794.6955795822146, 3786.4215767784117, 4074.3302236637114, 4056.388844174194, 4269.982020940303, 4234.903525915146, 4365.646800032616, 4567.904709948444, 4635.735850259304, 4891.903963982391, 4882.8216166097645, 4940.418459740162, 5013.751389904213, 5305.558975685692, 5464.6615083306315, 5587.816724880409, 5685.930604905509, 5715.852386819458, 6148.0553788327215]
shares:[0, 11.7233, 23.01, 33.9833, 45.4119, 56.7833, 68.2367, 79.1063, 89.8371, 100.4584, 111.5326, 122.547, 132.648, 142.9786, 151.3119, 160.0838, 168.9412, 180.3307, 191.878, 203.2546, 214.5413, 225.7646, 236.8881, 246.9212, 256.5737, 266.1798, 275.7309, 284.855, 294.1314, 303.1976, 312.272, 321.3629, 330.4737, 339.4182, 348.6255, 357.3974, 366.4308, 375.2181, 384.2925, 393.3015, 402.1043, 410.9695, 419.5458, 428.3177, 437.1665, 446.0633, 454.6323, 463.1069, 471.5457, 479.9874, 488.5344, 496.6119]
growth_rate:20.55
