ticker:PATK
price:[54.59000015258789, 52.18000030517578, 51.7400016784668, 54.38999938964844, 63.47999954223633, 64.0999984741211, 63.790000915527344, 57.099998474121094, 55.75, 62.130001068115234, 57.02000045776367, 61.56999969482422, 64.51000213623047, 67.8499984741211, 68.55999755859375, 70.0199966430664, 70.37000274658203, 68.3499984741211, 69.2699966430664, 69.8499984741211, 72.41999816894531, 69.05999755859375, 75.56999969482422, 79.0, 81.94999694824219, 78.93000030517578, 84.05000305175781, 89.72000122070312, 84.51000213623047, 85.1500015258789, 88.55000305175781, 88.01000213623047, 88.63999938964844, 89.94999694824219, 89.5999984741211, 97.5199966430664, 92.62999725341797, 87.58999633789062, 85.69999694824219, 82.5999984741211, 80.9000015258789, 71.62000274658203, 74.0999984741211, 73.66000366210938, 73.5, 74.0, 78.0, 82.62999725341797, 85.5, 86.55999755859375, 82.76000213623047, 86.33000183105469]
assets:[0, 99.99775258483888, 199.15244046058655, 309.35399952850344, 461.05523667526245, 565.5606965370179, 662.82276251297, 693.3081814727783, 776.9152750000001, 965.8232926040649, 986.3889879188538, 1165.1014182250976, 1320.732626735687, 1489.110701511383, 1604.6947348571778, 1738.8695946342468, 1847.5644221115112, 1894.532092705536, 2020.0308611061096, 2136.941958318329, 2315.5642634536744, 2308.130144403076, 2625.709867396545, 2844.8848000000003, 3051.121311378479, 3038.6787237487792, 3335.7933311187744, 3660.827265808105, 3548.245400691986, 3675.1166408576964, 3921.8619251617433, 3997.9423570404056, 4126.564259585572, 4287.547559535217, 4370.867125564575, 4857.217480799866, 4713.66267023468, 4557.19364246521, 4558.862757659912, 4493.960296982575, 4501.470244903565, 4085.1118506614685, 4326.565530906677, 4400.875846795654, 4491.31305, 4621.8698, 4971.7044000000005, 5366.818321609498, 5653.2258, 5823.315179754639, 5667.669778295898, 6012.150822517395]
shares:[0, 1.9164, 3.8491, 5.6877, 7.263, 8.8231, 10.3907, 12.142, 13.9357, 15.5452, 17.299, 18.9232, 20.4733, 21.9471, 23.4057, 24.8339, 26.255, 27.7181, 29.1617, 30.5933, 31.9741, 33.4221, 34.7454, 36.0112, 37.2315, 38.4984, 39.6882, 40.8028, 41.9861, 43.1605, 44.2898, 45.426, 46.5542, 47.6659, 48.782, 49.8074, 50.887, 52.0287, 53.1956, 54.4063, 55.6424, 57.0387, 58.3882, 59.7458, 61.1063, 62.4577, 63.7398, 64.95, 66.1196, 67.2749, 68.4832, 69.6415]
growth_rate:17.89
