ticker:PAVMW
price:[0.9800000190734863, 0.9800000190734863, 0.8799999952316284, 0.8799999952316284, 1.7000000476837158, 0.9100000262260437, 0.9100000262260437, 0.9100000262260437, 1.5499999523162842, 1.0080000162124634, 0.75, 1.2000000476837158, 0.9300000071525574, 0.46000000834465027, 0.5479999780654907, 0.4000000059604645, 0.44999998807907104, 0.4099999964237213, 0.4099999964237213, 0.46000000834465027, 0.5199999809265137, 0.44999998807907104, 0.5070000290870667, 0.7400000095367432, 1.4249999523162842, 1.149999976158142, 1.190000057220459, 1.3799999952316284, 1.8450000286102295, 1.25, 1.7000000476837158, 2.549999952316284, 1.6619999408721924, 1.5700000524520874, 1.5800000429153442, 1.2699999809265137, 1.1399999856948853, 1.4800000190734863, 1.690000057220459, 1.909999966621399, 1.809999942779541, 2.2699999809265137, 2.3299999237060547, 2.069999933242798, 1.7000000476837158, 1.399999976158142, 1.7899999618530273, 2.630000114440918, 3.299999952316284, 2.0999999046325684, 1.75, 2.930000066757202]
assets:[0, 99.99998594627381, 189.79593497157097, 289.7959664297104, 659.8330885078192, 453.2047650612831, 553.2047589432657, 653.2047528252483, 1212.6013876959084, 888.5820526917696, 761.147325, 1317.835732366085, 1121.322677624005, 654.6327278753937, 879.8667919820308, 742.2385710602164, 935.0183452304722, 951.9056016968786, 1051.9055848246157, 1280.1867852232845, 1547.167591250229, 1438.895031882298, 1721.155181144285, 2612.139575663924, 5130.133350834155, 4240.107642093873, 4487.589937783146, 5304.095669672537, 7191.345356015468, 4972.185125, 6862.171912478733, 10393.257420651316, 6873.958295050001, 6593.450877280414, 6735.4472789455895, 5513.935295189, 5049.516734636915, 6655.513169772864, 7699.876691704417, 8802.227015174854, 8441.3772781384, 10686.700008205891, 11069.167684549142, 9933.981636630511, 8258.342851640273, 6900.987962476874, 8923.405958831883, 13210.926891855717, 16676.447129031825, 10712.28410352235, 9026.903900000001, 15213.616611627458]
shares:[0, 102.0408, 215.6772, 329.3136, 388.1371, 498.0272, 607.9173, 717.8074, 782.3235, 881.5298, 1014.8631, 1098.1964, 1205.7233, 1423.1146, 1605.5964, 1855.5964, 2077.8186, 2321.721, 2565.6234, 2783.0147, 2975.3224, 3197.5446, 3394.7832, 3529.9183, 3600.0937, 3687.0502, 3771.0838, 3843.5476, 3897.7481, 3977.7481, 4036.5716, 4075.7873, 4135.9558, 4199.6501, 4262.9412, 4341.6814, 4429.4007, 4496.9683, 4556.1399, 4608.4959, 4663.7445, 4707.7974, 4750.7159, 4799.0251, 4857.8486, 4929.2772, 4985.1431, 5023.1659, 5053.4689, 5101.0879, 5158.2308, 5192.3605]
growth_rate:198.31
