ticker:PAVM
price:[1.8899999856948853, 1.7999999523162842, 1.9299999475479126, 1.7899999618530273, 1.8600000143051147, 2.0399999618530273, 2.009999990463257, 1.940000057220459, 1.7899999618530273, 1.7450000047683716, 1.7999999523162842, 1.7899999618530273, 1.9600000381469727, 2.119999885559082, 1.7799999713897705, 1.7599999904632568, 1.9500000476837158, 2.119999885559082, 2.130000114440918, 2.009999990463257, 2.190000057220459, 2.049999952316284, 2.1600000858306885, 3.5, 4.570000171661377, 4.199999809265137, 3.7300000190734863, 4.340000152587891, 4.630000114440918, 4.170000076293945, 4.96999979019165, 6.0, 4.920000076293945, 4.710000038146973, 4.570000171661377, 4.360000133514404, 4.03000020980835, 4.590000152587891, 5.300000190734863, 5.829999923706055, 5.889999866485596, 6.409999847412109, 6.710000038146973, 6.190000057220459, 5.829999923706055, 5.099999904632568, 5.929999828338623, 6.869999885559082, 7.690000057220459, 6.150000095367432, 6.130000114440918, 7.309999942779541]
assets:[0, 100.00007735090256, 207.2223573682666, 292.19064377307893, 403.617027104187, 542.6767098522186, 634.6960889885903, 712.5922850179672, 757.4948688569069, 838.4517367911458, 964.8786344394445, 1059.5181614204405, 1260.142824525833, 1463.0114970243453, 1328.3776666487693, 1413.4521203410625, 1666.0408457400083, 1911.2852608258247, 2020.3010615469932, 2006.4810834799528, 2286.1660257330896, 2240.01834289639, 2460.2146097601412, 4086.4586, 5435.747402181149, 5095.653548590755, 4625.426061652279, 5481.863306734085, 5948.162999022293, 5457.200703844452, 6604.145164206266, 8072.811599999999, 6719.705600201797, 6532.888744910812, 6438.705231854915, 6242.834799171638, 5870.326806618738, 6786.054513592529, 7935.749115589428, 8829.323838455583, 9020.191408530474, 9916.54090694008, 10480.653693583488, 9768.442185299635, 9300.32603429184, 8235.790945994855, 9676.125411895942, 11309.946159598161, 12759.89636194501, 10304.598834792376, 10371.087894617749, 12467.479758408357]
shares:[0, 55.5556, 107.3691, 163.235, 216.9984, 266.018, 315.7692, 367.3156, 423.1815, 480.4881, 536.0437, 591.9096, 642.93, 690.0998, 746.2796, 803.0978, 854.3799, 901.5497, 948.4981, 998.2493, 1043.9114, 1092.6919, 1138.9882, 1167.5596, 1189.4414, 1213.2509, 1240.0606, 1263.1021, 1284.7004, 1308.6812, 1328.8019, 1345.4686, 1365.7938, 1387.0252, 1408.907, 1431.8428, 1456.6567, 1478.4432, 1497.3111, 1514.4638, 1531.4417, 1547.0423, 1561.9454, 1578.1005, 1595.2532, 1614.861, 1631.7244, 1646.2804, 1659.2843, 1675.5445, 1691.8577, 1705.5376]
growth_rate:144.46
