ticker:PAX
price:[21.023000717163086, 17.850000381469727, 22.079999923706055, 22.3700008392334, 21.209999084472656, 19.350000381469727, 19.399999618530273, 17.719999313354492, 17.139999389648438, 17.0, 17.15999984741211, 16.200000762939453, 15.5, 15.359999656677246, 13.850000381469727, 15.239999771118164, 14.380000114440918, 14.920000076293945, 16.90999984741211, 17.770000457763672, 17.899999618530273, 16.850000381469727, 17.549999237060547, 17.170000076293945, 15.819999694824219, 15.789999961853027, 15.8100004196167, 16.049999237060547, 16.219999313354492, 15.890000343322754, 16.25, 16.190000534057617]
assets:[0, 99.9992721370697, 223.6968952270508, 326.6355672540665, 409.69870531539914, 473.77121434001924, 574.9946486936569, 625.200559773636, 704.73678490448, 798.9813, 906.5010159393311, 955.7870850128174, 1014.4874, 1105.3240072940828, 1096.662420205307, 1306.7248243749618, 1332.9857466083527, 1483.0420395835877, 1780.8478869304656, 1971.4180667846679, 2085.8404155483245, 2063.486431715584, 2249.2096572216033, 2300.508724222183, 2219.6298031822203, 2315.420330406189, 2418.352999186039, 2555.0635785446166, 2682.126110456848, 2727.558283932209, 2889.352375, 2978.684868257523]
shares:[0, 5.6022, 10.1312, 14.6015, 19.3163, 24.4843, 29.6389, 35.2822, 41.1165, 46.9989, 52.8264, 58.9992, 65.4508, 71.9612, 79.1814, 85.7431, 92.6972, 99.3996, 105.3133, 110.9408, 116.5274, 122.4621, 128.1601, 133.9842, 140.3053, 146.6384, 152.9635, 159.194, 165.3592, 171.6525, 177.8063, 183.983]
growth_rate:-3.91
