ticker:PAYA
price:[10.390000343322754, 10.270000457763672, 10.350000381469727, 10.220000267028809, 10.270000457763672, 10.210000038146973, 11.369999885559082, 11.079999923706055, 10.970000267028809, 11.510000228881836, 10.630000114440918, 10.960000038146973, 10.970000267028809, 12.520000457763672, 12.710000038146973, 13.369999885559082, 14.369999885559082, 13.579999923706055, 13.380000114440918, 13.8100004196167, 13.970000267028809, 12.960000038146973, 13.979999542236328, 13.109999656677246, 12.260000228881836, 12.0600004196167, 11.779999732971191, 13.220000267028809, 11.9399995803833, 11.319999694824219, 11.449999809265137, 11.710000038146973, 11.369999885559082, 10.699999809265137, 11.15999984741211, 10.130000114440918, 9.619999885559082, 10.010000228881836, 9.920000076293945, 10.470000267028809, 10.600000381469727, 10.859999656677246, 10.40999984741211, 11.5, 11.829999923706055, 11.050000190734863, 11.899999618530273, 11.489999771118164, 10.520000457763672, 10.210000038146973, 10.029999732971191, 10.149999618530273]
assets:[0, 100.00002145729064, 200.7786224000931, 298.25639979286194, 399.71560681648253, 497.3801518583298, 653.8898304184913, 737.2122269237518, 829.8936842010498, 970.7453623037337, 996.526368728447, 1127.4628759242057, 1228.4919349036218, 1502.0707789196013, 1624.8654698767662, 1809.240417513752, 2044.560709717369, 2032.1600765830992, 2102.2308299806596, 2269.790953967571, 2396.0883447999, 2322.855798837185, 2605.6733986793515, 2543.5182293907164, 2478.6066982730863, 2538.173014313412, 2579.2438995337484, 2994.5336484861373, 2804.5936654359816, 2758.9612656211852, 2890.645196847439, 3056.284247956276, 3067.5452421246528, 2986.784036758518, 3215.188144039536, 3018.4462641000746, 2966.480884710312, 3186.7436328659055, 3258.091097057724, 3538.7313092524532, 3682.670152530861, 3872.9995055608747, 3812.5156631168365, 4311.7134, 4535.4409717500685, 4336.401299850941, 4769.970857092476, 4705.627145263481, 4408.372527824402, 4378.46764735899, 4401.276218824768, 4553.933338848496]
shares:[0, 9.7371, 19.3989, 29.1836, 38.9207, 48.715, 57.5101, 66.5354, 75.6512, 84.3393, 93.7466, 102.8707, 111.9865, 119.9737, 127.8415, 135.3209, 142.2798, 149.6436, 157.1174, 164.3585, 171.5167, 179.2327, 186.3858, 194.0136, 202.1702, 210.4621, 218.9511, 226.5154, 234.8906, 243.7245, 252.4581, 260.9978, 269.7929, 279.1387, 288.0993, 297.971, 308.366, 318.356, 328.4366, 337.9877, 347.4217, 356.6298, 366.2359, 374.9316, 383.3847, 392.4345, 400.8379, 409.5411, 419.0468, 428.8411, 438.8112, 448.6634]
growth_rate:-10.71
