ticker:PAYS
price:[5.909999847412109, 5.440000057220459, 5.869999885559082, 5.699999809265137, 5.650000095367432, 5.78000020980835, 5.769999980926514, 5.519999980926514, 4.760000228881836, 5.260000228881836, 5.440000057220459, 4.559999942779541, 5.019999980926514, 5.039999961853027, 5.0, 5.159999847412109, 4.829999923706055, 4.639999866485596, 4.980000019073486, 4.730000019073486, 5.0, 4.679999828338623, 5.159999847412109, 5.21999979019165, 4.980000019073486, 4.53000020980835, 4.46999979019165, 4.860000133514404, 4.449999809265137, 4.389999866485596, 4.590000152587891, 4.139999866485596, 4.03000020980835, 3.9600000381469727, 3.819999933242798, 3.569999933242798, 3.059999942779541, 3.3399999141693115, 3.309999942779541, 3.2799999713897705, 3.609999895095825, 3.180000066757202, 3.2200000286102295, 3.119999885559082, 2.9100000858306885, 2.609999895095825, 2.700000047683716, 2.6600000858306885, 2.4700000286102295, 2.6600000858306885, 2.5399999618530273, 2.5199999809265137]
assets:[0, 100.00025705184937, 207.90482994670867, 301.8839598982811, 399.2357867387771, 508.421534455204, 607.5417619916916, 681.2182296461582, 687.4273330545425, 859.6360514059066, 989.053482403326, 929.0594043418407, 1122.7802237339972, 1227.2535987111091, 1317.5135, 1459.673656835556, 1466.3222888381958, 1508.6407405893804, 1719.1876385845183, 1732.8828069877625, 1931.8000000000002, 1908.164630008936, 2203.873602828598, 2329.500074370003, 2322.3966148948193, 2212.541796474552, 2283.2365568317414, 2582.4451489451885, 2464.584334363556, 2531.3538210131646, 2746.6776643093112, 2577.395418879366, 2608.914131824303, 2663.5977976586346, 2669.4300873498205, 2594.7291444798707, 2324.0534325413705, 2636.7118302422764, 2713.028875099468, 2788.4394956774713, 3168.9835359114645, 2891.5145947010756, 3027.885810903263, 3033.8520087189677, 2929.650734410286, 2727.6247603681086, 2921.6808515987395, 2978.3967761044505, 2865.654019193125, 3186.0890508060934, 3142.3556188065527, 3217.612583646393]
shares:[0, 18.3824, 35.4182, 52.9621, 70.6612, 87.9622, 105.2932, 123.4091, 144.4175, 163.4289, 181.8113, 203.7411, 223.6614, 243.5027, 263.5027, 282.8825, 303.5864, 325.1381, 345.2184, 366.36, 386.36, 407.7275, 427.1073, 446.2644, 466.3447, 488.4198, 510.7912, 531.3673, 553.8392, 576.6182, 598.4047, 622.5593, 647.3732, 672.6257, 698.8037, 726.8149, 759.4946, 789.4347, 819.6462, 850.134, 877.8348, 909.2813, 940.3372, 972.3885, 1006.7528, 1045.067, 1082.104, 1119.698, 1160.1838, 1197.7778, 1237.1479, 1276.8304]
growth_rate:-36.91
