ticker:PAYX
price:[76.05999755859375, 74.98999786376953, 78.58999633789062, 77.69999694824219, 79.43000030517578, 82.4000015258789, 83.7300033569336, 85.02999877929688, 82.25, 88.0199966430664, 91.87000274658203, 90.63999938964844, 93.37000274658203, 94.47000122070312, 91.81999969482422, 96.91999816894531, 94.70999908447266, 93.18000030517578, 92.0199966430664, 88.37000274658203, 86.87000274658203, 87.31999969482422, 91.62999725341797, 89.4000015258789, 90.25, 91.06999969482422, 92.12000274658203, 95.25, 95.83999633789062, 100.81999969482422, 98.76000213623047, 96.36000061035156, 97.5, 99.2300033569336, 97.48999786376953, 101.01000213623047, 100.11000061035156, 100.75, 101.13999938964844, 102.55999755859375, 105.0, 102.0199966430664, 105.61000061035156, 108.7300033569336, 111.9000015258789, 111.8499984741211, 112.25, 113.81999969482422, 115.41000366210938, 117.16999816894531, 115.41999816894531, 114.37000274658203]
assets:[0, 99.99916215133666, 204.7976714569092, 302.478318119812, 409.21541857223514, 524.5172097129822, 632.9820793777466, 742.8135663360597, 818.527325, 975.9481187789917, 1118.6367144432068, 1203.6629358947755, 1339.9155614151, 1455.6976958099365, 1514.864718965149, 1699.0075679016115, 1760.2705719841001, 1831.834943999481, 1909.028446357727, 1933.305898088074, 2000.4858582496645, 2110.8474766227723, 2315.031880607605, 2358.693880258179, 2481.1169, 2603.663970275116, 2733.6795055053713, 2926.565775, 3044.692923660278, 3302.903518002319, 3335.421552146912, 3354.3687092468263, 3494.049, 3656.050089683533, 3691.936470101166, 3925.238582013703, 3990.2644923278813, 4115.77855, 4231.7076884628295, 4391.116551470947, 4595.5875, 4565.1602037849425, 4825.806733889771, 5068.37299548111, 5316.145272491455, 5413.774811144256, 5533.13925, 5710.531496688843, 5890.307307907105, 6080.138676983643, 6089.328263397217, 6133.937735305786]
shares:[0, 1.3335, 2.6059, 3.8929, 5.1519, 6.3655, 7.5598, 8.7359, 9.9517, 11.0878, 12.1763, 13.2796, 14.3506, 15.4091, 16.4982, 17.53, 18.5859, 19.6591, 20.7458, 21.8774, 23.0285, 24.1737, 25.265, 26.3836, 27.4916, 28.5897, 29.6752, 30.7251, 31.7685, 32.7604, 33.773, 34.8108, 35.8364, 36.8442, 37.8699, 38.8599, 39.8588, 40.8514, 41.8401, 42.8151, 43.7675, 44.7477, 45.6946, 46.6143, 47.508, 48.4021, 49.293, 50.1716, 51.0381, 51.8916, 52.758, 53.6324]
growth_rate:20.27
