ticker:PBCT
price:[11.029999732971191, 10.180000305175781, 10.630000114440918, 9.930000305175781, 10.529999732971191, 10.829999923706055, 10.579999923706055, 11.4399995803833, 10.670000076293945, 10.489999771118164, 12.680000305175781, 12.729999542236328, 12.859999656677246, 13.229999542236328, 13.020000457763672, 12.760000228881836, 12.890000343322754, 12.930000305175781, 14.039999961853027, 14.420000076293945, 14.039999961853027, 13.65999984741211, 14.520000457763672, 15.149999618530273, 15.680000305175781, 17.940000534057617, 18.389999389648438, 18.450000762939453, 17.770000457763672, 18.030000686645508, 18.100000381469727, 17.989999771118164, 17.860000610351562, 17.899999618530273, 18.1299991607666, 18.920000076293945, 19.350000381469727, 19.040000915527344, 18.90999984741211, 19.020000457763672, 18.290000915527344, 16.850000381469727, 17.860000610351562, 17.209999084472656, 16.700000762939453, 16.030000686645508, 15.260000228881836, 15.699999809265137, 16.25, 16.360000610351562, 15.819999694824219, 16.6200008392334]
assets:[0, 100.00017899780273, 204.42021720075607, 290.9589389419555, 408.5397706398964, 520.1789753355026, 608.1711936143876, 757.6071082111359, 806.6146607675553, 893.0073865154267, 1179.4403723861694, 1284.0916028247834, 1397.2042406989099, 1537.4040038051605, 1613.0009847106933, 1680.7906141490937, 1797.9152938871384, 1903.4951669265745, 2166.9041101124762, 2325.5523463041304, 2364.268601576233, 2400.277801187897, 2651.394191588974, 2866.4344678245543, 3066.7132756866454, 3608.7261894285202, 3799.2451439056395, 3911.6418567531587, 3867.4735616279604, 4024.0599602502825, 4139.683667246628, 4214.52444237976, 4284.069416404724, 4393.664096365928, 4550.118523376083, 4848.386243550873, 5058.5777197258, 5077.53603615036, 5142.867563501359, 5272.7834889026635, 5170.411332810974, 4863.336415101814, 5254.847963580322, 5163.602075309754, 5110.584333477021, 5005.548853412819, 4865.107816970825, 5105.385597976113, 5384.236, 5520.683841963196, 5438.460279089356, 5813.476853553772]
shares:[0, 9.8232, 19.2305, 29.301, 38.7977, 48.0313, 57.4831, 66.2244, 75.5965, 85.1294, 93.0158, 100.8713, 108.6473, 116.2059, 123.8864, 131.7234, 139.4814, 147.2154, 154.3379, 161.2727, 168.3952, 175.7158, 182.6029, 189.2036, 195.5812, 201.1553, 206.593, 212.0131, 217.6406, 223.1869, 228.7118, 234.2704, 239.8695, 245.4561, 250.9718, 256.2572, 261.4252, 266.6773, 271.9655, 277.2231, 282.6906, 288.6253, 294.2244, 300.035, 306.023, 312.2613, 318.8144, 325.1838, 331.3376, 337.4501, 343.7712, 349.788]
growth_rate:13.99
