ticker:PBCTP
price:[26.56999969482422, 28.450000762939453, 27.25, 26.469999313354492, 27.149999618530273, 27.350000381469727, 27.110000610351562, 27.5, 27.1299991607666, 26.770000457763672, 27.729999542236328, 27.66699981689453, 28.100000381469727, 28.479999542236328, 28.5, 29.09000015258789, 28.34000015258789, 28.0, 27.940000534057617, 27.450000762939453, 28.280000686645508, 28.450000762939453, 28.33099937438965, 27.959999084472656, 27.469999313354492, 27.110000610351562, 28.110000610351562, 28.1299991607666, 27.84000015258789, 27.690000534057617, 27.610000610351562, 27.81999969482422, 27.84000015258789, 27.850000381469727, 27.5, 27.899999618530273, 27.924999237060547, 28.149999618530273, 28.25, 28.389999389648438, 28.375, 28.459999084472656, 28.649999618530273, 28.729999542236328, 29.5, 29.360000610351562, 29.30500030517578, 28.979999542236328, 28.979999542236328, 29.0, 29.0, 29.100000381469727]
assets:[0, 99.99890768165588, 195.78035, 290.17736747264865, 397.63074941310884, 500.5597069816589, 596.1678904220581, 704.7452499999999, 795.2643783994674, 884.7110371284485, 1016.4375872207642, 1114.1279490264892, 1231.564006719017, 1348.2175463298797, 1449.16515, 1579.16520328331, 1638.4516028217317, 1718.794, 1815.1109586948396, 1883.278672343445, 2040.2238855371475, 2152.487227722931, 2243.48367775898, 2314.1037322265624, 2373.5480376703263, 2442.4429729888916, 2632.5381001602173, 2734.41032442131, 2806.2219033805845, 2891.101879760742, 2982.749780937195, 3105.4352859344485, 3207.669137580872, 3308.822340321922, 3367.24025, 3516.2174219236376, 3619.3675286151883, 3748.5299542024613, 3861.8456249999995, 3980.984825413513, 4078.8807125, 4191.09915317688, 4319.079122492218, 4431.139876397324, 4649.89915, 4727.832090284729, 4818.975790683747, 4865.533267144775, 4965.534551565171, 5068.9622, 5168.9629, 5286.786219304085]
shares:[0, 3.5149, 7.1846, 10.9625, 14.6457, 18.302, 21.9907, 25.6271, 29.3131, 33.0486, 36.6548, 40.2692, 43.8279, 47.3391, 50.8479, 54.2855, 57.8141, 61.3855, 64.9646, 68.6076, 72.1437, 75.6586, 79.1883, 82.7648, 86.4051, 90.0938, 93.6513, 97.2062, 100.7982, 104.4096, 108.0315, 111.626, 115.218, 118.8087, 122.4451, 126.0293, 129.6103, 133.1627, 136.7025, 140.2249, 143.7491, 147.2628, 150.7532, 154.2339, 157.6237, 161.0297, 164.4421, 167.8928, 171.3435, 174.7918, 178.2401, 181.6765]
growth_rate:3.66
