ticker:PBFS
price:[8.569999694824219, 8.539999961853027, 8.960000038146973, 8.380000114440918, 8.960000038146973, 9.279999732971191, 9.279999732971191, 9.720000267028809, 9.460000038146973, 9.75, 10.5600004196167, 10.449999809265137, 10.539999961853027, 10.640000343322754, 10.600000381469727, 10.210000038146973, 10.460000038146973, 10.569999694824219, 10.850000381469727, 10.609999656677246, 11.0, 10.449999809265137, 10.90999984741211, 10.899999618530273, 10.75, 10.800000190734863, 12.199999809265137, 12.800000190734863, 12.359999656677246, 12.619999885559082, 12.489999771118164, 12.020000457763672, 12.050000190734863, 11.819999694824219, 11.760000228881836, 11.890000343322754, 12.199999809265137, 12.010000228881836, 12.210000038146973, 11.949999809265137, 11.930000305175781, 11.859999656677246, 12.369999885559082, 11.949999809265137, 11.449999809265137, 11.670000076293945, 11.579999923706055, 11.569999694824219, 11.850000381469727, 12.0, 12.0, 12.180000305175781]
assets:[0, 99.99998355331421, 204.9178888724327, 291.6533339829445, 411.8392337533951, 526.5481128487587, 626.548461971283, 756.2558727759362, 836.0265573712348, 961.655175, 1141.5466053609848, 1229.6556575561524, 1340.2463691493035, 1452.962270882988, 1547.5004156909943, 1590.5638349427222, 1729.509752307415, 1847.6972526535035, 1996.6431101989747, 2052.4779085850714, 2227.9224, 2216.5264695436476, 2414.096033236313, 2511.8831120910645, 2577.315725, 2689.303727494812, 3137.9168109417915, 3392.2406905483244, 3375.6320902353286, 3546.640213838291, 3610.1057868440625, 3574.257720120239, 3683.178958299637, 3712.877028138733, 3794.0300898422242, 3935.9705936508176, 4138.59007529726, 4174.13683054905, 4343.647684570598, 4351.153865550899, 4443.871428676605, 4517.796461219025, 4812.0697364811895, 4748.6849492058755, 4649.994917540073, 4839.340138637734, 4902.018933703423, 4997.785167176055, 5218.734242999077, 5384.7936, 5484.7932, 5667.0654759910585]
shares:[0, 11.7096, 22.8703, 34.8035, 45.9642, 56.7401, 67.516, 77.8041, 88.3749, 98.6313, 108.101, 117.6704, 127.1581, 136.5566, 145.9906, 155.7849, 165.3451, 174.8058, 184.0224, 193.4475, 202.5384, 212.1078, 221.2737, 230.448, 239.7503, 249.0096, 257.2063, 265.0188, 273.1094, 281.0333, 289.0397, 297.3592, 305.658, 314.1182, 322.6216, 331.032, 339.2287, 347.5551, 355.7451, 364.1133, 372.4955, 380.9272, 389.0113, 397.3795, 406.1131, 414.6821, 423.3177, 431.9607, 440.3995, 448.7328, 457.0661, 465.2763]
growth_rate:11.12
