ticker:PBHC
price:[10.029999732971191, 9.760000228881836, 11.300000190734863, 10.289999961853027, 10.649999618530273, 9.800000190734863, 10.649999618530273, 10.199999809265137, 10.050000190734863, 11.210000038146973, 11.25, 11.890000343322754, 11.579999923706055, 11.720000267028809, 11.600000381469727, 11.0, 11.40999984741211, 11.479999542236328, 12.020000457763672, 13.140000343322754, 13.0, 12.050000190734863, 12.899999618530273, 13.579999923706055, 13.75, 14.850000381469727, 14.300000190734863, 14.0, 15.0, 14.9399995803833, 14.5, 13.899999618530273, 15.020000457763672, 15.100000381469727, 14.800000190734863, 14.329999923706055, 14.520000457763672, 14.520000457763672, 15.010000228881836, 15.680000305175781, 15.699999809265137, 15.600000381469727, 16.239999771118164, 16.010000228881836, 15.9399995803833, 15.829999923706055, 16.06999969482422, 16.0, 16.059999465942383, 16.280000686645508, 16.25, 16.31999969482422]
assets:[0, 99.99998634510041, 215.7791536421776, 296.49297190084457, 406.86619542655944, 474.39350923299787, 615.5401579521179, 689.5312071061135, 779.3905797917366, 969.3500022986412, 1072.809, 1233.8396036270142, 1301.6707354240418, 1417.4074562942506, 1502.8948894231796, 1525.1588000000002, 1682.005127506256, 1792.3241125312804, 1976.6325812770845, 2260.8106430706025, 2336.7227, 2265.9627708670614, 2525.8018653087615, 2758.945376499939, 2893.482625, 3224.9612178434368, 3205.5180727555276, 3238.27, 3569.5755, 3655.296491334438, 3647.64465, 3596.7069112924573, 3986.51389549675, 4107.746723773575, 4126.136453175545, 4095.104140197373, 4249.40155396843, 4349.4022491210935, 4596.1791480854035, 4901.339167393494, 5007.5902991642, 5075.695684116936, 5383.928572120475, 5407.678565309143, 5484.034117634106, 5546.189275269699, 5730.275845179748, 5805.3152, 5927.085736901283, 6108.279049630355, 6197.022000000001, 6323.717545749665]
shares:[0, 10.2459, 19.0955, 28.8137, 38.2034, 48.4075, 57.7972, 67.6011, 77.5513, 86.4719, 95.3608, 103.7712, 112.4068, 120.9392, 129.5599, 138.6508, 147.415, 156.1258, 164.4453, 172.0556, 179.7479, 188.0467, 195.7986, 203.1624, 210.4351, 217.1691, 224.1621, 231.305, 237.9717, 244.6651, 251.5617, 258.7559, 265.4137, 272.0362, 278.793, 285.7714, 292.6585, 299.5456, 306.2078, 312.5854, 318.9548, 325.3651, 331.5227, 337.7688, 344.0423, 350.3594, 356.5822, 362.8322, 369.0589, 375.2014, 381.3552, 387.4827]
growth_rate:23.99
