ticker:PBIP
price:[9.779999732971191, 9.59000015258789, 10.5600004196167, 10.100000381469727, 10.520000457763672, 11.029999732971191, 11.170000076293945, 12.34000015258789, 11.59000015258789, 10.619999885559082, 11.960000038146973, 12.859999656677246, 13.680000305175781, 14.050000190734863, 14.020000457763672, 13.90999984741211, 13.680000305175781, 13.850000381469727, 12.239999771118164, 12.0, 12.199999809265137, 11.8100004196167, 12.6899995803833, 13.460000038146973, 13.720000267028809, 13.550000190734863, 14.789999961853027, 15.390000343322754, 15.220000267028809, 14.1899995803833, 14.90999984741211, 14.050000190734863, 13.850000381469727, 13.75, 13.850000381469727, 13.880000114440918, 14.020000457763672, 13.989999771118164, 13.869999885559082, 13.899999618530273, 13.979999542236328, 13.739999771118164, 13.949999809265137, 13.800000190734863, 13.600000381469727, 13.800000190734863, 14.460000038146973, 14.100000381469727, 14.0600004196167, 14.300000190734863, 14.100000381469727, 14.550000190734863]
assets:[0, 99.99972659111023, 210.1144403491974, 300.96183136711124, 413.47704599189757, 533.5221900837898, 640.2945633733749, 807.3617859832764, 858.29166629982, 886.4588244475364, 1098.309527503109, 1280.9575598023414, 1462.6355366287232, 1602.1945817504884, 1698.7740134662629, 1785.445850414276, 1855.9232334022522, 1978.986389507103, 1848.9376454257963, 1912.6835999999998, 2044.5613680353163, 2079.202537875366, 2334.12999681797, 2575.759447299957, 2725.513725045967, 2791.743124297619, 3147.223251882553, 3374.8993382878302, 3437.619700311661, 3304.9814502674103, 3572.6760144374844, 3466.6057220606804, 3517.2588418756486, 3591.8630000000003, 3717.985512404251, 3826.0386875457766, 3964.630407448197, 4056.147214639854, 4121.355344994831, 4230.268893905067, 4354.6160774116515, 4379.858507040024, 4546.8001628327365, 4597.910283549404, 4631.273409903717, 4799.380626334, 5128.915741530609, 5101.225038011551, 5186.753838797188, 5375.289991696167, 5400.111206097794, 5672.455799359799]
shares:[0, 10.4275, 19.8972, 29.7982, 39.3039, 48.3701, 57.3227, 65.4264, 74.0545, 83.4707, 91.8319, 99.6079, 106.9178, 114.0352, 121.1679, 128.357, 135.6669, 142.8871, 151.057, 159.3903, 167.587, 176.0544, 183.9346, 191.364, 198.6526, 206.0327, 212.794, 219.2917, 225.862, 232.9092, 239.6161, 246.7335, 253.9537, 261.2264, 268.4466, 275.6512, 282.7839, 289.9319, 297.1417, 304.3359, 311.489, 318.767, 325.9355, 333.1819, 340.5348, 347.7812, 354.6968, 361.789, 368.9014, 375.8944, 382.9866, 389.8595]
growth_rate:11.22
