ticker:PBLA
price:[3.4000000953674316, 3.9800000190734863, 3.8499999046325684, 3.9100000858306885, 3.559999942779541, 3.640000104904175, 3.990000009536743, 4.039999961853027, 5.559999942779541, 7.400000095367432, 5.119999885559082, 5.269999980926514, 4.360000133514404, 4.070000171661377, 3.9000000953674316, 3.700000047683716, 3.8399999141693115, 2.8499999046325684, 2.8399999141693115, 2.4800000190734863, 2.619999885559082, 2.5199999809265137, 2.4000000953674316, 2.3499999046325684, 2.200000047683716, 2.450000047683716, 2.259999990463257]
assets:[0, 99.99988847923278, 196.7334551267624, 299.79925658106805, 372.9630380053043, 481.34414987225534, 627.6274005001306, 735.4924970552445, 1112.2123805537224, 1580.2826003658772, 1193.3849333257674, 1328.3472361923696, 1198.9743127156735, 1219.2259384235858, 1268.299921013975, 1303.2587867957354, 1452.5713595324994, 1178.0802355787753, 1273.9467134986876, 1212.4606013249397, 1380.9057856823922, 1428.1994051901818, 1460.1900580227375, 1529.7693329190731, 1532.124473207903, 1806.2294601541757, 1766.1545105471848]
shares:[0, 25.1256, 51.0996, 76.675, 104.7649, 132.2374, 157.3001, 182.0526, 200.0382, 213.5517, 233.083, 252.0583, 274.9941, 299.5641, 325.2051, 352.2321, 378.2738, 413.3615, 448.5728, 488.8954, 527.0633, 566.7458, 608.4125, 650.9657, 696.4202, 737.2365, 781.4843]
growth_rate:-32.07
