ticker:PBPB
price:[4.059999942779541, 3.930000066757202, 4.28000020980835, 3.630000114440918, 3.819999933242798, 4.179999828338623, 3.9600000381469727, 3.9100000858306885, 3.559999942779541, 3.4700000286102295, 3.5899999141693115, 4.03000020980835, 4.699999809265137, 5.289999961853027, 5.21999979019165, 4.96999979019165, 4.329999923706055, 4.400000095367432, 4.869999885559082, 4.900000095367432, 4.96999979019165, 5.389999866485596, 5.179999828338623, 5.0, 5.110000133514404, 4.989999771118164, 5.659999847412109, 5.800000190734863, 6.050000190734863, 6.050000190734863, 6.329999923706055, 5.960000038146973, 6.150000095367432, 5.989999771118164, 6.110000133514404, 7.170000076293945, 6.900000095367432, 7.289999961853027, 6.889999866485596, 7.420000076293945, 7.989999771118164, 8.149999618530273, 8.8100004196167, 7.900000095367432, 7.599999904632568, 7.03000020980835, 6.679999828338623, 6.980000019073486, 7.159999847412109, 7.039999961853027, 6.5, 7.059999942779541]
assets:[0, 100.00003069865703, 208.9059542407036, 277.17954873847964, 391.68751315498355, 528.6002702918053, 600.7791297873498, 693.193358216691, 731.1428202482223, 812.6587387003899, 940.7623495079994, 1156.0648011866094, 1448.2640512267112, 1730.0675085242272, 1807.1743673639298, 1820.623742142439, 1686.17731228981, 1813.4367193051814, 2107.144732483864, 2220.125363209724, 2351.841175717115, 2650.5884903429032, 2647.3186842698096, 2655.3269999999998, 2813.7444125176908, 2847.668119382858, 3330.0201582260133, 3512.38847550602, 3763.7843736586574, 3863.784221811295, 4142.603884070206, 4000.461093604946, 4227.992840563059, 4217.996108827591, 4402.497052202415, 5266.26897803688, 5167.957931428242, 5560.059642905427, 5354.98093023119, 5866.902794324684, 6417.5941831613545, 6646.1062689216615, 7284.318905949116, 6631.908670059252, 6480.0639186859125, 6094.059725875472, 5890.656980623006, 6255.207287092924, 6516.516341125489, 6507.300764739513, 6108.16115, 6734.402629418469]
shares:[0, 25.4453, 48.8098, 76.358, 102.536, 126.4594, 151.7119, 177.2873, 205.3772, 234.1956, 262.0508, 286.8647, 308.1413, 327.0449, 346.202, 366.3227, 389.4174, 412.1447, 432.6786, 453.0868, 473.2075, 491.7604, 511.0654, 531.0654, 550.6349, 570.675, 588.3428, 605.5842, 622.1131, 638.642, 654.4398, 671.2183, 687.4785, 704.173, 720.5396, 734.4866, 748.9794, 762.6968, 777.2106, 790.6877, 803.2033, 815.4732, 826.8239, 839.4821, 852.64, 866.8648, 881.8349, 896.1615, 910.128, 924.3325, 939.7171, 953.8814]
growth_rate:32.05
