ticker:PBTS
price:[2.380000114440918, 1.940000057220459, 1.940000057220459, 2.0899999141693115, 2.440000057220459, 2.4100000858306885, 2.559999942779541, 2.490000009536743, 2.4000000953674316, 2.140000104904175, 2.3499999046325684, 2.2899999618530273, 2.509999990463257, 2.9800000190734863, 2.190000057220459, 2.180000066757202, 2.140000104904175, 2.3499999046325684, 2.950000047683716, 2.819999933242798, 2.8299999237060547, 2.75, 3.3399999141693115, 3.950000047683716, 5.670000076293945, 3.509999990463257, 3.3299999237060547, 3.690000057220459, 3.680000066757202, 3.130000114440918, 2.9600000381469727, 2.819999933242798, 1.909999966621399, 1.8799999952316284, 1.7200000286102295, 1.3899999856948853, 1.1200000047683716, 1.2000000476837158, 1.309999942779541, 1.309999942779541, 1.5, 1.399999976158142, 1.409999966621399, 1.7999999523162842, 2.2100000381469727, 1.7400000095367432, 1.2599999904632568, 1.2999999523162842, 1.2899999618530273, 1.5800000429153442, 1.309999942779541, 1.3600000143051147]
assets:[0, 100.00001894950866, 200.00003789901731, 315.4639600447416, 468.2928629819393, 562.5352310343504, 697.5477604085922, 778.4741009815692, 850.3365937893391, 858.2168680703402, 1042.4343426960468, 1115.818969412613, 1323.0154729732037, 1670.7513146936417, 1327.8340456937315, 1421.7709735382796, 1495.6835233193635, 1742.4560742878436, 2287.3385869724752, 2286.540545871258, 2394.6488664426806, 2426.955575, 3047.647717682123, 3704.2543497171164, 5417.24621489296, 3453.533216616678, 3376.4287806423185, 3841.4483605689525, 3931.0378953111644, 3443.518766903973, 3356.49056325674, 3297.737531933427, 2333.573974219143, 2396.9210339205265, 2292.9277381402258, 1953.005440900743, 1673.6446791254996, 1893.1907552286386, 2166.733093357658, 2266.7331179896833, 2695.4961, 2615.7963554532525, 2734.480615267277, 3590.8263848755837, 4508.737102825641, 3649.8654320044993, 2743.0059932386157, 2930.0854925251006, 3007.5464170629502, 3783.6616527703404, 3237.086362604904, 3460.63944440062]
shares:[0, 51.5464, 103.0928, 150.9397, 191.9233, 233.4171, 272.4796, 312.6402, 354.3069, 401.0359, 443.5891, 487.2572, 527.0978, 560.6548, 606.3169, 652.1885, 698.9175, 741.4707, 775.369, 810.83, 846.1657, 882.5293, 912.4694, 937.7859, 955.4226, 983.9126, 1013.9426, 1041.0429, 1068.2168, 1100.1657, 1133.9495, 1169.4105, 1221.7665, 1274.958, 1333.0975, 1405.0399, 1494.3256, 1577.6589, 1653.9948, 1730.3307, 1796.9974, 1868.426, 1939.348, 1994.9036, 2040.1525, 2097.6238, 2176.9889, 2253.912, 2331.4314, 2394.7225, 2471.0584, 2544.5878]
growth_rate:-32.14
