ticker:PBYI
price:[9.630000114440918, 9.5, 10.359999656677246, 9.800000190734863, 9.90999984741211, 10.010000228881836, 9.819999694824219, 9.5, 8.369999885559082, 7.78000020980835, 8.930000305175781, 11.15999984741211, 11.729999542236328, 11.520000457763672, 10.829999923706055, 11.140000343322754, 11.430000305175781, 10.260000228881836, 11.390000343322754, 10.779999732971191, 11.140000343322754, 11.739999771118164, 12.260000228881836, 12.0, 11.729999542236328, 9.960000038146973, 10.859999656677246, 11.289999961853027, 10.9399995803833, 9.890000343322754, 9.960000038146973, 9.329999923706055, 10.069999694824219, 10.170000076293945, 9.859999656677246, 9.789999961853027, 10.25, 10.710000038146973, 10.550000190734863, 11.279999732971191, 11.350000381469727, 9.880000114440918, 9.630000114440918, 8.819999694824219, 8.279999732971191, 8.100000381469727, 7.75, 7.519999980926514, 7.099999904632568, 7.260000228881836, 7.0, 7.659999847412109]
assets:[0, 99.99985000000001, 209.0523610721588, 297.7524257950783, 401.0943608242035, 505.1416485502243, 595.5535214920044, 676.14635, 695.7202494875908, 746.6792961361884, 957.0495647064208, 1296.0442622795103, 1462.2394559360505, 1536.0618850376127, 1544.057998122597, 1688.25591203022, 1832.2050459190368, 1744.6566089200974, 2036.8065603943824, 2027.7233397717478, 2195.440075661087, 2413.686426943016, 2620.5958909238816, 2665.02, 2705.0563674350738, 2396.8769971800803, 2713.4621382179257, 2920.9013721307756, 2930.3510916028977, 2749.1016374326705, 2868.559690986633, 2787.114490209007, 3108.1718678054813, 3239.0372222988126, 3240.3054911733625, 3317.3013480740547, 3573.1704999999997, 3833.527774654293, 3876.257860079384, 4244.472139521599, 4370.8125069015505, 3904.725233228779, 3905.9213054171564, 3677.385976760864, 3552.239945440769, 3575.017788365555, 3520.54135, 3516.0609670819763, 3419.685134066677, 3596.748587392616, 3567.9392, 4004.3445842330934]
shares:[0, 10.5263, 20.1788, 30.3829, 40.4737, 50.4637, 60.647, 71.1733, 83.1207, 95.9742, 107.1724, 116.133, 124.6581, 133.3387, 142.5723, 151.549, 160.2979, 170.0445, 178.8241, 188.1005, 197.0772, 205.5951, 213.7517, 222.085, 230.6101, 240.6503, 249.8584, 258.7158, 267.8566, 277.9678, 288.008, 298.7261, 308.6566, 318.4894, 328.6314, 338.8459, 348.602, 357.9391, 367.4178, 376.283, 385.0936, 395.2151, 405.5993, 416.9372, 429.0145, 441.3602, 454.2634, 467.5613, 481.6458, 495.4199, 509.7056, 522.7604]
growth_rate:-21.48
