ticker:PCAR
price:[85.62000274658203, 83.88999938964844, 84.23999786376953, 83.52999877929688, 84.98999786376953, 89.22000122070312, 89.94000244140625, 92.63999938964844, 85.37999725341797, 90.08999633789062, 89.91000366210938, 88.77999877929688, 87.73999786376953, 86.69999694824219, 85.45999908447266, 86.01000213623047, 86.11000061035156, 86.27999877929688, 87.80000305175781, 88.16000366210938, 98.8499984741211, 91.22000122070312, 96.58000183105469, 98.0, 95.19000244140625, 90.98999786376953, 94.1500015258789, 96.94999694824219, 95.05999755859375, 93.68000030517578, 92.02999877929688, 93.36000061035156, 94.91999816894531, 93.3499984741211, 89.87999725341797, 94.5, 94.66000366210938, 92.02999877929688, 91.55999755859375, 94.93000030517578, 92.37000274658203, 87.04000091552734, 88.9800033569336, 88.30000305175781, 87.5, 87.61000061035156, 87.58000183105469, 82.98999786376953, 80.04000091552734, 81.13999938964844, 80.2699966430664, 82.25]
assets:[0, 99.99687927246093, 200.4153789176941, 298.7283346343994, 403.94896084671024, 524.051521170044, 628.2848810546875, 747.1415950775146, 788.5867306320191, 932.089120111084, 1030.224785961914, 1117.2785286376952, 1204.187600681305, 1289.9138845962525, 1371.462065307617, 1480.2923437660218, 1582.0129312133788, 1685.1346561584471, 1814.826063079834, 1922.2671678497315, 2255.3516801856995, 2181.2709131896972, 2409.43925368042, 2544.864, 2571.8910809631348, 2558.4112649345398, 2747.259384524536, 2928.9660528030395, 2971.8702096740726, 3028.730617866516, 3075.3848752075196, 3219.8277090499882, 3373.627590921021, 3417.8234941329956, 3390.776824383545, 3665.0691, 3771.2734778991703, 3766.4933540405273, 3847.259537414551, 4088.8629451446536, 4078.5974712753296, 3943.2514974769592, 4131.136901854706, 4199.565805142212, 4261.52125, 4366.876675422668, 4465.380247358704, 4331.3558755073545, 4277.393676926422, 4436.175300630188, 4488.609915283966, 4699.329075000001]
shares:[0, 1.192, 2.3791, 3.5763, 4.7529, 5.8737, 6.9856, 8.065, 9.2362, 10.3462, 11.4584, 12.5848, 13.7245, 14.8779, 16.048, 17.2107, 18.372, 19.531, 20.67, 21.8043, 22.8159, 23.9122, 24.9476, 25.968, 27.0185, 28.1175, 29.1796, 30.2111, 31.2631, 32.3306, 33.4172, 34.4883, 35.5418, 36.613, 37.7256, 38.7838, 39.8402, 40.9268, 42.019, 43.0724, 44.155, 45.3039, 46.4277, 47.5602, 48.7031, 49.8445, 50.9863, 52.1913, 53.4407, 54.6731, 55.9189, 57.1347]
growth_rate:-7.86
