ticker:PCB
price:[9.649999618530273, 9.350000381469727, 9.329999923706055, 8.600000381469727, 8.819999694824219, 9.239999771118164, 9.390000343322754, 9.600000381469727, 9.399999618530273, 9.739999771118164, 11.270000457763672, 11.100000381469727, 11.09000015258789, 11.1899995803833, 10.75, 10.550000190734863, 10.119999885559082, 10.109999656677246, 10.100000381469727, 10.770000457763672, 12.449999809265137, 11.84000015258789, 13.229999542236328, 13.279999732971191, 13.520000457763672, 13.930000305175781, 15.930000305175781, 16.309999465942383, 16.030000686645508, 15.34000015258789, 15.130000114440918, 14.739999771118164, 14.760000228881836, 14.800000190734863, 15.800000190734863, 16.209999084472656, 16.450000762939453, 16.1200008392334, 16.049999237060547, 16.610000610351562, 16.1200008392334, 15.199999809265137, 15.960000038146973, 16.5, 16.579999923706055, 16.260000228881836, 17.440000534057617, 18.940000534057617, 19.270000457763672, 20.56999969482422, 19.709999084472656, 19.40999984741211]
assets:[0, 100.00012407989502, 199.78608736629485, 284.1543326042176, 391.4236484565735, 510.0627713653564, 618.3427906082154, 732.1718690938949, 816.9182468479156, 946.4659717588426, 1195.1407225440978, 1277.1127638900757, 1375.9618259319304, 1488.3695351872445, 1529.8454000000002, 1601.3834739516258, 1636.113537498188, 1734.49681609869, 1832.7814192228318, 2054.3625093177798, 2474.8196770855902, 2453.5629756202698, 2841.608097679138, 2952.3471246354106, 3105.7022891536712, 3299.8847372932432, 3873.6663142089847, 4066.0698188598635, 4096.266300463676, 4019.9452159866332, 4064.913584746361, 4060.1344109544757, 4165.644016596221, 4276.933655118943, 4665.915436326122, 4886.992144986725, 5059.347429648971, 5057.853375320054, 5135.88901086464, 5415.08609498291, 5355.339930807686, 5149.699135379791, 5507.184745163059, 5793.5179499999995, 5921.608318751335, 5907.3198711536415, 6436.017685087394, 7089.573649907112, 7313.098136724471, 7906.455813700103, 7675.899492455292, 7659.06753878975]
shares:[0, 10.6952, 21.4133, 33.0412, 44.3791, 55.2016, 65.8512, 76.2679, 86.9062, 97.1731, 106.0462, 115.0552, 124.0723, 133.0089, 142.3112, 151.7899, 161.6713, 171.5625, 181.4635, 190.7486, 198.7807, 207.2266, 214.7852, 222.3153, 229.7117, 236.8905, 243.168, 249.2992, 255.5375, 262.0564, 268.6658, 275.4501, 282.2252, 288.982, 295.3111, 301.4801, 307.5591, 313.7626, 319.9931, 326.0136, 332.2171, 338.796, 345.0617, 351.1223, 357.1537, 363.3038, 369.0377, 374.3175, 379.5069, 384.3683, 389.4419, 394.5939]
growth_rate:50.18
