ticker:PCH
price:[43.66999816894531, 42.400001525878906, 40.849998474121094, 39.880001068115234, 43.83000183105469, 46.61000061035156, 45.709999084472656, 47.52000045776367, 41.54999923706055, 43.27000045776367, 43.220001220703125, 45.25, 45.459999084472656, 46.130001068115234, 47.88999938964844, 49.66999816894531, 50.63999938964844, 50.02000045776367, 51.0, 50.529998779296875, 52.77000045776367, 47.7599983215332, 49.939998626708984, 53.869998931884766, 53.189998626708984, 50.75, 52.150001525878906, 53.9900016784668, 51.02000045776367, 52.369998931884766, 54.540000915527344, 57.83000183105469, 61.4900016784668, 59.38999938964844, 59.36000061035156, 63.439998626708984, 60.08000183105469, 58.619998931884766, 60.20000076293945, 56.290000915527344, 54.529998779296875, 51.58000183105469, 52.75, 53.97999954223633, 55.06999969482422, 52.04999923706055, 52.59000015258789, 51.939998626708984, 51.18000030517578, 51.459999084472656, 49.380001068115234, 52.7599983215332]
assets:[0, 100.0004035987854, 196.345517665863, 291.68232781219484, 420.57078256988524, 547.2480171661376, 636.6808642478943, 761.8929193393708, 766.1736759315492, 897.8914524990082, 996.8520401550293, 1143.671125, 1248.9771068466187, 1367.3854916610717, 1519.554469633484, 1676.0346162139892, 1808.7645621994018, 1886.6193632656098, 2023.5831, 2104.933212149048, 2298.244336936569, 2180.0481073848723, 2379.5560365650176, 2666.8127491233827, 2733.1521224338535, 2707.771325, 2882.4661743392944, 3084.16804788208, 3014.506523046875, 3194.271425851059, 3426.628269520569, 3733.3314282073975, 4069.611228086472, 4030.627027577209, 4128.588954450988, 4512.360222320556, 4373.367525286865, 4367.090266427231, 4584.795938105011, 4387.011882352448, 4349.847096624756, 4214.524579612732, 4410.121550000001, 4612.952626881027, 4806.102055366516, 4642.537221950531, 4790.701840900039, 4831.489836255646, 4860.794938983918, 4987.389899269104, 4885.800507682418, 5320.228538746262]
shares:[0, 2.3585, 4.8065, 7.314, 9.5955, 11.741, 13.9287, 16.0331, 18.4398, 20.7509, 23.0646, 25.2745, 27.4742, 29.642, 31.7301, 33.7434, 35.7181, 37.7173, 39.6781, 41.6571, 43.5521, 45.6459, 47.6483, 49.5046, 51.3847, 53.3551, 55.2726, 57.1248, 59.0848, 60.9943, 62.8278, 64.557, 66.1833, 67.8671, 69.5517, 71.128, 72.7924, 74.4983, 76.1594, 77.9359, 79.7698, 81.7085, 83.6042, 85.4567, 87.2726, 89.1938, 91.0953, 93.0206, 94.9745, 96.9178, 98.9429, 100.8383]
growth_rate:4.32
