ticker:PCOM
price:[10.6899995803833, 10.020000457763672, 10.319999694824219, 9.399999618530273, 9.75, 9.779999732971191, 9.829999923706055, 10.25, 10.050000190734863, 9.949999809265137, 10.890000343322754, 10.829999923706055, 11.5600004196167, 12.539999961853027, 13.729999542236328, 13.289999961853027, 15.010000228881836, 14.350000381469727, 14.479999542236328, 14.65999984741211, 14.670000076293945, 13.569999694824219, 14.850000381469727, 14.970000267028809, 14.930000305175781, 15.75, 15.710000038146973, 15.920000076293945, 16.040000915527344, 15.550000190734863, 15.260000228881836, 16.0, 15.0600004196167, 15.210000038146973, 15.319999694824219, 15.970000267028809, 16.860000610351562, 17.43000030517578, 17.600000381469727, 17.469999313354492, 17.209999084472656, 17.1299991607666, 17.079999923706055, 17.1299991607666, 18.219999313354492, 16.719999313354492, 16.6299991607666, 16.6200008392334, 15.75, 16.75, 16.639999389648438, 17.420000076293945]
assets:[0, 99.99960456848144, 202.99336199722288, 284.8970684383392, 395.50485, 496.7212964377403, 599.260387348938, 724.864625, 810.7204503863335, 902.6540326967239, 1087.9295472985268, 1181.9352906736374, 1361.6038974248886, 1577.0341572026252, 1826.6885670974732, 1868.1500436377523, 2209.9268366983415, 2212.7542738222123, 2332.8003262519833, 2461.79953237648, 2563.478356331825, 2471.2611414237977, 2804.36465703907, 2927.0257692111018, 3019.204381713867, 3285.0279, 3376.685414199257, 3521.8224168777465, 3648.3687842407226, 3636.916459610081, 3669.0900390319825, 3947.0144, 3815.1273163008686, 3953.1261609145163, 4081.715178691864, 4354.894506816673, 4697.590694058227, 4956.405344779968, 5104.746350642395, 5167.040551913262, 5190.141614897918, 5266.015266007233, 5350.644744099427, 5466.307781194496, 5914.135253117752, 5527.2421970109945, 5597.489754522514, 5694.123641526985, 5496.055425, 5945.010499999999, 6005.968163702393, 6387.497689975166]
shares:[0, 9.98, 19.6699, 30.3082, 40.5646, 50.7895, 60.9624, 70.7185, 80.6687, 90.719, 99.9017, 109.1353, 117.7858, 125.7603, 133.0436, 140.5681, 147.2303, 154.1989, 161.105, 167.9263, 174.7429, 182.1121, 188.8461, 195.5261, 202.224, 208.5732, 214.9386, 221.22, 227.4544, 233.8853, 240.4384, 246.6884, 253.3285, 259.9031, 266.4305, 272.6922, 278.6234, 284.3606, 290.0424, 295.7665, 301.5771, 307.4148, 313.2696, 319.1073, 324.5958, 330.5767, 336.5899, 342.6067, 348.9559, 354.926, 360.9356, 366.6761]
growth_rate:25.25
