ticker:PCRX
price:[60.5099983215332, 57.59000015258789, 60.77000045776367, 58.90999984741211, 59.59000015258789, 57.970001220703125, 55.9900016784668, 55.470001220703125, 52.29999923706055, 50.470001220703125, 63.63999938964844, 66.26000213623047, 63.79999923706055, 60.61000061035156, 58.11000061035156, 59.7599983215332, 59.220001220703125, 59.84000015258789, 70.13999938964844, 73.68000030517578, 67.86000061035156, 66.08000183105469, 74.0, 76.9000015258789, 75.87000274658203, 73.5, 69.19999694824219, 73.47000122070312, 70.05999755859375, 71.7699966430664, 69.98999786376953, 68.25, 63.06999969482422, 64.69000244140625, 63.18000030517578, 63.25, 62.209999084472656, 66.01000213623047, 60.66999816894531, 60.939998626708984, 60.52000045776367, 59.63999938964844, 63.52000045776367, 59.279998779296875, 56.91999816894531, 55.29999923706055, 58.70000076293945, 58.95000076293945, 60.93000030517578, 58.31999969482422, 56.40999984741211, 59.400001525878906]
assets:[0, 99.99927626495361, 205.51806454811094, 299.22745322494507, 402.6794260311127, 491.73053535461423, 574.9333322353363, 669.5950257354737, 731.3265793315887, 805.7384284881592, 1115.991029296875, 1261.9349926849366, 1315.0838642738343, 1349.3301385879515, 1393.6753886383055, 1533.250324935913, 1619.3946213806153, 1736.3473644275666, 2135.2158894195554, 2342.979801704407, 2257.9058003082278, 2298.6787676956174, 2674.1898, 2878.989947126007, 2940.4254134468083, 2948.5701, 2876.0695131637576, 3153.5381683959963, 3107.1678977233887, 3283.003664442444, 3301.582177229309, 3319.50255, 3167.5582876731874, 3348.917329388428, 3370.747786281586, 3474.4806249999997, 3517.353348236084, 3832.2040730186463, 3622.193034680176, 3738.3154637565613, 3812.548208837509, 3857.109608526611, 4208.041230325699, 4027.1511490722655, 3966.8286683914184, 3953.927825450134, 4297.027895849609, 4415.33147714386, 4663.630967358398, 4563.860736118317, 4514.390749788666, 4853.675104682159]
shares:[0, 1.7364, 3.3819, 5.0794, 6.7575, 8.4825, 10.2685, 12.0713, 13.9833, 15.9647, 17.536, 19.0452, 20.6126, 22.2625, 23.9834, 25.6568, 27.3454, 29.0165, 30.4422, 31.7994, 33.273, 34.7863, 36.1377, 37.4381, 38.7561, 40.1166, 41.5617, 42.9228, 44.3501, 45.7434, 47.1722, 48.6374, 50.2229, 51.7687, 53.3515, 54.9325, 56.54, 58.0549, 59.7032, 61.3442, 62.9965, 64.6732, 66.2475, 67.9344, 69.6913, 71.4996, 73.2032, 74.8996, 76.5408, 78.2555, 80.0282, 81.7117]
growth_rate:-4.83
