ticker:PCSA
price:[7.699999809265137, 7.599999904632568, 8.390000343322754, 9.989999771118164, 3.950000047683716, 4.769999980926514, 4.429999828338623, 4.260000228881836, 4.110000133514404, 4.25, 4.269999980926514, 5.349999904632568, 5.829999923706055, 6.900000095367432, 7.369999885559082, 7.699999809265137, 7.400000095367432, 6.59499979019165, 7.400000095367432, 6.769999980926514, 6.626999855041504, 6.300000190734863, 6.739999771118164, 8.399999618530273, 10.890000343322754, 11.420000076293945, 10.770000457763672, 11.600000381469727, 13.130000114440918, 11.739999771118164, 10.949999809265137, 10.630000114440918, 8.619999885559082, 8.710000038146973, 8.180000305175781, 6.900000095367432, 6.25, 6.800000190734863, 6.150000095367432, 6.71999979019165, 6.869999885559082, 6.360000133514404, 8.619999885559082, 8.109999656677246, 8.140000343322754, 6.739999771118164, 7.0, 5.980000019073486, 6.179999828338623, 5.409999847412109, 5.429999828338623, 6.050000190734863]
assets:[0, 100.00003874516487, 210.39519960947035, 350.5181229692459, 238.59343288025855, 388.1244044480324, 460.45949815731046, 542.7896331630707, 623.6773132603169, 744.921725, 848.4272192101955, 1163.017754268408, 1367.363518106079, 1718.3208237495423, 1935.3656549477578, 2122.023697435856, 2139.34742757082, 2006.6210161628724, 2351.553530305624, 2251.3533386571407, 2303.798963706875, 2290.121259334278, 2550.066107402992, 3278.124211130333, 4349.853821135331, 4661.554955142594, 4496.230712105942, 4942.736962543488, 5694.666182634639, 5191.803578781129, 4942.440093909073, 4898.003223731136, 4071.851757941246, 4214.365745457554, 4057.923099391174, 3522.942708691883, 3291.0712500000004, 3680.6857432404518, 3428.8556781709194, 3846.652199901819, 4032.5147478260997, 3833.158088468838, 5295.254723699093, 5081.9625968639375, 5200.761807353783, 4406.28159036827, 4676.2569, 4094.859431060743, 4331.810933675622, 3892.086976224518, 4006.475417341232, 4563.936828884602]
shares:[0, 13.1579, 25.0769, 35.0869, 60.4034, 81.3678, 103.9412, 127.4154, 151.7463, 175.2757, 198.6949, 217.3865, 234.5392, 249.032, 262.6005, 275.5875, 289.101, 304.264, 317.7775, 332.5485, 347.6383, 363.5113, 378.3481, 390.2529, 399.4356, 408.1922, 417.4773, 426.098, 433.7141, 442.232, 451.3644, 460.7717, 472.3726, 483.8537, 496.0786, 510.5714, 526.5714, 541.2773, 557.5375, 572.4185, 586.9745, 602.6978, 614.2987, 626.6292, 638.9142, 653.751, 668.0367, 684.7591, 700.9403, 719.4246, 737.8408, 754.3697]
growth_rate:-10.51
