ticker:PCSB
price:[13.430000305175781, 12.880000114440918, 12.859999656677246, 12.149999618530273, 12.529999732971191, 12.90999984741211, 13.079999923706055, 13.899999618530273, 13.470000267028809, 14.25, 15.869999885559082, 16.010000228881836, 15.789999961853027, 16.040000915527344, 15.960000038146973, 15.979999542236328, 16.020000457763672, 15.9399995803833, 16.260000228881836, 16.299999237060547, 15.40999984741211, 14.734999656677246, 15.75, 16.200000762939453, 16.110000610351562, 16.15999984741211, 17.579999923706055, 17.59000015258789, 18.09000015258789, 17.389999389648438, 17.190000534057617, 16.899999618530273, 17.06999969482422, 17.209999084472656, 17.489999771118164, 17.81999969482422, 18.40999984741211, 18.489999771118164, 18.3799991607666, 18.600000381469727, 18.850000381469727, 17.920000076293945, 18.399999618530273, 18.299999237060547, 18.479999542236328, 18.649999618530273, 18.639999389648438, 18.040000915527344, 18.530000686645508, 18.68000030517578, 18.600000381469727, 18.600000381469727]
assets:[0, 100.00032088851928, 199.8443946647644, 288.8115659322738, 397.8437805214882, 509.9088459732056, 616.6238964033126, 755.280109272194, 831.9152984918594, 980.0879249999999, 1191.508482407856, 1302.0196726139068, 1384.1277116560937, 1506.0422019615173, 1598.5312598207474, 1700.534023286438, 1804.7908235710145, 1895.7776240941048, 2033.8366006290437, 2138.840259889221, 2122.0571439876558, 2129.105778892231, 2375.766225, 2543.644739793014, 2629.5129636230467, 2737.6736541500095, 3078.236890641022, 3179.987069585419, 3370.378681428909, 3339.959801774597, 3401.5469916790007, 3444.162462257767, 3578.8073720184325, 3708.1593367355345, 3868.4906193752286, 4041.4814847877506, 4275.289829565048, 4393.867397609711, 4467.727486002922, 4621.2035747768405, 4783.315776800537, 4647.322643785858, 4871.804698997497, 4945.327743825912, 5093.971217818451, 5240.830797803307, 5338.020505210877, 5266.195575258637, 5509.236036149597, 5653.832728366852, 5729.61851750946, 5829.617699560356]
shares:[0, 7.764, 15.54, 23.7705, 31.7513, 39.4972, 47.1425, 54.3367, 61.7606, 68.7781, 75.0793, 81.3254, 87.6585, 93.8929, 100.1586, 106.4164, 112.6586, 118.9321, 125.0822, 131.2172, 137.7065, 144.4931, 150.8423, 157.0151, 163.2224, 169.4105, 175.0988, 180.7838, 186.3117, 192.0621, 197.8794, 203.7966, 209.6548, 215.4654, 221.183, 226.7947, 232.2265, 237.6348, 243.0755, 248.4518, 253.7568, 259.3372, 264.772, 270.2365, 275.6478, 281.0097, 286.3745, 291.9177, 297.3144, 302.6677, 308.044, 313.4203]
growth_rate:14.31
