ticker:PCT
price:[9.9399995803833, 9.930000305175781, 9.880000114440918, 10.079999923706055, 9.949999809265137, 9.880000114440918, 10.09000015258789, 10.100000381469727, 10.399999618530273, 11.100000381469727, 12.859999656677246, 13.880000114440918, 14.3100004196167, 16.229999542236328, 16.1299991607666, 15.5, 16.889999389648438, 18.989999771118164, 17.690000534057617, 20.709999084472656, 32.31999969482422, 27.760000228881836, 25.229999542236328, 27.81999969482422, 25.979999542236328, 26.43000030517578, 25.81999969482422, 15.180000305175781, 12.430000305175781, 17.739999771118164, 17.420000076293945, 20.06999969482422, 19.649999618530273, 22.399999618530273, 24.18000030517578, 22.68000030517578, 20.219999313354492, 15.84000015258789, 15.029999732971191, 14.8100004196167, 16.06999969482422, 14.420000076293945, 11.979999542236328, 14.850000381469727, 13.949999809265137]
assets:[0, 100.0000680732727, 199.49696231079102, 303.5350057025909, 399.62084733953475, 496.8098777545929, 607.3695771850586, 707.9716467395782, 829.0006095924377, 984.7986938442231, 1240.9462428705215, 1439.3726678676605, 1583.9639294470787, 1896.4868075099946, 1984.8012357320783, 2007.27945, 2287.2876313446045, 2671.674582798958, 2588.7794441547394, 3130.730561599731, 4985.815664922333, 4382.3713001327515, 4082.968302920151, 4602.106757516479, 4397.725452512742, 4573.899205812835, 4568.335128005218, 2785.7987420051572, 2381.1256624603275, 3498.324406864548, 3535.2200414831163, 4173.012539546967, 4185.68571874237, 4871.4690370393755, 5358.575809630584, 5126.158616976166, 4670.146515407753, 3758.512068206024, 3666.3159308628083, 3712.65087919178, 4128.51469559784, 3804.6160801296237, 3260.8384714012145, 4142.024476401138, 3990.9931104321477]
shares:[0, 10.0705, 20.192, 30.1126, 40.1629, 50.2844, 60.1952, 70.0962, 79.7116, 88.7206, 96.4966, 103.7012, 110.6893, 116.8507, 123.0503, 129.5019, 135.4226, 140.6885, 146.3414, 151.17, 154.2641, 157.8664, 161.8299, 165.4244, 169.2735, 173.0571, 176.9301, 183.5177, 191.5628, 197.1998, 202.9403, 207.9229, 213.012, 217.4763, 221.6119, 226.0211, 230.9667, 237.2798, 243.9332, 250.6854, 256.9082, 263.843, 272.1902, 278.9242, 286.0927]
growth_rate:-9.3
