ticker:PCTI
price:[6.090000152587891, 5.849999904632568, 6.119999885559082, 5.590000152587891, 5.619999885559082, 5.840000152587891, 5.610000133514404, 5.440000057220459, 5.099999904632568, 5.070000171661377, 6.119999885559082, 6.25, 6.46999979019165, 6.679999828338623, 6.519999980926514, 7.179999828338623, 6.679999828338623, 6.570000171661377, 6.75, 6.539999961853027, 8.779999732971191, 7.360000133514404, 8.390000343322754, 8.020000457763672, 8.010000228881836, 7.559999942779541, 7.599999904632568, 7.920000076293945, 7.679999828338623, 7.090000152587891, 6.989999771118164, 6.889999866485596, 6.570000171661377, 6.670000076293945, 6.679999828338623, 6.769999980926514, 6.659999847412109, 6.670000076293945, 6.590000152587891, 6.639999866485596, 6.679999828338623, 6.699999809265137, 6.739999771118164, 6.5, 6.559999942779541, 6.389999866485596, 6.619999885559082, 6.650000095367432, 7.0, 6.590000152587891, 6.429999828338623, 6.670000076293945]
assets:[0, 99.99989836978914, 204.6154641737938, 286.8955778312683, 388.43528409023287, 503.6410291591645, 583.8057858942032, 666.1149510065078, 724.4825264525413, 820.2210787712575, 1090.0894836158752, 1213.2450000000001, 1355.9515000293732, 1499.9625654542447, 1564.0351994246007, 1822.3579104305745, 1795.4530258607863, 1865.8872757520198, 2017.007325, 2054.255844017792, 2857.8539150832175, 2495.6501892724514, 2944.906061506939, 2915.0351803836825, 3011.4004370492935, 2942.220433730793, 3057.78776162982, 3286.5370876594543, 3286.944694531059, 3134.4323474578855, 3190.223313538742, 3244.5836171264646, 3193.8919224502088, 3342.505122232819, 3447.5165154063698, 3593.9648408745293, 3635.569374705124, 3741.028288791275, 3796.1583848979953, 3924.960361078501, 4048.604943959713, 4160.726681552887, 4285.56684646759, 4232.9651, 4372.03856986432, 4358.739040927315, 4615.626110208988, 4736.543032926607, 5085.8346, 4887.950070177842, 4869.274262005234, 5151.020281919288]
shares:[0, 17.094, 33.4339, 51.323, 69.1166, 86.2399, 104.0652, 122.4476, 142.0554, 161.7793, 178.1192, 194.1192, 209.5752, 224.5453, 239.8827, 253.8103, 268.7804, 284.0011, 298.8159, 314.1064, 325.4959, 339.0829, 351.0019, 363.4707, 375.9551, 389.1826, 402.3405, 414.9668, 427.9876, 442.092, 456.3982, 470.912, 486.1327, 501.1252, 516.0953, 530.8663, 545.8813, 560.8738, 576.0483, 591.1085, 606.0786, 621.004, 635.8408, 651.2254, 666.4693, 682.1188, 697.2245, 712.2621, 726.5478, 741.7223, 757.2744, 772.2669]
growth_rate:1.0
