ticker:PCTTU
price:[10.649999618530273, 10.529999732971191, 10.529999732971191, 10.649999618530273, 10.505000114440918, 10.449999809265137, 10.600000381469727, 11.230999946594238, 11.600000381469727, 12.390000343322754, 14.59000015258789, 17.100000381469727, 15.850000381469727, 19.790000915527344, 19.8700008392334, 18.25, 20.75, 23.415000915527344, 21.56999969482422, 24.799999237060547, 45.0, 39.150001525878906, 33.5, 41.5, 35.0, 35.0, 38.5, 20.68000030517578, 13.300000190734863, 25.0, 23.100000381469727, 26.0, 29.700000762939453, 29.989999771118164, 34.79999923706055, 32.0, 24.760000228881836, 23.010000228881836, 21.600000381469727, 19.40999984741211, 19.40999984741211, 18.649999618530273, 15.029999732971191, 18.979999542236328]
assets:[0, 100.00024846410751, 200.00049692821503, 302.2800041727066, 398.16471633758545, 496.08030094547274, 603.20150170784, 739.1087371853829, 863.3926683929444, 1022.1923743246078, 1303.6952996345522, 1627.978176317215, 1608.9731637239456, 2108.9333215637207, 2217.4583146570203, 2136.6698499999998, 2529.364825, 2954.2214940101626, 2821.442240081787, 3343.940137128067, 6167.632500000001, 5465.841333032226, 4777.02965, 6017.81125, 5175.2609999999995, 5275.2595, 5902.78535, 3270.639244264984, 2203.4575815997123, 4241.8375, 4019.457816376686, 4624.0662, 5382.106428256607, 5534.657456759834, 6522.344617007065, 6097.5584, 4817.986544537544, 4577.457579532242, 4396.960877653121, 4051.1581181526185, 4151.1584373664855, 4088.6189013708117, 3395.0109086829184, 4387.24587418747]
shares:[0, 9.4967, 18.9934, 28.3831, 37.9024, 47.4718, 56.9058, 65.8097, 74.4304, 82.5014, 89.3554, 95.2034, 101.5125, 106.5656, 111.5983, 117.0778, 121.8971, 126.1679, 130.804, 134.8363, 137.0585, 139.6128, 142.5979, 145.0075, 147.8646, 150.7217, 153.3191, 158.1547, 165.6735, 169.6735, 174.0025, 177.8487, 181.2157, 184.5501, 187.4237, 190.5487, 194.5875, 198.9334, 203.563, 208.715, 213.867, 219.2289, 225.8823, 231.151]
growth_rate:2.03
