ticker:PCTY
price:[137.39999389648438, 137.3800048828125, 143.83999633789062, 151.72999572753906, 164.57000732421875, 183.94000244140625, 192.8000030517578, 190.80999755859375, 185.52000427246094, 189.3300018310547, 189.13999938964844, 194.8699951171875, 200.3699951171875, 195.72000122070312, 192.11000061035156, 201.7899932861328, 214.27999877929688, 205.91000366210938, 202.57000732421875, 189.3699951171875, 201.5800018310547, 187.4600067138672, 203.0399932861328, 205.8800048828125, 206.24000549316406, 191.19000244140625, 174.99000549316406, 183.05999755859375, 175.14999389648438, 176.80999755859375, 184.02999877929688, 188.72000122070312, 194.14999389648438, 195.39999389648438, 193.24000549316406, 168.44000244140625, 162.8699951171875, 167.88999938964844, 169.8300018310547, 166.5, 176.3800048828125, 181.1999969482422, 193.36000061035156, 195.0500030517578, 196.02000427246094, 191.6999969482422, 203.7100067138672, 207.4600067138672, 241.8000030517578, 250.57000732421875, 252.19000244140625, 264.8999938964844]
assets:[0, 99.99890555419921, 204.69869878845216, 315.93219710388183, 442.6604057006836, 594.769997894287, 723.4241714508057, 815.9607925598144, 893.3344765731811, 1011.6848647842406, 1110.6679044158936, 1244.322866821289, 1379.4472313842773, 1447.427697027588, 1520.723553831482, 1697.3565285263062, 1902.4206851623535, 1928.1000922912597, 1996.8338471984864, 1966.7210212890625, 2193.533105924988, 2139.8747226394653, 2417.7190240539553, 2551.53266451416, 2656.0000387420655, 2562.175460717773, 2445.0828497543334, 2657.8481045532226, 2642.9958928985598, 2768.0489167785645, 2981.083547225952, 3157.0591564208985, 3347.903079751587, 3469.463671627808, 3531.1132683776855, 3177.940682061768, 3172.854087878418, 3370.6435727462767, 3509.5879368392943, 3540.7723499999997, 3850.887008605957, 4056.1256916870116, 4428.330733978271, 4567.0373064559935, 4689.7590002182005, 4686.393975395203, 5079.997921426391, 5273.5088946624755, 6246.419478836059, 6572.977489129638, 6715.46669901123, 7153.915725167847]
shares:[0, 0.7279, 1.4231, 2.0822, 2.6898, 3.2335, 3.7522, 4.2763, 4.8153, 5.3435, 5.8722, 6.3854, 6.8845, 7.3954, 7.9159, 8.4115, 8.8782, 9.3638, 9.8575, 10.3856, 10.8817, 11.4151, 11.9076, 12.3933, 12.8782, 13.4012, 13.9727, 14.519, 15.0899, 15.6555, 16.1989, 16.7288, 17.2439, 17.7557, 18.2732, 18.8669, 19.4809, 20.0765, 20.6653, 21.2659, 21.8329, 22.3848, 22.902, 23.4147, 23.9249, 24.4465, 24.9374, 25.4194, 25.833, 26.2321, 26.6286, 27.0061]
growth_rate:40.27
