ticker:PCVX
price:[38.849998474121094, 39.560001373291016, 50.470001220703125, 52.0, 48.849998474121094, 48.599998474121094, 49.68000030517578, 43.54999923706055, 37.369998931884766, 35.97999954223633, 38.0, 34.720001220703125, 34.63999938964844, 31.469999313354492, 31.0, 30.510000228881836, 27.959999084472656, 26.56999969482422, 26.209999084472656, 25.700000762939453, 25.139999389648438, 24.530000686645508, 24.040000915527344, 26.170000076293945, 25.81999969482422, 23.559999465942383, 23.760000228881836, 26.3799991607666, 25.40999984741211, 23.760000228881836, 20.93000030517578, 20.219999313354492, 18.219999313354492, 18.969999313354492, 18.56999969482422, 17.639999389648438, 19.239999771118164, 19.549999237060547, 21.06999969482422, 21.889999389648438, 22.010000228881836, 21.479999542236328, 24.0, 22.790000915527344, 22.40999984741211, 21.5, 22.520000457763672, 21.68000030517578, 24.1200008392334, 26.030000686645508, 21.43000030517578, 26.639999389648438]
assets:[0, 99.99977147140503, 227.57932950439454, 334.4796, 414.2186770614624, 512.098183921814, 623.4790358299255, 646.5476436733246, 654.7971212844848, 730.4407647068024, 871.4502, 896.2308635101318, 994.1645184829712, 1003.1849031114579, 1088.2023, 1171.0012677846908, 1173.128865586853, 1214.806956047058, 1298.3463776481628, 1373.0842207618714, 1443.1641789627074, 1508.146143216133, 1578.0193160964966, 1817.8362472995757, 1893.525169619751, 1827.7871145677566, 1943.3042827199936, 2257.5924141786577, 2274.5812183410644, 2226.882261451721, 2061.642704060364, 2091.7063569683073, 1984.8120231996536, 2166.514299580002, 2220.830831503296, 2209.60925554657, 2510.02728214035, 2650.469641565323, 2956.542357177734, 3171.6047985671994, 3288.991751202202, 3309.7929854644776, 3798.0935999999997, 3706.606770903015, 3744.8028555019378, 3692.73895, 3967.929496656036, 3919.9239991783143, 4461.095459219741, 4914.357406635856, 4145.897148040009, 5253.836783628845]
shares:[0, 2.5278, 4.5092, 6.4323, 8.4794, 10.537, 12.5499, 14.8461, 17.522, 20.3013, 22.9329, 25.8131, 28.6999, 31.8775, 35.1033, 38.3809, 41.9574, 45.721, 49.5363, 53.4274, 57.4051, 61.4817, 65.6414, 69.4626, 73.3356, 77.5801, 81.7889, 85.5797, 89.5152, 93.724, 98.5018, 103.4474, 108.9359, 114.2074, 119.5924, 125.2613, 130.4588, 135.5739, 140.32, 144.8883, 149.4317, 154.0872, 158.2539, 162.6418, 167.1041, 171.7553, 176.1958, 180.8083, 184.9542, 188.7959, 193.4623, 197.2161]
growth_rate:3.02
