ticker:PCYG
price:[4.739999771118164, 4.579999923706055, 5.0, 4.639999866485596, 5.010000228881836, 5.190000057220459, 5.050000190734863, 4.989999771118164, 4.340000152587891, 4.260000228881836, 5.130000114440918, 4.71999979019165, 4.639999866485596, 4.960000038146973, 4.960000038146973, 5.21999979019165, 5.019999980926514, 4.789999961853027, 5.300000190734863, 5.650000095367432, 5.699999809265137, 6.039999961853027, 7.309999942779541, 7.659999847412109, 7.039999961853027, 6.079999923706055, 6.0, 6.559999942779541, 6.539999961853027, 6.340000152587891, 6.019999980926514, 5.570000171661377, 5.840000152587891, 5.289999961853027, 5.289999961853027, 4.949999809265137, 5.329999923706055, 6.800000190734863, 5.989999771118164, 5.960000038146973, 6.0, 5.480000019073486, 5.760000228881836, 5.559999942779541, 5.309999942779541, 5.550000190734863, 5.619999885559082, 5.610000133514404, 5.480000019073486, 5.449999809265137, 5.239999771118164, 5.300000190734863]
assets:[0, 100.00017633419037, 209.1705, 294.1101035370827, 417.5629780763626, 532.565108871603, 618.1993083489418, 710.854409394455, 718.2583072528839, 805.0186332521438, 1069.4239348568915, 1083.953143817282, 1165.5809584608078, 1345.965946351719, 1445.9659951208114, 1621.7625848162174, 1659.626049694252, 1683.5872705921174, 1962.84182063818, 2192.4633270070076, 2311.8657726397514, 2549.7666558963774, 3185.893152061796, 3438.432221506119, 3260.125422334671, 2915.5630354145046, 2977.2006, 3355.0726107349396, 3444.8436099066735, 3439.4969987800596, 3365.894563335657, 3214.2911390609743, 3470.1006426670074, 3243.2931576121327, 3343.2932008910184, 3228.412150601864, 3576.249794809341, 4662.5704107815745, 4207.175773241042, 4286.104823433208, 4414.8708, 4132.248814382553, 4443.385712564278, 4389.101206829786, 4291.749574752188, 4585.7270625960355, 4743.564837406063, 4835.12447507286, 4823.080632787037, 4896.676588629914, 4807.997421987915, 4963.051088608837]
shares:[0, 21.8341, 41.8341, 63.3858, 83.3459, 102.6137, 122.4157, 142.4558, 165.4973, 188.9715, 208.4647, 229.6511, 251.2028, 271.3641, 291.5254, 310.6825, 330.6028, 351.4796, 370.3475, 388.0466, 405.5905, 422.1468, 435.8267, 448.8815, 463.086, 479.5334, 496.2001, 511.444, 526.7345, 542.5074, 559.1187, 577.072, 594.1953, 613.0989, 632.0025, 652.2045, 670.9662, 685.6721, 702.3666, 719.1451, 735.8118, 754.06, 771.4211, 789.4067, 808.2391, 826.2571, 844.0507, 861.876, 880.1242, 898.4728, 917.5568, 936.4247]
growth_rate:-2.69
