ticker:PCYO
price:[9.609999656677246, 9.829999923706055, 9.619999885559082, 9.170000076293945, 9.050000190734863, 9.880000114440918, 9.25, 8.920000076293945, 8.800000190734863, 9.319999694824219, 9.960000038146973, 10.050000190734863, 9.789999961853027, 10.260000228881836, 10.920000076293945, 10.680000305175781, 10.890000343322754, 11.229999542236328, 11.75, 11.300000190734863, 11.609999656677246, 10.670000076293945, 11.34000015258789, 11.699999809265137, 11.510000228881836, 11.760000228881836, 12.1899995803833, 13.640000343322754, 14.260000228881836, 13.279999732971191, 13.460000038146973, 13.800000190734863, 16.440000534057617, 15.90999984741211, 15.270000457763672, 14.569999694824219, 13.829999923706055, 14.09000015258789, 14.140000343322754, 14.569999694824219, 13.869999885559082, 13.239999771118164, 14.050000190734863, 13.880000114440918, 14.34000015258789, 13.779999732971191, 15.220000267028809, 15.460000038146973, 15.300000190734863, 15.0600004196167, 14.489999771118164, 16.059999465942383]
assets:[0, 99.99960622386932, 197.86319564619066, 288.6074124011993, 384.83044311056136, 520.1247020246506, 586.95875, 666.0189416965485, 757.0587364088058, 901.7938504714966, 1063.7200360740662, 1173.3314922681807, 1242.9765761567116, 1402.6497612905503, 1592.8785711288451, 1657.8703313728333, 1790.468516447067, 1946.3689216609955, 2136.494275, 2154.6716063691138, 2313.782373578453, 2226.4480969198225, 2466.252717185211, 2644.546276888275, 2701.6007807226183, 2860.280191668892, 3064.864549498081, 3529.430564836788, 3789.8588708295824, 3629.405335021401, 3778.5988907089236, 3974.0467749267577, 4834.298881043434, 4778.449129171371, 4686.230291483688, 4571.405883249665, 4439.228057510758, 4622.683884061432, 4739.087573066235, 4983.203612624359, 4843.790933034038, 4723.7777103393555, 5112.769779408073, 5150.906906469345, 5421.614199689865, 5309.891393104935, 5964.771374649525, 6158.828043196679, 6195.0878872300145, 6197.910040692329, 6063.327363224602, 6820.293121198654]
shares:[0, 10.1729, 20.5679, 31.473, 42.5227, 52.6442, 63.455, 74.6658, 86.0294, 96.759, 106.7992, 116.7494, 126.9639, 136.7105, 145.868, 155.2313, 164.414, 173.3187, 181.8293, 190.6789, 199.2922, 208.6643, 217.4826, 226.0296, 234.7177, 243.2211, 251.4245, 258.7559, 265.7685, 273.2986, 280.728, 287.9744, 294.0571, 300.3425, 306.8913, 313.7547, 320.9854, 328.0826, 335.1547, 342.0181, 349.2279, 356.7808, 363.8982, 371.1028, 378.0763, 385.3332, 391.9035, 398.3718, 404.9077, 411.5478, 418.4491, 424.6758]
growth_rate:33.73
