ticker:PDBC
price:[13.829999923706055, 13.529999732971191, 14.069999694824219, 13.569999694824219, 13.300000190734863, 13.949999809265137, 13.880000114440918, 13.800000190734863, 13.229999542236328, 13.65999984741211, 13.880000114440918, 14.140000343322754, 14.59000015258789, 14.59000015258789, 14.789999961853027, 15.289999961853027, 15.149999618530273, 15.260000228881836, 15.869999885559082, 15.880000114440918, 15.6899995803833, 15.75, 16.489999771118164, 16.920000076293945, 17.1299991607666, 17.3799991607666, 18.040000915527344, 18.1200008392334, 17.459999084472656, 17.420000076293945, 17.530000686645508, 17.440000534057617, 18.15999984741211, 18.31999969482422, 18.6299991607666, 19.459999084472656, 19.200000762939453, 18.90999984741211, 19.360000610351562, 19.8700008392334, 20.0, 19.43000030517578, 19.829999923706055, 20.360000610351562, 19.950000762939453, 19.81999969482422, 20.0, 20.3700008392334, 19.8700008392334, 19.920000076293945, 18.68000030517578, 20.049999237060547]
assets:[0, 100.00022802639008, 203.99107657546998, 296.7419683265686, 390.83779560499187, 509.9394530277252, 607.3804770078659, 703.8800497285843, 774.8069851913452, 899.9890899467468, 1014.483656364441, 1133.4864655213355, 1269.559076277542, 1369.5589373233795, 1488.332486161232, 1638.6476439117432, 1723.6442415994645, 1836.159527540207, 2009.5577795087813, 2110.8236072118757, 2185.5683025486946, 2293.926075, 2501.704461276245, 2666.940564025497, 2800.0405418203354, 2940.904417991638, 3152.583967993164, 3266.5650312919615, 3247.5842737106323, 3340.143912628746, 3461.2355275756836, 3543.464540509987, 3789.754072156906, 3923.1436626480104, 4089.5288687772754, 4371.723822325134, 4413.314095369339, 4446.654317119217, 4652.471442675781, 4875.031186902809, 5006.926, 4964.2290679702755, 5166.426877122689, 5404.511262016296, 5395.677206344604, 5460.516943922425, 5610.108, 5813.895641529465, 5771.188094753074, 5885.710630542374, 5619.3307678031915, 6131.454176686859]
shares:[0, 7.391, 14.4983, 21.8675, 29.3863, 36.5548, 43.7594, 51.0058, 58.5644, 65.885, 73.0896, 80.1617, 87.0157, 93.8697, 100.631, 107.1712, 113.7719, 120.325, 126.6262, 132.9234, 139.2969, 145.6461, 151.7104, 157.6206, 163.4583, 169.212, 174.7552, 180.274, 186.0014, 191.7419, 197.4464, 203.1803, 208.6869, 214.1454, 219.5131, 224.6518, 229.8601, 235.1483, 240.3136, 245.3463, 250.3463, 255.493, 260.5359, 265.4475, 270.46, 275.5054, 280.5054, 285.4146, 290.4473, 295.4674, 300.8207, 305.8082]
growth_rate:20.22
