ticker:PDCE
price:[15.430000305175781, 12.3100004196167, 12.5600004196167, 11.75, 11.699999809265137, 12.5, 12.770000457763672, 13.15999984741211, 11.920000076293945, 11.220000267028809, 15.3100004196167, 16.34000015258789, 18.059999465942383, 19.469999313354492, 19.6299991607666, 18.899999618530273, 19.989999771118164, 20.530000686645508, 23.889999389648438, 24.229999542236328, 25.1200008392334, 21.709999084472656, 25.350000381469727, 28.600000381469727, 28.690000534057617, 34.95000076293945, 38.7400016784668, 41.209999084472656, 35.22999954223633, 35.15999984741211, 35.970001220703125, 34.81999969482422, 34.97999954223633, 34.310001373291016, 36.5099983215332, 41.08000183105469, 41.38999938964844, 40.34000015258789, 42.220001220703125, 47.189998626708984, 47.83000183105469, 45.209999084472656, 49.349998474121094, 46.66999816894531, 44.88999938964844, 39.04999923706055, 38.7599983215332, 39.54999923706055, 38.560001373291016, 39.81999969482422, 36.0, 41.61000061035156]
assets:[0, 100.00028840875626, 202.0313747496605, 289.001825, 387.77192367849347, 514.28625, 625.3954484184264, 744.4954073677063, 774.3458529561997, 828.8730317266464, 1231.0204867398263, 1413.8397552028657, 1662.66495483284, 1892.4741982584, 2008.0252451517106, 2033.3507889596938, 2250.6181022308347, 2411.414873652077, 2906.075085754395, 3047.4336954265596, 3259.370348892212, 2916.916398991394, 3505.9811027584074, 4055.4657540922162, 4168.226727590561, 5177.709803026581, 5839.183602991104, 6311.480320783234, 5495.619226592255, 5584.698347763443, 5813.356493286134, 5727.496483802032, 5853.815473394394, 5841.692884819412, 6316.269870623398, 7206.886553231811, 7361.2693374481205, 7274.52432951622, 7713.543559020996, 8721.556447191238, 8939.838680239869, 8550.13763185501, 9433.09428833313, 9020.820611076355, 8776.766988665771, 7734.945748878479, 7777.503743202209, 8036.021964981079, 7934.86937059555, 8294.1515384346, 7598.4804, 8882.57837229309]
shares:[0, 8.1235, 16.0853, 24.5959, 33.1429, 41.1429, 48.9738, 56.5726, 64.9619, 73.8746, 80.4063, 86.5263, 92.0634, 97.1995, 102.2937, 107.5847, 112.5872, 117.4581, 121.644, 125.7711, 129.752, 134.3582, 138.303, 141.7995, 145.285, 148.1462, 150.7275, 153.1541, 155.9926, 158.8367, 161.6168, 164.4887, 167.3475, 170.2621, 173.0011, 175.4354, 177.8514, 180.3303, 182.6988, 184.8179, 186.9086, 189.1205, 191.1468, 193.2895, 195.5172, 198.078, 200.658, 203.1864, 205.7798, 208.2911, 211.0689, 213.4722]
growth_rate:74.17
