ticker:PDCO
price:[26.15999984741211, 23.920000076293945, 23.739999771118164, 23.469999313354492, 24.5, 25.270000457763672, 27.469999313354492, 27.1200008392334, 24.8799991607666, 26.309999465942383, 28.3700008392334, 27.780000686645508, 27.920000076293945, 32.61000061035156, 31.43000030517578, 31.81999969482422, 31.709999084472656, 29.6299991607666, 32.150001525878906, 32.529998779296875, 32.5, 31.68000030517578, 31.899999618530273, 33.380001068115234, 31.6299991607666, 31.059999465942383, 30.670000076293945, 31.780000686645508, 32.43000030517578, 32.459999084472656, 32.060001373291016, 32.5, 32.310001373291016, 33.459999084472656, 32.13999938964844, 36.0, 35.349998474121094, 34.709999084472656, 32.540000915527344, 34.45000076293945, 36.630001068115234, 34.54999923706055, 30.3799991607666, 30.389999389648438, 30.469999313354492, 30.030000686645508, 30.040000915527344, 31.1299991607666, 29.479999542236328, 29.8700008392334, 29.399999618530273, 30.290000915527344]
assets:[0, 99.99995231895447, 199.2474440790176, 296.98233031139375, 410.01484999999997, 522.9020114723205, 668.4247462919235, 759.9078475154877, 797.1427331113814, 942.9582738592147, 1116.7907570365905, 1193.5649515016555, 1299.5810755512236, 1617.8832212814332, 1659.3405801116944, 1779.9312329292297, 1873.778726900482, 1850.8704905763625, 2108.284575061798, 2233.203934197998, 2331.14375, 2372.328310852814, 2488.802880238152, 2704.2707725330356, 2662.496298356438, 2714.5166073255537, 2780.4317949165347, 2981.0594044094087, 3142.0324675674437, 3244.9384664772033, 3304.9533315677645, 3450.3105, 3530.139054043579, 3755.784517234802, 3707.6189055908203, 4252.9032, 4276.116100421906, 4298.698017615509, 4129.950884197998, 4472.367999046326, 4855.37990158081, 4679.6730166625985, 4214.860323566437, 4316.249067312622, 4427.610835223198, 4463.674317063332, 4565.160915132142, 4830.806190766335, 4674.755551410675, 4836.598327890015, 4860.496136934281, 5107.633230380249]
shares:[0, 4.1806, 8.3929, 12.6537, 16.7353, 20.6926, 24.3329, 28.0202, 32.0395, 35.8403, 39.3652, 42.9649, 46.5466, 49.6131, 52.7948, 55.9375, 59.0911, 62.4661, 65.5765, 68.6506, 71.7275, 74.8841, 78.0189, 81.0147, 84.1763, 87.3959, 90.6564, 93.803, 96.8866, 99.9673, 103.0865, 106.1634, 109.2584, 112.247, 115.3584, 118.1362, 120.9651, 123.8461, 126.9192, 129.822, 132.552, 135.4464, 138.738, 142.0286, 145.3105, 148.6405, 151.9694, 155.1817, 158.5738, 161.9216, 165.323, 168.6244]
growth_rate:0.15
