ticker:PDD
price:[85.04000091552734, 84.73999786376953, 79.80999755859375, 74.33000183105469, 71.4000015258789, 79.54000091552734, 84.0199966430664, 86.91000366210938, 89.9800033569336, 114.52999877929688, 151.2899932861328, 143.5500030517578, 144.0500030517578, 146.36000061035156, 147.64999389648438, 149.3699951171875, 152.75, 177.6699981689453, 180.77000427246094, 161.1999969482422, 171.88999938964844, 165.7100067138672, 196.16000366210938, 196.58999633789062, 195.97999572753906, 171.16000366210938, 156.82000732421875, 161.05999755859375, 141.8000030517578, 131.2899932861328, 143.92999267578125, 137.6199951171875, 133.30999755859375, 138.61000061035156, 133.92999267578125, 133.7899932861328, 118.33000183105469, 129.2899932861328, 124.87999725341797, 132.1699981689453, 121.97000122070312, 125.02999877929688, 127.5999984741211, 119.19999694824219, 111.06999969482422, 107.44999694824219, 97.30999755859375, 91.61000061035156, 87.45999908447266, 84.37999725341797, 77.29000091552734, 94.62999725341797]
assets:[0, 100.00167147903441, 194.18570505981447, 280.8559119186402, 369.7877479026794, 511.94330789260863, 640.778504398346, 762.8177931427002, 889.7672631950379, 1232.5260348632812, 1728.1250773101806, 1739.7111969848631, 1845.7703091033934, 1975.362384237671, 2092.7762484893797, 2217.158585522461, 2367.3347750000003, 2853.5400735916137, 3003.3309279830933, 2778.185227404785, 3062.4266071258544, 3052.328610667419, 3713.2107893218995, 3821.355666815185, 3909.506944770813, 3514.377007192993, 3319.942283056641, 3509.7067247985838, 3190.00376865387, 3053.568921847534, 3447.5551145629884, 3396.4064314941406, 3390.0332449157713, 3624.803986961365, 3602.422156994629, 3698.6511223937987, 3371.2572511672975, 3783.5165055267335, 3754.4671654251097, 4073.6379475646972, 3859.2650056243897, 4056.085687399292, 4239.458909303284, 4060.3690960464473, 3883.429255329895, 3856.8639154586795, 3592.8894608581545, 3482.435080201721, 3424.6799301506044, 3404.0747251968382, 3218.0464781188966, 4040.0100837409973]
shares:[0, 1.1801, 2.4331, 3.7785, 5.1791, 6.4363, 7.6265, 8.7771, 9.8885, 10.7616, 11.4226, 12.1192, 12.8134, 13.4966, 14.1739, 14.8434, 15.4981, 16.0609, 16.6141, 17.2344, 17.8162, 18.4197, 18.9295, 19.4382, 19.9485, 20.5327, 21.1704, 21.7913, 22.4965, 23.2582, 23.953, 24.6796, 25.4297, 26.1511, 26.8978, 27.6452, 28.4903, 29.2638, 30.0646, 30.8212, 31.6411, 32.4409, 33.2246, 34.0635, 34.9638, 35.8945, 36.9221, 38.0137, 39.1571, 40.3422, 41.636, 42.6927]
growth_rate:-20.78
