ticker:PDEX
price:[28.690000534057617, 28.100000381469727, 28.770000457763672, 27.139999389648438, 29.5, 28.5, 27.030000686645508, 35.41999816894531, 35.04999923706055, 34.349998474121094, 36.810001373291016, 37.689998626708984, 38.689998626708984, 39.4900016784668, 40.36000061035156, 42.599998474121094, 39.47999954223633, 30.969999313354492, 29.489999771118164, 28.700000762939453, 32.400001525878906, 30.959999084472656, 26.709999084472656, 26.729999542236328, 26.43000030517578, 24.649999618530273, 22.770000457763672, 23.600000381469727, 24.989999771118164, 26.899999618530273, 27.09000015258789, 26.889999389648438, 26.030000686645508, 26.8799991607666, 28.520000457763672, 34.369998931884766, 35.0, 35.79999923706055, 34.18000030517578, 33.63999938964844, 32.2400016784668, 28.979999542236328, 30.0, 31.100000381469727, 30.309999465942383, 29.149999618530273, 29.360000610351562, 30.68000030517578, 30.200000762939453, 30.0, 31.0, 26.34000015258789]
assets:[0, 99.99947135753632, 202.38256822013855, 290.9163674575805, 416.21255, 502.10445, 576.2066336374282, 855.0600077972412, 946.1291644054413, 1027.233269368744, 1200.8011407989502, 1329.507163557434, 1464.7801340080262, 1595.0683007961272, 1730.2090101654053, 1926.2356110046387, 1885.158134141922, 1578.8072069957734, 1603.359491555786, 1660.4069741390229, 1974.4658129875183, 1986.7124292503356, 1813.9882198226926, 1915.3461361988068, 1993.8501500221253, 1959.5689746747971, 1910.1161364006043, 2079.742953616905, 2302.2362159139634, 2578.198183438492, 2696.4085831878665, 2776.5026859786985, 2787.7037475368497, 2978.7339869995117, 3260.472048332596, 4029.2568407829285, 4203.1115, 4399.182666248322, 4300.114060393525, 4332.179305398559, 4251.885573360061, 3921.950278049469, 4159.9890000000005, 4412.520924123573, 4400.433001465035, 4332.02225330925, 4463.2309567840575, 4763.89533938675, 4789.363760993195, 4857.645, 5119.5663, 4449.979717778779]
shares:[0, 3.5587, 7.0345, 10.7191, 14.1089, 17.6177, 21.3173, 24.1406, 26.9937, 29.9049, 32.6216, 35.2748, 37.8594, 40.3917, 42.8694, 45.2168, 47.7497, 50.9786, 54.3696, 57.8539, 60.9403, 64.1703, 67.9142, 71.6553, 75.4389, 79.4957, 83.8874, 88.1247, 92.1263, 95.8438, 99.5352, 103.2541, 107.0958, 110.816, 114.3223, 117.2318, 120.0889, 122.8822, 125.8079, 128.7806, 131.8823, 135.333, 138.6663, 141.8817, 145.1809, 148.6114, 152.0174, 155.2769, 158.5882, 161.9215, 165.1473, 168.9438]
growth_rate:-12.75
