ticker:PDFS
price:[19.729999542236328, 18.6299991607666, 19.219999313354492, 19.0, 18.65999984741211, 20.709999084472656, 20.229999542236328, 20.25, 18.739999771118164, 20.610000610351562, 20.790000915527344, 21.280000686645508, 22.25, 22.940000534057617, 21.84000015258789, 22.09000015258789, 22.030000686645508, 21.600000381469727, 21.790000915527344, 22.59000015258789, 22.350000381469727, 19.31999969482422, 20.84000015258789, 22.3700008392334, 18.329999923706055, 18.360000610351562, 18.09000015258789, 18.229999542236328, 17.520000457763672, 18.440000534057617, 18.530000686645508, 18.729999542236328, 17.489999771118164, 18.40999984741211, 17.729999542236328, 19.09000015258789, 17.40999984741211, 17.8700008392334, 17.440000534057617, 17.100000381469727, 17.5, 17.530000686645508, 18.43000030517578, 18.059999465942383, 18.1299991607666, 17.770000457763672, 17.899999618530273, 18.709999084472656, 18.780000686645508, 20.959999084472656, 21.969999313354492, 22.440000534057617]
assets:[0, 100.00024649524688, 203.16692474174502, 300.8422, 395.45951076622015, 538.9052411766053, 626.4158668254853, 727.03575, 772.8225985610961, 949.9396601318359, 1058.2359946014406, 1183.176550177765, 1337.1093, 1478.5747944221496, 1507.6763625335693, 1624.9337842243197, 1720.5210236263276, 1786.9377915584564, 1902.6571209419249, 2072.5105279991153, 2150.4924517045974, 1958.9494370567322, 2213.0704722038267, 2475.547061872673, 2128.4649271408084, 2231.9481621978757, 2299.12505239296, 2416.9187553100583, 2422.788303302765, 2650.0124767494203, 2762.9472533834455, 2892.767890300369, 2801.25608034153, 3048.605765732193, 3036.0017906147004, 3368.8810509277346, 3172.4049061958312, 3356.225615619278, 3375.46501536541, 3409.6597060632703, 3589.418, 3695.5713177545545, 3985.303265991211, 4005.2943075582502, 4120.818273248291, 4138.993837622452, 4269.2734190168385, 4562.463212747192, 4679.532963095856, 5322.737271504211, 5679.225049502754, 5900.719316433334]
shares:[0, 5.3677, 10.5706, 15.8338, 21.1929, 26.0215, 30.9647, 35.903, 41.2392, 46.0912, 50.9012, 55.6004, 60.0948, 64.454, 69.0328, 73.5597, 78.099, 82.7286, 87.3179, 91.7446, 96.2189, 101.3949, 106.1934, 110.6637, 116.1192, 121.5658, 127.0937, 132.5792, 138.287, 143.71, 149.1067, 154.4457, 160.1633, 165.5951, 171.2353, 176.4736, 182.2174, 187.8134, 193.5473, 199.3953, 205.1096, 210.8141, 216.24, 221.7771, 227.2928, 232.9203, 238.5069, 243.8516, 249.1764, 253.9474, 258.4991, 262.9554]
growth_rate:15.7
