ticker:PDLB
price:[8.710000038146973, 8.550000190734863, 8.899999618530273, 8.649999618530273, 9.520000457763672, 9.4399995803833, 9.520000457763672, 10.029999732971191, 9.100000381469727, 9.569999694824219, 10.680000305175781, 10.930000305175781, 11.079999923706055, 11.100000381469727, 11.350000381469727, 10.930000305175781, 10.350000381469727, 10.510000228881836, 10.699999809265137, 10.199999809265137, 9.800000190734863, 9.420000076293945, 9.720000267028809, 10.260000228881836, 10.40999984741211, 10.180000305175781, 11.300000190734863, 12.970000267028809, 11.020000457763672, 11.069999694824219, 11.260000228881836, 11.229999542236328, 11.1899995803833, 11.020000457763672, 11.079999923706055, 11.239999771118164, 11.319999694824219, 11.59000015258789, 14.0, 13.65999984741211, 13.779999732971191, 13.199999809265137, 13.569999694824219, 13.40999984741211, 13.079999923706055, 13.100000381469727, 13.109999656677246, 13.109999656677246, 13.420000076293945, 13.850000381469727, 13.579999923706055, 13.800000190734863]
assets:[0, 99.99994723081589, 204.09390125217436, 298.36097684211734, 428.3695565979004, 524.7695766735077, 629.2168142555237, 762.9249086886406, 792.1850632081985, 933.0998522445678, 1141.3278446128845, 1268.0439854049682, 1385.4465144601822, 1487.9472811357498, 1621.459919496727, 1661.4584163894651, 1673.292841672516, 1799.1596441812515, 1931.684875566387, 1941.4190036964415, 1965.285178249836, 1989.080116109848, 2152.426991131687, 2372.0063749151227, 2506.684241257477, 2551.301496482849, 2931.9952294897075, 3465.30781034441, 3044.3092884586335, 3158.1214679374693, 3312.3261173295978, 3403.500667264557, 3491.3783410758974, 3538.3370109802245, 3657.60215481472, 3810.4194944078445, 3937.5396378479004, 4131.456061392593, 5090.5428, 5066.914671400451, 5211.42640501299, 5092.078126421452, 5334.810619025421, 5371.909156874848, 5339.715076854133, 5447.880128641319, 5552.038969604016, 5652.039424985218, 5885.688611460686, 6174.276155057717, 6153.911407426644, 6353.607027815532]
shares:[0, 11.6959, 22.9319, 34.4926, 44.9968, 55.59, 66.0942, 76.0643, 87.0533, 97.5026, 106.8659, 116.015, 125.0403, 134.0493, 142.8599, 152.009, 161.6708, 171.1855, 180.5313, 190.3352, 200.5393, 211.155, 221.4431, 231.1897, 240.7958, 250.619, 259.4686, 267.1787, 276.2531, 285.2865, 294.1675, 303.0722, 312.0088, 321.0832, 330.1085, 339.0053, 347.8392, 356.4673, 363.6102, 370.9308, 378.1877, 385.7635, 393.1327, 400.5898, 408.2351, 415.8687, 423.4965, 431.1243, 438.5759, 445.7961, 453.1599, 460.4063]
growth_rate:24.58
