ticker:PDP
price:[74.8499984741211, 73.33000183105469, 73.93000030517578, 74.91000366210938, 76.54000091552734, 80.2300033569336, 81.19000244140625, 79.5199966430664, 75.41999816894531, 83.19000244140625, 80.9800033569336, 81.86000061035156, 83.2699966430664, 83.44000244140625, 83.54000091552734, 87.47000122070312, 88.16000366210938, 87.75, 90.23999786376953, 88.25, 90.66000366210938, 85.62000274658203, 90.9000015258789, 93.22000122070312, 91.87999725341797, 86.95999908447266, 82.23999786376953, 86.05000305175781, 84.31999969482422, 84.2300033569336, 86.36000061035156, 87.44999694824219, 87.9000015258789, 88.36000061035156, 87.5199966430664, 86.77999877929688, 84.7300033569336, 84.18000030517578, 86.52999877929688, 86.12999725341797, 87.70999908447266, 85.27999877929688, 89.47000122070312, 90.26000213623047, 90.69999694824219, 87.66999816894531, 91.8499984741211, 91.55999755859375, 93.04000091552734, 92.61000061035156, 90.91000366210938, 94.58000183105469]
assets:[0, 100.00012349700927, 200.81605982894897, 303.47540683593746, 410.07836290512085, 529.8469651695251, 636.1886211303711, 723.0991854743957, 785.816044921875, 966.7759753723144, 1041.0951191574097, 1152.4087165924072, 1272.2572977104187, 1374.857608227539, 1476.5026841812132, 1645.958000970459, 1758.9419450653074, 1850.761575, 2003.2828325767518, 2059.1019499999998, 2215.3315854858397, 2192.180302322388, 2427.3663707466126, 2589.316041906738, 2652.097744720459, 2610.08698052063, 2568.420925283813, 2787.4091438552855, 2831.3728377525326, 2928.348719707489, 3102.3966619262696, 3241.5527618789674, 3358.2371382965084, 3475.8085080093383, 3542.765704113007, 3612.8075531799313, 3627.4609037170408, 3703.9115954277036, 3907.314012878418, 3989.248630787659, 4162.427113552093, 4147.106644638062, 4450.864150726318, 4590.1633826377865, 4712.536021438598, 4655.101562774658, 4977.048312317657, 5061.335949041748, 5243.148299593354, 5318.916470054627, 5321.280699356079, 5636.097973114014]
shares:[0, 1.3637, 2.7163, 4.0512, 5.3577, 6.6041, 7.8358, 9.0933, 10.4192, 11.6213, 12.8562, 14.0778, 15.2787, 16.4772, 17.6742, 18.8174, 19.9517, 21.0913, 22.1995, 23.3326, 24.4356, 25.6036, 26.7037, 27.7764, 28.8648, 30.0148, 31.2308, 32.3929, 33.5789, 34.7661, 35.924, 37.0675, 38.2052, 39.3369, 40.4795, 41.6318, 42.812, 43.9999, 45.1556, 46.3166, 47.4567, 48.6293, 49.747, 50.8549, 51.9574, 53.098, 54.1867, 55.2789, 56.3537, 57.4335, 58.5335, 59.5908]
growth_rate:10.51
