ticker:PDSB
price:[2.299999952316284, 2.1600000858306885, 2.8299999237060547, 2.3399999141693115, 2.190000057220459, 2.3299999237060547, 2.369999885559082, 2.2300000190734863, 1.9900000095367432, 2.380000114440918, 2.049999952316284, 1.9800000190734863, 2.119999885559082, 2.6700000762939453, 2.190000057220459, 2.0399999618530273, 2.309999942779541, 2.140000104904175, 2.390000104904175, 2.630000114440918, 2.8299999237060547, 3.049999952316284, 4.159999847412109, 5.610000133514404, 5.050000190734863, 4.059999942779541, 3.4800000190734863, 5.650000095367432, 5.369999885559082, 4.210000038146973, 4.710000038146973, 5.440000057220459, 5.389999866485596, 5.679999828338623, 5.71999979019165, 4.840000152587891, 4.760000228881836, 8.329999923706055, 12.199999809265137, 12.779999732971191, 12.0600004196167, 11.520000457763672, 11.0, 11.90999984741211, 10.760000228881836, 9.59000015258789, 9.880000114440918, 10.670000076293945, 11.289999961853027, 10.649999618530273, 10.220000267028809, 14.449999809265137]
assets:[0, 100.00001197364331, 231.01855377197268, 291.01876932549476, 372.36373872914317, 496.16789175338744, 604.6857998013496, 668.965886721754, 696.9696433401108, 933.5617088897704, 904.1182439698935, 973.246041375351, 1142.0613223497392, 1538.3509819576261, 1361.793500581026, 1368.5198984093668, 1649.6474201369763, 1628.2449738176108, 1918.4604932069062, 2211.109213213444, 2479.254261161804, 2771.987881662726, 3880.80977765274, 5333.4961299337865, 4901.0974001109125, 4040.287831057358, 3563.103811528969, 5884.924274332762, 5693.281933669567, 4563.448486349583, 5205.425631159496, 6112.211616291093, 6156.033115510369, 6587.2480249197, 6733.636949011659, 5797.693402780533, 5801.86384297924, 10253.261127091027, 15116.78064366417, 15935.446845040417, 15137.67634670162, 14559.870530557251, 14002.6535, 15261.054572479248, 13887.485755408286, 12477.414938529968, 12954.730250055789, 14090.584432752228, 15009.343679286001, 14258.503844278146, 13782.808868118096, 19587.43425145283]
shares:[0, 46.2963, 81.632, 124.367, 170.0291, 212.9476, 255.1417, 299.9847, 350.236, 392.2528, 441.0333, 491.5384, 538.7082, 576.1614, 621.8235, 670.8431, 714.1331, 760.8621, 802.7031, 840.7259, 876.0616, 908.8485, 932.887, 950.7123, 970.5143, 995.1448, 1023.8804, 1041.5795, 1060.2015, 1083.9545, 1105.1859, 1123.5683, 1142.1212, 1159.7268, 1177.2093, 1197.8705, 1218.8789, 1230.8837, 1239.0804, 1246.9051, 1255.197, 1263.8776, 1272.9685, 1281.3648, 1290.6585, 1301.086, 1311.2075, 1320.5796, 1329.437, 1338.8267, 1348.6114, 1355.5318]
growth_rate:284.07
