ticker:PEBK
price:[17.350000381469727, 16.899999618530273, 16.670000076293945, 15.40999984741211, 15.960000038146973, 16.489999771118164, 17.34000015258789, 18.899999618530273, 17.290000915527344, 18.649999618530273, 21.489999771118164, 22.149999618530273, 25.5, 25.860000610351562, 26.0, 26.0, 25.31999969482422, 23.020000457763672, 24.440000534057617, 23.329999923706055, 22.3799991607666, 20.100000381469727, 22.280000686645508, 23.329999923706055, 23.18000030517578, 23.3799991607666, 26.690000534057617, 28.440000534057617, 24.989999771118164, 24.350000381469727, 23.760000228881836, 23.299999237060547, 23.75, 23.139999389648438, 23.3700008392334, 23.31999969482422, 23.889999389648438, 24.690000534057617, 24.889999389648438, 25.479999542236328, 25.40999984741211, 24.729999542236328, 25.649999618530273, 26.0, 25.6200008392334, 26.959999084472656, 26.639999389648438, 27.450000762939453, 28.360000610351562, 28.3700008392334, 28.190000534057617, 28.309999465942383]
assets:[0, 100.00067774276734, 198.63972090911867, 283.6256701915741, 393.74916094112393, 506.8250899652481, 632.9498875698089, 789.8933540571213, 822.6063735580444, 987.3104648054123, 1237.6563648181916, 1375.667811308098, 1683.7267499999998, 1807.4976726608277, 1917.2841999999998, 2017.2854000000002, 2064.524411116791, 1976.9875653133392, 2198.940168050766, 2199.069461808586, 2209.523605144501, 2084.4243095594406, 2410.4955542888642, 2624.095400418663, 2707.2246876419067, 2830.5837663951875, 3331.3204236585616, 3649.747928536415, 3307.004138711357, 3322.311617047691, 3341.8131441919327, 3377.113539419174, 3542.3362500000003, 3551.3535563278197, 3686.652687390327, 3778.765754549408, 3971.129482543945, 4204.109592937088, 4338.16510861969, 4540.997106418228, 4628.5229482055665, 4604.659143765641, 4875.959762484169, 5042.4946, 5068.796752038384, 5433.909135471344, 5469.412986689758, 5735.7133444171905, 6025.859193685913, 6127.985432276344, 6189.1061602521895, 6315.4513008613585]
shares:[0, 5.9172, 11.916, 18.4053, 24.671, 30.7353, 36.5023, 41.7933, 47.577, 52.9389, 57.5922, 62.1069, 66.0285, 69.8955, 73.7417, 77.5879, 81.5373, 85.8813, 89.973, 94.2593, 98.7276, 103.7027, 108.191, 112.4773, 116.7914, 121.0686, 124.8153, 128.3315, 132.3331, 136.4399, 140.6487, 144.9405, 149.151, 153.4725, 157.7515, 162.0397, 166.2256, 170.2758, 174.2935, 178.2181, 182.1536, 186.1973, 190.0959, 193.9421, 197.8453, 201.5545, 205.3083, 208.9513, 212.4774, 216.0023, 219.5497, 223.082]
growth_rate:23.83
