ticker:PEBO
price:[21.709999084472656, 20.43000030517578, 20.43000030517578, 18.6299991607666, 19.690000534057617, 20.860000610351562, 21.670000076293945, 24.3799991607666, 22.600000381469727, 21.809999465942383, 25.299999237060547, 25.520000457763672, 26.1299991607666, 26.520000457763672, 26.389999389648438, 27.25, 27.020000457763672, 27.09000015258789, 30.040000915527344, 31.8700008392334, 31.3799991607666, 30.5, 30.799999237060547, 30.719999313354492, 31.270000457763672, 31.139999389648438, 33.209999084472656, 36.38999938964844, 34.58000183105469, 33.86000061035156, 33.13999938964844, 33.599998474121094, 33.95000076293945, 33.849998474121094, 33.43000030517578, 33.810001373291016, 33.310001373291016, 32.810001373291016, 32.47999954223633, 32.349998474121094, 31.450000762939453, 29.399999618530273, 29.940000534057617, 29.280000686645508, 29.200000762939453, 28.690000534057617, 28.90999984741211, 29.489999771118164, 30.399999618530273, 31.049999237060547, 31.299999237060547, 31.56999969482422]
assets:[0, 100.00076549377441, 200.00153098754882, 282.38048627948757, 398.44685080718995, 522.1237292770386, 642.3984842617035, 822.734765678978, 862.6668745611191, 932.5126991657257, 1181.7326043640137, 1292.0087191753387, 1422.8908133001328, 1544.12702665329, 1636.557339149475, 1789.889, 1874.7827317619326, 1979.639687150574, 2295.215281951141, 2535.0354767551426, 2596.0579165704726, 2623.2562, 2749.0600919036865, 2841.9194244781497, 2992.8017118118287, 3080.359397624207, 3385.1217746795655, 3809.261468109131, 3719.791544967651, 3742.339321458435, 3762.761926699829, 3914.991182208252, 4055.772336143112, 4143.825418206024, 4192.409536271668, 4340.0647792842865, 4375.881584407044, 4410.198987592697, 4465.840785059739, 4547.9665904823305, 4521.440809684753, 4326.721503860092, 4506.191636379624, 4506.85676169033, 4594.544200046539, 4614.295986894035, 4749.678803931046, 4944.96868262043, 5197.560894779205, 5408.692517101288, 5552.241134663773, 5700.137079898834]
shares:[0, 4.8948, 9.7896, 15.1573, 20.236, 25.0299, 29.6446, 33.7463, 38.1711, 42.7562, 46.7088, 50.6273, 54.4543, 58.225, 62.0143, 65.684, 69.385, 73.0764, 76.4053, 79.543, 82.7297, 86.0084, 89.2552, 92.5104, 95.7084, 98.9197, 101.9308, 104.6788, 107.5706, 110.5239, 113.5414, 116.5176, 119.4631, 122.4173, 125.4086, 128.3663, 131.3684, 134.4163, 137.4951, 140.5863, 143.766, 147.1674, 150.5074, 153.9227, 157.3474, 160.8329, 164.2919, 167.6829, 170.9724, 174.193, 177.3879, 180.5555]
growth_rate:11.77
