ticker:PECO
price:[5.75, 5.75, 5.75, 5.75, 5.75, 5.75, 5.75, 5.75, 6.159999847412109, 6.159999847412109, 6.159999847412109, 6.829999923706055, 6.699999809265137, 6.699999809265137, 7.349999904632568, 7.349999904632568, 5.849999904632568, 7.230000019073486, 7.230000019073486, 21.690000534057617, 27.950000762939453, 28.030000686645508, 28.0, 29.59000015258789, 30.139999389648438, 30.270000457763672, 30.1299991607666, 30.239999771118164, 30.239999771118164]
assets:[0, 99.999975, 199.99995, 299.999925, 399.9999, 499.99987500000003, 599.99985, 699.999825, 849.9130429470063, 949.913248469925, 1049.9134539928436, 1264.1086798793792, 1340.048201851654, 1440.04837900486, 1679.754278204918, 1779.753966907406, 1516.538765277195, 1974.286706208372, 2074.287005472183, 6322.8607316833495, 8247.71541513443, 8371.322279070664, 8462.3616, 9042.902299631882, 9310.987255447388, 9451.147756926728, 9507.43687118225, 9642.147911020089, 9742.148566263199]
shares:[0, 17.3913, 34.7826, 52.1739, 69.5652, 86.9565, 104.3478, 121.7391, 137.9729, 154.2067, 170.4405, 185.0818, 200.0072, 214.9326, 228.538, 242.1434, 259.2374, 273.0687, 286.9, 291.5104, 295.0882, 298.6558, 302.2272, 305.6067, 308.9246, 312.2282, 315.5472, 318.8541, 322.161]
growth_rate:247.93
