ticker:PEGA
price:[124.26000213623047, 119.66000366210938, 118.56999969482422, 118.86000061035156, 121.77999877929688, 131.36000061035156, 130.74000549316406, 134.22999572753906, 115.87999725341797, 126.5999984741211, 120.86000061035156, 129.38999938964844, 132.2100067138672, 130.77999877929688, 125.2300033569336, 133.3800048828125, 138.6300048828125, 133.25999450683594, 136.11000061035156, 134.1699981689453, 143.33999633789062, 127.44999694824219, 139.97999572753906, 146.7100067138672, 146.2100067138672, 132.35000610351562, 121.08000183105469, 123.4000015258789, 116.48999786376953, 116.76000213623047, 117.98999786376953, 123.5199966430664, 129.88999938964844, 130.7899932861328, 126.94000244140625, 120.22000122070312, 120.3499984741211, 120.91000366210938, 118.13999938964844, 119.8499984741211, 131.2899932861328, 137.14999389648438, 140.3699951171875, 139.97000122070312, 137.52000427246094, 132.47000122070312, 136.8000030517578, 127.63999938964844, 128.60000610351562, 127.30999755859375, 131.5399932861328, 138.0]
assets:[0, 99.99986506042481, 199.09088648757935, 299.5747455383301, 406.94004392089846, 538.9569465042114, 636.4161987396241, 753.4061200195313, 750.415686213684, 919.8376089134216, 978.1320709396362, 1147.171734588623, 1272.1775686035157, 1358.4118473205567, 1400.7602025489807, 1591.9170342773436, 1754.5706567993163, 1786.6034203536988, 1924.8131846313477, 1997.375345741272, 2233.8821729278566, 2086.241745045471, 2391.348257011414, 2606.317940272522, 2697.428413864136, 2541.7289272155763, 2425.2929766769407, 2571.7670918006897, 2527.751410645294, 2633.6152561843874, 2761.3553170051578, 2990.7773267189027, 3245.015876751709, 3367.5022731353756, 3368.378352783203, 3290.0607734069827, 3393.6172219734194, 3509.4128562927244, 3529.0189917678836, 3680.1020681465147, 4131.380992730713, 4415.777208486938, 4619.450206311036, 4706.2813360443115, 4723.908410762025, 4650.438874853516, 4902.446989364624, 4674.189541648865, 4809.344448257446, 4861.1030987792965, 5122.614574539184, 5474.184]
shares:[0, 0.8357, 1.6791, 2.5204, 3.3416, 4.1029, 4.8678, 5.6128, 6.4758, 7.2657, 8.0931, 8.866, 9.6224, 10.387, 11.1855, 11.9352, 12.6565, 13.4069, 14.1416, 14.8869, 15.5845, 16.3691, 17.0835, 17.7651, 18.449, 19.2046, 20.0305, 20.8409, 21.6993, 22.5558, 23.4033, 24.2129, 24.9828, 25.7474, 26.5352, 27.367, 28.1979, 29.025, 29.8715, 30.7059, 31.4676, 32.1967, 32.9091, 33.6235, 34.3507, 35.1056, 35.8366, 36.6201, 37.3977, 38.1832, 38.9434, 39.668]
growth_rate:7.34
