ticker:PENN
price:[54.150001525878906, 59.189998626708984, 70.5999984741211, 69.8499984741211, 72.75, 64.69999694824219, 70.91000366210938, 62.79999923706055, 53.97999954223633, 63.86000061035156, 65.0, 69.87999725341797, 73.29000091552734, 70.7699966430664, 74.41999816894531, 91.94000244140625, 94.66000366210938, 86.37000274658203, 93.75, 99.11000061035156, 109.41000366210938, 103.72000122070312, 128.91000366210938, 118.81999969482422, 120.3499984741211, 115.77999877929688, 108.2300033569336, 130.47000122070312, 117.37000274658203, 106.58000183105469, 107.5199966430664, 104.12000274658203, 99.94000244140625, 89.73999786376953, 89.12000274658203, 86.62000274658203, 80.80000305175781, 77.56999969482422, 81.97000122070312, 80.54000091552734, 83.83999633789062, 73.77999877929688, 76.08999633789062, 74.70999908447266, 73.31999969482422, 66.20999908447266, 70.33000183105469, 68.37999725341797, 71.83999633789062, 70.83999633789062, 67.6500015258789, 83.55999755859375]
assets:[0, 100.00150267982482, 219.2765352607727, 316.94436807632445, 430.10527499999995, 482.5131672409058, 628.8228214752197, 656.9068320194244, 664.6449383636474, 886.2937904708863, 1002.1179999999999, 1177.3521697250364, 1334.8014706741333, 1388.903646118164, 1560.535267604065, 2027.9206338500976, 2187.914528643799, 2096.303610662842, 2375.428125, 2611.2412750808717, 2982.6151688323976, 2927.497034454346, 3738.480343203735, 3545.862076892853, 3691.5195731964113, 3651.3422435028074, 3513.243315969086, 4335.178918560791, 3999.8992716018674, 3732.1865301193234, 3865.1073353256224, 3842.881885371399, 3788.6055645507813, 3501.932910637665, 3577.740334262085, 3577.380127433014, 3437.0139698135376, 3399.621591625214, 3692.4616599884034, 3728.0436163780214, 3980.7900981201174, 3603.134776385498, 3815.94375234375, 3846.735671860504, 3875.1672798706054, 3599.3808012290956, 3923.3591521453855, 3914.5770547653196, 4212.654281256104, 4254.01262008667, 4162.450473886109, 5241.376050860596]
shares:[0, 1.6895, 3.1059, 4.5375, 5.9121, 7.4577, 8.8679, 10.4603, 12.3128, 13.8787, 15.4172, 16.8482, 18.2126, 19.6256, 20.9693, 22.057, 23.1134, 24.2712, 25.3379, 26.3469, 27.2609, 28.225, 29.0007, 29.8423, 30.6732, 31.5369, 32.4609, 33.2274, 34.0794, 35.0177, 35.9478, 36.9082, 37.9088, 39.0231, 40.1452, 41.2997, 42.5373, 43.8265, 45.0465, 46.2881, 47.4808, 48.8362, 50.1504, 51.4889, 52.8528, 54.3631, 55.785, 57.2474, 58.6394, 60.051, 61.5292, 62.7259]
growth_rate:2.77
