ticker:PEP
price:[138.75999450683594, 135.80999755859375, 131.47000122070312, 133.5500030517578, 138.05999755859375, 138.44000244140625, 141.72999572753906, 139.55999755859375, 133.2899932861328, 138.3800048828125, 144.7100067138672, 143.4199981689453, 144.60000610351562, 145.85000610351562, 144.97000122070312, 146.92999267578125, 145.05999755859375, 148.3000030517578, 144.17999267578125, 141.38999938964844, 138.58999633789062, 136.57000732421875, 140.9600067138672, 133.8699951171875, 132.50999450683594, 129.19000244140625, 133.02999877929688, 133.0399932861328, 134.5, 142.6999969482422, 141.27999877929688, 142.57000732421875, 144.16000366210938, 145.8300018310547, 144.16000366210938, 145.55999755859375, 146.58999633789062, 147.10000610351562, 147.94000244140625, 147.83999633789062, 147.69000244140625, 145.4199981689453, 146.41000366210938, 148.91000366210938, 149.47999572753906, 155.82000732421875, 157.17999267578125, 156.9499969482422, 154.3300018310547, 156.52000427246094, 158.35000610351562, 154.94000244140625]
assets:[0, 99.99690120239258, 196.79744482727048, 299.9132418533325, 410.03819274902344, 511.1620210144043, 623.314348210144, 713.7656515136719, 781.6924946258546, 911.5367681640626, 1053.228370864868, 1143.8461953964234, 1253.2627128997801, 1364.0913520843505, 1455.8612372589112, 1575.54500446167, 1655.4972221374512, 1792.4724768859865, 1842.6779783935547, 1907.0258947677612, 1969.2668349639894, 2040.5607644348145, 2206.150969078064, 2195.186792932129, 2272.890931777954, 2315.9504167663576, 2484.7875291992186, 2584.980373548889, 2713.3492, 2978.776816296387, 3049.133189654541, 3176.973015209961, 3312.407652145386, 3450.775333328247, 3511.2619611968994, 3645.3609108581545, 3771.1595867889405, 3884.2786311676023, 4006.4519701171876, 4103.742618347168, 4199.57998842163, 4235.037522674561, 4363.867287152099, 4538.374854611206, 4655.74879092865, 4953.221974822998, 5096.451236517334, 5188.986629104614, 5202.371763723755, 5376.19606275177, 5539.051543499755, 5519.768574975586]
shares:[0, 0.7363, 1.4969, 2.2457, 2.97, 3.6923, 4.3979, 5.1144, 5.8646, 6.5872, 7.2782, 7.9755, 8.6671, 9.3527, 10.0425, 10.7231, 11.4125, 12.0868, 12.7804, 13.4877, 14.2093, 14.9415, 15.6509, 16.3979, 17.1526, 17.9267, 18.6784, 19.4301, 20.1736, 20.8744, 21.5822, 22.2836, 22.9773, 23.663, 24.3567, 25.0437, 25.7259, 26.4057, 27.0816, 27.758, 28.4351, 29.1228, 29.8058, 30.4773, 31.1463, 31.7881, 32.4243, 33.0614, 33.7094, 34.3483, 34.9798, 35.6252]
growth_rate:8.23
