ticker:PERI
price:[5.989999771118164, 5.909999847412109, 6.300000190734863, 6.440000057220459, 6.710000038146973, 7.860000133514404, 7.579999923706055, 7.840000152587891, 6.940000057220459, 7.360000133514404, 7.489999771118164, 7.570000171661377, 7.650000095367432, 7.730000019073486, 12.34000015258789, 12.479999542236328, 13.84000015258789, 12.729999542236328, 14.140000343322754, 12.989999771118164, 13.899999618530273, 14.520000457763672, 20.43000030517578, 22.950000762939453, 22.6299991607666, 19.850000381469727, 18.799999237060547, 20.489999771118164, 19.170000076293945, 17.0, 18.389999389648438, 17.729999542236328, 15.84000015258789, 16.299999237060547, 17.889999389648438, 17.15999984741211, 14.699999809265137, 16.200000762939453, 16.540000915527344, 16.75, 17.020000457763672, 16.139999389648438, 18.65999984741211, 20.239999771118164, 19.280000686645508, 17.510000228881836, 18.799999237060547, 19.020000457763672, 19.139999389648438, 18.200000762939453, 18.0, 20.8799991607666]
assets:[0, 100.0001524181366, 206.59905625486374, 311.1904627649784, 424.2370684118271, 596.9450021400452, 675.6796771991729, 798.856031547928, 807.150460654974, 955.9985133423328, 1072.8840452144623, 1184.3431808568, 1296.859381167078, 1410.4212144801618, 2351.5647250778197, 2478.2433650985718, 2848.308015402985, 2719.8675151950833, 3121.1251037817, 2967.2848637168886, 3275.154050117111, 3521.240955012131, 5054.474010501862, 5777.9335020790095, 5797.3690260046005, 5185.1873246469495, 5010.906676647949, 5561.35475787735, 5303.083386105537, 4802.7873, 5295.48491824646, 5205.435669602966, 4750.5411817623135, 4988.4990365077965, 5575.107023794556, 5447.615267559433, 4766.663098151779, 5353.056972102357, 5565.404318058014, 5736.0643, 5928.525699451447, 5721.997775616455, 6715.396199086379, 7384.009340498734, 7133.779558065224, 6578.862538995552, 7163.540429290008, 7347.369116832733, 7493.725099034119, 7225.695142899323, 7246.2924, 8505.69942612896]
shares:[0, 16.9205, 32.7935, 48.3215, 63.2246, 75.9472, 89.1398, 101.8949, 116.3041, 129.8911, 143.2422, 156.4522, 169.5241, 182.4607, 190.5644, 198.5772, 205.8026, 213.6581, 220.7302, 228.4284, 235.6226, 242.5097, 247.4045, 251.7618, 256.1807, 261.2185, 266.5376, 271.418, 276.6345, 282.5169, 287.9546, 293.5948, 299.9079, 306.0429, 311.6326, 317.4601, 324.2628, 330.4356, 336.4815, 342.4516, 348.327, 354.5228, 359.8819, 364.8226, 370.0093, 375.7203, 381.0394, 386.297, 391.5217, 397.0162, 402.5718, 407.3611]
growth_rate:66.78
