ticker:PESI
price:[6.949999809265137, 6.880000114440918, 7.25, 6.730000019073486, 6.949999809265137, 7.099999904632568, 6.929999828338623, 6.860000133514404, 6.849999904632568, 6.110000133514404, 6.760000228881836, 6.489999771118164, 6.340000152587891, 6.5, 6.21999979019165, 6.139999866485596, 6.050000190734863, 5.96999979019165, 6.5, 6.389999866485596, 6.420000076293945, 6.239999771118164, 6.289999961853027, 6.420000076293945, 7.03000020980835, 6.960000038146973, 6.929999828338623, 6.929999828338623, 7.900000095367432, 7.239999771118164, 7.389999866485596, 7.619999885559082, 7.130000114440918, 7.329999923706055, 7.480000019073486, 7.670000076293945, 7.269999980926514, 7.25, 7.25, 6.989999771118164, 7.010000228881836, 6.820000171661377, 6.71999979019165, 6.699999809265137, 6.380000114440918, 6.099999904632568, 6.210000038146973, 5.730000019073486, 5.860000133514404, 5.820000171661377, 5.710000038146973, 5.760000228881836]
assets:[0, 100.0001136633873, 205.378, 290.64716482372285, 400.148324018383, 508.78457316598895, 596.6022992217064, 690.576319440508, 789.5693490074158, 804.2727595747948, 989.8337095140456, 1050.2987289592743, 1126.0239691005706, 1254.44085, 1300.403538135767, 1383.6778279119014, 1463.3958261356354, 1544.0449257364273, 1781.1209, 1850.9791203251361, 1959.6690712882994, 2004.7247264671325, 2120.78859413805, 2264.620358912277, 2579.794958993244, 2654.1069265468595, 2742.6666280620575, 2842.666525584984, 3340.557700326633, 3161.473324054718, 3326.9735058918955, 3530.5196829769134, 3403.4912946281434, 3598.96106054039, 3772.609817619896, 3968.4380974742885, 3861.479391869068, 3950.8563249999997, 4050.8563, 4005.584418840408, 4117.04533742466, 4105.456645335532, 4145.25942257886, 4232.922529497623, 4130.753404095172, 4049.466026690626, 4222.489525938035, 3996.1134733018876, 4186.775543391609, 4258.196723595858, 4277.715048578262, 4415.173231443215]
shares:[0, 14.5349, 28.328, 43.1868, 57.5753, 71.6598, 86.0898, 100.6671, 115.2656, 131.6322, 146.4251, 161.8334, 177.6063, 192.9909, 209.0681, 225.3547, 241.8836, 258.634, 274.0186, 289.6681, 305.2444, 321.27, 337.1683, 352.7446, 366.9694, 381.3372, 395.7672, 410.1972, 422.8554, 436.6676, 450.1994, 463.3228, 477.348, 490.9906, 504.3596, 517.3974, 531.1526, 544.9457, 558.7388, 573.045, 587.3103, 601.9731, 616.8541, 631.7795, 647.4535, 663.8469, 679.95, 697.402, 714.4668, 731.6489, 749.162, 766.5231]
growth_rate:-13.43
