ticker:PETQ
price:[32.73500061035156, 31.350000381469727, 30.920000076293945, 31.90999984741211, 32.97999954223633, 33.18000030517578, 32.61000061035156, 30.469999313354492, 28.559999465942383, 25.81999969482422, 27.06999969482422, 28.530000686645508, 29.43000030517578, 29.770000457763672, 31.190000534057617, 33.08000183105469, 35.540000915527344, 38.45000076293945, 35.720001220703125, 37.43000030517578, 34.59000015258789, 34.65999984741211, 35.18000030517578, 36.119998931884766, 33.9900016784668, 34.470001220703125, 33.540000915527344, 36.54999923706055, 36.290000915527344, 34.529998779296875, 35.380001068115234, 36.27000045776367, 37.0, 43.189998626708984, 42.599998474121094, 42.91999816894531, 39.40999984741211, 40.5099983215332, 41.099998474121094, 38.45000076293945, 39.5, 40.02000045776367, 40.189998626708984, 37.779998779296875, 37.9900016784668, 36.279998779296875, 36.540000915527344, 35.36000061035156, 29.270000457763672, 26.1299991607666, 24.899999618530273, 25.399999618530273]
assets:[0, 100.00023121681214, 198.6300804901123, 304.98939654159545, 415.21489623680117, 517.7340887619018, 608.8384943954468, 668.8835189266205, 726.954802406311, 757.2128030502319, 893.8703389228821, 1042.0810990802763, 1174.9545031837463, 1288.5289758132935, 1449.9919348278045, 1637.8570506591798, 1859.655425905609, 2111.9239669055937, 2061.9763624664306, 2260.689672431946, 2189.1596016571048, 2293.590829902649, 2428.000491062164, 2592.8741233253477, 2539.9708554267886, 2675.8407017608642, 2703.646057800293, 3046.2816164123537, 3124.612626828003, 3073.07320736084, 3248.722604078293, 3430.445659295654, 3599.4895, 4301.676354221726, 4342.912224442291, 4475.534313064575, 4209.523959701538, 4427.017687573623, 4591.494549536133, 4395.450287216187, 4615.4802, 4776.242982632446, 4896.532406685638, 4702.910918045044, 4829.053475356292, 4711.687069467163, 4845.452593405151, 4788.978146662903, 4064.180541561127, 3728.186472259522, 3652.6929940404893, 3826.0400425386424]
shares:[0, 3.1898, 6.424, 9.5578, 12.5899, 15.6038, 18.6703, 21.9522, 25.4536, 29.3266, 33.0207, 36.5258, 39.9237, 43.2828, 46.489, 49.512, 52.3257, 54.9265, 57.7261, 60.3978, 63.2888, 66.174, 69.0165, 71.785, 74.727, 77.6281, 80.6096, 83.3456, 86.1012, 88.9972, 91.8237, 94.5808, 97.2835, 99.5989, 101.9463, 104.2762, 106.8136, 109.2821, 111.7152, 114.316, 116.8476, 119.3464, 121.8346, 124.4815, 127.1138, 129.8701, 132.6068, 135.4349, 138.8514, 142.6784, 146.6945, 150.6315]
growth_rate:-24.98
