ticker:PETS
price:[30.440000534057617, 29.010000228881836, 30.6200008392334, 30.940000534057617, 30.389999389648438, 32.060001373291016, 31.75, 30.65999984741211, 29.579999923706055, 29.889999389648438, 29.950000762939453, 29.06999969482422, 30.399999618530273, 29.209999084472656, 29.8799991607666, 32.130001068115234, 33.77000045776367, 32.060001373291016, 33.9900016784668, 34.72999954223633, 30.8700008392334, 38.20000076293945, 34.790000915527344, 37.099998474121094, 35.220001220703125, 34.709999084472656, 33.779998779296875, 35.7599983215332, 34.0, 33.41999816894531, 34.0, 33.11000061035156, 31.780000686645508, 31.829999923706055, 29.43000030517578, 29.579999923706055, 28.489999771118164, 28.530000686645508, 28.899999618530273, 32.70000076293945, 32.81999969482422, 32.380001068115234, 35.27000045776367, 32.29999923706055, 31.59000015258789, 28.700000762939453, 27.770000457763672, 31.389999389648438, 28.8799991607666, 28.489999771118164, 26.65999984741211, 28.3799991607666]
assets:[0, 100.00037178897857, 205.5490036336899, 307.698305311203, 402.2298759216309, 524.3349104598999, 619.2647000000001, 698.005556526184, 773.419384005165, 881.5248289993286, 983.2944650482178, 1054.4037729309082, 1202.6452649087905, 1255.5684426467897, 1384.3672531175614, 1588.613281811142, 1769.6999889888764, 1780.0898982501983, 1987.2492411327362, 2130.5152949184417, 1993.7235692014697, 2567.127911271286, 2437.968457157135, 2699.8447989585875, 2663.0336002990725, 2724.4711321380614, 2751.4721065704343, 3012.747674590683, 2964.4701999999997, 3013.8989848709107, 3166.2058, 3183.3245876815795, 3155.4521581773756, 3260.416918185043, 3114.5798752967835, 3230.4554556678772, 3211.4155662002563, 3315.925006805992, 3458.9282443433763, 4013.735433646393, 4128.463863611602, 4173.115109658051, 4645.577529294204, 4354.385507147598, 4358.671338053513, 4059.919327925873, 4028.3606984039307, 4653.482656517029, 4381.381784679985, 4422.214915472984, 4238.161503742981, 4611.590935629273]
shares:[0, 3.4471, 6.7129, 9.945, 13.2356, 16.3548, 19.5044, 22.766, 26.1467, 29.4923, 32.8312, 36.2712, 39.5607, 42.9842, 46.3309, 49.4433, 52.4045, 55.5237, 58.4657, 61.3451, 64.5845, 67.2023, 70.0767, 72.7721, 75.6114, 78.4924, 81.4527, 84.2491, 87.1903, 90.1825, 93.1237, 96.1439, 99.2905, 102.4322, 105.8301, 109.2108, 112.7208, 116.2259, 119.6861, 122.7442, 125.7911, 128.8794, 131.7147, 134.8107, 137.9763, 141.4606, 145.0616, 148.2473, 151.7099, 155.2199, 158.9708, 162.4944]
growth_rate:-9.58
