ticker:PETV
price:[3.200000047683716, 3.0, 3.200000047683716, 2.9600000381469727, 3.0, 2.5999999046325684, 2.799999952316284, 6.440000057220459, 5.960000038146973, 6.559999942779541, 5.960000038146973, 4.599999904632568, 5.199999809265137, 7.599999904632568, 12.079999923706055, 13.5600004196167, 16.0, 13.25, 14.470000267028809, 14.529000282287598, 13.5, 12.0, 9.5, 10.5, 10.5, 10.5, 10.0, 10.11299991607666, 10.899999618530273, 10.574999809265137, 10.5, 10.0, 10.0, 10.25, 8.9399995803833, 8.5, 13.989999771118164, 11.0, 10.0, 10.479999542236328, 10.449999809265137, 9.880000114440918, 9.604000091552734, 9.25, 9.104999542236328, 9.0, 8.050000190734863, 7.880000114440918, 8.069999694824219, 3.450000047683716, 2.755000114440918, 2.700000047683716]
assets:[0, 99.9999, 206.66656307957172, 291.16661975240703, 395.1012, 442.4209237720966, 576.4533501830579, 1425.84306066885, 1419.568901085949, 1662.4784814988136, 1610.4224063075067, 1342.9432921580317, 1618.109940648079, 2464.9300090692045, 4017.9408546237946, 4610.204878663635, 5539.7696, 4687.6221000000005, 5219.236488315582, 5340.517619362258, 5062.2813, 4599.8052, 3741.5123, 4235.3556, 4335.355500000001, 4435.3554, 4324.148, 4473.011213180446, 4921.10348777504, 4874.373789583874, 4939.80375, 4804.575, 4904.575, 5127.1894, 4571.909527408314, 4446.894, 7419.064758621216, 5933.4319000000005, 5494.029, 5857.7422961353295, 5940.974326564503, 5716.921770219612, 5657.218006328964, 5548.694825, 5561.715219878769, 5597.576999999999, 5106.722090997505, 5098.878578050804, 5321.821016749573, 2375.1280378275155, 1996.6601604399682, 2056.799286324382]
shares:[0, 33.3333, 64.5833, 98.3671, 131.7004, 170.1619, 205.8762, 221.4042, 238.1827, 253.4266, 270.2051, 291.9442, 311.175, 324.3329, 332.611, 339.9856, 346.2356, 353.7828, 360.6936, 367.5764, 374.9838, 383.3171, 393.8434, 403.3672, 412.891, 422.4148, 432.4148, 442.3031, 451.4774, 460.9337, 470.4575, 480.4575, 490.4575, 500.2136, 511.3993, 523.164, 530.312, 539.4029, 549.4029, 558.9449, 568.5143, 578.6358, 589.0481, 599.8589, 610.8419, 621.953, 634.3754, 647.0658, 659.4574, 688.4429, 724.7405, 761.7775]
growth_rate:-59.67
