ticker:PETZ
price:[1.1399999856948853, 1.1649999618530273, 1.1699999570846558, 1.1399999856948853, 1.2899999618530273, 1.3799999952316284, 1.4500000476837158, 1.649999976158142, 1.375, 1.340000033378601, 1.2599999904632568, 1.2799999713897705, 1.3600000143051147, 1.9600000381469727, 1.7000000476837158, 1.6699999570846558, 1.5399999618530273, 1.850000023841858, 1.7619999647140503, 2.0, 2.0999999046325684, 1.899999976158142, 2.2300000190734863, 2.494999885559082, 3.5999999046325684, 3.1600000858306885, 2.549999952316284, 2.950000047683716, 3.059999942779541, 2.4800000190734863, 2.7300000190734863, 2.700000047683716, 2.119999885559082, 2.2799999713897705, 2.2799999713897705, 2.0899999141693115, 1.9199999570846558, 1.9299999475479126, 2.130000114440918, 2.490000009536743, 2.5799999237060547, 3.200000047683716, 2.9600000381469727, 2.4000000953674316, 2.559999942779541, 3.009999990463257, 2.740000009536743, 2.5, 2.559999942779541, 2.180000066757202, 1.8600000143051147, 2.140000104904175]
assets:[0, 99.99998522558212, 200.42918264830112, 295.28997829459905, 434.1439401618004, 564.4331080496908, 693.063772791624, 888.658802159226, 840.54905, 919.1533248955607, 964.2784967015266, 1079.5844878694056, 1247.0585411171437, 1897.2314289253234, 1745.5578389615775, 1814.7537163648012, 1773.4855160694124, 2230.486013745368, 2224.387167054248, 2624.8436, 2856.085550296402, 2684.0775263192654, 3250.2593697999, 3736.500850613785, 5491.344094529057, 4920.180173640013, 4070.398408885598, 4808.892427730799, 5088.2067668530935, 4223.775576484728, 4749.55930218339, 4797.366294724536, 3866.8206432629586, 4258.656222560906, 4358.656109306073, 4095.4346698114873, 3862.313193670571, 3982.429441768527, 4495.116883514214, 5354.854580509185, 5648.403378969383, 7105.771945884251, 6672.839085996151, 5510.410298964023, 5977.770618386411, 7128.550770414233, 6589.1128409338235, 6111.96425, 6358.651249873065, 5514.789332877016, 4805.278788957024, 5628.65438392024]
shares:[0, 85.8369, 171.307, 259.0263, 336.5457, 409.0095, 477.975, 538.5811, 611.3084, 685.9353, 765.3004, 843.4254, 916.9548, 967.9752, 1026.7987, 1086.6789, 1151.614, 1205.6681, 1262.4218, 1312.4218, 1360.0408, 1412.6724, 1457.5154, 1497.5956, 1525.3734, 1557.019, 1596.2347, 1630.133, 1662.8127, 1703.1353, 1739.7653, 1776.8023, 1823.9721, 1867.8317, 1911.6913, 1959.5382, 2011.6215, 2063.435, 2110.3834, 2150.544, 2189.3037, 2220.5537, 2254.3375, 2296.0042, 2335.0667, 2368.2893, 2404.7857, 2444.7857, 2483.8482, 2529.7198, 2583.4832, 2630.2122]
growth_rate:10.37
