ticker:PEY
price:[15.020000457763672, 14.699999809265137, 14.84000015258789, 14.119999885559082, 14.609999656677246, 15.239999771118164, 15.270000457763672, 15.579999923706055, 14.800000190734863, 15.149999618530273, 16.579999923706055, 16.579999923706055, 17.149999618530273, 17.489999771118164, 17.5, 17.399999618530273, 17.25, 17.3799991607666, 17.979999542236328, 18.280000686645508, 18.010000228881836, 17.420000076293945, 18.15999984741211, 18.5, 18.75, 18.700000762939453, 19.690000534057617, 20.40999984741211, 20.100000381469727, 20.360000610351562, 20.360000610351562, 20.479999542236328, 20.780000686645508, 20.6200008392334, 20.649999618530273, 21.489999771118164, 21.56999969482422, 21.31999969482422, 21.149999618530273, 21.389999389648438, 21.350000381469727, 20.25, 20.8700008392334, 20.760000228881836, 20.549999237060547, 20.219999313354492, 20.079999923706055, 20.219999313354492, 20.309999465942383, 20.6299991607666, 20.280000686645508, 20.440000534057617]
assets:[0, 99.99968870248794, 200.95141006622313, 291.2024056398392, 401.3074705696106, 518.6126202112198, 619.6337135753631, 732.2132564144134, 795.5562502527237, 914.3706519765855, 1100.678216935158, 1200.6788284749985, 1341.9566001506805, 1468.5618227817536, 1569.40175, 1660.433243597412, 1746.119175, 1859.2775502204895, 2023.4637544834136, 2157.226537031174, 2225.3642552812576, 2252.4617538650514, 2448.145947429657, 2593.9812, 2729.0343749999997, 2821.757185124588, 3071.14389529953, 3283.4464794525147, 3333.5750132665635, 3476.6961002243042, 3576.6962792221066, 3697.776557348251, 3851.943011281967, 3922.285009636879, 4027.990990590477, 4291.840920289231, 4407.818652637482, 4456.7306042060845, 4521.19311845398, 4672.497775672912, 4763.759400116158, 4618.3203, 4859.721611421203, 4934.1081423992155, 4984.196814956665, 5004.158662065124, 5069.511236738395, 5204.856309249687, 5328.023709897994, 5511.97062477169, 5518.4579108453745, 5661.996655937004]
shares:[0, 6.8027, 13.5412, 20.6234, 27.468, 34.0297, 40.5785, 46.997, 53.7538, 60.3545, 66.3859, 72.4173, 78.2482, 83.9658, 89.6801, 95.4272, 101.2243, 106.978, 112.5397, 118.0102, 123.5627, 129.3032, 134.8098, 140.2152, 145.5485, 150.8961, 155.9748, 160.8744, 165.8495, 170.7611, 175.6727, 180.5555, 185.3678, 190.2175, 195.0601, 199.7134, 204.3495, 209.0399, 213.768, 218.4431, 223.1269, 228.0652, 232.8568, 237.6738, 242.54, 247.4856, 252.4657, 257.4113, 262.335, 267.1823, 272.1133, 277.0057]
growth_rate:11.02
