ticker:PEZ
price:[60.290000915527344, 60.29999923706055, 61.209999084472656, 61.849998474121094, 65.0999984741211, 67.20999908447266, 68.19000244140625, 66.37999725341797, 59.06999969482422, 66.36000061035156, 64.9800033569336, 70.01000213623047, 73.55999755859375, 73.4000015258789, 72.4800033569336, 76.19000244140625, 79.1500015258789, 76.06999969482422, 81.18000030517578, 84.54000091552734, 87.5199966430664, 83.01000213623047, 93.93000030517578, 95.36000061035156, 94.41000366210938, 89.72000122070312, 84.97000122070312, 93.08000183105469, 91.5, 87.3499984741211, 88.6500015258789, 91.16000366210938, 88.04000091552734, 88.72000122070312, 89.54000091552734, 89.55000305175781, 85.87999725341797, 84.58000183105469, 89.80000305175781, 88.87999725341797, 91.56999969482422, 85.44000244140625, 93.22000122070312, 92.73999786376953, 91.08999633789062, 84.55999755859375, 89.41999816894531, 89.23999786376953, 89.91999816894531, 90.5199966430664, 88.0199966430664, 92.58999633789062]
assets:[0, 100.00151873474121, 201.50943798599243, 303.61545750961307, 419.5694901657105, 533.1702017372131, 640.9451089477539, 723.933612046051, 744.2111121551515, 936.054260609436, 1016.5861605178833, 1195.2807664718628, 1355.8872989990234, 1452.9383502044677, 1534.7278310813901, 1713.2845848999023, 1879.8441962402344, 1906.694542350769, 2134.7742320251464, 2323.1338631584167, 2505.0235999168394, 2475.9393337173465, 2901.6479974273684, 3045.8270274948122, 3115.4829158477783, 3060.7170936431885, 2998.6763130798336, 3384.8821905868526, 3427.4253, 3371.971991096497, 3522.153210624695, 3721.880629516602, 3694.492990419006, 3823.024700601196, 3958.357498473358, 4058.8001583190917, 3992.458016314697, 4032.0217252883913, 4380.86620887909, 4435.982886918639, 4670.2439674354555, 4457.60143937378, 4963.498964996337, 5037.942725952912, 5048.3077960418705, 4786.408733807373, 5161.501134307861, 5251.113498298645, 5391.126514219666, 5527.096683027648, 5474.447701213837, 5858.678313278198]
shares:[0, 1.6584, 3.2921, 4.9089, 6.445, 7.9329, 9.3994, 10.9059, 12.5988, 14.1057, 15.6446, 17.073, 18.4324, 19.7948, 21.1745, 22.487, 23.7504, 25.065, 26.2968, 27.4797, 28.6223, 29.827, 30.8916, 31.9403, 32.9995, 34.1141, 35.291, 36.3653, 37.4582, 38.603, 39.731, 40.828, 41.9638, 43.0909, 44.2077, 45.3244, 46.4888, 47.6711, 48.7847, 49.9098, 51.0019, 52.1723, 53.245, 54.3233, 55.4211, 56.6037, 57.722, 58.8426, 59.9547, 61.0594, 62.1955, 63.2755]
growth_rate:14.88
