ticker:PFBC
price:[37.59000015258789, 33.90999984741211, 33.630001068115234, 31.420000076293945, 32.900001525878906, 34.380001068115234, 33.95000076293945, 35.45000076293945, 33.83000183105469, 34.150001525878906, 37.689998626708984, 37.709999084472656, 38.310001373291016, 41.13999938964844, 44.529998779296875, 46.29999923706055, 48.630001068115234, 50.470001220703125, 51.06999969482422, 51.7400016784668, 51.040000915527344, 48.290000915527344, 50.97999954223633, 51.970001220703125, 53.18000030517578, 57.95000076293945, 63.209999084472656, 66.58999633789062, 65.66000366210938, 65.52999877929688, 64.81999969482422, 66.48999786376953, 68.13999938964844, 67.27999877929688, 65.54000091552734, 68.18000030517578, 68.87999725341797, 67.77999877929688, 68.29000091552734, 67.95999908447266, 66.91000366210938, 62.970001220703125, 66.55999755859375, 63.119998931884766, 61.849998474121094, 59.75, 59.400001525878906, 58.97999954223633, 59.84000015258789, 59.7599983215332, 60.63999938964844, 63.5099983215332]
assets:[0, 100.0005895500183, 199.1736813259125, 286.08538469467163, 399.56064853134154, 517.5359080787658, 611.0626687320708, 738.0619258842469, 804.3353575347901, 911.9450557472229, 1106.4765966838836, 1207.0631316947936, 1326.269261542511, 1524.2410913864137, 1749.841926031494, 1919.394248371887, 2115.9837434757233, 2296.0469065338134, 2423.342983518982, 2555.133416889572, 2620.562079006195, 2579.366937902069, 2823.0531606510162, 2977.875872946167, 3147.2083720603946, 3529.496951467514, 3949.860101790619, 4261.067229663086, 4301.557555914307, 4393.0393761657715, 4445.4398450706485, 4659.971447281647, 4875.614562327575, 4914.07728684082, 4886.990168266297, 5183.841329203034, 5337.063267185212, 5351.834145614624, 5492.100401629638, 5565.5637370231625, 5579.5716773803715, 5351.020684732056, 5756.088620867919, 5558.5995859375, 5546.757343157959, 5458.4254, 5526.4514019645685, 5587.375888634491, 5768.84529471016, 5861.135139379501, 6047.44521913147, 6433.664445968628]
shares:[0, 2.949, 5.9225, 9.1052, 12.1447, 15.0534, 17.9989, 20.8198, 23.7758, 26.7041, 29.3573, 32.0091, 34.6194, 37.0501, 39.2958, 41.4556, 43.5119, 45.4933, 47.4514, 49.3841, 51.3433, 53.4141, 55.3757, 57.2999, 59.1803, 60.9059, 62.4879, 63.9896, 65.5126, 67.0386, 68.5813, 70.0853, 71.5529, 73.0392, 74.565, 76.0317, 77.4835, 78.9589, 80.4232, 81.8947, 83.3892, 84.9773, 86.4797, 88.064, 89.6808, 91.3544, 93.0379, 94.7334, 96.4045, 98.0779, 99.727, 101.3016]
growth_rate:26.15
