ticker:PFBI
price:[13.199999809265137, 11.869999885559082, 11.489999771118164, 10.550000190734863, 10.850000381469727, 12.050000190734863, 11.109999656677246, 13.130000114440918, 12.5, 12.050000190734863, 13.4399995803833, 14.130000114440918, 14.199999809265137, 14.40999984741211, 14.279999732971191, 13.899999618530273, 13.720000267028809, 13.289999961853027, 14.220000267028809, 14.430000305175781, 15.880000114440918, 15.369999885559082, 16.049999237060547, 15.369999885559082, 15.390000343322754, 15.539999961853027, 16.670000076293945, 18.18000030517578, 17.25, 17.940000534057617, 18.700000762939453, 18.969999313354492, 19.1200008392334, 19.0, 18.940000534057617, 19.18000030517578, 19.100000381469727, 18.81999969482422, 18.649999618530273, 18.600000381469727, 18.079999923706055, 16.940000534057617, 16.920000076293945, 16.75, 16.690000534057617, 16.360000610351562, 16.670000076293945, 17.020000457763672, 17.5, 17.969999313354492, 18.1200008392334, 18.3700008392334]
assets:[0, 100.00000103588104, 196.7984180797577, 280.6985800747871, 388.6806486654281, 531.6689034155845, 590.194289761734, 797.5017639510155, 859.23625, 928.3042996937752, 1135.3869725515365, 1293.6763994776727, 1400.0859011940001, 1520.7910358963013, 1607.071169948578, 1664.3053343250274, 1742.752849918747, 1788.1336118674278, 2013.2619498058318, 2142.9935733215334, 2458.3320017162323, 2479.380791539192, 2689.0730471744537, 2675.1438690815926, 2778.624547986031, 2905.7064888671875, 3216.996618723297, 3608.3973665718077, 3523.8093, 3764.7611380735398, 4024.2495141849517, 4182.353688613892, 4315.42434141674, 4388.340700000001, 4474.482320168495, 4631.181775687409, 4711.865044106484, 4742.790483093262, 4799.9485368211745, 4887.079420229721, 4850.451755532074, 4644.616122428131, 4739.132973369216, 4791.5167249999995, 4874.353042972755, 4877.976309985352, 5070.407235205841, 5276.863921924591, 5525.682750000001, 5774.0860363683705, 5922.284902292443, 6103.994900860977]
shares:[0, 8.4246, 17.1278, 26.6065, 35.8231, 44.1219, 53.1228, 60.7389, 68.7389, 77.0377, 84.4782, 91.5553, 98.5976, 105.5372, 112.54, 119.7342, 127.0228, 134.5473, 141.5796, 148.5096, 154.8068, 161.313, 167.5435, 174.0497, 180.5474, 186.9824, 192.9812, 198.4817, 204.2788, 209.8529, 215.2005, 220.472, 225.7021, 230.9653, 236.2451, 241.4589, 246.6945, 252.008, 257.3699, 262.7462, 268.2772, 274.1804, 280.0906, 286.0607, 292.0523, 298.1648, 304.1636, 310.039, 315.7533, 321.3181, 326.8369, 332.2806]
growth_rate:19.69
