ticker:PFC
price:[18.479999542236328, 16.950000762939453, 16.559999465942383, 15.239999771118164, 16.149999618530273, 17.489999771118164, 18.049999237060547, 19.219999313354492, 17.989999771118164, 17.81999969482422, 20.639999389648438, 21.1299991607666, 21.760000228881836, 22.940000534057617, 22.610000610351562, 22.239999771118164, 23.020000457763672, 23.0, 24.610000610351562, 25.709999084472656, 26.639999389648438, 27.760000228881836, 28.829999923706055, 29.020000457763672, 29.670000076293945, 30.65999984741211, 32.689998626708984, 34.130001068115234, 34.119998931884766, 33.310001373291016, 33.45000076293945, 32.849998474121094, 32.9900016784668, 32.470001220703125, 31.59000015258789, 31.40999984741211, 31.399999618530273, 31.219999313354492, 30.5, 30.299999237060547, 29.729999542236328, 27.899999618530273, 29.530000686645508, 28.079999923706055, 27.200000762939453, 26.760000228881836, 26.770000457763672, 26.780000686645508, 29.290000915527344, 29.790000915527344, 29.6299991607666, 30.969999313354492]
assets:[0, 99.9999195011139, 197.69824162425994, 281.93999576568604, 398.7757905807495, 531.8638970397949, 648.8938625724793, 790.9548657426835, 840.3362763086319, 932.3958440322876, 1179.947485107422, 1307.959626050949, 1446.9573272197724, 1625.4229138408662, 1702.040147946167, 1774.1870857410433, 1936.4102105064392, 2034.7271999999998, 2277.158434475708, 2478.9401147254944, 2668.611322859192, 2880.805127752304, 3091.844511817932, 3212.220948669815, 3384.1691097021103, 3597.0894360980988, 3935.2514556819915, 4208.6011487102505, 4307.366669159317, 4305.11115548935, 4423.203985886002, 4443.862383583069, 4562.8009461463935, 4590.8815205932615, 4566.46088205719, 4640.441134457015, 4738.963302427674, 4811.798004170418, 4800.8281, 4869.346227392197, 4877.744537895584, 4677.499106045723, 5050.772928442955, 4902.767986679077, 4849.120936014176, 4870.678625659561, 4972.498138029098, 5074.354870107651, 5649.956235602569, 5846.403860675811, 5915.00413946476, 6282.505926708603]
shares:[0, 5.8997, 11.9383, 18.5, 24.692, 30.4096, 35.9498, 41.1527, 46.7113, 52.323, 57.168, 61.9006, 66.4962, 70.8554, 75.2782, 79.7746, 84.1186, 88.4664, 92.5298, 96.4193, 100.1731, 103.7754, 107.244, 110.6899, 114.0603, 117.3219, 120.3809, 123.3109, 126.2417, 129.2438, 132.2333, 135.2774, 138.3086, 141.3884, 144.554, 147.7377, 150.9224, 154.1255, 157.4042, 160.7045, 164.0681, 167.6523, 171.0387, 174.6, 178.2765, 182.0134, 185.7489, 189.483, 192.8971, 196.2539, 199.6289, 202.8578]
growth_rate:23.19
