ticker:PFDRU
price:[10.510000228881836, 10.489999771118164, 10.109999656677246, 10.133999824523926, 10.0, 9.930000305175781, 9.960000038146973, 9.96500015258789, 10.0, 9.989999771118164, 10.09000015258789, 10.0, 9.994999885559082, 9.930000305175781, 9.930000305175781, 9.899999618530273, 9.979999542236328, 9.9399995803833, 9.979999542236328, 9.9399995803833, 9.979999542236328, 10.170000076293945, 10.1899995803833, 10.109999656677246, 10.050000190734863, 10.050000190734863, 9.9399995803833, 9.925000190734863, 9.942000389099121, 9.941699981689453]
assets:[0, 100.00011881809235, 196.3776443312645, 296.84410945997234, 392.919, 490.168647064209, 591.6498982660294, 691.9466910953522, 794.3770000000001, 893.5825025270461, 1002.527280160904, 1093.585, 1193.0381688399316, 1285.279659500122, 1385.279727573395, 1481.0943929300308, 1593.0624169292448, 1686.6777747969627, 1793.4647997371676, 1886.2769423708917, 1993.86718254509, 2131.826262992668, 2236.018101922417, 2318.4635392679215, 2404.7037456378935, 2504.703257535744, 2577.2888151998523, 2673.400036376381, 2777.9788357214925, 2877.8944797695162]
shares:[0, 9.5329, 19.4241, 29.2919, 39.2919, 49.3624, 59.4026, 69.4377, 79.4377, 89.4477, 99.3585, 109.3585, 119.3635, 129.434, 139.5045, 149.6055, 159.6255, 169.6859, 179.7059, 189.7663, 199.7863, 209.6191, 219.4326, 229.3238, 239.274, 249.2242, 259.2846, 269.3602, 279.4185, 289.4771]
growth_rate:-0.76
