ticker:PFDR
price:[9.819999694824219, 9.899999618530273, 9.930000305175781, 9.949999809265137, 9.760000228881836, 9.800000190734863, 9.829999923706055, 9.760000228881836, 9.760000228881836, 9.814000129699707, 9.75, 9.890000343322754, 9.739999771118164, 9.90999984741211, 9.880000114440918, 9.859999656677246, 9.850000381469727, 9.899999618530273, 9.880000114440918, 9.760000228881836, 9.75, 9.750100135803223]
assets:[0, 99.9998961467743, 200.30300115585328, 300.7069042356491, 394.9647612623215, 496.5836496648788, 598.1033963579179, 693.844272271347, 793.8442586164474, 898.2361758708953, 992.3783999999999, 1106.627742415619, 1189.8432420396805, 1310.610362820053, 1406.643280293274, 1503.7958756381988, 1602.270997052574, 1710.4041240942001, 1806.9492689300537, 1885.002524205208, 1983.071025, 2083.091343834114]
shares:[0, 10.101, 20.1715, 30.2218, 40.4677, 50.6718, 60.8447, 71.0906, 81.3365, 91.526, 101.7824, 111.8936, 122.1605, 132.2513, 142.3728, 152.5148, 162.6671, 172.7681, 182.8896, 193.1355, 203.3919, 213.6482]
growth_rate:-0.81
