ticker:PFF
price:[36.2400016784668, 36.22999954223633, 36.439998626708984, 36.220001220703125, 36.529998779296875, 37.040000915527344, 36.779998779296875, 37.06999969482422, 36.220001220703125, 36.689998626708984, 37.290000915527344, 37.560001373291016, 37.81999969482422, 37.84000015258789, 37.88999938964844, 38.189998626708984, 38.209999084472656, 38.5099983215332, 37.970001220703125, 38.06999969482422, 38.380001068115234, 37.849998474121094, 38.099998474121094, 37.95000076293945, 37.689998626708984, 37.369998931884766, 37.630001068115234, 37.959999084472656, 37.90999984741211, 38.25, 38.400001525878906, 38.66999816894531, 38.869998931884766, 38.90999984741211, 38.70000076293945, 38.7599983215332, 38.310001373291016, 38.5099983215332, 38.849998474121094, 38.84000015258789, 38.97999954223633, 38.91999816894531, 39.150001525878906, 39.29999923706055, 39.31999969482422, 39.060001373291016, 39.18000030517578, 39.41999816894531, 39.439998626708984, 39.38999938964844, 39.18000030517578, 39.400001525878906]
assets:[0, 99.9984217365265, 200.57668444099426, 299.3655540893555, 401.92861756896974, 507.54061254501346, 603.9790719543456, 708.7413241653443, 792.4900047088623, 902.7720922096253, 1017.5359839820861, 1124.9032611293792, 1232.6899420532227, 1333.3415973766328, 1435.1026718826295, 1546.4658043899535, 1647.2750915306092, 1760.2073012809753, 1835.5268140106202, 1940.3593584457399, 2056.158663222885, 2127.764159221649, 2241.819150216675, 2332.991476902008, 2417.00684593277, 2496.484093645096, 2613.8551341934203, 2736.7792779937745, 2833.1735105964663, 2958.58395, 3070.187641998291, 3191.775244866943, 3308.2839140911105, 3411.687151620865, 3493.2749188671114, 3598.691424161911, 3656.911829088592, 3776.001610422134, 3909.339371456146, 4008.3346237472533, 4122.782019583893, 4216.43692163086, 4341.35541420517, 4457.987553456115, 4560.254924606323, 4630.102254787445, 4744.325826953888, 4873.387939631653, 4975.860658741761, 5069.552006446839, 5142.523924055481, 5271.401064150238]
shares:[0, 2.7601, 5.5043, 8.2652, 11.0027, 13.7025, 16.4214, 19.119, 21.8799, 24.6054, 27.2871, 29.9495, 32.5936, 35.2363, 37.8755, 40.494, 43.1111, 45.7078, 48.3415, 50.9682, 53.5737, 56.2157, 58.8404, 61.4754, 64.1286, 66.8045, 69.462, 72.0964, 74.7342, 77.3486, 79.9528, 82.5388, 85.1115, 87.6815, 90.2655, 92.8455, 95.4558, 98.0525, 100.6265, 103.2012, 105.7666, 108.336, 110.8903, 113.4348, 115.978, 118.5382, 121.0905, 123.6273, 126.1628, 128.7015, 131.2538, 133.7919]
growth_rate:3.36
