ticker:PFG
price:[43.41999816894531, 41.06999969482422, 40.15999984741211, 38.630001068115234, 41.04999923706055, 42.470001220703125, 41.20000076293945, 43.52000045776367, 39.220001220703125, 41.369998931884766, 46.29999923706055, 49.0, 51.400001525878906, 52.279998779296875, 48.77000045776367, 47.95000076293945, 48.47999954223633, 49.61000061035156, 51.86000061035156, 53.310001373291016, 53.459999084472656, 49.27000045776367, 52.61000061035156, 54.130001068115234, 55.099998474121094, 56.58000183105469, 58.68000030517578, 61.54999923706055, 60.38999938964844, 60.630001068115234, 60.86000061035156, 61.959999084472656, 63.220001220703125, 62.709999084472656, 63.869998931884766, 66.66000366210938, 66.83000183105469, 65.66000366210938, 65.38999938964844, 65.94000244140625, 64.87000274658203, 59.7400016784668, 64.36000061035156, 63.27000045776367, 61.9900016784668, 60.9900016784668, 62.189998626708984, 62.130001068115234, 64.86000061035156, 66.94000244140625, 65.02999877929688, 68.12000274658203]
assets:[0, 100.00134225692749, 197.7839832485199, 290.2503760253906, 408.4351774089813, 522.5636360198974, 606.9378112392426, 741.1151437953948, 767.8884039001465, 909.9827705055237, 1118.4227815704346, 1283.6432, 1446.514262941742, 1571.2805913116456, 1565.7852496967316, 1639.458476085663, 1757.5793594043732, 1898.544957357788, 2084.652746534729, 2242.9383427791595, 2349.2515457679747, 2265.1242200450897, 2518.6774742202756, 2691.4465001087187, 2839.677601361084, 3015.9517336029053, 3227.8929287872315, 3485.7672617923736, 3520.072674423218, 3634.059193021011, 3747.844041586304, 3915.580730142975, 4095.2083410736086, 4162.169246234894, 4339.161665435028, 4628.70400428772, 4740.505983883667, 4757.513753344727, 4837.951033842468, 4978.64162833252, 4997.85097860794, 4702.61345212555, 5166.293096994019, 5178.79505846901, 5174.026485094071, 5190.560191846084, 5392.687569917679, 5487.4832323387145, 5828.6050388488775, 6115.524825042725, 6041.033269601441, 6428.082751178741]
shares:[0, 2.4349, 4.9249, 7.5136, 9.9497, 12.3043, 14.7315, 17.0293, 19.579, 21.9962, 24.156, 26.1968, 28.1423, 30.0551, 32.1055, 34.191, 36.2537, 38.2694, 40.1977, 42.0735, 43.9441, 45.9737, 47.8745, 49.7219, 51.5368, 53.3042, 55.0084, 56.6331, 58.289, 59.9383, 61.5814, 63.1953, 64.7771, 66.3717, 67.9374, 69.4375, 70.9338, 72.4568, 73.9861, 75.5026, 77.0441, 78.718, 80.2718, 81.8523, 83.4655, 85.1051, 86.7131, 88.3226, 89.8644, 91.3583, 92.8961, 94.3641]
growth_rate:26.04
