ticker:PFHD
price:[13.359999656677246, 12.789999961853027, 12.390000343322754, 13.399999618530273, 13.5, 14.069999694824219, 13.949999809265137, 13.90999984741211, 13.630000114440918, 13.34000015258789, 14.819999694824219, 14.779999732971191, 15.199999809265137, 14.699999809265137, 15.0, 18.0, 15.550000190734863, 15.430000305175781, 16.739999771118164, 16.200000762939453, 16.760000228881836, 14.970000267028809, 15.869999885559082, 16.040000915527344, 16.0, 16.0, 18.729999542236328, 18.239999771118164, 18.780000686645508, 18.479999542236328, 18.6299991607666, 17.950000762939453, 17.860000610351562, 17.350000381469727, 17.239999771118164, 17.56999969482422, 18.5, 18.290000915527344, 18.299999237060547, 18.510000228881836, 18.049999237060547, 17.540000915527344, 18.1299991607666, 18.3700008392334, 17.780000686645508, 18.700000762939453, 19.200000762939453, 20.459999084472656, 20.049999237060547, 19.799999237060547, 18.850000381469727, 18.90999984741211]
assets:[0, 99.99989370174409, 196.87214945526122, 312.9208110918045, 415.25595, 532.7886784439087, 628.2452164101601, 726.4441780311585, 811.8218888162613, 894.5497282321929, 1093.79452347641, 1190.8423144851686, 1324.6815033774376, 1381.1061420799256, 1509.2925, 1911.1518, 1751.02332147789, 1837.5109033424378, 2093.5144153759, 2125.981180123138, 2299.4720314025876, 2153.883638420105, 2383.3756268131256, 2508.906367202759, 2602.6496, 2702.6496, 3263.7885782325748, 3278.4046628614424, 3475.4626090719225, 3519.9446488082885, 3648.515802643776, 3615.343758665085, 3697.2165863494874, 3691.6411261671064, 3768.2363979721067, 3940.3658505592343, 4248.93385, 4300.703499276733, 4403.054846433639, 4553.582222306442, 4540.419548085022, 4512.1319095176705, 4763.907473479843, 4926.972000088691, 4868.7295920253755, 5220.654992996979, 5460.244056970596, 5918.572373160553, 5899.968915495301, 5926.403111642075, 5742.055071202659, 5860.3318677120205]
shares:[0, 7.8186, 15.8896, 23.3523, 30.7597, 37.867, 45.0355, 52.2246, 59.5614, 67.0577, 73.8053, 80.5712, 87.1501, 93.9528, 100.6195, 106.1751, 112.606, 119.0869, 125.0606, 131.2334, 137.2, 143.88, 150.1812, 156.4156, 162.6656, 168.9156, 174.2546, 179.7371, 185.0619, 190.4732, 195.8409, 201.4119, 207.011, 212.7747, 218.5752, 224.2667, 229.6721, 235.1396, 240.6041, 246.0066, 251.5468, 257.2481, 262.7638, 268.2075, 273.8318, 279.1794, 284.3877, 289.2753, 294.2628, 299.3133, 304.6183, 309.9065]
growth_rate:14.91
