ticker:PFIE
price:[0.75, 0.7369999885559082, 0.7080000042915344, 0.652999997138977, 0.75, 0.75, 0.6899999976158142, 0.6850000023841858, 0.6510000228881836, 0.7300000190734863, 0.7739999890327454, 0.8199999928474426, 0.8920000195503235, 0.9190000295639038, 0.9169999957084656, 0.878000020980835, 0.8500000238418579, 0.8529999852180481, 0.9100000262260437, 1.0499999523162842, 1.0700000524520874, 1.0399999618530273, 1.149999976158142, 1.2200000286102295, 1.1699999570846558, 1.1100000143051147, 1.1799999475479126, 1.3200000524520874, 1.399999976158142, 1.1699999570846558, 1.1200000047683716, 1.2000000476837158, 1.1100000143051147, 1.149999976158142, 1.2200000286102295, 1.2599999904632568, 1.0700000524520874, 1.090000033378601, 1.100000023841858, 1.1299999952316284, 1.1399999856948853, 1.0800000429153442, 1.2000000476837158, 1.1799999475479126, 1.1299999952316284, 1.090000033378601, 1.059999942779541, 1.065000057220459, 1.1100000143051147, 1.090000033378601, 1.0700000524520874, 1.090000033378601]
assets:[0, 99.99999084720612, 196.06509598844644, 280.834076269567, 422.55060000000003, 522.550575, 580.7465019933223, 676.5381973547339, 742.9582029212952, 933.1174873805522, 1089.360169964224, 1254.1024950609267, 1464.2188348918737, 1608.5393529461385, 1705.0387057204664, 1732.5234628006697, 1777.2721898511409, 1883.5448374593557, 2109.4089987928037, 2533.933279926324, 2682.1988774831057, 2706.996764707947, 3093.313750869262, 3381.6025453019856, 3343.0120953790424, 3271.5757471624015, 3577.891174959433, 4102.387111014211, 4451.016424199641, 3819.777951891375, 3756.5397119933723, 4124.864083907366, 3915.499187460959, 4156.598093825197, 4509.608593754864, 4757.464493991494, 4140.069240948844, 4317.45361721152, 4457.063256604242, 4678.619436257171, 4820.023109516681, 4666.337933423602, 5284.819889999867, 5296.739160555053, 5172.301292173935, 5089.211136844719, 5049.1406574394705, 5172.957895933341, 5491.533373772085, 5492.58690419712, 5491.805550211823, 5694.45600037887]
shares:[0, 135.6852, 276.9281, 430.0675, 563.4008, 696.7341, 841.6616, 987.647, 1141.2568, 1278.2431, 1407.4421, 1529.3933, 1641.5009, 1750.3148, 1859.3661, 1973.2613, 2090.9084, 2208.1417, 2318.0318, 2413.2699, 2506.7278, 2602.8816, 2689.8381, 2771.8053, 2857.2754, 2947.3655, 3032.1113, 3107.8689, 3179.2975, 3264.7676, 3354.0533, 3437.3866, 3527.4767, 3614.4332, 3696.4004, 3775.7655, 3869.2234, 3960.9665, 4051.8756, 4140.3712, 4228.0905, 4320.6831, 4404.0164, 4488.7622, 4577.2578, 4669.0009, 4763.3405, 4857.2372, 4947.3273, 5039.0704, 5132.5283, 5224.2714]
growth_rate:11.66
