ticker:PFIN
price:[4.599999904632568, 4.690000057220459, 4.309999942779541, 4.199999809265137, 4.349999904632568, 4.340000152587891, 4.75, 4.800000190734863, 4.599999904632568, 4.610000133514404, 4.75, 4.820000171661377, 5.050000190734863, 5.150000095367432, 5.070000171661377, 4.900000095367432, 5.0, 6.050000190734863, 6.380000114440918, 6.510000228881836, 5.900000095367432, 5.889999866485596, 6.349999904632568, 6.139999866485596, 6.550000190734863, 6.550000190734863, 6.139999866485596, 6.039999961853027, 6.429999828338623, 6.150000095367432, 7.659999847412109, 6.590000152587891, 6.289999961853027, 6.300000190734863, 6.230000019073486, 6.210000038146973, 6.119999885559082, 6.210000038146973, 6.329999923706055, 6.730000019073486, 6.789999961853027, 6.929999828338623, 6.630000114440918, 6.820000171661377, 6.869999885559082, 6.800000190734863, 6.940000057220459, 6.78000020980835, 6.289999961853027, 6.699999809265137, 6.329999923706055, 6.630000114440918]
assets:[0, 100.00018122005463, 191.898006452322, 287.0002669664383, 397.25025629086497, 496.33717345046995, 643.226, 749.9966698021889, 818.7466230257035, 920.5266706602096, 1048.48175, 1163.933159452772, 1319.4736448355675, 1445.601936769581, 1523.1461825710774, 1572.0743805968762, 1704.1575, 2162.0304881610873, 2379.9595146903994, 2528.4541428966522, 2391.5331786566735, 2487.479468613863, 2781.7476332223414, 2789.7525333367826, 3076.039254573727, 3176.039417485714, 3077.2334670855043, 3127.1157562500002, 3429.0321034553053, 3379.712257408857, 4309.527404153824, 3807.543928161621, 3734.211324353123, 3840.1481062619205, 3897.4799129323483, 3984.9682024789813, 4027.215128693104, 4186.439233716584, 4367.336605361556, 4743.313435443019, 4885.601203552151, 5086.335051007604, 4966.147882721043, 5208.4661850986, 5346.650919935131, 5392.173031246376, 5603.188098198414, 5574.008350488711, 5271.167154031945, 5714.756797312927, 5499.165911719894, 5859.790349146271]
shares:[0, 21.322, 44.5239, 68.3334, 91.3219, 114.3634, 135.416, 156.2493, 177.9884, 199.6804, 220.733, 241.4799, 261.2819, 280.6994, 300.4233, 320.8315, 340.8315, 357.3604, 373.0344, 388.3954, 405.3446, 422.3225, 438.0705, 454.3571, 469.6243, 484.8915, 501.1781, 517.7344, 533.2865, 549.5467, 562.6015, 577.776, 593.6743, 609.5473, 625.5987, 641.7018, 658.0417, 674.1448, 689.9426, 704.8014, 719.5289, 733.9589, 749.0419, 763.7047, 778.2607, 792.9666, 807.3758, 822.1251, 838.0234, 852.9488, 868.7466, 883.8296]
growth_rate:14.9
