ticker:PFIS
price:[35.0, 33.36000061035156, 35.90999984741211, 33.70000076293945, 34.970001220703125, 37.68000030517578, 37.150001525878906, 37.0, 35.849998474121094, 37.560001373291016, 39.63999938964844, 39.13999938964844, 39.869998931884766, 38.9900016784668, 39.59000015258789, 37.54999923706055, 37.16999816894531, 36.7599983215332, 40.86000061035156, 39.56999969482422, 40.349998474121094, 36.02000045776367, 39.34000015258789, 38.5, 40.400001525878906, 41.880001068115234, 44.150001525878906, 47.34000015258789, 45.119998931884766, 42.95000076293945, 43.27000045776367, 41.560001373291016, 41.5099983215332, 42.47999954223633, 42.650001525878906, 43.47999954223633, 43.18000030517578, 43.79999923706055, 43.150001525878906, 43.75, 44.119998931884766, 44.599998474121094, 42.66999816894531, 42.619998931884766, 42.470001220703125, 43.150001525878906, 43.2400016784668, 42.900001525878906, 45.25, 45.0, 45.59000015258789, 46.91999816894531]
assets:[0, 99.99993782958984, 207.64239211769106, 294.86489667549137, 405.97723517150877, 537.4373803527832, 629.8782758712767, 727.3349, 804.7285007484436, 943.1128544826507, 1095.3403911346436, 1181.5230755752564, 1303.561576077652, 1374.791358182907, 1495.947745765686, 1518.8636741397859, 1603.4914190093996, 1685.802495026016, 1973.8281354843139, 2011.5132354866028, 2151.1633286514284, 2020.318601675415, 2306.531746946335, 2357.28185, 2573.6134172035217, 2767.895338592911, 3017.921919303131, 3335.97880075264, 3279.5380983642576, 3221.8127022304534, 3345.81816939621, 3313.5955334930422, 3409.6105071315765, 3589.283841321945, 3703.6493625045778, 3875.724547195816, 3948.9837479095454, 4105.684908484268, 4144.7561365676875, 4302.388125, 4438.771908540344, 4587.065243064881, 4488.568049386597, 4583.307803136063, 4667.177079147339, 4841.904821220398, 4952.004980224228, 5013.066808306122, 5387.67315, 5457.906, 5629.466895841599, 5893.696041998291]
shares:[0, 2.9976, 5.7823, 8.7497, 11.6093, 14.2632, 16.955, 19.6577, 22.4471, 25.1095, 27.6322, 30.1871, 32.6953, 35.2601, 37.786, 40.4491, 43.1394, 45.8597, 48.3071, 50.8343, 53.3126, 56.0888, 58.6307, 61.2281, 63.7033, 66.0911, 68.3561, 70.4685, 72.6848, 75.0131, 77.3242, 79.7304, 82.1395, 84.4935, 86.8382, 89.1381, 91.454, 93.7371, 96.0546, 98.3403, 100.6068, 102.849, 105.1926, 107.5389, 109.8935, 112.211, 114.5237, 116.8547, 119.0646, 121.2868, 123.4803, 125.6116]
growth_rate:15.56
