ticker:PFLT
price:[8.550000190734863, 8.619999885559082, 8.369999885559082, 8.199999809265137, 8.630000114440918, 8.699999809265137, 8.6899995803833, 8.420000076293945, 7.800000190734863, 8.390000343322754, 9.34000015258789, 10.319999694824219, 10.600000381469727, 10.960000038146973, 10.829999923706055, 10.319999694824219, 10.25, 10.529999732971191, 11.199999809265137, 11.34000015258789, 11.15999984741211, 10.880000114440918, 11.699999809265137, 11.729999542236328, 11.920000076293945, 11.920000076293945, 11.989999771118164, 12.420000076293945, 12.130000114440918, 12.029999732971191, 11.989999771118164, 12.649999618530273, 12.670000076293945, 12.640000343322754, 12.579999923706055, 12.739999771118164, 12.260000228881836, 12.449999809265137, 12.640000343322754, 12.770000457763672, 13.020000457763672, 12.529999732971191, 12.630000114440918, 13.130000114440918, 13.15999984741211, 13.020000457763672, 12.970000267028809, 12.970000267028809, 13.130000114440918, 13.300000190734863, 12.819999694824219, 12.930000305175781]
assets:[0, 99.99975667238235, 197.09926830511094, 293.0958731824875, 408.46567241659164, 511.77922877998355, 611.1911334872246, 692.2014702720642, 741.2316781254768, 897.2996297179222, 1098.900519952774, 1314.202425137329, 1449.8595721771242, 1599.1001735657692, 1680.1326151639937, 1701.0125256988524, 1789.474725, 1938.3581388454438, 2161.691803186607, 2288.71254079628, 2352.384003836441, 2393.3639291745185, 2673.745966412258, 2780.6010834869385, 2925.6412427255627, 3025.6416993656158, 3143.4098469942096, 3356.1423566162107, 3377.7780558677678, 3449.9320454221725, 3538.4611554529192, 3833.2383044059757, 3939.2994087209704, 4029.9721254605297, 4110.84205506897, 4263.126245410347, 4202.50617245655, 4367.6342330875395, 4534.289179158592, 4680.924118796158, 4872.563307312012, 4789.1864259368895, 4927.408883647441, 5222.475927519035, 5334.408570148467, 5377.65990307045, 5457.008288349914, 5557.008287408733, 5725.559759903907, 5899.691224607277, 5786.769664247894, 5936.423033112335]
shares:[0, 11.6009, 23.5483, 35.7434, 47.3309, 58.8252, 70.3327, 82.2092, 95.0297, 106.9487, 117.6553, 127.3452, 136.7792, 145.9033, 155.1369, 164.8268, 174.5829, 184.0796, 193.0082, 201.8265, 210.7871, 219.9783, 228.5253, 237.0504, 245.4397, 253.829, 262.1693, 270.2208, 278.4648, 286.7774, 295.1177, 303.0228, 310.9155, 318.8269, 326.776, 334.6253, 342.7819, 350.814, 358.7254, 366.5563, 374.2368, 382.2176, 390.1353, 397.7514, 405.3502, 413.0307, 420.7408, 428.4509, 436.067, 443.5858, 451.3861, 459.1201]
growth_rate:16.4
