ticker:PFM
price:[30.6200008392334, 30.31999969482422, 30.3799991607666, 29.84000015258789, 30.299999237060547, 31.440000534057617, 31.510000228881836, 31.260000228881836, 29.610000610351562, 31.440000534057617, 32.400001525878906, 32.09000015258789, 32.630001068115234, 32.869998931884766, 32.619998931884766, 32.88999938964844, 32.5, 32.880001068115234, 33.290000915527344, 32.93000030517578, 33.0, 32.09000015258789, 33.099998474121094, 33.470001220703125, 33.189998626708984, 32.619998931884766, 33.2599983215332, 34.150001525878906, 33.9900016784668, 34.779998779296875, 34.790000915527344, 35.380001068115234, 35.880001068115234, 35.91999816894531, 35.900001525878906, 36.84000015258789, 36.650001525878906, 36.34000015258789, 36.47999954223633, 36.619998931884766, 36.56999969482422, 35.36000061035156, 36.2599983215332, 36.66999816894531, 36.779998779296875, 36.650001525878906, 37.09000015258789, 37.15999984741211, 37.380001068115234, 37.77000045776367, 37.689998626708984, 37.790000915527344]
assets:[0, 100.00142299346923, 200.19811846961977, 296.6394415168762, 401.2113798976898, 516.3076887702942, 617.457360485077, 712.5592012172699, 774.9470139739991, 922.8426156759261, 1051.020409497833, 1140.963164425278, 1260.1641152503967, 1369.4331825000763, 1459.017526225662, 1571.0927798446655, 1652.4624999999999, 1771.7848895568848, 1893.8781390846254, 1973.396128288269, 2077.5908999999997, 2120.298625082016, 2287.0311545700074, 2412.598015991211, 2492.4162228721616, 2549.6117365150453, 2699.634239762878, 2871.87511332016, 2958.418367090225, 3127.177508242798, 3228.0772099494934, 3382.8234221267703, 3530.631573103714, 3634.5686067245483, 3732.5446986465454, 3930.275416278839, 4010.004941951752, 4076.0870191150666, 4191.789067399978, 4307.874138349915, 4401.993032265473, 4356.345003195191, 4567.225990584183, 4718.867713371276, 4833.0242475952155, 4915.941669669342, 5074.957958878327, 5184.537166711044, 5315.230561880112, 5470.686183303451, 5559.097654446029, 5673.847422458649]
shares:[0, 3.2982, 6.5898, 9.941, 13.2413, 16.422, 19.5956, 22.7946, 26.1718, 29.3525, 32.4389, 35.5551, 38.6198, 41.6621, 44.7277, 47.7681, 50.845, 53.8864, 56.8903, 59.927, 62.9573, 66.0735, 69.0946, 72.0824, 75.0954, 78.161, 81.1676, 84.0959, 87.0379, 89.9131, 92.7875, 95.614, 98.4011, 101.1851, 103.9706, 106.685, 109.4135, 112.1653, 114.9065, 117.6372, 120.3717, 123.1998, 125.9577, 128.6847, 131.4036, 134.1321, 136.8282, 139.5193, 142.1945, 144.8421, 147.4953, 150.1415]
growth_rate:11.25
