ticker:PFMT
price:[0.6700000166893005, 0.6499999761581421, 0.6000000238418579, 0.6399999856948853, 1.100000023841858, 1.6200000047683716, 1.7400000095367432, 1.159999966621399, 1.0399999618530273, 1.0, 0.699999988079071, 0.8799999952316284, 0.7699999809265137, 0.7799999713897705, 0.7400000095367432, 0.7599999904632568, 0.9599999785423279, 0.8799999952316284, 0.9300000071525574, 1.2100000381469727, 1.2300000190734863, 1.0700000524520874, 1.1299999952316284, 1.4800000190734863, 1.399999976158142, 1.350000023841858, 1.2300000190734863, 1.909999966621399, 1.6299999952316284, 1.5, 2.240000009536743, 2.259999990463257, 2.3499999046325684, 2.4200000762939453, 2.0999999046325684, 2.0799999237060547, 2.0999999046325684, 2.509999990463257, 3.200000047683716, 4.909999847412109, 3.7699999809265137, 3.3499999046325684, 3.700000047683716, 3.450000047683716, 3.9700000286102295, 4.53000020980835, 4.449999809265137, 4.769999980926514, 4.739999771118164, 4.579999923706055, 4.21999979019165, 4.380000114440918]
assets:[0, 100.00002633202077, 192.30774764162302, 305.128249179852, 624.4392135343552, 1019.628651001215, 1195.156764550519, 896.7711501957178, 904.0016628414154, 969.2324, 778.4626367428601, 1078.6387861552835, 1043.8088941440583, 1157.3648155481098, 1198.0128034393788, 1330.391459305787, 1780.494488202846, 1732.1200066143274, 1930.5359578476011, 2611.7726193398476, 2754.9423577206135, 2496.575910383749, 2736.570708452225, 3684.181215479851, 3585.036218947196, 3556.999367818868, 3340.8216248057843, 5287.7797085923075, 4612.607890506363, 4344.731250000001, 6588.132124048805, 6746.954703529215, 7115.638501233959, 7427.594188165474, 6545.432372751856, 6583.094926533508, 6746.3937536255835, 8163.547060982609, 10507.709596577073, 16222.766173845672, 12556.17720647478, 11257.34537452712, 12533.486351525187, 11786.629152907324, 13663.164405465053, 15690.462972708607, 15513.367280069637, 16728.9360981071, 16723.721702456474, 16259.208577153015, 15081.191756199025, 15752.99146559515]
shares:[0, 153.8462, 320.5129, 476.7629, 567.672, 629.4004, 686.8717, 773.0786, 869.2324, 969.2324, 1112.0895, 1225.7259, 1355.596, 1483.8011, 1618.9362, 1750.5151, 1854.6818, 1968.3182, 2075.8451, 2158.4897, 2239.7905, 2333.2484, 2421.744, 2489.3116, 2560.7402, 2634.8143, 2716.1151, 2768.4711, 2829.8208, 2896.4875, 2941.1304, 2985.3782, 3027.9314, 3069.2537, 3116.8727, 3164.9496, 3212.5686, 3252.4092, 3283.6592, 3304.0258, 3330.551, 3360.4017, 3387.4287, 3416.4142, 3441.6031, 3463.6782, 3486.1501, 3507.1145, 3528.2115, 3550.0456, 3573.7423, 3596.5733]
growth_rate:208.88
