ticker:PFPT
price:[107.51000213623047, 101.69000244140625, 103.56999969482422, 105.48999786376953, 101.8499984741211, 109.36000061035156, 110.62000274658203, 107.4800033569336, 95.73999786376953, 98.1500015258789, 100.88999938964844, 97.27999877929688, 101.44000244140625, 109.87999725341797, 118.16999816894531, 131.11000061035156, 135.1300048828125, 136.41000366210938, 136.8300018310547, 135.3699951171875, 137.9600067138672, 129.0800018310547, 129.1999969482422, 134.92999267578125, 139.1300048828125, 120.91999816894531, 119.06999969482422, 125.47000122070312, 127.7300033569336, 127.9800033569336, 128.55999755859375, 131.3300018310547, 136.4600067138672, 131.77999877929688, 172.11000061035156, 172.35000610351562, 171.77000427246094, 171.16000366210938, 172.80999755859375, 173.9499969482422, 173.55999755859375, 173.10000610351562, 173.3699951171875, 173.8000030517578, 173.64999389648438, 174.14999389648438, 174.5, 174.66000366210938, 174.89999389648438, 174.97999572753906, 175.0500030517578, 175.94000244140625]
assets:[0, 100.00194840087892, 201.84757240524291, 305.59397481155395, 395.04558908157344, 524.1734189254761, 630.2132176475525, 712.3237222480774, 734.5172636108398, 853.0020332611083, 976.8169740905762, 1041.8687869262696, 1186.4219805541993, 1385.1362573768615, 1589.6346323684693, 1863.7024366760254, 2020.8421970214845, 2139.9864964508056, 2246.570751063538, 2322.5971542236325, 2467.028432058716, 2408.2326861618044, 2510.4722207015993, 2721.8078122558595, 2906.537106005859, 2626.1163362335205, 2685.933425115967, 2930.3016905090335, 3083.0829560279844, 3189.1209056510925, 3303.567689263916, 3474.7423214462283, 3710.470396556091, 3683.211431881714, 4910.4187944137575, 5017.263792678833, 5100.38391386261, 5182.262778878784, 5332.225284667969, 5467.404959080505, 5555.152197857667, 5640.429078881836, 5749.226430078125, 5863.490702957154, 5958.434875570679, 6075.58825206604, 6187.8049, 6293.471513955688, 6402.126826583863, 6505.056321166992, 6607.664980195618, 6741.26435154419]
shares:[0, 0.9834, 1.9489, 2.8969, 3.8787, 4.7931, 5.6971, 6.6275, 7.672, 8.6908, 9.682, 10.71, 11.6958, 12.6059, 13.4521, 14.2148, 14.9548, 15.6879, 16.4187, 17.1574, 17.8822, 18.6569, 19.4309, 20.172, 20.8908, 21.7178, 22.5576, 23.3546, 24.1375, 24.9189, 25.6967, 26.4581, 27.1909, 27.9497, 28.5307, 29.1109, 29.6931, 30.2773, 30.856, 31.4309, 32.0071, 32.5848, 33.1616, 33.737, 34.3129, 34.8871, 35.4602, 36.0327, 36.6045, 37.176, 37.7473, 38.3157]
growth_rate:32.18
