ticker:PFSW
price:[7.360000133514404, 7.130000114440918, 6.449999809265137, 6.349999904632568, 6.349999904632568, 8.15999984741211, 7.369999885559082, 7.03000020980835, 6.199999809265137, 6.539999961853027, 6.5, 6.71999979019165, 6.960000038146973, 6.570000171661377, 6.03000020980835, 7.690000057220459, 6.570000171661377, 6.730000019073486, 6.920000076293945, 8.199999809265137, 7.400000095367432, 6.869999885559082, 7.409999847412109, 7.510000228881836, 7.519999980926514, 7.019999980926514, 7.289999961853027, 7.440000057220459, 6.429999828338623, 6.519999980926514, 7.019999980926514, 7.070000171661377, 7.25, 7.179999828338623, 7.300000190734863, 6.46999979019165, 7.960000038146973, 7.829999923706055, 7.53000020980835, 8.270000457763672, 7.920000076293945, 7.099999904632568, 7.630000114440918, 7.570000171661377, 11.479999542236328, 11.399999618530273, 11.8100004196167, 11.760000228881836, 12.600000381469727, 13.25, 13.199999809265137, 13.449999809265137]
assets:[0, 99.99967760505676, 190.46268936777113, 287.50958068203926, 387.509379180193, 597.9647888183594, 640.073435060978, 710.5453202060223, 726.6542376454353, 866.5029069458008, 961.2031, 1093.7364138519288, 1232.7983587568283, 1263.7191660185338, 1259.8515618353842, 1706.676317699194, 1558.1097047103883, 1696.0542248067857, 1843.9371283296584, 2285.0119468498233, 2162.0839278638364, 2107.2316298975943, 2372.8657191375733, 2504.888480341339, 2608.2240093845844, 2534.8047591128825, 2732.297088702488, 2888.5175262153625, 2596.3934216842176, 2732.7347640057087, 3042.300213734007, 3163.969304821968, 3344.5228749999997, 3412.2310164194587, 3569.259903257847, 3263.4400731735705, 4114.989679720401, 4147.785076584816, 4088.8661669280527, 4590.693794105529, 4496.408179314231, 4130.870824514008, 4539.232038083076, 4603.5366343922615, 7081.320621633148, 7131.973141348077, 7488.474437070179, 7556.770347075462, 8196.539648153304, 8719.37715, 8786.474273038864, 9052.88417662077]
shares:[0, 14.0252, 29.5291, 45.2771, 61.0251, 73.28, 86.8485, 101.0733, 117.2023, 132.4928, 147.8774, 162.7584, 177.1262, 192.3469, 208.9306, 221.9345, 237.1552, 252.014, 266.4649, 278.66, 292.1735, 306.7295, 320.2248, 333.5404, 346.8383, 361.0833, 374.8007, 388.2416, 403.7937, 419.1311, 433.3761, 447.5204, 461.3135, 475.2411, 488.9397, 504.3957, 516.9585, 529.7299, 543.0101, 555.102, 567.7283, 581.8128, 594.919, 608.129, 616.8398, 625.6117, 634.0791, 642.5825, 650.519, 658.0662, 665.642, 673.0769]
growth_rate:77.51
