ticker:PFX
price:[15.91100025177002, 16.780000686645508, 17.93000030517578, 17.420000076293945, 18.135000228881836, 19.489999771118164, 19.579999923706055, 21.0, 20.65399932861328, 20.825000762939453, 20.524999618530273, 22.100000381469727, 25.200000762939453, 28.709999084472656, 28.700000762939453, 28.950000762939453, 28.860000610351562, 28.309999465942383, 27.809999465942383, 28.618999481201172, 28.649999618530273, 28.388999938964844, 30.950000762939453, 29.799999237060547, 30.809999465942383, 30.5, 32.45000076293945, 32.95000076293945, 33.02299880981445, 33.5099983215332, 33.150001525878906, 33.63999938964844, 34.470001220703125, 34.650001525878906, 34.47999954223633, 35.43000030517578, 38.40599822998047, 40.04999923706055, 40.27000045776367, 42.76100158691406, 42.20000076293945, 41.060001373291016, 41.61000061035156, 42.16999816894531, 41.13999938964844, 41.19900131225586, 40.680999755859375, 40.13399887084961, 41.5, 42.52000045776367, 40.849998474121094, 41.33000183105469]
assets:[0, 100.0004140920639, 206.85303452072142, 300.9688253181458, 413.32204421653745, 544.2036716091156, 646.7176074800491, 793.6194, 880.5440187767028, 987.833911190033, 1073.6032075464248, 1255.9872216796875, 1532.1676063869477, 1845.5763551467896, 1944.9330417026522, 2061.8740593379976, 2155.463979585266, 2214.3855102264406, 2275.275106306076, 2441.463950541687, 2544.108506125641, 2620.9320912651065, 2957.36851790123, 2947.482164538574, 3147.380090443611, 3215.7126, 3521.3085877902986, 3675.5659951057437, 3783.7091576309203, 3939.509124675751, 3997.1874039886475, 4156.272384590149, 4358.8212763610845, 4481.582687355042, 4559.593763465881, 4785.221900217437, 5287.165586930084, 5613.48799306488, 5744.32226929779, 6199.652501876832, 6218.317812421798, 6150.336545703887, 6332.7216958908075, 6517.9509459854135, 6458.749520178223, 6568.010707601929, 6585.432104278564, 6596.885595399856, 6921.415650000001, 7191.530985422897, 7009.079503188324, 7191.436850604248]
shares:[0, 5.9595, 11.5367, 17.2772, 22.7914, 27.9222, 33.0295, 37.7914, 42.6331, 47.435, 52.3071, 56.832, 60.8003, 64.2834, 67.7677, 71.2219, 74.6869, 78.2192, 81.815, 85.3092, 88.7996, 92.3221, 95.5531, 98.9088, 102.1545, 105.4332, 108.5149, 111.5498, 114.578, 117.5622, 120.5788, 123.5515, 126.4526, 129.3386, 132.2388, 135.0613, 137.6651, 140.162, 142.6452, 144.9838, 147.3535, 149.789, 152.1923, 154.5637, 156.9944, 159.4216, 161.8798, 164.3715, 166.7811, 169.1329, 171.5809, 174.0004]
growth_rate:41.01
