ticker:PFXNL
price:[25.290000915527344, 25.190000534057617, 25.149999618530273, 25.18000030517578, 25.469999313354492, 25.299999237060547, 25.149999618530273, 25.049999237060547, 25.0, 25.209999084472656, 25.399999618530273, 25.149999618530273, 25.270000457763672, 25.336000442504883, 25.389999389648438, 25.229999542236328, 25.260000228881836, 25.39699935913086, 25.389999389648438, 25.3799991607666, 25.489999771118164, 25.469999313354492, 25.15999984741211, 25.25, 25.229999542236328, 25.280000686645508, 25.44700050354004, 25.450000762939453, 25.450000762939453, 25.469999313354492, 25.450000762939453, 25.389999389648438, 25.389999389648438, 25.389999389648438]
assets:[0, 99.99926412010194, 199.8393819688797, 300.0776176368713, 403.5339341211319, 500.8413148967743, 597.8708209316254, 695.4931888175964, 794.105, 900.775956287384, 1007.5646448678971, 1097.6465833511352, 1202.884872790146, 1306.0277516103745, 1408.8123571334838, 1499.9335647857667, 1601.716406513214, 1710.404096739578, 1809.933723490906, 1909.2205888683318, 2017.495246884346, 2115.9125519571307, 2190.160374717331, 2297.994925, 2396.1737925247194, 2500.9226599290846, 2617.4428459934234, 2717.7521364727017, 2817.75282447052, 2919.9673192806245, 3017.6753054637907, 3110.5618322250366, 3210.562883821106, 3310.5639354171753]
shares:[0, 3.9698, 7.9459, 11.9173, 15.8435, 19.7961, 23.7722, 27.7642, 31.7642, 35.7309, 39.6679, 43.644, 47.6013, 51.5483, 55.4869, 59.4504, 63.4092, 67.3467, 71.2853, 75.2254, 79.1485, 83.0747, 87.0493, 91.0097, 94.9732, 98.9289, 102.8586, 106.7879, 110.7172, 114.6434, 118.5727, 122.5113, 126.4499, 130.3885]
growth_rate:0.32
