ticker:PGC
price:[17.059999465942383, 16.190000534057617, 16.459999084472656, 15.0, 15.880000114440918, 16.399999618530273, 16.530000686645508, 17.639999389648438, 16.8799991607666, 16.8700008392334, 20.5, 21.1299991607666, 22.68000030517578, 22.959999084472656, 22.299999237060547, 22.5, 22.610000610351562, 22.760000228881836, 25.299999237060547, 26.510000228881836, 25.559999465942383, 23.520000457763672, 25.610000610351562, 26.420000076293945, 26.780000686645508, 27.510000228881836, 29.31999969482422, 31.09000015258789, 31.360000610351562, 30.889999389648438, 31.170000076293945, 32.06999969482422, 31.770000457763672, 31.700000762939453, 32.0, 32.810001373291016, 33.099998474121094, 32.779998779296875, 33.220001220703125, 33.369998931884766, 32.77000045776367, 30.959999084472656, 32.529998779296875, 31.09000015258789, 30.360000610351562, 30.950000762939453, 30.760000228881836, 32.209999084472656, 32.84000015258789, 33.11000061035156, 33.040000915527344, 33.7400016784668]
assets:[0, 100.00077629871369, 201.667908782959, 283.7805, 400.42849488573074, 513.5413880548477, 617.6120686552048, 759.0844537353515, 826.380614914322, 925.8914390604019, 1225.11895, 1362.7687308740617, 1562.7359370277404, 1682.0288689292909, 1733.6777606864928, 1849.2255, 1958.2657188629153, 2071.2578888292314, 2402.4094975536345, 2617.3084635972978, 2623.5166851835247, 2514.1281129318236, 2837.5342866256715, 3027.2802267419816, 3168.5293412418364, 3354.8995479125974, 3675.6313937423706, 3997.524238619614, 4132.241424424744, 4170.3105455993655, 4308.1116885448455, 4532.504368869018, 4590.104250137329, 4679.991572635651, 4824.2816, 5046.3980382213595, 5190.999940699768, 5240.813756835937, 5411.159490838623, 5535.592283815384, 5536.062290333176, 5330.287066376495, 5700.589516082764, 5548.243702230454, 5517.9695789321895, 5725.202326130295, 5790.0563510831835, 6162.99358382492, 6383.537749660492, 6536.020072485351, 6622.200775498963, 6862.5004053894045]
shares:[0, 6.1767, 12.252, 18.9187, 25.2159, 31.3135, 37.3631, 43.032, 48.9562, 54.8839, 59.7619, 64.4945, 68.9037, 73.2591, 77.7434, 82.1878, 86.6106, 91.0043, 94.9569, 98.7291, 102.6415, 106.8932, 110.7979, 114.5829, 118.317, 121.952, 125.3626, 128.5791, 131.7679, 135.0052, 138.2134, 141.3316, 144.4792, 147.6338, 150.7588, 153.8067, 156.8278, 159.8784, 162.8886, 165.8853, 168.9369, 172.1669, 175.241, 178.4575, 181.7513, 184.9823, 188.2333, 191.3379, 194.383, 197.4032, 200.4298, 203.3936]
growth_rate:34.56
