ticker:PGEN
price:[5.079999923706055, 4.920000076293945, 4.699999809265137, 3.5799999237060547, 3.75, 5.690000057220459, 4.829999923706055, 4.389999866485596, 4.289999961853027, 4.909999847412109, 5.909999847412109, 6.309999942779541, 7.489999771118164, 8.470000267028809, 8.270000457763672, 9.630000114440918, 10.020000457763672, 10.199999809265137, 9.300000190734863, 8.010000228881836, 9.210000038146973, 8.5, 8.100000381469727, 8.329999923706055, 7.809999942779541, 8.4399995803833, 8.449999809265137, 8.960000038146973, 8.1899995803833, 7.489999771118164, 6.989999771118164, 7.03000020980835, 7.489999771118164, 8.069999694824219, 7.739999771118164, 6.539999961853027, 6.920000076293945, 6.800000190734863, 6.599999904632568, 6.670000076293945, 7.329999923706055, 6.349999904632568, 6.820000171661377, 6.420000076293945, 6.070000171661377, 5.599999904632568, 5.409999847412109, 5.489999771118164, 5.559999942779541, 6.139999866485596, 5.619999885559082, 6.0]
assets:[0, 99.99998555068969, 195.52845206508636, 248.93457869491579, 360.755625, 647.3865845103264, 649.5388727399826, 690.3674280036449, 774.6414321118355, 986.5942563396454, 1287.530108757782, 1474.6728576273442, 1850.4433914535523, 2192.5578211235047, 2240.785569032669, 2709.2820831965446, 2919.00348735466, 3071.440262565613, 2900.431049485302, 2598.1132612398146, 3087.3439777874946, 2949.3402, 2910.5480270723347, 3093.1930326696397, 3000.1005760195735, 3342.105637838459, 3446.0654022148133, 3754.0527519827842, 3531.438548065853, 3329.605996252823, 3207.336230978394, 3325.6906352542874, 3643.302915666771, 4025.4280207740785, 3960.819494873428, 3446.7389018956187, 3747.008425311279, 3782.031586083126, 3770.795105513477, 3910.788461733055, 4397.763195226097, 3909.7946362807747, 4299.181478211642, 4147.02986528244, 4020.945964713526, 3809.603775122833, 3780.349380376053, 3936.2507798950196, 4086.43982994461, 4612.722791696262, 4322.068779989051, 4714.3086]
shares:[0, 20.3252, 41.6018, 69.5348, 96.2015, 113.7762, 134.4801, 157.2591, 180.5691, 200.9357, 217.8562, 233.7041, 247.0552, 258.8616, 270.9535, 281.3377, 291.3177, 301.1216, 311.8743, 324.3587, 335.2165, 346.9812, 359.3269, 371.3317, 384.1358, 395.9841, 407.8184, 418.9791, 431.1891, 444.5402, 458.8464, 473.0712, 486.4223, 498.8139, 511.7338, 527.0243, 541.4752, 556.1811, 571.3326, 586.3251, 599.9677, 615.7157, 630.3785, 645.9548, 662.4293, 680.2864, 698.7707, 716.9856, 734.9712, 751.2578, 769.0514, 785.7181]
growth_rate:-7.56
