ticker:PGJ
price:[53.209999084472656, 50.939998626708984, 52.31999969482422, 51.36000061035156, 52.45000076293945, 55.029998779296875, 54.86000061035156, 55.09000015258789, 54.040000915527344, 58.63999938964844, 59.560001373291016, 59.22999954223633, 60.5, 58.77000045776367, 58.880001068115234, 61.65999984741211, 60.02000045776367, 63.869998931884766, 68.86000061035156, 67.62000274658203, 72.5, 69.56999969482422, 77.87000274658203, 83.94000244140625, 84.13999938964844, 74.63999938964844, 71.5999984741211, 72.58999633789062, 70.62000274658203, 62.27000045776367, 65.12999725341797, 63.0099983215332, 62.43000030517578, 65.33000183105469, 63.40999984741211, 61.0, 57.279998779296875, 59.0, 59.97999954223633, 59.970001220703125, 59.38999938964844, 57.86000061035156, 59.41999816894531, 58.36000061035156, 54.75, 53.650001525878906, 49.59000015258789, 47.61000061035156, 46.459999084472656, 44.70000076293945, 40.93000030517578, 44.7599983215332]
assets:[0, 100.0003113040924, 202.70860681762696, 298.98710755310054, 405.3336058959961, 525.2723443481445, 623.6484869384766, 726.2624900115967, 812.4211617637634, 981.5749497833252, 1096.9761052932738, 1190.8961397960663, 1316.4316, 1378.785349739456, 1481.3678348728179, 1651.3102899135588, 1707.388953022003, 1916.9111169429777, 2166.673033204651, 2227.6598464828494, 2488.4247499999997, 2487.8579740867617, 2884.670890746307, 3209.529933349609, 3317.177405937195, 3042.647327119446, 3018.7203756675717, 3160.459555557251, 3174.686913471222, 2899.3161293136595, 3132.47932190094, 3130.51314460907, 3201.697593650818, 3450.4236457077027, 3449.0157347003938, 3417.9276, 3309.489401470947, 3508.8657, 3667.147182012558, 3766.535866668701, 3830.1085726379392, 3831.437166416931, 4034.7367156677246, 4062.760622489929, 3911.4494999999997, 3932.861646855926, 3735.237827493286, 3686.0995552551267, 3697.063719146728, 3657.009872417831, 3448.577640712738, 3871.2743508300778]
shares:[0, 1.9631, 3.8744, 5.8214, 7.728, 9.5452, 11.368, 13.1832, 15.0337, 16.739, 18.418, 20.1063, 21.7592, 23.4607, 25.1591, 26.7809, 28.447, 30.0127, 31.4649, 32.9438, 34.3231, 35.7605, 37.0447, 38.236, 39.4245, 40.7643, 42.1609, 43.5385, 44.9545, 46.5604, 48.0958, 49.6828, 51.2846, 52.8153, 54.3923, 56.0316, 57.7774, 59.4723, 61.1395, 62.807, 64.4908, 66.2191, 67.902, 69.6155, 71.442, 73.3059, 75.3224, 77.4228, 79.5752, 81.8123, 84.2555, 86.4896]
growth_rate:-24.09
