ticker:PGNY
price:[26.93000030517578, 25.860000610351562, 26.350000381469727, 28.6200008392334, 28.850000381469727, 28.889999389648438, 27.809999465942383, 27.950000762939453, 24.3700008392334, 27.010000228881836, 30.700000762939453, 30.489999771118164, 35.97999954223633, 37.58000183105469, 40.060001373291016, 40.0, 42.15999984741211, 42.38999938964844, 44.290000915527344, 47.88999938964844, 50.2400016784668, 46.77000045776367, 49.91999816894531, 50.400001525878906, 50.68000030517578, 42.09000015258789, 43.529998779296875, 48.59000015258789, 47.130001068115234, 43.88999938964844, 45.650001525878906, 47.5, 52.970001220703125, 53.189998626708984, 56.90999984741211, 51.709999084472656, 50.459999084472656, 57.41999816894531, 64.04000091552734, 63.22999954223633, 63.97999954223633, 64.47000122070312, 59.54999923706055, 59.84000015258789, 58.84000015258789, 53.63999938964844, 56.599998474121094, 55.689998626708984, 48.2599983215332, 46.130001068115234, 46.439998626708984, 55.220001220703125]
assets:[0, 100.00062236022949, 201.89633792285917, 319.2904533626556, 421.8562455780029, 522.4409709625244, 602.9096644218445, 705.944349269867, 715.522720640564, 893.034338567543, 1115.036307710266, 1207.4100889362335, 1524.8143906002044, 1692.6220724716188, 1904.3242732818603, 2001.472, 2209.5507840030673, 2321.602769572449, 2525.659447208405, 2830.9502679199218, 3069.8650625610353, 2957.833045949936, 3257.0452565322876, 3388.361862583923, 3507.187789118958, 3012.7390759220125, 3215.81348381958, 3689.6233535865786, 3678.7605113723753, 3525.8592109680176, 3767.2481159225467, 4019.92025, 4582.8479716125485, 4701.884179603959, 5130.726727243424, 4761.922105690002, 4746.8124818756105, 5501.547832562255, 6235.824645148468, 6256.949896701813, 6431.167185986328, 6580.420789596558, 6178.2409608459475, 6308.3268320858, 6302.9055123451235, 5845.885601481628, 6268.478131008148, 6267.697723441314, 5531.47896561699, 5387.342917741013, 5523.545572661591, 6667.831713400268]
shares:[0, 3.867, 7.6621, 11.1562, 14.6224, 18.0838, 21.6796, 25.2574, 29.3608, 33.0631, 36.3204, 39.6002, 42.3795, 45.0405, 47.5368, 50.0368, 52.4087, 54.7677, 57.0255, 59.1136, 61.104, 63.2421, 65.2453, 67.2294, 69.2026, 71.5785, 73.8758, 75.9338, 78.0556, 80.334, 82.5246, 84.6299, 86.5178, 88.3979, 90.1551, 92.089, 94.0708, 95.8124, 97.3739, 98.9554, 100.5184, 102.0695, 103.7488, 105.4199, 107.1194, 108.9837, 110.7505, 112.5462, 114.6183, 116.7861, 118.9394, 120.7503]
growth_rate:30.74
