ticker:PGRWU
price:[10.359999656677246, 10.279999732971191, 10.079999923706055, 10.055000305175781, 10.0, 9.930000305175781, 9.930000305175781, 9.979999542236328, 10.0, 10.050000190734863, 10.010000228881836, 10.0, 10.010000228881836, 10.0, 9.979999542236328, 9.970000267028809, 9.989999771118164, 9.989999771118164, 10.020000457763672, 10.039999961853027, 10.029999732971191, 10.010000228881836, 10.029999732971191, 10.039999961853027, 10.020000457763672, 10.050000190734863, 10.010000228881836, 10.0, 9.937999725341797, 9.949999809265137, 9.949999809265137]
assets:[0, 99.99972540245057, 198.0538545009613, 297.56265153121944, 395.935, 493.16353515625, 593.1636032295227, 696.1498780689238, 797.545, 901.5322521098137, 997.943969818306, 1096.947, 1198.0438743936538, 1296.847, 1394.2528420482636, 1492.8559959835054, 1595.850515437317, 1695.8504131462096, 1800.942778276062, 1904.53779276371, 2002.6408996836662, 2098.6475989862442, 2202.8406973537444, 2305.037407242012, 2400.445417664337, 2507.631827591324, 2597.6511153961183, 2695.056, 2778.3467072143553, 2881.702029759693, 2981.702512842751]
shares:[0, 9.7276, 19.6482, 29.5935, 39.5935, 49.664, 59.7345, 69.7545, 79.7545, 89.7047, 99.6947, 109.6947, 119.6847, 129.6847, 139.7047, 149.7348, 159.7448, 169.7548, 179.7348, 189.695, 199.6651, 209.6551, 219.6252, 229.5854, 239.5654, 249.5156, 259.5056, 269.5056, 279.568, 289.6183, 299.6686]
growth_rate:-0.61
