ticker:PGRW
price:[9.800000190734863, 9.609999656677246, 9.75, 9.880000114440918, 9.880000114440918, 9.770000457763672, 9.770000457763672, 9.729999542236328, 9.739999771118164, 9.729999542236328, 9.680000305175781, 9.729999542236328, 9.739999771118164, 9.75, 9.699999809265137, 9.720000267028809, 9.670000076293945, 9.710000038146973, 9.720000267028809, 9.739999771118164, 9.729999542236328, 9.739999771118164, 9.720000267028809, 9.670000076293945, 9.710000038146973, 9.710000038146973]
assets:[0, 99.99973442745208, 201.45645, 304.1429595229149, 404.1433806812286, 499.6436854103088, 599.6435480957031, 697.1885221996307, 797.9046772499084, 897.0855247951508, 992.475911289215, 1097.6023283615111, 1198.7300178308487, 1299.9606749999998, 1393.2943926031112, 1496.1675651028634, 1588.471572532654, 1695.042663659191, 1796.788705361557, 1900.485313340187, 1998.534121975708, 2100.587764637947, 2196.2748843362806, 2284.977503027916, 2394.4296914068223, 2494.4300687996865]
shares:[0, 10.4058, 20.6622, 30.7837, 40.9052, 51.1406, 61.376, 71.6535, 81.9204, 92.1979, 102.5285, 112.806, 123.0729, 133.3293, 143.6386, 153.9267, 164.268, 174.5667, 184.8548, 195.1217, 205.3992, 215.6661, 225.9542, 236.2955, 246.5942, 256.8929]
growth_rate:-0.22
