ticker:PHAR
price:[15.59000015258789, 15.194999694824219, 14.649999618530273, 14.640000343322754, 14.239999771118164, 14.300000190734863, 14.489999771118164, 13.8100004196167, 13.729999542236328, 13.640000343322754, 13.350000381469727, 13.430000305175781, 13.260000228881836, 12.970000267028809, 13.09000015258789, 13.258000373840332, 13.069999694824219, 12.90999984741211, 12.835000038146973, 13.199999809265137, 12.109999656677246, 12.10200023651123, 12.149999618530273, 12.322999954223633, 12.09000015258789, 11.489999771118164, 11.725000381469727, 11.390000343322754, 11.602999687194824, 11.300000190734863, 11.420000076293945, 11.329999923706055, 10.6899995803833, 10.539999961853027, 10.03499984741211, 10.550000190734863, 10.550000190734863, 10.550000190734863]
assets:[0, 99.99981249160767, 196.41254488563538, 296.2784709480286, 388.18381776065826, 489.8193365332604, 596.3272465805054, 668.3418753075599, 764.4698985122681, 859.4591496328353, 941.1857068939208, 1046.8255477874754, 1133.574877566719, 1208.7832728866579, 1319.9668173866273, 1436.9073837169647, 1516.5316695899962, 1597.9662151130676, 1688.682986018944, 1836.7060534603118, 1785.0381693935392, 1883.8590770165442, 1991.3314774787902, 2119.6853836259843, 2179.6069895088194, 2171.4376067447665, 2315.8493803455353, 2349.6818968252182, 2493.6227084744455, 2528.5049926791194, 2655.3567197397233, 2734.429767586899, 2679.968997802639, 2742.3646460746763, 2710.9702612781525, 2950.098663335228, 3050.098950143147, 3150.099236951065]
shares:[0, 6.5811, 13.407, 20.2376, 27.2601, 34.2531, 41.1544, 48.3955, 55.6788, 63.0102, 70.5008, 77.9468, 85.4883, 93.1984, 100.8378, 108.3804, 116.0315, 123.7774, 131.5686, 139.1444, 147.402, 155.6651, 163.8956, 172.0105, 180.2818, 188.985, 197.5138, 206.2934, 214.9119, 223.7615, 232.5181, 241.3442, 250.6987, 260.1864, 270.1515, 279.6302, 289.1089, 298.5876]
growth_rate:-14.86
