ticker:PHAS
price:[3.2799999713897705, 3.1700000762939453, 3.6500000953674316, 3.4200000762939453, 3.359999895095825, 3.7200000286102295, 3.440000057220459, 3.0999999046325684, 2.7300000190734863, 3.3499999046325684, 3.6600000858306885, 3.5299999713897705, 3.7799999713897705, 4.239999771118164, 4.269999980926514, 3.9600000381469727, 3.5999999046325684, 3.359999895095825, 4.050000190734863, 4.110000133514404, 4.329999923706055, 3.8499999046325684, 4.309999942779541, 4.829999923706055, 4.480000019073486, 3.880000114440918, 3.5799999237060547, 4.340000152587891, 3.7799999713897705, 3.4200000762939453, 3.380000114440918, 3.309999942779541, 3.200000047683716, 3.0299999713897705, 3.0299999713897705, 2.75, 2.880000114440918, 3.3299999237060547, 3.380000114440918, 3.5899999141693115, 3.700000047683716, 3.75, 3.890000104904175, 3.8499999046325684, 3.75, 3.6500000953674316, 3.690000057220459, 3.509999990463257, 3.369999885559082, 3.2899999618530273, 3.200000047683716, 3.299999952316284]
assets:[0, 99.99987140674591, 215.14195562124252, 301.58518272781373, 396.2941796271086, 538.7542121435166, 598.2029379504204, 639.0783103395939, 662.801143630743, 913.3272239995002, 1097.8441097455502, 1158.8495706076621, 1340.9209698507784, 1604.1017294080734, 1715.4515693373203, 1690.9105122886656, 1637.1913966292382, 1628.0452771700145, 2062.3763321276665, 2192.9300272378923, 2410.3130765306473, 2243.118899436235, 2611.128127334118, 3026.1596551992416, 2906.8726523759365, 2617.559433205128, 2515.170832398796, 3149.117998718262, 2842.7799744834424, 2672.0392196083067, 2740.787336798286, 2784.0253948721406, 2791.5050015966654, 2743.206232097769, 2843.2062301535366, 2680.467625, 2907.180691520977, 3461.427361694908, 3613.400952343464, 3937.9021388515707, 4158.562143593431, 4314.759, 4575.843300399756, 4628.790590341329, 4608.5625, 4585.667764814615, 4735.921717439461, 4604.900963488388, 4521.229590464783, 4513.9006746621135, 4490.420226912474, 4730.745621642565]
shares:[0, 31.5457, 58.943, 88.1828, 117.9447, 144.8264, 173.8962, 206.1543, 242.7843, 272.635, 299.9574, 328.286, 354.741, 378.3259, 401.7451, 426.9976, 454.7754, 484.5373, 509.2287, 533.5596, 556.6543, 582.6283, 605.8302, 626.5341, 648.8555, 674.6287, 702.5617, 725.6032, 752.0582, 781.298, 810.8838, 841.0953, 872.3453, 905.3486, 938.3519, 974.7155, 1009.4377, 1039.4677, 1069.0535, 1096.9087, 1123.9357, 1150.6024, 1176.3093, 1202.2833, 1228.95, 1256.3473, 1283.4476, 1311.9376, 1341.6112, 1372.0063, 1403.2563, 1433.5593]
growth_rate:-7.24
