ticker:PHAT
price:[34.75, 34.650001525878906, 37.939998626708984, 34.810001373291016, 34.83000183105469, 39.369998931884766, 39.59000015258789, 39.79999923706055, 39.36000061035156, 41.72999954223633, 40.54999923706055, 43.209999084472656, 43.130001068115234, 45.33000183105469, 45.5099983215332, 38.08000183105469, 36.34000015258789, 33.220001220703125, 35.29999923706055, 37.54999923706055, 39.65999984741211, 38.5, 43.54999923706055, 44.58000183105469, 47.880001068115234, 44.04999923706055, 45.88999938964844, 45.189998626708984, 43.459999084472656, 41.08000183105469, 36.939998626708984, 38.4900016784668, 37.0099983215332, 39.81999969482422, 38.52000045776367, 34.959999084472656, 33.27000045776367, 35.4900016784668, 35.349998474121094, 33.43000030517578, 34.709999084472656, 34.9900016784668, 35.0, 34.65999984741211, 34.86000061035156, 33.91999816894531, 32.619998931884766, 32.099998474121094, 33.709999084472656, 32.0, 31.549999237060547, 33.63999938964844]
assets:[0, 99.99990440368653, 209.493290417099, 292.2090755279541, 392.37738562774655, 543.5225202541351, 646.5601284919738, 749.991185623169, 841.701805052185, 992.3852921138763, 1064.3239399749755, 1234.1423888511656, 1331.8587459835053, 1499.7929735824587, 1605.7474747779847, 1443.5938294143677, 1477.631648204422, 1450.7672833099366, 1641.6052845199583, 1846.2395874881743, 2049.9817661128995, 2090.0225499999997, 2464.1678318309787, 2622.4498137130736, 2916.5767490634917, 2783.2727717941284, 2999.5309751052855, 3053.7774231979374, 3036.8717400253295, 2970.564768406677, 2771.194368977356, 2987.4746112773896, 2972.6023541873933, 3298.2985387222293, 3290.6211151050566, 3086.502951171112, 3037.298189790344, 3339.967606960678, 3426.7935020828245, 3340.6699594963075, 3568.5801288734438, 3697.3689843624115, 3798.424, 3861.5260389999394, 3983.8078417510983, 3976.3837213485717, 3923.9868895122527, 3961.435131692505, 4260.124731299591, 4144.0224, 4185.747863780593, 4563.030437210083]
shares:[0, 2.886, 5.5217, 8.3944, 11.2655, 13.8055, 16.3314, 18.844, 21.3847, 23.7811, 26.2472, 28.5615, 30.8801, 33.0861, 35.2834, 37.9095, 40.6613, 43.6715, 46.5044, 49.1675, 51.6889, 54.2863, 56.5825, 58.8257, 60.9143, 63.1844, 65.3635, 67.5764, 69.8774, 72.3117, 75.0188, 77.6169, 80.3189, 82.8302, 85.4263, 88.2867, 91.2924, 94.1101, 96.939, 99.9303, 102.8113, 105.6693, 108.5264, 111.4116, 114.2802, 117.2283, 120.2939, 123.4092, 126.3757, 129.5007, 132.6703, 135.643]
growth_rate:-10.53
