ticker:PHCF
price:[3.0, 3.0999999046325684, 3.0950000286102295, 2.950000047683716, 2.9800000190734863, 3.009999990463257, 3.0999999046325684, 3.4700000286102295, 2.759999990463257, 2.700000047683716, 2.740000009536743, 2.859999895095825, 3.0799999237060547, 2.799999952316284, 2.759999990463257, 2.615999937057495, 2.549999952316284, 2.359999895095825, 3.180000066757202, 2.7899999618530273, 3.0999999046325684, 3.0880000591278076, 3.240000009536743, 3.740000009536743, 5.480000019073486, 4.349999904632568, 3.880000114440918, 4.389999866485596, 5.110000133514404, 4.909999847412109, 5.110000133514404, 5.130000114440918, 4.139999866485596, 3.9600000381469727, 4.159999847412109, 3.9790000915527344, 3.8499999046325684, 3.509999990463257, 3.549999952316284, 3.9040000438690186, 4.420000076293945, 3.809999942779541, 3.700000047683716, 3.884999990463257, 4.239999771118164, 3.9000000953674316, 3.7790000438690186, 3.746999979019165, 3.430000066757202, 3.509999990463257, 3.111999988555908, 3.2799999713897705]
assets:[0, 100.00010692362785, 199.83889034731385, 290.4764746952534, 393.4303305181503, 497.3910604240894, 612.2633111645222, 785.3397754751444, 724.6506934960842, 808.8973342856408, 920.881123205185, 1061.2115410749911, 1242.8431092138292, 1229.8574190556526, 1312.2880874655962, 1343.8208556668758, 1409.9171586352586, 1404.864513552475, 1992.9953998386145, 1848.5713907249449, 2153.9682837359906, 2245.630390198445, 2456.166571229577, 2935.2047414845706, 4400.781419317198, 3593.3209012216566, 3305.07721748352, 3839.5070532279015, 4569.221594384909, 4490.386841452408, 4773.295070716953, 4891.977343131066, 4047.9113654554367, 3971.9152822617534, 4272.517027285004, 4186.621531029892, 4150.890102179289, 3884.317972446227, 4028.583610887933, 4530.307449306799, 5229.087720259667, 4607.426072803401, 4574.4032989525795, 4903.123289964008, 5451.156129738045, 5114.035415054464, 5055.369023585915, 5112.560773072886, 4780.033001032543, 4991.520442437935, 4525.530444957781, 4869.839245522189]
shares:[0, 32.2581, 64.5683, 98.4666, 132.0236, 165.2462, 197.5043, 226.3227, 262.5546, 299.5916, 336.088, 371.053, 403.5205, 439.2348, 475.4667, 513.693, 552.9087, 595.2816, 626.7281, 662.5704, 694.8285, 727.2119, 758.0761, 784.8141, 803.0623, 826.0508, 851.824, 874.603, 894.1725, 914.5391, 934.1086, 953.6018, 977.7564, 1003.0089, 1027.0474, 1052.1793, 1078.1533, 1106.6433, 1134.8123, 1160.4271, 1183.0515, 1209.2982, 1236.3252, 1262.0652, 1285.6501, 1311.2911, 1337.7531, 1364.4411, 1393.5956, 1422.0856, 1454.2193, 1484.7071]
growth_rate:-4.51
