ticker:PHIC
price:[10.300000190734863, 10.5, 10.220000267028809, 10.430000305175781, 10.470000267028809, 10.5600004196167, 10.40999984741211, 10.010000228881836, 10.029999732971191, 9.899999618530273, 9.75, 9.850000381469727, 9.989999771118164, 9.960000038146973, 9.9399995803833, 9.8100004196167, 9.869999885559082, 9.8100004196167, 9.84000015258789, 9.8100004196167, 9.819999694824219, 9.899999618530273, 9.779999732971191, 9.720000267028809, 9.890000343322754, 9.9399995803833, 9.890000343322754, 9.869999885559082, 9.739999771118164, 9.729999542236328, 9.890000343322754, 9.850000381469727, 9.75, 9.75, 9.75]
assets:[0, 99.9999, 197.33287515592573, 301.3873748184204, 402.5432412665367, 506.0035401067734, 598.8154622226715, 675.8061464525222, 777.1564753097534, 867.0835465892791, 953.94585, 1063.730106196022, 1178.8489439912796, 1275.3092808844567, 1372.7487320494652, 1454.7955942279816, 1563.6932248692513, 1654.187776756859, 1759.2463952804567, 1853.8830882987024, 1955.7727432205202, 2071.7056001724245, 2146.593559390354, 2233.4247253568647, 2372.486468358803, 2484.4810271177294, 2571.983599284172, 2666.7821780791282, 2731.6569598083497, 2828.852389912033, 2975.37001028738, 3063.336328636551, 3132.23625, 3232.2361499999997, 3332.2360500000004]
shares:[0, 9.5238, 19.3085, 28.8962, 38.4473, 47.917, 57.5231, 67.5131, 77.4832, 87.5842, 97.8406, 107.9929, 118.0029, 128.0431, 138.1035, 148.2972, 158.4289, 168.6226, 178.7852, 188.9789, 199.1622, 209.2632, 219.4881, 229.7762, 239.8874, 249.9478, 260.059, 270.1907, 280.4576, 290.7351, 300.8463, 310.9986, 321.255, 331.5114, 341.7678]
growth_rate:-1.99
