ticker:PHICU
price:[10.09000015258789, 10.170000076293945, 10.239999771118164, 10.270000457763672, 10.449999809265137, 10.5, 10.449999809265137, 10.831000328063965, 10.75, 10.869999885559082, 10.670000076293945, 10.949999809265137, 10.8100004196167, 11.300000190734863, 10.920000076293945, 10.359999656677246, 10.359999656677246, 10.1899995803833, 10.140000343322754, 10.109999656677246, 10.34000015258789, 10.180000305175781, 10.300000190734863, 10.399999618530273, 10.199999809265137, 10.029999732971191, 10.039999961853027, 10.180000305175781, 10.180000305175781, 10.149999618530273, 10.079999923706055, 10.09000015258789, 10.1850004196167, 10.232999801635742, 10.270000457763672, 10.25, 10.225000381469727, 10.125, 10.199999809265137, 10.050000190734863, 10.029999732971191, 10.029999732971191]
assets:[0, 99.99957675018311, 200.68761151428225, 301.2755984287262, 406.5561975794792, 508.50135, 606.0801339377404, 728.1778999560356, 822.7318999999999, 931.9155261886597, 1014.769290255928, 1141.3984151183129, 1226.80532762146, 1382.4149033340454, 1435.92650203228, 1462.2890875408175, 1562.2889842268942, 1636.6525166038512, 1728.6216285281182, 1823.507275076008, 1964.9919149974824, 2034.5860589927672, 2158.568979972267, 2279.525996387482, 2335.6887763237955, 2396.7607121910096, 2499.1507665044783, 2633.999746961975, 2733.999925959778, 2825.942593791962, 2906.4530660015103, 3009.3364915092466, 3137.670672270393, 3252.4576802518845, 3364.217993952942, 3457.666325, 3549.2336249132154, 3614.521725, 3741.295670039654, 3786.2762668581963, 3878.7413167362215, 3978.7414170739175]
shares:[0, 9.8328, 19.5984, 29.3355, 38.9049, 48.4287, 57.9981, 67.2309, 76.5332, 85.7328, 95.1049, 104.2373, 113.488, 122.3376, 131.4951, 141.1476, 150.8001, 160.6136, 170.4755, 180.3667, 190.0379, 199.8611, 209.5698, 219.1852, 228.9891, 238.9592, 248.9194, 258.7426, 268.5658, 278.418, 288.3386, 298.2494, 308.0678, 317.8401, 327.5772, 337.3333, 347.1133, 356.9898, 366.7937, 376.7439, 386.714, 396.6841]
growth_rate:-2.96
