ticker:PHICW
price:[2.299999952316284, 1.850000023841858, 1.4800000190734863, 1.8459999561309814, 2.059999942779541, 2.1700000762939453, 1.7999999523162842, 1.3899999856948853, 1.4500000476837158, 1.25, 1.149999976158142, 1.100000023841858, 1.1150000095367432, 0.9710000157356262, 1.25, 1.350000023841858, 1.2100000381469727, 1.0299999713897705, 1.0800000429153442, 1.159999966621399, 1.125, 1.149999976158142, 1.1399999856948853, 1.1360000371932983, 1.090000033378601, 1.149999976158142, 1.100000023841858, 1.100000023841858, 1.0800000429153442, 1.0549999475479126, 0.9800000190734863, 0.7799999713897705, 0.7900000214576721, 0.800000011920929, 0.800000011920929]
assets:[0, 100.00008628875017, 180.00011831974984, 324.513685688138, 462.13338316335677, 586.8103356313705, 586.7551644562959, 553.1053193077445, 676.9803722627163, 683.60375, 728.9154098880888, 797.2234772793531, 908.0946982670546, 890.8160967361987, 1246.776625, 1446.5188155464411, 1396.5094440269472, 1288.7641862020969, 1451.3256576704978, 1658.8311562677027, 1708.780275, 1846.7531067130208, 1930.6943997729777, 2023.9201590643167, 2041.965623530233, 2254.3672632623434, 2256.3513989050984, 2356.3514110725405, 2413.508711904216, 2457.640207311976, 2382.9265923782823, 1996.6149107645988, 2122.2126866427125, 2249.076113513845, 2349.076115003961]
shares:[0, 54.0541, 121.6217, 175.7929, 224.3366, 270.4195, 325.9751, 397.9175, 466.883, 546.883, 633.8395, 724.7486, 814.4347, 917.4213, 997.4213, 1071.4954, 1154.14, 1251.2274, 1343.82, 1430.0269, 1518.9158, 1605.8723, 1693.5916, 1781.6198, 1873.3629, 1960.3194, 2051.2285, 2142.1376, 2234.7302, 2329.5169, 2431.5577, 2559.7628, 2686.3451, 2811.3451, 2936.3451]
growth_rate:-30.91
