ticker:PHIO
price:[2.0399999618530273, 1.9500000476837158, 2.5799999237060547, 2.2100000381469727, 2.2100000381469727, 2.2300000190734863, 2.119999885559082, 2.119999885559082, 2.0799999237060547, 2.2300000190734863, 2.2200000286102295, 2.200000047683716, 2.299999952316284, 2.390000104904175, 2.8299999237060547, 2.5999999046325684, 2.700000047683716, 2.690000057220459, 3.0399999618530273, 2.9100000858306885, 2.890000104904175, 3.130000114440918, 3.309999942779541, 3.430000066757202, 3.890000104904175, 2.859999895095825, 2.5299999713897705, 3.1500000953674316, 3.0199999809265137, 2.809999942779541, 2.75, 2.740000009536743, 2.2899999618530273, 2.3299999237060547, 2.309999942779541, 2.6700000762939453, 1.909999966621399, 2.130000114440918, 2.2200000286102295, 2.069999933242798, 2.2100000381469727, 2.200000047683716, 2.4200000762939453, 2.1600000858306885, 2.0799999237060547, 1.8200000524520874, 1.8799999952316284, 1.7999999523162842, 1.7999999523162842, 1.7200000286102295, 1.690000057220459, 1.909999966621399]
assets:[0, 100.00009744532109, 232.30783713035584, 298.9924521609306, 398.99252288703923, 502.60320229883195, 577.8110568088531, 677.8110274106979, 765.0220999391556, 920.1918908705235, 1016.0653750945329, 1106.9115439916611, 1257.2257439351322, 1406.4216127320053, 1765.3443304080963, 1721.870996842146, 1888.096803344989, 1981.1038041411398, 2338.8680506510736, 2338.850876984596, 2422.7763889444113, 2723.9758735956193, 2980.6261514734747, 3188.685156060553, 3716.322103220487, 2832.308518111539, 2605.503772535944, 3344.0067112410547, 3306.000019120216, 3176.112587324333, 3208.2952, 3296.628819474125, 2855.2115694376944, 3005.0843156009673, 3079.2895217236514, 3659.17903455925, 2717.614802507758, 3130.6388102033616, 3362.9190913395882, 3235.6947276493074, 3554.534226355076, 3638.450278861284, 4102.295315330696, 3761.5528854706763, 3722.2357834692, 3356.95660874691, 3567.6254189511897, 3515.8115668627975, 3615.8116442137, 3555.108995135164, 3593.1013476561548, 4160.84210128634]
shares:[0, 51.2821, 90.0418, 135.2907, 180.5396, 225.3826, 272.5524, 319.7222, 367.7991, 412.6421, 457.6871, 503.1416, 546.6199, 588.4609, 623.7966, 662.2581, 699.2951, 736.4698, 769.3645, 803.7288, 838.3309, 870.2798, 900.4913, 929.6458, 955.3527, 990.3177, 1029.8434, 1061.5894, 1094.702, 1130.2892, 1166.6528, 1203.1492, 1246.8173, 1289.7358, 1333.0258, 1370.479, 1422.835, 1469.7834, 1514.8284, 1563.1376, 1608.3865, 1653.841, 1695.1633, 1741.4596, 1789.5365, 1844.4816, 1897.6731, 1953.2287, 2008.7843, 2066.9238, 2126.0954, 2178.4514]
growth_rate:-18.41
