ticker:PHO
price:[39.459999084472656, 39.130001068115234, 39.36000061035156, 38.810001373291016, 40.04999923706055, 42.06999969482422, 42.7400016784668, 43.11000061035156, 40.77000045776367, 43.0099983215332, 44.2400016784668, 44.20000076293945, 44.939998626708984, 45.279998779296875, 45.36000061035156, 45.900001525878906, 45.959999084472656, 46.45000076293945, 49.08000183105469, 48.2599983215332, 48.900001525878906, 46.150001525878906, 48.709999084472656, 49.20000076293945, 48.79999923706055, 48.16999816894531, 47.619998931884766, 48.709999084472656, 48.439998626708984, 49.29999923706055, 49.880001068115234, 50.79999923706055, 51.79999923706055, 52.75, 52.18000030517578, 53.31999969482422, 52.79999923706055, 52.25, 53.08000183105469, 52.869998931884766, 53.220001220703125, 51.689998626708984, 53.15999984741211, 54.040000915527344, 54.619998931884766, 54.58000183105469, 55.81999969482422, 56.7599983215332, 57.310001373291016, 57.959999084472656, 57.7599983215332, 58.54999923706055]
assets:[0, 100.0006307296753, 200.59037111053468, 297.78914053726197, 407.30448724098204, 527.84807917099, 636.2533089866638, 741.759292501831, 801.497438999176, 945.531803100586, 1072.5722966934204, 1171.6005802230834, 1291.2160405426025, 1400.985802230835, 1503.4617562301635, 1621.3578838996889, 1723.4769856681824, 1841.8540102523805, 2046.140368336487, 2111.954046546936, 2239.9623698959354, 2213.9909432022096, 2436.8053821990966, 2561.317599718094, 2640.4947587184906, 2706.407262123108, 2775.5078277454377, 2939.039569759369, 3022.7479503040313, 3176.413740843582, 3313.7828589603428, 3474.9028278121946, 3643.3063263393406, 3810.1219499999997, 3868.948738627624, 4053.477020800018, 4113.943620555115, 4171.091375, 4337.347421621704, 4420.185686700439, 4549.447940350342, 4518.656975949097, 4747.161406373977, 4925.746083450318, 5078.611196685792, 5174.893713607788, 5392.463160518646, 5583.271022895431, 5737.373009481811, 5902.443446765899, 5982.075954164887, 6163.892154681015]
shares:[0, 2.5556, 5.0963, 7.673, 10.1699, 12.5469, 14.8866, 17.2062, 19.659, 21.984, 24.2444, 26.5068, 28.732, 30.9405, 33.1451, 35.3237, 37.4995, 39.6524, 41.6899, 43.762, 45.807, 47.9738, 50.0268, 52.0593, 54.1085, 56.1845, 58.2845, 60.3375, 62.4019, 64.4303, 66.4351, 68.4036, 70.3341, 72.2298, 74.1462, 76.0217, 77.9156, 79.8295, 81.7134, 83.6048, 85.4838, 87.4184, 89.2995, 91.15, 92.9808, 94.813, 96.6045, 98.3663, 100.1112, 101.8365, 103.5678, 105.2757]
growth_rate:20.86
