ticker:PHUN
price:[0.9629999995231628, 0.8700000047683716, 0.9070000052452087, 0.8370000123977661, 1.0, 0.925000011920929, 0.7979999780654907, 0.7680000066757202, 0.6759999990463257, 0.6980000138282776, 0.6399999856948853, 0.6639999747276306, 0.6679999828338623, 0.7599999904632568, 0.7730000019073486, 1.059999942779541, 1.0099999904632568, 1.2599999904632568, 1.350000023841858, 1.340000033378601, 1.3200000524520874, 2.0799999237060547, 2.200000047683716, 2.640000104904175, 2.549999952316284, 1.7999999523162842, 1.309999942779541, 2.0999999046325684, 2.0899999141693115, 1.6299999952316284, 1.6200000047683716, 1.8899999856948853, 1.4600000381469727, 1.4900000095367432, 1.590000033378601, 1.350000023841858, 1.25, 1.309999942779541, 1.3600000143051147, 1.4199999570846558, 1.409999966621399, 1.2999999523162842, 1.3700000047683716, 1.2999999523162842, 1.25, 1.1100000143051147, 1.0800000429153442, 1.100000023841858, 1.0800000429153442, 0.9200000166893005, 0.8659999966621399, 1.0499999523162842]
assets:[0, 99.99997554808854, 204.25286388120054, 288.489129073143, 444.6704, 511.32011908963324, 541.1172415263892, 620.7744821959853, 646.4108706880688, 767.4479440041304, 803.6771660364151, 933.8150364582539, 1039.4404380886556, 1282.59688390553, 1404.5360562656404, 2026.013082632637, 2030.4465118278742, 2633.0323120709895, 2921.10615658859, 2999.468402714968, 3054.7002973828794, 4913.466715775108, 5296.936154807996, 6456.323536551237, 6336.221266515851, 4572.626818866754, 3427.8561522721293, 5595.036465912246, 5668.393476214289, 4520.804660774922, 4593.069697519421, 5458.58134568485, 4316.681956786538, 4505.380823836685, 4907.755477027679, 4266.9622203572635, 4050.890875, 4345.333476196956, 4611.186128502607, 4914.620561469972, 4980.010607109368, 4691.499107916832, 5044.1184885563725, 4886.38964076829, 4798.45175, 4361.025221202672, 4343.159800581658, 4523.58861804614, 4541.341644456697, 3968.550251991659, 3835.6134886162336, 4750.570434262037]
shares:[0, 114.9425, 225.1961, 344.6704, 444.6704, 552.7785, 678.0918, 808.3001, 956.2291, 1099.4956, 1255.7456, 1406.348, 1556.0486, 1687.6275, 1816.9936, 1911.3332, 2010.3431, 2089.7082, 2163.7823, 2238.4092, 2314.1668, 2362.2437, 2407.6982, 2445.577, 2484.7927, 2540.3483, 2616.6842, 2664.3032, 2712.1501, 2773.4998, 2835.2282, 2888.1383, 2956.6314, 3023.7455, 3086.6386, 3160.7127, 3240.7127, 3317.0486, 3390.578, 3461.0005, 3531.9225, 3608.8456, 3681.8383, 3758.7614, 3838.7614, 3928.8515, 4021.4441, 4112.3532, 4204.9458, 4313.6415, 4429.1149, 4524.353]
growth_rate:-6.85
