ticker:PHVS
price:[29.0, 26.670000076293945, 35.90999984741211, 37.9900016784668, 28.75, 30.899999618530273, 33.25, 26.229999542236328, 27.950000762939453, 28.31999969482422, 27.920000076293945, 26.09000015258789, 24.100000381469727, 22.6299991607666, 21.360000610351562, 20.299999237060547, 20.5, 20.43000030517578, 20.3799991607666, 18.700000762939453, 18.479999542236328, 16.299999237060547, 14.920000076293945, 14.220000267028809, 14.5, 17.770000457763672, 16.06999969482422, 16.530000686645508, 16.670000076293945, 19.940000534057617, 20.969999313354492, 20.190000534057617]
assets:[0, 99.99916528606414, 234.6431210029602, 348.23535038566587, 363.538, 490.7228939418793, 628.042625, 595.4445966083526, 734.489685049057, 844.2135269027709, 932.2906825475693, 971.1846016799927, 997.1085957828523, 1036.2887625692367, 1078.1310788070678, 1124.628077732849, 1235.7072, 1331.4884958892821, 1428.2303411865234, 1410.4961775466918, 1493.9028349948883, 1417.6745036441803, 1397.6504031469344, 1432.0763188920976, 1560.2754, 2012.1451308338164, 1919.6498485450745, 2074.599389177513, 2192.170023032951, 2722.1869389089584, 2962.800874985504, 2952.595773100853]
shares:[0, 3.7495, 6.5342, 9.1665, 12.6448, 15.881, 18.8885, 22.7009, 26.2787, 29.8098, 33.3915, 37.2244, 41.3738, 45.7927, 50.4743, 55.4004, 60.2784, 65.1732, 70.08, 75.4276, 80.8389, 86.9739, 93.6763, 100.7086, 107.6052, 113.2327, 119.4555, 125.5051, 131.5039, 136.5189, 141.2876, 146.2405]
growth_rate:-4.75
