ticker:PI
price:[25.200000762939453, 25.920000076293945, 27.559999465942383, 25.459999084472656, 28.5, 30.100000381469727, 29.09000015258789, 30.360000610351562, 25.510000228881836, 29.81999969482422, 34.34000015258789, 35.150001525878906, 35.47999954223633, 42.75, 40.599998474121094, 41.11000061035156, 42.619998931884766, 41.869998931884766, 42.91999816894531, 54.81999969482422, 61.220001220703125, 52.970001220703125, 62.36000061035156, 69.3499984741211, 72.5, 63.970001220703125, 55.29999923706055, 59.72999954223633, 59.09000015258789, 55.810001373291016, 58.959999084472656, 55.470001220703125, 56.619998931884766, 55.380001068115234, 47.459999084472656, 51.58000183105469, 46.810001373291016, 48.86000061035156, 52.04999923706055, 50.02000045776367, 49.790000915527344, 49.880001068115234, 52.560001373291016, 50.5099983215332, 47.31999969482422, 41.7599983215332, 43.22999954223633, 46.0, 49.540000915527344, 50.0, 50.220001220703125, 59.83000183105469]
assets:[0, 99.99936029434204, 206.32518000183106, 290.60297555007935, 425.30265, 549.1805269599914, 630.7526553085327, 758.2895912445068, 737.1522726139068, 961.6979721580507, 1207.4699533653259, 1335.9531379943846, 1448.4958173114776, 1845.299475, 1852.4967303771973, 1975.7671843338012, 2148.3377621597288, 2210.5307806087494, 2365.9648990631104, 3121.955126620483, 3586.432965512085, 3203.1277558166503, 3870.947149887085, 4404.84837308197, 4704.92375, 4251.363120126342, 3775.1650479164123, 4177.58784398346, 4232.823525930405, 4097.866093834305, 4429.157675224304, 4266.985467901612, 4455.450363949585, 4457.87410397911, 3920.343050374603, 4360.666198800659, 4057.401980034256, 4335.093782153321, 4718.124230842591, 4634.1129464096075, 4712.802830657959, 4821.32109524231, 5180.3662953529365, 5078.315639245606, 4857.591980672455, 4386.833535679245, 4641.254887853623, 5038.6467999999995, 5526.405078131103, 5677.72, 5802.700173046875, 7013.093324630737]
shares:[0, 3.858, 7.4864, 11.4141, 14.9229, 18.2452, 21.6828, 24.9766, 28.8966, 32.2501, 35.1622, 38.0072, 40.8257, 43.1649, 45.628, 48.0605, 50.4068, 52.7951, 55.125, 56.9492, 58.5827, 60.4706, 62.0742, 63.5162, 64.8955, 66.4587, 68.267, 69.9412, 71.6335, 73.4253, 75.1214, 76.9242, 78.6904, 80.4961, 82.6031, 84.5418, 86.6781, 88.7248, 90.646, 92.6452, 94.6536, 96.6584, 98.561, 100.5408, 102.6541, 105.0487, 107.3619, 109.5358, 111.5544, 113.5544, 115.5456, 117.217]
growth_rate:37.51
