ticker:PID
price:[13.239999771118164, 13.029999732971191, 13.140000343322754, 12.59000015258789, 12.850000381469727, 13.350000381469727, 13.140000343322754, 13.489999771118164, 12.680000305175781, 13.260000228881836, 13.970000267028809, 14.449999809265137, 15.109999656677246, 15.4399995803833, 15.5600004196167, 15.520000457763672, 15.399999618530273, 15.350000381469727, 16.15999984741211, 16.309999465942383, 16.100000381469727, 15.489999771118164, 16.040000915527344, 16.290000915527344, 16.31999969482422, 15.949999809265137, 16.489999771118164, 17.059999465942383, 16.8799991607666, 16.799999237060547, 16.860000610351562, 17.079999923706055, 17.190000534057617, 17.1299991607666, 17.260000228881836, 17.719999313354492, 17.850000381469727, 17.899999618530273, 18.190000534057617, 18.450000762939453, 18.399999618530273, 17.809999465942383, 17.860000610351562, 17.790000915527344, 17.670000076293945, 17.43000030517578, 17.459999084472656, 17.790000915527344, 17.8799991607666, 18.100000381469727, 17.75, 18.040000915527344]
assets:[0, 100.0000359506607, 200.84359124765396, 292.4367465442657, 398.4759418292999, 513.9803546867371, 605.8946138308526, 722.0333517494201, 778.6788187408447, 914.2969057817459, 1063.2525293234826, 1199.7849291632654, 1354.5842712217332, 1484.1684156643867, 1595.7029390323637, 1691.6008978939058, 1778.5213159446716, 1872.7476315404892, 2071.5697724395754, 2190.798272264099, 2262.591013609314, 2276.8657723567962, 2457.709892280579, 2596.0152709007266, 2700.79674949646, 2739.5655872394564, 2932.3160702993396, 3133.676237901306, 3200.613264873123, 3285.444810797882, 3397.1788469818116, 3541.507240180588, 3664.3150588426593, 3751.5246322052, 3879.994545451927, 4083.400185769272, 4213.35693004303, 4325.159007825851, 4495.23116697979, 4659.484962677765, 4746.8576615879065, 4694.648181224442, 4807.828222303771, 4888.984007601928, 4956.005640398598, 4988.690934345245, 5097.2773707206725, 5293.617578425598, 5420.39684158287, 5587.091827751732, 5579.053975, 5770.204336837006]
shares:[0, 7.6746, 15.2849, 23.2277, 31.0098, 38.5004, 46.1107, 53.5236, 61.41, 68.9515, 76.1097, 83.0301, 89.6482, 96.1249, 102.5516, 108.9949, 115.4884, 122.0031, 128.1912, 134.3224, 140.5336, 146.9894, 153.2238, 159.3625, 165.49, 171.7596, 177.8239, 183.6856, 189.6098, 195.5622, 201.4934, 207.3482, 213.1655, 219.0032, 224.7969, 230.4402, 236.0424, 241.629, 247.1265, 252.5466, 257.9814, 263.5962, 269.1953, 274.8164, 280.4757, 286.2129, 291.9403, 297.5614, 303.1542, 308.6791, 314.3129, 319.8561]
growth_rate:13.14
