ticker:PIE
price:[19.610000610351562, 19.079999923706055, 19.649999618530273, 18.809999465942383, 19.329999923706055, 20.239999771118164, 20.110000610351562, 20.219999313354492, 19.559999465942383, 20.850000381469727, 20.729999542236328, 21.260000228881836, 21.299999237060547, 21.540000915527344, 21.420000076293945, 22.260000228881836, 22.399999618530273, 22.8700008392334, 24.139999389648438, 23.81999969482422, 24.610000610351562, 23.440000534057617, 25.260000228881836, 26.280000686645508, 26.299999237060547, 24.600000381469727, 24.1299991607666, 24.260000228881836, 24.360000610351562, 23.899999618530273, 24.260000228881836, 24.530000686645508, 24.959999084472656, 25.229999542236328, 25.56999969482422, 25.700000762939453, 23.780000686645508, 24.1200008392334, 25.770000457763672, 26.360000610351562, 26.18000030517578, 26.18000030517578, 26.799999237060547, 27.540000915527344, 27.280000686645508, 27.549999237060547, 26.540000915527344, 25.770000457763672, 25.90999984741211, 25.260000228881836, 24.309999465942383, 25.3700008392334]
assets:[0, 100.0001876001358, 202.98842605934144, 294.3106566438675, 402.44673241157534, 521.3925141038894, 618.0446707580567, 721.4253115013123, 797.8778062150955, 950.4993923902512, 1045.0282989234925, 1171.7470386148452, 1273.9508243686676, 1388.3047550079345, 1480.5696832735064, 1638.6320748487472, 1748.9382102157595, 1885.6338561948778, 2090.3453111480712, 2162.636828292847, 2334.3619198944093, 2323.3822289360046, 2603.7806155929566, 2808.922105391693, 2911.0601255527495, 2822.8918637742995, 2868.9579672185896, 2984.414282156563, 3096.7163575897216, 3138.2396399103163, 3285.509996997261, 3422.074916790962, 3582.061884610748, 3720.8093204910274, 3870.9502018005373, 3990.631868467331, 3792.4987155080794, 3946.721969322586, 4316.709583679581, 4515.53927655487, 4584.704485443115, 4684.704232608796, 4895.646980631256, 5130.826100566864, 5182.387186442184, 5333.679852294922, 5238.144246695709, 5186.171360124206, 5314.345657703018, 5281.02488985157, 5182.410548149491, 5508.38278521595]
shares:[0, 5.2411, 10.3302, 15.6465, 20.8198, 25.7605, 30.7332, 35.6788, 40.7913, 45.5875, 50.4114, 55.1151, 59.8099, 64.4524, 69.1209, 73.6133, 78.0776, 82.4501, 86.5926, 90.7908, 94.8542, 99.1204, 103.0792, 106.8844, 110.6867, 114.7517, 118.8959, 123.0179, 127.123, 131.3071, 135.4291, 139.5057, 143.5121, 147.4756, 151.3864, 155.2775, 159.4827, 163.6286, 167.5091, 171.3027, 175.1224, 178.9421, 182.6734, 186.3045, 189.9702, 193.6, 197.3679, 201.2484, 205.1079, 209.0667, 213.1802, 217.1219]
growth_rate:8.01
