ticker:PINC
price:[32.5099983215332, 31.110000610351562, 31.06999969482422, 31.93000030517578, 33.06999969482422, 33.25, 35.02000045776367, 34.38999938964844, 32.72999954223633, 34.290000915527344, 35.27000045776367, 34.2400016784668, 35.5, 35.33000183105469, 36.02000045776367, 35.0, 35.59000015258789, 35.099998474121094, 37.31999969482422, 36.869998931884766, 34.970001220703125, 33.869998931884766, 35.18000030517578, 35.220001220703125, 33.83000183105469, 33.81999969482422, 33.810001373291016, 34.209999084472656, 33.310001373291016, 34.290000915527344, 34.7599983215332, 34.13999938964844, 35.18000030517578, 35.630001068115234, 35.349998474121094, 35.220001220703125, 34.34000015258789, 34.75, 33.0, 33.27000045776367, 33.91999816894531, 34.22999954223633, 35.18000030517578, 35.400001525878906, 35.52000045776367, 35.41999816894531, 35.36000061035156, 35.63999938964844, 35.7400016784668, 36.06999969482422, 37.70000076293945, 36.84000015258789]
assets:[0, 99.99998596191406, 199.87020103683471, 305.4040669189453, 416.3083051582336, 518.57365, 646.1785424465179, 734.5531919631958, 799.0963928237915, 937.1834440223694, 1063.968941809082, 1132.898935535431, 1274.58845, 1368.4864229248046, 1495.2118310020446, 1552.8695, 1679.0472321987154, 1755.930073665619, 1966.9879039154055, 2043.2689748069763, 2037.9747371398926, 2073.8701955989836, 2254.081123553467, 2356.6442436798093, 2363.637950932312, 2462.9380957756043, 2562.209810071564, 2692.521924942779, 2721.686930208588, 2901.7604664756773, 3041.534613132477, 3087.283558805847, 3281.3300964645387, 3423.3019986236573, 3496.401184078217, 3583.543552203369, 3594.007245969772, 3736.9177, 3648.7275, 3778.580415989685, 3952.4022826431274, 4088.523566323471, 4301.993373318482, 4428.897730902862, 4543.910266559601, 4631.11871459198, 4723.275729528808, 4860.675780758667, 4974.314877610016, 5120.244666679382, 5451.627460325241, 5427.2651384792325]
shares:[0, 3.2144, 6.4329, 9.5648, 12.5887, 15.5962, 18.4517, 21.3595, 24.4148, 27.3311, 30.1664, 33.087, 35.9039, 38.7344, 41.5106, 44.3677, 47.1775, 50.0265, 52.706, 55.4182, 58.2778, 61.2303, 64.0728, 66.9121, 69.8681, 72.8249, 75.7826, 78.7057, 81.7078, 84.6241, 87.501, 90.4301, 93.2726, 96.0792, 98.9081, 101.7474, 104.6595, 107.5372, 110.5675, 113.5732, 116.5213, 119.4427, 122.2852, 125.1101, 127.9254, 130.7487, 133.5768, 136.3826, 139.1806, 141.953, 144.6055, 147.3199]
growth_rate:6.42
