ticker:PIO
price:[31.389999389648438, 31.350000381469727, 31.690000534057617, 31.299999237060547, 31.889999389648438, 32.810001373291016, 32.75, 32.959999084472656, 31.209999084472656, 33.529998779296875, 33.91999816894531, 33.939998626708984, 34.040000915527344, 34.36000061035156, 34.369998931884766, 34.849998474121094, 34.599998474121094, 34.93000030517578, 36.529998779296875, 35.88999938964844, 36.04999923706055, 34.880001068115234, 35.779998779296875, 36.349998474121094, 35.70000076293945, 34.5, 34.599998474121094, 35.58000183105469, 35.65999984741211, 36.22999954223633, 36.56999969482422, 37.2599983215332, 38.220001220703125, 38.869998931884766, 38.369998931884766, 39.400001525878906, 39.15999984741211, 39.13999938964844, 39.599998474121094, 39.66999816894531, 39.83000183105469, 39.04999923706055, 39.72999954223633, 40.04999923706055, 40.54999923706055, 40.540000915527344, 41.349998474121094, 42.040000915527344, 42.08000183105469, 42.61000061035156, 42.5, 42.77000045776367]
assets:[0, 100.00023121681214, 201.0857293888092, 298.61138272132877, 404.24082126312254, 515.904461593628, 614.95985, 718.9037240310669, 780.7337320976258, 938.769552822876, 1049.6882633361818, 1150.3080094558716, 1253.6966377189638, 1365.4836042556763, 1465.8804544448851, 1586.3510205429077, 1674.9720861328124, 1790.9484406471254, 1972.9852340698242, 2038.4191723342897, 2147.505664551544, 2177.8096026901244, 2334.004458370972, 2471.1855812660215, 2526.995994004059, 2542.0566, 2649.425683158874, 2824.468633355713, 2930.8205014591217, 3077.6660011138915, 3206.5489982414247, 3367.0481863231657, 3553.7989075042724, 3714.238295935822, 3766.4604871521, 3967.5683336555485, 4043.3992122447967, 4141.3328834198, 4290.006434696197, 4397.589878019714, 4515.3281575775145, 4526.902401555633, 4705.732389781189, 4843.634892730332, 5004.105095848847, 5102.871265239715, 5304.8285192436215, 5493.350103631592, 5598.575923614501, 5769.091551637268, 5854.1965, 5991.388467125321]
shares:[0, 3.1898, 6.3454, 9.5403, 12.6761, 15.724, 18.7774, 21.8114, 25.0155, 27.9979, 30.946, 33.8924, 36.8301, 39.7405, 42.65, 45.5194, 48.4096, 51.2725, 54.01, 56.7963, 59.5702, 62.4372, 65.2321, 67.9831, 70.7842, 73.6828, 76.573, 79.3836, 82.1879, 84.948, 87.6825, 90.3663, 92.9827, 95.5554, 98.1616, 100.6997, 103.2533, 105.8082, 108.3335, 110.8543, 113.365, 115.9258, 118.4428, 120.9397, 123.4058, 125.8725, 128.2909, 130.6696, 133.046, 135.3929, 137.7458, 140.0839]
growth_rate:17.48
