ticker:PIRS
price:[2.700000047683716, 2.7699999809265137, 2.950000047683716, 1.9600000381469727, 1.9600000381469727, 2.190000057220459, 2.380000114440918, 2.25, 2.509999990463257, 2.549999952316284, 2.7300000190734863, 2.7799999713897705, 2.950000047683716, 2.9800000190734863, 2.740000009536743, 2.809999942779541, 2.740000009536743, 2.5, 2.8399999141693115, 2.6600000858306885, 2.7699999809265137, 2.5399999618530273, 2.859999895095825, 2.940000057220459, 2.8399999141693115, 2.7200000286102295, 2.569999933242798, 2.640000104904175, 2.6500000953674316, 2.5999999046325684, 2.5899999141693115, 2.7799999713897705, 2.119999885559082, 2.2799999713897705, 2.1600000858306885, 1.9299999475479126, 1.8799999952316284, 1.9299999475479126, 3.440000057220459, 3.259999990463257, 3.4800000190734863, 3.5299999713897705, 4.0, 3.6600000858306885, 3.690000057220459, 3.4600000381469727, 3.369999885559082, 3.4800000190734863, 3.799999952316284, 3.8399999141693115, 4.039999961853027, 4.590000152587891]
assets:[0, 100.00004631142617, 206.4982333378315, 237.19881261653902, 337.1987985628128, 476.76804945702554, 618.1314877224922, 684.367875, 863.4502877193212, 977.210471726656, 1146.1899620079994, 1267.1823669588566, 1444.6719583516358, 1559.3633839807032, 1533.7772033384085, 1672.9612849332334, 1731.2862680258513, 1679.64075, 2008.071923311901, 1980.7999199148178, 2162.712664108133, 2083.1372807144166, 2445.579618296671, 2613.9875668753625, 2625.0763886647464, 2614.1577554969313, 2569.994536242938, 2739.9945968775987, 2850.3732275784014, 2896.5922937536243, 2985.4514610643387, 3304.461421992302, 2619.948858571053, 2917.68085138793, 2864.1188578098536, 2659.1431197318075, 2690.253485176527, 2861.8027642240763, 5200.83013450985, 5028.693425289154, 5468.05303796978, 5646.6169002348415, 6498.4328, 6046.066137786341, 6195.624117074919, 5909.446861152459, 5855.732695146751, 6146.869497690296, 6812.098794519425, 6983.805155899787, 7447.5452016778945, 8561.444081612777]
shares:[0, 36.1011, 69.9994, 121.0198, 172.0402, 217.7023, 259.7191, 304.1635, 344.0041, 383.2198, 419.8498, 455.821, 489.7193, 523.2763, 559.7727, 595.3599, 631.8563, 671.8563, 707.0676, 744.6616, 780.7627, 820.1328, 855.0978, 889.1114, 924.3227, 961.0874, 999.9979, 1037.8767, 1075.6125, 1114.074, 1152.684, 1188.6552, 1235.825, 1279.6846, 1325.9809, 1377.7944, 1430.9859, 1482.7994, 1511.8692, 1542.544, 1571.2796, 1599.6082, 1624.6082, 1651.9306, 1679.0309, 1707.9326, 1737.6062, 1766.3418, 1792.6576, 1818.6993, 1843.4518, 1865.2383]
growth_rate:67.87
