ticker:PIXY
price:[4.199999809265137, 3.9700000286102295, 3.8499999046325684, 3.7200000286102295, 3.690000057220459, 2.7899999618530273, 2.569999933242798, 2.319999933242798, 2.119999885559082, 2.130000114440918, 2.190000057220459, 2.5, 2.509999990463257, 2.380000114440918, 2.4700000286102295, 2.359999895095825, 2.5, 2.490000009536743, 2.9100000858306885, 2.700000047683716, 3.369999885559082, 3.6500000953674316, 3.390000104904175, 3.7699999809265137, 3.549999952316284, 3.0, 2.6700000762939453, 2.7899999618530273, 2.950000047683716, 2.7100000381469727, 2.430000066757202, 2.509999990463257, 2.130000114440918, 2.319999933242798, 3.109999895095825, 2.5399999618530273, 2.309999942779541, 2.5799999237060547, 2.569999933242798, 3.450000047683716, 2.819999933242798, 2.4800000190734863, 2.5399999618530273, 2.299999952316284, 2.25, 1.850000023841858, 1.7999999523162842, 1.8200000524520874, 1.8200000524520874, 1.6649999618530273, 1.465000033378601, 1.4600000381469727]
assets:[0, 99.99993372066021, 196.97716012072564, 290.3259142328739, 387.98468701643947, 393.35428262176515, 462.33707699053286, 517.3625371130705, 572.7622770813942, 675.4641452914238, 794.4912867585183, 1006.9535000000001, 1110.9812157788276, 1153.4403994625093, 1297.0577770239354, 1339.2940404671428, 1518.7437499999999, 1612.668675176549, 1984.685242538452, 1941.460414287424, 2523.230124314308, 2832.8756690175533, 2731.081716513824, 3137.220564127922, 3054.1466089766027, 2680.9689, 2486.0624360380175, 2697.795485113716, 2952.5078427242515, 2812.3038945870403, 2621.7338760245325, 2808.0459233308316, 2482.92366740284, 2804.4047833042146, 3859.3528148192167, 3252.011735159683, 3057.5381002624513, 3514.9126900594715, 3601.288992454481, 4934.415353200364, 4133.348068152213, 3735.001300725603, 3925.364201046944, 3654.4637142354727, 3675.018825, 3121.682270230651, 3137.3124368896006, 3272.1717243034245, 3372.1718091854095, 3184.981257528591, 2902.4010776283862, 2992.4952101881026]
shares:[0, 25.1889, 51.1629, 78.0446, 105.1449, 140.9872, 179.8977, 223.0011, 270.1709, 317.1193, 362.7814, 402.7814, 442.622, 484.6388, 525.1246, 567.4975, 607.4975, 647.6581, 682.0224, 719.0594, 748.733, 776.1303, 805.6288, 832.154, 860.323, 893.6563, 931.1095, 966.9518, 1000.8501, 1037.7505, 1078.9028, 1118.7434, 1165.6918, 1208.7952, 1240.9495, 1280.3196, 1323.6096, 1362.3693, 1401.2798, 1430.2653, 1465.7263, 1506.0489, 1545.419, 1588.8973, 1633.3417, 1687.3958, 1742.9514, 1797.8965, 1852.8416, 1912.9017, 1981.1611, 2049.6542]
growth_rate:-41.32
