ticker:PIZ
price:[30.270000457763672, 30.450000762939453, 31.149999618530273, 30.729999542236328, 31.299999237060547, 32.16999816894531, 31.75, 31.479999542236328, 29.780000686645508, 32.59000015258789, 32.189998626708984, 32.400001525878906, 32.29999923706055, 32.81999969482422, 32.939998626708984, 33.54999923706055, 33.459999084472656, 33.79999923706055, 34.56999969482422, 33.81999969482422, 34.7599983215332, 33.29999923706055, 34.400001525878906, 35.2599983215332, 34.97999954223633, 33.20000076293945, 32.66999816894531, 33.75, 33.790000915527344, 34.150001525878906, 34.7400016784668, 35.84000015258789, 36.470001220703125, 36.54999923706055, 36.130001068115234, 37.040000915527344, 35.88999938964844, 36.400001525878906, 37.36000061035156, 37.810001373291016, 38.09000015258789, 36.86000061035156, 37.939998626708984, 38.029998779296875, 38.400001525878906, 38.25, 39.36000061035156, 39.56999969482422, 40.189998626708984, 40.650001525878906, 40.36000061035156, 41.2599983215332]
assets:[0, 100.00084750556945, 202.300557522583, 299.57140053749083, 405.1284101249695, 516.3895936080933, 609.647625, 704.4625777561188, 766.4210756715775, 938.738659395218, 1027.218265176773, 1133.9190534019472, 1230.420020936966, 1350.2279154449463, 1455.1639673332215, 1582.1106040222166, 1677.865038090515, 1794.9151594848634, 1935.8059019111631, 1993.8073520088194, 2149.2246002197267, 2158.952170536041, 2330.2698633636473, 2488.527271539688, 2568.7667603839873, 2538.050418324661, 2597.5327484161376, 2783.403, 2886.703431214142, 3017.459984825134, 3169.5909031391143, 3369.952782347488, 3529.191077127075, 3636.933259083176, 3695.1416642398835, 3888.2111281059265, 3867.4919782287598, 4022.4513286201477, 4228.539365081787, 4379.471963066101, 4511.905260074615, 4466.208321954346, 4697.066679983139, 4808.208805664062, 4954.990276893616, 5035.63545, 5281.76964990387, 5409.951003276825, 5594.71708182869, 5758.751571166229, 5817.668071978759, 6047.39955999031]
shares:[0, 3.2841, 6.4944, 9.7485, 12.9434, 16.0519, 19.2015, 22.3781, 25.7361, 28.8045, 31.9111, 34.9975, 38.0935, 41.1404, 44.1762, 47.1568, 50.1454, 53.104, 55.9967, 58.9535, 61.8304, 64.8334, 67.7404, 70.5765, 73.4353, 76.4473, 79.5082, 82.4712, 85.4307, 88.359, 91.2375, 94.0277, 96.7697, 99.5057, 102.2735, 104.9733, 107.7596, 110.5069, 113.1836, 115.8284, 118.4538, 121.1668, 123.8025, 126.432, 129.0362, 131.6506, 134.1913, 136.7185, 139.2067, 141.6667, 144.1444, 146.5681]
growth_rate:18.58
