ticker:PKBK
price:[12.640000343322754, 12.529999732971191, 13.25, 11.720000267028809, 12.25, 13.300000190734863, 13.479999542236328, 14.029999732971191, 12.029999732971191, 12.510000228881836, 14.109999656677246, 14.319999694824219, 14.529999732971191, 16.100000381469727, 15.699999809265137, 15.289999961853027, 15.430000305175781, 15.600000381469727, 16.739999771118164, 17.700000762939453, 18.309999465942383, 17.31999969482422, 18.559999465942383, 19.280000686645508, 18.899999618530273, 18.149999618530273, 20.43000030517578, 21.729999542236328, 21.40999984741211, 20.520000457763672, 20.709999084472656, 19.850000381469727, 19.709999084472656, 19.969999313354492, 21.1200008392334, 20.75, 21.309999465942383, 21.639999389648438, 21.5, 21.479999542236328, 20.43000030517578, 20.020000457763672, 19.979999542236328, 19.56999969482422, 19.139999389648438, 19.5, 20.56999969482422, 19.959999084472656, 20.469999313354492, 20.799999237060547, 19.940000534057617, 20.18000030517578]
assets:[0, 99.99942186889649, 205.746, 281.98789442481996, 394.740325, 528.5752575802803, 635.7289104114532, 761.6676405034065, 753.0912162837029, 883.1397131578445, 1096.091582330036, 1212.404206162262, 1330.183697554207, 1573.9134972919464, 1634.80958013916, 1692.1167737783433, 1807.610648751068, 1927.5266871341705, 2168.3840643522262, 2392.7356631362914, 2575.19705788784, 2535.9597153167724, 2817.517422926903, 3026.817435798264, 3067.1599780937195, 3045.446515991974, 3528.015892700195, 3852.509445843124, 3895.776418235016, 3833.831713525772, 3969.33019952774, 3904.5010300352096, 3976.963384270477, 4129.424416014481, 4467.222321511459, 4488.961625, 4710.10869295826, 4883.048550274659, 4951.4586, 5046.852624445724, 4900.149874196624, 4901.8110260814665, 4992.016871627426, 4989.5788641922, 4979.946483195496, 5173.613249999999, 5557.497610549163, 5492.6903520607, 5733.034754691124, 5925.458022655486, 5780.462586819458, 5950.036765980531]
shares:[0, 7.9808, 15.528, 24.0604, 32.2237, 39.7425, 47.1609, 54.2885, 62.6011, 70.5947, 77.6819, 84.6651, 91.5474, 97.7586, 104.128, 110.6682, 117.1491, 123.5594, 129.5331, 135.1828, 140.6443, 146.418, 151.8059, 156.9926, 162.2836, 167.7932, 172.688, 177.2899, 181.9606, 186.8339, 191.6625, 196.7003, 201.7739, 206.7814, 211.5162, 216.3355, 221.0281, 225.6492, 230.3004, 234.9559, 239.8507, 244.8457, 249.8507, 254.9606, 260.1853, 265.3135, 270.1749, 275.1849, 280.0701, 284.8778, 289.8928, 294.8482]
growth_rate:16.67
