ticker:PKOH
price:[15.520000457763672, 14.859999656677246, 16.43000030517578, 15.470000267028809, 17.290000915527344, 18.030000686645508, 19.040000915527344, 20.030000686645508, 19.739999771118164, 23.149999618530273, 25.1299991607666, 26.280000686645508, 28.84000015258789, 31.610000610351562, 32.38999938964844, 32.08000183105469, 30.149999618530273, 30.899999618530273, 32.09000015258789, 31.149999618530273, 31.049999237060547, 28.190000534057617, 31.5, 31.049999237060547, 32.43000030517578, 32.33000183105469, 39.029998779296875, 39.900001525878906, 35.56999969482422, 32.689998626708984, 33.2400016784668, 34.52000045776367, 35.16999816894531, 34.75, 36.310001373291016, 37.91999816894531, 35.90999984741211, 36.380001068115234, 36.88999938964844, 36.81999969482422, 35.91999816894531, 32.189998626708984, 33.34000015258789, 31.610000610351562, 32.97999954223633, 30.649999618530273, 29.56999969482422, 29.09000015258789, 24.079999923706055, 24.15999984741211, 23.860000610351562, 25.549999237060547]
assets:[0, 100.00036768960952, 210.56524091110228, 298.2616051483154, 433.3513959465027, 551.898321018219, 682.8144168327332, 818.3176660526275, 906.4706594896315, 1163.0606108348848, 1362.5359894971846, 1524.8891558423998, 1773.43217338295, 2043.7667164627073, 2194.198967652893, 2273.198553749084, 2236.4365217037202, 2392.0678504692078, 2584.188458287811, 2608.4916230558397, 2700.1172486545565, 2551.4121113363267, 2950.9924499999997, 3008.8349710689545, 3242.5622255134585, 3332.563656744385, 4123.195422042847, 4315.105365020751, 3946.8258241378785, 3727.2613394195555, 3889.971028425598, 4139.766178896713, 4317.715165206909, 4366.153325, 4662.160604328918, 4968.881088066101, 4805.497725580597, 4968.394917871857, 5138.046492990113, 5228.29635866623, 5200.500926899719, 4760.472669908523, 5030.542597023392, 4869.511111024475, 5180.557692093658, 4914.555798833466, 4841.383684034729, 4862.794967507172, 4125.303714929581, 4239.009685227585, 4286.372757647706, 4689.975744954299]
shares:[0, 6.7295, 12.8159, 19.28, 25.0637, 30.61, 35.8621, 40.8546, 45.9205, 50.2402, 54.2195, 58.0247, 61.4921, 64.6557, 67.7431, 70.8603, 74.177, 77.4132, 80.5294, 83.7397, 86.9603, 90.5077, 93.6823, 96.9029, 99.9865, 103.0796, 105.6417, 108.148, 110.9594, 114.0184, 117.0268, 119.9237, 122.767, 125.6447, 128.3988, 131.0359, 133.8206, 136.5694, 139.2802, 141.9961, 144.7801, 147.8867, 150.8861, 154.0497, 157.0818, 160.3444, 163.7262, 167.1638, 171.3166, 175.4557, 179.6468, 183.5607]
growth_rate:-8.04
