ticker:PKW
price:[62.279998779296875, 60.959999084472656, 61.18000030517578, 59.099998474121094, 60.310001373291016, 62.959999084472656, 62.70000076293945, 62.529998779296875, 59.08000183105469, 62.689998626708984, 66.69999694824219, 66.97000122070312, 69.62999725341797, 71.94000244140625, 71.0999984741211, 72.08999633789062, 72.44999694824219, 73.33999633789062, 76.63999938964844, 77.2699966430664, 77.20999908447266, 74.08999633789062, 77.4800033569336, 79.29000091552734, 79.01000213623047, 78.69999694824219, 80.44000244140625, 83.61000061035156, 83.66999816894531, 84.13999938964844, 85.08999633789062, 86.36000061035156, 87.8499984741211, 87.73999786376953, 87.70999908447266, 90.93000030517578, 90.13999938964844, 89.27999877929688, 89.06999969482422, 90.27999877929688, 91.97000122070312, 87.80000305175781, 90.48999786376953, 91.33999633789062, 91.22000122070312, 88.55999755859375, 90.12000274658203, 90.63999938964844, 92.61000061035156, 94.11000061035156, 92.80000305175781, 95.62000274658203]
assets:[0, 99.99878249816895, 200.35838299942017, 293.54378242111204, 399.553759098053, 517.1093604804993, 614.9741474830627, 713.3047080749512, 773.9480239868163, 921.2420678192138, 1080.173100578308, 1184.5452905914306, 1331.5971044746398, 1475.7700160827637, 1558.540406552124, 1680.2447986450195, 1788.6382796585083, 1910.609580596924, 2096.579151303101, 2213.8163118225098, 2312.0997485839844, 2318.6686623931887, 2524.763389389038, 2683.7445189880373, 2774.270304009247, 2863.3813389663696, 3026.6918398620605, 3245.9659706954953, 3348.2976197250364, 3467.1064708496097, 3606.250188793945, 3760.0712465744014, 3924.944661827087, 4020.0273521232607, 4118.651053009033, 4369.850303665924, 4431.886307991028, 4489.605442614746, 4579.044149311066, 4741.25275189209, 4930.005930435181, 4806.479467063904, 5053.739694694519, 5201.20994746704, 5294.381504849243, 5239.997639544677, 5432.298585559845, 5563.646314535522, 5784.568814123535, 5978.262500772094, 5995.047237149048, 6277.223692306518]
shares:[0, 1.6404, 3.2749, 4.9669, 6.625, 8.2133, 9.8082, 11.4074, 13.1, 14.6952, 16.1945, 17.6877, 19.1239, 20.5139, 21.9204, 23.3076, 24.6879, 26.0514, 27.3562, 28.6504, 29.9456, 31.2953, 32.586, 33.8472, 35.1129, 36.3835, 37.6267, 38.8227, 40.0179, 41.2064, 42.3816, 43.5395, 44.6778, 45.8175, 46.9576, 48.0573, 49.1667, 50.2868, 51.4095, 52.5172, 53.6045, 54.7435, 55.8486, 56.9434, 58.0397, 59.1689, 60.2785, 61.3818, 62.4616, 63.5242, 64.6018, 65.6476]
growth_rate:23.08
