ticker:PLAB
price:[9.319999694824219, 8.920000076293945, 10.15999984741211, 9.800000190734863, 10.079999923706055, 10.779999732971191, 10.300000190734863, 10.359999656677246, 9.75, 10.779999732971191, 11.239999771118164, 11.100000381469727, 11.680000305175781, 12.890000343322754, 11.25, 11.180000305175781, 11.029999732971191, 11.15999984741211, 11.460000038146973, 11.960000038146973, 11.920000076293945, 11.100000381469727, 12.09000015258789, 13.270000457763672, 13.329999923706055, 11.90999984741211, 11.779999732971191, 12.010000228881836, 12.180000305175781, 12.600000381469727, 13.069999694824219, 13.039999961853027, 12.710000038146973, 12.699999809265137, 12.699999809265137, 13.199999809265137, 12.90999984741211, 13.420000076293945, 13.539999961853027, 13.229999542236328, 13.4399995803833, 13.270000457763672, 13.489999771118164, 12.989999771118164, 12.270000457763672, 12.729999542236328, 13.3100004196167, 13.369999885559082, 13.619999885559082, 13.229999542236328, 13.25, 14.420000076293945]
assets:[0, 100.00033685531616, 213.90152478752137, 306.3225259618759, 415.0742368583679, 543.8984185272217, 619.6799414752006, 723.289592030716, 780.702, 963.1757281414032, 1104.2760255134583, 1190.5216609142303, 1352.7285793441772, 1592.8663244256975, 1490.2053750000002, 1580.9325391540526, 1659.7215618192672, 1779.2834156723022, 1927.113606414795, 2111.1935587337493, 2204.133174107552, 2152.5065239744185, 2444.4868028518677, 2783.0720780052184, 2895.6558884267806, 2687.1913335723875, 2757.860501484871, 2911.706857490158, 3052.9219484924315, 3258.1950386430744, 3479.73057875061, 3571.7433575512887, 3581.353905748844, 3678.535894753933, 3778.5356932520863, 4027.2975018071174, 4038.8185742637634, 4298.36966043663, 4436.804789499951, 4435.223723539352, 4605.624432205582, 4647.369134316254, 4824.416477145195, 4745.601543383216, 4582.56664196434, 4854.366369439697, 5175.539092166233, 5298.869215644169, 5497.949941803932, 5440.519791755676, 5548.7449, 6138.709392478943]
shares:[0, 11.2108, 21.0533, 31.2574, 41.178, 50.4544, 60.1631, 69.8156, 80.072, 89.3484, 98.2452, 107.2542, 115.8158, 123.5738, 132.4627, 141.4072, 150.4734, 159.434, 168.16, 176.5212, 184.9105, 193.9195, 202.1908, 209.7266, 217.2285, 225.6248, 234.1138, 242.4402, 250.6504, 258.5869, 266.238, 273.9067, 281.7745, 289.6485, 297.5225, 305.0983, 312.8442, 320.2958, 327.6813, 335.2399, 342.6804, 350.2162, 357.6291, 365.3273, 373.4773, 381.3328, 388.8459, 396.3253, 403.6674, 411.226, 418.7732, 425.708]
growth_rate:20.37
