ticker:PLAY
price:[18.850000381469727, 16.530000686645508, 16.469999313354492, 15.994999885559082, 15.710000038146973, 16.100000381469727, 16.170000076293945, 20.450000762939453, 17.15999984741211, 18.5, 21.850000381469727, 23.780000686645508, 26.690000534057617, 26.670000076293945, 25.020000457763672, 27.780000686645508, 29.579999923706055, 30.020000457763672, 31.43000030517578, 33.65999984741211, 34.0, 34.02000045776367, 36.790000915527344, 37.959999084472656, 38.88999938964844, 40.61000061035156, 42.380001068115234, 46.52000045776367, 46.2599983215332, 49.099998474121094, 45.310001373291016, 44.06999969482422, 43.779998779296875, 46.75, 45.65999984741211, 44.849998474121094, 44.0099983215332, 41.15999984741211, 42.279998779296875, 41.31999969482422, 42.869998931884766, 39.66999816894531, 40.689998626708984, 39.93000030517578, 38.5099983215332, 35.290000915527344, 33.880001068115234, 33.279998779296875, 34.7599983215332, 35.66999816894531, 31.959999084472656, 38.279998779296875]
assets:[0, 99.99989215393066, 199.63615567703246, 293.8793318973541, 388.6434069437027, 498.29179180641177, 600.4583998331069, 859.3928770618438, 821.1334486984252, 985.2545, 1263.6663670618057, 1475.285084598732, 1755.817699133301, 1854.5011223051072, 1839.7681716602324, 2142.715900962067, 2381.553827857399, 2516.978906380463, 2735.1989195579526, 3029.2653462677, 3159.8648000000003, 3261.7219758888245, 3627.299103266144, 3842.656543321991, 4036.8013816452026, 4315.336433857728, 4603.421666021347, 5153.118142707443, 5224.3173984443665, 5645.0513745689395, 5309.312685918808, 5264.011625547791, 5329.369897402954, 5790.908475, 5755.890448764801, 5753.783879245758, 5746.020197856522, 5473.917771707153, 5722.86842677002, 5692.924937953949, 6006.4769673473365, 5658.127871836853, 5903.61017575264, 5893.344612041474, 5783.762733913422, 5400.1571070961, 5284.395898598098, 5290.8109419342045, 5626.10038433075, 5873.389795500183, 5362.504326385499, 6522.92327599182]
shares:[0, 6.0496, 12.1212, 18.3732, 24.7386, 30.9498, 37.1341, 42.0241, 47.8516, 53.257, 57.8337, 62.0389, 65.7856, 69.5351, 73.5319, 77.1316, 80.5123, 83.8434, 87.0251, 89.996, 92.9372, 95.8766, 98.5947, 101.2291, 103.8005, 106.2629, 108.6225, 110.7721, 112.9338, 114.9705, 117.1775, 119.4466, 121.7307, 123.8697, 126.0598, 128.2895, 130.5617, 132.9912, 135.3564, 137.7765, 140.1091, 142.6299, 145.0875, 147.5919, 150.1886, 153.0223, 155.9739, 158.9787, 161.8556, 164.6591, 167.788, 170.4003]
growth_rate:27.9
