ticker:PLBC
price:[20.450000762939453, 20.030000686645508, 20.56999969482422, 19.260000228881836, 19.56999969482422, 20.389999389648438, 20.579999923706055, 20.049999237060547, 20.1200008392334, 20.299999237060547, 22.520000457763672, 23.200000762939453, 24.530000686645508, 24.829999923706055, 24.549999237060547, 24.6200008392334, 23.139999389648438, 23.5, 24.170000076293945, 24.649999618530273, 25.149999618530273, 24.899999618530273, 25.149999618530273, 23.8799991607666, 24.780000686645508, 25.010000228881836, 29.170000076293945, 29.790000915527344, 31.020000457763672, 29.389999389648438, 29.649999618530273, 29.25, 28.5, 27.719999313354492, 26.549999237060547, 26.899999618530273, 28.440000534057617, 29.290000915527344, 30.43000030517578, 30.329999923706055, 31.0, 29.649999618530273, 31.75, 32.61000061035156, 31.520000457763672, 32.58000183105469, 33.150001525878906, 31.229999542236328, 31.950000762939453, 32.41999816894531, 32.369998931884766, 32.11000061035156]
assets:[0, 99.99977842807769, 202.69471999282837, 289.7859634437561, 394.4509568489074, 510.97950170440674, 615.7412497173309, 699.8833183681488, 802.3272854661941, 909.504925817871, 1108.968146541977, 1242.4528408584595, 1413.6786575717927, 1530.968135295868, 1613.703364850998, 1718.3037185726168, 1715.0094847640992, 1841.6903, 1994.1990302947997, 2133.8025669784543, 2277.0834804616925, 2354.4493439296725, 2478.087307412911, 2452.951125794029, 2645.3988853031155, 2769.952563349533, 3330.6889487113954, 3501.4809596099853, 3746.0528052806853, 3649.2092742156983, 3781.4927563482283, 3830.477625, 3832.2610500000005, 3827.3779211929323, 3765.8333067852022, 3915.4778644744874, 4239.636199613571, 4466.34729860611, 4740.181566538238, 4824.605219863892, 5031.1822, 4912.08282180233, 5359.987375, 5605.169954910278, 5517.81563213501, 5803.377986160279, 6004.910616403198, 5757.113003613281, 5989.842368032456, 6177.954851074219, 6268.427634160233, 6318.079316094971]
shares:[0, 4.9925, 9.8539, 15.046, 20.1559, 25.0603, 29.9194, 34.9069, 39.8771, 44.8032, 49.2437, 53.554, 57.6306, 61.658, 65.7313, 69.793, 74.1145, 78.3698, 82.5072, 86.564, 90.5401, 94.5562, 98.5323, 102.7199, 106.7554, 110.7538, 114.182, 117.5388, 120.7625, 124.165, 127.5377, 130.9565, 134.4653, 138.0728, 141.8393, 145.5568, 149.073, 152.4871, 155.7733, 159.0704, 162.2962, 165.6689, 168.8185, 171.885, 175.0576, 178.127, 181.1436, 184.3456, 187.4755, 190.56, 193.6493, 196.7636]
growth_rate:23.88
