ticker:PLBY
price:[10.0, 10.199999809265137, 10.5, 10.109999656677246, 10.180000305175781, 10.039999961853027, 10.071999549865723, 10.020000457763672, 10.010000228881836, 10.050000190734863, 10.029999732971191, 10.079999923706055, 10.076000213623047, 10.180000305175781, 10.6899995803833, 10.329999923706055, 10.649999618530273, 10.510000228881836, 11.0, 11.5, 11.5, 12.119999885559082, 12.649999618530273, 12.319999694824219, 14.319999694824219, 13.180000305175781, 12.359999656677246, 13.25, 18.299999237060547, 17.90999984741211, 23.3799991607666, 25.84000015258789, 38.400001525878906, 47.5, 49.7599983215332, 49.33000183105469, 46.91999816894531, 42.470001220703125, 45.56999969482422, 45.91999816894531, 43.369998931884766, 36.540000915527344, 39.11000061035156, 36.5099983215332, 35.18000030517578, 29.299999237060547, 28.239999771118164, 28.18000030517578, 26.56999969482422, 23.979999542236328, 21.25, 25.540000915527344]
assets:[0, 99.99977813005448, 202.94085, 295.4030689684868, 397.44858991470335, 491.9830901307106, 593.5509910732269, 690.4862475448608, 789.79702605896, 892.9525669469833, 991.1756066119194, 1096.1163277036667, 1195.6816641498567, 1308.0231492118835, 1473.5523021583556, 1523.9280737447737, 1671.136170141983, 1749.1677770925521, 1930.7178000000001, 2118.47825, 2218.4788, 2438.0834169788363, 2644.6987352472306, 2675.706813720703, 3210.0742355895995, 3054.5243807258607, 2964.48535365572, 3277.947975, 4627.279247085571, 4628.66573356514, 6142.334929518699, 6888.621040678024, 10336.961690753938, 12886.607500000002, 13599.735957263947, 13582.216858151245, 13018.66198394623, 11883.943000576783, 12851.382450936126, 13050.086935629273, 12425.396268987655, 10568.617932801819, 11411.950099095153, 10753.293456641006, 10461.568158750915, 8813.017850518798, 8594.185938345146, 8675.926047956085, 8280.245477895354, 7573.099675434113, 6810.941625, 8285.950159024811]
shares:[0, 9.8039, 19.3277, 29.2189, 39.0421, 49.0023, 58.9308, 68.9108, 78.9008, 88.851, 98.8211, 108.7417, 118.6663, 128.4895, 137.844, 147.5245, 156.9142, 166.4289, 175.5198, 184.2155, 192.9112, 201.162, 209.0671, 217.184, 224.1672, 231.7545, 239.8451, 247.3923, 252.8568, 258.4403, 262.7175, 266.5875, 269.1917, 271.297, 273.3066, 275.3338, 277.4651, 279.8197, 282.0141, 284.1918, 286.4975, 289.2342, 291.7911, 294.5301, 297.3726, 300.7856, 304.3267, 307.8753, 311.6389, 315.809, 320.5149, 324.4303]
growth_rate:62.47
