ticker:PLCE
price:[23.43000030517578, 24.5, 30.18000030517578, 27.389999389648438, 30.110000610351562, 28.420000076293945, 24.920000076293945, 28.219999313354492, 25.270000457763672, 26.670000076293945, 32.27000045776367, 40.20000076293945, 45.79999923706055, 47.31999969482422, 43.5099983215332, 45.209999084472656, 49.720001220703125, 50.099998474121094, 53.52000045776367, 57.27000045776367, 64.41000366210938, 73.47000122070312, 74.5999984741211, 72.2699966430664, 68.1500015258789, 69.25, 75.58000183105469, 83.66000366210938, 79.19999694824219, 72.94999694824219, 68.88999938964844, 74.0, 76.83999633789062, 75.93000030517578, 78.3499984741211, 80.81999969482422, 77.63999938964844, 91.88999938964844, 92.98999786376953, 92.66999816894531, 97.25, 86.83000183105469, 99.33000183105469, 93.04000091552734, 94.54000091552734, 84.16999816894531, 86.44999694824219, 84.33000183105469, 90.44999694824219, 102.75, 99.61000061035156, 90.5]
assets:[0, 99.9992, 223.18412025680541, 302.5526722579956, 432.599411769104, 508.3172793645859, 545.7156056707382, 717.981688530159, 742.9279054580688, 884.0864995290756, 1169.7229765930174, 1557.1711495529173, 1874.0901687812805, 2036.2884228675841, 1972.334329914093, 2149.396381473541, 2463.8149964904787, 2582.6449013412475, 2858.9474404529574, 3159.2652132522585, 3653.142177703857, 4266.998077896118, 4432.627469334411, 4394.182016890717, 4243.680150016022, 4412.173725000001, 4915.481463085937, 5540.977728549195, 5345.580034022521, 5023.738014839172, 4844.144976081848, 5303.468999999999, 5607.006848776245, 5640.604339670563, 5920.376604699707, 6207.016386562347, 6062.791092338562, 7275.556103674317, 7462.651906562805, 7536.9714220779415, 8009.4711, 7251.286331913758, 8395.17309475708, 7963.554190362549, 8191.947803330993, 7393.383218162537, 7693.652058407593, 7604.98076112671, 8256.890781414795, 9479.715, 9290.017135923768, 8540.38545]
shares:[0, 4.0816, 7.3951, 11.0461, 14.3673, 17.8859, 21.8987, 25.4423, 29.3996, 33.1491, 36.248, 38.7356, 40.919, 43.0323, 45.3306, 47.5425, 49.5538, 51.5498, 53.4183, 55.1644, 56.717, 58.0781, 59.4186, 60.8023, 62.2697, 63.7137, 65.0368, 66.2321, 67.4947, 68.8655, 70.3171, 71.6685, 72.9699, 74.2869, 75.5632, 76.8005, 78.0885, 79.1768, 80.2522, 81.3313, 82.3596, 83.5113, 84.518, 85.5928, 86.6506, 87.8387, 88.9954, 90.1812, 91.2868, 92.26, 93.2639, 94.3689]
growth_rate:67.46
