ticker:PLIN
price:[0.800000011920929, 0.7549999952316284, 0.7300000190734863, 0.6650000214576721, 0.699999988079071, 0.7160000205039978, 0.7599999904632568, 1.0499999523162842, 0.9100000262260437, 0.7900000214576721, 0.7910000085830688, 0.75, 0.8370000123977661, 0.8450000286102295, 0.8450000286102295, 0.9639999866485596, 0.8999999761581421, 0.9539999961853027, 0.9160000085830688, 1.0099999904632568, 1.0499999523162842, 0.9190000295639038, 1.100000023841858, 1.2699999809265137, 1.3799999952316284, 1.1100000143051147, 1.0199999809265137, 1.0399999618530273, 1.1299999952316284, 1.0, 1.0399999618530273, 1.0, 0.8299999833106995, 0.8299999833106995, 0.8199999928474426, 0.7419999837875366, 1.1200000047683716, 1.2100000381469727, 1.350000023841858, 1.7699999809265137, 1.3200000524520874, 1.3899999856948853, 1.4299999475479126, 1.5099999904632568, 1.399999976158142, 1.2799999713897705, 1.159999966621399, 1.2200000286102295, 1.2300000190734863, 1.2899999618530273, 1.2899999618530273, 1.2400000095367432]
assets:[0, 99.99997586842775, 196.68872313909532, 279.175321508199, 393.86871329245565, 502.87144480066297, 633.7741000471831, 975.6089256946086, 945.5277922499479, 920.8428270115734, 1022.0083970897198, 1069.034475, 1293.0424823527335, 1405.401343584442, 1505.4013509702681, 1817.4044964288712, 1796.7469024024606, 2004.5517561845302, 2024.705900571823, 2332.4813529759645, 2524.856765338516, 2309.8509748070837, 2864.783522092509, 3407.5227248241426, 3802.662574860501, 3158.663437707245, 3002.5554818537234, 3161.4290120394708, 3535.0143540829536, 3228.3313, 3457.464377180958, 3424.4851, 2942.3225508369806, 3042.3225258262214, 3105.6680549104035, 2910.250818411946, 4492.831523128117, 4953.86272917757, 5627.036889377046, 7477.670421420765, 5676.56808956654, 6077.597851452708, 6352.492627991951, 6807.877086003327, 6411.938990805328, 5962.344186731219, 5503.374385642291, 5888.031970080281, 6036.29446560421, 6430.747591834449, 6530.747614877319, 6377.6181450497625]
shares:[0, 132.4503, 269.4366, 419.8125, 562.6696, 702.3344, 833.9133, 929.1514, 1039.0415, 1165.6238, 1292.046, 1425.3793, 1544.8536, 1663.1968, 1781.54, 1885.2744, 1996.3855, 2101.2073, 2210.3776, 2309.3875, 2404.6256, 2513.4395, 2604.3486, 2683.0888, 2755.5526, 2845.6427, 2943.6819, 3039.8357, 3128.3313, 3228.3313, 3324.4851, 3424.4851, 3544.967, 3665.4489, 3787.4001, 3922.171, 4011.4567, 4094.1013, 4168.1754, 4224.6726, 4300.4302, 4372.3726, 4442.3027, 4508.5279, 4579.9565, 4658.0815, 4744.2884, 4826.2556, 4907.5564, 4985.0758, 5062.5952, 5143.2404]
growth_rate:25.05
