ticker:PLL
price:[6.059999942779541, 7.050000190734863, 11.0, 11.0, 26.110000610351562, 39.11000061035156, 30.139999389648438, 25.780000686645508, 19.940000534057617, 22.510000228881836, 26.719999313354492, 26.34000015258789, 29.299999237060547, 25.389999389648438, 26.0, 28.059999465942383, 28.479999542236328, 26.549999237060547, 33.880001068115234, 40.90999984741211, 48.13999938964844, 49.68000030517578, 50.43000030517578, 56.38999938964844, 59.400001525878906, 67.16999816894531, 55.5, 71.81999969482422, 78.94000244140625, 70.4000015258789, 68.0999984741211, 69.30000305175781, 65.06999969482422, 69.7699966430664, 70.69999694824219, 65.86000061035156, 58.369998931884766, 60.66999816894531, 64.9000015258789, 71.87999725341797, 73.30999755859375, 67.8499984741211, 72.94000244140625, 77.80000305175781, 71.05000305175781, 64.4000015258789, 52.31999969482422, 55.060001373291016, 59.779998779296875, 64.13999938964844, 51.97999954223633, 55.72999954223633]
assets:[0, 100.0000227054596, 256.0283, 356.02819999999997, 945.0828040924072, 1515.6337646530153, 1268.0199143218993, 1184.591031551361, 1016.2421272182465, 1247.2228376817702, 1580.4879593849182, 1658.0108196048736, 1944.3332993717192, 1784.8687160934448, 1927.7518, 2180.4892444993975, 2313.1256268207553, 2256.3729251609802, 2979.3192059272765, 3697.519424208832, 4450.981017567444, 4693.368988830566, 4864.220636435699, 5539.093777046204, 5934.761072453308, 6811.078116329956, 5727.7332, 7511.9985040802, 8356.714962451171, 7552.660003699493, 7405.908884059906, 7636.409886283875, 7270.290586902618, 7895.423992117309, 8100.664250335693, 7646.10897485962, 6876.546226165771, 7247.510574266052, 7852.815814629364, 8797.385675846099, 9072.405437866211, 8496.706038917542, 9234.116781079101, 9949.383370271302, 9186.16857456665, 8426.37955965271, 6945.778183486175, 7409.528998806381, 8144.707999685668, 8838.735647891235, 7263.040584037781, 7887.02099521637]
shares:[0, 14.1844, 23.2753, 32.3662, 36.1962, 38.7531, 42.071, 45.95, 50.965, 55.4075, 59.15, 62.9465, 66.3595, 70.2981, 74.1443, 77.7081, 81.2193, 84.9858, 87.9374, 90.3818, 92.4591, 94.472, 96.4549, 98.2283, 99.9118, 101.4006, 103.2024, 104.5948, 105.8616, 107.2821, 108.7505, 110.1935, 111.7303, 113.1636, 114.578, 116.0964, 117.8096, 119.4579, 120.9987, 122.3899, 123.754, 125.2278, 126.5988, 127.8841, 129.2916, 130.8444, 132.7557, 134.5719, 136.2447, 137.8038, 139.7276, 141.522]
growth_rate:54.65
