ticker:PLMIU
price:[9.8100004196167, 9.899999618530273, 9.960000038146973, 10.029999732971191, 10.015000343322754, 10.0, 10.0, 9.989999771118164, 9.949999809265137, 9.979999542236328, 9.989999771118164, 9.9399995803833, 9.970000267028809, 9.979999542236328, 10.039999961853027, 10.010000228881836, 9.949999809265137, 9.989999771118164, 10.0, 9.925000190734863, 9.9350004196167, 9.850000381469727, 9.899999618530273, 9.819999694824219, 9.819999694824219, 9.800000190734863]
assets:[0, 99.9998961467743, 200.60635276832582, 302.0163309594154, 401.5644582659721, 500.96299999999997, 600.963, 700.3619209539414, 797.5581547113418, 899.9624267204284, 1000.864111069107, 1095.8551337385177, 1199.1627191174507, 1300.3649983547211, 1408.1832866496086, 1503.9755073888778, 1594.961089425659, 1701.372885019684, 1803.076, 1889.5532963127134, 1991.45692511158, 2074.4189453378676, 2184.9487258089066, 2267.2925935394287, 2367.2925964317324, 2462.471527926445]
shares:[0, 10.101, 20.1412, 30.1113, 40.0963, 50.0963, 60.0963, 70.1063, 80.1566, 90.1766, 100.1866, 110.247, 120.2771, 130.2971, 140.2573, 150.2473, 160.2976, 170.3076, 180.3076, 190.3832, 200.4486, 210.6009, 220.7019, 230.8852, 241.0685, 251.2726]
growth_rate:-1.5
