ticker:PLMR
price:[106.88999938964844, 104.63999938964844, 100.52999877929688, 99.19000244140625, 105.7300033569336, 84.05999755859375, 91.05999755859375, 93.06999969482422, 89.16999816894531, 98.6500015258789, 75.68000030517578, 70.11000061035156, 67.37000274658203, 65.9000015258789, 72.52999877929688, 88.51000213623047, 91.16000366210938, 88.83999633789062, 98.9800033569336, 98.05999755859375, 99.93000030517578, 99.58999633789062, 104.3499984741211, 111.87000274658203, 99.79000091552734, 85.12999725341797, 75.9000015258789, 77.27999877929688, 69.97000122070312, 69.37999725341797, 68.5199966430664, 75.25, 74.94999694824219, 72.73999786376953, 70.36000061035156, 67.62000274658203, 65.76000213623047, 68.51000213623047, 73.0, 72.58000183105469, 76.31999969482422, 76.08000183105469, 78.43000030517578, 75.5999984741211, 75.12000274658203, 74.30999755859375, 76.69000244140625, 81.43000030517578, 85.0199966430664, 84.51000213623047, 85.19999694824219, 93.19999694824219]
assets:[0, 100.00444741668701, 196.07370961914063, 293.46354122314455, 412.8122251068115, 428.20162756347656, 563.8617168823242, 676.3117667823792, 747.975778640747, 927.4974493461608, 811.5393472724915, 851.8084634155273, 918.5158804466248, 998.4772831192017, 1198.9281328216553, 1563.0777867256165, 1709.8790726898194, 1766.3612271881104, 2067.969414135742, 2148.7495025024414, 2289.7260759925844, 2381.933778411865, 2595.779257042694, 2882.8452227783205, 2671.5479675102233, 2379.07695524292, 2221.130054653168, 2361.514474697876, 2238.1374260467533, 2319.2623001861575, 2390.511938883972, 2725.3066750000003, 2814.4398404037474, 2831.4553348457334, 2838.8149446258544, 2828.2674728782654, 2850.4725085983277, 3069.6728577163694, 3370.8552999999997, 3451.4621490737914, 3729.3157290878294, 3817.587979879761, 4035.5058637023926, 3989.895759469605, 4064.5630606109617, 4120.734587615967, 4352.717475567627, 4721.74299669571, 5029.910531398773, 5099.739176910401, 5241.376012260437, 5833.527608985901]
shares:[0, 0.9557, 1.9504, 2.9586, 3.9044, 5.094, 6.1922, 7.2667, 8.3882, 9.4019, 10.7233, 12.1496, 13.6339, 15.1514, 16.5301, 17.6599, 18.7569, 19.8825, 20.8928, 21.9126, 22.9133, 23.9174, 24.8757, 25.7696, 26.7717, 27.9464, 29.2639, 30.5579, 31.9871, 33.4284, 34.8878, 36.2167, 37.5509, 38.9257, 40.347, 41.8259, 43.3466, 44.8062, 46.1761, 47.5539, 48.8642, 50.1786, 51.4536, 52.7764, 54.1076, 55.4533, 56.7573, 57.9853, 59.1615, 60.3448, 61.5185, 62.5915]
growth_rate:14.38
