ticker:PLPC
price:[53.97999954223633, 50.7400016784668, 53.04999923706055, 48.349998474121094, 48.939998626708984, 49.279998779296875, 51.84000015258789, 51.34000015258789, 55.029998779296875, 53.95000076293945, 57.099998474121094, 57.869998931884766, 61.0, 65.5, 67.08000183105469, 64.62999725341797, 65.73999786376953, 68.44000244140625, 70.72000122070312, 71.63999938964844, 69.70999908447266, 64.29000091552734, 70.51000213623047, 66.9000015258789, 68.4000015258789, 73.36000061035156, 69.48999786376953, 73.94000244140625, 66.80000305175781, 68.54000091552734, 69.26000213623047, 67.05000305175781, 68.02999877929688, 65.44999694824219, 66.19999694824219, 69.66000366210938, 76.8499984741211, 72.30999755859375, 74.41999816894531, 76.2699966430664, 79.4000015258789, 74.19999694824219, 77.05000305175781, 75.05000305175781, 75.25, 72.31999969482422, 73.4000015258789, 68.5199966430664, 72.41999816894531, 73.27999877929688, 69.88999938964844, 70.5]
assets:[0, 99.99839530792237, 204.55018705825805, 286.4302259605408, 389.92454505844114, 492.6324357971192, 618.2231058197021, 712.2603581169128, 863.4536988464355, 946.5096033851623, 1101.7730205574037, 1216.6299225444793, 1382.4308, 1584.4122499999999, 1722.6345710220337, 1759.719713217163, 1889.9394765861512, 2067.5587857543946, 2236.435174603271, 2365.5312878463747, 2401.8022504562377, 2315.0636459678653, 2639.0413089546205, 2603.9286893913268, 2762.313541622162, 3062.618633480835, 3001.0575887428286, 3293.2359507385254, 3075.224980491638, 3255.327905483246, 3389.522170545197, 3381.3651789016726, 3530.7841486450193, 3496.882071949768, 3636.9550123397826, 3927.0409104492187, 4432.369771994019, 4270.519990814209, 4495.131613400268, 4706.87318383255, 5000.032476088715, 4772.573483709717, 5055.89021525116, 5024.650239317321, 5138.0399, 5037.977514740754, 5213.2130883750915, 4966.61028867569, 5349.295922749329, 5512.817668167115, 5357.788320210267, 5504.54835]
shares:[0, 1.9708, 3.8558, 5.9241, 7.9674, 9.9966, 11.9256, 13.8734, 15.6906, 17.5442, 19.2955, 21.0235, 22.6628, 24.1895, 25.6803, 27.2276, 28.7487, 30.2098, 31.6238, 33.0197, 34.4542, 36.0097, 37.4279, 38.9227, 40.3847, 41.7478, 43.1869, 44.5393, 46.0363, 47.4953, 48.9391, 50.4305, 51.9004, 53.4283, 54.9389, 56.3744, 57.6756, 59.0585, 60.4022, 61.7133, 62.9727, 64.3204, 65.6183, 66.9507, 68.2796, 69.6623, 71.0247, 72.4841, 73.8649, 75.2295, 76.6603, 78.0787]
growth_rate:7.93
