ticker:PLRX
price:[23.290000915527344, 26.219999313354492, 28.209999084472656, 21.540000915527344, 20.09000015258789, 24.31999969482422, 24.850000381469727, 23.770000457763672, 21.6200008392334, 21.84000015258789, 24.760000228881836, 28.6200008392334, 32.9900016784668, 28.200000762939453, 26.639999389648438, 25.489999771118164, 25.40999984741211, 22.719999313354492, 27.43000030517578, 26.1299991607666, 26.5, 24.610000610351562, 34.099998474121094, 31.31999969482422, 33.15999984741211, 33.09000015258789, 31.510000228881836, 38.060001373291016, 39.18000030517578, 39.650001525878906, 35.900001525878906, 33.900001525878906, 29.93000030517578, 29.8700008392334, 33.5, 32.900001525878906, 28.049999237060547, 30.209999084472656, 30.059999465942383, 30.809999465942383, 33.0, 28.93000030517578, 29.299999237060547, 28.1200008392334, 26.969999313354492, 24.790000915527344, 25.40999984741211, 20.200000762939453, 22.6200008392334, 19.81999969482422, 18.459999084472656, 17.969999313354492]
assets:[0, 100.0004553812027, 207.58892026290894, 258.5058589874268, 341.10409459075925, 512.9233855636596, 624.1003045804977, 696.9768224224091, 733.9341684894563, 841.4034778785705, 1053.8995057422637, 1318.2000326539994, 1619.4758833957671, 1484.3352401580812, 1502.2242375823976, 1537.3758071954726, 1632.5518341964723, 1559.7234088619232, 1983.0628440628052, 1989.0782481155395, 2117.244, 2066.240885244751, 2963.01706741333, 2821.455908508301, 3087.212565793991, 3180.696848667145, 3128.8232847270965, 3879.212355970764, 4093.365793883514, 4242.470863265991, 3941.227817516327, 3821.6624320175174, 3474.109820423126, 3567.144201223183, 4100.6479, 4127.203201416779, 3618.786501571655, 3997.453540855408, 4077.6058615556717, 4279.342551822281, 4683.5217, 4205.886839366913, 4359.678736478805, 4284.101811857796, 4208.8976378431325, 3968.6907425689697, 4167.948913971329, 3413.3638089202877, 3922.292311522484, 3536.7738995429995, 3394.0886596694945, 3403.995871931076]
shares:[0, 3.8139, 7.3587, 12.0012, 16.9788, 21.0906, 25.1147, 29.3217, 33.947, 38.5258, 42.5646, 46.0587, 49.0899, 52.636, 56.3898, 60.3129, 64.2484, 68.6498, 72.2954, 76.1224, 79.896, 83.9594, 86.892, 90.0848, 93.1005, 96.1226, 99.2962, 101.9236, 104.4759, 106.998, 109.7835, 112.7334, 116.0745, 119.4223, 122.4074, 125.4469, 129.012, 132.3222, 135.6489, 138.8946, 141.9249, 145.3815, 148.7945, 152.3507, 156.0585, 160.0924, 164.0279, 168.9784, 173.3993, 178.4447, 183.8618, 189.4266]
growth_rate:-33.25
