ticker:PLSE
price:[9.270000457763672, 11.25, 13.140000343322754, 11.710000038146973, 13.40999984741211, 15.649999618530273, 14.710000038146973, 12.369999885559082, 12.109999656677246, 12.149999618530273, 14.859999656677246, 14.40999984741211, 14.699999809265137, 17.139999389648438, 17.770000457763672, 22.110000610351562, 21.139999389648438, 23.860000610351562, 26.40999984741211, 26.940000534057617, 29.530000686645508, 34.150001525878906, 44.150001525878906, 39.959999084472656, 35.459999084472656, 29.25, 25.68000030517578, 30.8700008392334, 23.579999923706055, 23.09000015258789, 23.639999389648438, 21.809999465942383, 21.030000686645508, 20.950000762939453, 19.260000228881836, 17.149999618530273, 17.450000762939453, 18.700000762939453, 18.040000915527344, 18.540000915527344, 17.459999084472656, 17.34000015258789, 18.0, 17.25, 18.43000030517578, 18.059999465942383, 20.059999465942383, 20.5, 22.899999618530273, 22.43000030517578, 21.920000076293945, 25.40999984741211]
assets:[0, 100.000125, 216.79949366455077, 293.20551995515825, 435.7713550415039, 608.5627551662445, 672.0101707427025, 665.1101538467408, 751.1299947052001, 853.6115881994248, 1144.005989569092, 1209.3621191940308, 1333.7001126950265, 1655.0760490631105, 1815.9110157787322, 2359.413440132141, 2355.902837980652, 2759.0273105773927, 3153.892745777893, 3317.1869217597964, 3736.1002508735655, 4420.618662520599, 5815.089415976715, 5363.215293122863, 4859.250336540985, 4108.264875, 3706.846412051392, 4556.010813859939, 3580.1018704164503, 3605.7067158279424, 3791.5934981063842, 3598.0828518943786, 3569.403089543724, 3655.8254131347653, 3460.916111128807, 3181.7605392276764, 3337.419090916824, 3676.4893399967195, 3646.7302610710144, 3847.8029140090944, 3723.6590847473144, 3798.0669334220884, 4042.6308, 3974.187825, 4346.0447199646, 4358.79351310482, 4941.494010442543, 5149.88085, 5852.793352503777, 5832.6703633575435, 5800.049556187439, 6823.507342024612]
shares:[0, 8.8889, 16.4992, 25.0389, 32.496, 38.8858, 45.6839, 53.768, 62.0256, 70.2561, 76.9856, 83.9252, 90.7279, 96.5622, 102.1897, 106.7125, 111.4429, 115.634, 119.4204, 123.1324, 126.5188, 129.4471, 131.7121, 134.2146, 137.0347, 140.4535, 144.3476, 147.587, 151.8279, 156.1588, 160.3889, 164.974, 169.7291, 174.5024, 179.6945, 185.5254, 191.2561, 196.6037, 202.1469, 207.5406, 213.268, 219.035, 224.5906, 230.3877, 235.8136, 241.3507, 246.3357, 251.2137, 255.5805, 260.0388, 264.6008, 268.5363]
growth_rate:33.79
