ticker:PLTK
price:[30.239999771118164, 29.139999389648438, 31.0, 33.810001373291016, 32.36000061035156, 29.75, 28.09000015258789, 26.100000381469727, 25.790000915527344, 25.270000457763672, 26.850000381469727, 27.0, 25.93000030517578, 27.770000457763672, 27.780000686645508, 27.479999542236328, 25.200000762939453, 26.84000015258789, 27.43000030517578, 25.81999969482422, 25.75, 23.959999084472656, 24.399999618530273, 23.100000381469727, 23.100000381469727, 23.049999237060547, 23.25, 22.229999542236328, 25.110000610351562, 24.43000030517578, 25.440000534057617, 25.93000030517578, 26.540000915527344, 26.389999389648438]
assets:[0, 99.99973590545655, 206.3825, 325.08992520446776, 411.1467517547607, 477.984325, 551.3140059947967, 612.256418948555, 704.9851490264892, 790.7715973247527, 940.2145183580399, 1045.4669999999999, 1104.034587993622, 1282.3769661388396, 1382.8384301799774, 1467.9046315475464, 1446.114643781662, 1640.2273013248443, 1776.2817867622375, 1772.0239970558168, 1867.2200500000001, 1837.4204497909545, 1971.1637291828154, 1966.142672468567, 2066.142574119949, 2161.670418450165, 2280.427425, 2280.3822520420076, 2675.817083041382, 2703.352986769867, 2915.116237196541, 3071.2633281463623, 3243.5145538887023, 3325.1821470947266]
shares:[0, 3.4317, 6.6575, 9.6152, 12.7054, 16.0667, 19.6267, 23.4581, 27.3356, 31.2929, 35.0173, 38.721, 42.5775, 46.1785, 49.7782, 53.4172, 57.3855, 61.1113, 64.7569, 68.6299, 72.5134, 76.687, 80.7854, 85.1144, 89.4434, 93.7818, 98.0829, 102.5813, 106.5638, 110.6571, 114.5879, 118.4444, 122.2123, 126.0016]
growth_rate:0.76
