ticker:PLUG
price:[11.760000228881836, 11.710000038146973, 13.5600004196167, 11.649999618530273, 14.140000343322754, 18.43000030517578, 16.270000457763672, 15.029999732971191, 14.0, 18.860000610351562, 23.43000030517578, 24.360000610351562, 26.239999771118164, 24.850000381469727, 26.770000457763672, 31.6299991607666, 35.58000183105469, 33.90999984741211, 53.779998779296875, 60.13999938964844, 66.87000274658203, 63.16999816894531, 65.7699966430664, 63.189998626708984, 55.88999938964844, 48.380001068115234, 39.29999923706055, 47.25, 38.279998779296875, 34.029998779296875, 35.2599983215332, 32.29999923706055, 27.239999771118164, 27.979999542236328, 28.510000228881836, 23.049999237060547, 24.579999923706055, 27.889999389648438, 30.700000762939453, 30.579999923706055, 31.850000381469727, 29.170000076293945, 31.850000381469727, 32.47999954223633, 29.389999389648438, 26.010000228881836, 26.809999465942383, 27.280000686645508, 25.899999618530273, 24.989999771118164, 24.229999542236328, 26.600000381469727]
assets:[0, 99.9998873257637, 215.79791467790605, 285.40169065475465, 446.4012248387337, 681.8362912902833, 701.9252407489777, 748.4293577031135, 797.1404, 1173.8615259887695, 1558.3012042968749, 1720.1546470993042, 1952.9093589654922, 1949.4576799259185, 2200.0791026210786, 2699.4970713747025, 3136.615547419739, 3089.3942730983736, 4999.6629645172125, 5690.921848243714, 6427.765335010528, 6172.1067920944215, 6526.146302902222, 6370.139528559494, 5734.230102378845, 5063.717001794815, 4213.352918205261, 5165.6724, 4285.013299356079, 3909.274378768921, 4150.5742864219665, 3902.143527829742, 3390.848791508675, 3582.9648513813017, 3750.8326501121524, 3132.5041163162227, 3440.430635321236, 4003.72655038147, 4507.113162008285, 4589.495316549683, 4880.098463449288, 4569.465926951408, 5089.286080954742, 5289.952565444946, 4886.689893516541, 4424.696390936279, 4660.789719156647, 4842.4974738870615, 4697.532140812111, 4632.483722571373, 4591.599451253509, 5140.716073722839]
shares:[0, 8.5397, 15.9143, 24.498, 31.5701, 36.996, 43.1423, 49.7957, 56.9386, 62.2408, 66.5088, 70.6139, 74.4249, 78.449, 82.1845, 85.3461, 88.1567, 91.1057, 92.9651, 94.6279, 96.1233, 97.7063, 99.2268, 100.8093, 102.5985, 104.6655, 107.21, 109.3264, 111.9387, 114.8773, 117.7134, 120.8094, 124.4805, 128.0545, 131.562, 135.9004, 139.9687, 143.5542, 146.8115, 150.0816, 153.2213, 156.6495, 159.7892, 162.868, 166.2705, 170.1152, 173.8452, 177.5109, 181.3719, 185.3735, 189.5006, 193.26]
growth_rate:0.8
