ticker:PLUS
price:[75.97000122070312, 73.05000305175781, 75.20999908447266, 72.12000274658203, 73.25, 76.91999816894531, 78.80999755859375, 74.18000030517578, 67.51000213623047, 75.05000305175781, 78.79000091552734, 80.66000366210938, 85.54000091552734, 88.5, 83.26000213623047, 88.63999938964844, 86.36000061035156, 87.94999694824219, 93.38999938964844, 91.37000274658203, 92.2699966430664, 84.04000091552734, 91.69000244140625, 95.23999786376953, 89.62000274658203, 94.55999755859375, 99.20999908447266, 105.47000122070312, 101.4000015258789, 102.20999908447266, 99.33000183105469, 95.80000305175781, 99.2699966430664, 99.95999908447266, 100.36000061035156, 102.30999755859375, 101.7699966430664, 92.68000030517578, 94.56999969482422, 91.91999816894531, 91.54000091552734, 86.12999725341797, 87.75, 86.79000091552734, 88.38999938964844, 88.79000091552734, 89.62000274658203, 92.45999908447266, 99.79000091552734, 101.62000274658203, 108.04000091552734, 108.0]
assets:[0, 99.99814917755127, 202.95418252944947, 294.6174232200622, 399.23447500000003, 519.2407556396485, 632.0010134216308, 694.8737348587036, 732.3957601753234, 914.1915921737672, 1059.7491493141174, 1184.9035197967528, 1356.5874285194398, 1503.5265000000002, 1514.507764858246, 1712.3741002090455, 1768.3246444976805, 1900.880874041748, 2118.4587461547853, 2172.6416103096008, 2294.04433753891, 2189.4269118515012, 2488.7233982666016, 2685.0822117736816, 2626.636812498474, 2871.4183418640137, 3112.6244322761536, 3409.022473455811, 3377.4718108245847, 3504.453796609497, 3505.703419624329, 3481.113450892639, 3707.2082436363225, 3832.9761608940125, 3948.3129640121465, 4125.026560565186, 4203.253516353607, 3927.824752933502, 4107.922189743805, 4092.811454470825, 4175.89006976471, 4029.09236751709, 4204.874699999999, 4258.872134925842, 4437.381266358948, 4557.466440992737, 4700.0672720428465, 4949.004664995575, 5441.349169921875, 5641.139754468536, 6097.529159670257, 6195.2688]
shares:[0, 1.3689, 2.6985, 4.0851, 5.4503, 6.7504, 8.0193, 9.3674, 10.8487, 12.1811, 13.4503, 14.6901, 15.8591, 16.989, 18.1901, 19.3183, 20.4762, 21.6132, 22.684, 23.7785, 24.8623, 26.0522, 27.1428, 28.1928, 29.3086, 30.3661, 31.3741, 32.3222, 33.3084, 34.2868, 35.2935, 36.3373, 37.3447, 38.3451, 39.3415, 40.3189, 41.3015, 42.3805, 43.4379, 44.5258, 45.6182, 46.7792, 47.9188, 49.071, 50.2023, 51.3286, 52.4444, 53.5259, 54.528, 55.5121, 56.4377, 57.3636]
growth_rate:21.48
