ticker:PLW
price:[39.18000030517578, 39.43000030517578, 39.310001373291016, 39.5099983215332, 39.220001220703125, 38.849998474121094, 39.04999923706055, 38.529998779296875, 38.45000076293945, 38.709999084472656, 38.4900016784668, 38.91999816894531, 38.7599983215332, 38.11000061035156, 38.58000183105469, 38.290000915527344, 38.34000015258789, 38.43000030517578, 37.560001373291016, 37.630001068115234, 37.61000061035156, 37.630001068115234, 37.150001525878906, 37.040000915527344, 36.45000076293945, 36.29999923706055, 35.650001525878906, 35.2599983215332, 35.02000045776367, 35.279998779296875, 35.36000061035156, 35.41999816894531, 35.66999816894531, 35.77000045776367, 35.59000015258789, 35.709999084472656, 35.400001525878906, 35.4900016784668, 35.58000183105469, 35.79999923706055, 36.189998626708984, 36.540000915527344, 36.0099983215332, 36.459999084472656, 36.75, 36.97999954223633, 37.02000045776367, 37.18000030517578, 36.939998626708984, 37.04999923706055, 37.279998779296875, 37.08000183105469]
assets:[0, 99.99842377395629, 199.69480697631838, 300.7105972251892, 398.50266640319825, 494.7430755683899, 597.2892633304596, 689.3363551605224, 787.9058806339265, 893.2332288742065, 988.157662091446, 1099.198048286438, 1194.6800482654571, 1274.6461354141236, 1390.3653959884643, 1479.9123643852236, 1581.8432282955168, 1685.5551853851318, 1747.3964318893431, 1850.6547415302277, 1949.6723436401367, 2050.710879208755, 2124.5528622627257, 2218.2626868293764, 2282.929157784271, 2373.533530113983, 2431.030644052124, 2504.4365827823635, 2587.389697821045, 2706.6003623504635, 2812.7395365509033, 2917.5133711776734, 3038.1064860443116, 3146.622554268646, 3230.7890338516236, 3341.6810073265074, 3412.6734270996094, 3521.3499075389864, 3630.280956825256, 3752.727760025024, 3893.609572250366, 4031.2646390052796, 4072.7920271625517, 4223.686717941284, 4357.282125, 4484.553450487137, 4589.402774749375, 4709.237428653717, 4778.838966340638, 4893.071134241104, 5023.446283511353, 5096.497931671142]
shares:[0, 2.5361, 5.08, 7.611, 10.1607, 12.7347, 15.2955, 17.8909, 20.4917, 23.075, 25.6731, 28.2425, 30.8225, 33.4465, 36.0385, 38.6501, 41.2583, 43.8604, 46.5228, 49.1803, 51.8392, 54.4967, 57.1885, 59.8883, 62.6318, 65.3866, 68.1916, 71.0277, 73.8832, 76.7177, 79.5458, 82.3691, 85.1726, 87.9682, 90.778, 93.5783, 96.4032, 99.2209, 102.0315, 104.8248, 107.588, 110.3247, 113.1017, 115.8444, 118.5655, 121.2697, 123.9709, 126.6605, 129.3676, 132.0667, 134.7491, 137.446]
growth_rate:-0.07
