ticker:PLXP
price:[3.6040000915527344, 3.619999885559082, 3.3299999237060547, 3.25, 3.25, 3.2899999618530273, 3.109999895095825, 3.309999942779541, 3.009999990463257, 3.180000066757202, 4.304999828338623, 5.119999885559082, 5.699999809265137, 5.510000228881836, 5.510000228881836, 5.800000190734863, 6.230000019073486, 5.519999980926514, 6.050000190734863, 5.940999984741211, 5.5, 5.380000114440918, 6.110000133514404, 9.520000457763672, 7.619999885559082, 7.429999828338623, 8.149999618530273, 7.980000019073486, 9.789999961853027, 8.380000114440918, 9.40999984741211, 9.5600004196167, 10.609999656677246, 11.069999694824219, 10.979999542236328, 10.34000015258789, 11.069999694824219, 11.899999618530273, 14.819999694824219, 15.010000228881836, 12.300000190734863, 12.520000457763672, 14.149999618530273, 13.220000267028809, 12.850000381469727, 16.700000762939453, 19.889999389648438, 18.729999542236328, 19.09000015258789, 17.049999237060547, 17.18000030517578, 17.950000762939453]
assets:[0, 99.99996283864975, 191.988814601326, 287.376375, 387.376275, 492.14385629367825, 565.217911934495, 701.5664038719177, 737.9803596618175, 879.6602044665575, 1290.8606560270787, 1635.239899449539, 1920.482125736332, 1956.4660862703322, 2056.465978424263, 2264.701134475422, 2532.6015407536984, 2343.974151900768, 2669.029579144955, 2720.942941111565, 2618.96745, 2661.8266106211663, 3123.0037572432043, 4965.956870785141, 4074.852088801861, 4073.248500892401, 4567.963946191407, 4572.681256929445, 5709.843215751457, 4987.486120111274, 5700.5063915634155, 5891.376070589924, 6638.441243190575, 7026.252790301513, 7069.129031283188, 6757.085665714646, 7334.132728813934, 7984.027474061775, 10043.132919190217, 10271.891021632195, 8517.339312077522, 8769.681896642303, 10011.420465102196, 9453.426534948348, 9288.845080751991, 12171.884066072465, 14596.932422073365, 13845.627721611023, 14211.747240595627, 12793.047497547148, 12990.590228757477, 13672.822526144028]
shares:[0, 27.6243, 57.6543, 88.4235, 119.1927, 149.5878, 181.7421, 211.9536, 245.1762, 276.6227, 299.8515, 319.3828, 336.9267, 355.0755, 373.2243, 390.4657, 406.5171, 424.633, 441.1619, 457.9941, 476.1759, 494.7633, 511.1299, 521.6341, 534.7575, 548.2165, 560.4864, 573.0177, 583.2322, 595.1654, 605.7924, 616.2527, 625.6778, 634.7112, 643.8187, 653.4899, 662.5233, 670.9267, 677.6743, 684.3365, 692.4666, 700.4538, 707.5209, 715.0852, 722.8673, 728.8553, 733.883, 739.222, 744.4603, 750.3254, 756.1461, 761.7171]
growth_rate:168.09
