ticker:PLXS
price:[73.5, 71.16999816894531, 71.12000274658203, 69.3499984741211, 70.94999694824219, 73.2300033569336, 71.7699966430664, 73.06999969482422, 69.54000091552734, 72.61000061035156, 75.04000091552734, 74.0199966430664, 76.80000305175781, 78.0199966430664, 76.8499984741211, 79.73999786376953, 77.94000244140625, 78.20999908447266, 85.08999633789062, 84.94000244140625, 80.97000122070312, 76.91999816894531, 81.0, 82.41000366210938, 83.04000091552734, 83.9800033569336, 87.61000061035156, 90.9800033569336, 89.72000122070312, 93.06999969482422, 93.47000122070312, 91.62999725341797, 91.8499984741211, 93.45999908447266, 92.44000244140625, 95.16000366210938, 98.18000030517578, 98.94999694824219, 98.80999755859375, 98.12000274658203, 91.8499984741211, 87.30000305175781, 91.0999984741211, 90.4800033569336, 89.5, 85.7300033569336, 86.3499984741211, 90.31999969482422, 89.05000305175781, 87.5999984741211, 87.77999877929688, 91.38999938964844]
assets:[0, 100.00096442718505, 199.9325517211914, 294.9594135101318, 401.7614527191162, 514.6751095932007, 604.4110267295838, 715.3626040122987, 780.8020842796325, 915.2708406936646, 1045.9000287605286, 1131.684326676178, 1274.1888506317139, 1394.4279940025328, 1473.5141857429505, 1628.928676361084, 1692.155393005371, 1798.0165949523926, 2056.1827435058594, 2152.558035870361, 2151.9478194427493, 2144.314172955322, 2358.0558, 2499.099843054199, 2618.2014048660276, 2747.8425058395383, 2966.6147966674807, 3180.7246033607485, 3236.675960037231, 3457.531874662781, 3572.3954056549073, 3602.0668220291136, 3710.7123833549504, 3875.758124033356, 3933.4607638854977, 4149.2045436767585, 4380.8799756172175, 4515.236785743714, 4608.844121124268, 4676.664254909516, 4477.816015611267, 4355.999522273255, 4645.607982188415, 4713.990078895569, 4762.93045, 4662.306210562134, 4796.025710250092, 5116.528630712128, 5144.587871305847, 5160.822510105133, 5271.425932693482, 5588.215153678894]
shares:[0, 1.4051, 2.8112, 4.2532, 5.6626, 7.0282, 8.4215, 9.7901, 11.2281, 12.6053, 13.9379, 15.2889, 16.591, 17.8727, 19.1739, 20.428, 21.711, 22.9896, 24.1648, 25.3421, 26.5771, 27.8772, 29.1118, 30.3252, 31.5294, 32.7202, 33.8616, 34.9607, 36.0753, 37.1498, 38.2197, 39.311, 40.3997, 41.4697, 42.5515, 43.6024, 44.6209, 45.6315, 46.6435, 47.6627, 48.7514, 49.8969, 50.9946, 52.0998, 53.2171, 54.3836, 55.5417, 56.6489, 57.7719, 58.9135, 60.0527, 61.1469]
growth_rate:9.57
