ticker:PLYA
price:[4.420000076293945, 4.329999923706055, 4.309999942779541, 4.099999904632568, 4.119999885559082, 4.230000019073486, 3.9100000858306885, 4.389999866485596, 3.869999885559082, 3.890000104904175, 4.380000114440918, 4.684999942779541, 5.239999771118164, 5.5, 4.849999904632568, 5.360000133514404, 5.559999942779541, 5.949999809265137, 5.59499979019165, 5.875, 5.769999980926514, 5.320000171661377, 6.190000057220459, 6.659999847412109, 7.119999885559082, 7.170000076293945, 6.849999904632568, 7.539999961853027, 7.739999771118164, 7.340000152587891, 7.320000171661377, 7.300000190734863, 7.28000020980835, 7.599999904632568, 7.360000133514404, 7.5, 7.429999828338623, 7.039999961853027, 7.309999942779541, 7.179999828338623, 7.659999847412109, 7.119999885559082, 7.519999980926514, 7.329999923706055, 7.190000057220459, 6.630000114440918, 6.809999942779541, 6.690000057220459, 6.880000114440918, 6.670000076293945, 6.460000038146973, 7.090000152587891]
assets:[0, 100.00004923801421, 199.5383433508873, 289.81587325878144, 391.2294211328507, 501.6750412621021, 563.7230893746138, 732.9267207092762, 746.1108229365349, 849.9665789216042, 1057.031559618187, 1230.6375134695531, 1476.422859510231, 1649.6804499999998, 1554.7183944289684, 1818.2042372903823, 1986.047547560692, 2225.3564536633494, 2192.5830647797584, 2402.3104125, 2459.3753648702145, 2367.5697843947887, 2854.7475563893317, 3171.505247337341, 3490.5578718956945, 3615.0703014669416, 3553.7278905241014, 4011.694679703712, 4218.105601265144, 4100.116011235427, 4188.944030234957, 4277.498621762753, 4365.7797258210185, 4657.681981553793, 4610.59774763875, 4798.299, 4853.515133865261, 4698.7543425393105, 4978.962307026195, 4990.417236687756, 5424.038231952668, 5141.66448535719, 5530.52232197256, 5490.788594849396, 5485.916837658787, 5158.641317043686, 5398.6948736379145, 5403.5638902174, 5657.0284940981865, 5584.357513875962, 5508.538286528492, 6145.748969266128]
shares:[0, 23.0947, 46.2966, 70.6868, 94.9586, 118.5993, 144.1747, 166.9537, 192.7935, 218.5004, 241.3314, 262.6761, 281.7601, 299.9419, 320.5605, 339.2172, 357.2028, 374.0095, 391.8826, 408.9039, 426.2349, 445.0319, 461.187, 476.202, 490.2469, 504.1939, 518.7924, 532.055, 544.9749, 558.5989, 572.2601, 585.9587, 599.695, 612.8529, 626.4399, 639.7732, 653.2322, 667.4367, 681.1166, 695.0442, 708.099, 722.1439, 735.4418, 749.0844, 762.9926, 778.0756, 792.7599, 807.7076, 822.2425, 837.235, 852.7149, 866.8193]
growth_rate:20.5
