ticker:PMBC
price:[3.700000047683716, 3.5999999046325684, 3.630000114440918, 3.619999885559082, 3.640000104904175, 3.680000066757202, 3.7100000381469727, 3.740000009536743, 3.7100000381469727, 4.119999885559082, 4.340000152587891, 4.630000114440918, 5.0, 4.949999809265137, 4.900000095367432, 4.900000095367432, 5.170000076293945, 5.139999866485596, 5.570000171661377, 5.769999980926514, 5.809999942779541, 5.900000095367432, 6.150000095367432, 6.650000095367432, 7.070000171661377, 7.400000095367432, 7.75, 8.149999618530273, 8.210000038146973, 9.050000190734863, 8.970000267028809, 8.970000267028809, 8.930000305175781, 8.619999885559082, 8.670000076293945, 8.850000381469727, 8.680000305175781, 8.65999984741211, 8.520000457763672, 8.789999961853027, 9.0, 8.279999732971191, 8.65999984741211, 8.510000228881836, 8.34000015258789, 7.96999979019165, 8.649999618530273, 8.369999885559082, 8.65999984741211, 8.930000305175781, 8.789999961853027, 8.829999923706055]
assets:[0, 100.00007735090256, 200.83338633155822, 300.2800765070915, 401.9390035838127, 506.35586518557074, 610.4838452771187, 715.4204878242732, 809.6819093253135, 999.1613602463723, 1152.5148165206908, 1329.5262938622475, 1535.7735, 1620.4156025616646, 1704.0480431654453, 1804.0482251117228, 2003.4551645650863, 2091.829857663536, 2366.827309943056, 2551.8119185646538, 2669.5020817090985, 2810.85444543457, 3029.958676985264, 3376.296818419361, 3689.5368565828803, 3961.749891057014, 4249.1297, 4568.439091169167, 4702.0722718477255, 5283.161146346188, 5336.45946886158, 5436.459722838496, 5512.216823375702, 5420.862776031494, 5552.306196858978, 5767.578878605271, 5756.788862400055, 5843.523685037994, 5849.056142258835, 6134.413518377781, 6380.9694, 5970.491699452496, 6344.499480210877, 6334.6067413732535, 6308.063365411758, 6128.209350676346, 6751.067797274208, 6632.53605831499, 6962.336777324676, 7279.407624768066, 7265.284810470009, 7398.346120075988]
shares:[0, 27.7778, 55.326, 82.9503, 110.4228, 137.5967, 164.5509, 191.2889, 218.2431, 242.5149, 265.5564, 287.1547, 307.1547, 327.3567, 347.7649, 368.1731, 387.5155, 406.9708, 424.9241, 442.2551, 459.4668, 476.416, 492.6762, 507.7138, 521.8581, 535.3716, 548.2748, 560.5447, 572.725, 583.7747, 594.923, 606.0713, 617.2695, 628.8704, 640.4044, 651.7038, 663.2245, 674.7718, 686.5089, 697.8855, 708.9966, 721.0739, 732.6212, 744.3721, 756.3625, 768.9096, 780.4703, 792.4177, 803.965, 815.1632, 826.5398, 837.8648]
growth_rate:45.07
