ticker:PMCB
price:[20.459999084472656, 18.7549991607666, 16.274999618530273, 23.094999313354492, 16.274999618530273, 16.274999618530273, 15.5, 15.5, 13.795000076293945, 11.15999984741211, 10.539999961853027, 9.920000076293945, 9.300000190734863, 9.300000190734863, 8.369999885559082, 7.59499979019165, 8.369999885559082, 10.385000228881836, 28.829999923706055, 22.475000381469727, 26.969999313354492, 27.899999618530273, 27.125, 29.295000076293945, 34.720001220703125, 43.400001525878906, 34.255001068115234, 32.54999923706055, 31.0, 29.139999389648438, 30.53499984741211, 27.7450008392334, 25.420000076293945, 27.7450008392334, 27.434999465942383, 23.559999465942383, 21.235000610351562, 19.375, 19.684999465942383, 20.149999618530273, 20.30500030517578, 10.694999694824219, 20.149999618530273, 16.274999618530273, 14.725000381469727, 13.100000381469727, 11.110099792480469, 12.010000228881836, 9.0, 3.2699999809265137, 3.4800000190734863, 3.490000009536743]
assets:[0, 99.99978002529144, 186.77677812213898, 365.0441781467438, 357.2460066265106, 457.246114282608, 535.4723, 635.4721, 665.5701276809692, 638.4390392707825, 702.9705674557686, 761.6189178575515, 814.0178566947937, 914.0179687457085, 922.6158803853035, 937.1887966105938, 1132.8200575112342, 1505.5363301815032, 4279.548252674866, 3436.2073033229826, 4223.447952472688, 4469.08331889534, 4444.9412, 4900.537920762634, 5908.045679718018, 7485.0550431633, 6007.847617332458, 5808.814273847199, 5632.204, 5394.271385014344, 5752.506942253876, 5326.898661628533, 4980.510110948181, 5536.046026954841, 5574.191064991188, 4886.87634522438, 4504.618902474976, 4210.0538125, 4377.414354739952, 4580.818298278236, 4716.055614880371, 2584.029571266174, 4968.46197593956, 4112.988608595657, 3821.27601399498, 3499.573401906967, 3067.985175074768, 3416.4871671100614, 2660.2317, 1066.5507147789478, 1235.0446987691403, 1338.5936916578294]
shares:[0, 5.3319, 11.4763, 15.8062, 21.9506, 28.095, 34.5466, 40.9982, 48.2472, 57.2078, 66.6955, 76.7761, 87.5288, 98.2815, 110.2289, 123.3955, 135.3429, 144.9722, 148.4408, 152.8902, 156.598, 160.1822, 163.8688, 167.2824, 170.1626, 172.4667, 175.386, 178.4582, 181.684, 185.1157, 188.3906, 191.9949, 195.9288, 199.5331, 203.1781, 207.4226, 212.1318, 217.2931, 222.3731, 227.3359, 232.2608, 241.611, 246.5738, 252.7182, 259.5094, 267.143, 276.1438, 284.4702, 295.5813, 326.1623, 354.8979, 383.5512]
growth_rate:-73.75
