ticker:PMD
price:[4.539999961853027, 4.650000095367432, 4.690000057220459, 4.329999923706055, 4.369999885559082, 4.360000133514404, 4.349999904632568, 4.309999942779541, 3.7699999809265137, 3.8499999046325684, 4.150000095367432, 4.150000095367432, 4.25, 4.949999809265137, 4.869999885559082, 4.579999923706055, 4.400000095367432, 5.090000152587891, 5.340000152587891, 4.949999809265137, 5.480000019073486, 6.800000190734863, 7.449999809265137, 7.329999923706055, 7.380000114440918, 7.0, 7.25, 7.150000095367432, 7.010000228881836, 6.170000076293945, 6.25, 6.960000038146973, 6.909999847412109, 7.039999961853027, 6.650000095367432, 7.039999961853027, 6.690000057220459, 6.889999866485596, 6.599999904632568, 6.599999904632568, 8.25, 7.980000019073486, 7.550000190734863, 7.150000095367432, 6.860000133514404, 6.809999942779541, 6.980000019073486, 7.309999942779541, 6.769999980926514, 6.730000019073486, 6.980000019073486, 7.579999923706055]
assets:[0, 100.00011205091477, 200.86050845060348, 285.4426879705429, 388.07958783702855, 487.1916469190598, 586.0741821511746, 680.6851869630814, 695.4021324817656, 810.1585599317551, 973.2879023662567, 1073.2879646642684, 1199.1502500000001, 1496.6571923303604, 1572.4689060482979, 1578.8313136997224, 1616.7813550427916, 1970.3222620662689, 2167.0964839237213, 2108.825153742123, 2434.6187884738447, 3121.060007543373, 3519.3962998964307, 3562.7083469177246, 3687.010419174099, 3597.1641999999997, 3825.6343250000004, 3872.866906656695, 3897.0343772411343, 3530.057568650246, 3675.8281250000005, 4193.402110983563, 4263.277116857528, 4443.483239922523, 4297.324491627789, 4649.347622807026, 4518.201254644775, 4753.2744858910555, 4653.209152762937, 4753.209051317978, 6041.5113, 5943.788900206613, 5723.509429592418, 5520.276978630018, 5396.3779450283055, 5457.0456771476265, 5693.271217557382, 6062.4373405450815, 5714.59624989996, 5780.83177438345, 6095.5725926567075, 6719.547136366653]
shares:[0, 21.5054, 42.8274, 65.9221, 88.8054, 111.7412, 134.7297, 157.9316, 184.4568, 210.4308, 234.5272, 258.6236, 282.153, 302.355, 322.8889, 344.723, 367.4503, 387.0967, 405.8233, 426.0253, 444.2735, 458.9794, 472.4022, 486.0448, 499.5949, 513.8806, 527.6737, 541.6597, 555.925, 572.1325, 588.1325, 602.5003, 616.9721, 631.1766, 646.2142, 660.4187, 675.3664, 689.8802, 705.0317, 720.1832, 732.3044, 744.8357, 758.0807, 772.0667, 786.644, 801.3283, 815.6549, 829.3348, 844.1058, 858.9646, 873.2912, 886.4838]
growth_rate:31.76
