ticker:PME
price:[0.8700000047683716, 1.3700000047683716, 1.6100000143051147, 1.440000057220459, 1.5199999809265137, 1.7000000476837158, 2.2799999713897705, 2.4000000953674316, 2.2200000286102295, 2.1500000953674316, 2.0799999237060547, 2.0, 1.75, 2.180000066757202, 2.1600000858306885, 2.180000066757202, 1.9700000286102295, 1.8600000143051147, 1.8600000143051147, 1.840000033378601, 1.6699999570846558, 1.4900000095367432, 1.6200000047683716, 1.7699999809265137, 1.590000033378601, 1.399999976158142, 1.0199999809265137, 1.190000057220459, 1.2100000381469727, 1.090000033378601, 1.0399999618530273, 1.0099999904632568, 1.0399999618530273, 1.0700000524520874, 1.0700000524520874, 1.059999942779541, 0.9800000190734863, 0.9200000166893005, 0.9300000071525574, 0.9700000286102295, 0.9900000095367432, 0.9200000166893005, 0.9100000262260437, 0.9399999976158142, 0.9100000262260437, 0.8199999928474426, 0.8100000023841858, 0.7099999785423279, 0.7699999809265137, 0.699999988079071, 0.6100000143051147, 0.6499999761581421]
assets:[0, 99.99999934805632, 217.51824693268537, 294.55042770438195, 410.91436284370417, 559.5752456956625, 850.4890093277693, 995.2517195477485, 1020.6077171530724, 1088.4263682792664, 1152.9890937086104, 1208.6434, 1157.56305, 1541.9929632197857, 1627.8462646847966, 1742.9189913726568, 1675.023059326291, 1681.4937669322371, 1781.4936917013288, 1862.3378177838206, 1790.2738549938797, 1697.310266863632, 1945.3977417261601, 2225.527176017761, 2099.2024730682015, 1948.3543468197229, 1519.515289585829, 1872.7679450509547, 2004.2429741866113, 1905.475056350541, 1918.067769645691, 1962.7389404671908, 2121.0380102007866, 2282.2219438759807, 2382.2219017780426, 2459.9578732076166, 2374.3008282104015, 2328.9355142481563, 2454.250023875445, 2659.809239451289, 2814.650613113737, 2715.634981263095, 2786.1172322954176, 2977.96718044678, 2982.9257589674057, 2787.911005682081, 2853.912131400317, 2601.5772353749394, 2921.428822633982, 2755.8443730682493, 2501.5216086632013, 2765.555678560019]
shares:[0, 72.9927, 135.1045, 204.5489, 270.3384, 329.1619, 373.0215, 414.6882, 459.7332, 506.2448, 554.3217, 604.3217, 661.4646, 707.3362, 753.6325, 799.5041, 850.2655, 904.0289, 957.7923, 1012.1401, 1072.0203, 1139.1344, 1200.8628, 1257.36, 1320.2531, 1391.6817, 1489.7209, 1573.7545, 1656.3991, 1748.1422, 1844.296, 1943.3059, 2039.4597, 2132.9176, 2226.3755, 2320.7151, 2422.7559, 2531.4516, 2638.9785, 2742.0713, 2843.0814, 2951.7771, 3061.6672, 3168.0502, 3277.9403, 3399.8915, 3523.3483, 3664.1934, 3794.0635, 3936.9206, 4100.855, 4254.7012]
growth_rate:-45.77
