ticker:PMGMU
price:[10.319999694824219, 10.40999984741211, 10.300000190734863, 10.100000381469727, 10.020000457763672, 10.0, 9.90999984741211, 9.949999809265137, 9.989999771118164, 10.0, 9.989999771118164, 9.960000038146973, 10.0, 9.989999771118164, 9.9399995803833, 9.9399995803833, 9.90999984741211, 9.949999809265137, 9.960000038146973, 9.9399995803833, 9.989999771118164, 9.960000038146973, 10.0, 9.994999885559082, 9.949999809265137, 9.949999809265137, 9.899999618530273, 9.890000343322754, 9.899999618530273, 9.899999618530273, 9.899999618530273]
assets:[0, 99.99949953422546, 198.94244368400575, 295.07959114494327, 392.7419339424133, 491.95799999999997, 587.5301969535827, 689.9021417750358, 792.6755128389359, 893.469, 992.5754082590103, 1089.5951201731682, 1193.971, 1292.7768993810655, 1386.306891477108, 1486.3072632555961, 1581.8212926441192, 1688.2065176382066, 1789.903638855362, 1886.309744369507, 1995.7981582740783, 2089.80521600399, 2198.198, 2297.0988496986392, 2386.7571992474554, 2486.757682330513, 2574.2612608078007, 2671.6609567443847, 2774.362033097458, 2874.361929244232, 2974.3618253910067]
shares:[0, 9.6061, 19.3148, 29.2158, 39.1958, 49.1958, 59.2866, 69.3369, 79.3469, 89.3469, 99.3569, 109.3971, 119.3971, 129.4071, 139.4675, 149.5279, 159.6187, 169.669, 179.7092, 189.7696, 199.7796, 209.8198, 219.8198, 229.8248, 239.8751, 249.9254, 260.0264, 270.1376, 280.2386, 290.3396, 300.4406]
growth_rate:-0.85
