ticker:PMGM
price:[9.8100004196167, 9.8100004196167, 9.779999732971191, 9.835000038146973, 9.800000190734863, 9.649999618530273, 9.720000267028809, 9.720000267028809, 9.710000038146973, 9.649999618530273, 9.65999984741211, 9.649999618530273, 9.649999618530273, 9.654999732971191, 9.670000076293945, 9.800000190734863, 9.65999984741211, 9.6899995803833, 9.760000228881836, 9.75, 9.75, 9.65999984741211]
assets:[0, 100.00020127744675, 199.6939025476456, 300.81724516677855, 399.74690778017043, 493.6283604866028, 597.2094524065972, 697.2097871538163, 796.4928541291237, 891.5711847557068, 992.4954323226929, 1091.468031853676, 1191.4680829006195, 1292.0851667647362, 1394.092966999054, 1512.8348494439126, 1591.2231888652802, 1696.164658549118, 1808.4177544092179, 1906.564725, 2006.564625, 2088.0427770175934]
shares:[0, 10.1937, 20.4186, 30.5864, 40.7905, 51.1532, 61.4413, 71.7294, 82.0281, 92.3908, 102.7428, 113.1055, 123.4682, 133.8255, 144.1668, 154.3709, 164.7229, 175.0428, 185.2887, 195.5451, 205.8015, 216.1535]
growth_rate:-0.57
