ticker:PMTS
price:[1.8799999952316284, 1.899999976158142, 1.9900000095367432, 2.0199999809265137, 2.119999885559082, 2.625, 2.630000114440918, 2.700000047683716, 2.6700000762939453, 4.159999847412109, 3.9000000953674316, 3.9000000953674316, 4.0, 3.880000114440918, 3.799999952316284, 3.799999952316284, 4.25, 4.389999866485596, 5.099999904632568, 4.900000095367432, 6.739999771118164, 6.599999904632568, 6.929999828338623, 7.790999889373779, 7.21999979019165, 10.899999618530273, 10.199999809265137, 15.0, 17.84000015258789, 15.739999771118164, 14.75, 16.489999771118164, 16.299999237060547, 15.800000190734863, 15.550000190734863, 16.450000762939453, 17.0, 16.5, 18.850000381469727, 19.350000381469727, 19.0, 19.0, 19.0, 19.34000015258789, 17.5, 16.270000457763672, 15.899999618530273, 15.300000190734863, 19.329999923706055, 20.0, 22.520000457763672, 27.920000076293945]
assets:[0, 100.00003874516487, 204.7369719811678, 307.8235550934315, 423.06230116243364, 623.8388625, 725.0271225485802, 844.3243049113034, 934.9429797155381, 1556.69024690094, 1559.3970981322288, 1659.3970005775452, 1801.9456, 1847.8873025035857, 1909.7864960353374, 2009.7865347805025, 2347.78755, 2525.126167202568, 3033.517683274746, 3014.5564986715317, 4246.55303179245, 4258.345678468561, 4571.262813766337, 5239.207462807274, 4955.227368004417, 7580.883244690132, 7194.037425475121, 10679.4675, 12801.447125492477, 11394.549428307151, 10777.8663, 12149.289310367394, 12109.303663210678, 11837.85310290451, 11750.545799131107, 12530.641676162337, 13049.5995, 12765.787649999998, 14683.94483216076, 15173.440184132194, 14998.9857, 15098.986499999999, 15198.987299999999, 15570.968704851151, 14189.553, 13292.230806982803, 13089.948165948486, 12695.98758827238, 16140.093748296356, 16799.528, 19016.26897454338, 23676.12097669716]
shares:[0, 52.6316, 102.8829, 152.3879, 199.5577, 237.6529, 275.6757, 312.7127, 350.1659, 374.2044, 399.8454, 425.4864, 450.4864, 476.2596, 502.5754, 528.8912, 552.4206, 575.1996, 594.8074, 615.2156, 630.0524, 645.2039, 659.6339, 672.4692, 686.3196, 695.4939, 705.2978, 711.9645, 717.5699, 723.9231, 730.7028, 736.7671, 742.9021, 749.2312, 755.6621, 761.7411, 767.6235, 773.6841, 778.9891, 784.1571, 789.4203, 794.6835, 799.9467, 805.1173, 810.8316, 816.9779, 823.2672, 829.8031, 834.9764, 839.9764, 844.4169, 847.9986]
growth_rate:364.24
