ticker:PMVP
price:[37.5099983215332, 33.0, 34.5099983215332, 35.9900016784668, 34.90999984741211, 35.04999923706055, 37.0, 32.099998474121094, 32.5, 35.209999084472656, 47.31999969482422, 47.66999816894531, 44.72999954223633, 55.59000015258789, 61.5099983215332, 47.36000061035156, 44.27000045776367, 44.459999084472656, 34.13999938964844, 37.900001525878906, 42.0, 41.97999954223633, 37.630001068115234, 35.099998474121094, 40.619998931884766, 43.099998474121094, 33.54999923706055, 32.939998626708984, 33.29999923706055, 32.369998931884766, 34.349998474121094, 33.72999954223633, 35.0, 32.09000015258789, 35.79999923706055, 34.400001525878906, 33.40999984741211, 34.400001525878906, 34.08000183105469, 33.68000030517578, 33.0099983215332, 32.75, 33.630001068115234, 36.29999923706055, 34.0099983215332, 36.58000183105469, 34.22999954223633, 28.450000762939453, 30.200000762939453, 29.959999084472656, 30.350000381469727]
assets:[0, 99.9999, 204.57527005004883, 313.34694961357116, 403.94360823440553, 505.564693995285, 633.6916, 649.7713791130066, 757.8675, 921.0618870506286, 1337.8499593719482, 1447.747378390503, 1458.4574190742494, 1912.5572782497404, 2216.2359945240023, 1806.4051432800295, 1788.5478614940644, 1896.2234069526673, 1556.073860180664, 1827.4509035743713, 2125.1454, 2224.1339597473147, 2093.669288428116, 2052.904140755463, 2475.752376899338, 2726.90673345871, 2222.6840944553373, 2282.2708628505707, 2407.213654848099, 2439.9857794876098, 2689.233900540161, 2740.6940098049163, 2943.885, 2799.1208613098142, 3222.733831319809, 3196.7061417961118, 3204.7072313636777, 3399.66959079895, 3468.045738331604, 3527.3401119613645, 3557.1706231277467, 3629.15195, 3826.6670205379487, 4230.478141085434, 4063.5962234527587, 4470.665161784363, 4283.456567716598, 3660.1608781539917, 3985.303840680313, 4053.632816127777, 4206.40079287033]
shares:[0, 3.0303, 5.928, 8.7065, 11.571, 14.4241, 17.1268, 20.2421, 23.319, 26.1591, 28.2724, 30.3702, 32.6058, 34.4047, 36.0305, 38.142, 40.4009, 42.6501, 45.5792, 48.2177, 50.5987, 52.9808, 55.6383, 58.4873, 60.9491, 63.2693, 66.2499, 69.2857, 72.2887, 75.378, 78.2892, 81.2539, 84.111, 87.2272, 90.0205, 92.9275, 95.9206, 98.8276, 101.7619, 104.731, 107.7604, 110.8138, 113.7873, 116.5421, 119.4824, 122.2161, 125.1375, 128.6524, 131.9637, 135.3015, 138.5964]
growth_rate:-15.87
