ticker:PNBK
price:[6.619999885559082, 6.119999885559082, 6.010000228881836, 7.289999961853027, 6.880000114440918, 6.739999771118164, 6.829999923706055, 6.75, 6.840000152587891, 6.769999980926514, 7.0, 7.21999979019165, 7.989999771118164, 8.210000038146973, 8.75, 8.5, 9.65999984741211, 9.9399995803833, 10.489999771118164, 10.399999618530273, 10.199999809265137, 10.25, 10.850000381469727, 10.5600004196167, 9.989999771118164, 10.869999885559082, 11.0, 10.109999656677246, 10.569999694824219, 10.609999656677246, 10.479999542236328, 9.84000015258789, 9.5600004196167, 9.75, 9.3100004196167, 9.020000457763672, 8.850000381469727, 8.319999694824219, 8.1899995803833, 8.010000228881836, 8.149999618530273, 8.529999732971191, 9.619999885559082, 9.149999618530273, 9.180000305175781, 8.920000076293945, 8.819999694824219, 8.859999656677246, 9.0, 9.430000305175781, 9.239999771118164, 9.149999618530273]
assets:[0, 100.00018613004684, 198.2025955482483, 340.4152962186813, 421.2699750073433, 512.6976285894393, 619.5438290794373, 712.287, 821.7842943325043, 913.3738704267024, 1044.4042, 1177.2281857905386, 1402.7770938159942, 1541.402056161976, 1742.785625, 1792.9917, 2137.68261823349, 2299.6447469205855, 2526.8888398656845, 2605.20926444149, 2655.1089103507998, 2768.124225, 3030.160981535911, 3049.1705531631474, 2984.584359619904, 3347.490380757141, 3487.5247000000004, 3305.3521667544364, 3555.7436693389895, 3669.199948270512, 3724.2428533260345, 3596.808367775345, 3594.4607337715147, 3765.8985, 3695.9500675824165, 3680.8240588012695, 3711.4512099781036, 3589.1829723495484, 3633.101831857109, 3653.2537703899384, 3817.105296336174, 4095.080565804863, 4718.367519869614, 4587.84457872963, 4702.886616340637, 4669.689615940475, 4717.338910778045, 4838.73287650032, 5015.191500000001, 5354.806813293457, 5346.915287552833, 5394.83520008564]
shares:[0, 16.3399, 32.9788, 46.6962, 61.2311, 76.0679, 90.7092, 105.524, 120.1439, 134.9149, 149.2006, 163.051, 175.5666, 187.7469, 199.1755, 210.9402, 221.2922, 231.3526, 240.8855, 250.5009, 260.3048, 270.0609, 279.2775, 288.7472, 298.7572, 307.9568, 317.0477, 326.9389, 336.3996, 345.8247, 355.3667, 365.5293, 375.9896, 386.246, 396.9871, 408.0736, 419.373, 431.3922, 443.6022, 456.0866, 468.3565, 480.0798, 490.4748, 501.4038, 512.297, 523.5078, 534.8457, 546.1324, 557.2435, 567.848, 578.6705, 589.5995]
growth_rate:5.78
