ticker:PNFPP
price:[26.649999618530273, 26.450000762939453, 26.700000762939453, 26.6299991607666, 26.920000076293945, 27.100000381469727, 26.700000762939453, 26.9950008392334, 26.799999237060547, 26.913999557495117, 27.3700008392334, 27.149999618530273, 27.600000381469727, 27.84000015258789, 27.388999938964844, 27.489999771118164, 27.514999389648438, 27.690000534057617, 27.469999313354492, 27.479999542236328, 27.5, 27.5, 27.520000457763672, 27.09000015258789, 27.1299991607666, 26.829999923706055, 27.200000762939453, 27.280000686645508, 27.25, 27.59000015258789, 27.700000762939453, 27.93000030517578, 28.799999237060547, 28.219999313354492, 27.709999084472656, 28.100000381469727, 27.5, 27.760000228881836, 27.65999984741211, 27.93000030517578, 28.139999389648438, 28.329999923706055, 28.56999969482422, 28.989999771118164, 29.0, 28.559999465942383, 28.420000076293945, 28.3700008392334, 29.049999237060547, 29.209999084472656, 28.389999389648438, 28.15999984741211]
assets:[0, 99.99951788444518, 200.9442057418823, 300.4183465324402, 403.6896291440964, 506.3878971281052, 598.9130571136475, 705.5305439338684, 800.4328972133637, 903.836698739624, 1019.1493512496947, 1110.9562643905638, 1229.3702569915772, 1340.0617033447265, 1418.353056339264, 1523.5837553146362, 1624.9698279541017, 1735.3046434688567, 1821.516425469017, 1922.1792519802095, 2023.57925, 2123.58025, 2225.12413301239, 2290.356570900726, 2393.7395119525913, 2467.2706949840544, 2601.2965529644016, 2708.9477161849973, 2805.967925, 2940.978138265228, 3052.703514080429, 3178.051393724823, 3377.044710538864, 3409.0351790517807, 3447.425925098419, 3595.9458088165284, 3619.165, 3753.382438946724, 3839.8607548172, 3977.343763458252, 4107.249588914489, 4234.980863595009, 4370.858542311858, 4535.114392194366, 4636.6795, 4666.329776741982, 4743.454322733879, 4835.110591030883, 5051.001802345658, 5178.8218396804805, 5133.439943637085, 5191.8507238674165]
shares:[0, 3.7807, 7.526, 11.2812, 14.9959, 18.6859, 22.4312, 26.1356, 29.8669, 33.5824, 37.236, 40.9192, 44.5424, 48.1344, 51.7855, 55.4232, 59.0576, 62.669, 66.3093, 69.9483, 73.5847, 77.2211, 80.8548, 84.5462, 88.2322, 91.9594, 95.6359, 99.3016, 102.9713, 106.5958, 110.2059, 113.7863, 117.2585, 120.8021, 124.4109, 127.9696, 131.606, 135.2083, 138.8236, 142.404, 145.9577, 149.4875, 152.9877, 156.4372, 159.8855, 163.3869, 166.9055, 170.4304, 173.8727, 177.2962, 180.8186, 184.3697]
growth_rate:1.8
