ticker:PNFP
price:[40.91999816894531, 38.849998474121094, 37.47999954223633, 35.0099983215332, 37.54999923706055, 39.880001068115234, 39.560001373291016, 45.189998626708984, 45.790000915527344, 44.58000183105469, 51.939998626708984, 54.439998626708984, 56.810001373291016, 59.650001525878906, 60.0099983215332, 62.90999984741211, 65.26000213623047, 64.4000015258789, 68.37000274658203, 69.98999786376953, 73.18000030517578, 68.52999877929688, 73.18000030517578, 76.44000244140625, 81.1500015258789, 81.16999816894531, 85.79000091552734, 91.80000305175781, 91.97000122070312, 92.08000183105469, 90.37000274658203, 90.11000061035156, 92.38999938964844, 88.6500015258789, 87.63999938964844, 89.06999969482422, 91.37999725341797, 91.58000183105469, 90.91999816894531, 90.88999938964844, 89.08000183105469, 84.25, 91.97000122070312, 88.54000091552734, 89.48999786376953, 87.13999938964844, 88.81999969482422, 89.61000061035156, 96.38999938964844, 95.86000061035156, 93.83000183105469, 98.0]
assets:[0, 99.99989607238768, 196.47390560035706, 283.5249704071045, 404.09431678962704, 529.167734172821, 624.9214296936035, 813.8583182674407, 924.664962487793, 1000.2325850830078, 1265.367440543747, 1426.2735240211487, 1588.3678713962554, 1767.7695502204895, 1878.4389684604644, 2069.216841981125, 2246.5103135375975, 2316.90597489624, 2559.731880830383, 2720.385234968567, 2944.3753582786558, 2857.282916104126, 3151.160085140991, 3391.5358923217773, 3700.5131045814514, 3801.4264072463993, 4117.7913589439395, 4506.2601898040775, 4614.604008248902, 4720.122181861877, 4732.469192832184, 4818.857557640075, 5040.78912769928, 4936.732419972992, 4980.484761314392, 5161.748994314575, 5395.614179825592, 5507.419834115601, 5567.731571870422, 5665.8916929519655, 5653.061456199646, 5446.54345, 6045.620439242554, 5920.147475215911, 6083.664289775848, 6023.909731806945, 6240.049078559875, 6395.546392561341, 6979.44563180542, 7041.070420831299, 6991.967778445434, 7402.7044000000005]
shares:[0, 2.574, 5.2421, 8.0984, 10.7615, 13.269, 15.7968, 18.0097, 20.1936, 22.4368, 24.3621, 26.199, 27.9593, 29.6357, 31.3021, 32.8917, 34.424, 35.9768, 37.4394, 38.8682, 40.2347, 41.6939, 43.0604, 44.3686, 45.6009, 46.8329, 47.9985, 49.0878, 50.1751, 51.2611, 52.3677, 53.4775, 54.5599, 55.6879, 56.8289, 57.9516, 59.0459, 60.1378, 61.2377, 62.3379, 63.4605, 64.6474, 65.7347, 66.8641, 67.9815, 69.1291, 70.255, 71.3709, 72.4084, 73.4516, 74.5174, 75.5378]
growth_rate:45.15
