ticker:PNNTG
price:[24.010000228881836, 24.030000686645508, 24.040000915527344, 24.0, 23.850000381469727, 23.690000534057617, 23.65999984741211, 23.5, 23.600000381469727, 23.5, 23.649999618530273, 24.700000762939453, 24.93000030517578, 24.975000381469727, 25.260000228881836, 25.309999465942383, 25.3799991607666, 25.170000076293945, 25.219999313354492, 25.299999237060547, 25.25, 25.270000457763672, 25.3799991607666, 25.399999618530273, 25.3799991607666, 25.299999237060547, 25.799999237060547, 25.540000915527344, 25.450000762939453, 25.670000076293945, 25.510000228881836, 25.5, 25.3799991607666, 25.579999923706055, 25.399999618530273, 25.545000076293945, 25.399999618530273, 25.399999618530273, 25.489999771118164, 25.579999923706055, 25.459999084472656, 25.579999923706055, 26.0, 25.43000030517578, 25.35300064086914, 25.256999969482422, 25.389999389648438, 25.36400032043457, 25.31999969482422, 25.440000534057617, 25.299999237060547, 25.334999084472656]
assets:[0, 100.00084785747528, 200.04165561828611, 299.7096, 397.83708636322024, 495.16839116287235, 594.5403061656951, 690.5193, 793.4579728254317, 890.0953999999999, 995.7761389383317, 1139.9865452121735, 1250.6010003089905, 1352.858308163643, 1468.295611304283, 1571.201739846611, 1675.5469365951537, 1761.68354333992, 1865.1828792181016, 1971.1001705600738, 2067.204875, 2168.8432752883914, 2278.2838466646194, 2380.079024254799, 2478.204638053894, 2570.3939024879455, 2721.1929995307923, 2793.769620147705, 2883.9253714542388, 3008.8551519426346, 3090.100306725121, 3188.8897500000003, 3273.882839743423, 3399.681751860237, 3475.7588077993396, 3595.6018127387997, 3675.1919848041534, 3775.1917833023076, 3888.5682880834574, 4002.2979480628965, 4083.5216151588443, 4202.7684074649815, 4371.7752, 4375.933420513916, 4462.683343507004, 4545.785162907409, 4669.723609744263, 4764.941973797608, 4856.674717463684, 4979.691848537826, 5052.2884076446535, 5159.277484059906]
shares:[0, 4.1615, 8.3212, 12.4879, 16.6808, 20.902, 25.1285, 29.3838, 33.6211, 37.8764, 42.1047, 46.1533, 50.1645, 54.1685, 58.1273, 62.0783, 66.0184, 69.9914, 73.9565, 77.9091, 81.8695, 85.8268, 89.7669, 93.7039, 97.644, 101.5966, 105.4726, 109.388, 113.3173, 117.2129, 121.1329, 125.0545, 128.9946, 132.9039, 136.8409, 140.7556, 144.6926, 148.6296, 152.5527, 156.462, 160.3897, 164.299, 168.1452, 172.0776, 176.0219, 179.9812, 183.9198, 187.8624, 191.8118, 195.7426, 199.6952, 203.6423]
growth_rate:1.16
