ticker:PNNT
price:[3.5299999713897705, 3.690000057220459, 3.390000104904175, 3.1500000953674316, 3.3399999141693115, 3.319999933242798, 3.1600000858306885, 3.0799999237060547, 2.9100000858306885, 3.0199999809265137, 3.2899999618530273, 4.260000228881836, 4.599999904632568, 4.599999904632568, 4.510000228881836, 4.599999904632568, 4.519999980926514, 4.610000133514404, 4.800000190734863, 5.119999885559082, 5.159999847412109, 5.199999809265137, 5.699999809265137, 5.550000190734863, 5.690000057220459, 5.639999866485596, 5.769999980926514, 6.0, 5.710000038146973, 5.539999961853027, 5.739999771118164, 6.110000133514404, 6.579999923706055, 6.510000228881836, 6.590000152587891, 6.690000057220459, 6.320000171661377, 6.349999904632568, 6.650000095367432, 6.769999980926514, 6.960000038146973, 6.650000095367432, 6.75, 6.869999885559082, 6.760000228881836, 6.630000114440918, 6.389999866485596, 6.389999866485596, 6.880000114440918, 6.739999771118164, 6.46999979019165, 6.559999942779541]
assets:[0, 100.0001085506916, 191.8699379374504, 278.2861284252167, 395.0715558475256, 492.70591809287066, 568.9611754539012, 654.5569637861252, 718.4289691901207, 845.5861026595117, 1021.184733159542, 1422.2636984155656, 1635.777446086979, 1735.7773040137768, 1801.8163494419098, 1937.772499826002, 2004.0721675432205, 2143.976450093651, 2332.339772678852, 2587.829190157509, 2708.0463519195555, 2829.039096231461, 3201.062322885227, 3216.8239555514333, 3397.9690281710623, 3468.109801900244, 3648.048444940901, 3893.4647999999997, 3805.2804944220543, 3791.9881498893733, 4028.8828793487546, 4388.5845818984035, 4826.168060041427, 4874.826183391571, 5034.731779576493, 5211.131390571499, 5022.92252043066, 5146.765092703342, 5489.919548730754, 5688.985339972115, 5948.646608603859, 5783.692612943745, 5970.66525, 6176.810027106286, 6177.909453173255, 6159.103693312741, 6036.149789879036, 6136.150092789602, 6706.684655558014, 6670.211117488097, 6503.007141121292, 6693.466421615362]
shares:[0, 27.1003, 56.5988, 88.3448, 118.2849, 148.4054, 180.051, 212.5185, 246.8828, 279.9954, 310.3905, 333.8647, 355.6038, 377.3429, 399.5158, 421.2549, 443.3788, 465.0708, 485.9041, 505.4354, 524.8152, 544.046, 561.5899, 579.6079, 597.1826, 614.9131, 632.2441, 648.9108, 666.4239, 684.4744, 701.896, 718.2626, 733.4602, 748.8212, 763.9957, 778.9434, 794.7662, 810.5142, 825.5518, 840.3228, 854.6906, 869.7282, 884.543, 899.099, 913.8919, 928.9749, 944.6244, 960.2739, 974.8088, 989.6456, 1005.1016, 1020.3455]
growth_rate:31.24
