ticker:PNRG
price:[67.98999786376953, 65.0, 70.87999725341797, 69.54000091552734, 67.44999694824219, 70.01000213623047, 59.4900016784668, 59.599998474121094, 51.5, 47.9900016784668, 54.400001525878906, 65.0, 65.77999877929688, 54.0, 56.0, 50.20000076293945, 45.45000076293945, 43.16999816894531, 40.0, 39.06999969482422, 38.9900016784668, 35.779998779296875, 37.72999954223633, 47.0099983215332, 44.9900016784668, 46.79999923706055, 51.72999954223633, 56.689998626708984, 57.0, 53.84000015258789, 51.18000030517578, 47.849998474121094, 43.810001373291016, 47.90999984741211, 42.27000045776367, 40.02000045776367, 44.66999816894531, 41.150001525878906, 41.9900016784668, 48.540000915527344, 46.88999938964844, 46.369998931884766, 45.900001525878906, 47.939998626708984, 51.150001525878906, 51.20000076293945, 52.849998474121094, 54.83000183105469, 50.189998626708984, 50.130001068115234, 50.27000045776367, 50.95000076293945]
assets:[0, 100.0025, 209.04637589950562, 305.0928460166931, 395.92473708648686, 510.95399859085086, 534.1785720714569, 635.1691037384034, 648.84335, 704.6227976444245, 898.7369852088929, 1173.861, 1287.946064099121, 1157.301, 1300.1632, 1265.5018592330932, 1245.7572509117126, 1283.2627315704347, 1289.032, 1359.061660384369, 1456.2804616909027, 1436.388050994873, 1614.6704224098205, 2111.8113505989077, 2121.0671261318207, 2306.4022424007417, 2649.362272555542, 3003.3907752441405, 3119.8152, 3046.859448635101, 2996.3279998664857, 2901.3750874786374, 2756.4113804039002, 3114.370376081085, 2847.742611839676, 2796.161413983536, 3221.0508269668576, 3067.230583735657, 3229.8415361064913, 3833.665002307892, 3803.351008493042, 3861.174167059326, 3922.035790382385, 4196.346281791305, 4577.326681548309, 4681.799749764252, 4932.675332584381, 5217.474933238221, 4875.94330958519, 4970.113890897751, 5083.996172295379, 5252.766753656388]
shares:[0, 1.5385, 2.9493, 4.3873, 5.8699, 7.2983, 8.9793, 10.6572, 12.5989, 14.6827, 16.5209, 18.0594, 19.5796, 21.4315, 23.2172, 25.2092, 27.4094, 29.7258, 32.2258, 34.7853, 37.3501, 40.145, 42.7954, 44.9226, 47.1453, 49.2821, 51.2152, 52.9792, 54.7336, 56.591, 58.5449, 60.6348, 62.9174, 65.0046, 67.3703, 69.8691, 72.1077, 74.5378, 76.9193, 78.9795, 81.1122, 83.2688, 85.4474, 87.5333, 89.4883, 91.4414, 93.3335, 95.1573, 97.1497, 99.1445, 101.1338, 103.0965]
growth_rate:3.0
