ticker:PNT
price:[12.75, 13.100000381469727, 14.899999618530273, 14.25, 14.5, 14.020000457763672, 13.699999809265137, 13.399999618530273, 13.199999809265137, 13.199999809265137, 13.75, 14.286999702453613, 14.100000381469727, 13.779999732971191, 14.0, 13.960000038146973, 14.600000381469727, 13.920000076293945, 14.300000190734863, 14.0, 14.119999885559082, 13.800000190734863, 13.899999618530273, 16.219999313354492, 14.800000190734863, 14.539999961853027, 13.890000343322754, 13.359999656677246, 10.75, 10.720000267028809, 10.510000228881836, 10.520000457763672, 10.029999732971191, 9.920000076293945, 10.020000457763672, 10.029999732971191, 10.039999961853027, 10.300000190734863, 10.319999694824219, 10.479999542236328, 10.414999961853027, 9.989999771118164, 10.050000190734863, 8.890000343322754, 8.800000190734863, 8.779999732971191, 9.0, 8.199999809265137, 9.3100004196167, 8.890000343322754, 9.0600004196167, 9.550000190734863]
assets:[0, 100.0001629119873, 213.7404945278168, 304.41562500000003, 409.75695, 496.1930522010804, 584.8680618573188, 672.0609008678435, 762.0307089889526, 862.0312675439835, 997.948875, 1136.9237188220025, 1222.0428030618668, 1294.3085229188919, 1414.973, 1510.9298921287536, 1680.1987039003373, 1701.9427293281556, 1848.4037246541975, 1909.6266, 2025.9954755795482, 2080.0809287495613, 2195.153269756508, 2661.5380653284074, 2528.531192586422, 2584.111315220356, 2568.590256488514, 2570.580165941715, 2168.39325, 2262.3424243535997, 2318.0236414808273, 2420.2292013130186, 2407.499832905102, 2481.096179081917, 2606.1069290599826, 2708.70774588604, 2811.4088213180544, 2984.213905261516, 3090.008116624451, 3237.9153305686955, 3317.8325913477897, 3282.4431957956313, 3402.1572195681574, 3109.470533084583, 3177.990708881092, 3270.767644525147, 3452.7231, 3245.8141245012284, 3785.1864216044423, 3714.4261664473534, 3885.4554719560624, 4195.595853795433]
shares:[0, 7.6336, 14.345, 21.3625, 28.2591, 35.3918, 42.6911, 50.1538, 57.7296, 65.3054, 72.5781, 79.5775, 86.6697, 93.9266, 101.0695, 108.2328, 115.0821, 122.266, 129.259, 136.4019, 143.4841, 150.7305, 157.9247, 164.0899, 170.8467, 177.7243, 184.9237, 192.4087, 201.711, 211.0394, 220.5541, 230.0598, 240.0299, 250.1105, 260.0905, 270.0606, 280.0208, 289.7295, 299.4194, 308.9614, 318.5629, 328.5729, 338.5231, 349.7717, 361.1353, 372.5248, 383.6359, 395.831, 406.5721, 417.8207, 428.8582, 439.3294]
growth_rate:-17.73
