ticker:PNTG
price:[35.189998626708984, 32.93000030517578, 36.72999954223633, 37.130001068115234, 35.90999984741211, 38.970001220703125, 38.65999984741211, 42.45000076293945, 41.65999984741211, 45.529998779296875, 49.209999084472656, 47.20000076293945, 48.459999084472656, 55.5099983215332, 56.650001525878906, 62.72999954223633, 61.0, 58.060001373291016, 63.65999984741211, 57.540000915527344, 62.709999084472656, 53.77000045776367, 55.630001068115234, 57.08000183105469, 59.06999969482422, 52.779998779296875, 49.16999816894531, 57.29999923706055, 50.189998626708984, 47.06999969482422, 46.029998779296875, 43.970001220703125, 42.09000015258789, 41.810001373291016, 40.41999816894531, 38.380001068115234, 32.59000015258789, 33.220001220703125, 34.27000045776367, 33.65999984741211, 38.439998626708984, 43.41999816894531, 42.5, 42.029998779296875, 38.970001220703125, 35.790000915527344, 34.43000030517578, 34.220001220703125, 32.650001525878906, 27.75, 26.190000534057617, 29.760000228881836]
assets:[0, 99.9985319267273, 211.53908636360168, 313.84133402824403, 403.52785028533935, 537.9146178497315, 633.6373974990845, 795.754979301834, 880.9465227733613, 1062.7839965057374, 1248.6840427688599, 1297.679060975647, 1432.3225009399414, 1740.6991803661347, 1876.44632554245, 2177.8350321075436, 2217.7709, 2210.8842102939607, 2524.125359949875, 2381.4655578918455, 2695.4388066482543, 2411.1758685272216, 2594.5832498168947, 2762.2097406082153, 2958.5091207153323, 2743.477946548462, 2655.8338620986938, 3194.9620074596405, 2898.517591691208, 2818.335059727478, 2856.0647612579346, 2828.2472125183103, 2807.3230391773222, 2888.648813880539, 2892.6127069625854, 2846.621651221466, 2517.179913785553, 2665.8386579589846, 2850.0988580703734, 2899.368040856552, 3411.1039741363525, 3953.021763298035, 3969.262, 4025.368494088745, 3832.3021260437013, 3619.5823735908507, 3582.03870074997, 3660.1918625671387, 3592.264177882385, 3153.14925, 3075.892469722557, 3595.1717076501845]
shares:[0, 3.0367, 5.7593, 8.4525, 11.2372, 13.8033, 16.39, 18.7457, 21.1461, 23.3425, 25.3746, 27.4932, 29.5568, 31.3583, 33.1235, 34.7176, 36.3569, 38.0793, 39.6501, 41.388, 42.9826, 44.8424, 46.64, 48.3919, 50.0848, 51.9795, 54.0133, 55.7585, 57.7509, 59.8754, 62.0479, 64.3222, 66.6981, 69.0899, 71.5639, 74.1694, 77.2378, 80.248, 83.166, 86.1369, 88.7384, 91.0415, 93.3944, 95.7737, 98.3398, 101.1339, 104.0383, 106.9606, 110.0234, 113.627, 117.4453, 120.8055]
growth_rate:-29.51
