ticker:POAI
price:[0.8730000257492065, 0.8450000286102295, 0.8600000143051147, 0.8560000061988831, 0.765999972820282, 0.8100000023841858, 0.7879999876022339, 0.8600000143051147, 0.6859999895095825, 0.6600000262260437, 0.6980000138282776, 0.6850000023841858, 0.7400000095367432, 0.75, 0.7369999885559082, 0.6949999928474426, 0.7099999785423279, 0.7319999933242798, 0.7900000214576721, 1.0, 1.3600000143051147, 1.0399999618530273, 1.3300000429153442, 1.8300000429153442, 1.8200000524520874, 1.4700000286102295, 1.2200000286102295, 1.6699999570846558, 1.4500000476837158, 1.2100000381469727, 1.4700000286102295, 1.4900000095367432, 1.0800000429153442, 1.0800000429153442, 1.100000023841858, 1.0199999809265137, 0.8690000176429749, 1.1399999856948853, 1.1799999475479126, 1.5499999523162842, 1.25, 1.0099999904632568, 1.090000033378601, 1.2100000381469727, 1.190000057220459, 1.149999976158142, 1.1799999475479126, 1.1299999952316284, 1.0700000524520874, 1.0299999713897705, 1.0199999809265137, 1.090000033378601]
assets:[0, 100.00000738582611, 201.77518135629893, 300.8366653785646, 369.2066248995662, 490.4143394435048, 577.0944701204538, 729.8239621397853, 682.1618881682754, 756.3073620529533, 899.8523344272315, 983.092891921717, 1162.0273429756164, 1277.730375, 1355.583019850588, 1378.3313528149724, 1508.0795014227092, 1654.808741308415, 1885.9275512248278, 2487.25, 3482.6600206322432, 2763.210426646042, 3633.721313249922, 5099.781899595022, 5171.914351053679, 4277.315384248281, 3649.8807955933808, 5096.147988040149, 4524.799388799476, 3875.8670401922227, 4808.697903590441, 4974.122310836864, 3705.404223239529, 3805.4042352131723, 3975.8746261747597, 3786.719941190243, 3326.137020129287, 4463.401701991689, 4720.012180191099, 6300.016036188269, 5180.65825, 4285.971824530482, 4725.454908705568, 5345.688450530434, 5357.330039604092, 5277.251335591758, 5514.918672856772, 5381.235918292273, 5195.506806687069, 5101.281888302088, 5151.754907664776, 5605.306968648899]
shares:[0, 118.3432, 234.6223, 351.4447, 481.993, 605.4498, 732.3534, 848.6325, 994.4051, 1145.9202, 1289.1867, 1435.1721, 1570.3072, 1703.6405, 1839.3257, 1983.2106, 2124.0557, 2260.6677, 2387.25, 2487.25, 2560.7794, 2656.9332, 2732.1212, 2786.766, 2841.7111, 2909.7383, 2991.7055, 3051.5857, 3120.5512, 3203.1958, 3271.223, 3338.3371, 3430.9297, 3523.5223, 3614.4314, 3712.4706, 3827.5454, 3915.2647, 4000.0105, 4064.5266, 4144.5266, 4243.5365, 4335.2796, 4417.9242, 4501.9578, 4588.9143, 4673.6601, 4762.1557, 4855.6136, 4952.701, 5050.7402, 5142.4833]
growth_rate:9.91
