ticker:PODD
price:[204.8300018310547, 211.58999633789062, 225.02000427246094, 223.9600067138672, 231.75999450683594, 248.58999633789062, 248.3300018310547, 249.38999938964844, 222.25, 257.010009765625, 256.0, 265.239990234375, 251.47999572753906, 258.8800048828125, 238.9600067138672, 240.64999389648438, 257.2799987792969, 255.6300048828125, 265.75, 281.20001220703125, 290.29998779296875, 267.17999267578125, 281.1700134277344, 289.7699890136719, 274.0299987792969, 259.1000061035156, 252.0, 261.8800048828125, 261.0299987792969, 266.79998779296875, 264.82000732421875, 287.1300048828125, 297.0, 295.5, 295.2200012207031, 234.19000244140625, 232.4199981689453, 253.52000427246094, 269.6700134277344, 271.8399963378906, 282.45001220703125, 280.54998779296875, 278.3399963378906, 281.3399963378906, 280.69000244140625, 268.3299865722656, 276.54998779296875, 279.69000244140625, 275.510009765625, 287.57000732421875, 295.2799987792969, 295.0899963378906]
assets:[0, 99.99743226928712, 206.34334391784668, 305.3694691543579, 416.0091901397705, 546.226798953247, 645.6580047607422, 748.419388168335, 766.9625249999999, 986.9184375, 1083.0336, 1222.1197790039062, 1258.7076746154785, 1395.7515463256834, 1388.3576390075682, 1498.1665370025635, 1701.7013679260256, 1790.7904362060547, 1961.6867750000001, 2175.728854449463, 2346.1464413452145, 2259.300736065674, 2477.61392432251, 2653.3948123992923, 2609.2588423767093, 2567.1110404724122, 2596.7592, 2798.580672180176, 2889.4976744873047, 3053.3657802978514, 3130.702126586914, 3494.458298425293, 3714.5789999999997, 3795.8157, 3892.2100180938723, 3187.583542230225, 3263.5021622894287, 3659.7640776763915, 3992.8960208190915, 4125.0360244293215, 4386.025014556884, 4456.5085010925295, 4521.410568511963, 4670.131403210449, 4759.35161239624, 4649.783005316162, 4892.224594055176, 5047.7612570617675, 5072.332136791992, 5394.353225390625, 5638.991664688111, 5735.369168823242]
shares:[0, 0.4726, 0.917, 1.3635, 1.795, 2.1973, 2.6, 3.001, 3.4509, 3.84, 4.2306, 4.6076, 5.0052, 5.3915, 5.81, 6.2255, 6.6142, 7.0054, 7.3817, 7.7373, 8.0818, 8.4561, 8.8118, 9.1569, 9.5218, 9.9078, 10.3046, 10.6865, 11.0696, 11.4444, 11.822, 12.1703, 12.507, 12.8454, 13.1841, 13.6111, 14.0414, 14.4358, 14.8066, 15.1745, 15.5285, 15.8849, 16.2442, 16.5996, 16.9559, 17.3286, 17.6902, 18.0477, 18.4107, 18.7584, 19.0971, 19.436]
growth_rate:12.46
