ticker:POLA
price:[1.6200000047683716, 1.4500000476837158, 1.850000023841858, 3.0999999046325684, 3.380000114440918, 3.7200000286102295, 3.140000104904175, 2.6500000953674316, 2.940000057220459, 2.5999999046325684, 3.3299999237060547, 4.690000057220459, 5.210000038146973, 4.480000019073486, 3.9600000381469727, 4.75, 5.400000095367432, 4.78000020980835, 7.400000095367432, 11.520000457763672, 23.600000381469727, 19.559999465942383, 20.219999313354492, 18.190000534057617, 15.800000190734863, 12.850000381469727, 9.5600004196167, 14.09000015258789, 12.5, 11.920000076293945, 13.640000343322754, 12.119999885559082, 10.210000038146973, 10.899999618530273, 11.199999809265137, 10.1899995803833, 9.140000343322754, 9.729999542236328, 9.65999984741211, 10.25, 10.510000228881836, 10.350000381469727, 9.699999809265137, 10.15999984741211, 8.869999885559082, 7.199999809265137, 7.289999961853027, 7.199999809265137, 7.03000020980835, 6.5, 6.090000152587891, 6.960000038146973]
assets:[0, 99.99997828853131, 227.58626293301583, 481.3608551915646, 624.8386511559486, 787.6921500580788, 764.8798475538492, 745.5194918295383, 927.1046160439968, 919.8882862586976, 1278.1645267158508, 1900.1779111831663, 2210.858827187634, 2001.0838485195636, 1868.8150980024338, 2341.6340999999998, 2762.0681887798787, 2544.9418997050284, 4039.8679920637605, 6389.092477879715, 13188.76581318283, 11031.027958813667, 11503.240511364555, 10448.36541076355, 9175.54517076559, 7562.389704499817, 5726.183087339115, 8539.530619478988, 7675.87875, 7419.7184794898985, 8590.349456221582, 7733.06654298191, 6614.406605712986, 7161.413109370423, 7458.516672982216, 6885.917691442967, 6276.3779117574695, 6781.5265379520415, 6832.739106071091, 7350.059749999999, 7636.4999533041, 7620.244705859184, 7241.678417604065, 7685.098052581406, 6809.333043145847, 5627.305290927315, 5797.646573662186, 5826.070645661831, 5788.511311756468, 5452.1083499999995, 5208.206497494126, 6052.23576917162]
shares:[0, 68.9655, 123.0196, 155.2777, 184.8635, 211.7452, 243.5923, 281.3281, 315.3417, 353.8032, 383.8332, 405.1552, 424.3491, 446.6705, 471.923, 492.9756, 511.4941, 532.4146, 545.9281, 554.6087, 558.846, 563.9585, 568.9041, 574.4016, 580.7307, 588.5128, 598.9731, 606.0703, 614.0703, 622.4596, 629.791, 638.0418, 647.8361, 657.0104, 665.939, 675.7525, 686.6934, 696.9709, 707.3229, 717.079, 726.5937, 736.2555, 746.5648, 756.4073, 767.6813, 781.5702, 795.2876, 809.1765, 823.4013, 838.7859, 855.2063, 869.5741]
growth_rate:18.67
