ticker:POOL
price:[295.0, 300.32000732421875, 301.260009765625, 315.1000061035156, 322.7900085449219, 346.54998779296875, 359.44000244140625, 361.7099914550781, 349.8299865722656, 382.8900146484375, 340.6300048828125, 339.8699951171875, 343.1199951171875, 324.2699890136719, 337.7900085449219, 364.3699951171875, 364.7300109863281, 372.5, 390.989990234375, 359.3999938964844, 369.30999755859375, 354.17999267578125, 359.32000732421875, 337.8399963378906, 326.0799865722656, 334.7699890136719, 330.2200012207031, 342.44000244140625, 340.79998779296875, 341.8599853515625, 351.57000732421875, 369.489990234375, 382.2099914550781, 419.5299987792969, 422.5199890136719, 444.010009765625, 437.8699951171875, 429.25, 436.54998779296875, 438.0400085449219, 431.6199951171875, 442.0199890136719, 455.7699890136719, 466.8299865722656, 476.239990234375, 458.8900146484375, 462.3699951171875, 477.82000732421875, 481.0899963378906, 485.2099914550781, 486.42999267578125, 480.9100036621094]
assets:[0, 100.00656243896485, 200.30778049316407, 309.5227359954834, 417.07697004089357, 547.7915657043457, 668.1630205383301, 772.3955157531739, 847.0433464874268, 1027.1024642944337, 1013.7489575317384, 1111.4768450317383, 1222.0904866088867, 1254.9572844818115, 1407.266954598999, 1617.9849633178712, 1719.592582797241, 1856.242, 2048.3965588378906, 1982.8816463256835, 2137.566265869141, 2149.978809539795, 2281.1789984985353, 2244.811639666748, 2266.67981065979, 2427.082420349121, 2494.085625219727, 2686.373331152344, 2773.498460656738, 2882.118978503418, 3063.967770831299, 3320.1262052490233, 3534.4104539825435, 3979.535709420776, 4107.908341186524, 4416.833973144531, 4455.7650703125, 4468.06325, 4644.062425140381, 4759.91794885254, 4790.1618678100585, 5005.566961587524, 5261.272022177124, 5488.940299118041, 5699.592579125977, 5591.94194050293, 5734.358916442871, 6025.979240368652, 6167.236990054322, 6320.054222698975, 6435.955233093262, 6462.901448214722]
shares:[0, 0.333, 0.6649, 0.9823, 1.2921, 1.5807, 1.8589, 2.1354, 2.4213, 2.6825, 2.9761, 3.2703, 3.5617, 3.8701, 4.1661, 4.4405, 4.7147, 4.9832, 5.239, 5.5172, 5.788, 6.0703, 6.3486, 6.6446, 6.9513, 7.25, 7.5528, 7.8448, 8.1382, 8.4307, 8.7151, 8.9857, 9.2473, 9.4857, 9.7224, 9.9476, 10.176, 10.409, 10.6381, 10.8664, 11.0981, 11.3243, 11.5437, 11.7579, 11.9679, 12.1858, 12.4021, 12.6114, 12.8193, 13.0254, 13.231, 13.4389]
growth_rate:26.72
