ticker:POSH
price:[83.19999694824219, 73.7699966430664, 69.77999877929688, 69.20999908447266, 77.97000122070312, 71.0, 58.060001373291016, 50.0, 47.630001068115234, 46.650001525878906, 39.63999938964844, 43.45000076293945, 39.790000915527344, 40.459999084472656, 42.40999984741211, 41.83000183105469, 44.060001373291016, 36.58000183105469, 39.029998779296875, 46.5, 46.619998931884766, 46.220001220703125, 45.9900016784668, 43.41999816894531, 43.810001373291016, 39.380001068115234, 38.369998931884766, 41.5099983215332, 39.2400016784668, 35.0099983215332, 27.850000381469727, 26.530000686645508, 28.5, 29.110000610351562, 29.18000030517578]
assets:[0, 100.00260744934081, 194.5954825958252, 293.0074521240234, 430.0903237335205, 491.6466, 502.04483187484743, 532.35, 607.1158086147308, 694.6231877204896, 690.2433813720703, 856.5863500408174, 884.432245349884, 999.3255633872986, 1147.4873658714293, 1231.793161920166, 1397.4598755569457, 1260.2139850814817, 1444.6173448181153, 1821.10275, 1925.8022258777619, 2009.280515066528, 2099.282611616135, 2081.97154420166, 2200.672750983429, 2078.14566436615, 2124.8461268501283, 2398.7341220066073, 2367.5572732707974, 2212.3378099349975, 1859.8870804754258, 1871.733996443939, 2110.7214, 2255.8969632995604, 2361.321492695618]
shares:[0, 1.3556, 2.7887, 4.2336, 5.5161, 6.9246, 8.647, 10.647, 12.7465, 14.8901, 17.4128, 19.7143, 22.2275, 24.6991, 27.057, 29.4476, 31.7172, 34.4509, 37.013, 39.1635, 41.3085, 43.4721, 45.6465, 47.9496, 50.2322, 52.7716, 55.3778, 57.7869, 60.3353, 63.1916, 66.7823, 70.5516, 74.0604, 77.4956, 80.9226]
growth_rate:-30.55
