ticker:POTX
price:[9.097000122070312, 8.164999961853027, 8.100000381469727, 7.300000190734863, 7.239999771118164, 8.472000122070312, 8.095000267028809, 8.239999771118164, 7.699999809265137, 10.350000381469727, 9.800000190734863, 9.625, 11.380000114440918, 12.15999984741211, 11.029999732971191, 10.845000267028809, 10.529999732971191, 9.899999618530273, 12.15999984741211, 15.4399995803833, 14.800000190734863, 14.5, 18.350000381469727, 19.520000457763672, 19.020000457763672, 16.530000686645508, 15.229999542236328, 17.690000534057617, 17.360000610351562, 15.819999694824219, 16.049999237060547, 15.399999618530273, 14.050000190734863, 14.100000381469727, 14.90999984741211, 14.4399995803833, 12.5600004196167, 13.220000267028809, 15.270000457763672, 14.9399995803833, 15.1899995803833, 13.670000076293945, 14.399999618530273, 13.569999694824219, 12.850000381469727, 11.600000381469727, 11.449999809265137, 11.449999809265137, 11.25, 10.949999809265137, 9.850000381469727, 10.239999771118164]
assets:[0, 100.00002053279877, 199.20411938152313, 279.5294173035621, 377.2322240743637, 541.4243478012085, 617.3311963638306, 728.388787767601, 780.6544706625939, 1149.3209673604965, 1188.246103126526, 1267.0273, 1598.0535860705377, 1807.5864093177797, 1739.6118498851774, 1810.4339785770414, 1857.848919887066, 1846.6954388425827, 2368.264546282196, 3107.0729475583075, 3078.2831196713446, 3115.88615, 4043.2078890523912, 4401.004679207992, 4388.27358361473, 3913.783467576027, 3705.9843236103056, 4404.587238973618, 4422.421963485718, 4130.109918328094, 4290.155166066742, 4216.4105555562965, 3946.789768579388, 4060.8353598642348, 4394.117109030914, 4355.603497429084, 3888.53091391182, 4192.864538691044, 4943.044213182449, 4936.219187357426, 5118.820236594963, 4706.601531268119, 5057.940826010323, 4866.406797559356, 4708.20415976944, 4350.207783057976, 4393.954601805211, 4493.954320139408, 4515.4575, 4495.045001702118, 4143.488355468559, 4407.544733483696]
shares:[0, 12.2474, 24.5931, 38.2917, 52.1039, 63.9075, 76.2608, 88.3967, 101.3837, 111.0455, 121.2496, 131.6392, 140.4265, 148.6502, 157.7164, 166.9372, 176.4339, 186.5349, 194.7586, 201.2353, 207.9921, 214.8887, 220.3383, 225.4613, 230.7189, 236.7685, 243.3345, 248.9874, 254.7478, 261.0689, 267.2994, 273.7929, 280.9103, 288.0025, 294.7094, 301.6346, 309.5964, 317.1607, 323.7095, 330.4029, 336.9862, 344.3015, 351.2459, 358.6151, 366.3972, 375.0179, 383.7515, 392.4851, 401.374, 410.5064, 420.6587, 430.4243]
growth_rate:-13.58
