ticker:POW
price:[9.682000160217285, 9.8100004196167, 9.720999717712402, 9.638999938964844, 9.725000381469727, 9.810999870300293, 9.819999694824219, 9.800000190734863, 9.770000457763672, 9.710000038146973, 9.854000091552734, 9.770000457763672, 9.75, 9.8100004196167, 9.760000228881836, 9.720999717712402, 9.710000038146973, 9.6899995803833, 9.720000267028809, 9.720000267028809, 9.680000305175781, 9.710000038146973, 9.699999809265137, 9.6899995803833, 9.680000305175781, 9.670000076293945, 9.680000305175781, 9.6899995803833]
assets:[0, 100.00020127744675, 199.0928789185524, 297.41327091674805, 400.06706569290156, 503.6045099424362, 604.0664792274475, 702.836413679123, 800.6847555152893, 895.7678945191383, 1009.0525655750275, 1100.4508405605316, 1198.197975, 1305.5717538450242, 1398.9174248060228, 1493.327339335346, 1591.6379602529526, 1688.3593638871193, 1793.5869372735976, 1893.587272020817, 1985.794950605011, 2091.9495962184906, 2189.795326941204, 2287.5375809402467, 2385.1772431961062, 2482.713532588005, 2585.281241504669, 2687.9516196006775]
shares:[0, 10.1937, 20.4807, 30.8552, 41.138, 51.3306, 61.5139, 71.718, 81.9534, 92.2521, 102.4003, 112.6357, 122.8921, 133.0858, 143.3317, 153.6187, 163.9174, 174.2373, 184.5254, 194.8135, 205.1441, 215.4428, 225.7521, 236.072, 246.4026, 256.7439, 267.0745, 277.3944]
growth_rate:-0.45
