ticker:POWI
price:[54.5, 53.060001373291016, 53.560001373291016, 52.7599983215332, 53.790000915527344, 60.56999969482422, 60.34000015258789, 61.630001068115234, 60.209999084472656, 66.29000091552734, 68.8499984741211, 69.18000030517578, 71.0999984741211, 75.38999938964844, 72.76000213623047, 77.18000030517578, 79.54000091552734, 81.86000061035156, 92.70999908447266, 92.0199966430664, 94.37000274658203, 80.55000305175781, 86.19000244140625, 92.55000305175781, 95.19000244140625, 88.37000274658203, 83.12000274658203, 82.52999877929688, 82.30999755859375, 83.12000274658203, 85.4000015258789, 81.05999755859375, 82.70999908447266, 85.41000366210938, 82.80999755859375, 82.4800033569336, 77.02999877929688, 78.2300033569336, 82.19000244140625, 81.19999694824219, 80.72000122070312, 78.81999969482422, 80.66999816894531, 83.52999877929688, 82.43000030517578, 78.2699966430664, 84.44000244140625, 96.98999786376953, 99.62000274658203, 98.5, 100.0, 108.44999694824219]
assets:[0, 100.00218458824158, 200.94641315231323, 297.9462625213623, 403.76388387222295, 554.6576582054138, 652.552965650177, 766.5046492843628, 848.846588092804, 1034.561528288269, 1174.5121239700318, 1280.1413156471253, 1415.6720696182251, 1601.0875730377197, 1645.234616304016, 1845.1808572959899, 2001.600261038971, 2159.9825341049195, 2546.2708538551333, 2627.3181361541747, 2794.4184623298647, 2485.193134155273, 2759.200548156738, 3062.803525993347, 3250.167443359375, 3117.3048688873287, 3032.109644191742, 3110.5886659912107, 3202.295148016357, 3333.810318161011, 3525.260822987366, 3446.111782208252, 3616.254850971222, 3834.3027534027096, 3817.5822924499507, 3902.3681508262634, 3744.5129736602785, 3902.847929475403, 4200.410483770752, 4249.81296027832, 4324.695145401001, 4322.898647262573, 4524.360713305664, 4784.765390075683, 4821.759353851318, 4678.41685534668, 5147.217672821044, 6012.225686579132, 6275.253251012421, 6304.69935, 6500.709999999999, 7150.021538800048]
shares:[0, 1.8847, 3.7518, 5.6472, 7.5063, 9.1573, 10.8146, 12.4372, 14.0981, 15.6066, 17.059, 18.5045, 19.911, 21.2374, 22.6118, 23.9075, 25.1647, 26.3863, 27.4649, 28.5516, 29.6113, 30.8528, 32.013, 33.0935, 34.144, 35.2756, 36.4787, 37.6904, 38.9053, 40.1084, 41.2794, 42.5131, 43.7221, 44.8929, 46.1005, 47.3129, 48.6111, 49.8894, 51.1061, 52.3376, 53.5765, 54.8452, 56.0848, 57.282, 58.4952, 59.7728, 60.9571, 61.9881, 62.9919, 64.0071, 65.0071, 65.9292]
growth_rate:40.2
