ticker:POWL
price:[27.020000457763672, 25.790000915527344, 25.149999618530273, 23.770000457763672, 24.600000381469727, 26.15999984741211, 25.860000610351562, 25.139999389648438, 23.6299991607666, 24.479999542236328, 26.309999465942383, 26.780000686645508, 27.520000457763672, 27.969999313354492, 28.209999084472656, 29.15999984741211, 30.56999969482422, 29.489999771118164, 32.2400016784668, 32.939998626708984, 30.690000534057617, 28.670000076293945, 28.780000686645508, 29.149999618530273, 29.049999237060547, 31.1299991607666, 33.310001373291016, 36.119998931884766, 34.81999969482422, 33.0, 33.72999954223633, 34.18000030517578, 35.310001373291016, 35.02000045776367, 35.2400016784668, 36.5099983215332, 37.04999923706055, 35.060001373291016, 34.36000061035156, 34.54999923706055, 35.0099983215332, 32.599998474121094, 31.809999465942383, 30.969999313354492, 30.649999618530273, 29.190000534057617, 29.049999237060547, 29.09000015258789, 27.530000686645508, 27.1200008392334, 25.200000762939453, 25.81999969482422]
assets:[0, 100.00072854995727, 197.51803700408936, 286.6804675209046, 396.6897661514282, 521.8449089561462, 615.8610865356445, 698.7134890365601, 756.7459971237182, 883.9678874702454, 1050.0478646854401, 1168.8050959684372, 1301.101589642334, 1422.3779540815353, 1534.5816351966857, 1686.2615551761628, 1867.7994683540344, 1901.8130342393874, 2179.1597454505923, 2326.4730470077516, 2267.561379459381, 2218.3125859031675, 2326.822763514328, 2456.735732850075, 2548.3066030738833, 2830.766004685402, 3129.00162700119, 3492.959212708664, 3467.2432536117553, 3386.0144999999998, 3560.91652767334, 3708.4240751106263, 3931.027142887115, 3998.741242269516, 4123.8625244178775, 4372.481210984803, 4537.154021570206, 4393.459928090668, 4405.742358261109, 4530.106069965363, 4690.419012129593, 4467.542910891723, 4459.281594133186, 4441.525287525559, 4495.631604047394, 4381.4832981632235, 4460.467607854843, 4566.6093129535675, 4421.717295285224, 4455.864953887558, 4240.406648379899, 4444.734789466095]
shares:[0, 3.8775, 7.8536, 12.0606, 16.1256, 19.9482, 23.8152, 27.7929, 32.0248, 36.1098, 39.9106, 43.6447, 47.2784, 50.8537, 54.3985, 57.8279, 61.0991, 64.4901, 67.5918, 70.6276, 73.886, 77.374, 80.8486, 84.2791, 87.7214, 90.9337, 93.9358, 96.7043, 99.5762, 102.6065, 105.5712, 108.4969, 111.329, 114.1845, 117.0222, 119.7612, 122.4603, 125.3126, 128.223, 131.1174, 133.9737, 137.0412, 140.1849, 143.4138, 146.6764, 150.1022, 153.5445, 156.9821, 160.6145, 164.3018, 168.2701, 172.1431]
growth_rate:-12.85
