ticker:POWRU
price:[10.529999732971191, 10.5, 10.5, 10.4399995803833, 10.699999809265137, 10.680000305175781, 10.579999923706055, 10.300000190734863, 10.09000015258789, 10.180000305175781, 10.109999656677246, 9.989999771118164, 9.930000305175781, 10.0600004196167, 10.050000190734863, 10.0, 10.029999732971191, 9.989999771118164, 9.970000267028809, 9.989999771118164, 9.975000381469727, 10.015000343322754, 10.010000228881836, 10.0, 9.979999542236328, 9.979999542236328, 9.984999656677246, 10.0, 10.001999855041504, 9.949999809265137, 9.90999984741211, 9.9399995803833, 9.90999984741211, 9.869999885559082, 9.899999618530273, 9.899999618530273]
assets:[0, 99.9999, 199.9998, 298.8564719880104, 406.2993227574348, 505.53995044555666, 600.8064556674957, 684.9057226830482, 770.9415966587067, 877.818372315216, 971.782265999508, 1060.2476667085648, 1153.8799374618532, 1268.9865609312058, 1367.7246259574893, 1460.92, 1565.3028213269233, 1659.060240989113, 1755.7389810243608, 1859.260835402298, 1956.4696423204423, 2064.3149052664758, 2163.28417246418, 2261.123, 2356.600245907211, 2456.5998413204193, 2557.8304025519374, 2661.6730000000002, 2762.2052905674936, 2847.8451654087066, 2936.3963787872312, 3045.2858634433746, 3136.0947677124027, 3223.4363536248206, 3333.2338415628433, 3433.2337377096173]
shares:[0, 9.5238, 19.0476, 28.6261, 37.9719, 47.3352, 56.787, 66.4957, 76.4065, 86.2297, 96.1209, 106.1309, 116.2014, 126.1418, 136.092, 146.092, 156.0621, 166.0721, 176.1022, 186.1122, 196.1373, 206.1223, 216.1123, 226.1123, 236.1323, 246.1523, 256.1673, 266.1673, 276.1653, 286.2156, 296.3064, 306.3668, 316.4576, 326.5893, 336.6903, 346.7913]
growth_rate:-1.91
