ticker:POWW
price:[2.369999885559082, 2.4000000953674316, 2.380000114440918, 2.369999885559082, 2.690000057220459, 2.630000114440918, 2.0899999141693115, 2.509999990463257, 2.200000047683716, 2.1500000953674316, 2.259999990463257, 2.2899999618530273, 2.5899999141693115, 2.509999990463257, 3.5899999141693115, 3.3299999237060547, 3.640000104904175, 3.299999952316284, 3.950000047683716, 6.829999923706055, 5.78000020980835, 5.25, 7.190000057220459, 9.319999694824219, 7.699999809265137, 6.989999771118164, 6.909999847412109, 5.860000133514404, 6.309999942779541, 5.909999847412109, 6.21999979019165, 7.309999942779541, 6.650000095367432, 7.110000133514404, 7.389999866485596, 6.909999847412109, 6.199999809265137, 6.380000114440918, 6.860000133514404, 6.539999961853027, 7.159999847412109, 7.920000076293945, 9.0, 9.0600004196167, 8.279999732971191, 7.079999923706055, 7.360000133514404, 6.769999980926514, 7.269999980926514, 7.159999847412109, 7.159999847412109, 7.46999979019165]
assets:[0, 100.00008397364616, 199.16673957681655, 298.3298975944519, 438.61069632992746, 528.827536011219, 520.2469586348534, 724.7941232461453, 735.2776359367133, 818.5667413091182, 960.4468859471083, 1073.1961161226272, 1313.7893704619885, 1373.2089467824935, 2064.0718866516113, 2014.5846858436585, 2302.1286223469497, 2187.094438397336, 2717.886012809849, 4799.534517387199, 4161.685117065095, 3880.077075, 5413.857938085318, 7117.684698937225, 5980.490521858692, 5529.042985956001, 5565.763718095779, 4820.025323819589, 5290.163870027637, 5054.812822491836, 5419.955427178144, 6469.754923356723, 5985.618535839558, 6499.66136905322, 6855.625281140089, 6510.334439237595, 5941.399677220631, 6213.892345461369, 6781.395507984543, 6565.061895706845, 7287.437820696258, 8160.965286615181, 9373.824, 9536.316351677417, 8815.308339707564, 7637.727625695992, 8039.785201846075, 7495.291065883112, 8148.857919620753, 8125.5601948349, 8225.560332703782, 8681.695010159016]
shares:[0, 41.6667, 83.6835, 125.8776, 163.0523, 201.0751, 248.922, 288.7626, 334.2171, 380.7287, 424.9765, 468.6446, 507.2546, 547.0952, 574.9504, 604.9804, 632.4529, 662.7559, 688.0724, 702.7137, 720.0147, 739.0623, 752.9705, 763.7001, 776.6871, 790.9933, 805.4651, 822.5299, 838.3778, 855.2983, 871.3755, 885.0554, 900.093, 914.1577, 927.6895, 942.1613, 958.2903, 973.9643, 988.5416, 1003.8321, 1017.7986, 1030.4249, 1041.536, 1052.5735, 1064.6508, 1078.7751, 1092.3621, 1107.1331, 1120.8883, 1134.8548, 1148.8213, 1162.2082]
growth_rate:70.23
