ticker:PPBI
price:[22.8799991607666, 21.510000228881836, 21.540000915527344, 19.469999313354492, 21.559999465942383, 24.100000381469727, 24.25, 26.6200008392334, 25.5, 26.079999923706055, 29.649999618530273, 29.520000457763672, 29.989999771118164, 30.209999084472656, 29.8799991607666, 29.969999313354492, 30.920000076293945, 31.329999923706055, 33.68000030517578, 34.54999923706055, 36.189998626708984, 33.25, 35.93000030517578, 38.150001525878906, 38.650001525878906, 40.29999923706055, 41.869998931884766, 46.650001525878906, 45.70000076293945, 44.790000915527344, 43.52000045776367, 43.220001220703125, 42.97999954223633, 43.88999938964844, 44.029998779296875, 46.400001525878906, 46.0099983215332, 45.79999923706055, 45.970001220703125, 46.11000061035156, 45.63999938964844, 42.290000915527344, 43.0, 42.0099983215332, 40.439998626708984, 38.189998626708984, 37.279998779296875, 37.97999954223633, 39.95000076293945, 39.709999084472656, 39.189998626708984, 40.91999816894531]
assets:[0, 99.99999106407165, 200.1389185066223, 280.9053620933533, 411.0586378177643, 559.486328855896, 662.9683249999999, 827.7622360963821, 892.93605, 1013.2471170358658, 1251.947513892746, 1346.4574048793793, 1467.8935277971268, 1578.6627751579285, 1661.4175933361055, 1766.42276852932, 1922.4169927434923, 2047.907376012993, 2301.516084854126, 2460.9688056564332, 2677.7848543869018, 2560.246675, 2866.60680734787, 3143.7241707389835, 3284.9254696868898, 3525.161833263397, 3762.4925350177764, 4292.028725388336, 4304.624741863632, 4318.907191280366, 4296.446765192032, 4366.827907336426, 4442.580374683762, 4636.6404825210575, 4751.4312732696535, 5107.187847951508, 5164.258832605362, 5240.687812700272, 5360.138918334961, 5476.46171749115, 5520.641710171509, 5215.422820907593, 5402.9844, 5378.590497103883, 5277.581580780029, 5083.948092184067, 5062.806506222534, 5257.871378628159, 5630.59305752945, 5696.768671659089, 5722.170889484405, 6074.770144171142]
shares:[0, 4.649, 9.2915, 14.4276, 19.0658, 23.2152, 27.3389, 31.0955, 35.0171, 38.8515, 42.2242, 45.6117, 48.9461, 52.2563, 55.603, 58.9397, 62.1739, 65.3657, 68.3348, 71.2292, 73.9924, 76.9999, 79.7831, 82.4043, 84.9916, 87.473, 89.8613, 92.0049, 94.1931, 96.4257, 98.7235, 101.0372, 103.3639, 105.6423, 107.9135, 110.0687, 112.2421, 114.4255, 116.6008, 118.7695, 120.9606, 123.3252, 125.6508, 128.0312, 130.504, 133.1225, 135.8049, 138.4379, 140.941, 143.4593, 146.011, 148.4548]
growth_rate:19.11
