ticker:PPBT
price:[4.099999904632568, 4.199999809265137, 4.289999961853027, 4.059999942779541, 4.329999923706055, 4.460000038146973, 4.329999923706055, 4.730000019073486, 4.139999866485596, 4.090000152587891, 4.150000095367432, 4.059999942779541, 4.21999979019165, 4.190000057220459, 4.170000076293945, 4.079999923706055, 4.130000114440918, 3.809999942779541, 4.0, 4.360000133514404, 4.610000133514404, 3.9700000286102295, 4.760000228881836, 5.940000057220459, 5.929999828338623, 4.75, 4.139999866485596, 4.849999904632568, 4.650000095367432, 4.210000038146973, 4.230000019073486, 4.349999904632568, 3.859999895095825, 4.550000190734863, 4.21999979019165, 3.9700000286102295, 4.019999980926514, 4.739999771118164, 5.460000038146973, 5.929999828338623, 5.03000020980835, 5.099999904632568, 4.949999809265137, 4.760000228881836, 4.699999809265137, 5.0, 4.949999809265137, 5.519999980926514, 5.050000190734863, 4.71999979019165, 4.610000133514404, 4.71999979019165]
assets:[0, 99.99989545869828, 202.14265320253372, 291.30499589443207, 410.67754376392367, 523.0072564733505, 607.7626862913131, 763.9068280804157, 768.6203692121029, 859.337662059784, 971.9441323353767, 1050.8656191894056, 1192.2790727227211, 1283.8030285321713, 1377.6750342058183, 1447.9409729242325, 1565.6855213846206, 1544.3731898058415, 1721.3892, 1976.314376519823, 2189.6352744160176, 1985.6510943098067, 2480.780743286896, 3195.7639867850303, 3290.3837487501146, 2735.6361500000003, 2484.3228398809433, 3010.3784508057593, 2986.239361245155, 2803.6705754041673, 2916.989824152994, 3099.741202042675, 2850.5747965292217, 3460.1336400479313, 3309.17866747551, 3213.137388155818, 3353.6049860883236, 4054.250258231163, 4770.085899326801, 5280.6974621346, 4579.242777006626, 4742.969311308861, 4703.470018764496, 4622.933166291046, 4664.660510699272, 5062.405, 5111.780653031349, 5800.409907957602, 5406.534749200916, 5153.235826933908, 5133.139721665525, 5355.621865937662]
shares:[0, 23.8095, 47.1195, 71.75, 94.8447, 117.2662, 140.3609, 161.5025, 185.6571, 210.107, 234.2034, 258.8339, 282.5306, 306.3969, 330.3777, 354.8875, 379.1006, 405.3473, 430.3473, 453.2831, 474.9751, 500.164, 521.1724, 538.0074, 554.8708, 575.9234, 600.078, 620.6966, 642.202, 665.955, 689.5957, 712.5842, 738.4909, 760.4689, 784.1656, 809.3545, 834.2301, 855.3271, 873.6421, 890.5055, 910.3862, 929.994, 950.196, 971.2044, 992.481, 1012.481, 1032.683, 1050.7989, 1070.6009, 1091.7873, 1113.4793, 1134.6657]
growth_rate:5.01
