ticker:PPC
price:[16.25, 16.469999313354492, 16.299999237060547, 14.770000457763672, 15.529999732971191, 15.380000114440918, 16.450000762939453, 16.709999084472656, 16.739999771118164, 17.0, 18.450000762939453, 18.6200008392334, 19.420000076293945, 20.780000686645508, 20.610000610351562, 19.690000534057617, 19.350000381469727, 19.610000610351562, 19.43000030517578, 19.139999389648438, 20.399999618530273, 19.3799991607666, 21.100000381469727, 21.790000915527344, 22.469999313354492, 22.389999389648438, 24.270000457763672, 25.399999618530273, 25.190000534057617, 24.510000228881836, 24.420000076293945, 24.06999969482422, 24.43000030517578, 24.700000762939453, 23.959999084472656, 24.170000076293945, 25.43000030517578, 25.020000457763672, 24.040000915527344, 23.15999984741211, 23.079999923706055, 21.25, 23.1299991607666, 21.850000381469727, 21.959999084472656, 21.110000610351562, 21.530000686645508, 22.149999618530273, 21.280000686645508, 27.34000015258789, 27.209999084472656, 28.010000228881836]
assets:[0, 99.99924783096314, 198.96757068710326, 280.291775687027, 394.7151322131157, 490.9034576527595, 625.0556139896394, 734.9341667335509, 836.2533845661163, 949.2426, 1130.2083017360687, 1240.6227259168625, 1393.9248814762116, 1591.5423305902482, 1678.5217307083128, 1703.594598207092, 1774.1783149765015, 1898.0166610748292, 1980.5951381080627, 2051.0346785949705, 2286.056597251892, 2271.754509623718, 2573.375036524391, 2757.5289738601687, 2943.5833920490263, 3033.1038083175663, 3387.781407897949, 3645.514625249863, 3715.373938770294, 3715.0787746925357, 3801.4369918766024, 3846.9515962257383, 4004.4874740234372, 4148.74550814743, 4124.450282402039, 4260.600601448822, 4582.709838995362, 4608.824196322632, 4528.301984453583, 4462.540566598892, 4547.126956968879, 4286.58825, 4765.825303079986, 4602.088595345879, 4725.2559790008545, 4642.35723122406, 4834.72097619133, 5073.946927615929, 4974.653424518013, 6491.306162228775, 6560.4396192626955, 6853.32439800148]
shares:[0, 6.0716, 12.2066, 18.9771, 25.4163, 31.9183, 37.9973, 43.9817, 49.9554, 55.8378, 61.2579, 66.6285, 71.7778, 76.5901, 81.4421, 86.5208, 91.6888, 96.7882, 101.9349, 107.1596, 112.0616, 117.2216, 121.9609, 126.5502, 131.0006, 135.4669, 139.5872, 143.5242, 147.494, 151.574, 155.669, 159.8235, 163.9168, 167.9654, 172.139, 176.2764, 180.2088, 184.2056, 188.3653, 192.6831, 197.0159, 201.7218, 206.0452, 210.6219, 215.1756, 219.9127, 224.5574, 229.0721, 233.7713, 237.4289, 241.104, 244.6742]
growth_rate:34.38
