ticker:PPD
price:[32.27000045776367, 33.650001525878906, 33.849998474121094, 33.7400016784668, 35.63999938964844, 36.93000030517578, 36.5, 35.47999954223633, 32.880001068115234, 35.84000015258789, 34.61000061035156, 33.75, 35.06999969482422, 34.849998474121094, 34.41999816894531, 35.310001373291016, 34.849998474121094, 34.220001220703125, 37.0, 36.5, 34.900001525878906, 32.15999984741211, 35.58000183105469, 38.0, 36.900001525878906, 35.060001373291016, 34.7599983215332, 35.849998474121094, 38.06999969482422, 37.900001525878906, 38.29999923706055, 38.29999923706055, 46.27000045776367, 46.189998626708984, 46.20000076293945, 46.099998474121094, 46.119998931884766, 46.119998931884766, 46.119998931884766, 46.41999816894531, 46.58000183105469, 46.380001068115234, 46.099998474121094, 46.189998626708984, 45.849998474121094, 46.0, 46.15999984741211, 46.119998931884766, 46.119998931884766, 45.9900016784668, 46.04999923706055, 46.2599983215332]
assets:[0, 100.00107453460693, 200.59509095764162, 299.9418669212341, 416.8311768615723, 531.9175663955689, 625.72315, 708.2375588623047, 756.3386645698547, 924.4282919357299, 992.7013425064088, 1068.035625, 1209.8062724723816, 1302.2154979835511, 1386.148398260498, 1521.991706193924, 1602.1624648506165, 1673.2006476867678, 1909.1297000000002, 1983.3297, 1996.3882772850036, 1939.6532067970277, 2245.923571582031, 2498.6824, 2526.351224468994, 2500.3776239391327, 2578.9833154678345, 2759.854772532654, 3030.7564827049255, 3117.2220655014034, 3250.122615257263, 3350.1239132652286, 4147.263427030181, 4240.09406593628, 4341.012131686783, 4431.615903316498, 4533.540551005554, 4633.54254468956, 4733.544538373566, 4864.333040124511, 4981.097707806397, 5059.7102665233615, 5129.164200228119, 5239.179117232132, 5300.612868596649, 5417.9536, 5536.799661697388, 5632.00362556572, 5732.005619249725, 5815.849622257233, 5923.43903186264, 6050.451578469468]
shares:[0, 2.9718, 5.926, 8.8898, 11.6956, 14.4034, 17.1431, 19.9616, 23.003, 25.7932, 28.6825, 31.6455, 34.4969, 37.3663, 40.2716, 43.1037, 45.9731, 48.8954, 51.5981, 54.3378, 57.2031, 60.3126, 63.1232, 65.7548, 68.4648, 71.3171, 74.194, 76.9834, 79.6101, 82.2486, 84.8596, 87.4706, 89.6318, 91.7968, 93.9613, 96.1305, 98.2988, 100.4671, 102.6354, 104.7896, 106.9364, 109.0925, 111.2617, 113.4267, 115.6077, 117.7816, 119.948, 122.1163, 124.2846, 126.459, 128.6306, 130.7923]
growth_rate:18.64
