ticker:PPGH
price:[9.859999656677246, 9.819999694824219, 9.680000305175781, 9.739999771118164, 9.729999542236328, 9.770000457763672, 9.8100004196167, 9.789999961853027, 9.770000457763672, 9.75, 9.699999809265137, 9.729999542236328, 9.670000076293945, 9.670000076293945, 9.699999809265137, 9.699999809265137, 9.670000076293945, 9.6899995803833, 9.670000076293945, 9.725000381469727, 9.710000038146973, 9.699999809265137, 9.710000038146973, 9.729999542236328, 9.649999618530273, 9.670000076293945, 9.699999809265137, 9.720000267028809]
assets:[0, 100.00000289230346, 198.57455826034544, 299.80498495483397, 399.49724020500184, 501.13947248039244, 603.1914198011399, 701.9615982647896, 800.5274585079193, 898.8885750000001, 994.2790804491043, 1097.3542133731842, 1190.5878153934477, 1290.5881871824265, 1394.592252577591, 1494.592460611248, 1589.9704225444793, 1693.258627674961, 1789.7642281208039, 1899.944149526596, 1997.0139548455238, 2094.9574588060377, 2197.1176356316564, 2301.643067715454, 2382.719040809822, 2487.6578036270143, 2595.3755989661217, 2700.727346194649]
shares:[0, 10.1833, 20.5139, 30.7808, 41.0583, 51.2937, 61.4874, 71.7019, 81.9373, 92.1937, 102.503, 112.7805, 123.1218, 133.4631, 143.7724, 154.0817, 164.423, 174.7429, 185.0842, 195.367, 205.6657, 215.975, 226.2737, 236.5512, 246.9139, 257.2552, 267.5645, 277.8526]
growth_rate:0.03
