ticker:PPGHU
price:[10.399999618530273, 10.600000381469727, 10.600000381469727, 10.430000305175781, 10.539999961853027, 10.729999542236328, 10.699999809265137, 10.640000343322754, 10.199999809265137, 10.239999771118164, 10.0, 10.050000190734863, 10.050000190734863, 10.149999618530273, 10.119999885559082, 9.968999862670898, 10.01099967956543, 10.050000190734863, 10.020000457763672, 10.057000160217285, 9.979999542236328, 10.100000381469727, 10.050000190734863, 10.039999961853027, 10.020000457763672, 10.069999694824219, 10.100000381469727, 10.119999885559082, 10.079999923706055, 10.140000343322754, 10.100000381469727, 10.020000457763672, 10.0, 9.930000305175781, 10.0, 10.0]
assets:[0, 100.0004035987854, 200.0008071975708, 296.7929596839905, 399.9234345525741, 507.1330413646698, 605.7152192027091, 702.3187586618424, 773.2752455401421, 876.3074364130019, 955.769, 1060.547375127697, 1160.546887025547, 1272.09437719059, 1368.3342925263405, 1447.9174780540466, 1554.0174912586212, 1660.0710915058135, 1755.115304182434, 1861.5959861569404, 1947.3424206790926, 2070.7576282110213, 2160.5058260033607, 2258.3564274193764, 2353.857425535965, 2465.6031732788083, 2572.948837178421, 2678.043425715637, 2767.457931053543, 2883.9306796448705, 2972.5543422712326, 3049.008985293961, 3142.9230000000002, 3220.9227029876706, 3343.6279999999997, 3443.6279999999997]
shares:[0, 9.434, 18.868, 28.4557, 37.9434, 47.2631, 56.6089, 66.0074, 75.8113, 85.5769, 95.5769, 105.5271, 115.4773, 125.3295, 135.2109, 145.242, 155.231, 165.1812, 175.1612, 185.1045, 195.1245, 205.0255, 214.9757, 224.9359, 234.9159, 244.8464, 254.7474, 264.6288, 274.5494, 284.4113, 294.3123, 304.2923, 314.2923, 324.3628, 334.3628, 344.3628]
growth_rate:-1.61
