ticker:PPH
price:[62.29999923706055, 61.939998626708984, 63.2599983215332, 61.529998779296875, 61.25, 63.93000030517578, 63.02000045776367, 62.459999084472656, 58.90999984741211, 63.400001525878906, 65.4000015258789, 64.83000183105469, 65.3499984741211, 66.44999694824219, 66.22000122070312, 66.62000274658203, 65.51000213623047, 66.47000122070312, 68.27999877929688, 69.72000122070312, 70.6500015258789, 68.13999938964844, 69.23999786376953, 70.33999633789062, 69.08999633789062, 67.52999877929688, 67.13999938964844, 68.8499984741211, 69.38999938964844, 69.16999816894531, 68.61000061035156, 68.37000274658203, 69.51000213623047, 70.0999984741211, 69.5199966430664, 70.9800033569336, 72.1500015258789, 73.19000244140625, 72.1500015258789, 71.9800033569336, 74.45999908447266, 72.54000091552734, 73.45999908447266, 73.7699966430664, 73.58999633789062, 72.79000091552734, 74.44000244140625, 74.86000061035156, 74.97000122070312, 76.01000213623047, 76.68000030517578, 75.91000366210938]
assets:[0, 100.00212778282166, 202.13467263679505, 296.6053591156006, 395.25849999999997, 512.5523844467164, 605.2566883964539, 699.8767817413329, 760.0980550312042, 918.0320220947266, 1046.995164427948, 1137.8702601379396, 1246.995600883484, 1367.9861521743774, 1463.2501229736329, 1572.0921628135682, 1645.899497671509, 1770.0163685058592, 1918.2173177062987, 2058.6712800445557, 2186.1300622154235, 2208.4650782180784, 2344.1201276779175, 2481.3629488128663, 2537.2679345123292, 2579.9768503631594, 2665.075277772522, 2832.9502322151184, 2955.16741600647, 3045.797114372253, 3121.137537765503, 3210.2177609619143, 3363.741925376892, 3492.2907939826964, 3563.3934199333194, 3738.225758795929, 3899.844667476654, 4056.0581932983396, 4098.423116676331, 4188.768325351715, 4433.087735492706, 4418.774155769348, 4574.816940984344, 4694.125049391937, 4782.672733996582, 4830.6792947586055, 5040.183685302734, 5168.618910140992, 5276.216254910279, 5449.407886153412, 5597.440654277038, 5641.229149148559]
shares:[0, 1.6145, 3.1953, 4.8205, 6.4532, 8.0174, 9.6042, 11.2052, 12.9027, 14.48, 16.0091, 17.5516, 19.0818, 20.5867, 22.0968, 23.5979, 25.1244, 26.6288, 28.0934, 29.5277, 30.9431, 32.4107, 33.855, 35.2767, 36.7241, 38.2049, 39.6943, 41.1467, 42.5878, 44.0335, 45.491, 46.9536, 48.3922, 49.8187, 51.2571, 52.6659, 54.0519, 55.4182, 56.8042, 58.1935, 59.5365, 60.915, 62.2763, 63.6319, 64.9908, 66.3646, 67.708, 69.0438, 70.3777, 71.6933, 72.9974, 74.3147]
growth_rate:10.61
