ticker:PPIH
price:[5.449999809265137, 5.690000057220459, 5.389999866485596, 5.389999866485596, 5.849999904632568, 5.900000095367432, 5.75, 5.659999847412109, 5.539999961853027, 5.519999980926514, 5.380000114440918, 5.400000095367432, 5.429999828338623, 5.670000076293945, 6.050000190734863, 5.909999847412109, 6.099999904632568, 6.090000152587891, 6.159999847412109, 6.269999980926514, 6.199999809265137, 6.090000152587891, 6.150000095367432, 6.110000133514404, 7.320000171661377, 6.610000133514404, 6.940000057220459, 6.920000076293945, 6.510000228881836, 6.369999885559082, 6.349999904632568, 6.329999923706055, 6.199999809265137, 6.610000133514404, 6.480000019073486, 6.429999828338623, 6.429999828338623, 6.800000190734863, 6.670000076293945, 6.980000019073486, 7.170000076293945, 6.940000057220459, 6.300000190734863, 6.760000228881836, 7.0, 6.949999809265137, 7.110000133514404, 6.889999866485596, 6.980000019073486, 6.909999847412109, 6.960000038146973, 7.0]
assets:[0, 100.0000440056324, 194.727759176445, 294.7278876993656, 419.8808181550503, 523.4698384613514, 610.16125, 700.6106291122436, 785.756476589489, 882.9195809492111, 960.5269284318923, 1064.097558792639, 1170.0091220119, 1321.7223777847291, 1510.30329261446, 1575.3541933265685, 1725.999853015709, 1823.17065368042, 1944.1267518424988, 2078.8435736761094, 2155.6345336847303, 2217.38976155777, 2339.2361762743, 2424.0215749691965, 3004.0651184483527, 2812.6872568130493, 3053.1086731729506, 3144.3103266664507, 3058.0146685152054, 3092.2508334458353, 3182.5418472030165, 3272.5181755571366, 3305.309798316479, 3623.886964198351, 3652.6153067512514, 3724.4314395690444, 3824.4314398993492, 4144.500156250096, 4165.266973643875, 4458.854724184227, 4680.22758780098, 4630.094602175236, 4303.11181027832, 4717.3072997198105, 4984.785400000001, 5049.179726430989, 5265.4200928761475, 5202.49558718605, 5370.452498675251, 5416.594096389771, 5555.788014450645, 5687.7177]
shares:[0, 17.5747, 36.1276, 54.6805, 71.7745, 88.7237, 106.115, 123.7828, 141.8333, 159.9492, 178.5366, 197.0551, 215.4713, 233.108, 249.6369, 266.5574, 282.9508, 299.3712, 315.605, 331.554, 347.683, 364.1034, 380.3636, 396.7302, 410.3914, 425.52, 439.9292, 454.3801, 469.7411, 485.4397, 501.1877, 516.9855, 533.1145, 548.2431, 563.6752, 579.2273, 594.7794, 609.4853, 624.4778, 638.8044, 652.7514, 667.1606, 683.0336, 697.8265, 712.1122, 726.5007, 740.5654, 755.0792, 769.4058, 783.8776, 798.2454, 812.5311]
growth_rate:11.52
