ticker:PPSI
price:[1.3899999856948853, 1.309999942779541, 1.3899999856948853, 1.590000033378601, 1.4800000190734863, 4.480000019073486, 3.0899999141693115, 2.8299999237060547, 2.859999895095825, 2.619999885559082, 2.950000047683716, 3.9100000858306885, 4.130000114440918, 4.400000095367432, 3.880000114440918, 4.010000228881836, 4.28000020980835, 3.869999885559082, 4.460000038146973, 6.179999828338623, 9.0, 6.78000020980835, 8.779999732971191, 7.610000133514404, 8.319999694824219, 6.03000020980835, 4.849999904632568, 6.019999980926514, 5.440000057220459, 4.869999885559082, 4.860000133514404, 4.480000019073486, 3.9600000381469727, 4.070000171661377, 4.03000020980835, 3.7699999809265137, 3.4800000190734863, 3.809999942779541, 3.9800000190734863, 4.190000057220459, 4.590000152587891, 4.829999923706055, 4.829999923706055, 5.050000190734863, 4.170000076293945, 3.890000104904175, 4.019999980926514, 3.950000047683716, 3.9639999866485596, 4.28000020980835, 3.7799999713897705, 4.199999809265137]
assets:[0, 100.00002463202476, 206.10683487886192, 335.7625330486059, 412.53372531652445, 1348.7505977422716, 1030.276732382083, 1043.5868098659516, 1154.649453647709, 1157.755679429531, 1403.5799326874258, 1960.3379750325203, 2170.638439147663, 2412.544692290497, 2227.425809698105, 2402.056302103996, 2663.7908105807305, 2508.6144218170166, 2991.0646835829734, 4244.569112098932, 6281.411400000001, 4831.996991527033, 6357.3642586515425, 5610.198638428688, 6233.619995352173, 4617.87606767478, 3814.2120999996664, 4834.341720683097, 4468.574895002556, 4100.36020064497, 4191.940627161408, 3964.1755048773766, 3604.0479107180595, 3804.1603774489877, 3866.773111310482, 3717.303675193119, 3531.357163354969, 3966.2270854332446, 4243.197818334818, 4567.084978370094, 5103.083680644607, 5469.911157598113, 5569.910993018532, 5923.613358730602, 4991.379586321831, 4756.226884264278, 5015.175096204758, 5027.84643569529, 5145.666400668502, 5655.86619725418, 5095.133781435728, 5761.259438363551]
shares:[0, 76.3359, 148.2783, 211.1714, 278.739, 301.0604, 333.4229, 368.7586, 403.7236, 441.8915, 475.7898, 501.3652, 525.5783, 548.3056, 574.0788, 599.0165, 622.381, 648.2208, 670.6423, 686.8235, 697.9346, 712.6839, 724.0734, 737.214, 749.2332, 765.8169, 786.4355, 803.0468, 821.4292, 841.9631, 862.5392, 884.8606, 910.1131, 934.6831, 959.497, 986.0222, 1014.7578, 1041.0045, 1066.1301, 1089.9964, 1111.7829, 1132.4868, 1153.1907, 1172.9927, 1196.9735, 1222.6804, 1247.556, 1272.8725, 1298.0995, 1321.464, 1347.919, 1371.7285]
growth_rate:12.97
