ticker:PPTA
price:[8.600000381469727, 6.449999809265137, 6.0, 7.809999942779541, 7.239999771118164, 6.75, 6.5, 6.949999809265137, 6.960000038146973, 7.360000133514404, 7.690000057220459, 8.75, 7.840000152587891, 8.359999656677246, 7.71999979019165, 7.510000228881836, 8.609999656677246, 8.899999618530273, 8.569999694824219, 7.449999809265137, 6.650000095367432, 6.559999942779541, 5.800000190734863, 5.690000057220459, 5.429999828338623, 5.260000228881836, 5.260000228881836, 5.199999809265137, 4.960000038146973, 5.070000171661377]
assets:[0, 100.00015204286575, 193.0236, 351.252404426527, 425.6171425447464, 496.811475, 578.41095, 718.4548402828216, 819.4885004915237, 966.5858735343933, 1109.9246232588291, 1362.918375, 1321.174873713684, 1508.8035420374872, 1493.2973154162883, 1552.6767763208388, 1880.099328031254, 2043.4247824151992, 2067.6572593711853, 1897.4382164217948, 1793.6865707232, 1869.4110556938172, 1752.833137642479, 1819.589755298376, 1836.4449469435217, 1878.9504557600021, 1978.9504241113661, 2056.376844572544, 2061.467279854584, 2207.185535731459]
shares:[0, 15.5039, 32.1706, 44.9747, 58.7869, 73.6017, 88.9863, 103.3748, 117.7426, 131.3296, 144.3335, 155.7621, 168.5172, 180.4789, 193.4323, 206.7479, 218.3623, 229.5983, 241.2669, 254.6897, 269.7273, 284.9712, 302.2126, 319.7873, 338.2035, 357.2149, 376.2263, 395.4571, 415.6184, 435.3423]
growth_rate:-23.89
