ticker:PRAA
price:[44.790000915527344, 41.459999084472656, 40.849998474121094, 38.380001068115234, 40.54999923706055, 39.47999954223633, 40.040000915527344, 38.02000045776367, 34.130001068115234, 36.31999969482422, 38.529998779296875, 40.13999938964844, 42.4900016784668, 43.27000045776367, 43.380001068115234, 39.63999938964844, 38.790000915527344, 39.65999984741211, 35.650001525878906, 35.68000030517578, 33.75, 32.970001220703125, 36.119998931884766, 35.959999084472656, 35.97999954223633, 36.86000061035156, 37.45000076293945, 38.400001525878906, 34.91999816894531, 37.290000915527344, 37.68000030517578, 36.72999954223633, 37.099998474121094, 37.369998931884766, 37.68000030517578, 39.27000045776367, 38.29999923706055, 38.2400016784668, 38.93000030517578, 39.38999938964844, 40.2400016784668, 39.880001068115234, 39.59000015258789, 38.400001525878906, 37.599998474121094, 37.66999816894531, 37.220001220703125, 38.790000915527344, 41.779998779296875, 39.400001525878906, 40.61000061035156, 41.90999984741211]
assets:[0, 100.00151779174804, 198.53099258422853, 286.52589797401424, 402.7263724227905, 492.09845429420466, 599.0784936981202, 668.85545205307, 700.4227079200746, 845.3661528968811, 996.8057454193115, 1138.458690689087, 1305.1101445552824, 1429.0696511184692, 1532.7021977386476, 1500.5602848953247, 1568.3844700172424, 1703.5595994457244, 1631.3119848228453, 1732.6850388198852, 1738.962, 1798.7740295989988, 2070.629506768799, 2161.4584529701233, 2262.659839212799, 2418.001296038818, 2556.704062085724, 2721.5617081451414, 2574.920348982239, 2849.67949596405, 2979.481968131256, 3004.3633695568087, 3134.627101076507, 3257.4381708953856, 3384.4590754112246, 3627.2756942825317, 3637.680307537079, 3731.983251807785, 3899.3222625671388, 4045.396266316223, 4232.6928645515445, 4294.824871029282, 4363.5939808181765, 4332.434092155457, 4342.175663786316, 4450.258243682862, 4497.095481491089, 4786.790845978546, 5255.765082440185, 5056.371615822602, 5311.654066831969, 5581.6911276779165]
shares:[0, 2.412, 4.86, 7.4655, 9.9316, 12.4645, 14.962, 17.5922, 20.5222, 23.2755, 25.8709, 28.3622, 30.7157, 33.0268, 35.332, 37.8547, 40.4327, 42.9541, 45.7591, 48.5618, 51.5248, 54.5579, 57.3264, 60.1073, 62.8866, 65.5996, 68.2698, 70.874, 73.7377, 76.4194, 79.0733, 81.7959, 84.4913, 87.1672, 89.8211, 92.3676, 94.9786, 97.5937, 100.1624, 102.7011, 105.1862, 107.6937, 110.2196, 112.8238, 115.4834, 118.138, 120.8247, 123.4027, 125.7962, 128.3343, 130.7967, 133.1828]
growth_rate:9.44
