ticker:PRAX
price:[27.799999237060547, 30.989999771118164, 35.0, 34.400001525878906, 33.790000915527344, 34.56999969482422, 40.86000061035156, 43.400001525878906, 45.540000915527344, 44.5, 52.66999816894531, 55.02000045776367, 58.959999084472656, 57.5099983215332, 56.45000076293945, 50.88999938964844, 53.61000061035156, 52.529998779296875, 50.0099983215332, 43.5, 36.41999816894531, 44.29999923706055, 33.95000076293945, 30.889999389648438, 30.850000381469727, 29.540000915527344, 27.3700008392334, 27.93000030517578, 30.65999984741211, 28.059999465942383, 21.700000762939453, 19.639999389648438, 19.59000015258789, 19.270000457763672, 20.06999969482422, 21.520000457763672, 20.100000381469727, 18.790000915527344, 19.520000457763672, 17.40999984741211, 16.389999389648438, 15.600000381469727, 14.760000228881836, 13.800000190734863, 18.760000228881836, 19.84000015258789, 19.06999969482422, 19.8700008392334]
assets:[0, 99.99853126144409, 212.9365, 309.2869737190247, 403.804026940918, 513.1259624702453, 706.4898405532838, 850.4056698989868, 992.3393899497986, 1069.67765, 1366.0648735092163, 1527.0140887046814, 1736.3660770378112, 1793.6620846508026, 1860.603315146637, 1777.3434066833495, 1972.3387274551392, 2032.6062787658693, 2035.096869696808, 1870.18245, 1665.7924442504882, 2126.209473382187, 1729.4537788650514, 1673.5738319320678, 1771.4070219039918, 1796.1856636688233, 1764.2374100959778, 1900.3348767639159, 2186.082517120361, 2100.70063601799, 1724.5619906330107, 1660.8467283859252, 1756.6176826824187, 1827.9233384227755, 2003.8108465309142, 2248.5796558307648, 2200.2063417568206, 2156.810255088806, 2340.6042148895262, 2187.597818827057, 2159.4332285842893, 2155.3490927051544, 2139.29229317379, 2100.151649026966, 2954.988940052414, 3225.1051128040313, 3199.9364137916564, 3434.1759590465545]
shares:[0, 3.2268, 6.0839, 8.9909, 11.9504, 14.8431, 17.2905, 19.5946, 21.7905, 24.0377, 25.9363, 27.7538, 29.4499, 31.1887, 32.9602, 34.9252, 36.7905, 38.6942, 40.6938, 42.9927, 45.7384, 47.9957, 50.9412, 54.1785, 57.42, 60.8052, 64.4588, 68.0392, 71.3008, 74.8646, 79.4729, 84.5645, 89.6691, 94.8585, 99.8411, 104.4879, 109.463, 114.785, 119.908, 125.6518, 131.7531, 138.1634, 144.9385, 152.1849, 157.5154, 162.5557, 167.7995, 172.8322]
growth_rate:-26.93
