ticker:PRCH
price:[10.600000381469727, 10.40999984741211, 10.8100004196167, 10.880000114440918, 10.789999961853027, 10.5600004196167, 10.800000190734863, 10.449999809265137, 10.0600004196167, 10.300000190734863, 10.079999923706055, 10.289999961853027, 10.649999618530273, 11.239999771118164, 12.25, 11.510000228881836, 15.029999732971191, 14.270000457763672, 13.09000015258789, 17.809999465942383, 17.25, 14.819999694824219, 19.709999084472656, 21.829999923706055, 21.18000030517578, 17.959999084472656, 16.905000686645508, 19.299999237060547, 18.3700008392334, 16.75, 18.0, 16.799999237060547, 14.359999656677246, 13.010000228881836, 13.3100004196167, 12.630000114440918, 14.979999542236328, 17.420000076293945, 17.1200008392334, 18.149999618530273, 19.350000381469727, 17.889999389648438, 19.110000610351562, 20.110000610351562, 19.049999237060547, 17.1200008392334, 18.18000030517578, 18.530000686645508, 18.639999389648438, 18.3700008392334, 15.220000267028809, 19.90999984741211]
assets:[0, 99.99949953422546, 203.84201591262817, 305.16224320983883, 402.6374805765152, 494.0548996319771, 605.2838506896973, 685.6683774850845, 760.0793077039718, 878.2120062626839, 959.4537047380447, 1079.4426049983026, 1217.2076264011382, 1384.639835804367, 1609.060775, 1611.8604320526122, 2204.801762828636, 2193.31476735878, 2111.9471696186065, 2973.47380383625, 2979.9789, 2660.1899452209473, 3637.9454870178224, 4129.242720568657, 4106.29162116623, 3582.0104654037477, 3471.597417008972, 4063.4314893703463, 3967.629935261154, 3717.734525, 4095.1782, 3922.1664618824007, 3452.5187134562493, 3227.943681788445, 3402.3768432647703, 3328.551909160137, 4047.8789983036045, 4807.212769054032, 4824.4247964963915, 5214.678205399894, 5659.451346571541, 5332.4327600738525, 5796.076562120056, 6199.378262155151, 5972.607195801163, 5467.508524020767, 5906.033073140717, 6119.736556772233, 6256.064707150269, 6265.447001236916, 5291.077848829841, 7021.508330187988]
shares:[0, 9.6061, 18.8568, 28.048, 37.3158, 46.7855, 56.0448, 65.6142, 75.5546, 85.2633, 95.1839, 104.9021, 114.2918, 123.1886, 131.3519, 140.04, 146.6934, 153.7011, 161.3405, 166.9553, 172.7524, 179.5, 184.5736, 189.1545, 193.8759, 199.4438, 205.3592, 210.5405, 215.9842, 221.9543, 227.5099, 233.4623, 240.4261, 248.1125, 255.6256, 263.5433, 270.2189, 275.9594, 281.8005, 287.3101, 292.4781, 298.0678, 303.3007, 308.2734, 313.5227, 319.3638, 324.8643, 330.261, 335.6258, 341.0695, 347.6398, 352.6624]
growth_rate:37.68
