ticker:PRDO
price:[13.569999694824219, 11.979999542236328, 12.039999961853027, 12.050000190734863, 12.210000038146973, 12.390000343322754, 12.15999984741211, 12.010000228881836, 11.289999961853027, 11.020000457763672, 11.609999656677246, 11.010000228881836, 11.649999618530273, 12.289999961853027, 12.630000114440918, 12.90999984741211, 13.100000381469727, 12.630000114440918, 12.550000190734863, 12.789999961853027, 12.670000076293945, 11.829999923706055, 13.279999732971191, 13.420000076293945, 13.5, 12.869999885559082, 11.8100004196167, 12.699999809265137, 12.729999542236328, 12.600000381469727, 12.449999809265137, 12.0, 11.989999771118164, 11.890000343322754, 11.65999984741211, 12.010000228881836, 12.199999809265137, 12.15999984741211, 12.1899995803833, 12.460000038146973, 12.75, 12.869999885559082, 12.800000190734863, 12.40999984741211, 12.140000343322754, 11.470000267028809, 11.390000343322754, 11.859999656677246, 11.619999885559082, 11.34000015258789, 10.850000381469727, 11.140000343322754]
assets:[0, 99.99945217895508, 200.49971136474608, 300.66678475914, 404.6589372642517, 510.62412814922334, 601.1454004566193, 693.7300402208328, 752.1409264586448, 834.1534246501923, 978.813529055214, 1028.229426375389, 1187.9993910999297, 1353.2629567996025, 1490.7012315073014, 1623.7487758083344, 1747.6461608911513, 1784.944870173454, 1873.6384734755518, 2009.468869006634, 2090.6158965888976, 2052.011675766182, 2403.5259036708835, 2528.864814376831, 2643.9399, 2620.555914697838, 2504.7215769943236, 2793.476718046188, 2900.0759347148896, 2970.460169931793, 3035.097058502102, 3025.3944, 3122.873375386238, 3196.827533308124, 3234.9876696655274, 3432.092961407471, 3586.388803930378, 3674.6303538894654, 3783.6954157537457, 3967.501998146725, 4159.84305, 4298.994375773048, 4375.612225201702, 4342.292453609085, 4347.818508957577, 4207.864798961735, 4278.515809965038, 4555.065324140167, 4562.889265061855, 4552.939753263092, 4456.207996673584, 4675.31443808813]
shares:[0, 8.3472, 16.6528, 24.9516, 33.1416, 41.2126, 49.4363, 57.7627, 66.6201, 75.6945, 84.3078, 93.3905, 101.9742, 110.1109, 118.0286, 125.7745, 133.4081, 141.3258, 149.2939, 157.1125, 165.0052, 173.4583, 180.9884, 188.44, 195.8474, 203.6174, 212.0848, 219.9588, 227.8143, 235.7508, 243.7829, 252.1162, 260.4565, 268.8669, 277.4432, 285.7696, 293.9663, 302.19, 310.3934, 318.4191, 326.2622, 334.0322, 341.8447, 349.9027, 358.1399, 366.8583, 375.6379, 384.0696, 392.6755, 401.4938, 410.7104, 419.6871]
growth_rate:-8.33
