ticker:PRFT
price:[41.290000915527344, 42.15999984741211, 42.599998474121094, 42.150001525878906, 43.22999954223633, 45.099998474121094, 45.2599983215332, 43.90999984741211, 39.15999984741211, 42.77000045776367, 46.130001068115234, 46.63999938964844, 46.7400016784668, 49.099998474121094, 46.689998626708984, 48.9900016784668, 48.099998474121094, 47.650001525878906, 48.77000045776367, 48.90999984741211, 52.93000030517578, 54.61000061035156, 61.290000915527344, 61.560001373291016, 59.31999969482422, 55.689998626708984, 56.56999969482422, 60.720001220703125, 61.65999984741211, 60.25, 61.0, 62.83000183105469, 64.7300033569336, 64.19000244140625, 65.61000061035156, 68.62000274658203, 70.5999984741211, 73.16999816894531, 71.58999633789062, 73.52999877929688, 76.95999908447266, 79.76000213623047, 80.77999877929688, 82.5, 82.94999694824219, 82.81999969482422, 83.94000244140625, 94.29000091552734, 100.6500015258789, 103.08999633789062, 106.11000061035156, 116.08000183105469]
assets:[0, 99.99930363807678, 201.04217279891967, 298.91938082122806, 406.57814569473265, 524.1657122657775, 626.027244783783, 707.3549695419312, 730.8352451522827, 898.2085026134491, 1068.7721557468415, 1180.588976550293, 1283.1205480777742, 1447.909855003357, 1476.8420085617065, 1649.5913365173337, 1719.6230454483032, 1803.5334977539064, 1945.9230182647705, 2051.510379599762, 2320.128340377045, 2493.7711388717653, 2898.8147863014224, 3011.5829831829074, 3002.001292556, 2918.30072203598, 3064.413854468536, 3389.2204521362305, 3541.6887312355043, 3560.7027, 3705.0241, 3916.1751651290897, 4134.60307242279, 4200.112334747315, 4393.029127867127, 4694.568867904663, 4930.026133447265, 5209.491676634217, 5196.997035153198, 5437.830176724244, 5791.493899103546, 6102.206459436798, 6280.241005096436, 6513.96075, 6649.487425363159, 6739.063375167847, 6930.195723565674, 7884.709027558136, 8516.540139112853, 8822.998572576906, 9181.464910812378, 10144.150104014589]
shares:[0, 2.3719, 4.7193, 7.0918, 9.405, 11.6223, 13.8318, 16.1092, 18.6628, 21.0009, 23.1687, 25.3128, 27.4523, 29.489, 31.6308, 33.672, 35.751, 37.8496, 39.9, 41.9446, 43.8339, 45.6651, 47.2967, 48.9211, 50.6069, 52.4026, 54.1703, 55.8172, 57.439, 59.0988, 60.7381, 62.3297, 63.8746, 65.4325, 66.9567, 68.414, 69.8304, 71.1971, 72.5939, 73.9539, 75.2533, 76.5071, 77.745, 78.9571, 80.1626, 81.37, 82.5613, 83.6219, 84.6154, 85.5854, 86.5278, 87.3893]
growth_rate:98.9
