ticker:PRFX
price:[6.730000019073486, 6.099999904632568, 5.519999980926514, 5.132999897003174, 4.409999847412109, 4.675000190734863, 4.880000114440918, 4.920000076293945, 4.5929999351501465, 4.309999942779541, 4.304999828338623, 4.159999847412109, 4.630000114440918, 4.23199987411499, 4.389999866485596, 4.849999904632568, 4.900000095367432, 4.46999979019165, 4.119999885559082, 4.25, 4.449999809265137, 4.519999980926514, 4.639999866485596, 5.460000038146973, 6.5, 6.489999771118164, 5.300000190734863, 5.360000133514404, 4.599999904632568, 4.099999904632568, 4.699999809265137, 4.230000019073486, 3.0999999046325684, 3.2899999618530273, 3.1600000858306885, 2.7300000190734863, 2.5999999046325684, 2.5, 3.0, 3.0199999809265137, 2.819999933242798, 2.9700000286102295, 3.009999990463257, 2.9600000381469727, 2.740000009536743, 2.799999952316284, 4.0, 2.880000114440918, 2.809999942779541, 2.7109999656677246, 2.5799999237060547, 2.9200000762939453]
assets:[0, 99.99973843660355, 190.49133534178736, 277.13631073908806, 338.1005763015747, 458.4174287029266, 578.5191335668565, 683.2610745952607, 737.8493640820981, 792.3865934801102, 891.4673104528428, 961.4412767345428, 1170.0658489208222, 1169.4856572124959, 1313.1477350628377, 1550.7443045071125, 1666.731602439165, 1620.4674529401302, 1593.5850557351114, 1743.868075, 1925.9323274511337, 2056.2279953231337, 2210.817952384472, 2701.522842874527, 3316.0985, 3410.996556704903, 2885.559663844681, 3018.2262591822146, 2690.268544225216, 2497.847861899185, 2963.386539740181, 2767.0481674768926, 2127.8603945391656, 2358.2775656561853, 2365.093532239747, 2143.261043974161, 2141.2008014612197, 2158.847, 2690.6163, 2808.5537762619497, 2722.5568095495464, 2967.3736575849293, 3107.3382731548545, 3155.7214566693306, 3021.1747005153898, 3187.331785720062, 4653.3312, 3450.398537106514, 3466.534511410427, 3444.4040753798486, 3377.9647461091995, 3923.123178503609]
shares:[0, 16.3934, 34.5093, 53.9911, 76.6668, 98.0572, 118.549, 138.8742, 160.6465, 183.8484, 207.0772, 231.1157, 252.714, 276.3435, 299.1225, 319.7411, 340.1493, 362.5207, 386.7925, 410.3219, 432.7938, 454.9177, 476.4694, 494.7844, 510.169, 525.5773, 544.4452, 563.1019, 584.841, 609.2312, 630.5078, 654.1485, 686.4066, 716.8017, 748.4473, 785.0773, 823.5388, 863.5388, 896.8721, 929.9847, 965.4457, 999.1157, 1032.3383, 1066.1221, 1102.6185, 1138.3328, 1163.3328, 1198.055, 1233.6422, 1270.529, 1309.2887, 1343.5353]
growth_rate:-23.08
