ticker:PRFZ
price:[120.30999755859375, 117.04000091552734, 119.77999877929688, 114.2699966430664, 120.05000305175781, 126.94999694824219, 127.26000213623047, 127.94000244140625, 119.4800033569336, 126.86000061035156, 133.6300048828125, 137.75999450683594, 143.0500030517578, 146.74000549316406, 147.05999755859375, 150.27999877929688, 151.52000427246094, 150.94000244140625, 159.49000549316406, 161.67999267578125, 165.25, 157.75, 169.89999389648438, 176.42999267578125, 175.55999755859375, 171.55999755859375, 173.44000244140625, 185.3000030517578, 180.97999572753906, 177.11000061035156, 179.13999938964844, 179.30999755859375, 180.94000244140625, 181.41000366210938, 180.72999572753906, 184.50999450683594, 181.8800048828125, 182.00999450683594, 185.44000244140625, 187.60000610351562, 190.19000244140625, 182.0500030517578, 189.4600067138672, 186.97000122070312, 184.75, 176.89999389648438, 179.97000122070312, 182.4600067138672, 184.3000030517578, 184.1699981689453, 179.80999755859375, 187.4199981689453]
assets:[0, 99.99897678222656, 202.3443519378662, 293.0339793914795, 407.857880368042, 531.2984322280884, 632.596744618988, 735.9748640441895, 787.313482120514, 935.9477125030518, 1085.8907826782226, 1219.4514713745118, 1366.284884147644, 1501.5317802093505, 1604.8069293579101, 1739.9418258666992, 1854.3018122863768, 1947.2015014953613, 2157.501049308777, 2287.1251763916016, 2437.619275, 2426.98375, 2713.914542504883, 2918.2226508544927, 3003.831558227539, 3035.3938808044436, 3168.6621246032714, 3485.3448174011232, 3504.080383277893, 3529.1470051620486, 3669.5933174972533, 3773.0768306274417, 3907.3812587219236, 4017.5240821014404, 4102.4624650177, 4288.270586331177, 4327.143572167969, 4430.232472293091, 4613.728716741944, 4767.460195108032, 4933.281416326904, 4822.140480834961, 5118.413649380493, 5151.135715631103, 5189.9785249999995, 5069.4585050903315, 5257.427651660157, 5430.17401381073, 5584.935142478943, 5680.999848518371, 5646.501429333496, 5985.482545523071]
shares:[0, 0.8544, 1.6893, 2.5644, 3.3974, 4.1851, 4.9709, 5.7525, 6.5895, 7.3778, 8.1261, 8.852, 9.5511, 10.2326, 10.9126, 11.578, 12.238, 12.9005, 13.5275, 14.146, 14.7511, 15.385, 15.9736, 16.5404, 17.11, 17.6929, 18.2695, 18.8092, 19.3617, 19.9263, 20.4845, 21.0422, 21.5949, 22.1461, 22.6994, 23.2414, 23.7912, 24.3406, 24.8799, 25.4129, 25.9387, 26.488, 27.0158, 27.5506, 28.0919, 28.6572, 29.2128, 29.7609, 30.3035, 30.8465, 31.4026, 31.9362]
growth_rate:17.36
