ticker:PRGS
price:[35.38999938964844, 34.97999954223633, 35.22999954223633, 35.7400016784668, 37.77000045776367, 40.220001220703125, 39.81999969482422, 39.380001068115234, 36.369998931884766, 38.709999084472656, 40.16999816894531, 39.06999969482422, 41.060001373291016, 41.61000061035156, 41.90999984741211, 44.0099983215332, 44.20000076293945, 45.189998626708984, 47.310001373291016, 44.13999938964844, 41.970001220703125, 40.18000030517578, 42.36000061035156, 43.400001525878906, 44.97999954223633, 42.540000915527344, 43.619998931884766, 45.45000076293945, 43.86000061035156, 44.27000045776367, 45.040000915527344, 44.790000915527344, 45.47999954223633, 46.61000061035156, 43.65999984741211, 44.16999816894531, 44.27000045776367, 43.72999954223633, 44.56999969482422, 46.11000061035156, 48.150001525878906, 45.2599983215332, 46.5099983215332, 47.310001373291016, 45.86000061035156, 44.459999084472656, 46.27000045776367, 45.59000015258789, 46.2599983215332, 45.439998626708984, 44.34000015258789, 47.25]
assets:[0, 100.00082269134522, 200.71587639198304, 303.622036259079, 420.8673381008148, 548.1664406372071, 642.7147050743102, 735.6144819522858, 779.3872551109314, 929.5315950157166, 1064.5893084732056, 1135.4367031311035, 1293.2709692546844, 1410.595664691162, 1520.7672094631193, 1696.9683222805024, 1804.2926511440278, 1944.7064009017945, 2135.9377490009306, 2092.8186190612796, 2089.9339837860107, 2100.799261956024, 2314.779177352905, 2471.608386898041, 2661.5880189128875, 2617.205492326355, 2783.649489837265, 3000.431795366287, 2995.466987684631, 3123.469882297516, 3277.7950746276856, 3359.599430671692, 3511.356132657623, 3698.601429432678, 3564.511537542343, 3706.1499513626095, 3814.54229744339, 3868.0146655097965, 4042.3162353218077, 4281.986762680053, 4571.42855486908, 4397.04957093544, 4618.489343326569, 4797.929596271896, 4750.875935229493, 4705.841927096557, 4997.41916144104, 5023.9769858150485, 5197.810419406128, 5205.6744026737215, 5179.656929824829, 5619.5937]
shares:[0, 2.8588, 5.6973, 8.4953, 11.1429, 13.6292, 16.1405, 18.6799, 21.4294, 24.0127, 26.5021, 29.0616, 31.4971, 33.9004, 36.2865, 38.5587, 40.8211, 43.034, 45.1477, 47.4132, 49.7959, 52.2847, 54.6454, 56.9495, 59.1727, 61.5234, 63.8159, 66.0161, 68.2961, 70.555, 72.7752, 75.0078, 77.2066, 79.3521, 81.6425, 83.9065, 86.1654, 88.4522, 90.6959, 92.8646, 94.9414, 97.1509, 99.301, 101.4147, 103.5952, 105.8444, 108.0056, 110.1991, 112.3608, 114.5615, 116.8168, 118.9332]
growth_rate:10.19
