ticker:PRIM
price:[19.59000015258789, 18.06999969482422, 18.219999313354492, 18.18000030517578, 18.09000015258789, 19.799999237060547, 19.739999771118164, 19.959999084472656, 18.8700008392334, 20.790000915527344, 22.729999542236328, 23.790000915527344, 24.920000076293945, 26.309999465942383, 27.229999542236328, 27.399999618530273, 27.760000228881836, 27.610000610351562, 30.6299991607666, 30.760000228881836, 31.229999542236328, 29.110000610351562, 31.84000015258789, 31.299999237060547, 32.0099983215332, 33.470001220703125, 36.380001068115234, 41.119998931884766, 33.18000030517578, 32.779998779296875, 33.45000076293945, 34.65999984741211, 34.900001525878906, 33.88999938964844, 32.65999984741211, 32.689998626708984, 32.16999816894531, 31.489999771118164, 31.790000915527344, 32.209999084472656, 32.52000045776367, 29.15999984741211, 30.34000015258789, 29.200000762939453, 29.25, 28.600000381469727, 28.65999984741211, 29.899999618530273, 26.920000076293945, 26.450000762939453, 24.260000228881836, 25.5]
assets:[0, 99.99937831115723, 200.8299424314499, 300.3881450424194, 398.9007843647003, 536.6076993232728, 634.9824946374893, 742.0588739631653, 801.5353646478653, 983.090536292267, 1174.8273023399354, 1329.613635168457, 1492.7678125701905, 1676.0311579788208, 1834.637557157898, 1946.0904529060363, 2071.659417080879, 2160.4659817596435, 2496.779877590561, 2607.3775714012145, 2747.215615731812, 2660.723919787598, 3010.252318426132, 3059.1993254318236, 3228.592450706482, 3475.8529327697756, 3878.0571818595886, 4483.334043542862, 3717.633226193237, 3772.813959503174, 3949.926615091324, 4192.809783541489, 4321.8416889572145, 4296.7672956161505, 4240.819330186844, 4344.713302480697, 4375.602300949096, 4383.111962141799, 4524.867928312683, 4684.64803484497, 4829.733883985138, 4430.7220088150025, 4710.018031687927, 4633.044401052475, 4740.977475, 4735.622383164215, 4845.557638201904, 5155.2054442289345, 4741.408845437622, 4758.627572260666, 4464.62364012165, 4792.82445]
shares:[0, 5.534, 11.0225, 16.523, 22.0509, 27.1014, 32.1673, 37.1773, 42.4767, 47.2867, 51.6862, 55.8896, 59.9024, 63.7032, 67.3756, 71.0252, 74.6275, 78.2494, 81.5142, 84.7652, 87.9672, 91.4024, 94.5431, 97.738, 100.862, 103.8498, 106.5986, 109.0305, 112.0444, 115.095, 118.0845, 120.9697, 123.835, 126.7857, 129.8475, 132.9065, 136.015, 139.1906, 142.3362, 145.4408, 148.5158, 151.9452, 155.2412, 158.6659, 162.0847, 165.5812, 169.0704, 172.4149, 176.1296, 179.9103, 184.0323, 187.9539]
growth_rate:-6.02
