ticker:PRLD
price:[26.200000762939453, 33.0099983215332, 43.59000015258789, 31.0, 30.059999465942383, 35.22999954223633, 43.869998931884766, 47.83000183105469, 51.709999084472656, 47.66999816894531, 51.709999084472656, 62.13999938964844, 76.0999984741211, 88.94000244140625, 71.55000305175781, 66.45999908447266, 74.44999694824219, 74.43000030517578, 64.94999694824219, 84.20999908447266, 88.9800033569336, 76.95999908447266, 62.33000183105469, 56.790000915527344, 57.380001068115234, 54.66999816894531, 42.59000015258789, 41.25, 35.2599983215332, 32.2400016784668, 34.59000015258789, 41.439998626708984, 41.61000061035156, 42.040000915527344, 38.720001220703125, 34.7599983215332, 29.959999084472656, 31.200000762939453, 31.020000457763672, 31.899999618530273, 27.770000457763672, 28.5, 28.389999389648438, 34.060001373291016, 32.040000915527344, 30.09000015258789, 32.16999816894531, 31.0, 37.56999969482422, 36.91999816894531, 35.689998626708984]
assets:[0, 100.00048891525267, 232.05136581230164, 265.0283, 356.99255365753174, 518.3918282642364, 745.5267618484497, 912.8212359451295, 1086.8717867568969, 1101.9587456726074, 1295.3509900657655, 1656.6275277282716, 2128.7985273155214, 2587.985085040283, 2181.967428065491, 2126.7465547027587, 2482.4309182434085, 2581.7608635856627, 2352.9240544448853, 3150.6497477462767, 3429.1113693695065, 3065.886267527771, 2583.067469882202, 2453.481372553253, 2578.9728380069732, 2557.1727633529663, 2092.135800495529, 2126.309625, 1917.5444887199403, 1853.3068244861602, 2088.395472212601, 2601.967785772705, 2712.6433207901, 2840.6764938629153, 2716.3397336364746, 2538.533105421066, 2287.9882060829163, 2482.6839007095336, 2568.3598759014126, 2741.2211972196583, 2486.323119984818, 2651.68275, 2741.4490620620727, 3388.9667306423185, 3287.9769339523314, 3187.8670121658324, 3508.2315933181762, 3480.6397, 4318.310792922974, 4343.600864578247, 4298.892455585861]
shares:[0, 3.0294, 5.3235, 8.5493, 11.876, 14.7145, 16.994, 19.0847, 21.0186, 23.1164, 25.0503, 26.6596, 27.9737, 29.0981, 30.4957, 32.0004, 33.3436, 34.6871, 36.2267, 37.4142, 38.538, 39.8374, 41.4418, 43.2027, 44.9455, 46.7747, 49.1227, 51.5469, 54.383, 57.4847, 60.3757, 62.7888, 65.1921, 67.5708, 70.1534, 73.0303, 76.3681, 79.5732, 82.7969, 85.9317, 89.5327, 93.0415, 96.5639, 99.4999, 102.621, 105.9444, 109.0529, 112.2787, 114.9404, 117.649, 120.4509]
growth_rate:-14.02
