ticker:PROF
price:[14.84000015258789, 14.369999885559082, 16.989999771118164, 16.670000076293945, 16.399999618530273, 17.459999084472656, 17.6200008392334, 17.600000381469727, 16.889999389648438, 17.90999984741211, 18.610000610351562, 18.579999923706055, 19.0, 18.84000015258789, 17.860000610351562, 18.149999618530273, 21.010000228881836, 20.559999465942383, 24.799999237060547, 25.030000686645508, 25.940000534057617, 26.1200008392334, 28.09000015258789, 26.200000762939453, 24.90999984741211, 22.030000686645508, 22.270000457763672, 23.190000534057617, 23.059999465942383, 19.15999984741211, 20.59000015258789, 20.5, 20.170000076293945, 19.190000534057617, 18.149999618530273, 20.190000534057617, 16.8700008392334, 18.719999313354492, 17.670000076293945, 17.540000915527344, 18.764999389648438, 18.540000915527344, 18.329999923706055, 16.3799991607666, 17.549999237060547, 15.800000190734863, 15.220000267028809, 14.600000381469727, 16.389999389648438, 15.25, 14.720000267028809, 14.930000305175781]
assets:[0, 99.99939220361709, 218.23145006008147, 314.12114643764494, 409.0340304857254, 535.4719819221497, 640.3795485010147, 739.6523360315323, 809.8146667358398, 958.7205008319854, 1096.1923099517821, 1194.4245850954055, 1321.4252999999999, 1410.2983554222108, 1436.938851106262, 1560.2701622068405, 1906.1301697652818, 1965.3036209501267, 2470.6007239952087, 2593.5135571475985, 2787.8055793958665, 2907.1508694065096, 3226.411799526215, 3109.32701054306, 3056.235282278824, 2802.8857993621828, 2933.420049296951, 3154.6030236494066, 3236.918289034653, 2789.4775537849428, 3097.6687499561313, 3184.12765, 3232.8718162284854, 3175.79540638237, 3103.68260476799, 3552.525486969948, 3068.3562406417846, 3504.8387674432756, 3408.253226715851, 3483.179327809906, 3826.446085540771, 3880.564949626923, 3936.6094396148683, 3617.82093064003, 3976.2366371437074, 3679.745784421253, 3644.6664959442137, 3596.1976339616776, 4137.101363937378, 3949.3473999999997, 3912.0917829674727, 4067.9025331497187]
shares:[0, 6.9589, 12.8447, 18.8435, 24.9411, 30.6685, 36.3439, 42.0257, 47.9464, 53.5299, 58.9034, 64.2855, 69.5487, 74.8566, 80.4557, 85.9653, 90.7249, 95.5887, 99.621, 103.6162, 107.4713, 111.2998, 114.8598, 118.6766, 122.6911, 127.2304, 131.7207, 136.0329, 140.3694, 145.5886, 150.4453, 155.3233, 160.2812, 165.4922, 171.0018, 175.9547, 181.8824, 187.2243, 192.8836, 198.5849, 203.914, 209.3077, 214.7632, 220.8682, 226.5662, 232.8953, 239.4656, 246.3149, 252.4162, 258.9736, 265.7671, 272.465]
growth_rate:-20.24
