ticker:PROG
price:[8.899999618530273, 8.920000076293945, 8.479999542236328, 8.75, 9.289999961853027, 9.260000228881836, 9.029999732971191, 7.909999847412109, 4.989999771118164, 4.880000114440918, 4.46999979019165, 3.9200000762939453, 3.9000000953674316, 3.2699999809265137, 4.730000019073486, 6.320000171661377, 6.0, 5.309999942779541, 6.28000020980835, 5.420000076293945, 6.199999809265137, 6.880000114440918, 6.210000038146973, 5.599999904632568, 5.590000152587891, 5.46999979019165, 3.990000009536743, 4.840000152587891, 4.820000171661377, 4.429999828338623, 4.920000076293945, 3.869999885559082, 3.369999885559082, 3.0399999618530273, 3.1600000858306885, 2.7200000286102295, 2.359999895095825, 2.450000047683716, 2.5899999141693115, 2.200000047683716, 3.2100000381469727, 3.009999990463257, 3.950000047683716, 3.390000104904175, 3.0299999713897705, 2.4200000762939453, 2.5, 2.25, 1.940000057220459, 1.659999966621399, 0.6740000247955322, 0.7549999952316284]
assets:[0, 100.00033685531616, 195.0679734699249, 301.27912499999996, 419.8726962759018, 518.516490816307, 605.6375670905113, 630.5195348369598, 497.76145916862487, 586.788781760788, 637.4890200781823, 659.0507968269349, 755.6881984789849, 733.6153397209167, 1161.1620286823272, 1651.489356857109, 1667.8698, 1576.0648000163555, 1963.9714696142676, 1795.0200152673722, 2153.343633755207, 2489.517033410263, 2347.0788294177055, 2216.5281222527506, 2312.5702061252596, 2362.926133367157, 1823.5971853586911, 2312.0830768917085, 2402.529085564613, 2308.133572560406, 2663.4351533016206, 2195.019043090439, 2011.4248716945647, 1914.4603439766884, 2090.0313247686145, 1899.0142599747182, 1747.674086314273, 1914.3227272579668, 2123.7123876217365, 1903.9255812664746, 2878.0003272015574, 2798.685650132775, 3772.6940255433083, 3337.831054289794, 3083.3709968858243, 2562.6264107904435, 2747.34125, 2572.6070250000002, 2318.1590303742887, 2083.579336104238, 945.9834336014271, 1159.6698001758457]
shares:[0, 11.2108, 23.0033, 34.4319, 45.1962, 55.9953, 67.0695, 79.7117, 99.7518, 120.2436, 142.615, 168.1252, 193.7662, 224.3472, 245.4888, 261.3116, 277.9783, 296.8107, 312.7343, 331.1845, 347.3135, 361.8484, 377.9515, 395.8086, 413.6977, 431.9792, 457.0419, 477.7031, 498.45, 521.0234, 541.3486, 567.1884, 596.862, 629.7567, 661.4023, 698.167, 740.5399, 781.3562, 819.9662, 865.4207, 896.5733, 929.7959, 955.1124, 984.6109, 1017.6142, 1058.9365, 1098.9365, 1143.3809, 1194.9273, 1255.1683, 1403.5362, 1535.9865]
growth_rate:-77.26
