ticker:PROV
price:[12.289999961853027, 12.15999984741211, 11.949999809265137, 11.680000305175781, 12.079999923706055, 13.710000038146973, 13.600000381469727, 13.680000305175781, 12.65999984741211, 12.65999984741211, 13.720000267028809, 13.600000381469727, 14.65999984741211, 14.770000457763672, 14.960000038146973, 15.100000381469727, 15.75, 15.710000038146973, 17.200000762939453, 17.010000228881836, 17.709999084472656, 16.049999237060547, 15.399999618530273, 15.899999618530273, 15.899999618530273, 15.75, 16.950000762939453, 17.219999313354492, 17.549999237060547, 17.030000686645508, 17.100000381469727, 17.0, 16.799999237060547, 16.600000381469727, 16.260000228881836, 16.139999389648438, 17.3799991607666, 16.899999618530273, 17.399999618530273, 18.25, 17.299999237060547, 16.360000610351562, 17.260000228881836, 17.3700008392334, 17.040000915527344, 17.239999771118164, 17.309999465942383, 16.860000610351562, 17.5, 17.299999237060547, 17.299999237060547, 17.15999984741211]
assets:[0, 100.00019074516295, 198.2732018353462, 293.79288767623905, 403.8537254493714, 558.3466065535545, 653.8662583404541, 757.7119609031678, 801.2159423431397, 901.2160151378631, 1076.6729049550056, 1167.2553927406311, 1358.2328598628997, 1468.4245835105896, 1587.3143480475426, 1702.168683001709, 1875.4406999999999, 1970.6781147851943, 2257.586100139618, 2332.647670387459, 2528.6407532806393, 2391.6248313137053, 2394.767700679779, 2572.5197682806015, 2672.5196358814237, 2747.30715, 3056.625842582321, 3205.3151741884235, 3366.7409586399076, 3366.9861087560653, 3480.826487650871, 3560.4715, 3618.5837556690217, 3675.505684463501, 3700.224838085747, 3772.916923323059, 4162.780926990509, 4147.814226374817, 4370.530164182473, 4684.03405, 4540.206609774399, 4393.514155911255, 4735.210296792793, 4865.389345071792, 4872.954621814728, 5030.149213218689, 5150.57303109169, 5116.676357229615, 5410.90375, 5449.063799693298, 5549.06298528328, 5604.15736616745]
shares:[0, 8.2237, 16.5919, 25.1535, 33.4316, 40.7255, 48.0784, 55.3883, 63.2872, 71.1861, 78.4747, 85.8276, 92.6489, 99.4194, 106.1039, 112.7264, 119.0756, 125.441, 131.255, 137.1339, 142.7804, 149.0109, 155.5044, 161.7937, 168.083, 174.4322, 180.3319, 186.1391, 191.8371, 197.7091, 203.5571, 209.4395, 215.3919, 221.416, 227.5661, 233.7619, 239.5156, 245.4328, 251.1799, 256.6594, 262.4397, 268.5522, 274.3459, 280.103, 285.9715, 291.772, 297.549, 303.4802, 309.1945, 314.9748, 320.7551, 326.5826]
growth_rate:9.89
