ticker:PRPH
price:[2.7200000286102295, 3.240000009536743, 3.869999885559082, 3.8299999237060547, 5.150000095367432, 5.880000114440918, 7.039999961853027, 8.930000305175781, 7.239999771118164, 9.489999771118164, 8.529999732971191, 7.440000057220459, 9.1899995803833, 9.380000114440918, 10.09000015258789, 10.640000343322754, 10.569999694824219, 9.180000305175781, 13.800000190734863, 16.0, 12.210000038146973, 10.119999885559082, 10.600000381469727, 10.449999809265137, 9.5, 7.659999847412109, 6.760000228881836, 7.210000038146973, 8.119999885559082, 6.5, 6.829999923706055, 5.28000020980835, 5.369999885559082, 5.230000019073486, 5.329999923706055, 5.53000020980835, 5.75, 6.369999885559082, 4.800000190734863, 5.03000020980835, 6.400000095367432, 5.659999847412109, 6.269999980926514, 5.840000152587891, 6.03000020980835, 5.929999828338623, 7.460000038146973, 7.159999847412109, 7.269999980926514, 6.460000038146973, 5.239999771118164, 5.449999809265137]
assets:[0, 100.00000829434394, 219.4444735107422, 317.17646468181607, 526.490689749527, 701.1194536457061, 939.4351949095726, 1291.6414951408387, 1147.1989597330094, 1603.7179083211897, 1541.4869597442628, 1444.5094911096096, 1884.2798349635125, 2023.2369466845512, 2276.381727425003, 2500.4660486829757, 2584.015058394623, 2344.205795929718, 3623.969750088215, 4301.704, 3382.737775568485, 2903.710315163708, 3141.436253053093, 3196.9820266482357, 3006.3472, 2524.064933720398, 2327.5039068052292, 2582.441042663288, 3008.3803816007617, 2508.1862, 2735.5249324430465, 2214.725128005266, 2352.476124866009, 2391.14554872036, 2536.8651646871567, 2732.0573406543253, 2940.74665, 3357.8358756744383, 2630.237384516239, 2856.2695231390003, 3734.219575644207, 3402.4500442733765, 3869.145510229969, 3703.7975927730563, 3924.297604542351, 3959.217755388737, 5080.735973980522, 4976.416841946792, 5152.870571480989, 4678.754511628533, 3895.1506858608245, 4151.253954717636]
shares:[0, 30.8642, 56.704, 82.8137, 102.2312, 119.238, 133.4425, 144.6407, 158.4529, 168.9903, 180.7136, 194.1545, 205.0359, 215.6969, 225.6077, 235.0062, 244.4669, 255.3601, 262.6065, 268.8565, 277.0465, 286.9279, 296.3619, 305.9313, 316.4576, 329.5124, 344.3053, 358.1749, 370.4902, 385.8748, 400.5161, 419.4555, 438.0775, 457.198, 475.9597, 494.0429, 511.4342, 527.1328, 547.9661, 567.8468, 583.4718, 601.1396, 617.0886, 634.2119, 650.7956, 667.659, 681.0638, 695.0303, 708.7855, 724.2654, 743.3494, 761.698]
growth_rate:-18.6
