ticker:PRPL
price:[18.6200008392334, 23.56999969482422, 22.020000457763672, 24.469999313354492, 25.6200008392334, 28.959999084472656, 31.31999969482422, 30.43000030517578, 28.3700008392334, 31.040000915527344, 27.15999984741211, 30.59000015258789, 30.670000076293945, 30.049999237060547, 27.434999465942383, 28.030000686645508, 34.02000045776367, 32.939998626708984, 34.310001373291016, 35.47999954223633, 38.029998779296875, 34.040000915527344, 38.040000915527344, 39.5099983215332, 40.04999923706055, 36.790000915527344, 31.18000030517578, 33.400001525878906, 33.369998931884766, 30.690000534057617, 31.399999618530273, 34.0099983215332, 35.540000915527344, 35.779998779296875, 34.08000183105469, 30.440000534057617, 31.200000762939453, 29.020000457763672, 28.520000457763672, 27.739999771118164, 28.860000610351562, 25.989999771118164, 27.950000762939453, 27.15999984741211, 26.93000030517578, 24.860000610351562, 26.610000610351562, 26.34000015258789, 25.549999237060547, 26.739999771118164, 24.8700008392334, 25.219999313354492]
assets:[0, 100.00043770523071, 193.42368402099612, 314.9435731624603, 429.74477007713324, 585.7681094818115, 733.5018648529052, 812.6575021499634, 857.6449843706131, 1038.3594226264954, 1008.5648663337707, 1235.933894165039, 1339.165682331276, 1412.0945391483308, 1389.2123504571914, 1519.3409602190018, 1944.0218961582184, 1982.306059356308, 2164.751795646286, 2338.571921827698, 2606.6483733306886, 2433.1656494415283, 2819.0836038482666, 3028.0225653633115, 3169.4087546237947, 3011.423450939941, 2652.2207139587404, 2941.0571743621826, 3038.4151537456514, 2894.395433367348, 3061.3555228084565, 3415.817988422012, 3669.4837705276486, 3794.2649245513917, 3713.9908875457763, 3417.3101319553375, 3602.6297680957796, 3450.9075504348757, 3491.449828039932, 3495.9612111549377, 3737.1103390350345, 3465.4701834812167, 3826.8134844589235, 3818.649806546402, 3886.311432040405, 3687.58581653595, 4047.1708738296506, 4106.1057477867125, 4082.953753080368, 4373.118390568161, 4167.29443762455, 4325.9410862209315]
shares:[0, 4.2427, 8.784, 12.8706, 16.7738, 20.2268, 23.4196, 26.7058, 30.2307, 33.4523, 37.1342, 40.4032, 43.6637, 46.9915, 50.6365, 54.2041, 57.1435, 60.1793, 63.0939, 65.9124, 68.5419, 71.4796, 74.1084, 76.6394, 79.1363, 81.8544, 85.0616, 88.0556, 91.0523, 94.3107, 97.4954, 100.4357, 103.2494, 106.0443, 108.9786, 112.2638, 115.4689, 118.9148, 122.4211, 126.026, 129.491, 133.3386, 136.9164, 140.5983, 144.3116, 148.3341, 152.0921, 155.8886, 159.8025, 163.5422, 167.5631, 171.5282]
growth_rate:-15.18
