ticker:PRPO
price:[2.1600000858306885, 2.109999895095825, 2.1700000762939453, 2.3299999237060547, 2.640000104904175, 2.299999952316284, 2.319999933242798, 2.200000047683716, 1.940000057220459, 2.0, 2.0999999046325684, 2.130000114440918, 2.240000009536743, 2.369999885559082, 2.2799999713897705, 2.109999895095825, 2.0899999141693115, 2.069999933242798, 2.2799999713897705, 2.3299999237060547, 2.619999885559082, 2.8399999141693115, 3.0899999141693115, 3.5399999618530273, 3.180000066757202, 2.440000057220459, 2.180000066757202, 2.5299999713897705, 2.5899999141693115, 2.299999952316284, 2.3299999237060547, 2.049999952316284, 1.850000023841858, 1.909999966621399, 1.8200000524520874, 3.8399999141693115, 4.0, 4.059999942779541, 3.309999942779541, 3.440000057220459, 3.8499999046325684, 3.7799999713897705, 3.990000009536743, 3.5399999618530273, 3.450000047683716, 3.009999990463257, 3.0199999809265137, 3.109999895095825, 3.509999990463257, 3.059999942779541, 3.0199999809265137, 3.2699999809265137]
assets:[0, 100.00006902823448, 202.8435781316757, 317.7998735939026, 460.08232228202814, 500.8293596167803, 605.18427858603, 673.8815746059895, 694.241048476696, 815.7124, 956.4978765625, 1070.162325497818, 1225.4289652172326, 1396.5475545644758, 1443.5140378862857, 1435.8836246112824, 1522.273382484317, 1607.7062271517038, 1870.8067805244684, 2011.8333081241608, 2362.2330308182713, 2660.5885995914937, 2994.795471813798, 3530.930835950756, 3271.8530966854573, 2610.4784692183493, 2432.3128384836673, 2922.821681947589, 3092.137442528844, 2845.9136809983734, 2983.034361322975, 2724.5581766258238, 2558.7477979758382, 2741.7340910862563, 2712.5426381750103, 5823.166717842078, 6165.7988, 6358.2855223881725, 5283.725435659456, 5591.243653003931, 6357.641517516374, 6342.048041998029, 6794.384284239673, 6128.100305963707, 6072.301268927502, 5397.862781897664, 5515.795915163755, 5780.173653027535, 6623.604450003529, 5874.424180151224, 5897.634444752169, 6485.8490891688825]
shares:[0, 47.3934, 93.4763, 136.3948, 174.2736, 217.7519, 260.8553, 306.3098, 357.8562, 407.8562, 455.4752, 502.4236, 547.0665, 589.2606, 633.1202, 680.5136, 728.3605, 776.6697, 820.5293, 863.4478, 901.6157, 936.827, 969.1895, 997.4381, 1028.8846, 1069.8682, 1115.7398, 1155.2655, 1193.8755, 1237.3538, 1280.2723, 1329.0528, 1383.1069, 1435.4629, 1490.408, 1516.4497, 1541.4497, 1566.0802, 1596.2917, 1625.3615, 1651.3355, 1677.7905, 1702.8532, 1731.1018, 1760.0873, 1793.3099, 1826.4225, 1858.5768, 1887.0668, 1919.7465, 1952.8591, 1983.4401]
growth_rate:27.17
