ticker:PRQR
price:[5.0, 5.090000152587891, 5.46999979019165, 5.0, 4.75, 4.820000171661377, 4.409999847412109, 4.179999828338623, 3.690000057220459, 4.199999809265137, 4.070000171661377, 4.199999809265137, 4.110000133514404, 3.9700000286102295, 4.289999961853027, 4.329999923706055, 4.630000114440918, 4.199999809265137, 4.28000020980835, 4.369999885559082, 5.389999866485596, 4.639999866485596, 5.0, 5.110000133514404, 4.960000038146973, 4.570000171661377, 4.630000114440918, 4.960000038146973, 5.639999866485596, 8.1850004196167, 6.539999961853027, 6.230000019073486, 6.0, 6.190000057220459, 6.21999979019165, 6.230000019073486, 6.409999847412109, 6.46999979019165, 6.239999771118164, 6.389999866485596, 6.760000228881836, 7.590000152587891, 7.130000114440918, 6.510000228881836, 6.369999885559082, 5.599999904632568, 5.489999771118164, 5.230000019073486, 6.260000228881836, 6.289999961853027, 5.53000020980835, 6.539999961853027]
assets:[0, 100.00017899780273, 207.4656050424099, 289.6395, 375.157375, 480.6860851193428, 539.7976523227692, 611.6447448813916, 639.944901923561, 828.3924223801613, 902.7516790755749, 1031.586313152504, 1109.480973041773, 1171.6883404438972, 1366.1316118522645, 1478.869472942543, 1681.3317595579147, 1625.1819461955072, 1756.1380140870094, 1893.0660334246636, 2434.9259716850283, 2196.1142568075657, 2466.5025, 2620.7657684755327, 2643.83526833353, 2535.9529622571467, 2669.2478479764936, 2959.496614761257, 3465.2339659683225, 5128.89069244051, 4198.099223513031, 4099.10701054964, 4047.7757999999994, 4275.955475527, 4396.679003694534, 4503.748003788472, 4733.872063311767, 4878.183153810883, 4804.769871762084, 5020.269528105116, 5410.958359205627, 6175.321276147461, 5901.059034715653, 5487.923682947159, 5469.903613729858, 4908.70623640523, 4912.2848992034915, 4779.64524043107, 5820.951982829094, 5948.847975922012, 5330.068582222939, 6403.552672648906]
shares:[0, 19.6464, 37.9279, 57.9279, 78.9805, 99.7274, 122.4031, 146.3265, 173.4268, 197.2363, 221.8063, 245.6158, 269.9467, 295.1356, 318.4456, 341.5403, 363.1386, 386.9481, 410.3126, 433.1959, 451.7488, 473.3005, 493.3005, 512.87, 533.0313, 554.9131, 576.5114, 596.6727, 614.4032, 626.6207, 641.9112, 657.9626, 674.6293, 690.7844, 706.8616, 722.913, 738.5136, 753.9696, 769.9952, 785.6447, 800.4376, 813.6128, 827.638, 842.999, 858.6976, 876.5547, 894.7696, 913.8901, 929.8645, 945.7628, 963.846, 979.1365]
growth_rate:25.56
