ticker:PRSR
price:[9.850000381469727, 9.859999656677246, 9.800000190734863, 9.725000381469727, 9.729999542236328, 9.859999656677246, 9.819999694824219, 9.819999694824219, 9.850000381469727, 9.8100004196167, 9.779999732971191, 9.75, 9.739999771118164, 9.729999542236328, 9.758000373840332, 9.720000267028809, 9.729999542236328, 9.710000038146973, 9.710000038146973, 9.710000038146973, 9.680000305175781, 9.699999809265137, 9.6899995803833, 9.640000343322754, 9.640000343322754, 9.649999618530273, 9.670000076293945, 9.670000076293945]
assets:[0, 100.00011651802062, 199.3917838807106, 297.8660641839981, 398.01925327453614, 503.3372064739227, 601.295275313568, 701.2952782058717, 803.4379361154556, 900.1754485044479, 997.4220747668267, 1094.362425, 1193.2395799598694, 1292.0145302150727, 1395.7326560721397, 1490.2976569416046, 1591.830844109726, 1688.5592966337204, 1788.5596740265846, 1888.5600514194489, 1982.7254225082397, 2086.8220689660075, 2184.6704833948133, 2273.3974249656676, 2373.397004527092, 2475.8589071279525, 2580.9907103633877, 2680.9910821523663]
shares:[0, 10.142, 20.3461, 30.6289, 40.9064, 51.0484, 61.2317, 71.415, 81.5673, 91.761, 101.9859, 112.2423, 122.5092, 132.7867, 143.0347, 153.3228, 163.6003, 173.899, 184.1977, 194.4964, 204.827, 215.1363, 225.4562, 235.8296, 246.203, 256.5657, 266.907, 277.2483]
growth_rate:-0.7
