ticker:PRSRU
price:[10.609999656677246, 11.09000015258789, 11.399999618530273, 11.050000190734863, 11.1899995803833, 11.100000381469727, 11.180000305175781, 10.800000190734863, 10.300000190734863, 10.3100004196167, 10.1899995803833, 10.09000015258789, 10.100000381469727, 10.15999984741211, 10.180000305175781, 10.050000190734863, 10.109999656677246, 10.100000381469727, 10.010000228881836, 9.991000175476074, 10.109999656677246, 10.010000228881836, 10.039999961853027, 10.010000228881836, 10.010000228881836, 10.0, 10.029999732971191, 10.0, 9.979999542236328, 9.949999809265137, 9.960000038146973, 9.920000076293945, 9.880000114440918, 9.920000076293945, 9.920000076293945, 9.89009952545166]
assets:[0, 99.99964037590026, 202.79459321403505, 296.56874511909484, 400.32671098804474, 497.1068570838928, 600.6891183967591, 680.2725720140457, 748.7780838658333, 849.5048565748214, 939.6168043072701, 1030.3958605823518, 1131.417192732811, 1238.1382214050293, 1340.575736187744, 1423.4558970151902, 1531.954093976784, 1630.4390215805054, 1715.9102352348327, 1812.6531744363783, 1934.2431123155593, 2015.1111440761565, 2121.150791940689, 2214.812650642395, 2314.8125529289246, 2412.5, 2519.737535916996, 2612.201, 2706.9760738361356, 2798.8394263481136, 2901.6527871133803, 2989.9991269958496, 3077.9431116520877, 3190.403960537147, 3290.403513306236, 3380.485468297005]
shares:[0, 9.0171, 17.789, 26.8388, 35.7754, 44.7844, 53.7289, 62.9882, 72.6969, 82.3962, 92.2097, 102.1205, 112.0215, 121.864, 131.6872, 141.6374, 151.5286, 161.4296, 171.4196, 181.4286, 191.3198, 201.3098, 211.27, 221.26, 231.25, 241.25, 251.2201, 261.2201, 271.2401, 281.2904, 291.3306, 301.4112, 311.5327, 321.6133, 331.6939, 341.805]
growth_rate:-3.41
