ticker:PRTA
price:[13.289999961853027, 12.220000267028809, 10.65999984741211, 10.140000343322754, 10.119999885559082, 11.0649995803833, 11.380000114440918, 11.449999809265137, 10.90999984741211, 12.3100004196167, 12.300000190734863, 11.729999542236328, 11.289999961853027, 11.529999732971191, 11.170000076293945, 13.0600004196167, 13.239999771118164, 12.010000228881836, 12.819999694824219, 13.59000015258789, 13.609999656677246, 11.210000038146973, 14.520000457763672, 22.850000381469727, 23.25, 22.31999969482422, 21.3700008392334, 23.040000915527344, 24.360000610351562, 26.899999618530273, 24.739999771118164, 22.780000686645508, 24.850000381469727, 23.799999237060547, 26.540000915527344, 24.6200008392334, 22.979999542236328, 24.420000076293945, 29.170000076293945, 28.649999618530273, 45.09000015258789, 51.0099983215332, 46.86000061035156, 55.470001220703125, 59.2400016784668, 50.95000076293945, 51.95000076293945, 50.099998474121094, 57.41999816894531, 58.45000076293945, 59.81999969482422, 68.12999725341797]
assets:[0, 99.99992818517684, 187.23436931991577, 278.1006634160042, 377.5518957304954, 512.8074055528641, 627.405580309391, 731.2645428185464, 796.7769268562317, 999.0217770541191, 1098.2104370298384, 1147.3171202259064, 1204.2805869309425, 1329.880546200657, 1388.3584044828415, 1723.2735853686333, 1847.0249840702056, 1775.4359318355562, 1995.1778345054627, 2215.0137398700713, 2318.2729015197756, 2009.4664928380964, 2702.8066092098234, 4353.384357677651, 4529.592900000001, 4448.40941917801, 4359.074141187668, 4799.722942723846, 5174.707233654785, 5814.270827547645, 5447.399115603447, 5115.834600203896, 5680.705117203903, 5540.675522386551, 6278.5520925857545, 5924.337883945656, 5629.702333855819, 6082.47745300312, 7365.597122264671, 7334.293897345161, 11642.873808400343, 13271.500808305742, 12291.776470100402, 14650.254133401491, 15745.9509781353, 13642.474104286193, 14010.234660754775, 13611.312875444795, 15700.034289344789, 16081.664339911651, 16558.600637525178, 18958.86817269516]
shares:[0, 8.1833, 17.5642, 27.4261, 37.3075, 46.345, 55.1323, 63.8659, 73.0318, 81.1553, 89.2854, 97.8105, 106.6679, 115.3409, 124.2935, 131.9505, 139.5034, 147.8298, 155.6301, 162.9885, 170.336, 179.2566, 186.1437, 190.5201, 194.8212, 199.3015, 203.981, 208.3213, 212.4264, 216.1439, 220.1859, 224.5757, 228.5998, 232.8015, 236.5694, 240.6311, 244.9827, 249.0777, 252.5059, 255.9963, 258.2141, 260.1745, 262.3085, 264.1113, 265.7993, 267.762, 269.6869, 271.6829, 273.4245, 275.1354, 276.8071, 278.2749]
growth_rate:271.74
