ticker:PRTC
price:[39.805999755859375, 39.5, 41.939998626708984, 44.54600143432617, 50.0, 53.0, 54.0, 56.970001220703125, 54.95000076293945, 49.775001525878906, 54.0, 53.529998779296875, 58.0, 58.0, 54.73500061035156, 55.0, 58.0, 60.0, 60.0, 59.130001068115234, 60.0, 57.79999923706055, 56.79999923706055, 56.79999923706055, 56.79999923706055, 52.04999923706055, 52.5890007019043, 55.86000061035156, 57.0, 57.7599983215332, 51.099998474121094, 46.54999923706055, 49.0, 49.0, 43.20000076293945, 48.0, 47.689998626708984, 47.0, 44.47999954223633, 47.59000015258789, 47.56999969482422, 53.439998626708984, 50.0]
assets:[0, 99.9982, 206.17703324890138, 318.9894616710663, 458.045, 585.5281, 696.5784, 834.8896708892822, 905.2847775691986, 920.0261957038879, 1098.1224, 1188.564033895874, 1387.8124, 1487.8102000000001, 1504.0576082717896, 1611.3405, 1799.2296000000001, 1961.274, 2061.276, 2131.3881925010683, 2262.75, 2279.782249907684, 2340.341728564453, 2440.343807221222, 2540.345885877991, 2427.9034444122317, 2553.043475975418, 2811.8416087234496, 2969.2269, 3108.8163896598817, 2850.352804886627, 2696.553010804367, 2938.4761, 3038.4753, 2778.818449075699, 3187.5743999999995, 3266.989048923111, 3319.7228, 3241.729054637909, 3568.3886324413297, 3666.8906134758, 4219.376467571258, 4047.77]
shares:[0, 2.5316, 4.916, 7.1609, 9.1609, 11.0477, 12.8996, 14.6549, 16.4747, 18.4837, 20.3356, 22.2037, 23.9278, 25.6519, 27.4789, 29.2971, 31.0212, 32.6879, 34.3546, 36.0458, 37.7125, 39.4426, 41.2032, 42.9638, 44.7244, 46.6456, 48.5471, 50.3373, 52.0917, 53.823, 55.7799, 57.9281, 59.9689, 62.0097, 64.3245, 66.4078, 68.5047, 70.6324, 72.8806, 74.9819, 77.0841, 78.9554, 80.9554]
growth_rate:-3.62
