ticker:PRTG
price:[9.99899959564209, 10.0, 9.989999771118164, 9.970000267028809, 9.654999732971191, 9.899999618530273, 9.302000045776367, 9.760000228881836, 9.5, 9.5, 10.300000190734863, 12.199999809265137, 12.100000381469727, 13.739999771118164, 13.75, 14.0, 15.010000228881836, 19.59000015258789, 17.75, 19.45199966430664, 23.100000381469727, 22.489999771118164, 22.200000762939453, 25.0, 37.470001220703125, 34.11000061035156, 32.0, 32.790000915527344, 33.2599983215332, 29.700000762939453, 28.670000076293945, 29.229999542236328, 26.989999771118164, 28.0, 28.5, 27.969999313354492, 28.799999237060547, 27.690000534057617, 28.100000381469727, 29.8799991607666, 34.0, 39.900001525878906, 25.25, 21.959999084472656, 22.079999923706055, 17.0, 17.31999969482422, 15.140000343322754, 15.199999809265137, 17.31999969482422, 19.979999542236328, 21.469999313354492]
assets:[0, 100.0, 199.89989542007447, 299.4998050215721, 390.0368862127304, 499.9341407363891, 569.7363404037476, 697.7882883638381, 779.1995000000001, 879.1993500000001, 1053.236819503784, 1347.5229189328193, 1436.4781652870179, 1731.1740191619872, 1832.433625, 1965.7512, 2207.565763662338, 2981.1592072204594, 2801.15235, 3169.7480848979953, 3864.1980938127513, 3862.155933694649, 3912.3549744544985, 4505.805, 6853.300693267823, 6338.753510423278, 6046.6464, 6295.9228217880245, 6486.165312675476, 5891.915851352692, 5787.584245401383, 6000.62952902565, 5640.7804001647955, 5951.864799999999, 6158.1489, 6143.629928177834, 6425.939349770736, 6278.27288808918, 6471.2333878498075, 6981.154039921761, 8043.7506, 9539.579644818115, 6136.9519, 5437.32432131424, 5567.037004763984, 4386.2159, 4568.78036749878, 4093.7258888315196, 4209.948507172107, 4897.125993713379, 5749.224888278962, 6277.971648220253]
shares:[0, 10.0, 20.01, 30.0401, 40.3974, 50.4984, 61.2488, 71.4947, 82.021, 92.5473, 102.256, 110.4527, 118.7172, 125.9952, 133.2679, 140.4108, 147.073, 152.1776, 157.8114, 162.9523, 167.2813, 171.7277, 176.2322, 180.2322, 182.901, 185.8327, 188.9577, 192.0074, 195.014, 198.381, 201.869, 205.2901, 208.9952, 212.5666, 216.0754, 219.6507, 223.1229, 226.7343, 230.293, 233.6397, 236.5809, 239.0872, 243.0476, 247.6013, 252.1303, 258.0127, 263.7864, 270.3914, 276.9703, 282.744, 287.749, 292.4067]
growth_rate:23.1
