ticker:PRTH
price:[2.549999952316284, 2.9700000286102295, 3.244999885559082, 2.5199999809265137, 3.140000104904175, 3.190000057220459, 3.0199999809265137, 3.0, 2.890000104904175, 2.7300000190734863, 3.3399999141693115, 3.940000057220459, 4.340000152587891, 5.940000057220459, 5.849999904632568, 6.769999980926514, 6.360000133514404, 7.039999961853027, 7.46999979019165, 7.650000095367432, 7.889999866485596, 7.840000152587891, 7.880000114440918, 7.920000076293945, 8.489999771118164, 9.079999923706055, 6.800000190734863, 7.880000114440918, 9.0, 7.630000114440918, 7.260000228881836, 7.099999904632568, 6.960000038146973, 6.789999961853027, 6.949999809265137, 6.550000190734863, 6.610000133514404, 6.980000019073486, 7.75, 7.789999961853027, 7.730000019073486, 7.800000190734863, 7.519999980926514, 7.289999961853027, 6.53000020980835, 5.710000038146973, 6.039999961853027, 6.119999885559082, 5.920000076293945, 5.630000114440918, 5.75, 5.900000095367432]
assets:[0, 99.99990096330643, 209.25900962009428, 262.5061300131321, 427.0908822686672, 533.8918075766563, 605.4399321762085, 701.4303, 775.7112861575603, 832.7652118182182, 1118.8408532482385, 1419.8302406201362, 1663.9755885028837, 2377.422652901888, 2441.400935199976, 2925.3474567582607, 2848.1848677914622, 3252.7073743748665, 3551.3813242530823, 3736.956961586142, 3954.1949390872, 4029.1367984180447, 4149.693952265835, 4270.758665140534, 4678.124015882492, 5103.22327712059, 3921.7974300034525, 4644.671431454372, 5404.8276, 4682.093108225823, 4555.045385604286, 4554.658458821678, 4564.848265019417, 4553.350209418773, 4760.64561934948, 4586.652043562508, 4728.667183513641, 5093.357665918064, 5755.23215, 5884.936775181961, 5939.609880655766, 6093.396809002972, 5974.659536846066, 5891.923769168854, 5377.676539784288, 4802.378402083397, 5179.9238992850305, 5348.532283985138, 5273.743859965324, 5115.401776980686, 5324.4333, 5563.331929925537]
shares:[0, 33.67, 64.4866, 104.1691, 136.0162, 167.3642, 200.4768, 233.8101, 268.4122, 305.0422, 334.9823, 360.363, 383.4045, 400.2395, 417.3335, 432.1045, 447.8278, 462.0323, 475.4192, 488.4911, 501.1654, 513.9205, 526.6109, 539.2372, 551.0158, 562.029, 576.7349, 589.4253, 600.5364, 613.6426, 627.4167, 641.5012, 655.869, 670.5965, 684.985, 700.2522, 715.3808, 729.7074, 742.6106, 755.4476, 768.3842, 781.2047, 794.5026, 808.22, 823.5339, 841.047, 857.6033, 873.9432, 890.8351, 908.5971, 925.9884, 942.9376]
growth_rate:9.08
