ticker:PRTK
price:[4.349999904632568, 5.690000057220459, 6.690000057220459, 5.710000038146973, 5.289999961853027, 5.739999771118164, 5.110000133514404, 4.949999809265137, 4.769999980926514, 5.610000133514404, 5.869999885559082, 6.170000076293945, 6.199999809265137, 6.920000076293945, 6.820000171661377, 6.510000228881836, 6.619999885559082, 6.260000228881836, 6.309999942779541, 6.800000190734863, 6.659999847412109, 6.489999771118164, 7.860000133514404, 7.820000171661377, 7.550000190734863, 7.480000019073486, 7.099999904632568, 7.829999923706055, 7.900000095367432, 7.019999980926514, 7.03000020980835, 7.960000038146973, 8.010000228881836, 7.78000020980835, 7.650000095367432, 7.340000152587891, 7.599999904632568, 8.079999923706055, 8.220000267028809, 9.600000381469727, 10.720000267028809, 7.389999866485596, 7.010000228881836, 6.940000057220459, 6.679999828338623, 5.909999847412109, 5.480000019073486, 5.199999809265137, 5.78000020980835, 5.610000133514404, 5.03000020980835, 5.53000020980835]
assets:[0, 100.0000440056324, 217.57485786094665, 285.70270690870285, 364.687836370182, 495.7103982336044, 541.3033361432075, 624.3543659421921, 701.650779194355, 925.2118810194492, 1068.0916781765936, 1222.679299118805, 1328.623999126625, 1582.9161094518663, 1660.0419197837355, 1684.5855982275007, 1813.0498206575394, 1814.4548063411712, 1928.9474215078833, 2178.7391011119844, 2233.8824968193053, 2276.861308702278, 2857.492830538988, 2942.950712602425, 2941.339644306755, 3014.068999685669, 2960.9477502284526, 3365.383296208382, 3495.4695921967027, 3206.1006812889577, 3310.6682278059484, 3848.6369344439504, 3972.811928521156, 3958.7364067578314, 3992.5878347729204, 3930.7968877155304, 4170.034827672958, 4533.405157194138, 4711.954041069031, 5603.0123826437, 6356.697518341542, 4482.088866022539, 4351.616068083573, 4408.161728345393, 4343.0145803940295, 3942.3977822128295, 3755.556901071453, 3663.667145617485, 4172.30702345066, 4149.591995757627, 3820.5789113616943, 4300.358211155701]
shares:[0, 17.5747, 32.5224, 50.0355, 68.9391, 86.3607, 105.9302, 126.1322, 147.0966, 164.9219, 181.9577, 198.1652, 214.2942, 228.7451, 243.4079, 258.7689, 273.8746, 289.849, 305.6969, 320.4028, 335.4178, 350.8261, 363.5487, 376.3364, 389.5814, 402.9504, 417.0349, 429.8063, 442.4645, 456.7095, 470.9343, 483.4971, 495.9815, 508.835, 521.9069, 535.5309, 548.6888, 561.065, 573.2304, 583.6471, 592.9755, 606.5073, 620.7726, 635.1818, 650.1519, 667.0724, 685.3206, 704.5514, 721.8524, 739.6777, 759.5584, 777.6416]
growth_rate:-15.68
