ticker:PRTS
price:[10.710000038146973, 9.710000038146973, 12.670000076293945, 11.170000076293945, 10.460000038146973, 10.90999984741211, 12.420000076293945, 13.3100004196167, 12.6899995803833, 13.989999771118164, 11.25, 13.739999771118164, 14.899999618530273, 16.139999389648438, 13.5, 11.760000228881836, 13.170000076293945, 12.390000343322754, 14.050000190734863, 13.010000228881836, 12.34000015258789, 15.710000038146973, 19.1200008392334, 20.600000381469727, 19.5, 17.729999542236328, 16.15999984741211, 15.520000457763672, 14.949999809265137, 13.319999694824219, 15.430000305175781, 16.399999618530273, 16.09000015258789, 16.8799991607666, 17.280000686645508, 15.020000457763672, 15.220000267028809, 15.670000076293945, 16.34000015258789, 17.1200008392334, 18.600000381469727, 18.290000915527344, 18.90999984741211, 19.09000015258789, 18.760000228881836, 16.639999389648438, 18.649999618530273, 17.610000610351562, 19.93000030517578, 17.31999969482422, 16.329999923706055, 17.469999313354492]
assets:[0, 100.00037739286422, 230.4850393878937, 303.1984820709228, 383.9259334001541, 500.4427840007782, 669.7062761138916, 817.6958827790261, 879.6060519143103, 1069.7159534990312, 960.2077499999999, 1272.7334307987214, 1480.1838421043396, 1703.3671155853272, 1524.7494, 1428.2261557971954, 1699.4673458450316, 1698.8152490736006, 2026.4202875095366, 1976.4219907707215, 1974.6381864170073, 2613.903643347073, 3281.2751200248717, 3635.2655873176573, 3541.1493, 3319.7225622894284, 3125.7592824855806, 3101.9669714927672, 3088.042060602188, 2851.3523946723935, 3403.03101930542, 3716.9615135421755, 3746.7013455314636, 4030.6602156051636, 4226.1732239330295, 3773.444675003052, 3923.6901948395725, 4139.6990531553265, 4416.7004072444915, 4727.5341517467505, 5236.221887390327, 5248.952254742432, 5526.88238540268, 5679.490762396622, 5681.312237314987, 5139.287107492066, 5860.077925137139, 5633.296554246522, 6475.44643415451, 5727.4329230834965, 5500.056651303673, 5984.016334802628]
shares:[0, 10.2987, 18.1914, 27.144, 36.7042, 45.8701, 53.9216, 61.4347, 69.3149, 76.4629, 85.3518, 92.6298, 99.3412, 105.537, 112.9444, 121.4478, 129.0408, 137.1118, 144.2292, 151.9156, 160.0193, 166.3847, 171.6148, 176.4692, 181.5974, 187.2376, 193.4257, 199.869, 206.558, 214.0655, 220.5464, 226.644, 232.859, 238.7832, 244.5702, 251.228, 257.7983, 264.1799, 270.2999, 276.141, 281.5173, 286.9848, 292.273, 297.5113, 302.8418, 308.8514, 314.2133, 319.8919, 324.9095, 330.6832, 336.8069, 342.531]
growth_rate:17.33
