ticker:PRVB
price:[11.180000305175781, 12.930000305175781, 15.199999809265137, 12.1899995803833, 13.359999656677246, 15.029999732971191, 13.760000228881836, 13.180000305175781, 11.859999656677246, 13.359999656677246, 14.789999961853027, 13.84000015258789, 15.779999732971191, 16.6200008392334, 18.0, 17.549999237060547, 17.790000915527344, 16.940000534057617, 17.600000381469727, 15.0, 15.220000267028809, 13.770000457763672, 14.829999923706055, 14.890000343322754, 14.850000381469727, 12.720000267028809, 11.359999656677246, 13.25, 13.420000076293945, 10.699999809265137, 11.03499984741211, 8.0, 8.109999656677246, 7.809999942779541, 7.190000057220459, 7.139999866485596, 7.130000114440918, 7.650000095367432, 7.610000133514404, 6.989999771118164, 8.15999984741211, 8.369999885559082, 9.119999885559082, 8.300000190734863, 6.46999979019165, 6.099999904632568, 6.110000133514404, 6.070000171661377, 6.510000228881836, 6.329999923706055, 5.96999979019165, 6.510000228881836]
assets:[0, 100.00062236022949, 217.55607727003098, 274.4736875517845, 400.8173576998711, 550.9201312121392, 604.3681060529709, 678.8939077194213, 710.9014254208564, 900.8126728510857, 1097.2316431699753, 1126.7531644226074, 1384.6933985682488, 1558.4026326921462, 1787.8014, 1843.1061848758698, 1968.310607295227, 1974.2655862415313, 2151.1846866256715, 1933.3965, 2061.7529841726305, 1965.3315773345946, 2216.6208095964435, 2325.5887476217267, 2419.341272148514, 2172.3241896032337, 2040.06281834507, 2479.47515, 2611.287770845413, 2182.025281103897, 2350.3413070003508, 1803.9176, 1928.721740350914, 1957.3757686591625, 1901.9886901366713, 1988.7619968111514, 2085.9763624812126, 2338.109309147644, 2425.8838805611613, 2328.24310376358, 2817.949051305771, 2990.4695501120564, 3358.432661857223, 3156.4684925359725, 2560.5244149676323, 2514.095440694618, 2618.216931212711, 2701.0766293872357, 2996.8714443655017, 3014.0085746728896, 2942.595583586073, 3308.7603473310473]
shares:[0, 7.734, 14.3129, 22.5163, 30.0013, 36.6547, 43.9221, 51.5094, 59.9411, 67.4261, 74.1874, 81.4128, 87.7499, 93.7667, 99.3223, 105.0203, 110.6414, 116.5446, 122.2264, 128.8931, 135.4634, 142.7256, 149.4687, 156.1846, 162.9186, 170.7802, 179.583, 187.1302, 194.5818, 203.9276, 212.9897, 225.4897, 237.8202, 250.6243, 264.5325, 278.5381, 292.5633, 305.6352, 318.7758, 333.082, 345.3369, 357.2843, 368.2492, 380.2974, 395.7534, 412.1468, 428.5134, 444.9879, 460.3489, 476.1467, 492.8971, 508.2581]
growth_rate:-35.12
