ticker:PSAG
price:[9.720000267028809, 9.75, 9.819999694824219, 9.710000038146973, 9.609999656677246, 9.710000038146973, 9.729999542236328, 9.680000305175781, 9.649999618530273, 9.65999984741211, 9.680000305175781, 9.649999618530273, 9.649999618530273, 9.640000343322754, 9.640000343322754, 9.649999618530273, 9.680000305175781, 9.670000076293945, 9.609999656677246, 9.600000381469727, 9.619999885559082, 9.649999618530273]
assets:[0, 99.9999, 200.71784776229856, 298.4698651725769, 395.39574787425994, 499.5105609623909, 600.539463746643, 697.4537019882202, 795.2921735616685, 896.1166478450775, 997.9722154624939, 1094.8793067188262, 1194.87935776577, 1293.6408100722313, 1393.6403896336556, 1495.0860208984375, 1599.734274433899, 1698.0819903974534, 1787.5454651389123, 1885.68583493042, 1989.6141483312608, 2095.818762151146]
shares:[0, 10.2564, 20.4397, 30.7384, 41.1442, 51.4429, 61.7204, 72.051, 82.4137, 92.7657, 103.0963, 113.459, 123.8217, 134.1951, 144.5685, 154.9312, 165.2618, 175.6031, 186.0089, 196.4256, 206.8206, 217.1833]
growth_rate:-0.2
