ticker:PSAGU
price:[10.0, 9.979999542236328, 9.920000076293945, 9.930000305175781, 9.949999809265137, 10.0, 10.0, 9.949999809265137, 9.989999771118164, 9.960000038146973, 9.989999771118164, 9.970000267028809, 9.949999809265137, 9.949999809265137, 9.970000267028809, 9.960000038146973, 9.982999801635742, 9.949999809265137, 9.989999771118164, 9.899999618530273, 9.989999771118164, 9.930000305175781, 9.949999809265137, 9.949999809265137, 9.899999618530273, 9.8100004196167, 9.824999809265137, 9.829999923706055]
assets:[0, 99.999595413208, 199.39795353355407, 299.599032207489, 400.2029223283768, 502.21400000000006, 602.214, 699.2034015967369, 802.0141646249771, 899.606127445507, 1002.3156580358506, 1100.3091694698333, 1198.1023620331764, 1298.102845116234, 1400.7122565155985, 1499.3076897423746, 1602.7696198526382, 1697.4719574605942, 1804.2958566616057, 1888.0408072494506, 2005.2047420585634, 2093.1616453285214, 2197.3778578777315, 2297.3783409607886, 2385.833578068352, 2464.1445754022598, 2567.9120576485634, 2669.218519283295]
shares:[0, 10.02, 20.1006, 30.1711, 40.2214, 50.2214, 60.2214, 70.2717, 80.2817, 90.3219, 100.3319, 110.362, 120.4123, 130.4626, 140.4927, 150.5329, 160.5499, 170.6002, 180.6102, 190.7112, 200.7212, 210.7917, 220.842, 230.8923, 240.9933, 251.187, 261.3651, 271.538]
growth_rate:-1.14
