ticker:PSC
price:[29.33300018310547, 28.479999542236328, 28.863000869750977, 27.389999389648438, 28.59000015258789, 30.239999771118164, 30.350000381469727, 30.479999542236328, 28.312000274658203, 29.72800064086914, 32.5099983215332, 33.23899841308594, 34.784000396728516, 35.59000015258789, 35.54499816894531, 36.439998626708984, 36.534000396728516, 36.310001373291016, 38.27000045776367, 39.5, 39.6349983215332, 38.6150016784668, 41.05400085449219, 42.3650016784668, 42.64400100708008, 42.47999954223633, 43.08000183105469, 46.43899917602539, 45.720001220703125, 44.500999450683594, 44.220001220703125, 44.47999954223633, 45.125, 45.36000061035156, 45.44200134277344, 46.709999084472656, 46.137001037597656, 45.77399826049805, 46.7400016784668, 47.108001708984375, 47.599998474121094, 45.290000915527344, 47.308998107910156, 46.88600158691406, 46.50699996948242, 44.33399963378906, 44.9900016784668, 45.68000030517578, 46.28200149536133, 46.354000091552734, 45.0099983215332, 46.98699951171875]
assets:[0, 99.99897439270019, 201.34252146720885, 291.068045513916, 403.81945715522767, 527.1255320102691, 629.0432129064559, 731.7363970104218, 779.6898379638673, 918.684403804779, 1104.6572329673768, 1229.427453804016, 1386.5737374145508, 1518.703604511261, 1616.782014213562, 1757.4902017665863, 1862.0247448200228, 1950.6095837745665, 2155.9022057876587, 2325.1912, 2433.137057961273, 2470.522161885452, 2726.5645181503296, 2913.6318079357147, 3032.8200296230316, 3121.154246366501, 3265.2401227844234, 3619.8363955726622, 3663.7905858215336, 3666.103587245941, 3742.9533613250733, 3864.960568223953, 4021.007525, 4141.94866373291, 4249.43604836731, 4468.012265425873, 4513.20448809967, 4577.692779638672, 4774.299537448502, 4911.890097793579, 5063.188037693024, 4917.47507440567, 5236.694502262116, 5289.870931642151, 5347.109766591263, 5197.270343669128, 5374.172674497223, 5556.592893122101, 5729.822861929321, 5838.735945331955, 5769.444598851776, 6122.857111572265]
shares:[0, 3.5112, 6.9758, 10.6268, 14.1245, 17.4314, 20.7263, 24.0071, 27.5392, 30.903, 33.979, 36.9875, 39.8624, 42.6722, 45.4855, 48.2297, 50.9669, 53.721, 56.334, 58.8656, 61.3886, 63.9783, 66.4141, 68.7745, 71.1195, 73.4735, 75.7948, 77.9482, 80.1354, 82.3825, 84.6439, 86.8921, 89.1082, 91.3128, 93.5134, 95.6543, 97.8218, 100.0064, 102.1459, 104.2687, 106.3695, 108.5775, 110.6913, 112.8241, 114.9743, 117.2299, 119.4526, 121.6417, 123.8024, 125.9597, 128.1814, 130.3096]
growth_rate:20.06
