ticker:PSCC
price:[78.1500015258789, 76.66000366210938, 76.36000061035156, 73.7300033569336, 74.8499984741211, 77.87999725341797, 78.5999984741211, 80.08999633789062, 75.56999969482422, 79.16999816894531, 84.12000274658203, 83.69000244140625, 86.38999938964844, 87.55999755859375, 86.30999755859375, 88.0199966430664, 87.16000366210938, 87.04000091552734, 90.05000305175781, 90.68000030517578, 92.95999908447266, 97.69000244140625, 98.02999877929688, 102.08000183105469, 99.38999938964844, 98.61000061035156, 101.02999877929688, 105.94999694824219, 102.98999786376953, 101.3499984741211, 100.80000305175781, 100.27999877929688, 102.45999908447266, 102.37000274658203, 99.43000030517578, 103.08999633789062, 105.13999938964844, 105.55999755859375, 107.83000183105469, 109.25, 108.33000183105469, 103.44000244140625, 106.87999725341797, 105.41999816894531, 104.87000274658203, 100.80000305175781, 101.0199966430664, 101.7300033569336, 101.5, 101.20999908447266, 99.08000183105469, 101.4000015258789]
assets:[0, 100.00297477722168, 199.61267759552004, 292.73760532836917, 397.1840319030762, 513.2603338989258, 618.008208002472, 729.7239836334229, 788.5427188156127, 926.1068875808716, 1084.0124153938293, 1178.472400378418, 1316.4885616989136, 1434.3203200073242, 1513.8428331787109, 1643.8350513069151, 1727.7727525939943, 1825.3941952003481, 1988.5201873901367, 2102.4339430755613, 2255.2932417884826, 2470.0428667297365, 2578.639905889893, 2785.171185958862, 2811.772899732971, 2889.7069018859866, 3060.6229890197756, 3309.6660046691895, 3317.2048411941532, 3364.3841443473816, 3446.130344332886, 3528.351757049561, 3705.056026893616, 3801.796688002014, 3792.6082166404726, 4032.2105717620852, 4212.392019546509, 4329.21606387329, 4522.314795793152, 4681.865049999999, 4742.438321159363, 4628.360845239257, 4882.278274536133, 4915.586926620484, 4989.945444688416, 4896.289588236999, 5006.975317616272, 5142.166825683594, 5230.5386, 5315.589635916138, 5303.722774015808, 5527.912343184662]
shares:[0, 1.3045, 2.6141, 3.9704, 5.3064, 6.5904, 7.8627, 9.1113, 10.4346, 11.6977, 12.8865, 14.0814, 15.2389, 16.381, 17.5396, 18.6757, 19.823, 20.9719, 22.0824, 23.1852, 24.2609, 25.2845, 26.3046, 27.2842, 28.2903, 29.3044, 30.2942, 31.238, 32.209, 33.1957, 34.1878, 35.185, 36.161, 37.1378, 38.1435, 39.1135, 40.0646, 41.0119, 41.9393, 42.8546, 43.7777, 44.7444, 45.68, 46.6286, 47.5822, 48.5743, 49.5642, 50.5472, 51.5324, 52.5204, 53.5297, 54.5159]
growth_rate:8.39
