ticker:PSCD
price:[64.26000213623047, 63.81999969482422, 63.61000061035156, 61.63999938964844, 65.93000030517578, 70.26000213623047, 70.5999984741211, 69.80000305175781, 64.86000061035156, 70.7300033569336, 71.9000015258789, 75.6500015258789, 78.8499984741211, 80.61000061035156, 79.33000183105469, 81.52999877929688, 82.68000030517578, 81.44999694824219, 86.4000015258789, 91.54000091552734, 94.80000305175781, 103.05000305175781, 99.05000305175781, 101.80999755859375, 100.08999633789062, 102.13999938964844, 105.9000015258789, 119.16999816894531, 115.98999786376953, 112.36000061035156, 112.83000183105469, 113.2300033569336, 114.68000030517578, 114.2699966430664, 115.62999725341797, 118.91000366210938, 116.04000091552734, 113.33000183105469, 118.94999694824219, 119.13999938964844, 120.05999755859375, 111.26000213623047, 116.66000366210938, 116.37999725341797, 116.12999725341797, 108.9800033569336, 112.58999633789062, 112.86000061035156, 112.0999984741211, 114.22000122070312, 111.16999816894531, 115.63999938964844]
assets:[0, 99.99955752182007, 199.67179191589355, 293.48652909393314, 413.9151349159241, 541.1003804519653, 643.7166660873413, 736.4249321975708, 784.3065853805542, 955.2864983390808, 1071.0871327308655, 1226.9522447479249, 1378.8499233169555, 1509.623786430359, 1585.656009599304, 1729.6263121032716, 1854.024594843292, 1926.4390378204346, 2143.514917855835, 2371.0324877136227, 2555.4762822647094, 2877.867130226135, 2866.1604133071896, 3046.022773956299, 3094.562488775635, 3257.9391325317383, 3477.8725401115416, 4013.6693723297117, 4006.561303209686, 3981.1732496261593, 4097.827704501343, 4212.359938883972, 4366.303395619201, 4450.690672251129, 4603.658021648406, 4834.250525881957, 4817.574698009491, 4805.067414634705, 5143.350288043213, 5251.560119096374, 5392.110598352051, 5096.887453861999, 5444.265718902588, 5531.203767462921, 5619.321533097839, 5373.346249516296, 5651.342276184082, 5764.900117176819, 5826.083540696716, 6036.264358511353, 5975.076125585937, 6315.3316466674805]
shares:[0, 1.5669, 3.139, 4.7613, 6.2781, 7.7014, 9.1178, 10.5505, 12.0923, 13.5061, 14.8969, 16.2188, 17.487, 18.7275, 19.9881, 21.2146, 22.4241, 23.6518, 24.8092, 25.9016, 26.9565, 27.9269, 28.9365, 29.9187, 30.9178, 31.8968, 32.8411, 33.6802, 34.5423, 35.4323, 36.3186, 37.2018, 38.0738, 38.9489, 39.8137, 40.6547, 41.5165, 42.3989, 43.2396, 44.0789, 44.9118, 45.8106, 46.6678, 47.5271, 48.3882, 49.3058, 50.194, 51.0801, 51.9722, 52.8477, 53.7472, 54.612]
growth_rate:23.83
