ticker:PSCF
price:[40.90999984741211, 38.79999923706055, 38.90999984741211, 36.369998931884766, 39.45000076293945, 40.7599983215332, 40.36000061035156, 41.34000015258789, 39.0, 39.97999954223633, 44.72999954223633, 45.650001525878906, 46.869998931884766, 47.9900016784668, 47.849998474121094, 48.58000183105469, 48.79999923706055, 48.939998626708984, 51.119998931884766, 52.04999923706055, 52.220001220703125, 49.119998931884766, 52.16999816894531, 53.810001373291016, 53.9900016784668, 54.65999984741211, 56.45000076293945, 60.61000061035156, 58.72999954223633, 57.5, 57.209999084472656, 57.34000015258789, 57.81999969482422, 58.2599983215332, 58.279998779296875, 59.22999954223633, 58.59000015258789, 58.83000183105469, 59.04999923706055, 59.560001373291016, 59.970001220703125, 57.18000030517578, 58.95000076293945, 57.63999938964844, 56.97999954223633, 55.7400016784668, 55.720001220703125, 56.66999816894531, 58.25, 58.150001525878906, 57.130001068115234, 57.439998626708984]
assets:[0, 99.99923803367615, 200.28144221458436, 287.2066075653076, 411.53057295875544, 525.1966543727874, 620.042617376709, 735.0996147132873, 793.4901, 913.4310455413819, 1121.9536325180054, 1245.0307516159057, 1378.3060585899352, 1511.2435448562621, 1606.8364437599182, 1731.3524012573243, 1839.1938912460328, 1944.4693434368132, 2131.085403472519, 2269.853621728897, 2377.268557571411, 2336.1422372005463, 2581.1993484054565, 2762.3418014980316, 2871.582416273117, 3007.218279605103, 3205.6995783260345, 3541.9393376678468, 3532.075029469681, 3558.1000000000004, 3640.1521007469178, 3748.42475597496, 3879.8029275222775, 4009.324912491608, 4110.703949899292, 4277.709026939392, 4331.488403280639, 4449.230676480103, 4565.86994600792, 4705.305624491501, 4837.696040472412, 4712.632675151825, 4958.514469173813, 4948.3247796020505, 4991.664483898163, 4983.033522051239, 5081.2462113189695, 5267.878686790466, 5514.74885, 5605.282172084809, 5606.961111828995, 5737.382774829101]
shares:[0, 2.5773, 5.1473, 7.8968, 10.4317, 12.8851, 15.3628, 17.7818, 20.3459, 22.8472, 25.0828, 27.2734, 29.407, 31.4908, 33.5807, 35.6392, 37.6884, 39.7317, 41.6879, 43.6091, 45.5241, 47.5599, 49.4767, 51.3351, 53.1873, 55.0168, 56.7883, 58.4382, 60.1409, 61.88, 63.6279, 65.3719, 67.1014, 68.8178, 70.5337, 72.222, 73.9288, 75.6286, 77.3221, 79.0011, 80.6686, 82.4175, 84.1139, 85.8488, 87.6038, 89.3978, 91.1925, 92.9571, 94.6738, 96.3935, 98.1439, 99.8848]
growth_rate:12.5
