ticker:PSCI
price:[65.86000061035156, 64.12000274658203, 64.2300033569336, 61.38999938964844, 63.75, 67.51000213623047, 68.13999938964844, 67.44000244140625, 62.540000915527344, 66.33999633789062, 71.47000122070312, 73.48999786376953, 76.31999969482422, 77.75, 78.06999969482422, 78.76000213623047, 79.36000061035156, 79.7300033569336, 84.56999969482422, 85.16999816894531, 86.68000030517578, 80.29000091552734, 86.23999786376953, 89.30000305175781, 89.55999755859375, 89.55999755859375, 92.18000030517578, 97.9800033569336, 94.58999633789062, 93.48999786376953, 94.45999908447266, 94.70999908447266, 95.37999725341797, 95.86000061035156, 95.77999877929688, 98.38999938964844, 96.7300033569336, 94.13999938964844, 95.27999877929688, 95.33999633789062, 94.62000274658203, 89.02999877929688, 94.0999984741211, 92.69999694824219, 91.81999969482422, 88.20999908447266, 90.0, 92.44999694824219, 93.3499984741211, 94.01000213623047, 91.87999725341797, 95.36000061035156]
assets:[0, 100.00155628356934, 200.17280546188354, 291.3201031036377, 402.5175, 526.2607196525573, 631.1740003463746, 724.6900342346191, 772.0375493019104, 918.9482632720948, 1090.0104296173097, 1220.8158445129393, 1367.8299305305482, 1493.460875, 1599.6074517471313, 1713.7467624824524, 1826.8037260498047, 1935.318263484192, 2152.8054552314757, 2268.0770512390136, 2408.2911244789125, 2330.7544945770264, 2603.482047509766, 2795.8580755462644, 2904.0008328369136, 3004.00352611084, 3191.8799985672, 3492.712775665283, 3471.8690615844725, 3531.4911793060305, 3668.127360447693, 3777.8397984809876, 3904.561409563446, 4024.2124116226196, 4120.857823480224, 4333.154607119751, 4360.046863311767, 4343.299495840454, 4495.8915503997805, 4598.724723358154, 4663.999713384247, 4488.45629145813, 4844.060901451111, 4871.987389610291, 4925.738975628662, 4832.082002848053, 5030.136, 5267.070471134948, 5418.341966432953, 5556.649196266174, 5530.753186668396, 5840.237413380432]
shares:[0, 1.5596, 3.1165, 4.7454, 6.314, 7.7953, 9.2629, 10.7457, 12.3447, 13.8521, 15.2513, 16.612, 17.9223, 19.2085, 20.4894, 21.7591, 23.0192, 24.2734, 25.4559, 26.63, 27.7837, 29.0292, 30.1888, 31.3086, 32.4252, 33.5418, 34.6266, 35.6472, 36.7044, 37.774, 38.8326, 39.8885, 40.9369, 41.9801, 43.0242, 44.0406, 45.0744, 46.1366, 47.1861, 48.235, 49.2919, 50.4151, 51.4778, 52.5565, 53.6456, 54.7793, 55.8904, 56.9721, 58.0433, 59.107, 60.1954, 61.2441]
growth_rate:14.51
