ticker:PSCT
price:[87.30999755859375, 83.76000213623047, 85.51000213623047, 84.01000213623047, 87.52999877929688, 94.08000183105469, 94.38999938964844, 95.05999755859375, 89.72000122070312, 98.70999908447266, 103.72000122070312, 105.94999694824219, 110.94999694824219, 114.94000244140625, 115.48999786376953, 120.19000244140625, 121.80000305175781, 122.4800033569336, 132.58999633789062, 133.22999572753906, 136.8699951171875, 127.72000122070312, 139.47999572753906, 146.9499969482422, 145.6199951171875, 138.9499969482422, 133.1699981689453, 141.47999572753906, 138.72000122070312, 136.72000122070312, 140.58999633789062, 139.67999267578125, 141.5800018310547, 141.8800048828125, 136.77000427246094, 134.1199951171875, 130.1300048828125, 131.77999877929688, 136.16000366210938, 137.02999877929688, 139.3300018310547, 136.8699951171875, 142.3000030517578, 141.8800048828125, 139.49000549316406, 131.47000122070312, 135.83999633789062, 140.3000030517578, 143.6699981689453, 141.3000030517578, 139.61000061035156, 147.6999969482422]
assets:[0, 100.00106655044556, 202.0943390487671, 298.5463445915222, 411.058380267334, 541.8161385452271, 643.5982108383179, 748.1697107849121, 806.1431829681396, 986.9223128463746, 1137.009769381714, 1261.4512586654664, 1420.980990914917, 1572.08038939209, 1679.6056859321595, 1847.9573445373535, 1972.7093894271852, 2083.7278011108397, 2355.726464935303, 2467.0997688842776, 2634.5010400146484, 2558.384888452148, 2893.9448993545534, 3148.9327046051026, 3220.429878015137, 3172.9231803131106, 3140.934259812927, 3436.931092210388, 3469.88662253418, 3519.856431427002, 3719.4911201141354, 3795.4126969848635, 3947.038081047058, 4055.3987435668946, 4009.344290245056, 4031.6604652221677, 4011.7258685302736, 4162.587533441162, 4400.936406365967, 4529.060707653809, 4705.076630833435, 4722.001144543457, 5009.330087429809, 5094.542087329102, 5108.723808183288, 4914.992848635865, 5178.3700843963625, 5448.396288511658, 5679.260660618591, 5685.5730027954105, 5717.574003996277, 6148.883802952575]
shares:[0, 1.1939, 2.3634, 3.5537, 4.6962, 5.7591, 6.8185, 7.8705, 8.9851, 9.9982, 10.9623, 11.9061, 12.8074, 13.6774, 14.5433, 15.3753, 16.1963, 17.0128, 17.767, 18.5176, 19.2482, 20.0312, 20.7481, 21.4286, 22.1153, 22.835, 23.5859, 24.2927, 25.0136, 25.745, 26.4563, 27.1722, 27.8785, 28.5833, 29.3145, 30.0601, 30.8286, 31.5874, 32.3218, 33.0516, 33.7693, 34.4999, 35.2026, 35.9074, 36.6243, 37.3849, 38.1211, 38.8339, 39.5299, 40.2376, 40.9539, 41.6309]
growth_rate:20.57
