ticker:PSCU
price:[48.63999938964844, 46.619998931884766, 45.45000076293945, 43.91999816894531, 45.43000030517578, 46.880001068115234, 46.15999984741211, 46.2400016784668, 43.970001220703125, 46.79999923706055, 50.72999954223633, 50.91999816894531, 52.02000045776367, 52.279998779296875, 52.7400016784668, 53.29999923706055, 53.630001068115234, 53.90999984741211, 55.599998474121094, 56.470001220703125, 57.790000915527344, 57.119998931884766, 60.43000030517578, 61.54999923706055, 60.849998474121094, 61.2400016784668, 63.130001068115234, 66.41000366210938, 64.13999938964844, 62.40999984741211, 62.790000915527344, 63.16999816894531, 65.08000183105469, 65.8499984741211, 64.5199966430664, 64.91000366210938, 65.3499984741211, 65.29000091552734, 65.58000183105469, 66.63999938964844, 67.91000366210938, 66.05999755859375, 67.95999908447266, 67.38999938964844, 66.61000061035156, 65.9800033569336, 66.01000213623047, 66.7300033569336, 68.45999908447266, 67.38999938964844, 66.41000366210938, 66.77999877929688]
assets:[0, 99.99989770889282, 197.48934331512453, 290.84261987457273, 400.84252169265744, 513.6360437026977, 605.7484459976196, 706.7969216560364, 772.1000304351807, 921.7961849727631, 1099.202411081314, 1203.321028729248, 1329.313889697647, 1435.9590424713135, 1548.5941212844848, 1665.0386761665345, 1775.3461033584595, 1884.6127296657562, 2043.6947039131164, 2175.6762070312498, 2326.532972857666, 2399.55974712944, 2638.6094903251646, 2787.5132954475403, 2855.812128387451, 2974.1145575145724, 3165.900110564804, 3430.388816165161, 3413.133099520874, 3421.0727926357267, 3541.9023246437073, 3663.335582814026, 3874.101872999573, 4019.938271849823, 4038.745325866699, 4163.158868878174, 4291.3775597991935, 4387.435829522706, 4506.926603837586, 4679.773965138244, 4868.957114562988, 4836.318481262207, 5075.422631626129, 5132.853649511719, 5173.445544404602, 5224.51439981308, 5326.888354389954, 5484.992739929199, 5727.192373409272, 5737.678894033814, 5754.240869311523, 5886.302958401489]
shares:[0, 2.145, 4.3452, 6.6221, 8.8233, 10.9564, 13.1228, 15.2854, 17.5597, 19.6965, 21.6677, 23.6316, 25.5539, 27.4667, 29.3628, 31.239, 33.1036, 34.9585, 36.7571, 38.528, 40.2584, 42.0091, 43.6639, 45.2886, 46.932, 48.5649, 50.1489, 51.6547, 53.2138, 54.8161, 56.4087, 57.9917, 59.5283, 61.0469, 62.5968, 64.1374, 65.6676, 67.1992, 68.7241, 70.2247, 71.6972, 73.211, 74.6825, 76.1664, 77.6677, 79.1833, 80.6982, 82.1968, 83.6575, 85.1414, 86.6472, 88.1447]
growth_rate:15.42
