ticker:PSEC
price:[5.03000020980835, 5.010000228881836, 5.110000133514404, 5.050000190734863, 5.099999904632568, 5.170000076293945, 5.159999847412109, 5.170000076293945, 4.949999809265137, 4.96999979019165, 5.130000114440918, 5.269999980926514, 5.510000228881836, 5.420000076293945, 5.46999979019165, 5.550000190734863, 5.460000038146973, 5.409999847412109, 5.619999885559082, 6.010000228881836, 6.210000038146973, 6.300000190734863, 6.840000152587891, 7.260000228881836, 7.590000152587891, 7.289999961853027, 7.159999847412109, 7.489999771118164, 7.630000114440918, 7.860000133514404, 7.789999961853027, 8.0, 8.050000190734863, 8.09000015258789, 8.050000190734863, 8.15999984741211, 8.039999961853027, 8.289999961853027, 8.489999771118164, 8.880000114440918, 9.199999809265137, 8.420000076293945, 8.819999694824219, 8.460000038146973, 8.279999732971191, 8.100000381469727, 8.25, 8.100000381469727, 8.170000076293945, 8.220000267028809, 8.029999732971191, 8.079999923706055]
assets:[0, 100.00010556850434, 201.996261277771, 299.6245913166046, 402.5909324717522, 508.1169134983063, 607.1338380462647, 708.3106904525756, 778.169670015335, 881.3136617953777, 1009.68610952425, 1137.2406998840331, 1289.0314935455322, 1367.9765832561493, 1480.5960222099782, 1602.2500900639532, 1676.2675137114525, 1760.9170803337097, 1929.2706527139665, 2163.1523373804093, 2335.1376203443524, 2468.980154749298, 2780.6071220302583, 3051.3461521980284, 3290.043438142395, 3260.001960941124, 3301.867581633377, 3554.0483333942416, 3720.4796158027652, 3932.6300228018763, 3997.606744424057, 4205.3728, 4331.656802633286, 4453.180224992751, 4531.162372360325, 4693.078664241791, 4724.062777585984, 4970.955060125828, 5190.881797059059, 5529.332759259224, 5828.588119161415, 5434.4255032415385, 5792.593011573792, 5656.160599504185, 5635.81659424572, 5613.299454358483, 5817.249075, 5811.481353691865, 5961.703794672203, 6098.188860101223, 6057.232760573386, 6194.94886950531]
shares:[0, 19.9601, 39.5296, 59.3316, 78.9394, 98.2818, 117.6616, 137.004, 157.206, 177.3267, 196.8199, 215.7952, 233.944, 252.3942, 270.6757, 288.6937, 307.0087, 325.493, 343.2866, 359.9255, 376.0286, 391.9016, 406.5215, 420.2956, 433.4708, 447.1882, 461.1547, 474.5058, 487.612, 500.3346, 513.1716, 525.6716, 538.094, 550.4549, 562.8773, 575.1322, 587.57, 599.6327, 611.4113, 622.6726, 633.5422, 645.4187, 656.7566, 668.5769, 680.6542, 692.9999, 705.1211, 717.4668, 729.7067, 741.8721, 754.3254, 766.7016]
growth_rate:21.47
