ticker:PSET
price:[43.18199920654297, 42.17900085449219, 42.40999984741211, 41.90999984741211, 42.58000183105469, 43.70000076293945, 44.66999816894531, 44.137001037597656, 41.66400146484375, 44.88999938964844, 45.10599899291992, 45.266998291015625, 45.61000061035156, 47.40999984741211, 46.0, 47.04999923706055, 46.85900115966797, 47.236000061035156, 47.55500030517578, 46.599998474121094, 46.86000061035156, 45.5099983215332, 46.97200012207031, 47.88100051879883, 47.4370002746582, 46.4370002746582, 45.43899917602539, 47.597999572753906, 47.46099853515625, 49.047000885009766, 49.33399963378906, 50.31800079345703, 51.400001525878906, 51.810001373291016, 51.13999938964844, 52.14699935913086, 51.709999084472656, 51.42300033569336, 51.540000915527344, 51.94900131225586, 52.22999954223633, 51.630001068115234, 52.83000183105469, 53.691001892089844, 54.202999114990234, 54.27199935913086, 55.12099838256836, 55.45000076293945, 55.70100021362305, 56.06399917602539, 56.56999969482422, 56.77399826049805]
assets:[0, 99.99797522583007, 200.54416627845762, 298.18126691436765, 402.9473313278198, 513.5449289657593, 624.9422083831787, 717.4866751670837, 777.2877777282714, 937.4737692535401, 1041.9846615356446, 1145.7032000457764, 1254.3844807861328, 1403.890692481613, 1462.1376, 1595.5125241279602, 1689.0373827003477, 1802.6249579292298, 1914.7973317878723, 1976.343215286255, 2087.3693551879883, 2127.2328925449374, 2295.568617965698, 2439.9918459377286, 2517.3677557754518, 2564.302235866928, 2609.1936667858126, 2833.1662089691163, 2925.011847521973, 3122.758785247421, 3241.0316397415163, 3405.6782795036315, 3578.9101462448125, 3707.45634527092, 3759.511029130554, 3933.542026258087, 4000.5802761695863, 4078.3787258239745, 4187.655998387147, 4320.889353547668, 4444.261107048797, 4493.209265954972, 4697.643762817383, 4874.203379268646, 5020.682880223846, 5127.075779457092, 5307.2812324668885, 5438.9574948349, 5563.57743423729, 5699.8361786293035, 5851.2783194343565, 5972.380488811875]
shares:[0, 2.3708, 4.7287, 7.1148, 9.4633, 11.7516, 13.9902, 16.2559, 18.6561, 20.8838, 23.1008, 25.3099, 27.5024, 29.6117, 31.7856, 33.911, 36.0451, 38.1621, 40.2649, 42.4108, 44.5448, 46.7421, 48.871, 50.9595, 53.0676, 55.2211, 57.4219, 59.5228, 61.6298, 63.6687, 65.6957, 67.6831, 69.6286, 71.5587, 73.5141, 75.4318, 77.3657, 79.3104, 81.2506, 83.1756, 85.0902, 87.0271, 88.92, 90.7825, 92.6274, 94.47, 96.2842, 98.0876, 99.8829, 101.6666, 103.4343, 105.1957]
growth_rate:17.11
