ticker:PSHG
price:[0.5899999737739563, 0.6100000143051147, 0.6000000238418579, 0.5699999928474426, 0.6399999856948853, 0.5799999833106995, 0.5199999809265137, 0.5199999809265137, 0.4300000071525574, 4.440000057220459, 4.739999771118164, 5.309999942779541, 5.78000020980835, 5.630000114440918, 5.429999828338623, 4.96999979019165, 5.059999942779541, 4.570000171661377, 5.150000095367432, 5.159999847412109, 5.610000133514404, 5.489999771118164, 5.849999904632568, 7.139999866485596, 6.880000114440918, 5.900000095367432, 5.019999980926514, 5.409999847412109, 5.829999923706055, 5.599999904632568, 5.800000190734863, 5.679999828338623, 4.800000190734863, 4.5, 4.360000133514404, 4.460000038146973, 4.25, 4.670000076293945, 4.46999979019165, 5.260000228881836, 5.360000133514404, 5.519999980926514, 5.599999904632568, 5.46999979019165, 5.690000057220459, 4.800000190734863, 4.980000019073486, 4.809999942779541, 4.579999923706055, 4.739999771118164, 4.440000057220459, 4.809999942779541]
assets:[0, 99.99998634510041, 198.36066788214444, 288.442625380522, 423.86539852586986, 484.1280160693824, 534.0458044113159, 634.0458047433376, 624.3071203846335, 6546.333864365816, 7088.653067708015, 8041.086372349405, 8852.821143348741, 8723.07657431383, 8513.197713867903, 7892.005802839279, 8134.919404007149, 7447.150717734814, 8492.303292260027, 8608.792557426834, 9459.559785131454, 9357.215450891304, 10070.803500824499, 12391.54473828435, 12040.312552276802, 10425.268308513736, 8970.312763917304, 9767.209396517945, 10625.477437950325, 10306.290224484921, 10774.372674318694, 10651.453758090973, 9101.229001650334, 8632.40175, 8463.838487184477, 8757.96292290802, 8445.59235, 9380.215858244896, 9078.49313688283, 10782.970487206458, 11087.969636194704, 11518.95324819808, 11785.894199287413, 11612.2926395967, 12179.33246047926, 10374.305212237836, 10863.341165606784, 10592.503951990031, 10186.0018123209, 10641.84411213398, 10068.310185755254, 11007.335663055133]
shares:[0, 163.9344, 330.6011, 506.0397, 662.2897, 834.7035, 1027.0112, 1219.3189, 1451.877, 1474.3995, 1495.4965, 1514.3289, 1531.6299, 1549.3919, 1567.8081, 1587.9288, 1607.6916, 1629.5734, 1648.9909, 1668.3707, 1686.196, 1704.4109, 1721.5049, 1735.5105, 1750.0454, 1766.9946, 1786.9149, 1805.3992, 1822.5519, 1840.409, 1857.6504, 1875.256, 1896.0893, 1918.3115, 1941.2473, 1963.6688, 1987.1982, 2008.6115, 2030.9829, 2049.9943, 2068.651, 2086.7669, 2104.624, 2122.9055, 2140.4802, 2161.3135, 2181.3938, 2202.1838, 2224.0179, 2245.1149, 2267.6374, 2288.4274]
growth_rate:115.83
