ticker:PSL
price:[76.7300033569336, 76.73999786376953, 76.69000244140625, 75.94999694824219, 77.12999725341797, 80.27999877929688, 80.69000244140625, 80.7300033569336, 77.25, 82.41000366210938, 82.76000213623047, 83.3499984741211, 84.05999755859375, 85.0999984741211, 84.37000274658203, 86.2300033569336, 87.08999633789062, 86.63999938964844, 89.36000061035156, 88.3499984741211, 88.4000015258789, 87.36000061035156, 91.8499984741211, 93.91999816894531, 92.87000274658203, 89.9800033569336, 90.68000030517578, 93.83000183105469, 92.72000122070312, 92.55000305175781, 93.4800033569336, 93.30999755859375, 94.38999938964844, 95.13999938964844, 94.3499984741211, 96.02999877929688, 94.94999694824219, 93.80000305175781, 96.22000122070312, 97.19999694824219, 96.12999725341797, 91.80000305175781, 94.47000122070312, 93.55999755859375, 92.58000183105469, 91.62999725341797, 92.30999755859375, 92.54000091552734, 91.98999786376953, 92.33000183105469, 90.7300033569336, 92.87000274658203]
assets:[0, 99.99989121627807, 199.93850536499022, 298.0125980255127, 402.6417246620178, 519.0824441070557, 621.7326068115234, 722.0410770240783, 790.9164000000001, 943.7428799377442, 1047.7499030448914, 1155.2226438514708, 1265.0609332580566, 1380.713435243225, 1468.8733108177184, 1601.256670336914, 1717.22312979126, 1808.3500672607422, 1965.1247094223022, 2042.9170147171021, 2144.071317008972, 2218.8479195022583, 2432.88601958313, 2587.711965550232, 2658.7845956321717, 2676.0502898368836, 2796.870453412628, 2994.030911427307, 3058.6103122680665, 3153.0027589675906, 3284.681661955261, 3378.7083565979, 3517.811448252869, 3645.764776611328, 3715.4935049110413, 3881.6477866577147, 3937.994153430176, 3990.2990298233035, 4193.248409197998, 4335.955783865356, 4388.228631621551, 4290.566902633667, 4515.354307345581, 4571.856060699462, 4623.963739453125, 4676.511006822968, 4811.215534753418, 4923.2020807067875, 4993.943805028534, 5112.404531387329, 5123.813625576782, 5344.668658065796]
shares:[0, 1.3031, 2.6071, 3.9238, 5.2203, 6.4659, 7.7052, 8.9439, 10.2384, 11.4518, 12.6601, 13.8599, 15.0495, 16.2246, 17.4099, 18.5696, 19.7178, 20.872, 21.9911, 23.123, 24.2542, 25.3989, 26.4876, 27.5523, 28.6291, 29.7405, 30.8433, 31.9091, 32.9876, 34.0681, 35.1378, 36.2095, 37.2689, 38.32, 39.3799, 40.4212, 41.4744, 42.5405, 43.5798, 44.6086, 45.6489, 46.7382, 47.7967, 48.8655, 49.9456, 51.0369, 52.1202, 53.2008, 54.2879, 55.371, 56.4732, 57.55]
growth_rate:4.8
