ticker:PSMT
price:[67.41000366210938, 72.2300033569336, 67.25, 66.36000061035156, 66.80999755859375, 69.29000091552734, 72.1500015258789, 73.87000274658203, 69.0, 66.44999694824219, 77.62999725341797, 79.36000061035156, 81.76000213623047, 85.45999908447266, 87.44999694824219, 92.41999816894531, 89.91000366210938, 91.08999633789062, 99.2699966430664, 96.04000091552734, 98.5999984741211, 93.87999725341797, 99.4000015258789, 101.4800033569336, 99.97000122070312, 96.44999694824219, 94.81999969482422, 98.80999755859375, 94.22000122070312, 97.41999816894531, 97.7699966430664, 89.56999969482422, 88.94000244140625, 86.16000366210938, 84.04000091552734, 88.80000305175781, 89.68000030517578, 86.9800033569336, 88.30000305175781, 90.58000183105469, 93.77999877929688, 88.23999786376953, 89.44999694824219, 90.83000183105469, 91.9000015258789, 88.19999694824219, 86.98999786376953, 89.73999786376953, 85.9000015258789, 82.25, 81.45999908447266, 86.27999877929688]
assets:[0, 100.00243964767456, 193.10837500000002, 290.5506266723633, 392.52209765625, 507.09194270019526, 628.0224732818604, 742.9918746253967, 794.0106000000001, 864.6672952896118, 1110.1477757225036, 1234.8892254974367, 1372.2353478538512, 1534.3317315628053, 1670.0588267196656, 1864.9708690505984, 1914.3188429718016, 2039.4412550079344, 2322.590330458832, 2347.0159383735654, 2509.5770211631775, 2489.44405116806, 2735.8160619972227, 2893.062971701813, 2950.0147660217285, 2946.142316781616, 2996.349918356323, 3222.431164379883, 3172.7360551055904, 3380.4934204620363, 3492.637590080261, 3299.7050467575073, 3376.5004646850584, 3370.958447277832, 3388.013808908844, 3679.9076464660643, 3816.377252986908, 3801.478442715454, 3959.169046833801, 4161.399270121765, 4408.410182617188, 4247.988209159088, 4406.235289672852, 4574.21705821228, 4728.098848503876, 4637.741059532165, 4674.120468216705, 4921.879922836303, 4811.26767546463, 4706.830275, 4761.622056484222, 5143.366427230835]
shares:[0, 1.3845, 2.8715, 4.3784, 5.8752, 7.3184, 8.7044, 10.0581, 11.5074, 13.0123, 14.3005, 15.5606, 16.7837, 17.9538, 19.0973, 20.1793, 21.2915, 22.3893, 23.3967, 24.4379, 25.4521, 26.5173, 27.5233, 28.5087, 29.509, 30.5458, 31.6004, 32.6124, 33.6737, 34.7002, 35.723, 36.8394, 37.9638, 39.1244, 40.3143, 41.4404, 42.5555, 43.7052, 44.8377, 45.9417, 47.008, 48.1413, 49.2592, 50.3602, 51.4483, 52.5821, 53.7317, 54.846, 56.0101, 57.2259, 58.4535, 59.6125]
growth_rate:0.85
