ticker:PSNL
price:[20.979999542236328, 20.860000610351562, 24.1200008392334, 21.450000762939453, 21.84000015258789, 30.520000457763672, 26.6299991607666, 26.270000457763672, 24.729999542236328, 26.399999618530273, 29.059999465942383, 31.0, 27.770000457763672, 29.969999313354492, 38.310001373291016, 38.689998626708984, 41.4900016784668, 36.61000061035156, 35.9900016784668, 43.61000061035156, 47.91999816894531, 38.470001220703125, 41.029998779296875, 40.41999816894531, 38.7599983215332, 30.829999923706055, 23.989999771118164, 27.020000457763672, 25.010000228881836, 22.09000015258789, 24.1299991607666, 23.020000457763672, 22.190000534057617, 23.170000076293945, 24.639999389648438, 22.75, 19.739999771118164, 21.969999313354492, 22.489999771118164, 20.700000762939453, 22.799999237060547, 24.639999389648438, 26.59000015258789, 24.709999084472656, 23.780000686645508, 21.389999389648438, 21.520000457763672, 20.989999771118164, 20.93000030517578, 18.280000686645508, 17.309999465942383, 20.59000015258789]
assets:[0, 100.00075692596435, 215.62798350257873, 291.75862037734987, 397.06430677413937, 654.8707018222809, 671.4035278409957, 762.3265162837981, 817.6380828651429, 972.8531859426497, 1170.8767804819106, 1349.0425, 1308.4807665691376, 1512.1423093551634, 2032.9393778743745, 2153.1022925762177, 2408.9219444522855, 2225.5878351043702, 2287.895203700638, 2872.302914199829, 3256.1734595794674, 2714.0431981201173, 2994.6483149047854, 3050.125397827149, 3024.8612770111085, 2505.9980457984925, 2050.0126524414063, 2408.935716811371, 2329.7365433208465, 2157.7313339046477, 2456.996143546486, 2443.971294599533, 2455.851681106186, 2664.311357773018, 2933.3451113388064, 2808.344175, 2536.779474586487, 2923.356669634056, 3092.548141526985, 2946.409128595734, 3345.320768058014, 3715.29302796936, 4109.319665581513, 3918.7760518058776, 3871.2866137830733, 3582.2045877838136, 3703.9751347892757, 3712.753139514923, 3802.139669438171, 3420.74201249218, 3339.225259976387, 4071.9607901763916]
shares:[0, 4.7939, 8.9398, 13.6018, 18.1806, 21.4571, 25.2123, 29.0189, 33.0626, 36.8505, 40.2917, 43.5175, 47.1185, 50.4552, 53.0655, 55.6501, 58.0603, 60.7918, 63.5703, 65.8634, 67.9502, 70.5496, 72.9868, 75.4608, 78.0408, 81.2844, 85.4528, 89.1538, 93.1522, 97.6791, 101.8233, 106.1673, 110.6738, 114.9897, 119.0481, 123.4437, 128.5096, 133.0613, 137.5077, 142.3386, 146.7246, 150.783, 154.5438, 158.5907, 162.7959, 167.471, 172.1178, 176.882, 181.6598, 187.1303, 192.9073, 197.764]
growth_rate:-20.16
