ticker:PSTI
price:[9.880000114440918, 10.220000267028809, 10.09000015258789, 9.65999984741211, 10.220000267028809, 11.130000114440918, 10.680000305175781, 9.869999885559082, 9.270000457763672, 9.829999923706055, 9.170000076293945, 9.1899995803833, 9.579999923706055, 10.829999923706055, 5.929999828338623, 6.21999979019165, 7.210000038146973, 7.070000171661377, 7.409999847412109, 8.039999961853027, 7.559999942779541, 7.0, 6.78000020980835, 7.860000133514404, 7.21999979019165, 6.340000152587891, 4.989999771118164, 5.429999828338623, 5.559999942779541, 4.599999904632568, 4.809999942779541, 4.730000019073486, 4.340000152587891, 4.380000114440918, 4.239999771118164, 3.950000047683716, 3.6500000953674316, 3.9100000858306885, 3.680000066757202, 4.260000228881836, 4.360000133514404, 3.940000057220459, 4.019999980926514, 3.9600000381469727, 3.75, 3.559999942779541, 3.430000066757202, 3.2799999713897705, 3.2100000381469727, 3.1500000953674316, 2.940000057220459, 3.0399999618530273]
assets:[0, 99.99963661279679, 198.7275980052948, 290.25884541511533, 407.08509463634493, 543.3321025866508, 621.364553755188, 674.2384451823234, 733.2514742088318, 877.546702189064, 918.6267656429292, 1020.630325397873, 1163.9431667304993, 1415.8145540260314, 875.2335806637764, 1018.0360736603737, 1280.0706167726516, 1355.2151039049627, 1520.388214691925, 1749.6519276985168, 1745.1949907908916, 1715.9212, 1761.9925565251826, 2142.663546396494, 2068.1970978995796, 1916.11795811615, 1608.1117572389603, 1849.90917451787, 1994.1979514768125, 1749.8758437214851, 1929.7613950432776, 1997.6653700554848, 1932.953173959732, 2050.7681755825997, 2085.2183194366457, 2042.5975596578835, 1987.4637419285773, 2229.036308930874, 2197.9164718714, 2644.3274080747606, 2806.400849939203, 2636.0594022833825, 2789.583310764408, 2847.9476794344905, 2796.92025, 2755.2096237150668, 2754.598067612028, 2734.1345041511536, 2775.783974986839, 2823.9001154946327, 2735.6400652430534, 2928.6888432497976]
shares:[0, 9.7847, 19.6955, 30.0475, 39.8322, 48.8169, 58.1802, 68.3119, 79.0994, 89.2723, 100.1774, 111.0588, 121.4972, 130.7308, 147.5942, 163.6714, 177.541, 191.6853, 205.1806, 217.6184, 230.8459, 245.1316, 259.8809, 272.6035, 286.4539, 302.2268, 322.2669, 340.6831, 358.6687, 380.4078, 401.1978, 422.3394, 445.3809, 468.2119, 491.7968, 517.1133, 544.5106, 570.086, 597.2599, 620.7341, 643.6699, 669.0506, 693.9262, 719.1787, 745.8454, 773.9353, 803.0898, 833.5776, 864.7302, 896.4762, 930.4898, 963.3845]
growth_rate:-42.57
