ticker:PSTV
price:[2.630000114440918, 2.4600000381469727, 2.940000057220459, 2.549999952316284, 2.6600000858306885, 2.569999933242798, 2.680000066757202, 2.549999952316284, 2.2100000381469727, 2.200000047683716, 2.2899999618530273, 2.0999999046325684, 2.140000104904175, 2.119999885559082, 2.049999952316284, 2.0399999618530273, 2.2300000190734863, 2.0199999809265137, 2.180000066757202, 2.299999952316284, 2.430000066757202, 2.4100000858306885, 2.75, 3.640000104904175, 3.609999895095825, 2.8499999046325684, 2.799999952316284, 2.9700000286102295, 2.6500000953674316, 2.4000000953674316, 2.4600000381469727, 2.180000066757202, 2.0799999237060547, 2.4200000762939453, 2.2799999713897705, 2.1700000762939453, 2.1700000762939453, 2.4000000953674316, 2.369999885559082, 2.7200000286102295, 2.890000104904175, 2.759999990463257, 2.799999952316284, 2.4100000858306885, 2.369999885559082, 2.200000047683716, 2.140000104904175, 1.899999976158142, 1.9500000476837158, 2.0799999237060547, 1.940000057220459, 1.8899999856948853]
assets:[0, 99.99998555068969, 219.51216427230835, 290.39322956979277, 402.92005500109195, 489.28738129048344, 610.2295832004547, 680.6289022725821, 689.8784739080429, 786.7567570524931, 918.9421766921997, 942.6979371891975, 1060.6542439939499, 1150.7414498811722, 1212.7453267911194, 1306.8294835629463, 1528.5439240738392, 1484.600399981928, 1702.1926661255122, 1895.8913406942845, 2103.050604775214, 2185.7416248438594, 2594.103325, 3533.6494938391684, 3604.525691254902, 2945.67810643096, 2993.999629012489, 3275.7781635558126, 3022.832318784809, 2837.659552758455, 3008.6009566540715, 2766.1587027068854, 2739.270459524155, 3287.036009628486, 3196.876651884484, 3142.641416490555, 3242.6413130064007, 3686.3315064816475, 3740.2520543932915, 4392.610190203523, 4767.148520042825, 4652.7091759233, 4820.139717913508, 4248.763394317126, 4278.2441614151, 4071.3660682444806, 4060.3289850399256, 3704.9648035088185, 3902.4641154276846, 4262.628083647727, 4075.7207062137127, 4070.6762991896867]
shares:[0, 40.6504, 74.664, 113.8797, 151.4737, 190.3842, 227.6976, 266.9133, 312.1622, 357.6167, 401.2848, 448.9038, 495.6328, 542.8026, 591.5831, 640.6027, 685.4457, 734.9507, 780.8223, 824.3006, 865.4529, 906.9467, 943.3103, 970.7828, 998.4836, 1033.5713, 1069.2856, 1102.9556, 1140.6914, 1182.3581, 1223.0085, 1268.8801, 1316.957, 1358.2793, 1402.1389, 1448.2218, 1494.3047, 1535.9714, 1578.1655, 1614.9302, 1649.5323, 1685.7642, 1721.4785, 1762.9723, 1805.1664, 1850.6209, 1897.3499, 1949.9815, 2001.2636, 2049.3405, 2100.8869, 2153.797]
growth_rate:-20.18
