ticker:PSTX
price:[9.300000190734863, 9.5, 9.670000076293945, 9.430000305175781, 8.289999961853027, 9.0600004196167, 11.3100004196167, 10.979999542236328, 11.510000228881836, 10.140000343322754, 10.5, 11.029999732971191, 11.600000381469727, 10.680000305175781, 10.600000381469727, 9.65999984741211, 9.260000228881836, 10.970000267028809, 9.279999732971191, 8.680000305175781, 9.25, 8.699999809265137, 9.0, 9.59000015258789, 10.8100004196167, 11.039999961853027, 8.630000114440918, 11.180000305175781, 10.890000343322754, 9.180000305175781, 9.479999542236328, 8.899999618530273, 8.550000190734863, 8.850000381469727, 9.359999656677246, 8.65999984741211, 8.399999618530273, 9.529999732971191, 8.449999809265137, 8.380000114440918, 9.470000267028809, 8.779999732971191, 10.020000457763672, 8.789999961853027, 9.039999961853027, 8.65999984741211, 8.630000114440918, 8.109999656677246, 8.59000015258789, 8.800000190734863, 8.970000267028809, 9.899999618530273]
assets:[0, 99.99985000000001, 201.78969359207153, 296.7819126045227, 360.90349033927913, 494.4250608994484, 717.2123666095733, 796.286036802292, 934.7225145874023, 923.4650412669182, 1056.25065, 1209.5663157172203, 1372.0735651210784, 1363.2539789543152, 1453.0427522916793, 1424.1882675037384, 1465.2153922161103, 1835.7900526863098, 1652.9748964362143, 1646.1012978744507, 1854.19765, 1843.9484295741083, 2007.5328, 2239.1374886272433, 2623.9913958566667, 2779.8212063947676, 2272.994457141781, 3044.6204151077272, 3065.645085648823, 2684.2623832344057, 2871.9829253196717, 2796.2713001468655, 2786.305697157383, 2984.070563625145, 3256.0340645693777, 3112.526917157745, 3119.079458353043, 3638.6701640451433, 3326.312849917889, 3398.7579324149133, 3940.8402291212083, 3753.7036278374676, 4383.83937827568, 3945.703527876377, 4157.924478454399, 4083.1440300556183, 4168.999441284371, 4017.796826913547, 4355.594796370316, 4562.075858880329, 4750.207161409378, 5342.703094133378]
shares:[0, 10.5263, 20.8676, 31.4721, 43.5348, 54.5723, 63.414, 72.5215, 81.2096, 91.0715, 100.5953, 109.6615, 118.2822, 127.6455, 137.0795, 147.4315, 158.2306, 167.3464, 178.1223, 189.643, 200.4538, 211.9481, 223.0592, 233.4867, 242.7374, 251.7954, 263.3829, 272.3274, 281.5101, 292.4033, 302.9518, 314.1878, 325.8837, 337.1831, 347.8669, 359.4142, 371.319, 381.8122, 393.6465, 405.5797, 416.1394, 427.5289, 437.5089, 448.8855, 459.9474, 471.4947, 483.0822, 495.4127, 507.0541, 518.4177, 529.566, 539.667]
growth_rate:4.76
