ticker:PT
price:[0.800000011920929, 0.7900000214576721, 1.0399999618530273, 0.8199999928474426, 0.9100000262260437, 0.9200000166893005, 1.1799999475479126, 1.1699999570846558, 0.7900000214576721, 0.8799999952316284, 0.8299999833106995, 0.8799999952316284, 1.0499999523162842, 0.9700000286102295, 0.9399999976158142, 0.9900000095367432, 1.0399999618530273, 0.9800000190734863, 1.2100000381469727, 1.149999976158142, 1.1699999570846558, 1.2699999809265137, 1.3899999856948853, 1.9800000190734863, 2.0999999046325684, 1.399999976158142, 1.2000000476837158, 1.3600000143051147, 1.409999966621399, 1.2300000190734863, 1.1399999856948853, 1.2200000286102295, 0.8600000143051147, 0.8700000047683716, 0.8999999761581421, 0.8500000238418579, 0.800000011920929, 1.0700000524520874, 0.9100000262260437, 0.9200000166893005, 0.949999988079071, 0.9399999976158142, 0.9599999785423279, 1.0199999809265137, 1.0099999904632568, 1.100000023841858, 1.0499999523162842, 0.9200000166893005, 0.9399999976158142, 0.8500000238418579, 0.8299999833106995, 1.0199999809265137]
assets:[0, 100.00001971616149, 231.64553550329208, 282.6435835346043, 413.6654459217668, 518.211261400634, 764.6622680100561, 858.1820985220671, 679.4563454551279, 856.8627713569999, 908.1773497387409, 1062.8868742406369, 1368.2172428650617, 1363.9722332304716, 1421.7875023938238, 1597.414515388012, 1778.091886779976, 1775.5097425562858, 2292.211004265213, 2278.5475077610377, 2418.1743973018883, 2724.856079076767, 3082.322744278431, 4490.646973258733, 4862.807029165029, 3341.871483088267, 2964.4613977971076, 3459.7228043909786, 3686.9183907204388, 3316.2480694247242, 3173.5956861766217, 3496.3042639918567, 2564.607934659314, 2694.42890376786, 2887.340143511605, 2826.9325442933205, 2760.6423611367763, 3792.3592419038773, 3325.2774148339213, 3461.8189347992775, 3674.704263888538, 3736.0232225240707, 3915.513032481462, 4260.232594335795, 4318.465645223665, 4803.279574108278, 4684.948377242136, 4204.907456279308, 4396.31841884932, 4075.3944743117336, 4079.5026229710284, 5113.364658382655]
shares:[0, 126.5823, 222.7361, 344.6873, 454.5774, 563.2731, 648.0189, 733.489, 860.0713, 973.7077, 1094.1896, 1207.826, 1303.0641, 1406.1569, 1512.5399, 1613.55, 1709.7038, 1811.7446, 1894.3892, 1981.3457, 2066.8158, 2145.556, 2217.4984, 2268.0035, 2315.6225, 2387.0511, 2470.3844, 2543.9138, 2614.8358, 2696.1366, 2783.8559, 2865.8231, 2982.1022, 3097.0447, 3208.1558, 3325.8029, 3450.8029, 3544.2608, 3654.1509, 3762.8466, 3868.1098, 3974.4928, 4078.6595, 4176.6987, 4275.7086, 4366.6177, 4461.8558, 4570.5515, 4676.9345, 4794.5816, 4915.0635, 5013.1027]
growth_rate:0.26
