ticker:PTC
price:[87.69000244140625, 82.30000305175781, 86.11000061035156, 81.68000030517578, 82.16000366210938, 85.94000244140625, 87.62000274658203, 89.25, 83.87999725341797, 94.83999633789062, 97.20999908447266, 101.13999938964844, 108.61000061035156, 109.5999984741211, 112.9800033569336, 118.38999938964844, 119.8499984741211, 119.61000061035156, 127.94000244140625, 124.12000274658203, 130.8800048828125, 132.91000366210938, 142.72999572753906, 142.72000122070312, 146.72999572753906, 136.94000244140625, 125.51000213623047, 132.19000244140625, 129.66000366210938, 135.42999267578125, 143.8699951171875, 146.0399932861328, 146.16000366210938, 147.33999633789062, 130.94000244140625, 131.16000366210938, 129.00999450683594, 130.77000427246094, 134.13999938964844, 132.5399932861328, 136.4199981689453, 131.75, 138.69000244140625, 143.97999572753906, 145.13999938964844, 140.1999969482422, 152.69000244140625, 135.4499969482422, 135.3699951171875, 132.00999450683594, 128.2899932861328, 131.97999572753906]
assets:[0, 100.00273370819092, 204.63180545043943, 294.1051770988464, 395.83046564331056, 514.0415306030274, 624.0909935630798, 735.696675, 791.4329380851746, 994.8431095855713, 1119.7036534545898, 1264.968086366272, 1458.3933661956787, 1571.6858981185912, 1720.1544451103211, 1902.5272901916505, 2025.9923142059324, 2121.941215827942, 2369.7175192199707, 2398.966589085388, 2629.6279701049802, 2770.4159893341066, 3075.103484950256, 3174.8920591552733, 3364.0932850448607, 3239.63071975708, 3069.22159223938, 3332.5760565490723, 3368.7873171478273, 3618.7029472961426, 3944.2246901367184, 4103.709207341004, 4207.084161410522, 4341.048844104004, 3957.857983795166, 4064.504237484741, 4097.873465515137, 4253.7782379776, 4463.40116769104, 4510.1636695358275, 4742.1910503494255, 4679.852225, 5026.361461480713, 5318.073918191528, 5460.9215050354005, 5375.0575830001835, 5953.902341198731, 5381.658643748474, 5478.477850390625, 5442.494852528381, 5389.1290639678955, 5644.13771528778]
shares:[0, 1.2151, 2.3764, 3.6007, 4.8178, 5.9814, 7.1227, 8.2431, 9.4353, 10.4897, 11.5184, 12.5071, 13.4278, 14.3402, 15.2253, 16.07, 16.9044, 17.7405, 18.5221, 19.3278, 20.0919, 20.8443, 21.5449, 22.2456, 22.9271, 23.6573, 24.454, 25.2105, 25.9817, 26.7201, 27.4152, 28.0999, 28.7841, 29.4628, 30.2265, 30.9889, 31.764, 32.5287, 33.2742, 34.0287, 34.7617, 35.5207, 36.2417, 36.9362, 37.6252, 38.3385, 38.9934, 39.7317, 40.4704, 41.2279, 42.0074, 42.7651]
growth_rate:10.67
