ticker:PTCT
price:[48.0, 45.599998474121094, 47.220001220703125, 46.599998474121094, 47.959999084472656, 53.810001373291016, 51.38999938964844, 51.959999084472656, 52.189998626708984, 59.380001068115234, 60.099998474121094, 63.130001068115234, 63.9900016784668, 65.70999908447266, 64.9800033569336, 67.63999938964844, 65.05000305175781, 61.029998779296875, 67.58000183105469, 68.48999786376953, 63.36000061035156, 57.81999969482422, 63.54999923706055, 61.43000030517578, 58.08000183105469, 57.099998474121094, 60.13999938964844, 58.45000076293945, 56.18000030517578, 49.209999084472656, 49.189998626708984, 47.599998474121094, 48.59000015258789, 45.75, 41.209999084472656, 40.2400016784668, 37.9900016784668, 39.43000030517578, 39.27000045776367, 39.18000030517578, 42.95000076293945, 44.63999938964844, 43.86000061035156, 43.09000015258789, 44.470001220703125, 43.16999816894531, 41.220001220703125, 38.33000183105469, 39.91999816894531, 40.0099983215332, 38.20000076293945, 42.33000183105469]
assets:[0, 100.00079665374756, 203.55125926208495, 300.87755014801024, 409.6599241798401, 559.6293952823639, 634.4609324645996, 741.5003629348755, 844.7838507709503, 1061.1681230880736, 1174.0354401924135, 1333.2235535572052, 1451.3828240699768, 1590.3922498413085, 1672.7217444145203, 1841.1946033859253, 1870.6949777618408, 1855.0861518951417, 2154.1801383666993, 2283.1894177864074, 2212.1764053100587, 2118.750286817169, 2428.7220958423613, 2447.702934159851, 2414.2230521118163, 2473.4862839012144, 2705.175354545593, 2729.1591256233214, 2723.1682107925417, 2485.3165567619326, 2584.304795851135, 2600.7687166290284, 2754.858648651123, 2693.84235, 2526.5191078704834, 2567.050547075272, 2523.5162534935, 2719.1677380455017, 2808.1349007339477, 2901.6982486015318, 3280.9076082801816, 3510.002976008606, 3548.6731753829954, 3586.3720946998596, 3801.228999343872, 3790.1056722427365, 3718.9056081329345, 3558.1664039764405, 3805.7650414367677, 3914.3461777885436, 3837.266476638794, 4352.13374025879]
shares:[0, 2.193, 4.3107, 6.4566, 8.5417, 10.4001, 12.346, 14.2706, 16.1867, 17.8708, 19.5347, 21.1187, 22.6814, 24.2032, 25.7421, 27.2205, 28.7578, 30.3963, 31.876, 33.3361, 34.9144, 36.6439, 38.2175, 39.8454, 41.5672, 43.3185, 44.9813, 46.6922, 48.4722, 50.5043, 52.5372, 54.638, 56.696, 58.8818, 61.3084, 63.7935, 66.4258, 68.9619, 71.5084, 74.0607, 76.389, 78.6291, 80.9091, 83.2298, 85.4785, 87.7949, 90.2209, 92.8298, 95.3348, 97.8342, 100.452, 102.8144]
growth_rate:-14.66
