ticker:PTE
price:[1.0399999618530273, 1.0199999809265137, 1.100000023841858, 1.0399999618530273, 1.0299999713897705, 1.0800000429153442, 1.0700000524520874, 1.0, 0.9900000095367432, 0.9599999785423279, 0.800000011920929, 0.9200000166893005, 0.6899999976158142, 0.6899999976158142, 0.6499999761581421, 0.6399999856948853, 0.699999988079071, 0.6800000071525574, 1.3200000524520874, 1.0800000429153442, 1.0499999523162842, 0.9300000071525574, 1.159999966621399, 1.690000057220459, 1.5800000429153442, 1.2899999618530273, 1.2899999618530273, 1.3300000429153442, 1.2200000286102295, 1.1100000143051147, 1.1100000143051147, 1.0199999809265137, 0.8799999952316284, 1.0299999713897705, 1.0199999809265137, 0.9700000286102295, 0.9800000190734863, 1.1299999952316284, 1.1399999856948853, 1.0700000524520874, 1.1100000143051147, 1.100000023841858, 1.0800000429153442, 0.9399999976158142, 0.8799999952316284, 0.7699999809265137, 0.7900000214576721, 0.8199999928474426, 0.8299999833106995, 0.8299999833106995, 0.8100000023841858, 0.7400000095367432]
assets:[0, 99.99998213005065, 207.84313450487852, 296.506173124218, 393.6551740654707, 512.7646883754372, 608.0168298053742, 668.24, 761.5576063361406, 838.4801092585086, 798.7334519020557, 1018.5435184769332, 863.907597014904, 963.9075716693699, 1008.02886802572, 1092.5207435802579, 1294.9445379472256, 1357.946142283511, 2736.013212719393, 2338.5562769258736, 2373.596187207723, 2202.3281809379337, 2846.9898900788426, 4247.770020822096, 4071.287862582731, 3424.026000747109, 3524.026023789978, 3733.2984164629934, 3524.529330653763, 3306.7438776156305, 3406.74388990438, 3230.5212955908773, 2887.1164803558586, 3479.23855135746, 3545.4595497016903, 3471.6626943969727, 3607.452982210922, 4259.6140820252895, 4397.3097468210335, 4227.299711224937, 4485.329460804642, 4544.921138508511, 4562.286301288962, 4070.878669674754, 3911.0353708076477, 3522.155857753515, 3713.640632868457, 3954.6648055049177, 4102.892354500717, 4202.892329489959, 4201.6179183672075, 3938.5151487575768]
shares:[0, 98.0392, 188.9483, 285.1021, 382.1895, 474.7821, 568.24, 668.24, 769.2501, 873.4168, 998.4168, 1107.1125, 1252.04, 1396.9675, 1550.8137, 1707.0637, 1849.9208, 1996.9796, 2072.7372, 2165.3298, 2260.5679, 2368.0948, 2454.3017, 2513.4733, 2576.7644, 2654.2838, 2731.8032, 2806.9912, 2888.9584, 2979.0485, 3069.1386, 3167.1778, 3280.8142, 3377.9016, 3475.9408, 3579.0336, 3681.0744, 3769.57, 3857.2893, 3950.7472, 4040.8373, 4131.7464, 4224.339, 4330.722, 4444.3584, 4574.2285, 4700.8108, 4822.762, 4943.2439, 5063.7258, 5187.1826, 5322.3177]
growth_rate:-22.77
