ticker:PTEN
price:[3.6600000858306885, 3.1700000762939453, 3.450000047683716, 2.859999895095825, 2.569999933242798, 2.9600000381469727, 2.6500000953674316, 2.890000104904175, 2.559999942779541, 2.869999885559082, 3.559999942779541, 4.090000152587891, 4.650000095367432, 5.170000076293945, 5.559999942779541, 5.429999828338623, 5.300000190734863, 5.260000228881836, 6.199999809265137, 6.590000152587891, 6.239999771118164, 6.150000095367432, 6.239999771118164, 6.25, 6.28000020980835, 7.400000095367432, 9.3100004196167, 9.0, 7.949999809265137, 7.46999979019165, 7.349999904632568, 6.849999904632568, 6.769999980926514, 6.320000171661377, 6.760000228881836, 8.5600004196167, 8.520000457763672, 8.399999618530273, 8.369999885559082, 10.4399995803833, 10.399999618530273, 9.789999961853027, 10.399999618530273, 10.140000343322754, 9.359999656677246, 8.239999771118164, 7.849999904632568, 8.020000457763672, 7.650000095367432, 7.570000171661377, 6.599999904632568, 7.920000076293945]
assets:[0, 99.99987140674591, 208.83264288635255, 273.11912198204993, 345.42521002738476, 497.84388641595837, 545.7047146386624, 695.1271012324333, 715.7526880016803, 902.425831015873, 1219.3854204006195, 1500.9233069957734, 1806.4287820482732, 2108.4382201143267, 2367.488563635111, 2412.1335287439824, 2454.384508327675, 2535.860838344574, 3089.0370649698257, 3383.347595339584, 3303.654934822655, 3356.006467041254, 3505.118319433022, 3610.7356250000003, 3728.0674885509015, 4492.945577902794, 5752.611088279438, 5661.062999999999, 5100.605397627258, 4892.644437581301, 4914.047501239443, 4679.758274847221, 4725.10388468771, 4511.027786526775, 4925.08672275486, 6336.5000786192895, 6406.890392230224, 6416.652188600158, 6493.735513212777, 8199.712434427547, 8268.296096720696, 7883.328939282418, 8474.527049156188, 8362.664125145244, 7819.382089186764, 6983.729406013488, 6753.189282957411, 6999.436953512191, 6776.52002447834, 6805.654226328658, 6033.595172816897, 7340.314678709793]
shares:[0, 31.5457, 60.5312, 95.4962, 134.4067, 168.1905, 205.9263, 240.5284, 279.5909, 314.4341, 342.524, 366.9739, 388.4793, 407.8217, 425.8073, 444.2235, 463.0914, 482.1028, 498.2318, 513.4063, 529.4319, 545.6921, 561.7177, 577.7177, 593.6413, 607.1548, 617.8959, 629.007, 641.5856, 654.9725, 668.5779, 683.1764, 697.9474, 713.7702, 728.5631, 740.2453, 751.9824, 763.8872, 775.8346, 785.4131, 795.0285, 805.243, 814.8584, 824.7203, 835.4041, 847.54, 860.2789, 872.7477, 885.8196, 899.0296, 914.1811, 926.8074]
growth_rate:43.93
