ticker:PTF
price:[104.58000183105469, 101.05000305175781, 102.29000091552734, 107.76000213623047, 111.29000091552734, 118.7699966430664, 120.56999969482422, 117.55999755859375, 109.97000122070312, 127.30999755859375, 119.4800033569336, 124.9800033569336, 128.52000427246094, 129.55999755859375, 131.57000732421875, 142.4600067138672, 144.8300018310547, 140.67999267578125, 144.7100067138672, 144.35000610351562, 155.1699981689453, 145.9499969482422, 161.77999877929688, 172.99000549316406, 169.10000610351562, 156.4600067138672, 139.49000549316406, 150.75999450683594, 145.7100067138672, 138.6999969482422, 146.58999633789062, 148.2899932861328, 143.66000366210938, 146.72000122070312, 142.8000030517578, 135.8300018310547, 127.16000366210938, 131.19000244140625, 138.17999267578125, 140.64999389648438, 145.22000122070312, 142.0, 148.16000366210938, 149.27000427246094, 149.32000732421875, 142.35000610351562, 150.8800048828125, 151.02999877929688, 154.47000122070312, 152.47999572753906, 149.42999267578125, 160.4499969482422]
assets:[0, 99.99908302001954, 201.2248898010254, 311.98675818481445, 422.2120054733276, 550.5939504379272, 658.9391623321534, 742.4854325805665, 794.5442558197021, 1019.8294664428711, 1057.1112777008057, 1205.7695783866882, 1339.9238605438234, 1450.7610286621093, 1573.2746765808106, 1803.5009469955446, 1933.509490444946, 1978.10137701416, 2134.762019042969, 2229.456974267578, 2496.576651539612, 2448.2382238082887, 2813.774806768799, 3108.7514917160033, 3138.8512232940675, 3004.2198809143065, 2778.375878413391, 3102.851750942993, 3098.9167097885133, 3049.832622895813, 3323.3271479766845, 3461.8743802627564, 3453.787612042236, 3627.358590179443, 3630.4473175857547, 3553.2449328994753, 3426.4407426788334, 3635.038825646973, 3928.719733758545, 4098.9487071258545, 4332.130466415405, 4336.069399999999, 4624.162610296631, 4758.802371208191, 4860.396102404785, 4733.522047958374, 5117.1708056030275, 5222.254885791015, 5441.205792999268, 5471.104230700684, 5461.6662322998045, 5964.439826556397]
shares:[0, 0.9896, 1.9672, 2.8952, 3.7938, 4.6358, 5.4652, 6.3158, 7.2251, 8.0106, 8.8476, 9.6477, 10.4258, 11.1976, 11.9577, 12.6597, 13.3502, 14.061, 14.752, 15.4448, 16.0893, 16.7745, 17.3926, 17.9707, 18.5621, 19.2012, 19.9181, 20.5814, 21.2677, 21.9887, 22.6709, 23.3453, 24.0414, 24.723, 25.4233, 26.1595, 26.9459, 27.7082, 28.4319, 29.1429, 29.8315, 30.5357, 31.2106, 31.8805, 32.5502, 33.2527, 33.9155, 34.5776, 35.225, 35.8808, 36.55, 37.1732]
growth_rate:16.95
