ticker:PTGX
price:[20.520000457763672, 19.889999389648438, 22.0, 19.969999313354492, 20.510000228881836, 21.139999389648438, 20.81999969482422, 19.950000762939453, 18.950000762939453, 21.280000686645508, 22.209999084472656, 21.729999542236328, 23.850000381469727, 22.405000686645508, 21.520000457763672, 21.1200008392334, 23.75, 20.15999984741211, 20.649999618530273, 24.3700008392334, 22.360000610351562, 20.709999084472656, 22.3799991607666, 26.139999389648438, 25.6299991607666, 23.56999969482422, 29.1200008392334, 31.0, 31.149999618530273, 27.209999084472656, 26.709999084472656, 26.579999923706055, 26.549999237060547, 29.06999969482422, 28.940000534057617, 29.18000030517578, 30.469999313354492, 34.279998779296875, 35.11000061035156, 34.810001373291016, 39.63999938964844, 42.470001220703125, 43.61000061035156, 46.36000061035156, 46.189998626708984, 45.81999969482422, 47.02000045776367, 49.43000030517578, 48.11000061035156, 47.689998626708984, 49.220001220703125, 47.869998931884766]
assets:[0, 100.00094993133546, 210.6104, 291.17656898822787, 399.0507684532165, 511.3089372375489, 603.5697091529846, 678.3479059417725, 744.344659967804, 935.8646381977081, 1076.7651866142273, 1153.493565700531, 1366.030236849022, 1383.2668183929443, 1428.626750389099, 1502.0713556869507, 1789.118375, 1618.678643748474, 1758.0211975238801, 2174.7203868911743, 2095.353421195984, 2040.732244785309, 2305.292097553253, 2792.598870794678, 2838.1148900682447, 2710.003140911865, 3448.125507374382, 3770.7377, 3888.9840023746488, 3497.086223334503, 3532.82473890686, 3615.629545621872, 3711.549178345108, 4163.832685288238, 4245.211572340965, 4380.417023812103, 4674.067424669266, 5358.519145184327, 5588.26218114624, 5640.511673524094, 6523.150371560669, 7088.85477175293, 7379.139178276062, 7944.45832459259, 8015.327366693497, 8051.123786376953, 8361.98045740814, 8890.573771889496, 8753.157566047668, 8776.743353263091, 9158.321329135131, 9007.128046025466]
shares:[0, 5.0277, 9.5732, 14.5807, 19.4564, 24.1868, 28.9899, 34.0024, 39.2794, 43.9786, 48.4811, 53.083, 57.2759, 61.7392, 66.386, 71.1208, 75.3313, 80.2916, 85.1342, 89.2376, 93.7099, 98.5385, 103.0068, 106.8324, 110.7341, 114.9768, 118.4109, 121.6367, 124.847, 128.5221, 132.266, 136.0282, 139.7947, 143.2347, 146.6901, 150.1171, 153.399, 156.3162, 159.1644, 162.0371, 164.5598, 166.9144, 169.2075, 171.3645, 173.5295, 175.712, 177.8388, 179.8619, 181.9405, 184.0374, 186.0691, 188.1581]
growth_rate:76.61
