ticker:PTH
price:[119.61000061035156, 120.79000091552734, 135.30999755859375, 133.22999572753906, 135.22999572753906, 147.72000122070312, 145.9199981689453, 143.8699951171875, 136.47000122070312, 151.08999633789062, 150.52000427246094, 147.0, 147.74000549316406, 149.9499969482422, 156.75999450683594, 161.35000610351562, 164.44000244140625, 160.07000732421875, 174.74000549316406, 176.3800048828125, 175.8699951171875, 165.55999755859375, 179.05999755859375, 188.38999938964844, 180.3300018310547, 163.13999938964844, 152.25, 164.75, 164.13999938964844, 152.05999755859375, 159.00999450683594, 155.99000549316406, 152.6300048828125, 155.94000244140625, 156.14999389648438, 149.89999389648438, 146.10000610351562, 148.8000030517578, 154.92999267578125, 157.9600067138672, 164.0800018310547, 164.0, 168.9600067138672, 166.5399932861328, 168.1999969482422, 161.35000610351562, 170.8800048828125, 165.55999755859375, 171.02000427246094, 165.61000061035156, 163.69000244140625, 169.0800018310547]
assets:[0, 100.00204175796509, 212.01723517456054, 308.7605150985718, 413.3980969390869, 551.5864845581054, 644.8642479080199, 735.8087030273438, 797.9673911376954, 983.4598951629639, 1079.7552506484985, 1154.5086, 1260.3256648605345, 1379.1800919311522, 1541.812925971985, 1686.9627188140869, 1819.265523010254, 1870.9142526062012, 2142.382363348389, 2262.496874633789, 2355.954454589844, 2317.8399658203125, 2606.844974456787, 2842.673217790222, 2821.046482644653, 2652.1343420776366, 2575.0955999999996, 2886.5188500000004, 2975.8253609344483, 2856.8119981323243, 3087.3857563430784, 3128.753936178589, 3161.364239135742, 3329.927218133545, 3434.409810757446, 3396.943721685791, 3410.8361324920656, 3573.863593296814, 3821.100381359863, 3995.835309837342, 4250.656527435302, 4348.5912, 4580.117173997498, 4614.523441970826, 4760.514053627015, 4666.645551528931, 5042.275920080567, 4985.292978485108, 5249.69845914917, 5183.626141104126, 5223.528036907959, 5495.522759513855]
shares:[0, 0.8279, 1.5669, 2.3175, 3.057, 3.734, 4.4193, 5.1144, 5.8472, 6.5091, 7.1735, 7.8538, 8.5307, 9.1976, 9.8355, 10.4553, 11.0634, 11.6881, 12.2604, 12.8274, 13.396, 14.0, 14.5585, 15.0893, 15.6438, 16.2568, 16.9136, 17.5206, 18.1298, 18.7874, 19.4163, 20.0574, 20.7126, 21.3539, 21.9943, 22.6614, 23.3459, 24.0179, 24.6634, 25.2965, 25.906, 26.5158, 27.1077, 27.7082, 28.3027, 28.9225, 29.5077, 30.1117, 30.6964, 31.3002, 31.9111, 32.5025]
growth_rate:7.76
