ticker:PTICW
price:[1.840000033378601, 1.9199999570846558, 1.8799999952316284, 2.0, 1.3600000143051147, 1.2999999523162842, 1.399999976158142, 1.4600000381469727, 0.8830000162124634, 0.8899999856948853, 0.8999999761581421, 0.7200000286102295, 0.7400000095367432, 0.7599999904632568, 0.7990000247955322, 0.7900000214576721, 0.7649999856948853, 0.800000011920929, 0.7509999871253967, 0.8600000143051147, 0.9100000262260437, 0.9599999785423279, 1.0299999713897705, 1.0299999713897705, 1.059999942779541, 0.9900000095367432, 0.949999988079071, 0.8999999761581421, 1.0, 0.9700000286102295, 0.8299999833106995, 0.8299999833106995]
assets:[0, 99.99993376482725, 197.91662349801064, 310.5496, 311.17371527307034, 397.44547542178634, 528.0182510079026, 650.6475570001602, 493.5080909611345, 597.4204113975644, 704.1329813468457, 663.3064343574285, 781.7315700745582, 902.8593926706076, 1049.1903432597398, 1137.3721948928596, 1201.37938653481, 1356.3445002111077, 1373.2683628576756, 1672.5843578215242, 1869.82764988811, 2072.5653616745535, 2323.6899264550448, 2423.6899456773517, 2594.2827619565487, 2522.9623563038826, 2521.024468365312, 2488.338924081528, 2864.8211, 2878.8765679126977, 2563.368462456834, 2663.368437446076]
shares:[0, 52.0833, 105.2748, 155.2748, 228.8042, 305.7273, 377.1559, 445.649, 558.8993, 671.2589, 782.37, 921.2589, 1056.394, 1187.9729, 1313.1293, 1439.7116, 1570.4306, 1695.4306, 1828.5864, 1944.8655, 2054.7556, 2158.9223, 2256.0097, 2353.0971, 2447.4367, 2548.4468, 2653.71, 2764.8211, 2864.8211, 2967.9139, 3088.3958, 3208.8777]
growth_rate:-14.08
