ticker:PTIC
price:[10.300000190734863, 10.4399995803833, 10.5, 10.550000190734863, 10.390000343322754, 9.9399995803833, 10.029999732971191, 9.989999771118164, 9.949999809265137, 9.789999961853027, 9.8100004196167, 9.90999984741211, 9.949999809265137, 9.930000305175781, 9.850000381469727, 9.800000190734863, 9.876999855041504, 9.744999885559082, 9.800000190734863, 9.84000015258789, 9.84000015258789, 9.8100004196167, 9.779999732971191, 9.729999542236328, 9.710000038146973, 9.6899995803833, 9.770000457763672, 9.729999542236328, 9.699999809265137, 9.6899995803833, 9.729999542236328, 9.670000076293945, 9.739999771118164]
assets:[0, 99.99953598070145, 200.57415, 301.52955545139315, 396.9561971168518, 479.7640197467804, 584.1080674492836, 681.7785233797073, 779.0491650661469, 866.5217076235772, 968.2921674180984, 1078.1623973991393, 1182.5146923319817, 1280.1379053421022, 1369.8247780504228, 1462.871508471489, 1574.365133594036, 1653.3249865840912, 1762.6564543061256, 1869.8509489955902, 1969.8509345462799, 2063.8455462797165, 2157.5334670916554, 2246.503160309601, 2341.885968200397, 2437.0620264652252, 2557.1823338142394, 2646.7126364810943, 2738.55244615078, 2835.728958201313, 2947.4348133331296, 3029.2600029001233, 3151.187969949722]
shares:[0, 9.5785, 19.1023, 28.581, 38.2056, 48.266, 58.2361, 68.2461, 78.2964, 88.5109, 98.7046, 108.7954, 118.8457, 128.9162, 139.0685, 149.2726, 159.3971, 169.6588, 179.8629, 190.0255, 200.1881, 210.3818, 220.6067, 230.8842, 241.1829, 251.5028, 261.7382, 272.0157, 282.325, 292.6449, 302.9224, 313.2637, 323.5306]
growth_rate:-1.53
