ticker:PTICU
price:[10.170000076293945, 10.199999809265137, 10.5, 10.487000465393066, 10.630000114440918, 10.5, 10.510000228881836, 10.890000343322754, 10.710000038146973, 10.949999809265137, 11.050000190734863, 11.0, 10.529999732971191, 10.239999771118164, 10.319999694824219, 10.279999732971191, 10.239999771118164, 10.020000457763672, 10.220000267028809, 10.0600004196167, 10.180000305175781, 10.170000076293945, 10.0, 10.0600004196167, 10.0600004196167, 10.109999656677246, 10.010000228881836, 10.09000015258789, 10.0, 10.029999732971191, 10.029999732971191, 10.069999694824219, 9.982000350952148, 10.029999732971191, 10.029999732971191, 9.989999771118164, 9.960000038146973, 10.050000190734863, 9.975000381469727, 9.975000381469727, 9.899999618530273]
assets:[0, 99.99977813005448, 202.94085, 302.68944053277966, 406.81648237972263, 501.8412, 602.318654117012, 724.0957248281478, 812.127521892643, 930.326218794918, 1038.8226729311943, 1134.122, 1185.6642809329032, 1253.0104039930343, 1362.7993037002564, 1457.516866140175, 1551.845341313553, 1618.5046219413757, 1750.8097077452658, 1823.4002260565758, 1945.150684311676, 2043.239460328102, 2109.085, 2221.7400266718864, 2321.740454843044, 2433.2797723689077, 2509.211762373924, 2629.2653567615507, 2705.813, 2813.930467084694, 2913.93056742239, 3025.5515483093263, 3099.1116489601136, 3214.0141174332616, 3314.0142177709577, 3400.797720084, 3490.585597369003, 3622.1265987428665, 3695.0962488100054, 3795.0966251342775, 3866.561671012497]
shares:[0, 9.8039, 19.3277, 28.8633, 38.2706, 47.7944, 57.3091, 66.4918, 75.8289, 84.9613, 94.0111, 103.102, 112.5987, 122.3643, 132.0542, 141.7818, 151.5474, 161.5274, 171.3121, 181.2525, 191.0757, 200.9085, 210.9085, 220.8489, 230.7893, 240.6805, 250.6705, 260.5813, 270.5813, 280.5514, 290.5215, 300.452, 310.47, 320.4401, 330.4102, 340.4202, 350.4604, 360.4106, 370.4357, 380.4608, 390.5618]
growth_rate:-3.34
