ticker:PTMN
price:[12.5, 12.199999809265137, 12.699999809265137, 13.0, 13.399999618530273, 13.800000190734863, 13.5, 13.899999618530273, 12.600000381469727, 13.300000190734863, 14.399999618530273, 15.199999809265137, 16.299999237060547, 16.899999618530273, 16.700000762939453, 18.399999618530273, 16.899999618530273, 19.100000381469727, 18.700000762939453, 18.700000762939453, 19.700000762939453, 20.0, 19.899999618530273, 20.299999237060547, 20.100000381469727, 20.200000762939453, 20.200000762939453, 21.700000762939453, 21.100000381469727, 21.600000381469727, 21.700000762939453, 23.5, 23.899999618530273, 23.899999618530273, 23.799999237060547, 24.0, 24.299999237060547, 23.399999618530273, 23.600000381469727, 24.5, 24.100000381469727, 23.399999618530273, 23.5, 23.700000762939453, 23.700000762939453, 23.399999618530273, 23.299999237060547, 23.399999618530273, 24.399999618530273, 25.700000762939453, 23.899999618530273, 23.780000686645508]
assets:[0, 99.99973843660355, 204.0978869347572, 308.91900000000004, 418.42436808834077, 530.9149873379707, 619.37325, 737.7244097539902, 768.7285432735442, 911.4357130708694, 1086.8169312091827, 1247.1949443497658, 1437.4529227184294, 1590.366014101982, 1671.5448263645171, 1941.7022797445297, 1883.4120074872972, 2228.589954509926, 2281.9180830997466, 2381.9182071796417, 2609.2926810523986, 2749.0280000000002, 2835.2822956495284, 2992.272667540741, 3062.7918281274797, 3178.029760031891, 3278.0298638088225, 3621.4480273246763, 3621.3149954702376, 3807.12750723629, 3924.753277988434, 4350.30825, 4524.355967786407, 4624.355956190299, 4705.007569174957, 4844.5464, 5005.102432856369, 4919.728239797973, 5061.7776418184285, 5354.81065, 5367.385794958305, 5311.486353411484, 5434.184649999999, 5580.432989642715, 5680.432772861862, 5708.528186938857, 5784.131610603333, 5908.956203671455, 6261.476662108041, 6695.081498752595, 6326.164989027596, 6394.4017586378095]
shares:[0, 8.1967, 16.0707, 23.763, 31.2257, 38.4721, 45.8795, 53.0737, 61.0102, 68.529, 75.4734, 82.0523, 88.1873, 94.1045, 100.0925, 105.5273, 111.4445, 116.6801, 122.0277, 127.3753, 132.4514, 137.4514, 142.4765, 147.4026, 152.3777, 157.3282, 162.2787, 166.887, 171.6263, 176.2559, 180.8642, 185.1195, 189.3036, 193.4877, 197.6894, 201.8561, 205.9713, 210.2448, 214.4821, 218.5637, 222.7131, 226.9866, 231.2419, 235.4613, 239.6807, 243.9542, 248.246, 252.5195, 256.6179, 260.509, 264.6931, 268.8983]
growth_rate:25.38
