ticker:PTNR
price:[3.8299999237060547, 3.869999885559082, 3.890000104904175, 3.700000047683716, 3.8499999046325684, 3.890000104904175, 3.9000000953674316, 3.9800000190734863, 3.950000047683716, 4.0, 4.239999771118164, 5.079999923706055, 5.360000133514404, 4.849999904632568, 5.309999942779541, 5.389999866485596, 5.170000076293945, 5.349999904632568, 5.139999866485596, 5.0, 4.809999942779541, 4.659999847412109, 4.489999771118164, 4.619999885559082, 4.599999904632568, 5.0, 4.900000095367432, 4.880000114440918, 4.760000228881836, 4.929999828338623, 4.809999942779541, 4.730000019073486, 4.519999980926514, 4.369999885559082, 4.320000171661377, 4.639999866485596, 4.659999847412109, 4.710000038146973, 4.710000038146973, 4.550000190734863, 4.5, 4.920000076293945, 4.949999809265137, 4.5, 4.340000152587891, 4.199999809265137, 4.119999885559082, 4.230000019073486, 4.449999809265137, 4.300000190734863, 4.420000076293945, 4.650000095367432]
assets:[0, 100.00002304286957, 200.51666840746404, 290.722693746686, 402.5086350295544, 506.6904076642514, 607.992854867363, 720.4643794527053, 815.0339248389483, 925.3508, 1080.8717656528472, 1395.0065870491028, 1571.8966871550083, 1522.3320350657941, 1766.7182239618778, 1893.3355511006355, 1916.0568302753447, 2082.766732873249, 2101.0134954249856, 2143.7875, 2162.323449276686, 2194.8911501300813, 2214.8199030975343, 2378.9460490716933, 2468.647448819876, 2783.3125, 2827.6464850337507, 2916.105068385601, 2944.3976255796433, 3149.5545473332886, 3172.891931254816, 3220.120157984972, 3177.154994593048, 3171.7183859395027, 3235.4287045643805, 3575.0897371280194, 3690.499461157608, 3830.0971420205115, 3930.097036830425, 3896.5905883440973, 3953.77065, 4422.789296583748, 4549.7571796874045, 4236.1429499999995, 4185.5247911567685, 4150.507431512738, 4171.450032129955, 4382.823997762584, 4710.772023087979, 4651.982296347713, 4881.80477826519, 5235.835472382403]
shares:[0, 25.8398, 51.5467, 78.5737, 104.5477, 130.2546, 155.8956, 181.0212, 206.3377, 231.3377, 254.9226, 274.6076, 293.2643, 313.8829, 332.7153, 351.2682, 370.6106, 389.3022, 408.7575, 428.7575, 449.5475, 471.0067, 493.2784, 514.9234, 536.6625, 556.6625, 577.0707, 597.5625, 618.5709, 638.8549, 659.6449, 680.7865, 702.9104, 725.7937, 748.9418, 770.4935, 791.9527, 813.1841, 834.4155, 856.3935, 878.6157, 898.9409, 919.1429, 941.3651, 964.4066, 988.2161, 1012.4879, 1036.1286, 1058.6005, 1081.8563, 1104.4807, 1125.9861]
growth_rate:2.66
