ticker:PTOCU
price:[9.970000267028809, 9.949999809265137, 9.930000305175781, 9.949999809265137, 9.979999542236328, 9.989999771118164, 10.0, 9.920000076293945, 9.960000038146973, 10.0, 9.970999717712402, 9.90999984741211, 10.0, 9.920000076293945, 9.960000038146973, 9.9399995803833, 9.930000305175781, 9.949999809265137, 9.944999694824219, 9.960000038146973, 9.960000038146973, 9.90999984741211, 9.899999618530273, 9.850000381469727, 9.850000381469727, 9.850000381469727, 9.850000381469727]
assets:[0, 100.0004830830574, 199.79955014038086, 300.20243924531934, 401.1071596019745, 501.50897750988, 602.011, 697.1944693620682, 800.0061270640373, 903.219, 1000.5997926721573, 1094.4782211479187, 1204.4180000000001, 1294.782217958069, 1400.0035013620377, 1497.1925567960739, 1595.6865040397645, 1698.9007774332047, 1798.0469943244934, 1900.7594352799417, 2000.7598276629449, 2090.715640808487, 2188.6057856679918, 2277.5525482048033, 2377.5527070775984, 2477.552865950394, 2577.553024823189]
shares:[0, 10.0503, 20.1208, 30.1711, 40.1911, 50.2011, 60.2011, 70.2817, 80.3219, 90.3219, 100.351, 110.4418, 120.4418, 130.5224, 140.5626, 150.623, 160.6935, 170.7438, 180.7991, 190.8393, 200.8795, 210.9703, 221.0713, 231.2236, 241.3759, 251.5282, 261.6805]
growth_rate:-0.86
