ticker:PTON
price:[80.62999725341797, 84.04000091552734, 89.69999694824219, 97.7300033569336, 107.51000213623047, 123.0199966430664, 131.3300018310547, 122.52999877929688, 110.20999908447266, 125.45999908447266, 100.79000091552734, 110.9000015258789, 108.9800033569336, 114.44999694824219, 117.0999984741211, 139.83999633789062, 162.72000122070312, 151.72000122070312, 158.8800048828125, 157.80999755859375, 159.75, 146.1300048828125, 148.3000030517578, 154.6699981689453, 139.7100067138672, 120.47000122070312, 105.12999725341797, 111.55000305175781, 108.30999755859375, 106.41999816894531, 112.08999633789062, 118.5999984741211, 116.20999908447266, 101.06999969482422, 98.3499984741211, 83.80999755859375, 96.58000183105469, 100.9000015258789, 110.30999755859375, 103.01000213623047, 113.12000274658203, 109.12000274658203, 121.48999786376953, 121.5999984741211, 117.83999633789062, 110.54000091552734, 121.55000305175781, 118.05000305175781, 112.69000244140625, 110.87999725341797, 108.06999969482422, 104.33999633789062]
assets:[0, 99.99919708938599, 206.73158296661376, 325.2356781715393, 457.77758909606933, 623.8221009773255, 765.9559696792603, 814.6284438842773, 832.7247110824585, 1047.9548263526917, 941.8926375556946, 1136.370135635376, 1216.6963494781494, 1377.7605082626342, 1509.6648903282164, 1902.8307981689454, 2314.171313360596, 2257.7301661651613, 2464.2765397338867, 2547.6846005859375, 2679.0074999999997, 2550.5969442260744, 2688.4714353240965, 2903.944682621765, 2723.073769859314, 2448.070894805908, 2236.346327574158, 2472.9185526535034, 2501.0944636230465, 2557.453469996643, 2793.7086507263184, 3055.966160682678, 3094.3817506217956, 2791.240074571991, 2816.1243513084414, 2499.79241618042, 2980.6809905105592, 3214.008108604431, 3613.7444890197758, 3474.599479056549, 3915.614959072113, 3877.153729589081, 4416.67168033905, 4520.6745032730105, 4480.889428747559, 4303.300127641296, 4831.916496315002, 4792.782903900147, 4675.170131286622, 4700.081115575409, 4680.965580781555, 4619.402921868897]
shares:[0, 1.1899, 2.3047, 3.3279, 4.258, 5.0709, 5.8323, 6.6484, 7.5558, 8.3529, 9.3451, 10.2468, 11.1644, 12.0381, 12.8921, 13.6072, 14.2218, 14.8809, 15.5103, 16.144, 16.77, 17.4543, 18.1286, 18.7751, 19.4909, 20.321, 21.2722, 22.1687, 23.092, 24.0317, 24.9238, 25.767, 26.6275, 27.6169, 28.6337, 29.8269, 30.8623, 31.8534, 32.7599, 33.7307, 34.6147, 35.5311, 36.3542, 37.1766, 38.0252, 38.9298, 39.7525, 40.5996, 41.487, 42.3889, 43.3142, 44.2726]
growth_rate:-9.42
