ticker:PTPI
price:[3.309999942779541, 3.5999999046325684, 3.680000066757202, 4.400000095367432, 4.400000095367432, 4.489999771118164, 4.199999809265137, 3.75, 3.359999895095825, 3.890000104904175, 4.400000095367432, 3.740000009536743, 3.3299999237060547, 2.940000057220459, 3.380000114440918, 3.2100000381469727, 3.6500000953674316, 3.609999895095825, 3.130000114440918, 3.1600000858306885, 3.0899999141693115, 3.2200000286102295, 3.4000000953674316, 2.9600000381469727, 2.9800000190734863, 3.0299999713897705, 3.0199999809265137, 3.2699999809265137, 3.4600000381469727, 3.1500000953674316, 3.140000104904175, 3.1080000400543213, 3.0199999809265137, 3.180000066757202, 3.0399999618530273, 3.0299999713897705, 3.0199999809265137, 2.2699999809265137, 2.359999895095825, 2.319999933242798, 2.25]
assets:[0, 100.00007735090256, 202.22225966842174, 341.7876074080467, 441.78772957549097, 550.8241919212342, 615.2474720597268, 649.32825, 681.798074713254, 889.3434939835071, 1105.9413439706325, 1040.0502446520568, 1026.0339154924393, 1005.8678055769443, 1256.4058685397147, 1293.2136783682822, 1570.476781033516, 1653.2658759572028, 1533.4412050665856, 1648.1388087661028, 1711.6294384562013, 1883.6398027364494, 2088.936598593092, 1918.6036487259867, 2031.567035003042, 2165.6536955512047, 2258.506381735897, 2545.4687011526107, 2793.370480797291, 2643.0973550207614, 2734.7064753637314, 2806.8367009730814, 2827.3638461431506, 3077.157910598254, 3041.6853378318788, 3131.6798014296774, 3221.3442856548786, 2521.341642814636, 2721.306675035405, 2775.182760145068, 2791.448775]
shares:[0, 27.7778, 54.9517, 77.679, 100.4063, 122.678, 146.4875, 173.1542, 202.9161, 228.623, 251.3503, 278.0883, 308.1183, 342.1319, 371.7177, 402.8703, 430.2676, 457.9684, 489.9173, 521.5629, 553.9254, 584.9813, 614.3931, 648.1769, 681.7339, 714.7372, 747.8498, 778.4308, 807.3325, 839.0785, 870.9256, 903.1006, 936.2132, 967.6597, 1000.5544, 1033.5577, 1066.6703, 1110.7232, 1153.0961, 1196.1995, 1240.6439]
growth_rate:-30.21
