ticker:PTRA
price:[10.149999618530273, 10.3100004196167, 10.4399995803833, 11.510000228881836, 11.079999923706055, 11.949999809265137, 26.3799991607666, 25.649999618530273, 23.969999313354492, 24.940000534057617, 25.020000457763672, 24.010000228881836, 20.790000915527344, 16.610000610351562, 19.739999771118164, 17.170000076293945, 16.25, 18.3799991607666, 17.030000686645508, 15.579999923706055, 17.3799991607666, 16.18000030517578, 15.579999923706055, 13.960000038146973, 16.579999923706055, 18.149999618530273, 18.959999084472656, 19.010000228881836, 16.850000381469727, 16.709999084472656, 17.450000762939453, 17.049999237060547, 11.899999618530273, 10.920000076293945, 11.029999732971191, 10.960000038146973, 10.550000190734863, 9.069999694824219, 10.3100004196167, 10.300000190734863, 10.470000267028809]
assets:[0, 99.99978706998824, 201.2602239107132, 321.88751540088657, 409.8624931777954, 542.0448213483811, 1296.5822347515107, 1360.7016997634887, 1371.5801397096634, 1527.0837147005082, 1631.9820718585966, 1666.1019358825683, 1542.6596479339598, 1332.495773963928, 1683.5929964790344, 1564.401631951332, 1580.577375, 1887.7545738048552, 1849.1004445552826, 1791.6610412263872, 2098.65575466156, 2053.754944736481, 2077.5961058261873, 1961.5684653601645, 2429.7144308195116, 2759.789116995811, 2982.953903961182, 3090.820729213715, 2839.627779286766, 2916.0335332328796, 3145.170687511444, 3173.0747630138394, 2314.639175801277, 2224.0218155384064, 2346.425079194641, 2431.534096463108, 2440.5737441234587, 2198.1996840377806, 2598.7253027680395, 2696.204269928169, 2840.7047674498554]
shares:[0, 9.6993, 19.2778, 27.9659, 36.9912, 45.3594, 49.1502, 53.0488, 57.2207, 61.2303, 65.2271, 69.392, 74.202, 80.2225, 85.2884, 91.1125, 97.2663, 102.707, 108.579, 114.9975, 120.7512, 126.9317, 133.3502, 140.5135, 146.5449, 152.0545, 157.3288, 162.5892, 168.5239, 174.5083, 180.239, 186.1041, 194.5075, 203.665, 212.7312, 221.8553, 231.334, 242.3594, 252.0587, 261.7674, 271.3185]
growth_rate:-28.98
