ticker:PTRAW
price:[1.2100000381469727, 1.440000057220459, 1.5700000524520874, 1.9500000476837158, 2.819999933242798, 2.3010001182556152, 2.3399999141693115, 8.050000190734863, 8.699999809265137, 7.389999866485596, 7.949999809265137, 8.119999885559082, 8.449999809265137, 6.800000190734863, 5.0, 7.260000228881836, 6.150000095367432, 4.949999809265137, 6.210000038146973, 5.949999809265137, 4.610000133514404, 5.329999923706055, 5.289999961853027, 4.46999979019165, 3.7929999828338623, 4.71999979019165, 5.5, 6.199999809265137, 6.539999961853027, 5.550000190734863, 5.5, 5.4019999504089355, 4.96999979019165, 3.9700000286102295, 3.549999952316284, 3.549999952316284, 3.5999999046325684, 3.430000066757202, 2.369999885559082, 2.8299999237060547, 2.8499999046325684, 2.8861000537872314]
assets:[0, 99.99993997364045, 209.02776598340273, 359.62056879386904, 620.0666613213062, 605.9481323415756, 716.2182817292689, 2563.913790748787, 2870.9381670588496, 2538.6474871345044, 2831.0211670786857, 2991.5589898378375, 3213.136932472515, 2685.7199153324127, 2074.794, 3112.600952129173, 2736.707607437849, 2302.715656271076, 2988.8618403600694, 2963.72405999403, 2396.2637784003737, 2870.5172969112396, 2948.975016734505, 2591.8560703460694, 2299.3090035939217, 2961.2542363695147, 3550.6141, 4102.510113791656, 4427.486452175045, 3857.2706675614354, 3922.5202500000005, 3952.628238114357, 3736.534805262327, 3084.717018230343, 2858.3740516062257, 2958.3740002630234, 3100.0412778769496, 3053.6505124324085, 2209.95663728714, 2738.8934531621935, 2858.249514356518, 2994.454062546587]
shares:[0, 69.4444, 133.1387, 184.4208, 219.8818, 263.3412, 306.0762, 318.4986, 329.9929, 343.5247, 356.1033, 368.4186, 380.2529, 394.9588, 414.9588, 428.7329, 444.9931, 465.1951, 481.2982, 498.1049, 519.7969, 538.5586, 557.4622, 579.8336, 606.198, 627.3844, 645.5662, 661.6952, 676.9857, 695.0037, 713.1855, 731.6972, 751.8179, 777.0068, 805.1758, 833.3448, 861.1226, 890.2771, 932.4712, 967.8069, 1002.8946, 1037.5434]
growth_rate:-26.96
