ticker:PTRS
price:[5.960000038146973, 5.75, 6.0, 5.25, 5.300000190734863, 5.25, 5.300000190734863, 5.300000190734863, 5.019999980926514, 5.019999980926514, 5.400000095367432, 5.929999828338623, 6.5, 6.429999828338623, 6.630000114440918, 6.909999847412109, 6.550000190734863, 6.5, 6.519999980926514, 6.449999809265137, 6.550000190734863, 6.760000228881836, 6.849999904632568, 6.840000152587891, 7.0, 7.110000133514404, 7.539999961853027, 7.559999942779541, 7.429999828338623, 7.519999980926514, 7.590000152587891, 7.519999980926514, 7.75, 7.659999847412109, 7.599999904632568, 7.599999904632568, 8.199999809265137, 7.679999828338623, 7.849999904632568, 8.010000228881836, 8.020000457763672, 7.769999980926514, 8.050000190734863, 8.25, 8.5, 8.4399995803833, 8.5600004196167, 8.850000381469727, 8.569999694824219, 8.819999694824219, 8.829999923706055, 8.800000190734863]
assets:[0, 99.999975, 204.348, 278.8044, 381.4595637278557, 477.86077500000005, 582.4117209596634, 682.4115945584298, 746.3595411642075, 846.3594467842579, 1010.4264178447725, 1209.5978069846153, 1425.866, 1510.510482673979, 1657.4940616101264, 1827.4938786449432, 1832.2846083558081, 1918.29755, 2024.1998460784437, 2102.467737827301, 2235.0644250846863, 2406.7229974874494, 2538.7647746546745, 2635.0587587833406, 2796.6974, 2940.6455742206094, 3218.490453716755, 3327.0274548182488, 3369.8169821443557, 3510.6360390957357, 3643.314682244492, 3709.7137505908013, 3923.17555, 3977.615780765533, 4046.4595892236234, 4146.4596279687885, 4573.811473611545, 4383.764638015222, 4580.801504349137, 4774.1683964195245, 4880.128574546814, 4828.004484148407, 5101.987080885315, 5328.7443, 5590.22135, 5650.76033505764, 5831.103101844406, 6128.65181416893, 6034.750397103882, 6310.79357164383, 6417.948579546929, 6496.143420800113]
shares:[0, 17.3913, 34.058, 53.1056, 71.9735, 91.0211, 109.889, 128.7569, 148.6772, 168.5975, 187.116, 203.9794, 219.364, 234.9161, 249.9991, 264.4709, 279.7381, 295.1227, 310.4601, 325.964, 341.2312, 356.0241, 370.6226, 385.2425, 399.5282, 413.5929, 426.8555, 440.083, 453.542, 466.8399, 480.0151, 493.313, 506.2162, 519.271, 532.4289, 545.5868, 557.7819, 570.8027, 583.5416, 596.026, 608.4948, 621.3648, 633.7872, 645.9084, 657.6731, 669.5214, 681.2036, 692.503, 704.1716, 715.5095, 726.8345, 738.1981]
growth_rate:27.38
