ticker:PTSI
price:[18.600000381469727, 18.350000381469727, 21.270000457763672, 20.0, 19.375, 21.0, 21.575000762939453, 24.43000030517578, 19.799999237060547, 22.80500030517578, 23.68000030517578, 23.19499969482422, 23.079999923706055, 22.739999771118164, 23.450000762939453, 21.96500015258789, 22.104999542236328, 24.5, 25.25, 28.510000228881836, 28.295000076293945, 25.825000762939453, 27.8700008392334, 30.100000381469727, 29.649999618530273, 28.9950008392334, 29.934999465942383, 31.674999237060547, 30.235000610351562, 30.0, 31.649999618530273, 30.354999542236328, 30.40999984741211, 29.729999542236328, 28.959999084472656, 29.270000457763672, 28.645000457763672, 28.75, 29.020000457763672, 28.575000762939453, 29.325000762939453, 26.450000762939453, 26.024999618530273, 26.174999237060547, 27.170000076293945, 29.014999389648438, 30.03499984741211, 31.25, 32.44499969482422, 34.19499969482422, 32.36000061035156, 34.2400016784668]
assets:[0, 100.00016207885743, 215.9139016468048, 303.022, 393.55275, 526.5603, 640.978170166397, 825.7975283157348, 769.2913503574371, 986.044883695221, 1123.8788624839783, 1200.8608022003173, 1294.908011719513, 1375.831384152031, 1518.7885444133758, 1522.6094175773621, 1632.3149546970367, 1909.1698499999998, 2067.613925, 2434.560151544952, 2516.2007897846224, 2396.5497408004762, 2686.325279891777, 3001.2710380363465, 3056.4020156770707, 3088.8838314048767, 3289.024248321915, 3580.202991265488, 3517.4401955062863, 3590.1, 3887.556793144226, 3828.4939622650145, 3935.4310642532346, 3947.430419219971, 3945.191715278626, 4087.423848924637, 4100.14510802269, 4215.1755, 4354.761582692337, 4387.985689657212, 4603.1570997589115, 4251.866717643356, 4283.548377212524, 4408.236321510314, 4675.807578129768, 5093.322007858276, 5372.372436706542, 5689.7, 6007.272805995941, 6431.289538103485, 6186.167472679138, 6645.56317376976]
shares:[0, 5.4496, 10.1511, 15.1511, 20.3124, 25.0743, 29.7093, 33.8026, 38.8531, 43.2381, 47.4611, 51.7724, 56.1052, 60.5027, 64.7671, 69.3198, 73.8437, 77.9253, 81.8857, 85.3932, 88.9274, 92.7996, 96.3877, 99.71, 103.0827, 106.5316, 109.8722, 113.0293, 116.3367, 119.67, 122.8296, 126.124, 129.4124, 132.776, 136.229, 139.6455, 143.1365, 146.6148, 150.0607, 153.5603, 156.9704, 160.7511, 164.5936, 168.414, 172.0945, 175.541, 178.8704, 182.0704, 185.1525, 188.0769, 191.1671, 194.0877]
growth_rate:30.31
