ticker:PTVE
price:[11.859999656677246, 13.329999923706055, 12.979999542236328, 13.90999984741211, 14.40999984741211, 13.4399995803833, 12.510000228881836, 13.899999618530273, 14.609999656677246, 15.680000305175781, 16.68000030517578, 17.280000686645508, 18.5, 16.75, 18.260000228881836, 18.139999389648438, 16.1200008392334, 16.40999984741211, 15.880000114440918, 14.130000114440918, 14.779999732971191, 16.059999465942383, 16.350000381469727, 13.979999542236328, 14.869999885559082, 16.09000015258789, 15.970000267028809, 14.34000015258789, 13.880000114440918, 14.510000228881836, 14.3100004196167, 14.130000114440918, 14.720000267028809, 15.399999618530273, 14.710000038146973, 15.850000381469727, 14.84000015258789, 15.350000381469727, 15.319999694824219, 15.140000343322754, 15.960000038146973, 15.329999923706055, 15.239999771118164, 14.4399995803833, 14.100000381469727, 14.470000267028809, 13.869999885559082, 14.5, 13.789999961853027, 14.229999542236328, 13.760000228881836, 13.75]
assets:[0, 100.00032642765045, 197.3751710391998, 311.51722858276366, 422.71446352386477, 494.26001656847, 560.0589492467881, 722.2870701776504, 859.1804768099785, 1022.1055238929748, 1187.2907617225646, 1329.998452849388, 1523.89865, 1479.7452500000002, 1713.1440914735795, 1801.8860473724365, 1701.2355725690843, 1831.84007796669, 1872.6760094956398, 1766.3037083055497, 1947.556130813694, 2216.2221103019715, 2356.241064974594, 2114.6944167560578, 2349.3202039194107, 2642.0681290557864, 2722.36282651968, 2544.501099075317, 2562.878173130989, 2779.2048158393864, 2840.897126304531, 2905.1619355293274, 3126.4677047158243, 3370.89667650032, 3319.863133609295, 3677.1461984996795, 3542.828920428085, 3764.584523555374, 3857.2266271636963, 3911.9065967084885, 4223.780494095516, 4157.052942311288, 4232.647808432007, 4110.46140055275, 4113.677931293869, 4321.624749751091, 4242.427960995865, 4535.1273, 4413.061997792244, 4653.870122290039, 4600.1579645183565, 4696.814375]
shares:[0, 7.5019, 15.2061, 22.3952, 29.3348, 36.7753, 44.7689, 51.9631, 58.8077, 65.1853, 71.1805, 76.9675, 82.3729, 88.343, 93.8195, 99.3322, 105.5357, 111.6295, 117.9267, 125.0038, 131.7697, 137.9964, 144.1126, 151.2657, 157.9906, 164.2056, 170.4673, 177.4408, 184.6454, 191.5372, 198.5253, 205.6024, 212.3959, 218.8894, 225.6875, 231.9966, 238.7351, 245.2498, 251.7772, 258.3822, 264.6479, 271.1711, 277.7328, 284.658, 291.7502, 298.661, 305.8708, 312.7674, 320.019, 327.0464, 334.3138, 341.5865]
growth_rate:-7.91
