ticker:PUBM
price:[25.049999237060547, 25.43000030517578, 30.440000534057617, 27.959999084472656, 26.309999465942383, 27.8799991607666, 37.72999954223633, 39.75, 55.470001220703125, 49.790000915527344, 46.709999084472656, 64.80999755859375, 48.540000915527344, 57.31999969482422, 46.77000045776367, 50.4900016784668, 58.0, 57.119998931884766, 55.0099983215332, 53.83000183105469, 51.470001220703125, 44.619998931884766, 33.83000183105469, 34.599998474121094, 29.56999969482422, 27.350000381469727, 32.650001525878906, 33.709999084472656, 42.459999084472656, 35.70000076293945, 35.40999984741211, 31.700000762939453, 32.439998626708984, 29.709999084472656, 31.969999313354492, 29.65999984741211, 26.59000015258789, 26.90999984741211, 27.469999313354492, 29.149999618530273]
assets:[0, 100.00093320007323, 219.70374785461425, 301.8030261177063, 383.9918112054825, 506.9057807413101, 785.9951234638214, 928.07505, 1395.103812701416, 1352.246634864807, 1368.5983021751404, 1998.9282736999512, 1597.116504123688, 1986.0061534263612, 1720.4718828392029, 1957.315601068115, 2348.4489999999996, 2412.817298881531, 2423.691017048264, 2471.701428076172, 2463.338817422485, 2235.497642486572, 1794.9116411499024, 1935.766114631653, 1754.352597894287, 1722.642509026909, 2156.464035781097, 2326.4753608154297, 3030.35315065918, 2647.894046587753, 2726.3858562515256, 2540.7360411491395, 2700.045965698242, 2572.8235297172546, 2868.5337643901826, 2761.2659037944795, 2575.456893779373, 2706.451706653595, 2862.772243441582, 3137.851708936691]
shares:[0, 3.9324, 7.2176, 10.7941, 14.5949, 18.1817, 20.8321, 23.3478, 25.1506, 27.159, 29.2999, 30.8429, 32.9031, 34.6477, 36.7858, 38.7664, 40.4905, 42.2412, 44.0591, 45.9168, 47.8597, 50.1008, 53.0568, 55.947, 59.3288, 62.9851, 66.0479, 69.0144, 71.3696, 74.1707, 76.9948, 80.1494, 83.232, 86.5979, 89.7258, 93.0973, 96.8581, 100.5742, 104.2145, 107.645]
growth_rate:-19.54
