ticker:PUCKU
price:[10.649999618530273, 10.710000038146973, 10.4399995803833, 10.270000457763672, 10.1899995803833, 10.100000381469727, 10.079999923706055, 10.0600004196167, 10.289999961853027, 10.300000190734863, 10.149999618530273, 10.149999618530273, 10.170000076293945, 10.140000343322754, 10.09000015258789, 10.15999984741211, 10.1899995803833, 10.300000190734863, 10.229999542236328, 10.260000228881836, 10.300000190734863, 10.34000015258789, 10.369999885559082, 10.319999694824219, 10.350000381469727, 10.319999694824219, 10.1899995803833, 10.25100040435791, 10.130000114440918, 10.130000114440918, 10.149999618530273]
assets:[0, 100.00034135618209, 197.47885606269838, 294.26324211616515, 391.97056185894013, 488.5087384506225, 587.5410195529937, 686.3757206296921, 802.0684530265808, 902.8475467188836, 989.699057803917, 1089.6988840456008, 1191.845699941063, 1288.3296316205979, 1381.9768708992005, 1491.5641775989534, 1595.967924279213, 1713.1959417248727, 1801.5530463855741, 1906.8364325380323, 2014.270097300148, 2122.0927073158264, 2228.2495774095532, 2317.5055714683535, 2424.242294350243, 2517.215109562683, 2585.505536530781, 2700.982791342163, 2769.1013762831685, 2869.1016984128955, 2974.7659481987]
shares:[0, 9.3371, 18.9156, 28.6527, 38.4662, 48.3672, 58.2878, 68.2282, 77.9464, 87.6551, 97.5073, 107.3595, 117.1923, 127.0542, 136.965, 146.8075, 156.621, 166.3297, 176.1049, 185.8515, 195.5602, 205.2314, 214.8746, 224.5645, 234.2263, 243.9162, 253.7297, 263.4848, 273.3565, 283.2282, 293.0804]
growth_rate:-0.84
