ticker:PUCK
price:[9.600000381469727, 9.640000343322754, 9.720000267028809, 9.710000038146973, 9.729999542236328, 9.670000076293945, 9.6899995803833, 9.649999618530273, 9.640000343322754, 9.630000114440918, 9.654999732971191, 9.640000343322754, 9.630000114440918, 9.649999618530273, 9.619999885559082, 9.65999984741211, 9.65999984741211, 9.619999885559082, 9.720000267028809, 9.630000114440918, 9.600000381469727, 9.6899995803833, 9.649999618530273, 9.59000015258789, 9.65999984741211]
assets:[0, 99.99957956142426, 200.82978551721573, 300.6235431810379, 401.24280212287897, 498.7689339351654, 599.8003150261878, 697.3244124343872, 796.6014283704758, 895.7749066452026, 998.1000798954963, 1096.5490750529289, 1195.4113972060204, 1297.8940686935425, 1393.8590994184492, 1499.6550843116759, 1599.6554027320863, 1693.0314758594513, 1810.6309577418326, 1893.8656755063055, 1987.9661589946747, 2106.6030017754556, 2197.90707311554, 2284.2411773448944, 2400.9147160755156]
shares:[0, 10.3734, 20.6615, 30.9602, 41.2377, 51.579, 61.8989, 72.2616, 82.635, 93.0192, 103.3765, 113.7499, 124.1341, 134.4968, 144.8918, 155.2438, 165.5958, 175.9908, 186.2789, 196.6631, 207.0798, 217.3997, 227.7624, 238.1899, 248.5419]
growth_rate:0.04
