ticker:PUI
price:[30.229999542236328, 29.440000534057617, 29.15999984741211, 29.18000030517578, 30.030000686645508, 31.200000762939453, 31.43000030517578, 32.2400016784668, 30.829999923706055, 31.389999389648438, 32.83000183105469, 31.690000534057617, 32.25, 31.829999923706055, 31.59000015258789, 31.65999984741211, 31.09000015258789, 31.729999542236328, 31.450000762939453, 32.09000015258789, 31.739999771118164, 31.350000381469727, 32.150001525878906, 32.0, 31.889999389648438, 30.270000457763672, 31.260000228881836, 32.540000915527344, 32.45000076293945, 32.900001525878906, 33.130001068115234, 33.310001373291016, 34.33000183105469, 34.29999923706055, 34.279998779296875, 34.40999984741211, 34.20000076293945, 34.06999969482422, 33.810001373291016, 34.150001525878906, 34.66999816894531, 33.33000183105469, 33.709999084472656, 33.59000015258789, 33.7400016784668, 33.970001220703125, 33.86000061035156, 33.849998474121094, 34.5099983215332, 34.7400016784668, 34.70000076293945, 34.59000015258789]
assets:[0, 99.9988498140335, 199.0490749584198, 299.1854611289978, 407.9005023267746, 523.7918528083801, 627.6539630943298, 743.8284227249145, 811.2976139923096, 926.0332329940796, 1068.5147865951537, 1131.4122440671922, 1251.406425, 1335.1093467998505, 1425.0438608833313, 1528.2028646347046, 1600.6904208560943, 1733.641503989029, 1818.3446941108705, 1955.3463972976685, 2034.019797332382, 2109.027385662842, 2262.845707397461, 2352.288, 2444.2026252197265, 2420.038104597473, 2599.1877430309296, 2805.6151489372255, 2897.8564581321716, 3038.0420709022524, 3159.2802148555757, 3276.4450170799255, 3476.7743684402462, 3573.7375005088807, 3671.6552532531737, 3785.5782822132114, 3862.4762661647796, 3947.7930746383668, 4017.6661301891327, 4158.070035789489, 4321.382982771301, 4254.361421722412, 4402.866351422882, 4487.194068383789, 4607.230969196319, 4738.638526281738, 4823.292752943421, 4921.867633133697, 5117.832751083374, 5251.9413437480935, 5345.892527538682, 5428.945490948868]
shares:[0, 3.3967, 6.8261, 10.2531, 13.5831, 16.7882, 19.9699, 23.0716, 26.3152, 29.5009, 32.5469, 35.7025, 38.8033, 41.945, 45.1106, 48.2692, 51.4857, 54.6373, 57.817, 60.9332, 64.0838, 67.2736, 70.384, 73.509, 76.6448, 79.9484, 83.1474, 86.2205, 89.3022, 92.3417, 95.3601, 98.3622, 101.2751, 104.1906, 107.1078, 110.0139, 112.9379, 115.873, 118.8307, 121.759, 124.6433, 127.6436, 130.6101, 133.5872, 136.551, 139.4948, 142.4481, 145.4023, 148.3, 151.1785, 154.0603, 156.9513]
growth_rate:6.45
