ticker:PULM
price:[0.9800000190734863, 1.059999942779541, 1.2699999809265137, 1.0700000524520874, 1.149999976158142, 1.190000057220459, 1.190000057220459, 1.1299999952316284, 1.1200000047683716, 1.149999976158142, 1.1399999856948853, 1.090000033378601, 1.2799999713897705, 1.3200000524520874, 1.2799999713897705, 1.1699999570846558, 1.2300000190734863, 1.190000057220459, 1.3300000429153442, 1.2699999809265137, 1.649999976158142, 1.409999966621399, 1.6399999856948853, 2.0199999809265137, 1.9199999570846558, 1.5399999618530273, 1.2599999904632568, 1.5099999904632568, 1.440000057220459, 1.3899999856948853, 1.4199999570846558, 1.2899999618530273, 0.9700000286102295, 0.9950000047683716, 0.949999988079071, 0.8939999938011169, 0.8730000257492065, 1.0, 0.9309999942779541, 0.9700000286102295, 1.1399999856948853, 1.0299999713897705, 1.0399999618530273, 1.0099999904632568, 0.9480000138282776, 0.8349999785423279, 0.8899999856948853, 0.8450000286102295, 0.8379999995231628, 0.7799999713897705, 0.7879999876022339, 0.8180000185966492]
assets:[0, 99.9999706018448, 219.8113426987648, 285.1953529804587, 406.5183215720415, 520.6581070355415, 620.6580958439828, 689.3644070910216, 783.2638273347259, 904.2440612531663, 996.3810774970651, 1052.6801762357711, 1336.174818134165, 1477.9304027276753, 1533.1445417315483, 1501.3899259293437, 1678.384349026537, 1723.8027858880519, 2026.603126392758, 2035.177382434702, 2744.1281603484153, 2444.9822421205045, 2943.809158322239, 3725.9113768187526, 3641.46020660702, 3020.7545851736068, 2571.5265465365173, 3181.750122904944, 3134.251852543974, 3125.4234468348623, 3292.878512482381, 3091.4178285827634, 2424.554647512436, 2587.0430958979723, 2570.0411427502336, 2518.5439727367343, 2559.383603889227, 3031.7108, 2922.5227502377984, 3144.948642760515, 3796.1250543649076, 3529.8322529521224, 3664.1023856015204, 3658.407219456148, 3533.8317803472637, 3212.604885943085, 3524.21366635474, 3446.0232621763466, 3517.4761707984926, 3374.0230222415685, 3508.6284931980254, 3742.2058716763913]
shares:[0, 94.3396, 173.0798, 266.5377, 353.4942, 437.5278, 521.5614, 610.057, 699.3427, 786.2992, 874.0185, 965.7616, 1043.8866, 1119.6442, 1197.7692, 1283.2393, 1364.5401, 1448.5737, 1523.7617, 1602.5019, 1663.108, 1734.03, 1795.0056, 1844.5106, 1896.5939, 1961.529, 2040.8941, 2107.1193, 2176.5637, 2248.5061, 2318.9286, 2396.448, 2499.5408, 2600.0433, 2705.3065, 2817.1633, 2931.7108, 3031.7108, 3139.1222, 3242.215, 3329.9343, 3427.0217, 3523.1755, 3622.1854, 3727.6706, 3847.4311, 3959.7907, 4078.1339, 4197.4656, 4325.6707, 4452.5743, 4574.8237]
growth_rate:-26.62
