ticker:PUYI
price:[6.150000095367432, 6.099999904632568, 6.110000133514404, 6.010000228881836, 5.980000019073486, 6.050000190734863, 5.78000020980835, 5.64900016784668, 5.550000190734863, 5.349999904632568, 5.829999923706055, 5.900000095367432, 5.949999809265137, 6.059999942779541, 6.0, 6.0, 5.980000019073486, 6.170000076293945, 6.0, 6.199999809265137, 6.019999980926514, 6.0, 6.150000095367432, 6.105000019073486, 7.260000228881836, 6.059999942779541, 5.940000057220459, 5.909999847412109, 5.559999942779541, 5.230000019073486, 4.510000228881836, 4.139999866485596, 4.25, 5.010000228881836, 5.090000152587891, 5.409999847412109, 5.47599983215332, 5.216000080108643, 5.5, 5.559999942779541, 5.789999961853027, 5.75, 5.320000171661377, 5.394000053405762, 5.150000095367432, 4.989999771118164, 5.050000190734863, 4.960000038146973, 5.190000057220459, 5.138999938964844, 4.920000076293945, 5.050000190734863]
assets:[0, 99.99973843660355, 200.16360437393186, 296.8874003065109, 395.4053752611637, 500.0337257642746, 577.7179569705963, 664.6240763477326, 752.976295877266, 825.8420352787972, 999.9365179143906, 1111.9429279734134, 1221.3659808475495, 1343.94618531003, 1430.6399999999999, 1530.6401999999998, 1625.5380231847284, 1777.1858439754487, 1828.2198, 1989.160198806095, 2031.410465563774, 2124.6618, 2277.7786103212834, 2361.11180987668, 2907.8086876728057, 2527.1793541375637, 2577.136146825743, 2664.1203692161557, 2606.3467171769144, 2551.653726305723, 2300.3743247436523, 2211.6516846745494, 2370.4154000000003, 2894.301681226158, 3040.518208148575, 3331.670502030945, 3472.315613168907, 3407.450634732485, 3692.97885, 3833.265788550138, 4091.8363980412482, 4163.5680999999995, 3952.205783526516, 4107.179891265011, 4021.389934467888, 3996.453391690254, 4144.507381535053, 4170.644800076104, 4464.041533216668, 4520.174927714538, 4427.546444657516, 4644.534665420722]
shares:[0, 16.3934, 32.76, 49.3989, 66.1213, 82.6502, 99.9512, 117.6534, 135.6714, 154.363, 171.5157, 188.4649, 205.2716, 221.7733, 238.44, 255.1067, 271.8291, 288.0366, 304.7033, 320.8323, 337.4436, 354.1103, 370.3705, 386.7505, 400.5246, 417.0263, 433.8613, 450.7818, 468.7674, 487.8879, 510.0608, 534.2154, 557.7448, 577.7049, 597.3513, 615.8356, 634.0971, 653.2689, 671.4507, 689.4363, 706.7075, 724.0988, 742.8958, 761.4349, 780.8524, 800.8925, 820.6945, 840.8558, 860.1236, 879.5826, 899.9078, 919.7098]
growth_rate:-8.93
