ticker:PVAC
price:[10.210000038146973, 8.979999542236328, 10.350000381469727, 9.289999961853027, 9.890000343322754, 10.039999961853027, 9.670000076293945, 9.210000038146973, 7.679999828338623, 6.460000038146973, 8.34000015258789, 8.989999771118164, 9.970000267028809, 9.75, 10.220000267028809, 11.630000114440918, 10.680000305175781, 10.149999618530273, 12.850000381469727, 12.350000381469727, 11.220000267028809, 10.039999961853027, 11.210000038146973, 12.770000457763672, 13.789999961853027, 14.640000343322754, 18.579999923706055, 18.18000030517578, 16.170000076293945, 14.149999618530273, 14.229999542236328, 12.760000228881836, 12.029999732971191, 12.529999732971191, 13.630000114440918, 16.969999313354492, 17.479999542236328, 18.229999542236328, 19.280000686645508, 23.989999771118164, 24.5, 22.850000381469727, 25.219999313354492, 25.520000457763672, 23.020000457763672, 18.540000915527344, 17.600000381469727, 18.489999771118164, 15.6899995803833, 17.200000762939453, 16.020000457763672, 21.139999389648438]
assets:[0, 100.00037690238952, 215.25620293369292, 293.21097879600524, 412.14796230735783, 518.3993340303422, 599.2953537282943, 670.7873277783393, 659.3533292623043, 654.6124758655549, 945.1188412918091, 1118.7794005163194, 1340.7377199092866, 1411.1526, 1579.1770672608377, 1897.0484026672364, 1842.087520636749, 1850.6727754457474, 2442.970112522888, 2447.913335611725, 2323.934701308155, 2179.5283717188836, 2533.5171796214104, 2986.085827041626, 3324.597994803238, 3629.5225331159595, 4706.319554674721, 4704.998622979736, 4284.809087216759, 3849.538526220322, 3971.302580247498, 3661.0558816699986, 3551.607197165298, 3799.2212190341947, 4232.752919539261, 5369.97979471817, 5631.363644526672, 5972.984607015609, 6417.01275653801, 8084.653912866592, 8356.5237, 7893.73828178215, 8812.475562069512, 9017.303313747407, 8233.94569573593, 6731.509094409943, 6490.213100671577, 6918.410610359191, 5970.733631317425, 6645.356174767684, 6289.4537817180635, 8399.566527488709]
shares:[0, 11.1359, 20.7977, 31.562, 41.6732, 51.6334, 61.9747, 72.8325, 85.8533, 101.3332, 113.3236, 124.4471, 134.4772, 144.7336, 154.5183, 163.1168, 172.4801, 182.3323, 190.1144, 198.2116, 207.1243, 217.0845, 226.0051, 233.836, 241.0876, 247.9182, 253.3003, 258.8008, 264.9851, 272.0522, 279.0796, 286.9166, 295.2292, 303.21, 310.5468, 316.4396, 322.1604, 327.6459, 332.8326, 337.001, 341.0826, 345.459, 349.4241, 353.3426, 357.6866, 363.0803, 368.7621, 374.1704, 380.5439, 386.3579, 392.6001, 397.3305]
growth_rate:64.7
