ticker:PVBC
price:[8.300000190734863, 8.119999885559082, 7.96999979019165, 7.630000114440918, 8.100000381469727, 8.1899995803833, 8.109999656677246, 8.65999984741211, 8.619999885559082, 8.84000015258789, 9.680000305175781, 10.170000076293945, 10.199999809265137, 10.649999618530273, 11.789999961853027, 11.800000190734863, 12.09000015258789, 12.0, 12.220000267028809, 11.90999984741211, 12.140000343322754, 11.529999732971191, 12.100000381469727, 12.420000076293945, 12.430000305175781, 12.25, 13.239999771118164, 14.630000114440918, 14.289999961853027, 14.350000381469727, 14.729999542236328, 14.850000381469727, 15.479999542236328, 15.430000305175781, 16.3700008392334, 16.579999923706055, 16.700000762939453, 17.270000457763672, 16.8799991607666, 16.540000915527344, 16.479999542236328, 16.350000381469727, 16.450000762939453, 16.34000015258789, 16.200000762939453, 16.110000610351562, 16.18000030517578, 15.779999732971191, 16.190000534057617, 16.860000610351562, 16.469999313354492, 16.520000457763672]
assets:[0, 100.00023459062577, 198.15332278366088, 289.7004223451614, 407.5458491933823, 512.0739907637596, 607.072402300644, 748.2421728160858, 844.7858487844467, 966.3463846801758, 1158.1713805130005, 1316.7973718784333, 1420.6814734339714, 1583.3588732860565, 1852.8456540050506, 1954.4175115911485, 2102.449817535019, 2186.7984, 2326.889680846691, 2367.8604176635745, 2513.5870710849763, 2487.2861323957445, 2710.2488354444504, 2881.9243977031706, 2984.2454362678527, 3041.03065, 3386.7959134519574, 3842.358858056259, 3853.0627047142984, 3969.2402405153275, 4174.349300273896, 4308.356360673904, 4591.134116234207, 4676.305386488342, 5061.186824469567, 5226.113797951698, 5363.938375051498, 5647.019010681534, 5619.495200612068, 5606.306086322022, 5685.96899406128, 5741.116243948745, 5876.2297925354005, 5936.936439440919, 5986.068761914063, 6052.812376319885, 6179.112992546081, 6126.35293032999, 6385.530490638733, 6749.786596350098, 6693.651476937103, 6813.973200812912]
shares:[0, 12.3153, 24.8624, 37.9686, 50.3143, 62.5243, 74.8548, 86.4021, 98.003, 109.3152, 119.6458, 129.4786, 139.2825, 148.6722, 157.154, 165.6286, 173.8999, 182.2332, 190.4165, 198.8128, 207.05, 215.723, 223.9875, 232.039, 240.0841, 248.2474, 255.8003, 262.6356, 269.6335, 276.6021, 283.391, 290.125, 296.5849, 303.0658, 309.1745, 315.2059, 321.1939, 326.9843, 332.9085, 338.9544, 345.0224, 351.1386, 357.2176, 363.3376, 369.5104, 375.7177, 381.8982, 388.2353, 394.412, 400.3432, 406.4148, 412.4681]
growth_rate:33.61
