ticker:PWFL
price:[5.349999904632568, 5.329999923706055, 5.960000038146973, 5.539999961853027, 5.449999809265137, 6.260000228881836, 6.400000095367432, 6.78000020980835, 6.050000190734863, 6.019999980926514, 6.960000038146973, 7.230000019073486, 6.929999828338623, 6.980000019073486, 6.699999809265137, 7.829999923706055, 7.46999979019165, 7.429999828338623, 8.449999809265137, 8.59000015258789, 8.40999984741211, 7.099999904632568, 7.679999828338623, 7.960000038146973, 7.900000095367432, 7.869999885559082, 8.6899995803833, 8.880000114440918, 8.630000114440918, 8.9399995803833, 8.59000015258789, 8.079999923706055, 8.239999771118164, 7.920000076293945, 7.559999942779541, 6.760000228881836, 6.510000228881836, 6.960000038146973, 6.739999771118164, 6.889999866485596, 6.889999866485596, 7.079999923706055, 7.269999980926514, 6.980000019073486, 6.869999885559082, 6.880000114440918, 7.139999866485596, 6.809999942779541, 7.070000171661377, 6.889999866485596, 6.739999771118164, 7.059999942779541]
assets:[0, 99.9998595685959, 211.81959335575104, 296.892475955677, 392.06917127866745, 550.3397821218491, 662.64768987422, 801.99266481781, 815.642270714283, 911.5977611117363, 1153.9401663246153, 1298.7053824261188, 1344.8170556878567, 1454.5196259746076, 1496.1722674071314, 1848.511862988472, 1863.5229196596147, 1953.544592865658, 2321.7295525935174, 2460.1958007015232, 2508.6432434841154, 2217.87951020937, 2499.0581201416967, 2690.169572892189, 2769.8917134376525, 2859.3732174206734, 3257.3003507137296, 3428.5192041850087, 3431.995705511093, 3655.277066432285, 3612.1732331645962, 3497.7131909734726, 3666.974586142731, 3624.5682349157332, 3559.8149730563164, 3283.1151151605604, 3261.6982536764144, 3587.161051660824, 3573.7736686391836, 3753.308824268389, 3853.3089043305877, 4059.5685882541657, 4268.512150801182, 4198.241067472077, 4232.079313501739, 4338.2398001616475, 4602.184731941462, 4489.478842277527, 4760.883676595449, 4739.672937154627, 4736.486985154915, 5061.364790978241]
shares:[0, 18.7617, 35.5402, 53.5907, 71.9393, 87.9137, 103.5387, 118.288, 134.8169, 151.4282, 165.796, 179.6273, 194.0573, 208.3839, 223.3093, 236.0807, 249.4676, 262.9266, 274.7609, 286.4023, 298.2929, 312.3774, 325.3982, 337.961, 350.6192, 363.3257, 374.8332, 386.0945, 397.682, 408.8677, 420.5091, 432.8853, 445.0212, 457.6475, 470.875, 485.6679, 501.0289, 515.3967, 530.2335, 544.7473, 559.2611, 573.3854, 587.1406, 601.4672, 616.0232, 630.5581, 644.5637, 659.248, 673.3923, 687.9061, 702.7429, 716.9072]
growth_rate:-0.76
