ticker:PWOD
price:[21.420000076293945, 20.260000228881836, 20.860000610351562, 20.139999389648438, 20.440000534057617, 21.690000534057617, 22.75, 21.860000610351562, 20.65999984741211, 21.540000915527344, 24.989999771118164, 25.200000762939453, 25.989999771118164, 27.209999084472656, 26.479999542236328, 27.1299991607666, 26.0, 26.010000228881836, 24.860000610351562, 23.809999465942383, 23.43000030517578, 21.540000915527344, 22.969999313354492, 23.09000015258789, 22.799999237060547, 23.829999923706055, 27.6200008392334, 27.149999618530273, 24.670000076293945, 24.579999923706055, 24.549999237060547, 24.229999542236328, 23.420000076293945, 23.540000915527344, 24.0, 24.170000076293945, 24.979999542236328, 25.8799991607666, 25.610000610351562, 26.510000228881836, 24.709999084472656, 23.639999389648438, 24.190000534057617, 24.09000015258789, 23.360000610351562, 23.549999237060547, 23.489999771118164, 23.510000228881836, 24.309999465942383, 23.829999923706055, 23.670000076293945, 23.84000015258789]
assets:[0, 99.99930912971497, 202.9615479385376, 295.95527703094484, 400.36442246074677, 524.848125922966, 650.497575, 725.0503142440797, 785.249406200409, 918.6961170478821, 1165.840966322136, 1275.639158620453, 1415.6285055332185, 1582.0791397682192, 1639.6336276554107, 1779.8825859415053, 1805.7494, 1906.4445827762604, 1922.1528731918336, 1940.9673464641573, 2009.9894361801148, 1947.85151279068, 2177.165444917679, 2288.539966123581, 2359.797641035843, 2566.4028207834244, 3074.5728714208603, 3122.2526711309433, 2937.052321083069, 3026.3362926065442, 3122.6420629577638, 3181.9392688854223, 3175.569334344864, 3291.840790027619, 3456.168, 3580.6501593025205, 3800.646978352356, 4037.5800770698543, 4095.456540605164, 4339.382172465324, 4144.741580433655, 4065.2643150405884, 4259.844580047226, 4342.234572504043, 4310.651280628967, 4445.712335974121, 4534.385058817863, 4638.245627155685, 4896.075219439888, 4899.40270731411, 4966.508059008217, 5102.177232656479]
shares:[0, 4.9358, 9.7297, 14.6949, 19.5873, 24.1977, 28.5933, 33.1679, 38.0082, 42.6507, 46.6523, 50.6206, 54.4682, 58.1433, 61.9197, 65.6057, 69.4519, 73.2966, 77.3191, 81.519, 85.787, 90.4295, 94.783, 99.1139, 103.4999, 107.6963, 111.3169, 115.0001, 119.0536, 123.1219, 127.1952, 131.3223, 135.5922, 139.8403, 144.007, 148.1444, 152.1476, 156.0116, 159.9163, 163.6885, 167.7354, 171.9655, 176.0994, 180.2505, 184.5313, 188.7776, 193.0347, 197.2882, 201.4017, 205.5981, 209.8229, 214.0175]
growth_rate:0.04
