ticker:PWP
price:[10.0, 10.329999923706055, 10.420000076293945, 10.300000190734863, 10.890000343322754, 11.300000190734863, 10.970000267028809, 12.239999771118164, 12.5, 11.510000228881836, 11.449999809265137, 11.100000381469727, 11.239999771118164, 10.600000381469727, 10.210000038146973, 10.970000267028809, 11.010000228881836, 11.170000076293945, 11.09000015258789, 10.920000076293945, 11.0, 11.170000076293945, 11.329999923706055, 11.600000381469727, 11.109999656677246, 11.949999809265137, 12.65999984741211, 12.729999542236328, 12.600000381469727, 12.0, 13.0, 13.220000267028809, 13.0, 12.65999984741211, 12.670000076293945, 12.1899995803833, 12.489999771118164, 13.949999809265137, 13.569999694824219, 13.90999984741211, 13.949999809265137, 13.970000267028809]
assets:[0, 99.99956426143646, 200.8705094707489, 298.5568355286598, 415.6582451042175, 531.3079289680481, 615.7921889894485, 787.0821692819596, 903.8012500000001, 932.2202405376433, 1027.360392886162, 1095.9563176643373, 1209.7791593650818, 1240.8954046569825, 1295.239583839321, 1491.653465309429, 1597.093017201233, 1720.3028817501067, 1807.9816538761138, 1880.2667651367187, 1994.0415, 2124.8590615133285, 2255.295400813294, 2409.0405192220687, 2407.2791736099243, 2689.2877070760724, 2949.069738455582, 3065.3762517707823, 3134.0724348852154, 3084.8304000000003, 3441.8995, 3600.147148718834, 3640.2353000000003, 3645.029176067352, 3747.9089215684894, 3705.9195614310265, 3897.123483584404, 4452.672539119721, 4431.381104342651, 4642.410982074356, 4755.761394975662, 4862.579902945518]
shares:[0, 9.6805, 19.2774, 28.9861, 38.1688, 47.0184, 56.1342, 64.3041, 72.3041, 80.9922, 89.7258, 98.7348, 107.6316, 117.0656, 126.8599, 135.9757, 145.0584, 154.011, 163.0281, 172.1856, 181.2765, 190.2291, 199.0552, 207.6759, 216.6768, 225.045, 232.9439, 240.7994, 248.7359, 257.0692, 264.7615, 272.3258, 280.0181, 287.917, 295.8097, 304.0131, 312.0195, 319.188, 326.5572, 333.7463, 340.9148, 348.073]
growth_rate:18.6
