ticker:PXI
price:[14.859999656677246, 13.449999809265137, 14.170000076293945, 12.710000038146973, 12.630000114440918, 13.430000305175781, 13.079999923706055, 13.470000267028809, 12.34000015258789, 12.329999923706055, 14.539999961853027, 15.5, 17.09000015258789, 17.969999313354492, 18.540000915527344, 17.829999923706055, 17.59000015258789, 17.59000015258789, 20.239999771118164, 20.8700008392334, 20.639999389648438, 19.5, 21.780000686645508, 23.40999984741211, 23.309999465942383, 24.709999084472656, 27.559999465942383, 28.149999618530273, 25.979999542236328, 25.549999237060547, 26.059999465942383, 24.139999389648438, 23.950000762939453, 23.290000915527344, 24.450000762939453, 27.239999771118164, 26.950000762939453, 26.6200008392334, 27.219999313354492, 30.450000762939453, 30.530000686645508, 29.0, 31.690000534057617, 30.899999618530273, 29.540000915527344, 25.40999984741211, 25.299999237060547, 25.420000076293945, 24.8700008392334, 24.290000915527344, 22.110000610351562, 25.84000015258789]
assets:[0, 99.99940358190537, 205.3530581056595, 284.1943298529625, 382.40609146499634, 506.6279595123291, 593.4252085386275, 711.1190300971984, 751.4628192920685, 850.8538387351989, 1103.35917310524, 1276.208, 1507.1226794563293, 1684.726969625473, 1838.1650767707824, 1867.7709440078736, 1942.6290628517152, 2042.6282137191772, 2450.357596290398, 2626.629434623146, 2697.683008226013, 2648.68305, 3058.376010419655, 3387.2631079216007, 3472.7936504344943, 3781.368688896942, 4317.502664335441, 4509.931143884468, 4262.273528899384, 4291.727906846238, 4477.394568243027, 4247.5173826065065, 4314.0872924274445, 4295.2025228439325, 4609.133213823699, 5235.083944012642, 5279.35153445549, 5314.707125553704, 5534.498194388008, 6291.238117630005, 6407.767823116112, 6186.6454, 6860.511173617172, 6789.483876181794, 6590.65778826294, 5769.215956355667, 5844.241633762741, 5971.961289923859, 5942.748875536919, 5904.155948536682, 5474.263693118286, 6497.783286370087]
shares:[0, 7.4349, 14.4921, 22.3599, 30.2776, 37.7236, 45.3689, 52.7928, 60.8965, 69.0068, 75.8844, 82.336, 88.1874, 93.7522, 99.1459, 104.7544, 110.4394, 116.1244, 121.0651, 125.8567, 130.7017, 135.8299, 140.4213, 144.693, 148.983, 153.0299, 156.6583, 160.2107, 164.0598, 167.9737, 171.811, 175.9535, 180.1289, 184.4226, 188.5126, 192.1837, 195.8943, 199.6509, 203.3247, 206.6088, 209.8843, 213.3326, 216.4882, 219.7244, 223.1096, 227.0451, 230.9977, 234.9316, 238.9525, 243.0694, 247.5922, 251.4622]
growth_rate:27.41
