ticker:PXLW
price:[2.1600000858306885, 2.190000057220459, 2.200000047683716, 2.0799999237060547, 2.009999990463257, 2.2899999618530273, 2.180000066757202, 2.319999933242798, 2.2200000286102295, 2.369999885559082, 2.2899999618530273, 2.930000066757202, 2.930000066757202, 2.809999942779541, 2.450000047683716, 2.859999895095825, 2.7899999618530273, 2.819999933242798, 3.009999990463257, 3.190000057220459, 3.299999952316284, 3.059999942779541, 3.5, 4.409999847412109, 3.8499999046325684, 3.5899999141693115, 3.3499999046325684, 3.440000057220459, 3.7100000381469727, 3.369999885559082, 3.430000066757202, 3.140000104904175, 3.180000066757202, 3.190000057220459, 2.950000047683716, 3.3499999046325684, 3.1500000953674316, 3.180000066757202, 3.490000009536743, 3.640000104904175, 3.559999942779541, 3.2799999713897705, 3.4100000858306885, 3.369999885559082, 3.0399999618530273, 2.7300000190734863, 2.809999942779541, 3.009999990463257, 3.119999885559082, 3.5999999046325684, 4.449999809265137, 6.889999866485596]
assets:[0, 100.00000161280633, 200.45652434477807, 289.5224693803787, 379.77884519808293, 532.6833031265259, 607.0960105908393, 746.0836745316983, 813.9248264894485, 968.9197062134743, 1036.2135327386857, 1425.8104034857035, 1525.8104267641068, 1563.3198641658782, 1463.0368834747078, 1807.8714276876688, 1863.6228825191497, 1983.661837041235, 2217.3128809747695, 2449.9098359451295, 2634.3893019340994, 2542.7972224509717, 3008.4281499999997, 3890.619171382904, 3496.5722233872416, 3360.4402416576863, 3235.786682883978, 3422.7185289330005, 3791.3621939835552, 3543.9056966534613, 3707.00207014842, 3493.582014716983, 3638.086072373724, 3749.526705256939, 3567.430632663846, 4151.149701825523, 4003.320001202011, 4141.446692940688, 4645.172562693357, 4944.821842508912, 4936.144264660549, 4647.908215458012, 4932.124211142993, 4974.269122080135, 4587.1745024385455, 4219.403399479389, 4443.048831525516, 4859.280172604084, 5136.861723581028, 6027.148280335093, 7550.22478638401, 11790.123675531006]
shares:[0, 45.6621, 91.1166, 139.1935, 188.9447, 232.6128, 278.4844, 321.5878, 366.6328, 408.8269, 452.495, 486.6247, 520.7544, 556.3416, 597.1579, 632.1229, 667.9652, 703.4262, 736.6488, 767.9968, 798.2998, 830.9795, 859.5509, 882.2266, 908.2006, 936.0558, 965.9065, 994.9763, 1021.9305, 1051.6041, 1080.7586, 1112.6057, 1144.0522, 1175.4002, 1209.2985, 1239.1492, 1270.8952, 1302.3417, 1330.995, 1358.4675, 1386.5574, 1417.0452, 1446.3707, 1476.0443, 1508.939, 1545.569, 1581.1562, 1614.3788, 1646.4301, 1674.2079, 1696.6798, 1711.1936]
growth_rate:131.18
