ticker:PXS
price:[0.7799999713897705, 0.7850000262260437, 0.8100000023841858, 0.765999972820282, 0.8180000185966492, 0.9430000185966492, 0.9399999976158142, 0.9390000104904175, 0.8949999809265137, 0.8360000252723694, 1.1799999475479126, 0.8600000143051147, 0.8820000290870667, 0.9800000190734863, 0.8500000238418579, 0.8199999928474426, 0.8130000233650208, 0.8299999833106995, 0.8799999952316284, 0.949999988079071, 1.059999942779541, 1.149999976158142, 1.149999976158142, 1.5299999713897705, 1.8799999952316284, 1.25, 1.159999966621399, 1.5299999713897705, 1.4500000476837158, 1.0700000524520874, 1.1200000047683716, 1.0199999809265137, 0.8500000238418579, 0.8830000162124634, 0.8790000081062317, 0.8100000023841858, 0.8100000023841858, 0.8180000185966492, 0.8360000252723694, 0.8830000162124634, 0.9269999861717224, 0.8460000157356262, 0.8849999904632568, 0.8489999771118164, 0.8640000224113464, 0.7250000238418579, 0.703000009059906, 0.7350000143051147, 0.8080000281333923, 0.7089999914169312, 0.6320000290870667, 0.7070000171661377]
assets:[0, 99.99997584089637, 203.1846935980618, 292.1474872338295, 411.97998336607213, 574.9353238381445, 673.106268292755, 772.3902338290691, 836.1972291796684, 881.0736354349494, 1343.6206282748221, 1079.2490199520707, 1206.8577506003976, 1440.9530240448953, 1349.8062428610444, 1402.1659577694236, 1490.1962789271415, 1621.3564953984262, 1819.028630143404, 2063.7241141036748, 2402.681518299484, 2706.682838884914, 2806.6828118117096, 3834.108477304101, 4811.192211797047, 3298.931, 3161.407881031573, 4269.788056157113, 4146.531351360011, 3159.854176898074, 3407.5107505073906, 3203.2686301004887, 2769.390687679315, 2976.9081973580005, 3063.4227057512103, 2922.949241603523, 3022.9492498978675, 3152.8056106767954, 3322.182757629937, 3608.956165262818, 3888.7908052899897, 3648.993663071394, 3917.209613788223, 3857.8654047958375, 4026.025746031314, 3478.3202168856737, 3472.771115955305, 3730.848900612545, 4201.395883886528, 3786.620702259624, 3475.379978350323, 3987.806306624937]
shares:[0, 127.3885, 250.8453, 381.3936, 503.643, 609.6875, 716.0705, 822.5668, 934.2986, 1053.9158, 1138.6616, 1254.9407, 1368.3194, 1470.3602, 1588.0073, 1709.9585, 1832.9597, 1953.4416, 2067.078, 2172.3412, 2266.6808, 2353.6373, 2440.5938, 2505.9533, 2559.1448, 2639.1448, 2725.3517, 2790.7112, 2859.6767, 2953.1346, 3042.4203, 3140.4595, 3258.1066, 3371.3569, 3485.1225, 3608.5793, 3732.0361, 3854.2855, 3973.9027, 4087.153, 4195.0279, 4313.2312, 4426.2256, 4544.0112, 4659.7519, 4797.6829, 4939.9304, 5075.9848, 5199.7472, 5340.7909, 5499.0187, 5640.4614]
growth_rate:-21.81
