ticker:PXSAP
price:[18.5, 18.77899932861328, 19.5, 18.600000381469727, 18.59000015258789, 15.9399995803833, 14.75, 14.0, 15.88700008392334, 16.600000381469727, 15.0, 14.180000305175781, 14.199999809265137, 14.640000343322754, 15.0, 15.666000366210938, 17.93000030517578, 17.195999145507812, 19.667999267578125, 23.621000289916992, 22.0, 22.0, 24.0, 22.799999237060547, 19.540000915527344, 19.540000915527344, 23.829999923706055, 23.139999389648438, 20.049999237060547, 21.459999084472656, 22.0, 23.190000534057617, 24.75, 22.5, 23.399999618530273, 23.5, 24.299999237060547, 24.299999237060547, 24.399999618530273, 24.399999618530273, 19.0, 18.049999237060547, 17.979999542236328, 17.950000762939453, 18.280000686645508, 17.170000076293945, 17.0, 17.18000030517578, 17.280000686645508]
assets:[0, 100.00004932479858, 203.83935, 294.4305660385132, 394.27159523620605, 438.06785046796796, 505.3645, 579.6686, 757.800371803093, 891.8101204938889, 905.853, 956.3332525817872, 1057.682725793171, 1190.4560199173927, 1319.73, 1478.3268243576051, 1791.9690555000304, 1818.6110384307863, 2180.044308416748, 2718.2031430624006, 2631.6664, 2731.6674000000003, 3080.0016000000005, 3026.0022187431337, 2693.337060193634, 2793.3369228790284, 3506.6130847732543, 3505.078185548401, 3137.0268906303404, 3457.6350524902346, 3644.641, 3941.7829537778853, 4306.947975, 4015.40625, 4276.0223302917475, 4394.29555, 4643.887804197312, 4743.8871610576625, 4863.410363965416, 4963.411322402, 3964.9523, 3866.705131561661, 3951.7090273910526, 4045.1152419319155, 4219.482986495018, 4063.2667820549013, 4123.0372, 4266.692589791108, 4391.527278503609]
shares:[0, 5.3251, 10.4533, 15.8296, 21.2088, 27.4823, 34.262, 41.4049, 47.6994, 53.7235, 60.3902, 67.4424, 74.4847, 81.3153, 87.982, 94.3653, 99.9425, 105.7578, 110.8422, 115.0757, 119.6212, 124.1667, 128.3334, 132.7194, 137.8371, 142.9548, 147.1512, 151.4727, 156.4602, 161.12, 165.6655, 169.9777, 174.0181, 178.4625, 182.736, 186.9913, 191.1065, 195.2217, 199.3201, 203.4185, 208.6817, 214.2219, 219.7836, 225.3546, 230.8251, 236.6492, 242.5316, 248.3523, 254.1393]
growth_rate:-8.51
