ticker:PY
price:[29.972000122070312, 29.57200050354004, 30.030000686645508, 28.29800033569336, 28.658000946044922, 28.658000946044922, 29.969999313354492, 29.780000686645508, 27.9060001373291, 29.799999237060547, 31.864999771118164, 33.099998474121094, 33.459999084472656, 34.1349983215332, 34.189998626708984, 33.959999084472656, 34.119998931884766, 33.983001708984375, 35.347999572753906, 35.85300064086914, 36.0359992980957, 34.790000915527344, 36.4900016784668, 37.082000732421875, 37.98500061035156, 37.67300033569336, 39.02000045776367, 40.79999923706055, 40.40999984741211, 40.81999969482422, 40.5099983215332, 41.12799835205078, 41.87699890136719, 41.779998779296875, 41.91699981689453, 43.72999954223633, 43.33000183105469, 42.9900016784668, 43.099998474121094, 43.452999114990234, 43.4900016784668, 41.13399887084961, 42.59000015258789, 42.3849983215332, 42.38999938964844, 41.91999816894531, 41.599998474121094, 42.250999450683594, 42.68000030517578, 43.209999084472656, 42.630001068115234, 43.529998779296875]
assets:[0, 100.000676902771, 201.54935260848998, 289.92433263931275, 393.6119113937378, 493.61113989486694, 616.2101588819504, 712.3048584238053, 767.4819781768799, 919.5713564571381, 1083.2920917188644, 1225.2758835159302, 1338.600723373413, 1465.6032204341889, 1567.963594020462, 1657.4143593177796, 1765.2220287403106, 1858.1327623443603, 2032.7680158302308, 2161.8104531421664, 2272.844529729843, 2294.2579213752747, 2506.366851287842, 2647.028166482544, 2811.4864096755978, 2888.3927030376435, 3091.6677942699434, 3332.70305768013, 3400.844972158432, 3535.3507795692444, 3608.501018487549, 3763.5490987991334, 3932.086876542664, 4022.9793704589842, 4136.172532032013, 4415.072586783219, 4474.689289093018, 4539.576516239548, 4651.192365332795, 4789.285275256348, 4893.364518856049, 4728.2750156063075, 4995.640916897964, 5071.593928162384, 5172.1903415283205, 5214.84358021698, 5275.033726512909, 5457.582724544525, 5612.996220134735, 5782.699115476989, 5805.080713449096, 6027.63810796814]
shares:[0, 3.3816, 6.7116, 10.2454, 13.7348, 17.2242, 20.5609, 23.9189, 27.5024, 30.8581, 33.9963, 37.0174, 40.006, 42.9355, 45.8603, 48.8049, 51.7357, 54.6783, 57.5073, 60.2965, 63.0715, 65.9459, 68.6864, 71.3831, 74.0157, 76.6701, 79.2329, 81.6839, 84.1585, 86.6083, 89.0768, 91.5082, 93.8961, 96.2896, 98.6753, 100.9621, 103.27, 105.5961, 107.9163, 110.2176, 112.517, 114.9481, 117.2961, 119.6554, 122.0144, 124.3999, 126.8037, 129.1705, 131.5135, 133.8278, 136.1736, 138.4709]
growth_rate:18.19
