ticker:PYPD
price:[11.1899995803833, 13.175000190734863, 13.550000190734863, 12.625, 11.10200023651123, 10.399999618530273, 13.5, 11.399999618530273, 10.420000076293945, 9.979999542236328, 9.680000305175781, 8.890000343322754, 11.260000228881836, 9.880000114440918, 10.760000228881836, 10.789999961853027, 10.0600004196167, 9.899999618530273, 10.399999618530273, 10.399999618530273, 9.970000267028809, 9.390000343322754, 9.90999984741211, 15.149999618530273, 14.0, 11.15999984741211, 10.359999656677246, 10.5, 9.90999984741211, 9.449999809265137, 9.65999984741211, 9.329999923706055, 9.989999771118164, 9.300000190734863, 9.199999809265137, 8.779999732971191, 9.050000190734863, 9.5, 9.5, 9.3100004196167, 9.279999732971191, 9.210000038146973, 9.5, 8.720000267028809, 8.510000228881836, 7.869999885559082, 7.539999961853027, 8.170000076293945, 7.929999828338623, 8.510000228881836, 8.029999732971191, 8.65999984741211]
assets:[0, 99.99956894769669, 202.84621285533905, 288.998875, 354.13604434432983, 431.7435041637421, 660.4362, 657.7013179918289, 701.1618051338196, 771.5537646102905, 848.3610347457886, 879.1250219509125, 1213.4924766666413, 1164.7700094916345, 1368.5149331104278, 1472.3300227947236, 1472.7196774291992, 1549.2964803020477, 1727.5439366340638, 1827.5440929660797, 1851.98238460207, 1844.24395643034, 2046.3743374912262, 3228.4134087100983, 3083.353, 2557.8730810268403, 2474.5128539964676, 2607.9521999999997, 2561.409912561035, 2542.5148886829375, 2699.0155493667603, 2706.813046865654, 2998.291638305855, 2891.202659296036, 2960.1146586307527, 2924.978769041729, 3114.9268056491856, 3369.8124500000004, 3469.8123, 3500.4158527693753, 3589.136408723831, 3662.0636371679307, 3877.37275, 3659.020240048599, 3670.9017817312238, 3494.829275180244, 3448.2862785541533, 3836.4057268255233, 3823.7079352278706, 4203.374198052406, 4066.285868780136, 4485.309226969528]
shares:[0, 7.5901, 14.9702, 22.891, 31.8984, 41.5138, 48.9212, 57.6931, 67.29, 77.31, 87.6406, 98.8892, 107.7702, 117.8917, 127.1854, 136.4532, 146.3936, 156.4946, 166.11, 175.7254, 185.7555, 196.4051, 206.4959, 213.0966, 220.2395, 229.2001, 238.8526, 248.3764, 258.4672, 269.0492, 279.4012, 290.1193, 300.1293, 310.882, 321.7516, 333.1411, 344.1908, 354.7171, 365.2434, 375.9845, 386.7604, 397.6182, 408.1445, 419.6124, 431.3633, 444.0698, 457.3324, 469.5723, 482.1826, 493.9335, 506.3868, 517.9341]
growth_rate:-12.05
