ticker:PYPL
price:[191.83999633789062, 184.0, 176.07000732421875, 187.25, 191.91000366210938, 197.27000427246094, 204.4499969482422, 203.0399932861328, 186.1300048828125, 202.72999572753906, 188.6199951171875, 192.6699981689453, 211.38999938964844, 217.77000427246094, 214.05999755859375, 236.4499969482422, 238.63999938964844, 234.1999969482422, 242.4600067138672, 239.7899932861328, 252.0, 234.30999755859375, 269.44000244140625, 298.3699951171875, 286.9200134277344, 259.8500061035156, 239.0500030517578, 250.35000610351562, 241.27999877929688, 241.02999877929688, 247.5399932861328, 266.7699890136719, 269.8699951171875, 266.0299987792969, 262.2900085449219, 253.36000061035156, 246.2899932861328, 250.69000244140625, 260.0199890136719, 263.0400085449219, 271.45001220703125, 283.3800048828125, 289.6000061035156, 290.239990234375, 300.2099914550781, 294.6300048828125, 308.5299987792969, 275.5299987792969, 279.5400085449219, 274.9100036621094, 272.9599914550781, 278.3299865722656]
assets:[0, 100.00399999999999, 195.70181314086912, 308.119875, 415.7922139343261, 527.4013564224243, 646.5935603485107, 742.1314794601441, 780.3314324707031, 949.9319409805297, 983.8230325317384, 1104.9431724990843, 1312.3091162109376, 1451.9161724853516, 1527.1896465820314, 1786.9235619369506, 1903.464227131653, 1968.0528343551634, 2137.454681187439, 2213.9090710128785, 2426.634, 2356.2916284484863, 2809.5586814575195, 3211.2369094482424, 3187.9969611968995, 2987.2096851654055, 2848.089546359253, 3082.70983515625, 3071.0359524627684, 3167.857273956299, 3353.4242890472415, 3713.945110049439, 3857.089918212891, 3902.2078310943602, 3947.359712597656, 3912.9678574264526, 3903.770280583191, 4073.511987670898, 4325.120493255616, 4475.362705383301, 4718.4526921875, 5025.829400598144, 5236.1418703552245, 5347.700844067383, 5631.3990617126465, 5626.72598125, 5992.177077291871, 5451.250813848877, 5630.578714114379, 5637.332026095581, 5697.3574216461175, 5909.446608905029]
shares:[0, 0.5435, 1.1115, 1.6455, 2.1666, 2.6735, 3.1626, 3.6551, 4.1924, 4.6857, 5.2159, 5.7349, 6.208, 6.6672, 7.1344, 7.5573, 7.9763, 8.4033, 8.8157, 9.2327, 9.6295, 10.0563, 10.4274, 10.7626, 11.1111, 11.4959, 11.9142, 12.3136, 12.7281, 13.143, 13.547, 13.9219, 14.2924, 14.6683, 15.0496, 15.4443, 15.8503, 16.2492, 16.6338, 17.014, 17.3824, 17.7353, 18.0806, 18.4251, 18.7582, 19.0976, 19.4217, 19.7846, 20.1423, 20.5061, 20.8725, 21.2318]
growth_rate:15.87
