ticker:PYR
price:[4.090000152587891, 3.6029999256134033, 3.0420000553131104, 2.5929999351501465, 3.0429999828338623, 3.1500000953674316, 2.940000057220459, 2.74399995803833, 2.7149999141693115, 2.944999933242798, 2.7100000381469727, 3.059999942779541, 2.934999942779541, 2.75, 2.7839999198913574, 2.450000047683716, 2.765000104904175, 2.825000047683716, 2.799999952316284, 2.9700000286102295, 3.950000047683716, 3.2200000286102295, 4.566999912261963, 7.440000057220459, 9.430000305175781, 7.322000026702881, 6.348999977111816, 8.6899995803833, 7.5, 6.78000020980835, 7.039999961853027, 6.489999771118164, 5.090000152587891, 5.050000190734863, 5.119999885559082, 4.710000038146973, 4.210000038146973, 5.260000228881836, 5.46999979019165, 5.929999828338623, 5.510000228881836, 6.329999923706055, 5.260000228881836, 5.050000190734863, 5.050000190734863, 4.0, 3.819999933242798, 3.700000047683716, 3.740000009536743, 3.9700000286102295, 3.8499999046325684, 4.159999847412109]
assets:[0, 99.99982173542976, 184.42946675350666, 257.207701867342, 401.8445799331188, 515.9744256213188, 581.576111319065, 642.8042165701389, 736.0106842321158, 898.3616276359559, 926.6758410442352, 1146.3570685636998, 1199.5289001141073, 1223.9196749999999, 1339.051622269249, 1278.4038998812437, 1542.7702420327423, 1676.2479607937098, 1761.4138900033, 1968.3568269613265, 2717.848487809396, 2315.562556574154, 3384.215439984798, 5613.151939170313, 7214.519805477905, 5701.772484594011, 5044.079853416061, 7003.930232799054, 6144.819, 5654.916804992437, 5971.771487641335, 5605.226539321327, 4496.087227783584, 4560.754657256412, 4723.973014410973, 4445.686140006256, 4073.7450709123614, 5189.762393825531, 5496.957590157652, 6059.224605597829, 5730.072393023491, 6682.82335845356, 5653.183667990685, 5527.486293769169, 5627.4863975461, 4557.4148, 4452.331016192365, 4412.46724686563, 4560.16966962812, 4940.607867605018, 4891.269338839531, 5385.111898475266]
shares:[0, 27.7546, 60.6277, 99.1931, 132.0554, 163.8014, 197.815, 234.2581, 271.0905, 305.0464, 341.9468, 374.6265, 408.6981, 445.0617, 480.9812, 521.7975, 557.9639, 593.3621, 629.0764, 662.7464, 688.0629, 719.1188, 741.015, 754.4559, 765.0604, 778.7179, 794.4684, 805.9759, 819.3092, 834.0585, 848.263, 863.6713, 883.3177, 903.1197, 922.651, 943.8824, 967.6354, 986.6468, 1004.9283, 1021.7917, 1039.9405, 1055.7383, 1074.7497, 1094.5517, 1114.3537, 1139.3537, 1165.5317, 1192.5587, 1219.2967, 1244.4856, 1270.4596, 1294.4981]
growth_rate:5.59
