ticker:PYZ
price:[57.52000045776367, 57.310001373291016, 58.52000045776367, 54.220001220703125, 56.220001220703125, 60.13999938964844, 60.130001068115234, 60.65999984741211, 56.880001068115234, 61.97999954223633, 64.08999633789062, 65.29000091552734, 67.66999816894531, 69.86000061035156, 69.69999694824219, 70.70999908447266, 70.7300033569336, 71.55999755859375, 77.79000091552734, 76.08000183105469, 74.51000213623047, 69.69999694824219, 74.87999725341797, 76.54000091552734, 77.26000213623047, 76.26000213623047, 78.16000366210938, 85.20999908447266, 83.20999908447266, 82.80000305175781, 83.44000244140625, 82.54000091552734, 85.25, 84.73999786376953, 85.55000305175781, 94.06999969482422, 91.48999786376953, 89.86000061035156, 92.83000183105469, 93.54000091552734, 93.16000366210938, 84.36000061035156, 87.91000366210938, 88.37000274658203, 88.0199966430664, 82.4000015258789, 84.45999908447266, 88.55000305175781, 88.27999877929688, 93.45999908447266, 86.87000274658203, 92.31999969482422]
assets:[0, 100.00022139625548, 202.1105255809784, 287.25756646728513, 397.8520826385498, 525.5935246658325, 625.5083491111756, 731.019724161148, 785.4673107498169, 955.892740940094, 1088.4339988067627, 1208.8117219505311, 1352.8789043930053, 1496.6596950759888, 1593.2304102416992, 1716.315523777771, 1816.799158227539, 1938.1166618774414, 2206.84787297287, 2258.335950352478, 2311.7324242782593, 2262.496750938416, 2530.6443871765136, 2686.7453821372983, 2812.016845751953, 2875.619786553192, 3047.263142776489, 3422.1272942314145, 3441.8068711311344, 3524.845809915161, 3652.0938108581545, 3712.6987651809695, 3934.5944, 4011.057636884308, 4149.397578018188, 4662.635976873779, 4634.755205781556, 4652.178035598755, 4905.935634768676, 5043.461707363129, 5122.971077383423, 4739.0495742874145, 5038.473949890136, 5164.837832525634, 5244.381033988189, 5009.532812766266, 5234.771621256256, 5588.266722592163, 5671.230713580322, 6104.003384205628, 5773.597557544709, 6235.819003386688]
shares:[0, 1.7449, 3.4537, 5.298, 7.0767, 8.7395, 10.4026, 12.0511, 13.8092, 15.4226, 16.9829, 18.5145, 19.9923, 21.4237, 22.8584, 24.2726, 25.6864, 27.0838, 28.3693, 29.6837, 31.0258, 32.4605, 33.796, 35.1025, 36.3968, 37.7081, 38.9875, 40.1611, 41.3629, 42.5706, 43.7691, 44.9806, 46.1536, 47.3337, 48.5026, 49.5656, 50.6586, 51.7714, 52.8486, 53.9177, 54.9911, 56.1765, 57.314, 58.4456, 59.5817, 60.7953, 61.9793, 63.1086, 64.2414, 65.3114, 66.4625, 67.5457]
growth_rate:22.27
