ticker:PZZA
price:[90.4000015258789, 91.37000274658203, 82.3499984741211, 81.63999938964844, 83.2699966430664, 79.88999938964844, 81.5, 76.73999786376953, 76.5999984741211, 83.5199966430664, 80.9800033569336, 79.19000244140625, 81.55000305175781, 80.86000061035156, 84.83000183105469, 90.47000122070312, 87.54000091552734, 84.8499984741211, 93.47000122070312, 95.19999694824219, 98.81999969482422, 102.27999877929688, 101.80000305175781, 109.13999938964844, 103.68000030517578, 90.19000244140625, 82.66999816894531, 87.16000366210938, 87.08000183105469, 88.41999816894531, 88.4800033569336, 95.69999694824219, 93.5999984741211, 94.83999633789062, 96.72000122070312, 99.3499984741211, 96.6500015258789, 92.19000244140625, 93.94999694824219, 94.75, 102.58000183105469, 103.83999633789062, 103.08000183105469, 105.27999877929688, 111.0, 108.4000015258789, 117.97000122070312, 114.12000274658203, 119.87000274658203, 127.61000061035156, 122.75, 125.0199966430664]
assets:[0, 100.00446800613403, 190.1296764770508, 288.49126584320067, 394.25012610626226, 478.24550334625246, 587.88395, 653.5485178070069, 752.35752501297, 920.3235470092773, 992.3370591361999, 1070.403344000244, 1202.2998499923706, 1292.1266377532959, 1455.5640694183348, 1652.3350552947998, 1698.8187657669066, 1746.620248590088, 2024.0648354339598, 2161.5254507095337, 2343.7139327621458, 2525.7738858551024, 2613.9186783599853, 2902.3927457687378, 2857.192712409973, 2585.4407239868165, 2469.865399295044, 2704.00837361145, 2801.5291109085083, 2944.642357020569, 3046.64080358963, 3395.2444917297366, 3420.742984234619, 3566.0597343017575, 3736.7482311614995, 3938.353159512329, 3931.3257970664977, 3849.9098159545897, 4023.4086193084718, 4157.6679, 4601.246498132325, 4757.76172020874, 4822.938049671936, 5025.867109725952, 5398.929, 5372.466675624848, 5946.773385534668, 5852.701400859833, 6247.588582151032, 6750.990145289612, 6593.8845, 6815.82767498703]
shares:[0, 1.0945, 2.3088, 3.5337, 4.7346, 5.9863, 7.2133, 8.5164, 9.8219, 11.0192, 12.2541, 13.5169, 14.7431, 15.9798, 17.1586, 18.2639, 19.4062, 20.5848, 21.6547, 22.7051, 23.717, 24.6947, 25.677, 26.5933, 27.5578, 28.6666, 29.8762, 31.0235, 32.1719, 33.3029, 34.4331, 35.478, 36.5464, 37.6008, 38.6347, 39.6412, 40.6759, 41.7606, 42.825, 43.8804, 44.8552, 45.8182, 46.7883, 47.7381, 48.639, 49.5615, 50.4092, 51.2855, 52.1197, 52.9033, 53.718, 54.5179]
growth_rate:33.64
