ticker:QADA
price:[41.099998474121094, 41.16999816894531, 42.63999938964844, 41.2400016784668, 42.119998931884766, 44.97999954223633, 44.20000076293945, 45.290000915527344, 41.84000015258789, 44.61000061035156, 46.66999816894531, 49.29999923706055, 57.41999816894531, 63.5, 59.290000915527344, 62.81999969482422, 62.0, 63.18000030517578, 66.01000213623047, 66.31999969482422, 68.66000366210938, 64.79000091552734, 70.18000030517578, 71.11000061035156, 66.62000274658203, 64.19999694824219, 71.08999633789062, 71.0199966430664, 66.58999633789062, 66.01000213623047, 70.0, 76.19000244140625, 75.12000274658203, 73.0, 70.69000244140625, 69.91999816894531, 64.63999938964844, 67.5, 71.45999908447266, 74.66999816894531, 79.0, 72.93000030517578, 72.9000015258789, 86.5999984741211, 86.6500015258789, 87.19999694824219, 87.33999633789062, 86.75, 86.9000015258789, 86.9000015258789, 87.0999984741211, 87.16999816894531]
assets:[0, 100.00192555236816, 203.57188508605958, 296.88677208328244, 403.2231737747192, 530.6020666000367, 621.3989707260132, 736.7233868927002, 780.604698846817, 932.2820977554321, 1075.3327618103028, 1235.931260873413, 1539.4990549072265, 1802.511, 1783.0044815322876, 1989.157598336792, 2063.1926, 2202.4611286384584, 2401.1138277053833, 2512.387284439087, 2701.0364820648197, 2648.79017042923, 2969.147380911255, 3108.4954556808475, 3012.223424186707, 3002.8007772613523, 3425.0662605621337, 3521.6969815383914, 3402.0229819061283, 3472.3901523742675, 3782.282, 4216.743304119873, 4257.523811666107, 4237.3726, 4203.284097167969, 4257.498608505249, 4035.9922818908694, 4314.56625, 4667.688534198761, 4977.360204945374, 5365.9881000000005, 5053.691664147186, 5151.609827828979, 6219.741790409088, 6323.335851351929, 6463.473053796387, 6573.854440362548, 6629.443675, 6740.902638363648, 6840.898470119477, 6956.6420381286625, 7062.234307653809]
shares:[0, 2.429, 4.7742, 7.199, 9.5732, 11.7964, 14.0588, 16.2668, 18.6569, 20.8985, 23.0412, 25.0696, 26.8112, 28.386, 30.0726, 31.6644, 33.2773, 34.8601, 36.375, 37.8828, 39.3393, 40.8827, 42.3076, 43.7139, 45.215, 46.7726, 48.1793, 49.5874, 51.0891, 52.604, 54.0326, 55.3451, 56.6763, 58.0462, 59.4608, 60.891, 62.438, 63.9195, 65.3189, 66.6581, 67.9239, 69.2951, 70.6668, 71.8215, 72.9756, 74.1224, 75.2674, 76.4201, 77.5708, 78.7215, 79.8696, 81.0168]
growth_rate:38.48
