ticker:QADB
price:[33.650001525878906, 29.989999771118164, 32.869998931884766, 31.1299991607666, 32.369998931884766, 29.010000228881836, 31.75, 31.0, 30.5, 30.479999542236328, 31.489999771118164, 32.689998626708984, 37.0, 41.91999816894531, 43.400001525878906, 46.75, 47.7400016784668, 47.9900016784668, 49.5, 49.5, 48.349998474121094, 46.0, 49.79999923706055, 52.189998626708984, 45.25, 46.0, 46.099998474121094, 48.869998931884766, 44.04999923706055, 45.9900016784668, 45.79999923706055, 52.0, 52.0, 52.0, 49.2400016784668, 49.099998474121094, 46.20000076293945, 47.0, 47.7599983215332, 47.790000915527344, 50.5, 50.5, 48.0, 85.91000366210938, 85.68000030517578, 86.05000305175781, 86.0, 86.05000305175781, 85.5, 86.5, 86.58000183105469, 86.5]
assets:[0, 99.9986552368164, 209.60212218894958, 298.50556195259094, 410.3965574581146, 467.79785769081116, 611.9812499999999, 697.5248, 786.2747499999999, 885.7579306972505, 1015.1084836217881, 1153.790232529831, 1405.9112, 1692.8594780563353, 1852.624545135498, 2095.62485, 2240.003844755173, 2351.7356352527618, 2525.73255, 2625.73245, 2664.7328059036254, 2635.2158, 2952.905894761276, 3194.6228819389344, 2869.813825, 3017.3792000000003, 3123.9387365997313, 3411.643947434234, 3175.1547800067897, 3414.9921736347196, 3500.883241682053, 4074.8032, 4174.8044, 4274.805600000001, 4147.913729391861, 4236.1220083541875, 4085.923447474289, 4256.6772, 4425.508308470917, 4528.288967749786, 4885.07205, 4985.07215, 4838.2848, 8759.521429394532, 8836.067047472381, 8974.223658270264, 9069.0096, 9174.281310365295, 9215.64315, 9423.4311, 9532.14651359253, 9623.34125]
shares:[0, 3.3344, 6.3767, 9.589, 12.6783, 16.1254, 19.275, 22.5008, 25.7795, 29.0603, 32.2359, 35.2949, 37.9976, 40.3831, 42.6872, 44.8262, 46.9209, 49.0047, 51.0249, 53.0451, 55.1134, 57.2873, 59.2953, 61.2114, 63.4213, 65.5952, 67.7644, 69.8106, 72.0807, 74.2551, 76.4385, 78.3616, 80.2847, 82.2078, 84.2387, 86.2754, 88.4399, 90.5676, 92.6614, 94.7539, 96.7341, 98.7143, 100.7976, 101.9616, 103.1287, 104.2908, 105.4536, 106.6157, 107.7853, 108.9414, 110.0964, 111.2525]
growth_rate:88.69
