ticker:QAT
price:[17.329999923706055, 17.426000595092773, 17.93000030517578, 17.489999771118164, 17.799999237060547, 18.177000045776367, 18.049999237060547, 17.65999984741211, 16.99799919128418, 17.417999267578125, 17.920000076293945, 17.8799991607666, 17.850000381469727, 18.7450008392334, 18.540000915527344, 18.489999771118164, 18.56999969482422, 18.450000762939453, 19.111000061035156, 19.110000610351562, 18.940000534057617, 18.649999618530273, 18.600000381469727, 18.75, 18.309999465942383, 17.979999542236328, 18.149999618530273, 18.511999130249023, 18.450000762939453, 18.739999771118164, 19.079999923706055, 18.969999313354492, 19.450000762939453, 19.639999389648438, 19.610000610351562, 19.68000030517578, 19.6299991607666, 19.5, 19.354000091552734, 19.420000076293945, 19.03700065612793, 18.7189998626709, 19.014999389648438, 18.989999771118164, 19.25, 19.010000228881836, 18.860000610351562, 18.889999389648438, 19.09000015258789, 19.469999313354492, 19.520000457763672, 19.739999771118164]
assets:[0, 100.0008470149994, 202.8922974533081, 297.9141621013641, 403.19490271835326, 511.7352645887375, 608.1604292942047, 695.019889994812, 768.9656862148285, 887.9661190612793, 1013.5587883152008, 1111.2955878391265, 1209.4303458465577, 1370.0721113395691, 1455.0878698539734, 1551.163060798645, 1657.8738627548219, 1747.1615672481537, 1909.7565027992248, 2009.6573501861571, 2091.7791149826053, 2159.7501508241653, 2253.95920622673, 2372.1356250000003, 2416.4695035175323, 2472.916995040512, 2596.2975504320143, 2748.080354086685, 2838.8776323925017, 2983.4997895608903, 3137.6296674537657, 3219.540858464241, 3401.0057384067536, 3534.227710166931, 3628.828651945496, 3741.7820740234374, 3832.2744381603243, 3906.8952, 3977.6437758159636, 4091.2075320728304, 4110.520581572914, 4141.85763271389, 4307.351820240784, 4401.688248947526, 4561.95355, 4605.077505445481, 4668.740343090821, 4776.166335678101, 4926.733876379776, 5124.803657264328, 5237.965690835571, 5397.000819422721]
shares:[0, 5.7386, 11.3158, 17.0334, 22.6514, 28.1529, 33.6931, 39.3556, 45.2386, 50.9798, 56.5602, 62.153, 67.7552, 73.09, 78.4837, 83.892, 89.277, 94.6971, 99.9297, 105.1626, 110.4424, 115.8043, 121.1806, 126.5139, 131.9754, 137.5371, 143.0467, 148.4486, 153.8687, 159.2049, 164.446, 169.7175, 174.8589, 179.9505, 185.0499, 190.1312, 195.2254, 200.3536, 205.5205, 210.6698, 215.9227, 221.2649, 226.5239, 231.7898, 236.9846, 242.245, 247.5472, 252.841, 258.0793, 263.2154, 268.3384, 273.4043]
growth_rate:5.82
