ticker:QCLN
price:[40.20000076293945, 39.2400016784668, 41.41999816894531, 40.52000045776367, 45.20000076293945, 50.029998779296875, 50.33000183105469, 49.13999938964844, 47.380001068115234, 54.02000045776367, 55.130001068115234, 59.2400016784668, 65.04000091552734, 61.33000183105469, 61.59000015258789, 66.98999786376953, 70.44999694824219, 70.2300033569336, 83.55999755859375, 80.73999786376953, 86.70999908447266, 79.87000274658203, 84.58000183105469, 87.0199966430664, 80.80000305175781, 73.11000061035156, 64.62000274658203, 72.62000274658203, 67.8499984741211, 65.86000061035156, 69.18000030517578, 66.56999969482422, 65.4000015258789, 68.2300033569336, 64.8499984741211, 60.04999923706055, 56.939998626708984, 60.029998779296875, 62.4900016784668, 62.59000015258789, 64.79000091552734, 64.16999816894531, 66.52999877929688, 68.45999908447266, 66.19000244140625, 61.88999938964844, 64.20999908447266, 66.76000213623047, 67.04000091552734, 66.02999877929688, 63.04999923706055, 66.51000213623047]
assets:[0, 99.99922027740479, 205.5550249130249, 301.08791540145876, 435.86360735702516, 582.4392397888183, 685.932495954895, 769.7142084396362, 842.1463529850006, 1060.1695189838408, 1181.9541448997497, 1370.0672148185731, 1604.2051185813903, 1612.6969301483155, 1719.5312142601013, 1970.2964191696167, 2172.0579459106443, 2265.275781278229, 2795.232326330566, 2800.8947478935243, 3107.9985231842043, 2962.8256738861082, 3237.5448520889286, 3430.9461096458435, 3285.707884098816, 3072.996100654602, 2816.1397196960447, 3264.7774634780885, 3150.3297091522213, 3157.934341265869, 3417.1253610740664, 3388.2066174674987, 3428.6604799957277, 3677.024048910522, 3594.868875415039, 3428.7889014369966, 3351.20931317482, 3633.069553121948, 3881.953892268372, 3988.1659607227325, 4228.34447674942, 4287.884196647644, 4545.582330596924, 4777.446806110382, 4719.036081060791, 4512.467934498596, 4781.622316822052, 5071.517026281738, 5192.784390914917, 5214.554078598022, 5079.213363538742, 5457.943795303345]
shares:[0, 2.5484, 4.9627, 7.4306, 9.643, 11.6418, 13.6287, 15.6637, 17.7743, 19.6255, 21.4394, 23.1274, 24.6649, 26.2954, 27.919, 29.4118, 30.8312, 32.2551, 33.4518, 34.6903, 35.8436, 37.0956, 38.2779, 39.4271, 40.6647, 42.0325, 43.58, 44.957, 46.4308, 47.9492, 49.3947, 50.8969, 52.426, 53.8916, 55.4336, 57.0989, 58.8551, 60.5209, 62.1212, 63.7189, 65.2623, 66.8207, 68.3238, 69.7845, 71.2953, 72.9111, 74.4685, 75.9664, 77.458, 78.9725, 80.5585, 82.062]
growth_rate:7.02
