ticker:QCOM
price:[115.97000122070312, 113.41999816894531, 110.69000244140625, 114.5, 115.47000122070312, 124.87000274658203, 129.02999877929688, 128.8800048828125, 123.36000061035156, 145.00999450683594, 144.25999450683594, 146.02999877929688, 143.8300018310547, 157.6199951171875, 144.27999877929688, 147.4199981689453, 148.7899932861328, 152.33999633789062, 156.63999938964844, 157.08999633789062, 162.4199981689453, 156.27999877929688, 145.83999633789062, 147.97999572753906, 144.94000244140625, 136.19000244140625, 129.75, 129.97999572753906, 131.02000427246094, 132.99000549316406, 137.7899932861328, 140.57000732421875, 138.2100067138672, 135.42999267578125, 138.8000030517578, 137.85000610351562, 130.14999389648438, 131.4600067138672, 134.5399932861328, 134.33999633789062, 134.6199951171875, 133.0, 137.64999389648438, 142.5800018310547, 141.42999267578125, 139.7100067138672, 144.8800048828125, 149.8000030517578, 146.27999877929688, 148.63999938964844, 142.08999633789062, 144.85000610351562]
assets:[0, 100.00241238555908, 197.59272335815427, 304.39825, 406.97401930236816, 540.1002228797913, 658.0917027740478, 757.3246846923828, 824.8836520812988, 1069.6517234802247, 1164.1204516723633, 1278.4050213134767, 1359.1503683029175, 1589.4557927612304, 1554.9344028442383, 1688.769789024353, 1804.4655225769043, 1947.5145131835939, 2102.484727807617, 2208.528258514404, 2383.4647471298217, 2393.36566930542, 2333.4836934051514, 2467.7292067520143, 2517.028082397461, 2465.079901190186, 2448.5122499999998, 2552.8461100875857, 2673.266657173157, 2813.456762210083, 3014.9966220932006, 3175.8278904724125, 3222.504516540527, 3257.6872158203128, 3438.7561956069944, 3515.2165106414795, 3418.8581296691896, 3553.2719594711302, 3736.525417538452, 3830.9736755676267, 3938.9541331298824, 3991.5561000000002, 4231.113042388916, 4482.658225567627, 4546.5075455505375, 4591.22009563446, 4861.115339831543, 5126.201044432069, 5105.7424493927, 5288.120666285706, 5155.096112136841, 5355.235090652466]
shares:[0, 0.8817, 1.7851, 2.6585, 3.5245, 4.3253, 5.1003, 5.8762, 6.6868, 7.3764, 8.0696, 8.7544, 9.4497, 10.0841, 10.7772, 11.4555, 12.1276, 12.784, 13.4224, 14.059, 14.6747, 15.3146, 16.0003, 16.6761, 17.366, 18.1003, 18.871, 19.6403, 20.4035, 21.1554, 21.8811, 22.5925, 23.316, 24.0544, 24.7749, 25.5003, 26.2686, 27.0293, 27.7726, 28.517, 29.2598, 30.0117, 30.7382, 31.4396, 32.1467, 32.8625, 33.5527, 34.2203, 34.9039, 35.5767, 36.2805, 36.9709]
growth_rate:5.0
