ticker:QCRH
price:[30.520000457763672, 28.809999465942383, 28.639999389648438, 26.360000610351562, 28.209999084472656, 30.559999465942383, 29.649999618530273, 31.3700008392334, 31.030000686645508, 32.029998779296875, 36.90999984741211, 36.380001068115234, 36.84000015258789, 37.349998474121094, 39.060001373291016, 40.290000915527344, 39.70000076293945, 39.59000015258789, 40.06999969482422, 40.849998474121094, 40.849998474121094, 38.779998779296875, 41.279998779296875, 40.91999816894531, 41.45000076293945, 41.400001525878906, 44.060001373291016, 47.97999954223633, 48.470001220703125, 47.65999984741211, 47.97999954223633, 48.08000183105469, 48.84000015258789, 48.369998931884766, 48.220001220703125, 48.349998474121094, 47.599998474121094, 47.2400016784668, 47.810001373291016, 47.81999969482422, 47.099998474121094, 46.27000045776367, 49.0, 48.2599983215332, 47.220001220703125, 47.060001373291016, 46.72999954223633, 49.09000015258789, 50.310001373291016, 50.08000183105469, 49.0099983215332, 51.88999938964844]
assets:[0, 99.99950814628602, 199.40885975036622, 283.5334385650635, 403.43119690704344, 537.0400386148452, 621.0488920097351, 757.077326253891, 848.8722137842178, 976.2295207946777, 1224.9653839359282, 1307.3771843845368, 1423.9065298976898, 1543.6194119377135, 1714.2926822719573, 1868.2755454536439, 1940.9171572998048, 2035.5396528453828, 2160.2177605476377, 2302.2691490028383, 2402.2699452674865, 2380.5373710662843, 2634.0024181091308, 2711.0317186889647, 2846.143577386856, 2942.712108459473, 3231.7834767303466, 3619.313689469147, 3756.274837600708, 3793.502453854752, 3918.9727766101837, 4027.1424893676763, 4190.799241093064, 4250.470123140335, 4337.287847799683, 4448.983129594421, 4479.969056388855, 4546.089597525406, 4700.942290029526, 4801.926563355255, 4829.624423536682, 4844.515317928314, 5230.348199999999, 5251.358631359482, 5238.190287414551, 5320.439045259475, 5383.132392267227, 5754.997441888428, 5998.023766725541, 6070.60266995697, 6040.8988781147, 6495.885896592712]
shares:[0, 3.471, 6.9626, 10.7562, 14.301, 17.5733, 20.946, 24.1338, 27.3565, 30.4786, 33.1879, 35.9367, 38.6511, 41.3285, 43.8887, 46.3707, 48.8896, 51.4155, 53.9111, 56.3591, 58.8071, 61.3857, 63.8082, 66.252, 68.6645, 71.08, 73.3496, 75.4338, 77.4969, 79.5951, 81.6793, 83.7592, 85.8067, 87.8741, 89.9479, 92.0162, 94.117, 96.2339, 98.3255, 100.4167, 102.5398, 104.701, 106.7418, 108.8139, 110.9316, 113.0565, 115.1965, 117.2336, 119.2213, 121.2181, 123.2585, 125.1857]
growth_rate:27.37
