ticker:QDEL
price:[154.41000366210938, 161.19000244140625, 189.30999755859375, 196.77000427246094, 235.33999633789062, 278.04998779296875, 255.25, 248.2100067138672, 268.2900085449219, 283.45001220703125, 198.64999389648438, 187.19000244140625, 188.0, 193.57000732421875, 202.55999755859375, 189.5, 197.49000549316406, 179.64999389648438, 198.5500030517578, 204.49000549316406, 233.61000061035156, 250.97000122070312, 237.0, 227.97000122070312, 182.58999633789062, 164.25999450683594, 151.3000030517578, 136.19000244140625, 137.1300048828125, 126.30000305175781, 130.30999755859375, 123.19999694824219, 128.8300018310547, 116.01000213623047, 104.79000091552734, 120.93000030517578, 118.20999908447266, 115.9800033569336, 118.11000061035156, 104.06999969482422, 114.7699966430664, 113.80000305175781, 119.08999633789062, 125.29000091552734, 123.0, 125.12000274658203, 150.2100067138672, 141.47000122070312, 125.01000213623047, 122.0199966430664, 118.75, 127.63999938964844]
assets:[0, 100.00227751464843, 217.4414631958008, 326.0085430786133, 489.90727037658695, 678.8034351989746, 723.148775, 803.2075817260743, 968.1781538360596, 1122.8872233581544, 886.9523577484131, 935.7815412048341, 1039.828, 1170.6339762939454, 1325.0057120300291, 1339.5755, 1496.065787612915, 1460.913750366211, 1714.618261354065, 1865.9099531234742, 2231.629613830566, 2497.477773147583, 2458.4484, 2464.78885619812, 2074.1493223999023, 1965.9293182556153, 1910.813128541565, 1819.9887166259766, 1932.5457328125, 1879.9250254241945, 2039.6120817871092, 2028.3277897567748, 2221.0163485671997, 2100.0014576698304, 1996.8992154464722, 2404.4632890678404, 2450.386892021942, 2504.1590464805604, 2650.152193695068, 2435.1235158592226, 2785.4907725265502, 2861.944896748352, 3094.9822788269043, 3356.105667523956, 3394.7630999999997, 3553.2704459999086, 4365.793761135864, 4211.774141342163, 3821.730779307556, 3830.317512622833, 3827.66875, 4214.226039848328]
shares:[0, 0.6204, 1.1486, 1.6568, 2.0817, 2.4413, 2.8331, 3.236, 3.6087, 3.9615, 4.4649, 4.9991, 5.531, 6.0476, 6.5413, 7.069, 7.5754, 8.132, 8.6357, 9.1247, 9.5528, 9.9513, 10.3732, 10.8119, 11.3596, 11.9684, 12.6293, 13.3636, 14.0928, 14.8846, 15.652, 16.4637, 17.2399, 18.1019, 19.0562, 19.8831, 20.7291, 21.5913, 22.438, 23.3989, 24.2702, 25.1489, 25.9886, 26.7867, 27.5997, 28.3989, 29.0646, 29.7715, 30.5714, 31.3909, 32.233, 33.0165]
growth_rate:-17.37
