ticker:QELLW
price:[2.690000057220459, 2.700000047683716, 3.4000000953674316, 3.0999999046325684, 3.825000047683716, 3.119999885559082, 3.390000104904175, 3.25, 3.759999990463257, 3.119999885559082, 3.859999895095825, 3.640000104904175, 3.799999952316284, 2.930000066757202, 1.8700000047683716, 2.7799999713897705, 2.259999990463257, 1.5499999523162842, 1.7999999523162842, 1.600000023841858, 1.6299999952316284, 1.409999966621399, 1.2699999809265137, 1.3899999856948853, 1.3300000429153442, 1.2799999713897705, 1.375, 1.600000023841858, 1.600000023841858, 1.649999976158142, 1.6200000047683716, 1.6690000295639038, 1.659999966621399, 1.5499999523162842, 1.6200000047683716, 1.5369999408721924, 1.524999976158142, 1.4900000095367432, 1.7000000476837158, 1.7450000047683716, 1.7549999952316284, 1.600000023841858]
assets:[0, 99.99990176606178, 225.9259263370514, 305.9913805865765, 477.55393345334534, 489.53422204399106, 631.8977145541907, 705.801525, 916.557901675272, 860.5480724352838, 1164.6522923479558, 1198.2731105340242, 1350.9444430478811, 1141.6493280113696, 828.6293531129479, 1331.866016293168, 1182.7400330090763, 911.1711919690132, 1158.1343693199158, 1129.4528168301583, 1250.63004734143, 1181.8333490227342, 1164.4882555111408, 1374.5185828542114, 1415.186944664085, 1461.9843513221026, 1670.491075, 2043.8441904556512, 2143.8441919457673, 2310.839321609271, 2368.8241089724897, 2540.4737358007906, 2626.7743191818954, 2552.7108864691972, 2767.994702147424, 2726.177563624978, 2804.8932636482837, 2840.518734180737, 3340.860323708606, 3529.2947921441196, 3649.5200330841776, 3427.197811069226]
shares:[0, 37.037, 66.4488, 98.7069, 124.8507, 156.902, 186.4005, 217.1697, 243.7654, 275.8167, 301.7234, 329.1959, 355.5117, 389.6414, 443.1173, 479.0885, 523.3363, 587.8524, 643.408, 705.908, 767.2577, 838.1797, 916.9199, 988.8623, 1064.0503, 1142.1753, 1214.9026, 1277.4026, 1339.9026, 1400.5087, 1462.2371, 1522.1532, 1582.3942, 1646.9103, 1708.6387, 1773.7005, 1839.2743, 1906.3884, 1965.2119, 2022.5185, 2079.4986, 2141.9986]
growth_rate:-16.41
