ticker:QELLU
price:[10.130000114440918, 10.119999885559082, 10.079999923706055, 10.1899995803833, 10.0, 10.135000228881836, 10.180000305175781, 10.600000381469727, 11.600000381469727, 11.739999771118164, 13.75, 12.859999656677246, 14.180000305175781, 13.25, 13.619999885559082, 14.369999885559082, 15.470000267028809, 13.649999618530273, 15.229999542236328, 14.529999732971191, 14.720000267028809, 12.75, 11.154999732971191, 11.449999809265137, 10.90999984741211, 10.470000267028809, 10.890000343322754, 10.729999542236328, 10.5600004196167, 10.343000411987305, 10.3100004196167, 10.359999656677246, 10.260000228881836, 10.329999923706055, 10.239999771118164, 10.449999809265137, 10.508999824523926, 10.5, 10.53499984741211, 10.4399995803833, 10.539999961853027, 10.40999984741211, 10.5, 10.869999885559082, 10.479999542236328, 10.395000457763672, 10.460000038146973, 10.571999549865723, 10.468000411987305, 10.541999816894531]
assets:[0, 99.99976686916351, 199.6041584892273, 301.78193257284164, 396.155, 501.5031218255997, 603.7300080986023, 728.6387262220384, 897.3783495105744, 1008.2088743440628, 1280.8235, 1297.9186133495332, 1531.1422529525757, 1530.72215, 1673.466231938839, 1865.6168491424562, 2108.4264473937037, 1960.3760902143479, 2287.291590251541, 2282.1631260589597, 2412.0059957551002, 2189.20305, 2015.3381057567597, 2168.6345438747403, 2166.3583027011873, 2178.9892335733416, 2366.3981636040685, 2431.6303502616884, 2493.1052190670966, 2541.8740609491347, 2633.7638391941073, 2746.5364009818077, 2820.0257009096144, 2939.265122291565, 3013.6565086395262, 3175.460252041054, 3293.389182507992, 3390.5686499999997, 3501.8708217792514, 3570.2919364986424, 3704.490624592495, 3758.7990229042057, 3891.2958, 4128.417260535431, 4080.295597773743, 4147.201856629944, 4273.133859583855, 4418.88754345274, 4475.417713738251, 4607.055272179413]
shares:[0, 9.8814, 19.802, 29.6155, 39.6155, 49.4823, 59.3055, 68.7395, 77.3602, 85.8781, 93.1508, 100.9268, 107.979, 115.5262, 122.8683, 129.8272, 136.2913, 143.6173, 150.1833, 157.0656, 163.8591, 171.7022, 180.6668, 189.4004, 198.5663, 208.1174, 217.3001, 226.6198, 236.0895, 245.7579, 255.4572, 265.1097, 274.8563, 284.5368, 294.3024, 303.8718, 313.3875, 322.9113, 332.4035, 341.982, 351.4697, 361.0758, 370.5996, 379.7992, 389.3412, 398.9612, 408.5214, 417.9803, 427.5332, 437.0191]
growth_rate:-5.98
