ticker:QELL
price:[11.0, 11.079999923706055, 12.930000305175781, 12.229999542236328, 13.149999618530273, 12.289999961853027, 12.65999984741211, 13.359999656677246, 14.270000457763672, 12.65999984741211, 13.970000267028809, 13.40999984741211, 13.6899995803833, 11.920000076293945, 10.569999694824219, 10.510000228881836, 10.210000038146973, 9.979999542236328, 10.1899995803833, 10.149999618530273, 10.010000228881836, 9.899999618530273, 9.930000305175781, 9.899999618530273, 9.869999885559082, 9.899999618530273, 9.890000343322754, 9.920000076293945, 9.930000305175781, 9.9399995803833, 9.9399995803833, 9.960000038146973, 9.949999809265137, 9.970000267028809, 9.949999809265137, 9.920000076293945, 9.949999809265137, 9.970000267028809, 9.960000038146973, 9.979999542236328, 9.979999542236328, 9.979999542236328]
assets:[0, 100.00032331142425, 216.69775411453247, 304.96604558525087, 427.90756258678437, 499.922786448288, 614.9734185878754, 748.9762767529488, 899.9918048706055, 898.4510711711882, 1091.418843861866, 1147.6680169410706, 1271.631205022812, 1207.2206557268141, 1170.4963982055665, 1263.8517005235672, 1327.7757909608843, 1397.8646038825989, 1527.278156107807, 1621.2827840669634, 1698.9202618463514, 1780.2506014028547, 1885.6454919509888, 1979.9484437080382, 2073.9485309529305, 2180.2521659898757, 2278.0498220805166, 2384.959474342537, 2487.3637904434204, 2589.8688786687853, 2689.869250447273, 2795.2819787059784, 2892.4758895531654, 2998.290144303894, 3092.275865723133, 3182.9520564798354, 3292.5783168834687, 3399.1968160414694, 3495.787705388928, 3602.8067807460784, 3702.806376159286, 3802.805971572495]
shares:[0, 9.0253, 16.7593, 24.9359, 32.5405, 40.6772, 48.5761, 56.0611, 63.0688, 70.9677, 78.1259, 85.583, 92.8876, 101.2769, 110.7376, 120.2523, 130.0466, 140.0666, 149.8801, 159.7323, 169.7223, 179.8233, 189.8938, 199.9948, 210.1265, 220.2275, 230.3387, 240.4193, 250.4898, 260.5502, 270.6106, 280.6508, 290.7011, 300.7312, 310.7815, 320.8621, 330.9124, 340.9425, 350.9827, 361.0027, 371.0227, 381.0427]
growth_rate:-7.25
