ticker:QFIN
price:[11.4399995803833, 10.65999984741211, 11.899999618530273, 11.859999656677246, 12.25, 12.550000190734863, 12.020000457763672, 12.489999771118164, 11.520000457763672, 12.069999694824219, 12.949999809265137, 12.449999809265137, 13.1899995803833, 11.829999923706055, 11.739999771118164, 11.359999656677246, 10.84000015258789, 11.789999961853027, 12.970000267028809, 14.260000228881836, 15.989999771118164, 17.399999618530273, 19.90999984741211, 27.559999465942383, 30.639999389648438, 23.43000030517578, 22.229999542236328, 31.489999771118164, 30.860000610351562, 24.219999313354492, 25.6200008392334, 26.5, 23.760000228881836, 26.899999618530273, 25.610000610351562, 23.670000076293945, 23.68000030517578, 26.989999771118164, 28.06999969482422, 36.56999969482422, 40.349998474121094, 43.20000076293945, 42.08000183105469, 35.7400016784668, 26.309999465942383, 29.59000015258789, 25.969999313354492, 21.25, 19.989999771118164, 18.700000762939453, 19.450000762939453, 22.219999313354492]
assets:[0, 100.00039256858827, 211.63316321582795, 310.9217509994507, 421.146425, 531.4598780771256, 609.0161611934661, 732.8295035707473, 775.9169588321686, 912.9614999168397, 1079.5236391001702, 1137.8428325681687, 1305.473613468647, 1270.8684998039246, 1361.2001434621811, 1417.14064517107, 1452.2716764427184, 1679.5468025657653, 1947.6439810984612, 2241.3568899751663, 2613.2744445934295, 2943.712795463371, 3468.3518384189606, 4900.991949028587, 5548.707793469239, 4343.022344567871, 4220.587713088989, 6078.690999817657, 6057.077479797364, 4853.8041183929445, 5234.371131462097, 5514.1624, 5044.019952589417, 5810.612427599525, 5631.961820223999, 5305.332275100327, 5407.574341690063, 6263.447791884422, 6614.077888092041, 8716.916552257539, 9717.925912506103, 10504.322105513, 10331.98700958252, 8875.31461681366, 6633.561213347625, 7560.549815987778, 6735.602394911003, 5611.4195, 5378.695245414925, 5131.59623936348, 5437.409148286056, 6311.7863409523015]
shares:[0, 9.3809, 17.7843, 26.216, 34.3793, 42.3474, 50.6669, 58.6733, 67.3539, 75.6389, 83.3609, 91.393, 98.9745, 107.4276, 115.9455, 124.7483, 133.9734, 142.4552, 150.1653, 157.1779, 163.4318, 169.1789, 174.2015, 177.8299, 181.0936, 185.3616, 189.86, 193.0356, 196.276, 200.4048, 204.308, 208.0816, 212.2904, 216.0079, 219.9126, 224.1374, 228.3604, 232.0655, 235.628, 238.3625, 240.8408, 243.1556, 245.532, 248.33, 252.1308, 255.5103, 259.3609, 264.0668, 269.0693, 274.4169, 279.5583, 284.0588]
growth_rate:23.76
