ticker:QH
price:[6.840000152587891, 8.199999809265137, 7.5, 6.860000133514404, 7.079999923706055, 7.019999980926514, 7.019999980926514, 7.559999942779541, 6.940000057220459, 6.900000095367432, 6.864999771118164, 7.099999904632568, 8.479999542236328, 7.730000019073486, 7.239999771118164, 7.880000114440918, 7.389999866485596, 7.539999961853027, 7.210000038146973, 7.53000020980835, 7.559999942779541, 8.100000381469727, 8.579999923706055, 8.130000114440918, 8.949999809265137, 6.980000019073486, 5.880000114440918, 6.730000019073486, 7.03000020980835, 5.940000057220459, 6.119999885559082, 6.005000114440918, 5.070000171661377, 5.130000114440918, 4.849999904632568, 4.949999809265137, 4.860000133514404, 4.599999904632568, 4.230000019073486, 4.440000057220459, 4.28000020980835, 3.8499999046325684, 3.4100000858306885, 3.7300000190734863, 3.690000057220459, 2.930000066757202, 2.9200000762939453, 2.990000009536743, 2.890000104904175, 2.8399999141693115, 2.049999952316284, 2.390000104904175]
assets:[0, 99.99981767396928, 191.46300000000002, 275.1251073546886, 383.94839586257933, 480.694498693943, 580.6943984222412, 725.36309450984, 765.875504314661, 861.4615619065762, 957.091494590187, 1089.8542453610419, 1401.6854123348237, 1377.7155843994617, 1390.3833120450972, 1613.2905474297525, 1612.9716698585987, 1745.7113091679573, 1769.3073323611259, 1947.8340992724893, 2055.5942244415282, 2302.4226784326556, 2538.862303424263, 2505.70505927124, 2858.4330390834807, 2329.2581143649104, 2062.1830721357346, 2460.2874529726982, 2669.9589296841623, 2355.9822226953506, 2527.3757407393455, 2579.884362666416, 2278.187339135456, 2405.148227654457, 2373.8731933216095, 2522.818882789993, 2576.94946079421, 2539.0877073595047, 2434.85695997901, 2655.7363062257764, 2660.0342543965817, 2492.787543251753, 2307.8976060904506, 2624.474638420343, 2696.330273811722, 2240.9885760587454, 2333.34023296566, 2489.276368939662, 2506.0231309661863, 2562.6662545509103, 1949.8119446466922, 2373.1955361665728]
shares:[0, 12.1951, 25.5284, 40.1057, 54.23, 68.475, 82.72, 95.9475, 110.3567, 124.8495, 139.4161, 153.5006, 165.2931, 178.2297, 192.0419, 204.7323, 218.2641, 231.5267, 245.3963, 258.6765, 271.904, 284.2497, 295.9047, 308.2048, 319.378, 333.7046, 350.7114, 365.5702, 379.795, 396.63, 412.9699, 429.6227, 449.3466, 468.8398, 489.4584, 509.6604, 530.2365, 551.9756, 575.6163, 598.1388, 621.5033, 647.4773, 676.8028, 703.6125, 730.7128, 764.8425, 799.0891, 832.5339, 867.136, 902.3473, 951.1278, 992.9688]
growth_rate:-53.47
