ticker:QIPT
price:[3.687999963760376, 4.044000148773193, 4.260000228881836, 3.759999990463257, 3.996000051498413, 3.9800000190734863, 4.51200008392334, 4.679999828338623, 4.880000114440918, 5.300000190734863, 4.995999813079834, 4.619999885559082, 4.820000171661377, 4.840000152587891, 4.559999942779541, 4.599999904632568, 5.0, 5.039999961853027, 5.420000076293945, 6.0, 6.604000091552734, 6.624000072479248, 7.0, 7.71999979019165, 7.559999942779541, 6.880000114440918, 6.4120001792907715, 6.4120001792907715, 6.480000019073486, 6.9720001220703125, 7.800000190734863, 7.300000190734863, 6.860000133514404, 6.800000190734863, 6.639999866485596, 6.639999866485596, 7.081999778747559, 6.989999771118164, 6.909999847412109, 6.099999904632568, 6.119999885559082, 5.579999923706055, 6.53000020980835, 6.199999809265137, 5.900000095367432, 6.230000019073486, 5.989999771118164, 5.5, 5.53000020980835, 5.820000171661377, 5.829999923706055, 6.5]
assets:[0, 100.00003567886353, 205.34138303260804, 281.2401032866716, 398.892313540721, 497.2950323832035, 663.7675515460968, 788.4821590786456, 922.1780136260032, 1101.5456796421051, 1138.362538209343, 1152.6890474470138, 1302.5891403909204, 1407.9942803890228, 1426.5398940992832, 1539.0532480922698, 1772.884, 1887.067209717083, 2129.3462159734727, 2457.21, 2804.568928080368, 2913.062345474482, 3178.4172, 3605.340262016773, 3630.6181525204183, 3404.054808622551, 3272.500225904846, 3372.500498301029, 3508.2661783263684, 3874.634686239624, 4434.789168444729, 4250.507601057529, 4094.3128756865503, 4158.502716642856, 4160.655124339247, 4260.654850328493, 4644.270641305924, 4683.93873262825, 4730.331607543946, 4275.835193151569, 4389.854497911931, 4102.514151907349, 4900.970852467775, 4753.294953771114, 4623.297304730844, 4981.888668252325, 4889.969857151032, 4589.9557, 4714.992096886921, 5062.251863311529, 5170.949914330674, 5865.21]
shares:[0, 24.728, 48.2022, 74.7979, 99.8229, 124.9485, 147.1116, 168.4791, 188.9709, 207.8388, 227.8548, 249.4998, 270.2467, 290.9079, 312.8377, 334.5768, 354.5768, 374.4181, 392.8683, 409.535, 424.6773, 439.7739, 454.0596, 467.013, 480.2405, 494.7754, 510.3712, 525.967, 541.3991, 555.7422, 568.5627, 582.2613, 596.8386, 611.5445, 626.6047, 641.6649, 655.7852, 670.0914, 684.5632, 700.9566, 717.2965, 735.2176, 750.5315, 766.6605, 783.6097, 799.6611, 816.3556, 834.5374, 852.6206, 869.8027, 886.9554, 902.34]
growth_rate:15.0
