ticker:QIWI
price:[16.15999984741211, 15.609999656677246, 16.610000610351562, 17.31999969482422, 17.31999969482422, 17.139999389648438, 16.309999465942383, 15.789999961853027, 14.59000015258789, 15.710000038146973, 16.030000686645508, 15.130000114440918, 14.829999923706055, 14.569999694824219, 11.229999542236328, 10.210000038146973, 10.449999809265137, 10.300000190734863, 10.520000457763672, 10.270000457763672, 10.329999923706055, 9.6899995803833, 10.430000305175781, 11.84000015258789, 11.489999771118164, 10.6899995803833, 10.800000190734863, 11.170000076293945, 10.859999656677246, 10.15999984741211, 10.630000114440918, 10.640000343322754, 10.880000114440918, 10.920000076293945, 10.550000190734863, 10.699999809265137, 10.630000114440918, 11.109999656677246, 10.989999771118164, 10.930000305175781, 11.09000015258789, 10.789999961853027, 10.8100004196167, 10.640000343322754, 10.279999732971191, 10.390000343322754, 10.420000076293945, 10.199999809265137, 9.869999885559082, 9.890000343322754, 9.010000228881836, 9.239999771118164]
assets:[0, 100.00077980060577, 206.40749458465578, 315.2309224456787, 415.2314046836853, 510.9159578063965, 586.1748568061828, 667.4859313874244, 716.7585604961395, 871.7808931168556, 989.5383543869019, 1033.9811818208693, 1113.4794012716293, 1193.9575659919738, 1020.2566884117126, 1027.5885168393136, 1151.7435939782142, 1235.2110428735732, 1361.5941912479402, 1429.2369377052307, 1537.586399643898, 1542.3242872110366, 1760.1074004997254, 2098.0503950386046, 2136.0300234500887, 2087.3068690665245, 2208.7857990085604, 2384.4576822864533, 2418.28191754961, 2362.407228520203, 2571.691478686428, 2674.110854286003, 2834.4293418138504, 2944.849928574562, 2945.0705332443235, 3086.9435249731064, 3166.748255092716, 3409.7433306316375, 3472.9146596717833, 3553.9540862297054, 3705.9786209907534, 3705.7262188987734, 3812.5952629952435, 3852.637724313736, 3822.2848287139896, 3963.1845889577867, 4074.627451833916, 4088.5985235452654, 4056.3202419676777, 4164.539695568371, 3893.9842459192278, 4093.386426603699]
shares:[0, 6.4062, 12.4267, 18.2004, 23.9741, 29.8084, 35.9396, 42.2727, 49.1267, 55.4921, 61.7304, 68.3398, 75.0829, 81.9463, 90.851, 100.6453, 110.2147, 119.9234, 129.4291, 139.1662, 148.8467, 159.1666, 168.7543, 177.2002, 185.9034, 195.2579, 204.5172, 213.4698, 222.6779, 232.5204, 241.9277, 251.3262, 260.5174, 269.6749, 279.1536, 288.4994, 297.9067, 306.9076, 316.0068, 325.1559, 334.173, 343.4408, 352.6915, 362.09, 371.8176, 381.4422, 391.0391, 400.843, 410.9747, 421.0859, 432.1847, 443.0072]
growth_rate:-19.74
