ticker:QK
price:[8.449999809265137, 7.46999979019165, 7.25, 6.449999809265137, 6.539999961853027, 6.199999809265137, 4.519999980926514, 4.15500020980835, 4.0, 3.440000057220459, 3.944000005722046, 3.759999990463257, 3.700000047683716, 4.171999931335449, 4.099999904632568, 3.4200000762939453, 2.990000009536743, 2.690000057220459, 2.6600000858306885, 2.6500000953674316, 2.5999999046325684, 2.7300000190734863, 3.319999933242798, 3.7300000190734863, 3.140000104904175, 2.5899999141693115, 2.4800000190734863, 3.0199999809265137, 3.069999933242798, 2.6700000762939453, 2.5999999046325684, 2.4700000286102295, 2.009999990463257, 2.0999999046325684, 1.9900000095367432, 1.9299999475479126, 1.5, 1.2699999809265137, 1.0299999713897705, 1.6799999475479126, 1.809999942779541, 1.2799999713897705, 1.5199999809265137, 1.409999966621399, 1.340000033378601, 1.1399999856948853, 1.0, 1.2799999713897705, 1.0800000429153442, 1.0099999904632568, 0.7070000171661377, 0.7850000262260437]
assets:[0, 100.0001401913166, 197.055, 275.31114685869215, 379.1525737884522, 459.4410658658981, 434.94739416460993, 499.8245037388325, 581.1788, 599.8138899772167, 787.6937091428042, 850.9451498416901, 937.3661520802974, 1156.9435589585305, 1236.9769412274838, 1131.8199552488327, 1089.5150404750586, 1080.1991129775047, 1168.1523376929758, 1263.7606654798508, 1339.9159308521748, 1506.9116895282268, 1932.5812571404458, 2271.243636614084, 2011.985211218357, 1759.5672056892395, 1784.8366697270392, 2273.470481641388, 2411.1107145703554, 2196.9596337770463, 2239.3611978607178, 2227.3931678000927, 1912.5748889255046, 2098.2123847137455, 2088.3062090078593, 2125.3421902390483, 1751.8204500000002, 1583.2080112226008, 1384.0190985562087, 2357.429182397568, 2639.8492595450875, 1966.8547400373698, 2435.640065436745, 2359.376632147026, 2342.2446163439154, 2092.65579374063, 1935.663, 2577.648582385063, 2274.8911383960485, 2227.4443839677574, 1659.2111126860618, 1942.2640993890466]
shares:[0, 13.3869, 27.18, 42.6839, 57.9744, 74.1034, 96.2273, 120.2947, 145.2947, 174.3645, 199.7195, 226.3152, 253.3422, 277.3115, 301.7017, 330.9415, 364.3863, 401.561, 439.155, 476.8908, 515.3523, 551.9823, 582.1028, 608.9125, 640.7596, 679.3696, 719.6922, 752.8048, 785.3781, 822.8313, 861.2928, 901.7786, 951.5298, 999.1488, 1049.4001, 1101.2136, 1167.8803, 1246.6205, 1343.7079, 1403.2317, 1458.4803, 1536.6053, 1602.3948, 1673.3168, 1747.9437, 1835.663, 1935.663, 2013.788, 2106.3806, 2205.3905, 2346.8332, 2474.2217]
growth_rate:-61.92
