ticker:QLGN
price:[4.079999923706055, 4.489999771118164, 4.71999979019165, 4.46999979019165, 4.78000020980835, 5.070000171661377, 4.730000019073486, 4.420000076293945, 3.8399999141693115, 3.880000114440918, 3.440000057220459, 3.5399999618530273, 3.549999952316284, 3.559999942779541, 3.8299999237060547, 3.3299999237060547, 3.200000047683716, 3.009999990463257, 3.2699999809265137, 3.4000000953674316, 3.4800000190734863, 3.4000000953674316, 3.990000009536743, 3.950000047683716, 3.9700000286102295, 3.2899999618530273, 2.880000114440918, 3.3299999237060547, 3.0299999713897705, 2.7699999809265137, 2.75, 2.5999999046325684, 1.8200000524520874, 2.009999990463257, 2.1500000953674316, 1.8700000047683716, 1.590000033378601, 1.899999976158142, 1.909999966621399, 2.0799999237060547, 2.240000009536743, 2.009999990463257, 2.1600000858306885, 1.9500000476837158, 1.8799999952316284, 1.7000000476837158, 1.7599999904632568, 1.7699999809265137, 1.7899999618530273, 1.7799999713897705, 1.1799999475479126, 1.3200000524520874]
assets:[0, 99.99992790241241, 205.12222288212777, 294.2578511884212, 414.66501820087433, 539.8226912774563, 603.6213174340725, 664.0603694623948, 676.921328869629, 783.9726471233367, 795.0686372250557, 918.1811181056976, 1020.7747962889193, 1123.6502579393864, 1308.8710679271699, 1238.0000656360626, 1289.669779217577, 1313.0956398396493, 1526.5190490960122, 1687.2065273248672, 1826.9053540130615, 1884.9076928702355, 2311.99473252604, 2388.817038837385, 2500.9122370230916, 2172.5442368097306, 2001.801679544449, 2414.5829446792604, 2297.0529773104904, 2199.946172851753, 2284.062, 2259.4766171228885, 1681.6338204643964, 1957.1888487138272, 2193.5105072974206, 2007.8438761198638, 1807.2042139383313, 2259.552171646357, 2371.444498557329, 2682.515373605919, 2988.862924725008, 2781.9706368005277, 3089.580530768895, 2889.2047006502626, 2885.489604681337, 2709.2193559915545, 2904.8388002598285, 3021.3435934420586, 3155.4829957530023, 3237.854657957435, 2246.442954143536, 2612.970331830108]
shares:[0, 22.2717, 43.4581, 65.8295, 86.75, 106.4739, 127.6155, 150.2399, 176.2816, 202.0548, 231.1246, 259.3732, 287.5422, 315.6321, 341.7418, 371.7718, 403.0218, 436.2444, 466.8254, 496.2372, 524.9728, 554.3846, 579.4473, 604.7638, 629.9527, 660.3478, 695.07, 725.1, 758.1033, 794.2044, 830.568, 869.0295, 923.9746, 973.7258, 1020.2374, 1073.7133, 1136.6064, 1189.238, 1241.594, 1289.6709, 1334.3138, 1384.065, 1430.3613, 1481.6434, 1534.8349, 1593.6584, 1650.4766, 1706.9738, 1762.8397, 1819.0195, 1903.7653, 1979.5229]
growth_rate:-48.77
