ticker:QLI
price:[8.75, 8.100000381469727, 6.929999828338623, 7.099999904632568, 7.329999923706055, 6.929999828338623, 5.5, 4.630000114440918, 4.980000019073486, 5.099999904632568, 4.460000038146973, 4.679999828338623, 4.610000133514404, 4.179999828338623, 4.28000020980835, 4.599999904632568, 4.5, 4.25, 4.585000038146973, 4.699999809265137, 4.849999904632568, 4.590000152587891, 4.519999980926514, 4.400000095367432, 4.099999904632568, 4.25, 4.189000129699707, 4.159999847412109, 4.260000228881836, 4.289999961853027, 4.199999809265137, 4.184000015258789, 4.150000095367432, 4.139999866485596, 4.130000114440918]
assets:[0, 100.00017470951082, 185.55559640364646, 290.10741610326767, 399.5055198417664, 477.70429216690064, 479.1303, 503.3407394412041, 641.3901384565354, 756.8450858473778, 761.8683565163612, 899.4491670084, 985.9960485563279, 994.0265311779975, 1117.8072267956256, 1301.3813730196953, 1373.0903999999998, 1396.80755, 1606.9090898694037, 1747.2131790947915, 1902.9755475810528, 1900.9604971946717, 1971.9697716786861, 2019.6167637740136, 1981.9153538999558, 2154.42445, 2223.5019994440077, 2308.1089393390653, 2463.5926383642195, 2580.9416260500907, 2626.795800709152, 2716.789198707962, 2794.7121542227746, 2887.9777948631286, 2981.002281602573]
shares:[0, 12.3457, 26.7757, 40.8602, 54.5028, 68.9328, 87.1146, 108.7129, 128.7932, 148.401, 170.8225, 192.19, 213.882, 237.8054, 261.1699, 282.909, 305.1312, 328.6606, 350.4709, 371.7475, 392.3661, 414.1526, 436.2765, 459.0038, 483.394, 506.9234, 530.7954, 554.8339, 578.3081, 601.6181, 625.4276, 649.3282, 673.4246, 697.5792, 721.7923]
growth_rate:-12.32
