ticker:QLYS
price:[100.2699966430664, 96.2300033569336, 93.83999633789062, 99.19000244140625, 96.12999725341797, 99.9000015258789, 101.62000274658203, 97.66999816894531, 87.8499984741211, 91.98999786376953, 92.80000305175781, 91.33000183105469, 93.70999908447266, 91.81999969482422, 95.05000305175781, 124.54000091552734, 120.36000061035156, 121.87000274658203, 122.18000030517578, 119.98999786376953, 126.27999877929688, 138.47000122070312, 124.63999938964844, 103.54000091552734, 102.47000122070312, 97.16000366210938, 96.88999938964844, 100.52999877929688, 100.7699966430664, 105.33000183105469, 103.87999725341797, 104.16000366210938, 104.79000091552734, 102.88999938964844, 101.36000061035156, 97.93000030517578, 99.83000183105469, 99.41999816894531, 96.68000030517578, 100.04000091552734, 102.87000274658203, 105.94999694824219, 101.54000091552734, 102.30000305175781, 106.69000244140625, 99.75, 100.44999694824219, 101.55999755859375, 102.37000274658203, 110.55999755859375, 109.69999694824219, 115.0]
assets:[0, 100.00221948852538, 197.51442429199219, 308.77847760009763, 399.2567175926208, 514.9145778648376, 623.7842248596191, 699.541827885437, 729.2076973342895, 863.5745029457092, 971.179871937561, 1055.7930871673584, 1183.3042714393616, 1259.439843814087, 1403.7459700698853, 1939.274624256134, 1974.1808380111695, 2098.942683303833, 2204.286039505768, 2264.7752126792907, 2483.49822399292, 2823.237160888672, 2641.258691065979, 2294.125446285248, 2370.4180442382813, 2347.5800084838866, 2441.0563336227415, 2632.76003203125, 2739.0494327545166, 2962.9961495086673, 3022.2015360931396, 3130.351838058472, 3249.2864323883055, 3290.3707354812623, 3341.44391612091, 3328.3665063720705, 3492.9419510665894, 3578.593008091736, 3579.9637313003545, 3804.381178816223, 4012.002116118622, 4232.11965309906, 4155.961159471893, 4287.065767889404, 4571.037133599853, 4373.698350000001, 4504.388808152771, 4654.159540118409, 4791.274423549652, 5274.59636352539, 5333.569971624755, 5691.258]
shares:[0, 1.0392, 2.1048, 3.113, 4.1533, 5.1543, 6.1384, 7.1623, 8.3006, 9.3877, 10.4653, 11.5602, 12.6273, 13.7164, 14.7685, 15.5715, 16.4023, 17.2228, 18.0413, 18.8747, 19.6666, 20.3888, 21.1911, 22.1569, 23.1328, 24.162, 25.1941, 26.1888, 27.1812, 28.1306, 29.0932, 30.0533, 31.0076, 31.9795, 32.9661, 33.9872, 34.9889, 35.9947, 37.029, 38.0286, 39.0007, 39.9445, 40.9293, 41.9068, 42.8441, 43.8466, 44.8421, 45.8267, 46.8035, 47.708, 48.6196, 49.4892]
growth_rate:11.59
