ticker:QMCO
price:[5.329999923706055, 5.239999771118164, 5.0, 4.480000019073486, 4.539999961853027, 4.829999923706055, 4.739999771118164, 4.849999904632568, 4.179999828338623, 4.650000095367432, 5.199999809265137, 5.619999885559082, 5.940000057220459, 5.559999942779541, 5.760000228881836, 6.46999979019165, 5.909999847412109, 6.119999885559082, 6.739999771118164, 6.880000114440918, 7.159999847412109, 7.130000114440918, 8.050000190734863, 8.359999656677246, 8.399999618530273, 8.34000015258789, 8.520000457763672, 9.0600004196167, 8.90999984741211, 8.039999961853027, 8.649999618530273, 8.329999923706055, 7.960000038146973, 8.449999809265137, 8.520000457763672, 9.300000190734863, 8.720000267028809, 9.0, 7.510000228881836, 7.03000020980835, 7.539999961853027, 7.619999885559082, 7.070000171661377, 6.929999828338623, 6.679999828338623, 6.070000171661377, 6.239999771118164, 6.199999809265137, 6.400000095367432, 5.510000228881836, 5.610000133514404, 6.090000152587891]
assets:[0, 100.00015563201904, 195.42000000000002, 275.0961931712151, 378.78036881732936, 502.9754230550766, 593.6029693365097, 707.3787910905362, 709.6582168562412, 889.4524832418919, 1094.6566398482323, 1283.0712638726234, 1456.1286440269946, 1462.9755409438608, 1615.6005761981964, 1914.7459719088556, 1849.0185092609406, 2014.7198743257525, 2318.8254772556306, 2466.991225035572, 2667.3920711547853, 2756.215624238968, 3211.856696100998, 3435.5426949114803, 3551.9809986936566, 3626.6098683521273, 3804.882252429199, 4146.036486024952, 4177.392840460206, 3869.4992216405867, 4263.080516995811, 4205.371306483269, 4118.578047737598, 4472.108319054794, 4609.155811641312, 5131.120725234794, 4911.1154863909715, 5168.8116, 4413.086414497376, 4231.025310273742, 4637.97009253521, 4787.179584103775, 4541.648627272368, 4551.714670250559, 4487.511660680771, 4177.7243571472645, 4394.727630802346, 4466.556122592258, 4710.638790193987, 4155.565583619499, 4330.984057074642, 4801.549782305145]
shares:[0, 19.084, 39.084, 61.4054, 83.4318, 104.1357, 125.2327, 145.8513, 169.7747, 191.2801, 210.5109, 228.3045, 245.1395, 263.1251, 280.4862, 295.9422, 312.8627, 329.2026, 344.0394, 358.5743, 372.5408, 386.566, 398.9884, 410.9501, 422.8549, 434.8453, 446.5824, 457.6199, 468.8432, 481.281, 492.8417, 504.8465, 517.4093, 529.2436, 540.9807, 551.7334, 563.2013, 574.3124, 587.628, 601.8528, 615.1154, 628.2388, 642.3831, 656.8131, 671.7832, 688.2577, 704.2833, 720.4123, 736.0373, 754.1861, 772.0114, 788.4318]
growth_rate:-5.85
