ticker:QNST
price:[14.359999656677246, 14.710000038146973, 15.170000076293945, 15.170000076293945, 16.809999465942383, 17.190000534057617, 16.020000457763672, 17.15999984741211, 16.010000228881836, 17.18000030517578, 17.350000381469727, 17.5, 18.110000610351562, 19.219999313354492, 20.940000534057617, 22.0, 22.34000015258789, 21.440000534057617, 21.479999542236328, 19.700000762939453, 22.06999969482422, 21.170000076293945, 24.079999923706055, 24.760000228881836, 24.600000381469727, 23.889999389648438, 23.1200008392334, 23.40999984741211, 22.139999389648438, 20.5, 20.700000762939453, 20.15999984741211, 20.200000762939453, 20.510000228881836, 20.270000457763672, 18.65999984741211, 18.030000686645508, 18.059999465942383, 18.110000610351562, 17.829999923706055, 17.860000610351562, 18.049999237060547, 18.639999389648438, 18.549999237060547, 18.360000610351562, 17.899999618530273, 18.6200008392334, 18.34000015258789, 18.760000228881836, 17.25, 16.68000030517578, 17.739999771118164]
assets:[0, 100.00005125932694, 203.12781802158355, 303.12845852451323, 435.89841515140535, 545.751574955368, 608.606225390625, 751.915157313919, 801.5246514587402, 960.099163054657, 1069.5997635169983, 1178.84725, 1319.9383394851684, 1500.8397743816377, 1735.149170253563, 1922.9848, 2052.7042120204924, 2070.0084675626754, 2173.8704656723025, 2093.7259310855866, 2445.609771183014, 2445.8801928146363, 2882.0870308685303, 3063.475596318817, 3143.678328748703, 3152.9471724472046, 3151.3254743900297, 3290.8537055500033, 3212.3235074432373, 3074.3727000000003, 3204.366328103256, 3220.773671622467, 3327.164345664596, 3478.225306815338, 3537.524533889007, 3356.547710552597, 3343.223695321655, 3448.7862600149156, 3558.3344149246213, 3603.3181745815277, 3709.381032765198, 3848.842852316666, 4074.6498105789187, 4154.975374110794, 4212.417560035706, 4206.8776003465655, 4476.093655744743, 4508.7844995128635, 4712.039305489349, 4432.765275, 4386.2913082511905, 4765.036672521401]
shares:[0, 6.7981, 13.3901, 19.9821, 25.9309, 31.7482, 37.9904, 43.8179, 50.064, 55.8847, 61.6484, 67.3627, 72.8845, 78.0874, 82.8629, 87.4084, 91.8847, 96.5489, 101.2044, 106.2805, 110.8115, 115.5352, 119.688, 123.7268, 127.7918, 131.9777, 136.303, 140.5747, 145.0914, 149.9694, 154.8003, 159.7606, 164.7111, 169.5868, 174.5202, 179.8793, 185.4256, 190.9627, 196.4845, 202.093, 207.6921, 213.2323, 218.5971, 223.9879, 229.4345, 235.0211, 240.3917, 245.8443, 251.1748, 256.9719, 262.9671, 268.6041]
growth_rate:-6.57
