ticker:QQEW
price:[86.58999633789062, 83.63999938964844, 83.95999908447266, 84.70999908447266, 85.7300033569336, 89.81999969482422, 90.3499984741211, 89.5199966430664, 84.63999938964844, 92.19000244140625, 93.12999725341797, 93.11000061035156, 95.87000274658203, 98.66000366210938, 97.31999969482422, 100.75, 99.94000244140625, 100.87000274658203, 103.26000213623047, 101.9800033569336, 104.01000213623047, 100.44999694824219, 105.51000213623047, 108.5999984741211, 107.5199966430664, 101.93000030517578, 99.7699966430664, 102.04000091552734, 101.77999877929688, 102.80000305175781, 105.08999633789062, 107.01000213623047, 108.52999877929688, 108.33999633789062, 107.0, 105.97000122070312, 104.01000213623047, 104.94999694824219, 106.87999725341797, 107.37999725341797, 108.9800033569336, 108.20999908447266, 110.93000030517578, 112.4800033569336, 112.01000213623047, 110.63999938964844, 113.77999877929688, 114.33999633789062, 114.9000015258789, 114.55999755859375, 113.94999694824219, 116.66000366210938]
assets:[0, 99.99998327026367, 200.37893381500245, 302.1690377342224, 405.81154389038085, 525.1685562156676, 628.2667843894959, 722.4979889068603, 783.1146663528442, 952.9680552368163, 1062.6877726593018, 1162.4597356201173, 1296.919810155487, 1434.6644432525634, 1515.1750752487183, 1668.5811999999999, 1755.1663108764649, 1871.5016829589842, 2015.841761703491, 2090.8552168258666, 2232.470685852051, 2256.0567064590455, 2469.7042730033872, 2642.0316228782654, 2715.7615792098995, 2674.5718570075987, 2717.8943405517575, 2879.7320898376465, 2972.393262350464, 3102.1854120925905, 3271.2939510040283, 3431.061698493958, 3579.79689173584, 3673.527591827393, 3728.094, 3792.2106726837155, 3822.065949500275, 3956.6043899490355, 4129.36213388443, 4248.682875326538, 4411.990047903442, 4480.813747089385, 4693.448312911987, 4859.023665016174, 4938.722612190247, 4978.313156536866, 5219.600554000855, 5345.291922799683, 5471.4691326614375, 5555.277769610596, 5625.699954335022, 5859.493669937134]
shares:[0, 1.1956, 2.3866, 3.5671, 4.7336, 5.8469, 6.9537, 8.0708, 9.2523, 10.337, 11.4108, 12.4848, 13.5279, 14.5415, 15.569, 16.5616, 17.5622, 18.5536, 19.522, 20.5026, 21.464, 22.4595, 23.4073, 24.3281, 25.2582, 26.2393, 27.2416, 28.2216, 29.2041, 30.1769, 31.1285, 32.063, 32.9844, 33.9074, 34.842, 35.7857, 36.7471, 37.6999, 38.6355, 39.5668, 40.4844, 41.4085, 42.31, 43.199, 44.0918, 44.9956, 45.8745, 46.7491, 47.6194, 48.4923, 49.3699, 50.2271]
growth_rate:14.89
