ticker:QQQ
price:[283.5799865722656, 270.45001220703125, 266.8699951171875, 271.55999755859375, 274.30999755859375, 285.7099914550781, 288.510009765625, 284.739990234375, 269.3800048828125, 294.6099853515625, 290.92999267578125, 290.3800048828125, 299.010009765625, 305.5199890136719, 301.8500061035156, 310.05999755859375, 309.55999755859375, 313.739990234375, 319.0299987792969, 311.8599853515625, 325.4200134277344, 314.55999755859375, 331.3599853515625, 336.45001220703125, 331.0199890136719, 314.1400146484375, 308.67999267578125, 315.4599914550781, 313.1400146484375, 316.0, 324.57000732421875, 337.1099853515625, 342.010009765625, 339.4200134277344, 337.989990234375, 334.20001220703125, 326.3900146484375, 327.010009765625, 333.92999267578125, 335.6000061035156, 341.239990234375, 342.6300048828125, 349.4599914550781, 358.6400146484375, 361.010009765625, 357.6000061035156, 368.20001220703125, 364.57000732421875, 368.04998779296875, 368.82000732421875, 367.7300109863281, 376.0400085449219]
assets:[0, 100.01241451416016, 198.6847113647461, 302.16480928344725, 405.2381593933106, 522.0778673858642, 627.1919102294922, 718.9969493408204, 780.2053081420898, 953.2695296020507, 1041.3548157836915, 1139.3930631591797, 1273.2444235839846, 1400.9619096221923, 1484.1361100097656, 1624.4973452087402, 1721.8655744201658, 1845.1048825683595, 1976.2313274383544, 2031.8301765625001, 2220.1780416107176, 2246.084206567383, 2466.0472829833984, 2603.9212244750975, 2661.897241653442, 2626.1476944580077, 2680.515320397949, 2839.3922910888673, 2918.4962505249023, 3045.1656, 3227.751351837158, 3452.4444929809574, 3602.630839868164, 3675.3417313995365, 3759.8682493652345, 3817.700419445801, 3828.489593823242, 3935.761673535156, 4119.059852655029, 4239.668437106324, 4410.902237768555, 4528.883404541016, 4719.177616607666, 4943.135321899414, 5075.800737304688, 5127.8410475219725, 5379.844018359375, 5426.806844024658, 5578.607274975586, 5690.265719000244, 5773.434718487549, 6003.892380429077]
shares:[0, 0.3698, 0.7445, 1.1127, 1.4773, 1.8273, 2.1739, 2.5251, 2.8963, 3.2357, 3.5794, 3.9238, 4.2582, 4.5855, 4.9168, 5.2393, 5.5623, 5.881, 6.1945, 6.5152, 6.8225, 7.1404, 7.4422, 7.7394, 8.0415, 8.3598, 8.6838, 9.0008, 9.3201, 9.6366, 9.9447, 10.2413, 10.5337, 10.8283, 11.1242, 11.4234, 11.7298, 12.0356, 12.3351, 12.6331, 12.9261, 13.218, 13.5042, 13.783, 14.06, 14.3396, 14.6112, 14.8855, 15.1572, 15.4283, 15.7002, 15.9661]
growth_rate:17.72
