ticker:QQQJ
price:[26.579999923706055, 26.450000762939453, 24.940000534057617, 27.329999923706055, 27.459999084472656, 28.170000076293945, 28.920000076293945, 29.850000381469727, 29.920000076293945, 31.0, 31.25, 30.8700008392334, 32.27000045776367, 32.29999923706055, 33.040000915527344, 31.34000015258789, 33.65999984741211, 34.849998474121094, 34.5, 33.060001373291016, 31.56999969482422, 33.189998626708984, 33.06999969482422, 31.459999084472656, 32.369998931884766, 32.75, 33.209999084472656, 33.470001220703125, 33.0099983215332, 31.950000762939453, 31.270000457763672, 31.920000076293945, 32.84000015258789, 32.650001525878906, 33.43000030517578, 33.13999938964844, 34.25, 34.470001220703125, 34.349998474121094, 32.93000030517578, 34.2599983215332, 33.880001068115234, 34.09000015258789, 33.65999984741211, 33.2400016784668, 34.7400016784668, 34.88999938964844, 34.790000915527344]
assets:[0, 99.99951788444518, 194.29008616046906, 312.9093681264877, 414.3988461837768, 525.1141544221878, 639.094405685997, 759.6466897079467, 861.426722196579, 992.5208000000001, 1100.5249999999999, 1187.1429262737274, 1340.9830960224153, 1442.2304959339142, 1575.2712516502381, 1594.2187977619171, 1812.2341957847595, 1976.3015934692382, 2056.4553, 2070.6206180122376, 2077.2996659194946, 2283.8967374999997, 2375.639647077179, 2359.9812693214417, 2528.245818575287, 2657.9245, 2795.2557339408872, 2917.1415493926997, 2977.04961162529, 2981.4526611946103, 3017.9990781806946, 3180.732247602463, 3372.408579669571, 3452.8976463691715, 3635.3854991867065, 3703.848949784851, 3927.9064500000004, 4053.137858535767, 4139.0271111381535, 4067.9219696990967, 4332.221325755691, 4384.1703902172085, 4511.344487192917, 4554.44033135376, 4597.610776158142, 4905.0832709896085, 5026.263779072571, 5111.858347522735]
shares:[0, 3.7807, 7.7903, 11.4493, 15.091, 18.6409, 22.0987, 25.4488, 28.791, 32.0168, 35.2168, 38.4562, 41.5551, 44.6511, 47.6777, 50.8685, 53.8394, 56.7088, 59.6074, 62.6322, 65.7998, 68.8128, 71.8367, 75.0153, 78.1046, 81.158, 84.1691, 87.1569, 90.1863, 93.3162, 96.5142, 99.647, 102.6921, 105.7549, 108.7462, 111.7637, 114.6834, 117.5845, 120.4957, 123.5324, 126.4513, 129.4029, 132.3363, 135.3072, 138.3156, 141.1941, 144.0603, 146.9347]
growth_rate:8.76
