ticker:QQQM
price:[118.5, 117.0, 110.86000061035156, 121.0, 119.55000305175781, 119.38999938964844, 122.75, 125.44999694824219, 123.97000122070312, 127.43000030517578, 127.19000244140625, 128.91000366210938, 131.13999938964844, 128.10000610351562, 133.77999877929688, 129.3699951171875, 136.19000244140625, 138.2899932861328, 135.9600067138672, 129.72000122070312, 126.9800033569336, 129.6199951171875, 128.77999877929688, 129.94000244140625, 133.38999938964844, 138.5, 140.58999633789062, 139.5, 138.8300018310547, 137.42999267578125, 134.19000244140625, 134.3300018310547, 137.22999572753906, 137.9499969482422, 140.22000122070312, 140.7899932861328, 143.6199951171875, 147.3699951171875, 148.33999633789062, 146.9600067138672, 151.22000122070312, 149.83999633789062, 151.25999450683594, 151.57000732421875, 151.1199951171875, 154.52999877929688, 156.27999877929688, 156.1300048828125]
assets:[0, 99.9999, 194.74776307220458, 312.5551, 408.813190435791, 508.26710540161133, 622.575725, 736.2660320892334, 827.5741401489258, 950.6660312767029, 1048.8723551330565, 1163.051835040283, 1283.1655520278932, 1353.4149944854737, 1513.4263701904297, 1563.5398869873047, 1745.9694502990724, 1872.889037072754, 1941.3321478652954, 1952.2341303710937, 2010.995011164093, 2152.80665090332, 2238.853156777954, 2359.021762322998, 2521.6579044616697, 2718.2564, 2859.2771685211183, 2937.10275, 3022.9955238708494, 3092.5046671875, 3119.595500756836, 3222.8454039306644, 3392.421555381775, 3510.2204423461912, 3667.9869679321287, 3782.900408604431, 3958.94261340332, 4162.318142089844, 4289.7108480987545, 4349.81045472107, 4575.902114938354, 4634.146518740845, 4778.0612104797365, 4887.85991019287, 4973.343927307129, 5185.5631690368655, 5344.291490255737, 5439.163432104492]
shares:[0, 0.8547, 1.7567, 2.5831, 3.4196, 4.2572, 5.0719, 5.869, 6.6756, 7.4603, 8.2465, 9.0222, 9.7847, 10.5653, 11.3128, 12.0858, 12.8201, 13.5432, 14.2787, 15.0496, 15.8371, 16.6086, 17.3851, 18.1547, 18.9044, 19.6264, 20.3377, 21.0545, 21.7748, 22.5024, 23.2476, 23.992, 24.7207, 25.4456, 26.1588, 26.8691, 27.5654, 28.244, 28.9181, 29.5986, 30.2599, 30.9273, 31.5884, 32.2482, 32.9099, 33.557, 34.1969, 34.8374]
growth_rate:15.73
