ticker:QQQN
price:[25.065000534057617, 25.469999313354492, 25.739999771118164, 26.631000518798828, 28.219999313354492, 28.090999603271484, 27.607999801635742, 25.735000610351562, 28.635000228881836, 27.399999618530273, 28.415000915527344, 29.23900032043457, 29.929000854492188, 30.319000244140625, 31.87700080871582, 32.22999954223633, 31.709999084472656, 33.08000183105469, 32.9640007019043, 33.70000076293945, 31.979999542236328, 34.290000915527344, 35.555999755859375, 35.323001861572266, 33.724998474121094, 31.899999618530273, 33.619998931884766, 33.349998474121094, 31.049999237060547, 32.119998931884766, 32.54999923706055, 33.029998779296875, 33.34000015258789, 32.790000915527344, 31.389999389648438, 30.690000534057617, 31.530000686645508, 32.5, 32.34000015258789, 32.959999084472656, 32.61000061035156, 34.0, 34.25, 33.970001220703125, 32.310001373291016, 33.900001525878906, 33.25, 33.5880012512207, 33.34000015258789, 32.709999084472656, 34.22999954223633, 34.369998931884766]
assets:[0, 100.0003113040924, 201.06028621215822, 308.019478200531, 426.3985456249237, 524.4505352931976, 615.4320099781036, 673.6805519775392, 849.5947297908782, 912.9515472896576, 1046.7716942268373, 1177.1270661003114, 1304.9044372558594, 1421.9095691497803, 1594.9784862644196, 1712.6409386753082, 1785.0097554634094, 1962.1303846084595, 2055.2494049625398, 2201.1391398319247, 2188.7975146694184, 2446.9001753311154, 2637.2418358917234, 2719.9594508457185, 2696.9105604789734, 2650.969718298912, 2893.905286059952, 2970.664454081726, 2865.7907295837404, 3064.5466140918734, 3205.5727498645783, 3352.8454490875247, 3484.3134059467316, 3526.833476472473, 3476.2509534072874, 3498.730647883797, 3694.493147456932, 3908.151, 3988.909404820633, 4165.382508298492, 4221.1493530059815, 4501.0764, 4634.172275000001, 4696.288125759887, 4566.7957551052095, 4891.532920173645, 4897.741625, 5047.530934430695, 5110.261871388245, 5113.698080871582, 5451.32596109848, 5573.621187788773]
shares:[0, 3.9262, 7.8112, 11.5662, 15.1098, 18.6697, 22.2918, 26.1776, 29.6698, 33.3194, 36.8387, 40.2588, 43.6, 46.8983, 50.0354, 53.1381, 56.2917, 59.3147, 62.3483, 65.3157, 68.4427, 71.359, 74.1715, 77.0025, 79.9677, 83.1025, 86.0769, 89.0754, 92.296, 95.4093, 98.4815, 101.5091, 104.5085, 107.5582, 110.7439, 114.0023, 117.1739, 120.2508, 123.3429, 126.3769, 129.4434, 132.3846, 135.3043, 138.2481, 141.3431, 144.293, 147.3005, 150.2778, 153.2772, 156.3344, 159.2558, 162.1653]
growth_rate:9.29
