ticker:QQQX
price:[24.81999969482422, 24.65999984741211, 24.229999542236328, 24.030000686645508, 24.31999969482422, 24.579999923706055, 24.450000762939453, 23.979999542236328, 22.520000457763672, 24.25, 24.610000610351562, 24.8799991607666, 25.440000534057617, 25.860000610351562, 25.34000015258789, 25.489999771118164, 25.540000915527344, 26.010000228881836, 25.940000534057617, 25.68000030517578, 26.770000457763672, 25.860000610351562, 26.739999771118164, 26.969999313354492, 27.270000457763672, 26.5, 26.489999771118164, 26.989999771118164, 27.219999313354492, 26.940000534057617, 27.469999313354492, 28.219999313354492, 28.40999984741211, 28.100000381469727, 28.260000228881836, 28.1299991607666, 27.059999465942383, 27.799999237060547, 28.489999771118164, 28.93000030517578, 29.56999969482422, 28.6200008392334, 28.920000076293945, 29.520000457763672, 29.270000457763672, 29.15999984741211, 29.469999313354492, 29.510000228881836, 29.440000534057617, 29.489999771118164, 29.40999984741211, 30.0]
assets:[0, 100.0012313812256, 198.2571252544403, 296.6215224758148, 400.2001869781494, 504.4774604341507, 601.8098737789154, 690.2403068237304, 748.2157552089691, 905.69385, 1019.1395012756348, 1130.3207538728714, 1255.761674361992, 1376.4942144882202, 1448.8145087242126, 1557.3905550157547, 1660.4448495216368, 1791.0017977603911, 1886.1830408330918, 1967.2780553787231, 2150.779469778061, 2177.668065397644, 2351.772283869934, 2472.000015063858, 2599.4964316360474, 2626.0969999999998, 2725.105746454239, 2876.542894606209, 3001.0566422960283, 3070.187526863289, 3230.5872932476045, 3418.7908328144076, 3541.8093379772185, 3603.16188891449, 3723.6789301586145, 3806.54867343502, 3761.756649757767, 3964.6273911952976, 4163.029991555214, 4327.323408647919, 4523.053766320038, 4477.742231302262, 4624.678188200379, 4820.624930752945, 4879.800812316895, 4961.46316603775, 5114.208945839882, 5221.151222495651, 5308.765152303887, 5417.781848950768, 5503.084472448349, 5713.482]
shares:[0, 4.0552, 8.1823, 12.3438, 16.4556, 20.5239, 24.6139, 28.784, 33.2245, 37.3482, 41.4116, 45.4309, 49.3617, 53.2287, 57.175, 61.0981, 65.0135, 68.8582, 72.7133, 76.6074, 80.3429, 84.2099, 87.9496, 91.6574, 95.3244, 99.098, 102.873, 106.5781, 110.2519, 113.9639, 117.6042, 121.1478, 124.6677, 128.2264, 131.765, 135.3199, 139.0154, 142.6125, 146.1225, 149.5791, 152.9609, 156.455, 159.9128, 163.3003, 166.7168, 170.1462, 173.5395, 176.9282, 180.3249, 183.7159, 187.1161, 190.4494]
growth_rate:12.03
