ticker:QQXT
price:[68.41999816894531, 66.12999725341797, 66.70999908447266, 67.08000183105469, 68.05000305175781, 70.61000061035156, 70.94999694824219, 70.72000122070312, 66.56999969482422, 72.06999969482422, 73.41000366210938, 73.52999877929688, 75.72000122070312, 77.45999908447266, 76.63999938964844, 78.95999908447266, 78.2699966430664, 79.41999816894531, 81.0199966430664, 79.68000030517578, 80.5999984741211, 79.30000305175781, 82.44000244140625, 82.86000061035156, 82.16000366210938, 78.7699966430664, 78.0, 80.0999984741211, 79.66999816894531, 80.08000183105469, 81.08999633789062, 82.27999877929688, 84.04000091552734, 84.31999969482422, 83.45999908447266, 83.44000244140625, 82.31999969482422, 82.66000366210938, 83.7300033569336, 83.88999938964844, 85.19999694824219, 83.93000030517578, 85.87999725341797, 86.73999786376953, 86.48999786376953, 86.41999816894531, 87.94000244140625, 87.69999694824219, 87.77999877929688, 88.01000213623047, 87.8499984741211, 88.80999755859375]
assets:[0, 100.00178184661866, 200.87714924316407, 301.9941682434082, 406.36059322357175, 521.6455015090942, 624.1542181533814, 722.1290044647217, 779.7543774253845, 944.1746520019531, 1061.728882965088, 1163.4651706848144, 1298.120984927368, 1427.951845122528, 1512.8352679519653, 1658.6337407684327, 1744.1372971954345, 1869.7611908920287, 2007.4324568252564, 2074.229767944336, 2198.1795783851626, 2262.722497077942, 2452.3180206237794, 2564.815314892578, 2643.144829812622, 2634.084441743469, 2708.3394, 2881.2530151130677, 2965.7873848373415, 3081.0540464492797, 3219.9134655853272, 3367.1690740448, 3539.1933665557863, 3650.9885307861327, 3713.7529632614137, 3812.866007562256, 3861.6888096839903, 3977.6407062225344, 4129.128369546509, 4237.015421173096, 4403.178442283631, 4437.546976135254, 4640.645883584595, 4787.119764102936, 4873.322174633026, 4969.374586709595, 5156.77536116333, 5242.705817565918, 5347.4873016357415, 5461.495886564636, 5551.566448574066, 5712.232399969482]
shares:[0, 1.5122, 3.0112, 4.502, 5.9715, 7.3877, 8.7971, 10.2111, 11.7133, 13.1008, 14.463, 15.823, 17.1437, 18.4347, 19.7395, 21.006, 22.2836, 23.5427, 24.777, 26.032, 27.2727, 28.5337, 29.7467, 30.9536, 32.1707, 33.4402, 34.7223, 35.9707, 37.2259, 38.4747, 39.7079, 40.9233, 42.1132, 43.2992, 44.4974, 45.6959, 46.9107, 48.1205, 49.3148, 50.5068, 51.6805, 52.872, 54.0364, 55.1893, 56.3455, 57.5026, 58.6397, 59.78, 60.9192, 62.0554, 63.1937, 64.3197]
growth_rate:12.0
