ticker:QRHC
price:[1.9500000476837158, 2.0, 1.840000033378601, 1.840000033378601, 1.9299999475479126, 1.9600000381469727, 2.009999990463257, 2.0199999809265137, 1.8600000143051147, 1.840000033378601, 2.0, 1.8799999952316284, 2.0299999713897705, 2.059999942779541, 2.009999990463257, 1.899999976158142, 2.009999990463257, 2.309999942779541, 2.5299999713897705, 2.6700000762939453, 2.8499999046325684, 2.5199999809265137, 2.809999942779541, 3.200000047683716, 3.240000009536743, 3.009999990463257, 2.990000009536743, 3.5, 3.75, 4.289999961853027, 3.9800000190734863, 4.070000171661377, 3.990000009536743, 3.9000000953674316, 3.809999942779541, 3.549999952316284, 3.2799999713897705, 4.46999979019165, 4.510000228881836, 4.989999771118164, 5.880000114440918, 6.630000114440918, 6.320000171661377, 6.880000114440918, 7.539999961853027, 6.710000038146973, 6.510000228881836, 5.920000076293945, 5.820000171661377, 6.079999923706055, 6.590000152587891, 6.300000190734863]
assets:[0, 100.0, 191.9999554829836, 291.99990929703716, 406.2825519583583, 512.5978299765586, 625.674204031396, 728.7871071185589, 771.0613319301725, 862.7703116511226, 1037.7938, 1075.5261892720698, 1261.3394672230484, 1379.9799536684036, 1446.4852371369361, 1467.3243815875053, 1652.2746641605377, 1998.8826824861526, 2289.252511112237, 2515.9306588914874, 2785.543736789417, 2563.007056601, 2957.9562747666832, 3468.491251684546, 3611.8473586312534, 3455.4507920519113, 3532.4909602670427, 4235.02275, 4637.5244999999995, 5405.327879935455, 5114.733048511505, 5330.392940821266, 5325.618597729087, 5305.491879736185, 5283.057172656441, 5022.533542537164, 4740.5380386500365, 6560.428270073224, 6719.134993995095, 7534.252950418091, 8978.038110737229, 10223.19630246334, 9845.188827411173, 10817.547331937503, 11955.276909514905, 10739.245017053605, 10519.148715837478, 9665.80020456791, 9602.526535227298, 10131.505152866363, 11081.352151582718, 10693.705373755933]
shares:[0, 50.0, 104.3478, 158.6956, 210.5091, 261.5295, 311.2807, 360.7857, 414.5491, 468.8969, 518.8969, 572.0884, 621.3495, 669.8932, 719.6444, 772.276, 822.0272, 865.3172, 904.8429, 942.2961, 977.3838, 1017.0663, 1052.6535, 1083.9035, 1114.7677, 1147.9903, 1181.4351, 1210.0065, 1236.6732, 1259.9832, 1285.1088, 1309.6788, 1334.7415, 1360.3825, 1386.6292, 1414.7982, 1445.286, 1467.6574, 1489.8303, 1509.8704, 1526.8772, 1541.9602, 1557.783, 1572.3179, 1585.5805, 1600.4836, 1615.8446, 1632.7365, 1649.9186, 1666.366, 1681.5405, 1697.4135]
growth_rate:109.68
