ticker:QRTEP
price:[96.5199966430664, 94.12000274658203, 98.97000122070312, 98.76000213623047, 99.22000122070312, 99.12000274658203, 97.81999969482422, 99.08000183105469, 99.19999694824219, 99.25, 98.4000015258789, 99.05999755859375, 98.88999938964844, 98.25, 98.30000305175781, 99.0, 99.75, 99.77999877929688, 100.2300033569336, 100.05999755859375, 100.8499984741211, 100.8499984741211, 100.0, 98.62000274658203, 99.08999633789062, 101.19999694824219, 101.76000213623047, 101.88999938964844, 102.05000305175781, 103.80000305175781, 104.30500030517578, 104.5999984741211, 105.48999786376953, 105.91999816894531, 106.80000305175781, 105.58000183105469, 108.6500015258789, 108.73999786376953, 108.4800033569336, 108.19999694824219, 108.0999984741211, 108.37999725341797, 108.13999938964844, 108.0999984741211, 108.4800033569336, 109.94999694824219, 109.19999694824219, 109.44000244140625, 109.75, 108.0]
assets:[0, 100.00250291824341, 205.15491553039553, 304.7239865913391, 406.14715299682615, 505.73999001388546, 599.1083701309204, 706.826825062561, 807.6863751525879, 908.0978, 1000.3245755119324, 1107.0350967163085, 1205.1328665618896, 1297.3323, 1397.9931534011841, 1507.9482, 1619.371425, 1719.8579489593506, 1827.6139272109986, 1924.5139690429687, 2039.711389138794, 2139.7142476257322, 2221.68, 2291.021559805298, 2401.9415112304687, 2553.083643009949, 2667.2110639923094, 2770.6234304031373, 2874.9730959747317, 3024.275368914795, 3138.9859706840516, 3247.861332621002, 3375.5005986442566, 3489.258947680664, 3618.2452633895878, 3676.9080277679445, 3883.8246845443728, 3987.0390136734004, 4077.5029741790772, 4166.976642471313, 4263.128829824066, 4374.173337149048, 4464.484176802063, 4562.836075593567, 4678.872720788574, 4842.27483059845, 4909.24966280365, 5020.034799987792, 5134.25865, 5152.3884]
shares:[0, 1.0625, 2.0729, 3.0855, 4.0934, 5.1023, 6.1246, 7.1339, 8.142, 9.1496, 10.1659, 11.1754, 12.1866, 13.2044, 14.2217, 15.2318, 16.2343, 17.2365, 18.2342, 19.2336, 20.2252, 21.2168, 22.2168, 23.2308, 24.24, 25.2281, 26.2108, 27.1923, 28.1722, 29.1356, 30.0943, 31.0503, 31.9983, 32.9424, 33.8787, 34.8258, 35.7462, 36.6658, 37.5876, 38.5118, 39.4369, 40.3596, 41.2843, 42.2094, 43.1312, 44.0407, 44.9565, 45.8702, 46.7814, 47.7073]
growth_rate:5.15
