ticker:QRTEA
price:[10.260000228881836, 10.630000114440918, 7.150000095367432, 7.159999847412109, 7.5, 7.760000228881836, 7.550000190734863, 7.460000038146973, 6.769999980926514, 8.130000114440918, 9.020000457763672, 9.9399995803833, 11.029999732971191, 10.4399995803833, 10.329999923706055, 10.569999694824219, 10.930000305175781, 10.970000267028809, 11.079999923706055, 11.829999923706055, 11.729999542236328, 12.600000381469727, 13.119999885559082, 13.130000114440918, 13.199999809265137, 12.420000076293945, 11.600000381469727, 13.029999732971191, 12.510000228881836, 11.970000267028809, 11.819999694824219, 12.100000381469727, 12.380000114440918, 12.260000228881836, 11.899999618530273, 13.699999809265137, 13.199999809265137, 13.489999771118164, 13.630000114440918, 13.119999885559082, 13.699999809265137, 12.819999694824219, 13.3100004196167, 12.890000343322754, 12.670000076293945, 11.739999771118164, 11.989999771118164, 11.859999656677246, 11.289999961853027, 11.020000457763672, 10.489999771118164, 11.149999618530273]
assets:[0, 99.99960007658004, 167.26209723095894, 267.4961622993469, 380.19825000000003, 493.3784865522385, 580.0264996531487, 673.1120734419823, 710.8533829972744, 953.6538914239884, 1158.0517007709504, 1376.1680919051169, 1627.0760716095924, 1640.0425020814894, 1722.7619782762526, 1862.7869842178343, 2026.2307815742492, 2133.6464029366493, 2255.0414724723814, 2507.6843448274612, 2586.4860130622865, 2878.322667142296, 3097.111108985043, 3199.471159886551, 3316.5289920774458, 3220.5519737833024, 3107.9231422050475, 3591.054896407127, 3547.743490909195, 3494.603273958206, 3550.810648323059, 3734.9252677488325, 3921.3526562490465, 3983.34273036499, 3966.3769728527072, 4666.333645034122, 4596.030053589153, 4797.003448610306, 4946.787735534477, 4861.692053593254, 5176.614797929859, 4944.102110307312, 5233.0728999800685, 5167.94272264719, 5179.73929519043, 4899.537458479119, 5103.8719285701745, 5148.5337769604685, 5001.091768102169, 4981.490924927903, 4841.909056354141, 5246.547580502319]
shares:[0, 9.4073, 23.3933, 37.3598, 50.6931, 63.5797, 76.8247, 90.2295, 105.0005, 117.3006, 128.3871, 138.4475, 147.5137, 157.0922, 166.7727, 176.2334, 185.3825, 194.4983, 203.5236, 211.9767, 220.5018, 228.4383, 236.0603, 243.6764, 251.2522, 259.3037, 267.9244, 275.599, 283.5926, 291.9468, 300.407, 308.6715, 316.749, 324.9056, 333.309, 340.6083, 348.1841, 355.597, 362.9338, 370.5558, 377.8551, 385.6554, 393.1685, 400.9265, 408.8192, 417.3371, 425.6774, 434.1091, 442.9665, 452.0409, 461.5738, 470.5424]
growth_rate:2.87
