ticker:QRTEB
price:[10.430000305175781, 10.430000305175781, 11.380000114440918, 7.989999771118164, 8.170000076293945, 7.71999979019165, 7.679999828338623, 7.480000019073486, 6.849999904632568, 8.170000076293945, 9.029999732971191, 9.899999618530273, 11.100000381469727, 10.579999923706055, 10.850000381469727, 10.579999923706055, 10.920000076293945, 10.859999656677246, 11.130000114440918, 11.760000228881836, 11.75, 12.569999694824219, 13.180000305175781, 13.229999542236328, 13.199999809265137, 12.4399995803833, 11.229999542236328, 12.899999618530273, 12.960000038146973, 12.199999809265137, 13.300000190734863, 12.130000114440918, 12.390000343322754, 12.180000305175781, 12.199999809265137, 13.710000038146973, 13.279999732971191, 13.649999618530273, 14.289999961853027, 13.569999694824219, 13.960000038146973, 12.979999542236328, 13.399999618530273, 13.010000228881836, 12.930000305175781, 11.619999885559082, 12.020000457763672, 12.75, 11.619999885559082, 11.399999618530273, 10.4399995803833, 11.140000343322754]
assets:[0, 99.99971392593383, 209.10750210285187, 246.81588692970274, 352.37618829059596, 432.9676962331295, 530.724084137392, 616.9032775730609, 664.9445607424735, 893.0798653398514, 1087.0882568533898, 1291.8242202230454, 1548.4089832136153, 1575.870886636162, 1716.087055335045, 1773.382557211876, 1930.3720934867858, 2019.7655421481134, 2169.98050631218, 2392.809598570633, 2490.7744, 2764.5979668807986, 2998.759799434662, 3110.136075387955, 3203.0842337166787, 3118.664354803562, 2915.3213571640017, 3448.854888012886, 3564.895546493053, 3455.8427059713367, 3867.4352354627613, 3627.2169522211075, 3804.9641494342804, 3840.4734602249146, 3946.779238296032, 4535.273496619034, 4493.028949656009, 4718.2110931425095, 5039.431362547302, 4885.520142129516, 5125.929138007068, 4866.0863063884735, 5123.5407741436, 5074.423091273117, 5143.220527391052, 4722.136715493489, 4984.6893818344115, 5387.419425, 5009.946682658959, 5015.093532183647, 4692.769371382714, 5107.41945540514]
shares:[0, 9.5877, 18.375, 30.8906, 43.1305, 56.0839, 69.1047, 82.4737, 97.0722, 109.3121, 120.3863, 130.4873, 139.4963, 148.9481, 158.1647, 167.6165, 176.774, 185.9821, 194.9668, 203.4702, 211.9808, 219.9362, 227.5235, 235.0821, 242.6579, 250.6965, 259.6012, 267.3531, 275.0691, 283.2658, 290.7846, 299.0286, 307.0996, 315.3098, 323.5065, 330.8004, 338.3305, 345.6565, 352.6544, 360.0236, 367.1869, 374.8911, 382.3538, 390.0402, 397.7742, 406.3801, 414.6996, 422.5427, 431.1486, 439.9205, 449.499, 458.4757]
growth_rate:0.15
