ticker:QRVO
price:[118.88999938964844, 122.95999908447266, 128.02000427246094, 125.62999725341797, 130.57000732421875, 137.8699951171875, 134.75999450683594, 135.6999969482422, 127.36000061035156, 147.27000427246094, 147.6300048828125, 147.38999938964844, 150.11000061035156, 165.35000610351562, 152.63999938964844, 162.66000366210938, 167.11000061035156, 166.27000427246094, 179.39999389648438, 177.2899932861328, 180.66000366210938, 170.8800048828125, 167.13999938964844, 176.0, 179.38999938964844, 174.72999572753906, 171.4199981689453, 172.58999633789062, 179.85000610351562, 182.5, 192.89999389648438, 191.86000061035156, 192.27000427246094, 193.9199981689453, 188.1699981689453, 184.17999267578125, 171.00999450683594, 176.55999755859375, 182.72000122070312, 184.75999450683594, 183.30999755859375, 174.19000244140625, 183.35000610351562, 195.6699981689453, 192.94000244140625, 187.67999267578125, 193.08999633789062, 189.58999633789062, 195.02000427246094, 188.36000061035156, 181.55999755859375, 190.72999572753906]
assets:[0, 100.00336725540161, 204.11509481201173, 300.30594543457033, 412.1181141174316, 535.156173046875, 623.0897866012574, 727.4334036407471, 782.7290917510987, 1005.0883251586914, 1107.549822631836, 1205.753368006897, 1328.0081643997191, 1562.8386526885988, 1542.7019458312989, 1743.975495263672, 1891.6852069091797, 1982.1712289337158, 2238.6966438354493, 2312.357924432373, 2456.307607791138, 2423.3347892456054, 2470.295762979126, 2701.248, 2853.269696292114, 2879.14845059967, 2924.613730760193, 3044.5738303985595, 3272.640636062622, 3420.8529999999996, 3715.794002429199, 3795.7582520751953, 3903.8693937484736, 4037.3755778778077, 4017.655264904785, 4032.4551776428225, 3844.116565519714, 4068.878111737061, 4310.83990079956, 4458.960755429077, 4523.962422747803, 4398.889807653808, 4730.2101374633785, 5148.058084825134, 5176.232973498535, 5135.112279602051, 5383.136698904419, 5385.569271972657, 5639.822507556152, 5547.2208539749145, 5446.963330755615, 5822.071265582275]
shares:[0, 0.8133, 1.5944, 2.3904, 3.1563, 3.8816, 4.6237, 5.3606, 6.1458, 6.8248, 7.5022, 8.1807, 8.8469, 9.4517, 10.1068, 10.7216, 11.32, 11.9214, 12.4788, 13.0428, 13.5963, 14.1815, 14.7798, 15.348, 15.9054, 16.4777, 17.0611, 17.6405, 18.1965, 18.7444, 19.2628, 19.784, 20.3041, 20.8198, 21.3512, 21.8941, 22.4789, 23.0453, 23.5926, 24.1338, 24.6793, 25.2534, 25.7988, 26.3099, 26.8282, 27.361, 27.8789, 28.4064, 28.9192, 29.4501, 30.0009, 30.5252]
growth_rate:14.16
