ticker:QSI
price:[9.880000114440918, 9.899999618530273, 9.899999618530273, 11.5, 10.145000457763672, 10.0, 10.177000045776367, 10.149999618530273, 10.270000457763672, 10.319999694824219, 10.430000305175781, 10.220000267028809, 10.300000190734863, 10.3100004196167, 20.489999771118164, 14.319999694824219, 13.210000038146973, 13.960000038146973, 12.800000190734863, 12.300000190734863, 12.649999618530273, 11.720000267028809, 10.59000015258789, 10.4399995803833, 10.390000343322754, 10.399999618530273, 10.079999923706055, 9.960000038146973, 10.260000228881836, 9.989999771118164, 9.75, 9.220000267028809, 11.520000457763672, 12.539999961853027, 13.5600004196167, 11.09000015258789, 12.100000381469727, 9.420000076293945, 8.720000267028809, 7.96999979019165, 8.319999694824219, 9.680000305175781, 9.4399995803833, 9.720000267028809]
assets:[0, 99.9998961467743, 199.9997922935486, 332.32355, 393.1674637405396, 487.548, 596.1778219816208, 694.595938894844, 802.8079897834778, 906.7162051872253, 1016.3805837387085, 1095.9161786341667, 1204.4943823047638, 1305.6636081404686, 2694.863210897255, 1983.378669731903, 1929.6388665722845, 2139.194109845543, 2061.4387507178308, 2080.9140322685244, 2240.1264474473955, 2175.43714956522, 2065.689665763855, 2136.4300301301005, 2226.197838561535, 2328.340474596977, 2356.6989421625135, 2428.6434213017465, 2601.795496041298, 2633.326976667595, 2670.063825, 2624.922090022754, 3379.729670298386, 3778.9766405042647, 4186.357233547593, 3523.7976434841157, 3944.7211243629454, 3171.0141196825025, 3035.376284951019, 2874.3063033345697, 3100.530254273224, 3707.348156879425, 3715.429962845707, 3925.6340038454055]
shares:[0, 10.101, 20.202, 28.8977, 38.7548, 48.7548, 58.5809, 68.4331, 78.1702, 87.8601, 97.4478, 107.2325, 116.9412, 126.6405, 131.5209, 138.5041, 146.0741, 153.2374, 161.0499, 169.18, 177.0851, 185.6175, 195.0604, 204.6389, 214.2635, 223.8789, 233.7995, 243.8397, 253.5863, 263.5963, 273.8527, 284.6987, 293.3793, 301.3538, 308.7284, 317.7455, 326.01, 336.6257, 348.0936, 360.6407, 372.6599, 382.9905, 393.5837, 403.8718]
growth_rate:-8.71
