ticker:QTEC
price:[118.04000091552734, 113.1500015258789, 112.9000015258789, 114.80000305175781, 116.33000183105469, 122.88999938964844, 123.97000122070312, 121.91999816894531, 116.06999969482422, 128.27999877929688, 126.62000274658203, 127.06999969482422, 130.5399932861328, 135.52000427246094, 132.99000549316406, 137.94000244140625, 137.8800048828125, 138.07000732421875, 141.97000122070312, 141.47999572753906, 145.52000427246094, 138.92999267578125, 146.3300018310547, 155.1199951171875, 154.0, 144.25999450683594, 138.17999267578125, 140.3300018310547, 140.60000610351562, 143.1300048828125, 148.3800048828125, 152.11000061035156, 152.44000244140625, 151.25999450683594, 148.8000030517578, 145.42999267578125, 141.1699981689453, 143.77000427246094, 147.75999450683594, 148.58999633789062, 150.89999389648438, 151.4199981689453, 156.05999755859375, 158.8800048828125, 157.99000549316406, 153.74000549316406, 160.30999755859375, 162.74000549316406, 164.67999267578125, 162.47000122070312, 160.94000244140625, 168.14999389648438]
assets:[0, 100.00197134857179, 199.77655270004274, 303.14088805847166, 407.1782724090576, 530.1351683670044, 634.7883912506103, 724.2901331222533, 789.5313519241333, 972.5804667449951, 1059.9993529930114, 1163.7705922050477, 1295.544163368225, 1444.9684935546875, 1517.9878197006226, 1674.4950716369628, 1773.7711108154297, 1876.2195225280764, 2029.219818447876, 2122.2140839126587, 2282.8159630233768, 2279.4382828308103, 2500.85289629364, 2751.0841374023435, 2831.2284, 2752.1633232025147, 2736.1711249694827, 2878.743690562439, 2984.27730954895, 3137.982227050781, 3353.0765123413084, 3537.3636971939086, 3645.0386303771975, 3716.821089019775, 3756.3667970397946, 3771.290570068359, 3760.8252192199707, 3930.096836791992, 4139.171174121094, 4262.422916949463, 4428.688470870972, 4543.947583052063, 4783.192107171631, 4969.62356072998, 5041.792854298401, 5006.158928871155, 5320.09567197876, 5500.74237767334, 5666.309187988281, 5690.268087753296, 5736.674199023437, 6093.671703811646]
shares:[0, 0.8838, 1.7695, 2.6406, 3.5002, 4.3139, 5.1205, 5.9407, 6.8022, 7.5817, 8.3715, 9.1585, 9.9245, 10.6624, 11.4143, 12.1393, 12.8646, 13.5889, 14.2933, 15.0001, 15.6873, 16.4071, 17.0905, 17.7352, 18.3846, 19.0778, 19.8015, 20.5141, 21.2253, 21.924, 22.5979, 23.2553, 23.9113, 24.5724, 25.2444, 25.932, 26.6404, 27.336, 28.0128, 28.6858, 29.3485, 30.0089, 30.6497, 31.2791, 31.9121, 32.5625, 33.1863, 33.8008, 34.408, 35.0235, 35.6448, 36.2395]
growth_rate:19.48
