ticker:QTNT
price:[4.380000114440918, 5.309999942779541, 5.659999847412109, 5.139999866485596, 5.610000133514404, 5.610000133514404, 4.949999809265137, 4.710000038146973, 4.71999979019165, 5.079999923706055, 5.840000152587891, 6.03000020980835, 6.900000095367432, 6.980000019073486, 6.710000038146973, 7.320000171661377, 5.710000038146973, 5.210000038146973, 5.710000038146973, 6.059999942779541, 6.139999866485596, 6.059999942779541, 5.289999961853027, 5.289999961853027, 5.5, 4.489999771118164, 3.7899999618530273, 4.199999809265137, 4.130000114440918, 3.9600000381469727, 3.809999942779541, 4.0, 4.130000114440918, 3.819999933242798, 3.9200000762939453, 3.940000057220459, 3.6600000858306885, 4.449999809265137, 4.159999847412109, 4.150000095367432, 4.28000020980835, 4.349999904632568, 4.070000171661377, 3.6600000858306885, 3.5899999141693115, 3.380000114440918, 3.2200000286102295, 3.4100000858306885, 3.6500000953674316, 3.049999952316284, 2.8299999237060547, 3.0799999237060547]
assets:[0, 100.00004292240143, 206.59112643051148, 287.61126252913476, 413.91029785079957, 513.9102332307339, 553.4500736742973, 626.6160500750542, 727.9462156421184, 883.4673587316513, 1115.6397571495056, 1251.9359805599688, 1532.563851182127, 1650.3323585096837, 1686.4940935878753, 1939.8117574905395, 1613.1589477770806, 1571.9018175092697, 1822.7559191773414, 2034.4837847897531, 2161.3413530015946, 2233.1808809135914, 2049.4269222212793, 2149.426965500164, 2334.75385, 2006.0079737419128, 1793.26728595047, 2087.261725211048, 2152.4742856443404, 2163.873512844753, 2181.908481231022, 2390.7176, 2568.4160961699486, 2475.629266736627, 2640.436395390129, 2753.9079559948923, 2658.198770337439, 3331.9627221861842, 3214.823754080963, 3307.09606599741, 3510.6920000963687, 3668.109579582024, 3532.0015009700774, 3276.197836830139, 3313.53832877903, 3219.7103690137865, 3167.2979661419627, 3454.188230942917, 3797.2984042160515, 3273.084878828573, 3136.993504429817, 3514.1129769527433]
shares:[0, 18.8324, 36.5002, 55.9555, 73.7808, 91.6061, 111.8081, 133.0395, 154.2259, 173.9109, 191.0342, 207.6179, 222.1107, 236.4373, 251.3404, 265.0016, 282.5147, 301.7086, 319.2217, 335.7234, 352.01, 368.5117, 387.4153, 406.3189, 424.5007, 446.7724, 473.1576, 496.9671, 521.1802, 546.4327, 572.6794, 597.6794, 621.8925, 648.0705, 673.5807, 698.9614, 726.2838, 748.7557, 772.7942, 796.8906, 820.2551, 843.2436, 867.8136, 895.136, 922.9912, 952.577, 983.6329, 1012.9584, 1040.3557, 1073.1426, 1108.4783, 1140.9458]
growth_rate:-31.1
