ticker:QTRX
price:[31.0, 31.75, 33.900001525878906, 32.77000045776367, 33.88999938964844, 46.150001525878906, 42.34000015258789, 40.59000015258789, 36.61000061035156, 49.70000076293945, 49.880001068115234, 46.04999923706055, 43.540000915527344, 46.91999816894531, 45.880001068115234, 44.0, 45.939998626708984, 46.5, 48.7400016784668, 74.38999938964844, 77.68000030517578, 64.73999786376953, 79.80000305175781, 86.5199966430664, 90.63999938964844, 75.75, 67.37000274658203, 60.97999954223633, 59.45000076293945, 51.56999969482422, 61.45000076293945, 66.12000274658203, 61.09000015258789, 60.72999954223633, 61.13999938964844, 56.099998474121094, 45.689998626708984, 46.90999984741211, 51.4900016784668, 54.09000015258789, 66.5199966430664, 64.44000244140625, 61.34000015258789, 58.2400016784668, 59.56999969482422, 51.709999084472656, 53.209999084472656, 53.150001525878906, 52.380001068115234, 49.25, 48.189998626708984, 50.29999923706055]
assets:[0, 99.9998, 206.77305930709838, 299.88155118904115, 410.1299946136475, 658.4959117721558, 704.1311385375977, 775.0295219135285, 799.0352293212891, 1184.733708186722, 1289.023927602768, 1290.0492836269377, 1319.7322597503662, 1522.1832725967408, 1588.443632979965, 1623.3536, 1794.930874343872, 1916.8090499999998, 2109.1455886329654, 3319.110675767517, 3565.900414009094, 3071.8870026367185, 3886.4756086288453, 4313.757252628327, 4619.177520895385, 3960.353925, 3622.2290416732785, 3378.6639526371005, 3393.89353355484, 3044.0378429862976, 3727.2252162757873, 4110.482210746765, 3897.7802607357025, 3974.808835039139, 4101.644113053894, 3863.528354914856, 3246.607939417648, 3433.2959788322446, 3868.5004651050567, 4163.8428027462005, 5220.702200537109, 5157.455595397949, 5009.349514461136, 4856.185291954422, 5067.083744041443, 4498.50619935379, 4728.99610063324, 4823.665593482208, 4853.782322976685, 4663.743525, 4663.365443106079, 4967.552474653244]
shares:[0, 3.1496, 6.0995, 9.1511, 12.1018, 14.2686, 16.6304, 19.0941, 21.8256, 23.8377, 25.8425, 28.0141, 30.3108, 32.4421, 34.6217, 36.8944, 39.0712, 41.2217, 43.2734, 44.6177, 45.905, 47.4496, 48.7027, 49.8585, 50.9618, 52.2819, 53.7662, 55.4061, 57.0882, 59.0273, 60.6546, 62.167, 63.8039, 65.4505, 67.0861, 68.8686, 71.0573, 73.189, 75.1311, 76.9799, 78.4832, 80.035, 81.6653, 83.3823, 85.061, 86.9949, 88.8742, 90.7557, 92.6648, 94.6953, 96.7704, 98.7585]
growth_rate:-2.6
