ticker:QTT
price:[2.75, 2.4800000190734863, 2.4700000286102295, 2.4100000858306885, 2.2100000381469727, 2.640000104904175, 2.3299999237060547, 2.4100000858306885, 2.1500000953674316, 2.3499999046325684, 2.3499999046325684, 2.440000057220459, 2.930000066757202, 2.559999942779541, 2.619999885559082, 2.200000047683716, 1.6399999856948853, 1.590000033378601, 1.9199999570846558, 2.130000114440918, 3.369999885559082, 3.059999942779541, 3.740000009536743, 4.840000152587891, 4.659999847412109, 3.490000009536743, 2.4600000381469727, 3.0999999046325684, 2.7899999618530273, 2.259999990463257, 2.559999942779541, 2.369999885559082, 2.119999885559082, 2.4200000762939453, 2.299999952316284, 2.0999999046325684, 1.940000057220459, 2.049999952316284, 2.1600000858306885, 1.9199999570846558, 2.0299999713897705, 1.899999976158142, 1.9500000476837158, 1.7899999618530273, 1.7300000190734863, 1.7699999809265137, 1.7300000190734863, 1.6399999856948853, 1.590000033378601, 1.5, 1.190000057220459, 1.25]
assets:[0, 100.00004876909256, 199.5967503119469, 294.74831249728203, 370.2879373915672, 542.3349575504542, 578.6517530525208, 698.5197268773555, 723.160702077198, 890.4314138646125, 990.4314298064231, 1128.3628984612465, 1454.9603881498576, 1371.2281293506621, 1503.3661523333549, 1362.3685095285416, 1115.5837502691747, 1181.572113804543, 1526.803933873272, 1793.7983403774263, 2938.0750882267, 2767.8069742434027, 3482.8753828810927, 4607.250837250137, 4535.906381475448, 3497.0630715560437, 2564.978571774864, 3332.2900274864674, 3099.0610916273117, 2610.3506129848483, 3056.857275673914, 2929.9810885190964, 2720.911309120941, 3205.946163072014, 3146.9735547567843, 2973.323504972267, 2846.7847959661485, 3108.2002927021745, 3374.98199010973, 3099.9837387099624, 3377.5870323972704, 3261.2883990762234, 3447.1119992928743, 3264.2718544345857, 3254.8550788852217, 3430.11181403718, 3452.5952920653344, 3372.9804265787366, 3370.1457857488986, 3279.3828000000003, 2701.643801906967, 2937.861]
shares:[0, 40.3226, 80.8084, 122.3022, 167.5511, 205.4299, 248.3484, 289.8422, 336.3538, 378.907, 421.4602, 462.4438, 496.5735, 535.636, 573.8039, 619.2584, 680.234, 743.1271, 795.2104, 842.1588, 871.8324, 904.5121, 931.2501, 951.9113, 973.3705, 1002.0238, 1042.6742, 1074.9323, 1110.7746, 1155.0224, 1194.0849, 1236.279, 1283.4488, 1324.7711, 1368.2494, 1415.8684, 1467.4148, 1516.1953, 1562.4916, 1614.5749, 1663.836, 1716.4676, 1767.7497, 1823.6156, 1881.4191, 1937.9163, 1995.7198, 2056.6954, 2119.5885, 2186.2552, 2270.2888, 2350.2888]
growth_rate:-42.39
