ticker:QUBT
price:[3.6500000953674316, 3.5, 3.869999885559082, 3.9000000953674316, 3.799999952316284, 3.924999952316284, 3.9200000762939453, 3.9000000953674316, 3.4149999618530273, 3.5799999237060547, 3.3299999237060547, 3.950000047683716, 6.739999771118164, 4.980000019073486, 6.170000076293945, 14.350000381469727, 11.5, 14.109999656677246, 11.779999732971191, 10.25, 9.670000076293945, 11.1899995803833, 14.949999809265137, 12.899999618530273, 10.989999771118164, 8.850000381469727, 7.550000190734863, 8.489999771118164, 7.0, 6.849999904632568, 7.320000171661377, 8.149999618530273, 6.909999847412109, 6.5, 6.110000133514404, 4.78000020980835, 4.010000228881836, 5.699999809265137, 5.974999904632568, 5.610000133514404, 6.199999809265137, 6.193999767303467, 5.199999809265137, 5.150000095367432, 5.25, 7.170000076293945, 8.59000015258789, 9.34000015258789, 8.0, 7.619999885559082, 6.650000095367432, 7.159999847412109]
assets:[0, 99.9999, 210.5713377731323, 312.2035876343727, 404.1983949279785, 517.4943662131071, 616.8351400053024, 713.6879274519443, 724.9344844021798, 859.9607316732407, 899.9075043821335, 1167.4580640933514, 2092.0676209560393, 1645.7709843033313, 2139.03783844986, 5074.909204907608, 4167.000849999999, 5212.729134164524, 4451.945797083378, 3973.7220500000003, 3848.8679353666307, 4553.8609682335855, 6184.0240661030775, 5436.046939249039, 4731.175119466781, 3909.9089285324094, 3435.571716792488, 3963.3118811531067, 3367.7483, 3395.5819427258493, 3728.563599438572, 4251.337276011466, 3704.508271196365, 3584.70385, 3469.621620817423, 2814.36852353096, 2461.008117468834, 3598.190999596405, 3871.787988202095, 3735.268801897001, 4228.104129927921, 4324.012655555248, 3730.1044231805804, 3794.238365261507, 3967.912725, 5519.035141726494, 6712.065486229324, 7398.101106863021, 6436.7032, 6230.960012420369, 5537.780264417124, 6062.482134801484]
shares:[0, 28.5714, 54.4112, 80.0522, 106.368, 131.8457, 157.3559, 182.9969, 212.2795, 240.2125, 270.2425, 295.559, 310.3958, 330.4761, 346.6836, 353.6522, 362.3479, 369.4351, 377.9241, 387.6802, 398.0215, 406.9581, 413.6471, 421.399, 430.4982, 441.7976, 455.0426, 466.8212, 481.1069, 495.7054, 509.3666, 521.6365, 536.1083, 551.4929, 567.8595, 588.78, 613.7177, 631.2616, 647.998, 665.8233, 681.9523, 698.097, 717.3278, 736.7453, 755.7929, 769.7399, 781.3813, 792.0879, 804.5879, 817.7113, 832.7489, 846.7154]
growth_rate:18.87
