ticker:QUIK
price:[3.009999990463257, 2.9700000286102295, 3.2899999618530273, 3.119999885559082, 2.9800000190734863, 3.2200000286102295, 3.0299999713897705, 3.009999990463257, 2.8299999237060547, 2.740000009536743, 2.9000000953674316, 2.9200000762939453, 2.880000114440918, 3.2300000190734863, 3.140000104904175, 3.380000114440918, 3.640000104904175, 3.7899999618530273, 3.9800000190734863, 4.440000057220459, 4.519999980926514, 3.8399999141693115, 4.300000190734863, 7.039999961853027, 8.960000038146973, 8.899999618530273, 6.909999847412109, 7.940000057220459, 7.900000095367432, 7.300000190734863, 7.630000114440918, 7.179999828338623, 6.570000171661377, 6.710000038146973, 6.579999923706055, 6.21999979019165, 5.71999979019165, 5.900000095367432, 6.190000057220459, 6.949999809265137, 6.71999979019165, 6.400000095367432, 6.949999809265137, 6.679999828338623, 6.53000020980835, 5.730000019073486, 5.639999866485596, 5.300000190734863, 5.099999904632568, 4.659999847412109, 5.190000057220459, 5.860000133514404]
assets:[0, 99.99990096330643, 210.77417655611038, 299.88315700035093, 386.4267344733238, 517.5483505985021, 587.0097724572659, 683.1351498355865, 742.2832269887925, 818.6772048494578, 966.4833217831135, 1073.148792039299, 1158.448078032589, 1399.2318092626094, 1460.243860785246, 1671.8548646060942, 1900.4589787708999, 2078.7744260767936, 2282.987312940836, 2646.8500901112557, 2794.5410642076017, 2474.12346469903, 2870.5029673267363, 4799.613605992794, 6208.599066432953, 6267.023731384277, 4965.745628345489, 5805.936863841105, 5876.687620942354, 5530.356774497509, 5880.359447198391, 5633.549207311583, 5254.933169301224, 5466.9101280798905, 5460.993950680733, 5262.216232498884, 4939.20837883091, 5194.6385639659875, 5549.968288303995, 6331.385886242295, 6221.858301744366, 6025.579609788132, 6643.402652679349, 6485.313905341625, 6439.685735906553, 5750.750068142557, 5760.424015634823, 5513.164608406163, 5405.120148926974, 5038.795857008744, 5711.877917974233, 6549.249247218276]
shares:[0, 33.67, 64.0651, 96.1164, 129.6734, 160.7293, 193.7326, 226.9552, 262.2909, 298.7873, 333.2701, 367.5167, 402.2389, 433.1987, 465.0458, 494.6316, 522.1041, 548.4893, 573.6149, 596.1374, 618.2613, 644.303, 667.5588, 681.7633, 692.924, 704.16, 718.6318, 731.2263, 743.8845, 757.5831, 770.6893, 784.6169, 799.8376, 814.7407, 829.9383, 846.0155, 863.498, 880.4472, 896.6023, 910.9908, 925.8718, 941.4968, 955.8853, 970.8554, 986.1693, 1003.6213, 1021.3518, 1040.2197, 1059.8275, 1081.2867, 1100.5545, 1117.6193]
growth_rate:28.42
