ticker:QUMU
price:[5.21999979019165, 5.710000038146973, 5.329999923706055, 4.579999923706055, 4.71999979019165, 4.579999923706055, 4.340000152587891, 4.960000038146973, 4.550000190734863, 5.210000038146973, 4.900000095367432, 5.21999979019165, 5.0, 4.989999771118164, 5.739999771118164, 6.380000114440918, 7.539999961853027, 7.989999771118164, 8.300000190734863, 8.380000114440918, 8.529999732971191, 7.730000019073486, 9.199999809265137, 10.079999923706055, 9.710000038146973, 8.970000267028809, 8.069999694824219, 8.1899995803833, 7.380000114440918, 6.650000095367432, 6.809999942779541, 5.900000095367432, 5.900000095367432, 5.849999904632568, 5.5, 5.400000095367432, 4.909999847412109, 5.079999923706055, 4.690000057220459, 4.639999866485596, 3.799999952316284, 2.950000047683716, 3.0999999046325684, 2.880000114440918, 2.799999952316284, 2.640000104904175, 2.559999942779541, 2.4200000762939453, 2.4100000858306885, 2.5, 2.740000009536743, 2.7300000190734863]
assets:[0, 99.99980166807175, 193.3446812324524, 266.13875756664277, 374.27379936318397, 463.1726442844391, 538.9017249469757, 715.8877175058365, 756.7114417211533, 966.4763680764198, 1008.9702896373271, 1174.8622207785606, 1225.347, 1322.896344321251, 1621.728449333763, 1902.5485721268656, 2348.46644611845, 2588.6264928461073, 2789.061514092922, 2915.9442258213994, 3068.1385439529417, 2880.38816510725, 3528.146566854286, 3965.6211539848327, 3920.058100400448, 3721.3104567800524, 3447.93480761261, 3599.2050615938183, 3343.239681843281, 3112.5398596368314, 3287.428046377659, 2948.139187653637, 3048.1394692700383, 3122.3075790997505, 3035.5027999999998, 3080.311794400263, 2900.801886851883, 3101.236829424095, 2963.1500091519833, 3031.55968876791, 2582.742927590847, 2105.02415902555, 2312.059288872528, 2247.977753326607, 2285.5338410775903, 2254.9320656029463, 2286.6006528904913, 2261.552265298653, 2352.2070787724256, 2540.04875, 2883.893576037574, 2973.3683277738096]
shares:[0, 17.5131, 36.2748, 58.1089, 79.2953, 101.1294, 124.1709, 144.3322, 166.3102, 185.5041, 205.9123, 225.0694, 245.0694, 265.1095, 282.5311, 298.2051, 311.4677, 323.9833, 336.0315, 347.9647, 359.688, 372.6246, 383.4942, 393.4148, 403.7135, 414.8618, 427.2534, 439.4634, 453.0135, 468.0511, 482.7354, 499.6846, 516.6338, 533.7278, 551.9096, 570.4281, 590.7947, 610.4797, 631.8017, 653.3534, 679.6692, 713.5675, 745.8256, 780.5478, 816.2621, 854.1409, 893.2034, 934.5257, 976.0195, 1016.0195, 1052.5159, 1089.1459]
growth_rate:-41.7
