ticker:QURE
price:[38.11000061035156, 39.720001220703125, 41.689998626708984, 37.349998474121094, 35.349998474121094, 36.77000045776367, 35.7599983215332, 42.630001068115234, 40.43000030517578, 40.97999954223633, 43.25, 46.11000061035156, 47.25, 50.09000015258789, 47.79999923706055, 45.95000076293945, 38.099998474121094, 36.130001068115234, 40.97999954223633, 37.529998779296875, 39.2599983215332, 35.40999984741211, 36.0, 37.31999969482422, 36.220001220703125, 36.70000076293945, 32.47999954223633, 33.959999084472656, 33.400001525878906, 29.239999771118164, 34.11000061035156, 33.7400016784668, 34.06999969482422, 32.279998779296875, 32.27000045776367, 32.54999923706055, 32.439998626708984, 33.95000076293945, 34.72999954223633, 35.31999969482422, 36.060001373291016, 32.869998931884766, 30.940000534057617, 30.5, 28.809999465942383, 26.84000015258789, 26.010000228881836, 29.010000228881836, 30.520000457763672, 29.15999984741211, 26.799999237060547, 29.3700008392334]
assets:[0, 99.99907507324218, 204.96054024848937, 283.62468341293334, 368.4388940963745, 483.23870001602177, 569.9643092475891, 779.4639915298462, 839.2378603347778, 950.6540293807983, 1103.311825, 1276.2694848937988, 1407.8232, 1592.4412488510131, 1619.6408341487884, 1656.9570275115968, 1473.8870109718323, 1497.6788692760467, 1798.7228259075164, 1747.2916591674805, 1927.834735580063, 1838.7846360763551, 1969.4232000000002, 2141.634306487274, 2178.5099254211427, 2307.3804279670717, 2142.0624658103943, 2339.667344924927, 2401.0860296936035, 2202.0292947631838, 2668.7835027542114, 2739.8332182987215, 2866.629332322693, 2816.0199375091556, 2915.1492153526306, 3040.4433487350466, 3130.1679074897766, 3375.869250864029, 3553.4311601634977, 3713.799071911621, 3891.609772206116, 3647.3438304790498, 3533.187172986603, 3582.94175, 3484.410980408669, 3346.150871023178, 3342.675179414749, 3828.2205512037276, 4127.482133907318, 4043.558858840943, 3816.3011313579564, 4282.266539363671]
shares:[0, 2.5176, 4.9163, 7.5937, 10.4226, 13.1422, 15.9386, 18.2844, 20.7578, 23.198, 25.5101, 27.6788, 29.7952, 31.7916, 33.8837, 36.06, 38.6847, 41.4525, 43.8927, 46.5572, 49.1043, 51.9284, 54.7062, 57.3857, 60.1466, 62.8714, 65.9502, 68.8948, 71.8888, 75.3088, 78.2405, 81.2043, 84.1394, 87.2373, 90.3362, 93.4084, 96.491, 99.4365, 102.3159, 105.1472, 107.9204, 110.9627, 114.1948, 117.4735, 120.9445, 124.6703, 128.515, 131.9621, 135.2386, 138.668, 142.3993, 145.8041]
growth_rate:-16.03
