ticker:QYLD
price:[21.84000015258789, 21.3799991607666, 21.229999542236328, 21.329999923706055, 21.5, 21.809999465942383, 21.760000228881836, 21.520000457763672, 20.690000534057617, 22.139999389648438, 22.209999084472656, 22.389999389648438, 22.469999313354492, 22.690000534057617, 22.700000762939453, 22.780000686645508, 22.84000015258789, 22.799999237060547, 23.049999237060547, 22.969999313354492, 23.139999389648438, 22.829999923706055, 23.420000076293945, 23.459999084472656, 23.450000762939453, 22.399999618530273, 22.059999465942383, 22.530000686645508, 22.450000762939453, 22.440000534057617, 22.700000762939453, 22.829999923706055, 22.81999969482422, 22.559999465942383, 22.579999923706055, 22.510000228881836, 22.040000915527344, 22.1299991607666, 22.209999084472656, 22.329999923706055, 22.440000534057617, 22.280000686645508, 22.360000610351562, 22.485000610351562, 22.520000457763672, 22.389999389648438, 22.510000228881836, 22.489999771118164, 22.649999618530273, 22.729999542236328, 22.90999984741211, 22.959999084472656]
assets:[0, 100.00067007465363, 199.29874370269778, 300.23681292610166, 402.6305, 508.43688854999544, 607.2715583875656, 700.5728549022674, 773.5536019672394, 927.765604423523, 1030.6994275131224, 1139.0531559494018, 1243.12350101223, 1355.2941528997421, 1455.8917889320373, 1561.02232705307, 1665.1342231243134, 1762.218781032181, 1881.5414727222442, 1975.0110749607088, 2089.627562882996, 2161.6334297761914, 2317.498003549576, 2421.4566495025633, 2520.4248420013428, 2507.5701972963334, 2569.50902979393, 2724.253334026909, 2814.579045650482, 2913.3246813352584, 3047.080122411346, 3164.5302134246826, 3263.1435743614197, 3325.964321265221, 3428.9129844142913, 3518.2837727739334, 3544.8233832496644, 3659.2993722288134, 3772.528256491089, 3892.911701699257, 4012.0880874851227, 4083.4807538484574, 4198.14377859497, 4321.612620309448, 4428.339646014786, 4502.776651254272, 4626.910288046455, 4722.798746935844, 4856.397743208886, 4973.551199836731, 5112.936924946213, 5224.0954796897895]
shares:[0, 4.6773, 9.3876, 14.0758, 18.727, 23.3121, 27.9077, 32.5545, 37.3878, 41.9045, 46.407, 50.8733, 55.3237, 59.7309, 64.1362, 68.526, 72.9043, 77.2903, 81.6287, 85.9822, 90.3037, 94.6839, 98.9538, 103.2164, 107.4808, 111.9451, 116.4782, 120.9167, 125.371, 129.8273, 134.2326, 138.6128, 142.9949, 147.4275, 151.8562, 156.2987, 160.8359, 165.3547, 169.8572, 174.3355, 178.7918, 183.2801, 187.7524, 192.1998, 196.6403, 201.1066, 205.5491, 209.9955, 214.4105, 218.81, 223.1749, 227.5303]
growth_rate:2.43
