ticker:RACB
price:[10.220000267028809, 10.170000076293945, 10.479999542236328, 10.800000190734863, 11.0, 10.949999809265137, 10.729999542236328, 10.819999694824219, 10.8100004196167, 10.0, 10.289999961853027, 10.0, 9.949999809265137, 10.0, 10.0, 10.109999656677246, 10.0, 10.0, 10.0, 9.989999771118164, 9.859999656677246, 9.829999923706055, 9.829999923706055, 9.75, 9.75, 9.729999542236328]
assets:[0, 99.99957675018311, 203.0478951309204, 309.24828546152116, 414.975, 513.0885210626602, 602.7802572841645, 707.8357240356446, 807.1816503327369, 846.699, 971.2535453993796, 1043.8809999999999, 1138.6620581726074, 1244.384, 1344.384, 1459.1722064483642, 1543.296, 1643.296, 1743.296, 1841.5525618080137, 1917.5885092300414, 2011.7537193861008, 2111.75332560997, 2194.56705, 2294.56695, 2389.86010856514]
shares:[0, 9.8328, 19.3748, 28.6341, 37.725, 46.8574, 56.1771, 65.4192, 74.6699, 84.6699, 94.3881, 104.3881, 114.4384, 124.4384, 134.4384, 144.3296, 154.3296, 164.3296, 174.3296, 184.3396, 194.4816, 204.6545, 214.8274, 225.0838, 235.3402, 245.6177]
growth_rate:-4.41
