ticker:RADA
price:[6.519999980926514, 6.25, 6.21999979019165, 6.150000095367432, 6.320000171661377, 6.650000095367432, 6.769999980926514, 6.409999847412109, 6.369999885559082, 6.800000190734863, 7.510000228881836, 7.619999885559082, 7.659999847412109, 9.220000267028809, 8.90999984741211, 9.239999771118164, 10.270000457763672, 9.75, 9.449999809265137, 10.069999694824219, 11.069999694824219, 10.15999984741211, 11.359999656677246, 12.9399995803833, 14.210000038146973, 12.800000190734863, 11.5, 12.949999809265137, 12.520000457763672, 11.199999809265137, 12.539999961853027, 14.130000114440918, 12.880000114440918, 12.300000190734863, 13.1899995803833, 12.619999885559082, 11.470000267028809, 11.979999542236328, 11.800000190734863, 11.109999656677246, 11.5, 12.8100004196167, 12.0600004196167, 11.59000015258789, 12.09000015258789, 12.4399995803833, 12.770000457763672, 13.029999732971191, 12.180000305175781, 11.279999732971191, 11.0600004196167, 11.3100004196167]
assets:[0, 100.0, 199.5201772699356, 297.2750146098137, 405.4924750138283, 526.6653775528907, 636.1687742076874, 702.3398372810364, 797.9571456642151, 951.8225466979026, 1151.2041800851823, 1268.066278955555, 1374.7225546154023, 1754.6923648192408, 1795.6946392478944, 1962.2017313947676, 2280.932183667755, 2265.44175, 2295.735703663826, 2546.3555078315735, 2899.220743074799, 2760.892582535553, 3186.9820156827927, 3730.242147036171, 4196.348006265163, 3879.9616578159334, 3585.90355, 4138.039054052639, 4100.636937929917, 3768.301535826206, 4319.152186861038, 4966.7953632267945, 4627.411809115314, 4519.034830076218, 4946.021655650998, 4832.281248179817, 4491.938854575157, 4791.666772907257, 4819.672317905044, 4637.843803680706, 4900.6491, 5558.897120092583, 5333.435087572002, 5225.581050797272, 5551.015969059372, 5811.715271963597, 6065.885579442596, 6289.388027109147, 5979.106121809387, 5637.299434549523, 5627.3525455019, 5854.552726212025]
shares:[0, 16.0, 32.0772, 48.3374, 64.1602, 79.1978, 93.9688, 109.5694, 125.268, 139.9739, 153.2895, 166.4129, 179.4677, 190.3137, 201.537, 212.3595, 222.0966, 232.353, 242.935, 252.8655, 261.8989, 271.7414, 280.5442, 288.2722, 295.3095, 303.122, 311.8177, 319.5397, 327.5269, 336.4555, 344.43, 351.5071, 359.2711, 367.4012, 374.9827, 382.9066, 391.625, 399.9722, 408.4468, 417.4477, 426.1434, 433.9498, 442.2417, 450.8698, 459.1411, 467.1797, 475.0106, 482.6852, 490.8954, 499.7606, 508.8022, 517.6439]
growth_rate:14.8
