ticker:RADI
price:[8.5, 7.800000190734863, 7.820000171661377, 7.5, 8.970000267028809, 9.199999809265137, 9.0, 9.0, 11.25, 10.9399995803833, 12.369999885559082, 13.050000190734863, 12.850000381469727, 13.09000015258789, 12.449999809265137, 12.850000381469727, 13.0, 12.979999542236328, 13.600000381469727, 14.199999809265137, 12.380000114440918, 11.260000228881836, 11.779999732971191, 12.925000190734863, 13.279999732971191, 14.550000190734863, 15.510000228881836, 15.229999542236328, 15.079999923706055, 14.8100004196167, 14.729999542236328, 13.5, 15.710000038146973, 16.0, 15.039999961853027, 15.479999542236328, 14.989999771118164, 14.460000038146973, 14.649999618530273, 14.720000267028809, 14.369999885559082, 15.25, 15.329999923706055, 15.489999771118164, 15.899999618530273, 16.459999084472656, 17.850000381469727, 17.510000228881836, 17.8799991607666]
assets:[0, 99.99990244531631, 200.25612839593887, 292.06125, 449.3055193754196, 560.8264683729172, 648.6345, 748.6344, 1035.793125, 1107.2515795300483, 1351.984085492134, 1526.3045323080064, 1602.9129025846482, 1732.8502931995395, 1748.1268832185744, 1904.2916715314866, 2026.5206, 2123.403317114258, 2324.8289452096938, 2527.395486051941, 2303.461199293232, 2195.0706106191633, 2396.4418636775017, 2729.3722902774807, 2904.3372696007727, 3282.0871930246353, 3598.638008105278, 3633.6722857837676, 3697.884405291367, 3731.67580573082, 3811.518478549576, 3593.2450499999995, 4281.473017396259, 4460.5072, 4292.876213111687, 4518.464806383133, 4475.438315664673, 4417.20032365303, 4575.240295865821, 4697.102037207986, 4685.417497685909, 5072.346725, 5198.956387125969, 5353.218451900291, 5594.910945767974, 5891.963662281037, 6489.522933686638, 6465.912531519127, 6702.541185402871]
shares:[0, 12.8205, 25.6082, 38.9415, 50.0898, 60.9594, 72.0705, 83.1816, 92.0705, 101.2113, 109.2954, 116.9582, 124.7403, 132.3797, 140.4118, 148.1939, 155.8862, 163.5904, 170.9433, 177.9856, 186.0631, 194.9441, 203.4331, 211.17, 218.7001, 225.573, 232.0205, 238.5865, 245.2178, 251.97, 258.7589, 266.1663, 272.5317, 278.7817, 285.4306, 291.8905, 298.5616, 305.4772, 312.3031, 319.0966, 326.0555, 332.6129, 339.1361, 345.5919, 351.8812, 357.9565, 363.5587, 369.2697, 374.8625]
growth_rate:39.64
