ticker:RAIL
price:[2.0199999809265137, 2.059999942779541, 2.5199999809265137, 2.2100000381469727, 2.380000114440918, 2.759999990463257, 2.390000104904175, 1.8799999952316284, 1.5099999904632568, 1.649999976158142, 1.5800000429153442, 1.6100000143051147, 2.759999990463257, 2.759999990463257, 3.049999952316284, 2.559999942779541, 2.569999933242798, 2.4100000858306885, 2.759999990463257, 3.0199999809265137, 3.5199999809265137, 3.630000114440918, 4.230000019073486, 3.950000047683716, 3.7100000381469727, 3.4000000953674316, 3.049999952316284, 3.440000057220459, 3.299999952316284, 5.489999771118164, 6.650000095367432, 5.949999809265137, 4.679999828338623, 6.670000076293945, 7.929999828338623, 6.389999866485596, 6.440000057220459, 5.230000019073486, 6.130000114440918, 6.329999923706055, 6.099999904632568, 5.360000133514404, 6.340000152587891, 5.78000020980835, 6.159999847412109, 5.170000076293945, 5.449999809265137, 5.190000057220459, 5.46999979019165, 5.210000038146973, 5.179999828338623, 5.550000190734863]
assets:[0, 100.0000192223072, 222.3300223172188, 294.979976091671, 417.6707420834541, 584.3576859808445, 606.0198986000061, 576.701842537272, 563.2020614429712, 715.4195296624661, 785.0683673237204, 899.9747129964232, 1642.813818323517, 1742.8138619779825, 2025.9356283265115, 1800.4574317566396, 1907.4904444518565, 1888.736347266197, 2263.0341161804436, 2576.218533729315, 3102.744815187454, 3299.7056780279163, 3945.1116327888963, 3783.969695679426, 3654.0576895717622, 3448.732296734333, 3193.715645069432, 3702.092629580068, 3651.4258572383164, 6174.6444665748595, 7579.305688694573, 6881.483584405231, 5512.662589796734, 7956.722464011956, 9559.7908390584, 7803.286999955989, 7964.346138764524, 6567.93966995287, 7798.177887584114, 8152.604397738647, 7956.3799356099125, 7091.17994463706, 8487.70183227768, 7837.999340511704, 8453.300030605316, 7194.73444417305, 7684.390731067658, 7417.796163782215, 7917.984967296266, 7641.627927951049, 7697.625820906353, 8347.456696874046]
shares:[0, 48.5437, 88.2262, 133.4751, 175.4919, 211.7238, 253.5648, 306.7563, 372.9815, 433.5876, 496.8787, 558.9905, 595.2224, 631.4543, 664.2412, 703.3037, 742.2142, 783.708, 819.9399, 853.0525, 881.4616, 909.0098, 932.6505, 957.967, 984.9212, 1014.333, 1047.1199, 1076.1897, 1106.4927, 1124.7076, 1139.7452, 1156.5519, 1177.9194, 1192.9119, 1205.5222, 1221.1717, 1236.6997, 1255.8202, 1272.1334, 1287.9312, 1304.3246, 1322.9813, 1338.7542, 1356.0552, 1372.289, 1391.6314, 1409.98, 1429.2478, 1447.5293, 1466.7232, 1486.0282, 1504.0462]
growth_rate:63.68
