ticker:RAIN
price:[15.800000190734863, 16.3700008392334, 18.389999389648438, 15.329999923706055, 16.0, 19.8700008392334, 19.1200008392334, 19.700000762939453, 18.049999237060547, 17.239999771118164, 15.869999885559082, 19.790000915527344, 19.6200008392334, 17.459999084472656, 16.649999618530273, 16.920000076293945, 17.6299991607666, 17.229999542236328, 17.65999984741211, 17.110000610351562, 17.530000686645508]
assets:[0, 99.99942412662506, 212.33828895263673, 277.00696662139893, 389.1136, 583.2302256334305, 661.2155170227051, 781.2724802570342, 815.8365005161286, 879.2261963272095, 909.3573414424897, 1233.9758220863341, 1323.3749426065444, 1277.6825750038147, 1318.4085747938157, 1439.7887944921495, 1600.2062668260573, 1663.899332793808, 1805.4241684005738, 1849.1958249649047, 1994.5880201274872]
shares:[0, 6.1087, 11.5464, 18.0696, 24.3196, 29.3523, 34.5824, 39.6585, 45.1987, 50.9992, 57.3004, 62.3535, 67.4503, 73.1777, 79.1837, 85.0939, 90.7661, 96.5699, 102.2324, 108.0769, 113.7814]
growth_rate:-0.27
