ticker:RAND
price:[11.25, 11.489999771118164, 11.15999984741211, 10.989999771118164, 11.100000381469727, 11.180000305175781, 11.289999961853027, 11.260000228881836, 12.770000457763672, 12.479999542236328, 12.079999923706055, 12.449999809265137, 12.550000190734863, 12.4399995803833, 12.619999885559082, 12.260000228881836, 15.579999923706055, 17.600000381469727, 16.579999923706055, 16.829999923706055, 15.880000114440918, 17.030000686645508, 16.0, 15.520000457763672, 15.649999618530273, 16.90999984741211, 16.15999984741211, 15.329999923706055, 17.0, 18.18000030517578, 18.510000228881836, 17.65999984741211, 18.239999771118164, 18.489999771118164, 18.68000030517578, 18.65999984741211, 18.40999984741211, 18.280000686645508, 18.549999237060547, 18.3799991607666, 18.260000228881836, 18.260000228881836, 17.0, 18.469999313354492, 17.889999389648438, 17.649999618530273, 17.010000228881836, 17.059999465942383, 17.030000686645508, 16.799999237060547, 17.940000534057617, 17.829999923706055]
assets:[0, 99.99976600799562, 197.128005304718, 294.12536387443544, 397.06921364593506, 499.9304836463929, 604.8493289563179, 703.2421882947922, 897.5496981742858, 977.1664921577453, 1045.846529394722, 1177.8795419548035, 1287.340114564991, 1376.056773583889, 1495.9672144342424, 1553.292988998413, 2073.9238998441697, 2442.814932946587, 2401.2432549505234, 2537.4506734972, 2494.219213974857, 2774.8461728811267, 2707.0192, 2725.8087203979494, 2848.641100564194, 3177.9892763233183, 3137.0373463790897, 3075.9154286918642, 3510.9964, 3854.700010706329, 4024.670071766281, 3939.85236795845, 4169.248075682831, 4326.391841444969, 4470.848857040405, 4566.062776662064, 4604.887738833237, 4672.371831506729, 4841.382850879669, 4897.0144224016185, 4965.043794234848, 5065.044685488319, 4815.5407000000005, 5331.943412778282, 5264.508010391236, 5293.882640583229, 5201.9234259956365, 5317.214571546364, 5407.8647970438005, 5434.828313187791, 5903.620027745438, 5967.421043465614]
shares:[0, 8.7032, 17.6638, 26.763, 35.772, 44.7165, 53.5739, 62.4549, 70.2858, 78.2986, 86.5767, 94.6088, 102.5769, 110.6155, 118.5394, 126.696, 133.1145, 138.7963, 144.8277, 150.7695, 157.0667, 162.9387, 169.1887, 175.632, 182.0218, 187.9355, 194.1236, 200.6468, 206.5292, 212.0297, 217.4322, 223.0947, 228.5772, 233.9855, 239.3388, 244.6979, 250.1297, 255.6002, 260.991, 266.4317, 271.9082, 277.3847, 283.2671, 288.6813, 294.271, 299.9367, 305.8156, 311.6773, 317.5493, 323.5017, 329.0758, 334.6843]
growth_rate:17.01
