ticker:RAPT
price:[30.030000686645508, 35.5099983215332, 37.45000076293945, 28.75, 30.780000686645508, 38.56999969482422, 40.869998931884766, 33.0099983215332, 28.739999771118164, 30.780000686645508, 30.469999313354492, 16.760000228881836, 22.399999618530273, 23.989999771118164, 23.420000076293945, 22.649999618530273, 21.40999984741211, 19.75, 21.1299991607666, 20.90999984741211, 20.93000030517578, 19.920000076293945, 20.729999542236328, 21.950000762939453, 20.18000030517578, 18.149999618530273, 16.90999984741211, 22.290000915527344, 23.459999084472656, 21.829999923706055, 23.0, 21.040000915527344, 20.8700008392334, 20.850000381469727, 21.940000534057617, 20.459999084472656, 20.579999923706055, 18.68000030517578, 19.299999237060547, 18.309999465942383, 18.56999969482422, 34.56999969482422, 34.650001525878906, 31.729999542236328, 33.72999954223633, 29.860000610351562, 32.16999816894531, 30.670000076293945, 32.790000915527344, 32.099998474121094, 29.940000534057617, 32.0]
assets:[0, 99.99970627326965, 205.46193918571473, 257.73225, 375.9315383863449, 571.0751294815063, 705.1300915718078, 669.521989956665, 682.9170005613328, 831.3924425468444, 923.0185481996537, 607.7058762990952, 912.2086244651794, 1076.9590697250367, 1151.3717017507554, 1213.5167645620347, 1247.0811071121216, 1250.390275, 1437.759097895622, 1522.7895578876496, 1624.2454646827698, 1645.8661023036957, 1812.7907809696196, 2019.4768951931, 1956.630631589508, 1859.8032359113695, 1832.7429854621887, 2515.838968334198, 2747.895498763275, 2656.9729507141114, 2899.3754, 2752.2993277626038, 2830.0618548036573, 2927.35047855854, 3180.387373416138, 3065.84902281189, 3183.8309461969375, 2989.8909608459476, 3189.1260839321135, 3125.538880835724, 3269.9206802627564, 6187.300518379975, 6301.619062503815, 5870.573460306168, 6340.605789949036, 5713.119888778686, 6255.092622972107, 6063.434479083252, 6582.556614791107, 6544.0405089279175, 6203.693858658981, 6730.5344]
shares:[0, 2.8161, 5.4863, 8.9646, 12.2135, 14.8062, 17.253, 20.2824, 23.7619, 27.0108, 30.2927, 36.2593, 40.7236, 44.892, 49.1619, 53.5769, 58.2476, 63.3109, 68.0435, 72.8259, 77.6037, 82.6238, 87.4477, 92.0035, 96.9589, 102.4685, 108.3822, 112.8685, 117.1311, 121.712, 126.0598, 130.8127, 135.6043, 140.4005, 144.9584, 149.846, 154.7051, 160.0584, 165.2397, 170.7012, 176.0862, 178.9789, 181.8649, 185.0165, 187.9812, 191.3302, 194.4387, 197.6992, 200.7489, 203.8642, 207.2042, 210.3292]
growth_rate:31.97
