ticker:RARE
price:[75.80999755859375, 73.83000183105469, 82.87000274658203, 82.06999969482422, 84.4000015258789, 94.44999694824219, 91.97000122070312, 93.05999755859375, 100.5, 111.41999816894531, 117.22000122070312, 114.37000274658203, 122.41999816894531, 128.52999877929688, 144.94000244140625, 168.0399932861328, 172.8699951171875, 138.42999267578125, 150.58999633789062, 137.97000122070312, 140.47000122070312, 138.58999633789062, 162.22000122070312, 150.25999450683594, 148.13999938964844, 141.5399932861328, 118.5, 126.94999694824219, 124.7300033569336, 108.63999938964844, 113.19999694824219, 103.4800033569336, 108.72000122070312, 109.87000274658203, 111.63999938964844, 114.52999877929688, 110.87999725341797, 107.33999633789062, 101.70999908447266, 92.19000244140625, 101.70999908447266, 94.91999816894531, 93.83000183105469, 94.20999908447266, 91.33999633789062, 85.33000183105469, 82.72000122070312, 79.83000183105469, 88.5, 92.73999786376953, 80.16000366210938, 93.94999694824219]
assets:[0, 100.00273748016357, 212.2466510345459, 310.1999778465271, 419.00380757522584, 568.9006666183471, 653.9618906799316, 761.7146920166016, 922.6100999999999, 1122.8573155471802, 1281.3083893432618, 1350.16075642395, 1545.1974588882447, 1722.3148366424562, 2042.204634399414, 2467.684105406189, 2638.618457470703, 2212.941862915039, 2507.3384980255123, 2397.214974209595, 2540.652818078613, 2606.656087121582, 3151.091079711914, 3018.768367640686, 3076.1715293258667, 3039.118427841187, 2644.41045, 2932.9765594940186, 2981.6832032478333, 2697.0531688476563, 2910.258721542358, 2760.370481547546, 3000.1501776855466, 3131.8883762924197, 3282.338786054993, 3467.3040890441894, 3456.805882372284, 3446.440400418091, 3365.675408704376, 3150.648647436524, 3576.0015158111573, 3437.271449693298, 3497.80419125824, 3611.9736808990474, 3601.9379515869136, 3464.9356533523555, 3458.953395043945, 3438.11053585968, 3911.5053000000003, 4198.905417279816, 3729.331946374512, 4470.892454772949]
shares:[0, 1.3545, 2.5612, 3.7797, 4.9645, 6.0233, 7.1106, 8.1852, 9.1802, 10.0777, 10.9308, 11.8052, 12.6221, 13.4001, 14.09, 14.6851, 15.2636, 15.986, 16.6501, 17.3749, 18.0868, 18.8084, 19.4248, 20.0903, 20.7653, 21.4718, 22.3157, 23.1034, 23.9051, 24.8256, 25.709, 26.6754, 27.5952, 28.5054, 29.4011, 30.2742, 31.1761, 32.1077, 33.0909, 34.1756, 35.1588, 36.2123, 37.2781, 38.3396, 39.4344, 40.6063, 41.8152, 43.0679, 44.1978, 45.2761, 46.5236, 47.588]
growth_rate:-12.34
