ticker:RAVE
price:[0.44999998807907104, 0.4399999976158142, 0.46000000834465027, 0.41999998688697815, 0.4699999988079071, 0.8100000023841858, 0.7400000095367432, 0.6899999976158142, 0.7200000286102295, 0.6800000071525574, 0.699999988079071, 0.9800000190734863, 0.9100000262260437, 0.9599999785423279, 1.0099999904632568, 0.8600000143051147, 0.8999999761581421, 0.9100000262260437, 0.8999999761581421, 1.059999942779541, 1.1100000143051147, 1.0399999618530273, 1.2300000190734863, 1.7000000476837158, 1.399999976158142, 1.190000057220459, 1.1399999856948853, 1.5700000524520874, 1.7300000190734863, 1.440000057220459, 1.409999966621399, 1.4199999570846558, 1.2999999523162842, 1.350000023841858, 1.340000033378601, 1.3200000524520874, 1.340000033378601, 1.309999942779541, 1.4900000095367432, 1.4900000095367432, 1.4299999475479126, 1.4199999570846558, 1.4199999570846558, 1.4900000095367432, 1.4299999475479126, 1.25, 1.3799999952316284, 1.3600000143051147, 1.309999942779541, 1.2100000381469727, 1.159999966621399, 1.2400000095367432]
assets:[0, 99.99998745813966, 204.54544371056556, 286.7588550469637, 420.8968429324508, 825.3754224294424, 854.0466650065183, 896.3407709028363, 1035.3121611396075, 1077.7947753367482, 1209.49455940243, 1793.2924309023858, 1765.2001238727628, 1962.1890761416553, 2164.3864485631707, 1942.94299231863, 2133.3123334865213, 2257.015917046809, 2332.213408217442, 2846.8290203237057, 3081.1136197078226, 2986.808962444496, 3632.476154328441, 5120.495513626027, 4316.878506483996, 3769.346958246851, 3710.9708174334523, 5210.723257084906, 5841.752306406117, 4962.49910919199, 4959.1134206040615, 5094.284352040159, 4763.781445265531, 5047.004114133299, 5109.618983277559, 5133.356123981237, 5311.134218297184, 5292.227896836854, 6119.4045601672415, 6219.4045698072905, 6068.95853039192, 6126.51824684391, 6226.518193821704, 6633.459480457449, 6466.340071816051, 5752.395375, 6450.644515710819, 6457.15698791939, 6319.761197954464, 5937.337087182999, 5791.99223733741, 6291.440252386976]
shares:[0, 227.2727, 444.664, 682.7592, 895.5252, 1018.982, 1154.1171, 1299.0446, 1437.9335, 1584.9923, 1727.8494, 1829.8902, 1939.7803, 2043.947, 2142.9569, 2259.236, 2370.3471, 2480.2372, 2591.3483, 2685.6879, 2775.778, 2871.9318, 2953.2326, 3012.0561, 3083.4847, 3167.5183, 3255.2376, 3318.9319, 3376.7354, 3446.1798, 3517.1018, 3587.5243, 3664.4474, 3738.5215, 3813.1484, 3888.906, 3963.5329, 4039.8688, 4106.9829, 4174.097, 4244.0271, 4314.4496, 4384.8721, 4451.9862, 4521.9163, 4601.9163, 4674.3801, 4747.9095, 4824.2454, 4906.89, 4993.0969, 5073.7421]
growth_rate:23.36
