ticker:RAVN
price:[25.1299991607666, 24.3799991607666, 23.510000228881836, 21.520000457763672, 21.670000076293945, 22.690000534057617, 24.309999465942383, 23.950000762939453, 21.920000076293945, 22.809999465942383, 23.399999618530273, 23.559999465942383, 26.290000915527344, 28.440000534057617, 33.029998779296875, 33.63999938964844, 33.09000015258789, 33.09000015258789, 36.2400016784668, 36.56999969482422, 35.650001525878906, 32.27000045776367, 35.7599983215332, 37.349998474121094, 41.15999984741211, 39.20000076293945, 37.880001068115234, 41.97999954223633, 36.5099983215332, 34.09000015258789, 38.47999954223633, 38.400001525878906, 39.81999969482422, 40.52000045776367, 40.619998931884766, 42.47999954223633, 41.209999084472656, 42.90999984741211, 44.130001068115234, 45.25, 43.470001220703125, 38.619998931884766, 57.66999816894531, 57.400001525878906, 57.75, 57.16999816894531, 58.68000030517578, 58.25, 58.13999938964844, 58.11000061035156, 58.130001068115234, 58.33000183105469]
assets:[0, 99.99944255771638, 196.4307539123535, 279.8030459518433, 381.7538903440476, 499.7223027620316, 635.4001800411224, 725.9915831268311, 764.4556186607361, 895.4932070335389, 1018.6558033937454, 1125.621382484436, 1356.051392223358, 1566.9501774248122, 1919.8455580474854, 2055.303042709351, 2121.7010287837984, 2221.702318244934, 2533.197861325836, 2656.265584833526, 2689.439680112457, 2534.4535659523012, 2908.5537674812317, 3137.877951806641, 3557.965054809952, 3488.5374278965, 3471.065713874817, 3946.762250963211, 3532.49933060112, 3398.353708211136, 3935.9844731769563, 4027.8030400505063, 4276.74760722351, 4451.928398294449, 4562.9135340167995, 4871.848483501053, 4826.197775780487, 5125.2905297744755, 5371.009473999024, 5607.321175, 5486.744431076049, 4974.580270417786, 7528.379968969726, 7593.136241850281, 7739.43555, 7761.707669406128, 8066.716169952393, 8107.601975, 8192.29219599762, 8288.066679052734, 8390.920329179764, 8519.790894447327]
shares:[0, 4.1017, 8.3552, 13.002, 17.6167, 22.0239, 26.1374, 30.3128, 34.8748, 39.2588, 43.5323, 47.7768, 51.5805, 55.0967, 58.1243, 61.097, 64.1191, 67.1412, 69.9006, 72.6351, 75.4401, 78.539, 81.3354, 84.0128, 86.4423, 88.9933, 91.6332, 94.0153, 96.7543, 99.6877, 102.2865, 104.8907, 107.402, 109.8699, 112.3317, 114.6857, 117.1123, 119.4428, 121.7088, 123.9187, 126.2191, 128.8084, 130.5424, 132.2846, 134.0162, 135.7654, 137.4696, 139.1863, 140.9063, 142.6272, 144.3475, 146.0619]
growth_rate:67.05
