ticker:RBB
price:[12.960000038146973, 12.210000038146973, 12.210000038146973, 11.029999732971191, 11.65999984741211, 12.380000114440918, 12.289999961853027, 12.65999984741211, 12.770000457763672, 13.25, 14.930000305175781, 15.0, 15.640000343322754, 15.539999961853027, 15.850000381469727, 15.420000076293945, 15.380000114440918, 15.380000114440918, 17.3799991607666, 17.979999542236328, 17.979999542236328, 16.600000381469727, 17.729999542236328, 18.25, 19.079999923706055, 18.799999237060547, 20.81999969482422, 22.899999618530273, 21.469999313354492, 20.700000762939453, 20.209999084472656, 20.139999389648438, 20.15999984741211, 20.0, 21.079999923706055, 22.440000534057617, 23.079999923706055, 23.260000228881836, 24.399999618530273, 24.530000686645508, 24.0, 23.010000228881836, 25.25, 24.190000534057617, 23.8700008392334, 23.479999542236328, 23.59000015258789, 23.93000030517578, 24.709999084472656, 25.270000457763672, 25.639999389648438, 25.360000610351562]
assets:[0, 99.9999003124237, 199.9998006248474, 280.67157920513154, 396.7023448085785, 521.1980048179627, 617.409041083622, 735.9966871292114, 842.3922351970672, 974.056525, 1197.5592124786378, 1303.1744999999999, 1458.7772400224685, 1549.449884196472, 1680.358395442009, 1734.7715965831758, 1830.2723056188584, 1930.2730663629532, 2281.283047842979, 2460.037921368408, 2560.037284822464, 2463.549616612625, 2731.249693482971, 2911.3549749999997, 3143.761979429245, 3197.626070234299, 3641.20141862793, 4104.971491619111, 3948.6356007162094, 3907.021644001007, 3914.5353526687622, 4000.976026748657, 4104.948928930283, 4172.37, 4497.677267721749, 4887.849500327683, 5127.254295051193, 5267.241007830429, 5625.395512052536, 5755.366129104614, 5731.0152, 5594.610037649918, 6239.23965, 6077.31430917263, 6096.920967358589, 6097.305065127563, 6225.87048127098, 6415.60436581726, 6724.71999784317, 6977.122936389923, 7179.281877099609, 7200.880877307129]
shares:[0, 8.19, 16.38, 25.4462, 34.0225, 42.1, 50.2367, 58.1356, 65.9665, 73.5137, 80.2116, 86.8783, 93.2722, 99.7072, 106.0163, 112.5014, 119.0034, 125.5054, 131.2591, 136.8208, 142.3825, 148.4066, 154.0468, 159.5263, 164.7674, 170.0865, 174.8896, 179.2564, 183.9141, 188.745, 193.693, 198.6582, 203.6185, 208.6185, 213.3623, 217.8186, 222.1514, 226.4506, 230.549, 234.6256, 238.7923, 243.1382, 247.0986, 251.2325, 255.4219, 259.6808, 263.9199, 268.0988, 272.1457, 276.103, 280.0032, 283.9464]
growth_rate:41.19
