ticker:RBBN
price:[3.930000066757202, 4.0, 4.199999809265137, 3.7200000286102295, 3.8399999141693115, 3.9800000190734863, 4.019999980926514, 4.019999980926514, 4.309999942779541, 4.349999904632568, 4.670000076293945, 5.880000114440918, 6.53000020980835, 7.190000057220459, 6.170000076293945, 6.320000171661377, 6.610000133514404, 6.559999942779541, 6.889999866485596, 6.789999961853027, 6.809999942779541, 7.309999942779541, 8.859999656677246, 10.539999961853027, 9.630000114440918, 8.640000343322754, 8.010000228881836, 8.369999885559082, 8.710000038146973, 8.09000015258789, 8.4399995803833, 8.550000190734863, 8.449999809265137, 8.039999961853027, 6.75, 6.900000095367432, 6.96999979019165, 7.25, 7.440000057220459, 7.630000114440918, 8.079999923706055, 7.400000095367432, 7.809999942779541, 7.46999979019165, 7.599999904632568, 7.03000020980835, 7.28000020980835, 6.909999847412109, 7.059999942779541, 7.110000133514404, 6.46999979019165, 6.789999961853027]
assets:[0, 100.0, 204.99989069032668, 281.57126616554257, 390.6543272681952, 504.8968324196339, 609.9710791059018, 709.9709906314373, 861.1879845666886, 969.1804137521266, 1140.4765966320037, 1535.9748058942794, 1805.7677310191632, 2088.2801536192414, 1892.0292893955232, 2038.0268873560906, 2231.543977074623, 2314.6638358100413, 2531.1027719522954, 2594.366641424561, 2702.008444296598, 3000.3938625138285, 3736.5923332079888, 4545.111483550072, 4252.696646538162, 3915.5038675881383, 3729.9983835828784, 3997.6383323412892, 4260.02792065754, 4056.788015516281, 4332.297360608482, 4488.761215136051, 4536.260717606735, 4416.158115046883, 3807.59535, 3992.208955177784, 4132.709429598713, 4398.729425, 4614.006803485966, 4831.837964471817, 5216.808318741226, 4877.770002862215, 5248.024743550015, 5119.557633208036, 5308.653133385181, 5010.504703537083, 5288.687920419074, 5119.894595941543, 5331.035608792591, 5468.790981695128, 5076.522938379145, 5427.602765507126]
shares:[0, 25.0, 48.8095, 75.6912, 101.7329, 126.8585, 151.7341, 176.6097, 199.8116, 222.8001, 244.2134, 261.2202, 276.5341, 290.4423, 306.6498, 322.4726, 337.6012, 352.8451, 367.3589, 382.0864, 396.7707, 410.4506, 421.7373, 431.225, 441.6092, 453.1833, 465.6677, 477.6151, 489.0962, 501.4571, 513.3054, 525.0013, 536.8356, 549.2734, 564.0882, 578.581, 592.9282, 606.7213, 620.1622, 633.2684, 645.6446, 659.1581, 671.9622, 685.3491, 698.507, 712.7318, 726.4681, 740.9399, 755.1042, 769.1689, 784.6249, 799.3524]
growth_rate:6.42
