ticker:RBCAA
price:[31.3700008392334, 31.360000610351562, 30.399999618530273, 28.049999237060547, 28.959999084472656, 31.31999969482422, 32.84000015258789, 34.900001525878906, 33.33000183105469, 32.22999954223633, 36.290000915527344, 36.20000076293945, 37.5, 38.209999084472656, 36.529998779296875, 36.470001220703125, 36.349998474121094, 36.06999969482422, 38.189998626708984, 39.09000015258789, 39.560001373291016, 36.09000015258789, 39.25, 41.209999084472656, 42.08000183105469, 42.040000915527344, 43.93000030517578, 46.86000061035156, 45.41999816894531, 45.70000076293945, 45.369998931884766, 45.47999954223633, 45.61000061035156, 45.33000183105469, 44.93000030517578, 45.400001525878906, 45.77000045776367, 46.16999816894531, 46.45000076293945, 46.56999969482422, 47.5, 45.27000045776367, 46.880001068115234, 46.09000015258789, 46.2599983215332, 46.599998474121094, 48.599998474121094, 48.7599983215332, 50.189998626708984, 50.029998779296875, 50.099998474121094, 50.77000045776367]
assets:[0, 100.00076994628907, 196.94031752872468, 281.7173623374939, 390.85573164367673, 522.7057389068603, 648.0744150112153, 788.7260744842529, 853.244713874817, 925.0847848609924, 1141.6181068008423, 1238.7857461082458, 1383.27375, 1509.4630878326416, 1543.0965554351808, 1640.5628879119872, 1735.1635421623232, 1821.7982955863954, 2028.874229042816, 2176.687568496704, 2302.8588879417416, 2200.865652305222, 2493.572125, 2718.0920306144712, 2875.4738051223753, 2972.7409527389523, 3206.3848272743226, 3520.2403958511354, 3512.0650224151614, 3633.716740663147, 3707.4775177173615, 3816.4678055866243, 3927.3768105560303, 4003.2647157073975, 4067.9397626304626, 4210.491481513214, 4344.8042564540865, 4482.7743982177735, 4609.96284071846, 4721.871979057312, 4916.16925, 4785.369519388962, 5055.558067185974, 5070.365525786209, 5189.067279723358, 5327.204645565033, 5655.839402425384, 5774.461313225555, 6043.809368630218, 6124.542372564697, 6233.111150160217, 6416.470044853592]
shares:[0, 3.1888, 6.4783, 10.0434, 13.4964, 16.6892, 19.7343, 22.5996, 25.5999, 28.7026, 31.4582, 34.2206, 36.8873, 39.5044, 42.2419, 44.9839, 47.7349, 50.5073, 53.1258, 55.684, 58.2118, 60.9827, 63.5305, 65.9571, 68.3335, 70.7122, 72.9885, 75.1225, 77.3242, 79.5124, 81.7165, 83.9153, 86.1078, 88.3138, 90.5395, 92.7421, 94.9269, 97.0928, 99.2457, 101.393, 103.4983, 105.7073, 107.8404, 110.0101, 112.1718, 114.3177, 116.3753, 118.4262, 120.4186, 122.4174, 124.4134, 126.3831]
growth_rate:25.81
