ticker:RBCN
price:[8.329999923706055, 8.449999809265137, 8.529999732971191, 8.5, 8.649999618530273, 8.619999885559082, 8.5, 8.449999809265137, 8.5, 8.59000015258789, 8.649999618530273, 8.800000190734863, 8.539999961853027, 8.890000343322754, 9.020000457763672, 9.0, 9.399999618530273, 9.050000190734863, 9.670000076293945, 9.989999771118164, 9.850000381469727, 9.75, 9.949999809265137, 11.260000228881836, 10.729999542236328, 10.180000305175781, 9.670000076293945, 10.34000015258789, 10.65999984741211, 10.600000381469727, 10.300000190734863, 10.729999542236328, 10.859999656677246, 10.5, 10.350000381469727, 10.699999809265137, 10.260000228881836, 9.899999618530273, 9.779999732971191, 10.100000381469727, 9.850000381469727, 9.84000015258789, 9.850000381469727, 9.399999618530273, 9.420000076293945, 9.25, 9.0, 9.399999618530273, 9.420000076293945, 9.229999542236328, 9.300000190734863, 9.399999618530273]
assets:[0, 99.99983274278641, 200.94632170944215, 300.23955, 405.53793211555484, 504.1312113070488, 597.1130999999999, 693.6004893439292, 797.7046, 906.150526096344, 1012.479860349083, 1130.0370644928933, 1196.6495606547355, 1345.6926869692802, 1465.3712343673706, 1562.1218999999999, 1731.5494897304536, 1767.0767922423363, 1988.136543685913, 2153.9278666511536, 2223.7429811208726, 2301.166725, 2448.370583066368, 2870.719042353058, 2835.5965920276644, 2790.2495176460266, 2750.463263700485, 3041.0333368766783, 3235.1468556919094, 3316.938339369011, 3323.062281536293, 3561.7922310466765, 3704.945354873657, 3682.1294999999996, 3729.5274174591063, 3955.6465494878767, 3892.9847188453673, 3856.3884314044953, 3909.6438912528038, 4137.567166272926, 4135.152300145722, 4230.954065608978, 4335.254072895241, 4237.19646804657, 4346.2118812006, 4367.776925, 4349.7288, 4643.049911576271, 4752.928862494659, 4757.06238607254, 4893.140230354023, 5045.754355233765]
shares:[0, 11.8343, 23.5576, 35.3223, 46.883, 58.4839, 70.2486, 82.0829, 93.8476, 105.489, 117.0497, 128.4133, 140.1229, 151.3715, 162.458, 173.5691, 184.2074, 195.2571, 205.5984, 215.6084, 225.7607, 236.0171, 246.0674, 254.9484, 264.2681, 274.0913, 284.4326, 294.1038, 303.4847, 312.9187, 322.6274, 331.9471, 341.1552, 350.679, 360.3408, 369.6866, 379.4332, 389.5342, 399.7591, 409.6601, 419.8124, 429.975, 440.1273, 450.7656, 461.3813, 472.1921, 483.3032, 493.9415, 504.5572, 515.3914, 526.1441, 536.7824]
growth_rate:-1.06
