ticker:RBKB
price:[6.409999847412109, 6.590000152587891, 6.710000038146973, 6.349999904632568, 6.432000160217285, 6.993000030517578, 6.929999828338623, 6.989999771118164, 6.71999979019165, 7.039999961853027, 7.659999847412109, 7.769000053405762, 8.529999732971191, 8.996000289916992, 8.399999618530273, 8.5, 8.449999809265137, 8.550000190734863, 8.880000114440918, 9.010000228881836, 9.0, 9.024999618530273, 9.210000038146973, 9.468999862670898, 9.819999694824219, 9.75, 10.289999961853027, 10.529999732971191, 10.489999771118164, 10.4399995803833, 10.562000274658203, 10.539999961853027, 10.5649995803833, 10.65999984741211, 10.449999809265137, 10.260000228881836, 10.260000228881836, 10.449999809265137, 10.640000343322754, 10.640000343322754, 10.600000381469727, 10.789999961853027, 10.510000228881836, 10.770000457763672, 10.699999809265137, 10.600000381469727, 10.649999618530273, 10.782999992370605, 10.869999885559082, 10.878000259399414, 10.649999618530273, 10.779999732971191]
assets:[0, 99.99995731544495, 201.8206971473694, 290.99255562973025, 394.7505026329994, 529.1805920093536, 624.4130815328122, 729.8195851026535, 801.629446971941, 939.8019789075851, 1122.5683816383362, 1238.5425344140053, 1459.8616862995148, 1639.615510840416, 1630.9884459318162, 1750.405, 1840.108293464756, 1961.8847537660597, 2137.606947548389, 2268.900960637093, 2366.3826, 2472.955487972832, 2623.648105866909, 2797.4294701288222, 3001.125458734131, 3079.7325, 3350.3025655797956, 3528.4439075226783, 3615.040643123245, 3697.8092233733178, 3841.0213802833555, 3933.0210117653846, 4042.3495009474755, 4178.698620185852, 4196.379253407097, 4220.0817341423035, 4320.081852373123, 4500.083417863846, 4681.903391071796, 4781.903434298515, 4863.92677504158, 5051.109734142304, 5020.033294323922, 5244.221244898224, 5310.13598534317, 5360.5092329124445, 5485.794568505669, 5654.303271999359, 5799.923230937577, 5904.192371792793, 5880.442019369888, 6052.221718081856]
shares:[0, 15.1745, 30.0776, 45.8256, 61.3729, 75.6729, 90.1029, 104.4091, 119.2901, 133.4946, 146.5494, 159.4211, 171.1444, 182.2605, 194.1653, 205.93, 217.7643, 229.4602, 240.7215, 251.8203, 262.9314, 274.0117, 284.8695, 295.4303, 305.6136, 315.87, 325.5882, 335.0849, 344.6178, 354.1963, 363.6642, 373.1519, 382.6171, 391.998, 401.5674, 411.314, 421.0606, 430.63, 440.0285, 449.427, 458.861, 468.1288, 477.6435, 486.9286, 496.2744, 505.7084, 515.0981, 524.372, 533.5716, 542.7645, 552.1542, 561.4306]
growth_rate:18.67
