ticker:RBNC
price:[14.859999656677246, 14.630000114440918, 15.380000114440918, 13.390000343322754, 14.850000381469727, 15.369999885559082, 15.979999542236328, 17.25, 16.850000381469727, 16.559999465942383, 18.0, 18.389999389648438, 18.729999542236328, 18.899999618530273, 18.989999771118164, 18.860000610351562, 18.43000030517578, 18.6200008392334, 19.780000686645508, 20.93000030517578, 20.260000228881836, 20.549999237060547, 20.84000015258789, 20.670000076293945, 21.770000457763672, 22.110000610351562, 24.459999084472656, 26.989999771118164, 29.329999923706055, 28.829999923706055, 28.969999313354492, 28.5, 27.93000030517578, 27.700000762939453, 27.6299991607666, 29.969999313354492, 29.899999618530273, 29.81999969482422, 29.649999618530273, 29.90999984741211, 29.15999984741211, 27.0, 28.0, 27.190000534057617, 27.18000030517578, 29.209999084472656, 28.209999084472656, 27.799999237060547, 29.049999237060547, 29.90999984741211, 28.549999237060547, 29.719999313354492]
assets:[0, 100.000439782238, 205.12767552633287, 278.58699114303585, 408.96307050552366, 523.2839421037673, 644.0515095504761, 795.237075, 876.7965098499299, 961.7054089851379, 1145.3328000000001, 1270.1476048446657, 1393.629964939499, 1506.2789395978928, 1613.4511485534667, 1702.405499093628, 1763.5906882026673, 1881.7726628145217, 2099.004222865105, 2321.03866284256, 2346.738112511635, 2480.329422915268, 2615.3324911491395, 2693.997588943672, 2937.3652057647705, 3083.239585113525, 3510.946686586761, 3974.0993322986606, 4418.649545506096, 4443.322833241463, 4564.898392803001, 4590.83985, 4599.023675251007, 4661.151148381806, 4749.373052742576, 5251.601021680069, 5339.335621879769, 5425.051156480408, 5494.124174313926, 5642.303128215408, 5600.822406692124, 5285.9466, 5581.7216, 5520.249858427048, 5618.220219081115, 6137.829924622345, 6027.7010293769845, 6040.09471423645, 6411.680526610184, 6701.493988811874, 6496.7778713871, 6863.019513438034]
shares:[0, 6.8353, 13.3373, 20.8056, 27.5396, 34.0458, 40.3036, 46.1007, 52.0354, 58.074, 63.6296, 69.0673, 74.4063, 79.6973, 84.9632, 90.2654, 95.6913, 101.0619, 106.1175, 110.8953, 115.8311, 120.6973, 125.4958, 130.3337, 134.9272, 139.45, 143.5383, 147.2434, 150.6529, 154.1215, 157.5733, 161.0821, 164.6625, 168.2726, 171.8919, 175.2286, 178.5731, 181.9266, 185.2993, 188.6427, 192.0721, 195.7758, 199.3472, 203.025, 206.7042, 210.1277, 213.6725, 217.2696, 220.7119, 224.0553, 227.5579, 230.9226]
growth_rate:34.57
