ticker:RCAT
price:[0.699999988079071, 0.7300000190734863, 0.7400000095367432, 0.8479999899864197, 0.8500000238418579, 1.100000023841858, 1.062999963760376, 1.100000023841858, 1.215000033378601, 0.9800000190734863, 0.800000011920929, 0.800000011920929, 1.0, 0.8999999761581421, 0.8500000238418579, 1.0299999713897705, 1.75, 3.0, 2.8399999141693115, 2.740000009536743, 5.5, 5.0, 4.210000038146973, 4.949999809265137, 4.769999980926514, 5.099999904632568, 4.800000190734863, 5.0, 4.860000133514404, 4.130000114440918, 4.264999866485596, 4.150000095367432, 4.210000038146973, 4.099999904632568, 4.039999961853027, 3.8399999141693115, 3.140000104904175, 2.8499999046325684, 2.5299999713897705, 2.380000114440918, 3.4000000953674316, 2.799999952316284, 2.5999999046325684, 2.5399999618530273, 3.0, 7.099999904632568, 3.2200000286102295, 3.1500000953674316, 3.049999952316284, 2.9200000762939453, 2.5999999046325684, 2.700000047683716]
assets:[0, 100.00000161280632, 201.3698385951519, 330.75891929424404, 431.53906210434434, 658.4623242717862, 736.3140313977003, 861.9430786821127, 1052.0552854021669, 948.5713204617977, 874.3439330287398, 974.3439345188559, 1317.9299, 1286.1368659290074, 1314.684921875918, 1693.0887179712056, 2976.6072, 5202.7551, 5025.274768125772, 4948.328773222971, 10032.776600000001, 9220.706, 7863.834653254508, 9346.07582987423, 9106.21902558756, 9836.208656067849, 9357.608531837941, 9847.5085, 9671.778373704052, 8319.0216475173, 8690.950591932678, 8556.611296631812, 8780.32134955883, 8650.906318776893, 8624.307906566524, 8297.361990539503, 6884.822320014834, 6348.962457549382, 5736.096642133975, 5496.012170272541, 7951.445923032045, 6648.249326780987, 6273.374149893999, 6228.604162455749, 7456.6191, 17747.33158161726, 8148.789994403339, 8071.642459371997, 7915.399526250601, 7678.022232611847, 6936.594605567217, 7303.3869989824525]
shares:[0, 136.9863, 272.1214, 390.0459, 507.693, 598.6021, 692.6755, 783.5846, 865.8891, 967.9299, 1092.9299, 1217.9299, 1317.9299, 1429.041, 1546.6881, 1643.7755, 1700.9184, 1734.2517, 1769.463, 1805.9594, 1824.1412, 1844.1412, 1867.8942, 1888.0962, 1909.0606, 1928.6684, 1949.5017, 1969.5017, 1990.0778, 2014.2909, 2037.7376, 2061.834, 2085.587, 2109.9772, 2134.7297, 2160.7714, 2192.6185, 2227.7062, 2267.2319, 2309.2487, 2338.6605, 2374.3748, 2412.8363, 2452.2064, 2485.5397, 2499.6242, 2530.6801, 2562.4261, 2595.213, 2629.4596, 2667.9211, 2704.9581]
growth_rate:43.2
