ticker:RCEL
price:[26.84000015258789, 26.209999084472656, 28.690000534057617, 24.43000030517578, 24.969999313354492, 26.719999313354492, 24.610000610351562, 23.56999969482422, 20.479999542236328, 21.549999237060547, 21.81999969482422, 22.700000762939453, 22.959999084472656, 20.860000610351562, 20.489999771118164, 17.700000762939453, 18.950000762939453, 18.579999923706055, 18.84000015258789, 22.75, 27.260000228881836, 24.690000534057617, 27.31999969482422, 25.360000610351562, 25.739999771118164, 21.739999771118164, 19.709999084472656, 22.479999542236328, 21.399999618530273, 20.700000762939453, 20.8700008392334, 21.06999969482422, 20.670000076293945, 20.3799991607666, 20.639999389648438, 19.270000457763672, 20.559999465942383, 18.31999969482422, 18.059999465942383, 17.889999389648438, 18.940000534057617, 20.639999389648438, 22.020000457763672, 20.5, 19.790000915527344, 18.920000076293945, 19.270000457763672, 18.530000686645508, 18.899999618530273, 17.389999389648438, 17.5, 20.520000457763672]
assets:[0, 99.99900950698853, 209.45995589904786, 278.35786647720334, 384.51052242641447, 511.4581948566437, 571.070142163086, 646.9375666236878, 662.1245292003632, 796.7185567935944, 906.7017213188171, 1043.2693350639345, 1155.218577935791, 1149.559171635437, 1229.1684492696763, 1161.799730078125, 1343.8468841041565, 1417.6075441789626, 1537.445748451996, 1956.52275, 2444.387864523697, 2313.9369740516663, 2660.418838282013, 2569.553877842712, 2708.056469919777, 2387.2237208669662, 2264.3142598228455, 2682.5360973751067, 2653.659872696686, 2666.8576882923126, 2788.760123142815, 2915.4853557724, 2960.1362419260026, 3018.605993696022, 3157.117010639953, 3047.5602073955533, 3351.573920940971, 3086.4216445861816, 3142.618701068687, 3213.0367343811035, 3501.615934736252, 3915.911500201416, 4277.73080292778, 4082.44585, 4041.054858947754, 3963.4032399822236, 4136.72183026886, 4077.8657501089097, 4259.290684032249, 4018.9975419418333, 4144.42, 4959.628706640244]
shares:[0, 3.8153, 7.3008, 11.3941, 15.3989, 19.1414, 23.2048, 27.4475, 32.3303, 36.9707, 41.5537, 45.959, 50.3144, 55.1083, 59.9887, 65.6384, 70.9154, 76.2975, 81.6054, 86.001, 89.6694, 93.7196, 97.3799, 101.3231, 105.2081, 109.8079, 114.8815, 119.3299, 124.0028, 128.8337, 133.6253, 138.3714, 143.2093, 148.1161, 152.9611, 158.1505, 163.0143, 168.4728, 174.0099, 179.5996, 184.8794, 189.7244, 194.2657, 199.1437, 204.1968, 209.4822, 214.6716, 220.0683, 225.3593, 231.1097, 236.824, 241.6973]
growth_rate:-2.75
