ticker:RCHG
price:[9.75, 9.920000076293945, 9.970000267028809, 9.979999542236328, 10.119999885559082, 10.1899995803833, 10.270000457763672, 10.300000190734863, 10.470000267028809, 10.300000190734863, 10.289999961853027, 10.300000190734863, 10.34000015258789, 10.170000076293945, 10.0, 9.970000267028809, 9.979999542236328, 9.789999961853027, 9.800000190734863, 10.0, 9.850000381469727, 9.829999923706055, 9.899999618530273, 9.880000114440918, 9.850000381469727, 9.8100004196167, 9.800000190734863, 9.800000190734863, 9.829999923706055, 9.850000381469727, 9.835000038146973, 9.850000381469727, 9.84000015258789, 9.795000076293945, 9.84000015258789, 9.84000015258789, 9.819999694824219, 9.819999694824219, 9.8100004196167, 9.8100004196167, 9.8100004196167, 9.819999694824219]
assets:[0, 99.99955276908875, 200.50368437013628, 300.7043722072601, 404.92244742097853, 507.7228430923462, 611.7089562656403, 713.495433212471, 825.2715960478783, 911.8713768859864, 1010.9863222520828, 1111.9684505913735, 1216.2869799488067, 1296.2895667245866, 1374.6209999999999, 1470.4972733846664, 1571.971683896637, 1642.044386601734, 1743.721873937607, 1879.308, 1951.118610562706, 2047.1564641113282, 2161.734216703415, 2257.3676061472893, 2350.513471030426, 2440.9684494109156, 2538.4803294057842, 2638.4805113520624, 2746.5570266830446, 2852.1454254575733, 2947.8022709336283, 3052.298418209076, 3149.19955283432, 3234.797795696068, 3349.6590519428255, 3449.6590374935154, 3542.6473779052735, 3642.647380797577, 3738.9384339307785, 3838.938635208225, 3938.9388364856723, 4042.9537763572694]
shares:[0, 10.0806, 20.1107, 30.1307, 40.0121, 49.8256, 59.5627, 69.2714, 78.8225, 88.5312, 98.2494, 107.9581, 117.6293, 127.4621, 137.4621, 147.4922, 157.5122, 167.7267, 177.9308, 187.9308, 198.0831, 208.256, 218.357, 228.4785, 238.6308, 248.8245, 259.0286, 269.2327, 279.4056, 289.5579, 299.7257, 309.878, 320.0406, 330.2499, 340.4125, 350.5751, 360.7584, 370.9417, 381.1354, 391.3291, 401.5228, 411.7061]
growth_rate:-1.39
