ticker:RCHGU
price:[9.899999618530273, 9.88700008392334, 9.899999618530273, 9.930000305175781, 9.859999656677246, 9.899999618530273, 9.9399995803833, 9.970000267028809, 10.079999923706055, 10.15999984741211, 10.319999694824219, 10.350000381469727, 10.699999809265137, 10.699999809265137, 10.75, 11.020000457763672, 11.050000190734863, 10.680000305175781, 10.899999618530273, 10.829999923706055, 11.0, 10.670000076293945, 10.34000015258789, 10.449999809265137, 10.3100004196167, 10.029999732971191, 10.204999923706055, 10.300000190734863, 10.34000015258789, 10.079999923706055, 10.170000076293945, 10.199999809265137, 10.145000457763672, 10.119999885559082, 10.050000190734863, 10.100000381469727, 10.15999984741211, 10.09000015258789, 10.199999809265137, 10.239999771118164, 10.220000267028809, 10.25, 10.229999542236328, 10.229999542236328, 10.229999542236328, 10.149999618530273, 10.130000114440918, 10.109999656677246, 10.109999656677246]
assets:[0, 100.00008494882584, 200.13146228847503, 300.73800324249265, 398.61809412021637, 500.23510072479246, 602.2566225757598, 704.0744398573875, 811.8421858552933, 918.2851702087403, 1032.7461054603577, 1135.747976860237, 1274.1549072873115, 1374.1549655047418, 1480.576, 1617.7625152008056, 1722.1668397264482, 1764.5015904197692, 1900.8487534755707, 1988.6414079906465, 2119.8573, 2156.261903417969, 2189.5736163116453, 2312.867107785225, 2381.8812499424935, 2417.193827647018, 2559.368058365822, 2683.193309687233, 2793.6136772254945, 2823.3676586303714, 2948.5759181198123, 3057.2734828305247, 3140.7886627189637, 3233.048507439423, 3310.685132832146, 3427.1563694412234, 3547.515330721664, 3623.0738677906033, 3762.5718496418, 3877.3267613349913, 3969.753681721973, 4081.4064999999996, 4173.442889250184, 4273.443180775452, 4373.44347230072, 4439.242403158951, 4530.4956661820415, 4621.550780058003, 4721.5508086621285]
shares:[0, 10.1143, 20.2153, 30.2858, 40.4278, 50.5288, 60.5892, 70.6193, 80.5399, 90.3824, 100.0723, 109.7341, 119.0799, 128.4257, 137.728, 146.8024, 155.8522, 165.2155, 174.3898, 183.6234, 192.7143, 202.0864, 211.7576, 221.327, 231.0263, 240.9964, 250.7955, 260.5042, 270.1754, 280.096, 289.9288, 299.7327, 309.5898, 319.4712, 329.4214, 339.3224, 349.1649, 359.0757, 368.8796, 378.6452, 388.4299, 398.186, 407.9612, 417.7364, 427.5116, 437.3638, 447.2355, 457.1267, 467.0179]
growth_rate:-1.63
