ticker:RCII
price:[29.450000762939453, 29.350000381469727, 28.360000610351562, 29.889999389648438, 31.0, 34.25, 33.65999984741211, 32.7599983215332, 30.899999618530273, 30.65999984741211, 33.02000045776367, 33.95000076293945, 35.540000915527344, 35.63999938964844, 34.13999938964844, 35.220001220703125, 38.15999984741211, 38.290000915527344, 42.58000183105469, 47.36000061035156, 47.90999984741211, 43.29999923706055, 49.61000061035156, 53.400001525878906, 52.41999816894531, 57.7599983215332, 54.83000183105469, 63.91999816894531, 60.970001220703125, 59.20000076293945, 58.97999954223633, 58.130001068115234, 56.88999938964844, 56.25, 57.54999923706055, 59.380001068115234, 57.61000061035156, 57.650001525878906, 61.810001373291016, 60.099998474121094, 63.59000015258789, 54.20000076293945, 52.209999084472656, 53.83000183105469, 53.20000076293945, 51.689998626708984, 55.70000076293945, 57.220001220703125, 58.18000030517578, 63.630001068115234, 63.099998474121094, 65.19000244140625]
assets:[0, 100.00132129974365, 196.6283922317505, 307.2363147262573, 418.6457, 562.5356999999999, 652.845795040512, 735.389890322113, 793.6355902023316, 887.4720915832519, 1055.7847966365814, 1185.5204466415407, 1341.0415165458678, 1444.8134992568969, 1484.0043214691163, 1630.95020652771, 1867.0924725341795, 1973.451331185913, 2294.555396672058, 2652.1410901794434, 2782.9385791366576, 2615.1597439212796, 3096.2593580932617, 3432.803078090668, 3469.805486798096, 3923.2727979923247, 3824.255552711487, 4558.262909423828, 4447.895723052979, 4418.770936946869, 4502.35032705574, 4537.465119374084, 4540.67530128479, 4589.595, 4795.6644564239505, 5048.161100805282, 4997.684835948181, 5101.154620017242, 5569.2541917373655, 5515.178529975128, 5935.446101242446, 5158.989132619858, 5069.570027102661, 5326.871640196228, 5364.528476932526, 5312.2638628646855, 5824.376409778214, 6083.315819778442, 6285.377426969147, 6974.159904070663, 7016.069900337982, 7348.458278204345]
shares:[0, 3.4072, 6.9333, 10.2789, 13.5047, 16.4244, 19.3953, 22.4478, 25.684, 28.9456, 31.9741, 34.9196, 37.7333, 40.5391, 43.4682, 46.3075, 48.928, 51.5396, 53.8881, 55.9996, 58.0868, 60.3963, 62.412, 64.2847, 66.1924, 67.9237, 69.7475, 71.312, 72.9522, 74.6414, 76.3369, 78.0572, 79.815, 81.5928, 83.3304, 85.0145, 86.7503, 88.4849, 90.1028, 91.7667, 93.3393, 95.1843, 97.0996, 98.9573, 100.837, 102.7716, 104.5669, 106.3145, 108.0333, 109.6049, 111.1897, 112.7237]
growth_rate:44.09
