ticker:RCKT
price:[22.8700008392334, 23.079999923706055, 26.040000915527344, 23.06999969482422, 23.30500030517578, 28.510000228881836, 29.0, 28.104999542236328, 27.940000534057617, 28.8700008392334, 31.969999313354492, 31.204999923706055, 32.040000915527344, 32.08000183105469, 59.56999969482422, 53.630001068115234, 56.70000076293945, 54.84000015258789, 56.91999816894531, 55.04999923706055, 55.0, 55.08000183105469, 64.16999816894531, 59.869998931884766, 57.119998931884766, 55.58000183105469, 52.41999816894531, 53.619998931884766, 54.68000030517578, 46.4900016784668, 45.220001220703125, 39.40999984741211, 43.38999938964844, 44.790000915527344, 45.84000015258789, 43.77000045776367, 40.90999984741211, 41.5099983215332, 42.5, 42.380001068115234, 46.18000030517578, 43.0099983215332, 42.939998626708984, 46.189998626708984, 46.720001220703125, 43.880001068115234, 46.06999969482422, 35.81999969482422, 34.7400016784668, 29.920000076293945, 28.200000762939453, 32.47999954223633]
assets:[0, 100.0010236694336, 212.82492748260498, 288.5503281829834, 391.4890476264954, 578.9240646476746, 688.8747000000001, 767.6149894973755, 863.1085264978409, 991.8375398321151, 1198.337878262329, 1269.6627958957672, 1403.637196108246, 1505.3893739242553, 2895.387921166992, 2706.673975907135, 2961.616809850693, 2964.4639522483826, 3176.904317802429, 3172.5314560317993, 3269.651, 3374.404708177185, 4031.294041969299, 3861.159919114685, 3783.8058012447354, 3781.791158589172, 3666.7788719177247, 3850.720223293304, 4026.8430064743043, 3523.700379219055, 3527.4404592224123, 3174.223263710022, 3594.7876864334103, 3810.7735888938905, 4000.1084293151857, 3919.4766079914093, 3763.372250963211, 3918.568747551727, 4112.02375, 4200.413283864212, 4677.0411609077455, 4455.986361104965, 4548.732816524124, 4993.01413855095, 5150.305478567505, 4937.228528180694, 5283.639269000244, 4208.094162148284, 4181.2162780159, 3701.0920414375305, 3588.328837080765, 4232.939700342178]
shares:[0, 4.3328, 8.173, 12.5076, 16.7985, 20.306, 23.7543, 27.3124, 30.8915, 34.3553, 37.4832, 40.6878, 43.8089, 46.9261, 48.6048, 50.4694, 52.2331, 54.0566, 55.8135, 57.63, 59.4482, 61.2637, 62.8221, 64.4924, 66.2431, 68.0423, 69.95, 71.815, 73.6438, 75.7948, 78.0062, 80.5436, 82.8483, 85.0809, 87.2624, 89.5471, 91.9915, 94.4006, 96.7535, 99.1131, 101.2785, 103.6035, 105.9323, 108.0973, 110.2377, 112.5166, 114.6872, 117.4789, 120.3574, 123.6996, 127.2457, 130.3245]
growth_rate:-17.0
