ticker:RCKY
price:[24.1200008392334, 25.68000030517578, 24.3799991607666, 24.719999313354492, 25.5, 26.260000228881836, 26.0, 25.260000228881836, 26.899999618530273, 28.950000762939453, 30.530000686645508, 31.15999984741211, 30.709999084472656, 30.829999923706055, 29.020000457763672, 29.5, 28.68000030517578, 28.06999969482422, 30.649999618530273, 31.399999618530273, 30.639999389648438, 34.459999084472656, 36.5, 35.91999816894531, 35.630001068115234, 43.59000015258789, 44.66999816894531, 48.66999816894531, 48.869998931884766, 48.88999938964844, 56.970001220703125, 56.119998931884766, 60.0, 58.849998474121094, 52.650001525878906, 65.48999786376953, 55.790000915527344, 51.720001220703125, 58.31999969482422, 54.459999084472656, 54.779998779296875, 53.81999969482422, 55.439998626708984, 55.099998474121094, 49.97999954223633, 46.29999923706055, 51.529998779296875, 54.400001525878906, 52.66999816894531, 49.9900016784668, 47.33000183105469, 50.15999984741211]
assets:[0, 100.000489188385, 194.9375972896576, 297.6559837320328, 407.04885, 519.181212525177, 614.042, 696.5647143115998, 841.7897580625533, 1005.9401515102387, 1160.8422161083222, 1284.7953457084654, 1366.2417942695618, 1471.5806393583298, 1485.185583427429, 1609.7501, 1665.005945716858, 1729.5919781959533, 1988.5627802503586, 2137.222134035492, 2185.492940464783, 2557.9657320404053, 2809.3940500000003, 2864.7527579666134, 2941.623577183914, 3698.803308947754, 3890.444150527954, 4338.818395765686, 4456.645795594406, 4558.469320091248, 5411.8424779602055, 5431.097076631546, 5906.592000000001, 5893.380087194824, 5372.495660703278, 6782.713941753388, 5878.095865460968, 5549.276842974854, 6357.422342733002, 6036.645828517914, 6172.117242462158, 6163.950745048523, 6449.490272241212, 6509.938089720917, 6005.021975000382, 5662.874196686173, 6402.54566532898, 6859.138432393646, 6741.006584651183, 6498.005357177352, 6252.241178880309, 6726.079779539108]
shares:[0, 3.8941, 7.9958, 12.0411, 15.9627, 19.7708, 23.617, 27.5758, 31.2933, 34.7475, 38.023, 41.2322, 44.4885, 47.7321, 51.178, 54.5678, 58.0546, 61.6171, 64.8797, 68.0644, 71.3281, 74.23, 76.9697, 79.7537, 82.5603, 84.8544, 87.093, 89.1477, 91.1939, 93.2393, 94.9946, 96.7765, 98.4432, 100.1424, 102.0417, 103.5687, 105.3611, 107.2946, 109.0093, 110.8455, 112.671, 114.529, 116.3328, 118.1477, 120.1485, 122.3083, 124.2489, 126.0871, 127.9857, 129.9861, 132.0989, 134.0925]
growth_rate:31.88
