ticker:RCLF
price:[9.71500015258789, 9.770000457763672, 9.699999809265137, 9.720000267028809, 9.75, 9.850000381469727, 9.699999809265137, 9.630000114440918, 9.640000343322754, 9.720000267028809, 9.670000076293945, 9.699999809265137, 9.670000076293945, 9.649999618530273, 9.661999702453613, 9.661999702453613, 9.65999984741211, 9.71500015258789, 9.630000114440918, 9.670000076293945, 9.680000305175781, 9.680000305175781, 9.699999809265137]
assets:[0, 99.99986268539429, 199.28358608140945, 299.6948242332458, 400.61969999999997, 504.728794547081, 597.0427482601166, 692.7340582323075, 793.4530042583466, 900.0380047259331, 995.4085338535308, 1098.4968483998298, 1195.0998374290466, 1292.6280639017104, 1394.2352528637887, 1494.235017384243, 1593.9260568225861, 1703.0016382480621, 1788.101310249424, 1895.5288869552612, 1997.489358973694, 2097.4895701263426, 2201.8233267046926]
shares:[0, 10.2354, 20.5447, 30.8328, 41.0892, 51.2415, 61.5508, 71.935, 82.3084, 92.5965, 102.9378, 113.2471, 123.5884, 133.9511, 144.3009, 154.6507, 165.0027, 175.2961, 185.6803, 196.0216, 206.3522, 216.6828, 226.9921]
growth_rate:0.08
