ticker:RCLFU
price:[10.399999618530273, 10.260000228881836, 10.180000305175781, 10.119999885559082, 10.0, 9.9399995803833, 9.9399995803833, 9.930000305175781, 10.0, 10.0, 9.920000076293945, 9.970000267028809, 9.989999771118164, 9.920000076293945, 9.899999618530273, 9.878999710083008, 9.899999618530273, 9.890000343322754, 9.979999542236328, 9.949999809265137, 9.989999771118164, 10.020000457763672, 9.989999771118164, 9.960000038146973, 9.954999923706055, 9.960000038146973, 9.899999618530273, 9.859999656677246, 9.899999618530273, 9.899999618530273, 9.899999618530273]
assets:[0, 100.00011823081971, 199.22056997222901, 298.0461406295776, 394.512, 492.14528322410587, 592.145655002594, 691.5500462532043, 796.425, 896.425, 989.2531596082688, 1094.2394333072664, 1196.434340588379, 1288.0505059062957, 1385.4534666152954, 1482.5148131929398, 1585.6661089006423, 1684.064313460827, 1799.3889274654389, 1893.980473693657, 2001.5943561412812, 2107.604892285919, 2201.2944515659333, 2294.6844087886807, 2393.53239765625, 2494.734993554878, 2579.706260597992, 2669.2833310562132, 2780.1119528759, 2880.1118490226745, 2980.111745169449]
shares:[0, 9.7466, 19.5698, 29.4512, 39.4512, 49.5116, 59.572, 69.6425, 79.6425, 89.6425, 99.7231, 109.7532, 119.7632, 129.8438, 139.9448, 150.0673, 160.1683, 170.2795, 180.2995, 190.3498, 200.3598, 210.3398, 220.3498, 230.39, 240.4352, 250.4754, 260.5764, 270.7184, 280.8194, 290.9204, 301.0214]
growth_rate:-0.66
