ticker:RCM
price:[14.1899995803833, 16.170000076293945, 16.079999923706055, 16.1200008392334, 17.549999237060547, 17.719999313354492, 17.5, 17.469999313354492, 17.920000076293945, 18.989999771118164, 20.0, 20.270000457763672, 20.549999237060547, 21.18000030517578, 21.739999771118164, 22.75, 23.59000015258789, 24.020000457763672, 23.809999465942383, 25.510000228881836, 26.530000686645508, 25.229999542236328, 27.920000076293945, 30.389999389648438, 29.190000534057617, 27.639999389648438, 25.219999313354492, 27.43000030517578, 25.5, 24.15999984741211, 24.979999542236328, 25.420000076293945, 25.829999923706055, 26.40999984741211, 27.280000686645508, 25.049999237060547, 24.81999969482422, 25.239999771118164, 23.149999618530273, 21.549999237060547, 22.059999465942383, 21.5, 22.649999618530273, 22.3799991607666, 22.280000686645508, 20.260000228881836, 20.81999969482422, 21.40999984741211, 20.799999237060547, 20.200000762939453, 19.739999771118164, 19.479999542236328]
assets:[0, 100.00013147182464, 199.44345505371095, 299.94001961536406, 426.5474664569855, 530.6785394363403, 624.0902500000001, 723.0203795822143, 841.6450595832824, 991.8989610448838, 1144.654, 1260.106875457382, 1377.513713858414, 1519.7433878974914, 1659.9250725240706, 1837.042025, 2004.8716509681703, 2141.4166688102723, 2222.694403145027, 2481.3908852636337, 2680.607187379074, 2649.2533949329377, 3031.715544284439, 3399.9237277160646, 3365.671279578018, 3286.9514914169313, 3099.1646596214296, 3470.7398826141357, 3326.5362000000005, 3251.730619462967, 3462.095542556381, 3623.0770228740694, 3781.514571830559, 3966.4254420833586, 4197.088121641922, 3953.9970895744323, 4017.6927746002198, 4185.680410043335, 3939.0858700910567, 3766.8385816417695, 3955.9844082283016, 3955.5614, 4267.137618133163, 4316.271540143013, 4396.984871510315, 4098.33466629982, 4311.615818801117, 4533.798695687866, 4504.624634771347, 4474.683969005585, 4472.785874138832, 4513.874325927734]
shares:[0, 6.1843, 12.4032, 18.6067, 24.3047, 29.948, 35.6623, 41.3864, 46.9668, 52.2327, 57.2327, 62.1661, 67.0323, 71.7537, 76.3535, 80.7491, 84.9882, 89.1514, 93.3513, 97.2713, 101.0406, 105.0041, 108.5858, 111.8764, 115.3022, 118.9201, 122.8852, 126.5308, 130.4524, 134.5915, 138.5947, 142.5286, 146.4001, 150.1865, 153.8522, 157.8442, 161.8732, 165.8352, 170.1549, 174.7953, 179.3284, 183.9796, 188.3946, 192.8629, 197.3512, 202.287, 207.0901, 211.7608, 216.5685, 221.519, 226.5849, 231.7184]
growth_rate:-11.49
