ticker:RCMT
price:[1.5299999713897705, 1.409999966621399, 1.590000033378601, 1.3899999856948853, 1.340000033378601, 1.4299999475479126, 1.3799999952316284, 1.4199999570846558, 1.2699999809265137, 1.350000023841858, 1.3600000143051147, 1.4199999570846558, 1.7000000476837158, 1.6399999856948853, 1.649999976158142, 1.6799999475479126, 1.6699999570846558, 2.069999933242798, 2.1600000858306885, 2.1700000762939453, 2.5999999046325684, 2.630000114440918, 2.9700000286102295, 5.940000057220459, 4.78000020980835, 3.9700000286102295, 3.5999999046325684, 4.03000020980835, 3.8399999141693115, 3.3499999046325684, 3.75, 3.4700000286102295, 3.390000104904175, 3.5399999618530273, 3.5899999141693115, 3.5199999809265137, 3.490000009536743, 3.819999933242798, 3.799999952316284, 3.5999999046325684, 3.809999942779541, 3.819999933242798, 4.21999979019165, 4.0, 4.039999961853027, 4.0, 4.159999847412109, 4.199999809265137, 4.579999923706055, 4.28000020980835, 4.519999980926514, 4.980000019073486]
assets:[0, 100.00001763272284, 212.76601346656085, 286.0029220566153, 375.7151053588391, 500.94971662527325, 583.4340519840359, 700.3451148341179, 726.3650590910912, 872.1204004022002, 978.5805302931666, 1121.7531060982942, 1442.943890473485, 1492.0163909856917, 1601.1141068645238, 1730.225225979805, 1819.9262072318793, 2355.836702024603, 2558.2645736562968, 2670.108275876999, 3299.207738985777, 3437.275756568432, 3981.638171355414, 8063.276243674135, 6588.629921194458, 5572.146341156268, 5152.827823496676, 5868.304955513478, 5691.635200782037, 5065.358645799923, 5770.177874999999, 5439.337819847465, 5413.935257535219, 5753.489722000504, 5934.753790110302, 5919.034495927095, 5968.588244309712, 6632.95314808445, 6698.225715948343, 6445.687509247589, 6921.685951046706, 7039.853046973586, 7877.010252373791, 7566.3608, 7742.024434897327, 7765.3708, 8175.985492106629, 8354.600560591984, 9210.493430570983, 8707.186630831862, 9295.439624775123, 10341.435669607878]
shares:[0, 70.922, 133.8151, 205.7575, 280.3844, 350.3145, 422.7783, 493.2008, 571.941, 646.0151, 719.5445, 789.967, 848.7905, 909.7661, 970.3722, 1029.896, 1089.7762, 1138.0854, 1184.3817, 1230.4646, 1268.9261, 1306.9489, 1340.6189, 1357.4539, 1378.3744, 1403.5633, 1431.3411, 1456.155, 1482.1967, 1512.0474, 1538.7141, 1567.5325, 1597.031, 1625.2796, 1653.1348, 1681.5439, 1710.1972, 1736.3752, 1762.691, 1790.4688, 1816.7155, 1842.8935, 1866.5902, 1891.5902, 1916.3427, 1941.3427, 1965.3812, 1989.1907, 2011.0248, 2034.3893, 2056.5132, 2076.5935]
growth_rate:102.77
