ticker:RCON
price:[0.800000011920929, 0.8399999737739563, 0.8500000238418579, 0.9800000190734863, 0.8799999952316284, 1.0499999523162842, 1.0299999713897705, 1.2400000095367432, 1.100000023841858, 1.0399999618530273, 1.0800000429153442, 1.1200000047683716, 1.3700000047683716, 1.2899999618530273, 1.3300000429153442, 1.25, 1.2799999713897705, 1.4700000286102295, 1.9199999570846558, 1.6399999856948853, 2.190000057220459, 2.069999933242798, 2.4000000953674316, 2.7200000286102295, 2.809999942779541, 2.180000066757202, 2.359999895095825, 3.069999933242798, 3.799999952316284, 7.21999979019165, 5.159999847412109, 6.460000038146973, 6.639999866485596, 9.100000381469727, 8.579999923706055, 8.460000038146973, 9.600000381469727, 9.359999656677246, 12.09000015258789, 12.25, 6.239999771118164, 3.9200000762939453, 4.239999771118164, 4.090000152587891, 3.759999990463257, 3.369999885559082, 3.1600000858306885, 3.200000047683716, 3.380000114440918, 3.059999942779541, 2.8299999237060547, 3.069999933242798]
assets:[0, 99.99998087785244, 201.19050064324142, 331.9607964608669, 398.0872698429227, 574.9904738879204, 664.0383035550594, 899.424830917406, 897.876889460957, 948.9016851944923, 1085.3979911298395, 1225.5978612179517, 1599.168810566008, 1605.786663514805, 1755.5786436475635, 1749.979875, 1891.9793497109652, 2272.8201112353086, 3068.581179411864, 2721.079776265025, 3733.637146552706, 3629.054123963523, 4307.599371168613, 4981.9457964024305, 5246.789462158823, 4170.463297710299, 4614.813178867293, 6103.1681562865015, 7654.410203949809, 14643.379032473229, 10565.350979568862, 13327.164834698297, 13798.509354545211, 19010.608776919937, 18024.28726372681, 17872.199306587507, 20380.51088984871, 19970.99696346817, 25895.872367831802, 26338.58045, 13516.549616215898, 8591.16624720764, 9392.48522897892, 9160.204833744812, 8521.116898387312, 7737.277434251881, 7355.133091777253, 7548.235952477478, 8072.8243833317765, 7408.532813464164, 6951.682279589653, 7641.224307841444]
shares:[0, 119.0476, 236.6947, 338.7355, 452.3719, 547.61, 644.6974, 725.3426, 816.2517, 912.4055, 1004.9981, 1094.2838, 1167.2765, 1244.7959, 1319.9839, 1399.9839, 1478.1089, 1546.1361, 1598.2194, 1659.195, 1704.8571, 1753.1663, 1794.833, 1831.5977, 1867.1849, 1913.0565, 1955.4294, 1988.0027, 2014.3185, 2028.1689, 2047.5487, 2063.0286, 2078.0888, 2089.0778, 2100.7328, 2112.5531, 2122.9698, 2133.6536, 2141.9249, 2150.0882, 2166.1138, 2191.624, 2215.2089, 2239.6588, 2266.2545, 2295.9281, 2327.5737, 2358.8237, 2388.4095, 2421.0892, 2456.4249, 2488.9982]
growth_rate:49.83
