ticker:RCRT
price:[3.9000000953674316, 4.125, 4.25, 4.0, 4.25, 3.549999952316284, 3.875, 4.849999904632568, 4.349999904632568, 4.5, 4.25, 3.875, 4.25, 4.75, 4.199999809265137, 4.474999904632568, 7.625, 8.25, 7.625, 6.875, 6.25, 7.25, 7.0, 7.824999809265137, 7.775000095367432, 8.475000381469727, 8.0, 8.75, 8.587499618530273, 7.650000095367432, 8.649999618530273, 8.125, 8.625, 6.699999809265137, 7.5, 9.0, 9.625, 9.0, 10.5, 10.375, 10.0, 10.0, 7.5, 4.920000076293945, 5.099999904632568, 4.840000152587891, 4.269999980926514, 4.409999847412109, 4.349999904632568, 4.369999885559082, 4.0, 4.019999980926514]
assets:[0, 99.9999, 203.03015, 291.0872, 409.28009999999995, 441.8692040647984, 582.3222125, 828.8421887021541, 843.3945115097999, 972.477, 1018.45045, 1028.5873625, 1228.128025, 1472.6135250000002, 1402.100216326332, 1593.9045710320472, 2815.871325, 3146.68035, 3008.295825, 2812.3981875, 2656.725625, 3181.8017, 3172.0843, 3645.9373736300467, 3722.6405006615637, 4157.797897147369, 4024.7648, 4502.0867499999995, 4518.476086782455, 4125.1929364260195, 4764.433629885864, 4575.263062499999, 4956.8176875, 3950.5135175372125, 4522.2165, 5526.6597, 6010.4554124999995, 5720.165999999999, 6773.5269, 6792.89015, 6647.364, 6747.364, 5160.52275, 3485.3029620462416, 3712.8137005722524, 3623.5333902370453, 3296.794822273683, 3504.886186729431, 3557.2006770135404, 3673.555625797462, 3462.5224, 3579.8349070149425]
shares:[0, 24.2424, 47.7718, 72.7718, 96.3012, 124.4702, 150.2767, 170.8953, 193.8838, 216.106, 239.6354, 265.4419, 288.9713, 310.0239, 333.8334, 356.1798, 369.2946, 381.4158, 394.5306, 409.0761, 425.0761, 438.8692, 453.1549, 465.9345, 478.7962, 490.5956, 503.0956, 514.5242, 526.169, 539.2409, 550.8016, 563.1093, 574.7035, 589.6289, 602.9622, 614.0733, 624.4629, 635.574, 645.0978, 654.7364, 664.7364, 674.7364, 688.0697, 708.3949, 728.0027, 748.6639, 772.0831, 794.7588, 817.7473, 840.6306, 865.6306, 890.5062]
growth_rate:-29.81
