ticker:RDCM
price:[8.979999542236328, 9.350000381469727, 9.260000228881836, 9.359999656677246, 9.100000381469727, 8.9399995803833, 8.949999809265137, 9.0, 8.180000305175781, 7.989999771118164, 8.25, 8.510000228881836, 9.359999656677246, 10.289999961853027, 10.699999809265137, 10.579999923706055, 10.760000228881836, 10.949999809265137, 10.40999984741211, 10.130000114440918, 10.369999885559082, 10.399999618530273, 10.609999656677246, 11.0, 10.760000228881836, 9.949999809265137, 9.789999961853027, 9.600000381469727, 9.6899995803833, 9.520000457763672, 9.829999923706055, 9.5, 9.210000038146973, 9.229999542236328, 9.699999809265137, 9.489999771118164, 9.369999885559082, 9.979999542236328, 10.069999694824219, 10.050000190734863, 10.020000457763672, 10.0, 10.670000076293945, 11.119999885559082, 10.829999923706055, 10.600000381469727, 10.739999771118164, 11.0, 11.0, 10.5600004196167, 10.65999984741211, 10.880000114440918]
assets:[0, 100.00012407989502, 199.03722291965485, 301.1870049525261, 392.8206264669418, 485.9140091926575, 586.4576875019073, 689.7339000000001, 726.8911871185302, 810.0070007965088, 936.3651, 1065.8749756673812, 1272.3375133309364, 1498.7559874438286, 1658.473220436573, 1739.8735814535141, 1869.4747197666168, 2002.4855951192858, 2003.7323856296541, 2049.837939157486, 2198.4026437389375, 2304.7626354618073, 2451.301429679775, 2641.4058, 2683.775397088051, 2581.7443605096814, 2640.2288667122843, 2688.988906850815, 2814.1977791337017, 2864.826129753494, 3058.112976264954, 3055.44985, 3062.178573683262, 3168.8277518413547, 3430.187652550888, 3455.9257666492463, 3512.2263951032637, 3840.876675826263, 3975.5140325202938, 4067.6179821976657, 4155.47555184288, 4247.181, 4631.7424671184535, 4927.082909293175, 4898.588743490982, 4894.556536143876, 5059.201476182556, 5281.6775, 5381.6774000000005, 5266.410545268345, 5416.281962471008, 5628.063035198594]
shares:[0, 10.6952, 21.4943, 32.1781, 43.1671, 54.3528, 65.526, 76.6371, 88.862, 101.3776, 113.4988, 125.2497, 135.9335, 145.6517, 154.9975, 164.4493, 173.743, 182.8754, 192.4815, 202.3532, 211.9964, 221.6118, 231.0369, 240.1278, 249.4215, 259.4718, 269.6863, 280.103, 290.4229, 300.9271, 311.1, 321.6263, 332.4841, 343.3183, 353.6276, 364.165, 374.8374, 384.8574, 394.7879, 404.7381, 414.7181, 424.7181, 434.0902, 443.083, 452.3166, 461.7506, 471.0616, 480.1525, 489.2434, 498.7131, 508.094, 517.2852]
growth_rate:10.35
