ticker:RDFN
price:[45.150001525878906, 48.36000061035156, 45.91999816894531, 47.529998779296875, 52.7599983215332, 54.83000183105469, 48.400001525878906, 44.959999084472656, 41.77000045776367, 45.11000061035156, 42.939998626708984, 43.86000061035156, 48.7599983215332, 51.36000061035156, 59.70000076293945, 76.55999755859375, 78.05000305175781, 68.62999725341797, 76.51000213623047, 76.7699966430664, 75.2699966430664, 71.20999908447266, 82.69999694824219, 90.06999969482422, 96.58999633789062, 75.73999786376953, 62.06999969482422, 74.61000061035156, 72.37999725341797, 64.20999908447266, 68.86000061035156, 67.47000122070312, 66.02999877929688, 65.63999938964844, 70.77999877929688, 56.959999084472656, 51.13999938964844, 51.90999984741211, 59.029998779296875, 57.189998626708984, 60.970001220703125, 59.40999984741211, 63.77000045776367, 62.36000061035156, 62.47999954223633, 54.11000061035156, 58.08000183105469, 58.56999969482422, 55.779998779296875, 53.43000030517578, 47.56999969482422, 50.290000915527344]
assets:[0, 99.99880926208496, 194.95335222625732, 301.7869742492676, 434.9956341613769, 552.0613564361572, 587.3194985160828, 645.5761308540344, 699.7728176689149, 855.727689578247, 914.561854750824, 1034.1574103912353, 1249.6943769817353, 1416.3290568313598, 1746.3145723171235, 2339.4974373962405, 2485.0262421646116, 2285.1043885498048, 2647.475603919983, 2756.4727914672853, 2802.6181090072632, 2751.4475496253967, 3295.4046683944703, 3689.0780405006412, 4056.123034216309, 3280.564397472381, 2788.4699082901, 3451.8242172378536, 3448.6535391349794, 3159.382373952484, 3488.1790769180298, 3517.7644176452636, 3542.6877155059815, 3621.7657343231203, 4005.369350921631, 3323.3083625839236, 3083.7419631958005, 3230.172414505005, 3773.227036972046, 3755.615738817215, 4103.8481031646725, 4098.84441447258, 4499.649494300079, 4500.159556045532, 4608.8184222332, 4091.4086541503902, 4491.5937096038815, 4629.489915878296, 4508.965045324707, 4419.00297723999, 4034.345076118469, 4365.026238465119]
shares:[0, 2.0678, 4.2455, 6.3494, 8.2448, 10.0686, 12.1347, 14.3589, 16.753, 18.9698, 21.2986, 23.5786, 25.6295, 27.5765, 29.2515, 30.5577, 31.8389, 33.296, 34.603, 35.9056, 37.2342, 38.6385, 39.8477, 40.9579, 41.9932, 43.3135, 44.9246, 46.2649, 47.6465, 49.2039, 50.6561, 52.1382, 53.6527, 55.1762, 56.589, 58.3446, 60.3, 62.2264, 63.9205, 65.6691, 67.3093, 68.9925, 70.5606, 72.1642, 73.7647, 75.6128, 77.3346, 79.042, 80.8348, 82.7064, 84.8086, 86.7971]
growth_rate:-14.41
