ticker:RDHL
price:[7.440000057220459, 9.949999809265137, 10.5600004196167, 10.09000015258789, 10.170000076293945, 9.930000305175781, 10.140000343322754, 9.680000305175781, 8.359999656677246, 8.729999542236328, 8.1899995803833, 9.0, 8.850000381469727, 8.819999694824219, 8.079999923706055, 8.550000190734863, 9.319999694824219, 8.079999923706055, 8.399999618530273, 7.429999828338623, 7.639999866485596, 8.420000076293945, 8.729999542236328, 9.699999809265137, 10.90999984741211, 9.5, 7.829999923706055, 7.900000095367432, 7.519999980926514, 7.300000190734863, 7.510000228881836, 7.309999942779541, 7.099999904632568, 7.059999942779541, 6.820000171661377, 6.260000228881836, 6.21999979019165, 7.050000190734863, 7.25, 7.070000171661377, 7.320000171661377, 6.96999979019165, 6.96999979019165, 6.980000019073486, 6.519999980926514, 5.96999979019165, 6.929999828338623, 6.440000057220459, 7.130000114440918, 7.099999904632568, 6.880000114440918, 7.760000228881836]
assets:[0, 100.0004830830574, 206.13120819091796, 296.9567764907837, 399.3108149955749, 489.8876280555725, 600.2474603233337, 673.0175092178345, 681.2421600232124, 811.3932204540253, 861.2038448760032, 1046.3778, 1128.9379086616516, 1225.1111876106263, 1222.3238044584275, 1393.4243110847474, 1618.9137709899903, 1503.5215378032683, 1663.0672044750213, 1571.022939703369, 1715.425978021717, 1990.5612720365525, 2163.848241537094, 2504.276110757446, 2916.665176207352, 2639.7175, 2275.682989826202, 2396.0273689244273, 2380.775593961477, 2411.1250929980274, 2580.4863956453323, 2611.765025555897, 2636.734774583292, 2721.8799019394874, 2729.351792698574, 2605.2405712543487, 2688.5936653103827, 3147.361195150566, 3336.647925, 3353.8072934312822, 3572.4001797763826, 3501.5884945964813, 3601.5884755863194, 3706.7555341290476, 3562.470613578415, 3361.9552338481903, 4002.571088853264, 3819.5614579374314, 4328.79989347992, 4410.585970756864, 4373.9201687551495, 5033.375156459809]
shares:[0, 10.0503, 19.52, 29.4308, 39.2636, 49.3341, 59.196, 69.5266, 81.4883, 92.9431, 105.1531, 116.2642, 127.5636, 138.9015, 151.2777, 162.9736, 173.7032, 186.0794, 197.9842, 211.4432, 224.5322, 236.4087, 247.8635, 258.1728, 267.3387, 277.865, 290.6364, 303.2946, 316.5925, 330.2911, 343.6067, 357.2866, 371.3711, 385.5354, 400.1982, 416.1726, 432.2498, 446.4342, 460.2273, 474.3716, 488.0328, 502.38, 516.7272, 531.0538, 546.3912, 563.1416, 577.5716, 593.0996, 607.1248, 621.2093, 635.7442, 648.6308]
growth_rate:-1.31
