ticker:RDI
price:[4.190000057220459, 3.819999933242798, 3.6500000953674316, 3.5299999713897705, 3.140000104904175, 3.049999952316284, 2.690000057220459, 2.619999885559082, 2.3399999141693115, 2.309999942779541, 3.2699999809265137, 3.3399999141693115, 3.799999952316284, 3.690000057220459, 4.349999904632568, 4.869999885559082, 4.980000019073486, 5.019999980926514, 6.400000095367432, 7.059999942779541, 7.519999980926514, 5.650000095367432, 6.239999771118164, 6.590000152587891, 6.739999771118164, 7.320000171661377, 6.900000095367432, 7.099999904632568, 7.190000057220459, 5.929999828338623, 6.25, 6.46999979019165, 6.429999828338623, 6.079999923706055, 5.980000019073486, 6.050000190734863, 5.929999828338623, 6.090000152587891, 6.559999942779541, 6.599999904632568, 6.300000190734863, 6.769999980926514, 6.869999885559082, 6.730000019073486, 6.480000019073486, 6.039999961853027, 5.610000133514404, 5.260000228881836, 5.090000152587891, 5.150000095367432, 4.71999979019165, 5.090000152587891]
assets:[0, 99.99995825242996, 195.54985010933876, 289.1207646567106, 357.1781519329548, 446.94058801252845, 494.1869045121193, 581.326884607792, 619.2002472878695, 711.261687381506, 1106.8508485438822, 1230.5448123776912, 1500.0211011772155, 1556.5995871380328, 1935.015677577591, 2266.3279837431905, 2417.518101259136, 2536.935804360914, 3334.3405296855444, 3778.1942693781853, 4124.365797539092, 3198.7588539924623, 3632.788090750122, 3936.5504301486967, 4126.15304588108, 4581.22283943429, 4418.366071067858, 4646.43447758894, 4805.33300224247, 4063.229952377796, 4382.49375, 4636.7576996397975, 4708.091527308321, 4551.819302882194, 4576.953876598405, 4730.530239136696, 4736.701218882179, 4964.504788388062, 5447.643712482214, 5580.860919358731, 5427.1855643100735, 5932.070313287259, 6119.692848057746, 6094.982791273785, 5968.5718495681285, 5663.29845223217, 5360.1167025673385, 5125.706637038231, 5060.047028689957, 5219.69401665802, 4883.874406907273, 5366.721064883423]
shares:[0, 26.178, 53.5753, 81.9039, 113.751, 146.5379, 183.7126, 221.8805, 264.6155, 307.9055, 338.4865, 368.4266, 394.7424, 421.8427, 444.8312, 465.3651, 485.4454, 505.3657, 520.9907, 535.155, 548.4529, 566.152, 582.1776, 597.3521, 612.1889, 625.8501, 640.3429, 654.4274, 668.3356, 685.199, 701.199, 716.655, 732.2071, 748.6545, 765.3769, 781.9058, 798.7692, 815.1896, 830.4335, 845.585, 861.458, 876.229, 890.785, 905.6438, 921.0759, 937.6322, 955.4575, 974.4689, 994.1153, 1013.5328, 1034.7192, 1054.3656]
growth_rate:5.23
