ticker:RDIB
price:[19.200000762939453, 19.200000762939453, 18.170000076293945, 25.278499603271484, 24.5, 23.499900817871094, 20.09000015258789, 17.940000534057617, 17.010000228881836, 17.010000228881836, 18.079999923706055, 17.969999313354492, 20.0, 20.149999618530273, 23.0, 21.969999313354492, 22.92180061340332, 21.760000228881836, 21.760000228881836, 22.549999237060547, 22.549999237060547, 21.0, 21.0, 21.0, 22.0, 22.0, 20.0, 22.200000762939453, 22.200000762939453, 20.0, 20.889999389648438, 21.459999084472656, 20.530000686645508, 20.540000915527344, 20.5, 20.09000015258789, 19.600000381469727, 21.59000015258789, 26.815000534057617, 24.450000762939453, 24.450000762939453, 22.799999237060547, 23.850000381469727, 23.100000381469727, 23.100000381469727, 21.950000762939453, 22.040000915527344, 21.790000915527344, 23.250499725341797, 23.75, 22.549999237060547, 24.270000457763672]
assets:[0, 99.99936397361756, 194.63522381725312, 370.77997648086546, 459.36030000000005, 540.6081683448791, 562.1644112697601, 602.001833921051, 670.7944620260238, 770.7945523715973, 919.2812121208191, 1013.6876612663268, 1228.1999999999998, 1337.4118946807862, 1626.5738000000001, 1653.7323793146134, 1825.3775918483736, 1832.8578752788542, 1932.8581323307037, 2103.0309688476564, 2203.0311954643253, 2151.6033, 2251.6032, 2351.6031, 2563.5852, 2663.5862, 2521.442, 2898.80061962204, 2998.8005230587005, 2801.622, 3026.2945205795286, 3208.8685971031186, 3169.8074700172424, 3271.350487813568, 3364.97865, 3397.679086806106, 3414.808106461525, 3861.5161802913663, 4896.043687511445, 4564.228342422485, 4664.228845542908, 4449.465451110839, 4754.375941044044, 4704.867167695427, 4804.867069346809, 4665.663627169418, 4784.793834757233, 4830.520710958863, 5254.292081031036, 5467.171625, 5290.935635990524, 5794.501441291809]
shares:[0, 5.2083, 10.7119, 14.6678, 18.7494, 23.0047, 27.9823, 33.5564, 39.4353, 45.3142, 50.8452, 56.41, 61.41, 66.3728, 70.7206, 75.2723, 79.635, 84.2306, 88.8262, 93.2608, 97.6954, 102.4573, 107.2192, 111.9811, 116.5266, 121.0721, 126.0721, 130.5766, 135.0811, 140.0811, 144.8681, 149.5279, 154.3988, 159.2673, 164.1453, 169.1229, 174.2249, 178.8567, 182.586, 186.676, 190.766, 195.152, 199.3449, 203.6739, 208.0029, 212.5587, 217.0959, 221.6852, 225.9862, 230.1967, 234.6313, 238.7516]
growth_rate:13.62
