ticker:RDNT
price:[15.430000305175781, 15.65999984741211, 15.869999885559082, 14.520000457763672, 15.449999809265137, 16.899999618530273, 16.764999389648438, 15.930000305175781, 14.510000228881836, 16.770000457763672, 18.610000610351562, 18.270000457763672, 19.149999618530273, 19.68000030517578, 18.729999542236328, 17.90999984741211, 18.739999771118164, 19.56999969482422, 20.219999313354492, 20.56999969482422, 19.600000381469727, 17.90999984741211, 19.239999771118164, 18.889999389648438, 18.440000534057617, 18.440000534057617, 18.920000076293945, 23.8700008392334, 23.31999969482422, 21.760000228881836, 22.020000457763672, 21.3700008392334, 22.21500015258789, 22.260000228881836, 22.34000015258789, 23.270000457763672, 23.520000457763672, 26.139999389648438, 26.469999313354492, 26.700000762939453, 31.270000457763672, 32.5, 34.61000061035156, 34.38999938964844, 34.95000076293945, 32.349998474121094, 34.70000076293945, 36.7400016784668, 38.150001525878906, 30.559999465942383, 30.549999237060547, 31.079999923706055]
assets:[0, 100.0000610256195, 201.34110154809952, 284.2144889602661, 402.4184200320244, 540.1865178068161, 635.8712793502807, 704.2015934906007, 741.4290896953582, 956.9096421203614, 1161.9023611068726, 1240.6755370857238, 1400.4337271032334, 1539.192503868103, 1564.891461753845, 1596.3809713993073, 1770.3621563776017, 1948.7727416107177, 2113.499472228241, 2250.082328617859, 2243.976603673935, 2150.491292678452, 2410.187075328064, 2466.342546310425, 2507.589288624573, 2607.5894115207675, 2775.465627191925, 3601.6059806270596, 3618.620320645142, 3476.551716567993, 3618.0908612148287, 3611.290797821045, 3854.087040972519, 3961.894942737007, 4076.134087841034, 4345.821513490296, 4492.5105994365695, 5092.9527990829465, 5257.248915624237, 5402.929384386062, 6427.701817095566, 6780.5335, 7320.745400102233, 7374.209740122986, 7594.28916077919, 7129.334718724824, 7747.229740336228, 8302.685605308152, 8721.323063825226, 7086.203780163574, 7183.884255593491, 7408.514717813873]
shares:[0, 6.3857, 12.6869, 19.574, 26.0465, 31.9637, 37.9285, 44.206, 51.0978, 57.0608, 62.4343, 67.9078, 73.1297, 78.211, 83.55, 89.1335, 94.4697, 99.5796, 104.5252, 109.3866, 114.4886, 120.0721, 125.2696, 130.5634, 135.9864, 141.4094, 146.6948, 150.8842, 155.1724, 159.768, 164.3093, 168.9888, 173.4903, 177.9827, 182.459, 186.7564, 191.0081, 194.8337, 198.6116, 202.3569, 205.5549, 208.6318, 211.5211, 214.4289, 217.2901, 220.3813, 223.2631, 225.9849, 228.6061, 231.8784, 235.1517, 238.3692]
growth_rate:45.26
