ticker:RDUS
price:[11.850000381469727, 11.470000267028809, 12.039999961853027, 10.949999809265137, 11.329999923706055, 13.859999656677246, 13.4399995803833, 13.779999732971191, 13.40999984741211, 13.59000015258789, 15.930000305175781, 15.779999732971191, 16.079999923706055, 14.800000190734863, 14.170000076293945, 19.459999084472656, 18.31999969482422, 17.860000610351562, 21.75, 21.739999771118164, 21.690000534057617, 18.700000762939453, 22.940000534057617, 19.8700008392334, 18.690000534057617, 18.610000610351562, 21.469999313354492, 22.899999618530273, 22.479999542236328, 21.829999923706055, 20.700000762939453, 19.489999771118164, 19.709999084472656, 20.899999618530273, 22.299999237060547, 20.600000381469727, 20.950000762939453, 20.65999984741211, 19.290000915527344, 18.190000534057617, 18.809999465942383, 18.530000686645508, 20.799999237060547, 17.850000381469727, 17.559999465942383, 16.420000076293945, 16.149999618530273, 15.130000114440918, 14.0600004196167, 13.779999732971191, 13.149999618530273, 13.65999984741211]
assets:[0, 100.00005032806398, 204.96895935058595, 286.41257501106264, 396.3517223310471, 584.8573355126381, 667.1346991710662, 784.0117068074227, 862.9603101806641, 974.5443469421388, 1242.3472708000184, 1330.6484774827957, 1455.9459050920486, 1440.0503785586359, 1478.751450961876, 2130.8037357528688, 2105.9773969184876, 2153.098085580444, 2722.053825, 2820.8019283021927, 2914.3140207571028, 2612.571496590042, 3304.9406429410938, 2962.6489171310423, 2886.7098314863206, 2974.354513549805, 3531.4563380582813, 3866.6672255887984, 3895.750200670242, 3883.1072884288787, 3782.103349396896, 3661.0229960065844, 3802.3485603813174, 4131.917384583664, 4508.696355746079, 4264.984938978767, 4437.4489915992735, 4476.0240889415745, 4279.210856096649, 4135.191029409028, 4376.136970751762, 4410.996249453354, 5051.360934717179, 4434.94147977848, 4462.889668268776, 4273.157239854812, 4302.8928483638765, 4131.131543247223, 3938.976605557633, 3960.533149252796, 3879.4642324602128, 4129.9220078670505]
shares:[0, 8.7184, 17.024, 26.1564, 34.9825, 42.1975, 49.638, 56.8949, 64.352, 71.7104, 77.9879, 84.325, 90.5439, 97.3007, 104.3579, 109.4966, 114.9551, 120.5542, 125.1519, 129.7517, 134.3621, 139.7097, 144.0689, 149.1016, 154.4521, 159.8256, 164.4833, 168.8501, 173.2985, 177.8794, 182.7103, 187.8411, 192.9147, 197.6994, 202.1837, 207.0381, 211.8114, 216.6517, 221.8357, 227.3332, 232.6495, 238.0462, 242.8539, 248.4561, 254.1509, 260.241, 266.433, 273.0424, 280.1548, 287.4117, 295.0163, 302.3369]
growth_rate:-19.02
