ticker:RDVT
price:[19.280000686645508, 18.700000762939453, 18.93000030517578, 18.940000534057617, 18.65999984741211, 21.420000076293945, 22.889999389648438, 22.829999923706055, 20.799999237060547, 22.489999771118164, 22.200000762939453, 22.43000030517578, 23.68000030517578, 26.290000915527344, 27.719999313354492, 27.559999465942383, 26.350000381469727, 26.110000610351562, 24.15999984741211, 23.920000076293945, 23.110000610351562, 22.399999618530273, 24.8799991607666, 26.190000534057617, 25.90999984741211, 23.200000762939453, 20.450000762939453, 18.739999771118164, 19.06999969482422, 19.010000228881836, 19.059999465942383, 19.809999465942383, 21.010000228881836, 22.3700008392334, 20.799999237060547, 19.299999237060547, 20.09000015258789, 21.799999237060547, 21.979999542236328, 22.139999389648438, 22.239999771118164, 20.06999969482422, 22.290000915527344, 23.600000381469727, 21.780000686645508, 22.399999618530273, 24.049999237060547, 24.139999389648438, 26.020000457763672, 26.299999237060547, 27.040000915527344, 27.219999313354492]
assets:[0, 100.00012407989502, 201.2296892440796, 301.3354084968567, 396.88140275459295, 555.5833939788819, 693.7111885025024, 791.8927923536302, 821.4793298683167, 988.2240839427949, 1075.481256960678, 1186.6232781448364, 1352.7531694335937, 1601.8523847831727, 1788.9822276855468, 1878.6549235954283, 1896.1750124509813, 1978.9056672592162, 1931.1136198036193, 2011.9303424171446, 2043.7999229782104, 2081.009244560623, 2411.40683866024, 2638.375415800858, 2710.1678470394136, 2526.7028030914307, 2327.2019068222044, 2232.6048647319794, 2371.918934042358, 2464.456429672241, 2570.9385239627836, 2772.1043512668607, 3040.025175117874, 3336.8099901838305, 3202.621642528534, 3071.662428575516, 3297.3938240444186, 3678.0588112781525, 3808.42836268425, 3936.1509354888917, 4053.92939827919, 3758.3803948516843, 4274.105446552277, 4625.297994763184, 4368.602045726395, 4592.960881782341, 5031.281485392379, 5150.109545785523, 5651.195431420136, 5812.00790139885, 6075.539389707184, 6215.983541197013]
shares:[0, 5.3476, 10.6302, 15.91, 21.2691, 25.9376, 30.3063, 34.6865, 39.4942, 43.9406, 48.4451, 52.9034, 57.1264, 60.9301, 64.5376, 68.166, 71.9611, 75.7911, 79.9302, 84.1108, 88.4379, 92.9022, 96.9215, 100.7398, 104.5993, 108.9096, 113.7996, 119.1358, 124.3796, 129.64, 134.8866, 139.9346, 144.6942, 149.1645, 153.9722, 159.1535, 164.1311, 168.7183, 173.2679, 177.7846, 182.281, 187.2636, 191.7499, 195.9872, 200.5786, 205.0429, 209.2009, 213.3434, 217.1866, 220.9889, 224.6871, 228.3609]
growth_rate:21.88
