ticker:RDVY
price:[33.540000915527344, 32.720001220703125, 32.959999084472656, 32.0, 32.84000015258789, 34.40999984741211, 34.279998779296875, 34.34199905395508, 32.25, 34.369998931884766, 36.604000091552734, 36.79899978637695, 38.15999984741211, 39.38999938964844, 38.900001525878906, 39.33300018310547, 39.349998474121094, 39.939998626708984, 41.21799850463867, 40.959999084472656, 41.0, 39.09000015258789, 41.069000244140625, 42.279998779296875, 42.84000015258789, 42.650001525878906, 43.72999954223633, 45.33000183105469, 45.0, 45.86000061035156, 46.20000076293945, 47.20000076293945, 47.7599983215332, 47.63999938964844, 47.70000076293945, 49.369998931884766, 48.5, 48.15999984741211, 48.81999969482422, 49.16999816894531, 48.52000045776367, 46.130001068115234, 47.7599983215332, 48.400001525878906, 48.130001068115234, 47.2599983215332, 47.970001220703125, 48.150001525878906, 48.810001373291016, 49.189998626708984, 48.310001373291016, 49.90999984741211]
assets:[0, 99.99886773071289, 200.7329864242554, 294.8864, 402.62825387077334, 521.875821685791, 619.905785925293, 721.0274411373139, 777.105675, 928.1893171546936, 1088.5187735225677, 1194.3188978668213, 1338.4887066478727, 1481.6311930419922, 1563.2004513175964, 1680.6007653236388, 1781.327210925293, 1908.0375783943175, 2069.0899415348053, 2156.138447806549, 2258.2430999999997, 2253.0420657947543, 2467.1051964660646, 2639.8531957824707, 2774.819637883377, 2862.514562411499, 3035.0019042297363, 3246.0451671203614, 3322.413, 3485.905780393982, 3611.74973964386, 3789.9240612602234, 3934.888949713135, 4025.0035044326783, 4130.071176058578, 4374.665731354523, 4397.57745, 4466.748481847762, 4627.9602190704345, 4761.140756698609, 4798.201069268799, 4661.8517779426575, 4926.57755486145, 5092.594920551301, 5164.185472605133, 5170.839292354583, 5348.520820104981, 5468.588273300171, 5643.549026783752, 5787.483721424484, 5783.948731418228, 6075.509344425583]
shares:[0, 3.0562, 6.0902, 9.2152, 12.2603, 15.1664, 18.0836, 20.9955, 24.0963, 27.0058, 29.7377, 32.4552, 35.0757, 37.6144, 40.1851, 42.7275, 45.2688, 47.7726, 50.1987, 52.6401, 55.0791, 57.6373, 60.0722, 62.4374, 64.7717, 67.1164, 69.4032, 71.6092, 73.8314, 76.0119, 78.1764, 80.295, 82.3888, 84.4879, 86.5843, 88.6098, 90.6717, 92.7481, 94.7964, 96.8302, 98.8912, 101.059, 103.1528, 105.2189, 107.2966, 109.4126, 111.4972, 113.574, 115.6228, 117.6557, 119.7257, 121.7293]
growth_rate:19.13
