ticker:RDWR
price:[24.739999771118164, 24.399999618530273, 24.420000076293945, 24.149999618530273, 24.100000381469727, 24.690000534057617, 24.34000015258789, 24.0, 22.5, 24.34000015258789, 25.040000915527344, 25.06999969482422, 25.489999771118164, 25.40999984741211, 25.43000030517578, 26.0, 27.15999984741211, 27.75, 27.989999771118164, 27.829999923706055, 28.260000228881836, 28.350000381469727, 29.100000381469727, 26.190000534057617, 27.350000381469727, 26.059999465942383, 26.010000228881836, 26.559999465942383, 27.25, 26.34000015258789, 26.450000762939453, 26.709999084472656, 28.43000030517578, 29.75, 27.709999084472656, 27.829999923706055, 28.06999969482422, 28.5, 29.200000762939453, 29.0, 29.969999313354492, 30.459999084472656, 30.65999984741211, 31.1200008392334, 31.200000762939453, 30.3799991607666, 31.040000915527344, 32.22999954223633, 32.06999969482422, 32.79999923706055, 32.7599983215332, 34.31999969482422]
assets:[0, 100.00095843658447, 200.08282862510683, 297.8709252948761, 397.25476628799436, 506.9795329662323, 599.7935857601166, 691.416, 748.2015, 909.3886517009735, 1035.5417578620911, 1136.7815871620178, 1255.8260147235872, 1351.8856808818816, 1452.9506964363097, 1585.519, 1756.2579341331482, 1894.40925, 2010.7931865571975, 2099.2976012449267, 2231.734608075142, 2338.841011470795, 2500.714352781677, 2350.6442129335405, 2554.758065633011, 2534.2593740644456, 2629.397741138077, 2784.9992080003735, 2957.34985, 2958.590471139145, 3070.9455985801696, 3201.1319572761536, 3507.2698306480406, 3770.1104, 3611.5882726745604, 3727.2273617820742, 3859.3695210411074, 4018.4914499999995, 4217.192590187073, 4288.308300000001, 4531.745614172744, 4705.838362557984, 4836.73761592865, 5009.305623089218, 5122.182125253677, 5087.5592174585345, 5298.084284267426, 5601.200052445984, 5673.39460801239, 5902.536982704925, 5995.338496827317, 6380.8326872612]
shares:[0, 4.0984, 8.1934, 12.3342, 16.4836, 20.5338, 24.6423, 28.809, 33.2534, 37.3619, 41.3555, 45.3443, 49.2674, 53.2029, 57.1353, 60.9815, 64.6634, 68.267, 71.8397, 75.4329, 78.9715, 82.4988, 85.9352, 89.7535, 93.4098, 97.2471, 101.0918, 104.8569, 108.5266, 112.3231, 116.1038, 119.8477, 123.3651, 126.7264, 130.3352, 133.9284, 137.4909, 140.9997, 144.4244, 147.8727, 151.2094, 154.4924, 157.754, 160.9674, 164.1725, 167.4641, 170.6857, 173.7884, 176.9066, 179.9554, 183.0079, 185.9217]
growth_rate:25.11
