ticker:REAL
price:[15.260000228881836, 15.050000190734863, 16.40999984741211, 15.359999656677246, 14.75, 15.5, 14.270000457763672, 14.5, 12.59000015258789, 15.619999885559082, 13.289999961853027, 13.010000228881836, 14.539999961853027, 14.600000381469727, 15.6899995803833, 19.299999237060547, 20.280000686645508, 19.540000915527344, 24.5, 27.2549991607666, 27.290000915527344, 23.68000030517578, 24.059999465942383, 27.43000030517578, 28.219999313354492, 25.540000915527344, 22.010000228881836, 23.219999313354492, 23.31999969482422, 22.299999237060547, 22.700000762939453, 23.790000915527344, 23.940000534057617, 23.709999084472656, 24.770000457763672, 22.799999237060547, 14.460000038146973, 15.050000190734863, 17.469999313354492, 17.18000030517578, 20.34000015258789, 19.65999984741211, 21.170000076293945, 20.280000686645508, 18.079999923706055, 16.559999465942383, 17.030000686645508, 16.510000228881836, 16.350000381469727, 13.34000015258789, 12.350000381469727, 13.229999542236328]
assets:[0, 99.99972626733779, 209.0355010562897, 295.6600253914833, 383.9189, 503.43999999999994, 563.4894970760345, 672.57235, 683.9781972896576, 948.5885350501061, 907.0903413963318, 987.9794173812866, 1204.1679008407593, 1309.1367742052078, 1506.8738356998444, 1953.5787327739715, 2152.7768288892744, 2174.223717871094, 2826.1240000000003, 3243.919980613518, 3348.0846783218385, 3005.1909507293703, 3153.4166120038985, 3695.1035701103206, 3901.5249630685803, 3631.004052159881, 3229.1465605798726, 3506.668042303276, 3621.7708526039123, 3563.3570180885313, 3727.2742952724457, 4006.248049175262, 4131.507836166382, 4191.81403013916, 4479.216153778458, 4222.977098689651, 2778.256201329327, 2991.614957913971, 3572.658534579277, 3613.352640185547, 4377.973496842957, 4331.611092380905, 4764.304283169938, 4664.010781915283, 4258.053326031875, 4000.074494998169, 4213.60364189148, 4184.943301016808, 4244.386524027825, 3563.004652754974, 3398.584254976273, 3740.75061856842]
shares:[0, 6.6445, 12.7383, 19.2487, 26.0284, 32.48, 39.4877, 46.3843, 54.3271, 60.7291, 68.2536, 75.94, 82.8176, 89.6669, 96.0404, 101.2217, 106.1527, 111.2704, 115.352, 119.0211, 122.6854, 126.9084, 131.0647, 134.7103, 138.2539, 142.1693, 146.7127, 151.0193, 155.3075, 159.7918, 164.1971, 168.4005, 172.5776, 176.7952, 180.8323, 185.2183, 192.1339, 198.7784, 204.5025, 210.3232, 215.2396, 220.3261, 225.0498, 229.9808, 235.5118, 241.5504, 247.4224, 253.4793, 259.5955, 267.0918, 275.189, 282.7476]
growth_rate:-26.65
