ticker:REDU
price:[5.849999904632568, 5.380000114440918, 5.739999771118164, 5.869999885559082, 6.329999923706055, 6.599999904632568, 6.159999847412109, 5.989999771118164, 5.730000019073486, 6.099999904632568, 6.099999904632568, 6.210000038146973, 6.460000038146973, 6.789999961853027, 6.329999923706055, 6.300000190734863, 6.150000095367432, 6.090000152587891, 6.0, 6.050000190734863, 5.929999828338623, 5.78000020980835, 5.929999828338623, 5.880000114440918, 5.965000152587891, 5.900000095367432, 5.730000019073486, 6.0, 5.710000038146973, 4.650000095367432, 3.9600000381469727, 3.5999999046325684, 3.4100000858306885, 3.5, 3.380000114440918, 3.450000047683716, 3.2200000286102295, 3.619999885559082, 3.430999994277954, 3.380000114440918, 3.3499999046325684, 2.9000000953674316, 2.75, 2.569999933242798, 2.200000047683716, 2.200000047683716, 1.350000023841858, 1.2100000381469727, 1.059999942779541, 0.8679999709129333, 0.8100000023841858, 0.8600000143051147]
assets:[0, 100.00021412715911, 206.69165175819398, 311.3729699295044, 435.7736527477265, 554.3610519896985, 617.4038487064362, 700.3651492385864, 769.9653145629883, 919.6835656216621, 1019.6833040582658, 1138.071309990978, 1283.8875395814896, 1449.472834856701, 1451.2759175081253, 1544.3977967572214, 1607.626629929304, 1691.942721392441, 1766.9388, 1881.6631943221093, 1944.340796715307, 1995.1583904222966, 2146.9356828505993, 2228.8334473792074, 2361.053237397003, 2435.3253393645286, 2465.154878205776, 2681.3142, 2651.717165715408, 2259.454576339436, 2024.1805514990806, 1940.1641486032008, 1937.766648774147, 2088.9099, 2117.2902076877594, 2261.139346252036, 2210.3967116397384, 2584.9800162796973, 2550.01835164721, 2612.1137744416237, 2688.9290134518624, 2427.7298598366738, 2402.15745, 2344.92525008924, 2107.3290056751252, 2207.3289078425646, 1454.4973156873466, 1403.6605442523955, 1329.6529042232514, 1188.8101561624408, 1209.3735815597176, 1384.026317021692]
shares:[0, 18.5874, 36.009, 53.0448, 68.8426, 83.9941, 100.2279, 116.9224, 134.3744, 150.7678, 167.1612, 183.2643, 198.7442, 213.4717, 229.2695, 245.1425, 261.4027, 277.8231, 294.4898, 311.0187, 327.8821, 345.1831, 362.0465, 379.0533, 395.8178, 412.767, 430.219, 446.8857, 464.3988, 485.9042, 511.1567, 538.9345, 568.26, 596.8314, 626.4172, 655.4027, 686.4586, 714.0829, 743.2289, 772.8147, 802.6654, 837.1482, 873.5118, 912.4223, 957.8768, 1003.3313, 1077.4054, 1160.05, 1254.3896, 1369.597, 1493.0538, 1609.3329]
growth_rate:-72.86
