ticker:REE
price:[10.383999824523926, 10.680000305175781, 10.600000381469727, 14.699999809265137, 12.4399995803833, 12.319999694824219, 11.140000343322754, 10.600000381469727, 11.239999771118164, 10.430000305175781, 10.630000114440918, 10.0, 10.0600004196167, 9.970000267028809, 9.949999809265137, 10.010000228881836, 9.899999618530273, 9.880000114440918, 9.899999618530273, 9.9399995803833, 9.920000076293945, 10.020000457763672, 9.989999771118164, 10.0, 9.979999542236328, 9.979999542236328, 9.710000038146973, 10.210000038146973, 8.050000190734863, 10.75, 10.295000076293945, 9.630000114440918, 8.630000114440918, 9.050000190734863, 6.0]
assets:[0, 100.0000468574524, 199.25138717060088, 376.31999511718755, 418.46416988468167, 514.4277472572327, 565.1567254175186, 637.7617429515839, 776.2681041927337, 820.3268250022888, 936.0565500774384, 980.58, 1086.4639493179322, 1176.7441765170097, 1274.3840355709076, 1382.0687196014405, 1466.880963477707, 1563.9180621150017, 1667.0837057634353, 1773.819763118267, 1870.2503503839494, 1989.103356872177, 2083.1477192728044, 2185.233, 2280.8620293811796, 2380.861624794388, 2416.450029493332, 2640.8808328669547, 2182.183586704159, 3014.0957499999995, 2986.5228996324536, 2893.609915387058, 2693.1313417131423, 2924.198956629467, 2038.6956]
shares:[0, 9.3633, 18.7973, 25.6, 33.6386, 41.7555, 50.7322, 60.1662, 69.063, 78.6507, 88.058, 98.058, 107.9984, 118.0285, 128.0788, 138.0688, 148.1698, 158.2913, 168.3923, 178.4527, 188.5333, 198.5133, 208.5233, 218.5233, 228.5433, 238.5633, 248.862, 258.6563, 271.0787, 280.381, 290.0945, 300.4787, 312.0662, 323.1159, 339.7826]
growth_rate:-40.04
