ticker:REEAW
price:[2.690000057220459, 2.4000000953674316, 2.309999942779541, 3.8499999046325684, 3.2799999713897705, 3.319999933242798, 2.259999990463257, 1.5299999713897705, 2.369999885559082, 2.200000047683716, 1.850000023841858, 1.6799999475479126, 1.649999976158142, 1.6399999856948853, 1.6100000143051147, 1.5, 1.440000057220459, 1.2400000095367432, 1.3899999856948853, 1.659999966621399, 1.7799999713897705, 1.7799999713897705, 1.7300000190734863, 1.7899999618530273, 1.899999976158142, 1.909999966621399, 1.7200000286102295, 1.649999976158142, 1.2300000190734863, 1.850000023841858, 1.6399999856948853, 1.4500000476837158, 1.2699999809265137, 1.2799999713897705, 1.059999942779541]
assets:[0, 100.00008397364616, 196.24997213873863, 427.08318442082407, 463.85267595398426, 569.5094685485362, 487.6781659420967, 430.15383095633985, 766.3167109966278, 811.3487975855112, 782.2706600815058, 810.3862786985397, 895.9151720543741, 990.4853713603617, 1072.3667525281548, 1099.0994999999998, 1155.135501900959, 1094.7000324192525, 1327.1233363419772, 1684.9099261205197, 1906.7106933531284, 2006.7107357458117, 2050.342565605307, 2221.452602658272, 2457.966509156585, 2570.9031210716485, 2415.1588521733997, 2416.8674950772047, 1901.6648994889258, 2960.2277731499075, 2724.2018442377926, 2508.5931724958896, 2297.181553499794, 2415.269578014517, 2100.1450266308784]
shares:[0, 41.6667, 84.9567, 110.9307, 141.4185, 171.539, 215.7868, 281.1463, 323.3404, 368.7949, 422.849, 482.3728, 542.9789, 603.9545, 666.0663, 732.733, 802.1774, 882.8226, 954.765, 1015.006, 1071.1858, 1127.3656, 1185.1691, 1241.035, 1293.6666, 1346.0226, 1404.1621, 1464.7682, 1546.069, 1600.1231, 1661.0987, 1730.0642, 1808.8044, 1886.9294, 1981.269]
growth_rate:-38.23
