ticker:REED
price:[0.949999988079071, 0.9399999976158142, 1.0199999809265137, 0.9300000071525574, 0.9200000166893005, 1.0099999904632568, 1.0399999618530273, 0.9599999785423279, 0.8999999761581421, 0.8399999737739563, 0.8100000023841858, 0.6200000047683716, 0.5899999737739563, 0.6499999761581421, 0.6399999856948853, 0.6000000238418579, 0.6399999856948853, 0.5899999737739563, 0.6600000262260437, 0.8100000023841858, 0.9900000095367432, 0.8199999928474426, 1.059999942779541, 1.190000057220459, 1.2699999809265137, 1.0499999523162842, 1.0099999904632568, 1.0399999618530273, 1.2000000476837158, 1.1200000047683716, 1.1799999475479126, 1.159999966621399, 0.9700000286102295, 0.9399999976158142, 0.9800000190734863, 1.059999942779541, 0.9200000166893005, 0.9300000071525574, 0.9900000095367432, 1.0099999904632568, 1.0199999809265137, 1.0700000524520874, 1.1100000143051147, 0.9900000095367432, 0.949999988079071, 0.8799999952316284, 0.8500000238418579, 0.7900000214576721, 0.7599999904632568, 0.6899999976158142, 0.6700000166893005, 0.6700000166893005]
assets:[0, 100.00001974636317, 208.51064010095595, 290.11266523123385, 386.99322302026746, 524.8512420441866, 640.44081650877, 691.1761765510082, 747.9776501853586, 798.1124510817468, 869.6084695596396, 765.6262258883716, 828.5797381688654, 1012.8421178491711, 1097.2599434743286, 1128.681284849763, 1303.926626854968, 1302.05731312235, 1556.5387818512916, 2010.2975339171887, 2557.030335632062, 2217.9442626536907, 2967.0985218313695, 3430.988291977072, 3761.6427885057924, 3210.019534223175, 3187.733184900403, 3382.4181879336356, 4002.790479056597, 3835.9376323314073, 4141.434133909428, 4171.240399973988, 3588.0202118289467, 3577.050422927284, 3829.265402528, 4241.858163017845, 3781.613056600517, 3922.717524169314, 4275.796082189059, 4462.175715866709, 4606.355613863468, 4932.157644777525, 5216.537197228074, 4752.587214782024, 4660.563426517636, 4417.153552065193, 4366.568952478957, 4158.340571947223, 4100.4287085464, 3822.757651791066, 3811.953168953479, 3911.953150444418]
shares:[0, 106.383, 204.4222, 311.9491, 420.6448, 519.6547, 615.8085, 719.9752, 831.0863, 950.1339, 1073.5907, 1234.881, 1404.3725, 1558.2187, 1714.4687, 1881.1354, 2037.3854, 2206.8769, 2358.392, 2481.8488, 2582.8589, 2704.8101, 2799.1497, 2883.1833, 2961.9235, 3057.1616, 3156.1715, 3252.3253, 3335.6586, 3424.9443, 3509.6901, 3595.897, 3698.9898, 3805.3728, 3907.4136, 4001.7532, 4110.4489, 4217.9758, 4318.9859, 4417.9958, 4516.035, 4609.4929, 4699.583, 4800.5931, 4905.8563, 5019.4927, 5137.1398, 5263.7221, 5395.301, 5540.2285, 5689.4822, 5838.7359]
growth_rate:-23.3
