ticker:REFR
price:[2.3399999141693115, 2.5299999713897705, 2.9000000953674316, 2.4800000190734863, 2.7200000286102295, 2.9000000953674316, 2.859999895095825, 2.9600000381469727, 2.5899999141693115, 2.859999895095825, 2.950000047683716, 2.7699999809265137, 2.809999942779541, 3.0299999713897705, 2.75, 2.619999885559082, 2.809999942779541, 2.809999942779541, 2.9200000762939453, 3.940000057220459, 4.190000057220459, 4.059999942779541, 5.269999980926514, 4.760000228881836, 5.03000020980835, 4.03000020980835, 3.640000104904175, 3.5799999237060547, 3.200000047683716, 2.990000009536743, 3.0299999713897705, 2.759999990463257, 2.6700000762939453, 2.700000047683716, 2.559999942779541, 2.5199999809265137, 2.430000066757202, 2.4200000762939453, 2.380000114440918, 2.549999952316284, 2.440000057220459, 2.0799999237060547, 2.380000114440918, 2.2899999618530273, 2.25, 2.059999942779541, 2.2200000286102295, 2.549999952316284, 2.440000057220459, 1.9600000381469727, 2.0899999141693115, 2.200000047683716]
assets:[0, 100.00001986916065, 214.62465705800057, 283.5411301806927, 410.9805803228855, 538.1779576981544, 630.7546728640556, 752.8091137018204, 758.7078408569813, 937.8008296016693, 1067.3120822520018, 1102.1879784106254, 1218.1040651955605, 1413.4716556535482, 1382.853725, 1417.4822940847398, 1620.2768770060538, 1720.276906969738, 1887.6188653198242, 2646.9925084421634, 2914.948681807804, 2924.5084967828275, 3896.098337899017, 3619.0567340202333, 3924.3392646896837, 3244.152586895847, 3030.2021713299036, 3080.253772356224, 2853.2995625174763, 2766.05169982245, 2903.055698588419, 2744.367626517272, 2754.877509719276, 2885.8310609656096, 2836.195264606094, 2891.8796541118145, 2888.5984273558615, 2976.7111718450547, 3027.509371576023, 3343.7598574733734, 3299.519357377052, 2912.7048051626207, 3432.8067310645106, 3402.9944453126905, 3443.55345, 3252.7644236482142, 3605.406364464641, 4241.345050688982, 4158.385225518322, 3440.342202958488, 3768.5279602366686, 4066.8716881470677]
shares:[0, 39.5257, 74.0085, 114.3311, 151.0958, 185.5786, 220.5436, 254.3274, 292.9374, 327.9024, 361.8007, 397.9018, 433.489, 466.4923, 502.8559, 541.0238, 576.611, 612.1982, 646.4448, 671.8255, 695.6918, 720.3223, 739.2976, 760.306, 780.1867, 805.0006, 832.4731, 860.4061, 891.6561, 925.1009, 958.1042, 994.3361, 1031.7893, 1068.8263, 1107.8888, 1147.5713, 1188.7236, 1230.0459, 1272.0627, 1311.2784, 1352.262, 1400.3389, 1442.3557, 1486.0238, 1530.4682, 1579.0119, 1624.0569, 1663.2726, 1704.2562, 1755.2766, 1803.1235, 1848.578]
growth_rate:-20.26
