ticker:REG
price:[41.529998779296875, 38.599998474121094, 40.06999969482422, 37.41999816894531, 40.20000076293945, 39.58000183105469, 37.540000915527344, 38.290000915527344, 35.59000015258789, 34.04999923706055, 45.72999954223633, 47.2599983215332, 46.88999938964844, 49.08000183105469, 47.08000183105469, 45.93000030517578, 45.40999984741211, 45.59000015258789, 45.4900016784668, 47.06999969482422, 46.93000030517578, 47.18000030517578, 49.11000061035156, 52.619998931884766, 52.79999923706055, 54.779998779296875, 57.68000030517578, 59.150001525878906, 56.060001373291016, 57.970001220703125, 57.619998931884766, 58.36000061035156, 59.459999084472656, 62.119998931884766, 63.65999984741211, 65.36000061035156, 63.77000045776367, 63.36000061035156, 64.5999984741211, 65.79000091552734, 68.19999694824219, 63.33000183105469, 65.05999755859375, 64.51000213623047, 65.01000213623047, 64.69999694824219, 65.05000305175781, 65.41000366210938, 66.4000015258789, 66.22000122070312, 64.87000274658203, 68.02999877929688]
assets:[0, 100.00101604690552, 203.8080394477844, 290.330539793396, 411.9012678173065, 505.54744738769534, 579.4899781326294, 691.0655945236207, 742.3362231826783, 810.2163268459319, 1188.1385561065674, 1327.8925288391113, 1417.4987485488891, 1583.7036830841066, 1619.1660069732668, 1679.6141811599732, 1760.6001860839845, 1867.5806792507171, 1963.4849424476622, 2131.682611179352, 2225.340833470917, 2337.1934191177365, 2532.7991714782715, 2813.822870883179, 2923.446197757339, 3133.07629418335, 3398.938217983246, 3585.5607074958803, 3498.2505996959685, 3717.4364712799074, 3794.9914176513666, 3943.7295652450566, 4118.062778592682, 4402.289024305344, 4611.4221669467925, 4834.568133146668, 4816.95626257782, 4885.9874390670775, 5081.610299970245, 5275.219906409454, 5568.461550827026, 5270.82939239502, 5514.810693054199, 5568.187285388946, 5711.343220674897, 5784.108557176209, 5915.400087515259, 6048.135988616944, 6239.674543388367, 6322.758558554077, 6293.85632848053, 6700.444654769898]
shares:[0, 2.5907, 5.0863, 7.7587, 10.2463, 12.7728, 15.4366, 18.0482, 20.858, 23.7949, 25.9816, 28.0976, 30.2303, 32.2678, 34.3918, 36.569, 38.7712, 40.9647, 43.163, 45.2875, 47.4183, 49.5378, 51.574, 53.4744, 55.3683, 57.1938, 58.9275, 60.6181, 62.4019, 64.1269, 65.8624, 67.5759, 69.2577, 70.8675, 72.4383, 73.9683, 75.5364, 77.1147, 78.6627, 80.1827, 81.649, 83.228, 84.765, 86.3151, 87.8533, 89.3989, 90.9362, 92.465, 93.971, 95.4811, 97.0226, 98.4925]
growth_rate:31.38
