ticker:REGI
price:[39.349998474121094, 41.25, 48.79999923706055, 45.150001525878906, 55.70000076293945, 63.27000045776367, 55.869998931884766, 58.84000015258789, 56.400001525878906, 53.63999938964844, 60.310001373291016, 54.099998474121094, 61.869998931884766, 59.34000015258789, 62.150001525878906, 75.58000183105469, 72.62000274658203, 70.81999969482422, 84.29000091552734, 80.01000213623047, 100.52999877929688, 89.5999984741211, 98.68000030517578, 108.93000030517578, 96.94999694824219, 77.7699966430664, 76.2699966430664, 80.55000305175781, 67.44000244140625, 63.779998779296875, 68.4800033569336, 63.779998779296875, 64.83999633789062, 58.63999938964844, 55.52000045776367, 60.540000915527344, 63.16999816894531, 57.650001525878906, 61.06999969482422, 66.79000091552734, 66.80999755859375, 63.02000045776367, 62.0099983215332, 61.79999923706055, 64.8499984741211, 64.44999694824219, 62.15999984741211, 61.25, 60.060001373291016, 54.119998931884766, 46.9900016784668, 51.84000015258789]
assets:[0, 99.99825, 218.30191658706664, 301.9722402053833, 472.53095647239684, 636.7492846069335, 662.2773803386688, 797.4820580680847, 864.4089833862305, 922.1091375076294, 1136.7711538848878, 1119.718488418579, 1380.5362211666109, 1424.082861661911, 1591.5185940742494, 2035.4299133117677, 2055.712513749695, 2104.7562269302366, 2605.0836262954713, 2572.8016286926268, 3332.639830532837, 3070.305227713013, 3481.450146766663, 3943.069937046814, 3609.419301383972, 2995.3503057060243, 3037.5746483047483, 3308.0355803298953, 2869.632799884033, 2813.897010144043, 3121.256921006012, 3007.0356024475095, 3157.0140336944582, 2955.139313241577, 2897.910839893341, 3259.9337532989503, 3501.55090050354, 3295.5738672271727, 3591.0808710548404, 4027.4303762062073, 4128.637376129151, 3994.4281990146637, 4030.408051906204, 4116.757509177399, 4419.929466001892, 4492.667497268677, 4433.03984511795, 4468.144625, 4481.3349604671475, 4138.1233583297735, 3692.9489309108735, 4174.1101562862395]
shares:[0, 2.4242, 4.4734, 6.6882, 8.4835, 10.064, 11.8539, 13.5534, 15.3264, 17.1907, 18.8488, 20.6972, 22.3135, 23.9987, 25.6077, 26.9308, 28.3078, 29.7198, 30.9062, 32.156, 33.1507, 34.2668, 35.2802, 36.1982, 37.2297, 38.5155, 39.8266, 41.0681, 42.5509, 44.1188, 45.5791, 47.147, 48.6893, 50.3946, 52.1958, 53.8476, 55.4306, 57.1652, 58.8027, 60.2999, 61.7967, 63.3835, 64.9961, 66.6142, 68.1562, 69.7078, 71.3166, 72.9493, 74.6143, 76.462, 78.5901, 80.5191]
growth_rate:-18.15
