ticker:REGN
price:[580.3599853515625, 544.75, 555.239990234375, 574.0599975585938, 564.7999877929688, 602.0700073242188, 599.739990234375, 579.8099975585938, 543.5599975585938, 578.030029296875, 566.4299926757812, 518.739990234375, 514.0499877929688, 492.45001220703125, 479.7699890136719, 498.8900146484375, 488.92999267578125, 483.1099853515625, 498.7300109863281, 517.9299926757812, 537.780029296875, 503.8399963378906, 498.9800109863281, 485.6199951171875, 470.3699951171875, 450.57000732421875, 461.57000732421875, 471.4599914550781, 473.70001220703125, 476.9100036621094, 474.92999267578125, 475.1700134277344, 502.6000061035156, 488.6400146484375, 481.29998779296875, 496.75, 516.6199951171875, 506.7200012207031, 502.42999267578125, 511.8900146484375, 525.5499877929688, 537.9199829101562, 550.5499877929688, 583.6400146484375, 580.4000244140625, 583.239990234375, 586.3499755859375, 574.6099853515625, 610.8599853515625, 624.7899780273438, 663.27001953125, 663.2899780273438]
assets:[0, 100.01610000000001, 201.9407844482422, 308.7868726867676, 403.83199127197264, 530.4838834533691, 628.4075617675782, 707.542140020752, 763.3213045715332, 911.726765209961, 993.4049211547851, 1009.7792649902344, 1100.6324288635253, 1154.4013186157226, 1224.660873956299, 1373.4442103271485, 1446.0104533386232, 1528.8015486450195, 1678.2264869689943, 1842.8467069396972, 2013.4484296875, 1986.3891855621337, 2067.2242875152588, 2111.864234765625, 2145.545695727539, 2155.2115160339354, 2307.8500366210938, 2457.296621463013, 2568.969906201172, 2686.386359628296, 2775.2534122009274, 2876.679261291504, 3142.7578381652834, 3155.44175859375, 3208.056938635254, 3411.033225, 3647.492151525879, 3677.571080859375, 3746.4194833862302, 3916.982392089844, 4121.520669268799, 4318.529206799317, 4519.905289782715, 4891.5453267700195, 4964.393568823242, 5088.7105907958985, 5215.817572827149, 5211.367801147461, 5640.131330749512, 5868.777221606446, 6330.249066406251, 6430.463678979493]
shares:[0, 0.1836, 0.3637, 0.5379, 0.715, 0.8811, 1.0478, 1.2203, 1.4043, 1.5773, 1.7538, 1.9466, 2.1411, 2.3442, 2.5526, 2.753, 2.9575, 3.1645, 3.365, 3.5581, 3.744, 3.9425, 4.1429, 4.3488, 4.5614, 4.7833, 5.0, 5.2121, 5.4232, 5.6329, 5.8435, 6.054, 6.253, 6.4576, 6.6654, 6.8667, 7.0603, 7.2576, 7.4566, 7.652, 7.8423, 8.0282, 8.2098, 8.3811, 8.5534, 8.7249, 8.8954, 9.0694, 9.2331, 9.3932, 9.544, 9.6948]
growth_rate:26.09
