ticker:REIT
price:[24.510000228881836, 24.0, 25.354000091552734, 25.0, 25.05699920654297, 25.59000015258789, 26.829999923706055, 26.447999954223633, 26.797000885009766, 27.195999145507812, 27.148000717163086, 26.864999771118164, 27.086000442504883, 27.548999786376953, 28.33300018310547, 29.1200008392334, 28.239999771118164, 28.631000518798828, 28.44300079345703, 29.079999923706055, 29.299999237060547, 29.51799964904785, 29.75, 29.75, 29.37299919128418, 29.226999282836914, 29.434999465942383, 29.820899963378906]
assets:[0, 100.0008, 205.6437593425751, 302.77250000000004, 403.46278982391357, 512.0456670532226, 636.8583421890258, 727.7907731403351, 837.3955588562012, 949.8637837554932, 1048.1870224897386, 1137.2599163108825, 1246.6142101659773, 1367.9235451927186, 1506.8537818382263, 1648.7103835155488, 1698.8873222307207, 1822.4089926223755, 1910.4424114944459, 2053.2282906131745, 2168.762503527832, 2284.899798833847, 2402.856925, 2502.8556, 2571.139048509788, 2658.3592559700014, 2777.277561110115, 2913.6897980918884]
shares:[0, 4.1667, 8.1109, 12.1109, 16.1018, 20.0096, 23.7368, 27.5178, 31.2496, 34.9266, 38.6101, 42.3324, 46.0243, 49.6542, 53.1837, 56.6178, 60.1589, 63.6516, 67.1674, 70.6062, 74.0192, 77.407, 80.7683, 84.1296, 87.5341, 90.9556, 94.3529, 97.7063]
growth_rate:7.91
