ticker:REKR
price:[6.449999809265137, 6.25, 7.75, 5.670000076293945, 5.769999980926514, 6.699999809265137, 5.920000076293945, 5.139999866485596, 4.159999847412109, 3.7699999809265137, 4.119999885559082, 4.300000190734863, 4.789999961853027, 5.179999828338623, 5.550000190734863, 7.429999828338623, 8.710000038146973, 8.069999694824219, 8.720000267028809, 10.579999923706055, 12.640000343322754, 11.899999618530273, 16.040000915527344, 19.440000534057617, 16.950000762939453, 15.460000038146973, 13.270000457763672, 17.290000915527344, 21.530000686645508, 18.799999237060547, 20.350000381469727, 21.899999618530273, 20.799999237060547, 23.299999237060547, 23.450000762939453, 18.90999984741211, 9.65999984741211, 11.619999885559082, 11.239999771118164, 11.529999732971191, 10.760000228881836, 10.5, 10.489999771118164, 10.029999732971191, 9.59000015258789, 8.3100004196167, 7.519999980926514, 7.880000114440918, 7.610000133514404, 6.75, 6.710000038146973, 10.239999771118164]
assets:[0, 100.0, 223.9998, 263.88123655071263, 368.53509178175926, 527.9351949707985, 566.4741513004303, 591.8375746266842, 578.9970987625121, 624.716140839386, 782.7134582586289, 916.9096806713104, 1121.3945550693513, 1312.6979444981575, 1506.4620817720413, 2116.759399094772, 2581.4236483057975, 2491.7439467720033, 2792.442309511757, 3488.0778548469543, 4267.231251904869, 4117.4093880111695, 5649.852930480957, 6947.451838861084, 6157.577632159806, 5716.291726104737, 5006.545582706452, 6623.223593708039, 8347.426708220291, 7388.973100141526, 8098.17072680378, 8814.984176454353, 8472.222409240723, 9590.51734596634, 9752.25968728714, 7964.1884837356565, 4168.432902156067, 5114.202483632183, 5046.95659722805, 5277.171342783451, 5024.750098884201, 5003.334, 5098.568929754067, 4974.990197550774, 4856.745292276382, 4308.504199559594, 3998.9111418572897, 4290.348802308559, 4243.3444454477785, 3863.8073249999998, 3940.9105124044418, 6114.146167338181]
shares:[0, 16.0, 28.9032, 46.5399, 63.8709, 78.7963, 95.6882, 115.1435, 139.182, 165.7072, 189.979, 213.2348, 234.1116, 253.4166, 271.4346, 284.8936, 296.3747, 308.7663, 320.2342, 329.686, 337.5974, 346.0008, 352.2352, 357.3792, 363.2789, 369.7472, 377.283, 383.0667, 387.7114, 393.0305, 397.9445, 402.5107, 407.3184, 411.6102, 415.8746, 421.1628, 431.5148, 440.1207, 449.0175, 457.6905, 466.9842, 476.508, 486.0409, 496.011, 506.4385, 518.4722, 531.7701, 544.4605, 557.6011, 572.4159, 587.319, 597.0846]
growth_rate:19.89
