ticker:RELI
price:[5.210000038146973, 4.349999904632568, 4.21999979019165, 4.199999809265137, 4.389999866485596, 4.920000076293945, 4.480000019073486, 4.380000114440918, 4.079999923706055, 3.0999999046325684, 3.359999895095825, 3.3499999046325684, 3.0899999141693115, 3.549999952316284, 3.6700000762939453, 3.8499999046325684, 3.9700000286102295, 3.8399999141693115, 3.7899999618530273, 3.7300000190734863, 3.4700000286102295, 3.359999895095825, 3.2699999809265137, 3.200000047683716, 3.259999990463257, 3.109999895095825, 2.9700000286102295, 2.680000066757202, 2.9800000190734863, 2.819999933242798]
assets:[0, 99.99997280764579, 197.01153420505526, 296.077726554203, 409.47153054661754, 558.9065966669083, 608.922946592474, 695.3307121676445, 747.7052740182877, 668.1094994464875, 824.1444702689886, 921.6915037613869, 950.1573606075525, 1191.6046989943266, 1331.8844986879349, 1497.2083679130076, 1643.874585846758, 1690.0450182245493, 1768.0391512043952, 1840.0492934091567, 1811.7883389382362, 1854.3540381043197, 1904.6837558902262, 1963.91074926455, 2100.733887854552, 2104.0741610269547, 2109.3569843195914, 2003.3927779033183, 2327.6529828981397, 2302.678277489233]
shares:[0, 22.9885, 46.6852, 70.4947, 93.2737, 113.5989, 135.9203, 158.7513, 183.2611, 215.5192, 245.2811, 275.1318, 307.4943, 335.6633, 362.9113, 388.8853, 414.0742, 440.1159, 466.5011, 493.3108, 522.1292, 551.8911, 582.4721, 613.7221, 644.3969, 676.5512, 710.2212, 747.5346, 781.0916, 816.5526]
growth_rate:-20.6
