ticker:RELL
price:[4.320000171661377, 4.190000057220459, 4.5, 4.21999979019165, 4.239999771118164, 4.449999809265137, 4.46999979019165, 4.389999866485596, 4.21999979019165, 4.380000114440918, 4.409999847412109, 4.5, 4.579999923706055, 4.710000038146973, 4.570000171661377, 4.590000152587891, 4.5, 4.710000038146973, 5.880000114440918, 6.119999885559082, 6.519999980926514, 6.380000114440918, 6.070000171661377, 6.989999771118164, 6.769999980926514, 6.269999980926514, 6.320000171661377, 6.75, 6.800000190734863, 6.360000133514404, 6.75, 7.559999942779541, 7.320000171661377, 8.520000457763672, 7.610000133514404, 7.46999979019165, 7.300000190734863, 8.149999618530273, 8.550000190734863, 8.399999618530273, 8.819999694824219, 7.989999771118164, 8.489999771118164, 8.289999961853027, 7.800000190734863, 7.5, 7.800000190734863, 7.760000228881836, 7.769999980926514, 7.800000190734863, 7.829999923706055, 8.569999694824219]
assets:[0, 99.99979836564063, 207.39825000000002, 294.49352935848236, 395.8892026292801, 515.496877904892, 617.8138690016747, 706.7566145051957, 779.3879632506847, 908.9380617487908, 1015.1634428749084, 1135.881, 1256.0745970762252, 1391.727296271801, 1450.3594754793644, 1556.7068137504577, 1626.183, 1802.0714485952376, 2349.719781731987, 2545.62680439806, 2812.0075317738056, 2851.627181150913, 2813.068739554405, 3339.43184865303, 3334.327894606018, 3188.070524301815, 3313.4939299998287, 3638.93715, 3765.8924656304357, 3622.217236040592, 3944.3341500000006, 4517.654113806581, 4474.236644925356, 5307.718317173767, 4840.813926930142, 4851.758140729666, 4841.343336494923, 5505.060682329559, 5875.248056066036, 5872.173453326607, 6265.782467201233, 5776.145016536331, 6237.606227840423, 6190.666070513248, 5924.752224879075, 5796.87675, 6128.751869867516, 6197.3224227905275, 6305.30836452198, 6429.653257225513, 6554.382533135415, 7273.825805980682]
shares:[0, 23.8663, 46.0885, 69.7852, 93.3701, 115.842, 138.2134, 160.9924, 184.6891, 207.5201, 230.1958, 252.418, 274.2521, 295.4835, 317.3653, 339.1518, 361.374, 382.6054, 399.6122, 415.9521, 431.2895, 446.9635, 463.438, 477.7442, 492.5152, 508.4642, 524.287, 539.1018, 553.8077, 569.531, 584.3458, 597.5733, 611.2345, 622.9716, 636.1122, 649.4991, 663.1977, 675.4676, 687.1635, 699.0683, 710.4062, 722.9218, 734.7004, 746.7631, 759.5836, 772.9169, 785.7374, 798.624, 811.494, 824.3145, 837.0859, 848.7545]
growth_rate:42.62
