ticker:REPH
price:[2.059999942779541, 2.1500000953674316, 2.4800000190734863, 2.0799999237060547, 2.069999933242798, 2.299999952316284, 2.1500000953674316, 1.9600000381469727, 1.590000033378601, 1.600000023841858, 1.8799999952316284, 1.9800000190734863, 2.5, 2.2899999618530273, 2.9549999237060547, 3.0, 3.0, 2.8499999046325684, 2.990000009536743, 2.9700000286102295, 3.549999952316284, 3.130000114440918, 3.6500000953674316, 4.579999923706055, 4.559999942779541, 3.430000066757202, 3.2750000953674316, 3.740000009536743, 3.569999933242798, 3.049999952316284, 2.990000009536743, 3.259999990463257, 2.759999990463257, 2.990000009536743, 2.6700000762939453, 2.9200000762939453, 2.619999885559082, 2.509999990463257, 2.2899999618530273, 2.2699999809265137, 2.240000009536743, 2.0, 2.380000114440918, 2.180000066757202, 1.9800000190734863, 1.8200000524520874, 1.9199999570846558, 1.8200000524520874, 1.8899999856948853, 2.5, 2.509999990463257, 2.549999952316284]
assets:[0, 99.99994443569183, 215.34881765623092, 280.61507770709994, 379.26600876872544, 521.4067691901683, 587.4019560553551, 635.4919883684158, 615.5266959216475, 719.3979307198643, 945.2925736023903, 1095.5742045537472, 1483.3007499999999, 1458.7034117008209, 1982.300530319786, 2112.4878, 2212.4877, 2201.8631863206865, 2410.024923686886, 2493.904272023964, 3080.9292286168575, 2816.4251219758034, 3384.3297284259797, 4346.638393593406, 4427.657344440222, 3430.452826766014, 3375.432558292008, 3954.6924660841937, 3874.9336195406913, 3410.51757167995, 3443.425437982965, 3854.370034724498, 3363.209028378964, 3743.476423939991, 3442.83693837738, 3865.2000129901885, 3568.0900741467476, 3518.28480763228, 3309.9091528633116, 3381.001758591414, 3436.319054630041, 3168.142, 3870.0891500909806, 3644.8716036153314, 3410.479742853403, 3234.8855652288435, 3512.6262894866823, 3429.677258842707, 3661.587881286013, 4943.37025, 5063.143617762589, 5243.831121942997]
shares:[0, 46.5116, 86.8342, 134.9111, 183.2203, 226.6986, 273.2102, 324.2306, 387.1237, 449.6237, 502.8152, 553.3203, 593.3203, 636.9884, 670.8293, 704.1626, 737.4959, 772.5836, 806.0284, 839.6984, 867.8674, 899.8163, 927.2136, 949.0477, 970.9775, 1000.132, 1030.6664, 1057.4044, 1085.4156, 1118.2025, 1151.6473, 1182.3221, 1218.554, 1251.9988, 1289.452, 1323.6986, 1361.8665, 1401.7071, 1445.3752, 1489.4281, 1534.071, 1584.071, 1626.0878, 1671.9594, 1722.4645, 1777.4096, 1829.4929, 1884.438, 1937.3481, 1977.3481, 2017.1887, 2056.4044]
growth_rate:2.82
