ticker:REPL
price:[23.020000457763672, 24.399999618530273, 24.799999237060547, 21.360000610351562, 23.5, 24.06999969482422, 40.97999954223633, 45.20000076293945, 41.810001373291016, 46.5, 45.90999984741211, 49.9900016784668, 51.83000183105469, 46.77000045776367, 43.11000061035156, 39.86000061035156, 41.86000061035156, 38.150001525878906, 42.779998779296875, 43.22999954223633, 44.33000183105469, 38.79999923706055, 43.38999938964844, 36.88999938964844, 37.91999816894531, 34.630001068115234, 35.310001373291016, 33.9900016784668, 35.400001525878906, 33.15999984741211, 31.579999923706055, 30.06999969482422, 29.959999084472656, 31.510000228881836, 36.59000015258789, 35.84000015258789, 35.04999923706055, 36.220001220703125, 38.970001220703125, 32.0, 34.0, 35.400001525878906, 38.90999984741211, 39.540000915527344, 35.06999969482422, 31.299999237060547, 32.9900016784668, 32.72999954223633, 32.560001373291016, 30.200000762939453, 30.170000076293945, 31.459999084472656]
assets:[0, 100.00095843658447, 201.64135379676816, 273.67073582000734, 401.0886, 510.8159405235291, 969.6810431682586, 1169.5364597408295, 1181.8224038181306, 1414.3905, 1496.4456270263672, 1729.4341020675658, 1893.0908168792723, 1808.2732046985627, 1766.764222013855, 1733.571216545105, 1920.553572003174, 1850.3361140075685, 2174.8966359405517, 2297.773904668808, 2456.241174455261, 2249.833475760651, 2615.9874022018435, 2324.1031625473024, 2488.9928398132324, 2373.045064193344, 2519.6440159950257, 2525.4503267097475, 2730.214497682953, 2657.4556517715455, 2630.8350536441803, 2605.0422555618284, 2695.5131016296386, 2934.96746131897, 3508.139444629669, 3536.23246305542, 3558.286437546158, 3777.0651912963867, 4163.839411428833, 3519.1136, 3839.059, 4097.139536602783, 4603.379825947571, 4777.914860630036, 4337.7696852531435, 3971.462843195343, 4285.896068058014, 4352.117858131028, 4429.514682824707, 4208.457686317825, 4304.278485884666, 4588.318172473908]
shares:[0, 4.0984, 8.1307, 12.8123, 17.0676, 21.2221, 23.6623, 25.8747, 28.2665, 30.417, 32.5952, 34.5956, 36.525, 38.6631, 40.9827, 43.4915, 45.8804, 48.5016, 50.8391, 53.1523, 55.4081, 57.9854, 60.2901, 63.0009, 65.638, 68.5257, 71.3578, 74.2998, 77.1247, 80.1404, 83.307, 86.6326, 89.9704, 93.144, 95.877, 98.6672, 101.5203, 104.2812, 106.8473, 109.9723, 112.9135, 115.7384, 118.3084, 120.8375, 123.6889, 126.8838, 129.915, 132.9703, 136.0416, 139.3529, 142.6675, 145.8461]
growth_rate:-10.03
