ticker:RESN
price:[2.309999942779541, 2.3299999237060547, 2.5, 2.240000009536743, 2.359999895095825, 2.609999895095825, 2.430000066757202, 2.3399999141693115, 2.2899999618530273, 2.309999942779541, 2.3299999237060547, 2.2899999618530273, 2.2799999713897705, 2.190000057220459, 2.1500000953674316, 2.2899999618530273, 2.430000066757202, 2.6500000953674316, 4.769999980926514, 5.309999942779541, 6.599999904632568, 5.670000076293945, 7.409999847412109, 6.630000114440918, 6.679999828338623, 5.110000133514404, 4.170000076293945, 4.920000076293945, 4.840000152587891, 4.190000057220459, 4.349999904632568, 3.9200000762939453, 3.619999885559082, 3.5799999237060547, 3.2699999809265137, 2.930000066757202, 2.7200000286102295, 3.5799999237060547, 3.259999990463257, 4.070000171661377, 3.700000047683716, 3.4100000858306885, 3.4200000762939453, 3.049999952316284, 3.0799999237060547, 2.7100000381469727, 2.819999933242798, 3.049999952316284, 2.9600000381469727, 2.890000104904175, 2.450000047683716, 2.640000104904175]
assets:[0, 100.00010172557832, 207.29625, 285.7375372165203, 401.0449301731825, 543.5285631538629, 606.0439606492996, 683.5977469257832, 768.9909181900978, 875.7068873080731, 983.288859803009, 1066.4083272356986, 1161.7514134219407, 1215.8928497689246, 1293.6847273838996, 1477.9245263806342, 1668.2781518311026, 1919.3155690717697, 3554.7680737857822, 4057.1946642797466, 5142.840705687952, 4518.167910795212, 6004.695599350357, 5472.622873463345, 5613.894567735196, 4394.46163381877, 3686.0869964403155, 4449.052256991005, 4476.710225134659, 3975.498870291138, 4227.307722322416, 3909.436068088341, 3710.2443107061385, 3769.2473116729734, 3542.8598973349576, 3274.4892576060533, 3139.7988490258695, 4232.529373799896, 3954.2026444324492, 5036.688704433632, 4678.8076802980895, 4412.09033205359, 4525.029118945122, 4135.479075345897, 4276.155778076362, 3862.4619713694574, 4119.240736486173, 4555.207258783865, 4520.791482261658, 4513.881048849464, 3926.6464364233016, 4331.161996104908]
shares:[0, 42.9185, 82.9185, 127.5614, 169.9343, 208.2485, 249.4008, 292.1358, 335.8039, 379.0939, 422.0124, 465.6805, 509.5401, 555.2022, 601.7138, 645.3819, 686.5342, 724.27, 745.2344, 764.0668, 779.2183, 796.855, 810.3503, 825.4333, 840.4034, 859.9729, 883.9537, 904.2789, 924.9401, 948.8064, 971.7949, 997.3051, 1024.9294, 1052.8624, 1083.4434, 1117.5731, 1154.3378, 1182.2708, 1212.9456, 1237.5156, 1264.5426, 1293.8681, 1323.1079, 1355.8948, 1388.3623, 1425.2627, 1460.7237, 1493.5106, 1527.2944, 1561.8965, 1602.7128, 1640.5916]
growth_rate:-15.08
