ticker:RETA
price:[97.36000061035156, 99.08999633789062, 105.48999786376953, 93.83000183105469, 102.02999877929688, 109.7300033569336, 112.77999877929688, 117.27999877929688, 116.70999908447266, 131.88999938964844, 175.5800018310547, 162.75999450683594, 157.25999450683594, 141.14999389648438, 119.1500015258789, 121.62999725341797, 132.5500030517578, 123.62000274658203, 120.51000213623047, 111.93000030517578, 113.37000274658203, 103.58999633789062, 114.94999694824219, 123.75, 125.27999877929688, 122.26000213623047, 126.91999816894531, 132.80999755859375, 115.66000366210938, 97.6500015258789, 100.62000274658203, 88.41999816894531, 90.87000274658203, 88.41000366210938, 101.4000015258789, 85.05999755859375, 78.3499984741211, 110.9800033569336, 136.74000549316406, 139.3800048828125, 145.97000122070312, 138.0, 149.9499969482422, 139.2899932861328, 141.42999267578125, 127.75, 129.5, 125.30999755859375, 124.29000091552734, 106.27999877929688, 101.36000061035156, 108.23999786376953]
assets:[0, 100.00162430419923, 206.46502381896974, 283.64809553527834, 408.4362881134033, 539.2571284973144, 654.2480509185791, 780.3576558776856, 876.5621191238404, 1090.572026953125, 1551.8287301834107, 1538.521400074768, 1586.533180581665, 1524.0105990997315, 1386.4770777557374, 1515.3394837814333, 1751.3831903228759, 1733.3873165122986, 1789.778398726654, 1762.3490478050232, 1885.0257096679686, 1822.407010574341, 2122.2528236572266, 2384.724375, 2514.206711502075, 2553.5957606185916, 2750.927500312805, 2978.596220245361, 2693.964371298218, 2374.4769671035765, 2546.692269515991, 2337.913171585083, 2502.696180644989, 2534.944671002197, 3007.402365255737, 2622.773988720703, 2515.87329600296, 3663.6496748184204, 4614.031679356384, 4803.118596264649, 5130.217871902466, 4950.1014000000005, 5478.7530284973145, 5189.262628874207, 5368.9936679565435, 4949.67375, 5117.477400000001, 5051.897613574219, 5110.779979646301, 4470.211144656372, 4363.274354273987, 4759.442594067383]
shares:[0, 1.0092, 1.9572, 3.023, 4.0031, 4.9144, 5.8011, 6.6538, 7.5106, 8.2688, 8.8383, 9.4527, 10.0886, 10.7971, 11.6364, 12.4586, 13.213, 14.0219, 14.8517, 15.7451, 16.6272, 17.5925, 18.4624, 19.2705, 20.0687, 20.8866, 21.6745, 22.4275, 23.2921, 24.3162, 25.31, 26.441, 27.5415, 28.6726, 29.6588, 30.8344, 32.1107, 33.0118, 33.7431, 34.4606, 35.1457, 35.8703, 36.5372, 37.2551, 37.9622, 38.745, 39.5172, 40.3152, 41.1198, 42.0607, 43.0473, 43.9712]
growth_rate:-6.68
