ticker:RETO
price:[0.7300000190734863, 0.4699999988079071, 0.5630000233650208, 0.515999972820282, 0.5, 0.5699999928474426, 0.5799999833106995, 0.7749999761581421, 0.7580000162124634, 0.6349999904632568, 0.5799999833106995, 0.5699999928474426, 0.6800000071525574, 0.6819999814033508, 0.6399999856948853, 0.675000011920929, 0.6200000047683716, 0.6650000214576721, 0.7599999904632568, 0.8090000152587891, 0.9200000166893005, 0.8809999823570251, 1.090000033378601, 1.2000000476837158, 1.1799999475479126, 1.7400000095367432, 1.7400000095367432, 1.909999966621399, 1.7899999618530273, 1.5, 1.4900000095367432, 1.3300000429153442, 1.090000033378601, 1.0700000524520874, 1.159999966621399, 1.1299999952316284, 1.0499999523162842, 1.059999942779541, 1.1100000143051147, 1.1100000143051147, 1.2100000381469727, 1.1699999570846558, 1.2999999523162842, 1.1399999856948853, 1.059999942779541, 1.100000023841858, 1.0199999809265137, 0.9049999713897705, 0.8539999723434448, 0.8500000238418579, 0.8100000023841858, 0.8799999952316284]
assets:[0, 100.00001974636317, 219.78727082137465, 301.4391345220327, 392.0922, 546.9851031362415, 656.5813251070977, 977.3285224337696, 1055.8903841838837, 984.5519277135134, 999.2757652461827, 1082.0468894221008, 1390.8629706297456, 1494.953711835879, 1502.8891184078095, 1685.078399759555, 1647.775686672914, 1867.3723292548298, 2234.139671965241, 2478.1829688417433, 2918.205644937837, 2894.499012034535, 3681.162391726649, 4152.655845011711, 4183.444610042024, 6268.80852435863, 6368.80858690672, 7091.048304078912, 6745.537349244785, 5752.6851, 5814.333912214637, 5289.976085692584, 4435.393909823156, 4454.010573338449, 4928.646602179885, 4901.181749318003, 4654.19524363873, 4798.520842968321, 5124.866514046669, 5224.866526335419, 5795.575297713756, 5703.985662779046, 6437.761873864293, 5745.422087904453, 5442.234322219658, 5747.602094575918, 5429.594436469317, 4917.434180042625, 4740.319081886065, 4818.116505144524, 4691.381503808796, 5196.809523840547]
shares:[0, 212.766, 390.3859, 584.1844, 784.1844, 959.623, 1132.0368, 1261.0691, 1392.9952, 1550.4755, 1722.8893, 1898.3279, 2045.3867, 2192.0143, 2348.2643, 2496.4124, 2657.7027, 2808.0786, 2939.6575, 3063.2669, 3171.9626, 3285.47, 3377.2131, 3460.5464, 3545.2922, 3602.7635, 3660.2348, 3712.5908, 3768.4567, 3835.1234, 3902.2375, 3977.4255, 4069.1686, 4162.6265, 4248.8334, 4337.329, 4432.5671, 4526.9067, 4616.9968, 4707.0869, 4789.7315, 4875.2016, 4952.1247, 5039.844, 5134.1836, 5225.0927, 5323.1319, 5433.6291, 5550.7251, 5668.3722, 5791.829, 5905.4654]
growth_rate:1.9
