ticker:REVHU
price:[10.069999694824219, 10.020000457763672, 10.1899995803833, 10.199999809265137, 10.100000381469727, 10.399999618530273, 10.199999809265137, 10.1899995803833, 10.100000381469727, 10.069999694824219, 10.020000457763672, 10.020000457763672, 10.050000190734863, 10.109999656677246, 10.175000190734863, 10.039999961853027, 10.010000228881836, 10.050000190734863, 10.029999732971191, 10.0, 9.90999984741211, 9.920000076293945, 9.8100004196167, 9.829999923706055, 9.888999938964844, 9.875]
assets:[0, 99.99960456848144, 201.69575669431688, 301.89347435474394, 398.9338550674438, 510.7835012645721, 600.9605287623406, 700.3708991592407, 794.1852499958038, 891.8263619728089, 987.3978991092681, 1087.3975036777497, 1190.6526675969124, 1297.7610069296838, 1406.1046438580513, 1487.4490863484382, 1583.0044591959, 1689.3296570611, 1785.967830452156, 1880.626, 1963.7001637641906, 2065.6812958869937, 2142.7758286559106, 2247.1438805591583, 2360.630864630127, 2457.289075]
shares:[0, 9.98, 19.7935, 29.5974, 39.4984, 49.1138, 58.9177, 68.7312, 78.6322, 88.5627, 98.5427, 108.5227, 118.4729, 128.3641, 138.1921, 148.1523, 158.1423, 168.0925, 178.0626, 188.0626, 198.1534, 208.234, 218.4277, 228.6006, 238.7128, 248.8394]
growth_rate:-1.71
