ticker:REYN
price:[31.639999389648438, 32.54999923706055, 30.770000457763672, 31.639999389648438, 30.989999771118164, 31.850000381469727, 31.239999771118164, 30.360000610351562, 28.239999771118164, 30.1200008392334, 29.639999389648438, 30.610000610351562, 30.850000381469727, 30.479999542236328, 29.93000030517578, 30.43000030517578, 30.5, 30.040000915527344, 30.639999389648438, 28.93000030517578, 29.520000457763672, 30.0, 30.059999465942383, 29.299999237060547, 29.329999923706055, 27.610000610351562, 27.969999313354492, 29.979999542236328, 29.940000534057617, 30.219999313354492, 30.0, 30.0, 30.0, 30.209999084472656, 29.31999969482422, 30.665000915527344, 31.790000915527344, 30.469999313354492, 30.139999389648438, 30.299999237060547, 30.65999984741211, 29.81999969482422, 29.969999313354492, 30.309999465942383, 29.649999618530273, 29.389999389648438, 28.700000762939453, 28.450000762939453, 27.75, 29.670000076293945, 28.979999542236328, 28.229999542236328]
assets:[0, 100.00010765609741, 194.5310198940277, 300.0326222122192, 393.8674020910263, 504.79702604599, 595.1282436397553, 678.3638536376953, 730.9952180753709, 879.6606485099793, 965.6415401153565, 1097.243020878601, 1205.84630491066, 1291.3827166053773, 1368.0793629493712, 1490.93307995224, 1594.3631, 1670.3171749061585, 1803.6787160705567, 1803.0159810195923, 1939.7857980800627, 2071.326, 2175.46921534977, 2220.468212181473, 2322.742415958023, 2286.5304835464476, 2416.345022680283, 2689.9914349266055, 2786.402077702713, 2912.4614998243333, 2991.2580000000003, 3091.257, 3191.2560000000003, 3313.595833580017, 3315.97468548584, 3568.087511528015, 3798.987763407898, 3741.2436306905743, 3800.7262590332034, 3920.901711273575, 4067.487417757034, 4056.0507544906613, 4176.454269312859, 4323.833570814704, 4329.682704295349, 4391.715279795837, 4388.608956663513, 4450.3795643451695, 4440.879675, 4848.140319466591, 4835.3940676208495, 4810.2535949993135]
shares:[0, 3.0722, 6.3221, 9.4827, 12.7095, 15.8492, 19.0502, 22.344, 25.8851, 29.2052, 32.579, 35.8459, 39.0874, 42.3682, 45.7093, 48.9955, 52.2742, 55.6031, 58.8668, 62.3234, 65.7109, 69.0442, 72.3709, 75.7839, 79.1934, 82.8153, 86.3906, 89.7262, 93.0662, 96.3753, 99.7086, 103.0419, 106.3752, 109.6854, 113.096, 116.357, 119.5026, 122.7845, 126.1024, 129.4027, 132.6643, 136.0178, 139.3545, 142.6537, 146.0264, 149.4289, 152.9132, 156.4281, 160.0317, 163.4021, 166.8528, 170.3951]
growth_rate:-5.68
