ticker:RFDI
price:[56.67399978637695, 56.79499816894531, 57.459999084472656, 55.58000183105469, 56.75, 58.279998779296875, 57.68000030517578, 57.709999084472656, 54.59000015258789, 59.029998779296875, 59.380001068115234, 59.981998443603516, 60.79999923706055, 61.86000061035156, 62.084999084472656, 63.573001861572266, 63.70000076293945, 64.41000366210938, 66.47000122070312, 65.05999755859375, 66.16999816894531, 63.529998779296875, 65.41000366210938, 67.08999633789062, 66.94999694824219, 64.4749984741211, 63.9010009765625, 65.41000366210938, 65.36699676513672, 65.9000015258789, 66.36499786376953, 67.81999969482422, 69.29000091552734, 69.62999725341797, 68.23999786376953, 69.74700164794922, 68.93000030517578, 69.79499816894531, 70.75, 71.27999877929688, 72.11000061035156, 70.0999984741211, 71.16999816894531, 71.24099731445312, 71.91999816894531, 71.61000061035156, 72.94000244140625, 73.37999725341797, 74.18099975585938, 74.91000366210938, 73.51000213623047, 74.71499633789062]
assets:[0, 99.99895327606201, 201.16745679473877, 294.58512570495606, 400.78552499999995, 511.5934852844238, 606.3263952079774, 706.6416257896424, 768.4361371479034, 930.9384987487792, 1036.460104643631, 1146.969776038742, 1262.6092641563416, 1384.624765661621, 1489.6612595329284, 1625.364581294632, 1728.6141807037354, 1847.8843590637207, 2006.981922857666, 2064.4057705322266, 2199.629696131897, 2211.8731434997558, 2377.326583099365, 2538.383556442261, 2633.0898199768067, 2635.7508326217653, 2712.2843765502926, 2876.3329600372313, 2974.4402107017518, 3098.6971517486572, 3220.5606163330076, 3391.169534740448, 3564.672600099945, 3682.166551755524, 3708.6596359016416, 3890.5644736244203, 3944.9879914657595, 4094.495649581909, 4250.5185, 4382.358476950073, 4533.389885371399, 4507.023321894837, 4675.819060700988, 4780.484642791747, 4926.045202584838, 5004.815781657409, 5197.770219976807, 5329.126906533051, 5487.302077740479, 5641.225172781373, 5635.798684778595, 5828.180646835327]
shares:[0, 1.7607, 3.501, 5.3002, 7.0623, 8.7782, 10.5119, 12.2447, 14.0765, 15.7706, 17.4547, 19.1219, 20.7666, 22.3832, 23.9939, 25.5669, 27.1368, 28.6894, 30.1938, 31.7308, 33.2421, 34.8162, 36.345, 37.8355, 39.3292, 40.8802, 42.4451, 43.9739, 45.5037, 47.0212, 48.528, 50.0025, 51.4457, 52.8819, 54.3473, 55.7811, 57.2318, 58.6646, 60.078, 61.4809, 62.8677, 64.2942, 65.6993, 67.103, 68.4934, 69.8899, 71.2609, 72.6237, 73.9718, 75.3067, 76.6671, 78.0055]
growth_rate:14.28
