ticker:RFEM
price:[61.869998931884766, 60.720001220703125, 61.869998931884766, 58.83000183105469, 60.52000045776367, 62.88999938964844, 62.47999954223633, 63.25, 61.06999969482422, 65.02999877929688, 64.69000244140625, 65.62200164794922, 66.88099670410156, 67.75, 68.05000305175781, 68.93000030517578, 67.69000244140625, 69.06999969482422, 72.31999969482422, 72.9800033569336, 74.95999908447266, 71.79399871826172, 75.80799865722656, 77.572998046875, 77.81500244140625, 73.26000213623047, 73.53099822998047, 73.72000122070312, 74.0999984741211, 72.6449966430664, 73.66000366210938, 73.30999755859375, 74.61199951171875, 74.66000366210938, 73.75, 74.78299713134766, 72.80500030517578, 73.41000366210938, 75.5199966430664, 76.30599975585938, 75.77799987792969, 74.06999969482422, 75.04299926757812, 74.06999969482422, 73.04000091552734, 73.38999938964844, 72.16200256347656, 71.06500244140625, 71.47000122070312, 71.43499755859375, 68.20999908447266, 69.82499694824219]
assets:[0, 99.99977001037598, 201.89418051452637, 291.9732990875244, 400.35795902824407, 516.0376009918213, 612.6726275112152, 720.2214250000001, 795.4001040252685, 946.979848223877, 1042.026559326172, 1157.040570856476, 1279.2395120590209, 1395.8600250000002, 1502.0404973602297, 1621.4610761787415, 1692.290675036621, 1826.7909799285887, 2012.7451435066223, 2131.110972026825, 2288.926060044098, 2292.2531498764038, 2520.4112737564087, 2679.0920897460937, 2787.450109954834, 2724.2830694389345, 2834.362623271942, 2941.6492087097167, 3056.8101870536802, 3096.790826396942, 3240.060483084106, 3324.6670372802732, 3483.7163304016112, 3585.9573058929445, 3642.2470000000003, 3793.2628332916256, 3792.929381398773, 3924.4474087738035, 4137.2497360954285, 4280.308750305176, 4350.687773791504, 4352.627241066742, 4509.806596884156, 4551.334829248047, 4588.044177509308, 4710.0307198287965, 4731.222319871521, 4759.301385003662, 4886.425424459839, 4984.034066662598, 4859.02795778122, 5074.077790733337]
shares:[0, 1.6469, 3.2632, 4.963, 6.6153, 8.2054, 9.8059, 11.3869, 13.0244, 14.5622, 16.108, 17.6319, 19.1271, 20.6031, 22.0726, 23.5233, 25.0006, 26.4484, 27.8311, 29.2013, 30.5353, 31.9282, 33.2473, 34.5364, 35.8215, 37.1865, 38.5465, 39.903, 41.2525, 42.6291, 43.9867, 45.3508, 46.6911, 48.0305, 49.3864, 50.7236, 52.0971, 53.4593, 54.7835, 56.094, 57.4136, 58.7637, 60.0963, 61.4464, 62.8155, 64.1781, 65.5639, 66.9711, 68.3703, 69.7702, 71.2363, 72.6685]
growth_rate:-0.51
