ticker:RFIL
price:[4.380000114440918, 4.300000190734863, 4.900000095367432, 4.349999904632568, 4.489999771118164, 4.5, 4.489999771118164, 4.619999885559082, 4.28000020980835, 4.360000133514404, 4.590000152587891, 4.449999809265137, 4.690000057220459, 5.440000057220459, 5.699999809265137, 4.96999979019165, 4.949999809265137, 4.909999847412109, 4.889999866485596, 5.130000114440918, 5.809999942779541, 5.869999885559082, 6.170000076293945, 6.059999942779541, 6.050000190734863, 5.840000152587891, 5.789999961853027, 5.989999771118164, 6.570000171661377, 6.199999809265137, 6.239999771118164, 6.71999979019165, 6.75, 6.550000190734863, 6.449999809265137, 6.460000038146973, 6.519999980926514, 7.5, 7.599999904632568, 7.960000038146973, 7.800000190734863, 7.389999866485596, 7.420000076293945, 7.409999847412109, 7.739999771118164, 8.6899995803833, 9.260000228881836, 9.569999694824219, 8.619999885559082, 8.380000114440918, 7.840000152587891, 8.25]
assets:[0, 99.99994443569183, 213.95360416412353, 289.93836864352227, 399.2696376468658, 500.1588, 599.0472384630203, 716.3915042544364, 763.6701654356003, 877.9444508849144, 1024.2580750499726, 1093.0169631513595, 1251.9664372746468, 1552.174544326496, 1726.3595122321128, 1605.2642082338332, 1698.804294541168, 1785.0765985252378, 1877.805425729227, 2069.9678711771967, 2444.34947792654, 2569.592449903488, 2800.9178096342084, 2850.9827250801086, 2946.2780978856085, 2944.0106529212953, 3018.8052341108323, 3223.081705843925, 3635.1666409798627, 3530.446051390457, 3653.22284200058, 4034.24032204504, 4152.25035, 4129.220990242195, 4166.17936180067, 4272.638857230377, 4412.322619092273, 5175.5242499999995, 5344.53121293497, 5697.693203305244, 5683.166718971538, 5484.435931913234, 5606.700457649231, 5699.144255642319, 6052.952269006348, 6895.885730016231, 7448.205252099228, 7797.55057834549, 7123.498945426942, 7025.165271938706, 6672.469681864547, 7121.412375]
shares:[0, 23.2558, 43.664, 66.6525, 88.9242, 111.1464, 133.4181, 155.0631, 178.4276, 201.3634, 223.1499, 245.6218, 266.9438, 285.3262, 302.8701, 322.9908, 343.1928, 363.5594, 384.0093, 403.5025, 420.7142, 437.75, 453.9575, 470.4592, 486.9881, 504.1114, 521.3826, 538.0771, 553.2978, 569.4268, 585.4524, 600.3334, 615.1482, 630.4154, 645.9193, 661.3992, 676.7366, 690.0699, 703.2278, 715.7906, 728.6111, 742.1429, 755.62, 769.1153, 782.0352, 793.5427, 804.3418, 814.7911, 826.392, 838.3252, 851.0803, 863.2015]
growth_rate:39.64
