ticker:RGCO
price:[23.959999084472656, 23.469999313354492, 24.709999084472656, 23.15999984741211, 23.469999313354492, 24.139999389648438, 24.079999923706055, 23.719999313354492, 23.799999237060547, 24.579999923706055, 24.809999465942383, 23.520000457763672, 23.850000381469727, 24.260000228881836, 24.31999969482422, 24.479999542236328, 23.899999618530273, 23.780000686645508, 25.280000686645508, 24.329999923706055, 24.040000915527344, 22.510000228881836, 23.18000030517578, 23.18000030517578, 22.989999771118164, 22.709999084472656, 23.299999237060547, 23.729999542236328, 23.440000534057617, 22.25, 22.40999984741211, 22.3700008392334, 22.65999984741211, 22.520000457763672, 21.690000534057617, 21.579999923706055, 22.31999969482422, 22.6200008392334, 22.8799991607666, 23.18000030517578, 23.139999389648438, 22.530000686645508, 25.3799991607666, 25.420000076293945, 25.329999923706055, 25.8799991607666, 25.510000228881836, 25.360000610351562, 24.399999618530273, 24.889999389648438, 24.559999465942383, 24.079999923706055]
assets:[0, 100.00097307434082, 205.2832593940735, 292.4065780735016, 396.32144940509795, 507.6352191650391, 606.3729260787964, 697.3086798143387, 799.6609343658448, 925.8671471261978, 1034.529838730812, 1080.7393170341493, 1195.903414127922, 1316.461634420204, 1419.716462184906, 1529.0574914073945, 1592.8298145767212, 1684.8320726493837, 1891.108371365547, 1920.0433049791338, 1997.156732058716, 1970.0504590314865, 2128.6889680252075, 2228.689807341766, 2310.421408998108, 2382.28117496109, 2544.1711866931914, 2691.124328086853, 2758.236430843735, 2718.20685, 2837.753629677963, 2932.689214022827, 3070.708697322464, 3151.7371200653074, 3135.575885205078, 3219.673406617165, 3430.0795211013797, 3576.1836786813733, 3717.288295650673, 3866.029990898132, 3959.3580255661013, 3954.9839105358124, 4555.2809273717885, 4662.460153993607, 4745.952902705193, 4949.003771514321, 4978.248483666039, 5048.975777516174, 4957.848122488976, 5157.411971530151, 5189.03423116436, 5187.61939956379]
shares:[0, 4.2608, 8.3077, 12.6255, 16.8863, 21.0288, 25.1816, 29.3975, 33.5992, 37.6675, 41.6981, 45.9498, 50.1427, 54.2647, 58.3765, 62.4615, 66.6456, 70.8508, 74.8065, 78.9167, 83.0764, 87.5189, 91.833, 96.1471, 100.4968, 104.9001, 109.1919, 113.406, 117.6722, 122.1666, 126.6289, 131.0992, 135.5123, 139.9528, 144.5632, 149.1971, 153.6774, 158.0983, 162.4689, 166.783, 171.1045, 175.543, 179.4831, 183.417, 187.3649, 191.2289, 195.1489, 199.0921, 203.1905, 207.2082, 211.2799, 215.4327]
growth_rate:1.72
