ticker:RGEN
price:[145.39999389648438, 144.66000366210938, 145.99000549316406, 144.3000030517578, 148.0800018310547, 170.5, 170.77000427246094, 176.25, 166.57000732421875, 201.97999572753906, 205.60000610351562, 193.50999450683594, 186.99000549316406, 188.3300018310547, 180.89999389648438, 193.89999389648438, 195.69000244140625, 191.6300048828125, 208.36000061035156, 215.47000122070312, 219.32000732421875, 200.0, 222.05999755859375, 226.25999450683594, 214.35000610351562, 212.38999938964844, 186.19000244140625, 194.6999969482422, 203.99000549316406, 183.50999450683594, 195.44000244140625, 206.10000610351562, 213.3000030517578, 218.32000732421875, 211.7100067138672, 187.8000030517578, 171.9600067138672, 180.0, 182.61000061035156, 177.7899932861328, 191.52000427246094, 197.33999633789062, 191.6199951171875, 201.89999389648438, 205.77999877929688, 200.13999938964844, 209.9199981689453, 245.6999969482422, 250.64999389648438, 257.9599914550781, 262.69000244140625, 275.8299865722656]
assets:[0, 100.00346053161621, 200.9260445602417, 298.59999631500244, 406.42037302551273, 567.95255, 668.8548757339478, 790.3226249999999, 846.9085452392577, 1126.9473861618042, 1247.1490770233154, 1273.818240840149, 1330.9013640975952, 1440.4420190048218, 1483.6151199432372, 1690.2262467956543, 1805.8273425292969, 1868.3542216064454, 2131.460298243713, 2304.193099053955, 2445.374217663574, 2329.96, 2686.94817645874, 2837.775477104187, 2788.393489398193, 2862.889757772827, 2609.7321692199707, 2829.0104256576537, 3063.9910795089722, 2856.369766497803, 3142.069375250244, 3413.4489110870363, 3632.691021974182, 3818.1767760925295, 3802.5657725891115, 3473.1169164382936, 3280.1715200683593, 3533.5440000000003, 3684.777636315918, 3687.524471748352, 4072.2898508453372, 4296.0325182769775, 4271.516283154297, 4600.674970919799, 4789.097333590698, 4757.848149490356, 5090.350035598754, 6057.979124755859, 6280.035597076416, 6563.198674594116, 6783.5490090454105, 7222.85644538269]
shares:[0, 0.6913, 1.3763, 2.0693, 2.7446, 3.3311, 3.9167, 4.4841, 5.0844, 5.5795, 6.0659, 6.5827, 7.1175, 7.6485, 8.2013, 8.717, 9.228, 9.7498, 10.2297, 10.6938, 11.1498, 11.6498, 12.1001, 12.5421, 13.0086, 13.4794, 14.0165, 14.5301, 15.0203, 15.5652, 16.0769, 16.5621, 17.0309, 17.4889, 17.9612, 18.4937, 19.0752, 19.6308, 20.1784, 20.7409, 21.263, 21.7697, 22.2916, 22.7869, 23.2729, 23.7726, 24.249, 24.656, 25.055, 25.4427, 25.8234, 26.1859]
growth_rate:41.62
