ticker:RGLD
price:[130.55999755859375, 130.4499969482422, 123.47000122070312, 118.08000183105469, 119.4000015258789, 121.48999786376953, 122.47000122070312, 121.98999786376953, 118.80999755859375, 126.16999816894531, 118.69000244140625, 109.97000122070312, 109.97000122070312, 110.2699966430664, 109.26000213623047, 111.83999633789062, 108.6500015258789, 106.36000061035156, 105.5999984741211, 104.1500015258789, 104.94000244140625, 106.87999725341797, 105.69000244140625, 111.02999877929688, 107.81999969482422, 103.70999908447266, 104.73999786376953, 109.52999877929688, 105.80999755859375, 105.94000244140625, 111.44999694824219, 110.61000061035156, 117.62999725341797, 118.13999938964844, 111.86000061035156, 119.94999694824219, 123.16000366210938, 125.33000183105469, 123.7699966430664, 122.12000274658203, 122.86000061035156, 109.30999755859375, 112.4000015258789, 116.94000244140625, 116.68000030517578, 115.41999816894531, 116.44999694824219, 121.5199966430664, 116.05999755859375, 116.08000183105469, 108.66000366210938, 112.58000183105469]
assets:[0, 100.00296766052246, 194.6504569244385, 286.15507643737794, 389.3514649757385, 496.16515127563474, 600.1642409820557, 697.8071857803345, 779.6193229797362, 927.9172515335083, 972.901950012207, 1001.4198221160888, 1101.4155442260742, 1204.4240383338927, 1293.3871272880554, 1423.9244653747558, 1483.311550831604, 1552.0476729064942, 1640.9606162887574, 1718.4333651763916, 1831.4653926086426, 1965.320077495575, 2043.4422142028807, 2246.692025299072, 2281.7407435417176, 2294.760036742401, 2417.54578669281, 2628.106602709961, 2638.8484341125486, 2742.0874591918946, 2984.7089332717896, 3062.215744897461, 3356.5602086265562, 3471.1185780670166, 3386.6062624786377, 3731.536450062561, 3931.4027928985593, 4100.672329910279, 4149.6366774520875, 4194.321402333831, 4319.733049459838, 3943.3144379272458, 4154.7873764030455, 4422.60072833252, 4512.762363803101, 4564.029903594971, 4704.754551704406, 5009.588949612427, 4884.501057250976, 4985.345878639221, 4766.6753086486815, 5038.641819950867]
shares:[0, 0.7666, 1.5765, 2.4234, 3.2609, 4.084, 4.9005, 5.7202, 6.5619, 7.3545, 8.197, 9.1063, 10.0156, 10.9225, 11.8377, 12.7318, 13.6522, 14.5924, 15.5394, 16.4996, 17.4525, 18.3881, 19.3343, 20.235, 21.1625, 22.1267, 23.0814, 23.9944, 24.9395, 25.8834, 26.7807, 27.6848, 28.5349, 29.3814, 30.2754, 31.1091, 31.9211, 32.719, 33.527, 34.3459, 35.1598, 36.0746, 36.9643, 37.8194, 38.6764, 39.5428, 40.4015, 41.2244, 42.086, 42.9475, 43.8678, 44.7561]
growth_rate:-1.2
