ticker:RGLS
price:[0.46000000834465027, 0.5199999809265137, 0.550000011920929, 0.47999998927116394, 0.5699999928474426, 0.5400000214576721, 0.5099999904632568, 0.550000011920929, 0.4699999988079071, 0.5, 0.5199999809265137, 0.6299999952316284, 0.6399999856948853, 0.7599999904632568, 1.1100000143051147, 1.2000000476837158, 1.399999976158142, 1.350000023841858, 1.3600000143051147, 1.190000057220459, 1.2899999618530273, 1.3899999856948853, 1.5299999713897705, 1.590000033378601, 1.850000023841858, 1.2400000095367432, 1.2999999523162842, 1.9600000381469727, 1.840000033378601, 1.5199999809265137, 1.5800000429153442, 1.3799999952316284, 1.2899999618530273, 1.4299999475479126, 1.3899999856948853, 0.9200000166893005, 0.8799999952316284, 0.9900000095367432, 0.9900000095367432, 1.1100000143051147, 1.0399999618530273, 0.8799999952316284, 0.9200000166893005, 0.8100000023841858, 0.7599999904632568, 0.7099999785423279, 0.699999988079071, 0.699999988079071, 0.7200000286102295, 0.6700000166893005, 0.6399999856948853, 0.7400000095367432]
assets:[0, 100.00000033202171, 205.76924945992826, 279.58040975089074, 432.0017405790925, 509.2648402363658, 580.9723031361103, 726.5387957473039, 720.8604301716327, 866.8728, 1001.5476792634487, 1313.4135950589775, 1434.2614079417585, 1803.1854013730049, 2733.5998102292415, 3055.243081404448, 3664.4500975947853, 3633.5770391712786, 3760.4923835546138, 3390.4309480268957, 3775.3408493582724, 4168.0029441052075, 4687.801796340465, 4971.637385368741, 5884.609575837851, 4044.2788791042326, 4339.969630810857, 6643.339181297589, 6336.604074949443, 5334.585853059769, 5645.16177133168, 5030.584224617613, 4802.5025449837685, 5423.704373059702, 5371.99243671441, 3655.5634863139094, 3596.6258925113084, 4146.204189940691, 4246.204189903998, 4860.895634644747, 4654.3523892793655, 4038.29833011806, 4321.857490400845, 3905.113610494465, 3764.0571207673074, 3616.4217397042335, 3665.48623757714, 3765.486205874151, 3973.0717578756808, 3797.163923585087, 3727.141484691894, 4409.507468827486]
shares:[0, 192.3077, 374.1259, 582.4592, 757.8978, 943.083, 1139.1614, 1320.9796, 1533.7456, 1733.7456, 1926.0533, 2084.7835, 2241.0335, 2372.6124, 2462.7025, 2546.0358, 2617.4644, 2691.5385, 2765.0679, 2849.1015, 2926.6209, 2998.5633, 3063.9228, 3126.8159, 3180.87, 3261.5152, 3338.4383, 3389.4587, 3443.8065, 3509.596, 3572.8871, 3645.3509, 3722.8703, 3792.8004, 3864.7428, 3973.4385, 4087.0749, 4188.085, 4289.0951, 4379.1852, 4475.339, 4588.9754, 4697.6711, 4821.1279, 4952.7068, 5093.5519, 5236.409, 5379.2661, 5518.155, 5667.4087, 5823.6587, 5958.7938]
growth_rate:-13.54
