ticker:RGNX
price:[28.40999984741211, 27.010000228881836, 29.950000762939453, 27.850000381469727, 26.520000457763672, 29.280000686645508, 28.739999771118164, 28.860000610351562, 28.760000228881836, 30.010000228881836, 34.529998779296875, 36.45000076293945, 37.04999923706055, 37.86000061035156, 39.959999084472656, 44.93000030517578, 48.720001220703125, 45.36000061035156, 46.959999084472656, 48.34000015258789, 43.279998779296875, 41.33000183105469, 46.33000183105469, 46.959999084472656, 43.220001220703125, 40.90999984741211, 39.93000030517578, 40.77000045776367, 39.9900016784668, 34.494998931884766, 34.36000061035156, 35.16999816894531, 34.5099983215332, 34.20000076293945, 34.689998626708984, 36.27000045776367, 36.13999938964844, 35.119998931884766, 35.27000045776367, 35.52000045776367, 37.68000030517578, 37.7400016784668, 40.47999954223633, 39.7400016784668, 37.86000061035156, 36.2599983215332, 35.02000045776367, 32.31999969482422, 31.309999465942383, 31.43000030517578, 29.6299991607666, 31.989999771118164]
assets:[0, 99.99912384738923, 210.88394537200926, 296.09841905574797, 381.95695859298706, 521.7081242345811, 612.087271125412, 714.6428791137695, 812.1680264635086, 947.4667242261886, 1190.1696389251708, 1356.3482683898926, 1478.6765845508576, 1611.0036019714355, 1800.3617947517394, 2124.28142842865, 2403.469716220093, 2337.7138154556274, 2520.1740948669435, 2694.2347425045014, 2512.213497143555, 2499.0226937149046, 2901.3468696670534, 3040.8008207168577, 2898.62285586853, 2843.699090393448, 2875.5789369773865, 3036.0726250888824, 3077.9864401897435, 2755.0431251918794, 2844.2624385238646, 3011.311515222168, 3054.8008944232943, 3127.3609297657013, 3272.1688104629516, 3521.2040814411166, 3608.582553056335, 3606.736090307236, 3722.141904309082, 3848.5245615978242, 4182.555393875122, 4289.215348760605, 4700.622554843521, 4714.694189130782, 4591.6533020233155, 4497.606793806839, 4443.799922087097, 4201.189496331024, 4169.903300873565, 4285.885988614655, 4140.433859727287, 4570.216128301048]
shares:[0, 3.7023, 7.0412, 10.6319, 14.4026, 17.8179, 21.2974, 24.7624, 28.2395, 31.5717, 34.4677, 37.2112, 39.9103, 42.5516, 45.0541, 47.2798, 49.3323, 51.5369, 53.6664, 55.7351, 58.0456, 60.4651, 62.6235, 64.753, 67.0667, 69.5111, 72.0155, 74.4683, 76.9689, 79.8679, 82.7783, 85.6216, 88.5193, 91.4433, 94.326, 97.0831, 99.8501, 102.6975, 105.5328, 108.3481, 111.002, 113.6517, 116.1221, 118.6385, 121.2798, 124.0377, 126.8932, 129.9873, 133.1812, 136.3629, 139.7379, 142.8639]
growth_rate:-10.39
