ticker:RGP
price:[12.100000381469727, 11.289999961853027, 12.010000228881836, 11.420000076293945, 11.350000381469727, 11.649999618530273, 11.699999809265137, 11.390000343322754, 10.739999771118164, 10.970000267028809, 12.039999961853027, 12.149999618530273, 12.5, 13.0, 12.899999618530273, 12.630000114440918, 12.420000076293945, 12.569999694824219, 11.859999656677246, 12.630000114440918, 12.619999885559082, 11.539999961853027, 12.470000267028809, 12.800000190734863, 12.34000015258789, 12.760000228881836, 13.869999885559082, 14.470000267028809, 13.899999618530273, 13.550000190734863, 13.760000228881836, 14.289999961853027, 14.550000190734863, 14.100000381469727, 14.109999656677246, 14.989999771118164, 14.609999656677246, 14.550000190734863, 14.579999923706055, 14.699999809265137, 15.180000305175781, 14.319999694824219, 14.65999984741211, 14.25, 13.90999984741211, 13.6899995803833, 16.18000030517578, 15.489999771118164, 14.430000305175781, 15.489999771118164, 16.139999389648438, 15.899999618530273]
assets:[0, 100.000045662117, 206.3774419330597, 296.23936997909544, 394.42386325645447, 504.8492384691238, 607.015880104351, 690.9322278264045, 751.5024859846116, 867.5964781188011, 1052.2201446661948, 1161.8339935222625, 1295.3025, 1447.1145000000001, 1535.9823145790099, 1603.8344575324058, 1677.1670023025513, 1797.4219663619995, 1795.896890012455, 2012.4945302352905, 2110.9006868578913, 2030.2529652887345, 2293.8690191202163, 2454.572836575985, 2466.3612784973143, 2650.3056395397184, 2980.8571554050445, 3209.804915233612, 3183.3640126361847, 3203.20785008955, 3352.851095770836, 3581.994266437912, 3747.167764121342, 3731.276050948143, 3833.922543713474, 4173.03305828209, 4167.245266073227, 4250.132170714664, 4358.895097190857, 4494.770431679631, 4741.538369322968, 4572.912902545929, 4781.487958232116, 4747.762275, 4734.482662064362, 4759.602154111863, 5725.301197986603, 5581.144504532433, 5299.219921071625, 5788.490543468666, 6131.390474134827, 6140.21733268509]
shares:[0, 8.8574, 17.1838, 25.9404, 34.751, 43.3347, 51.8817, 60.6613, 69.9723, 79.0881, 87.3937, 95.6242, 103.6242, 111.3165, 119.0684, 126.9861, 135.0376, 142.993, 151.4247, 159.3424, 167.2663, 175.9318, 183.951, 191.7635, 199.8672, 207.7042, 214.914, 221.8248, 229.019, 236.3991, 243.6665, 250.6644, 257.5373, 264.6295, 271.7167, 278.3878, 285.2324, 292.1053, 298.964, 305.7667, 312.3543, 319.3375, 326.1588, 333.1763, 340.3654, 347.67, 353.8505, 360.3063, 367.2363, 373.6921, 379.8879, 386.1772]
growth_rate:20.4
