ticker:RIBT
price:[0.4399999976158142, 0.4300000071525574, 0.44999998807907104, 0.4099999964237213, 0.38999998569488525, 0.4300000071525574, 0.46000000834465027, 0.6499999761581421, 0.5099999904632568, 0.47999998927116394, 0.5099999904632568, 0.6000000238418579, 0.6000000238418579, 0.5600000023841858, 0.5600000023841858, 0.550000011920929, 0.6499999761581421, 0.6100000143051147, 0.6700000166893005, 0.7599999904632568, 0.8500000238418579, 0.8899999856948853, 1.0499999523162842, 1.0700000524520874, 1.2000000476837158, 0.9599999785423279, 0.9100000262260437, 1.0399999618530273, 1.059999942779541, 1.0, 1.0, 0.9200000166893005, 0.9200000166893005, 0.9200000166893005, 1.0700000524520874, 0.9100000262260437, 0.9100000262260437, 1.0399999618530273, 1.059999942779541, 1.1100000143051147, 1.1399999856948853, 1.0700000524520874, 1.0499999523162842, 1.0700000524520874, 1.059999942779541, 0.949999988079071, 0.9700000286102295, 0.9900000095367432, 0.9399999976158142, 0.8899999856948853, 0.8399999737739563, 0.8100000023841858]
assets:[0, 99.99998466338515, 204.65112957859637, 286.4599045013159, 372.486256337285, 510.68998149474265, 646.3195157245874, 1013.2775528331995, 895.0331532633305, 942.384122936073, 1101.28311640656, 1395.627295457244, 1495.6273194308878, 1495.9187663688363, 1595.9187507945835, 1667.4202411403596, 2070.5874690513015, 2043.1668049143195, 2344.134016390979, 2759.017553378892, 3185.7434793576954, 3435.660714778066, 4153.30746638558, 4332.418442377925, 4958.786957044482, 4067.029349094808, 3955.2050949883283, 4620.234046530819, 4809.0845903980735, 4636.8725, 4736.8725, 4457.922824869143, 4557.922870683199, 4657.922916497255, 5517.366995464861, 4792.340054114414, 4892.340047996396, 5691.245351246357, 5900.69224747138, 6279.027212920904, 6548.730487824261, 6246.615794213105, 6229.8560420831445, 6448.520524110604, 6488.253289753913, 5914.944265777231, 6139.469681084156, 6366.056560324692, 6144.53849841519, 5917.701307883824, 5685.2460744981945, 5582.201767430872]
shares:[0, 232.5581, 454.7803, 698.6827, 955.093, 1187.6511, 1405.0424, 1558.8886, 1754.967, 1963.3003, 2159.3787, 2326.0454, 2492.7121, 2671.2835, 2849.8549, 3031.6731, 3185.5193, 3349.4537, 3498.7074, 3630.2863, 3747.9334, 3860.293, 3955.5311, 4048.989, 4132.3223, 4236.489, 4346.3791, 4442.5329, 4536.8725, 4636.8725, 4736.8725, 4845.5682, 4954.2639, 5062.9596, 5156.4175, 5266.3076, 5376.1977, 5472.3515, 5566.6911, 5656.7812, 5744.5005, 5837.9584, 5933.1965, 6026.6544, 6120.994, 6226.2572, 6329.35, 6430.3601, 6536.7431, 6649.1027, 6768.1503, 6891.6071]
growth_rate:9.45
