ticker:RICK
price:[21.1200008392334, 20.360000610351562, 19.739999771118164, 18.15999984741211, 20.5, 24.40999984741211, 23.479999542236328, 25.309999465942383, 21.399999618530273, 23.8799991607666, 25.34000015258789, 26.899999618530273, 28.190000534057617, 28.469999313354492, 29.15999984741211, 34.47999954223633, 39.70000076293945, 39.439998626708984, 37.43000030517578, 38.029998779296875, 42.97999954223633, 38.47999954223633, 47.97999954223633, 54.81999969482422, 60.939998626708984, 64.25, 65.19999694824219, 70.86000061035156, 65.97000122070312, 62.369998931884766, 62.91999816894531, 70.16000366210938, 66.63999938964844, 65.3499984741211, 72.80999755859375, 73.44000244140625, 77.58000183105469, 74.44999694824219, 77.5, 72.86000061035156, 69.56999969482422, 63.439998626708984, 67.43000030517578, 66.9000015258789, 66.2699966430664, 59.630001068115234, 58.70000076293945, 62.7599983215332, 68.2699966430664, 67.48999786376953, 64.2300033569336, 66.81999969482422]
assets:[0, 100.00017899780273, 196.95584771633148, 281.1912536373138, 417.42305000000005, 597.0393042678833, 674.2915828540802, 826.8447795530319, 799.11022575531, 991.7172611473085, 1152.3491769390105, 1323.2916812343597, 1486.7519041664125, 1601.5200243741988, 1740.3358588932037, 2157.844571352005, 2584.5256296684265, 2667.599243114853, 2631.650919456482, 2773.8358539642336, 3234.8810695465086, 2996.191292356873, 3835.8954074028015, 4482.741015045166, 5083.188105449676, 5459.28395, 5640.001856013489, 6229.60735165863, 5899.703806167602, 5677.753060765838, 5827.820114402771, 6598.408024414062, 6367.358645681762, 6344.099431869507, 7168.304441638184, 7330.33305968628, 7843.563167124939, 7627.111832359314, 8039.571, 7658.234518153382, 7412.42605848465, 6859.297595516206, 7390.705641448974, 7432.616929525756, 7462.624559977722, 6814.898154071045, 6808.613088493347, 7379.533986640167, 8127.420214363097, 8134.562693520355, 7841.63557383728, 8257.84275028534]
shares:[0, 4.9116, 9.9775, 15.4841, 20.3621, 24.4588, 28.7177, 32.6687, 37.3416, 41.5292, 45.4755, 49.193, 52.7404, 56.2529, 59.6823, 62.5825, 65.1014, 67.6369, 70.3086, 72.9381, 75.2648, 77.8636, 79.9478, 81.772, 83.413, 84.9694, 86.5031, 87.9143, 89.4301, 91.0334, 92.6227, 94.048, 95.5486, 97.0788, 98.4522, 99.8139, 101.1029, 102.4461, 103.7364, 105.1089, 106.5463, 108.1226, 109.6056, 111.1004, 112.6094, 114.2864, 115.99, 117.5834, 119.0482, 120.5299, 122.0868, 123.5834]
growth_rate:61.92
