ticker:RIDE
price:[17.600000381469727, 24.68000030517578, 29.010000228881836, 23.889999389648438, 23.399999618530273, 23.200000762939453, 23.030000686645508, 18.209999084472656, 13.050000190734863, 17.889999389648438, 17.899999618530273, 26.459999084472656, 26.5, 23.469999313354492, 19.579999923706055, 18.719999313354492, 21.739999771118164, 20.059999465942383, 21.979999542236328, 24.229999542236328, 23.65999984741211, 25.18000030517578, 26.770000457763672, 26.90999984741211, 24.760000228881836, 19.34000015258789, 16.770000457763672, 14.779999732971191, 13.300000190734863, 11.869999885559082, 12.050000190734863, 11.720000267028809, 10.020000457763672, 9.9399995803833, 9.90999984741211, 7.989999771118164, 7.329999923706055, 9.579999923706055, 9.899999618530273, 12.520000457763672, 11.40999984741211, 10.649999618530273, 11.0, 9.229999542236328, 8.9399995803833, 8.539999961853027, 7.480000019073486, 6.239999771118164, 5.929999828338623, 5.369999885559082, 5.230000019073486, 6.480000019073486]
assets:[0, 100.00089323654174, 217.5459917163849, 279.15225386810306, 373.4265539123535, 470.23385546379086, 566.789043898964, 548.1646764404297, 492.83586720314025, 775.619134538269, 876.0528313302993, 1394.992319732666, 1497.1016, 1425.924502282715, 1289.58774497509, 1332.9463191078187, 1647.9832906497954, 1620.6313088539123, 1875.7467849349978, 2167.758716045761, 2216.7621697036743, 2459.1745138046263, 2714.4593074169156, 2828.655397960663, 2702.6580169834137, 2211.04164944458, 2017.2264610633852, 1877.853652073002, 1789.8142756676673, 1697.3755606352804, 1823.1156238574026, 1873.1877186787606, 1701.479243732071, 1787.8948025240898, 1882.4986160144806, 1617.7760026571273, 1584.142724511528, 2170.407420715141, 2342.905199722481, 3062.946747989273, 2891.3909463329314, 2798.8007297504428, 2990.7801, 2609.5359295795442, 2627.5463366708755, 2609.982832341576, 2386.0272540842057, 2090.4822913215635, 2086.6281775963785, 1989.5774395998, 2037.7079004313946, 2624.7317837257383]
shares:[0, 4.0519, 7.499, 11.6849, 15.9584, 20.2687, 24.6109, 30.1024, 37.7652, 43.3549, 48.9415, 52.7208, 56.4944, 60.7552, 65.8625, 71.2044, 75.8042, 80.7892, 85.3388, 89.4659, 93.6924, 97.6638, 101.3993, 105.1154, 109.1542, 114.3248, 120.2878, 127.0537, 134.5725, 142.9971, 151.2959, 159.8283, 169.8083, 179.8687, 189.9595, 202.4751, 216.1177, 226.5561, 236.6571, 244.6443, 253.4085, 262.7982, 271.8891, 282.7233, 293.909, 305.6186, 318.9876, 335.0132, 351.8766, 370.4986, 389.6191, 405.0512]
growth_rate:-48.53
