ticker:RIGL
price:[2.309999942779541, 2.3299999237060547, 2.5399999618530273, 2.2699999809265137, 2.3499999046325684, 2.559999942779541, 2.690000057220459, 2.4600000381469727, 2.4800000190734863, 2.619999885559082, 2.75, 2.75, 3.109999895095825, 3.0799999237060547, 3.190000057220459, 3.740000009536743, 3.690000057220459, 3.5, 3.5799999237060547, 3.759999990463257, 3.75, 3.640000104904175, 4.659999847412109, 4.510000228881836, 4.659999847412109, 4.150000095367432, 3.8399999141693115, 4.230000019073486, 3.990000009536743, 3.490000009536743, 3.430000066757202, 3.259999990463257, 3.5799999237060547, 3.6500000953674316, 3.7200000286102295, 3.380000114440918, 3.7100000381469727, 3.6500000953674316, 3.7200000286102295, 3.9800000190734863, 4.019999980926514, 4.21999979019165, 4.539999961853027, 4.409999847412109, 4.309999942779541, 4.059999942779541, 4.119999885559082, 4.0, 3.809999942779541, 3.7200000286102295, 3.6500000953674316, 3.8299999237060547]
assets:[0, 100.00010172557832, 209.01304086093904, 286.7952025902271, 396.90252889294624, 532.3704201005936, 659.4048250265598, 703.0244689017296, 808.7401582199573, 954.3946943122864, 1101.7501, 1201.75, 1459.0698237837553, 1544.9951057292938, 1700.1736924967765, 2093.3071773377897, 2165.3219225774287, 2153.82825, 2303.0587009191513, 2518.8548256112576, 2612.155875, 2635.5326119555953, 3474.060642244721, 3462.2347207078933, 3677.3862215869904, 3374.9257425561427, 3222.8228399642944, 3650.1410414588454, 3543.041006468439, 3199.050923741698, 3244.0529031381607, 3183.268718687725, 3595.736887370682, 3766.0449133994584, 3938.270286288929, 3678.3209525415423, 4137.446950542068, 4170.534273967982, 4350.516969459486, 4754.585234785557, 4902.369876739978, 5246.268713168001, 5744.09012573576, 5679.611461483002, 5650.822391978502, 5423.048295569134, 5603.191604360581, 5539.992, 5376.842226247931, 5349.830249145127, 5349.161644763231, 5712.955808197403]
shares:[0, 42.9185, 82.2886, 126.3415, 168.8947, 207.9572, 245.1319, 285.7823, 326.1049, 364.2728, 400.6364, 437.0, 469.1543, 501.6218, 532.9698, 559.7078, 586.8081, 615.3795, 643.3125, 669.9082, 696.5749, 724.0474, 745.5066, 767.6795, 789.1387, 813.2351, 839.2768, 862.9175, 887.9802, 916.6335, 945.788, 976.4628, 1004.3958, 1031.7931, 1058.6748, 1088.2606, 1115.2148, 1142.6121, 1169.4938, 1194.6194, 1219.495, 1243.1917, 1265.2181, 1287.8938, 1311.0957, 1335.7262, 1359.998, 1384.998, 1411.2447, 1438.1264, 1465.5237, 1491.6334]
growth_rate:12.02
