ticker:RILYK
price:[25.110000610351562, 25.149999618530273, 25.149999618530273, 25.15999984741211, 24.989999771118164, 25.139999389648438, 25.100000381469727, 25.110000610351562, 25.15999984741211, 25.149999618530273, 25.1299991607666, 25.09000015258789, 25.09000015258789, 25.079999923706055, 25.25, 25.100000381469727, 25.209999084472656, 25.600000381469727, 25.950000762939453, 25.764999389648438, 25.780000686645508, 25.825000762939453, 25.8700008392334, 25.799999237060547]
assets:[0, 99.99891348323823, 199.99782696647645, 300.07828618011473, 398.0507123542786, 500.4393418502807, 599.6440291133881, 699.883514012146, 801.2780631404877, 900.9584963344574, 1000.2418175962448, 1098.6509626815796, 1198.6521762897491, 1298.1734000509261, 1406.972925, 1498.6156027759553, 1605.1836667060852, 1730.0147457792282, 1853.6682394985198, 1940.4522815322878, 2041.5827043771742, 2145.1459408733367, 2248.8843469547273, 2342.7998907203673]
shares:[0, 3.9761, 7.9522, 11.9268, 15.9284, 19.9061, 23.8902, 27.8727, 31.8473, 35.8234, 39.8027, 43.7884, 47.7741, 51.7613, 55.7217, 59.7058, 63.6725, 67.5787, 71.4323, 75.3135, 79.1925, 83.0647, 86.9302, 90.8062]
growth_rate:1.86
