ticker:RILYM
price:[23.68000030517578, 23.615999221801758, 23.399999618530273, 23.524999618530273, 23.8799991607666, 23.989999771118164, 23.829999923706055, 23.809999465942383, 23.760000228881836, 23.68000030517578, 24.200000762939453, 24.459999084472656, 24.399999618530273, 24.274999618530273, 24.760000228881836, 25.062999725341797, 25.34000015258789, 25.5, 25.559999465942383, 24.989999771118164, 25.219999313354492, 25.190000534057617, 25.25, 25.209999084472656, 25.389999389648438, 25.59000015258789, 25.399999618530273, 25.639999389648438, 25.792999267578125, 25.884000778198242, 25.950000762939453, 25.844999313354492, 25.600000381469727, 25.520000457763672, 25.75, 25.940000534057617, 25.7549991607666, 25.65999984741211, 25.649999618530273, 25.65999984741211, 25.600000381469727, 25.639999389648438, 25.709999084472656, 25.670000076293945, 25.725000381469727, 25.520000457763672, 25.628999710083008, 25.93000030517578, 26.190000534057617, 26.0, 25.950000762939453, 25.959999084472656]
assets:[0, 99.99958710479736, 199.0848567544937, 300.14841263294215, 404.67762977809906, 506.5416481672287, 603.1635110689164, 702.6568942394257, 801.1824557178497, 898.4855155792236, 1018.2150321006776, 1129.1542757362365, 1226.385460826683, 1320.1036092552185, 1446.479213371277, 1564.179306558609, 1681.4661181251527, 1792.0839, 1896.3014723781587, 1954.0130641033172, 2071.9969615873333, 2169.53161899662, 2274.699275, 2371.0962118911743, 2488.0269761901855, 2607.6261335487366, 2688.264839626312, 2813.666869021606, 2930.4561359863283, 3040.7954666210176, 3148.549922568512, 3235.8094210315703, 3305.1341292503357, 3394.8057168941496, 3525.4016, 3651.415641176033, 3725.3730616077423, 3811.63131933403, 3910.144936847877, 4011.668980144501, 4102.287421128845, 4208.698211813355, 4320.187409159088, 4413.466216117287, 4522.92326206932, 4586.880666276932, 4706.471063260078, 4861.745407218933, 5010.495429172325, 5074.147, 5164.390096834946, 5266.380406271362]
shares:[0, 4.2344, 8.5079, 12.7587, 16.9463, 21.1147, 25.3111, 29.511, 33.7198, 37.9428, 42.075, 46.1633, 50.2617, 54.3812, 58.42, 62.4099, 66.3562, 70.2778, 74.1902, 78.1918, 82.1569, 86.1267, 90.0871, 94.0538, 97.9924, 101.9002, 105.8372, 109.7374, 113.6144, 117.4778, 121.3314, 125.2006, 129.1068, 133.0253, 136.9088, 140.7639, 144.6466, 148.5437, 152.4423, 156.3394, 160.2456, 164.1458, 168.0353, 171.9309, 175.8182, 179.7367, 183.6385, 187.495, 191.3133, 195.1595, 199.0131, 202.8652]
growth_rate:3.26
