ticker:RILYL
price:[24.520000457763672, 24.549999237060547, 24.59000015258789, 24.8700008392334, 25.290000915527344, 24.90999984741211, 25.0, 25.149999618530273, 25.135000228881836, 25.290000915527344, 25.200000762939453, 25.219999313354492, 25.18000030517578, 25.09000015258789, 25.190000534057617, 25.975000381469727, 26.34000015258789, 26.940000534057617, 26.774999618530273, 26.3799991607666, 26.674999237060547, 26.649999618530273, 26.690000534057617, 26.790000915527344, 26.799999237060547, 27.0, 27.049999237060547, 27.243999481201172, 27.469999313354492, 27.25, 27.040000915527344, 27.329999923706055, 27.100000381469727, 27.341999053955078, 27.489999771118164, 27.48200035095215, 27.5, 27.549999237060547, 27.469999313354492, 27.540000915527344, 27.5, 27.5, 27.530000686645508, 27.399999618530273, 27.549999237060547, 27.5, 28.399999618530273, 28.5, 28.149999618530273, 27.899999618530273, 28.045000076293945, 27.915000915527344]
assets:[0, 99.99951189231872, 200.16260124206545, 302.44159320583344, 407.5483647537231, 501.42584192848204, 603.2375, 706.8558292785644, 806.4338608434676, 911.4061109939576, 1008.1638305225373, 1108.9637218070984, 1207.2047546310425, 1302.8910909236909, 1408.0832448530198, 1551.9647127922058, 1673.7726756961822, 1811.9009219190598, 1900.8027404188156, 1972.7622872400284, 2094.822367585373, 2192.8579086112977, 2296.148752945137, 2404.750852180481, 2505.64716866951, 2624.346, 2729.2069680233003, 2848.779703351593, 2972.410504701042, 3048.6046499999998, 3125.110249810791, 3258.6269489032748, 3331.202506891251, 3460.9502402496337, 3579.684543195534, 3678.6416317771914, 3781.0519999999997, 3887.927522332001, 3976.636763599205, 4086.770895858765, 4180.835999999999, 4280.8369999999995, 4385.507085382081, 4464.797057839966, 4589.2403029106135, 4680.9125, 4934.105173724937, 5051.47965, 5089.443926031304, 5144.24377966404, 5270.979238339233, 5346.546167850494]
shares:[0, 4.0733, 8.14, 12.1609, 16.115, 20.1295, 24.1295, 28.1056, 32.0841, 36.0382, 40.0065, 43.9716, 47.943, 51.9287, 55.8985, 59.7484, 63.5449, 67.2569, 70.9917, 74.7825, 78.5313, 82.2836, 86.0303, 89.763, 93.4943, 97.198, 100.8949, 104.5654, 108.2057, 111.8754, 115.5736, 119.2326, 122.9226, 126.58, 130.2177, 133.8564, 137.4928, 141.1226, 144.7629, 148.394, 152.0304, 155.6668, 159.2992, 162.9488, 166.5786, 170.215, 173.7361, 177.2449, 180.7973, 184.3815, 187.9472, 191.5295]
growth_rate:4.83
