ticker:RILY
price:[26.399999618530273, 26.059999465942383, 26.889999389648438, 24.600000381469727, 25.799999237060547, 26.979999542236328, 26.6200008392334, 26.1200008392334, 26.239999771118164, 29.030000686645508, 30.040000915527344, 33.209999084472656, 36.58000183105469, 35.060001373291016, 36.0, 40.869998931884766, 43.09000015258789, 44.220001220703125, 45.720001220703125, 49.68000030517578, 47.86000061035156, 48.20000076293945, 53.849998474121094, 55.709999084472656, 56.45000076293945, 65.81999969482422, 56.650001525878906, 59.0, 56.58000183105469, 54.459999084472656, 56.90999984741211, 61.40999984741211, 72.13999938964844, 71.27999877929688, 71.29000091552734, 75.31999969482422, 72.61000061035156, 72.41999816894531, 73.63999938964844, 67.44000244140625, 65.4800033569336, 68.11000061035156, 76.20999908447266, 76.44999694824219, 71.95999908447266, 67.19999694824219, 67.66000366210938, 67.55999755859375, 68.29000091552734, 65.62999725341797, 62.79999923706055, 67.37000274658203]
assets:[0, 100.0000359506607, 203.1862133880615, 285.881524433136, 399.8277481765747, 518.1131192092896, 611.2005432689667, 699.7208664819717, 802.9361209962844, 988.3089553764344, 1122.693966216278, 1341.1658870269775, 1577.260176951599, 1611.7222871307372, 1754.9352, 2092.3395953178406, 2305.991521165848, 2466.4634300872804, 2650.1278667572024, 2979.667314303589, 2970.5075138824463, 3091.6107089359284, 3554.0083542945863, 3776.76468093338, 3926.9330130737308, 4678.755440306854, 4126.91295615921, 4398.1078, 4317.7104677307125, 4255.9291164535525, 4547.393537807465, 5006.9660815589905, 5981.819893389893, 6010.507697067261, 6111.349586483765, 6556.824401433562, 6420.90961497345, 6504.105213551331, 6713.677740354919, 6248.43087420044, 6166.834688152313, 6514.524039378357, 7389.26816423111, 7512.534785112, 7171.317628761291, 6796.950411329651, 6943.479321817016, 7033.218693841553, 7209.211500650024, 7028.40172486496, 6825.336277080917, 7422.01846258545]
shares:[0, 3.8373, 7.5562, 11.6212, 15.4972, 19.2036, 22.9602, 26.7887, 30.5997, 34.0444, 37.3733, 40.3844, 43.1181, 45.9704, 48.7482, 51.195, 53.5157, 55.7771, 57.9643, 59.9772, 62.0666, 64.1413, 65.9983, 67.7933, 69.5648, 71.0841, 72.8493, 74.5442, 76.3116, 78.1478, 79.905, 81.5334, 82.9196, 84.3225, 85.7252, 87.0529, 88.4301, 89.8109, 91.1689, 92.6517, 94.1789, 95.6471, 96.9593, 98.2673, 99.657, 101.1451, 102.6231, 104.1033, 105.5676, 107.0913, 108.6837, 110.168]
growth_rate:45.53
