ticker:RILYT
price:[25.139999389648438, 25.299999237060547, 25.280000686645508, 25.37299919128418, 25.489999771118164, 25.399999618530273, 25.459999084472656, 25.579999923706055, 25.360000610351562, 25.530000686645508, 25.5, 25.350000381469727, 25.350000381469727, 25.09000015258789, 25.239999771118164, 25.43000030517578, 26.0, 26.010000228881836, 25.63800048828125, 25.59000015258789, 25.700000762939453, 25.690000534057617, 25.989999771118164, 26.280000686645508, 26.06999969482422, 26.0, 26.59000015258789, 25.979999542236328, 26.09000015258789, 25.979999542236328, 25.850000381469727, 25.799999237060547, 25.850000381469727]
assets:[0, 100.00077698440552, 199.92182943019867, 300.6573539171219, 402.0435703899384, 500.6238324813842, 601.8056363594055, 704.6420258983612, 798.5813472198486, 903.9356283119201, 1002.8742000000001, 1096.9756365074159, 1196.9763180122377, 1284.7008408130646, 1392.3822553735733, 1502.8647010353088, 1636.5518, 1737.181905286789, 1812.3374355163573, 1908.9449183826448, 2017.1519398818969, 2116.3679339962005, 2241.08129426384, 2366.0883258213044, 2447.1804433532716, 2540.6108, 2698.2628094841007, 2736.3616377857206, 2847.947890656281, 2935.9399942691803, 3021.249814584732, 3115.4066678733825, 3221.4451425390243]
shares:[0, 3.9526, 7.9083, 11.8495, 15.7726, 19.7096, 23.6373, 27.5466, 31.4898, 35.4068, 39.3284, 43.2732, 47.218, 51.2037, 55.1657, 59.0981, 62.9443, 66.789, 70.6895, 74.5973, 78.4884, 82.381, 86.2286, 90.0338, 93.8696, 97.7158, 101.4766, 105.3257, 109.1586, 113.0077, 116.8762, 120.7522, 124.6207]
growth_rate:0.67
