ticker:RILYO
price:[24.209999084472656, 24.100000381469727, 24.1299991607666, 24.59000015258789, 24.844999313354492, 24.764999389648438, 24.239999771118164, 24.360000610351562, 24.5, 24.799999237060547, 25.049999237060547, 24.989999771118164, 24.899999618530273, 24.972000122070312, 24.920000076293945, 25.409000396728516, 25.5, 25.809999465942383, 25.579999923706055, 25.200000762939453, 25.399999618530273, 25.399999618530273, 25.510000228881836, 25.434999465942383, 25.450000762939453, 25.6200008392334, 25.889999389648438, 25.850000381469727, 25.989999771118164, 25.780000686645508, 25.850000381469727, 26.0, 25.739999771118164, 25.850000381469727, 25.8700008392334, 25.81999969482422, 25.792999267578125, 25.80699920654297, 25.81999969482422, 25.850000381469727, 25.719999313354492, 25.790000915527344, 25.94099998474121, 25.950000762939453, 26.04400062561035, 25.64900016784668, 25.729999542236328, 26.079999923706055, 26.190000534057617, 25.90999984741211, 25.8700008392334, 25.8799991607666]
assets:[0, 100.00054158287048, 200.1245610397339, 303.9397788860321, 407.0927672491074, 505.78301203460694, 595.0604823812484, 698.0065854888916, 802.0173, 911.838931948471, 1021.0304539028168, 1118.5848767549514, 1214.5572413928985, 1318.069613243103, 1415.3239283330918, 1543.0962167934417, 1648.62345, 1768.666347402954, 1852.9052004735945, 1925.3808582916258, 2040.6613693523404, 2140.6611678504946, 2249.93100018692, 2343.316326797485, 2444.6990782871244, 2561.029085891533, 2688.018830630493, 2783.8666760816573, 2898.9427674703597, 2975.519945252419, 3083.6000155048373, 3201.4944, 3269.4793269275665, 3383.4522649297714, 3486.0705710895536, 3579.33360569458, 3675.5900918273924, 3777.5846719551087, 3879.488520146942, 3983.996888792038, 4063.960507504654, 4175.022035210419, 4299.466525671005, 4400.959239389801, 4516.9021825017935, 4548.396192464638, 4662.759641044617, 4826.187441881561, 4946.5446858682635, 4993.660180591583, 5085.951619990348, 5187.917571766853]
shares:[0, 4.1494, 8.2936, 12.3603, 16.3853, 20.4233, 24.5487, 28.6538, 32.7354, 36.7677, 40.7597, 44.7613, 48.7774, 52.7819, 56.7947, 60.7303, 64.6519, 68.5264, 72.4357, 76.404, 80.341, 84.278, 88.198, 92.1296, 96.0589, 99.9621, 103.8246, 107.6931, 111.5407, 115.4197, 119.2882, 123.1344, 127.0194, 130.8879, 134.7534, 138.6264, 142.5034, 146.3783, 150.2513, 154.1198, 158.0078, 161.8853, 165.7402, 169.5938, 173.4335, 177.3323, 181.2188, 185.0532, 188.8715, 192.731, 196.5965, 200.4605]
growth_rate:1.72
