ticker:RILYN
price:[23.334999084472656, 23.100000381469727, 23.020000457763672, 23.479999542236328, 23.739999771118164, 23.889999389648438, 23.440000534057617, 23.600000381469727, 23.56999969482422, 23.299999237060547, 24.170000076293945, 24.479999542236328, 24.649999618530273, 24.604000091552734, 24.81999969482422, 25.170000076293945, 25.670000076293945, 25.799999237060547, 25.6299991607666, 25.700000762939453, 25.59000015258789, 25.649999618530273, 25.6200008392334, 25.520000457763672, 25.420000076293945, 25.639999389648438, 26.100000381469727, 25.600000381469727, 26.010000228881836, 26.253999710083008, 26.155000686645508, 25.899999618530273, 25.75, 25.75, 25.850000381469727, 26.09000015258789, 26.100000381469727, 25.979999542236328, 25.8799991607666, 26.0, 26.139999389648438, 26.0, 26.049999237060547, 26.040000915527344, 26.350000381469727, 26.34000015258789, 26.405000686645508, 26.3700008392334, 26.469999313354492, 26.309999465942383, 26.219999313354492, 26.299999237060547]
assets:[0, 99.99990165138244, 199.65246397018433, 303.641006080246, 407.00330407600404, 509.57607598114015, 599.977285669899, 704.0729713806153, 803.1783806007386, 893.9767007274627, 1027.3579382429123, 1140.5354186725617, 1248.4559256795883, 1346.1266718090058, 1457.944156073761, 1578.5038337846756, 1709.8607360818864, 1818.5206862239836, 1906.5387475719451, 2011.7472297214506, 2103.137193540573, 2208.0673921613693, 2305.4849495206836, 2396.4862669868467, 2487.0953494646074, 2608.6212299026492, 2755.4214102724077, 2802.6342817625045, 2947.5208519374846, 3075.1703670415877, 3163.5754925531387, 3232.731762386513, 3314.0095499999998, 3414.009675, 3527.2687420520783, 3660.0174084056853, 3761.419824975777, 3844.1254362670898, 3929.3292165802004, 4047.55, 4169.345586648559, 4247.0168, 4355.18475244751, 4453.511988578796, 4606.530781688881, 4704.782343254852, 4816.393588247299, 4910.009772262573, 5028.630178554726, 5098.233301512718, 5180.793932326126, 5296.601556350326]
shares:[0, 4.329, 8.673, 12.9319, 17.1442, 21.3301, 25.5963, 29.8336, 34.0763, 38.3681, 42.5055, 46.5905, 50.6473, 54.7117, 58.7407, 62.7137, 66.6093, 70.4853, 74.387, 78.2781, 82.1859, 86.0845, 89.9877, 93.9062, 97.8401, 101.7403, 105.5717, 109.4779, 113.3226, 117.1315, 120.9549, 124.8159, 128.6994, 132.5829, 136.4514, 140.2843, 144.1157, 147.9648, 151.8288, 155.675, 159.5006, 163.3468, 167.1856, 171.0258, 174.8209, 178.6174, 182.4046, 186.1968, 189.9747, 193.7755, 197.5894, 201.3917]
growth_rate:3.85
