ticker:RILYP
price:[23.600000381469727, 23.450000762939453, 23.43000030517578, 23.54400062561035, 23.850000381469727, 23.989999771118164, 24.305999755859375, 24.010000228881836, 23.209999084472656, 24.0, 25.1200008392334, 25.0, 24.719999313354492, 25.0, 24.834999084472656, 25.110000610351562, 25.239999771118164, 25.625, 25.989999771118164, 26.260000228881836, 26.25, 26.049999237060547, 26.360000610351562, 26.399999618530273, 26.395000457763672, 25.854999542236328, 26.75, 26.950000762939453, 26.850000381469727, 26.700000762939453, 26.809999465942383, 26.700000762939453, 27.0, 26.729999542236328, 27.042999267578125, 26.940000534057617, 26.899999618530273, 26.75, 26.799999237060547, 26.75, 26.75, 26.75, 26.799999237060547, 26.799999237060547, 27.229999542236328, 27.10099983215332, 27.09000015258789, 27.950000762939453, 27.643999099731445, 27.5, 27.100000381469727, 27.174999237060547]
assets:[0, 100.00018325347901, 199.91413460388185, 300.88761919517515, 404.7989014745712, 507.1749841611863, 613.8553156341552, 706.3790087337494, 782.843096120453, 909.4896000000001, 1051.9326911439896, 1146.9075, 1234.0619177215576, 1348.04, 1439.1434939468384, 1555.0799147994996, 1663.131732918358, 1788.4994375, 1913.9737561445238, 2033.8580257270812, 2133.082875, 2216.8314900745395, 2343.2116262557984, 2446.767804645157, 2546.3045781600954, 2594.210503569412, 2784.0116, 2904.827392234039, 2994.0489125377653, 3077.321937932968, 3190.0011914548872, 3276.9124536361696, 3413.7315, 3479.5937284103393, 3620.3382581481933, 3706.5507494785306, 3801.0479560972212, 3879.8521, 3987.1028864955906, 4079.6638999999996, 4179.663425, 4279.66295, 4387.661035092545, 4487.659872245788, 4659.6628736663815, 4737.588112958336, 4835.665260237503, 5089.17806391716, 5133.46022442112, 5206.7207499999995, 5230.985703633308, 5345.463659925842]
shares:[0, 4.2644, 8.5324, 12.7798, 16.9727, 21.1411, 25.2553, 29.4202, 33.7287, 37.8954, 41.8763, 45.8763, 49.9216, 53.9216, 57.9482, 61.9307, 65.8927, 69.7951, 73.6427, 77.4508, 81.2603, 85.0991, 88.8927, 92.6806, 96.4692, 100.3369, 104.0752, 107.7858, 111.5102, 115.2555, 118.9855, 122.7308, 126.4345, 130.1756, 133.8734, 137.5854, 141.3029, 145.0412, 148.7725, 152.5108, 156.2491, 159.9874, 163.7187, 167.45, 171.1224, 174.8123, 178.5037, 182.0815, 185.6989, 189.3353, 193.0253, 196.7052]
growth_rate:4.81
