ticker:RILYI
price:[24.600000381469727, 24.360000610351562, 24.399999618530273, 24.3799991607666, 24.799999237060547, 24.75, 24.579999923706055, 24.979999542236328, 24.739999771118164, 24.940000534057617, 25.1200008392334, 25.049999237060547, 24.950000762939453, 24.90999984741211, 25.0, 25.40999984741211, 25.290000915527344, 25.1299991607666, 25.420000076293945, 25.290000915527344, 25.43000030517578, 25.520000457763672, 25.43000030517578, 25.399999618530273, 25.420000076293945, 25.440000534057617, 25.739999771118164, 25.68000030517578, 25.709999084472656, 25.850000381469727, 25.8700008392334, 25.90999984741211, 25.700000762939453, 25.610000610351562, 25.709999084472656, 25.899999618530273, 25.780000686645508, 25.700000762939453, 25.809999465942383, 25.719999313354492, 25.719999313354492, 25.75, 25.81999969482422, 25.889999389648438, 25.959999084472656, 25.600000381469727, 25.600000381469727, 25.719999313354492, 25.75, 25.700000762939453, 25.700000762939453, 25.59000015258789]
assets:[0, 100.00023850555421, 200.1653968706131, 300.0007656730652, 405.16998753547665, 504.353025, 600.887594134903, 710.6659989768982, 803.8372285633087, 910.334959493637, 1016.9053619737626, 1114.0711610691071, 1209.6234419887544, 1307.685315989685, 1412.41, 1535.5745697788238, 1628.3219989471434, 1718.019931625557, 1837.8456695159912, 1928.446026811981, 2039.1223754707335, 2146.3392224998474, 2238.7707648666383, 2336.129404914856, 2437.9686573171616, 2539.8864053194047, 2669.8377182596205, 2763.614864842224, 2866.842296912384, 2982.4541340122223, 3084.762183070946, 3189.5313452163696, 3263.6816468868255, 3352.2517618927, 3465.340223600006, 3590.9494771104814, 3674.312643864632, 3762.9118717071533, 3879.0183727357867, 3965.4914901334764, 4065.490847463798, 4170.2330999999995, 4281.570465394592, 4393.178203431701, 4505.056705120849, 4542.5818276897435, 4642.58054917984, 4764.34180880661, 4869.899225, 4960.444527257538, 5060.445800226212, 5138.786787641525]
shares:[0, 4.1051, 8.2035, 12.3052, 16.3375, 20.3779, 24.4462, 28.4494, 32.4914, 36.501, 40.4819, 44.4739, 48.4819, 52.4964, 56.4964, 60.4319, 64.386, 68.3653, 72.2992, 76.2533, 80.1857, 84.1042, 88.0366, 91.9736, 95.9075, 99.8383, 103.7233, 107.6174, 111.5069, 115.3754, 119.2409, 123.1004, 126.9915, 130.8962, 134.7857, 138.6467, 142.5257, 146.4168, 150.2913, 154.1793, 158.0673, 161.9508, 165.8238, 169.6863, 173.5384, 177.4446, 181.3508, 185.2388, 189.1223, 193.0134, 196.9045, 200.8123]
growth_rate:0.76
