ticker:RILYH
price:[25.06999969482422, 25.100000381469727, 25.18000030517578, 25.020000457763672, 25.170000076293945, 25.100000381469727, 24.8799991607666, 24.8700008392334, 24.760000228881836, 25.06999969482422, 25.25, 25.28499984741211, 25.25, 25.25, 25.260000228881836, 25.520000457763672, 25.459999084472656, 25.440000534057617, 25.510000228881836, 25.239999771118164, 25.530000686645508, 25.600000381469727, 25.649999618530273, 25.549999237060547, 25.565000534057617, 25.55500030517578, 25.785999298095703, 25.8799991607666, 25.899999618530273, 25.93000030517578, 25.989999771118164, 26.086000442504883, 25.790000915527344, 25.690000534057617, 25.75, 25.670000076293945, 25.559999465942383, 25.650999069213867, 25.65999984741211, 25.7450008392334, 25.743000030517578, 25.740999221801758, 25.780000686645508, 25.899999618530273, 25.889999389648438, 25.520000457763672, 25.59000015258789, 25.459999084472656, 25.5, 25.510000228881836, 25.510000228881836, 25.520000457763672]
assets:[0, 100.00091151981354, 200.31949242782594, 299.0465514713287, 400.83980221500394, 499.7259475948334, 595.3460359182358, 695.1065754562378, 792.0327913215636, 901.94839302063, 1008.4244000000001, 1109.821855802536, 1208.285725, 1308.285825, 1408.8032587652208, 1523.3041393241883, 1619.7218597557066, 1718.4491400751112, 1823.1767573579787, 1903.8809467351914, 2025.7570474840165, 2131.310111758995, 2235.471851753807, 2326.7566705215454, 2428.122846723938, 2527.172312679291, 2650.016833465576, 2759.6774785095217, 2861.8100978496554, 2965.1240578971865, 3071.9841859464645, 3183.3320231998446, 3247.211278273773, 3334.621156321907, 3442.40935, 3531.7145484966277, 3616.581452434158, 3729.4577519708637, 3830.7659812202455, 3943.4544605484007, 4043.1492473930357, 4142.836211854362, 4249.113851174355, 4368.892225652504, 4467.205478686524, 4503.363912778855, 4615.716948522568, 4692.267647268677, 4799.640600000001, 4901.522055977631, 5001.5212568748475, 5103.482035543442]
shares:[0, 3.9841, 7.9555, 11.9523, 15.9253, 19.9094, 23.9287, 27.9496, 31.9884, 35.9772, 39.9376, 43.8925, 47.8529, 51.8133, 55.7721, 59.6906, 63.6183, 67.5491, 71.4691, 75.4311, 79.3481, 83.2543, 87.1529, 91.0668, 94.9784, 98.8915, 102.7696, 106.6336, 110.4946, 114.3511, 118.1987, 122.0322, 125.9097, 129.8023, 133.6858, 137.5814, 141.4938, 145.3923, 149.2894, 153.1736, 157.0582, 160.9431, 164.8221, 168.6831, 172.5456, 176.4641, 180.3719, 184.2996, 188.2212, 192.1412, 196.0612, 199.9797]
growth_rate:0.07
