ticker:RING
price:[34.099998474121094, 34.529998779296875, 34.290000915527344, 31.959999084472656, 32.290000915527344, 33.70000076293945, 33.15999984741211, 32.2400016784668, 31.200000762939453, 34.290000915527344, 31.440000534057617, 29.579999923706055, 28.200000762939453, 29.200000762939453, 29.18000030517578, 30.25, 29.969999313354492, 29.81999969482422, 30.6200008392334, 29.239999771118164, 29.6299991607666, 28.600000381469727, 29.020000457763672, 29.040000915527344, 27.110000610351562, 25.799999237060547, 26.829999923706055, 27.889999389648438, 28.530000686645508, 27.56999969482422, 28.299999237060547, 28.979999542236328, 30.1200008392334, 30.09000015258789, 28.600000381469727, 31.18000030517578, 31.889999389648438, 33.189998626708984, 33.06999969482422, 32.529998779296875, 31.860000610351562, 28.299999237060547, 28.309999465942383, 28.360000610351562, 28.440000534057617, 27.989999771118164, 27.440000534057617, 28.809999465942383, 27.229999542236328, 26.8799991607666, 25.56999969482422, 27.010000228881836]
assets:[0, 99.99887646484375, 199.30377232131957, 285.76074381408694, 388.7102600212097, 505.68536144828795, 597.5829892501831, 681.0023314540864, 759.033618560791, 934.2070719429016, 956.562016248703, 999.9726034208298, 1053.3207884971619, 1190.6738311100005, 1289.8581434898376, 1437.1563250000002, 1523.8545850868225, 1616.2290734596252, 1759.5875342267989, 1780.2861580644608, 1904.03263507061, 1937.844505847168, 2066.302386594009, 2167.725716340637, 2123.659186811829, 2121.041157278061, 2305.7192164434437, 2496.813149359131, 2654.108874877739, 2664.8003765029907, 2835.3599435615542, 3003.4900505573273, 3221.6413137645723, 3318.433540827942, 3254.1109034036635, 3647.6640497016906, 3830.7255856826782, 4086.8869898983003, 4172.111161499023, 4203.98511524353, 4217.397488793946, 3846.1510163116454, 3947.5095225317004, 4054.481815258789, 4165.919718229294, 4200.003028655434, 4217.473202083588, 4528.038806062698, 4379.71124837265, 4423.415669894409, 4307.839216586303, 4650.438686407661]
shares:[0, 2.896, 5.8123, 8.9412, 12.0381, 15.0055, 18.0212, 21.1229, 24.328, 27.2443, 30.425, 33.8057, 37.3518, 40.7765, 44.2035, 47.5093, 50.846, 54.1995, 57.4653, 60.8853, 64.2603, 67.7568, 71.2027, 74.6462, 78.3349, 82.2109, 85.9381, 89.5236, 93.0287, 96.6558, 100.1894, 103.6401, 106.9602, 110.2836, 113.7801, 116.9873, 120.1231, 123.1361, 126.16, 129.2341, 132.3728, 135.9064, 139.4387, 142.9648, 146.481, 150.0537, 153.698, 157.169, 160.8414, 164.5616, 168.4724, 172.1747]
growth_rate:-8.81
