ticker:RIOT
price:[3.109999895095825, 2.9100000858306885, 3.049999952316284, 2.680000066757202, 2.5999999046325684, 3.0950000286102295, 3.109999895095825, 3.9100000858306885, 3.2699999809265137, 3.6500000953674316, 3.9800000190734863, 5.994999885559082, 6.25, 10.0, 8.65999984741211, 10.050000190734863, 13.119999885559082, 16.989999771118164, 26.59000015258789, 25.780000686645508, 20.969999313354492, 20.520000457763672, 23.3799991607666, 49.279998779296875, 71.33000183105469, 43.7400016784668, 40.29999923706055, 62.810001373291016, 60.650001525878906, 48.220001220703125, 52.029998779296875, 49.630001068115234, 44.63999938964844, 38.47999954223633, 41.83000183105469, 33.38999938964844, 26.020000457763672, 22.84000015258789, 27.1299991607666, 29.149999618530273, 31.030000686645508, 32.18000030517578, 32.970001220703125, 36.22999954223633, 32.83000183105469, 27.280000686645508, 28.100000381469727, 32.95000076293945, 34.970001220703125, 35.810001373291016, 34.33000183105469, 38.56999969482422]
assets:[0, 100.00011594951152, 204.81115679798128, 279.9651349737644, 371.6078463695049, 542.3563535135507, 644.9847442438603, 910.8970799956322, 861.79868497324, 1061.9467227466107, 1257.958208028555, 1994.8392094197272, 2179.6906249999997, 3587.505, 3206.7788914970397, 3821.49247252655, 5088.854355611801, 6689.91095187645, 10569.96645465622, 10347.978843616485, 8517.265092109108, 8434.49174015808, 9710.05967545395, 20566.711810546876, 29869.145813746643, 18415.944760688402, 17067.593726884843, 26700.8833197937, 25882.655011175535, 20678.09632747192, 22411.932380181886, 21478.132375242996, 19418.631862493898, 16839.001719680786, 18404.974923654176, 14791.419134620668, 11626.587058543777, 10305.659308849336, 12341.355228235245, 13360.246450161934, 14321.903022921371, 14952.684927802276, 15419.766246911622, 17044.43589164467, 15544.904093998717, 13016.996055641555, 13508.268713380623, 15939.76715907669, 17016.955120013426, 17525.711895100023, 16901.38769746704, 19088.828971964263]
shares:[0, 34.3643, 67.1512, 104.4646, 142.9261, 175.2363, 207.3906, 232.966, 263.547, 290.9443, 316.0699, 332.7505, 348.7505, 358.7505, 370.2978, 380.248, 387.87, 393.7558, 397.5166, 401.3956, 406.1643, 411.0376, 415.3148, 417.344, 418.7459, 421.0321, 423.5135, 425.1056, 426.7544, 428.8282, 430.7502, 432.7651, 435.0052, 437.604, 439.9946, 442.9895, 446.8327, 451.211, 454.897, 458.3275, 461.5502, 464.6577, 467.6908, 470.4509, 473.4969, 477.1626, 480.7213, 483.7562, 486.6158, 489.4083, 492.3212, 494.9139]
growth_rate:274.29
