ticker:RIVE
price:[7.28000020980835, 7.210000038146973, 7.769999980926514, 6.570000171661377, 6.880000114440918, 7.210000038146973, 7.099999904632568, 7.139999866485596, 7.110000133514404, 6.880000114440918, 7.679999828338623, 7.369999885559082, 7.460000038146973, 8.470000267028809, 8.300000190734863, 9.25, 9.319999694824219, 9.149999618530273, 10.399999618530273, 10.15999984741211, 10.029999732971191, 9.5, 9.800000190734863, 9.579999923706055, 9.520000457763672, 9.5, 9.699999809265137, 10.050000190734863, 10.489999771118164, 10.699999809265137, 10.5, 10.399999618530273, 10.25, 10.479999542236328, 10.359999656677246, 10.350000381469727, 10.199999809265137, 10.399999618530273, 10.729999542236328, 10.920000076293945, 11.329999923706055, 12.800000190734863, 11.760000228881836, 12.899999618530273, 12.979999542236328, 12.539999961853027, 12.720000267028809, 12.300000190734863, 12.8100004196167, 12.539999961853027, 12.5, 12.4399995803833]
assets:[0, 99.99981652908325, 207.7666914899826, 275.6791782029629, 388.6869824653625, 507.33021068420413, 599.5900219462872, 702.9679728548526, 800.0143710229873, 874.1349745402337, 1075.7782799544811, 1132.3547884168624, 1246.1825623723983, 1514.9018977594374, 1584.4965964118958, 1865.8545, 1979.9742871673584, 2043.8592047901154, 2423.075111122131, 2467.1578429470064, 2535.589950494957, 2501.60555, 2680.603852171898, 2720.426830334854, 2803.388806799316, 2897.4990500000004, 3058.4991798595424, 3268.8570320383074, 3511.9711503721237, 3682.2776043608665, 3713.44995, 3778.083781420708, 3823.59235, 4009.39001687088, 4063.480909339237, 4159.558548308754, 4199.2746414756775, 4381.613439283371, 4620.645753873825, 4802.465337553024, 5082.777324773598, 5842.2375270561215, 5467.55573841362, 6097.573109686851, 6235.3879940975185, 6124.01933337059, 6311.923620505142, 6203.511246197224, 6560.730103909587, 6522.447736158561, 6601.6425, 6669.954575014114]
shares:[0, 13.8696, 26.7396, 41.9603, 56.4952, 70.3648, 84.4493, 98.4549, 112.5196, 127.0545, 140.0753, 153.6438, 167.0486, 178.855, 190.9032, 201.714, 212.4436, 223.3726, 232.988, 242.8305, 252.8006, 263.3269, 273.531, 283.9694, 294.4736, 304.9999, 315.3092, 325.2594, 334.7923, 344.1381, 353.6619, 363.2773, 373.0334, 382.5754, 392.2279, 401.8897, 411.6936, 421.309, 430.6287, 439.7862, 448.6123, 456.4248, 464.9282, 472.6801, 480.3843, 488.3588, 496.2204, 504.3505, 512.1569, 520.1314, 528.1314, 536.17]
growth_rate:30.78
