ticker:RKDA
price:[3.059999942779541, 2.950000047683716, 3.069999933242798, 2.690000057220459, 2.869999885559082, 3.2300000190734863, 3.2100000381469727, 3.2799999713897705, 2.930000066757202, 3.2300000190734863, 2.809999942779541, 3.0399999618530273, 3.328000068664551, 3.2929999828338623, 3.049999952316284, 2.5299999713897705, 2.5799999237060547, 2.5299999713897705, 2.7300000190734863, 3.0799999237060547, 3.450000047683716, 2.75, 3.200000047683716, 3.7899999618530273, 3.6700000762939453, 3.1700000762939453, 2.690000057220459, 3.0899999141693115, 2.9000000953674316, 2.549999952316284, 2.740000009536743, 2.640000104904175, 2.4600000381469727, 2.630000114440918, 2.6600000858306885, 2.5999999046325684, 2.4800000190734863, 2.759999990463257, 2.8299999237060547, 2.7699999809265137, 2.940000057220459, 2.890000104904175, 3.0, 2.7200000286102295, 2.7200000286102295, 2.609999895095825, 2.380000114440918, 2.3499999046325684, 2.4000000953674316, 2.3499999046325684, 2.119999885559082, 2.2699999809265137]
assets:[0, 99.9999866163969, 204.06780756254196, 278.80855293068885, 397.46484915113444, 547.3212422319889, 643.9321066523552, 757.9742093884706, 777.0928597053052, 956.6588216491699, 932.2635650161742, 1108.569730089283, 1313.59224470253, 1399.7772365030764, 1396.483653167367, 1258.3946617695808, 1383.264121095085, 1456.4567215298177, 1671.5915696787836, 1985.8980188077928, 2324.463752127266, 1952.8333000000002, 2372.3878753513336, 2909.7967267124177, 2917.6662086540223, 2620.1638800607684, 2323.4197614227296, 2768.9096800882103, 2698.6533787460803, 2472.9537437570093, 2757.213237596655, 2756.5851495368483, 2668.6360853822707, 2953.0540744981768, 3086.7391116003514, 3117.1131056649683, 3073.2465276360986, 3520.225979836416, 3709.50701699543, 3730.860344310284, 4059.830203015423, 4090.785611491513, 4346.49, 4040.8176265032057, 4140.817611555052, 4073.357932278824, 3814.4033354133603, 3866.3223030973436, 4048.5848808763026, 4064.239060065508, 3766.4623926804543, 4132.957639273167]
shares:[0, 33.8983, 66.4716, 103.6463, 138.4895, 169.4493, 200.6019, 231.0897, 265.2194, 296.1792, 331.7664, 364.6611, 394.7092, 425.0766, 457.8635, 497.3892, 536.1489, 575.6746, 612.3046, 644.7721, 673.7576, 710.1212, 741.3712, 767.7564, 795.0044, 826.5501, 863.7248, 896.0873, 930.5701, 969.7858, 1006.2822, 1044.161, 1084.8114, 1122.8342, 1160.4282, 1198.8897, 1239.2123, 1275.4442, 1310.7799, 1346.881, 1380.8946, 1415.4967, 1448.83, 1485.5947, 1522.3594, 1560.6736, 1602.6904, 1645.2436, 1686.9103, 1729.4635, 1776.6333, 1820.6862]
growth_rate:-18.96
