ticker:RKLB
price:[9.819999694824219, 10.0600004196167, 10.350000381469727, 10.34000015258789, 10.300000190734863, 10.109999656677246, 10.420000076293945, 10.350000381469727, 10.5, 10.380000114440918, 10.520000457763672, 10.460000038146973, 10.800000190734863, 10.25, 12.5, 12.220000267028809, 11.600000381469727, 11.680000305175781, 11.479999542236328, 11.100000381469727, 10.899999618530273, 10.75, 10.460000038146973, 9.989999771118164, 9.9399995803833, 10.0, 9.979999542236328, 10.149999618530273, 10.470000267028809, 10.399999618530273, 10.510000228881836, 11.390000343322754, 11.449999809265137, 10.800000190734863, 10.770000457763672, 10.170000076293945, 10.119999885559082, 10.619999885559082, 10.470000267028809, 10.350000381469727, 10.029999732971191, 10.029999732971191]
assets:[0, 100.00042817115784, 202.88277747764587, 302.6869604667663, 401.51563743524554, 494.10904622068404, 609.2594884609222, 705.1662259902955, 815.3859, 906.0670959895134, 1018.2876523094177, 1112.4795800571442, 1248.6409420517923, 1285.05275, 1667.1375, 1729.7935837990763, 1742.0300572872163, 1854.043536442566, 1922.2960753486632, 1958.6661073127748, 2023.3745591875074, 2095.5297499999997, 2138.9988798007967, 2142.886918904114, 2232.1620897693633, 2345.636, 2440.944216038513, 2582.523272940445, 2763.9429134921074, 2845.4638156290057, 2975.559734800339, 3324.7023742147444, 3442.21573265934, 3346.8066591067313, 3437.510588106537, 3346.0052831012727, 3429.554617217255, 3698.999060139656, 3746.7534625578883, 3803.8104051969526, 3786.204539199829, 3886.204639537525]
shares:[0, 9.9404, 19.6022, 29.2734, 38.9821, 48.8733, 58.4702, 68.132, 77.6558, 87.2897, 96.7954, 106.3556, 115.6149, 125.371, 133.371, 141.5543, 150.175, 158.7366, 167.4474, 176.4564, 185.6307, 194.933, 204.4932, 214.5032, 224.5636, 234.5636, 244.5836, 254.4358, 263.9869, 273.6023, 283.117, 291.8966, 300.6302, 309.8895, 319.1746, 329.0074, 338.8888, 348.305, 357.8561, 367.5179, 377.488, 387.4581]
growth_rate:-5.21
