ticker:RLAY
price:[35.33000183105469, 35.150001525878906, 44.20000076293945, 39.400001525878906, 41.06999969482422, 42.150001525878906, 40.56999969482422, 39.880001068115234, 36.939998626708984, 43.66999816894531, 47.61000061035156, 52.970001220703125, 52.18000030517578, 52.0, 50.060001373291016, 47.650001525878906, 46.869998931884766, 41.560001373291016, 40.66999816894531, 44.849998474121094, 61.529998779296875, 49.58000183105469, 49.38999938964844, 45.91999816894531, 43.61000061035156, 41.27000045776367, 37.38999938964844, 39.290000915527344, 37.29999923706055, 34.25, 36.20000076293945, 33.630001068115234, 32.599998474121094, 33.34000015258789, 31.709999084472656, 29.5, 29.190000534057617, 30.09000015258789, 32.119998931884766, 32.150001525878906, 34.220001220703125, 35.34000015258789, 35.90999984741211, 37.66999816894531, 34.97999954223633, 33.33000183105469, 34.2400016784668, 32.439998626708984, 32.900001525878906, 33.029998779296875, 31.530000686645508, 29.940000534057617]
assets:[0, 100.00175434112549, 225.74708389663698, 301.2327116661072, 414.002024923706, 524.8897540016175, 605.2151414474487, 694.9209826122284, 743.690828352356, 979.1817999435425, 1167.5257619674683, 1398.969514239502, 1478.1028686447144, 1573.0052, 1614.3199062854767, 1636.6012474082947, 1709.8128740352631, 1616.1063694019317, 1681.4970072952271, 1954.3207435104368, 2781.143638824463, 2341.00407245636, 2432.0327159454346, 2361.164977848816, 2342.389074783325, 2316.703856696701, 2198.8983861053466, 2410.63800617218, 2388.542751144409, 2293.232725, 2523.7952731906894, 2444.618585643005, 2469.7465444007876, 2625.8084020175934, 2597.4326160072324, 2516.40605, 2589.961610385704, 2769.8176130458833, 3056.6804263534545, 3159.5349699554445, 3462.9648855316163, 3676.30712787323, 3835.600948701858, 4123.587786561584, 3929.1249505817414, 3843.7891271667477, 4048.7363904716494, 3935.893129380798, 4091.7040997703552, 4207.873209487915, 4116.780752653313, 4009.1786455141073]
shares:[0, 2.845, 5.1074, 7.6455, 10.0804, 12.4529, 14.9178, 17.4253, 20.1324, 22.4223, 24.5227, 26.4106, 28.327, 30.2501, 32.2477, 34.3463, 36.4799, 38.8861, 41.3449, 43.5746, 45.1998, 47.2167, 49.2414, 51.4191, 53.7122, 56.1353, 58.8098, 61.355, 64.036, 66.9557, 69.7181, 72.6916, 75.7591, 78.7585, 81.9121, 85.3019, 88.7277, 92.0511, 95.1644, 98.2748, 101.1971, 104.0268, 106.8115, 109.4661, 112.3249, 115.3252, 118.2458, 121.3284, 124.3679, 127.3955, 130.5671, 133.9071]
growth_rate:-21.39
