ticker:RLMD
price:[36.70000076293945, 36.2400016784668, 40.18000030517578, 36.79999923706055, 39.220001220703125, 39.040000915527344, 34.86000061035156, 33.34000015258789, 30.93000030517578, 31.889999389648438, 32.56999969482422, 36.869998931884766, 35.9900016784668, 35.0, 32.849998474121094, 33.70000076293945, 32.119998931884766, 32.06999969482422, 35.41999816894531, 36.869998931884766, 35.72999954223633, 32.68000030517578, 33.84000015258789, 36.470001220703125, 37.349998474121094, 33.34000015258789, 34.22999954223633, 36.66999816894531, 36.56999969482422, 32.91999816894531, 36.650001525878906, 35.22999954223633, 34.689998626708984, 36.84000015258789, 38.560001373291016, 36.34000015258789, 33.83000183105469, 37.90999984741211, 34.59000015258789, 30.1299991607666, 31.139999389648438, 30.899999618530273, 34.349998474121094, 32.61000061035156, 34.22999954223633, 31.170000076293945, 25.899999618530273, 26.0, 23.540000915527344, 22.850000381469727, 22.43000030517578, 24.190000534057617]
assets:[0, 100.00066063156127, 210.87267760162354, 293.1340739227295, 412.41007883605954, 510.518283972168, 555.8566537322998, 631.6196348907471, 685.962453768158, 807.2538775497437, 924.4668713378907, 1146.5168607856751, 1219.1505098575592, 1285.613, 1306.6382543067932, 1440.4492426105498, 1472.913943019867, 1570.6218210540771, 1834.688607154846, 2009.7947027767182, 2047.654116765976, 1972.8622064231874, 2142.890937662506, 2409.434394647217, 2567.573355105591, 2391.911630947113, 2555.76237782135, 2837.9424962921144, 2930.204138547516, 2737.7455597229005, 3147.9455960609434, 3125.9789973823545, 3178.065251188278, 3475.0324823932647, 3737.2777491008756, 3622.1132012088774, 3471.9358749191283, 3990.6605809375765, 3741.1748595035556, 3358.79287744503, 3571.38425, 3643.857735015488, 4150.695805619812, 4040.441034623718, 4341.161500944901, 4053.0818649206158, 3467.815698924065, 3581.2061999999996, 3342.3694019927975, 3344.39917583313, 3382.9262910270686, 3748.3712087551116]
shares:[0, 2.7594, 5.2482, 7.9656, 10.5153, 13.0768, 15.9454, 18.9448, 22.1779, 25.3137, 28.384, 31.0962, 33.8747, 36.7318, 39.7759, 42.7433, 45.8566, 48.9748, 51.7981, 54.5103, 57.3091, 60.3691, 63.3242, 66.0662, 68.7436, 71.743, 74.6644, 77.3914, 80.1259, 83.1636, 85.8921, 88.7306, 91.6133, 94.3277, 96.9211, 99.6729, 102.6289, 105.2667, 108.1577, 111.4767, 114.688, 117.9242, 120.8354, 123.9019, 126.8233, 130.0315, 133.8925, 137.7387, 141.9868, 146.3632, 150.8215, 154.9554]
growth_rate:-26.5
