ticker:RMBI
price:[11.40999984741211, 11.149999618530273, 11.270000457763672, 10.619999885559082, 10.479999542236328, 10.789999961853027, 11.229999542236328, 11.34000015258789, 10.949999809265137, 11.100000381469727, 12.420000076293945, 12.960000038146973, 13.25, 13.170000076293945, 13.279999732971191, 13.710000038146973, 13.479999542236328, 13.65999984741211, 13.670000076293945, 13.569999694824219, 13.539999961853027, 12.65999984741211, 13.039999961853027, 13.350000381469727, 13.0, 13.079999923706055, 13.84000015258789, 14.40999984741211, 14.350000381469727, 13.819999694824219, 13.859999656677246, 13.90999984741211, 14.449999809265137, 13.859999656677246, 13.670000076293945, 13.609999656677246, 13.890000343322754, 14.670000076293945, 14.609999656677246, 14.380000114440918, 14.470000267028809, 14.020000457763672, 14.3100004196167, 14.989999771118164, 14.710000038146973, 14.920000076293945, 15.350000381469727, 15.130000114440918, 15.399999618530273, 15.789999961853027, 15.789999961853027, 15.40999984741211]
assets:[0, 99.99988657875062, 201.0759671672821, 289.47889488058087, 385.6629351543427, 497.07048124265674, 617.3400268356323, 723.3865477336884, 798.5079310910226, 909.4463412546158, 1117.5963188652038, 1266.1868197269441, 1394.5201, 1486.1001746089935, 1598.512239857769, 1750.2707028699874, 1820.907994164276, 1945.2222262710573, 2046.6464384225844, 2131.6746130607603, 2226.9617057258606, 2182.225695698166, 2347.726809132004, 2503.5389215373993, 2537.9029, 2653.521272522354, 2907.7009920578002, 3127.454142883301, 3214.431655450058, 3195.710471431732, 3304.959884133625, 3416.882964517975, 3649.529521827507, 3600.517446812439, 3651.159963377571, 3735.133749778366, 3911.9769186933513, 4231.655410007476, 4314.347508616447, 4346.4283725903515, 4473.630655556202, 4434.506516790009, 4626.232812656498, 4946.067346478653, 4953.679301846218, 5124.3978622037885, 5372.085683504105, 5395.091752807617, 5591.368721497535, 5832.968095908165, 5932.967744666576, 5890.185815676117]
shares:[0, 8.9686, 17.8417, 27.2579, 36.7999, 46.0677, 54.9724, 63.7907, 72.9231, 81.9321, 89.9836, 97.6996, 105.2468, 112.8398, 120.3699, 127.6638, 135.0822, 142.4028, 149.7181, 157.0873, 164.4728, 172.3717, 180.0404, 187.531, 195.2233, 202.8686, 210.094, 217.0336, 224.0022, 231.2381, 238.4531, 245.6422, 252.5626, 259.7776, 267.0929, 274.4404, 281.6398, 288.4564, 295.301, 302.2551, 309.1659, 316.2986, 323.2867, 329.9578, 336.7559, 343.4583, 349.973, 356.5824, 363.0759, 369.409, 375.7421, 382.2314]
growth_rate:15.49
