ticker:RMBL
price:[30.770000457763672, 31.030000686645508, 29.65999984741211, 27.670000076293945, 34.130001068115234, 34.220001220703125, 38.209999084472656, 38.61000061035156, 38.9900016784668, 43.31999969482422, 34.27000045776367, 34.779998779296875, 34.0, 31.6200008392334, 31.100000381469727, 28.540000915527344, 30.200000762939453, 30.200000762939453, 31.56999969482422, 30.3700008392334, 35.189998626708984, 36.790000915527344, 48.5, 45.66999816894531, 43.3650016784668, 36.130001068115234, 31.739999771118164, 38.939998626708984, 56.0, 43.47999954223633, 43.0, 38.150001525878906, 37.59000015258789, 38.04999923706055, 38.22999954223633, 36.790000915527344, 35.619998931884766, 38.209999084472656, 40.40999984741211, 41.13999938964844, 37.5, 36.349998474121094, 42.029998779296875, 39.5099983215332, 38.31999969482422, 35.93000030517578, 38.5, 40.5, 36.04999923706055, 35.75, 33.349998474121094, 36.20000076293945]
assets:[0, 100.00038321285248, 195.58397099380494, 282.46089477882384, 448.40678003311154, 549.5903296051026, 713.6710789001465, 821.142048980713, 929.2253160018921, 1132.419448022461, 995.845089302063, 1110.6644810180665, 1185.7567999999999, 1202.755267922592, 1282.974535736847, 1277.367674976349, 1451.6657166732787, 1551.6669791996003, 1722.0582443534852, 1756.60084854126, 2135.3889396663667, 2332.4787000442507, 3174.89245, 3089.6347471267704, 3033.6984319210055, 2627.557940678787, 2408.2947006334302, 3054.601464273834, 4492.852, 3588.3782742210387, 3648.7650000000003, 3337.2171634780884, 3388.2310487537384, 3529.692959226227, 3646.388825338364, 3609.0402258117674, 3594.264488220978, 3955.6099142219546, 4283.358958826065, 4460.736081820679, 4166.05875, 4138.298291284943, 4884.945014123535, 4692.057262671662, 4650.737418962097, 4460.673607887268, 4879.7364, 5233.22775, 4758.2177693000785, 4818.6209499999995, 4595.132874756622, 5087.819607229233]
shares:[0, 3.2227, 6.5942, 10.2082, 13.1382, 16.0605, 18.6776, 21.2676, 23.8324, 26.1408, 29.0588, 31.934, 34.8752, 38.0378, 41.2532, 44.7571, 48.0684, 51.3797, 54.5473, 57.84, 60.6817, 63.3998, 65.4617, 67.6513, 69.9573, 72.7251, 75.8757, 78.4438, 80.2295, 82.5294, 84.855, 87.4762, 90.1365, 92.7646, 95.3803, 98.0984, 100.9058, 103.5229, 105.9975, 108.4282, 111.0949, 113.8459, 116.2252, 118.7562, 121.3658, 124.149, 126.7464, 129.2155, 131.9894, 134.7866, 137.7851, 140.5475]
growth_rate:-0.24
