ticker:RMBS
price:[13.710000038146973, 13.3100004196167, 13.710000038146973, 13.289999961853027, 13.479999542236328, 14.449999809265137, 14.329999923706055, 14.260000228881836, 13.789999961853027, 15.020000457763672, 15.649999618530273, 15.819999694824219, 16.020000457763672, 17.479999542236328, 17.639999389648438, 17.739999771118164, 17.5, 17.459999084472656, 18.760000228881836, 20.1299991607666, 20.639999389648438, 19.0, 19.549999237060547, 21.770000457763672, 22.059999465942383, 20.979999542236328, 19.639999389648438, 19.850000381469727, 20.18000030517578, 19.56999969482422, 20.31999969482422, 20.280000686645508, 20.389999389648438, 19.729999542236328, 18.979999542236328, 19.360000610351562, 18.670000076293945, 19.040000915527344, 19.559999465942383, 19.59000015258789, 19.899999618530273, 22.270000457763672, 23.049999237060547, 23.5, 23.260000228881836, 22.59000015258789, 23.110000610351562, 23.65999984741211, 24.90999984741211, 24.059999465942383, 23.579999923706055, 24.40999984741211]
assets:[0, 99.99936415262222, 203.00397056484223, 296.78563414812083, 401.0286383815765, 529.8858280056953, 625.4858676698684, 722.4301495954513, 798.6188887907982, 969.8519435581208, 1110.5317979307174, 1222.5948884155273, 1338.0513142341613, 1559.9955671470643, 1674.2740820693969, 1783.765846985817, 1859.6339999999998, 1955.3837094680785, 2200.973878853035, 2461.705649369812, 2624.07457840271, 2515.5733999999998, 2688.392730085373, 3093.6738090515137, 3234.884939685631, 3176.512496691513, 3073.626516481018, 3206.491646621132, 3359.7985208091736, 3358.239345631409, 3586.941210129547, 3679.881160594368, 3799.8415452560425, 3776.8447573719027, 3733.274805960083, 3908.0194032058716, 3868.7358048093797, 4045.4061465209957, 4255.890111799049, 4362.416814979172, 4531.448813135147, 5171.12305729332, 5452.239904534531, 5658.6825, 5700.89114809761, 5636.677169073868, 5866.427434936524, 6106.0426306209565, 6528.636950008392, 6405.861775809669, 6378.064575363541, 6702.568547101974]
shares:[0, 7.5131, 14.807, 22.3315, 29.7499, 36.6703, 43.6487, 50.6613, 57.9129, 64.5707, 70.9605, 77.2816, 83.5238, 89.2446, 94.9135, 100.5505, 106.2648, 111.9922, 117.3227, 122.2904, 127.1354, 132.3986, 137.5137, 142.1072, 146.6403, 151.4067, 156.4983, 161.5361, 166.4915, 171.6014, 176.5227, 181.4537, 186.3581, 191.4265, 196.6952, 201.8605, 207.2167, 212.4688, 217.5813, 222.6859, 227.711, 232.2013, 236.5397, 240.795, 245.0942, 249.5209, 253.848, 258.0745, 262.089, 266.2453, 270.4862, 274.5829]
growth_rate:31.42
