ticker:RMCF
price:[3.180000066757202, 3.059999942779541, 3.140000104904175, 2.75, 2.619999885559082, 2.9100000858306885, 2.7699999809265137, 2.9600000381469727, 2.680000066757202, 2.6500000953674316, 3.2699999809265137, 3.559999942779541, 4.420000076293945, 4.71999979019165, 4.699999809265137, 4.380000114440918, 4.070000171661377, 4.050000190734863, 4.309999942779541, 4.420000076293945, 4.449999809265137, 4.340000152587891, 5.929999828338623, 6.079999923706055, 5.659999847412109, 5.289999961853027, 4.940000057220459, 5.800000190734863, 6.349999904632568, 5.539999961853027, 5.369999885559082, 5.369999885559082, 5.840000152587891, 6.070000171661377, 6.050000190734863, 6.0, 6.170000076293945, 6.210000038146973, 6.260000228881836, 6.679999828338623, 6.059999942779541, 5.980000019073486, 7.840000152587891, 7.699999809265137, 8.210000038146973, 7.880000114440918, 8.25, 8.390000343322754, 7.880000114440918, 7.880000114440918, 7.199999809265137, 7.619999885559082]
assets:[0, 99.99988013005256, 202.61415876913068, 277.4486, 364.3327300860405, 504.6597808849811, 580.3806450036526, 720.1902092814446, 752.0640307334662, 843.6452853608608, 1141.0262723445417, 1342.2182344263076, 1766.4618704910279, 1986.3571597045898, 2077.9404156732558, 2036.4635332088471, 1992.3302040309907, 2082.540068077278, 2316.234052249193, 2475.3489967271803, 2592.149808895874, 2628.074506399155, 3690.894158156156, 3884.25598325901, 3715.9353618221285, 3573.020971234417, 3436.6207078066823, 4134.899015977478, 4627.001090509415, 4136.785005515194, 4109.844029414463, 4209.844167283344, 4678.303818235016, 4962.5523133424285, 5046.201099088669, 5104.497, 5349.12475614357, 5483.8032546860695, 5627.956175772667, 6105.550571100712, 5638.8681247560025, 5664.427644066954, 7526.273138481903, 7491.874974420548, 8088.090568580533, 7862.991134193897, 8332.192275000001, 8573.58781383524, 8152.428266397382, 8252.428619849683, 7640.289877601433, 8185.973853059005]
shares:[0, 32.6797, 64.5268, 100.8904, 139.0583, 173.4226, 209.5237, 243.3075, 280.6209, 318.3567, 348.9377, 377.0276, 399.652, 420.8384, 442.115, 464.946, 489.516, 514.2074, 537.4093, 560.0337, 582.5056, 605.5471, 622.4105, 638.8579, 656.5257, 675.4293, 695.6722, 712.9136, 728.6616, 746.7121, 765.3341, 783.9561, 801.0794, 817.5539, 834.0828, 850.7495, 866.957, 883.0601, 899.0345, 914.0046, 930.5063, 947.2287, 959.9838, 972.9708, 985.1511, 997.8415, 1009.9627, 1021.8817, 1034.5721, 1047.2625, 1061.1514, 1074.2748]
growth_rate:60.51
