ticker:RMGCU
price:[10.890000343322754, 10.949999809265137, 10.760000228881836, 10.5, 10.319999694824219, 10.220000267028809, 10.069999694824219, 10.029999732971191, 9.989999771118164, 10.149999618530273, 10.100000381469727, 10.0600004196167, 10.029999732971191, 10.020000457763672, 9.989999771118164, 9.979999542236328, 9.949999809265137, 9.979999542236328, 10.050000190734863, 10.0, 10.0, 10.0, 10.0, 10.0, 10.0, 9.920000076293945, 9.930000305175781, 9.899999618530273, 9.880000114440918, 9.819999694824219, 9.850000381469727, 9.850000381469727]
assets:[0, 99.99977825813293, 198.2648402173996, 293.47395, 388.4427245132446, 484.67840266370774, 577.564832496643, 675.2707350222588, 772.5776312994003, 884.9510617406844, 980.5918670362473, 1076.70876691103, 1173.49793275795, 1272.3276341262817, 1368.518080645752, 1467.147756704712, 1562.7380150433542, 1667.4493415172578, 1779.1444987656594, 1870.2930000000001, 1970.2930000000001, 2070.293, 2170.293, 2270.293, 2370.293, 2451.330226852989, 2553.80145048523, 2646.0857580402376, 2740.740683746242, 2824.096396235657, 2932.724338578224, 3032.7244974510195]
shares:[0, 9.1324, 18.4261, 27.9499, 37.6398, 47.4245, 57.355, 67.3251, 77.3351, 87.1873, 97.0883, 107.0287, 116.9988, 126.9788, 136.9888, 147.0088, 157.0591, 167.0791, 177.0293, 187.0293, 197.0293, 207.0293, 217.0293, 227.0293, 237.0293, 247.1099, 257.1804, 267.2814, 277.4029, 287.5862, 297.7385, 307.8908]
growth_rate:-2.17
