ticker:RMGC
price:[9.800000190734863, 9.892999649047852, 9.84000015258789, 10.029999732971191, 9.899999618530273, 9.821000099182129, 9.75, 9.756999969482422, 9.760000228881836, 9.75, 9.800000190734863, 9.779999732971191, 9.76099967956543, 9.770000457763672, 9.75, 9.8149995803833, 9.760000228881836, 9.75, 9.6899995803833, 9.6899995803833, 9.699999809265137, 9.640000343322754, 9.680000305175781, 9.649999618530273]
assets:[0, 100.00041905250549, 199.46467509307863, 303.3162189248085, 399.38479461078646, 496.1981732110977, 592.61085, 693.0367807323456, 793.2498746025085, 892.437, 997.0137994046211, 1094.9785501031874, 1192.851750741005, 1293.9515616268159, 1391.302575, 1500.5779888463974, 1592.1693333379746, 1690.537875, 1780.1343189128877, 1880.1341455824852, 1982.0746810256958, 2069.814113715172, 2178.402756677246, 2271.6514052003863]
shares:[0, 10.1082, 20.2708, 30.2409, 40.3419, 50.5242, 60.7806, 71.0297, 81.2756, 91.532, 101.7361, 111.961, 122.2059, 132.4413, 142.6977, 152.8862, 163.1321, 173.3885, 183.7084, 194.0283, 204.3376, 214.711, 225.0416, 235.4043]
growth_rate:-1.23
