ticker:RMNI
price:[4.260000228881836, 4.090000152587891, 3.2799999713897705, 3.2899999618530273, 3.2200000286102295, 3.3499999046325684, 3.2200000286102295, 3.190000057220459, 3.1700000762939453, 3.690000057220459, 3.990000009536743, 4.269999980926514, 4.150000095367432, 4.840000152587891, 4.619999885559082, 4.849999904632568, 4.599999904632568, 4.429999828338623, 5.940000057220459, 6.5, 7.5, 7.050000190734863, 7.900000095367432, 8.510000228881836, 8.354999542236328, 7.769999980926514, 8.09000015258789, 8.229999542236328, 8.1899995803833, 8.489999771118164, 9.010000228881836, 9.029999732971191, 8.369999885559082, 8.34000015258789, 7.869999885559082, 7.829999923706055, 6.199999809265137, 6.210000038146973, 6.510000228881836, 6.539999961853027, 7.369999885559082, 6.5, 6.590000152587891, 6.429999828338623, 7.650000095367432, 7.769999980926514, 8.40999984741211, 8.6899995803833, 8.140000343322754, 7.690000057220459, 8.789999961853027, 9.489999771118164]
assets:[0, 100.00009473075866, 180.1956544282198, 280.74490874481205, 374.77161732990743, 489.901976053524, 570.8908710724592, 665.5721389386654, 761.3991483249664, 986.2975322944166, 1166.4844827880859, 1348.3430179771424, 1410.4505724123, 1744.959447012329, 1765.6429122636796, 1953.5431015867232, 1952.8448595135212, 1980.674630249357, 2755.803032546854, 3115.60925, 3694.9335, 3573.237606672478, 4104.053209543419, 4520.948684593773, 4538.604522333527, 4320.8208433934215, 4598.769485738754, 4778.352548221588, 4855.128393246268, 5132.97235762024, 5547.359832920075, 5659.673334636116, 5346.009322905349, 5426.848107289124, 5221.018523079014, 5294.482301411628, 4292.310087952709, 4399.233579023743, 4711.75718765831, 4833.470029806995, 5546.891857868195, 4992.1027, 5161.224196505355, 5135.9134948867795, 6210.379472420645, 6407.796995270395, 7035.5947813488, 7369.835700130463, 7003.390931383705, 6716.225346974707, 7776.934007249546, 8496.257292085456]
shares:[0, 24.4499, 54.9377, 85.3328, 116.3887, 146.2394, 177.2953, 208.6433, 240.189, 267.2893, 292.352, 315.7712, 339.8676, 360.5288, 382.1738, 402.7924, 424.5315, 447.1049, 463.9399, 479.3245, 492.6578, 506.8422, 519.5004, 531.2513, 543.2202, 556.0902, 568.4511, 580.6018, 592.8118, 604.5904, 615.6892, 626.7634, 638.7108, 650.7012, 663.4077, 676.1791, 692.3081, 708.4112, 723.7722, 739.0627, 752.6312, 768.0158, 783.1903, 798.7424, 811.8143, 824.6843, 836.5749, 848.0824, 860.3674, 873.3713, 884.7479, 895.2853]
growth_rate:66.59
