ticker:RMR
price:[30.219999313354492, 29.040000915527344, 30.219999313354492, 27.459999084472656, 28.709999084472656, 30.209999084472656, 29.200000762939453, 28.520000457763672, 26.65999984741211, 26.729999542236328, 30.25, 32.16999816894531, 36.41999816894531, 38.56999969482422, 38.2400016784668, 39.38999938964844, 38.15999984741211, 38.619998931884766, 38.470001220703125, 41.08000183105469, 38.2599983215332, 36.880001068115234, 38.38999938964844, 39.45000076293945, 38.630001068115234, 40.189998626708984, 42.33000183105469, 41.849998474121094, 39.25, 39.2400016784668, 41.400001525878906, 40.36000061035156, 40.630001068115234, 39.7599983215332, 39.58000183105469, 40.18000030517578, 39.38999938964844, 38.95000076293945, 39.119998931884766, 39.61000061035156, 41.599998474121094, 39.189998626708984, 39.90999984741211, 39.189998626708984, 39.040000915527344, 38.060001373291016, 38.279998779296875, 39.2400016784668, 39.09000015258789, 39.900001525878906, 40.22999954223633, 45.06999969482422]
assets:[0, 99.9992431526184, 204.06356736335755, 285.4274684837341, 398.42014129486085, 519.2373802642823, 601.8791757259369, 687.8624830406189, 743.0008657474517, 844.9513235298157, 1056.2211, 1223.2609633743286, 1484.8651773468018, 1672.522467766571, 1758.2140931732179, 1911.0885393875121, 1951.4108081970214, 2074.9328206134796, 2166.8728297576904, 2413.885555593872, 2348.180614985275, 2363.4843724510197, 2560.2520932952884, 2730.946027814865, 2774.182622705841, 2986.213353961182, 3245.2211243774414, 3308.4223343727112, 3202.882425, 3302.06576124382, 3583.8325320892336, 3593.8037863479612, 3717.844184737778, 3738.2350421905517, 3821.310646781921, 3979.238384223175, 4000.9997980041503, 4056.307609453583, 4174.009998034668, 4326.29140866394, 4643.641429672241, 4474.623906200791, 4656.830485195542, 4672.819486255646, 4754.935471508026, 4735.573804870224, 4862.945580926514, 5084.899921503448, 5165.462072163391, 5372.499295458221, 5516.932941224671, 6280.666709472656]
shares:[0, 3.4435, 6.7526, 10.3943, 13.8774, 17.1876, 20.6123, 24.1186, 27.8695, 31.6106, 34.9164, 38.0249, 40.7706, 43.3633, 45.9784, 48.5171, 51.1376, 53.7269, 56.3263, 58.7606, 61.3743, 64.0858, 66.6906, 69.2255, 71.8142, 74.3024, 76.6648, 79.0543, 81.6021, 84.1505, 86.566, 89.0437, 91.5049, 94.02, 96.5465, 99.0353, 101.574, 104.1414, 106.6976, 109.2222, 111.626, 114.1777, 116.6833, 119.235, 121.7965, 124.4239, 127.0362, 129.5846, 132.1428, 134.6491, 137.1348, 139.3536]
growth_rate:23.15
