ticker:RMRM
price:[10.020000457763672, 9.979999542236328, 9.920000076293945, 9.350000381469727, 8.859999656677246, 8.819999694824219, 8.449999809265137, 7.829999923706055, 7.039999961853027, 7.139999866485596, 7.420000076293945, 7.510000228881836, 8.390000343322754, 9.270000457763672, 9.130000114440918, 9.300000190734863, 10.039999961853027, 10.5600004196167, 10.59000015258789, 10.420000076293945, 10.869999885559082, 10.920000076293945, 11.15999984741211, 12.779999732971191, 12.529999732971191, 12.109999656677246, 12.0, 12.260000228881836, 12.4399995803833, 12.020000457763672, 12.0600004196167, 12.3100004196167, 12.420000076293945, 12.59000015258789, 12.40999984741211, 12.0600004196167, 11.760000228881836, 11.989999771118164, 12.0600004196167, 11.970000267028809, 11.9399995803833, 12.020000457763672, 12.130000114440918, 12.050000190734863, 11.859999656677246, 11.609999656677246, 11.289999961853027, 11.399999618530273, 11.270000457763672, 11.289999961853027, 11.0600004196167, 11.199999809265137]
assets:[0, 99.999595413208, 199.39795353355407, 287.9407417476654, 372.85093555212023, 471.1679116973877, 551.4022025536538, 610.944357047081, 649.3034204816818, 758.526453815937, 888.2726951334, 999.0470694478988, 1216.1129307639123, 1443.6672292900084, 1521.8641980759621, 1650.201333844185, 1881.5080408512115, 2078.956786610317, 2184.8631734809874, 2249.789510472679, 2446.9489352381706, 2558.2043938732145, 2714.4289068862913, 3208.45855096159, 3245.6946978304863, 3236.899973232746, 3307.4975999999997, 3479.160028952408, 3630.2406775474547, 3607.6769273929594, 3719.682813422966, 3896.790951831722, 4031.611512765503, 4186.794478742981, 4226.935300027466, 4207.723292403888, 4203.05348180294, 4385.256088288116, 4510.858638951206, 4577.195235108852, 4665.723190028858, 4796.985054685974, 4940.883834614945, 5008.298199274444, 5029.328920411205, 5023.314805454063, 4984.860135157013, 5133.427808223915, 5174.888936193085, 5284.072230146026, 5276.4253681877135, 5443.2155873025895]
shares:[0, 10.02, 20.1006, 30.7958, 42.0825, 53.4204, 65.2547, 78.0261, 92.2306, 106.2362, 119.7133, 133.0289, 144.9479, 155.7354, 166.6883, 177.441, 187.4012, 196.8709, 206.3138, 215.9107, 225.1103, 234.2678, 243.2284, 251.0531, 259.0339, 267.2915, 275.6248, 283.7814, 291.82, 300.1395, 308.4314, 316.5549, 324.6064, 332.5492, 340.6072, 348.8991, 357.4025, 365.7428, 374.0347, 382.3889, 390.7641, 399.0836, 407.3276, 415.6264, 424.0581, 432.6714, 441.5288, 450.3007, 459.1738, 468.0312, 477.0728, 486.0014]
growth_rate:6.73
