ticker:RMTI
price:[1.1699999570846558, 1.2300000190734863, 1.2899999618530273, 1.0700000524520874, 1.059999942779541, 1.1100000143051147, 1.100000023841858, 0.9599999785423279, 0.8500000238418579, 0.8899999856948853, 0.9399999976158142, 0.9599999785423279, 1.0499999523162842, 1.1699999570846558, 1.1200000047683716, 1.0099999904632568, 1.0099999904632568, 1.0099999904632568, 1.100000023841858, 1.2000000476837158, 1.4199999570846558, 1.2000000476837158, 1.3700000047683716, 1.75, 1.6299999952316284, 1.350000023841858, 1.2400000095367432, 1.340000033378601, 1.340000033378601, 1.1799999475479126, 1.159999966621399, 1.0399999618530273, 0.949999988079071, 1.059999942779541, 0.9599999785423279, 0.9300000071525574, 0.9200000166893005, 0.8799999952316284, 0.8700000047683716, 0.9100000262260437, 0.9900000095367432, 0.8700000047683716, 0.9100000262260437, 0.8600000143051147, 0.8399999737739563, 0.7400000095367432, 0.75, 0.7300000190734863, 0.7099999785423279, 0.6499999761581421, 0.5799999833106995, 0.6700000166893005]
assets:[0, 99.99998555068969, 204.87805194149018, 269.93758023251297, 367.41474216637613, 484.7456642471552, 580.3786025793671, 606.5122424433946, 637.0161128678203, 766.9933546719909, 910.082899691695, 1029.44637699008, 1225.9569493255376, 1466.0663402250052, 1503.4139744007468, 1455.7572242542744, 1555.7572223100424, 1655.7572203658103, 1903.3000112529157, 2176.327286479473, 2675.320389146268, 2360.834253811121, 2795.2856747291685, 3670.6204500000003, 3518.920762705815, 3014.4436732369904, 2868.8223580638887, 3200.1791017145515, 3300.179150205493, 3006.127746374845, 3055.1764760883448, 2839.123663861561, 2693.4303712019023, 3105.3011023709773, 2912.3482869039417, 2921.3375054677786, 2989.9253502388715, 2959.9285599613186, 3026.2930155867693, 3265.4329921092153, 3652.5039561848403, 3309.776166140509, 3561.9498576547803, 3466.2383136569024, 3485.6279391735316, 3170.67234286201, 3313.5191999999997, 3325.1587738799576, 3334.05836923784, 3152.3069643740655, 2912.82777618438, 3464.8184553065603]
shares:[0, 81.3008, 158.8202, 252.2781, 346.6177, 436.7078, 527.6169, 631.7836, 749.4307, 861.7903, 968.1733, 1072.34, 1167.5781, 1253.0482, 1342.3339, 1441.3438, 1540.3537, 1639.3636, 1730.2727, 1813.606, 1884.0285, 1967.3618, 2040.3545, 2097.4974, 2158.8471, 2232.9212, 2313.5664, 2388.1933, 2462.8202, 2547.566, 2633.7729, 2729.9267, 2835.1899, 2929.5295, 3033.6962, 3141.2231, 3249.9188, 3363.5552, 3478.4977, 3588.3878, 3689.3979, 3804.3404, 3914.2305, 4030.5096, 4149.5572, 4284.6923, 4418.0256, 4555.0119, 4695.857, 4849.7032, 5022.117, 5171.3707]
growth_rate:-32.06
