ticker:RNA
price:[28.700000762939453, 33.4900016784668, 34.310001373291016, 29.149999618530273, 28.6200008392334, 27.670000076293945, 28.5, 27.959999084472656, 24.729999542236328, 27.979999542236328, 29.200000762939453, 29.65999984741211, 30.729999542236328, 32.52000045776367, 32.16999816894531, 28.719999313354492, 29.510000228881836, 25.520000457763672, 28.149999618530273, 26.459999084472656, 25.8799991607666, 22.8799991607666, 22.440000534057617, 22.280000686645508, 25.8700008392334, 24.1299991607666, 22.959999084472656, 25.639999389648438, 25.270000457763672, 21.040000915527344, 22.40999984741211, 22.100000381469727, 20.75, 22.479999542236328, 23.440000534057617, 21.81999969482422, 20.420000076293945, 22.0, 23.739999771118164, 22.34000015258789, 25.649999618530273, 26.809999465942383, 29.260000228881836, 23.6200008392334, 25.209999084472656, 22.75, 21.989999771118164, 19.309999465942383, 20.079999923706055, 19.510000228881836, 20.149999618530273, 20.270000457763672]
assets:[0, 100.00114501190187, 202.44959410324097, 272.0015614404678, 367.0572347633362, 454.8726652542114, 568.518, 657.744998462677, 681.7615733802795, 871.3587417442321, 1009.3535063724516, 1125.2529382110597, 1265.84550614357, 1439.5791202640532, 1524.085833251953, 1460.6388530786514, 1600.8171784160613, 1484.37337862587, 1737.3476014566422, 1733.0452680358885, 1795.0574457901, 1686.9743701221464, 1754.5320297567368, 1842.021336769104, 2238.828677628517, 2188.2458648935317, 2182.143568987274, 2536.854871611023, 2600.247669103241, 2264.987658557892, 2512.4702408927915, 2577.715314494133, 2520.2535, 2830.375814364624, 3051.2458135196684, 2940.3671508758543, 2851.710186654663, 3172.3626, 3523.2676100315093, 3415.4933693286894, 4021.5480151910783, 4303.420469275475, 4796.682543521309, 3972.099957131195, 4339.485377407074, 4016.037025, 3981.8743925548556, 3596.5897435289385, 3840.006817409897, 3831.003154943466, 4056.674493201065, 4180.833538417053]
shares:[0, 2.986, 5.9006, 9.3311, 12.8252, 16.4392, 19.948, 23.5245, 27.5682, 31.1422, 34.5669, 37.9384, 41.1925, 44.2675, 47.376, 50.8579, 54.2466, 58.1651, 61.7175, 65.4968, 69.3608, 73.7314, 78.1877, 82.676, 86.5415, 90.6857, 95.0411, 98.9413, 102.8986, 107.6515, 112.1138, 116.6387, 121.458, 125.9064, 130.1726, 134.7556, 139.6528, 144.1983, 148.4106, 152.8869, 156.7855, 160.5155, 163.9331, 168.1668, 172.1335, 176.5291, 181.0766, 186.2553, 191.2354, 196.361, 201.3238, 206.2572]
growth_rate:-18.02
