ticker:RNDB
price:[11.460000038146973, 12.0, 12.25, 11.789999961853027, 12.390000343322754, 13.260000228881836, 13.510000228881836, 13.406999588012695, 14.800000190734863, 15.449999809265137, 16.860000610351562, 17.420000076293945, 17.059999465942383, 17.329999923706055, 18.649999618530273, 20.0, 20.100000381469727, 22.059999465942383, 20.299999237060547, 20.360000610351562, 20.200000762939453, 19.0, 20.0, 20.059999465942383, 19.989999771118164, 19.899999618530273, 20.34000015258789, 20.299999237060547, 19.809999465942383, 20.209999084472656, 19.860000610351562, 19.524999618530273, 20.15999984741211, 21.790000915527344, 20.299999237060547, 20.749000549316406, 20.65999984741211, 21.110000610351562, 22.18000030517578, 22.299999237060547, 21.520000457763672, 22.25, 20.729999542236328, 21.020000457763672, 20.950000762939453, 21.100000381469727, 21.31999969482422, 21.079999923706055, 20.4950008392334, 20.149999618530273, 20.31999969482422, 20.25]
assets:[0, 99.99959999999999, 202.08335, 294.49533504714964, 409.482077346611, 538.2353432905197, 648.3827389846803, 743.4395783546447, 920.6843318653106, 1061.1198919001579, 1257.9600515396119, 1399.7422981304169, 1470.8159119565962, 1594.093110982132, 1815.5121878652574, 2046.93, 2157.1642009399416, 2467.514622263145, 2370.65015090332, 2477.6573382751467, 2558.186676620865, 2506.2159, 2738.1220000000003, 2846.335390221977, 2936.403030378723, 3023.1820720476153, 3190.0259579311373, 3283.7522365859986, 3304.4901629142764, 3471.212854751587, 3511.0971719055174, 3551.8707806053158, 3767.385859485245, 4171.992019290162, 3986.71076016655, 4174.889801327515, 4256.9826385593415, 4449.705254653931, 4775.247601702881, 4901.082682321548, 4829.654078734207, 5093.485575000001, 4845.525451000213, 5013.312149177552, 5096.617720604324, 5233.108154610061, 5387.670522880554, 5427.0206843582155, 5376.412580154419, 5385.909518036651, 5531.34978892746, 5612.2955999999995]
shares:[0, 8.3333, 16.4966, 24.9784, 33.0494, 40.5909, 47.9928, 55.4516, 62.2084, 68.6809, 74.6121, 80.3526, 86.2143, 91.9846, 97.3465, 102.3465, 107.3216, 111.8547, 116.7808, 121.6924, 126.6429, 131.9061, 136.9061, 141.8911, 146.8936, 151.9187, 156.8351, 161.7612, 166.8092, 171.7572, 176.7924, 181.914, 186.8743, 191.4636, 196.3897, 201.2092, 206.0495, 210.7866, 215.2952, 219.7795, 224.4263, 228.9207, 233.7446, 238.502, 243.2753, 248.0146, 252.705, 257.4488, 262.328, 267.2908, 272.2121, 277.1504]
growth_rate:10.05
