ticker:RNDM
price:[48.06999969482422, 48.28200149536133, 48.5260009765625, 46.54999923706055, 47.81999969482422, 48.93299865722656, 48.19900131225586, 48.154998779296875, 45.61000061035156, 49.04999923706055, 49.959999084472656, 50.7599983215332, 50.79800033569336, 51.5, 51.68299865722656, 52.465999603271484, 51.86800003051758, 52.46200180053711, 53.900001525878906, 52.93000030517578, 53.50600051879883, 51.93000030517578, 52.869998931884766, 53.439998626708984, 53.70899963378906, 52.849998474121094, 51.939998626708984, 52.96699905395508, 53.327999114990234, 53.099998474121094, 53.992000579833984, 54.625, 55.61399841308594, 55.7599983215332, 54.888999938964844, 56.54100036621094, 55.01499938964844, 55.935001373291016, 56.448001861572266, 56.928001403808594, 56.89699935913086, 55.74100112915039, 56.01599884033203, 55.94499969482422, 56.20000076293945, 55.95000076293945, 56.310001373291016, 56.71099853515625, 57.15999984741211, 57.441001892089844, 56.95399856567383, 57.525001525878906]
assets:[0, 100.0016814971924, 200.50943603515623, 292.34330520858765, 400.32034544525146, 509.6371810150146, 601.9910666896819, 701.4401587188721, 764.3688782287599, 922.0173606586457, 1039.1230169578553, 1155.7645537826538, 1256.6307727043152, 1373.99425, 1478.8779967773437, 1601.2832942916868, 1683.0336121902465, 1802.305840856552, 1951.7082752517701, 2016.5853746269227, 2138.5278287353517, 2175.539853784943, 2314.9181902324676, 2439.877953300476, 2552.160357298279, 2611.339564605713, 2666.3761875011446, 2819.099667547989, 2938.3140904369357, 3025.7494230522157, 3176.5761605140688, 3313.8201625, 3473.817182876587, 3582.936756147766, 3626.9718046669004, 3836.1315977462773, 3832.597926480102, 3996.690092124939, 4133.342843511581, 4268.49000925827, 4366.16762652092, 4377.457874774552, 4499.0537836586, 4593.353010943603, 4714.292103998566, 4793.320490362167, 4924.163214090729, 5059.227877020264, 5199.285018120575, 5324.84406049881, 5379.698147117996, 5533.634779282379]
shares:[0, 2.0712, 4.132, 6.2802, 8.3714, 10.415, 12.4897, 14.5663, 16.7588, 18.7975, 20.7991, 22.7692, 24.7378, 26.6795, 28.6144, 30.5204, 32.4484, 34.3545, 36.2098, 38.0991, 39.968, 41.8937, 43.7851, 45.6564, 47.5183, 49.4104, 51.3357, 53.2237, 55.0989, 56.9821, 58.8342, 60.6649, 62.463, 64.2564, 66.0783, 67.8469, 69.6646, 71.4524, 73.2239, 74.9805, 76.7381, 78.5321, 80.3173, 82.1048, 83.8842, 85.6715, 87.4474, 89.2107, 90.9602, 92.7011, 94.4569, 96.1953]
growth_rate:8.5
