ticker:RNDV
price:[21.93000030517578, 21.88599967956543, 21.889999389648438, 21.180999755859375, 21.35700035095215, 22.2549991607666, 22.190000534057617, 22.190000534057617, 20.951000213623047, 22.09000015258789, 23.141000747680664, 23.565000534057617, 24.520000457763672, 24.610000610351562, 25.152000427246094, 25.16200065612793, 24.44499969482422, 24.59000015258789, 25.3799991607666, 25.701000213623047, 25.610000610351562, 25.065000534057617, 26.033000946044922, 26.500999450683594, 26.614999771118164, 26.479999542236328, 27.125, 28.235000610351562, 28.45199966430664, 28.281999588012695, 28.31999969482422, 28.655000686645508, 28.885000228881836, 29.091999053955078, 29.15999984741211, 30.1299991607666, 30.155000686645508, 30.02199935913086, 30.000999450683594, 30.472999572753906, 30.266000747680664, 28.819000244140625, 29.485000610351562, 29.652999877929688, 29.642000198364258, 29.075000762939453, 29.489999771118164, 29.65999984741211, 29.70800018310547, 30.350000381469727, 29.81999969482422, 30.035999298095703]
assets:[0, 99.99932113590239, 200.01768042297363, 293.5390032165527, 395.9780078069687, 512.6283271688462, 611.130366708374, 711.1296041151047, 771.4221131656648, 913.3596543090821, 1056.8147926454544, 1176.1786631559373, 1323.8446327148438, 1428.7040534332275, 1560.1685257019044, 1660.7876589069367, 1713.4624756088256, 1823.6263783161162, 1982.2134664546966, 2107.284119815445, 2199.822222427368, 2253.0076770046235, 2440.018509370804, 2583.8818977409364, 2694.997615823746, 2781.3267519187925, 2949.0733999999998, 3169.7543440200807, 3294.1156171340945, 3374.432842444229, 3478.9675305107116, 3620.1209152471542, 3749.1777092081065, 3876.0463111545564, 3985.1076391468046, 4217.67260752201, 4321.172396895408, 4402.113757229615, 4499.033880422973, 4669.816535726929, 4738.093991448211, 4611.567426766968, 4818.141001237487, 4945.592556240845, 5043.758257352829, 5047.280572442627, 5219.322997491074, 5349.409354479599, 5458.066684040833, 5676.017616341972, 5676.8989459030145, 5818.018118040085]
shares:[0, 4.5691, 9.1374, 13.8586, 18.5409, 23.0343, 27.5408, 32.0473, 36.8203, 41.3472, 45.6685, 49.9121, 53.9904, 58.0538, 62.0296, 66.0038, 70.0946, 74.1613, 78.1014, 81.9923, 85.897, 89.8866, 93.7279, 97.5013, 101.2586, 105.035, 108.7216, 112.2633, 115.778, 119.3138, 122.8449, 126.3347, 129.7967, 133.2341, 136.6635, 139.9825, 143.2987, 146.6296, 149.9628, 153.2444, 156.5484, 160.0183, 163.4099, 166.7822, 170.1558, 173.5952, 176.9862, 180.3577, 183.7238, 187.0187, 190.3722, 193.7015]
growth_rate:14.08
