ticker:RNEM
price:[43.132999420166016, 42.755001068115234, 43.1150016784668, 40.61199951171875, 41.43899917602539, 41.69200134277344, 41.959999084472656, 42.724998474121094, 41.10100173950195, 43.8120002746582, 45.03200149536133, 45.292999267578125, 46.08000183105469, 46.720001220703125, 46.38399887084961, 47.42499923706055, 46.38600158691406, 46.72600173950195, 47.58599853515625, 48.91299819946289, 47.941001892089844, 46.30400085449219, 47.946998596191406, 48.68000030517578, 48.65999984741211, 47.944000244140625, 48.409000396728516, 48.89500045776367, 49.05400085449219, 48.89400100708008, 49.6619987487793, 49.1349983215332, 50.17499923706055, 50.1609992980957, 49.78499984741211, 51.32400131225586, 49.64099884033203, 50.279998779296875, 51.39099884033203, 51.80400085449219, 51.88999938964844, 50.516998291015625, 50.26100158691406, 50.16600036621094, 49.73899841308594, 49.40299987792969, 49.24599838256836, 49.4379997253418, 49.07600021362305, 49.486000061035156, 48.5629997253418, 49.970001220703125]
assets:[0, 99.99967199821474, 200.84261231880186, 289.1818037231445, 395.07113034439084, 497.4814676223755, 600.6783668937683, 711.6318470848083, 784.5811323055267, 936.3325450698853, 1062.4039856788634, 1168.5593811035158, 1288.8622592147826, 1406.7625967559813, 1496.6446611663816, 1630.2343487739563, 1694.5177467712401, 1806.9365406681063, 1940.1953666748045, 2094.2980613067625, 2152.6804256599426, 2179.1727794143676, 2356.4942923057556, 2492.518243625641, 2591.495343873596, 2653.364805511475, 2779.0977810756685, 2906.9984677158354, 3016.4531475448607, 3106.612367787552, 3255.408578580856, 3320.862564058304, 3491.1513594150542, 3590.1782188625334, 3663.2649232723234, 3876.5069515148166, 3849.3913986740113, 3998.944282913208, 4187.30775091095, 4320.961350473022, 4428.136877914429, 4410.9674812774665, 4488.614033821106, 4580.130750434875, 4641.145941925049, 4709.795470962525, 4794.826783319092, 4913.519197702408, 4977.5431368667605, 5119.128762313842, 5123.648998622131, 5372.094939233399]
shares:[0, 2.3389, 4.6583, 7.1206, 9.5338, 11.9323, 14.3155, 16.6561, 19.0891, 21.3716, 23.5922, 25.8, 27.9701, 30.1105, 32.2664, 34.375, 36.5308, 38.6709, 40.7724, 42.8168, 44.9027, 47.0623, 49.1479, 51.2021, 53.2572, 55.343, 57.4087, 59.4539, 61.4925, 63.5377, 65.5513, 67.5865, 69.5795, 71.5731, 73.5817, 75.5301, 77.5446, 79.5335, 81.4794, 83.4098, 85.337, 87.3165, 89.3061, 91.2995, 93.31, 95.3342, 97.3648, 99.3875, 101.4252, 103.446, 105.5052, 107.5064]
growth_rate:5.34
