ticker:RNLC
price:[24.426000595092773, 23.902000427246094, 24.29800033569336, 23.511999130249023, 24.027999877929688, 25.017000198364258, 24.989999771118164, 24.950000762939453, 23.459999084472656, 25.22800064086914, 26.09000015258789, 26.145000457763672, 26.670000076293945, 27.427000045776367, 27.08799934387207, 27.399999618530273, 27.29800033569336, 27.350000381469727, 28.170000076293945, 28.22100067138672, 28.395999908447266, 27.35099983215332, 28.5, 29.16900062561035, 29.150999069213867, 28.84000015258789, 28.92300033569336, 29.864999771118164, 29.875999450683594, 30.315000534057617, 30.584999084472656, 31.104999542236328, 31.398000717163086, 31.517000198364258, 31.41699981689453, 32.119998931884766, 31.770000457763672, 31.642000198364258, 31.979999542236328, 32.25, 32.400001525878906, 31.204999923706055, 31.8799991607666, 32.42499923706055, 32.4640007019043, 31.909000396728516, 32.49399948120117, 32.77299880981445, 32.92599868774414, 33.154998779296875, 32.88999938964844, 33.46699905395508]
assets:[0, 100.0011893875122, 201.65882398605348, 295.13436908245086, 401.6111983596802, 518.1421013084412, 617.5828623435974, 716.5939619125367, 773.7999178024293, 932.1140764785767, 1063.9632512226106, 1166.2055889186859, 1289.6225196891785, 1426.2259439804077, 1508.5984034585954, 1625.9735173627853, 1719.9214303504943, 1823.1975204294204, 1977.86077735672, 2081.4427266181947, 2194.349166125107, 2213.5957343156815, 2406.5884499999997, 2563.080084972382, 2661.4978754188537, 2733.1033664604183, 2840.970384873581, 3033.498527251625, 3134.6167507652285, 3280.6772317955015, 3409.897079928589, 3567.87097799263, 3701.478906545639, 3815.507926314354, 3903.4020005500793, 4090.7452479667663, 4146.169325740814, 4229.465926914597, 4374.646473381043, 4511.5815, 4632.565178170777, 4561.70291384697, 4760.378858684158, 4941.757948723603, 5047.700859536361, 5061.405642929078, 5254.198481111526, 5399.312226318359, 5524.51832322197, 5662.940101501465, 5717.676429895019, 5917.982829510498]
shares:[0, 4.1838, 8.2994, 12.5525, 16.7143, 20.7116, 24.7132, 28.7212, 32.9838, 36.9476, 40.7805, 44.6053, 48.3548, 52.0008, 55.6925, 59.3421, 63.0054, 66.6617, 70.2116, 73.7551, 77.2767, 80.9329, 84.4417, 87.87, 91.3004, 94.7678, 98.2253, 101.5737, 104.9209, 108.2196, 111.4892, 114.7041, 117.889, 121.0619, 124.2449, 127.3582, 130.5058, 133.6662, 136.7932, 139.894, 142.9804, 146.185, 149.3218, 152.4058, 155.4861, 158.62, 161.6975, 164.7488, 167.7859, 170.802, 173.8424, 176.8304]
growth_rate:16.04
