ticker:RNLX
price:[14.295000076293945, 13.979999542236328, 13.010000228881836, 11.649999618530273, 12.34000015258789, 12.038000106811523, 11.989999771118164, 11.300000190734863, 13.399999618530273, 12.489999771118164, 11.25, 11.805000305175781, 14.039999961853027, 12.449999809265137, 11.9399995803833, 13.25, 13.550000190734863, 16.0, 15.25, 22.31999969482422, 25.649999618530273, 26.18000030517578, 25.65999984741211, 27.489999771118164, 24.309999465942383, 22.799999237060547, 26.540000915527344, 31.010000228881836, 29.6200008392334, 27.079999923706055, 25.389999389648438, 24.56999969482422, 25.639999389648438, 31.780000686645508, 30.860000610351562, 28.760000228881836, 30.709999084472656, 32.220001220703125, 32.959999084472656, 32.439998626708984, 33.540000915527344, 32.439998626708984, 31.190000534057617, 28.200000762939453, 28.110000610351562, 27.0, 30.770000457763672, 30.049999237060547, 28.049999237060547, 27.84000015258789, 25.56999969482422, 27.010000228881836]
assets:[0, 100.00033472557068, 193.06189839649198, 272.8802710647583, 389.0419508106232, 479.52049245471954, 577.6086469738007, 644.3689508764268, 864.1190754003526, 905.436304407692, 915.54525, 1060.7123314208984, 1361.533208300686, 1307.342109971428, 1353.7881964227677, 1602.31985, 1738.5991694731713, 2152.9584, 2152.038825, 3249.7383875671385, 3834.577472971725, 4013.8103087882996, 4034.0855560112, 4421.785706184196, 4010.2796138996127, 3861.184430796051, 4594.554532494354, 5468.393369361686, 5323.276930826187, 4966.79153000679, 4756.826541650391, 4703.19916958313, 5008.020064785767, 6307.287752276611, 6224.696659112549, 5901.112018963051, 6401.222919166565, 6815.970492233277, 7072.513755547333, 7060.932273087693, 7400.359714004517, 7257.651668759919, 7077.99672519455, 6499.47131584053, 6578.72961484375, 6418.9503, 7415.225486315918, 7341.713643601227, 6953.081495881272, 7001.027846371841, 6530.181587062836, 6997.934527300262]
shares:[0, 7.1531, 14.8395, 23.4232, 31.5269, 39.8339, 48.1742, 57.0238, 64.4865, 72.4929, 81.3818, 89.8528, 96.9753, 105.0074, 113.3826, 120.9298, 128.3099, 134.5599, 141.1173, 145.5976, 149.4962, 153.3159, 157.213, 160.8507, 164.9642, 169.3502, 173.1181, 176.3429, 179.719, 183.4118, 187.3504, 191.4204, 195.3206, 198.4672, 201.7076, 205.1847, 208.441, 211.5447, 214.5787, 217.6613, 220.6428, 223.7254, 226.9316, 230.4777, 234.0352, 237.7389, 240.9888, 244.3166, 247.8817, 251.4737, 255.3845, 259.0868]
growth_rate:37.21
