ticker:RNMC
price:[20.469999313354492, 19.96500015258789, 19.908000946044922, 18.989999771118164, 19.92799949645996, 20.940000534057617, 20.899999618530273, 21.086000442504883, 19.770000457763672, 20.983999252319336, 22.559999465942383, 22.899999618530273, 23.531999588012695, 24.17099952697754, 23.999000549316406, 24.48699951171875, 24.22800064086914, 24.3799991607666, 25.277999877929688, 25.461000442504883, 25.635000228881836, 24.510000228881836, 25.71299934387207, 26.329999923706055, 26.329999923706055, 26.2810001373291, 26.540000915527344, 28.0049991607666, 27.783000946044922, 27.83099937438965, 28.106000900268555, 28.381999969482422, 28.875, 29.06800079345703, 28.969999313354492, 29.614999771118164, 28.767000198364258, 28.98900032043457, 29.392000198364258, 29.5, 29.68000030517578, 28.264999389648438, 28.950000762939453, 29.180999755859375, 29.150999069213867, 28.31999969482422, 28.76300048828125, 29.222999572753906, 29.32200050354004, 29.6200008392334, 28.959999084472656, 29.815000534057617]
assets:[0, 100.00069276428222, 199.71507469062806, 290.50521849861144, 404.8552449701309, 525.4139294002533, 624.4104786031724, 729.9678149188995, 784.4103541625976, 932.5771899713517, 1102.6177178979874, 1219.2349096899034, 1352.8828947143554, 1489.6200272483825, 1579.0190409423826, 1711.1270388793946, 1793.0295294284822, 1904.2778504489897, 2074.4188375823974, 2189.4372578517914, 2304.3993850748066, 2303.270898508644, 2516.32039919014, 2676.6998932439806, 2776.6985999542235, 2871.530405604935, 2999.8295734825133, 3265.4193086442947, 3339.533383515167, 3445.30238725338, 3579.346994850731, 3714.497084206009, 3879.0184125, 4004.9455473213197, 4091.441694024849, 4282.536271902084, 4259.909443774414, 4392.784387756348, 4553.852489933586, 4670.5845500000005, 4799.083905345154, 4670.28520565033, 4883.468513697433, 5022.435247180176, 5117.2713202064515, 5071.395449350739, 5250.726007336426, 5434.700588743592, 5553.111878962326, 5709.548399770546, 5682.325404361724, 5950.087230080223]
shares:[0, 5.0088, 10.0319, 15.2978, 20.3159, 25.0914, 29.8761, 34.6186, 39.6768, 44.4423, 48.8749, 53.2417, 57.4912, 61.6284, 65.7952, 69.879, 74.0065, 78.1082, 82.0642, 85.9918, 89.8927, 93.9727, 97.8618, 101.6597, 105.4576, 109.2626, 113.0305, 116.6013, 120.2006, 123.7937, 127.3517, 130.8751, 134.3383, 137.7785, 141.2303, 144.607, 148.0832, 151.5328, 154.9351, 158.3249, 161.6942, 165.2321, 168.6863, 172.1132, 175.5436, 179.0747, 182.5514, 185.9734, 189.3838, 192.7599, 196.2129, 199.5669]
growth_rate:16.67
