ticker:RNRG
price:[14.529999732971191, 14.539999961853027, 14.53499984741211, 14.1850004196167, 14.92199993133545, 15.515000343322754, 15.545000076293945, 15.510000228881836, 14.869999885559082, 15.84000015258789, 16.25, 16.084999084472656, 16.75, 16.8700008392334, 16.920000076293945, 17.299999237060547, 17.979999542236328, 18.149999618530273, 19.899999618530273, 18.799999237060547, 19.239999771118164, 18.139999389648438, 18.739999771118164, 18.100000381469727, 17.290000915527344, 16.1200008392334, 15.119999885559082, 16.048999786376953, 15.489999771118164, 15.399999618530273, 16.09000015258789, 15.954999923706055, 16.219999313354492, 16.3799991607666, 15.800000190734863, 15.59000015258789, 15.25, 15.800000190734863, 15.869999885559082, 15.9399995803833, 16.079999923706055, 16.06999969482422, 16.290000915527344, 16.40999984741211, 16.329999923706055, 16.049999237060547, 16.219999313354492, 16.239999771118164, 16.06999969482422, 15.90999984741211, 15.869999885559082, 16.200000762939453]
assets:[0, 100.00030373764038, 199.9652604007721, 295.1501407310486, 410.4848195111275, 526.7978731572151, 627.8159180812836, 726.4031057195663, 796.428271870613, 948.3804091358185, 1072.9273750000002, 1162.0334143592836, 1310.0744499999998, 1419.4604276140212, 1523.6680028703688, 1657.8866068862915, 1823.0514875858307, 1940.28759421978, 2227.3671573028564, 2204.245390547562, 2355.834075974655, 2321.145343901062, 2497.920159491539, 2512.6130929550172, 2500.1704413871767, 2430.986398561096, 2380.181309984779, 2626.423629740524, 2634.9434500658035, 2719.633772632599, 2941.4869418952944, 3016.806486574173, 3166.91269393425, 3298.1521430183407, 3281.3677396121025, 3337.755113668442, 3364.962825, 3586.3219632934574, 3702.2107053028108, 3818.5400734778405, 3952.0780612487792, 4049.620639096069, 4205.06011133194, 4336.035592681503, 4414.89712937355, 4439.19706398201, 4586.216159850502, 4691.870725874138, 4742.756686933136, 4795.536469007492, 4883.479863784503, 5085.026339479446]
shares:[0, 6.8776, 13.7575, 20.8072, 27.5087, 33.9541, 40.387, 46.8345, 53.5594, 59.8725, 66.0263, 72.2433, 78.2134, 84.1411, 90.0513, 95.8316, 101.3933, 106.9029, 111.928, 117.2471, 122.4446, 127.9573, 133.2935, 138.8184, 144.6021, 150.8056, 157.4194, 163.6503, 170.1061, 176.5996, 182.8146, 189.0822, 195.2474, 201.3524, 207.6815, 214.0959, 220.6533, 226.9824, 233.2836, 239.5571, 245.776, 251.9988, 258.1375, 264.2313, 270.355, 276.5855, 282.7507, 288.9083, 295.1311, 301.4165, 307.7177, 313.8905]
growth_rate:-0.29
