ticker:RNSC
price:[19.114999771118164, 18.424999237060547, 18.857999801635742, 17.916000366210938, 18.79400062561035, 19.700000762939453, 19.770000457763672, 20.09000015258789, 18.95199966430664, 19.825000762939453, 21.709999084472656, 22.110000610351562, 22.969999313354492, 23.625, 23.672000885009766, 24.01300048828125, 24.11199951171875, 24.049999237060547, 25.43000030517578, 25.660999298095703, 25.89299964904785, 24.63800048828125, 26.07699966430664, 26.774999618530273, 26.882999420166016, 27.152000427246094, 27.941999435424805, 29.638999938964844, 28.90999984741211, 28.488000869750977, 28.594999313354492, 28.589000701904297, 29.052000045776367, 29.259000778198242, 28.889999389648438, 29.875, 29.639999389648438, 29.292999267578125, 29.84000015258789, 30.114999771118164, 30.36400032043457, 28.663999557495117, 29.61400032043457, 29.25200080871582, 29.099000930786133, 28.131000518798828, 28.399999618530273, 28.875, 28.922000885009766, 28.959999084472656, 28.312000274658203, 29.290000915527344]
assets:[0, 99.9998408592224, 202.35010947151184, 292.2422147735596, 406.5630979335785, 526.161410377121, 628.0316275417327, 738.1970106067658, 796.3819778938293, 933.0656434078217, 1121.783875693512, 1242.4515852981567, 1390.7783304252625, 1530.43695, 1633.481686669922, 1757.0120353271486, 1864.255410247803, 1959.4616628398896, 2171.897493064117, 2291.627315217209, 2412.344616003227, 2395.422206072998, 2635.3285475749967, 2805.8673425241473, 2917.184487379837, 3046.3757071357727, 3235.0101324357984, 3531.4809149276734, 3544.620389291382, 3592.8781816921232, 3706.372290499687, 3805.5933805332184, 3967.224918251038, 4095.4935231273653, 4143.842840454102, 4385.1271875, 4450.632640351867, 4498.528826821899, 4682.53161594429, 4825.684781823539, 4965.585901602364, 4787.575862091065, 5046.249345802307, 5084.565229370499, 5157.969599087333, 5086.385895504379, 5235.023049682998, 5422.580625, 5531.4078664604185, 5638.673997741699, 5612.50581684761, 5906.381406617737]
shares:[0, 5.4274, 10.7302, 16.3118, 21.6326, 26.7087, 31.7669, 36.7445, 42.021, 47.0651, 51.6713, 56.1941, 60.5476, 64.7804, 69.0048, 73.1692, 77.3165, 81.4745, 85.4069, 89.3039, 93.1659, 97.2247, 101.0595, 104.7943, 108.5141, 112.1971, 115.7759, 119.1498, 122.6088, 126.119, 129.6161, 133.1139, 136.556, 139.9738, 143.4352, 146.7825, 150.1563, 153.5701, 156.9213, 160.2419, 163.5353, 167.024, 170.4008, 173.8194, 177.2559, 180.8107, 184.3318, 187.795, 191.2526, 194.7056, 198.2377, 201.6518]
growth_rate:15.81
