ticker:RNST
price:[26.959999084472656, 24.06999969482422, 22.889999389648438, 21.959999084472656, 24.81999969482422, 26.700000762939453, 27.09000015258789, 29.270000457763672, 28.510000228881836, 28.6200008392334, 31.489999771118164, 32.0, 31.850000381469727, 33.130001068115234, 33.77000045776367, 32.91999816894531, 33.290000915527344, 33.68000030517578, 36.189998626708984, 37.68000030517578, 38.349998474121094, 35.400001525878906, 37.15999984741211, 38.65999984741211, 39.439998626708984, 39.279998779296875, 42.08000183105469, 46.060001373291016, 44.79999923706055, 43.09000015258789, 41.75, 41.970001220703125, 41.59000015258789, 41.939998626708984, 42.130001068115234, 44.790000915527344, 45.130001068115234, 45.040000915527344, 44.220001220703125, 43.849998474121094, 42.560001373291016, 39.66999816894531, 41.939998626708984, 39.310001373291016, 38.529998779296875, 37.56999969482422, 36.290000915527344, 35.18000030517578, 35.95000076293945, 36.75, 34.93000030517578, 35.97999954223633]
assets:[0, 99.99881373214721, 195.09604279785154, 287.16871202774047, 424.5684327796936, 556.727055908203, 664.8590377449036, 818.3628697986603, 897.1127732021332, 1000.5752633401871, 1200.9120782712937, 1320.3616, 1414.1718669376373, 1571.0047726493835, 1701.3528850624084, 1758.5303381881715, 1878.2950896560667, 2000.2990021247865, 2249.3712696437833, 2441.980531777954, 2585.4034971313476, 2486.5279671791077, 2710.15310887146, 2919.5529304767606, 3078.457540808868, 3165.9679016113278, 3491.647063934326, 3921.8939669322963, 3914.6060133346555, 3865.1859406871795, 3844.987125, 3965.250169329834, 4029.3473487831116, 4163.25784367752, 4282.118586563874, 4652.480723098754, 4787.796683315277, 4878.246467160035, 4889.432066973877, 4948.520562802887, 4902.941950204086, 4670.011689445496, 5037.241281059647, 4821.363806433868, 4825.697403112793, 4805.462193965912, 4741.742244625091, 4696.705940742492, 4899.503373978424, 5108.532975, 4955.540101295471, 5204.5033357845305]
shares:[0, 4.1545, 8.5232, 13.0769, 17.1059, 20.8512, 24.5426, 27.9591, 31.4666, 34.9607, 38.1363, 41.2613, 44.401, 47.4194, 50.3806, 53.4183, 56.4222, 59.3913, 62.1545, 64.8084, 67.416, 70.2409, 72.932, 75.5187, 78.0542, 80.6, 82.9764, 85.1475, 87.3796, 89.7003, 92.0955, 94.4782, 96.8826, 99.267, 101.6406, 103.8732, 106.089, 108.3092, 110.5706, 112.8511, 115.2007, 117.7215, 120.1059, 122.6498, 125.2452, 127.9069, 130.6625, 133.505, 136.2866, 139.0077, 141.8706, 144.6499]
growth_rate:2.05
