ticker:RNWK
price:[1.2400000095367432, 1.2999999523162842, 1.2899999618530273, 1.190000057220459, 1.2899999618530273, 1.3700000047683716, 1.5800000429153442, 1.649999976158142, 1.399999976158142, 1.2400000095367432, 1.2999999523162842, 1.4600000381469727, 1.5700000524520874, 1.5499999523162842, 1.5499999523162842, 1.4299999475479126, 1.4700000286102295, 1.559999942779541, 1.6799999475479126, 1.6200000047683716, 2.140000104904175, 2.2200000286102295, 2.9700000286102295, 4.139999866485596, 3.549999952316284, 4.369999885559082, 3.7799999713897705, 5.25, 6.349999904632568, 4.519999980926514, 4.630000114440918, 4.900000095367432, 3.630000114440918, 3.4600000381469727, 2.5999999046325684, 2.5, 2.369999885559082, 2.369999885559082, 2.380000114440918, 2.5399999618530273, 2.7100000381469727, 2.319999933242798, 2.3499999046325684, 2.309999942779541, 2.1500000953674316, 1.8600000143051147, 1.8700000047683716, 1.8300000429153442, 1.8899999856948853, 1.7799999713897705, 1.6100000143051147, 1.9700000286102295]
assets:[0, 100.00002633202077, 199.23081910848617, 283.7865726457119, 407.6341829457283, 532.9138358548403, 714.6013134097218, 846.2608977718592, 818.0395860688686, 824.5494143415451, 964.4469546242952, 1183.1481149133683, 1372.2894748467804, 1454.8079452447414, 1554.807897168374, 1534.4357037172317, 1677.3570566459655, 1880.0523390400888, 2124.6717416646006, 2148.790686324835, 2938.526164048433, 3148.3774005746845, 4312.018301537991, 6110.691966931057, 5339.8446082750315, 6673.273438241292, 5872.3051775534395, 8255.979375, 10085.80327352643, 7279.186057283306, 7556.334737771893, 8096.985067589521, 6098.3787752600665, 5912.779533189201, 4543.1288133590215, 4468.39325, 4336.0366086244585, 4436.036620795727, 4554.754493012714, 4960.9562214939115, 5392.988963913726, 4716.875848273516, 4877.869892046833, 4894.842292751026, 4655.805856517315, 4127.813215746689, 4250.0056718372225, 4259.096532880104, 4498.738993949747, 4336.907630292178, 4022.7086837424276, 5022.196326937151]
shares:[0, 76.9231, 154.4425, 238.4761, 315.9955, 388.9882, 452.2793, 512.8854, 584.314, 664.9592, 741.8823, 810.3754, 874.0697, 938.5858, 1003.1019, 1073.032, 1141.0592, 1205.1618, 1264.6856, 1326.414, 1373.143, 1418.188, 1451.858, 1476.0126, 1504.1816, 1527.0649, 1553.5199, 1572.5675, 1588.3155, 1610.4394, 1632.0377, 1652.4459, 1679.9941, 1708.8958, 1747.3573, 1787.3573, 1829.5514, 1871.7455, 1913.7623, 1953.1324, 1990.0328, 2033.1362, 2075.6894, 2118.9794, 2165.491, 2219.2544, 2272.7303, 2327.3751, 2380.2852, 2436.465, 2498.5768, 2549.3382]
growth_rate:-1.53
