ticker:ROAD
price:[18.6299991607666, 17.770000457763672, 18.360000610351562, 18.100000381469727, 18.520000457763672, 19.90999984741211, 20.399999618530273, 21.229999542236328, 20.3799991607666, 20.770000457763672, 22.559999465942383, 25.219999313354492, 25.709999084472656, 28.079999923706055, 27.700000762939453, 27.770000457763672, 27.6299991607666, 29.110000610351562, 33.58000183105469, 34.439998626708984, 32.0, 28.420000076293945, 29.170000076293945, 27.739999771118164, 27.389999389648438, 28.940000534057617, 28.709999084472656, 32.790000915527344, 29.360000610351562, 29.170000076293945, 29.850000381469727, 30.1299991607666, 30.6200008392334, 30.860000610351562, 31.729999542236328, 30.950000762939453, 31.1200008392334, 31.34000015258789, 32.209999084472656, 33.290000915527344, 32.95000076293945, 29.059999465942383, 31.1200008392334, 31.270000457763672, 30.770000457763672, 30.780000686645508, 33.81999969482422, 33.58000183105469, 32.029998779296875, 34.18000030517578, 32.86000061035156, 33.45000076293945]
assets:[0, 100.00067757606507, 203.32048275909423, 300.441906332016, 407.4140820701599, 537.9920878768921, 651.2332678222657, 777.7291882305145, 846.591279137993, 962.7912942195893, 1145.7659728765489, 1380.860534404373, 1507.6883373115538, 1746.6714672542573, 1823.034000211716, 1927.6406967754365, 2017.923832707596, 2226.0126366729733, 2667.830405471802, 2836.154550908661, 2735.2192, 2529.2151707897187, 2695.9614150512693, 2663.797280021095, 2730.188576161194, 2984.689333079338, 3060.968230389404, 3595.9646354026795, 3319.808669013977, 3398.325427888298, 3577.546425719452, 3711.10597063179, 3871.4581781089782, 4001.8014391479487, 4214.619687196349, 4211.013773804474, 4334.144756881714, 4464.784173738098, 4688.725820729064, 4945.938713021088, 4995.424405666351, 4505.677361195755, 4925.076228817748, 5048.816749909973, 5068.086774397659, 5169.735043327332, 5780.324955841064, 5839.307110406495, 5669.774218917847, 6150.356090913391, 6012.834635684204, 6220.793646886063]
shares:[0, 5.6275, 11.0741, 16.599, 21.9986, 27.0212, 31.9232, 36.6335, 41.5403, 46.3549, 50.7875, 54.7526, 58.6421, 62.2034, 65.8135, 69.4145, 73.0338, 76.469, 79.447, 82.3506, 85.4756, 88.9942, 92.4224, 96.0273, 99.6783, 103.1337, 106.6168, 109.6665, 113.0725, 116.5007, 119.8508, 123.1698, 126.4356, 129.676, 132.8276, 136.0586, 139.272, 142.4628, 145.5674, 148.5713, 151.6062, 155.0474, 158.2608, 161.4588, 164.7087, 167.9576, 170.9144, 173.8924, 177.0145, 179.9402, 182.9834, 185.9729]
growth_rate:21.98
