ticker:ROBT
price:[38.7599983215332, 38.1619987487793, 38.810001373291016, 38.1150016784668, 38.96699905395508, 41.33000183105469, 41.220001220703125, 41.29999923706055, 38.75, 42.369998931884766, 43.130001068115234, 44.93000030517578, 47.37300109863281, 48.58000183105469, 48.04999923706055, 49.41999816894531, 49.91999816894531, 50.150001525878906, 52.63999938964844, 52.81999969482422, 55.61000061035156, 53.65999984741211, 56.849998474121094, 59.27000045776367, 57.52000045776367, 53.65999984741211, 51.5099983215332, 53.720001220703125, 53.22999954223633, 52.30699920654297, 53.0099983215332, 53.810001373291016, 54.22999954223633, 54.220001220703125, 52.650001525878906, 51.68000030517578, 50.33000183105469, 51.029998779296875, 52.310001373291016, 53.369998931884766, 54.143001556396484, 53.290000915527344, 54.709999084472656, 54.20000076293945, 54.34000015258789, 51.959999084472656, 53.79999923706055, 53.8489990234375, 54.349998474121094, 54.15999984741211, 53.06999969482422, 55.41999816894531]
assets:[0, 99.99970152130128, 201.69945813713073, 298.0859936267853, 404.7502191734314, 529.2926684494018, 627.8836685943603, 729.1019265312195, 784.0830000000001, 957.3331778663635, 1074.5063426101685, 1219.350785282135, 1385.6508075347901, 1520.9572713272094, 1604.3654495258331, 1750.1103951568602, 1867.8166354888917, 1976.4215901351931, 2174.553110786438, 2281.9877288154603, 2502.522320466614, 2514.7705268489835, 2764.2686408058166, 2981.938920030594, 2993.893015826416, 2892.9823037734986, 2877.0703522499084, 3100.5089624542234, 3172.2258537197113, 3217.2204466972353, 3360.457522597122, 3511.1725426090243, 3638.5780882862086, 3737.9051961547852, 3729.668193091583, 3760.9551742088315, 3762.7112008911135, 3915.0419183471677, 4113.245258984756, 4296.594460010529, 4458.827778573608, 4488.579474114227, 4708.183862212372, 4764.29388706398, 4876.602029693604, 4763.017236076355, 5031.682588645554, 5136.262919152832, 5284.048161650086, 5365.5770248832705, 5357.5916001914975, 5694.8315458450315]
shares:[0, 2.6204, 5.1971, 7.8207, 10.387, 12.8065, 15.2325, 17.6538, 20.2344, 22.5946, 24.9132, 27.1389, 29.2498, 31.3083, 33.3895, 35.413, 37.4162, 39.4102, 41.3099, 43.2031, 45.0013, 46.8649, 48.6239, 50.3111, 52.0496, 53.9132, 55.8546, 57.7161, 59.5947, 61.5065, 63.3929, 65.2513, 67.0953, 68.9396, 70.8389, 72.7739, 74.7608, 76.7204, 78.6321, 80.5058, 82.3528, 84.2293, 86.0571, 87.9021, 89.7424, 91.667, 93.5257, 95.3827, 97.2226, 99.069, 100.9533, 102.7577]
growth_rate:11.66
