ticker:ROCK
price:[62.689998626708984, 62.439998626708984, 62.91999816894531, 62.709999084472656, 66.12999725341797, 72.69999694824219, 68.44000244140625, 66.9800033569336, 57.45000076293945, 60.290000915527344, 62.5099983215332, 65.26000213623047, 66.4000015258789, 64.68000030517578, 68.7300033569336, 72.0, 71.72000122070312, 71.94000244140625, 92.05000305175781, 96.05000305175781, 96.38999938964844, 89.62999725341797, 94.48999786376953, 95.05000305175781, 96.79000091552734, 87.3499984741211, 81.41999816894531, 96.9800033569336, 87.33999633789062, 91.72000122070312, 93.68000030517578, 89.52999877929688, 91.30000305175781, 92.86000061035156, 91.86000061035156, 83.79000091552734, 79.6500015258789, 79.81999969482422, 79.44999694824219, 75.94999694824219, 76.2699966430664, 73.37999725341797, 76.55999755859375, 77.0, 75.77999877929688, 71.80000305175781, 72.66000366210938, 74.68000030517578, 71.26000213623047, 73.08000183105469, 71.4800033569336, 76.38999938964844]
assets:[0, 99.99765780067443, 200.7651301574707, 300.09242961883547, 416.460270703125, 557.8343465835571, 625.144670300293, 711.8098916748047, 710.5301194358826, 845.6516688415528, 976.7874847721099, 1119.7572206542968, 1239.3161884796143, 1307.2151461677552, 1489.069887729645, 1659.9168, 1753.4607938446045, 1858.8361410827636, 2478.4555371688843, 2686.1535953460693, 2795.666625297546, 2699.601739274597, 2945.9808063972473, 3063.4425883575436, 3219.5258004531856, 3005.521277497864, 2901.4830547485353, 3555.9754810890195, 3302.508675527954, 3568.128175488281, 3744.3802441978455, 3678.5011538452145, 3851.2258587295532, 4017.0307664031984, 4073.770563067627, 3815.888810694122, 3727.3492614059446, 3835.3030933364867, 3917.528394523621, 3844.953405505371, 3961.1509186546323, 3911.058459610748, 4180.551010687256, 4304.5772, 4336.37402614746, 4208.628978881836, 4359.040737698364, 4580.221502716828, 4470.467730015564, 4684.647357376099, 4682.0831798858635, 5103.69988822174]
shares:[0, 1.6015, 3.1908, 4.7854, 6.2976, 7.6731, 9.1342, 10.6272, 12.3678, 14.0264, 15.6261, 17.1584, 18.6644, 20.2105, 21.6655, 23.0544, 24.4487, 25.8387, 26.9251, 27.9662, 29.0037, 30.1194, 31.1777, 32.2298, 33.263, 34.4078, 35.636, 36.6671, 37.8121, 38.9024, 39.9699, 41.0868, 42.1821, 43.259, 44.3476, 45.5411, 46.7966, 48.0494, 49.3081, 50.6248, 51.9359, 53.2987, 54.6049, 55.9036, 57.2232, 58.616, 59.9923, 61.3313, 62.7346, 64.103, 65.502, 66.8111]
growth_rate:0.07
