ticker:ROCRU
price:[10.079000473022461, 10.029999732971191, 10.015999794006348, 9.979999542236328, 9.930000305175781, 10.050000190734863, 10.050000190734863, 9.968999862670898, 10.0600004196167, 9.989999771118164, 9.949999809265137, 9.90999984741211, 9.890000343322754, 9.880000114440918, 9.984000205993652, 10.34000015258789, 10.210000038146973, 10.319999694824219, 10.300000190734863, 10.289999961853027, 10.3100004196167, 10.100000381469727, 10.145000457763672, 10.180000305175781, 10.029999732971191, 10.029999732971191, 10.029999732971191, 10.100000381469727]
assets:[0, 100.00010033769608, 199.86026148958206, 299.14150427894594, 397.64289022064213, 502.4477495357513, 602.4472614336014, 697.5917312902451, 803.960023534298, 898.3657144174576, 994.7691409309386, 1090.769899205017, 1188.5683732601165, 1287.366978911686, 1400.9179681042672, 1550.8707728862764, 1631.372184095192, 1748.9478922813416, 1845.558154175949, 1943.7665867940902, 2047.5444323349955, 2105.8389695360183, 2215.2217199554443, 2322.864325634766, 2388.6374154072764, 2488.6375157449725, 2588.637616082668, 2706.704152230263]
shares:[0, 9.9701, 19.9541, 29.9741, 40.0446, 49.9948, 59.945, 69.9761, 79.9165, 89.9265, 99.9768, 110.0676, 120.1788, 130.3003, 140.3163, 149.9875, 159.7818, 169.4717, 179.1804, 188.8986, 198.5979, 208.4989, 218.356, 228.1792, 238.1493, 248.1194, 258.0895, 267.9905]
growth_rate:0.25
