ticker:ROCR
price:[9.899999618530273, 9.829999923706055, 10.039999961853027, 9.699999809265137, 9.90999984741211, 9.75, 9.789999961853027, 9.699999809265137, 9.6899995803833, 9.710000038146973, 9.729000091552734, 9.9399995803833, 9.90999984741211, 9.880000114440918, 9.880000114440918, 9.90999984741211, 9.880000114440918, 9.859999656677246, 9.890000343322754, 9.880000114440918, 9.880000114440918, 9.869999885559082, 9.880000114440918]
assets:[0, 99.99960622386932, 202.13632323198317, 295.291274193573, 401.6840058151245, 495.1986, 597.2301366728783, 691.7399663980484, 791.0266427453041, 892.6597235069275, 994.4059638576507, 1115.9726988892555, 1212.6044283290862, 1308.9340311614992, 1408.9344523198129, 1513.2123817005158, 1608.631978632927, 1705.3756806192398, 1810.5643408521653, 1908.7340181090356, 2008.7344392673492, 2106.70113857317, 2208.836057585144]
shares:[0, 10.1729, 20.1331, 30.4424, 40.5332, 50.7896, 61.0041, 71.3134, 81.6333, 91.932, 102.2105, 112.2709, 122.3617, 132.4832, 142.6047, 152.6955, 162.817, 172.959, 183.0702, 193.1917, 203.3132, 213.4449, 223.5664]
growth_rate:0.4
