ticker:ROIC
price:[12.079999923706055, 10.609999656677246, 10.960000038146973, 10.050000190734863, 11.229999542236328, 10.930000305175781, 10.470000267028809, 11.039999961853027, 9.729999542236328, 9.960000038146973, 13.010000228881836, 13.420000076293945, 13.579999923706055, 14.350000381469727, 13.520000457763672, 13.229999542236328, 13.34000015258789, 13.390000343322754, 13.899999618530273, 14.3100004196167, 14.390000343322754, 14.09000015258789, 14.770000457763672, 15.699999809265137, 15.770000457763672, 15.8100004196167, 16.270000457763672, 16.950000762939453, 16.34000015258789, 16.450000762939453, 16.299999237060547, 16.299999237060547, 17.329999923706055, 17.579999923706055, 17.600000381469727, 18.020000457763672, 17.56999969482422, 17.610000610351562, 17.860000610351562, 17.889999389648438, 18.610000610351562, 17.530000686645508, 17.899999618530273, 17.799999237060547, 17.729999542236328, 17.450000762939453, 17.520000457763672, 17.670000076293945, 17.670000076293945, 17.469999313354492, 17.190000534057617, 18.09000015258789]
assets:[0, 100.00030776414872, 203.29923270759582, 286.41897543582917, 420.04802587776186, 508.82649020690917, 587.4120359814644, 719.3917895142555, 734.0292194664001, 851.3808032608033, 1212.0948853240966, 1350.2935676765442, 1466.3928357616426, 1649.5382838500977, 1654.1287920059203, 1718.648382534027, 1832.9386989658356, 1939.8093497371674, 2113.6923219921114, 2276.038479741001, 2388.7630809921266, 2438.962118412781, 2656.6696433376314, 2923.947554477787, 3036.9851111560824, 3144.6881334638597, 3336.184744865036, 3575.6196109428406, 3546.940173122406, 3670.817670249939, 3737.3453250694274, 3837.3458203887935, 4179.82788059864, 4340.125769164658, 4445.063136344146, 4651.13871415329, 4634.988760494232, 4745.541203477478, 4912.911107894897, 5021.16287169342, 5323.245516586303, 5114.319851326561, 5322.265956576348, 5392.532908866501, 5471.3271537380215, 5484.922629808808, 5606.925746498107, 5754.929955848122, 5854.929787279892, 5888.659837550545, 5894.279283123016, 6302.879864164352]
shares:[0, 9.4251, 18.5492, 28.4994, 37.4041, 46.5532, 56.1043, 65.1623, 75.4398, 85.48, 93.1664, 100.618, 107.9818, 114.9504, 122.3468, 129.9054, 137.4017, 144.87, 152.0642, 159.0523, 166.0016, 173.0988, 179.8693, 186.2387, 192.5799, 198.905, 205.0513, 210.951, 217.071, 223.15, 229.285, 235.42, 241.1903, 246.8786, 252.5604, 258.1098, 263.8013, 269.4799, 275.079, 280.6687, 286.0422, 291.7467, 297.3333, 302.9513, 308.5915, 314.3222, 320.03, 325.6893, 331.3486, 337.0727, 342.89, 348.4179]
growth_rate:23.59
