ticker:ROKU
price:[159.91000366210938, 155.4600067138672, 160.47000122070312, 182.42999267578125, 200.0, 223.9499969482422, 222.32000732421875, 223.9600067138672, 202.39999389648438, 253.36000061035156, 228.10000610351562, 263.1400146484375, 275.3399963378906, 296.3800048828125, 330.8699951171875, 340.7099914550781, 356.989990234375, 332.0199890136719, 399.1300048828125, 408.29998779296875, 422.8500061035156, 389.0299987792969, 439.8900146484375, 468.6700134277344, 467.30999755859375, 395.4800109863281, 353.5400085449219, 359.9599914550781, 347.510009765625, 306.82000732421875, 331.8999938964844, 373.6600036621094, 376.5199890136719, 356.8699951171875, 342.9700012207031, 317.0, 315.95001220703125, 330.6499938964844, 346.7099914550781, 327.1199951171875, 346.9800109863281, 368.42999267578125, 430.94000244140625, 430.32000732421875, 431.6099853515625, 399.989990234375, 473.6499938964844, 428.30999755859375, 391.4700012207031, 357.5899963378906, 351.20001220703125, 357.0299987792969]
assets:[0, 100.00742231903075, 203.2352565460205, 331.0557077087402, 462.94000000000005, 618.3707315734863, 713.8695435180664, 819.1337245559693, 840.2838146606446, 1151.8505707748411, 1137.0101004241944, 1411.6672365844727, 1577.1199650238036, 1797.6336436157226, 2106.8146939086914, 2269.4692530822754, 2477.9032212158204, 2404.5883664337157, 2990.6013005859377, 3159.3028155456545, 3371.8905186706543, 3202.183725952148, 3720.809688903809, 4064.2594894439703, 4152.469907305908, 3614.212724401855, 3330.9478985076903, 3491.4319371185306, 3470.6867205322264, 3164.2960995361327, 3522.952485214233, 4066.20552585144, 4197.33188152771, 4078.274617199707, 4019.4369293060304, 3815.0950000000003, 3902.4565757751466, 4184.011957766724, 4487.224722409057, 4333.6856953125, 4696.7908247131345, 5087.133966870118, 6050.268352276611, 6141.570176531983, 6259.984905541992, 5901.372317919921, 7088.124793661499, 6509.626666894531, 6049.699104864501, 5626.1064483825685, 5625.556915533448, 5818.946326104737]
shares:[0, 0.6433, 1.2665, 1.8147, 2.3147, 2.7612, 3.211, 3.6575, 4.1516, 4.5463, 4.9847, 5.3647, 5.7279, 6.0653, 6.3675, 6.661, 6.9411, 7.2423, 7.4928, 7.7377, 7.9742, 8.2312, 8.4585, 8.6719, 8.8859, 9.1388, 9.4217, 9.6995, 9.9873, 10.3132, 10.6145, 10.8821, 11.1477, 11.4279, 11.7195, 12.035, 12.3515, 12.6539, 12.9423, 13.248, 13.5362, 13.8076, 14.0397, 14.2721, 14.5038, 14.7538, 14.9649, 15.1984, 15.4538, 15.7334, 16.0181, 16.2982]
growth_rate:14.1
