ticker:ROLL
price:[130.9600067138672, 124.83000183105469, 124.5, 119.30999755859375, 121.75, 125.87000274658203, 125.77999877929688, 127.62999725341797, 119.05000305175781, 127.55000305175781, 161.36000061035156, 168.5, 174.6300048828125, 175.97999572753906, 176.10000610351562, 181.60000610351562, 181.39999389648438, 179.0399932861328, 185.99000549316406, 185.97999572753906, 184.77999877929688, 167.3300018310547, 179.83999633789062, 185.74000549316406, 190.0800018310547, 199.05999755859375, 194.8300018310547, 201.0, 195.77000427246094, 193.92999267578125, 198.13999938964844, 198.02999877929688, 202.47000122070312, 201.3800048828125, 199.42999267578125, 205.0399932861328, 196.8699951171875, 187.30999755859375, 195.7899932861328, 199.8000030517578, 199.63999938964844, 190.67999267578125, 202.17999267578125, 200.8699951171875, 198.24000549316406, 195.22999572753906, 206.50999450683594, 235.0, 231.61000061035156, 227.0500030517578, 225.4499969482422, 230.8000030517578]
assets:[0, 100.00131446685792, 199.73535, 291.41466903686523, 397.379825, 510.8308191467285, 610.4606460754394, 719.4375315177917, 771.0749647659302, 926.1278171585084, 1271.6136208099365, 1427.88585, 1579.8252651733399, 1692.0300609207154, 1793.191142150879, 1949.2036655120849, 2047.062651123047, 2120.4243524856565, 2302.742258010864, 2402.6197708053587, 2487.1203055694577, 2352.241500740051, 2628.0917864837647, 2814.3139892318723, 2980.0742687072757, 3220.87038449707, 3252.4336015670774, 3455.4311999999995, 3465.5206156311037, 3532.9390345703127, 3709.636510572815, 3807.582195529175, 3992.9513880737304, 4071.4606627197268, 4132.029904248047, 4348.26263361969, 4274.992569970703, 4167.4039426818845, 4456.08235219574, 4647.348070983887, 4743.626061497497, 4630.720826129151, 5010.000000506592, 5077.53147557373, 5111.0436456253055, 5133.436076658631, 5530.027887901307, 6392.9400000000005, 6400.727654867554, 6374.7012956817625, 6429.788822964478, 6682.375568357849]
shares:[0, 0.8011, 1.6043, 2.4425, 3.2639, 4.0584, 4.8534, 5.6369, 6.4769, 7.2609, 7.8806, 8.4741, 9.0467, 9.6149, 10.1828, 10.7335, 11.2848, 11.8433, 12.381, 12.9187, 13.4599, 14.0575, 14.6135, 15.1519, 15.678, 16.1804, 16.6937, 17.1912, 17.702, 18.2176, 18.7223, 19.2273, 19.7212, 20.2178, 20.7192, 21.2069, 21.7148, 22.2487, 22.7595, 23.26, 23.7609, 24.2853, 24.7799, 25.2777, 25.7821, 26.2943, 26.7785, 27.204, 27.6358, 28.0762, 28.5198, 28.9531]
growth_rate:31.03
