ticker:ROOT
price:[23.969999313354492, 22.739999771118164, 21.0, 19.0, 17.229999542236328, 14.260000228881836, 14.100000381469727, 14.050000190734863, 17.170000076293945, 15.710000038146973, 19.329999923706055, 19.860000610351562, 19.59000015258789, 20.155000686645508, 21.770000457763672, 20.34000015258789, 17.809999465942383, 13.489999771118164, 12.949999809265137, 10.989999771118164, 12.0, 14.34000015258789, 12.1899995803833, 11.859999656677246, 11.109999656677246, 10.65999984741211, 10.770000457763672, 10.390000343322754, 9.34000015258789, 9.140000343322754, 9.119999885559082, 9.5, 11.989999771118164, 10.710000038146973, 10.75, 9.5600004196167, 9.149999618530273, 8.039999961853027, 7.659999847412109, 7.630000114440918, 7.170000076293945, 5.230000019073486, 5.650000095367432, 6.400000095367432, 6.449999809265137]
assets:[0, 99.99914899349213, 192.3474, 274.0294, 348.5008627410889, 388.4281462345123, 484.0699330963135, 582.352837905693, 811.6722626066208, 842.6545530461311, 1136.8243575130462, 1267.9935149688722, 1350.7540185211183, 1489.7105192518234, 1709.0800099372866, 1696.8156967292787, 1585.7560464488984, 1301.1145249242782, 1349.0312651307106, 1244.8537590742112, 1459.2576, 1843.8128416194918, 1667.3688656041145, 1722.2308741449358, 1713.320820054722, 1743.9248070373535, 1861.920910138321, 1896.2259736580847, 1804.5954394817352, 1865.953006090164, 1961.8697513817788, 2143.6142, 2805.4669074453354, 2605.9679192819594, 2715.700475, 2515.079326394272, 2507.2151854724884, 2303.0612050727846, 2294.209786299133, 2385.2250177755354, 2341.423752914429, 1807.9006535933017, 2053.0857346544267, 2425.619236144543, 2544.5694297537802]
shares:[0, 4.3975, 9.1594, 14.4226, 20.2264, 27.239, 34.3312, 41.4486, 47.2727, 53.6381, 58.8114, 63.8466, 68.9512, 73.9127, 78.5062, 83.4226, 89.0374, 96.4503, 104.1723, 113.2715, 121.6048, 128.5783, 136.7817, 145.2134, 154.2143, 163.5952, 172.8803, 182.5049, 193.2115, 204.1524, 215.1173, 225.6436, 233.9839, 243.321, 252.6233, 263.0836, 274.0126, 286.4504, 299.5052, 312.6114, 326.5584, 345.6789, 363.378, 379.003, 394.5069]
growth_rate:-42.17
