ticker:ROST
price:[93.31999969482422, 90.22000122070312, 92.2699966430664, 87.93000030517578, 96.22000122070312, 98.41000366210938, 95.12000274658203, 95.43000030517578, 85.16999816894531, 93.30000305175781, 108.12999725341797, 108.98999786376953, 109.54000091552734, 115.23999786376953, 112.81999969482422, 117.66000366210938, 118.0199966430664, 122.80999755859375, 122.41000366210938, 116.97000122070312, 113.33000183105469, 111.29000091552734, 118.72000122070312, 119.08999633789062, 118.94999694824219, 116.63999938964844, 113.12999725341797, 122.62000274658203, 121.30999755859375, 122.36000061035156, 120.51000213623047, 128.22000122070312, 129.91000366210938, 128.82000732421875, 130.94000244140625, 132.9600067138672, 130.5, 123.25, 126.38999938964844, 119.47000122070312, 120.08000183105469, 115.26000213623047, 123.56999969482422, 126.25, 124.7699966430664, 119.48999786376953, 121.68000030517578, 122.69000244140625, 123.08999633789062, 124.66000366210938, 123.12000274658203, 118.88999938964844]
assets:[0, 99.99984935302734, 202.2742866409302, 292.76293601608273, 420.3659413330078, 529.9378697204589, 612.2208736778259, 714.2172082839966, 737.4273951461793, 907.8183596939087, 1152.1143077354432, 1261.2758512786866, 1367.6397734306336, 1538.811215474701, 1606.5003856544495, 1775.418859259033, 1880.8492805015564, 2057.190269104004, 2150.4867033355713, 2154.914938488769, 2187.858351348877, 2248.4809204971316, 2498.59301769104, 2606.3798418518068, 2703.317105644226, 2750.8144176055907, 2768.0308337974548, 3100.226053442383, 3167.1007612609865, 3294.518544433594, 3344.706905290222, 3658.6936248321535, 3806.9217203155517, 3874.9831123168947, 4038.752717303467, 4201.057556134033, 4223.33235, 4088.7078250000004, 4292.874246269226, 4157.830823483277, 4279.062873249817, 4207.30127997818, 4610.643828613281, 4810.642625, 4854.251581396485, 4748.831240100861, 4935.864036379242, 5076.838687023926, 5193.388507489014, 5359.63219744873, 5393.419464317321, 5308.117469749451]
shares:[0, 1.1084, 2.1922, 3.3295, 4.3688, 5.385, 6.4363, 7.4842, 8.6583, 9.7301, 10.6549, 11.5724, 12.4853, 13.3531, 14.2395, 15.0894, 15.9367, 16.751, 17.5679, 18.4228, 19.3052, 20.2038, 21.0461, 21.8858, 22.7265, 23.5838, 24.4677, 25.2832, 26.1075, 26.9248, 27.7546, 28.5345, 29.3043, 30.0806, 30.8443, 31.5964, 32.3627, 33.1741, 33.9653, 34.8023, 35.6351, 36.5027, 37.312, 38.1041, 38.9056, 39.7425, 40.5643, 41.3794, 42.1918, 42.994, 43.8062, 44.6473]
growth_rate:4.08
