ticker:ROVR
price:[10.819999694824219, 10.949999809265137, 10.630000114440918, 10.0600004196167, 10.020000457763672, 10.0, 9.979999542236328, 10.010000228881836, 9.9399995803833, 9.949999809265137, 9.890000343322754, 9.869999885559082, 9.899999618530273, 9.90999984741211, 9.880000114440918, 9.899999618530273, 9.920000076293945, 9.9399995803833, 10.039999961853027, 9.970000267028809, 9.970000267028809, 10.0, 9.970000267028809, 9.960000038146973, 10.0, 10.989999771118164, 11.270000457763672, 9.890000343322754, 10.0, 11.270000457763672, 10.760000228881836, 11.619999885559082]
assets:[0, 99.99977825813293, 197.07701312170028, 286.50981795072556, 385.3702196056366, 484.601, 583.6313712299346, 685.3857166715622, 780.5931370472908, 881.3789431045532, 976.0639138832091, 1074.0899065461158, 1177.3544846338273, 1278.543585313797, 1374.673575922966, 1477.4561430702208, 1580.4405241550446, 1683.627188925743, 1800.5655611587524, 1888.0119715670587, 1988.0120712453843, 2093.994, 2187.7121735939977, 2285.518220753574, 2394.697, 2731.772154107094, 2901.371457847595, 2646.1012398571015, 2775.532, 3228.0245321155553, 3181.947267684937, 3536.2669231726645]
shares:[0, 9.1324, 18.5397, 28.4801, 38.4601, 48.4601, 58.4801, 68.4701, 78.5305, 88.5808, 98.692, 108.8237, 118.9247, 129.0155, 139.137, 149.238, 159.3186, 169.379, 179.3392, 189.3693, 199.3994, 209.3994, 219.4295, 229.4697, 239.4697, 248.5689, 257.442, 267.5532, 277.5532, 286.4263, 295.72, 304.3259]
growth_rate:14.07
