ticker:RPAY
price:[23.6200008392334, 23.0, 23.940000534057617, 24.260000228881836, 23.68000030517578, 25.1200008392334, 23.5, 23.34000015258789, 22.530000686645508, 25.93000030517578, 22.940000534057617, 21.579999923706055, 24.0, 24.399999618530273, 23.049999237060547, 26.600000381469727, 27.739999771118164, 27.25, 26.93000030517578, 24.170000076293945, 24.690000534057617, 22.149999618530273, 25.049999237060547, 24.780000686645508, 24.219999313354492, 21.799999237060547, 22.959999084472656, 24.940000534057617, 23.809999465942383, 22.860000610351562, 23.59000015258789, 24.219999313354492, 23.860000610351562, 23.5, 22.850000381469727, 21.489999771118164, 23.1200008392334, 23.360000610351562, 22.709999084472656, 24.200000762939453, 24.010000228881836, 24.829999923706055, 24.25, 24.450000762939453, 24.81999969482422, 23.8799991607666, 24.68000030517578, 24.90999984741211, 24.049999237060547, 22.510000228881836, 21.799999237060547, 22.850000381469727]
assets:[0, 99.99940000000001, 204.0861105527878, 306.8137968946457, 399.47923714828494, 523.7721134986878, 589.9933500000001, 685.9766084846497, 762.1696462285995, 977.1876195007325, 964.5077344543457, 1007.3263424386978, 1220.2896, 1340.6286990406038, 1366.454664771271, 1676.906584048462, 1848.7738947458267, 1916.1164499999998, 1993.6144575920105, 1889.2939789636612, 2029.9402429086686, 1921.1093369144442, 2272.6311207832337, 2348.1355190660474, 2395.06971409893, 2255.761461054611, 2475.7927732780454, 2789.297141729164, 2762.9171000278475, 2752.6801154953, 2940.5831610206606, 3119.114483572006, 3172.752563160706, 3224.8815000000004, 3235.6834440181733, 3143.0994295240403, 3481.502206375122, 3617.6418225219727, 3616.9784051856996, 3954.2873846645352, 4023.240490352631, 4260.644244908523, 4261.120274999999, 4396.26417218132, 4562.792089897918, 4489.986694204902, 4740.406122616578, 4884.584433079148, 4815.947412223434, 4607.567444849777, 4562.238440334319, 4881.980271502304]
shares:[0, 4.3478, 8.5249, 12.6469, 16.8699, 20.8508, 25.1061, 29.3906, 33.8291, 37.6856, 42.0448, 46.6787, 50.8454, 54.9438, 59.2822, 63.0416, 66.6465, 70.3162, 74.0295, 78.1669, 82.2171, 86.7318, 90.7238, 94.7593, 98.8881, 103.4753, 107.8307, 111.8403, 116.0402, 120.4147, 124.6538, 128.7826, 132.9737, 137.229, 141.6054, 146.2587, 150.584, 154.8648, 159.2681, 163.4003, 167.5652, 171.5926, 175.7163, 179.8063, 183.8353, 188.0229, 192.0748, 196.0893, 200.2473, 204.6898, 209.277, 213.6534]
growth_rate:-4.27
