ticker:RPD
price:[61.25, 59.97999954223633, 59.70000076293945, 60.81999969482422, 59.72999954223633, 65.72000122070312, 65.83000183105469, 65.70999908447266, 61.93000030517578, 68.58999633789062, 69.33000183105469, 71.72000122070312, 74.88999938964844, 73.95999908447266, 72.44999694824219, 84.55000305175781, 89.27999877929688, 90.16000366210938, 87.13999938964844, 87.31999969482422, 91.8499984741211, 86.81999969482422, 91.06999969482422, 87.61000061035156, 83.12999725341797, 76.23999786376953, 77.77999877929688, 79.2300033569336, 76.55999755859375, 74.05999755859375, 77.3499984741211, 79.29000091552734, 84.1500015258789, 83.93000030517578, 81.25, 75.20999908447266, 81.0199966430664, 81.66999816894531, 83.6500015258789, 82.94000244140625, 88.87999725341797, 93.9800033569336, 95.7300033569336, 96.68000030517578, 102.80999755859375, 101.73999786376953, 115.19000244140625, 113.75, 112.48999786376953, 113.44000244140625, 110.80000305175781, 118.48999786376953]
assets:[0, 99.9986552368164, 199.52934254989626, 303.27284647827145, 397.83763495101925, 537.7341939880371, 638.6365967636108, 737.4698907249451, 795.0449579177856, 980.542010647583, 1091.1225018173218, 1228.7357489135743, 1383.0460417282104, 1465.8723898544313, 1535.9471803024292, 1892.4658083068848, 2098.3388833099366, 2219.0180101318356, 2244.6915282775876, 2349.327127789307, 2571.202932285309, 2530.39493710556, 2754.266428770447, 2749.6223471557614, 2709.015411495209, 2584.482559583282, 2736.6892570495606, 2887.7038553504945, 2890.3925558288574, 2896.0125205322265, 3124.6614783599853, 3303.031142138672, 3605.4909653778072, 3696.0673884391786, 3678.0493750000005, 3504.6280163383485, 3875.364683430481, 4006.452432174683, 4203.588241678619, 4267.910057629394, 4673.568007576752, 5041.745240089416, 5235.62705159607, 5387.580029006195, 5829.182927575684, 5868.515686779022, 6744.328566943359, 6760.014625, 6785.137944147492, 6942.437397412109, 6880.868549519349, 7458.4358585334785]
shares:[0, 1.6672, 3.3422, 4.9864, 6.6606, 8.1822, 9.7013, 11.2231, 12.8378, 14.2957, 15.7381, 17.1324, 18.4677, 19.8198, 21.2001, 22.3828, 23.5029, 24.612, 25.7596, 26.9048, 27.9935, 29.1453, 30.2434, 31.3848, 32.5877, 33.8993, 35.185, 36.4471, 37.7533, 39.1036, 40.3964, 41.6576, 42.846, 44.0375, 45.2683, 46.5979, 47.8322, 49.0566, 50.2521, 51.4578, 52.5829, 53.647, 54.6916, 55.7259, 56.6986, 57.6815, 58.5496, 59.4287, 60.3177, 61.1992, 62.1017, 62.9457]
growth_rate:46.24
