ticker:RPHM
price:[13.890000343322754, 13.0, 13.199999809265137, 14.399999618530273, 14.930000305175781, 7.78000020980835, 9.489999771118164, 10.050000190734863, 9.699999809265137, 12.0, 8.630000114440918, 9.710000038146973, 9.289999961853027, 8.510000228881836, 8.850000381469727, 9.119999885559082, 8.1899995803833, 8.220000267028809, 8.3100004196167, 7.840000152587891, 7.900000095367432, 11.069999694824219]
assets:[0, 99.99990000000001, 201.53891708784104, 319.85999152660366, 431.6322808227539, 324.92315076241493, 496.3393250291824, 625.6275868735313, 703.8397461601257, 970.7292, 798.1162185836793, 997.9967169207573, 1054.8293296686172, 1066.2647336778641, 1208.8649171068191, 1345.745359113121, 1308.514594957924, 1413.3073899116516, 1528.7816361964226, 1542.3161900177001, 1654.1193999682428, 2417.860625344849]
shares:[0, 7.6923, 15.2681, 22.2125, 28.9104, 41.7639, 52.3013, 62.2515, 72.5608, 80.8941, 92.4816, 102.7803, 113.5446, 125.2955, 136.5949, 147.5598, 159.7698, 171.9352, 183.9689, 196.724, 209.3822, 218.4156]
growth_rate:15.14
