ticker:RPRX
price:[39.779998779296875, 38.560001373291016, 41.97999954223633, 40.06999969482422, 42.470001220703125, 44.08000183105469, 41.810001373291016, 39.0099983215332, 36.70000076293945, 40.2400016784668, 42.119998931884766, 40.369998931884766, 41.599998474121094, 42.970001220703125, 42.40999984741211, 44.400001525878906, 48.900001525878906, 50.04999923706055, 51.27000045776367, 51.95000076293945, 51.15999984741211, 47.0099983215332, 47.040000915527344, 47.97999954223633, 47.5099983215332, 46.56999969482422, 42.540000915527344, 46.91999816894531, 46.790000915527344, 42.7599983215332, 43.0099983215332, 42.310001373291016, 41.869998931884766, 43.61000061035156, 44.0, 40.970001220703125, 40.72999954223633, 40.70000076293945, 40.119998931884766, 45.209999084472656, 44.900001525878906, 44.02000045776367, 42.58000183105469, 42.2400016784668, 41.77000045776367, 40.54999923706055, 40.33000183105469, 38.20000076293945, 36.9900016784668, 38.72999954223633, 39.0, 39.189998626708984]
assets:[0, 100.00150756149291, 208.87148772239686, 299.3669747200012, 417.29749099426266, 533.1167661453247, 605.663860893631, 665.1009663829802, 725.7168250865936, 895.7182933616638, 1037.5672056884766, 1094.4589300426483, 1227.803154964447, 1368.2378878692627, 1450.405030781555, 1618.4644156211855, 1882.4984687416074, 2026.7697141048432, 2176.175677429962, 2305.0371188518525, 2369.9869929313663, 2277.737840674591, 2379.1938703056335, 2526.737129893112, 2601.984829075241, 2650.5035906311036, 2521.1374082588195, 2880.718975579834, 2972.737202166748, 2816.6951614357, 2933.1614575332637, 2985.4233139003754, 3054.3745520820617, 3281.308026924133, 3410.6512, 3275.781029602051, 3356.5918462753293, 3454.119524748993, 3504.8951426891326, 4049.5590799942015, 4121.793200074769, 4141.009865062332, 4105.546744549561, 4172.7630458107, 4226.334593317032, 4202.893880923461, 4280.090005323791, 4154.03998296547, 4122.4580080616, 4416.377974801254, 4547.166, 4669.319819378281]
shares:[0, 2.5934, 4.9755, 7.4711, 9.8257, 12.0943, 14.4861, 17.0495, 19.7743, 22.2594, 24.6336, 27.1107, 29.5145, 31.8417, 34.1996, 36.4519, 38.4969, 40.4949, 42.4454, 44.3703, 46.325, 48.4522, 50.5781, 52.6623, 54.7671, 56.9144, 59.2651, 61.3964, 63.5336, 65.8722, 68.1972, 70.5607, 72.949, 75.2421, 77.5148, 79.9556, 82.4108, 84.8678, 87.3603, 89.5722, 91.7994, 94.0711, 96.4196, 98.787, 101.1811, 103.6472, 106.1267, 108.7445, 111.4479, 114.0299, 116.594, 119.1457]
growth_rate:-8.44
