ticker:RPTX
price:[27.100000381469727, 30.020000457763672, 32.9900016784668, 31.049999237060547, 30.0, 24.559999465942383, 25.270000457763672, 27.479999542236328, 27.030000686645508, 27.829999923706055, 28.079999923706055, 30.469999313354492, 30.0, 36.0, 36.369998931884766, 33.34000015258789, 33.20000076293945, 34.29999923706055, 42.599998474121094, 41.5, 37.70000076293945, 37.11000061035156, 36.709999084472656, 34.779998779296875, 32.5099983215332, 32.900001525878906, 27.25, 27.75, 29.0, 28.200000762939453, 30.100000381469727, 30.780000686645508, 33.68000030517578, 31.8700008392334, 32.70000076293945, 33.06999969482422, 32.380001068115234, 34.34000015258789, 32.31999969482422, 31.059999465942383, 33.43000030517578, 34.02000045776367, 33.5, 31.09000015258789, 33.09000015258789, 31.719999313354492, 33.43000030517578, 33.400001525878906, 34.04999923706055, 34.11000061035156, 33.400001525878906, 33.7400016784668]
assets:[0, 99.99962352485657, 209.8922876789093, 297.5490376888275, 387.486, 417.2228149274826, 529.2852135879516, 675.5738047462463, 764.5111334209442, 887.1369075679779, 995.1074612962723, 1179.8044674129485, 1261.605, 1613.9268, 1730.5136451782228, 1686.343875717926, 1779.2610808876036, 1938.2140668880463, 2507.2271701942445, 2542.48505, 2409.6784887649537, 2471.9676496566776, 2545.324496520996, 2511.5054478515626, 2447.5867456329347, 2576.9485495170593, 2234.4019, 2375.3999999999996, 2582.4007, 2611.1621506439205, 2887.0927065893175, 3052.3172360916137, 3439.8967271690367, 3355.031476348114, 3542.4074326496125, 3682.489974017334, 3705.6547482379915, 4029.9638499069215, 3892.9084112419127, 3841.1435439538955, 4234.2371526535035, 4408.964843325805, 4441.57405, 4222.046892721558, 4593.649782182693, 4503.462762513161, 4846.240168240357, 4941.890945770264, 5138.0665698741905, 5247.120927890014, 5237.901799293518, 5391.22039619751]
shares:[0, 3.3311, 6.3623, 9.5829, 12.9162, 16.9879, 20.9452, 24.5842, 28.2838, 31.877, 35.4383, 38.7202, 42.0535, 44.8313, 47.5808, 50.5802, 53.5922, 56.5077, 58.8551, 61.2647, 63.9172, 66.6119, 69.336, 72.2112, 75.2872, 78.3267, 81.9964, 85.6, 89.0483, 92.5944, 95.9167, 99.1656, 102.1347, 105.2724, 108.3305, 111.3544, 114.4427, 117.3548, 120.4489, 123.6685, 126.6598, 129.5992, 132.5843, 135.8008, 138.8229, 141.9755, 144.9668, 147.9608, 150.8977, 153.8294, 156.8234, 159.7872]
growth_rate:5.71
