ticker:RRBI
price:[44.20000076293945, 46.02000045776367, 45.599998474121094, 41.400001525878906, 43.5099983215332, 46.0, 44.79999923706055, 47.5099983215332, 45.40999984741211, 46.619998931884766, 49.75, 49.31999969482422, 50.70000076293945, 51.189998626708984, 50.70000076293945, 50.0, 48.84000015258789, 49.54999923706055, 51.93000030517578, 52.209999084472656, 52.970001220703125, 46.58000183105469, 49.54999923706055, 50.0, 51.0, 51.900001525878906, 59.20000076293945, 62.720001220703125, 60.88999938964844, 59.20000076293945, 55.5, 55.56999969482422, 56.29999923706055, 55.70000076293945, 55.63999938964844, 54.599998474121094, 55.349998474121094, 56.099998474121094, 54.61000061035156, 53.59000015258789, 53.20000076293945, 51.16999816894531, 50.45000076293945, 50.029998779296875, 48.79999923706055, 51.38999938964844, 50.220001220703125, 50.95000076293945, 52.849998474121094, 51.77000045776367, 50.54999923706055, 50.68000030517578]
assets:[0, 100.00146099472046, 199.0895933380127, 280.7541103477478, 395.0620827598572, 517.6702, 604.163829711151, 740.7093798316955, 807.9710452850342, 929.5002147041321, 1091.908025, 1182.471652683258, 1315.5585497966767, 1428.272627683258, 1514.6016827919007, 1593.69, 1656.7162971759797, 1780.8021975803376, 1966.339847555542, 2076.9398685798647, 2207.175198864746, 2040.9120962280272, 2271.044935031891, 2391.67, 2539.5042, 2684.3199789199825, 3161.883880748749, 3449.888579144287, 3449.2297064254763, 3453.497164506912, 3337.6534500000002, 3441.8612990982056, 3587.0756313903807, 3648.845779979324, 3744.916926919556, 3774.9183145042416, 3926.7724317474367, 4079.978979027557, 4071.6178865066527, 4095.567530661392, 4165.762219741058, 4106.80683004303, 4149.02319774437, 4214.482070169067, 4210.8689741672515, 4534.355484146118, 4531.119698138427, 4696.983765333939, 4972.138426445008, 4970.5309299507135, 4953.394425239563, 5066.135006506348]
shares:[0, 2.173, 4.366, 6.7815, 9.0798, 11.2537, 13.4858, 15.5906, 17.7928, 19.9378, 21.9479, 23.9755, 25.9479, 27.9014, 29.8738, 31.8738, 33.9213, 35.9395, 37.8652, 39.7805, 41.6684, 43.8152, 45.8334, 47.8334, 49.7942, 51.721, 53.4102, 55.0046, 56.6469, 58.3361, 60.1379, 61.9374, 63.7136, 65.5089, 67.3062, 69.1377, 70.9444, 72.7269, 74.5581, 76.4241, 78.3038, 80.2581, 82.2403, 84.2391, 86.2883, 88.2342, 90.2254, 92.1881, 94.0802, 96.0118, 97.99, 99.9632]
growth_rate:-0.66
