ticker:RRGB
price:[12.649999618530273, 11.75, 14.319999694824219, 13.460000038146973, 13.109999656677246, 14.180000305175781, 13.6899995803833, 13.859999656677246, 12.039999961853027, 14.0, 16.989999771118164, 18.520000457763672, 20.709999084472656, 21.479999542236328, 19.59000015258789, 18.530000686645508, 20.100000381469727, 19.229999542236328, 21.8799991607666, 24.889999389648438, 23.899999618530273, 26.190000534057617, 28.739999771118164, 28.010000228881836, 29.350000381469727, 30.690000534057617, 36.209999084472656, 37.72999954223633, 39.369998931884766, 39.939998626708984, 37.84000015258789, 36.86000061035156, 35.45000076293945, 33.31999969482422, 36.36000061035156, 35.56999969482422, 33.689998626708984, 34.90999984741211, 35.86000061035156, 31.43000030517578, 32.5099983215332, 30.0, 33.2599983215332, 33.25, 31.31999969482422, 27.860000610351562, 27.540000915527344, 26.229999542236328, 25.719999313354492, 25.68000030517578, 20.450000762939453, 24.899999618530273]
assets:[0, 99.99955, 221.87121127166748, 308.5462728744507, 400.52359951114653, 533.2133874755859, 614.7877631559372, 722.4219901050567, 727.5579336948396, 945.9981999999999, 1248.036112187004, 1460.4261200977326, 1733.1224863838195, 1897.5603435607911, 1830.5954002586366, 1831.544180869484, 2086.725759603119, 2096.4045520957948, 2485.3009686733244, 2927.2008232192993, 2910.7713935409543, 3289.670968081856, 3709.971846454239, 3715.739406362915, 3993.501931904602, 4275.829082406617, 5144.894098917389, 5460.862802745438, 5798.228403693008, 5982.177048309708, 5767.64093525772, 5718.268822686768, 5599.529685510635, 5363.083858879852, 5952.393891918945, 5923.0665511825555, 5710.0100592453, 6016.783856701279, 6280.516920896912, 5604.647942419433, 5897.235671530152, 5541.927, 6244.14893488884, 6342.27125, 6074.13183681488, 5503.107912561035, 5539.899766165924, 5376.38136717186, 5371.845620588112, 5463.491968927002, 4450.795426048278, 5519.30652544384]
shares:[0, 8.5106, 15.4938, 22.9232, 30.551, 37.6032, 44.9078, 52.1228, 60.4284, 67.5713, 73.4571, 78.8567, 83.6853, 88.3408, 93.4454, 98.8421, 103.8172, 109.0174, 113.5878, 117.6055, 121.7896, 125.6079, 129.0874, 132.6576, 136.0648, 139.3232, 142.0849, 144.7353, 147.2753, 149.7791, 152.4218, 155.1348, 157.9557, 160.9569, 163.7072, 166.5186, 169.4868, 172.3513, 175.1399, 178.3216, 181.3976, 184.7309, 187.7375, 190.745, 193.9378, 197.5272, 201.1583, 204.9707, 208.8587, 212.7528, 217.6428, 221.6589]
growth_rate:8.22
