ticker:RRR
price:[17.549999237060547, 17.149999618530273, 17.329999923706055, 17.1299991607666, 17.90999984741211, 17.645000457763672, 19.040000915527344, 20.229999542236328, 19.1200008392334, 21.03499984741211, 20.950000762939453, 21.719999313354492, 22.299999237060547, 24.040000915527344, 24.079999923706055, 24.6200008392334, 25.530000686645508, 25.040000915527344, 25.329999923706055, 25.030000686645508, 25.75, 23.479999542236328, 26.860000610351562, 28.719999313354492, 29.200000762939453, 30.170000076293945, 30.75, 34.779998779296875, 34.5, 34.77000045776367, 33.34000015258789, 35.27000045776367, 34.4900016784668, 34.06999969482422, 36.630001068115234, 38.619998931884766, 41.2599983215332, 40.38999938964844, 44.75, 45.119998931884766, 44.70000076293945, 39.459999084472656, 43.88999938964844, 42.66999816894531, 41.650001525878906, 38.58000183105469, 40.45000076293945, 39.400001525878906, 42.4900016784668, 42.439998626708984, 39.84000015258789, 47.02000045776367]
assets:[0, 99.99993277568817, 201.0487951148987, 298.7283423646927, 412.3311804870606, 506.22976963310236, 646.251903074646, 786.6435321998596, 843.4807490228652, 1027.961511043167, 1123.8083209259034, 1265.1139400053023, 1398.8967921401977, 1608.0476812400818, 1710.7226585798264, 1849.0851630306245, 2017.4317142601014, 2078.710700003052, 2202.7854483652113, 2276.6963234563827, 2442.18665, 2326.8937826351166, 2761.85538875885, 3053.1082470054625, 3204.13652371788, 3410.576709624672, 3576.141975, 4144.819404525757, 4211.45295, 4344.410724196244, 4265.736329523086, 4612.674145867157, 4610.664812379455, 4654.517299308014, 5104.255117837906, 5481.552720396423, 5956.264475697708, 5930.673638378906, 6670.873549999999, 6826.028670409012, 6862.487157128907, 6158.024861125183, 6949.358165359497, 6856.189703787231, 6792.298908840942, 6391.641495355225, 6801.449198284149, 6724.898640441132, 7352.308428435516, 7443.657459135056, 7087.635627145767, 8464.977768410874]
shares:[0, 5.8309, 11.6012, 17.4389, 23.0224, 28.6897, 33.9418, 38.885, 44.1151, 48.8691, 53.6424, 58.2465, 62.7308, 66.8905, 71.0433, 75.105, 79.022, 83.0156, 86.9635, 90.9587, 94.8422, 99.1011, 102.8241, 106.306, 109.7307, 113.0453, 116.2973, 119.1725, 122.0711, 124.9471, 127.9465, 130.7818, 133.6812, 136.6163, 139.3463, 141.9356, 144.3593, 146.8352, 149.0698, 151.2861, 153.5232, 156.0574, 158.3358, 160.6794, 163.0804, 165.6724, 168.1446, 170.6827, 173.0362, 175.3925, 177.9025, 180.0293]
growth_rate:65.98
