ticker:RSLS
price:[0.7699999809265137, 0.7699999809265137, 0.9100000262260437, 0.8889999985694885, 0.8709999918937683, 0.8500000238418579, 0.8600000143051147, 0.9599999785423279, 0.9900000095367432, 0.8999999761581421, 0.8550000190734863, 0.9010000228881836, 0.8799999952316284, 1.0700000524520874, 1.659999966621399, 1.5700000524520874, 1.590000033378601, 1.5, 1.4600000381469727, 1.559999942779541, 6.019999980926514, 4.5, 4.28000020980835, 4.800000190734863, 4.329999923706055, 3.430000066757202, 2.7799999713897705, 3.799999952316284, 3.75, 3.0199999809265137, 2.9700000286102295, 2.890000104904175, 2.4100000858306885, 2.8499999046325684, 2.6500000953674316, 2.200000047683716, 2.390000104904175, 3.4200000762939453, 3.119999885559082, 3.180000066757202, 3.2699999809265137, 5.440000057220459, 6.0, 4.590000152587891, 4.690000057220459, 4.25, 4.199999809265137, 3.9700000286102295, 3.6500000953674316, 3.180000066757202, 3.130000114440918, 3.359999895095825]
assets:[0, 99.99997452292443, 218.18178828796147, 313.14678239610794, 406.8063819139302, 496.9982439404249, 602.8453040276409, 772.9435987233638, 897.0981116418124, 915.5436957463742, 969.7665861337185, 1121.9411762007712, 1195.7916015204787, 1553.973916176796, 2510.837929513097, 2474.708343677461, 2606.2332907122136, 2558.71065, 2590.478359684181, 2867.908262805748, 11167.184846618415, 8447.56335, 8134.571822761917, 9222.88404648447, 8419.809555644226, 6769.733850757575, 5586.839452503324, 7736.6870429173705, 7734.888750000001, 6329.163752026749, 6324.376272923184, 6254.02294001491, 5315.2925443009135, 6385.718906319427, 6037.598567279339, 5112.345810807109, 5653.866703164936, 8190.4702887144085, 7572.007594260406, 7817.623442114043, 8138.876589526988, 13639.90526347089, 15144.0132, 11685.170521456528, 12039.749329891254, 11010.220425, 10980.687821333313, 10479.364920520664, 9734.680924348355, 8581.173894143129, 8546.249968473054, 9274.24852644422]
shares:[0, 129.8701, 239.7602, 352.2461, 467.0567, 584.7038, 700.9829, 805.1496, 906.1597, 1017.2708, 1134.2299, 1245.2177, 1358.8541, 1452.312, 1512.553, 1576.2473, 1639.1404, 1705.8071, 1774.3002, 1838.4028, 1855.0141, 1877.2363, 1900.6008, 1921.4341, 1944.5288, 1973.6833, 2009.6545, 2035.9703, 2062.637, 2095.7496, 2129.4196, 2164.0217, 2205.5155, 2240.6032, 2278.339, 2323.7935, 2365.6345, 2394.8743, 2426.9256, 2458.3721, 2488.9531, 2507.3355, 2524.0022, 2545.7887, 2567.1107, 2590.6401, 2614.4496, 2639.6385, 2667.0358, 2698.4823, 2730.4312, 2760.1931]
growth_rate:81.85
