ticker:RSSS
price:[2.490000009536743, 2.450000047683716, 2.2899999618530273, 2.390000104904175, 2.3499999046325684, 2.299999952316284, 2.380000114440918, 2.319999933242798, 2.299999952316284, 2.2799999713897705, 2.1700000762939453, 2.319999933242798, 2.3499999046325684, 2.2699999809265137, 2.299999952316284, 2.2100000381469727, 2.2699999809265137, 2.3299999237060547, 2.4200000762939453, 2.75, 2.509999990463257, 2.5, 2.5, 2.3399999141693115, 2.4100000858306885, 2.0199999809265137, 2.049999952316284, 2.2899999618530273, 2.1500000953674316, 2.190000057220459, 2.3299999237060547, 2.450000047683716, 2.369999885559082, 2.3399999141693115, 2.25, 2.25, 2.299999952316284, 2.299999952316284, 2.390000104904175, 2.430000066757202, 2.4100000858306885, 2.5, 2.5899999141693115, 2.7300000190734863, 3.0899999141693115, 2.940000057220459, 2.7200000286102295, 2.7100000381469727, 2.680000066757202, 2.640000104904175, 2.440000057220459, 2.4800000190734863]
assets:[0, 99.99993694627284, 193.4692727771759, 301.91771925206183, 396.86469389448166, 488.4208598740339, 605.4094351107598, 690.1468521412611, 784.1974037419795, 877.3781889903545, 935.0484758749008, 1099.6829843569994, 1213.9030257375239, 1272.5787873072625, 1389.3970811949491, 1435.0294907701493, 1573.989611774683, 1715.5929238243104, 1881.860545328331, 2238.4777249999997, 2143.1195668572186, 2234.58125, 2334.58125, 2285.167866180539, 2453.527820380902, 2156.4839056377887, 2288.5108867684366, 2656.434076748943, 2594.0320900633333, 2742.2931056508064, 3017.59944419117, 3273.0123937017916, 3266.1383172869682, 3324.7947280472517, 3296.918025, 3396.9179249999997, 3572.4050059367178, 3672.405093863511, 3916.1081428895714, 4081.649728131485, 4148.055997730494, 4402.9625, 4661.468895522356, 5013.440285027027, 5774.553214600682, 5594.235342879152, 5275.619031491423, 5356.223477396203, 5396.929462434292, 5416.378391227531, 5106.046599741935, 5289.75224868307]
shares:[0, 40.8163, 84.4844, 126.3254, 168.8786, 212.3569, 254.3737, 297.4771, 340.9554, 384.815, 430.8979, 474.0013, 516.5545, 560.6074, 604.0857, 649.3346, 693.3875, 736.306, 777.6283, 813.9919, 853.8325, 893.8325, 933.8325, 976.5675, 1018.0613, 1067.5663, 1116.3468, 1160.0149, 1206.5265, 1252.1886, 1295.1071, 1335.9234, 1378.1175, 1420.8525, 1465.2969, 1509.7413, 1553.2196, 1596.6979, 1638.5389, 1679.6912, 1721.185, 1761.185, 1799.795, 1836.425, 1868.7875, 1902.8011, 1939.5658, 1976.4662, 2013.7796, 2051.6584, 2092.642, 2132.9646]
growth_rate:3.72
