ticker:RSVRW
price:[1.6200000047683716, 2.2100000381469727, 2.247999906539917, 2.6600000858306885, 2.0399999618530273, 1.4500000476837158, 1.5800000429153442, 1.559999942779541, 1.2699999809265137, 1.2100000381469727, 1.2799999713897705, 1.2999999523162842, 1.4149999618530273, 2.299999952316284, 1.5499999523162842, 1.5299999713897705, 1.399999976158142, 1.3799999952316284, 1.5199999809265137, 1.6360000371932983, 1.5299999713897705, 1.590000033378601, 1.5399999618530273, 1.5010000467300415, 1.5, 1.5800000429153442, 1.2599999904632568, 1.0, 1.0800000429153442, 0.7900000214576721, 0.9700000286102295, 0.9900000095367432, 1.100000023841858]
assets:[0, 100.00007072610855, 201.7195508135557, 338.68956492855546, 359.74685327291485, 355.70241169738773, 487.59291124380826, 581.4208706736088, 573.3362843893528, 646.2495253739357, 783.6358224843741, 895.8801471393108, 1075.1311210155486, 1847.5630516962292, 1345.0967786198617, 1427.7407403019668, 1406.4294760486482, 1486.3376888641953, 1737.1255942019463, 1969.6957827796339, 1942.0748636841772, 2118.2347734677433, 2151.6235747026444, 2197.134448802519, 2295.67065, 2518.1064243958235, 2108.1101420440436, 1773.1033, 2014.9516520669818, 1573.8998207496525, 2032.5099299490453, 2174.4173099463223, 2516.019274533248]
shares:[0, 45.2489, 89.7329, 127.3269, 176.3465, 245.312, 308.6031, 372.7057, 451.4459, 534.0905, 612.2155, 689.1386, 759.81, 803.2883, 867.8044, 933.1639, 1004.5925, 1077.0563, 1142.8458, 1203.9705, 1269.33, 1332.2231, 1397.1582, 1463.7804, 1530.4471, 1593.7382, 1673.1033, 1773.1033, 1865.6959, 1992.2782, 2095.371, 2196.3811, 2287.2902]
growth_rate:-21.37
