ticker:RSVR
price:[10.100000381469727, 10.430000305175781, 10.529999732971191, 10.5, 10.680000305175781, 10.795000076293945, 11.479999542236328, 10.609999656677246, 10.170000076293945, 10.170000076293945, 10.130000114440918, 9.930000305175781, 9.90999984741211, 10.069999694824219, 9.930000305175781, 9.989999771118164, 10.770000457763672, 10.109999656677246, 10.0600004196167, 9.920000076293945, 9.890000343322754, 9.920000076293945, 10.0, 9.920000076293945, 9.920000076293945, 9.930000305175781, 9.960000038146973, 9.970000267028809, 9.585000038146973, 9.0, 7.380000114440918, 7.599999904632568, 7.46999979019165, 8.199999809265137, 8.979999542236328, 8.979999542236328]
assets:[0, 99.99971392593383, 200.9587269039154, 300.3861, 405.53563158798215, 509.9018286037445, 642.2577583900452, 693.5852265566826, 764.8216347375869, 864.8212114877701, 961.4200768613815, 1042.438523036957, 1140.3387274417878, 1258.7499618530273, 1341.2501062202455, 1449.3541617937087, 1662.5175826629638, 1660.6361916069031, 1752.423905096054, 1828.0357900592805, 1922.5072767381669, 2028.3384475997925, 2144.696, 2227.5380011318207, 2327.537553900909, 2429.8839836769102, 2537.225349717617, 2639.772922701645, 2637.8361014982224, 2576.8413, 2213.009638316917, 2378.980090147734, 2438.2871135163305, 2776.5666754160884, 3140.679407901001, 3240.6797848033907]
shares:[0, 9.5877, 19.0844, 28.6082, 37.9715, 47.235, 55.9458, 65.3709, 75.2037, 85.0365, 94.9082, 104.9787, 115.0695, 125.0, 135.0705, 145.0805, 154.3656, 164.2568, 174.1972, 184.2778, 194.389, 204.4696, 214.4696, 224.5502, 234.6308, 244.7013, 254.7415, 264.7716, 275.2046, 286.3157, 299.8658, 313.0237, 326.4106, 338.6057, 349.7416, 360.8775]
growth_rate:-7.41
