ticker:RTH
price:[149.1999969482422, 146.1199951171875, 145.25, 145.27000427246094, 149.75, 153.94000244140625, 155.1199951171875, 153.00999450683594, 144.22999572753906, 156.00999450683594, 156.75, 154.39999389648438, 158.1300048828125, 158.14999389648438, 155.91000366210938, 157.25999450683594, 155.8300018310547, 157.0800018310547, 161.3000030517578, 160.50999450683594, 162.92999267578125, 156.88999938964844, 162.63999938964844, 162.42999267578125, 162.13999938964844, 153.60000610351562, 151.77000427246094, 159.24000549316406, 160.49000549316406, 164.97999572753906, 165.88999938964844, 171.44000244140625, 173.8699951171875, 172.52000427246094, 173.66000366210938, 176.44000244140625, 172.1699981689453, 171.11000061035156, 170.80999755859375, 170.39999389648438, 171.86000061035156, 169.75, 174.1300048828125, 176.52000427246094, 178.47999572753906, 176.3300018310547, 180.7100067138672, 176.6300048828125, 177.1999969482422, 178.89999389648438, 178.9499969482422, 179.3800048828125]
assets:[0, 100.00452465820312, 199.413725, 299.44505980682374, 408.682725, 520.1170862487793, 624.1097883544921, 715.6277443084716, 774.5583460556031, 937.8228799789429, 1042.277775, 1126.6567554626465, 1253.8760607177735, 1354.0328027435303, 1434.8553547027586, 1547.2810859527588, 1633.207500190735, 1746.3055043563843, 1893.2265258193968, 1983.9516851028443, 2113.8700179748535, 2135.5082266921995, 2313.7816873168945, 2410.7859512939453, 2506.489822564697, 2474.465378326416, 2544.985670643616, 2770.250603562927, 2891.9978009857177, 3072.90090242157, 3189.8490312637327, 3396.5693283691407, 3544.7049774536135, 3617.1751735794064, 3741.0706288909914, 3900.9649459777834, 3906.554475453186, 3982.4997092056274, 4075.509460748291, 4165.734570788574, 4301.432397276306, 4348.62155, 4560.830500891113, 4723.4281863250735, 4875.877155281067, 4917.138431060791, 5139.2841649383545, 5123.259269628907, 5239.786189759827, 5390.060026107788, 5491.563821348572, 5604.764128564453]
shares:[0, 0.6844, 1.3729, 2.0613, 2.7291, 3.3787, 4.0234, 4.677, 5.3703, 6.0113, 6.6493, 7.297, 7.9294, 8.5617, 9.2031, 9.839, 10.4807, 11.1173, 11.7373, 12.3603, 12.9741, 13.6115, 14.2264, 14.842, 15.4588, 16.1098, 16.7687, 17.3967, 18.0198, 18.6259, 19.2287, 19.812, 20.3871, 20.9667, 21.5425, 22.1093, 22.6901, 23.2745, 23.8599, 24.4468, 25.0287, 25.6178, 26.1921, 26.7586, 27.3189, 27.886, 28.4394, 29.0056, 29.5699, 30.1289, 30.6877, 31.2452]
growth_rate:9.9
