ticker:RTLR
price:[7.5, 7.010000228881836, 7.110000133514404, 5.670000076293945, 6.050000190734863, 6.519999980926514, 6.619999885559082, 6.5, 5.869999885559082, 6.75, 7.349999904632568, 8.15999984741211, 8.529999732971191, 9.699999809265137, 9.630000114440918, 9.8100004196167, 9.880000114440918, 9.479999542236328, 9.630000114440918, 10.40999984741211, 9.729999542236328, 9.5600004196167, 10.09000015258789, 10.270000457763672, 10.25, 11.0, 10.949999809265137, 10.989999771118164, 11.430000305175781, 10.760000228881836, 11.069999694824219, 10.520000457763672, 10.850000381469727, 10.779999732971191, 11.350000381469727, 11.550000190734863, 10.729999542236328, 10.670000076293945, 10.539999961853027, 10.949999809265137, 11.720000267028809, 10.960000038146973, 10.90999984741211, 11.170000076293945, 10.6899995803833, 10.210000038146973, 10.380000114440918, 10.40999984741211, 10.539999961853027, 10.600000381469727, 10.25, 10.880000114440918]
assets:[0, 99.99975626506806, 201.42630378246307, 260.63119250698094, 378.09839192008974, 507.47115851545334, 615.2541833640098, 704.10145, 735.8579026537896, 946.1738250000001, 1130.2778403344632, 1354.8390466651917, 1516.2714275336266, 1824.2479241291046, 1911.0831527109146, 2046.8045945508004, 2161.4100810358045, 2173.903251028061, 2308.300434431362, 2595.265011959076, 2525.7376061725613, 2581.6092813144683, 2824.731866717529, 2975.1236216098787, 3069.3297, 3393.9147, 3478.487534409237, 3591.1945322084425, 3834.9731283920287, 3710.1761229211806, 3917.067363014984, 3822.452686328888, 4042.358602123261, 4116.278218036651, 4433.929859022904, 4612.060606162834, 4384.624391942978, 4460.106979891205, 4505.766717692471, 4781.038191720486, 5217.238986869716, 4978.9197773294445, 5056.205608283615, 5276.702451041221, 5149.9500578479765, 5018.708161751079, 5202.271293355751, 5317.30612505989, 5483.7090201530455, 5614.926202068329, 5529.5275249999995, 5969.391486788844]
shares:[0, 14.2653, 28.33, 45.9667, 62.4956, 77.833, 92.9387, 108.3233, 125.3591, 140.1739, 153.7793, 166.0342, 177.7575, 188.0668, 198.451, 208.6447, 218.7662, 229.3147, 239.6989, 249.305, 259.5825, 270.0428, 279.9536, 289.6907, 299.4468, 308.5377, 317.6701, 326.7693, 335.5182, 344.8119, 353.8453, 363.351, 372.5676, 381.844, 390.6546, 399.3126, 408.6323, 418.0044, 427.4921, 436.6245, 445.1569, 454.281, 463.4469, 472.3995, 481.754, 491.5483, 501.1822, 510.7883, 520.276, 529.71, 539.4661, 548.6573]
growth_rate:17.05
