ticker:RTPYU
price:[10.170000076293945, 10.039999961853027, 10.039999961853027, 10.1899995803833, 10.329999923706055, 10.229999542236328, 10.109999656677246, 10.145000457763672, 10.029999732971191, 10.0, 9.949999809265137, 10.039999961853027, 10.199999809265137, 10.220000267028809, 10.15999984741211, 10.079999923706055, 10.0600004196167, 10.210000038146973, 10.149999618530273, 10.039999961853027, 10.0, 9.989999771118164, 9.970000267028809, 10.069999694824219, 9.989999771118164, 10.020000457763672]
assets:[0, 100.00040762004852, 200.00081524009704, 302.98842852315903, 407.15074899291994, 503.2095854827881, 597.3068677162171, 699.3750270572663, 791.4472189292908, 889.08, 984.6350661252021, 1093.5417358450889, 1210.9684573554991, 1313.3425963150978, 1405.6319148895266, 1494.5636046878813, 1591.5987023878097, 1715.3300354088783, 1805.2494971529006, 1885.6856848353384, 1978.1729999999998, 2076.194679432106, 2172.038336174202, 2293.8240834846497, 2375.60096657238, 2482.734671423721]
shares:[0, 9.9602, 19.9204, 29.7339, 39.4144, 49.1896, 59.0808, 68.9379, 78.908, 88.908, 98.9583, 108.9185, 118.7224, 128.5071, 138.3496, 148.2702, 158.2106, 168.0049, 177.8571, 187.8173, 197.8173, 207.8273, 217.8574, 227.7879, 237.7979, 247.7779]
growth_rate:-0.69
