ticker:RUBY
price:[4.809999942779541, 4.900000095367432, 5.510000228881836, 4.980000019073486, 4.71999979019165, 5.449999809265137, 5.409999847412109, 4.590000152587891, 4.230000019073486, 4.420000076293945, 4.929999828338623, 5.559999942779541, 6.849999904632568, 7.010000228881836, 6.389999866485596, 7.489999771118164, 8.039999961853027, 7.590000152587891, 9.529999732971191, 9.479999542236328, 9.479999542236328, 11.970000267028809, 13.8100004196167, 12.960000038146973, 12.640000343322754, 10.380000114440918, 12.5600004196167, 16.43000030517578, 25.309999465942383, 24.6200008392334, 25.0, 23.8799991607666, 24.299999237060547, 24.65999984741211, 25.020000457763672, 26.149999618530273, 25.549999237060547, 26.209999084472656, 24.43000030517578, 24.709999084472656, 27.600000381469727, 25.200000762939453, 24.729999542236328, 25.450000762939453, 24.350000381469727, 22.489999771118164, 21.770000457763672, 21.489999771118164, 21.6299991607666, 24.5, 20.399999618530273, 22.670000076293945]
assets:[0, 100.00018194627762, 212.44907882499697, 292.01375511841775, 376.76784725232125, 535.0390162751198, 631.1121881996155, 635.4538501247406, 685.6144770915031, 816.4102580921174, 1010.6115108107566, 1239.756555241108, 1627.3976323429586, 1765.4096736419679, 1709.2680932860853, 2103.5080137203217, 2357.9711888122556, 2325.9950147613526, 3020.518167365646, 3104.6704620838163, 3204.6702372550963, 4146.403304498673, 4883.778215393543, 4683.182845784664, 4667.548910778141, 3933.0028033618923, 4859.009490334511, 6456.1719059188845, 10045.569160031891, 9871.706934501457, 10124.0725, 9770.513596627236, 10042.356194703292, 10291.133330321883, 10541.369046863938, 11117.457907821274, 10962.372807656478, 11345.548513694763, 10675.037982350921, 10897.386348242188, 12271.909609614564, 11304.7883822567, 11193.945264794922, 11619.851913339615, 11217.619050736428, 10460.748854540443, 10225.85686302185, 10194.333684424018, 10360.745805008126, 11835.472249999999, 9954.84281384945, 11162.56294956665]
shares:[0, 20.4082, 38.557, 58.6373, 79.8237, 98.1723, 116.6566, 138.4431, 162.0838, 184.7082, 204.9922, 222.9778, 237.5763, 251.8416, 267.4911, 280.8422, 293.28, 306.4552, 316.9484, 327.4969, 338.0454, 346.3996, 353.6407, 361.3567, 369.2681, 378.902, 386.8638, 392.9502, 396.9012, 400.9629, 404.9629, 409.1505, 413.2657, 417.3209, 421.3177, 425.1418, 429.0557, 432.871, 436.9643, 441.0112, 444.6344, 448.6027, 452.6464, 456.5757, 460.6825, 465.1289, 469.7224, 474.3757, 478.9989, 483.0805, 487.9825, 492.3936]
growth_rate:118.87
