ticker:RUN
price:[49.224998474121094, 55.880001068115234, 60.86000061035156, 66.45999908447266, 76.44999694824219, 71.43000030517578, 62.38999938964844, 56.029998779296875, 52.02000045776367, 57.72999954223633, 55.400001525878906, 61.439998626708984, 66.75, 57.709999084472656, 58.279998779296875, 62.70000076293945, 68.62000274658203, 69.37999725341797, 96.5, 84.25, 86.38999938964844, 69.2699966430664, 75.08000183105469, 83.68000030517578, 68.5, 62.58000183105469, 52.470001220703125, 62.290000915527344, 55.58000183105469, 57.09000015258789, 59.130001068115234, 51.599998474121094, 52.15999984741211, 55.689998626708984, 49.0, 45.63999938964844, 41.41999816894531, 45.970001220703125, 44.720001220703125, 42.310001373291016, 44.959999084472656, 52.709999084472656, 54.380001068115234, 56.81999969482422, 52.58000183105469, 46.349998474121094, 50.619998931884766, 52.970001220703125, 48.369998931884766, 46.689998626708984, 42.119998931884766, 44.380001068115234]
assets:[0, 99.99726191139221, 208.90803809509276, 328.1329534797668, 477.45316594085693, 546.1037813331603, 576.9889533554077, 618.1733735321045, 673.92950993042, 847.9035952766419, 913.6845251655578, 1113.2989191158294, 1309.51485, 1232.1661904525756, 1344.338903842163, 1546.2948788154602, 1792.2927137382508, 1912.1404763031007, 2759.58155, 2509.2683, 2673.0016101150513, 2243.2880602867126, 2531.4423897369384, 2921.402698654175, 2491.44775, 2376.131379524231, 2092.2622866760253, 2583.839069976807, 2405.5024792480467, 2570.8540508712767, 2762.7192139053345, 2510.8972057495116, 2638.14847228241, 2916.6912810756685, 2666.3105, 2583.479549450684, 2444.6041499313355, 2813.143418701172, 2836.6478134307863, 2783.7780783554076, 3058.1341777267457, 3685.2828379898074, 3902.0424146427154, 4177.122277565002, 3965.4207400924683, 3595.573321630859, 4026.8158530315395, 4313.760365411376, 4039.146434806824, 3998.858312381745, 3707.452849983215, 4006.3824064235687]
shares:[0, 1.7895, 3.4326, 4.9373, 6.2453, 7.6453, 9.2481, 11.0329, 12.9552, 14.6874, 16.4925, 18.1201, 19.6182, 21.351, 23.0669, 24.6618, 26.1191, 27.5604, 28.5967, 29.7836, 30.9411, 32.3847, 33.7166, 34.9116, 36.3715, 37.9695, 39.8754, 41.4808, 43.28, 45.0316, 46.7228, 48.6608, 50.578, 52.3737, 54.4145, 56.6056, 59.0199, 61.1952, 63.4313, 65.7948, 68.019, 69.9162, 71.7551, 73.515, 75.4169, 77.5744, 79.5499, 81.4378, 83.5052, 85.647, 88.0212, 90.2745]
growth_rate:-21.44
