ticker:RUSHA
price:[32.93333435058594, 32.5, 33.97999954223633, 32.27333450317383, 34.82666778564453, 37.20000076293945, 37.099998474121094, 38.650001525878906, 35.84000015258789, 36.34000015258789, 37.290000915527344, 38.400001525878906, 38.7400016784668, 40.15999984741211, 41.27000045776367, 41.09000015258789, 41.119998931884766, 41.41999816894531, 43.58000183105469, 44.599998474121094, 46.20000076293945, 41.9900016784668, 42.88999938964844, 41.47999954223633, 41.189998626708984, 42.43000030517578, 45.45000076293945, 50.08000183105469, 49.27000045776367, 49.189998626708984, 49.75, 50.70000076293945, 50.7400016784668, 49.84000015258789, 49.36000061035156, 49.59000015258789, 51.380001068115234, 49.060001373291016, 47.79999923706055, 46.900001525878906, 46.599998474121094, 41.869998931884766, 41.5099983215332, 42.939998626708984, 44.029998779296875, 44.72999954223633, 46.810001373291016, 46.9900016784668, 45.349998474121094, 45.2400016784668, 43.88999938964844, 45.15999984741211]
assets:[0, 99.99925, 204.55280124435424, 294.2779460002899, 417.56129874954223, 546.0178911983489, 644.549403490448, 771.4772204574584, 815.3886754714966, 926.764487891388, 1050.9925728034973, 1182.2784469795226, 1292.7461080101011, 1440.1295625282287, 1579.9353005245207, 1673.04510021286, 1774.2662739124298, 1887.2110925720217, 2085.6255796295163, 2234.4420835540773, 2414.6014598743436, 2294.568835720825, 2443.747784223938, 2463.4100648143767, 2546.1885981090545, 2722.839194583893, 3016.6392656383514, 3423.9446851882935, 3468.563689226151, 3562.929980529785, 3703.494475, 3874.215208299637, 3977.2702535671233, 4006.7223402668, 4068.1327863037104, 4187.087031883621, 4438.225044264221, 4337.821543424607, 4326.41617094574, 4344.956841362, 4417.162595363617, 4068.809260203552, 4133.827145847702, 4376.234254040909, 4587.3226618194585, 4760.25153828392, 5081.609491082001, 5201.14942278328, 5119.6248177413945, 5207.20562519455, 5151.816906356812, 5400.887601751328]
shares:[0, 3.0769, 6.0198, 9.1183, 11.9897, 14.6779, 17.3733, 19.9606, 22.7508, 25.5026, 28.1843, 30.7885, 33.3698, 35.8598, 38.2829, 40.7166, 43.1485, 45.5628, 47.8574, 50.0996, 52.2641, 54.6456, 56.9771, 59.3879, 61.8157, 64.1725, 66.3727, 68.3695, 70.3991, 72.432, 74.4421, 76.4145, 78.3853, 80.3917, 82.4176, 84.4341, 86.3804, 88.4187, 90.5108, 92.643, 94.7889, 97.1772, 99.5863, 101.9151, 104.1863, 106.4219, 108.5582, 110.6863, 112.8914, 115.1018, 117.3802, 119.5945]
growth_rate:5.9
