ticker:RUSHB
price:[29.14666748046875, 27.873332977294922, 29.52666664123535, 28.086666107177734, 30.233333587646484, 33.15999984741211, 33.349998474121094, 34.59000015258789, 31.450000762939453, 32.20000076293945, 33.90999984741211, 34.97999954223633, 35.45000076293945, 36.41999816894531, 37.9900016784668, 37.06999969482422, 37.689998626708984, 37.88999938964844, 40.349998474121094, 40.849998474121094, 43.189998626708984, 38.72999954223633, 39.880001068115234, 38.90999984741211, 38.59000015258789, 37.95000076293945, 41.09000015258789, 46.279998779296875, 47.099998474121094, 44.52000045776367, 45.029998779296875, 46.150001525878906, 45.2400016784668, 44.939998626708984, 43.790000915527344, 44.97999954223633, 46.0, 44.58000183105469, 43.36000061035156, 42.130001068115234, 41.43000030517578, 38.15999984741211, 36.20000076293945, 38.41999816894531, 38.81999969482422, 39.459999084472656, 43.2599983215332, 43.880001068115234, 42.900001525878906, 44.099998474121094, 42.40999984741211, 43.97999954223633]
assets:[0, 100.00115672264099, 205.93373648929597, 295.8902187725067, 418.50492018699646, 559.0179094276428, 662.2209147010803, 786.8429464710235, 815.4167497810363, 934.8626221504212, 1084.509615119934, 1218.7311680511475, 1335.1072937335969, 1471.637434011841, 1635.0782752407076, 1695.4816970420836, 1823.8378785457612, 1933.515301853943, 2159.0477183532716, 2285.80251461792, 2516.74168597641, 2356.8521541435243, 2526.8327596767426, 2565.371308939743, 2644.271708455658, 2700.4157942886354, 3023.8500922290805, 3505.788583529663, 3667.902961172485, 3566.986956676483, 3707.8466504852295, 3900.0674039497376, 3923.1631815547944, 3997.147731853867, 3994.8610665214537, 4203.421439221573, 4398.7408, 4362.95561920166, 4343.557709141541, 4320.343136532974, 4348.5591200317385, 4105.332919584274, 3994.4709841861722, 4339.435059187317, 4484.614470745087, 4658.548841915131, 5207.167063964463, 5381.794371002197, 5361.599290702819, 5611.574865837098, 5496.526825223923, 5800.0075736309045]
shares:[0, 3.5877, 6.9745, 10.5349, 13.8425, 16.8582, 19.8567, 22.7477, 25.9274, 29.033, 31.982, 34.8408, 37.6617, 40.4074, 43.0397, 45.7373, 48.3905, 51.0297, 53.508, 55.956, 58.2714, 60.8534, 63.3609, 65.9309, 68.5222, 71.1572, 73.5909, 75.7517, 77.8748, 80.121, 82.3417, 84.5085, 86.7189, 88.9441, 91.2277, 93.4509, 95.6248, 97.868, 100.1743, 102.5479, 104.9616, 107.5821, 110.3445, 112.9473, 115.5233, 118.0575, 120.3691, 122.648, 124.979, 127.2466, 129.6045, 131.8783]
growth_rate:13.73
