ticker:RUTH
price:[11.0600004196167, 11.069999694824219, 11.5, 11.050000190734863, 11.079999923706055, 11.34000015258789, 11.25, 12.119999885559082, 11.180000305175781, 11.920000076293945, 13.850000381469727, 14.359999656677246, 16.3700008392334, 16.829999923706055, 16.280000686645508, 16.59000015258789, 17.209999084472656, 17.729999542236328, 17.40999984741211, 18.81999969482422, 19.540000915527344, 18.190000534057617, 19.389999389648438, 19.559999465942383, 20.670000076293945, 22.809999465942383, 24.010000228881836, 26.43000030517578, 24.81999969482422, 25.520000457763672, 24.93000030517578, 24.649999618530273, 24.950000762939453, 24.469999313354492, 26.110000610351562, 27.06999969482422, 25.06999969482422, 23.75, 24.139999389648438, 22.829999923706055, 24.440000534057617, 22.100000381469727, 23.6299991607666, 23.09000015258789, 22.6200008392334, 20.399999618530273, 20.299999237060547, 19.969999313354492, 20.200000762939453, 20.3799991607666, 18.809999465942383, 20.850000381469727]
assets:[0, 99.9997352432251, 203.88465, 295.9068501076698, 396.71053326835636, 506.01915680885315, 602.00325, 748.5578569318772, 790.5009275779723, 942.824326034546, 1195.4794029270172, 1339.5007679748535, 1626.9931024103164, 1772.7123069639206, 1814.7805165424347, 1949.336630929184, 2122.187360105133, 2286.310035970688, 2345.045152447128, 2634.965573272705, 2835.771942867279, 2739.8506404418945, 3020.59931191864, 3147.0826420734406, 3425.674251644325, 3880.3390261484146, 4184.477245889663, 4706.236860340881, 4519.553168429566, 4747.018669149398, 4737.270954990387, 4784.06453096447, 4942.288266128922, 4947.204982177925, 5378.772398735046, 5676.535624005127, 5357.138038787842, 5175.070374999999, 5360.050292477417, 5169.177714725494, 5633.715847106743, 5194.317789659501, 5653.923906197548, 5624.719419170379, 5610.228442147255, 5159.622983517646, 5234.330443276977, 5249.2401305109015, 5409.697564320374, 5557.902939129638, 5229.742270516014, 5896.924292889595]
shares:[0, 9.0334, 17.7291, 26.7789, 35.8042, 44.6225, 53.5114, 61.7622, 70.7067, 79.096, 86.3162, 93.28, 99.3887, 105.3305, 111.473, 117.5007, 123.3113, 128.9515, 134.6953, 140.0088, 145.1265, 150.624, 155.7813, 160.8938, 165.7317, 170.1157, 174.2806, 178.0642, 182.0932, 186.0117, 190.0229, 194.0797, 198.0877, 202.1743, 206.0043, 209.6984, 213.6872, 217.8977, 222.0402, 226.4204, 230.5121, 235.037, 239.2689, 243.5998, 248.0207, 252.9227, 257.8488, 262.8563, 267.8068, 272.7136, 278.0299, 282.8261]
growth_rate:15.63
