ticker:RVMD
price:[26.8799991607666, 27.850000381469727, 30.940000534057617, 32.869998931884766, 35.54999923706055, 39.86000061035156, 45.4900016784668, 40.369998931884766, 30.190000534057617, 33.5099983215332, 39.939998626708984, 39.560001373291016, 43.970001220703125, 40.52000045776367, 41.97999954223633, 40.68000030517578, 42.61000061035156, 39.59000015258789, 40.31999969482422, 40.77000045776367, 43.16999816894531, 42.13999938964844, 53.22999954223633, 49.779998779296875, 44.7400016784668, 45.68000030517578, 45.5, 47.56999969482422, 48.380001068115234, 43.029998779296875, 46.84000015258789, 42.66999816894531, 40.31999969482422, 41.20000076293945, 33.189998626708984, 29.559999465942383, 31.989999771118164, 31.389999389648438, 29.90999984741211, 30.489999771118164, 34.27000045776367, 33.959999084472656, 33.34000015258789, 32.72999954223633, 32.77000045776367, 29.809999465942383, 28.940000534057617, 28.639999389648438, 27.979999542236328, 25.559999465942383, 25.440000534057617, 28.510000228881836]
assets:[0, 100.00099636974335, 211.0974356437683, 324.2658264629364, 450.70289032745364, 605.3458572692871, 790.8482281803132, 801.8369927848817, 699.6411863765717, 876.5813440933227, 1144.784204637909, 1233.892266833496, 1471.4428998504638, 1455.9889684486388, 1608.4510884609224, 1658.6415844429016, 1837.3347043182373, 1807.113269964981, 1940.4362733131409, 2062.0936221530915, 2283.481370146179, 2328.997700267029, 3041.918814840317, 2944.7607177886966, 2746.6155470420836, 2904.3207154029847, 2992.8762500000003, 3229.0373082847595, 3384.021420711136, 3109.808132778931, 3485.158315353394, 3274.8882234680177, 3194.529383821106, 3364.2519822990416, 2810.1839077239993, 2602.8318529748917, 2916.8001941308976, 2962.092180404663, 2922.4343010910034, 3079.1058028858183, 3560.8381055641175, 3628.6259021759033, 3662.3790127616885, 3695.3707793163303, 3799.8880040805816, 3556.657865281105, 3552.8567875642775, 3616.0261789382935, 3632.6965025676723, 3418.504236572838, 3502.4546175264354, 4025.115958314133]
shares:[0, 3.5907, 6.8228, 9.8651, 12.678, 15.1868, 17.3851, 19.8622, 23.1746, 26.1588, 28.6626, 31.1904, 33.4647, 35.9326, 38.3147, 40.7729, 43.1198, 45.6457, 48.1259, 50.5787, 52.8951, 55.2681, 57.1467, 59.1555, 61.3906, 63.5797, 65.7775, 67.8797, 69.9467, 72.2707, 74.4056, 76.7492, 79.2294, 81.6566, 84.6696, 88.0525, 91.1785, 94.3642, 97.7076, 100.9874, 103.9054, 106.85, 109.8494, 112.9047, 115.9563, 119.3109, 122.7663, 126.2579, 129.8319, 133.7443, 137.6751, 141.1826]
growth_rate:-21.08
