ticker:RVNC
price:[27.1200008392334, 28.149999618530273, 31.950000762939453, 26.06999969482422, 24.729999542236328, 27.610000610351562, 25.6200008392334, 25.290000915527344, 25.8799991607666, 26.540000915527344, 26.850000381469727, 24.010000228881836, 24.790000915527344, 24.31999969482422, 25.415000915527344, 26.75, 27.549999237060547, 28.34000015258789, 29.329999923706055, 28.639999389648438, 28.59000015258789, 25.440000534057617, 28.6200008392334, 28.969999313354492, 28.0, 26.260000228881836, 26.290000915527344, 27.760000228881836, 29.299999237060547, 28.030000686645508, 28.040000915527344, 28.1299991607666, 27.219999313354492, 28.979999542236328, 29.1200008392334, 28.479999542236328, 29.059999465942383, 28.040000915527344, 29.610000610351562, 27.950000762939453, 30.0, 30.399999618530273, 30.81999969482422, 30.389999389648438, 33.209999084472656, 28.920000076293945, 29.989999771118164, 29.079999923706055, 29.06999969482422, 26.020000457763672, 26.969999313354492, 27.299999237060547]
assets:[0, 100.00005864486694, 213.4994900981903, 274.2068637901306, 360.11330733413695, 502.0519680984498, 565.8663965360641, 658.5769138412476, 773.9413749027252, 893.6787968284607, 1004.1175192659379, 997.9084315128325, 1130.3273607444762, 1208.8961128303529, 1363.3267281112671, 1534.939075, 1680.84473845253, 1829.0437718479157, 1992.9382988159182, 2046.05301239624, 2142.4802904346466, 2006.4248581205368, 2357.2291291217803, 2486.054697075653, 2502.8136, 2447.2823393304825, 2550.0775088043215, 2792.6643510255813, 3047.5896106441496, 3015.492700869942, 3116.5675897583005, 3226.569976738167, 3222.1919167177202, 3530.5348122322084, 3647.591689122963, 3667.423653052902, 3842.1126153905866, 3807.254500309754, 4120.427010934448, 3989.4265888977047, 4382.031, 4540.45882302475, 4703.187429429627, 4737.569940850831, 5277.185089519501, 4695.488808387184, 4969.214005075263, 4918.431247096062, 5016.740662334442, 4590.388634757614, 4857.9846113176345, 5017.4259097805025]
shares:[0, 3.5524, 6.6823, 10.5181, 14.5618, 18.1837, 22.0869, 26.041, 29.905, 33.6729, 37.3973, 41.5622, 45.5961, 49.7079, 53.6426, 57.3809, 61.0107, 64.5393, 67.9488, 71.4404, 74.9381, 78.8689, 82.363, 85.8148, 89.3862, 93.1943, 96.998, 100.6003, 104.0133, 107.5809, 111.1472, 114.7021, 118.3759, 121.8266, 125.2607, 128.7719, 132.2131, 135.7794, 139.1566, 142.7344, 146.0677, 149.3572, 152.6018, 155.8924, 158.9035, 162.3613, 165.6957, 169.1345, 172.5745, 176.4177, 180.1255, 183.7885]
growth_rate:-1.62
