ticker:RVPH
price:[10.699999809265137, 10.739999771118164, 10.880000114440918, 10.800000190734863, 10.75, 10.779999732971191, 10.699999809265137, 10.8100004196167, 10.850000381469727, 10.869999885559082, 10.880000114440918, 10.859999656677246, 10.899999618530273, 10.899999618530273, 9.0, 7.920000076293945, 8.600000381469727, 8.739999771118164, 9.380000114440918, 9.399999618530273, 8.899999618530273, 8.119999885559082, 9.449999809265137, 9.100000381469727, 8.649999618530273, 9.210000038146973, 7.829999923706055, 8.479999542236328, 7.619999885559082, 5.900000095367432, 5.599999904632568, 5.019999980926514, 4.409999847412109, 4.320000171661377, 5.769999980926514, 5.440000057220459, 4.829999923706055, 5.420000076293945, 5.0, 4.960000038146973, 4.829999923706055, 4.900000095367432, 4.989999771118164, 4.559999942779541, 4.570000171661377, 3.950000047683716, 3.8299999237060547, 3.5, 3.4200000762939453, 3.5, 3.3299999237060547, 3.5899999141693115]
assets:[0, 100.00013786888123, 201.30393811740873, 299.8242052950859, 398.43585, 499.5473436258316, 595.8401893787384, 701.9657542485237, 804.5633332872391, 906.0460134610177, 1006.8798185908317, 1105.0288570661546, 1209.0988076848985, 1309.0986741851807, 1180.9071000000001, 1139.1985549739838, 1337.0085193056107, 1458.7732597978593, 1665.5944263211252, 1769.1457282047272, 1775.0426239185335, 1719.4773717661858, 2101.1157925919533, 2123.296719008064, 2118.2984065818787, 2355.4372477560046, 2102.505315513611, 2377.0430876834866, 2235.9754284190176, 1831.2673996005535, 1838.1518086964606, 1747.7717273593425, 1635.3928774147034, 1702.0174276320934, 2373.2961971547606, 2337.5620405875684, 2175.4454896369934, 2541.183295770645, 2444.265, 2524.7109474173544, 2558.5388655857087, 2695.619412464142, 2845.130704499245, 2699.959094119978, 2805.8800223963262, 2525.213700483942, 2548.4984182336807, 2428.91495, 2473.3970651769637, 2631.2541499999998, 2603.450217352104, 2906.722769505286]
shares:[0, 9.311, 18.5022, 27.7615, 37.0638, 46.3402, 55.686, 64.9367, 74.1533, 83.3529, 92.5441, 101.7522, 110.9265, 120.1008, 131.2119, 143.8382, 155.4661, 166.9077, 177.5687, 188.207, 199.443, 211.7583, 222.3403, 233.3293, 244.89, 255.7478, 268.5192, 280.3117, 293.4351, 310.3843, 328.2414, 348.1617, 370.8374, 393.9855, 411.3165, 429.6989, 450.4028, 468.853, 488.853, 509.0143, 529.7182, 550.1264, 570.1665, 592.0963, 613.9781, 639.2946, 665.4043, 693.9757, 723.2155, 751.7869, 781.8169, 809.6721]
growth_rate:-43.01
