ticker:RVSB
price:[4.260000228881836, 4.010000228881836, 3.940000057220459, 4.03000020980835, 4.460000038146973, 5.130000114440918, 4.949999809265137, 5.25, 4.690000057220459, 4.75, 5.510000228881836, 5.329999923706055, 5.53000020980835, 5.360000133514404, 5.460000038146973, 5.159999847412109, 5.269999980926514, 5.260000228881836, 5.329999923706055, 5.260000228881836, 5.340000152587891, 5.210000038146973, 5.619999885559082, 5.519999980926514, 5.730000019073486, 6.599999904632568, 7.360000133514404, 7.400000095367432, 7.130000114440918, 7.159999847412109, 7.070000171661377, 6.909999847412109, 6.960000038146973, 7.340000152587891, 6.889999866485596, 6.949999809265137, 7.079999923706055, 7.119999885559082, 6.869999885559082, 7.0, 6.78000020980835, 6.46999979019165, 7.190000057220459, 7.0, 6.960000038146973, 6.980000019073486, 7.0, 6.980000019073486, 7.599999904632568, 7.440000057220459, 7.389999866485596, 7.21999979019165]
assets:[0, 100.00018270778656, 198.25449887924194, 302.7831847633839, 435.08995172138214, 600.4511233949661, 679.3825238218308, 820.5571500000001, 833.0312441634178, 943.6882, 1194.6782496261596, 1255.6504430265427, 1402.766950221014, 1459.6438123588562, 1586.8758470869063, 1599.6845766952513, 1733.7862527249813, 1830.4963856515885, 1954.8563560180662, 2029.182900297165, 2160.0450137222288, 2207.4598231627465, 2481.175435475445, 2537.0262152337073, 2733.543495099163, 3248.583973059225, 3722.663779531145, 3842.89552952528, 3802.6814630353933, 3918.681520488358, 3969.424730378628, 3979.5932921218873, 4108.389190517616, 4432.698024149323, 4260.938521431542, 4398.043974300671, 4580.30966264267, 4706.186780356694, 4640.9411736908905, 4828.7609999999995, 4777.000341825152, 4658.582949932051, 5277.003476996184, 5237.5554, 5307.6264290905, 5422.877882818509, 5538.4161, 5622.591737364244, 6222.019601923942, 6191.030135614729, 6249.423592092276, 6205.661297667647]
shares:[0, 24.9377, 50.3184, 75.1323, 97.5538, 117.047, 137.249, 156.2966, 177.6186, 198.6712, 216.82, 235.5817, 253.6649, 272.3216, 290.6366, 310.0164, 328.9917, 348.0031, 366.7648, 385.7762, 404.5028, 423.6967, 441.4903, 459.6062, 477.0582, 492.2097, 505.7967, 519.3102, 533.3354, 547.3019, 561.4462, 575.918, 590.2858, 603.9098, 618.4236, 632.8121, 646.9364, 660.9813, 675.5373, 689.823, 704.5723, 720.0283, 733.9365, 748.2222, 762.59, 776.9166, 791.2023, 805.5289, 818.6868, 832.1277, 845.6595, 859.5099]
growth_rate:21.68
