ticker:RWLK
price:[1.0700000524520874, 1.0800000429153442, 1.2300000190734863, 1.0729999542236328, 1.059999942779541, 1.149999976158142, 1.4299999475479126, 1.2899999618530273, 1.090999960899353, 1.149999976158142, 1.1299999952316284, 1.190000057220459, 1.3700000047683716, 1.190000057220459, 1.350000023841858, 1.4500000476837158, 1.6200000047683716, 1.3200000524520874, 1.6100000143051147, 1.809999942779541, 2.630000114440918, 2.299999952316284, 3.2200000286102295, 4.309999942779541, 4.119999885559082, 2.6500000953674316, 2.7100000381469727, 3.130000114440918, 3.0, 2.319999933242798, 2.4100000858306885, 2.130000114440918, 1.840000033378601, 1.8700000047683716, 1.8899999856948853, 1.690000057220459, 1.690000057220459, 1.8600000143051147, 1.8700000047683716, 1.75, 1.940000057220459, 1.7599999904632568, 1.7999999523162842, 1.659999966621399, 1.6030000448226929, 1.399999976158142, 1.3899999856948853, 1.5, 1.4199999570846558, 1.4199999570846558, 1.25, 1.3799999952316284]
assets:[0, 100.00001197364331, 213.8888853167534, 286.58755777359005, 383.11535531883237, 515.6440043096424, 741.1921388132333, 768.6279012706757, 750.0565817185163, 890.6187465356469, 975.1297668851495, 1126.9066111866475, 1397.3630148636103, 1313.7679171717643, 1590.4089730876326, 1808.2170494637967, 2120.2148582407235, 1827.5825766216042, 2329.0968606944084, 2718.425520061016, 4049.977678229332, 3641.805434497905, 5198.5277581897735, 7058.277871292829, 6847.123805807972, 4504.096777092123, 4706.076311244488, 5535.431494389724, 5405.5251, 4280.272508836627, 4546.31791091435, 4118.115170258618, 3657.4326503478173, 3817.0645797332527, 3957.888849043357, 3639.0647862123965, 3739.064793598223, 4215.183554418647, 4337.845743061209, 4159.481375, 4711.082364953756, 4373.97151229918, 4573.379938846803, 4317.672695182002, 4269.415411480343, 3828.746954796827, 3901.398722848952, 4310.142599999999, 4180.268151663625, 4280.26809864142, 3867.84175, 4370.09732089982]
shares:[0, 92.5926, 173.8934, 267.09, 361.4296, 448.3861, 518.3162, 595.8356, 687.4946, 774.4511, 862.9467, 946.9803, 1019.973, 1104.0066, 1178.0807, 1247.0462, 1308.7746, 1384.5322, 1446.644, 1501.8926, 1539.9154, 1583.3937, 1614.4496, 1637.6515, 1661.9233, 1699.6591, 1736.5595, 1768.5084, 1801.8417, 1844.9451, 1886.4389, 1933.3873, 1987.7351, 2041.211, 2094.1211, 2153.2927, 2212.4643, 2266.2277, 2319.7036, 2376.8465, 2428.3929, 2485.2111, 2540.7667, 2601.0077, 2663.3907, 2734.8193, 2806.7617, 2873.4284, 2943.8509, 3014.2734, 3094.2734, 3166.7372]
growth_rate:-14.31
