ticker:RXDX
price:[25.290000915527344, 21.190000534057617, 18.030000686645508, 18.18000030517578, 22.90999984741211, 25.989999771118164, 25.40999984741211, 24.56999969482422, 20.09000015258789, 16.81999969482422, 19.540000915527344, 23.290000915527344, 23.110000610351562, 21.43000030517578, 25.530000686645508, 21.6299991607666, 26.959999084472656, 26.84000015258789, 21.290000915527344, 21.549999237060547, 20.969999313354492, 22.969999313354492, 23.010000228881836, 22.31999969482422, 22.739999771118164, 22.889999389648438, 21.81999969482422]
assets:[0, 99.9998505203247, 185.08697204875946, 286.62588481140136, 461.19891592826843, 623.2012095117569, 709.2947357406616, 785.8468702392579, 742.5585496398925, 721.6940449058533, 938.4007279678344, 1218.4932548988343, 1309.0752285736085, 1313.9118927108764, 1665.2913087890627, 1510.8987013778687, 1983.20988465271, 2074.3830917930604, 1745.4394350585937, 1866.7557539108275, 1916.5132442453385, 2199.2993362560273, 2303.128447909355, 2334.064864086914, 2477.9845970586775, 2594.329640823364, 2573.0580040130612]
shares:[0, 4.7192, 10.2655, 15.766, 20.1309, 23.9785, 27.914, 31.984, 36.9616, 42.9069, 48.0246, 52.3183, 56.6454, 61.3118, 65.2288, 69.852, 73.5612, 77.287, 81.984, 86.6244, 91.3931, 95.7466, 100.0925, 104.5728, 108.9703, 113.339, 117.922]
growth_rate:-1.04
