ticker:RXRAU
price:[10.0, 9.994999885559082, 9.979999542236328, 9.90999984741211, 9.920000076293945, 10.029999732971191, 10.020000457763672, 9.979999542236328, 10.0, 9.989999771118164, 10.0, 9.930000305175781, 10.0, 9.949999809265137, 10.005000114440918, 9.970000267028809, 9.979999542236328, 10.039999961853027, 9.979999542236328, 9.949999809265137, 9.960000038146973, 9.960000038146973, 9.920000076293945, 9.90999984741211, 9.850000381469727, 9.850000381469727, 9.899999618530273, 9.899999618530273]
assets:[0, 99.99997385501862, 199.84949083328246, 298.4475734046936, 398.7482910667419, 503.1699816040993, 602.6679575328827, 700.2616378803253, 801.665, 900.8632143602372, 1001.7650000000001, 1094.7527436447144, 1202.47, 1296.4581101477625, 1403.6244775551797, 1498.7143681404114, 1600.2170786010743, 1709.8380975034715, 1799.6194654548644, 1894.210318689251, 1996.1144836451529, 2096.1148760281562, 2187.696304825401, 2285.4907418094635, 2371.653541849136, 2471.6537007219317, 2584.199870424843, 2684.199766571617]
shares:[0, 10.005, 20.025, 30.1158, 40.1964, 50.1665, 60.1465, 70.1665, 80.1665, 90.1765, 100.1765, 110.247, 120.247, 130.2973, 140.2923, 150.3224, 160.3424, 170.3026, 180.3226, 190.3729, 200.4131, 210.4533, 220.5339, 230.6247, 240.777, 250.9293, 261.0303, 271.1313]
growth_rate:-0.59
