ticker:RXRX
price:[31.299999237060547, 29.850000381469727, 33.400001525878906, 27.729999542236328, 21.18000030517578, 25.25, 26.360000610351562, 29.420000076293945, 31.229999542236328, 36.43000030517578, 33.77000045776367, 36.70000076293945, 40.150001525878906, 33.02000045776367, 35.060001373291016, 30.350000381469727, 28.40999984741211, 22.469999313354492, 19.850000381469727, 22.510000228881836, 24.600000381469727, 25.219999313354492]
assets:[0, 100.00048627796173, 211.89294968032837, 275.92181444511414, 310.7466104774475, 470.460525, 591.141465687561, 759.7626759702682, 906.5038277126313, 1157.4430406959534, 1172.93004889946, 1374.6976185779572, 1603.928320956421, 1419.0972576732636, 1606.7718149368286, 1490.916453739357, 1495.616031967163, 1282.9111287963867, 1233.3241937015532, 1498.5965122377397, 1737.736646946907, 1881.5330047729492]
shares:[0, 3.3501, 6.3441, 9.9503, 14.6717, 18.6321, 22.4257, 25.8247, 29.0267, 31.7717, 34.7329, 37.4577, 39.9484, 42.9769, 45.8292, 49.1241, 52.644, 57.0944, 62.1322, 66.5747, 70.6397, 74.6048]
growth_rate:-10.4
