ticker:RXT
price:[19.610000610351562, 18.65999984741211, 18.239999771118164, 18.34000015258789, 18.739999771118164, 18.190000534057617, 17.760000228881836, 16.719999313354492, 15.75, 17.15999984741211, 16.459999084472656, 16.610000610351562, 17.700000762939453, 19.170000076293945, 20.84000015258789, 20.06999969482422, 19.8700008392334, 19.059999465942383, 19.690000534057617, 18.489999771118164, 19.079999923706055, 23.110000610351562, 22.260000228881836, 24.8700008392334, 20.93000030517578, 21.020000457763672, 20.040000915527344, 20.549999237060547, 24.1299991607666, 23.56999969482422, 25.0, 26.06999969482422, 24.950000762939453, 24.790000915527344, 24.8700008392334, 23.719999313354492, 19.459999084472656, 20.43000030517578, 20.18000030517578, 20.850000381469727, 20.860000610351562, 19.25, 19.860000610351562, 20.010000228881836, 19.75, 18.979999542236328, 18.520000457763672, 17.75, 17.25, 13.460000038146973, 13.3100004196167, 13.5]
assets:[0, 100.00080518226623, 197.75078151855467, 298.8356304862976, 405.35369104919437, 493.4565154878616, 581.7909674978256, 647.722741399765, 710.14545, 873.7202682308197, 938.0783918228149, 1046.6276974594116, 1215.3103723846436, 1416.2431826364518, 1639.6203560050963, 1679.0401184692382, 1762.3081274332046, 1790.4677598314286, 1949.6487208808899, 1930.8274710988999, 2092.4387196331027, 2634.394476576233, 2637.500613119316, 3046.749192811966, 2664.0709028442384, 2775.5271044441224, 2746.1254134567257, 2916.0120117401125, 3524.007815436172, 3542.2244751365665, 3857.1325, 4122.21702874527, 4045.1211686946867, 4119.18092212677, 4232.473735824013, 4136.763136249161, 3493.819045627594, 3767.9723752845766, 3821.8640237968443, 4048.7552390756605, 4150.697889447021, 3930.3417999999997, 4154.886895690918, 4286.268112027931, 4330.5746, 4261.736831214524, 4258.4500132572175, 4181.397675, 4163.6118, 3348.8237814908985, 3411.503510552502, 3560.20245]
shares:[0, 5.3591, 10.8416, 16.2942, 21.6304, 27.1279, 32.7585, 38.7394, 45.0886, 50.9161, 56.9914, 63.0119, 68.6616, 73.8781, 78.6766, 83.6592, 88.6919, 93.9385, 99.0172, 104.4255, 109.6666, 113.9937, 118.4861, 122.507, 127.2848, 132.0422, 137.0322, 141.8984, 146.0426, 150.2853, 154.2853, 158.1211, 162.1291, 166.163, 170.1839, 174.3998, 179.5385, 184.4333, 189.3887, 194.1849, 198.9788, 204.1736, 209.2088, 214.2063, 219.2696, 224.5383, 229.9379, 235.5717, 241.3688, 248.7982, 256.3113, 263.7187]
growth_rate:-30.19
