ticker:RYAAY
price:[83.20999908447266, 84.37999725341797, 85.3499984741211, 81.70999908447266, 81.58999633789062, 86.73999786376953, 82.94999694824219, 89.75, 80.5999984741211, 88.0, 102.8499984741211, 105.69999694824219, 103.87000274658203, 116.30999755859375, 106.91000366210938, 109.0199966430664, 108.0, 109.9800033569336, 107.58999633789062, 108.13999938964844, 104.9800033569336, 95.06999969482422, 104.5199966430664, 104.86000061035156, 105.13999938964844, 107.5199966430664, 107.0199966430664, 110.30000305175781, 113.0, 114.2300033569336, 115.73999786376953, 109.44999694824219, 107.48999786376953, 109.33000183105469, 116.8499984741211, 119.45999908447266, 115.91000366210938, 115.63999938964844, 116.75, 113.9800033569336, 113.68000030517578, 110.30999755859375, 109.33000183105469, 111.18000030517578, 107.94999694824219, 101.83999633789062, 104.5199966430664, 109.04000091552734, 109.73999786376953, 108.0, 105.0999984741211, 108.36000061035156]
assets:[0, 99.99873474502564, 201.1443414039612, 292.56265172195435, 392.12968139953614, 516.8836472702026, 594.2952531356812, 743.013325, 767.2636254745482, 937.7103999999999, 1195.9500672569275, 1329.0929016265868, 1406.0778401802063, 1674.4801418518066, 1639.1548671478272, 1771.5095334518435, 1854.9324, 1988.944368708801, 2045.7269493682861, 2156.181819830322, 2193.1792421310424, 2086.1495243034365, 2393.5183751258846, 2501.309482559204, 2607.9871708602905, 2767.027113609314, 2854.1590984725954, 3041.6328841552736, 3216.093, 3351.0970704803467, 3495.394231484985, 3405.4381500473023, 3444.452487545777, 3603.4184633499144, 3951.2710134025574, 4139.527888275146, 4116.509007058716, 4206.925357795715, 4347.303, 4344.154061943817, 4432.724251899719, 4401.313747589112, 4462.216560733033, 4637.718060729981, 4602.987869873047, 4442.45413625183, 4659.365574352264, 4960.862073652649, 5092.704080863952, 5111.9532, 5074.690366323853, 5332.0922220336915]
shares:[0, 1.1851, 2.3567, 3.5805, 4.8061, 5.959, 7.1645, 8.2787, 9.5194, 10.6558, 11.6281, 12.5742, 13.5369, 14.3967, 15.3321, 16.2494, 17.1753, 18.0846, 19.0141, 19.9388, 20.8914, 21.9433, 22.9001, 23.8538, 24.8049, 25.735, 26.6694, 27.576, 28.461, 29.3364, 30.2004, 31.1141, 32.0444, 32.9591, 33.8149, 34.652, 35.5147, 36.3795, 37.236, 38.1133, 38.993, 39.8995, 40.8142, 41.7136, 42.64, 43.6219, 44.5787, 45.4958, 46.407, 47.3329, 48.2844, 49.2072]
growth_rate:4.55
