ticker:RYTM
price:[29.8799991607666, 30.610000610351562, 28.8799991607666, 22.920000076293945, 21.3700008392334, 24.6200008392334, 24.399999618530273, 22.6200008392334, 21.170000076293945, 22.850000381469727, 22.059999465942383, 21.3700008392334, 29.270000457763672, 28.959999084472656, 28.920000076293945, 28.639999389648438, 29.0, 29.729999542236328, 33.880001068115234, 34.2599983215332, 39.4900016784668, 30.690000534057617, 33.27000045776367, 30.139999389648438, 27.219999313354492, 25.920000076293945, 25.979999542236328, 26.09000015258789, 25.579999923706055, 21.59000015258789, 22.239999771118164, 21.270000457763672, 19.709999084472656, 20.56999969482422, 21.559999465942383, 22.1200008392334, 22.549999237060547, 21.59000015258789, 19.610000610351562, 18.520000457763672, 19.079999923706055, 20.510000228881836, 20.729999542236328, 20.600000381469727, 19.8799991607666, 19.100000381469727, 20.020000457763672, 17.290000915527344, 13.989999771118164, 13.859999656677246, 12.460000038146973, 12.970000267028809]
assets:[0, 99.99981099395752, 194.34795435237885, 254.24010084629057, 337.0476532363892, 488.3057106451035, 583.9432308706283, 641.3448837947846, 700.233741523552, 855.8033492872238, 926.21554957695, 997.246048163414, 1465.9060169258119, 1550.3793429870607, 1648.237564348221, 1732.27890708313, 1854.0540999999998, 2000.724914194107, 2380.0057030330654, 2506.70129719162, 2989.3654840587615, 2423.2118551679614, 2726.922355519867, 2570.3783299484253, 2421.3577609193803, 2405.7155590810776, 2511.2839117515564, 2621.917174334335, 2670.6645440345765, 2354.0915746376036, 2524.96499801445, 2514.839361123276, 2430.3946541084288, 2636.4383478858945, 2863.3253170732496, 3037.6976872503283, 3196.748776843643, 3160.6572773380276, 2970.7954714645384, 2905.6676918201442, 3093.528155630112, 3425.381291225624, 3562.1228873405457, 3639.785227401352, 3612.5695914955136, 3570.8291113174437, 3842.827075867462, 3418.80548003006, 2866.2865421064375, 2939.651873182583, 2742.71763639698, 2954.9798038376807]
shares:[0, 3.2669, 6.7295, 11.0925, 15.772, 19.8337, 23.9321, 28.353, 33.0767, 37.4531, 41.9862, 46.6657, 50.0822, 53.5352, 56.993, 60.4846, 63.9329, 67.2965, 70.2481, 73.167, 75.6993, 78.9577, 81.9634, 85.2813, 88.9551, 92.8131, 96.6622, 100.4951, 104.4044, 109.0362, 113.5326, 118.2341, 123.3077, 128.1691, 132.8073, 137.3281, 141.7627, 146.3945, 151.4939, 156.8935, 162.1346, 167.0103, 171.8342, 176.6886, 181.7188, 186.9544, 191.9494, 197.7331, 204.8811, 212.0961, 220.1218, 227.8319]
growth_rate:-42.06
