ticker:RZLT
price:[23.5625, 23.799999237060547, 22.0, 22.5, 21.825000762939453, 21.75, 19.0, 16.989999771118164, 23.5, 20.514999389648438, 19.40999984741211, 20.0, 19.950000762939453, 20.0, 19.690000534057617, 16.489999771118164, 15.300100326538086, 11.989999771118164, 13.0, 13.550000190734863, 15.229999542236328, 15.970000267028809, 13.94379997253418, 12.153900146484375, 12.0, 11.5, 9.002699851989746, 9.109999656677246, 7.800000190734863, 7.199999809265137, 7.171999931335449, 6.889999866485596, 6.199999809265137, 6.309999942779541, 6.980000019073486, 6.239999771118164, 10.329999923706055, 12.880000114440918, 12.25, 13.100000381469727, 15.989999771118164, 12.859999656677246, 10.8100004196167, 10.454999923706055, 10.15999984741211, 11.135000228881836, 11.109999656677246, 11.039999961853027, 9.90999984741211, 9.184000015258789, 9.239999771118164]
assets:[0, 100.00045679435729, 192.4384, 296.811, 387.90665106010437, 486.57360000000006, 525.0536, 569.5081903278351, 887.72425, 874.9647239685058, 927.8368127059937, 1056.04, 1153.399319108963, 1256.29, 1336.8171442588805, 1219.5591580724715, 1231.5570956241606, 1065.1160426675797, 1254.838, 1407.9276748185157, 1682.4900324298858, 1864.2388171712876, 1727.7121131168365, 1605.933718835449, 1685.598, 1715.3653000000002, 1442.8627052783968, 1560.0592002070427, 1435.7257551080704, 1425.285322242832, 1519.742482250023, 1559.9869177705764, 1503.7615937387468, 1630.4415162148, 1903.5625712016583, 1801.7518859121324, 3082.707501232147, 3943.6860190402986, 3850.788725, 4217.986592827034, 5248.519148872375, 4321.134780638886, 3732.307227878666, 3709.7382134286877, 3705.06340035553, 4160.618446022225, 4251.27692062645, 4324.491633057404, 3981.8577586898805, 3790.149558297157, 3913.2600230655667]
shares:[0, 4.2017, 8.7472, 13.1916, 17.7735, 22.3712, 27.6344, 33.5202, 37.7755, 42.65, 47.802, 52.802, 57.8145, 62.8145, 67.8932, 73.9575, 80.4934, 88.8337, 96.526, 103.9061, 110.4721, 116.7338, 123.9054, 132.1332, 140.4665, 149.1622, 160.27, 171.2469, 184.0674, 197.9563, 211.8994, 226.4132, 242.5422, 258.3901, 272.7167, 288.7423, 298.4228, 306.1868, 314.3501, 321.9837, 328.2376, 336.0136, 345.2643, 354.8291, 364.6716, 373.6523, 382.6532, 391.7112, 401.802, 412.6905, 423.513]
growth_rate:-21.73
