ticker:SABRP
price:[105.12000274658203, 97.70999908447266, 98.33999633789062, 88.43000030517578, 97.43000030517578, 97.94999694824219, 94.06999969482422, 102.73999786376953, 95.27999877929688, 100.08000183105469, 125.91999816894531, 131.6999969482422, 152.25999450683594, 160.57000732421875, 144.49000549316406, 148.4199981689453, 149.5, 157.17999267578125, 162.75, 153.92999267578125, 156.75, 143.7899932861328, 163.0, 153.74000549316406, 185.6300048828125, 184.99000549316406, 187.3800048828125, 204.69000244140625, 198.02999877929688, 189.6699981689453, 208.13999938964844, 194.52999877929688, 188.75, 195.82000732421875, 189.35000610351562, 166.4199981689453, 168.2899932861328, 164.44000244140625, 175.25999450683594, 173.50999450683594, 178.22000122070312, 173.86000061035156, 167.2899932861328, 162.75, 148.6540069580078, 144.27999877929688, 149.13900756835938, 152.55999755859375, 149.42999267578125, 145.30999755859375, 125.01000213623047, 145.35000610351562]
assets:[0, 99.99641306304933, 200.64309452819822, 280.42037396774293, 408.9624262809753, 511.14226407470704, 590.8912960830688, 745.3478625022888, 791.2241658630371, 931.0842890350342, 1271.4897735107422, 1429.8536968673704, 1753.075898753357, 1948.7578938903807, 1853.6044844696044, 2004.0261832763672, 2118.60935, 2327.4427415466307, 2509.914225, 2473.8858772888184, 2619.214125, 2502.664833145142, 2937.0155, 2870.1567885513305, 3565.5068817871093, 3653.2196264801028, 3800.422521032715, 4251.493226708984, 4213.167436029053, 4135.299102078247, 4637.983606399536, 4434.719835171509, 4402.952375, 4667.8790065917965, 4613.645443716431, 4154.94152628479, 4301.626860388184, 4303.213979888917, 4686.36462311554, 4739.564307949829, 4968.221152029419, 4946.682123365784, 4859.75757596283, 4827.864825000001, 4509.716609085083, 4477.02279012146, 4727.7960233215335, 4936.246537005615, 4934.970337115478, 4898.908602691651, 4314.520207728577, 5116.523704852295]
shares:[0, 1.0234, 2.0403, 3.1711, 4.1975, 5.2184, 6.2814, 7.2547, 8.3042, 9.3034, 10.0976, 10.8569, 11.5137, 12.1365, 12.8286, 13.5024, 14.1713, 14.8075, 15.4219, 16.0715, 16.7095, 17.405, 18.0185, 18.6689, 19.2076, 19.7482, 20.2819, 20.7704, 21.2754, 21.8026, 22.283, 22.7971, 23.3269, 23.8376, 24.3657, 24.9666, 25.5608, 26.1689, 26.7395, 27.3158, 27.8769, 28.4521, 29.0499, 29.6643, 30.337, 31.0301, 31.7006, 32.3561, 33.0253, 33.7135, 34.5134, 35.2014]
growth_rate:0.32
