ticker:SABR
price:[7.599999904632568, 6.889999866485596, 6.920000076293945, 6.050000190734863, 6.914999961853027, 6.900000095367432, 6.5, 7.289999961853027, 6.519999980926514, 7.079999923706055, 9.5, 10.0, 11.699999809265137, 12.395000457763672, 10.970000267028809, 11.5, 11.359999656677246, 12.020000457763672, 12.569999694824219, 11.59000015258789, 12.020000457763672, 10.779999732971191, 12.529999732971191, 11.8100004196167, 14.75, 14.6899995803833, 15.050000190734863, 16.270000457763672, 15.770000457763672, 14.880000114440918, 15.260000228881836, 15.369999885559082, 14.989999771118164, 15.569999694824219, 14.979999542236328, 12.970000267028809, 13.300000190734863, 12.800000190734863, 13.850000381469727, 13.899999618530273, 14.390000343322754, 13.930000305175781, 13.15999984741211, 12.40999984741211, 11.949999809265137, 11.050000190734863, 11.600000381469727, 11.789999961853027, 11.489999771118164, 10.800000190734863, 9.539999961853027, 11.279999732971191]
assets:[0, 100.00008006219863, 200.43572620983124, 275.23628867721555, 414.58813121290206, 513.6891370998859, 583.90995, 754.8773090498925, 775.1438897324085, 941.7207018520356, 1363.60815, 1535.377, 1896.3909590847968, 2109.040315389633, 1966.5732988698007, 2161.586, 2235.2707804454803, 2465.1374198810577, 2677.9341039848327, 2569.153015824127, 2764.4714912807462, 2579.284182109165, 3097.9985789780617, 3019.9812663018224, 3871.7806, 3956.0315769968033, 4152.979827632427, 4589.633715131378, 4548.588542034149, 4391.882625777625, 4604.041259055138, 4737.229163727856, 4720.108089928818, 5002.740549945068, 4913.170209861756, 4353.926626639462, 4564.705035462284, 4493.0995869524, 4961.6739966590885, 5079.585280596542, 5358.650496848964, 5287.35310283432, 5095.087392923355, 4904.713646693802, 4822.911178021144, 4559.679813704967, 4886.6324006984705, 5066.672311606598, 5037.749035647583, 4835.221645393085, 4371.112548521519, 5268.358843283367]
shares:[0, 14.5138, 28.9647, 45.4936, 59.9549, 74.4477, 89.8323, 103.5497, 118.8871, 133.0114, 143.5377, 153.5377, 162.0847, 170.1525, 179.2683, 187.964, 196.7668, 205.0863, 213.0417, 221.6698, 229.9893, 239.2657, 247.2465, 255.7139, 262.4936, 269.301, 275.9455, 282.0918, 288.433, 295.1534, 301.7065, 308.2127, 314.8838, 321.3064, 327.982, 335.6921, 343.2109, 351.0234, 358.2436, 365.4378, 372.3871, 379.5659, 387.1647, 395.2227, 403.5909, 412.6407, 421.2614, 429.7432, 438.4464, 447.7057, 458.1879, 467.0531]
growth_rate:3.3
