ticker:SAFM
price:[123.47000122070312, 122.58000183105469, 120.44999694824219, 118.01000213623047, 120.7699966430664, 118.4800033569336, 125.36000061035156, 130.9600067138672, 127.97000122070312, 128.5, 132.08999633789062, 135.57000732421875, 137.57000732421875, 148.88999938964844, 143.52000427246094, 131.80999755859375, 131.47000122070312, 132.1999969482422, 129.5800018310547, 129.25, 142.25, 136.19000244140625, 140.17999267578125, 150.3300018310547, 153.44000244140625, 152.5, 161.02000427246094, 164.1999969482422, 162.35000610351562, 158.02999877929688, 162.4600067138672, 162.75999450683594, 163.75999450683594, 166.38999938964844, 164.52999877929688, 172.0500030517578, 173.42999267578125, 169.4499969482422, 162.75, 162.05999755859375, 166.4499969482422, 155.74000549316406, 194.05999755859375, 186.14999389648438, 184.0, 181.63999938964844, 184.8300018310547, 186.83999633789062, 182.3699951171875, 196.13999938964844, 192.5, 193.82000732421875]
assets:[0, 100.00076549377441, 198.26069497680663, 294.246139326477, 401.12546685028076, 493.5166059829712, 622.1742190292358, 749.9686704483032, 832.841564944458, 936.28955, 1062.4526765441894, 1190.440234313965, 1308.0018726379394, 1515.6257487869264, 1560.966622468567, 1533.6093215942383, 1629.6495471313476, 1738.694359863281, 1804.2330714950563, 1899.63895, 2190.7069, 2197.384832391357, 2361.76653460083, 2632.77442106781, 2787.2376443481444, 2870.1567499999996, 3130.502617063904, 3292.3248788101196, 3355.238871139526, 3365.9599589996337, 3560.3110471343994, 3666.8850202423096, 3789.4062728881836, 3950.2649755096436, 4006.108034277344, 4289.2065760803225, 4423.609451184082, 4422.085735359192, 4347.231525, 4428.808025280761, 4648.781964767456, 4449.66327094574, 5644.506712988282, 5514.432959191894, 5550.7464, 5579.544845251465, 5777.527095236206, 5940.353475567627, 5898.22861907959, 6443.571645948791, 6423.994500000001, 6568.036734197999]
shares:[0, 0.8158, 1.646, 2.4934, 3.3214, 4.1654, 4.9631, 5.7267, 6.5081, 7.2863, 8.0434, 8.781, 9.5079, 10.1795, 10.8763, 11.635, 12.3956, 13.152, 13.9237, 14.6974, 15.4004, 16.1347, 16.8481, 17.5133, 18.165, 18.8207, 19.4417, 20.0507, 20.6667, 21.2995, 21.915, 22.5294, 23.14, 23.741, 24.3488, 24.93, 25.5066, 26.0967, 26.7111, 27.3282, 27.929, 28.5711, 29.0864, 29.6236, 30.1671, 30.7176, 31.2586, 31.7938, 32.3421, 32.8519, 33.3714, 33.8873]
growth_rate:28.79
