ticker:SAFT
price:[72.20999908447266, 69.77999877929688, 70.76000213623047, 67.69000244140625, 67.87999725341797, 68.33000183105469, 68.68000030517578, 70.58999633789062, 70.0, 70.13999938964844, 74.5199966430664, 74.30000305175781, 74.79000091552734, 75.5199966430664, 77.58999633789062, 82.7300033569336, 77.77999877929688, 77.9000015258789, 80.41999816894531, 79.76000213623047, 77.37999725341797, 73.44000244140625, 76.3499984741211, 77.83999633789062, 77.5, 79.08000183105469, 83.3499984741211, 85.37999725341797, 86.63999938964844, 85.16000366210938, 85.0999984741211, 84.98999786376953, 86.01000213623047, 83.66000366210938, 82.02999877929688, 85.98999786376953, 86.69999694824219, 86.30999755859375, 85.11000061035156, 84.33999633789062, 80.6500015258789, 78.68000030517578, 79.43000030517578, 78.44000244140625, 76.3499984741211, 77.26000213623047, 75.44000244140625, 76.62000274658203, 79.7699966430664, 82.7300033569336, 82.79000091552734, 83.06999969482422]
assets:[0, 100.00171625061036, 201.40419408035277, 292.6644945556641, 393.4867680786133, 496.09631229400634, 598.6354866600037, 715.2813738922118, 809.3050000000001, 910.9222000732422, 1067.804483898163, 1164.6525478363037, 1272.3349745750427, 1384.7573144462588, 1522.7114371307373, 1723.5886169380187, 1720.462460998535, 1823.117105710602, 1982.0956108703613, 2065.831911329651, 2104.1865273124695, 2097.049893713379, 2280.146894430542, 2424.645829928589, 2514.0535, 2665.304473713684, 2909.2233417411803, 3080.0748629173277, 3225.529201277161, 3270.433684637451, 3368.1302896080015, 3463.7758619377137, 3605.3500675460814, 3606.842103884888, 3636.570311883545, 3912.123551811981, 4044.4248076400754, 4126.230684283447, 4168.866560896301, 4231.152068280029, 4146.031083441925, 4144.760132076263, 4284.27152746048, 4330.876478796386, 4315.4851537536615, 4466.918365509796, 4461.695256390381, 4631.479954023743, 4921.888562873841, 5204.527965184021, 5308.304441701507, 5426.25698506546]
shares:[0, 1.4331, 2.8463, 4.3236, 5.7968, 7.2603, 8.7163, 10.1329, 11.5615, 12.9872, 14.3291, 15.675, 17.0121, 18.3363, 19.6251, 20.8339, 22.1196, 23.4033, 24.6468, 25.9006, 27.1929, 28.5546, 29.8644, 31.1491, 32.4394, 33.7039, 34.9037, 36.0749, 37.2291, 38.4034, 39.5785, 40.7551, 41.9178, 43.1131, 44.3322, 45.4951, 46.6485, 47.8071, 48.9821, 50.1678, 51.4077, 52.6787, 53.9377, 55.2126, 56.5224, 57.8167, 59.1423, 60.4474, 61.701, 62.9098, 64.1177, 65.3215]
growth_rate:6.4
