ticker:SAGE
price:[51.65999984741211, 55.72999954223633, 62.45000076293945, 60.81999969482422, 58.40999984741211, 64.41000366210938, 69.08999633789062, 71.51000213623047, 73.37999725341797, 78.05999755859375, 79.5199966430664, 76.18000030517578, 75.56999969482422, 71.75, 69.04000091552734, 81.79000091552734, 89.05999755859375, 86.51000213623047, 90.87999725341797, 91.37999725341797, 88.55000305175781, 80.6500015258789, 80.12999725341797, 86.43000030517578, 82.33000183105469, 85.0, 76.9800033569336, 78.72000122070312, 76.69000244140625, 73.73999786376953, 76.87999725341797, 76.61000061035156, 74.63999938964844, 76.47000122070312, 78.76000213623047, 75.06999969482422, 70.86000061035156, 74.41000366210938, 69.5999984741211, 67.61000061035156, 79.11000061035156, 56.880001068115234, 58.34000015258789, 56.04999923706055, 54.72999954223633, 47.7400016784668, 45.029998779296875, 43.72999954223633, 41.09000015258789, 43.459999084472656, 41.97999954223633, 44.84000015258789]
assets:[0, 100.00191117858887, 212.0614675907135, 306.5267164619446, 394.3784779697418, 534.8928754119873, 673.7587352874755, 797.3579768196106, 918.2112436317443, 1076.775218322754, 1196.9111334724425, 1246.6399969940185, 1336.6594836021422, 1369.09045, 1417.3774107955933, 1779.1288159149171, 2037.2652561523437, 2078.9305123359677, 2283.9506509742737, 2396.5135319686888, 2422.2941884811403, 2306.186793632507, 2391.3195080337523, 2679.330009460449, 2652.2280769866943, 2838.2435, 2670.4440144523624, 2830.8027318969725, 2857.806926977539, 2847.875587497711, 3069.1417463531493, 3158.362190162659, 3177.148606019592, 3355.044833557129, 3555.5179084373476, 3488.938291816711, 3393.272849227905, 3663.2714492889404, 3526.4718426872255, 3525.645179827881, 4225.336331599427, 3138.012778926849, 3318.5600626796722, 3288.2965152404786, 3310.858484307861, 2988.0037390537263, 2918.3852148864744, 2934.134287285614, 2857.0000376094818, 3121.788232236481, 3115.4784980278014, 3427.731035664368]
shares:[0, 1.7944, 3.3957, 5.0399, 6.7519, 8.3045, 9.7519, 11.1503, 12.5131, 13.7942, 15.0517, 16.3644, 17.6877, 19.0814, 20.5298, 21.7524, 22.8752, 24.0311, 25.1315, 26.2258, 27.3551, 28.595, 29.843, 31.0, 32.2146, 33.3911, 34.6901, 35.9604, 37.2644, 38.6205, 39.9212, 41.2265, 42.5663, 43.874, 45.1437, 46.4758, 47.887, 49.2309, 50.6677, 52.1468, 53.4109, 55.169, 56.8831, 58.6672, 60.4944, 62.5891, 64.8098, 67.0966, 69.5303, 71.8313, 74.2134, 76.4436]
growth_rate:-32.79
