ticker:SAIA
price:[131.3300018310547, 131.97999572753906, 124.91000366210938, 123.11000061035156, 129.1999969482422, 143.77999877929688, 144.64999389648438, 147.41000366210938, 147.66000366210938, 165.30999755859375, 166.97000122070312, 171.02000427246094, 173.3000030517578, 183.0, 184.42999267578125, 183.7899932861328, 185.47000122070312, 180.8000030517578, 193.13999938964844, 194.3000030517578, 194.8800048828125, 176.75, 187.64999389648438, 205.9499969482422, 212.50999450683594, 200.52999877929688, 205.24000549316406, 218.75, 218.9199981689453, 227.08999633789062, 234.00999450683594, 235.67999267578125, 242.77000427246094, 241.88999938964844, 234.5, 244.89999389648438, 244.00999450683594, 228.1699981689453, 230.16000366210938, 210.1999969482422, 205.66000366210938, 202.5, 211.8800048828125, 210.91000366210938, 206.42999267578125, 196.27999877929688, 206.99000549316406, 226.0, 241.50999450683594, 245.0399932861328, 249.35000610351562, 240.39999389648438]
assets:[0, 100.00124276275635, 194.64725870666504, 291.8445674468994, 406.2823104034424, 552.1295733123779, 655.4669823425293, 767.9766370788575, 869.2744415588378, 1073.1759731506347, 1183.9508846557617, 1312.664042793274, 1430.1582751846313, 1610.1987, 1722.7790045837403, 1816.80084163208, 1933.4134807250978, 1984.7320335006712, 2220.2022349838257, 2333.543036651611, 2440.5017891479492, 2313.463075, 2556.130686859131, 2905.4189869476318, 3097.970699920654, 3023.330632595825, 3194.3349214950563, 3504.59375, 3607.3199458282465, 3841.953976043701, 4059.020359718323, 4187.986333850097, 4413.971386680603, 4497.968727650451, 4460.54175, 4758.357901409912, 4841.060687017823, 4626.808405870056, 4767.166059851074, 4453.73855533905, 4457.536617373657, 4489.04025, 4796.984498547364, 4875.016006646729, 4871.458825158692, 4731.937838571167, 5090.132623083497, 5657.6161999999995, 6145.898038211059, 6335.729562406921, 6547.1581752594, 6412.1649972015375]
shares:[0, 0.7577, 1.5583, 2.3706, 3.1446, 3.8401, 4.5314, 5.2098, 5.887, 6.4919, 7.0908, 7.6755, 8.2525, 8.7989, 9.3411, 9.8852, 10.4244, 10.9775, 11.4953, 12.01, 12.5231, 13.0889, 13.6218, 14.1074, 14.578, 15.0767, 15.5639, 16.021, 16.4778, 16.9182, 17.3455, 17.7698, 18.1817, 18.5951, 19.0215, 19.4298, 19.8396, 20.2779, 20.7124, 21.1881, 21.6743, 22.1681, 22.6401, 23.1142, 23.5986, 24.1081, 24.5912, 25.0337, 25.4478, 25.8559, 26.2569, 26.6729]
growth_rate:25.73
