ticker:SAL
price:[36.29999923706055, 34.849998474121094, 36.349998474121094, 32.38999938964844, 32.0, 34.75, 34.040000915527344, 36.0099983215332, 33.84000015258789, 36.119998931884766, 40.61000061035156, 39.5099983215332, 39.70000076293945, 38.38999938964844, 38.43000030517578, 38.54999923706055, 37.90999984741211, 37.27000045776367, 39.77000045776367, 37.959999084472656, 38.20000076293945, 36.66999816894531, 38.5, 37.7599983215332, 40.18000030517578, 40.810001373291016, 44.599998474121094, 47.869998931884766, 46.2599983215332, 44.970001220703125, 45.97999954223633, 43.34000015258789, 41.91999816894531, 42.900001525878906, 46.470001220703125, 46.630001068115234, 45.68000030517578, 46.29999923706055, 46.5099983215332, 47.630001068115234, 47.47999954223633, 47.150001525878906, 52.0, 49.52000045776367, 47.650001525878906, 48.5, 48.5, 47.310001373291016, 50.41999816894531, 51.099998474121094, 48.77000045776367, 48.349998474121094]
assets:[0, 99.99858562164307, 204.3015314239502, 282.0456366851807, 378.6496, 511.189875, 600.7447441574096, 735.51141771698, 791.1893555675506, 944.4946280700684, 1161.9008494628906, 1230.4282697288513, 1336.3456956813811, 1392.2478788650512, 1493.6972518615723, 1598.3600683670045, 1671.8234112709047, 1743.598704415512, 1960.5576205665589, 1971.3310804550172, 2083.794761618042, 2100.332817123413, 2305.149, 2360.8419430583954, 2612.1460178398133, 2753.103907644272, 3108.7849136405944, 3436.716472317123, 3421.1304198699954, 3425.729249990845, 3602.6709041328427, 3495.8174143077854, 3481.2797839385985, 3662.6648502746584, 4067.4587958465577, 4181.461411781311, 4196.269892034149, 4353.22315826683, 4472.968860578156, 4680.681175965499, 4765.937898050689, 4832.813861400604, 5429.9336, 5270.968272724915, 5171.921635618592, 5364.182449999999, 5464.1846000000005, 5430.114220622635, 5887.069238204956, 6066.464068851471, 5889.850538283157, 5939.130082566834]
shares:[0, 2.8694, 5.6204, 8.7078, 11.8328, 14.7105, 17.6482, 20.4252, 23.3803, 26.1488, 28.6112, 31.1422, 33.6611, 36.2659, 38.868, 41.462, 44.0998, 46.7829, 49.2974, 51.9318, 54.5496, 57.2766, 59.874, 62.5223, 65.0111, 67.4615, 69.7037, 71.7927, 73.9544, 76.1781, 78.353, 80.6603, 83.0458, 85.3768, 87.5287, 89.6732, 91.8623, 94.0221, 96.1722, 98.2717, 100.3778, 102.4987, 104.4218, 106.4412, 108.5398, 110.6017, 112.6636, 114.7773, 116.7606, 118.7175, 120.7679, 122.8362]
growth_rate:16.45
