ticker:SALM
price:[0.9200000166893005, 1.2699999809265137, 1.0, 1.0499999523162842, 0.9200000166893005, 0.9800000190734863, 1.0099999904632568, 1.0299999713897705, 0.8299999833106995, 0.8999999761581421, 0.949999988079071, 1.0099999904632568, 1.1299999952316284, 1.090000033378601, 1.100000023841858, 1.0399999618530273, 1.0299999713897705, 1.0399999618530273, 1.2799999713897705, 1.5499999523162842, 1.649999976158142, 1.649999976158142, 1.809999942779541, 3.0899999141693115, 2.9000000953674316, 2.549999952316284, 2.700000047683716, 3.569999933242798, 2.950000047683716, 2.7300000190734863, 3.049999952316284, 2.5, 2.0899999141693115, 2.1500000953674316, 2.009999990463257, 1.9700000286102295, 1.850000023841858, 2.0999999046325684, 2.009999990463257, 2.5999999046325684, 2.5999999046325684, 2.319999933242798, 2.5999999046325684, 2.430000066757202, 2.440000057220459, 2.180000066757202, 2.049999952316284, 2.109999895095825, 2.299999952316284, 2.75, 2.3499999046325684, 2.8399999141693115]
assets:[0, 100.00005249814987, 178.7402, 287.6772019356966, 352.06008638656135, 475.02051324520113, 589.5619414331675, 701.2364435218095, 665.0740066269636, 821.1645682465672, 966.7848728684486, 1127.844971350527, 1361.8463882532835, 1413.6394642892717, 1526.6086330883504, 1543.3389353906632, 1628.4991707653046, 1744.3097760190965, 2246.842829779148, 2820.786168222213, 3102.7724851661446, 3202.7725487211824, 3613.344334769487, 6268.637711876536, 5983.187976759053, 5361.078844750523, 5776.436532015538, 7737.732452308297, 6493.924784967613, 6109.631934685707, 6925.779156722331, 5776.8682499999995, 4929.461675560236, 5170.977699368763, 4934.2625465886595, 4936.068319686317, 4735.394186027348, 5475.311901349306, 5340.655801660466, 7008.310662936687, 7108.310559268713, 6442.800126610637, 7320.379291490078, 6941.739637704158, 7070.306425805807, 6416.9132545023685, 6134.252987315131, 6413.792001121521, 7091.337542982031, 8578.773224999999, 7430.951383437968, 9080.38398157196]
shares:[0, 78.7402, 178.7402, 273.9783, 382.674, 484.7148, 583.7247, 680.8121, 801.294, 912.4051, 1017.6683, 1116.6782, 1205.1738, 1296.9169, 1387.826, 1483.9798, 1581.0672, 1677.221, 1755.346, 1819.8621, 1880.4682, 1941.0743, 1996.3229, 2028.6854, 2063.1682, 2102.3839, 2139.4209, 2167.4321, 2201.3304, 2237.9604, 2270.7473, 2310.7473, 2358.5942, 2405.1058, 2454.857, 2505.6184, 2559.6725, 2607.2915, 2657.0427, 2695.5042, 2733.9657, 2777.0691, 2815.5306, 2856.6829, 2897.6665, 2943.5381, 2992.3186, 3039.712, 3083.1903, 3119.5539, 3162.1071, 3197.3184]
growth_rate:78.05
