ticker:SAMG
price:[12.479999542236328, 11.279999732971191, 11.40999984741211, 10.670000076293945, 10.380000114440918, 11.979999542236328, 12.210000038146973, 11.5, 11.289999961853027, 11.0, 12.4399995803833, 12.539999961853027, 13.180000305175781, 14.239999771118164, 14.380000114440918, 13.890000343322754, 14.079999923706055, 13.890000343322754, 14.819999694824219, 15.479999542236328, 15.34000015258789, 15.3100004196167, 15.0, 14.859999656677246, 14.029999732971191, 14.039999961853027, 15.0, 15.25, 14.84000015258789, 13.989999771118164, 14.470000267028809, 14.470000267028809, 15.199999809265137, 15.0, 13.90999984741211, 14.470000267028809, 14.15999984741211, 14.930000305175781, 15.920000076293945, 16.940000534057617, 16.139999389648438, 15.220000267028809, 16.65999984741211, 15.609999656677246, 15.050000190734863, 14.819999694824219, 15.479999542236328, 15.960000038146973, 16.520000457763672, 16.1299991607666, 15.489999771118164, 16.280000686645508]
assets:[0, 99.9994536327362, 201.15145130996706, 288.10600706005096, 380.27545619258876, 538.8915274085998, 649.2374480283737, 711.48545, 798.4931503020287, 877.9825999999999, 1092.918651134491, 1201.704434344387, 1363.0360915603637, 1572.6584547224045, 1688.1199814346314, 1730.5968127756119, 1854.269813952446, 1929.247430685711, 2158.4188415534973, 2354.5419863731386, 2433.247698203659, 2528.489437300873, 2577.2925, 2653.2380787000657, 2605.042648418999, 2706.899356645298, 2991.987, 3141.8538, 3157.383660464859, 3076.536652666664, 3282.092695567608, 3382.0919734129907, 3652.714994164467, 3704.6535, 3535.449021217346, 3777.781365715027, 3796.8467830852505, 4103.313507873535, 4475.4017654476165, 4862.142669285966, 4732.525429034424, 4562.7658300519, 5094.459687340164, 4873.381013815975, 4798.551090814019, 4825.217024638367, 5140.104436000443, 5399.488260905648, 5688.944649638748, 5654.640576792717, 5530.278443284034, 5912.326449365616]
shares:[0, 8.8652, 17.6294, 27.0015, 36.6354, 44.9826, 53.1726, 61.8683, 70.7257, 79.8166, 87.8552, 95.8297, 103.417, 110.4395, 117.3936, 124.593, 131.6953, 138.8947, 145.6423, 152.1022, 158.6211, 165.1528, 171.8195, 178.549, 185.6766, 192.7991, 199.4658, 206.0232, 212.7617, 219.9097, 226.8205, 233.7313, 240.3102, 246.9769, 254.166, 261.0768, 268.1389, 274.8368, 281.1182, 287.0214, 293.2172, 299.7875, 305.7899, 312.1961, 318.8406, 325.5882, 332.0481, 338.3138, 344.3671, 350.5667, 357.0225, 363.165]
growth_rate:15.93
