ticker:SANA
price:[39.119998931884766, 39.869998931884766, 35.33000183105469, 30.739999771118164, 23.899999618530273, 30.8700008392334, 32.209999084472656, 31.15999984741211, 32.0, 31.3799991607666, 25.200000762939453, 24.670000076293945, 21.5, 18.170000076293945, 20.0, 20.260000228881836, 20.969999313354492, 21.059999465942383, 23.559999465942383, 22.5, 19.139999389648438, 19.1299991607666, 19.139999389648438, 18.709999084472656, 18.559999465942383, 16.290000915527344, 19.469999313354492, 20.3700008392334, 22.5, 24.239999771118164, 23.8799991607666, 23.989999771118164]
assets:[0, 100.00193132095337, 188.61628077545166, 264.111930033493, 305.3440051263809, 494.39232444057467, 615.8519614952088, 695.7747525928497, 814.5312, 898.748279963684, 821.7493448787689, 904.4663447971343, 888.2467, 850.6721615718841, 1036.348, 1149.8198449897766, 1290.1142007562637, 1395.650376607895, 1661.3262943410875, 1686.57975, 1534.7178830596924, 1633.9161843200682, 1734.771070680237, 1795.7969381271362, 1881.3993058633803, 1751.2923864257812, 2193.164973653984, 2394.544523653984, 2744.93025, 3057.204523132896, 3111.80030263958, 3226.1343862203594]
shares:[0, 2.5082, 5.3387, 8.5918, 12.7759, 16.0153, 19.1199, 22.3291, 25.4541, 28.6408, 32.6091, 36.6626, 41.3138, 46.8174, 51.8174, 56.7532, 61.5219, 66.2702, 70.5147, 74.9591, 80.1838, 85.4112, 90.6359, 95.9806, 101.3685, 107.5072, 112.6433, 117.5525, 121.9969, 126.1223, 130.3099, 134.4783]
growth_rate:4.07
