ticker:SANM
price:[27.59000015258789, 26.420000076293945, 27.8700008392334, 25.790000915527344, 26.549999237060547, 27.770000457763672, 27.209999084472656, 26.43000030517578, 24.440000534057617, 26.700000762939453, 32.2599983215332, 31.700000762939453, 32.56999969482422, 33.25, 32.130001068115234, 32.540000915527344, 32.34000015258789, 31.889999389648438, 34.900001525878906, 34.2599983215332, 34.400001525878906, 31.100000381469727, 34.31999969482422, 34.959999084472656, 34.79999923706055, 35.619998931884766, 38.119998931884766, 39.959999084472656, 41.04999923706055, 42.04999923706055, 42.150001525878906, 41.45000076293945, 41.689998626708984, 41.709999084472656, 40.84000015258789, 42.0, 42.349998474121094, 42.15999984741211, 42.11000061035156, 42.5099983215332, 42.02000045776367, 38.97999954223633, 38.75, 38.720001220703125, 38.5, 37.09000015258789, 36.79999923706055, 38.41999816894531, 38.56999969482422, 38.47999954223633, 37.150001525878906, 39.869998931884766]
assets:[0, 99.99970028877259, 205.48830318775177, 290.15298430023194, 398.7039935428619, 517.0246455226898, 606.5979515899658, 689.2098319580077, 737.3181561117173, 905.498485874176, 1194.0586738739012, 1273.3319706459044, 1408.277931804657, 1537.6795, 1585.8854447204592, 1706.121058002472, 1795.633232472229, 1870.6482301971434, 2147.212123879242, 2207.8376278335572, 2316.86074276886, 2194.602626918793, 2521.8267135757446, 2668.8533221084595, 2756.640179564667, 2921.5950563919064, 3226.64824958992, 3482.394040214539, 3677.386186653519, 3866.9683898391727, 3976.1655989418027, 4010.130063811493, 4133.3507448452, 4235.333411035156, 4246.992455867768, 4467.624, 4604.855089086152, 4684.195215046691, 4778.638658262635, 4924.03087857933, 4967.272496113205, 4707.906894712448, 4780.126375, 4876.424057736206, 4948.71685, 4867.476498024749, 4929.41877780304, 5246.4197979614255, 5366.903604535675, 5454.382167113877, 5365.86077539444, 5858.732876044845]
shares:[0, 3.785, 7.3731, 11.2506, 15.0171, 18.6181, 22.2932, 26.0768, 30.1685, 33.9138, 37.0136, 40.1682, 43.2385, 46.246, 49.3584, 52.4315, 55.5236, 58.6594, 61.5247, 64.4436, 67.3506, 70.566, 73.4798, 76.3402, 79.2138, 82.0212, 84.6445, 87.147, 89.5831, 91.9612, 94.3337, 96.7462, 99.1449, 101.5424, 103.991, 106.372, 108.7333, 111.1052, 113.4799, 115.8323, 118.2121, 120.7775, 123.3581, 125.9407, 128.5381, 131.2342, 133.9516, 136.5544, 139.1471, 141.7459, 144.4377, 146.9459]
growth_rate:14.88
