ticker:SANW
price:[2.309999942779541, 2.930000066757202, 3.049999952316284, 2.5199999809265137, 2.450000047683716, 2.3499999046325684, 2.309999942779541, 2.4800000190734863, 2.2799999713897705, 2.319999933242798, 2.2699999809265137, 2.200000047683716, 2.680000066757202, 2.7100000381469727, 3.0, 2.819999933242798, 3.130000114440918, 2.930000066757202, 3.0399999618530273, 3.799999952316284, 3.5999999046325684, 3.5, 3.6500000953674316, 3.930000066757202, 3.5999999046325684, 3.3299999237060547, 3.4600000381469727, 3.75, 3.8499999046325684, 3.6500000953674316, 3.7200000286102295, 3.799999952316284, 3.7899999618530273, 3.8399999141693115, 3.7799999713897705, 3.8499999046325684, 3.549999952316284, 3.690000057220459, 3.559999942779541, 3.6500000953674316, 3.7300000190734863, 3.619999885559082, 3.5899999141693115, 3.5399999618530273, 3.549999952316284, 3.5, 3.4600000381469727, 3.3299999237060547, 3.259999990463257, 3.0999999046325684, 2.700000047683716, 2.940000057220459]
assets:[0, 100.00002327840328, 204.09562680916787, 268.62972996678354, 361.1677370293141, 446.4261918831825, 538.8273526528359, 678.4813812181474, 723.7650149179459, 836.462519931078, 918.4354092829228, 990.1135414601326, 1306.138232535124, 1420.7592539991379, 1672.7961, 1672.4283144089939, 1956.2769895265578, 1931.2752630022287, 2103.780293601036, 2729.7254057464597, 2686.0556888438227, 2711.4429999999998, 2927.6479214937685, 3252.2346132442954, 3079.146158430481, 2948.2101044532774, 3163.3053808758737, 3528.438, 3722.529487790108, 3629.151659822702, 3798.7516852159024, 3980.4452300519943, 4069.9702910350798, 4223.663905593752, 4257.669117774368, 4436.5146651041505, 4190.812218708873, 4456.083921100044, 4399.094421292639, 4610.307820458412, 4811.355745603037, 4769.465689220428, 4829.93993252449, 4862.670679599953, 4976.406973156738, 5006.316699999999, 5049.101589667034, 4959.395193374825, 4955.143587504315, 4811.946331966782, 4291.0501357826715, 4772.476808885479]
shares:[0, 34.1297, 66.9166, 106.5991, 147.4154, 189.9686, 233.2586, 273.5812, 317.4408, 360.5442, 404.5971, 450.0516, 487.365, 524.2654, 557.5987, 593.0597, 625.0086, 659.1383, 692.033, 718.3488, 746.1266, 774.698, 802.0953, 827.5406, 855.3184, 885.3484, 914.2501, 940.9168, 966.8908, 994.2881, 1021.1698, 1047.4856, 1073.8708, 1099.9125, 1126.3675, 1152.3415, 1180.5105, 1207.6108, 1235.7007, 1263.098, 1289.9077, 1317.532, 1345.3872, 1373.6358, 1401.8048, 1430.3762, 1459.2779, 1489.3079, 1519.9827, 1552.2408, 1589.2778, 1623.2914]
growth_rate:-6.42
