ticker:SASR
price:[24.809999465942383, 23.229999542236328, 23.959999084472656, 22.34000015258789, 24.010000228881836, 25.540000915527344, 24.899999618530273, 26.100000381469727, 25.350000381469727, 25.299999237060547, 28.780000686645508, 29.280000686645508, 30.760000228881836, 31.530000686645508, 31.6200008392334, 31.989999771118164, 32.20000076293945, 32.189998626708984, 34.9900016784668, 35.619998931884766, 35.400001525878906, 33.22999954223633, 35.47999954223633, 36.060001373291016, 36.9900016784668, 37.58000183105469, 40.09000015258789, 43.54999923706055, 44.599998474121094, 44.470001220703125, 43.5, 43.45000076293945, 43.61000061035156, 44.38999938964844, 45.36000061035156, 47.560001373291016, 47.65999984741211, 46.869998931884766, 46.459999084472656, 47.279998779296875, 46.02000045776367, 42.61000061035156, 45.9900016784668, 43.650001525878906, 43.650001525878906, 42.36000061035156, 40.36000061035156, 41.59000015258789, 44.060001373291016, 43.540000915527344, 42.4900016784668, 44.41999816894531]
assets:[0, 100.00050202941895, 203.14245623779297, 289.40799997673037, 411.0415999183654, 537.2339192581177, 623.7723804437637, 753.8332610177994, 832.1720675226212, 930.5314419391632, 1158.5245376405717, 1278.651773985672, 1443.2838187393188, 1579.4134063957213, 1683.9231446933748, 1803.6281770954133, 1915.468565384674, 2014.8750220413208, 2290.137597857666, 2431.3712590919495, 2516.3560084648134, 2462.1037100830076, 2728.812888792801, 2873.423179430008, 3047.5285592853547, 3196.137817729187, 3509.6109103580475, 3912.510156457901, 4106.843679494476, 4194.873003149414, 4203.37455, 4298.543335478211, 4414.374340782166, 4593.330649842835, 4793.703832502746, 5126.202432018662, 5236.980869233322, 5250.175739354324, 5304.249821475983, 5497.869554052734, 5451.354378224944, 5147.420164732361, 5655.735431413651, 5467.970216144562, 5567.972369640351, 5503.419751296997, 5343.579324809265, 5606.427677569199, 6039.388102239609, 6068.108971595763, 6021.77226687584, 6395.293722377014]
shares:[0, 4.3048, 8.4784, 12.9547, 17.1196, 21.035, 25.0511, 28.8825, 32.8273, 36.7799, 40.2545, 43.6698, 46.9208, 50.0924, 53.255, 56.381, 59.4866, 62.5932, 65.4512, 68.2586, 71.0835, 74.0928, 76.9113, 79.6845, 82.3879, 85.0489, 87.5433, 89.8395, 92.0817, 94.3304, 96.6293, 98.9308, 101.2239, 103.4767, 105.6813, 107.7839, 109.8821, 112.0157, 114.1681, 116.2832, 118.4562, 120.8031, 122.9775, 125.2685, 127.5595, 129.9202, 132.3979, 134.8023, 137.0719, 139.3686, 141.7221, 143.9733]
growth_rate:25.4
