ticker:SATS
price:[28.440000534057617, 27.8799991607666, 28.450000762939453, 24.93000030517578, 24.3799991607666, 27.100000381469727, 25.799999237060547, 26.170000076293945, 23.15999984741211, 24.540000915527344, 25.700000762939453, 24.020000457763672, 24.709999084472656, 23.6200008392334, 21.440000534057617, 20.389999389648438, 21.399999618530273, 21.190000534057617, 22.420000076293945, 23.899999618530273, 23.079999923706055, 20.940000534057617, 23.270000457763672, 23.600000381469727, 22.549999237060547, 22.700000762939453, 26.639999389648438, 27.329999923706055, 26.040000915527344, 24.579999923706055, 23.989999771118164, 24.25, 24.920000076293945, 23.84000015258789, 24.450000762939453, 26.709999084472656, 26.65999984741211, 26.020000457763672, 26.489999771118164, 27.510000228881836, 27.010000228881836, 26.899999618530273, 26.559999465942383, 24.270000457763672, 23.739999771118164, 22.329999923706055, 22.3700008392334, 22.299999237060547, 24.920000076293945, 25.43000030517578, 24.15999984741211, 26.940000534057617]
assets:[0, 99.99998098983765, 202.04337041816711, 277.0446003913879, 370.93193523139956, 512.3146672115325, 587.7394626197815, 696.1691080295562, 716.0979312820434, 858.7675160385131, 999.3625196674346, 1034.0345977062227, 1163.7371748825074, 1212.4028330774308, 1200.5049579038619, 1241.7122218307495, 1403.2193749866485, 1489.4493755390167, 1675.9062157030105, 1886.5369098888398, 1921.8115856472014, 1843.6183730199814, 2148.7588232700346, 2279.231396841431, 2277.8250329338075, 2392.97733042717, 2908.3233653671264, 3083.6520903917312, 3038.099926815033, 2967.7596947883603, 2996.523699411011, 3128.999325, 3315.449014150429, 3271.761092940903, 3455.4770428249362, 3874.8783291824343, 3967.6238232913975, 3972.377195885086, 4144.130001193428, 4403.699049638558, 4423.660023485947, 4505.645026105309, 4548.6973805366515, 4256.509085283279, 4263.556770894241, 4110.3299789564135, 4217.693646231079, 4304.4952627323155, 4910.224355032921, 5110.7154783317565, 4955.481728702545, 5625.691731523514]
shares:[0, 3.5868, 7.1017, 11.1129, 15.2146, 18.9046, 22.7806, 26.6018, 30.9196, 34.9946, 38.8857, 43.0489, 47.0958, 51.3295, 55.9937, 60.8981, 65.571, 70.2902, 74.7505, 78.9346, 83.2674, 88.0429, 92.3403, 96.5776, 101.0122, 105.4175, 109.1713, 112.8303, 116.6705, 120.7388, 124.9072, 129.0309, 133.0437, 137.2383, 141.3283, 145.0722, 148.8231, 152.6663, 156.4413, 160.0763, 163.7786, 167.4961, 171.2612, 175.3815, 179.5938, 184.0721, 188.5424, 193.0267, 197.0395, 200.9719, 205.111, 208.823]
growth_rate:10.31
