ticker:SAVA
price:[3.0199999809265137, 3.319999933242798, 10.069999694824219, 11.470000267028809, 10.65999984741211, 11.920000076293945, 10.479999542236328, 9.319999694824219, 8.210000038146973, 10.699999809265137, 8.369999885559082, 7.329999923706055, 7.760000228881836, 7.730000019073486, 8.119999885559082, 8.039999961853027, 7.460000038146973, 6.820000171661377, 8.380000114440918, 10.569999694824219, 12.869999885559082, 19.81999969482422, 44.79999923706055, 46.119998931884766, 55.7599983215332, 48.58000183105469, 43.40999984741211, 53.439998626708984, 57.77000045776367, 46.56999969482422, 46.869998931884766, 41.56999969482422, 34.849998474121094, 39.59000015258789, 46.79999923706055, 41.43000030517578, 40.91999816894531, 50.02000045776367, 53.91999816894531, 64.16000366210938, 77.0, 79.6500015258789, 78.41000366210938, 90.05000305175781, 95.33999633789062, 80.08999633789062, 123.37999725341797, 69.52999877929688, 96.41000366210938, 122.56999969482422, 104.05999755859375, 58.34000015258789]
assets:[0, 100.00005798923969, 403.3135577774048, 559.3850310228347, 619.8821891269685, 793.1520370765685, 797.3351331726074, 809.0803575073243, 812.720218776226, 1159.2090893363, 1006.7829252345085, 981.6870987821579, 1139.275897603035, 1234.871368046999, 1397.1742763086318, 1483.4089369617463, 1476.3966715496063, 1449.7356204902649, 1881.3468976924896, 2473.011035599518, 3111.130709335613, 4891.189434688568, 11155.764290018462, 11584.462839709855, 14105.846543391037, 12389.493890979003, 11170.973084733583, 13852.059132032395, 15074.428818448256, 12251.914939712526, 12430.842368714906, 11125.17948232727, 9426.736397257995, 10808.881636659624, 12877.361430071642, 11499.766614707947, 11458.205103277587, 14106.340409095765, 15306.19439222107, 18313.010197265627, 22077.894300000004, 22937.718949424743, 22680.618906289674, 26147.567246130373, 27783.609906802365, 23439.514751229857, 36208.96936994629, 20505.328341998294, 28532.598429803467, 36374.669814434055, 30981.522923126224, 17469.42298969116]
shares:[0, 30.1205, 40.051, 48.7694, 58.1503, 66.5396, 76.0816, 86.8112, 98.9915, 108.3373, 120.2847, 133.9273, 146.8139, 159.7505, 172.0658, 184.5036, 197.9084, 212.5712, 224.5044, 233.9651, 241.7351, 246.7805, 249.0126, 251.1809, 252.9743, 255.0328, 257.3364, 259.2077, 260.9387, 263.086, 265.2196, 267.6252, 270.4946, 273.0205, 275.1573, 277.571, 280.0148, 282.014, 283.8686, 285.4272, 286.7259, 287.9814, 289.2567, 290.3672, 291.4161, 292.6647, 293.4752, 294.9134, 295.9506, 296.7665, 297.7275, 299.4416]
growth_rate:242.54
