ticker:SBAC
price:[300.2900085449219, 304.57000732421875, 308.70001220703125, 314.0199890136719, 318.1199951171875, 314.6300048828125, 310.25, 302.1099853515625, 290.3699951171875, 306.6199951171875, 304.0, 290.1000061035156, 285.7300109863281, 286.45001220703125, 275.6199951171875, 276.92999267578125, 275.0199890136719, 282.1300048828125, 267.82000732421875, 269.1000061035156, 272.7099914550781, 268.6700134277344, 273.8599853515625, 263.94000244140625, 261.7699890136719, 255.1300048828125, 242.19000244140625, 261.0199890136719, 266.07000732421875, 282.57000732421875, 281.17999267578125, 275.69000244140625, 288.3299865722656, 296.489990234375, 299.7200012207031, 290.9100036621094, 288.6199951171875, 290.92999267578125, 298.1199951171875, 312.7300109863281, 317.3399963378906, 318.44000244140625, 319.1000061035156, 322.8399963378906, 329.3299865722656, 334.1099853515625, 337.0400085449219, 340.989990234375, 347.010009765625, 353.80999755859375, 362.1600036621094, 352.8299865722656]
assets:[0, 99.990333404541, 201.33414796142577, 304.8192033355713, 408.7841937255859, 504.28897182617186, 597.262275, 681.5903379516601, 755.107172302246, 897.354077709961, 989.672, 1044.418041973877, 1128.6906893981934, 1231.5345374816893, 1284.9679792358397, 1391.0747392089845, 1481.4776768188476, 1619.7647840332031, 1637.6122167846681, 1745.4364595886232, 1868.8543004425048, 1941.1677140167237, 2078.6794468139647, 2103.390667456055, 2186.0935322509768, 2230.652658691406, 2217.51588135376, 2489.9218791992184, 2638.0841226196285, 2901.68314821167, 2987.396832183838, 3029.0611948242185, 3267.9320678100585, 3460.423623022461, 3598.108642654419, 3592.3312712219235, 3664.059700012207, 3793.3779885009767, 3987.116438696289, 4282.524770446777, 4445.647742697143, 4561.047998968506, 4670.507239334106, 4825.2634372650145, 5022.249362228394, 5195.142984228516, 5340.702271401978, 5503.305650390625, 5700.472234423828, 5912.165059204101, 6151.686038204956, 6093.197453109741]
shares:[0, 0.3283, 0.6522, 0.9707, 1.285, 1.6028, 1.9251, 2.2561, 2.6005, 2.9266, 3.2555, 3.6002, 3.9502, 4.2993, 4.6621, 5.0232, 5.3868, 5.7412, 6.1146, 6.4862, 6.8529, 7.2251, 7.5903, 7.9692, 8.3512, 8.7432, 9.1561, 9.5392, 9.915, 10.2689, 10.6245, 10.9872, 11.334, 11.6713, 12.0049, 12.3486, 12.6951, 13.0388, 13.3742, 13.694, 14.0091, 14.3231, 14.6365, 14.9463, 15.2499, 15.5492, 15.8459, 16.1392, 16.4274, 16.71, 16.9861, 17.2695]
growth_rate:19.47
