ticker:SBBP
price:[3.5299999713897705, 2.549999952316284, 2.2100000381469727, 2.119999885559082, 2.059999942779541, 2.259999990463257, 2.2300000190734863, 2.0999999046325684, 1.9500000476837158, 2.049999952316284, 2.549999952316284, 2.690000057220459, 2.759999990463257, 2.8399999141693115, 2.5999999046325684, 2.619999885559082, 2.700000047683716, 2.430000066757202, 3.109999895095825, 2.859999895095825, 2.930000066757202, 2.700000047683716, 3.0999999046325684, 3.319999933242798, 3.440000057220459, 3.140000104904175, 2.7799999713897705, 2.9800000190734863, 3.369999885559082, 2.7200000286102295, 2.9100000858306885, 2.630000114440918, 2.430000066757202, 2.5999999046325684, 2.5399999618530273, 2.450000047683716, 2.3499999046325684, 2.4100000858306885, 2.5199999809265137, 2.940000057220459, 2.8499999046325684, 2.9000000953674316, 3.1500000953674316, 3.0799999237060547, 3.059999942779541, 2.640000104904175, 2.5999999046325684, 2.390000104904175, 2.0799999237060547, 1.940000057220459, 1.909999966621399, 2.259999990463257]
assets:[0, 100.0000331300497, 186.6667692220688, 279.0649129356384, 371.1668756901264, 507.20253185970785, 600.4696521358966, 665.4645597792148, 717.9315175557136, 854.7485051182508, 1163.2237882483005, 1327.0870492291926, 1461.6209229496003, 1603.9867955241918, 1568.4385024700164, 1680.5032965960502, 1831.8163823510408, 1748.6348520386696, 2337.964502137542, 2250.025123469567, 2405.0958287977696, 2316.299800907326, 2759.455305108976, 3055.287706565523, 3265.7200223215104, 3080.9188049303293, 2827.6922608989476, 3131.123270040751, 3640.901033359623, 3038.6502079619404, 3350.909039835334, 3128.4848131318095, 2990.5772681574344, 3299.7942989642615, 3323.645322083855, 3305.8784093414542, 3270.944422258902, 3454.45821402843, 3712.1303239034655, 4430.818814235879, 4395.181217927313, 4572.290080361223, 5066.452908388757, 5053.86469081192, 5121.047298238993, 4518.158747535491, 4549.701353117943, 4282.225805959559, 3826.790307634163, 3669.2181382238864, 3712.4774401218297, 4492.7744390414]
shares:[0, 39.2157, 84.4646, 131.6344, 180.1781, 224.4259, 269.2689, 316.8879, 368.17, 416.9505, 456.1662, 493.3409, 529.5728, 564.7841, 603.2456, 641.4135, 678.4505, 719.6028, 751.7571, 786.7221, 820.8518, 857.8888, 890.1469, 920.2674, 949.3372, 981.1843, 1017.1555, 1050.7125, 1080.3861, 1117.1508, 1151.5151, 1189.5379, 1230.6902, 1269.1517, 1308.5218, 1349.3381, 1391.8913, 1433.3851, 1473.0676, 1507.0812, 1542.1689, 1576.6517, 1608.3977, 1640.8652, 1673.5449, 1711.4237, 1749.8852, 1791.7262, 1839.8031, 1891.3495, 1943.7055, 1987.9533]
growth_rate:-11.91
