ticker:SBCF
price:[20.40999984741211, 18.65999984741211, 18.6299991607666, 17.440000534057617, 18.459999084472656, 20.270000457763672, 19.8700008392334, 21.489999771118164, 21.479999542236328, 20.549999237060547, 24.270000457763672, 25.270000457763672, 26.079999923706055, 27.399999618530273, 27.8799991607666, 28.65999984741211, 29.360000610351562, 29.450000762939453, 32.470001220703125, 33.29999923706055, 33.56999969482422, 30.450000762939453, 32.11000061035156, 33.79999923706055, 34.779998779296875, 35.95000076293945, 38.119998931884766, 40.349998474121094, 38.470001220703125, 37.099998474121094, 36.52000045776367, 36.529998779296875, 36.33000183105469, 36.91999816894531, 36.349998474121094, 38.560001373291016, 38.2599983215332, 38.099998474121094, 37.06999969482422, 37.279998779296875, 36.56999969482422, 33.08000183105469, 34.599998474121094, 33.470001220703125, 33.20000076293945, 31.829999923706055, 30.5, 30.389999389648438, 32.189998626708984, 32.439998626708984, 31.579999923706055, 32.45000076293945]
assets:[0, 100.00080518226623, 199.8402749977112, 287.0746167909622, 403.8641679702759, 543.4630362731933, 632.7383197244644, 784.3248196464539, 883.959977161789, 945.6883598903656, 1216.8784069519043, 1367.0185797634124, 1510.837867580223, 1687.3056765089036, 1816.8642693094253, 1967.6952795238494, 2115.7550439834595, 2222.2411025699616, 2550.1257088714597, 2715.31190778923, 2837.3296602066043, 2673.6288219890594, 2919.383457492065, 3173.0357683776856, 3365.034441894531, 3578.2329959381104, 3894.2209188846587, 4222.0301603393555, 4125.315192901611, 4078.402832260132, 4114.642715575409, 4215.770080123902, 4292.687622354126, 4462.402034686279, 4493.5068413742065, 4866.704045324707, 4928.840457771683, 5008.2295594238285, 4972.836663061524, 5101.007320971679, 5103.859094408416, 4716.7815290847775, 5033.514358019257, 4969.1270782318115, 5029.039835567856, 4921.516392203522, 4815.873750000001, 4898.506260618591, 5288.646167375565, 5429.719382142257, 5385.776348988533, 5634.15085246582]
shares:[0, 5.3591, 10.7268, 16.4607, 21.8778, 26.8112, 31.8439, 36.4972, 41.1527, 46.0189, 50.1392, 54.0965, 57.9309, 61.5805, 65.1673, 68.6565, 72.0625, 75.4581, 78.5379, 81.5409, 84.5198, 87.8039, 90.9182, 93.8768, 96.752, 99.5336, 102.1569, 104.6352, 107.2346, 109.93, 112.6682, 115.4057, 118.1582, 120.8668, 123.6178, 126.2112, 128.8249, 131.4496, 134.1472, 136.8296, 139.5641, 142.5871, 145.4773, 148.4651, 151.4771, 154.6188, 157.8975, 161.1881, 164.2947, 167.3773, 170.5439, 173.6256]
growth_rate:10.47
