ticker:SBEAU
price:[10.069999694824219, 10.029999732971191, 10.079999923706055, 9.9399995803833, 9.899999618530273, 9.90999984741211, 10.0, 10.100000381469727, 10.039999961853027, 10.010000228881836, 10.0, 10.0, 9.960000038146973, 10.0, 9.979999542236328, 9.979999542236328, 10.0, 10.0, 10.0, 9.989999771118164, 10.006999969482422, 10.0, 9.920000076293945, 9.90999984741211, 9.880000114440918, 9.899999618530273, 9.920000076293945, 9.878199577331543]
assets:[0, 100.00010033769608, 200.49825448246, 297.7139214320183, 396.5157747213364, 496.91613134880066, 601.429, 707.4434167196273, 803.2411609480857, 900.8409615980148, 999.941, 1099.941, 1195.5416325789452, 1300.343, 1397.7418498882296, 1497.7414453014374, 1600.743, 1700.743, 1800.743, 1898.9421134931565, 2002.1735349941255, 2100.773, 2183.966384796715, 2281.7645818668366, 2374.8576035081865, 2479.6647844528197, 2584.673875878525, 2673.782658414173]
shares:[0, 9.9701, 19.8907, 29.9511, 40.0521, 50.1429, 60.1429, 70.0439, 80.0041, 89.9941, 99.9941, 109.9941, 120.0343, 130.0343, 140.0543, 150.0743, 160.0743, 170.0743, 180.0743, 190.0843, 200.0773, 210.0773, 220.1579, 230.2487, 240.3702, 250.4712, 260.5518, 270.6751]
growth_rate:-0.97
