ticker:SBFG
price:[14.380000114440918, 13.529999732971191, 14.15999984741211, 12.319999694824219, 14.640000343322754, 15.739999771118164, 15.960000038146973, 15.979999542236328, 15.34000015258789, 15.489999771118164, 17.829999923706055, 18.5, 17.559999465942383, 18.68000030517578, 18.459999084472656, 18.5, 17.959999084472656, 18.280000686645508, 18.6200008392334, 17.8799991607666, 17.0, 17.280000686645508, 18.280000686645508, 18.3799991607666, 19.110000610351562, 17.290000915527344, 19.440000534057617, 19.489999771118164, 19.200000762939453, 18.950000762939453, 18.579999923706055, 17.75, 17.5, 17.649999618530273, 17.860000610351562, 18.190000534057617, 18.549999237060547, 19.190000534057617, 19.799999237060547, 19.729999542236328, 19.3700008392334, 18.8700008392334, 18.520000457763672, 18.68000030517578, 17.93000030517578, 18.3700008392334, 19.030000686645508, 18.3799991607666, 18.18000030517578, 18.260000228881836, 17.809999465942383, 18.25]
assets:[0, 100.00022802639008, 204.65589379463194, 278.06239311218263, 430.42479409389495, 562.7648038166046, 670.6312216029168, 771.4712319004059, 840.5737163612365, 948.7934659805298, 1192.1227098989486, 1336.91915, 1368.9898503644943, 1556.305545425415, 1637.9760247642516, 1741.52525, 1790.6909327178955, 1922.5972442178725, 2058.3573027734756, 2076.5527065328597, 2074.3519, 2208.517143758583, 2436.3255875148775, 2549.653265582466, 2750.918985861206, 2588.926932086945, 3010.857562714577, 3118.6007103765487, 3172.1972460517886, 3230.89175007782, 3267.8076525815964, 3221.829125, 3276.4514999999997, 3404.5349014177323, 3545.0422371490477, 3710.543647941399, 3883.978435256576, 4117.980295603371, 4348.879752427673, 4433.504521136475, 4452.609210915756, 4437.67319336319, 4455.36391812439, 4593.854791049957, 4509.411213751983, 4720.0725176364895, 4989.656665038109, 4919.226651387406, 4965.698009355926, 5087.550135770417, 5062.171768203736, 5287.234875]
shares:[0, 7.391, 14.4531, 22.57, 29.4006, 35.7538, 42.0195, 48.2773, 54.7962, 61.252, 66.8605, 72.2659, 77.9607, 83.314, 88.7311, 94.1365, 99.7044, 105.1749, 110.5455, 116.1383, 122.0207, 127.8077, 133.2782, 138.7189, 143.9518, 149.7355, 154.8795, 160.0103, 165.2186, 170.4956, 175.8777, 181.5115, 187.2258, 192.8915, 198.4906, 203.9881, 209.3789, 214.5899, 219.6404, 224.7088, 229.8714, 235.1708, 240.5704, 245.9237, 251.5009, 256.9446, 262.1995, 267.6402, 273.1407, 278.6172, 284.232, 289.7115]
growth_rate:3.67
