ticker:SBGI
price:[20.90999984741211, 19.940000534057617, 21.6299991607666, 19.84000015258789, 18.700000762939453, 18.959999084472656, 18.399999618530273, 18.829999923706055, 18.579999923706055, 19.280000686645508, 23.549999237060547, 26.760000228881836, 28.040000915527344, 28.90999984741211, 28.6200008392334, 28.639999389648438, 31.25, 31.850000381469727, 32.4900016784668, 33.20000076293945, 31.969999313354492, 31.510000228881836, 32.349998474121094, 32.29999923706055, 33.04999923706055, 30.93000030517578, 36.40999984741211, 38.400001525878906, 34.279998779296875, 29.139999389648438, 29.93000030517578, 29.84000015258789, 30.079999923706055, 32.619998931884766, 32.470001220703125, 33.470001220703125, 33.45000076293945, 32.56999969482422, 33.689998626708984, 33.43000030517578, 32.150001525878906, 31.84000015258789, 34.83000183105469, 32.220001220703125, 30.260000228881836, 27.1299991607666, 28.530000686645508, 28.290000915527344, 31.0, 30.149999618530273, 28.530000686645508, 29.969999313354492]
assets:[0, 99.99910267829894, 208.47425791130064, 291.22144223976136, 374.48808527870176, 479.69556083679197, 565.5276682754517, 678.7442942499162, 769.7322368392944, 898.7314480077744, 1197.7765111961364, 1461.0398164964677, 1630.9242212509155, 1781.5267025970459, 1863.657180648613, 1964.958854124451, 2244.028125, 2387.112938590622, 2535.0811159648897, 2690.478261827469, 2690.7997502075195, 2752.08341999054, 2925.4491820129397, 3020.928488644409, 3191.073271335983, 3086.3810104522704, 3733.208309354782, 4037.2494404258728, 3704.0875600982667, 3248.69031595459, 3436.763166042328, 3526.4285540325163, 3654.7921827301025, 4063.4080269470214, 4144.724221820068, 4372.373691467285, 4469.759696947861, 4452.169136283875, 4705.266492201233, 4768.953350534821, 4686.3546174201965, 4741.1670627212525, 5286.3966709121705, 4990.259565063477, 4786.693266205787, 4391.573659152031, 4718.1945115551, 4778.503660643005, 5336.2532, 5289.935018069649, 5105.700392881394, 5463.402003827477]
shares:[0, 5.015, 9.6382, 14.6785, 20.0261, 25.3004, 30.7352, 36.0459, 41.428, 46.6147, 50.861, 54.5979, 58.1642, 61.6232, 65.1173, 68.6089, 71.8089, 74.9486, 78.0265, 81.0385, 84.1664, 87.34, 90.4312, 93.5272, 96.5529, 99.786, 102.5325, 105.1367, 108.0539, 111.4856, 114.8267, 118.1779, 121.5024, 124.568, 127.6478, 130.6356, 133.6251, 136.6954, 139.6636, 142.6549, 145.7653, 148.906, 151.7771, 154.8808, 158.1855, 161.8715, 165.3766, 168.9114, 172.1372, 175.4539, 178.959, 182.2957]
growth_rate:7.13
