ticker:SBLK
price:[6.679999828338623, 6.639999866485596, 7.110000133514404, 6.840000152587891, 7.369999885559082, 7.130000114440918, 6.699999809265137, 6.929999828338623, 6.239999771118164, 6.610000133514404, 7.010000228881836, 6.989999771118164, 7.699999809265137, 8.680000305175781, 7.929999828338623, 8.3100004196167, 8.739999771118164, 8.829999923706055, 11.079999923706055, 11.489999771118164, 11.399999618530273, 10.609999656677246, 11.729999542236328, 14.119999885559082, 13.479999542236328, 14.079999923706055, 13.600000381469727, 15.920000076293945, 16.8700008392334, 15.130000114440918, 14.489999771118164, 14.770000457763672, 15.989999771118164, 17.690000534057617, 18.6299991607666, 22.5, 21.290000915527344, 21.59000015258789, 19.510000228881836, 18.8799991607666, 22.549999237060547, 22.1299991607666, 23.559999465942383, 20.579999923706055, 20.549999237060547, 17.34000015258789, 18.530000686645508, 19.030000686645508, 19.3700008392334, 20.479999542236328, 20.309999465942383, 23.739999771118164]
assets:[0, 99.99972598924637, 207.07804288859367, 299.2144386749267, 422.3990144410133, 508.6435131640434, 577.9681135464668, 697.8087097147464, 728.3296532850266, 871.5159586036204, 1024.2549674427034, 1121.3329672828675, 1335.230786925316, 1605.1690204353333, 1566.4731340904236, 1741.5375909396173, 1931.6526954141616, 2051.543639274025, 2674.3042375854493, 2873.262878764343, 2950.7565212610243, 2846.2745818990707, 3246.72897829628, 4008.2542515135765, 3926.576934658432, 4201.350889234543, 4158.1225966321945, 4967.449167805671, 5363.8741248371125, 4910.635201143265, 4802.914733133888, 4995.725196831512, 5508.371036152839, 6194.001552995682, 6623.13423464489, 8098.953750000001, 7763.409478847504, 7972.804913348008, 7304.698214695167, 7168.820641339302, 8662.336411925126, 8600.99900082531, 9256.78033416748, 8185.931639653206, 8273.998927819443, 7081.564160316086, 7667.554926128006, 7974.451376736259, 8216.926749010277, 8787.797819577409, 8814.85254221077, 10403.52549769764]
shares:[0, 15.0602, 29.1249, 43.7448, 57.3133, 71.3385, 86.2639, 100.6939, 116.7195, 131.8481, 146.1134, 160.4196, 173.4066, 184.9273, 197.5376, 209.5713, 221.0129, 232.3379, 241.3632, 250.0664, 258.8383, 268.2634, 276.7885, 283.8707, 291.2891, 298.3914, 305.7443, 312.0257, 317.9534, 324.5628, 331.4641, 338.2346, 344.4885, 350.1414, 355.5091, 359.9535, 364.6505, 369.2823, 374.4079, 379.7045, 384.1391, 388.6579, 392.9024, 397.7615, 402.6277, 408.3947, 413.7914, 419.0463, 424.2089, 429.0917, 434.0154, 438.2277]
growth_rate:103.99
