ticker:SBNYP
price:[24.860000610351562, 25.440000534057617, 25.25, 25.649999618530273, 25.040000915527344, 25.43000030517578, 25.559999465942383, 25.440000534057617, 25.489999771118164, 25.440000534057617, 25.010000228881836, 24.850000381469727, 25.1299991607666, 25.358999252319336, 24.950000762939453, 25.520000457763672, 25.700000762939453, 25.850000381469727, 25.6299991607666, 25.920000076293945, 25.649999618530273, 25.670000076293945, 25.84000015258789, 26.059999465942383, 26.229999542236328, 26.219999313354492, 26.149999618530273, 26.040000915527344, 26.0, 26.200000762939453, 26.100000381469727, 26.219999313354492, 26.139999389648438, 26.309999465942383, 26.389999389648438, 26.24799919128418, 26.0, 26.049999237060547, 26.010000228881836, 26.06999969482422]
assets:[0, 99.99955409927368, 199.2528, 302.40836550254824, 395.21635045013426, 501.3728000167847, 603.9367793811798, 701.1009747180939, 802.4787217943191, 900.904194912529, 985.6766220205307, 1079.3697065692902, 1191.5313712080003, 1302.3900195005417, 1381.3842372409822, 1512.943019138336, 1623.615538199234, 1733.0925955753328, 1818.3433574598312, 1938.9170937070846, 2018.719094977379, 2120.293233301735, 2234.335717193985, 2353.3586757717135, 2468.70985091629, 2567.7691067556384, 2660.9141311832427, 2749.7199366760256, 2845.4972, 2967.3858864097597, 3056.059484666443, 3170.110662981606, 3260.4395098709106, 3381.6426483572004, 3491.924719238281, 3573.1348803096766, 3639.376, 3746.375430278015, 3840.6236287965776, 3949.482424767303]
shares:[0, 3.9308, 7.8912, 11.7898, 15.7834, 19.7158, 23.6282, 27.559, 31.4821, 35.4129, 39.4113, 43.4354, 47.4147, 51.3581, 55.3661, 59.2846, 63.1757, 67.0442, 70.9459, 74.8039, 78.7025, 82.5981, 86.4681, 90.3054, 94.1178, 97.9317, 101.7558, 105.596, 109.4422, 113.259, 117.0904, 120.9043, 124.7299, 128.5307, 132.32, 136.1298, 139.976, 143.8148, 147.6595, 151.4953]
growth_rate:1.27
