ticker:SBNY
price:[101.2300033569336, 93.23999786376953, 90.25, 84.0, 83.0199966430664, 84.66000366210938, 86.79000091552734, 84.56999969482422, 80.73999786376953, 76.01000213623047, 102.6500015258789, 106.05000305175781, 115.19999694824219, 124.44999694824219, 128.22999572753906, 131.10000610351562, 134.1999969482422, 135.2899932861328, 144.9600067138672, 154.3300018310547, 160.27000427246094, 165.19000244140625, 182.89999389648438, 214.0399932861328, 220.83999633789062, 218.33999633789062, 222.6199951171875, 241.6300048828125, 238.33999633789062, 220.02000427246094, 225.0, 228.25999450683594, 227.55999755859375, 238.83999633789062, 251.50999450683594, 255.05999755859375, 246.7100067138672, 240.2100067138672, 249.75, 250.3800048828125, 248.3300018310547, 234.5, 256.44000244140625, 248.05999755859375, 255.7100067138672, 235.88999938964844, 239.22999572753906, 226.97000122070312, 247.27000427246094, 257.4599914550781, 245.92999267578125, 263.1300048828125]
assets:[0, 99.99989770889282, 196.790125, 283.164, 379.85799464035034, 487.3622430816651, 599.6234373252869, 684.2896955307007, 753.2961060691833, 809.1644777412415, 1192.7622227302552, 1332.274373338318, 1547.228119012451, 1771.4585915603636, 1925.2579788528442, 2068.3516862945557, 2217.265769578552, 2335.281161109924, 2602.191576521301, 2870.3991370559693, 3080.8702921295167, 3275.4534444091796, 3726.605665640259, 4461.085752067566, 4702.809806015015, 4749.571774337768, 4942.675917590333, 5464.7525164306635, 5490.352487640381, 5168.33590636139, 5385.3075, 5563.335194116211, 5646.26417142334, 6026.148063601684, 6445.823894218444, 6636.814172473145, 6519.533966419983, 6447.765042214965, 6803.83935, 6921.004094970703, 6964.340402351379, 6676.47295, 7401.14055446167, 7259.277380554199, 7583.156962101746, 7095.382469641113, 7295.845025701904, 7021.952503765869, 7749.985927908325, 8169.360004864502, 7903.501360620117, 8556.250994775392]
shares:[0, 1.0725, 2.1805, 3.371, 4.5755, 5.7567, 6.9089, 8.0914, 9.3299, 10.6455, 11.6197, 12.5627, 13.4308, 14.2343, 15.0141, 15.7769, 16.5221, 17.2613, 17.9511, 18.5991, 19.223, 19.8284, 20.3751, 20.8423, 21.2951, 21.7531, 22.2023, 22.6162, 23.0358, 23.4903, 23.9347, 24.3728, 24.8122, 25.2309, 25.6285, 26.0206, 26.4259, 26.8422, 27.2426, 27.642, 28.0447, 28.4711, 28.8611, 29.2642, 29.6553, 30.0792, 30.4972, 30.9378, 31.3422, 31.7306, 32.1372, 32.5172]
growth_rate:67.77
