ticker:SBRA
price:[15.34000015258789, 15.210000038146973, 15.079999923706055, 13.869999885559082, 14.789999961853027, 14.539999961853027, 14.4399995803833, 14.15999984741211, 13.15999984741211, 13.729999542236328, 16.520000457763672, 16.8799991607666, 17.110000610351562, 18.25, 17.5, 17.610000610351562, 17.75, 17.3700008392334, 17.170000076293945, 17.5, 17.280000686645508, 16.790000915527344, 17.8799991607666, 17.850000381469727, 17.8700008392334, 17.219999313354492, 18.110000610351562, 18.100000381469727, 17.75, 17.739999771118164, 18.139999389648438, 17.940000534057617, 17.84000015258789, 17.8799991607666, 18.170000076293945, 17.729999542236328, 17.100000381469727, 17.290000915527344, 17.469999313354492, 17.540000915527344, 18.049999237060547, 17.389999389648438, 18.6200008392334, 18.260000228881836, 18.540000915527344, 18.31999969482422, 18.3799991607666, 18.59000015258789, 17.40999984741211, 16.969999313354492, 15.399999618530273, 15.960000038146973]
assets:[0, 99.99966625080108, 199.14497099246978, 283.1657566636086, 401.94782896327973, 495.1538827009201, 591.7482948041916, 680.2732966693878, 732.231603509903, 863.9464911956787, 1139.5050275753022, 1264.3372571401596, 1381.5641092834471, 1573.6153749999999, 1608.9465, 1719.0600835815428, 1832.72655, 1893.4916324842452, 1971.6894867610931, 2109.58475, 2183.0637027471544, 2221.1592951156617, 2465.3550762836458, 2561.218014735413, 2664.088317114258, 2667.1850296463012, 2905.03606390686, 3003.4326132993697, 3045.355075, 3143.6397214406966, 3314.5225484771727, 3377.9783145593647, 3459.149269586563, 3566.9042765802383, 3724.7573486398696, 3734.560226578903, 3701.8610925817493, 3842.9931754913327, 3983.000866451073, 4098.961401951599, 4318.1446374801635, 4260.250742474365, 4661.5805181049345, 4671.454032554818, 4843.0857831573485, 4885.6159906150815, 5001.6168356254575, 5158.762222343445, 4931.3093347801205, 4906.681843464279, 4552.734227225304, 4818.288899516488]
shares:[0, 6.5746, 13.2059, 20.4157, 27.177, 34.0546, 40.9798, 48.0419, 55.6407, 62.924, 68.9773, 74.9015, 80.746, 86.2255, 91.9398, 97.6184, 103.2522, 109.0093, 114.8334, 120.5477, 126.3347, 132.2906, 137.8834, 143.4856, 149.0816, 154.8888, 160.4106, 165.9355, 171.5693, 177.2063, 182.719, 188.2931, 193.8985, 199.4913, 204.9949, 210.6351, 216.4831, 222.2668, 227.9909, 233.6922, 239.2324, 244.9828, 250.3534, 255.8299, 261.2236, 266.6821, 272.1228, 277.502, 283.2458, 289.1386, 295.6321, 301.8978]
growth_rate:-5.52
