ticker:SBSI
price:[27.989999771118164, 26.100000381469727, 25.90999984741211, 23.969999313354492, 24.989999771118164, 26.280000686645508, 25.690000534057617, 27.350000381469727, 26.959999084472656, 26.450000762939453, 29.600000381469727, 30.68000030517578, 30.260000228881836, 30.719999313354492, 31.1299991607666, 30.690000534057617, 31.329999923706055, 31.030000686645508, 32.599998474121094, 33.25, 33.400001525878906, 31.3700008392334, 33.33000183105469, 34.56999969482422, 34.13999938964844, 34.58000183105469, 38.4900016784668, 41.220001220703125, 39.959999084472656, 39.68000030517578, 38.5, 38.63999938964844, 39.099998474121094, 40.36000061035156, 40.150001525878906, 42.27000045776367, 43.209999084472656, 42.88999938964844, 42.84000015258789, 42.709999084472656, 42.22999954223633, 38.84000015258789, 40.130001068115234, 37.7400016784668, 37.150001525878906, 36.130001068115234, 35.04999923706055, 36.040000915527344, 37.16999816894531, 37.43000030517578, 37.0, 37.880001068115234]
assets:[0, 99.99954146156311, 199.2712178264618, 284.35130785446165, 396.451352368927, 516.9171015060424, 605.3129305835724, 744.4259853830338, 833.810763684845, 918.0372064804077, 1127.369294528961, 1268.5044966178893, 1351.139270219803, 1471.678431105423, 1591.3188620996475, 1668.8270900403977, 1803.6273666078566, 1886.3571837421418, 2081.8000425590517, 2223.3078, 2333.3374665985107, 2291.522095304489, 2534.6966442489625, 2728.9972599090574, 2795.0519920303345, 2931.0735732040407, 3362.494244631195, 3700.987273602295, 3687.856367507172, 3762.0171809333797, 3750.14255, 3863.7796909683225, 4009.7752235183716, 4238.99068410492, 4316.936194062805, 4644.8770433017735, 4848.1705392776485, 4912.264543095398, 5006.539457832337, 5091.347944862366, 5134.129086347199, 4821.989902943802, 5082.14359526825, 4879.468975011825, 4903.187226390838, 4868.564612929916, 4823.034115016174, 5059.262892520905, 5317.889336032104, 5455.089417476654, 5492.4206, 5723.050717374801]
shares:[0, 3.8314, 7.6909, 11.8628, 15.8644, 19.6696, 23.5622, 27.2185, 30.9277, 34.7084, 38.0868, 41.3463, 44.651, 47.9062, 51.1185, 54.3769, 57.5687, 60.7914, 63.8589, 66.8664, 69.8604, 73.0482, 76.0485, 78.9412, 81.8703, 84.7621, 87.3602, 89.7862, 92.2887, 94.8089, 97.4063, 99.9943, 102.5518, 105.0295, 107.5202, 109.8859, 112.2002, 114.5317, 116.866, 119.2074, 121.5754, 124.1501, 126.642, 129.2917, 131.9835, 134.7513, 137.6044, 140.3791, 143.0694, 145.7411, 148.4438, 151.0837]
growth_rate:12.22
