ticker:SBT
price:[3.180000066757202, 3.0, 2.9700000286102295, 3.049999952316284, 3.140000104904175, 3.5399999618530273, 3.8499999046325684, 3.950000047683716, 3.5299999713897705, 3.390000104904175, 3.6700000762939453, 3.440000057220459, 3.880000114440918, 4.46999979019165, 4.230000019073486, 4.349999904632568, 4.480000019073486, 4.539999961853027, 5.019999980926514, 5.289999961853027, 5.139999866485596, 4.679999828338623, 5.110000133514404, 4.849999904632568, 4.889999866485596, 5.139999866485596, 5.46999979019165, 5.809999942779541, 5.690000057220459, 5.75, 5.760000228881836, 5.349999904632568, 5.309999942779541, 5.03000020980835, 4.949999809265137, 4.519999980926514, 4.53000020980835, 4.659999847412109, 4.809999942779541, 4.730000019073486, 4.860000133514404, 4.519999980926514, 4.579999923706055, 4.519999980926514, 4.429999828338623, 4.449999809265137, 4.630000114440918, 4.78000020980835, 5.110000133514404, 5.170000076293945, 5.170000076293945, 5.380000114440918]
assets:[0, 99.9999, 198.99980291697977, 304.3601052416325, 413.3411358093024, 565.9960799008369, 715.5605972750187, 834.1467900696755, 845.452643147707, 911.9218932195901, 1087.2430276021958, 1119.1052906150342, 1362.2467001795767, 1669.3924946437357, 1679.7609255742075, 1827.4136449366092, 1982.025928438425, 2108.5707482829093, 2431.503254761505, 2662.281352801895, 2686.79152420907, 2546.33923460083, 2880.298076256609, 2833.7467892789364, 2957.117883260155, 3208.300022662592, 3514.280133205604, 3832.7181032530307, 3853.5570907526017, 3994.192075, 4101.138594964599, 3909.2171103155138, 3979.9893891117094, 3870.121898428202, 3908.568854393864, 3669.0367605174065, 3777.154491940069, 3985.5492154964445, 4213.839410871553, 4243.754598112726, 4460.390510536289, 4248.346626072836, 4404.740730625534, 4447.036785234403, 4458.489600234651, 4578.618153752327, 4863.821139220333, 5121.39642879324, 5574.965688663053, 5740.425313711738, 5840.425523187446, 6177.657761408329]
shares:[0, 33.3333, 67.0033, 99.7902, 131.6373, 159.8859, 185.8599, 211.1764, 239.505, 269.0035, 296.2515, 325.3213, 351.0945, 373.4659, 397.1066, 420.0951, 442.4165, 464.4429, 484.3632, 503.2668, 522.7221, 544.0896, 563.6591, 584.2777, 604.7276, 624.1829, 642.4644, 659.6761, 677.2508, 694.6421, 712.0032, 730.6948, 749.5272, 769.4079, 789.6099, 811.7338, 833.8089, 855.2681, 876.0581, 897.1997, 917.7758, 939.8997, 961.7338, 983.8577, 1006.4311, 1028.903, 1050.5013, 1071.4218, 1090.9913, 1110.3337, 1129.6761, 1148.2635]
growth_rate:21.13
