ticker:SBTX
price:[25.0, 31.799999237060547, 32.0, 35.77000045776367, 46.34000015258789, 41.0, 48.31999969482422, 45.63999938964844, 43.91999816894531, 42.38999938964844, 44.7599983215332, 51.34000015258789, 48.060001373291016, 44.029998779296875, 55.5099983215332, 60.13999938964844, 47.310001373291016, 44.279998779296875, 38.06999969482422, 37.63999938964844, 34.790000915527344, 32.04999923706055, 28.15999984741211, 26.520000457763672, 28.15999984741211, 27.530000686645508, 28.829999923706055, 33.22999954223633, 31.8799991607666, 32.0, 31.219999313354492, 30.989999771118164, 30.600000381469727, 32.650001525878906, 30.280000686645508, 29.90999984741211, 28.979999542236328, 27.709999084472656, 24.610000610351562, 22.0]
assets:[0, 100.00145760078429, 200.6304, 324.265785149765, 520.0877237125396, 560.1543, 760.1605711990356, 818.0011450607299, 887.1751790130616, 956.2675182312013, 1109.7301623859405, 1372.867542080307, 1385.1565235801697, 1369.0071400451661, 1825.9514357883454, 2078.251944908142, 1734.8861363594056, 1723.7760724792481, 1582.025486318207, 1664.1547090148927, 1638.1498151092528, 1609.131106695175, 1513.8252717971802, 1525.661150334549, 1720.0071586799622, 1781.5269104343413, 1965.6524587982178, 2365.6469904117585, 2369.541509622383, 2478.4608, 2518.049044618607, 2599.4969628009794, 2666.7839132450104, 2945.4415276535033, 2831.6372922117234, 2897.037720220566, 2906.9605700820925, 2879.5676848602297, 2657.422319906616, 2475.5918]
shares:[0, 3.1447, 6.2697, 9.0653, 11.2233, 13.6623, 15.7318, 17.9229, 20.1998, 22.5588, 24.7929, 26.7407, 28.8214, 31.0926, 32.8941, 34.5569, 36.6706, 38.929, 41.5557, 44.2124, 47.0868, 50.2069, 53.758, 57.5287, 61.0798, 64.7122, 68.1808, 71.1901, 74.3269, 77.4519, 80.655, 83.8818, 87.1498, 90.2126, 93.5151, 96.8585, 100.3092, 103.918, 107.9814, 112.5269]
growth_rate:-36.52
