ticker:SBUX
price:[86.2699966430664, 85.2699966430664, 84.94999694824219, 84.30000305175781, 86.56999969482422, 90.01000213623047, 88.5199966430664, 90.80000305175781, 86.95999908447266, 90.6500015258789, 95.55999755859375, 97.01000213623047, 98.66000366210938, 102.27999877929688, 103.0, 103.27999877929688, 102.01000213623047, 106.9800033569336, 105.66999816894531, 102.33000183105469, 103.91000366210938, 96.80999755859375, 106.4800033569336, 105.30000305175781, 103.37000274658203, 108.02999877929688, 105.19999694824219, 107.80999755859375, 106.33999633789062, 109.9000015258789, 109.37999725341797, 113.18000030517578, 118.33999633789062, 117.55999755859375, 114.48999786376953, 114.33999633789062, 111.19999694824219, 110.91999816894531, 113.87999725341797, 111.98999786376953, 112.55999755859375, 109.69999694824219, 113.04000091552734, 114.97000122070312, 117.47000122070312, 118.7300033569336, 125.97000122070312, 121.43000030517578, 119.05000305175781, 116.76000213623047, 114.62999725341797, 115.12000274658203]
assets:[0, 99.99612506332399, 199.6239978286743, 298.0932407913208, 406.1171825683594, 522.2560343948364, 613.611764730072, 729.414584515381, 798.5710635925292, 932.4531106956482, 1082.9623403320313, 1199.392862411499, 1319.7946009887696, 1468.2191544769287, 1578.5574, 1682.8443001098633, 1762.151379901886, 1948.0095791267395, 2024.151082925415, 2060.1689948638914, 2191.9815272521973, 2142.2116259765626, 2456.1848854347227, 2528.969113293457, 2582.616822621155, 2799.046465371704, 2825.724518028259, 2995.834993157959, 3054.988584793091, 3257.2602052246093, 3341.843304084778, 3557.9378075935365, 3820.145255783081, 3894.9625711120607, 3893.243826357269, 3988.1447702667238, 3978.6246908111575, 4068.612084835815, 4277.18465284195, 4306.19460185852, 4428.110303955079, 4415.600397161866, 4650.036085661316, 4829.429871276856, 5034.44708331604, 5188.44178169632, 5604.82105531311, 5502.81903782959, 5494.967180859375, 5489.273008431244, 5489.137659477997, 5612.606661907958]
shares:[0, 1.1727, 2.3499, 3.5361, 4.6912, 5.8022, 6.9319, 8.0332, 9.1832, 10.2863, 11.3328, 12.3636, 13.3772, 14.3549, 15.3258, 16.294, 17.2743, 18.2091, 19.1554, 20.1326, 21.095, 22.128, 23.0671, 24.0168, 24.9842, 25.9099, 26.8605, 27.7881, 28.7285, 29.6384, 30.5526, 31.4361, 32.2811, 33.1317, 34.0051, 34.8797, 35.779, 36.6806, 37.5587, 38.4516, 39.34, 40.2516, 41.1362, 42.006, 42.8573, 43.6995, 44.4933, 45.3168, 46.1568, 47.0133, 47.8857, 48.7544]
growth_rate:10.05
