ticker:SCAQU
price:[10.0, 10.0, 10.0, 10.0, 10.020000457763672, 9.975000381469727, 9.949999809265137, 9.970000267028809, 9.979999542236328, 9.989999771118164, 9.960000038146973, 9.949999809265137, 9.899999618530273, 9.949999809265137, 9.949999809265137, 9.960000038146973, 10.0, 10.0, 10.0, 10.0, 10.0, 9.949999809265137, 9.949999809265137, 9.850000381469727, 9.83899974822998, 9.800000190734863]
assets:[0, 100.0, 200.0, 300.0, 400.59961830139156, 498.8008915754318, 597.5512185453415, 698.7524537148475, 799.4528533306122, 900.2538243741989, 997.5507758206367, 1096.5496789798738, 1191.0392541065216, 1297.0551101363183, 1397.0555932193756, 1498.460093739128, 1604.478, 1704.478, 1804.478, 1904.478, 2004.478, 2094.456054850674, 2194.456537933731, 2272.401983005333, 2369.8637870575903, 2460.470367887497]
shares:[0, 10.0, 20.0, 30.0, 39.98, 50.0051, 60.0554, 70.0855, 80.1055, 90.1155, 100.1557, 110.206, 120.307, 130.3573, 140.4076, 150.4478, 160.4478, 170.4478, 180.4478, 190.4478, 200.4478, 210.4981, 220.5484, 230.7007, 240.8643, 251.0684]
growth_rate:-1.58
