ticker:SCHL
price:[22.860000610351562, 22.420000076293945, 21.190000534057617, 20.6200008392334, 21.40999984741211, 21.65999984741211, 21.469999313354492, 22.09000015258789, 19.760000228881836, 20.0, 22.68000030517578, 24.049999237060547, 24.270000457763672, 25.0, 25.90999984741211, 24.280000686645508, 24.469999313354492, 25.0, 25.959999084472656, 26.100000381469727, 26.75, 25.770000457763672, 27.209999084472656, 28.290000915527344, 28.209999084472656, 28.799999237060547, 29.549999237060547, 31.299999237060547, 31.479999542236328, 29.559999465942383, 30.6299991607666, 30.6299991607666, 32.150001525878906, 31.25, 30.329999923706055, 31.309999465942383, 33.349998474121094, 32.79999923706055, 33.68000030517578, 35.58000183105469, 39.59000015258789, 37.27000045776367, 38.15999984741211, 37.72999954223633, 37.470001220703125, 33.79999923706055, 33.31999969482422, 33.61000061035156, 34.540000915527344, 33.2599983215332, 33.900001525878906, 33.68000030517578]
assets:[0, 99.99992634029388, 194.51360990238192, 289.28211577377317, 400.3648561466217, 505.03971844215397, 600.6103487915038, 717.9537219593049, 742.2251285972595, 851.24, 1065.3068303344728, 1229.657220991516, 1340.905390291214, 1481.2375, 1635.1541803703308, 1632.2861741615295, 1745.058425032425, 1882.855, 2055.157075521088, 2166.24000166111, 2320.188, 2335.1872464809417, 2565.674349673462, 2767.5089455627444, 2859.6814591918946, 3019.4898400108336, 3198.1225424289705, 3487.521034991455, 3607.5764675407413, 3487.5449009908675, 3713.78631924572, 3813.787140505791, 4103.044279735565, 4088.184375, 4067.829259767532, 4299.266825667, 4679.384975901794, 4702.214450624847, 4928.370868656158, 5306.397915083314, 6004.449045142364, 5752.583573655319, 5989.952280048371, 6022.454980931854, 6080.954040106201, 5585.3552339263915, 5606.036636654663, 5754.828661506653, 6014.066965410614, 5891.193832700729, 6104.556334773254, 6164.938815860748]
shares:[0, 4.4603, 9.1795, 14.0292, 18.6999, 23.3167, 27.9744, 32.5013, 37.562, 42.562, 46.9712, 51.1292, 55.2495, 59.2495, 63.109, 67.2276, 71.3142, 75.3142, 79.1663, 82.9977, 86.736, 90.6165, 94.2916, 97.8264, 101.3712, 104.8434, 108.2275, 111.4224, 114.599, 117.9819, 121.2467, 124.5115, 127.6219, 130.8219, 134.119, 137.3129, 140.3114, 143.3602, 146.3293, 149.1399, 151.6658, 154.3489, 156.9694, 159.6198, 162.2886, 165.2472, 168.2484, 171.2237, 174.1189, 177.1255, 180.0754, 183.0445]
growth_rate:20.88
