ticker:SCHN
price:[21.059999465942383, 19.940000534057617, 21.25, 19.260000228881836, 19.670000076293945, 21.09000015258789, 21.290000915527344, 21.3799991607666, 21.0, 20.260000228881836, 23.579999923706055, 24.81999969482422, 26.469999313354492, 27.579999923706055, 29.5, 30.020000457763672, 31.0, 31.90999984741211, 37.18000030517578, 32.11000061035156, 31.59000015258789, 29.520000457763672, 32.400001525878906, 34.86000061035156, 35.7599983215332, 34.540000915527344, 38.9900016784668, 44.68000030517578, 41.09000015258789, 43.38999938964844, 42.779998779296875, 39.40999984741211, 41.31999969482422, 44.06999969482422, 47.209999084472656, 55.68000030517578, 54.5099983215332, 53.58000183105469, 54.47999954223633, 56.86000061035156, 55.88999938964844, 46.900001525878906, 48.56999969482422, 48.869998931884766, 52.15999984741211, 51.20000076293945, 51.02000045776367, 52.41999816894531, 51.06999969482422, 55.68000030517578, 48.220001220703125, 48.470001220703125]
assets:[0, 99.99910267829894, 206.569125, 287.2243834133148, 393.3390245256424, 521.7349687747954, 626.6818219490051, 729.3316353713989, 816.3687, 887.6007400274276, 1133.052008333969, 1292.6355121063232, 1478.5691626451492, 1640.5714734617234, 1854.78005, 1987.4741303062438, 2152.3548, 2315.5363749275207, 2797.951178965759, 2516.4125828323363, 2575.662231441116, 2506.885670874023, 2851.4593342895505, 3167.9583314666747, 3349.74632277298, 3335.465716410828, 3865.1958363914487, 4529.2607789360045, 4265.339247839355, 4604.091140235901, 4639.362527618408, 4373.895187065124, 4685.873905391693, 5097.735516699218, 5560.950770158386, 6658.6487404953, 6618.729369196702, 6605.808771748352, 6816.766358722687, 7214.561771443176, 7191.4835904647825, 6134.721869591523, 6453.165583453369, 6593.022233901215, 7136.875435121919, 7105.520745880508, 7180.539558425522, 7477.57644680481, 7385.002840869904, 8151.635564678192, 7159.479147244263, 7296.596431762695]
shares:[0, 5.015, 9.7209, 14.913, 19.9969, 24.7385, 29.4355, 34.1128, 38.8747, 43.8105, 48.0514, 52.0804, 55.8583, 59.4841, 62.8739, 66.205, 69.4308, 72.5646, 75.2542, 78.3685, 81.5341, 84.9216, 88.008, 90.8766, 93.673, 96.5682, 99.133, 101.3711, 103.8048, 106.1095, 108.447, 110.9844, 113.4045, 115.6736, 117.7918, 119.5878, 121.4223, 123.2887, 125.1242, 126.8829, 128.6721, 130.8043, 132.8632, 134.9094, 136.8266, 138.7797, 140.7397, 142.6474, 144.6055, 146.4015, 148.4753, 150.5384]
growth_rate:43.07
