ticker:SCKT
price:[1.25, 1.2599999904632568, 1.309999942779541, 1.1799999475479126, 1.2699999809265137, 1.309999942779541, 1.3799999952316284, 2.549999952316284, 2.569999933242798, 2.509999990463257, 2.240000009536743, 3.049999952316284, 2.5999999046325684, 2.5299999713897705, 2.6600000858306885, 2.6600000858306885, 2.490000009536743, 2.380000114440918, 2.490000009536743, 2.549999952316284, 2.9200000762939453, 2.549999952316284, 2.809999942779541, 3.240000009536743, 12.220000267028809, 10.510000228881836, 7.699999809265137, 9.539999961853027, 9.449999809265137, 8.050000190734863, 8.579999923706055, 7.809999942779541, 6.320000171661377, 6.769999980926514, 6.460000038146973, 5.420000076293945, 5.019999980926514, 5.349999904632568, 5.909999847412109, 6.760000228881836, 6.699999809265137, 6.090000152587891, 6.170000076293945, 6.090000152587891, 6.659999847412109, 5.619999885559082, 8.350000381469727, 6.639999866485596, 6.559999942779541, 6.489999771118164, 6.130000114440918, 6.849999904632568]
assets:[0, 100.00002524311542, 203.96830109071732, 283.72721138806344, 405.36748391199114, 518.1349763679981, 645.8216437684655, 1293.366095814705, 1403.5101165430306, 1470.7432794119118, 1412.535942013836, 2023.319033367419, 1824.7964130668638, 1875.6673437892198, 2072.0456368590594, 2172.0456800857783, 2133.23056717031, 2138.9915448521615, 2337.852293954015, 2494.186063359976, 2956.0877732368467, 2681.51492485702, 3054.924314792109, 3622.4039266623263, 13762.276724730302, 11936.45844894657, 8845.073710900784, 11058.702129780291, 11054.374471883108, 9516.69010048628, 10243.254358916281, 9423.987976954555, 7726.070017852497, 8376.18518440132, 8092.637785787868, 6889.798406983376, 6481.325991374206, 7007.389215088463, 7840.873036559677, 9068.57951504631, 9088.08878128128, 8360.66645348053, 8570.494752976798, 8559.370369459151, 9460.493153249741, 8083.178957400989, 12109.705788231851, 9729.7531563581, 9712.527307281207, 9708.887142598152, 9270.336034067821, 10459.184024384595]
shares:[0, 79.3651, 155.701, 240.4468, 319.187, 395.5229, 467.9867, 507.2024, 546.1129, 585.9535, 630.5964, 663.3833, 701.8448, 741.3705, 778.9645, 816.5585, 856.7191, 898.7359, 938.8965, 978.1122, 1012.3588, 1051.5745, 1087.1617, 1118.0259, 1126.2092, 1135.7239, 1148.7109, 1159.1931, 1169.7751, 1182.1975, 1193.8525, 1206.6566, 1222.4794, 1237.2504, 1252.7303, 1271.1805, 1291.1008, 1309.7924, 1326.7129, 1341.5058, 1356.4312, 1372.8516, 1389.0591, 1405.4795, 1420.4945, 1438.2881, 1450.2641, 1465.3243, 1480.5682, 1495.9765, 1512.2897, 1526.8882]
growth_rate:105.08
