ticker:SCLE
price:[9.760000228881836, 9.819999694824219, 9.75, 9.770000457763672, 9.75, 9.744999885559082, 9.779999732971191, 9.670000076293945, 9.739999771118164, 9.710000038146973, 9.699999809265137, 9.729999542236328, 9.710000038146973, 9.699999809265137, 9.732000350952148, 9.710000038146973, 9.710000038146973, 9.71399974822998, 9.680000305175781, 9.680000305175781, 9.640000343322754, 9.640000343322754, 9.670000076293945]
assets:[0, 100.00000289230346, 199.287075, 299.6957410419464, 399.082125, 498.87772814140317, 600.669001599598, 693.9134034748078, 798.9361432256699, 896.4757535219193, 995.5526904240608, 1098.63176231308, 1196.3739597001074, 1295.1420345331192, 1399.4149368652343, 1496.2517748782157, 1596.25215227108, 1696.9094740190508, 1790.9704244628906, 1890.9706356155395, 1983.1562946289062, 2083.1558741903305, 2189.6390382757186]
shares:[0, 10.1833, 20.4397, 30.6751, 40.9315, 51.1932, 61.4181, 71.7594, 82.0263, 92.325, 102.6343, 112.9118, 123.2105, 133.5198, 143.7952, 154.0939, 164.3926, 174.687, 185.0176, 195.3482, 205.7216, 216.095, 226.4363]
growth_rate:-0.47
