ticker:SCLEU
price:[10.539999961853027, 10.739999771118164, 10.399999618530273, 10.170000076293945, 10.170000076293945, 10.010000228881836, 9.954999923706055, 9.930000305175781, 10.050000190734863, 10.020000457763672, 10.0, 10.005000114440918, 9.970000267028809, 10.0, 9.970000267028809, 9.960000038146973, 9.960000038146973, 10.020000457763672, 9.979999542236328, 9.989999771118164, 10.0, 9.989999771118164, 9.982000350952148, 9.972999572753906, 9.979999542236328, 10.0, 9.970000267028809, 9.869999885559082, 9.810999870300293, 9.84000015258789]
assets:[0, 100.00013786888123, 196.83455278015137, 292.48106619415285, 392.4806429443359, 486.30583111953734, 583.6337715270996, 682.1681819648743, 790.4114100008966, 888.0515985706329, 986.279, 1086.7721269309045, 1182.9704416837692, 1286.53, 1382.6705440323828, 1481.2840736733435, 1581.284466056347, 1690.8099472446443, 1784.0596481685639, 1885.8472217931749, 1987.7350000000001, 2085.747117213249, 2184.0766497888567, 2282.1075300338744, 2383.7089186637877, 2488.486, 2581.0207081280705, 2655.132617214203, 2739.2605967874524, 2847.3575481536864]
shares:[0, 9.311, 18.9264, 28.7592, 38.592, 48.582, 58.6272, 68.6977, 78.6479, 88.6279, 98.6279, 108.6229, 118.653, 128.653, 138.6831, 148.7233, 158.7635, 168.7435, 178.7635, 188.7735, 198.7735, 208.7835, 218.8015, 228.8286, 238.8486, 248.8486, 258.8787, 269.0104, 279.203, 289.3656]
growth_rate:-1.82
