ticker:SCOAU
price:[10.180000305175781, 10.300000190734863, 10.319999694824219, 10.5, 10.890000343322754, 10.984999656677246, 10.6899995803833, 10.75, 10.989999771118164, 11.15999984741211, 10.529999732971191, 10.220000267028809, 10.34000015258789, 10.260000228881836, 10.199999809265137, 10.149999618530273, 10.260000228881836, 10.1899995803833, 10.100000381469727, 10.100000381469727, 10.09000015258789, 10.0, 9.920000076293945, 9.960000038146973, 9.989999771118164, 10.039999961853027, 10.130000114440918, 10.079999923706055, 10.180000305175781, 10.119999885559082, 10.15999984741211, 10.050000190734863, 10.079999923706055, 10.020000457763672, 9.989999771118164, 9.869999885559082, 9.920000076293945, 9.890000343322754, 9.960000038146973]
assets:[0, 99.99961185178758, 200.1935460800171, 303.6852, 414.9645520823479, 518.5842577922821, 604.6573772652625, 708.0509000000001, 823.8587388420104, 936.6029871940613, 983.7304760537147, 1054.769435559082, 1167.1544012237548, 1258.1243200664521, 1350.7665947413445, 1444.144990724373, 1559.7960287961962, 1649.1536080890655, 1734.5882055141449, 1834.5883092910767, 1932.7718172286989, 2015.5320000000002, 2099.4073121463775, 2207.873048456192, 2314.5231069717406, 2426.1077587820055, 2547.8560957837103, 2635.279900053978, 2761.423828781891, 2845.1478998259545, 2956.3933315994263, 3024.3847473985675, 3133.4123282836913, 3214.760834866333, 3305.1354802757264, 3365.434067978382, 3482.4824907835005, 3571.950654997158, 3697.232690160465]
shares:[0, 9.7087, 19.3986, 28.9224, 38.1051, 47.2084, 56.5629, 65.8652, 74.9644, 83.925, 93.4217, 103.2064, 112.8776, 122.6242, 132.4281, 142.2803, 152.0269, 161.8404, 171.7414, 181.6424, 191.5532, 201.5532, 211.6338, 221.674, 231.684, 241.6442, 251.5159, 261.4365, 271.2597, 281.1411, 290.9836, 300.9338, 310.8544, 320.8344, 330.8444, 340.9761, 351.0567, 361.1679, 371.2081]
growth_rate:-2.7
