ticker:SCOA
price:[10.390000343322754, 10.5600004196167, 10.100000381469727, 9.960000038146973, 10.0, 9.930000305175781, 9.84000015258789, 9.819999694824219, 9.979999542236328, 9.96500015258789, 9.880000114440918, 9.920000076293945, 9.829999923706055, 9.75, 9.699999809265137, 9.720000267028809, 9.710000038146973, 9.770000457763672, 9.8100004196167, 9.739999771118164, 9.84000015258789, 9.800000190734863, 9.789999961853027, 9.789999961853027, 9.75, 9.6899995803833, 9.680000305175781, 9.649999618530273, 9.699999809265137, 9.699999809265137, 9.729999542236328]
assets:[0, 100.00003597364426, 195.64407738933562, 292.9325651219368, 394.109, 491.35031710052493, 586.8969691009521, 685.7040646903992, 796.8760174488068, 895.6781297149658, 988.0385434445382, 1092.038248398781, 1182.1302328250886, 1272.50955, 1365.9840431401253, 1468.8009043510438, 1567.290135157299, 1676.9746595729828, 1783.840666302681, 1871.111422030449, 1990.3220708637236, 2082.2315205259324, 2180.1067005051614, 2280.106655115509, 2370.7905, 2456.2007446364405, 2553.666360507965, 2645.751975411987, 2759.4607957396506, 2859.4610037733078, 2968.3046893512724]
shares:[0, 9.4697, 19.3707, 29.4109, 39.4109, 49.4814, 59.644, 69.8273, 79.8473, 89.8824, 100.0039, 110.0845, 120.2574, 130.5138, 140.8231, 151.1112, 161.4099, 171.6453, 181.839, 192.1059, 202.2685, 212.4726, 222.6871, 232.9016, 243.158, 253.4779, 263.8085, 274.1712, 284.4805, 294.7898, 305.0673]
growth_rate:-1.06
