ticker:SCOAW
price:[1.8899999856948853, 1.9859999418258667, 1.5, 1.0399999618530273, 1.2000000476837158, 1.2000000476837158, 1.1100000143051147, 0.9200000166893005, 1.0099999904632568, 0.9700000286102295, 0.7699999809265137, 0.8299999833106995, 0.8199999928474426, 0.800000011920929, 0.800000011920929, 0.8399999737739563, 0.9100000262260437, 0.9200000166893005, 1.0499999523162842, 1.059999942779541, 1.0499999523162842, 1.059999942779541, 1.100000023841858, 1.0199999809265137, 1.0499999523162842, 1.0499999523162842, 0.984000027179718, 0.800000011920929, 0.7799999713897705, 0.7429999709129333, 0.7419999837875366]
assets:[0, 100.00006207078695, 175.5288, 221.6999118680954, 355.80757413852217, 455.80753811216357, 521.6219737223984, 532.3353776568532, 684.4116465375662, 757.3062793368101, 701.1605966317177, 855.7964657919943, 945.4856577528775, 1022.4250552353204, 1122.4250567254364, 1278.5462360818922, 1485.0918328000903, 1601.4115530504764, 1927.6978524573326, 2046.0568335506441, 2126.7544284175633, 2247.0091847029207, 2431.8021727078917, 2354.9437239637373, 2524.206710368037, 2624.2067108267306, 2559.2567410909296, 2180.6965124949097, 2226.178964344239, 2220.578156668496, 2317.5895355614066]
shares:[0, 50.3525, 117.0192, 213.173, 296.5063, 379.8396, 469.9297, 578.6254, 677.6353, 780.7281, 910.5982, 1031.0801, 1153.0313, 1278.0313, 1403.0313, 1522.0789, 1631.969, 1740.6647, 1835.9028, 1930.2424, 2025.4805, 2119.8201, 2210.7292, 2308.7684, 2404.0065, 2499.2446, 2600.8706, 2725.8706, 2854.0757, 2988.6652, 3123.4361]
growth_rate:-22.75
