ticker:SCOBU
price:[10.609999656677246, 10.600000381469727, 10.350000381469727, 10.1899995803833, 10.0600004196167, 10.09000015258789, 10.069999694824219, 10.0, 10.149999618530273, 10.130000114440918, 10.020000457763672, 10.069999694824219, 10.029999732971191, 9.979999542236328, 9.949999809265137, 9.989999771118164, 9.90999984741211, 10.0, 9.989999771118164, 9.949999809265137, 10.050000190734863, 10.010000228881836, 10.0, 9.989999771118164, 10.0, 9.979999542236328, 9.944999694824219, 9.850000381469727, 9.850000381469727, 9.899999618530273, 9.899999618530273]
assets:[0, 100.0004035987854, 197.64153728446962, 294.585754869175, 390.82799830198286, 491.9934524402618, 591.0183520889283, 686.9100000000001, 797.213450038147, 895.6429471182823, 985.9169430416108, 1090.8367449417115, 1186.5038334116937, 1280.5886312618254, 1376.739683608818, 1482.2742080394744, 1570.4039818199158, 1684.666, 1782.981193149948, 1875.8426190413477, 1994.6948928565025, 2086.7557187143325, 2184.671, 2282.486176705742, 2384.771, 2480.000944247055, 2571.303539096069, 2646.7413975027084, 2746.741556375504, 2860.684089771271, 2960.6839859180454]
shares:[0, 9.434, 19.0958, 28.9093, 38.8497, 48.7605, 58.691, 68.691, 78.5432, 88.4149, 98.3949, 108.3254, 118.2955, 128.3155, 138.3658, 148.3758, 158.4666, 168.4666, 178.4766, 188.5269, 198.4771, 208.4671, 218.4671, 228.4771, 238.4771, 248.4971, 258.5524, 268.7047, 278.857, 288.958, 299.059]
growth_rate:-1.31
