ticker:SCOB
price:[9.979999542236328, 9.979999542236328, 9.8100004196167, 9.800000190734863, 9.819999694824219, 9.75, 9.720000267028809, 9.640000343322754, 9.699999809265137, 9.75, 9.710000038146973, 9.710000038146973, 9.75, 9.75, 9.6899995803833, 9.670000076293945, 9.694999694824219, 9.760000228881836, 9.710000038146973, 9.630000114440918, 9.619999885559082, 9.619999885559082, 9.65999984741211]
assets:[0, 99.999595413208, 198.29640548200607, 298.09444580173493, 398.7027896095276, 495.860625, 594.3352483276367, 689.4431845541001, 793.7344943924903, 897.825825, 994.1428179056167, 1094.143195298481, 1198.650375, 1298.650275, 1390.6583517787933, 1487.7884987382888, 1591.6348863990784, 1702.3060559207916, 1793.5855700463296, 1878.8082073273658, 1976.8570664830206, 2076.8569652934075, 2185.492855478287]
shares:[0, 10.02, 20.2137, 30.4178, 40.6011, 50.8575, 61.1456, 71.519, 81.8283, 92.0847, 102.3834, 112.6821, 122.9385, 133.1949, 143.5148, 153.8561, 164.1707, 174.4166, 184.7153, 195.0995, 205.4945, 215.8895, 226.2415]
growth_rate:-0.66
