ticker:SCOR
price:[2.369999885559082, 2.3399999141693115, 2.2899999618530273, 1.9800000190734863, 2.0399999618530273, 2.0999999046325684, 2.1700000762939453, 2.0199999809265137, 2.0, 1.940000057220459, 2.1700000762939453, 2.2699999809265137, 2.7899999618530273, 2.4100000858306885, 2.4800000190734863, 2.0899999141693115, 2.119999885559082, 2.490000009536743, 3.2899999618530273, 3.5, 3.440000057220459, 3.190000057220459, 4.150000095367432, 3.950000047683716, 3.759999990463257, 3.6500000953674316, 2.930000066757202, 3.4600000381469727, 3.6600000858306885, 3.6600000858306885, 3.690000057220459, 3.4700000286102295, 3.3499999046325684, 3.4700000286102295, 3.690000057220459, 3.5899999141693115, 3.5999999046325684, 3.8299999237060547, 4.0, 4.75, 4.610000133514404, 4.099999904632568, 4.539999961853027, 4.869999885559082, 4.539999961853027, 4.070000171661377, 4.179999828338623, 4.010000228881836, 3.9100000858306885, 3.4100000858306885, 3.509999990463257, 3.9600000381469727]
assets:[0, 99.99989633202553, 197.8630957039833, 271.0782386113167, 379.29270490741726, 490.44825772724147, 606.7964703340531, 664.8520877222538, 758.2694, 835.5213586437702, 1034.5779163742066, 1182.254353066206, 1553.0791467651368, 1441.5487813398838, 1583.4195001779556, 1434.4139660924673, 1555.0035920584678, 1926.3957283781292, 2645.317889328003, 2914.1679000000004, 2964.210897306252, 2848.7887190999986, 3806.104527464676, 3722.6779399395227, 3643.612198758459, 3637.0174100282193, 3019.5783727981566, 3665.781810415745, 3977.6767472805263, 4077.6767336256266, 4211.100389301109, 4060.0318934750558, 4019.627030569696, 4263.613672153592, 4633.929377857876, 4608.348623822356, 4721.185314931297, 5122.816780953026, 5450.2004, 6572.112824999999, 6478.408754627085, 5861.7079536546225, 6590.7692466216085, 7169.833955514908, 6783.993006998062, 6181.68557272644, 6448.757435166836, 6286.488185818673, 6229.717507752156, 5533.078415269184, 5795.338520253944, 6638.330619947529]
shares:[0, 42.735, 86.4031, 136.9082, 185.9278, 233.5468, 279.6297, 329.1347, 379.1347, 430.6811, 476.764, 520.8169, 556.6592, 598.153, 638.4756, 686.3225, 733.4923, 773.6529, 804.048, 832.6194, 861.6892, 893.0372, 917.1336, 942.4501, 969.0458, 996.4431, 1030.5728, 1059.4745, 1086.7969, 1114.1193, 1141.2196, 1170.038, 1199.8887, 1228.7071, 1255.8074, 1283.6626, 1311.4404, 1337.5501, 1362.5501, 1383.6027, 1405.2947, 1429.6849, 1451.7113, 1472.2452, 1494.2716, 1518.8416, 1542.765, 1567.7027, 1593.2781, 1622.6036, 1651.0936, 1676.3461]
growth_rate:30.16
