ticker:SCPH
price:[8.25, 7.46999979019165, 7.460000038146973, 7.119999885559082, 7.420000076293945, 8.130000114440918, 8.800000190734863, 9.029999732971191, 8.619999885559082, 9.020000457763672, 9.079999923706055, 8.9399995803833, 9.100000381469727, 8.739999771118164, 5.46999979019165, 5.789999961853027, 5.539999961853027, 5.289999961853027, 6.389999866485596, 6.090000152587891, 7.070000171661377, 6.340000152587891, 6.760000228881836, 7.110000133514404, 7.480000019073486, 7.380000114440918, 7.28000020980835, 7.130000114440918, 7.110000133514404, 6.670000076293945, 6.820000171661377, 6.510000228881836, 6.760000228881836, 6.78000020980835, 6.46999979019165, 6.010000228881836, 5.75, 5.840000152587891, 5.659999847412109, 5.739999771118164, 5.71999979019165, 5.190000057220459, 5.539999961853027, 6.989999771118164, 6.239999771118164, 5.510000228881836, 6.019999980926514, 5.480000019073486, 5.46999979019165, 5.480000019073486, 4.929999828338623, 6.019999980926514]
assets:[0, 100.0001401913166, 199.86608302202222, 290.75658732662197, 403.00765814380645, 541.5702016233444, 686.2011348730088, 804.1359242206573, 867.6245384812355, 1007.885831150055, 1114.5899666347505, 1197.4047697974206, 1318.834845285225, 1366.6606542100908, 955.3354633569718, 1111.2237406787872, 1163.2432099902153, 1210.7503282691002, 1562.513439352417, 1589.1563078170777, 1944.8828122222424, 1844.06766038208, 2066.2298979589464, 2273.2092426872255, 2491.5057263531685, 2558.1965976696965, 2623.532987609768, 2669.4763208467484, 2761.988334865713, 2691.0635567813874, 2851.582563775158, 2821.9653152160645, 3030.3357226018907, 3139.301461146259, 3095.764205610943, 2975.663500323677, 2946.9325, 3093.058552815628, 3097.7241424884796, 3241.5081687452316, 3330.213621848488, 3121.644904416561, 3432.160166367054, 4430.469457927895, 4055.0969232599264, 3680.702743894005, 4121.384694941998, 3851.6925414060593, 3944.6635456977365, 4051.875298102808, 3745.2089585927483, 4673.25735719347]
shares:[0, 13.3869, 26.7917, 40.8366, 54.3137, 66.6138, 77.9774, 89.0516, 100.6525, 111.739, 122.7522, 133.9379, 144.9269, 156.3685, 174.65, 191.9212, 209.9717, 228.8753, 244.5248, 260.9452, 275.0895, 290.8624, 305.6553, 319.72, 333.089, 346.6391, 360.3754, 374.4006, 388.4653, 403.4578, 418.1206, 433.4816, 448.2745, 463.0238, 478.4798, 495.1187, 512.51, 529.6333, 547.3011, 564.7227, 582.2052, 601.473, 619.5235, 633.8297, 649.8553, 668.0041, 684.6154, 702.8636, 721.1451, 739.3933, 759.6773, 776.2886]
growth_rate:-8.37
