ticker:SCPL
price:[13.029999732971191, 12.9399995803833, 15.399999618530273, 15.899999618530273, 15.699999809265137, 16.65999984741211, 15.100000381469727, 14.84000015258789, 13.350000381469727, 14.25, 12.5, 14.510000228881836, 14.649999618530273, 14.6899995803833, 14.569999694824219, 14.760000228881836, 14.329999923706055, 13.850000381469727, 16.25, 17.040000915527344, 17.479999542236328, 15.970000267028809, 17.290000915527344, 20.540000915527344, 21.450000762939453, 18.149999618530273, 15.90999984741211, 16.950000762939453, 15.989999771118164, 15.329999923706055, 16.639999389648438, 17.0, 17.09000015258789, 18.149999618530273, 17.649999618530273, 18.15999984741211, 16.170000076293945, 16.459999084472656, 17.25, 17.049999237060547, 17.899999618530273, 17.229999542236328, 18.030000686645508, 16.799999237060547, 16.360000610351562, 16.889999389648438, 15.960000038146973, 16.09000015258789, 16.200000762939453, 17.799999237060547, 17.329999923706055, 19.079999923706055]
assets:[0, 100.00031675720214, 219.0110945749283, 326.1217121757507, 422.0191348730087, 547.8241109825134, 596.5270250699997, 686.2550310562134, 717.3515904979706, 865.711725, 859.39625, 1097.5872023134232, 1208.1766785404204, 1311.4761545379638, 1400.7626846603393, 1519.0298515554427, 1574.776712615776, 1622.0275596754075, 2003.1001250000002, 2200.480966227722, 2357.3002982673643, 2253.665676682758, 2539.942630493164, 3117.3744249504093, 3355.485824348831, 2939.256313223839, 2676.5058633304598, 2951.462952848816, 2884.300143713951, 2865.249036740303, 3210.0938342544555, 3379.5438999999997, 3497.436060226822, 3814.3621748312, 3809.2829276699063, 4019.3527662277224, 3678.9062483579632, 3844.8846021423337, 4129.420575, 4181.543002887726, 4490.007264312744, 4421.944988518524, 4727.258835030555, 4504.766915424728, 4486.785791390991, 4732.140377995301, 4571.579218926811, 4708.815776655579, 4841.007347987366, 5419.1314477264405, 5376.041523332405, 6018.91953593254]
shares:[0, 7.728, 14.2215, 20.5108, 26.8802, 32.8826, 39.5051, 46.2436, 53.7342, 60.7517, 68.7517, 75.6435, 82.4694, 89.2768, 96.1402, 102.9153, 109.8937, 117.1139, 123.2677, 129.1362, 134.857, 141.1187, 146.9024, 151.7709, 156.4329, 161.9425, 168.2279, 174.1276, 180.3815, 186.9047, 192.9143, 198.7967, 204.6481, 210.1577, 215.8234, 221.33, 227.5143, 233.5896, 239.3867, 245.2518, 250.8384, 256.6422, 262.1885, 268.1409, 274.2534, 280.1741, 286.4398, 292.6548, 298.8276, 304.4456, 310.2159, 315.457]
growth_rate:18.02
