ticker:SCPS
price:[21.549999237060547, 20.260000228881836, 14.84000015258789, 14.300000190734863, 13.210000038146973, 12.359999656677246, 10.25, 9.470000267028809, 10.300000190734863, 10.670000076293945, 9.270000457763672, 8.140000343322754, 9.65999984741211, 10.34000015258789, 8.680000305175781, 8.529999732971191, 7.570000171661377, 7.539999961853027, 7.559999942779541, 7.329999923706055, 5.619999885559082, 5.940000057220459, 5.960000038146973, 7.079999923706055, 7.03000020980835, 7.289999961853027, 6.639999866485596, 6.960000038146973, 6.989999771118164, 6.820000171661377, 5.519999980926514, 4.699999809265137, 4.650000095367432, 4.989999771118164, 4.53000020980835, 4.199999809265137, 5.019999980926514, 5.079999923706055, 5.489999771118164]
assets:[0, 99.99930912971497, 173.2466137813568, 266.9423935605049, 346.5947340008736, 424.2928322144508, 451.86100000000005, 517.4758535914422, 662.8297322742462, 786.640420624733, 783.4262786865235, 787.9276132326125, 1035.05932365036, 1207.9208858253478, 1113.9990511665344, 1194.7475885988235, 1160.2857203112603, 1255.6874656471252, 1359.018097713804, 1417.6725622442245, 1186.9467858300209, 1354.5308830482961, 1459.091449338913, 1833.2831442445756, 1920.3366503118991, 2091.3588340563774, 2004.8862076865673, 2201.5071720662118, 2310.996677328301, 2354.7926092708108, 2005.9315610688209, 1807.9489266300202, 1888.7156487359048, 2126.815247447014, 2030.7565120551108, 1982.8203299540519, 2469.9423986154557, 2599.4633929599763, 2909.262325710869]
shares:[0, 4.9358, 11.6743, 18.6673, 26.2373, 34.3279, 44.084, 54.6437, 64.3524, 73.7245, 84.512, 96.797, 107.149, 116.8202, 128.3409, 140.0642, 153.2742, 166.5368, 179.7643, 193.4069, 211.2005, 228.0355, 244.814, 258.9383, 273.1631, 286.8805, 301.9407, 316.3085, 330.6147, 345.2775, 363.3934, 384.67, 406.1754, 426.2155, 448.2906, 472.1001, 492.0204, 511.7054, 529.9203]
growth_rate:-23.44
