ticker:SCR
price:[5.0, 5.130000114440918, 6.0, 5.550000190734863, 5.460000038146973, 5.349999904632568, 5.900000095367432, 6.400000095367432, 5.5, 5.900000095367432, 5.579999923706055, 5.400000095367432, 9.890000343322754, 12.800000190734863, 11.0, 10.510000228881836, 12.75, 11.9399995803833, 16.280000686645508, 22.899999618530273, 26.399999618530273, 23.209999084472656, 30.399999618530273, 42.0, 36.70199966430664, 26.989999771118164, 22.799999237060547, 26.1200008392334, 26.969999313354492, 24.739999771118164, 26.34000015258789, 22.18000030517578, 21.049999237060547, 18.799999237060547, 17.309999465942383, 16.6299991607666, 14.140000343322754, 14.229999542236328, 16.770000457763672, 18.43000030517578, 21.510000228881836, 22.559999465942383, 20.389999389648438, 19.290000915527344, 19.280000686645508, 15.109999656677246, 14.979999542236328, 15.649999618530273, 33.380001068115234, 33.20000076293945, 32.27000045776367, 35.959999084472656]
assets:[0, 100.00011823081971, 216.95940000000002, 300.68735533361433, 395.8112367653847, 487.8370663039684, 637.9888403124332, 792.0556918025494, 780.67275, 937.4492451529027, 986.6042505104065, 1054.7782386280537, 2031.8066155323982, 2729.6384406747816, 2445.7828999999997, 2436.833939068222, 3056.1966749999997, 2962.03808190279, 4138.692006558609, 5921.623881357194, 6926.676139912223, 6189.702901844787, 8207.151737013817, 11438.830199999999, 10095.901653058243, 7524.347708191681, 6456.2484239593505, 7496.369716857719, 7840.31634738865, 7292.043186537742, 7863.638469554139, 6721.697888484193, 6479.2487051651, 5886.691481106948, 5520.139788689614, 5403.287950322914, 4694.25670197773, 4824.134912812805, 5785.22419991684, 6457.881321933747, 7637.114826264382, 8109.915984015846, 7429.840512596131, 7129.015283351898, 7225.319073325348, 5762.580652065181, 5813.002304364395, 6172.996804532814, 13266.430794507982, 13294.89050551796, 13022.47478272934, 14611.565295995331]
shares:[0, 19.4932, 36.1599, 54.1779, 72.4929, 91.1845, 108.1337, 123.7587, 141.9405, 158.8897, 176.8108, 195.3293, 205.4405, 213.253, 222.3439, 231.8586, 239.7017, 248.0769, 254.2194, 258.5862, 262.3741, 266.6826, 269.9721, 272.3531, 275.0777, 278.7828, 283.1688, 286.9973, 290.7051, 294.7471, 298.5436, 303.0522, 307.8028, 313.1219, 318.8989, 324.9121, 331.9842, 339.0116, 344.9746, 350.4005, 355.0495, 359.4821, 364.3865, 369.5705, 374.7572, 381.3753, 388.0509, 394.4407, 397.4365, 400.4485, 403.5474, 406.3283]
growth_rate:186.5
