ticker:SCSC
price:[20.479999542236328, 18.639999389648438, 19.899999618530273, 19.030000686645508, 20.100000381469727, 21.360000610351562, 21.610000610351562, 20.809999465942383, 20.100000381469727, 23.139999389648438, 25.219999313354492, 24.709999084472656, 25.940000534057617, 27.510000228881836, 26.889999389648438, 24.760000228881836, 26.200000762939453, 26.3799991607666, 28.18000030517578, 26.43000030517578, 26.639999389648438, 24.190000534057617, 29.200000762939453, 28.899999618530273, 28.3700008392334, 28.440000534057617, 31.329999923706055, 33.119998931884766, 31.0, 31.8799991607666, 30.510000228881836, 29.780000686645508, 30.469999313354492, 29.600000381469727, 30.229999542236328, 32.310001373291016, 30.81999969482422, 30.649999618530273, 30.530000686645508, 28.860000610351562, 30.68000030517578, 27.899999618530273, 28.219999313354492, 27.610000610351562, 26.450000762939453, 25.469999313354492, 25.649999618530273, 27.59000015258789, 28.18000030517578, 28.84000015258789, 29.540000915527344, 36.04999923706055]
assets:[0, 99.99986872558593, 206.7590060365677, 297.72055474243166, 414.45999786586765, 540.44005544281, 646.7657082672118, 722.8228454498292, 798.1609651479721, 1018.8773131256103, 1210.4616090436934, 1285.9824823532103, 1449.996743852806, 1637.7555946260452, 1700.846241394043, 1666.1202234016419, 1863.0191742507936, 1975.8197291427612, 2210.6364839401244, 2173.3547830947873, 2290.624363519287, 2179.961725128365, 2731.4556713676457, 2803.3924429962162, 2851.9822813665387, 2959.019947565651, 3359.7070048185346, 3651.6587302345274, 3517.9172, 3717.7817421302793, 3658.014783441925, 3670.4922926315307, 3855.536598114967, 3845.45148955822, 4027.297976015854, 4404.399226202774, 4301.28538740921, 4377.55861051693, 4460.420888318635, 4316.434447286988, 4688.643434638214, 4363.791510334969, 4513.842508169746, 4516.272717837524, 4426.526652681351, 4362.519311390876, 4493.348978174401, 4933.196869283294, 5138.690687649536, 5359.043060353851, 5589.115873222351, 6920.839198531723]
shares:[0, 5.3648, 10.3899, 15.6448, 20.6199, 25.3015, 29.929, 34.7344, 39.7095, 44.031, 47.9961, 52.043, 55.8981, 59.5331, 63.252, 67.2908, 71.1076, 74.8984, 78.447, 82.2306, 85.9844, 90.1183, 93.543, 97.0032, 100.5281, 104.0443, 107.2361, 110.2554, 113.4812, 116.618, 119.8956, 123.2536, 126.5355, 129.9139, 133.2219, 136.3169, 139.5615, 142.8241, 146.0996, 149.5646, 152.8241, 156.4083, 159.9519, 163.5738, 167.3545, 171.2807, 175.1793, 178.8038, 182.3524, 185.8198, 189.205, 191.9789]
growth_rate:35.7
