ticker:SCVL
price:[18.434999465942383, 18.19499969482422, 18.770000457763672, 17.204999923706055, 17.06999969482422, 18.420000076293945, 16.795000076293945, 16.924999237060547, 15.489999771118164, 16.684999465942383, 16.979999542236328, 17.510000228881836, 19.110000610351562, 19.174999237060547, 18.145000457763672, 18.184999465942383, 19.399999618530273, 19.59000015258789, 20.03499984741211, 21.354999542236328, 20.93000030517578, 23.4950008392334, 25.389999389648438, 24.489999771118164, 23.729999542236328, 24.479999542236328, 25.514999389648438, 27.774999618530273, 28.579999923706055, 29.790000915527344, 30.219999313354492, 31.110000610351562, 31.2450008392334, 31.864999771118164, 29.975000381469727, 32.724998474121094, 31.920000076293945, 33.060001373291016, 33.755001068115234, 32.439998626708984, 33.95500183105469, 31.375, 37.48500061035156, 35.67499923706055, 34.689998626708984, 32.95500183105469, 33.06999969482422, 33.70000076293945, 33.060001373291016, 36.09000015258789, 38.27000045776367, 37.95000076293945]
assets:[0, 99.99971832275392, 203.16085395469668, 286.2223787307739, 383.97598713531494, 514.3435041303635, 568.9692560846329, 673.3729421459198, 716.2808244161606, 871.5392786035538, 986.9488893928528, 1117.7543666107179, 1319.8914331558228, 1424.380303326416, 1447.8694245269774, 1551.06043344841, 1754.691165496826, 1871.8754485801696, 2014.3970211582182, 2247.113994831085, 2302.3921255706787, 2684.552892891312, 3001.077615856934, 2994.6983970117567, 3001.764260094452, 3196.6375082244876, 3431.7903814071656, 3835.763554818535, 4046.9365631967544, 4318.272141712188, 4480.60446219368, 4712.561558456421, 4833.011099313545, 5028.911958378028, 4830.633176475906, 5373.811269433593, 5341.620492767333, 5632.392761965943, 5850.798216637802, 5722.8666737323765, 6090.135173416138, 5727.3901625, 6942.746903045654, 6707.5098990543365, 6622.313799839019, 6391.101916104126, 6513.404306893158, 6737.489502531052, 6709.537196709824, 7424.478139390564, 7972.949929367829, 8006.281300956726]
shares:[0, 5.496, 10.8237, 16.636, 22.4942, 27.9231, 33.8773, 39.7857, 46.2415, 52.2349, 58.1242, 63.8352, 69.0681, 74.2832, 79.7944, 85.2934, 90.448, 95.5526, 100.5439, 105.2266, 110.0044, 114.2606, 118.1992, 122.2825, 126.4966, 130.5816, 134.5009, 138.1013, 141.6003, 144.9571, 148.2662, 151.4806, 154.6811, 157.8193, 161.1554, 164.2112, 167.344, 170.3688, 173.3313, 176.4139, 179.359, 182.5463, 185.214, 188.0171, 190.8998, 193.9342, 196.9581, 199.9255, 202.9503, 205.7212, 208.3342, 210.9692]
growth_rate:56.99
