ticker:SCWX
price:[11.970000267028809, 11.880000114440918, 12.479999542236328, 11.680000305175781, 11.5, 11.779999732971191, 11.699999809265137, 11.119999885559082, 10.399999618530273, 10.40999984741211, 11.229999542236328, 11.359999656677246, 11.640000343322754, 12.319999694824219, 12.3100004196167, 14.25, 14.380000114440918, 14.220000267028809, 13.270000457763672, 13.960000038146973, 14.9399995803833, 13.84000015258789, 15.029999732971191, 15.600000381469727, 15.800000190734863, 14.430000305175781, 15.069999694824219, 14.119999885559082, 13.199999809265137, 13.550000190734863, 13.90999984741211, 13.65999984741211, 14.050000190734863, 13.510000228881836, 13.010000228881836, 13.220000267028809, 13.470000267028809, 13.770000457763672, 14.079999923706055, 15.819999694824219, 18.969999313354492, 20.610000610351562, 20.729999542236328, 20.639999389648438, 22.239999771118164, 22.1200008392334, 22.309999465942383, 20.059999465942383, 18.469999313354492, 19.010000228881836, 18.350000381469727, 20.68000030517578]
assets:[0, 99.99990096330643, 205.05013647880554, 291.90539962692264, 387.40740000000005, 496.84033673763275, 593.4661103252411, 664.0463611660003, 721.0506935520173, 821.7435269550324, 986.472357788849, 1097.891710819435, 1224.952896130085, 1396.5138534072876, 1495.3806899737358, 1831.0452000000002, 1947.7494455008507, 2026.077014046478, 1990.7203506721498, 2194.2314099959376, 2448.2670332360267, 2368.00603410759, 2671.6140155350686, 2872.93351025238, 3009.76573633337, 2848.7923052482606, 3075.1419417266843, 2981.2883038370132, 2887.0405982833863, 3063.591358124256, 3244.9859684036255, 3286.6642632865905, 3480.499767249298, 3446.729351393318, 3419.1672671525953, 3574.357572197914, 3741.9512571803093, 3925.2914774906158, 4113.660649709702, 4722.0246989097595, 5762.251111427307, 6360.411068359375, 6497.443143522262, 6569.235021739197, 7178.478118123055, 7239.74576667614, 7401.9313068122865, 6755.433504150009, 6319.983097046661, 6604.758439521789, 6475.450894615174, 7397.674525167847]
shares:[0, 8.4175, 16.4303, 24.9919, 33.6876, 42.1766, 50.7236, 59.7164, 69.3318, 78.9379, 87.8426, 96.6454, 105.2365, 113.3534, 121.4769, 128.4944, 135.4485, 142.4808, 150.0166, 157.1799, 163.8733, 171.0987, 177.7521, 184.1624, 190.4915, 197.4215, 204.0572, 211.1394, 218.7152, 226.0953, 233.2844, 240.605, 247.7224, 255.1243, 262.8107, 270.375, 277.7989, 285.0611, 292.1634, 298.4845, 303.756, 308.608, 313.4319, 318.2769, 322.7733, 327.2941, 331.7764, 336.7614, 342.1756, 347.436, 352.8856, 357.7212]
growth_rate:45.05
