ticker:SCYX
price:[4.940000057220459, 5.159999847412109, 5.340000152587891, 4.570000171661377, 4.71999979019165, 5.539999961853027, 5.119999885559082, 5.070000171661377, 4.369999885559082, 4.900000095367432, 5.75, 6.110000133514404, 6.75, 6.340000152587891, 7.869999885559082, 6.210000038146973, 7.139999866485596, 7.650000095367432, 7.75, 7.889999866485596, 8.109999656677246, 7.46999979019165, 9.229999542236328, 8.880000114440918, 8.8100004196167, 7.78000020980835, 8.130000114440918, 8.539999961853027, 8.359999656677246, 7.650000095367432, 8.279999732971191, 8.430000305175781, 7.730000019073486, 7.320000171661377, 7.559999942779541, 6.869999885559082, 7.110000133514404, 8.609999656677246, 9.579999923706055, 8.039999961853027, 8.119999885559082, 7.5, 7.949999809265137, 7.889999866485596, 7.300000190734863, 6.710000038146973, 7.059999942779541, 6.96999979019165, 6.920000076293945, 6.260000228881836, 5.869999885559082, 6.400000095367432]
assets:[0, 99.9997650428772, 203.4881818145752, 274.146084297657, 383.1440949688911, 549.7070502148628, 608.0327544094085, 702.095144771719, 705.1589135334015, 890.6818373351098, 1145.187825, 1316.8864957763194, 1554.8253750000001, 1560.384353554535, 2036.9440633799552, 1707.2966804876328, 2062.978725423336, 2310.3344538013935, 2440.534675, 2584.6219362630845, 2756.690258300305, 2639.1464438748358, 3360.952961312866, 3333.506754960537, 3407.2288982849122, 3108.881081839228, 3348.7405431381226, 3617.6191358406063, 3641.369230458736, 3432.1144027858736, 3814.7589929745673, 3983.8672472206117, 3753.0595602605345, 3653.996953689909, 3873.799914679814, 3620.2384976938247, 3846.7098632350444, 4758.251735265256, 5394.314979040337, 4627.170326045703, 4773.212012727737, 4508.75475, 4879.27978793726, 4942.45529436388, 4672.867362092971, 4395.196973987102, 4724.454533708858, 4764.227654588985, 4830.051409251976, 4469.381625412178, 4290.937631344318, 4778.3648712031845]
shares:[0, 19.3798, 38.1064, 59.9882, 81.1746, 99.2251, 118.7564, 138.4803, 161.3636, 181.7718, 199.1631, 215.5297, 230.3445, 246.1174, 258.8239, 274.927, 288.9326, 302.0045, 314.9077, 327.582, 339.9125, 353.2994, 364.1336, 375.3949, 386.7456, 399.5991, 411.8992, 423.6088, 435.5705, 448.6424, 460.7197, 472.5821, 485.5187, 499.1799, 512.4074, 526.9634, 541.0281, 552.6425, 563.0809, 575.5187, 587.834, 601.1673, 613.7459, 626.4202, 640.1188, 655.0219, 669.1862, 683.5334, 697.9843, 713.9587, 730.9945, 746.6195]
growth_rate:-6.31
