ticker:SCZ
price:[58.470001220703125, 58.59000015258789, 59.83000183105469, 57.97999954223633, 59.310001373291016, 61.20000076293945, 60.02000045776367, 60.36000061035156, 56.95000076293945, 60.84000015258789, 63.09000015258789, 64.27999877929688, 65.43000030517578, 66.62000274658203, 65.91999816894531, 67.44000244140625, 67.77999877929688, 68.3499984741211, 70.62999725341797, 69.06999969482422, 70.1500015258789, 68.08999633789062, 71.01000213623047, 72.4000015258789, 71.80000305175781, 70.19999694824219, 70.26000213623047, 72.41000366210938, 72.88999938964844, 72.73999786376953, 73.0, 74.27999877929688, 75.61000061035156, 75.3499984741211, 74.55999755859375, 76.20999908447266, 74.55999755859375, 75.25, 76.12999725341797, 76.95999908447266, 76.48999786376953, 73.3499984741211, 74.87999725341797, 74.80000305175781, 75.11000061035156, 73.69999694824219, 74.86000061035156, 75.44000244140625, 75.94000244140625, 76.80000305175781, 75.0999984741211, 77.31999969482422]
assets:[0, 100.00141226043702, 202.11771218566895, 295.86613966407776, 402.65559932327267, 515.487606426239, 605.5477866184235, 708.9764951690673, 768.9218253009795, 921.4461383110047, 1055.5209385528565, 1175.4304856781007, 1296.4627410469054, 1420.045330545044, 1505.1249501922607, 1639.8306353637695, 1748.1003925170899, 1862.8040234138489, 2024.940832256317, 2080.2157158088685, 2212.7414981307984, 2247.7597231079103, 2444.157172528839, 2591.999694628143, 2670.522133506775, 2711.0115621459963, 2813.3299275382997, 2999.417858694458, 3119.2983678802493, 3212.882061643982, 3324.3689, 3482.6623107666014, 3645.02203142395, 3732.4847794151306, 3793.351715789795, 3977.3007792198177, 3991.1892133117676, 4128.1247, 4276.39704471817, 4423.0219793830875, 4496.013233434295, 4411.444948229981, 4603.464983145905, 4698.547231695557, 4818.021121151733, 4827.578270100403, 5003.560094795227, 5142.330046417236, 5276.41009163208, 5436.165336013794, 5415.836389961242, 5675.929733597564]
shares:[0, 1.7068, 3.3782, 5.1029, 6.789, 8.423, 10.0891, 11.7458, 13.5017, 15.1454, 16.7304, 18.2861, 19.8145, 21.3156, 22.8326, 24.3154, 25.7908, 27.2539, 28.6697, 30.1175, 31.543, 33.0116, 34.4199, 35.8011, 37.1939, 38.6184, 40.0417, 41.4227, 42.7946, 44.1694, 45.5393, 46.8856, 48.2082, 49.5353, 50.8765, 52.1887, 53.5299, 54.8588, 56.1723, 57.4717, 58.7791, 60.1424, 61.4779, 62.8148, 64.1462, 65.5031, 66.8389, 68.1645, 69.4813, 70.7834, 72.115, 73.4083]
growth_rate:11.29
