ticker:SDACU
price:[11.220000267028809, 11.0, 11.050000190734863, 10.5, 10.25, 10.170000076293945, 9.979999542236328, 10.0, 10.0, 10.199999809265137, 10.25, 10.1899995803833, 10.220000267028809, 10.149999618530273, 10.029999732971191, 10.0, 10.029999732971191, 10.0600004196167, 10.100000381469727, 10.119999885559082, 10.229999542236328, 10.149999618530273, 10.239999771118164, 10.25, 10.25, 10.135000228881836, 10.010000228881836, 10.119999885559082, 9.975000381469727, 9.930000305175781, 9.989999771118164]
assets:[0, 99.9999, 200.45473846006394, 290.47725, 383.56115, 480.5670816051483, 571.5885057823182, 672.7339999999999, 772.7339999999999, 888.1884433913231, 992.5423499999999, 1086.7318662491798, 1189.9309830905916, 1281.7805218265532, 1366.6265806162833, 1462.5389999999998, 1566.9266782836912, 1671.6139337253571, 1778.26060716362, 1881.7815947200775, 2002.2359704055787, 2086.578051579666, 2205.079502712631, 2307.232975, 2407.233, 2480.2250940116883, 2549.635146298218, 2677.6527937200544, 2739.2877222574234, 2826.9300808792113, 2944.0109745494847]
shares:[0, 9.0909, 18.1407, 27.6645, 37.4206, 47.2534, 57.2734, 67.2734, 77.2734, 87.0773, 96.8334, 106.6469, 116.4316, 126.2838, 136.2539, 146.2539, 156.224, 166.1644, 176.0654, 185.9468, 195.722, 205.5742, 215.3398, 225.0959, 234.852, 244.7188, 254.7088, 264.5902, 274.6153, 284.6858, 294.6958]
growth_rate:-1.87
