ticker:SDAC
price:[9.649999618530273, 9.850000381469727, 9.850000381469727, 9.880000114440918, 9.960000038146973, 9.720000267028809, 9.699999809265137, 9.6899995803833, 9.664999961853027, 9.680000305175781, 9.699999809265137, 9.670000076293945, 9.699999809265137, 9.6899995803833, 9.949999809265137, 9.760000228881836, 9.710000038146973, 9.710000038146973, 9.649999618530273, 9.630000114440918, 9.630000114440918, 9.670000076293945, 9.670000076293945, 9.6899995803833]
assets:[0, 100.00015887279511, 200.00031774559022, 300.6098714819908, 403.0443495436668, 493.33278155288696, 592.3178783530235, 691.7070540462494, 789.9223798822403, 891.1485720947265, 992.9899504744529, 1089.9192465991973, 1193.3007665356636, 1292.0703580480574, 1426.7394276503562, 1499.4952031646728, 1591.8137112536429, 1691.8140886465071, 1781.3600145818712, 1877.668015313816, 1977.6678625021934, 2085.8828384571075, 2185.883210246086, 2290.4038828161238]
shares:[0, 10.1523, 20.3046, 30.4261, 40.4663, 50.7544, 61.0637, 71.3836, 81.7302, 92.0608, 102.3701, 112.7114, 123.0207, 133.3406, 143.3909, 153.6368, 163.9355, 174.2342, 184.5969, 194.9811, 205.3653, 215.7066, 226.0479, 236.3678]
growth_rate:-0.42
