ticker:SDC
price:[9.574999809265137, 10.720000267028809, 11.829999923706055, 11.260000228881836, 11.199999809265137, 12.369999885559082, 11.920000076293945, 11.359999656677246, 8.899999618530273, 10.100000381469727, 9.40999984741211, 10.90999984741211, 12.180000305175781, 11.170000076293945, 11.510000228881836, 12.100000381469727, 13.430000305175781, 11.9399995803833, 12.350000381469727, 11.420000076293945, 11.0600004196167, 13.279999732971191, 12.520000457763672, 12.729999542236328, 11.899999618530273, 11.600000381469727, 10.09000015258789, 11.84000015258789, 11.149999618530273, 10.539999961853027, 10.5, 10.34000015258789, 10.149999618530273, 10.449999809265137, 10.635000228881836, 8.380000114440918, 7.78000020980835, 8.109999656677246, 8.210000038146973, 8.15999984741211, 9.5, 8.869999885559082, 9.130000114440918, 8.489999771118164, 7.820000171661377, 6.829999923706055, 6.909999847412109, 7.059999942779541, 6.829999923706055, 5.03000020980835, 4.840000152587891, 5.179999828338623]
assets:[0, 100.00045049095154, 210.35514364337922, 300.219756102562, 398.62031321153637, 540.26221900177, 620.6088439722062, 691.452507102871, 641.7193424947739, 828.2434612821579, 871.6605188655853, 1110.60743646698, 1339.8901655715943, 1328.7832090759277, 1469.2296602163315, 1644.5425118465423, 1925.3060417495726, 1811.7015083299636, 1973.9129109706878, 1925.2704048622131, 1964.5790265361786, 2458.9154545571328, 2418.194268415451, 2558.7553679885864, 2491.9241801181793, 2529.102843170357, 2299.883355780411, 2798.772388069153, 2735.6680164058685, 2686.0041042786597, 2775.8104500000004, 2833.5126358142857, 2881.445836705971, 3066.612009027767, 3220.9012803188325, 2637.955320025063, 2549.08050274272, 2757.203621278572, 2891.201594433689, 2973.593704395294, 3561.90435, 3425.6941868016243, 3626.1091914518356, 3471.924278400421, 3297.9325823948384, 2980.419360707474, 3115.329207206726, 3282.9557473920345, 3276.00399940567, 2512.6355018055438, 2517.725003374863, 2794.5897053893564]
shares:[0, 9.3284, 17.7815, 26.6625, 35.5911, 43.6752, 52.0645, 60.8673, 72.1033, 82.0043, 92.6313, 101.7972, 110.0074, 118.96, 127.6481, 135.9126, 143.3586, 151.7338, 159.831, 168.5876, 177.6292, 185.1593, 193.1465, 201.002, 209.4054, 218.0261, 227.9369, 236.3828, 245.3514, 254.8391, 264.3629, 274.0341, 283.8863, 293.4557, 302.8586, 314.7918, 327.6453, 339.9758, 352.1561, 364.411, 374.9373, 386.2113, 397.1642, 408.9428, 421.7305, 436.3718, 450.8436, 465.0079, 479.6492, 499.5299, 520.1911, 539.4961]
growth_rate:-45.2
