ticker:SDG
price:[80.31500244140625, 79.8499984741211, 81.26599884033203, 78.4489974975586, 80.7300033569336, 82.0, 81.83999633789062, 80.58999633789062, 77.70999908447266, 83.72000122070312, 86.08999633789062, 87.92500305175781, 89.90599822998047, 89.63999938964844, 89.26000213623047, 91.62999725341797, 91.41999816894531, 93.3550033569336, 99.12000274658203, 96.48999786376953, 99.38999938964844, 96.08999633789062, 97.83999633789062, 99.37000274658203, 97.72000122070312, 93.86000061035156, 92.9000015258789, 95.72000122070312, 94.48999786376953, 95.05000305175781, 95.29000091552734, 96.0199966430664, 97.69000244140625, 98.5, 96.55999755859375, 98.0999984741211, 96.30999755859375, 96.80999755859375, 97.02999877929688, 98.08999633789062, 99.16999816894531, 97.45999908447266, 99.06999969482422, 99.72000122070312, 99.08999633789062, 97.05000305175781, 97.91000366210938, 97.66000366210938, 98.5, 99.55000305175781, 97.81500244140625, 99.87999725341797]
assets:[0, 99.99615308914184, 201.76722192077636, 294.7721080970764, 403.3432427719116, 509.6874, 608.6931567626953, 699.39222421875, 774.3956828765869, 934.2900976226807, 1060.740671878052, 1183.3474460723878, 1310.0113096092225, 1406.1378504257202, 1500.175003903198, 1640.0028538414, 1736.2486052246095, 1873.00010335083, 2088.666609876251, 2133.2491177711486, 2297.360079891968, 2321.0826885406495, 2463.356723797607, 2601.87434091568, 2658.66807321167, 2653.6474812561037, 2726.503564782715, 2909.2658571014404, 2971.8805148117062, 3089.495794194031, 3197.2939877189638, 3321.7829778678897, 3479.5518139587402, 3608.3997499999996, 3637.328204034424, 3795.341790966034, 3826.088011010742, 3945.9561384887693, 4054.922460986328, 4199.222934225464, 4345.460730766296, 4370.535182943726, 4542.735952006531, 4672.540209197998, 4743.021946710205, 4745.37635921936, 4887.422607803344, 4974.947076553344, 5117.73495, 5272.287621624756, 5280.396184295654, 5491.87168498001]
shares:[0, 1.2523, 2.4828, 3.7575, 4.9962, 6.2157, 7.4376, 8.6784, 9.9652, 11.1597, 12.3213, 13.4586, 14.5709, 15.6865, 16.8068, 17.8981, 18.992, 20.0632, 21.0721, 22.1085, 23.1146, 24.1553, 25.1774, 26.1837, 27.207, 28.2724, 29.3488, 30.3935, 31.4518, 32.5039, 33.5533, 34.5947, 35.6183, 36.6335, 37.6691, 38.6885, 39.7268, 40.7598, 41.7904, 42.8099, 43.8183, 44.8444, 45.8538, 46.8566, 47.8658, 48.8962, 49.9175, 50.9415, 51.9567, 52.9612, 53.9835, 54.9847]
growth_rate:7.68
