ticker:SDGR
price:[53.70000076293945, 53.959999084472656, 56.04999923706055, 49.15999984741211, 51.34000015258789, 56.720001220703125, 57.939998626708984, 60.61000061035156, 48.779998779296875, 52.95000076293945, 57.810001373291016, 60.599998474121094, 69.5999984741211, 66.19000244140625, 71.80999755859375, 79.86000061035156, 83.94999694824219, 79.18000030517578, 88.91000366210938, 90.88999938964844, 95.69999694824219, 90.33000183105469, 99.62999725341797, 110.18000030517578, 105.02999877929688, 102.4800033569336, 69.54000091552734, 80.87000274658203, 80.05999755859375, 71.4800033569336, 78.52999877929688, 73.9000015258789, 77.9000015258789, 75.68000030517578, 76.23999786376953, 68.37000274658203, 61.2400016784668, 64.06999969482422, 70.18000030517578, 71.83999633789062, 77.51000213623047, 74.01000213623047, 77.63999938964844, 75.8499984741211, 76.18000030517578, 67.18000030517578, 69.87999725341797, 67.66999816894531, 64.55999755859375, 59.65999984741211, 54.63999938964844, 58.61000061035156]
assets:[0, 99.99867030334472, 203.87066222496034, 278.8109391345978, 391.1748631626129, 532.164067453003, 643.6090927452087, 773.2684487869263, 722.339099923706, 884.0902777385712, 1065.2359903049469, 1216.6479893653868, 1497.3395671730043, 1523.97847321167, 1753.3775293884275, 2049.9343416671754, 2254.9221030288695, 2226.7949845825196, 2600.4308961090087, 2758.3387904769897, 3004.310004196167, 2935.734092509461, 3337.983501979065, 3791.448062501526, 3714.228361831665, 3724.0515859886173, 2627.0334765861508, 3155.0542001548765, 3223.45568170166, 2977.9998998565675, 3371.7169095886234, 3272.927607579041, 3550.0822395378113, 3548.9152303108217, 3675.1719690223695, 3395.7944594169617, 3141.6610781066897, 3386.84269586792, 3809.826586566925, 3999.943236099243, 4415.644058698273, 4316.2559235847475, 4627.9573196182255, 4621.259762033844, 4741.367038993835, 4281.213469448089, 4553.275801036835, 4509.278298985291, 4402.036345532226, 4167.931113339997, 3917.2289802429195, 4301.845102798462]
shares:[0, 1.8532, 3.6373, 5.6715, 7.6193, 9.3823, 11.1082, 12.7581, 14.8081, 16.6967, 18.4265, 20.0767, 21.5135, 23.0243, 24.4169, 25.6691, 26.8603, 28.1232, 29.2479, 30.3481, 31.393, 32.5001, 33.5038, 34.4114, 35.3635, 36.3393, 37.7773, 39.0139, 40.263, 41.662, 42.9354, 44.2886, 45.5723, 46.8937, 48.2053, 49.6679, 51.3008, 52.8616, 54.2865, 55.6785, 56.9687, 58.3199, 59.6079, 60.9263, 62.239, 63.7275, 65.1585, 66.6363, 68.1852, 69.8614, 71.6916, 73.3978]
growth_rate:-15.65
