ticker:SDH
price:[4.949999809265137, 4.730000019073486, 4.03000020980835, 3.3350000381469727, 3.880000114440918, 4.53000020980835, 3.880000114440918, 3.7200000286102295, 3.549999952316284, 3.059999942779541, 3.1700000762939453, 3.5, 3.069999933242798, 2.9000000953674316, 2.5, 2.880000114440918, 3.0, 2.940000057220459, 2.759999990463257, 2.859999895095825, 3.240000009536743, 3.5299999713897705, 2.880000114440918, 2.5299999713897705, 2.5999999046325684, 2.799999952316284, 2.7300000190734863, 2.5899999141693115, 2.4600000381469727, 2.4700000286102295, 2.430000066757202]
assets:[0, 99.99976840324402, 185.20067464184763, 253.26157039690017, 394.6491676402092, 560.7632899719238, 580.3005771160126, 656.3705690480948, 726.3750752433061, 726.1147304220199, 852.2167975107193, 1040.93325, 1013.0471739712715, 1056.9502747581482, 1011.164, 1264.8609142610549, 1417.5633, 1489.212046984148, 1498.0358108237745, 1652.312315393543, 1971.8503978040221, 2248.343113777447, 1934.3422848638536, 1799.2658986531972, 1949.0478085093498, 2198.9746425516846, 2244.000228677988, 2228.923105135131, 2217.0467443795205, 2326.0590479429484, 2388.390203614092]
shares:[0, 21.1416, 45.9555, 75.9405, 101.7137, 123.7888, 149.562, 176.4437, 204.6127, 237.2924, 268.8381, 297.4095, 329.9828, 364.4656, 404.4656, 439.1878, 472.5211, 506.5347, 542.7666, 577.7316, 608.5958, 636.9244, 671.6466, 711.1723, 749.6338, 785.3481, 821.9781, 860.5881, 901.2385, 941.7243, 982.8766]
growth_rate:-20.39
