ticker:SDVY
price:[18.891000747680664, 18.43199920654297, 18.854000091552734, 17.8799991607666, 18.702999114990234, 19.594999313354492, 19.579999923706055, 19.804000854492188, 18.7450008392334, 19.83099937438965, 21.621000289916992, 22.06800079345703, 22.868000030517578, 23.302000045776367, 23.200000762939453, 23.570999145507812, 23.604000091552734, 23.739999771118164, 25.0, 25.194000244140625, 25.586000442504883, 24.118000030517578, 25.655000686645508, 26.367000579833984, 26.708999633789062, 26.768999099731445, 27.523000717163086, 28.8439998626709, 28.344999313354492, 28.423999786376953, 28.799999237060547, 29.139999389648438, 29.639999389648438, 29.68199920654297, 29.392000198364258, 30.391000747680664, 30.1299991607666, 29.554000854492188, 30.030000686645508, 30.1200008392334, 29.850000381469727, 28.0, 29.299999237060547, 29.19499969482422, 29.00200080871582, 28.059999465942383, 28.59000015258789, 29.040000915527344, 29.170000076293945, 29.525999069213867, 28.899999618530273, 30.1200008392334]
assets:[0, 99.99912529525757, 202.2883377822876, 291.8373463020325, 405.26967692298894, 524.5973216171265, 624.1966915678024, 731.3379867553712, 792.2312174690246, 938.1292226047515, 1122.8066523557663, 1246.0189084007263, 1391.188502656555, 1517.591687181282, 1610.9477329765318, 1736.708859941101, 1839.1410731334686, 1949.7376932022094, 2153.22, 2269.929033996582, 2405.247791998291, 2367.2468215953827, 2618.1082130725863, 2790.7677157714843, 2926.967155567932, 3033.5432849788663, 3218.988328776741, 3473.48676426239, 3513.3966788894654, 3623.1901983695984, 3771.1179800994873, 3915.6378799850463, 4082.823959925842, 4188.607968230438, 4247.684841467286, 4492.0573513137815, 4553.480487168503, 4566.430047628784, 4739.977350381088, 4854.184515252113, 4910.671322756195, 4706.324, 5024.8326691589355, 5106.824380618286, 5173.063682649994, 5105.039882837295, 5301.463741294479, 5484.906940919494, 5609.4610226715085, 5777.919137055206, 5755.417584030533, 6098.381509919167]
shares:[0, 5.4253, 10.7292, 16.322, 21.6687, 26.772, 31.8793, 36.9288, 42.2636, 47.3062, 51.9313, 56.4627, 60.8356, 65.1271, 69.4374, 73.6799, 77.9165, 82.1288, 86.1288, 90.098, 94.0064, 98.1527, 102.0506, 105.8432, 109.5873, 113.323, 116.9563, 120.4232, 123.9512, 127.4694, 130.9416, 134.3733, 137.7471, 141.1161, 144.5184, 147.8088, 151.1278, 154.5114, 157.8414, 161.1615, 164.5116, 168.083, 171.496, 174.9212, 178.3692, 181.933, 185.4307, 188.8742, 192.3024, 195.6892, 199.1494, 202.4695]
growth_rate:19.58
