ticker:SEAC
price:[1.2999999523162842, 0.9900000095367432, 0.9900000095367432, 0.8799999952316284, 0.8199999928474426, 0.9100000262260437, 0.8600000143051147, 0.7900000214576721, 0.75, 0.7300000190734863, 0.8100000023841858, 0.9900000095367432, 1.0399999618530273, 0.9599999785423279, 0.9300000071525574, 0.7900000214576721, 0.8799999952316284, 1.399999976158142, 1.2699999809265137, 1.600000023841858, 1.2899999618530273, 1.1799999475479126, 1.2799999713897705, 1.4500000476837158, 1.350000023841858, 1.1799999475479126, 1.0800000429153442, 1.2100000381469727, 1.2400000095367432, 1.0299999713897705, 1.5499999523162842, 1.4299999475479126, 1.0299999713897705, 1.159999966621399, 1.1200000047683716, 1.0800000429153442, 1.090000033378601, 1.149999976158142, 1.159999966621399, 1.149999976158142, 1.1399999856948853, 1.0499999523162842, 1.3600000143051147, 1.190000057220459, 1.190000057220459, 1.059999942779541, 1.0700000524520874, 1.1100000143051147, 1.059999942779541, 1.0199999809265137, 0.9900000095367432, 1.0299999713897705]
assets:[0, 99.99999996330737, 199.99999992661475, 277.7778064948321, 358.8383928699851, 498.22310335870384, 570.8482294954061, 624.3838639592707, 692.76945, 774.2956172308445, 959.1499198231995, 1272.2943542561054, 1436.551531307602, 1426.0476161253512, 1481.483687393975, 1358.4646818980873, 1613.2264632585645, 2666.496654589832, 2518.8934511700154, 3273.4091687775967, 2739.1860479987145, 2605.6120461781384, 2926.426686589265, 3415.092892306423, 3279.5692329192757, 2966.5863021324994, 2815.180923865235, 3254.045237588406, 3434.724014416194, 2953.0368009737253, 4543.8902702131745, 4292.105231566513, 3191.516402349496, 3694.329149696946, 3666.9385916118977, 3635.9766364807247, 3769.6430354361532, 4077.1460904724004, 4212.599502783894, 4276.283996343863, 4339.098953551483, 4096.538378963637, 5405.992848862756, 4830.243909259462, 4930.2438980679035, 4491.645347533941, 4634.019785162616, 4907.254008242189, 4786.206187633085, 4705.594778007746, 4667.195060959434, 4955.768436344004]
shares:[0, 101.0101, 202.0202, 315.6566, 437.6078, 547.4979, 663.777, 790.3593, 923.6926, 1060.6789, 1184.1357, 1285.1458, 1381.2996, 1485.4663, 1592.9932, 1719.5755, 1833.2119, 1904.6405, 1983.3807, 2045.8807, 2123.4001, 2208.1459, 2286.2709, 2355.2364, 2429.3105, 2514.0563, 2606.6489, 2689.2935, 2769.9387, 2867.0261, 2931.5422, 3001.4723, 3098.5597, 3184.7666, 3274.0523, 3366.6449, 3458.388, 3545.3445, 3631.5514, 3718.5079, 3806.2272, 3901.4653, 3974.9947, 4059.0283, 4143.0619, 4237.4015, 4330.8594, 4420.9495, 4515.2891, 4613.3283, 4714.3384, 4811.4258]
growth_rate:-2.83
