ticker:SECO
price:[2.440000057220459, 2.2200000286102295, 2.309999942779541, 2.380000114440918, 2.680000066757202, 2.759999990463257, 2.740000009536743, 2.880000114440918, 2.5, 2.609999895095825, 2.700000047683716, 2.819999933242798, 3.369999885559082, 2.7100000381469727, 2.6500000953674316, 2.609999895095825, 2.450000047683716, 2.299999952316284, 2.4100000858306885, 2.859999895095825, 2.8499999046325684, 2.6700000762939453, 2.8399999141693115, 3.0299999713897705, 3.049999952316284, 2.759999990463257, 2.75, 2.819999933242798, 2.7899999618530273, 2.609999895095825, 2.5799999237060547, 2.509999990463257, 2.450000047683716, 2.359999895095825, 2.450000047683716, 2.5199999809265137, 2.490000009536743, 2.5199999809265137, 2.5299999713897705, 2.5, 2.5, 2.4800000190734863, 2.5299999713897705, 2.380000114440918, 2.2899999618530273, 2.200000047683716, 2.0899999141693115, 1.899999976158142, 1.8300000429153442, 1.8300000429153442, 1.6799999475479126, 1.7999999523162842]
assets:[0, 99.9999012887478, 204.05384494543074, 310.23729891757966, 449.34274719285963, 562.7559940554858, 658.678192292571, 792.3332474844933, 787.78925, 922.452001923728, 1054.2606486189127, 1201.116649566245, 1535.377002860546, 1334.6801677874564, 1405.1299555674077, 1483.9203993565322, 1492.95211905694, 1501.546918869853, 1673.360182595706, 2085.8130814928295, 2178.519977101803, 2140.92941517601, 2377.2432281547785, 2636.2841991073606, 2753.685441948867, 2591.8596870442393, 2682.4688, 2850.7497765148637, 2920.42269506979, 2832.008313172603, 2899.456546259308, 2920.789098902464, 2950.969442433953, 2942.566341200209, 3154.7829864007235, 3344.9194546828267, 3405.0989170415883, 3546.1240651599405, 3660.1959926090713, 3716.7945, 3816.7945, 3886.2602218889238, 4064.612187035775, 3923.6274906653407, 3875.254725445747, 3822.952182860255, 3731.8043627448083, 3492.549556174278, 3463.8767852313995, 3563.8767715765, 3371.755526728797, 3712.595301649809]
shares:[0, 45.045, 88.335, 130.3518, 167.6652, 203.8971, 240.3935, 275.1157, 315.1157, 353.4299, 390.4669, 425.9279, 455.6015, 492.5019, 530.2377, 568.5519, 609.3682, 652.8465, 694.3403, 729.3053, 764.393, 801.8462, 837.0575, 870.0608, 902.8477, 939.0796, 975.4432, 1010.9042, 1046.7465, 1085.0607, 1123.8204, 1163.661, 1204.4773, 1246.8502, 1287.6665, 1327.349, 1367.5096, 1407.1921, 1446.7178, 1486.7178, 1526.7178, 1567.0404, 1606.5661, 1648.5829, 1692.251, 1737.7055, 1785.5524, 1838.184, 1892.8288, 1947.4736, 2006.9974, 2062.553]
growth_rate:-27.2
