ticker:SEDG
price:[194.61000061035156, 183.9600067138672, 186.2100067138672, 200.9600067138672, 251.5800018310547, 305.3500061035156, 302.0199890136719, 282.8800048828125, 257.69000244140625, 237.50999450683594, 221.60000610351562, 257.989990234375, 288.2300109863281, 271.9700012207031, 291.510009765625, 314.5, 324.0899963378906, 319.1199951171875, 356.1099853515625, 282.260009765625, 321.1199951171875, 288.3299865722656, 308.239990234375, 330.8900146484375, 321.989990234375, 298.30999755859375, 249.42999267578125, 291.4800109863281, 280.94000244140625, 275.75, 283.3900146484375, 263.95001220703125, 258.7099914550781, 279.42999267578125, 263.5400085449219, 220.39999389648438, 218.8699951171875, 252.30999755859375, 258.010009765625, 241.83999633789062, 243.1699981689453, 264.2300109863281, 267.7099914550781, 276.2300109863281, 267.67999267578125, 236.55999755859375, 248.6300048828125, 259.4800109863281, 295.2799987792969, 284.3699951171875, 269.8800048828125, 291.25]
assets:[0, 100.0006596496582, 201.21853325500487, 317.1550825958252, 497.04660961761476, 703.2821340576172, 795.6112570587159, 845.1888785888672, 869.9356792419434, 901.8016981430054, 941.401145928955, 1195.9899967285155, 1436.1636757415772, 1455.1482945312498, 1659.6830895996093, 1890.5853, 2048.248776855469, 2116.8505756103514, 2462.2156607177735, 2051.6068809814456, 2434.0574509887697, 2285.505304562378, 2543.3189834228515, 2830.2015622924805, 2854.0870744384765, 2744.1834985412597, 2394.5279296875, 2898.214897238159, 2893.401085144043, 2939.9362, 3121.3993163452146, 3007.2880690795896, 3047.577828341675, 3391.665365100098, 3298.782994958496, 2858.786280831909, 2938.9425204345703, 3487.9586372497556, 3666.760855786133, 3536.958314440918, 3656.4013604675292, 4073.079196353149, 4226.712429089355, 4461.225169433594, 4423.14419897461, 4008.9113106262207, 4313.457091711426, 4601.696358834839, 5336.5954179382325, 5239.4318490356445, 5072.448667773438, 5574.088125]
shares:[0, 0.5436, 1.0806, 1.5782, 1.9757, 2.3032, 2.6343, 2.9878, 3.3759, 3.7969, 4.2482, 4.6358, 4.9827, 5.3504, 5.6934, 6.0114, 6.32, 6.6334, 6.9142, 7.2685, 7.5799, 7.9267, 8.2511, 8.5533, 8.8639, 9.1991, 9.6, 9.9431, 10.299, 10.6616, 11.0145, 11.3934, 11.7799, 12.1378, 12.5172, 12.9709, 13.4278, 13.8241, 14.2117, 14.6252, 15.0364, 15.4149, 15.7884, 16.1504, 16.524, 16.9467, 17.3489, 17.7343, 18.073, 18.4247, 18.7952, 19.1385]
growth_rate:9.3
