ticker:SEED
price:[7.940000057220459, 7.96999979019165, 9.680000305175781, 9.84000015258789, 9.699999809265137, 10.430000305175781, 9.859999656677246, 9.59000015258789, 8.8100004196167, 9.699999809265137, 9.850000381469727, 9.970000267028809, 10.039999961853027, 9.109999656677246, 10.029999732971191, 13.869999885559082, 12.8100004196167, 15.1899995803833, 16.149999618530273, 18.1299991607666, 21.200000762939453, 19.100000381469727, 20.100000381469727, 18.799999237060547, 25.559999465942383, 23.360000610351562, 21.1299991607666, 25.350000381469727, 23.25, 21.209999084472656, 18.229999542236328, 16.6299991607666, 15.649999618530273, 14.729999542236328, 14.899999618530273, 13.270000457763672, 11.949999809265137, 10.520000457763672, 11.550000190734863, 10.720000267028809, 10.3100004196167, 9.140000343322754, 8.6899995803833, 8.359999656677246, 9.0, 9.350000381469727, 9.989999771118164, 10.579999923706055, 12.90999984741211, 10.029999732971191, 8.960000038146973, 8.670000076293945]
assets:[0, 100.00038436751366, 221.45614298171998, 325.1165570415497, 420.49111173171997, 552.1360551551819, 621.9618763434411, 704.9302232162476, 747.5946106076241, 923.1179418483733, 1037.3931751760483, 1150.0315548015594, 1258.1063712198256, 1241.5681462098123, 1466.9516529453279, 2128.576176437187, 2065.902073672676, 2549.731050564861, 2810.8735186059953, 3255.48791730423, 3906.74886059494, 3619.759492294693, 3909.275204192543, 3756.4353675567622, 5207.154659200287, 4858.964222955323, 4495.115727464676, 5492.863432657242, 5137.833825, 4787.031042368317, 4214.455046173096, 3944.562628937531, 3812.111417079544, 3688.0133243877412, 3830.576831929588, 3511.5274261341096, 3262.226862931347, 2971.8517373161317, 3362.8218255331035, 3221.164976237297, 3197.9672711571693, 2935.0551902484895, 2890.550215423107, 2880.7823136940005, 3201.3206999999998, 3425.816764769554, 3760.3108388471605, 4082.391364561272, 5081.443071940613, 4047.8601512337686, 3716.034575820923, 3695.76093252182]
shares:[0, 12.5471, 22.8777, 33.0403, 43.3496, 52.9373, 63.0793, 73.5068, 84.8575, 95.1668, 105.3191, 115.3492, 125.3094, 136.2863, 146.2564, 153.4662, 161.2726, 167.8559, 174.0479, 179.5636, 184.2806, 189.5162, 194.4913, 199.8104, 203.7228, 208.0036, 212.7362, 216.681, 220.9821, 225.6969, 231.1824, 237.1956, 243.5854, 250.3743, 257.0857, 264.6215, 272.9897, 282.4954, 291.1534, 300.4818, 310.1811, 321.122, 332.6295, 344.5912, 355.7023, 366.3975, 376.4075, 385.8593, 393.6052, 403.5753, 414.736, 426.27]
growth_rate:-27.53
