ticker:SEEL
price:[0.6000000238418579, 0.6399999856948853, 0.6800000071525574, 0.6600000262260437, 0.9900000095367432, 0.949999988079071, 0.8799999952316284, 0.8100000023841858, 0.7400000095367432, 0.800000011920929, 0.8600000143051147, 0.7900000214576721, 1.0299999713897705, 1.0099999904632568, 1.090000033378601, 1.5, 1.7200000286102295, 1.5800000429153442, 1.440000057220459, 1.6100000143051147, 2.5899999141693115, 2.1600000858306885, 3.359999895095825, 4.03000020980835, 3.759999990463257, 2.9700000286102295, 2.5999999046325684, 4.75, 4.320000171661377, 4.28000020980835, 5.079999923706055, 5.449999809265137, 5.260000228881836, 6.25, 6.090000152587891, 5.369999885559082, 5.190000057220459, 3.259999990463257, 3.0799999237060547, 3.380000114440918, 3.359999895095825, 3.0199999809265137, 2.9000000953674316, 2.819999933242798, 2.6500000953674316, 2.4100000858306885, 2.3299999237060547, 2.25, 2.1700000762939453, 2.009999990463257, 1.899999976158142, 2.1600000858306885]
assets:[0, 99.99999776482582, 206.2499861694336, 300.1837859282315, 550.2756653008461, 628.0423321191073, 681.7655643057824, 727.5342261414528, 764.6608798545599, 926.660413808316, 1096.159974233365, 1106.937681066209, 1543.2224861340285, 1613.2570267671108, 1841.0398133773683, 2633.541, 3119.793671894193, 2965.8569485574485, 2803.0594713835717, 3233.9761167344095, 5302.482996279621, 4522.148315694023, 7134.452417251826, 8657.096937702512, 8177.092315259886, 6559.03300518365, 5841.914045719862, 10772.727825, 9897.5126492918, 9905.869169592048, 11857.432545919228, 12821.06405629835, 12474.092120793344, 14921.876875000002, 14639.87742980919, 13009.05402176199, 12672.996634721518, 8060.302054420542, 7715.254432887268, 8566.740758054924, 8616.049410994172, 7844.1875124582775, 7632.498360997152, 7521.946279934717, 7168.4959129777435, 6619.27370074141, 6499.546437177658, 6376.38615, 6249.670310729027, 5888.864807059407, 5666.588618893683, 6542.016883956385]
shares:[0, 156.25, 303.3088, 454.8239, 555.834, 661.0972, 774.7336, 898.1904, 1033.3255, 1158.3255, 1274.6046, 1401.1869, 1498.2743, 1597.2842, 1689.0273, 1755.694, 1813.8335, 1877.1246, 1946.569, 2008.6808, 2047.2908, 2093.5871, 2123.349, 2148.1629, 2174.7586, 2208.4286, 2246.8901, 2267.9427, 2291.0908, 2314.4553, 2334.1403, 2352.4889, 2371.5003, 2387.5003, 2403.9207, 2422.5427, 2441.8105, 2472.4853, 2504.9528, 2534.5386, 2564.3005, 2597.4131, 2631.8959, 2667.3569, 2705.0927, 2746.5865, 2789.505, 2833.9494, 2880.0323, 2929.7835, 2982.4151, 3028.7114]
growth_rate:28.27
