ticker:SEER
price:[56.459999084472656, 75.6500015258789, 60.25, 62.040000915527344, 56.13999938964844, 63.16999816894531, 79.4800033569336, 77.87999725341797, 62.400001525878906, 65.9000015258789, 68.91999816894531, 61.7599983215332, 48.22999954223633, 43.290000915527344, 51.02000045776367, 52.619998931884766, 40.18000030517578, 52.18000030517578, 51.9900016784668, 50.849998474121094, 49.650001525878906, 50.93000030517578, 38.08000183105469, 29.610000610351562, 28.889999389648438, 29.579999923706055, 33.16999816894531, 33.13999938964844, 33.34000015258789, 33.540000915527344, 31.110000610351562, 32.189998626708984, 31.010000228881836, 33.130001068115234, 31.940000534057617, 31.010000228881836, 32.470001220703125, 32.380001068115234, 37.02000045776367, 39.97999954223633]
assets:[0, 100.00173701705933, 179.647425, 284.9869482055664, 357.88688210906986, 502.70052842864993, 732.4956589378357, 817.747759160614, 755.2084984672547, 897.5712007827759, 1038.7070764038085, 1030.7990759857178, 904.978065410614, 912.2848212936401, 1175.1844865440369, 1312.0375773674011, 1101.8561483688354, 1530.9299009536744, 1625.3530244735716, 1689.7149392959593, 1749.8398287773132, 1894.9525213546754, 1516.8445209365846, 1279.457009373474, 1348.345384513855, 1480.5499881813048, 1760.2389268310546, 1858.6469237686156, 1969.8639030155182, 2081.680280822754, 2030.86083984375, 2201.3645600852965, 2220.669530390549, 2472.4853537132262, 2483.676799528694, 2511.36037353611, 2729.600393618774, 2822.0336610900877, 3326.424737132263, 3692.3968357227322]
shares:[0, 1.3219, 2.9817, 4.5936, 6.3749, 7.9579, 9.2161, 10.5001, 12.1027, 13.6202, 15.0712, 16.6904, 18.7638, 21.0738, 23.0338, 24.9342, 27.423, 29.3394, 31.2628, 33.2294, 35.2435, 37.207, 39.8331, 43.2103, 46.6717, 50.0524, 53.0672, 56.0847, 59.0841, 62.0656, 65.28, 68.3866, 71.6114, 74.6298, 77.7607, 80.9855, 84.0653, 87.1536, 89.8548, 92.3561]
growth_rate:-5.32
