ticker:SEIC
price:[51.79999923706055, 50.06999969482422, 50.02000045776367, 51.029998779296875, 51.75, 55.20000076293945, 55.689998626708984, 52.029998779296875, 49.150001525878906, 52.70000076293945, 55.119998931884766, 54.36000061035156, 55.61000061035156, 56.619998931884766, 56.31999969482422, 56.15999984741211, 56.5099983215332, 57.470001220703125, 61.810001373291016, 59.66999816894531, 59.400001525878906, 52.849998474121094, 55.91999816894531, 57.439998626708984, 58.02000045776367, 56.0, 58.650001525878906, 60.290000915527344, 60.81999969482422, 61.33000183105469, 61.90999984741211, 62.709999084472656, 63.15999984741211, 57.849998474121094, 61.439998626708984, 63.27000045776367, 63.34000015258789, 62.95000076293945, 63.439998626708984, 64.44999694824219, 62.65999984741211, 60.63999938964844, 62.52000045776367, 62.70000076293945, 62.119998931884766, 61.560001373291016, 60.79999923706055, 60.79999923706055, 61.720001220703125, 61.52000045776367, 61.150001525878906, 63.150001525878906]
assets:[0, 99.99980339050293, 199.89992982940674, 303.9346727294922, 408.2247, 535.4400074005126, 640.1955172130585, 698.1229146209716, 759.4805685783385, 914.3344732368469, 1056.3196595306397, 1141.75570881958, 1268.0081119171143, 1391.040133758545, 1483.6715439605712, 1579.4550677085876, 1689.2985878242491, 1817.9945246154787, 2055.2876226642607, 2084.129828045654, 2174.699395864105, 2034.8940612487793, 2253.10060622406, 2414.340998277283, 2538.7173380298614, 2550.3296, 2771.0131620925904, 2948.494552774048, 3074.4144925735472, 3200.1933625442507, 3330.454632791519, 3473.488036289215, 3598.41467130661, 3395.8874704284667, 3706.6259651504515, 3917.0267473400118, 4021.3615996875765, 4096.603494649888, 4228.491604465485, 4395.812041854858, 4373.7243833492275, 4332.727956390381, 4567.054773439407, 4680.203936949158, 4736.9108225517275, 4794.206722949982, 4835.016579328538, 4935.014338073731, 5109.687805059814, 5193.130862641526, 5261.896481300354, 5533.992508716583]
shares:[0, 1.9972, 3.9964, 5.956, 7.8884, 9.7, 11.4957, 13.4177, 15.4523, 17.3498, 19.164, 21.0036, 22.8018, 24.568, 26.3436, 28.1242, 29.8938, 31.6338, 33.2517, 34.9276, 36.6111, 38.5032, 40.2915, 42.0324, 43.7559, 45.5416, 47.2466, 48.9052, 50.5494, 52.1799, 53.7951, 55.3897, 56.973, 58.7016, 60.3292, 61.9097, 63.4885, 65.0771, 66.6534, 68.205, 69.8009, 71.45, 73.0495, 74.6444, 76.2542, 77.8786, 79.5233, 81.168, 82.7882, 84.4137, 86.049, 87.6325]
growth_rate:8.51
