ticker:SELB
price:[2.180000066757202, 2.390000104904175, 2.5999999046325684, 2.4200000762939453, 1.6699999570846558, 2.0199999809265137, 2.490000009536743, 2.8299999237060547, 2.9600000381469727, 3.0299999713897705, 3.2699999809265137, 3.2200000286102295, 3.4200000762939453, 3.2100000381469727, 3.2200000286102295, 3.0, 3.2699999809265137, 3.0299999713897705, 3.3299999237060547, 3.549999952316284, 3.440000057220459, 4.0, 5.070000171661377, 4.590000152587891, 4.690000057220459, 4.21999979019165, 3.7899999618530273, 4.269999980926514, 4.574999809265137, 4.179999828338623, 4.53000020980835, 4.179999828338623, 3.869999885559082, 3.8399999141693115, 3.0, 3.109999895095825, 2.9800000190734863, 3.190000057220459, 4.340000152587891, 4.460000038146973, 4.96999979019165, 4.699999809265137, 4.619999885559082, 4.260000228881836, 3.990000009536743, 3.630000114440918, 3.4600000381469727, 3.4600000381469727, 3.869999885559082, 4.320000171661377, 3.940000057220459, 4.019999980926514]
assets:[0, 99.99999438929558, 208.7864923417568, 294.33202527923584, 303.11334221065044, 466.6401955938339, 675.2147965860843, 867.4128056154251, 1007.2587089810371, 1131.07899131999, 1320.669280296707, 1400.4755784434556, 1587.4617774133683, 1589.9858858950615, 1694.9391070598126, 1679.1357, 1930.2577717410566, 1888.5874681673527, 2175.5761961551666, 2419.307927503776, 2444.3436406588557, 2942.26, 3829.3148526539326, 3566.7762045722957, 3744.4838516846653, 3469.2369295177937, 3215.736514633083, 3723.006578369856, 4088.935359529495, 3835.9014064698217, 4257.0898941684245, 4028.1751285736564, 3829.4349337586405, 3899.749544833803, 3146.6793, 3362.0573005936144, 3321.5211332593917, 3655.588221571922, 5073.4337043743135, 5313.712729448891, 6021.3341628096105, 5794.219454859638, 5795.5944304387085, 5443.9901864954, 5198.948466426325, 4829.870516268539, 4703.678021858693, 4803.677904961204, 5472.8996581592555, 6209.283558734751, 5763.096395697212, 5980.113379626465]
shares:[0, 41.841, 80.3025, 121.6248, 181.505, 231.01, 271.1706, 306.5063, 340.2901, 373.2934, 403.8744, 434.9303, 464.1701, 495.3227, 526.3786, 559.7119, 590.2929, 623.2962, 653.3262, 681.4952, 710.565, 735.565, 755.2889, 777.0754, 798.3974, 822.0941, 848.4793, 871.8985, 893.7564, 917.6798, 939.7549, 963.6783, 989.5181, 1015.5598, 1048.8931, 1081.0474, 1114.6044, 1145.9524, 1168.9939, 1191.4154, 1211.5361, 1232.8127, 1254.4577, 1277.9319, 1302.9946, 1330.5428, 1359.4445, 1388.3462, 1414.186, 1437.3341, 1462.7148, 1487.5904]
growth_rate:17.26
