ticker:SELF
price:[4.010000228881836, 4.03000020980835, 4.050000190734863, 4.070000171661377, 4.079999923706055, 4.0, 3.9600000381469727, 3.930000066757202, 3.950000047683716, 3.990000009536743, 3.9700000286102295, 4.0, 3.990000009536743, 4.070000171661377, 4.119999885559082, 4.0, 4.059999942779541, 4.010000228881836, 4.090000152587891, 4.039999961853027, 3.9800000190734863, 4.059999942779541, 4.099999904632568, 4.179999828338623, 4.46999979019165, 4.409999847412109, 4.53000020980835, 4.840000152587891, 4.699999809265137, 4.71999979019165, 4.71999979019165, 4.889999866485596, 4.800000190734863, 4.840000152587891, 4.96999979019165, 4.960000038146973, 5.349999904632568, 5.380000114440918, 5.489999771118164, 6.110000133514404, 6.690000057220459, 5.960000038146973, 5.150000095367432, 5.159999847412109, 5.309999942779541, 5.239999771118164, 5.25, 5.139999866485596, 5.110000133514404, 5.050000190734863, 5.090000152587891, 5.289999961853027]
assets:[0, 100.00002220616341, 200.4964744423866, 301.486483715868, 402.22720047855375, 494.3404, 589.3969016777039, 684.9318086346389, 788.4176395176411, 896.4017811425448, 991.9084771482944, 1099.404, 1196.6556658601999, 1320.6487147013188, 1436.8726200881003, 1495.022, 1617.4471372041703, 1697.5281338911057, 1831.394092324829, 1909.0054259745598, 1980.653775491953, 2120.4657021147727, 2241.3567878652575, 2385.0903460507393, 2650.563259590531, 2714.9850950603486, 2888.862673798561, 3186.5554284606933, 3194.382130365944, 3307.975036957455, 3407.974840512371, 3630.719765868426, 3663.8967855901715, 3794.429439624786, 3996.345520294428, 4088.304831442833, 4509.764229610348, 4635.053018594742, 4829.821259641457, 5475.265824644327, 6095.0128601314545, 5529.936567394351, 4878.384970337677, 4987.857092502594, 5232.853077610875, 5263.870066075516, 5373.91575, 5361.319522736692, 5430.0281998761175, 5466.270696457099, 5609.5680261634825, 5929.983099238015]
shares:[0, 24.8139, 49.5053, 74.0753, 98.5851, 123.5851, 148.8376, 174.2829, 199.5994, 224.6621, 249.851, 274.851, 299.9137, 324.4837, 348.7555, 373.7555, 398.386, 423.3237, 447.7736, 472.5261, 497.6517, 522.2822, 546.6724, 570.5958, 592.9672, 615.6429, 637.718, 658.3792, 679.6558, 700.8422, 722.0286, 742.4785, 763.3118, 783.973, 804.0937, 824.255, 842.9466, 861.534, 879.7489, 896.1155, 911.0632, 927.8417, 947.2592, 966.639, 985.4714, 1004.5554, 1023.603, 1043.0583, 1062.6278, 1082.4298, 1102.0762, 1120.9798]
growth_rate:16.27
