ticker:SENEB
price:[43.59000015258789, 40.2599983215332, 37.25, 34.72999954223633, 35.040000915527344, 37.36000061035156, 37.36000061035156, 42.0, 38.41999816894531, 38.25, 38.08000183105469, 38.08000183105469, 41.97999954223633, 42.599998474121094, 42.68000030517578, 40.70000076293945, 39.5, 39.5, 38.75, 41.599998474121094, 41.599998474121094, 38.36000061035156, 42.869998931884766, 48.619998931884766, 50.84000015258789, 54.33000183105469, 57.5, 59.2400016784668, 53.099998474121094, 50.369998931884766, 48.22999954223633, 51.45000076293945, 49.86000061035156, 47.25, 47.279998779296875, 48.439998626708984, 48.439998626708984, 46.38999938964844, 47.0, 47.0, 47.97999954223633, 50.0, 50.5, 53.439998626708984, 52.970001220703125, 52.52000045776367, 54.0, 54.310001373291016, 53.900001525878906, 53.900001525878906, 49.38999938964844, 49.310001373291016]
assets:[0, 100.00180983085633, 192.526625, 279.50356331596373, 381.999081980896, 507.2927682876587, 607.2942819213866, 782.7203999999999, 816.0023411102295, 912.39255, 1008.3394084854126, 1108.3413012939452, 1321.853631586075, 1441.3752083717345, 1544.08131904068, 1572.4485994762422, 1626.08465, 1726.0828500000002, 1793.307375, 2025.2002457160947, 2125.1983220481875, 2059.6788567718504, 2401.834560157776, 2823.9856739608763, 3052.9318411628724, 3362.505545324707, 3658.69625, 3869.408809633255, 3568.357067459869, 3484.89874610138, 3436.8408293800353, 3766.294405849457, 3749.900841903687, 3653.6062500000003, 3755.9278310272216, 3948.077868070602, 4048.0774012355805, 3976.7595026779177, 4129.0534, 4229.0553, 4417.2354758564, 4703.205, 4850.23715, 5232.609529533386, 5286.591516830445, 5341.677946557998, 5592.2076, 5724.312161745835, 5781.098563659668, 5881.0992364906315, 5489.006972167968, 5580.116995407105]
shares:[0, 2.4839, 5.1685, 8.0479, 10.9018, 13.5785, 16.2552, 18.6362, 21.239, 23.8534, 26.4795, 29.1056, 31.4877, 33.8351, 36.1781, 38.6351, 41.1667, 43.6983, 46.2789, 48.6827, 51.0865, 53.6934, 56.026, 58.0828, 60.0498, 61.8904, 63.6295, 65.3175, 67.2007, 69.186, 71.2594, 73.203, 75.2086, 77.325, 79.4401, 81.5045, 83.5689, 85.7245, 87.8522, 89.9799, 92.0641, 94.0641, 96.0443, 97.9156, 99.8035, 101.7075, 103.5594, 105.4007, 107.256, 109.1113, 111.136, 113.164]
growth_rate:9.41
