ticker:SENEA
price:[44.29999923706055, 38.79999923706055, 37.45000076293945, 35.400001525878906, 37.2400016784668, 40.31999969482422, 41.709999084472656, 41.279998779296875, 36.849998474121094, 39.0, 39.869998931884766, 41.5099983215332, 42.720001220703125, 43.790000915527344, 40.56999969482422, 41.459999084472656, 39.029998779296875, 39.900001525878906, 39.189998626708984, 40.099998474121094, 38.40999984741211, 36.25, 41.4900016784668, 49.20000076293945, 52.189998626708984, 54.459999084472656, 57.290000915527344, 60.060001373291016, 54.849998474121094, 50.349998474121094, 47.66999816894531, 50.290000915527344, 50.47999954223633, 46.779998779296875, 46.060001373291016, 49.119998931884766, 48.470001220703125, 46.06999969482422, 46.2400016784668, 48.40999984741211, 48.33000183105469, 45.91999816894531, 50.0, 51.7400016784668, 51.59000015258789, 53.34000015258789, 54.560001373291016, 54.7400016784668, 51.79999923706055, 49.75, 49.060001373291016, 48.849998474121094]
assets:[0, 99.99923803367615, 196.51887900352477, 285.7629723175049, 400.61676605644226, 533.7521239601135, 652.1525196853638, 745.430089956665, 765.4334283050537, 910.0923, 1030.3962653957367, 1172.7819825782776, 1306.9671733459472, 1439.7013761001588, 1433.837100214386, 1565.2932434349061, 1573.5490427856446, 1708.6257953422546, 1778.2226736877442, 1919.5147469589233, 1938.6179892986297, 1929.598375, 2308.524438390732, 2837.511644001007, 3109.9550471668244, 3345.2217817634582, 3619.055189834595, 3894.038237038422, 3656.2460482864385, 3456.28068025589, 3372.313913465882, 3657.6621725875852, 3771.4819177993777, 3595.047584188843, 3639.716580519104, 3981.5197534217837, 4028.8313484649657, 3929.342522971344, 4043.8407387874604, 4333.614776340485, 4426.45304070282, 4305.725364309692, 4788.29, 5054.9205539836885, 5140.267686203384, 5414.634093489456, 5638.476061922073, 5757.077138526535, 5547.873158287811, 5428.317025, 5453.028964641571, 5529.687932274627]
shares:[0, 2.5773, 5.2475, 8.0724, 10.7577, 13.2379, 15.6354, 18.0579, 20.7716, 23.3357, 25.8439, 28.253, 30.5938, 32.8774, 35.3423, 37.7543, 40.3164, 42.8227, 45.3744, 47.8682, 50.4717, 53.2303, 55.6405, 57.673, 59.5891, 61.4253, 63.1708, 64.8358, 66.659, 68.6451, 70.7429, 72.7314, 74.7124, 76.8501, 79.0212, 81.057, 83.1201, 85.2907, 87.4533, 89.519, 91.5881, 93.7658, 95.7658, 97.6985, 99.6369, 101.5117, 103.3445, 105.1713, 107.1018, 109.1119, 111.1502, 113.1973]
growth_rate:8.43
