ticker:SESN
price:[0.9990000128746033, 1.0, 1.2599999904632568, 1.2999999523162842, 1.2999999523162842, 1.2999999523162842, 1.1299999952316284, 1.1799999475479126, 1.0199999809265137, 1.0299999713897705, 1.0700000524520874, 1.1799999475479126, 1.2100000381469727, 1.5299999713897705, 1.6699999570846558, 1.7400000095367432, 1.2599999904632568, 1.350000023841858, 1.4900000095367432, 1.5399999618530273, 1.649999976158142, 1.7100000381469727, 2.2699999809265137, 2.799999952316284, 3.1700000762939453, 2.7200000286102295, 2.4200000762939453, 2.859999895095825, 3.240000009536743, 2.75, 2.7100000381469727, 2.5199999809265137, 2.299999952316284, 2.680000066757202, 2.880000114440918, 2.6700000762939453, 2.3399999141693115, 2.9600000381469727, 3.3499999046325684, 3.75, 4.25, 4.349999904632568, 4.170000076293945, 4.25, 4.070000171661377, 3.7699999809265137, 3.859999895095825, 3.7300000190734863, 4.190000057220459, 2.109999895095825, 1.0, 0.9760000109672546]
assets:[0, 100.0, 226.00002428944111, 333.17464777922635, 433.17467411124704, 533.1747004432679, 563.4518976223469, 688.3834134007216, 695.0432870030403, 801.8574497268677, 932.9975667361379, 1128.913147818768, 1257.6143866480827, 1690.2065743939877, 1944.865918021202, 2126.3873696544883, 1639.7977555886268, 1856.926247794497, 2149.496363757849, 2321.6270964915275, 2587.4576926122427, 2781.547109051228, 3792.463090134144, 4777.928038632369, 5509.297194594955, 4827.220226774954, 4394.80629055252, 5293.861521822309, 6097.241969946862, 5275.1281, 5298.399122582245, 5026.924437951994, 4688.065982806778, 5562.6161785614495, 6077.7368175075535, 5734.568491862488, 5125.801167986726, 6583.919796850204, 7551.395250027704, 8553.054750000001, 9793.462, 10123.896153048277, 9804.976640390967, 10093.081475, 9765.610100886488, 9145.785836728906, 9464.119898791265, 9245.38058627658, 10485.561457195377, 5380.318272503377, 2649.914, 2686.3160781859756]
shares:[0, 100.0, 179.3651, 256.2882, 333.2113, 410.1344, 498.63, 583.3758, 681.415, 778.5024, 871.9603, 956.7061, 1039.3507, 1104.7102, 1164.5904, 1222.0617, 1301.4268, 1375.5009, 1442.615, 1507.5501, 1568.1562, 1626.6357, 1670.6886, 1706.4029, 1737.9486, 1774.7133, 1816.0356, 1851.0006, 1881.8648, 1918.2284, 1955.1288, 1994.8113, 2038.2896, 2075.603, 2110.3252, 2147.7784, 2190.5134, 2224.2972, 2254.1479, 2280.8146, 2304.344, 2327.3325, 2351.3133, 2374.8427, 2399.4127, 2425.9379, 2451.8446, 2478.6543, 2502.5206, 2549.914, 2649.914, 2752.373]
growth_rate:-47.33
