ticker:SFBC
price:[29.170000076293945, 28.34000015258789, 29.6200008392334, 29.5, 29.56999969482422, 28.06999969482422, 28.700000762939453, 29.010000228881836, 29.0, 29.489999771118164, 29.399999618530273, 30.5, 31.0, 31.0, 31.450000762939453, 30.81999969482422, 31.059999465942383, 31.75, 32.31999969482422, 32.459999084472656, 32.459999084472656, 33.0, 33.220001220703125, 32.810001373291016, 33.650001525878906, 35.779998779296875, 37.560001373291016, 38.68000030517578, 41.4900016784668, 42.119998931884766, 41.650001525878906, 41.0, 40.790000915527344, 40.29999923706055, 39.9900016784668, 39.77000045776367, 40.29999923706055, 41.41999816894531, 43.97999954223633, 43.0, 44.45000076293945, 46.79999923706055, 45.86000061035156, 44.150001525878906, 44.0, 45.79999923706055, 44.880001068115234, 45.0, 44.9900016784668, 44.18000030517578, 43.349998474121094, 43.560001373291016]
assets:[0, 100.00052453842163, 204.51721979465484, 303.68775, 404.4081868263244, 483.89311073913575, 594.7529858104706, 701.1775075321198, 800.9365, 914.4701479024886, 1011.6804468732834, 1149.5328, 1268.3773999999999, 1368.3772, 1488.2423411029815, 1558.428694568634, 1670.5651772756576, 1807.676725, 1940.130797680664, 2048.534312221527, 2148.5338314010623, 2284.2765, 2399.5039421722413, 2469.890969379425, 2633.126079400635, 2899.800735067749, 3144.0613269550327, 3337.813266334534, 3680.295916885376, 3836.1799907188415, 3893.3755026367185, 3932.6134, 4012.4716000595095, 4064.2710430572506, 4133.006663471222, 4210.27098346138, 4366.379987337876, 4587.728701190185, 4971.279248256683, 4960.5058, 5227.7779247295375, 5604.164188640213, 5591.599810418701, 5483.103479502869, 5564.4732, 5892.1103618488305, 5873.755411791611, 5989.4595, 6088.128009133148, 6078.518595987701, 6064.322321541596, 6193.7007632652285]
shares:[0, 3.5286, 6.9047, 10.2945, 13.6763, 17.2388, 20.7231, 24.1702, 27.6185, 31.0095, 34.4109, 37.6896, 40.9154, 44.1412, 47.3209, 50.5655, 53.7851, 56.9347, 60.0288, 63.1095, 66.1902, 69.2205, 72.2307, 75.2786, 78.2504, 81.0453, 83.7077, 86.293, 88.7032, 91.0774, 93.4784, 95.9174, 98.369, 100.8504, 103.351, 105.8655, 108.3469, 110.7612, 113.035, 115.3606, 117.6103, 119.7471, 121.9276, 124.1926, 126.4653, 128.6487, 130.8769, 133.0991, 135.3218, 137.5853, 139.8921, 142.1878]
growth_rate:21.45
