ticker:SFET
price:[1.0499999523162842, 1.0700000524520874, 1.0399999618530273, 0.9599999785423279, 1.0299999713897705, 1.0700000524520874, 1.1200000047683716, 1.0199999809265137, 0.9300000071525574, 0.9800000190734863, 1.0, 1.059999942779541, 1.059999942779541, 1.2200000286102295, 1.190000057220459, 1.2799999713897705, 1.2999999523162842, 1.4199999570846558, 1.4900000095367432, 1.6399999856948853, 1.6699999570846558, 1.4199999570846558, 1.75, 2.319999933242798, 2.180000066757202, 1.7400000095367432, 1.3300000429153442, 1.590000033378601, 1.659999966621399, 1.4299999475479126, 1.409999966621399, 1.649999976158142, 1.3200000524520874, 1.309999942779541, 1.3600000143051147, 1.2599999904632568, 1.2599999904632568, 1.350000023841858, 1.4199999570846558, 1.3799999952316284, 1.5700000524520874, 1.409999966621399, 1.4299999475479126, 1.3899999856948853, 1.3899999856948853, 1.2100000381469727, 1.1799999475479126, 1.1799999475479126, 1.2999999523162842, 1.149999976158142, 1.159999966621399, 1.2000000476837158]
assets:[0, 99.99995790206194, 197.1961607668877, 282.0272576961994, 402.5917628172397, 518.226384403789, 642.4425307351828, 685.0815591893196, 724.6332205730976, 863.5919908078671, 981.2163, 1140.089192456198, 1240.0891630580427, 1527.272529816079, 1589.7166734405996, 1809.9472235445262, 1938.227648906231, 2217.140930993402, 2426.436705530405, 2770.7087998321294, 2921.392380926609, 2584.058127904403, 3284.57885, 4454.412863825798, 4285.612427236461, 3520.626409296155, 2791.0536350594166, 3436.6731361454963, 3687.9731218437432, 3276.98888080076, 3331.156928142297, 3998.1624622281074, 3298.5301790718077, 3373.541065644598, 3602.302349890697, 3437.4271419826505, 3537.4271672257664, 3890.100668701649, 4191.809343314827, 4173.730359578335, 4848.374623979211, 4454.272520555043, 4617.453671632802, 4588.294181779802, 4688.294116750658, 4181.177032817554, 4177.511216305768, 4277.511255860674, 4812.512463478089, 4357.22260466584, 4495.11146265471, 4750.115588752627]
shares:[0, 93.4579, 189.6117, 293.7784, 390.8658, 484.3237, 573.6094, 671.6486, 779.1755, 881.2163, 981.2163, 1075.5559, 1169.8955, 1251.8627, 1335.8963, 1414.0213, 1490.9444, 1561.3669, 1628.481, 1689.4566, 1749.3368, 1819.7593, 1876.9022, 1920.0056, 1965.8772, 2023.3485, 2098.5365, 2161.4296, 2221.6706, 2291.6007, 2362.5227, 2423.1288, 2498.8864, 2575.2223, 2648.7517, 2728.1168, 2807.4819, 2881.556, 2951.9785, 3024.4423, 3088.1366, 3159.0586, 3228.9887, 3300.9311, 3372.8735, 3455.5181, 3540.2639, 3625.0097, 3701.9328, 3788.8893, 3875.0962, 3958.4295]
growth_rate:-6.86
