ticker:SFIX
price:[26.25, 26.950000762939453, 28.360000610351562, 26.239999771118164, 27.56999969482422, 31.479999542236328, 32.59000015258789, 35.45000076293945, 34.43000030517578, 37.439998626708984, 35.33000183105469, 35.380001068115234, 41.52000045776367, 35.560001373291016, 60.060001373291016, 70.01000213623047, 69.2699966430664, 58.720001220703125, 55.560001373291016, 73.87000274658203, 96.91999816894531, 95.44000244140625, 82.05999755859375, 85.05999755859375, 79.62000274658203, 76.30999755859375, 73.0, 53.869998931884766, 51.970001220703125, 48.70000076293945, 49.27000045776367, 52.529998779296875, 46.58000183105469, 45.27000045776367, 43.31999969482422, 41.529998779296875, 43.060001373291016, 46.77000045776367, 53.459999084472656, 55.52000045776367, 64.08999633789062, 59.18000030517578, 61.5, 62.959999084472656, 60.650001525878906, 52.33000183105469, 57.939998626708984, 53.91999816894531, 45.95000076293945, 41.84000015258789, 39.709999084472656, 42.2400016784668]
assets:[0, 100.00067283096313, 205.23281641693114, 289.89164547138216, 404.58423152160645, 561.9620638282777, 681.7762851921082, 841.6078331127167, 917.3908011314392, 1097.5909997406006, 1135.7359038619995, 1237.344777355194, 1552.0798971118927, 1429.28447119751, 2514.0275734840393, 3030.522962471008, 3098.4885118423463, 2726.5810486816404, 2679.8533262386322, 3663.006600195313, 4905.9933873138425, 4931.079518139649, 4339.775794885254, 4598.428528015137, 4404.339691932678, 4321.236755749512, 4233.802900000001, 3224.313368069458, 3210.5923414123536, 3108.579488699341, 3244.9616461486817, 3559.669102279663, 3256.4684820114135, 3264.886014014053, 3224.2512612861638, 3191.0239042053227, 3408.5823427082064, 3802.260727214813, 4446.139819857788, 4717.46781489563, 5545.649702120972, 5220.794528922272, 5525.46135, 5756.634188290405, 5645.42344203186, 4970.978630937195, 5603.887139176941, 5315.077547506714, 4629.4487918659215, 4315.3692477378845, 4195.6830542671205, 4562.997301317215]
shares:[0, 3.7106, 7.2367, 11.0477, 14.6748, 17.8514, 20.9198, 23.7407, 26.6451, 29.316, 32.1465, 34.973, 37.3815, 40.1936, 41.8586, 43.287, 44.7306, 46.4336, 48.2335, 49.5872, 50.619, 51.6668, 52.8854, 54.061, 55.317, 56.6274, 57.9973, 59.8536, 61.7778, 63.8312, 65.8608, 67.7645, 69.9113, 72.1203, 74.4287, 76.8366, 79.1589, 81.297, 83.1676, 84.9688, 86.5291, 88.2189, 89.8449, 91.4332, 93.082, 94.9929, 96.7188, 98.5734, 100.7497, 103.1398, 105.6581, 108.0255]
growth_rate:-10.53
