ticker:SFM
price:[22.639999389648438, 21.6200008392334, 20.670000076293945, 20.969999313354492, 20.690000534057617, 21.790000915527344, 21.8799991607666, 20.670000076293945, 19.049999237060547, 20.31999969482422, 20.40999984741211, 20.040000915527344, 20.59000015258789, 19.889999389648438, 19.690000534057617, 20.540000915527344, 20.290000915527344, 20.100000381469727, 19.420000076293945, 20.920000076293945, 21.40999984741211, 22.649999618530273, 22.309999465942383, 21.969999313354492, 21.8799991607666, 21.110000610351562, 23.6200008392334, 24.43000030517578, 24.030000686645508, 27.959999084472656, 26.420000076293945, 26.100000381469727, 27.0, 26.520000457763672, 25.610000610351562, 25.809999465942383, 26.3700008392334, 25.799999237060547, 26.600000381469727, 27.579999923706055, 29.0, 27.56999969482422, 26.3799991607666, 25.489999771118164, 26.540000915527344, 25.709999084472656, 24.739999771118164, 24.579999923706055, 23.799999237060547, 24.260000228881836, 24.950000762939453, 24.709999084472656]
assets:[0, 99.99898988170624, 195.6043447219849, 298.4429332277298, 394.4589981819153, 515.4315766563416, 617.5607883127213, 683.4080785224916, 729.8454757701874, 878.5026748062135, 982.3945226554871, 1064.584968635559, 1193.802031847, 1253.217147543335, 1340.6153453619004, 1498.4875507919312, 1580.2481703041076, 1665.4498516078947, 1709.1056567144392, 1941.1165990791321, 2086.5821881290435, 2307.43020613842, 2372.7933791999817, 2436.633304846001, 2526.651979087257, 2537.734501373291, 2939.4736744413376, 3140.276213227844, 3188.860390120125, 3810.3830832321164, 3700.512026686096, 3755.6908748920437, 3985.1973, 4014.3483812919617, 3976.6005277725217, 4107.656253004837, 4296.780676746369, 4303.904272727967, 4537.358905070115, 4804.524242709351, 5151.8935, 4997.850946678162, 4882.130616683578, 4817.41878174305, 5115.861192477417, 5055.8687489616395, 4965.11756006527, 5033.005700378037, 4973.293060574722, 5169.415462771034, 5416.443070627975, 5464.339545541382]
shares:[0, 4.6253, 9.4632, 14.2319, 19.0652, 23.6545, 28.2249, 33.0628, 38.3121, 43.2334, 48.133, 53.123, 57.9797, 63.0074, 68.0861, 72.9546, 77.8831, 82.8582, 88.0075, 92.7876, 97.4583, 101.8733, 106.3556, 110.9073, 115.4777, 120.2148, 124.4485, 128.5418, 132.7033, 136.2798, 140.0648, 143.8962, 147.5999, 151.3706, 155.2753, 159.1498, 162.942, 166.818, 170.5774, 174.2032, 177.6515, 181.2786, 185.0694, 188.9925, 192.7604, 196.6499, 200.6919, 204.7602, 208.9619, 213.0839, 217.0919, 221.1388]
growth_rate:7.14
