ticker:SFNC
price:[17.40999984741211, 16.440000534057617, 16.190000534057617, 15.15999984741211, 16.200000762939453, 17.31999969482422, 17.170000076293945, 17.760000228881836, 16.989999771118164, 16.829999923706055, 19.540000915527344, 19.84000015258789, 20.489999771118164, 21.1200008392334, 20.940000534057617, 21.079999923706055, 21.110000610351562, 21.59000015258789, 25.440000534057617, 26.18000030517578, 27.049999237060547, 24.700000762939453, 25.809999465942383, 26.920000076293945, 28.1299991607666, 29.280000686645508, 31.540000915527344, 32.689998626708984, 31.25, 30.940000534057617, 29.979999542236328, 29.780000686645508, 29.40999984741211, 29.360000610351562, 28.5, 29.979999542236328, 30.989999771118164, 30.920000076293945, 30.5, 30.959999084472656, 30.610000610351562, 28.360000610351562, 30.690000534057617, 28.959999084472656, 28.59000015258789, 27.219999313354492, 26.65999984741211, 27.219999313354492, 29.139999389648438, 29.110000610351562, 28.739999771118164, 29.43000030517578]
assets:[0, 99.99959124851227, 198.47969254722594, 285.8524091228485, 405.46171909523014, 533.4940945999145, 628.8735737943649, 750.4825536718369, 817.9444619810104, 910.2421308736801, 1156.8110422012328, 1274.5712098026277, 1416.3282051790238, 1559.8746859838484, 1646.5792499946594, 1757.5871536388397, 1860.0887047805784, 2002.3839951519014, 2459.455299630928, 2630.995782669067, 2818.4286855068203, 2673.575012582016, 2893.7242241233826, 3118.173220837212, 3358.3280798072815, 3595.622148320961, 3973.153841330719, 4218.019943803024, 4132.215625, 4191.225292345047, 4161.181964463043, 4233.42364561119, 4280.825465789795, 4373.547898919677, 4345.4406, 4671.099784677124, 4928.463623600006, 5017.332756380081, 5049.18045, 5225.3326694801335, 5266.260823007202, 4979.162471159362, 5488.240622504616, 5278.866281116485, 5311.421638347626, 5156.905085913086, 5150.8106125194545, 5359.005414814949, 5837.009965740967, 5930.9996083557135, 5955.614838570213, 6198.5996382766725]
shares:[0, 6.0827, 12.2594, 18.8557, 25.0285, 30.8022, 36.6263, 42.2569, 48.1427, 54.0845, 59.2022, 64.2425, 69.1229, 73.8577, 78.6332, 83.377, 88.1141, 92.7459, 96.6767, 100.4964, 104.1933, 108.2419, 112.1164, 115.8311, 119.386, 122.8013, 125.9719, 129.0309, 132.2309, 135.463, 138.7986, 142.1566, 145.5568, 148.9628, 152.4716, 155.8072, 159.034, 162.2682, 165.5469, 168.7769, 172.0438, 175.5699, 178.8283, 182.2813, 185.779, 189.4528, 193.2037, 196.8775, 200.3092, 203.7444, 207.2239, 210.6218]
growth_rate:21.54
