ticker:SFST
price:[26.459999084472656, 24.719999313354492, 26.389999389648438, 23.43000030517578, 25.979999542236328, 27.469999313354492, 26.75, 28.579999923706055, 26.84000015258789, 27.079999923706055, 30.520000457763672, 30.799999237060547, 32.939998626708984, 34.290000915527344, 34.40999984741211, 35.5, 35.29999923706055, 35.349998474121094, 38.470001220703125, 38.790000915527344, 40.900001525878906, 40.099998474121094, 41.70000076293945, 42.0, 42.84000015258789, 44.0, 47.099998474121094, 54.09000015258789, 50.06999969482422, 47.599998474121094, 47.61000061035156, 48.470001220703125, 50.060001373291016, 49.869998931884766, 51.5, 53.29999923706055, 53.29999923706055, 54.20000076293945, 53.43000030517578, 54.220001220703125, 53.2400016784668, 50.04999923706055, 53.72999954223633, 51.150001525878906, 50.310001373291016, 50.41999816894531, 50.02000045776367, 49.529998779296875, 51.209999084472656, 51.119998931884766, 49.459999084472656, 51.970001220703125]
assets:[0, 99.99981322231292, 206.75508921813966, 283.5639216934204, 414.4251586978913, 538.1922265472411, 624.0855250000001, 766.7813919530869, 820.0988886623383, 927.4331293870927, 1145.2447051773072, 1255.752928894043, 1443.0025198402404, 1602.1419997764588, 1707.7476464271545, 1861.84365, 1951.3557178253175, 2054.1212463340757, 2335.417599105835, 2454.8446029396055, 2688.3775502967837, 2735.79432589798, 2944.9541338806152, 3066.1428, 3227.4670794956205, 3414.8576, 3755.4477283363344, 4412.786619448471, 4184.82553949356, 4078.382149262238, 4179.239180577088, 4354.729095672607, 4597.580610124969, 4680.129841761017, 4933.09745, 5205.5177754879, 5305.519234056473, 5495.10501735115, 5517.037570511628, 5698.608880297852, 5695.61005556221, 5454.343811856461, 5955.384792261887, 5769.418387110138, 5774.672515628815, 5887.296128196716, 5940.590340365982, 5982.396701559448, 6285.310447631836, 6374.265130814361, 6267.274323989868, 6685.327411029053]
shares:[0, 4.0453, 7.8346, 12.1026, 15.9517, 19.592, 23.3303, 26.8293, 30.5551, 34.2479, 37.5244, 40.7712, 43.807, 46.7233, 49.6294, 52.4463, 55.2792, 58.1081, 60.7075, 63.2855, 65.7305, 68.2243, 70.6224, 73.0034, 75.3377, 77.6104, 79.7335, 81.5823, 83.5795, 85.6803, 87.7807, 89.8438, 91.8414, 93.8466, 95.7883, 97.6645, 99.5407, 101.3857, 103.2573, 105.1016, 106.9799, 108.9779, 110.8391, 112.7941, 114.7818, 116.7651, 118.7643, 120.7833, 122.736, 124.6922, 126.714, 128.6382]
growth_rate:31.08
