ticker:SFT
price:[13.5, 12.770000457763672, 12.170000076293945, 11.979999542236328, 11.670000076293945, 11.319999694824219, 11.239999771118164, 9.579999923706055, 8.899999618530273, 8.6899995803833, 7.289999961853027, 6.590000152587891, 9.210000038146973, 8.949999809265137, 8.640000343322754, 8.640000343322754, 9.180000305175781, 8.270000457763672, 8.029999732971191, 8.3100004196167, 8.239999771118164, 8.199999809265137, 8.170000076293945, 10.149999618530273, 10.619999885559082, 8.850000381469727, 8.010000228881836, 10.149999618530273, 8.819999694824219, 8.460000038146973, 8.1899995803833, 8.729999542236328, 7.610000133514404, 7.449999809265137, 8.430000305175781, 7.989999771118164, 7.65500020980835, 7.46999979019165, 7.079999923706055, 7.570000171661377, 8.380000114440918, 8.25, 8.609999656677246, 8.430000305175781, 8.890000343322754, 8.25, 8.449999809265137, 8.449999809265137, 8.5600004196167, 7.630000114440918, 7.019999980926514, 7.449999809265137]
assets:[0, 100.00059658470154, 195.30172722434995, 292.25208883285524, 384.6898825149536, 473.1522152442932, 569.8084163969039, 585.6550933359146, 644.0849623933792, 728.887618803978, 711.4602562770843, 743.1444322071076, 1138.5982277159692, 1206.4554992890357, 1264.6679542533875, 1364.6681822270393, 1549.9595135261536, 1496.3143388244628, 1552.89033136034, 1707.0386241975784, 1792.658918205452, 1883.9565161785126, 1977.0640374624252, 2556.2053389295575, 2774.571612101269, 2412.1428289728165, 2283.193694241142, 2993.185152506447, 2700.974966545105, 2690.7309301327705, 2704.856288416004, 2983.198856573868, 2700.474754378748, 2743.6971047558786, 3204.6131930107113, 3137.3493151273724, 3105.808884624052, 3130.750118067265, 3067.2973949468615, 3379.581913637209, 3841.201826457119, 3881.6126249999998, 4150.991903479671, 4164.211929749298, 4491.44064445486, 4268.097075, 4471.565829067039, 4571.5656618098255, 4731.07713592043, 4317.070087750912, 4071.9306309364797, 4421.3506418046]
shares:[0, 7.8309, 16.0478, 24.395, 32.964, 41.7979, 50.6947, 61.1331, 72.3691, 83.8766, 97.594, 112.7685, 123.6263, 134.7995, 146.3736, 157.9477, 168.8409, 180.9328, 193.3861, 205.4198, 217.5557, 229.7508, 241.9907, 251.8429, 261.2591, 272.5585, 285.0429, 294.8951, 306.233, 318.0533, 330.2633, 341.7181, 354.8587, 368.2815, 380.1439, 392.6595, 405.7229, 419.1098, 433.2341, 446.4441, 458.3773, 470.4985, 482.1129, 493.9753, 505.2239, 517.3451, 529.1794, 541.0137, 552.6959, 565.8021, 580.0471, 593.4699]
growth_rate:-13.31
