ticker:SGA
price:[23.25, 22.5, 22.709999084472656, 20.030000686645508, 20.450000762939453, 19.8799991607666, 19.5, 19.559999465942383, 17.020000457763672, 17.799999237060547, 20.850000381469727, 21.360000610351562, 22.790000915527344, 21.719999313354492, 23.899999618530273, 23.149999618530273, 22.25, 24.020000457763672, 22.5, 21.90999984741211, 21.790000915527344, 22.5, 21.469999313354492, 19.59000015258789, 19.799999237060547, 20.68000030517578, 23.0, 24.25, 24.549999237060547, 22.600000381469727, 22.06999969482422, 21.0, 22.950000762939453, 21.540000915527344, 22.530000686645508, 21.0, 23.479999542236328, 21.8700008392334, 23.610000610351562, 23.65999984741211, 21.09000015258789, 20.31999969482422, 21.989999771118164, 21.860000610351562, 22.600000381469727, 21.899999618530273, 23.440000534057617, 21.829999923706055, 22.3700008392334, 23.799999237060547, 23.020000457763672, 23.450000762939453]
assets:[0, 99.999, 200.93125889968871, 277.21921550331115, 383.0326042900085, 472.35673205947876, 563.3277, 665.0614978414536, 678.6980482540131, 809.8020652904511, 1048.5611141843797, 1174.208361552429, 1352.8190123458862, 1389.3045520792007, 1628.7467340034484, 1677.6364873556138, 1712.415625, 1948.639351136398, 1925.3272499999998, 1974.8403082466127, 2064.0251517219544, 2231.27775, 2229.135560708618, 2133.9426346214295, 2256.817773039627, 2457.121120259857, 2832.7743, 3086.72915, 3224.914904779434, 3068.7613917982103, 3096.7939401786807, 3046.6548000000003, 3429.5586090106967, 3318.853185063171, 3571.3903718450547, 3428.859, 3933.789815307236, 3764.0545924407957, 4163.526806632995, 4272.342956446838, 3908.272288276672, 3865.5812379447934, 4283.273727417755, 4357.952885678101, 4605.47779773674, 4562.829880521393, 4983.686337548446, 4741.377748429299, 4958.664132029342, 5375.646327676774, 5299.468835382461, 5498.460033890915]
shares:[0, 4.4444, 8.8477, 13.8402, 18.7302, 23.7604, 28.8886, 34.0011, 39.8765, 45.4945, 50.2907, 54.9723, 59.3602, 63.9643, 68.1484, 72.4681, 76.9625, 81.1257, 85.5701, 90.1342, 94.7235, 99.1679, 103.8256, 108.9302, 113.9807, 118.8163, 123.1641, 127.2878, 131.3611, 135.7859, 140.3169, 145.0788, 149.4361, 154.0786, 158.5171, 163.279, 167.5379, 172.1104, 176.3459, 180.5724, 185.314, 190.2353, 194.7828, 199.3574, 203.7822, 208.3484, 212.6146, 217.1955, 221.6658, 225.8675, 230.2115, 234.4759]
growth_rate:7.81
