ticker:SGAM
price:[9.970000267028809, 9.960000038146973, 10.079999923706055, 10.020000457763672, 10.079999923706055, 10.220000267028809, 10.199999809265137, 10.15999984741211, 10.180000305175781, 10.279999732971191, 10.3100004196167, 10.130000114440918, 10.019000053405762, 9.899999618530273, 9.899999618530273, 9.880000114440918, 9.899999618530273, 9.9350004196167, 9.949999809265137, 9.949999809265137, 9.869999885559082, 9.890000343322754, 9.869999885559082, 9.949999809265137, 9.9399995803833, 9.960000038146973, 9.970000267028809, 9.960000038146973, 9.970000267028809, 10.0, 9.960000038146973, 9.979999542236328, 10.0, 9.984999656677246, 9.989999771118164, 9.979999542236328, 10.050000190734863, 10.0, 9.979999542236328, 10.039999961853027]
assets:[0, 100.00039238300324, 201.20486247711182, 300.00682970581056, 401.80290895881654, 507.3831552569389, 606.3899886608124, 704.0117894268036, 805.3978501441956, 913.3091002762794, 1015.9742473501204, 1098.236871407032, 1186.2025170229913, 1272.1133209825514, 1372.1132171293257, 1469.3417610195158, 1572.3159594150543, 1677.8745328670502, 1780.4081908707617, 1880.4086739538193, 1965.2897022128107, 2069.2719148329734, 2165.0871228961946, 2282.6364212433814, 2380.3426335139275, 2485.132557518101, 2587.627827305031, 2685.0327462837217, 2787.728723664379, 2896.1169999999997, 2984.532935430813, 3090.525420243454, 3196.719, 3291.9235833109856, 3393.57195324955, 3490.1745019123077, 3614.654423601055, 3696.6710000000003, 3789.2770841930387, 3912.058877136135]
shares:[0, 10.0402, 19.9608, 29.9408, 39.8614, 49.6461, 59.45, 69.2925, 79.1157, 88.8433, 98.5426, 108.4143, 118.3953, 128.4963, 138.5973, 148.7188, 158.8198, 168.8852, 178.9355, 188.9858, 199.1175, 209.2287, 219.3604, 229.4107, 239.4711, 249.5113, 259.5414, 269.5816, 279.6117, 289.6117, 299.6519, 309.6719, 319.6719, 329.6869, 339.6969, 349.7169, 359.6671, 369.6671, 379.6871, 389.6473]
growth_rate:0.31
