ticker:SGAMU
price:[10.15999984741211, 10.229999542236328, 10.5, 10.510000228881836, 10.449999809265137, 10.725000381469727, 10.850000381469727, 10.8100004196167, 10.75, 10.986000061035156, 11.050000190734863, 11.039999961853027, 10.604999542236328, 10.3100004196167, 10.357000350952148, 10.383999824523926, 10.25, 10.350000381469727, 10.350000381469727, 10.420000076293945, 10.300000190734863, 10.34000015258789, 10.423999786376953, 10.270000457763672, 10.319999694824219, 10.279999732971191, 10.430000305175781, 10.529999732971191, 10.529999732971191, 10.581000328063965, 10.550000190734863, 10.550000190734863, 10.550000190734863, 10.529999732971191, 10.529999732971191, 10.529999732971191, 10.399999618530273, 10.430000305175781, 10.390000343322754, 10.390000343322754, 10.39490032196045]
assets:[0, 100.00029152526855, 202.6395, 302.83199359493256, 401.10338767900464, 511.65866569881433, 617.6221667146682, 715.3452917678834, 811.374525, 929.1870963623047, 1034.6004678583145, 1133.6644760828017, 1188.9954311771394, 1255.9209491159438, 1361.646228840065, 1465.195874440098, 1546.28835, 1661.3737812332154, 1761.3734149188997, 1873.285731715965, 1951.7120161417008, 2059.2916823890687, 2176.0203794059753, 2243.872887015915, 2354.7968903656006, 2445.669504472351, 2581.3551945289614, 2706.1046313762668, 2806.104879840374, 2919.6958361251827, 3011.142019438839, 3111.1423062467575, 3211.142593054676, 3305.055228187561, 3405.0554766516684, 3505.055725115776, 3561.783549354553, 3672.057874442291, 3757.974809176922, 3857.974406481266, 3959.7938280263897]
shares:[0, 9.7752, 19.299, 28.8137, 38.3831, 47.7071, 56.9237, 66.1744, 75.4767, 84.5792, 93.629, 102.687, 112.1165, 121.8158, 131.4711, 141.1013, 150.8574, 160.5192, 170.181, 179.7779, 189.4866, 199.1578, 208.751, 218.4881, 228.178, 237.9056, 247.4933, 256.99, 266.4867, 275.9376, 285.4163, 294.895, 304.3737, 313.8704, 323.3671, 332.8638, 342.4792, 352.0669, 361.6915, 371.3161, 380.9362]
growth_rate:-1.01
