ticker:SGBX
price:[1.7799999713897705, 1.8899999856948853, 1.909999966621399, 2.1700000762939453, 1.899999976158142, 2.059999942779541, 2.7300000190734863, 2.4100000858306885, 2.430000066757202, 2.5299999713897705, 2.380000114440918, 2.75, 3.0999999046325684, 3.0999999046325684, 3.299999952316284, 4.550000190734863, 5.150000095367432, 6.099999904632568, 5.730000019073486, 7.650000095367432, 8.300000190734863, 6.889999866485596, 6.340000152587891, 6.610000133514404, 6.21999979019165, 5.079999923706055, 4.639999866485596, 5.820000171661377, 5.289999961853027, 4.190000057220459, 4.860000133514404, 4.099999904632568, 3.7699999809265137, 3.390000104904175, 3.680000066757202, 3.309999942779541, 3.069999933242798, 3.7699999809265137, 3.549999952316284, 3.5, 4.179999828338623, 4.929999828338623, 5.039999961853027, 5.309999942779541, 4.480000019073486, 4.380000114440918, 4.429999828338623, 4.309999942779541, 3.7799999713897705, 3.4700000286102295, 3.2699999809265137, 3.680000066757202]
assets:[0, 100.00008824311494, 201.05824748636482, 328.4273415470123, 387.56313513672353, 520.2000435504436, 789.3912445151806, 796.861949379754, 903.4749968203545, 1040.655021231866, 1078.9561538809776, 1346.692875, 1618.0902102215769, 1718.0903171452046, 1928.9347821276426, 2759.5919506814002, 3223.494239692497, 3918.1189987441066, 3780.4626305840493, 5147.21458916688, 5684.559740631771, 4818.869351619958, 4534.1994651268005, 4827.296317505837, 4642.478467403412, 3891.60607755394, 3654.537670841932, 4683.924498152733, 4357.381432578278, 3551.3095494982244, 4219.179955909729, 3659.390134881306, 3464.853920470333, 3215.611380507684, 3590.6930891371253, 3329.6722654394625, 3188.245892671537, 4015.2075656859397, 3880.898287871647, 3926.2377000000006, 4789.049211326599, 5748.32852784462, 5976.5876907641405, 6396.762054068613, 5496.891479402876, 5474.192909030056, 5636.6834945799355, 5583.997135865688, 4997.333842175961, 4687.49950664854, 4517.32643165102, 5183.719118035484]
shares:[0, 52.9101, 105.2661, 151.349, 203.9806, 252.5243, 289.1543, 330.6481, 371.8004, 411.3261, 453.3429, 489.7065, 521.9646, 554.2227, 584.5257, 606.5037, 625.9212, 642.3146, 659.7666, 672.8385, 684.8867, 699.4005, 715.1734, 730.302, 746.3792, 766.0642, 787.6159, 804.798, 823.7016, 847.5679, 868.144, 892.5342, 919.0594, 948.5579, 975.7318, 1005.9433, 1038.5166, 1065.0418, 1093.2108, 1121.7822, 1145.7056, 1165.9896, 1185.8309, 1204.6633, 1226.9847, 1249.8157, 1272.3891, 1295.591, 1322.046, 1350.8644, 1381.4454, 1408.6193]
growth_rate:1.64
