ticker:SGC
price:[22.739999771118164, 22.350000381469727, 21.459999084472656, 22.329999923706055, 24.43000030517578, 25.15999984741211, 27.260000228881836, 23.709999084472656, 21.6200008392334, 20.670000076293945, 25.5, 24.84000015258789, 23.299999237060547, 21.959999084472656, 21.780000686645508, 23.190000534057617, 24.309999465942383, 23.239999771118164, 24.75, 24.209999084472656, 25.030000686645508, 22.829999923706055, 25.75, 25.959999084472656, 25.1299991607666, 23.81999969482422, 24.940000534057617, 26.5, 28.200000762939453, 24.709999084472656, 26.0, 24.81999969482422, 24.959999084472656, 24.790000915527344, 25.219999313354492, 25.8700008392334, 26.1299991607666, 25.790000915527344, 25.530000686645508, 24.950000762939453, 25.100000381469727, 23.559999465942383, 23.469999313354492, 24.110000610351562, 23.010000228881836, 22.540000915527344, 23.360000610351562, 23.40999984741211, 21.979999542236328, 24.649999618530273, 23.100000381469727, 23.43000030517578]
assets:[0, 100.00060670681, 196.0177776374817, 303.96489096145626, 432.55025640335083, 545.4763446918487, 691.0055678018571, 701.0169459312439, 739.2224206947327, 806.7397679777146, 1095.2530499999998, 1166.906203168106, 1194.5606708850862, 1225.8598528930665, 1315.8126054828645, 1500.9959745674132, 1673.4882082357408, 1699.829359259033, 1910.2743, 1968.5949185554505, 2135.271813576698, 2047.593014157295, 2409.4841499999998, 2529.1347388053896, 2548.2723828987123, 2515.434843772888, 2733.708374538803, 3004.7025000000003, 3297.4571092113497, 2989.3662692413327, 3245.4292, 3198.1363846771237, 3316.1754943634032, 3393.5899903297422, 3552.453795280075, 3744.012588457298, 3881.6401183309554, 3931.133733552551, 3991.5032753540036, 4000.822442340088, 4124.876332689858, 3971.796541967392, 4056.62509131813, 4267.24588502655, 4172.555207504654, 4187.328098080445, 4439.661555999756, 4549.164607348252, 4371.279002962113, 5002.276187587547, 4787.731489063835, 4956.126877553558]
shares:[0, 4.4743, 9.1341, 13.6124, 17.7057, 21.6803, 25.3487, 29.5663, 34.1916, 39.0295, 42.9511, 46.9769, 51.2687, 55.8224, 60.4138, 64.726, 68.8395, 73.1424, 77.1828, 81.3133, 85.3085, 89.6887, 93.5722, 97.4243, 101.4036, 105.6018, 109.6114, 113.385, 116.9311, 120.978, 124.8242, 128.8532, 132.8596, 136.8935, 140.8586, 144.7241, 148.5511, 152.4286, 156.3456, 160.3536, 164.3377, 168.5822, 172.843, 176.9907, 181.3366, 185.7732, 190.054, 194.3257, 198.8753, 202.9321, 207.2611, 211.5291]
growth_rate:-2.82
