ticker:SGEN
price:[149.2100067138672, 149.97000122070312, 180.94000244140625, 184.9499969482422, 193.0800018310547, 200.77999877929688, 200.92999267578125, 196.9199981689453, 166.8000030517578, 173.6300048828125, 175.91000366210938, 173.41000366210938, 169.1199951171875, 179.22999572753906, 191.17999267578125, 201.14999389648438, 190.61000061035156, 175.13999938964844, 177.66000366210938, 185.75, 182.75, 164.27000427246094, 190.61000061035156, 165.83999633789062, 157.75, 151.11000061035156, 149.35000610351562, 150.72999572753906, 146.6199951171875, 139.6699981689453, 143.39999389648438, 142.85000610351562, 145.5, 147.22999572753906, 143.75999450683594, 139.49000549316406, 147.5, 153.33999633789062, 155.35000610351562, 148.3000030517578, 156.5800018310547, 156.30999755859375, 157.17999267578125, 157.27000427246094, 148.5, 146.38999938964844, 145.60000610351562, 153.38999938964844, 160.99000549316406, 156.44000244140625, 159.3000030517578, 166.80999755859375]
assets:[0, 99.99999681396484, 220.65633297729494, 325.5489846282959, 439.85555217132566, 557.4054326110839, 657.8247030212402, 744.6923570755005, 730.7841733703613, 860.7012972045898, 972.0083162353516, 1058.19986534729, 1132.0215993164063, 1299.6863140182495, 1486.347971057129, 1663.8524045135496, 1676.6627483688355, 1640.5889162826538, 1764.1993683654784, 1944.5424500000001, 2013.1374500000002, 1909.5730916656494, 2315.759019415283, 2114.824801300049, 2111.657275, 2122.778177574158, 2198.0587148284912, 2318.3629912857054, 2355.142319567871, 2343.5089322769163, 2506.10131333313, 2596.4845659393313, 2744.6538, 2877.2863605041503, 2909.472272827148, 2923.054912110901, 3190.9117499999998, 3417.2431543884277, 3562.0358249481196, 3500.3842920318602, 3795.8280623886108, 3889.289728253174, 4010.9347710998536, 4113.223964741516, 3983.8540500000004, 4027.2474392089844, 4105.512492102051, 4425.163431391907, 4744.423758885193, 4710.330253509522, 4896.43605380249, 5227.274850494385]
shares:[0, 0.6668, 1.2195, 1.7602, 2.2781, 2.7762, 3.2739, 3.7817, 4.3812, 4.9571, 5.5256, 6.1023, 6.6936, 7.2515, 7.7746, 8.2717, 8.7963, 9.3673, 9.9302, 10.4686, 11.0158, 11.6246, 12.1492, 12.7522, 13.3861, 14.0479, 14.7175, 15.3809, 16.0629, 16.7789, 17.4763, 18.1763, 18.8636, 19.5428, 20.2384, 20.9553, 21.6333, 22.2854, 22.9291, 23.6034, 24.2421, 24.8819, 25.5181, 26.1539, 26.8273, 27.5104, 28.1972, 28.8491, 29.4703, 30.1095, 30.7372, 31.3367]
growth_rate:2.5
