ticker:SGH
price:[25.93000030517578, 24.030000686645508, 26.93000030517578, 25.81999969482422, 24.889999389648438, 25.15999984741211, 25.3799991607666, 25.860000610351562, 26.389999389648438, 29.899999618530273, 29.649999618530273, 29.559999465942383, 30.989999771118164, 33.79999923706055, 34.290000915527344, 33.58000183105469, 35.310001373291016, 37.630001068115234, 38.040000915527344, 39.220001220703125, 40.849998474121094, 37.150001525878906, 41.040000915527344, 47.16999816894531, 49.5, 46.689998626708984, 44.68000030517578, 46.029998779296875, 46.130001068115234, 44.5, 48.54999923706055, 55.900001525878906, 56.59000015258789, 55.22999954223633, 46.150001525878906, 47.66999816894531, 44.119998931884766, 45.52000045776367, 47.400001525878906, 47.790000915527344, 47.459999084472656, 44.11000061035156, 46.310001373291016, 48.099998474121094, 50.9900016784668, 49.900001525878906, 47.06999969482422, 46.84000015258789, 50.099998474121094, 44.40999984741211, 42.619998931884766, 47.689998626708984]
assets:[0, 100.00084785747528, 212.06836640319824, 303.32819241485595, 392.4032853775024, 496.66091298789985, 601.0034561267853, 712.3706088134766, 826.9702158737183, 1036.9618867702484, 1128.2921904836655, 1224.865873870468, 1384.1187557773592, 1609.6235636672973, 1732.9583532691956, 1797.077451991272, 1989.6620813827515, 2220.3920800251008, 2344.584044428253, 2517.3122463500977, 2721.9334383270266, 2575.3941357803346, 2945.0632976989746, 3484.9572007202146, 3757.0995, 3643.818224824524, 3586.9506364997865, 3795.3299013488772, 3903.576046385193, 3865.6438, 4317.459187153244, 5071.080438423157, 5233.675233111953, 5207.896237835313, 4451.698372188568, 4698.321650532532, 4448.434188306427, 4689.588799160004, 4983.271180419159, 5124.273290167236, 5188.887127903748, 4922.627547114563, 5268.147029223252, 5571.773953246307, 6006.545712720871, 5978.144932804107, 5739.103852790833, 5811.059414930343, 6315.500597650909, 5698.229316421508, 5568.554318444443, 6330.980849691773]
shares:[0, 4.1615, 7.8748, 11.7478, 15.7655, 19.7401, 23.6802, 27.5472, 31.3365, 34.681, 38.0537, 41.4366, 44.6634, 47.622, 50.5383, 53.5163, 56.3484, 59.0059, 61.6347, 64.1844, 66.6324, 69.3242, 71.7608, 73.8808, 75.901, 78.0428, 80.2809, 82.4534, 84.6212, 86.8684, 88.9281, 90.717, 92.4841, 94.2947, 96.4615, 98.5593, 100.8258, 103.0226, 105.1323, 107.2248, 109.3318, 111.5989, 113.7583, 115.8373, 117.7985, 119.8025, 121.927, 124.0619, 126.0579, 128.3096, 130.6559, 132.7528]
growth_rate:24.14
