ticker:SGLB
price:[2.190000057220459, 2.0999999046325684, 2.1500000953674316, 2.109999895095825, 2.1600000858306885, 2.440000057220459, 2.390000104904175, 2.440000057220459, 2.0999999046325684, 2.2699999809265137, 2.3499999046325684, 2.450000047683716, 3.2799999713897705, 3.069999933242798, 2.759999990463257, 2.680000066757202, 3.109999895095825, 3.380000114440918, 3.549999952316284, 3.6600000858306885, 4.0, 3.5999999046325684, 4.03000020980835, 4.880000114440918, 4.739999771118164, 3.5999999046325684, 3.130000114440918, 3.3399999141693115, 4.989999771118164, 4.179999828338623, 3.7300000190734863, 3.759999990463257, 3.119999885559082, 3.3499999046325684, 3.799999952316284, 3.5, 3.259999990463257, 3.5999999046325684, 3.6600000858306885, 4.010000228881836, 4.210000038146973, 3.799999952316284, 4.170000076293945, 3.880000114440918, 3.8499999046325684, 3.2699999809265137, 3.140000104904175, 3.369999885559082, 3.569999933242798, 3.0999999046325684, 3.069999933242798, 3.4700000286102295]
assets:[0, 99.99989545869828, 202.38079897699356, 298.61562515354154, 405.69186412074566, 558.2815290922641, 646.8413393917799, 760.3735578315258, 754.4197157394887, 915.4919003076554, 1047.7559174800872, 1192.3412782062292, 1696.2772412039994, 1687.6741333014966, 1617.2575984118223, 1670.3805256081819, 2038.3890972425938, 2315.3555103939057, 2531.80813599267, 2710.258611558294, 3062.0312, 2855.82808434639, 3296.941156644106, 4092.3256399691586, 4074.922345232964, 3194.8778753646375, 2877.7690552186964, 3170.845952516198, 4837.281826123047, 4152.071577485561, 3805.078578457403, 3935.682230017662, 3365.7788125439642, 3713.8969942731856, 4312.778785881758, 4072.2962, 3893.052868611336, 4399.07676346426, 4572.394919227266, 5109.646150647163, 5464.491218513966, 5032.319796852707, 5622.308937865257, 5331.309113247395, 5390.087261483431, 4678.0740717133995, 4592.095665417194, 5028.459057239914, 5426.883990520001, 4812.4203219522005, 4865.848584192038, 5599.83538417077]
shares:[0, 47.619, 94.1306, 141.524, 187.8203, 228.8039, 270.6449, 311.6285, 359.2475, 403.3004, 445.8536, 486.6699, 517.1577, 549.731, 585.9629, 623.2763, 655.4306, 685.0164, 713.1854, 740.5078, 765.5078, 793.2856, 818.0995, 838.5913, 859.6883, 887.4661, 919.415, 949.3551, 969.3952, 993.3186, 1020.1283, 1046.724, 1078.7753, 1108.626, 1134.9418, 1163.5132, 1194.188, 1221.9658, 1249.2882, 1274.2259, 1297.9789, 1324.2947, 1348.2755, 1374.0487, 1400.0227, 1430.6037, 1462.4508, 1492.1244, 1520.1356, 1552.3937, 1584.967, 1613.7854]
growth_rate:9.8
