ticker:SGMA
price:[2.9100000858306885, 3.069999933242798, 3.0999999046325684, 2.9600000381469727, 3.2200000286102295, 3.369999885559082, 3.640000104904175, 3.509999990463257, 3.2100000381469727, 3.3399999141693115, 3.559999942779541, 3.319999933242798, 3.380000114440918, 3.690000057220459, 4.340000152587891, 4.699999809265137, 4.699999809265137, 4.679999828338623, 4.769999980926514, 5.090000152587891, 5.400000095367432, 5.079999923706055, 5.449999809265137, 6.179999828338623, 6.079999923706055, 5.210000038146973, 5.5, 5.710000038146973, 5.619999885559082, 5.559999942779541, 5.400000095367432, 5.539999961853027, 5.400000095367432, 5.28000020980835, 5.110000133514404, 5.070000171661377, 4.760000228881836, 4.730000019073486, 4.96999979019165, 5.159999847412109, 4.78000020980835, 5.059999942779541, 5.230000019073486, 5.0, 4.949999809265137, 4.829999923706055, 6.670000076293945, 6.059999942779541, 5.989999771118164, 6.039999961853027, 5.739999771118164, 6.309999942779541]
assets:[0, 100.00002882549764, 200.9773338171959, 291.90099576187134, 417.5409457099199, 536.9916207644462, 680.0146275979042, 755.7282699466705, 791.1359674016952, 923.1756422764063, 1083.983670576954, 1110.9061736623526, 1230.982859678936, 1443.8837383901596, 1798.2265492229462, 2047.388066913128, 2147.3880828549386, 2238.25016590147, 2381.293700478077, 2641.0453251731874, 2901.8947112493033, 2829.930289498711, 3136.047065247059, 3656.104584444666, 3696.944561609459, 3267.9412639274597, 3549.8419, 3785.381144289112, 3825.7165720963476, 3884.87259601903, 3873.0777084010124, 4073.4905059510234, 4070.550311888504, 4080.0937621283533, 4048.727200785398, 4117.03482739563, 3965.302958669281, 4040.311148292351, 4345.3160435626505, 4611.434587633896, 4371.833123892689, 4727.923278534794, 4986.76683918643, 4867.4635, 4918.788575467777, 4899.5451606075285, 6866.038715536309, 6338.110308153535, 6364.897683793068, 6518.027302833939, 6294.283997016144, 7019.326597347212]
shares:[0, 32.5733, 64.8314, 98.6152, 129.6711, 159.3447, 186.8172, 215.3072, 246.4598, 276.3999, 304.4898, 334.6103, 364.1961, 391.2964, 414.3379, 435.6145, 456.8911, 478.2586, 499.223, 518.8694, 537.3879, 557.0729, 575.4215, 591.6027, 608.0501, 627.244, 645.4258, 662.9389, 680.7325, 698.7181, 717.2366, 735.2871, 753.8056, 772.745, 792.3145, 812.0384, 833.0468, 854.1884, 874.3091, 893.6889, 914.6094, 934.3722, 953.4927, 973.4927, 993.6947, 1014.3986, 1029.3911, 1045.8928, 1062.5873, 1079.1436, 1096.5652, 1112.4131]
growth_rate:37.63
