ticker:SGMO
price:[10.029999732971191, 10.100000381469727, 10.819999694824219, 9.970000267028809, 9.229999542236328, 10.829999923706055, 11.140000343322754, 10.84000015258789, 10.34000015258789, 11.1899995803833, 11.479999542236328, 10.25, 10.119999885559082, 9.989999771118164, 12.279999732971191, 14.319999694824219, 17.809999465942383, 15.609999656677246, 16.979999542236328, 15.75, 14.949999809265137, 13.65999984741211, 14.640000343322754, 13.680000305175781, 13.210000038146973, 11.489999771118164, 11.359999656677246, 11.539999961853027, 13.229999542236328, 12.0, 12.279999732971191, 11.020000457763672, 11.479999542236328, 11.710000038146973, 11.779999732971191, 10.539999961853027, 10.850000381469727, 10.819999694824219, 10.779999732971191, 10.890000343322754, 11.760000228881836, 11.34000015258789, 12.020000457763672, 11.710000038146973, 10.640000343322754, 9.819999694824219, 9.9399995803833, 9.579999923706055, 9.760000228881836, 10.050000190734863, 9.359999656677246, 9.989999771118164]
assets:[0, 100.00010377693177, 207.1283361579895, 290.85681179008486, 369.2682836860657, 533.2800262432098, 648.545197987461, 731.0799622909547, 797.3587717666627, 962.9061778917313, 1087.8608286216736, 1071.304375, 1157.7168549080848, 1242.8448825250625, 1627.740980604744, 1998.1468854171753, 2585.12498448143, 2365.795351967239, 2673.427913927078, 2579.769675, 2548.7342724827768, 2428.809442869186, 2703.057927389431, 2625.8076585769654, 2635.5931576108933, 2392.427070342636, 2465.3584854917526, 2604.4222013907433, 3085.8325662288667, 2898.9408, 3066.582409317112, 2851.933140467453, 3070.9790895450587, 3232.5056965303424, 3351.8292920207978, 3099.0055707839015, 3290.1530306768414, 3381.055144638062, 3468.5554660812377, 3603.94869261961, 3991.8673976926802, 3949.3002051406866, 4286.119409230423, 4275.5786339282995, 3984.89824858141, 3777.791198597717, 3923.9559823503496, 3881.8408770854953, 4054.7774550886156, 4275.257016138363, 4081.732050282955, 4456.463972897529]
shares:[0, 9.901, 19.1431, 29.1732, 40.0074, 49.241, 58.2177, 67.4428, 77.114, 86.0506, 94.7614, 104.5175, 114.3989, 124.4089, 132.5522, 139.5354, 145.1502, 151.5564, 157.4457, 163.7949, 170.4839, 177.8045, 184.6351, 191.945, 199.515, 208.2182, 217.021, 225.6865, 233.2451, 241.5784, 249.7217, 258.7961, 267.5069, 276.0466, 284.5356, 294.0233, 303.2399, 312.482, 321.7584, 330.9411, 339.4445, 348.2628, 356.5823, 365.122, 374.5205, 384.7038, 394.7642, 405.2026, 415.4485, 425.3987, 436.0825, 446.0925]
growth_rate:-12.62
