ticker:SGMS
price:[19.329999923706055, 18.969999313354492, 32.959999084472656, 35.41999816894531, 36.47999954223633, 33.56999969482422, 35.5, 34.84000015258789, 31.8799991607666, 36.0, 34.189998626708984, 38.7400016784668, 39.380001068115234, 37.86000061035156, 40.22999954223633, 40.720001220703125, 42.4900016784668, 41.4900016784668, 45.290000915527344, 44.65999984741211, 45.060001373291016, 39.220001220703125, 47.18000030517578, 47.900001525878906, 47.22999954223633, 46.83000183105469, 46.290000915527344, 49.83000183105469, 44.209999084472656, 39.7400016784668, 40.09000015258789, 44.349998474121094, 47.400001525878906, 50.439998626708984, 58.52000045776367, 56.02000045776367, 58.439998626708984, 64.8499984741211, 72.54000091552734, 73.58999633789062, 75.75, 72.33999633789062, 76.2300033569336, 76.7300033569336, 71.2300033569336, 60.959999084472656, 60.93000030517578, 61.709999084472656, 64.04000091552734, 69.88999938964844, 67.4800033569336, 74.94000244140625]
assets:[0, 100.00035138034819, 273.74927239608763, 394.1820756225586, 505.9775936508178, 565.6175678581238, 698.1359, 785.157727438736, 818.4520304544449, 1024.2252, 1072.7283019123076, 1315.4864889953615, 1437.2203949821474, 1481.7457738876344, 1674.501316946411, 1794.896933807373, 1972.9170029354095, 2026.4837049808502, 2312.086249738312, 2379.922459868622, 2501.2401222301482, 2277.0662068725587, 2839.2122123649597, 2982.541495010376, 3040.8232295276644, 3115.0708427993773, 3179.1509728775027, 3522.2735434295655, 3225.017750214386, 2998.943460663986, 3125.356276895523, 3557.4597326042176, 3902.110325614929, 4252.374348223877, 5033.5627273742675, 4918.528030191421, 5231.00518507576, 5904.7674560646055, 6704.959332623292, 6902.013115530395, 7204.597650000001, 6980.274330633544, 7455.629740322876, 7604.534153697967, 7159.441605410767, 6227.185826477051, 6324.1197076751705, 6505.079330490876, 6850.691905938721, 7576.495273834229, 7415.235860886383, 8334.999433538818]
shares:[0, 5.2715, 8.3055, 11.1288, 13.87, 16.8489, 19.6658, 22.5361, 25.6729, 28.4507, 31.3755, 33.9568, 36.4962, 39.1375, 41.6232, 44.079, 46.4325, 48.8427, 51.0507, 53.2898, 55.5091, 58.0588, 60.1783, 62.266, 64.3833, 66.5187, 68.679, 70.6858, 72.9477, 75.4641, 77.9585, 80.2133, 82.323, 84.3056, 86.0144, 87.7995, 89.5107, 91.0527, 92.4312, 93.7901, 95.1102, 96.4926, 97.8044, 99.1077, 100.5116, 102.152, 103.7932, 105.4137, 106.9752, 108.406, 109.8879, 111.2223]
growth_rate:63.43
