ticker:SGOC
price:[0.8999999761581421, 0.8500000238418579, 1.0, 0.8399999737739563, 0.8399999737739563, 0.800000011920929, 1.0499999523162842, 1.1399999856948853, 1.0, 0.9200000166893005, 0.9200000166893005, 1.1799999475479126, 1.350000023841858, 1.190000057220459, 1.2400000095367432, 1.1799999475479126, 1.0499999523162842, 1.4500000476837158, 1.9900000095367432, 1.649999976158142, 1.75, 1.6299999952316284, 1.7999999523162842, 2.119999885559082, 2.5999999046325684, 1.6699999570846558, 1.7000000476837158, 1.9500000476837158, 2.25, 1.9299999475479126, 2.0299999713897705, 2.0, 1.6699999570846558, 1.7799999713897705, 1.6299999952316284, 1.690000057220459, 1.6200000047683716, 1.7100000381469727, 1.899999976158142, 1.8899999856948853, 2.200000047683716, 2.0199999809265137, 2.2300000190734863, 2.609999895095825, 9.789999961853027, 12.40999984741211, 8.770000457763672, 8.800000190734863, 7.630000114440918, 5.420000076293945, 5.679999828338623, 9.1899995803833]
assets:[0, 100.00003780492544, 217.6471, 282.8235391698301, 382.8235200476825, 464.5938469229877, 709.7793877667427, 870.6176470751882, 863.6997, 894.603784228599, 994.6038300426544, 1375.687480849421, 1673.879879561782, 1575.4941497567177, 1741.6913653952122, 1757.415929881239, 1663.8023094416378, 2397.6319188468933, 3390.5431112486126, 2911.2543479335072, 3187.694125, 3069.1093870216846, 3489.200547567749, 4209.502724764443, 5262.597666969061, 3480.2069315662975, 3642.7257621757026, 4278.420809621024, 5036.639175, 4420.317093867946, 4749.349160064054, 4779.1618, 4090.599931880534, 4460.040730313039, 4184.194665759635, 4438.214268270207, 4354.382784816861, 4696.292975765706, 5318.103163266599, 5390.113261203074, 6374.205998157192, 5952.67996979289, 6671.522946062422, 7908.374067137361, 29763.97885402393, 37829.41494486618, 26833.60109562111, 27025.391065759566, 23532.24263195562, 16816.219606711387, 17722.900752377176, 28774.904181133745]
shares:[0, 117.6471, 217.6471, 336.6947, 455.7423, 580.7423, 675.9804, 763.6997, 863.6997, 972.3954, 1081.0911, 1165.8369, 1239.911, 1323.9446, 1404.5898, 1489.3356, 1584.5737, 1653.5392, 1703.7905, 1764.3966, 1821.5395, 1882.8892, 1938.4448, 1985.6146, 2024.0761, 2083.9563, 2142.7798, 2194.0619, 2238.5063, 2290.3198, 2339.5809, 2389.5809, 2449.4611, 2505.6409, 2566.9906, 2626.1622, 2687.8906, 2746.3701, 2799.0017, 2851.9118, 2897.3663, 2946.8713, 2991.7143, 3030.0285, 3040.243, 3048.301, 3059.7035, 3071.0671, 3084.1733, 3102.6235, 3120.2291, 3131.1105]
growth_rate:464.21
