ticker:SGRP
price:[0.8199999928474426, 0.7400000095367432, 0.75, 0.7200000286102295, 0.800000011920929, 0.8199999928474426, 0.8100000023841858, 0.800000011920929, 0.7400000095367432, 0.7799999713897705, 0.8700000047683716, 0.8899999856948853, 0.9200000166893005, 0.9800000190734863, 1.0099999904632568, 1.0099999904632568, 1.0299999713897705, 1.149999976158142, 1.2200000286102295, 1.2000000476837158, 1.3799999952316284, 1.4199999570846558, 1.5499999523162842, 1.7300000190734863, 1.9299999475479126, 1.8300000429153442, 1.5199999809265137, 1.6100000143051147, 1.6699999570846558, 1.6100000143051147, 1.6799999475479126, 1.690000057220459, 1.659999966621399, 1.75, 1.690000057220459, 1.659999966621399, 1.7599999904632568, 1.600000023841858, 1.5800000429153442, 1.4700000286102295, 1.4900000095367432, 1.3700000047683716, 1.4800000190734863, 1.3700000047683716, 1.350000023841858, 1.4600000381469727, 1.7300000190734863, 1.9500000476837158, 1.7899999618530273, 1.7699999809265137, 1.600000023841858, 1.6399999856948853]
assets:[0, 99.99997528874874, 201.35129999999998, 293.2972676545858, 425.88584634619355, 536.5329653200209, 629.989894854337, 722.212250761801, 768.0463058981895, 909.562256637454, 1114.5117661085128, 1240.1327440671444, 1381.9350610690533, 1572.0612485966205, 1720.1855237574578, 1820.1855218132257, 1956.2287846619843, 2284.1389226451156, 2523.1735591709617, 2581.8100625919105, 3069.0814873952745, 3258.040233535266, 3656.3114725183723, 4180.915612095165, 4764.258331520569, 4617.405783282817, 3935.2221906194686, 4268.228855923915, 4527.293063658476, 4464.635977669024, 4758.750379424762, 4887.076593467903, 4900.323553466296, 5266.003925, 5185.45539857049, 5193.405677573121, 5606.261553621888, 5196.601517435396, 5231.644002099872, 4967.415570679522, 5134.999399866558, 4821.442386781335, 5308.565596414089, 5014.009998451578, 5040.812879023957, 5551.545755051136, 6678.201433628083, 7627.452681515527, 7101.610048656464, 7122.262567250633, 6538.203617426824, 6801.658532671641]
shares:[0, 135.1351, 268.4684, 407.3573, 532.3573, 654.3085, 777.7653, 902.7653, 1037.9004, 1166.1055, 1281.048, 1393.4076, 1502.1033, 1604.1441, 1703.154, 1802.1639, 1899.2513, 1986.2078, 2068.175, 2151.5083, 2223.9721, 2294.3946, 2358.9107, 2416.7142, 2468.5277, 2523.1725, 2588.962, 2651.0738, 2710.954, 2773.0658, 2832.5896, 2891.7612, 2952.0022, 3009.1451, 3068.3167, 3128.5577, 3185.3759, 3247.8759, 3311.167, 3379.1942, 3446.3083, 3519.301, 3586.8686, 3659.8613, 3733.9354, 3802.4285, 3860.232, 3911.5141, 3967.38, 4023.8772, 4086.3772, 4147.3528]
growth_rate:33.37
