ticker:SGRY
price:[20.049999237060547, 21.559999465942383, 23.520000457763672, 19.469999313354492, 23.350000381469727, 23.1200008392334, 23.639999389648438, 22.469999313354492, 21.81999969482422, 22.260000228881836, 23.889999389648438, 23.829999923706055, 25.81999969482422, 27.68000030517578, 27.190000534057617, 28.459999084472656, 27.81999969482422, 29.010000228881836, 30.31999969482422, 30.559999465942383, 30.860000610351562, 37.279998779296875, 36.91999816894531, 36.459999084472656, 39.20000076293945, 39.470001220703125, 38.4900016784668, 42.060001373291016, 40.9900016784668, 43.459999084472656, 43.599998474121094, 45.45000076293945, 44.189998626708984, 48.09000015258789, 48.20000076293945, 51.61000061035156, 52.130001068115234, 52.029998779296875, 58.529998779296875, 60.54999923706055, 65.54000091552734, 64.72000122070312, 67.05000305175781, 65.33000183105469, 62.560001373291016, 57.86000061035156, 56.349998474121094, 54.560001373291016, 50.33000183105469, 46.790000915527344, 43.790000915527344, 47.81999969482422]
assets:[0, 99.99958952293397, 209.0904520694733, 273.0862103691101, 427.5081519842148, 523.2980989952088, 635.0673076034547, 703.6367934980392, 783.2834390449524, 899.0791832445144, 1064.9158347930909, 1162.2415222789764, 1359.29904793396, 1557.2186891685485, 1629.651715009117, 1805.7698659103394, 1865.1612775398253, 2044.9439261341095, 2237.288521481323, 2354.9993988447186, 2478.1166830123902, 3093.6546027008058, 3163.7817110916135, 3224.36189503479, 3566.6747894172668, 3691.2424081604004, 3699.593528331375, 4142.737689263535, 4137.346314416885, 4486.658195484161, 4601.112198973847, 4896.342217191696, 4860.603775947189, 5389.576160100937, 5501.904767087555, 5991.1469208526605, 6151.512155041122, 6239.713212606811, 7119.22616552124, 7464.924820940781, 8180.119608267974, 8177.773418243408, 8572.181970159912, 8452.284575898742, 8193.908787869263, 7678.317166996764, 7577.930889800263, 7437.210187196732, 6960.609055233765, 6571.028642573548, 6249.7176886642455, 6924.881103807067]
shares:[0, 4.6382, 8.8899, 14.026, 18.3087, 22.634, 26.8641, 31.3145, 35.8975, 40.3899, 44.5758, 48.7722, 52.6452, 56.2579, 59.9357, 63.4494, 67.0439, 70.491, 73.7892, 77.0615, 80.3019, 82.9843, 85.6929, 88.4356, 90.9866, 93.5202, 96.1183, 98.4959, 100.9355, 103.2365, 105.5301, 107.7303, 109.9933, 112.0727, 114.1474, 116.085, 118.0033, 119.9253, 121.6338, 123.2853, 124.8111, 126.3562, 127.8476, 129.3783, 130.9768, 132.7051, 134.4797, 136.3125, 138.2994, 140.4366, 142.7202, 144.8114]
growth_rate:35.78
