ticker:SGTX
price:[34.779998779296875, 27.600000381469727, 33.11000061035156, 41.20000076293945, 48.029998779296875, 35.189998626708984, 35.459999084472656, 34.86000061035156, 30.610000610351562, 34.25, 36.77000045776367, 35.650001525878906, 26.600000381469727, 23.18000030517578, 29.149999618530273, 20.760000228881836, 20.8700008392334, 20.170000076293945, 17.760000228881836, 17.040000915527344, 15.270000457763672, 13.899999618530273, 13.300000190734863, 13.15999984741211, 11.829999923706055, 11.670000076293945, 10.739999771118164, 10.880000114440918, 10.470000267028809, 10.470000267028809, 10.350000381469727, 6.900000095367432, 5.920000076293945, 5.28000020980835, 5.039999961853027, 4.900000095367432, 5.320000171661377, 4.570000171661377, 5.989999771118164, 5.940000057220459]
assets:[0, 100.00032138214112, 219.96297805480955, 373.7087269203186, 535.6593643859864, 492.4593977817536, 596.238608605957, 686.1493920135498, 702.4964530075073, 886.0337999999999, 1051.2248970870971, 1119.2032779037477, 935.0857734100341, 914.8612980445862, 1250.4825136356355, 990.5675629211427, 1095.81696006546, 1159.0630033842087, 1120.5725424413681, 1175.1432151382448, 1153.0774365669251, 1149.6244884498597, 1200.0004972091674, 1287.3690890731812, 1257.2628168916704, 1340.2586637620927, 1333.4515215826034, 1450.8338712605478, 1496.1609441583632, 1596.160963708782, 1677.8665068410871, 1218.577966842413, 1145.5046227626801, 1121.6663485710144, 1170.6816151392936, 1238.1628940980434, 1444.291202603197, 1340.678557359457, 1857.2569330329895, 1941.7539427050592]
shares:[0, 3.6232, 6.6434, 9.0706, 11.1526, 13.9943, 16.8144, 19.683, 22.9499, 25.8696, 28.5892, 31.3942, 35.1536, 39.4677, 42.8982, 47.7152, 52.5068, 57.4647, 63.0953, 68.9638, 75.5126, 82.7068, 90.2256, 97.8244, 106.2775, 114.8465, 124.1575, 133.3487, 142.8998, 152.4509, 162.1127, 176.6055, 193.4974, 212.4368, 232.2781, 252.6863, 271.4833, 293.3651, 310.0596, 326.8946]
growth_rate:-50.21
