ticker:SHAC
price:[9.6850004196167, 9.729999542236328, 9.699999809265137, 9.75, 9.819999694824219, 9.779999732971191, 9.739999771118164, 9.760000228881836, 9.720000267028809, 9.75, 9.670000076293945, 9.680000305175781, 9.699999809265137, 9.675999641418457, 9.649999618530273, 9.6899995803833, 9.649999618530273, 9.649999618530273, 9.649999618530273, 9.710000038146973, 9.65999984741211, 9.649999618530273, 9.65999984741211, 9.680000305175781]
assets:[0, 100.00007029533386, 199.69195607337952, 300.7212, 402.8802174797058, 501.2386783143997, 599.1882279195786, 700.4186084255218, 797.548377910328, 900.009825, 992.6255078315735, 1093.6522424789428, 1195.9120064843178, 1292.9525492846487, 1389.4783550731659, 1495.23767225008, 1589.06543718338, 1689.0654882303238, 1789.0655392772674, 1900.1897184651375, 1990.4052945598603, 2088.3448374465943, 2190.5092933990477, 2295.044824354553]
shares:[0, 10.2775, 20.5868, 30.8432, 41.0265, 51.2514, 61.5183, 71.7642, 82.0523, 92.3087, 102.65, 112.9806, 123.2899, 133.6247, 143.9874, 154.3073, 164.67, 175.0327, 185.3954, 195.6941, 206.0461, 216.4088, 226.7608, 237.0914]
growth_rate:-0.22
