ticker:SHACU
price:[10.414999961853027, 10.319999694824219, 10.329999923706055, 10.39799976348877, 10.390000343322754, 10.199999809265137, 10.039999961853027, 10.020000457763672, 10.010000228881836, 9.9399995803833, 9.989999771118164, 10.029999732971191, 10.109999656677246, 10.024999618530273, 10.0, 10.029999732971191, 10.006999969482422, 10.020000457763672, 9.949999809265137, 10.039999961853027, 10.0600004196167, 10.0, 10.010000228881836, 10.0649995803833, 10.050000190734863, 10.050000190734863, 10.039999961853027, 10.029999732971191, 9.970000267028809, 9.970000267028809, 9.920000076293945]
assets:[0, 99.9997650428772, 200.09623052215576, 301.41305794410704, 401.18077125644686, 493.84421076536177, 586.0980497731209, 684.9301572910309, 784.246480932045, 878.7625609030723, 983.1828104742051, 1087.1195750576019, 1195.7905393924714, 1285.7372785753248, 1382.531, 1486.6786564201354, 1583.2695085716246, 1685.3260009941102, 1773.5526410021782, 1889.5952608204843, 1993.359909145832, 2081.471, 2183.55242092762, 2295.5496167969704, 2392.128180399227, 2492.1276922970774, 2589.648314160633, 2687.069024462128, 2770.9950752161976, 2870.995174894523, 2956.5965027389525]
shares:[0, 9.6899, 19.3704, 28.9876, 38.6122, 48.4161, 58.3763, 68.3563, 78.3463, 88.4067, 98.4167, 108.3868, 118.278, 128.2531, 138.2531, 148.2232, 158.2162, 168.1962, 178.2465, 188.2067, 198.1471, 208.1471, 218.1371, 228.0725, 238.0227, 247.9729, 257.9331, 267.9032, 277.9333, 287.9634, 298.044]
growth_rate:-1.45
