ticker:SHBI
price:[10.34000015258789, 10.5600004196167, 10.640000343322754, 9.899999618530273, 11.199999809265137, 11.819999694824219, 11.829999923706055, 11.479999542236328, 10.819999694824219, 10.760000228881836, 12.640000343322754, 13.210000038146973, 13.890000343322754, 14.289999961853027, 14.199999809265137, 14.779999732971191, 14.59000015258789, 14.600000381469727, 14.729999542236328, 14.3100004196167, 14.430000305175781, 13.25, 14.579999923706055, 14.420000076293945, 14.479999542236328, 15.300000190734863, 15.699999809265137, 17.93000030517578, 17.6299991607666, 17.520000457763672, 17.290000915527344, 17.010000228881836, 16.790000915527344, 16.610000610351562, 16.84000015258789, 16.719999313354492, 17.079999923706055, 17.020000457763672, 17.190000534057617, 17.479999542236328, 17.459999084472656, 16.360000610351562, 16.959999084472656, 16.75, 16.6200008392334, 17.149999618530273, 17.06999969482422, 17.34000015258789, 17.90999984741211, 17.780000686645508, 17.290000915527344, 17.799999237060547]
assets:[0, 100.00003597364426, 200.7576544778824, 286.7950689491272, 424.45535277156824, 547.9515458526611, 648.415308818245, 729.2313829219819, 787.3064577941894, 882.940870781517, 1137.209454888439, 1288.4915147208214, 1454.8178009591104, 1596.7131517375947, 1686.657517344761, 1855.549154475975, 1931.6955942024229, 2033.0193931188583, 2151.121997149658, 2189.7863832118037, 2308.149255814362, 2219.402825, 2542.1804506973267, 2614.2825658317565, 2725.1605298480986, 2979.485317143249, 3157.379861641884, 3705.8477690750124, 3743.8431537834167, 3820.484883821869, 3870.3303959388736, 3907.6529205802917, 3957.1127487739564, 4014.690299523926, 4170.281213787079, 4240.564681851387, 4431.868848203469, 4516.299671468735, 4661.409006820298, 4840.047561249542, 4934.5100212554935, 4723.631156227112, 4996.8685622612, 5034.9964, 5095.918289320374, 5358.4230558118825, 5433.426991861725, 5619.368647449112, 5904.088761698914, 5961.234180216788, 5896.948460250855, 6170.889495504761]
shares:[0, 9.4697, 18.8682, 28.9692, 37.8978, 46.358, 54.8111, 63.5219, 72.764, 82.0577, 89.9691, 97.5391, 104.7385, 111.7364, 118.7787, 125.5446, 132.3986, 139.2479, 146.0368, 153.0249, 159.9549, 167.5021, 174.3608, 181.2956, 188.2017, 194.7376, 201.107, 206.6842, 212.3564, 218.0642, 223.8479, 229.7268, 235.6827, 241.7032, 247.6414, 253.6223, 259.4771, 265.3525, 271.1698, 276.8906, 282.618, 288.7305, 294.6267, 300.5968, 306.6136, 312.4445, 318.3027, 324.0697, 329.6532, 335.2775, 341.0612, 346.6792]
growth_rate:21.0
