ticker:SHC
price:[25.100000381469727, 27.969999313354492, 27.700000762939453, 25.40999984741211, 26.959999084472656, 26.940000534057617, 27.440000534057617, 25.010000228881836, 25.489999771118164, 26.799999237060547, 26.09000015258789, 27.600000381469727, 27.81999969482422, 27.989999771118164, 26.149999618530273, 26.68000030517578, 28.979999542236328, 25.770000457763672, 24.56999969482422, 25.030000686645508, 25.84000015258789, 26.290000915527344, 25.729999542236328, 25.760000228881836, 24.610000610351562, 22.5, 23.809999465942383, 24.100000381469727, 25.100000381469727, 24.6200008392334, 23.389999389648438, 24.739999771118164, 24.420000076293945, 24.059999465942383, 22.6200008392334, 22.790000915527344, 23.700000762939453, 23.030000686645508, 24.399999618530273, 22.899999618530273, 24.65999984741211, 24.459999084472656]
assets:[0, 100.00113854503631, 199.03558548202514, 282.58206730308535, 399.8194824226379, 499.5241839025498, 608.7948278488159, 654.881853993225, 767.4503641088486, 906.8905341827392, 982.8650947483063, 1139.7502957529068, 1248.8342223007203, 1356.465363907814, 1367.294570054245, 1495.0058131004334, 1723.8868647697448, 1632.939272006607, 1656.9000424201965, 1787.920482047844, 1945.780435490036, 2079.6652644226074, 2135.3661110095977, 2237.8562278837203, 2237.952242503357, 2146.07475, 2371.0235568180083, 2499.9026795700074, 2703.633991089821, 2751.93013780632, 2714.4445141677857, 2971.1131625127796, 3032.683179474831, 3087.9758194564815, 3003.16024542141, 3125.7306695678712, 3350.540207859039, 3355.821156054688, 3655.4517828506473, 3530.7311011848446, 3902.089871855164, 3970.442445388031]
shares:[0, 3.5753, 7.1854, 11.1209, 14.8301, 18.5421, 22.1864, 26.1848, 30.1079, 33.8392, 37.6721, 41.2953, 44.8898, 48.4625, 52.2866, 56.0347, 59.4854, 63.3659, 67.4359, 71.4311, 75.3011, 79.1048, 82.9913, 86.8733, 90.9367, 95.3811, 99.581, 103.7304, 107.7145, 111.7762, 116.0515, 120.0935, 124.1885, 128.3448, 132.7657, 137.1536, 141.373, 145.7152, 149.8136, 154.1804, 158.2356, 162.3239]
growth_rate:-3.16
