ticker:SHCR
price:[9.970000267028809, 10.095000267028809, 10.553999900817871, 10.510000228881836, 10.670000076293945, 10.539999961853027, 10.6899995803833, 10.819999694824219, 10.899999618530273, 11.40999984741211, 11.920000076293945, 11.3100004196167, 11.920000076293945, 10.890000343322754, 10.180000305175781, 10.449999809265137, 10.130000114440918, 9.930000305175781, 9.920000076293945, 9.989999771118164, 9.930000305175781, 9.979999542236328, 9.970000267028809, 9.979999542236328, 9.9399995803833, 9.970000267028809, 9.989999771118164, 9.979999542236328, 9.979999542236328, 9.970000267028809, 9.869999885559082, 9.329999923706055, 7.769999980926514, 6.480000019073486, 7.460000038146973, 8.0600004196167, 7.159999847412109, 6.75, 6.829999923706055, 7.510000228881836, 7.400000095367432, 7.460000038146973]
assets:[0, 100.00006314516068, 204.54707207775115, 303.69381361370085, 408.31742891960147, 503.3429681782722, 610.5058760356903, 717.9297017509459, 823.2377311889647, 961.7557331382751, 1104.7444150709152, 1148.2093386001588, 1310.1379363855362, 1296.9293448875426, 1312.3730633422851, 1447.1807635858536, 1502.8655439782142, 1573.194060348511, 1671.6092928562164, 1783.4047691402436, 1872.6937925529478, 1982.122719083786, 2080.136867712784, 2182.2227079055788, 2273.4767040252686, 2380.338560753155, 2485.1133420633314, 2582.6252795398714, 2682.624874953079, 2779.937168455696, 2852.053919930935, 2796.0143771362305, 2428.513494038582, 2125.324014255762, 2546.746287022877, 2851.5781764577864, 2633.1636918842314, 2582.381925, 2712.9879816947937, 3083.0954139633177, 3137.93674044013, 3263.3792546874047]
shares:[0, 9.9059, 19.381, 28.8957, 38.2678, 47.7555, 57.11, 66.3521, 75.5264, 84.2906, 92.6799, 101.5216, 109.9109, 119.0936, 128.9168, 138.4862, 148.3579, 158.4284, 168.509, 178.519, 188.5895, 198.6095, 208.6396, 218.6596, 228.72, 238.7501, 248.7601, 258.7801, 268.8001, 278.8302, 288.9619, 299.68, 312.55, 327.9821, 341.3869, 353.7938, 367.7603, 382.5751, 397.2164, 410.532, 424.0455, 437.4503]
growth_rate:-20.41
