ticker:SHEN
price:[53.79999923706055, 52.04999923706055, 47.849998474121094, 43.400001525878906, 44.41999816894531, 46.9900016784668, 45.61000061035156, 45.33000183105469, 43.619998931884766, 42.900001525878906, 45.650001525878906, 44.45000076293945, 45.369998931884766, 45.529998779296875, 44.7400016784668, 44.0, 43.619998931884766, 43.25, 45.18000030517578, 43.279998779296875, 44.290000915527344, 38.869998931884766, 44.65999984741211, 45.09000015258789, 43.459999084472656, 44.349998474121094, 47.93000030517578, 51.779998779296875, 49.0099983215332, 48.58000183105469, 49.08000183105469, 49.0, 49.880001068115234, 50.380001068115234, 47.2599983215332, 49.150001525878906, 50.959999084472656, 50.599998474121094, 49.88999938964844, 51.02000045776367, 49.81999969482422, 48.02000045776367, 50.04999923706055, 56.810001373291016, 53.90999984741211, 52.709999084472656, 52.79999923706055, 52.790000915527344, 30.200000762939453, 30.270000457763672, 30.700000762939453, 29.600000381469727]
assets:[0, 99.99845853424073, 191.93112887954712, 274.07968963623046, 380.51947231445314, 502.53457295036316, 587.7760778656007, 684.1657176361084, 758.3554914302827, 845.8378800849914, 1000.0591484275818, 1073.7697784301758, 1195.9940048435212, 1300.2138341400148, 1377.652027684021, 1454.8644, 1542.2984742340086, 1629.2145249999999, 1801.9184701713561, 1826.1389564941408, 1968.752546696472, 1827.8267167728422, 2200.0945044830323, 2321.2782978553773, 2337.365670761108, 2485.231994494629, 2785.8449937377927, 3109.616758691406, 3043.26604377594, 3116.5674314682005, 3248.6445851989743, 3343.3484, 3503.391707020569, 3638.509171140671, 3513.1806732273103, 3753.6790015342713, 3991.9107602828976, 4063.7111774559025, 4106.6903107589715, 4299.705436577988, 4298.5741956687925, 4243.268132450104, 4522.648061058808, 5233.502075511551, 5066.343183660126, 5053.571162223816, 5162.197845408249, 5261.220419244385, 3109.829978563309, 3217.038135650253, 3362.736863568878, 3342.2485230731963]
shares:[0, 1.9212, 4.0111, 6.3152, 8.5664, 10.6945, 12.887, 15.093, 17.3855, 19.7165, 21.9071, 24.1568, 26.3609, 28.5573, 30.7924, 33.0651, 35.3576, 37.6697, 39.8831, 42.1936, 44.4514, 47.0241, 49.2632, 51.481, 53.782, 56.0368, 58.1232, 60.0544, 62.0948, 64.1533, 66.1908, 68.2316, 70.2364, 72.2213, 74.3373, 76.3719, 78.3342, 80.3105, 82.3149, 84.2749, 86.2821, 88.3646, 90.3626, 92.1229, 93.9778, 95.875, 97.7689, 99.6632, 102.9745, 106.2781, 109.5354, 112.9138]
growth_rate:-34.47
