ticker:SHIP
price:[0.4300000071525574, 0.4000000059604645, 0.44999998807907104, 0.4399999976158142, 0.4699999988079071, 0.5099999904632568, 0.47999998927116394, 0.4699999988079071, 0.4300000071525574, 0.4399999976158142, 0.47999998927116394, 0.4399999976158142, 0.46000000834465027, 0.6200000047683716, 0.49000000953674316, 0.47999998927116394, 0.5099999904632568, 0.5400000214576721, 0.6200000047683716, 0.8100000023841858, 0.9800000190734863, 1.1100000143051147, 1.149999976158142, 2.009999990463257, 1.6200000047683716, 1.1399999856948853, 1.100000023841858, 1.2400000095367432, 1.190000057220459, 1.059999942779541, 1.059999942779541, 0.9599999785423279, 0.9100000262260437, 0.9399999976158142, 1.100000023841858, 1.149999976158142, 0.9800000190734863, 1.0499999523162842, 1.0099999904632568, 1.0199999809265137, 1.149999976158142, 1.1799999475479126, 1.2300000190734863, 1.0700000524520874, 1.0700000524520874, 1.0199999809265137, 1.0399999618530273, 1.0199999809265137, 1.0, 1.1699999570846558, 1.0700000524520874, 1.2599999904632568]
assets:[0, 100.00000149011612, 212.4999843706727, 307.7777543322742, 428.76262191250026, 565.2530324300528, 632.0028338736356, 718.8361401767671, 757.6585936027825, 875.2785312572121, 1054.8492724222808, 1066.9451702186466, 1215.4427040487915, 1738.2053533684013, 1473.742942683077, 1543.6664774963647, 1740.1456204601525, 1942.5072471882997, 2330.2860139220475, 3144.4059152553677, 3904.343007989216, 4522.266043280661, 4785.23040079236, 8463.75057184248, 6921.530372373105, 4970.706483625853, 4896.295906124354, 5619.460811218833, 5492.869856121444, 4992.8079144804, 5092.807885082245, 4712.354486670667, 4566.919579617835, 4817.477239781106, 5737.473514356387, 6098.267483570409, 5296.784659089947, 5775.126052733826, 5655.121448602533, 5811.112679335117, 6651.744647095692, 6925.268298165428, 7318.712288490534, 6466.68484500103, 6566.6848029030925, 6359.8299310743805, 6584.532310480785, 6557.906787370443, 6529.3205, 7739.3047181239845, 7177.826246861637, 8552.393071268272]
shares:[0, 250.0, 472.2222, 699.4949, 912.2609, 1108.3393, 1316.6726, 1529.4386, 1761.9967, 1989.2694, 2197.6027, 2424.8754, 2642.2667, 2803.557, 3007.6386, 3215.9719, 3412.0503, 3597.2355, 3758.5258, 3881.9826, 3984.0234, 4074.1135, 4161.07, 4210.8212, 4272.5496, 4360.2689, 4451.178, 4531.8232, 4615.8568, 4710.1964, 4804.536, 4908.7027, 5018.5928, 5124.9758, 5215.8849, 5302.8414, 5404.8822, 5500.1203, 5599.1302, 5697.1694, 5784.1259, 5868.8717, 5950.1725, 6043.6304, 6137.0883, 6235.1275, 6331.2813, 6429.3205, 6529.3205, 6614.7906, 6708.2485, 6787.6136]
growth_rate:67.69
