ticker:SHLD
price:[25.756999969482422, 27.819000244140625, 28.163999557495117, 29.1299991607666, 29.274999618530273, 29.510000228881836, 29.131000518798828, 29.035999298095703, 29.207000732421875, 29.538999557495117, 29.739999771118164, 29.8799991607666, 28.770000457763672, 29.81999969482422, 30.437999725341797, 30.389999389648438, 30.010000228881836, 30.25, 32.1870002746582, 32.09000015258789, 31.389999389648438, 32.441001892089844, 32.99599838256836, 33.22600173950195, 33.099998474121094, 33.02000045776367, 33.33000183105469, 33.78900146484375, 33.68000030517578, 34.05799865722656, 34.40999984741211, 34.19499969482422, 33.15999984741211, 33.82099914550781, 33.37300109863281, 33.37300109863281, 32.75, 32.887001037597656, 33.63399887084961, 32.40999984741211, 33.167999267578125, 33.07400131225586, 33.07400131225586, 33.07400131225586]
assets:[0, 100.0009601776123, 201.24022603816985, 308.1429571224213, 409.67727216167447, 512.9664319786071, 606.3792543991088, 704.4017285720824, 808.5490840759277, 917.7412694519043, 1023.9868541193008, 1128.8066082954406, 1186.8718448844909, 1330.1896723869324, 1457.757989445877, 1555.4604557601929, 1636.0101674776079, 1749.094325, 1961.0927714344025, 2055.181596772385, 2110.3496589660645, 2281.007945537567, 2420.0321085723876, 2536.901588216019, 2627.2792788848874, 2720.9305877208712, 2846.475480377197, 2985.673884136963, 3076.0415798721315, 3210.565794219971, 3343.74700217247, 3422.8544989524844, 3419.2535922660827, 3587.410289863586, 3639.889773524475, 3739.8886340164186, 3770.0719249999997, 3885.8425363998413, 4074.106463625336, 4025.843782046127, 4220.001031613159, 4308.0408113273625, 4408.040054294967, 4508.039297262573]
shares:[0, 3.5947, 7.1453, 10.5782, 13.9941, 17.3828, 20.8156, 24.2596, 27.6834, 31.0688, 34.4313, 37.778, 41.2538, 44.6073, 47.8927, 51.1833, 54.5155, 57.8213, 60.9281, 64.0443, 67.23, 70.3125, 73.3432, 76.3529, 79.374, 82.4025, 85.4028, 88.3623, 91.3314, 94.2676, 97.1737, 100.0981, 103.1138, 106.0705, 109.0669, 112.0633, 115.1167, 118.1574, 121.1306, 124.2161, 127.2311, 130.2546, 133.2781, 136.3016]
growth_rate:4.84
