ticker:SHLS
price:[33.93000030517578, 39.95000076293945, 37.91999816894531, 40.16999816894531, 32.619998931884766, 32.20000076293945, 34.84000015258789, 31.110000610351562, 31.290000915527344, 34.56999969482422, 34.689998626708984, 33.06999969482422, 34.599998474121094, 32.06999969482422, 28.780000686645508, 23.079999923706055, 24.389999389648438, 27.600000381469727, 26.729999542236328, 30.639999389648438, 30.809999465942383, 32.459999084472656, 35.65999984741211, 35.380001068115234, 27.110000610351562, 27.59000015258789, 29.09000015258789, 32.720001220703125, 33.02000045776367, 31.020000457763672, 31.860000610351562, 32.56999969482422]
assets:[0, 99.99884690971373, 194.9163745880127, 306.48101802978516, 348.8774125762939, 444.3857705291748, 580.821126543808, 618.637917137146, 722.2170271316528, 897.9246290733338, 1001.0423523712158, 1054.2947392707824, 1203.073086943817, 1215.1034254371643, 1190.4473144021988, 1054.6752165136338, 1214.5366046066285, 1474.3837403779983, 1527.9081578338623, 1851.406643119812, 1961.6788279964449, 2166.734152887726, 2480.338421386719, 2560.864623311996, 2062.2685904296877, 2198.7823031604767, 2418.3244376850125, 2820.0943692108153, 2945.9519848403934, 2867.5167603160858, 3045.166114337158, 3213.02721289444]
shares:[0, 2.5031, 5.1402, 7.6296, 10.6952, 13.8008, 16.6711, 19.8855, 23.0814, 25.9741, 28.8568, 31.8807, 34.7709, 37.8891, 41.3637, 45.6965, 49.7965, 53.4197, 57.1608, 60.4245, 63.6702, 66.7509, 69.5552, 72.3817, 76.0704, 79.6949, 83.1325, 86.1887, 89.2172, 92.4409, 95.5796, 98.6499]
growth_rate:3.65
