ticker:SHOO
price:[21.479999542236328, 19.920000076293945, 20.200000762939453, 19.969999313354492, 20.329999923706055, 21.0, 22.56999969482422, 22.68000030517578, 24.010000228881836, 25.739999771118164, 27.790000915527344, 31.260000228881836, 33.40999984741211, 33.880001068115234, 32.810001373291016, 33.959999084472656, 34.63999938964844, 35.31999969482422, 36.470001220703125, 36.029998779296875, 34.900001525878906, 33.599998474121094, 36.47999954223633, 36.56999969482422, 36.470001220703125, 36.9900016784668, 35.630001068115234, 39.18000030517578, 38.22999954223633, 38.650001525878906, 37.15999984741211, 38.130001068115234, 39.08000183105469, 41.619998931884766, 40.66999816894531, 43.119998931884766, 41.040000915527344, 39.150001525878906, 41.400001525878906, 41.5, 44.599998474121094, 42.02000045776367, 44.68000030517578, 43.400001525878906, 42.47999954223633, 40.11000061035156, 42.33000183105469, 43.83000183105469, 42.189998626708984, 41.900001525878906, 40.43000030517578, 41.380001068115234]
assets:[0, 100.00039238300324, 201.4061276069641, 299.1126467153549, 404.50397548198697, 517.8348, 656.5500061225891, 759.7505262229919, 904.303044620514, 1069.46095449028, 1254.6351713333129, 1511.2959710655211, 1715.2393231662752, 1839.3689739887238, 1881.2795447425842, 2047.2174168090821, 2188.208761444092, 2331.165895858002, 2507.068234915161, 2576.8222766967774, 2596.0052035011295, 2599.3059619575497, 2922.102683332443, 3029.3124947204587, 3121.029764465332, 3265.5291341773986, 3245.4655372924803, 3668.8269825767516, 3679.8668359375, 3820.2936958229066, 3773.0182885070803, 3971.5065212516784, 4170.457567402649, 4541.516015448761, 4537.852653695679, 4911.216958345413, 4774.3105305061345, 4654.441891407776, 5021.940245093536, 5134.06875, 5617.57942780838, 5392.615748746872, 5833.983807847595, 5766.848982753753, 5744.600074096299, 5524.1017020599365, 5929.849102505493, 6239.976551683045, 6106.491802232742, 6164.516774494172, 6048.243142653657, 6290.3601723690035]
shares:[0, 5.0201, 9.9706, 14.9781, 19.8969, 24.6588, 29.0895, 33.4987, 37.6636, 41.5486, 45.147, 48.346, 51.3391, 54.2907, 57.3386, 60.2832, 63.17, 66.0013, 68.7433, 71.5188, 74.3841, 77.3603, 80.1015, 82.836, 85.578, 88.2814, 91.088, 93.6403, 96.256, 98.8433, 101.5344, 104.157, 106.7159, 109.1186, 111.5774, 113.8965, 116.3331, 118.8874, 121.3029, 123.7125, 125.9547, 128.3345, 130.5726, 132.8767, 135.2307, 137.7238, 140.0862, 142.3677, 144.7379, 147.1245, 149.5979, 152.0145]
growth_rate:23.34
