ticker:SHSP
price:[9.9399995803833, 9.960000038146973, 10.460000038146973, 10.449999809265137, 11.40999984741211, 10.600000381469727, 10.520000457763672, 11.380000114440918, 10.6899995803833, 13.5600004196167, 14.25, 16.0, 15.609999656677246, 16.8700008392334, 16.40999984741211, 16.920000076293945, 17.0, 16.280000686645508, 16.6200008392334, 18.770000457763672, 19.559999465942383, 19.540000915527344, 20.649999618530273, 24.260000228881836, 25.329999923706055, 22.34000015258789, 20.950000762939453, 19.8700008392334, 17.40999984741211, 16.09000015258789, 16.299999237060547, 15.789999961853027, 16.34000015258789, 15.720000267028809, 16.5, 15.779999732971191, 15.289999961853027, 15.100000381469727, 13.649999618530273, 13.359999656677246, 13.829999923706055, 14.0, 16.81999969482422, 16.829999923706055, 16.799999237060547, 16.709999084472656, 16.84000015258789, 16.989999771118164, 17.0, 17.020000457763672, 16.950000762939453, 17.09000015258789]
assets:[0, 100.00039238300324, 205.02018474769594, 304.8244044363022, 432.82693421173093, 502.10081806945806, 598.3113500347138, 747.2221875143051, 801.9156635222436, 1117.209790572262, 1274.0583000000001, 1530.5216, 1593.2158829591751, 1821.8166956300736, 1872.1397555919648, 2030.3238691549302, 2139.9243, 2149.2922026512147, 2294.1783798454285, 2690.959238627243, 2904.2178647045134, 3001.248394620514, 3271.738444560814, 3943.6983592069623, 4217.637495296478, 3819.780352090073, 3682.1134740921025, 3592.295464724922, 3247.5516885372163, 3101.326612411118, 3241.804158263779, 3240.3732641716006, 3453.2433442474367, 3422.2141901316645, 3692.0185500000002, 3630.9116625577926, 3618.1644309730527, 3673.2034427957533, 3420.478329409599, 3447.808431398869, 3669.101745759201, 3814.2034000000003, 4682.492803042603, 4785.277244307327, 4876.747458531952, 4950.62129875946, 5089.135614112854, 5234.466019483566, 5337.5478, 5443.8267224151605, 5521.437323526382, 5667.0423415981295]
shares:[0, 10.0402, 19.6004, 29.1698, 37.934, 47.368, 56.8737, 65.661, 75.0155, 82.3901, 89.4076, 95.6576, 102.0638, 107.9915, 114.0853, 119.9955, 125.8779, 132.0204, 138.0372, 143.3649, 148.4774, 153.5951, 158.4377, 162.5597, 166.5076, 170.9839, 175.7572, 180.7899, 186.5337, 192.7487, 198.8837, 205.2168, 211.3368, 217.6981, 223.7587, 230.0958, 236.636, 243.2585, 250.5845, 258.0695, 265.3002, 272.4431, 278.3884, 284.3302, 290.2826, 296.267, 302.2052, 308.091, 313.9734, 319.8488, 325.7485, 331.5999]
growth_rate:11.12
