ticker:SHV
price:[110.69999694824219, 110.69999694824219, 110.69999694824219, 110.69999694824219, 110.69000244140625, 110.69000244140625, 110.69000244140625, 110.68000030517578, 110.69999694824219, 110.68000030517578, 110.68000030517578, 110.68000030517578, 110.69000244140625, 110.5199966430664, 110.5199966430664, 110.5199966430664, 110.5199966430664, 110.52999877929688, 110.5199966430664, 110.51000213623047, 110.51000213623047, 110.5199966430664, 110.52999877929688, 110.5199966430664, 110.5199966430664, 110.5199966430664, 110.51000213623047, 110.51000213623047, 110.5199966430664, 110.5199966430664, 110.51000213623047, 110.52999877929688, 110.51000213623047, 110.5199966430664, 110.51000213623047, 110.5199966430664, 110.51000213623047, 110.5199966430664, 110.51000213623047, 110.51000213623047, 110.48999786376953, 110.4800033569336, 110.4800033569336, 110.48999786376953, 110.48999786376953, 110.4800033569336, 110.48999786376953, 110.48999786376953, 110.48999786376953, 110.47000122070312, 110.4800033569336, 110.47000122070312]
assets:[0, 99.99530724334717, 199.99061448669434, 299.9859217300415, 399.9561858215332, 499.95353402709964, 599.950882232666, 699.8960499298096, 800.0178079452514, 899.8726744812011, 999.8720547569274, 1099.8714350326538, 1199.9681784667969, 1298.1236725708006, 1398.1221655334473, 1498.1206584960937, 1598.1191514587404, 1698.2602722442625, 1798.105085384369, 1897.9429806884764, 1997.9434816215514, 2098.122668271637, 2198.3090397216797, 2298.1086021972656, 2398.107095159912, 2498.105588122559, 2597.8801812187194, 2697.8806821517946, 2798.1231710098264, 2898.121663972473, 2997.860082950592, 3098.3990317810058, 3197.838982816315, 3298.1266878227234, 3397.828933682251, 3498.1347257476805, 3597.8188845481873, 3698.142763672638, 3797.808835414123, 3897.809336347198, 3997.1082607192993, 4096.742148479461, 4196.737599517823, 4297.121751918793, 4397.126248985291, 4496.723952632904, 4597.135243118286, 4697.1397401847835, 4797.144237251282, 4896.273488104248, 4996.712255825043, 5096.2573313140865]
shares:[0, 0.9033, 1.8066, 2.7099, 3.6133, 4.5167, 5.4201, 6.3236, 7.2269, 8.1304, 9.0339, 9.9374, 10.8408, 11.7456, 12.6504, 13.5552, 14.46, 15.3647, 16.2695, 17.1744, 18.0793, 18.9841, 19.8888, 20.7936, 21.6984, 22.6032, 23.5081, 24.413, 25.3178, 26.2226, 27.1275, 28.0322, 28.9371, 29.8419, 30.7468, 31.6516, 32.5565, 33.4613, 34.3662, 35.2711, 36.1762, 37.0813, 37.9864, 38.8915, 39.7966, 40.7017, 41.6068, 42.5119, 43.417, 44.3222, 45.2273, 46.1325]
growth_rate:-0.07
