ticker:SHY
price:[86.45999908447266, 86.48999786376953, 86.48999786376953, 86.5, 86.45999908447266, 86.41999816894531, 86.44000244140625, 86.41000366210938, 86.43000030517578, 86.37999725341797, 86.33000183105469, 86.37000274658203, 86.38999938964844, 86.36000061035156, 86.41999816894531, 86.37000274658203, 86.37000274658203, 86.37999725341797, 86.3499984741211, 86.3499984741211, 86.37999725341797, 86.4000015258789, 86.37999725341797, 86.37000274658203, 86.37000274658203, 86.31999969482422, 86.26000213623047, 86.25, 86.2699966430664, 86.30000305175781, 86.2300033569336, 86.23999786376953, 86.26000213623047, 86.26000213623047, 86.27999877929688, 86.30999755859375, 86.27999877929688, 86.27999877929688, 86.31999969482422, 86.30000305175781, 86.30000305175781, 86.11000061035156, 86.12000274658203, 86.16999816894531, 86.22000122070312, 86.19000244140625, 86.26000213623047, 86.29000091552734, 86.20999908447266, 86.19999694824219, 86.19999694824219, 86.23999786376953]
assets:[0, 99.99973553009032, 199.99947106018064, 300.02525, 399.88614176559446, 499.69771341247554, 599.8158209411621, 699.6099536499023, 799.7713648239135, 899.3107894050597, 998.7863231842041, 1099.2482989562989, 1199.4992245254516, 1299.0789451812743, 1399.9780443374634, 1499.1673226737978, 1599.1665118537903, 1699.3536859664916, 1798.7654532142637, 1898.7673864471435, 1999.4291584251403, 2099.8915570854188, 2199.407490066528, 2299.1521991134646, 2399.151388293457, 2497.7641431694033, 2596.0292682907107, 2695.7264999999998, 2796.355671188355, 2897.3241124557494, 2994.9749685943602, 3095.3260033264164, 3196.0452171501156, 3296.0464376266477, 3396.809039941406, 3497.988843054199, 3596.7715651123044, 3696.77008369751, 3798.485690570831, 3897.601557827759, 3997.5973713638305, 4088.7956029815678, 4189.273085606384, 4291.705375804138, 4394.1937402130125, 4492.662496258546, 4596.312457827758, 4697.91240684433, 4793.560442093658, 4893.00490677185, 4993.005523231506, 5095.326417784881]
shares:[0, 1.1562, 2.3124, 3.4685, 4.6251, 5.7822, 6.9391, 8.0964, 9.2534, 10.4111, 11.5694, 12.7272, 13.8847, 15.0426, 16.1997, 17.3575, 18.5153, 19.673, 20.8311, 21.9892, 23.1469, 24.3043, 25.462, 26.6198, 27.7776, 28.9361, 30.0954, 31.2548, 32.414, 33.5727, 34.7324, 35.892, 37.0513, 38.2106, 39.3696, 40.5282, 41.6872, 42.8462, 44.0047, 45.1634, 46.3221, 47.4834, 48.6446, 49.8051, 50.9649, 52.1251, 53.2844, 54.4433, 55.6033, 56.7634, 57.9235, 59.0831]
growth_rate:-0.09
