ticker:SHYF
price:[19.6299991607666, 19.389999389648438, 19.860000610351562, 18.43000030517578, 19.8799991607666, 20.959999084472656, 20.979999542236328, 21.020000457763672, 19.309999465942383, 21.510000228881836, 23.360000610351562, 25.40999984741211, 25.739999771118164, 26.760000228881836, 27.989999771118164, 27.969999313354492, 28.639999389648438, 28.3799991607666, 29.65999984741211, 29.440000534057617, 31.889999389648438, 30.200000762939453, 33.47999954223633, 32.86000061035156, 33.06999969482422, 32.88999938964844, 33.2400016784668, 40.84000015258789, 37.90999984741211, 37.189998626708984, 37.93000030517578, 38.58000183105469, 38.59000015258789, 37.54999923706055, 35.41999816894531, 36.5, 38.91999816894531, 39.16999816894531, 38.97999954223633, 40.25, 41.099998474121094, 34.34000015258789, 37.90999984741211, 37.95000076293945, 39.36000061035156, 37.279998779296875, 38.709999084472656, 39.439998626708984, 40.099998474121094, 42.65999984741211, 41.31999969482422, 43.09000015258789]
assets:[0, 100.00004385223389, 202.42305622100832, 287.84711676635743, 410.49415067100523, 532.7947927276612, 633.3022661819458, 734.510283995819, 774.7577295724869, 963.0263712472915, 1145.852413938904, 1346.4098259147645, 1463.8955629829406, 1621.9048818723677, 1796.454165309906, 1895.1716344747545, 2040.5684525131228, 2122.0434872484207, 2317.751028076172, 2400.558251547432, 2700.333533317566, 2657.231627129364, 3045.8329143550873, 3089.428251383972, 3209.1722963851926, 3291.703496914673, 3426.731717034149, 4310.220944104004, 4100.9900534935, 4123.102668748856, 4305.142273638154, 4478.918306575012, 4580.077322109985, 4556.643592418289, 4398.172012634277, 4632.27705, 5039.404174913025, 5171.775455238342, 5246.688448385239, 5517.631, 5734.1525971138, 4891.018749732972, 5499.489947864533, 5605.291012687683, 5913.552763700867, 5701.047541323852, 6019.730021627807, 6233.251198959732, 6437.56152503891, 6948.537563146209, 6830.274457553863, 7222.85785957718]
shares:[0, 5.1573, 10.1925, 15.6184, 20.6486, 25.4196, 30.186, 34.9434, 40.1221, 44.7711, 49.0519, 52.9874, 56.8724, 60.6093, 64.182, 67.7573, 71.2489, 74.7725, 78.144, 81.5407, 84.6765, 87.9878, 90.9747, 94.0179, 97.0418, 100.0822, 103.0906, 105.5392, 108.177, 110.8659, 113.5023, 116.0943, 118.6856, 121.3487, 124.172, 126.9117, 129.4811, 132.0341, 134.5995, 137.084, 139.5171, 142.4292, 145.067, 147.702, 150.2427, 152.9251, 155.5084, 158.0439, 160.5377, 162.8818, 165.3019, 167.6226]
growth_rate:41.62
