ticker:SIBN
price:[20.959999084472656, 21.899999618530273, 24.260000228881836, 22.600000381469727, 22.959999084472656, 24.670000076293945, 23.489999771118164, 22.18000030517578, 20.969999313354492, 21.079999923706055, 24.0, 22.030000686645508, 22.940000534057617, 24.100000381469727, 25.670000076293945, 29.719999313354492, 30.309999465942383, 29.899999618530273, 28.260000228881836, 28.479999542236328, 31.200000762939453, 29.280000686645508, 32.5099983215332, 31.469999313354492, 31.65999984741211, 31.389999389648438, 29.450000762939453, 31.389999389648438, 33.83000183105469, 30.8700008392334, 31.399999618530273, 33.7599983215332, 34.09000015258789, 35.43000030517578, 35.5, 32.81999969482422, 31.959999084472656, 32.83000183105469, 30.170000076293945, 30.34000015258789, 31.389999389648438, 30.8700008392334, 33.84000015258789, 30.799999237060547, 27.969999313354492, 29.469999313354492, 30.309999465942383, 30.34000015258789, 24.6200008392334, 20.989999771118164, 20.479999542236328, 23.850000381469727]
assets:[0, 99.99977825813293, 210.77573398857118, 296.35380500221254, 401.07444800720214, 530.9452746419906, 605.5487040996552, 671.778977243042, 735.130586928749, 838.9861049634934, 1055.2032, 1068.5894163064957, 1212.730010233116, 1374.054291749382, 1563.567405647087, 1910.2529558658603, 2048.1739659114837, 2120.469102946663, 2104.163315041924, 2220.542844308853, 2532.6163819305416, 2476.763050082588, 2849.9857518573763, 2858.8134126234054, 2976.07481165657, 3050.693592681885, 2962.1517567382816, 3257.280595664978, 3610.4764984176636, 3394.573337285042, 3552.853436837387, 3919.8835331127166, 4058.1997511646273, 4317.719503190613, 4426.25005, 4192.098561019898, 4182.250324195099, 4396.098112187195, 4139.912325469018, 4263.240291440964, 4510.780580291748, 4536.056445317458, 5072.470510872269, 4716.7888831615455, 4383.396758390427, 4718.474007060432, 4952.966105729485, 5057.869167437362, 4204.308303314209, 3684.4208378238677, 3694.899117412567, 4402.898485422325]
shares:[0, 4.5662, 8.6882, 13.113, 17.4684, 21.5219, 25.779, 30.2876, 35.0563, 39.8001, 43.9668, 48.5061, 52.8653, 57.0147, 60.9103, 64.275, 67.5742, 70.9187, 74.4573, 77.9685, 81.1736, 84.5889, 87.6649, 90.8425, 94.0011, 97.1868, 100.5824, 103.7681, 106.7241, 109.9635, 113.1482, 116.1103, 119.0437, 121.8662, 124.6831, 127.73, 130.8589, 133.9049, 137.2195, 140.5155, 143.7012, 146.9406, 149.8957, 153.1425, 156.7178, 160.1111, 163.4103, 166.7063, 170.768, 175.5322, 180.415, 184.6079]
growth_rate:-13.67
