ticker:SIC
price:[6.059999942779541, 6.949999809265137, 6.5, 6.420000076293945, 7.0, 7.25, 7.039999961853027, 7.130000114440918, 6.920000076293945, 6.610000133514404, 7.050000190734863, 7.409999847412109, 7.659999847412109, 7.519999980926514, 7.829999923706055, 7.409999847412109, 7.400000095367432, 7.150000095367432, 7.050000190734863, 7.699999809265137, 8.8100004196167, 7.46999979019165, 8.569999694824219, 9.800000190734863, 9.1899995803833, 8.710000038146973, 8.300000190734863, 8.760000228881836, 8.020000457763672, 7.210000038146973, 7.300000190734863, 7.340000152587891, 7.75, 7.730000019073486, 7.53000020980835, 8.930000305175781, 11.600000381469727, 11.210000038146973, 11.180000305175781, 10.899999618530273, 10.6899995803833, 9.699999809265137, 9.75, 10.0, 10.609999656677246, 9.970000267028809, 10.270000457763672, 10.9399995803833, 11.010000228881836, 14.229999542236328, 14.220000267028809, 14.25]
assets:[0, 100.00007225561143, 193.52515, 291.1431514598847, 417.4457, 532.35445, 616.9342046570778, 724.8208386338234, 803.4729048583985, 867.4792315220833, 1025.223717737007, 1177.575686751175, 1317.3047277591706, 1393.2288924662591, 1550.6625808906556, 1567.4854327220917, 1665.3700214624405, 1709.1074227962495, 1785.2038682979585, 2049.796929224968, 2445.286977468014, 2173.3590889573097, 2593.3984596496584, 3065.6135196652413, 2974.794593170452, 2919.41955478611, 2881.9957862285614, 3141.720646087074, 2976.3240238819126, 2775.7223976859095, 2910.370646042347, 3026.318028912735, 3295.362775, 3386.858539356947, 3399.229591712713, 4131.224424181366, 5466.428259765244, 5382.642942316818, 5468.23765126419, 5431.286689920044, 5426.646799986744, 5024.0858012094495, 5149.98315, 5382.034, 5810.338196986676, 5559.856390910912, 5827.154098733139, 6307.309068075658, 6447.667526037598, 8433.360846707918, 8527.434118131543, 8645.423700000001]
shares:[0, 14.3885, 29.7731, 45.3494, 59.6351, 73.4282, 87.6327, 101.6579, 116.1088, 131.2374, 145.4218, 158.9171, 171.9719, 185.2698, 198.0412, 211.5365, 225.05, 239.036, 253.2204, 266.2074, 277.5581, 290.945, 302.6136, 312.8177, 323.6991, 335.1802, 347.2284, 358.6439, 371.1127, 384.9823, 398.6809, 412.3049, 425.2081, 438.1447, 451.4249, 462.6231, 471.2438, 480.1644, 489.1089, 498.2832, 507.6377, 517.947, 528.2034, 538.2034, 547.6285, 557.6586, 567.3957, 576.5365, 585.6192, 592.6466, 599.6789, 606.6964]
growth_rate:69.52
