ticker:SIEB
price:[3.509999990463257, 3.559999942779541, 3.319999933242798, 3.200000047683716, 3.369999885559082, 3.990000009536743, 3.9100000858306885, 3.890000104904175, 3.5899999141693115, 3.609999895095825, 3.7799999713897705, 3.569999933242798, 3.700000047683716, 3.6700000762939453, 4.079999923706055, 4.119999885559082, 4.46999979019165, 4.199999809265137, 4.139999866485596, 3.930000066757202, 3.700000047683716, 8.220000267028809, 5.650000095367432, 5.570000171661377, 5.599999904632568, 4.670000076293945, 4.139999866485596, 5.75, 4.980000019073486, 4.210000038146973, 4.289999961853027, 4.199999809265137, 3.950000047683716, 3.9100000858306885, 4.010000228881836, 3.5399999618530273, 3.799999952316284, 3.9200000762939453, 4.139999866485596, 4.289999961853027, 4.980000019073486, 4.380000114440918, 4.949999809265137, 4.579999923706055, 4.619999885559082, 3.930000066757202, 4.309999942779541, 4.190000057220459, 4.210000038146973, 4.199999809265137, 3.609999895095825, 3.680000066757202]
assets:[0, 100.00004239268303, 193.25852411403656, 286.2732842658043, 401.4815663661957, 575.3448343751669, 663.8089255716562, 760.4133305065633, 801.7697588310718, 906.2363236653805, 1048.9121920609475, 1090.6392636055946, 1230.3543558561803, 1320.3786814487457, 1567.8868506813048, 1683.2580892442702, 1926.2534335874557, 1909.9024532654762, 1982.6181980608465, 1982.0507316682338, 1966.0527453374862, 4467.824965138435, 3170.9501185230733, 3226.05163742342, 3343.4267430617806, 2888.1792931842806, 2660.398690202522, 3794.998275, 3386.798412971497, 2963.136956849098, 3119.443442261696, 3154.0003567671774, 3066.2625870153906, 3135.2116728228566, 3315.396410235405, 3026.8086453831675, 3349.116657974124, 3554.8783331876757, 3854.386657696581, 4094.0383405955313, 4852.5199865852355, 4367.878902124215, 5036.301075939751, 4759.850566710091, 4901.421172588062, 4269.390942522287, 4782.207415510416, 4749.060032855225, 4871.728686142921, 4960.1565147440915, 4363.372578203321, 4547.981074502849]
shares:[0, 28.0899, 58.2104, 89.4604, 119.134, 144.1967, 169.7721, 195.479, 223.3342, 251.035, 277.49, 305.5012, 332.5282, 359.7762, 384.286, 408.5578, 430.9292, 454.7387, 478.8933, 504.3386, 531.3656, 543.531, 561.2301, 579.1834, 597.0405, 618.4538, 642.6084, 659.9997, 680.08, 703.833, 727.143, 750.9525, 776.269, 801.8444, 826.7821, 855.0307, 881.3465, 906.8567, 931.0113, 954.3213, 974.4016, 997.2326, 1017.4346, 1039.2687, 1060.9137, 1086.359, 1109.5609, 1133.4272, 1157.1802, 1180.9897, 1208.6905, 1235.8644]
growth_rate:-10.82
