ticker:SIEN
price:[3.3399999141693115, 3.380000114440918, 3.75, 3.430000066757202, 3.559999942779541, 4.480000019073486, 4.159999847412109, 4.619999885559082, 4.21999979019165, 4.409999847412109, 5.119999885559082, 4.75, 5.409999847412109, 5.550000190734863, 4.545000076293945, 4.21999979019165, 3.9000000953674316, 3.890000104904175, 4.260000228881836, 4.389999866485596, 4.715000152587891, 4.690000057220459, 5.849999904632568, 7.829999923706055, 8.59000015258789, 7.78000020980835, 7.119999885559082, 7.210000038146973, 7.25, 7.269999980926514, 7.179999828338623, 7.170000076293945, 7.070000171661377, 6.829999923706055, 6.860000133514404, 7.195000171661377, 6.815000057220459, 7.059999942779541, 6.960000038146973, 7.059999942779541, 7.440000057220459, 7.539999961853027, 7.28000020980835, 7.980000019073486, 8.420000076293945, 7.360000133514404, 7.480000019073486, 8.25, 7.769999980926514, 6.690000057220459, 5.389999866485596, 6.25]
assets:[0, 100.00000738582611, 210.94687499999998, 292.94601570153236, 404.04895750565527, 608.4659865905285, 665.0042636077881, 838.5382952287674, 865.9376269476413, 1004.9251872291564, 1266.7161316866875, 1275.175975, 1552.3583402160646, 1692.53027816658, 1486.0450419452668, 1479.782172428751, 1467.571205886793, 1563.8080501722336, 1812.550861384964, 1967.8630961507797, 2213.54782113533, 2301.8112250833033, 2971.1289565642833, 4076.741921277046, 4572.440760222244, 4241.279562377358, 3981.4790160050393, 4131.806602860737, 4254.7292, 4366.46667654419, 4412.411454506874, 4506.266177949906, 4543.417541315317, 4489.185467853928, 4608.904123701906, 4933.974245716858, 4773.388918578577, 5044.992651110935, 5073.533787807465, 5246.4292754783155, 5628.815371290779, 5804.471422633553, 5704.3176923974515, 6352.809387184238, 6803.089779643059, 6046.644173689413, 6245.230787924909, 6988.122075, 6681.5403105984215, 5852.832182060051, 4815.510503716135, 5683.848125]
shares:[0, 29.5858, 56.2525, 85.407, 113.4969, 135.8183, 159.8568, 181.5018, 205.1985, 227.8742, 247.4055, 268.4581, 286.9424, 304.9604, 326.9626, 350.6593, 376.3003, 402.0072, 425.4814, 448.2604, 469.4693, 490.7913, 507.8853, 520.6567, 532.2981, 545.1516, 559.1965, 573.0661, 586.8592, 600.6144, 614.542, 628.489, 642.6333, 657.2746, 671.8519, 685.7504, 700.4239, 714.5882, 728.956, 743.1203, 756.5612, 769.8238, 783.5601, 796.0914, 807.9679, 821.5549, 834.9239, 847.0451, 859.9151, 874.8628, 893.4157, 909.4157]
growth_rate:11.45
