ticker:SIFY
price:[1.059999942779541, 1.0499999523162842, 1.100000023841858, 1.0199999809265137, 1.0399999618530273, 1.090000033378601, 1.190000057220459, 1.149999976158142, 1.0399999618530273, 1.1100000143051147, 1.1200000047683716, 1.0700000524520874, 1.1399999856948853, 1.1100000143051147, 1.100000023841858, 1.100000023841858, 1.090000033378601, 1.2699999809265137, 1.590000033378601, 2.4200000762939453, 2.369999885559082, 2.0999999046325684, 2.940000057220459, 4.699999809265137, 3.930000066757202, 3.1500000953674316, 3.940000057220459, 3.799999952316284, 4.099999904632568, 3.5, 3.5999999046325684, 3.759999990463257, 3.069999933242798, 3.009999990463257, 2.799999952316284, 3.009999990463257, 3.0799999237060547, 3.259999990463257, 3.2200000286102295, 3.4100000858306885, 3.7699999809265137, 3.680000066757202, 3.690000057220459, 3.569999933242798, 3.309999942779541, 2.9600000381469727, 3.2300000190734863, 3.3299999237060547, 3.9700000286102295, 3.690000057220459, 3.2100000381469727, 3.4600000381469727]
assets:[0, 100.0000004586935, 204.7619244380951, 289.87012257957457, 395.55379349117277, 514.5708127574801, 661.7791428212643, 739.5343946679353, 768.7962598007202, 920.5422148634792, 1028.8353643802404, 1082.9052160847068, 1253.749412267518, 1320.7560500212312, 1408.8573705361603, 1508.8573827036023, 1595.1404928472994, 1958.5581565854075, 2552.0532445748213, 3984.2571496093747, 4001.937487757206, 3646.0204644230366, 5204.4289672924515, 8420.005008300304, 7140.55781529355, 5823.347846304036, 7383.806357234716, 7221.437449382902, 7891.550666439772, 6836.68965, 7132.023531065894, 7549.002364852953, 6263.680032796168, 6241.2629732254745, 5905.82597942438, 6448.7630415680405, 6698.734030067253, 7190.218488965868, 7201.99503199091, 7726.957553489757, 8642.706483274127, 8536.382074854611, 8659.578851283217, 8477.966226466298, 7960.523382385254, 7218.776461031914, 7977.246035106468, 8324.21925728302, 10024.069437239526, 9417.082358029747, 8292.09585254154, 9037.897585644056]
shares:[0, 95.2381, 186.1472, 284.1864, 380.3402, 472.0833, 556.1169, 643.0734, 739.2272, 829.3173, 918.603, 1012.0609, 1099.7802, 1189.8703, 1280.7794, 1371.6885, 1463.4316, 1542.1718, 1605.0649, 1646.3872, 1688.5813, 1736.2003, 1770.2139, 1791.4905, 1816.9358, 1848.6818, 1874.0625, 1900.3783, 1924.7685, 1953.3399, 1981.1177, 2007.7134, 2040.2867, 2073.5093, 2109.2236, 2142.4462, 2174.9137, 2205.5885, 2236.6444, 2265.9699, 2292.4951, 2319.669, 2346.7693, 2374.7805, 2404.992, 2438.7758, 2469.7356, 2499.7656, 2524.9545, 2552.0548, 2583.2074, 2612.1091]
growth_rate:77.21
