ticker:SIGA
price:[6.590000152587891, 6.449999809265137, 7.460000038146973, 7.039999961853027, 6.829999923706055, 7.039999961853027, 6.860000133514404, 6.820000171661377, 6.389999866485596, 7.179999828338623, 7.610000133514404, 7.320000171661377, 7.079999923706055, 6.980000019073486, 6.960000038146973, 7.349999904632568, 7.340000152587891, 7.269999980926514, 7.650000095367432, 7.269999980926514, 7.019999980926514, 6.460000038146973, 6.800000190734863, 6.409999847412109, 6.369999885559082, 6.320000171661377, 6.650000095367432, 6.949999809265137, 6.820000171661377, 6.699999809265137, 6.619999885559082, 7.099999904632568, 7.260000228881836, 7.159999847412109, 7.170000076293945, 7.329999923706055, 7.03000020980835, 6.940000057220459, 7.050000190734863, 6.610000133514404, 6.650000095367432, 6.369999885559082, 6.349999904632568, 6.050000190734863, 5.710000038146973, 5.880000114440918, 6.050000190734863, 6.369999885559082, 6.269999980926514, 6.320000171661377, 6.46999979019165, 6.400000095367432]
assets:[0, 100.00015204286575, 215.6589031027794, 303.51692635536193, 394.4632305936813, 506.59135725498203, 593.6390295538425, 690.1778793719768, 746.6625383990288, 938.9730935507773, 1095.2068672149658, 1153.4709870500565, 1215.6522709001542, 1298.4817255482196, 1394.7610396445275, 1572.9154145911696, 1670.7756087329865, 1754.8420463960172, 1946.5670042665483, 1949.8750628843306, 1982.8228626126288, 1924.6491293652532, 2125.946619631195, 2104.0170679145813, 2190.887568639374, 2273.6908457571026, 2492.412055743599, 2704.8516607684137, 2754.257751325464, 2805.7957701249125, 2872.293494346237, 3180.556427278662, 3352.231053683853, 3406.057035412979, 3510.814198357582, 3689.15890860157, 3638.170629580164, 3691.5935364372726, 3850.105919163036, 3709.8156439340114, 3832.265379958391, 3770.9067992533683, 3859.067027042627, 3776.7489190673828, 3664.5015854815483, 3873.6023673909185, 4085.5941688041685, 4401.691578920937, 4432.591534515953, 4567.939388072587, 4776.35570911293, 4824.679751893329]
shares:[0, 15.5039, 28.9087, 43.1132, 57.7545, 71.959, 86.5363, 101.1991, 116.8486, 130.7762, 143.9168, 157.578, 171.7023, 186.0289, 200.3967, 214.0021, 227.6261, 241.3813, 254.4532, 268.2084, 282.4534, 297.9333, 312.6392, 328.2398, 343.9384, 359.7612, 374.7988, 389.1873, 403.8501, 418.7755, 433.8812, 447.9657, 461.7398, 475.7063, 489.6533, 503.2959, 517.5207, 531.9299, 546.1143, 561.2429, 576.2805, 591.9791, 607.7271, 624.256, 641.7691, 658.7759, 675.3048, 691.0034, 706.9524, 722.7752, 738.2312, 753.8562]
growth_rate:-5.4
