ticker:SIGI
price:[59.43000030517578, 54.849998474121094, 51.0099983215332, 49.20000076293945, 52.33000183105469, 53.689998626708984, 52.5, 56.33000183105469, 52.060001373291016, 55.27000045776367, 60.619998931884766, 61.93000030517578, 63.779998779296875, 65.30000305175781, 65.76000213623047, 68.0199966430664, 66.8499984741211, 66.9800033569336, 69.2699966430664, 67.91000366210938, 66.94999694824219, 64.9800033569336, 64.72000122070312, 67.72000122070312, 67.16999816894531, 67.83000183105469, 71.23999786376953, 75.97000122070312, 73.7300033569336, 74.41999816894531, 73.33000183105469, 75.51000213623047, 77.48999786376953, 76.7699966430664, 76.13999938964844, 77.43000030517578, 76.5999984741211, 77.5199966430664, 75.2699966430664, 76.26000213623047, 77.11000061035156, 74.47000122070312, 79.8499984741211, 80.9000015258789, 79.52999877929688, 78.55999755859375, 77.94000244140625, 81.3499984741211, 82.80000305175781, 83.69999694824219, 85.18000030517578, 84.69000244140625]
assets:[0, 100.00251721801757, 193.001429649353, 286.15212443733213, 404.3539241485596, 514.8602418308258, 603.4507500000001, 747.4765922973633, 790.8174508609771, 939.5789537818908, 1130.5266080802917, 1254.9557191841125, 1392.4449333496095, 1525.6300912994384, 1636.3784691581727, 1792.619397530365, 1861.7858275039673, 1965.4076345031738, 2132.601532650757, 2190.729181137085, 2259.7632469940186, 2293.2677804725645, 2384.0906849670414, 2594.603810769653, 2673.533852119446, 2799.8054195800783, 3040.5587288246156, 3342.436949707031, 3343.884215247345, 3475.175770495606, 3524.2765530014035, 3729.046353497314, 3926.8288887458802, 3990.343208513641, 4057.5995494735716, 4226.346220657349, 4281.043694721222, 4432.461624056244, 4403.814166596222, 4561.736059785461, 4712.577687301636, 4651.232442242432, 5087.251387786102, 5254.147679100037, 5265.172227185059, 5300.953675262452, 5359.115597869873, 5693.588773205566, 5895.070417274475, 6059.1432190795895, 6266.283758450318, 6330.238922485351]
shares:[0, 1.8232, 3.7836, 5.8161, 7.727, 9.5895, 11.4943, 13.2696, 15.1905, 16.9998, 18.6494, 20.2641, 21.832, 23.3634, 24.8841, 26.3543, 27.8502, 29.3432, 30.7868, 32.2593, 33.753, 35.2919, 36.837, 38.3137, 39.8025, 41.2768, 42.6805, 43.9968, 45.3531, 46.6968, 48.0605, 49.3848, 50.6753, 51.9779, 53.2913, 54.5828, 55.8883, 57.1783, 58.5069, 59.8182, 61.115, 62.4578, 63.7101, 64.9462, 66.2036, 67.4765, 68.7595, 69.9888, 71.1965, 72.3912, 73.5652, 74.746]
growth_rate:24.12
