ticker:SIGIP
price:[25.799999237060547, 25.610000610351562, 25.770000457763672, 25.700000762939453, 25.84000015258789, 25.309999465942383, 25.15999984741211, 24.979999542236328, 24.75, 24.700000762939453, 24.69099998474121, 24.43000030517578, 23.81999969482422, 24.030000686645508, 24.489999771118164, 24.639999389648438, 24.860000610351562, 24.989999771118164, 25.100000381469727, 25.18000030517578, 25.229999542236328, 25.010000228881836, 25.270000457763672, 25.049999237060547, 25.25, 25.219999313354492, 25.25, 25.25, 25.3700008392334, 25.450000762939453, 25.618000030517578, 25.809999465942383, 25.850000381469727, 25.860000610351562, 26.049999237060547, 26.200000762939453, 26.200000762939453, 26.200000762939453, 26.239999771118164, 26.02199935913086, 26.0]
assets:[0, 99.99936938323975, 200.62460756378172, 300.0809189083099, 401.71639437217715, 493.4766525873184, 590.5530004184724, 686.3279854228973, 780.0086249999999, 878.4332971332551, 978.1142115955352, 1067.7742383384705, 1141.1137593803408, 1251.174851751709, 1375.1257321481705, 1483.5472592514038, 1596.7926432037352, 1705.1426543827058, 1812.6492375486375, 1918.426453250885, 2022.2349233093262, 2104.601523260498, 2226.481619332504, 2307.097414733505, 2425.517525, 2522.635475318146, 2625.6364000000003, 2725.6365, 2838.5910428998945, 2947.5427383613583, 3066.99977265358, 3189.9868839931487, 3294.9315236234665, 3396.206810157776, 3521.160161874008, 3641.435926037979, 3741.4360889499662, 3841.4362518619537, 3947.3015335691452, 4014.50752033081, 4111.1148]
shares:[0, 3.9047, 7.7852, 11.6763, 15.5463, 19.4973, 23.4719, 27.4751, 31.5155, 35.5641, 39.6142, 43.7075, 47.9057, 52.0672, 56.1505, 60.2089, 64.2314, 68.233, 72.2171, 76.1885, 80.152, 84.1504, 88.1077, 92.0997, 96.0601, 100.0252, 103.9856, 107.946, 111.8877, 115.817, 119.7205, 123.595, 127.4635, 131.3305, 135.1693, 138.9861, 142.8029, 146.6197, 150.4307, 154.2736, 158.1198]
growth_rate:2.78
