ticker:SILC
price:[32.47999954223633, 33.349998474121094, 31.649999618530273, 32.34000015258789, 31.399999618530273, 33.400001525878906, 35.72999954223633, 36.459999084472656, 37.209999084472656, 37.33000183105469, 36.400001525878906, 37.02000045776367, 38.83000183105469, 39.93000030517578, 39.619998931884766, 42.040000915527344, 41.290000915527344, 41.849998474121094, 45.97999954223633, 44.36000061035156, 44.70000076293945, 44.18000030517578, 44.349998474121094, 48.900001525878906, 51.689998626708984, 50.869998931884766, 48.56999969482422, 49.060001373291016, 46.47999954223633, 45.31999969482422, 45.86000061035156, 45.34000015258789, 45.5, 44.720001220703125, 42.790000915527344, 41.650001525878906, 40.4900016784668, 40.400001525878906, 40.97999954223633, 43.11000061035156, 42.88999938964844, 45.900001525878906, 43.38999938964844, 43.29999923706055, 42.29999923706055, 41.56999969482422, 42.099998474121094, 44.88999938964844, 43.9900016784668, 44.22999954223633, 43.029998779296875, 44.5]
assets:[0, 99.99997042465209, 194.90386265087128, 299.1514694114685, 390.45585525646214, 515.3252835426331, 651.275712656021, 764.5807648010255, 880.3067163406373, 983.1453262237549, 1058.6540043785096, 1176.684416550064, 1334.2143949157714, 1472.0114752502443, 1560.5842139282229, 1755.9057382392882, 1824.580366456604, 1949.3268939262389, 2241.6997016822816, 2262.7193471328733, 2380.0604806228635, 2452.374382939911, 2561.811136859894, 2924.6357412605284, 3191.5007542087556, 3240.8716749515534, 3194.3420259292598, 3326.5673591175077, 3251.6292159759523, 3270.4769899772646, 3409.443401376343, 3470.7860796806335, 3583.034, 3621.609050857544, 3565.3099452827455, 3570.3255958015443, 3570.886130027008, 3662.9469383468627, 3815.5330133789066, 4113.849406243897, 4192.853427333069, 4587.103862491607, 4436.26296159668, 4527.062550233841, 4522.512878430176, 4544.465622637939, 4702.405639565277, 5114.039312466431, 5111.5062250328065, 5239.392862774276, 5197.245009561157, 5474.79495]
shares:[0, 2.9985, 6.1581, 9.2502, 12.4349, 15.4289, 18.2277, 20.9704, 23.6578, 26.3366, 29.0839, 31.7851, 34.3604, 36.8648, 39.3888, 41.7675, 44.1894, 46.5789, 48.7538, 51.0081, 53.2452, 55.5087, 57.7635, 59.8085, 61.7431, 63.7089, 65.7678, 67.8061, 69.9576, 72.1641, 74.3446, 76.5502, 78.748, 80.9841, 83.3211, 85.7221, 88.1918, 90.667, 93.1072, 95.4268, 97.7583, 99.9369, 102.2416, 104.5511, 106.9152, 109.3208, 111.6961, 113.9238, 116.197, 118.4579, 120.7819, 123.0291]
growth_rate:7.35
