ticker:SILK
price:[57.83000183105469, 61.310001373291016, 69.61000061035156, 67.08000183105469, 65.44999694824219, 66.44000244140625, 65.43000030517578, 61.88999938964844, 60.599998474121094, 69.94000244140625, 61.81999969482422, 59.540000915527344, 57.5, 57.5099983215332, 57.369998931884766, 60.2400016784668, 64.70999908447266, 62.97999954223633, 60.52000045776367, 59.810001373291016, 60.33000183105469, 54.529998779296875, 61.63999938964844, 59.9900016784668, 55.70000076293945, 54.77000045776367, 52.97999954223633, 52.86000061035156, 49.119998931884766, 47.779998779296875, 51.099998474121094, 50.13999938964844, 52.970001220703125, 58.5, 61.13999938964844, 51.310001373291016, 47.95000076293945, 47.150001525878906, 48.58000183105469, 44.65999984741211, 47.27000045776367, 49.869998931884766, 52.59000015258789, 46.83000183105469, 46.349998474121094, 45.54999923706055, 47.849998474121094, 50.18000030517578, 51.540000915527344, 49.810001373291016, 48.779998779296875, 55.029998779296875]
assets:[0, 100.00274323997498, 213.5425988723755, 305.78418834686283, 398.3548614257813, 504.3792785339355, 596.7150597831726, 664.4324664474487, 750.5855211006165, 966.2700917297364, 954.0866012901306, 1018.8961276672363, 1083.98425, 1184.1711224391936, 1281.290082144928, 1445.3865522727967, 1652.6416086181641, 1708.4584475822448, 1741.7232491741179, 1821.2922948184967, 1937.1299957931517, 1850.9008425659179, 2192.2327422927856, 2233.5477424926758, 2173.8206397754666, 2237.524305701065, 2264.396968434906, 2359.268691241455, 2292.341934152985, 2329.805298477173, 2591.689722610474, 2642.9997038269044, 2892.1779576507565, 3294.11745, 3542.7756066329957, 3073.1714842521665, 2971.9266622867585, 3022.3433878097535, 3214.00919914093, 3054.663601563263, 3333.18263127861, 3616.517465541458, 3913.768847355652, 3585.1082541778565, 3648.361334893036, 3685.3912232715606, 3971.482883354187, 4264.868477937317, 4480.454743588257, 4430.061674139404, 4438.453064929199, 5107.136078710937]
shares:[0, 1.6311, 3.0677, 4.5585, 6.0864, 7.5915, 9.1199, 10.7357, 12.3859, 13.8157, 15.4333, 17.1128, 18.8519, 20.5907, 22.3338, 23.9938, 25.5392, 27.127, 28.7793, 30.4513, 32.1089, 33.9428, 35.5651, 37.232, 39.0273, 40.8531, 42.7406, 44.6324, 46.6682, 48.7611, 50.718, 52.7124, 54.6003, 56.3097, 57.9453, 59.8942, 61.9797, 64.1006, 66.1591, 68.3982, 70.5137, 72.5189, 74.4204, 76.5558, 78.7133, 80.9087, 82.9986, 84.9914, 86.9316, 88.9392, 90.9892, 92.8064]
growth_rate:0.14
