ticker:SIMO
price:[36.5099983215332, 35.56999969482422, 37.880001068115234, 38.310001373291016, 36.970001220703125, 41.90999984741211, 42.400001525878906, 39.599998474121094, 37.7400016784668, 37.41999816894531, 36.93000030517578, 36.900001525878906, 39.619998931884766, 44.40999984741211, 44.0099983215332, 46.0, 44.91999816894531, 48.150001525878906, 47.189998626708984, 49.41999816894531, 51.130001068115234, 49.40999984741211, 59.59000015258789, 63.56999969482422, 61.68000030517578, 59.439998626708984, 58.689998626708984, 62.91999816894531, 63.290000915527344, 58.90999984741211, 63.5, 69.3499984741211, 66.62999725341797, 68.27999877929688, 71.81999969482422, 68.19000244140625, 65.44999694824219, 63.84000015258789, 65.97000122070312, 66.30000305175781, 64.54000091552734, 62.75, 63.33000183105469, 62.119998931884766, 64.11000061035156, 61.209999084472656, 61.9900016784668, 74.98999786376953, 80.0, 75.08000183105469, 69.88999938964844, 74.02999877929688]
assets:[0, 100.00149714202881, 206.49524982261656, 308.8399070709229, 398.0375181427002, 551.2254639930725, 657.6706636680603, 714.2414124786377, 780.693448720932, 874.0750272293091, 962.6284669548035, 1061.845513909149, 1240.1178525676728, 1490.044314880371, 1576.6229818702698, 1747.9126, 1806.875482347107, 2036.798029546356, 2096.1891769981385, 2295.2475689590456, 2474.6664866962433, 2491.420186306, 3104.728392950058, 3412.094305619812, 3410.65112887497, 3386.7900737522123, 3444.058237412262, 3792.2826696395878, 3914.5814916267395, 3743.671580303192, 4135.3613000000005, 4616.33812842865, 4535.277371049499, 4747.590251123047, 5093.7329303558345, 4936.281095733643, 4837.932874420167, 4818.924107518005, 5079.703287994385, 5205.113789588928, 5166.936939295197, 5123.631625, 5270.987717399597, 5270.279345380783, 5539.110463734436, 5388.548817402649, 5557.217680469514, 6822.627500644684, 7378.4400000000005, 7024.665163317871, 6639.074690020752, 7132.346202392578]
shares:[0, 2.8114, 5.4513, 8.0616, 10.7665, 13.1526, 15.5111, 18.0364, 20.6861, 23.3585, 26.0663, 28.7763, 31.3003, 33.552, 35.8242, 37.9981, 40.2243, 42.3011, 44.4202, 46.4437, 48.3995, 50.4234, 52.1015, 53.6746, 55.2959, 56.9783, 58.6822, 60.2715, 61.8515, 63.549, 65.1238, 66.5658, 68.0666, 69.5312, 70.9236, 72.3901, 73.918, 75.4844, 77.0002, 78.5085, 80.0579, 81.6515, 83.2305, 84.8403, 86.4001, 88.0338, 89.647, 90.9805, 92.2305, 93.5624, 94.9932, 96.344]
growth_rate:39.85
