ticker:SINO
price:[1.7000000476837158, 1.590000033378601, 1.649999976158142, 1.6699999570846558, 1.5800000429153442, 1.649999976158142, 1.7200000286102295, 1.600000023841858, 1.850000023841858, 1.909999966621399, 2.740000009536743, 2.4800000190734863, 2.1600000858306885, 2.8499999046325684, 2.2699999809265137, 2.180000066757202, 2.069999933242798, 2.059999942779541, 2.4800000190734863, 3.1500000953674316, 3.2699999809265137, 5.869999885559082, 6.679999828338623, 7.710000038146973, 10.5, 6.460000038146973, 4.630000114440918, 8.0, 8.4399995803833, 6.159999847412109, 6.550000190734863, 5.889999866485596, 4.960000038146973, 4.659999847412109, 4.739999771118164, 4.099999904632568, 3.4700000286102295, 3.640000104904175, 3.740000009536743, 3.5899999141693115, 3.7899999618530273, 3.5999999046325684, 3.369999885559082, 3.2100000381469727, 3.1600000858306885, 2.740000009536743, 2.619999885559082, 2.5999999046325684, 2.9100000858306885, 2.869999885559082, 2.7699999809265137, 2.9700000286102295]
assets:[0, 100.00003109928369, 203.77367705554963, 306.24359013020995, 389.73940058594945, 507.00638267395493, 628.5157024546385, 684.6657702023148, 891.644881491065, 1020.5630241649388, 1564.0539294437885, 1515.6401076566697, 1420.0736964286566, 1973.7081539552687, 1672.0413529508114, 1705.74911823442, 1719.679147540593, 1811.3715456856728, 2280.680433540535, 2996.8319707302094, 3210.9967552706717, 5864.082925674438, 6773.26665394187, 7917.648072174358, 10882.789050000001, 6795.506600128173, 4970.463931856251, 8688.2744, 9266.128683310126, 6862.95685399933, 7397.4627954128255, 6752.069081944227, 5785.953132499313, 5535.9959387283325, 5731.034183263779, 5057.22360236721, 4380.138008114338, 4694.7268993012185, 4923.702906555104, 4826.2282316132305, 5195.098862710475, 5034.658546627093, 4812.999799556637, 4684.489480669498, 4711.522523972535, 4185.3075445672275, 4102.009108825302, 4170.695987019777, 4767.971702631712, 4802.4322265035635, 4735.100292395353, 5176.984774870276]
shares:[0, 62.8931, 123.4992, 183.3794, 246.6705, 307.2766, 365.4161, 427.9161, 481.9702, 534.3262, 570.8226, 611.1452, 657.4415, 692.5292, 736.5821, 782.4537, 830.7629, 879.3066, 919.6292, 951.3752, 981.9562, 998.992, 1013.9621, 1026.9323, 1036.4561, 1051.936, 1073.5343, 1086.0343, 1097.8826, 1114.1164, 1129.3836, 1146.3615, 1166.5228, 1187.982, 1209.079, 1233.4692, 1262.2876, 1289.7601, 1316.4981, 1344.3533, 1370.7385, 1398.5163, 1428.1899, 1459.3425, 1490.9881, 1527.4845, 1565.6524, 1604.1139, 1638.4782, 1673.3214, 1709.4225, 1743.0925]
growth_rate:1.51
