ticker:SINT
price:[1.5099999904632568, 1.7200000286102295, 2.0199999809265137, 1.75, 2.130000114440918, 1.9600000381469727, 1.8899999856948853, 1.8300000429153442, 1.649999976158142, 1.75, 1.7599999904632568, 1.850000023841858, 1.899999976158142, 2.0399999618530273, 1.8600000143051147, 1.7200000286102295, 1.7200000286102295, 1.5700000524520874, 1.7000000476837158, 1.7599999904632568, 1.9299999475479126, 1.7999999523162842, 2.140000104904175, 2.950000047683716, 2.809999942779541, 2.049999952316284, 1.8799999952316284, 2.240000009536743, 2.0799999237060547, 1.840000033378601, 1.899999976158142, 1.8200000524520874, 1.590000033378601, 1.5499999523162842, 1.5099999904632568, 1.4299999475479126, 1.3700000047683716, 1.4600000381469727, 1.4500000476837158, 1.6299999952316284, 1.559999942779541, 1.5800000429153442, 1.6799999475479126, 1.7400000095367432, 1.6699999570846558, 1.4700000286102295, 1.600000023841858, 1.7000000476837158, 1.4800000190734863, 1.3899999856948853, 1.4299999475479126, 1.409999966621399]
assets:[0, 99.99994166338443, 217.44188794684408, 288.37795, 450.99727823123936, 515.0021620233535, 596.6093024843573, 677.6693288920284, 711.0133697261333, 854.1051749999999, 958.9858028036356, 1108.0249542796612, 1237.9715844655036, 1429.1905172748566, 1403.0854307910204, 1397.4768032454251, 1497.4767449088097, 1466.88292000705, 1688.3445073567868, 1847.933109986782, 2126.4266572095753, 2083.195924814153, 2576.688740310931, 3651.9773390304563, 3578.663063127136, 2710.768441946578, 2585.973081441021, 3181.159533543706, 3053.933679982376, 2801.556818821764, 2992.9118824439047, 2966.8947435053947, 2691.9575065118074, 2724.235121192479, 2753.932395606923, 2708.0286526700975, 2694.4051763780476, 2971.4098896371843, 3051.057765335012, 3529.8096516739606, 3478.2226724195484, 3622.8154364014986, 3952.1073086093543, 4193.254210982752, 4124.559882007838, 3730.600764607716, 4160.517821996546, 4520.550196798014, 4035.5378080079554, 3890.1333289648887, 4102.079545536613, 4144.707873883295]
shares:[0, 58.1395, 107.6445, 164.7874, 211.7358, 262.7562, 315.6663, 370.3111, 430.9172, 488.0601, 544.8783, 598.9324, 651.564, 700.5836, 754.347, 812.4865, 870.626, 934.3203, 993.1438, 1049.962, 1101.7755, 1157.3311, 1204.0601, 1237.9584, 1273.5456, 1322.3261, 1375.5176, 1420.1605, 1468.2374, 1522.5852, 1575.2168, 1630.1619, 1693.055, 1757.5711, 1823.7963, 1893.7264, 1966.7191, 2035.2122, 2104.1777, 2165.5274, 2229.63, 2292.9211, 2352.4449, 2409.9162, 2469.7964, 2537.8236, 2600.3236, 2659.1471, 2726.7147, 2798.6571, 2868.5872, 2939.5092]
growth_rate:-18.73
