ticker:SIOX
price:[2.9700000286102295, 3.0999999046325684, 4.090000152587891, 4.71999979019165, 4.519999980926514, 3.990000009536743, 3.759999990463257, 3.5, 2.130000114440918, 1.909999966621399, 2.140000104904175, 2.25, 2.490000009536743, 2.630000114440918, 2.5299999713897705, 2.9000000953674316, 2.809999942779541, 2.7799999713897705, 3.049999952316284, 2.859999895095825, 2.799999952316284, 2.5299999713897705, 3.009999990463257, 3.309999942779541, 3.1500000953674316, 2.640000104904175, 2.509999990463257, 2.819999933242798, 2.700000047683716, 2.5399999618530273, 2.8499999046325684, 2.6700000762939453, 2.450000047683716, 2.5299999713897705, 2.799999952316284, 2.6700000762939453, 2.140000104904175, 2.190000057220459, 2.2799999713897705, 2.180000066757202, 2.490000009536743, 2.700000047683716, 2.890000104904175, 2.5999999046325684, 2.5, 2.2699999809265137, 2.3499999046325684, 2.0399999618530273, 2.0299999713897705, 2.0299999713897705, 1.809999942779541, 2.200000047683716]
assets:[0, 100.00010692362785, 231.93572865295408, 367.6615516571045, 452.0827140923023, 499.0731911928654, 570.3043905534984, 630.86835, 483.92857100057597, 533.9452656689286, 698.2424442282914, 834.133275, 1023.1073889185191, 1180.6315103735924, 1235.7405360257626, 1516.4616698693278, 1569.3990180420876, 1652.6438189918993, 1913.1524250897646, 1893.9722965295077, 1954.238686719513, 1865.7942719008686, 2319.7789996501206, 2650.9862361720084, 2622.8419094075202, 2298.191371321917, 2285.022667318058, 2667.236588859129, 2653.7371668666838, 2596.4786390048025, 3013.371589165783, 2923.053605524826, 2782.2026591492895, 2973.0500243795873, 3390.3320622629885, 3332.9239822366717, 2771.3324498524908, 2936.083144714165, 3156.7438643880846, 3118.290407490063, 3661.7168240244387, 4070.536271888256, 4456.981570784068, 4109.7408092556, 4051.674, 3778.9200432479383, 4012.097732181501, 3582.842345002651, 3665.279440342617, 3765.279471933246, 3457.219531705141, 4302.145413246489]
shares:[0, 32.2581, 56.708, 77.8944, 100.0183, 125.081, 151.6767, 180.2481, 227.1965, 279.5525, 326.2815, 370.7259, 410.8865, 448.9093, 488.435, 522.9178, 558.505, 594.4762, 627.2631, 662.2281, 697.9424, 737.4681, 770.6907, 800.9022, 832.6482, 870.527, 910.3676, 945.8286, 982.8656, 1022.2357, 1057.3234, 1094.7766, 1135.5929, 1175.1186, 1210.8329, 1248.2861, 1295.0151, 1340.6772, 1384.5368, 1430.4084, 1470.569, 1507.606, 1542.2081, 1580.6696, 1620.6696, 1664.7225, 1707.2757, 1756.2953, 1805.5564, 1854.8175, 1910.0661, 1955.5206]
growth_rate:-15.64
