ticker:SIRI
price:[5.71999979019165, 5.480000019073486, 5.159999847412109, 5.119999885559082, 5.559999942779541, 5.840000152587891, 5.840000152587891, 5.980000019073486, 5.730000019073486, 6.03000020980835, 6.269999980926514, 6.420000076293945, 6.550000190734863, 6.340000152587891, 6.420000076293945, 6.309999942779541, 6.309999942779541, 6.369999885559082, 5.909999847412109, 5.800000190734863, 5.96999979019165, 6.260000228881836, 6.110000133514404, 6.090000152587891, 6.010000228881836, 5.849999904632568, 5.889999866485596, 6.159999847412109, 6.079999923706055, 6.21999979019165, 6.269999980926514, 6.349999904632568, 6.309999942779541, 6.380000114440918, 6.099999904632568, 6.039999961853027, 5.909999847412109, 5.949999809265137, 6.25, 6.46999979019165, 6.739999771118164, 6.300000190734863, 6.519999980926514, 6.630000114440918, 6.559999942779541, 6.389999866485596, 6.429999828338623, 6.46999979019165, 6.5, 6.03000020980835, 6.300000190734863, 6.25]
assets:[0, 100.0001363480568, 194.16047425842285, 292.65560945863723, 417.80563970017437, 538.84630207901, 638.8463766918183, 754.1611244054318, 822.6326097383022, 965.7021216007232, 1104.1382186411859, 1230.5528726236344, 1355.4707944710733, 1412.013133983612, 1529.8301641801834, 1603.6183374580382, 1703.6185855512142, 1819.8178763058663, 1788.4025958259583, 1855.1161410060884, 2009.4899893789293, 2207.1033046974185, 2254.217339258671, 2346.838804801178, 2416.0098750101088, 2451.689915032244, 2568.453419778347, 2786.1925709838865, 2850.008476237106, 3015.6337902789114, 3139.875542448425, 3279.9375107402807, 3359.276754537344, 3496.543112719059, 3443.0894361707215, 3509.2230658367157, 3533.693515764999, 3657.6100627506253, 3942.0274999999997, 4180.787052425956, 4455.255776705169, 4264.40838910656, 4513.323938796807, 4689.4693589452745, 4739.957478655099, 4717.123461439132, 4846.65159360919, 4976.802125612879, 5099.87855, 4831.117980094337, 5147.436575840568, 5206.58375]
shares:[0, 18.2482, 37.628, 57.1593, 75.1449, 92.2682, 109.3915, 126.1139, 143.5659, 160.1496, 176.0986, 191.6749, 206.9421, 222.715, 238.2913, 254.1392, 269.9871, 285.6857, 302.6062, 319.8476, 336.598, 352.5724, 368.939, 385.3594, 401.9983, 419.0923, 436.0702, 452.304, 468.7514, 484.8286, 500.7776, 516.5256, 532.3735, 548.0475, 564.4409, 580.9972, 597.9177, 614.7244, 630.7244, 646.1804, 661.0172, 676.8902, 692.2276, 707.3106, 722.5545, 738.204, 753.7561, 769.2121, 784.5967, 801.1804, 817.0534, 833.0534]
growth_rate:2.09
