ticker:SITM
price:[69.3499984741211, 63.97999954223633, 72.70999908447266, 78.2699966430664, 86.69999694824219, 85.9000015258789, 92.47000122070312, 93.30000305175781, 83.48999786376953, 103.5, 93.98999786376953, 82.30000305175781, 88.26000213623047, 103.79000091552734, 102.5999984741211, 113.0999984741211, 106.8499984741211, 111.93000030517578, 120.6500015258789, 136.5, 138.44000244140625, 122.05000305175781, 131.0, 144.1699981689453, 123.80999755859375, 97.43000030517578, 96.41999816894531, 100.0, 102.9000015258789, 100.02999877929688, 105.30000305175781, 99.73999786376953, 99.38999938964844, 100.31999969482422, 92.55000305175781, 90.62999725341797, 84.33999633789062, 88.36000061035156, 98.33000183105469, 100.05000305175781, 112.44999694824219, 119.44000244140625, 125.51000213623047, 121.83000183105469, 117.66999816894531, 117.29000091552734, 128.02000427246094, 135.63999938964844, 187.58999633789062, 202.7899932861328, 206.3800048828125, 205.8000030517578]
assets:[0, 100.00073928451538, 213.643790309906, 329.9784788475037, 465.51829361419675, 561.2190699691773, 704.1405652954102, 810.4598065093994, 825.2401858848572, 1123.02675, 1119.8344305480957, 1080.5578900680541, 1258.808280467987, 1580.3065539398194, 1662.1917952796937, 1932.3021639305116, 1925.5224525024416, 2117.066411772156, 2381.992980125427, 2794.9194, 2934.6373277526855, 2687.199327191162, 2984.2586, 3384.275371017456, 3006.3419797180177, 2465.78767672348, 2540.223419760132, 2734.54, 2913.839923208618, 2932.569471212769, 3187.0730723663332, 3118.7899412017823, 3207.8420473007204, 3337.8570618461613, 3179.333234835816, 3213.377182617188, 3090.360843814087, 3337.657647055054, 3814.2601030273436, 3980.9796164291383, 4574.375915856934, 4958.718917358398, 5310.717271390533, 5255.003115980529, 5175.56189846344, 5258.849668048859, 5839.93974289856, 6287.537915707398, 8795.663471292115, 9608.352113891602, 9878.440847717286, 9950.677107556152]
shares:[0, 1.563, 2.9383, 4.2159, 5.3693, 6.5334, 7.6148, 8.6866, 9.8843, 10.8505, 11.9144, 13.1295, 14.2625, 15.226, 16.2007, 17.0849, 18.0208, 18.9142, 19.743, 20.4756, 21.1979, 22.0172, 22.7806, 23.4742, 24.2819, 25.3083, 26.3454, 27.3454, 28.3172, 29.3169, 30.2666, 31.2692, 32.2753, 33.2721, 34.3526, 35.456, 36.6417, 37.7734, 38.7904, 39.7899, 40.6792, 41.5164, 42.3131, 43.1339, 43.9837, 44.8363, 45.6174, 46.3546, 46.8877, 47.3808, 47.8653, 48.3512]
growth_rate:95.11
