ticker:SIVBP
price:[26.200000762939453, 26.670000076293945, 26.610000610351562, 26.700000762939453, 27.18000030517578, 26.75, 26.59000015258789, 26.639999389648438, 25.979999542236328, 26.350000381469727, 26.600000381469727, 26.899999618530273, 27.114999771118164, 26.68000030517578, 26.6200008392334, 26.989999771118164, 26.950000762939453, 26.8799991607666, 26.489999771118164, 26.549999237060547, 26.559999465942383, 26.760000228881836, 26.399999618530273, 26.260000228881836, 26.200000762939453, 25.670000076293945, 26.020000457763672, 26.389999389648438, 26.1299991607666, 26.18000030517578, 26.459999084472656, 27.200000762939453, 27.40999984741211, 27.270000457763672, 26.709999084472656, 26.799999237060547, 26.3700008392334, 26.719999313354492, 26.559999465942383, 26.610000610351562, 26.81999969482422, 26.90999984741211, 26.8799991607666, 27.239999771118164, 27.450000762939453, 27.44099998474121, 27.059999465942383, 27.020000457763672, 27.270000457763672, 26.920000076293945, 26.860000610351562, 27.045000076293945]
assets:[0, 99.99916528606414, 199.77457958221436, 300.4497685852051, 405.8517645568848, 499.43052500000005, 596.4429524227143, 697.5657200180053, 780.2833062515258, 891.3967979047775, 999.8541143388749, 1111.1313842430113, 1220.0122997016906, 1300.4392428749084, 1397.5154380586623, 1516.9405491359712, 1614.6931257110596, 1710.4979945957184, 1785.680288571167, 1889.7254006969454, 1990.4382319770812, 2105.425974007988, 2177.102368541717, 2265.5578857465744, 2360.3816487339022, 2412.633462170601, 2545.5288387828828, 2681.7253479766846, 2755.303891506195, 2860.576059345245, 2991.1705965042115, 3174.8248890514374, 3299.336199633026, 3382.483592779541, 3413.022380013275, 3524.5214996643067, 3567.971867551804, 3715.327728524208, 3793.0813317302704, 3900.222467459106, 4031.003042132568, 4144.530171499252, 4239.908603623771, 4396.693955057144, 4530.589685922241, 4629.104610425949, 4664.832717934608, 4757.938370607376, 4901.9598372859955, 4939.044717997742, 5028.036326254272, 5162.666041063881]
shares:[0, 3.7495, 7.5075, 11.2528, 14.932, 18.6703, 22.4311, 26.1849, 30.034, 33.8291, 37.5885, 41.306, 44.994, 48.7421, 52.4987, 56.2038, 59.9144, 63.6346, 67.4096, 71.1761, 74.9412, 78.6781, 82.466, 86.2741, 90.0909, 93.9865, 97.8297, 101.619, 105.446, 109.2657, 113.045, 116.7215, 120.3698, 124.0368, 127.7807, 131.512, 135.3042, 139.0467, 142.8118, 146.5698, 150.2984, 154.0145, 157.7347, 161.4058, 165.0488, 168.693, 172.3885, 176.0895, 179.7565, 183.4712, 187.1942, 190.8917]
growth_rate:1.23
