ticker:SIVB
price:[259.7300109863281, 248.58999633789062, 246.3699951171875, 229.58999633789062, 245.64999389648438, 274.6400146484375, 273.2099914550781, 296.3800048828125, 290.70001220703125, 313.3699951171875, 345.9100036621094, 356.94000244140625, 353.7900085449219, 358.32000732421875, 349.8999938964844, 357.79998779296875, 375.989990234375, 387.8299865722656, 424.0299987792969, 461.42999267578125, 480.1499938964844, 437.7799987792969, 490.9100036621094, 506.5, 540.4000244140625, 505.3599853515625, 507.8800048828125, 548.5700073242188, 544.6099853515625, 491.9800109863281, 483.3299865722656, 497.69000244140625, 518.9400024414062, 564.219970703125, 571.8300170898438, 587.97998046875, 578.4199829101562, 569.8699951171875, 582.8900146484375, 596.0599975585938, 561.7899780273438, 530.9600219726562, 564.7100219726562, 565.2100219726562, 575.239990234375, 561.760009765625, 570.8699951171875, 549.9600219726562, 589.7000122070312, 581.72998046875, 550.9500122070312, 574.47998046875]
assets:[0, 100.00775552673339, 199.11623005371095, 285.5640374450684, 405.54357492370605, 553.3996295166016, 650.512989654541, 805.6794052734375, 890.2397173828124, 1059.6606384887696, 1269.6972594421386, 1410.1985616455079, 1497.7700011749268, 1616.9548650512695, 1678.9601307128905, 1816.872558013916, 2009.2529088134763, 2172.5072357818603, 2475.2751178741455, 2793.5894616577148, 3006.9393367767334, 2841.586194076538, 3286.4461105163577, 3490.7980000000002, 3824.4109727783202, 3676.443357434082, 3794.7778204833985, 4198.809693060302, 4268.489682189941, 3956.011268341065, 3986.4573962493896, 4204.883292626953, 4484.420031097412, 4975.686655639648, 5142.810441699219, 5388.072147021485, 5400.476012438965, 5420.660380554199, 5644.532034851074, 5872.085065948486, 5634.472584625244, 5425.243312512207, 5870.104207403564, 5975.287310290527, 6181.2988390625, 6136.441642675782, 6335.971901806641, 6203.879023864746, 6752.18307977295, 6760.924006005859, 6503.193564086914, 6880.948862060547]
shares:[0, 0.4023, 0.8082, 1.2438, 1.6509, 2.015, 2.381, 2.7184, 3.0624, 3.3815, 3.6706, 3.9508, 4.2335, 4.5126, 4.7984, 5.0779, 5.3439, 5.6017, 5.8375, 6.0542, 6.2625, 6.4909, 6.6946, 6.892, 7.077, 7.2749, 7.4718, 7.6541, 7.8377, 8.041, 8.2479, 8.4488, 8.6415, 8.8187, 8.9936, 9.1637, 9.3366, 9.5121, 9.6837, 9.8515, 10.0295, 10.2178, 10.3949, 10.5718, 10.7456, 10.9236, 11.0988, 11.2806, 11.4502, 11.6221, 11.8036, 11.9777]
growth_rate:34.92
