ticker:SJ
price:[6.190999984741211, 5.949999809265137, 5.994999885559082, 6.0, 5.909999847412109, 6.139999866485596, 5.800000190734863, 5.985000133514404, 5.925000190734863, 6.199999809265137, 8.380000114440918, 9.720000267028809, 9.057999610900879, 8.6850004196167, 8.680000305175781, 9.414999961853027, 9.553000450134277, 8.65999984741211, 9.229999542236328, 9.156000137329102, 9.104999542236328, 9.170000076293945, 9.84000015258789, 9.899999618530273, 9.949999809265137, 9.699999809265137, 10.260000228881836, 9.079999923706055, 9.199999809265137, 7.449999809265137, 8.100000381469727, 10.220000267028809, 8.569999694824219, 9.699999809265137, 8.529999732971191, 8.8100004196167, 7.119999885559082, 7.090000152587891, 8.180000305175781, 8.0, 7.820000171661377, 6.400000095367432, 6.760000228881836, 6.179999828338623, 5.849999904632568, 6.440000057220459, 5.829999923706055, 5.699999809265137, 5.059999942779541, 5.039999961853027, 4.309999942779541, 4.449999809265137]
assets:[0, 99.99986179437637, 200.75635966768263, 300.92400000000004, 396.41028476524355, 511.83714287009235, 583.4945191884041, 702.1057521626949, 795.0668880944253, 931.9684713292122, 1359.660884568119, 1677.0771820728303, 1662.8566989696503, 1694.3819183642386, 1793.4061110534667, 2045.2665752131463, 2175.2449508968352, 2071.905829493332, 2308.2779745204925, 2389.7718874437332, 2476.460630993271, 2594.1398355831147, 2883.678956716919, 3001.262104354477, 3116.4205352602958, 3138.118718293953, 3419.288716278076, 3126.036949733734, 3267.3504922611237, 2745.8434497009275, 3085.4140753076554, 3992.9541043281556, 3448.2987792068484, 4002.9755512879374, 3620.1421226726534, 3838.9744218487735, 3202.5531645248416, 3289.0595787857055, 3894.7116433021547, 3909.0088, 3921.0560020733833, 3309.0483693086626, 3595.182413726616, 3386.7196279273508, 3305.8753111072065, 3739.2887892241956, 3485.1016623924256, 3507.3894326348304, 3213.5771216596127, 3300.8753990161895, 2922.772586196661, 3117.711696369362]
shares:[0, 16.8067, 33.4873, 50.154, 67.0745, 83.3611, 100.6025, 117.3109, 134.1885, 150.3175, 162.2507, 172.5388, 183.5788, 195.0929, 206.6136, 217.2349, 227.7028, 239.2501, 250.0843, 261.0061, 271.9891, 282.8942, 293.0568, 303.1578, 313.2081, 323.5174, 333.264, 344.2772, 355.1468, 368.5696, 380.9153, 390.7, 402.3686, 412.6779, 424.4012, 435.7519, 449.7968, 463.9012, 476.1261, 488.6261, 501.4138, 517.0388, 531.8317, 548.0129, 565.1069, 580.6349, 597.7876, 615.3315, 635.0943, 654.9356, 678.1375, 700.6094]
growth_rate:-38.87
