ticker:SKIN
price:[10.210000038146973, 10.239999771118164, 10.649999618530273, 10.920000076293945, 11.149999618530273, 11.3100004196167, 11.229999542236328, 11.0600004196167, 11.109999656677246, 10.470000267028809, 10.850000381469727, 11.369999885559082, 11.359999656677246, 11.039999961853027, 10.460000038146973, 10.819999694824219, 11.529999732971191, 10.579999923706055, 10.729999542236328, 10.600000381469727, 10.100000381469727, 9.9399995803833, 11.569999694824219, 12.869999885559082, 13.510000228881836, 13.899999618530273, 14.239999771118164, 15.619999885559082, 17.329999923706055, 18.799999237060547, 17.649999618530273, 18.270000457763672, 18.68000030517578, 18.299999237060547, 18.34000015258789, 17.559999465942383, 18.420000076293945, 22.799999237060547, 21.56999969482422, 24.579999923706055, 24.84000015258789, 25.709999084472656]
assets:[0, 99.99974176483154, 204.00393769283295, 309.1757781600952, 415.6875957782745, 521.652280354023, 617.9621688102723, 708.6075908845902, 811.8110079133035, 865.046080062294, 996.4423350334167, 1144.1983354834556, 1243.1917864281654, 1308.1726514798163, 1339.4458908848762, 1485.5448421005249, 1683.0248370220183, 1644.3541681423187, 1767.6676355876923, 1846.2518864423753, 1859.164640219307, 1929.7127525372505, 2346.1541251167296, 2709.766892904568, 2944.5180598850247, 3129.518194113922, 3306.0679948610305, 3726.458686697865, 4234.412181358338, 4693.590889525222, 4506.482622601318, 4764.785060383987, 4971.711969223022, 4970.574422773361, 5081.440000277328, 4965.326908988, 5308.504029987335, 6670.787296780395, 6410.916674297332, 7405.531201013947, 7583.865670586396, 7949.482867920685]
shares:[0, 9.7656, 19.1553, 28.3128, 37.2814, 46.1231, 55.0278, 64.0694, 73.0703, 82.6214, 91.838, 100.6331, 109.4359, 118.4939, 128.0541, 137.2962, 145.9692, 155.421, 164.7407, 174.1747, 184.0757, 194.1361, 202.7791, 210.5491, 217.951, 225.1452, 232.1677, 238.5697, 244.34, 249.6591, 255.3248, 260.7983, 266.1516, 271.6161, 277.0687, 282.7635, 288.1924, 292.5784, 297.2145, 301.2828, 305.3086, 309.1981]
growth_rate:93.89
