ticker:SKINW
price:[2.0799999237060547, 2.25, 2.7200000286102295, 2.6449999809265137, 2.569999933242798, 2.700000047683716, 2.5299999713897705, 2.2799999713897705, 2.5299999713897705, 2.734999895095825, 2.8510000705718994, 2.299999952316284, 2.119999885559082, 2.188999891281128, 2.369999885559082, 2.3499999046325684, 2.180000066757202, 2.5850000381469727, 2.450000047683716, 2.0199999809265137, 3.049999952316284, 3.4800000190734863, 4.0, 4.619999885559082, 4.590000152587891, 5.489999771118164, 6.119999885559082, 7.650000095367432, 6.929999828338623, 7.179999828338623, 7.599999904632568, 7.639999866485596, 7.329999923706055, 7.039999961853027, 7.525000095367432, 11.289999961853027, 10.050000190734863, 12.9399995803833, 13.180000305175781, 14.020000457763672]
assets:[0, 99.9999, 220.888754323411, 314.79811122994425, 405.87186545724865, 526.4022692965984, 593.2584282912015, 634.6359400363684, 804.223234905529, 969.3876193179847, 1110.5024457886934, 995.8806593533516, 1017.9421130498887, 1151.0733344307898, 1346.2511799931526, 1434.8904367694377, 1431.0900378236531, 1796.9576065177919, 1803.1125700935124, 1586.6479710183619, 2495.681370982504, 2947.5314801550867, 3487.9672, 4128.601913731384, 4201.793086682511, 5125.673504307175, 5813.865863283634, 7367.332591843605, 6773.936232204437, 7118.306397813606, 7634.697704197169, 7774.880244128465, 7559.407664318275, 7360.33122411728, 7967.399365974141, 12053.74587927246, 10829.862115535545, 14044.120572579002, 14404.600263530732, 15422.648227561187]
shares:[0, 44.4444, 81.2091, 119.0163, 157.9268, 194.9638, 234.4895, 278.3491, 317.8748, 354.4379, 389.5133, 432.9916, 480.1614, 525.8444, 568.0385, 610.5917, 656.4633, 695.148, 735.9643, 785.4693, 818.2562, 846.9918, 871.9918, 893.6368, 915.4233, 933.6382, 949.9781, 963.05, 977.48, 991.4076, 1004.5655, 1017.6545, 1031.2971, 1045.5016, 1058.7906, 1067.648, 1077.5982, 1085.3262, 1092.9135, 1100.0462]
growth_rate:295.45
