ticker:SKOR
price:[54.92499923706055, 54.935001373291016, 54.98500061035156, 54.67499923706055, 54.810001373291016, 54.89500045776367, 54.95000076293945, 54.900001525878906, 54.72999954223633, 55.0, 54.88999938964844, 55.13999938964844, 55.27000045776367, 55.220001220703125, 55.25, 54.599998474121094, 54.7599983215332, 54.869998931884766, 54.54999923706055, 54.56999969482422, 54.63800048828125, 54.61800003051758, 54.564998626708984, 54.58000183105469, 54.35200119018555, 53.939998626708984, 53.60100173950195, 53.4370002746582, 53.36899948120117, 53.51100158691406, 53.505001068115234, 53.650001525878906, 53.72999954223633, 53.83700180053711, 53.8390007019043, 53.94200134277344, 53.88600158691406, 53.895999908447266, 54.01499938964844, 53.96500015258789, 54.19499969482422, 54.02899932861328, 53.994998931884766, 54.095001220703125, 54.189998626708984, 54.22999954223633, 54.349998474121094, 54.444000244140625, 54.18000030517578, 54.209999084472656, 54.17499923706055, 54.224998474121094]
assets:[0, 99.99818299980164, 200.09041722106932, 298.96289582824704, 399.70193501472477, 500.32401317214965, 600.8233083419799, 700.2769694633483, 798.1111643245697, 902.0495, 1000.2439918777466, 1104.801569770813, 1207.4063220001221, 1306.3119588775635, 1407.024125, 1490.4707583465574, 1594.8411431159973, 1698.0453959453582, 1788.1435199909208, 1888.798657437134, 1991.1507965942383, 2090.4220241680146, 2188.3947479225158, 2288.997948791504, 2379.4382137043, 2461.4008053337097, 2545.9296604225156, 2638.141953959656, 2734.7823035152433, 2842.0602629837035, 2941.742412225723, 3049.712876737976, 3154.2626071266177, 3260.546491146469, 3360.6681111133576, 3467.0951653060915, 3563.4974507431034, 3664.157280975723, 3772.245512374878, 3868.7562574390413, 3985.2455610588077, 4073.0409491867067, 4170.476526500703, 4278.200542541504, 4385.715806856537, 4488.953288108063, 4598.884905886078, 4706.83626430664, 4784.012756946564, 4886.662789471435, 4983.509422317886, 5088.1105493217465]
shares:[0, 1.8203, 3.639, 5.468, 7.2925, 9.1142, 10.934, 12.7555, 14.5827, 16.4009, 18.2227, 20.0363, 21.8456, 23.6565, 25.4665, 27.298, 29.1242, 30.9467, 32.7799, 34.6124, 36.4426, 38.2735, 40.1062, 41.9384, 43.7783, 45.6322, 47.4978, 49.3692, 51.2429, 53.1117, 54.9807, 56.8446, 58.7058, 60.5633, 62.4207, 64.2745, 66.1303, 67.9857, 69.837, 71.6901, 73.5353, 75.3862, 77.2382, 79.0868, 80.9322, 82.7762, 84.6161, 86.4528, 88.2985, 90.1432, 91.9891, 93.8333]
growth_rate:-0.23
