ticker:SKYU
price:[42.0099983215332, 40.689998626708984, 48.137001037597656, 50.95000076293945, 48.790000915527344, 41.529998779296875, 37.189998626708984, 39.91299819946289, 38.88999938964844, 37.810001373291016, 39.61000061035156, 41.54899978637695, 43.03499984741211, 42.90999984741211, 41.875, 38.08000183105469, 36.400001525878906, 37.900001525878906, 39.619998931884766, 40.224998474121094, 42.55500030517578, 44.25, 45.43000030517578, 45.81700134277344, 46.64699935913086, 43.599998474121094, 46.125, 45.84000015258789, 46.900001525878906, 46.1879997253418, 44.46500015258789, 48.02000045776367, 49.11000061035156, 48.52000045776367]
assets:[0, 99.99974062499999, 218.3012997055054, 331.0578199573517, 417.0227748252869, 454.9694426269531, 507.42406026268003, 644.5749644222259, 728.0557895736695, 807.8371463413239, 946.2947975814819, 1092.6182022823334, 1231.6961236328125, 1328.1202782772064, 1396.0873749999998, 1369.5663058547973, 1409.145979071045, 1567.2143330970764, 1738.3393391361237, 1864.8832217582703, 2072.9051308654784, 2255.471175, 2415.6176052268984, 2536.1955276290896, 2682.1418220508576, 2606.9441887641906, 2857.9188375, 2940.260121787262, 3108.2507011260986, 3161.0651320026395, 3143.1463772861484, 3494.444245311737, 3673.761993658447, 3729.6256911872865]
shares:[0, 2.4576, 4.535, 6.4977, 8.5473, 10.9552, 13.6441, 16.1495, 18.7209, 21.3657, 23.8903, 26.2971, 28.6208, 30.9513, 33.3394, 35.9655, 38.7128, 41.3513, 43.8753, 46.3613, 48.7112, 50.9711, 53.1723, 55.3549, 57.4987, 59.7923, 61.9603, 64.1418, 66.274, 68.4391, 70.6881, 72.7706, 74.8068, 76.8678]
growth_rate:13.02
