ticker:SKYW
price:[35.439998626708984, 34.65999984741211, 33.75, 29.59000015258789, 31.709999084472656, 31.790000915527344, 30.489999771118164, 33.7400016784668, 29.030000686645508, 31.049999237060547, 35.599998474121094, 37.939998626708984, 43.290000915527344, 44.970001220703125, 42.970001220703125, 41.029998779296875, 40.40999984741211, 40.310001373291016, 41.11000061035156, 41.77000045776367, 42.47999954223633, 38.9900016784668, 43.040000915527344, 45.380001068115234, 53.72999954223633, 56.369998931884766, 55.33000183105469, 60.0, 57.970001220703125, 55.22999954223633, 55.06999969482422, 54.0, 52.029998779296875, 51.630001068115234, 49.65999984741211, 49.54999923706055, 49.599998474121094, 48.68000030517578, 49.029998779296875, 48.02000045776367, 48.540000915527344, 45.560001373291016, 44.95000076293945, 43.52000045776367, 42.7599983215332, 39.400001525878906, 39.38999938964844, 40.4900016784668, 41.130001068115234, 41.869998931884766, 40.11000061035156, 48.470001220703125]
assets:[0, 100.00103155975343, 197.37675000000002, 273.0476444080353, 392.61101166458127, 493.6001652153015, 573.4162786954879, 734.5367065410613, 731.9972733139037, 882.9315683052063, 1112.3148323242187, 1285.4261234722137, 1566.6867781333924, 1727.486620892334, 1750.6580077331541, 1771.6179052917482, 1844.8458050338745, 1940.2816061019898, 2078.788845863342, 2212.1642862434387, 2349.7641826789854, 2256.717903148651, 2591.1285671173096, 2832.0024986572266, 3453.0981185806277, 3722.764921459961, 3754.0797612350466, 4170.936000000001, 4129.817668963623, 4034.6177425598144, 4122.931174152374, 4142.826, 4091.691134002686, 4160.237063066483, 4101.498843397522, 4192.4155254478455, 4296.6445078193665, 4316.947295063019, 4447.986780258178, 4456.361686481476, 4604.620982849121, 4421.930721287918, 4462.725975746154, 4420.752942499543, 4443.550609576416, 4194.386262439728, 4293.320861474609, 4513.213988090134, 4684.550827654266, 4868.831890794754, 4764.169608496094, 5857.14887651062]
shares:[0, 2.8852, 5.8482, 9.2277, 12.3813, 15.5269, 18.8067, 21.7705, 25.2152, 28.4358, 31.2448, 33.8805, 36.1905, 38.4142, 40.7414, 43.1786, 45.6532, 48.134, 50.5665, 52.9606, 55.3146, 57.8794, 60.2028, 62.4064, 64.2676, 66.0416, 67.8489, 69.5156, 71.2406, 73.0512, 74.8671, 76.719, 78.641, 80.5779, 82.5916, 84.6098, 86.6259, 88.6801, 90.7197, 92.8022, 94.8624, 97.0573, 99.282, 101.5798, 103.9184, 106.4565, 108.9952, 111.4649, 113.8962, 116.2845, 118.7776, 120.8407]
growth_rate:14.85
