ticker:SKYY
price:[78.41999816894531, 76.06999969482422, 76.62000274658203, 76.94999694824219, 78.58000183105469, 83.86000061035156, 83.94000244140625, 82.0999984741211, 76.12999725341797, 84.04000091552734, 82.62000274658203, 85.18000030517578, 89.87999725341797, 91.0, 92.51000213623047, 96.54000091552734, 96.87000274658203, 95.02999877929688, 97.05000305175781, 96.58000183105469, 100.1500015258789, 98.80999755859375, 107.4000015258789, 110.48999786376953, 108.33999633789062, 99.91000366210938, 94.77999877929688, 98.62000274658203, 96.66000366210938, 95.48999786376953, 98.2699966430664, 100.56999969482422, 102.4000015258789, 102.18000030517578, 100.62999725341797, 97.19999694824219, 94.91000366210938, 96.2300033569336, 98.02999877929688, 99.27999877929688, 102.51000213623047, 104.31999969482422, 106.08000183105469, 106.23999786376953, 106.9000015258789, 102.97000122070312, 106.75, 105.80999755859375, 107.4000015258789, 106.2699966430664, 104.68000030517578, 108.8499984741211]
assets:[0, 100.00162159881592, 200.72142119522093, 301.5824280395508, 407.9716535064697, 535.3874018966675, 635.8958824951171, 721.9545465820312, 769.4534952400209, 949.3998903427124, 1033.3614223526001, 1165.381656175232, 1329.6846793670654, 1446.2539, 1570.2555252601624, 1738.6564544883727, 1844.5985923004152, 1909.5613044708252, 2050.152199467468, 2140.222498576355, 2319.3338253372194, 2388.296926989746, 2695.9226183021547, 2873.491276443481, 2917.574433380127, 2790.5563392852787, 2747.2740886169436, 2958.580358396912, 2999.7852176513675, 3063.471915466309, 3252.658272888184, 3428.7832845954895, 3591.1782935127253, 3683.466395001221, 3727.5866732597347, 3700.5302438156127, 3713.344402279663, 3864.9914778282164, 4037.287075726318, 4188.7720684967035, 4425.049262214661, 4603.182578533935, 4780.845346522522, 4888.059805712891, 5018.431261632538, 4933.941469491577, 5215.0684249999995, 5269.147420422363, 5448.326897406769, 5491.002607546234, 5508.847824060059, 5828.296973297882]
shares:[0, 1.3146, 2.6197, 3.9192, 5.1918, 6.3843, 7.5756, 8.7936, 10.1071, 11.297, 12.5074, 13.6814, 14.794, 15.8929, 16.9739, 18.0097, 19.042, 20.0943, 21.1247, 22.1601, 23.1586, 24.1706, 25.1017, 26.0068, 26.9298, 27.9307, 28.9858, 29.9998, 31.0344, 32.0816, 33.0992, 34.0935, 35.0701, 36.0488, 37.0425, 38.0713, 39.1249, 40.1641, 41.1842, 42.1915, 43.167, 44.1256, 45.0683, 46.0096, 46.9451, 47.9163, 48.8531, 49.7982, 50.7293, 51.6703, 52.6256, 53.5443]
growth_rate:14.28
