ticker:SLAB
price:[98.8499984741211, 95.05000305175781, 96.16999816894531, 96.69999694824219, 96.12999725341797, 106.6500015258789, 104.91999816894531, 105.08000183105469, 102.45999908447266, 114.11000061035156, 112.73999786376953, 111.4000015258789, 115.18000030517578, 123.44000244140625, 119.97000122070312, 125.88999938964844, 126.29000091552734, 127.33999633789062, 135.3000030517578, 136.02999877929688, 142.36000061035156, 131.1699981689453, 139.4600067138672, 154.33999633789062, 162.83999633789062, 155.74000549316406, 145.97999572753906, 148.36000061035156, 143.61000061035156, 142.8300018310547, 147.9199981689453, 147.10000610351562, 149.36000061035156, 154.60000610351562, 140.9499969482422, 135.22000122070312, 125.27999877929688, 129.13999938964844, 136.55999755859375, 135.17999267578125, 138.88999938964844, 140.97000122070312, 147.0, 152.5800018310547, 149.42999267578125, 140.22999572753906, 145.64999389648438, 148.99000549316406, 157.6999969482422, 158.63999938964844, 157.77999877929688, 160.08999633789062]
assets:[0, 100.0021082107544, 201.17801916961668, 302.2841904602051, 400.50640755691524, 544.3309427879334, 635.5004289093018, 736.474208833313, 818.1123546897888, 1011.1287154083253, 1098.9894991760252, 1185.930996244049, 1326.1710055137635, 1521.2745900878906, 1578.5052910614015, 1756.392093484497, 1861.969257498169, 1977.4500691314697, 2201.060449645996, 2312.9316722442627, 2520.5549908065796, 2422.434409184265, 2675.540228805542, 3061.009713369751, 3329.5894051208493, 3284.416549845886, 3178.5830249710084, 3330.400129701233, 3323.767298126221, 3405.7099786605836, 3627.072315101623, 3706.9642838104246, 3863.913343789673, 4099.4665218444825, 3837.5187119125367, 3781.508466137695, 3603.5288288879397, 3814.5631299713136, 4133.739406097412, 4191.972126873779, 4407.021347633362, 4573.024548599244, 4868.639999999999, 5153.450593844605, 5147.056325720215, 4930.1641207901, 5220.722076223755, 5440.444545585633, 5858.491806628418, 5993.419176940918, 6060.9293171081545, 6249.65731303711]
shares:[0, 1.0521, 2.0919, 3.126, 4.1663, 5.1039, 6.057, 7.0087, 7.9847, 8.861, 9.748, 10.6457, 11.5139, 12.324, 13.1575, 13.9518, 14.7436, 15.5289, 16.268, 17.0031, 17.7055, 18.4679, 19.185, 19.8329, 20.447, 21.0891, 21.7741, 22.4481, 23.1444, 23.8445, 24.5205, 25.2003, 25.8698, 26.5166, 27.2261, 27.9656, 28.7638, 29.5382, 30.2705, 31.0103, 31.7303, 32.4397, 33.12, 33.7754, 34.4446, 35.1577, 35.8443, 36.5155, 37.1496, 37.78, 38.4138, 39.0384]
growth_rate:22.54
