ticker:SLAMU
price:[10.399999618530273, 10.210000038146973, 10.069999694824219, 9.979999542236328, 9.920000076293945, 9.979999542236328, 10.0, 10.010000228881836, 10.0, 10.0, 10.0, 10.0, 9.960000038146973, 10.0, 9.979999542236328, 10.020000457763672, 9.979999542236328, 9.970000267028809, 9.979999542236328, 9.989999771118164, 10.149999618530273, 10.149999618530273, 10.0600004196167, 10.055999755859375, 10.0, 9.869999885559082, 9.835000038146973, 9.829999923706055]
assets:[0, 99.9998033736229, 198.62872998046873, 296.85309038391114, 395.0679710384369, 497.4570691825866, 598.454, 699.0523699840546, 798.354, 898.354, 998.354, 1098.354, 1193.9609805728912, 1298.7559999999999, 1396.1580239608766, 1501.7535806076048, 1595.7580148056031, 1694.1592743750573, 1795.8580036273954, 1897.6573995225908, 2028.050108779335, 2128.049935021019, 2209.181122148037, 2308.302452758789, 2395.4480000000003, 2464.307026426792, 2555.5687004122733, 2654.2690553993225]
shares:[0, 9.7943, 19.7248, 29.7448, 39.8254, 49.8454, 59.8454, 69.8354, 79.8354, 89.8354, 99.8354, 109.8354, 119.8756, 129.8756, 139.8956, 149.8756, 159.8956, 169.9257, 179.9457, 189.9557, 199.8079, 209.6601, 219.6005, 229.5448, 239.5448, 249.6765, 259.8443, 270.0172]
growth_rate:-1.69
