ticker:SLAM
price:[9.84000015258789, 9.800000190734863, 9.850000381469727, 9.75, 9.75, 9.649999618530273, 9.75100040435791, 9.744999885559082, 9.770000457763672, 9.720000267028809, 9.699999809265137, 9.729999542236328, 9.694999694824219, 9.819999694824219, 9.779999732971191, 9.710000038146973, 9.720000267028809, 9.670000076293945, 9.65999984741211, 9.65999984741211, 9.670000076293945]
assets:[0, 100.00018194627762, 200.51054776535034, 298.4748, 398.4747, 494.38781545658117, 599.5626871628762, 699.1939967889786, 800.9876255294799, 896.8887246394157, 995.0434404340745, 1098.1209373371125, 1194.170922910309, 1309.5676633026123, 1404.2328996594429, 1494.1825738700866, 1595.7217518378259, 1687.5136473140717, 1785.7688237922669, 1885.769142212677, 1987.72170068264]
shares:[0, 10.2041, 20.3564, 30.6128, 40.8692, 51.2319, 61.4873, 71.749, 81.9844, 92.2725, 102.5818, 112.8593, 123.1739, 133.3572, 143.5821, 153.8808, 164.1689, 174.5102, 184.8622, 195.2142, 205.5555]
growth_rate:-0.61
