ticker:SLCR
price:[9.819999694824219, 9.699999809265137, 9.65999984741211, 9.649999618530273, 9.779999732971191, 9.850000381469727, 9.729999542236328, 9.779999732971191, 9.699999809265137, 9.680000305175781, 9.680000305175781, 9.640000343322754, 9.710000038146973, 9.75, 9.699999809265137, 9.673999786376953, 9.65999984741211, 9.630000114440918, 9.65999984741211, 9.670000076293945, 9.729999542236328, 9.670000076293945, 9.770000457763672, 9.829999923706055, 9.779999732971191, 9.779999732971191, 9.8100004196167]
assets:[0, 100.00020803365707, 199.58815484733583, 299.38158816528323, 403.41423098535535, 506.3018396080017, 600.1337227657318, 703.2171887996674, 797.4651143191338, 895.8211082420348, 995.8213193946838, 1091.7059388804437, 1199.6336067129134, 1304.57535, 1397.8854025128364, 1494.1386256061555, 1591.9766688533784, 1687.0325330483438, 1792.2883576892855, 1894.144142944336, 2005.8968126293182, 2093.5279405174256, 2215.1776057899474, 2328.7810469255446, 2416.935246009064, 2516.934765278721, 2624.655802268028]
shares:[0, 10.3093, 20.6613, 31.024, 41.2489, 51.4012, 61.6787, 71.9036, 82.2129, 92.5435, 102.8741, 113.2475, 123.5462, 133.8026, 144.1119, 154.4489, 164.8009, 175.1851, 185.5371, 195.8784, 206.1559, 216.4972, 226.7326, 236.9055, 247.1304, 257.3553, 267.549]
growth_rate:0.95
