ticker:SLCRU
price:[10.350000381469727, 10.420000076293945, 10.3100004196167, 10.354999542236328, 10.359999656677246, 10.399999618530273, 10.3100004196167, 10.119999885559082, 10.09000015258789, 10.039999961853027, 9.869999885559082, 9.979999542236328, 10.0, 10.09000015258789, 10.0, 10.0, 9.970000267028809, 9.989999771118164, 9.949999809265137, 9.979999542236328, 9.989999771118164, 10.050000190734863, 10.067000389099121, 10.039999961853027, 10.050000190734863, 10.020000457763672, 10.039999961853027, 10.039999961853027, 10.0, 10.0, 10.220000267028809, 10.079999923706055, 10.020000457763672, 10.039999961853027, 10.029999732971191]
assets:[0, 99.99969873218537, 198.94383009700775, 299.8124437461853, 399.9571107457161, 501.50150160503387, 597.161410304451, 686.1562322406769, 784.1221638580322, 880.2369166555405, 965.3323778071403, 1076.0904566417694, 1178.247, 1288.8512144908905, 1377.355, 1477.355, 1572.9230741279603, 1676.0782055992127, 1769.367671082401, 1874.701996010971, 1976.5803957143783, 2088.451344635868, 2191.983631222248, 2286.104979313946, 2388.381540328121, 2481.251711355972, 2586.2045941737174, 2686.205001793766, 2775.5029999999997, 2875.5029999999997, 3038.7637793970107, 3097.136424558258, 3178.700857218933, 3285.045819518471, 3381.7738869669915]
shares:[0, 9.5969, 19.2962, 28.9534, 38.6059, 48.2213, 57.9206, 67.802, 77.7128, 87.673, 97.8047, 107.8247, 117.8247, 127.7355, 137.7355, 147.7355, 157.7656, 167.7756, 177.8259, 187.8459, 197.8559, 207.8061, 217.7395, 227.6997, 237.6499, 247.6299, 257.5901, 267.5503, 277.5503, 287.5503, 297.335, 307.2556, 317.2356, 327.1958, 337.1659]
growth_rate:-0.54
