ticker:SLCT
price:[7.630000114440918, 7.369999885559082, 7.46999979019165, 7.21999979019165, 7.449999809265137, 7.820000171661377, 7.550000190734863, 7.949999809265137, 7.449999809265137, 8.050000190734863, 9.210000038146973, 9.40999984741211, 9.319999694824219, 9.670000076293945, 9.520000457763672, 9.390000343322754, 9.699999809265137, 9.470000267028809, 9.920000076293945, 9.989999771118164, 10.069999694824219, 9.4399995803833, 9.850000381469727, 9.890000343322754, 10.140000343322754, 10.9399995803833, 11.989999771118164, 12.369999885559082, 11.989999771118164, 11.75, 11.140000343322754, 11.199999809265137, 11.149999618530273, 11.850000381469727, 11.789999961853027, 12.619999885559082, 13.670000076293945, 13.880000114440918, 14.079999923706055, 16.889999389648438, 16.75, 16.360000610351562, 17.049999237060547, 16.049999237060547, 15.539999961853027, 15.520000457763672, 15.100000381469727, 15.899999618530273, 16.760000228881836, 16.93000030517578, 16.68000030517578, 16.829999923706055]
assets:[0, 99.9998434472084, 201.35683234453202, 294.61786743860245, 404.0030596567154, 524.0674775041103, 605.9728303086281, 738.0771872921944, 791.6570947319984, 955.4150776373864, 1193.0901139416694, 1318.9987376117708, 1406.3832939491272, 1559.1985483016967, 1635.0124786186218, 1712.6853566202165, 1869.227793244648, 1924.906346277237, 2116.3744802768706, 2231.3084068782805, 2349.176857807159, 2302.2072736647606, 2502.197566904831, 2612.358536685753, 2778.3935560715677, 3097.5963351880073, 3494.8978892845153, 3705.6623107171054, 3691.8264415252684, 3717.92795, 3624.912665715885, 3744.4365762326242, 3827.7201640439985, 4168.0255191751485, 4246.92186725893, 4645.898993869972, 5132.443905644798, 5311.288919791698, 5487.820770263672, 6683.046781495666, 6727.6509, 6671.007836878967, 7052.363904426575, 6738.73502467308, 6624.607189738178, 6716.08154209137, 6634.331637602424, 7085.818929998398, 7569.077559366608, 7745.852678624725, 7731.472041454315, 7900.999983183097]
shares:[0, 13.5685, 26.9554, 40.8058, 54.2286, 67.0163, 80.2613, 92.8399, 106.2627, 118.6851, 129.5429, 140.1699, 150.8995, 161.2408, 171.745, 182.3946, 192.7039, 203.2636, 213.3442, 223.3542, 233.2847, 243.8779, 254.0302, 264.1414, 274.0033, 283.1441, 291.4844, 299.5685, 307.9088, 316.4194, 325.3961, 334.3247, 343.2933, 351.7321, 360.2139, 368.1378, 375.4531, 382.6577, 389.76, 395.6807, 401.6508, 407.7633, 413.6284, 419.8589, 426.2939, 432.7372, 439.3597, 445.649, 451.6156, 457.5223, 463.5175, 469.4593]
growth_rate:54.92
