ticker:SLDB
price:[2.1600000858306885, 2.25, 2.440000057220459, 2.109999895095825, 4.179999828338623, 3.9600000381469727, 3.7799999713897705, 3.7950000762939453, 3.2699999809265137, 3.2200000286102295, 3.1700000762939453, 3.2100000381469727, 3.180000066757202, 3.630000114440918, 5.610000133514404, 7.320000171661377, 6.829999923706055, 7.579999923706055, 6.699999809265137, 6.480000019073486, 6.420000076293945, 6.519999980926514, 7.820000171661377, 7.75, 7.010000228881836, 7.96999979019165, 9.399999618530273, 9.520000457763672, 5.820000171661377, 5.860000133514404, 5.440000057220459, 5.210000038146973, 5.039999961853027, 5.079999923706055, 5.090000152587891, 4.71999979019165, 3.490000009536743, 4.019999980926514, 3.799999952316284, 3.619999885559082, 4.110000133514404, 3.9100000858306885, 3.8499999046325684, 3.640000104904175, 3.380000114440918, 3.0999999046325684, 2.7799999713897705, 2.7899999618530273, 2.7799999713897705, 2.6600000858306885, 2.4700000286102295, 2.740000009536743]
assets:[0, 99.9999, 208.44432488822937, 280.2531400664807, 655.1932370929718, 720.709314942646, 787.9496880361319, 891.0766439140319, 867.8050209382058, 954.5358424812079, 1039.7137430233004, 1152.8329937000274, 1242.0587360743284, 1517.82174885149, 2445.724438206673, 3291.212621182251, 3170.8991795797347, 3619.094461573219, 3298.935856086254, 3290.6126976857186, 3360.1439379312515, 3512.482425724649, 4312.823934673309, 4374.2178, 4056.550437449456, 4712.083847955513, 5657.53923040638, 5829.763632320785, 3663.9939120697973, 3789.175706332683, 3617.596774051571, 3564.647119099903, 3548.334357143211, 3676.4955127845765, 3783.73305342865, 3608.687167590523, 2768.287900564599, 3288.686810396338, 3208.7089397360087, 3156.71736820507, 3684.0080726759434, 3604.737386129689, 3649.4214546010494, 3550.3621903208254, 3396.764915008545, 3215.376011083174, 2983.466223295808, 3094.198121693802, 3183.107751241207, 3145.7075895030976, 3021.014056992674, 3451.246472012281]
shares:[0, 44.4444, 85.428, 132.8214, 156.7448, 181.9973, 208.4523, 234.8028, 265.3838, 296.4397, 327.9854, 359.138, 390.5845, 418.1327, 435.958, 449.6192, 464.2605, 477.4531, 492.3785, 507.8106, 523.3869, 538.7243, 551.512, 564.4152, 578.6805, 591.2276, 601.8659, 612.3701, 629.5522, 646.617, 664.9994, 684.1933, 704.0346, 723.7196, 743.366, 764.5524, 793.2057, 818.0813, 844.3971, 872.0214, 896.3523, 921.9277, 947.9017, 975.3742, 1004.96, 1037.2181, 1073.1893, 1109.0316, 1145.0028, 1182.5968, 1223.0826, 1259.579]
growth_rate:-32.33
