ticker:SLGG
price:[1.7699999809265137, 1.909999966621399, 1.8600000143051147, 1.9299999475479126, 1.7899999618530273, 1.8300000429153442, 1.7899999618530273, 1.7599999904632568, 1.659999966621399, 1.7200000286102295, 1.9299999475479126, 1.8300000429153442, 1.8799999952316284, 2.1500000953674316, 2.5, 2.299999952316284, 3.450000047683716, 2.8299999237060547, 2.5899999141693115, 3.130000114440918, 3.450000047683716, 3.069999933242798, 3.549999952316284, 4.010000228881836, 3.9600000381469727, 3.130000114440918, 5.900000095367432, 6.519999980926514, 10.140000343322754, 7.550000190734863, 6.989999771118164, 6.380000114440918, 5.579999923706055, 5.53000020980835, 5.380000114440918, 4.75, 4.389999866485596, 4.570000171661377, 4.570000171661377, 5.360000133514404, 5.460000038146973, 5.809999942779541, 5.619999885559082, 5.150000095367432, 5.0, 4.550000190734863, 4.25, 4.230000019073486, 4.130000114440918, 4.010000228881836, 3.759999990463257, 4.21999979019165]
assets:[0, 99.99995825242996, 197.3820855180502, 304.8104887160897, 382.69984384422304, 491.2517995203495, 580.5139926285744, 670.784748365283, 732.6720272677302, 859.1541182910443, 1064.050852082026, 1108.918721005261, 1239.2170368568898, 1517.1897072978973, 1864.174, 1815.040132370496, 2822.5602690116407, 2415.317487885475, 2310.4847924322366, 2892.2077457466125, 3287.896620443225, 3025.7514102049827, 3598.8330416603567, 4165.161172738076, 4213.226200586319, 3430.1511624152186, 6565.780296129084, 7355.743358481645, 11539.760466716194, 8692.227639590836, 8147.5059872165675, 7536.493803185464, 6691.478434509086, 6731.519392394018, 6648.928555432987, 5970.336275000001, 5617.847270142698, 5948.1920324299335, 6048.191862186193, 7193.721571191311, 7427.93256389618, 8004.08193017087, 7842.330490305423, 7286.47763493061, 7174.25, 6628.567677867889, 6291.518950000001, 6361.911991686487, 6311.512430889892, 6228.127444487572, 5939.839680934381, 6766.521949584627]
shares:[0, 52.356, 106.1194, 157.9329, 213.7988, 268.4436, 324.3095, 381.1277, 441.3687, 499.5082, 551.3217, 605.9665, 659.158, 705.6696, 745.6696, 789.1479, 818.1334, 853.4691, 892.0791, 924.028, 953.0135, 985.5868, 1013.7558, 1038.6935, 1063.946, 1095.8949, 1112.8441, 1128.1815, 1138.0434, 1151.2884, 1165.5946, 1181.2686, 1199.1897, 1217.2729, 1235.8603, 1256.9129, 1279.6919, 1301.5737, 1323.4555, 1342.1122, 1360.4272, 1377.6389, 1395.4325, 1414.85, 1434.85, 1456.828, 1480.3574, 1503.9981, 1528.2112, 1553.1489, 1579.7446, 1603.4413]
growth_rate:32.68
