ticker:SLGL
price:[7.519999980926514, 7.579999923706055, 7.53000020980835, 7.289999961853027, 7.150000095367432, 7.519999980926514, 8.199999809265137, 8.420000076293945, 8.050000190734863, 7.989999771118164, 8.6899995803833, 8.039999961853027, 8.270000457763672, 9.399999618530273, 9.210000038146973, 9.489999771118164, 9.5, 9.789999961853027, 10.029999732971191, 10.430000305175781, 10.470000267028809, 9.729999542236328, 10.0, 9.710000038146973, 10.0, 8.899999618530273, 9.0, 12.5, 13.09000015258789, 11.319999694824219, 12.300000190734863, 12.699999809265137, 14.359999656677246, 14.3100004196167, 10.9399995803833, 9.539999961853027, 9.800000190734863, 10.210000038146973, 10.329999923706055, 10.100000381469727, 11.270000457763672, 11.850000381469727, 13.260000228881836, 11.75, 12.300000190734863, 12.25, 12.100000381469727, 11.229999542236328, 10.029999732971191, 9.869999885559082, 9.369999885559082, 9.539999961853027]
assets:[0, 99.9999069934845, 199.34018955421448, 292.9865564668655, 387.35983516664504, 507.40523071303375, 653.287424804306, 770.8148009843826, 836.9432248303414, 930.7047363389969, 1112.243474292755, 1129.0491546430587, 1261.3479128185272, 1533.6964177597047, 1602.6965766382218, 1751.42121375885, 1853.26665, 2009.8400001686095, 2159.110901517963, 2345.21685861969, 2454.2109895926474, 2380.7518559936525, 2546.816, 2572.9587231081964, 2749.803, 2547.3249608171463, 2675.9466, 3816.5925, 4096.735459754944, 3642.78382579422, 4058.1489029293057, 4290.120895568848, 4950.876977633095, 5033.638524602986, 3948.218498561382, 3542.9623238329887, 3739.521312781334, 3995.97041592989, 4142.935307401657, 4150.692116768647, 4731.514721184159, 5075.017438372612, 5778.88047974968, 5220.8023, 5565.180596298695, 5642.55825, 5673.466328864098, 5365.5388072868345, 4892.1955587550165, 4914.15450302124, 4765.210889799881, 4951.666384200096]
shares:[0, 13.1926, 26.4728, 40.1902, 54.1762, 67.4741, 79.6692, 91.5457, 103.9681, 116.4837, 127.9912, 140.429, 152.5209, 163.1592, 174.017, 184.5544, 195.0807, 205.2952, 215.2653, 224.853, 234.4041, 244.6816, 254.6816, 264.9803, 274.9803, 286.2163, 297.3274, 305.3274, 312.9668, 321.8007, 329.9308, 337.8048, 344.7686, 351.7567, 360.8975, 371.3797, 381.5838, 391.3781, 401.0586, 410.9596, 419.8327, 428.2715, 435.813, 444.3236, 452.4537, 460.617, 468.8815, 477.7862, 487.7563, 497.888, 508.5604, 519.0426]
growth_rate:-2.91
