ticker:SLGN
price:[38.470001220703125, 37.189998626708984, 36.91999816894531, 36.59000015258789, 37.0099983215332, 38.70000076293945, 39.689998626708984, 35.7400016784668, 34.45000076293945, 36.0099983215332, 35.2400016784668, 34.349998474121094, 34.130001068115234, 34.869998931884766, 35.470001220703125, 36.560001373291016, 36.849998474121094, 37.08000183105469, 37.209999084472656, 36.06999969482422, 37.400001525878906, 36.43000030517578, 37.689998626708984, 38.779998779296875, 38.68000030517578, 37.560001373291016, 40.380001068115234, 42.0099983215332, 41.47999954223633, 43.0099983215332, 41.9900016784668, 42.11000061035156, 43.54999923706055, 43.869998931884766, 42.16999816894531, 43.220001220703125, 43.27000045776367, 43.209999084472656, 42.130001068115234, 42.33000183105469, 42.56999969482422, 40.5099983215332, 41.63999938964844, 41.439998626708984, 41.63999938964844, 40.4900016784668, 39.040000915527344, 40.52000045776367, 39.68000030517578, 41.77000045776367, 41.689998626708984, 42.36000061035156]
assets:[0, 100.00018730735778, 199.27569011688232, 297.4949962406158, 400.9108068180084, 519.2185602359772, 632.4998181152343, 669.553191444397, 745.3877765075684, 879.1408970222473, 960.3429057407379, 1036.0886989753724, 1129.453886346817, 1253.9425965900423, 1375.5195533386232, 1517.7884570121764, 1629.8275275123597, 1740.0013339233399, 1846.0996845779418, 1889.5413620132445, 2059.214164013672, 2105.807023640442, 2278.639322974396, 2444.5360030517577, 2538.2319040260318, 2564.7358657733917, 2857.2969515800473, 3072.636483235932, 3133.8720374153136, 3349.4638332870486, 3370.0293557102204, 3479.6588364349363, 3698.6491752044676, 3825.828027851486, 3777.5757849746706, 3971.6328601745604, 4076.2287581233977, 4170.5772596343995, 4166.336917628479, 4286.115869403076, 4410.417991382598, 4296.992745960999, 4516.853129792786, 4595.157127719879, 4717.333070854187, 4687.049712296295, 4619.201196324921, 4894.313607292175, 4892.853541630554, 5250.568420541763, 5340.5138380805965, 5526.340747627258]
shares:[0, 2.6889, 5.3975, 8.1305, 10.8325, 13.4165, 15.936, 18.734, 21.6368, 24.4138, 27.2515, 30.1627, 33.0927, 35.9605, 38.7798, 41.515, 44.2287, 46.9256, 49.613, 52.3854, 55.0592, 57.8042, 60.4574, 63.036, 65.6213, 68.2837, 70.7602, 73.1406, 75.5514, 77.8764, 80.2579, 82.6326, 84.9288, 87.2083, 89.5797, 91.8934, 94.2045, 96.5188, 98.8924, 101.2548, 103.6039, 106.0724, 108.4739, 110.887, 113.2885, 115.7582, 118.3197, 120.7876, 123.3078, 125.7019, 128.1006, 130.4613]
growth_rate:8.36
