ticker:SLM
price:[7.659999847412109, 7.449999809265137, 8.130000114440918, 7.849999904632568, 8.300000190734863, 8.760000228881836, 9.40999984741211, 9.5600004196167, 9.1899995803833, 9.989999771118164, 10.819999694824219, 10.760000228881836, 11.029999732971191, 11.5, 12.050000190734863, 12.399999618530273, 12.270000457763672, 12.390000343322754, 13.029999732971191, 13.779999732971191, 13.229999542236328, 13.880000114440918, 15.34000015258789, 14.829999923706055, 15.0600004196167, 15.789999961853027, 16.1200008392334, 17.06999969482422, 17.15999984741211, 17.889999389648438, 18.270000457763672, 19.09000015258789, 19.270000457763672, 19.350000381469727, 19.65999984741211, 20.65999984741211, 19.81999969482422, 19.639999389648438, 20.25, 19.920000076293945, 20.540000915527344, 19.239999771118164, 20.530000686645508, 20.90999984741211, 20.020000457763672, 19.950000762939453, 19.0, 18.829999923706055, 19.100000381469727, 18.770000457763672, 18.360000610351562, 18.989999771118164]
assets:[0, 99.99985743980407, 209.12717994375228, 301.92512633199686, 419.23300963401795, 542.4673941736221, 682.7190139293671, 793.6024028335571, 862.8876586004257, 1038.002934218216, 1224.2429314704896, 1317.454428024292, 1450.513350884056, 1612.32185, 1789.4334633242606, 1941.408420275116, 2021.055579400635, 2140.821077321434, 2351.404175811768, 2586.749855873966, 2583.5053596096036, 2810.4349151721, 3206.0569638908387, 3199.467190540123, 3349.0880733156205, 3611.4272102751734, 3786.9041491523744, 4110.076972520447, 4231.746910371017, 4511.768396072388, 4707.603612951279, 5018.890852116394, 5166.213896724701, 5287.66237424202, 5472.374719527054, 5850.726016788482, 5712.845360037231, 5760.961740966796, 6039.892575, 6041.465111138917, 6329.501928124237, 6028.900104279327, 6533.124567506599, 6754.049137713241, 6566.574164146805, 6643.613594068908, 6427.2516000000005, 6469.745066786385, 6662.5137030652995, 6647.403170117187, 6602.20113948059, 6928.74638748951]
shares:[0, 13.4228, 25.7229, 38.4618, 50.51, 61.9255, 72.5525, 83.0128, 93.8942, 103.9042, 113.1463, 122.44, 131.5062, 140.2019, 148.5007, 156.5652, 164.7152, 172.7862, 180.4608, 187.7177, 195.2763, 202.4809, 208.9998, 215.7429, 222.383, 228.7161, 234.9196, 240.7778, 246.6053, 252.195, 257.6685, 262.9068, 268.0962, 273.2642, 278.3507, 283.191, 288.2364, 293.328, 298.2663, 303.2864, 308.1549, 313.3524, 318.2233, 323.0057, 328.0007, 333.0132, 338.2764, 343.5871, 348.8227, 354.1504, 359.597, 364.8629]
growth_rate:35.86
