ticker:SLMBP
price:[33.97999954223633, 32.380001068115234, 33.0, 32.83000183105469, 33.58000183105469, 34.65999984741211, 34.970001220703125, 37.0, 45.68000030517578, 44.970001220703125, 45.0, 45.099998474121094, 45.83000183105469, 46.91999816894531, 49.209999084472656, 52.5, 51.79999923706055, 53.0, 54.0099983215332, 54.0, 53.439998626708984, 53.880001068115234, 54.5, 54.90999984741211, 55.0, 55.220001220703125, 55.75, 54.86000061035156, 55.0, 55.4900016784668, 55.5, 56.9900016784668, 57.36000061035156, 57.93000030517578, 57.130001068115234, 59.27000045776367, 60.0, 59.0, 59.5, 59.16999816894531, 59.11000061035156, 59.0, 59.5, 60.290000915527344, 60.45000076293945, 61.0, 62.04999923706055, 61.150001525878906, 61.880001068115234, 61.70000076293945, 61.869998931884766, 61.0]
assets:[0, 99.99915729866028, 201.91379999999998, 300.8738347808838, 407.74853023376465, 520.8635457069397, 625.5223998352051, 761.8337, 1040.5538629516602, 1124.3804435211182, 1225.1295, 1327.8521950744628, 1449.346309906006, 1583.8173821914672, 1761.1176052352903, 1978.8615, 2052.4765497699736, 2200.0247, 2341.94914121933, 2441.5182, 2516.2009593391417, 2636.9195802742006, 2767.2647500000003, 2888.0847889743804, 2992.8195, 3104.7887446350096, 3234.587125, 3282.9486145248416, 3391.3275, 3521.5397805198672, 3622.1742, 3819.418621489334, 3944.2170419692993, 4083.4104125114436, 4127.019860159683, 4381.6118348407745, 4535.58, 4559.986099999999, 4698.6317, 4772.569214309693, 4867.732194262695, 4958.6727, 5100.697, 5268.417614002991, 5382.40157293129, 5531.3702, 5726.582019588471, 5743.520008318329, 5912.083370048905, 5994.88313412857, 6111.400941493606, 6125.4614]
shares:[0, 3.0883, 6.1186, 9.1646, 12.1426, 15.0278, 17.8874, 20.5901, 22.7792, 25.0029, 27.2251, 29.4424, 31.6244, 33.7557, 35.7878, 37.6926, 39.6231, 41.5099, 43.3614, 45.2133, 47.0846, 48.9406, 50.7755, 52.5967, 54.4149, 56.2258, 58.0195, 59.8423, 61.6605, 63.4626, 65.2644, 67.0191, 68.7625, 70.4887, 72.2391, 73.9263, 75.593, 77.2879, 78.9686, 80.6586, 82.3504, 84.0453, 85.726, 87.3846, 89.0389, 90.6782, 92.2898, 93.9251, 95.5411, 97.1618, 98.7781, 100.4174]
growth_rate:20.11
