ticker:SLN
price:[19.5, 18.5, 17.5, 16.8799991607666, 16.40999984741211, 15.5, 15.5, 15.0, 15.760000228881836, 19.989999771118164, 16.700000762939453, 17.493000030517578, 17.25, 19.19499969482422, 19.0, 20.0, 22.0, 23.399999618530273, 22.0, 24.190000534057617, 25.0, 24.329999923706055, 25.5, 27.200000762939453, 25.25, 23.0, 24.780000686645508, 23.229999542236328, 23.489999771118164, 23.0, 23.1299991607666, 23.1299991607666, 22.34000015258789, 25.15999984741211, 25.950000762939453, 25.389999389648438, 26.5, 27.459999084472656, 26.610000610351562, 28.312999725341797, 25.920000076293945, 26.139999389648438, 25.0, 26.8700008392334, 25.5, 25.020000457763672, 25.600000381469727, 25.600000381469727, 25.18000030517578, 22.75, 23.40999984741211, 23.399999618530273]
assets:[0, 99.9999, 194.59475, 287.70101769618987, 379.68965346946715, 458.63415000000003, 558.63395, 640.614, 773.0721392272949, 1080.5654346277238, 1002.7231558094026, 1150.3379327068328, 1234.35825, 1473.5367830726623, 1558.5681, 1740.598, 2014.6588000000002, 2242.864223436546, 2208.6768, 2528.539632824135, 2713.2075, 2740.4946964063643, 2972.2825500000004, 3270.435611733246, 3135.97425, 2956.5304, 3285.3399250356674, 3179.840810338974, 3315.430245695114, 3346.2700000000004, 3465.1838162715912, 3565.1840546432495, 3543.4166782024386, 4090.706507191086, 4319.151861984635, 4325.945557008362, 4615.06775, 4882.256029223633, 4831.130762811279, 5240.31438546486, 4897.405166415214, 5038.973700343323, 4919.2175, 5387.174529258155, 5212.50345, 5214.385769401932, 5435.261520991707, 5535.260242481804, 5544.4472171974185, 5109.379275, 5357.6078830787665, 5455.319131066703]
shares:[0, 5.4054, 11.1197, 17.0439, 23.1377, 29.5893, 36.0409, 42.7076, 49.0528, 54.0553, 60.0433, 65.7599, 71.557, 76.7667, 82.0299, 87.0299, 91.5754, 95.8489, 100.3944, 104.5283, 108.5283, 112.6385, 116.5601, 120.2366, 124.197, 128.5448, 132.5803, 136.8851, 141.1422, 145.49, 149.8134, 154.1368, 158.6131, 162.5877, 166.4413, 170.3799, 174.1535, 177.7952, 181.5532, 185.0851, 188.9431, 192.7687, 196.7687, 200.4903, 204.4119, 208.4087, 212.3149, 216.2211, 220.1925, 224.5881, 228.8598, 233.1333]
growth_rate:6.97
