ticker:SLNG
price:[2.25, 2.25, 2.3499999046325684, 2.3499999046325684, 2.630000114440918, 2.359999895095825, 2.369999885559082, 2.200000047683716, 2.1500000953674316, 2.299999952316284, 2.259999990463257, 2.369999885559082, 2.75, 2.8499999046325684, 3.1600000858306885, 3.0399999618530273, 2.700000047683716, 2.75, 2.990000009536743, 2.799999952316284, 2.7799999713897705, 2.809999942779541, 2.9800000190734863, 3.069999933242798, 5.690000057220459, 4.800000190734863, 5.019999980926514, 9.069999694824219, 6.320000171661377, 6.699999809265137, 6.800000190734863, 6.570000171661377, 6.670000076293945, 7.0, 8.300000190734863, 8.100000381469727, 7.829999923706055, 7.639999866485596, 7.639999866485596, 7.559999942779541, 8.869999885559082, 8.579999923706055, 10.15999984741211, 9.760000228881836, 8.5, 8.359999656677246, 8.369999885559082, 8.039999961853027, 7.989999771118164, 6.820000171661377, 6.949999809265137, 6.840000152587891]
assets:[0, 99.9999, 204.44435170326236, 304.444367645073, 440.7185871772766, 495.4737179757356, 597.5731931447983, 654.7092341904402, 739.8294378165722, 891.445481518507, 975.9421238817215, 1123.4436987519264, 1403.573875, 1554.6128179791451, 1823.7112575349329, 1854.456216729641, 1747.0498808540108, 1879.402525, 2143.4230678365466, 2107.218924114275, 2192.1673094394205, 2315.823798842526, 2555.926944359207, 2733.1193235682726, 5165.618755947113, 4457.63969713068, 4761.947885906982, 8703.758549147033, 6164.802455445957, 6635.470771102142, 6834.508151702786, 6703.3409531453135, 6905.370371986199, 7347.0152, 8811.461142488288, 8699.137159686088, 8509.165504088402, 8402.685009157132, 8502.684967409563, 8513.6515995615, 10088.901077832794, 9859.049684332656, 11774.585367163467, 11411.0194355999, 10037.875250000001, 9972.544942454339, 10084.473834117509, 9786.878089564705, 9826.013828523635, 8487.16148962431, 8748.939844895269, 8710.467962314606]
shares:[0, 44.4444, 86.9976, 129.5508, 167.5736, 209.9465, 252.1406, 297.5951, 344.1067, 387.585, 431.8328, 474.0269, 510.3905, 545.4782, 577.1238, 610.0185, 647.0555, 683.4191, 716.8639, 752.5782, 788.5494, 824.1366, 857.6936, 890.2669, 907.8416, 928.6749, 948.5952, 959.6206, 975.4434, 990.3688, 1005.0747, 1020.2954, 1035.2879, 1049.5736, 1061.6218, 1073.9675, 1086.7389, 1099.8279, 1112.9169, 1126.1444, 1137.4184, 1149.0734, 1158.9159, 1169.1618, 1180.9265, 1192.8882, 1204.8356, 1217.2734, 1229.789, 1244.4518, 1258.8403, 1273.4602]
growth_rate:70.79
