ticker:SLNO
price:[2.0399999618530273, 2.009999990463257, 1.940000057220459, 1.850000023841858, 2.059999942779541, 2.0199999809265137, 1.9600000381469727, 1.850000023841858, 1.7400000095367432, 1.940000057220459, 2.059999942779541, 1.9900000095367432, 1.9199999570846558, 1.9299999475479126, 1.8200000524520874, 2.059999942779541, 1.899999976158142, 1.9299999475479126, 2.240000009536743, 2.0899999141693115, 2.109999895095825, 1.9600000381469727, 2.7049999237060547, 2.869999885559082, 3.0299999713897705, 2.4100000858306885, 2.690000057220459, 1.5399999618530273, 1.590000033378601, 1.2699999809265137, 1.309999942779541, 1.2100000381469727, 1.149999976158142, 1.190000057220459, 1.2100000381469727, 1.1100000143051147, 0.9710000157356262, 1.0299999713897705, 1.0299999713897705, 1.1299999952316284, 1.149999976158142, 1.0800000429153442, 1.1799999475479126, 1.100000023841858, 1.0399999618530273, 0.9430000185966492, 0.9419999718666077, 0.9100000262260437, 0.9599999785423279, 0.875, 0.8240000009536743, 0.8889999985694885]
assets:[0, 99.99991152553558, 196.51734979629518, 287.4006487038732, 420.0245123330116, 511.86880316677093, 596.6647796127319, 663.1785735467076, 723.7463919667721, 906.9356707501411, 1063.034748472166, 1126.9123294005394, 1187.2721014623999, 1293.4558568474292, 1319.735728034556, 1593.7667477300643, 1569.9791002993584, 1694.768272940862, 2066.9850968001365, 2028.5708456920386, 2147.983058207393, 2095.282964779949, 2991.7042181196216, 3274.192588441944, 3556.726076416254, 2928.947332312679, 3369.2398666689396, 2028.8584737436292, 2194.730629073608, 1853.023825170374, 2011.3867501431464, 1957.845885723877, 1960.7624943493724, 2128.9630573699474, 2264.743882399273, 2177.5749400634763, 2004.887624290383, 2226.7087341488837, 2326.708753371191, 2652.602894806552, 2799.551546959555, 2729.1442324464438, 3081.842561009252, 2972.9042844359633, 2910.745653234482, 2739.2627595202625, 2836.3577704904797, 2840.0060688484846, 3096.050234797883, 2921.9208375, 2851.614578500378, 3176.55985968852]
shares:[0, 49.7512, 101.2976, 155.3517, 203.8954, 253.4004, 304.4208, 358.4749, 415.9462, 467.4926, 516.0363, 566.2876, 618.3709, 670.1844, 725.1295, 773.6732, 826.3048, 878.1183, 922.7612, 970.6081, 1018.0015, 1069.0219, 1105.9905, 1140.8337, 1173.837, 1215.3308, 1252.5055, 1317.4406, 1380.3337, 1459.0739, 1535.4098, 1618.0544, 1705.0109, 1789.0445, 1871.6891, 1961.7792, 2064.7658, 2161.8532, 2258.9406, 2347.4362, 2434.3927, 2526.9853, 2611.7311, 2702.6402, 2798.794, 2904.8385, 3010.9956, 3120.8857, 3225.0524, 3339.3381, 3460.6973, 3573.1832]
growth_rate:-37.71
