ticker:SLP
price:[59.970001220703125, 62.83000183105469, 64.81999969482422, 70.9800033569336, 68.0, 74.58999633789062, 72.27999877929688, 70.05999755859375, 64.81999969482422, 74.98999786376953, 68.08999633789062, 58.880001068115234, 56.0, 57.560001373291016, 59.130001068115234, 65.9000015258789, 72.04000091552734, 71.91999816894531, 82.31999969482422, 71.19000244140625, 74.61000061035156, 79.13999938964844, 85.25, 85.47000122070312, 75.86000061035156, 71.72000122070312, 66.45999908447266, 71.16000366210938, 65.44999694824219, 60.060001373291016, 63.029998779296875, 62.5, 62.90999984741211, 68.95999908447266, 63.13999938964844, 57.09000015258789, 51.959999084472656, 53.540000915527344, 52.779998779296875, 52.58000183105469, 54.68000030517578, 54.52000045776367, 53.529998779296875, 55.33000183105469, 53.310001373291016, 43.369998931884766, 47.349998474121094, 47.189998626708984, 48.27000045776367, 47.290000915527344, 42.869998931884766, 45.040000915527344]
assets:[0, 100.00023091430664, 203.16532504348754, 322.469253250885, 408.9316, 548.5646690673829, 631.5754013336182, 712.1738871826172, 758.9060744270325, 977.9745581405639, 987.985846862793, 954.350609312439, 1007.6696, 1135.7394110969544, 1266.7183608818054, 1511.7526250038147, 1752.6035502731322, 1849.6816649078369, 2217.1574797805783, 2017.3894081848146, 2214.305442114258, 2448.749861114502, 2737.80375, 2844.8689906311033, 2624.998773120117, 2581.740743942261, 2492.3961776657106, 2768.6578424835207, 2646.4968066009524, 2528.5500818161013, 2753.5852536712646, 2830.43125, 2949.000607847214, 3332.602291755676, 3151.3426255371096, 2949.3835878829955, 2784.359686940002, 2969.0286267700194, 3026.8854279937746, 3115.417688491821, 3339.8434826400758, 3430.0713087997437, 3467.7857339202883, 3684.391623928833, 3649.879906022644, 3069.3338574085233, 3451.000468789673, 3539.339558000565, 3720.3427072814943, 3744.810050498962, 3494.7966089263914, 3771.6947166671753]
shares:[0, 1.5916, 3.1343, 4.5431, 6.0137, 7.3544, 8.7379, 10.1652, 11.7079, 13.0414, 14.51, 16.2084, 17.9941, 19.7314, 21.4226, 22.9401, 24.3282, 25.7186, 26.9334, 28.3381, 29.6784, 30.942, 32.115, 33.285, 34.6032, 35.9975, 37.5022, 38.9075, 40.4354, 42.1004, 43.6869, 45.2869, 46.8765, 48.3266, 49.9104, 51.662, 53.5866, 55.4544, 57.3491, 59.251, 61.0798, 62.914, 64.7821, 66.5894, 68.4652, 70.7709, 72.8828, 75.0019, 77.0736, 79.1882, 81.5208, 83.741]
growth_rate:-26.05
