ticker:SLQD
price:[52.13999938964844, 52.15999984741211, 52.189998626708984, 52.04999923706055, 52.029998779296875, 52.09000015258789, 52.130001068115234, 52.11000061035156, 52.060001373291016, 52.060001373291016, 52.060001373291016, 52.06999969482422, 52.189998626708984, 52.099998474121094, 52.119998931884766, 52.099998474121094, 52.150001525878906, 52.220001220703125, 52.119998931884766, 52.13999938964844, 52.130001068115234, 52.13999938964844, 52.11000061035156, 52.119998931884766, 52.060001373291016, 51.93000030517578, 51.75, 51.70000076293945, 51.709999084472656, 51.7400016784668, 51.709999084472656, 51.790000915527344, 51.810001373291016, 51.86000061035156, 51.900001525878906, 51.900001525878906, 51.880001068115234, 51.900001525878906, 51.959999084472656, 51.869998931884766, 51.93000030517578, 51.77000045776367, 51.79999923706055, 51.779998779296875, 51.83000183105469, 51.79999923706055, 51.849998474121094, 51.90999984741211, 51.77000045776367, 51.79999923706055, 51.7400016784668, 51.779998779296875]
assets:[0, 100.00115170745849, 200.05992173576354, 299.52172060966495, 399.4082856292724, 499.8712684642791, 600.2561102989197, 700.0249041992188, 799.3552910861969, 899.3573477241516, 999.3594043621064, 1099.5517695556641, 1202.0870193691255, 1300.0147919258118, 1400.5112792987823, 1499.9745860694884, 1601.4118168563841, 1703.5626558227539, 1800.2977311058046, 1900.9878797470092, 2000.6243289916993, 2101.0073454055782, 2199.797620765686, 2300.2171248607633, 2397.5713032455446, 2491.5858356422423, 2582.951175, 2680.453749555588, 2780.9740927627563, 2882.5855395122526, 2980.9159752227783, 3085.5291375450133, 3186.7192024681094, 3289.796184718323, 3392.3346097358703, 3492.335532675934, 3590.988409931946, 3692.3737085571292, 3796.644389103699, 3890.0683748950955, 3994.5698694747925, 4082.2612620964055, 4184.6266783664705, 4283.008489028931, 4387.145321989441, 4484.6056539482115, 4588.932264953613, 4694.2420502014165, 4781.580782279968, 4884.351428060532, 4978.6920095108035, 5082.538272180176]
shares:[0, 1.9172, 3.8333, 5.7545, 7.6765, 9.5963, 11.5146, 13.4336, 15.3545, 17.2754, 19.1963, 21.1168, 23.0329, 24.9523, 26.8709, 28.7903, 30.7078, 32.6228, 34.5414, 36.4593, 38.3776, 40.2955, 42.2145, 44.1331, 46.054, 47.9797, 49.9121, 51.8463, 53.7802, 55.7129, 57.6468, 59.5777, 61.5078, 63.4361, 65.3629, 67.2897, 69.2172, 71.144, 73.0686, 74.9965, 76.9222, 78.8538, 80.7843, 82.7155, 84.6449, 86.5754, 88.504, 90.4304, 92.362, 94.2925, 96.2252, 98.1564]
growth_rate:-0.34
