ticker:SLRC
price:[16.34000015258789, 16.649999618530273, 16.1200008392334, 15.770000457763672, 16.290000915527344, 16.56999969482422, 16.34000015258789, 16.229999542236328, 15.819999694824219, 16.75, 17.260000228881836, 17.440000534057617, 18.1200008392334, 17.93000030517578, 17.530000686645508, 17.209999084472656, 17.1299991607666, 17.510000228881836, 17.81999969482422, 17.780000686645508, 17.850000381469727, 17.350000381469727, 18.040000915527344, 18.8700008392334, 19.010000228881836, 19.350000381469727, 18.989999771118164, 18.969999313354492, 18.25, 18.149999618530273, 18.1200008392334, 18.959999084472656, 18.59000015258789, 18.389999389648438, 18.469999313354492, 18.809999465942383, 18.239999771118164, 18.56999969482422, 18.649999618530273, 18.959999084472656, 19.549999237060547, 19.15999984741211, 19.0, 19.079999923706055, 19.0, 18.989999771118164, 18.75, 18.8799991607666, 19.020000457763672, 19.489999771118164, 18.829999923706055, 18.920000076293945]
assets:[0, 99.99989770889283, 196.81715024662017, 292.5445474918365, 402.1903486038208, 509.1032986236572, 602.0375016220092, 697.9841143135071, 780.3515429466248, 926.22475, 1054.4254959825516, 1165.4210596881867, 1310.8624687129975, 1397.1163817794798, 1465.9480604207993, 1539.1883151191712, 1632.0332620433805, 1768.2368671134948, 1899.542469469452, 1995.2787890556335, 2103.1334549457547, 2144.222352144432, 2329.4962982215884, 2536.6734558172225, 2655.4936249723437, 2802.9888102586747, 2850.8395336395265, 2947.8373522989273, 2935.95415, 3019.8659065296174, 3114.8752562664035, 3359.273861789703, 3393.71792685585, 3457.2058672576904, 3572.2456271972655, 3738.003976869774, 3724.7319852607725, 3892.1196620376586, 4008.8864230016707, 4175.522678375244, 4405.457433076858, 4417.573632818985, 4480.6845, 4599.550709608078, 4680.2662, 4777.802285414314, 4817.41875, 4950.819107931518, 5087.530586444092, 5313.246797603607, 5233.3220797960275, 5358.335113607216]
shares:[0, 6.006, 12.2095, 18.5507, 24.6894, 30.7244, 36.8444, 43.0058, 49.3269, 55.297, 61.0907, 66.8246, 72.3434, 77.9206, 83.6251, 89.4357, 95.2734, 100.9844, 106.5961, 112.2204, 117.8226, 123.5863, 129.1295, 134.4289, 139.6893, 144.8573, 150.1232, 155.3947, 160.8742, 166.3838, 171.9026, 177.1769, 182.5561, 187.9938, 193.408, 198.7243, 204.2068, 209.5918, 214.9537, 220.228, 225.3431, 230.5623, 235.8255, 241.0666, 246.3298, 251.5957, 256.929, 262.2256, 267.4832, 272.614, 277.9247, 283.2101]
growth_rate:5.07
