ticker:SLRX
price:[0.8100000023841858, 0.8429999947547913, 0.8650000095367432, 0.7919999957084656, 0.8140000104904175, 0.8489999771118164, 0.8479999899864197, 0.7900000214576721, 0.6470000147819519, 0.6679999828338623, 0.7300000190734863, 0.6610000133514404, 0.6840000152587891, 1.1699999570846558, 0.9200000166893005, 0.8399999737739563, 0.8899999856948853, 0.9100000262260437, 1.1799999475479126, 1.2100000381469727, 1.2549999952316284, 1.1100000143051147, 1.6399999856948853, 2.5999999046325684, 2.390000104904175, 1.7999999523162842, 1.2799999713897705, 1.6299999952316284, 1.5299999713897705, 1.559999942779541, 1.5199999809265137, 1.3799999952316284, 1.149999976158142, 1.2200000286102295, 1.2799999713897705, 1.2300000190734863, 1.3300000429153442, 1.3600000143051147, 1.2799999713897705, 1.2100000381469727, 1.1699999570846558, 1.0299999713897705, 1.159999966621399, 1.0800000429153442, 0.9789999723434448, 0.8849999904632568, 0.8640000224113464, 0.8109999895095825, 0.8560000061988831, 0.9200000166893005, 0.8299999833106995, 1.0]
assets:[0, 100.00003137779235, 202.60973073379992, 285.51085045292973, 393.44169547047613, 510.3586770412445, 609.7575303996981, 668.05245814538, 647.1265032848418, 768.1305750607252, 939.4241765453338, 950.6292655016184, 1083.7071205755233, 1953.7094523383616, 1636.25029768247, 1593.967570233971, 1788.8466602475762, 1929.0455375947593, 2601.399564365387, 2767.537013250542, 2970.461873213732, 2727.261155147553, 4129.4668279801845, 6646.715416199922, 6209.865811569382, 4776.88613345573, 3496.8968178382634, 4553.079638680506, 4373.749565213085, 4559.509332758188, 4542.598982997894, 4224.201789403939, 3620.1680699464914, 3940.52628240931, 4234.322465355515, 4168.919383647012, 4607.856037682497, 4811.792522612679, 4628.7457525394675, 4475.611424100018, 4427.657045594501, 3997.8519829519746, 4602.435239566505, 4385.02621824528, 4074.9447445836186, 3783.683558727097, 3793.901340010226, 3661.1734866421225, 3964.3212671083693, 4360.7192111058175, 4034.126938883424, 4960.394]
shares:[0, 118.624, 234.2309, 360.4935, 483.3436, 601.1292, 719.0537, 845.636, 1000.1955, 1149.8961, 1286.8824, 1438.1683, 1584.3671, 1669.8372, 1778.5329, 1897.5805, 2009.9401, 2119.8302, 2204.576, 2287.2206, 2366.9019, 2456.992, 2517.9676, 2556.4291, 2598.2701, 2653.8257, 2731.9507, 2793.3004, 2858.6599, 2922.7625, 2988.552, 3061.0158, 3147.9723, 3229.9395, 3308.0645, 3389.3653, 3464.5533, 3538.0827, 3616.2077, 3698.8523, 3784.3224, 3881.4098, 3967.6167, 4060.2093, 4162.3543, 4275.3487, 4391.0894, 4514.394, 4631.2164, 4739.9121, 4860.394, 4960.394]
growth_rate:-2.74
