ticker:SLS
price:[1.8799999952316284, 1.9299999475479126, 2.700000047683716, 2.549999952316284, 2.559999942779541, 2.740000009536743, 2.5999999046325684, 2.7100000381469727, 2.559999942779541, 2.6700000762939453, 2.630000114440918, 3.119999885559082, 3.7200000286102295, 3.859999895095825, 8.369999885559082, 6.96999979019165, 6.309999942779541, 5.809999942779541, 6.329999923706055, 6.010000228881836, 5.960000038146973, 6.099999904632568, 9.260000228881836, 9.4399995803833, 9.359999656677246, 8.130000114440918, 7.889999866485596, 10.260000228881836, 10.619999885559082, 8.239999771118164, 9.109999656677246, 9.039999961853027, 7.539999961853027, 8.229999542236328, 7.880000114440918, 8.069999694824219, 8.149999618530273, 9.75, 11.960000038146973, 10.520000457763672, 11.430000305175781, 11.390000343322754, 13.020000457763672, 9.100000381469727, 9.4399995803833, 8.289999961853027, 8.779999732971191, 8.5600004196167, 9.399999618530273, 10.069999694824219, 8.680000305175781, 9.319999694824219]
assets:[0, 100.00005228227377, 239.89635423672198, 326.56880389332775, 427.8494624368191, 557.9327759419203, 629.4251369128227, 756.0547806425095, 814.2067018010617, 949.1922361227035, 1034.9721100354195, 1327.7995672966003, 1683.1456329449416, 1846.4896218174936, 4103.916405888176, 3517.4787001181603, 3284.4035572163107, 3124.1496832314488, 3503.763833769989, 3426.638291498375, 3498.1302383897782, 3680.3007424621583, 5686.817086562539, 5897.359369856929, 5947.382157851314, 5265.835220123863, 5210.386276829959, 6875.483679379463, 7216.728528232669, 5699.419969687652, 6401.178609762859, 6451.992612773895, 5481.418616267967, 6083.033800653458, 5924.339322038937, 6167.18495778122, 6328.3214837959285, 7670.6916, 9509.381678330612, 8464.43970831871, 9296.62961021576, 9364.095152256967, 10804.172149858474, 7651.3030707407, 8037.175050740147, 7158.070103061676, 7681.164328390408, 7588.698028002834, 8433.382617757416, 9134.485646175384, 7973.618408340454, 8661.534260385131]
shares:[0, 51.8135, 88.8505, 128.0662, 167.1287, 203.6251, 242.0866, 278.987, 318.0495, 355.5027, 393.5255, 425.5768, 452.4585, 478.3652, 490.3126, 504.6598, 520.5077, 537.7194, 553.5172, 570.1561, 586.9346, 603.328, 614.1271, 624.7203, 635.4041, 647.7042, 660.3785, 670.1251, 679.5413, 691.6772, 702.6541, 713.716, 726.9786, 739.1293, 751.8197, 764.2113, 776.4812, 786.7376, 795.0988, 804.6045, 813.3534, 822.133, 829.8135, 840.8025, 851.3957, 863.4584, 874.8479, 886.5301, 897.1684, 907.0989, 918.6196, 929.3492]
growth_rate:69.83
