ticker:SLVO
price:[7.239999771118164, 7.179999828338623, 7.289999961853027, 6.110000133514404, 6.340000152587891, 6.610000133514404, 6.460000038146973, 6.369999885559082, 6.210000038146973, 6.599999904632568, 6.570000171661377, 6.28000020980835, 5.960000038146973, 6.309999942779541, 6.28000020980835, 6.579999923706055, 6.460000038146973, 6.579999923706055, 6.400000095367432, 6.340000152587891, 6.400000095367432, 6.519999980926514, 6.71999979019165, 6.860000133514404, 6.679999828338623, 6.550000190734863, 6.300000190734863, 6.5, 6.380000114440918, 6.199999809265137, 6.210000038146973, 6.320000171661377, 6.409999847412109, 6.239999771118164, 6.260000228881836, 6.440000057220459, 6.480000019073486, 6.349999904632568, 6.449999809265137, 6.46999979019165, 6.510000228881836, 6.159999847412109, 6.059999942779541, 6.139999866485596, 6.079999923706055, 5.96999979019165, 5.78000020980835, 5.840000152587891, 5.579999923706055, 5.440000057220459, 5.260000228881836, 5.480000019073486]
assets:[0, 100.000165609169, 201.53204894542694, 268.91088187618254, 379.0337391223907, 495.1756010019779, 583.9387834482193, 675.80347985878, 758.8290916613579, 906.4849069016457, 1002.3645591898442, 1058.1203753507136, 1104.2032470674515, 1269.0476274919986, 1363.0143855369092, 1528.1266802816392, 1600.2582894496918, 1729.9846279411315, 1782.6598665637016, 1865.947634908676, 1983.6064295580386, 2120.7988617958545, 2285.854296632242, 2433.4766593621252, 2469.6246605360507, 2521.5633984274864, 2525.320426455021, 2705.4891500000003, 2755.541827427387, 2777.7989345446586, 2882.279609705353, 3033.3346423902512, 3176.5305503837585, 3192.285290907669, 3302.5169567485805, 3497.4777350756644, 3619.2011866528987, 3646.59349023366, 3804.020257510185, 3915.815975018406, 4040.025418041229, 3922.8197268287663, 3959.137948616552, 4111.403468597459, 4171.227115657997, 4195.760627545118, 4162.227281084776, 4305.433824492646, 4213.753124386406, 4208.032076262045, 4168.795823399544, 4443.156067464685]
shares:[0, 13.9276, 27.645, 44.0116, 59.7845, 74.9131, 90.393, 106.0916, 122.1947, 137.3462, 152.5669, 168.4905, 185.269, 201.1169, 217.0405, 232.2381, 247.718, 262.9156, 278.5406, 294.3135, 309.9385, 325.2759, 340.1569, 354.7342, 369.7043, 384.9715, 400.8445, 416.2291, 431.9031, 448.0321, 464.1352, 479.958, 495.5586, 511.5842, 527.5586, 543.0866, 558.5187, 574.2667, 589.7706, 605.2266, 620.5876, 636.8214, 653.3231, 669.6097, 686.0571, 702.8075, 720.1085, 737.2318, 755.1529, 773.5353, 792.5467, 810.7949]
growth_rate:-12.88
