ticker:SMBC
price:[24.399999618530273, 23.299999237060547, 25.0, 23.200000762939453, 23.360000610351562, 22.850000381469727, 24.469999313354492, 24.350000381469727, 25.479999542236328, 25.889999389648438, 28.700000762939453, 30.200000762939453, 30.690000534057617, 31.100000381469727, 30.520000457763672, 31.420000076293945, 31.260000228881836, 30.440000534057617, 32.47999954223633, 32.279998779296875, 32.91999816894531, 30.649999618530273, 34.189998626708984, 35.41999816894531, 35.34000015258789, 36.7400016784668, 39.099998474121094, 41.25, 41.45000076293945, 40.279998779296875, 40.0, 40.099998474121094, 39.91999816894531, 40.209999084472656, 41.88999938964844, 43.540000915527344, 44.779998779296875, 44.45000076293945, 44.20000076293945, 44.84000015258789, 45.91999816894531, 45.0, 46.27000045776367, 45.099998474121094, 45.470001220703125, 45.349998474121094, 44.41999816894531, 44.880001068115234, 45.0, 45.20000076293945, 44.459999084472656, 45.16999816894531]
assets:[0, 99.99893672561646, 207.29500000000002, 292.3687296146393, 394.3845543045044, 485.77501310977937, 620.2141555963516, 717.1732562353134, 850.4535887210845, 964.13839927063, 1168.7817010700226, 1329.869113596344, 1451.446747257614, 1570.8361392677307, 1641.5395886211395, 1789.947132346344, 1880.832937771225, 1931.4971778873442, 2160.939841544342, 2247.633719003296, 2392.197506942749, 2327.242211035156, 2696.031827709961, 2893.0239844436646, 2986.491528894806, 3204.800954411316, 3510.659832996368, 3803.6996249999997, 3922.1400021919253, 3911.429561462402, 3984.24, 4094.201824208069, 4175.82342446289, 4306.15715895462, 4586.071054179382, 4866.709726333618, 5105.309446829224, 5167.68596869812, 5238.619450424194, 5414.47485842514, 5644.885678910828, 5631.7905, 5890.730925278855, 5841.775742353821, 5989.704149801636, 6073.897625633239, 6049.337450637818, 6211.984563841247, 6328.593, 6456.720668984222, 6451.012487159729, 6654.033083265686]
shares:[0, 4.2918, 8.2918, 12.6021, 16.8829, 21.2593, 25.3459, 29.4527, 33.3773, 37.2398, 40.7241, 44.0354, 47.2938, 50.5092, 53.7857, 56.9684, 60.1674, 63.4526, 66.5314, 69.6293, 72.667, 75.9296, 78.8544, 81.6777, 84.5074, 87.2292, 89.7867, 92.2109, 94.6234, 97.106, 99.606, 102.0998, 104.6048, 107.0917, 109.4789, 111.7756, 114.0087, 116.2584, 118.5208, 120.751, 122.9287, 125.1509, 127.3121, 129.5294, 131.7287, 133.9338, 136.185, 138.4132, 140.6354, 142.8478, 145.097, 147.3109]
growth_rate:30.47
