ticker:SMBK
price:[13.899999618530273, 13.760000228881836, 13.899999618530273, 13.15999984741211, 13.869999885559082, 15.0, 14.319999694824219, 14.600000381469727, 14.9399995803833, 14.819999694824219, 16.34000015258789, 17.549999237060547, 18.079999923706055, 18.81999969482422, 18.43000030517578, 17.950000762939453, 18.040000915527344, 18.139999389648438, 19.84000015258789, 19.739999771118164, 20.450000762939453, 19.799999237060547, 20.989999771118164, 21.200000762939453, 21.389999389648438, 21.0, 22.479999542236328, 23.59000015258789, 23.68000030517578, 22.280000686645508, 21.84000015258789, 21.6299991607666, 22.420000076293945, 23.520000457763672, 23.690000534057617, 23.979999542236328, 23.65999984741211, 24.260000228881836, 24.25, 24.469999313354492, 24.530000686645508, 23.690000534057617, 25.110000610351562, 24.0, 23.920000076293945, 24.549999237060547, 24.350000381469727, 24.3700008392334, 24.920000076293945, 24.8799991607666, 24.540000915527344, 25.059999465942383]
assets:[0, 99.99942566337586, 201.0162344833374, 290.3148606338501, 405.97767065029143, 539.0535, 614.6158189018249, 726.6332589855193, 843.5542083072662, 936.7781087097168, 1132.8587465789794, 1316.7483627578736, 1456.5139458538056, 1616.1279517936707, 1682.6369118621826, 1738.8129839057922, 1847.5306137619018, 1957.7721321273805, 2241.2454572372435, 2329.949678984642, 2513.752948781967, 2533.853422364807, 2786.1412036190036, 2914.0164248687743, 3040.1328062515263, 3084.7026, 3402.100650722504, 3670.0874027393343, 3784.090096767425, 3660.3679448085786, 3688.0815137672425, 3752.618836400223, 3989.677127576637, 4285.4240514060975, 4416.398873561478, 4570.46081875267, 4609.469562272644, 4826.362077534484, 4924.372325, 5069.04600275898, 5181.474498040199, 5104.041412063408, 5509.9828519317625, 5366.412, 5448.523929378319, 5692.0253431091305, 5745.6553100120545, 5850.374503470231, 6082.408826621628, 6172.645687788963, 6188.293748870086, 6419.42208919468]
shares:[0, 7.2674, 14.4616, 22.0604, 29.2702, 35.9369, 42.9201, 49.7694, 56.4628, 63.2104, 69.3304, 75.0284, 80.5594, 85.8729, 91.2988, 96.8698, 102.413, 107.9257, 112.966, 118.0319, 122.9219, 127.9724, 132.7366, 137.4536, 142.1287, 146.8906, 151.339, 155.5781, 159.8011, 164.2894, 168.8682, 173.4914, 177.9517, 182.2034, 186.4246, 190.5947, 194.8212, 198.9432, 203.0669, 207.1535, 211.2301, 215.4513, 219.4338, 223.6005, 227.7811, 231.8544, 235.9612, 240.0646, 244.0774, 248.0967, 252.1717, 256.1621]
growth_rate:25.87
