ticker:SMCI
price:[25.540000915527344, 25.65999984741211, 26.950000762939453, 25.709999084472656, 25.829999923706055, 27.709999084472656, 27.290000915527344, 25.459999084472656, 22.719999313354492, 27.969999313354492, 29.530000686645508, 29.940000534057617, 29.649999618530273, 30.6299991607666, 29.920000076293945, 30.489999771118164, 30.520000457763672, 31.65999984741211, 31.8799991607666, 32.349998474121094, 34.209999084472656, 31.0, 31.950000762939453, 31.950000762939453, 31.68000030517578, 32.630001068115234, 33.90999984741211, 36.459999084472656, 38.54999923706055, 38.16999816894531, 39.599998474121094, 39.68000030517578, 39.16999816894531, 38.25, 37.02000045776367, 36.38999938964844, 36.2599983215332, 35.65999984741211, 34.7400016784668, 36.689998626708984, 36.650001525878906, 34.2599983215332, 36.0099983215332, 35.40999984741211, 34.560001373291016, 34.13999938964844, 35.099998474121094, 38.040000915527344, 38.95000076293945, 36.29999923706055, 35.63999938964844, 35.72999954223633]
assets:[0, 99.99958540534973, 205.02752080421448, 295.593001473999, 396.97351982746125, 525.8665076255799, 617.894742729187, 676.4594456748963, 703.6588267339706, 966.257190279007, 1120.1497040462493, 1235.7016660419463, 1323.7331279691696, 1467.486322792244, 1533.4688199102402, 1662.6837165185927, 1764.3184984626769, 1930.2215426971436, 2043.6354662017823, 2173.764617468262, 2398.7469788047792, 2273.6671, 2443.3443583450317, 2543.344665732956, 2621.8526652565, 2800.4763676712037, 3010.333108454132, 3336.706090213776, 3627.9751231990813, 3692.2144588806154, 3930.5414085472107, 4038.483615059662, 4086.5784899673463, 4090.5965250000004, 4059.054248191452, 4089.977562400818, 4175.367814723206, 4206.278848001481, 4197.759466815186, 4533.383209317398, 4628.440732699585, 4426.61447313118, 4752.725613470077, 4773.537095429993, 4758.950205103683, 4801.114942166138, 5036.119701068115, 5557.948453765869, 5790.906943430328, 5496.916144467927, 5496.970945861816, 5610.853332115173]
shares:[0, 3.8971, 7.6077, 11.4972, 15.3687, 18.9775, 22.6418, 26.5695, 30.9709, 34.5462, 37.9326, 41.2726, 44.6453, 47.9101, 51.2523, 54.5321, 57.8086, 60.9672, 64.104, 67.1952, 70.1183, 73.3441, 76.474, 79.6039, 82.7605, 85.8252, 88.7742, 91.5169, 94.1109, 96.7308, 99.2561, 101.7763, 104.3293, 106.9437, 109.6449, 112.3929, 115.1508, 117.9551, 120.8336, 123.5591, 126.2876, 129.2065, 131.9835, 134.8076, 137.7011, 140.6302, 143.4792, 146.108, 148.6754, 151.4302, 154.236, 157.0348]
growth_rate:10.02
