ticker:SMCP
price:[21.75, 21.29599952697754, 21.68400001525879, 20.85700035095215, 21.256000518798828, 22.459999084472656, 22.459999084472656, 22.531999588012695, 21.440000534057617, 22.56599998474121, 23.152999877929688, 24.27899932861328, 24.93400001525879, 25.46500015258789, 25.834999084472656, 26.395000457763672, 26.107999801635742, 26.270000457763672, 27.719999313354492, 27.702999114990234, 27.700000762939453, 27.2189998626709, 29.01099967956543, 29.731000900268555, 29.569000244140625, 29.139999389648438, 28.89299964904785, 31.125, 30.604000091552734, 29.922000885009766, 29.933000564575195, 30.22599983215332, 30.277999877929688, 30.6560001373291, 30.579999923706055, 30.959999084472656, 29.447999954223633, 30.20400047302246, 31.26099967956543, 31.711999893188477, 32.03799819946289, 30.773000717163086, 31.881000518798828, 31.59000015258789, 30.97599983215332, 30.389999389648438, 30.3700008392334, 30.440000534057617, 30.389999389648438, 30.98900032043457, 29.510000228881836, 31.31999969482422]
assets:[0, 99.99962497882844, 201.82166174201964, 294.1254189491272, 399.75309935684203, 522.3971187057496, 622.3980186294556, 724.3925207548142, 789.2857476606368, 930.7369259706497, 1054.9479170379639, 1206.2535236434937, 1338.7962232192995, 1467.3085877922058, 1588.6276792030335, 1723.0629903827667, 1804.3264770910264, 1915.5217423786164, 2121.2507714550015, 2219.949360780716, 2319.7088638916016, 2379.4278080949784, 2636.081584783745, 2801.504645230865, 2886.2389845306393, 2944.3638183288576, 3019.4051423244478, 3352.6573875000004, 3396.535983760834, 3420.8447199790953, 3522.102431031418, 3656.578239294815, 3762.868074229431, 3909.8447983148576, 4000.151442020035, 4149.859701283264, 4047.191763308716, 4251.09225057602, 4499.861472775077, 4664.781273888207, 4812.735274324036, 4722.7078016624455, 4992.752779146957, 5047.181709379196, 5049.081777441024, 5053.565154504395, 5150.238889319801, 5262.111144321632, 5353.46886348114, 5558.989712581443, 5393.678487833786, 5824.498911247253]
shares:[0, 4.6957, 9.3074, 14.102, 18.8066, 23.259, 27.7114, 32.1495, 36.8137, 41.2451, 45.5642, 49.683, 53.6936, 57.6206, 61.4913, 65.2799, 69.1101, 72.9167, 76.5242, 80.1339, 83.744, 87.4179, 90.8649, 94.2284, 97.6103, 101.042, 104.503, 107.7159, 110.9834, 114.3254, 117.6662, 120.9746, 124.2773, 127.5393, 130.8094, 134.0394, 137.4352, 140.746, 143.9449, 147.0983, 150.2196, 153.4692, 156.6059, 159.7715, 162.9998, 166.2904, 169.5831, 172.8683, 176.1589, 179.3859, 182.7746, 185.9674]
growth_rate:14.21
