ticker:SMED
price:[7.130000114440918, 7.300000190734863, 7.590000152587891, 6.429999828338623, 6.179999828338623, 6.690000057220459, 6.25, 6.079999923706055, 5.960000038146973, 6.730000019073486, 8.0600004196167, 8.4399995803833, 8.199999809265137, 8.130000114440918, 8.59000015258789, 9.640000343322754, 9.729999542236328, 9.449999809265137, 9.84000015258789, 11.109999656677246, 11.850000381469727, 13.220000267028809, 13.6899995803833, 14.520000457763672, 13.899999618530273, 12.720000267028809, 13.029999732971191, 14.550000190734863, 13.609999656677246, 13.539999961853027, 13.739999771118164, 13.430000305175781, 13.40999984741211, 15.899999618530273, 17.489999771118164, 16.18000030517578, 16.350000381469727, 16.420000076293945, 13.619999885559082, 11.710000038146973, 11.920000076293945, 10.489999771118164, 10.729999542236328, 10.149999618530273, 9.859999656677246, 9.390000343322754, 9.34000015258789, 9.979999542236328, 9.84000015258789, 9.670000076293945, 8.859999656677246, 9.510000228881836]
assets:[0, 99.9997826128006, 203.97214610061644, 272.7985297171116, 362.1918679394245, 492.0816162088394, 559.7175, 644.493367912674, 731.7729766837119, 926.3138376252651, 1209.3740469619752, 1366.3912000662804, 1427.5363267950058, 1515.3499083306313, 1701.0888972171783, 2009.0213795500754, 2127.777705895233, 2166.546646271324, 2355.9597485336303, 2760.0316617091175, 3043.8681229867934, 3495.7752466106413, 3720.057511975289, 4045.5988275432587, 3972.852020969582, 3735.588054420566, 3926.628206530094, 4484.685448789406, 4294.952504656506, 4372.862139680099, 4537.4535564147955, 4535.080107052612, 4628.326006335831, 5587.724145940399, 6246.497450255584, 5878.635824878692, 6040.401365931511, 6166.26174065094, 5214.766990183353, 4583.474348931312, 4765.672054502678, 4293.951330310058, 4492.192637353897, 4349.3712615365985, 4325.103639400959, 4218.937483255291, 4296.471988191604, 4690.876230838394, 4725.072625271225, 4743.4406094245915, 4446.1099657143595, 4872.291702263832]
shares:[0, 13.6986, 26.8738, 42.4259, 58.6071, 73.5548, 89.5548, 106.0022, 122.7807, 137.6395, 150.0464, 161.8947, 174.0898, 186.3899, 198.0313, 208.4047, 218.6822, 229.2642, 239.4268, 248.4277, 256.8665, 264.4308, 271.7354, 278.6225, 285.8167, 293.6783, 301.3529, 308.2258, 315.5733, 322.9588, 330.2368, 337.6828, 345.1399, 351.4292, 357.1468, 363.3273, 369.4435, 375.5336, 382.8757, 391.4154, 399.8047, 409.3376, 418.6573, 428.5095, 438.6515, 449.3011, 460.0077, 470.0277, 480.1903, 490.5316, 501.8183, 512.3335]
growth_rate:-4.46
