ticker:SMH
price:[171.41000366210938, 166.05999755859375, 168.27000427246094, 169.24000549316406, 173.14999389648438, 186.64999389648438, 186.47000122070312, 184.0, 174.9499969482422, 197.0, 196.1999969482422, 199.97999572753906, 206.4199981689453, 219.38999938964844, 212.50999450683594, 217.16000366210938, 214.8699951171875, 218.4199981689453, 230.33999633789062, 234.75999450683594, 240.92999267578125, 226.61000061035156, 235.2100067138672, 254.55999755859375, 253.86000061035156, 240.9499969482422, 228.7899932861328, 230.88999938964844, 233.67999267578125, 241.63999938964844, 252.94000244140625, 256.0799865722656, 252.41000366210938, 249.1999969482422, 243.0, 243.60000610351562, 233.33999633789062, 238.1699981689453, 249.19000244140625, 251.47999572753906, 251.47999572753906, 246.92999267578125, 253.5500030517578, 259.79998779296875, 257.0, 246.85000610351562, 257.30999755859375, 263.1400146484375, 268.57000732421875, 262.45001220703125, 256.3800048828125, 272.0400085449219]
assets:[0, 100.00133052978515, 201.3350601119995, 302.4995858184815, 409.4824205657959, 541.4156372955323, 640.8973941955566, 732.412, 796.3898811080933, 996.7609000000001, 1092.71626300354, 1213.7785840682982, 1352.8560259994506, 1537.8580787216185, 1589.6385119094848, 1724.4241570800782, 1806.2401529541016, 1936.0748637695315, 2141.724319949341, 2282.8296625839234, 2442.8373817382812, 2397.647111457825, 2588.650770890808, 2901.6021321716307, 2993.61867119751, 2941.3729927459717, 2892.9350701065064, 3019.4870560180666, 3155.9651410827637, 3363.4596435043336, 3620.760252947998, 3765.7074185424804, 3811.7444293029785, 3863.2727926895145, 3867.1506, 3976.6970196380616, 3909.2149606475828, 4090.141012554932, 4379.389697906494, 4519.623631214905, 4619.612077516174, 4636.03653348999, 4860.325363499451, 5080.128961303711, 5125.376700000001, 5022.953294195556, 5335.785957373047, 5556.675061328126, 5771.327744390869, 5739.808011968994, 5707.0445466918945, 6155.639701351929]
shares:[0, 0.6022, 1.1965, 1.7874, 2.3649, 2.9007, 3.437, 3.9805, 4.5521, 5.0597, 5.5694, 6.0695, 6.5539, 7.0097, 7.4803, 7.9408, 8.4062, 8.864, 9.2981, 9.7241, 10.1392, 10.5805, 11.0057, 11.3985, 11.7924, 12.2074, 12.6445, 13.0776, 13.5055, 13.9193, 14.3147, 14.7052, 15.1014, 15.5027, 15.9142, 16.3247, 16.7533, 17.1732, 17.5745, 17.9721, 18.3697, 18.7747, 19.1691, 19.554, 19.9431, 20.3482, 20.7368, 21.1168, 21.4891, 21.8701, 22.2601, 22.6277]
growth_rate:20.7
