ticker:SMID
price:[5.869999885559082, 6.050000190734863, 6.130000114440918, 6.0, 6.199999809265137, 6.5, 6.900000095367432, 7.090000152587891, 7.150000095367432, 7.199999809265137, 8.199999809265137, 8.119999885559082, 8.329999923706055, 8.75, 8.880000114440918, 9.149999618530273, 9.079999923706055, 9.449999809265137, 9.300000190734863, 10.09000015258789, 10.880000114440918, 11.010000228881836, 11.119999885559082, 11.149999618530273, 11.550000190734863, 12.25, 12.079999923706055, 12.899999618530273, 12.920000076293945, 11.770000457763672, 12.739999771118164, 11.789999961853027, 11.619999885559082, 11.949999809265137, 12.729999542236328, 13.0, 14.34000015258789, 15.479999542236328, 17.75, 17.350000381469727, 20.450000762939453, 20.110000610351562, 21.81999969482422, 23.010000228881836, 23.399999618530273, 17.739999771118164, 18.309999465942383, 17.700000762939453, 17.0, 19.0, 18.790000915527344, 18.75]
assets:[0, 99.99984815263748, 201.32207675848008, 297.0528, 406.9543474805832, 526.6456000000001, 659.0548891090392, 777.2029807266235, 883.7800517879485, 989.9603737750052, 1227.4546914489747, 1315.4797694600104, 1449.5007877241135, 1622.585125, 1746.6924705104827, 1899.8016107959747, 1985.2675273189543, 2166.16486627903, 2231.7814957718847, 2521.362895129776, 2818.7741096491814, 2952.454873377228, 3081.9524482822417, 3190.2668808528897, 3404.7159862249373, 3711.062775, 3759.5617362556454, 4114.763188321113, 4221.142320926285, 3945.42185344696, 4370.5754034799575, 4144.669555589771, 4184.908098784446, 4403.756569711303, 4791.198838711166, 4992.8189999999995, 5607.463469667435, 6153.244090040588, 7155.56105, 7094.309320980644, 8461.881070692063, 8421.195481588746, 9237.269942807006, 9841.043452889442, 10107.840435220718, 7762.952939842225, 8112.382588381767, 7942.117782336426, 7728.0232000000005, 8737.2032, 8740.634917880248, 8822.026875]
shares:[0, 16.5289, 32.8421, 49.5088, 65.6378, 81.0224, 95.5152, 109.6196, 123.6056, 137.4945, 149.6896, 162.0049, 174.0097, 185.4383, 196.6996, 207.6286, 218.6418, 229.2238, 239.9765, 249.8873, 259.0785, 268.1612, 277.154, 286.1226, 294.7806, 302.9439, 311.222, 318.9739, 326.7138, 335.21, 343.0593, 351.5411, 360.147, 368.5152, 376.3707, 384.063, 391.0365, 397.4964, 403.1302, 408.8939, 413.7839, 418.7566, 423.3396, 427.6855, 431.959, 437.596, 443.0575, 448.7072, 454.5896, 459.8528, 465.1748, 470.5081]
growth_rate:72.98
