ticker:SMIT
price:[4.840000152587891, 5.230000019073486, 5.349999904632568, 5.210000038146973, 4.980000019073486, 4.940000057220459, 5.099999904632568, 5.070000171661377, 5.139999866485596, 5.420000076293945, 5.46999979019165, 5.710000038146973, 5.670000076293945, 5.579999923706055, 6.480000019073486, 5.599999904632568, 5.920000076293945, 5.340000152587891, 5.5, 5.309999942779541, 5.079999923706055, 4.829999923706055, 5.690000057220459, 5.840000152587891, 6.400000095367432, 5.690000057220459, 6.059999942779541, 5.889999866485596, 6.369999885559082, 6.28000020980835, 6.880000114440918, 7.190000057220459, 6.389999866485596, 6.059999942779541, 6.190000057220459, 6.150000095367432, 5.860000133514404, 5.150000095367432, 5.400000095367432, 5.800000190734863, 5.989999771118164, 5.880000114440918, 5.650000095367432, 5.179999828338623, 5.03000020980835, 5.099999904632568, 5.099999904632568, 5.349999904632568, 5.46999979019165, 5.440000057220459, 5.28000020980835, 5.480000019073486]
assets:[0, 100.0002153646946, 202.29473139395714, 297.0012621746063, 383.88977547030447, 480.8062535692215, 596.3786888480187, 692.8707864593982, 802.4372471562385, 946.1499013183593, 1054.8779725389004, 1201.1613180246352, 1292.746976394844, 1372.2268852378845, 1693.553836984873, 1563.5647733726503, 1752.9114305906296, 1681.1735580387117, 1831.54565, 1868.274096867514, 1887.3505276548385, 1894.4689380752563, 2331.7864904491903, 2493.257249143982, 2832.336682205105, 2618.1243633286954, 2888.37171272707, 2907.3445750963688, 3244.275976714611, 3298.438858197451, 3713.5763817710877, 3980.9031496813773, 3637.9655869873523, 3550.0897704789163, 3726.2469494454863, 3802.168063959837, 3722.8785948221685, 3371.8132124390604, 3635.493364205122, 4004.78935169878, 4235.980484140396, 4258.191418876076, 4191.629415751314, 3942.9449033337114, 3928.7671738743784, 4083.4414036417006, 4183.4411817717555, 4488.511889989185, 4689.188499140597, 4763.471314104414, 4723.369387689829, 5002.284853410769]
shares:[0, 19.1205, 37.8121, 57.006, 77.0863, 97.3292, 116.937, 136.6609, 156.1162, 174.5664, 192.8479, 210.361, 227.9977, 245.9188, 261.3509, 279.208, 296.0999, 314.8265, 333.0083, 351.8407, 371.5257, 392.2296, 409.8043, 426.9276, 442.5526, 460.1273, 476.629, 493.6069, 509.3055, 525.2291, 539.764, 553.6722, 569.3217, 585.8234, 601.9785, 618.2387, 635.3035, 654.721, 673.2395, 690.4809, 707.1754, 724.1822, 741.8813, 761.1863, 781.067, 800.6748, 820.2826, 838.9742, 857.2557, 875.6381, 894.5775, 912.8257]
growth_rate:-1.92
