ticker:SMMF
price:[15.869999885559082, 15.369999885559082, 16.59000015258789, 14.890000343322754, 14.920000076293945, 17.459999084472656, 16.440000534057617, 18.670000076293945, 18.010000228881836, 17.40999984741211, 20.040000915527344, 20.780000686645508, 21.700000762939453, 22.190000534057617, 21.809999465942383, 22.25, 22.25, 22.079999923706055, 23.100000381469727, 22.979999542236328, 22.40999984741211, 20.700000762939453, 22.469999313354492, 22.989999771118164, 21.739999771118164, 24.09000015258789, 25.0, 26.520000457763672, 26.90999984741211, 26.200000762939453, 26.799999237060547, 26.1200008392334, 25.90999984741211, 25.450000762939453, 26.049999237060547, 24.8799991607666, 24.760000228881836, 24.649999618530273, 23.829999923706055, 23.649999618530273, 23.40999984741211, 22.729999542236328, 23.299999237060547, 22.200000762939453, 21.81999969482422, 22.5, 22.639999389648438, 23.25, 23.799999237060547, 23.5, 23.440000534057617, 24.0]
assets:[0, 100.0002932554245, 207.93740291252135, 286.62952860889436, 387.20682597999576, 553.12578699646, 620.812232167244, 805.0223982896804, 876.5647211399079, 947.3616596969605, 1190.4722463867188, 1334.4313820943833, 1493.5112325096131, 1627.2349001634598, 1699.3697283878328, 1833.65365, 1933.65405, 2018.8803770240784, 2212.1438165309905, 2300.651846170807, 2343.5862410427094, 2264.7581034721375, 2558.411651819229, 2717.6179859441754, 2669.856761891365, 3058.4567833724973, 3273.99, 3573.047617674637, 3725.5926028747563, 3727.2959485382084, 3912.6524886150355, 3913.3768857364657, 3981.9135515499115, 4011.22043024826, 4205.788006822968, 4116.890973132134, 4197.0354507974625, 4278.3895087900155, 4236.066063437844, 4304.0681605762475, 4360.39105057869, 4333.733534722137, 4542.409411262513, 4427.961092174149, 4452.16801173172, 4690.91475, 4820.10341405487, 5049.9744, 5269.436451081467, 5303.0147, 5389.4749387939455, 5618.234399999999]
shares:[0, 6.5062, 12.5339, 19.2498, 25.9522, 31.6796, 37.7623, 43.1185, 48.671, 54.4148, 59.4048, 64.2171, 68.8254, 73.3319, 77.917, 82.4114, 86.9058, 91.4348, 95.7638, 100.1154, 104.5777, 109.4086, 113.859, 118.2087, 122.8085, 126.9596, 130.9596, 134.7303, 138.4464, 142.2632, 145.9945, 149.823, 153.6825, 157.6118, 161.4506, 165.4699, 169.5087, 173.5655, 177.7619, 181.9902, 186.2619, 190.6614, 194.9532, 199.4577, 204.0407, 208.4851, 212.9021, 217.2032, 221.4049, 225.6602, 229.9264, 234.0931]
growth_rate:10.16
