ticker:SMMT
price:[3.3499999046325684, 3.259999990463257, 3.380000114440918, 3.4200000762939453, 3.2899999618530273, 3.5999999046325684, 3.5, 3.2699999809265137, 3.2699999809265137, 3.25, 4.849999904632568, 4.400000095367432, 4.340000152587891, 5.019999980926514, 4.880000114440918, 5.559999942779541, 5.699999809265137, 4.699999809265137, 5.190000057220459, 5.300000190734863, 5.590000152587891, 6.960000038146973, 8.960000038146973, 7.699999809265137, 7.329999923706055, 6.769999980926514, 5.670000076293945, 6.46999979019165, 6.039999961853027, 5.429999828338623, 6.139999866485596, 5.630000114440918, 5.360000133514404, 5.599999904632568, 6.369999885559082, 5.820000171661377, 5.409999847412109, 8.460000038146973, 7.820000171661377, 8.0, 6.820000171661377, 6.610000133514404, 6.679999828338623, 7.75, 7.519999980926514, 7.079999923706055, 8.0, 7.329999923706055, 7.909999847412109, 7.920000076293945, 7.699999809265137, 8.270000457763672]
assets:[0, 99.99984770746231, 203.68083489627838, 306.09137482833864, 394.4561904263496, 531.6238659167767, 616.85645, 676.3200350551128, 776.3199044718266, 871.571675, 1400.6532974584104, 1370.6959497090338, 1452.0047730503084, 1779.507665238762, 1829.879994912529, 2184.8631375145915, 2339.8778517024043, 2029.3729676442147, 2340.945892809248, 2490.5612496295926, 2726.8372914333345, 3495.1317551564216, 4599.479827582169, 4052.6777596120837, 3957.939010803985, 3755.558647419262, 3245.349850668526, 3803.247683668756, 3650.481752944565, 3381.8071510891914, 3923.9953226726534, 3698.0610711704253, 3620.711714189768, 3882.8327338757517, 4516.722310854339, 4226.738458667994, 4028.9783663635253, 6400.398646860028, 6016.207652065277, 6254.688, 5432.12195272808, 5364.8572223639485, 5521.671158105135, 6506.130425, 6413.045455734157, 6137.814065859032, 7035.3832, 6546.1700468645095, 7164.147768799973, 7273.205350063324, 7171.171522364617, 7802.025114860154]
shares:[0, 30.6748, 60.2606, 89.5004, 119.8955, 147.6733, 176.2447, 206.8257, 237.4067, 268.1759, 288.7945, 311.5218, 334.5633, 354.4836, 374.9754, 392.961, 410.5049, 431.7815, 451.0493, 469.9172, 487.8063, 502.1741, 513.3348, 526.3218, 539.9644, 554.7354, 572.3721, 587.8281, 604.3844, 622.8006, 639.0872, 656.8492, 675.5059, 693.363, 709.0616, 726.2437, 744.728, 756.5483, 769.336, 781.836, 796.4988, 811.6274, 826.5975, 839.5007, 852.7986, 866.9229, 879.4229, 893.0655, 905.7077, 918.334, 931.321, 943.4129]
growth_rate:52.98
