ticker:SMPL
price:[23.68000030517578, 22.68000030517578, 22.06999969482422, 21.770000457763672, 22.649999618530273, 21.790000915527344, 21.774999618530273, 21.149999618530273, 18.799999237060547, 20.280000686645508, 23.889999389648438, 23.610000610351562, 22.360000610351562, 23.15999984741211, 25.014999389648438, 25.739999771118164, 29.889999389648438, 31.360000610351562, 29.770000457763672, 28.0, 27.399999618530273, 28.540000915527344, 28.6200008392334, 30.100000381469727, 28.1200008392334, 29.170000076293945, 30.329999923706055, 32.720001220703125, 32.2599983215332, 30.700000762939453, 30.950000762939453, 31.329999923706055, 33.41999816894531, 33.63999938964844, 34.54999923706055, 34.88999938964844, 33.40999984741211, 33.86000061035156, 34.529998779296875, 34.209999084472656, 35.189998626708984, 35.86000061035156, 35.86000061035156, 37.5099983215332, 37.290000915527344, 36.720001220703125, 37.790000915527344, 37.47999954223633, 36.25, 36.560001373291016, 35.15999984741211, 35.349998474121094]
assets:[0, 100.00065734558106, 197.3102112716675, 294.6286551952362, 406.5380481531143, 491.10304063415526, 590.7644496505737, 673.8072628469467, 698.9388516357421, 853.9624369136811, 1105.9755767440795, 1193.0133308410645, 1229.8514615707397, 1373.853506948471, 1583.892226853943, 1729.7974826185225, 2108.688643940735, 2312.3955010055543, 2295.1539092918397, 2258.6928, 2310.2912478355406, 2506.4142744026185, 2613.441100634766, 2848.588786101341, 2761.2069264074325, 2964.3108307531356, 3182.1932619953154, 3532.948675805664, 3583.2793135643005, 3510.0016972286226, 3638.58422469368, 3783.257273787117, 4135.634539411926, 4262.86072265625, 4478.17742111206, 4622.248053140259, 4526.1762963283545, 4687.138304489135, 4879.8830174865725, 4934.658948938752, 5176.019480005645, 5374.567795477295, 5474.566993179321, 5826.465549282074, 5892.293727664947, 5902.226116210937, 6174.213487580872, 6223.565167988205, 6119.322625, 6271.652531579971, 6131.489085390473, 6264.624214588165]
shares:[0, 4.4092, 8.9402, 13.5337, 17.9487, 22.538, 27.1304, 31.8585, 37.1776, 42.1086, 46.2945, 50.53, 55.0023, 59.3201, 63.3177, 67.2027, 70.5483, 73.7371, 77.0962, 80.6676, 84.3172, 87.8211, 91.3152, 94.6375, 98.1937, 101.6219, 104.919, 107.9752, 111.075, 114.3323, 117.5633, 120.7551, 123.7473, 126.72, 129.6144, 132.4806, 135.4737, 138.427, 141.323, 144.2461, 147.0878, 149.8764, 152.665, 155.331, 158.0127, 160.736, 163.3822, 166.0503, 168.8089, 171.5441, 174.3882, 177.2171]
growth_rate:22.84
