ticker:SMSI
price:[3.700000047683716, 3.6700000762939453, 3.7200000286102295, 3.6500000953674316, 3.619999885559082, 3.859999895095825, 3.9200000762939453, 4.159999847412109, 4.119999885559082, 4.139999866485596, 4.829999923706055, 5.25, 5.340000152587891, 5.460000038146973, 5.869999885559082, 5.550000190734863, 5.340000152587891, 5.420000076293945, 5.329999923706055, 6.559999942779541, 6.889999866485596, 6.360000133514404, 7.78000020980835, 7.789999961853027, 7.389999866485596, 6.599999904632568, 6.650000095367432, 6.71999979019165, 6.510000228881836, 5.829999923706055, 5.699999809265137, 5.570000171661377, 5.739999771118164, 5.440000057220459, 5.619999885559082, 5.090000152587891, 5.070000171661377, 5.050000190734863, 5.389999866485596, 5.190000057220459, 5.360000133514404, 5.150000095367432, 5.309999942779541, 5.170000076293945, 5.059999942779541, 5.440000057220459, 5.679999828338623, 5.659999847412109, 5.019999980926514, 4.96999979019165, 4.789999961853027, 5.010000228881836]
assets:[0, 100.00016207885743, 201.36248554866313, 297.5735577750206, 395.12769350862504, 521.3238658318519, 629.4273562503814, 767.963843831253, 860.5793960957527, 964.7570028867244, 1225.5496906414032, 1432.11915, 1556.669852481079, 1691.6510638189313, 1918.6799025936127, 1914.0840657806395, 1941.6592994819641, 2070.7478851486208, 2136.3625744199753, 2729.3693201927185, 2966.669960511875, 2838.464879587412, 3572.210436334133, 3676.8020819950107, 3588.006037175846, 3304.443732252073, 3429.477534182024, 3565.5774566773894, 3554.153503958702, 3282.905605038452, 3309.702039249897, 3334.217698756981, 3535.9799150032045, 3451.1730283010484, 3665.3661733615872, 3419.7003145156864, 3506.2635677159788, 3592.4322706835746, 3934.2988865444186, 3888.3137888691904, 4115.6766385190485, 4054.428215079689, 4280.390953874588, 4267.537270976258, 4276.73826363697, 4697.916593414879, 5005.177224733162, 5087.553122844696, 4612.282108475637, 4666.342743010521, 4597.340415387344, 4908.492113244438]
shares:[0, 27.248, 54.1297, 81.527, 109.1513, 135.058, 160.5682, 184.6067, 208.8785, 233.0331, 253.737, 272.7846, 291.5112, 309.8262, 326.862, 344.88, 363.6066, 382.0568, 400.8185, 416.0624, 430.5762, 446.2995, 459.153, 471.99, 485.5218, 500.6733, 515.7109, 530.5919, 545.9529, 563.1056, 580.6495, 598.6028, 616.0244, 634.4068, 652.2004, 671.8468, 691.5707, 711.3727, 729.9256, 749.1934, 767.8501, 787.2676, 806.1, 825.4424, 845.2052, 863.5876, 881.1932, 898.861, 918.7813, 938.902, 959.7788, 979.7389]
growth_rate:-3.76
