ticker:SMTC
price:[57.54999923706055, 55.959999084472656, 52.130001068115234, 51.22999954223633, 52.16999816894531, 57.939998626708984, 56.349998474121094, 56.97999954223633, 54.88999938964844, 63.15999984741211, 65.3499984741211, 68.94000244140625, 68.94000244140625, 72.19999694824219, 69.9000015258789, 71.66999816894531, 71.72000122070312, 72.08999633789062, 74.29000091552734, 77.31999969482422, 82.81999969482422, 70.94999694824219, 71.94000244140625, 78.88999938964844, 80.02999877929688, 73.30999755859375, 68.0, 68.97000122070312, 72.62000274658203, 68.0199966430664, 71.45999908447266, 70.52999877929688, 70.45999908447266, 71.25, 67.73999786376953, 64.01000213623047, 61.16999816894531, 61.95000076293945, 63.0, 67.26000213623047, 66.30000305175781, 63.40999984741211, 66.12000274658203, 67.69999694824219, 65.29000091552734, 60.91999816894531, 61.279998779296875, 61.90999984741211, 64.2300033569336, 66.04000091552734, 63.400001525878906, 70.36000061035156]
assets:[0, 100.00051836395264, 193.15729295768736, 289.8234764102936, 395.1407831314087, 538.8419872283936, 624.0536931015015, 731.0306021270751, 804.2153370574952, 1025.3836495227813, 1160.936187892914, 1324.7097229125975, 1424.7071964538575, 1592.0749127059935, 1641.3568858299257, 1782.9202104492188, 1884.163324069214, 1993.8867457122803, 2154.736902554321, 2342.618154753876, 2609.2523723854065, 2335.283674552917, 2467.8658137512207, 2806.2829472885132, 2946.8326030517574, 2799.393573773193, 2696.6284, 2835.0946641784667, 3085.1301006835934, 2989.710120451355, 3240.9110464782716, 3298.7303609069827, 3395.45326388092, 3533.522625, 3459.447820903778, 3368.9616304336546, 3319.4878226348874, 3461.815602633667, 3620.4903, 3965.306699941254, 4008.710344519043, 3933.9690725334167, 4202.098086552429, 4402.510491545106, 4345.78733793869, 4154.914451116943, 4279.470330752563, 4423.46329809761, 4689.22700907898, 4921.366908226013, 4824.632336116791, 5454.279103314208]
shares:[0, 1.787, 3.7053, 5.6573, 7.5741, 9.3, 11.0746, 12.8296, 14.6514, 16.2347, 17.7649, 19.2154, 20.6659, 22.0509, 23.4815, 24.8768, 26.2711, 27.6583, 29.0044, 30.2977, 31.5051, 32.9145, 34.3045, 35.5721, 36.8216, 38.1857, 39.6563, 41.1062, 42.4832, 43.9534, 45.3528, 46.7706, 48.1898, 49.5933, 51.0695, 52.6318, 54.2666, 55.8808, 57.4681, 58.9549, 60.4632, 62.0402, 63.5526, 65.0297, 66.5613, 68.2028, 69.8347, 71.4499, 73.0068, 74.521, 76.0983, 77.5196]
growth_rate:6.95
