ticker:SMTI
price:[27.700000762939453, 32.7400016784668, 27.5, 26.1200008392334, 24.5, 24.520000457763672, 30.75, 30.5, 27.989999771118164, 33.0, 35.0, 33.75, 33.93000030517578, 40.439998626708984, 40.5, 50.349998474121094, 51.709999084472656, 49.900001525878906, 30.200000762939453, 37.459999084472656, 42.560001373291016, 35.970001220703125, 38.90999984741211, 30.0, 37.939998626708984, 31.790000915527344, 28.75, 33.25, 29.0, 28.75, 33.18000030517578, 31.56999969482422, 30.25, 28.0, 27.690000534057617, 26.610000610351562, 23.309999465942383, 26.780000686645508, 29.450000762939453, 33.459999084472656, 29.899999618530273, 29.950000762939453, 35.79999923706055, 36.5, 37.7400016784668, 36.310001373291016, 38.11000061035156, 41.09000015258789, 38.88999938964844, 36.0, 31.540000915527344, 34.810001373291016]
assets:[0, 100.00106112670898, 183.997, 274.7641248281479, 357.72204999999997, 458.0139925506592, 674.3844, 768.90195, 805.6249674121856, 1049.8256999999999, 1213.45, 1270.11375, 1376.886198384094, 1741.0632608757019, 1843.64505, 2392.0377975082397, 2556.650945734406, 2567.160468500519, 1653.6735217765806, 2151.2116214241028, 2544.0879220905304, 2250.1609783630374, 2534.075996062469, 2053.797, 2697.3669663650517, 2360.127815969849, 2234.435625, 2684.17275, 2441.0836999999997, 2520.0409999999997, 3008.347677669525, 2962.3740783638, 2938.512225, 2819.9444, 2888.7233087148666, 2876.0541029678343, 2619.384266987038, 3109.313403723526, 3519.3163211723327, 4098.515287857055, 3762.451501997948, 3868.743428551483, 4724.407759317398, 4916.7836, 5183.819444547653, 5087.401554412078, 5439.600449118041, 5964.949033150864, 5745.581286827087, 5418.6156, 4847.310198705292, 5449.867739002991]
shares:[0, 3.0544, 6.6908, 10.5193, 14.6009, 18.6792, 21.9312, 25.2099, 28.7826, 31.8129, 34.67, 37.633, 40.5802, 43.053, 45.5221, 47.5082, 49.4421, 51.4461, 54.7574, 57.4269, 59.7765, 62.5566, 65.1266, 68.4599, 71.0956, 74.2412, 77.7195, 80.727, 84.1753, 87.6536, 90.6675, 93.8351, 97.1409, 100.7123, 104.3237, 108.0817, 112.3717, 116.1058, 119.5014, 122.49, 125.8345, 129.1734, 131.9667, 134.7064, 137.3561, 140.1102, 142.7342, 145.1679, 147.7393, 150.5171, 153.6877, 156.5604]
growth_rate:6.86
