ticker:SNBR
price:[45.27000045776367, 44.790000915527344, 48.4900016784668, 47.63999938964844, 51.790000915527344, 55.5, 63.150001525878906, 65.0, 63.36000061035156, 70.0199966430664, 67.3499984741211, 68.75, 71.30000305175781, 73.43000030517578, 82.30999755859375, 82.73999786376953, 84.87000274658203, 81.86000061035156, 88.11000061035156, 94.94999694824219, 99.54000091552734, 107.73999786376953, 114.69000244140625, 129.7899932861328, 121.93000030517578, 137.1300048828125, 131.22999572753906, 142.22999572753906, 143.8300018310547, 140.82000732421875, 142.0, 129.0, 121.56999969482422, 112.72000122070312, 111.88999938964844, 111.80000305175781, 111.2699966430664, 100.72000122070312, 111.48999786376953, 111.52999877929688, 117.86000061035156, 101.38999938964844, 108.19999694824219, 109.26000213623047, 108.20999908447266, 108.05000305175781, 93.56999969482422, 99.20999908447266, 98.91999816894531, 100.11000061035156, 93.30000305175781, 97.41000366210938]
assets:[0, 99.99815604400635, 208.25970820884706, 304.61015609741213, 431.14657862167354, 562.03185, 739.4991478683472, 861.1655, 939.4387290496826, 1138.189049432373, 1194.7889729309081, 1319.621875, 1468.5661628570558, 1612.434690701294, 1907.427190423584, 2017.391449913788, 2169.3281922042847, 2192.390908346558, 2459.7756980392455, 2750.7298965896607, 2983.7015734428405, 3329.499927983856, 3644.2748275756835, 4224.080226493835, 4068.267618182373, 4675.420090478516, 4574.257715075683, 5057.684425071716, 5214.585482385254, 5205.453816741943, 5349.0689999999995, 4959.3663, 4773.725649016571, 4526.215289016724, 4592.883072946167, 4689.193987998962, 4766.9624341842655, 4414.990749508667, 4987.081392443848, 5088.868478302002, 5477.6967463668825, 4812.232985031128, 5235.451612335205, 5386.7366253204345, 5434.966235016633, 5526.930536102295, 4886.253455063629, 5280.779594268036, 5365.341564685058, 5529.886224714661, 5253.713841844177, 5585.1486749725345]
shares:[0, 2.2326, 4.2949, 6.394, 8.3249, 10.1267, 11.7102, 13.2487, 14.827, 16.2552, 17.74, 19.1945, 20.597, 21.9588, 23.1737, 24.3823, 25.5606, 26.7822, 27.9171, 28.9703, 29.9749, 30.9031, 31.775, 32.5455, 33.3656, 34.0948, 34.8568, 35.5599, 36.2552, 36.9653, 37.6695, 38.4447, 39.2673, 40.1545, 41.0482, 41.9427, 42.8414, 43.8343, 44.7312, 45.6278, 46.4763, 47.4626, 48.3868, 49.302, 50.2261, 51.1516, 52.2203, 53.2283, 54.2392, 55.2381, 56.3099, 57.3365]
growth_rate:9.51
