ticker:SNCR
price:[4.170000076293945, 3.740000009536743, 3.7300000190734863, 3.059999942779541, 3.190000057220459, 3.180000066757202, 3.2300000190734863, 3.049999952316284, 2.7699999809265137, 2.8499999046325684, 2.75, 3.0199999809265137, 3.0, 3.0, 3.069999933242798, 3.690000057220459, 4.579999923706055, 4.699999809265137, 4.389999866485596, 4.369999885559082, 4.889999866485596, 5.039999961853027, 4.800000190734863, 5.159999847412109, 5.050000190734863, 4.429999828338623, 3.9200000762939453, 4.590000152587891, 4.269999980926514, 3.880000114440918, 3.869999885559082, 3.4600000381469727, 3.1600000858306885, 3.380000114440918, 3.3399999141693115, 3.130000114440918, 3.009999990463257, 3.0399999618530273, 2.9100000858306885, 3.0399999618530273, 3.1600000858306885, 2.4200000762939453, 3.5299999713897705, 3.490000009536743, 3.190000057220459, 2.9800000190734863, 2.809999942779541, 2.8399999141693115, 2.950000047683716, 2.5, 2.4600000381469727, 2.5799999237060547]
assets:[0, 100.00012025499343, 199.73292202134132, 263.8558390660286, 375.06553272771833, 473.88965194828506, 581.3408944328785, 648.9442198544025, 689.3690642531872, 809.278562919712, 880.8827500000001, 1067.3694652587892, 1160.3007, 1260.3006, 1389.7076147807836, 1770.3653494528771, 2297.364143730354, 2457.5570502676965, 2395.4626921460626, 2484.5494509349824, 2880.1937843604564, 3068.5434967746733, 3022.422360100269, 3349.103576962662, 3377.7082825736047, 3063.0192763087753, 2810.391918697929, 3390.739600720215, 3254.3480334632873, 3057.1126181697846, 3149.233304873085, 2915.5935981448174, 2762.7966070420025, 3055.1432334418296, 3118.9874438488487, 3022.8836855244635, 3006.9902914727927, 3136.960152636337, 3102.8140725177527, 3341.42751007061, 3573.326201057291, 2836.5346034257886, 4237.589524654842, 4289.571575721645, 4020.8406761236192, 3856.145652681255, 3736.164121919918, 3876.052046857667, 4126.180996695471, 3596.7635, 3639.215324432945, 3916.7378741769794]
shares:[0, 26.738, 53.5477, 86.2274, 117.5754, 149.0219, 179.9817, 212.7686, 248.8697, 283.9574, 320.321, 353.4336, 386.7669, 420.1002, 452.6735, 479.7738, 501.6079, 522.8845, 545.6635, 568.5468, 588.9967, 608.838, 629.6713, 649.0511, 668.8531, 691.4265, 716.9367, 738.7232, 762.1424, 787.9156, 813.7554, 842.6571, 874.3027, 903.8885, 933.8286, 965.7775, 999.0001, 1031.8948, 1066.2591, 1099.1538, 1130.7994, 1172.1217, 1200.4503, 1229.1036, 1260.4516, 1294.0086, 1329.5958, 1364.8071, 1398.7054, 1438.7054, 1479.3558, 1518.1155]
growth_rate:-23.2
