ticker:SNCY
price:[33.9900016784668, 33.040000915527344, 33.5, 38.209999084472656, 41.900001525878906, 41.08000183105469, 40.70000076293945, 40.86000061035156, 39.54999923706055, 34.0099983215332, 37.20000076293945, 37.5, 40.220001220703125, 40.459999084472656, 38.59000015258789, 37.06999969482422, 35.54999923706055, 32.220001220703125, 33.869998931884766, 32.4900016784668, 34.5099983215332, 33.130001068115234, 29.459999084472656, 32.060001373291016, 32.38999938964844]
assets:[0, 99.99886677093507, 201.39195, 329.70644010009767, 461.5452768081665, 552.5137006271362, 647.402702135849, 749.9485372024536, 825.9028590679169, 810.2133880142212, 986.2092202262878, 1094.1637500000002, 1273.5261186523437, 1381.1263447479246, 1417.2910766040802, 1461.4662029685974, 1501.5395377754212, 1460.8902973480224, 1635.70418041687, 1669.060121225357, 1872.8300009109496, 1897.9382491897582, 1787.6916644439698, 2045.4665596176148, 2166.5217131744384]
shares:[0, 3.0266, 6.0117, 8.6288, 11.0154, 13.4497, 15.9067, 18.3541, 20.8825, 23.8228, 26.511, 29.1777, 31.664, 34.1356, 36.7269, 39.4245, 42.2374, 45.3411, 48.2936, 51.3715, 54.2692, 57.2876, 60.682, 63.8012, 66.8886]
growth_rate:-9.73
