ticker:SND
price:[1.2699999809265137, 1.2100000381469727, 1.3700000047683716, 1.2400000095367432, 1.2599999904632568, 1.4700000286102295, 1.3300000429153442, 1.2799999713897705, 1.2799999713897705, 1.3700000047683716, 1.5, 1.7799999713897705, 1.9700000286102295, 2.0, 2.1600000858306885, 1.909999966621399, 1.8200000524520874, 1.7200000286102295, 1.9299999475479126, 1.9500000476837158, 1.850000023841858, 1.8200000524520874, 2.0299999713897705, 2.869999885559082, 3.009999990463257, 3.259999990463257, 2.8399999141693115, 3.180000066757202, 2.75, 2.5899999141693115, 2.619999885559082, 2.5299999713897705, 2.490000009536743, 2.440000057220459, 2.4200000762939453, 2.380000114440918, 2.200000047683716, 2.4100000858306885, 2.559999942779541, 3.299999952316284, 3.009999990463257, 2.799999952316284, 3.0999999046325684, 3.4600000381469727, 3.180000066757202, 2.75, 2.819999933242798, 2.8299999237060547, 2.549999952316284, 2.4200000762939453, 2.1700000762939453, 2.4000000953674316]
assets:[0, 99.9999691526413, 213.2231017421365, 292.99030225336554, 397.7159729897499, 564.001966977024, 610.287543692255, 687.3443686366558, 787.3443664014816, 942.7045382811427, 1132.1583, 1443.4945367984772, 1697.5754226538181, 1823.4268, 2069.301034226632, 1929.7984532754062, 1938.865711877775, 1932.334548142171, 2268.25907235496, 2391.764563486266, 2369.1100305318832, 2430.692152052128, 2811.1565463803768, 4074.3936155340193, 4373.144706144333, 4836.362553851795, 4313.272873643947, 4929.6507314873215, 4363.06255, 4209.211398509837, 4357.966591645145, 4308.265605280447, 4340.150692622852, 4352.999142082214, 4417.31882526226, 4444.305351701832, 4208.18121120987, 4709.871361739206, 5103.016589938688, 6678.107273503947, 6191.2433953839545, 5859.296140216779, 6587.077887357187, 7452.029058159638, 6948.9746238786465, 6109.333175, 6364.843343326545, 6487.413717105866, 5945.549543821216, 5742.443349038696, 5249.215645554543, 5905.584234666824]
shares:[0, 82.6446, 155.6373, 236.2825, 315.6476, 383.6748, 458.8628, 536.9878, 615.1128, 688.1055, 754.7722, 810.952, 861.7134, 911.7134, 958.0097, 1010.3657, 1065.3108, 1123.4503, 1175.2638, 1226.5459, 1280.6, 1335.5451, 1384.8062, 1419.6494, 1452.872, 1483.5468, 1518.7581, 1550.2046, 1586.5682, 1625.1782, 1663.3461, 1702.8718, 1743.0324, 1784.016, 1825.3383, 1867.3551, 1912.8096, 1954.3034, 1993.3659, 2023.6689, 2056.8915, 2092.6058, 2124.8639, 2153.7656, 2185.2121, 2221.5757, 2257.0367, 2292.3724, 2331.5881, 2372.9104, 2418.9933, 2460.66]
growth_rate:15.8
