ticker:SNDL
price:[0.30799999833106995, 0.29899999499320984, 0.2639999985694885, 0.18199999630451202, 0.2460000067949295, 0.22200000286102295, 0.1899999976158142, 0.17599999904632568, 0.14399999380111694, 0.25, 0.2800000011920929, 0.2549999952316284, 0.3720000088214874, 0.6639999747276306, 0.5059999823570251, 0.4359999895095825, 0.4729999899864197, 0.4740000069141388, 0.6819999814033508, 0.7139999866485596, 0.6449999809265137, 0.8149999976158142, 1.1299999952316284, 2.0799999237060547, 1.5299999713897705, 1.3300000429153442, 1.1349999904632568, 1.4199999570846558, 1.4900000095367432, 1.1299999952316284, 1.100000023841858, 1.0, 0.847000002861023, 0.8349999785423279, 0.8640000224113464, 0.765999972820282, 0.7070000171661377, 0.7549999952316284, 0.9700000286102295, 1.090000033378601, 1.0499999523162842, 0.9229999780654907, 0.9700000286102295, 0.8999999761581421, 0.890999972820282, 0.8119999766349792, 0.796999990940094, 0.824999988079071, 0.8050000071525574, 0.75, 0.6970000267028809, 0.7620000243186951]
assets:[0, 100.00001012548803, 188.29432937970756, 229.8089747337565, 410.62094814203385, 470.56035246434215, 502.7318236915469, 565.6884257347584, 562.8359709711492, 1077.145825, 1306.403341561979, 1289.760166382134, 1981.53255858942, 3636.928854375583, 2871.5150870773314, 2574.269942061543, 2892.7286402598916, 2998.8444677435164, 4414.792934818244, 4721.9386661021235, 4365.616838903045, 5616.244690570342, 7886.940508718705, 14617.553687831307, 10852.33539106679, 9533.729981626535, 8235.927103298307, 10403.979005570174, 11016.851619513345, 8455.061905321349, 8330.591460560703, 7673.2648, 6599.25534649117, 6605.759228746444, 6935.181127092063, 6248.551402884764, 5867.2664480587, 6365.609640296567, 8278.33322717011, 9402.456917927384, 9157.411939133859, 8149.801368825138, 8664.797146568895, 8139.502044376826, 8158.10694793911, 7534.773113189489, 7495.584070793867, 7858.916968941707, 7768.397947523492, 7337.63775, 6919.111598079205, 7664.365865802848]
shares:[0, 334.4482, 713.2361, 1262.6867, 1669.1908, 2119.6412, 2645.957, 3214.1388, 3908.5833, 4308.5833, 4665.7262, 5057.8831, 5326.7003, 5477.3027, 5674.9312, 5904.289, 6115.7055, 6326.676, 6473.3036, 6613.3596, 6768.3984, 6891.0978, 6979.5934, 7027.6703, 7093.0298, 7168.2178, 7256.3235, 7326.746, 7393.8601, 7482.3557, 7573.2648, 7673.2648, 7791.3286, 7911.0891, 8026.8298, 8157.3781, 8298.8208, 8431.2711, 8534.3639, 8626.107, 8721.3451, 8829.6875, 8932.7803, 9043.8914, 9156.1248, 9279.2775, 9404.748, 9525.9601, 9650.1837, 9783.517, 9926.989, 10058.2226]
growth_rate:50.28
