ticker:SNDX
price:[14.979999542236328, 16.100000381469727, 17.010000228881836, 13.899999618530273, 15.4399995803833, 15.829999923706055, 17.600000381469727, 16.010000228881836, 17.40999984741211, 20.969999313354492, 21.0, 23.030000686645508, 22.8700008392334, 24.56999969482422, 24.309999465942383, 25.25, 24.200000762939453, 22.239999771118164, 23.559999465942383, 23.729999542236328, 20.229999542236328, 20.040000915527344, 19.780000686645508, 20.790000915527344, 23.420000076293945, 24.40999984741211, 23.579999923706055, 22.90999984741211, 22.940000534057617, 23.850000381469727, 23.770000457763672, 22.15999984741211, 20.40999984741211, 15.470000267028809, 15.9399995803833, 16.040000915527344, 18.530000686645508, 17.649999618530273, 18.3700008392334, 17.850000381469727, 18.760000228881836, 19.229999542236328, 18.360000610351562, 17.59000015258789, 16.68000030517578, 15.1899995803833, 14.260000228881836, 14.579999923706055, 14.3100004196167, 15.90999984741211, 15.75, 16.889999389648438]
assets:[0, 100.00032236938476, 205.65260376720428, 268.05176264362336, 397.7498291902542, 507.79632055263517, 664.5742544042588, 704.5360700721741, 866.144010408783, 1143.2529075651169, 1244.8884, 1465.2285216861724, 1555.0479940637588, 1770.6394850074769, 1851.9017253162385, 2023.50975, 2039.363104293823, 1974.1914036827088, 2191.3650263261798, 2307.177681493378, 2066.88691523056, 2147.474474107361, 2219.6127770519256, 2432.9498571395875, 2840.7265672540666, 3060.80893686676, 3056.734340109825, 3069.8804135536193, 3173.900477890396, 3399.805629378319, 3488.4020721797942, 3352.123232918167, 3187.4031431705475, 2515.929459427643, 2692.3663511240957, 2809.2569883461, 3345.3581459651946, 3286.4846439691546, 3520.5518768363954, 3520.894725244522, 3800.391466366768, 3995.6035358860013, 3914.8349981430056, 3850.6498004032137, 3751.4404886360167, 3516.329964863014, 3401.044278588867, 3577.3648192804335, 3611.1171578899384, 4114.876446535492, 4173.494849999999, 4575.576839653015]
shares:[0, 6.2112, 12.0901, 19.2843, 25.761, 32.0781, 37.7599, 44.006, 49.7498, 54.5185, 59.2804, 63.6226, 67.9951, 72.0651, 76.1786, 80.139, 84.2712, 88.7676, 93.0121, 97.2262, 102.1694, 107.1594, 112.215, 117.025, 121.2949, 125.3916, 129.6325, 133.9974, 138.3566, 142.5495, 146.7565, 151.2691, 156.1687, 162.6328, 168.9063, 175.1407, 180.5374, 186.2031, 191.6468, 197.249, 202.5795, 207.7797, 213.2263, 218.9113, 224.9065, 231.4898, 238.5024, 245.3611, 252.3492, 258.6346, 264.9838, 270.9045]
growth_rate:-10.28
