ticker:SNES
price:[1.4900000095367432, 1.6100000143051147, 1.5700000524520874, 1.590000033378601, 1.7799999713897705, 1.9199999570846558, 1.8300000429153442, 1.75, 1.409999966621399, 1.399999976158142, 1.3899999856948853, 1.4500000476837158, 1.6699999570846558, 1.590000033378601, 1.4299999475479126, 1.4199999570846558, 1.649999976158142, 1.725000023841858, 1.7799999713897705, 2.059999942779541, 2.190000057220459, 1.7799999713897705, 2.0899999141693115, 2.2799999713897705, 2.0399999618530273, 1.7899999618530273, 1.5529999732971191, 1.7200000286102295, 2.2699999809265137, 1.7799999713897705, 1.840000033378601, 1.690000057220459, 1.4700000286102295, 1.6100000143051147, 1.559999942779541, 1.5299999713897705, 1.4199999570846558, 1.6200000047683716, 1.6200000047683716, 1.7100000381469727, 1.809999942779541, 1.590000033378601, 1.659999966621399, 1.5299999713897705, 1.7000000476837158, 1.5700000524520874, 1.5399999618530273, 1.5199999809265137, 1.600000023841858, 1.5399999618530273, 1.649999976158142, 1.6200000047683716]
assets:[0, 99.99999888851643, 197.51558359879255, 300.0317342985153, 435.8846129939556, 570.1676032557607, 643.4410080893398, 715.3125, 676.3375039892197, 771.5408268607378, 866.0297610872984, 1003.4123579975367, 1255.6540967324377, 1295.5030891962767, 1265.1379705950142, 1356.2908070100784, 1675.9718007828594, 1852.1523630992767, 2011.2064816735506, 2427.576032569408, 2680.772719043398, 2278.892845370984, 2775.77862800622, 3128.1221127472404, 2898.8460657930373, 2643.5952746619223, 2393.577360043907, 2750.967873759198, 3730.6378246536256, 3025.3459793731213, 3227.323994545412, 3064.2269837493895, 2765.3334778209687, 3128.698537799001, 3131.533901136017, 3171.312183698058, 3043.3092600248815, 3571.9444905138016, 3671.9444988081455, 3975.94143769598, 4308.452368794679, 3884.7733055523872, 4155.800952436853, 3930.3466995044946, 4467.0520452974315, 4225.454024168074, 4244.712674855232, 4289.5866261727815, 4615.35446877414, 4542.278551484298, 4966.7271332327255, 4976.423096647799]
shares:[0, 62.1118, 125.8061, 188.6992, 244.879, 296.9623, 351.6071, 408.75, 479.672, 551.1006, 623.043, 692.0085, 751.8887, 814.7818, 884.7119, 955.1344, 1015.7405, 1073.7115, 1129.8913, 1178.435, 1224.0971, 1280.2769, 1328.1238, 1371.9834, 1421.003, 1476.8689, 1541.2604, 1599.3999, 1643.4528, 1699.6326, 1753.9804, 1813.152, 1881.1792, 1943.291, 2007.3936, 2072.7531, 2143.1756, 2204.904, 2266.6324, 2325.1119, 2380.3605, 2443.2536, 2503.4946, 2568.8541, 2627.6776, 2691.3719, 2756.307, 2822.0965, 2884.5965, 2949.5316, 3010.1377, 3071.8661]
growth_rate:-2.42
