ticker:SNEX
price:[55.77000045776367, 52.880001068115234, 53.119998931884766, 49.45000076293945, 50.65999984741211, 54.13999938964844, 55.04999923706055, 56.88999938964844, 52.97999954223633, 55.099998474121094, 59.66999816894531, 60.34000015258789, 62.38999938964844, 64.19999694824219, 54.220001220703125, 56.0, 56.83000183105469, 57.900001525878906, 61.61000061035156, 59.7599983215332, 57.119998931884766, 53.52000045776367, 61.91999816894531, 57.91999816894531, 59.93000030517578, 57.689998626708984, 61.66999816894531, 65.0, 65.37999725341797, 66.2699966430664, 65.80000305175781, 66.2300033569336, 66.0, 61.029998779296875, 63.52000045776367, 62.970001220703125, 69.76000213623047, 69.4000015258789, 67.69999694824219, 67.54000091552734, 66.81999969482422, 62.91999816894531, 62.619998931884766, 61.72999954223633, 62.40999984741211, 62.65999984741211, 63.63999938964844, 64.52999877929688, 66.80999755859375, 65.5999984741211, 66.33000183105469, 68.43000030517578]
assets:[0, 100.00137001991271, 200.45362796936035, 286.6023144218445, 393.6130008144379, 520.6535461303711, 629.4031562770843, 750.4416709487915, 798.8642210975647, 930.8318242225647, 1108.0360639984133, 1220.4790810863497, 1361.9424916763305, 1501.4517486282348, 1368.046538800049, 1512.9576, 1635.3799136917116, 1766.1700665451049, 1979.3383286087035, 2019.9058712673186, 2030.6730820274354, 2002.6916571292877, 2417.016168525696, 2360.87704536438, 2542.8059409484863, 2547.763409351349, 2823.5300311660767, 3075.995, 3193.9763158226015, 3337.4564359397887, 3413.789698329163, 3536.0993552307127, 3623.8224, 3450.935177975464, 3691.7316106048584, 3759.7687538848877, 4265.18233861084, 4343.170075492096, 4336.780564508057, 4426.531136003113, 4479.345499542236, 4317.903750343323, 4397.314088994598, 4434.818973113251, 4583.671233793259, 4702.031452549744, 4875.568541239929, 5043.755046588135, 5321.964147521972, 5325.578436125183, 5484.8411174102785, 5758.487170681]
shares:[0, 1.8911, 3.7736, 5.7958, 7.7697, 9.6168, 11.4333, 13.1911, 15.0786, 16.8935, 18.5694, 20.2267, 21.8295, 23.3871, 25.2314, 27.0171, 28.7767, 30.5038, 32.1269, 33.8003, 35.551, 37.4195, 39.0345, 40.761, 42.4296, 44.163, 45.7845, 47.323, 48.8525, 50.3615, 51.8813, 53.3912, 54.9064, 56.5449, 58.1192, 59.7073, 61.1408, 62.5817, 64.0588, 65.5394, 67.036, 68.6253, 70.2222, 71.8422, 73.4445, 75.0404, 76.6117, 78.1614, 79.6582, 81.1826, 82.6902, 84.1515]
growth_rate:12.91
