ticker:SNFCA
price:[6.028571605682373, 6.123809337615967, 5.980952262878418, 5.914285659790039, 6.142857074737549, 6.857142925262451, 6.885714054107666, 6.752380847930908, 6.276190280914307, 6.419047832489014, 7.171428680419922, 7.523809432983398, 7.752380847930908, 7.819047451019287, 8.095237731933594, 8.485713958740234, 7.857142925262451, 7.952381134033203, 8.771428108215332, 8.7619047164917, 8.800000190734863, 8.190476417541504, 9.114285469055176, 8.961904525756836, 8.790475845336914, 8.580952644348145, 8.980952262878418, 9.685714721679688, 10.038095474243164, 8.952381134033203, 9.019047737121582, 8.057143211364746, 8.219047546386719, 8.15238094329834, 8.038095474243164, 7.904761791229248, 8.2380952835083, 8.419047355651855, 8.295238494873047, 8.409523963928223, 7.666666507720947, 7.485714435577393, 8.571428298950195, 8.419047355651855, 8.520000457763672, 8.289999961853027, 8.520000457763672, 8.449999809265137, 8.609999656677246, 8.930000305175781, 9.0, 9.170000076293945]
assets:[0, 99.99996934046744, 197.66688371677398, 295.4635172775269, 406.88258120226857, 554.1942912197112, 656.5032579179764, 743.7909561136246, 791.337217283249, 909.3492759512901, 1115.9345426742552, 1270.7676513261795, 1409.3735352968215, 1521.4935873036861, 1675.2365914840698, 1856.0420284824372, 1818.557730052185, 1940.6012776615144, 2240.471847396469, 2338.038921215248, 2448.2040530633926, 2378.6314754668238, 2746.9189518052103, 2800.9930728599547, 2847.4135729642867, 2879.5446026744844, 3113.774283824635, 3458.1217213684085, 3683.932856188965, 3385.4807925041196, 3510.691388817787, 3236.266787992573, 3401.2983089782715, 3473.7099542251585, 3525.0135283218387, 3566.5415678229333, 3816.937740088749, 4000.7776081662178, 4041.9428861549377, 4197.629864690304, 3926.831318588733, 3934.1486616183283, 4604.750425047493, 4622.887958226872, 4778.321272730254, 4749.328543145657, 4981.095579624938, 5040.170541232395, 5235.605614230823, 5530.192913990021, 5673.5424, 5880.709127927208]
shares:[0, 16.3297, 33.0494, 49.9576, 66.2367, 80.82, 95.3428, 110.1524, 126.0856, 141.6642, 155.6084, 168.8995, 181.7988, 194.5881, 206.941, 218.7255, 231.4528, 244.0277, 255.4284, 266.8414, 278.205, 290.4143, 301.3861, 312.5444, 323.9203, 335.574, 346.7087, 357.0332, 366.9952, 378.1654, 389.253, 401.6643, 413.8312, 426.0976, 438.5384, 451.189, 463.3277, 475.2055, 487.2606, 499.1519, 512.1954, 525.5542, 537.2209, 549.0987, 560.8358, 572.8985, 584.6356, 596.4699, 608.0843, 619.2825, 630.3936, 641.2987]
growth_rate:15.31
