ticker:SNGX
price:[1.7999999523162842, 1.899999976158142, 2.0, 1.7000000476837158, 1.7400000095367432, 1.7899999618530273, 1.7899999618530273, 1.8200000524520874, 1.7000000476837158, 1.6399999856948853, 1.7999999523162842, 2.200000047683716, 2.180000066757202, 2.5, 2.299999952316284, 2.680000066757202, 1.340000033378601, 1.2799999713897705, 1.4199999570846558, 1.4299999475479126, 1.7200000286102295, 1.5499999523162842, 1.649999976158142, 2.140000104904175, 1.899999976158142, 1.649999976158142, 1.5299999713897705, 1.7899999618530273, 1.7899999618530273, 1.559999942779541, 1.559999942779541, 1.5099999904632568, 1.309999942779541, 1.4199999570846558, 1.440000057220459, 1.2799999713897705, 0.8899999856948853, 1.0399999618530273, 1.0199999809265137, 1.0800000429153442, 1.1799999475479126, 1.1200000047683716, 1.149999976158142, 1.0399999618530273, 1.059999942779541, 0.9800000190734863, 0.9599999785423279, 0.949999988079071, 1.0, 0.949999988079071, 0.9200000166893005, 1.0199999809265137]
assets:[0, 100.00003874516487, 205.2632, 274.4736776987791, 380.93193808784486, 491.87820651750565, 591.8781653863907, 701.798026225698, 755.5255811919212, 828.8599287701606, 1009.7243732514381, 1334.1075289160015, 1421.9793815446615, 1730.7102499999999, 1692.2534849161148, 2071.8431956083773, 1135.9216462951304, 1185.0594295118572, 1414.6752412455796, 1524.6377730766178, 1933.8300881670475, 1842.695588311887, 2061.5792702109816, 2773.806075973749, 2562.72490784204, 2325.524321397078, 2256.3953038065433, 2739.8349806109427, 2839.834939479828, 2574.9399615517614, 2674.9400138837814, 2689.204887015724, 2433.01874672637, 2737.3180132725715, 2875.871922276878, 2656.330436626387, 1946.9798107058764, 2375.1223768810273, 2429.4469705705646, 2672.355778189874, 3019.7959217672824, 2966.247100628722, 3145.700044783187, 2944.8068999851225, 3101.4377205795286, 2967.3671457530977, 3006.80854079259, 3075.487686407715, 3337.3555, 3270.487723960787, 3267.2093072689536, 3722.340602394104]
shares:[0, 52.6316, 102.6316, 161.4551, 218.9264, 274.7923, 330.6582, 385.6033, 444.4268, 505.4024, 560.958, 606.4125, 652.2841, 692.2841, 735.7624, 773.0758, 847.7027, 925.8277, 996.2502, 1066.1803, 1124.3198, 1188.8359, 1249.442, 1296.171, 1348.8026, 1409.4087, 1474.7682, 1530.6341, 1586.5, 1650.6026, 1714.7052, 1780.9304, 1857.2663, 1927.6888, 1997.1332, 2075.2582, 2187.6178, 2283.7716, 2381.8108, 2474.4034, 2559.1492, 2648.4349, 2735.3914, 2831.5452, 2925.8848, 3027.9256, 3132.0923, 3237.3555, 3337.3555, 3442.6187, 3551.3144, 3649.3536]
growth_rate:-27.01
