ticker:SNLN
price:[16.030000686645508, 16.09000015258789, 16.06999969482422, 15.75, 15.670000076293945, 15.829999923706055, 15.739999771118164, 15.6899995803833, 15.619999885559082, 15.720000267028809, 15.819999694824219, 15.880000114440918, 15.920000076293945, 15.989999771118164, 15.960000038146973, 15.979999542236328, 15.979999542236328, 16.020000457763672, 16.139999389648438, 16.149999618530273, 16.15999984741211, 16.139999389648438, 16.149999618530273, 16.1200008392334, 16.1200008392334, 16.149999618530273, 16.18000030517578, 16.18000030517578, 16.170000076293945, 16.1200008392334, 16.15999984741211, 16.200000762939453, 16.1299991607666, 16.1299991607666, 16.1299991607666, 16.139999389648438, 16.06999969482422, 16.079999923706055, 16.110000610351562, 16.170000076293945, 16.170000076293945, 16.15999984741211, 16.1299991607666, 16.18000030517578, 16.139999389648438, 16.049999237060547, 16.06999969482422, 16.040000915527344, 16.010000228881836, 15.979999542236328, 15.989999771118164, 16.049999237060547]
assets:[0, 99.99935094833374, 199.87544220428467, 295.89525, 394.3919639202118, 498.41862859783174, 595.5842773393631, 693.6925374477387, 790.5969222076417, 895.6580192141533, 1001.3553566833496, 1105.152727964401, 1207.9363737888336, 1313.2474882020952, 1410.7842033720017, 1512.5517006713867, 1612.5513418067933, 1716.5879050506592, 1829.446334817505, 1930.58064439888, 2031.7757728153229, 2129.261349479675, 2230.5814223127363, 2326.438521118164, 2426.4389463243488, 2530.955265217781, 2635.657329711914, 2735.657821598053, 2833.9671493713377, 2925.2046682909013, 3032.462755366516, 3139.968387876892, 3226.3998561325075, 3326.399398929596, 3426.398941726685, 3528.5234385650633, 3613.220513383484, 3715.4689023714063, 3822.4005128173826, 3936.6366455739976, 4036.6367770458223, 4134.1400409641265, 4226.464643099785, 4339.566689849854, 4428.838428518678, 4504.141780894851, 4609.754941458892, 4701.149432331084, 4792.35662051239, 4883.376000110627, 4986.431859623909, 5105.142027326203]
shares:[0, 6.215, 12.4378, 18.787, 25.1686, 31.4857, 37.8389, 44.2124, 50.6144, 56.9757, 63.2968, 69.594, 75.8754, 82.1293, 88.395, 94.6528, 100.9106, 107.1528, 113.3486, 119.5406, 125.7287, 131.9245, 138.1165, 144.32, 150.5235, 156.7155, 162.896, 169.0765, 175.2608, 181.4643, 187.6524, 193.8252, 200.0248, 206.2244, 212.424, 218.6198, 224.8426, 231.0615, 237.2688, 243.4531, 249.6374, 255.8255, 262.0251, 268.2056, 274.4014, 280.6319, 286.8547, 293.0891, 299.3352, 305.593, 311.8469, 318.0774]
growth_rate:0.1
