ticker:SNOA
price:[6.579999923706055, 7.090000152587891, 7.900000095367432, 8.600000381469727, 8.350000381469727, 8.34000015258789, 8.039999961853027, 8.029999732971191, 7.409999847412109, 7.329999923706055, 7.900000095367432, 6.630000114440918, 6.840000152587891, 6.75, 8.760000228881836, 9.079999923706055, 8.180000305175781, 7.260000228881836, 8.100000381469727, 8.420000076293945, 8.430000305175781, 8.180000305175781, 8.75, 9.170000076293945, 9.100000381469727, 8.050000190734863, 7.150000095367432, 7.360000133514404, 7.639999866485596, 6.980000019073486, 8.800000190734863, 8.59000015258789, 8.75, 8.050000190734863, 7.75, 7.440000057220459, 7.130000114440918, 7.510000228881836, 7.639999866485596, 7.769999980926514, 7.949999809265137, 7.650000095367432, 7.71999979019165, 7.260000228881836, 7.269999980926514, 6.150000095367432, 6.699999809265137, 6.710000038146973, 5.730000019073486, 5.769999980926514, 6.199999809265137, 5.989999771118164]
assets:[0, 100.00019815216065, 211.42454255228043, 330.1583146448136, 420.560294213295, 520.0565555149078, 601.3493851468087, 700.6014167022705, 746.5078376277924, 838.4486382730485, 1003.6484021158695, 942.3026892651559, 1072.1495039176941, 1158.04215, 1602.8811898801805, 1761.4337251996994, 1686.8420349319458, 1597.1238203516007, 1881.915208628845, 2056.2625326318744, 2158.7047411476133, 2194.6859018783566, 2447.6165, 2665.1018811735153, 2744.757585059547, 2528.0550648991584, 2345.415246283388, 2514.3019016108037, 2709.9545566416264, 2575.84825303874, 3347.487512554836, 3367.6039028202053, 3530.330125, 3347.904114324474, 3323.137225, 3290.2120573047637, 3253.1195922145844, 3526.4978434768677, 3687.5421995575903, 3850.288292548466, 4039.4839430854795, 3987.0507647038935, 4123.533667933702, 3977.8310814067845, 4083.310355287075, 3554.2449551153186, 3972.1042669225694, 4078.0327181839943, 3582.4332569248677, 3707.4413627445697, 4083.7321743693356, 4045.4122354221345]
shares:[0, 14.1044, 26.7626, 38.3905, 50.3665, 62.3569, 74.7947, 87.248, 100.7433, 114.3859, 127.0441, 142.1271, 156.747, 171.5618, 182.9773, 193.9905, 206.2154, 219.9895, 232.3352, 244.2117, 256.0741, 268.299, 279.7276, 290.6327, 301.6217, 314.0441, 328.0301, 341.6171, 354.7061, 369.0327, 380.3963, 392.0377, 403.4663, 415.8887, 428.7919, 442.2328, 456.258, 469.5736, 482.6626, 495.5326, 508.1112, 521.1831, 534.1365, 547.9106, 561.6658, 577.926, 592.8514, 607.7545, 625.2065, 642.5375, 658.6665, 675.361]
growth_rate:-20.68
