ticker:SNPS
price:[208.97999572753906, 200.24000549316406, 197.92999267578125, 208.5, 212.0500030517578, 222.82000732421875, 226.47999572753906, 226.74000549316406, 213.86000061035156, 241.77999877929688, 226.22999572753906, 218.50999450683594, 225.4199981689453, 236.8800048828125, 236.38999938964844, 255.0, 256.2799987792969, 259.239990234375, 262.79998779296875, 258.9200134277344, 270.1400146484375, 255.4499969482422, 272.9200134277344, 292.0899963378906, 268.07000732421875, 245.2100067138672, 227.8000030517578, 229.4499969482422, 227.86000061035156, 242.75, 254.22999572753906, 261.8500061035156, 260.7699890136719, 251.4499969482422, 247.05999755859375, 241.83999633789062, 239.6999969482422, 242.0, 254.33999633789062, 255.8800048828125, 263.07000732421875, 265.8599853515625, 268.9700012207031, 279.1600036621094, 280.75, 276.55999755859375, 285.07000732421875, 287.989990234375, 292.42999267578125, 293.1199951171875, 316.8800048828125, 331.80999755859375]
assets:[0, 99.99985874328614, 198.84047064208983, 309.4557, 414.72739596862795, 535.7929896118163, 644.5847158401489, 745.3170720565796, 802.980144291687, 1007.8115689117433, 1042.9881493026733, 1107.3868011611937, 1242.402319908142, 1405.5748849731444, 1502.6603091201782, 1720.9695, 1829.6085392852783, 1950.729078515625, 2077.512743499756, 2146.8352913360595, 2339.871764880371, 2312.639912371826, 2570.797358483887, 2851.3825442504885, 2716.889524230957, 2585.200058782959, 2501.6540735137937, 2619.76828515625, 2701.6220972366336, 2978.1540999999997, 3218.983936903381, 3415.466739611816, 3501.3847194854734, 3476.2459178100585, 3515.5649412597654, 3541.2872503753665, 3609.9538640396117, 3744.587, 4035.536419894409, 4159.969179382324, 4376.8535538574215, 4523.262032775879, 4676.177956222535, 4953.33135697937, 5081.546925000001, 5105.7123949279785, 5362.822498785401, 5517.744217895508, 5702.823502166748, 5816.292127111817, 6387.7622024291995, 6788.733007049561]
shares:[0, 0.4994, 1.0046, 1.4842, 1.9558, 2.4046, 2.8461, 3.2871, 3.7547, 4.1683, 4.6103, 5.0679, 5.5115, 5.9337, 6.3567, 6.7489, 7.1391, 7.5248, 7.9053, 8.2915, 8.6617, 9.0532, 9.4196, 9.762, 10.135, 10.5428, 10.9818, 11.4176, 11.8565, 12.2684, 12.6617, 13.0436, 13.4271, 13.8248, 14.2296, 14.6431, 15.0603, 15.4735, 15.8667, 16.2575, 16.6376, 17.0137, 17.3855, 17.7437, 18.0999, 18.4615, 18.8123, 19.1595, 19.5015, 19.8427, 20.1583, 20.4597]
growth_rate:33.11
