ticker:SNPX
price:[1.2100000381469727, 1.25, 1.7000000476837158, 1.5, 1.6100000143051147, 2.549999952316284, 1.5, 1.309999942779541, 2.200000047683716, 2.799999952316284, 2.7799999713897705, 2.2899999618530273, 1.7999999523162842, 2.184999942779541, 2.180000066757202, 2.1500000953674316, 2.200000047683716, 2.700000047683716, 2.5799999237060547, 2.5, 2.390000104904175, 2.0, 1.2799999713897705, 1.559999942779541, 8.079999923706055, 9.930000305175781, 10.75, 9.260000228881836, 9.079999923706055, 9.930000305175781, 12.100000381469727, 7.599999904632568, 7.340000152587891, 7.269999980926514, 6.760000228881836, 6.78000020980835, 6.900000095367432]
assets:[0, 100.0, 235.99995661962032, 308.2353, 430.83922382807725, 782.3851203697919, 560.2266, 589.264567261076, 1089.6045836165429, 1486.7694546804667, 1576.1496177791355, 1398.3390127063753, 1199.1311682338714, 1555.61202026186, 1652.0524465900896, 1729.3177467072487, 1869.5343005210639, 2394.4283522871256, 2388.0092293834687, 2413.9625, 2407.748245683193, 2114.852, 1453.5052475116252, 1871.4595473552706, 9793.200691529464, 12135.456351955414, 13237.577949999999, 11502.788026317407, 11379.19119638729, 12544.42440752411, 15385.754275057792, 9763.779157480716, 9529.75561010971, 9538.872464973927, 8969.708427698706, 9096.246257485009, 9357.241929329874]
shares:[0, 80.0, 138.8235, 205.4902, 267.602, 306.8177, 373.4844, 449.8203, 495.2748, 530.9891, 566.9603, 610.6284, 666.184, 711.9506, 757.8222, 804.3338, 849.7883, 886.8253, 925.585, 965.585, 1007.426, 1057.426, 1135.551, 1199.6536, 1212.0298, 1222.1003, 1231.4026, 1242.2017, 1253.2149, 1263.2854, 1271.5499, 1284.7078, 1298.3318, 1312.087, 1326.8799, 1341.6292, 1356.122]
growth_rate:159.92
