ticker:SNRH
price:[10.319999694824219, 10.329999923706055, 10.479999542236328, 10.15999984741211, 10.09000015258789, 9.920000076293945, 9.930000305175781, 9.819999694824219, 9.760000228881836, 9.949999809265137, 9.850000381469727, 9.850000381469727, 9.899999618530273, 9.8100004196167, 9.789999961853027, 9.720000267028809, 9.6899995803833, 9.6899995803833, 9.710000038146973, 9.84000015258789, 9.770000457763672, 9.720000267028809, 9.720000267028809, 9.710000038146973, 9.699999809265137, 9.729999542236328, 9.6899995803833, 9.720000267028809, 9.670000076293945, 9.6899995803833, 9.65999984741211, 9.699999809265137]
assets:[0, 99.99956426143646, 201.4517912006378, 295.300395565033, 393.2658279472351, 486.63949174270624, 587.1301350440979, 680.6261428482055, 776.4675542089462, 891.5836629089355, 982.6232330549241, 1082.6233919277192, 1188.1187542190553, 1277.3179716364862, 1374.7137526433944, 1464.884716243458, 1560.3631904298782, 1660.3630170994757, 1763.7904349292755, 1887.4045252677918, 1973.9777884887696, 2063.8758446990014, 2163.8761794462207, 2261.6502958851815, 2359.32125360775, 2466.6181289539336, 2556.4777052940367, 2664.3930131964685, 2750.6876077022553, 2856.3764093071936, 2947.5335354412077, 3059.7388398351673]
shares:[0, 9.6805, 19.2225, 29.065, 38.9758, 49.0564, 59.1269, 69.3102, 79.5561, 89.6064, 99.7587, 109.911, 120.012, 130.2057, 140.4202, 150.7083, 161.0282, 171.3481, 181.6468, 191.8094, 202.0448, 212.3329, 222.621, 232.9197, 243.229, 253.5065, 263.8264, 274.1145, 284.4558, 294.7757, 305.1277, 315.437]
growth_rate:-1.3
