ticker:SNRHU
price:[10.300000190734863, 10.220000267028809, 10.270000457763672, 10.289999961853027, 10.430000305175781, 10.704999923706055, 10.899999618530273, 10.5, 10.930000305175781, 11.010000228881836, 11.0600004196167, 10.529999732971191, 10.600000381469727, 10.354999542236328, 10.335000038146973, 10.180000305175781, 10.180000305175781, 10.300000190734863, 10.170000076293945, 10.16100025177002, 10.170000076293945, 10.100000381469727, 10.100000381469727, 10.0600004196167, 10.0, 10.0, 10.039999961853027, 10.25, 10.25, 10.079999923706055, 10.149999618530273, 10.152000427246094, 10.100000381469727, 10.100000381469727, 10.050000190734863, 10.100000381469727, 10.001999855041504, 10.0]
assets:[0, 99.99963661279679, 200.48889493637083, 300.8795988845825, 404.9729228492737, 515.6502118249894, 625.0430381252289, 702.1056, 830.8581821983338, 936.9400094776154, 1041.195075502968, 1091.3007413258551, 1198.5558231332777, 1270.8535613193512, 1368.399479050827, 1447.877011404419, 1547.8771904022217, 1666.1228808531762, 1745.0937040914534, 1843.5499035796165, 1945.182353592491, 2031.7938467393874, 2131.7939505163195, 2223.351638739109, 2310.091, 2410.091, 2519.731762426281, 2672.4353499999997, 2772.435375, 2826.4531466070175, 2946.0810342767713, 3046.662027418518, 3131.0566782577516, 3231.0567820346837, 3315.060902915192, 3431.553909607315, 3498.2574608999253, 3597.558]
shares:[0, 9.7847, 19.5218, 29.24, 38.8277, 48.1691, 57.3434, 66.8672, 76.0163, 85.099, 94.1406, 103.6373, 113.0713, 122.7285, 132.4044, 142.2276, 152.0508, 161.7595, 171.5923, 181.4339, 191.2667, 201.1677, 211.0687, 221.0091, 231.0091, 241.0091, 250.9693, 260.7254, 270.4815, 280.4021, 290.2543, 300.1046, 310.0056, 319.9066, 329.8568, 339.7578, 349.7558, 359.7558]
growth_rate:-2.77
