ticker:SNSE
price:[22.489999771118164, 19.280000686645508, 19.889999389648438, 16.5, 15.050000190734863, 16.489999771118164, 15.479999542236328, 13.300000190734863, 14.420000076293945, 14.130000114440918, 14.119999885559082, 13.180000305175781, 13.239999771118164, 11.859999656677246, 9.600000381469727, 13.010000228881836, 12.430000305175781, 12.239999771118164, 11.989999771118164, 11.699999809265137, 10.949999809265137, 8.979999542236328, 8.90999984741211, 7.230000019073486, 7.489999771118164, 7.889999866485596, 6.989999771118164, 7.949999809265137, 8.279999732971191, 9.960000038146973, 10.300000190734863, 10.779999732971191]
assets:[0, 99.99957956142426, 203.16440976562498, 268.53749999999997, 344.9384793715477, 477.9428553661346, 548.6684597751618, 571.4012581944465, 719.5190698068619, 805.0482785202026, 904.4791846693039, 944.2666238639832, 1048.5656138732909, 1039.273979915142, 941.2339574012756, 1375.5681402000428, 1414.2444157218933, 1492.6263560886384, 1562.1399011796952, 1624.3566035195352, 1620.2309567776679, 1428.7376831687927, 1517.6001790103912, 1331.4536675125123, 1479.3341257940292, 1658.3375299376487, 1569.173864618683, 1884.6826047830582, 2062.9147374712943, 2581.4776298871043, 2769.6000112873076, 2998.668213720703]
shares:[0, 5.1867, 10.2144, 16.275, 22.9195, 28.9838, 35.4437, 42.9625, 49.8973, 56.9744, 64.0566, 71.6439, 79.1968, 87.6285, 98.0452, 105.7316, 113.7767, 121.9466, 130.2869, 138.8339, 147.9663, 159.1022, 170.3255, 184.1568, 197.5079, 210.1822, 224.4884, 237.067, 249.1443, 259.1845, 268.8932, 278.1696]
growth_rate:-3.27
