ticker:SNY
price:[49.470001220703125, 51.880001068115234, 52.439998626708984, 50.779998779296875, 50.47999954223633, 50.810001373291016, 50.27000045776367, 49.33000183105469, 45.29999923706055, 49.25, 51.0099983215332, 50.52000045776367, 51.130001068115234, 51.029998779296875, 47.83000183105469, 48.119998931884766, 47.45000076293945, 48.59000015258789, 48.45000076293945, 49.38999938964844, 49.689998626708984, 47.209999084472656, 48.209999084472656, 47.56999969482422, 46.63999938964844, 45.88999938964844, 46.59000015258789, 48.0099983215332, 49.91999816894531, 49.630001068115234, 49.36000061035156, 50.77000045776367, 51.29999923706055, 51.68000030517578, 52.369998931884766, 51.81999969482422, 52.7400016784668, 53.81999969482422, 53.43000030517578, 52.43000030517578, 53.79999923706055, 52.86000061035156, 52.90999984741211, 52.369998931884766, 51.880001068115234, 51.9900016784668, 51.86000061035156, 51.560001373291016, 50.849998474121094, 51.7599983215332, 53.119998931884766, 51.83000183105469]
assets:[0, 99.99870205879212, 201.07593073425292, 294.7118789154053, 392.97165243644713, 495.53978139343263, 590.2753723751068, 679.2395942123413, 723.749027810669, 886.8595250000001, 1018.5523434848785, 1108.767502046585, 1222.1553025310516, 1319.7633434295656, 1337.001607183838, 1445.106123923111, 1524.9860845199587, 1661.6225172180177, 1756.8357876647951, 1890.9208216323852, 2002.4075646591186, 2002.4687631668091, 2144.8869642677305, 2216.4147247810365, 2273.084322253418, 2336.530619923401, 2472.1725650966646, 2647.520959440613, 2852.8480233581545, 2936.274642193222, 3020.298949346924, 3206.57738191185, 3340.050610326385, 3464.792596459961, 3611.0528253505704, 3673.131128368377, 3838.3434861564633, 4016.9417892227175, 4087.8331493484498, 4111.324688930511, 4318.751898755645, 4343.294810150146, 4447.402947174072, 4502.0131431789405, 4559.888933879853, 4669.554786753845, 4757.880197996521, 4830.357480655671, 4863.843034048462, 5050.885564210511, 5283.596629759598, 5255.287486659241]
shares:[0, 1.9275, 3.8344, 5.8037, 7.7847, 9.7528, 11.7421, 13.7693, 15.9768, 18.0073, 19.9677, 21.9471, 23.9029, 25.8625, 27.9532, 30.0313, 32.1388, 34.1968, 36.2608, 38.2855, 40.298, 42.4162, 44.4905, 46.5927, 48.7368, 50.9159, 53.0623, 55.1452, 57.1484, 59.1633, 61.1892, 63.1589, 65.1082, 67.0432, 68.9527, 70.8825, 72.7786, 74.6366, 76.5082, 78.4155, 80.2742, 82.166, 84.056, 85.9655, 87.893, 89.8164, 91.7447, 93.6842, 95.6508, 97.5828, 99.4653, 101.3947]
growth_rate:3.04
