ticker:SOCL
price:[48.880001068115234, 47.5099983215332, 47.560001373291016, 47.75, 49.15999984741211, 50.20000076293945, 50.0099983215332, 54.220001220703125, 52.11000061035156, 56.650001525878906, 54.61000061035156, 55.560001373291016, 57.4900016784668, 58.77000045776367, 60.47999954223633, 62.2400016784668, 60.75, 61.779998779296875, 65.5999984741211, 63.72999954223633, 67.66999816894531, 65.56999969482422, 72.4800033569336, 77.36000061035156, 76.83000183105469, 71.5199966430664, 68.73999786376953, 69.62999725341797, 69.98999786376953, 65.5, 68.41000366210938, 70.12000274658203, 69.73999786376953, 70.12000274658203, 69.0999984741211, 66.41999816894531, 63.470001220703125, 65.19000244140625, 67.30999755859375, 67.06999969482422, 68.33999633789062, 69.02999877929688, 71.70999908447266, 72.0, 69.83999633789062, 68.08999633789062, 70.0999984741211, 66.45999908447266, 64.5, 63.61000061035156, 61.34000015258789, 64.30000305175781]
assets:[0, 99.99904446716309, 200.1039497779846, 300.90139999999997, 409.7879267280579, 518.4555678794861, 616.4932533088685, 768.3895912994385, 838.4863868209837, 1011.5367622459411, 1075.1125430160523, 1193.817749507904, 1335.2857749847412, 1465.012694411087, 1607.6370118320465, 1754.421167312622, 1812.421575, 1943.1477676055908, 2163.2977096809386, 2201.6293101860047, 2437.744014038086, 2462.094475540924, 2821.5595546813965, 3111.5352645492553, 3190.219849031067, 3069.7312319160465, 3050.413019202423, 3189.91032317276, 3306.404488082123, 3194.2909, 3436.207119946289, 3622.0978258766177, 3702.468590588379, 3822.641033731842, 3867.0363046073912, 3817.0576647720336, 3747.522752075195, 3949.079967895508, 4177.5074954772945, 4262.613709604645, 4443.329881896972, 4588.189316864014, 4866.319418871307, 4986.0, 4936.416653155517, 4912.720471777344, 5157.74057773056, 4989.923067260742, 4942.764, 4974.562848731995, 4897.042108181763, 5233.351528381348]
shares:[0, 2.1048, 4.2074, 6.3016, 8.3358, 10.3278, 12.3274, 14.1717, 16.0907, 17.8559, 19.6871, 21.487, 23.2264, 24.9279, 26.5813, 28.188, 29.8341, 31.4527, 32.9771, 34.5462, 36.024, 37.5491, 38.9288, 40.2215, 41.5231, 42.9213, 44.3761, 45.8123, 47.2411, 48.7678, 50.2296, 51.6557, 53.0896, 54.5157, 55.9629, 57.4685, 59.044, 60.578, 62.0637, 63.5547, 65.018, 66.4666, 67.8611, 69.25, 70.6818, 72.1504, 73.5769, 75.0816, 76.632, 78.2041, 79.8344, 81.3896]
growth_rate:2.61
