ticker:SOFIW
price:[6.079999923706055, 7.699999809265137, 8.210000038146973, 9.020000457763672, 8.5600004196167, 8.649999618530273, 9.050000190734863, 7.079999923706055, 5.789999961853027, 7.539999961853027, 7.119999885559082, 5.599999904632568, 5.699999809265137, 6.199999809265137, 4.550000190734863, 4.730000019073486, 4.909999847412109, 5.099999904632568, 4.5, 6.300000190734863, 7.119999885559082, 8.0, 8.850000381469727, 9.75, 7.920000076293945, 8.024999618530273, 6.989999771118164, 6.590000152587891, 6.179999828338623, 6.059999942779541, 6.71999979019165, 5.860000133514404, 4.78000020980835, 4.71999979019165, 4.789999961853027]
assets:[0, 99.99989752292633, 206.6235339600563, 327.0092925956726, 410.3321801147461, 514.6464323038101, 638.444933455658, 599.4685495401383, 590.2435971112252, 868.641925605297, 920.2557132085801, 823.796385970831, 938.5072485954285, 1120.832245519066, 922.5462086729049, 1059.0422742705346, 1199.3440587280274, 1345.7543148350717, 1287.4302, 1902.4022375959396, 2250.0160838351253, 2628.108, 3007.344294628334, 3413.175675, 2872.549179671478, 3010.632374389076, 2722.3455818590164, 2666.5605277427676, 2600.6588757616996, 2650.1609929763317, 3038.7926411243916, 2749.8994086537837, 2343.0920508452414, 2413.6804527096747, 2549.4765216962815]
shares:[0, 12.987, 25.1673, 36.2538, 47.936, 59.4967, 70.5464, 84.6707, 101.9419, 115.2045, 129.2494, 147.1065, 164.6504, 180.7794, 202.7574, 223.899, 244.2656, 263.8734, 286.0956, 301.9686, 316.0135, 328.5135, 339.8129, 350.0693, 362.6956, 375.1567, 389.4629, 404.6374, 420.8186, 437.3203, 452.2013, 469.2661, 490.1866, 511.373, 532.2498]
growth_rate:-25.02
