ticker:SOFI
price:[18.739999771118164, 20.15999984741211, 21.649999618530273, 25.139999389648438, 23.100000381469727, 23.899999618530273, 22.690000534057617, 18.43000030517578, 17.719999313354492, 19.020000457763672, 18.25, 17.100000381469727, 17.270000457763672, 17.770000457763672, 16.31999969482422, 16.170000076293945, 17.0, 16.510000228881836, 14.9399995803833, 18.780000686645508, 20.149999618530273, 20.81999969482422, 22.399999618530273, 23.040000915527344, 18.5, 18.079999923706055, 16.450000762939453, 15.300000190734863, 15.699999809265137, 15.4399995803833, 16.709999084472656, 14.989999771118164, 14.039999961853027, 14.039999961853027, 14.1899995803833, 14.180000305175781]
assets:[0, 99.99964724311829, 207.3896763458252, 340.82045772552493, 413.1642968229294, 527.4729915809631, 600.7676821403503, 587.9741427360534, 665.3221822189331, 814.1320995941162, 881.173875, 925.6486706495285, 1034.851240430069, 1164.812868006134, 1169.766986125946, 1259.015609940338, 1423.6412, 1482.6062755537032, 1441.618825509548, 1912.1552559133531, 2151.6471842660903, 2323.1913379470825, 2599.495315730858, 2773.7672782196046, 2327.2001, 2374.3668379806522, 2260.30577483139, 2202.2896774544715, 2359.865401330662, 2420.7850382097245, 2719.9032609786987, 2539.937040217781, 2478.9669772645952, 2578.966876992893, 2706.5196369647024, 2804.6126303596493]
shares:[0, 4.9603, 9.5792, 13.5569, 17.8859, 22.07, 26.4772, 31.9031, 37.5464, 42.804, 48.2835, 54.1315, 59.9219, 65.5494, 71.6769, 77.8612, 83.7436, 89.8005, 96.4939, 101.8187, 106.7815, 111.5846, 116.0489, 120.3892, 125.7946, 131.3256, 137.4046, 143.9405, 150.3099, 156.7866, 162.771, 169.4421, 176.5646, 183.6871, 190.7343, 197.7865]
growth_rate:-19.87
