ticker:SOHON
price:[6.949999809265137, 5.869999885559082, 6.03000020980835, 5.25, 5.710000038146973, 5.425000190734863, 5.5, 6.039999961853027, 5.900000095367432, 6.059999942779541, 7.745999813079834, 9.079999923706055, 11.979999542236328, 12.765000343322754, 13.585000038146973, 13.289999961853027, 11.720000267028809, 11.784000396728516, 12.800000190734863, 13.369999885559082, 13.699999809265137, 14.199999809265137, 16.489999771118164, 16.239999771118164, 16.898000717163086, 18.177000045776367, 18.34600067138672, 21.0, 19.878999710083008, 18.600000381469727, 18.600000381469727, 17.799999237060547, 16.09000015258789, 17.368000030517578, 18.020000457763672, 17.260000228881836, 17.010000228881836, 16.926000595092773, 18.200000762939453, 20.690000534057617, 21.700000762939453, 20.0, 21.243000030517578, 20.40999984741211, 20.15999984741211, 20.760000228881836, 20.84000015258789, 19.3700008392334, 19.31999969482422, 18.280000686645508, 17.850000381469727, 17.299999237060547]
assets:[0, 100.0001440504074, 202.7255920536518, 276.502275, 400.7289446771622, 480.72771190166475, 587.3736, 745.0430552945137, 827.7741433801175, 950.2225350276948, 1314.5914440773488, 1640.9875262117387, 2265.0908594493867, 2513.512816602516, 2774.9767122921944, 2814.718329920769, 2582.2043708330157, 2696.305379575729, 3028.7770051322937, 3263.651734064674, 3444.205982048893, 3669.9075907056813, 4361.74510445881, 4395.617402049445, 4673.716630355835, 5127.46814641285, 5275.141152848053, 6138.2622, 5910.595153199387, 5630.311255472756, 5730.310437523652, 5583.845520666504, 5147.419526815032, 5656.269569138717, 5968.607977621078, 5816.878977136612, 5832.625317482185, 5903.82285956955, 6448.196570306777, 7430.395753796005, 7893.117047510146, 7374.762, 7933.102767896652, 7722.023433269119, 7727.436805512238, 8057.421112834168, 8188.471615954972, 7710.877729084968, 7790.973416934967, 7471.584680652619, 7395.829928055191, 7267.945929479599]
shares:[0, 17.0358, 33.6195, 52.6671, 70.1802, 88.6134, 106.7952, 123.3515, 140.3007, 156.8024, 169.7123, 180.7255, 189.0727, 196.9066, 204.2677, 211.7922, 220.3246, 228.8107, 236.6232, 244.1026, 251.4019, 258.4442, 264.5085, 270.6661, 276.584, 282.0855, 287.5363, 292.2982, 297.3286, 302.7049, 308.0812, 313.6992, 319.9142, 325.6719, 331.2213, 337.015, 342.8939, 348.802, 354.2965, 359.1298, 363.7381, 368.7381, 373.4455, 378.3451, 383.3054, 388.1224, 392.9209, 398.0835, 403.2595, 408.73, 414.3322, 420.1125]
growth_rate:42.51
