ticker:SOHO
price:[1.899999976158142, 1.850000023841858, 1.9299999475479126, 1.7799999713897705, 1.850000023841858, 1.7699999809265137, 1.7000000476837158, 1.7400000095367432, 1.5199999809265137, 1.5700000524520874, 2.1600000858306885, 2.0999999046325684, 2.4200000762939453, 3.1500000953674316, 2.869999885559082, 2.859999895095825, 2.619999885559082, 2.5, 2.4800000190734863, 2.75, 2.690000057220459, 2.690000057220459, 2.940000057220459, 3.2699999809265137, 3.4600000381469727, 3.680000066757202, 3.5, 4.25, 4.050000190734863, 3.740000009536743, 3.1700000762939453, 3.049999952316284, 2.9000000953674316, 2.990000009536743, 3.109999895095825, 3.390000104904175, 3.309999942779541, 3.430000066757202, 3.7200000286102295, 3.740000009536743, 4.039999961853027, 3.3499999046325684, 3.299999952316284, 2.9700000286102295, 2.8499999046325684, 2.700000047683716, 2.7100000381469727, 2.3299999237060547, 2.25, 2.2699999809265137, 2.059999942779541, 2.4600000381469727]
assets:[0, 100.00008628875017, 204.3244624470234, 288.44436736378674, 399.78778015226123, 482.4996938005924, 563.417755803442, 676.6746937087775, 691.11815132761, 813.8523881899714, 1219.6950244663237, 1285.8144016072274, 1581.7481078668595, 2158.886900361109, 2066.985684579182, 2159.7835467796085, 2078.5428492097853, 2083.3424999999997, 2166.675824663734, 2502.5638, 2547.9624051990986, 2647.962350326252, 2994.0554862725257, 3430.122723992539, 3729.426435117435, 4066.5575777695653, 3967.6497, 4917.8603, 4786.431975417137, 4520.06303152585, 3931.176373613548, 3882.362019303131, 3791.426484682274, 4009.091280787182, 4269.990980967879, 4754.427687126637, 4742.228643020391, 5014.15245758915, 5538.089406593012, 5667.864172452664, 6222.50570924511, 5259.75076526599, 5281.246993688035, 4853.122309750485, 4757.036300818825, 4606.66610135665, 4723.727896492958, 4161.360058739662, 4118.480775, 4255.089540246964, 3961.446839963198, 4830.660008908558]
shares:[0, 54.0541, 105.8676, 162.0474, 216.1015, 272.5987, 331.4222, 388.8935, 454.683, 518.3773, 564.6736, 612.2926, 653.6149, 685.3609, 720.2041, 755.1691, 793.337, 833.337, 873.6596, 910.0232, 947.1979, 984.3726, 1018.3862, 1048.9672, 1077.8689, 1105.0428, 1133.6142, 1157.1436, 1181.835, 1208.573, 1240.1187, 1272.9056, 1307.3884, 1340.8332, 1372.9875, 1402.486, 1432.6975, 1461.852, 1488.7337, 1515.4717, 1540.2242, 1570.0749, 1600.3779, 1634.0479, 1669.1356, 1706.1726, 1743.073, 1785.9915, 1830.4359, 1874.4888, 1923.0325, 1963.6829]
growth_rate:-5.28
