ticker:SOHOO
price:[6.300000190734863, 5.760000228881836, 6.179999828338623, 5.21999979019165, 5.679999828338623, 5.440000057220459, 5.579999923706055, 6.25, 5.900000095367432, 6.0, 7.860000133514404, 9.050000190734863, 11.850000381469727, 12.039999961853027, 13.520000457763672, 13.065999984741211, 12.050000190734863, 11.489999771118164, 12.409000396728516, 13.300000190734863, 13.289999961853027, 13.979999542236328, 15.234999656677246, 15.270000457763672, 16.695999145507812, 18.079999923706055, 17.594999313354492, 20.229999542236328, 20.0, 18.510000228881836, 18.09000015258789, 17.079999923706055, 16.0, 17.040000915527344, 17.5, 17.100000381469727, 17.100000381469727, 16.68000030517578, 17.799999237060547, 19.469999313354492, 21.309999465942383, 19.538999557495117, 19.729999542236328, 19.760000228881836, 19.100000381469727, 19.09000015258789, 19.0, 18.200000762939453, 18.445999145507812, 17.59000015258789, 17.194000244140625, 16.979999542236328]
assets:[0, 99.99993997364045, 207.29140824208258, 275.09085694322584, 399.33238793134694, 482.4594610747337, 594.875421866417, 766.303125, 823.3904433092595, 937.3464, 1327.9234425568582, 1628.970169331646, 2232.9607468824383, 2368.7628364949223, 2759.9390934467315, 2767.261202768326, 2652.082131978798, 2628.831517633438, 2939.0928392658234, 3250.127696609974, 3347.6845403909683, 3621.49231941719, 4046.597205309391, 4155.894013585282, 4643.995501522827, 5128.956074356842, 5091.369938309097, 5953.846659276581, 5986.156, 5640.187722742653, 5612.209085338593, 5398.868415884018, 5157.488, 5592.724260486602, 5843.701499999999, 5810.132109613419, 5910.132911844254, 5864.971667304993, 6358.782727451325, 7055.3650681795125, 7822.127250966834, 7272.05807160778, 7443.144300308609, 7554.461495503997, 7402.136387837219, 7498.259982934189, 7562.910100000001, 7344.471987878418, 7543.742216143799, 7293.668937270355, 7229.46843505249, 7239.4890268306735]
shares:[0, 17.3611, 33.5423, 52.6994, 70.305, 88.6874, 106.6085, 122.6085, 139.5577, 156.2244, 168.947, 179.9967, 188.4355, 196.7411, 204.1375, 211.791, 220.0898, 228.793, 236.8517, 244.3705, 251.895, 259.0481, 265.6119, 272.1607, 278.1502, 283.6812, 289.3646, 294.3078, 299.3078, 304.7103, 310.2382, 316.093, 322.343, 328.2115, 333.9258, 339.7738, 345.6218, 351.617, 357.235, 362.3711, 367.0637, 372.1817, 377.2501, 382.3108, 387.5464, 392.7847, 398.0479, 403.5424, 408.9636, 414.6486, 420.4646, 426.3539]
growth_rate:41.95
