ticker:SOHOB
price:[6.489999771118164, 5.940000057220459, 6.050000190734863, 5.090000152587891, 5.400000095367432, 5.449999809265137, 5.5, 6.0, 6.0, 6.045000076293945, 7.949999809265137, 9.100000381469727, 11.600000381469727, 12.800000190734863, 13.350000381469727, 13.0, 11.859999656677246, 11.607999801635742, 12.170000076293945, 13.359999656677246, 13.859999656677246, 14.0, 15.369999885559082, 15.517999649047852, 16.996999740600586, 18.277999877929688, 18.0, 20.200000762939453, 19.709999084472656, 18.481000900268555, 18.299999237060547, 17.261999130249023, 16.0, 17.059999465942383, 17.8700008392334, 17.350000381469727, 17.05500030517578, 17.110000610351562, 19.0, 20.3700008392334, 21.479999542236328, 19.700000762939453, 20.049999237060547, 19.87700080871582, 19.799999237060547, 20.09000015258789, 19.774999618530273, 19.25, 18.43600082397461, 18.389999389648438, 17.25, 16.649999618530273]
assets:[0, 99.99990096330643, 201.85160136365892, 269.8224350887299, 386.25552682151795, 489.83181285724635, 594.3256, 748.3553999999999, 848.3555999999999, 954.7182960494996, 1355.5846774770737, 1651.6755492378236, 2205.4326725263595, 2533.580837753296, 2742.445188364029, 2770.5457, 2627.590039936638, 2671.758756743431, 2901.111392187119, 3284.7857075881957, 3507.719205111122, 3643.1513999999997, 4099.660050475025, 4239.135761328507, 4743.1623512123115, 5200.637477467346, 5221.539000000001, 5959.727425094605, 5915.159941241455, 5646.326483650589, 5691.027092737198, 5468.225012881851, 5168.4512, 5610.861518353844, 5977.263313711739, 5903.330689794921, 5902.957320625305, 6021.993039817809, 6787.193300000001, 7376.586366911507, 7878.550224098968, 7325.671833707809, 7555.82216248703, 7590.627081132317, 7661.221624795533, 7873.431779800415, 7849.9807460699085, 7741.574224999999, 7514.217116238785, 7595.466971911621, 7224.622574999999, 7073.331092942238]
shares:[0, 16.835, 33.3639, 53.0103, 71.5288, 89.8774, 108.0592, 124.7259, 141.3926, 157.9352, 170.5138, 181.5028, 190.1235, 197.936, 205.4266, 213.1189, 221.5506, 230.1653, 238.3822, 245.8672, 253.0822, 260.2251, 266.7313, 273.1754, 279.0588, 284.5299, 290.0855, 295.036, 300.1096, 305.5206, 310.9851, 316.7782, 323.0282, 328.8899, 334.4859, 340.2496, 346.113, 351.9575, 357.2207, 362.1299, 366.7854, 371.8615, 376.849, 381.8799, 386.9304, 391.908, 396.9649, 402.1597, 407.5839, 413.0216, 418.8187, 424.8247]
growth_rate:38.69
