ticker:SOHU
price:[18.260000228881836, 18.239999771118164, 18.459999084472656, 17.059999465942383, 19.93000030517578, 19.6200008392334, 18.850000381469727, 18.489999771118164, 18.84000015258789, 19.5, 19.40999984741211, 19.459999084472656, 19.190000534057617, 17.770000457763672, 16.469999313354492, 17.010000228881836, 16.290000915527344, 15.9399995803833, 16.600000381469727, 16.43000030517578, 18.559999465942383, 17.950000762939453, 18.719999313354492, 21.700000762939453, 21.670000076293945, 18.260000228881836, 18.3700008392334, 17.540000915527344, 17.110000610351562, 15.84000015258789, 15.949999809265137, 18.899999618530273, 19.280000686645508, 19.100000381469727, 18.8700008392334, 17.93000030517578, 17.6299991607666, 17.719999313354492, 17.6299991607666, 17.020000457763672, 17.469999313354492, 18.510000228881836, 18.510000228881836, 19.690000534057617, 18.280000686645508, 23.540000915527344, 20.93000030517578, 19.8700008392334, 19.5, 20.8799991607666, 20.239999771118164, 22.899999618530273]
assets:[0, 100.00079874515534, 201.20660602111815, 285.94776904850005, 434.0534836463928, 527.301256554985, 606.6062072759629, 695.0206013965607, 808.1776025455475, 936.48945, 1032.1675028858185, 1134.8254146102906, 1219.0793259269715, 1228.8719426563264, 1238.9705213464736, 1379.5926665634154, 1421.1966948738097, 1490.660940758705, 1652.3822979719162, 1735.4598572349548, 2060.44576471138, 2092.7259689483644, 2282.4976922784804, 2745.8443165397643, 2842.0486810060497, 2494.8236592716216, 2609.8535742311474, 2591.9350472900387, 2628.392096760559, 2533.2975604034423, 2650.8899682998654, 3241.1798345813754, 3406.346177314949, 3474.5440993944167, 3532.7038061151507, 3456.7229658348083, 3498.8866564439772, 3616.747547851944, 3698.378911947632, 3670.414158718109, 3867.457784992409, 4197.690447905731, 4297.690724142265, 4671.665278710937, 4437.128330670357, 5813.895302116394, 5269.278272830201, 5102.41552850666, 5107.40295, 5568.8502881702425, 5498.1574818246845, 6320.741104708672]
shares:[0, 5.4825, 10.8996, 16.7613, 21.7789, 26.8757, 32.1807, 37.589, 42.8969, 48.0251, 53.1771, 58.3158, 63.5268, 69.1543, 75.2259, 81.1048, 87.2435, 93.517, 99.5411, 105.6275, 111.0154, 116.5864, 121.9283, 126.5366, 131.1513, 136.6278, 142.0715, 147.7728, 153.6173, 159.9304, 166.2, 171.491, 176.6777, 181.9133, 187.2127, 192.7899, 198.4621, 204.1054, 209.7776, 215.653, 221.3771, 226.7796, 232.1821, 237.2608, 242.7313, 246.9794, 251.7572, 256.7899, 261.9181, 266.7074, 271.6481, 276.0149]
growth_rate:23.94
