ticker:SOLO
price:[2.640000104904175, 2.569999933242798, 2.5799999237060547, 2.440000057220459, 2.490000009536743, 2.5999999046325684, 2.809999942779541, 2.640000104904175, 2.7799999713897705, 3.5899999141693115, 6.289999961853027, 10.8100004196167, 8.270000457763672, 6.849999904632568, 6.440000057220459, 7.289999961853027, 6.949999809265137, 6.190000057220459, 6.739999771118164, 7.550000190734863, 8.15999984741211, 7.690000057220459, 8.6899995803833, 7.940000057220459, 7.269999980926514, 6.170000076293945, 5.050000190734863, 5.829999923706055, 5.570000171661377, 4.619999885559082, 4.929999828338623, 4.739999771118164, 4.199999809265137, 4.320000171661377, 4.150000095367432, 3.609999895095825, 3.309999942779541, 3.369999885559082, 3.75, 4.309999942779541, 4.489999771118164, 4.519999980926514, 4.360000133514404, 3.930000066757202, 3.859999895095825, 3.559999942779541, 3.5, 3.5899999141693115, 3.369999885559082, 3.4800000190734863, 3.2300000190734863, 3.5799999237060547]
assets:[0, 99.99998240244388, 200.389110074234, 289.5152787894249, 395.44785751457215, 512.9173211863041, 654.3452976754666, 714.7586444019556, 852.6624092248678, 1201.1001682837725, 2204.4349006307602, 3888.544163943386, 3074.8622542007442, 2646.89270814929, 2588.465930998945, 3030.1110831440924, 2988.7890379760743, 2761.95759853158, 3107.365684477806, 3580.802765461445, 3970.1124697608943, 3841.4418655837535, 4440.979097557068, 4157.696071962881, 3906.858004750013, 3415.724382236481, 2895.6903093681335, 3442.9455159440995, 3389.4008044576644, 2911.316027884483, 3206.6641583447454, 3183.080486297607, 2920.450967373371, 3103.892475337601, 3081.748570818901, 2780.7497071932794, 2649.662567194891, 2797.692687993908, 3213.15975, 3792.9917446434497, 4051.3995314762115, 4178.469234367704, 4130.559050488329, 3823.1873809428216, 3855.0895892292738, 3655.4713092450143, 3693.8622000000005, 3888.8473030243877, 3750.533532636642, 3972.9545497753147, 3787.5413043658255, 4297.956020405579]
shares:[0, 38.9105, 77.6702, 118.6538, 158.8144, 197.2759, 232.8631, 270.7419, 306.7131, 334.5683, 350.4666, 359.7173, 371.8092, 386.4077, 401.9357, 415.6531, 430.0416, 446.1967, 461.0335, 474.2785, 486.5334, 499.5373, 511.0448, 523.6393, 537.3945, 553.602, 573.404, 590.5567, 608.51, 630.155, 650.439, 671.536, 695.3455, 718.4936, 742.59, 770.2908, 800.5023, 830.1759, 856.8426, 880.0445, 902.3162, 924.4401, 947.3759, 972.8212, 998.7279, 1026.8178, 1055.3892, 1083.2444, 1112.918, 1141.6536, 1172.6134, 1200.5464]
growth_rate:-15.73
