ticker:SOLY
price:[6.019999980926514, 7.170000076293945, 7.659999847412109, 7.079999923706055, 7.360000133514404, 8.220000267028809, 8.0600004196167, 8.890000343322754, 7.159999847412109, 8.15999984741211, 7.389999866485596, 7.889999866485596, 8.600000381469727, 9.0600004196167, 9.229999542236328, 8.350000381469727, 8.210000038146973, 7.679999828338623, 7.880000114440918, 9.699999809265137, 10.399999618530273, 10.859999656677246, 11.800000190734863, 13.760000228881836, 13.829999923706055, 13.279999732971191, 12.880000114440918, 14.729999542236328, 17.3799991607666, 17.389999389648438, 18.850000381469727, 18.25, 16.18000030517578, 16.229999542236328, 17.90999984741211, 18.0, 22.3799991607666, 22.399999618530273, 22.280000686645508, 22.350000381469727, 22.3700008392334, 22.420000076293945, 22.510000228881836, 22.520000457763672, 22.100000381469727, 21.860000610351562, 22.09000015258789, 21.93000030517578, 22.0, 20.729999542236328, 20.420000076293945, 20.850000381469727]
assets:[0, 99.99999106407165, 206.8337838798523, 291.1727848623276, 402.68842330498694, 549.7412878584862, 639.0403572694778, 804.8472910823823, 748.2235640544892, 952.7240461845397, 962.8223906047822, 1127.9662159125805, 1329.4688989711763, 1500.5797834998132, 1628.7358722225188, 1573.4498568830488, 1647.0688616529465, 1640.7413393265724, 1783.4693939012527, 2295.3875848649027, 2561.034226061821, 2774.310716294289, 3114.4448503417966, 3731.758846073532, 3850.743581757164, 3797.6044996393202, 3783.219249614525, 4426.616745434189, 5322.986246967316, 5426.048477557373, 5981.598991050339, 5891.204025, 5322.9968163986205, 5439.445394581604, 6102.493949008561, 6233.1606, 7849.896605634689, 7956.91218449459, 8014.285574991608, 8139.465603924369, 8246.750023385239, 8365.182278466225, 8498.763136415482, 8602.538834863662, 8542.10098744583, 8549.336938705444, 8739.287831367112, 8775.989189125823, 8904.0028, 8489.998261522294, 8463.038401619911, 8741.252154929161]
shares:[0, 13.947, 27.0018, 41.1261, 54.7131, 66.8785, 79.2854, 90.534, 104.5005, 116.7554, 130.2872, 142.9615, 154.5894, 165.6269, 176.4611, 188.4371, 200.6174, 213.6382, 226.3286, 236.6379, 246.2533, 255.4614, 263.936, 271.2034, 278.4341, 285.9642, 293.7282, 300.5171, 306.2708, 312.0212, 317.3262, 322.8057, 328.9862, 335.1476, 340.7311, 346.2867, 350.755, 355.2193, 359.7076, 364.1819, 368.6522, 373.1125, 377.555, 381.9955, 386.5204, 391.095, 395.6219, 400.1819, 404.7274, 409.5513, 414.4485, 419.2447]
growth_rate:71.4
