ticker:SONM
price:[0.8700000047683716, 0.8669999837875366, 0.8149999976158142, 0.7609999775886536, 0.7120000123977661, 0.6899999976158142, 0.5899999737739563, 0.5870000123977661, 0.4410000145435333, 0.5379999876022339, 0.5099999904632568, 0.5870000123977661, 0.6159999966621399, 0.6100000143051147, 0.6389999985694885, 0.6209999918937683, 0.6470000147819519, 0.7239999771118164, 0.753000020980835, 0.8799999952316284, 0.9399999976158142, 0.8519999980926514, 1.0299999713897705, 1.1799999475479126, 1.2699999809265137, 1.0399999618530273, 0.9399999976158142, 1.0, 0.9779999852180481, 0.8500000238418579, 0.8510000109672546, 0.7559999823570251, 0.6100000143051147, 0.6840000152587891, 0.6549999713897705, 0.6349999904632568, 0.453000009059906, 0.492000013589859, 0.5080000162124634, 0.492000013589859, 0.621999979019165, 0.597000002861023, 0.6100000143051147, 0.5059999823570251, 0.44600000977516174, 0.4020000100135803, 0.4300000071525574, 0.4129999876022339, 0.44600000977516174, 0.4129999876022339, 0.3889999985694885, 0.42800000309944153]
assets:[0, 100.00003823004961, 194.00235493246913, 281.1481694202244, 363.0453175215602, 451.8275924387812, 486.3452973815024, 583.8723589317083, 538.6502949638963, 757.128888952589, 817.7243967089653, 1041.1847562904002, 1192.6231791376472, 1281.0067400408982, 1441.907011272043, 1501.2898985028921, 1664.1458912205935, 1962.197190768051, 2140.7935925489187, 2601.857001901567, 2879.256370697147, 2709.70897313385, 3375.8218162300586, 3967.4463276433466, 4370.048344368458, 3678.6221370689395, 3424.908603313172, 3743.5198, 3761.162318552023, 3368.904034495211, 3472.867389956546, 3185.179352466613, 2670.052229615414, 3093.9601830205916, 3062.783337718415, 3069.263309904289, 2289.568999090904, 2586.6842166485217, 2770.804046428263, 2783.5346028858576, 3619.021166325903, 3573.562257925701, 3751.378575973606, 3211.7991138124644, 2930.953511238888, 2741.80114969663, 3032.7723344466926, 3012.8719143571857, 3353.6100143024205, 3205.4728065755367, 3119.1984335294364, 3531.920182777056]
shares:[0, 115.3403, 238.0397, 369.4457, 509.8951, 654.8226, 824.3141, 994.6718, 1221.4292, 1407.3028, 1603.3812, 1773.7389, 1936.0766, 2100.011, 2256.5055, 2417.5361, 2572.0956, 2710.2172, 2843.0193, 2956.6557, 3063.0387, 3180.4096, 3277.497, 3362.2428, 3440.983, 3537.1368, 3643.5198, 3743.5198, 3845.7693, 3963.4164, 4080.9252, 4213.2003, 4377.1347, 4523.3335, 4676.0053, 4833.4856, 5054.2361, 5257.4881, 5454.3385, 5657.5905, 5818.3622, 5985.8664, 6149.8008, 6347.4293, 6571.6445, 6820.4007, 7052.9588, 7295.0896, 7519.3048, 7761.4356, 8018.505, 8252.1499]
growth_rate:-30.75
