ticker:SONN
price:[2.4600000381469727, 2.569999933242798, 2.75, 2.4600000381469727, 2.75, 2.930000066757202, 2.7300000190734863, 2.859999895095825, 2.6700000762939453, 2.5399999618530273, 2.490000009536743, 2.430000066757202, 2.569999933242798, 2.5199999809265137, 2.609999895095825, 2.359999895095825, 2.2899999618530273, 2.2300000190734863, 2.4200000762939453, 2.430000066757202, 2.759999990463257, 2.630000114440918, 3.0999999046325684, 3.0299999713897705, 2.890000104904175, 2.369999885559082, 2.0299999713897705, 2.490000009536743, 2.559999942779541, 2.2899999618530273, 2.390000104904175, 2.259999990463257, 2.0799999237060547, 2.109999895095825, 2.369999885559082, 1.6200000047683716, 1.5800000429153442, 1.600000023841858, 1.5499999523162842, 1.4900000095367432, 1.6200000047683716, 1.5, 1.5299999713897705, 1.5099999904632568, 1.309999942779541, 1.190000057220459, 1.0399999618530273, 1.059999942779541, 1.059999942779541, 0.9800000190734863, 0.6299999952316284, 0.5799999833106995]
assets:[0, 99.99998240244388, 207.00377500000002, 285.1742744221687, 418.79227499999996, 546.2041664447307, 608.9204982542991, 737.9165809333803, 788.8942425422669, 850.4836812270164, 933.7417865762471, 1011.2420977809429, 1169.502884621501, 1246.7498305635452, 1391.276626080179, 1358.012615635085, 1417.7325643833162, 1480.5866586636544, 1706.7353038072588, 1813.7880138285636, 2160.1048845360992, 2158.360878918171, 2644.0754786584853, 2684.3706016533133, 2660.340466567755, 2281.6631168246267, 2054.3360170467854, 2619.8505220340726, 2793.5008655603883, 2598.8737827077866, 2812.3618794428826, 2759.38812035594, 2639.613711179543, 2777.6850969001052, 3219.959106516838, 2300.9848267728094, 2344.1703816714407, 2473.843396863139, 2496.5356331973553, 2499.895643000579, 2818.0073422946334, 2709.2661, 2863.4514034548997, 2926.0207525200603, 2638.4682647523878, 2496.7767240560534, 2282.056732294655, 2425.942369043827, 2525.942339645672, 2435.3053393977166, 1665.5534153936862, 1633.3666050004363]
shares:[0, 38.9105, 75.2741, 115.9245, 152.2881, 186.4178, 223.0478, 258.0128, 295.466, 334.8361, 374.9967, 416.149, 455.0595, 494.742, 533.0562, 575.4291, 619.0972, 663.9402, 705.2625, 746.4148, 782.6467, 820.6695, 852.9276, 885.9309, 920.533, 962.7271, 1011.9882, 1052.1488, 1091.2113, 1134.8794, 1176.7204, 1220.9682, 1269.0451, 1316.4385, 1358.6326, 1420.361, 1483.6521, 1546.1521, 1610.6682, 1677.7823, 1739.5107, 1806.1774, 1871.5369, 1937.7621, 2014.098, 2098.1316, 2194.2854, 2288.625, 2382.9646, 2485.0054, 2643.7356, 2816.1494]
growth_rate:-67.97
