ticker:SONO
price:[13.119999885559082, 13.140000343322754, 14.4399995803833, 14.260000228881836, 15.5, 13.8100004196167, 14.829999923706055, 15.989999771118164, 14.600000381469727, 16.06999969482422, 16.6200008392334, 20.940000534057617, 21.239999771118164, 22.940000534057617, 20.850000381469727, 24.34000015258789, 24.440000534057617, 23.389999389648438, 24.40999984741211, 26.329999923706055, 28.299999237060547, 26.149999618530273, 31.0, 35.47999954223633, 36.849998474121094, 38.939998626708984, 37.79999923706055, 41.560001373291016, 41.56999969482422, 37.84000015258789, 38.959999084472656, 41.66999816894531, 43.40999984741211, 41.34000015258789, 40.029998779296875, 37.58000183105469, 33.880001068115234, 34.9900016784668, 37.0, 35.43000030517578, 35.33000183105469, 33.04999923706055, 34.880001068115234, 35.91999816894531, 34.880001068115234, 32.400001525878906, 33.38999938964844, 33.380001068115234, 34.27000045776367, 38.13999938964844, 37.810001373291016, 40.95000076293945]
assets:[0, 99.99934461278914, 209.89261390066147, 307.2759109319687, 433.99535000000003, 486.6754627876282, 622.6212337968826, 771.3224109592438, 804.271681014061, 985.2500742897033, 1118.9698105028153, 1509.820106506729, 1631.4507544195176, 1862.0283733491897, 1792.384877793312, 2192.4060417442324, 2301.414646290016, 2302.5396079162597, 2502.950123353958, 2799.8216058872226, 3109.3039361763, 2973.0849816293717, 3624.4983, 4248.297089188385, 4512.337588153839, 4868.263052311707, 4825.740682599258, 5405.763406625748, 5507.064692571259, 5112.925684617614, 5364.258121944427, 5837.38753049469, 6181.136855273056, 5986.391680096053, 5896.69102418213, 5635.790198599244, 5180.90943533554, 5450.651487467194, 5863.7636999999995, 5714.951167225648, 5798.822723536683, 5524.598212467957, 5930.500085607147, 6207.327699575805, 6127.606971643066, 5791.927952770997, 6068.90284806366, 6167.085379338455, 6431.516098909377, 7257.805415853882, 7295.008730960846, 8000.835719063568]
shares:[0, 7.6103, 14.5355, 21.5481, 27.9997, 35.2408, 41.9839, 48.2378, 55.0871, 61.3099, 67.3267, 72.1022, 76.8103, 81.1695, 85.9657, 90.0742, 94.1659, 98.4412, 102.5379, 106.3358, 109.8694, 113.6935, 116.9193, 119.7378, 122.4515, 125.0196, 127.6651, 130.0713, 132.4769, 135.1196, 137.6863, 140.0861, 142.3897, 144.8087, 147.3068, 149.9678, 152.9194, 155.7774, 158.4801, 161.3026, 164.1331, 167.1588, 170.0258, 172.8098, 175.6768, 178.7632, 181.7581, 184.7539, 187.6719, 190.2938, 192.9386, 195.3806]
growth_rate:56.88
