ticker:SOTK
price:[4.090000152587891, 3.930000066757202, 4.239999771118164, 3.630000114440918, 3.940000057220459, 3.8499999046325684, 3.890000104904175, 3.890000104904175, 3.8499999046325684, 3.890000104904175, 3.8499999046325684, 4.400000095367432, 4.539999961853027, 4.269999980926514, 4.480000019073486, 4.5, 4.199999809265137, 4.489999771118164, 4.300000190734863, 4.449999809265137, 4.590000152587891, 4.300000190734863, 4.300000190734863, 4.130000114440918, 4.130000114440918, 4.25, 4.639999866485596, 4.699999809265137, 4.889999866485596, 4.440000057220459, 4.389999866485596, 4.440000057220459, 4.320000171661377, 4.300000190734863, 4.25, 4.090000152587891, 4.199999809265137, 4.199999809265137, 4.199999809265137, 3.700000047683716, 3.450000047683716, 3.799999952316284, 3.430000066757202, 3.7799999713897705, 3.5899999141693115, 3.240000009536743, 3.2200000286102295, 3.25, 3.0299999713897705, 3.200000047683716, 3.190000057220459, 3.5]
assets:[0, 100.00003069865703, 207.8880367778778, 277.9796007637024, 401.71885983414654, 492.5424227993488, 597.6596161174774, 697.6594598142385, 790.4854454190731, 898.6981662357807, 989.4569054903984, 1230.8080666770459, 1369.969958488941, 1388.4959627977846, 1556.7825346279621, 1663.73235, 1652.8166849405288, 1866.9396598310473, 1887.9378737431525, 2053.7959519706724, 2218.409956747818, 2178.2489466204643, 2278.248891056156, 2288.178655404663, 2388.178761175632, 2557.568825, 2892.263180776119, 3029.6631170505525, 3252.1389102050302, 3052.8623433437347, 3118.4829391566277, 3254.0010059359074, 3266.054913781357, 3350.9342486371997, 3411.9697, 3383.5192932308196, 3574.5181976701733, 3674.518093128872, 3774.51798858757, 3425.1707041418554, 3293.7402305239916, 3727.887733221173, 3464.9092354366303, 3918.4711983417033, 3821.5111106342797, 3548.940490446091, 3627.0334702267883, 3760.8255750000003, 3606.2465779486656, 3908.57733824234, 3996.363167684555, 4484.7243]
shares:[0, 25.4453, 49.0302, 76.5784, 101.9591, 127.9331, 153.64, 179.3469, 205.3209, 231.0278, 257.0018, 279.7291, 301.7555, 325.1747, 347.4961, 369.7183, 393.5278, 415.7995, 439.0553, 461.5272, 483.3137, 506.5695, 529.8253, 554.0384, 578.2515, 601.7809, 623.3326, 644.6092, 665.0591, 687.5816, 710.3606, 732.8831, 756.0312, 779.287, 802.8164, 827.2663, 851.0758, 874.8853, 898.6948, 925.7218, 954.7073, 981.0231, 1010.1776, 1036.6326, 1064.4878, 1095.352, 1126.4079, 1157.1771, 1190.1804, 1221.4304, 1252.7784, 1281.3498]
growth_rate:-12.06
