ticker:SP
price:[19.229999542236328, 18.260000228881836, 18.520000457763672, 18.219999313354492, 19.260000228881836, 18.8700008392334, 17.809999465942383, 18.6299991607666, 18.43000030517578, 22.219999313354492, 27.170000076293945, 27.459999084472656, 30.010000228881836, 31.219999313354492, 28.670000076293945, 29.030000686645508, 28.989999771118164, 28.829999923706055, 29.690000534057617, 30.5, 31.610000610351562, 29.0, 33.13999938964844, 33.0099983215332, 30.760000228881836, 33.150001525878906, 35.470001220703125, 35.95000076293945, 33.290000915527344, 32.959999084472656, 33.790000915527344, 32.2599983215332, 32.59000015258789, 33.0099983215332, 34.33000183105469, 33.40999984741211, 33.650001525878906, 32.95000076293945, 32.689998626708984, 32.54999923706055, 32.709999084472656, 31.809999465942383, 30.829999923706055, 30.75, 30.790000915527344, 29.729999542236328, 31.010000228881836, 32.790000915527344, 31.200000762939453, 29.469999313354492, 30.280000686645508, 31.360000610351562]
assets:[0, 100.00089125347137, 201.42537697868346, 298.1630007633209, 415.18204693393704, 506.7746295385361, 578.3067116586685, 704.9330862445831, 797.3647482032776, 1061.3382672023774, 1397.7742389249802, 1512.694461566162, 1753.1662073711395, 1923.8544076871872, 1866.718039967537, 1990.15750307312, 2087.416236519432, 2175.895233241844, 2340.80120810585, 2504.6630499999997, 2695.8178090530396, 2573.228, 3040.578374000549, 3128.651329916763, 3015.3997464372633, 3349.691629184723, 3684.1200527893066, 3833.974111365509, 3650.2918773887636, 3714.1073848335263, 3907.6378978759767, 3830.700596691132, 3969.8856885871887, 4121.047414456177, 4385.839682926941, 4368.304024049377, 4499.684934040833, 4506.080649335861, 4570.522736994552, 4650.948955986405, 4773.8117513847355, 4742.463752378845, 4696.358552378083, 4784.1711, 4890.394319413757, 4822.033491753387, 5129.643227861405, 5524.0888272377015, 5356.222690976715, 5159.2273167909625, 5401.031610476684, 5693.6715348144535]
shares:[0, 5.4765, 10.8761, 16.3646, 21.5567, 26.8561, 32.4709, 37.8386, 43.2645, 47.765, 51.4455, 55.0872, 58.4194, 61.6225, 65.1105, 68.5552, 72.0047, 75.4733, 78.8414, 82.1201, 85.2837, 88.732, 91.7495, 94.7789, 98.0299, 101.0465, 103.8658, 106.6474, 109.6513, 112.6853, 115.6448, 118.7446, 121.813, 124.8424, 127.7553, 130.7484, 133.7202, 136.7551, 139.8141, 142.8863, 145.9435, 149.0872, 152.3308, 155.5828, 158.8306, 162.1942, 165.419, 168.4687, 171.6738, 175.0671, 178.3696, 181.5584]
growth_rate:11.64
