ticker:SPCB
price:[0.8700000047683716, 0.8199999928474426, 0.8799999952316284, 0.7200000286102295, 0.8199999928474426, 0.8999999761581421, 0.8500000238418579, 0.8700000047683716, 0.8100000023841858, 0.8399999737739563, 0.8199999928474426, 0.7799999713897705, 0.8600000143051147, 1.059999942779541, 1.090000033378601, 1.100000023841858, 1.059999942779541, 1.0299999713897705, 1.1799999475479126, 1.3300000429153442, 1.309999942779541, 1.2300000190734863, 1.8600000143051147, 2.0, 1.899999976158142, 1.409999966621399, 1.1399999856948853, 1.3799999952316284, 2.240000009536743, 1.6399999856948853, 1.6799999475479126, 1.5399999618530273, 1.3600000143051147, 1.4500000476837158, 1.3799999952316284, 1.3799999952316284, 1.2200000286102295, 1.2799999713897705, 1.2799999713897705, 1.3200000524520874, 1.4199999570846558, 1.309999942779541, 1.340000033378601, 1.2899999618530273, 1.2699999809265137, 1.2699999809265137, 1.2799999713897705, 1.2400000095367432, 1.2300000190734863, 1.2100000381469727, 1.090000033378601, 1.159999966621399]
assets:[0, 99.99998312773704, 207.31708687663078, 269.6230907138586, 407.0707104492724, 546.7849055151463, 616.4080322897792, 730.9117120060445, 780.5040142973661, 909.411523606825, 987.7588713841438, 1039.575459868598, 1246.1986727290869, 1636.0121796854971, 1782.3145355790498, 1898.6660411524772, 1929.6234718358994, 1975.0115551402569, 2362.63459897871, 2762.969753153229, 2821.421153761053, 2749.1207676303384, 4257.206906741846, 4677.6418, 4543.759692983329, 3471.9479628093836, 2907.1068955206156, 3619.129475494671, 5974.529145436406, 4474.208764973128, 4683.3356857793215, 4393.057791180611, 3979.5836258591175, 4342.938497818923, 4233.279291372573, 4333.2793350270385, 3930.870226182866, 4224.19152158196, 4324.191519346786, 4559.3228171712035, 5004.725664746809, 4717.035610961104, 4925.059706680298, 4841.288586836815, 4866.229970916557, 4966.230023414707, 5105.334157886887, 5045.792662806797, 5105.100811164284, 5122.091091481208, 4714.115093358315, 5116.85613276422]
shares:[0, 121.9512, 235.5876, 374.4765, 496.4277, 607.5388, 725.1859, 840.1284, 963.5852, 1082.6328, 1204.584, 1332.7891, 1449.0682, 1543.4078, 1635.1509, 1726.06, 1820.3996, 1917.487, 2002.2328, 2077.4208, 2153.7567, 2235.0575, 2288.8209, 2338.8209, 2391.4525, 2462.3745, 2550.0938, 2622.5576, 2667.2005, 2728.1761, 2787.6999, 2852.635, 2926.1644, 2995.1299, 3067.5937, 3140.0575, 3222.0247, 3300.1497, 3378.2747, 3454.0323, 3524.4548, 3600.7907, 3675.4176, 3752.937, 3831.6772, 3910.4174, 3988.5424, 4069.1876, 4150.4884, 4233.133, 4324.8761, 4411.083]
growth_rate:0.33
