ticker:SPFI
price:[14.399999618530273, 14.65999984741211, 13.470000267028809, 11.8100004196167, 12.739999771118164, 14.25, 14.59000015258789, 14.920000076293945, 14.649999618530273, 15.369999885559082, 17.34000015258789, 17.899999618530273, 18.549999237060547, 18.450000762939453, 18.600000381469727, 19.190000534057617, 18.899999618530273, 18.950000762939453, 19.399999618530273, 19.600000381469727, 20.09000015258789, 18.84000015258789, 19.59000015258789, 20.0, 19.559999465942383, 19.299999237060547, 22.950000762939453, 24.700000762939453, 24.40999984741211, 23.6200008392334, 22.799999237060547, 22.559999465942383, 21.5, 21.34000015258789, 22.84000015258789, 23.690000534057617, 23.75, 23.6200008392334, 23.459999084472656, 23.299999237060547, 24.149999618530273, 23.6299991607666, 23.31999969482422, 23.020000457763672, 23.200000762939453, 23.540000915527344, 23.5, 23.0, 23.75, 23.829999923706055, 22.81999969482422, 23.399999618530273]
assets:[0, 100.00025695915222, 191.8828478038788, 268.23581553058625, 389.35859900493625, 535.50645, 648.2833127799987, 762.946139901352, 849.1388828893662, 990.8716156222343, 1217.8731767169952, 1357.204821076393, 1506.4881030399322, 1598.367846095276, 1711.3618550985336, 1865.6460949209213, 1937.4521908952713, 2042.576997235489, 2191.080576915932, 2313.668325030327, 2471.5099897716523, 2417.7334515815737, 2613.979916360474, 2768.688, 2807.7772873376844, 2870.4541465293883, 3513.312341794968, 3881.212389883804, 3935.643803398132, 3908.271628863334, 3872.5912704143525, 3931.826642922783, 3847.08745, 3918.457230018234, 4293.88805268631, 4553.687164656448, 4665.219625, 4739.68384840393, 4807.577848384094, 4874.788560379028, 5152.624598609924, 5141.677510390282, 5174.225208287811, 5207.6604695568085, 5348.379695883179, 5526.761432949066, 5617.3695, 5597.8504, 5880.388375, 6000.196191789818, 5845.8860378219615, 6094.4667206472395]
shares:[0, 6.8213, 14.2452, 22.7126, 30.5619, 37.5794, 44.4334, 51.1358, 57.9617, 64.4679, 70.2349, 75.8215, 81.2123, 86.6324, 92.0087, 97.2197, 102.5107, 107.7877, 112.9423, 118.0443, 123.0219, 128.3298, 133.4344, 138.4344, 143.5469, 148.7282, 153.0855, 157.1341, 161.2308, 165.4645, 169.8505, 174.2831, 178.9343, 183.6203, 187.9986, 192.2198, 196.4303, 200.664, 204.9266, 209.2184, 213.3592, 217.5911, 221.8793, 226.2233, 230.5336, 234.7817, 239.037, 243.3848, 247.5953, 251.7917, 256.1738, 260.4473]
growth_rate:19.5
