ticker:SPI
price:[1.0199999809265137, 1.0099999904632568, 1.1399999856948853, 9.989999771118164, 5.679999828338623, 7.409999847412109, 8.789999961853027, 8.300000190734863, 7.849999904632568, 7.840000152587891, 7.869999885559082, 9.5600004196167, 11.90999984741211, 8.850000381469727, 7.869999885559082, 7.840000152587891, 7.880000114440918, 7.889999866485596, 8.880000114440918, 8.369999885559082, 11.229999542236328, 9.75, 11.239999771118164, 10.300000190734863, 10.229999542236328, 8.90999984741211, 6.809999942779541, 8.010000228881836, 7.989999771118164, 6.820000171661377, 7.53000020980835, 7.369999885559082, 6.21999979019165, 6.510000228881836, 6.730000019073486, 6.159999847412109, 5.159999847412109, 5.480000019073486, 5.599999904632568, 6.110000133514404, 6.909999847412109, 6.800000190734863, 6.690000057220459, 6.489999771118164, 6.110000133514404, 5.650000095367432, 5.550000190734863, 5.449999809265137, 5.610000133514404, 5.179999828338623, 4.800000190734863, 5.239999771118164]
assets:[0, 99.99999805576802, 212.87128532881735, 1965.4245629699708, 1217.4784272052764, 1688.2951062343598, 2102.7147838746073, 2085.4987179249765, 2072.4298048226356, 2169.7898182300564, 2278.092664873314, 2867.289817853832, 3672.1149729537965, 2828.649511925888, 2615.42053496809, 2705.450772655487, 2819.254432943916, 2922.832303539896, 3389.5759636831285, 3294.9040229496004, 4520.760968722153, 4024.970625, 4740.068635477257, 4443.656982287407, 4513.4573840354915, 4031.0754959659575, 3180.9904712719917, 3841.5176117694855, 3931.925229365921, 3456.1619389925954, 3915.967573110581, 3932.759439932346, 3419.0996746695037, 3678.5114343309406, 3902.8232500609874, 3672.272205035019, 3176.1238700778963, 3473.09304008832, 3649.145857855415, 4081.478867187596, 4715.878651863098, 4740.807132976055, 4764.11762874813, 4721.6922484807965, 4545.229710321379, 4303.03555263176, 4326.87560870018, 4348.913457800102, 4576.588179919863, 4325.797654646253, 4108.461283255577, 4585.070015725327]
shares:[0, 99.0099, 186.7292, 196.7392, 214.3448, 227.8401, 239.2167, 251.2649, 264.0038, 276.7589, 289.4654, 299.9257, 308.322, 319.6214, 332.3279, 345.083, 357.7734, 370.4477, 381.709, 393.6564, 402.5611, 412.8175, 421.7143, 431.423, 441.1982, 452.4215, 467.1058, 479.5902, 492.1058, 506.7686, 520.0488, 533.6173, 549.6945, 565.0555, 579.9143, 596.1481, 615.5279, 633.7761, 651.6332, 667.9998, 682.4716, 697.1775, 712.1252, 727.5335, 743.9001, 761.5992, 779.6172, 797.9658, 815.7911, 835.0961, 855.9294, 875.0134]
growth_rate:-10.1
