ticker:SPKBU
price:[10.020000457763672, 10.010000228881836, 10.0, 9.970000267028809, 10.010000228881836, 10.020000457763672, 10.010000228881836, 10.069999694824219, 10.020000457763672, 10.010000228881836, 9.979999542236328, 9.979999542236328, 10.119999885559082, 10.100000381469727, 10.09000015258789, 10.199999809265137, 10.130000114440918, 10.100000381469727, 10.100000381469727, 10.1899995803833, 10.0, 9.930000305175781, 9.9399995803833, 9.899999618530273, 9.925000190734863, 9.82800006866455, 9.869999885559082]
assets:[0, 99.99990228652955, 199.89999999999998, 299.30040501623154, 400.5011101575852, 500.9008248836517, 600.4008147283554, 703.9997206649781, 800.5038485710145, 899.7048265720367, 997.0079422691344, 1097.0075376823424, 1212.3962262897492, 1310.000349477768, 1408.7032633033753, 1524.0605115008354, 1613.6016402292253, 1708.8231045410157, 1808.8232083179473, 1924.9408517323493, 1989.049, 2075.125785774231, 2177.2157600889204, 2268.4542325912475, 2374.1831156261446, 2450.979384324074, 2561.453487300396]
shares:[0, 9.99, 19.99, 30.0201, 40.0101, 49.9901, 59.9801, 69.9106, 79.8906, 89.8806, 99.9006, 109.9206, 119.802, 129.703, 139.6138, 149.4177, 159.2894, 169.1904, 179.0914, 188.9049, 198.9049, 208.9754, 219.0358, 229.1368, 239.2124, 249.3874, 259.5191]
growth_rate:-1.48
