ticker:SPLK
price:[200.13999938964844, 186.92999267578125, 174.88999938964844, 184.88999938964844, 194.8000030517578, 212.42999267578125, 207.1999969482422, 216.50999450683594, 198.0399932861328, 201.0, 193.25, 198.94000244140625, 204.02999877929688, 161.07000732421875, 155.25, 165.88999938964844, 180.1999969482422, 169.88999938964844, 165.39999389648438, 169.97000122070312, 170.89999389648438, 165.02999877929688, 170.24000549316406, 173.3300018310547, 169.66000366210938, 143.00999450683594, 136.77000427246094, 135.9199981689453, 135.0399932861328, 135.19000244140625, 138.27000427246094, 142.27000427246094, 134.25, 133.1999969482422, 126.41999816894531, 117.81999969482422, 116.22000122070312, 118.05000305175781, 121.19999694824219, 112.41000366210938, 120.94000244140625, 129.08999633789062, 141.24000549316406, 142.2899932861328, 138.3699951171875, 134.38999938964844, 141.75, 141.97999572753906, 144.66000366210938, 147.4600067138672, 144.3300018310547, 155.07000732421875]
assets:[0, 100.00754608154297, 193.5682513244629, 304.64325199432375, 420.96280659484864, 559.0520117248535, 645.2829504959107, 774.2830423553467, 808.2210166000367, 920.2986, 984.821325, 1113.8252856689453, 1242.3182595672606, 1080.7314281433105, 1141.67745, 1319.9203691436767, 1533.7722740249633, 1546.0159834457397, 1605.157320767212, 1749.5012225646972, 1859.0672236053467, 1895.2210089813232, 2055.05222631073, 2192.347195159912, 2245.9251964782716, 1993.144594441223, 2006.1834536697388, 2093.7116517944337, 2180.153171607971, 2282.575039221191, 2434.5752732269284, 2605.006459230042, 2558.1605999999997, 2638.159139556885, 2603.872702285767, 2526.744149455261, 2592.426591229248, 2733.247135658264, 2906.1820068237307, 2795.411971069336, 3107.5412687316893, 3416.9605670654296, 3838.5643732910157, 3967.1019288146977, 3957.810807336426, 3943.970190087891, 4259.970225, 4366.878728591919, 4549.311193167115, 4737.3591596923825, 4736.809629093933, 5189.293739099121]
shares:[0, 0.535, 1.1068, 1.6477, 2.161, 2.6317, 3.1143, 3.5762, 4.0811, 4.5786, 5.0961, 5.5988, 6.0889, 6.7097, 7.3538, 7.9566, 8.5115, 9.1001, 9.7047, 10.293, 10.8781, 11.4841, 12.0715, 12.6484, 13.2378, 13.9371, 14.6683, 15.404, 16.1445, 16.8842, 17.6074, 18.3103, 19.0552, 19.806, 20.597, 21.4458, 22.3062, 23.1533, 23.9784, 24.868, 25.6949, 26.4696, 27.1776, 27.8804, 28.6031, 29.3472, 30.0527, 30.757, 31.4483, 32.1264, 32.8193, 33.4642]
growth_rate:1.75
