ticker:SPNE
price:[12.359999656677246, 12.15999984741211, 14.039999961853027, 14.300000190734863, 14.755000114440918, 15.380000114440918, 15.399999618530273, 14.609999656677246, 12.760000228881836, 13.65999984741211, 14.4399995803833, 13.829999923706055, 14.199999809265137, 16.15999984741211, 15.960000038146973, 17.5, 17.1200008392334, 17.450000762939453, 17.15999984741211, 16.780000686645508, 17.149999618530273, 16.260000228881836, 17.68000030517578, 18.030000686645508, 18.079999923706055, 18.920000076293945, 17.8700008392334, 19.770000457763672, 19.110000610351562, 18.059999465942383, 17.90999984741211, 21.940000534057617, 20.6200008392334, 22.010000228881836, 20.809999465942383, 21.299999237060547, 19.670000076293945, 21.18000030517578, 20.3799991607666, 20.15999984741211, 19.649999618530273, 20.600000381469727, 20.940000534057617, 20.229999542236328, 19.139999389648438, 18.829999923706055, 19.65999984741211, 19.59000015258789, 16.239999771118164, 15.34000015258789, 15.09000015258789, 16.350000381469727]
assets:[0, 100.00019074516295, 215.46064741458892, 319.45056426086427, 429.6154363321304, 547.8140720762253, 648.5263239355087, 715.2573701920509, 724.6876249990463, 875.8013282169342, 1025.8103501906396, 1082.4768600284576, 1211.437483727932, 1478.6496820381165, 1560.3501517294883, 1810.9105, 1871.587595746422, 2007.6644677780153, 2074.299065555191, 2128.365219093704, 2275.295594390297, 2257.219735773468, 2554.3445640907285, 2704.9111870124816, 2812.4126921321867, 3043.077676271057, 2974.1971636779786, 3390.424596503449, 3377.2397008651733, 3291.6769066608426, 3364.337950336838, 4221.361414755249, 4067.3879555425647, 4441.571825187873, 4299.414562661934, 4500.649368792343, 4256.233956508637, 4682.970079475403, 4606.087686324691, 4656.365244756698, 4638.571049950408, 4962.828491901398, 5144.738261212349, 5070.299406269455, 4897.110479837036, 4917.795303074455, 5234.5653953727715, 5315.926769406127, 4506.872768481445, 4357.107681340409, 4386.098678351593, 4852.333493212128]
shares:[0, 8.2237, 15.3462, 22.3392, 29.1166, 35.6186, 42.1121, 48.9567, 56.7937, 64.1143, 71.0395, 78.2702, 85.3125, 91.5006, 97.7663, 103.4806, 109.3217, 115.0524, 120.8799, 126.8394, 132.6703, 138.8204, 144.4765, 150.0228, 155.5538, 160.8392, 166.4352, 171.4934, 176.7263, 182.2634, 187.8469, 192.4048, 197.2545, 201.7979, 206.6033, 211.2981, 216.382, 221.1034, 226.0102, 230.9705, 236.0596, 240.914, 245.6895, 250.6327, 255.8574, 261.1681, 266.2546, 271.3592, 277.5168, 284.0357, 290.6626, 296.7788]
growth_rate:-4.86
