ticker:SPNS
price:[31.68000030517578, 30.06999969482422, 30.31999969482422, 29.309999465942383, 30.600000381469727, 31.93000030517578, 29.049999237060547, 28.989999771118164, 27.1299991607666, 28.850000381469727, 29.440000534057617, 29.84000015258789, 29.889999389648438, 28.459999084472656, 27.59000015258789, 28.459999084472656, 30.479999542236328, 30.610000610351562, 30.940000534057617, 31.020000457763672, 34.45000076293945, 32.65999984741211, 33.869998931884766, 34.0099983215332, 33.2599983215332, 31.3799991607666, 31.3799991607666, 32.70000076293945, 31.43000030517578, 32.060001373291016, 32.279998779296875, 32.36000061035156, 33.22999954223633, 32.7400016784668, 32.36000061035156, 29.290000915527344, 27.739999771118164, 28.09000015258789, 28.709999084472656, 27.639999389648438, 27.579999923706055, 27.18000030517578, 27.06999969482422, 26.56999969482422, 26.18000030517578, 25.030000686645508, 25.489999771118164, 25.209999084472656, 28.139999389648438, 28.15999984741211, 28.049999237060547, 28.729999542236328]
assets:[0, 100.00079098510743, 200.83361397857666, 294.1434306404114, 407.09016507492066, 524.7855200157165, 577.4500748344421, 676.2584216608047, 732.8708063295364, 879.3335866270065, 997.3153460918426, 1110.8656216804504, 1212.7269452362061, 1254.7074416374207, 1316.3520152801514, 1457.8606071022034, 1661.3337110492705, 1768.4193212615967, 1887.4854505800247, 1992.3649974014281, 2312.6698912170414, 2292.503369289398, 2477.438006872177, 2587.677930292511, 2630.6130912460326, 2581.918088948631, 2681.9167322742464, 2894.731597538376, 2882.307035986328, 3040.0832182220456, 3160.944636465454, 3268.7775056533815, 3456.657658382416, 3505.6880637245176, 3564.9977152404786, 3326.7846649864196, 3250.734065178299, 3391.749540424347, 3566.611605265045, 3533.685473968506, 3626.0142979694365, 3673.4259652450564, 3758.558470627594, 3789.134371479034, 3833.516500686646, 3765.122835288238, 3934.3177396726605, 3991.100837059021, 4554.962607203674, 4658.199014759064, 4740.003876075363, 4954.9136250518795]
shares:[0, 3.3256, 6.6238, 10.0356, 13.3036, 16.4355, 19.8778, 23.3273, 27.0133, 30.4795, 33.8762, 37.2274, 40.573, 44.0867, 47.7112, 51.2249, 54.5057, 57.7726, 61.0047, 64.2284, 67.1312, 70.193, 73.1455, 76.0858, 79.0924, 82.2791, 85.4658, 88.5239, 91.7056, 94.8248, 97.9227, 101.0129, 104.0222, 107.0766, 110.1668, 113.5809, 117.1858, 120.7458, 124.2289, 127.8468, 131.4726, 135.1518, 138.8459, 142.6095, 146.4292, 150.4244, 154.3475, 158.3142, 161.8679, 165.419, 168.9841, 172.4648]
growth_rate:-2.84
