ticker:SPOK
price:[10.34000015258789, 10.0600004196167, 10.529999732971191, 9.369999885559082, 9.430000305175781, 9.630000114440918, 9.710000038146973, 9.239999771118164, 9.079999923706055, 9.420000076293945, 9.729999542236328, 9.829999923706055, 10.100000381469727, 10.130000114440918, 10.010000228881836, 10.65999984741211, 11.020000457763672, 11.130000114440918, 12.479999542236328, 12.130000114440918, 12.369999885559082, 11.119999885559082, 11.75, 12.010000228881836, 10.100000381469727, 10.720000267028809, 11.0, 11.600000381469727, 10.970000267028809, 10.680000305175781, 10.729999542236328, 10.720000267028809, 10.789999961853027, 10.729999542236328, 10.270000457763672, 10.199999809265137, 10.449999809265137, 11.770000457763672, 11.670000076293945, 11.279999732971191, 11.180000305175781, 10.210000038146973, 9.739999771118164, 9.300000190734863, 9.0600004196167, 9.0, 8.890000343322754, 8.239999771118164, 7.75, 7.679999828338623, 8.010000228881836, 7.860000133514404]
assets:[0, 100.00042817115784, 204.67265780973435, 282.1260115542412, 383.93303242492675, 492.0756718477249, 596.1639013421059, 667.307239470291, 755.7520016498567, 884.050993160057, 1013.1439863349914, 1123.5562122797012, 1254.4170173784257, 1358.1432973432543, 1442.0546469730377, 1635.694894586563, 1790.934108394241, 1908.8106016267775, 2240.3371338249203, 2277.5069874872206, 2422.5692285876275, 2277.766288558483, 2506.811975, 2662.2819717367174, 2338.8883983381274, 2582.4641443276405, 2749.9164, 2999.9120586530685, 2936.986104491329, 2959.3447805618284, 3073.199555891037, 3170.33609497118, 3291.0373873648646, 3372.7371501121524, 3328.1466713451387, 3405.4616963195804, 3588.929124494362, 4142.268049102783, 4207.074705504227, 4166.477709367943, 4229.540573451996, 3962.5765688051224, 3880.165590819359, 3804.8811780347824, 3806.69054630804, 3881.4804, 3934.040289928627, 3746.3991199365614, 3623.6155750000003, 3690.8858055022715, 3949.478797854423, 3975.5181135303974]
shares:[0, 9.9404, 19.4371, 30.1095, 40.714, 51.0982, 61.3969, 72.2194, 83.2326, 93.8483, 104.1258, 114.2987, 124.1997, 134.0714, 144.0614, 153.4423, 162.5167, 171.5014, 179.5142, 187.7582, 195.8423, 204.8351, 213.3457, 221.6721, 231.5731, 240.9015, 249.9924, 258.6131, 267.7289, 277.0922, 286.4119, 295.7403, 305.0081, 314.3278, 324.0649, 333.8688, 343.4382, 351.9344, 360.5034, 369.3686, 378.3131, 388.1074, 398.3743, 409.127, 420.1645, 431.2756, 442.5242, 454.6601, 467.5633, 480.5841, 493.0685, 505.7911]
growth_rate:-22.05
