ticker:SPPI
price:[3.9800000190734863, 3.930000066757202, 4.900000095367432, 4.309999942779541, 3.940000057220459, 4.510000228881836, 4.070000171661377, 3.4000000953674316, 3.430000066757202, 3.5, 4.039999961853027, 4.320000171661377, 4.730000019073486, 4.869999885559082, 4.71999979019165, 4.369999885559082, 3.7100000381469727, 3.4100000858306885, 3.740000009536743, 3.5899999141693115, 3.990000009536743, 3.5899999141693115, 3.809999942779541, 3.630000114440918, 3.6700000762939453, 3.430000066757202, 3.2899999618530273, 3.690000057220459, 3.5199999809265137, 3.1500000953674316, 3.309999942779541, 3.069999933242798, 3.0, 3.0199999809265137, 3.109999895095825, 3.0799999237060547, 3.4800000190734863, 3.359999895095825, 3.450000047683716, 3.819999933242798, 4.449999809265137, 4.269999980926514, 3.890000104904175, 3.640000104904175, 3.5299999713897705, 3.4100000858306885, 3.259999990463257, 3.2200000286102295, 2.549999952316284, 2.259999990463257, 2.2699999809265137, 2.380000114440918]
assets:[0, 100.00003069865703, 224.6821543729305, 297.6287700486183, 372.07823940367695, 525.906616689682, 574.5985542349815, 580.0087362688065, 685.1263923344374, 799.10845, 1022.3995583461761, 1193.2587834158421, 1406.5076026716708, 1548.1378996200563, 1600.4537528583528, 1581.7760835766792, 1442.8809718359946, 1426.2059378980161, 1664.225952243662, 1697.479045416212, 1986.6134237483263, 1887.4543018742322, 2103.1199684143066, 2103.7600323240276, 2226.942100294876, 2181.3109434542894, 2192.277656580925, 2558.816148679304, 2540.9302902317045, 2373.843851869011, 2594.4199921498775, 2506.3049655003547, 2549.1579, 2666.152321161318, 2845.606986014128, 2918.157323715019, 3397.138782619333, 3379.9959264715194, 3570.5316643496276, 4053.458083162952, 4821.960163322258, 4726.914744885539, 4406.252521826291, 4223.074249708271, 4195.453679996347, 4152.832117527986, 4070.155954093242, 4120.215436608791, 3362.903472115397, 3080.4556970010995, 3194.086101161957, 3448.8657818367005]
shares:[0, 25.4453, 45.8535, 69.0554, 94.4361, 116.609, 141.179, 170.5908, 199.7453, 228.3167, 253.0692, 276.2173, 297.3589, 317.8928, 339.0792, 361.9625, 388.9167, 418.2422, 444.9802, 472.8354, 497.8981, 525.7533, 552.0, 579.5482, 606.7962, 635.9507, 666.3458, 693.4461, 721.8552, 753.6012, 783.8127, 816.386, 849.7193, 882.8319, 914.9862, 947.4537, 976.1893, 1005.9512, 1034.9367, 1061.1147, 1083.5866, 1107.0058, 1132.7127, 1160.1852, 1188.5138, 1217.8393, 1248.5141, 1279.57, 1318.7857, 1363.0335, 1407.0864, 1449.1032]
growth_rate:-32.38
