ticker:SPRB
price:[17.0, 15.380000114440918, 18.149999618530273, 21.889999389648438, 18.0, 22.920000076293945, 26.559999465942383, 32.41999816894531, 29.079999923706055, 20.65999984741211, 21.450000762939453, 24.90999984741211, 24.309999465942383, 21.540000915527344, 23.420000076293945, 21.719999313354492, 20.729999542236328, 20.809999465942383, 20.950000762939453, 19.65999984741211, 20.899999618530273, 18.280000686645508, 25.790000915527344, 17.450000762939453, 16.25, 16.09000015258789, 15.579999923706055, 15.600000381469727, 17.06999969482422, 16.200000762939453, 15.40999984741211, 15.25, 15.0600004196167, 14.130000114440918, 12.180000305175781, 11.630000114440918, 11.550000190734863, 11.0, 10.5600004196167, 10.970000267028809, 9.90999984741211, 9.550000190734863, 9.210000038146973, 8.470000267028809, 7.670000076293945, 8.1899995803833, 7.840000152587891, 7.670000076293945]
assets:[0, 100.00076074409485, 218.01053541793823, 362.9340008804321, 398.439, 607.3456220216751, 803.8011998374939, 1081.1453409378053, 1069.7630491933824, 860.0179456481934, 992.9033753158569, 1253.0651593242644, 1322.88210293808, 1272.1459920707703, 1483.179236831665, 1475.51991735363, 1508.2650146942137, 1614.0859885768891, 1724.9455478176117, 1718.7322346603394, 1927.1367148256302, 1785.5539070701598, 2619.116437976837, 1872.1442718528747, 1843.3999999999999, 1925.2489682579042, 1964.2251203813553, 2066.747330538559, 2361.497897781372, 2341.1398702560427, 2326.9731579586028, 2402.812875, 2472.876164901734, 2420.1680506012913, 2186.1748567756654, 2187.456483524895, 2272.409407526207, 2264.1992999999998, 2273.631450345993, 2461.9072059270857, 2324.019830216217, 2339.5953367269517, 2356.3011457595826, 2266.9786314697267, 2152.860107414627, 2398.8164790960313, 2396.303102638626, 2444.342353314018]
shares:[0, 6.502, 12.0116, 16.5799, 22.1355, 26.4985, 30.2636, 33.3481, 36.7869, 41.6272, 46.2892, 50.3037, 54.4172, 59.0597, 63.3296, 67.9337, 72.7576, 77.563, 82.3363, 87.4228, 92.2075, 97.678, 101.5555, 107.2862, 113.44, 119.655, 126.0735, 132.4838, 138.342, 144.5148, 151.0041, 157.5615, 164.2016, 171.2787, 179.4889, 188.0874, 196.7454, 205.8363, 215.306, 224.4218, 234.5126, 244.9838, 255.8416, 267.648, 280.6858, 292.8958, 305.6509, 318.6887]
growth_rate:-47.99
