ticker:SPRO
price:[8.960000038146973, 9.90999984741211, 10.109999656677246, 9.529999732971191, 12.0600004196167, 13.3100004196167, 13.0, 14.020000457763672, 13.109999656677246, 13.680000305175781, 14.319999694824219, 15.180000305175781, 16.729999542236328, 17.450000762939453, 17.200000762939453, 17.700000762939453, 21.969999313354492, 19.389999389648438, 16.719999313354492, 16.450000762939453, 18.790000915527344, 18.110000610351562, 19.969999313354492, 20.350000381469727, 20.540000915527344, 18.170000076293945, 16.34000015258789, 16.739999771118164, 15.869999885559082, 13.8100004196167, 14.279999732971191, 13.079999923706055, 12.930000305175781, 13.180000305175781, 13.760000228881836, 13.420000076293945, 13.930000305175781, 14.5, 14.5, 14.210000038146973, 15.420000076293945, 14.670000076293945, 14.899999618530273, 15.789999961853027, 15.760000228881836, 14.430000305175781, 14.329999923706055, 13.34000015258789, 14.140000343322754, 13.520000457763672, 15.460000038146973, 16.959999084472656]
assets:[0, 99.9998264602661, 202.01801313972473, 290.4286478622437, 467.5312422673225, 615.9894814199448, 701.6424999999999, 856.6949319717407, 901.0896064023972, 1040.2668952064514, 1188.933726662445, 1360.3359933479308, 1599.2373862419126, 1768.0637423023225, 1842.7341217380524, 1996.3016660484313, 2577.8960064310077, 2375.1663412353514, 2148.1069277830125, 2213.4183376567844, 2628.275805060577, 2633.1596797439574, 3003.59972872467, 3160.7539192497256, 3290.2637206565855, 3010.6182016412736, 2807.403204216385, 2976.1275553081514, 2921.4543209329604, 2642.235617284298, 2832.1594870400427, 2694.1634482852933, 2763.2677792190552, 2916.6958455345152, 3145.0475723142627, 3167.3360800065993, 3387.7050312171937, 3626.32675, 3726.3274499999998, 3751.8009440717697, 4171.271930638313, 4068.388578158378, 4232.173541647911, 4584.967552923203, 4676.2568359130855, 4381.6234166656495, 4451.2590923011785, 4243.740858541489, 4598.237615646362, 4496.616952247619, 5241.841330934048, 5850.428004184723]
shares:[0, 10.0908, 19.982, 30.4752, 38.7671, 46.2802, 53.9725, 61.1052, 68.733, 76.0429, 83.0261, 89.6137, 95.591, 101.3217, 107.1357, 112.7854, 117.3371, 122.4944, 128.4753, 134.5543, 139.8763, 145.3981, 150.4056, 155.3196, 160.1881, 165.6917, 171.8117, 177.7854, 184.0866, 191.3277, 198.3305, 205.9758, 213.7098, 221.2971, 228.5645, 236.0161, 243.1949, 250.0915, 256.9881, 264.0254, 270.5105, 277.3271, 284.0385, 290.3716, 296.7168, 303.6468, 310.6252, 318.1215, 325.1936, 332.59, 339.0583, 344.9545]
growth_rate:14.71
