ticker:SPRT
price:[1.8899999856948853, 1.9700000286102295, 1.850000023841858, 1.7599999904632568, 1.8300000429153442, 1.7400000095367432, 2.3499999046325684, 2.190000057220459, 2.309999942779541, 1.9600000381469727, 1.940000057220459, 1.9500000476837158, 1.9199999570846558, 2.109999895095825, 2.0199999809265137, 2.049999952316284, 2.0799999237060547, 2.200000047683716, 2.1600000858306885, 2.0799999237060547, 2.140000104904175, 2.109999895095825, 2.450000047683716, 2.369999885559082, 2.440000057220459, 2.140000104904175, 1.9800000190734863, 2.0799999237060547, 2.140000104904175, 4.78000020980835, 4.579999923706055, 5.039999961853027, 3.809999942779541, 3.680000066757202, 3.799999952316284, 3.0799999237060547, 2.75, 2.5199999809265137, 2.819999933242798, 3.440000057220459, 4.090000152587891, 4.019999980926514, 4.050000190734863, 4.380000114440918, 4.429999828338623, 3.990000009536743, 6.179999828338623, 8.020000457763672, 7.130000114440918, 8.100000381469727, 8.8100004196167, 26.329999923706055]
assets:[0, 99.9999594522953, 193.90867749899627, 284.47531045854095, 395.7896642816663, 476.32465461068153, 743.3120198349952, 792.7035897118092, 936.1392578111172, 894.2999974055291, 985.1745150578023, 1090.2528266601564, 1173.4795897706867, 1389.605207912135, 1430.333100494337, 1551.5756739098074, 1674.281586587715, 1870.8747605501176, 1936.8589009638547, 1965.1231919197082, 2121.8096760124686, 2192.064543015766, 2645.288326484561, 2658.9114036083224, 2837.444834540939, 2588.578794893789, 2495.0401980349066, 2721.0521561923983, 2899.54435013752, 6576.552294664335, 6401.382537365342, 7144.316369925786, 5500.76285538683, 5413.0729141960865, 5689.586028605103, 4711.559043291092, 4306.74915, 4046.548181372309, 4628.280052435804, 5745.845511575556, 6931.543300598907, 6912.910155200672, 7064.499572702789, 7740.125086234475, 7928.482328773308, 7241.003738307166, 11315.388723693322, 14784.3728018589, 13243.712115569782, 15145.451993275452, 16573.01598436594, 49630.92819818916]
shares:[0, 50.7614, 104.8155, 161.6337, 216.2785, 273.7498, 316.303, 361.9651, 405.2551, 456.2755, 507.8219, 559.104, 611.1873, 658.5807, 708.0857, 756.8662, 804.9431, 850.3976, 896.6939, 944.7708, 991.4998, 1038.8932, 1079.7095, 1121.9036, 1162.8872, 1209.6162, 1260.1213, 1308.1982, 1354.9272, 1375.8477, 1397.6818, 1417.5231, 1443.7698, 1470.9437, 1497.2595, 1529.727, 1566.0906, 1605.7731, 1641.2341, 1670.3039, 1694.7538, 1719.6294, 1744.3208, 1767.1518, 1789.7252, 1814.7879, 1830.9691, 1843.4379, 1857.4631, 1869.8088, 1881.1595, 1884.9574]
growth_rate:873.16
