ticker:SPSC
price:[76.20999908447266, 74.2699966430664, 71.41000366210938, 76.12999725341797, 79.72000122070312, 85.87999725341797, 87.29000091552734, 86.66999816894531, 85.58999633789062, 91.0, 92.69999694824219, 96.31999969482422, 103.87999725341797, 99.11000061035156, 96.80999755859375, 104.62999725341797, 110.31999969482422, 108.58999633789062, 114.44999694824219, 106.98999786376953, 108.55000305175781, 98.88999938964844, 107.73999786376953, 110.0999984741211, 110.41999816894531, 100.7300033569336, 103.29000091552734, 106.8499984741211, 102.1500015258789, 99.54000091552734, 102.75, 101.2699966430664, 105.63999938964844, 104.72000122070312, 102.44000244140625, 98.36000061035156, 96.11000061035156, 95.19999694824219, 93.86000061035156, 94.52999877929688, 97.80000305175781, 98.23999786376953, 102.63999938964844, 101.69000244140625, 100.7699966430664, 96.41000366210938, 100.69999694824219, 108.94999694824219, 114.08000183105469, 116.56999969482422, 124.2699966430664, 134.38999938964844]
assets:[0, 99.99712348022462, 196.14899805908203, 309.11062784805296, 423.6878904876709, 556.4250902046203, 665.5600699806213, 760.8325789260864, 851.3551345733642, 1005.1677999999999, 1123.9411129989624, 1267.8312599830626, 1467.3361252037048, 1499.9604822372437, 1565.156273529053, 1791.579442970276, 1989.014434497833, 2057.8238666015623, 2268.868184501648, 2220.983967654419, 2353.3640661621093, 2243.9327541503903, 2544.754105543518, 2700.4997325737, 2808.3449394302365, 2661.901141710663, 2829.5469430801395, 3027.071141771698, 2993.9246097221376, 3017.425725753021, 3214.728975, 3268.4283796569825, 3509.46641972351, 3578.900289718628, 3600.981209820556, 3557.5631900756835, 3576.185845710754, 3642.323323240662, 3691.053910002136, 3817.404940704346, 4049.4580263595585, 4167.67472537384, 4454.339901512146, 4513.114167352295, 4572.287442684174, 4474.45575696106, 4773.552445335388, 5264.638172534179, 5612.530746084594, 5835.039561724091, 6320.471445263672, 6935.182479502869]
shares:[0, 1.3464, 2.7468, 4.0603, 5.3147, 6.4791, 7.6247, 8.7785, 9.9469, 11.0458, 12.1245, 13.1627, 14.1253, 15.1343, 16.1673, 17.123, 18.0295, 18.9504, 19.8241, 20.7588, 21.68, 22.6912, 23.6194, 24.5277, 25.4333, 26.4261, 27.3942, 28.3301, 29.3091, 30.3137, 31.2869, 32.2744, 33.221, 34.1759, 35.1521, 36.1688, 37.2093, 38.2597, 39.3251, 40.383, 41.4055, 42.4234, 43.3977, 44.3811, 45.3735, 46.4107, 47.4037, 48.3216, 49.1982, 50.0561, 50.8608, 51.6049]
growth_rate:35.98
