ticker:SPT
price:[33.529998779296875, 32.310001373291016, 34.939998626708984, 37.119998931884766, 38.13999938964844, 46.95000076293945, 50.290000915527344, 47.54999923706055, 43.70000076293945, 48.33000183105469, 50.880001068115234, 47.880001068115234, 51.709999084472656, 46.65999984741211, 46.25, 53.0, 50.029998779296875, 45.40999984741211, 51.119998931884766, 55.93000030517578, 64.83000183105469, 66.0, 71.08000183105469, 80.2699966430664, 78.37000274658203, 67.97000122070312, 56.349998474121094, 60.04999923706055, 61.0, 54.34000015258789, 58.279998779296875, 60.540000915527344, 62.11000061035156, 64.12999725341797, 66.29000091552734, 63.81999969482422, 61.81999969482422, 61.66999816894531, 69.41999816894531, 70.05999755859375, 78.02999877929688, 89.08999633789062, 89.47000122070312, 89.18000030517578, 90.0, 83.0, 92.86000061035156, 88.83999633789062, 104.98999786376953, 102.16999816894531, 104.41999816894531, 123.05000305175781]
assets:[0, 99.9994542503357, 208.1375718193054, 321.1251107597351, 429.94839911956785, 629.2614702255248, 774.028491091156, 831.8539516529083, 864.4996350929259, 1056.0927010116577, 1211.8140734394074, 1240.3649436702729, 1439.585690512085, 1398.9974434249878, 1486.7062500000002, 1803.6853999999998, 1802.610874017334, 1736.1514421661375, 2054.461637073517, 2347.7680298103332, 2821.3627816864014, 2972.2835999999998, 3301.061905036926, 3827.8594109169007, 3837.25395548172, 3428.0330265655516, 2941.9827053352356, 3235.1576788970947, 3386.3357, 3116.616368751526, 3442.5936998931884, 3676.0917735923767, 3871.42192504425, 4097.329654518127, 4335.332914875031, 4273.795627563476, 4239.8628590698245, 4329.57305644989, 4973.665188812256, 5119.515219598389, 5801.912756234741, 6724.281289593506, 6852.963690499878, 6930.748575717163, 7094.475, 6642.6809, 7531.8003615051275, 7305.739330847168, 8733.834449292754, 8599.250282887268, 8888.627040133668, 10574.486587257385]
shares:[0, 3.095, 5.957, 8.651, 11.2729, 13.4028, 15.3913, 17.4943, 19.7826, 21.8517, 23.8171, 25.9057, 27.8396, 29.9828, 32.145, 34.0318, 36.0306, 38.2328, 40.189, 41.9769, 43.5194, 45.0346, 46.4415, 47.6873, 48.9633, 50.4345, 52.2091, 53.8744, 55.5137, 57.354, 59.0699, 60.7217, 62.3317, 63.891, 65.3995, 66.9664, 68.584, 70.2055, 71.646, 73.0733, 74.3549, 75.4774, 76.5951, 77.7164, 78.8275, 80.0323, 81.1092, 82.2348, 83.1873, 84.1661, 85.1238, 85.9365]
growth_rate:107.34
