ticker:SPTK
price:[10.0, 9.8100004196167, 9.71500015258789, 9.720000267028809, 9.710000038146973, 9.696999549865723, 9.699999809265137, 9.678000450134277, 9.699999809265137, 9.670000076293945, 9.630000114440918, 9.6899995803833, 9.630000114440918, 9.654999732971191, 9.649999618530273, 9.649999618530273, 9.65999984741211, 9.649999618530273, 9.6899995803833, 9.609999656677246, 9.649999618530273, 9.670000076293945, 9.649999618530273]
assets:[0, 100.00020127744675, 199.03217962608338, 299.134952217865, 398.82757056684494, 498.29389766922, 598.4482782324791, 697.0908876224519, 798.67567429533, 896.2059370708466, 992.4986277946472, 1098.6821914225577, 1191.8791131640435, 1294.9729771848677, 1394.3023898824692, 1494.3024409294128, 1595.8512947921752, 1694.1992880273817, 1801.2216959997177, 1886.3506766090393, 1994.2023361680983, 2098.335864555359, 2193.9959282701493]
shares:[0, 10.1937, 20.4871, 30.7752, 41.0739, 51.3864, 61.6957, 72.0284, 82.3377, 92.679, 103.0632, 113.3831, 123.7673, 134.1246, 144.4873, 154.85, 165.202, 175.5647, 185.8846, 196.2904, 206.6531, 216.9944, 227.3571]
growth_rate:-0.27
