ticker:SPTKU
price:[10.270000457763672, 10.199999809265137, 10.069999694824219, 10.010000228881836, 9.970000267028809, 9.895000457763672, 9.9399995803833, 10.039999961853027, 10.069999694824219, 9.980999946594238, 9.979999542236328, 10.0, 10.020000457763672, 9.970000267028809, 9.979999542236328, 9.989999771118164, 9.979999542236328, 9.989999771118164, 9.979999542236328, 10.020000457763672, 9.960000038146973, 10.0, 10.029999732971191, 10.0, 9.989999771118164, 9.942999839782715, 9.899999618530273, 9.899999618530273, 9.921699523925781]
assets:[0, 99.99977813005448, 198.72540197753906, 297.54125080337525, 396.35237561559677, 493.37065982437133, 595.6147148561478, 701.6072453342439, 803.7037946434021, 896.600211902523, 996.5099402919769, 1098.507, 1200.7036688541411, 1294.7122106765748, 1396.0103199676514, 1497.4090576927185, 1595.909710798645, 1697.5087531082154, 1795.8091016296387, 1903.006502938843, 1991.6115676279069, 2099.61, 2205.90887427206, 2299.3109999999997, 2397.0115340818406, 2485.734051145935, 2574.983960779953, 2674.983856926727, 2780.846997376251]
shares:[0, 9.8039, 19.7344, 29.7244, 39.7545, 49.8606, 59.921, 69.8812, 79.8117, 89.8307, 99.8507, 109.8507, 119.8307, 129.8608, 139.8808, 149.8908, 159.9108, 169.9208, 179.9408, 189.9208, 199.961, 209.961, 219.9311, 229.9311, 239.9411, 249.9984, 260.0994, 270.2004, 280.2793]
growth_rate:-0.68
