ticker:SPTN
price:[18.3700008392334, 17.15999984741211, 17.93000030517578, 16.020000457763672, 16.450000762939453, 21.489999771118164, 20.799999237060547, 20.559999465942383, 18.40999984741211, 18.40999984741211, 18.899999618530273, 18.059999465942383, 19.110000610351562, 19.5, 17.6299991607666, 17.329999923706055, 17.260000228881836, 17.40999984741211, 17.200000762939453, 17.989999771118164, 18.100000381469727, 18.520000457763672, 18.639999389648438, 18.889999389648438, 18.219999313354492, 18.229999542236328, 19.43000030517578, 21.1200008392334, 20.0, 19.8799991607666, 19.450000762939453, 19.31999969482422, 19.950000762939453, 19.65999984741211, 19.3700008392334, 20.299999237060547, 20.520000457763672, 20.309999465942383, 20.969999313354492, 19.770000457763672, 20.770000457763672, 19.1200008392334, 19.540000915527344, 18.75, 18.639999389648438, 18.709999084472656, 19.100000381469727, 19.450000762939453, 19.31999969482422, 19.799999237060547, 21.530000686645508, 21.43000030517578]
assets:[0, 99.99989911079406, 204.48627448043823, 282.70334607810975, 390.2910731014252, 609.8690015045166, 690.2874946804047, 782.3223716787338, 800.5128183650971, 900.5122555362701, 1024.480149322319, 1078.9477120941162, 1241.678022657776, 1367.0182499999999, 1335.9255274065017, 1413.192173778534, 1507.4832419904708, 1620.583720796585, 1701.0370754528044, 1879.1652150918962, 1990.6561419544219, 2136.848764817047, 2250.6941823028565, 2380.8804110717774, 2396.4346036870957, 2497.7505732803347, 2762.1669003837583, 3102.416187278938, 3037.8940000000002, 3119.666880303383, 3152.1896586467747, 3231.1211849617002, 3436.4833914199826, 3486.5299309398647, 3535.100696163368, 3804.8288570022582, 3946.063804029465, 4005.680264669418, 4235.84969030056, 4093.4556977817533, 4400.508841985703, 4150.925414196396, 4342.106705445099, 4266.555, 4341.524273840332, 4457.827542867279, 4650.748862885856, 4835.97233469429, 4903.649694542693, 5125.479282503509, 5673.312349936104, 5746.962472840119]
shares:[0, 5.8275, 11.4047, 17.6469, 23.7259, 28.3792, 33.1869, 38.0507, 43.4825, 48.9143, 54.2053, 59.7424, 64.9753, 70.1035, 75.7757, 81.546, 87.3397, 93.0835, 98.8975, 104.4561, 109.981, 115.3806, 120.7454, 126.0392, 131.5277, 137.0132, 142.1599, 146.8947, 151.8947, 156.9249, 162.0663, 167.2423, 172.2548, 177.3413, 182.5039, 187.43, 192.3033, 197.227, 201.9957, 207.0539, 211.8685, 217.0986, 222.2163, 227.5496, 232.9144, 238.2591, 243.4947, 248.6361, 253.8121, 258.8626, 263.5073, 268.1737]
growth_rate:12.69
