ticker:SPWH
price:[13.484999656677246, 13.300000190734863, 13.520000457763672, 13.510000228881836, 15.420000076293945, 16.65999984741211, 16.719999313354492, 14.015000343322754, 13.020000457763672, 14.140000343322754, 14.100000381469727, 13.850000381469727, 14.600000381469727, 12.979999542236328, 11.800000190734863, 12.449999809265137, 17.920000076293945, 17.549999237060547, 17.540000915527344, 17.59000015258789, 17.639999389648438, 17.520000457763672, 17.6299991607666, 17.510000228881836, 17.510000228881836, 16.940000534057617, 16.979999542236328, 17.3799991607666, 17.350000381469727, 17.219999313354492, 17.469999313354492, 17.549999237060547, 17.510000228881836, 17.579999923706055, 17.559999465942383, 17.75, 17.75, 17.719999313354492, 17.799999237060547, 17.90999984741211, 17.899999618530273, 17.700000762939453, 17.700000762939453, 17.770000457763672, 17.690000534057617, 17.780000686645508, 17.950000762939453, 17.670000076293945, 17.81999969482422, 17.65999984741211, 17.649999618530273, 17.790000915527344]
assets:[0, 100.00004143409728, 201.65351082763672, 301.5040261079788, 444.12992619743346, 579.8446306892395, 681.9335319948196, 671.6086269522666, 723.9276494522095, 886.2004835171699, 983.6935766134262, 1066.251974367714, 1223.9910319805144, 1188.1787740966797, 1180.1628590761186, 1345.17143439188, 2036.1833046689987, 2094.1413739627837, 2192.949138464355, 2299.1994739448546, 2405.734296760559, 2489.3695610424043, 2604.9998609952927, 2687.26849012661, 2787.268101433754, 2796.5349061647416, 2903.138441734314, 3071.5272776842116, 3166.2258596149445, 3242.5017627056122, 3389.5764357751846, 3505.098132625198, 3597.109114019585, 3711.4895838928223, 3807.2677722084045, 3948.46265, 4048.4626000000003, 4141.619243513298, 4260.317677395248, 4386.646114627075, 4484.196924436569, 4534.0941454372405, 4634.093839747619, 4752.421361424636, 4831.025929847717, 4955.604453380393, 5102.985971895218, 5123.384716121292, 5266.877327802277, 5319.587538037109, 5416.574847931481, 5559.538954110718]
shares:[0, 7.5188, 14.9152, 22.3171, 28.8022, 34.8046, 40.7855, 47.9207, 55.6012, 62.6733, 69.7655, 76.9857, 83.835, 91.5392, 100.0138, 108.0459, 113.6263, 119.3243, 125.0256, 130.7106, 136.3795, 142.0873, 147.7595, 153.4705, 159.1815, 165.0847, 170.974, 176.7277, 182.4914, 188.2986, 194.0227, 199.7207, 205.4317, 211.12, 216.8148, 222.4486, 228.0824, 233.7257, 239.3437, 244.9272, 250.5138, 256.1635, 261.8132, 267.4407, 273.0936, 278.7179, 284.2889, 289.9482, 295.5599, 301.2224, 306.8881, 312.5092]
growth_rate:9.01
