ticker:SPWR
price:[11.09000015258789, 10.640000343322754, 10.109999656677246, 10.65999984741211, 13.5600004196167, 17.43000030517578, 16.969999313354492, 16.860000610351562, 15.989999771118164, 20.329999923706055, 18.989999771118164, 21.700000762939453, 23.15999984741211, 20.90999984741211, 21.5, 25.5, 29.8700008392334, 25.639999389648438, 29.299999237060547, 31.959999084472656, 47.209999084472656, 54.0099983215332, 43.529998779296875, 49.810001373291016, 37.7599983215332, 34.77000045776367, 30.68000030517578, 36.29999923706055, 31.860000610351562, 32.869998931884766, 33.2400016784668, 29.709999084472656, 27.3700008392334, 29.010000228881836, 25.690000534057617, 23.3700008392334, 22.239999771118164, 23.540000915527344, 23.389999389648438, 22.84000015258789, 25.899999618530273, 25.3700008392334, 27.440000534057617, 28.809999465942383, 27.920000076293945, 22.649999618530273, 23.75, 24.770000457763672, 23.290000915527344, 22.700000762939453, 20.940000534057617, 21.6200008392334]
assets:[0, 100.0000432267189, 195.01886037740707, 305.62859162521363, 488.7729271251679, 728.2672447509766, 809.0481112640381, 903.80393671875, 957.1661832990646, 1316.9590980577468, 1330.154533967972, 1619.9766669559478, 1828.9706639499666, 1751.2856722202303, 1900.7010500000001, 2354.32065, 2857.7854472929, 2553.0849912246704, 3017.527811426926, 3391.4736548477176, 5109.745924908447, 5945.739274224472, 4892.040558813476, 5697.805905091858, 4419.396219553757, 4169.448081892776, 3778.996765589905, 4571.237123923493, 4112.109744776916, 4342.468706890869, 4491.34913879242, 4114.380310213471, 3890.3253902872084, 4223.432487321854, 3840.089899829865, 3593.3012190380095, 3519.5555797786715, 3825.2854587745665, 3900.9092502075196, 3909.1825101161958, 4532.916923236656, 4540.159536187362, 5010.601721520043, 5360.765911626244, 5295.1620304695125, 4395.680895968246, 4709.157125000001, 5011.402090613556, 4811.972708158111, 4790.072440992737, 4518.682501245308, 4765.420048981476]
shares:[0, 9.3985, 19.2897, 28.6706, 36.0452, 41.7824, 47.6752, 53.6064, 59.8603, 64.7791, 70.045, 74.6533, 78.9711, 83.7535, 88.4047, 92.3263, 95.6741, 99.5743, 102.9873, 106.1162, 108.2344, 110.0859, 112.3832, 114.3908, 117.0391, 119.9151, 123.1746, 125.9294, 129.0681, 132.1104, 135.1188, 138.4847, 142.1383, 145.5854, 149.478, 153.757, 158.2534, 162.5015, 166.7768, 171.1551, 175.0161, 178.9578, 182.6021, 186.0731, 189.6548, 194.0698, 198.2803, 202.3174, 206.6111, 211.0164, 215.7919, 220.4172]
growth_rate:-6.56
