ticker:SQBG
price:[5.579999923706055, 5.369999885559082, 5.320000171661377, 4.46999979019165, 4.940000057220459, 5.03000020980835, 5.28000020980835, 7.610000133514404, 5.889999866485596, 6.380000114440918, 6.849999904632568, 8.640000343322754, 10.319999694824219, 14.569999694824219, 16.200000762939453, 17.149999618530273, 16.290000915527344, 14.350000381469727, 13.4399995803833, 15.520000457763672, 16.969999313354492, 17.010000228881836, 16.309999465942383, 17.200000762939453, 17.790000915527344, 16.25, 16.3700008392334, 27.940000534057617, 35.970001220703125, 24.719999313354492, 22.219999313354492, 28.229999542236328, 17.459999084472656, 20.299999237060547, 25.0, 10.880000114440918, 9.890000343322754, 7.070000171661377, 7.46999979019165, 11.350000381469727, 10.109999656677246, 8.300000190734863, 9.270000457763672, 15.699999809265137, 13.479999542236328, 10.239999771118164, 9.920000076293945, 10.079999923706055, 11.390000343322754, 11.140000343322754, 9.6899995803833, 11.210000038146973]
assets:[0, 100.00013786888123, 199.06908642339704, 267.26307545547485, 395.36450657954214, 502.56744096279147, 627.5459769364356, 1004.4743576231003, 877.4444711101055, 1050.440860842228, 1227.824122905922, 1648.6719055123328, 2069.2466268096923, 3021.407062715149, 3459.4226829216004, 3762.2897413148876, 3673.6265244644164, 3336.12826868515, 3224.569051324177, 3823.6097447776797, 4280.841844787216, 4390.932542083168, 4310.23540386486, 4645.436406057358, 4904.7850864151005, 4580.1990000000005, 4714.0216686716085, 8145.800983702469, 10586.917370285035, 7375.745747124482, 6729.817854034233, 8650.078371734618, 5449.995542225647, 6436.47812809639, 8026.6975, 3593.2190457951547, 3366.2623838568684, 2506.418282856464, 2748.2241278111933, 4275.682478704262, 3908.5592302702903, 3308.8075260367395, 3795.4997174263003, 6528.191800690842, 5705.097070262146, 4433.842076895904, 4395.284193803787, 4566.175453439331, 5259.5969065372465, 5244.154047619152, 4661.5661601350785, 5492.792402691651]
shares:[0, 18.622, 37.419, 59.7904, 80.0333, 99.914, 118.8534, 131.994, 148.9719, 164.6459, 179.2444, 190.8185, 200.5084, 207.3718, 213.5446, 219.3755, 225.5142, 232.4828, 239.9233, 246.3666, 252.2594, 258.1383, 264.2695, 270.0835, 275.7046, 281.8584, 287.9671, 291.5462, 294.3263, 298.3716, 302.8721, 306.4144, 312.1418, 317.0679, 321.0679, 330.2591, 340.3703, 354.5146, 367.9015, 376.7121, 386.6033, 398.6515, 409.439, 415.8084, 423.2268, 432.9924, 443.073, 452.9936, 461.7732, 470.7499, 481.0698, 489.9904]
growth_rate:7.7
