ticker:SQFT
price:[4.690000057220459, 4.116000175476074, 4.050000190734863, 3.9000000953674316, 3.2760000228881836, 3.4000000953674316, 3.430000066757202, 2.8299999237060547, 2.890000104904175, 2.9000000953674316, 4.769999980926514, 4.559999942779541, 4.239999771118164, 3.640000104904175, 3.2699999809265137, 3.740000009536743, 3.5399999618530273, 3.799999952316284, 4.0, 3.869999885559082, 3.640000104904175, 3.680000066757202, 3.640000104904175, 3.880000114440918, 3.799999952316284, 3.740000009536743, 3.7200000286102295, 3.450000047683716, 3.25, 3.380000114440918, 3.450000047683716, 3.049999952316284, 3.059999942779541, 3.640000104904175, 4.300000190734863, 3.9800000190734863, 4.010000228881836, 4.199999809265137, 4.170000076293945, 5.130000114440918, 4.309999942779541, 4.28000020980835, 4.159999847412109, 4.21999979019165, 3.619999885559082, 3.5999999046325684, 3.930000066757202, 4.190000057220459]
assets:[0, 99.99987066326142, 198.39654934349062, 291.0484271170616, 344.4805752067566, 457.51965283308033, 561.5565239294291, 563.3250688133239, 675.2684655115843, 777.6051555717945, 1379.026551485777, 1418.3145662024976, 1418.783635411835, 1318.012369984889, 1284.0384135103702, 1568.5945259998084, 1584.7124889231682, 1801.103837399125, 1995.8988, 2031.0320549397468, 2010.3247379372121, 2132.416150683189, 2209.2376396698473, 2454.901680407524, 2504.285088575363, 2564.743902539921, 2651.028632388854, 2558.6152553635598, 2510.2896, 2710.701279779625, 2866.839984623647, 2634.452708812952, 2743.090130705595, 3363.0223049217225, 4072.8010806570055, 3869.7086465449333, 3998.8776912469866, 4288.350165252877, 4357.719301728439, 5460.935395823479, 4688.0373647606375, 4755.406369113064, 4722.076978795242, 4890.183864871693, 4294.8970982232095, 4371.1684842035775, 4871.859166756153, 5294.170241299486]
shares:[0, 24.2954, 48.9868, 74.6278, 105.1528, 134.5646, 163.7191, 199.0548, 233.6569, 268.1397, 289.1041, 311.0339, 334.6188, 362.0913, 392.6723, 419.4103, 447.6589, 473.9747, 498.9747, 524.8145, 552.287, 579.4609, 606.9334, 632.7066, 659.0224, 685.7604, 712.6421, 741.6276, 772.3968, 801.9826, 830.9681, 863.755, 896.4347, 923.9072, 947.163, 972.2886, 997.2263, 1021.0358, 1045.0166, 1064.5098, 1087.7117, 1111.0762, 1135.1147, 1158.8114, 1186.4357, 1214.2135, 1239.6588, 1263.5251]
growth_rate:12.64
