ticker:SQLV
price:[23.459999084472656, 22.863000869750977, 23.165000915527344, 22.683000564575195, 22.909000396728516, 24.780000686645508, 24.770000457763672, 24.613000869750977, 23.148000717163086, 24.610000610351562, 26.104999542236328, 26.81999969482422, 27.475000381469727, 28.051000595092773, 28.979999542236328, 29.63599967956543, 29.780000686645508, 29.475000381469727, 31.67300033569336, 32.26599884033203, 32.74800109863281, 31.31399917602539, 32.57899856567383, 34.220001220703125, 33.77000045776367, 34.652000427246094, 35.229000091552734, 37.720001220703125, 36.81800079345703, 35.35300064086914, 36.29499816894531, 36.26300048828125, 36.486000061035156, 36.659000396728516, 36.46900177001953, 37.1609992980957, 37.93899917602539, 37.9109992980957, 38.23099899291992, 38.59000015258789, 38.77199935913086, 38.39799880981445, 38.529998779296875, 38.02899932861328, 36.72100067138672, 37.178001403808594, 37.064998626708984, 38.09400177001953, 37.94499969482422, 38.441001892089844, 37.06399917602539, 38.902000427246094]
assets:[0, 100.0004795042038, 201.32238995666503, 297.1336975955963, 400.09423742866517, 532.7700147628784, 632.5539786899566, 728.544825744629, 785.1801843261719, 934.7714971832277, 1091.5570613590241, 1221.455200101471, 1351.2864587615968, 1479.6145436895372, 1628.6180142745973, 1765.4846637109756, 1874.0643772108078, 1954.8704503002166, 2200.649565224075, 2341.8500628318784, 2476.8328418930055, 2468.376087448883, 2668.0929244342806, 2902.485751538086, 2964.317132182312, 3141.737479536438, 3294.052424560547, 3626.970489376831, 3640.239920050049, 3595.393094576263, 3791.1940337371825, 3887.850566149902, 4011.759759111023, 4130.780155503845, 4209.3725320014955, 4389.245419395065, 4581.1379444049835, 4677.7585902935025, 4817.2435047042845, 4962.477210622024, 5085.882121134568, 5136.822843978882, 5254.4823475280755, 5286.160205274963, 5204.342573753356, 5369.113121932984, 5452.795033969116, 5704.1767780418395, 5781.865533998871, 5957.444241529083, 5844.0401252803795, 6233.847168264007]
shares:[0, 4.3739, 8.6908, 13.0994, 17.4645, 21.5, 25.5371, 29.6, 33.92, 37.9834, 41.8141, 45.5427, 49.1824, 52.7473, 56.198, 59.5723, 62.9303, 66.323, 69.4803, 72.5795, 75.6331, 78.8266, 81.8961, 84.8184, 87.7796, 90.6654, 93.504, 96.1551, 98.8712, 101.6998, 104.455, 107.2126, 109.9534, 112.6812, 115.4233, 118.1143, 120.7501, 123.3879, 126.0036, 128.5949, 131.1741, 133.7784, 136.3738, 139.0034, 141.7266, 144.4164, 147.1144, 149.7395, 152.3749, 154.9763, 157.6743, 160.2449]
growth_rate:22.23
