ticker:SQQQ
price:[23.579999923706055, 26.559999465942383, 27.479999542236328, 25.6299991607666, 24.610000610351562, 21.6200008392334, 20.84000015258789, 21.600000381469727, 25.030000686645508, 18.829999923706055, 19.389999389648438, 19.469999313354492, 17.799999237060547, 16.639999389648438, 17.200000762939453, 15.850000381469727, 15.829999923706055, 15.180000305175781, 14.34000015258789, 15.319999694824219, 13.399999618530273, 14.710000038146973, 12.510000228881836, 11.960000038146973, 12.539999961853027, 14.479999542236328, 15.039999961853027, 13.819999694824219, 14.010000228881836, 13.529999732971191, 12.4399995803833, 11.069999694824219, 10.5600004196167, 10.770000457763672, 10.890000343322754, 11.229999542236328, 11.930000305175781, 11.8100004196167, 11.069999694824219, 10.869999885559082, 10.329999923706055, 10.180000305175781, 9.539999961853027, 8.819999694824219, 8.640000343322754, 8.880000114440918, 8.119999885559082, 8.34000015258789, 8.100000381469727, 8.050000190734863, 8.100000381469727, 7.570000171661377]
assets:[0, 100.00105398921966, 203.46466461067197, 289.767644511795, 378.2360213806152, 432.28110678005214, 516.6861237831116, 635.5281712238311, 836.4475569461822, 729.2576520452499, 850.9456352142334, 954.4563593393326, 972.5901783130645, 1009.207642982483, 1143.1722507076263, 1153.4457377605438, 1251.9899449659347, 1300.581440146637, 1328.61248613739, 1519.4099937332153, 1428.988019319725, 1668.6876943273544, 1519.1218537937164, 1552.3338529512405, 1727.6144767445567, 2094.885245773315, 2275.902426227474, 2191.2880956115723, 2321.4150079250335, 2341.8805937805173, 2253.214827996254, 2105.071141967773, 2108.089715767956, 2250.0124916336063, 2375.0818498778344, 2549.2346020866394, 2808.135963833618, 2879.8898603242874, 2799.4390868255614, 2848.8617460067744, 2807.335528265953, 2866.5710159339906, 2786.354466858387, 2676.063759407043, 2721.450636140728, 2897.046757335663, 2749.101477254963, 2923.584551489639, 2939.452878433609, 3021.308361586189, 3140.0744978818893, 3034.612463814497]
shares:[0, 3.7651, 7.4041, 11.3058, 15.3692, 19.9945, 24.793, 29.4226, 33.4178, 38.7285, 43.8858, 49.0219, 54.6399, 60.6495, 66.4635, 72.7726, 79.0897, 85.6773, 92.6508, 99.1782, 106.6409, 113.439, 121.4326, 129.7938, 137.7683, 144.6744, 151.3233, 158.5592, 165.697, 173.088, 181.1266, 190.16, 199.6297, 208.9148, 218.0975, 227.0022, 235.3844, 243.8518, 252.8852, 262.0848, 271.7653, 281.5885, 292.0707, 303.4086, 314.9827, 326.244, 338.5593, 350.5497, 362.8954, 375.3178, 387.6635, 400.8735]
growth_rate:-40.5
