ticker:SRAX
price:[2.880000114440918, 2.9000000953674316, 2.740000009536743, 2.759999990463257, 2.75, 2.5, 2.4100000858306885, 2.390000104904175, 2.5999999046325684, 2.880000114440918, 2.9700000286102295, 2.940000057220459, 2.859999895095825, 2.5999999046325684, 2.4700000286102295, 2.5, 2.619999885559082, 3.109999895095825, 3.569999933242798, 3.190000057220459, 3.0299999713897705, 3.450000047683716, 4.059999942779541, 5.46999979019165, 5.829999923706055, 3.6500000953674316, 3.869999885559082, 4.21999979019165, 4.309999942779541, 4.239999771118164, 5.0, 5.0, 4.190000057220459, 4.079999923706055, 3.930000066757202, 4.159999847412109, 4.440000057220459, 4.570000171661377, 4.949999809265137, 5.510000228881836, 5.989999771118164, 4.989999771118164, 5.440000057220459, 5.420000076293945, 4.53000020980835, 4.019999980926514, 4.21999979019165, 4.25, 4.380000114440918, 3.859999895095825, 4.610000133514404, 5.599999904632568]
assets:[0, 100.00012328853606, 194.48300867691043, 295.9026349775553, 394.830425, 458.93675, 542.4151043177843, 637.9137329999209, 793.964570877552, 979.4684549205781, 1110.0767146934509, 1198.8638153331756, 1266.2415015545369, 1251.1285341088771, 1288.572091925645, 1404.2227500000001, 1571.6252713518143, 1965.555076699376, 2356.2802809387445, 2205.471934560537, 2194.852593275499, 2599.0896209229704, 3158.6385434830663, 4355.6038439356325, 4742.2618579406735, 3068.9978251869675, 3353.9783578185084, 3757.3097291954996, 3937.442254725695, 3973.4928895046232, 4785.723, 4885.723, 4194.235728278303, 4184.12437775898, 4130.29645015955, 4472.018555967331, 4873.019942800999, 5115.698408159255, 5641.073242636489, 6379.255660990143, 7034.979790188789, 5960.525784601975, 6598.048773401356, 6673.79134994278, 5677.910869974185, 5138.675525618792, 5494.330850834942, 5633.3903, 5905.705702304649, 5304.57127383635, 6435.252699377203, 7917.226105170441]
shares:[0, 34.4828, 70.9792, 107.2111, 143.5747, 183.5747, 225.0685, 266.9095, 305.371, 340.0932, 373.7632, 407.7768, 442.7418, 481.2033, 521.6891, 561.6891, 599.857, 632.0113, 660.0225, 691.3705, 724.3738, 753.3593, 777.9898, 796.2713, 813.424, 840.8213, 866.6611, 890.3578, 913.5597, 937.1446, 957.1446, 977.1446, 1001.0109, 1025.5207, 1050.966, 1075.0045, 1097.527, 1119.4088, 1139.6108, 1157.7596, 1174.4541, 1194.4942, 1212.8766, 1231.3268, 1253.4019, 1278.2775, 1301.9742, 1325.5036, 1348.3346, 1374.2413, 1395.9333, 1413.7904]
growth_rate:55.24
