ticker:SRCE
price:[34.720001220703125, 32.61000061035156, 32.150001525878906, 29.75, 31.829999923706055, 33.15999984741211, 33.119998931884766, 35.31999969482422, 33.4900016784668, 31.920000076293945, 36.91999816894531, 37.7400016784668, 39.15999984741211, 40.060001373291016, 40.099998474121094, 39.5099983215332, 39.88999938964844, 40.29999923706055, 42.29999923706055, 42.97999954223633, 42.779998779296875, 39.349998474121094, 41.95000076293945, 43.349998474121094, 43.66999816894531, 44.369998931884766, 47.849998474121094, 50.18000030517578, 48.20000076293945, 49.04999923706055, 47.599998474121094, 47.16999816894531, 47.119998931884766, 47.290000915527344, 47.59000015258789, 48.97999954223633, 49.040000915527344, 48.869998931884766, 49.470001220703125, 50.040000915527344, 49.130001068115234, 45.75, 45.7599983215332, 45.56999969482422, 44.31999969482422, 43.2599983215332, 42.47999954223633, 45.790000915527344, 47.04999923706055, 47.15999984741211, 46.5099983215332, 47.650001525878906]
assets:[0, 99.99856687164306, 198.58734442520142, 283.76144999999997, 403.6012160326004, 520.4660936050416, 619.8374680103302, 761.0117774246215, 821.5834191764832, 883.0668021106719, 1121.3932563842773, 1246.2993974285125, 1393.191398571396, 1525.2124442855834, 1626.7366380996705, 1702.801907661438, 1819.179433164978, 1937.8778533130646, 2134.0518815093997, 2268.3597338405607, 2357.8025207214355, 2268.7595770240787, 2518.665460806656, 2702.7206798667908, 2822.671469647217, 2967.918102553558, 3300.69767974472, 3561.4201436592098, 3520.894375730896, 3682.982957713699, 3674.1058422218325, 3740.915761784363, 3836.948529024124, 3950.7911074867247, 4075.8550810684205, 4294.899423860169, 4400.163122146607, 4484.907315976715, 4639.969506494141, 4793.431767700195, 4806.260266490936, 4575.6039, 4676.603188463211, 4757.184421141815, 4726.692511453247, 4713.644025112915, 4728.652653044129, 5197.105576911164, 5440.113816785813, 5552.830602033615, 5576.297644760894, 5812.976166146851]
shares:[0, 3.0665, 6.1769, 9.5382, 12.6799, 15.6956, 18.7149, 21.5462, 24.5322, 27.665, 30.3736, 33.0233, 35.5769, 38.0732, 40.567, 43.098, 45.6049, 48.0863, 50.4504, 52.7771, 55.1146, 57.6559, 60.0397, 62.3465, 64.6364, 66.8902, 68.9801, 70.9729, 73.0476, 75.0863, 77.1871, 79.3071, 81.4293, 83.5439, 85.6452, 87.6868, 89.726, 91.7722, 93.7936, 95.792, 97.8274, 100.0132, 102.1985, 104.3929, 106.6492, 108.9608, 111.3148, 113.4987, 115.6241, 117.7445, 119.8946, 121.9932]
growth_rate:13.98
