ticker:SRCL
price:[63.459999084472656, 61.2599983215332, 63.18000030517578, 62.27000045776367, 64.05999755859375, 65.44000244140625, 66.23999786376953, 67.37000274658203, 62.29999923706055, 73.51000213623047, 70.43000030517578, 70.69000244140625, 72.0, 70.19000244140625, 69.04000091552734, 70.44999694824219, 69.72000122070312, 69.33000183105469, 70.20999908447266, 68.05999755859375, 68.95999908447266, 65.4800033569336, 68.94999694824219, 69.4000015258789, 67.16999816894531, 64.87000274658203, 67.9800033569336, 68.5, 67.37999725341797, 67.4000015258789, 68.11000061035156, 67.86000061035156, 68.88999938964844, 70.23999786376953, 76.27999877929688, 76.9800033569336, 79.08000183105469, 79.2300033569336, 78.55999755859375, 77.56999969482422, 74.3499984741211, 70.18000030517578, 72.25, 71.94000244140625, 71.05000305175781, 69.45999908447266, 70.02999877929688, 70.55000305175781, 67.16000366210938, 66.72000122070312, 66.43000030517578, 68.54000091552734]
assets:[0, 100.00082126007081, 203.13633698120117, 300.2098992069245, 408.8373104187012, 517.6435073120117, 623.9741558769226, 734.6159839492798, 779.3293804561615, 1019.5616766288757, 1076.8394896659852, 1180.812869781494, 1302.696, 1369.9474106506348, 1447.4995631950378, 1577.0584066848755, 1660.7164850769043, 1751.4283722564696, 1873.6591405677796, 1916.2836792602538, 2041.622836894989, 2038.5954925117492, 2246.6253305633545, 2361.2864719169615, 2385.414861973572, 2403.7320037734985, 2618.9704173278806, 2739.00675, 2794.2215341003416, 2895.052485541534, 3025.548392112732, 3114.441514012146, 3261.714134101868, 3425.6327918151856, 3820.2091308654785, 3955.263364480591, 4163.158788395691, 4271.051790962219, 4334.932809283448, 4380.308069766998, 4298.478246782684, 4157.393038078308, 4380.018975, 4461.22256539917, 4506.033823544311, 4505.196378618622, 4642.169568081666, 4776.637341621398, 4647.116305398559, 4716.670406295776, 4796.166306033326, 5048.50567943573]
shares:[0, 1.6324, 3.2152, 4.8211, 6.3821, 7.9102, 9.4199, 10.9042, 12.5093, 13.8697, 15.2895, 16.7041, 18.093, 19.5177, 20.9661, 22.3855, 23.8198, 25.2622, 26.6865, 28.1558, 29.6059, 31.1331, 32.5834, 34.0243, 35.5131, 37.0546, 38.5256, 39.9855, 41.4696, 42.9533, 44.4215, 45.8951, 47.3467, 48.7704, 50.0814, 51.3804, 52.6449, 53.907, 55.1799, 56.4691, 57.8141, 59.239, 60.6231, 62.0131, 63.4206, 64.8603, 66.2883, 67.7057, 69.1947, 70.6935, 72.1988, 73.6578]
growth_rate:-1.01
