ticker:SRDX
price:[42.52000045776367, 38.720001220703125, 39.4900016784668, 38.34000015258789, 39.97999954223633, 42.38999938964844, 41.66999816894531, 40.91999816894531, 36.75, 35.18000030517578, 37.779998779296875, 37.209999084472656, 38.36000061035156, 40.5099983215332, 38.2400016784668, 39.18000030517578, 38.63999938964844, 43.52000045776367, 43.369998931884766, 43.97999954223633, 45.86000061035156, 45.5, 45.22999954223633, 53.16999816894531, 52.02000045776367, 52.150001525878906, 54.9900016784668, 55.72999954223633, 53.97999954223633, 52.65999984741211, 56.18000030517578, 57.13999938964844, 58.189998626708984, 58.20000076293945, 53.4900016784668, 55.16999816894531, 54.83000183105469, 53.72999954223633, 53.04999923706055, 51.5099983215332, 52.63999938964844, 51.7599983215332, 54.970001220703125, 54.31999969482422, 54.29999923706055, 53.459999084472656, 54.91999816894531, 55.11000061035156, 56.779998779296875, 53.099998474121094, 55.61000061035156, 56.47999954223633]
assets:[0, 99.99827515258788, 201.9874095851898, 296.1036551784515, 408.7715073196411, 533.4103183197021, 624.3499165649414, 713.1128080902099, 740.442675, 808.8093150161743, 968.5847187042236, 1053.9695030677794, 1186.5438668792724, 1353.0460969387054, 1377.228956450653, 1511.082497769928, 1590.2562228805543, 1891.0963398914337, 1984.5764551239013, 2112.4913180122376, 2302.7911406478884, 2384.71415, 2470.562080995941, 3004.264406539917, 3039.28413274498, 3146.8771120758056, 3418.249991335678, 3564.251131723404, 3552.3266058753966, 3565.461141668701, 3903.7909172058107, 4070.499278520203, 4245.297901810455, 4346.026856971741, 4094.311943475723, 4322.905893525695, 4396.264063813782, 4408.0682654445645, 4452.279540969467, 4423.034780874253, 4620.065354431153, 4642.830441442871, 5030.766559716797, 5071.277147509003, 5169.408797367478, 5189.442301128387, 5431.164934922791, 5549.957320466614, 5818.138592916871, 5541.053870772552, 5902.973759788513, 6095.321550598144]
shares:[0, 2.5826, 5.1149, 7.7231, 10.2244, 12.5834, 14.9832, 17.427, 20.1481, 22.9906, 25.6375, 28.3249, 30.9318, 33.4003, 36.0154, 38.5677, 41.1557, 43.4535, 45.7592, 48.033, 50.2135, 52.4113, 54.6222, 56.503, 58.4253, 60.3428, 62.1613, 63.9557, 65.8082, 67.7072, 69.4872, 71.2373, 72.9558, 74.674, 76.5435, 78.3561, 80.1799, 82.0411, 83.9261, 85.8675, 87.7672, 89.6992, 91.5184, 93.3593, 95.2009, 97.0715, 98.8923, 100.7069, 102.4681, 104.3513, 106.1495, 107.92]
growth_rate:19.52
