ticker:SRET
price:[7.940000057220459, 7.829999923706055, 8.039999961853027, 7.71999979019165, 8.109999656677246, 8.050000190734863, 7.880000114440918, 7.960000038146973, 7.579999923706055, 7.690000057220459, 8.460000038146973, 8.59000015258789, 8.859999656677246, 9.0, 8.859999656677246, 8.930000305175781, 8.899999618530273, 8.890000343322754, 8.84000015258789, 8.949999809265137, 9.029999732971191, 8.880000114440918, 9.140000343322754, 9.300000190734863, 9.199999809265137, 9.270000457763672, 9.1899995803833, 9.529999732971191, 9.510000228881836, 9.539999961853027, 9.680000305175781, 9.710000038146973, 9.819999694824219, 9.890000343322754, 10.0600004196167, 10.0, 9.829999923706055, 9.880000114440918, 9.960000038146973, 10.079999923706055, 10.220000267028809, 9.819999694824219, 10.050000190734863, 9.90999984741211, 9.9399995803833, 9.760000228881836, 9.739999771118164, 9.819999694824219, 9.800000190734863, 9.819999694824219, 9.649999618530273, 9.789999961853027]
assets:[0, 100.0000610256195, 202.68196703834533, 294.61526399316784, 409.49902366456985, 506.4697870001793, 595.7745006524086, 701.822855363369, 768.3186462667466, 879.4683945440293, 1067.529334813595, 1183.933092030716, 1321.1464448059082, 1442.0223, 1519.5909451162338, 1631.596783758545, 1726.115766015625, 1824.1765084478377, 1913.916609036255, 2037.7323765735625, 2155.9467502458574, 2220.1341166119573, 2385.137929592133, 2526.890961824322, 2599.7203061024666, 2719.5011002922056, 2796.0316403327943, 2999.4759279552463, 3093.180830445099, 3202.938599192619, 3349.942217611694, 3460.324554594326, 3599.524816137696, 3725.183353316498, 3889.216282224655, 3966.0199999999995, 3998.597235965538, 4118.936479710007, 4252.288552286339, 4403.520542670441, 4564.680337266254, 4486.023324588013, 4691.092859030342, 4725.743969235992, 4840.050199677467, 4852.403713793755, 4942.459639856338, 5083.054756034088, 5172.702740674973, 5283.259017812347, 5291.797310812378, 5468.569645691586]
shares:[0, 12.7714, 25.2092, 38.1626, 50.4931, 62.9155, 75.6059, 88.1687, 101.3613, 114.3652, 126.1855, 137.8269, 149.1136, 160.2247, 171.5114, 182.7096, 193.9456, 205.1942, 216.5064, 227.6796, 238.7538, 250.0151, 260.956, 271.7087, 282.5783, 293.3658, 304.2472, 314.7404, 325.2556, 335.7378, 346.0684, 356.3671, 366.5504, 376.6616, 386.602, 396.602, 406.7749, 416.8964, 426.9366, 436.8572, 446.6419, 456.8252, 466.7754, 476.8662, 486.9266, 497.1725, 507.4394, 517.6227, 527.8268, 538.0101, 548.3728, 558.5873]
growth_rate:7.23
