ticker:SREV
price:[1.440000057220459, 1.4600000381469727, 1.5399999618530273, 1.3899999856948853, 1.440000057220459, 1.4700000286102295, 1.4600000381469727, 1.4700000286102295, 1.3899999856948853, 1.3200000524520874, 1.3799999952316284, 1.3899999856948853, 1.3799999952316284, 1.649999976158142, 1.4600000381469727, 1.7000000476837158, 1.6100000143051147, 1.7599999904632568, 1.690000057220459, 1.6200000047683716, 1.8799999952316284, 1.5700000524520874, 1.649999976158142, 1.9299999475479126, 1.7799999713897705, 1.6100000143051147, 1.590000033378601, 1.75, 1.5700000524520874, 1.5499999523162842, 1.440000057220459, 1.409999966621399, 1.3899999856948853, 1.3600000143051147, 1.4800000190734863, 1.440000057220459, 1.350000023841858, 1.2599999904632568, 1.2400000095367432, 1.2200000286102295, 1.2000000476837158, 1.149999976158142, 1.2899999618530273, 1.3600000143051147, 1.409999966621399, 1.4299999475479126, 1.5499999523162842, 1.5199999809265137, 1.5, 1.5, 1.5099999904632568, 1.5700000524520874]
assets:[0, 99.99992861280441, 205.4794229101181, 285.46513106215, 395.7336157250404, 503.978043808794, 600.5495536911965, 704.6628887146711, 766.3138031135201, 827.722532890737, 965.3462906643987, 1072.3414819640518, 1164.6268459758162, 1492.4886684341193, 1420.6263191182136, 1754.1538892026902, 1761.2868856493237, 2025.3819410252572, 2044.8270612342833, 2060.1300300638673, 2490.7681896824956, 2180.056542833447, 2391.1421804489255, 2896.91177926991, 2771.7632674489973, 2607.044365164018, 2674.6587831486586, 3043.80685, 2830.7297195717692, 2894.669240949297, 2789.241230834484, 2831.131882979274, 2890.973956247687, 2928.5788788041586, 3286.982954360962, 3298.145603056526, 3192.0114713729504, 3079.2106566939356, 3130.334392075157, 3179.845162570572, 3227.716568257928, 3193.2281637978317, 3681.9689751194, 3981.765881882071, 4228.154209907889, 4388.128012044418, 4856.3625106003765, 4862.368522985315, 4898.3901000000005, 4998.39015, 5131.712770589518, 5435.622153598547]
shares:[0, 68.4931, 133.4282, 205.3706, 274.815, 342.8422, 411.3353, 479.3625, 551.3049, 627.0625, 699.5263, 771.4687, 843.9325, 904.5386, 973.0317, 1031.8552, 1093.967, 1150.7852, 1209.9568, 1271.6852, 1324.8767, 1388.571, 1449.1771, 1500.9906, 1557.1704, 1619.2822, 1682.1753, 1739.3182, 1803.0125, 1867.5286, 1936.973, 2007.895, 2079.8374, 2153.3668, 2220.9344, 2290.3788, 2364.4529, 2443.818, 2524.4632, 2606.4304, 2689.7637, 2776.7202, 2854.2396, 2927.769, 2998.691, 3068.6211, 3133.1372, 3198.9267, 3265.5934, 3332.2601, 3398.4853, 3462.1796]
growth_rate:6.58
