ticker:SRGA
price:[2.049999952316284, 1.9700000286102295, 2.190000057220459, 1.9199999570846558, 1.75, 2.200000047683716, 2.180000066757202, 1.9600000381469727, 1.7400000095367432, 1.809999942779541, 2.0299999713897705, 2.130000114440918, 2.190000057220459, 2.559999942779541, 2.5299999713897705, 2.4800000190734863, 2.559999942779541, 2.190000057220459, 1.940000057220459, 2.0899999141693115, 2.0799999237060547, 1.6799999475479126, 2.6700000762939453, 2.930000066757202, 2.5299999713897705, 2.440000057220459, 2.2799999713897705, 2.509999990463257, 2.4800000190734863, 2.299999952316284, 2.190000057220459, 2.049999952316284, 1.8899999856948853, 1.9700000286102295, 1.809999942779541, 1.7300000190734863, 1.5, 1.690000057220459, 1.9600000381469727, 1.6699999570846558, 1.4700000286102295, 1.409999966621399, 1.409999966621399, 1.399999976158142, 1.25, 1.090000033378601, 1.0700000524520874, 1.090000033378601, 0.9200000166893005, 0.8999999761581421, 1.3300000429153442, 1.4500000476837158]
assets:[0, 99.9999594522953, 211.16747051739694, 285.13304962677955, 359.886975, 552.4292519735812, 647.4072638252735, 682.0725652750015, 705.5134538668393, 833.8961146376132, 1035.2537014094353, 1186.251591735077, 1319.6670974803449, 1642.6244752844812, 1723.375007511401, 1789.3162937614918, 1947.0361164803505, 1765.6286351324559, 1664.0728790819644, 1892.738198270321, 1983.6819912389756, 1702.2046748546481, 2805.2897811597823, 3178.4640724182127, 2844.5439888327837, 2843.3547586795326, 2756.9050574054, 3135.013833088517, 3197.543632592058, 3065.4638564466477, 3018.854853876829, 2925.8685819432735, 2797.508237826097, 3015.9213088001015, 2870.973220238447, 2844.079549356365, 2565.96495, 2990.987282269621, 3568.8372574593545, 3140.794804288447, 2864.6518247539757, 2847.7271595864177, 2947.7271772191402, 3026.8213684535385, 2802.519125, 2543.796733897591, 2597.1215683125615, 2745.665830079341, 2417.4427358537255, 2464.8895147027256, 3742.559206761813, 4180.233702468324]
shares:[0, 50.7614, 96.4235, 148.5068, 205.6497, 251.1042, 296.9758, 347.9962, 405.4675, 460.7161, 509.9772, 556.9256, 602.5877, 641.6502, 681.1759, 721.4985, 760.561, 806.2231, 857.7695, 905.6164, 953.6933, 1013.2171, 1050.6703, 1084.8, 1124.3257, 1165.3093, 1209.1689, 1249.0095, 1289.3321, 1332.8104, 1378.4725, 1427.253, 1480.1631, 1530.9245, 1586.1731, 1643.9766, 1710.6433, 1769.8149, 1820.8353, 1880.7155, 1948.7427, 2019.6647, 2090.5867, 2162.0153, 2242.0153, 2333.7584, 2427.2163, 2518.9594, 2627.6551, 2738.7662, 2813.9542, 2882.9197]
growth_rate:-18.03
