ticker:SRNE
price:[6.570000171661377, 6.320000171661377, 9.430000305175781, 9.640000343322754, 10.380000114440918, 11.25, 9.300000190734863, 8.079999923706055, 6.940000057220459, 6.980000019073486, 6.449999809265137, 7.559999942779541, 8.149999618530273, 7.96999979019165, 7.869999885559082, 7.349999904632568, 7.889999866485596, 6.829999923706055, 7.440000057220459, 9.5, 9.640000343322754, 12.65999984741211, 13.960000038146973, 14.390000343322754, 13.149999618530273, 9.670000076293945, 8.880000114440918, 10.25, 9.5600004196167, 8.329999923706055, 8.010000228881836, 7.510000228881836, 7.489999771118164, 7.590000152587891, 8.229999542236328, 7.199999809265137, 6.619999885559082, 7.210000038146973, 7.519999980926514, 8.109999656677246, 8.869999885559082, 8.600000381469727, 9.859999656677246, 9.760000228881836, 8.6899995803833, 7.929999828338623, 8.319999694824219, 8.210000038146973, 8.390000343322754, 9.039999961853027, 8.350000381469727, 9.149999618530273]
assets:[0, 100.00009871616363, 249.20944706497193, 354.75876063451767, 481.9911533140183, 622.3893750000001, 614.5086726030349, 633.8953860145568, 644.4595093135833, 748.1736380444527, 791.364021598339, 1027.552168222618, 1207.744368470192, 1281.0706682761192, 1364.9971771510122, 1374.8064571616649, 1575.8128653341294, 1464.1067866453172, 1694.8692130351067, 2264.14735, 2397.5133933859825, 3248.6015368453977, 3682.185934061909, 3895.6062109430313, 3659.9184138290407, 2791.3625290231707, 2663.3198263235095, 3174.214875, 3060.536622336006, 2766.7644926593784, 2760.478368879318, 2688.1640279270173, 2781.0047080171585, 2918.1341896656036, 3264.19558644104, 2955.6755217013356, 2817.5791952920913, 3168.692634765053, 3404.9334153638365, 3772.076002315712, 4225.563279481697, 4196.9386461633685, 4911.838694970989, 4962.023156364441, 4518.0307168364525, 4222.897782586574, 4530.580953819275, 4570.681894237233, 4770.892312227154, 5240.507865886116, 4940.513195707321, 5513.855650123596]
shares:[0, 15.8228, 26.4273, 36.8007, 46.4346, 55.3235, 66.0762, 78.4524, 92.8616, 107.1882, 122.6921, 135.9196, 148.1895, 160.7366, 173.4431, 187.0485, 199.7228, 214.3641, 227.805, 238.3313, 248.7047, 256.6036, 263.7669, 270.7162, 278.3208, 288.6621, 299.9234, 309.6795, 320.1398, 332.1446, 344.629, 357.9446, 371.2957, 384.4709, 396.6216, 410.5105, 425.6162, 439.4858, 452.7837, 465.1142, 476.3882, 488.0161, 498.1581, 508.404, 519.9115, 532.5218, 544.541, 556.7213, 568.6403, 579.7022, 591.6782, 602.6072]
growth_rate:8.11
