ticker:SRNG
price:[10.369999885559082, 10.239999771118164, 10.0600004196167, 9.899999618530273, 9.890000343322754, 9.869999885559082, 9.869999885559082, 10.010000228881836, 9.899999618530273, 9.930000305175781, 10.029999732971191, 9.989999771118164, 9.90999984741211, 9.90999984741211, 9.869999885559082, 10.010000228881836, 9.979999542236328, 9.949999809265137, 9.970000267028809, 9.960000038146973, 9.970000267028809]
assets:[0, 99.99974176483154, 198.24236826896666, 295.08928862953184, 394.79101170482636, 493.99250727224353, 593.9923851127625, 702.4177320610046, 794.6987093784333, 897.1070105705262, 1006.1413692134856, 1102.1287427490233, 1193.3027216262817, 1293.3025480865476, 1388.08223890543, 1507.7712994756698, 1603.2519964618684, 1698.433127442169, 1801.8472412592887, 1900.0403232771873, 2001.948137618637]
shares:[0, 9.7656, 19.706, 29.807, 39.9182, 50.0499, 60.1816, 70.1716, 80.2726, 90.3431, 100.3132, 110.3232, 120.414, 130.5048, 140.6365, 150.6265, 160.6465, 170.6968, 180.7269, 190.7671, 200.7972]
growth_rate:0.1
