ticker:SRNGU
price:[10.850000381469727, 10.609999656677246, 10.489999771118164, 10.270000457763672, 10.180000305175781, 10.180000305175781, 10.850000381469727, 10.699999809265137, 10.9399995803833, 10.8100004196167, 10.5, 10.300000190734863, 10.260000228881836, 10.279999732971191, 10.279999732971191, 10.640000343322754, 10.399999618530273, 10.430000305175781, 10.619999885559082, 10.630000114440918, 10.390000343322754, 10.380000114440918, 10.289999961853027, 10.449999809265137, 10.550000190734863, 10.40999984741211, 10.5, 10.4399995803833, 10.420000076293945]
assets:[0, 100.00030776414872, 198.86941566085812, 294.69869013557434, 392.1163057548523, 492.1164847526551, 624.5054069566727, 715.8717172390938, 831.9289860903741, 922.0433097913742, 995.6016, 1076.6373899371147, 1172.4563961553574, 1274.7415548878669, 1374.7412802903177, 1522.8840971391678, 1588.5333817329406, 1693.1155085395812, 1823.9584303450586, 1925.6755447315215, 1982.1980314989091, 2080.290076935482, 2162.2531269841193, 2295.8743630953786, 2417.8448237125394, 2485.7591005641934, 2607.24975, 2692.3506117858883, 2787.192678407478]
shares:[0, 9.4251, 18.958, 28.6951, 38.5183, 48.3415, 57.5581, 66.9039, 76.0447, 85.2954, 94.8192, 104.5279, 114.2745, 124.0021, 133.7297, 143.1282, 152.7436, 162.3313, 171.7475, 181.1548, 190.7794, 200.4133, 210.1315, 219.7009, 229.1796, 238.7857, 248.3095, 257.888, 267.4849]
growth_rate:-0.46
