ticker:SRPT
price:[132.75, 130.67999267578125, 144.52999877929688, 144.0, 134.7899932861328, 143.5800018310547, 142.4199981689453, 137.72999572753906, 135.91000366210938, 125.66000366210938, 141.39999389648438, 131.17999267578125, 139.14999389648438, 158.1300048828125, 167.24000549316406, 175.39999389648438, 175.02999877929688, 170.49000549316406, 82.29000091552734, 90.31999969482422, 98.23999786376953, 89.4000015258789, 95.79000091552734, 91.06999969482422, 85.37999725341797, 87.05999755859375, 84.79000091552734, 86.47000122070312, 82.63999938964844, 74.77999877929688, 76.20999908447266, 70.54000091552734, 71.80000305175781, 70.94000244140625, 70.83999633789062, 74.56999969482422, 76.05000305175781, 79.58000183105469, 75.6500015258789, 72.97000122070312, 86.0, 79.3499984741211, 80.4000015258789, 75.23999786376953, 73.05000305175781, 67.05000305175781, 66.79000091552734, 67.77999877929688, 79.80000305175781, 79.94000244140625, 75.30999755859375, 78.69000244140625]
assets:[0, 99.99633039550781, 210.5946612213135, 309.816, 390.0013665740967, 515.4378485733032, 611.2666321411133, 691.1428915603638, 782.0125700714111, 823.0353259857177, 1026.1256157073974, 1051.958597265625, 1215.8648166687012, 1481.7097717529298, 1667.0650987564086, 1848.4002156799315, 1944.4957714385987, 1994.0511042480468, 1062.4626598205566, 1266.1418837219237, 1477.1660798789978, 1444.2480846504213, 1647.482646746063, 1666.3077844161987, 1662.1948625289917, 1794.8985576660157, 1848.099817955017, 1984.7199970184327, 1996.8137772521973, 1906.8974468719482, 2043.3653584526062, 1991.3371718452454, 2126.909950401306, 2201.431437762451, 2298.3257571868894, 2519.3399826896666, 2669.339897116089, 2893.242378570557, 2850.3634524925233, 2849.38368666687, 3458.1890000000003, 3290.7793317192077, 3434.3262651786804, 3313.9156099105835, 3317.4563135910034, 3144.973688142395, 3232.776303313446, 3380.6968891143797, 4080.222036038208, 4187.3772378845215, 4044.8472518737794, 4326.384203228759]
shares:[0, 0.7652, 1.4571, 2.1515, 2.8934, 3.5899, 4.292, 5.0181, 5.7539, 6.5497, 7.2569, 8.0192, 8.7378, 9.3702, 9.9681, 10.5382, 11.1095, 11.696, 12.9112, 14.0184, 15.0363, 16.1549, 17.1989, 18.297, 19.4682, 20.6168, 21.7962, 22.9527, 24.1628, 25.5001, 26.8123, 28.2299, 29.6227, 31.0323, 32.4439, 33.7849, 35.0998, 36.3564, 37.6783, 39.0487, 40.2115, 41.4717, 42.7155, 44.0446, 45.4135, 46.9049, 48.4021, 49.8775, 51.1306, 52.3815, 53.7093, 54.9801]
growth_rate:-15.17
