ticker:SRRA
price:[11.289999961853027, 10.579999923706055, 11.399999618530273, 10.75, 10.600000381469727, 11.75, 12.239999771118164, 12.75, 13.710000038146973, 14.050000190734863, 14.859999656677246, 15.0, 14.194999694824219, 14.010000228881836, 15.020000457763672, 16.049999237060547, 16.040000915527344, 16.030000686645508, 15.850000381469727, 16.045000076293945, 15.960000038146973, 14.479999542236328, 14.800000190734863, 14.4399995803833, 14.0, 14.739999771118164, 14.84000015258789, 16.548999786376953, 20.110000610351562, 16.8700008392334, 17.6299991607666, 17.579999923706055, 17.93000030517578, 18.010000228881836, 18.239999771118164, 19.170000076293945, 17.600000381469727, 18.420000076293945, 17.89299964904785, 18.020000457763672, 18.3700008392334, 18.25, 20.020000457763672, 19.75, 19.8799991607666, 20.229999542236328, 19.549999237060547, 19.0, 18.06999969482422, 19.799999237060547, 20.889999389648438, 20.860000610351562]
assets:[0, 100.00004327888489, 207.75017304821014, 295.9045, 391.7760140991211, 534.27955, 656.5597077226639, 783.9159000000001, 942.9395276236535, 1066.3233594758035, 1227.7985556331635, 1339.3665, 1367.486651600647, 1449.6651596832276, 1654.173678414154, 1867.6084062229158, 1966.444764240265, 2065.218726463699, 2142.0276965532303, 2268.381139786148, 2356.3647296320914, 2237.8549692535403, 2387.311070766449, 2429.2411294078825, 2455.2205999999996, 2684.9970863075255, 2803.2122168231963, 3226.035539956665, 4020.2123430160523, 3472.5007287467956, 3728.9387524929048, 3818.3636774290085, 3994.3827129859924, 4112.205342260361, 4264.721706484795, 4582.166778236389, 4306.892573349381, 4607.554873084068, 4575.732067751885, 4708.209857603073, 4899.657645840835, 4967.651825000001, 5549.446028889847, 5574.6034, 5711.297126897812, 5911.849180226898, 5813.131668142319, 5749.591899999999, 5568.163792961883, 6201.252841051482, 6642.635429919434, 6733.097127006531]
shares:[0, 9.4518, 18.2237, 27.526, 36.96, 45.4706, 53.6405, 61.4836, 68.7775, 75.8949, 82.6244, 89.2911, 96.3358, 103.4736, 110.1314, 116.3619, 122.5963, 128.8346, 135.1437, 141.3762, 147.6419, 154.548, 161.3048, 168.23, 175.3729, 182.1572, 188.8957, 194.9384, 199.9111, 205.8388, 211.511, 217.1993, 222.7765, 228.329, 233.8115, 239.028, 244.7098, 250.1387, 255.7275, 261.2769, 266.7206, 272.2001, 277.1951, 282.2584, 287.2886, 292.2318, 297.3469, 302.6101, 308.1441, 313.1946, 317.9816, 322.7755]
growth_rate:32.02
