ticker:SRRK
price:[14.449999809265137, 15.539999961853027, 18.170000076293945, 18.030000686645508, 15.390000343322754, 14.850000381469727, 14.199999809265137, 14.140000343322754, 38.900001525878906, 42.099998474121094, 43.2599983215332, 42.060001373291016, 46.90999984741211, 41.04999923706055, 48.08000183105469, 47.61000061035156, 51.5, 48.529998779296875, 45.959999084472656, 57.43000030517578, 57.459999084472656, 59.65999984741211, 64.66000366210938, 54.439998626708984, 51.790000915527344, 54.099998474121094, 53.529998779296875, 64.55999755859375, 62.54999923706055, 50.7400016784668, 46.619998931884766, 29.940000534057617, 30.770000457763672, 34.459999084472656, 32.349998474121094, 30.68000030517578, 27.920000076293945, 26.34000015258789, 26.8700008392334, 26.65999984741211, 31.639999389648438, 31.0, 30.219999313354492, 29.139999389648438, 29.809999465942383, 30.399999618530273, 32.650001525878906, 31.25, 35.9900016784668, 39.220001220703125, 38.599998474121094, 40.130001068115234]
assets:[0, 99.99989975452422, 216.9243629108429, 315.25275900592806, 369.0922222337723, 456.141521717453, 536.1763727980614, 633.9103553915024, 1843.926202329254, 2095.6116240463257, 2253.352748571014, 2290.8484467979433, 2655.007480363846, 2423.345654960632, 2938.3564239028933, 3009.632861582947, 3355.534, 3262.0215159484865, 3189.2746404693603, 4085.2084127082826, 4187.33997328186, 4447.664920624543, 4920.419366674805, 4242.71052097435, 4136.187707118225, 4420.6731753158565, 4474.09618097229, 5495.992592163086, 5424.880118831254, 4500.6127788791655, 4235.170492967605, 2819.8839802999496, 2998.0565326019287, 3457.5888061393734, 3345.8794671821593, 3273.1571925582884, 3078.702112412834, 3004.4773854049686, 3164.9314148506164, 3240.195063454819, 3945.454135890198, 3965.6470999999997, 3965.867213889313, 3924.1351038070675, 4114.361221289634, 4295.793546094895, 4713.739490293885, 4611.61875, 5411.1075493579865, 5996.738186645508, 6001.940782740021, 6339.841906743622]
shares:[0, 6.435, 11.9386, 17.4849, 23.9826, 30.7166, 37.7589, 44.831, 47.4017, 49.777, 52.0886, 54.4662, 56.5979, 59.034, 61.1139, 63.2143, 65.156, 67.2166, 69.3924, 71.1337, 72.874, 74.5502, 76.0968, 77.9337, 79.8646, 81.713, 83.5811, 85.13, 86.7287, 88.6995, 90.8445, 94.1845, 97.4344, 100.3363, 103.4275, 106.687, 110.2687, 114.0652, 117.7868, 121.5377, 124.6983, 127.9241, 131.2332, 134.6649, 138.0195, 141.309, 144.3718, 147.5718, 150.3503, 152.9, 155.4907, 157.9826]
growth_rate:24.31
