ticker:SRSAU
price:[10.15999984741211, 10.0600004196167, 10.0600004196167, 10.350000381469727, 10.300000190734863, 10.199999809265137, 10.295000076293945, 10.350000381469727, 10.25, 10.600000381469727, 10.649999618530273, 10.75, 11.0, 10.984999656677246, 11.0, 11.449999809265137, 11.779999732971191, 12.140000343322754, 11.760000228881836, 10.640000343322754, 10.670000076293945, 10.710000038146973, 10.229999542236328, 10.829999923706055, 10.6899995803833, 10.199999809265137, 10.850000381469727, 10.550000190734863, 10.119999885559082, 10.050000190734863, 10.130000114440918, 10.0, 10.180000305175781, 10.329999923706055, 10.279999732971191, 10.279999732971191, 10.420000076293945, 10.210000038146973, 10.199999809265137, 10.149999618530273, 10.149999618530273, 10.020999908447266, 10.0, 10.050000190734863, 9.979999542236328, 9.90999984741211]
assets:[0, 100.00042817115784, 200.00085634231567, 305.76592126960753, 404.28839748659135, 500.3630306434631, 605.023770983696, 708.255701104164, 801.41265, 928.7783934246063, 1033.1596579935074, 1142.8604500000001, 1269.4385, 1367.7071552539826, 1469.5747000000001, 1629.693357852459, 1776.663093726635, 1930.9581046080589, 1970.5162223516465, 1882.8480767541885, 1988.1571192159654, 2095.6107134641647, 2101.689979955292, 2324.9562256214144, 2394.900916992474, 2385.1251153993608, 2637.1186327171326, 2664.2031531664848, 2655.6144699692727, 2737.2451869490624, 2859.034504299164, 2922.344, 3074.946460180664, 3220.2545492162703, 3304.6673101593974, 3404.667035561848, 3551.0339100002293, 3579.467758373737, 3675.9616112613676, 3757.941948764419, 3857.941775006104, 3908.90947208786, 4000.718, 4120.72117820549, 4192.0189677200315, 4262.615982366943]
shares:[0, 9.9404, 19.8808, 29.5426, 39.2513, 49.0552, 58.7687, 68.4305, 78.1866, 87.6206, 97.0103, 106.3126, 115.4035, 124.5068, 133.5977, 142.3313, 150.8203, 159.0575, 167.5609, 176.9594, 186.3315, 195.6686, 205.4438, 214.6774, 224.0319, 233.8358, 243.0524, 252.5311, 262.4125, 272.3627, 282.2344, 292.2344, 302.0576, 311.7381, 321.4657, 331.1933, 340.7902, 350.5845, 360.3884, 370.2406, 380.0928, 390.0718, 400.0718, 410.022, 420.042, 430.1328]
growth_rate:-5.28
