ticker:SRSA
price:[10.119999885559082, 11.59000015258789, 10.529999732971191, 10.369999885559082, 10.399999618530273, 10.670000076293945, 11.149999618530273, 11.390000343322754, 10.609999656677246, 10.449999809265137, 10.319999694824219, 10.399999618530273, 9.989999771118164, 10.0600004196167, 10.239999771118164, 10.032999992370605, 10.010000228881836, 10.050000190734863, 9.989999771118164, 9.9399995803833, 9.989999771118164, 10.0, 9.989999771118164, 10.010000228881836, 9.96500015258789, 9.989999771118164, 9.949999809265137, 9.880000114440918, 9.899999618530273, 9.845000267028809, 9.720000267028809, 9.84000015258789, 9.789999961853027, 9.710000038146973, 9.75, 9.770000457763672]
assets:[0, 99.99968031654358, 190.85413916015625, 287.9541568222046, 388.78734573936464, 498.88118856716153, 621.3236937429429, 734.6971651455879, 784.3845426185608, 872.5561740739822, 961.7011635612488, 1069.156360783577, 1127.0068391790392, 1234.9042855095863, 1356.9996496686936, 1429.5680567129136, 1526.290800899124, 1632.3893709804534, 1722.6435925323487, 1814.0220914211272, 1923.1468839385986, 2025.0720000000001, 2123.046779358673, 2227.2971229278564, 2317.284054983139, 2423.0974214841845, 2513.3958218198777, 2595.7141380663875, 2700.9683859254837, 2785.96278806448, 2850.590310311699, 2985.782734300232, 3070.61097103529, 3145.5195563575744, 3258.4773000000005, 3365.161371671295]
shares:[0, 8.6281, 18.1248, 27.768, 37.3834, 46.7555, 55.7241, 64.5037, 73.9288, 83.4982, 93.1881, 102.8035, 112.8135, 122.7539, 132.5195, 142.4866, 152.4766, 162.4268, 172.4368, 182.4972, 192.5072, 202.5072, 212.5172, 222.5072, 232.5423, 242.5523, 252.6026, 262.7241, 272.8251, 282.9825, 293.2706, 303.4332, 313.6477, 323.9464, 334.2028, 344.4382]
growth_rate:-3.85
