ticker:SRSAW
price:[2.25, 2.75, 2.109999895095825, 2.799999952316284, 2.0399999618530273, 2.0, 2.2160000801086426, 2.190000057220459, 2.9800000190734863, 2.549999952316284, 1.5, 1.7300000190734863, 1.75, 1.3300000429153442, 1.5, 1.4500000476837158, 1.149999976158142, 1.4900000095367432, 1.1799999475479126, 1.1200000047683716, 1.2100000381469727, 1.059999942779541, 1.159999966621399, 1.1799999475479126, 1.2999999523162842, 1.4700000286102295, 1.4700000286102295, 1.3600000143051147, 1.2350000143051147, 1.2000000476837158, 1.2300000190734863, 1.2200000286102295, 1.25, 1.149999976158142, 1.1799999475479126, 1.0]
assets:[0, 99.9999, 176.72726121354106, 334.5196343031645, 343.7214295725823, 436.9818, 584.1759579180241, 677.3219036971093, 1021.6524785390855, 974.2328367823362, 673.0781999999999, 876.2835886611462, 986.4141000000001, 849.674783416605, 1058.27985, 1123.0038669303417, 990.6581644616247, 1383.5484488554002, 1195.6960708502054, 1234.898005257547, 1434.1308862130165, 1356.34592878232, 1584.303130412221, 1711.6187159169674, 1985.6816771656274, 2345.3478546468973, 2445.347840593171, 2362.362592848432, 2245.2337310067414, 2281.6036506627797, 2438.6436708158017, 2518.817305068803, 2680.7553749999997, 2566.2948667954447, 2733.2416665048836, 2416.3066]
shares:[0, 36.3636, 83.757, 119.4713, 168.4909, 218.4909, 263.6173, 309.2794, 342.8364, 382.0521, 448.7188, 506.5223, 563.6652, 638.8532, 705.5199, 774.4854, 861.4419, 928.556, 1013.3018, 1102.5875, 1185.2321, 1279.5717, 1365.7786, 1450.5244, 1527.4475, 1595.4747, 1663.5019, 1737.0313, 1818.003, 1901.3363, 1982.6371, 2064.6043, 2144.6043, 2231.5608, 2316.3066, 2416.3066]
growth_rate:-30.96
