ticker:SRTS
price:[2.5, 2.75, 2.5799999237060547, 2.619999885559082, 2.494999885559082, 2.809999942779541, 2.8499999046325684, 2.7699999809265137, 2.4800000190734863, 2.369999885559082, 2.6500000953674316, 2.950000047683716, 2.9200000762939453, 3.6050000190734863, 3.5899999141693115, 3.5999999046325684, 3.9100000858306885, 3.859999895095825, 4.179999828338623, 3.869999885559082, 3.809999942779541, 3.740000009536743, 4.093999862670898, 4.050000190734863, 4.159999847412109, 4.570000171661377, 4.269999980926514, 4.320000171661377, 4.440000057220459, 3.8499999046325684, 3.8499999046325684, 3.7799999713897705, 3.6600000858306885, 3.7249999046325684, 3.8499999046325684, 3.4000000953674316, 3.240000009536743, 3.380000114440918, 3.5999999046325684, 3.4600000381469727, 4.449999809265137, 4.340000152587891, 4.400000095367432, 3.8399999141693115, 3.9000000953674316, 3.930000066757202, 3.700000047683716, 3.7100000381469727, 3.619999885559082, 3.5, 3.3299999237060547, 3.6500000953674316]
assets:[0, 99.9999, 193.81810826854706, 296.8229310348511, 382.6616254480362, 530.9736551877022, 638.5319336332798, 720.6082930380821, 745.1656057310105, 812.1138777852059, 1008.0597712777615, 1222.1797097552776, 1309.7508502212524, 1717.0041895843983, 1809.8600437293767, 1914.9015092724323, 2179.795722849965, 2251.9208507989883, 2538.608363746166, 2450.3384155403137, 2512.3486332683087, 2566.1901605436087, 2909.0861738176345, 2977.821365240574, 3158.7003641395568, 3570.014670099258, 3435.659064653397, 3575.889214093065, 3775.2192726531025, 3373.5570264344215, 3473.556923957348, 3510.4013014303205, 3498.960082054138, 3661.0997662685395, 3883.955363791466, 3529.9868590134615, 3463.8697541956903, 3713.5432577341076, 4055.2530125724793, 3997.5487580735203, 5241.355735346221, 5211.794645238876, 5383.8471566917415, 4798.630164742255, 4973.608891620588, 5111.867414833068, 4912.699483312368, 5025.977119678116, 5004.052903804302, 4938.17275, 4798.318435065269, 5359.418510031223]
shares:[0, 36.3636, 75.1233, 113.2912, 153.3714, 188.9586, 224.0463, 260.1474, 300.47, 342.6641, 380.3999, 414.2982, 448.5448, 476.2841, 504.1393, 531.9171, 557.4925, 583.3992, 607.3226, 633.1624, 659.4091, 686.1471, 710.5731, 735.2645, 759.303, 781.1848, 804.604, 827.7521, 850.2746, 876.2486, 902.2226, 928.6776, 956.0, 982.8456, 1008.8196, 1038.2314, 1069.0956, 1098.6814, 1126.4592, 1155.3609, 1177.8328, 1200.8743, 1223.6016, 1249.6433, 1275.2843, 1300.7296, 1327.7566, 1354.7108, 1382.3351, 1410.9065, 1440.9365, 1468.3338]
growth_rate:5.09
