ticker:SSAAU
price:[10.510000228881836, 10.4399995803833, 10.524999618530273, 10.529999732971191, 10.34000015258789, 10.109999656677246, 10.109999656677246, 10.029999732971191, 10.0, 10.0, 10.079999923706055, 10.005000114440918, 10.050000190734863, 9.949999809265137, 9.989999771118164, 9.9399995803833, 9.949999809265137, 10.0, 9.949999809265137, 10.0, 9.96500015258789, 9.970000267028809, 10.0, 9.960000038146973, 9.949999809265137, 9.944999694824219, 9.994999885559082, 9.960000038146973, 9.9399995803833, 9.885000228881836, 9.850000381469727, 9.899999618530273]
assets:[0, 99.99953598070145, 200.81383522167204, 300.90948436927795, 395.4801898361206, 486.68325147285464, 586.6832800769806, 682.0409848420144, 780.001, 880.001, 987.0406485292434, 1079.6965908499717, 1184.5523174811362, 1272.766165601921, 1377.8827064311981, 1470.9867419023515, 1572.4671248568536, 1680.3690000000001, 1771.9676060325621, 1880.8719999999998, 1974.2887497310637, 2075.2794835826876, 2181.524, 2272.798304704857, 2370.516809558773, 2469.325523225403, 2581.740454439545, 2672.700274236488, 2767.3336551771163, 2852.0212545370105, 2941.9232539344785, 3056.856542212295]
shares:[0, 9.5785, 19.0797, 28.5764, 38.2476, 48.1388, 58.03, 68.0001, 78.0001, 88.0001, 97.9207, 107.9157, 117.8659, 127.9162, 137.9262, 147.9866, 158.0369, 168.0369, 178.0872, 188.0872, 198.1223, 208.1524, 218.1524, 228.1926, 238.2429, 248.2982, 258.3032, 268.3434, 278.4038, 288.5201, 298.6724, 308.7734]
growth_rate:-1.39
