ticker:SSAA
price:[9.694999694824219, 9.75, 9.859999656677246, 9.850000381469727, 9.789999961853027, 9.850000381469727, 9.850000381469727, 9.739999771118164, 9.720000267028809, 9.829999923706055, 9.729999542236328, 9.699999809265137, 9.789999961853027, 9.789999961853027, 9.710000038146973, 9.680000305175781, 9.680000305175781, 9.65999984741211, 9.770000457763672, 9.710000038146973, 9.710000038146973, 9.699999809265137, 9.680000305175781, 9.680000305175781, 9.729999542236328]
assets:[0, 99.9999, 201.12821699676513, 300.92440665416717, 399.09130644493104, 501.5373944234848, 601.53755329628, 694.8194416723251, 793.393077796173, 902.3713839963914, 993.1916492736816, 1090.1296285643577, 1200.2442053232194, 1300.244159933567, 1389.619467459297, 1485.3263508270263, 1585.3265619796755, 1682.0513374305726, 1801.205100393677, 1890.1437524256708, 1990.1441298185348, 2088.094708940983, 2183.7896768470764, 2283.789887999725, 2395.586213295746]
shares:[0, 10.2564, 20.3984, 30.5507, 40.7652, 50.9175, 61.0698, 71.3367, 81.6248, 91.7977, 102.0752, 112.3845, 122.599, 132.8135, 143.1122, 153.4428, 163.7734, 174.1254, 184.3608, 194.6595, 204.9582, 215.2675, 225.5981, 235.9287, 246.2062]
growth_rate:-0.18
