ticker:SSB
price:[58.119998931884766, 52.220001220703125, 51.349998474121094, 46.75, 49.279998779296875, 54.58000183105469, 53.4900016784668, 62.310001373291016, 61.400001525878906, 60.65999984741211, 69.08999633789062, 68.26000213623047, 70.47000122070312, 72.43000030517578, 74.45999908447266, 74.08000183105469, 74.02999877929688, 72.30000305175781, 78.91999816894531, 80.08999633789062, 79.58000183105469, 69.73999786376953, 76.12999725341797, 78.5199966430664, 81.91999816894531, 78.86000061035156, 84.02999877929688, 91.69999694824219, 87.05000305175781, 81.02999877929688, 79.62999725341797, 79.86000061035156, 82.16999816894531, 83.16000366210938, 84.31999969482422, 89.63999938964844, 90.33999633789062, 90.94999694824219, 88.80999755859375, 89.75, 86.23999786376953, 80.98999786376953, 84.3499984741211, 80.72000122070312, 79.56999969482422, 76.4000015258789, 68.62000274658203, 68.83999633789062, 72.6500015258789, 71.72000122070312, 68.7300033569336, 70.54000091552734]
assets:[0, 100.0013023376465, 198.3342341064453, 280.56545, 395.7479581970215, 538.3116420593261, 627.560746692276, 831.0409503158569, 918.9062828361511, 1007.8295014648437, 1247.889695855713, 1332.8994097137452, 1476.0505515686034, 1617.1011588134766, 1762.423502330017, 1853.4297898117065, 1952.1784708099365, 2006.556444696045, 2290.2820228622436, 2424.2360901519774, 2508.7993477249147, 2298.588485591126, 2609.1957828666687, 2791.1110606727602, 3011.9689566772463, 2999.463781214905, 3296.1103141174317, 3696.967906965637, 3609.502261540222, 3459.8837118774413, 3500.1046772750856, 3610.215075592041, 3814.6435609954833, 3960.6032824127196, 4115.853121103668, 4475.536925526429, 4610.4836451049805, 4741.614425898743, 4730.047112969971, 4880.1113749999995, 4789.260665366363, 4597.70499072876, 4888.445116568756, 4778.075176257324, 4810.006481552125, 4718.3800542366025, 4337.895817628479, 4451.799955175781, 4798.19114577713, 4836.76819432373, 4735.126089274597, 4959.822652372742]
shares:[0, 1.915, 3.8624, 6.0014, 8.0306, 9.8628, 11.7323, 13.3372, 14.9659, 16.6144, 18.0618, 19.5268, 20.9458, 22.3264, 23.6694, 25.0193, 26.3701, 27.7532, 29.0203, 30.2689, 31.5255, 32.9594, 34.2729, 35.5465, 36.7672, 38.0353, 39.2254, 40.3159, 41.4647, 42.6988, 43.9546, 45.2068, 46.4238, 47.6263, 48.8123, 49.9279, 51.0348, 52.1343, 53.2603, 54.3745, 55.5341, 56.7688, 57.9543, 59.1932, 60.45, 61.7589, 63.2162, 64.6688, 66.0453, 67.4396, 68.8946, 70.3122]
growth_rate:-2.75
