ticker:SSBI
price:[9.84000015258789, 10.069999694824219, 10.3100004196167, 10.949999809265137, 10.59000015258789, 12.319999694824219, 11.600000381469727, 12.0, 12.300000190734863, 13.25, 13.4399995803833, 12.6899995803833, 13.270000457763672, 13.1899995803833, 12.75, 11.470000267028809, 12.539999961853027, 13.479999542236328, 13.720000267028809, 15.0, 16.690000534057617, 14.369999885559082, 14.210000038146973, 14.960000038146973, 15.199999809265137, 16.200000762939453, 16.15999984741211, 16.100000381469727, 17.0, 16.040000915527344, 16.360000610351562, 16.68000030517578, 16.540000915527344, 16.600000381469727, 16.3799991607666, 16.450000762939453, 16.229999542236328, 16.25, 16.360000610351562, 16.25, 14.90999984741211, 13.100000381469727, 15.100000381469727, 15.40999984741211, 15.5, 15.199999809265137, 16.5, 16.1299991607666, 16.479999542236328, 16.649999618530273, 16.1200008392334, 16.110000610351562]
assets:[0, 100.00013196945191, 202.38324623699188, 314.9460845140457, 404.5920148296356, 570.6870258636475, 637.3353409589768, 759.312, 878.2950436196327, 1046.131225, 1161.1326357477187, 1196.3370204410553, 1351.016092604828, 1442.8712010975837, 1494.7386, 1444.678649633026, 1679.448336891079, 1905.3399712970734, 2039.26263568964, 2329.515, 2691.9735801395414, 2417.774035745144, 2490.853854686737, 2722.3205749417302, 2865.993404036522, 3154.545148563385, 3246.755665343094, 3334.70130901165, 3621.1139, 3516.6274447212218, 3686.785033544922, 3858.898054602051, 3926.508555341339, 4040.752172856903, 4087.199634591293, 4204.666255009461, 4248.432846173859, 4353.6675000000005, 4483.139147254944, 4552.994875, 4277.5477482238775, 3858.274992352295, 4547.324344878578, 4740.67995905838, 4868.3670999999995, 4874.139858837604, 5391.00705, 5370.117069596291, 5586.642388820266, 5744.2715133924485, 5661.421670742798, 5757.9091491470335]
shares:[0, 9.9305, 19.6298, 28.7622, 38.2051, 46.322, 54.9427, 63.276, 71.4061, 78.9533, 86.3938, 94.274, 101.8098, 109.3913, 117.2344, 125.9528, 133.9273, 141.3457, 148.6343, 155.301, 161.2926, 168.2515, 175.2888, 181.9733, 188.5522, 194.725, 200.9131, 207.1243, 213.0067, 219.2411, 225.3536, 231.3488, 237.3947, 243.4188, 249.5238, 255.6028, 261.7642, 267.918, 274.0305, 280.1843, 286.8912, 294.5248, 301.1473, 307.6366, 314.0882, 320.6671, 326.7277, 332.9273, 338.9953, 345.0013, 351.2048, 357.4121]
growth_rate:12.9
