ticker:SSKN
price:[1.3799999952316284, 1.4500000476837158, 1.3899999856948853, 1.409999966621399, 1.3200000524520874, 1.409999966621399, 1.2300000190734863, 1.399999976158142, 1.25, 1.2899999618530273, 1.4700000286102295, 1.4700000286102295, 1.659999966621399, 1.6799999475479126, 1.6399999856948853, 1.4800000190734863, 1.4700000286102295, 1.5, 1.4900000095367432, 1.690000057220459, 1.899999976158142, 1.75, 1.9199999570846558, 2.1600000858306885, 2.2899999618530273, 1.8300000429153442, 1.7000000476837158, 1.899999976158142, 1.8300000429153442, 1.690000057220459, 1.6799999475479126, 1.6200000047683716, 1.7200000286102295, 1.75, 1.649999976158142, 1.6100000143051147, 1.350000023841858, 1.409999966621399, 1.399999976158142, 1.3899999856948853, 1.4500000476837158, 1.5099999904632568, 1.6100000143051147, 1.5, 1.4900000095367432, 1.4800000190734863, 1.5099999904632568, 1.4299999475479126, 1.399999976158142, 1.309999942779541, 1.4199999570846558, 1.409999966621399]
assets:[0, 99.99997828853131, 195.86197898429634, 298.6801519294143, 379.61551508456466, 505.49838303345445, 540.9666773887158, 715.7344478111148, 739.0486249999999, 862.6981814888953, 1083.0747060796023, 1183.074692025876, 1435.9891131257177, 1553.29015150398, 1616.3070699015498, 1558.6186560866831, 1648.0874450762985, 1781.7219, 1869.8437749679326, 2220.8295821934225, 2596.7905774145725, 2491.7809, 2833.8394886587503, 3288.069634656143, 3585.962465264797, 2965.638228547203, 2854.9644400795937, 3290.842518705368, 3269.601052675438, 3119.4676776197434, 3201.009068059754, 3186.6874293798205, 3483.3965179423094, 3644.15345, 3535.916123907387, 3550.1970245440843, 3076.8733443395377, 3313.62315555737, 3390.12234226656, 3465.9071403307917, 3715.514777185893, 3969.260115931249, 4332.125087491644, 4136.1414, 4208.567159936929, 4280.321819162607, 4467.085066787124, 4330.418219161201, 4339.570406097555, 4160.5979392661575, 4609.961132677412, 4677.49666527071]
shares:[0, 68.9655, 140.9079, 211.8299, 287.5875, 358.5095, 439.8103, 511.2389, 591.2389, 668.7583, 736.7855, 804.8127, 865.0537, 924.5775, 985.5531, 1053.1207, 1121.1479, 1187.8146, 1254.9287, 1314.1003, 1366.7319, 1423.8748, 1475.9581, 1522.2544, 1565.9225, 1620.5673, 1679.3908, 1732.0224, 1786.6672, 1845.8388, 1905.3626, 1967.091, 2025.2305, 2082.3734, 2142.9795, 2205.0913, 2279.1654, 2350.0874, 2421.516, 2493.4584, 2562.4239, 2628.6491, 2690.7609, 2757.4276, 2824.5417, 2892.1093, 2958.3345, 3028.2646, 3099.6932, 3176.0291, 3246.4516, 3317.3736]
growth_rate:-8.28
