ticker:SSNC
price:[61.25, 60.099998474121094, 60.779998779296875, 60.52000045776367, 61.61000061035156, 64.08999633789062, 64.52999877929688, 65.19000244140625, 59.220001220703125, 64.47000122070312, 64.83000183105469, 68.16000366210938, 69.62000274658203, 71.12999725341797, 71.45999908447266, 71.19999694824219, 71.69000244140625, 72.75, 71.8499984741211, 66.38999938964844, 67.51000213623047, 62.880001068115234, 69.38999938964844, 66.0199966430664, 66.44000244140625, 66.27999877929688, 65.87999725341797, 68.41000366210938, 69.36000061035156, 68.1500015258789, 71.01000213623047, 72.43000030517578, 72.91000366210938, 72.4800033569336, 74.22000122070312, 73.3499984741211, 74.26000213623047, 73.80999755859375, 73.87000274658203, 73.2300033569336, 73.9000015258789, 72.01000213623047, 73.55999755859375, 73.58999633789062, 73.55000305175781, 73.70999908447266, 75.69999694824219, 78.38999938964844, 76.81999969482422, 77.19999694824219, 75.52999877929688, 76.23999786376953]
assets:[0, 100.00038746109009, 201.13317196044923, 300.26998227119446, 405.6772100189209, 522.0066111724853, 625.5925261657715, 731.9924614135742, 764.9565997680663, 932.771318661499, 1037.9801933166505, 1191.2937280059816, 1316.8136179496767, 1445.3757701889037, 1552.0825961151122, 1646.4358494308472, 1757.7671698608397, 1883.7594, 1960.4559483657836, 1911.480945426941, 2043.730294670105, 2003.564338033676, 2310.9922956726077, 2298.7568651145934, 2413.3799366821286, 2507.5711938171385, 2592.4371839195255, 2791.9969564605713, 2930.7721457901002, 2979.647551714325, 3204.6955984085084, 3368.77725819397, 3491.1059593505856, 3570.5171733695984, 3756.229729779053, 3812.1974656959537, 3959.491331902313, 4035.4951875183106, 4138.773739884949, 4202.918874665833, 4341.373829640198, 4330.34308146286, 4523.549981866455, 4625.396193823242, 4722.881055963135, 4833.157268968964, 5063.640925865174, 5343.57973239441, 5336.554784799957, 5462.94970404663, 5444.776340002441, 5595.954851202392]
shares:[0, 1.6639, 3.3092, 4.9615, 6.5846, 8.1449, 9.6946, 11.2286, 12.9172, 14.4683, 16.0108, 17.4779, 18.9143, 20.3202, 21.7196, 23.1241, 24.519, 25.8936, 27.2854, 28.7917, 30.273, 31.8633, 33.3044, 34.8191, 36.3242, 37.833, 39.3509, 40.8127, 42.2545, 43.7219, 45.1302, 46.5108, 47.8824, 49.2621, 50.6094, 51.9727, 53.3193, 54.6741, 56.0278, 57.3934, 58.7466, 60.1353, 61.4947, 62.8536, 64.2132, 65.5699, 66.8909, 68.1666, 69.4683, 70.7636, 72.0876, 73.3992]
growth_rate:9.72
