ticker:SSNT
price:[2.700000047683716, 2.3499999046325684, 2.2799999713897705, 2.509999990463257, 2.5, 2.880000114440918, 2.950000047683716, 2.809999942779541, 2.7699999809265137, 2.819999933242798, 2.9000000953674316, 2.950000047683716, 3.1700000762939453, 2.950000047683716, 3.190000057220459, 3.3499999046325684, 3.009999990463257, 2.859999895095825, 3.3499999046325684, 3.369999885559082, 4.559999942779541, 4.400000095367432, 5.099999904632568, 5.289999961853027, 7.289999961853027, 5.610000133514404, 6.409999847412109, 6.550000190734863, 6.849999904632568, 6.690000057220459, 8.350000381469727, 7.389999866485596, 6.71999979019165, 6.460000038146973, 6.710000038146973, 7.389999866485596, 6.610000133514404, 6.420000076293945, 6.739999771118164, 7.550000190734863, 7.630000114440918, 8.140000343322754, 11.15999984741211, 11.6899995803833, 10.850000381469727, 10.289999961853027, 9.510000228881836, 9.0, 7.940000057220459, 7.519999980926514, 7.550000190734863, 7.809999942779541]
assets:[0, 100.0000159418106, 197.02118152770998, 316.8960327959538, 415.6335, 578.8097509998321, 692.8780161996602, 759.9956755240917, 849.1772881527901, 964.505401167488, 1091.86743590641, 1210.692704569602, 1400.9815337181092, 1403.752507690215, 1617.956226022005, 1799.107398783207, 1716.5114905614853, 1730.9708925083637, 2127.535694433546, 2240.2374169243813, 3131.3004327073577, 3121.430467655182, 3718.0213104748727, 3956.535917468834, 5552.390562945557, 4372.827365070486, 5096.403065681839, 5307.713399559689, 5650.814261327934, 5618.824677058554, 7113.03215995884, 6395.246025457715, 5915.433703311396, 5786.563122170258, 6110.501123738765, 6829.746979607629, 6208.880868412256, 6130.410564852524, 6535.975934046555, 7421.456907487487, 7600.095091992378, 8208.096330194854, 11353.360236768342, 11992.54261452341, 11230.803929858208, 10751.14939714346, 10036.193296545982, 9597.974400000001, 8567.546695742942, 8214.351659165382, 8347.121660872459, 8734.571947005606]
shares:[0, 42.5532, 86.4128, 126.2534, 166.2534, 200.9756, 234.8739, 270.4611, 306.5622, 342.0232, 376.506, 410.4043, 441.95, 475.8483, 507.1963, 537.047, 570.2696, 605.2346, 635.0853, 664.7589, 686.6887, 709.416, 729.0238, 747.9274, 761.6448, 779.4701, 795.0707, 810.3379, 824.9364, 839.8841, 851.8601, 865.3919, 880.2729, 895.7528, 910.6559, 924.1877, 939.3163, 954.8926, 969.7294, 982.9744, 996.0806, 1008.3656, 1017.3262, 1025.8805, 1035.0971, 1044.8153, 1055.3305, 1066.4416, 1079.0361, 1092.334, 1105.579, 1118.3831]
growth_rate:71.27
