ticker:SSP
price:[10.979999542236328, 11.0600004196167, 11.550000190734863, 11.619999885559082, 11.770000457763672, 11.0, 10.479999542236328, 10.420000076293945, 9.079999923706055, 11.329999923706055, 12.300000190734863, 12.779999732971191, 13.079999923706055, 13.829999923706055, 14.0, 14.4399995803833, 14.420000076293945, 15.289999961853027, 15.630000114440918, 14.84000015258789, 14.739999771118164, 14.8100004196167, 15.899999618530273, 17.510000228881836, 19.1299991607666, 18.81999969482422, 22.600000381469727, 24.329999923706055, 22.65999984741211, 19.75, 19.739999771118164, 20.690000534057617, 21.780000686645508, 22.989999771118164, 21.6200008392334, 20.239999771118164, 20.989999771118164, 21.239999771118164, 21.209999084472656, 20.799999237060547, 21.09000015258789, 19.190000534057617, 20.979999542236328, 20.3799991607666, 19.950000762939453, 19.1200008392334, 19.049999237060547, 19.079999923706055, 19.260000228881836, 18.15999984741211, 17.760000228881836, 18.690000534057617]
assets:[0, 100.00009979400636, 204.4303833759308, 305.66990698957443, 409.6160249309539, 482.8186, 559.9945835395813, 656.7882348089219, 672.3258703508378, 938.9261576774597, 1119.3110873570442, 1262.9911416107177, 1392.639363876915, 1572.4931193252564, 1691.8229999999999, 1844.9944143857003, 1942.4389002771377, 2159.631457611942, 2307.655417896366, 2291.0170315567016, 2375.5794331121447, 2486.861207461071, 2769.8912335453033, 3150.3642211799624, 3541.8313466197965, 3584.4364398765565, 4404.371694342231, 4841.52157181797, 4609.202588962555, 4117.288425, 4215.204539125442, 4518.065071621894, 4856.088555095101, 5225.870641972732, 5014.454352648354, 4794.382329783249, 5072.04033669281, 5232.450579615212, 5325.060847144317, 5322.124924785614, 5496.328209766388, 5101.162701965332, 5676.986468133545, 5614.632704793549, 5596.168729011917, 5463.345215802384, 5543.342132992935, 5652.07219339943, 5805.393566990089, 5573.828777166366, 5551.056791539192, 5941.738069782257]
shares:[0, 9.0416, 17.6996, 26.3055, 34.8017, 43.8926, 53.4346, 63.0315, 74.0447, 82.8708, 91.0009, 98.8256, 106.4709, 113.7016, 120.8445, 127.7697, 134.7045, 141.2447, 147.6427, 154.3812, 161.1655, 167.9177, 174.207, 179.918, 185.1454, 190.4589, 194.8837, 198.9939, 203.407, 208.4703, 213.5362, 218.3695, 222.9609, 227.3106, 231.9359, 236.8766, 241.6408, 246.3489, 251.0637, 255.8714, 260.613, 265.824, 270.5904, 275.4972, 280.5097, 285.7398, 290.9891, 296.2302, 301.4223, 306.9289, 312.5595, 317.91]
growth_rate:16.5
