ticker:SSRM
price:[20.389999389648438, 20.59000015258789, 22.079999923706055, 18.3799991607666, 18.309999465942383, 19.299999237060547, 19.420000076293945, 19.229999542236328, 18.510000228881836, 20.59000015258789, 19.690000534057617, 18.469999313354492, 17.649999618530273, 19.40999984741211, 18.600000381469727, 19.940000534057617, 19.540000915527344, 20.110000610351562, 18.8799991607666, 17.059999465942383, 17.469999313354492, 17.600000381469727, 17.219999313354492, 16.549999237060547, 15.079999923706055, 14.1899995803833, 14.760000228881836, 15.180000305175781, 15.4399995803833, 14.539999961853027, 15.220000267028809, 15.649999618530273, 16.239999771118164, 16.389999389648438, 15.859999656677246, 17.3700008392334, 17.260000228881836, 18.520000457763672, 18.549999237060547, 17.93000030517578, 17.760000228881836, 15.739999771118164, 15.640000343322754, 15.970000267028809, 16.15999984741211, 16.170000076293945, 15.300000190734863, 16.260000228881836, 16.549999237060547, 16.309999465942383, 15.369999885559082, 16.600000381469727]
assets:[0, 99.99945374107361, 207.2362552839279, 272.5092195571899, 371.4714381650925, 491.5555405685425, 594.6112723360062, 688.7935846035003, 763.004421434784, 948.7439680309295, 1007.2734813205718, 1044.8626371559142, 1098.4742012586594, 1308.0107747173308, 1353.4253077575681, 1550.9292535388945, 1619.8172258949278, 1767.0697756317138, 1758.9891058113096, 1689.426157113075, 1830.0278500720979, 1943.6454821273803, 2001.6802721832275, 2023.7984517047882, 1944.0412061645507, 1929.3063989479065, 2106.8055326700214, 2266.7550635704038, 2405.579726622963, 2365.3584697942733, 2575.9804791945458, 2748.758107998848, 2952.384862389946, 3079.654661315918, 3080.069029325485, 3473.317526813698, 3551.3209910934447, 3910.5721766586303, 4016.9058747894287, 3982.647527786255, 4044.8862281284332, 3684.8252384174343, 3761.415390569019, 3940.779623892403, 4087.6638814029693, 4190.19356577034, 4064.7464606724734, 4419.790010214615, 4598.617543008041, 4631.930571331214, 4464.977281754971, 4922.2918731147765]
shares:[0, 4.8567, 9.3857, 14.8264, 20.2879, 25.4692, 30.6185, 35.8187, 41.2212, 46.0779, 51.1566, 56.5708, 62.2365, 67.3885, 72.7648, 77.7798, 82.8975, 87.8702, 93.1668, 99.0285, 104.7526, 110.4344, 116.2416, 122.2839, 128.9152, 135.9624, 142.7375, 149.3251, 155.8018, 162.6794, 169.2497, 175.6395, 181.7971, 187.8984, 194.2036, 199.9607, 205.7544, 211.154, 216.5448, 222.122, 227.7526, 234.1058, 240.4997, 246.7614, 252.9495, 259.1338, 265.6697, 271.8198, 277.8621, 283.9933, 290.4995, 296.5236]
growth_rate:-3.48
