ticker:SSSS
price:[12.369999885559082, 11.949999809265137, 12.579999923706055, 12.979999542236328, 9.210000038146973, 9.020000457763672, 8.420000076293945, 8.25, 8.239999771118164, 9.760000228881836, 9.779999732971191, 11.359999656677246, 12.470000267028809, 12.130000114440918, 12.649999618530273, 12.319999694824219, 12.550000190734863, 13.09000015258789, 13.779999732971191, 14.119999885559082, 14.65999984741211, 14.670000076293945, 14.760000228881836, 14.270000457763672, 14.119999885559082, 13.0600004196167, 12.5600004196167, 13.779999732971191, 13.460000038146973, 14.15999984741211, 14.109999656677246, 15.520000457763672, 15.220000267028809, 14.329999923706055, 14.550000190734863, 14.850000381469727, 15.520000457763672, 13.5, 13.40999984741211, 13.680000305175781, 13.6899995803833, 13.069999694824219, 13.850000381469727, 13.3100004196167, 13.619999885559082, 13.029999732971191, 12.359999656677246, 12.210000038146973, 14.229999542236328, 16.020000457763672, 12.65999984741211, 13.100000381469727]
assets:[0, 99.99998840389252, 205.2716327550888, 311.79905900382994, 321.2383543305397, 414.6115370414734, 487.0321704130173, 577.1988749999999, 676.4990372089386, 901.2901491361617, 1003.1365286108017, 1265.197241763115, 1488.820765881157, 1548.227120606804, 1714.5973932950974, 1769.8689801589965, 1902.9100939204213, 2084.7880373020175, 2294.681383533669, 2451.2997561325074, 2645.046598469162, 2746.8504232854843, 2863.7027724071504, 2868.6339770221707, 2938.4807001839636, 2817.8870725384713, 2810.004933879375, 3182.9511903207776, 3209.0362970947267, 3475.924546543503, 3563.651144289684, 4019.763926563263, 4042.0622249163625, 3905.7002322057724, 4065.662903296471, 4249.490959161759, 4541.218869943619, 4050.1579500000003, 4123.156561083984, 4306.172712062836, 4409.320241848469, 4309.628507373047, 4666.8213385379795, 4584.865231544399, 4791.649435738564, 4684.081636007309, 4543.226873803139, 4588.090664334297, 5447.135676771545, 6232.334470085907, 5025.178049432754, 5299.829164330101]
shares:[0, 8.3682, 16.3173, 24.0215, 34.8793, 45.9658, 57.8423, 69.9635, 82.0994, 92.3453, 102.5702, 111.373, 119.3922, 127.6362, 135.5413, 143.6582, 151.6263, 159.2657, 166.5226, 173.6048, 180.4261, 187.2427, 194.0178, 201.0255, 208.1077, 215.7647, 223.7265, 230.9834, 238.4128, 245.4749, 252.5621, 259.0054, 265.5757, 272.5541, 279.427, 286.161, 292.6043, 300.0117, 307.4688, 314.7787, 322.0833, 329.7344, 336.9546, 344.4677, 351.8098, 359.4844, 367.575, 375.765, 382.7924, 389.0346, 396.9335, 404.5671]
growth_rate:3.92
