ticker:SSTI
price:[28.399999618530273, 29.010000228881836, 30.989999771118164, 29.81999969482422, 30.079999923706055, 30.8700008392334, 31.739999771118164, 31.520000457763672, 29.309999465942383, 32.4900016784668, 29.18000030517578, 32.459999084472656, 32.349998474121094, 33.779998779296875, 32.95000076293945, 37.15999984741211, 38.4900016784668, 37.70000076293945, 44.04999923706055, 46.349998474121094, 48.5, 45.9900016784668, 49.91999816894531, 52.02000045776367, 48.93000030517578, 41.97999954223633, 38.209999084472656, 39.7400016784668, 37.290000915527344, 36.880001068115234, 37.31999969482422, 33.720001220703125, 36.220001220703125, 35.16999816894531, 34.939998626708984, 31.389999389648438, 39.09000015258789, 40.150001525878906, 40.709999084472656, 39.13999938964844, 38.70000076293945, 41.45000076293945, 48.77000045776367, 47.29999923706055, 48.0, 46.43000030517578, 47.0, 45.70000076293945, 44.15999984741211, 43.08000183105469, 40.66999816894531, 39.5]
assets:[0, 100.00037178897857, 206.8241594724655, 299.01706493988036, 401.6251509813309, 512.1734449239731, 626.6079014814377, 722.2650504894257, 771.6238389402389, 955.3425073539734, 958.0144260192872, 1165.7002411216736, 1261.7502254859926, 1417.5236007751464, 1482.6940193309783, 1772.138096723175, 1935.565959405899, 1995.8380403900146, 2432.0048628780364, 2658.9881724639895, 2882.33075, 2833.163464400101, 3175.2663155319215, 3408.8394179969787, 3306.3518036216733, 2936.719263977051, 2772.9875165580747, 2984.02506403389, 2900.0582872009277, 2968.1725579639433, 3103.583422621155, 2904.202545135498, 3219.5198465057374, 3226.1861360351563, 3305.0862780960083, 3069.2796113204954, 3922.1772543102265, 4128.536326902771, 4286.119685609436, 4220.822308180237, 4273.37405424614, 4677.035706086731, 5602.990272590637, 5534.109370735931, 5716.008, 5629.047875998688, 5798.155, 5737.78133578949, 5644.429612496567, 5606.388358291626, 5392.752283206177, 5337.6113000000005]
shares:[0, 3.4471, 6.6739, 10.0274, 13.3519, 16.5913, 19.7419, 22.9145, 26.3263, 29.4042, 32.8312, 35.9119, 39.0031, 41.9634, 44.9983, 47.6894, 50.2875, 52.94, 55.2101, 57.3676, 59.4295, 61.6039, 63.6071, 65.5294, 67.5731, 69.9552, 72.5723, 75.0887, 77.7704, 80.4819, 83.1614, 86.127, 88.8879, 91.7312, 94.5932, 97.7789, 100.3371, 102.8278, 105.2842, 107.8391, 110.4231, 112.8356, 114.886, 117.0002, 119.0835, 121.2373, 123.365, 125.5532, 127.8177, 130.139, 132.5978, 135.1294]
growth_rate:4.66
