ticker:SSYS
price:[14.039999961853027, 14.3100004196167, 14.039999961853027, 12.079999923706055, 12.359999656677246, 14.859999656677246, 14.470000267028809, 14.859999656677246, 12.779999732971191, 13.979999542236328, 13.899999618530273, 13.890000343322754, 16.18000030517578, 18.020000457763672, 18.260000228881836, 21.1200008392334, 21.610000610351562, 20.719999313354492, 28.1299991607666, 31.850000381469727, 38.150001525878906, 41.5099983215332, 51.720001220703125, 50.099998474121094, 43.91999816894531, 34.4900016784668, 23.690000534057617, 28.34000015258789, 27.809999465942383, 24.670000076293945, 25.260000228881836, 23.790000915527344, 22.639999389648438, 23.5, 22.40999984741211, 20.049999237060547, 19.799999237060547, 22.329999923706055, 23.09000015258789, 22.93000030517578, 22.809999465942383, 21.6299991607666, 26.489999771118164, 23.31999969482422, 22.860000610351562, 19.940000534057617, 20.010000228881836, 19.739999771118164, 21.31999969482422, 22.079999923706055, 20.31999969482422, 20.770000457763672]
assets:[0, 99.99971393232346, 198.11282346172334, 270.45549429187776, 376.7241375357628, 552.9227552253723, 638.4106237812042, 755.6176085423469, 749.851148332405, 920.2600318668365, 1014.993262144661, 1114.262772541523, 1397.9682063674927, 1656.9462500915527, 1779.0152162992479, 2157.6551897375107, 2307.714677178955, 2312.6730833597185, 3239.743255345154, 3768.176730131722, 4613.5292795265195, 5119.859796977234, 6479.166260922241, 6376.221795801544, 5689.6952187927245, 4568.069660306549, 3237.6507789882658, 3973.154661392212, 3998.8498812068938, 3647.3435622797015, 3834.571600745201, 3711.418567829132, 3632.0105820846557, 3869.9753, 3790.4744351909635, 3491.2983471496586, 3547.7658432964326, 4101.092057987976, 4340.67296568489, 4410.594730700684, 4487.511558932495, 4355.364719013977, 5433.962527048874, 4883.692992089844, 4887.360688490296, 4363.077498857308, 4478.3941292255395, 4517.966785614967, 4979.5865407218935, 5257.095629834938, 4938.05253383789, 5147.408443447113]
shares:[0, 6.9881, 14.1106, 22.3887, 30.4793, 37.2088, 44.1196, 50.8491, 58.6738, 65.8269, 73.0211, 80.2205, 86.401, 91.9504, 97.4269, 102.1617, 106.7892, 111.6155, 115.1704, 118.3101, 120.9313, 123.3404, 125.2739, 127.2699, 129.5468, 132.4462, 136.6674, 140.196, 143.7918, 147.8453, 151.8041, 156.0075, 160.4245, 164.6798, 169.1421, 174.1296, 179.1801, 183.6584, 187.9893, 192.3504, 196.7344, 201.3576, 205.1326, 209.4208, 213.7953, 218.8103, 223.8078, 228.8737, 233.5641, 238.0931, 243.0144, 247.829]
growth_rate:0.93
