ticker:STAA
price:[49.970001220703125, 51.0, 55.95000076293945, 55.099998474121094, 56.43000030517578, 58.06999969482422, 60.400001525878906, 75.08000183105469, 72.5, 79.7699966430664, 80.08999633789062, 82.2300033569336, 73.08000183105469, 75.37000274658203, 78.9000015258789, 76.4800033569336, 81.43000030517578, 79.22000122070312, 84.37000274658203, 88.05999755859375, 91.37000274658203, 102.58000183105469, 115.95999908447266, 124.05999755859375, 123.33999633789062, 104.01000213623047, 86.01000213623047, 90.37999725341797, 96.66999816894531, 100.23999786376953, 105.76000213623047, 115.94999694824219, 118.20999908447266, 133.8000030517578, 137.00999450683594, 137.7899932861328, 110.68000030517578, 127.33999633789062, 146.02999877929688, 137.36000061035156, 147.00999450683594, 145.47999572753906, 152.7899932861328, 144.72999572753906, 143.22000122070312, 129.47999572753906, 131.8800048828125, 127.91999816894531, 149.00999450683594, 139.24000549316406, 129.7100067138672, 143.39999389648438]
assets:[0, 100.0008, 209.70619785957336, 306.52129151153565, 413.91969523849485, 525.9516012359619, 647.0531363464355, 904.3160980545044, 973.24, 1170.8321027282716, 1275.5292996765136, 1409.6113865455627, 1352.761989894104, 1495.152429485321, 1665.1766422035219, 1714.1004272369387, 1925.0377792144775, 1972.7919243988038, 2201.0446316528323, 2397.310149536133, 2587.4248747779848, 3004.8657356369017, 3496.8085603919985, 3841.071208410645, 3918.783031646729, 3404.621805926514, 2915.4208354103084, 3163.5439298622127, 3483.706391014099, 3712.3582488853453, 4016.786033134461, 4503.799351461792, 4691.589369664001, 5410.336923400879, 5640.139732868957, 5772.243282745361, 4736.561681060028, 5549.527976403809, 6464.047101965332, 6180.26597946167, 6714.44628310852, 6744.5689859252925, 7183.46737134552, 6904.5181221771245, 6932.478227087403, 6367.39890589447, 6585.428043823243, 6487.680171134949, 7657.2957957183835, 7255.239726226807, 6858.676025009156, 7682.568633007812]
shares:[0, 1.9608, 3.7481, 5.563, 7.3351, 9.0572, 10.7128, 12.0447, 13.424, 14.6776, 15.9262, 17.1423, 18.5107, 19.8375, 21.1049, 22.4124, 23.6404, 24.9027, 26.088, 27.2236, 28.3181, 29.2929, 30.1553, 30.9614, 31.7722, 32.7336, 33.8963, 35.0027, 36.0371, 37.0347, 37.9802, 38.8426, 39.6886, 40.436, 41.1659, 41.8916, 42.7951, 43.5804, 44.2652, 44.9932, 45.6734, 46.3608, 47.0153, 47.7062, 48.4044, 49.1767, 49.935, 50.7167, 51.3878, 52.106, 52.877, 53.5744]
growth_rate:50.64
