ticker:STAF
price:[3.5999999046325684, 3.4800000190734863, 3.7200000286102295, 3.359999895095825, 3.7200000286102295, 3.7200000286102295, 8.100000381469727, 8.640000343322754, 6.599999904632568, 6.71999979019165, 6.059999942779541, 6.239999771118164, 7.019999980926514, 6.420000076293945, 6.300000190734863, 6.360000133514404, 3.7799999713897705, 4.019999980926514, 5.159999847412109, 5.340000152587891, 5.519999980926514, 4.980000019073486, 6.659999847412109, 6.960000038146973, 6.960000038146973, 5.460000038146973, 4.679999828338623, 5.760000228881836, 5.579999923706055, 4.980000019073486, 5.21999979019165, 4.920000076293945, 3.9600000381469727, 3.6600000858306885, 3.7200000286102295, 3.5399999618530273, 3.299999952316284, 3.5399999618530273, 3.4200000762939453, 3.7200000286102295, 3.9000000953674316, 3.5999999046325684, 3.9000000953674316, 4.989999771118164, 3.490000009536743, 3.0399999618530273, 2.7899999618530273, 2.819999933242798, 2.380000114440918, 2.2899999618530273, 2.0399999618530273, 2.119999885559082]
assets:[0, 99.99988854808808, 206.8963575912237, 286.8741030433655, 417.61055121181016, 517.6104759809017, 1227.0552877882005, 1408.8591919830321, 1176.2117230041981, 1297.5976874870778, 1270.1553840067863, 1407.8824763591765, 1683.8677394248962, 1639.9472894887924, 1709.2940017495157, 1825.573166323948, 1185.0103350308418, 1360.249001546097, 1845.9909774116516, 2010.386169445801, 2178.1516964737416, 2065.0715479092596, 2861.7220144348144, 3090.6283849393844, 3190.6282734874726, 2602.9927741861343, 2331.1364624944213, 2969.0911899810794, 2976.306673305702, 2756.273638556576, 2989.106033858347, 2917.318473238564, 2448.085487582588, 2362.624483405924, 2501.355919237733, 2480.322567272091, 2412.164995145154, 2687.595229038525, 2696.4905101537706, 3033.0246473267557, 3279.783860201168, 3127.4927171497347, 3488.1171852955817, 4563.000999703789, 3291.357584993935, 2966.970346769428, 2822.976087402153, 2953.330658086491, 2592.5274606601715, 2594.4904937808037, 2411.249150910854, 2605.807823334408]
shares:[0, 28.7356, 55.6173, 85.3792, 112.2609, 139.1426, 151.4883, 163.0624, 178.2139, 193.0949, 209.5966, 225.6222, 239.8672, 255.4435, 271.3165, 287.0398, 313.4948, 338.3704, 357.7502, 376.4768, 394.5927, 414.673, 429.688, 444.0558, 458.4236, 476.7386, 498.1061, 515.4672, 533.3883, 553.4686, 572.6257, 592.9509, 618.2034, 645.5258, 672.4075, 700.6561, 730.9591, 759.2077, 788.4475, 815.3292, 840.9702, 868.748, 894.389, 914.4291, 943.0824, 975.9771, 1011.8194, 1047.2804, 1089.2972, 1132.9653, 1181.9849, 1229.1547]
growth_rate:-48.91
