ticker:STBA
price:[20.6200008392334, 19.280000686645508, 19.170000076293945, 17.290000915527344, 18.360000610351562, 19.799999237060547, 19.920000076293945, 21.43000030517578, 19.790000915527344, 19.100000381469727, 22.670000076293945, 23.18000030517578, 23.43000030517578, 24.020000457763672, 23.739999771118164, 24.079999923706055, 24.350000381469727, 24.84000015258789, 27.3700008392334, 28.290000915527344, 28.290000915527344, 25.399999618530273, 27.579999923706055, 27.84000015258789, 28.200000762939453, 28.8799991607666, 32.099998474121094, 35.0, 34.04999923706055, 34.290000915527344, 33.4900016784668, 33.290000915527344, 33.18000030517578, 33.349998474121094, 32.95000076293945, 34.040000915527344, 33.90999984741211, 34.45000076293945, 33.93000030517578, 33.900001525878906, 33.38999938964844, 30.860000610351562, 32.47999954223633, 30.8700008392334, 30.530000686645508, 29.8700008392334, 29.260000228881836, 29.450000762939453, 30.049999237060547, 30.5, 30.010000228881836, 30.469999313354492]
assets:[0, 99.99957956142426, 199.42934479370118, 279.8715158195496, 397.19107320404055, 528.3431796417236, 631.5456744188309, 779.4198260993958, 819.7730819244384, 891.1907377990723, 1157.7637048963547, 1283.8104089019776, 1397.6557502044677, 1532.8507412124634, 1614.9823304296494, 1738.1112504930497, 1857.6006541013717, 1994.982384254837, 2298.1741234678266, 2475.423173110199, 2575.4226683464053, 2412.326863770485, 2719.3686864774704, 2845.0058075931547, 2981.794760671234, 3153.695908355713, 3605.3209586204525, 4031.0339999999997, 4021.6215748897553, 4149.967934802246, 4153.148692149353, 4228.346111286163, 4314.375531681824, 4436.480262015533, 4483.269363807679, 4731.5771472587585, 4813.507523340225, 4990.161845513535, 5014.837080104828, 5110.40489002533, 5133.522083161926, 4844.547937815857, 5198.862406728745, 5041.160660049248, 5085.63866638031, 5075.695736607742, 5072.039627675247, 5204.975464841461, 5411.0192226196295, 5592.04995, 5602.209823727227, 5788.08106956482]
shares:[0, 5.1867, 10.4032, 16.1869, 21.6335, 26.684, 31.7041, 36.3705, 41.4236, 46.6592, 51.0703, 55.3844, 59.6524, 63.8156, 68.0279, 72.1807, 76.2875, 80.3133, 83.9669, 87.5017, 91.0365, 94.9735, 98.5993, 102.1913, 105.7374, 109.2, 112.3153, 115.1724, 118.1093, 121.0256, 124.0116, 127.0155, 130.0294, 133.0279, 136.0628, 139.0005, 141.9495, 144.8523, 147.7995, 150.7494, 153.7443, 156.9847, 160.0635, 163.3029, 166.5784, 169.9262, 173.3438, 176.7394, 180.0672, 183.3459, 186.6781, 189.96]
growth_rate:13.49
