ticker:STCN
price:[0.6299999952316284, 0.5899999737739563, 0.5799999833106995, 0.550000011920929, 0.6000000238418579, 0.6800000071525574, 0.6000000238418579, 0.6000000238418579, 0.5799999833106995, 0.5299999713897705, 0.5299999713897705, 0.6800000071525574, 0.9300000071525574, 0.9200000166893005, 0.9599999785423279, 0.800000011920929, 0.7699999809265137, 0.7900000214576721, 0.8700000047683716, 1.090000033378601, 2.4700000286102295, 1.7899999618530273, 1.9500000476837158, 2.0, 1.9700000286102295, 1.7200000286102295, 1.6799999475479126, 1.7400000095367432, 1.850000023841858, 1.7999999523162842, 2.069999933242798, 1.899999976158142, 1.809999942779541, 2.049999952316284, 1.9600000381469727, 1.9800000190734863, 1.899999976158142, 1.9900000095367432, 2.0, 2.140000104904175, 2.180000066757202, 2.069999933242798, 2.190000057220459, 2.0299999713897705, 2.0199999809265137, 1.9600000381469727, 2.0299999713897705, 1.899999976158142, 1.7999999523162842, 1.7799999713897705, 1.7100000381469727, 1.809999942779541]
assets:[0, 99.99998055490852, 198.3050682938397, 288.0479312432706, 414.2341364601851, 569.465325989902, 602.4694439399838, 702.4694679136277, 779.053773582995, 811.8939711726905, 911.8939947745323, 1269.9772613582134, 1836.8806791273057, 1917.1293387777687, 2100.4827370505513, 1850.4023475731433, 1881.0121634058953, 2029.8697421345294, 2335.4260988002065, 3025.9936736636996, 6957.068029584336, 5141.7616444231035, 5701.360804416442, 5947.5494, 5958.336203532672, 5302.202120196056, 5278.894827185082, 5567.427048514438, 6019.390957574844, 5956.704562201214, 6950.210247856712, 6479.420198693991, 6272.500139704227, 7204.212947427488, 6987.930708004284, 7159.23615296545, 6969.973972538352, 7400.130848463893, 7537.3174, 8164.930078250099, 8417.545531766867, 8092.806534008145, 8661.95524032011, 8129.118036430574, 8189.07325667615, 8045.833672593975, 8433.184627145147, 7993.128519699455, 7672.437516749811, 7687.18833244257, 7484.883403974057, 8022.595419377566]
shares:[0, 169.4915, 341.9053, 523.7235, 690.3902, 837.449, 1004.1157, 1170.7824, 1343.1962, 1531.8755, 1720.5548, 1867.6136, 1975.1405, 2083.8362, 2188.0029, 2313.0029, 2442.873, 2569.4553, 2684.3978, 2776.1409, 2816.6267, 2872.4926, 2923.7747, 2973.7747, 3024.5361, 3082.6756, 3142.1994, 3199.6707, 3253.7248, 3309.2804, 3357.5896, 3410.2212, 3465.4698, 3514.2503, 3565.2707, 3615.7758, 3668.4074, 3718.6587, 3768.6587, 3815.3877, 3861.2593, 3909.5685, 3955.2306, 4004.4917, 4053.9967, 4105.0171, 4154.2782, 4206.9098, 4262.4654, 4318.6452, 4377.1247, 4432.3733]
growth_rate:57.31
