ticker:STEP
price:[25.0, 25.0, 25.40999984741211, 27.06999969482422, 26.25, 26.549999237060547, 25.709999084472656, 27.68000030517578, 29.329999923706055, 25.420000076293945, 26.299999237060547, 29.65999984741211, 32.5, 34.310001373291016, 36.880001068115234, 39.79999923706055, 36.599998474121094, 37.459999084472656, 37.279998779296875, 35.119998931884766, 37.27000045776367, 38.38999938964844, 35.04999923706055, 36.0099983215332, 31.65999984741211, 30.469999313354492, 33.81999969482422, 32.150001525878906, 36.93000030517578, 35.81999969482422, 33.810001373291016, 33.5, 33.29999923706055, 33.06999969482422, 31.18000030517578, 32.380001068115234, 31.700000762939453, 31.489999771118164, 31.760000228881836, 34.16999816894531, 34.5, 35.09000015258789, 39.0, 38.90999984741211, 45.2599983215332, 45.5099983215332, 47.22999954223633, 46.2599983215332, 45.689998626708984, 47.27000045776367, 47.959999084472656, 47.869998931884766]
assets:[0, 100.0, 201.6410537891388, 314.81326845092775, 405.276375, 509.90866534729, 593.7749998558044, 739.2719121505737, 883.3404067022324, 865.5815065979004, 995.5470211200713, 1222.7334937095643, 1439.81175, 1619.9981798419954, 1841.3446933288574, 2087.1358399909973, 2019.3243958129883, 2166.772505043793, 2256.3607421173097, 2225.6280843112945, 2461.8773342376708, 2635.8573580932616, 2506.534100439834, 2675.1863763065335, 2452.0258301822664, 2459.861326566696, 2830.3078424606324, 2790.5494024429318, 3305.4418353149413, 3306.0892578330995, 3220.5716808128354, 3291.04335, 3371.3951527576446, 3448.1096581802367, 3351.0455887985227, 3580.0138680934906, 3604.832156759262, 3680.951096245384, 3812.5117154752734, 4201.809500839233, 4342.3908, 4516.651477640533, 5119.9317, 5208.115152576065, 6158.066319628143, 6292.080388940049, 6629.8828477417, 6593.719746757889, 6612.4759132507315, 6941.141048218155, 7142.462047654724, 7229.059166699219]
shares:[0, 4.0, 7.9355, 11.6296, 15.4391, 19.2056, 23.0951, 26.7078, 30.1173, 34.0512, 37.8535, 41.225, 44.3019, 47.2165, 49.928, 52.4406, 55.1728, 57.8423, 60.5247, 63.3721, 66.0552, 68.66, 71.5131, 74.2901, 77.4487, 80.7306, 83.6874, 86.7978, 89.5056, 92.2973, 95.255, 98.2401, 101.2431, 104.267, 107.4742, 110.5625, 113.7171, 116.8927, 120.0413, 122.9678, 125.8664, 128.7162, 131.2803, 133.8503, 136.0598, 138.2571, 140.3744, 142.5361, 144.7248, 146.8403, 148.9254, 151.0144]
growth_rate:41.75
