ticker:STFC
price:[15.920000076293945, 14.680000305175781, 14.359999656677246, 13.5600004196167, 13.430000305175781, 13.720000267028809, 13.760000228881836, 13.720000267028809, 12.34000015258789, 12.180000305175781, 15.25, 15.670000076293945, 15.4399995803833, 16.760000228881836, 17.1200008392334, 18.09000015258789, 18.260000228881836, 17.739999771118164, 18.34000015258789, 18.610000610351562, 18.229999542236328, 16.540000915527344, 16.780000686645508, 17.280000686645508, 17.530000686645508, 18.739999771118164, 18.59000015258789, 20.860000610351562, 20.020000457763672, 20.030000686645508, 19.729999542236328, 19.950000762939453, 20.510000228881836, 19.190000534057617, 18.8799991607666, 18.489999771118164, 18.829999923706055, 19.06999969482422, 18.899999618530273, 18.5, 17.950000762939453, 16.56999969482422, 17.739999771118164, 17.40999984741211, 17.260000228881836, 50.2599983215332, 50.880001068115234, 50.0, 50.029998779296875, 49.93000030517578, 49.86000061035156, 50.119998931884766]
assets:[0, 100.00016207885743, 197.82048327045442, 286.79943287506103, 384.0496607269287, 492.3422095823288, 593.7770338768005, 692.0505334692002, 722.4416069332123, 813.0747023719788, 1118.012575, 1248.803419080162, 1330.4740278413772, 1544.2194930885316, 1677.3885782266618, 1872.427173793793, 1990.0241269441603, 2033.3534517656326, 2202.126000321579, 2334.5464145660403, 2386.8775390644073, 2265.603013406372, 2398.477924146843, 2569.9456381204604, 2707.1264520374298, 2993.9848194328306, 3070.0195491989134, 3544.8963537216187, 3502.1487300777435, 3603.897873544693, 3649.9196973167423, 3790.6178499629973, 3997.0216606048584, 3839.777100860977, 3877.7479236305235, 3897.6457267522815, 4069.317389512253, 4221.182572448731, 4283.552613542557, 4292.895399999999, 4265.268411289216, 4037.3533336425785, 4422.429378941727, 4440.162793084717, 4501.9068736989975, 13209.262394867706, 13472.210202819824, 13339.199999999999, 13447.203155895997, 13520.325090637207, 13601.369398498535, 13772.29407449646]
shares:[0, 6.812, 13.7758, 21.1504, 28.5964, 35.885, 43.1524, 50.441, 58.5447, 66.7549, 73.3123, 79.6939, 86.1706, 92.1372, 97.9783, 103.5062, 108.9827, 114.6197, 120.0723, 125.4458, 130.9313, 136.9772, 142.9367, 148.7237, 154.4282, 159.7644, 165.1436, 169.9375, 174.9325, 179.925, 184.9934, 190.0059, 194.8816, 200.0926, 205.3892, 210.7975, 216.1082, 221.352, 226.643, 232.0484, 237.6194, 243.6544, 249.2914, 255.0352, 260.8289, 262.8186, 264.784, 266.784, 268.7828, 270.7856, 272.7912, 274.7864]
growth_rate:170.04
