ticker:STIM
price:[4.190000057220459, 4.150000095367432, 4.199999809265137, 4.340000152587891, 5.260000228881836, 6.489999771118164, 6.25, 5.610000133514404, 4.949999809265137, 6.849999904632568, 7.139999866485596, 7.880000114440918, 8.449999809265137, 8.329999923706055, 9.369999885559082, 8.84000015258789, 10.649999618530273, 11.109999656677246, 12.890000343322754, 14.050000190734863, 21.270000457763672, 17.6299991607666, 18.6200008392334, 18.540000915527344, 17.6299991607666, 15.529999732971191, 14.010000228881836, 14.710000038146973, 13.359999656677246, 12.390000343322754, 12.510000228881836, 12.789999961853027, 11.5, 11.5, 10.5, 13.84000015258789, 12.779999732971191, 14.729999542236328, 13.569999694824219, 14.3100004196167, 15.630000114440918, 16.850000381469727, 17.15999984741211, 14.670000076293945, 14.6899995803833, 13.600000381469727, 13.5, 13.260000228881836, 8.619999885559082, 8.460000038146973, 7.599999904632568, 6.710000038146973]
assets:[0, 100.00006229801177, 201.20477086267474, 307.91172682571414, 473.1833085899353, 683.8324548833847, 758.544375, 780.8693825841904, 789.0022495979308, 1191.851348406744, 1342.3092648994923, 1581.428554967022, 1795.8209994644164, 1870.318222869873, 2203.8277210834503, 2179.1714216148375, 2725.3593973810193, 2943.074461052704, 3514.602961610794, 3930.889383363533, 6050.891857224655, 5115.384805494499, 5502.636646012687, 5578.9940394973755, 5405.160286700439, 4861.324756412507, 4485.522931280136, 4809.638981472684, 4468.237189176082, 4243.821678594875, 4384.923965226174, 4583.067545330716, 4220.8197, 4320.82025, 4045.09665, 5431.8222278865815, 5115.800665109062, 5996.3810126506805, 5624.161008518218, 6030.858092844773, 6687.164256962586, 7309.1308204725265, 7543.601140921783, 6548.987302059173, 6657.916191818046, 6263.897695697593, 6317.839349999999, 6305.522604840088, 4199.064854252339, 4221.123787033463, 3892.0260711615088, 3536.2491981039047]
shares:[0, 24.0964, 47.9059, 70.9474, 89.9588, 105.3671, 121.3671, 139.1924, 159.3944, 173.9929, 187.9985, 200.6889, 212.5232, 224.528, 235.2004, 246.5126, 255.9023, 264.9032, 272.6612, 279.7786, 284.4801, 290.1523, 295.5229, 300.9166, 306.5888, 313.028, 320.1658, 326.9639, 334.4489, 342.5199, 350.5135, 358.3321, 367.0278, 375.7235, 385.2473, 392.4727, 400.2974, 407.0863, 414.4555, 421.4436, 427.8416, 433.7763, 439.6038, 446.4204, 453.2278, 460.5807, 467.9881, 475.5296, 487.1305, 498.9508, 512.1087, 527.0118]
growth_rate:-30.66
