ticker:STKL
price:[6.78000020980835, 6.880000114440918, 7.170000076293945, 7.340000152587891, 7.599999904632568, 7.929999828338623, 7.78000020980835, 7.829999923706055, 6.860000133514404, 7.210000038146973, 8.859999656677246, 9.029999732971191, 9.25, 9.949999809265137, 10.319999694824219, 9.90999984741211, 10.699999809265137, 11.670000076293945, 12.479999542236328, 12.079999923706055, 13.069999694824219, 14.180000305175781, 15.819999694824219, 16.15999984741211, 16.200000762939453, 15.539999961853027, 14.079999923706055, 14.220000267028809, 15.649999618530273, 14.869999885559082, 14.84000015258789, 14.890000343322754, 14.760000228881836, 13.300000190734863, 12.390000343322754, 11.390000343322754, 12.319999694824219, 13.25, 12.5, 12.960000038146973, 13.25, 12.270000457763672, 12.109999656677246, 12.260000228881836, 12.329999923706055, 10.970000267028809, 10.609999656677246, 10.5, 10.4399995803833, 10.229999542236328, 9.539999961853027, 9.930000305175781]
assets:[0, 100.0001136633873, 204.21522517299653, 309.05731242485047, 420.00487472963334, 538.2416013486385, 628.0607449373244, 732.0971628665924, 741.4034324297428, 879.2299436518668, 1180.4407902582168, 1303.090365465927, 1434.8378, 1643.4205734967231, 1804.5324426376342, 1832.8405977790833, 2078.950042941284, 2367.4158934772495, 2631.7348794685367, 2647.383927279854, 2964.3465087844847, 3316.1008393676757, 3799.6269607032773, 3981.28745040741, 4091.1417126724245, 4024.4652741209034, 3746.3627316999437, 3883.612896928024, 4374.159243379593, 4256.149360244274, 4347.562060702515, 4462.209989886379, 4523.2522541416165, 4175.830319885445, 3990.1153585647585, 3768.0718055789944, 4175.737000563812, 4590.951425, 4431.08625, 4694.149597816944, 4899.188824999999, 4636.834399988938, 4676.3696144232745, 4834.293408251381, 4961.89528729744, 4514.598297893142, 4466.443810472965, 4520.137650000001, 4594.3076473402025, 4601.893684078217, 4391.502390439987, 4671.029444553375]
shares:[0, 14.5349, 28.4819, 42.1059, 55.2638, 67.8741, 80.7276, 93.499, 108.0763, 121.9459, 133.2326, 144.3068, 155.1176, 165.1679, 174.8578, 184.9486, 194.2944, 202.8634, 210.8762, 219.1543, 226.8054, 233.8576, 240.1787, 246.3668, 252.5396, 258.9746, 266.0769, 273.1092, 279.499, 286.2239, 292.9624, 299.6783, 306.4534, 313.9722, 322.0432, 330.8228, 338.9397, 346.4869, 354.4869, 362.2029, 369.7501, 377.9001, 386.1577, 394.3143, 402.4246, 411.5404, 420.9655, 430.4893, 440.0678, 449.843, 460.3252, 470.3957]
growth_rate:-8.41
