ticker:STKS
price:[1.8899999856948853, 2.0, 2.0999999046325684, 1.940000057220459, 2.25, 2.5299999713897705, 2.509999990463257, 2.4200000762939453, 1.9800000190734863, 2.809999942779541, 2.9000000953674316, 3.0799999237060547, 3.2100000381469727, 3.130000114440918, 3.0199999809265137, 3.200000047683716, 3.559999942779541, 3.700000047683716, 3.559999942779541, 4.019999980926514, 4.0, 3.7799999713897705, 4.130000114440918, 4.570000171661377, 5.010000228881836, 4.909999847412109, 5.460000038146973, 6.010000228881836, 8.569999694824219, 8.1899995803833, 7.980000019073486, 8.800000190734863, 9.039999961853027, 8.989999771118164, 9.300000190734863, 9.630000114440918, 10.609999656677246, 10.399999618530273, 10.720000267028809, 10.800000190734863, 12.720000267028809, 10.779999732971191, 10.930000305175781, 10.869999885559082, 10.199999809265137, 8.819999694824219, 9.329999923706055, 9.149999618530273, 9.470000267028809, 11.0, 10.4399995803833, 11.289999961853027]
assets:[0, 100.0, 204.99989069032668, 289.38088453531265, 435.62205, 589.8328083299399, 685.170008396697, 760.602151979065, 722.3109369580745, 1125.0978440894603, 1261.1331914727687, 1439.4102443447114, 1600.1644750160217, 1660.2850857043265, 1701.9363912510396, 1903.3763483625175, 2217.5061643576623, 2404.711430990696, 2413.722325203848, 2825.6077365934852, 2911.55, 2851.414628418088, 3215.4347170986175, 3657.9990554041865, 4110.191662774087, 4128.1516027095795, 4690.5719187712675, 5263.065380435944, 7604.902891191102, 7367.695776514244, 7278.780659397458, 8126.725376142025, 8448.362700349617, 8501.635114551735, 8894.79546242447, 9310.417004643059, 10357.894393834971, 10252.88434392643, 10668.35880974245, 10847.973791582108, 12876.502062314225, 11012.63212720871, 11265.86937755356, 11304.024849989604, 10707.272319779397, 9358.641486186982, 9999.78755622902, 9906.865626976012, 10353.336322936535, 12126.050199999998, 11608.723081408596, 12653.878246244718]
shares:[0, 50.0, 97.619, 149.1654, 193.6098, 233.1355, 272.9761, 314.2984, 364.8035, 400.3907, 434.8735, 467.341, 498.4936, 530.4425, 563.5551, 594.8051, 622.895, 649.922, 678.0119, 702.8875, 727.8875, 754.3425, 778.5556, 800.4374, 820.3975, 840.7641, 859.0791, 875.718, 887.3866, 899.5966, 912.1279, 923.4915, 934.5534, 945.6769, 956.4296, 966.8138, 976.2389, 985.8543, 995.1827, 1004.442, 1012.3036, 1021.58, 1030.7291, 1039.9287, 1049.7326, 1061.0705, 1071.7886, 1082.7176, 1093.2773, 1102.3682, 1111.9467, 1120.8041]
growth_rate:148.12
