ticker:STLD
price:[30.65999984741211, 29.329999923706055, 32.029998779296875, 28.860000610351562, 29.700000762939453, 32.58000183105469, 33.38999938964844, 32.58000183105469, 31.479999542236328, 32.040000915527344, 34.619998931884766, 35.25, 37.650001525878906, 38.84000015258789, 39.130001068115234, 36.119998931884766, 36.380001068115234, 36.869998931884766, 39.4900016784668, 39.20000076293945, 38.70000076293945, 34.27000045776367, 37.630001068115234, 39.33000183105469, 40.84000015258789, 41.58000183105469, 45.720001220703125, 49.189998626708984, 47.189998626708984, 50.349998474121094, 50.970001220703125, 51.189998626708984, 51.5, 51.88999938964844, 54.220001220703125, 63.36000061035156, 63.7599983215332, 61.540000915527344, 62.43000030517578, 64.86000061035156, 65.01000213623047, 57.83000183105469, 60.2400016784668, 60.720001220703125, 61.5, 59.880001068115234, 59.08000183105469, 64.44999694824219, 62.84000015258789, 73.12000274658203, 66.9800033569336, 70.91000366210938]
assets:[0, 100.00063473987579, 209.20714002685548, 288.50188210144046, 396.89893019561765, 535.3871700897216, 648.6975691421509, 732.9620751937866, 808.2143602474213, 922.5918263626099, 1096.882736158371, 1216.8441, 1399.6915167266845, 1543.9327300655366, 1655.4612161884309, 1628.1161758544922, 1739.837171081543, 1863.269640021515, 2095.675154073715, 2180.284442434311, 2252.4754944057463, 2094.633832979202, 2400.0038381233217, 2608.428649438477, 2808.5749784934997, 2959.4649463256837, 3354.1290175537106, 3708.694703460312, 3657.904429550171, 4002.850053691864, 4152.138627441406, 4270.0598064456935, 4395.9164, 4529.208218725586, 4832.57991080017, 5747.2209193634035, 5883.504853118134, 5778.65531796875, 5962.227347145081, 6294.299843231201, 6408.855036595154, 5801.031577676392, 6142.78140315628, 6291.7275904876715, 6472.54905, 6402.052350197219, 6416.519482865905, 7099.740768821716, 7022.382585051728, 8271.173846687318, 7676.631768740845, 8227.049534881591]
shares:[0, 3.4095, 6.5316, 9.9966, 13.3636, 16.433, 19.4279, 22.4973, 25.6739, 28.795, 31.6835, 34.5204, 37.1764, 39.7511, 42.3067, 45.0752, 47.824, 50.5362, 53.0685, 55.6195, 58.2035, 61.1215, 63.779, 66.3216, 68.7702, 71.1752, 73.3624, 75.3953, 77.5144, 79.5005, 81.4624, 83.4159, 85.3576, 87.2848, 89.1291, 90.7074, 92.2758, 93.9008, 95.5026, 97.0444, 98.5826, 100.3118, 101.9718, 103.6187, 105.2447, 106.9147, 108.6073, 110.1589, 111.7502, 113.1178, 114.6108, 116.021]
growth_rate:61.31
