ticker:STMP
price:[220.92999267578125, 210.8300018310547, 225.8800048828125, 238.02999877929688, 254.63999938964844, 263.5299987792969, 267.29998779296875, 256.55999755859375, 223.24000549316406, 224.27000427246094, 185.22000122070312, 177.97999572753906, 183.83999633789062, 192.50999450683594, 196.61000061035156, 210.07000732421875, 221.7100067138672, 196.19000244140625, 210.6300048828125, 209.22000122070312, 231.1300048828125, 228.30999755859375, 256.6000061035156, 276.7300109863281, 204.88999938964844, 181.92999267578125, 176.50999450683594, 190.22999572753906, 193.9600067138672, 197.88999938964844, 204.33999633789062, 205.63999938964844, 205.6999969482422, 204.6300048828125, 205.3699951171875, 185.89999389648438, 174.97000122070312, 185.66000366210938, 187.67999267578125, 192.66000366210938, 198.9199981689453, 200.74000549316406, 204.24000549316406, 199.19000244140625, 324.2300109863281, 324.0199890136719, 325.8399963378906, 326.760009765625, 328.04998779296875, 326.8599853515625, 327.3699951171875, 327.8399963378906]
assets:[0, 99.99666986846924, 207.13196447753907, 318.2699113677978, 440.47627094421387, 555.8638264251709, 663.8127896850586, 737.1481849853516, 741.4023822433471, 844.8251060943603, 797.7240232574462, 866.5490031982422, 995.0891321777343, 1142.0270404129028, 1266.3453529312135, 1453.0332336608888, 1633.537158467102, 1545.506363232422, 1759.266052783203, 1847.4962987792967, 2140.9803482299803, 2214.858117315674, 2589.299341589355, 2892.437420831299, 2241.558060322571, 2090.375615844727, 2128.0927487716676, 2393.511852243042, 2540.4493759368897, 2691.917450697327, 2879.6613983917237, 2997.9844231018064, 3098.849884025574, 3182.7332439453126, 3294.2374066772463, 3081.924458813476, 3000.7180239349364, 3284.0469747772217, 3419.7734505432127, 3610.5062666290287, 3827.8175247650142, 3962.8485964416504, 4131.9387031311035, 4129.766482617188, 6822.188507165527, 6917.761961444091, 7056.619048690796, 7176.532066479493, 7304.853103179931, 7378.341193334961, 7489.865381286621, 7600.609691098023]
shares:[0, 0.4743, 0.917, 1.3371, 1.7298, 2.1093, 2.4834, 2.8732, 3.3211, 3.767, 4.3069, 4.8688, 5.4128, 5.9323, 6.4409, 6.9169, 7.3679, 7.8776, 8.3524, 8.8304, 9.2631, 9.7011, 10.0908, 10.4522, 10.9403, 11.49, 12.0565, 12.5822, 13.0978, 13.6031, 14.0925, 14.5788, 15.0649, 15.5536, 16.0405, 16.5784, 17.1499, 17.6885, 18.2213, 18.7403, 19.243, 19.7412, 20.2308, 20.7328, 21.0412, 21.3498, 21.6567, 21.9627, 22.2675, 22.5734, 22.8789, 23.1839]
growth_rate:49.03
