ticker:STNE
price:[50.0, 50.4900016784668, 51.5, 53.130001068115234, 52.7400016784668, 58.59000015258789, 57.900001525878906, 59.0, 52.540000915527344, 62.220001220703125, 64.44000244140625, 69.75, 73.27999877929688, 73.75, 75.11000061035156, 84.29000091552734, 85.16999816894531, 83.91999816894531, 80.08999633789062, 78.2300033569336, 79.0, 71.9000015258789, 85.70999908447266, 92.13999938964844, 92.33999633789062, 85.80999755859375, 76.66999816894531, 71.79000091552734, 66.91000366210938, 62.15999984741211, 64.22000122070312, 67.80999755859375, 68.2699966430664, 67.66999816894531, 64.63999938964844, 62.4900016784668, 59.209999084472656, 62.88999938964844, 65.97000122070312, 64.12999725341797, 63.31999969482422, 68.29000091552734, 67.44999694824219, 69.91000366210938, 64.30000305175781, 56.97999954223633, 59.459999084472656, 58.84000015258789, 56.86000061035156, 53.22999954223633, 50.08000183105469, 51.61000061035156]
assets:[0, 100.00049732437134, 201.99845, 308.3930911998749, 406.1296569252014, 551.1795674354554, 644.6875669898986, 756.9345999999999, 774.0560714881897, 1016.668597946167, 1152.941191680908, 1347.9466499999999, 1516.1631747436525, 1625.885125, 1755.8690172683716, 2070.4742954887392, 2192.0883788726806, 2259.915198690796, 2256.775916809082, 2304.3664478828427, 2427.0459, 2308.917559000397, 2852.3944855316163, 3166.3818650253293, 3273.2589561859127, 3141.7871836120607, 2907.142322570801, 2822.108009989929, 2730.2693904327393, 2636.4480175281524, 2823.8176736755368, 3081.6728060485843, 3202.5796775245667, 3274.4361723983766, 3227.8177615219115, 3220.4597305007937, 3151.422596271515, 3447.2901605438233, 3716.116556762695, 3712.46630200119, 3765.5770618515016, 4161.135112786103, 4209.952264521789, 4463.495066812134, 4205.316649589538, 3826.5773392581937, 4093.125254976654, 4150.444162763214, 4110.779034126282, 3948.340539045334, 3814.6888914749143, 4031.2313426742553]
shares:[0, 1.9806, 3.9223, 5.8045, 7.7006, 9.4074, 11.1345, 12.8294, 14.7327, 16.3399, 17.8917, 19.3254, 20.69, 22.0459, 23.3773, 24.5637, 25.7378, 26.9294, 28.178, 29.4563, 30.7221, 32.1129, 33.2796, 34.3649, 35.4479, 36.6133, 37.9176, 39.3106, 40.8051, 42.4139, 43.971, 45.4457, 46.9105, 48.3883, 49.9353, 51.5356, 53.2245, 54.8146, 56.3304, 57.8897, 59.469, 60.9333, 62.4159, 63.8463, 65.4015, 67.1565, 68.8383, 70.5378, 72.2965, 74.1751, 76.1719, 78.1095]
growth_rate:-20.96
