ticker:STOK
price:[28.780000686645508, 31.90999984741211, 37.47999954223633, 34.540000915527344, 33.619998931884766, 38.88999938964844, 39.31999969482422, 40.16999816894531, 38.38999938964844, 39.869998931884766, 44.9900016784668, 46.029998779296875, 51.16999816894531, 49.16999816894531, 51.79999923706055, 60.56999969482422, 58.279998779296875, 61.93000030517578, 61.15999984741211, 66.56999969482422, 67.31999969482422, 61.08000183105469, 63.06999969482422, 59.93000030517578, 60.86000061035156, 59.88999938964844, 54.0099983215332, 51.2599983215332, 47.900001525878906, 37.79999923706055, 39.33000183105469, 34.349998474121094, 30.90999984741211, 31.579999923706055, 32.29999923706055, 32.459999084472656, 35.68000030517578, 37.119998931884766, 39.65999984741211, 37.29999923706055, 37.709999084472656, 38.72999954223633, 34.2599983215332, 33.779998779296875, 34.27000045776367, 33.349998474121094, 30.65999984741211, 28.6299991607666, 26.15999984741211, 25.729999542236328, 24.899999618530273, 27.06999969482422]
assets:[0, 99.99955752182007, 217.45520934410095, 300.3978419624329, 392.395817533493, 553.9063723068238, 660.0294468772888, 774.2967997055055, 839.9847036453247, 972.3694689502717, 1197.2379326660157, 1324.9136758636475, 1572.863403717041, 1611.3893459930418, 1797.5791135242462, 2201.9193699058533, 2218.6729295288087, 2457.623939110565, 2527.070033695221, 2850.6072709320065, 2982.720298478699, 2806.2473881256105, 2997.672936495209, 2948.4301620140072, 3094.183291030884, 3144.865790950012, 2936.1023307548526, 2886.6042854804996, 2797.393619112396, 2307.5463134254455, 2500.94762043457, 2284.2748985290527, 2155.5150213592533, 2302.238838438034, 2454.72888201828, 2566.8880376014713, 2921.521240988159, 3139.43133366394, 3454.2511427101135, 3348.704411505127, 3485.512589378357, 3679.7914785072326, 3355.0919136272432, 3408.0843448425294, 3557.520769519806, 3562.016622025299, 3374.7063252048492, 3251.2656496953964, 3070.7680380886077, 3120.292482486725, 3119.638782206917, 3491.5102166381835]
shares:[0, 3.1338, 5.8019, 8.6971, 11.6715, 14.2429, 16.7861, 19.2755, 21.8803, 24.3885, 26.6112, 28.7837, 30.738, 32.7718, 34.7023, 36.3533, 38.0692, 39.6839, 41.319, 42.8212, 44.3066, 45.9438, 47.5293, 49.1979, 50.841, 52.5107, 54.3622, 56.313, 58.4007, 61.0462, 63.5888, 66.5, 69.7352, 72.9018, 75.9978, 79.0785, 81.8812, 84.5752, 87.0966, 89.7776, 92.4294, 95.0114, 97.9303, 100.8906, 103.8086, 106.8071, 110.0687, 113.5615, 117.3841, 121.2706, 125.2867, 128.9808]
growth_rate:-31.54
