ticker:STRA
price:[94.88999938964844, 88.52999877929688, 91.30999755859375, 94.97000122070312, 91.11000061035156, 96.43000030517578, 96.7300033569336, 96.16000366210938, 83.05999755859375, 87.55000305175781, 87.91999816894531, 89.12000274658203, 93.18000030517578, 93.19999694824219, 94.77999877929688, 97.58000183105469, 97.08999633789062, 95.33000183105469, 90.75, 93.05000305175781, 88.8499984741211, 88.37000274658203, 90.41000366210938, 94.41000366210938, 94.22000122070312, 90.91999816894531, 80.5999984741211, 88.83999633789062, 87.5199966430664, 93.11000061035156, 92.88999938964844, 90.5, 89.26000213623047, 85.43000030517578, 75.05999755859375, 77.30999755859375, 76.61000061035156, 74.0999984741211, 70.83999633789062, 72.93000030517578, 79.44000244140625, 78.41000366210938, 79.01000213623047, 76.1500015258789, 72.95999908447266, 70.69000244140625, 70.80999755859375, 79.29000091552734, 76.13999938964844, 76.26000213623047, 76.23999786376953, 76.91000366210938]
assets:[0, 100.00348662109374, 203.14648256835937, 311.2926700012207, 398.64269667053225, 521.9177336517334, 623.5409476394653, 719.863403414917, 721.7913787841796, 860.8091400054932, 964.4472119140624, 1077.612337210846, 1226.7053860176086, 1326.9722365493774, 1449.470521331787, 1592.290953878784, 1684.2978384704588, 1753.7669776855469, 1769.5070249999999, 1914.3549327850342, 1927.947231890106, 2017.5313477058412, 2164.108093658447, 2359.8535695373535, 2455.099993807983, 2469.1143902740478, 2288.854576668549, 2622.8498638824462, 2683.87946505661, 2955.3021083724975, 3048.315375970459, 3069.8867, 3127.822216857147, 3093.6082570510866, 2818.090078338623, 3002.5656851806643, 3075.378237501526, 3074.616416687012, 3039.3475388793945, 3229.0195215118406, 3617.2528471679684, 3670.348748422241, 3798.4374567001346, 3760.9419653610225, 3703.3911855285646, 3688.1660493774416, 3794.424529174805, 4348.8345382141115, 4276.06804972229, 4382.807216773223, 4481.653914424896, 4621.037587033081]
shares:[0, 1.1296, 2.2248, 3.2778, 4.3754, 5.4124, 6.4462, 7.4861, 8.69, 9.8322, 10.9696, 12.0917, 13.1649, 14.2379, 15.293, 16.3178, 17.3478, 18.3968, 19.4987, 20.5734, 21.6989, 22.8305, 23.9366, 24.9958, 26.0571, 27.157, 28.3977, 29.5233, 30.6659, 31.7399, 32.8164, 33.9214, 35.0417, 36.2122, 37.5445, 38.838, 40.1433, 41.4928, 42.9044, 44.2756, 45.5344, 46.8097, 48.0754, 49.3886, 50.7592, 52.1738, 53.586, 54.8472, 56.1606, 57.4719, 58.7835, 60.0837]
growth_rate:-9.39
