ticker:STRL
price:[14.119999885559082, 13.239999771118164, 13.680000305175781, 13.779999732971191, 14.029999732971191, 14.989999771118164, 16.450000762939453, 16.829999923706055, 14.699999809265137, 13.789999961853027, 15.329999923706055, 15.510000228881836, 16.31999969482422, 16.530000686645508, 16.56999969482422, 19.989999771118164, 19.260000228881836, 18.610000610351562, 21.920000076293945, 23.1200008392334, 23.68000030517578, 20.469999313354492, 22.020000457763672, 21.59000015258789, 20.829999923706055, 22.780000686645508, 21.030000686645508, 23.15999984741211, 21.190000534057617, 21.75, 23.139999389648438, 21.34000015258789, 20.829999923706055, 20.719999313354492, 20.850000381469727, 23.18000030517578, 22.5, 22.190000534057617, 22.5, 25.09000015258789, 24.239999771118164, 21.850000381469727, 23.350000381469727, 23.719999313354492, 22.68000030517578, 21.18000030517578, 21.170000076293945, 21.959999084472656, 22.170000076293945, 23.139999389648438, 21.950000762939453, 23.18000030517578]
assets:[0, 100.00039427127838, 203.3231085357666, 304.8094600934029, 410.3396111901283, 538.4168077789307, 690.8572620414734, 806.8167323425292, 804.7059195588112, 854.8903626351356, 1050.3610057725907, 1162.6947591579437, 1323.416519252777, 1440.4457488351823, 1543.9312625648497, 1962.594189528656, 1990.9235576597214, 2023.7333503723144, 2483.676296644592, 2719.6450027204514, 2885.5193331871033, 2594.365665974617, 2890.8120840957645, 2934.361690738678, 2931.068443264389, 3305.4601076347353, 3151.528563899803, 3570.7277164745333, 3366.999967859459, 3555.98145, 3883.2366835739135, 3681.1692323215484, 3693.194397472954, 3773.692034942627, 3897.369641305924, 4432.903852361298, 4402.86075, 4442.198454912567, 4604.256, 5234.258268832779, 5156.931479306602, 4748.472672901536, 5174.455819535255, 5356.450244941711, 5221.598326260376, 4976.253779701233, 5073.9049492856975, 5363.246656402588, 5514.534780977249, 5855.810559544373, 5654.6692015453345, 6071.537479934693]
shares:[0, 7.5529, 14.8628, 22.1197, 29.2473, 35.9184, 41.9974, 47.9392, 54.7419, 61.9935, 68.5167, 74.9642, 81.0917, 87.1413, 93.1763, 98.1788, 103.3709, 108.7444, 113.3064, 117.6317, 121.8547, 126.7399, 131.2812, 135.913, 140.7138, 145.1036, 149.8587, 154.1765, 158.8957, 163.4934, 167.8149, 172.5009, 177.3017, 182.128, 186.9242, 191.2383, 195.6827, 200.1892, 204.6336, 208.6193, 212.7447, 217.3214, 221.6041, 225.82, 230.2292, 234.9506, 239.6743, 244.228, 248.7386, 253.0601, 257.6159, 261.93]
growth_rate:19.05
