ticker:STRM
price:[1.399999976158142, 1.6200000047683716, 1.6200000047683716, 1.4600000381469727, 1.4500000476837158, 1.3899999856948853, 1.4700000286102295, 1.409999966621399, 1.3899999856948853, 1.5, 1.5299999713897705, 1.5499999523162842, 1.5199999809265137, 1.809999942779541, 1.6399999856948853, 1.6200000047683716, 1.6299999952316284, 1.559999942779541, 1.659999966621399, 1.600000023841858, 1.7000000476837158, 1.850000023841858, 2.2100000381469727, 2.0, 2.0199999809265137, 2.140000104904175, 1.840000033378601, 2.0799999237060547, 2.009999990463257, 1.9600000381469727, 2.25, 2.2100000381469727, 2.069999933242798, 2.25, 2.109999895095825, 2.059999942779541, 1.9199999570846558, 1.9700000286102295, 1.9500000476837158, 1.9299999475479126, 1.8200000524520874, 1.7899999618530273, 1.8700000047683716, 1.7699999809265137, 1.6200000047683716, 1.5099999904632568, 1.649999976158142, 1.6200000047683716, 1.5399999618530273, 1.5299999713897705, 1.600000023841858, 1.7200000286102295]
assets:[0, 100.00000829434394, 200.00001658868788, 280.2468613223076, 378.32734244141574, 462.672337238431, 589.3009614694118, 665.2478542517424, 755.8116582216024, 915.6241500000001, 1033.936648665905, 1147.452099700141, 1225.2434086252213, 1559.0068887143134, 1512.5808428063153, 1594.1347606922388, 1703.9751000152228, 1730.7982525146963, 1941.7469469561458, 1971.5633893785835, 2194.7860815620897, 2488.4437270697954, 3072.6815090377804, 2880.7072, 3009.5143435832024, 3288.297625194454, 2927.3211891031983, 3409.1454589532855, 3394.414618894696, 3409.9765103674886, 4014.513675, 4043.144681789017, 3887.017722644234, 4325.0193, 4155.906855378199, 4157.425758519506, 3974.8822151544573, 4178.394882682657, 4235.974768583083, 4292.528709340882, 4147.877125541103, 4179.505278929901, 4466.298848388756, 4327.45932436738, 4060.725545952499, 3884.997284463429, 4345.195737213612, 4366.1922608516215, 4250.577764709949, 4322.976669162512, 4620.760068854689, 5067.317024289012]
shares:[0, 61.7284, 123.4568, 191.9499, 260.9154, 332.8578, 400.885, 471.807, 543.7494, 610.4161, 675.7756, 740.2917, 806.0812, 861.3298, 922.3054, 984.0338, 1045.3835, 1109.4861, 1169.7271, 1232.2271, 1291.0506, 1345.1047, 1390.3536, 1440.3536, 1489.8586, 1536.5876, 1590.9354, 1639.0123, 1688.7635, 1739.7839, 1784.2283, 1829.4772, 1877.7864, 1922.2308, 1969.6242, 2018.1679, 2070.2512, 2121.0126, 2172.2947, 2224.1082, 2279.0533, 2334.9192, 2388.3951, 2444.8923, 2506.6207, 2572.8459, 2633.452, 2695.1804, 2760.1155, 2825.475, 2887.975, 2946.1145]
growth_rate:-0.64
