ticker:STRO
price:[12.539999961853027, 10.199999809265137, 11.859999656677246, 10.300000190734863, 10.15999984741211, 11.859999656677246, 11.819999694824219, 12.300000190734863, 12.859999656677246, 16.399999618530273, 17.229999542236328, 17.959999084472656, 17.100000381469727, 22.649999618530273, 21.1299991607666, 22.93000030517578, 22.079999923706055, 21.709999084472656, 26.0, 27.030000686645508, 27.540000915527344, 22.149999618530273, 26.360000610351562, 24.1299991607666, 24.440000534057617, 22.200000762939453, 21.110000610351562, 23.40999984741211, 24.959999084472656, 22.739999771118164, 23.469999313354492, 20.100000381469727, 20.010000228881836, 20.280000686645508, 20.510000228881836, 19.290000915527344, 19.68000030517578, 18.270000457763672, 18.610000610351562, 18.43000030517578, 18.56999969482422, 19.920000076293945, 19.5, 18.829999923706055, 18.260000228881836, 17.469999313354492, 17.059999465942383, 17.030000686645508, 18.459999084472656, 18.889999389648438, 19.149999618530273, 21.770000457763672]
assets:[0, 99.99977813005448, 216.27420973930361, 287.82629532995225, 383.9138822341919, 548.1513941321373, 646.302217313385, 772.5482519798279, 907.7205037666321, 1257.591330747986, 1421.2371882408142, 1581.4515553840638, 1605.7259458208084, 2226.8822774950027, 2177.44007451725, 2462.9296767791748, 2471.630775459671, 2530.2135532989505, 3130.1972, 3354.2014392070773, 3517.488782933807, 2929.0627895553584, 3585.782515026856, 3382.4322843601226, 3525.888001046944, 3302.729633503723, 3240.568750694275, 3693.6391399246213, 4038.1983798797605, 3779.0309439634325, 4000.346379964638, 3525.9460869174954, 3610.1582182943343, 3758.871763268852, 3901.50248753891, 3769.4282149017336, 3945.6373571846007, 3762.9477582824707, 3932.9761159896852, 3994.9347841506956, 4125.280864205933, 4525.18060133152, 4529.77005, 4474.132259872054, 4438.697461637306, 4346.661613157654, 4344.6512979921345, 4437.011705899239, 4909.584436508179, 5123.94633644104, 5294.4712495336535, 6118.8330726623535]
shares:[0, 9.8039, 18.2356, 27.9443, 37.7868, 46.2185, 54.6787, 62.8088, 70.5848, 76.6824, 82.4862, 88.0541, 93.9021, 98.3171, 103.0497, 107.4108, 111.9398, 116.546, 120.3922, 124.0918, 127.7229, 132.2376, 136.0312, 140.1754, 144.2671, 148.7716, 153.5087, 157.7804, 161.7868, 166.1843, 170.4451, 175.4202, 180.4177, 185.3487, 190.2244, 195.4084, 200.4897, 205.9632, 211.3367, 216.7626, 222.1476, 227.1677, 232.2959, 237.6066, 243.0831, 248.8072, 254.6689, 260.5409, 265.958, 271.2518, 276.4737, 281.0672]
growth_rate:19.98
