ticker:STRRP
price:[8.399999618530273, 8.585000038146973, 8.449999809265137, 8.479999542236328, 8.36299991607666, 8.6899995803833, 8.229999542236328, 7.877999782562256, 6.474999904632568, 7.400000095367432, 7.900000095367432, 7.800000190734863, 8.25, 7.949999809265137, 8.729999542236328, 8.25, 8.75, 9.37600040435791, 11.199999809265137, 10.744000434875488, 10.970000267028809, 10.710000038146973, 10.319999694824219, 10.324999809265137, 10.145000457763672, 9.550000190734863, 9.550000190734863, 9.824999809265137, 9.449999809265137, 9.5, 9.449999809265137, 9.390000343322754, 9.0, 8.989999771118164, 9.0, 9.0, 10.25, 10.489999771118164, 10.449999809265137, 10.449999809265137, 10.420000076293945, 10.369999885559082, 9.600000381469727, 9.79800033569336, 10.184000015258789, 10.0, 10.199999809265137, 10.100000381469727, 10.100000381469727, 9.979999542236328, 10.0, 10.053000450134277]
assets:[0, 99.99979744434356, 198.4271205210686, 299.13198385238644, 395.00455723609923, 510.449706351757, 583.4296055488587, 658.4763094256401, 641.2075855559349, 832.808590732813, 989.0792219399929, 1076.559146325302, 1238.6682, 1293.625558963585, 1520.5476702690125, 1536.94365, 1730.0919999999999, 1953.8675370642661, 2433.9716385497095, 2434.874140154266, 2586.0919969499587, 2624.7993123490332, 2629.2180662506103, 2730.4916295593266, 2782.8902930698396, 2719.674839317989, 2819.6748013152123, 3000.8693417434692, 2986.332239725113, 3102.13285, 3185.805670699024, 3265.5782603980065, 3229.9469999999997, 3326.358350312233, 3430.0584, 3530.0583, 4120.3442000000005, 4316.820578811074, 4400.36011468401, 4500.360342858791, 4587.440461588669, 4665.42769051342, 4419.007855595589, 4610.150218950272, 4891.770346529388, 4903.388, 5101.455444605351, 5151.441564566231, 5251.441668343163, 5289.047463401413, 5399.647, 5528.265583534241]
shares:[0, 11.6482, 23.4825, 35.275, 47.2324, 58.7399, 70.8906, 83.5842, 99.0282, 112.5417, 125.1999, 138.0204, 150.1416, 162.7202, 174.175, 186.2962, 197.7248, 208.3903, 217.3189, 226.6264, 235.7422, 245.0793, 254.7692, 264.4544, 274.3115, 284.7827, 295.2539, 305.432, 316.014, 326.5403, 337.1223, 347.7719, 358.883, 370.0065, 381.1176, 392.2287, 401.9848, 411.5177, 421.0871, 430.6565, 440.2534, 449.8966, 460.3133, 470.5195, 480.3388, 490.3388, 500.1427, 510.0437, 519.9447, 529.9647, 539.9647, 549.912]
growth_rate:8.4
