ticker:STRR
price:[2.4700000286102295, 2.630000114440918, 2.680000066757202, 2.559999942779541, 2.549999952316284, 2.75, 2.7899999618530273, 3.0, 2.5199999809265137, 2.990000009536743, 2.630000114440918, 2.3499999046325684, 2.7699999809265137, 2.740000009536743, 2.8399999141693115, 2.859999895095825, 2.859999895095825, 3.5899999141693115, 2.990000009536743, 3.4700000286102295, 3.859999895095825, 3.5399999618530273, 3.7200000286102295, 3.9000000953674316, 4.329999923706055, 3.380000114440918, 2.8499999046325684, 3.1700000762939453, 3.3499999046325684, 3.2200000286102295, 3.319999933242798, 3.299999952316284, 2.799999952316284, 2.9700000286102295, 2.880000114440918, 2.8499999046325684, 2.5899999141693115, 2.690000057220459, 2.759999990463257, 2.7300000190734863, 3.0899999141693115, 2.700000047683716, 3.4200000762939453, 2.9600000381469727, 3.390000104904175, 3.0199999809265137, 3.890000104904175, 3.5999999046325684, 3.259999990463257, 2.630000114440918, 2.640000104904175, 2.7899999618530273]
assets:[0, 99.99996835136413, 201.90102102923396, 292.8606654540539, 391.7167126750946, 522.4395000000001, 630.0386283856392, 777.4608, 753.0669663001537, 993.5198941688775, 973.8987733778953, 970.2136756268978, 1243.6136514368059, 1330.145060629654, 1478.6905433109046, 1589.10374371202, 1689.1036400440453, 2220.2386779179337, 1949.1681492169619, 2362.077946475387, 2727.556213872528, 2601.4376479669572, 2833.714113793874, 3070.8292650915623, 3509.4077821647643, 2839.4454841386796, 2494.20677153821, 2874.258089176178, 3137.464855682993, 3115.7125996836185, 3312.47382539413, 3392.519080979419, 2978.501069276428, 3259.3386193974493, 3260.570817563438, 3326.606243684244, 3123.1262735018972, 3343.7104211258893, 3530.721431800151, 3592.34396209836, 4166.059630279684, 3740.246346055126, 4837.645511919021, 4286.9680552482605, 5009.737070027232, 4562.9514931816575, 5977.444181197643, 5631.824730807591, 5199.930140788221, 4295.035828892708, 4411.36678329196, 4762.012389890194]
shares:[0, 38.0228, 75.3362, 114.3987, 153.6144, 189.978, 225.8203, 259.1536, 298.8361, 332.2809, 370.3037, 412.8569, 448.958, 485.4544, 520.6657, 555.6307, 590.5957, 618.4509, 651.8957, 680.7141, 706.6208, 734.8694, 761.7511, 787.3921, 810.4868, 840.0726, 875.1603, 906.706, 936.5567, 967.6126, 997.7331, 1028.0361, 1063.7504, 1097.4204, 1132.1426, 1167.2303, 1205.8403, 1243.015, 1279.2469, 1315.8769, 1348.2394, 1385.2764, 1414.5162, 1448.3, 1477.7985, 1510.9111, 1536.618, 1564.3958, 1595.0706, 1633.0934, 1670.9722, 1706.8145]
growth_rate:-6.63
