ticker:STRS
price:[20.549999237060547, 20.799999237060547, 21.860000610351562, 20.850000381469727, 21.850000381469727, 24.190000534057617, 23.010000228881836, 23.149999618530273, 21.3700008392334, 22.950000762939453, 25.010000228881836, 24.200000762939453, 25.360000610351562, 25.309999465942383, 24.920000076293945, 24.479999542236328, 23.209999084472656, 25.5, 24.8700008392334, 25.809999465942383, 24.8799991607666, 26.139999389648438, 25.600000381469727, 26.56999969482422, 24.600000381469727, 24.290000915527344, 26.950000762939453, 28.030000686645508, 29.81999969482422, 30.299999237060547, 30.8799991607666, 31.850000381469727, 34.540000915527344, 35.5099983215332, 35.150001525878906, 29.190000534057617, 27.239999771118164, 26.15999984741211, 27.170000076293945, 25.6200008392334, 24.049999237060547, 23.950000762939453, 24.739999771118164, 25.8799991607666, 27.3799991607666, 27.299999237060547, 30.489999771118164, 30.149999618530273, 29.399999618530273, 29.149999618530273, 29.610000610351562, 29.610000610351562]
assets:[0, 100.00015633201599, 205.0970837265015, 295.6217304086685, 409.801127154541, 553.6873412240982, 626.6773562335968, 730.4912929628372, 774.3248844089509, 931.5749559688569, 1115.1934092058182, 1179.0748571720123, 1335.5920401443482, 1432.9585227636337, 1510.8771766256332, 1584.201138376236, 1602.0144828079224, 1860.0771, 1914.1221015916826, 2086.470032826996, 2111.289360783577, 2318.212775871277, 2370.321955320549, 2560.133721595001, 2470.314818306923, 2539.1843937057492, 2917.251342585754, 3134.1577087768555, 3434.3067428535464, 3589.5863696159363, 3758.2966178598404, 3976.3515176250457, 4412.188072950745, 4636.096605863571, 4689.0980785560605, 3994.0181500741965, 3827.2036238422397, 3775.4634979782104, 4021.2279362916947, 3891.824161484337, 3753.3318659328465, 3837.7265672527315, 4064.3143763990406, 4351.595046887017, 4703.812667821884, 4790.068786134339, 5449.788657089614, 5489.015465550805, 5452.4739492532735, 5506.108447944641, 5692.996377349853, 5792.995271411133]
shares:[0, 4.8077, 9.3823, 14.1785, 18.7552, 22.8891, 27.235, 31.5547, 36.2342, 40.5915, 44.5899, 48.7221, 52.6653, 56.6163, 60.6291, 64.7141, 69.0226, 72.9442, 76.9651, 80.8396, 84.8589, 88.6845, 92.5907, 96.3543, 100.4193, 104.5362, 108.2468, 111.8144, 115.1679, 118.4682, 121.7065, 124.8462, 127.7414, 130.5575, 133.4025, 136.8283, 140.4994, 144.322, 148.0025, 151.9057, 156.0637, 160.2391, 164.2811, 168.1451, 171.7974, 175.4604, 178.7402, 182.0569, 185.4583, 188.8888, 192.266, 195.6432]
growth_rate:13.59
