ticker:STRT
price:[20.079999923706055, 19.549999237060547, 21.219999313354492, 19.690000534057617, 20.020000457763672, 22.18000030517578, 22.559999465942383, 28.760000228881836, 29.040000915527344, 30.190000534057617, 33.810001373291016, 36.40999984741211, 41.29999923706055, 45.84000015258789, 46.349998474121094, 50.58000183105469, 51.400001525878906, 49.36000061035156, 48.72999954223633, 46.540000915527344, 47.20000076293945, 54.75, 58.0099983215332, 57.0, 57.380001068115234, 51.52000045776367, 48.939998626708984, 54.709999084472656, 47.060001373291016, 44.56999969482422, 49.09000015258789, 49.599998474121094, 51.43000030517578, 48.04999923706055, 43.900001525878906, 44.70000076293945, 45.0, 50.11000061035156, 50.20000076293945, 51.150001525878906, 49.810001373291016, 45.40999984741211, 44.11000061035156, 44.79999923706055, 44.400001525878906, 40.5, 40.099998474121094, 41.18000030517578, 41.630001068115234, 42.72999954223633, 39.790000915527344, 38.099998474121094]
assets:[0, 100.0002010974884, 208.5416652519226, 293.50505496082303, 398.4240351100921, 541.4115894493103, 650.6867845964432, 929.5117033973694, 1038.560456742096, 1179.6893658685683, 1421.142549723816, 1630.42887016716, 1949.401263988495, 2263.6938075351713, 2388.8789213562013, 2706.8950159927367, 2850.7777246292117, 2837.632395088196, 2901.413410744476, 2871.020078478241, 3011.7329286815643, 3593.4834, 3907.4490689414974, 3939.4182, 4065.6829276817325, 3750.470561323548, 3662.654815223312, 4194.478854808807, 3707.970452204895, 3611.778952269745, 4078.063400675964, 4220.429150164032, 4476.143217560577, 4281.970877010727, 4012.1440594543456, 4185.256601433945, 4313.344499999999, 4903.148306721497, 5011.953016171646, 5206.799060326386, 5170.392705550767, 4813.664328824997, 4775.860342083741, 4950.565675692367, 5006.366572052002, 4666.61655, 4720.527710375214, 4947.665850666046, 5101.731652896881, 5336.5368238300325, 5069.361507640839, 4954.051361593628]
shares:[0, 5.1151, 9.8276, 14.9063, 19.9013, 24.4099, 28.8425, 32.3196, 35.7631, 39.0755, 42.0332, 44.7797, 47.201, 49.3825, 51.54, 53.5171, 55.4626, 57.4885, 59.5406, 61.6893, 63.8079, 65.6344, 67.3582, 69.1126, 70.8554, 72.7964, 74.8397, 76.6675, 78.7924, 81.0361, 83.0732, 85.0893, 87.0337, 89.1149, 91.3928, 93.6299, 95.8521, 97.8477, 99.8397, 101.7947, 103.8023, 106.0045, 108.2716, 110.5037, 112.756, 115.2251, 117.7189, 120.1473, 122.5494, 124.8897, 127.4029, 130.0276]
growth_rate:-2.86
