ticker:STSA
price:[23.1200008392334, 4.829999923706055, 4.630000114440918, 4.079999923706055, 3.9100000858306885, 4.050000190734863, 4.019999980926514, 4.03000020980835, 3.559999942779541, 3.950000047683716, 4.179999828338623, 4.489999771118164, 4.679999828338623, 4.78000020980835, 4.849999904632568, 4.894999980926514, 5.079999923706055, 4.610000133514404, 4.909999847412109, 5.340000152587891, 6.210000038146973, 5.820000171661377, 6.400000095367432, 6.929999828338623, 6.650000095367432, 5.679999828338623, 6.460000038146973, 6.639999866485596, 6.25, 5.710000038146973, 5.960000038146973, 5.28000020980835, 5.070000171661377, 5.239999771118164, 5.309999942779541, 5.090000152587891, 4.849999904632568, 5.269999980926514, 5.21999979019165, 5.210000038146973, 5.139999866485596, 5.619999885559082, 7.25, 7.170000076293945, 7.019999980926514, 5.869999885559082, 5.380000114440918, 5.239999771118164, 5.079999923706055, 4.789999961853027, 4.829999923706055, 4.920000076293945]
assets:[0, 99.9998354204178, 195.8591908411026, 272.5929549026489, 361.23474192967416, 474.1691623310089, 570.6566852924346, 672.0762839893819, 693.6951808501244, 869.6900754987479, 1020.330016097784, 1196.000341032791, 1346.6105146066188, 1475.3843487589836, 1596.9905085977555, 1711.807926329899, 1876.503203817749, 1802.8899162151338, 2020.214527217865, 2297.137769639587, 2771.3907440241815, 2697.341935558319, 3066.149165689182, 3420.064409282398, 3381.8801584994317, 2988.5830296788217, 3498.9873146618847, 3696.481949672652, 3579.369375, 3370.111684514809, 3617.664595154857, 3304.9110593253613, 3273.4658908338547, 3483.2269678535463, 3629.758784885788, 3579.3736193023683, 3510.6016209696772, 3914.61237483201, 3977.4717561327934, 4069.852486798954, 4115.171273106098, 4599.46747834034, 6033.476825, 6066.900583556176, 6039.977797589255, 5150.522804585934, 4820.581784541226, 4795.1389865495685, 4748.722460681343, 4577.633876544285, 4715.860263508987, 4903.733572041702]
shares:[0, 20.7039, 42.3022, 66.812, 92.3874, 117.0788, 141.9544, 166.7683, 194.8582, 220.1747, 244.0981, 266.3698, 287.7373, 308.6578, 329.2764, 349.7054, 369.3904, 391.0824, 411.449, 430.1756, 446.2787, 463.4608, 479.0858, 493.5158, 508.5534, 526.159, 541.6389, 556.6991, 572.6991, 590.2122, 606.9907, 625.9301, 645.654, 664.738, 683.5704, 703.2168, 723.8354, 742.8107, 761.9678, 781.1617, 800.617, 818.4106, 832.2037, 846.1507, 860.3957, 877.4315, 896.0189, 915.1029, 934.7879, 955.6647, 976.3686, 996.6938]
growth_rate:-3.85
