ticker:STTK
price:[19.350000381469727, 20.0, 21.760000228881836, 25.850000381469727, 26.809999465942383, 29.59000015258789, 32.58000183105469, 34.47999954223633, 33.0, 40.29999923706055, 40.720001220703125, 57.61000061035156, 52.40999984741211, 40.619998931884766, 45.20000076293945, 50.0, 49.61000061035156, 49.83000183105469, 44.790000915527344, 45.709999084472656, 41.29999923706055, 38.09000015258789, 38.2400016784668, 32.959999084472656, 30.239999771118164, 29.59000015258789, 28.229999542236328, 30.010000228881836, 30.0, 37.68000030517578, 29.520000457763672, 26.790000915527344, 25.239999771118164, 27.139999389648438, 29.0, 29.829999923706055, 29.34000015258789, 28.010000228881836, 28.520000457763672, 26.68000030517578, 23.010000228881836, 22.309999465942383, 22.040000915527344, 20.290000915527344, 20.450000762939453, 19.950000762939453, 20.940000534057617, 21.1299991607666]
assets:[0, 100.0, 208.80025819625854, 348.0469901361466, 460.9738118173599, 608.7728271392822, 770.288983291626, 915.2095238494873, 975.9254999999999, 1291.8124455440523, 1405.2757461273193, 2088.160887123108, 1999.6773391780853, 1649.8340626171114, 1935.857272675705, 2241.435, 2323.950712591553, 2434.2553854492185, 2288.0434487686157, 2435.0402162284854, 2300.1125975097657, 2221.340246898651, 2330.089494274521, 2108.362149436188, 2034.3717926021575, 2090.642993780899, 2094.5530460357663, 2326.6212997447965, 2425.8450000000003, 3146.8602974868772, 2565.3736477809907, 2428.1278069793702, 2387.6434023483275, 2667.3788480133057, 2950.1845000000003, 3134.619915982819, 3183.1288905544284, 3138.8370386487964, 3295.9880049026488, 3183.342912412262, 2845.4534443038942, 2858.8903405637743, 2924.2915654731746, 2792.0989099853514, 2914.1169287185667, 2942.866507542801, 3188.902425330353, 3317.836694223404]
shares:[0, 5.0, 9.5956, 13.4641, 17.1941, 20.5736, 23.643, 26.5432, 29.5735, 32.0549, 34.5107, 36.2465, 38.1545, 40.6163, 42.8287, 44.8287, 46.8444, 48.8512, 51.0838, 53.2715, 55.6928, 58.3182, 60.9333, 63.9673, 67.2742, 70.6537, 74.196, 77.5282, 80.8615, 83.5154, 86.9029, 90.6356, 94.5976, 98.2822, 101.7305, 105.0828, 108.4911, 112.0613, 115.5676, 119.3157, 123.6616, 128.1439, 132.6811, 137.6096, 142.4996, 147.5121, 152.2876, 157.0202]
growth_rate:-29.41
