ticker:STWO
price:[10.0, 10.050000190734863, 10.269000053405762, 10.449999809265137, 10.079999923706055, 10.3100004196167, 10.630000114440918, 10.680000305175781, 10.350000381469727, 10.789999961853027, 10.720000267028809, 10.8100004196167, 10.399999618530273, 10.0, 10.045000076293945, 9.899999618530273, 9.880000114440918, 9.800000190734863, 9.96500015258789, 9.890000343322754, 9.899999618530273, 9.880000114440918, 9.899999618530273, 9.850000381469727, 9.850000381469727, 9.899999618530273, 9.880000114440918, 9.920000076293945, 9.930000305175781, 9.930000305175781, 9.899999618530273, 9.880000114440918, 9.960000038146973, 9.920000076293945, 9.949999809265137, 9.949999809265137, 9.9399995803833, 9.899999618530273, 9.925000190734863, 9.920000076293945]
assets:[0, 99.99951189785004, 202.1781268514633, 305.74191441955566, 394.9162530109405, 503.9270455098152, 619.567430670166, 722.4817286445617, 800.1574944913864, 934.1733796973227, 1028.1134176096916, 1136.7450521255494, 1193.6308362178802, 1247.722, 1353.3367432788848, 1433.8011047523498, 1530.905029732609, 1618.5092315006257, 1745.7594082317353, 1832.6200306178093, 1934.4727954603195, 2030.5652875202177, 2134.6755377460477, 2223.894671126747, 2323.8948299995423, 2435.6909661472323, 2530.770921314144, 2641.0165003118514, 2743.678944320679, 2843.6790123939513, 2935.087536904335, 3029.1586350870134, 3153.6866040786745, 3241.0207609264376, 3350.822630766964, 3450.8231138500214, 3547.355242248535, 3633.080080009079, 3742.2550669172288, 3840.3693095359804]
shares:[0, 9.9502, 19.6882, 29.2576, 39.1782, 48.8775, 58.2848, 67.6481, 77.3099, 86.5777, 95.9061, 105.1568, 114.7722, 124.7722, 134.7274, 144.8284, 154.9499, 165.154, 175.1891, 185.3003, 195.4013, 205.5228, 215.6238, 225.7761, 235.9284, 246.0294, 256.1509, 266.2315, 276.302, 286.3725, 296.4735, 306.595, 316.6352, 326.7158, 336.7661, 346.8164, 356.8768, 366.9778, 377.0534, 387.134]
growth_rate:-1.53
