ticker:STWOU
price:[10.079999923706055, 10.010000228881836, 10.0, 10.010000228881836, 9.989999771118164, 9.960000038146973, 9.899999618530273, 9.989999771118164, 10.0, 10.0, 10.100000381469727, 10.239999771118164, 10.979999542236328, 10.803999900817871, 10.890000343322754, 10.5, 10.699999809265137, 11.25, 11.489999771118164, 11.052000045776367, 11.5, 11.359999656677246, 11.550000190734863, 10.960000038146973, 10.239999771118164, 10.454999923706055, 10.277999877929688, 10.149999618530273, 10.291999816894531, 10.210000038146973, 10.039999961853027, 10.086000442504883, 10.079999923706055, 10.170000076293945, 10.180000305175781, 10.210000038146973, 10.199999809265137, 10.239999771118164, 10.369999885559082, 10.399999618530273, 10.359999656677246, 10.329999923706055, 10.300000190734863, 10.329999923706055, 10.220000267028809, 10.40999984741211, 10.300000190734863, 10.375, 10.25, 10.28499984741211, 10.100000381469727, 10.100000381469727]
assets:[0, 99.99990228652955, 199.89999999999998, 300.0998068618774, 399.50009084701543, 498.3007939085007, 595.2988570617675, 700.7105719459533, 801.412, 901.412, 1010.4262581630707, 1124.4318468669892, 1305.6899395648957, 1384.7605516877175, 1495.782929156685, 1542.2148, 1671.590350202751, 1857.513375, 1997.140055216789, 2021.0085155708312, 2202.93195, 2276.1133872111322, 2414.1821948674205, 2390.860440321541, 2333.7962998355865, 2482.796924882126, 2540.7637096237186, 2609.121346940804, 2745.623550352478, 2823.7480595501897, 2876.732073069859, 2989.912125976944, 3088.1329686264035, 3215.7052081237794, 3318.86741149292, 3428.647679810238, 3525.2892540788653, 3639.11364665947, 3785.3133562261582, 3896.264177085877, 3981.278456063366, 4069.749323942184, 4157.9298269963265, 4270.039758462906, 4324.569606992626, 4504.9669919670105, 4557.363834393024, 4690.5489124999995, 4734.0363, 4850.2012565425875, 4862.959293670464, 4962.9593974473955]
shares:[0, 9.99, 19.99, 29.98, 39.99, 50.0302, 60.1312, 70.1412, 80.1412, 90.1412, 100.0422, 109.8078, 118.9153, 128.1711, 137.3538, 146.8776, 156.2234, 165.1123, 173.8155, 182.8636, 191.5593, 200.3621, 209.0201, 218.1442, 227.9098, 237.4746, 247.2041, 257.0563, 266.7726, 276.5669, 286.5271, 296.4418, 306.3624, 316.1952, 326.0184, 335.8127, 345.6166, 355.3822, 365.0254, 374.6408, 384.2933, 393.9738, 403.6825, 413.363, 423.1477, 432.7538, 442.4625, 452.1011, 461.8572, 471.5801, 481.4811, 491.3821]
growth_rate:-2.69
