ticker:STX
price:[47.0099983215332, 46.540000915527344, 48.81999969482422, 48.220001220703125, 48.7400016784668, 50.970001220703125, 51.439998626708984, 50.7400016784668, 47.81999969482422, 53.4900016784668, 54.709999084472656, 55.61000061035156, 58.47999954223633, 64.06999969482422, 64.76000213623047, 64.72000122070312, 62.95000076293945, 62.15999984741211, 59.0, 60.5099983215332, 60.0, 66.12000274658203, 69.44000244140625, 72.20999908447266, 73.13999938964844, 73.2300033569336, 73.37999725341797, 76.77999877929688, 74.62999725341797, 76.0199966430664, 78.48999786376953, 80.52999877929688, 82.06999969482422, 89.1500015258789, 92.83999633789062, 91.55999755859375, 97.97000122070312, 93.91999816894531, 95.75, 99.12000274658203, 96.7699966430664, 85.30000305175781, 86.5, 87.02999877929688, 87.95999908447266, 84.45999908447266, 85.4800033569336, 87.9000015258789, 92.1500015258789, 90.33999633789062, 89.44000244140625, 86.30999755859375]
assets:[0, 100.00049996719359, 204.89753871917725, 302.37798365478517, 405.6386639690399, 524.1958805541992, 629.0288792068482, 720.4674318328857, 779.0069230285645, 971.3730814807892, 1093.5270487007142, 1211.5139122970581, 1374.0402212444305, 1605.382761353302, 1722.674340825653, 1821.6091543579103, 1871.7930926856995, 1948.3057392173766, 1949.2597, 2099.146300772476, 2181.4559999999997, 2503.9645040130613, 2729.693439971924, 2938.5786917427063, 3076.421968327332, 3180.210616783905, 3286.7267669792177, 3539.012805734253, 3539.9097337219237, 3705.8380003555294, 3926.242371141052, 4128.289857421875, 4307.238758983613, 4778.814511793518, 5076.611691751099, 5106.621523834228, 5564.127843328857, 5434.10778205719, 5639.990975, 5938.497428553772, 5897.705507409668, 5298.657059568786, 5473.201, 5606.7336113586425, 5766.648743978119, 5637.189732894134, 5805.2718519821165, 6069.626955364228, 6463.097012020112, 6436.146563098145, 6472.030624664307, 6345.5369135070805]
shares:[0, 2.1487, 4.197, 6.2708, 8.3225, 10.2844, 12.2284, 14.1992, 16.2904, 18.1599, 19.9877, 21.7859, 23.4959, 25.0567, 26.6009, 28.146, 29.7346, 31.3434, 33.0383, 34.6909, 36.3576, 37.87, 39.3101, 40.6949, 42.0621, 43.4277, 44.7905, 46.0929, 47.4328, 48.7482, 50.0222, 51.264, 52.4825, 53.6042, 54.6813, 55.7735, 56.7942, 57.8589, 58.9033, 59.9122, 60.9456, 62.1179, 63.274, 64.423, 65.5599, 66.7439, 67.9138, 69.0515, 70.1367, 71.2436, 72.3617, 73.5203]
growth_rate:24.42
