ticker:STXB
price:[13.0600004196167, 11.829999923706055, 11.84000015258789, 10.850000381469727, 11.8100004196167, 13.15999984741211, 13.319999694824219, 14.039999961853027, 12.710000038146973, 14.010000228881836, 15.770000457763672, 16.079999923706055, 16.399999618530273, 16.709999084472656, 16.649999618530273, 16.31999969482422, 16.530000686645508, 16.799999237060547, 17.860000610351562, 17.950000762939453, 18.079999923706055, 17.940000534057617, 19.3700008392334, 19.31999969482422, 20.260000228881836, 20.760000228881836, 23.540000915527344, 23.579999923706055, 23.059999465942383, 23.049999237060547, 22.899999618530273, 22.690000534057617, 22.280000686645508, 24.0, 23.170000076293945, 23.280000686645508, 23.34000015258789, 23.079999923706055, 23.079999923706055, 24.059999465942383, 24.790000915527344, 23.010000228881836, 23.3700008392334, 22.729999542236328, 22.229999542236328, 22.520000457763672, 23.100000381469727, 23.280000686645508, 23.389999389648438, 22.959999084472656, 22.389999389648438, 23.709999084472656]
assets:[0, 100.00017235507964, 200.08416257858278, 283.3542699623108, 408.42524451160426, 555.1124815635682, 661.8614608360291, 797.6376698328017, 822.0777184673309, 1006.1617904376984, 1232.5611577781679, 1356.7901935625075, 1483.7916054864884, 1611.8381566886903, 1706.0505359125139, 1772.2377268600465, 1895.0422567188264, 2025.9959079933167, 2253.826703022766, 2365.183645528793, 2482.3134775251388, 2563.0914643009187, 2867.39546023407, 2959.9939692443845, 3204.0096321964265, 3383.0828532989503, 3936.1164910850525, 4042.8051349193574, 4053.6504321195603, 4151.892637575149, 4224.873599621773, 4286.129755883217, 4308.680316788864, 4741.308, 4677.337183401489, 4799.5422935628885, 4911.912368112183, 4957.196239613342, 5057.1972632827765, 5371.931418759727, 5634.9209061050415, 5330.314874020958, 5513.710005001259, 5462.714427985382, 5442.548557926179, 5613.549254106521, 5858.12544674015, 6003.772497081757, 6132.139766984558, 6119.406867989349, 6067.488324600219, 6525.195654039001]
shares:[0, 8.4531, 16.899, 26.1156, 34.583, 42.1818, 49.6893, 56.8118, 64.6796, 71.8174, 78.1586, 84.3775, 90.4751, 96.4595, 102.4655, 108.593, 114.6426, 120.595, 126.1941, 131.7651, 137.2961, 142.8702, 148.0328, 153.2088, 158.1446, 162.9616, 167.2097, 171.4506, 175.7871, 180.1255, 184.4923, 188.8995, 193.3878, 197.5545, 201.8704, 206.1659, 210.4504, 214.7832, 219.116, 223.2723, 227.3062, 231.6521, 235.9311, 240.3306, 244.829, 249.2695, 253.5985, 257.894, 262.1693, 266.5247, 270.991, 275.2086]
growth_rate:27.95
