ticker:SUMO
price:[25.600000381469727, 22.200000762939453, 23.1200008392334, 24.280000686645508, 22.049999237060547, 19.030000686645508, 17.280000686645508, 20.56999969482422, 18.950000762939453, 21.1200008392334, 25.639999389648438, 30.110000610351562, 26.75, 30.5, 32.189998626708984, 28.579999923706055, 27.700000762939453, 30.719999313354492, 34.0099983215332, 34.40999984741211, 36.209999084472656, 39.63999938964844, 36.630001068115234, 30.3799991607666, 27.600000381469727, 21.989999771118164, 19.75, 18.1299991607666, 19.200000762939453, 19.149999618530273, 19.450000762939453, 19.719999313354492, 19.489999771118164, 17.5, 16.860000610351562, 18.700000762939453, 18.799999237060547, 19.950000762939453, 21.860000610351562, 21.959999084472656, 21.479999542236328, 20.649999618530273, 22.3799991607666, 19.950000762939453, 21.049999237060547, 20.649999618530273, 20.389999389648438, 19.610000610351562, 19.299999237060547, 20.93000030517578, 20.850000381469727]
assets:[0, 99.99990343666077, 204.14498341026308, 314.3871608909607, 385.51116166114804, 432.71176761322016, 492.9189315868378, 686.7664658111572, 732.6790394981384, 916.5784684215546, 1212.7412031311035, 1524.168230895996, 1454.084525, 1757.9285, 1955.3364005813598, 1836.0535030986784, 1879.5198417675017, 2184.43463917408, 2518.379157712555, 2647.997451257706, 2886.516287017822, 3259.9420178054806, 3112.403571756363, 2681.3478399290084, 2535.9846350507737, 2120.5176679286956, 2004.512425, 1940.0912101936342, 2154.5914456157684, 2248.9797852001193, 2384.212213522339, 2517.3091843479156, 2587.9484356082917, 2423.70975, 2435.0713421524047, 2800.820664270401, 2915.7971616714476, 3194.1567171527863, 3599.9639225143437, 3716.431189059448, 3735.197932398605, 3690.867356818199, 4100.078510250091, 3754.8953785968783, 4061.932047778702, 4084.7454495420457, 4133.3159072738645, 4075.199329838562, 4110.7763174987795, 4557.955468458557, 4640.534544902802]
shares:[0, 4.5045, 8.8298, 12.9484, 17.4835, 22.7384, 28.5254, 33.3868, 38.6638, 43.3986, 47.2988, 50.62, 54.3583, 57.637, 60.7436, 64.2426, 67.8527, 71.1079, 74.0482, 76.9543, 79.716, 82.2387, 84.9687, 88.2603, 91.8835, 96.431, 101.4943, 107.01, 112.2183, 117.4402, 122.5816, 127.6526, 132.7834, 138.4977, 144.4289, 149.7765, 155.0956, 160.1081, 164.6827, 169.2364, 173.8919, 178.7345, 183.2028, 188.2153, 192.9659, 197.8085, 202.7129, 207.8123, 212.9936, 217.7714, 222.5676]
growth_rate:-7.19
