ticker:SUMR
price:[18.40999984741211, 19.209999084472656, 16.290000915527344, 17.5, 17.34000015258789, 17.110000610351562, 20.709999084472656, 20.510000228881836, 18.450000762939453, 20.059999465942383, 16.440000534057617, 16.780000686645508, 17.270000457763672, 16.760000228881836, 16.770000457763672, 16.0, 15.829999923706055, 15.350000381469727, 15.25, 15.100000381469727, 16.780000686645508, 16.989999771118164, 17.5, 18.780000686645508, 17.25, 16.149999618530273, 14.600000381469727, 15.420000076293945, 13.0, 21.770000457763672, 13.609999656677246, 12.609999656677246, 10.09000015258789, 14.270000457763672, 18.040000915527344, 18.459999084472656, 17.280000686645508, 11.369999885559082, 12.890000343322754, 12.899999618530273, 13.010000228881836, 12.699999809265137, 12.640000343322754, 11.640000343322754, 12.869999885559082, 12.600000381469727, 11.760000228881836, 11.199999809265137, 11.369999885559082, 10.670000076293945, 9.1899995803833, 8.600000381469727]
assets:[0, 99.99957123413085, 184.79865738601686, 298.52549999999997, 395.7959074829102, 490.54542849884035, 693.7580463310242, 787.0589527832032, 808.0085584125519, 978.5167439489364, 901.9345972995758, 1020.5881677629471, 1150.3909974925994, 1216.419028611946, 1317.144344953537, 1356.6672, 1442.2522970489501, 1498.52076224041, 1588.758725, 1673.1313822681427, 1959.2815421747207, 2083.8013849279405, 2246.3525, 2510.6569757961274, 2406.114525, 2352.681879428673, 2226.882578184128, 2451.9542581315995, 2167.1468, 3729.1379454135895, 2431.3529446672437, 2352.708163944626, 1982.5397339813233, 2903.8494841518404, 3771.0186513786316, 3958.8132596618652, 3805.757719227219, 2604.135882788944, 3052.270874296665, 3154.638146713257, 3281.538377731323, 3303.3461503887174, 3387.740028016472, 3219.7230349659917, 3659.951262455463, 3683.169111509323, 3537.6244528518678, 3469.1663409204484, 3621.8236405457496, 3498.844539017868, 3113.5314218357084, 3013.6422336759565]
shares:[0, 5.2056, 11.3443, 17.0586, 22.8256, 28.6701, 33.4987, 38.3744, 43.7945, 48.7795, 54.8622, 60.8217, 66.6121, 72.5787, 78.5417, 84.7917, 91.1088, 97.6235, 104.1809, 110.8034, 116.7629, 122.6487, 128.363, 133.6878, 139.4849, 145.6769, 152.5262, 159.0113, 166.7036, 171.2971, 178.6446, 186.5748, 196.4856, 203.4933, 209.0365, 214.4536, 220.2406, 229.0357, 236.7937, 244.5456, 252.232, 260.106, 268.0174, 276.6085, 284.3785, 292.315, 300.8184, 309.747, 318.5421, 327.9142, 338.7956, 350.4235]
growth_rate:-40.91
