ticker:SUNS
price:[13.319999694824219, 13.600000381469727, 13.430000305175781, 12.6899995803833, 13.539999961853027, 13.40999984741211, 13.369999885559082, 13.489999771118164, 12.430000305175781, 13.1899995803833, 14.140000343322754, 14.4399995803833, 14.979999542236328, 14.699999809265137, 14.600000381469727, 14.979999542236328, 14.34000015258789, 14.460000038146973, 15.15999984741211, 15.539999961853027, 15.09000015258789, 14.140000343322754, 14.779999732971191, 15.0600004196167, 14.75, 15.239999771118164, 15.0, 15.380000114440918, 15.199999809265137, 14.920000076293945, 14.979999542236328, 15.880000114440918, 16.18000030517578, 15.890000343322754, 15.65999984741211, 15.489999771118164, 15.050000190734863, 15.119999885559082, 15.369999885559082, 15.770000457763672, 15.649999618530273, 15.199999809265137, 15.289999961853027, 15.399999618530273, 15.609999656677246, 15.380000114440918, 15.449999809265137, 15.34000015258789, 15.489999771118164, 15.989999771118164, 15.859999656677246, 16.010000228881836]
assets:[0, 99.99944280490875, 198.74923151626587, 287.7977694834709, 407.0746828531265, 503.165991274643, 601.6647018500328, 707.0648480033875, 751.5066314506531, 897.455485449028, 1062.0936037878992, 1184.627241575527, 1328.9281893901825, 1404.0881217817307, 1494.5363390493392, 1633.4356280849456, 1663.6493817024232, 1777.570696689415, 1963.6217202358246, 2112.84170481348, 2151.658977757263, 2116.199521381855, 2311.982150229645, 2455.7815584254263, 2505.23145, 2688.456355623436, 2746.119, 2915.68812969532, 2981.5635625863074, 3026.6398834768297, 3138.811734083176, 3427.3915406998635, 3592.1412837524413, 3627.7585833821295, 3675.2484961891173, 3735.3514848060604, 3729.2470722622875, 3846.5929868857384, 4010.194355141163, 4214.55943133812, 4282.489370614052, 4259.3500265522, 4384.569563060952, 4516.113028132439, 4677.697180119801, 4708.7762090374945, 4830.207600369644, 4895.81780669899, 5043.6910804739, 5306.495690042496, 5363.353879899026, 5514.0794258302685]
shares:[0, 7.3529, 14.7989, 22.6791, 30.0646, 37.5217, 45.0011, 52.414, 60.4591, 68.0406, 75.1127, 82.0379, 88.7135, 95.5162, 102.3655, 109.0411, 116.0146, 122.9302, 129.5265, 135.9615, 142.5884, 149.6605, 156.4264, 163.0665, 169.8462, 176.4079, 183.0746, 189.5766, 196.1555, 202.8579, 209.5335, 215.8307, 222.0112, 228.3045, 234.6902, 241.146, 247.7905, 254.4043, 260.9105, 267.2517, 273.6415, 280.2204, 286.7606, 293.2541, 299.6603, 306.1623, 312.6348, 319.1537, 325.6095, 331.8634, 338.1686, 344.4147]
growth_rate:8.12
