ticker:SUNW
price:[0.5950000286102295, 0.6899999976158142, 0.8399999737739563, 2.0899999141693115, 2.3499999046325684, 3.5199999809265137, 3.1600000858306885, 2.859999895095825, 2.819999933242798, 3.069999933242798, 3.25, 5.449999809265137, 5.599999904632568, 4.28000020980835, 4.110000133514404, 4.840000152587891, 4.909999847412109, 5.119999885559082, 8.0, 11.354999542236328, 22.899999618530273, 17.739999771118164, 21.200000762939453, 18.989999771118164, 15.9399995803833, 13.1899995803833, 10.619999885559082, 15.859999656677246, 14.460000038146973, 13.720000267028809, 17.0, 13.319999694824219, 10.770000457763672, 11.239999771118164, 11.1899995803833, 9.319999694824219, 8.029999732971191, 8.8100004196167, 8.65999984741211, 9.109999656677246, 9.90999984741211, 9.550000190734863, 10.960000038146973, 9.90999984741211, 9.420000076293945, 8.210000038146973, 8.479999542236328, 8.640000343322754, 8.229999542236328, 8.1899995803833, 7.360000133514404, 7.579999923706055]
assets:[0, 99.99997465446592, 221.73907707697748, 651.7079532361031, 832.7816862041474, 1347.4007286989688, 1309.5985195708035, 1285.269366856599, 1367.2936056323767, 1588.5076094578744, 1781.6448, 3087.6810419397357, 3272.662904266882, 2601.2497355149267, 2597.929029394388, 3159.3618876033784, 3305.054940288925, 3546.411952731514, 5641.2688, 8107.0756546726225, 16449.80481597805, 12843.211668296624, 15448.145875943375, 13937.74831201172, 11799.194159389019, 9863.574016207695, 8041.710297342682, 12109.560161863328, 11140.620269390105, 10670.49147967701, 13321.455, 10537.751458568573, 8620.390218397522, 9096.581270764924, 9156.116446652411, 7726.005739018249, 6756.633692315579, 7512.944583838463, 7485.027522114945, 7973.971767490006, 8774.210800900268, 8555.470810871888, 9918.634538522434, 9068.40004737053, 8720.013058624649, 7699.926692776967, 8053.151981278229, 8305.09924201498, 8010.991024417877, 8072.055396426202, 7354.009093405723, 7673.829710761643]
shares:[0, 144.9275, 263.9751, 311.822, 354.3752, 382.7843, 414.4299, 449.3949, 484.8559, 517.4292, 548.1984, 566.547, 584.4041, 607.7686, 632.0995, 652.7607, 673.1273, 692.6586, 705.1586, 713.9653, 718.3321, 723.9691, 728.6861, 733.952, 740.2255, 747.807, 757.2232, 763.5284, 770.444, 777.7326, 783.615, 791.1225, 800.4076, 809.3044, 818.241, 828.9706, 841.4239, 852.7746, 864.3219, 875.2988, 885.3896, 895.8608, 904.9849, 915.0757, 925.6914, 937.8717, 949.6642, 961.2383, 973.389, 985.599, 999.186, 1012.3786]
growth_rate:50.47
