ticker:SUPN
price:[21.40999984741211, 21.290000915527344, 22.350000381469727, 20.309999465942383, 20.860000610351562, 21.43000030517578, 20.389999389648438, 20.09000015258789, 18.360000610351562, 23.579999923706055, 23.010000228881836, 20.780000686645508, 21.8700008392334, 22.0, 21.670000076293945, 21.8799991607666, 25.65999984741211, 25.15999984741211, 27.260000228881836, 29.219999313354492, 29.940000534057617, 29.389999389648438, 29.420000076293945, 30.56999969482422, 29.610000610351562, 26.8700008392334, 25.149999618530273, 26.709999084472656, 26.139999389648438, 26.229999542236328, 26.719999313354492, 28.309999465942383, 31.700000762939453, 31.40999984741211, 30.450000762939453, 29.3700008392334, 30.540000915527344, 30.690000534057617, 29.850000381469727, 29.8799991607666, 31.200000762939453, 32.09000015258789, 32.65999984741211, 30.3700008392334, 28.40999984741211, 26.450000762939453, 27.270000457763672, 26.329999923706055, 26.399999618530273, 24.739999771118164, 24.09000015258789, 26.479999542236328]
assets:[0, 99.99913430023193, 204.9785584985733, 286.2694424724579, 394.02246552886965, 504.7900861885071, 580.2932656295777, 671.755362102127, 713.9084277328491, 1016.8827807098389, 1092.300817865181, 1086.440775899887, 1243.4298327150345, 1350.8220000000001, 1430.5602240365981, 1544.4238087617875, 1911.2389006347655, 1973.99823602829, 2238.760230797195, 2499.7271112585067, 2661.3217374715805, 2712.432433670044, 2815.1998073005675, 3025.2438537994385, 3030.2400864624024, 2849.8322890090944, 2767.407873024559, 3039.063695831299, 3074.210312219238, 3184.794084419251, 3344.288474059105, 3643.29309927063, 4179.562680591583, 4241.326830395889, 4211.6979455261235, 4162.316518936157, 4428.129108746339, 4549.878511175537, 4525.346622831917, 4629.893917961121, 4934.42676066246, 5175.183205607987, 5367.10595692482, 5090.783538676835, 4862.2379468853, 4626.7928334579465, 4870.231191753387, 4802.352383084678, 4915.120248978424, 4706.062548461914, 4682.419100658799, 5246.966893294907]
shares:[0, 4.697, 9.1713, 14.095, 18.8889, 23.5553, 28.4597, 33.4373, 38.8839, 43.1248, 47.4707, 52.283, 56.8555, 61.401, 66.0157, 70.5861, 74.4832, 78.4578, 82.1262, 85.5485, 88.8885, 92.291, 95.69, 98.9612, 102.3384, 106.06, 110.0361, 113.78, 117.6056, 121.418, 125.1605, 128.6928, 131.8474, 135.0311, 138.3152, 141.72, 144.9944, 148.2528, 151.6029, 154.9496, 158.1547, 161.2709, 164.3327, 167.6254, 171.1453, 174.926, 178.593, 182.3909, 186.1788, 190.2208, 194.3719, 198.1483]
growth_rate:2.88
