ticker:SURF
price:[6.059999942779541, 6.599999904632568, 7.230000019073486, 6.309999942779541, 6.869999885559082, 7.110000133514404, 9.420000076293945, 9.569999694824219, 8.380000114440918, 8.789999961853027, 8.609999656677246, 7.940000057220459, 7.860000133514404, 8.569999694824219, 9.470000267028809, 9.039999961853027, 9.630000114440918, 9.239999771118164, 10.699999809265137, 12.300000190734863, 13.3100004196167, 11.0600004196167, 11.170000076293945, 11.239999771118164, 9.5, 8.479999542236328, 7.5, 9.229999542236328, 9.5, 8.050000190734863, 8.09000015258789, 7.949999809265137, 6.789999961853027, 7.010000228881836, 7.309999942779541, 7.920000076293945, 7.869999885559082, 8.720000267028809, 9.039999961853027, 8.170000076293945, 7.519999980926514, 7.320000171661377, 7.449999809265137, 7.190000057220459, 7.119999885559082, 6.590000152587891, 6.039999961853027, 6.010000228881836, 5.699999809265137, 5.639999866485596, 5.53000020980835, 6.25]
assets:[0, 99.99989855504036, 209.54564455280305, 282.88171443476676, 407.98662220373154, 522.2394638068199, 791.9120884138107, 904.5219191558838, 892.0476601821899, 1035.6922935052871, 1114.4835215600967, 1127.7587021273137, 1216.395542662382, 1426.2733402107237, 1676.0574672603607, 1699.953008826542, 1910.9011457087515, 1933.512456105423, 2339.024238305283, 2788.785193245411, 3117.782414292526, 2690.7344140865325, 2817.496245244217, 2935.152844231033, 2580.7785500000005, 2403.6847022453308, 2225.90025, 2839.340766182327, 3022.3984, 2661.0853430511474, 2774.3077973270415, 2826.2972771920204, 2513.906499876595, 2695.358407005501, 2910.7089352158546, 3253.600183342171, 3333.0598535326003, 3793.047516152859, 4032.2413589847565, 3744.1827659643172, 3546.2981350052833, 3551.98177129755, 3715.0630948869707, 3685.409965329742, 3749.5293557332034, 3570.421224671173, 3372.434582700634, 3455.684021604538, 3377.4374169833186, 3441.885494521046, 3474.756829832363, 4027.1662499999998]
shares:[0, 15.1515, 28.9828, 44.8307, 59.3867, 73.4514, 84.0671, 94.5164, 106.4496, 117.8262, 129.4406, 142.0351, 154.7577, 166.4263, 176.986, 188.0479, 198.4321, 209.2546, 218.6004, 226.7305, 234.2436, 243.2852, 252.2378, 261.1346, 271.6609, 283.4534, 296.7867, 307.6209, 318.1472, 330.5696, 342.9305, 355.5091, 370.2366, 384.5019, 398.1818, 410.8081, 423.5146, 434.9825, 446.0444, 458.2843, 471.5822, 485.2434, 498.6662, 512.5744, 526.6193, 541.7938, 558.3501, 574.989, 592.5329, 610.2634, 628.3466, 644.3466]
growth_rate:-21.04
