ticker:SUSB
price:[26.135000228881836, 26.135000228881836, 26.135000228881836, 26.024999618530273, 26.094999313354492, 26.06999969482422, 26.09000015258789, 26.06999969482422, 26.049999237060547, 26.079999923706055, 26.09000015258789, 26.1299991607666, 26.149999618530273, 26.1200008392334, 26.125, 26.1299991607666, 26.149999618530273, 26.18000030517578, 26.139999389648438, 26.149999618530273, 26.15999984741211, 26.149999618530273, 26.149999618530273, 26.15999984741211, 26.1299991607666, 26.040000915527344, 25.969999313354492, 25.920000076293945, 25.940000534057617, 25.950000762939453, 25.950000762939453, 25.989999771118164, 26.0, 26.030000686645508, 26.049999237060547, 26.06999969482422, 26.040000915527344, 26.059999465942383, 26.1200008392334, 26.09000015258789, 26.110000610351562, 26.0, 26.030000686645508, 26.040000915527344, 26.05500030517578, 26.030000686645508, 26.059999465942383, 26.100000381469727, 26.030000686645508, 26.010000228881836, 26.020000457763672, 26.040000915527344]
assets:[0, 100.00035137577056, 200.00070275154113, 299.1599731149674, 399.96588297557827, 499.582011151886, 599.9656435089111, 699.5050178115845, 798.9691066001892, 899.8903973674775, 1000.2358168498993, 1101.7688016138077, 1202.6123324565888, 1301.2331418085098, 1401.4834624999999, 1501.7511507673262, 1602.900836617279, 1704.7395178718568, 1802.1359959213255, 1902.8256422420502, 2003.5525323135373, 2102.7868443250654, 2202.7870578662873, 2303.6286585632324, 2400.986328886032, 2492.7155436401367, 2586.0146216259004, 2681.0352078914643, 2783.105251299095, 2884.1790997959138, 2984.180022735977, 3088.7789237985608, 3189.9686, 3293.6488708831785, 3396.180080534363, 3498.786877043152, 3594.7596303863525, 3697.5204182252883, 3806.034130287552, 3901.6629898189544, 4004.655286613464, 4087.785, 4192.501236594009, 4294.110726974488, 4396.583283496094, 4492.364241504097, 4597.541589780808, 4704.598148760986, 4791.979961407662, 4888.298635015869, 4990.178135791016, 5094.01268309784]
shares:[0, 3.8263, 7.6526, 11.4951, 15.3273, 19.1631, 22.996, 26.8318, 30.6706, 34.505, 38.3379, 42.1649, 45.989, 49.8175, 53.6453, 57.4723, 61.2964, 65.1161, 68.9417, 72.7658, 76.5884, 80.4125, 84.2366, 88.0592, 91.8862, 95.7264, 99.577, 103.435, 107.2901, 111.1437, 114.9973, 118.8449, 122.6911, 126.5328, 130.3716, 134.2074, 138.0476, 141.8849, 145.7134, 149.5463, 153.3763, 157.2225, 161.0642, 164.9044, 168.7424, 172.5841, 176.4214, 180.2528, 184.0945, 187.9392, 191.7824, 195.6226]
growth_rate:-0.12
