ticker:SUSC
price:[27.801000595092773, 27.860000610351562, 27.8799991607666, 27.700000762939453, 27.770000457763672, 27.709999084472656, 27.809999465942383, 27.709999084472656, 27.600000381469727, 27.940000534057617, 27.90999984741211, 28.239999771118164, 28.273000717163086, 28.1299991607666, 28.190000534057617, 28.170000076293945, 28.26799964904785, 28.34000015258789, 27.950000762939453, 28.020000457763672, 27.959999084472656, 27.940000534057617, 27.790000915527344, 27.799999237060547, 27.540000915527344, 27.399999618530273, 26.950000762939453, 26.760000228881836, 26.709999084472656, 26.899999618530273, 27.049999237060547, 27.09000015258789, 27.149999618530273, 27.260000228881836, 27.170000076293945, 27.260000228881836, 27.149999618530273, 27.170000076293945, 27.270000457763672, 27.34000015258789, 27.600000381469727, 27.729999542236328, 27.56399917602539, 27.725000381469727, 27.809999465942383, 27.860000610351562, 27.969999313354492, 28.040000915527344, 27.809999465942383, 27.8700008392334, 27.920000076293945, 27.93000030517578]
assets:[0, 100.00068619079589, 200.07244997749328, 298.7805182292938, 399.5353275859833, 498.6719145240783, 600.4707274686813, 698.3113739280701, 795.5396509954452, 905.339837305069, 1004.3664635089874, 1116.2424709529878, 1217.5456755838393, 1311.3868048759462, 1414.1852047916414, 1513.182541098213, 1618.447571506691, 1722.5703912746428, 1798.8648441028595, 1903.3706110954286, 1999.2937145347594, 2097.8637640995025, 2186.6006420364383, 2287.386717225266, 2365.9945266540526, 2453.965885835266, 2513.664301160431, 2595.942130203438, 2691.091169758606, 2810.2348901479722, 2925.906447475433, 3030.2332370681765, 3136.94353592453, 3249.653723284912, 3338.9240263757706, 3449.9847389669417, 3536.0621053167347, 3638.666184217453, 3752.0575469833375, 3861.6875335525515, 3998.4120552635195, 4117.244958032989, 4192.597287070083, 4317.087534399033, 4430.32202292099, 4538.28823142395, 4656.207740693092, 4767.860067674255, 4828.750323269654, 4939.168927730369, 5048.030941794205, 5149.83959026947]
shares:[0, 3.5894, 7.1762, 10.7863, 14.3873, 17.9961, 21.5919, 25.2007, 28.8239, 32.403, 35.9859, 39.527, 43.0639, 46.6188, 50.1662, 53.7161, 57.2537, 60.7823, 64.3601, 67.929, 71.5055, 75.0846, 78.683, 82.2801, 85.9112, 89.5608, 93.2714, 97.0083, 100.7522, 104.4697, 108.1666, 111.858, 115.5412, 119.2096, 122.8901, 126.5585, 130.2417, 133.9222, 137.5892, 141.2468, 144.87, 148.4762, 152.1041, 155.711, 159.3068, 162.8962, 166.4715, 170.0378, 173.6336, 177.2217, 180.8034, 184.3838]
growth_rate:0.98
