ticker:SV
price:[10.130000114440918, 10.0600004196167, 10.25, 10.119999885559082, 10.130000114440918, 10.460000038146973, 11.050000190734863, 10.720000267028809, 11.09000015258789, 11.289999961853027, 11.59000015258789, 10.59000015258789, 10.109999656677246, 10.145000457763672, 9.920000076293945, 10.0600004196167, 10.0600004196167, 10.020000457763672, 9.949999809265137, 9.949999809265137, 9.979999542236328, 9.949999809265137, 9.930000305175781, 9.9399995803833, 9.9399995803833, 9.970000267028809, 10.050000190734863, 10.010000228881836, 10.010000228881836, 10.0, 10.010000228881836, 9.989999771118164, 10.020000457763672, 10.039999961853027, 10.0600004196167, 10.045000076293945, 9.920000076293945, 10.229999542236328, 9.949999809265137, 8.770000457763672]
assets:[0, 100.00042817115784, 201.889125, 299.328344615078, 399.6244525146484, 512.6425098695755, 641.5585910739899, 722.3993779945374, 847.3325706584931, 962.6136217474938, 1088.1920683265687, 1094.3017807674407, 1144.7016781273842, 1248.6649173423766, 1320.9710181594849, 1439.6142280483245, 1539.6146562194826, 1633.4925386260986, 1722.0812919888497, 1822.081775071907, 1927.575035585785, 2021.781256243801, 2117.717543083191, 2219.8504062891006, 2319.8507780675886, 2426.852599998951, 2546.325333325672, 2636.190617277336, 2736.190519563866, 2833.4570000000003, 2936.2904241392134, 3030.4234735696796, 3139.523657429123, 3245.790423667622, 3352.25671782732, 3447.258193682671, 3504.360058951759, 3713.8714128147126, 3712.2215488391876, 3371.9783530055997]
shares:[0, 9.9404, 19.6965, 29.5779, 39.4496, 49.0098, 58.0596, 67.388, 76.4051, 85.2625, 93.8906, 103.3335, 113.2247, 123.0818, 133.1624, 143.1028, 153.0432, 163.0232, 173.0735, 183.1238, 193.1438, 203.1941, 213.2646, 223.325, 233.3854, 243.4155, 253.3657, 263.3557, 273.3457, 283.3457, 293.3357, 303.3457, 313.3257, 323.2859, 333.2263, 343.1815, 353.2621, 363.0373, 373.0876, 384.4901]
growth_rate:-13.54
