ticker:SVA
price:[6.46999979019165, 6.46999979019165, 6.46999979019165, 6.46999979019165, 6.46999979019165, 6.46999979019165, 6.46999979019165, 6.46999979019165, 6.46999979019165, 6.46999979019165, 6.46999979019165, 6.46999979019165, 6.46999979019165, 6.46999979019165, 6.46999979019165, 6.46999979019165, 6.46999979019165, 6.46999979019165, 6.46999979019165, 6.46999979019165, 6.46999979019165, 6.46999979019165, 6.46999979019165, 6.46999979019165, 6.46999979019165, 6.46999979019165, 6.46999979019165, 6.46999979019165, 6.46999979019165, 6.46999979019165, 6.46999979019165, 6.46999979019165, 6.46999979019165, 6.46999979019165, 6.46999979019165, 6.46999979019165, 6.46999979019165, 6.46999979019165, 6.46999979019165, 6.46999979019165, 6.46999979019165, 6.46999979019165, 6.46999979019165, 6.46999979019165, 6.46999979019165, 6.46999979019165, 6.46999979019165, 6.46999979019165, 6.46999979019165, 6.46999979019165, 6.46999979019165, 6.46999979019165]
assets:[0, 100.00031675720214, 200.00063351440429, 300.0009502716065, 400.00126702880857, 500.00158378601077, 600.001900543213, 700.0022173004149, 800.0025340576171, 900.0028508148195, 1000.0031675720215, 1100.0034843292235, 1200.003801086426, 1300.004117843628, 1400.0044346008299, 1500.0047513580323, 1600.0050681152343, 1700.0053848724365, 1800.005701629639, 1900.0060183868407, 2000.006335144043, 2100.0066519012453, 2200.006968658447, 2300.007285415649, 2400.007602172852, 2500.0079189300536, 2600.008235687256, 2700.008552444458, 2800.0088692016598, 2900.0091859588624, 3000.0095027160646, 3100.009819473267, 3200.0101362304686, 3300.0104529876708, 3400.010769744873, 3500.0110865020756, 3600.011403259278, 3700.011720016479, 3800.0120367736813, 3900.012353530884, 4000.012670288086, 4100.012987045288, 4200.013303802491, 4300.013620559692, 4400.013937316894, 4500.014254074096, 4600.014570831298, 4700.014887588501, 4800.015204345704, 4900.015521102906, 5000.015837860107, 5100.016154617309]
shares:[0, 15.456, 30.912, 46.368, 61.824, 77.28, 92.736, 108.192, 123.648, 139.104, 154.56, 170.016, 185.472, 200.928, 216.384, 231.84, 247.296, 262.752, 278.208, 293.664, 309.12, 324.576, 340.032, 355.488, 370.944, 386.4, 401.856, 417.312, 432.768, 448.224, 463.68, 479.136, 494.592, 510.048, 525.504, 540.96, 556.416, 571.872, 587.328, 602.784, 618.24, 633.696, 649.152, 664.608, 680.064, 695.52, 710.976, 726.432, 741.888, 757.344, 772.8, 788.256]
growth_rate:0.0
