ticker:SVBI
price:[6.059999942779541, 6.039999961853027, 6.639999866485596, 6.010000228881836, 6.409999847412109, 6.480000019073486, 6.400000095367432, 6.369999885559082, 6.199999809265137, 6.239999771118164, 6.519999980926514, 6.789999961853027, 6.889999866485596, 7.190000057220459, 7.190000057220459, 7.099999904632568, 7.099999904632568, 7.139999866485596, 7.510000228881836, 7.739999771118164, 7.710000038146973, 7.75, 7.800000190734863, 7.760000228881836, 8.010000228881836, 8.199999809265137, 10.869999885559082, 12.300000190734863, 12.350000381469727, 12.550000190734863, 12.289999961853027, 12.130000114440918, 12.0, 11.770000457763672, 11.84000015258789, 11.90999984741211, 12.0, 12.029999732971191, 12.130000114440918, 12.229999542236328, 12.210000038146973, 12.130000114440918, 11.899999618530273, 11.890000343322754, 11.920000076293945, 12.0600004196167, 11.979999542236328, 12.239999771118164, 12.449999809265137, 12.479999542236328, 12.229999542236328, 12.489999771118164]
assets:[0, 100.00005136842728, 209.93355577874183, 290.01496504478456, 409.31695025634764, 513.7868895123005, 607.4438490516186, 704.5965163414955, 785.79231582613, 890.8616793233872, 1030.8361209844113, 1173.523841407013, 1290.807024986744, 1447.0105195158005, 1547.010478311634, 1627.6458681374074, 1727.6458167942046, 1837.3790056419373, 2032.593577947235, 2194.8433450956345, 2286.336518312168, 2398.197975, 2513.670181467247, 2600.779596710205, 2784.5676435676573, 2950.618231367588, 4011.368014767742, 4639.08283193779, 4757.941386964417, 4934.992650002003, 4932.753712689209, 4968.535382875823, 5015.286, 5019.160154207229, 5149.010050357819, 5279.451631361008, 5419.346399999999, 5532.895221186829, 5678.887597577667, 5825.70402394638, 5916.177252483559, 5977.414178394127, 5964.0751288139345, 6059.063322954941, 6174.351439518928, 6346.869484833527, 6404.766523269653, 6643.767835764886, 6857.753714938736, 6974.278016184998, 6934.568730442047, 7181.992174388504]
shares:[0, 16.5563, 31.6165, 48.2554, 63.856, 79.2881, 94.9131, 110.6117, 126.7407, 142.7663, 158.1037, 172.8312, 187.345, 201.2532, 215.1614, 229.2459, 243.3304, 257.336, 270.6516, 283.5715, 296.5417, 309.4449, 322.2654, 335.152, 347.6364, 359.8315, 369.0311, 377.1612, 385.2584, 393.2265, 401.3632, 409.6072, 417.9405, 426.4367, 434.8826, 443.2789, 451.6122, 459.9248, 468.1688, 476.3454, 484.5354, 492.7794, 501.1828, 509.5932, 517.9825, 526.2744, 534.6216, 542.7915, 550.8236, 558.8364, 567.013, 575.0194]
growth_rate:40.82
