ticker:SVC
price:[8.819999694824219, 8.300000190734863, 8.010000228881836, 7.5, 8.449999809265137, 8.3100004196167, 7.800000190734863, 8.180000305175781, 7.210000038146973, 7.690000057220459, 10.300000190734863, 11.539999961853027, 12.3100004196167, 13.510000228881836, 12.0, 11.479999542236328, 11.460000038146973, 11.489999771118164, 11.510000228881836, 11.220000267028809, 11.079999923706055, 10.609999656677246, 11.75, 11.989999771118164, 12.390000343322754, 12.84000015258789, 12.260000228881836, 13.539999961853027, 12.8100004196167, 12.380000114440918, 12.300000190734863, 12.4399995803833, 12.430000305175781, 12.029999732971191, 12.319999694824219, 12.079999923706055, 11.319999694824219, 10.65999984741211, 12.5600004196167, 12.460000038146973, 13.970000267028809, 13.3100004196167, 13.210000038146973, 12.630000114440918, 12.489999771118164, 11.720000267028809, 11.390000343322754, 11.130000114440918, 11.920000076293945, 11.329999923706055, 10.760000228881836, 11.5600004196167]
assets:[0, 100.00006229801177, 196.50613161506652, 283.99425, 419.9666805204392, 513.0087349045754, 581.5243342201233, 709.8547004829408, 725.6785728394508, 873.9900385032654, 1270.623473529339, 1523.5915749635694, 1725.2527138094902, 1993.4329577720644, 1870.6284, 1889.5677446537018, 1986.2758566117286, 2091.4752513376234, 2195.1158816509246, 2239.8093833060266, 2311.8619280811313, 2313.7958341292383, 2662.4031250000003, 2816.7842682292935, 3010.755215427017, 3220.1051182670594, 3174.6485952674866, 3606.096003840351, 3511.6758700318333, 3493.796972296715, 3571.2201853785514, 3711.8682227940562, 3808.8852175140382, 3786.314897955513, 3977.5895174720763, 4000.1035267364505, 3848.4410522499084, 3724.0624186935424, 4487.826309933662, 4552.0952959364895, 5203.753852466869, 5057.906639457702, 5119.905394784927, 4995.110736260891, 5039.741136645698, 4829.0444500250815, 4793.072743475056, 4783.66069318657, 5223.202185431099, 5064.670851895523, 4909.87310844059, 5374.919299104309]
shares:[0, 12.0482, 24.5326, 37.8659, 49.7002, 61.7339, 74.5544, 86.7793, 100.6489, 113.6528, 123.3615, 132.027, 140.1505, 147.5524, 155.8857, 164.5965, 173.3225, 182.0257, 190.7138, 199.6265, 208.6518, 218.0769, 226.5875, 234.9278, 242.9988, 250.787, 258.9436, 266.3291, 274.1355, 282.213, 290.3431, 298.3817, 306.4268, 314.7394, 322.8563, 331.1344, 339.9683, 349.3492, 357.311, 365.3367, 372.4949, 380.008, 387.578, 395.4957, 403.5021, 412.0345, 420.8141, 429.7988, 438.1881, 447.0142, 456.3079, 464.9584]
growth_rate:5.39
