ticker:SVFAW
price:[4.5, 5.21999979019165, 4.873000144958496, 4.059999942779541, 3.819999933242798, 4.019999980926514, 3.240000009536743, 2.3399999141693115, 1.909999966621399, 2.440000057220459, 2.0299999713897705, 1.7350000143051147, 1.7400000095367432, 1.6100000143051147, 1.2999999523162842, 1.5199999809265137, 1.409999966621399, 1.4500000476837158, 1.5299999713897705, 1.4600000381469727, 1.4950000047683716, 1.5, 1.5399999618530273, 1.4800000190734863, 1.3799999952316284, 1.3300000429153442, 1.3300000429153442, 1.2799999713897705, 1.0, 0.949999988079071, 0.9100000262260437, 0.9300000071525574]
assets:[0, 100.00005798068047, 193.3523616517067, 261.093724320221, 345.6595699593544, 463.75684579963684, 473.7741853945255, 442.1701277812958, 460.9166079451561, 688.8149441534042, 673.0714595139265, 675.2606175675393, 777.2066742597818, 819.1395102781892, 761.4169920713903, 990.272235573721, 1018.6078048867346, 1147.5045177360535, 1310.8150824884176, 1350.8431352949142, 1483.2262817308188, 1588.1869500000003, 1730.5386131332398, 1763.11514272213, 1743.9857579739332, 1780.7979714613198, 1880.7980146880388, 1910.0912213061333, 1592.2588, 1612.6458797639607, 1644.7450584012688, 1780.893283696711]
shares:[0, 19.1571, 39.6783, 64.3088, 90.4868, 115.3624, 146.2266, 188.9616, 241.3176, 282.3012, 331.5623, 389.1992, 446.6705, 508.7823, 585.7054, 651.4949, 722.4169, 791.3824, 856.7419, 925.235, 992.1246, 1058.7913, 1123.7264, 1191.294, 1263.7578, 1338.9458, 1414.1338, 1492.2588, 1592.2588, 1697.522, 1807.4121, 1914.939]
growth_rate:-42.55
