ticker:SVFA
price:[12.3100004196167, 12.729999542236328, 13.279999732971191, 13.199999809265137, 12.210000038146973, 11.199999809265137, 11.300000190734863, 10.699999809265137, 10.100000381469727, 10.420000076293945, 10.380000114440918, 10.25, 10.210000038146973, 10.180000305175781, 10.069999694824219, 9.960000038146973, 9.970000267028809, 9.989999771118164, 9.859999656677246, 9.949999809265137, 9.899999618530273, 9.920000076293945, 9.899999618530273, 9.899999618530273, 9.859999656677246, 9.890000343322754, 9.75, 9.720000267028809, 9.710000038146973, 9.729999542236328, 9.699999809265137, 9.720000267028809]
assets:[0, 100.00051140403748, 204.32076389160156, 303.09047562046055, 380.3585951883316, 448.89599235534666, 552.9044893325806, 623.5467688848495, 688.5816660072327, 810.397791933632, 907.2867460029603, 995.9238250000001, 1092.0371000801085, 1188.828579638672, 1275.98275233078, 1362.0449452166556, 1463.4125911949156, 1566.3480481132506, 1645.9652386878968, 1760.9897712430002, 1852.1404386327745, 1955.881775042534, 2051.938270934105, 2151.9381670808793, 2243.243591890812, 2350.068804580593, 2416.8017250000003, 2509.3658129375463, 2606.784479241085, 2712.1536944023132, 2803.7917348679543, 2909.5732159320833]
shares:[0, 7.8555, 15.3856, 22.9614, 31.1514, 40.08, 48.9296, 58.2754, 68.1764, 77.7733, 87.4072, 97.1633, 106.9576, 116.7808, 126.7113, 136.7515, 146.7816, 156.7916, 166.9336, 176.9839, 187.0849, 197.1655, 207.2665, 217.3675, 227.5095, 237.6207, 247.8771, 258.1652, 268.4639, 278.7414, 289.0507, 299.3388]
growth_rate:-6.14
