ticker:SVFAU
price:[12.0, 13.279999732971191, 13.0600004196167, 13.0, 13.399999618530273, 14.199999809265137, 13.949999809265137, 12.880000114440918, 11.989999771118164, 12.010000228881836, 11.3100004196167, 10.479999542236328, 10.760000228881836, 10.869999885559082, 10.649999618530273, 10.520000457763672, 10.520000457763672, 10.350000381469727, 10.180000305175781, 10.260000228881836, 10.279999732971191, 10.130000114440918, 10.220000267028809, 10.170000076293945, 10.1899995803833, 10.180000305175781, 10.220000267028809, 10.140000343322754, 10.15999984741211, 9.989999771118164, 9.979999542236328, 9.970000267028809, 9.90999984741211, 9.869999885559082, 9.859999656677246, 9.890000343322754]
assets:[0, 99.99972598924637, 198.34353237276076, 297.4322, 406.5841284254074, 530.8584728694916, 621.5129465022087, 673.841677987194, 727.2798141166687, 828.493051789093, 880.2041756567955, 915.6092640064239, 1040.0723821239471, 1150.7047098852158, 1227.4156510354994, 1312.4331771087645, 1412.4331454601286, 1489.608279902458, 1565.1414529197693, 1677.4412954206466, 1780.7108057450293, 1854.7280589532852, 1971.2060575037956, 2061.561732465553, 2165.6153948215483, 2263.490491854858, 2372.383991985798, 2453.8131590818407, 2558.652705572891, 2615.8404810682296, 2713.2215575496675, 2810.5031952743534, 2893.58914344635, 2981.909560425281, 3078.888422793865, 3188.2562236775398]
shares:[0, 7.5301, 15.1871, 22.8794, 30.3421, 37.3844, 44.5529, 52.3169, 60.6572, 68.9836, 77.8253, 87.3673, 96.661, 105.8606, 115.2503, 124.756, 134.2617, 143.9235, 153.7467, 163.4933, 173.2209, 183.0926, 192.8773, 202.7101, 212.5236, 222.3468, 232.1315, 241.9934, 251.8359, 261.8459, 271.8659, 281.896, 291.9868, 302.1185, 312.2605, 322.3717]
growth_rate:-8.91
