ticker:SVFB
price:[10.420000076293945, 10.34000015258789, 10.09000015258789, 10.329999923706055, 10.40999984741211, 10.350000381469727, 10.180000305175781, 10.140000343322754, 10.260000228881836, 10.0, 9.970000267028809, 10.0, 9.960000038146973, 9.989999771118164, 9.949999809265137, 9.899999618530273, 9.949999809265137, 9.949999809265137, 9.920000076293945, 9.899999618530273, 9.779999732971191, 9.859999656677246, 9.789999961853027, 9.699999809265137, 9.710000038146973, 9.75]
assets:[0, 100.00020947570802, 197.58238298797608, 302.2816227674484, 404.62212006912233, 502.2896585128784, 594.0396658081055, 691.7051934199334, 799.8911638441086, 879.6210000000001, 976.9822601667404, 1079.922, 1175.6027085025787, 1279.1435466934204, 1374.0223386609077, 1467.1175734685899, 1574.5277698173522, 1674.5282529004096, 1769.4790216089248, 1865.91133810215, 1943.293770941162, 2059.189936299515, 2144.5709586436274, 2224.855976251793, 2327.1500721425055, 2436.736575]
shares:[0, 9.6712, 19.582, 29.2625, 38.8686, 48.5304, 58.3536, 68.2155, 77.9621, 87.9621, 97.9922, 107.9922, 118.0324, 128.0424, 138.0927, 148.1937, 158.244, 168.2943, 178.3749, 188.4759, 198.7008, 208.8428, 219.0573, 229.3666, 239.6653, 249.9217]
growth_rate:-2.53
