ticker:SVFC
price:[10.4350004196167, 10.279999732971191, 9.970000267028809, 10.100000381469727, 10.25, 10.199999809265137, 10.539999961853027, 10.489999771118164, 10.199999809265137, 10.0, 9.970000267028809, 9.949999809265137, 9.979999542236328, 9.960000038146973, 9.949999809265137, 9.90999984741211, 9.90999984741211, 9.949999809265137, 9.920000076293945, 9.899999618530273, 9.800000190734863, 9.829999923706055, 9.758000373840332, 9.6899995803833, 9.6899995803833, 9.739999771118164]
assets:[0, 99.99972540245057, 196.9842742758751, 299.5528813138962, 404.00169999999997, 502.030730612278, 618.7654537605285, 715.8302413812637, 796.0406251144409, 880.432, 977.7908271883965, 1075.82979937706, 1179.073073918152, 1276.710652889824, 1375.429268633938, 1469.8997363674166, 1569.8995628276823, 1676.2366678676606, 1771.1822856220247, 1867.6111680366516, 1948.7466979279518, 2054.7118020526887, 2139.662112772942, 2224.751228659153, 2324.7510553287507, 2436.7463247385026]
shares:[0, 9.7276, 19.7577, 29.6587, 39.4148, 49.2187, 58.7064, 68.2393, 78.0432, 88.0432, 98.0733, 108.1236, 118.1436, 128.1838, 138.2341, 148.3249, 158.4157, 168.466, 178.5466, 188.6476, 198.8517, 209.0246, 219.2726, 229.5925, 239.9124, 250.1793]
growth_rate:-2.53
