ticker:SVFD
price:[7.559999942779541, 7.559999942779541, 6.71999979019165, 7.559999942779541, 5.880000114440918, 5.880000114440918, 5.880000114440918, 5.880000114440918, 7.139999866485596, 7.139999866485596, 8.050000190734863, 8.75, 8.399999618530273, 8.75, 8.75, 8.75, 8.75, 8.609999656677246, 9.800000190734863, 10.5, 10.5, 12.25, 19.25, 20.649999618530273, 19.950000762939453, 4.0, 24.0, 24.0, 15.0, 15.0, 15.0, 18.0, 17.0, 18.0, 18.0, 13.0, 10.75, 10.5, 10.550000190734863, 9.5, 8.477999687194824, 9.565999984741211, 9.21500015258789, 9.428999900817871, 9.039999961853027, 9.0, 9.079999923706055, 9.449999809265137, 9.350000381469727, 7.840000152587891, 8.0, 7.800000190734863]
assets:[0, 99.99989924311637, 188.889114102602, 312.5001576347351, 343.0556706768036, 443.05565662307737, 543.0556425693511, 643.055628515625, 880.8532155284881, 980.8531976585389, 1205.8642685714722, 1410.72225, 1454.29361395607, 1614.8895, 1714.88975, 1814.8899999999999, 1914.8902500000002, 1984.2519108781814, 2358.4984259028433, 2626.96245, 2726.96235, 3281.4565000000002, 5256.5744, 5738.870303985214, 5644.332020853805, 1231.6956, 7490.1744, 7590.1752, 4843.86, 4943.860500000001, 5043.861, 6152.634, 5910.8218, 6358.518, 6458.5188, 4764.4857, 4039.8629, 4045.9125, 4165.17911030283, 3850.6349999999998, 3536.3873151210787, 4090.2197508756635, 4040.1398888992308, 4233.964171063614, 4159.288614448643, 4240.8846, 4378.5811712093355, 4657.003376004982, 4707.723322069931, 4047.4384947742465, 4230.0392, 4224.28822329731]
shares:[0, 13.2275, 28.1085, 41.336, 58.3428, 75.3496, 92.3564, 109.3632, 123.3688, 137.3744, 149.7968, 161.2254, 173.1302, 184.5588, 195.9874, 207.416, 218.8446, 230.459, 240.6631, 250.1869, 259.7107, 267.874, 273.0688, 277.9114, 282.9239, 307.9239, 312.0906, 316.2573, 322.924, 329.5907, 336.2574, 341.813, 347.6954, 353.251, 358.8066, 366.4989, 375.8012, 385.325, 394.8037, 405.33, 417.1252, 427.5789, 438.4308, 449.0364, 460.0983, 471.2094, 482.2226, 492.8046, 503.4998, 516.2549, 528.7549, 541.5754]
growth_rate:-17.17
