ticker:SVOKU
price:[10.15999984741211, 10.380000114440918, 10.350000381469727, 10.399999618530273, 10.619999885559082, 10.699999809265137, 10.579999923706055, 10.609999656677246, 11.119999885559082, 11.319999694824219, 10.869999885559082, 10.430000305175781, 10.760000228881836, 10.609999656677246, 10.369999885559082, 10.220000267028809, 10.420000076293945, 10.300000190734863, 10.270000457763672, 10.279999732971191, 10.100000381469727, 10.020000457763672, 10.079999923706055, 10.180000305175781, 10.039999961853027, 10.25, 10.390000343322754, 10.430000305175781, 10.420000076293945, 10.390000343322754, 10.354999542236328, 10.401000022888184, 10.369999885559082, 10.369999885559082, 10.329999923706055, 10.199999809265137, 10.194999694824219, 10.204999923706055]
assets:[0, 99.99988310251237, 199.7105023607254, 300.6754289712906, 407.0359216137886, 510.10216090707775, 604.3814376417159, 706.0954771518707, 840.0359273548127, 955.1442182502747, 1017.1743702910424, 1076.0005514831544, 1210.044877739525, 1293.1764661548614, 1363.924604948044, 1444.195391734028, 1572.4572035133363, 1654.347920635128, 1749.5294959815978, 1851.232631913185, 1918.8182724723815, 2003.6193315353391, 2115.6165919872283, 2236.6051110488893, 2305.8466312389373, 2454.076525, 2587.5952985033987, 2697.5568709289555, 2794.970166464424, 2886.922896394253, 2977.198018886948, 3090.424174400711, 3181.213160892868, 3281.2131437892913, 3368.556160120964, 3426.1636159324644, 3524.483778998566, 3627.940743877029]
shares:[0, 9.6339, 19.2957, 28.9111, 38.3273, 47.6731, 57.1249, 66.55, 75.5428, 84.3767, 93.5763, 103.164, 112.4577, 121.8828, 131.526, 141.3107, 150.9076, 160.6163, 170.3534, 180.081, 189.982, 199.962, 209.8826, 219.7058, 229.666, 239.4221, 249.0467, 258.6344, 268.2313, 277.8559, 287.5131, 297.1276, 306.7708, 316.414, 326.0945, 335.8984, 345.7071, 355.5062]
growth_rate:-1.95
