ticker:SVOK
price:[10.229999542236328, 10.369999885559082, 10.210000038146973, 9.949999809265137, 10.100000381469727, 10.0, 9.829999923706055, 9.75, 9.930000305175781, 9.819999694824219, 9.819999694824219, 9.829999923706055, 9.729999542236328, 9.649999618530273, 9.670000076293945, 9.789999961853027, 9.6899995803833, 9.8100004196167, 9.850000381469727, 9.880000114440918, 9.850000381469727, 9.859999656677246, 9.859999656677246, 9.880000114440918, 9.890000343322754, 9.890000343322754, 9.890000343322754, 9.84000015258789, 9.869999885559082, 9.859999656677246, 9.890000343322754]
assets:[0, 99.99998289642335, 198.45687574148178, 293.4036043756485, 397.8268950256348, 493.88800000000003, 585.4915064558029, 680.726475, 793.2938223800659, 884.5060305122375, 984.5060334045411, 1085.5082145750046, 1174.4654327453613, 1264.8090450014113, 1367.4308427886965, 1484.3999332159997, 1569.2372920455932, 1688.6709092318533, 1795.5565695381163, 1901.0256420197486, 1995.2535072719572, 2097.279114973259, 2197.2792314912795, 2301.7367106612205, 2404.0662284550667, 2504.0659999264717, 2604.065771397877, 2690.900561727524, 2799.104331544876, 2896.2684111526487, 3005.080560318756]
shares:[0, 9.6432, 19.4375, 29.4878, 39.3888, 49.3888, 59.5617, 69.8181, 79.8886, 90.0719, 100.2552, 110.4281, 120.7056, 131.0683, 141.4096, 151.6241, 161.944, 172.1377, 182.29, 192.4115, 202.5638, 212.7058, 222.8478, 232.9693, 243.0805, 253.1917, 263.3029, 273.4655, 283.5972, 293.7392, 303.8504]
growth_rate:0.17
