ticker:SVRA
price:[1.25, 1.190000057220459, 1.2699999809265137, 1.190000057220459, 1.090000033378601, 1.2699999809265137, 1.1799999475479126, 1.1799999475479126, 1.0399999618530273, 1.0499999523162842, 1.0399999618530273, 1.1799999475479126, 1.3300000429153442, 1.440000057220459, 1.2100000381469727, 1.3600000143051147, 1.309999942779541, 1.149999976158142, 1.309999942779541, 1.4500000476837158, 1.7899999618530273, 1.5299999713897705, 1.940000057220459, 1.75, 1.7200000286102295, 1.7000000476837158, 1.6299999952316284, 1.5700000524520874, 2.069999933242798, 1.649999976158142, 2.25, 1.9500000476837158, 1.75, 1.9800000190734863, 1.899999976158142, 1.6299999952316284, 1.559999942779541, 1.7100000381469727, 1.7999999523162842, 1.809999942779541, 1.8300000429153442, 1.7699999809265137, 1.7699999809265137, 1.590000033378601, 1.5199999809265137, 1.3600000143051147, 1.3300000429153442, 1.2799999713897705, 1.2599999904632568, 1.190000057220459, 1.2400000095367432, 1.4299999475479126]
assets:[0, 99.99998880844117, 206.72272289533615, 293.70082012243273, 369.0200563003421, 529.9591810408116, 592.4030436671376, 692.4030832220435, 710.2535179480553, 817.0828728937627, 909.3010866470337, 1131.7070336945771, 1375.568238385701, 1589.3369911545756, 1435.4845132556914, 1713.437090022731, 1750.4430145411015, 1636.6484560689212, 1964.3560491974354, 2274.2873747906683, 2907.56835903635, 2585.2400336573123, 3378.0169516348838, 3147.180225, 3193.2285571156976, 3256.097981331086, 3222.023272574353, 3203.4213560230137, 4323.619003563905, 3546.363098756433, 4935.9496500000005, 4377.82323205173, 4028.8157, 4658.317334873915, 4570.102432652772, 4020.666872238016, 3948.0001191882134, 4427.615717772007, 4760.647973885894, 4887.095956501723, 5041.097275218809, 4975.815273380708, 5075.81531630311, 4659.630883818841, 4554.489790848684, 4175.069891915334, 4182.972893972718, 4125.718051783013, 4161.25379250412, 4030.073233783722, 4299.40392106638, 5058.183373466933]
shares:[0, 84.0336, 162.7738, 246.8074, 338.5505, 417.2907, 502.0365, 586.7823, 682.9361, 778.1742, 874.328, 959.0738, 1034.2618, 1103.7062, 1186.3508, 1259.8802, 1336.2161, 1423.1726, 1499.5085, 1568.474, 1624.3399, 1689.6994, 1741.2458, 1798.3887, 1856.5282, 1915.3517, 1976.7014, 2040.3957, 2088.7049, 2149.311, 2193.7554, 2245.0375, 2302.1804, 2352.6855, 2405.3171, 2466.6668, 2530.7694, 2589.2489, 2644.8045, 2700.0531, 2754.6979, 2811.1951, 2867.6923, 2930.5854, 2996.3749, 3069.9043, 3145.0923, 3223.2173, 3302.5824, 3386.616, 3467.2612, 3537.1913]
growth_rate:-0.82
