ticker:SVSVU
price:[10.050000190734863, 10.270000457763672, 10.699999809265137, 10.520000457763672, 10.800000190734863, 10.550000190734863, 10.720000267028809, 11.300000190734863, 11.880000114440918, 11.510000228881836, 12.100000381469727, 12.319999694824219, 13.130000114440918, 11.819999694824219, 10.960000038146973, 10.949999809265137, 10.460000038146973, 10.649999618530273, 10.630000114440918, 10.552000045776367, 10.40999984741211, 10.390000343322754, 10.449999809265137, 10.380000114440918, 10.309000015258789, 10.399999618530273, 10.399999618530273, 10.420000076293945, 10.649999618530273, 10.600000381469727, 10.699999809265137, 10.609999656677246, 10.579999923706055, 10.510000228881836, 10.59000015258789, 10.539999961853027, 10.600000381469727, 10.5, 10.149999618530273, 10.710000038146973, 9.720000267028809, 9.149999618530273]
assets:[0, 100.00002145729064, 204.18702636022567, 300.7520850868225, 408.75732721891404, 499.2956390268326, 607.3416151285172, 740.2019924940109, 878.194556459713, 950.8434209079743, 1099.583904665947, 1219.576481790161, 1399.759113200283, 1360.1025428840637, 1361.1443247375487, 1459.9021545703888, 1494.572921450615, 1621.7212369119645, 1718.6754265029908, 1806.0644998350144, 1881.759458417511, 1978.1438533649443, 2089.567331860924, 2175.5701739859583, 2260.6894785461427, 2380.6451926784516, 2480.6453490104673, 2585.4156289300918, 2742.4835317676543, 2829.608621831131, 2956.302947301865, 3031.4371129075053, 3122.8657794805526, 3202.203685736084, 3326.578502931595, 3410.872575655174, 3530.2898470470427, 3596.985, 3577.0851955615994, 3874.442116800022, 3616.300827347374, 3504.2339139060973]
shares:[0, 9.7371, 19.0829, 28.5886, 37.8479, 47.3266, 56.655, 65.5046, 73.9221, 82.6102, 90.8747, 98.9916, 106.6077, 115.0679, 124.192, 133.3244, 142.8846, 152.2743, 161.6816, 171.1585, 180.7646, 190.3892, 199.9586, 209.5925, 219.2928, 228.9082, 238.5236, 248.1205, 257.5102, 266.9442, 276.29, 285.7151, 295.1669, 304.6816, 314.1245, 323.6122, 333.0462, 342.57, 352.4222, 361.7593, 372.0474, 382.9764]
growth_rate:-14.53
