ticker:SVVC
price:[4.389999866485596, 4.260000228881836, 4.349999904632568, 4.239999771118164, 4.010000228881836, 3.9200000762939453, 3.4600000381469727, 3.309999942779541, 3.0899999141693115, 3.1600000858306885, 3.359999895095825, 3.9700000286102295, 5.110000133514404, 4.389999866485596, 4.449999809265137, 4.320000171661377, 4.489999771118164, 4.46999979019165, 4.460000038146973, 4.900000095367432, 5.150000095367432, 6.099999904632568, 6.21999979019165, 7.099999904632568, 6.829999923706055, 6.710000038146973, 5.880000114440918, 5.75, 5.789999961853027, 5.400000095367432, 5.519999980926514, 5.860000133514404, 6.28000020980835, 6.230000019073486, 6.400000095367432, 6.53000020980835, 6.070000171661377, 6.260000228881836, 5.940000057220459, 5.539999961853027, 5.739999771118164, 5.71999979019165, 5.710000038146973, 5.71999979019165, 5.690000057220459, 5.619999885559082, 5.710000038146973, 5.699999809265137, 5.769999980926514, 5.789999961853027, 5.829999923706055, 5.699999809265137]
assets:[0, 100.00009737281799, 202.11274056897162, 297.00180796737675, 380.8910747404098, 472.3423691930771, 516.9143176990509, 594.5047867227078, 654.990989806366, 769.8291089097977, 918.552403321433, 1185.3133805420878, 1625.6806234758853, 1496.6216334827898, 1617.0765306892395, 1669.836018353319, 1835.54692843132, 1927.3709335350036, 2023.0591393034936, 2322.6436552050113, 2541.1460070568087, 3109.900731379795, 3271.0792296624186, 3833.868598503351, 3788.0736816856383, 3821.5188107256886, 3448.8123431233403, 3472.563, 3596.7201843032835, 3454.4540410078525, 3631.219379452896, 3954.8812741081238, 4338.337184939384, 4403.796375482464, 4623.964228902436, 4817.888353798342, 4578.496725481224, 4821.810248297882, 4675.327713037777, 4460.490527286243, 4721.518893729973, 4805.067519751167, 4896.667061713314, 5005.242344408798, 5078.99135007596, 5116.508029811764, 5298.444933397484, 5389.1657096663475, 5555.348480636072, 5674.6046836133, 5813.807681917954, 5784.16885644865]
shares:[0, 23.4742, 46.4627, 70.0476, 94.9853, 120.4955, 149.3972, 179.6087, 211.9712, 243.6168, 273.3787, 298.5676, 318.1371, 340.9161, 363.388, 386.5361, 408.8078, 431.1792, 453.6007, 474.0089, 493.4264, 509.8198, 525.897, 539.9815, 554.6228, 569.5259, 586.5327, 603.924, 621.1952, 639.7137, 657.8296, 674.8944, 690.818, 706.8694, 722.4944, 737.8083, 754.2828, 770.2572, 787.0922, 805.1427, 822.5643, 840.0468, 857.5599, 875.0424, 892.6171, 910.4107, 927.9238, 945.4677, 962.7987, 980.0699, 997.2226, 1014.7665]
growth_rate:13.42
