ticker:SWAV
price:[61.540000915527344, 65.91000366210938, 72.33999633789062, 71.94999694824219, 75.05000305175781, 78.30999755859375, 78.22000122070312, 72.83000183105469, 68.31999969482422, 75.55999755859375, 94.25, 98.04000091552734, 99.19000244140625, 93.11000061035156, 94.63999938964844, 99.48999786376953, 100.0, 103.72000122070312, 118.55999755859375, 136.8699951171875, 129.97999572753906, 116.04000091552734, 127.66999816894531, 133.5, 131.97000122070312, 116.76000213623047, 98.41999816894531, 112.20999908447266, 119.12999725341797, 104.44999694824219, 131.4499969482422, 137.00999450683594, 138.27000427246094, 159.3800048828125, 163.4600067138672, 147.8699951171875, 150.38999938964844, 168.72000122070312, 179.89999389648438, 169.5500030517578, 178.9600067138672, 188.1699981689453, 194.08999633789062, 187.64999389648438, 189.25999450683594, 169.5800018310547, 174.67999267578125, 182.0, 182.86000061035156, 186.92999267578125, 191.94000244140625, 210.94000244140625]
assets:[0, 99.99865755615235, 209.75705338134765, 308.6295119094849, 421.9236121566773, 540.2528421569824, 639.6284159820557, 695.5556494873047, 752.4833086387633, 932.2290258789062, 1262.81805, 1413.5995572006225, 1530.184329663086, 1536.3894980712892, 1661.6323252838135, 1846.783085346222, 1956.25, 2129.0189770568845, 2533.639003826904, 3024.9227010864256, 2972.6425022888184, 2753.8380937271118, 3129.8427721115113, 3372.7707, 3434.1101747650146, 3138.322041418457, 2745.3766389236453, 3230.0433706459044, 3529.2380816322325, 3194.3420316696165, 4120.063544348144, 4394.335254817199, 4534.744541120911, 5327.06946920166, 5563.443058509826, 5132.833696508788, 5320.301891407776, 6068.757211907959, 6570.901247067261, 6292.8653182662965, 6742.121396937561, 7189.091231044006, 7515.261703201294, 7365.900270416259, 7529.103249472046, 6846.199043922424, 7152.097620117188, 7551.816999999999, 7687.507569659423, 7958.619210168457, 8271.923121215821, 9190.761376373292]
shares:[0, 1.5172, 2.8996, 4.2895, 5.6219, 6.8989, 8.1773, 9.5504, 11.0141, 12.3376, 13.3986, 14.4186, 15.4268, 16.5008, 17.5574, 18.5625, 19.5625, 20.5266, 21.3701, 22.1007, 22.87, 23.7318, 24.5151, 25.2642, 26.0219, 26.8784, 27.8945, 28.7857, 29.6251, 30.5825, 31.3432, 32.0731, 32.7963, 33.4237, 34.0355, 34.7118, 35.3767, 35.9694, 36.5253, 37.1151, 37.6739, 38.2053, 38.7205, 39.2534, 39.7818, 40.3715, 40.944, 41.4935, 42.0404, 42.5754, 43.0964, 43.5705]
growth_rate:80.21
