ticker:SWBI
price:[18.170000076293945, 17.030000686645508, 15.1899995803833, 15.880000114440918, 16.540000915527344, 16.790000915527344, 16.68000030517578, 16.25, 16.59000015258789, 17.520000457763672, 16.06999969482422, 16.149999618530273, 15.600000381469727, 15.90999984741211, 15.430000305175781, 17.219999313354492, 17.969999313354492, 17.75, 19.270000457763672, 21.170000076293945, 17.8700008392334, 16.559999465942383, 17.239999771118164, 18.420000076293945, 18.43000030517578, 17.209999084472656, 16.06999969482422, 18.65999984741211, 18.700000762939453, 17.530000686645508, 18.15999984741211, 18.18000030517578, 18.270000457763672, 17.780000686645508, 17.399999618530273, 19.709999084472656, 20.219999313354492, 20.059999465942383, 21.260000228881836, 21.459999084472656, 21.219999313354492, 23.350000381469727, 30.420000076293945, 30.959999084472656, 28.889999389648438, 24.68000030517578, 23.3799991607666, 23.450000762939453, 24.670000076293945, 24.079999923706055, 23.5, 24.420000076293945]
assets:[0, 100.00016403198242, 189.19600177354812, 297.78970214605334, 410.16555870361327, 516.3647251564026, 612.9816712150573, 697.178625, 811.7652974662781, 957.2718010116578, 978.0458934265138, 1082.9156144210815, 1146.0368680242539, 1268.8113508312226, 1330.5320123153685, 1584.8839648029327, 1753.9114669818878, 1832.439, 2089.357507633209, 2395.366455632591, 2121.9750366548537, 2066.4180053583145, 2251.2715781116485, 2505.361312376976, 2606.720813163757, 2534.165481188965, 2466.30142116394, 2963.7957657642364, 3070.1492952587128, 2978.0596246498108, 3185.0860052375792, 3288.592981203461, 3404.8740193107606, 3413.5556618280407, 3440.599364569855, 3997.369146322632, 4200.801913346099, 4267.560274384689, 4622.848859768867, 4766.336614658356, 4813.03112025795, 5396.150063157082, 7130.016053882217, 7356.584950456238, 6964.7201608581545, 6049.7862628074645, 5831.119084689903, 5948.578108535386, 6358.056033662796, 6305.998140020371, 6254.10905, 6598.950686616708]
shares:[0, 5.872, 12.4553, 18.7525, 24.7984, 30.7543, 36.7495, 42.9033, 48.931, 54.6388, 60.8616, 67.0536, 73.4639, 79.7493, 86.2302, 92.0374, 97.6022, 103.236, 108.4254, 113.1491, 118.7451, 124.7837, 130.5842, 136.0131, 141.439, 147.2496, 153.4724, 158.8315, 164.1791, 169.8836, 175.3902, 180.8907, 186.3642, 191.9885, 197.7356, 202.8092, 207.7548, 212.7398, 217.4435, 222.1033, 226.8158, 231.0985, 234.3858, 237.6158, 241.0772, 245.1291, 249.4063, 253.6707, 257.7242, 261.877, 266.1323, 270.2273]
growth_rate:29.39
