ticker:SWET
price:[9.75, 9.75, 9.739999771118164, 9.850000381469727, 9.699999809265137, 9.800000190734863, 9.829999923706055, 9.75, 9.729999542236328, 9.710000038146973, 9.699999809265137, 9.685999870300293, 9.619999885559082, 9.682000160217285, 9.699999809265137, 9.670000076293945, 9.680000305175781, 9.65999984741211, 9.65999984741211, 9.65999984741211, 9.649999618530273, 9.720000267028809, 9.699999809265137, 9.6899995803833, 9.640000343322754, 9.670000076293945, 9.6899995803833, 9.710000038146973]
assets:[0, 99.9999, 199.8969373025894, 302.15467170181273, 397.5535221827507, 501.6522097635269, 603.1874723184585, 698.2784250000001, 796.8460965110778, 895.2085985169412, 994.2868404489517, 1092.8519933662415, 1185.4052458982467, 1293.0446761972428, 1395.4487625607492, 1491.133351764679, 1592.6756182113647, 1689.385209314728, 1789.385527735138, 1889.3858461555483, 1987.4299664358139, 2101.847025742149, 2197.5223467892647, 2295.25663460598, 2383.4129648838043, 2490.8305306520465, 2595.981895583344, 2701.3404596125606]
shares:[0, 10.2564, 20.5233, 30.6756, 40.9849, 51.189, 61.3619, 71.6183, 81.8958, 92.1945, 102.5038, 112.828, 123.223, 133.5514, 143.8607, 154.202, 164.5326, 174.8846, 185.2366, 195.5886, 205.9513, 216.2394, 226.5487, 236.8686, 247.242, 257.5833, 267.9032, 278.2019]
growth_rate:0.05
