ticker:SWETU
price:[10.399999618530273, 10.46500015258789, 10.319999694824219, 10.550000190734863, 10.454999923706055, 10.470000267028809, 10.300000190734863, 10.140000343322754, 10.149999618530273, 10.140000343322754, 10.0, 10.029999732971191, 10.0600004196167, 10.130000114440918, 10.024999618530273, 10.0, 10.050000190734863, 9.989999771118164, 9.949999809265137, 9.989999771118164, 9.989999771118164, 10.0, 9.979999542236328, 10.0, 10.039999961853027, 10.050000190734863, 10.079999923706055, 10.039999961853027, 10.0600004196167, 10.069999694824219, 10.079999923706055, 9.979999542236328, 9.920000076293945, 9.920000076293945, 9.920000076293945]
assets:[0, 100.00040195808411, 198.61458612670899, 303.0413704787254, 400.31253757877346, 500.88690677471163, 592.7536809765816, 683.5455351436615, 784.2194205265046, 883.4465159119605, 971.249, 1074.1628214025498, 1177.3761731100083, 1285.568937523365, 1372.2440027835846, 1468.8220000000001, 1576.1656499134065, 1666.7555378128052, 1760.082331260395, 1867.157930221367, 1967.1578279302598, 2069.127, 2164.9882466960908, 2269.327, 2378.404706963253, 2480.7732020815847, 2588.178076410484, 2677.907945825291, 2783.2429740929606, 2886.009548538208, 2988.87520937767, 3059.2231516792294, 3140.8307441558836, 3240.8302969249726, 3340.829849694061]
shares:[0, 9.5557, 19.2456, 28.7243, 38.2891, 47.8402, 57.5489, 67.4108, 77.263, 87.1249, 97.1249, 107.095, 117.0354, 126.9071, 136.8822, 146.8822, 156.8324, 166.8424, 176.8927, 186.9027, 196.9127, 206.9127, 216.9327, 226.9327, 236.8929, 246.8431, 256.7637, 266.7239, 276.6643, 286.5948, 296.5154, 306.5354, 316.616, 326.6966, 336.7772]
growth_rate:-1.74
