ticker:SWIR
price:[11.739999771118164, 10.5, 10.579999923706055, 9.899999618530273, 10.65999984741211, 11.699999809265137, 11.4399995803833, 11.470000267028809, 11.100000381469727, 11.0600004196167, 11.300000190734863, 11.380000114440918, 15.079999923706055, 15.609999656677246, 14.25, 14.25, 14.770000457763672, 14.609999656677246, 16.940000534057617, 18.139999389648438, 21.5, 18.510000228881836, 19.299999237060547, 18.809999465942383, 18.799999237060547, 16.81999969482422, 15.6899995803833, 17.1299991607666, 17.3799991607666, 15.380000114440918, 15.300000190734863, 15.100000381469727, 14.970000267028809, 15.140000343322754, 15.149999618530273, 14.59000015258789, 14.890000343322754, 15.180000305175781, 15.5600004196167, 16.020000457763672, 16.940000534057617, 15.930000305175781, 19.690000534057617, 18.81999969482422, 19.15999984741211, 17.719999313354492, 18.389999389648438, 19.34000015258789, 19.450000762939453, 16.469999313354492, 15.619999885559082, 16.649999618530273]
assets:[0, 99.9999, 200.7618465522766, 287.8583289081573, 409.95694413185123, 549.9526410346032, 637.7319286081314, 739.4043912137986, 815.5525480278015, 912.6137226245879, 1032.4177374263763, 1139.7263574614526, 1610.2876318531037, 1766.883373139572, 1712.945475, 1812.9448499999999, 1979.101780337906, 2057.662124646664, 2485.81802836895, 2761.9092350708006, 3373.4876, 3004.337776149559, 3232.560732215118, 3250.4901727113725, 3348.761144100952, 3096.072481826019, 2988.0725560863493, 3362.3122082735063, 3511.382034444809, 3207.3113878652575, 3290.6276510220528, 3347.612704570389, 3418.791774983025, 3557.6154486743926, 3659.9656928438185, 3624.67981890831, 3799.2103895994187, 3973.204171876526, 4172.6646285269735, 4396.021091614151, 4748.476959702492, 4565.362857460022, 5742.937168767357, 5589.18609336853, 5790.159617887878, 5454.990152620507, 5761.244754788208, 6158.861728591919, 6293.891876882171, 5429.582323637009, 5249.366501540184, 5695.515319509506]
shares:[0, 9.5238, 18.9756, 29.0766, 38.4575, 47.0045, 55.7458, 64.4642, 73.4732, 82.5148, 91.3644, 100.1517, 106.783, 113.1892, 120.2067, 127.2242, 133.9947, 140.8393, 146.7425, 152.2552, 156.9064, 162.3089, 167.4902, 172.8065, 178.1256, 184.0709, 190.4444, 196.2821, 202.0358, 208.5378, 215.0737, 221.6962, 228.3762, 234.9812, 241.5819, 248.4359, 255.1518, 261.7394, 268.1661, 274.4083, 280.3115, 286.589, 291.6677, 296.9812, 302.2004, 307.8437, 313.2814, 318.452, 323.5934, 329.665, 336.067, 342.073]
growth_rate:11.68
