ticker:SWKH
price:[13.5, 14.1899995803833, 14.180000305175781, 13.5, 15.0, 14.890000343322754, 14.699999809265137, 14.420000076293945, 14.449999809265137, 14.739999771118164, 15.069999694824219, 15.0600004196167, 13.069999694824219, 14.0, 14.890000343322754, 14.899999618530273, 14.65999984741211, 14.390000343322754, 14.220000267028809, 13.15999984741211, 13.949999809265137, 13.609999656677246, 14.449999809265137, 14.979999542236328, 14.40999984741211, 13.75, 14.65999984741211, 14.829999923706055, 15.079999923706055, 14.850000381469727, 15.199999809265137, 16.399999618530273, 17.100000381469727, 16.65999984741211, 15.6899995803833, 15.90999984741211, 15.859999656677246, 16.610000610351562, 16.09000015258789, 16.149999618530273, 16.989999771118164, 17.200000762939453, 17.40999984741211, 17.56999969482422, 17.799999237060547, 17.729999542236328, 17.850000381469727, 17.780000686645508, 17.3799991607666, 17.200000762939453, 18.049999237060547, 19.110000610351562]
assets:[0, 99.9997650428772, 199.9294963027954, 290.3418, 422.6025, 519.503177978325, 612.8738620478631, 701.199901709938, 802.6584744051934, 918.767769733429, 1039.3371899528502, 1138.6474757261276, 1088.188569591522, 1265.6196, 1446.076630342579, 1547.0475903924942, 1622.12898311615, 1692.2539673745155, 1772.2613852802278, 1740.1520438232421, 1944.61462841177, 1997.2184536186217, 2220.485230690384, 2401.9290786010743, 2410.5335944747926, 2400.127125, 2658.972132324219, 2789.8062386476518, 2936.836017141724, 2992.0434168601987, 3162.562120315075, 3512.2386783041, 3762.1522739267352, 3765.3482235134124, 3646.1174144874576, 3797.2428455818176, 3885.309759894371, 4169.042052195739, 4138.523420247268, 4253.956734519767, 4575.214951364708, 4731.766649886704, 4889.537522146225, 5034.472572555542, 5200.376577102661, 5279.926489679718, 5415.661555737304, 5494.423818189049, 5470.813567829133, 5514.155124591064, 5886.657081182098, 6332.35668724823]
shares:[0, 7.0472, 14.0994, 21.5068, 28.1735, 34.8894, 41.6921, 48.6269, 55.5473, 62.3316, 68.9673, 75.6074, 83.2585, 90.4014, 97.1173, 103.8287, 110.65, 117.5993, 124.6316, 132.2304, 139.3989, 146.7464, 153.6668, 160.3424, 167.282, 174.5547, 181.376, 188.1191, 194.7504, 201.4844, 208.0633, 214.1609, 220.0089, 226.0113, 232.3848, 238.6702, 244.9754, 250.9959, 257.2109, 263.4029, 269.2887, 275.1027, 280.8465, 286.538, 292.156, 297.7962, 303.3984, 309.0227, 314.7764, 320.5904, 326.1306, 331.3635]
growth_rate:24.16
