ticker:SWKS
price:[139.00999450683594, 136.14999389648438, 136.00999450683594, 138.0, 146.8300018310547, 154.27999877929688, 153.14999389648438, 149.75999450683594, 141.2899932861328, 146.74000549316406, 141.5, 140.38999938964844, 136.16000366210938, 150.1699981689453, 139.24000549316406, 148.19000244140625, 151.2100067138672, 152.8800048828125, 163.47999572753906, 152.0, 161.27000427246094, 169.25, 178.9499969482422, 189.5, 192.1699981689453, 177.82000732421875, 173.44000244140625, 172.30999755859375, 175.7899932861328, 182.17999267578125, 187.6999969482422, 188.72999572753906, 189.75999450683594, 190.9199981689453, 181.3300018310547, 175.1199951171875, 165.4499969482422, 166.6999969482422, 170.0, 170.41000366210938, 171.1199951171875, 168.30999755859375, 178.6999969482422, 191.32000732421875, 189.57000732421875, 188.11000061035156, 192.66000366210938, 184.50999450683594, 186.02999877929688, 183.38999938964844, 178.8800048828125, 183.4499969482422]
assets:[0, 100.00217051696778, 199.89388892669677, 302.8134, 422.1949872650146, 543.6210036987305, 639.6462645080566, 725.4823413894653, 784.456171723938, 914.7184982421875, 982.0524499999999, 1074.3485093292236, 1141.9739507141114, 1359.473976423645, 1360.5280176742554, 1547.9779465026857, 1679.5197865722657, 1798.0676014282228, 2022.7379871368407, 1980.6968000000002, 2201.4968283233643, 2410.42465, 2648.567324832153, 2904.71285, 3045.644649980163, 2918.2219221984865, 2946.346729473877, 3027.1420371093755, 3188.2855292312624, 3404.1789071411135, 3607.331161349487, 3727.134320625305, 3847.478768623352, 3971.002317915344, 3871.5406030944823, 3838.945508959961, 3726.959721255493, 3855.120799424744, 4031.431, 4141.150539993287, 4258.406638488769, 4288.471413793945, 4653.204960534668, 5081.8229025451665, 5135.337756408691, 5195.786326858521, 5421.452503051758, 5292.115662445068, 5435.703549331665, 5458.566653833008, 5424.321492065429, 5662.899610795594]
shares:[0, 0.7345, 1.4697, 2.1943, 2.8754, 3.5236, 4.1766, 4.8443, 5.5521, 6.2336, 6.9403, 7.6526, 8.387, 9.0529, 9.7711, 10.4459, 11.1072, 11.7613, 12.373, 13.0309, 13.651, 14.2418, 14.8006, 15.3283, 15.8487, 16.4111, 16.9877, 17.568, 18.1369, 18.6858, 19.2186, 19.7485, 20.2755, 20.7993, 21.3508, 21.9218, 22.5262, 23.1261, 23.7143, 24.3011, 24.8855, 25.4796, 26.0392, 26.5619, 27.0894, 27.621, 28.14, 28.682, 29.2195, 29.7648, 30.3238, 30.8689]
growth_rate:11.04
