ticker:SWTX
price:[41.529998779296875, 38.959999084472656, 48.88999938964844, 45.150001525878906, 48.36000061035156, 56.9900016784668, 59.130001068115234, 60.02000045776367, 57.9900016784668, 57.849998474121094, 67.48999786376953, 66.12000274658203, 68.0, 67.5, 73.48999786376953, 74.11000061035156, 74.62999725341797, 72.5199966430664, 66.48999786376953, 79.80000305175781, 85.29000091552734, 83.30999755859375, 88.91000366210938, 85.93000030517578, 91.19999694824219, 86.05000305175781, 74.4000015258789, 78.5, 68.19999694824219, 67.27999877929688, 72.61000061035156, 68.94999694824219, 70.01000213623047, 70.55000305175781, 71.86000061035156, 73.36000061035156, 73.0999984741211, 78.22000122070312, 81.54000091552734, 78.61000061035156, 82.22000122070312, 80.12999725341797, 84.88999938964844, 86.13999938964844, 83.94000244140625, 77.70999908447266, 82.98999786376953, 85.69999694824219, 81.8499984741211, 75.30999755859375, 76.13999938964844, 79.05000305175781]
assets:[0, 99.99862965011597, 225.48556618499757, 308.23454541702273, 430.14769742889405, 606.9093238746643, 729.6996911811829, 840.6821404117585, 912.246515404129, 1010.0436183586122, 1278.3550455368043, 1352.4053121780396, 1490.8591999999999, 1579.89825, 1820.0973810928344, 1935.4493649398803, 2049.026278590393, 2091.092347203827, 2017.2200981895446, 2521.0257364105223, 2794.4671769966126, 2829.590743078613, 3119.789791500855, 3115.2203010635376, 3406.2742860183716, 3313.923297528076, 2965.264140814972, 3228.6736, 2905.0402500076293, 2965.8503621887207, 3300.807061746216, 3234.4236718429565, 3384.1504842613217, 3510.2506768417356, 3675.4306372177125, 3852.1483040496823, 3938.496337788391, 4314.349319329834, 4597.469871620178, 4532.2674461898805, 4840.39835786438, 4817.359343877411, 5203.5277595870975, 5380.1493098785395, 5342.739185394287, 5046.199813549042, 5489.0663457069395, 5768.312534591675, 5609.172210431671, 5260.983216448974, 5418.9675105606075, 5726.073926057434]
shares:[0, 2.5667, 4.6121, 6.8269, 8.8947, 10.6494, 12.3406, 14.0067, 15.7311, 17.4597, 18.9414, 20.4538, 21.9244, 23.4059, 24.7666, 26.1159, 27.4558, 28.8347, 30.3387, 31.5918, 32.7643, 33.9646, 35.0893, 36.253, 37.3495, 38.5116, 39.8557, 41.1296, 42.5959, 44.0822, 45.4594, 46.9097, 48.3381, 49.7555, 51.1471, 52.5102, 53.8782, 55.1566, 56.383, 57.6551, 58.8713, 60.1193, 61.2973, 62.4582, 63.6495, 64.9363, 66.1413, 67.3082, 68.5299, 69.8577, 71.1711, 72.4361]
growth_rate:12.28
