ticker:SXTC
price:[0.9639999866485596, 1.0080000162124634, 0.972000002861023, 1.0080000162124634, 1.0360000133514404, 1.0160000324249268, 1.059999942779541, 1.3040000200271606, 1.1319999694824219, 1.2039999961853027, 1.0479999780654907, 1.100000023841858, 1.1799999475479126, 1.371999979019165, 1.2519999742507935, 1.2039999961853027, 1.3559999465942383, 1.315999984741211, 1.7079999446868896, 2.319999933242798, 2.6679999828338623, 2.9119999408721924, 3.1480000019073486, 3.992000102996826, 3.140000104904175, 1.9199999570846558, 1.6299999952316284, 2.0, 2.0299999713897705, 1.8300000429153442, 1.909999966621399, 1.6100000143051147, 1.2899999618530273, 1.4199999570846558, 1.4199999570846558, 1.2400000095367432, 1.1799999475479126, 1.2899999618530273, 1.2899999618530273, 1.4199999570846558, 1.5700000524520874, 1.399999976158142, 1.4299999475479126, 1.399999976158142, 1.350000023841858, 2.119999885559082, 1.3600000143051147, 1.25, 1.25, 1.1799999475479126, 1.090000033378601, 1.1299999952316284]
assets:[0, 99.9999520083785, 196.42856457817552, 303.70365128470655, 412.1398677114487, 504.1835136906624, 626.0181582065583, 870.1204845635295, 855.349930940628, 1009.7538608007432, 978.9218979112864, 1127.4944144377828, 1309.493967791784, 1622.564219187498, 1580.6489658916473, 1620.0490576671123, 1924.5734362010955, 1967.8013539836884, 2653.9548764523984, 3704.9034773926733, 4360.639201943278, 4859.438339729691, 5353.266554443502, 6888.513541729212, 5518.319708361388, 3474.2589303442596, 3049.5011390790464, 3841.7192, 3999.3449646343947, 3705.320951893508, 3967.3019956685903, 3444.1656436019775, 2859.6108984375956, 3247.7886858450893, 3347.788632822883, 3023.4212192528967, 2977.1265336639763, 3354.6553497984887, 3454.6553728413583, 3902.798882049322, 4415.066698502838, 4037.001991250265, 4223.509135082602, 4234.90416788001, 4183.657768886053, 6669.891699948787, 4378.798710058249, 4124.631125, 4224.631125, 4088.051644282329, 3876.251360700774, 4118.499004620767]
shares:[0, 99.2063, 202.087, 301.2933, 397.8184, 496.2436, 590.5832, 667.2703, 755.6095, 838.666, 934.0858, 1024.9949, 1109.7407, 1182.627, 1262.4992, 1345.5557, 1419.302, 1495.2898, 1553.8378, 1596.9412, 1634.4225, 1668.7632, 1700.5294, 1725.5795, 1757.4266, 1809.5099, 1870.8596, 1920.8596, 1970.1207, 2024.7655, 2077.1215, 2139.2333, 2216.7527, 2287.1752, 2357.5977, 2438.2429, 2522.9887, 2600.5081, 2678.0275, 2748.45, 2812.1443, 2883.5729, 2953.503, 3024.9316, 3099.0057, 3146.1755, 3219.7049, 3299.7049, 3379.7049, 3464.4507, 3556.1938, 3644.6894]
growth_rate:-19.25
