ticker:SY
price:[12.069999694824219, 12.069999694824219, 12.710000038146973, 11.760000228881836, 12.3100004196167, 12.970000267028809, 12.9399995803833, 12.199999809265137, 11.670000076293945, 11.989999771118164, 13.210000038146973, 14.479999542236328, 13.640000343322754, 12.229999542236328, 11.5, 12.0600004196167, 11.40999984741211, 11.109999656677246, 11.630000114440918, 11.430000305175781, 13.229999542236328, 11.670000076293945, 13.699999809265137, 14.0, 16.15999984741211, 15.020000457763672, 13.779999732971191, 12.069999694824219, 12.029999732971191, 9.640000343322754, 9.979999542236328, 9.59000015258789, 8.930000305175781, 9.350000381469727, 9.460000038146973, 8.800000190734863, 8.640000343322754, 9.260000228881836, 9.800000190734863, 10.15999984741211, 9.199999809265137, 9.279999732971191, 9.680000305175781, 9.479999542236328, 9.130000114440918, 8.739999771118164, 7.489999771118164, 7.159999847412109, 6.920000076293945, 6.389999866485596, 5.710000038146973, 5.559999942779541]
assets:[0, 99.99994747161865, 205.3020886161804, 289.9569176433563, 403.5181207549095, 525.152716811943, 623.9383117670059, 688.256889239788, 758.3574499578476, 879.1523452175142, 1068.6071010858536, 1271.3425118083953, 1297.59096466074, 1263.4555697093965, 1288.0414, 1450.7637804780006, 1472.5711573070525, 1533.8532186006546, 1705.645349783802, 1776.3134874267578, 2156.048043399811, 2001.8204650871276, 2450.03809588995, 2603.6892, 3105.4009146778108, 2986.332065014267, 2839.790612970543, 2587.3927265808106, 2678.8186865385055, 2246.6175040119174, 2425.8544567306517, 2431.056407680893, 2363.7469697792053, 2574.9199800539013, 2705.212828908634, 2616.476776710606, 2668.904746052742, 2960.422999173546, 3233.0612229242324, 3451.8264201587676, 3225.669893125248, 3353.7195194978713, 3598.276817440796, 3623.931749010086, 3590.1369910009385, 3536.7789993793485, 3130.9464853235245, 3093.001078084564, 3089.325390060234, 2952.715420305157, 2738.4983172951697, 2766.558671528101]
shares:[0, 8.285, 16.1528, 24.6562, 32.7797, 40.4898, 48.2178, 56.4145, 64.9835, 73.3238, 80.8938, 87.7999, 95.1313, 103.3079, 112.0036, 120.2955, 129.0597, 138.0606, 146.6591, 155.408, 162.9666, 171.5356, 178.8349, 185.9778, 192.1659, 198.8237, 206.0806, 214.3656, 222.6782, 233.0516, 243.0716, 253.4991, 264.6973, 275.3925, 285.9633, 297.3269, 308.901, 319.7001, 329.9042, 339.7467, 350.6163, 361.3922, 371.7228, 382.2713, 393.2242, 404.6658, 418.0169, 431.9834, 446.4343, 462.0838, 479.5969, 497.5825]
growth_rate:-45.75
