ticker:SYBT
price:[43.97999954223633, 41.18000030517578, 37.900001525878906, 34.15999984741211, 34.900001525878906, 37.63999938964844, 36.7400016784668, 38.709999084472656, 38.220001220703125, 37.369998931884766, 41.119998931884766, 40.849998474121094, 41.2599983215332, 41.04999923706055, 41.709999084472656, 40.130001068115234, 40.16999816894531, 40.47999954223633, 42.099998474121094, 42.0, 42.86000061035156, 45.20000076293945, 46.900001525878906, 47.97999954223633, 48.880001068115234, 49.27000045776367, 53.849998474121094, 55.0, 52.349998474121094, 52.27000045776367, 51.38999938964844, 51.16999816894531, 51.77000045776367, 51.400001525878906, 51.15999984741211, 52.279998779296875, 52.2599983215332, 51.970001220703125, 53.7400016784668, 52.7400016784668, 51.7599983215332, 51.27000045776367, 51.400001525878906, 50.97999954223633, 49.58000183105469, 48.36000061035156, 46.66999816894531, 47.63999938964844, 50.220001220703125, 51.54999923706055, 51.630001068115234, 52.04999923706055]
assets:[0, 100.00151274108886, 192.03551773147584, 273.0852867801666, 379.0000565704346, 508.75352375030513, 596.5878212551116, 728.5763767684937, 819.3527421691895, 901.1289432437898, 1091.5550436462402, 1184.3885157592774, 1296.277745267105, 1389.6820441719055, 1512.02500581131, 1554.748605381775, 1656.297398501587, 1769.0812279945371, 1939.8795196907042, 2035.2738, 2176.9494370010375, 2395.8034404392242, 2585.911314131927, 2745.458755806351, 2896.956359303665, 3020.0687290592195, 3400.805108635712, 3573.4325000000003, 3501.2568929466247, 3595.90422749176, 3635.364529823303, 3719.8030168914793, 3863.419116161346, 3935.8060568397527, 4017.431076017761, 4205.382189807129, 4303.772867773056, 4379.891383877563, 4629.06163857994, 4642.923855762481, 4656.65036099472, 4712.569251076126, 4824.517223222351, 4885.0972801353455, 4850.9420851516725, 4831.575120979309, 4762.729317138672, 4961.720228431702, 5330.426259567261, 5571.596087540436, 5680.244946512222, 5826.450889596938]
shares:[0, 2.4284, 5.0669, 7.9943, 10.8596, 13.5163, 16.2381, 18.8214, 21.4378, 24.1137, 26.5456, 28.9936, 31.4173, 33.8534, 36.2509, 38.7428, 41.2322, 43.7026, 46.0779, 48.4589, 50.7921, 53.0045, 55.1367, 57.2209, 59.2667, 61.2963, 63.1533, 64.9715, 66.8817, 68.7948, 70.7407, 72.695, 74.6266, 76.5721, 78.5268, 80.4396, 82.3531, 84.2773, 86.1381, 88.0342, 89.9662, 91.9167, 93.8622, 95.8238, 97.8407, 99.9085, 102.0512, 104.1503, 106.1415, 108.0814, 110.0183, 111.9395]
growth_rate:14.24
