ticker:SYBX
price:[2.0799999237060547, 2.0999999046325684, 2.1500000953674316, 2.069999933242798, 2.009999990463257, 2.140000104904175, 2.009999990463257, 2.0, 1.8600000143051147, 2.0299999713897705, 2.0999999046325684, 2.059999942779541, 2.5, 2.2799999713897705, 2.240000009536743, 2.2200000286102295, 2.2899999618530273, 2.1600000858306885, 2.369999885559082, 3.5199999809265137, 4.090000152587891, 3.7100000381469727, 4.179999828338623, 4.860000133514404, 4.900000095367432, 3.7899999618530273, 3.4100000858306885, 3.7200000286102295, 4.46999979019165, 3.7300000190734863, 3.609999895095825, 3.3299999237060547, 3.4000000953674316, 3.740000009536743, 3.490000009536743, 3.140000104904175, 3.4600000381469727, 4.090000152587891, 3.740000009536743, 3.640000104904175, 3.7100000381469727, 4.300000190734863, 4.199999809265137, 3.890000104904175, 3.7100000381469727, 3.2899999618530273, 3.180000066757202, 3.1600000858306885, 3.0399999618530273, 2.819999933242798, 2.450000047683716, 2.5799999237060547]
assets:[0, 99.99989545869828, 202.38079897699356, 294.85037649111746, 386.3039081671238, 511.2888250637054, 580.2291092470169, 677.3424, 729.928361613822, 896.6422583629846, 1027.560823335314, 1107.9882732234953, 1444.646, 1417.5170222125053, 1492.6484223549128, 1579.321118353486, 1729.1194311962126, 1730.9599167821646, 1999.2475314617157, 3069.346703368425, 3666.371842783356, 3425.73093122406, 3959.718017385006, 4703.882835225535, 4842.598064250231, 3845.601156293392, 3560.0264496068958, 3983.665074638057, 4886.823247627211, 4177.819345363427, 4143.412035595226, 3922.039278141785, 4104.484875127697, 4614.933367767763, 4406.448535041022, 4064.5411077921394, 4578.761640481472, 5512.467031656647, 5140.739969108534, 5103.2870630758525, 5301.42718551035, 6244.511446987438, 6199.28959847126, 5841.7232445375685, 5671.4121333146095, 5129.3652445259095, 5057.866744178939, 5126.056391231942, 5031.395712864303, 4767.281515145254, 4241.787247556806, 4566.861476951981]
shares:[0, 47.619, 94.1306, 142.4398, 192.191, 238.92, 288.6712, 338.6712, 392.4346, 441.6957, 489.3147, 537.8584, 577.8584, 621.718, 666.3609, 711.4059, 755.074, 801.3703, 843.5644, 871.9735, 896.4234, 923.3776, 947.301, 967.8771, 988.2853, 1014.6705, 1043.996, 1070.8777, 1093.2491, 1120.0588, 1147.7596, 1177.7896, 1207.2014, 1233.9394, 1262.5927, 1294.4398, 1323.3415, 1347.7914, 1374.5294, 1402.0019, 1428.9561, 1452.2119, 1476.0214, 1501.7283, 1528.6825, 1559.0776, 1590.5241, 1622.1697, 1655.0644, 1690.5254, 1731.3417, 1770.1014]
growth_rate:-10.45
