ticker:SYNA
price:[83.37999725341797, 80.5199966430664, 81.73999786376953, 78.22000122070312, 78.18000030517578, 84.44000244140625, 80.9000015258789, 81.2699966430664, 76.66999816894531, 82.83999633789062, 79.16000366210938, 80.33000183105469, 80.66000366210938, 81.83999633789062, 78.77999877929688, 81.38999938964844, 86.1500015258789, 96.4000015258789, 104.25, 100.95999908447266, 105.9000015258789, 99.22000122070312, 119.01000213623047, 130.10000610351562, 135.05999755859375, 134.02999877929688, 132.1699981689453, 136.75, 139.75, 136.91000366210938, 138.13999938964844, 135.74000549316406, 134.1999969482422, 136.0500030517578, 139.8699951171875, 130.8300018310547, 123.72000122070312, 120.5999984741211, 126.33000183105469, 136.9600067138672, 141.22000122070312, 145.75999450683594, 147.5800018310547, 156.61000061035156, 154.9199981689453, 144.9499969482422, 150.0800018310547, 151.9199981689453, 170.5, 172.92999267578125, 169.58999633789062, 181.52000427246094]
assets:[0, 99.99778383102417, 201.51361673355103, 292.8322185699463, 392.6825055328369, 524.1275391540527, 602.1548913574219, 704.9115698829651, 765.0132417297364, 926.5736430389404, 985.4153895874023, 1099.9828140731813, 1204.5039006866455, 1322.125140838623, 1372.6942107299803, 1518.1757976150511, 1706.9675152336122, 2010.055711816406, 2273.7342000000003, 2301.9788431251523, 2514.6167162323, 2456.0026122161867, 3045.8705886734006, 3429.6963609008785, 3660.450077832031, 3732.534421005249, 3780.736014622498, 4011.7527, 4199.767, 4214.4184967285155, 4352.28026277008, 4376.66499711609, 4427.016339328003, 4588.041462915039, 4816.856878845215, 4605.543139457703, 4455.256219958496, 4442.903943786621, 4754.000096905517, 5254.018689555359, 5517.437203692627, 5794.819765614318, 5967.17600403595, 6432.28594506836, 6462.875023612976, 6146.952500582886, 6464.5009748703005, 6643.7501679245, 7556.2872, 7763.986002166748, 7714.038409423829, 8356.690892692566]
shares:[0, 1.2419, 2.4653, 3.7437, 5.0228, 6.2071, 7.4432, 8.6737, 9.978, 11.1851, 12.4484, 13.6933, 14.9331, 16.155, 17.4244, 18.6531, 19.8139, 20.8512, 21.8104, 22.8009, 23.7452, 24.7531, 25.5934, 26.362, 27.1024, 27.8485, 28.6051, 29.3364, 30.052, 30.7824, 31.5063, 32.243, 32.9882, 33.7232, 34.4381, 35.2025, 36.0108, 36.84, 37.6316, 38.3617, 39.0698, 39.7559, 40.4335, 41.072, 41.7175, 42.4074, 43.0737, 43.7319, 44.3184, 44.8967, 45.4864, 46.0373]
growth_rate:63.86
