ticker:SYNH
price:[58.970001220703125, 59.63999938964844, 54.20000076293945, 51.58000183105469, 55.86000061035156, 58.84000015258789, 60.75, 58.060001373291016, 53.08000183105469, 60.56999969482422, 63.25, 65.0, 66.66000366210938, 64.69999694824219, 65.0199966430664, 69.05000305175781, 68.0199966430664, 68.12999725341797, 73.58999633789062, 75.41999816894531, 76.08999633789062, 74.3499984741211, 76.62000274658203, 80.76000213623047, 75.62000274658203, 77.3499984741211, 72.01000213623047, 73.80000305175781, 77.38999938964844, 77.79000091552734, 77.08999633789062, 79.99500274658203, 86.25, 88.55000305175781, 84.8499984741211, 82.81999969482422, 85.75, 87.12000274658203, 87.9000015258789, 83.25, 83.72000122070312, 84.63999938964844, 88.95999908447266, 89.5, 91.04000091552734, 88.16000366210938, 88.69999694824219, 89.66999816894531, 87.23999786376953, 87.55000305175781, 88.13999938964844, 91.9800033569336]
assets:[0, 99.99838697662354, 190.87614268684388, 281.647441998291, 405.01852042541503, 526.623885365677, 643.71915, 715.2179329170227, 753.8687260055542, 960.2464901618957, 1102.732125, 1233.245, 1364.7369209747314, 1424.6098228042601, 1531.6565549217223, 1726.588421308899, 1800.8362131248475, 1903.749700252533, 2156.3193546936036, 2309.9410779190066, 2430.4590540252684, 2474.8809642082215, 2650.4391350097653, 2893.647028541565, 2809.4797140426635, 2973.751631336975, 2868.453626094818, 3039.755705699158, 3287.627781071472, 3404.6194120697023, 3473.983594970703, 3704.896556705475, 4094.589375, 4303.778088323975, 4223.951714039612, 4222.892400439453, 4472.29125, 4643.740082400513, 4785.320033069611, 4632.171525, 4758.326733380127, 4910.618092588806, 5261.2544738540655, 5393.18945, 5585.986856174469, 5509.277316851806, 5643.022845849609, 5804.733529467773, 5747.432127263642, 5867.855099537659, 6007.402008399963, 6369.127738449859]
shares:[0, 1.6767, 3.5217, 5.4604, 7.2506, 8.9501, 10.5962, 12.3186, 14.2025, 15.8535, 17.4345, 18.973, 20.4731, 22.0187, 23.5567, 25.0049, 26.4751, 27.9429, 29.3018, 30.6277, 31.9419, 33.2869, 34.592, 35.8302, 37.1526, 38.4454, 39.8341, 41.1891, 42.4813, 43.7668, 45.064, 46.3141, 47.4735, 48.6028, 49.7814, 50.9888, 52.155, 53.3028, 54.4405, 55.6417, 56.8362, 58.0177, 59.1418, 60.2591, 61.3575, 62.4918, 63.6192, 64.7344, 65.8807, 67.0229, 68.1575, 69.2447]
growth_rate:24.88
