ticker:SYNL
price:[5.949999809265137, 5.900000095367432, 6.21999979019165, 5.650000095367432, 5.670000076293945, 4.760000228881836, 4.099999904632568, 4.050000190734863, 5.190000057220459, 5.409999847412109, 5.300000190734863, 6.400000095367432, 5.900000095367432, 6.329999923706055, 6.960000038146973, 7.050000190734863, 7.099999904632568, 7.800000190734863, 8.949999809265137, 8.539999961853027, 8.850000381469727, 8.0, 8.399999618530273, 8.460000038146973, 8.460000038146973, 8.670000076293945, 8.630000114440918, 10.079999923706055, 9.5, 8.710000038146973, 9.25, 9.720000267028809, 9.970000267028809, 10.010000228881836, 9.109999656677246, 9.329999923706055, 9.680000305175781, 10.010000228881836, 9.869999885559082, 9.800000190734863, 11.5, 10.069999694824219, 10.100000381469727, 10.289999961853027, 10.050000190734863, 9.869999885559082, 10.0, 9.8100004196167, 10.100000381469727, 10.90999984741211, 10.989999771118164, 11.34000015258789]
assets:[0, 100.00028161640168, 205.42420107078553, 286.5990798375606, 387.61367921562197, 425.404076455307, 466.4192691509247, 560.7314364076615, 818.5668090248108, 953.2652361133574, 1033.8826972070694, 1348.4621000936509, 1343.1137817100525, 1541.0017674266815, 1794.3715298347474, 1917.574671879196, 2031.1743627171993, 2331.430977010918, 2775.167610857963, 2748.037055724907, 2947.7899870613096, 2764.6688, 3002.902423628998, 3124.351616088009, 3224.351354538918, 3404.3882399578097, 3488.681861262798, 4174.844656401253, 4034.6253, 3799.114751638889, 4134.651025, 4444.736450106239, 4659.055899784565, 4777.7480842447285, 4448.179616364288, 4655.599986929894, 4930.247763433075, 5198.324249861335, 5225.620115409851, 5288.559322929859, 6305.9629, 5621.83008662796, 5738.578826741982, 5946.532324955082, 5907.837337122441, 5902.025025567054, 6079.762, 6064.2469783944125, 6343.516329590035, 6952.2533907653815, 7103.23249206543, 7429.449861968613]
shares:[0, 16.9492, 33.0264, 50.7255, 68.3622, 89.3706, 113.7608, 138.4522, 157.72, 176.2043, 195.0722, 210.6972, 227.6464, 243.4442, 257.812, 271.9964, 286.0809, 298.9014, 310.0746, 321.7842, 333.0836, 345.5836, 357.4884, 369.3087, 381.129, 392.663, 404.2505, 414.1711, 424.6974, 436.1785, 446.9893, 457.2774, 467.3075, 477.2975, 488.2744, 498.9925, 509.3231, 519.3131, 529.4448, 539.6489, 548.3446, 558.2751, 568.1761, 577.8943, 587.8445, 597.9762, 607.9762, 618.1699, 628.0709, 637.2368, 646.336, 655.1543]
growth_rate:45.68
