ticker:SYPR
price:[1.0700000524520874, 0.9800000190734863, 1.059999942779541, 1.3200000524520874, 1.090000033378601, 1.2200000286102295, 1.2100000381469727, 1.2200000286102295, 1.1200000047683716, 1.2000000476837158, 1.3899999856948853, 1.4500000476837158, 1.5399999618530273, 1.409999966621399, 1.3700000047683716, 1.309999942779541, 1.4299999475479126, 1.5199999809265137, 1.5499999523162842, 1.7799999713897705, 2.0199999809265137, 2.2300000190734863, 2.880000114440918, 3.2300000190734863, 3.4800000190734863, 4.119999885559082, 3.259999990463257, 3.5299999713897705, 4.170000076293945, 3.299999952316284, 3.450000047683716, 3.180000066757202, 2.809999942779541, 4.46999979019165, 3.5799999237060547, 3.4200000762939453, 3.119999885559082, 3.180000066757202, 3.2899999618530273, 3.240000009536743, 3.5199999809265137, 3.200000047683716, 3.700000047683716, 3.890000104904175, 3.4700000286102295, 3.1700000762939453, 3.200000047683716, 3.1500000953674316, 3.0199999809265137, 3.180000066757202, 3.180000066757202, 3.4000000953674316]
assets:[0, 99.99998594627381, 208.16321276302338, 359.2221742742061, 396.63041114584206, 543.9349387558221, 639.4764291604041, 744.7613394654036, 783.7152993366481, 939.6949573401213, 1188.4798727688192, 1339.7811940591334, 1522.9399962756156, 1494.3801456238866, 1551.9864214017869, 1584.0161678105833, 1829.116936908388, 2044.2362703482152, 2184.5829527941705, 2608.746954069185, 3060.4882351018905, 3478.657755753422, 4592.616374494171, 5250.746817006207, 5757.151255554295, 6915.937279896546, 5572.319287698841, 6133.830320286035, 7345.913000400162, 5913.312154554939, 6282.099221827198, 5890.456587657356, 5305.088811971665, 8539.055797202396, 6938.886164124298, 6728.768754106522, 6238.5255711722375, 6458.497455582142, 6781.904260365009, 6778.835911953091, 7464.661207551957, 6886.055782610226, 8062.0018838989745, 8575.996538274503, 7750.053172899366, 7180.019740805054, 7347.969389493275, 7333.157382014083, 7130.518934965611, 7608.294849719644, 7708.294721818925, 8341.57315397482]
shares:[0, 102.0408, 196.3804, 272.138, 363.8811, 445.8483, 528.4929, 610.4601, 699.7458, 783.0791, 855.0215, 923.987, 988.9221, 1059.8441, 1132.8368, 1209.1727, 1279.1028, 1344.8923, 1409.4084, 1465.5882, 1515.0932, 1559.9362, 1594.6584, 1625.6182, 1654.3538, 1678.6256, 1709.3004, 1737.629, 1761.6098, 1791.9128, 1820.8983, 1852.3448, 1887.932, 1910.3034, 1938.2364, 1967.4762, 1999.5275, 2030.974, 2061.3691, 2092.2333, 2120.6424, 2151.8924, 2178.9194, 2204.6263, 2233.4447, 2264.9904, 2296.2404, 2327.9864, 2361.099, 2392.5455, 2423.992, 2453.4038]
growth_rate:63.56
