ticker:SYRS
price:[9.914999961853027, 8.6899995803833, 10.0, 9.170000076293945, 8.180000305175781, 9.649999618530273, 8.399999618530273, 7.53000020980835, 6.670000076293945, 8.4399995803833, 8.779999732971191, 7.809999942779541, 8.149999618530273, 7.760000228881836, 10.149999618530273, 12.210000038146973, 13.079999923706055, 10.850000381469727, 12.239999771118164, 14.100000381469727, 12.1899995803833, 10.944999694824219, 12.350000381469727, 11.729999542236328, 11.390000343322754, 8.399999618530273, 7.940000057220459, 8.979999542236328, 9.180000305175781, 8.010000228881836, 7.385000228881836, 6.53000020980835, 6.21999979019165, 6.539999961853027, 6.039999961853027, 5.199999809265137, 5.21999979019165, 5.46999979019165, 6.449999809265137, 5.860000133514404, 5.920000076293945, 5.619999885559082, 5.570000171661377, 5.389999866485596, 5.349999904632568, 4.710000038146973, 4.690000057220459, 4.619999885559082, 4.690000057220459, 4.579999923706055, 4.230000019073486, 5.179999828338623]
assets:[0, 100.00017017126083, 215.075, 297.2235444728851, 365.13476362228397, 530.7519090190888, 562.0019744777679, 603.7945728235244, 634.8352662614823, 903.2993950901031, 1039.68805837965, 1024.8250684915545, 1169.4393702630996, 1213.4785717916488, 1687.2171815889358, 2129.6474496535297, 2381.39187410965, 2075.390242967606, 2441.2691783494947, 2912.246508789635, 2617.7499928891184, 2450.391705176544, 2864.9469134931564, 2821.1188479057314, 2839.347123584938, 2193.9875003643037, 2173.8410056660177, 2558.576081574249, 2715.559758274841, 2469.4590405635836, 2376.7737036628723, 2201.601977737284, 2197.0849278895857, 2410.118169942093, 2325.85842131052, 2102.3947628846167, 2210.4809471537587, 2416.3466983181474, 2949.2572527866364, 2779.4801033277513, 2907.938965476036, 2860.57713174963, 2935.1271864574433, 2940.2756501671315, 3018.455501193953, 2757.3691993323328, 2845.660817718554, 2903.188062085819, 3047.176050177145, 3075.7071927646634, 2940.664288259745, 3701.096927348375]
shares:[0, 11.5075, 21.5075, 32.4126, 44.6375, 55.0002, 66.905, 80.1852, 95.1777, 107.026, 118.4155, 131.2196, 143.4895, 156.3761, 166.2283, 174.4183, 182.0636, 191.2802, 199.4501, 206.5423, 214.7457, 223.8823, 231.9795, 240.5046, 249.2842, 261.189, 273.7835, 284.9194, 295.8126, 308.297, 321.838, 337.1519, 353.2291, 368.5196, 385.0759, 404.3067, 423.4638, 441.7453, 457.2492, 474.314, 491.2059, 508.9995, 526.9528, 545.5057, 564.1973, 585.4287, 606.7507, 628.3957, 649.7177, 671.5518, 695.1925, 714.4975]
growth_rate:-27.43
