ticker:SYTA
price:[4.489999771118164, 4.489999771118164, 4.9029998779296875, 5.090000152587891, 5.349999904632568, 5.800000190734863, 5.840000152587891, 5.730000019073486, 5.789999961853027, 7.119999885559082, 6.920000076293945, 7.510000228881836, 10.829999923706055, 10.8100004196167, 10.770000457763672, 10.579999923706055, 10.619999885559082, 10.229999542236328, 10.0, 10.710000038146973, 14.199999809265137, 13.930000305175781, 11.600000381469727, 10.550000190734863, 9.520000457763672, 8.890000343322754, 9.5, 10.600000381469727, 11.300000190734863, 8.90999984741211, 10.640000343322754, 10.350000381469727, 9.699999809265137, 8.960000038146973, 7.5, 7.949999809265137, 9.199999809265137, 8.17199993133545, 8.100000381469727, 7.960000038146973, 9.199999809265137, 8.369999885559082, 7.488999843597412, 6.968999862670898, 6.75, 6.099999904632568, 5.849999904632568, 4.889999866485596, 3.680000066757202, 3.7799999713897705, 4.460000038146973]
assets:[0, 99.99992790241241, 209.19825699157715, 317.1772515083313, 433.378882274723, 569.83145873909, 673.7614016040802, 761.0706355333806, 869.040201274395, 1168.6639652158738, 1235.836585625267, 1441.2043409235, 2178.3277736543655, 2274.305178282738, 2365.890157558823, 2424.152004519081, 2533.317074701023, 2540.285865329361, 2583.173, 2866.578634210205, 3900.6930876057627, 3926.5258010215757, 3369.7560308155057, 3164.7352522156716, 2955.761174126053, 2860.15936345644, 3156.413, 3621.892930343628, 3961.074946859741, 3223.289563799667, 3949.1361434274672, 3941.499565271759, 3793.965775397777, 3604.5291673461916, 3117.18375, 3404.2145633267405, 4039.4687562535287, 3688.102020211029, 3755.6081068704607, 3790.6960941662787, 4481.206747095394, 4176.923729889965, 3837.273651861191, 3670.8321713636396, 3655.476675, 3403.467496790171, 3363.98102015996, 2911.9430864935875, 2291.40098556726, 2453.6671554285763, 2995.0675336172103]
shares:[0, 22.2717, 42.6674, 62.3138, 81.0054, 98.2468, 115.3701, 132.8221, 150.0933, 164.1382, 178.5891, 191.9047, 201.1383, 210.389, 219.6741, 229.1259, 238.5421, 248.3173, 258.3173, 267.6544, 274.6967, 281.8755, 290.4962, 299.9749, 310.4791, 321.7277, 332.254, 341.688, 350.5376, 361.7609, 371.1594, 380.8212, 391.1305, 402.2912, 415.6245, 428.2031, 439.0727, 451.3096, 463.6553, 476.2181, 487.0877, 499.0351, 512.388, 526.7373, 541.5521, 557.9455, 575.0395, 595.4894, 622.6633, 649.1183, 671.5398]
growth_rate:-40.1
