ticker:TA
price:[20.889999389648438, 21.399999618530273, 18.850000381469727, 18.700000762939453, 21.06999969482422, 23.920000076293945, 23.950000762939453, 28.209999084472656, 23.799999237060547, 29.139999389648438, 30.40999984741211, 31.760000228881836, 32.790000915527344, 33.93000030517578, 32.02000045776367, 33.849998474121094, 35.290000915527344, 32.599998474121094, 30.950000762939453, 32.45000076293945, 32.650001525878906, 27.489999771118164, 31.969999313354492, 30.399999618530273, 30.549999237060547, 24.040000915527344, 24.290000915527344, 27.1299991607666, 29.0, 27.200000762939453, 26.780000686645508, 27.799999237060547, 26.540000915527344, 26.739999771118164, 27.489999771118164, 27.31999969482422, 25.940000534057617, 26.969999313354492, 28.6200008392334, 28.860000610351562, 29.850000381469727, 28.489999771118164, 28.739999771118164, 32.040000915527344, 31.649999618530273, 29.440000534057617, 29.639999389648438, 28.920000076293945, 38.529998779296875, 37.97999954223633, 36.91999816894531, 40.65999984741211]
assets:[0, 100.00005821743012, 188.0834188062668, 286.5868616924286, 422.9086058746338, 580.112625850296, 680.8410416885376, 901.9413747283936, 860.943552401352, 1154.112987826538, 1304.4126154548644, 1462.3193385383606, 1609.7431199455261, 1765.7070368812563, 1766.30967925148, 1967.2569763206482, 2150.946729801941, 2086.989962316132, 2081.3596963069917, 2282.234513658142, 2396.3011519897464, 2117.590419368935, 2562.6895689590456, 2536.840448166847, 2649.3570338363647, 2184.7961512046813, 2307.516080973816, 2677.313115180588, 2961.8541, 2878.015760726166, 2933.575005217552, 3145.308593680573, 3102.7516970329284, 3226.132840385819, 3416.619362553215, 3495.4901449539184, 3418.9257923894884, 3654.680333953285, 3978.271700656128, 4111.632338955688, 4352.6763106252665, 4254.363232821465, 4391.69613702507, 4995.962098757172, 5035.150964312554, 4783.564374776459, 4916.0606587677, 4896.641868917846, 6623.776856146241, 6629.226616099548, 6544.2099714385995, 7307.138684577942]
shares:[0, 4.6729, 9.9779, 15.3255, 20.0716, 24.2522, 28.4276, 31.9724, 36.1741, 39.6058, 42.8942, 46.0428, 49.0925, 52.0397, 55.1627, 58.1169, 60.9506, 64.0181, 67.2491, 70.3308, 73.3936, 77.0313, 80.1592, 83.4487, 86.722, 90.8817, 94.9986, 98.6846, 102.1329, 105.8094, 109.5435, 113.1406, 116.9085, 120.6482, 124.2859, 127.9462, 131.8013, 135.5091, 139.0032, 142.4682, 145.8183, 149.3283, 152.8078, 155.9289, 159.0885, 162.4852, 165.859, 169.3168, 171.9122, 174.5452, 177.2538, 179.7132]
growth_rate:43.28
