ticker:TACO
price:[8.75, 8.079999923706055, 8.09000015258789, 7.96999979019165, 8.220000267028809, 9.420000076293945, 8.180000305175781, 8.130000114440918, 7.420000076293945, 8.0, 8.350000381469727, 8.390000343322754, 9.09000015258789, 9.369999885559082, 8.989999771118164, 9.140000343322754, 9.550000190734863, 9.0600004196167, 9.239999771118164, 9.9399995803833, 10.069999694824219, 9.619999885559082, 10.220000267028809, 9.890000343322754, 10.050000190734863, 10.039999961853027, 10.8100004196167, 11.289999961853027, 10.869999885559082, 9.920000076293945, 9.8100004196167, 10.260000228881836, 10.609999656677246, 11.640000343322754, 11.399999618530273, 11.130000114440918, 10.239999771118164, 10.3100004196167, 10.15999984741211, 10.020000457763672, 10.710000038146973, 10.0600004196167, 9.84000015258789, 9.890000343322754, 9.930000305175781, 9.050000190734863, 9.109999656677246, 8.510000228881836, 8.670000076293945, 8.619999885559082, 8.319999694824219, 8.8100004196167]
assets:[0, 99.99969505577089, 200.12314277458194, 297.15506617746354, 406.4757252044677, 565.8151305826187, 591.3338580612183, 687.7191486805916, 727.6601154819489, 884.5392, 1023.2374367465974, 1128.1395821640015, 1322.2632371959687, 1462.9933651316642, 1503.6619677173614, 1628.7508031802176, 1801.8128609862329, 1809.3636238012314, 1945.3110118131638, 2192.683393435955, 2321.3604976501465, 2317.6253604291915, 2562.1755289446833, 2579.4436265431405, 2721.1732266440395, 2818.4659372912406, 3134.6233856781005, 3373.8110106004715, 3348.301282748604, 3155.6710642700195, 3220.679054762554, 3468.416675374031, 3686.735094703102, 4144.637462246417, 4159.180420824432, 4160.673405780888, 3927.9686802030565, 4054.820065031052, 4095.826138486862, 4139.387439107895, 4524.435232115173, 4349.843581438065, 4354.717651528167, 4476.845137409782, 4594.9517402153015, 4287.7452903671265, 4416.171632570553, 4225.315531642533, 4404.757124760818, 4479.354494531155, 4423.460125748444, 4783.976473858834]
shares:[0, 12.3762, 24.7371, 37.2842, 49.4496, 60.0653, 72.2902, 84.5903, 98.0674, 110.5674, 122.5434, 134.4624, 145.4635, 156.1359, 167.2594, 178.2003, 188.6715, 199.709, 210.5315, 220.5919, 230.5224, 240.9174, 250.7021, 260.8133, 270.7635, 280.7237, 289.9744, 298.8318, 308.0314, 318.112, 328.3057, 338.0523, 347.4774, 356.0685, 364.8404, 373.8251, 383.5907, 393.29, 403.1325, 413.1125, 422.4496, 432.39, 442.5526, 452.6638, 462.7343, 473.784, 484.7609, 496.5118, 508.0458, 519.6467, 531.6659, 543.0166]
growth_rate:-6.2
