ticker:TACT
price:[4.920000076293945, 5.269999980926514, 4.880000114440918, 4.820000171661377, 5.110000133514404, 7.619999885559082, 7.440000057220459, 7.150000095367432, 7.150000095367432, 7.389999866485596, 8.800000190734863, 9.0, 8.710000038146973, 8.9399995803833, 8.899999618530273, 8.149999618530273, 7.369999885559082, 7.099999904632568, 9.0, 9.600000381469727, 10.029999732971191, 9.25, 8.550000190734863, 10.449999809265137, 9.649999618530273, 10.59000015258789, 10.390000343322754, 12.100000381469727, 11.899999618530273, 11.260000228881836, 10.930000305175781, 11.970000267028809, 11.899999618530273, 11.899999618530273, 12.710000038146973, 12.6899995803833, 12.630000114440918, 14.0, 13.970000267028809, 13.359999656677246, 13.15999984741211, 12.930000305175781, 12.949999809265137, 13.529999732971191, 13.239999771118164, 12.949999809265137, 13.279999732971191, 16.649999618530273, 16.40999984741211, 14.180000305175781, 14.15999984741211, 14.149999618530273]
assets:[0, 99.99983063807488, 192.59945251665116, 290.2314903364181, 407.6936956522465, 707.950567367649, 791.22763808527, 860.3866814759255, 960.3865828097343, 1092.6233042596816, 1401.0937903678896, 1532.9367, 1583.542460935402, 1725.3582330168724, 1817.6389120927809, 1764.4667674121856, 1695.597448670864, 1733.4791767158508, 2297.3679, 2550.5261813488005, 2764.7684233935356, 2649.761475, 2549.238986868859, 3215.7366413059235, 3069.5558336587906, 3468.5596939773563, 3503.053033753395, 4179.59060176754, 4210.5066550268175, 4084.0595090166094, 4064.366519480896, 4551.094649526596, 4624.480271756363, 4724.48072855072, 5146.062945445061, 5237.964834797668, 5313.199815143108, 5989.5332, 6076.698656152726, 5911.358968091011, 5922.8658593254095, 5919.351553709412, 6028.5072212087625, 6398.510057718659, 6361.365758030129, 6322.030621885586, 6583.132251629067, 8353.701078607559, 8333.286738513185, 7300.853921125794, 7390.555624359513, 7485.335648202897]
shares:[0, 18.9753, 39.4671, 60.214, 79.7835, 92.9069, 106.3478, 120.3338, 134.3198, 147.8516, 159.2152, 170.3263, 181.8074, 192.9931, 204.2291, 216.499, 230.0675, 244.152, 255.2631, 265.6798, 275.6499, 286.4607, 298.1566, 307.726, 318.0887, 327.5316, 337.1562, 345.4207, 353.8241, 362.7051, 371.8542, 380.2084, 388.6118, 397.0152, 404.883, 412.7632, 420.6809, 427.8238, 434.982, 442.467, 450.0658, 457.7998, 465.5218, 472.9128, 480.4657, 488.1877, 495.7178, 501.7238, 507.8176, 514.8698, 521.9319, 528.999]
growth_rate:46.77
