ticker:TAIT
price:[2.359999895095825, 2.3299999237060547, 2.369999885559082, 2.2699999809265137, 2.3299999237060547, 2.369999885559082, 2.4200000762939453, 2.5399999618530273, 2.490000009536743, 2.5399999618530273, 2.6600000858306885, 2.819999933242798, 2.75, 2.799999952316284, 2.9700000286102295, 2.9100000858306885, 3.069999933242798, 3.25, 3.240000009536743, 3.190000057220459, 3.240000009536743, 3.390000104904175, 4.269999980926514, 4.21999979019165, 4.510000228881836, 4.760000228881836, 4.539999961853027, 4.429999828338623, 4.349999904632568, 4.010000228881836, 4.550000190734863, 4.429999828338623, 4.369999885559082, 4.090000152587891, 4.110000133514404, 4.489999771118164, 4.579999923706055, 5.78000020980835, 5.670000076293945, 6.039999961853027, 6.099999904632568, 4.949999809265137, 5.269999980926514, 4.920000076293945, 4.909999847412109, 4.510000228881836, 4.599999904632568, 4.519999980926514, 4.860000133514404, 4.449999809265137, 4.289999961853027, 4.380000114440918]
assets:[0, 100.00010172557832, 201.7168522596359, 293.2056825363636, 400.9557068710327, 507.8390724778175, 618.5529875007629, 749.2250587477685, 834.4764421960592, 951.233033713913, 1096.1732673704146, 1262.1084541224002, 1330.77945, 1454.9754552219151, 1643.313192830157, 1710.1150944399835, 1904.1419775943996, 2115.785425, 2209.2753305028677, 2275.181729810953, 2410.8428590961694, 2622.45594315238, 3403.211334798336, 3463.3610018099307, 3801.364638918686, 4112.083277727127, 4022.028642205238, 4024.5786480485917, 4051.9000661679747, 3835.200308904648, 4451.6610366125105, 4434.25440017376, 4474.1968518303875, 4287.520983956909, 4408.486838210821, 4916.083687398147, 5114.62468880024, 6554.701151929236, 6529.957647865294, 7056.07472743578, 7226.167857026053, 5963.857285198879, 6449.399626657963, 6121.071478918839, 6208.629995054626, 5802.835541493034, 6018.634355221367, 6013.962578622293, 6566.340348391152, 6112.38935301218, 5992.61814971323, 6218.33740847311]
shares:[0, 42.9185, 85.1126, 129.1655, 172.084, 214.2781, 255.6004, 294.9705, 335.1311, 374.5012, 412.0952, 447.5562, 483.9198, 519.6341, 553.3041, 587.6684, 620.2417, 651.0109, 681.8751, 713.2231, 744.0873, 773.5858, 797.005, 820.7017, 842.8746, 863.883, 885.9094, 908.4828, 931.4713, 956.409, 978.387, 1000.9604, 1023.8437, 1048.2936, 1072.6245, 1094.8962, 1116.7303, 1134.0313, 1151.668, 1168.2243, 1184.6177, 1204.8197, 1223.795, 1244.1202, 1264.4868, 1286.6597, 1308.3988, 1330.5227, 1351.0988, 1373.5707, 1396.8807, 1419.7117]
growth_rate:21.93
