ticker:TALK
price:[9.970000267028809, 9.800000190734863, 10.0, 9.850000381469727, 9.880000114440918, 9.779999732971191, 9.729999542236328, 9.710000038146973, 9.65999984741211, 9.779999732971191, 9.75, 9.800000190734863, 9.899999618530273, 9.800000190734863, 9.989999771118164, 10.510000228881836, 10.609999656677246, 10.8100004196167, 10.850000381469727, 11.609999656677246, 11.899999618530273, 11.479999542236328, 11.949999809265137, 11.729999542236328, 11.100000381469727, 10.739999771118164, 10.109999656677246, 10.289999961853027, 10.09000015258789, 9.920000076293945, 10.010000228881836, 9.930000305175781, 9.949999809265137, 9.899999618530273, 9.920000076293945, 9.899999618530273, 9.890000343322754, 9.899999618530273, 9.920000076293945, 9.979999542236328, 10.0, 8.140000343322754, 8.859999656677246, 7.849999904632568, 6.690000057220459, 5.699999809265137, 6.300000190734863, 5.900000095367432, 5.71999979019165, 5.260000228881836, 5.239999771118164, 5.019999980926514]
assets:[0, 100.00018194627762, 202.041, 299.0105515800476, 399.921656632328, 495.87337046089175, 593.338291085434, 692.119092719078, 788.5554475440979, 898.3506774718285, 995.5949250000001, 1100.7007414226532, 1211.932213301468, 1299.6907252955436, 1424.8886523542403, 1599.0565968235014, 1714.2714375288965, 1846.5858916797638, 1953.4188786792756, 2190.2484942315104, 2344.9579948293685, 2362.1947338077543, 2558.9048441571235, 2611.7946600746154, 2571.519328374481, 2588.1187008441925, 2536.301679870415, 2681.458742059326, 2729.341005274963, 2783.3556054065702, 2908.607768506241, 2985.36224274826, 3091.3753907403943, 3175.8406776275633, 3282.256217243576, 3375.6385099288937, 3472.2287925354003, 3575.7392822185516, 3682.962716325378, 3805.2380974609378, 3912.864, 3285.0713345552444, 3675.6426235697745, 3356.636409221172, 2960.6240683226106, 2622.5049322450636, 2998.5581707824704, 2908.173767007637, 2919.449568915224, 2784.66884317112, 2874.0806624608995, 2853.4131691584585]
shares:[0, 10.2041, 20.2041, 30.3564, 40.4779, 50.7028, 60.9803, 71.279, 81.631, 91.8559, 102.1123, 112.3164, 122.4174, 132.6215, 142.6315, 152.1462, 161.5713, 170.822, 180.0386, 188.6519, 197.0553, 205.7661, 214.1343, 222.6594, 231.6684, 240.9794, 250.8706, 260.5888, 270.4996, 280.5802, 290.5702, 300.6407, 310.691, 320.792, 330.8726, 340.9736, 351.0848, 361.1858, 371.2664, 381.2864, 391.2864, 403.5714, 414.8581, 427.597, 442.5447, 460.0886, 475.9616, 492.9108, 510.3933, 529.4047, 548.4887, 568.409]
growth_rate:-44.05
