ticker:TANH
price:[2.109999895095825, 2.119999885559082, 2.0999999046325684, 2.3499999046325684, 2.309999942779541, 2.640000104904175, 2.5, 2.6500000953674316, 2.6500000953674316, 2.6700000762939453, 3.2799999713897705, 1.2999999523162842, 2.0799999237060547, 1.6399999856948853, 1.5099999904632568, 1.4900000095367432, 1.5099999904632568, 1.3799999952316284, 1.5399999618530273, 1.809999942779541, 1.8600000143051147, 1.7200000286102295, 2.0, 2.119999885559082, 1.909999966621399, 1.5800000429153442, 1.4500000476837158, 1.7100000381469727, 1.600000023841858, 1.4500000476837158, 1.559999942779541, 1.4700000286102295, 1.309999942779541, 1.3300000429153442, 1.2699999809265137, 1.2100000381469727, 1.0700000524520874, 1.1299999952316284, 1.149999976158142, 1.2400000095367432, 1.2300000190734863, 1.100000023841858, 1.1299999952316284, 1.159999966621399, 1.1100000143051147, 1.0299999713897705, 0.8920000195503235, 0.8700000047683716, 0.9959999918937683, 0.8650000095367432, 0.7860000133514404, 0.8500000238418579]
assets:[0, 99.9999706018448, 199.05647096023557, 322.75368690204624, 417.25990966415407, 576.8685349226952, 646.277, 785.0535182522774, 885.0533918510437, 991.7330803382874, 1318.3087405008794, 622.5004271668196, 1096.000631798935, 964.1543515900373, 987.7275357617855, 1074.6450738782644, 1189.0698774901628, 1186.699669899547, 1424.2880607192992, 1774.0008539175988, 1923.0063987896917, 1878.2639392427682, 2284.0278, 2521.069307908726, 2371.3407855591418, 2061.632719997263, 1992.0047005077124, 2449.1916726369855, 2391.641315638232, 2267.424959564996, 2539.436390854025, 2492.9305655192616, 2321.5910685935023, 2457.0354292815923, 2446.1916672618863, 2430.6236346288683, 2249.3944492667556, 2475.5286185537693, 2619.3432156956437, 2924.3354224908353, 3000.75208053236, 2783.5994503328916, 2959.515752511442, 3138.0868937026266, 3102.8246649876237, 2979.1975642470597, 2680.043048739582, 2713.9432648748157, 3206.9970674989345, 2885.1932593096494, 2721.6901062321663, 3043.3036203623656]
shares:[0, 47.1698, 94.7888, 137.342, 180.632, 218.5108, 258.5108, 296.2466, 333.9824, 371.4356, 401.9234, 478.8465, 526.9234, 587.899, 654.1242, 721.2383, 787.4635, 859.9273, 924.8624, 980.111, 1033.8744, 1092.0139, 1142.0139, 1189.1837, 1241.5397, 1304.8308, 1373.7963, 1432.2758, 1494.7758, 1563.7413, 1627.8439, 1695.8711, 1772.207, 1847.395, 1926.1352, 2008.7798, 2102.2377, 2190.7333, 2277.6898, 2358.335, 2439.6358, 2530.5449, 2619.0405, 2705.2474, 2795.3375, 2892.4249, 3004.5325, 3119.475, 3219.8766, 3335.4835, 3462.71, 3580.3571]
growth_rate:-40.33
