ticker:TANNL
price:[24.690000534057617, 25.18000030517578, 25.076000213623047, 25.249000549316406, 25.549999237060547, 25.850000381469727, 25.575000762939453, 25.549999237060547, 25.389999389648438, 25.610000610351562, 25.44099998474121, 25.389999389648438, 25.43000030517578, 25.459999084472656, 25.46500015258789, 25.5, 25.520000457763672, 25.329999923706055, 25.5, 25.579999923706055, 25.829999923706055, 25.6299991607666, 25.6299991607666, 25.440000534057617, 25.360000610351562, 25.479999542236328, 25.389999389648438, 25.56999969482422, 25.799999237060547, 25.86199951171875, 26.299999237060547, 26.549999237060547, 26.219999313354492, 26.160999298095703, 26.290000915527344, 26.479999542236328, 26.0, 26.0, 25.829999923706055, 25.759000778198242, 25.899999618530273, 25.996000289916992, 26.299999237060547, 26.25, 26.200000762939453, 26.31999969482422, 26.280000686645508, 26.600000381469727, 26.479999542236328, 26.1200008392334, 26.200000762939453, 26.110000610351562]
assets:[0, 99.9998532119751, 199.5874085002899, 300.9655616477966, 404.5535779197693, 509.304462515831, 603.8871480148316, 703.2969439990997, 798.8937917953491, 905.8154775878905, 999.838931700325, 1097.83564460907, 1199.5661733955385, 1300.9804932174682, 1401.2370983963015, 1503.1638, 1604.3429007778168, 1692.398614902496, 1803.7578, 1909.4165363050463, 2028.078606009674, 2112.3758338319776, 2212.3764015575407, 2295.9753121990207, 2388.754825491333, 2500.056787084961, 2591.227167709351, 2709.5966136611937, 2833.9699561958314, 2940.780895477295, 3090.5865503448485, 3219.9653224712374, 3279.943618105316, 3372.5635372135157, 3489.19314750824, 3614.4087215171817, 3648.8920000000003, 3748.8932, 3824.3820397039412, 3913.868944440842, 4035.292460565948, 4150.248448285102, 4298.782215296173, 4390.609125, 4482.246350522232, 4602.7757466316225, 4695.781478691673, 4852.959929596138, 4931.065794755936, 4964.02779949379, 5079.231707906341, 5161.78523866272]
shares:[0, 3.9714, 7.9593, 11.9199, 15.8338, 19.7023, 23.6124, 27.5263, 31.4649, 35.3696, 39.3003, 43.2389, 47.1713, 51.099, 55.026, 58.9476, 62.8661, 66.814, 70.7356, 74.6449, 78.5164, 82.4181, 86.3198, 90.2506, 94.1938, 98.1184, 102.057, 105.9678, 109.8438, 113.7105, 117.5128, 121.2793, 125.0932, 128.9157, 132.7194, 136.4958, 140.342, 144.1882, 148.0597, 151.9418, 155.8028, 159.6495, 163.4518, 167.2613, 171.0781, 174.8775, 178.6827, 182.4421, 186.2185, 190.047, 193.8638, 197.6938]
growth_rate:1.21
