ticker:TANNI
price:[25.329999923706055, 25.639999389648438, 25.90999984741211, 25.860000610351562, 25.489999771118164, 26.549999237060547, 25.790000915527344, 25.700000762939453, 25.3700008392334, 25.520000457763672, 25.790000915527344, 25.709999084472656, 25.65999984741211, 25.889999389648438, 26.15999984741211, 26.479999542236328, 26.709999084472656, 26.68000030517578, 25.81999969482422, 26.149999618530273, 25.899999618530273, 26.200000762939453, 25.950000762939453, 25.979999542236328, 25.889999389648438, 26.09000015258789, 26.190000534057617, 26.239999771118164, 26.350000381469727, 26.5, 26.540000915527344, 26.950000762939453, 27.350000381469727, 26.65999984741211, 26.489999771118164, 26.690000534057617, 26.309999465942383, 26.389999389648438, 26.829999923706055, 26.1299991607666, 26.8700008392334, 26.8700008392334, 26.850000381469727, 26.670000076293945, 27.260000228881836, 27.549999237060547, 27.190000534057617, 27.280000686645508, 27.639999389648438, 27.299999237060547, 27.149999618530273, 27.440000534057617]
assets:[0, 100.00112561950684, 201.05382581596373, 300.6664690963745, 396.3643984409332, 512.8477502628326, 598.168123234558, 696.0819506641388, 787.1448680385589, 891.7989679965972, 1001.2348895431519, 1098.1280518959045, 1195.9920648880004, 1306.712282194519, 1420.3388797153473, 1537.7121094173433, 1651.0679094070433, 1749.2128560081483, 1792.829752809906, 1915.7437420536041, 1997.4286905807496, 2120.5651817504886, 2200.3317046905518, 2302.874953423691, 2394.8974355407713, 2513.398427699661, 2623.0333134880066, 2728.0415762043, 2839.4786761072155, 2955.6430499999997, 3060.104569561767, 3207.378880799103, 3354.983521794319, 3370.3411847099305, 3448.8496262008666, 3574.888030532265, 3623.9893154378888, 3735.008281616211, 3897.2828609176636, 3895.601376882553, 4105.924218240738, 4205.923613364029, 4302.7931111316675, 4373.946687512398, 4570.708772376823, 4719.334154307938, 4757.665508448601, 4873.413898665238, 5037.724332756043, 5075.755088150406, 5147.865272670174, 5302.851447208023]
shares:[0, 3.9002, 7.7597, 11.6267, 15.5498, 19.3163, 23.1938, 27.0849, 31.0266, 34.9451, 38.8226, 42.7121, 46.6092, 50.4717, 54.2943, 58.0707, 61.8146, 65.5627, 69.4357, 73.2598, 77.1208, 80.9376, 84.7912, 88.6403, 92.5028, 96.3357, 100.154, 103.965, 107.7601, 111.5337, 115.3016, 119.0122, 122.6685, 126.4194, 130.1944, 133.9411, 137.7419, 141.5312, 145.2584, 149.0854, 152.807, 156.5286, 160.253, 164.0025, 167.6709, 171.3007, 174.9785, 178.6442, 182.2621, 185.9251, 189.6083, 193.2526]
growth_rate:3.98
