ticker:TANNZ
price:[25.020000457763672, 25.139999389648438, 25.229999542236328, 25.5, 25.145000457763672, 25.579999923706055, 25.389999389648438, 25.139999389648438, 25.18000030517578, 25.260000228881836, 25.350000381469727, 25.399999618530273, 25.56999969482422, 25.530000686645508, 25.719999313354492, 25.760000228881836, 25.899999618530273, 25.479999542236328, 25.19099998474121, 25.41200065612793, 25.420000076293945, 25.3700008392334, 25.5, 25.579999923706055, 25.600000381469727, 25.420000076293945, 25.81999969482422, 25.75, 25.8700008392334, 26.0, 25.6299991607666, 26.37299919128418, 26.229999542236328, 26.100000381469727, 25.770000457763672, 26.239999771118164, 25.979999542236328, 26.21500015258789, 26.270000457763672, 25.924999237060547, 25.989999771118164, 26.389999389648438, 26.200000762939453, 25.899999618530273, 26.100000381469727, 25.97800064086914, 26.048999786376953, 26.18000030517578, 26.270000457763672, 26.260000228881836, 26.43000030517578, 26.329999923706055]
assets:[0, 99.99937557220458, 200.35647236480713, 302.5014, 398.28926375083927, 505.1794184932708, 601.4281495422363, 695.5056251144409, 796.6121156547547, 899.1423381471634, 1002.3466200834275, 1104.3234034147263, 1211.7137025382997, 1309.8192382284165, 1419.5664941019058, 1521.7745895212174, 1630.0449659917833, 1703.6106053936003, 1784.2886053192137, 1899.9409350557328, 2000.5387540042877, 2096.604776355171, 2207.3488500000003, 2314.273753097534, 2416.0819560024265, 2499.093589500618, 2638.4192508155825, 2731.26645, 2843.9952592603686, 2958.2878, 3016.189561237335, 3203.628429162216, 3286.256968648529, 3369.969409254456, 3427.3610978816982, 3589.870752686882, 3654.2999716117856, 3787.3544740448, 3895.299905876923, 3944.143831428909, 4054.0319212980266, 4216.425206481933, 4286.06860480957, 4336.991196122361, 4470.481145339203, 4549.584403836823, 4662.018145667648, 4785.463199783325, 4901.913783417511, 5000.04847358036, 5132.41797226181, 5212.997694894791]
shares:[0, 3.9777, 7.9412, 11.8628, 15.8397, 19.749, 23.6876, 27.6653, 31.6367, 35.5955, 39.5403, 43.4773, 47.3881, 51.3051, 55.1931, 59.0751, 62.9361, 66.8607, 70.8304, 74.7655, 78.6994, 82.6411, 86.5627, 90.472, 94.3782, 98.3121, 102.1851, 106.0686, 109.9341, 113.7803, 117.682, 121.4738, 125.2862, 129.1176, 132.9981, 136.8091, 140.6582, 144.4728, 148.2794, 152.1367, 155.9843, 159.7736, 163.5904, 167.4514, 171.2828, 175.1322, 178.9711, 182.7908, 186.5974, 190.4055, 194.1891, 197.987]
growth_rate:2.22
