ticker:TAOP
price:[2.740000009536743, 3.0299999713897705, 2.7300000190734863, 2.4200000762939453, 2.5999999046325684, 2.7799999713897705, 2.950000047683716, 3.200000047683716, 2.690000057220459, 2.809999942779541, 2.7899999618530273, 2.859999895095825, 3.180000066757202, 3.059999942779541, 2.890000104904175, 2.9100000858306885, 2.8399999141693115, 2.8399999141693115, 3.069999933242798, 3.009999990463257, 3.430000066757202, 3.559999942779541, 3.619999885559082, 4.409999847412109, 7.039999961853027, 8.369999885559082, 8.859999656677246, 10.899999618530273, 14.0600004196167, 9.25, 9.109999656677246, 7.800000190734863, 5.940000057220459, 6.679999828338623, 6.860000133514404, 6.590000152587891, 5.690000057220459, 5.369999885559082, 5.360000133514404, 4.960000038146973, 4.809999942779541, 4.71999979019165, 4.889999866485596, 4.369999885559082, 4.21999979019165, 3.7300000190734863, 3.6600000858306885, 3.4600000381469727, 3.390000104904175, 3.3499999046325684, 3.1700000762939453, 3.4200000762939453]
assets:[0, 99.99999805576802, 190.0989103281498, 268.5125604652405, 388.48444575047495, 515.3794686959982, 646.8954804563999, 801.717131946516, 773.9434134629727, 908.4687665007115, 1002.0028182998658, 1127.1425466566561, 1353.256342408681, 1402.1898937797548, 1424.2906007003546, 1534.1473892498016, 1597.2434997279884, 1697.2435887057782, 1934.6964589299916, 1996.8848626731635, 2375.519948234129, 2565.5541867634297, 2708.7937863655093, 3399.939215360642, 5527.567202048302, 6671.837392777634, 7162.42283645792, 8911.558468120194, 11595.093942052268, 7728.35095, 7711.380582386112, 6702.499603897476, 5204.211062132549, 5952.547179032565, 6212.945712920951, 6068.412843510819, 5339.646269697189, 5139.349798474503, 5229.779466270686, 4939.497381989288, 4890.117225826454, 4898.617798251915, 5175.0511617026805, 4724.738996269226, 4662.562562188482, 4221.175373585129, 4241.957667478179, 4110.156535315037, 4127.003077710867, 4178.306476052427, 4053.8005355648042, 4473.501003795624]
shares:[0, 33.0033, 69.6333, 110.9556, 149.4171, 185.3883, 219.2866, 250.5366, 287.7113, 323.2985, 359.1408, 394.1058, 425.5523, 458.232, 492.8341, 527.1984, 562.4097, 597.621, 630.1943, 663.4169, 692.5714, 720.6613, 748.2856, 770.9613, 785.1658, 797.1132, 808.3999, 817.5742, 824.6866, 835.4974, 846.4743, 859.2948, 876.1298, 891.0999, 905.6772, 920.8517, 938.4264, 957.0484, 975.7051, 995.8664, 1016.6564, 1037.8428, 1058.2927, 1081.176, 1104.8727, 1131.6824, 1159.0048, 1187.9065, 1217.405, 1247.2557, 1278.8014, 1308.0412]
growth_rate:-12.28
