ticker:TARA
price:[19.719999313354492, 17.350000381469727, 18.329999923706055, 16.940000534057617, 18.280000686645508, 19.829999923706055, 20.079999923706055, 21.479999542236328, 17.940000534057617, 18.959999084472656, 21.479999542236328, 21.81999969482422, 23.200000762939453, 24.670000076293945, 21.049999237060547, 25.34000015258789, 23.190000534057617, 24.209999084472656, 20.940000534057617, 19.40999984741211, 19.950000762939453, 17.979999542236328, 20.209999084472656, 19.969999313354492, 21.809999465942383, 17.200000762939453, 14.274999618530273, 17.81999969482422, 17.200000762939453, 14.890000343322754, 15.569999694824219, 14.949999809265137, 15.819999694824219, 12.1899995803833, 11.1899995803833, 9.829999923706055, 9.010000228881836, 9.300000190734863, 9.479999542236328, 10.1899995803833, 9.960000038146973, 10.350000381469727, 10.229999542236328, 9.119999885559082, 8.989999771118164, 8.270000457763672, 8.380000114440918, 7.929999828338623, 7.519999980926514, 7.03000020980835, 6.820000171661377, 8.130000114440918]
assets:[0, 100.00019719867706, 205.64793514404298, 290.05346514434814, 412.9982275133133, 548.0179118915557, 654.9272695116043, 800.5896549385071, 768.6482928819656, 912.3513639450073, 1133.613419841385, 1251.558088495636, 1430.711567049408, 1621.3642120141983, 1483.4502812335968, 1885.7774713554381, 1825.776570046997, 2006.081681137848, 1835.1230148033144, 1801.0383578414917, 1951.1439896167753, 1858.4738846839905, 2188.973294837952, 2262.9783551900864, 2571.4861770324706, 2127.949694389343, 1866.0750576330183, 2429.48965839386, 2444.9629084510802, 2216.5984121087076, 2417.8263276100156, 2421.548644105434, 2662.4679806396484, 2151.5471159372332, 2075.0466661872865, 1922.8512000761032, 1862.4508403120042, 2022.3966414775848, 2161.5394356250763, 2423.4264602050785, 2468.727441455269, 2665.394198238373, 2734.491153639221, 2537.786800154972, 2601.6124377639767, 2493.2521430072784, 2626.415221867466, 2585.3781940340996, 2551.7082015279293, 2485.4404051772594, 2511.1956732075214, 3093.5512215459826]
shares:[0, 5.7637, 11.2192, 17.1224, 22.5929, 27.6358, 32.6159, 37.2714, 42.8455, 48.1198, 52.7753, 57.3583, 61.6686, 65.7221, 70.4727, 74.419, 78.7312, 82.8617, 87.6372, 92.7892, 97.8017, 103.3634, 108.3114, 113.3189, 117.904, 123.718, 130.7233, 136.335, 142.149, 148.8649, 155.2875, 161.9765, 168.2976, 176.501, 185.4376, 195.6105, 206.7093, 217.462, 228.0105, 237.824, 247.8642, 257.526, 267.3012, 278.2661, 289.3896, 301.4815, 313.4147, 326.025, 339.3229, 353.5477, 368.2105, 380.5106]
growth_rate:-39.34
