ticker:TARS
price:[20.579999923706055, 23.5, 20.440000534057617, 25.200000762939453, 24.5, 23.0, 22.3799991607666, 24.899999618530273, 34.59000015258789, 49.619998931884766, 44.0099983215332, 41.33000183105469, 44.779998779296875, 43.16999816894531, 40.720001220703125, 37.70000076293945, 41.849998474121094, 37.15999984741211, 38.7599983215332, 36.25, 31.540000915527344, 33.5, 32.060001373291016, 29.299999237060547, 32.93000030517578, 28.559999465942383, 28.610000610351562, 30.690000534057617, 30.719999313354492, 29.979999542236328, 29.459999084472656, 31.93000030517578, 33.31999969482422, 33.880001068115234, 35.27000045776367, 34.810001373291016, 29.5, 28.639999389648438, 29.219999313354492, 25.389999389648438, 25.90999984741211, 22.56999969482422, 25.0, 25.979999542236328, 23.920000076293945, 25.489999771118164, 26.5, 26.5]
assets:[0, 99.99955, 186.97899288539887, 330.52321000671384, 421.3412, 495.54420000000005, 582.1865841684341, 747.7420085445405, 1138.7304770233154, 1733.5292446842195, 1637.537220547104, 1637.817046560669, 1874.5310509002686, 1907.1339601089478, 1898.899888925171, 1858.0671576019288, 2162.602856150055, 2020.247983704376, 2207.234616417694, 2164.299, 1983.090173564148, 2206.32675, 2211.489276729202, 2121.106054768753, 2483.890165019226, 2254.263605846405, 2358.210771308899, 2629.65735076046, 2732.2275229299544, 2766.41345175972, 2818.429274411774, 3154.735118151855, 3392.069264932251, 3549.079183889771, 3794.688768250656, 3845.1962956970215, 3358.6398999999997, 3360.7263603790284, 3528.7853590765, 3166.2522568862914, 3331.09840238266, 3001.6948524131776, 3424.8725, 3659.1270555267333, 3468.988443064499, 3796.676838908577, 4047.1144500000005, 4147.11485]
shares:[0, 4.2553, 9.1477, 13.116, 17.1976, 21.5454, 26.0137, 30.0298, 32.9208, 34.9361, 37.2083, 39.6278, 41.8609, 44.1773, 46.6331, 49.2856, 51.6751, 54.3662, 56.9462, 59.7048, 62.8754, 65.8605, 68.9797, 72.3927, 75.4294, 78.9308, 82.4261, 85.6845, 88.9397, 92.2753, 95.6697, 98.8016, 101.8028, 104.7544, 107.5897, 110.4624, 113.8522, 117.3438, 120.7661, 124.7047, 128.5642, 132.9949, 136.9949, 140.844, 145.0246, 148.9477, 152.7213, 156.4949]
growth_rate:-11.76
