ticker:TAST
price:[6.75, 7.050000190734863, 6.539999961853027, 6.309999942779541, 6.809999942779541, 6.849999904632568, 6.690000057220459, 6.730000019073486, 5.849999904632568, 5.309999942779541, 5.21999979019165, 6.079999923706055, 6.71999979019165, 6.940000057220459, 6.829999923706055, 6.599999904632568, 6.420000076293945, 6.28000020980835, 6.199999809265137, 6.880000114440918, 6.900000095367432, 6.139999866485596, 6.820000171661377, 6.46999979019165, 6.300000190734863, 6.179999828338623, 6.289999961853027, 7.320000171661377, 7.0, 6.340000152587891, 6.119999885559082, 5.989999771118164, 5.679999828338623, 5.809999942779541, 5.889999866485596, 5.840000152587891, 6.119999885559082, 5.760000228881836, 5.909999847412109, 5.840000152587891, 6.139999866485596, 5.949999809265137, 6.119999885559082, 6.090000152587891, 5.190000057220459, 4.690000057220459, 4.940000057220459, 4.909999847412109, 4.869999885559082, 4.269999980926514, 4.480000019073486, 4.099999904632568]
assets:[0, 100.0000227054596, 192.7658448756218, 285.9868654066086, 408.6483475663662, 511.0483528850555, 599.1115821242809, 702.6934349915027, 710.8106734122754, 745.1974269697666, 832.5669985364914, 1069.7334265766144, 1282.3372399635316, 1424.318419743538, 1501.742818224907, 1551.1715775861742, 1608.8667851194382, 1673.7827079193592, 1752.4603260878562, 2044.6658580106734, 2150.609969724369, 2013.7308442113876, 2336.750298816681, 2316.829284870148, 2355.9543713274, 2411.0787290276526, 2553.994729510784, 3072.216516046572, 3037.9118, 2851.4803706279754, 2852.533170659065, 2891.9401424970624, 2842.2736181005957, 3007.325690382004, 3148.7344396245476, 3222.0051721847535, 3476.4849069914817, 3371.985925990677, 3559.7979850910187, 3617.6348145217894, 3903.4717591189383, 3882.6801105357167, 4093.6140674514772, 4173.547748570251, 3656.7671263163566, 3404.477607536411, 3685.9528846947196, 3763.5684020397184, 3832.9080859298706, 3460.681264541626, 3730.878607884121, 3514.419878253365]
shares:[0, 14.1844, 29.4749, 45.3228, 60.0071, 74.6056, 89.5533, 104.4121, 121.5061, 140.3385, 159.4956, 175.943, 190.824, 205.2332, 219.8745, 235.026, 250.6023, 266.5259, 282.6549, 297.1898, 311.6826, 327.9692, 342.632, 358.088, 373.961, 390.1422, 406.0405, 419.7017, 433.9874, 449.7603, 466.1002, 482.7947, 500.4003, 517.612, 534.5899, 551.7132, 568.0531, 585.4142, 602.3347, 619.458, 635.7446, 652.5513, 668.8912, 685.3116, 704.5794, 725.9014, 746.1443, 766.5109, 787.0448, 810.464, 832.7854, 857.1756]
growth_rate:-31.09
