ticker:TATT
price:[3.940000057220459, 4.110000133514404, 4.03000020980835, 5.820000171661377, 4.599999904632568, 4.489999771118164, 4.309999942779541, 4.349999904632568, 4.119999885559082, 4.239999771118164, 4.320000171661377, 4.570000171661377, 4.619999885559082, 4.510000228881836, 4.570000171661377, 4.559999942779541, 4.389999866485596, 4.53000020980835, 6.21999979019165, 6.179999828338623, 5.860000133514404, 5.579999923706055, 5.559999942779541, 5.980000019073486, 6.210000038146973, 5.599999904632568, 5.309999942779541, 5.610000133514404, 5.639999866485596, 5.460000038146973, 5.130000114440918, 5.099999904632568, 5.0, 5.099999904632568, 4.980000019073486, 5.210000038146973, 5.449999809265137, 5.670000076293945, 5.570000171661377, 5.809999942779541, 5.760000228881836, 5.71999979019165, 5.809999942779541, 8.449999809265137, 7.179999828338623, 6.820000171661377, 6.409999847412109, 6.309999942779541, 6.300000190734863, 6.099999904632568, 5.929999828338623, 6.03000020980835]
assets:[0, 100.00000224852562, 198.05355431098937, 386.02256938576693, 405.10359160137176, 495.41624774570465, 575.5556683588028, 680.897220072317, 744.8955673090935, 866.5915052200318, 982.942167058611, 1139.825221814871, 1252.2957829796792, 1322.4790931156158, 1440.0728620929717, 1536.9215327141762, 1579.6237999584198, 1729.9993791254522, 2475.407526501417, 2559.4883349052907, 2526.958047574282, 2506.2156737331393, 2597.23276527071, 2893.4265972287176, 3104.71249607172, 2899.7404306177136, 2849.57536129303, 3110.568359029531, 3227.202283603191, 3224.2064625263215, 3129.337005809784, 3211.0364399552345, 3248.075, 3413.0362161779403, 3432.7294511474133, 3691.2693970270157, 3961.308381365204, 4221.214697799492, 4246.766422880745, 4529.750768388223, 4590.7685664207465, 4658.887777113008, 4832.192058409595, 7127.8866441081045, 6156.594962806464, 5947.908335710573, 5690.335703543472, 5701.563246296978, 5792.527615370941, 5708.637330751133, 5649.544044457245, 5844.814682364989]
shares:[0, 24.3309, 49.1448, 66.3269, 88.066, 110.3377, 133.5396, 156.5281, 180.7999, 204.3848, 227.5329, 249.4147, 271.0597, 293.2326, 315.1144, 337.0442, 359.8232, 381.8983, 397.9755, 414.1567, 431.2215, 449.1426, 467.1282, 483.8506, 499.9537, 517.8108, 536.6432, 554.4685, 572.199, 590.514, 610.0072, 629.615, 649.615, 669.2228, 689.3031, 708.497, 726.8456, 744.4823, 762.4356, 779.6473, 797.0084, 814.4909, 831.7026, 843.5369, 857.4645, 872.1273, 887.7279, 903.5758, 919.4488, 935.8422, 952.7056, 969.2893]
growth_rate:14.6
