ticker:TAYD
price:[9.5600004196167, 8.75, 9.279999732971191, 9.279999732971191, 9.449999809265137, 9.489999771118164, 9.649999618530273, 9.600000381469727, 9.449999809265137, 9.229999542236328, 9.470000267028809, 9.899999618530273, 10.539999961853027, 10.5, 10.229999542236328, 9.819999694824219, 10.039999961853027, 10.470000267028809, 10.1899995803833, 10.210000038146973, 10.399999618530273, 10.420000076293945, 10.479999542236328, 11.489999771118164, 11.640000343322754, 11.069999694824219, 10.989999771118164, 11.979999542236328, 11.1899995803833, 10.779999732971191, 11.479999542236328, 11.8100004196167, 12.010000228881836, 11.899999618530273, 12.180000305175781, 12.25, 12.100000381469727, 12.170000076293945, 11.850000381469727, 11.869999885559082, 11.970000267028809, 12.069999694824219, 12.0, 11.979999542236328, 11.59000015258789, 11.279999732971191, 11.25, 12.079999923706055, 11.640000343322754, 11.329999923706055, 11.600000381469727, 11.520000457763672]
assets:[0, 100.00025, 206.05775407075882, 306.0581031932831, 411.66467169113156, 513.4070896175384, 622.0631004095078, 718.8403485641479, 807.6083236995697, 888.8064979194642, 1011.91782553339, 1157.8653453847885, 1332.7176471765517, 1427.6598000000001, 1490.9487772842406, 1531.1942544151304, 1665.4984456719399, 1836.8296248468398, 1887.7065932656287, 1991.4114994403837, 2128.470161928177, 2232.56316634655, 2345.418657552719, 2671.455969784355, 2806.331914772987, 2768.908027667236, 2848.898076667786, 3205.5316055145263, 3094.1490219717025, 3080.7794716867447, 3380.830017189789, 3578.0144151290897, 3738.6073832489014, 3804.365618046188, 3993.8805640686037, 4116.8342250000005, 4166.424591352463, 4290.527441897392, 4277.7114927061075, 4384.931080724048, 4521.872287874699, 4659.648729186249, 4732.6248, 4824.736363643646, 4767.670575768661, 4740.148039787578, 4827.5415, 5283.70619862957, 5191.253913116455, 5152.998398300743, 5375.7974567848205, 5438.723544115448]
shares:[0, 11.4286, 22.2045, 32.9804, 43.5624, 54.0998, 64.4625, 74.8792, 85.4612, 96.2954, 106.8551, 116.9561, 126.4438, 135.9676, 145.7428, 155.9261, 165.8863, 175.4374, 185.2509, 195.0452, 204.6606, 214.2575, 223.7995, 232.5027, 241.0938, 250.1272, 259.2264, 267.5736, 276.5102, 285.7866, 294.4974, 302.9648, 311.2912, 319.6946, 327.9048, 336.0681, 344.3326, 352.5495, 360.9883, 369.4129, 377.7671, 386.0521, 394.3854, 402.7326, 411.3607, 420.2259, 429.1148, 437.3929, 445.984, 454.8101, 463.4308, 472.1114]
growth_rate:6.64
