ticker:TBBK
price:[9.850000381469727, 9.010000228881836, 9.430000305175781, 8.300000190734863, 9.010000228881836, 9.460000038146973, 9.460000038146973, 9.569999694824219, 9.600000381469727, 10.25, 11.149999618530273, 11.420000076293945, 12.59000015258789, 13.140000343322754, 13.539999961853027, 13.390000343322754, 13.449999809265137, 13.649999618530273, 15.3100004196167, 16.40999984741211, 17.34000015258789, 16.770000457763672, 18.34000015258789, 19.610000610351562, 20.450000762939453, 20.270000457763672, 21.969999313354492, 23.530000686645508, 23.600000381469727, 21.31999969482422, 21.1299991607666, 21.799999237060547, 22.90999984741211, 21.940000534057617, 22.209999084472656, 24.350000381469727, 24.520000457763672, 24.1299991607666, 24.239999771118164, 25.290000915527344, 25.360000610351562, 22.809999465942383, 24.0, 22.690000534057617, 23.15999984741211, 21.700000762939453, 21.860000610351562, 23.3700008392334, 25.3700008392334, 25.329999923706055, 23.790000915527344, 25.559999465942383]
assets:[0, 100.00019054031372, 204.66212562332151, 280.13745643758773, 404.101213265419, 524.2836081141472, 624.2833765173912, 731.542260671997, 833.8358731336593, 990.2935, 1177.2459497234345, 1305.7536727233887, 1539.5303986587523, 1706.7848665949823, 1858.7414067632676, 1938.15032869463, 2046.834420973778, 2177.2704891529083, 2542.052566672611, 2824.6942987346647, 3084.7773571453095, 3083.374209165573, 3472.0389628871917, 3812.4684636611937, 4075.777177057266, 4139.902326492691, 4587.107368635559, 5012.819581282616, 5127.732562884522, 4732.340636260986, 4790.166583745957, 5042.0564235420225, 5398.784993042374, 5270.203140285874, 5435.059958959198, 6058.745179916954, 6201.044363767242, 6202.413592282105, 6330.688020223617, 6704.9128617256165, 6823.470812223816, 6237.355576962853, 6662.76, 6399.083868616104, 6631.634356307983, 6313.5783319759375, 6460.130774372864, 7006.370654603767, 7705.975386911774, 7793.825671525002, 7419.97995654831, 8072.034419340705]
shares:[0, 11.0988, 21.7033, 33.7515, 44.8503, 55.4211, 65.9919, 76.4412, 86.8579, 96.614, 105.5826, 114.3392, 122.282, 129.8923, 137.2778, 144.7461, 152.181, 159.507, 166.0387, 172.1325, 177.8995, 183.8625, 189.3151, 194.4145, 199.3045, 204.2379, 208.7896, 213.0395, 217.2768, 221.9672, 226.6998, 231.287, 235.6519, 240.2098, 244.7123, 248.8191, 252.8974, 257.0416, 261.167, 265.1211, 269.0643, 273.4483, 277.615, 282.0222, 286.34, 290.9483, 295.5229, 299.8019, 303.7436, 307.6915, 311.8949, 315.8073]
growth_rate:58.28
