ticker:TBCPU
price:[10.640000343322754, 10.550000190734863, 10.5, 10.350000381469727, 10.270000457763672, 10.149999618530273, 9.970000267028809, 10.029999732971191, 10.0, 10.09000015258789, 10.029999732971191, 10.0, 10.0, 9.989999771118164, 9.949999809265137, 9.960000038146973, 9.920000076293945, 9.979999542236328, 10.0, 9.989999771118164, 9.960000038146973, 9.989999771118164, 10.0, 10.0, 10.0, 9.970000267028809, 9.949999809265137, 9.920000076293945, 9.845000267028809, 9.8100004196167, 9.850000381469727, 9.850000381469727]
assets:[0, 100.00028680791854, 199.52625, 296.67551593456267, 394.3823955787659, 489.7740215927124, 581.088504563427, 684.5855957742691, 782.538, 889.5808274528503, 984.291014795208, 1081.347, 1181.347, 1280.1655236700058, 1375.0402236413954, 1476.422597654724, 1570.492748078537, 1679.991206941986, 1783.3580000000002, 1881.5744988910674, 1975.9245675678253, 2081.8759923019406, 2183.96, 2283.96, 2383.96, 2476.8082833369253, 2571.8401306995393, 2664.0854604892734, 2743.943342424774, 2834.188582230663, 2945.7450540824893, 3045.745212955284]
shares:[0, 9.4787, 19.0025, 28.6643, 38.4014, 48.2536, 58.2837, 68.2538, 78.2538, 88.1646, 98.1347, 108.1347, 118.1347, 128.1447, 138.195, 148.2352, 158.3158, 168.3358, 178.3358, 188.3458, 198.386, 208.396, 218.396, 228.396, 238.396, 248.4261, 258.4764, 268.557, 278.7144, 288.9081, 299.0604, 309.2127]
growth_rate:-1.75
