ticker:TBCP
price:[9.550000190734863, 9.970000267028809, 9.86299991607666, 9.899999618530273, 9.880000114440918, 9.75, 9.729999542236328, 9.75, 9.710000038146973, 9.789999961853027, 9.774999618530273, 9.75, 9.760000228881836, 9.710000038146973, 9.760000228881836, 9.739999771118164, 9.779999732971191, 9.760000228881836, 9.739999771118164, 9.699999809265137, 9.670000076293945, 9.640000343322754, 9.710000038146973, 9.699999809265137]
assets:[0, 100.00009967832564, 198.92684530735016, 299.6729884529114, 399.06802462244036, 493.817025, 592.8041141105653, 694.0225499999999, 791.1756581082344, 897.6940465021132, 996.3187911186219, 1093.7706, 1194.892428021431, 1288.7714070631027, 1395.407728723717, 1492.5478249263763, 1598.6768983504294, 1695.407687759018, 1791.933015891075, 1884.5741629428865, 1978.746006611824, 2072.6068218146324, 2187.6571825944898, 2285.4043450612066]
shares:[0, 10.0301, 20.169, 30.27, 40.3915, 50.6479, 60.9254, 71.1818, 81.4805, 91.695, 101.9252, 112.1816, 122.4275, 132.7262, 142.9721, 153.239, 163.4639, 173.7098, 183.9767, 194.286, 204.6273, 215.0007, 225.2994, 235.6087]
growth_rate:-0.63
