ticker:TBIO
price:[12.680000305175781, 12.989999771118164, 14.779999732971191, 13.130000114440918, 13.0, 14.739999771118164, 15.8100004196167, 14.029999732971191, 12.829999923706055, 14.270000457763672, 16.030000686645508, 18.31999969482422, 19.350000381469727, 22.149999618530273, 25.09000015258789, 24.829999923706055, 22.139999389648438, 18.43000030517578, 21.65999984741211, 23.329999923706055, 23.030000686645508, 23.8799991607666, 30.920000076293945, 27.59000015258789, 25.170000076293945, 23.34000015258789, 22.229999542236328, 24.600000381469727, 16.450000762939453, 16.399999618530273, 17.149999618530273, 17.260000228881836, 18.84000015258789, 21.610000610351562, 23.219999313354492, 19.43000030517578, 17.15999984741211, 17.489999771118164, 18.010000228881836, 18.579999923706055, 21.389999389648438, 18.360000610351562, 22.899999618530273, 29.18000030517578, 29.0, 29.5, 30.0, 27.639999389648438, 37.7400016784668, 37.7400016784668, 37.77000045776367, 37.22999954223633]
assets:[0, 99.99961623802184, 213.77939413766862, 289.91302852687835, 387.0425, 538.8472236328125, 677.9628569939614, 701.6332716460229, 741.6214665899276, 924.8587076683045, 1138.9267397859574, 1401.6302006515502, 1580.4345011569976, 1909.128402120781, 2262.530907759857, 2339.085312812805, 2185.676237745666, 1919.4218697830202, 2355.815227404022, 2637.4494923749926, 2703.535537606621, 2903.318357966423, 3859.2396135225295, 3543.609957598114, 3332.789914102173, 3190.477658858108, 3138.74477836647, 3573.373915411949, 2489.5118604618074, 2581.9454199430465, 2800.0221277187347, 2917.980816694832, 3285.096914606476, 3868.097186250305, 4256.279280136299, 3661.564127510071, 3333.7847103557588, 3497.8967632249833, 3701.8943130458833, 3919.055229907417, 4611.765150405884, 4058.485478918457, 5162.053794010162, 6677.673825837707, 6736.4825, 6952.62785, 7170.468, 6706.389791908264, 9256.988379699707, 9356.98806214714, 9464.42559970665, 9429.111679063797]
shares:[0, 7.6982, 14.4641, 22.0802, 29.7725, 36.5568, 42.8819, 50.0095, 57.8037, 64.8114, 71.0497, 76.5082, 81.6762, 86.1909, 90.1766, 94.204, 98.7207, 104.1466, 108.7634, 113.0497, 117.3919, 121.5795, 124.8137, 128.4382, 132.4112, 136.6957, 141.1941, 145.2591, 151.3381, 157.4357, 163.2666, 169.0603, 174.3682, 178.9957, 183.3023, 188.449, 194.2765, 199.9941, 205.5466, 210.9287, 215.6038, 221.0504, 225.4172, 228.8442, 232.2925, 235.6823, 239.0156, 242.6335, 245.2832, 247.9329, 250.5805, 253.2665]
growth_rate:84.88
