ticker:TBK
price:[29.84000015258789, 29.25, 28.799999237060547, 29.489999771118164, 34.189998626708984, 39.279998779296875, 42.40999984741211, 45.86000061035156, 42.130001068115234, 41.58000183105469, 47.470001220703125, 46.900001525878906, 47.58000183105469, 47.45000076293945, 48.09000015258789, 50.5099983215332, 48.34000015258789, 48.54999923706055, 58.720001220703125, 58.869998931884766, 59.68000030517578, 57.34000015258789, 64.05999755859375, 67.9800033569336, 73.63999938964844, 76.69999694824219, 80.41000366210938, 80.58999633789062, 82.55000305175781, 78.29000091552734, 81.66000366210938, 93.81999969482422, 96.4800033569336, 91.6500015258789, 88.62999725341797, 90.88999938964844, 86.0, 81.73999786376953, 83.75, 83.47000122070312, 81.83999633789062, 72.62999725341797, 77.37000274658203, 73.66000366210938, 74.45999908447266, 72.94999694824219, 75.01000213623047, 76.66000366210938, 81.87000274658203, 81.94000244140625, 80.38999938964844, 84.16000366210938]
assets:[0, 99.9999, 198.46079474258423, 303.21617764663694, 451.5404738632202, 618.762108770752, 768.0663022365569, 930.5452723846436, 954.8596222084045, 1042.3940139038086, 1290.0542471740723, 1374.5640047210693, 1494.4926155136109, 1590.4101455718994, 1711.8597354316712, 1898.0041049285887, 1916.4634760494232, 2024.7874281814575, 2548.9295569885253, 2655.443154820633, 2791.979614276886, 2782.5095174045564, 3208.6051277160645, 3504.947003078461, 3896.7710277023316, 4158.696844532776, 4459.852402114869, 4569.831565341186, 4780.97423174591, 4634.2513401931765, 4933.734101257324, 5768.4194792366025, 6031.968401876831, 5829.994072063446, 5737.8882961868285, 5984.197559814454, 5762.2408, 5576.809442253113, 5813.94175, 5894.501240203857, 5879.393520913697, 5317.743245903778, 5764.792482646179, 5588.363497833252, 5749.0565293121335, 5732.46912019043, 5994.3493107147215, 6226.210507431031, 6749.354839427948, 6855.12518624878, 6825.448586178589, 7245.536699279785]
shares:[0, 3.4188, 6.891, 10.282, 13.2068, 15.7526, 18.1105, 20.291, 22.6646, 25.0696, 27.1762, 29.3084, 31.4101, 33.5176, 35.597, 37.5768, 39.6455, 41.7052, 43.4082, 45.1069, 46.7825, 48.5265, 50.0875, 51.5585, 52.9165, 54.2203, 55.4639, 56.7047, 57.9161, 59.1934, 60.418, 61.4839, 62.5204, 63.6115, 64.7398, 65.84, 67.0028, 68.2262, 69.4202, 70.6182, 71.8401, 73.2169, 74.5094, 75.867, 77.21, 78.5808, 79.914, 81.2185, 82.4399, 83.6603, 84.9042, 86.0924]
growth_rate:42.07
