ticker:TBKCP
price:[25.649999618530273, 25.729999542236328, 25.389999389648438, 25.520000457763672, 25.950000762939453, 26.0, 26.0, 26.100000381469727, 26.1299991607666, 26.469999313354492, 26.309999465942383, 26.55299949645996, 26.799999237060547, 27.0, 27.600000381469727, 27.23200035095215, 27.3799991607666, 27.469999313354492, 27.18000030517578, 27.010000228881836, 27.5, 27.05500030517578, 27.75, 27.700000762939453, 27.850000381469727, 27.334999084472656, 27.385000228881836, 27.18000030517578, 27.100000381469727, 27.5, 27.5, 27.81999969482422, 27.709999084472656, 28.415000915527344, 27.729999542236328, 27.650999069213867, 27.850000381469727, 27.424999237060547, 27.799999237060547, 27.809999465942383, 27.899999618530273, 27.950000762939453, 27.625, 27.75, 27.989999771118164, 27.799999237060547, 27.790000915527344, 28.0, 28.25, 28.280000686645508, 28.049999237060547, 28.139999389648438]
assets:[0, 99.99964322090149, 198.679284223938, 299.69667737579346, 404.74735189971926, 505.52840000000003, 605.5296, 707.8581103458404, 808.6712140274047, 919.1945491556169, 1013.6374564245224, 1123.0006971038817, 1233.4458448863982, 1342.6506, 1472.4876203517913, 1552.8558024124147, 1661.2951390790938, 1766.7549818378448, 1848.1041207504275, 1936.5440894102096, 2071.6767499999996, 2138.1539686180113, 2293.079625, 2388.947785798645, 2501.8852892690657, 2555.620135404968, 2660.293939234543, 2740.38004276886, 2832.313179868698, 2974.1195, 3074.1205, 3209.891038788605, 3297.1989360618595, 3481.0876641601562, 3497.168892269134, 3587.205585747719, 3713.0233208583836, 3756.3610080013277, 3907.7235727569578, 4009.128457009506, 4122.102183639527, 4229.489145450591, 4280.3086625, 4399.676475, 4537.727566893768, 4606.924133568192, 4705.266784012604, 4840.822, 4984.042975, 5089.336795570373, 5147.9462349796295, 5264.464853814698]
shares:[0, 3.8865, 7.8251, 11.7436, 15.5972, 19.4434, 23.2896, 27.121, 30.948, 34.7259, 38.5267, 42.2928, 46.0241, 49.7278, 53.351, 57.0232, 60.6755, 64.3158, 67.995, 71.6973, 75.3337, 79.0299, 82.6335, 86.2436, 89.8343, 93.4926, 97.1442, 100.8234, 104.5134, 108.1498, 111.7862, 115.3807, 118.9895, 122.5088, 126.115, 129.7315, 133.3222, 136.9685, 140.5656, 144.1614, 147.7456, 151.3234, 154.9433, 158.5469, 162.1196, 165.7167, 169.3151, 172.8865, 176.4263, 179.9624, 183.5275, 187.0812]
growth_rate:3.22
