ticker:TBLT
price:[0.7149999737739563, 0.625, 0.6520000100135803, 0.6639999747276306, 0.8339999914169312, 0.8450000286102295, 0.8299999833106995, 0.7680000066757202, 0.6809999942779541, 0.699999988079071, 0.7799999713897705, 0.828000009059906, 0.8299999833106995, 0.8019999861717224, 0.753000020980835, 0.800000011920929, 0.8199999928474426, 0.7929999828338623, 0.9259999990463257, 1.2599999904632568, 1.2999999523162842, 1.4199999570846558, 1.3799999952316284, 1.4800000190734863, 1.3600000143051147, 1.1299999952316284, 0.996999979019165, 1.1699999570846558, 1.2400000095367432, 1.149999976158142, 0.9470000267028809, 0.9340000152587891, 0.7229999899864197, 0.7279999852180481, 0.7590000033378601, 0.7250000238418579, 0.6399999856948853, 0.7400000095367432, 0.7149999737739563, 0.7200000286102295, 0.7639999985694885, 0.7900000214576721, 0.8600000143051147, 0.7570000290870667, 1.0499999523162842, 0.6150000095367432, 0.6069999933242798, 0.6100000143051147, 0.6380000114440918, 0.6830000281333923, 0.4909999966621399, 0.5379999876022339]
assets:[0, 100.0, 204.3199815379977, 308.080450674212, 486.9564987885118, 593.3792155907869, 682.8458002696157, 731.8380351613879, 748.93451070714, 869.8298551868857, 1069.238936780548, 1235.0382723136843, 1338.0213930956127, 1392.883340583569, 1407.7820324250222, 1595.6515437770604, 1735.542776861501, 1778.3968285028936, 2176.6652281582833, 3061.769106825948, 3258.9680604617597, 3659.795851393378, 3656.703149364841, 4021.6817518293856, 3795.5994239238858, 3253.6965612700583, 2970.739302283859, 3586.2236134580967, 3900.784218000627, 3717.662652925229, 3161.4145087434767, 3218.0159813728333, 2591.033717514074, 2708.95230019505, 2924.3061041602436, 2893.3095776474115, 2654.093828676379, 3168.7960728378293, 3161.741967527991, 3283.852306488562, 3584.532060888332, 3806.5188813911795, 4243.805348590839, 3835.535726277119, 5420.095343856859, 3274.6274517793177, 3332.0305573546884, 3448.4986848707676, 3706.790402090359, 4068.241242874557, 3024.6066735384643, 3414.1310819241644]
shares:[0, 160.0, 313.3742, 463.9766, 583.8807, 702.2239, 822.7058, 952.9141, 1099.757, 1242.6141, 1370.8192, 1491.5921, 1612.074, 1736.7623, 1869.5644, 1994.5644, 2116.5156, 2242.619, 2350.6104, 2429.9755, 2506.8986, 2577.3211, 2649.7849, 2717.3525, 2790.8819, 2879.3775, 2979.6784, 3065.1485, 3145.7937, 3232.7502, 3338.3468, 3445.4132, 3583.7258, 3721.0884, 3852.8407, 3990.7717, 4147.0217, 4282.1568, 4422.0169, 4560.9058, 4691.7959, 4818.3782, 4934.6573, 5066.7577, 5161.9958, 5324.5974, 5489.342, 5653.2764, 5810.0162, 5956.4291, 6160.0951, 6345.9687]
growth_rate:-33.06
