ticker:TBLTW
price:[0.0820000022649765, 0.06599999964237213, 0.06300000101327896, 0.05900000035762787, 0.061000000685453415, 0.07800000160932541, 0.0860000029206276, 0.07500000298023224, 0.05999999865889549, 0.05999999865889549, 0.08699999749660492, 0.0729999989271164, 0.09000000357627869, 0.0820000022649765, 0.07999999821186066, 0.09000000357627869, 0.12800000607967377, 0.20000000298023224, 0.3149999976158142, 0.41999998688697815, 0.5889999866485596, 0.8399999737739563, 0.2750000059604645, 0.4099999964237213, 0.33000001311302185, 0.28600001335144043, 0.2800000011920929, 0.27900001406669617, 0.2709999978542328, 0.21799999475479126, 0.20999999344348907, 0.22200000286102295, 0.1720000058412552, 0.20999999344348907, 0.20200000703334808, 0.23999999463558197, 0.22300000488758087, 0.21299999952316284, 0.20999999344348907, 0.24799999594688416, 0.22499999403953552, 0.22200000286102295, 0.23100000619888306, 0.21199999749660492, 0.25, 0.24500000476837158, 0.23000000417232513, 0.19200000166893005, 0.20999999344348907, 0.23999999463558197, 0.19499999284744263, 0.22100000083446503]
assets:[0, 99.9999984581396, 195.45454844365045, 283.04473141567263, 392.63946691206655, 602.0635888220027, 763.8137129397131, 766.116615442738, 712.8932540655937, 812.8932538304194, 1278.6952087059842, 1172.9281762614326, 1546.0759154355346, 1508.6469312713384, 1571.8505888664006, 1868.3320252408416, 2757.183350159176, 4408.09884568579, 7042.755519694483, 9490.34045169751, 13409.072800343392, 19223.295491820234, 6393.341131071934, 9631.890106984576, 7852.497294030196, 6905.497692571807, 6860.626837208944, 6936.124908207371, 6837.239215063011, 5600.06687965908, 5494.559801451703, 5908.534893546188, 4677.783882861212, 5811.2473935642465, 5689.866912112936, 6860.237534661739, 6474.304328499934, 6283.976637332236, 6295.469746446107, 7534.650093659637, 6935.872001262134, 6943.393967482924, 7324.883007963169, 6822.403189437873, 8145.286875, 8082.381303305292, 7687.541621456185, 6517.425983051709, 7228.434386317569, 8361.067949115564, 6893.367605152773, 7912.483604976429]
shares:[0, 1515.1515, 3102.4531, 4797.3683, 6436.7125, 7718.7638, 8881.5545, 10214.8878, 11881.5545, 13548.2212, 14697.6465, 16067.5095, 17178.6206, 18398.1328, 19648.1328, 20759.2439, 21540.4939, 22040.4939, 22357.9542, 22596.0494, 22765.8287, 22884.8763, 23248.5127, 23492.4151, 23795.4454, 24145.0957, 24502.2386, 24860.6615, 25229.6652, 25688.3808, 26164.5713, 26615.0217, 27196.417, 27672.6075, 28167.657, 28584.3237, 29032.7542, 29502.2378, 29978.4283, 30381.6541, 30826.0986, 31276.549, 31709.4494, 32181.1475, 32581.1475, 32989.3108, 33424.0934, 33944.9267, 34421.1172, 34837.7839, 35350.6044, 35803.0931]
growth_rate:55.15
