ticker:TBNK
price:[21.600000381469727, 21.610000610351562, 21.079999923706055, 20.020000457763672, 20.15999984741211, 21.0, 21.799999237060547, 22.520000457763672, 21.209999084472656, 20.75, 22.719999313354492, 21.709999084472656, 23.309999465942383, 23.260000228881836, 23.219999313354492, 24.0, 24.0, 24.030000686645508, 25.40999984741211, 26.510000228881836, 26.15999984741211, 23.860000610351562, 24.770000457763672, 24.65999984741211, 24.450000762939453, 24.579999923706055, 26.350000381469727, 28.5, 29.559999465942383, 27.260000228881836, 26.899999618530273, 26.639999389648438, 26.3700008392334, 26.0, 25.149999618530273, 25.959999084472656, 25.8700008392334, 25.850000381469727, 26.1200008392334, 25.65999984741211, 26.010000228881836, 24.690000534057617, 25.3700008392334, 25.309999465942383, 25.170000076293945, 24.989999771118164, 25.3700008392334, 25.540000915527344, 25.8799991607666, 25.540000915527344, 25.6299991607666, 25.389999389648438]
assets:[0, 100.00027782440186, 197.54700328502653, 287.6133325763702, 389.62425305099487, 505.8585, 625.130238122177, 745.7768391593933, 802.3954753646851, 884.993725, 1069.0145916921615, 1121.49296170578, 1304.1455191205978, 1401.347559789467, 1498.936869674492, 1649.2896, 1749.2904, 1851.4779109050749, 2057.805968642807, 2246.8895323991774, 2317.2240104839325, 2213.4922566223145, 2397.9119113147735, 2487.2643026096343, 2566.08381507225, 2679.7263396823882, 2972.6937380357745, 3315.24825, 3538.5506800693515, 3363.2243362384797, 3418.8097215177536, 3485.7666641372684, 3550.438453993797, 3600.623, 3582.9091856552127, 3798.3035180458073, 3885.136030035401, 3982.1331037645336, 4123.7264764949805, 4151.102853315354, 4307.724217906952, 4189.107948612595, 4404.483308699227, 4494.066284172249, 4569.208276849937, 4636.532102534295, 4807.036723015594, 4939.247181056213, 5105.000642455673, 5137.933064178466, 5256.038758895302, 5306.822169429016]
shares:[0, 4.6275, 9.3713, 14.3663, 19.3266, 24.0885, 28.6757, 33.1162, 37.831, 42.6503, 47.0517, 51.6579, 55.9479, 60.2471, 64.5537, 68.7204, 72.8871, 77.0486, 80.9841, 84.7563, 88.5789, 92.77, 96.8071, 100.8623, 104.9523, 109.0206, 112.8157, 116.3245, 119.7074, 123.3758, 127.0933, 130.8471, 134.6393, 138.4855, 142.4616, 146.3137, 150.1792, 154.0477, 157.8762, 161.7733, 165.618, 169.6682, 173.6099, 177.5609, 181.5339, 185.5355, 189.4772, 193.3926, 197.2566, 201.172, 205.0737, 209.0123]
growth_rate:4.06
