ticker:TBPH
price:[17.15999984741211, 16.8700008392334, 17.81999969482422, 15.720000267028809, 14.979999542236328, 18.0, 18.530000686645508, 19.450000762939453, 18.90999984741211, 16.790000915527344, 17.65999984741211, 17.209999084472656, 16.40999984741211, 17.049999237060547, 18.610000610351562, 19.459999084472656, 18.760000228881836, 17.770000457763672, 17.65999984741211, 17.989999771118164, 18.1299991607666, 18.639999389648438, 19.899999618530273, 19.65999984741211, 18.790000915527344, 16.56999969482422, 19.450000762939453, 20.639999389648438, 21.079999923706055, 20.489999771118164, 20.1200008392334, 20.950000762939453, 21.709999084472656, 21.149999618530273, 19.739999771118164, 19.75, 18.719999313354492, 17.440000534057617, 17.280000686645508, 16.56999969482422, 18.200000762939453, 17.520000457763672, 15.600000381469727, 14.369999885559082, 13.710000038146973, 13.260000228881836, 13.569999694824219, 12.979999542236328, 13.0, 13.520000457763672, 14.050000190734863, 8.229999542236328]
assets:[0, 100.0003039747238, 205.6321044784546, 281.3990087800026, 368.1529627498627, 542.3742, 658.3449823955535, 791.0315310287476, 869.0695549873352, 871.6377865287781, 1016.802747214508, 1090.8936539672852, 1140.1831993980406, 1284.6509475154878, 1502.191805267334, 1670.8024393943786, 1710.7019088714599, 1720.425695318985, 1809.775592362976, 1943.5928012722015, 2058.717607702446, 2216.629583418274, 2466.4656527194975, 2536.719950311661, 2524.4648080024717, 2326.2042621574406, 2830.5177660289764, 3103.696564219665, 3269.8600241655354, 3278.34054237957, 3319.1422144460676, 3556.0656995018007, 3785.0688683807375, 3787.4340666883472, 3634.939349853516, 3736.780975, 3641.900986415863, 3492.8815629610062, 3560.8361734949112, 3514.528418271637, 3960.2546460128783, 3912.2896862205507, 3583.546287629127, 3400.9967309148788, 3344.7916923066136, 3335.006745565796, 3512.974380996704, 3460.2368339683535, 3565.5685, 3808.1906969387055, 4057.4756700819967, 2476.7278322410584]
shares:[0, 5.9277, 11.5394, 17.9007, 24.5763, 30.1319, 35.5286, 40.67, 45.9582, 51.9141, 57.5766, 63.3872, 69.481, 75.3461, 80.7196, 85.8583, 91.1888, 96.8163, 102.4788, 108.0374, 113.5531, 118.9179, 123.943, 129.0295, 134.3515, 140.3865, 145.5279, 150.3729, 155.1167, 159.9971, 164.9673, 169.7406, 174.3468, 179.0749, 184.1408, 189.2041, 194.546, 200.2799, 206.0669, 212.1019, 217.5964, 223.3042, 229.7145, 236.6734, 243.9673, 251.5088, 258.878, 266.5822, 274.2745, 281.6709, 288.7883, 300.939]
growth_rate:-51.44
