ticker:TBSAU
price:[9.890000343322754, 9.850000381469727, 9.899999618530273, 9.949999809265137, 9.930000305175781, 9.930000305175781, 9.944999694824219, 9.947999954223633, 9.930000305175781, 9.899999618530273, 9.949999809265137, 9.949999809265137, 9.970000267028809, 9.970000267028809, 9.9399995803833, 9.970000267028809, 9.920000076293945, 9.989999771118164, 9.880000114440918, 9.86299991607666, 9.859999656677246, 9.859999656677246, 9.800000190734863]
assets:[0, 100.00015887279511, 200.50766227397918, 301.520814220047, 400.9148253211975, 500.91489339447025, 601.6714870368958, 701.8532823703766, 800.5834356040954, 898.1645953916549, 1002.7012807788849, 1102.7017638619423, 1204.9184002716065, 1304.918499949932, 1400.9922468571663, 1505.2207903146743, 1597.6715642875672, 1708.9453048461912, 1790.1285687352179, 1887.048321943283, 1986.4744108314512, 2086.4745273494723, 2173.778222307682]
shares:[0, 10.1523, 20.2533, 30.3036, 40.3741, 50.4446, 60.4999, 70.5522, 80.6227, 90.7237, 100.774, 110.8243, 120.8544, 130.8845, 140.9449, 150.975, 161.0556, 171.0656, 181.1871, 191.326, 201.468, 211.61, 221.8141]
growth_rate:-1.19
