ticker:TC
price:[4.679999828338623, 4.28000020980835, 3.799999952316284, 3.0799999237060547, 3.319999933242798, 3.2799999713897705, 3.1600000858306885, 4.480000019073486, 3.2799999713897705, 3.1700000762939453, 2.740000009536743, 3.450000047683716, 3.9100000858306885, 3.740000009536743, 3.9000000953674316, 5.099999904632568, 3.630000114440918, 3.3499999046325684, 3.680000066757202, 3.6500000953674316, 3.8299999237060547, 3.7100000381469727, 3.9600000381469727, 4.289999961853027, 4.199999809265137, 3.890000104904175, 3.8399999141693115, 3.8499999046325684, 4.199999809265137, 3.859999895095825, 3.9100000858306885, 4.03000020980835, 3.990000009536743, 4.0, 3.9700000286102295, 3.119999885559082, 3.049999952316284, 3.1500000953674316, 3.1600000858306885, 3.119999885559082, 3.1600000858306885, 3.049999952316284, 3.119999885559082, 3.109999895095825, 3.1700000762939453, 3.190000057220459, 3.069999933242798, 2.75, 2.640000104904175, 2.5199999809265137, 1.7899999618530273, 1.9800000190734863]
assets:[0, 100.00006490206718, 188.7851376310587, 253.01521773262024, 372.7307485052824, 468.24000391571525, 551.109386969018, 881.3194917521953, 745.251745499444, 820.2584417415619, 808.993222815752, 1118.6228404608964, 1367.7723790247678, 1408.3041095910787, 1568.552348356104, 2151.183529773951, 1631.1365584239006, 1605.3186142999648, 1863.454513804078, 1948.2634709043502, 2144.3422722845075, 2177.1567593859672, 2423.8653353492737, 2725.8539637615204, 2768.6680142663, 2664.3139758502957, 2730.068290978217, 2837.1777347209454, 3195.102814900589, 3036.4515474776026, 3175.783788713479, 3373.25041961689, 3439.7690332216025, 3548.39, 3621.777034100723, 2946.333515929127, 2980.229983407068, 3177.942486213398, 3288.031281308222, 3346.410477254391, 3489.3134907753706, 3467.849945783615, 3647.4399222126963, 3735.749289988518, 3907.82171505146, 4032.4768393323425, 3980.7847954377653, 3665.84955, 3619.215743814707, 3554.705673094988, 2624.969430058861, 3003.597658933878]
shares:[0, 23.3645, 49.6803, 82.1478, 112.2683, 142.7561, 174.4017, 196.7231, 227.2109, 258.7566, 295.253, 324.2385, 349.8139, 376.5519, 402.1929, 421.8007, 449.3489, 479.1996, 506.3735, 533.7708, 559.8805, 586.8347, 612.0872, 635.3972, 659.2067, 684.9136, 710.9553, 736.9293, 760.7388, 786.6455, 812.2209, 837.0348, 862.0975, 887.0975, 912.2864, 944.3377, 977.1246, 1008.8706, 1040.5162, 1072.5675, 1104.2131, 1137.0, 1169.0513, 1201.2056, 1232.7513, 1264.0993, 1296.6726, 1333.0362, 1370.915, 1410.5975, 1466.4634, 1516.9685]
growth_rate:-41.11
