ticker:TCACU
price:[10.430000305175781, 10.75, 10.420000076293945, 10.069999694824219, 10.119999885559082, 9.994999885559082, 9.800000190734863, 9.979999542236328, 10.050000190734863, 10.0600004196167, 9.989999771118164, 10.020000457763672, 10.100000381469727, 10.010000228881836, 10.039999961853027, 10.050000190734863, 10.010000228881836, 10.020000457763672, 10.0600004196167, 10.020000457763672, 10.199999809265137, 10.149999618530273, 10.130000114440918, 10.069999694824219, 10.039999961853027, 10.09000015258789, 10.050000190734863, 9.949999809265137, 9.949999809265137, 9.920000076293945]
assets:[0, 99.99972500000001, 196.92966544189454, 290.31507020187377, 391.7563275698662, 486.9174139248848, 577.4179712381363, 688.0231644416809, 792.8485350471497, 893.637885274887, 987.4195693771362, 1090.384465814209, 1199.0902252887727, 1288.4051474597932, 1392.266874710083, 1493.6531383474348, 1587.7081583034515, 1689.2939211753844, 1796.0380309152604, 1888.89633829422, 2022.8282621741293, 2112.912225589943, 2208.7492769527435, 2295.6668934288023, 2388.828234923649, 2500.724808817673, 2590.810654169941, 2665.0318289131164, 2765.0323119961736, 2856.695157970619]
shares:[0, 9.3023, 18.8992, 28.8297, 38.7111, 48.7161, 58.9202, 68.9402, 78.8904, 88.8308, 98.8408, 108.8208, 118.7218, 128.7118, 138.672, 148.6222, 158.6122, 168.5922, 178.5326, 188.5126, 198.3165, 208.1687, 218.0404, 227.9709, 237.9311, 247.8419, 257.7921, 267.8424, 277.8927, 287.9733]
growth_rate:-1.49
