ticker:TCAC
price:[9.6899995803833, 9.829999923706055, 9.710000038146973, 9.729999542236328, 9.699999809265137, 9.710000038146973, 9.630000114440918, 9.680000305175781, 9.670000076293945, 9.720000267028809, 9.699999809265137, 9.680000305175781, 9.699999809265137, 9.670000076293945, 9.657999992370605, 9.640000343322754, 9.680000305175781, 9.6899995803833, 9.710000038146973, 9.710000038146973, 9.630000114440918, 9.630000114440918, 9.630000114440918]
assets:[0, 99.99960622386932, 198.77923678092955, 299.1887289241791, 398.2664721687317, 498.6774429591179, 594.5687260657311, 697.6560139945984, 796.9356502876282, 901.0566607539178, 999.2028003522872, 1097.1428505889892, 1199.4098264155386, 1295.7007162227633, 1394.0927010987282, 1491.4941051186563, 1597.6830823692324, 1699.3332884119034, 1802.8411420826912, 1902.8415194755553, 1987.1640056150438, 2087.163852803421, 2187.1636999917982]
shares:[0, 10.1729, 20.4716, 30.7491, 41.0584, 51.3571, 61.7413, 72.0719, 82.4132, 92.7013, 103.0106, 113.3412, 123.6505, 133.9918, 144.3459, 154.7193, 165.0499, 175.3698, 185.6685, 195.9672, 206.3514, 216.7356, 227.1198]
growth_rate:-0.58
