ticker:TCBIO
price:[25.229999542236328, 25.520000457763672, 26.18000030517578, 26.079999923706055, 26.059999465942383, 25.8799991607666, 26.0, 25.989999771118164, 26.299999237060547, 26.389999389648438, 26.06999969482422, 26.350000381469727, 26.829999923706055, 26.899999618530273, 28.059999465942383, 27.649999618530273, 28.0, 27.760000228881836, 27.6200008392334, 28.25, 27.579999923706055, 27.18000030517578, 26.790000915527344, 26.8700008392334, 26.600000381469727]
assets:[0, 100.00012179374694, 202.58607836151123, 301.81340711708066, 401.5819857702255, 498.80851582469944, 601.1226, 700.8905168275834, 809.2509765243531, 912.0199059066773, 1000.9602452827453, 1111.711786094284, 1231.9638384967805, 1335.1787910657883, 1492.755493588829, 1570.943023326683, 1690.8275999999998, 1776.3346546459197, 1867.3772087402344, 2009.97055, 2062.300010295105, 2132.390615942383, 2201.7924842445373, 2308.36684109745, 2385.1714942056656]
shares:[0, 3.9185, 7.7382, 11.5726, 15.4099, 19.2739, 23.1201, 26.9677, 30.77, 34.5593, 38.3951, 42.1902, 45.9174, 49.6349, 53.1987, 56.8153, 60.3867, 63.989, 67.6096, 71.1494, 74.7752, 78.4544, 82.1871, 85.9087, 89.6681]
growth_rate:-0.62
