ticker:TCBI
price:[32.83000183105469, 31.649999618530273, 31.799999237060547, 29.809999465942383, 33.150001525878906, 36.52000045776367, 37.970001220703125, 42.779998779296875, 45.0, 44.02000045776367, 51.5, 54.20000076293945, 57.34000015258789, 57.459999084472656, 57.91999816894531, 58.369998931884766, 59.0, 59.5, 64.55999755859375, 68.43000030517578, 66.37000274658203, 60.220001220703125, 66.72000122070312, 69.80000305175781, 74.95999908447266, 76.19999694824219, 84.13999938964844, 89.5199966430664, 88.48999786376953, 77.5, 70.19999694824219, 66.44999694824219, 65.63999938964844, 65.88999938964844, 68.62999725341797, 70.2300033569336, 69.12999725341797, 68.87000274658203, 68.87999725341797, 69.61000061035156, 68.11000061035156, 62.349998474121094, 65.8499984741211, 64.19000244140625, 65.4000015258789, 61.91999816894531, 62.61000061035156, 62.97999954223633, 65.02999877929688, 65.12000274658203, 64.80000305175781, 67.63999938964844]
assets:[0, 100.00133879470826, 200.4767351902008, 287.93180384159086, 420.1928443412781, 562.9083310558319, 685.2598000305176, 872.0659971160887, 1017.3195, 1095.1647873886109, 1381.25575, 1553.670121870041, 1743.6807346401215, 1847.327478565979, 1962.115233970642, 2077.359076986313, 2199.7796, 2318.42345, 2615.5837410888676, 2872.3697918098446, 2885.90045942688, 2718.487427105713, 3111.9142649353025, 3355.5723267105104, 3703.6311307655333, 3864.894325213623, 4367.614814317322, 4746.88734199524, 4792.273173310089, 4297.096, 3992.3370064437863, 3879.071731851196, 3931.7900154403683, 4046.766092514038, 4315.049310311127, 4515.648755844117, 4544.9240174270635, 4627.830026560974, 4728.501603451537, 4878.616892776488, 4873.488495672607, 4561.338838371276, 4917.388146054077, 4893.428551116944, 5085.674158656311, 4915.060846655273, 5069.832277423096, 5199.792510205842, 5469.0489093383785, 5576.6165552062985, 5649.212426049804, 5996.8000098876955]
shares:[0, 3.1596, 6.3043, 9.6589, 12.6755, 15.4137, 18.0474, 20.3849, 22.6071, 24.8788, 26.8205, 28.6655, 30.4095, 32.1498, 33.8763, 35.5895, 37.2844, 38.9651, 40.514, 41.9753, 43.482, 45.1426, 46.6414, 48.0741, 49.4081, 50.7204, 51.9089, 53.026, 54.1561, 55.4464, 56.8709, 58.3758, 59.8993, 61.417, 62.8741, 64.298, 65.7446, 67.1966, 68.6484, 70.085, 71.5532, 73.157, 74.6756, 76.2335, 77.7626, 79.3776, 80.9748, 82.5626, 84.1004, 85.636, 87.1792, 88.6576]
growth_rate:17.58
