ticker:TCBK
price:[28.25, 26.1200008392334, 26.190000534057617, 23.889999389648438, 25.110000610351562, 27.280000686645508, 28.479999542236328, 30.40999984741211, 28.93000030517578, 28.309999465942383, 32.08000183105469, 33.22999954223633, 34.54999923706055, 34.06999969482422, 34.06999969482422, 35.5099983215332, 34.5099983215332, 35.279998779296875, 39.310001373291016, 40.790000915527344, 40.369998931884766, 37.29999923706055, 39.5, 40.02000045776367, 41.25, 43.06999969482422, 47.369998931884766, 51.25, 50.290000915527344, 49.68000030517578, 48.0, 47.77000045776367, 47.099998474121094, 46.810001373291016, 46.279998779296875, 46.81999969482422, 47.119998931884766, 47.279998779296875, 47.95000076293945, 47.91999816894531, 46.04999923706055, 42.63999938964844, 43.66999816894531, 42.0, 41.650001525878906, 40.619998931884766, 39.93000030517578, 39.43000030517578, 40.9900016784668, 40.720001220703125, 39.439998626708984, 39.79999923706055]
assets:[0, 100.00042321300506, 200.26969608383178, 282.6831957778931, 397.11968165283207, 531.4389653764724, 654.8149974750519, 799.190000989914, 860.2943120750427, 941.8566962322234, 1167.2821946258546, 1309.1257389659881, 1461.1298327350617, 1540.8293641983032, 1640.8282203025817, 1810.1789804374694, 1859.202002573776, 2000.6863947753905, 2329.2237183712004, 2516.918453491974, 2591.0030494468688, 2493.9674689880367, 2741.063, 2877.149888909912, 3065.5762499999996, 3300.8330926116946, 3730.3779418861386, 4135.9262499999995, 4158.455030704498, 4208.015257849121, 4165.7136, 4245.754647685623, 4286.203481141662, 4359.813312906265, 4410.451487667847, 4561.911352265168, 4691.139869661331, 4807.070947888184, 4975.191384160996, 5072.077830192566, 4974.1505325901035, 4705.814292640686, 4919.486431729126, 4831.3607999999995, 4891.101289189148, 4870.14289593811, 4887.416065353394, 4926.21468912735, 5221.113760795211, 5286.7225504852295, 5220.5385222221375, 5368.192057095337]
shares:[0, 3.8285, 7.6468, 11.8327, 15.8152, 19.4809, 22.9921, 26.2805, 29.7371, 33.2694, 36.3866, 39.3959, 42.2903, 45.2254, 48.1605, 50.9766, 53.8743, 56.7088, 59.2527, 61.7043, 64.1814, 66.8624, 69.394, 71.8928, 74.317, 76.6388, 78.7498, 80.701, 82.6895, 84.7024, 86.7857, 88.8791, 91.0022, 93.1385, 95.2993, 97.4351, 99.5573, 101.6724, 103.7579, 105.8447, 108.0163, 110.3615, 112.6514, 115.0324, 117.4334, 119.8952, 122.3996, 124.9357, 127.3753, 129.8311, 132.3666, 134.8792]
growth_rate:5.26
