ticker:TCDA
price:[11.020000457763672, 11.789999961853027, 11.359999656677246, 9.069999694824219, 8.930000305175781, 9.220000267028809, 9.1899995803833, 8.75, 5.630000114440918, 7.050000190734863, 6.460000038146973, 7.119999885559082, 7.460000038146973, 7.659999847412109, 7.510000228881836, 7.53000020980835, 7.739999771118164, 7.050000190734863, 7.800000190734863, 7.03000020980835, 7.449999809265137, 6.579999923706055, 7.159999847412109, 6.789999961853027, 6.889999866485596, 5.110000133514404, 4.739999771118164, 4.860000133514404, 5.369999885559082, 5.139999866485596, 5.409999847412109, 5.090000152587891, 4.679999828338623, 4.670000076293945, 4.650000095367432, 4.059999942779541, 4.650000095367432, 4.78000020980835, 4.610000133514404, 4.650000095367432, 4.909999847412109, 4.849999904632568, 4.78000020980835, 4.300000190734863, 4.079999923706055, 3.6600000858306885, 4.210000038146973, 3.559999942779541, 4.019999980926514, 4.03000020980835, 3.880000114440918, 4.090000152587891]
assets:[0, 100.000421676445, 196.35305006580353, 256.7716913604736, 352.8082380569458, 464.265737446022, 562.7551383045196, 635.81175, 509.0995163484573, 737.5047499528886, 775.7846345810891, 955.0440326494218, 1100.6498976282119, 1230.1576754951477, 1306.0686458049772, 1409.5467632741927, 1548.8567721982956, 1510.7804958735464, 1771.501723318863, 1696.623062635231, 1897.9857914077759, 1776.3420434036254, 2032.9194246761322, 2027.8660806072237, 2157.731612187481, 1700.291735425329, 1677.1782930135728, 1819.6384819892883, 2110.58823902092, 2120.1908349268438, 2331.5627822387696, 2293.651796759033, 2208.897674978113, 2304.1780376434326, 2394.3101591052055, 2190.515723127508, 2608.842098505068, 2781.777526100445, 2782.8440985964776, 2906.9903396198274, 3169.53157950058, 3230.8002764715197, 3284.1703661519527, 3054.3791454829216, 2998.108383936882, 2789.4796794161084, 3308.6638689799306, 2897.825001422787, 3372.263011999798, 3480.6519402083873, 3451.099081790447, 3737.885495451355]
shares:[0, 8.4818, 17.2846, 28.31, 39.5082, 50.3542, 61.2356, 72.6642, 90.4262, 104.6106, 120.0905, 134.1354, 147.5402, 160.595, 173.9106, 187.1908, 200.1107, 214.2951, 227.1156, 241.3404, 254.7632, 269.9608, 283.9273, 298.6548, 313.1686, 332.7381, 353.8351, 374.4112, 393.0332, 412.4885, 430.9728, 450.6192, 471.9867, 493.4, 514.9054, 539.5359, 561.0413, 581.9618, 603.6538, 625.1592, 645.5258, 666.1444, 687.0649, 710.3207, 734.8305, 762.1529, 785.9059, 813.9958, 838.8714, 863.6853, 889.4585, 913.9084]
growth_rate:-26.71
