ticker:TCFC
price:[22.489999771118164, 21.799999237060547, 21.68000030517578, 20.649999618530273, 21.18000030517578, 22.15999984741211, 21.31999969482422, 22.3799991607666, 21.850000381469727, 22.809999465942383, 25.579999923706055, 26.93000030517578, 27.190000534057617, 26.829999923706055, 26.700000762939453, 26.75, 26.0, 26.479999542236328, 26.850000381469727, 27.110000610351562, 26.889999389648438, 23.799999237060547, 25.889999389648438, 27.649999618530273, 28.329999923706055, 30.299999237060547, 34.45000076293945, 34.279998779296875, 35.56999969482422, 35.72999954223633, 35.459999084472656, 35.58000183105469, 34.560001373291016, 33.93000030517578, 36.119998931884766, 35.119998931884766, 36.22999954223633, 35.7599983215332, 35.470001220703125, 38.029998779296875, 36.900001525878906, 34.470001220703125, 34.900001525878906, 36.29999923706055, 34.70000076293945, 34.27000045776367, 35.0099983215332, 36.560001373291016, 38.13999938964844, 38.25, 36.70000076293945, 36.650001525878906]
assets:[0, 100.00095650024414, 199.44949880752563, 289.9734896432876, 397.4151717262268, 515.8028044483185, 596.2500354652404, 725.8952727794648, 808.7056591188431, 944.2358948923111, 1158.9018965435027, 1320.062833959198, 1432.8069871427535, 1513.8371346952438, 1606.5016659049986, 1709.509575, 1761.5806, 1894.1011272563935, 2020.5672437070848, 2140.1339341827393, 2222.7676845474243, 2067.3440937286377, 2348.888317625427, 2608.5645590112686, 2772.7165855329513, 3065.5236428115845, 3585.390719403076, 3667.699341394043, 3905.7211324905393, 4023.2908464546204, 4092.8888363273622, 4206.741030491638, 4186.142374342347, 4209.83085786438, 4581.5509645175935, 4554.709149476242, 4798.663439369201, 4836.411036993408, 4897.190547537231, 5350.63828425293, 5291.65209881897, 5043.178339596558, 5206.089067617799, 5514.928204089356, 5371.844658109283, 5405.276946201325, 5621.993055467606, 5970.895336282731, 6328.936242718506, 6447.1905, 6285.932090675354, 6377.367810514068]
shares:[0, 4.5872, 9.1997, 14.0423, 18.7637, 23.2763, 27.9667, 32.435, 37.0117, 41.3957, 45.305, 49.0183, 52.6961, 56.4233, 60.1686, 63.9069, 67.7531, 71.5295, 75.2539, 78.9426, 82.6615, 86.8632, 90.7257, 94.3423, 97.8721, 101.1724, 104.0752, 106.9924, 109.8038, 112.6026, 115.4227, 118.2333, 121.1268, 124.074, 126.8425, 129.6899, 132.45, 135.2464, 138.0657, 140.6952, 143.4052, 146.3063, 149.1716, 151.9264, 154.8082, 157.7262, 160.5825, 163.3177, 165.9396, 168.554, 171.2788, 174.0073]
growth_rate:25.05
