ticker:TCMD
price:[35.77000045776367, 33.9900016784668, 32.209999084472656, 33.689998626708984, 37.189998626708984, 35.63999938964844, 36.68000030517578, 39.29999923706055, 36.58000183105469, 35.61000061035156, 41.4900016784668, 42.900001525878906, 42.61000061035156, 42.31999969482422, 38.29999923706055, 39.58000183105469, 41.63999938964844, 44.939998626708984, 51.435001373291016, 50.400001525878906, 52.619998931884766, 54.54999923706055, 59.900001525878906, 62.47999954223633, 60.31999969482422, 50.81999969482422, 47.65999984741211, 51.119998931884766, 53.22999954223633, 51.06999969482422, 53.43000030517578, 54.0, 54.43000030517578, 59.90999984741211, 57.29999923706055, 55.90999984741211, 54.5099983215332, 54.34000015258789, 53.77000045776367, 50.0099983215332, 51.869998931884766, 50.72999954223633, 57.0, 51.20000076293945, 49.790000915527344, 46.5099983215332, 48.09000015258789, 48.97999954223633, 43.66999816894531, 41.18000030517578, 40.83000183105469, 43.09000015258789]
assets:[0, 99.99858493804932, 194.76098046417235, 303.70859962005613, 435.2605869274139, 517.118571144104, 632.2091492599487, 777.3657749088287, 823.5621612243652, 901.7235574554443, 1150.6173225479126, 1289.719905873108, 1381.0029027816772, 1471.6018133880616, 1431.814831478119, 1579.6655790786742, 1761.8799821746825, 2001.5106948371886, 2390.7811598327635, 2442.671353952789, 2650.2641282032014, 2847.4717751750945, 3226.735212197113, 3465.7155906082153, 3445.9006225662233, 3003.192635965729, 2916.4536046627045, 3228.181924549484, 3461.424441232681, 3420.964785557556, 3679.050903013611, 3818.3022, 3948.7060171394346, 4446.262575675582, 4352.559512046432, 4346.974533136367, 4338.123706420899, 4424.596474424362, 4478.186095124435, 4265.037693854141, 4523.6655988479615, 4524.243403175354, 5183.4204, 4755.9834308696745, 4725.006359882355, 4513.739525106812, 4767.075153125763, 4955.296757688141, 4518.084909559631, 4360.471990314483, 4423.412157371521, 4768.253236885071]
shares:[0, 2.942, 6.0466, 9.0148, 11.7037, 14.5095, 17.2358, 19.7803, 22.514, 25.3222, 27.7324, 30.0634, 32.4103, 34.7732, 37.3842, 39.9107, 42.3122, 44.5374, 46.4816, 48.4657, 50.3661, 52.1993, 53.8687, 55.4692, 57.127, 59.0947, 61.1929, 63.1491, 65.0277, 66.9858, 68.8574, 70.7093, 72.5465, 74.2157, 75.9609, 77.7495, 79.584, 81.4243, 83.2841, 85.2837, 87.2116, 89.1828, 90.9372, 92.8903, 94.8987, 97.0488, 99.1282, 101.1698, 103.4597, 105.8881, 108.3373, 110.658]
growth_rate:-6.5
