ticker:TCOM
price:[30.65999984741211, 28.760000228881836, 29.43000030517578, 30.149999618530273, 31.030000686645508, 32.16999816894531, 29.90999984741211, 31.219999313354492, 28.760000228881836, 32.119998931884766, 34.650001525878906, 33.720001220703125, 34.209999084472656, 35.060001373291016, 32.959999084472656, 34.61000061035156, 31.989999771118164, 33.72999954223633, 33.75, 33.130001068115234, 33.58000183105469, 31.829999923706055, 34.91999816894531, 37.0099983215332, 38.9900016784668, 39.45000076293945, 39.7400016784668, 43.380001068115234, 41.900001525878906, 37.279998779296875, 40.13999938964844, 37.209999084472656, 36.5099983215332, 38.540000915527344, 39.08000183105469, 39.220001220703125, 37.5099983215332, 39.77000045776367, 41.849998474121094, 39.2400016784668, 37.52000045776367, 36.880001068115234, 35.72999954223633, 35.4900016784668, 32.18000030517578, 30.219999313354492, 27.229999542236328, 25.93000030517578, 24.670000076293945, 24.90999984741211, 26.290000915527344, 28.43000030517578]
assets:[0, 100.00139679584504, 202.3312520980835, 307.279751112175, 416.24884121093754, 531.5416627456665, 594.2010299686432, 720.2266521595002, 763.4773460760117, 952.6727443199158, 1127.7120196609496, 1197.444451348877, 1314.8442098121643, 1447.5152646987915, 1460.8135274230956, 1633.9415898147581, 1610.251827478981, 1797.8359596008302, 1898.90325, 1964.019349320221, 2090.697630001831, 2081.742472010231, 2383.8346270019533, 2626.51075688324, 2867.0283994216916, 3000.8550430347445, 3122.916369900131, 3508.9605683986665, 3489.2435770683287, 3204.5104070709226, 3550.350834014893, 3391.192802561951, 3427.3979984329226, 3717.9654503211973, 3870.061317327881, 3983.924581997681, 3910.2260240283968, 4245.821386870575, 4567.8812984519955, 4383.002239480209, 4290.881052350997, 4317.689245048523, 4283.055089126587, 4354.286050931931, 4048.179678390503, 3901.6164733491896, 3615.585724218369, 3542.971521697998, 3470.8099757337573, 3604.5766179199222, 3904.26756896286, 4322.073639394379]
shares:[0, 3.4771, 6.875, 10.1917, 13.4144, 16.5229, 19.8663, 23.0694, 26.5465, 29.6598, 32.5458, 35.5114, 38.4345, 41.2868, 44.3208, 47.2101, 50.3361, 53.3008, 56.2638, 59.2822, 62.2602, 65.4019, 68.2656, 70.9676, 73.5324, 76.0673, 78.5837, 80.8889, 83.2755, 85.9579, 88.4492, 91.1366, 93.8756, 96.4703, 99.0292, 101.5789, 104.2449, 106.7594, 109.1489, 111.6973, 114.3625, 117.074, 119.8728, 122.6905, 125.798, 129.1071, 132.7795, 136.636, 140.6895, 144.704, 148.5077, 152.0251]
growth_rate:-15.25
