ticker:TCON
price:[3.0999999046325684, 4.130000114440918, 6.300000190734863, 4.809999942779541, 4.650000095367432, 4.925000190734863, 5.130000114440918, 4.940000057220459, 4.639999866485596, 5.179999828338623, 7.630000114440918, 8.399999618530273, 8.829999923706055, 8.890000343322754, 7.840000152587891, 7.829999923706055, 8.6899995803833, 11.699999809265137, 10.279999732971191, 10.170000076293945, 10.609999656677246, 9.140000343322754, 10.619999885559082, 10.609999656677246, 10.90999984741211, 9.350000381469727, 8.220000267028809, 9.270000457763672, 9.649999618530273, 7.960000038146973, 8.539999961853027, 8.619999885559082, 8.0600004196167, 7.53000020980835, 7.489999771118164, 6.460000038146973, 6.159999847412109, 5.840000152587891, 6.03000020980835, 5.900000095367432, 6.519999980926514, 7.260000228881836, 7.130000114440918, 6.889999866485596, 6.309999942779541, 5.139999866485596, 3.799999952316284, 3.75, 3.619999885559082, 3.569999933242798, 3.6600000858306885, 3.809999942779541]
assets:[0, 100.0001057709694, 252.54243764581682, 292.81403751664163, 383.0739828565121, 505.72906208581924, 626.7798229823112, 703.5656761494637, 760.8388741071224, 949.3846705380917, 1498.4183354744912, 1749.6350805437087, 1939.1995502447128, 2052.3765942606924, 1909.969861173248, 2007.5336804389954, 2328.0291625857353, 3234.400597272396, 2941.849111583805, 3010.3698555833816, 3240.6121951389314, 2891.6301346173286, 3459.8589647166255, 3556.6013269140244, 3757.165018452072, 3319.935490449715, 3018.7022120633123, 3504.3030470466615, 3747.9527368413924, 3191.5755472950937, 3524.1274862582204, 3657.1401154470445, 3519.5531292336464, 3388.11832340312, 3470.119889958954, 3092.920756264019, 3049.2867804668426, 2990.882494145965, 3188.1883439301014, 3219.454822039175, 3657.7701932996274, 4172.9159995571135, 4198.193977383614, 4156.880231447983, 3906.9544615708824, 3282.527274734497, 2526.7712082931994, 2593.524375, 2603.615413690567, 2667.653890116215, 2834.905770481396, 3051.0902451772213]
shares:[0, 24.2131, 40.0861, 60.8761, 82.3815, 102.6861, 122.1793, 142.4222, 163.9739, 183.2789, 196.3851, 208.2899, 219.6149, 230.8635, 243.6186, 256.39, 267.8975, 276.4445, 286.1721, 296.0049, 305.43, 316.3709, 325.7871, 335.2122, 344.3781, 355.0733, 367.2387, 378.0262, 388.3889, 400.9517, 412.6613, 424.2622, 436.6691, 449.9493, 463.3004, 478.7803, 495.0141, 512.1374, 528.7211, 545.6703, 561.0077, 574.7818, 588.807, 603.3208, 619.1687, 638.624, 664.9398, 691.6065, 719.2308, 747.242, 774.5644, 800.8111]
growth_rate:-40.17
