ticker:TCPC
price:[9.90999984741211, 9.970000267028809, 9.890000343322754, 9.760000228881836, 10.0, 9.890000343322754, 9.789999961853027, 9.8100004196167, 9.25, 10.520000457763672, 10.890000343322754, 11.3100004196167, 11.890000343322754, 12.359999656677246, 12.079999923706055, 11.760000228881836, 11.3100004196167, 11.239999771118164, 11.600000381469727, 11.960000038146973, 11.890000343322754, 11.390000343322754, 12.069999694824219, 12.289999961853027, 12.329999923706055, 12.90999984741211, 13.350000381469727, 14.399999618530273, 14.239999771118164, 13.930000305175781, 14.0600004196167, 14.5600004196167, 14.600000381469727, 14.619999885559082, 14.619999885559082, 14.470000267028809, 14.319999694824219, 14.640000343322754, 14.84000015258789, 14.829999923706055, 14.850000381469727, 13.739999771118164, 13.789999961853027, 14.119999885559082, 14.020000457763672, 14.020000457763672, 14.0600004196167, 14.270000457763672, 14.180000305175781, 14.350000381469727, 14.149999618530273, 14.390000343322754]
assets:[0, 100.00009967832564, 199.1974639149666, 296.5790789550781, 403.872, 499.4291933372497, 594.3792886839866, 695.5937757535934, 755.88595, 959.6670537586213, 1093.4191964715958, 1235.5892708420754, 1398.9524713946341, 1554.2514168276787, 1619.041317774582, 1676.1528326225282, 1712.0139905180931, 1801.4179033174514, 1959.1147844261168, 2119.914790761566, 2207.506975741577, 2214.676222755814, 2446.895516133118, 2591.4952009562494, 2699.9296752937316, 2926.933218405533, 3126.688904343605, 3472.6074280073167, 3534.0233351970674, 3557.0896559280395, 3690.286130135536, 3921.5191690175056, 4032.2923453559874, 4137.8152336104395, 4237.814570827674, 4294.334329247475, 4349.8173313003535, 4547.020138632202, 4709.137180420303, 4805.964007275391, 4912.4454661918635, 4645.252098619079, 4762.155846826553, 4976.116703669167, 5040.875742588425, 5140.876199853516, 5255.543796850205, 5434.040433317185, 5499.768420363617, 5665.703025612831, 5686.737686691284, 5883.191911363698]
shares:[0, 10.0301, 20.1413, 30.3872, 40.3872, 50.4984, 60.7129, 70.9066, 81.7174, 91.2231, 100.4058, 109.2475, 117.6579, 125.7485, 134.0266, 142.53, 151.3717, 160.2685, 168.8892, 177.2504, 185.6608, 194.4404, 202.7254, 210.8621, 218.9724, 226.7183, 234.2089, 241.1533, 248.1758, 255.3546, 262.467, 269.3351, 276.1844, 283.0243, 289.8642, 296.775, 303.7582, 310.5888, 317.3273, 324.0704, 330.8044, 338.0824, 345.334, 352.4162, 359.5489, 366.6816, 373.794, 380.8017, 387.8539, 394.8225, 401.8896, 408.8389]
growth_rate:15.36
