ticker:TCRR
price:[17.739999771118164, 18.520000457763672, 20.280000686645508, 18.530000686645508, 20.18000030517578, 21.729999542236328, 19.790000915527344, 20.889999389648438, 19.670000076293945, 23.270000457763672, 26.93000030517578, 27.15999984741211, 27.5, 29.920000076293945, 32.630001068115234, 29.440000534057617, 30.68000030517578, 30.93000030517578, 32.29999923706055, 32.79999923706055, 29.040000915527344, 25.729999542236328, 28.6200008392334, 28.43000030517578, 28.8700008392334, 26.459999084472656, 24.799999237060547, 28.110000610351562, 23.700000762939453, 23.260000228881836, 22.889999389648438, 22.020000457763672, 23.75, 23.059999465942383, 22.709999084472656, 20.5, 19.479999542236328, 19.040000915527344, 19.149999618530273, 18.139999389648438, 17.530000686645508, 16.90999984741211, 17.799999237060547, 16.510000228881836, 15.170000076293945, 14.539999961853027, 13.170000076293945, 12.4399995803833, 14.739999771118164, 13.489999771118164, 15.260000228881836, 16.290000915527344]
assets:[0, 100.00059447174073, 209.5045750934601, 291.42687979907987, 417.37689231185914, 549.4343464256286, 600.383110774994, 733.7549615615844, 790.9031650676727, 1035.65464037323, 1298.5457637153625, 1409.6365840805054, 1527.2839999999999, 1761.6836204921724, 2021.249101163864, 1923.6449628959656, 2104.6694969352725, 2221.819455921936, 2420.2324828330993, 2557.6980205070495, 2364.497858544159, 2194.990238948822, 2541.5333485261917, 2624.6604711738587, 2765.281273385048, 2634.442180847168, 2569.168320962906, 3012.070895401001, 2639.525964970398, 2690.521442475128, 2747.7223937332155, 2743.2868890289305, 3058.812375, 3069.945444901657, 3123.3493230857853, 2919.4029499999997, 2874.1453644599915, 2909.2264598884585, 3026.033149721146, 2966.435914189148, 2966.6826542041777, 2961.7577262744903, 3217.640002086258, 3084.451074760437, 2934.108598756409, 2912.257304359436, 2737.8560018604276, 2686.099445394516, 3282.7261870260236, 3104.3403313293456, 3611.65597617054, 3955.4305083023073]
shares:[0, 5.3996, 10.3306, 15.7273, 20.6827, 25.2846, 30.3377, 35.1247, 40.2086, 44.506, 48.2193, 51.9012, 55.5376, 58.8798, 61.9445, 65.3412, 68.6007, 71.8338, 74.9298, 77.9786, 81.4221, 85.3086, 88.8027, 92.3201, 95.7839, 99.5632, 103.5955, 107.153, 111.3724, 115.6716, 120.0403, 124.5816, 128.7921, 133.1286, 137.5319, 142.4099, 147.5434, 152.7955, 158.0174, 163.5301, 169.2346, 175.1483, 180.7663, 186.8232, 193.4152, 200.2928, 207.8858, 215.9244, 222.7087, 230.1216, 236.6747, 242.8134]
growth_rate:-22.44
