ticker:TCVA
price:[10.25, 10.270000457763672, 10.460000038146973, 10.0600004196167, 10.020000457763672, 9.989999771118164, 10.0, 10.100000381469727, 10.0600004196167, 10.260000228881836, 10.029999732971191, 10.0, 9.949999809265137, 10.006999969482422, 9.920000076293945, 9.904000282287598, 9.899999618530273, 9.960000038146973, 9.800000190734863, 9.75, 9.760000228881836]
assets:[0, 100.00002145729064, 201.84975873613357, 294.1312742686272, 392.96137195243836, 491.78471173267366, 592.277, 698.1998963705063, 795.4351791787149, 911.2491023283005, 990.8215476213454, 1087.858, 1182.4191723338126, 1289.192799768448, 1377.984234597969, 1475.761408462715, 1575.1651793052672, 1684.7120944524763, 1757.6486542086602, 1848.6809250000001, 1950.577037742996]
shares:[0, 9.7371, 19.2973, 29.2377, 39.2177, 49.2277, 59.2277, 69.1287, 79.0691, 88.8157, 98.7858, 108.7858, 118.8361, 128.8291, 138.9097, 149.0066, 159.1076, 169.1478, 179.3519, 189.6083, 199.8542]
growth_rate:-2.47
