ticker:TCX
price:[62.970001220703125, 69.19999694824219, 71.13999938964844, 67.7699966430664, 71.11000061035156, 73.8499984741211, 75.0999984741211, 76.91999816894531, 73.79000091552734, 71.87999725341797, 71.4800033569336, 72.61000061035156, 73.16000366210938, 77.91000366210938, 75.6500015258789, 75.5999984741211, 72.86000061035156, 73.88999938964844, 72.16999816894531, 73.25, 82.81999969482422, 79.9000015258789, 89.66000366210938, 83.05000305175781, 83.76000213623047, 79.0199966430664, 83.0199966430664, 78.2300033569336, 84.7300033569336, 81.47000122070312, 79.41000366210938, 81.5199966430664, 80.08000183105469, 81.77999877929688, 78.61000061035156, 79.58000183105469, 79.33000183105469, 77.77999877929688, 78.0999984741211, 80.36000061035156, 76.86000061035156, 77.66999816894531, 78.36000061035156, 80.18000030517578, 80.13999938964844, 81.37999725341797, 80.05999755859375, 77.76000213623047, 77.58999633789062, 74.80000305175781, 73.94000244140625, 75.93000030517578]
assets:[0, 100.00091558990479, 202.80591026000977, 293.2001134765625, 407.6523004989624, 523.3601691864014, 632.2218271545411, 747.5470022048951, 817.1283331382751, 895.9769777641296, 990.9916185401916, 1106.6562803024292, 1215.0413408203126, 1393.92683052063, 1453.4937393173218, 1552.5366886642457, 1596.2678953720092, 1718.836554801941, 1778.8244638687133, 1905.4449249999998, 2254.385237693024, 2274.904853444672, 2652.7884603515627, 2557.2175589675903, 2679.080420327759, 2627.4702023796085, 2860.4705883361817, 2795.4318249549865, 3127.6979249168394, 3107.3554635589603, 3128.785908288574, 3311.921055617523, 3353.422148677063, 3524.6116333892824, 3487.9886150817874, 3631.0285755462646, 3719.625125854492, 3746.9503271942135, 3862.3651345390317, 4074.131490943909, 3996.6892877380374, 4138.808959428406, 4275.5802213027955, 4474.885907032013, 4572.652127174378, 4743.404037909699, 4766.468026647949, 4729.534401930237, 4819.192262542724, 4745.903113627624, 4791.334340203857, 5020.2866091773985]
shares:[0, 1.4451, 2.8508, 4.3264, 5.7327, 7.0868, 8.4184, 9.7185, 11.0737, 12.4649, 13.8639, 15.2411, 16.608, 17.8915, 19.2134, 20.5362, 21.9087, 23.2621, 24.6477, 26.0129, 27.2203, 28.4719, 29.5872, 30.7913, 31.9852, 33.2507, 34.4552, 35.7335, 36.9137, 38.1411, 39.4004, 40.6271, 41.8759, 43.0987, 44.3708, 45.6274, 46.888, 48.1737, 49.4541, 50.6985, 51.9996, 53.2871, 54.5633, 55.8105, 57.0583, 58.2871, 59.5362, 60.8222, 62.111, 63.4479, 64.8003, 66.1173]
growth_rate:-1.56
