ticker:TDACU
price:[10.819999694824219, 10.819999694824219, 10.819999694824219, 10.819999694824219, 10.819999694824219, 10.819999694824219, 10.819999694824219, 10.819999694824219, 10.819999694824219, 10.819999694824219, 10.819999694824219, 12.5, 13.5, 20.100000381469727, 16.509000778198242, 14.0, 15.0, 14.75, 16.239999771118164, 16.239999771118164, 15.600000381469727, 15.5, 17.0, 17.010000228881836, 19.799999237060547, 16.739999771118164, 14.34000015258789, 16.260000228881836, 16.260000228881836, 15.569999694824219, 15.569999694824219, 15.550000190734863, 14.050000190734863, 13.5, 15.600000381469727, 15.1899995803833, 13.3100004196167, 14.859999656677246, 14.385000228881836, 14.510000228881836, 15.5, 15.5, 15.5, 15.875, 14.640000343322754, 14.739999771118164, 12.8100004196167, 12.479999542236328, 12.470000267028809, 11.850000381469727, 11.850000381469727, 12.640000343322754]
assets:[0, 99.99951917953491, 199.99903835906983, 299.9985575386047, 399.99807671813966, 499.9975958976746, 599.9971150772094, 699.9966342567443, 799.9961534362793, 899.9956726158142, 999.9951917953492, 1255.2625, 1455.6834000000001, 2267.3503930311203, 1962.2730396972656, 1764.0518, 1990.056, 2056.888975, 2364.669014673042, 2464.6684372636796, 2467.539420339203, 2551.7216, 2898.6632, 3000.3684253721235, 3592.4920615730284, 3137.288555104637, 2787.4981376609803, 3260.7202838991166, 3360.7209113067624, 3318.1070649642948, 3418.1069450042723, 3513.7169180989267, 3274.772639456463, 3246.57855, 3851.60265418396, 3850.3747646351812, 3473.830249517441, 3978.3711180844307, 3951.2028148681643, 4085.537234445572, 4464.2883, 4564.2881, 4664.2879, 4877.133375, 4597.715531821061, 4729.12109256649, 4209.908000903797, 4201.455493891525, 4298.088613037968, 4184.390369701958, 4284.390152921104, 4670.016238845158]
shares:[0, 9.2421, 18.4842, 27.7263, 36.9684, 46.2105, 55.4526, 64.6947, 73.9368, 83.1789, 92.421, 100.421, 107.8284, 112.8035, 118.8608, 126.0037, 132.6704, 139.4501, 145.6077, 151.7653, 158.1756, 164.6272, 170.5096, 176.3885, 181.439, 187.4127, 194.3862, 200.5363, 206.6864, 213.109, 219.5316, 225.9625, 233.0799, 240.4873, 246.8976, 253.4809, 260.994, 267.7235, 274.6752, 281.567, 288.0186, 294.4702, 300.9218, 307.221, 314.0516, 320.8359, 328.6423, 336.6551, 344.6743, 353.1131, 361.5519, 369.4633]
growth_rate:-8.43
