ticker:TDAC
price:[10.789999961853027, 10.789999961853027, 10.930000305175781, 10.979999542236328, 10.819999694824219, 10.958999633789062, 10.880000114440918, 10.800000190734863, 10.84000015258789, 10.760000228881836, 10.826000213623047, 11.015000343322754, 11.489999771118164, 11.949999809265137, 13.380000114440918, 12.119999885559082, 13.199999809265137, 11.960000038146973, 12.350000381469727, 12.069999694824219, 12.449999809265137, 12.199999809265137, 14.0600004196167, 14.15999984741211, 15.630000114440918, 12.579999923706055, 12.739999771118164, 13.289999961853027, 11.90999984741211, 11.819999694824219, 12.239999771118164, 13.279999732971191, 12.170000076293945, 11.600000381469727, 13.34000015258789, 12.199999809265137, 11.699999809265137, 12.699999809265137, 12.5, 12.5, 12.739999771118164, 11.84000015258789, 11.920000076293945, 13.359999656677246, 12.329999923706055, 11.550000190734863, 11.149999618530273, 10.829999923706055, 10.899999618530273, 10.859999656677246, 10.970000267028809, 11.279999732971191]
assets:[0, 99.99956164646149, 201.29672262039182, 302.2178994003296, 397.81351877975465, 502.9238357940674, 599.2986943037033, 694.8925322722434, 797.4662912254332, 891.5811509653091, 997.0497198741913, 1114.4558777360915, 1262.5142808506012, 1413.0587974460602, 1682.1523463876724, 1623.7430486680983, 1868.4335730018615, 1792.9140377185822, 1951.3791002746584, 2007.1371472518922, 2170.327541750431, 2226.7464051870343, 2666.2344355730056, 2785.1969219867706, 3174.3389242421154, 2654.905827898788, 2788.672563899803, 3009.0633153629306, 2796.6096931705474, 2875.476147759247, 3077.6500224494935, 3439.1494188469887, 3251.690150384903, 3199.392625213051, 3779.302083229065, 3556.3328844002726, 3510.5814327700614, 3910.630931268215, 3949.04625, 4049.04625, 4226.787944063187, 4028.1918279132847, 4155.409770596695, 4757.405029745102, 4490.629127213479, 4306.550396117687, 4257.405469343376, 4235.2198411642075, 4362.5940473213195, 4446.584505427837, 4591.624154768086, 4821.377573864651]
shares:[0, 9.2678, 18.4169, 27.5244, 36.7665, 45.8914, 55.0826, 64.3419, 73.567, 82.8607, 92.0977, 101.1762, 109.8794, 118.2476, 125.7214, 133.9722, 141.548, 149.9092, 158.0064, 166.2914, 174.3235, 182.5202, 189.6326, 196.6947, 203.0927, 211.0418, 218.8911, 226.4156, 234.8119, 243.2721, 251.442, 258.9721, 267.189, 275.8097, 283.306, 291.5027, 300.0497, 307.9237, 315.9237, 323.9237, 331.773, 340.2189, 348.6082, 356.0932, 364.2035, 372.8615, 381.8301, 391.0637, 400.238, 409.4461, 418.5619, 427.4271]
growth_rate:-5.46
