ticker:TDIV
price:[44.70000076293945, 43.58000183105469, 43.470001220703125, 43.02000045776367, 43.400001525878906, 45.4900016784668, 45.56999969482422, 44.4900016784668, 42.02000045776367, 45.0099983215332, 46.060001373291016, 46.08000183105469, 47.41999816894531, 49.380001068115234, 48.68000030517578, 49.5, 48.91999816894531, 49.470001220703125, 50.439998626708984, 50.810001373291016, 51.27000045776367, 50.02000045776367, 51.97999954223633, 53.27000045776367, 52.68000030517578, 51.04999923706055, 51.380001068115234, 52.58000183105469, 53.06999969482422, 54.2400016784668, 54.7400016784668, 56.099998474121094, 56.25, 56.11000061035156, 55.40999984741211, 56.529998779296875, 55.91999816894531, 55.720001220703125, 56.369998931884766, 57.279998779296875, 57.650001525878906, 55.81999969482422, 56.65999984741211, 57.43000030517578, 57.689998626708984, 56.689998626708984, 57.56999969482422, 57.86000061035156, 58.279998779296875, 58.40999984741211, 57.720001220703125, 58.81999969482422]
assets:[0, 99.99867220153808, 199.74465560913086, 297.67689316749573, 400.30425407409666, 519.58225017128, 620.4947868446351, 705.7893866271972, 766.6044843513489, 921.1521206493377, 1042.6418270866395, 1143.0927814224242, 1276.3329607162477, 1429.0868589118957, 1508.8268734588623, 1634.2425, 1715.0959998046874, 1834.3773272644041, 1970.3477543548586, 2084.800409347916, 2203.6769056755065, 2249.949640590668, 2438.111482528687, 2598.6171623306273, 2669.8382194664005, 2687.2311198394777, 2804.6030483036043, 2970.107595431519, 3097.7861011863706, 3266.08339706955, 3396.1901321357727, 3580.5655726112363, 3690.1406250000005, 3780.9555581283566, 3833.7846434425355, 4011.278265380859, 4067.9953307968144, 4153.44689899292, 4301.899016486358, 4471.345440710449, 4600.227991758728, 4554.203061101532, 4722.735639281464, 4886.919730968476, 5009.043741761398, 5022.217999338914, 5200.1771754341125, 5326.371788186646, 5465.037873532104, 5577.2262664302825, 5611.342270672608, 5818.280263813019]
shares:[0, 2.2946, 4.595, 6.9195, 9.2236, 11.4219, 13.6163, 15.864, 18.2438, 20.4655, 22.6366, 24.8067, 26.9155, 28.9406, 30.9948, 33.015, 35.0592, 37.0806, 39.0632, 41.0313, 42.9818, 44.981, 46.9048, 48.782, 50.6803, 52.6392, 54.5855, 56.4874, 58.3717, 60.2154, 62.0422, 63.8247, 65.6025, 67.3847, 69.1894, 70.9584, 72.7467, 74.5414, 76.3154, 78.0612, 79.7958, 81.5873, 83.3522, 85.0935, 86.8269, 88.5909, 90.3279, 92.0562, 93.7721, 95.4841, 97.2166, 98.9167]
growth_rate:14.08
