ticker:TDUP
price:[20.0, 23.969999313354492, 18.280000686645508, 14.979999542236328, 19.110000610351562, 17.170000076293945, 16.690000534057617, 18.170000076293945, 21.760000228881836, 23.59000015258789, 23.15999984741211, 27.270000457763672, 25.579999923706055, 27.040000915527344, 26.84000015258789, 24.719999313354492, 26.149999618530273, 27.540000915527344, 23.860000610351562, 23.399999618530273, 23.950000762939453, 22.479999542236328, 20.100000381469727, 19.170000076293945]
assets:[0, 100.0004401353836, 176.26307862091065, 244.44363253021243, 411.8377121536255, 470.02875208854675, 556.8885718196868, 706.2715369655608, 945.8158179485322, 1125.3585982791901, 1204.845724061966, 1518.6581444927217, 1524.5424154529571, 1711.5563459503173, 1798.897330226898, 1756.808327201271, 1958.4362314308164, 2162.537261890411, 1973.5704064849854, 2035.5215068166733, 2183.3658945522307, 2149.3554682323456, 2021.7987383708955, 2028.2531030721664]
shares:[0, 4.1719, 9.6424, 16.318, 21.5509, 27.375, 33.3666, 38.8702, 43.4658, 47.7049, 52.0227, 55.6897, 59.599, 63.2972, 67.023, 71.0683, 74.8924, 78.5235, 82.7146, 86.9881, 91.1635, 95.6119, 100.587, 105.8035]
growth_rate:-11.82
