ticker:TEAM
price:[175.5399932861328, 167.6300048828125, 171.13999938964844, 181.2899932861328, 184.7899932861328, 198.85000610351562, 207.4499969482422, 208.49000549316406, 191.6199951171875, 198.17999267578125, 192.82000732421875, 208.42999267578125, 224.0, 225.00999450683594, 232.00999450683594, 247.77999877929688, 241.7899932861328, 233.8699951171875, 235.47999572753906, 222.92999267578125, 235.4499969482422, 231.1300048828125, 243.8000030517578, 252.97000122070312, 258.4100036621094, 237.6999969482422, 228.2100067138672, 229.25999450683594, 219.08999633789062, 212.94000244140625, 223.05999755859375, 225.39999389648438, 234.75999450683594, 230.82000732421875, 237.55999755859375, 219.6300048828125, 214.99000549316406, 223.64999389648438, 233.27999877929688, 225.8800048828125, 244.08999633789062, 266.55999755859375, 264.69000244140625, 262.7200012207031, 268.6400146484375, 260.6400146484375, 271.2900085449219, 325.1199951171875, 334.510009765625, 337.94000244140625, 346.0, 358.3399963378906]
assets:[0, 100.00806091308594, 202.09922527923584, 314.0849133682251, 420.1570077346801, 552.1269269470215, 675.996560055542, 779.3773385345459, 816.3203411987306, 944.268211102295, 1018.7259446960448, 1201.2028907897948, 1390.928, 1497.1940024490357, 1643.767610081482, 1855.5005208587647, 1910.64870594635, 1948.0668983276369, 2061.486074597168, 2051.6247225952147, 2266.8419356185914, 2325.2603011230467, 2552.732311953735, 2748.746736264038, 2907.8619302093507, 2774.814684375, 2764.0339593170165, 2876.754411071777, 2849.133948376465, 2869.1535928955077, 3105.5082040100096, 3238.0963123168945, 3472.569838745117, 3514.280775512695, 3716.887477801514, 3536.3505606201174, 3561.631926002503, 3805.0915361572265, 4068.93972270813, 4039.863887329102, 4465.553256002808, 4976.648498419189, 5041.7357595031735, 5104.202999716186, 5319.206610046386, 5260.810183666992, 5575.769287622071, 6782.133146142578, 7077.9976496337895, 7250.57034038086, 7523.4932, 7891.829241348266]
shares:[0, 0.5966, 1.1809, 1.7325, 2.2737, 2.7766, 3.2586, 3.7382, 4.2601, 4.7647, 5.2833, 5.7631, 6.2095, 6.6539, 7.0849, 7.4885, 7.9021, 8.3297, 8.7544, 9.203, 9.6277, 10.0604, 10.4706, 10.8659, 11.2529, 11.6736, 12.1118, 12.548, 13.0044, 13.474, 13.9223, 14.366, 14.792, 15.2252, 15.6461, 16.1014, 16.5665, 17.0136, 17.4423, 17.885, 18.2947, 18.6699, 19.0477, 19.4283, 19.8005, 20.1842, 20.5528, 20.8604, 21.1593, 21.4552, 21.7442, 22.0233]
growth_rate:54.74
