ticker:TECH
price:[246.22000122070312, 243.75, 243.89999389648438, 241.74000549316406, 246.89999389648438, 265.0799865722656, 265.6700134277344, 268.4599914550781, 252.41000366210938, 302.4700012207031, 302.8500061035156, 304.8999938964844, 297.6499938964844, 306.5799865722656, 304.9599914550781, 320.239990234375, 321.6199951171875, 317.54998779296875, 329.5199890136719, 347.7099914550781, 356.5899963378906, 324.9100036621094, 380.6700134277344, 398.8599853515625, 389.54998779296875, 361.69000244140625, 356.2099914550781, 385.1199951171875, 375.239990234375, 388.239990234375, 388.5, 408.7200012207031, 418.54998779296875, 432.4700012207031, 427.489990234375, 423.04998779296875, 401.3699951171875, 409.3500061035156, 413.8299865722656, 424.29998779296875, 443.94000244140625, 431.8999938964844, 436.5400085449219, 449.57000732421875, 465.3900146484375, 458.67999267578125, 474.3999938964844, 482.239990234375, 481.82000732421875, 466.94000244140625, 479.45001220703125, 495.010009765625]
assets:[0, 100.010625, 200.07116499328615, 298.30716677856446, 404.6690899963379, 534.454268927002, 635.6420741271972, 742.3187223724365, 797.9437445770265, 1056.1949972625732, 1157.523008328247, 1265.3654646697998, 1335.2876376190186, 1475.3548693817138, 1567.5553480773926, 1746.1085467529297, 1853.6246798583984, 1930.1640908020017, 2102.930665887451, 2319.0170170104984, 2478.2291565490723, 2358.066842578125, 2862.7527019805907, 3099.540946166992, 3127.190437005615, 3003.546118273926, 3058.0271556427, 3406.2323088134763, 3418.849075024414, 3637.303996508789, 3739.7398499999995, 4034.393388049316, 4231.414811590576, 4472.129035623168, 4520.621148730469, 4573.678028027343, 4439.272556994629, 4627.538078997803, 4778.163790960693, 4999.060026177978, 5330.476397314453, 5285.894455300903, 5442.693518536377, 5705.133306945801, 6005.90467803955, 6019.303411883546, 6325.602078616333, 6530.156379760742, 6624.4469166992185, 6519.883254089355, 6794.573792993164, 7115.075876367187]
shares:[0, 0.4103, 0.8203, 1.234, 1.639, 2.0162, 2.3926, 2.7651, 3.1613, 3.4919, 3.8221, 4.1501, 4.4861, 4.8123, 5.1402, 5.4525, 5.7634, 6.0783, 6.3818, 6.6694, 6.9498, 7.2576, 7.5203, 7.771, 8.0277, 8.3042, 8.5849, 8.8446, 9.1111, 9.3687, 9.6261, 9.8708, 10.1097, 10.3409, 10.5748, 10.8112, 11.0603, 11.3046, 11.5462, 11.7819, 12.0072, 12.2387, 12.4678, 12.6902, 12.9051, 13.1231, 13.3339, 13.5413, 13.7488, 13.963, 14.1716, 14.3736]
growth_rate:39.51
