ticker:TECTP
price:[8.815999984741211, 8.399999618530273, 8.149999618530273, 7.7129998207092285, 7.986999988555908, 7.5, 7.75, 7.800000190734863, 8.5, 7.53000020980835, 8.0, 8.25, 8.149999618530273, 8.100000381469727, 8.65999984741211, 8.350000381469727, 8.699999809265137, 8.5649995803833, 9.739999771118164, 9.748000144958496, 9.739999771118164, 9.699999809265137, 9.699999809265137, 9.699999809265137, 9.699999809265137, 9.25, 9.470000267028809, 9.399999618530273, 9.75, 9.100000381469727, 9.75, 9.75, 9.60099983215332, 9.550000190734863, 10.008999824523926, 9.829999923706055, 9.869999885559082, 9.944999694824219, 9.979999542236328, 9.75, 9.84000015258789, 9.899999618530273, 9.800000190734863, 9.949999809265137, 10.0, 10.03499984741211, 10.100000381469727, 10.149999618530273, 10.020000457763672, 10.039999961853027, 10.050000190734863, 10.050000190734863]
assets:[0, 100.0003154586792, 197.0237957780838, 286.4592707411766, 396.63521813168524, 472.45050000000003, 588.19865, 691.993396921444, 854.0953000000001, 856.6278838682175, 1010.096, 1141.6614, 1227.822707530403, 1320.2903421791075, 1511.5691993663788, 1557.4596061525344, 1722.742642231369, 1796.010179009819, 2142.397687655449, 2244.157298971939, 2342.315078957558, 2432.695932164955, 2532.6961401986123, 2632.696348232269, 2732.696556265926, 2705.921925, 2870.279426934242, 2949.0628203214646, 3158.868375, 3048.2771777830126, 3366.011025, 3466.0109249999996, 3513.0432824842455, 3594.382276787853, 3867.138227101994, 3897.9783397464753, 4013.8397624602317, 4144.339942825317, 4258.924884651184, 4260.7734, 4400.103668231965, 4526.933225566864, 4581.207069162846, 4751.327888920212, 4875.204, 4992.266916589737, 5124.60384355259, 5249.972607689095, 5282.731615341568, 5393.276135508251, 5498.647559356594, 5598.647071254444]
shares:[0, 11.9048, 24.1747, 37.1398, 49.6601, 62.9934, 75.8966, 88.7171, 100.4818, 113.762, 126.262, 138.3832, 150.6531, 162.9988, 174.5461, 186.5221, 198.0164, 209.6918, 219.9587, 230.2172, 240.4841, 250.7934, 261.1027, 271.412, 281.7213, 292.5321, 303.0918, 313.7301, 323.9865, 334.9755, 345.2319, 355.4883, 365.9039, 376.3751, 386.3661, 396.539, 406.6707, 416.726, 426.746, 437.0024, 447.165, 457.266, 467.4701, 477.5204, 487.5204, 497.4855, 507.3865, 517.2387, 527.2187, 537.1789, 547.1291, 557.0793]
growth_rate:9.78
