ticker:TEDU
price:[1.5700000524520874, 1.559999942779541, 1.6200000047683716, 1.690000057220459, 1.649999976158142, 1.7599999904632568, 1.940000057220459, 2.140000104904175, 1.9700000286102295, 2.140000104904175, 1.940000057220459, 2.2300000190734863, 2.6600000858306885, 3.3399999141693115, 3.4700000286102295, 3.2300000190734863, 3.2200000286102295, 3.0399999618530273, 3.140000104904175, 2.9800000190734863, 3.109999895095825, 3.0, 3.1500000953674316, 3.240000009536743, 3.119999885559082, 3.009999990463257, 3.0199999809265137, 3.0999999046325684, 3.4000000953674316, 3.0199999809265137, 3.2100000381469727, 3.140000104904175, 3.0399999618530273, 3.2300000190734863, 3.75, 3.8299999237060547, 3.7699999809265137, 3.759999990463257, 3.6500000953674316, 3.6600000858306885, 3.609999895095825, 3.190000057220459, 2.859999895095825, 2.680000066757202, 2.869999885559082, 2.859999895095825, 2.3499999046325684, 1.9800000190734863, 1.340000033378601, 1.3899999856948853, 1.3300000429153442, 1.5099999904632568]
assets:[0, 100.0000523320198, 203.84622060000896, 312.65440458593366, 405.25434914423226, 532.2713411158323, 686.7082222545147, 857.5029640353441, 889.3835019164801, 1066.1324302624942, 1066.4938854563236, 1325.9180943407534, 1681.58848026011, 2211.468051170111, 2397.5430817677975, 2331.718925769043, 2424.499987542081, 2388.968770022392, 2567.553279779315, 2536.722334236288, 2747.3844813272954, 2750.2101000000002, 2987.720595454359, 3173.0839653397798, 3155.5622682546614, 3144.3085980377195, 3254.7548474438668, 3440.9735441429616, 3873.9713286619663, 3540.9979956360344, 3863.7759309163093, 3879.519113610744, 3855.967263613987, 4196.965447783518, 4972.638, 5178.720991839409, 5197.592282703925, 5283.805410598326, 5229.226291629553, 5343.552911311698, 5370.553162935328, 4845.724607919931, 4444.442410978818, 4264.722430231691, 4667.071838901043, 4750.810175741315, 4003.637732524824, 3473.2780174583436, 2450.6023790430427, 2642.0426118095515, 2627.997757798064, 3083.666563524413]
shares:[0, 64.1026, 125.831, 185.0026, 245.6087, 302.4269, 353.9733, 400.7023, 451.4637, 498.1927, 549.7391, 594.5821, 632.1761, 662.1162, 690.9346, 721.8944, 752.9503, 785.845, 817.6921, 851.2491, 883.4034, 916.7367, 948.4827, 979.3469, 1011.3982, 1044.6208, 1077.7334, 1109.9915, 1139.4033, 1172.5159, 1203.6685, 1235.5156, 1268.4103, 1299.3701, 1326.0368, 1352.1465, 1378.6717, 1405.2674, 1432.6647, 1459.9871, 1487.6879, 1519.0359, 1554.0009, 1591.3143, 1626.1575, 1661.1225, 1703.6757, 1754.1808, 1828.8077, 1900.7501, 1975.9381, 2042.1633]
growth_rate:-39.54
