ticker:TEKKU
price:[9.920000076293945, 9.960000038146973, 10.039999961853027, 9.975000381469727, 9.98799991607666, 10.199999809265137, 10.399999618530273, 10.470000267028809, 10.59000015258789, 10.75, 10.75, 10.989999771118164, 11.350000381469727, 11.380000114440918, 12.029999732971191, 11.899999618530273, 11.489999771118164, 11.75, 11.1899995803833, 10.5, 10.75, 10.607999801635742, 10.359999656677246, 10.274999618530273, 10.5, 10.470000267028809, 10.279999732971191, 10.385000228881836, 10.194999694824219, 10.350000381469727, 10.239999771118164, 10.199999809265137, 10.119999885559082, 10.244999885559082, 10.399999618530273, 10.260000228881836, 10.229999542236328, 10.350000381469727, 10.270000457763672, 10.130000114440918, 10.149999618530273, 10.0600004196167, 10.119999885559082, 10.079000473022461, 10.149999618530273]
assets:[0, 100.00039238300324, 200.8040152370453, 299.5043739538193, 399.89454663991927, 508.3822704935074, 618.3506973190308, 722.5127314270974, 830.7939839706421, 943.345825, 1043.34555, 1166.6390297031403, 1304.8550638557433, 1408.3034641623497, 1588.7431177348137, 1671.5750964155197, 1713.9827988573072, 1852.7670249999999, 1864.4654210839271, 1849.4983499999998, 1993.5337499999998, 2067.2000157444, 2118.871677782154, 2201.4875107675552, 2349.6952499999998, 2442.981914306259, 2498.6485110961917, 2624.1701303358077, 2676.1588738922123, 2816.8457538204193, 2886.90783947258, 2975.6306443572043, 3052.292153483486, 3189.9938103664394, 3338.256357553482, 3393.3186036987304, 3483.3966841278075, 3624.257563579178, 3696.244027752304, 3745.8572603178022, 3853.2524751823426, 3919.086435470581, 4042.460266286278, 4126.082755443192, 4255.14780007782]
shares:[0, 10.0402, 20.0004, 30.0255, 40.0375, 49.8414, 59.4568, 69.0079, 78.4508, 87.7531, 97.0554, 106.1546, 114.9652, 123.7525, 132.0651, 140.4685, 149.1717, 157.6823, 166.6189, 176.1427, 185.445, 194.8718, 204.5243, 214.2567, 223.7805, 233.3316, 243.0592, 252.6885, 262.4972, 272.159, 281.9246, 291.7285, 301.6099, 311.3708, 320.9862, 330.7328, 340.508, 350.1698, 359.9069, 369.7786, 379.6308, 389.5712, 399.4526, 409.3742, 419.2264]
growth_rate:-3.29
