ticker:TEKKW
price:[2.4600000381469727, 1.9299999475479126, 1.899999976158142, 1.8899999856948853, 1.6299999952316284, 2.1700000762939453, 1.9800000190734863, 2.1500000953674316, 1.7999999523162842, 1.1579999923706055, 1.399999976158142, 1.1399999856948853, 0.9800000190734863, 0.9900000095367432, 1.1100000143051147, 1.059999942779541, 0.8999999761581421, 1.0549999475479126, 1.0199999809265137, 0.8799999952316284, 0.8899999856948853, 0.9150000214576721, 0.9049999713897705, 0.9110000133514404, 1.0700000524520874, 1.059999942779541, 1.0499999523162842, 1.090000033378601, 1.1100000143051147, 1.0299999713897705, 0.949999988079071, 0.8899999856948853, 0.9399999976158142, 0.8949999809265137, 0.8999999761581421, 0.8999999761581421, 0.9398999810218811]
assets:[0, 100.00005228227377, 198.44568750983476, 297.4013257490158, 356.48898595713376, 574.589546201706, 624.2799480137347, 777.8797095043659, 751.2481600987196, 583.3030083569527, 805.2022862874866, 755.6647225176572, 749.6065225893974, 857.2555612580061, 1061.1653416757583, 1113.3650038988112, 1045.3099223087431, 1325.3354551074742, 1381.3670021691323, 1291.7676570004223, 1406.4468633939505, 1545.9538412541747, 1629.0580494997503, 1739.8585261990308, 2143.522117076826, 2223.48895197258, 2302.5126604358434, 2490.2275922571657, 2635.9198089703914, 2545.943526281524, 2448.2004142791334, 2393.5772645276425, 2628.047951334304, 2602.237057043314, 2716.7746680300475, 2816.774655380952, 3041.6516841840744]
shares:[0, 51.8135, 104.4451, 157.3552, 218.7049, 264.7878, 315.2929, 361.8045, 417.3601, 503.7159, 575.1445, 662.8638, 764.9046, 865.9147, 956.0048, 1050.3444, 1161.4555, 1256.2422, 1354.2814, 1467.9178, 1580.2774, 1689.567, 1800.0642, 1909.8337, 2003.2916, 2097.6312, 2192.8693, 2284.6124, 2374.7025, 2471.7899, 2577.0531, 2689.4127, 2795.7957, 2907.5275, 3018.6386, 3129.7497, 3236.144]
growth_rate:-15.51
