ticker:TEKK
price:[10.079999923706055, 10.279999732971191, 10.449999809265137, 10.5, 10.40999984741211, 10.600000381469727, 10.699999809265137, 10.649999618530273, 10.520000457763672, 10.029999732971191, 10.09000015258789, 10.100000381469727, 9.890000343322754, 9.829999923706055, 10.050000190734863, 9.9399995803833, 9.920000076293945, 9.899999618530273, 9.899999618530273, 9.829999923706055, 9.850000381469727, 9.770000457763672, 9.729999542236328, 9.82800006866455, 9.899999618530273, 9.75, 9.739999771118164, 9.729999542236328, 9.760000228881836, 9.720000267028809, 9.710000038146973, 9.680000305175781, 9.729999542236328, 9.720000267028809, 9.739999771118164, 9.75, 9.770000457763672]
assets:[0, 99.99972540245057, 201.65364631938934, 302.6184, 400.02402313652044, 507.32555825748443, 612.1116790886879, 709.2516345954896, 800.5941268367767, 863.304143016243, 968.4684846458435, 1069.4284403915406, 1147.1925678237915, 1240.2324133741379, 1367.9889409625055, 1453.0162166609764, 1550.0922679216385, 1646.9669065385817, 1746.966802685356, 1834.6141717609405, 1938.3471000680922, 2022.604057767105, 2114.3230625282285, 2235.6184188194275, 2351.996369372177, 2416.36005, 2513.881278925896, 2611.3003031471253, 2719.3517597715377, 2808.2072211473464, 2905.318430413914, 2996.3424544639583, 3111.819263599396, 3208.6216601475717, 3315.223202095032, 3418.6269, 3525.6394911903385]
shares:[0, 9.7276, 19.297, 28.8208, 38.4269, 47.8609, 57.2067, 66.5964, 76.1021, 86.0722, 95.983, 105.884, 115.9952, 126.1681, 136.1183, 146.1787, 156.2593, 166.3603, 176.4613, 186.6342, 196.7865, 207.0219, 217.2994, 227.4744, 237.5754, 247.8318, 258.0987, 268.3762, 278.6221, 288.9102, 299.2089, 309.5395, 319.817, 330.1051, 340.372, 350.6284, 360.8638]
growth_rate:-2.07
