ticker:TELA
price:[13.1899995803833, 15.930000305175781, 15.390000343322754, 15.380000114440918, 15.949999809265137, 16.100000381469727, 16.0, 16.989999771118164, 15.15999984741211, 16.329999923706055, 16.510000228881836, 17.329999923706055, 16.65999984741211, 15.850000381469727, 16.3799991607666, 16.450000762939453, 15.979999542236328, 15.039999961853027, 15.670000076293945, 14.3100004196167, 14.800000190734863, 14.300000190734863, 14.59000015258789, 14.760000228881836, 15.75, 15.369999885559082, 16.059999465942383, 16.399999618530273, 15.739999771118164, 14.550000190734863, 14.949999809265137, 13.720000267028809, 13.600000381469727, 13.5, 13.680000305175781, 12.899999618530273, 12.430000305175781, 13.25, 13.739999771118164, 13.020000457763672, 12.760000228881836, 15.0, 15.789999961853027, 15.930000305175781, 15.350000381469727, 14.630000114440918, 15.260000228881836, 15.050000190734863, 13.670000076293945, 13.5600004196167, 13.880000114440918, 13.359999656677246]
assets:[0, 100.00057691574096, 196.61033238601684, 296.4833382061005, 407.4714551273346, 511.3038121147156, 608.128, 745.7556519535065, 765.4299082958221, 924.5033496807098, 1034.6932713441847, 1186.0825247783662, 1240.2270326408386, 1279.9271558046341, 1422.725777106285, 1528.8054959049225, 1585.124868592453, 1591.8817239624022, 1758.5626245620729, 1705.9366490237237, 1864.3515840268135, 1901.3666353606227, 2039.9256743343353, 2163.6950015522, 2408.82075, 2450.703445752716, 2660.7227455205916, 2817.052534474373, 2803.6827372304915, 2691.715115285492, 2865.7146334386825, 2729.9397971321105, 2806.062238707924, 2885.42925, 3023.901139457703, 2951.4850827207565, 2943.9511042785643, 3238.1622, 3457.9127663978575, 3376.7123807201383, 3409.2819371538158, 4107.777, 4424.119560311795, 4563.346119421387, 4497.198596761894, 4386.255446310806, 4675.1376001214985, 4710.800559701919, 4378.846875438881, 4443.610781508351, 4648.474498326778, 4574.323602449894]
shares:[0, 6.2775, 12.7752, 19.2772, 25.5468, 31.758, 38.008, 43.8938, 50.4901, 56.6138, 62.6707, 68.441, 74.4434, 80.7525, 86.8575, 92.9365, 99.1943, 105.8432, 112.2248, 119.2129, 125.9697, 132.9627, 139.8167, 146.5918, 152.941, 159.4472, 165.6739, 171.7715, 178.1247, 184.9976, 191.6866, 198.9752, 206.3281, 213.7355, 221.0454, 228.7973, 236.8424, 244.3896, 251.6676, 259.3481, 267.1851, 273.8518, 280.1849, 286.4624, 292.9771, 299.8124, 306.3655, 313.01, 320.3253, 327.6999, 334.9045, 342.3895]
growth_rate:-10.31
