ticker:TELL
price:[0.8799999952316284, 0.7599999904632568, 0.8299999833106995, 0.7099999785423279, 0.75, 0.9200000166893005, 0.8600000143051147, 0.8899999856948853, 0.9599999785423279, 0.9900000095367432, 1.0099999904632568, 1.100000023841858, 1.590000033378601, 1.690000057220459, 1.2999999523162842, 1.4199999570846558, 1.3600000143051147, 1.2799999713897705, 1.4800000190734863, 2.130000114440918, 3.299999952316284, 3.0299999713897705, 3.359999895095825, 3.7699999809265137, 3.5799999237060547, 3.0899999141693115, 2.259999990463257, 2.7899999618530273, 2.700000047683716, 2.3399999141693115, 2.490000009536743, 2.059999942779541, 1.7200000286102295, 1.909999966621399, 2.2200000286102295, 2.180000066757202, 2.2100000381469727, 2.619999885559082, 4.360000133514404, 4.929999828338623, 4.730000019073486, 3.869999885559082, 4.269999980926514, 4.429999828338623, 4.400000095367432, 3.6600000858306885, 3.630000114440918, 3.7699999809265137, 3.0, 2.869999885559082, 2.5899999141693115, 2.950000047683716]
assets:[0, 99.99996274516583, 209.21045979328156, 278.963180569154, 394.6794, 584.1401185966193, 646.0440507462025, 768.5804916464806, 929.030667234546, 1058.062906192398, 1179.43789186337, 1384.536370009017, 2101.2844191119075, 2333.4407080062388, 1894.9542904934885, 2169.8731084219335, 2178.1883989112016, 2150.0595999424218, 2586.006549327135, 3821.7529183356282, 6021.025142998529, 5628.395838854885, 6341.389290012431, 7215.189958496332, 6951.55972185421, 6100.08934055829, 4561.554148751164, 5731.299110637378, 5646.418569719338, 4993.562390837216, 5413.662653734422, 4578.772996815776, 3923.053293255496, 4456.4136411210175, 5279.705966042161, 5284.576311827302, 5457.299838198852, 6569.739579035472, 11032.849973854209, 12575.217275134039, 12165.066710055018, 10053.236087712763, 11192.330519005442, 11711.715029173993, 11732.404014293003, 9859.226979208803, 9878.413691431046, 10359.398971588898, 8343.5535, 8081.999176731205, 7393.511397984482, 8521.18133773613]
shares:[0, 131.5789, 252.0608, 392.9059, 526.2392, 634.9349, 751.214, 863.5736, 967.7403, 1068.7504, 1167.7603, 1258.6694, 1321.5625, 1380.7341, 1457.6572, 1528.0797, 1601.6091, 1679.7341, 1747.3017, 1794.2501, 1824.5531, 1857.5564, 1887.3183, 1913.8435, 1941.7765, 1974.139, 2018.3868, 2054.2291, 2091.2661, 2134.0011, 2174.1617, 2222.7054, 2280.8449, 2333.2009, 2378.2459, 2424.1175, 2469.3664, 2507.5343, 2530.4701, 2550.7541, 2571.8957, 2597.7355, 2621.1547, 2643.7281, 2666.4554, 2693.7778, 2721.326, 2747.8512, 2781.1845, 2816.0277, 2854.6377, 2888.536]
growth_rate:67.08
