ticker:TENB
price:[37.209999084472656, 35.56999969482422, 37.72999954223633, 37.310001373291016, 38.11000061035156, 40.810001373291016, 38.77000045776367, 37.099998474121094, 34.11000061035156, 38.4900016784668, 34.68000030517578, 35.83000183105469, 35.90999984741211, 38.0, 37.400001525878906, 51.849998474121094, 54.68000030517578, 52.2599983215332, 54.310001373291016, 53.77000045776367, 53.66999816894531, 49.4900016784668, 46.25, 45.529998779296875, 44.84000015258789, 40.90999984741211, 39.04999923706055, 40.849998474121094, 37.7400016784668, 37.79999923706055, 37.459999084472656, 37.90999984741211, 41.43000030517578, 40.650001525878906, 37.4900016784668, 37.099998474121094, 39.720001220703125, 41.119998931884766, 41.79999923706055, 41.779998779296875, 43.470001220703125, 43.79999923706055, 43.689998626708984, 40.560001373291016, 41.939998626708984, 39.5, 46.02000045776367, 42.79999923706055, 43.09000015258789, 42.81999969482422, 40.52000045776367, 44.709999084472656]
assets:[0, 100.00149714202881, 206.07371149978638, 303.77803118133545, 410.29226657104493, 539.3613021499634, 612.3992962306976, 686.0197817848206, 730.7317210754394, 924.5644813182831, 933.0446002105713, 1063.9862363739014, 1166.36038604393, 1334.2446, 1413.1777576560974, 2059.1760244010925, 2271.565784677887, 2271.0313910598757, 2460.1181492069245, 2535.6587965869903, 2630.9408792404174, 2526.0340226711273, 2460.661875, 2522.357379373169, 2584.1336927936554, 2457.6477858333587, 2445.9084172130583, 2658.6527056907653, 2556.2435336875915, 2660.307246305466, 2736.3780131225585, 2869.2486664512635, 3235.662308834076, 3274.7437979240417, 3120.176620693588, 3187.717198892975, 3512.832935958862, 3736.6483189384458, 3898.4393088451384, 3996.5744112304687, 4258.234379577637, 4390.56010352211, 4479.535559196473, 4258.617624189377, 4503.512858536148, 4341.50425, 5158.128741308213, 4897.214432703781, 5030.395561813355, 5098.877103660583, 4924.99940363884, 5534.270751674652]
shares:[0, 2.8114, 5.4618, 8.142, 10.766, 13.2164, 15.7957, 18.4911, 21.4228, 24.0209, 26.9044, 29.6954, 32.4801, 35.1117, 37.7855, 39.7141, 41.5429, 43.4564, 45.2977, 47.1575, 49.0207, 51.0413, 53.2035, 55.3999, 57.6301, 60.0745, 62.6353, 65.0833, 67.733, 70.3785, 73.048, 75.6858, 78.0995, 80.5595, 83.2269, 85.9223, 88.4399, 90.8718, 93.2641, 95.6576, 97.958, 100.2411, 102.53, 104.9955, 107.3799, 109.9115, 112.0845, 114.4209, 116.7416, 119.077, 121.5449, 123.7815]
growth_rate:8.52
