ticker:TENX
price:[1.4700000286102295, 1.4600000381469727, 1.5800000429153442, 1.600000023841858, 1.3700000047683716, 1.2799999713897705, 1.25, 1.190000057220459, 1.059999942779541, 0.9419999718666077, 1.0809999704360962, 1.0099999904632568, 1.1200000047683716, 1.1100000143051147, 1.1200000047683716, 1.0399999618530273, 1.1100000143051147, 1.8600000143051147, 1.7599999904632568, 1.7799999713897705, 2.490000009536743, 2.299999952316284, 2.380000114440918, 2.700000047683716, 2.4700000286102295, 2.1500000953674316, 2.0999999046325684, 2.2200000286102295, 2.130000114440918, 2.140000104904175, 1.9199999570846558, 2.0799999237060547, 1.8200000524520874, 1.8600000143051147, 1.899999976158142, 2.059999942779541, 2.059999942779541, 1.9500000476837158, 1.9500000476837158, 2.0, 2.0799999237060547, 1.9199999570846558, 2.1500000953674316, 1.9700000286102295, 2.049999952316284, 1.809999942779541, 1.8600000143051147, 1.7300000190734863, 1.649999976158142, 1.5700000524520874, 1.399999976158142, 1.6200000047683716]
assets:[0, 99.99992861280441, 208.2190416555643, 310.8547246320963, 366.1693542744756, 442.11442211797237, 531.752375, 606.2282741501331, 640.0015714517116, 668.7561124271989, 867.4366433767677, 910.4634814031124, 1109.6228687241912, 1199.7155434613228, 1310.5237655795218, 1316.9148236958504, 1505.5534034028053, 2622.819128171897, 2581.8073460102078, 2711.1460804233075, 3892.5582509085652, 3695.535733383965, 3924.0763586869243, 4551.683030385614, 4263.946970389676, 3811.5328540679457, 3822.8921163907526, 4141.343231371522, 4073.4511978589057, 4192.575427522731, 3861.5626656873465, 4283.359442887306, 3847.9398428969616, 4032.509791013718, 4219.230387055635, 4674.533948155832, 4774.53396737814, 4619.583457963538, 4719.583555408859, 4940.5984, 5238.2220958631515, 4935.281937687851, 5626.487899573803, 5255.432904324436, 5568.851315466572, 5016.888156398535, 5255.4763544194575, 4988.158186995124, 4857.491854811132, 4721.977373756408, 4310.6802865895515, 5088.073010976434]
shares:[0, 68.4931, 131.7842, 194.2842, 267.2769, 345.4019, 425.4019, 509.4355, 603.7751, 709.9322, 802.4391, 901.449, 990.7347, 1080.8248, 1170.1105, 1266.2643, 1356.3544, 1410.1178, 1466.936, 1523.1158, 1563.2764, 1606.7547, 1648.7715, 1685.8085, 1726.2943, 1772.8059, 1820.4249, 1865.4699, 1912.4183, 1959.1473, 2011.2306, 2059.3075, 2114.2526, 2168.016, 2220.6476, 2269.1913, 2317.735, 2369.0171, 2420.2992, 2470.2992, 2518.3761, 2570.4594, 2616.971, 2667.7324, 2716.5129, 2771.7615, 2825.5249, 2883.3284, 2943.9345, 3007.6288, 3079.0574, 3140.7858]
growth_rate:-0.23
