ticker:TER
price:[78.5999984741211, 74.91999816894531, 76.37000274658203, 77.72000122070312, 78.62000274658203, 86.0999984741211, 86.58999633789062, 92.0, 87.8499984741211, 100.26000213623047, 102.29000091552734, 106.33000183105469, 109.4000015258789, 116.02999877929688, 115.37000274658203, 120.58999633789062, 118.87999725341797, 119.88999938964844, 132.14999389648438, 137.3000030517578, 137.9499969482422, 113.4800033569336, 126.12000274658203, 142.41000366210938, 142.58999633789062, 128.61000061035156, 113.9000015258789, 112.83000183105469, 114.91000366210938, 119.0199966430664, 128.80999755859375, 133.05999755859375, 129.47999572753906, 131.52999877929688, 125.08000183105469, 128.1699981689453, 122.3499984741211, 124.87999725341797, 132.35000610351562, 131.67999267578125, 127.9800033569336, 124.86000061035156, 129.5500030517578, 128.52999877929688, 125.69999694824219, 119.88999938964844, 128.8000030517578, 127.0, 126.87000274658203, 118.75, 113.55999755859375, 122.5999984741211]
assets:[0, 100.0032135559082, 201.93756126251222, 305.5095527984619, 409.04415028991696, 547.9576102890015, 651.0788414642334, 791.7611999999999, 856.0455251312256, 1076.9728909469604, 1198.7774367294312, 1346.1271901809694, 1484.9956207122802, 1674.9858563781738, 1765.4610040298462, 1945.3457619232179, 2017.7620813819883, 2134.905197131348, 2453.219271694946, 2648.819118875122, 2761.3588839126587, 2371.5391541542053, 2735.69420357666, 3189.04417600708, 3293.0731884246825, 3070.2036565704343, 2819.047817765808, 2892.566341941834, 3045.8849940704345, 3254.827946198273, 3622.549323339844, 3842.067511505127, 3838.69343333435, 3999.4721318817137, 3903.3466011413575, 4099.773731430054, 4013.60605494461, 4196.604795700836, 4547.63885472107, 4624.614510772705, 4594.674090518951, 4582.661686401367, 4854.795679362488, 4916.568072305297, 4908.3083408355715, 4781.44096665802, 5236.789164079284, 5263.6039, 5358.215008998871, 5115.275, 4991.7113886840825, 5489.083911682892]
shares:[0, 1.3348, 2.6442, 3.9309, 5.2028, 6.3642, 7.5191, 8.6061, 9.7444, 10.7418, 11.7194, 12.6599, 13.574, 14.4358, 15.3026, 16.1319, 16.9731, 17.8072, 18.5639, 19.2922, 20.0171, 20.8983, 21.6912, 22.3934, 23.0947, 23.8722, 24.7502, 25.6365, 26.5067, 27.3469, 28.1232, 28.8747, 29.647, 30.4073, 31.2068, 31.987, 32.8043, 33.6051, 34.3607, 35.1201, 35.9015, 36.7024, 37.4743, 38.2523, 39.0478, 39.8819, 40.6583, 41.4457, 42.2339, 43.076, 43.9566, 44.7723]
growth_rate:7.63
