ticker:TERN
price:[18.389999389648438, 18.09000015258789, 20.700000762939453, 22.649999618530273, 17.1299991607666, 25.90999984741211, 27.25, 20.15999984741211, 20.610000610351562, 18.93000030517578, 17.90999984741211, 18.93000030517578, 22.0, 16.6200008392334, 15.90999984741211, 15.920000076293945, 17.110000610351562, 16.020000457763672, 17.420000076293945, 15.600000381469727, 13.4399995803833, 11.619999885559082, 10.380000114440918, 9.039999961853027, 8.15999984741211, 7.5, 10.079999923706055, 10.8100004196167, 11.1899995803833, 12.739999771118164, 12.479999542236328, 13.460000038146973]
assets:[0, 99.9997118434906, 214.42716790313722, 334.62656436424254, 353.0749777021408, 634.0436062660217, 766.834075, 667.3161549491882, 782.2113531646729, 818.4499211944579, 874.3500735507965, 1024.1451975105285, 1290.2384, 1074.7157342681885, 1128.8049431739807, 1229.5143418922426, 1421.418433705139, 1430.8663908863066, 1655.91036725235, 1582.9055187070846, 1463.734226300049, 1365.5208005515099, 1319.8024825510024, 1249.4229147276878, 1227.7976410408019, 1228.49025, 1751.0905307462692, 1977.9057767772674, 2147.4347734727858, 2544.8901202795028, 2592.953280891037, 2896.5664342091563]
shares:[0, 5.5279, 10.3588, 14.7738, 20.6115, 24.471, 28.1407, 33.101, 37.953, 43.2356, 48.8191, 54.1017, 58.6472, 64.664, 70.9494, 77.2308, 83.0753, 89.3175, 95.058, 101.4683, 108.9088, 117.5147, 127.1486, 138.2105, 150.4654, 163.7987, 173.7193, 182.97, 191.9066, 199.7559, 207.7687, 215.1981]
growth_rate:-6.56
