ticker:TESS
price:[6.329999923706055, 6.150000095367432, 6.190000057220459, 5.710000038146973, 5.690000057220459, 5.920000076293945, 5.909999847412109, 5.929999828338623, 6.099999904632568, 5.46999979019165, 6.019999980926514, 5.71999979019165, 6.309999942779541, 6.239999771118164, 6.130000114440918, 5.619999885559082, 6.269999980926514, 6.239999771118164, 7.599999904632568, 7.380000114440918, 7.269999980926514, 7.739999771118164, 8.229999542236328, 8.420000076293945, 8.529999732971191, 7.010000228881836, 6.739999771118164, 8.0, 7.289999961853027, 7.460000038146973, 7.230000019073486, 7.920000076293945, 7.800000190734863, 7.809999942779541, 7.230000019073486, 7.659999847412109, 7.300000190734863, 7.199999809265137, 7.440000057220459, 7.190000057220459, 7.400000095367432, 6.869999885559082, 6.730000019073486, 6.150000095367432, 7.130000114440918, 6.78000020980835, 6.010000228881836, 6.010000228881836, 5.570000171661377, 6.059999942779541, 5.849999904632568, 6.03000020980835]
assets:[0, 100.00023155069351, 200.65070885481836, 285.09116590461736, 384.09264286255836, 499.6184064388275, 598.7745895404815, 700.8008567132473, 820.8910171661854, 836.1102539299965, 1020.1798987677098, 1069.3402327768326, 1279.6395933959484, 1365.443613915825, 1441.373285908985, 1421.454769054699, 1685.85815787158, 1777.7915347909925, 2265.2590115747453, 2299.6855256609915, 2365.408632794142, 2618.330466572571, 2884.0905885829925, 3050.673803642273, 3190.5278331215854, 2721.992902875137, 2717.1513757289886, 3325.1056, 3130.0023076213834, 3302.992600889969, 3301.1579997087956, 3716.206595798493, 3759.9003919415472, 3864.7206776848793, 3677.712306702185, 3996.4417623905183, 3908.6193921246527, 3955.0765352262497, 4186.91285620122, 4146.223539997053, 4367.323176283837, 4154.528006793594, 4169.86493981781, 3910.5009306397437, 4633.63734437275, 4506.180013444567, 4094.4160279296875, 4194.41582073803, 3987.3369808854104, 4438.108224093961, 4384.312263526392, 4619.214124721337]
shares:[0, 16.2602, 32.4153, 49.9284, 67.5031, 84.395, 101.3155, 118.1789, 134.5723, 152.8538, 169.4651, 186.9476, 202.7955, 218.8211, 235.1343, 252.9279, 268.8769, 284.9025, 298.0604, 311.6105, 325.3657, 338.2856, 350.4363, 362.3128, 374.0361, 388.3014, 403.1382, 415.6382, 429.3556, 442.7604, 456.5917, 469.218, 482.0385, 494.8426, 508.6739, 521.7287, 535.4273, 549.3162, 562.7571, 576.6653, 590.1788, 604.7348, 619.5936, 635.8538, 649.879, 664.6283, 681.2672, 697.9061, 715.8594, 732.3611, 749.4551, 766.0388]
growth_rate:-9.43
