ticker:TETCU
price:[9.920000076293945, 9.920000076293945, 9.989999771118164, 9.979999542236328, 9.989999771118164, 9.975000381469727, 10.0, 10.0, 9.979999542236328, 9.979999542236328, 10.0, 10.019000053405762, 10.010000228881836, 9.979999542236328, 9.949999809265137, 9.979999542236328, 10.0, 10.0, 9.973999977111816, 10.0, 9.989999771118164, 9.914999961853027, 9.930000305175781, 9.899999618530273, 9.850000381469727]
assets:[0, 99.99955276908875, 200.70508940162657, 300.5037742164612, 400.80478481712345, 500.20337662906644, 601.457, 701.4570000000001, 800.0536493030548, 900.0532447162628, 1001.857, 1103.7601731835366, 1202.768594501686, 1299.163406409836, 1395.2586232538224, 1499.4649912223817, 1602.4700000000003, 1702.4700000000003, 1798.0438952738762, 1902.731, 2000.8281231588362, 2085.806643975067, 2188.9623162727357, 2282.348882055855, 2370.8222018169404]
shares:[0, 10.0806, 20.0906, 30.1106, 40.1206, 50.1457, 60.1457, 70.1457, 80.1657, 90.1857, 100.1857, 110.1667, 120.1567, 130.1767, 140.227, 150.247, 160.247, 170.247, 180.2731, 190.2731, 200.2831, 210.3688, 220.4393, 230.5403, 240.6926]
growth_rate:-1.22
