ticker:TFFP
price:[12.65999984741211, 13.979999542236328, 16.510000228881836, 17.530000686645508, 17.770000457763672, 18.34000015258789, 16.540000915527344, 15.199999809265137, 12.739999771118164, 15.970000267028809, 16.829999923706055, 15.5, 15.960000038146973, 15.800000190734863, 14.350000381469727, 14.550000190734863, 15.470000267028809, 14.319999694824219, 17.139999389648438, 17.670000076293945, 17.81999969482422, 15.550000190734863, 17.690000534057617, 17.43000030517578, 16.889999389648438, 14.220000267028809, 13.609999656677246, 17.950000762939453, 15.829999923706055, 13.029999732971191, 13.609999656677246, 13.210000038146973, 12.069999694824219, 11.84000015258789, 11.34000015258789, 9.59000015258789, 9.239999771118164, 10.489999771118164, 10.609999656677246, 10.789999961853027, 12.010000228881836, 10.369999885559082, 10.140000343322754, 9.619999885559082, 10.489999771118164, 8.739999771118164, 9.289999961853027, 8.289999961853027, 8.0, 7.989999771118164, 8.039999961853027, 8.550000190734863]
assets:[0, 100.00033472557068, 218.09710302352906, 331.57119798755645, 436.1113512344361, 550.1009685768128, 596.1099029960633, 647.8148718709946, 642.9712264486312, 905.9845031486511, 1054.7731212184906, 1071.4189000000001, 1203.216422875881, 1291.153895586586, 1272.661353831482, 1390.3994732266426, 1578.3144012434004, 1560.9859347335816, 1968.386667906189, 2129.252679193497, 2247.3282755134583, 2061.0530052806853, 2444.6961588048935, 2508.764434925079, 2531.040724536133, 2230.9289158932684, 2235.227405614662, 3048.0034695510867, 2788.0159955629347, 2394.873557920933, 2601.4752183757782, 2625.017231580353, 2498.4826948287964, 2550.872384874344, 2543.14925821991, 2250.68768481102, 2268.5456078063967, 2675.4377266244887, 2806.0435852008823, 2953.6481155576703, 3387.6103225597385, 3025.0222966165543, 3057.929029536152, 3001.1119222983357, 3372.5223384147644, 2909.89901979599, 3193.016649888706, 2949.311732428551, 2946.1392, 3042.456082845688, 3161.495216999817, 3462.037862231731]
shares:[0, 7.1531, 13.21, 18.9145, 24.542, 29.9946, 36.0405, 42.6194, 50.4687, 56.7304, 62.6722, 69.1238, 75.3895, 81.7186, 88.6872, 95.5601, 102.0242, 109.0074, 114.8417, 120.501, 126.1127, 132.5436, 138.1965, 143.9337, 149.8544, 156.8867, 164.2342, 169.8052, 176.1223, 183.7969, 191.1444, 198.7144, 206.9994, 215.4453, 224.2636, 234.6911, 245.5136, 255.0465, 264.4716, 273.7394, 282.0658, 291.709, 301.5709, 311.9659, 321.4988, 332.9404, 343.7047, 355.7674, 368.2674, 380.783, 393.2208, 404.9167]
growth_rate:-32.12
