ticker:TFSL
price:[15.84000015258789, 14.529999732971191, 14.579999923706055, 14.390000343322754, 15.59000015258789, 16.360000610351562, 15.65999984741211, 16.3700008392334, 15.710000038146973, 15.180000305175781, 15.960000038146973, 16.940000534057617, 17.719999313354492, 17.6200008392334, 17.68000030517578, 17.809999465942383, 17.649999618530273, 17.6299991607666, 18.549999237060547, 19.200000762939453, 19.049999237060547, 17.670000076293945, 17.530000686645508, 18.700000762939453, 19.540000915527344, 19.530000686645508, 21.06999969482422, 21.290000915527344, 20.860000610351562, 20.90999984741211, 20.600000381469727, 20.450000762939453, 20.239999771118164, 20.170000076293945, 19.559999465942383, 20.0, 22.010000228881836, 21.969999313354492, 22.15999984741211, 22.5, 21.260000228881836, 19.899999618530273, 20.760000228881836, 20.139999389648438, 20.170000076293945, 19.84000015258789, 19.56999969482422, 19.479999542236328, 19.68000030517578, 20.040000915527344, 19.75, 19.8799991607666]
assets:[0, 99.99981716222763, 200.34377895164488, 297.7334241034508, 422.562277135849, 543.4334122741699, 620.181407957077, 748.2989303627014, 818.1296719865799, 890.5286459030151, 1036.2875904768944, 1199.9195278291702, 1355.1688434875489, 1447.5218329448699, 1552.4507707969667, 1663.8653611066818, 1748.9172822006226, 1846.9363420810698, 2043.3158059608459, 2214.914008012772, 2297.60897798233, 2231.1679386335372, 2313.490286618805, 2567.899064767456, 2783.2484204063417, 2881.823465320587, 3209.064196520233, 3342.5705947395327, 3375.06048675232, 3483.150136582184, 3531.5116253963474, 3605.797304523468, 3668.769150512123, 3756.08161820755, 3742.48706981678, 3926.674, 4421.3050169771195, 4513.2705949432375, 4652.301391965484, 4823.6804999999995, 4657.842820145606, 4459.880454507064, 4752.620068398285, 4710.681409240723, 4817.699317223168, 4838.876837215424, 4873.025817009735, 4950.615915664673, 5101.443775107574, 5294.762629891205, 5318.141750000001, 5453.147385795593]
shares:[0, 6.8823, 13.741, 20.6903, 27.1047, 33.2172, 39.6029, 45.7116, 52.077, 58.6646, 64.9303, 70.8335, 76.4768, 82.1522, 87.8083, 93.4231, 99.0888, 104.761, 110.1518, 115.3601, 120.6094, 126.2687, 131.9732, 137.3208, 142.4385, 147.5588, 152.3049, 157.0019, 161.7958, 166.5782, 171.4326, 176.3226, 181.2633, 186.2212, 191.3337, 196.3337, 200.8771, 205.4288, 209.9414, 214.3858, 219.0895, 224.1146, 228.9316, 233.8968, 238.8547, 243.895, 249.0049, 254.1384, 259.2197, 264.2097, 269.273, 274.3032]
growth_rate:6.92
