ticker:TGA
price:[0.5, 0.44999998807907104, 0.41999998688697815, 0.4000000059604645, 0.4000000059604645, 0.47999998927116394, 0.44999998807907104, 0.41999998688697815, 0.38999998569488525, 0.4300000071525574, 0.4300000071525574, 0.4699999988079071, 0.5299999713897705, 0.7300000190734863, 0.9300000071525574, 0.8999999761581421, 1.0099999904632568, 0.9599999785423279, 1.1399999856948853, 1.1699999570846558, 1.1100000143051147, 1.0399999618530273, 1.2699999809265137, 1.399999976158142, 1.3799999952316284, 1.4500000476837158, 1.5199999809265137, 1.6699999570846558, 1.6799999475479126, 1.649999976158142, 1.6100000143051147, 1.4700000286102295, 1.5299999713897705, 1.5299999713897705, 1.590000033378601, 1.559999942779541, 1.5700000524520874, 1.7799999713897705, 1.7000000476837158, 1.8799999952316284, 1.8799999952316284, 1.8200000524520874, 2.1600000858306885, 1.9800000190734863, 1.8700000047683716, 1.6200000047683716, 1.7000000476837158, 1.6799999475479126, 1.649999976158142, 1.6100000143051147, 1.6299999952316284, 1.809999942779541]
assets:[0, 99.99998735090493, 193.33330196384787, 284.12696423382164, 384.12696572393776, 560.9523234617382, 625.8927884195031, 684.1665806393057, 735.2975490294457, 910.7127101486623, 1010.7126948120475, 1204.7324789443553, 1458.5280682663679, 2108.9161811018944, 2786.7014044323028, 2796.8077059098955, 3238.639810419726, 3178.3110969592094, 3874.2444653846383, 4076.198184485936, 3967.1625841267705, 3816.980923993969, 4761.121089495135, 5348.479968915927, 5372.073227437651, 5744.56987891202, 6121.8937071803575, 6826.027797586024, 6966.9021584829925, 6942.493369683671, 6874.190657078314, 6376.4350001029015, 6736.697433027149, 6836.697466157198, 7204.80356224922, 7168.863517047644, 7314.81833038056, 8393.233153094197, 8116.009497647929, 9075.351424981569, 9175.351444727932, 8982.521442874719, 10760.57502758682, 9963.8602439826, 9510.312319250643, 8338.880202544988, 8850.676928254794, 8846.550779797577, 8788.576868008482, 8675.520658083427, 8883.291008012986, 9964.267608994483]
shares:[0, 222.2222, 460.3174, 710.3174, 960.3174, 1168.6507, 1390.8729, 1628.9681, 1885.3784, 2117.9365, 2350.4946, 2563.2606, 2751.9399, 2888.9262, 2996.4531, 3107.5642, 3206.5741, 3310.7408, 3398.4601, 3483.9302, 3574.0203, 3670.1741, 3748.9143, 3820.3429, 3892.8067, 3961.7722, 4027.5617, 4087.4419, 4146.9657, 4207.5718, 4269.6836, 4337.7108, 4403.0703, 4468.4298, 4531.3229, 4595.4255, 4659.1198, 4715.2996, 4774.1231, 4827.3146, 4880.5061, 4935.4512, 4981.7475, 5032.2526, 5085.7285, 5147.4569, 5206.2804, 5265.8042, 5326.4103, 5388.5221, 5449.8718, 5505.1204]
growth_rate:95.38
