ticker:TGLS
price:[5.320000171661377, 5.150000095367432, 5.28000020980835, 5.239999771118164, 5.25, 5.539999961853027, 5.940000057220459, 5.460000038146973, 4.510000228881836, 5.320000171661377, 6.050000190734863, 5.949999809265137, 5.800000190734863, 6.150000095367432, 6.170000076293945, 6.869999885559082, 7.099999904632568, 6.909999847412109, 6.889999866485596, 6.989999771118164, 7.28000020980835, 6.789999961853027, 7.150000095367432, 7.28000020980835, 7.329999923706055, 7.389999866485596, 8.75, 9.949999809265137, 10.899999618530273, 11.039999961853027, 12.079999923706055, 13.140000343322754, 12.029999732971191, 12.470000267028809, 11.960000038146973, 12.239999771118164, 16.43000030517578, 18.649999618530273, 21.989999771118164, 19.969999313354492, 22.709999084472656, 18.969999313354492, 21.6200008392334, 20.989999771118164, 19.81999969482422, 18.520000457763672, 18.3700008392334, 19.290000915527344, 22.549999237060547, 22.43000030517578, 21.81999969482422, 23.139999389648438]
assets:[0, 100.0001268517971, 202.5244400475979, 300.99030285282134, 401.56462500000004, 523.7460563936233, 661.5615663728714, 708.1019449472427, 684.8972037584305, 907.9053772955417, 1132.4862257032396, 1213.767236091137, 1283.1682621973991, 1460.6010376493932, 1565.3512313560486, 1842.943421300125, 2004.6430830735685, 2050.997823709488, 2145.0615914330006, 2276.194866467857, 2470.629687203121, 2404.3369494921685, 2631.8127901033877, 2779.6642401094437, 2898.7554878284454, 3022.483341393089, 3678.71875, 4283.229152893353, 4792.180472286987, 4953.7318868831635, 5520.387221134758, 6104.791599506379, 5689.09033171978, 5997.1697944215775, 5851.8964586648935, 6088.896822140694, 8273.24943266983, 9491.119085867309, 11290.868735479546, 10353.68977800026, 11874.275026302337, 10018.7585273571, 11518.321373111916, 11282.681111969949, 10753.774892420197, 10148.432430841445, 10166.23768844452, 10775.379079412842, 12696.411760439301, 12728.847976184847, 12482.678507416535, 13337.816972195435]
shares:[0, 19.4175, 38.3569, 57.4409, 76.4885, 94.539, 111.374, 129.689, 151.8619, 170.6589, 187.1878, 203.9945, 221.2359, 237.4961, 253.7036, 268.2596, 282.3441, 296.8159, 311.3297, 325.6359, 339.3722, 354.0997, 368.0857, 381.822, 395.4646, 408.9964, 420.425, 430.4753, 439.6496, 448.7076, 456.9857, 464.596, 472.9086, 480.9278, 489.289, 497.4589, 503.5453, 508.9072, 513.4547, 518.4622, 522.8655, 528.137, 532.7623, 537.5265, 542.5719, 547.9715, 553.4152, 558.5992, 563.0338, 567.4921, 572.0751, 576.3966]
growth_rate:161.53
