ticker:TGTX
price:[23.809999465942383, 24.90999984741211, 26.149999618530273, 24.719999313354492, 26.1200008392334, 31.0, 30.190000534057617, 27.0, 25.270000457763672, 28.209999084472656, 29.459999084472656, 29.850000381469727, 30.290000915527344, 28.6299991607666, 42.27000045776367, 53.9900016784668, 53.34000015258789, 52.02000045776367, 54.0, 49.619998931884766, 49.41999816894531, 48.27000045776367, 54.29999923706055, 47.95000076293945, 47.279998779296875, 43.77000045776367, 43.279998779296875, 49.83000183105469, 49.10499954223633, 46.099998474121094, 48.959999084472656, 44.790000915527344, 44.779998779296875, 42.40999984741211, 44.709999084472656, 40.20000076293945, 34.2599983215332, 33.20000076293945, 34.869998931884766, 35.16999816894531, 37.77000045776367, 37.560001373291016, 39.88999938964844, 40.11000061035156, 40.34000015258789, 37.02000045776367, 37.83000183105469, 34.9900016784668, 23.520000457763672, 22.790000915527344, 24.0, 27.06999969482422]
assets:[0, 100.00119438743592, 204.9793870098114, 293.7699998399735, 410.40790118637085, 587.0841999999999, 671.7456258831023, 700.7661, 755.8661456924439, 943.805013369751, 1085.624534262085, 1199.9968803354263, 1317.6847068275451, 1345.4696735601426, 2086.481038595581, 2764.98995595932, 2831.7032601005553, 2861.6254271816256, 3070.5480000000002, 2921.491563112259, 3009.7174244873045, 3039.6826038265226, 3519.405580550766, 3207.8358710403445, 3263.01493175354, 3120.774770638275, 3185.836382144165, 3767.980299458313, 3813.160350453186, 3679.812518200684, 4008.1054290504458, 3766.7271019935606, 3865.884162615967, 3761.279271467209, 4065.2611377555845, 3755.190611268234, 3300.3204543106076, 3298.2075957931515, 3564.111408826446, 3694.773606639099, 4067.9159203022, 4145.298283562851, 4502.448055108643, 4627.278187413025, 4753.810841981506, 4462.56855118103, 4660.209831564331, 4410.356749564362, 3064.6066676456453, 3069.489505308533, 3332.46, 3858.7364184982303]
shares:[0, 4.0145, 7.8386, 11.8839, 15.7124, 18.9382, 22.2506, 25.9543, 29.9116, 33.4564, 36.8508, 40.2009, 43.5023, 46.9951, 49.3608, 51.213, 53.0878, 55.0101, 56.862, 58.8773, 60.9008, 62.9725, 64.8141, 66.8996, 69.0147, 71.2994, 73.6099, 75.6167, 77.6532, 79.8224, 81.8649, 84.0975, 86.3306, 88.6885, 90.9251, 93.4127, 96.3316, 99.3436, 102.2114, 105.0547, 107.7023, 110.3647, 112.8716, 115.3647, 117.8436, 120.5448, 123.1882, 126.0462, 130.2979, 134.6858, 138.8525, 142.5466]
growth_rate:-24.34
