ticker:TH
price:[1.3899999856948853, 1.190000057220459, 1.350000023841858, 1.2100000381469727, 1.2300000190734863, 1.2699999809265137, 1.190000057220459, 1.1699999570846558, 0.8700000047683716, 1.3849999904632568, 1.3899999856948853, 1.5199999809265137, 1.649999976158142, 1.690000057220459, 1.7899999618530273, 1.8300000429153442, 1.6100000143051147, 1.5800000429153442, 1.6399999856948853, 1.5700000524520874, 1.5800000429153442, 1.7699999809265137, 1.8200000524520874, 2.180000066757202, 1.9500000476837158, 1.6699999570846558, 1.6799999475479126, 1.8899999856948853, 1.8600000143051147, 2.3299999237060547, 2.1700000762939453, 3.125, 2.7899999618530273, 2.880000114440918, 2.7899999618530273, 2.7899999618530273, 2.7699999809265137, 2.9000000953674316, 3.8499999046325684, 3.7300000190734863, 4.130000114440918, 3.8399999141693115, 4.159999847412109, 3.740000009536743, 3.6600000858306885, 3.299999952316284, 3.559999942779541, 3.5799999237060547, 3.609999895095825, 3.4100000858306885, 3.4700000286102295, 3.930000066757202]
assets:[0, 99.99998880844117, 213.44539876958132, 291.3102921839714, 396.1253191426754, 509.00748335547445, 576.9440387420178, 667.247465525508, 596.1583682674766, 1049.056747276473, 1152.8438871355652, 1360.6638549259185, 1577.0364822124363, 1715.267755075979, 1916.7627471515655, 2059.5955082995893, 1911.9938349883794, 1976.366595681298, 2151.418401233971, 2159.5897081496714, 2273.3449837477087, 2646.7218584789753, 2821.488205314803, 3479.584870553827, 3212.472783555198, 2851.1944337305426, 2968.2674193262937, 3439.301013968468, 3484.708910800624, 4465.253560788918, 4258.626885726929, 6232.8150000000005, 5664.657171548557, 5947.388300327969, 5861.532123856735, 5961.532139489459, 6018.797228556156, 6401.268230507755, 8598.23481701517, 8430.23831810832, 9434.28563942089, 8871.829433699155, 9711.148571797181, 8830.696534517669, 8741.804797004128, 7981.954744663858, 8710.836055989312, 8859.773429187964, 9034.017156477523, 8633.518011308146, 8885.427119260548, 10163.32247563994]
shares:[0, 84.0336, 158.1077, 240.7523, 322.0531, 400.7933, 484.8269, 570.297, 685.2395, 757.4417, 829.3841, 895.1736, 955.7797, 1014.9513, 1070.8172, 1125.462, 1187.5738, 1250.8649, 1311.8405, 1375.5348, 1438.8259, 1495.3231, 1550.2682, 1596.1398, 1647.4219, 1707.3021, 1766.8259, 1819.736, 1873.4994, 1916.4179, 1962.5008, 1994.5008, 2030.3431, 2065.0653, 2100.9076, 2136.7499, 2172.851, 2207.3338, 2233.3078, 2260.1175, 2284.3306, 2310.3723, 2334.4108, 2361.1488, 2388.4712, 2418.7742, 2446.8641, 2474.7971, 2502.4979, 2531.8234, 2560.6418, 2586.0871]
growth_rate:99.28
