ticker:THCA
price:[9.949999809265137, 9.970000267028809, 10.020000457763672, 9.979999542236328, 10.01099967956543, 9.930000305175781, 9.960000038146973, 9.979999542236328, 10.010000228881836, 10.020000457763672, 9.98799991607666, 10.020000457763672, 10.300000190734863, 10.479999542236328, 10.979999542236328, 10.600000381469727, 10.979999542236328, 11.010000228881836, 10.779999732971191, 10.760000228881836, 10.899999618530273, 10.760000228881836, 11.460000038146973, 11.079999923706055, 11.0, 10.399999618530273, 10.140000343322754, 10.220000267028809, 10.119999885559082, 10.09000015258789, 10.09000015258789, 10.100000381469727, 10.0, 10.020000457763672, 10.010000228881836, 10.0, 9.989999771118164, 10.0, 10.029999732971191, 10.029999732971191, 10.050000190734863, 10.050000190734863, 10.039999961853027, 10.050000190734863, 10.039999961853027, 10.050000190734863, 10.050000190734863, 10.029999732971191, 10.039999961853027, 10.039999961853027, 10.039999961853027, 10.039999961853027]
assets:[0, 100.00009967832564, 200.50121115989685, 299.70038425331114, 400.6311972764969, 497.3897432861328, 598.8928102937699, 700.0949718879699, 802.1994163425445, 903.0004372535706, 1000.116409996605, 1103.3202864051818, 1234.1511728539467, 1355.7189407825472, 1520.4005366134643, 1567.7824564208984, 1723.9861981258393, 1828.6971800159454, 1890.4950211709977, 1986.987910266304, 2112.8406660564424, 2185.7035944932936, 2427.8961260817528, 2447.3902711479186, 2529.7195, 2491.734868603706, 2529.441337642479, 2649.3970992236136, 2723.4731172019005, 2815.399625576401, 2915.3995990886688, 3018.289163998604, 3088.405, 3194.5815559444427, 3291.393180258751, 3388.105, 3484.7167151613235, 3588.205, 3698.9696195222855, 3798.9697198599815, 3906.54461914072, 4006.54413103857, 4102.557836412335, 4206.643654836178, 4302.458251652813, 4406.743178633786, 4506.742690531635, 4597.773943593406, 4702.358478133392, 4802.358885753441, 4902.35929337349, 5002.359700993537]
shares:[0, 10.0301, 20.0101, 30.0301, 40.0191, 50.0896, 60.1298, 70.1498, 80.1398, 90.1198, 100.1318, 110.1118, 119.8205, 129.3625, 138.47, 147.904, 157.0115, 166.0942, 175.3706, 184.6643, 193.8386, 203.1323, 211.8583, 220.8836, 229.9745, 239.5899, 249.4518, 259.2365, 269.1179, 279.0287, 288.9395, 298.8405, 308.8405, 318.8205, 328.8105, 338.8105, 348.8205, 358.8205, 368.7906, 378.7607, 388.7109, 398.6611, 408.6213, 418.5715, 428.5317, 438.4819, 448.4321, 458.4022, 468.3624, 478.3226, 488.2828, 498.243]
growth_rate:-1.91
