ticker:THCAU
price:[10.050000190734863, 10.050000190734863, 10.109999656677246, 10.109999656677246, 10.050000190734863, 10.050000190734863, 10.555999755859375, 10.555999755859375, 10.100000381469727, 10.100000381469727, 11.192999839782715, 10.170000076293945, 10.170000076293945, 11.0, 13.0, 13.5, 12.010000228881836, 12.744999885559082, 11.949999809265137, 11.755000114440918, 13.319999694824219, 12.649999618530273, 12.399999618530273, 12.0, 12.949999809265137, 11.199999809265137, 11.010000228881836, 11.699999809265137, 12.0, 10.010000228881836, 10.399999618530273, 10.399999618530273, 10.399999618530273, 10.399999618530273, 10.399999618530273, 10.399999618530273, 10.220000267028809, 10.220000267028809, 10.399999618530273, 10.199999809265137, 10.380000114440918, 10.649999618530273, 10.649999618530273, 10.5600004196167, 10.510000228881836, 10.510000228881836, 10.510000228881836, 10.510000228881836, 10.380000114440918, 10.380000114440918, 10.473999977111816, 10.473999977111816]
assets:[0, 99.99951189785004, 200.59654718799592, 300.5965757921219, 398.8121475688934, 498.8116594667435, 623.9260883697509, 723.9262408569335, 792.654089937973, 892.6541937149049, 1089.2557338083266, 1089.7012701747894, 1189.7008469249724, 1386.7953, 1738.9398, 1905.822, 1795.4758182174683, 2005.3569089933396, 1980.2679283927916, 2047.9537689378737, 2420.6075805412293, 2398.84978766098, 2451.4414845846177, 2472.3624, 2768.0909492300034, 2494.0249175270083, 2551.7161880464555, 2811.6328041644097, 2983.7255999999998, 2588.924397196579, 2789.7915776710506, 2889.791734003067, 2989.7918903350833, 3089.792046667099, 3189.792202999115, 3289.7923593311307, 3332.853485081005, 3432.8531216938018, 3593.3142681980135, 3624.2119122290615, 3788.168585765076, 3986.704882201195, 4086.7051836193086, 4152.169988992405, 4232.5095181736, 4332.509017351342, 4432.508516529084, 4532.508015706825, 4576.4444784559255, 4676.444361558437, 4818.794117469788, 4918.794632251263]
shares:[0, 9.9502, 19.8414, 29.7326, 39.6828, 49.633, 59.1063, 68.5796, 78.4806, 88.3816, 97.3158, 107.1486, 116.9814, 126.0723, 133.7646, 141.172, 149.4984, 157.3446, 165.7128, 174.2198, 181.7273, 189.6324, 197.6969, 206.0302, 213.7522, 222.6808, 231.7635, 240.3105, 248.6438, 258.6338, 268.2492, 277.8646, 287.48, 297.0954, 306.7108, 316.3262, 326.1109, 335.8956, 345.511, 355.3149, 364.9488, 374.3385, 383.7282, 393.1979, 402.7126, 412.2273, 421.742, 431.2567, 440.8906, 450.5245, 460.072, 469.6195]
growth_rate:-3.55
