ticker:THFF
price:[34.7599983215332, 32.689998626708984, 32.099998474121094, 30.600000381469727, 32.709999084472656, 34.08000183105469, 33.540000915527344, 35.45000076293945, 34.720001220703125, 33.88999938964844, 36.08000183105469, 37.33000183105469, 38.459999084472656, 39.279998779296875, 37.900001525878906, 38.83000183105469, 39.099998474121094, 38.849998474121094, 40.5099983215332, 41.79999923706055, 41.189998626708984, 38.38999938964844, 41.56999969482422, 41.709999084472656, 41.959999084472656, 42.380001068115234, 45.18000030517578, 46.18000030517578, 45.529998779296875, 45.810001373291016, 45.349998474121094, 44.72999954223633, 45.130001068115234, 44.290000915527344, 44.2400016784668, 45.33000183105469, 45.689998626708984, 45.18000030517578, 45.380001068115234, 45.13999938964844, 44.599998474121094, 41.34000015258789, 42.43000030517578, 40.31999969482422, 39.95000076293945, 39.54999923706055, 39.06999969482422, 40.04999923706055, 40.79999923706055, 40.939998626708984, 40.560001373291016, 40.83000183105469]
assets:[0, 99.9987057991028, 198.19502057876585, 288.9343836019516, 408.85863355636593, 525.9839322601318, 617.6491788597107, 752.8233062019348, 837.3214374389648, 917.3040024795532, 1076.5803506362915, 1213.8783345413208, 1350.6228638488772, 1479.41830602417, 1527.4420714958192, 1664.9217545104982, 1776.4967006721497, 1865.1379217445372, 2044.831287275696, 2209.9450596637726, 2277.6957110607145, 2222.8615836593626, 2506.9910705955504, 2615.433834591675, 2731.1092044097895, 2858.446312042236, 3147.302073258972, 3316.9616459198, 3370.2762056396487, 3491.001545653153, 3555.9478003540034, 3607.331327082825, 3739.5892265068055, 3769.982593930054, 3865.7267386657713, 4060.96980803833, 4193.22246896553, 4246.418530683136, 4365.215752744674, 4442.128031936645, 4488.989846420288, 4260.872475727081, 4473.2167261734, 4350.769887069702, 4410.843629235458, 4466.6780388355255, 4512.467754753113, 4725.655604977798, 4914.151828107834, 5031.0140812397, 5084.317852146149, 5218.164060012818]
shares:[0, 3.059, 6.1743, 9.4423, 12.4995, 15.4338, 18.4153, 21.2362, 24.1164, 27.0671, 29.8387, 32.5175, 35.1176, 37.6634, 40.3019, 42.8772, 45.4347, 48.0087, 50.4772, 52.8695, 55.2973, 57.9021, 60.3077, 62.7052, 65.0884, 67.448, 69.6614, 71.8268, 74.0232, 76.2061, 78.4112, 80.6468, 82.8626, 85.1204, 87.3808, 89.5868, 91.7755, 93.9889, 96.1925, 98.4078, 100.65, 103.069, 105.4258, 107.906, 110.4091, 112.9375, 115.497, 117.9939, 120.4449, 122.8875, 125.353, 127.8022]
growth_rate:2.32
