ticker:THMAU
price:[10.350000381469727, 10.454999923706055, 10.489999771118164, 10.350000381469727, 10.119999885559082, 10.100000381469727, 10.020000457763672, 9.960000038146973, 9.989999771118164, 10.039999961853027, 10.0, 10.0, 10.0, 10.015000343322754, 10.0, 9.970000267028809, 9.989999771118164, 10.0, 10.0, 10.0, 10.3100004196167, 10.300000190734863, 10.350000381469727, 10.319999694824219, 10.329999923706055, 10.25, 10.199999809265137, 10.199999809265137, 10.199999809265137, 10.199999809265137, 10.199999809265137, 10.199999809265137]
assets:[0, 99.99998327026367, 200.33486862888336, 297.66083597087857, 391.04590357789994, 490.2732085172653, 586.3894647891999, 682.8785186154365, 784.9352610162736, 888.8642886227608, 985.3230000000001, 1085.323, 1185.323, 1287.1008036229134, 1385.173, 1481.0176176664354, 1583.9883897090913, 1685.574, 1785.574, 1885.574, 2044.026660191822, 2142.043659666252, 2252.4416030181883, 2345.9124026283266, 2448.185189918518, 2529.225425, 2616.887471065521, 2716.8872491955754, 2816.88702732563, 2916.886805455684, 3016.8865835857387, 3116.8863617157936]
shares:[0, 9.5648, 19.0977, 28.7595, 38.6409, 48.5419, 58.5219, 68.5621, 78.5721, 88.5323, 98.5323, 108.5323, 118.5323, 128.5173, 138.5173, 148.5474, 158.5574, 168.5574, 178.5574, 188.5574, 198.2567, 207.9654, 217.6272, 227.3171, 236.9976, 246.7537, 256.5576, 266.3615, 276.1654, 285.9693, 295.7732, 305.5771]
growth_rate:0.54
