ticker:THMA
price:[10.050000190734863, 9.989999771118164, 9.890000343322754, 9.829999923706055, 9.8100004196167, 9.739999771118164, 9.779999732971191, 9.800000190734863, 9.720000267028809, 9.699999809265137, 9.75, 9.75, 9.880000114440918, 9.869999885559082, 9.869999885559082, 9.859999656677246, 9.880000114440918, 9.850000381469727, 9.869999885559082, 9.859999656677246, 9.869999885559082, 9.880000114440918, 9.890000343322754, 9.880000114440918]
assets:[0, 99.99989770889282, 198.99867490806582, 297.79100068874357, 397.185334989357, 494.3507663831711, 596.3804717166901, 697.6002735772133, 791.9059177553177, 890.2766524941444, 994.8656249999999, 1094.865525, 1209.4641660093307, 1308.2398618311881, 1408.2397396717072, 1506.813035533142, 1609.8699426472663, 1704.98187603035, 1808.443560031414, 1906.6113716122627, 2008.5449767112732, 2110.5804444470405, 2212.716479812527, 2310.479522762489]
shares:[0, 10.01, 20.1212, 30.2941, 40.4878, 50.7547, 60.9796, 71.1837, 81.4718, 91.7811, 102.0375, 112.2939, 122.4154, 132.5471, 142.6788, 152.8208, 162.9423, 173.0946, 183.2263, 193.3683, 203.5, 213.6215, 223.7327, 233.8542]
growth_rate:0.46
