ticker:THMO
price:[3.690000057220459, 3.5899999141693115, 3.6500000953674316, 3.0799999237060547, 2.809999942779541, 2.549999952316284, 2.7699999809265137, 2.3299999237060547, 2.119999885559082, 2.240000009536743, 2.1700000762939453, 2.640000104904175, 2.5999999046325684, 2.25, 2.2899999618530273, 2.109999895095825, 2.109999895095825, 2.0899999141693115, 2.4700000286102295, 2.319999933242798, 2.6500000953674316, 3.4100000858306885, 3.2699999809265137, 3.859999895095825, 3.5299999713897705, 2.8499999046325684, 2.450000047683716, 3.069999933242798, 2.680000066757202, 2.609999895095825, 2.7200000286102295, 2.740000009536743, 2.440000057220459, 2.549999952316284, 2.809999942779541, 2.369999885559082, 2.1500000953674316, 2.4000000953674316, 2.740000009536743, 2.75, 2.940000057220459, 2.7799999713897705, 2.569999933242798, 2.640000104904175, 2.630000114440918, 2.319999933242798, 2.380000114440918, 2.309999942779541, 2.3299999237060547, 2.140000104904175, 2.240000009536743, 2.3499999046325684]
assets:[0, 100.000165609169, 201.671630269289, 270.1775933074951, 346.4932249443054, 414.4333872503042, 550.1884762115478, 562.7940065717697, 612.0700429594995, 746.715651179123, 823.3807059488297, 1101.716659778285, 1185.0237965335846, 1125.5013, 1245.5101402522087, 1247.6098109718084, 1347.6098800000427, 1434.8363550751208, 1795.7157087999344, 1786.6639645893572, 2140.8015170425415, 2854.7671628553153, 2837.5624304488656, 3449.5383142510414, 3254.6296156216144, 2727.6753437258244, 2444.843777583361, 3163.5388402087924, 2861.656099282145, 2886.9112269658804, 3108.5819526975156, 3231.439287247229, 2977.632109828472, 3211.8695249396565, 3639.3542848912716, 3169.4909069538116, 2975.2767719741823, 3421.2392559478285, 4005.9148119428396, 4120.534825, 4505.226393684053, 4360.043813128829, 4130.687904703045, 4343.197228583145, 4426.745708623886, 4004.9615967586037, 4208.53849436512, 4184.757550340366, 4320.989285512734, 4068.634325447059, 4358.757330557299, 4672.803260368823]
shares:[0, 27.8552, 55.2525, 87.72, 123.3072, 162.5229, 198.624, 241.5425, 288.7123, 333.3552, 379.4381, 417.3169, 455.7784, 500.2228, 543.8909, 591.2843, 638.6777, 686.5246, 727.0104, 770.1138, 807.8496, 837.1751, 867.7561, 893.6628, 921.9914, 957.0791, 997.8954, 1030.4687, 1067.7821, 1106.0963, 1142.861, 1179.3574, 1220.341, 1259.5567, 1295.1439, 1337.338, 1383.8496, 1425.5163, 1462.0127, 1498.3763, 1532.3899, 1568.3611, 1607.2716, 1645.1504, 1683.1732, 1726.2766, 1768.2934, 1811.5834, 1854.5019, 1901.2309, 1945.8738, 1988.427]
growth_rate:-8.38
