ticker:THRM
price:[45.209999084472656, 43.18000030517578, 42.459999084472656, 39.540000915527344, 42.970001220703125, 46.84000015258789, 46.2599983215332, 47.0, 46.290000915527344, 48.970001220703125, 52.0, 52.529998779296875, 56.97999954223633, 61.290000915527344, 62.970001220703125, 65.13999938964844, 66.01000213623047, 65.22000122070312, 69.45999908447266, 68.19999694824219, 68.36000061035156, 61.2599983215332, 67.45999908447266, 69.7699966430664, 72.80000305175781, 70.79000091552734, 75.0, 79.48999786376953, 77.18000030517578, 69.8499984741211, 77.19999694824219, 76.30000305175781, 77.12999725341797, 76.4800033569336, 71.19999694824219, 73.3499984741211, 72.6500015258789, 70.63999938964844, 72.52999877929688, 74.05000305175781, 72.73999786376953, 67.97000122070312, 72.33999633789062, 71.37000274658203, 69.58000183105469, 68.62000274658203, 72.0, 82.93000030517578, 84.04000091552734, 85.0, 84.1500015258789, 87.9800033569336]
assets:[0, 100.0005627067566, 198.33490172348021, 284.69591459197994, 409.39238963012696, 546.2621337795258, 639.498216796875, 749.7299, 838.4044965820311, 986.9463016021729, 1148.0144, 1259.7166477264404, 1466.43157021904, 1677.3541000556945, 1823.3341673461914, 1986.1706933898927, 2112.696325371551, 2187.413620941162, 2429.6204699760438, 2485.5488887786864, 2591.377231137085, 2422.232585633087, 2767.3845584426876, 2962.148000478363, 3190.7877337570194, 3202.6883004203796, 3493.155, 3802.276863816833, 3791.7839529930116, 3531.6648178504943, 4003.283041748047, 4056.611742251587, 4200.738753412628, 4265.335675218201, 4070.866945515442, 4293.791550677491, 4352.817576422883, 4332.386482566833, 4548.298199450684, 4743.613575494385, 4759.6981162170405, 4547.573713671875, 4939.953669921875, 4973.71125840683, 4948.968084236145, 4980.686831356812, 5326.0199999999995, 6234.536441942596, 6417.983597917176, 6591.2995, 6625.390485137176, 7026.9364741172785]
shares:[0, 2.3159, 4.6711, 7.2002, 9.5274, 11.6623, 13.824, 15.9517, 18.112, 20.1541, 22.0772, 23.9809, 25.7359, 27.3675, 28.9556, 30.4908, 32.0057, 33.539, 34.9787, 36.445, 37.9078, 39.5402, 41.0226, 42.4559, 43.8295, 45.2421, 46.5754, 47.8334, 49.1291, 50.5607, 51.856, 53.1666, 54.4631, 55.7706, 57.1751, 58.5384, 59.9149, 61.3305, 62.7092, 64.0596, 65.4344, 66.9056, 68.288, 69.6891, 71.1263, 72.5836, 73.9725, 75.1783, 76.3682, 77.5447, 78.7331, 79.8697]
growth_rate:37.78
