ticker:THRY
price:[5.864999771118164, 5.864999771118164, 5.864999771118164, 5.864999771118164, 14.390000343322754, 11.1899995803833, 10.760000228881836, 10.329999923706055, 8.550000190734863, 10.135000228881836, 10.25, 9.619999885559082, 9.619999885559082, 10.5, 10.345000267028809, 11.0, 11.5, 13.5, 13.550000190734863, 18.690000534057617, 19.100000381469727, 18.81999969482422, 19.979999542236328, 24.100000381469727, 21.270000457763672, 21.649999618530273, 17.469999313354492, 20.0, 20.5, 24.6299991607666, 24.229999542236328, 23.5, 26.219999313354492, 27.290000915527344, 27.790000915527344, 27.079999923706055, 26.5, 24.5, 29.0, 27.290000915527344, 30.309999465942383, 31.90999984741211, 35.06999969482422, 33.2400016784668, 33.540000915527344, 29.899999618530273, 33.400001525878906, 33.220001220703125, 33.5099983215332, 32.810001373291016, 31.25, 30.18000030517578]
assets:[0, 100.00000559749603, 200.00001119499206, 300.0000167924881, 836.0618979471207, 750.1417638702393, 821.316197470665, 888.4936234378814, 835.3940136361123, 1090.259474121666, 1202.63045, 1228.7125613830567, 1328.7124601934433, 1550.2577999999999, 1627.3730265063286, 1830.411, 2013.61205, 2463.80535, 2572.930946217537, 3648.936647266579, 3828.9828064733506, 3872.851053199768, 4211.5601275085455, 5180.010701992416, 4671.736519543076, 4855.198604452134, 4017.797611083412, 4699.6539999999995, 4917.1443500000005, 6007.769099293519, 6010.200503452683, 5929.1252, 6715.390186138344, 7089.434643836976, 7319.324883131409, 7232.325987623978, 7177.424300000001, 6735.7311, 8072.9069, 7696.882774215697, 8648.643123612213, 9205.186149982454, 10216.760647094727, 9783.636062028503, 9971.935310199739, 8989.709965307617, 10142.017343338013, 10187.358522344972, 10376.290556266786, 10259.53978442192, 9871.734375, 9633.727717414857]
shares:[0, 17.0503, 34.1006, 51.1509, 58.1002, 67.0368, 76.3305, 86.011, 97.7069, 107.5737, 117.3298, 127.7248, 138.1198, 147.6436, 157.3101, 166.401, 175.0967, 182.5041, 189.8842, 195.2347, 200.4703, 205.7838, 210.7888, 214.9382, 219.6397, 224.2586, 229.9827, 234.9827, 239.8607, 243.9208, 248.0479, 252.3032, 256.1171, 259.7814, 263.3798, 267.0726, 270.8462, 274.9278, 278.3761, 282.0404, 285.3396, 288.4734, 291.3248, 294.3332, 297.3147, 300.6592, 303.6532, 306.6634, 309.6476, 312.6955, 315.8955, 319.209]
growth_rate:88.9
