ticker:THTX
price:[2.450000047683716, 2.450000047683716, 2.609999895095825, 2.2200000286102295, 2.2300000190734863, 2.2899999618530273, 2.2699999809265137, 2.049999952316284, 1.909999966621399, 2.069999933242798, 2.2300000190734863, 2.309999942779541, 2.3399999141693115, 2.2799999713897705, 2.2799999713897705, 2.190000057220459, 2.299999952316284, 2.5, 3.0, 2.5399999618530273, 2.2899999618530273, 2.200000047683716, 2.549999952316284, 2.759999990463257, 2.950000047683716, 3.2100000381469727, 3.140000104904175, 3.009999990463257, 3.490000009536743, 3.609999895095825, 3.890000104904175, 3.819999933242798, 3.5999999046325684, 3.430000066757202, 3.549999952316284, 3.509999990463257, 3.509999990463257, 3.759999990463257, 3.5199999809265137, 3.549999952316284, 3.5399999618530273, 3.7100000381469727, 3.890000104904175, 3.890000104904175, 3.819999933242798, 3.5799999237060547, 3.5, 3.4600000381469727, 3.609999895095825, 3.5, 3.369999885559082, 3.5999999046325684]
assets:[0, 99.99993694627284, 206.5305966988802, 275.66961355268955, 376.91125822377205, 487.05230588665006, 582.7986601030827, 626.3159854316712, 683.5431480545997, 840.8033368842125, 1005.7928946026802, 1141.8750137148857, 1256.7044419043539, 1324.4811673799513, 1424.4810541251181, 1468.2515933625698, 1641.999405957985, 1884.782, 2361.7383, 2099.6051164670944, 1992.9510138012886, 2014.6254036658286, 2435.133929464221, 2735.6744545473102, 3023.999913879848, 3390.5217732922556, 3416.585130144596, 3375.1340593063833, 4013.361457966876, 4251.356447458435, 4681.101646238327, 4696.86563791895, 4526.365560092258, 4412.620654881692, 4666.997852312732, 4714.4119101908445, 4814.411809919143, 5257.318466665506, 5021.744964789153, 5164.543835629677, 5249.995881426144, 5602.114526602078, 5973.915173102475, 6073.915016799236, 6064.615468016554, 5783.592622744942, 5754.350350000001, 5788.586291819954, 6139.536207589197, 6052.459, 5927.653210704422, 6432.211269604588]
shares:[0, 40.8163, 79.1305, 124.1755, 169.0185, 212.6866, 256.7395, 305.52, 357.876, 406.1852, 451.0282, 494.3182, 537.0532, 580.9128, 624.7724, 670.4345, 713.9128, 753.9128, 787.2461, 826.6162, 870.2843, 915.7388, 954.9545, 991.1864, 1025.0847, 1056.2373, 1088.0844, 1121.307, 1149.9603, 1177.6611, 1203.368, 1229.546, 1257.3238, 1286.4783, 1314.6473, 1343.1373, 1371.6273, 1398.223, 1426.6321, 1454.8011, 1483.0497, 1510.0039, 1535.7108, 1561.4177, 1587.5957, 1615.5287, 1644.1001, 1673.0018, 1700.7026, 1729.274, 1758.9476, 1786.7254]
growth_rate:26.12
