ticker:TIG
price:[13.5, 15.119999885559082, 12.149999618530273, 12.260000228881836, 15.050000190734863, 14.680000305175781, 13.699999809265137, 13.380000114440918, 10.850000381469727, 10.109999656677246, 13.09000015258789, 13.989999771118164, 14.640000343322754, 14.420000076293945, 13.649999618530273, 13.59000015258789, 13.289999961853027, 13.100000381469727, 13.420000076293945, 14.350000381469727, 15.5, 14.890000343322754, 15.5600004196167, 16.799999237060547, 17.0, 16.920000076293945, 16.709999084472656, 17.049999237060547, 16.81999969482422, 17.5, 16.559999465942383, 16.110000610351562, 17.0, 17.440000534057617, 17.489999771118164, 17.709999084472656, 16.399999618530273, 16.149999618530273, 16.799999237060547, 16.139999389648438, 15.029999732971191, 15.229999542236328, 15.319999694824219, 14.65999984741211, 14.350000381469727, 14.460000038146973, 13.989999771118164, 13.489999771118164, 13.979999542236328, 9.029999732971191, 9.920000076293945, 10.399999618530273]
assets:[0, 100.00065524311066, 180.35823933734895, 281.9910392644882, 446.1632756544113, 535.1946431259155, 599.4667816540718, 685.4640958628654, 655.8510580587387, 711.1201888512612, 1020.7281048984528, 1190.9085235162734, 1346.24026357069, 1426.0096695447921, 1449.863374481392, 1543.491062330246, 1609.4189953804016, 1686.4102091079712, 1827.6053943901063, 2054.2570846088406, 2318.8837, 2327.6242106686595, 2532.3589482917782, 2834.1665912918093, 2967.9076, 3053.941573770523, 3116.037183274841, 3279.439478254318, 3335.200735487366, 3570.03675, 3478.273879826164, 3483.7554119873043, 3776.2168, 3973.9535136926647, 4085.347377537346, 4236.734744979858, 4023.3463064155576, 4062.015604053497, 4325.502523565674, 4255.572307070923, 4062.903515816879, 4216.967561251831, 4341.887073509217, 4254.8347937137605, 4264.861728373909, 4397.5535216011995, 4354.618263756752, 4298.985033060074, 4555.1382008457185, 3042.2674110362054, 3442.11404247303, 3708.667943966866]
shares:[0, 6.6138, 14.8443, 23.0009, 29.6454, 36.4574, 43.7567, 51.2305, 60.4471, 70.3383, 77.9777, 85.1257, 91.9563, 98.8911, 106.2171, 113.5755, 121.1, 128.7336, 136.1852, 143.1538, 149.6054, 156.3213, 162.748, 168.7004, 174.5828, 180.493, 186.4774, 192.3425, 198.2878, 204.0021, 210.0407, 216.248, 222.1304, 227.8643, 233.5819, 239.2284, 245.326, 251.518, 257.4704, 263.6662, 270.3196, 276.8856, 283.413, 290.2343, 297.2029, 304.1185, 311.2665, 318.6794, 325.8325, 336.9067, 346.9873, 356.6027]
growth_rate:-27.28
