ticker:TIGO
price:[28.969999313354492, 32.16999816894531, 31.8799991607666, 28.31999969482422, 29.649999618530273, 31.489999771118164, 30.75, 32.880001068115234, 29.84000015258789, 30.15999984741211, 36.4900016784668, 36.529998779296875, 39.7599983215332, 40.11000061035156, 38.790000915527344, 40.84000015258789, 38.61000061035156, 38.779998779296875, 38.810001373291016, 38.52000045776367, 39.95000076293945, 37.029998779296875, 36.97999954223633, 38.060001373291016, 37.08000183105469, 37.439998626708984, 39.09000015258789, 40.52000045776367, 38.849998474121094, 38.880001068115234, 38.5099983215332, 39.91999816894531, 38.869998931884766, 37.0099983215332, 39.220001220703125, 43.529998779296875, 45.380001068115234, 44.810001373291016, 44.70000076293945, 43.650001525878906, 43.220001220703125, 39.81999969482422, 40.189998626708984, 40.79999923706055, 40.290000915527344, 41.130001068115234, 41.11000061035156, 39.880001068115234, 39.04999923706055, 38.689998626708984, 37.0, 37.72999954223633]
assets:[0, 100.00043930816649, 199.10015875873566, 276.8676450164795, 389.87080998401643, 514.0647992635727, 601.983525, 743.6831521587371, 774.9239159626007, 883.2325795314789, 1168.6068997535704, 1269.8886945648194, 1482.1732174301146, 1595.2188452743528, 1642.7216277717591, 1829.5380748355865, 1829.6391259231568, 1937.6930530059813, 2039.1939021568298, 2123.958157240677, 2302.8059339775086, 2234.4901073394776, 2331.4743331394197, 2499.563948189926, 2535.2042211914063, 2659.8161264385226, 2877.0357382305147, 3082.283498821259, 3055.249350001526, 3157.6081827461244, 3227.5576183261874, 3445.7305699508665, 3455.099787056732, 3389.767952268219, 3692.182680917358, 4197.928610278321, 4476.337761360169, 4520.11030652771, 4609.0126086666105, 4600.749445829009, 4655.425143487549, 4389.195304361725, 4529.979524210739, 4698.735992136001, 4740.001766709137, 4938.8247202575685, 5036.4231737747195, 4985.733925534058, 4981.967662664795, 5036.037243247223, 4916.0605000000005, 5113.052574965286]
shares:[0, 3.1085, 6.2453, 9.7764, 13.1491, 16.3247, 19.5767, 22.6181, 25.9693, 29.2849, 32.0254, 34.7629, 37.278, 39.7711, 42.3491, 44.7977, 47.3877, 49.9663, 52.543, 55.1391, 57.6422, 60.3427, 63.0469, 65.6743, 68.3712, 71.0421, 73.6003, 76.0682, 78.6422, 81.2142, 83.8109, 86.3159, 88.8886, 91.5906, 94.1403, 96.4376, 98.6412, 100.8728, 103.1099, 105.4009, 107.7146, 110.2259, 112.7141, 115.1651, 117.6471, 120.0784, 122.5109, 125.0184, 127.5792, 130.1638, 132.8665, 135.5169]
growth_rate:0.26
