ticker:TIGR
price:[4.940000057220459, 4.690000057220459, 4.929999828338623, 4.71999979019165, 4.690000057220459, 5.230000019073486, 4.739999771118164, 5.059999942779541, 4.550000190734863, 4.96999979019165, 5.380000114440918, 7.150000095367432, 6.239999771118164, 5.510000228881836, 5.349999904632568, 6.110000133514404, 6.789999961853027, 7.940000057220459, 10.75, 13.90999984741211, 17.760000228881836, 15.779999732971191, 26.149999618530273, 29.969999313354492, 34.97999954223633, 23.850000381469727, 19.299999237060547, 23.739999771118164, 20.760000228881836, 14.470000267028809, 17.579999923706055, 19.959999084472656, 19.170000076293945, 20.93000030517578, 21.360000610351562, 17.059999465942383, 16.790000915527344, 17.389999389648438, 22.790000915527344, 26.700000762939453, 28.559999465942383, 25.040000915527344, 27.079999923706055, 25.56999969482422, 20.510000228881836, 17.920000076293945, 16.8799991607666, 15.949999809265137, 17.239999771118164, 16.06999969482422, 13.270000457763672, 12.90999984741211]
assets:[0, 100.00018122005463, 205.11757285785677, 296.3801148256302, 394.4965408130646, 539.9185289690495, 589.3331775426865, 729.1191737548351, 755.6308166758537, 925.3811589350701, 1101.7207274353027, 1564.1826408632278, 1465.1045222602843, 1393.7060698936464, 1453.2354540950773, 1759.676372452068, 2055.5156394518854, 2503.651934042835, 3489.7047749999997, 4615.515997369384, 5992.994861234665, 5424.856198200703, 9089.86015739937, 10517.710520027733, 12375.927336043167, 8538.133186563491, 7009.263712919998, 8721.75779991188, 7726.946821190643, 5485.785469234466, 6764.8314366418845, 7780.661135115814, 7572.709794138336, 8367.960632011414, 8639.87674288025, 7000.575898849296, 6989.7814791397095, 7339.564016397095, 9718.6705454216, 11486.06798820877, 12386.220440383911, 10959.627792712403, 11952.505374325561, 11386.024252108766, 9232.865794034386, 8166.941474770546, 7792.967268552208, 7463.615795747853, 8167.256803569794, 7712.982765527343, 6469.0907211586, 6393.590927431869]
shares:[0, 21.322, 41.606, 62.7924, 84.1144, 103.2349, 124.3319, 144.0947, 166.0727, 186.1934, 204.7808, 218.7668, 234.7924, 252.9412, 271.6328, 287.9994, 302.7269, 315.3214, 324.6237, 331.8128, 337.4434, 343.7805, 347.6046, 350.9413, 353.8001, 357.993, 363.1743, 367.3866, 372.2036, 379.1144, 384.8027, 389.8127, 395.0292, 399.807, 404.4886, 410.3503, 416.3062, 422.0566, 426.4445, 430.1898, 433.6912, 437.6848, 441.3776, 445.2884, 450.1641, 455.7445, 461.6687, 467.9383, 473.7388, 479.9616, 487.4974, 495.2433]
growth_rate:25.36
