ticker:TIL
price:[26.440000534057617, 27.059999465942383, 23.690000534057617, 22.030000686645508, 19.0, 16.639999389648438, 20.530000686645508, 18.950000762939453, 18.0, 18.40999984741211, 17.799999237060547, 15.5600004196167, 17.0, 18.020000457763672, 19.0, 20.079999923706055, 19.979999542236328, 18.899999618530273, 19.420000076293945, 15.050000190734863, 17.110000610351562, 16.530000686645508, 16.709999084472656, 19.989999771118164, 18.850000381469727]
assets:[0, 100.00022802639008, 187.54662722797394, 274.4056885528564, 336.6648, 394.84721751708986, 587.1518606378555, 641.963490845871, 709.7814, 825.9480741542816, 898.5813414852142, 885.5009518798828, 1067.4504000000002, 1231.497643283844, 1398.4722000000002, 1577.9647060045243, 1670.106183736038, 1679.830076095009, 1826.0470711738587, 1515.1392042019843, 1822.5264670135498, 1860.7458112941742, 1981.0071534622193, 2469.8584247205736, 2429.0053941560745]
shares:[0, 3.6955, 7.9167, 12.456, 17.7192, 23.7288, 28.5997, 33.8767, 39.4323, 44.8641, 50.4821, 56.9088, 62.7912, 68.3406, 73.6038, 78.5839, 83.5889, 88.8799, 94.0292, 100.6737, 106.5182, 112.5678, 118.5522, 123.5547, 128.8597]
growth_rate:1.21
