ticker:TILE
price:[7.010000228881836, 6.809999942779541, 6.940000057220459, 6.190000057220459, 6.599999904632568, 6.900000095367432, 6.929999828338623, 6.489999771118164, 6.130000114440918, 6.730000019073486, 8.050000190734863, 8.699999809265137, 9.100000381469727, 9.359999656677246, 8.819999694824219, 9.630000114440918, 9.760000228881836, 10.5, 10.600000381469727, 10.920000076293945, 11.029999732971191, 10.039999961853027, 11.270000457763672, 11.300000190734863, 11.65999984741211, 12.420000076293945, 12.829999923706055, 14.109999656677246, 13.100000381469727, 12.729999542236328, 12.710000038146973, 12.65999984741211, 12.779999732971191, 12.579999923706055, 12.84000015258789, 13.9399995803833, 14.930000305175781, 15.279999732971191, 16.34000015258789, 16.639999389648438, 16.389999389648438, 14.729999542236328, 15.5, 15.520000457763672, 15.15999984741211, 14.289999961853027, 14.069999694824219, 14.420000076293945, 14.359999656677246, 13.479999542236328, 13.300000190734863, 14.609999656677246]
assets:[0, 100.00008215975761, 201.9088916647434, 280.08883658914567, 398.6406542397976, 516.7610171423435, 619.007681666708, 679.7054640289307, 742.0021858524323, 914.6285385921478, 1194.0211082908631, 1390.4330995167732, 1554.3610551584243, 1698.7716096894264, 1700.765833152771, 1956.9585472560882, 2083.376480857277, 2341.33725, 2463.6361886606214, 2638.009938430786, 2764.5833990713118, 2616.4480860588073, 3036.9890083560945, 3145.0736830863, 3345.2702802223207, 3663.3150405031206, 3884.245269902229, 4371.7618666268345, 4158.829611104393, 4141.366733078766, 4234.860164710235, 4318.200613953782, 4459.1310508296965, 4489.347834773445, 4682.133019641495, 5183.2501019757265, 5651.357463516235, 5883.840465175725, 6392.013613690568, 6609.369485569763, 6610.070363845824, 6040.594579276657, 6456.362249999999, 6564.69324962616, 6512.419090451431, 6238.685313345909, 6242.637965598297, 6497.927456379509, 6570.890286901378, 6268.217311139298, 6284.517420126057, 7003.5181024231915]
shares:[0, 14.6843, 29.0935, 45.2486, 60.4001, 74.8929, 89.3229, 104.7312, 121.0444, 135.9032, 148.3256, 159.8199, 170.8089, 181.4927, 192.8306, 203.2148, 213.4607, 222.9845, 232.4185, 241.576, 250.6422, 260.6024, 269.4755, 278.3251, 286.9014, 294.9529, 302.7471, 309.8343, 317.4679, 325.3234, 333.1912, 341.0901, 348.9148, 356.8639, 364.6521, 371.8257, 378.5236, 385.0681, 391.1881, 397.1977, 403.299, 410.0879, 416.5395, 422.9828, 429.5791, 436.577, 443.6843, 450.6191, 457.5829, 465.0013, 472.5201, 479.3647]
growth_rate:37.32
