ticker:TIOAU
price:[10.0, 10.0, 10.001999855041504, 9.989999771118164, 9.989999771118164, 10.010000228881836, 9.979999542236328, 9.970000267028809, 9.960000038146973, 10.039999961853027, 9.949999809265137, 9.989999771118164, 10.039999961853027, 10.454999923706055, 10.100000381469727, 10.079999923706055, 10.050000190734863, 10.0, 10.032999992370605, 9.899999618530273, 9.819999694824219, 9.819999694824219, 9.859999656677246]
assets:[0, 100.0, 200.01999310112, 299.77991313171384, 399.7798108406067, 500.5800914459229, 599.0794125213623, 698.479275707531, 797.7790710555076, 904.1873365645408, 996.0825409057618, 1100.0867867958068, 1205.5931554193496, 1355.425919108963, 1409.4025332321169, 1506.611220596695, 1602.1268104061128, 1694.1560000000002, 1799.7466277314186, 1875.8885577177048, 1960.7298790664672, 2060.729881958771, 2169.1240024716376]
shares:[0, 10.0, 19.998, 30.008, 40.018, 50.008, 60.028, 70.0581, 80.0983, 90.0585, 100.1088, 110.1188, 120.079, 129.6438, 139.5448, 149.4654, 159.4156, 169.4156, 179.3827, 189.4837, 199.667, 209.8503, 219.9923]
growth_rate:-1.4
