ticker:TIPT
price:[5.389999866485596, 5.010000228881836, 5.039999961853027, 4.809999942779541, 4.909999847412109, 5.179999828338623, 5.239999771118164, 5.25, 4.869999885559082, 4.96999979019165, 5.28000020980835, 5.25, 5.269999980926514, 5.300000190734863, 5.300000190734863, 5.199999809265137, 5.0, 5.019999980926514, 5.0, 4.980000019073486, 5.059999942779541, 4.869999885559082, 5.159999847412109, 5.21999979019165, 5.210000038146973, 5.010000228881836, 5.300000190734863, 5.809999942779541, 8.34000015258789, 8.869999885559082, 9.489999771118164, 10.039999961853027, 10.100000381469727, 14.899999618530273, 10.010000228881836, 11.020000457763672, 11.149999618530273, 10.930000305175781, 10.770000457763672, 10.109999656677246, 10.510000228881836, 9.640000343322754, 9.6899995803833, 9.319999694824219, 8.760000228881836, 9.390000343322754, 9.470000267028809, 9.609999656677246, 10.34000015258789, 10.369999885559082, 10.149999618530273, 10.260000228881836]
assets:[0, 100.00010556850434, 200.5990544816971, 291.4446305329323, 397.5037676467895, 519.3623227887153, 625.3782526836395, 726.57165, 773.9817768120766, 889.874486433983, 1045.3798495396613, 1139.4400500000002, 1243.780600498438, 1350.8608686143875, 1450.8607422131538, 1523.486064118862, 1564.8905, 1671.1499616504668, 1764.492, 1857.433933114004, 1987.271967527151, 2012.6511507043838, 2232.500765982056, 2358.460111206007, 2453.9423199674607, 2459.741275373268, 2702.1213572431566, 3062.1366488421913, 4495.562824250412, 4881.252298021984, 5322.444544632149, 5730.911294225407, 5865.160111522865, 8752.562245916939, 5980.077239736366, 6683.461671626663, 6862.304060223198, 6826.904422613526, 6826.96866517067, 6508.602435976123, 6866.113783526993, 6397.748179851913, 6530.930840183926, 6381.555707041169, 6098.114727331925, 6636.677588654136, 6793.220408550739, 6993.64745914793, 7624.9032665210725, 7747.025595505618, 7682.671736260414, 7865.9328014745715]
shares:[0, 19.9601, 39.8014, 60.5914, 80.958, 100.263, 119.347, 138.3946, 158.9285, 179.0492, 197.9886, 217.0362, 236.0115, 254.8794, 273.7473, 292.9781, 312.9781, 332.8984, 352.8984, 372.9787, 392.7415, 413.2754, 432.6552, 451.8123, 471.0062, 490.9663, 509.8342, 527.0459, 539.0363, 550.3103, 560.8477, 570.8079, 580.7089, 587.4203, 597.4103, 606.4847, 615.4533, 624.6024, 633.8875, 643.7787, 653.2934, 663.6668, 673.9867, 684.7163, 696.1318, 706.7814, 717.3411, 727.7469, 737.4181, 747.0613, 756.9135, 766.6601]
growth_rate:54.23
