ticker:TIRX
price:[12.6899995803833, 19.729999542236328, 25.290000915527344, 49.290000915527344, 66.08999633789062, 58.060001373291016, 65.06999969482422, 84.43000030517578, 86.5999984741211, 91.31999969482422, 87.68000030517578, 16.200000762939453, 11.600000381469727, 14.5, 12.520000457763672, 10.470000267028809, 10.149999618530273, 9.979999542236328, 7.510000228881836, 7.119999885559082, 6.489999771118164, 6.650000095367432, 6.159999847412109, 5.650000095367432, 4.889999866485596, 4.010000228881836, 4.21999979019165, 4.820000171661377, 5.199999809265137, 4.15500020980835, 4.519999980926514, 4.670000076293945]
assets:[0, 99.99952967987059, 228.17903326034548, 544.7185871177674, 830.3811499877929, 829.4916276199341, 1029.6416471710206, 1435.9854451904296, 1572.8897922859194, 1758.6222901229858, 1788.522950225067, 430.45184027214054, 408.2248934246063, 610.2818, 626.9465349227905, 624.2915649220466, 705.2108084959029, 793.3989856082917, 697.0369162435532, 760.8389157709121, 793.5173450151444, 913.0802580944537, 945.8008325717925, 967.4958463305474, 937.3547834068775, 868.6695075817108, 1014.1608995783329, 1258.3545528155325, 1457.5609865369797, 1264.6474418588637, 1475.7415737726687, 1624.71544254303]
shares:[0, 5.0684, 9.0225, 11.0513, 12.5644, 14.2868, 15.8236, 17.008, 18.1627, 19.2578, 20.3983, 26.5711, 35.1918, 42.0884, 50.0756, 59.6267, 69.4789, 79.4989, 92.8145, 106.8594, 122.2677, 137.3053, 153.5391, 171.2382, 191.6881, 216.6258, 240.3225, 261.0694, 280.3002, 304.3676, 326.4915, 347.9048]
growth_rate:-47.59
