ticker:TITN
price:[13.640000343322754, 12.739999771118164, 13.869999885559082, 12.65999984741211, 14.3100004196167, 15.220000267028809, 14.970000267028809, 16.06999969482422, 14.989999771118164, 15.470000267028809, 16.59000015258789, 18.329999923706055, 18.809999465942383, 19.329999923706055, 18.969999313354492, 19.110000610351562, 18.950000762939453, 19.549999237060547, 21.0, 22.280000686645508, 22.479999542236328, 21.299999237060547, 23.950000762939453, 24.229999542236328, 24.299999237060547, 24.5, 25.469999313354492, 28.25, 26.299999237060547, 25.81999969482422, 26.450000762939453, 26.59000015258789, 26.25, 25.700000762939453, 26.110000610351562, 26.25, 26.049999237060547, 24.920000076293945, 30.68000030517578, 32.81999969482422, 31.969999313354492, 29.969999313354492, 31.799999237060547, 30.700000762939453, 29.309999465942383, 27.770000457763672, 28.780000686645508, 28.530000686645508, 28.3700008392334, 28.950000762939453, 27.3700008392334, 29.3799991607666]
assets:[0, 100.0000802034378, 208.86971527662277, 290.6482764968872, 428.52870356588363, 555.7796177509307, 646.6501195346832, 794.166528918457, 840.7935841619492, 967.7165847038269, 1137.777049464798, 1357.1092023513793, 1492.6468166204452, 1633.9107695510863, 1703.4812773401259, 1816.0539340026855, 1900.8480465293883, 2061.0332545681, 2313.8976, 2554.9345707403186, 2677.8692494701386, 2637.304135535049, 3065.420472650528, 3201.2578475204464, 3310.5055360610963, 3437.7517999999995, 3673.858922956467, 4174.8528, 3986.677494350052, 4013.9177665580746, 4211.855801489258, 4334.148752871704, 4378.728375, 4386.984990233613, 4556.973184524536, 4681.4066250000005, 4745.73936600914, 4639.877242205238, 5812.338329815674, 6317.761327254486, 6254.137509674835, 5962.888006383706, 6426.9897258049, 6304.671886680221, 6119.215655501747, 5897.701056218338, 6212.200562213326, 6258.238242620087, 6323.142668049431, 6552.412897680282, 6294.801860014534, 6857.080268128967]
shares:[0, 7.8493, 15.0591, 22.958, 29.9461, 36.5164, 43.1964, 49.4192, 56.0903, 62.5544, 68.5821, 74.0376, 79.3539, 84.5272, 89.7987, 95.0316, 100.3086, 105.4237, 110.1856, 114.6739, 119.1223, 123.8171, 127.9925, 132.1196, 136.2348, 140.3164, 144.2426, 147.7824, 151.5847, 155.4577, 159.2384, 162.9992, 166.8087, 170.6998, 174.5298, 178.3393, 182.1781, 186.1909, 189.4504, 192.4973, 195.6252, 198.9619, 202.1066, 205.3639, 208.7757, 212.3767, 215.8513, 219.3564, 222.8813, 226.3355, 229.9891, 233.3928]
growth_rate:34.45
