ticker:TLC
price:[4.5, 4.429999828338623, 4.440000057220459, 4.570000171661377, 4.389999866485596, 4.739999771118164, 4.789999961853027, 4.690000057220459, 4.420000076293945, 4.559999942779541, 4.409999847412109, 4.340000152587891, 4.429999828338623, 4.320000171661377, 4.230000019073486, 4.46999979019165, 4.599999904632568, 4.429999828338623, 4.550000190734863, 4.46999979019165, 4.400000095367432, 4.75, 5.409999847412109, 5.659999847412109, 5.710000038146973, 5.340000152587891, 4.929999828338623, 5.659999847412109, 5.570000171661377, 5.449999809265137, 6.019999980926514, 6.090000152587891, 5.989999771118164, 5.670000076293945, 5.489999771118164, 5.389999866485596, 5.46999979019165, 4.260000228881836, 5.849999904632568, 5.900000095367432, 5.989999771118164, 6.539999961853027, 5.900000095367432, 5.730000019073486, 6.800000190734863, 6.860000133514404, 6.75, 6.809999942779541, 7.099999904632568, 6.96999979019165, 7.039999961853027, 7.099999904632568]
assets:[0, 100.00015812501907, 200.2257985804081, 306.0881004974842, 394.03190101618765, 525.4465126276017, 630.9890899748802, 717.8162337577344, 776.4919114030838, 901.0865406928539, 971.4453503875732, 1056.0257631282807, 1177.9249933557032, 1248.6761776179312, 1322.662208964014, 1497.706954702139, 1641.2643259732247, 1680.6090348768234, 1826.133476551056, 1894.025629100132, 1964.3655225764753, 2220.621675, 2629.171201844788, 2850.6668471488956, 2975.849314880848, 2883.0185563808445, 2761.6631468395713, 3270.590725828171, 3318.584936275196, 3347.0890428611756, 3797.151709969282, 3941.304983751297, 3976.5871380519866, 3864.148710994911, 3841.476913846207, 3871.5048490998743, 4028.9666354641913, 3237.7330859573367, 4546.182345887565, 4685.039035728836, 4856.505525429726, 5402.428444488334, 4973.750820395565, 4930.439254411984, 5951.132366924763, 6103.642586793613, 6105.770549999999, 6260.044096400499, 6626.624450990963, 6605.2917631699565, 6771.628827307224, 6929.341466924859]
shares:[0, 22.5734, 45.0959, 66.9777, 89.7567, 110.8537, 131.7305, 153.0525, 175.6769, 197.6067, 220.2824, 243.3239, 265.8973, 289.0454, 312.6861, 335.0575, 356.7966, 379.37, 401.348, 423.7194, 446.4467, 467.4993, 485.9836, 503.6514, 521.1645, 539.8911, 560.1751, 577.8429, 595.7962, 614.1448, 630.7561, 647.1765, 663.871, 681.5077, 699.7226, 718.2755, 736.557, 760.0312, 777.1252, 794.0744, 810.7689, 826.0594, 843.0086, 860.4606, 875.1665, 889.7438, 904.5586, 919.2429, 933.3274, 947.6746, 961.8791, 975.9636]
growth_rate:35.87
