ticker:TLGT
price:[1.0700000524520874, 1.3899999856948853, 1.1200000047683716, 0.75, 0.7300000190734863, 0.6600000262260437, 0.699999988079071, 0.6800000071525574, 0.5299999713897705, 0.5099999904632568, 0.5099999904632568, 0.5400000214576721, 0.5299999713897705, 0.5400000214576721, 0.6299999952316284, 0.8199999928474426, 0.7900000214576721, 0.75, 0.8299999833106995, 1.0199999809265137, 1.1799999475479126, 0.8999999761581421, 1.0199999809265137, 1.2000000476837158, 1.1799999475479126, 0.8899999856948853, 0.800000011920929, 0.8199999928474426, 0.800000011920929, 0.6399999856948853, 0.699999988079071, 0.6200000047683716, 0.5299999713897705, 0.5799999833106995, 0.6000000238418579, 0.550000011920929, 0.5099999904632568, 0.5400000214576721, 0.5400000214576721, 0.6100000143051147, 0.6000000238418579, 0.5699999928474426, 0.5699999928474426, 0.5299999713897705, 0.5400000214576721, 0.47999998927116394, 0.47999998927116394, 0.4699999988079071, 0.46000000834465027, 0.4300000071525574, 0.3799999952316284, 0.3799999952316284]
assets:[0, 99.99993497085572, 180.5754727687955, 220.92104999999998, 315.02982923111915, 384.8214632914305, 508.14392134636046, 593.6255222440302, 562.6787096257209, 641.445552005291, 741.4455341353417, 885.0600351691246, 968.6699767096758, 1086.9468731913864, 1368.1046506450296, 1880.7076215952814, 1911.9013299303174, 1915.096125, 2219.372977373755, 2827.4221991286277, 3370.9393621586323, 2671.055479241192, 3127.196215523005, 3779.05455016613, 3816.070034372163, 2978.2224381305455, 2777.053961381328, 2946.48022629894, 2974.6149243252157, 2479.691848574567, 2812.1629421091498, 2590.772939925432, 2314.6928840492487, 2633.060202234596, 2823.8555922099354, 2688.5342582724093, 2593.0043755121233, 2845.534217071366, 2945.5342290450094, 3427.3626723751067, 3471.1764779321547, 3397.6174823655188, 3497.617483110684, 3352.1705310445786, 3515.4193636902096, 3224.8169999197216, 3324.8169816845475, 3355.5500454890907, 3384.1554313904194, 3263.4496222837447, 2983.978652556002, 3083.9786533011675]
shares:[0, 71.9424, 161.2281, 294.5614, 431.5477, 583.0628, 725.9199, 872.9787, 1061.658, 1257.7364, 1453.8148, 1639.0, 1827.6793, 2012.8645, 2171.5947, 2293.5459, 2420.1282, 2553.4615, 2673.9434, 2771.9826, 2856.7284, 2967.8395, 3065.8787, 3149.212, 3233.9578, 3346.3174, 3471.3174, 3593.2686, 3718.2686, 3874.5186, 4017.3757, 4178.666, 4367.3453, 4539.7591, 4706.4258, 4888.244, 5084.3224, 5269.5076, 5454.6928, 5618.6272, 5785.2939, 5960.7325, 6136.1711, 6324.8504, 6510.0356, 6718.3689, 6926.7022, 7139.4682, 7356.8595, 7589.4176, 7852.5755, 8115.7334]
growth_rate:-39.53
