ticker:TLIS
price:[27.799999237060547, 22.25, 17.260000228881836, 14.649999618530273, 15.800000190734863, 15.630000114440918, 11.510000228881836, 12.920000076293945, 12.819999694824219, 13.949999809265137, 12.460000038146973, 12.0, 11.59000015258789, 10.069999694824219, 10.880000114440918, 9.739999771118164, 10.680000305175781, 11.649999618530273, 9.779999732971191, 11.25, 10.180000305175781, 10.609999656677246, 9.899999618530273, 11.699999809265137, 10.300000190734863, 9.920000076293945, 7.739999771118164, 7.639999866485596, 8.529999732971191, 8.0600004196167]
assets:[0, 100.0004, 177.5726083547592, 250.72009347152712, 370.4009844714165, 466.41639641504287, 443.47110081863406, 597.7967755300522, 693.1696914993287, 854.2686933197975, 863.0244586421966, 931.1628000000001, 999.3477631568908, 968.2858556556702, 1146.172108055973, 1126.076437538147, 1334.753330139923, 1555.9809390506744, 1406.2221516051293, 1717.587, 1654.2256175903321, 1824.099787975025, 1802.0345605634689, 2229.6771536515234, 2062.877858200264, 2086.7712160491947, 1728.1863748952865, 1805.858364441347, 2116.2263997522355, 2099.6228553097726]
shares:[0, 4.4944, 10.2881, 17.114, 23.4431, 29.8411, 38.5292, 46.2691, 54.0694, 61.2379, 69.2636, 77.5969, 86.225, 96.1555, 105.3467, 115.6136, 124.9769, 133.5606, 143.7855, 152.6744, 162.4976, 171.9227, 182.0237, 190.5707, 200.2794, 210.36, 223.2799, 236.3689, 248.0922, 260.4991]
growth_rate:-27.6
