ticker:TLMD
price:[10.369999885559082, 10.489999771118164, 10.380000114440918, 10.199999809265137, 10.130000114440918, 10.029999732971191, 10.0600004196167, 10.029999732971191, 9.220000267028809, 9.0, 8.15999984741211, 8.5, 8.329999923706055, 8.5600004196167, 7.449999809265137, 8.069999694824219, 7.849999904632568, 7.840000152587891, 7.389999866485596, 6.809999942779541, 7.960000038146973, 7.349999904632568, 7.800000190734863, 7.96999979019165, 8.960000038146973, 7.949999809265137, 7.190000057220459, 7.25, 7.25, 6.659999847412109, 6.110000133514404, 6.920000076293945, 6.650000095367432, 6.989999771118164, 7.849999904632568, 7.809999942779541, 7.699999809265137, 7.579999923706055, 6.0, 5.71999979019165, 6.070000171661377, 6.079999923706055, 6.0, 5.679999828338623, 4.860000133514404, 4.480000019073486, 4.760000228881836, 4.590000152587891, 4.260000228881836, 2.75, 2.4100000858306885, 2.5899999141693115]
assets:[0, 100.00011881809235, 198.95138619346616, 295.5011344742775, 393.4735164451599, 489.5893619656563, 591.0541986536979, 689.2916716489792, 733.6262012472152, 816.1209, 839.9495842933655, 974.9474500000001, 1055.4484753332138, 1184.5902100693702, 1130.980746044636, 1325.102826889801, 1388.9789831256867, 1487.2096129451752, 1501.8467638662814, 1483.9752595310213, 1834.5730487918852, 1793.9835667227744, 2003.8192689997672, 2147.4925334677696, 2514.2450027043346, 2330.8310290791514, 2208.0094725720883, 2326.4351, 2426.435075, 2328.973308640671, 2236.64070187459, 2633.151373030853, 2630.412857722664, 2864.9003361911778, 3317.377774698114, 3400.473975086212, 3452.579814476967, 3498.7733327842716, 2869.4778, 2835.5686319919587, 3109.0741189255236, 3214.1962156671525, 3271.9044000000004, 3197.4025433678626, 2835.8057039055348, 2714.0758515551092, 2983.7057074697495, 2977.1447849708557, 2863.101849829102, 1948.2463, 1807.3723343684674, 2042.36256231761]
shares:[0, 9.5329, 19.1668, 28.9707, 38.8424, 48.8125, 58.7529, 68.723, 79.569, 90.6801, 102.935, 114.6997, 126.7045, 138.3867, 151.8095, 164.2011, 176.94, 189.6951, 203.2269, 217.9112, 230.474, 244.0794, 256.8999, 269.447, 280.6077, 293.1863, 307.0945, 320.8876, 334.6807, 349.6957, 366.0623, 380.5132, 395.5508, 409.857, 422.5959, 435.4, 448.387, 461.5796, 478.2463, 495.7288, 512.2033, 528.6507, 545.3174, 562.923, 583.4991, 605.8205, 626.8289, 648.6154, 672.0896, 708.4532, 749.947, 788.557]
growth_rate:-59.95
