ticker:TLRY
price:[5.920000076293945, 5.309999942779541, 5.340000152587891, 4.789999961853027, 4.820000171661377, 6.039999961853027, 5.559999942779541, 6.730000019073486, 5.710000038146973, 9.630000114440918, 7.650000095367432, 7.360000133514404, 8.5, 8.600000381469727, 7.769999980926514, 8.890000343322754, 8.59000015258789, 8.260000228881836, 11.3100004196167, 19.700000762939453, 18.020000457763672, 18.100000381469727, 25.719999313354492, 29.0, 29.209999084472656, 24.360000610351562, 21.6299991607666, 27.56999969482422, 25.350000381469727, 22.079999923706055, 22.34000015258789, 19.760000228881836, 17.200000762939453, 17.06999969482422, 18.34000015258789, 16.18000030517578, 13.930000305175781, 15.229999542236328, 16.670000076293945, 18.799999237060547, 19.889999389648438, 16.90999984741211, 18.200000762939453, 17.229999542236328, 16.170000076293945, 13.90999984741211, 13.59000015258789, 14.609999656677246, 14.420000076293945, 13.300000190734863, 12.829999923706055, 13.420000076293945]
assets:[0, 100.00004292240143, 200.56506573104858, 279.9074797708511, 381.6606275926113, 578.263556347847, 632.3087694926262, 865.3662844525338, 834.2110205731392, 1506.909158907795, 1297.0774061697962, 1347.9074804517745, 1656.6865500000001, 1776.1769987857817, 1704.7550898152351, 2050.4856911876677, 2081.2900349708557, 2101.3333202272415, 2977.249034460068, 5285.8352547092445, 4935.06364336586, 5056.973586579133, 7285.9305414878845, 8315.0859, 8475.298760359192, 7168.069031599426, 6464.7503561708445, 8340.090327682494, 7768.527896901704, 6866.433960274125, 7047.28932213478, 6333.412041360473, 5612.890008970642, 5670.4661286239625, 6192.346995520019, 5563.041682926178, 4889.4426441169735, 5445.743723318863, 6060.640246737861, 6935.033958563232, 7437.119396781922, 6422.860984043121, 7012.837033976364, 6739.074955957413, 6424.483326312256, 5626.565727278519, 5597.127179844284, 6117.220005250454, 6137.666826473426, 5760.954932617664, 5657.371787358284, 6017.532060210228]
shares:[0, 18.8324, 37.559, 58.4358, 79.1827, 95.739, 113.7246, 128.5834, 146.0965, 156.4807, 169.5526, 183.1396, 194.9043, 206.5322, 219.4022, 230.6508, 242.2922, 254.3987, 263.2404, 268.3165, 273.8659, 279.3908, 283.2788, 286.7271, 290.1506, 294.2557, 298.8789, 302.506, 306.4508, 310.9798, 315.4561, 320.5168, 326.3308, 332.189, 337.6416, 343.8221, 351.0009, 357.5669, 363.5657, 368.8848, 373.9125, 379.8262, 385.3207, 391.1245, 397.3088, 404.4979, 411.8563, 418.7009, 425.6357, 433.1545, 440.9487, 448.4003]
growth_rate:17.99
