ticker:TLS
price:[19.059999465942383, 20.0, 22.43000030517578, 20.190000534057617, 26.969999313354492, 30.170000076293945, 32.97999954223633, 30.469999313354492, 37.7599983215332, 39.83000183105469, 35.29999923706055, 38.70000076293945, 37.02000045776367, 35.59000015258789, 33.31999969482422, 30.43000030517578, 34.22999954223633, 33.880001068115234, 37.709999084472656, 35.31999969482422, 34.400001525878906, 35.29999923706055, 33.900001525878906, 33.18000030517578, 31.079999923706055, 35.52000045776367, 30.459999084472656, 32.880001068115234, 33.2599983215332, 35.66999816894531, 35.52000045776367, 34.22999954223633, 32.22999954223633, 31.110000610351562, 28.979999542236328, 26.690000534057617, 28.020000457763672, 27.920000076293945, 25.93000030517578, 29.229999542236328, 32.7400016784668, 33.0]
assets:[0, 100.0, 212.14967188644408, 290.9621356964111, 488.66941755867003, 646.6517136352538, 806.8787748004913, 845.469352947235, 1147.7491329814911, 1310.669938253784, 1261.6043227329253, 1483.1194792385102, 1518.7344127796175, 1560.0698616886139, 1560.5655097068789, 1525.20943229599, 1815.6721347187042, 1897.1072718090059, 2211.5670033073425, 2171.4029412384034, 2214.8440982437137, 2372.791818716812, 2378.6885270675657, 2428.168828333283, 2374.4871301712033, 2813.6990762615205, 2512.873774471283, 2812.5191233654023, 2945.0231813793184, 3258.4186627349854, 3344.7159791049958, 3323.2434665576934, 3229.07208613739, 3216.8611711120607, 3096.6143810863496, 2951.9193970668794, 3199.0182342624666, 3287.602344983673, 3153.2773261116026, 3654.5800747665407, 4193.431086982727, 4326.7323]
shares:[0, 5.0, 9.4583, 14.4112, 18.119, 21.4336, 24.4657, 27.7476, 30.3959, 32.9066, 35.7395, 38.3235, 41.0247, 43.8345, 46.8357, 50.1219, 53.0433, 55.9949, 58.6467, 61.478, 64.385, 67.2179, 70.1678, 73.1817, 76.3992, 79.2145, 82.4975, 85.5389, 88.5455, 91.349, 94.1643, 97.0857, 100.1884, 103.4028, 106.8535, 110.6002, 114.1691, 117.7508, 121.6073, 125.0284, 128.0828, 131.1131]
growth_rate:5.53
