ticker:TLSA
price:[3.2200000286102295, 3.190000057220459, 3.930000066757202, 3.490000009536743, 3.319999933242798, 4.650000095367432, 4.260000228881836, 4.420000076293945, 3.819999933242798, 3.440000057220459, 2.9800000190734863, 2.4800000190734863, 2.5999999046325684, 2.259999990463257, 2.049999952316284, 2.1600000858306885, 2.5, 2.0199999809265137, 2.569999933242798, 3.0399999618530273, 3.9700000286102295, 3.680000066757202, 4.090000152587891, 3.9600000381469727, 3.740000009536743, 3.009999990463257, 2.869999885559082, 3.049999952316284, 3.049999952316284, 2.680000066757202, 2.75, 2.6700000762939453, 2.5199999809265137, 2.5399999618530273, 2.609999895095825, 2.380000114440918, 2.309999942779541, 2.299999952316284, 2.3499999046325684, 2.3499999046325684, 2.490000009536743, 2.4200000762939453, 2.5, 2.25, 2.200000047683716, 1.899999976158142, 2.069999933242798, 2.130000114440918, 1.9600000381469727, 1.7200000286102295, 1.5299999713897705, 1.6399999856948853]
assets:[0, 100.00012179374694, 223.1976727913618, 298.2086348148823, 383.68276428506374, 637.3871380722522, 683.9289787462234, 809.6162759748458, 799.7135480244398, 820.161029642439, 810.4881871875286, 774.5002859566212, 911.9759665489197, 892.717624232912, 909.7659938385248, 1058.5827780642987, 1325.2115000000001, 1170.7709809452058, 1589.5452157106638, 1980.2401671512605, 2686.037308357215, 2589.8280149808884, 2978.3687861156463, 2983.701628742218, 2917.940527440548, 2448.3959982426168, 2434.517008923912, 2687.204592988229, 2787.2046364248276, 2549.0847434961793, 2715.66515, 2736.664104198837, 2682.918735693407, 2804.2117738849643, 2981.4931861643313, 2818.7564675382614, 2835.8515637537957, 2923.575249388289, 3087.1311897183896, 3187.1312056602005, 3477.002896316981, 3479.255889688492, 3694.2725, 3424.8451499999996, 3448.7374547493696, 3078.45501137048, 3453.8956976123573, 3654.009019323063, 3462.3743673872946, 3138.4100922038556, 2891.725190926194, 3199.627016090834]
shares:[0, 31.348, 56.7933, 85.4466, 115.5671, 137.0725, 160.5467, 183.1711, 209.3491, 238.4189, 271.9759, 312.2985, 350.76, 395.0078, 443.7883, 490.0846, 530.0846, 579.5896, 618.5001, 651.3948, 676.5837, 703.7576, 728.2075, 753.46, 780.198, 813.4206, 848.2638, 881.0507, 913.8376, 951.151, 987.5146, 1024.9678, 1064.6503, 1104.0204, 1142.3346, 1184.3514, 1227.6414, 1271.1197, 1313.6729, 1356.2261, 1396.3867, 1437.709, 1477.709, 1522.1534, 1567.6079, 1620.2395, 1668.5487, 1715.4971, 1766.5175, 1824.657, 1890.0165, 1950.9921]
growth_rate:-37.26
