ticker:TLT
price:[162.74000549316406, 164.47999572753906, 163.57000732421875, 165.1199951171875, 162.75, 160.08999633789062, 161.38999938964844, 158.00999450683594, 157.57000732421875, 159.41000366210938, 158.16000366210938, 161.50999450683594, 160.22000122070312, 155.1999969482422, 158.77000427246094, 156.3300018310547, 157.2899932861328, 157.72999572753906, 151.32000732421875, 151.82000732421875, 151.8800048828125, 152.0, 148.02999877929688, 147.11000061035156, 143.27000427246094, 143.1199951171875, 138.91000366210938, 136.05999755859375, 134.75, 136.66000366210938, 137.50999450683594, 137.50999450683594, 139.25999450683594, 140.05999755859375, 138.63999938964844, 139.22999572753906, 137.0800018310547, 137.6699981689453, 138.44000244140625, 139.89999389648438, 142.30999755859375, 145.72999572753906, 142.00999450683594, 145.0399932861328, 146.52999877929688, 148.2100067138672, 148.5, 149.52000427246094, 147.77999877929688, 148.5500030517578, 150.5500030517578, 149.4600067138672]
assets:[0, 100.00383740234375, 199.45726693115236, 301.3439910888672, 397.01235, 490.51574877929687, 594.496201751709, 682.0501412887572, 780.1448632629395, 889.252764428711, 982.2843347442628, 1103.097111482239, 1194.279889099121, 1256.8561352859497, 1385.7604742904662, 1464.4681911529542, 1573.4661768371582, 1677.8686025512698, 1709.6891027526856, 1815.3421915771485, 1916.0573895996095, 2017.5720000000001, 2064.8704529724123, 2152.0427769287107, 2195.8707014831543, 2293.569481750488, 2326.1035753234864, 2378.3831813232423, 2455.481875, 2590.2810414123537, 2706.389205886841, 2806.386473892212, 2942.1041259475705, 3059.0083886779785, 3127.9956662292484, 3241.302146536255, 3291.2497199630734, 3405.418841706848, 3524.460958154297, 3661.630520251465, 3824.7092633850098, 4016.6247152420046, 4014.0971077285767, 4199.7490375946045, 4342.900062820435, 4492.689933517456, 4601.4804, 4733.085639245605, 4778.008142532348, 4902.907705723572, 5068.913217750549, 5132.217494543457]
shares:[0, 0.608, 1.2194, 1.825, 2.4394, 3.064, 3.6836, 4.3165, 4.9511, 5.5784, 6.2107, 6.8299, 7.454, 8.0983, 8.7281, 9.3678, 10.0036, 10.6376, 11.2985, 11.9572, 12.6156, 13.2735, 13.949, 14.6288, 15.3268, 16.0255, 16.7454, 17.4804, 18.2225, 18.9542, 19.6814, 20.4086, 21.1267, 21.8407, 22.562, 23.2802, 24.0097, 24.7361, 25.4584, 26.1732, 26.8759, 27.5621, 28.2663, 28.9558, 29.6383, 30.313, 30.9864, 31.6552, 32.3319, 33.0051, 33.6693, 34.3384]
growth_rate:0.63
