ticker:TMDI
price:[0.8500000238418579, 0.7099999785423279, 0.6700000166893005, 0.699999988079071, 0.7099999785423279, 0.7400000095367432, 0.7699999809265137, 0.7599999904632568, 0.699999988079071, 0.699999988079071, 0.6800000071525574, 0.75, 1.190000057220459, 1.2200000286102295, 1.3200000524520874, 1.350000023841858, 1.5299999713897705, 1.7100000381469727, 1.5399999618530273, 1.8300000429153442, 2.630000114440918, 2.5399999618530273, 2.9000000953674316, 3.0399999618530273, 2.7799999713897705, 2.1600000858306885, 1.7300000190734863, 2.009999990463257, 1.940000057220459, 1.7799999713897705, 1.75, 1.8200000524520874, 1.559999942779541, 1.5800000429153442, 1.6399999856948853, 1.7300000190734863, 1.7000000476837158, 1.7799999713897705, 1.9199999570846558, 1.850000023841858, 1.7799999713897705, 1.6399999856948853, 1.7799999713897705, 1.7400000095367432, 1.690000057220459, 1.5700000524520874, 1.6299999952316284, 1.6799999475479126, 1.690000057220459, 1.6399999856948853, 1.5299999713897705, 1.5499999523162842]
assets:[0, 100.00001797779203, 194.36620084154606, 303.06912483876346, 407.3986976875663, 524.6127207609416, 645.8807580010414, 737.4926667456865, 779.2695267291188, 879.2694950261296, 954.1475180361689, 1152.3685500000001, 1928.4248427271843, 2077.0405327086924, 2347.289829272914, 2500.6373091628434, 2934.055547134638, 3379.238634384632, 3143.2908421382904, 3835.2094139395235, 5611.803772190095, 5519.764595101451, 6402.0938605349065, 6811.1600425312035, 6328.626566869259, 5017.206511365866, 4118.41071140604, 4884.974130822516, 4814.850834014416, 4517.7495753854755, 4541.607875, 4823.272411005879, 4234.233276689243, 4388.518533199227, 4655.170955394661, 5010.637807242966, 5023.748170912338, 5360.159659845281, 5881.745148532748, 5767.306809326112, 5649.084271201348, 5304.774293728411, 5857.620879849505, 5825.989135931587, 5758.57582297535, 5449.682917068302, 5757.950859155798, 6034.57493159163, 6170.49542292223, 6087.936114897179, 5779.598912924409, 5955.149106797648]
shares:[0, 140.8451, 290.0988, 432.9559, 573.801, 708.9361, 838.8062, 970.3851, 1113.2422, 1256.0993, 1403.1581, 1536.4914, 1620.525, 1702.4922, 1778.2498, 1852.3239, 1917.6834, 1976.1629, 2041.098, 2095.7428, 2133.7656, 2173.1357, 2207.6185, 2240.5132, 2276.4844, 2322.7807, 2380.5842, 2430.3354, 2481.8818, 2538.0616, 2595.2045, 2650.1496, 2714.2522, 2777.5433, 2838.5189, 2896.3224, 2955.1459, 3011.3257, 3063.409, 3117.4631, 3173.6429, 3234.6185, 3290.7983, 3348.2696, 3407.4412, 3471.1355, 3532.4852, 3592.009, 3651.1806, 3712.1562, 3777.5157, 3842.0318]
growth_rate:16.77
