ticker:TMDX
price:[16.3700008392334, 16.610000610351562, 15.739999771118164, 14.350000381469727, 13.930000305175781, 13.390000343322754, 13.520000457763672, 13.25, 11.979999542236328, 12.8100004196167, 14.329999923706055, 14.779999732971191, 14.789999961853027, 15.210000038146973, 15.130000114440918, 18.670000076293945, 18.770000457763672, 19.899999618530273, 18.760000228881836, 19.440000534057617, 23.770000457763672, 22.780000686645508, 22.690000534057617, 30.65999984741211, 35.43000030517578, 35.88999938964844, 31.780000686645508, 36.220001220703125, 44.290000915527344, 39.7599983215332, 40.06999969482422, 31.760000228881836, 27.030000686645508, 28.780000686645508, 28.709999084472656, 24.239999771118164, 22.239999771118164, 24.489999771118164, 25.639999389648438, 26.149999618530273, 28.309999465942383, 29.780000686645508, 33.779998779296875, 33.97999954223633, 34.5099983215332, 27.219999313354492, 29.600000381469727, 28.520000457763672, 30.549999237060547, 29.059999465942383, 26.920000076293945, 31.889999389648438]
assets:[0, 100.00050867462159, 194.76203516788482, 277.5620123785019, 369.43893109359743, 455.11807766933447, 559.5360349449159, 648.36225, 686.2167697792054, 833.7593733114243, 1032.6914445018767, 1165.1206809498788, 1265.9086347349169, 1401.8570315158843, 1494.483917304039, 1944.1519159446716, 2054.566127106857, 2278.255436327362, 2247.7425594236374, 2429.2166347356797, 3070.292518127823, 3042.4171617059706, 3130.3964266805647, 4329.967676450729, 5103.613597959899, 5269.875759379578, 4766.386748983575, 5532.300938452148, 6864.923567906189, 6262.776255617142, 6411.604658168792, 5181.920349344063, 4510.179963572503, 4902.18097895832, 4990.257200866699, 4313.299495272446, 4057.416630243302, 4567.901696308708, 4882.402015776062, 5079.51713590126, 5599.0865813753135, 5989.821284108925, 6894.362630859375, 7035.181727225114, 7244.911713628388, 5814.4749413253785, 6422.868562774658, 6288.520352934647, 6836.12444927826, 6602.7108546569825, 6216.482173618126, 7464.176446141052]
shares:[0, 6.0205, 12.3737, 19.3423, 26.5211, 33.9894, 41.3858, 48.933, 57.2802, 65.0866, 72.065, 78.8309, 85.5922, 92.1668, 98.7762, 104.1324, 109.4601, 114.4852, 119.8157, 124.9597, 129.1667, 133.5565, 137.9637, 141.2253, 144.0478, 146.8341, 149.9807, 152.7416, 154.9994, 157.5145, 160.0101, 163.1587, 166.8583, 170.3329, 173.816, 177.9414, 182.4378, 186.5211, 190.4213, 194.2454, 197.7777, 201.1357, 204.096, 207.0389, 209.9366, 213.6104, 216.9888, 220.4951, 223.7684, 227.2096, 230.9243, 234.0601]
growth_rate:46.36
