ticker:TMKRU
price:[10.180000305175781, 10.335000038146973, 10.380000114440918, 10.220000267028809, 10.569999694824219, 10.399999618530273, 10.550000190734863, 10.300000190734863, 10.239999771118164, 10.25, 10.199999809265137, 10.0, 10.0600004196167, 10.09000015258789, 10.130000114440918, 10.140000343322754, 10.149999618530273, 10.100000381469727, 10.0600004196167, 10.029999732971191, 10.027999877929688, 10.020000457763672, 10.0600004196167, 10.097999572753906, 10.050000190734863, 10.100000381469727, 10.135000228881836, 10.130000114440918, 10.130000114440918, 10.079999923706055, 10.138999938964844, 10.079999923706055, 10.039999961853027, 10.079999923706055, 10.020000457763672]
assets:[0, 100.00042686910629, 200.43572620983122, 297.3457977690697, 407.5284522338867, 500.97422162437437, 608.2001259957314, 693.7874128475189, 789.7456463478088, 890.516925, 986.1727015590668, 1066.836, 1173.237488937378, 1276.7361513076783, 1381.797860610485, 1483.16162621727, 1584.6240304447174, 1676.8182233322145, 1770.1777938365935, 1864.8989133507728, 1964.527293685913, 2062.9597782463075, 2171.1955665636065, 2279.3972083587646, 2368.561934951973, 2480.3459736808777, 2588.941214466858, 2687.6642793631554, 2787.664601492882, 2873.904746247864, 2990.7261594963074, 3073.3224247385024, 3161.1271199893, 3273.720887221718, 3354.2342312381743]
shares:[0, 9.6759, 19.3098, 29.0945, 38.5552, 48.1706, 57.6493, 67.358, 77.1236, 86.8797, 96.6836, 106.6836, 116.624, 126.5348, 136.4065, 146.2684, 156.1206, 166.0216, 175.962, 185.9321, 195.9042, 205.8842, 215.8246, 225.7276, 235.6778, 245.5788, 255.4456, 265.3173, 275.189, 285.1096, 294.9725, 304.8931, 314.8533, 324.7739, 334.7539]
growth_rate:-1.35
