ticker:TMKR
price:[9.859999656677246, 9.869999885559082, 9.850000381469727, 9.710000038146973, 9.729999542236328, 9.75, 9.800000190734863, 9.800000190734863, 9.829999923706055, 9.770000457763672, 9.770000457763672, 9.720000267028809, 9.708999633789062, 9.710000038146973, 9.739999771118164, 9.760000228881836, 9.75, 9.729999542236328, 9.760000228881836, 9.729999542236328, 9.729999542236328, 9.6899995803833, 9.770000457763672, 9.800000190734863, 9.729999542236328, 9.75, 9.779999732971191, 9.779999732971191]
assets:[0, 99.99987784051895, 199.79740773773193, 296.95801816663743, 397.5697272956848, 498.38685, 600.9428716959953, 700.943053642273, 803.0883847669601, 898.1864290836334, 998.1862917690277, 1093.0781820291518, 1191.8408717453003, 1291.9640550756455, 1395.9552731962203, 1498.82176314888, 1597.28595, 1694.0094613025665, 1799.2326181938172, 1893.7021339076996, 1993.7022042030335, 2085.505934689045, 2202.723786206436, 2309.4876449489593, 2392.9912224178315, 2497.910025, 2605.595352857971, 2705.594872127628]
shares:[0, 10.1317, 20.284, 30.5827, 40.8602, 51.1166, 61.3207, 71.5248, 81.6977, 91.9331, 102.1685, 112.4566, 122.7563, 133.055, 143.3219, 153.5678, 163.8242, 174.1017, 184.3476, 194.6251, 204.9026, 215.2225, 225.4579, 235.662, 245.9395, 256.1959, 266.4208, 276.6457]
growth_rate:0.21
