ticker:TMPMU
price:[10.039999961853027, 10.09000015258789, 9.949999809265137, 10.010000228881836, 10.050000190734863, 10.020000457763672, 10.149999618530273, 10.0600004196167, 10.25, 10.260000228881836, 10.399999618530273, 10.270000457763672, 10.600000381469727, 10.800000190734863, 10.949999809265137, 10.5, 10.949999809265137, 11.017999649047852, 11.039999961853027, 10.75, 10.260000228881836, 10.699999809265137, 10.25, 10.050000190734863, 10.197999954223633, 10.050000190734863, 10.001999855041504, 10.199999809265137, 10.050000190734863, 10.020000457763672, 10.039999961853027, 10.039999961853027, 9.970000267028809, 9.970000267028809, 10.0600004196167, 10.109999656677246, 10.010000228881836, 10.0600004196167, 10.100000381469727, 10.029999732971191, 9.989999771118164, 10.0600004196167, 9.989999771118164, 9.989999771118164, 9.970000267028809, 9.970000267028809, 9.970000267028809]
assets:[0, 99.99997351226807, 198.6129411927223, 299.81051785526273, 401.008072610569, 499.8106488338471, 606.295002213478, 700.9194632363319, 814.1575, 914.9519364109038, 1027.4367623138428, 1114.5939066806793, 1250.4089049993515, 1374.001944265747, 1493.085033992386, 1531.7253, 1697.370420433998, 1807.9116102132796, 1911.5218973950386, 1961.30955, 1971.9104839897154, 2156.475821559334, 2165.782975, 2223.5233471993447, 2356.2672656232835, 2422.071150967503, 2510.502963815403, 2660.2007502555844, 2721.0797616422656, 2812.956812509918, 2918.5717649108883, 3018.572172530937, 3097.5265419617654, 3197.5266416400914, 3326.3914507484433, 3442.9239870826723, 3508.869444231415, 3626.396759262085, 3740.8159212879177, 3814.889335436153, 3899.6753316541667, 4027.0010659718514, 4098.979823087882, 4198.979720796776, 4290.573662915421, 4390.573762593746, 4490.573862272072]
shares:[0, 9.9108, 19.9611, 29.9511, 39.9013, 49.8813, 59.7335, 69.6739, 79.43, 89.1766, 98.792, 108.5291, 117.9631, 127.2224, 136.3548, 145.8786, 155.011, 164.0871, 173.1451, 182.4474, 192.194, 201.5398, 211.2959, 221.2461, 231.0519, 241.0021, 251.0001, 260.804, 270.7542, 280.7342, 290.6944, 300.6546, 310.6847, 320.7148, 330.6552, 340.5464, 350.5364, 360.4768, 370.3778, 380.3479, 390.3579, 400.2983, 410.3083, 420.3183, 430.3484, 440.3785, 450.4086]
growth_rate:-2.38
