ticker:TMPM
price:[10.0, 10.300000190734863, 10.300000190734863, 10.220000267028809, 10.109999656677246, 10.449999809265137, 10.520000457763672, 10.399999618530273, 10.1899995803833, 9.819999694824219, 10.0, 9.9399995803833, 9.880000114440918, 9.779999732971191, 9.920000076293945, 9.890000343322754, 9.880000114440918, 9.819999694824219, 9.850000381469727, 9.850000381469727, 9.770000457763672, 9.829999923706055, 9.829999923706055, 9.850000381469727, 9.75, 9.869999885559082, 9.899999618530273, 9.850000381469727, 9.8100004196167, 9.770000457763672, 9.729999542236328, 9.720000267028809, 9.729999542236328, 9.710000038146973, 9.739999771118164]
assets:[0, 99.99961185178758, 199.99922370357515, 298.445469797802, 395.2332495783806, 508.52520571832656, 611.9315946273804, 704.9514941425324, 790.7164544388771, 862.0054652114869, 977.806, 1071.9394947481155, 1165.4695134997369, 1253.6727377702712, 1371.6185705490113, 1467.4703389419556, 1565.9869341389656, 1656.4768285217285, 1761.5376232206345, 1861.5377820934295, 1946.4185711975097, 2058.3715110242842, 2158.3711172481535, 2262.762772632027, 2339.790375, 2468.587645377159, 2576.090780737305, 2663.08057813549, 2752.2662497264864, 2841.0438351142884, 2929.411935181046, 3026.4017871416095, 3129.5152137668606, 3223.083036662292, 3333.0405836763384]
shares:[0, 9.7087, 19.4174, 29.2021, 39.0933, 48.6627, 58.1684, 67.7838, 77.5973, 87.7806, 97.7806, 107.841, 117.9625, 128.1874, 138.268, 148.3792, 158.5007, 168.684, 178.8363, 188.9886, 199.224, 209.3969, 219.5698, 229.7221, 239.9785, 250.1102, 260.2112, 270.3635, 280.5572, 290.7926, 301.0701, 311.3582, 321.6357, 331.9344, 342.2013]
growth_rate:-1.97
