ticker:TMTSU
price:[9.9399995803833, 9.9399995803833, 9.930000305175781, 9.979999542236328, 10.010000228881836, 10.100000381469727, 10.15999984741211, 10.319999694824219, 10.399999618530273, 10.510000228881836, 10.640000343322754, 10.579999923706055, 10.6899995803833, 10.970000267028809, 10.710000038146973, 10.539999961853027, 10.949999809265137, 10.859999656677246, 11.109999656677246, 10.829999923706055, 10.430000305175781, 10.798999786376953, 10.4399995803833, 10.039999961853027, 10.149999618530273, 10.239999771118164, 10.279999732971191, 10.239999771118164, 10.239999771118164, 10.260000228881836, 10.229999542236328, 10.1899995803833, 10.239999771118164, 10.239999771118164, 10.619999885559082, 10.699999809265137, 10.581000328063965, 10.649999618530273, 10.630000114440918, 10.619999885559082, 10.649999618530273, 10.59000015258789, 10.539999961853027, 10.550000190734863, 10.550000190734863, 10.899999618530273, 10.899999618530273, 10.899999618530273]
assets:[0, 100.00037177848816, 199.89984314346313, 300.9059681980133, 401.8104181875229, 505.4232090894699, 608.4254948623657, 718.0067547676085, 823.5728497915268, 932.283264302826, 1043.8148896809578, 1137.9287177942276, 1249.7592989429475, 1382.4942836523057, 1449.7280961636543, 1526.7168864744185, 1686.1050606302263, 1772.2466019730568, 1913.0441728828432, 1964.8305701583863, 1992.2604332923888, 2162.743764617157, 2190.845395942974, 2206.9054436148645, 2331.0844373903274, 2451.753929199028, 2561.3308094679833, 2651.3642927373885, 2751.3640345022204, 2856.7380337285995, 2948.3850990680694, 3036.856282944488, 3151.7572415527343, 3251.7569833175658, 3472.4277345811843, 3598.5854158527372, 3658.563914733791, 3782.421914518356, 3875.3185507210733, 3971.6728672013282, 4082.8924837558748, 4159.890788938523, 4240.250416653442, 4344.2738035407065, 4444.274090348625, 4691.714085803032, 4791.713952303315, 4891.713818803596]
shares:[0, 10.0604, 20.1309, 30.1509, 40.1409, 50.0419, 59.8844, 69.5743, 79.1897, 88.7044, 98.1029, 107.5547, 116.9092, 126.025, 135.3621, 144.8498, 153.9822, 163.1903, 172.1912, 181.4248, 191.0125, 200.2726, 209.8511, 219.8113, 229.6635, 239.4291, 249.1567, 258.9223, 268.6879, 278.4345, 288.2097, 298.0232, 307.7888, 317.5544, 326.9706, 336.3164, 345.7673, 355.157, 364.5643, 373.9805, 383.3702, 392.8131, 402.3008, 411.7795, 421.2582, 430.4325, 439.6068, 448.7811]
growth_rate:4.08
