ticker:TMTS
price:[9.890000343322754, 9.850000381469727, 9.850000381469727, 9.899999618530273, 10.010000228881836, 10.029999732971191, 10.079999923706055, 10.079999923706055, 10.0600004196167, 10.170000076293945, 10.289999961853027, 10.270000457763672, 10.199999809265137, 10.369999885559082, 10.449999809265137, 10.399999618530273, 10.359999656677246, 10.0, 9.920000076293945, 9.920000076293945, 9.949999809265137, 9.850000381469727, 9.960000038146973, 9.989999771118164, 9.949999809265137, 9.970000267028809, 9.949999809265137, 9.899999618530273, 9.899999618530273, 9.930000305175781, 9.960000038146973, 10.045000076293945, 10.050000190734863, 10.010000228881836, 10.039999961853027, 10.050000190734863, 10.069999694824219, 10.039999961853027, 10.0, 10.010000228881836, 10.050000190734863, 10.020000457763672, 10.050000190734863, 10.0600004196167]
assets:[0, 100.00015887279511, 200.00031774559022, 301.01542840118407, 404.3599652458191, 505.1679575509071, 607.6858994005203, 707.6855466436386, 806.2818716311455, 915.0976238649367, 1025.8955031968117, 1123.9016080955505, 1216.2408372569084, 1336.5115102505683, 1446.8223285923957, 1539.8998635168075, 1633.9770738512038, 1677.1979999999999, 1763.779981565094, 1863.7795343341827, 1969.4163972476006, 2049.6235393775937, 2172.5130563207626, 2279.056609784317, 2369.9317495699884, 2474.695640280342, 2569.731725739956, 2656.818347626686, 2756.8182437734604, 2865.172498054504, 2973.8289233898163, 3099.207981539154, 3200.750190745735, 3288.010801181412, 3397.865299089813, 3501.2492164487835, 3608.2168356513976, 3697.4679339514732, 3782.737, 3886.519725866508, 4002.049770953274, 4090.1030648563383, 4202.3482847546575, 4306.530249631405]
shares:[0, 10.1523, 20.3046, 30.4056, 40.3956, 50.3657, 60.2863, 70.2069, 80.1473, 89.9801, 99.6983, 109.4354, 119.2393, 128.8825, 138.4519, 148.0673, 157.7198, 167.7198, 177.8004, 187.881, 197.9313, 208.0836, 218.1238, 228.1338, 238.1841, 248.2142, 258.2645, 268.3655, 278.4665, 288.537, 298.5772, 308.5324, 318.4826, 328.4726, 338.4328, 348.383, 358.3135, 368.2737, 378.2737, 388.2637, 398.2139, 408.1939, 418.1441, 428.0845]
growth_rate:0.15
