ticker:TMUS
price:[114.29000091552734, 111.58000183105469, 110.72000122070312, 112.0199966430664, 113.41000366210938, 117.2300033569336, 114.95999908447266, 112.37999725341797, 109.56999969482422, 123.55999755859375, 128.22999572753906, 129.67999267578125, 131.89999389648438, 131.8000030517578, 131.22999572753906, 131.9199981689453, 132.9199981689453, 134.85000610351562, 135.05999755859375, 127.27999877929688, 130.36000061035156, 126.08000183105469, 125.27999877929688, 123.68000030517578, 120.0999984741211, 119.97000122070312, 124.68000030517578, 127.12000274658203, 124.19000244140625, 122.98999786376953, 127.6500015258789, 129.02999877929688, 133.0500030517578, 133.32000732421875, 132.1300048828125, 139.1199951171875, 141.52000427246094, 136.0500030517578, 141.4499969482422, 144.50999450683594, 145.35000610351562, 144.6999969482422, 145.33999633789062, 146.2899932861328, 146.00999450683594, 149.41000366210938, 144.0, 144.02000427246094, 142.22999572753906, 144.94000244140625, 141.80999755859375, 138.3800048828125]
assets:[0, 99.99799764099122, 199.22957019653322, 301.56903296279904, 405.3160120880127, 518.9655018608094, 608.9201231506348, 695.2500910079956, 777.8702988334657, 977.1865966918945, 1114.1134948791503, 1226.7078907165528, 1347.7145676361085, 1446.6895534973144, 1540.4301818481447, 1648.525065118408, 1761.0171797409057, 1886.5920403900145, 1989.528306036377, 1974.9273730590821, 2122.7170699386597, 2153.0177592681885, 2239.354922180176, 2310.7505497016905, 2343.8595602211, 2441.317542840576, 2637.169026454925, 2788.7840442550655, 2824.502901525879, 2897.213884677887, 3106.98827213974, 3240.5755163421627, 3441.5379039382933, 3548.5253069458004, 3616.8474756591795, 3908.1867268310543, 4075.606299041748, 4018.0735801300048, 4277.561067712402, 4470.098758081055, 4596.083472998047, 4675.531831391907, 4796.205345150756, 4927.558988853455, 5018.12989520874, 5234.98288531189, 5145.4224, 5246.130283630371, 5280.928626365661, 5481.5439283325195, 5463.173431945801, 5431.027727636719]
shares:[0, 0.8962, 1.7994, 2.6921, 3.5739, 4.4269, 5.2968, 6.1866, 7.0993, 7.9086, 8.6884, 9.4595, 10.2177, 10.9764, 11.7384, 12.4964, 13.2487, 13.9903, 14.7307, 15.5164, 16.2835, 17.0766, 17.8748, 18.6833, 19.5159, 20.3494, 21.1515, 21.9382, 22.7434, 23.5565, 24.3399, 25.1149, 25.8665, 26.6166, 27.3734, 28.0922, 28.7988, 29.5338, 30.2408, 30.9328, 31.6208, 32.3119, 32.9999, 33.6835, 34.3684, 35.0377, 35.7321, 36.4264, 37.1295, 37.8194, 38.5246, 39.2472]
growth_rate:6.49
