ticker:TNDM
price:[107.11000061035156, 106.31999969482422, 106.4000015258789, 108.4000015258789, 111.05000305175781, 115.5199966430664, 118.73999786376953, 115.1500015258789, 109.0, 116.9800033569336, 99.44000244140625, 93.4000015258789, 90.75, 94.66999816894531, 91.0, 90.04000091552734, 93.9000015258789, 95.68000030517578, 97.58999633789062, 91.72000122070312, 98.62000274658203, 92.6500015258789, 100.36000061035156, 104.33999633789062, 98.0999984741211, 95.98999786376953, 86.9800033569336, 88.33999633789062, 89.69999694824219, 82.58999633789062, 87.62999725341797, 87.98999786376953, 92.05999755859375, 94.95999908447266, 91.9000015258789, 84.13999938964844, 78.9000015258789, 85.73999786376953, 85.38999938964844, 86.05000305175781, 92.16000366210938, 93.76000213623047, 99.36000061035156, 98.61000061035156, 97.2699966430664, 98.48999786376953, 104.0199966430664, 108.66999816894531, 107.13999938964844, 107.23999786376953, 112.69000244140625, 110.30999755859375]
assets:[0, 100.00459171295167, 200.0745628692627, 303.834364276886, 411.26258130187983, 527.8224166618347, 642.5377504402161, 723.1074645820618, 784.4839, 941.9112890296935, 900.677822113037, 945.9738954544067, 1019.131575, 1163.1534655029297, 1218.0623, 1305.2108492713928, 1461.168533744049, 1588.8716530677798, 1720.5897074340821, 1717.0993148529053, 1946.275616204071, 1928.454191760254, 2188.931901312256, 2375.7382446166994, 2333.661623701477, 2383.4700429565432, 2259.7491852134704, 2395.0828147125244, 2531.9528438583375, 2431.259535195923, 2679.6289230125426, 2790.637978248596, 3019.7152159179686, 3214.8422810050965, 3211.243373318481, 3040.0875599472047, 2950.7574870658873, 3306.5630176162717, 3393.065554747009, 3519.2902348114017, 3869.1810817474366, 4036.358715964508, 4377.433994889831, 4444.392171508789, 4484.0009402503965, 4640.2380613540645, 5000.782142614747, 5324.330028286743, 5349.371601525879, 5454.3657033485415, 5831.5611293396, 5808.394983447266]
shares:[0, 0.9406, 1.8804, 2.8029, 3.7034, 4.5691, 5.4113, 6.2797, 7.1971, 8.0519, 9.0575, 10.1282, 11.2301, 12.2864, 13.3853, 14.4959, 15.5609, 16.6061, 17.6308, 18.7211, 19.7351, 20.8144, 21.8108, 22.7692, 23.7886, 24.8304, 25.9801, 27.1121, 28.2269, 29.4377, 30.5789, 31.7154, 32.8016, 33.8547, 34.9428, 36.1313, 37.3987, 38.565, 39.7361, 40.8982, 41.9833, 43.0499, 44.0563, 45.0704, 46.0985, 47.1138, 48.0752, 48.9954, 49.9288, 50.8613, 51.7487, 52.6552]
growth_rate:13.89
