ticker:TNGX
price:[10.25, 10.135000228881836, 10.149999618530273, 10.220000267028809, 10.100000381469727, 10.140000343322754, 10.180000305175781, 10.100000381469727, 9.949999809265137, 10.15999984741211, 10.430000305175781, 10.34000015258789, 10.899999618530273, 10.899999618530273, 11.125, 11.0, 11.255000114440918, 11.4399995803833, 12.199999809265137, 11.819999694824219, 11.399999618530273, 11.329999923706055, 11.149999618530273, 12.199999809265137, 12.550000190734863, 11.869999885559082, 11.119999885559082, 11.199999809265137, 10.925000190734863, 10.300000190734863, 10.979999542236328, 11.25, 12.399999618530273, 11.399999618530273, 11.6899995803833, 10.8100004196167, 11.479999542236328, 11.020000457763672, 11.199999809265137, 10.949999809265137, 10.994999885559082, 11.119999885559082, 11.005000114440918, 11.010000228881836, 10.916999816894531, 10.729999542236328, 10.510000228881836, 10.02400016784668, 10.09000015258789, 9.864999771118164, 11.109999656677246, 12.699999809265137]
assets:[0, 100.00002025833129, 200.14784247779846, 301.5278218783378, 397.9874850317001, 499.56334091434474, 601.5341820327759, 696.8071063179016, 786.4589299241067, 903.057362437439, 1027.0556890510559, 1118.193466501236, 1278.7530752471923, 1378.7529417474748, 1507.2138874999998, 1590.2787999999998, 1727.1439210616113, 1855.5336119394303, 2078.803107499981, 2114.0530434181214, 2138.934048426437, 2225.8000120119095, 2290.438496638298, 2606.1297992557525, 2780.8955572640416, 2730.217486677456, 2657.7099966483115, 2776.8305127108574, 2808.6493040349965, 2747.9710408867836, 3029.390657702637, 3203.8841249999996, 3631.3919682849883, 3438.537424938774, 3626.0087458431244, 3453.050325038624, 3767.0688617885594, 3716.1237803653717, 3876.8228139781, 3890.286367236233, 4006.2733968008993, 4151.819869271755, 4208.883203268147, 4310.796035615158, 4374.382874830627, 4399.453251310349, 4409.249886022568, 4305.359194491005, 4433.706498049545, 4434.837282605553, 5094.530338568115, 5923.630431035996]
shares:[0, 9.8668, 19.719, 29.5037, 39.4047, 49.2666, 59.0898, 68.9908, 79.0411, 88.8836, 98.4713, 108.1425, 117.3168, 126.4911, 135.4799, 144.5708, 153.4557, 162.197, 170.3937, 178.8539, 187.6258, 196.4519, 205.4205, 213.6172, 221.5853, 230.0099, 239.0027, 247.9313, 257.0846, 266.7933, 275.9008, 284.7897, 292.8542, 301.6261, 310.1804, 319.4311, 328.1419, 337.2163, 346.1449, 355.2773, 364.3723, 373.3651, 382.4519, 391.5346, 400.6946, 410.0143, 419.529, 429.5051, 439.4159, 449.5527, 458.5536, 466.4276]
growth_rate:16.15
