ticker:TNXP
price:[0.8299999833106995, 0.7599999904632568, 0.9200000166893005, 0.8500000238418579, 0.800000011920929, 0.7699999809265137, 0.7400000095367432, 0.6700000166893005, 0.5600000023841858, 0.5600000023841858, 0.6200000047683716, 0.5799999833106995, 0.5699999928474426, 0.6299999952316284, 0.6000000238418579, 0.5899999737739563, 0.6700000166893005, 0.6800000071525574, 0.8399999737739563, 0.9100000262260437, 1.0299999713897705, 0.9800000190734863, 1.2699999809265137, 1.8200000524520874, 1.4199999570846558, 1.190000057220459, 1.0199999809265137, 1.2699999809265137, 1.4500000476837158, 1.2699999809265137, 1.2200000286102295, 1.1799999475479126, 0.9800000190734863, 1.0399999618530273, 1.1399999856948853, 1.0700000524520874, 1.059999942779541, 1.1299999952316284, 1.1799999475479126, 1.309999942779541, 1.3300000429153442, 1.2200000286102295, 1.190000057220459, 1.090000033378601, 1.0700000524520874, 0.9800000190734863, 0.9800000190734863, 0.7200000286102295, 0.6899999976158142, 0.6800000071525574, 0.6600000262260437, 0.7099999785423279]
assets:[0, 99.99996274516583, 221.052636010015, 304.2334535335183, 386.3373657568753, 471.84967431192393, 553.4659131327868, 601.1110169733167, 602.4211225647927, 702.42110699054, 877.6805007501722, 921.0559234969318, 1005.1756643867076, 1210.9836598342538, 1253.3178498023747, 1332.4290957722963, 1613.0975341812969, 1737.1735782724022, 2245.920193879044, 2533.0803500029383, 2967.112780582738, 2923.078298891115, 3888.0707786070348, 5671.88128746264, 4525.313657235634, 3892.3406041609287, 3436.2917057430745, 4378.520133241224, 5099.09800768547, 4566.106369423961, 4486.338557209157, 4439.24523467145, 3786.83100970211, 4118.677528927803, 4614.704324093092, 4431.345511227393, 4489.930585626507, 4886.435701380229, 5202.649504737425, 5875.822784345579, 6065.530498717535, 5663.870018823457, 5624.594651455354, 5251.93953082788, 5255.573720631587, 4913.515961630487, 5013.515947576761, 3783.3995583387855, 3725.757728126234, 3771.761275673145, 3760.82719744184, 4145.738083707195]
shares:[0, 131.5789, 240.2746, 357.9217, 482.9217, 612.7918, 747.9269, 897.1806, 1075.752, 1254.3234, 1415.6137, 1588.0275, 1763.4661, 1922.1963, 2088.863, 2258.3545, 2407.6082, 2554.667, 2673.7146, 2783.6047, 2880.6921, 2982.7329, 3061.4731, 3116.4182, 3186.8407, 3270.8743, 3368.9135, 3447.6537, 3516.6192, 3595.3594, 3677.3266, 3762.0724, 3864.1132, 3960.267, 4047.9863, 4141.4442, 4235.7838, 4324.2794, 4409.0252, 4485.3611, 4560.5491, 4642.5163, 4726.5499, 4818.293, 4911.7509, 5013.7917, 5115.8325, 5254.7214, 5399.6489, 5546.7077, 5698.2228, 5839.0679]
growth_rate:-18.71
