ticker:TOMZ
price:[5.360000133514404, 6.159999847412109, 6.139999866485596, 6.21999979019165, 7.409999847412109, 9.770000457763672, 9.109999656677246, 7.630000114440918, 7.849999904632568, 7.099999904632568, 4.989999771118164, 4.380000114440918, 4.25, 4.53000020980835, 4.170000076293945, 3.9700000286102295, 4.699999809265137, 4.570000171661377, 4.260000228881836, 4.340000152587891, 4.880000114440918, 4.449999809265137, 4.650000095367432, 5.050000190734863, 5.019999980926514, 4.239999771118164, 4.119999885559082, 4.5, 4.400000095367432, 4.239999771118164, 4.170000076293945, 3.8499999046325684, 3.5299999713897705, 3.509999990463257, 3.440000057220459, 3.1700000762939453, 2.819999933242798, 2.5, 2.619999885559082, 2.7200000286102295, 2.9000000953674316, 2.990000009536743, 2.990000009536743, 2.9800000190734863, 2.6500000953674316, 2.630000114440918, 2.619999885559082, 2.380000114440918, 2.0299999713897705, 2.0, 1.590000033378601, 1.75]
assets:[0, 100.00020552291869, 199.6752516580582, 302.27706180381773, 460.10837952537537, 706.6475241092681, 758.9103433994293, 735.6189930334091, 856.8298445906163, 874.9670682474136, 714.9417182069778, 727.5438610093116, 805.950025, 959.0481564186096, 982.8323219818116, 1035.6940044638397, 1326.1364361828805, 1389.4559971916676, 1395.204176961708, 1521.405281490326, 1810.7045224628448, 1751.154579942417, 1929.8583845797061, 2195.8678479363443, 2282.822903326416, 2028.121210518837, 2070.7214184817317, 2361.7102499999996, 2409.2279722186086, 2421.6194772771837, 2481.640020403862, 2391.202215768099, 2292.4529344199423, 2379.464444534946, 2432.0108964537144, 2341.126208345032, 2182.64216033082, 2034.9665, 2232.644692478657, 2417.8602494321826, 2677.865888062477, 2860.971941125202, 2960.9718934441566, 3051.0688475283623, 2813.1987612405774, 2891.9670618400573, 2980.970631791973, 2807.9048570164678, 2494.977554836512, 2558.106, 2133.6943437922832, 2448.40575]
shares:[0, 16.2338, 32.5204, 48.5976, 62.0929, 72.3283, 83.3052, 96.4114, 109.1503, 123.2348, 143.2749, 166.1059, 189.6353, 211.7104, 235.6912, 260.8801, 282.1567, 304.0385, 327.5127, 350.5542, 371.046, 393.5179, 415.0233, 434.8253, 454.7456, 478.3305, 502.6023, 524.8245, 547.5518, 571.1367, 595.1175, 621.0915, 649.4201, 677.9101, 706.9799, 738.5256, 773.9866, 813.9866, 852.1545, 888.9192, 923.402, 956.8468, 990.2916, 1023.8486, 1061.5844, 1099.6072, 1137.7751, 1179.7919, 1229.053, 1279.053, 1341.9461, 1399.089]
growth_rate:-51.99
