ticker:TOPS
price:[1.100000023841858, 1.100000023841858, 1.190000057220459, 1.0199999809265137, 1.1299999952316284, 1.25, 1.1299999952316284, 1.1100000143051147, 1.0199999809265137, 1.0499999523162842, 1.100000023841858, 1.1200000047683716, 1.2200000286102295, 1.649999976158142, 1.3200000524520874, 1.2000000476837158, 1.2400000095367432, 1.2100000381469727, 1.4199999570846558, 1.5099999904632568, 1.6399999856948853, 2.0999999046325684, 2.119999885559082, 3.6700000762939453, 2.9200000762939453, 2.3499999046325684, 2.0399999618530273, 2.490000009536743, 2.369999885559082, 2.059999942779541, 1.9900000095367432, 1.7100000381469727, 1.4500000476837158, 1.5199999809265137, 1.6799999475479126, 1.649999976158142, 1.4700000286102295, 1.5299999713897705, 1.5700000524520874, 1.6299999952316284, 1.899999976158142, 1.6699999570846558, 1.7000000476837158, 1.559999942779541, 1.559999942779541, 1.2999999523162842, 1.3300000429153442, 1.340000033378601, 1.309999942779541, 1.3899999856948853, 1.149999976158142, 1.25]
assets:[0, 100.00001216744184, 208.1818230103016, 278.44153279328344, 408.469573276341, 551.8468750000001, 598.8696004728914, 688.2701608700753, 732.4644343032837, 854.0074862169027, 994.6745815589904, 1112.7595407375454, 1312.1130807703735, 1874.5791629130601, 1599.6634475649118, 1554.2394617599248, 1706.0474411210776, 1764.7721086369513, 2171.054690386224, 2408.656854787588, 2716.024640309119, 3577.8361975194935, 3711.9107676252365, 6525.808433662033, 5292.1964582748415, 4359.130443098259, 3884.0962793693543, 4840.882224540663, 4707.586467683315, 4191.826315563964, 4149.38583488524, 3665.552661771774, 3208.2171805032494, 3463.096516543865, 3927.6329013734817, 3957.4967278157114, 3625.76991756742, 3873.7604155626295, 4075.035459142745, 4330.769155330849, 5148.135815399409, 4624.940299149156, 4808.0232648614165, 4512.06817449832, 4612.068226830339, 3943.3902153573035, 4134.391849405146, 4265.4775202505, 4269.981493488312, 4630.743808342934, 3931.1908534983513, 4373.033625]
shares:[0, 90.9091, 174.9427, 272.9819, 361.4775, 441.4775, 529.9731, 620.0632, 718.1024, 813.3405, 904.2496, 993.5353, 1075.5025, 1136.1086, 1211.8662, 1295.1995, 1375.8447, 1458.4893, 1528.9118, 1595.137, 1656.1126, 1703.7316, 1750.9014, 1778.1494, 1812.396, 1854.9492, 1903.9688, 1944.1294, 1986.3235, 2034.8672, 2085.1185, 2143.598, 2212.5635, 2278.353, 2337.8768, 2398.4829, 2466.5101, 2531.8696, 2595.5639, 2656.9136, 2709.5452, 2769.4254, 2828.2489, 2892.3515, 2956.4541, 3033.3772, 3108.5652, 3183.1921, 3259.528, 3331.4704, 3418.4269, 3498.4269]
growth_rate:-14.25
