ticker:TOUR
price:[1.0299999713897705, 0.972000002861023, 0.9200000166893005, 0.9110000133514404, 1.0800000429153442, 1.1100000143051147, 1.100000023841858, 1.149999976158142, 1.0399999618530273, 1.0800000429153442, 1.559999942779541, 2.4100000858306885, 3.190000057220459, 2.1600000858306885, 1.9900000095367432, 1.9299999475479126, 1.9199999570846558, 1.7599999904632568, 1.8200000524520874, 2.069999933242798, 2.1600000858306885, 1.850000023841858, 2.680000066757202, 3.4600000381469727, 4.070000171661377, 3.5199999809265137, 3.2300000190734863, 3.8399999141693115, 4.920000076293945, 3.5299999713897705, 3.640000104904175, 3.490000009536743, 2.8499999046325684, 3.009999990463257, 2.799999952316284, 2.5199999809265137, 2.1500000953674316, 2.309999942779541, 2.5799999237060547, 2.819999933242798, 2.809999942779541, 2.380000114440918, 2.440000057220459, 2.2300000190734863, 2.190000057220459, 2.009999990463257, 1.9500000476837158, 2.0199999809265137, 1.909999966621399, 1.7100000381469727, 1.5, 1.6799999475479126]
assets:[0, 100.00004069434405, 194.65029153106212, 292.7461191904306, 447.05359776431317, 559.471753210187, 654.43148418442, 784.1783137423753, 809.1698903198243, 940.291885363841, 1458.199338513565, 2352.731253791094, 3214.1962076544764, 2276.3836984553577, 2197.223884529829, 2230.975912368214, 2319.416396157002, 2226.1317639374734, 2402.022783225882, 2831.9708416693447, 3055.1002333987713, 2716.636790010631, 4035.452176520705, 5309.949262542916, 6346.096485660839, 5588.515649718046, 5228.098379872465, 6315.448178838729, 8191.6682710273735, 5977.355305554247, 6263.618632516408, 6105.502340683842, 5085.868434815359, 5471.391061664701, 5189.6660716205115, 4770.699407891321, 4170.239729979086, 4580.5827395354745, 5215.975525756836, 5801.182602669955, 5880.611082252217, 5080.731424304008, 5308.816948497105, 4951.910390354346, 4963.086972675847, 4655.161786912894, 4616.201962880849, 4881.911713903427, 4716.064957583427, 4322.236281421185, 3891.4353, 4458.407380801916]
shares:[0, 102.8807, 211.5764, 321.3459, 413.9385, 504.0286, 594.9377, 681.8942, 778.048, 870.6406, 934.7432, 976.237, 1007.585, 1053.8813, 1104.1326, 1155.9461, 1208.0294, 1264.8476, 1319.7927, 1368.1019, 1414.3982, 1468.4523, 1505.7657, 1534.6674, 1559.2374, 1587.6465, 1618.6063, 1644.648, 1664.9732, 1693.3018, 1720.7743, 1749.4276, 1784.5153, 1817.7379, 1853.4522, 1893.1347, 1939.6463, 1982.9363, 2021.696, 2057.157, 2092.7442, 2134.761, 2175.7446, 2220.5876, 2266.2497, 2316.0009, 2367.283, 2416.788, 2469.144, 2527.6235, 2594.2902, 2653.814]
growth_rate:-12.58
