ticker:TOWN
price:[18.139999389648438, 16.969999313354492, 16.90999984741211, 15.930000305175781, 17.209999084472656, 18.270000457763672, 18.049999237060547, 18.860000610351562, 18.18000030517578, 17.56999969482422, 20.719999313354492, 21.6200008392334, 22.299999237060547, 23.469999313354492, 22.8799991607666, 23.6299991607666, 23.459999084472656, 23.479999542236328, 25.1200008392334, 25.420000076293945, 25.729999542236328, 23.200000762939453, 25.829999923706055, 26.950000762939453, 27.790000915527344, 28.84000015258789, 30.489999771118164, 32.27000045776367, 31.850000381469727, 31.350000381469727, 30.709999084472656, 30.90999984741211, 30.950000762939453, 30.709999084472656, 30.979999542236328, 32.720001220703125, 33.04999923706055, 32.619998931884766, 32.029998779296875, 32.2400016784668, 31.56999969482422, 29.709999084472656, 31.790000915527344, 30.309999465942383, 30.469999313354492, 29.959999084472656, 29.700000762939453, 29.809999465942383, 30.809999465942383, 31.239999771118164, 30.399999618530273, 31.010000228881836]
assets:[0, 100.00081195373535, 199.64791319847106, 288.0781255187988, 411.2260441238403, 536.5552004436493, 630.0947883670806, 758.3700545425415, 831.0259939498901, 903.141909313202, 1165.060697390747, 1315.6656930707932, 1457.0462701507568, 1633.4931762100218, 1692.4289619220735, 1847.9061053705216, 1934.6124025016784, 2036.2606963012697, 2278.48706812191, 2405.6979672203065, 2535.0353398990633, 2385.7674384567263, 2756.2237208589554, 2975.7355392414092, 3168.4852913841246, 3388.2010859264374, 3682.0485973596574, 3997.007434699249, 4044.985083447075, 4081.484764663887, 4098.1633898254395, 4224.8529631439205, 4330.319836745452, 4396.741355924225, 4535.397580984498, 4890.128518438721, 5039.447358667374, 5073.880995859909, 5082.1102223144535, 5215.429607523727, 5207.045254665374, 5000.264149914551, 5450.332076965332, 5296.587538674927, 5424.546554757118, 5433.752157953643, 5486.596970940781, 5606.918084549904, 5895.006599816514, 6077.279603474426, 6013.870804535866, 6234.545041016579]
shares:[0, 5.8928, 11.8065, 18.084, 23.8946, 29.3681, 34.9083, 40.2105, 45.711, 51.4025, 56.2288, 60.8541, 65.3384, 69.5992, 73.9698, 78.2017, 82.4643, 86.7232, 90.7041, 94.638, 98.5245, 102.8348, 106.7063, 110.4169, 114.0153, 117.4827, 120.7625, 123.8614, 127.0011, 130.1909, 133.4472, 136.6824, 139.9134, 143.1697, 146.3976, 149.4538, 152.4795, 155.5451, 158.6672, 161.7689, 164.9365, 168.3024, 171.448, 174.7472, 178.0291, 181.3669, 184.7339, 188.0885, 191.3342, 194.5352, 197.8247, 201.0495]
growth_rate:22.25
