ticker:TPIC
price:[28.309999465942383, 27.1200008392334, 26.670000076293945, 26.520000457763672, 29.18000030517578, 35.529998779296875, 34.7599983215332, 33.52000045776367, 33.119998931884766, 41.47999954223633, 39.91999816894531, 38.79999923706055, 41.66999816894531, 41.56999969482422, 40.63999938964844, 50.61000061035156, 55.13999938964844, 52.779998779296875, 64.55999755859375, 62.13999938964844, 68.5199966430664, 59.90999984741211, 70.06999969482422, 78.73999786376953, 70.5, 47.65999984741211, 42.45000076293945, 50.43000030517578, 51.849998474121094, 52.119998931884766, 57.2599983215332, 53.06999969482422, 49.689998626708984, 58.209999084472656, 53.150001525878906, 48.119998931884766, 44.47999954223633, 47.5099983215332, 48.29999923706055, 44.20000076293945, 44.22999954223633, 44.2400016784668, 47.099998474121094, 47.060001373291016, 45.2599983215332, 40.5099983215332, 37.68000030517578, 39.13999938964844, 41.5099983215332, 40.90999984741211, 37.70000076293945, 42.599998474121094]
assets:[0, 99.99957909450531, 198.3394565673828, 297.2229051303863, 427.03471446609495, 619.9629486999512, 706.5282498836517, 781.324394670105, 871.999891878128, 1192.1061508441926, 1247.272398789978, 1312.2780541961667, 1509.345671676636, 1605.7243782119751, 1669.8000389221193, 2179.443761283874, 2474.523266609192, 2468.6155469055175, 3119.584274029541, 3102.6501695251463, 3521.201515489197, 3178.7407179039, 3817.812982372284, 4390.203698892975, 4030.77405, 2824.917808955765, 2616.1086470184327, 3207.897706412506, 3398.2229749946596, 3515.916099946976, 3962.6495538425443, 3772.68259430542, 3632.403496610641, 4355.225563500976, 4076.64232203598, 3790.835771855164, 3604.080922908783, 3949.591678466034, 4115.26619499588, 3865.9353867301943, 3968.5588239269255, 4069.456370395279, 4432.5337564010615, 4528.767466157151, 4455.548118766022, 4087.9408996227266, 3902.359375605774, 4153.564133229065, 4505.071815836334, 4539.954505066681, 4283.726676690292, 4940.4964830375675]
shares:[0, 3.6873, 7.4368, 11.2075, 14.6345, 17.449, 20.3259, 23.3092, 26.3285, 28.7393, 31.2443, 33.8216, 36.2214, 38.627, 41.0876, 43.0635, 44.8771, 46.7718, 48.3207, 49.93, 51.3894, 53.0586, 54.4857, 55.7557, 57.1741, 59.2723, 61.628, 63.6109, 65.5395, 67.4581, 69.2045, 71.0888, 73.1013, 74.8192, 76.7007, 78.7788, 81.027, 83.1318, 85.2022, 87.4646, 89.7255, 91.9859, 94.109, 96.2339, 98.4434, 100.9119, 103.5658, 106.1207, 108.5298, 110.9742, 113.6267, 115.9741]
growth_rate:-3.13
