ticker:TPST
price:[23.549999237060547, 22.649999618530273, 24.299999237060547, 23.25, 24.0, 23.700000762939453, 27.0, 26.700000762939453, 21.600000381469727, 23.399999618530273, 23.100000381469727, 25.649999618530273, 28.200000762939453, 27.299999237060547, 30.299999237060547, 33.0, 34.04999923706055, 32.09998321533203, 24.899988174438477, 26.24998664855957, 29.099985122680664, 29.549985885620117, 35.25, 38.70000076293945, 37.5, 30.899999618530273, 29.399999618530273, 31.950000762939453, 34.95000076293945, 32.70000076293945, 19.049999237060547, 17.399999618530273, 14.850000381469727, 14.100000381469727, 17.25, 16.350000381469727, 14.805000305175781, 17.25, 17.850000381469727, 20.399999618530273, 20.549999237060547, 22.799999237060547, 15.899991989135742, 11.220000267028809, 15.670000076293945, 19.799999237060547, 15.010000228881836, 15.020000457763672, 13.600000381469727, 13.300000190734863, 13.550000190734863, 14.869999885559082]
assets:[0, 99.99974831581116, 207.2838534919739, 298.327725, 407.952, 502.8523961875916, 672.8697, 765.3929018707275, 719.193612701416, 879.126285668373, 967.8553659830093, 1174.6955975297928, 1391.4782776458742, 1447.0692195594788, 1706.0869070415497, 1958.1144, 2120.419437488937, 2098.9858024673463, 1728.18616924572, 1921.8822724796296, 2230.5429596385957, 2365.0360753541945, 2921.238, 3307.147265197754, 3304.6012499999997, 2822.9899751493454, 2785.9527838518143, 3127.5919646842954, 3521.261506867218, 3394.570729200363, 2077.570056794739, 1997.6226162050245, 1804.8675613637924, 1813.7126590692521, 2318.9037000000003, 2297.9173436138153, 2180.775064452362, 2640.9232500000003, 2832.7807805389402, 3337.4644175910953, 3462.004941469574, 3941.0573881233213, 2848.3674949121473, 2109.9816382162094, 3046.827804834366, 3949.852347803116, 3094.307044183922, 3196.3687474155427, 2994.1815239845278, 3028.1334034263614, 3185.0535598340034, 3595.331026329994]
shares:[0, 4.415, 8.5302, 12.8313, 16.998, 21.2174, 24.9211, 28.6664, 33.296, 37.5695, 41.8985, 45.7971, 49.3432, 53.0062, 56.3065, 59.3368, 62.2737, 65.389, 69.4051, 73.2146, 76.651, 80.0351, 82.872, 85.456, 88.1227, 91.3589, 94.7603, 97.8902, 100.7514, 103.8095, 109.0588, 114.8059, 121.5399, 128.6321, 134.4292, 140.5454, 147.2999, 153.097, 158.6992, 163.6012, 168.4674, 172.8534, 179.1427, 188.0554, 194.437, 199.4875, 206.1497, 212.8075, 220.1604, 227.6792, 235.0593, 241.7842]
growth_rate:-29.5
