ticker:TPTX
price:[72.33499908447266, 71.0999984741211, 88.56999969482422, 86.69000244140625, 88.19000244140625, 111.80999755859375, 114.98999786376953, 102.55999755859375, 92.19000244140625, 103.41999816894531, 110.4000015258789, 103.0999984741211, 108.0, 107.33999633789062, 118.61000061035156, 124.54000091552734, 130.10000610351562, 121.8499984741211, 131.07000732421875, 131.60000610351562, 131.9600067138672, 125.48999786376953, 133.38999938964844, 133.63999938964844, 121.93000030517578, 117.91000366210938, 111.94999694824219, 114.5999984741211, 105.72000122070312, 91.54000091552734, 90.58999633789062, 78.94999694824219, 73.02999877929688, 72.3499984741211, 76.2300033569336, 64.95999908447266, 69.3499984741211, 70.33999633789062, 66.18000030517578, 64.86000061035156, 74.93000030517578, 81.11000061035156, 80.4000015258789, 76.22000122070312, 74.43000030517578, 67.3499984741211, 65.05999755859375, 63.81999969482422, 64.20999908447266, 66.3499984741211, 64.11000061035156, 77.52999877929688]
assets:[0, 100.00214785385133, 224.5780912261963, 319.8080880065918, 425.34038177490237, 639.2624800415039, 757.4391159286499, 775.558701538086, 797.1392941101074, 994.2384943969727, 1161.3417760513305, 1184.5468124687195, 1340.8416, 1432.6454631225586, 1683.0640476608276, 1867.21577972641, 2050.5712462005613, 2020.541044697571, 2273.435491040039, 2382.631270504761, 2489.1484106430053, 2467.1082600021364, 2722.42319254303, 2827.528379086304, 2679.765353707123, 2691.4137435913085, 2655.375562614441, 2818.2317024757385, 2699.8562471740725, 2437.728532380676, 2512.4320174346926, 2289.605176496887, 2217.921062927246, 2297.2716215499877, 2520.4688309936523, 2247.836832319641, 2499.7484349990846, 2635.435676791382, 2579.570669895172, 2628.1207387313843, 3136.1576977729796, 3494.819040298462, 3564.2285476440434, 3478.924759716797, 3497.220095339203, 3264.5554510383604, 3253.552887908935, 3291.5420122604373, 3411.657039355469, 3625.363916625977, 3602.969212301636, 4457.168617822266]
shares:[0, 1.4065, 2.5356, 3.6891, 4.823, 5.7174, 6.587, 7.562, 8.6467, 9.6136, 10.5194, 11.4893, 12.4152, 13.3468, 14.1899, 14.9929, 15.7615, 16.5822, 17.3452, 18.1051, 18.8629, 19.6598, 20.4095, 21.1578, 21.9779, 22.826, 23.7193, 24.5919, 25.5378, 26.6302, 27.7341, 29.0007, 30.37, 31.7522, 33.064, 34.6034, 36.0454, 37.4671, 38.9781, 40.5199, 41.8545, 43.0874, 44.3312, 45.6432, 46.9867, 48.4715, 50.0085, 51.5754, 53.1328, 54.64, 56.1998, 57.4896]
growth_rate:-12.6
