ticker:TQQQ
price:[70.81999969482422, 60.85499954223633, 58.2400016784668, 61.22999954223633, 62.8650016784668, 70.55000305175781, 72.55000305175781, 69.6500015258789, 58.724998474121094, 75.69999694824219, 72.56999969482422, 72.13500213623047, 78.6050033569336, 83.79499816894531, 80.6500015258789, 87.16500091552734, 87.32499694824219, 90.9000015258789, 95.13999938964844, 88.68499755859375, 100.5199966430664, 90.47000122070312, 105.30000305175781, 110.11000061035156, 104.81999969482422, 89.22000122070312, 83.76000213623047, 88.5199966430664, 86.4800033569336, 88.6500015258789, 95.9000015258789, 107.2699966430664, 111.80999755859375, 109.05999755859375, 107.66000366210938, 103.80000305175781, 95.97000122070312, 96.44999694824219, 102.58999633789062, 103.9800033569336, 109.22000122070312, 110.38999938964844, 117.51000213623047, 126.72000122070312, 129.14999389648438, 125.52999877929688, 136.55999755859375, 132.74000549316406, 136.42999267578125, 137.13999938964844, 135.8000030517578, 145.10000610351562]
assets:[0, 100.00302074775696, 195.70387764015197, 305.75200271415713, 413.91574405136106, 564.5129044189453, 680.5190286254883, 753.320486503601, 735.1606383979798, 1047.6652477645875, 1104.3484843559265, 1197.7295754699705, 1405.1587610092163, 1597.9370970825196, 1637.9612059898377, 1870.2732751441956, 1973.7021160247803, 2154.502746166229, 2355.0004048919677, 2295.2209478149416, 2701.5151177810667, 2531.413963156128, 3046.371208288574, 3285.528264212036, 3227.680322602844, 2847.3135869567873, 2773.067518724823, 3030.6591250686647, 3060.812702812958, 3237.613300727081, 3602.397247318268, 4129.497971770477, 4404.2740708312995, 4395.946757592774, 4439.521741012573, 4380.349748783874, 4149.925195785522, 4270.680479872131, 4642.556399276734, 4805.456651141358, 5147.626033532715, 5302.771283680726, 5744.793731435395, 6295.044156640625, 6515.759257070922, 6433.123718441772, 7098.388673095703, 6999.831805673218, 7294.420560400391, 7432.384550921631, 7459.76576763916, 8070.636459484864]
shares:[0, 1.6433, 3.3603, 4.9935, 6.5842, 8.0016, 9.38, 10.8158, 12.5187, 13.8397, 15.2177, 16.604, 17.8762, 19.0696, 20.3095, 21.4567, 22.6018, 23.7019, 24.753, 25.8806, 26.8754, 27.9807, 28.9304, 29.8386, 30.7926, 31.9134, 33.1073, 34.237, 35.3933, 36.5213, 37.5641, 38.4963, 39.3907, 40.3076, 41.2365, 42.1999, 43.2419, 44.2787, 45.2535, 46.2152, 47.1308, 48.0367, 48.8877, 49.6768, 50.4511, 51.2477, 51.98, 52.7334, 53.4664, 54.1956, 54.932, 55.6212]
growth_rate:58.25
