ticker:TREE
price:[305.25, 306.7099914550781, 305.0, 302.8399963378906, 310.0, 326.5299987792969, 337.5199890136719, 344.9100036621094, 323.5899963378906, 292.4100036621094, 321.17999267578125, 269.9599914550781, 259.4700012207031, 244.67999267578125, 273.04998779296875, 260.7699890136719, 277.45001220703125, 273.7900085449219, 264.9200134277344, 302.95001220703125, 318.0400085449219, 325.5199890136719, 342.6400146484375, 353.3399963378906, 344.6499938964844, 268.8699951171875, 239.00999450683594, 236.33999633789062, 221.67999267578125, 206.0399932861328, 220.50999450683594, 227.5500030517578, 232.27999877929688, 227.0399932861328, 206.49000549316406, 187.32000732421875, 185.7899932861328, 195.32000732421875, 205.25, 199.02999877929688, 212.39999389648438, 214.7899932861328, 222.5, 210.6300048828125, 204.92999267578125, 184.72999572753906, 189.8300018310547, 195.22000122070312, 184.77000427246094, 173.19000244140625, 162.8800048828125, 169.3800048828125]
assets:[0, 99.98745721435547, 199.4395, 298.0248403961182, 405.077, 526.6928880310059, 644.4269150238038, 758.5260800537109, 811.6284288146973, 833.4269924377442, 1015.44266484375, 953.4986898193359, 1016.4477827819825, 1058.5101163146974, 1281.2324577209474, 1323.6163102355956, 1508.2737563598635, 1588.3653555725098, 1636.9142709686278, 1971.9016294555665, 2170.11419430542, 2321.152833660889, 2543.2455087280273, 2722.661341781616, 2755.6834911987303, 2249.769684143066, 2099.91791073761, 2176.4550262756347, 2141.4508972473145, 2090.358147885132, 2337.1633807785033, 2511.7879536865235, 2663.996077999878, 2703.91009604187, 2559.1751810806277, 2421.579394683838, 2501.792312593079, 2730.1244663757325, 2968.920725, 2978.94170072937, 3279.0523457733157, 3415.9556162246704, 3638.5647500000005, 3544.4606591674806, 3548.5472601745605, 3298.76047970581, 3489.8347536621095, 3688.9161870666503, 3591.4484810455324, 3466.363260864258, 3360.002756726074, 3594.0912616088867]
shares:[0, 0.326, 0.6539, 0.9841, 1.3067, 1.613, 1.9093, 2.1992, 2.5082, 2.8502, 3.1616, 3.532, 3.9174, 4.3261, 4.6923, 5.0758, 5.4362, 5.8014, 6.1789, 6.509, 6.8234, 7.1306, 7.4225, 7.7055, 7.9956, 8.3675, 8.7859, 9.209, 9.6601, 10.1454, 10.5989, 11.0384, 11.4689, 11.9094, 12.3937, 12.9275, 13.4657, 13.9777, 14.4649, 14.9673, 15.4381, 15.9037, 16.3531, 16.8279, 17.3159, 17.8572, 18.384, 18.8962, 19.4374, 20.0148, 20.6287, 21.2191]
growth_rate:-29.53
