ticker:TRHC
price:[50.08000183105469, 41.290000915527344, 39.599998474121094, 40.59000015258789, 43.345001220703125, 42.77000045776367, 40.88999938964844, 39.45000076293945, 34.540000915527344, 35.150001525878906, 34.38999938964844, 34.029998779296875, 35.56999969482422, 36.66999816894531, 37.459999084472656, 37.130001068115234, 40.529998779296875, 42.84000015258789, 45.66999816894531, 51.720001220703125, 51.439998626708984, 56.790000915527344, 52.75, 53.52000045776367, 48.220001220703125, 40.54999923706055, 34.5, 44.650001525878906, 44.5099983215332, 44.52000045776367, 46.900001525878906, 43.15999984741211, 44.029998779296875, 43.41999816894531, 47.560001373291016, 47.130001068115234, 40.81999969482422, 41.209999084472656, 43.209999084472656, 42.560001373291016, 42.20000076293945, 49.099998474121094, 52.54999923706055, 47.220001220703125, 48.2599983215332, 46.5099983215332, 42.869998931884766, 42.959999084472656, 37.47999954223633, 35.029998779296875, 33.0, 32.209999084472656]
assets:[0, 100.00025321731567, 195.90911245117186, 300.80843213081357, 421.22672186279294, 515.6394025188447, 592.9745041488648, 672.0938829978943, 688.4443902481079, 800.6045547546387, 883.2933783233642, 974.0474610595703, 1118.1287124069213, 1252.7058094482422, 1379.6929722801208, 1467.5373012165069, 1701.9194967407225, 1898.9215627635954, 2124.3627998275756, 2505.7823391418456, 2592.215850795746, 2961.8200287483214, 2851.1164, 2992.736737597275, 2796.3694887908937, 2451.5718538742067, 2185.8027, 2928.8704300918575, 3019.6873651279448, 3120.3667640842436, 3387.179080200958, 3217.0730166263584, 3381.9221912384032, 3435.068947140503, 3862.5950235321043, 3927.6728990135193, 3501.8171498199463, 3635.2741332382197, 3911.7018341194153, 3952.858015547562, 4019.423472667694, 4776.629521556854, 5212.255754326629, 4783.589169662476, 4988.944890486146, 4908.037337877274, 4623.919501794052, 4733.6248271209715, 4229.801600339127, 4053.3071467529294, 3918.4167, 3924.6112334480285]
shares:[0, 2.4219, 4.9472, 7.4109, 9.718, 12.0561, 14.5017, 17.0366, 19.9318, 22.7768, 25.6846, 28.6232, 31.4346, 34.1616, 36.8311, 39.5243, 41.9916, 44.3259, 46.5155, 48.449, 50.393, 52.1539, 54.0496, 55.9181, 57.9919, 60.458, 63.3566, 65.5962, 67.8429, 70.0891, 72.2213, 74.5383, 76.8095, 79.1126, 81.2152, 83.337, 85.7868, 88.2134, 90.5277, 92.8773, 95.247, 97.2837, 99.1866, 101.3043, 103.3764, 105.5265, 107.8591, 110.1868, 112.8549, 115.7096, 118.7399, 121.8445]
growth_rate:-23.05
