ticker:TRIB
price:[1.9299999475479126, 2.259999990463257, 2.3399999141693115, 2.0, 1.9500000476837158, 2.2200000286102295, 2.759999990463257, 2.690000057220459, 2.7200000286102295, 3.1500000953674316, 3.0199999809265137, 2.859999895095825, 4.420000076293945, 4.46999979019165, 4.28000020980835, 4.340000152587891, 4.139999866485596, 3.809999942779541, 3.990000009536743, 4.019999980926514, 4.619999885559082, 4.769999980926514, 5.869999885559082, 6.300000190734863, 5.760000228881836, 5.360000133514404, 4.159999847412109, 4.610000133514404, 4.699999809265137, 3.259999990463257, 3.7100000381469727, 3.75, 3.5999999046325684, 3.5899999141693115, 3.440000057220459, 2.990000009536743, 3.4000000953674316, 3.430000066757202, 3.130000114440918, 3.3499999046325684, 3.2300000190734863, 2.990000009536743, 2.869999885559082, 2.809999942779541, 2.490000009536743, 2.190000057220459, 2.0, 2.190000057220459, 2.390000104904175, 2.190000057220459, 2.4000000953674316, 2.7100000381469727]
assets:[0, 100.0000275780201, 203.5397445342064, 273.9656, 367.11656397717, 517.9479846750497, 743.9353654294491, 825.067402550459, 934.2688738270759, 1181.9657157844542, 1233.1861882115365, 1267.8516814954758, 2059.4070995475768, 2182.703579550457, 2189.92673535161, 2320.626725589752, 2313.68529338398, 2229.2610655198573, 2434.5806998190405, 2552.885711887455, 3033.913268847656, 3232.4171990747454, 4077.8384384988785, 4476.555855529404, 4192.851046608926, 4001.6806916794776, 3205.781994412613, 3652.561652785158, 3823.869554820156, 2752.30095794847, 3232.2199262343406, 3367.06875, 3332.385991721916, 3423.129538158894, 3380.102088224125, 3037.937483689642, 3554.5110597013477, 3685.8742987372157, 3463.4947406343463, 3806.9348666245937, 3770.567331265593, 3590.401280451751, 3546.3047395915037, 3572.166062259436, 3265.3713215064286, 2971.9531556513784, 2814.1124, 3181.453160125208, 3571.99688378551, 3373.0849541321754, 3796.531590860605, 4386.916896751881]
shares:[0, 44.2478, 86.9828, 136.9828, 188.2649, 233.3099, 269.5418, 306.7165, 343.4812, 375.2272, 408.3398, 443.3048, 465.9292, 488.3006, 511.6651, 534.7066, 558.8612, 585.1079, 610.1706, 635.0462, 656.6912, 677.6556, 694.6914, 710.5644, 727.9255, 746.5822, 770.6207, 792.3127, 813.5893, 844.2641, 871.2183, 897.885, 925.6628, 953.518, 982.5878, 1016.0326, 1045.4444, 1074.5989, 1106.5478, 1136.3985, 1167.3583, 1200.8031, 1235.6463, 1271.2335, 1311.3941, 1357.0562, 1407.0562, 1452.7183, 1494.5593, 1540.2214, 1581.8881, 1618.7885]
growth_rate:-13.98
