ticker:TRIL
price:[9.630000114440918, 14.050000190734863, 16.0, 13.670000076293945, 13.649999618530273, 15.369999885559082, 14.8100004196167, 12.979999542236328, 12.449999809265137, 13.279999732971191, 15.5, 17.780000686645508, 19.670000076293945, 17.040000915527344, 12.119999885559082, 12.510000228881836, 13.020000457763672, 14.710000038146973, 15.510000228881836, 14.5600004196167, 12.899999618530273, 13.149999618530273, 12.760000228881836, 13.229999542236328, 13.420000076293945, 11.350000381469727, 10.029999732971191, 12.029999732971191, 11.0600004196167, 10.359999656677246, 10.970000267028809, 10.420000076293945, 9.979999542236328, 9.229999542236328, 9.510000228881836, 9.59000015258789, 8.645000457763672, 8.289999961853027, 7.96999979019165, 8.130000114440918, 9.739999771118164, 9.8100004196167, 10.630000114440918, 9.699999809265137, 8.5, 7.5, 7.199999809265137, 6.53000020980835, 6.579999923706055, 6.230000019073486, 6.090000152587891, 17.31999969482422]
assets:[0, 99.99947135753632, 213.8784, 282.7325105779648, 382.3187443155289, 530.4940090500832, 611.1657683163643, 635.6474515827178, 709.6923191274643, 857.0048627676964, 1100.26905, 1362.1151846035002, 1606.907217232704, 1492.0531521652222, 1161.248701035118, 1298.6155857593537, 1451.5568850345612, 1739.969412512207, 1934.5980015489577, 1916.1018792217255, 1797.6446168413163, 1932.4831789403913, 1975.1701994295122, 2147.9235006809236, 2278.771034955025, 2027.2769131361008, 1891.5054936424256, 2368.675669422722, 2277.6854264154435, 2233.5278659825326, 2465.0391410033226, 2441.449781875992, 2438.355404157257, 2355.111915197754, 2526.5559968078614, 2647.809591129684, 2486.8943141841887, 2484.771636566162, 2488.857985481405, 2638.82242914505, 3261.393145359993, 3384.832734784126, 3767.76420956316, 3538.1292504283906, 3200.4225500000002, 2923.9019999999996, 2906.9459229922295, 2736.4383799215316, 2857.391286869049, 2805.402650588894, 2842.3601932167053, 8183.691195804596]
shares:[0, 7.1174, 13.3674, 20.6827, 28.0087, 34.5149, 41.2671, 48.9713, 57.0034, 64.5335, 70.9851, 76.6094, 81.6933, 87.5618, 95.8126, 103.8062, 111.4867, 118.2848, 124.7323, 131.6004, 139.3523, 146.9569, 154.7939, 162.3525, 169.8041, 178.6147, 188.5848, 196.8974, 205.939, 215.5915, 224.7073, 234.3042, 244.3242, 255.1584, 265.6736, 276.1011, 287.6685, 299.7312, 312.2783, 324.5784, 334.8453, 345.039, 354.4463, 364.7556, 376.5203, 389.8536, 403.7425, 419.0564, 434.254, 450.3054, 466.7258, 472.4995]
growth_rate:60.46
