ticker:TRIN
price:[15.0, 15.0, 14.300000190734863, 14.9399995803833, 15.109999656677246, 14.670000076293945, 14.699999809265137, 13.75, 14.289999961853027, 14.5600004196167, 14.699999809265137, 14.710000038146973, 14.680000305175781, 14.5600004196167, 14.9399995803833, 14.550000190734863, 14.420000076293945, 14.399999618530273, 14.609999656677246, 14.6899995803833, 14.609999656677246, 14.460000038146973, 14.399999618530273, 14.460000038146973, 14.359999656677246, 14.329999923706055, 14.270000457763672, 15.25, 15.25, 14.859999656677246, 16.100000381469727, 16.0]
assets:[0, 100.00049999999999, 195.33371260538104, 304.07530545949936, 407.53482274017335, 495.6670285778045, 596.6803422579765, 658.119, 783.9651169072151, 898.7771779026032, 1007.4189169285773, 1108.1043028736115, 1205.844585067749, 1295.9870933501243, 1429.8102498412134, 1492.4866395648958, 1579.1515123550416, 1676.9605955757143, 1801.415879668236, 1911.2805894046783, 2000.8715949811935, 2080.328393488121, 2171.695622469711, 2280.7439940168383, 2364.971319457626, 2460.0310869026184, 2549.73086079216, 2824.835275, 2924.8356249999997, 2950.03685184288, 3296.204598099518, 3375.7312]
shares:[0, 6.6667, 13.6597, 20.3531, 26.9712, 33.7878, 40.5905, 47.8632, 54.8611, 61.7292, 68.5319, 75.33, 82.142, 89.0101, 95.7035, 102.5764, 109.5112, 116.4556, 123.3002, 130.1076, 136.9522, 143.8678, 150.8122, 157.7278, 164.6916, 171.67, 178.6777, 185.2351, 191.7925, 198.522, 204.7332, 210.9832]
growth_rate:8.89
