ticker:TRIP
price:[22.600000381469727, 21.270000457763672, 20.75, 19.31999969482422, 19.350000381469727, 20.3700008392334, 19.510000228881836, 20.90999984741211, 19.110000610351562, 19.979999542236328, 25.479999542236328, 25.90999984741211, 27.530000686645508, 30.940000534057617, 28.40999984741211, 26.989999771118164, 26.0, 28.780000686645508, 35.650001525878906, 33.43000030517578, 33.189998626708984, 30.969999313354492, 35.900001525878906, 37.380001068115234, 39.91999816894531, 49.619998931884766, 51.5, 59.790000915527344, 59.9900016784668, 55.68000030517578, 55.25, 52.4900016784668, 52.58000183105469, 50.9900016784668, 47.130001068115234, 44.16999816894531, 42.16999816894531, 39.779998779296875, 43.45000076293945, 41.2599983215332, 43.02000045776367, 40.79999923706055, 42.369998931884766, 40.279998779296875, 38.88999938964844, 35.279998779296875, 36.2599983215332, 37.95000076293945, 37.2400016784668, 34.95000076293945, 32.65999984741211, 36.15999984741211]
assets:[0, 100.00090715217591, 197.5566, 283.94217151489255, 384.3838875778198, 504.6464007911682, 583.3412028434753, 725.2006147079468, 762.7737633621216, 897.4995814373016, 1244.5578376407623, 1365.560631958008, 1550.941130683136, 1843.0494218130111, 1792.3414343734742, 1802.756549712181, 1836.6322, 2133.009604890251, 2742.1731623695377, 2671.4113823867797, 2752.2341701217647, 2668.142865843773, 3192.874335708618, 3424.501513853455, 3757.1983716644286, 4770.144167318344, 5050.8728, 5963.915074321747, 6083.862024221038, 5746.766239497376, 5802.38815, 5612.530172471237, 5722.155407269287, 5649.121097955322, 5321.476698601532, 5087.261871109009, 4956.914604766846, 4775.978697442627, 5316.598578354264, 5148.628890552521, 5468.250748186111, 5286.068301153183, 5589.4799180934915, 5413.764759933471, 5326.945999397279, 4932.468405334473, 5169.482806705857, 5510.419805780411, 5507.3270242240915, 5268.663685012055, 5023.447640530395, 5661.784520108414]
shares:[0, 4.7015, 9.5208, 14.6968, 19.8648, 24.774, 29.8996, 34.682, 39.9149, 44.9199, 48.8445, 52.704, 56.3364, 59.5685, 63.0884, 66.7935, 70.6397, 74.1143, 76.9193, 79.9106, 82.9236, 86.1525, 88.938, 91.6132, 94.1182, 96.1335, 98.0752, 99.7477, 101.4146, 103.2106, 105.0206, 106.9257, 108.8276, 110.7888, 112.9106, 115.1746, 117.546, 120.0598, 122.3613, 124.785, 127.1095, 129.5605, 131.9207, 134.4033, 136.9747, 139.8092, 142.5671, 145.2021, 147.8874, 150.7486, 153.8104, 156.5759]
growth_rate:11.02
