ticker:TRIT
price:[10.600000381469727, 10.550000190734863, 10.5, 10.399999618530273, 10.350000381469727, 11.5600004196167, 12.739999771118164, 11.0, 10.300000190734863, 10.279999732971191, 12.050000190734863, 12.050000190734863, 11.949999809265137, 14.420000076293945, 12.710000038146973, 8.449999809265137, 14.350000381469727, 11.029999732971191, 12.90999984741211, 8.079999923706055, 7.554999828338623, 7.300000190734863, 7.329999923706055, 7.849999904632568, 8.0, 7.130000114440918, 6.690000057220459, 7.730000019073486, 7.590000152587891, 7.110000133514404, 7.489999771118164, 7.5, 7.630000114440918, 7.599999904632568, 7.340000152587891, 6.210000038146973, 4.929999828338623, 6.46999979019165, 6.190000057220459, 6.480000019073486, 6.650000095367432, 6.78000020980835, 6.159999847412109, 6.389999866485596, 6.03000020980835, 5.409999847412109, 5.570000171661377, 5.489999771118164, 5.440000057220459, 5.400000095367432, 5.010000228881836, 5.21999979019165]
assets:[0, 100.00028680791854, 199.52625, 297.6261490831375, 396.19490960254666, 542.5131316926957, 697.8908174619675, 702.5744, 757.8647440340995, 856.3928537547113, 1103.8462924723626, 1203.846834055233, 1293.8563543486594, 1661.2892747896194, 1564.2845256949427, 1139.984404268074, 2035.9493541221616, 1664.91448569355, 2048.689166785812, 1382.215690948677, 1392.406111362362, 1445.4087977657318, 1551.3490378528595, 1761.4041736011982, 1895.0616, 1788.9733557141305, 1778.5739792123793, 2155.063711317539, 2216.0326105506897, 2175.8882718596938, 2392.1800948989867, 2495.3737499999997, 2638.627240576267, 2728.252525764942, 2734.91782085495, 2413.874831828022, 2016.3290107919215, 2746.1765299473286, 2727.3313572114944, 2955.1061606981752, 3132.6321699249743, 3293.87190592947, 3092.6624193923953, 3308.135519878912, 3221.7615760982517, 2990.502386653519, 3178.94614597168, 3233.2876022020337, 3303.840962751341, 3379.5479396849637, 3235.4696708124156, 3471.0879284859657]
shares:[0, 9.4787, 19.0025, 28.6179, 38.2797, 46.9302, 54.7795, 63.8704, 73.5791, 83.3067, 91.6055, 99.9043, 108.2725, 115.2073, 123.0751, 134.9094, 141.878, 150.9442, 158.6901, 171.0663, 184.3026, 198.0012, 211.6438, 224.3827, 236.8827, 250.9079, 265.8556, 278.7922, 291.9674, 306.0321, 319.3832, 332.7165, 345.8227, 358.9806, 372.6046, 388.7077, 408.9917, 424.4477, 440.6028, 456.0349, 471.0725, 485.8218, 502.0556, 517.7051, 534.2888, 552.7731, 570.7264, 588.9413, 607.3237, 625.8422, 645.8023, 664.9594]
growth_rate:-31.94
