ticker:TRMB
price:[49.959999084472656, 50.15999984741211, 49.349998474121094, 47.849998474121094, 49.33000183105469, 51.380001068115234, 52.34000015258789, 50.08000183105469, 48.130001068115234, 56.0, 58.11000061035156, 58.310001373291016, 60.45000076293945, 63.02000045776367, 62.84000015258789, 66.1500015258789, 66.6500015258789, 66.7699966430664, 72.31999969482422, 69.45999908447266, 70.76000213623047, 65.91000366210938, 72.2699966430664, 73.97000122070312, 72.98999786376953, 74.13999938964844, 70.66999816894531, 73.87000274658203, 74.68000030517578, 74.69999694824219, 80.73999786376953, 80.4000015258789, 81.97000122070312, 82.54000091552734, 82.0, 79.33000183105469, 76.30999755859375, 76.72000122070312, 77.79000091552734, 79.81999969482422, 78.61000061035156, 77.87000274658203, 81.05000305175781, 82.56999969482422, 83.26000213623047, 79.22000122070312, 83.44999694824219, 85.5, 89.36000061035156, 88.9000015258789, 90.58999633789062, 95.70999908447266]
assets:[0, 99.99897569580078, 198.38205886611937, 292.35392067718504, 401.398224899292, 518.0799647701264, 627.7607278301239, 700.6542816177368, 773.3721091629028, 999.8295999999999, 1137.5032619476317, 1241.4199292373657, 1386.9829525051116, 1545.9499332294463, 1641.531619985962, 1827.9957571662903, 1941.8144694557188, 2045.3118911697388, 2315.3175582298277, 2323.756485371399, 2467.245602485657, 2398.1354832458496, 2729.5438222129824, 2893.7508297546387, 2955.416106502533, 3101.9805044631958, 3056.795435798645, 3295.2078565200804, 3431.336910021973, 3532.256585694885, 3917.8599523406983, 4001.3633559402465, 4179.502816241455, 4308.563285790253, 4380.3744, 4337.7486341217045, 4272.612025305176, 4395.565061938476, 4556.868242630768, 4775.782239740753, 4803.385477294922, 4858.169305354309, 5156.563294158936, 5353.269047214509, 5498.00763306427, 5331.228812149047, 5715.890850970459, 5956.3062, 6325.21360320282, 6392.656869723511, 6614.183989620971, 7088.0049731987]
shares:[0, 1.9936, 4.0199, 6.1098, 8.137, 10.0833, 11.9939, 13.9907, 16.0684, 17.8541, 19.575, 21.29, 22.9443, 24.5311, 26.1224, 27.6341, 29.1345, 30.6322, 32.0149, 33.4546, 34.8678, 36.385, 37.7687, 39.1206, 40.4907, 41.8395, 43.2545, 44.6082, 45.9472, 47.2859, 48.5244, 49.7682, 50.9882, 52.1997, 53.4192, 54.6798, 55.9902, 57.2936, 58.5791, 59.8319, 61.104, 62.3882, 63.622, 64.8331, 66.0342, 67.2965, 68.4948, 69.6644, 70.7835, 71.9084, 73.0123, 74.0571]
growth_rate:38.98
