ticker:TRMD
price:[6.650000095367432, 6.860000133514404, 7.170000076293945, 6.599999904632568, 6.75, 7.289999961853027, 7.119999885559082, 6.875, 6.539999961853027, 6.989999771118164, 7.199999809265137, 7.099999904632568, 7.170000076293945, 7.420000076293945, 7.144999980926514, 7.0, 7.150000095367432, 7.050000190734863, 7.610000133514404, 7.760000228881836, 7.409999847412109, 7.239999771118164, 7.760000228881836, 8.34000015258789, 9.020000457763672, 8.3100004196167, 8.170000076293945, 9.170000076293945, 9.239999771118164, 9.390000343322754, 9.279999732971191, 9.069999694824219, 8.729999542236328, 8.65999984741211, 8.920000076293945, 9.479999542236328, 9.104999542236328, 9.609999656677246, 9.380000114440918, 9.074999809265137, 8.880000114440918, 8.600000381469727, 8.65999984741211, 8.630000114440918, 8.90999984741211, 8.329999923706055, 8.399999618530273, 8.84000015258789, 8.579999923706055, 8.0, 7.869999885559082, 7.909999847412109]
assets:[0, 100.00027994627952, 204.51923317623138, 288.26027583475116, 394.81155, 526.3963172454834, 614.1206381291389, 692.989, 759.2214015715599, 911.4617191549302, 1038.844772480011, 1124.416334896803, 1235.5021481466292, 1378.5811061748504, 1427.4881141893386, 1498.5186999999999, 1630.629736749506, 1707.8237712044715, 1943.4806450975896, 2081.7884534025193, 2087.893427005768, 2139.99334034729, 2393.6946786022186, 2672.6047568977356, 2990.515305768204, 2855.1200281703946, 2907.0191981466296, 3362.8352659786224, 3488.5055495870592, 3645.137098275661, 3702.4359254636765, 3718.6527108795167, 3679.2548150756834, 3749.753087929916, 3962.332717890358, 4311.0885678291315, 4240.555202801514, 4575.7532865285875, 4566.240335710525, 4517.764502547359, 4520.689066260337, 4478.144898636819, 4609.387106783294, 4693.419521238613, 4945.696781302642, 4723.754698735428, 4863.450259135819, 5218.202586071778, 5164.725806074905, 4915.5952, 4935.716861227703, 5060.802873374558]
shares:[0, 14.5773, 28.5243, 43.6758, 58.4906, 72.208, 86.2529, 100.7984, 116.0889, 130.3951, 144.284, 158.3685, 172.3155, 185.7926, 199.7884, 214.0741, 228.0601, 242.2445, 255.3851, 268.2717, 281.767, 295.5792, 308.4658, 320.4562, 331.5427, 343.5764, 355.8163, 366.7214, 377.5439, 388.1935, 398.9694, 409.9948, 421.4496, 432.9969, 444.2077, 454.7562, 465.7392, 476.145, 486.806, 497.8253, 509.0866, 520.7145, 532.2618, 543.8493, 555.0726, 567.0774, 578.9822, 590.2944, 601.9494, 614.4494, 627.1559, 639.7981]
growth_rate:-0.77
