ticker:TRMK
price:[24.170000076293945, 22.469999313354492, 22.329999923706055, 20.979999542236328, 22.100000381469727, 23.059999465942383, 22.940000534057617, 24.469999313354492, 23.389999389648438, 22.90999984741211, 25.649999618530273, 25.489999771118164, 25.950000762939453, 26.079999923706055, 27.239999771118164, 27.15999984741211, 27.34000015258789, 27.309999465942383, 29.790000915527344, 30.549999237060547, 30.520000457763672, 27.469999313354492, 29.1200008392334, 29.799999237060547, 30.15999984741211, 30.15999984741211, 33.31999969482422, 35.5, 35.34000015258789, 34.79999923706055, 33.90999984741211, 33.65999984741211, 33.33000183105469, 33.349998474121094, 32.40999984741211, 33.58000183105469, 34.45000076293945, 33.9900016784668, 33.54999923706055, 33.470001220703125, 32.97999954223633, 30.3799991607666, 31.84000015258789, 30.739999771118164, 30.670000076293945, 30.399999618530273, 30.360000610351562, 30.020000457763672, 30.75, 30.8799991607666, 30.229999542236328, 32.189998626708984]
assets:[0, 100.00048494415283, 199.37787031879424, 287.32319173088075, 402.6620069503784, 520.1528779535294, 617.4461723745346, 758.62625971241, 825.1430424682617, 908.2096689510345, 1116.8291983903885, 1209.8624471363066, 1331.6969491523741, 1438.369371792221, 1602.346678536415, 1697.6412224624635, 1808.8909620956422, 1906.9070577096938, 2180.070993999481, 2335.6879716697695, 2433.393208498001, 2290.2123007534024, 2527.776232850075, 2686.803691212463, 2819.2602737365723, 2919.258769230652, 3325.12272154541, 3642.67275, 3726.256684088898, 3769.3201573631286, 3772.921531022644, 3845.106324569321, 3907.409434661865, 4009.7536915397645, 3996.7363611831665, 4241.0199112548835, 4450.898758570862, 4491.466013793945, 4533.322866910553, 4622.515092590332, 4654.84000939064, 4387.871380787086, 4698.743446517944, 4636.412723478507, 4725.85443575592, 4784.251619965553, 4877.956478065491, 4923.328107073975, 5143.0482, 5264.7897289175025, 5253.970897440719, 5694.619992055893]
shares:[0, 4.4504, 8.9287, 13.6951, 18.22, 22.5565, 26.9157, 31.0023, 35.2776, 39.6425, 43.5411, 47.4642, 51.3178, 55.1522, 58.8233, 62.5052, 66.1628, 69.8245, 73.1813, 76.4546, 79.7311, 83.3714, 86.8055, 90.1612, 93.4768, 96.7924, 99.7936, 102.6105, 105.4402, 108.3138, 111.2628, 114.2337, 117.234, 120.2325, 123.318, 126.296, 129.1988, 132.1408, 135.1214, 138.1092, 141.1413, 144.4329, 147.5736, 150.8267, 154.0872, 157.3767, 160.6705, 164.0016, 167.2536, 170.4919, 173.7999, 176.9065]
growth_rate:11.66
