ticker:TRMT
price:[2.880000114440918, 2.865000009536743, 2.869999885559082, 2.75, 2.809999942779541, 2.880000114440918, 2.872999906539917, 2.880000114440918, 2.859999895095825, 3.6600000858306885, 3.690000057220459, 4.125, 4.210000038146973, 4.539999961853027, 4.900000095367432, 4.25, 4.099999904632568, 3.7899999618530273, 3.869999885559082, 4.099999904632568, 4.050000190734863, 3.880000114440918, 4.050000190734863, 4.380000114440918, 4.809999942779541, 5.679999828338623, 5.429999828338623, 5.880000114440918, 6.050000190734863, 5.630000114440918, 5.800000190734863, 5.703999996185303, 6.260000228881836, 6.159999847412109, 6.010000228881836, 5.960000038146973, 5.809999942779541, 6.079999923706055, 6.110000133514404, 6.019999980926514, 5.989999771118164, 6.150000095367432, 6.199999809265137, 6.03000020980835, 5.949999809265137, 5.78000020980835, 5.78000020980835, 5.800000190734863, 5.679999828338623, 5.71999979019165, 5.710000038146973, 5.820000171661377]
assets:[0, 99.99996033287049, 200.17445601806642, 291.80469999999997, 398.1713718919754, 508.0901961896896, 606.8551512587071, 708.3337241466522, 803.4145825309276, 1128.1459824561596, 1237.3931801881313, 1483.2646124999999, 1613.8289976229667, 1840.3284825367928, 2086.257850604296, 1909.509275, 1942.1146048257351, 1895.2717239237786, 2035.2774448142054, 2256.23691751914, 2328.7221646712305, 2330.973312752247, 2533.1038042965893, 2839.5045801907536, 3218.26850871501, 3900.3667061228275, 3828.6955939614772, 4245.991006638622, 4468.749150883675, 4258.5219525629045, 4487.109827560043, 4512.840521781922, 5052.731640740966, 5072.016978362274, 5048.510175264931, 5106.508960684204, 5077.9893349888325, 5413.971804063606, 5540.685596073866, 5559.0714583868985, 5631.368301821709, 5881.789366208315, 6029.608314507008, 5964.28044352169, 5985.1518131382945, 5914.14765667777, 6014.1474403076645, 6134.957741750049, 6108.027007402754, 6251.04113871317, 6340.112817356587, 6562.251565554142]
shares:[0, 34.904, 69.7472, 106.1108, 141.698, 176.4202, 211.227, 245.9492, 280.9142, 308.2366, 335.3369, 359.5793, 383.3323, 405.3587, 425.7669, 449.2963, 473.6865, 500.0717, 525.9115, 550.3017, 574.9931, 600.7663, 625.4577, 648.2887, 669.0787, 686.6843, 705.1005, 722.1073, 738.6362, 756.3982, 773.6396, 791.1712, 807.1456, 823.3794, 840.0183, 856.7968, 874.0085, 890.4559, 906.8225, 923.4338, 940.1283, 956.3885, 972.5175, 989.1012, 1005.9079, 1023.2089, 1040.5099, 1057.7513, 1075.3569, 1092.8394, 1110.3525, 1127.5346]
growth_rate:28.67
