ticker:TRNS
price:[29.06999969482422, 28.540000915527344, 29.760000228881836, 29.18000030517578, 29.059999465942383, 29.09000015258789, 28.510000228881836, 27.09000015258789, 30.90999984741211, 30.5, 32.02000045776367, 31.030000686645508, 31.780000686645508, 32.45000076293945, 34.2400016784668, 34.11000061035156, 33.029998779296875, 34.68000030517578, 34.619998931884766, 35.400001525878906, 37.41999816894531, 36.56999969482422, 43.0, 43.11000061035156, 44.33000183105469, 44.83000183105469, 45.59000015258789, 48.970001220703125, 51.849998474121094, 53.16999816894531, 48.90999984741211, 49.75, 48.97999954223633, 50.099998474121094, 50.0, 49.060001373291016, 48.400001525878906, 56.97999954223633, 52.84000015258789, 55.900001525878906, 54.380001068115234, 56.349998474121094, 57.599998474121094, 57.540000915527344, 63.20000076293945, 59.13999938964844, 61.349998474121094, 63.849998474121094, 65.08000183105469, 67.94999694824219, 64.97000122070312, 66.6500015258789]
assets:[0, 100.00130920791625, 204.2756175710678, 300.2943011405945, 399.0606306661606, 499.47239361991876, 589.5126787326813, 660.1507957183838, 853.2396357879638, 941.92235, 1088.862529566574, 1155.1972775627137, 1283.1175277233124, 1410.1699481548308, 1587.9588298427582, 1681.930020095825, 1728.6778341125487, 1915.0330848518372, 2011.7196699333192, 2157.0459929771423, 2380.1326615341186, 2426.0684077545166, 2952.638, 3060.1892593261723, 3246.791396109009, 3383.409898193359, 3540.7701568508146, 3903.2812692993166, 4232.836845433045, 4440.598737075806, 4184.817842944336, 4356.692075, 4389.259392978286, 4589.625790215302, 4680.465, 4692.4713873519895, 4729.343229099274, 5667.726480466843, 5355.925823466491, 5766.090747394562, 5709.301932140351, 6016.128697091674, 6249.582554442597, 6343.071604925537, 7067.0177653118135, 6713.0286427185065, 7063.887904309082, 7451.74177191925, 7695.293704510498, 8134.654269657898, 7877.905013015747, 8181.614272309113]
shares:[0, 3.5039, 6.8641, 10.2911, 13.7323, 17.1699, 20.6774, 24.3688, 27.604, 30.8827, 34.0057, 37.2284, 40.375, 43.4567, 46.3773, 49.309, 52.3366, 55.2201, 58.1086, 60.9335, 63.6059, 66.3404, 68.666, 70.9856, 73.2414, 75.472, 77.6655, 79.7076, 81.6362, 83.517, 85.5616, 87.5717, 89.6133, 91.6093, 93.6093, 95.6476, 97.7137, 99.4687, 101.3612, 103.1501, 104.989, 106.7636, 108.4997, 110.2376, 111.8199, 113.5108, 115.1408, 116.707, 118.2436, 119.7153, 121.2545, 122.7549]
growth_rate:60.42
