ticker:TROW
price:[132.27000427246094, 125.73999786376953, 127.97000122070312, 125.22000122070312, 129.08999633789062, 142.2100067138672, 147.02999877929688, 148.10000610351562, 126.66000366210938, 133.74000549316406, 140.42999267578125, 137.4600067138672, 145.6300048828125, 152.52999877929688, 151.49000549316406, 150.44000244140625, 148.27999877929688, 151.38999938964844, 154.52000427246094, 156.4199981689453, 156.2100067138672, 156.47999572753906, 159.86000061035156, 163.19000244140625, 162.77000427246094, 162.13999938964844, 172.6999969482422, 173.72000122070312, 171.85000610351562, 178.1300048828125, 173.9600067138672, 179.52000427246094, 177.82000732421875, 178.55999755859375, 179.1999969482422, 189.22999572753906, 191.07000732421875, 192.1699981689453, 191.35000610351562, 194.47000122070312, 193.9499969482422, 190.02000427246094, 196.7100067138672, 203.55999755859375, 205.1999969482422, 203.41000366210938, 207.35000610351562, 204.16000366210938, 214.0, 214.85000610351562, 215.47000122070312, 222.64999389648438]
assets:[0, 100.0010203010559, 201.77030092468263, 297.43506889953613, 406.6334884643555, 547.9635978698731, 666.5310934661865, 771.3788817901611, 759.7067019653321, 902.1699550552369, 1047.2987993774414, 1125.1513929550172, 1292.0294033203124, 1453.2448163696288, 1543.3347289627075, 1632.635082495117, 1709.1938899291993, 1845.0353395614625, 1983.1869948349, 2107.5717713287354, 2204.7480347595215, 2308.5650249679566, 2458.4230053863525, 2609.636605041504, 2702.9261369476317, 2792.472353488159, 3074.336265673828, 3192.4872064331053, 3258.121450717163, 3477.1867603149412, 3495.7785229171755, 3707.500984236145, 3772.3981093811035, 3888.090378839111, 4002.019771846008, 4326.024778326416, 4468.0956932739255, 4593.823806228638, 4674.221409094239, 4850.431876446533, 4937.462652310181, 4937.422785014343, 5211.261168864441, 5492.740838122559, 5636.9875561660765, 5687.811545401, 5897.987983612061, 5907.247209960938, 6291.9638, 6416.946617294312, 6535.46370102539, 6853.233607131958]
shares:[0, 0.7953, 1.5767, 2.3753, 3.15, 3.8532, 4.5333, 5.2085, 5.998, 6.7457, 7.4578, 8.1853, 8.872, 9.5276, 10.1877, 10.8524, 11.5268, 12.1873, 12.8345, 13.4738, 14.114, 14.7531, 15.3786, 15.9914, 16.6058, 17.2226, 17.8016, 18.3772, 18.9591, 19.5205, 20.0953, 20.6523, 21.2147, 21.7747, 22.3327, 22.8612, 23.3846, 23.905, 24.4276, 24.9418, 25.4574, 25.9837, 26.4921, 26.9834, 27.4707, 27.9623, 28.4446, 28.9344, 29.4017, 29.8671, 30.3312, 30.7803]
growth_rate:34.38
