ticker:TRS
price:[25.299999237060547, 23.510000228881836, 23.770000457763672, 22.81999969482422, 23.469999313354492, 24.729999542236328, 25.079999923706055, 25.530000686645508, 24.329999923706055, 24.889999389648438, 27.209999084472656, 26.729999542236328, 27.68000030517578, 29.559999465942383, 31.049999237060547, 30.850000381469727, 32.040000915527344, 31.670000076293945, 32.560001373291016, 33.86000061035156, 34.220001220703125, 31.649999618530273, 33.41999816894531, 34.5099983215332, 35.650001525878906, 33.59000015258789, 32.27000045776367, 33.209999084472656, 32.22999954223633, 31.010000228881836, 30.56999969482422, 30.829999923706055, 31.229999542236328, 31.34000015258789, 31.84000015258789, 33.560001373291016, 33.16999816894531, 32.77000045776367, 32.41999816894531, 32.5099983215332, 31.969999313354492, 30.59000015258789, 30.229999542236328, 29.6200008392334, 29.81999969482422, 28.8799991607666, 31.389999389648438, 32.720001220703125, 31.719999313354492, 31.920000076293945, 31.229999542236328, 32.11000061035156]
assets:[0, 99.99978597354888, 201.10608887290954, 293.0681280807495, 401.41678625602725, 522.9677733196258, 630.3682420824051, 741.6797089479446, 806.8192924699782, 925.3902653076173, 1111.6454655967714, 1192.035021585846, 1334.4002227119447, 1525.0299324474336, 1701.9001381820678, 1790.9381571455, 1960.0214240066528, 2037.388110908127, 2194.6450285640717, 2382.2677469421383, 2507.597203451538, 2419.2721658411024, 2654.5671645584107, 2841.1460438148497, 3034.998709902954, 2959.6249904445644, 2943.320925752258, 3129.0560767387387, 3136.720245449066, 3117.987301013565, 3173.746798316956, 3300.739949831772, 3443.5634075248718, 3555.69225331192, 3712.419841791153, 4012.964012212372, 4066.329977529907, 4117.294951514435, 4173.319378294373, 4284.905555773544, 4313.731189350509, 4227.525785087586, 4277.774683222961, 4291.45531559124, 4420.433258761596, 4381.090096688462, 4861.855750465394, 5167.852616799927, 5109.911085385323, 5242.1290445295335, 5228.81071635704, 5476.14867809143]
shares:[0, 4.2535, 8.4605, 12.8426, 17.1034, 21.1471, 25.1343, 29.0513, 33.1615, 37.1792, 40.8543, 44.5954, 48.2081, 51.591, 54.8116, 58.0531, 61.1742, 64.3318, 67.4031, 70.3564, 73.2787, 76.4383, 79.4305, 82.3282, 85.1332, 88.1103, 91.2092, 94.2203, 97.323, 100.5478, 103.819, 107.0626, 110.2646, 113.4554, 116.5961, 119.5758, 122.5906, 125.6422, 128.7267, 131.8027, 134.9306, 138.1996, 141.5076, 144.8837, 148.2372, 151.6998, 154.8855, 157.9417, 161.0943, 164.2271, 167.4291, 170.5434]
growth_rate:7.38
