ticker:TRST
price:[29.700000762939453, 28.049999237060547, 28.700000762939453, 25.799999237060547, 26.850000381469727, 28.200000762939453, 27.350000381469727, 29.0, 27.5, 27.399999618530273, 30.649999618530273, 31.049999237060547, 31.450000762939453, 31.799999237060547, 31.700000762939453, 33.099998474121094, 33.0, 33.349998474121094, 35.150001525878906, 36.099998474121094, 35.400001525878906, 31.100000381469727, 32.54999923706055, 33.849998474121094, 34.25, 34.400001525878906, 36.650001525878906, 39.099998474121094, 37.400001525878906, 37.650001525878906, 37.29999923706055, 37.650001525878906, 37.75, 37.25, 36.599998474121094, 37.95000076293945, 38.849998474121094, 38.79999923706055, 39.130001068115234, 36.75, 36.150001525878906, 34.2599983215332, 35.349998474121094, 34.040000915527344, 33.25, 33.599998474121094, 33.11000061035156, 33.630001068115234, 34.16999816894531, 33.81999969482422, 32.790000915527344, 32.66999816894531]
assets:[0, 100.00105228004456, 202.3177853782654, 281.8753116645813, 393.3471355884552, 513.1243938823701, 597.6576783359527, 733.7145, 795.76475, 892.8700875692368, 1098.7749013246537, 1213.1141551921844, 1328.743662233734, 1443.5323453670503, 1538.9938270397186, 1706.96030131073, 1801.8033, 1920.9132221115112, 2124.5926322296145, 2282.014473543549, 2337.766540766907, 2153.7994264183044, 2354.2177548194886, 2548.2414251312257, 2678.3534250000002, 2790.084363759613, 3072.5748679229737, 3377.9700781745914, 3331.102195905304, 3453.3673249580384, 3521.26539797554, 3654.305383101654, 3764.010975, 3814.1578750000003, 3847.6004595909117, 4089.5186472148894, 4286.502926642608, 4380.985513854981, 4518.247311332703, 4343.434725, 4372.523434562683, 4243.919606081772, 4478.94378666687, 4412.962738689423, 4410.546, 4556.972913053894, 4590.516168621826, 4762.610128264236, 4939.081883331299, 4988.490538986206, 4936.564148833466, 5018.497224728393]
shares:[0, 3.5651, 7.0494, 10.9254, 14.6498, 18.1959, 21.8522, 25.3005, 28.9369, 32.5865, 35.8491, 39.0697, 42.2494, 45.3941, 48.5487, 51.5698, 54.6001, 57.5986, 60.4436, 63.2137, 66.0386, 69.254, 72.3262, 75.2804, 78.2001, 81.1071, 83.8356, 86.3931, 89.0669, 91.7229, 94.4039, 97.0599, 99.7089, 102.3935, 105.1257, 107.7607, 110.3347, 112.912, 115.4676, 118.1887, 120.955, 123.8739, 126.7028, 129.6405, 132.648, 135.6242, 138.6444, 141.6179, 144.5444, 147.5012, 150.5509, 153.6118]
growth_rate:-1.6
