ticker:TRUE
price:[4.579999923706055, 4.539999961853027, 4.934999942779541, 4.849999904632568, 5.079999923706055, 5.230000019073486, 4.940000057220459, 4.90500020980835, 4.360000133514404, 3.7100000381469727, 3.9000000953674316, 3.9800000190734863, 4.139999866485596, 4.21999979019165, 4.340000152587891, 4.420000076293945, 4.510000228881836, 4.199999809265137, 4.75, 4.590000152587891, 5.070000171661377, 4.480000019073486, 5.0, 5.420000076293945, 5.179999828338623, 5.420000076293945, 4.949999809265137, 5.175000190734863, 5.050000190734863, 4.855000019073486, 5.059999942779541, 5.010000228881836, 4.769999980926514, 4.269999980926514, 4.599999904632568, 4.619999885559082, 4.659999847412109, 4.75, 5.909999847412109, 5.650000095367432, 5.300000190734863, 5.199999809265137, 5.699999809265137, 5.639999866485596, 5.619999885559082, 5.369999885559082, 5.460000038146973, 5.260000228881836, 4.159999847412109, 3.9100000858306885, 3.880000114440918, 4.170000076293945]
assets:[0, 99.99985515975952, 208.70016058015824, 305.10573400058746, 419.57446569862367, 531.9636989400386, 602.466598978424, 698.1983308650017, 720.6208220672607, 713.1888893331527, 849.7133007781982, 967.1431886348724, 1106.0233203309058, 1227.395800976801, 1362.2982718963622, 1487.4095856742858, 1617.6960410978318, 1606.5016070438385, 1916.87675, 1952.308369901657, 2256.471514400196, 2093.8839129146577, 2436.924, 2741.6257385921476, 2720.2251098537445, 2946.258925472641, 2790.7712824651717, 3017.6248937205314, 3044.7355099974634, 3027.166307892609, 3254.986643191338, 3322.823032803154, 3263.6459119498727, 3021.5446455031874, 3355.059610442734, 3469.646710054207, 3599.6867821311953, 3769.2086, 4789.689047336959, 4678.975258977318, 4489.127191553402, 4504.426514778615, 5037.544691432381, 5084.51797163539, 5166.487812794017, 5036.661975662899, 5221.075350477696, 5129.827321217537, 4157.049575520325, 4007.226929964971, 4076.4809922361374, 4481.166315987015]
shares:[0, 22.0264, 42.2898, 62.9084, 82.5934, 101.7139, 121.9568, 142.3442, 165.28, 192.2342, 217.8752, 243.0008, 267.1554, 290.8521, 313.8936, 336.518, 358.6909, 382.5004, 403.553, 425.3395, 445.0634, 467.3848, 487.3848, 505.835, 525.14, 543.5902, 563.7922, 583.1159, 602.9179, 623.5152, 643.278, 663.2381, 684.2025, 707.6217, 729.3608, 751.0058, 772.465, 793.5176, 810.4381, 828.1372, 847.0051, 866.2359, 883.7798, 901.5103, 919.3039, 937.9259, 956.2409, 975.2523, 999.2908, 1024.8662, 1050.6394, 1074.6202]
growth_rate:-12.13
