ticker:TRUP
price:[67.62000274658203, 70.4000015258789, 69.33000183105469, 73.18000030517578, 83.37000274658203, 89.9800033569336, 92.4800033569336, 74.9000015258789, 71.54000091552734, 91.75, 86.87000274658203, 95.93000030517578, 98.0, 95.9000015258789, 103.16999816894531, 117.0199966430664, 120.6500015258789, 119.70999908447266, 116.0, 117.44999694824219, 118.06999969482422, 112.19999694824219, 119.22000122070312, 107.86000061035156, 106.68000030517578, 96.76000213623047, 85.87999725341797, 93.2300033569336, 80.33000183105469, 76.06999969482422, 78.37999725341797, 75.62000274658203, 81.19000244140625, 82.66000366210938, 81.0999984741211, 83.27999877929688, 78.0199966430664, 78.08000183105469, 90.16999816894531, 87.80000305175781, 95.55000305175781, 104.61000061035156, 112.1500015258789, 115.51000213623047, 113.01000213623047, 105.30000305175781, 114.97000122070312, 115.0199966430664, 99.4000015258789, 96.81999969482422, 89.87999725341797, 92.91000366210938]
assets:[0, 100.00320216751099, 198.48486224212644, 309.50749329071044, 452.60740791091916, 588.4962159553528, 704.845593585205, 670.8568436668396, 740.7609394798278, 1050.0237, 1094.1711195945738, 1308.2837511619568, 1436.5134, 1505.7355139579772, 1719.885137475586, 2050.7754411697388, 2214.3859980056764, 2297.1391144317627, 2325.9508, 2455.022051210022, 2567.9870723625186, 2540.320130905151, 2799.2617846618655, 2632.5282488967896, 2703.7299317344664, 2552.3159843490603, 2365.3240603530885, 2667.757900057983, 2398.6297556747436, 2371.4289914863584, 2543.438748873138, 2553.876542758942, 2841.9910834594725, 2993.449372619629, 3036.951642860413, 3218.5887368225094, 3115.29945595932, 3217.69249145813, 3815.922186511231, 3815.630092623901, 4252.433775817872, 4755.64385474701, 5198.42173072815, 5454.1628318687435, 5436.120132759094, 5165.249459696961, 5739.5898859405515, 5842.084167494964, 5148.711339037322, 5115.06835787735, 4848.423655840302, 5111.871237487792]
shares:[0, 1.4205, 2.8629, 4.2294, 5.4289, 6.5403, 7.6216, 8.9567, 10.3545, 11.4444, 12.5955, 13.6379, 14.6583, 15.7011, 16.6704, 17.525, 18.3538, 19.1892, 20.0513, 20.9027, 21.7497, 22.641, 23.4798, 24.4069, 25.3443, 26.3778, 27.5422, 28.6148, 29.8597, 31.1743, 32.4501, 33.7725, 35.0042, 36.214, 37.447, 38.6478, 39.9295, 41.2102, 42.3192, 43.4582, 44.5048, 45.4607, 46.3524, 47.2181, 48.103, 49.0527, 49.9225, 50.7919, 51.7979, 52.8307, 53.9433, 55.0196]
growth_rate:0.23
