ticker:TRVG
price:[1.840000033378601, 1.7000000476837158, 1.7000000476837158, 1.5399999618530273, 1.4199999570846558, 1.4500000476837158, 1.4299999475479126, 1.5, 1.350000023841858, 1.2999999523162842, 1.399999976158142, 1.4900000095367432, 2.4200000762939453, 2.2300000190734863, 2.3499999046325684, 2.2100000381469727, 2.200000047683716, 2.4200000762939453, 2.3499999046325684, 2.1600000858306885, 2.190000057220459, 2.5199999809265137, 2.619999885559082, 3.299999952316284, 3.4600000381469727, 4.340000152587891, 3.7699999809265137, 4.400000095367432, 4.860000133514404, 4.369999885559082, 4.5, 4.039999961853027, 3.690000057220459, 3.680000066757202, 3.5799999237060547, 3.799999952316284, 3.680000066757202, 3.5799999237060547, 3.9600000381469727, 3.6600000858306885, 3.819999933242798, 3.4800000190734863, 3.6500000953674316, 3.2799999713897705, 3.049999952316284, 2.930000066757202, 2.9100000858306885, 2.940000057220459, 2.9800000190734863, 2.690000057220459, 2.559999942779541, 2.819999933242798]
assets:[0, 99.99995280492307, 199.99990560984614, 281.1764270350456, 359.26652114222054, 466.8566603527307, 560.4172654440164, 687.8503499999999, 719.065362699151, 792.4333009337188, 953.3897637638688, 1114.6791391345025, 1910.4184822286604, 1860.4267989124776, 2060.539371379423, 2037.7840171743394, 2128.5631861353636, 2441.419496969223, 2470.7997697302817, 2371.0331742163894, 2503.964159423733, 2981.2736294352057, 3199.577920243263, 4130.002740323067, 4430.245290844059, 5657.0131268920895, 5014.041162632561, 5951.93160900464, 6674.178891353703, 6101.2675472208975, 6382.76985, 5830.308976948357, 5425.208193128157, 5510.50569996357, 5460.763623624802, 5896.341366010665, 5810.141241399121, 5752.256883412742, 6462.831734256935, 6073.223338423204, 6438.719139478827, 5965.639448696995, 6357.064641097783, 5812.649653298402, 5505.055323933935, 5388.4632097708945, 5451.682042797804, 5607.88488114481, 5784.182421021652, 5321.292208192111, 5164.129164572716, 5788.611042967558]
shares:[0, 58.8235, 117.647, 182.5821, 253.0046, 321.9701, 391.9002, 458.5669, 532.641, 609.5641, 680.9927, 748.1068, 789.4291, 834.2721, 876.8253, 922.0742, 967.5287, 1008.851, 1051.4042, 1097.7005, 1143.3626, 1183.0451, 1221.213, 1251.516, 1280.4177, 1303.4592, 1329.9844, 1352.7117, 1373.2878, 1396.1711, 1418.3933, 1443.1458, 1470.2461, 1497.42, 1525.353, 1551.6688, 1578.8427, 1606.7757, 1632.0282, 1659.3506, 1685.5286, 1714.2642, 1741.6615, 1772.1493, 1804.9362, 1839.0659, 1873.4302, 1907.4438, 1941.0008, 1978.1755, 2017.238, 2052.699]
growth_rate:13.5
