ticker:TRVI
price:[3.609999895095825, 3.6500000953674316, 4.019999980926514, 3.9000000953674316, 3.9100000858306885, 3.8499999046325684, 3.490000009536743, 3.4800000190734863, 3.2200000286102295, 3.240000009536743, 3.359999895095825, 3.0399999618530273, 3.0850000381469727, 3.049999952316284, 3.130000114440918, 2.859999895095825, 2.7899999618530273, 2.4200000762939453, 2.930000066757202, 3.009999990463257, 2.9700000286102295, 2.9800000190734863, 3.390000104904175, 3.240000009536743, 3.069999933242798, 2.819999933242798, 2.380000114440918, 2.700000047683716, 2.75, 2.7100000381469727, 2.75, 2.609999895095825, 2.4000000953674316, 2.3399999141693115, 2.2899999618530273, 2.0999999046325684, 2.059999942779541, 1.9950000047683716, 2.130000114440918, 2.1070001125335693, 2.2300000190734863, 2.0399999618530273, 2.190000057220459, 2.1500000953674316, 2.0999999046325684, 1.9700000286102295, 1.9800000190734863, 1.899999976158142, 2.0399999618530273, 2.015000104904175, 1.649999976158142, 1.7100000381469727]
assets:[0, 100.00014761281014, 210.13705700297356, 303.86421743044855, 404.64317188255785, 498.4336926534176, 551.8269355079174, 650.2456595639229, 701.6640882344008, 806.0222543724775, 935.8748827805996, 946.7438441199303, 1060.7581361166, 1148.7236170408487, 1278.8541947582246, 1268.5375094703197, 1337.489432712841, 1260.1163037269594, 1625.6780140394926, 1770.0651093918086, 1846.5425727878808, 1952.7597424986363, 2321.4280018370155, 2318.709894824982, 2297.049165050626, 2209.993057683349, 1965.1715684941294, 2329.3961511386156, 2472.532975, 2536.568978705692, 2674.0089749999997, 2637.8775649753334, 2525.6348203597067, 2562.493658008289, 2607.7395175601005, 2491.3766768589494, 2543.9219453376772, 2563.652611627543, 2837.1331014338493, 2906.4973019342187, 3176.169180166197, 3005.553771797657, 3326.550518916321, 3365.7916092962264, 3387.5169861624718, 3277.8137036035537, 3394.4524346990106, 3357.3028078714015, 3704.6829747242928, 3759.2827292143584, 3178.3207040745024, 3393.8960707116125]
shares:[0, 27.3973, 52.2729, 77.9139, 103.4893, 129.4633, 158.1166, 186.8522, 217.9081, 248.7723, 278.5342, 311.4289, 343.8438, 376.6307, 408.5796, 443.5446, 479.3869, 520.7092, 554.8389, 588.0615, 621.7315, 655.2885, 684.787, 715.6512, 748.2245, 783.6855, 825.7023, 862.7393, 899.1029, 936.0033, 972.3669, 1010.6811, 1052.3478, 1095.0828, 1138.7509, 1186.3699, 1234.9136, 1285.0389, 1331.9873, 1379.4481, 1424.2911, 1473.3107, 1518.9728, 1565.4844, 1613.1034, 1663.8648, 1714.3699, 1767.0015, 1816.0211, 1865.6489, 1926.255, 1984.7345]
growth_rate:-33.45
