ticker:TRVN
price:[1.690000057220459, 1.7799999713897705, 2.5999999046325684, 2.8299999237060547, 2.9000000953674316, 3.1500000953674316, 2.940000057220459, 2.6600000858306885, 2.619999885559082, 2.390000104904175, 2.700000047683716, 2.490000009536743, 2.569999933242798, 2.359999895095825, 2.2799999713897705, 2.2699999809265137, 2.2899999618530273, 2.140000104904175, 2.4000000953674316, 2.119999885559082, 2.2100000381469727, 2.180000066757202, 2.619999885559082, 2.569999933242798, 2.3299999237060547, 2.1449999809265137, 2.0899999141693115, 2.1600000858306885, 2.059999942779541, 1.8300000429153442, 1.8600000143051147, 1.7999999523162842, 1.8600000143051147, 1.7300000190734863, 1.7200000286102295, 1.6299999952316284, 1.5199999809265137, 1.7999999523162842, 1.7400000095367432, 1.7999999523162842, 2.130000114440918, 1.909999966621399, 1.9600000381469727, 1.6799999475479126, 1.6200000047683716, 1.5099999904632568, 1.4700000286102295, 1.3300000429153442, 1.399999976158142, 1.2799999713897705, 1.1100000143051147, 1.2999999523162842]
assets:[0, 100.00004239268303, 246.0673709743023, 367.83490008354187, 476.93343568410876, 618.0482887116433, 676.8450491732598, 712.3836669866085, 801.670970983219, 831.2953334880114, 1039.1201283515215, 1058.2995550533055, 1192.3010970293046, 1194.87573488667, 1254.3713962597133, 1348.8698546662329, 1460.7541066666604, 1465.0716778187514, 1743.07110926342, 1639.7126394857405, 1809.3232742308617, 1884.7624397162674, 2365.1729326898576, 2420.036068138194, 2294.0405688835144, 2211.8956663316726, 2255.1803403857944, 2430.7128965878487, 2418.1797548304085, 2248.188907722294, 2385.0443523431895, 2408.107436206937, 2588.3776939070103, 2507.469639645195, 2592.975551131177, 2557.2965605189324, 2484.718280820894, 3042.429579403138, 3041.0154166674615, 3245.8779940135955, 3940.9560317401883, 3633.908636494875, 3829.0372585235596, 3382.031750407958, 3361.2450218936206, 3233.012357581186, 3247.3697132027146, 3038.096488030791, 3297.996183835459, 3115.3107783673763, 2801.558673105061, 3381.104615981817]
shares:[0, 56.1798, 94.6413, 129.977, 164.4598, 196.2058, 230.2194, 267.8134, 305.9813, 347.8223, 384.8593, 425.0199, 463.9304, 506.3033, 550.1629, 594.2158, 637.8839, 684.6129, 726.2796, 773.4494, 818.6983, 864.5699, 902.7378, 941.6483, 984.5668, 1031.1868, 1079.0337, 1125.33, 1173.8737, 1228.5185, 1282.2819, 1337.8375, 1391.6009, 1449.4044, 1507.5439, 1568.8936, 1634.6831, 1690.2387, 1747.71, 1803.2656, 1850.214, 1902.57, 1953.5904, 2013.1142, 2074.8426, 2141.0678, 2209.095, 2284.283, 2355.7116, 2433.8366, 2523.9267, 2600.8498]
growth_rate:-33.7
