ticker:TSBK
price:[17.6200008392334, 17.399999618530273, 17.81999969482422, 16.75, 18.579999923706055, 19.299999237060547, 19.440000534057617, 21.09000015258789, 19.049999237060547, 19.559999465942383, 22.440000534057617, 23.479999542236328, 24.450000762939453, 23.420000076293945, 24.110000610351562, 24.399999618530273, 24.549999237060547, 24.260000228881836, 26.899999618530273, 27.530000686645508, 27.799999237060547, 25.25, 27.100000381469727, 27.049999237060547, 27.200000762939453, 27.75, 29.43000030517578, 30.389999389648438, 30.450000762939453, 28.920000076293945, 28.8700008392334, 27.34000015258789, 27.549999237060547, 27.450000762939453, 28.139999389648438, 29.34000015258789, 29.709999084472656, 29.030000686645508, 29.15999984741211, 28.969999313354492, 28.799999237060547, 27.649999618530273, 28.93000030517578, 28.270000457763672, 28.459999084472656, 28.40999984741211, 28.299999237060547, 28.760000228881836, 29.459999084472656, 29.3700008392334, 28.690000534057617, 29.1200008392334]
assets:[0, 99.99953780765533, 202.41381253356934, 290.259075, 421.9703782672882, 538.3213687198638, 642.2256896432876, 796.7359167644502, 819.6681271728515, 941.6125062906265, 1180.2542680892943, 1334.9530259738922, 1490.1028514972686, 1527.3306209754944, 1672.3299173355101, 1792.4459319768905, 1903.4645508460999, 1980.979430689621, 2296.552497432518, 2450.337994115639, 2574.3688893493654, 2438.2309, 2716.8725982437136, 2811.8609456920626, 2927.4544821128843, 3086.6491499999997, 3373.516789981842, 3583.5613770278933, 3690.637532470703, 3605.1961295108795, 3698.963083526611, 3602.930836108398, 3730.6060066886907, 3817.0653460906988, 4013.0143589584354, 4284.144670280457, 4438.171764235688, 4436.591138938522, 4556.459928157044, 4626.769620336533, 4699.618435502624, 4611.959106371689, 4925.459843957519, 4913.091438555526, 5046.111521672058, 5137.246745408249, 5217.356729345322, 5402.163402992249, 5633.64740892334, 5716.43598734436, 5684.082988807869, 5869.275945151519]
shares:[0, 5.7471, 11.3588, 17.3289, 22.711, 27.8923, 33.0363, 37.7779, 43.0272, 48.1397, 52.596, 56.8549, 60.9449, 65.2148, 69.3625, 73.4609, 77.5342, 81.6562, 85.3737, 89.0061, 92.6032, 96.5636, 100.2536, 103.9505, 107.627, 111.2306, 114.6285, 117.9191, 121.2032, 124.661, 128.1248, 131.7824, 135.4122, 139.0552, 142.6089, 146.0172, 149.3831, 152.8278, 156.2572, 159.709, 163.1812, 166.7978, 170.2544, 173.7917, 177.3054, 180.8253, 184.3589, 187.836, 191.2304, 194.6352, 198.1207, 201.5548]
growth_rate:15.08
