ticker:TSC
price:[14.550000190734863, 14.5, 14.90999984741211, 13.109999656677246, 13.920000076293945, 14.4399995803833, 13.550000190734863, 13.800000190734863, 12.59000015258789, 12.670000076293945, 14.869999885559082, 15.180000305175781, 15.930000305175781, 16.59000015258789, 16.270000457763672, 17.350000381469727, 16.780000686645508, 17.399999618530273, 19.3700008392334, 19.81999969482422, 19.469999313354492, 18.350000381469727, 20.969999313354492, 23.149999618530273, 24.079999923706055, 22.950000762939453, 25.040000915527344, 25.670000076293945, 25.3799991607666, 24.389999389648438, 23.31999969482422, 23.770000457763672, 23.93000030517578, 23.56999969482422, 23.8700008392334, 23.25, 22.8799991607666, 22.56999969482422, 22.989999771118164, 23.06999969482422, 23.18000030517578, 20.549999237060547, 21.229999542236328, 20.540000915527344, 20.639999389648438, 20.649999618530273, 20.56999969482422, 20.309999465942383, 20.979999542236328, 20.899999618530273, 20.229999542236328, 20.639999389648438]
assets:[0, 100.00070000000001, 202.82818292427064, 278.34233571081165, 395.5395861679077, 510.31536117057806, 578.8627831482887, 689.5432295304299, 729.083131836319, 833.7164130203248, 1078.480942699909, 1200.9642061439515, 1360.3009580596922, 1516.6594729496003, 1587.4053726623536, 1792.777274417305, 1833.8795630432128, 2001.6385361169814, 2328.260541875267, 2482.349915778351, 2538.514086474609, 2492.4878918151853, 2948.3630304582593, 3354.870164717865, 3589.644116626739, 3521.193372056961, 3941.8595441246034, 4141.035639307594, 4194.252977309799, 4130.646394631958, 4049.433995007324, 4227.575399414825, 4356.032994551849, 4390.501693153382, 4546.385387844086, 4528.297875, 4556.233800878334, 4594.502613876342, 4780.00028741169, 4896.632812226105, 5019.981402090454, 4550.415101061249, 4800.988187480545, 4744.949719496155, 4868.05118404541, 4970.409478181076, 5051.152669061279, 5087.307565227699, 5355.130197156143, 5434.710500804901, 5360.488634703063, 5569.130043313598]
shares:[0, 6.8966, 13.6035, 21.2313, 28.4152, 35.3404, 42.7205, 49.9669, 57.9097, 65.8024, 72.5273, 79.1149, 85.3924, 91.4201, 97.5664, 103.3301, 109.2896, 115.0367, 120.1993, 125.2447, 130.3808, 135.8304, 140.5991, 144.9188, 149.0716, 153.4289, 157.4225, 161.3181, 165.2582, 169.3582, 173.6464, 177.8534, 182.0323, 186.275, 190.4644, 194.7655, 199.1361, 203.5668, 207.9165, 212.2511, 216.5652, 221.4314, 226.1417, 231.0102, 235.8552, 240.6978, 245.5592, 250.4829, 255.2493, 260.034, 264.9772, 269.8222]
growth_rate:9.2
