ticker:TSCAP
price:[23.860000610351562, 24.25, 24.06999969482422, 24.0, 24.5, 24.1200008392334, 24.65399932861328, 24.8439998626709, 24.75, 25.239999771118164, 26.554000854492188, 26.155000686645508, 25.802000045776367, 25.68000030517578, 25.239999771118164, 25.5, 26.149999618530273, 26.459999084472656, 25.607999801635742, 26.040000915527344, 26.110000610351562, 26.010000228881836, 25.989999771118164, 26.200000762939453, 26.049999237060547, 25.899999618530273, 26.600000381469727, 25.774999618530273, 26.0, 25.94499969482422, 26.329999923706055, 26.700000762939453, 26.440000534057617, 27.65999984741211, 27.25, 26.260000228881836, 25.739999771118164, 26.0, 26.270000457763672, 26.437999725341797, 26.40999984741211, 26.200000762939453, 26.450000762939453, 26.350000381469727, 26.559999465942383, 26.6200008392334, 26.479999542236328, 26.54599952697754, 26.399999618530273, 26.489999771118164, 26.590999603271484, 26.510000228881836]
assets:[0, 99.99972500000001, 199.25627147369386, 298.6776, 404.89924999999994, 498.6183053489685, 609.6564223976135, 714.354434451294, 811.6514999999999, 927.7214315872193, 1076.018567225647, 1159.8513519495011, 1244.198244207382, 1338.3157839042663, 1415.3859911649704, 1529.96685, 1668.966195653534, 1788.7515041084287, 1831.153802615547, 1962.0437609825135, 2067.319351325989, 2159.402239002228, 2257.740884117127, 2375.9837491882327, 2462.3813878829956, 2548.202542468643, 2717.072998965454, 2732.802067054558, 2856.659, 2950.6158462936405, 3094.3990120336534, 3237.882392520905, 3306.351150784493, 3558.912604367066, 3606.158725, 3575.146723160935, 3604.3515759498596, 3740.7604, 3879.606207603454, 4004.4157655990603, 4100.1736043106075, 4167.571241358948, 4307.337659243392, 4391.053653569413, 4526.049668992043, 4636.275108165169, 4711.890838544845, 4823.633755047797, 4897.104889238739, 5013.7993426792145, 5132.916494518662, 5217.28203804493]
shares:[0, 4.1237, 8.2782, 12.4449, 16.5265, 20.6724, 24.7285, 28.7536, 32.794, 36.756, 40.5219, 44.3453, 48.221, 52.1151, 56.0771, 59.9987, 63.8228, 67.6021, 71.5071, 75.3473, 79.1773, 83.022, 86.8696, 90.6864, 94.5252, 98.3862, 102.1456, 106.0253, 109.8715, 113.7258, 117.5237, 121.269, 125.0511, 128.6664, 132.3361, 136.1442, 140.0292, 143.8754, 147.682, 151.4644, 155.2508, 159.0676, 162.8483, 166.6434, 170.4085, 174.1651, 177.9415, 181.7085, 185.4964, 189.2714, 193.0321, 196.8043]
growth_rate:2.3
