ticker:TSCBP
price:[23.549999237060547, 23.075000762939453, 23.940000534057617, 23.93000030517578, 23.799999237060547, 23.709999084472656, 24.350000381469727, 24.959999084472656, 24.729999542236328, 25.0, 25.450000762939453, 25.75, 26.09000015258789, 25.59000015258789, 25.405000686645508, 25.860000610351562, 25.790000915527344, 26.299999237060547, 26.010000228881836, 25.770000457763672, 26.290000915527344, 26.0, 25.969999313354492, 26.11199951171875, 26.190000534057617, 26.639999389648438, 26.719999313354492, 25.969999313354492, 25.75, 25.670000076293945, 26.06999969482422, 26.128999710083008, 26.329999923706055, 26.760000228881836, 26.974000930786133, 26.086999893188477, 26.489999771118164, 26.649999618530273, 27.030000686645508, 27.100000381469727, 27.0, 26.65999984741211, 26.600000381469727, 26.479999542236328, 26.399999618530273, 26.389999389648438, 26.479999542236328, 26.2450008392334, 26.75, 26.65999984741211, 26.530000686645508, 26.399999618530273]
assets:[0, 100.00013080635071, 203.74855654525757, 303.66452487258914, 402.01530711288456, 500.49437067413334, 614.0047396190644, 729.3860852462768, 822.6656917720795, 931.6475, 1048.4178714294433, 1160.776525, 1276.1036514633179, 1351.648454059601, 1441.8760569709777, 1567.7004730010985, 1663.4576380516053, 1796.3530678894044, 1876.5460875131605, 1959.2312868026736, 2098.764950087738, 2175.615, 2273.104696899223, 2385.534828991699, 2492.6621098295213, 2635.492475617981, 2743.4064575004577, 2766.4022368564606, 2842.9673749999997, 2934.134915720558, 3079.855016947174, 3186.8260625402454, 3311.3397804050446, 3465.417353640175, 3593.1311367874146, 3574.9755088624956, 3730.2025627698895, 3852.731814851761, 4007.6679238071442, 4118.045597967148, 4202.8497, 4249.923895675659, 4340.3593022449495, 4420.777667577362, 4507.422414869499, 4605.714643478394, 4721.420990380097, 4779.519094834137, 4971.484825, 5054.757299069213, 5130.108885776711, 5204.971124790191]
shares:[0, 4.3337, 8.5108, 12.6897, 16.8914, 21.109, 25.2158, 29.2222, 33.2659, 37.2659, 41.1952, 45.0787, 48.9116, 52.8194, 56.7556, 60.6226, 64.5001, 68.3024, 72.1471, 76.0276, 79.8313, 83.6775, 87.5281, 91.3578, 95.1761, 98.9299, 102.6724, 106.523, 110.4065, 114.3021, 118.1379, 121.9651, 125.763, 129.4999, 133.2072, 137.0405, 140.8155, 144.5678, 148.2674, 151.9574, 155.6611, 159.412, 163.1714, 166.9478, 170.7357, 174.525, 178.3014, 182.1116, 185.8499, 189.6008, 193.3701, 197.158]
growth_rate:2.06
