ticker:TSCO
price:[142.0800018310547, 137.64999389648438, 138.11000061035156, 139.2100067138672, 140.6199951171875, 149.92999267578125, 153.08999633789062, 139.82000732421875, 133.2100067138672, 140.4499969482422, 131.97999572753906, 129.6999969482422, 139.3699951171875, 134.3800048828125, 138.66000366210938, 147.0800018310547, 146.8800048828125, 140.5800018310547, 149.30999755859375, 157.47999572753906, 155.6199951171875, 141.74000549316406, 151.5, 159.92999267578125, 171.33999633789062, 158.9600067138672, 155.82000732421875, 171.0, 172.97999572753906, 178.47999572753906, 176.5, 177.69000244140625, 181.0800018310547, 189.3800048828125, 188.60000610351562, 195.4600067138672, 187.8800048828125, 183.33999633789062, 181.6999969482422, 181.05999755859375, 184.19000244140625, 171.27999877929688, 180.2899932861328, 187.77000427246094, 186.91000366210938, 189.0, 187.6999969482422, 180.92999267578125, 187.27000427246094, 193.9199981689453, 198.11000061035156, 192.39999389648438]
assets:[0, 100.0027205657959, 200.34236688537595, 301.9325835617065, 404.9855859375, 531.8016840209962, 643.0086026184082, 687.2712640014648, 754.7812190414429, 895.8041255355835, 941.7828535125732, 1025.5119358703612, 1201.9686488891602, 1258.9390757446288, 1399.037838949585, 1583.9927877197267, 1681.8348079101563, 1709.6918082687378, 1915.85630267334, 2120.688614465332, 2195.6425111083986, 2099.807311378479, 2344.4019000000003, 2574.856889080811, 2858.550828903198, 2752.0110122344972, 2797.654739501953, 3170.2032000000004, 3306.9104723220826, 3512.0579639282228, 3573.1013, 3697.1958807983397, 3867.7239751098637, 4144.998042871094, 4227.921776824951, 4481.702493942261, 4407.90915855713, 4401.388290084838, 4462.024995057678, 4546.307902697754, 4724.897199627686, 4493.719175973511, 4830.113152130127, 5130.514934738159, 5207.013646020508, 5365.2375, 5428.340221742249, 5332.549674133301, 5619.411018203736, 5918.961928111267, 6146.858043937683, 6069.700327450561]
shares:[0, 0.7265, 1.4506, 2.1689, 2.88, 3.547, 4.2002, 4.9154, 5.6661, 6.3781, 7.1358, 7.9068, 8.6243, 9.3685, 10.0897, 10.7696, 11.4504, 12.1617, 12.8314, 13.4664, 14.109, 14.8145, 15.4746, 16.0999, 16.6835, 17.3126, 17.9544, 18.5392, 19.1173, 19.6776, 20.2442, 20.807, 21.3592, 21.8872, 22.4174, 22.929, 23.4613, 24.0067, 24.5571, 25.1094, 25.6523, 26.2361, 26.7908, 27.3234, 27.8584, 28.3875, 28.9203, 29.473, 30.007, 30.5227, 31.0275, 31.5473]
growth_rate:19.01
