ticker:TSEM
price:[18.90999984741211, 17.850000381469727, 18.639999389648438, 18.030000686645508, 18.299999237060547, 19.899999618530273, 19.479999542236328, 19.959999084472656, 21.100000381469727, 22.280000686645508, 22.989999771118164, 23.530000686645508, 24.43000030517578, 26.719999313354492, 25.489999771118164, 25.34000015258789, 25.3799991607666, 25.81999969482422, 27.6200008392334, 28.450000762939453, 30.229999542236328, 27.969999313354492, 31.329999923706055, 32.93000030517578, 31.6299991607666, 29.389999389648438, 27.799999237060547, 29.15999984741211, 29.09000015258789, 27.93000030517578, 28.920000076293945, 30.06999969482422, 29.43000030517578, 29.299999237060547, 28.299999237060547, 28.5, 26.479999542236328, 27.030000686645508, 27.469999313354492, 27.15999984741211, 27.579999923706055, 26.610000610351562, 29.010000228881836, 29.5, 27.280000686645508, 26.09000015258789, 27.040000915527344, 27.850000381469727, 29.309999465942383, 28.520000457763672, 27.8700008392334, 29.469999313354492]
assets:[0, 99.9992721370697, 204.42487330627443, 297.7348103387833, 402.19372323226924, 537.3576996992111, 626.0170572891236, 741.442109991455, 883.7882859781265, 1033.2127518424988, 1166.1378513902664, 1293.5288457473755, 1443.0043850257873, 1678.2671248722077, 1701.011409726143, 1791.0008027847289, 1893.827619377327, 2026.660834046173, 2267.9473189115524, 2436.0995953285214, 2688.517101288605, 2587.5242154779435, 2998.3593176984787, 3251.481886132812, 3223.1222184814455, 3094.863922727966, 3027.4310369155887, 3275.536950859833, 3367.6736836647033, 3333.3840904220583, 3551.5379613693235, 3792.7651455078126, 3812.0414525291444, 3895.203428573227, 3862.2622058773036, 3989.55825, 3806.7885661914825, 3985.85741625309, 4150.738872247314, 4203.8981083820345, 4368.906417914391, 4315.250663978577, 4804.450573905944, 4985.6003, 4710.413166562462, 4604.937206932068, 4872.61357297821, 5118.576635110664, 5486.911037022972, 5439.020767299652, 5415.060340060616, 5825.935952256776]
shares:[0, 5.6022, 10.967, 16.5133, 21.9778, 27.0029, 32.1364, 37.1464, 41.8857, 46.374, 50.7237, 54.9736, 59.0669, 62.8094, 66.7325, 70.6788, 74.6189, 78.4919, 82.1125, 85.6274, 88.9354, 92.5107, 95.7025, 98.7392, 101.9008, 105.3033, 108.9004, 112.3298, 115.7674, 119.3478, 122.8056, 126.1312, 129.5291, 132.9421, 136.4757, 139.9845, 143.7609, 147.4605, 151.1008, 154.7827, 158.4085, 162.1665, 165.6136, 169.0034, 172.6691, 176.502, 180.2002, 183.7909, 187.2027, 190.709, 194.2971, 197.6904]
growth_rate:14.23
