ticker:TSHA
price:[24.469999313354492, 20.079999923706055, 20.229999542236328, 21.799999237060547, 20.020000457763672, 20.799999237060547, 20.5, 20.399999618530273, 21.170000076293945, 21.43000030517578, 20.030000686645508, 22.020000457763672, 22.329999923706055, 27.200000762939453, 26.540000915527344, 27.200000762939453, 29.579999923706055, 30.809999465942383, 26.0, 30.149999618530273, 29.389999389648438, 30.739999771118164, 25.59000015258789, 29.360000610351562, 27.049999237060547, 23.84000015258789, 21.540000915527344, 20.200000762939453, 21.190000534057617, 23.860000610351562, 22.81999969482422, 25.809999465942383, 21.200000762939453, 20.940000534057617, 21.6299991607666, 22.5, 22.31999969482422, 24.510000228881836, 25.760000228881836, 24.0, 20.0, 21.309999465942383, 19.0, 18.729999542236328, 17.290000915527344, 17.969999313354492, 17.3799991607666, 16.93000030517578, 19.700000762939453, 19.8799991607666]
assets:[0, 100.00040762004852, 200.74835445747374, 316.32888892936705, 390.50011892890933, 505.71454145050046, 598.4196, 695.5012669944764, 821.7537759614944, 931.84713227005, 970.9703072856903, 1167.4365662693024, 1283.8722776134491, 1663.875726670456, 1723.5023514541626, 1866.3634123500822, 2129.671254507065, 2318.227546816063, 2056.3114, 2484.5288085647585, 2521.900006626892, 2737.741267615509, 2379.0767241859435, 2829.570058822632, 2706.9448186511995, 2485.713375909805, 2345.8999597091674, 2299.9619868679047, 2512.682716327858, 2929.2875029327392, 2901.6063191963194, 3381.7913140243527, 2877.7601835639957, 2942.465841045189, 3139.4235011919022, 3365.69625, 3438.770928982544, 3876.1781041969302, 4173.861925085449, 3988.692, 3423.9100000000003, 3748.1753170656207, 3441.8747, 3492.9632336315153, 3324.4176360321044, 3555.1631001548767, 3538.4374791383743, 3546.821519934082, 4227.133573707962, 4365.75715569973]
shares:[0, 4.9801, 9.9233, 14.5105, 19.5055, 24.3132, 29.1912, 34.0932, 38.8169, 43.4833, 48.4758, 53.0171, 57.4954, 61.1719, 64.9398, 68.6163, 71.997, 75.2427, 79.0889, 82.4056, 85.8081, 89.0612, 92.969, 96.375, 100.0719, 104.2665, 108.909, 113.8595, 118.5787, 122.7698, 127.1519, 131.0264, 135.7434, 140.5189, 145.1421, 149.5865, 154.0668, 158.1468, 162.0288, 166.1955, 171.1955, 175.8881, 181.1513, 186.4903, 192.274, 197.8388, 203.5925, 209.4992, 214.5753, 219.6055]
growth_rate:-10.9
