ticker:TSIBU
price:[10.880000114440918, 10.75, 10.5, 10.220000267028809, 10.199999809265137, 10.079999923706055, 10.039999961853027, 10.0, 10.180000305175781, 10.140000343322754, 10.029999732971191, 10.029999732971191, 10.039999961853027, 10.0600004196167, 10.0600004196167, 10.026000022888184, 9.989999771118164, 10.029999732971191, 10.0600004196167, 10.0649995803833, 10.086000442504883, 10.09000015258789, 10.050000190734863, 10.100000381469727, 10.050000190734863, 10.050000190734863, 10.0, 9.920000076293945, 9.864999771118164, 9.863699913024902]
assets:[0, 99.99972500000001, 197.67405, 292.40238363990784, 391.82993267297746, 487.21982031230925, 585.2868177762032, 682.955, 795.2483898399354, 892.1233142057418, 982.4454948443413, 1082.4455951820373, 1183.5252355031967, 1285.883337635994, 1385.8837658071518, 1481.2001367814062, 1575.8815048948288, 1682.1914352149963, 1787.2234585475921, 1888.111388283348, 1992.0506463975905, 2092.8405886493683, 2184.5434164595604, 2295.4119366960526, 2384.0479802458763, 2484.0474921437262, 2571.6890000000003, 2651.115060389519, 2736.4157860113146, 2836.0553856425286]
shares:[0, 9.3023, 18.8261, 28.6108, 38.4147, 48.3353, 58.2955, 68.2955, 78.1187, 87.9806, 97.9507, 107.9208, 117.881, 127.8214, 137.7618, 147.7359, 157.7459, 167.716, 177.6564, 187.5918, 197.5065, 207.4173, 217.3675, 227.2685, 237.2187, 247.1689, 257.1689, 267.2495, 277.3863, 287.5245]
growth_rate:-2.2
