ticker:TSIB
price:[10.130000114440918, 9.960000038146973, 9.807000160217285, 9.9399995803833, 9.777999877929688, 9.930000305175781, 9.850000381469727, 9.9399995803833, 9.829999923706055, 9.850000381469727, 9.84000015258789, 9.930000305175781, 9.890000343322754, 9.850000381469727, 9.789999961853027, 9.850000381469727, 9.789999961853027, 9.819999694824219, 9.760000228881836, 9.779999732971191, 9.710000038146973, 9.770000457763672]
assets:[0, 100.00039238300324, 198.46426224231718, 301.156143286705, 396.24757825317386, 502.4073724403382, 598.3599431732177, 703.8275142879486, 796.0383088216782, 897.6581147644043, 996.7467514564514, 1105.8634209861755, 1201.4085607058526, 1296.5496402126312, 1388.6517755890845, 1497.1626279819486, 1588.042746812153, 1692.9090273895265, 1782.5654658029557, 1886.2176924995422, 1972.7175927500725, 2084.907350686264]
shares:[0, 10.0402, 20.237, 30.2974, 40.5244, 50.5949, 60.7472, 70.8076, 80.9805, 91.1328, 101.2954, 111.3659, 121.4771, 131.6294, 141.8439, 151.9962, 162.2107, 172.394, 182.6399, 192.8648, 203.1635, 213.3989]
growth_rate:-0.72
