ticker:TSLA
price:[418.32000732421875, 372.7200012207031, 442.1499938964844, 407.3399963378906, 415.0899963378906, 434.0, 439.6700134277344, 420.6300048828125, 388.0400085449219, 429.95001220703125, 408.5, 489.6099853515625, 585.760009765625, 599.0399780273438, 609.989990234375, 695.0, 661.77001953125, 705.6699829101562, 880.02001953125, 826.1599731445312, 846.6400146484375, 793.530029296875, 852.22998046875, 816.1199951171875, 781.2999877929688, 675.5, 597.9500122070312, 693.72998046875, 654.8699951171875, 618.7100219726562, 661.75, 677.02001953125, 739.780029296875, 729.4000244140625, 709.4400024414062, 672.3699951171875, 589.739990234375, 580.8800048828125, 625.219970703125, 599.0499877929688, 609.8900146484375, 623.3099975585938, 671.8699951171875, 678.9000244140625, 656.9500122070312, 644.219970703125, 643.3800048828125, 687.2000122070312, 699.0999755859375, 717.1699829101562, 680.260009765625, 711.9199829101562]
assets:[0, 100.00077632751464, 218.64317198181152, 301.43159729003906, 407.1617774078369, 525.7042, 632.5532483184815, 705.1441401855468, 750.5081805267333, 931.5726914489746, 985.0977500000001, 1280.672838684082, 1632.1616912109375, 1769.1447671081544, 1901.4607975585936, 2266.4645, 2258.091660644531, 2507.8805522644043, 3227.4734216308593, 3129.9070582580566, 3307.483881225586, 3199.9891961425783, 3536.6691959472655, 3486.791067138672, 3438.03246628418, 3072.4442, 2819.693077563477, 3371.3195860839846, 3282.470363525391, 3201.205653686524, 3523.884925, 3705.1951628906254, 4148.686404296875, 4190.47608026123, 4175.834798370362, 4057.618446533203, 3658.982795410156, 3704.039439135742, 4086.750338500977, 4015.671688171387, 4188.35868659668, 4380.498000842285, 4821.742206958008, 4972.195888806153, 4911.423986260987, 4916.235862426758, 5009.807084020996, 5451.007936828613, 5645.372122851563, 5891.26454161377, 5688.0620976562495, 6052.81488670044]
shares:[0, 0.2683, 0.4945, 0.74, 0.9809, 1.2113, 1.4387, 1.6764, 1.9341, 2.1667, 2.4115, 2.6157, 2.7864, 2.9533, 3.1172, 3.2611, 3.4122, 3.5539, 3.6675, 3.7885, 3.9066, 4.0326, 4.1499, 4.2724, 4.4004, 4.5484, 4.7156, 4.8597, 5.0124, 5.174, 5.3251, 5.4728, 5.608, 5.7451, 5.8861, 6.0348, 6.2044, 6.3766, 6.5365, 6.7034, 6.8674, 7.0278, 7.1766, 7.3239, 7.4761, 7.6313, 7.7867, 7.9322, 8.0752, 8.2146, 8.3616, 8.5021]
growth_rate:18.68
