ticker:TSP
price:[39.95000076293945, 39.54999923706055, 38.43000030517578, 37.290000915527344, 36.77000045776367, 36.900001525878906, 38.34000015258789, 39.22999954223633, 49.869998931884766, 53.189998626708984, 56.310001373291016, 62.58000183105469, 55.0099983215332, 46.619998931884766, 43.47999954223633, 36.79999923706055, 33.90999984741211, 30.670000076293945, 34.0, 50.0, 41.86000061035156]
assets:[0, 99.99821807098388, 197.16511656570432, 291.3169451522827, 387.2542908210755, 488.62244020538327, 607.689002418518, 721.7966845775604, 1017.5624192058563, 1185.3072053970338, 1354.8355260417939, 1605.6964609817505, 1511.4657158821105, 1380.940312361145, 1387.92941338768, 1274.6967735729218, 1274.5921192646026, 1252.808163116455, 1488.8328000000001, 2289.46, 2016.7352954055787]
shares:[0, 2.5284, 5.1305, 7.8122, 10.5318, 13.2418, 15.85, 18.3991, 20.4043, 22.2844, 24.0603, 25.6583, 27.4762, 29.6212, 31.9211, 34.6385, 37.5875, 40.848, 43.7892, 45.7892, 48.1781]
growth_rate:0.84
