ticker:TSRI
price:[5.329999923706055, 4.869999885559082, 5.019999980926514, 4.760000228881836, 4.860000133514404, 5.099999904632568, 5.28000020980835, 6.909999847412109, 6.090000152587891, 6.690000057220459, 6.53000020980835, 6.630000114440918, 7.0, 7.309999942779541, 7.349999904632568, 7.599999904632568, 7.329999923706055, 7.0, 6.699999809265137, 6.400000095367432, 7.059999942779541, 8.489999771118164, 12.880000114440918, 11.40999984741211, 10.609999656677246, 9.869999885559082, 7.829999923706055, 8.600000381469727, 9.0, 8.930000305175781, 9.130000114440918, 9.170000076293945, 7.889999866485596, 8.100000381469727, 9.34000015258789, 9.0, 8.300000190734863, 8.869999885559082, 8.109999656677246, 8.260000228881836, 9.3100004196167, 9.289999961853027, 9.430000305175781, 9.789999961853027, 11.800000190734863, 10.75, 10.300000190734863, 9.300000190734863, 8.609999656677246, 8.3100004196167, 8.460000038146973, 11.0]
assets:[0, 100.00009065008163, 203.08008322839737, 292.56199006767275, 398.70809295334817, 518.3971403062344, 636.6935772999286, 933.2486863918306, 922.5016521137238, 1113.3886115229607, 1186.7602791305064, 1304.9345235245705, 1477.7587999999998, 1643.2024601375103, 1752.193672265005, 1911.79213601017, 1943.8734657672883, 1956.3592999999998, 1972.5154538466454, 1984.1939495667934, 2288.813857449436, 2852.4123911018373, 4427.3351753376, 4022.0409202125547, 3840.040040742397, 3672.214391421318, 3013.2157386398317, 3409.534651236534, 3668.1174, 3739.5876517974853, 3923.340910177517, 4040.5294496170045, 3576.529838478041, 3771.723057629394, 4449.122148685456, 4387.162499999999, 4145.938905274105, 4530.66023054533, 4242.464092402649, 4420.931364502526, 5082.913897095108, 5171.994737762546, 5349.937161135864, 5654.176296968365, 6915.044371774578, 6399.72225, 6231.8266254006385, 5726.795037451553, 5401.903452599717, 5313.684343316555, 5509.598712843323, 7263.7807]
shares:[0, 20.5339, 40.4542, 61.4626, 82.0387, 101.6465, 120.5859, 135.0577, 151.4781, 166.4258, 181.7397, 196.8227, 211.1084, 224.7883, 238.3937, 251.5516, 265.1942, 279.4799, 294.4053, 310.0303, 324.1946, 335.9732, 343.7372, 352.5014, 361.9265, 372.0582, 384.8296, 396.4575, 407.5686, 418.7668, 429.7197, 440.6248, 453.2991, 465.6448, 476.3514, 487.4625, 499.5107, 510.7847, 523.1152, 535.2217, 545.9628, 556.7271, 567.3316, 577.5461, 586.0207, 595.323, 605.0317, 615.7844, 627.3988, 639.4325, 651.2528, 660.3437]
growth_rate:42.43
