ticker:TTCF
price:[21.0, 24.8700008392334, 28.0, 22.290000915527344, 22.899999618530273, 24.399999618530273, 25.1299991607666, 19.219999313354492, 17.149999618530273, 19.600000381469727, 17.059999465942383, 15.789999961853027, 15.829999923706055, 15.6899995803833, 18.309999465942383, 22.15999984741211, 24.959999084472656, 22.889999389648438, 23.75, 25.280000686645508, 24.540000915527344, 23.149999618530273, 24.739999771118164, 23.420000076293945, 22.780000686645508, 19.93000030517578, 19.1200008392334, 21.389999389648438, 20.81999969482422, 19.110000610351562, 19.440000534057617, 19.190000534057617, 18.709999084472656, 17.479999542236328, 17.700000762939453, 17.3700008392334, 17.780000686645508, 20.450000762939453, 21.280000686645508, 22.34000015258789, 22.219999313354492, 20.5, 20.0, 20.940000534057617, 20.079999923706055, 20.0, 19.260000228881836, 19.719999313354492, 20.59000015258789, 17.010000228881836, 16.860000610351562, 20.100000381469727]
assets:[0, 99.99978637447357, 212.5844, 269.23200505828856, 376.59965372657774, 501.26871216316226, 616.2654824193954, 571.3336995887756, 609.800821436119, 796.9144555101395, 793.6414111553192, 834.5599209837914, 936.6737594856262, 1028.3900394965174, 1300.1161600788116, 1673.4877324768067, 1984.938935192871, 1920.3221637954712, 2092.47, 2327.26927921238, 2359.1456260139466, 2325.5193216796874, 2585.240912082672, 2547.3067542982103, 2577.6960356981276, 2355.201877063751, 2359.4807595645907, 2739.6075928268433, 2766.603199447632, 2639.375823298645, 2784.953092508507, 2849.137460291481, 2877.8710251785283, 2788.6787189704896, 2923.77639602623, 2969.2661574604035, 3139.3524912385938, 3710.785563440323, 3961.393423822975, 4258.718909088135, 4335.844016013145, 4100.21525, 4100.21, 4392.918952037811, 4312.503271614647, 4395.322, 4332.6949834888455, 4536.175666051483, 4836.300716840744, 4095.4093031066895, 4159.294710571289, 5058.5892060049055]
shares:[0, 4.0209, 7.5923, 12.0786, 16.4454, 20.5438, 24.5231, 29.726, 35.5569, 40.6589, 46.5206, 52.8537, 59.1708, 65.5443, 71.0058, 75.5184, 79.5248, 83.8935, 88.104, 92.0597, 96.1347, 100.4544, 104.4964, 108.7663, 113.1561, 118.1737, 123.4038, 128.0789, 132.882, 138.1149, 143.2589, 148.4699, 153.8146, 159.5354, 165.1851, 170.9422, 176.5665, 181.4565, 186.1557, 190.632, 195.1325, 200.0105, 205.0105, 209.786, 214.7661, 219.7661, 224.9582, 230.0292, 234.8859, 240.7648, 246.696, 251.6711]
growth_rate:-0.81
