ticker:TTD
price:[44.125999450683594, 41.86399841308594, 43.57500076293945, 47.31700134277344, 55.64799880981445, 61.31100082397461, 60.5, 61.99100112915039, 56.64500045776367, 81.93399810791016, 73.47699737548828, 82.69999694824219, 87.30999755859375, 90.37799835205078, 92.61399841308594, 95.1500015258789, 93.177001953125, 80.0999984741211, 79.58100128173828, 78.53600311279297, 81.2959976196289, 76.5989990234375, 85.50599670410156, 86.4000015258789, 90.33499908447266, 80.53900146484375, 65.41699981689453, 75.12200164794922, 73.32099914550781, 67.12100219726562, 65.88400268554688, 69.25599670410156, 71.88600158691406, 72.64900207519531, 72.93099975585938, 66.14299774169922, 51.749000549316406, 53.97200012207031, 58.81399917602539, 57.474998474121094, 59.98099899291992, 60.880001068115234, 76.0199966430664, 76.62000274658203, 77.94999694824219, 70.62000274658203, 81.1500015258789, 81.91000366210938, 84.04000091552734, 80.91000366210938, 77.18000030517578, 80.58000183105469]
assets:[0, 100.00053300933838, 204.08787357330323, 321.61365812683107, 478.2389017715454, 626.9049834251404, 718.6129500000001, 836.320596233368, 864.1987849838256, 1350.0182934242248, 1310.6753314842224, 1575.195111872864, 1762.9983947021483, 1924.9519491004944, 2072.580886286926, 2229.3359907508852, 2283.1067611572266, 2062.6790907066347, 2149.315724517059, 2221.0924112335206, 2399.1505745521545, 2360.536033105469, 2735.020462376404, 2863.615730573273, 3094.0369531425476, 2858.514401690674, 2421.8027502212526, 2881.0940316024785, 2912.0241341629026, 2765.7813044403074, 2814.808365536499, 3058.8711600280762, 3275.032780497742, 3409.795442199707, 3523.034046606445, 3295.131704395294, 2678.0470027275087, 2893.0881085433957, 3252.637647631073, 3278.5865704582216, 3521.538433773422, 3674.3211444644926, 4688.069570981598, 4825.068052963256, 5008.8251589035035, 4637.820378376007, 5429.357082089233, 5580.209100485229, 5825.316703460693, 5708.354487368774, 5545.197789926147, 5889.479521829224]
shares:[0, 2.3887, 4.6836, 6.797, 8.594, 10.225, 11.8779, 13.491, 15.2564, 16.4769, 17.8379, 19.0471, 20.1924, 21.2989, 22.3787, 23.4297, 24.5029, 25.7513, 27.0079, 28.2812, 29.5113, 30.8168, 31.9863, 33.1437, 34.2507, 35.4923, 37.021, 38.3522, 39.7161, 41.2059, 42.7237, 44.1676, 45.5587, 46.9352, 48.3064, 49.8183, 51.7507, 53.6035, 55.3038, 57.0437, 58.7109, 60.3535, 61.6689, 62.974, 64.2569, 65.6729, 66.9052, 68.1261, 69.316, 70.5519, 71.8476, 73.0886]
growth_rate:15.48
