ticker:TTEC
price:[55.5, 53.91999816894531, 55.2400016784668, 52.25, 56.25, 58.689998626708984, 59.56999969482422, 59.45000076293945, 54.779998779296875, 59.630001068115234, 62.33000183105469, 65.05999755859375, 68.5999984741211, 72.04000091552734, 73.0, 78.2300033569336, 76.95999908447266, 72.93000030517578, 76.44999694824219, 73.77999877929688, 82.88999938964844, 75.58000183105469, 85.05000305175781, 90.01000213623047, 84.11000061035156, 84.13999938964844, 81.66999816894531, 93.31999969482422, 94.54000091552734, 102.30000305175781, 99.62000274658203, 105.33000183105469, 109.68000030517578, 106.16999816894531, 101.7300033569336, 101.52999877929688, 107.9800033569336, 101.19999694824219, 108.41000366210938, 109.91999816894531, 102.5199966430664, 95.0999984741211, 100.79000091552734, 103.33999633789062, 102.11000061035156, 100.06999969482422, 101.6500015258789, 104.5, 106.05999755859375, 105.06999969482422, 104.31999969482422, 107.9800033569336]
assets:[0, 100.00002860412597, 202.44908215141297, 291.4923, 413.80875000000003, 531.7607325572967, 639.7341407226563, 738.4462944766999, 780.4396866088867, 949.5362110084534, 1092.5327380950926, 1240.3818654541017, 1407.8709086845397, 1578.4684600601197, 1699.5057, 1921.2662984436035, 1990.0778323257446, 1985.8693223098755, 2181.714722909546, 2205.5202595092774, 2577.8458250183103, 2450.507725367737, 2857.552527534485, 3124.2021691474915, 3019.4144459106446, 3120.4917433639525, 3128.8838008499147, 3675.2122159812925, 3823.2638150245666, 4237.081986398315, 4226.079756515503, 4568.309641415405, 4856.970421514129, 4801.538167190552, 4700.739995117187, 4791.4950793914795, 5195.889781532288, 4969.638370137024, 5423.698278213501, 5599.2477627273565, 5322.2948697258, 5037.085539179992, 5438.46718540039, 5676.062972854614, 5708.500428121948, 5694.4533116340635, 5884.3661133308415, 6149.3443, 6341.146952032471, 6381.951781463623, 6436.397933171082, 6762.215316226959]
shares:[0, 1.8546, 3.6649, 5.5788, 7.3566, 9.0605, 10.7392, 12.4213, 14.2468, 15.9238, 17.5282, 19.0652, 20.5229, 21.911, 23.2809, 24.5592, 25.8586, 27.2298, 28.5378, 29.8932, 31.0996, 32.4227, 33.5985, 34.7095, 35.8984, 37.0869, 38.3113, 39.3829, 40.4407, 41.4182, 42.422, 43.3714, 44.2831, 45.225, 46.208, 47.1929, 48.119, 49.1071, 50.0295, 50.9393, 51.9147, 52.9662, 53.9584, 54.9261, 55.9054, 56.9047, 57.8885, 58.8454, 59.7883, 60.74, 61.6986, 62.6247]
growth_rate:32.59
