ticker:TTEK
price:[92.97000122070312, 90.06999969482422, 90.56999969482422, 91.26000213623047, 98.58000183105469, 102.55999755859375, 108.3499984741211, 106.54000091552734, 100.91000366210938, 109.62999725341797, 117.13999938964844, 121.6500015258789, 122.8499984741211, 121.9000015258789, 116.1500015258789, 116.0, 115.41999816894531, 115.77999877929688, 132.1699981689453, 132.52000427246094, 142.4199981689453, 121.56999969482422, 133.91000366210938, 133.97999572753906, 143.19000244140625, 138.3699951171875, 129.38999938964844, 133.33999633789062, 128.88999938964844, 133.4199981689453, 136.94000244140625, 142.58999633789062, 135.50999450683594, 133.94000244140625, 127.62999725341797, 123.97000122070312, 122.30999755859375, 119.8499984741211, 119.47000122070312, 119.36000061035156, 125.13999938964844, 116.16999816894531, 123.05999755859375, 124.0199966430664, 125.04000091552734, 123.80000305175781, 129.86000061035156, 133.52000427246094, 136.0800018310547, 140.19000244140625, 135.1699981689453, 141.74000549316406]
assets:[0, 99.99571366119386, 200.54915032424927, 302.07973307113645, 426.309217918396, 543.5167070617675, 674.1970305053711, 762.9329465560912, 822.6183498535155, 993.7082211044311, 1161.7827999465942, 1306.508851387787, 1419.3965973701477, 1508.4149988815307, 1537.2685001953125, 1635.2868, 1727.110226600647, 1832.4963526794434, 2191.907249633789, 2297.7113460784913, 2569.356460966492, 2293.2113752433775, 2625.988562814331, 2727.363783027649, 3014.8511824035645, 3013.3664056640623, 2917.8091812362672, 3106.8885846710205, 3103.2071813049315, 3312.2715325424197, 3499.6523963928225, 3744.0425698425292, 3658.146505709839, 3715.7635477294925, 3640.7094866523744, 3636.3004728057863, 3687.609733392334, 3713.4443377220155, 3801.6668558441165, 3898.166323933411, 4186.934099578857, 3986.814933160401, 4323.26999822998, 4456.993433359527, 4593.644529634094, 4648.095874578858, 4975.624881385804, 5215.865502900696, 5415.875208874511, 5679.447473907471, 5576.073315464782, 5947.098802481079]
shares:[0, 1.1102, 2.2143, 3.3101, 4.3245, 5.2995, 6.2224, 7.161, 8.152, 9.0642, 9.9179, 10.7399, 11.5539, 12.3742, 13.2352, 14.0973, 14.9637, 15.8274, 16.584, 17.3386, 18.0407, 18.8633, 19.6101, 20.3565, 21.0549, 21.7776, 22.5505, 23.3005, 24.0764, 24.8259, 25.5561, 26.2574, 26.9954, 27.742, 28.5255, 29.3321, 30.1497, 30.9841, 31.8211, 32.6589, 33.458, 34.3188, 35.1314, 35.9377, 36.7374, 37.5452, 38.3153, 39.0643, 39.7992, 40.5125, 41.2523, 41.9578]
growth_rate:16.61
