ticker:TTGT
price:[39.16999816894531, 39.650001525878906, 40.08000183105469, 42.27000045776367, 44.599998474121094, 49.439998626708984, 49.560001373291016, 46.93000030517578, 43.79999923706055, 54.599998474121094, 55.22999954223633, 53.02000045776367, 52.560001373291016, 51.66999816894531, 60.16999816894531, 57.119998931884766, 60.5, 59.11000061035156, 66.41999816894531, 68.54000091552734, 72.44000244140625, 74.69999694824219, 88.79000091552734, 98.6500015258789, 91.5, 83.62999725341797, 77.5, 83.16999816894531, 75.23999786376953, 68.77999877929688, 71.19999694824219, 72.58000183105469, 75.0, 76.1500015258789, 76.69999694824219, 74.02999877929688, 69.98999786376953, 70.7300033569336, 70.30999755859375, 66.80999755859375, 68.72000122070312, 68.7699966430664, 79.0999984741211, 75.95999908447266, 75.98999786376953, 70.44000244140625, 74.37000274658203, 73.08000183105469, 81.4000015258789, 77.9800033569336, 73.08999633789062, 81.9000015258789]
assets:[0, 100.00126884841919, 201.08537718658448, 312.07095937957763, 429.2749853134155, 575.8622720043182, 677.2621987667084, 741.3203638206483, 791.8777062065125, 1087.1351096183778, 1199.6784350566863, 1251.6749628067018, 1340.8161470329285, 1418.1141017456055, 1751.4042387023926, 1762.6260630397796, 1966.9276000000002, 2021.7393508758546, 2371.7651466156003, 2547.467338027954, 2792.424458111572, 2979.5438382751468, 3641.5531865486146, 4145.943884127808, 3945.45255, 3706.0967802841183, 3534.44175, 3893.0295912918095, 3621.8428251678465, 3410.875797463989, 3630.8865643737795, 3801.261467898559, 4028.0025, 4189.765468953705, 4320.027618113709, 4269.643164596558, 4136.639840741729, 4280.374686151886, 4354.959062780762, 4238.172367126464, 4459.337087213135, 4562.579812282563, 5347.927166835785, 5235.634088896179, 5337.704627946472, 5047.857366955566, 5429.486168518067, 5435.3105201843255, 6154.108735361481, 5995.547144100189, 5719.577264425659, 6508.994431269074]
shares:[0, 2.5221, 5.0171, 7.3828, 9.625, 11.6477, 13.6655, 15.7963, 18.0794, 19.9109, 21.7215, 23.6076, 25.5102, 27.4456, 29.1076, 30.8583, 32.5112, 34.203, 35.7086, 37.1676, 38.5481, 39.8868, 41.0131, 42.0268, 43.1197, 44.3154, 45.6057, 46.8081, 48.1372, 49.5911, 50.9956, 52.3734, 53.7067, 55.0199, 56.3237, 57.6745, 59.1033, 60.5171, 61.9394, 63.4362, 64.8914, 66.3455, 67.6097, 68.9262, 70.2422, 71.6618, 73.0064, 74.3748, 75.6033, 76.8857, 78.2539, 79.4749]
growth_rate:27.63
