ticker:TTMI
price:[11.229999542236328, 11.369999885559082, 11.460000038146973, 11.119999885559082, 11.449999809265137, 12.510000228881836, 12.460000038146973, 12.420000076293945, 11.869999885559082, 12.489999771118164, 12.770000457763672, 12.619999885559082, 13.329999923706055, 13.510000228881836, 13.25, 13.489999771118164, 13.710000038146973, 13.800000190734863, 14.1899995803833, 14.100000381469727, 14.170000076293945, 13.40999984741211, 13.970000267028809, 14.210000038146973, 14.479999542236328, 14.119999885559082, 14.100000381469727, 14.430000305175781, 14.279999732971191, 14.600000381469727, 14.9399995803833, 14.970000267028809, 15.09000015258789, 15.130000114440918, 15.0, 15.09000015258789, 14.960000038146973, 15.079999923706055, 15.149999618530273, 15.210000038146973, 15.100000381469727, 14.569999694824219, 14.380000114440918, 14.329999923706055, 14.09000015258789, 13.850000381469727, 13.739999771118164, 13.989999771118164, 14.029999732971191, 14.079999923706055, 14.039999961853027, 14.119999885559082]
assets:[0, 100.00028599348067, 200.79180666837692, 294.83456496572495, 403.58386827707295, 540.9461708971024, 638.7843299556732, 736.7332905256271, 804.1082152474404, 946.1087396623612, 1067.3191922599792, 1154.7817315281868, 1319.7499724464417, 1437.5707533548355, 1509.9050750000001, 1637.2542922210694, 1763.954653908062, 1875.534565922451, 2028.538485013485, 2115.672627238655, 2226.1764449861525, 2206.776394889832, 2398.9312398542406, 2540.144081819057, 2688.4088430099487, 2721.570673941994, 2817.715876232147, 2983.662303100586, 3052.6469669170383, 3221.0535441598895, 3396.0635946154594, 3502.8827574830057, 3630.961872715759, 3740.5869022932056, 3808.4475, 3931.2981457527158, 3997.430194193172, 4129.4951151077275, 4248.664378020669, 4365.490555948734, 4433.918812013626, 4378.290736294556, 4421.195745185375, 4505.823433010673, 4530.359158061599, 4553.191780408287, 4617.028765089226, 4801.036358453179, 4914.763623458767, 5032.279268732071, 5117.982934094334, 5247.1458654725075]
shares:[0, 8.7951, 17.5211, 26.5139, 35.2475, 43.2411, 51.2668, 59.3183, 67.7429, 75.7493, 83.5802, 91.5041, 99.006, 106.4079, 113.9551, 121.368, 128.6619, 135.9083, 142.9555, 150.0477, 157.1049, 164.562, 171.7202, 178.7575, 185.6636, 192.7458, 199.838, 206.768, 213.7708, 220.6201, 227.3135, 233.9935, 240.6204, 247.2298, 253.8965, 260.5234, 267.2079, 273.8392, 280.4399, 287.0145, 293.637, 300.5004, 307.4545, 314.4329, 321.5301, 328.7503, 336.0283, 343.1763, 350.3039, 357.4062, 364.5287, 371.6109]
growth_rate:2.89
