ticker:TTNP
price:[5.699999809265137, 6.0, 6.300000190734863, 5.099999904632568, 4.800000190734863, 4.800000190734863, 4.199999809265137, 4.199999809265137, 4.199999809265137, 3.0, 3.5999999046325684, 6.0, 5.400000095367432, 3.5, 3.369999885559082, 3.1600000858306885, 3.259999990463257, 3.2899999618530273, 3.240000009536743, 3.1700000762939453, 3.190000057220459, 3.1600000858306885, 3.6500000953674316, 3.9600000381469727, 3.930000066757202, 3.309999942779541, 2.799999952316284, 3.2699999809265137, 3.1500000953674316, 2.799999952316284, 2.890000104904175, 2.7200000286102295, 2.2899999618530273, 2.5199999809265137, 2.5199999809265137, 2.3499999046325684, 2.319999933242798, 2.430000066757202, 2.440000057220459, 2.5999999046325684, 2.569999933242798, 2.5, 2.7699999809265137, 2.490000009536743, 2.4600000381469727, 2.2899999618530273, 2.2799999713897705, 2.240000009536743, 2.2200000286102295, 2.180000066757202, 2.109999895095825, 2.130000114440918]
assets:[0, 100.00019999999999, 205.00011620645526, 265.95224502682686, 350.3078539199829, 450.30769789361955, 494.0190975650787, 594.0189930237769, 694.0188884824753, 595.7276999999999, 814.873298413229, 1458.1224, 1412.3100849422933, 1015.38605, 1077.671706403637, 1110.517250163436, 1245.6600143559695, 1357.1230102643965, 1436.4980682282448, 1505.4625172327042, 1614.960815968275, 1699.7732101685763, 2063.3457839112284, 2338.5887145277975, 2420.872181122303, 2138.953408023596, 1909.3866074833393, 2329.8906824100495, 2344.3900909772874, 2183.902242808366, 2354.0992934514998, 2315.6227923568013, 2049.5499658584595, 2355.399882172346, 2455.3997814154627, 2389.757673019123, 2459.250041235924, 2675.8526505112886, 2786.8643653547765, 3069.609287407398, 3134.190733587623, 3148.8237500000005, 3588.8967372878074, 3326.1201007390973, 3386.0463885070803, 3252.0511588271143, 3337.8499621155024, 3379.2913423872474, 3449.119028450489, 3486.9728907800677, 3475.0056692309854, 3607.9445718481065]
shares:[0, 16.6667, 32.5397, 52.1475, 72.9808, 93.8141, 117.6236, 141.4331, 165.2426, 198.5759, 226.3537, 243.0204, 261.5389, 290.1103, 319.7839, 351.4295, 382.1043, 412.4994, 443.3636, 474.9093, 506.2573, 537.9029, 565.3002, 590.5527, 615.998, 646.2095, 681.9238, 712.5048, 744.2508, 779.9651, 814.5672, 851.3319, 895.0, 934.6825, 974.365, 1016.9182, 1060.0216, 1101.1739, 1142.1575, 1180.619, 1219.5295, 1259.5295, 1295.6306, 1335.7912, 1376.4416, 1420.1097, 1463.9693, 1508.6122, 1553.6572, 1599.5288, 1646.9222, 1693.8706]
growth_rate:-29.26
