ticker:TTOO
price:[1.2599999904632568, 1.3200000524520874, 1.25, 1.1799999475479126, 1.340000033378601, 1.3700000047683716, 1.3300000429153442, 1.3300000429153442, 1.340000033378601, 1.2300000190734863, 1.2100000381469727, 1.1299999952316284, 1.1299999952316284, 1.149999976158142, 1.1399999856948853, 1.0700000524520874, 1.159999966621399, 1.2400000095367432, 1.4500000476837158, 1.809999942779541, 1.8700000047683716, 1.9900000095367432, 3.0999999046325684, 3.309999942779541, 2.8299999237060547, 2.2899999618530273, 1.600000023841858, 2.0299999713897705, 1.840000033378601, 1.6100000143051147, 1.5700000524520874, 1.5299999713897705, 1.2999999523162842, 1.3700000047683716, 1.3799999952316284, 1.190000057220459, 1.0499999523162842, 1.1399999856948853, 1.3899999856948853, 1.2699999809265137, 1.399999976158142, 1.2899999618530273, 1.190000057220459, 1.1299999952316284, 1.1299999952316284, 1.0399999618530273, 1.0700000524520874, 1.0299999713897705, 1.0499999523162842, 1.0199999809265137, 0.8980000019073486, 0.949999988079071]
assets:[0, 100.00003597364426, 194.697, 283.79399938509465, 422.27461251860854, 531.7285118507147, 616.203649883151, 716.20369310987, 821.5887264652848, 854.1448542451382, 940.2563026429176, 978.0905928726554, 1078.0906204506755, 1197.1718251801728, 1286.761645853269, 1307.749998106742, 1517.747552327335, 1722.4199052469967, 2114.1200795235154, 2739.004857410431, 2929.8006284707903, 3217.8093194208145, 5112.667712715483, 5559.009855900574, 4852.869436171532, 4026.88020291996, 2913.540843415141, 3796.554869492459, 3541.2123602395177, 3198.5607854197383, 3219.093567546606, 3237.078314468265, 2850.458675445795, 3103.945031803477, 3226.601586850989, 2882.359471596575, 2643.258119961548, 2969.8231967336296, 3721.100156704485, 3499.8541364374637, 3958.1069525938397, 3747.112812193012, 3556.639208018923, 3477.312712326443, 3577.3127399044633, 3392.39386756773, 3590.2516399964334, 3556.0363792242524, 3725.085565832448, 3718.65462846303, 3373.874460166097, 3669.2435689570607]
shares:[0, 75.7576, 155.7576, 240.5034, 315.1303, 388.123, 463.311, 538.499, 613.1259, 694.4267, 777.0713, 865.5669, 954.0625, 1041.019, 1128.7383, 1222.1962, 1308.4031, 1389.0483, 1458.0138, 1513.2624, 1566.7383, 1616.9896, 1649.2477, 1679.4592, 1714.7949, 1758.463, 1820.963, 1870.2241, 1924.5719, 1986.6837, 2050.378, 2115.7375, 2192.6606, 2265.6533, 2338.1171, 2422.1507, 2517.3888, 2605.1081, 2677.0505, 2755.7907, 2827.2193, 2904.7387, 2988.7723, 3077.2679, 3165.7635, 3261.9173, 3355.3752, 3452.4626, 3547.7007, 3645.7399, 3757.0985, 3862.3617]
growth_rate:-28.05
