ticker:TTSH
price:[2.4000000953674316, 2.700000047683716, 2.8299999237060547, 2.609999895095825, 2.8399999141693115, 2.9800000190734863, 3.5299999713897705, 3.890000104904175, 4.269999980926514, 3.9200000762939453, 3.5399999618530273, 4.5, 4.5, 4.300000190734863, 4.28000020980835, 4.5, 4.5, 4.300000190734863, 4.550000190734863, 4.349999904632568, 4.389999866485596, 5.25, 6.550000190734863, 7.21999979019165, 6.539999961853027, 6.849999904632568, 6.230000019073486, 6.800000190734863, 7.0, 6.760000228881836, 6.449999809265137, 6.769999980926514, 7.0, 6.96999979019165, 7.150000095367432, 6.889999866485596, 6.800000190734863, 7.349999904632568, 7.800000190734863, 7.519999980926514, 7.900000095367432, 8.390000343322754, 8.199999809265137, 8.0, 7.730000019073486, 7.159999847412109, 7.730000019073486, 7.289999961853027, 7.639999866485596, 7.289999961853027, 7.320000171661377, 7.820000171661377]
assets:[0, 99.99990176606178, 204.81473547840116, 288.89279738848205, 414.35087547745707, 534.7764994228363, 733.4768080552578, 908.2788474941492, 1097.0052680998326, 1107.0868135469436, 1099.7671861489296, 1498.00905, 1598.00895, 1626.9863421681405, 1719.4190362870218, 1907.8002000000001, 2007.8001, 2018.5645695373535, 2235.9228737293242, 2237.6403859429834, 2358.2161772788522, 2920.190175, 3743.2851540038114, 4226.185723189878, 3928.151569087601, 4214.348046326781, 3932.9036930408006, 4392.736203212929, 4621.9341, 4563.4679465110785, 4454.196363283634, 4775.179543546629, 5037.408600000001, 5115.819536005497, 5347.93552133131, 5253.465050198364, 5284.842508235835, 5812.29245958457, 6268.147233276177, 6143.136864418745, 6553.561209113455, 7060.048531900501, 7000.165997173691, 6929.4304, 6795.562058767796, 6394.466267726517, 7003.523022280931, 6704.87467591486, 7126.782111454439, 6900.293330892277, 7028.689784829855, 7608.791351025009]
shares:[0, 37.037, 72.3727, 110.6869, 145.8982, 179.4552, 207.7838, 233.4907, 256.9099, 282.4201, 310.6687, 332.8909, 355.1131, 378.3689, 401.7334, 423.9556, 446.1778, 469.4336, 491.4116, 514.4001, 537.1791, 556.2267, 571.4939, 585.3443, 600.6348, 615.2333, 631.2847, 645.9906, 660.2763, 675.0692, 690.5731, 705.3441, 719.6298, 733.977, 747.963, 762.4768, 777.1827, 790.7881, 803.6086, 816.9065, 829.5647, 841.4837, 853.6788, 866.1788, 879.1154, 893.0819, 906.0185, 919.7359, 932.8249, 946.5423, 960.2035, 972.9912]
growth_rate:49.19
