ticker:TTWO
price:[161.7100067138672, 153.52999877929688, 158.49000549316406, 165.77999877929688, 160.14999389648438, 161.63999938964844, 168.22000122070312, 164.42999267578125, 154.9199981689453, 175.19000244140625, 161.8300018310547, 170.0500030517578, 176.41000366210938, 180.72999572753906, 190.2100067138672, 203.38999938964844, 202.5, 207.7899932861328, 210.42999267578125, 196.27999877929688, 204.66000366210938, 200.4499969482422, 207.49000549316406, 199.86000061035156, 194.86000061035156, 184.4600067138672, 170.80999755859375, 170.25, 169.74000549316406, 174.2899932861328, 180.14999389648438, 184.02000427246094, 178.8000030517578, 176.19000244140625, 175.3800048828125, 170.07000732421875, 166.99000549316406, 184.36000061035156, 185.55999755859375, 184.4499969482422, 186.4199981689453, 171.27999877929688, 173.82000732421875, 177.3000030517578, 170.3699951171875, 170.52000427246094, 173.2899932861328, 173.4199981689453, 158.3000030517578, 160.35000610351562, 160.9600067138672, 160.02999877929688]
assets:[0, 99.99408820495606, 203.23173404388427, 312.5781876983643, 401.96046968078616, 505.7069020904541, 626.2998865447998, 712.1956272766113, 771.005846887207, 971.8840575439453, 997.7628762893677, 1148.4497006103516, 1291.4094318084717, 1423.031840359497, 1597.6689513931274, 1808.3811625732421, 1900.4624999999999, 2050.1184107589725, 2176.161769256592, 2129.8342667541506, 2320.7625775268557, 2373.027288871765, 2556.3806126785275, 2562.3850818252563, 2598.2827341384886, 2559.603945162964, 2470.1858606933597, 2562.0922499999997, 2654.4111799026487, 2825.5719421554563, 3020.574947662353, 3185.4598819580083, 3195.102414533997, 3248.4679320129394, 3333.5354428100586, 3332.606828521729, 3372.2462679306027, 3823.018024656677, 3947.9002840576172, 4024.293143417358, 4167.269923068237, 3928.8206119995116, 4087.081978216553, 4268.9053634780885, 4202.056670568848, 4305.749471882629, 4475.699288595581, 4579.0509996521, 4279.814712507629, 4435.233063821412, 4552.109949874878, 4625.811141714477]
shares:[0, 0.6513, 1.2823, 1.8855, 2.5099, 3.1286, 3.7231, 4.3313, 4.9768, 5.5476, 6.1655, 6.7536, 7.3205, 7.8738, 8.3995, 8.8912, 9.385, 9.8663, 10.3415, 10.851, 11.3396, 11.8385, 12.3205, 12.8209, 13.3341, 13.8762, 14.4616, 15.049, 15.6381, 16.2119, 16.767, 17.3104, 17.8697, 18.4373, 19.0075, 19.5955, 20.1943, 20.7367, 21.2756, 21.8178, 22.3542, 22.938, 23.5133, 24.0773, 24.6643, 25.2507, 25.8278, 26.4044, 27.0361, 27.6597, 28.281, 28.9059]
growth_rate:-9.3
