ticker:TUEM
price:[1.4700000286102295, 1.600000023841858, 2.299999952316284, 2.799999952316284, 2.990000009536743, 2.8499999046325684, 2.75, 2.7699999809265137, 2.950000047683716, 2.950000047683716, 3.0299999713897705, 3.0, 3.009999990463257, 3.0299999713897705, 2.950000047683716, 2.7899999618530273, 3.4600000381469727, 3.3499999046325684, 3.6500000953674316, 4.019999980926514, 4.349999904632568, 4.75, 4.690000057220459, 4.699999809265137, 4.300000190734863, 4.400000095367432, 4.179999828338623, 4.0, 3.609999895095825, 4.050000190734863, 4.400000095367432, 3.7200000286102295, 3.690000057220459, 3.859999895095825, 3.799999952316284]
assets:[0, 100.00000149011612, 243.75008494656086, 396.7392732435703, 523.6608276702405, 599.1415149513722, 678.118925, 783.0507406081199, 933.9349100960969, 1033.9348967124938, 1161.9737800282717, 1250.469, 1354.6372517080306, 1463.6381531798602, 1524.9942646499633, 1542.282683912754, 2012.6515741897583, 2048.66530667882, 2332.1281409339904, 2668.5354833387373, 2987.5942895013336, 3362.315525, 3419.844392723894, 3527.136006862164, 3326.954437573528, 3504.325515954208, 3429.108839175701, 3381.444, 3151.753006412172, 3635.900631232834, 4050.114287783861, 3524.1874111042503, 3595.7666807591913, 3861.4250070570943, 3901.402951043844]
shares:[0, 62.5, 105.9783, 141.6926, 175.1374, 210.2251, 246.5887, 282.6898, 316.5881, 350.4864, 383.4897, 416.823, 450.0456, 483.0489, 516.9472, 552.7895, 581.6912, 611.5419, 638.9392, 663.8148, 686.8033, 707.8559, 729.1779, 750.4545, 773.7103, 796.4376, 820.361, 845.361, 873.0618, 897.7532, 920.4805, 947.3622, 974.4625, 1000.3692, 1026.685]
growth_rate:14.75
