ticker:TUR
price:[20.059999465942383, 20.149999618530273, 19.950000762939453, 19.920000076293945, 19.75, 19.899999618530273, 20.09000015258789, 19.979999542236328, 17.739999771118164, 18.649999618530273, 22.729999542236328, 23.540000915527344, 23.040000915527344, 23.200000762939453, 23.940000534057617, 24.860000610351562, 25.360000610351562, 26.5, 28.139999389648438, 27.3700008392334, 27.989999771118164, 26.65999984741211, 28.959999084472656, 29.219999313354492, 29.809999465942383, 26.719999313354492, 27.600000381469727, 27.690000534057617, 28.559999465942383, 23.0, 23.780000686645508, 23.299999237060547, 23.780000686645508, 22.190000534057617, 23.309999465942383, 24.1200008392334, 23.350000381469727, 23.610000610351562, 22.93000030517578, 22.899999618530273, 23.5, 21.540000915527344, 21.329999923706055, 21.420000076293945, 21.510000228881836, 21.31999969482422, 21.229999542236328, 22.15999984741211, 22.389999389648438, 23.040000915527344, 23.040000915527344, 23.75]
assets:[0, 100.00041810684203, 199.00724261054995, 298.7083691440582, 396.159325, 499.1676104312897, 603.9335305870056, 700.626655947876, 722.0783066837312, 859.1178274274827, 1147.0648808990477, 1287.941716091156, 1360.5857820648193, 1470.033248342514, 1616.9220000705718, 1779.05870967865, 1914.839814085388, 2100.9173499999997, 2330.937453442383, 2367.154736582947, 2520.7765803869247, 2500.995913685608, 2816.7595589523316, 2942.047772864342, 3101.453211436272, 2879.96702999115, 3074.816682498169, 3184.842943426132, 3384.9082887039185, 2825.9410000000003, 3021.777003253555, 3060.7810997772217, 3223.835669087982, 3108.279857808495, 3365.1643899003984, 3582.0999166358943, 3567.7469632863995, 3707.4736738433835, 3700.693386252594, 3795.8512667684554, 3995.3055, 3762.0796299018857, 3825.401107317162, 3941.541338039017, 4058.102455181122, 4122.256052993775, 4204.854046334458, 4489.050889089584, 4635.643385632324, 4870.220737525177, 4970.22125349884, 5223.382625]
shares:[0, 4.9628, 9.9753, 14.9954, 20.0587, 25.0838, 30.0614, 35.0664, 40.7034, 46.0653, 50.4648, 54.7129, 59.0532, 63.3635, 67.5406, 71.5631, 75.5063, 79.2799, 82.8336, 86.4872, 90.0599, 93.8108, 97.2638, 100.6861, 104.0407, 107.7832, 111.4064, 115.0178, 118.5192, 122.867, 127.0722, 131.364, 135.5692, 140.0757, 144.3657, 148.5116, 152.7943, 157.0298, 161.3909, 165.7577, 170.013, 174.6555, 179.3437, 184.0122, 188.6612, 193.3516, 198.0619, 202.5745, 207.0408, 211.3811, 215.7214, 219.9319]
growth_rate:2.42
