ticker:TURN
price:[5.640005588531494, 6.030005931854248, 5.910006046295166, 5.700005531311035, 5.5500054359436035, 6.000006198883057, 5.640005588531494, 5.5500054359436035, 5.100005149841309, 5.16000509262085, 5.580005645751953, 5.880005836486816, 6.090005874633789, 6.120006084442139, 5.730005741119385, 5.730005741119385, 6.360006332397461, 6.660006523132324, 6.309999942779541, 6.380000114440918, 6.610000133514404, 6.320000171661377, 6.900000095367432, 7.050000190734863, 7.090000152587891, 7.380000114440918, 7.159999847412109, 7.300000190734863, 7.46999979019165, 7.369999885559082, 7.170000076293945, 7.409999847412109, 7.300000190734863, 7.170000076293945, 7.329999923706055, 7.289999961853027, 8.149999618530273, 8.079999923706055, 8.100000381469727, 8.130000114440918, 8.079999923706055, 8.0600004196167, 8.119999885559082, 8.039999961853027, 8.010000228881836, 7.860000133514404, 7.789999961853027, 7.480000019073486, 7.46999979019165, 7.619999885559082, 7.369999885559082, 7.320000171661377]
assets:[0, 99.99980937209129, 198.0100245762825, 290.9738823623657, 383.3166754388809, 514.3961314463616, 583.5324622067928, 674.2207653644085, 719.5541165854454, 828.0193092062474, 995.4160911445618, 1148.93314842968, 1289.9661653467178, 1396.321004206848, 1407.3398340694428, 1507.339894263458, 1773.0686413717272, 1956.703922490406, 1953.8725522818565, 2075.548017230034, 2250.3719014549256, 2251.641629158211, 2558.279915358925, 2713.8947534233093, 2829.292920890808, 3045.018305218792, 3054.245430910492, 3213.9652439746856, 3388.810971819162, 3443.4452485303877, 3450.00040871048, 3665.481653519821, 3711.068246963024, 3744.9806648492813, 3928.550842109871, 4007.1125040316583, 4579.830345635986, 4640.494244182968, 4751.9810537946705, 4869.580640546035, 4939.632001358414, 5027.405111734866, 5164.82986320839, 5213.944799261665, 5294.4900012874605, 5295.341825949668, 5348.182407810402, 5235.3537413497925, 5328.3545853436, 5535.350034867382, 5453.74390331459, 5516.7444813732145]
shares:[0, 16.5837, 33.5042, 51.048, 69.066, 85.7326, 103.4631, 121.4811, 141.0889, 160.4687, 178.3898, 195.3966, 211.8169, 228.1568, 245.6088, 263.0608, 278.7841, 293.7991, 309.647, 325.321, 340.4496, 356.2724, 370.7652, 384.9496, 399.054, 412.6041, 426.5706, 440.2692, 453.6561, 467.2246, 481.1716, 494.6669, 508.3655, 522.3125, 535.9551, 549.6725, 561.9424, 574.3186, 586.6643, 598.9644, 611.3406, 623.7475, 636.0628, 648.5006, 660.985, 673.7076, 686.5446, 699.9136, 713.3005, 726.4239, 739.9924, 753.6536]
growth_rate:8.17
