ticker:TUSA
price:[33.47999954223633, 32.89500045776367, 34.06999969482422, 31.95599937438965, 33.54800033569336, 35.21699905395508, 35.5, 35.470001220703125, 33.933998107910156, 35.900001525878906, 36.46799850463867, 37.77899932861328, 38.948001861572266, 39.80500030517578, 39.8489990234375, 40.380001068115234, 40.80699920654297, 40.64899826049805, 42.5, 43.016998291015625, 43.46900177001953, 41.71900177001953, 44.215999603271484, 45.20100021362305, 45.45800018310547, 44.15399932861328, 43.91400146484375, 45.630001068115234, 45.729000091552734, 45.45600128173828, 46.055999755859375, 46.7599983215332, 47.400001525878906, 47.494998931884766, 47.395999908447266, 48.266998291015625, 47.540000915527344, 47.37900161743164, 48.14099884033203, 48.45199966430664, 48.58100128173828, 46.479000091552734, 48.18000030517578, 48.35499954223633, 47.11399841308594, 46.724998474121094, 47.775001525878906, 47.999000549316406, 48.66299819946289, 49.18299865722656, 48.154998779296875, 49.512001037597656]
assets:[0, 100.00080139160157, 203.5716551765442, 290.9402007041931, 405.4342936569214, 525.6031457805633, 629.8267999999999, 729.2951480987549, 797.7136407211303, 943.9295101203918, 1058.8629237815858, 1196.9293683288574, 1333.9651689586638, 1463.3154017189024, 1564.9339500488281, 1685.7883225917817, 1803.6163158302309, 1896.6334800369264, 2082.99725, 2208.3378310668945, 2331.5425010383606, 2337.6783732810977, 2577.5938048725125, 2735.0130807258606, 2850.5620922821045, 2868.791305978393, 2953.1990329101563, 3168.597467171097, 3275.47224565773, 3355.9165714279175, 3500.214531045532, 3653.7187208484647, 3803.726882447815, 3911.350897537613, 4003.1988610671997, 4176.765390313721, 4213.855355150604, 4299.582804079819, 4468.731544252777, 4597.600557746124, 4709.84062846222, 4606.0549653728485, 4874.625984876251, 4992.329724238968, 4964.20413399353, 5023.217685958863, 5236.097169734955, 5360.6483788490295, 5534.80289141159, 5693.945264346314, 5674.931772143555, 5934.850077173614]
shares:[0, 3.04, 5.9751, 9.1044, 12.0852, 14.9247, 17.7416, 20.5609, 23.5078, 26.2933, 29.0354, 31.6824, 34.2499, 36.7621, 39.2716, 41.7481, 44.1987, 46.6588, 49.0117, 51.3364, 53.6369, 56.0339, 58.2955, 60.5078, 62.7076, 64.9724, 67.2496, 69.4411, 71.6279, 73.8278, 75.9991, 78.1377, 80.2474, 82.3529, 84.4628, 86.5346, 88.6381, 90.7487, 92.8259, 94.8898, 96.9482, 99.0997, 101.1753, 103.2433, 105.3658, 107.506, 109.5991, 111.6825, 113.7374, 115.7706, 117.8472, 119.8669]
growth_rate:16.37
