ticker:TUSK
price:[1.3799999952316284, 1.8300000429153442, 2.0899999141693115, 1.6399999856948853, 1.590000033378601, 1.8600000143051147, 1.6699999570846558, 1.659999966621399, 1.5099999904632568, 1.7699999809265137, 1.6299999952316284, 2.25, 2.25, 2.2799999713897705, 4.090000152587891, 4.019999980926514, 4.610000133514404, 4.449999809265137, 4.320000171661377, 4.679999828338623, 4.789999961853027, 3.930000066757202, 4.519999980926514, 4.409999847412109, 5.539999961853027, 5.559999942779541, 5.809999942779541, 5.28000020980835, 4.889999866485596, 5.329999923706055, 5.360000133514404, 5.135000228881836, 4.739999771118164, 4.170000076293945, 3.819999933242798, 3.640000104904175, 3.109999895095825, 3.740000009536743, 3.799999952316284, 3.9200000762939453, 3.859999895095825, 3.9000000953674316, 4.489999771118164, 4.550000190734863, 4.760000228881836, 3.799999952316284, 3.9800000190734863, 3.6600000858306885, 3.299999952316284, 3.4600000381469727, 3.299999952316284, 3.440000057220459]
assets:[0, 99.9999863451004, 214.20764420306682, 268.0863696615815, 359.9130435555935, 521.0302720072032, 567.8066654086114, 664.4066866403818, 704.3699975513935, 925.6522880251885, 952.4368702137589, 1414.7133749999998, 1514.713275, 1634.9093194845916, 3032.798099146271, 3080.8918053822517, 3633.062735220432, 3606.969150398922, 3601.597103114605, 4001.7297932174206, 4195.787533585262, 3542.472978174448, 4174.29456238532, 4172.707457622528, 5341.90452121706, 5461.189291796446, 5806.746342811585, 5377.043445664502, 5079.875138301325, 5636.95994931221, 5768.68781569457, 5626.53220729084, 5293.72133038044, 4757.13483603611, 4457.854736095834, 4347.798853302813, 3814.739866324067, 4687.5009619528055, 4862.701478981137, 5116.260619576454, 5137.950132364655, 5291.19330938654, 6191.655355374718, 6374.395112213039, 6768.597993464089, 5503.502310940146, 5864.194514103175, 5492.7015748093845, 5052.435556994271, 5397.402147507096, 5247.811064171171, 5570.445756657981]
shares:[0, 54.6448, 102.4917, 163.4673, 226.3604, 280.1238, 340.004, 400.245, 466.4702, 522.9674, 584.3171, 628.7615, 673.2059, 717.0655, 741.5154, 766.391, 788.083, 810.5549, 833.703, 855.0705, 875.9473, 901.3926, 923.5165, 946.1922, 964.2427, 982.2283, 999.44, 1018.3794, 1038.8293, 1057.591, 1076.2477, 1095.7219, 1116.8189, 1140.7997, 1166.9777, 1194.4502, 1226.6045, 1253.3425, 1279.6583, 1305.1685, 1331.0752, 1356.7162, 1378.9879, 1400.9659, 1421.9743, 1448.2901, 1473.4157, 1500.7381, 1531.0411, 1559.9428, 1590.2458, 1619.3156]
growth_rate:9.22
