ticker:TVACU
price:[10.380000114440918, 10.329999923706055, 10.430000305175781, 10.475000381469727, 10.630000114440918, 10.420000076293945, 10.829999923706055, 10.789999961853027, 10.779999732971191, 11.1899995803833, 11.3100004196167, 10.760000228881836, 10.239999771118164, 10.359999656677246, 10.359999656677246, 10.479999542236328, 10.180000305175781, 10.350000381469727, 10.390000343322754, 10.319999694824219, 10.380000114440918, 10.350000381469727, 10.25, 10.25, 10.390000343322754, 10.350000381469727, 10.430000305175781, 10.40999984741211, 10.5, 10.720000267028809, 10.630000114440918, 10.640000343322754, 10.649999618530273, 10.529999732971191, 10.4399995803833, 10.600000381469727, 10.630000114440918, 10.57699966430664, 10.520000457763672]
assets:[0, 99.99956426143646, 200.967331880188, 301.8339934919357, 406.2998643741608, 498.27294164829254, 617.8785706472397, 715.5960344700813, 814.9324058135032, 945.9275915284156, 1056.0712891817093, 1104.7152354990005, 1151.327206265831, 1264.8192060848235, 1364.8191027709006, 1480.6279593265533, 1538.2438561134338, 1663.9312663274766, 1770.361509499073, 1858.4338010437014, 1969.2386077111244, 2063.546851056099, 2143.6091499999998, 2243.609175, 2374.2532654538154, 2465.11237585659, 2584.166079611206, 2679.2102097286224, 2802.37335, 2961.090265758991, 3036.2299246875764, 3139.086317289448, 3242.036673874283, 3305.5069651761055, 3377.254256257439, 3529.0136070011135, 3639.000892176914, 3720.8573271072387, 3800.8056813869475]
shares:[0, 9.6805, 19.2682, 28.8147, 38.222, 47.8189, 57.0525, 66.3203, 75.5967, 84.5333, 93.375, 102.6687, 112.4343, 122.0868, 131.7393, 141.2813, 151.1045, 160.7663, 170.3909, 180.0808, 189.7147, 199.3765, 209.1326, 218.8887, 228.5133, 238.1751, 247.7628, 257.3689, 266.8927, 276.2211, 285.6284, 295.0269, 304.4166, 313.9133, 323.4918, 332.9258, 342.3331, 351.7876, 361.2933]
growth_rate:0.02
