ticker:TVAC
price:[10.40999984741211, 10.5600004196167, 10.140000343322754, 9.989999771118164, 9.970000267028809, 9.930000305175781, 9.970000267028809, 9.904999732971191, 10.008000373840332, 9.970000267028809, 10.024999618530273, 10.020000457763672, 10.0, 9.9399995803833, 9.970000267028809, 9.989999771118164, 9.979999542236328, 10.0, 10.0, 9.960000038146973, 10.039999961853027, 10.050000190734863, 10.029999732971191, 10.100000381469727, 10.020000457763672, 10.02299976348877, 10.039999961853027, 10.029999732971191, 10.020000457763672, 10.020000457763672, 10.029999732971191]
assets:[0, 100.00003597364426, 196.02243063697816, 293.1225772842407, 392.5358595133781, 490.961061088562, 592.9388468808174, 689.0730024232865, 796.2385113428115, 893.215314923191, 998.143097018814, 1097.6449581459046, 1195.454, 1288.281597615242, 1392.169960286808, 1494.9625067487718, 1593.4656089107514, 1696.6589999999999, 1796.6589999999999, 1889.4727632367133, 2004.6496443833353, 2106.6458649811743, 2202.4535393640517, 2317.8248475425717, 2399.465461619568, 2500.184169103527, 2604.425186104488, 2701.8311780691147, 2799.1372278785707, 2899.136832447052, 3002.0300730769154]
shares:[0, 9.4697, 19.3316, 29.3416, 39.3717, 49.4422, 59.4723, 69.5682, 79.5602, 89.5903, 99.5654, 109.5454, 119.5454, 129.6058, 139.6359, 149.6459, 159.6659, 169.6659, 179.6659, 189.7061, 199.6663, 209.6165, 219.5866, 229.4876, 239.4676, 249.4447, 259.4049, 269.375, 279.355, 289.335, 299.3051]
growth_rate:0.07
