ticker:TVACW
price:[1.715000033378601, 1.6950000524520874, 1.2200000286102295, 0.9900000095367432, 1.0, 0.8700000047683716, 0.6499999761581421, 0.6200000047683716, 0.7400000095367432, 0.7699999809265137, 0.6800000071525574, 0.800000011920929, 0.7699999809265137, 0.7710000276565552, 0.8489999771118164, 0.8100000023841858, 0.8519999980926514, 0.8799999952316284, 0.8799999952316284, 0.8799999952316284, 1.399999976158142, 1.309999942779541, 1.350000023841858, 1.2799999713897705, 1.149999976158142, 1.159999966621399, 1.350000023841858, 1.2200000286102295, 1.2100000381469727, 1.2000000476837158, 1.2000000476837158]
assets:[0, 99.9999180945158, 171.97632803301812, 239.55455930764674, 341.9743, 397.5176181787491, 396.99593543827535, 478.673049681437, 671.3194246516227, 798.5350252196789, 805.1997724694669, 1047.2938556058941, 1108.0202705534934, 1209.4593394845367, 1431.8169816996574, 1466.044519315213, 1642.0616411239625, 1796.0261342680453, 1896.0261657261851, 1996.0261971843242, 3275.4962242186307, 3164.9285527567386, 3361.567829367423, 3287.2641825239184, 3053.4013916967274, 3179.9526844979523, 3800.807212124669, 3534.803560894704, 3605.829758678913, 3676.029506072283, 3776.029470045924]
shares:[0, 58.997, 140.9642, 241.9743, 341.9743, 456.9168, 610.763, 772.0533, 907.1884, 1037.0585, 1184.1173, 1309.1173, 1438.9874, 1568.6891, 1686.4747, 1809.9315, 1927.3024, 2040.9388, 2154.5752, 2268.2116, 2339.6402, 2415.9761, 2490.0502, 2568.1752, 2655.1317, 2741.3386, 2815.4127, 2897.3799, 2980.0245, 3063.3578, 3146.6911]
growth_rate:25.87
