ticker:TVTX
price:[17.940000534057617, 18.510000228881836, 20.25, 18.280000686645508, 19.165000915527344, 20.729999542236328, 21.889999389648438, 20.950000762939453, 20.239999771118164, 21.56999969482422, 23.68000030517578, 24.8700008392334, 23.770000457763672, 25.09000015258789, 26.110000610351562, 27.510000228881836, 27.6200008392334, 27.2549991607666, 26.989999771118164, 27.719999313354492, 27.670000076293945, 25.25, 31.770000457763672, 26.3799991607666, 30.649999618530273, 30.81999969482422, 26.989999771118164, 28.739999771118164, 26.690000534057617, 23.75, 25.739999771118164, 25.610000610351562, 24.950000762939453, 24.139999389648438, 24.719999313354492, 20.010000228881836, 18.270000457763672, 18.09000015258789, 15.170000076293945, 14.109999656677246, 15.09000015258789, 15.84000015258789, 15.739999771118164, 15.319999694824219, 14.84000015258789, 13.779999732971191, 13.229999542236328, 13.75, 14.420000076293945, 15.449999809265137, 20.190000534057617, 21.510000228881836]
assets:[0, 100.00027623653412, 209.4012, 289.0305748567581, 403.02272075271605, 535.9326781654358, 665.9222384323119, 737.3268968513489, 812.3384628137588, 965.719084336853, 1160.1874069519042, 1318.4905554922104, 1360.1740971942902, 1535.7087293395996, 1698.1422196960448, 1889.1942457180023, 1996.7492926712036, 2070.363324749565, 2150.233903765488, 2308.3912588193893, 2404.226937629128, 2293.954925, 2986.294264028549, 2579.6499959329603, 3097.203916452217, 3214.3811141716, 2914.9307712806703, 3203.932300484276, 3075.3980155376435, 2836.631125, 3174.3108257738113, 3258.2784256530763, 3274.3083601242065, 3268.007939372253, 3446.526576266098, 2889.8462340551373, 2738.5561406158445, 2811.574958715439, 2457.744807360649, 2386.010818943882, 2651.7295108139037, 2883.5247157772064, 2965.3199428800585, 2986.19425651474, 2992.6314627708434, 2878.8720702132223, 2863.9681199054717, 3076.535, 3326.4459935997006, 3664.0493397662162, 4888.164687299729, 5307.747428478241]
shares:[0, 5.4025, 10.3408, 15.8113, 21.0291, 25.853, 30.4213, 35.1946, 40.1353, 44.7714, 48.9944, 53.0153, 57.2223, 61.208, 65.038, 68.673, 72.2936, 75.9627, 79.6678, 83.2753, 86.8893, 90.8497, 93.9973, 97.7881, 101.0507, 104.2953, 108.0004, 111.4799, 115.2266, 119.4371, 123.3221, 127.2268, 131.2348, 135.3773, 139.4226, 144.4201, 149.8936, 155.4215, 162.0135, 169.1007, 175.7276, 182.0407, 188.3939, 194.9213, 201.6598, 208.9167, 216.4753, 223.748, 230.6828, 237.1553, 242.1082, 246.7572]
growth_rate:4.07
