ticker:TVTY
price:[15.859999656677246, 14.470000267028809, 13.850000381469727, 13.770000457763672, 14.640000343322754, 15.300000190734863, 15.430000305175781, 14.619999885559082, 13.75, 13.930000305175781, 15.5, 16.40999984741211, 17.739999771118164, 18.829999923706055, 18.25, 19.360000610351562, 19.600000381469727, 19.59000015258789, 20.260000228881836, 20.649999618530273, 21.959999084472656, 22.549999237060547, 23.43000030517578, 24.139999389648438, 24.06999969482422, 23.799999237060547, 24.1299991607666, 24.3799991607666, 22.809999465942383, 22.889999389648438, 23.229999542236328, 23.559999465942383, 23.600000381469727, 24.209999084472656, 24.18000030517578, 24.209999084472656, 24.299999237060547, 25.229999542236328, 26.200000762939453, 25.75, 27.459999084472656, 26.450000762939453, 27.56999969482422, 26.829999923706055, 26.350000381469727, 24.260000228881836, 24.549999237060547, 25.079999923706055, 22.829999923706055, 23.1299991607666, 22.8799991607666, 22.969999313354492]
assets:[0, 99.9992778453827, 195.71435539054872, 294.5843737930298, 413.19644168987276, 531.8234166298867, 636.3424705856323, 702.9369044976235, 761.1065, 871.0707790832519, 1069.2458, 1232.0201225440978, 1431.8734375259398, 1619.8526264368056, 1669.95895, 1871.5293230026246, 1994.729278822899, 2093.7106513080594, 2265.3172235918046, 2408.9236404996873, 2661.7407450302126, 2833.2540641418454, 3043.819455645752, 3236.0562361801144, 3326.6713318222046, 3389.3555113498687, 3536.3503100069047, 3672.988277564621, 3536.457755199814, 3648.860467704773, 3803.0598840579987, 3957.085678300857, 4063.8044256872176, 4268.842614569092, 4363.551871072387, 4468.964888001251, 4585.577526028061, 4861.07410380249, 5147.964789907837, 5159.5455249999995, 5602.180317221069, 5496.127653533555, 5828.854849479675, 5772.404725585556, 5769.134958519936, 5411.544821055412, 5576.232816707611, 5796.614982366562, 5376.583698032379, 5547.235316727829, 5587.2774910598755, 5709.2553483324045]
shares:[0, 6.9108, 14.131, 21.3932, 28.2238, 34.7597, 41.2406, 48.0805, 55.3532, 62.532, 68.9836, 75.0774, 80.7144, 86.0251, 91.5046, 96.6699, 101.7719, 106.8765, 111.8123, 116.6549, 121.2086, 125.6432, 129.9112, 134.0537, 138.2082, 142.4099, 146.5541, 150.6558, 155.0398, 159.4085, 163.7133, 167.9578, 172.1951, 176.3256, 180.4612, 184.5917, 188.7069, 192.6704, 196.4872, 200.3707, 204.0124, 207.7931, 211.4202, 215.1474, 218.9425, 223.0645, 227.1378, 231.125, 235.5052, 239.8286, 244.1992, 248.5527]
growth_rate:11.95
