ticker:TW
price:[53.189998626708984, 53.189998626708984, 53.65999984741211, 55.189998626708984, 58.54999923706055, 58.77000045776367, 58.58000183105469, 60.47999954223633, 54.47999954223633, 61.68000030517578, 60.2599983215332, 59.279998779296875, 59.810001373291016, 61.119998931884766, 64.86000061035156, 68.37000274658203, 63.38999938964844, 62.45000076293945, 65.33999633789062, 64.62000274658203, 64.31999969482422, 60.790000915527344, 65.0, 68.29000091552734, 69.30000305175781, 72.79000091552734, 71.93000030517578, 74.16000366210938, 73.70999908447266, 73.86000061035156, 76.0, 78.94999694824219, 79.70999908447266, 80.2300033569336, 81.27999877929688, 82.52999877929688, 83.87999725341797, 80.93000030517578, 83.77999877929688, 82.26000213623047, 83.58000183105469, 83.33999633789062, 85.26000213623047, 84.94000244140625, 87.05999755859375, 85.51000213623047, 87.81999969482422, 86.7300033569336, 88.87999725341797, 88.05999755859375, 86.68000030517578, 89.0]
assets:[0, 100.00251641807557, 200.88694142875673, 306.6135563705444, 425.27791945838925, 526.8730541038514, 625.1716375411987, 745.4462343578339, 771.4912735176086, 973.4522688163756, 1051.0428387245179, 1133.949312649536, 1244.0898955654143, 1371.3371920349123, 1555.2520106353759, 1739.4149138763428, 1712.715376509094, 1787.3190218353272, 1970.0335595855713, 2048.3248470611575, 2138.813653852081, 2121.4312149497987, 2368.353, 2588.225179698944, 2726.5046700668336, 2963.8123042778016, 3028.7924878501894, 3222.6897031402586, 3303.1367049728397, 3409.8577181777955, 3608.6548000000003, 3848.7255062301633, 3985.77096822052, 4111.771626042176, 4265.582463937378, 4431.184188458252, 4603.669769256592, 4541.759245126343, 4801.699826037598, 4814.587439031219, 4991.849041360474, 5077.514278884888, 5294.492664656067, 5374.621124481201, 5608.761988714599, 5608.908876123047, 5860.430565634918, 5887.692296886444, 6133.644162457275, 6177.056588745118, 6180.258017758942, 6445.673699999999]
shares:[0, 1.8801, 3.7437, 5.5556, 7.2635, 8.965, 10.6721, 12.3255, 14.161, 15.7823, 17.4418, 19.1287, 20.8007, 22.4368, 23.9786, 25.4412, 27.0187, 28.62, 30.1505, 31.698, 33.2527, 34.8977, 36.4362, 37.9005, 39.3435, 40.7173, 42.1075, 43.4559, 44.8126, 46.1665, 47.4823, 48.7489, 50.0034, 51.2498, 52.4801, 53.6918, 54.884, 56.1196, 57.3132, 58.5289, 59.7254, 60.9253, 62.0982, 63.2755, 64.4241, 65.5936, 66.7323, 67.8853, 69.0104, 70.146, 71.2997, 72.4233]
growth_rate:26.39
