ticker:TWIN
price:[6.449999809265137, 6.0, 5.579999923706055, 4.860000133514404, 5.090000152587891, 6.070000171661377, 5.710000038146973, 5.389999866485596, 5.059999942779541, 5.079999923706055, 5.639999866485596, 5.869999885559082, 6.309999942779541, 7.210000038146973, 7.510000228881836, 7.809999942779541, 7.460000038146973, 7.849999904632568, 8.579999923706055, 9.109999656677246, 8.949999809265137, 8.300000190734863, 8.579999923706055, 8.75, 8.449999809265137, 8.270000457763672, 8.229999542236328, 9.5, 9.819999694824219, 9.029999732971191, 9.770000457763672, 9.989999771118164, 10.25, 10.09000015258789, 10.550000190734863, 12.75, 13.380000114440918, 13.760000228881836, 13.779999732971191, 14.079999923706055, 14.010000228881836, 12.819999694824219, 14.640000343322754, 14.75, 14.449999809265137, 13.84000015258789, 14.529999732971191, 14.720000267028809, 14.550000190734863, 13.600000381469727, 12.550000190734863, 11.40999984741211]
assets:[0, 100.00019999999999, 192.9999213611603, 268.09656136517526, 380.78443841514587, 554.0987516700745, 621.2360131503106, 686.4207949968338, 744.3948075820922, 847.3368752742767, 1040.7440993627072, 1183.1859399327277, 1371.8747555595398, 1667.5461128227234, 1836.9310359840395, 2010.3103862713338, 2020.2194843304633, 2225.834502958965, 2532.8228414779664, 2789.278741882229, 2840.2904944701195, 2734.012592827892, 2926.244151979637, 3084.223625, 3078.478580512047, 3112.9017753063204, 3197.845330131531, 3791.31605, 4019.023419100952, 3795.7007897562025, 4206.7550731033325, 4401.482011157226, 4616.035225, 4643.980083229446, 4955.6980095947265, 6089.113125, 6489.986449509716, 6774.305424682808, 6884.151634598923, 7134.024793343544, 7198.558074603081, 6687.11696081543, 7736.458405427742, 7894.587925000001, 7834.0197115937235, 7603.309947827531, 8082.376283464051, 8288.065238350011, 8292.347748703765, 7850.92254021244, 7344.784701626015, 6777.6083693618775]
shares:[0, 16.6667, 34.5878, 55.1639, 74.8103, 91.2848, 108.7979, 127.3508, 147.1136, 166.7986, 184.5291, 201.5649, 217.4128, 231.2824, 244.598, 257.4021, 270.8069, 283.5458, 295.2008, 306.1777, 317.3509, 329.3991, 341.0541, 352.4827, 364.317, 376.4089, 388.5596, 399.0859, 409.2692, 420.3434, 430.5788, 440.5888, 450.3449, 460.2557, 469.7344, 477.5775, 485.0513, 492.3187, 499.5756, 506.6779, 513.8157, 521.616, 528.4466, 535.2263, 542.1467, 549.3721, 556.2544, 563.0479, 569.9208, 577.2737, 585.2418, 594.006]
growth_rate:32.89
