ticker:TWLVU
price:[9.949999809265137, 10.050000190734863, 9.979999542236328, 9.930000305175781, 9.9399995803833, 9.890000343322754, 9.949999809265137, 9.989999771118164, 9.930000305175781, 10.0, 9.979999542236328, 9.989999771118164, 9.90999984741211, 9.949999809265137, 9.9399995803833, 9.937999725341797, 9.960000038146973, 9.949999809265137, 9.949999809265137, 9.9399995803833, 9.920000076293945, 9.9399995803833, 9.979999542236328, 9.90999984741211, 9.899999618530273, 9.920000076293945, 9.899999618530273, 9.899999618530273, 9.899999618530273]
assets:[0, 99.99951189785004, 199.3025868583679, 298.3041601676941, 398.6049171729088, 496.5996642390251, 599.6128585058212, 702.0232579158783, 797.8070075187684, 903.431, 1001.6236920574189, 1102.6272437376022, 1193.7972306186675, 1298.616265106392, 1397.3114650125503, 1497.0304646263123, 1600.3449181293488, 1698.7385924363136, 1798.7390755193712, 1896.9316279211043, 1993.114511328888, 2097.1331594696044, 2205.5719148345947, 2290.1018647384644, 2387.7908079929352, 2492.614291170502, 2587.5886402942656, 2687.5885364410397, 2787.588432587814]
shares:[0, 9.9502, 19.9702, 30.0407, 40.1011, 50.2123, 60.2626, 70.2726, 80.3431, 90.3431, 100.3631, 110.3731, 120.4639, 130.5142, 140.5746, 150.637, 160.6772, 170.7275, 180.7778, 190.8382, 200.9188, 210.9792, 220.9992, 231.09, 241.191, 251.2716, 261.3726, 271.4736, 281.5746]
growth_rate:-0.44
