ticker:TWNK
price:[12.65999984741211, 12.220000267028809, 12.630000114440918, 12.449999809265137, 12.390000343322754, 12.75, 13.199999809265137, 13.199999809265137, 12.640000343322754, 13.529999732971191, 13.529999732971191, 13.6850004196167, 13.630000114440918, 13.8149995803833, 14.050000190734863, 13.829999923706055, 14.130000114440918, 14.640000343322754, 14.710000038146973, 13.739999771118164, 14.069999694824219, 15.350000381469727, 14.699999809265137, 15.180000305175781, 15.359999656677246, 14.390000343322754, 14.979999542236328, 14.979999542236328, 14.789999961853027, 14.670000076293945, 14.520000457763672, 14.65999984741211, 14.78499984741211, 15.069999694824219, 15.289999961853027, 15.699999809265137, 15.710000038146973, 15.5600004196167, 15.680000305175781, 16.020000457763672, 16.530000686645508, 16.09000015258789, 16.540000915527344, 16.40999984741211, 16.309999465942383, 16.1299991607666, 16.209999084472656, 16.09000015258789, 15.8100004196167, 16.270000457763672, 15.819999694824219, 15.600000381469727]
assets:[0, 99.99992818517684, 203.3556318426132, 300.45709039697647, 399.00881005640025, 510.60179999999997, 628.6235909166336, 728.6241494716644, 797.7129496671677, 953.8812171741486, 1053.8814452005386, 1165.9551932511329, 1261.2697795899392, 1378.3888201328277, 1501.8354303880692, 1578.3196982931138, 1712.5560138702392, 1874.368027955818, 1983.3301821433067, 1952.5460254743575, 2099.440934463501, 2390.4356044057845, 2389.2115489995954, 2567.226471611023, 2697.6675237024306, 2627.307555683422, 2835.029327366257, 2935.0298123104094, 2997.8028402679442, 3073.479441984177, 3142.054047057724, 3272.3494579399107, 3400.2513079078676, 3565.79551279068, 3717.850643724346, 3917.5440224068643, 4020.039764761448, 4081.6557420726776, 4213.134545999145, 4404.490865856171, 4644.708690938187, 4621.073787823486, 4850.313918476105, 4912.190687324142, 4982.256311860085, 5027.270711434364, 5152.203940007782, 5214.062698447037, 5223.326910633468, 5475.302579050063, 5423.864747370911, 5448.438973231697]
shares:[0, 8.1833, 16.101, 24.1331, 32.2041, 40.0472, 47.623, 55.1988, 63.1102, 70.5012, 77.8922, 85.1995, 92.5363, 99.7748, 106.8922, 114.1229, 121.2, 128.0306, 134.8287, 142.1067, 149.214, 155.7287, 162.5314, 169.119, 175.6294, 182.5787, 189.2543, 195.9299, 202.6912, 209.5078, 216.3949, 223.2162, 229.9798, 236.6155, 243.1557, 249.5251, 255.8905, 262.3172, 268.6948, 274.937, 280.9866, 287.2016, 293.2475, 299.3413, 305.4725, 311.6721, 317.8411, 324.0561, 330.3812, 336.5275, 342.8486, 349.2589]
growth_rate:6.83
