ticker:TWNKW
price:[0.9200000166893005, 0.800000011920929, 0.9100000262260437, 0.8299999833106995, 0.8500000238418579, 0.9599999785423279, 1.1100000143051147, 1.1100000143051147, 0.9300000071525574, 1.2400000095367432, 1.2200000286102295, 1.25, 1.190000057220459, 1.2699999809265137, 1.4199999570846558, 1.284000039100647, 1.3700000047683716, 1.590000033378601, 1.6399999856948853, 1.2000000476837158, 1.340000033378601, 2.0299999713897705, 1.690000057220459, 1.909999966621399, 1.9800000190734863, 1.5299999713897705, 1.7999999523162842, 1.75, 1.6799999475479126, 1.5499999523162842, 1.5399999618530273, 1.6100000143051147, 1.6299999952316284, 1.7999999523162842, 1.9299999475479126, 2.0899999141693115, 2.1500000953674316, 2.009999990463257, 2.0899999141693115, 2.259999990463257, 2.4800000190734863, 2.2799999713897705, 2.5199999809265137, 2.509999990463257, 2.4590001106262207, 2.4000000953674316, 2.4600000381469727, 2.369999885559082, 2.25, 2.450000047683716, 2.240000009536743, 2.0899999141693115]
assets:[0, 100.00000149011612, 213.74999716023802, 294.9587540690899, 402.06624627765416, 554.0983556149363, 740.6762585454583, 840.6762708342076, 804.3504031861961, 1172.467253017354, 1253.5564953971625, 1384.381625, 1417.9313591804028, 1613.254432771349, 1903.7962144633295, 1821.460884267521, 2043.4589901123882, 2471.605761886001, 2649.3291208908795, 2038.5335610040427, 2376.3624911937713, 3700.01172485311, 3180.3054826796056, 3694.309520439327, 3929.7032658551216, 3136.5888343473675, 3790.1045595965143, 3784.82405, 3733.430955436754, 3544.5344659570455, 3621.666574288559, 3886.287908530307, 4034.5647411973596, 4555.347539324498, 4984.344910539221, 5497.554793230176, 5755.379760291052, 5480.61049299643, 5798.744053861141, 6370.412489118146, 7090.541270532798, 6618.723180945969, 7415.430819873762, 7486.0044405569315, 7433.89864363842, 7355.533492282629, 7639.421632463741, 7459.930139780045, 7182.2124, 7920.631369157195, 7341.7200952571875, 6950.086759578586]
shares:[0, 125.0, 234.8901, 355.372, 473.0191, 577.1858, 667.2759, 757.366, 864.8929, 945.5381, 1027.5053, 1107.5053, 1191.5389, 1270.2791, 1340.7016, 1418.5832, 1491.5759, 1554.469, 1615.4446, 1698.7779, 1773.4048, 1822.6659, 1881.8375, 1934.1935, 1984.6986, 2050.0581, 2105.6137, 2162.7566, 2222.2804, 2286.7965, 2351.7316, 2413.8434, 2475.1931, 2530.7487, 2582.5622, 2630.4091, 2676.9207, 2726.6719, 2774.5188, 2818.7666, 2859.0892, 2902.9488, 2942.6313, 2982.4719, 3023.1388, 3064.8055, 3105.4559, 3147.65, 3192.0944, 3232.9107, 3277.5536, 3325.4005]
growth_rate:36.28
