ticker:TWOU
price:[36.779998779296875, 36.81999969482422, 32.650001525878906, 35.11000061035156, 34.279998779296875, 37.650001525878906, 35.599998474121094, 37.619998931884766, 36.849998474121094, 39.54999923706055, 32.380001068115234, 34.119998931884766, 33.130001068115234, 32.45000076293945, 33.75, 38.970001220703125, 41.9900016784668, 40.0099983215332, 44.05500030517578, 42.650001525878906, 43.970001220703125, 40.900001525878906, 46.22999954223633, 55.54999923706055, 51.369998931884766, 39.630001068115234, 35.540000915527344, 38.529998779296875, 36.790000915527344, 38.400001525878906, 40.4900016784668, 39.75, 39.810001373291016, 40.560001373291016, 39.25, 37.6349983215332, 34.880001068115234, 36.529998779296875, 36.41999816894531, 34.86000061035156, 39.61000061035156, 40.59000015258789, 40.58000183105469, 42.220001220703125, 44.20000076293945, 42.279998779296875, 45.81999969482422, 43.400001525878906, 41.2400016784668, 37.34000015258789, 35.31999969482422, 36.189998626708984]
assets:[0, 99.9994371711731, 188.67456381759644, 302.8904642654419, 395.7317339080811, 534.6337866676331, 605.523934046173, 739.8838049930573, 824.7398158493043, 985.166750995636, 906.5655559047699, 1055.280386964798, 1124.6608332592011, 1201.5780982505798, 1349.7165, 1658.4736209503174, 1886.997083428955, 1898.018306375885, 2189.9079826698303, 2220.06905942688, 2388.780241317749, 2321.99533662796, 2724.5927610214235, 3373.8736436622617, 3219.9999580478666, 2584.1059236473084, 2417.4130922737118, 2720.7920108001713, 2697.9211371383667, 2915.988595870972, 3174.695512603378, 3216.67335, 3321.5275595798494, 3484.1041179656986, 3471.57615, 3428.7327585834505, 3277.739972372818, 3532.794263946533, 3622.154559892273, 3567.00424445343, 4153.041226994324, 4355.794096374511, 4454.722455006409, 4734.753592895508, 5056.798327285766, 4937.136929455567, 5450.513481697845, 5262.6407850265505, 5100.720119599152, 4718.353365281296, 4563.103784573364, 4775.501934785461]
shares:[0, 2.7159, 5.7787, 8.6269, 11.5441, 14.2001, 17.0091, 19.6673, 22.381, 24.9094, 27.9977, 30.9285, 33.9469, 37.0286, 39.9916, 42.5577, 44.9392, 47.4386, 49.7085, 52.0532, 54.3275, 56.7725, 58.9356, 60.7358, 62.6825, 65.2058, 68.0195, 70.6149, 73.333, 75.9372, 78.4069, 80.9226, 83.4345, 85.9, 88.4478, 91.1049, 93.9719, 96.7094, 99.4551, 102.3237, 104.8483, 107.312, 109.7763, 112.1448, 114.4072, 116.7724, 118.9549, 121.259, 123.6838, 126.3619, 129.1932, 131.9564]
growth_rate:-6.36
