ticker:TWST
price:[63.27000045776367, 62.5099983215332, 67.80999755859375, 72.63999938964844, 77.30999755859375, 89.63999938964844, 94.91999816894531, 85.97000122070312, 76.63999938964844, 99.61000061035156, 107.36000061035156, 115.55999755859375, 114.66999816894531, 128.5800018310547, 141.64999389648438, 147.33999633789062, 164.0399932861328, 141.2899932861328, 166.50999450683594, 181.35000610351562, 190.63999938964844, 164.5399932861328, 158.02000427246094, 167.89999389648438, 150.80999755859375, 137.63999938964844, 117.55000305175781, 141.39999389648438, 130.2899932861328, 115.58999633789062, 122.19999694824219, 132.22999572753906, 135.24000549316406, 133.1199951171875, 134.19000244140625, 116.73999786376953, 92.68000030517578, 95.41000366210938, 107.30999755859375, 96.33999633789062, 114.62999725341797, 111.25, 122.55999755859375, 131.3699951171875, 128.30999755859375, 112.11000061035156, 117.33999633789062, 123.05000305175781, 110.7699966430664, 100.51000213623047, 100.48999786376953, 111.58999633789062]
assets:[0, 99.99724431495666, 208.4750564941406, 323.32790128326417, 444.1150119750977, 614.9483238128662, 751.1683895095825, 780.3411040802002, 795.6534816635132, 1134.1196229492189, 1322.3531275177002, 1523.358111816406, 1611.629489265442, 1907.1243031585693, 2200.9859351623536, 2389.3979866119384, 2760.2189470291137, 2477.4211292770387, 3019.642099382019, 3388.7606190521237, 3662.346900274658, 3260.952310940552, 3231.7303153778075, 3533.7911715393066, 3274.1001279968264, 3088.173610305786, 2737.4221860671996, 3392.8221535491944, 3226.2408137512207, 2962.236395150757, 3231.627799295044, 3596.8806747817994, 3778.754517485046, 3819.518835900879, 3950.2181968688965, 3536.5331692848204, 2907.65891757431, 3093.3068107299805, 3579.121079571533, 3313.2384480560304, 4042.2549081459047, 4023.067, 4532.060357720947, 4957.837930725098, 4942.359964959717, 4418.3560230545045, 4724.472006552124, 5054.377315353394, 4649.9693810806275, 4319.2665768013, 4418.404520072937, 5006.4517087005615]
shares:[0, 1.5997, 3.0744, 4.4511, 5.7446, 6.8602, 7.9137, 9.0769, 10.3817, 11.3856, 12.317, 13.1824, 14.0545, 14.8322, 15.5382, 16.2169, 16.8265, 17.5343, 18.1349, 18.6863, 19.2108, 19.8186, 20.4514, 21.047, 21.7101, 22.4366, 23.2873, 23.9945, 24.762, 25.6271, 26.4454, 27.2017, 27.9411, 28.6923, 29.4375, 30.2941, 31.3731, 32.4212, 33.3531, 34.3911, 35.2635, 36.1624, 36.9783, 37.7395, 38.5189, 39.4109, 40.2631, 41.0758, 41.9786, 42.9735, 43.9686, 44.8647]
growth_rate:-1.83
