ticker:TXG
price:[106.33000183105469, 125.0, 121.88999938964844, 124.27999877929688, 128.1199951171875, 154.49000549316406, 163.6999969482422, 142.27000427246094, 136.89999389648438, 147.6999969482422, 138.5500030517578, 139.72000122070312, 150.6699981689453, 149.0399932861328, 147.9499969482422, 152.89999389648438, 151.3300018310547, 141.60000610351562, 159.3699951171875, 179.6699981689453, 187.0, 171.14999389648438, 185.5399932861328, 196.86000061035156, 190.72999572753906, 177.99000549316406, 155.5800018310547, 160.02000427246094, 177.75999450683594, 166.08999633789062, 185.7899932861328, 194.63999938964844, 194.10000610351562, 193.9499969482422, 197.8000030517578, 146.36000061035156, 143.7899932861328, 158.1699981689453, 180.0, 180.17999267578125, 193.50999450683594, 194.42999267578125, 189.72999572753906, 190.94000244140625, 190.41000366210938, 171.17999267578125, 183.47000122070312, 183.22999572753906, 170.97000122070312, 160.27999877929688, 155.72000122070312, 164.2100067138672]
assets:[0, 100.0, 197.51055501098634, 301.3789970397949, 410.6886443481445, 595.2190931640624, 730.7076763778687, 735.0522040740966, 807.312954006958, 970.9945499374389, 1010.8469672653198, 1119.3807617797852, 1307.1074351150512, 1392.9724892501831, 1482.7844594146727, 1632.3909148376465, 1715.6282307586669, 1705.3171935058594, 2019.3293971313476, 2376.5489667800903, 2573.5127, 2455.386272436523, 2761.8370160614013, 3030.344733395386, 3035.9828529922484, 2933.1862955245974, 2663.8874653518674, 2839.907019824219, 3254.7499474212646, 3141.077401742554, 3613.6339484146115, 3885.7734838150022, 3974.9934349945065, 4071.922000929261, 4252.759405613709, 3246.7770735397335, 3289.771256393433, 3718.766460949707, 4332.024, 4436.355743664551, 4864.570347909546, 4987.6931591125485, 4967.131288146973, 5098.80454319458, 5184.65494871521, 4761.046254290772, 5202.860641616821, 5296.061473509217, 5041.70017199707, 4826.463519241333, 4789.153065542602, 5150.266229573059]
shares:[0, 0.8, 1.6204, 2.425, 3.2055, 3.8528, 4.4637, 5.1666, 5.8971, 6.5741, 7.2959, 8.0116, 8.6753, 9.3463, 10.0222, 10.6762, 11.337, 12.0432, 12.6707, 13.2273, 13.7621, 14.3464, 14.8854, 15.3934, 15.9177, 16.4795, 17.1223, 17.7472, 18.3098, 18.9119, 19.4501, 19.9639, 20.4791, 20.9947, 21.5003, 22.1835, 22.879, 23.5112, 24.0668, 24.6218, 25.1386, 25.6529, 26.18, 26.7037, 27.2289, 27.8131, 28.3581, 28.9039, 29.4888, 30.1127, 30.7549, 31.3639]
growth_rate:0.99
