ticker:TXMD
price:[1.409999966621399, 1.350000023841858, 1.4500000476837158, 1.409999966621399, 1.590000033378601, 1.649999976158142, 1.6399999856948853, 1.4800000190734863, 1.2200000286102295, 1.2200000286102295, 1.2300000190734863, 1.2699999809265137, 1.3700000047683716, 1.3200000524520874, 1.2000000476837158, 1.2200000286102295, 1.190000057220459, 1.2100000381469727, 1.3300000429153442, 1.3799999952316284, 1.5, 1.649999976158142, 1.899999976158142, 1.909999966621399, 1.7699999809265137, 1.5199999809265137, 1.3700000047683716, 1.590000033378601, 1.5399999618530273, 1.3799999952316284, 1.3899999856948853, 1.3200000524520874, 1.190000057220459, 1.1699999570846558, 1.2100000381469727, 1.090000033378601, 1.0499999523162842, 1.2300000190734863, 1.2100000381469727, 1.2100000381469727, 1.3200000524520874, 1.2000000476837158, 1.2000000476837158, 1.1200000047683716, 1.1200000047683716, 1.0, 1.0399999618530273, 1.0, 0.949999988079071, 0.8600000143051147, 0.7599999904632568, 0.8100000023841858]
assets:[0, 100.00003676606417, 207.40742682065965, 301.6858488582611, 440.1989822410226, 556.8103119543076, 653.4356903003215, 689.685928888321, 668.5248796775817, 768.5248660226822, 874.8242295658112, 1003.2738229323388, 1182.2717811149716, 1239.1232532383322, 1226.4756487357615, 1346.9168755865574, 1413.7959899815557, 1537.5572124736786, 1790.0422697596075, 1957.3370692367316, 2227.54035, 2550.2944131492377, 3036.7027018944023, 3152.6852909045933, 3021.598473439312, 2694.819062184477, 2528.883008801937, 3034.9810927128437, 3039.541352708244, 2823.7449502429963, 2944.206785699844, 2895.9375550742147, 2710.7315943439485, 2765.17286757406, 2959.7088563090324, 2766.1839907076596, 2764.6724494477508, 3338.616480771589, 3384.3300556958197, 3484.330024848461, 3901.0873670152782, 3646.443024896622, 3746.442988870263, 3596.6799833127734, 3696.679967738521, 3400.6071, 3636.6312026091578, 3596.7609, 3516.9228508684337, 3283.740806621265, 3001.910358330989, 3299.4045187115967]
shares:[0, 74.0741, 143.0396, 213.9616, 276.8547, 337.4608, 398.4364, 466.004, 547.9712, 629.9384, 711.2392, 789.9794, 862.9721, 938.7297, 1022.063, 1104.0302, 1188.0638, 1270.7084, 1345.8964, 1418.3602, 1485.0269, 1545.633, 1598.2646, 1650.6206, 1707.1178, 1772.9073, 1845.9, 1908.7931, 1973.7282, 2046.192, 2118.1344, 2193.892, 2277.9256, 2363.3957, 2446.0403, 2537.7834, 2633.0215, 2714.3223, 2796.9669, 2879.6115, 2955.3691, 3038.7024, 3122.0357, 3211.3214, 3300.6071, 3400.6071, 3496.7609, 3596.7609, 3702.0241, 3818.3032, 3949.8821, 4073.3389]
growth_rate:-35.31
