ticker:TXN
price:[140.47000122070312, 136.3699951171875, 138.66000366210938, 138.32000732421875, 141.08999633789062, 150.91000366210938, 153.1199951171875, 149.9600067138672, 144.58999633789062, 157.74000549316406, 156.64999389648438, 156.82000732421875, 158.99000549316406, 166.52000427246094, 160.61000061035156, 164.07000732421875, 161.63999938964844, 164.1300048828125, 171.16000366210938, 169.19000244140625, 172.80999755859375, 165.69000244140625, 169.92999267578125, 179.63999938964844, 178.35000610351562, 172.27000427246094, 167.94000244140625, 173.57000732421875, 175.97999572753906, 188.1999969482422, 192.05999755859375, 195.42999267578125, 191.92999267578125, 188.82000732421875, 180.50999450683594, 187.75999450683594, 183.27000427246094, 185.00999450683594, 189.82000732421875, 190.07000732421875, 188.6699981689453, 183.07000732421875, 188.1699981689453, 192.2100067138672, 190.27000427246094, 186.1199951171875, 186.85000610351562, 190.6199951171875, 192.9600067138672, 188.6999969482422, 184.97000122070312, 190.52000427246094]
assets:[0, 100.0001174194336, 201.68097532653806, 301.19181594848635, 407.2280564300537, 535.5645119964599, 643.4102194824219, 730.1252806884766, 803.978215637207, 977.1046900268555, 1070.3580782958984, 1171.5238647155763, 1287.7395494918824, 1448.72403717041, 1497.3027916900635, 1629.559719744873, 1705.431305560303, 1831.7072674926758, 2010.1544310089114, 2087.0263561157226, 2231.6855894714354, 2239.7311770019533, 2397.0494696838377, 2634.025383050537, 2715.11131791687, 2722.5551475219727, 2754.132070037842, 2946.4550163330077, 3087.3578490448, 3401.733764839172, 3571.5093026000977, 3734.1785850524907, 3767.297861236572, 3806.252589642334, 3738.7410572250365, 3988.904755299378, 3993.5083740982054, 4131.421185333252, 4338.829799414063, 4444.540030267334, 4511.797735212707, 4477.874072149659, 4702.6128752395625, 4903.584807281494, 4954.098155242919, 4946.0458102417, 5065.447610464477, 5267.650131066895, 5432.306589012146, 5412.368792468262, 5405.378345672607, 5667.570035096741]
shares:[0, 0.7333, 1.4545, 2.1775, 2.8863, 3.5489, 4.202, 4.8688, 5.5604, 6.1944, 6.8328, 7.4705, 8.0995, 8.7, 9.3226, 9.9321, 10.5508, 11.1601, 11.7443, 12.3354, 12.9141, 13.5176, 14.1061, 14.6628, 15.2235, 15.804, 16.3995, 16.9756, 17.5438, 18.0751, 18.5958, 19.1075, 19.6285, 20.1581, 20.7121, 21.2447, 21.7903, 22.3308, 22.8576, 23.3837, 23.9137, 24.4599, 24.9913, 25.5116, 26.0372, 26.5745, 27.1097, 27.6343, 28.1525, 28.6824, 29.223, 29.7479]
growth_rate:11.13
