ticker:TXRH
price:[64.25, 62.65999984741211, 62.31999969482422, 60.0, 64.22000122070312, 70.33999633789062, 73.87000274658203, 72.3499984741211, 70.02999877929688, 72.11000061035156, 72.94000244140625, 73.91000366210938, 75.27999877929688, 79.87000274658203, 78.16999816894531, 79.93000030517578, 79.95999908447266, 78.16000366210938, 80.25, 80.62000274658203, 79.70999908447266, 76.20999908447266, 88.5999984741211, 86.44000244140625, 87.91000366210938, 90.87999725341797, 93.4000015258789, 97.76000213623047, 95.70999908447266, 97.7699966430664, 96.27999877929688, 99.45999908447266, 98.93000030517578, 100.36000061035156, 107.0199966430664, 104.62999725341797, 98.55000305175781, 96.62000274658203, 100.70999908447266, 97.72000122070312, 98.62000274658203, 90.5, 97.66000366210938, 95.8499984741211, 96.55999755859375, 94.37000274658203, 98.0999984741211, 92.16999816894531, 91.70999908447266, 88.95999908447266, 90.25, 95.51000213623047]
assets:[0, 99.999093756485, 199.4551590232849, 292.03200000000004, 412.56855384216306, 551.8876112670898, 679.5818642677307, 765.6004488533019, 841.0532823394775, 966.0360451766967, 1077.156074053955, 1191.4809960357666, 1313.5682266998292, 1493.6569083641052, 1561.8678314147949, 1697.0338014793397, 1797.6686954170227, 1857.198927017212, 2006.8599, 2116.113832092285, 2192.2242498207092, 2195.968260619354, 2652.9851943099975, 2688.310007928467, 2834.02511605835, 3029.775524433899, 3213.791312503815, 3463.812843690491, 3491.175352604675, 3666.3162121170044, 3710.438592956543, 3932.9865277969357, 4012.02701837616, 4170.018241360474, 4546.744557380676, 4545.200321686554, 4381.079805667114, 4395.282572943115, 4681.343171443176, 4642.3547819915775, 4785.111567266083, 4491.12585, 4946.449887484741, 4954.773971122741, 5091.4734872680665, 5076.002018733978, 5376.635286370087, 5151.630056657409, 5225.920048830414, 5169.216458801269, 5344.1718, 5755.642850733948]
shares:[0, 1.5959, 3.2005, 4.8672, 6.4243, 7.846, 9.1997, 10.5819, 12.0099, 13.3967, 14.7677, 16.1207, 17.4491, 18.7011, 19.9804, 21.2315, 22.4821, 23.7615, 25.0076, 26.248, 27.5025, 28.8147, 29.9434, 31.1003, 32.2378, 33.3382, 34.4089, 35.4318, 36.4766, 37.4994, 38.538, 39.5434, 40.5542, 41.5506, 42.485, 43.4407, 44.4554, 45.4904, 46.4834, 47.5067, 48.5207, 49.6257, 50.6497, 51.693, 52.7286, 53.7883, 54.8077, 55.8927, 56.9831, 58.1072, 59.2152, 60.2622]
growth_rate:12.86
