ticker:TYHT
price:[2.4800000190734863, 2.4609999656677246, 2.559999942779541, 2.869999885559082, 2.7100000381469727, 2.8299999237060547, 2.700000047683716, 2.819999933242798, 2.5, 2.7300000190734863, 2.9700000286102295, 2.930000066757202, 3.309999942779541, 3.3499999046325684, 3.1700000762939453, 3.1700000762939453, 3.059999942779541, 3.055000066757202, 3.819999933242798, 3.4700000286102295, 3.740000009536743, 3.799999952316284, 4.150000095367432, 4.409999847412109, 4.550000190734863, 3.5999999046325684, 3.3399999141693115, 3.990000009536743, 4.099999904632568, 4.179999828338623, 4.739999771118164, 5.059999942779541, 4.869999885559082, 8.109999656677246, 11.140000343322754, 15.800000190734863, 18.579999923706055, 16.979999542236328, 7.940000057220459, 6.710000038146973, 7.03000020980835, 6.599999904632568, 7.260000228881836, 6.510000228881836, 6.059999942779541, 4.449999809265137, 4.460000038146973, 3.9600000381469727, 4.46999979019165, 6.130000114440918, 6.989999771118164, 8.229999542236328]
assets:[0, 100.00002650494575, 204.02277943973542, 328.728638891983, 410.40240577697756, 528.5752167501449, 604.2943006722212, 731.1518166916132, 748.18425, 917.0171074068546, 1097.6338995735882, 1182.8509889501095, 1436.2582941711903, 1553.6147157718658, 1570.1368587892532, 1670.136730195999, 1712.1822699830532, 1809.3845840382814, 2362.4709367141486, 2246.0140795184375, 2520.776088427806, 2661.2163466061356, 3006.328544085741, 3294.676488002777, 3499.2695566884995, 2868.6527240066525, 2761.472183036208, 3398.8847001238823, 3592.588016435146, 3762.6870374765394, 4366.778825139999, 4761.5823981541635, 4682.787836958408, 7898.2362116418835, 10949.119779440021, 15629.271708673858, 18479.231294119836, 16987.9088260231, 8043.698839967775, 6897.634453213693, 7326.583264659786, 6978.441919164228, 7776.286433158493, 7072.951196674347, 6684.0375268871785, 5008.245165337753, 5119.499797787761, 4645.564748751068, 5343.857035175419, 7428.377048680306, 8570.53098736496, 10190.91133016777]
shares:[0, 40.6339, 79.6964, 114.5396, 151.44, 186.7757, 223.8127, 259.2737, 299.2737, 335.9037, 369.5737, 403.7034, 433.9149, 463.7656, 495.3113, 526.857, 559.5367, 592.2699, 618.4479, 647.2663, 674.0043, 700.3201, 724.4165, 747.0922, 769.0702, 796.848, 826.7881, 851.8508, 876.241, 900.1644, 921.2614, 941.0242, 961.5581, 973.8886, 982.8653, 989.1944, 994.5765, 1000.4658, 1013.0603, 1027.9634, 1042.1882, 1057.3397, 1071.1138, 1086.4748, 1102.9765, 1125.4484, 1147.8699, 1173.1224, 1195.4938, 1211.807, 1226.1132, 1238.2639]
growth_rate:99.82
