ticker:TYME
price:[1.0399999618530273, 0.9789999723434448, 1.0099999904632568, 0.9539999961853027, 0.972000002861023, 1.0099999904632568, 1.0099999904632568, 0.968999981880188, 0.8679999709129333, 0.9300000071525574, 0.9359999895095825, 0.9430000185966492, 1.0099999904632568, 1.0399999618530273, 1.25, 1.2000000476837158, 1.1399999856948853, 1.2200000286102295, 1.5, 2.049999952316284, 1.7400000095367432, 1.7200000286102295, 2.380000114440918, 2.7300000190734863, 2.4800000190734863, 2.0, 1.7999999523162842, 2.0399999618530273, 2.130000114440918, 1.7999999523162842, 1.8700000047683716, 1.649999976158142, 1.5299999713897705, 1.5099999904632568, 1.5499999523162842, 1.2899999618530273, 1.2300000190734863, 1.3600000143051147, 1.5399999618530273, 1.5099999904632568, 1.5, 1.2899999618530273, 1.309999942779541, 1.2000000476837158, 1.2100000381469727, 1.0499999523162842, 1.0800000429153442, 1.1399999856948853, 1.1399999856948853, 1.0299999713897705, 1.059999942779541, 1.100000023841858]
assets:[0, 99.99995217502116, 203.1664470816374, 291.9017706327915, 397.4093939697504, 512.9459681566, 612.945966212368, 688.0640187335491, 716.3463143949151, 867.5139576719821, 973.1107978936553, 1080.388331706047, 1257.14971512959, 1394.490708850384, 1776.070625, 1805.0278317253592, 1814.7763512275578, 2042.129133889985, 2610.8145, 3668.1130896784066, 3213.4229696124075, 3276.4870505006074, 4633.743840810871, 5415.176440833808, 5019.2812146029, 4147.8074, 3833.026638459468, 4444.096872897625, 4740.160403679943, 4105.76911123426, 4365.437967131566, 3951.857027897203, 3764.449261606693, 3815.240871903992, 4016.306711443591, 3442.603677197743, 3382.4827094518187, 3839.9808483907104, 4448.213505814362, 4461.560127822017, 4532.0134499999995, 3997.5314747878074, 4159.508674313736, 3910.2372353788614, 4042.82248245573, 3608.2341161390304, 3811.3268474485158, 4123.067018262327, 4223.0670190074925, 3915.5780572372914, 4129.6238850764275, 4385.459085052264]
shares:[0, 102.145, 201.1549, 305.9767, 408.8574, 507.8673, 606.8772, 710.0764, 825.2838, 932.8107, 1039.6483, 1145.6928, 1244.7027, 1340.8565, 1420.8565, 1504.1898, 1591.9091, 1673.8763, 1740.543, 1789.3235, 1846.7948, 1904.9343, 1946.9511, 1983.5811, 2023.9037, 2073.9037, 2129.4593, 2178.4789, 2225.4273, 2280.9829, 2334.4588, 2395.0649, 2460.4244, 2526.6496, 2591.1657, 2668.6851, 2749.9859, 2823.5153, 2888.4504, 2954.6756, 3021.3423, 3098.8617, 3175.1976, 3258.5309, 3341.1755, 3436.4136, 3529.0062, 3616.7255, 3704.4448, 3801.5322, 3895.8718, 3986.7809]
growth_rate:-14.01
