ticker:TZOO
price:[7.909999847412109, 7.800000190734863, 7.900000095367432, 6.28000020980835, 6.489999771118164, 6.769999980926514, 7.360000133514404, 8.550000190734863, 7.420000076293945, 7.449999809265137, 8.270000457763672, 9.859999656677246, 9.979999542236328, 10.5, 10.130000114440918, 9.850000381469727, 9.109999656677246, 9.4399995803833, 9.779999732971191, 10.279999732971191, 10.260000228881836, 11.010000228881836, 13.020000457763672, 12.920000076293945, 13.779999732971191, 13.520000457763672, 12.970000267028809, 15.949999809265137, 16.200000762939453, 16.3799991607666, 18.0, 16.979999542236328, 15.720000267028809, 15.149999618530273, 15.760000228881836, 17.450000762939453, 16.290000915527344, 16.639999389648438, 16.639999389648438, 15.609999656677246, 15.180000305175781, 15.210000038146973, 14.920000076293945, 14.890000343322754, 13.329999923706055, 12.4399995803833, 15.359999656677246, 13.729999542236328, 14.329999923706055, 12.850000381469727, 11.59000015258789, 12.5600004196167]
assets:[0, 99.99990244531631, 201.28173242983817, 260.0064526865482, 368.7007809970856, 484.6074306346893, 626.8409073712348, 828.1914934754373, 818.734680418396, 922.044756393814, 1123.5316631900787, 1439.5431878754616, 1557.0625625804903, 1738.19205, 1776.9418140745163, 1827.8261557878495, 1790.506662522316, 1955.3656410821916, 2125.7914999583245, 2334.4717753607747, 2429.930232207298, 2707.5572362861635, 3301.8525860881805, 3376.4921479385375, 3701.243162277317, 3731.4079103389736, 3679.6124217565534, 4625.043774692345, 4797.536265940094, 4950.841642342376, 5540.4864, 5326.525674402237, 5031.270973464012, 4948.839790390586, 5248.100564217949, 5910.873658432008, 5617.944018738556, 5838.647977839661, 5938.647718171692, 5671.051996272183, 5614.834678879547, 5725.930757360745, 5716.757673232842, 5805.262707853508, 5297.055374682426, 5043.388553880215, 6327.206258575917, 5755.764092100525, 6107.291203484345, 5576.5313705469125, 5129.7271135353085, 5659.048861063004]
shares:[0, 12.8205, 25.4787, 41.4023, 56.8106, 71.5816, 85.1686, 96.8645, 110.3416, 123.7644, 135.8563, 145.9983, 156.0183, 165.5421, 175.4138, 185.5661, 196.543, 207.1362, 217.3611, 227.0887, 236.8353, 245.918, 253.5985, 261.3384, 268.5953, 275.9917, 283.7018, 289.9714, 296.1442, 302.2492, 307.8048, 313.6941, 320.0554, 326.6561, 333.0013, 338.732, 344.8707, 350.8803, 356.8899, 363.2961, 369.8837, 376.4583, 383.1607, 389.8766, 397.3785, 405.4171, 411.9275, 419.2108, 426.1892, 433.9713, 442.5994, 450.5612]
growth_rate:10.96
