ticker:TZPSU
price:[10.350000381469727, 10.4399995803833, 10.470000267028809, 10.479999542236328, 10.369999885559082, 10.300000190734863, 10.050000190734863, 10.039999961853027, 9.970000267028809, 9.9399995803833, 9.960000038146973, 9.899999618530273, 10.0, 9.97599983215332, 9.949999809265137, 9.960000038146973, 9.956999778747559, 9.989999771118164, 9.90999984741211, 9.949999809265137, 9.960000038146973, 9.960000038146973, 9.960000038146973, 9.920000076293945, 9.970000267028809, 10.0, 10.0, 9.989999771118164, 9.909000396728516, 9.949999809265137, 9.873000144958496, 9.850000381469727, 9.81820011138916]
assets:[0, 99.99953598070145, 200.28691710815428, 300.47835487518313, 397.3244716152191, 494.6420591597557, 582.6356960576057, 682.0563534085273, 777.301100818634, 874.9624990634918, 976.7234197408676, 1070.8393987380982, 1181.656, 1278.8204256837844, 1375.4879736328126, 1476.8707976564408, 1576.4260587705612, 1681.6506274715425, 1768.1837947746278, 1875.321239051342, 1977.2064195727348, 2077.206811955738, 2177.207204338741, 2268.4629614465716, 2379.8968897413256, 2487.058, 2587.058, 2684.4707804958343, 2762.704619010925, 2874.1360499047278, 2951.893757840633, 3045.0172979270938, 3135.186932369232]
shares:[0, 9.5785, 19.1296, 28.6716, 38.3148, 48.0235, 57.9737, 67.9339, 77.964, 88.0244, 98.0646, 108.1656, 118.1656, 128.1897, 138.24, 148.2802, 158.3234, 168.3334, 178.4242, 188.4745, 198.5147, 208.5549, 218.5951, 228.6757, 238.7058, 248.7058, 258.7058, 268.7158, 278.8076, 288.8579, 298.9865, 309.1388, 319.324]
growth_rate:-2.03
