ticker:TZPS
price:[9.880000114440918, 9.739999771118164, 9.680000305175781, 9.765999794006348, 9.850000381469727, 9.800000190734863, 9.850000381469727, 9.710000038146973, 9.760000228881836, 9.75, 9.819999694824219, 9.75, 9.75, 9.75, 9.720000267028809, 9.699999809265137, 9.720000267028809, 9.734999656677246, 9.710000038146973, 9.720000267028809, 9.65999984741211, 9.65999984741211, 9.680000305175781, 9.65999984741211, 9.670000076293945, 9.670000076293945]
assets:[0, 99.99960365009308, 199.38380628585816, 301.15511224775315, 403.74560563621526, 501.6963097643852, 604.2561534015655, 695.6680977330208, 799.2503227432251, 898.4313, 1004.8815507713318, 1097.718375, 1197.718275, 1297.718175, 1393.7255662885668, 1490.8579606846808, 1593.932299788666, 1696.391835173607, 1792.0358540402412, 1893.8817880289077, 1982.1913966896057, 2082.191715110016, 2186.502980932617, 2281.985627954102, 2384.3483578119276, 2484.3487296009066]
shares:[0, 10.2669, 20.5975, 30.8371, 40.9894, 51.1935, 61.3458, 71.6445, 81.8904, 92.1468, 102.3301, 112.5865, 122.8429, 133.0993, 143.3874, 153.6967, 163.9848, 174.257, 184.5557, 194.8438, 205.1958, 215.5478, 225.8784, 236.2304, 246.5717, 256.913]
growth_rate:-0.63
