ticker:UAE
price:[10.84000015258789, 10.84000015258789, 10.90999984741211, 10.614999771118164, 10.5, 10.619999885559082, 10.720000267028809, 10.567999839782715, 10.494999885559082, 10.550000190734863, 10.979999542236328, 11.229999542236328, 11.527000427246094, 11.78499984741211, 12.199999809265137, 12.15999984741211, 11.920000076293945, 11.800000190734863, 12.65999984741211, 12.65999984741211, 13.135000228881836, 12.986000061035156, 13.229999542236328, 13.114999771118164, 12.920000076293945, 12.8100004196167, 13.15999984741211, 13.229999542236328, 13.270000457763672, 13.239999771118164, 13.5, 13.25, 13.486000061035156, 13.538999557495117, 13.449999809265137, 13.739999771118164, 13.819999694824219, 14.489999771118164, 14.859999656677246, 14.75, 14.520000457763672, 14.289999961853027, 14.239999771118164, 14.270000457763672, 14.079999923706055, 13.984999656677246, 13.880000114440918, 14.140000343322754, 14.319999694824219, 14.442000389099121, 14.569999694824219, 14.774999618530273]
assets:[0, 100.00008540763854, 200.64580719375607, 295.2201276344299, 392.0217, 496.501986649704, 601.1776149749755, 692.6531294989586, 787.8680374088287, 891.9972411265372, 1028.3538171272278, 1151.7678440509796, 1282.2289465255737, 1410.9284657318115, 1560.6129956013679, 1655.4964272262573, 1722.8226430269242, 1805.479089183712, 2037.0648714477538, 2137.0649442424774, 2317.246529878807, 2390.9602550376894, 2535.8852992572783, 2613.843061383438, 2674.978779796028, 2752.2042511538502, 2927.401170057297, 3042.972659711838, 3152.173159737778, 3245.0471519023895, 3408.7716, 3445.6466000000005, 3607.0181717247015, 3721.1940283775334, 3796.731851158428, 3978.594179724312, 4101.759325424195, 4400.614379488564, 4612.983749422455, 4678.837175, 4705.879876359559, 4731.337534369754, 4814.783154611207, 4924.926772985458, 4959.353317127228, 5025.891417117596, 5088.1568139519695, 5283.46768828392, 5450.724587838745, 5597.1618895998, 5746.769215631103, 5927.626421957016]
shares:[0, 9.2251, 18.391, 27.8116, 37.3354, 46.7516, 56.08, 65.5425, 75.0708, 84.5495, 93.657, 102.5617, 111.237, 119.7224, 127.9191, 136.1428, 144.5321, 153.0067, 160.9056, 168.8045, 176.4177, 184.1183, 191.6769, 199.3018, 207.0417, 214.8481, 222.4469, 230.0055, 237.5413, 245.0942, 252.5016, 260.0488, 267.4639, 274.85, 282.2849, 289.5629, 296.7988, 303.7001, 310.4296, 317.2093, 324.0964, 331.0943, 338.1168, 345.1245, 352.2268, 359.3773, 366.5819, 373.654, 380.6372, 387.5614, 394.4248, 401.193]
growth_rate:16.23
