ticker:UAL
price:[38.209999084472656, 36.06999969482422, 36.970001220703125, 34.20000076293945, 36.0099983215332, 37.119998931884766, 34.15999984741211, 38.0099983215332, 33.86000061035156, 34.68000030517578, 38.9900016784668, 39.900001525878906, 45.29999923706055, 49.2400016784668, 48.36000061035156, 44.7400016784668, 43.2599983215332, 43.25, 43.290000915527344, 43.88999938964844, 42.13999938964844, 39.9900016784668, 42.13999938964844, 43.939998626708984, 48.029998779296875, 52.68000030517578, 50.52000045776367, 56.290000915527344, 60.77000045776367, 56.83000183105469, 57.81999969482422, 58.43000030517578, 55.869998931884766, 53.11000061035156, 54.400001525878906, 54.72999954223633, 55.279998779296875, 55.29999923706055, 58.349998474121094, 56.93000030517578, 56.52000045776367, 54.91999816894531, 53.880001068115234, 52.77000045776367, 51.099998474121094, 46.0099983215332, 47.529998779296875, 46.720001220703125, 47.619998931884766, 46.4900016784668, 44.029998779296875, 47.709999084472656]
assets:[0, 100.00046715393067, 202.4957876861572, 287.3244664096833, 402.5305642375946, 514.939761182785, 573.8777494365693, 738.557073386383, 757.9188676620483, 876.2734397109984, 1085.1775247154235, 1210.5061962928771, 1474.3337751693725, 1702.5666140361786, 1772.13771436615, 1739.4823172584536, 1781.9398948616029, 1881.5263750000001, 1983.266456943512, 2110.753461647034, 2126.5908551986695, 2118.090433900833, 2331.9643562240603, 2531.5722628787994, 2867.21321612854, 3244.8035467971804, 3211.7585091018677, 3678.5797048301697, 4071.3469506683346, 3907.380873895264, 4075.4484604896547, 4218.441517032623, 4133.620088973999, 4029.4185693069458, 4227.288118572234, 4352.934094591904, 4496.679636703491, 4598.3055365600585, 4951.919300505066, 4931.407565435028, 4995.893272462463, 4954.464842816163, 4960.645490339661, 4958.448661013031, 4901.527183637238, 4513.290972352981, 4762.391805688476, 4781.231484924316, 4973.337448448181, 4955.322788906097, 4793.114473114014, 5293.720200416565]
shares:[0, 2.7724, 5.4773, 8.4013, 11.1783, 13.8723, 16.7997, 19.4306, 22.3839, 25.2674, 27.8322, 30.3385, 32.546, 34.5769, 36.6447, 38.8798, 41.1914, 43.5035, 45.8135, 48.0919, 50.4649, 52.9655, 55.3385, 57.6143, 59.6963, 61.5946, 63.574, 65.3505, 66.996, 68.7556, 70.4851, 72.1965, 73.9864, 75.8693, 77.7075, 79.5347, 81.3437, 83.152, 84.8658, 86.6223, 88.3916, 90.2124, 92.0684, 93.9634, 95.9203, 98.0937, 100.1976, 102.338, 104.438, 106.589, 108.8602, 110.9562]
growth_rate:3.8
