ticker:UBCP
price:[11.699999809265137, 12.449999809265137, 11.979999542236328, 12.399999618530273, 12.609999656677246, 12.149999618530273, 12.420000076293945, 12.319999694824219, 12.0, 12.170000076293945, 12.5, 12.489999771118164, 12.460000038146973, 12.720000267028809, 12.609999656677246, 12.619999885559082, 13.300000190734863, 13.180000305175781, 12.8100004196167, 13.25, 14.069999694824219, 13.09000015258789, 12.800000190734863, 13.020000457763672, 13.760000228881836, 14.5, 15.0, 14.75, 14.449999809265137, 14.319999694824219, 14.489999771118164, 14.579999923706055, 14.770000457763672, 15.270000457763672, 15.0, 15.119999885559082, 15.0, 15.25, 14.979999542236328, 15.279999732971191, 15.0600004196167, 15.0, 14.920000076293945, 14.630000114440918, 14.0600004196167, 13.029999732971191, 13.0, 13.0, 13.479999542236328, 14.399999618530273, 14.649999618530273, 15.789999961853027]
assets:[0, 99.9996434679985, 196.2240065021515, 303.1031106754303, 408.2361288852692, 493.34465951061253, 604.3075237121582, 699.4421106742859, 781.2744, 892.3421325941085, 1016.5387499999999, 1115.7254345541, 1213.045795713806, 1338.3577240959169, 1426.7836311540605, 1527.914744144535, 1710.2430345265388, 1794.8129015579223, 1844.427414417839, 2007.78045, 2232.0352045875547, 2176.5698823719026, 2228.349473204994, 2366.6493892078397, 2601.158795267296, 2841.0473500000003, 3039.015, 3088.3653249999998, 3125.550853743839, 3197.4311078590395, 3335.3892913146974, 3456.105875914955, 3601.144707609558, 3823.0522866073607, 3855.4545000000003, 3986.298761828327, 4054.6619999999994, 4222.24005, 4247.485994203948, 4432.549146538067, 4468.729828512192, 4550.9265000000005, 4626.654723658562, 4636.7269002700805, 4556.075647974778, 4322.308905421257, 4412.3573, 4512.3572, 4778.967181712342, 5205.127542111206, 5395.493774507331, 5915.347683709144]
shares:[0, 8.0321, 16.3793, 24.4438, 32.374, 40.6045, 48.656, 56.7729, 65.1062, 73.3231, 81.3231, 89.3295, 97.3552, 105.2168, 113.147, 121.0709, 128.5897, 136.177, 143.9834, 151.5306, 158.6379, 166.2773, 174.0898, 181.7703, 189.0377, 195.9343, 202.601, 209.3807, 216.3011, 223.2843, 230.1856, 237.0443, 243.8148, 250.3636, 257.0303, 263.6441, 270.3108, 276.8682, 283.5438, 290.0883, 296.7284, 303.3951, 310.0975, 316.9328, 324.0452, 331.7198, 339.4121, 347.1044, 354.5228, 361.4672, 368.2931, 374.6262]
growth_rate:15.99
