ticker:UBFO
price:[6.210000038146973, 6.0, 6.340000152587891, 6.03000020980835, 6.25, 6.619999885559082, 5.889999866485596, 6.159999847412109, 6.21999979019165, 6.320000171661377, 6.820000171661377, 6.960000038146973, 7.079999923706055, 7.329999923706055, 7.690000057220459, 6.789999961853027, 6.920000076293945, 7.050000190734863, 7.070000171661377, 7.610000133514404, 7.619999885559082, 6.829999923706055, 7.0, 7.019999980926514, 7.130000114440918, 7.460000038146973, 8.390000343322754, 8.760000228881836, 8.619999885559082, 8.319999694824219, 8.210000038146973, 7.820000171661377, 7.820000171661377, 8.09000015258789, 8.279999732971191, 8.029999732971191, 8.109999656677246, 8.210000038146973, 8.5, 8.430000305175781, 8.1899995803833, 7.909999847412109, 8.170000076293945, 8.100000381469727, 7.909999847412109, 7.769999980926514, 8.0, 8.069999694824219, 8.149999618530273, 8.239999771118164, 8.15999984741211, 8.199999809265137]
assets:[0, 100.00019999999999, 205.66706894989014, 295.61050928549764, 406.39562500000005, 530.4539708299637, 571.9596280348301, 698.1786947055816, 804.979310847044, 917.9212489322185, 1090.541897449255, 1212.9282546479226, 1333.8408336265563, 1480.9399905857085, 1653.6737613048076, 1560.1355752349853, 1690.0058786325453, 1821.7545942868232, 1926.922890786171, 2174.0994161437034, 2276.956549803543, 2140.8942110853195, 2294.1814, 2400.73609747715, 2538.354192742157, 2755.837406092072, 3199.394068920708, 3440.4874618932727, 3485.502125725746, 3464.196608934021, 3518.3963373478887, 3451.2616717606547, 3551.2614879558087, 3773.875047180176, 3962.507308209705, 3942.8663788843155, 4082.1480521893504, 4232.483257665825, 4481.98625, 4545.075971537018, 4515.678299638081, 4461.296074939347, 4707.938033964157, 4767.601094530297, 4755.767967258836, 4771.595061286879, 5012.8392, 5156.701559993744, 5307.820911561585, 5466.434800159263, 5513.362648902893, 5640.388728802585]
shares:[0, 16.6667, 32.4396, 49.0233, 65.0233, 80.129, 97.1069, 113.3407, 129.4179, 145.2407, 159.9035, 174.2713, 188.3956, 202.0382, 215.0421, 229.7696, 244.2205, 258.4049, 272.5492, 285.6898, 298.8132, 313.4545, 327.7402, 341.9852, 356.0104, 369.4152, 381.3342, 392.7497, 404.3506, 416.3698, 428.5501, 441.3378, 454.1255, 466.4864, 478.5637, 491.017, 503.3475, 515.5278, 527.2925, 539.1549, 551.3649, 564.0071, 576.247, 588.5927, 601.2349, 614.1049, 626.6049, 638.9965, 651.2664, 663.4023, 675.6572, 687.8523]
growth_rate:10.6
