ticker:UBOH
price:[20.8799991607666, 20.780000686645508, 20.15999984741211, 19.350000381469727, 21.399999618530273, 19.549999237060547, 19.850000381469727, 19.0, 20.639999389648438, 20.299999237060547, 22.459999084472656, 23.3799991607666, 25.0, 24.360000610351562, 24.59000015258789, 24.75, 24.75, 25.440000534057617, 24.950000762939453, 24.719999313354492, 24.649999618530273, 24.0, 23.329999923706055, 25.0, 23.940000534057617, 23.850000381469727, 23.8799991607666, 24.780000686645508, 27.09000015258789, 26.979999542236328, 25.5, 26.549999237060547, 27.700000762939453, 27.75, 29.440000534057617, 31.829999923706055, 28.399999618530273, 30.350000381469727, 31.84000015258789, 32.97999954223633, 31.56999969482422, 32.400001525878906, 33.08000183105469, 35.9900016784668, 36.400001525878906, 35.20000076293945, 35.45000076293945, 34.599998474121094, 34.0, 32.47999954223633, 31.299999237060547, 31.030000686645508]
assets:[0, 99.99959730434416, 197.0156145088196, 289.1006156993866, 419.7288925180435, 483.44411113357546, 590.8630513549805, 665.5624, 823.0117196624756, 909.4541758197785, 1106.2245809074402, 1251.5383690755843, 1438.2575, 1501.4383816192626, 1615.614649025345, 1726.1268750000002, 1826.126775, 1977.0365695035935, 2038.956477348709, 2120.1601811084747, 2214.1566357349398, 2255.772, 2292.797736502075, 2556.92, 2548.506422852516, 2638.9262222084044, 2742.245375627136, 2945.596203621483, 3320.1856357013703, 3406.7024881992343, 3319.82715, 3556.5263877998354, 3810.5755349544525, 3917.453625, 4256.02900520668, 4701.542445730782, 4294.903542310715, 4689.80042394619, 5020.040888057709, 5299.777092438889, 5173.195900992584, 5409.202934746552, 5622.730307231141, 6217.351967958832, 6388.1820677909855, 6277.582216062927, 6422.168223215103, 6368.181619159699, 6357.7518, 6173.522232992172, 6049.238172549439, 6097.056907918358]
shares:[0, 4.8123, 9.7726, 14.9406, 19.6135, 24.7286, 29.7664, 35.0296, 39.8746, 44.8007, 49.2531, 53.5303, 57.5303, 61.6354, 65.7021, 69.7425, 73.7829, 77.7137, 81.7217, 85.767, 89.8238, 93.9905, 98.2768, 102.2768, 106.4539, 110.6468, 114.8344, 118.8699, 122.5613, 126.2677, 130.1893, 133.9558, 137.5659, 141.1695, 144.5662, 147.7079, 151.229, 154.5239, 157.6646, 160.6967, 163.8643, 166.9507, 169.9737, 172.7522, 175.4995, 178.3404, 181.1613, 184.0515, 186.9927, 190.0715, 193.2664, 196.4891]
growth_rate:19.55
