ticker:UBSI
price:[27.040000915527344, 24.780000686645508, 23.700000762939453, 21.0, 23.5, 24.559999465942383, 24.270000457763672, 26.06999969482422, 26.229999542236328, 26.100000381469727, 29.139999389648438, 29.3700008392334, 30.290000915527344, 30.889999389648438, 30.59000015258789, 30.850000381469727, 31.8799991607666, 32.400001525878906, 35.08000183105469, 35.56999969482422, 35.68000030517578, 31.65999984741211, 34.380001068115234, 35.45000076293945, 36.34000015258789, 36.95000076293945, 39.91999816894531, 40.7400016784668, 39.900001525878906, 39.68000030517578, 38.88999938964844, 38.97999954223633, 39.369998931884766, 39.66999816894531, 39.27000045776367, 41.0, 42.290000915527344, 41.43000030517578, 41.189998626708984, 39.22999954223633, 37.880001068115234, 36.36000061035156, 38.099998474121094, 36.58000183105469, 35.52000045776367, 34.86000061035156, 34.290000915527344, 34.540000915527344, 35.5, 35.810001373291016, 35.86000061035156, 36.86000061035156]
assets:[0, 99.99969277095795, 195.64113629798888, 273.3528, 405.89435, 524.2037166011811, 618.0137186565398, 763.8483840583801, 868.5356138423919, 964.2305840929031, 1176.5391313568116, 1285.824510741806, 1426.1017071044923, 1554.3507902877807, 1639.2538691768646, 1753.1870116786956, 1911.722405674362, 2042.9043362106322, 2311.884376672363, 2444.178301029968, 2551.737285825348, 2364.238982605362, 2667.358630869293, 2850.3750363445283, 3021.9362946887973, 3172.663780508804, 3527.6783421920777, 3700.1413944438937, 3723.851182409668, 3803.3200932510376, 3827.6004079284667, 3936.457621772003, 4075.8421314216616, 4206.900163821411, 4264.4825027103425, 4552.3489, 4795.580378818512, 4798.058051342773, 4870.264247623444, 4738.517107707596, 4675.452771835327, 4587.843065013122, 4907.394103462219, 4811.612726850891, 4772.183101501465, 4783.510199752807, 4805.294429299163, 4940.328864949799, 5177.639499999999, 5322.8523191280365, 5430.283478425598, 5681.714760081482]
shares:[0, 4.0355, 8.2549, 13.0168, 17.2721, 21.3438, 25.4641, 29.2999, 33.1123, 36.9437, 40.3754, 43.7802, 47.0816, 50.3189, 53.5879, 56.8294, 59.9662, 63.0526, 65.9032, 68.7146, 71.5173, 74.6759, 77.5846, 80.4055, 83.1573, 85.8637, 88.3687, 90.8233, 93.3296, 95.8498, 98.4212, 100.9866, 103.5266, 106.0474, 108.5939, 111.0329, 113.3975, 115.8112, 118.239, 120.7881, 123.428, 126.1783, 128.803, 131.5367, 134.352, 137.2206, 140.1369, 143.0321, 145.849, 148.6415, 151.4301, 154.1431]
growth_rate:11.41
