ticker:UBX
price:[3.0299999713897705, 2.940000057220459, 3.8399999141693115, 3.5399999618530273, 3.5, 3.7799999713897705, 4.059999942779541, 4.210000038146973, 3.869999885559082, 4.210000038146973, 4.659999847412109, 4.960000038146973, 6.360000133514404, 6.010000228881836, 6.179999828338623, 5.380000114440918, 5.570000171661377, 5.239999771118164, 6.0, 6.920000076293945, 6.809999942779541, 5.974999904632568, 7.510000228881836, 8.210000038146973, 7.730000019073486, 6.809999942779541, 6.130000114440918, 7.010000228881836, 7.03000020980835, 6.079999923706055, 6.300000190734863, 5.829999923706055, 5.340000152587891, 5.0, 4.96999979019165, 4.630000114440918, 4.199999809265137, 4.380000114440918, 4.480000019073486, 4.559999942779541, 4.71999979019165, 4.179999828338623, 4.340000152587891, 4.46999979019165, 4.489999771118164, 3.8499999046325684, 3.869999885559082, 3.640000104904175, 3.700000047683716, 3.4800000190734863, 3.1600000858306885, 3.200000047683716]
assets:[0, 99.9999859462738, 230.61234684541228, 312.59580263147353, 409.06354999999996, 541.7885298992873, 681.920838389206, 807.115105313301, 841.9324071029663, 1015.9007952051163, 1224.488587905121, 1403.3184267928123, 1899.41658387413, 1894.888765163994, 2048.4876330993175, 1883.3115420609474, 2049.8224471733092, 2028.3787594009398, 2422.5714000000003, 2894.0326079071046, 2948.0292262294292, 2686.560119619608, 3476.74784696064, 3900.812392124748, 3772.75018930912, 3423.729514232397, 3181.8593144021033, 3738.635010069275, 3849.301922881317, 3429.1260369701386, 3653.2063106021883, 3480.6656154504776, 3288.122715956497, 3178.7664999999997, 3259.693642392159, 3136.696826530552, 2945.3834262411115, 3171.6141468681335, 3344.0252302371027, 3503.7397960338594, 3726.6777223457334, 3400.3203443579673, 3630.476529642105, 3839.223368798399, 3956.401014318848, 3492.4596534891125, 3610.6023072298053, 3496.018808754659, 3653.64533708632, 3536.401423382616, 3311.2152539379363, 3453.1293314556365]
shares:[0, 34.0136, 60.0553, 88.3039, 116.8753, 143.3303, 167.9608, 191.7138, 217.5536, 241.3066, 262.7658, 282.9271, 298.6504, 315.2893, 331.4705, 350.0579, 368.0112, 387.0952, 403.7619, 418.2128, 432.8971, 449.6335, 462.9491, 475.1294, 488.066, 502.7503, 519.0635, 533.3288, 547.5536, 564.001, 579.874, 597.0267, 615.7533, 635.7533, 655.874, 677.4723, 701.2818, 724.1128, 746.4342, 768.364, 789.5504, 813.4738, 836.5153, 858.8867, 881.1584, 907.1324, 932.9722, 960.4447, 987.4717, 1016.2073, 1047.8529, 1079.1029]
growth_rate:-32.29
