ticker:UCBI
price:[18.770000457763672, 17.459999084472656, 17.239999771118164, 16.420000076293945, 17.420000076293945, 19.020000457763672, 18.860000610351562, 21.31999969482422, 20.940000534057617, 21.68000030517578, 24.209999084472656, 24.75, 25.309999465942383, 26.350000381469727, 27.049999237060547, 28.010000228881836, 28.709999084472656, 28.440000534057617, 30.979999542236328, 31.530000686645508, 31.770000457763672, 29.829999923706055, 31.530000686645508, 32.2400016784668, 33.0099983215332, 33.060001373291016, 34.720001220703125, 36.459999084472656, 35.83000183105469, 35.189998626708984, 34.22999954223633, 34.029998779296875, 33.83000183105469, 33.40999984741211, 32.720001220703125, 34.72999954223633, 35.40999984741211, 35.099998474121094, 34.58000183105469, 34.630001068115234, 33.849998474121094, 31.579999923706055, 32.400001525878906, 31.809999465942383, 31.530000686645508, 29.93000030517578, 28.68000030517578, 28.809999465942383, 30.399999618530273, 31.079999923706055, 29.799999237060547, 30.68000030517578]
assets:[0, 100.0003987564087, 198.7409933614731, 289.2875613441467, 406.9050717821121, 544.278235099411, 639.6991587020874, 823.1374722175598, 908.4651711696624, 1040.5684706474303, 1261.999464276123, 1390.1481, 1521.6017338932038, 1684.1260193811415, 1828.866678417206, 1993.7742242919924, 2143.600500643158, 2223.442085752678, 2522.019802734375, 2666.7948460762022, 2787.093184158325, 2716.9014780511857, 2971.7372477170943, 3138.654435403442, 3313.61625351181, 3418.635562007904, 3690.2917137451172, 3975.230054180145, 4006.5430517501827, 4034.9767365348816, 4024.9002661743166, 4101.383930877685, 4177.281264096069, 4225.41947770195, 4238.153046115112, 4598.505468388748, 4788.543853365326, 4846.62182930603, 4874.818934127808, 4981.8684906589515, 4969.657060979462, 4736.390494557381, 4959.37427356186, 4969.065464574433, 5025.327181439208, 4870.3144046592715, 4766.911454723358, 4888.518162380409, 5258.312254016876, 5475.9323505579, 5350.411063018799, 5608.411435787201]
shares:[0, 5.7274, 11.5279, 17.618, 23.3585, 28.6161, 33.9183, 38.6087, 43.3842, 47.9967, 52.1272, 56.1676, 60.1186, 63.9137, 67.6106, 71.1808, 74.6639, 78.1801, 81.408, 84.5796, 87.7272, 91.0795, 94.2511, 97.3528, 100.3822, 103.407, 106.2872, 109.0299, 111.8209, 114.6626, 117.584, 120.5226, 123.4786, 126.4717, 129.5279, 132.4073, 135.2314, 138.0804, 140.9722, 143.8599, 146.8141, 149.9807, 153.0671, 156.2108, 159.3824, 162.7235, 166.2103, 169.6813, 172.9708, 176.1883, 179.544, 182.8035]
growth_rate:9.97
