ticker:UCBIO
price:[26.270000457763672, 26.670000076293945, 26.829999923706055, 26.34000015258789, 26.709999084472656, 26.65999984741211, 26.700000762939453, 26.649999618530273, 26.729999542236328, 27.100000381469727, 27.68000030517578, 27.551000595092773, 26.989999771118164, 26.770000457763672, 27.25, 27.899999618530273, 27.856000900268555, 27.65999984741211, 27.399999618530273, 27.489999771118164, 27.3700008392334, 27.290000915527344, 27.700000762939453, 27.860000610351562, 27.860000610351562, 27.209999084472656, 27.34000015258789, 27.354000091552734, 27.5, 27.5, 27.5, 27.966999053955078, 27.920000076293945, 27.860000610351562, 27.81999969482422, 27.729999542236328, 28.049999237060547, 28.402999877929688, 27.6299991607666, 27.634000778198242, 27.649999618530273, 28.200000762939453, 28.200000762939453, 28.020000457763672, 28.399999618530273, 28.350000381469727, 28.09000015258789, 27.950000762939453, 27.8700008392334, 27.969999313354492, 27.780000686645508, 28.09000015258789]
assets:[0, 99.99916528606414, 200.59986042957306, 296.9360897201538, 401.1067272514343, 500.35487713623047, 601.1051271762848, 699.9782299804688, 802.0790772640228, 913.1805828542709, 1032.7242033859252, 1127.910413362503, 1204.9442487817764, 1295.1219141464235, 1418.343425, 1552.1746287775038, 1649.7270837169647, 1738.1184324115754, 1821.7793946367262, 1927.7637239494325, 2019.3477139183044, 2113.4441019020082, 2245.1958618392946, 2358.1651756622314, 2458.1658618530273, 2500.8138748558044, 2612.760784582138, 2714.0994492839814, 2828.58675, 2928.58775, 3028.58875, 3180.018391128922, 3274.675384948349, 3367.638865777588, 3462.8026560142516, 3551.60010837059, 3692.5860495643615, 3839.057394900513, 3834.576936528587, 3935.1314520168307, 4037.408704298401, 4217.7190141086585, 4317.719036814117, 4390.159661722183, 4549.696978888322, 4641.686027457237, 4699.117136526108, 4775.696445360184, 4862.027552407456, 4979.473804757118, 5045.6481887146, 5201.953420257568]
shares:[0, 3.7495, 7.4767, 11.2732, 15.0171, 18.768, 22.5133, 26.2656, 30.0067, 33.6967, 37.3094, 40.939, 44.6441, 48.3796, 52.0493, 55.6335, 59.2234, 62.8387, 66.4883, 70.126, 73.7796, 77.4439, 81.054, 84.6434, 88.2328, 91.9079, 95.5655, 99.2213, 102.8577, 106.4941, 110.1305, 113.7061, 117.2878, 120.8772, 124.4717, 128.0779, 131.643, 135.1638, 138.7831, 142.4018, 146.0184, 149.5645, 153.1106, 156.6795, 160.2006, 163.7279, 167.2879, 170.8657, 174.4538, 178.0291, 181.6288, 185.1888]
growth_rate:2.0
