ticker:UCL
price:[13.300000190734863, 13.329999923706055, 13.180000305175781, 13.175000190734863, 12.392999649047852, 12.5, 12.369999885559082, 12.46500015258789, 10.699999809265137, 9.880000114440918, 9.675000190734863, 9.0, 9.3100004196167, 11.510000228881836, 12.989999771118164, 12.199999809265137, 10.380000114440918, 10.539999961853027, 10.789999961853027, 10.300000190734863, 10.380000114440918, 10.510000228881836, 10.600000381469727, 12.75, 13.550000190734863, 11.800000190734863, 10.399999618530273, 10.399999618530273, 10.600000381469727, 12.100000381469727, 10.899999618530273, 10.3100004196167, 10.3100004196167, 13.289999961853027, 10.649999618530273, 10.699999809265137, 10.63700008392334, 10.960000038146973, 11.649999618530273, 11.529999732971191, 11.425999641418457, 10.866000175476074, 10.800000190734863, 10.289999961853027, 9.510000228881836, 9.23799991607666, 7.829999923706055, 7.289999961853027, 7.650000095367432, 6.179999828338623, 6.019999980926514, 6.360000133514404]
assets:[0, 100.00032642765045, 198.8756606048584, 298.7997818257332, 381.06491040878296, 484.35499999999996, 579.3180196404458, 683.7675833702087, 686.9485477546692, 734.3043325055122, 819.0681011472701, 861.9237, 991.6118686935425, 1325.9347613668442, 1596.4281048711775, 1599.3394549959182, 1460.7493901049615, 1583.2660942697526, 1720.819405916214, 1742.6724822707176, 1856.207672464943, 1979.4544941076279, 2096.405535444832, 2621.6193, 2886.113455626011, 2613.3684622424125, 2403.3078318471908, 2503.307988179207, 2651.4491154195784, 3126.6546185722354, 2916.572847928047, 2858.7033043491365, 2958.703091419125, 3913.88638276577, 3236.4102790758134, 3351.604810255337, 3431.8706494766234, 3636.081940655613, 3964.995820169449, 4024.1543868026733, 4087.8570397109984, 3987.5069503946306, 4063.287311760235, 3971.4100502772335, 3770.3698777433397, 3762.5320526189803, 3289.0697679519653, 3162.2372294527054, 3418.3971876148703, 2861.528410515547, 2887.4436268515587, 3150.5221021383763]
shares:[0, 7.5019, 15.0892, 22.6793, 30.7484, 38.7484, 46.8325, 54.855, 64.2008, 74.3223, 84.6582, 95.7693, 106.5104, 115.1985, 122.8967, 131.0934, 140.7273, 150.215, 159.4828, 169.1915, 178.8254, 188.3401, 197.7741, 205.6172, 212.9973, 221.4719, 231.0873, 240.7027, 250.1367, 258.4012, 267.5755, 277.2748, 286.9741, 294.4986, 303.8883, 313.2341, 322.6352, 331.7593, 340.343, 349.016, 357.768, 366.971, 376.2303, 385.9485, 396.4637, 407.2886, 420.06, 433.7774, 446.8493, 463.0305, 479.6418, 495.3651]
growth_rate:-38.23
