ticker:UCTT
price:[22.770000457763672, 19.219999313354492, 20.360000610351562, 20.850000381469727, 21.81999969482422, 24.34000015258789, 23.979999542236328, 23.579999923706055, 21.290000915527344, 25.43000030517578, 26.6299991607666, 28.709999084472656, 30.850000381469727, 35.58000183105469, 34.16999816894531, 32.790000915527344, 31.649999618530273, 31.149999618530273, 36.2400016784668, 40.029998779296875, 43.36000061035156, 38.599998474121094, 44.220001220703125, 48.150001525878906, 50.86000061035156, 46.380001068115234, 45.75, 50.880001068115234, 52.72999954223633, 56.95000076293945, 63.63999938964844, 55.04999923706055, 53.72999954223633, 54.11000061035156, 51.06999969482422, 50.13999938964844, 48.709999084472656, 51.34000015258789, 56.33000183105469, 57.70000076293945, 57.41999816894531, 49.880001068115234, 52.880001068115234, 51.189998626708984, 51.7400016784668, 45.810001373291016, 51.880001068115234, 54.0099983215332, 47.599998474121094, 43.029998779296875, 40.459999084472656, 46.119998931884766]
assets:[0, 99.99973442745208, 205.93122617340086, 310.8881006879807, 425.35252805099486, 574.4775516014099, 665.97974128685, 754.8712535575867, 781.5601916091919, 1033.5413304031372, 1182.3133767398833, 1374.6605951637266, 1577.126059501648, 1918.9362387542724, 1942.8890108871458, 1964.4227228485106, 1996.1274959411621, 2064.59393971653, 2501.95535587883, 2863.610010675049, 3201.8281890701296, 2950.336843371582, 3479.892996063232, 3889.162293247986, 4208.054730499268, 3937.3884486766815, 3983.905425, 4530.624959110642, 4795.361072370148, 5279.134085722732, 5999.279102462769, 5289.506701692581, 5262.67614616356, 5399.896688909912, 5196.520571947479, 5201.889558677673, 5153.532516136932, 5531.787470441055, 6169.453322543334, 6419.500134881973, 6488.350695094299, 5736.34477483635, 6181.354844856262, 6083.803361787795, 6249.167750725555, 5632.93977986412, 6479.324461397553, 6845.340608267593, 6132.921843401336, 5644.111546884155, 5407.013587650299, 6263.409470942688]
shares:[0, 5.2029, 10.1145, 14.9107, 19.4937, 23.6022, 27.7723, 32.0132, 36.7102, 40.6426, 44.3978, 47.8809, 51.1224, 53.933, 56.8595, 59.9092, 63.0688, 66.2791, 69.0385, 71.5366, 73.8429, 76.4336, 78.695, 80.7718, 82.738, 84.8941, 87.0799, 89.0453, 90.9418, 92.6977, 94.269, 96.0855, 97.9467, 99.7948, 101.7529, 103.7473, 105.8003, 107.7481, 109.5234, 111.2565, 112.9981, 115.0029, 116.894, 118.8475, 120.7802, 122.9631, 124.8906, 126.7421, 128.8429, 131.1669, 133.6385, 135.8068]
growth_rate:22.81
