ticker:UEIC
price:[39.540000915527344, 37.689998626708984, 39.7599983215332, 36.220001220703125, 37.52000045776367, 39.380001068115234, 38.349998474121094, 39.61000061035156, 37.060001373291016, 42.38999938964844, 46.869998931884766, 50.9900016784668, 53.779998779296875, 56.45000076293945, 52.54999923706055, 52.81999969482422, 52.02000045776367, 52.459999084472656, 55.20000076293945, 56.77000045776367, 60.15999984741211, 54.2400016784668, 55.060001373291016, 60.18000030517578, 58.58000183105469, 58.189998626708984, 59.13999938964844, 64.11000061035156, 58.25, 55.650001525878906, 56.0, 56.0, 56.529998779296875, 55.40999984741211, 56.849998474121094, 50.58000183105469, 46.650001525878906, 50.43000030517578, 50.060001373291016, 50.709999084472656, 48.91999816894531, 48.439998626708984, 49.279998779296875, 48.130001068115234, 46.77000045776367, 46.040000915527344, 45.7400016784668, 46.7400016784668, 48.029998779296875, 49.77000045776367, 50.459999084472656, 50.81999969482422]
assets:[0, 99.99910435638428, 205.49159932518006, 287.1956336791992, 397.50189284973146, 517.2090580284118, 603.6826659805298, 723.5162711486815, 776.9369867900849, 988.6746727645874, 1193.1648758090973, 1398.0489650203704, 1574.5439142608643, 1752.716073688507, 1731.6223198596956, 1840.5181713661195, 1912.6401648307801, 2028.8170205932618, 2234.7830708877564, 2398.345178339004, 2641.5594173000336, 2481.62110079422, 2619.138193325806, 2962.6915050239563, 2983.9247012695314, 3064.058386687851, 3214.0815468292235, 3584.1849821228025, 3356.568875, 3306.745350668335, 3427.5416, 3527.5407999999998, 3660.9279449462892, 3688.394344842911, 3884.2477207450866, 3555.855056726074, 3379.5686905426023, 3753.4091057136534, 3825.8706469547274, 3975.547295224762, 3935.2176007064822, 3996.6050586948395, 4165.909336807251, 4168.693408512879, 4150.898341627121, 4186.108815242767, 4258.8332602813725, 4451.943093872452, 4674.812614187623, 4944.166776474381, 5112.713073236847, 5249.187604478455]
shares:[0, 2.6532, 5.1683, 7.9292, 10.5944, 13.1338, 15.7414, 18.266, 20.9643, 23.3233, 25.4569, 27.4181, 29.2775, 31.049, 32.9519, 34.8451, 36.7674, 38.6736, 40.4852, 42.2467, 43.9089, 45.7526, 47.5688, 49.2305, 50.9376, 52.6561, 54.347, 55.9068, 57.6235, 59.4204, 61.2061, 62.9918, 64.7608, 66.5655, 68.3245, 70.3016, 72.4452, 74.4281, 76.4257, 78.3977, 80.4419, 82.5063, 84.5355, 86.6132, 88.7513, 90.9233, 93.1096, 95.2491, 97.3311, 99.3403, 101.3221, 103.2898]
growth_rate:2.93
