ticker:UEPS
price:[3.2300000190734863, 3.130000114440918, 3.1700000762939453, 3.190000057220459, 3.4000000953674316, 3.4100000858306885, 3.200000047683716, 3.0999999046325684, 3.009999990463257, 2.940000057220459, 3.309999942779541, 3.5299999713897705, 3.5899999141693115, 3.430000066757202, 3.4600000381469727, 4.0, 4.739999771118164, 4.920000076293945, 4.679999828338623, 4.760000228881836, 5.130000114440918, 4.909999847412109, 4.690000057220459, 5.230000019073486, 5.420000076293945, 5.340000152587891, 5.130000114440918, 5.590000152587891, 5.949999809265137, 5.639999866485596, 5.650000095367432, 5.949999809265137, 5.920000076293945, 5.539999961853027, 5.630000114440918, 4.630000114440918, 4.670000076293945, 5.039999961853027, 4.980000019073486, 5.199999809265137, 4.909999847412109, 5.010000228881836, 4.639999866485596, 4.559999942779541, 4.230000019073486, 4.070000171661377, 4.210000038146973, 4.320000171661377, 4.400000095367432, 4.380000114440918, 4.25, 4.179999828338623]
assets:[0, 100.00006065626144, 201.27788684425354, 302.54789942693714, 422.46497184982303, 523.7074721818686, 591.4556888133765, 672.9727792968749, 753.434903612852, 835.9131642691613, 1041.113149002123, 1210.3109691905738, 1330.88297318089, 1371.5678466944696, 1483.5639383564949, 1815.1028, 2250.8964893102648, 2436.3737057806015, 2417.525983325672, 2558.8514110408782, 2857.753773751259, 2835.198887890625, 2808.16379826107, 3231.492014785051, 3448.8885945478437, 3497.98258595314, 3460.421570195675, 3870.7128736572267, 4219.989169722843, 4100.1242389387135, 4207.394046017409, 4530.79514475956, 4607.951051384925, 4412.170093618965, 4583.848131175804, 3869.6656626475333, 4003.0969793987274, 4420.25888654375, 4467.636701111126, 4765.002145220757, 4599.261669068909, 4792.933451965141, 4538.963869392872, 4560.705830770683, 4330.654984527349, 4266.847764963865, 4513.618925898075, 4731.5519000149725, 4919.173266620207, 4996.813192557049, 4948.505775, 4967.000582018614]
shares:[0, 31.9489, 63.4946, 94.8426, 124.2544, 153.5799, 184.8299, 217.088, 250.3106, 284.3242, 314.5357, 342.8643, 370.7195, 399.874, 428.7757, 453.7757, 474.8727, 495.1979, 516.5654, 537.5738, 557.067, 577.4336, 598.7556, 617.8761, 636.3263, 655.0529, 674.5461, 692.4352, 709.2419, 726.9724, 744.6715, 761.4782, 778.3701, 796.4206, 814.1826, 835.7809, 857.1942, 877.0355, 897.1158, 916.3466, 936.7132, 956.6733, 978.225, 1000.1548, 1023.7955, 1048.3655, 1072.1185, 1095.2666, 1117.9939, 1140.8249, 1164.3543, 1188.2777]
growth_rate:-2.61
