ticker:UFCS
price:[23.889999389648438, 22.600000381469727, 21.239999771118164, 19.770000457763672, 20.31999969482422, 21.260000228881836, 21.829999923706055, 23.1200008392334, 20.540000915527344, 19.15999984741211, 23.149999618530273, 23.329999923706055, 23.18000030517578, 24.260000228881836, 24.020000457763672, 25.209999084472656, 24.530000686645508, 25.100000381469727, 29.1299991607666, 31.139999389648438, 30.850000381469727, 27.540000915527344, 30.010000228881836, 30.06999969482422, 29.43000030517578, 29.450000762939453, 34.0, 35.56999969482422, 35.220001220703125, 36.06999969482422, 35.06999969482422, 33.77000045776367, 33.880001068115234, 32.25, 30.260000228881836, 32.5, 33.0, 32.400001525878906, 30.649999618530273, 30.510000228881836, 29.239999771118164, 27.229999542236328, 27.479999542236328, 27.40999984741211, 24.670000076293945, 25.229999542236328, 23.90999984741211, 24.920000076293945, 26.59000015258789, 26.760000228881836, 27.049999237060547, 27.469999313354492]
assets:[0, 100.00048168792725, 193.98279390964507, 280.55805349617003, 388.3639621673584, 506.33029145107264, 619.9065078334808, 756.539603461647, 772.1150664154053, 820.2395934677124, 1091.0525370214461, 1199.5352760772705, 1291.823735007477, 1452.0119596990585, 1537.6475353038786, 1713.8261577606202, 1767.5975074787139, 1908.6717990079878, 2315.124161301422, 2574.870015531921, 2650.8911727790833, 2466.468711994171, 2787.679938261223, 2893.2541816368102, 2931.6753664001467, 3033.6681385910033, 3602.368, 3868.714104808045, 3930.6472302337647, 4125.50982209549, 4111.133319225311, 4058.738684017563, 4171.959615526963, 4071.243225, 3920.025677650452, 4310.20525, 4476.516, 4495.124371697999, 4352.330595830917, 4432.450119251633, 4347.947029965591, 4149.062260250092, 4287.154728584289, 4376.233978638077, 4038.7701184902194, 4230.447742244339, 4109.117580776596, 4382.692873417855, 4776.396294409561, 4906.933073969651, 5060.1108122806545, 5238.677207052993]
shares:[0, 4.4248, 9.1329, 14.1911, 19.1124, 23.8161, 28.397, 32.7223, 37.5908, 42.81, 47.1297, 51.416, 55.7301, 59.8521, 64.0153, 67.982, 72.0586, 76.0427, 79.4756, 82.6869, 85.9284, 89.5595, 92.8917, 96.2173, 99.6152, 103.0108, 105.952, 108.7634, 111.6027, 114.3751, 117.2265, 120.1877, 123.1393, 126.2401, 129.5448, 132.6217, 135.652, 138.7384, 142.001, 145.2786, 148.6986, 152.371, 156.01, 159.6583, 163.7118, 167.6753, 171.8577, 175.8705, 179.6313, 183.3682, 187.0651, 190.7054]
growth_rate:2.72
