ticker:UFPI
price:[57.66999816894531, 55.56999969482422, 54.790000915527344, 54.119998931884766, 57.220001220703125, 59.2400016784668, 57.349998474121094, 53.27000045776367, 49.90999984741211, 53.279998779296875, 52.88999938964844, 53.9900016784668, 54.040000915527344, 52.86000061035156, 54.13999938964844, 56.650001525878906, 56.40999984741211, 55.54999923706055, 56.7599983215332, 56.66999816894531, 60.2599983215332, 53.939998626708984, 61.060001373291016, 62.310001373291016, 60.189998626708984, 61.0, 62.400001525878906, 71.91000366210938, 70.38999938964844, 73.29000091552734, 77.33000183105469, 80.12999725341797, 81.05999755859375, 81.4000015258789, 84.04000091552734, 88.18000030517578, 83.13999938964844, 79.06999969482422, 79.5199966430664, 76.51000213623047, 74.20999908447266, 70.66000366210938, 72.7300033569336, 73.7300033569336, 73.47000122070312, 69.5999984741211, 72.7699966430664, 74.26000213623047, 73.4800033569336, 75.4000015258789, 73.73999786376953, 78.1500015258789]
assets:[0, 99.99821445083619, 198.59731631851196, 296.1662821548462, 413.12840881347654, 527.7099349517822, 610.8749787467957, 667.4145087352753, 725.3170727825166, 874.2928119689942, 967.8922778305053, 1088.0227108249665, 1189.0313321441652, 1263.0685705841065, 1393.6556222885133, 1558.2659269721985, 1651.6622315322875, 1726.4828662879943, 1864.0891608764648, 1961.1332906341554, 2185.371021129227, 2056.1711716506957, 2427.580792598343, 2577.2787388023376, 2589.5904249160767, 2724.4369, 2886.967270595551, 3426.9503255218506, 3454.515922045898, 3696.835594180298, 4000.621246728516, 4245.479566479492, 4394.756933636474, 4513.190524601746, 4759.5634318504335, 5094.026347629548, 4902.873846006775, 4762.8605016174315, 4889.9629135704035, 4804.866389156342, 4760.423021270752, 4632.695952099609, 4868.408237706757, 5035.346341259766, 5117.589670028687, 4948.0239715217585, 5273.386961734772, 5481.360963681794, 5523.7857723541265, 5768.1227367301935, 5741.130769680785, 6184.478520751953]
shares:[0, 1.7995, 3.6247, 5.4724, 7.22, 8.908, 10.6517, 12.5289, 14.5325, 16.4094, 18.3001, 20.1523, 22.0028, 23.8946, 25.7417, 27.5069, 29.2796, 31.0798, 32.8416, 34.6062, 36.2657, 38.1196, 39.7573, 41.3622, 43.0236, 44.6629, 46.2655, 47.6561, 49.0768, 50.4412, 51.7344, 52.9824, 54.2161, 55.4446, 56.6345, 57.7685, 58.9713, 60.236, 61.4935, 62.8005, 64.148, 65.5632, 66.9381, 68.2944, 69.6555, 71.0923, 72.4665, 73.8131, 75.174, 76.5003, 77.8564, 79.136]
growth_rate:21.26
