ticker:UFPT
price:[41.02000045776367, 39.849998474121094, 41.81999969482422, 39.720001220703125, 40.15999984741211, 42.72999954223633, 40.13999938964844, 39.52000045776367, 37.060001373291016, 44.0, 44.70000076293945, 44.0099983215332, 46.0, 47.95000076293945, 46.86000061035156, 44.970001220703125, 46.20000076293945, 46.599998474121094, 48.810001373291016, 47.70000076293945, 46.2400016784668, 46.0099983215332, 46.90999984741211, 47.34000015258789, 48.61000061035156, 49.52000045776367, 53.70000076293945, 50.540000915527344, 48.33000183105469, 51.099998474121094, 52.58000183105469, 49.72999954223633, 50.88999938964844, 50.36000061035156, 50.060001373291016, 54.5099983215332, 57.150001525878906, 55.25, 54.439998626708984, 57.790000915527344, 57.38999938964844, 56.0, 58.31999969482422, 57.72999954223633, 61.029998779296875, 57.900001525878906, 59.880001068115234, 59.779998779296875, 68.31999969482422, 62.31999969482422, 65.0, 68.83999633789062]
assets:[0, 99.99958617095946, 204.94309050445557, 294.6509130554199, 397.9133104881287, 523.3783993930816, 591.65556300354, 682.5183119056701, 740.0326374225616, 978.6128, 1094.1800286754608, 1177.289460100174, 1330.5223999999998, 1486.924728658676, 1553.1231742294312, 1590.48101517334, 1733.9830486347198, 1848.9947394561766, 2036.6851653030394, 2090.3666734344483, 2126.383469185638, 2215.804711166382, 2359.1461113262176, 2480.772229996109, 2647.3249382400513, 2796.8846738544466, 3132.97081451149, 3048.6082332252504, 3015.299148239136, 3288.1162718147275, 3483.3515093048095, 3394.544903753281, 3573.724762138367, 3636.5057160736083, 3714.8425699089053, 4145.065645365524, 4445.818633701325, 4398.016025, 4433.539048160553, 4806.35970214386, 4873.09388917389, 4855.0656, 5156.205309018707, 5204.041943735122, 5601.516377960205, 5414.234932685089, 5699.3844896633145, 5789.866243771363, 6716.990081996154, 6227.089153506469, 6594.8805, 7084.4823551239015]
shares:[0, 2.5094, 4.9006, 7.4182, 9.9082, 12.2485, 14.7398, 17.2702, 19.9685, 22.2412, 24.4783, 26.7505, 28.9244, 31.0099, 33.1439, 35.3676, 37.5321, 39.678, 41.7268, 43.8232, 45.9858, 48.1592, 50.2909, 52.4033, 54.4605, 56.4799, 58.3421, 60.3207, 62.3898, 64.3467, 66.2486, 68.2595, 70.2245, 72.2102, 74.2078, 76.0423, 77.7921, 79.6021, 81.439, 83.1694, 84.9119, 86.6976, 88.4123, 90.1445, 91.783, 93.5101, 95.1801, 96.8529, 98.3166, 99.9212, 101.4597, 102.9123]
growth_rate:38.91
