ticker:UG
price:[14.8100004196167, 15.079999923706055, 15.170000076293945, 14.9399995803833, 15.100000381469727, 16.06999969482422, 15.109999656677246, 14.850000381469727, 14.199999809265137, 14.0, 14.399999618530273, 14.25, 15.350000381469727, 14.149999618530273, 14.489999771118164, 14.140000343322754, 14.420000076293945, 14.380000114440918, 14.4399995803833, 14.170000076293945, 14.229999542236328, 13.970000267028809, 14.4399995803833, 14.300000190734863, 14.0, 14.0, 13.850000381469727, 14.109999656677246, 15.600000381469727, 14.569999694824219, 14.8100004196167, 14.890000343322754, 15.3100004196167, 15.050000190734863, 14.619999885559082, 14.800000190734863, 15.430000305175781, 17.040000915527344, 16.68000030517578, 16.200000762939453, 15.699999809265137, 15.149999618530273, 15.380000114440918, 15.34000015258789, 15.8100004196167, 15.3100004196167, 15.899999618530273, 15.449999809265137, 15.350000381469727, 15.359999656677246, 15.789999961853027, 15.5]
assets:[0, 100.00000349407196, 200.59746200885772, 297.55548964262005, 400.7419301239014, 526.485330001831, 595.0332974799156, 684.7944025911331, 754.8208698612212, 844.1902, 968.3092543485642, 1058.2221, 1239.9100958135605, 1242.9784164905548, 1372.8448853147506, 1439.6839309558868, 1568.1923122970582, 1663.8422272414207, 1770.7843685421944, 1837.6747188943864, 1945.4558104167938, 2009.9100394183158, 2177.530276722431, 2256.4184800963403, 2309.0816, 2409.0822000000003, 2483.2704433965687, 2629.888053009892, 3007.602073545456, 2909.022827069092, 3056.9410726133347, 3173.453658171177, 3362.9671341722487, 3405.8556781638144, 3408.5447853189467, 3550.5111657571797, 3801.6481041893007, 4298.319782940674, 4307.5099988098145, 4283.5523617340095, 4251.343288351632, 4202.411429185296, 4366.211314488506, 4454.855696312714, 4691.3472735140795, 4642.98115325489, 4921.906891914558, 4882.607819722748, 4951.006008039665, 5054.2309270291325, 5295.722821206093, 5298.4611]
shares:[0, 6.6313, 13.2233, 19.9167, 26.5392, 32.762, 39.3801, 46.1141, 53.1564, 60.2993, 67.2437, 74.2612, 80.7759, 87.843, 94.7443, 101.8164, 108.7512, 115.7053, 122.6305, 129.6877, 136.7151, 143.8733, 150.7985, 157.7915, 164.9344, 172.0773, 179.2975, 186.3847, 192.795, 199.6584, 206.4106, 213.1265, 219.6582, 226.3027, 233.1426, 239.8994, 246.3803, 252.2488, 258.244, 264.4168, 270.7862, 277.3869, 283.8889, 290.4078, 296.7329, 303.2646, 309.5539, 316.0264, 322.5411, 329.0515, 335.3846, 341.8362]
growth_rate:3.89
