ticker:UGRO
price:[0.6200000047683716, 0.6200000047683716, 0.6200000047683716, 0.6200000047683716, 0.6200000047683716, 0.6200000047683716, 0.8799999952316284, 0.8799999952316284, 0.8799999952316284, 1.0, 1.0, 1.0, 1.0, 1.0, 0.800000011920929, 1.0199999809265137, 8.399979591369629, 5.999989986419678, 8.0, 9.800000190734863, 12.25, 21.0, 74.98999786376953, 12.300000190734863, 10.109999656677246, 8.350000381469727, 7.300000190734863, 8.3100004196167, 8.859999656677246, 7.789999961853027, 8.5, 8.470000267028809, 8.390000343322754, 8.0, 7.909999847412109, 8.079999923706055, 7.510000228881836, 8.170000076293945, 9.949999809265137, 10.140000343322754, 10.020000457763672, 9.699999809265137, 10.430000305175781, 9.779999732971191, 9.649999618530273, 8.84000015258789, 10.399999618530273, 9.319999694824219, 10.399999618530273, 11.619999885559082, 12.800000190734863, 16.510000228881836]
assets:[0, 99.99998676909209, 199.99997353818418, 299.99996030727624, 399.99994707636836, 499.9999338454604, 809.677347612679, 909.6773790708185, 1009.6774105289578, 1247.3607, 1347.3607, 1447.3607, 1547.3607, 1647.3607, 1417.888581128186, 1907.807862324953, 15811.321064739132, 11393.809384497355, 15291.7712, 18832.420266530513, 23640.5253, 40626.6147, 145175.70152239836, 23911.991260800838, 19754.489434162617, 16415.528774943352, 14451.300107584477, 16550.72701373539, 17746.14074234152, 15702.984548103808, 17234.1937, 17273.3678865675, 17210.219768250274, 16510.2208, 16424.480301163483, 16877.47152063751, 15786.858597135164, 17274.25191631222, 21137.797504802515, 21641.434650741292, 21485.32285555687, 20899.163689051627, 22571.98816144333, 21265.294987381745, 21082.627261592294, 19412.99835508919, 22938.82051860905, 20656.71218361282, 23150.408510848047, 25966.130760269545, 28702.967467707538, 37122.34257663536]
shares:[0, 161.2903, 322.5806, 483.8709, 645.1612, 806.4515, 920.0879, 1033.7243, 1147.3607, 1247.3607, 1347.3607, 1447.3607, 1547.3607, 1647.3607, 1772.3607, 1870.3999, 1882.3047, 1898.9714, 1911.4714, 1921.6755, 1929.8388, 1934.6007, 1935.9342, 1944.0643, 1953.9555, 1965.9315, 1979.6301, 1991.6638, 2002.9505, 2015.7875, 2027.5522, 2039.3586, 2051.2776, 2063.7776, 2076.4198, 2088.796, 2102.1116, 2114.3515, 2124.4018, 2134.2637, 2144.2437, 2154.553, 2164.1407, 2174.3656, 2184.7283, 2196.0405, 2205.6559, 2216.3855, 2226.0009, 2234.6068, 2242.4193, 2248.4762]
growth_rate:627.89
