ticker:UHAL
price:[363.04998779296875, 370.510009765625, 377.1000061035156, 354.42999267578125, 361.95001220703125, 360.1600036621094, 358.739990234375, 368.7900085449219, 347.1600036621094, 384.9599914550781, 401.8699951171875, 401.010009765625, 407.44000244140625, 433.80999755859375, 430.8599853515625, 443.489990234375, 447.8900146484375, 453.9599914550781, 472.8399963378906, 473.1700134277344, 474.6199951171875, 462.44000244140625, 476.4599914550781, 500.239990234375, 536.010009765625, 574.719970703125, 596.4400024414062, 618.8300170898438, 606.030029296875, 619.4099731445312, 614.25, 614.5700073242188, 612.5, 595.6699829101562, 596.6300048828125, 620.4099731445312, 617.1400146484375, 579.260009765625, 575.0399780273438, 568.5900268554688, 554.5900268554688, 526.510009765625, 572.030029296875, 603.0999755859375, 584.0, 569.5800170898438, 583.6500244140625, 587.9600219726562, 625.6900024414062, 659.719970703125, 644.2999877929688, 673.739990234375]
assets:[0, 100.00065163574217, 201.78621326599122, 289.64019001464845, 395.7923383483886, 493.8513970214844, 591.9209838867188, 708.5193644165039, 766.9805960906982, 950.5047149017335, 1092.242459729004, 1189.917001977539, 1308.9824958435058, 1493.69458359375, 1583.5397041625977, 1729.96575390625, 1847.1432094116212, 1972.1837868774414, 2154.211739315796, 2255.6960880126953, 2362.6108736938477, 2401.959616680908, 2574.7897938232422, 2803.2948812744144, 3103.7659615478515, 3427.917265258789, 3657.4893829711914, 3894.7923615600585, 3914.2267532226565, 4100.617904211425, 4166.4577500000005, 4268.618899871826, 4354.2625, 4334.630898638916, 4441.612071350098, 4718.652132745361, 4793.758491784668, 4599.498255541992, 4665.989389709473, 4713.668181634522, 4697.599363476563, 4559.734637573242, 5053.942511840821, 5428.4425702514645, 5356.5064, 5324.263125750732, 5555.764582397461, 5696.8034488952635, 6162.358265045166, 6597.529567016602, 6543.317386029053, 6942.284233374024]
shares:[0, 0.2699, 0.5351, 0.8172, 1.0935, 1.3712, 1.65, 1.9212, 2.2093, 2.4691, 2.7179, 2.9673, 3.2127, 3.4432, 3.6753, 3.9008, 4.1241, 4.3444, 4.5559, 4.7672, 4.9779, 5.1941, 5.404, 5.6039, 5.7905, 5.9645, 6.1322, 6.2938, 6.4588, 6.6202, 6.783, 6.9457, 7.109, 7.2769, 7.4445, 7.6057, 7.7677, 7.9403, 8.1142, 8.2901, 8.4704, 8.6603, 8.8351, 9.0009, 9.1721, 9.3477, 9.519, 9.6891, 9.8489, 10.0005, 10.1557, 10.3041]
growth_rate:36.12
