ticker:UIHC
price:[7.489999771118164, 7.539999961853027, 7.880000114440918, 6.230000019073486, 6.239999771118164, 5.900000095367432, 5.440000057220459, 5.070000171661377, 4.389999866485596, 4.360000133514404, 4.449999809265137, 4.650000095367432, 5.019999980926514, 4.739999771118164, 4.619999885559082, 5.119999885559082, 6.079999923706055, 5.71999979019165, 5.920000076293945, 5.730000019073486, 5.679999828338623, 5.079999923706055, 5.539999961853027, 6.050000190734863, 5.880000114440918, 6.21999979019165, 7.159999847412109, 7.880000114440918, 7.510000228881836, 7.25, 7.599999904632568, 7.369999885559082, 7.179999828338623, 6.159999847412109, 5.590000152587891, 5.960000038146973, 5.820000171661377, 5.710000038146973, 5.639999866485596, 5.579999923706055, 5.909999847412109, 6.050000190734863, 5.800000190734863, 5.599999904632568, 4.949999809265137, 4.570000171661377, 4.28000020980835, 4.380000114440918, 4.159999847412109, 4.099999904632568, 3.7899999618530273, 4.03000020980835]
assets:[0, 100.00000349407196, 204.50964297008514, 261.68741280117035, 362.1071867179871, 442.37728715057375, 507.8871093421936, 573.3435044124126, 596.4451368601322, 692.3693292021275, 806.6612554250717, 942.9158593383789, 1117.9434537523746, 1155.5877701997758, 1226.3323076228144, 1459.0525113876342, 1832.625065003586, 1824.1142250918865, 1987.8945856189728, 2024.0938567376138, 2106.4313443392753, 1983.9208182044981, 2263.566978413677, 2571.9458310842515, 2599.6762345968245, 2849.997683866024, 3380.7049079532626, 3820.6645474873544, 3741.268079022407, 3711.74335, 3990.9309499204155, 3970.152608351708, 3967.8014531367303, 3504.130697200012, 3279.8850745296477, 3596.9792230224607, 3612.486328550577, 3644.2088163459775, 3699.5336604218005, 3760.1766925880434, 4082.5528375942226, 4279.263144909859, 4202.434218198395, 4157.5222491978175, 3774.952519542408, 3585.1582796680927, 3457.653809496403, 3638.4398150653838, 3555.6870695781704, 3604.4029861603262, 3431.8749064576145, 3749.1970491892816]
shares:[0, 13.2626, 25.953, 42.0044, 58.03, 74.9792, 93.3616, 113.0855, 135.8645, 158.8003, 181.2722, 202.7776, 222.6979, 243.7949, 265.4399, 284.9712, 301.4186, 318.9011, 335.793, 353.245, 370.8506, 390.5356, 408.5861, 425.115, 442.1218, 458.199, 472.1655, 484.8559, 498.1715, 511.9646, 525.1225, 538.691, 552.6186, 568.8524, 586.7415, 603.52, 620.7021, 638.2152, 655.9457, 673.8668, 690.7873, 707.3162, 724.5576, 742.4147, 762.6167, 784.4985, 807.863, 830.694, 854.7325, 879.1227, 905.5079, 930.3218]
growth_rate:-26.49
