ticker:UK
price:[10.149999618530273, 10.149999618530273, 10.149999618530273, 10.180000305175781, 10.180000305175781, 10.149999618530273, 10.119999885559082, 10.130000114440918, 10.1899995803833, 10.220000267028809, 10.039999961853027, 8.350000381469727, 7.619999885559082, 6.860000133514404, 6.659999847412109, 6.369999885559082, 6.150000095367432, 6.320000171661377, 5.690000057220459, 5.230000019073486, 4.900000095367432, 3.3499999046325684, 3.509999990463257, 3.640000104904175, 3.759999990463257, 3.359999895095825, 2.930000066757202, 3.2100000381469727, 3.25, 3.009999990463257, 3.2699999809265137, 2.6700000762939453, 2.2699999809265137, 2.240000009536743, 2.2200000286102295, 2.309999942779541, 2.009999990463257, 2.0, 2.299999952316284, 2.5299999713897705, 2.259999990463257, 2.1700000762939453, 2.3499999046325684, 2.069999933242798, 2.109999895095825, 1.9600000381469727, 1.7519999742507935, 1.2300000190734863, 1.159999966621399, 1.190000057220459, 1.0299999713897705, 1.0199999809265137]
assets:[0, 99.99982624168396, 199.99965248336792, 300.5909770111084, 400.5911560089111, 499.4104312305451, 597.9341212383271, 698.5253008913994, 802.6621909469604, 905.0249696465492, 989.08557624197, 922.5957171487807, 941.9379038535118, 947.9916504505159, 1020.3532686225891, 1075.9235566703796, 1138.7647676587105, 1270.2429305018425, 1243.6206375062466, 1243.0820945334435, 1264.646904613495, 964.6053375397205, 1110.67596598227, 1251.8120520770074, 1393.0803724666357, 1344.8802780108451, 1272.7677099987745, 1494.3972207591057, 1613.018875, 1593.9036559499502, 1831.5829063166143, 1595.5127465909957, 1456.4846517620088, 1537.2360705447436, 1623.5106629229783, 1789.3284966769695, 1656.9481151383638, 1748.7046, 2111.0103362344266, 2422.1114116098165, 2263.625256447959, 2273.4808699321743, 2562.0643660265923, 2356.797181993628, 2502.339183589649, 2424.447919186401, 2267.1594482794762, 1691.6701942325592, 1695.3962112155557, 1839.2427874389173, 1691.9495380028486, 1775.5228407986162]
shares:[0, 9.8522, 19.7044, 29.5276, 39.3508, 49.203, 59.0844, 68.9561, 78.7696, 88.5543, 98.5145, 110.4905, 123.6139, 138.1912, 153.2062, 168.9048, 185.165, 200.9878, 218.5625, 237.683, 258.0912, 287.9419, 316.4319, 343.9044, 370.5001, 400.262, 434.3917, 465.5443, 496.3135, 529.5361, 560.1171, 597.5703, 641.6232, 686.2661, 731.3111, 774.6011, 824.3523, 874.3523, 917.8306, 957.3563, 1001.6041, 1047.687, 1090.2402, 1138.5494, 1185.9428, 1236.9632, 1294.0408, 1375.3416, 1461.5485, 1545.5821, 1642.6695, 1740.7087]
growth_rate:-65.19
