ticker:ULBI
price:[6.400000095367432, 6.699999809265137, 6.349999904632568, 5.849999904632568, 5.889999866485596, 6.260000228881836, 6.449999809265137, 6.199999809265137, 5.159999847412109, 5.269999980926514, 5.860000133514404, 6.820000171661377, 6.869999885559082, 6.690000057220459, 6.800000190734863, 6.690000057220459, 6.360000133514404, 6.46999979019165, 6.900000095367432, 6.78000020980835, 6.800000190734863, 5.869999885559082, 6.46999979019165, 7.21999979019165, 7.019999980926514, 6.809999942779541, 6.690000057220459, 8.0, 7.809999942779541, 8.569999694824219, 8.279999732971191, 8.229999542236328, 8.430000305175781, 8.260000228881836, 7.900000095367432, 7.829999923706055, 8.369999885559082, 9.520000457763672, 9.130000114440918, 9.289999961853027, 8.850000381469727, 8.359999656677246, 8.899999618530273, 8.220000267028809, 8.350000381469727, 8.210000038146973, 8.25, 7.940000057220459, 8.600000381469727, 8.359999656677246, 8.210000038146973, 8.020000457763672]
assets:[0, 100.00017715320587, 194.77608707475662, 279.43928544454576, 381.34980835556985, 505.30534047527317, 620.6422016468049, 696.5860985704421, 679.739163899231, 794.2295761254787, 983.1468724000455, 1244.208777317095, 1353.3302084561349, 1417.8719221272468, 1541.185363229084, 1616.2545078240396, 1636.5291583553792, 1764.834135770178, 1982.1264573956967, 2047.654983365059, 2153.695380409527, 1959.1459208046913, 2259.3996257324698, 2621.3082858265398, 2648.695834803438, 2669.461411570072, 2722.422602285242, 3355.5128, 3375.819367266846, 3804.3239905288697, 3775.589626237774, 3852.790339702606, 4046.4186924850464, 4064.8179746347428, 3987.658558138323, 4052.3248495149614, 4431.79524840517, 5140.70409518776, 5030.1078270504, 5218.258937572575, 5071.107743584633, 4890.3339511671065, 5306.217152566147, 5000.79827445221, 5179.885996643066, 5193.037663128948, 5318.338575, 5218.498341607666, 5752.277955153465, 5691.748598255157, 5689.62444143629, 5657.952328943253]
shares:[0, 14.9254, 30.6734, 47.7674, 64.7453, 80.7197, 96.2236, 112.3526, 131.7324, 150.7077, 167.7725, 182.4353, 196.9913, 211.939, 226.6449, 241.5926, 257.3159, 272.7719, 287.2647, 302.014, 316.7199, 333.7557, 349.2117, 363.0621, 377.3071, 391.9914, 406.9391, 419.4391, 432.2432, 443.9118, 455.9891, 468.1398, 480.0022, 492.1087, 504.7669, 517.5383, 529.4857, 539.9899, 550.9428, 561.7071, 573.0065, 584.9682, 596.2042, 608.3696, 620.3456, 632.5259, 644.6471, 657.2416, 668.8695, 680.8312, 693.0115, 705.4803]
growth_rate:10.94
