ticker:ULCC
price:[18.850000381469727, 21.3700008392334, 20.1299991607666, 21.170000076293945, 21.040000915527344, 20.6200008392334, 20.200000762939453, 18.950000762939453, 21.31999969482422, 19.860000610351562, 18.5, 18.860000610351562, 17.799999237060547, 16.559999465942383, 15.729999542236328, 14.899999618530273, 15.0, 14.739999771118164, 15.050000190734863, 15.359999656677246, 15.710000038146973, 16.010000228881836, 15.529999732971191, 15.329999923706055]
assets:[0, 100.00091892719269, 194.19812790374755, 304.23195409641266, 402.3647695083618, 494.33359011936193, 584.2648220672608, 648.1089760932922, 829.1646361312866, 872.382302810669, 912.642, 1030.4010453460694, 1072.4891140312195, 1097.7756125968933, 1142.754579744339, 1182.4565197267532, 1290.393, 1368.0267487573624, 1496.7977689695358, 1627.628507619667, 1764.71687228508, 1898.4161961400985, 1941.4999996170998, 2016.4974589643477]
shares:[0, 4.6795, 9.6472, 14.3709, 19.1238, 23.9735, 28.924, 34.201, 38.8914, 43.9266, 49.332, 54.6342, 60.2522, 66.2908, 72.6481, 79.3595, 86.0262, 92.8105, 99.455, 105.9654, 112.3308, 118.5769, 125.0161, 131.5393]
growth_rate:-12.33
