ticker:ULH
price:[22.049999237060547, 21.399999618530273, 21.25, 20.1299991607666, 21.229999542236328, 22.270000457763672, 22.520000457763672, 22.0, 19.729999542236328, 21.049999237060547, 22.110000610351562, 22.09000015258789, 21.920000076293945, 21.84000015258789, 21.280000686645508, 21.81999969482422, 20.719999313354492, 20.59000015258789, 21.93000030517578, 22.700000762939453, 23.260000228881836, 21.200000762939453, 23.420000076293945, 24.690000534057617, 23.920000076293945, 23.40999984741211, 25.5, 26.540000915527344, 26.950000762939453, 26.280000686645508, 26.579999923706055, 26.670000076293945, 26.280000686645508, 24.049999237060547, 25.010000228881836, 26.149999618530273, 26.829999923706055, 25.079999923706055, 25.0, 25.149999618530273, 24.700000762939453, 21.5, 22.56999969482422, 23.34000015258789, 23.209999084472656, 22.709999084472656, 22.170000076293945, 23.049999237060547, 21.600000381469727, 21.81999969482422, 21.3799991607666, 22.200000762939453]
assets:[0, 100.00005821743012, 199.2995, 288.79503295993806, 404.5758552764892, 524.393927779007, 630.2807648117066, 715.7281999999999, 741.8775777873993, 891.511672687912, 1036.4040676101683, 1135.4657698432923, 1226.726500269699, 1322.2503932380675, 1388.3455487979888, 1523.577114691162, 1546.7707407411576, 1637.0656141319275, 1843.6068796554566, 2008.3394374996185, 2157.883719233894, 2066.7732343784332, 2383.200471763611, 2612.4341425083157, 2630.960808391571, 2674.866379565048, 3013.6741500000003, 3236.5849596496582, 3386.585605872345, 3402.3928488979345, 3541.2321258354186, 3653.2219394506456, 3699.8009886686323, 3485.8525844181063, 3724.9969370897297, 3994.789001725006, 4198.669616060639, 4024.8082917564393, 4111.97, 4236.640670739555, 4260.836581609726, 3808.8260499999997, 4098.382422584534, 4338.203494361496, 4414.0404898864745, 4418.950228855133, 4413.876306189537, 4689.077479794693, 4494.102559368706, 4639.8767411064155, 4646.314245617295, 4924.51738923912]
shares:[0, 4.6729, 9.3788, 14.3465, 19.0568, 23.5471, 27.9876, 32.5331, 37.6015, 42.3521, 46.8749, 51.4018, 55.9638, 60.5426, 65.2418, 69.8248, 74.6511, 79.5078, 84.0678, 88.4731, 92.7723, 97.4893, 101.7592, 105.8094, 109.99, 114.2617, 118.1833, 121.9512, 125.6618, 129.467, 133.2292, 136.9787, 140.7839, 144.9419, 148.9403, 152.7644, 156.4916, 160.4788, 164.4788, 168.4549, 172.5035, 177.1547, 181.5854, 185.8699, 190.1784, 194.5817, 199.0923, 203.4307, 208.0603, 212.6433, 217.3206, 221.8251]
growth_rate:-3.44
