ticker:ULTA
price:[240.50999450683594, 228.89999389648438, 231.74000549316406, 216.8300018310547, 228.67999267578125, 233.5500030517578, 242.0, 235.11000061035156, 206.77000427246094, 215.02000427246094, 262.3500061035156, 273.6499938964844, 281.2900085449219, 279.5400085449219, 265.3900146484375, 268.42999267578125, 264.6400146484375, 287.1600036621094, 294.260009765625, 301.8500061035156, 299.9200134277344, 279.760009765625, 302.0299987792969, 319.8800048828125, 321.7900085449219, 322.3299865722656, 333.3699951171875, 318.1499938964844, 321.8399963378906, 303.0, 313.6199951171875, 322.2200012207031, 330.7099914550781, 328.44000244140625, 329.3500061035156, 322.739990234375, 324.2799987792969, 316.0799865722656, 345.3599853515625, 326.6199951171875, 338.4599914550781, 327.19000244140625, 348.8599853515625, 351.8999938964844, 343.6499938964844, 332.1199951171875, 341.5799865722656, 335.79998779296875, 352.989990234375, 371.8500061035156, 366.7699890136719, 387.2300109863281]
assets:[0, 100.00640733337403, 201.24302077026366, 288.29717043457026, 404.05467905883785, 512.6656116989136, 631.2085999999999, 713.2296978515625, 727.2514590270996, 856.2741630142211, 1144.7642516326905, 1294.063456137085, 1430.1909194458008, 1521.2846805023194, 1544.277956237793, 1661.957456652832, 1738.4996482299805, 1986.4293253326416, 2135.5331688720703, 2290.6189563171383, 2375.9663463745114, 2316.245024853516, 2600.629304489136, 2854.321271569824, 2971.3767599029543, 3076.3496248443603, 3281.727568933105, 3231.894897998047, 3369.3751056610104, 3272.1272999999997, 3486.827105712891, 3682.4268399505618, 3879.459696762085, 3952.841117382812, 4063.7838553100587, 4082.209040478516, 4201.69594418335, 4195.456093768311, 4684.117481323243, 4529.958036279297, 4794.184240963745, 4734.5374923278805, 5148.091917834473, 5292.962998196411, 5268.876071420288, 5192.098307666016, 5440.002866149903, 5447.951841955567, 5826.841067797852, 6238.155702392578, 6252.951511697388, 6701.751077139282]
shares:[0, 0.4369, 0.8684, 1.3296, 1.7669, 2.1951, 2.6083, 3.0336, 3.5172, 3.9823, 4.3635, 4.7289, 5.0844, 5.4421, 5.8189, 6.1914, 6.5693, 6.9175, 7.2573, 7.5886, 7.922, 8.2794, 8.6105, 8.9231, 9.2339, 9.5441, 9.8441, 10.1584, 10.4691, 10.7991, 11.118, 11.4283, 11.7307, 12.0352, 12.3388, 12.6486, 12.957, 13.2734, 13.563, 13.8692, 14.1647, 14.4703, 14.7569, 15.0411, 15.3321, 15.6332, 15.926, 16.2238, 16.5071, 16.776, 17.0487, 17.3069]
growth_rate:31.41
