ticker:UMBF
price:[55.79999923706055, 50.93000030517578, 49.91999816894531, 47.61000061035156, 51.2400016784668, 56.34000015258789, 55.91999816894531, 59.72999954223633, 60.869998931884766, 61.470001220703125, 68.52999877929688, 68.45999908447266, 70.62000274658203, 69.55000305175781, 67.75, 67.80000305175781, 69.1500015258789, 68.98999786376953, 74.08000183105469, 74.23999786376953, 75.18000030517578, 70.97000122070312, 76.44000244140625, 78.51000213623047, 80.88999938964844, 84.37000274658203, 91.87999725341797, 96.83000183105469, 96.44999694824219, 93.69000244140625, 92.52999877929688, 92.83000183105469, 94.33999633789062, 94.58999633789062, 97.02999877929688, 98.18000030517578, 99.55000305175781, 98.41999816894531, 96.70999908447266, 97.13999938964844, 94.08999633789062, 88.56999969482422, 94.66000366210938, 92.68000030517578, 91.22000122070312, 87.62999725341797, 86.93000030517578, 93.5999984741211, 95.81999969482422, 92.94999694824219, 90.58000183105469, 93.06999969482422]
assets:[0, 100.00105559921265, 198.01765673675536, 288.85463470306394, 410.8782014591217, 551.7714254943847, 647.6598267929077, 791.786846931839, 906.8960270862578, 1015.8347991729737, 1232.5051750457762, 1331.2457581970214, 1473.2462492980956, 1550.923338052368, 1610.7833500000002, 1711.9704170578002, 1846.0561007354736, 1941.785580873871, 2185.048918008423, 2289.769406112671, 2418.75863181839, 2383.3074839935302, 2666.999329180908, 2839.2200152542114, 3025.2859771728513, 3255.4418669776915, 3645.219447032928, 3941.6007865356446, 4026.1315126098634, 4010.915849517822, 4061.252682421875, 4174.4166543395995, 4342.319087438965, 4453.826731567383, 4668.714827264404, 4824.044860994721, 4991.357513012696, 5034.704532331848, 5047.227155219269, 5169.664485517883, 5107.34613621521, 4907.716825090027, 5345.16642678833, 5333.363297561646, 5349.350677584839, 5238.827940799712, 5296.983945595551, 5803.415185391998, 6041.058118759918, 5960.111819316102, 5908.144025431824, 6170.559593766785]
shares:[0, 1.9635, 3.9667, 6.0671, 8.0187, 9.7936, 11.5819, 13.2561, 14.8989, 16.5257, 17.9849, 19.4456, 20.8616, 22.2994, 23.7754, 25.2503, 26.6964, 28.1459, 29.4958, 30.8428, 32.1729, 33.5819, 34.8901, 36.1638, 37.4, 38.5853, 39.6737, 40.7064, 41.7432, 42.8105, 43.8912, 44.9684, 46.0284, 47.0856, 48.1162, 49.1347, 50.1392, 51.1553, 52.1893, 53.2187, 54.2815, 55.4106, 56.467, 57.546, 58.6423, 59.7835, 60.9339, 62.0023, 63.0459, 64.1217, 65.2257, 66.3002]
growth_rate:20.99
