ticker:UMPQ
price:[12.050000190734863, 11.220000267028809, 11.15999984741211, 10.520000457763672, 11.359999656677246, 12.579999923706055, 12.359999656677246, 13.380000114440918, 12.5600004196167, 12.520000457763672, 13.979999542236328, 14.130000114440918, 14.569999694824219, 14.680000305175781, 14.800000190734863, 14.710000038146973, 15.140000343322754, 15.140000343322754, 16.649999618530273, 16.68000030517578, 16.040000915527344, 14.510000228881836, 15.800000190734863, 16.15999984741211, 16.8700008392334, 17.06999969482422, 18.09000015258789, 18.700000762939453, 18.31999969482422, 18.270000457763672, 17.6299991607666, 17.8799991607666, 18.34000015258789, 18.489999771118164, 18.639999389648438, 19.25, 19.3700008392334, 18.84000015258789, 19.079999923706055, 19.209999084472656, 18.8799991607666, 17.649999618530273, 18.93000030517578, 18.68000030517578, 18.350000381469727, 17.81999969482422, 18.329999923706055, 18.8700008392334, 19.84000015258789, 20.110000610351562, 19.610000610351562, 19.889999389648438]
assets:[0, 100.00049637994765, 199.46602527275087, 288.0270925331116, 411.0252355779648, 555.1667186330795, 645.4577220711708, 798.723120831585, 849.7732043900489, 947.0666706272125, 1157.507614098358, 1269.9266952853202, 1409.4711734779357, 1520.1125636009215, 1632.5391810393335, 1722.6116124671935, 1872.9664144723893, 1972.966116740036, 2269.7412679977415, 2373.8309234313965, 2382.748552001953, 2255.4663575778964, 2555.9865708554266, 2714.2238783714292, 2933.475522931862, 3068.2522161460874, 3351.592216270447, 3564.609105432129, 3592.172716161346, 3682.36974826355, 3653.376576089859, 3805.1820853961945, 4003.07916930542, 4135.819111804009, 4269.370700202941, 4509.087275, 4637.195633913231, 4610.3138293396, 4769.044072930336, 4901.536921398163, 4917.335429419899, 4696.9790684841155, 5137.609654824829, 5169.759200458526, 5178.430662652016, 5128.863212165833, 5375.648242625237, 5634.014263569832, 6023.62641432724, 6205.602307344055, 6151.310094456482, 6339.141705474854]
shares:[0, 8.9127, 17.8733, 27.379, 36.1818, 44.1309, 52.2215, 59.6953, 67.6571, 75.6443, 82.7974, 89.8745, 96.7379, 103.5499, 110.3067, 117.1048, 123.7098, 130.3148, 136.3208, 142.316, 148.5504, 155.4422, 161.7713, 167.9594, 173.8871, 179.7453, 185.2732, 190.6208, 196.0793, 201.5528, 207.225, 212.8178, 218.2704, 223.6787, 229.0435, 234.2383, 239.4009, 244.7088, 249.9499, 255.1555, 260.4521, 266.1178, 271.4004, 276.7537, 282.2033, 287.815, 293.2705, 298.5699, 303.6102, 308.5829, 313.6823, 318.71]
growth_rate:24.3
