ticker:UNAM
price:[5.0, 5.340000152587891, 5.079999923706055, 5.960000038146973, 5.400000095367432, 5.5, 5.179999828338623, 5.489999771118164, 5.239999771118164, 5.239999771118164, 5.269999980926514, 5.0, 5.0, 4.889999866485596, 4.809999942779541, 4.53000020980835, 4.420000076293945, 4.550000190734863, 5.0, 4.800000190734863, 5.460000038146973, 5.71999979019165, 5.909999847412109, 5.260000228881836, 5.320000171661377, 5.630000114440918, 5.610000133514404, 5.429999828338623, 5.590000152587891, 5.429999828338623, 5.070000171661377, 6.0, 4.760000228881836, 4.650000095367432, 4.710000038146973, 4.650000095367432, 4.800000190734863, 4.5, 4.670000076293945, 4.630000114440918, 4.650000095367432, 4.550000190734863, 4.340000152587891, 4.510000228881836, 4.670000076293945, 4.360000133514404, 4.320000171661377, 4.090000152587891, 4.429999828338623, 4.25, 3.549999952316284, 2.9600000381469727]
assets:[0, 100.0000468574524, 195.1309250694275, 328.93299810533523, 398.0264470293999, 505.3972, 575.9921529120445, 710.462517380333, 778.1100980123521, 878.1102536443711, 983.1374684417724, 1032.768, 1132.768, 1207.8470820214748, 1288.086719676733, 1313.1048188168527, 1381.219083841324, 1521.8431137952805, 1772.355, 1801.4607115836145, 2149.161393015385, 2351.50220974741, 2529.61172768898, 2351.3973643178942, 2478.2194039651395, 2722.6269563427923, 2812.9550469465257, 2822.6996167645457, 3005.873329050064, 3019.8373895323275, 2919.627536853504, 3555.1805999999997, 2920.4434004278182, 2952.954195562506, 3091.056688034916, 3151.6803196382048, 3353.3473332500457, 3243.7628999999997, 3466.305221629143, 3536.6154014154436, 3651.8924548971177, 3673.357113986206, 3603.8176447048186, 3844.980851132202, 4081.388129677772, 3910.461011748361, 3974.5850539358144, 3862.975287118149, 4284.102656992101, 4210.030875, 3616.613926421523, 3115.543008151531]
shares:[0, 18.7266, 38.4116, 55.1901, 73.7086, 91.8904, 111.1954, 129.4103, 148.4943, 167.5783, 186.5536, 206.5536, 226.5536, 247.0035, 267.7935, 289.8686, 312.493, 334.471, 354.471, 375.3043, 393.6193, 411.1018, 428.0223, 447.0337, 465.8307, 483.5927, 501.418, 519.8342, 537.7233, 556.1395, 575.8634, 592.5301, 613.5385, 635.0439, 656.2753, 677.7807, 698.614, 720.8362, 742.2495, 763.8478, 785.3532, 807.3312, 830.3727, 852.5456, 873.9589, 896.8947, 920.0428, 944.4927, 967.0661, 990.5955, 1018.7645, 1052.5483]
growth_rate:-38.91
