ticker:UNB
price:[19.350000381469727, 19.65999984741211, 20.25, 20.149999618530273, 21.209999084472656, 23.0, 23.940000534057617, 24.649999618530273, 20.780000686645508, 21.639999389648438, 25.5, 25.489999771118164, 27.049999237060547, 26.6299991607666, 26.760000228881836, 26.450000762939453, 25.829999923706055, 25.709999084472656, 26.260000228881836, 25.639999389648438, 26.510000228881836, 27.200000762939453, 27.149999618530273, 27.139999389648438, 26.899999618530273, 27.520000457763672, 29.950000762939453, 30.34000015258789, 28.770000457763672, 29.030000686645508, 29.729999542236328, 30.5, 31.0, 32.59000015258789, 33.0, 34.029998779296875, 32.349998474121094, 34.29999923706055, 33.5, 34.31999969482422, 33.9900016784668, 36.0, 37.75, 36.45000076293945, 35.02000045776367, 33.25, 32.40999984741211, 32.150001525878906, 33.63999938964844, 35.790000915527344, 34.0, 32.880001068115234]
assets:[0, 100.0005892238617, 203.00220000000002, 302.0001342826843, 417.8878859619141, 553.1546, 675.7615770750045, 795.8030526845932, 770.8632174720765, 902.7666745376587, 1163.79705, 1263.3404666561125, 1440.6586143665313, 1518.2907611516953, 1625.702125904846, 1706.8688042339322, 1766.859816781235, 1858.6503928138734, 1998.4122774181367, 2051.2307191711425, 2220.8328531742095, 2378.6373467189787, 2474.2636302354813, 2573.3523201278686, 2650.596842411804, 2811.6881747692105, 3159.9586904960634, 3301.107308602142, 3230.2841433975223, 3359.4765084615706, 3540.483212485886, 3732.1813, 3893.3644, 4193.05549163208, 4345.8063, 4581.448526657105, 4455.270904854584, 4823.828412702942, 4811.32025, 5029.091451280976, 5080.733677892686, 5481.1836, 5847.629775, 5746.255140275574, 5620.818635472488, 5436.72745, 5399.379575579453, 5456.064233951569, 5808.928182604981, 6280.189567650604, 6066.093, 5966.270185815812]
shares:[0, 5.0865, 10.0248, 14.9876, 19.7024, 24.0502, 28.2273, 32.2841, 37.0964, 41.7175, 45.6391, 49.5622, 53.2591, 57.0143, 60.7512, 64.5319, 68.4034, 72.2929, 76.101, 80.0012, 83.7734, 87.4499, 91.1331, 94.8177, 98.5352, 102.1689, 105.5078, 108.8038, 112.2796, 115.7243, 119.0879, 122.3666, 125.5924, 128.6608, 131.6911, 134.6297, 137.7209, 140.6364, 143.6215, 146.5353, 149.4773, 152.2551, 154.9041, 157.6476, 160.5031, 163.5106, 166.5961, 169.7065, 172.6792, 175.4733, 178.4145, 181.4559]
growth_rate:16.99
