ticker:UNIT
price:[9.430000305175781, 9.34000015258789, 9.550000190734863, 9.8100004196167, 10.579999923706055, 10.489999771118164, 9.979999542236328, 9.960000038146973, 8.819999694824219, 9.569999694824219, 9.595000267028809, 10.15999984741211, 10.5600004196167, 11.199999809265137, 10.979999542236328, 11.239999771118164, 11.59000015258789, 11.729999542236328, 11.829999923706055, 12.550000190734863, 12.699999809265137, 12.3100004196167, 12.579999923706055, 12.989999771118164, 12.729999542236328, 11.90999984741211, 10.789999961853027, 12.0, 11.699999809265137, 11.260000228881836, 11.289999961853027, 10.729999542236328, 10.84000015258789, 10.960000038146973, 11.399999618530273, 10.880000114440918, 10.720000267028809, 10.84000015258789, 10.859999656677246, 10.859999656677246, 10.930000305175781, 10.369999885559082, 10.65999984741211, 10.5, 10.670000076293945, 11.0600004196167, 11.119999885559082, 11.710000038146973, 13.15999984741211, 13.119999885559082, 12.920000076293945, 12.8100004196167]
assets:[0, 99.99964563369751, 202.2479940393448, 307.7544281640053, 431.9105108854294, 528.2365264743805, 602.554448361969, 701.3473466861725, 721.0729010505677, 882.3884238616943, 984.6936189040183, 1142.6768948387146, 1287.664275167179, 1465.704775039196, 1536.9144559249876, 1673.307757926178, 1825.4122750324248, 1947.4614440002442, 2064.0640796884536, 2289.6872947986603, 2417.0538036994935, 2442.829720269871, 2596.4088282535554, 2781.0290509986876, 2825.3661134014133, 2743.3708028526307, 2585.3875748596192, 2975.3148, 3000.9317810784337, 2988.076394738579, 3096.0374965390206, 3042.4699102020263, 3173.6604486736296, 3308.793323516464, 3541.6276214891436, 3480.0801006051065, 3528.9029519028663, 3668.405643637848, 3775.173714653492, 3875.1736774921415, 4000.151674687958, 3895.203208013439, 4104.134053253174, 4142.5335, 4309.6034278150555, 4567.124315276814, 4691.900471713543, 5040.841188421249, 5765.027453155518, 5847.50522899437, 5858.366022594261, 5908.488436544132]
shares:[0, 10.7066, 21.1778, 31.3715, 40.8233, 50.3562, 60.3762, 70.4164, 81.7543, 92.2036, 102.6257, 112.4682, 121.9379, 130.8665, 139.974, 148.8708, 157.4989, 166.024, 174.4771, 182.4452, 190.3192, 198.4427, 206.3918, 214.09, 221.9455, 230.3418, 239.6096, 247.9429, 256.4899, 265.3709, 274.2283, 283.548, 292.7731, 301.8972, 310.6691, 319.8603, 329.1887, 338.4138, 347.6219, 356.83, 365.9791, 375.6223, 385.0032, 394.527, 403.8991, 412.9407, 421.9335, 430.4732, 438.072, 445.694, 453.4339, 461.2403]
growth_rate:15.85
