ticker:UNTY
price:[13.130000114440918, 12.140000343322754, 12.6899995803833, 11.069999694824219, 12.069999694824219, 12.890000343322754, 13.460000038146973, 13.859999656677246, 14.020000457763672, 14.579999923706055, 16.850000381469727, 17.110000610351562, 18.579999923706055, 17.989999771118164, 18.639999389648438, 17.510000228881836, 17.270000457763672, 17.549999237060547, 19.639999389648438, 19.719999313354492, 19.3799991607666, 18.799999237060547, 19.690000534057617, 19.010000228881836, 19.15999984741211, 19.850000381469727, 21.389999389648438, 22.799999237060547, 21.600000381469727, 21.8799991607666, 21.600000381469727, 21.049999237060547, 21.90999984741211, 21.43000030517578, 22.049999237060547, 22.649999618530273, 23.719999313354492, 24.360000610351562, 24.239999771118164, 23.780000686645508, 22.59000015258789, 22.110000610351562, 22.15999984741211, 22.040000915527344, 22.200000762939453, 23.0, 22.8799991607666, 22.209999084472656, 22.84000015258789, 23.360000610351562, 23.399999618530273, 23.290000915527344]
assets:[0, 99.99961082801818, 204.52979923686982, 278.419348324585, 403.57009579620365, 530.9880961427689, 654.4682738548279, 773.9174328294754, 882.8520468257904, 1018.1155626724243, 1276.628483901787, 1396.3266178100587, 1616.290915363121, 1664.9654838171004, 1825.122492237854, 1814.4790267179487, 1889.6091890865325, 2020.2453471752165, 2360.8320186325072, 2470.4485499795915, 2527.8553845335005, 2552.2014164268494, 2773.023504213524, 2777.2564784383776, 2899.1704689113617, 3103.577334643364, 3444.3588757171633, 3771.4071538002013, 3672.9115848659517, 3820.523541459274, 3871.631588375473, 3873.0482996246337, 4131.2816502285, 4140.775377967071, 4360.572569122314, 4579.227432876968, 4895.554054283714, 5127.643712475587, 5202.383902877426, 5203.658650255203, 5043.255937065506, 5036.094334022522, 5147.4821005558015, 5219.607788819122, 5357.499544119262, 5650.5618, 5721.079726152038, 5653.54860395279, 5913.915559509277, 6148.557728649902, 6259.0857179636005, 6329.663288818359]
shares:[0, 8.2372, 16.1174, 25.1508, 33.4358, 41.1938, 48.6232, 55.8382, 62.9709, 69.8296, 75.7643, 81.6088, 86.9909, 92.5495, 97.9143, 103.6253, 109.4157, 115.1137, 120.2053, 125.2763, 130.4363, 135.7554, 140.8341, 146.0945, 151.3137, 156.3515, 161.0266, 165.4126, 170.0422, 174.6126, 179.2422, 183.9928, 188.5569, 193.2233, 197.7584, 202.1734, 206.3893, 210.4944, 214.6198, 218.825, 223.2517, 227.7745, 232.2871, 236.8243, 241.3288, 245.6766, 250.0472, 254.5497, 258.928, 263.2088, 267.4823, 271.776]
growth_rate:24.11
