ticker:UONEK
price:[0.9900000095367432, 0.8999999761581421, 0.8999999761581421, 1.649999976158142, 1.159999966621399, 1.2100000381469727, 1.1399999856948853, 1.1200000047683716, 0.949999988079071, 1.0399999618530273, 1.0299999713897705, 1.1299999952316284, 1.409999966621399, 1.4199999570846558, 1.3200000524520874, 1.1799999475479126, 1.2400000095367432, 1.1699999570846558, 1.409999966621399, 1.5499999523162842, 1.600000023841858, 1.6699999570846558, 1.9600000381469727, 1.840000033378601, 1.7899999618530273, 1.6200000047683716, 1.5199999809265137, 1.7300000190734863, 1.809999942779541, 1.7799999713897705, 1.7799999713897705, 1.7799999713897705, 1.7300000190734863, 2.0299999713897705, 2.4100000858306885, 2.5399999618530273, 3.140000104904175, 4.03000020980835, 4.800000190734863, 5.460000038146973, 5.639999866485596, 4.590000152587891, 5.260000228881836, 5.260000228881836, 5.380000114440918, 4.550000190734863, 4.949999809265137, 4.599999904632568, 5.800000190734863, 5.650000095367432, 5.659999847412109, 6.489999771118164]
assets:[0, 99.99998735090493, 199.99997470180986, 466.66668825684786, 428.0808196821213, 546.5325752302169, 614.9149662838339, 704.1269789978028, 697.250591250658, 863.3058403341294, 955.0048494729042, 1147.7238191568374, 1532.1155517305851, 1642.9815563456891, 1627.2787726622464, 1554.6885168926597, 1733.7406093340635, 1735.8680963287352, 2191.943648110628, 2509.5833777959583, 2690.537800092137, 2908.248646264374, 3513.274000377941, 3398.175541644752, 3405.83364341774, 3182.3746653671265, 3085.931777276659, 3612.277753825855, 3879.319301361084, 3915.0212930732255, 4015.021335465908, 4115.021377858591, 4099.431054196787, 4910.314962795449, 5929.487573175096, 6349.335186642551, 7949.178421573877, 10302.289715353918, 12370.716971568107, 14171.689995012282, 14738.888135089732, 12094.94691607895, 13960.440367469788, 14060.440335821151, 14481.210732037734, 12347.120757588194, 13532.58073855858, 12675.731677206086, 16082.445268876363, 15766.519626126099, 15894.424023502352, 18325.231498726844]
shares:[0, 111.1111, 222.2222, 282.8283, 369.0352, 451.6798, 539.3991, 628.6848, 733.948, 830.1018, 927.1892, 1015.6848, 1086.6068, 1157.0293, 1232.7869, 1317.5327, 1398.1779, 1483.648, 1554.57, 1619.0861, 1681.5861, 1741.4663, 1792.4867, 1846.8345, 1902.7004, 1964.4288, 2030.2183, 2088.0218, 2143.2704, 2199.4502, 2255.63, 2311.8098, 2369.6133, 2418.8744, 2460.3682, 2499.7383, 2531.5854, 2556.3993, 2577.2326, 2595.5476, 2613.2781, 2635.0646, 2654.076, 2673.0874, 2691.6748, 2713.6528, 2733.8548, 2755.5939, 2772.8353, 2790.5344, 2808.2022, 2823.6105]
growth_rate:259.32
