ticker:UONE
price:[3.609999895095825, 3.4800000190734863, 3.930000066757202, 6.559999942779541, 5.150000095367432, 5.489999771118164, 4.929999828338623, 5.329999923706055, 4.679999828338623, 5.119999885559082, 4.820000171661377, 5.070000171661377, 5.369999885559082, 5.130000114440918, 5.059999942779541, 4.650000095367432, 4.71999979019165, 4.210000038146973, 6.139999866485596, 5.900000095367432, 5.909999847412109, 6.929999828338623, 6.820000171661377, 6.570000171661377, 6.340000152587891, 5.550000190734863, 5.050000190734863, 5.800000190734863, 5.860000133514404, 5.300000190734863, 5.460000038146973, 5.260000228881836, 4.949999809265137, 5.159999847412109, 5.150000095367432, 4.809999942779541, 5.21999979019165, 8.329999923706055, 7.349999904632568, 13.0600004196167, 20.579999923706055, 9.84000015258789, 9.430000305175781, 8.710000038146973, 9.010000228881836, 7.210000038146973, 6.989999771118164, 6.769999980926514, 7.119999885559082, 7.059999942779541, 6.53000020980835, 7.409999847412109]
assets:[0, 99.99988854808808, 212.9309406169653, 455.4266840274811, 457.53785347266194, 587.7440034965515, 627.7920941404343, 778.7284458532333, 783.7614432518006, 957.4486825993538, 1001.3482876624108, 1153.2856140482425, 1321.5274368367195, 1362.4649313941002, 1443.8735136721134, 1426.8799642640593, 1548.3595871739865, 1481.0582264199256, 2260.0228168557646, 2271.683526719427, 2375.533894667053, 2885.524416523361, 2939.7228819936754, 2931.9617836064817, 2929.3209905014037, 2664.310891563415, 2524.2829953403475, 2999.1766186288833, 3130.202283318615, 2931.070235482502, 3119.555187795162, 3105.2858451223374, 3022.2743585448266, 3250.491851878738, 3344.1927319275856, 3223.4108796538353, 3598.1714333780765, 5841.909747494316, 5254.625916820383, 9436.791929203318, 14970.534040501403, 7257.923104547882, 7055.510197332001, 6616.807602979469, 6944.711758417129, 5657.310667931938, 5584.6882771339415, 5508.918234479427, 5893.7215932692525, 5944.055403824139, 5597.830272857809, 6452.208461135101]
shares:[0, 28.7356, 54.1809, 69.4248, 88.8423, 107.0572, 127.3412, 146.1029, 167.4704, 187.0017, 207.7486, 227.4725, 246.0945, 265.5877, 285.3505, 306.8559, 328.0423, 351.7953, 368.0819, 385.0311, 401.9516, 416.3816, 431.0444, 446.2651, 462.038, 480.056, 499.858, 517.0994, 534.1642, 553.0321, 571.3471, 590.3585, 610.5605, 629.9403, 649.3578, 670.1478, 689.3049, 701.3097, 714.9151, 722.5721, 727.4312, 737.5938, 748.1983, 759.6794, 770.7782, 784.6478, 798.954, 813.725, 827.7699, 841.9342, 857.2481, 870.7434]
growth_rate:26.51
