ticker:UPC
price:[4.059999942779541, 5.25, 4.639999866485596, 3.869999885559082, 3.5, 3.680000066757202, 3.190000057220459, 3.240000009536743, 3.2699999809265137, 3.2100000381469727, 2.9800000190734863, 2.9700000286102295, 3.009999990463257, 3.049999952316284, 3.1600000858306885, 2.950000047683716, 2.7300000190734863, 3.0399999618530273, 2.369999885559082, 2.6600000858306885, 2.430000066757202, 2.309999942779541, 2.369999885559082, 2.369999885559082, 2.319999933242798]
assets:[0, 99.9999, 188.38074657940865, 257.1193093966484, 332.53675, 449.63860015668865, 489.76836478519436, 597.444985758543, 702.9767478996276, 790.0779513891221, 833.46786133461, 930.6708929652214, 1043.2051946947574, 1157.068416910386, 1298.7989032774685, 1312.4862912149906, 1314.605847184658, 1563.8832923758507, 1319.2116142988207, 1580.6342950026035, 1543.962993415904, 1567.7177281664372, 1708.4376435041427, 1808.4376556754112, 1870.284882183194]
shares:[0, 19.0476, 40.5993, 66.4391, 95.0105, 122.1844, 153.5324, 184.3966, 214.9776, 246.1302, 279.6872, 313.3572, 346.5798, 379.3667, 411.0123, 444.9106, 481.5406, 514.4353, 556.6294, 594.2234, 635.3757, 678.6657, 720.8598, 763.0539, 806.1573]
growth_rate:-22.07
