ticker:UPLD
price:[35.68000030517578, 34.900001525878906, 37.189998626708984, 37.61000061035156, 39.849998474121094, 43.400001525878906, 44.65999984741211, 44.13999938964844, 41.720001220703125, 46.68000030517578, 43.06999969482422, 43.599998474121094, 45.52000045776367, 43.83000183105469, 43.54999923706055, 45.040000915527344, 46.630001068115234, 45.88999938964844, 47.5099983215332, 45.560001373291016, 49.86000061035156, 47.689998626708984, 51.0, 50.459999084472656, 51.88999938964844, 49.43000030517578, 46.220001220703125, 48.689998626708984, 48.630001068115234, 47.97999954223633, 47.779998779296875, 46.220001220703125, 50.689998626708984, 50.2400016784668, 49.560001373291016, 44.20000076293945, 41.099998474121094, 40.47999954223633, 40.9900016784668, 40.15999984741211, 42.0099983215332, 41.02000045776367, 40.88999938964844, 41.56999969482422, 41.02000045776367, 37.72999954223633, 38.029998779296875, 36.0, 36.5099983215332, 38.150001525878906, 36.65999984741211, 38.130001068115234]
assets:[0, 99.99897437210083, 206.56069037246704, 308.89469601287846, 427.2916086387634, 565.3544598770142, 681.7661596706391, 773.8271572998046, 831.400356326294, 1030.241610735321, 1050.5677395561218, 1163.4964792808532, 1314.7314132213592, 1365.9181770629884, 1457.1916844718933, 1607.045248666382, 1763.775127401352, 1835.783535583496, 2000.5890173217774, 2018.4766328418732, 2308.9817262649535, 2308.4916115242004, 2568.7169999999996, 2641.520400073242, 2816.3816068725587, 2782.864530181122, 2702.1460653656004, 2946.548301893234, 3042.915330834961, 3102.2428304023742, 3189.3101405181883, 3185.182054122925, 3593.2264496524813, 3661.3255303211213, 3711.7715228519437, 3410.335038866043, 3271.148878555298, 3321.80495443573, 3463.6551418304443, 3493.518386726379, 3754.450353994751, 3765.972406026459, 3854.037824472046, 4018.131228501892, 4064.967189363098, 3838.9369014236454, 3969.460985586548, 3857.5764, 4012.2261045467376, 4292.451236684418, 4224.804696415329, 4494.211640893936]
shares:[0, 2.8653, 5.5542, 8.2131, 10.7225, 13.0266, 15.2657, 17.5312, 19.9281, 22.0703, 24.3921, 26.6857, 28.8825, 31.164, 33.4602, 35.6804, 37.8249, 40.004, 42.1088, 44.3037, 46.3093, 48.4062, 50.367, 52.3488, 54.276, 56.2991, 58.4627, 60.5165, 62.5728, 64.657, 66.7499, 68.9135, 70.8863, 72.8767, 74.8945, 77.1569, 79.59, 82.0604, 84.5, 86.99, 89.3704, 91.8082, 94.2538, 96.6594, 99.0972, 101.7476, 104.3771, 107.1549, 109.8939, 112.5151, 115.2429, 117.8655]
growth_rate:-11.88
