ticker:UPST
price:[44.09000015258789, 43.959999084472656, 40.75, 52.72999954223633, 56.0, 64.47000122070312, 62.189998626708984, 75.23999786376953, 102.18000030517578, 89.7300033569336, 65.63999938964844, 51.15999984741211, 58.0, 125.27999877929688, 142.9499969482422, 144.27999877929688, 127.29000091552734, 104.6500015258789, 107.37999725341797, 109.0199966430664, 95.97000122070312, 103.36000061035156, 153.85000610351562, 148.22000122070312, 164.0399932861328, 125.50499725341797, 123.86000061035156, 122.19999694824219, 121.20999908447266, 120.0, 113.79000091552734, 116.56999969482422, 120.76000213623047, 132.1300048828125, 203.2899932861328, 195.63999938964844, 223.17999267578125, 229.1199951171875]
assets:[0, 100.0002059173584, 192.6986, 349.35206596717836, 471.01599999999996, 642.2565991607665, 719.5445031108857, 970.535780444336, 1418.043826235199, 1345.2681023284913, 1084.1036659194945, 944.9558931816101, 1171.2926, 2629.990486373901, 3100.9285138000487, 3229.77991267395, 2949.4493402137755, 2524.8591918144225, 2690.7279711761475, 2831.827118802643, 2592.8503139801023, 2892.5089450805663, 4405.464154772949, 4344.254125778199, 4907.928963127136, 3854.998945136261, 3904.4759572402954, 3952.1434213012694, 4020.123555635071, 4079.9879999999994, 3968.847304932404, 4165.815451094056, 4415.553250110626, 4931.289977233887, 7687.085832125855, 7497.8051566085815, 8653.268584020996, 8983.588800549316]
shares:[0, 2.2748, 4.7288, 6.6253, 8.411, 9.9621, 11.5701, 12.8992, 13.8779, 14.9924, 16.5159, 18.4706, 20.1947, 20.9929, 21.6924, 22.3855, 23.1711, 24.1267, 25.058, 25.9753, 27.0173, 27.9848, 28.6348, 29.3095, 29.9191, 30.7159, 31.5233, 32.3416, 33.1666, 33.9999, 34.8787, 35.7366, 36.5647, 37.3215, 37.8134, 38.3245, 38.7726, 39.2091]
growth_rate:142.8
