ticker:UPWK
price:[13.949999809265137, 15.09000015258789, 15.350000381469727, 16.700000762939453, 18.84000015258789, 20.209999084472656, 20.079999923706055, 19.719999313354492, 18.450000762939453, 29.260000228881836, 30.84000015258789, 35.529998779296875, 34.86000061035156, 31.969999313354492, 34.970001220703125, 40.209999084472656, 37.79999923706055, 34.52000045776367, 38.0099983215332, 38.79999923706055, 41.349998474121094, 41.45000076293945, 51.59000015258789, 56.77000045776367, 56.0099983215332, 53.880001068115234, 44.25, 49.31999969482422, 45.470001220703125, 44.22999954223633, 46.529998779296875, 47.959999084472656, 49.0099983215332, 48.119998931884766, 46.060001373291016, 42.040000915527344, 39.9900016784668, 40.91999816894531, 47.06999969482422, 46.349998474121094, 50.599998474121094, 47.75, 55.97999954223633, 58.45000076293945, 57.83000183105469, 47.70000076293945, 55.72999954223633, 51.790000915527344, 44.869998931884766, 42.56999969482422, 41.81999969482422, 44.2400016784668]
assets:[0, 99.9999220111847, 201.72356501312257, 319.46433459472655, 460.4025037288666, 593.8809280967713, 690.0612453781129, 777.6897249210357, 827.6061492229461, 1412.5060290491103, 1588.77811986084, 1930.3910226776122, 1993.9885489120484, 1928.6797245761873, 2209.6634551330567, 2640.7635428733824, 2582.4883878761293, 2458.400516600418, 2806.9471520492552, 2965.2860616924286, 3260.1703346946715, 3368.052971993255, 4291.988790694427, 4822.935127889633, 4858.368865407944, 4773.611842631912, 4020.42225, 4581.0684436538695, 4323.465049069214, 4305.560459439087, 4629.455698547364, 4871.733543001556, 5078.39152107811, 5086.168399102783, 4968.432470135117, 4634.800796934509, 4508.792709243775, 4713.648245077515, 5522.078205197907, 5537.610447697449, 6145.374874681855, 5899.240325000001, 7016.012528628158, 7425.581616925049, 7446.815599786378, 6242.3655398437495, 7393.230907272338, 6970.545698223114, 6139.167097859192, 5924.479628528595, 5920.101886798859, 6362.681097400284]
shares:[0, 6.6269, 13.1416, 19.1296, 24.4375, 29.3855, 34.3656, 39.4366, 44.8567, 48.2743, 51.5168, 54.3313, 57.1999, 60.3278, 63.1874, 65.6743, 68.3198, 71.2167, 73.8476, 76.4249, 78.8433, 81.2558, 83.1942, 84.9557, 86.7411, 88.5971, 90.857, 92.8846, 95.0839, 97.3448, 99.494, 101.5791, 103.6195, 105.6976, 107.8687, 110.2474, 112.748, 115.1918, 117.3163, 119.4738, 121.4501, 123.5443, 125.3307, 127.0416, 128.7708, 130.8672, 132.6616, 134.5925, 136.8212, 139.1703, 141.5615, 143.8219]
growth_rate:24.76
