ticker:URBN
price:[24.40999984741211, 22.639999389648438, 21.899999618530273, 20.40999984741211, 22.670000076293945, 23.600000381469727, 24.040000915527344, 24.690000534057617, 22.34000015258789, 23.729999542236328, 26.6299991607666, 30.31999969482422, 29.049999237060547, 28.520000457763672, 26.639999389648438, 27.1200008392334, 26.760000228881836, 25.600000381469727, 26.700000762939453, 28.1299991607666, 26.760000228881836, 27.43000030517578, 28.950000762939453, 31.010000228881836, 30.270000457763672, 33.900001525878906, 37.5099983215332, 39.90999984741211, 40.959999084472656, 38.45000076293945, 36.31999969482422, 39.18000030517578, 37.310001373291016, 38.5, 35.900001525878906, 39.47999954223633, 37.36000061035156, 33.81999969482422, 39.15999984741211, 37.20000076293945, 38.63999938964844, 37.209999084472656, 41.20000076293945, 40.369998931884766, 39.70000076293945, 36.88999938964844, 36.439998626708984, 37.18000030517578, 38.7400016784668, 37.939998626708984, 37.810001373291016, 34.540000915527344]
assets:[0, 100.00087730407715, 196.73207657318116, 283.34794588165283, 414.7227143957138, 531.7363285949707, 641.6492604362487, 758.9977754175186, 786.7567213737487, 935.7094769496917, 1150.061784756279, 1409.4221538139345, 1450.3851219085693, 1523.9234444599151, 1523.4696370956422, 1650.9192030879974, 1729.003754788399, 1754.0531461374285, 1929.422155132294, 2132.757463371086, 2128.8864662086485, 2282.186997390747, 2508.650736112213, 2787.160214571762, 2820.6494526557926, 3258.9054566871646, 3705.9465731693267, 4043.06257954216, 4249.431969017792, 4089.030696136093, 3962.5119667053223, 4374.537148073578, 4265.745732011795, 4501.80115, 4297.7830426712035, 4826.3628280391695, 4667.198076248169, 4324.962436973572, 5107.850244097137, 4952.198021565247, 5243.896141168213, 5149.826663291931, 5802.039547441864, 5785.154067935562, 5789.14145125351, 5479.382279342651, 5512.5409602523805, 5724.485670986939, 6064.673656760789, 6039.433153394317, 6118.739588237762, 5689.560202809143]
shares:[0, 4.417, 8.9832, 13.8828, 18.2939, 22.5312, 26.6909, 30.7411, 35.2174, 39.4315, 43.1867, 46.4849, 49.9272, 53.4335, 57.1873, 60.8746, 64.6115, 68.5177, 72.263, 75.8179, 79.5548, 83.2004, 86.6546, 89.8794, 93.183, 96.1329, 98.7989, 101.3045, 103.7459, 106.3467, 109.1, 111.6523, 114.3325, 116.9299, 119.7154, 122.2483, 124.925, 127.8818, 130.4354, 133.1236, 135.7116, 138.399, 140.8262, 143.3033, 145.8222, 148.533, 151.2772, 153.9668, 156.5481, 159.1838, 161.8286, 164.7238]
growth_rate:11.56
