ticker:URGN
price:[20.700000762939453, 20.90999984741211, 22.489999771118164, 19.309999465942383, 19.229999542236328, 22.15999984741211, 22.84000015258789, 21.3700008392334, 22.520000457763672, 23.709999084472656, 23.270000457763672, 20.579999923706055, 20.5, 19.65999984741211, 18.309999465942383, 18.889999389648438, 18.8700008392334, 18.020000457763672, 21.0, 20.030000686645508, 21.0, 22.06999969482422, 24.280000686645508, 26.510000228881836, 25.139999389648438, 19.049999237060547, 19.8700008392334, 19.59000015258789, 19.969999313354492, 19.520000457763672, 19.6299991607666, 19.200000762939453, 18.350000381469727, 19.610000610351562, 19.450000762939453, 18.219999313354492, 15.199999809265137, 18.530000686645508, 17.6200008392334, 17.979999542236328, 17.309999465942383, 16.450000762939453, 16.940000534057617, 15.4399995803833, 14.949999809265137, 15.40999984741211, 15.300000190734863, 15.5, 15.430000305175781, 15.130000114440918, 14.3100004196167, 16.989999771118164]
assets:[0, 99.99998327026367, 207.55570988769531, 278.2088173055649, 377.05606202430727, 534.5058443195343, 650.9080283485413, 709.0160248441696, 847.1708892204285, 991.9362636978149, 1073.528893118286, 1049.4297621095657, 1145.34935, 1198.4185426986694, 1216.1263615285873, 1354.6490812301636, 1453.2146176309584, 1487.7546637935639, 1833.7872, 1849.0835343881608, 2038.6296, 2242.501770991516, 2567.0564885971066, 2902.8291190624236, 2852.8142247390747, 2261.7378294189452, 2459.09342086277, 2524.43990266304, 2673.4077720779414, 2713.1668476264954, 2828.4551710762025, 2866.4967539043423, 2839.5946640310285, 3134.574274562073, 3208.999220875168, 3106.065314943695, 2691.228366229534, 3380.820861279297, 3314.7908498821257, 3482.5155453365323, 3452.7442364740373, 3381.2038918178555, 3581.9207629251478, 3364.749556555367, 3357.9672971584323, 3561.289489736557, 3635.8675653259274, 3783.395, 3866.3090634681703, 3891.1379684319495, 3780.249914849472, 4588.220796189498]
shares:[0, 4.7824, 9.2288, 14.4075, 19.6077, 24.1203, 28.4986, 33.1781, 37.6186, 41.8362, 46.1336, 50.9927, 55.8707, 60.9572, 66.4187, 71.7125, 77.0119, 82.5613, 87.3232, 92.3157, 97.0776, 101.6086, 105.7272, 109.4994, 113.4771, 118.7264, 123.7591, 128.8637, 133.8712, 138.9942, 144.0884, 149.2967, 154.7463, 159.8457, 164.9871, 170.4756, 177.0545, 182.4512, 188.1266, 193.6883, 199.4653, 205.5443, 211.4475, 217.9242, 224.6132, 231.1025, 237.6384, 244.09, 250.5709, 257.1803, 264.1684, 270.0542]
growth_rate:-10.03
