ticker:USAK
price:[11.859999656677246, 12.359999656677246, 10.09000015258789, 9.859999656677246, 9.579999923706055, 10.300000190734863, 10.4399995803833, 8.899999618530273, 8.569999694824219, 8.9399995803833, 9.649999618530273, 9.670000076293945, 9.279999732971191, 8.819999694824219, 9.1899995803833, 8.800000190734863, 8.579999923706055, 8.930000305175781, 9.680000305175781, 9.529999732971191, 11.050000190734863, 10.3100004196167, 11.239999771118164, 13.829999923706055, 14.84000015258789, 13.899999618530273, 15.0, 15.8100004196167, 16.280000686645508, 15.800000190734863, 20.780000686645508, 18.1200008392334, 16.729999542236328, 15.25, 15.369999885559082, 17.040000915527344, 17.530000686645508, 15.069999694824219, 15.399999618530273, 15.75, 16.450000762939453, 14.130000114440918, 15.699999809265137, 15.329999923706055, 15.470000267028809, 14.359999656677246, 14.329999923706055, 13.960000038146973, 13.760000228881836, 14.050000190734863, 13.1899995803833, 14.449999809265137]
assets:[0, 99.99981322231292, 181.63412874679565, 277.4939143377304, 369.61364105644225, 497.39215921068194, 604.1523357172013, 615.0344736385346, 692.2297273498535, 822.1161034123421, 987.4072609672546, 1089.4541195955278, 1145.5157430381776, 1188.7339808692932, 1338.601553879261, 1381.7945099495887, 1447.2495051309586, 1606.2864838935852, 1841.1931700462342, 1912.6623694075583, 2317.7253850064276, 2262.5110340841293, 2566.597747735977, 3258.0119130270004, 3595.9427649742124, 3468.166664820099, 3842.6265, 4150.128272149467, 4373.503340462303, 4344.5544924467085, 5813.913790112496, 5169.688787435723, 4873.117612662506, 4542.0234, 4677.764171170616, 5286.017876007843, 5538.021720922852, 4860.866076564789, 5067.308274478913, 5282.4744, 5617.250850524139, 4925.029908888531, 5572.254922304249, 5540.934959424018, 5691.536858242035, 5383.158919297982, 5471.913336867141, 5430.628474839687, 5452.825274701499, 5667.746191942119, 5420.8233895460135, 6038.657810291862]
shares:[0, 8.0906, 18.0014, 28.1434, 38.5818, 48.2905, 57.869, 69.105, 80.7736, 91.9593, 102.322, 112.6633, 123.4392, 134.7771, 145.6585, 157.0221, 168.6771, 179.8753, 190.2059, 200.6991, 209.7489, 219.4482, 228.345, 235.5757, 242.3142, 249.5084, 256.1751, 262.5002, 268.6427, 274.9718, 279.7841, 285.3029, 291.2802, 297.8376, 304.3438, 310.2123, 315.9168, 322.5525, 329.046, 335.3952, 341.4742, 348.5513, 354.9207, 361.4439, 367.908, 374.8718, 381.8502, 389.0135, 396.2809, 403.3983, 410.9798, 417.9002]
growth_rate:18.41
