ticker:USAP
price:[6.900000095367432, 6.639999866485596, 6.659999847412109, 5.349999904632568, 5.690000057220459, 5.800000190734863, 5.880000114440918, 5.739999771118164, 5.429999828338623, 5.78000020980835, 6.599999904632568, 6.840000152587891, 6.900000095367432, 7.989999771118164, 7.699999809265137, 6.619999885559082, 7.210000038146973, 7.480000019073486, 8.579999923706055, 8.199999809265137, 7.869999885559082, 7.260000228881836, 8.109999656677246, 9.600000381469727, 10.229999542236328, 10.279999732971191, 10.09000015258789, 10.75, 10.289999961853027, 10.199999809265137, 9.90999984741211, 9.979999542236328, 9.5600004196167, 9.09000015258789, 9.140000343322754, 8.949999809265137, 9.600000381469727, 10.489999771118164, 10.75, 11.300000190734863, 11.670000076293945, 10.289999961853027, 10.050000190734863, 10.520000457763672, 10.640000343322754, 10.869999885559082, 10.949999809265137, 11.270000457763672, 11.229999542236328, 11.329999923706055, 10.899999618530273, 11.109999656677246]
assets:[0, 99.99972598924637, 200.30082741088867, 260.90237534923557, 377.48313879609105, 484.780835942173, 591.4674475115776, 677.384834989357, 740.8013015806675, 888.5507622535229, 1114.607983894348, 1255.1393439998626, 1366.1496488820553, 1681.9612688184739, 1720.9137673716543, 1579.5385926942824, 1820.313035630989, 1988.4802130704882, 2380.9036468288423, 2375.455484746075, 2379.8580593935017, 2295.396450365639, 2664.141375218201, 3253.608129286766, 3567.1261613811494, 3684.560588291454, 3716.4608552028653, 4059.55905, 3985.8479492237093, 4050.9860242486, 4035.8107708591465, 4164.317482990647, 4089.066475481224, 3988.0348599445347, 4109.971158381462, 4124.534022101402, 4524.081779770851, 5043.501675955582, 5268.507275, 5638.059385165882, 5922.668579720115, 5322.301825269223, 5298.166135551739, 5645.941173675537, 5810.343523483371, 6035.942451452732, 6180.36494734602, 6460.978562431335, 6538.046214492417, 6696.265618908691, 6542.12636104374, 6768.167350849152]
shares:[0, 15.0602, 30.0752, 48.7668, 66.3415, 83.5829, 100.5897, 118.0113, 136.4275, 153.7285, 168.88, 183.4999, 197.9927, 210.5083, 223.4953, 238.601, 252.4706, 265.8396, 277.4946, 289.6897, 302.3962, 316.1703, 328.5008, 338.9175, 348.6927, 358.4203, 368.3311, 377.6334, 387.3516, 397.1555, 407.2463, 417.2663, 427.7266, 438.7277, 449.6686, 460.8418, 471.2585, 480.7914, 490.0937, 498.9433, 507.5123, 517.2305, 527.1807, 536.6864, 546.0849, 555.2845, 564.4169, 573.29, 582.1947, 591.0208, 600.1951, 609.196]
growth_rate:32.71
