ticker:USAU
price:[10.729999542236328, 11.739999771118164, 10.600000381469727, 9.199999809265137, 8.800000190734863, 9.609999656677246, 8.640000343322754, 8.680000305175781, 8.109999656677246, 8.899999618530273, 9.079999923706055, 9.260000228881836, 11.319999694824219, 10.84000015258789, 11.720000267028809, 12.430000305175781, 13.149999618530273, 16.549999237060547, 13.8100004196167, 12.680000305175781, 13.130000114440918, 10.989999771118164, 12.449999809265137, 12.670000076293945, 11.649999618530273, 10.149999618530273, 9.100000381469727, 11.050000190734863, 11.899999618530273, 10.229999542236328, 11.010000228881836, 10.34000015258789, 10.260000228881836, 10.4399995803833, 11.0, 10.819999694824219, 10.65999984741211, 11.8100004196167, 12.25, 11.989999771118164, 11.75, 11.399999618530273, 11.390000343322754, 10.970000267028809, 10.359999656677246, 9.989999771118164, 10.210000038146973, 10.15999984741211, 10.079999923706055, 9.930000305175781, 9.600000381469727, 9.449999809265137]
assets:[0, 100.0001440504074, 190.29014684810636, 265.15779450273516, 353.62888766469956, 486.1785316309929, 537.105621342659, 639.591898487091, 697.5913524686813, 865.5445429012299, 983.0498237400055, 1102.5372972517014, 1447.8098489685058, 1486.4187609233857, 1707.0871868943216, 1910.5034769058227, 2121.168578466797, 2769.6076173236847, 2411.07416326046, 2313.788127687073, 2495.901416754246, 2189.1057474088666, 2579.923820475388, 2725.5134014120104, 2606.095594665527, 2370.5466209072115, 2225.3177332847595, 2802.171758368492, 3117.723740057373, 2780.194699594116, 3092.175079281807, 3004.0047623302457, 3080.7630867261887, 3234.810901982689, 3508.3257, 3550.916155847168, 3598.4076704921717, 4086.603816199589, 4338.856900000001, 4346.766990022849, 4359.758775, 4329.893135112, 4426.094905413437, 4362.885388200188, 4220.281576142978, 4169.557173470879, 4361.379170295143, 4440.020517317581, 4505.059405901909, 4538.020069465637, 4487.210098305703, 4517.097073828792]
shares:[0, 8.5179, 17.9519, 28.8215, 40.1851, 50.5909, 62.165, 73.6857, 86.0162, 97.2522, 108.2654, 119.0645, 127.8984, 137.1235, 145.6559, 153.701, 161.3056, 167.3479, 174.589, 182.4754, 190.0915, 199.1907, 207.2228, 215.1155, 223.6992, 233.5514, 244.5404, 253.5902, 261.9936, 271.7688, 280.8515, 290.5227, 300.2693, 309.8478, 318.9387, 328.1808, 337.5617, 346.0291, 354.1924, 362.5327, 371.0433, 379.8152, 388.5948, 397.7106, 407.3631, 417.3731, 427.1674, 437.0099, 446.9305, 457.001, 467.4177, 477.9997]
growth_rate:-11.43
