ticker:USEG
price:[4.849999904632568, 4.599999904632568, 5.0, 4.289999961853027, 5.210000038146973, 5.360000133514404, 5.199999809265137, 5.199999809265137, 4.019999980926514, 4.03000020980835, 3.2100000381469727, 3.319999933242798, 4.050000190734863, 4.110000133514404, 3.940000057220459, 3.609999895095825, 3.759999990463257, 3.680000066757202, 4.090000152587891, 4.449999809265137, 4.550000190734863, 4.710000038146973, 5.550000190734863, 5.579999923706055, 5.25, 4.670000076293945, 4.699999809265137, 5.170000076293945, 4.559999942779541, 4.349999904632568, 4.53000020980835, 4.199999809265137, 3.8499999046325684, 3.9600000381469727, 4.099999904632568, 4.360000133514404, 3.9100000858306885, 4.010000228881836, 4.0, 4.159999847412109, 4.460000038146973, 4.179999828338623, 4.789999961853027, 4.480000019073486, 4.300000190734863, 4.079999923706055, 3.950000047683716, 3.9000000953674316, 3.759999990463257, 3.640000104904175, 3.5, 3.930000066757202]
assets:[0, 99.99985792679787, 208.6955, 279.06063651857374, 438.9060332136154, 551.5424057385922, 635.0785767054558, 735.0787330374718, 668.2723348292827, 769.9347640840531, 713.272922476387, 837.7153311555625, 1121.9120178364756, 1238.5329222340583, 1287.3040046954632, 1279.4839598190547, 1432.6479803662776, 1502.1660912501095, 1769.5271140167235, 2025.2799081929206, 2170.79189599905, 2347.127254009724, 2865.723173485279, 2981.213167238617, 2904.9048000000003, 2683.982138848305, 2801.2238563210485, 3181.3466219472884, 2905.9844515347004, 2872.1561670321466, 3091.0044201608184, 2965.8315453125, 2818.6788701791766, 2999.212552891636, 3205.2450354448797, 3508.504751439428, 3246.388224263358, 3429.416355743408, 3520.864, 3761.6985820217133, 4132.974995349884, 3973.505328818798, 4653.3709609411235, 4452.213266955185, 4373.3298139875415, 4249.577776535034, 4214.174865872788, 4260.830834190893, 4207.877653327275, 4173.583716281963, 4113.06105, 4718.3800881490715]
shares:[0, 21.7391, 41.7391, 65.0491, 84.243, 102.8997, 122.1305, 141.3613, 166.2369, 191.0508, 222.2034, 252.3239, 277.0153, 301.3462, 326.7269, 354.4277, 381.0234, 408.1973, 432.6472, 455.1191, 477.0971, 498.3285, 516.3465, 534.2676, 553.3152, 574.7285, 596.0051, 615.3475, 637.2773, 660.2658, 682.3409, 706.1504, 732.1244, 757.3769, 781.7671, 804.7029, 830.2783, 855.216, 880.216, 904.2545, 926.676, 950.5994, 971.4762, 993.7976, 1017.0534, 1041.5632, 1066.8797, 1092.5207, 1119.1164, 1146.5889, 1175.1603, 1200.6056]
growth_rate:-7.48
