ticker:USIG
price:[60.900001525878906, 61.040000915527344, 61.08000183105469, 60.66999816894531, 60.720001220703125, 60.779998779296875, 60.97999954223633, 60.70000076293945, 60.43000030517578, 61.130001068115234, 61.06999969482422, 61.72999954223633, 61.88999938964844, 61.540000915527344, 61.689998626708984, 61.599998474121094, 61.849998474121094, 61.970001220703125, 61.15999984741211, 61.310001373291016, 61.220001220703125, 61.209999084472656, 60.88999938964844, 60.849998474121094, 60.31999969482422, 59.95000076293945, 59.060001373291016, 58.650001525878906, 58.56999969482422, 58.959999084472656, 59.2400016784668, 59.34000015258789, 59.470001220703125, 59.70000076293945, 59.54999923706055, 59.709999084472656, 59.459999084472656, 59.52000045776367, 59.66999816894531, 59.83000183105469, 60.36000061035156, 60.59000015258789, 60.279998779296875, 60.59000015258789, 60.77000045776367, 60.84000015258789, 61.11000061035156, 61.25, 60.7599983215332, 60.900001525878906, 60.970001220703125, 61.0]
assets:[0, 100.00183349990846, 200.06754599761965, 298.7269369842529, 398.97291202087405, 499.3684699707031, 601.0127774883271, 698.2503187763214, 795.1439870155334, 904.3572358016968, 1003.4716999855042, 1114.319086736679, 1217.2091849960327, 1310.328161493683, 1413.521445533371, 1511.460682559967, 1617.5939350929261, 1720.7334178955077, 1798.244663513565, 1902.6577966178895, 1999.867657876587, 2099.539694596863, 2188.5631590621947, 2287.126297647858, 2367.2041000236513, 2452.6864212135315, 2516.2749825096134, 2598.805027612305, 2695.262531956482, 2813.21150031662, 2926.568638919449, 3031.508521795273, 3138.148706414795, 3250.2829615371706, 3342.1186521816253, 3451.1006140846252, 3536.6510155448914, 3640.219419996643, 3749.3941699447632, 3859.4479451156617, 3993.634936383057, 4108.850270347595, 4187.826327194213, 4309.360757852554, 4422.160009310913, 4527.256511354446, 4647.348325416565, 4757.9980000000005, 4819.932690851593, 4931.0365835494995, 5036.707412841797, 5139.182900000001]
shares:[0, 1.6383, 3.2755, 4.9238, 6.5707, 8.216, 9.8559, 11.5033, 13.1581, 14.794, 16.4315, 18.0515, 19.6673, 21.2923, 22.9133, 24.5367, 26.1535, 27.7672, 29.4023, 31.0334, 32.6669, 34.3006, 35.9429, 37.5863, 39.2441, 40.9122, 42.6054, 44.3104, 46.0178, 47.7139, 49.4019, 51.0871, 52.7686, 54.4436, 56.1229, 57.7977, 59.4795, 61.1596, 62.8355, 64.5069, 66.1636, 67.814, 69.4729, 71.1233, 72.7688, 74.4125, 76.0489, 77.6816, 79.3274, 80.9694, 82.6096, 84.2489]
growth_rate:0.77
