ticker:USIO
price:[2.1500000953674316, 1.9299999475479126, 2.2799999713897705, 1.4700000286102295, 1.559999942779541, 1.5700000524520874, 1.5800000429153442, 1.600000023841858, 1.4900000095367432, 1.4700000286102295, 1.559999942779541, 1.5700000524520874, 1.600000023841858, 1.9800000190734863, 2.0, 2.0999999046325684, 2.9000000953674316, 2.6700000762939453, 3.4100000858306885, 3.1500000953674316, 3.0199999809265137, 3.819999933242798, 6.309999942779541, 6.579999923706055, 7.840000152587891, 6.269999980926514, 5.170000076293945, 5.929999828338623, 6.369999885559082, 6.619999885559082, 6.539999961853027, 6.599999904632568, 6.679999828338623, 6.460000038146973, 5.949999809265137, 6.03000020980835, 5.409999847412109, 5.510000228881836, 5.829999923706055, 6.590000152587891, 6.460000038146973, 6.5, 6.679999828338623, 6.199999809265137, 6.199999809265137, 5.659999847412109, 5.670000076293945, 5.610000133514404, 5.610000133514404, 5.449999809265137, 5.130000114440918, 5.679999828338623]
assets:[0, 100.00005228227377, 218.13466526277065, 240.63944568350314, 355.3725109650135, 457.65061928963667, 560.5655292258621, 667.6612899489284, 721.7595806196213, 812.0715278051377, 961.7901967217446, 1067.9556406793, 1188.3624177079796, 1570.598583129692, 1686.4632, 1870.7861750418663, 2683.4669482466697, 2570.6402954547884, 3383.1023461536647, 3225.1531126427176, 3192.051493839884, 4137.627961692023, 6934.66848311491, 7331.397750993728, 8835.282683958816, 7165.972319200945, 6008.784507671929, 6992.087110593367, 7610.893062265682, 8009.593469536972, 8012.800759262372, 8186.312521710968, 8385.540724509954, 8209.370632477188, 7661.261999408435, 7864.27079763012, 7155.672089175796, 7387.939995890237, 7917.003474394607, 9049.065958526231, 8970.556312972069, 9126.1014, 9478.824232414961, 8897.710866273594, 8997.710663197231, 8314.038865861892, 8428.728407414626, 8439.535535855532, 8539.535471235466, 8395.983036163901, 8003.008456532479, 8961.03014517908]
shares:[0, 51.8135, 95.6731, 163.7003, 227.8029, 291.4972, 354.7883, 417.2883, 484.4024, 552.4296, 616.5322, 680.2265, 742.7265, 793.2316, 843.2316, 890.8506, 925.3334, 962.7866, 992.1121, 1023.8581, 1056.9707, 1083.1487, 1098.9966, 1114.1942, 1126.9493, 1142.8983, 1162.2407, 1179.1041, 1194.8027, 1209.9084, 1225.1989, 1240.3504, 1255.3205, 1270.8004, 1287.6071, 1304.1908, 1322.6751, 1340.8239, 1357.9766, 1373.1511, 1388.631, 1404.0156, 1418.9857, 1435.1147, 1451.2437, 1468.9115, 1486.5482, 1504.3735, 1522.1988, 1540.5474, 1560.0406, 1577.6462]
growth_rate:75.71
