ticker:USLB
price:[32.689998626708984, 32.45000076293945, 32.529998779296875, 31.329999923706055, 31.64900016784668, 33.04199981689453, 33.09000015258789, 33.01499938964844, 31.219999313354492, 31.399999618530273, 33.540000915527344, 33.972999572753906, 33.99300003051758, 34.6349983215332, 34.45899963378906, 35.04199981689453, 34.65999984741211, 35.15999984741211, 35.58300018310547, 35.50400161743164, 35.79399871826172, 34.90599822998047, 35.84299850463867, 36.21900177001953, 36.21900177001953, 36.20000076293945, 35.520999908447266, 35.84000015258789, 36.558998107910156, 36.277000427246094, 37.446998596191406, 37.81700134277344, 38.7599983215332, 38.930999755859375, 38.84700012207031, 38.77899932861328, 38.60100173950195, 38.847999572753906, 39.04399871826172, 38.98699951171875, 39.45500183105469, 38.97999954223633, 39.340999603271484, 39.340999603271484, 39.74399948120117, 39.49300003051758, 39.95800018310547, 40.01300048828125, 40.01300048828125, 40.37900161743164, 40.215999603271484, 40.790000915527344]
assets:[0, 100.00116735115051, 200.2481664855957, 292.8603072868347, 395.8435397993088, 513.2678167556762, 614.0147338314057, 712.6221588256836, 773.8782209794998, 878.3396293292999, 1038.200542339325, 1151.6031503173826, 1252.2817253242492, 1375.9341878200532, 1468.942357688904, 1593.7942524719238, 1676.4210086196902, 1800.6033641857148, 1922.2648358917236, 2017.99774633255, 2134.48204916687, 2181.5271525787352, 2340.0854276721952, 2464.634254346466, 2564.63491823349, 2663.2883561306, 2713.331963706589, 2837.700108081436, 2994.6279648147583, 3071.530093774414, 3270.5908997924807, 3402.906140327454, 3587.761104635239, 3703.5877618743893, 3795.5966480270386, 3888.951947669983, 3971.1012145523073, 4096.509900547027, 4217.177441158295, 4311.022559307861, 4462.771039111328, 4509.042631047821, 4650.802488799667, 4750.803375691224, 4899.469356844711, 4968.527449239349, 5127.026986694335, 5234.084588671874, 5334.085079492187, 5482.874848323441, 5560.742675543594, 5740.111693836212]
shares:[0, 3.0817, 6.1558, 9.3476, 12.5073, 15.5338, 18.5559, 21.5848, 24.7879, 27.9726, 30.9541, 33.8976, 36.8394, 39.7267, 42.6287, 45.4824, 48.3676, 51.2117, 54.022, 56.8386, 59.6324, 62.4972, 65.2871, 68.0481, 70.8091, 73.5715, 76.3867, 79.1769, 81.9122, 84.6688, 87.3392, 89.9835, 92.5635, 95.1321, 97.7063, 100.285, 102.8756, 105.4497, 108.0109, 110.5759, 113.1104, 115.6758, 118.2177, 120.7596, 123.2757, 125.8078, 128.3104, 130.8096, 133.3088, 135.7853, 138.2719, 140.7235]
growth_rate:12.55
