ticker:USLM
price:[91.69999694824219, 90.06999969482422, 92.05000305175781, 88.05999755859375, 90.5999984741211, 95.12000274658203, 99.4000015258789, 97.75, 92.69999694824219, 95.58999633789062, 100.62999725341797, 96.4000015258789, 110.4000015258789, 107.5999984741211, 113.69000244140625, 113.98999786376953, 114.0, 114.0, 125.1500015258789, 126.7699966430664, 128.36000061035156, 121.0, 130.08999633789062, 138.0, 139.8800048828125, 140.13999938964844, 146.3800048828125, 149.27000427246094, 147.0, 135.8800048828125, 136.4499969482422, 143.60000610351562, 146.0, 144.60000610351562, 138.17999267578125, 142.75999450683594, 141.47999572753906, 138.49000549316406, 139.14999389648438, 137.3000030517578, 141.77999877929688, 133.32000732421875, 139.3300018310547, 140.0, 139.30999755859375, 138.6300048828125, 139.41000366210938, 139.0, 146.0, 152.0800018310547, 144.22999572753906, 149.85000610351562]
assets:[0, 99.99571366119386, 202.19703670349122, 293.43352386474606, 401.90159323120116, 521.9519910713196, 645.4340299079895, 734.718325, 796.7564737701416, 921.5927136932373, 1070.1798947906495, 1125.1904578102112, 1388.6001791923522, 1453.385459389496, 1635.6466961242677, 1739.9661253921508, 1840.1196, 1940.1204, 2229.8726671874997, 2358.7332655395508, 2488.3227918319703, 2445.6399, 2729.366177166748, 2995.3176000000003, 3136.1236974731446, 3241.95670388031, 3486.3179382934572, 3655.1447406188963, 3699.5637, 3519.699766479492, 3634.468473713684, 3924.91844682312, 4090.5112, 4151.292655224609, 4066.9826344299317, 4301.786914474487, 4363.21477223816, 4371.007704374695, 4491.831377975464, 4532.108340734863, 4779.985056845093, 4594.76739642334, 4901.894191419983, 5025.468, 5100.696250610351, 5175.792821301269, 5304.913105352783, 5389.308, 5760.707399999999, 6100.598025451661, 5885.694396650695, 6215.029003143311]
shares:[0, 1.1102, 2.1966, 3.3322, 4.436, 5.4873, 6.4933, 7.5163, 8.595, 9.6411, 10.6348, 11.6721, 12.5779, 13.5073, 14.3869, 15.2642, 16.1414, 17.0186, 17.8176, 18.6064, 19.3855, 20.2119, 20.9806, 21.7052, 22.4201, 23.1337, 23.8169, 24.4868, 25.1671, 25.903, 26.6359, 27.3323, 28.0172, 28.7088, 29.4325, 30.133, 30.8398, 31.5619, 32.2805, 33.0088, 33.7141, 34.4642, 35.1819, 35.8962, 36.614, 37.3353, 38.0526, 38.772, 39.4569, 40.1144, 40.8077, 41.475]
growth_rate:21.86
