ticker:USMC
price:[33.31999969482422, 32.584999084472656, 32.472999572753906, 32.29800033569336, 32.446998596191406, 33.53900146484375, 33.54999923706055, 33.2130012512207, 31.450000762939453, 33.529998779296875, 34.06999969482422, 33.75600051879883, 34.470001220703125, 35.099998474121094, 34.97100067138672, 35.15999984741211, 35.27000045776367, 35.66999816894531, 36.137001037597656, 35.534000396728516, 36.11000061035156, 35.15999984741211, 36.529998779296875, 36.83000183105469, 36.30699920654297, 35.27000045776367, 35.540000915527344, 36.380001068115234, 36.19599914550781, 36.83599853515625, 37.060001373291016, 38.09000015258789, 38.619998931884766, 38.50600051879883, 38.41600036621094, 39.040000915527344, 38.65999984741211, 38.380001068115234, 38.68000030517578, 38.790000915527344, 39.029998779296875, 38.439998626708984, 39.5359992980957, 40.10300064086914, 40.34000015258789, 40.25199890136719, 40.959999084472656, 40.8489990234375, 41.22999954223633, 41.63999938964844, 41.619998931884766, 41.869998931884766]
assets:[0, 100.00010369033814, 199.6569905731201, 298.5820939033508, 399.95792819595334, 513.4183883239746, 613.5858710468292, 707.4236414505006, 769.8740036762237, 920.790767477417, 1035.6189667236329, 1126.073172506714, 1249.8925852630616, 1372.736370323944, 1467.690932977295, 1575.6215571620942, 1680.552035811615, 1799.6120466201783, 1923.1714445198058, 1991.0801976299285, 2123.3546998901365, 2167.4909305934907, 2351.94744140625, 2471.2636588623045, 2536.170969074249, 2563.734009274292, 2683.3589191246033, 2846.782377581406, 2932.3826747741696, 3084.230270550537, 3202.984738689423, 3392.005929588318, 3539.202356116104, 3628.755431090927, 3720.2746242645267, 3880.7049230064395, 3942.933384437561, 4014.375401720047, 4145.753376708984, 4257.543952487183, 4383.884589889526, 4417.6168981781, 4643.570328760147, 4810.166442769241, 4938.59224668045, 5027.816804771423, 5216.251787407685, 5302.114290344238, 5451.566598472977, 5605.776589831543, 5703.08440363884, 5837.33939708786]
shares:[0, 3.0689, 6.1484, 9.2446, 12.3265, 15.3081, 18.2887, 21.2996, 24.4793, 27.4617, 30.3968, 33.3592, 36.2603, 39.1093, 41.9688, 44.8129, 47.6482, 50.4517, 53.2189, 56.0331, 58.8024, 61.6465, 64.384, 67.0992, 69.8535, 72.6888, 75.5025, 78.2513, 81.014, 83.7287, 86.427, 89.0524, 91.6417, 94.2387, 96.8418, 99.4033, 101.99, 104.5955, 107.1808, 109.7588, 112.3209, 114.9224, 117.4517, 119.9453, 122.4242, 124.9085, 127.3499, 129.7979, 132.2233, 134.6248, 137.0275, 139.4158]
growth_rate:14.46
