ticker:USOI
price:[4.489999771118164, 4.199999809265137, 4.53000020980835, 4.320000171661377, 4.090000152587891, 4.369999885559082, 4.389999866485596, 4.320000171661377, 3.9200000762939453, 4.139999866485596, 4.420000076293945, 4.429999828338623, 4.570000171661377, 4.619999885559082, 4.650000095367432, 4.840000152587891, 4.639999866485596, 4.670000076293945, 4.84499979019165, 4.860000133514404, 4.820000171661377, 4.820000171661377, 4.949999809265137, 5.005000114440918, 4.769999980926514, 4.900000095367432, 5.070000171661377, 5.119999885559082, 4.829999923706055, 4.809999942779541, 4.849999904632568, 4.73199987411499, 4.909999847412109, 4.78000020980835, 4.860000133514404, 4.945000171661377, 4.980000019073486, 4.760000228881836, 4.940000057220459, 5.119999885559082, 5.190000057220459, 5.199999809265137, 5.320000171661377, 5.369999885559082, 5.369999885559082, 5.28000020980835, 5.25, 5.360000133514404, 5.079999923706055, 5.090000152587891, 4.650000095367432, 5.090000152587891]
assets:[0, 99.99989545869828, 207.8572476269722, 298.22127585024833, 382.3438482643128, 508.51896968297956, 610.8460924221516, 701.1057878594398, 736.188558328247, 877.5052637005806, 1036.8533418972015, 1139.1992638563156, 1275.2009658999443, 1389.15265358963, 1498.1733007262228, 1659.3892123146056, 1690.8191993472574, 1801.7514094352723, 1969.268575722599, 2075.3653710146427, 2158.284252865982, 2258.2843144274234, 2419.1921217829704, 2546.072086716747, 2526.526366897345, 2695.3837224595545, 2888.89725181303, 3017.387452556133, 2946.48059545784, 3034.2797579037665, 3159.5130378732683, 3182.642323732424, 3402.3613172649384, 3412.2786737750057, 3569.387732058573, 3731.815093046713, 3858.2281227770804, 3787.784462133408, 4031.01979269166, 4277.8991683815, 4436.386098911762, 4544.933993292809, 4749.8174492631915, 4894.4584716934205, 4994.458609562302, 5010.7529351094245, 5082.28245, 5288.768411740065, 5112.489063218117, 5222.553427561569, 4871.095044901896, 5432.016095840836]
shares:[0, 23.8095, 45.8846, 69.0327, 93.4826, 116.3659, 139.1449, 162.293, 187.8032, 211.9578, 234.5822, 257.1556, 279.0374, 300.6824, 322.1878, 342.849, 364.4007, 385.814, 406.4538, 427.0299, 447.7768, 468.5237, 488.7257, 508.7057, 529.6701, 550.0783, 569.8022, 589.3335, 610.0374, 630.8274, 651.446, 672.5787, 692.9453, 713.8658, 734.4419, 754.6643, 774.7446, 795.753, 815.9959, 835.5272, 854.795, 874.0258, 892.8228, 911.4448, 930.0668, 949.0062, 968.0538, 986.7105, 1006.3955, 1026.0419, 1047.5473, 1067.1937]
growth_rate:6.51
