ticker:USWS
price:[0.28999999165534973, 0.25, 0.30000001192092896, 0.2800000011920929, 0.25999999046325684, 0.4399999976158142, 0.3100000023841858, 0.33000001311302185, 0.3100000023841858, 0.3199999928474426, 0.33000001311302185, 0.3799999952316284, 0.4099999964237213, 0.44999998807907104, 0.46000000834465027, 0.4699999988079071, 0.4399999976158142, 0.4099999964237213, 0.49000000953674316, 0.699999988079071, 0.8500000238418579, 0.9200000166893005, 1.0199999809265137, 1.4700000286102295, 2.240000009536743, 1.7699999809265137, 1.440000057220459, 1.5499999523162842, 1.2599999904632568, 1.090000033378601, 1.1299999952316284, 0.9800000190734863, 0.7599999904632568, 0.7200000286102295, 0.8199999928474426, 0.7200000286102295, 0.7799999713897705, 1.0199999809265137, 1.190000057220459, 1.0399999618530273, 0.9300000071525574, 0.8700000047683716, 1.059999942779541, 1.0800000429153442, 1.1200000047683716, 1.0199999809265137, 0.9399999976158142, 0.9599999785423279, 0.9200000166893005, 0.8199999928474426, 0.7200000286102295, 0.7699999809265137]
assets:[0, 100.0, 219.99999874201418, 305.33333729994894, 383.5238019324303, 749.0402879412472, 627.7329238278448, 768.2318465267896, 821.6723043194175, 948.1778348065734, 1077.8084558282585, 1341.1127031712533, 1546.990010506177, 1797.9158223714946, 1937.869589154008, 2079.997167724362, 2047.2313729068637, 2007.6473924880327, 2499.383522644853, 3670.5477274909435, 4557.093907823038, 5032.383991290182, 5679.382027798414, 8284.992044248653, 12724.749686175297, 10154.824420571804, 8361.552428258228, 9100.281445041777, 7497.648339251471, 6586.06109468211, 6927.7511997662905, 6108.138336881113, 4836.923419304609, 4682.348754059815, 5432.674694612783, 4870.15363352251, 5375.999340809512, 7130.153092669726, 8418.512485799265, 7457.354774465847, 6768.596410056746, 6431.912732252586, 7936.582833570815, 8186.330449295533, 8589.527556569696, 7922.605255851268, 7401.224589227772, 7658.6973328147715, 7439.585286958122, 6730.934517288541, 6010.089142819476, 6527.45600430994]
shares:[0, 400.0, 733.3333, 1090.4762, 1475.0916, 1702.3643, 2024.9449, 2327.9752, 2650.5558, 2963.0558, 3266.0861, 3529.244, 3773.1464, 3995.3686, 4212.7599, 4425.5259, 4652.7986, 4896.701, 5100.7826, 5243.6397, 5361.2868, 5469.9825, 5568.0217, 5636.0489, 5680.6918, 5737.189, 5806.6334, 5871.1495, 5950.5146, 6042.2577, 6130.7533, 6232.7941, 6364.373, 6503.2619, 6625.2131, 6764.102, 6892.3071, 6990.3463, 7074.3799, 7170.5337, 7278.0606, 7393.0031, 7487.3427, 7579.9353, 7669.221, 7767.2602, 7873.6432, 7977.8099, 8086.5056, 8208.4568, 8347.3457, 8477.2158]
growth_rate:27.99
