ticker:UTHR
price:[105.37000274658203, 102.5199966430664, 105.69000244140625, 100.44999694824219, 101.87000274658203, 104.01000213623047, 115.0, 122.77999877929688, 134.22999572753906, 135.8800048828125, 141.47999572753906, 136.02000427246094, 135.5399932861328, 133.47000122070312, 138.6999969482422, 146.85000610351562, 149.8300018310547, 151.7899932861328, 165.0800018310547, 172.82000732421875, 167.7100067138672, 163.82000732421875, 169.72000122070312, 167.63999938964844, 174.85000610351562, 167.17999267578125, 164.33999633789062, 159.5, 170.11000061035156, 171.2100067138672, 192.33999633789062, 203.36000061035156, 203.72999572753906, 207.5, 201.55999755859375, 195.4199981689453, 197.8699951171875, 188.72000122070312, 185.89999389648438, 175.9499969482422, 179.1199951171875, 178.49000549316406, 180.0, 184.3300018310547, 187.64999389648438, 184.99000549316406, 184.57000732421875, 181.92999267578125, 213.3300018310547, 202.6199951171875, 204.22000122070312, 211.0800018310547]
assets:[0, 99.99800472564698, 203.09390869140626, 293.02268609771727, 397.16057970809936, 505.4990113822937, 658.9155000000001, 803.4968680114746, 978.4292848571778, 1090.4506271850587, 1235.3891746932982, 1287.714982447815, 1383.1720774856567, 1462.0437403717042, 1619.3363343704225, 1814.4933604156492, 1951.3110288467408, 2076.836225138855, 2358.6795741622923, 2569.263202886963, 2593.299833816528, 2633.1445057250976, 2827.976492340088, 2893.3155134658814, 3117.750458831787, 3080.993521020508, 3128.6555482818603, 3136.51965, 3445.169798361206, 3567.4515468948366, 4107.728365789795, 4443.070301335144, 4551.144747557068, 4735.3575, 4699.7946190734865, 4656.6240523681645, 4815.008035180664, 4692.352982351685, 4722.231644958496, 4569.474205744935, 4751.80270246582, 4835.0979098037715, 4976.01, 5195.709761611939, 5389.289059707641, 5412.900055732727, 5500.610729278565, 5521.939137695313, 6575.00132043457, 6344.903313098144, 6495.012918823242, 6813.198083102417]
shares:[0, 0.9754, 1.9216, 2.9171, 3.8987, 4.8601, 5.7297, 6.5442, 7.2892, 8.0251, 8.7319, 9.4671, 10.2049, 10.9541, 11.6751, 12.3561, 13.0235, 13.6823, 14.2881, 14.8667, 15.463, 16.0734, 16.6626, 17.2591, 17.831, 18.4292, 19.0377, 19.6647, 20.2526, 20.8367, 21.3566, 21.8483, 22.3391, 22.821, 23.3171, 23.8288, 24.3342, 24.8641, 25.402, 25.9703, 26.5286, 27.0889, 27.6445, 28.187, 28.7199, 29.2605, 29.8023, 30.352, 30.8208, 31.3143, 31.804, 32.2778]
growth_rate:33.59
