ticker:UTMD
price:[83.69999694824219, 78.61000061035156, 81.55999755859375, 81.0999984741211, 79.83000183105469, 83.19999694824219, 82.62000274658203, 84.91999816894531, 83.0, 81.25, 82.26000213623047, 85.77999877929688, 90.44999694824219, 90.51000213623047, 91.25, 88.19999694824219, 85.44999694824219, 84.30000305175781, 87.87999725341797, 88.79000091552734, 87.2300033569336, 86.66999816894531, 92.41000366210938, 91.58999633789062, 89.0999984741211, 84.4000015258789, 87.44999694824219, 92.6500015258789, 86.95999908447266, 85.76000213623047, 88.23999786376953, 87.54000091552734, 87.5, 88.0999984741211, 87.26000213623047, 89.2699966430664, 88.5, 87.30000305175781, 85.70999908447266, 84.08000183105469, 83.30000305175781, 84.95999908447266, 87.0, 85.30999755859375, 85.76000213623047, 86.4000015258789, 86.41000366210938, 89.4000015258789, 86.41000366210938, 86.4000015258789, 86.04000091552734, 88.05999755859375]
assets:[0, 99.99978177642822, 203.75318590087892, 302.6003143066406, 397.8647461257935, 514.6585411224365, 611.07406431427, 728.0870803009034, 811.6238000000001, 894.51375, 1005.6367521156311, 1148.6713856536865, 1311.2083807601928, 1412.082747328186, 1523.6286249999998, 1572.7029655838012, 1623.6695720123291, 1701.814741607666, 1874.0848814277651, 1993.4953425552367, 2058.4710652175904, 2145.2557946777342, 2387.3292756072997, 2466.1430823944092, 2499.0945772018435, 2467.2652446060183, 2656.424832298279, 2914.379917997742, 2835.4003381484986, 2896.269640144348, 3080.0259494346615, 3155.5894290023807, 3254.15125, 3376.4676815200805, 3444.2744483200077, 3623.611995736694, 3692.35275, 3742.289230819702, 3774.128386685944, 3802.3499228057863, 3867.0776916732784, 4044.1384364204405, 4241.2413, 4258.854229119873, 4381.315565135956, 4514.011279720306, 4614.536143566895, 4874.213243193054, 4811.19667090149, 4910.6391267250065, 4990.182389099121, 5207.339895629882]
shares:[0, 1.2721, 2.4982, 3.7312, 4.9839, 6.1858, 7.3962, 8.5738, 9.7786, 11.0094, 12.2251, 13.3909, 14.4965, 15.6014, 16.6973, 17.8311, 19.0014, 20.1876, 21.3255, 22.4518, 23.5982, 24.752, 25.8341, 26.9259, 28.0482, 29.233, 30.3765, 31.4558, 32.6058, 33.7718, 34.9051, 36.0474, 37.1903, 38.3254, 39.4714, 40.5916, 41.7215, 42.867, 44.0337, 45.223, 46.4235, 47.6005, 48.7499, 49.9221, 51.0881, 52.2455, 53.4028, 54.5214, 55.6787, 56.8361, 57.9984, 59.134]
growth_rate:2.1
