ticker:UTME
price:[49.04999923706055, 45.189998626708984, 36.099998474121094, 44.79999923706055, 38.20000076293945, 33.01499938964844, 35.45000076293945, 48.029998779296875, 50.0, 43.04999923706055, 16.799999237060547, 13.359999656677246, 11.0600004196167, 11.220000267028809, 8.6899995803833, 8.350000381469727, 7.679999828338623, 7.139999866485596, 6.5, 5.340000152587891, 6.300000190734863, 6.320000171661377, 6.71999979019165]
assets:[0, 100.0009479610443, 179.8862923965454, 323.2364744953155, 375.61678750190737, 424.6323191497803, 555.9517269649506, 853.2385193145752, 988.235, 950.8711631484985, 471.0719786071777, 474.61398780345917, 492.9066147008896, 600.0377602805138, 564.7352647304535, 642.6394093589782, 691.0740325532913, 742.4828741159439, 775.9297, 737.4561570724487, 970.0324493680954, 1073.1120131474495, 1241.0307452531815]
shares:[0, 2.2129, 4.983, 7.2151, 9.8329, 12.8618, 15.6827, 17.7647, 19.7647, 22.0876, 28.04, 35.525, 44.5666, 53.4793, 64.9868, 76.9628, 89.9836, 103.9892, 119.3738, 138.1004, 153.9734, 169.7962, 184.6772]
growth_rate:-43.59
