ticker:UTSI
price:[1.399999976158142, 1.2200000286102295, 1.1699999570846558, 1.059999942779541, 1.0700000524520874, 1.1100000143051147, 1.0800000429153442, 1.1399999856948853, 0.9700000286102295, 1.0299999713897705, 0.9200000166893005, 0.9399999976158142, 1.0700000524520874, 1.190000057220459, 1.7200000286102295, 1.340000033378601, 1.309999942779541, 1.3799999952316284, 1.559999942779541, 1.8300000429153442, 1.8600000143051147, 1.7200000286102295, 2.0799999237060547, 2.0999999046325684, 2.1500000953674316, 1.6100000143051147, 1.350000023841858, 1.5, 1.659999966621399, 1.4500000476837158, 1.5099999904632568, 1.5199999809265137, 1.4199999570846558, 1.350000023841858, 1.3899999856948853, 1.2599999904632568, 1.2300000190734863, 1.2699999809265137, 1.3200000524520874, 1.4299999475479126, 1.399999976158142, 1.340000033378601, 1.4299999475479126, 1.399999976158142, 1.9600000381469727, 1.399999976158142, 1.3899999856948853, 1.3899999856948853, 1.3799999952316284, 1.2999999523162842, 1.1799999475479126, 1.2899999618530273]
assets:[0, 99.99998634510041, 195.90163381437063, 277.4834990210056, 380.1012546328068, 494.3106453704238, 580.9509230849147, 713.2259430501938, 706.8677328491211, 850.5914863731862, 859.7516995963633, 978.4419555183113, 1213.7584114992142, 1449.8808377166747, 2195.6259605217215, 1810.5458690996172, 1870.0111633183956, 2069.935546847665, 2439.927114504004, 2962.222350467098, 3110.7832499247907, 2976.638241512966, 3699.655304297447, 3835.2287758305074, 4026.5440436051845, 3115.2258966792942, 2712.145997898221, 3113.49555, 3545.601730706489, 3197.061895136404, 3429.3540323411466, 3552.0650034274577, 3418.3764046895744, 3349.865084160745, 3549.1201844744082, 3317.188114892721, 3338.2075057652473, 3546.7670467329026, 3786.4037824581624, 4201.937156873858, 4213.784748239673, 4133.194190955401, 4510.796553544962, 4516.164583090174, 6422.630633001995, 4687.593180170763, 4754.110338073313, 4854.110273044169, 4919.188693002522, 4734.018206357241, 4397.03191654787, 4906.924816895867]
shares:[0, 81.9672, 167.4373, 261.7769, 355.2348, 445.3249, 537.9175, 625.6368, 728.7296, 825.817, 934.5127, 1040.8957, 1134.3536, 1218.3872, 1276.5267, 1351.1536, 1427.4895, 1499.9533, 1564.0559, 1618.7007, 1672.4641, 1730.6036, 1778.6805, 1826.2995, 1872.8111, 1934.9229, 2008.997, 2075.6637, 2135.9047, 2204.8702, 2271.0954, 2336.8849, 2407.3074, 2481.3815, 2553.3239, 2632.689, 2713.9898, 2792.73, 2868.4876, 2938.4177, 3009.8463, 3084.4732, 3154.4033, 3225.8319, 3276.8523, 3348.2809, 3420.2233, 3492.1657, 3564.6295, 3641.5526, 3726.2984, 3803.8178]
growth_rate:-3.79
