ticker:UVSP
price:[16.520000457763672, 15.1899995803833, 15.569999694824219, 14.3100004196167, 14.779999732971191, 15.65999984741211, 15.470000267028809, 16.450000762939453, 15.859999656677246, 15.640000343322754, 18.56999969482422, 18.8799991607666, 19.479999542236328, 19.770000457763672, 19.6299991607666, 19.90999984741211, 20.389999389648438, 20.579999923706055, 22.65999984741211, 23.700000762939453, 23.389999389648438, 22.450000762939453, 24.579999923706055, 24.940000534057617, 24.56999969482422, 25.149999618530273, 27.719999313354492, 29.450000762939453, 28.6200008392334, 29.010000228881836, 28.59000015258789, 28.18000030517578, 28.049999237060547, 27.719999313354492, 27.93000030517578, 29.3799991607666, 29.18000030517578, 28.889999389648438, 29.15999984741211, 28.850000381469727, 28.010000228881836, 26.399999618530273, 27.059999465942383, 26.200000762939453, 25.93000030517578, 26.520000457763672, 26.31999969482422, 27.360000610351562, 28.25, 27.420000076293945, 27.239999771118164, 27.709999084472656]
assets:[0, 100.00032423753738, 202.50185903091432, 286.1141483898163, 395.51131485433575, 519.0600909423829, 612.7620695769309, 751.5791498577117, 824.623236149311, 913.1852120458602, 1184.2608765380858, 1304.0302140346528, 1445.472458032608, 1566.991983282852, 1655.894468206215, 1779.5139753620147, 1922.416039454651, 2040.3300044361115, 2346.5449541988373, 2554.2415122249604, 2620.8307196105957, 2615.5036638851166, 2963.6548348011015, 3107.0601825336457, 3160.9648587387082, 3335.581574406624, 3776.43410645485, 4112.121276529693, 4096.229034115028, 4252.047951547623, 4290.487027898788, 4328.958104880524, 4408.988640078735, 4457.118093593788, 4590.884873162079, 4929.223483197785, 4995.668576246643, 5046.019741394042, 5193.180188825226, 5237.971449259186, 5185.463332372665, 4987.406087933922, 5212.091441133881, 5146.445189863587, 5193.408262122345, 5411.575821409607, 5470.764592567443, 5786.935617095947, 6075.17945, 5996.688208685303, 6057.323337103843, 6261.836318111419]
shares:[0, 6.5833, 13.0059, 19.994, 26.7599, 33.1456, 39.6097, 45.6887, 51.9939, 58.3878, 63.7728, 69.0694, 74.2029, 79.2611, 84.3553, 89.3779, 94.2823, 99.1414, 103.5545, 107.7739, 112.0492, 116.5035, 120.5718, 124.5814, 128.6514, 132.6275, 136.235, 139.6306, 143.1247, 146.5718, 150.0695, 153.6181, 157.1832, 160.7907, 164.3711, 167.7748, 171.2018, 174.6632, 178.0926, 181.5588, 185.129, 188.9169, 192.6124, 196.4292, 200.2857, 204.0564, 207.8558, 211.5108, 215.0506, 218.6976, 222.3687, 225.9775]
growth_rate:22.78
