ticker:UXIN
price:[0.9269999861717224, 0.8999999761581421, 0.9789999723434448, 0.8799999952316284, 0.9139999747276306, 1.0099999904632568, 1.0, 1.0, 0.9599999785423279, 1.0700000524520874, 1.0399999618530273, 1.2300000190734863, 1.5800000429153442, 1.2999999523162842, 1.2899999618530273, 1.1299999952316284, 0.9599999785423279, 0.8730000257492065, 1.100000023841858, 1.0499999523162842, 1.2699999809265137, 1.100000023841858, 1.4500000476837158, 1.5399999618530273, 1.4199999570846558, 1.159999966621399, 1.0700000524520874, 1.1699999570846558, 1.1399999856948853, 1.0299999713897705, 1.9700000286102295, 1.399999976158142, 1.309999942779541, 2.1500000953674316, 3.009999990463257, 2.8299999237060547, 2.7300000190734863, 3.490000009536743, 3.700000047683716, 4.340000152587891, 5.090000152587891, 3.8299999237060547, 4.150000095367432, 3.6700000762939453, 3.4600000381469727, 3.319999933242798, 3.1700000762939453, 3.680000066757202, 3.4600000381469727, 3.2100000381469727, 3.0899999141693115, 3.5999999046325684]
assets:[0, 99.99998735090493, 208.77771600207092, 287.6653984412551, 398.7797427736223, 540.6647108948707, 635.3116, 735.3116, 805.8991499867499, 998.2417829344511, 1070.2535607433317, 1365.7807051790237, 1854.4174523689628, 1625.7864403665067, 1713.2804253360748, 1600.7805932450294, 1459.9551993674577, 1427.646798708558, 1898.8676711568476, 1912.5553831449984, 2413.2813957561493, 2190.243817472255, 2987.1395882330416, 3272.5481209364893, 3117.544301781344, 2646.7263358413575, 2541.377026579928, 2878.888673402989, 2905.071083546162, 2724.7571863146304, 5311.428973137665, 3874.619494015622, 3725.536740269518, 6214.431010653161, 8800.203027117848, 8373.944870246887, 8178.04593313694, 10554.71803384173, 11289.815695497393, 13342.649089107514, 15748.406518105316, 11949.97931495533, 13048.411624853848, 11639.197886961936, 11073.194514083481, 10725.14590834315, 10340.576386871719, 12104.202123576808, 11480.581146574974, 10751.059243763351, 10449.150198754764, 12273.767314856195]
shares:[0, 111.1111, 213.2561, 326.8925, 436.3017, 535.3116, 635.3116, 735.3116, 839.4783, 932.9362, 1029.09, 1110.3908, 1173.6819, 1250.605, 1328.1244, 1416.62, 1520.7867, 1635.3342, 1726.2433, 1821.4814, 1900.2216, 1991.1307, 2060.0962, 2125.0313, 2195.4538, 2281.6607, 2375.1186, 2460.5887, 2548.308, 2645.3954, 2696.1568, 2767.5854, 2843.9213, 2890.4329, 2923.6555, 2958.9912, 2995.6212, 3024.2745, 3051.3015, 3074.343, 3093.9894, 3120.0991, 3144.1955, 3171.4435, 3200.3452, 3230.4657, 3262.0114, 3289.1853, 3318.087, 3349.2396, 3381.6021, 3409.3799]
growth_rate:140.66
