ticker:VABK
price:[25.0, 25.0, 24.360000610351562, 24.0, 24.75, 24.0, 23.520000457763672, 23.5, 23.350000381469727, 24.239999771118164, 23.850000381469727, 25.200000762939453, 27.5, 27.950000762939453, 27.5, 27.25, 26.75, 27.149999618530273, 28.5, 29.25, 28.5, 29.100000381469727, 29.299999237060547, 29.399999618530273, 29.5, 31.989999771118164, 31.190000534057617, 30.43000030517578, 31.979999542236328, 32.0, 38.7400016784668, 33.9900016784668, 32.599998474121094, 33.349998474121094, 33.0, 32.45000076293945, 31.200000762939453, 32.0, 32.439998626708984, 33.0, 33.40999984741211, 36.91999816894531, 38.29999923706055, 38.900001525878906, 38.54999923706055, 38.5099983215332, 38.04999923706055, 37.72999954223633, 38.33000183105469, 37.2599983215332, 38.189998626708984, 37.25]
assets:[0, 100.0, 197.44024094696044, 294.52320000000003, 403.72695000000004, 491.4936, 581.6637233207703, 681.1686500000001, 776.8218226909637, 906.4305514411926, 991.8475808641434, 1147.9910747558592, 1352.769, 1474.904770259857, 1551.1595, 1637.0573749999999, 1707.01915, 1832.543524251938, 2023.6653, 2176.91955, 2221.1019, 2367.8612110401154, 2484.1359753158567, 2592.6154463603975, 2701.433, 3029.4529783248904, 3053.6944302875518, 3079.2847628814698, 3336.1343642463685, 3438.2208, 4262.395802674484, 3839.7723126125334, 3782.747342944336, 3969.773713368988, 4028.1119999999996, 4060.978060478592, 4004.545057923889, 4207.2256, 4365.074311212158, 4540.4271, 4696.83791654892, 5290.281305627442, 5588.023508686066, 5775.564916550446, 5823.598039745712, 5917.554170082092, 5946.868625759506, 5996.855176242448, 6192.219461807251, 6119.358564338684, 6372.09674586296, 6315.256975]
shares:[0, 4.0, 8.1051, 12.2718, 16.3122, 20.4789, 24.7306, 28.9859, 33.2686, 37.394, 41.5869, 45.5552, 49.1916, 52.7694, 56.4058, 60.0755, 63.8138, 67.497, 71.0058, 74.4246, 77.9334, 81.3698, 84.7828, 88.1842, 91.574, 94.7, 97.9062, 101.1924, 104.3194, 107.4444, 110.0257, 112.9677, 116.0352, 119.0337, 122.064, 125.1457, 128.3508, 131.4758, 134.5584, 137.5887, 140.5818, 143.2904, 145.9014, 148.4721, 151.0661, 153.6628, 156.2909, 158.9413, 161.5502, 164.234, 166.8525, 169.5371]
growth_rate:23.83
