ticker:VALU
price:[26.299999237060547, 24.68000030517578, 25.1299991607666, 23.760000228881836, 24.8799991607666, 26.979999542236328, 26.850000381469727, 28.399999618530273, 27.299999237060547, 28.989999771118164, 28.65999984741211, 28.100000381469727, 27.399999618530273, 28.299999237060547, 31.56999969482422, 30.469999313354492, 29.649999618530273, 32.970001220703125, 30.020000457763672, 30.520000457763672, 30.649999618530273, 30.799999237060547, 30.75, 30.600000381469727, 30.489999771118164, 28.860000610351562, 30.200000762939453, 31.829999923706055, 29.6200008392334, 28.100000381469727, 28.059999465942383, 31.600000381469727, 30.56999969482422, 30.299999237060547, 30.540000915527344, 28.739999771118164, 31.0, 31.350000381469727, 30.899999618530273, 30.18000030517578, 33.099998474121094, 30.040000915527344, 31.229999542236328, 30.75, 30.6299991607666, 31.670000076293945, 33.099998474121094, 32.0, 32.099998474121094, 31.540000915527344, 35.61000061035156, 37.95000076293945]
assets:[0, 100.00089323654174, 201.82404925994874, 290.8224028015137, 404.5313703546524, 538.6745768604278, 636.079194037056, 772.798069619751, 842.8656364448547, 995.0440551439286, 1083.7177082302094, 1162.541975782013, 1233.580862825775, 1374.1008029556274, 1632.8761522155762, 1675.9809832315445, 1730.8780277309418, 2024.691071963501, 1943.5308536361697, 2075.9002351360323, 2184.7411678087233, 2295.434623140335, 2391.707325, 2480.041290917015, 2571.1271616991044, 2533.674287583923, 2751.316709506226, 2999.8151598096847, 2891.5341019268035, 2843.1496085969925, 2939.1025540609357, 3409.8960011636736, 3398.7511670707704, 3468.7317926589967, 3596.207267807007, 3484.250762251854, 3858.2383, 4001.7993336942673, 4044.3557200712203, 4050.119824954224, 4541.978480619049, 4222.086080676269, 4489.337418196106, 4520.3361, 4602.696461890411, 4858.976095705413, 5178.372291281891, 5106.2816, 5222.239611759948, 5231.136239846802, 6006.17499694519, 6500.850310691833]
shares:[0, 4.0519, 8.0312, 12.24, 16.2593, 19.9657, 23.6901, 27.2112, 30.8742, 34.3237, 37.8129, 41.3716, 45.0212, 48.5548, 51.7224, 55.0043, 58.377, 61.4101, 64.7412, 68.0177, 71.2803, 74.5271, 77.7791, 81.0471, 84.3269, 87.7919, 91.1032, 94.2449, 97.621, 101.1797, 104.7435, 107.9081, 111.1793, 114.4796, 117.754, 121.2335, 124.4593, 127.6491, 130.8853, 134.1988, 137.2199, 140.5488, 143.7508, 147.0028, 150.2676, 153.4252, 156.4463, 159.5713, 162.6866, 165.8572, 168.6654, 171.3004]
growth_rate:27.47
