ticker:VAQC
price:[10.0, 9.970000267028809, 9.970999717712402, 9.979999542236328, 9.949999809265137, 9.949999809265137, 9.949999809265137, 9.970000267028809, 10.0, 9.949999809265137, 9.930000305175781, 9.90999984741211, 9.859999656677246, 9.960000038146973, 10.0, 9.899999618530273, 9.899999618530273, 9.859999656677246, 9.890000343322754, 9.82800006866455, 9.729999542236328, 9.699999809265137, 9.710000038146973, 9.699999809265137, 9.699999809265137, 9.770000457763672]
assets:[0, 100.00009967832564, 200.01027753753664, 300.190402230835, 399.2885173459053, 499.2890004289627, 599.2894835120201, 700.4942127614975, 802.602, 898.5894577746392, 996.7833606338501, 1094.7755211433412, 1189.252026590538, 1301.3138449840546, 1406.54, 1492.4744424915314, 1592.4743386383057, 1686.0402212924957, 1791.1700501789092, 1879.9411307344437, 1961.195248732376, 2055.148659588814, 2157.2677954751016, 2255.0462556581497, 2355.046463691807, 2472.041664825058]
shares:[0, 10.0301, 20.0592, 30.0792, 40.1295, 50.1798, 60.2301, 70.2602, 80.2602, 90.3105, 100.381, 110.4718, 120.6138, 130.654, 140.654, 150.755, 160.856, 170.998, 181.1092, 191.2842, 201.5617, 211.871, 222.1697, 232.479, 242.7883, 253.0237]
growth_rate:-1.12
