ticker:VBFC
price:[30.0, 30.0, 30.0, 30.0, 29.5, 30.81999969482422, 31.219999313354492, 30.959999084472656, 30.1200008392334, 30.0, 30.649999618530273, 31.5, 30.860000610351562, 33.0, 32.40999984741211, 35.709999084472656, 35.849998474121094, 34.38999938964844, 33.279998779296875, 33.54999923706055, 33.849998474121094, 35.95000076293945, 36.5099983215332, 37.5, 37.959999084472656, 38.0, 38.900001525878906, 40.650001525878906, 39.369998931884766, 40.650001525878906, 40.0, 40.0, 43.5099983215332, 43.04999923706055, 45.16999816894531, 45.20000076293945, 45.959999084472656, 47.20000076293945, 47.5099983215332, 47.04999923706055, 46.400001525878906, 48.95000076293945, 51.939998626708984, 48.0, 47.0, 46.630001068115234, 46.54999923706055, 46.56999969482422, 46.959999084472656, 47.810001373291016, 47.0, 47.0099983215332]
assets:[0, 99.999, 199.998, 299.997, 394.99615, 512.6691209236145, 619.3236143787384, 714.1666828811645, 794.7915221452713, 891.624, 1010.9411974178315, 1138.977, 1215.8346480468751, 1400.1471, 1475.1152150550843, 1725.3107507667542, 1832.074737021637, 1857.4623300338744, 1897.5090503997803, 2012.9026592258454, 2130.9014089439393, 2363.097805150223, 2499.9089540721893, 2667.6974999999998, 2800.423012458801, 2903.3748, 3072.1392905067446, 3310.3450692604065, 3306.107471304703, 3513.595076889801, 3557.412, 3657.412, 4078.3487786712644, 4135.232251714707, 4438.873788061524, 4541.822636662292, 4718.189162013245, 4945.48391993866, 5077.963640602112, 5128.798086833954, 5157.944809620666, 5541.409311368942, 5979.893593891907, 5626.2768, 5609.064600000001, 5664.906298761368, 5755.185880674362, 5857.658387614441, 6006.714530893707, 6215.438827531815, 6210.138199999999, 6311.458952652741]
shares:[0, 3.3333, 6.6666, 9.9999, 13.3897, 16.6343, 19.8374, 23.0674, 26.3875, 29.7208, 32.9834, 36.158, 39.3984, 42.4287, 45.5142, 48.3145, 51.1039, 54.0117, 57.0165, 59.9971, 62.9513, 65.7329, 68.4719, 71.1386, 73.773, 76.4046, 78.9753, 81.4353, 83.9753, 86.4353, 88.9353, 91.4353, 93.7336, 96.0565, 98.2704, 100.4828, 102.6586, 104.7772, 106.882, 109.0074, 111.1626, 113.2055, 115.1308, 117.2141, 119.3418, 121.4863, 123.6345, 125.7818, 127.9113, 130.0029, 132.1306, 134.2578]
growth_rate:23.75
