ticker:VBIV
price:[3.319999933242798, 3.119999885559082, 3.5799999237060547, 3.0799999237060547, 2.7200000286102295, 2.950000047683716, 2.880000114440918, 2.549999952316284, 2.3499999046325684, 2.369999885559082, 2.680000066757202, 2.75, 2.9000000953674316, 3.2100000381469727, 3.130000114440918, 3.240000009536743, 3.119999885559082, 2.75, 3.130000114440918, 3.2300000190734863, 3.0799999237060547, 3.259999990463257, 3.809999942779541, 3.890000104904175, 3.690000057220459, 3.369999885559082, 3.0899999141693115, 3.2300000190734863, 3.5299999713897705, 3.059999942779541, 3.119999885559082, 2.819999933242798, 2.7100000381469727, 2.930000066757202, 3.1500000953674316, 2.7799999713897705, 2.740000009536743, 3.2899999618530273, 3.2300000190734863, 2.930000066757202, 2.9800000190734863, 2.9800000190734863, 3.0799999237060547, 2.890000104904175, 2.930000066757202, 3.5799999237060547, 3.609999895095825]
assets:[0, 100.0000523320198, 214.74378942356108, 284.7515369464874, 351.46888369691374, 481.18866777791976, 569.7705826406478, 604.4843736964464, 657.0738383347035, 762.6659631729126, 962.4239359734058, 1087.5617499999998, 1246.8834610041617, 1480.1708215900421, 1543.281925426388, 1697.5186249965432, 1734.6475523735048, 1628.9361000000001, 1954.0255804442406, 2116.4546054978846, 2118.167075531387, 2341.955957148886, 2837.0711183914664, 2996.642130812407, 2942.573202630186, 2787.390598343754, 2655.7974522301197, 2876.125092983818, 3243.2573677137852, 2911.435415557623, 3068.522383447266, 2873.4722079769613, 2861.3866022779466, 3193.6763397648097, 3533.474491977263, 3218.431264877677, 3272.123081388831, 4028.9359272851943, 4055.4601159479143, 3778.792079096103, 3943.2763832389355, 4043.2762438789846, 4278.956422006989, 4114.995142370296, 4271.950059332228, 5319.6521986320495, 5464.230133213138]
shares:[0, 32.0513, 59.9843, 92.4518, 129.2165, 163.1148, 197.837, 237.0527, 279.6059, 321.8, 359.1134, 395.477, 429.9598, 461.1124, 493.0613, 523.9255, 555.9768, 592.3404, 624.2893, 655.2491, 687.7166, 718.3914, 744.6381, 770.345, 797.4453, 827.1189, 859.4814, 890.4412, 918.7698, 951.4495, 983.5008, 1018.9618, 1055.8622, 1089.9919, 1121.7379, 1157.7091, 1194.2055, 1224.6006, 1255.5604, 1289.6901, 1323.2471, 1356.8041, 1389.2716, 1423.8737, 1458.0034, 1485.9364, 1513.6372]
growth_rate:18.79
