ticker:VBLT
price:[1.1699999570846558, 1.350000023841858, 1.309999942779541, 1.1399999856948853, 1.149999976158142, 1.2200000286102295, 1.2100000381469727, 1.159999966621399, 1.159999966621399, 1.159999966621399, 1.1799999475479126, 1.1920000314712524, 1.2699999809265137, 1.4800000190734863, 1.75, 1.9299999475479126, 1.9199999570846558, 1.8899999856948853, 2.450000047683716, 2.5, 2.690000057220459, 2.490000009536743, 2.390000104904175, 2.549999952316284, 2.549999952316284, 1.809999942779541, 1.809999942779541, 2.049999952316284, 2.059999942779541, 2.0299999713897705, 2.0, 1.7300000190734863, 1.690000057220459, 1.9199999570846558, 2.259999990463257, 2.059999942779541, 1.9800000190734863, 2.25, 2.359999895095825, 2.4200000762939453, 2.5899999141693115, 2.2300000190734863, 2.359999895095825, 2.240000009536743, 2.319999933242798, 2.549999952316284, 2.259999990463257, 2.180000066757202, 2.180000066757202, 2.25, 1.9800000190734863, 2.0899999141693115]
assets:[0, 100.00003676606417, 197.03709139347075, 271.46739859353306, 373.8486622493506, 496.60467164587976, 592.534114680481, 668.0492007771135, 768.0492018996478, 868.049203022182, 983.015594304049, 1093.0124152577757, 1264.5350440085888, 1573.631480280161, 1960.71295, 2262.386275514567, 2350.664011458564, 2413.9350087293033, 3229.175032848597, 3395.0765, 3753.102336834288, 3574.061104688716, 3530.5246459651707, 3866.877557691336, 3966.8775908213856, 2915.705196824312, 3015.705159662962, 3515.577718226433, 3632.726881094027, 3679.823172137642, 3725.4416, 3322.5070756310943, 3345.686184279108, 3901.015976805496, 4691.821000201464, 4376.61552043109, 4306.650125486279, 4993.92045, 5338.0674787179705, 5573.78144372139, 6065.327584999514, 5322.2705775220875, 5732.5372131834265, 5541.052631590891, 5838.947063986302, 6517.808293120264, 5876.567461202073, 5768.5476626477475, 5868.547753710007, 6156.987075, 5518.1487771567345, 5924.712319687963]
shares:[0, 74.0741, 150.41, 238.1293, 325.0858, 407.053, 489.6976, 575.9045, 662.1114, 748.3183, 833.0641, 916.9567, 995.6969, 1063.2645, 1120.4074, 1172.2209, 1224.3042, 1277.2143, 1318.0306, 1358.0306, 1395.2053, 1435.3659, 1477.2069, 1516.4226, 1555.6383, 1610.8869, 1666.1355, 1714.916, 1763.4597, 1812.7208, 1862.7208, 1920.5243, 1979.6959, 2031.7792, 2076.027, 2124.5707, 2175.0758, 2219.5202, 2261.8931, 2303.2154, 2341.8254, 2386.6684, 2429.0413, 2473.6842, 2516.7876, 2556.0033, 2600.2511, 2646.1227, 2691.9943, 2736.4387, 2786.9438, 2834.7907]
growth_rate:16.17
