ticker:VBTX
price:[18.309999465942383, 18.0, 16.959999084472656, 16.190000534057617, 18.0, 19.8700008392334, 20.25, 21.290000915527344, 19.729999542236328, 19.950000762939453, 22.260000228881836, 21.93000030517578, 22.469999313354492, 23.09000015258789, 23.75, 25.719999313354492, 25.149999618530273, 25.65999984741211, 27.56999969482422, 28.75, 28.3799991607666, 25.559999465942383, 28.139999389648438, 28.399999618530273, 29.059999465942383, 29.079999923706055, 30.739999771118164, 33.0099983215332, 33.439998626708984, 33.400001525878906, 32.84000015258789, 34.279998779296875, 34.150001525878906, 33.939998626708984, 33.779998779296875, 35.7599983215332, 35.2599983215332, 35.970001220703125, 35.130001068115234, 35.970001220703125, 36.220001220703125, 35.13999938964844, 37.88999938964844, 35.209999084472656, 34.04999923706055, 32.599998474121094, 32.119998931884766, 33.54999923706055, 34.59000015258789, 34.52000045776367, 34.939998626708984, 36.2400016784668]
assets:[0, 100.0008, 194.22251751556396, 285.4054244146347, 417.3138, 560.6678396804809, 671.390775, 805.8712436546326, 846.8214453525543, 956.2633865699768, 1166.9894159992218, 1249.689839390564, 1380.4623838153839, 1518.553113035202, 1661.9585, 1899.8128932807922, 1957.7086653059007, 2097.40733152771, 2353.5268089485166, 2554.25925, 2621.386734482193, 2460.911636581039, 2809.314629066467, 2935.270600573349, 3103.4858909648897, 3205.6221595897673, 3488.611872024727, 3846.2292754299165, 3996.330635881424, 4091.5502869224547, 4122.9503631568905, 4403.738907183838, 4487.040415488434, 4559.448505514145, 4637.953296398926, 5009.804116854859, 5039.757398094558, 5241.239235870361, 5218.842698677063, 5443.631641738892, 5581.465968109131, 5515.040176208496, 6046.637662597656, 5718.952412296296, 5630.541923839569, 5490.7688429985055, 5509.92243277359, 5855.226386849976, 6136.729533071137, 6224.311638539505, 6400.039910451126, 6738.165120080185]
shares:[0, 5.5556, 11.4518, 17.6285, 23.1841, 28.2168, 33.1551, 37.8521, 42.9205, 47.933, 52.4254, 56.9854, 61.4358, 65.7667, 69.9772, 73.8652, 77.8413, 81.7384, 85.3655, 88.8438, 92.3674, 96.2798, 99.8335, 103.3546, 106.7958, 110.2346, 113.4877, 116.5171, 119.5075, 122.5015, 125.5466, 128.4638, 131.3921, 134.3385, 137.2988, 140.0952, 142.9313, 145.7114, 148.558, 151.3381, 154.099, 156.9448, 159.584, 162.4241, 165.361, 168.4285, 171.5418, 174.5224, 177.4134, 180.3103, 183.1723, 185.9317]
growth_rate:32.12
