ticker:VC
price:[75.33999633789062, 75.05000305175781, 73.8499984741211, 64.5999984741211, 70.55999755859375, 82.6500015258789, 85.38999938964844, 89.3499984741211, 89.6500015258789, 96.5, 105.18000030517578, 114.91000366210938, 121.47000122070312, 128.6199951171875, 124.3499984741211, 125.5999984741211, 125.88999938964844, 125.5199966430664, 139.7899932861328, 141.11000061035156, 140.07000732421875, 127.4800033569336, 139.5, 140.1699981689453, 121.87999725341797, 127.16999816894531, 122.16000366210938, 128.27999877929688, 132.13999938964844, 120.66000366210938, 125.66999816894531, 118.20999908447266, 120.19999694824219, 117.94999694824219, 121.80999755859375, 127.11000061035156, 116.7699966430664, 112.69999694824219, 122.45999908447266, 131.38999938964844, 127.05999755859375, 114.20999908447266, 121.29000091552734, 124.0, 113.08999633789062, 106.0, 108.66000366210938, 114.05000305175781, 117.62000274658203, 113.27999877929688, 106.88999938964844, 109.7699966430664]
assets:[0, 99.99662406616211, 198.39802090072632, 273.54869353866576, 398.7839382019043, 567.1112504699707, 685.912248097229, 817.7222510353088, 920.4634606666565, 1090.7974, 1288.9177957397462, 1508.1478340637207, 1694.239283026123, 1893.968014099121, 1931.0933013038637, 2050.507895088959, 2155.2367895507814, 2248.9041238548275, 2604.5811339065554, 2729.180299804688, 2809.06197588501, 2656.5685379554748, 3007.0480500000003, 3121.487740223694, 2814.1847605819703, 3036.323593281555, 3016.7046424346927, 3267.8303449035643, 3466.1643239898685, 3265.035567095947, 3500.600633995056, 3392.8042887229917, 3549.914589871216, 3583.4624472839355, 3800.7399058227543, 4066.109098524475, 3835.345570740509, 3801.6639170562744, 4230.895000369263, 4639.420295448303, 4586.522849871826, 4222.674875150299, 4584.446680604554, 4786.8836, 4465.720393389893, 4285.7496, 4493.297605435181, 4816.183363871765, 5066.9403363197325, 4979.981322335815, 4799.061680596924, 5028.3659602249145]
shares:[0, 1.3324, 2.6865, 4.2345, 5.6517, 6.8616, 8.0327, 9.1519, 10.2673, 11.3036, 12.2544, 13.1246, 13.9478, 14.7253, 15.5295, 16.3257, 17.12, 17.9167, 18.6321, 19.3408, 20.0547, 20.8391, 21.5559, 22.2693, 23.0898, 23.8761, 24.6947, 25.4742, 26.231, 27.0598, 27.8555, 28.7015, 29.5334, 30.3812, 31.2022, 31.9889, 32.8453, 33.7326, 34.5492, 35.3103, 36.0973, 36.9729, 37.7974, 38.6039, 39.4882, 40.4316, 41.3519, 42.2287, 43.0789, 43.9617, 44.8972, 45.8082]
growth_rate:-1.4
