ticker:VCEL
price:[15.890000343322754, 17.15999984741211, 19.1200008392334, 18.280000686645508, 19.459999084472656, 21.81999969482422, 20.68000030517578, 20.75, 18.530000686645508, 22.479999542236328, 25.790000915527344, 23.68000030517578, 25.200000762939453, 25.1299991607666, 26.43000030517578, 26.809999465942383, 29.0, 30.8799991607666, 36.16999816894531, 39.0099983215332, 41.22999954223633, 41.27000045776367, 47.18000030517578, 50.68000030517578, 51.400001525878906, 48.279998779296875, 42.5099983215332, 46.68000030517578, 59.47999954223633, 51.63999938964844, 53.20000076293945, 57.77000045776367, 58.619998931884766, 59.59000015258789, 62.41999816894531, 52.650001525878906, 50.77000045776367, 52.72999954223633, 56.5, 55.70000076293945, 57.58000183105469, 61.349998474121094, 67.4000015258789, 51.77000045776367, 53.060001373291016, 50.689998626708984, 53.2400016784668, 52.939998626708984, 49.209999084472656, 47.06999969482422, 50.20000076293945, 55.61000061035156]
assets:[0, 99.99989911079406, 211.42132127990723, 302.1336793489456, 421.63590816345214, 572.7706279891968, 642.8460814865113, 745.022525, 765.3149703594208, 1028.4554830574036, 1279.88811243515, 1275.1751204338073, 1457.0287641120913, 1552.9811751371383, 1733.3190650138856, 1858.2412779836654, 2110.0342, 2346.821264219856, 2848.850331781006, 3172.5349254966736, 3453.0784296615598, 3556.429908447647, 4165.720382945252, 4574.751859547424, 4739.74320070572, 4552.041060906982, 4108.021703798676, 4610.994414144898, 5975.3607540130615, 5287.755197502136, 5547.4939195564275, 6124.035992526245, 6314.141806949997, 6518.621624691772, 6928.2015827651985, 5943.795562260437, 5831.559023579788, 6156.691470552063, 6696.87155, 6702.046891799927, 7028.255329499817, 7588.424256262971, 8436.754751000977, 6580.277678184509, 6844.24671914177, 6638.539635149003, 7072.497654970551, 7132.643072975541, 6730.097262789917, 6537.42516861496, 7072.140967482376, 7934.295862083435]
shares:[0, 5.8275, 11.0576, 16.5281, 21.6668, 26.2498, 31.0854, 35.9047, 41.3014, 45.7498, 49.6273, 53.8503, 57.8186, 61.7979, 65.5815, 69.3115, 72.7598, 75.9981, 78.7628, 81.3262, 83.7516, 86.1747, 88.2942, 90.2674, 92.2129, 94.2842, 96.6366, 98.7788, 100.46, 102.3965, 104.2762, 106.0072, 107.7131, 109.3912, 110.9933, 112.8926, 114.8623, 116.7588, 118.5287, 120.324, 122.0607, 123.6907, 125.1744, 127.106, 128.9907, 130.9635, 132.8418, 134.7307, 136.7628, 138.8873, 140.8793, 142.6775]
growth_rate:55.57
