ticker:VCIT
price:[96.0, 96.12000274658203, 96.29000091552734, 95.55999755859375, 95.86000061035156, 95.94000244140625, 96.05000305175781, 95.81999969482422, 95.45999908447266, 96.25, 96.18000030517578, 96.69999694824219, 97.0, 96.69000244140625, 96.7699966430664, 96.94000244140625, 96.87999725341797, 97.13999938964844, 96.2699966430664, 96.44000244140625, 96.31999969482422, 96.29000091552734, 96.18000030517578, 96.16999816894531, 95.38999938964844, 94.58000183105469, 93.4000015258789, 92.93000030517578, 92.62000274658203, 93.0, 93.13999938964844, 93.44000244140625, 93.62999725341797, 93.98999786376953, 93.81999969482422, 94.13999938964844, 93.97000122070312, 93.98999786376953, 94.19000244140625, 94.31999969482422, 95.02999877929688, 94.9000015258789, 94.69000244140625, 95.05999755859375, 95.36000061035156, 95.48999786376953, 95.83000183105469, 96.08999633789062, 95.43000030517578, 95.5199966430664, 95.5199966430664, 95.5199966430664]
assets:[0, 100.00325085754395, 200.17728290328978, 298.6632163696289, 399.60199854431147, 499.93375872192377, 600.5046190795898, 699.0643897735596, 796.4418643615722, 903.0367499999999, 1002.3783451805116, 1107.7951650390623, 1211.2293, 1307.355192010498, 1408.4389161415102, 1510.916572052002, 1609.980858356476, 1714.2975672286989, 1798.939665270996, 1902.1151001525877, 1999.747673664093, 2099.1220199584964, 2196.722352970123, 2296.49147127533, 2377.8628267852782, 2457.670805580139, 2527.0117612838744, 2614.2974755851747, 2705.578472232056, 2816.6817, 2920.926264859009, 3030.3340311767574, 3136.4925519927983, 3248.548099166107, 3342.675241127014, 3454.0718896057133, 3547.8373960876465, 3648.588328073883, 3756.353811364746, 3861.5362435058596, 3990.6042417388912, 4085.1413856842037, 4176.103708673096, 4292.424683758545, 4405.97532420044, 4511.978791061401, 4628.042857429505, 4740.5999693298345, 4808.040162375641, 4912.574323353577, 5012.574207839203, 5112.5740923248295]
shares:[0, 1.0404, 2.0789, 3.1254, 4.1686, 5.2109, 6.252, 7.2956, 8.3432, 9.3822, 10.4219, 11.456, 12.4869, 13.5211, 14.5545, 15.5861, 16.6183, 17.6477, 18.6864, 19.7233, 20.7615, 21.8, 22.8397, 23.8795, 24.9278, 25.9851, 27.0558, 28.1319, 29.2116, 30.2869, 31.3606, 32.4308, 33.4988, 34.5627, 35.6286, 36.6908, 37.755, 38.8189, 39.8806, 40.9408, 41.9931, 43.0468, 44.1029, 45.1549, 46.2036, 47.2508, 48.2943, 49.335, 50.3829, 51.4298, 52.4767, 53.5236]
growth_rate:0.25
