ticker:VCKAU
price:[10.25, 10.329999923706055, 10.34000015258789, 10.220000267028809, 10.420000076293945, 10.4399995803833, 10.520000457763672, 10.199999809265137, 10.039999961853027, 10.170000076293945, 10.079999923706055, 10.039999961853027, 10.079999923706055, 10.140000343322754, 10.170000076293945, 10.149999618530273, 10.149999618530273, 10.199999809265137, 10.149999618530273, 10.180000305175781, 10.100000381469727, 10.170000076293945, 10.180000305175781, 10.180000305175781, 10.170000076293945, 10.1899995803833, 10.220000267028809, 10.210000038146973, 10.25, 10.225000381469727, 10.25, 10.239999771118164, 10.210000038146973, 10.194999694824219, 10.229999542236328]
assets:[0, 99.99956426143646, 200.0965809528351, 297.77401578025814, 403.6009889551163, 504.3751717275619, 608.2401264667511, 689.7382671022415, 778.9192610404967, 889.0044546691895, 981.1367925739288, 1077.243803907013, 1181.5352550571442, 1288.5679216286658, 1392.3797954454424, 1489.641349014473, 1589.6411752561569, 1697.471728258133, 1789.1505827579497, 1894.4390127914428, 1979.5515947662354, 2093.27077570343, 2195.3292818115233, 2295.329460809326, 2393.0742419525145, 2497.779830143261, 2605.1332560670853, 2702.5839470974925, 2813.17195, 2906.3111634273528, 3013.416975, 3110.4767304754255, 3201.363889961052, 3296.660198818207, 3407.9780585025787]
shares:[0, 9.6805, 19.3517, 29.1364, 38.7333, 48.3118, 57.8175, 67.6214, 77.5816, 87.4144, 97.335, 107.2952, 117.2158, 127.0777, 136.9105, 146.7627, 156.6149, 166.4188, 176.271, 186.0942, 195.9952, 205.828, 215.6512, 225.4744, 235.3072, 245.1207, 254.9054, 264.6997, 274.4558, 284.2358, 293.9919, 303.7575, 313.5518, 323.3605, 333.1357]
growth_rate:0.23
