ticker:VCKA
price:[9.850000381469727, 9.920000076293945, 9.899999618530273, 9.90999984741211, 9.890000343322754, 9.90999984741211, 9.9399995803833, 9.920000076293945, 9.9399995803833, 9.9399995803833, 9.9399995803833, 9.920000076293945, 9.899999618530273, 9.899999618530273, 9.960000038146973, 9.920000076293945, 9.930000305175781, 9.920000076293945, 9.930000305175781, 9.920000076293945, 9.949999809265137, 9.960000038146973, 9.944999694824219, 9.930000305175781, 9.960000038146973, 9.960000038146973, 9.9399995803833]
assets:[0, 99.99955276908875, 199.79783230133057, 299.99947938079833, 399.39381786460876, 500.2012962982178, 601.715886598587, 700.5047733875274, 801.917418147087, 901.9177899255752, 1001.9181617040634, 1099.9018324592591, 1197.6841338504792, 1297.6840299972532, 1405.549229383278, 1499.9040115356445, 1601.4161142158507, 1699.8029250730515, 1801.5165433654786, 1899.7018386104583, 2005.4473365569115, 2107.4633000716212, 2204.2892923583986, 2300.964775714874, 2407.9166612223626, 2507.9170536053657, 2602.8813321194652]
shares:[0, 10.0806, 20.1816, 30.2724, 40.3836, 50.4744, 60.5348, 70.6154, 80.6758, 90.7362, 100.7966, 110.8772, 120.9782, 131.0792, 141.1194, 151.2, 161.2705, 171.3511, 181.4216, 191.5022, 201.5525, 211.5927, 221.648, 231.7185, 241.7587, 251.7989, 261.8593]
growth_rate:0.11
