ticker:VCLT
price:[107.25, 107.87999725341797, 108.2699966430664, 106.76000213623047, 107.05000305175781, 106.95999908447266, 107.5999984741211, 106.5199966430664, 105.68000030517578, 108.6500015258789, 108.19999694824219, 110.93000030517578, 111.01000213623047, 109.63999938964844, 110.33999633789062, 110.22000122070312, 110.80000305175781, 111.06999969482422, 108.01000213623047, 108.5, 108.01000213623047, 107.94999694824219, 106.5, 106.33999633789062, 104.55000305175781, 104.05999755859375, 100.81999969482422, 99.52999877929688, 99.33000183105469, 100.73999786376953, 102.25, 102.36000061035156, 102.69999694824219, 103.33999633789062, 102.62999725341797, 103.13999938964844, 102.12999725341797, 102.37000274658203, 103.08999633789062, 103.66000366210938, 105.58000183105469, 107.1500015258789, 105.86000061035156, 107.01000213623047, 107.55000305175781, 107.88999938964844, 108.68000030517578, 109.01000213623047, 107.5, 108.05000305175781, 108.56999969482422, 108.55999755859375]
assets:[0, 100.00475745391846, 200.3644557876587, 297.5721539543152, 398.37588135681153, 498.03784373703, 601.0213114768982, 694.9897180976867, 789.5141462799072, 911.703892803955, 1007.9262515716553, 1133.3607201179505, 1234.1759007499693, 1318.9472646575928, 1427.3692266265869, 1525.8195648986816, 1633.8457650009157, 1737.8234292251586, 1789.9417554016113, 1898.06645, 1989.490234348297, 2088.3898459609986, 2160.3418500000002, 2257.0983242706297, 2319.107257693481, 2408.2397114990235, 2433.260446634674, 2502.1244513122556, 2597.092160874939, 2733.9626540252684, 2874.9428000000003, 2978.0311497573853, 3087.921888241577, 3207.167120346069, 3285.134897083283, 3401.4643538711553, 3468.150872731018, 3576.2960459518436, 3701.446318511963, 3821.913237020874, 3992.697813244629, 4152.073274127961, 4202.080966227722, 4347.730778793335, 4469.670576828003, 4583.803725068665, 4717.36409324646, 4831.683027684784, 4864.75125, 4989.641090927124, 5113.65784262619, 5213.181354760743]
shares:[0, 0.927, 1.8506, 2.7873, 3.7214, 4.6563, 5.5857, 6.5245, 7.4708, 8.3912, 9.3154, 10.2169, 11.1177, 12.0298, 12.9361, 13.8434, 14.7459, 15.6462, 16.572, 17.4937, 18.4195, 19.3459, 20.2849, 21.2253, 22.1818, 23.1428, 24.1347, 25.1394, 26.1461, 27.1388, 28.1168, 29.0937, 30.0674, 31.0351, 32.0095, 32.9791, 33.9582, 34.935, 35.905, 36.8697, 37.8168, 38.7501, 39.6947, 40.6292, 41.559, 42.4859, 43.406, 44.3233, 45.2535, 46.179, 47.1001, 48.0212]
growth_rate:2.22
