ticker:VCSH
price:[82.87000274658203, 82.95999908447266, 82.94999694824219, 82.72000122070312, 82.79000091552734, 82.87000274658203, 82.93000030517578, 82.91000366210938, 82.77999877929688, 82.83999633789062, 82.8499984741211, 82.95999908447266, 83.08999633789062, 82.98999786376953, 83.05999755859375, 83.16999816894531, 83.12000274658203, 83.25, 83.06999969482422, 83.11000061035156, 83.12999725341797, 83.11000061035156, 83.0999984741211, 83.12999725341797, 83.04000091552734, 82.76000213623047, 82.4800033569336, 82.30999755859375, 82.33000183105469, 82.45999908447266, 82.38999938964844, 82.52999877929688, 82.55999755859375, 82.69000244140625, 82.7300033569336, 82.73999786376953, 82.75, 82.80000305175781, 82.86000061035156, 82.77999877929688, 82.87999725341797, 82.58000183105469, 82.61000061035156, 82.61000061035156, 82.70999908447266, 82.66000366210938, 82.7699966430664, 82.87000274658203, 82.63999938964844, 82.58999633789062, 82.55999755859375, 82.6500015258789]
assets:[0, 99.99998289642335, 199.9841476425171, 299.4298604187012, 399.6852874198914, 500.0707445739746, 600.4297882095336, 700.2827639312745, 799.1829422149658, 899.7583362243652, 999.866921585083, 1101.1944358474732, 1202.918803982544, 1301.4740434989928, 1402.5677307739256, 1504.428828878784, 1603.5261569862364, 1706.033925, 1802.3448623786926, 1903.2107029769898, 2003.6656977996824, 2103.1816754455567, 2202.931099549866, 2303.7234228858947, 2401.226186473846, 2493.128512353516, 2584.692361196899, 2679.3632715270996, 2780.012472828674, 2884.4012919754027, 2981.949486909485, 3087.018098339844, 3188.1368657226562, 3293.1541542297364, 3394.751230748749, 3495.1609077598573, 3595.5868, 3697.7570562881474, 3800.440215994263, 3896.769106536865, 4001.479419393921, 4086.991644621277, 4188.475728945923, 4288.475134684753, 4393.662674365997, 4491.008924966431, 4596.987674558258, 4702.541175857544, 4789.492068626404, 4886.5940543243405, 4984.815788592529, 5090.24829397583]
shares:[0, 1.2054, 2.4109, 3.6198, 4.8277, 6.0344, 7.2402, 8.4463, 9.6543, 10.8614, 12.0684, 13.2738, 14.4773, 15.6823, 16.8862, 18.0886, 19.2917, 20.4929, 21.6967, 22.8999, 24.1028, 25.306, 26.5094, 27.7123, 28.9165, 30.1248, 31.3372, 32.5521, 33.7667, 34.9794, 36.1931, 37.4048, 38.616, 39.8253, 41.0341, 42.2427, 43.4512, 44.6589, 45.8658, 47.0738, 48.2804, 49.4913, 50.7018, 51.9123, 53.1213, 54.3311, 55.5393, 56.746, 57.9561, 59.1669, 60.3781, 61.588]
growth_rate:-0.19
