ticker:VCTR
price:[17.889999389648438, 16.56999969482422, 16.65999984741211, 16.3700008392334, 17.299999237060547, 18.520000457763672, 19.280000686645508, 19.899999618530273, 18.34000015258789, 19.15999984741211, 19.760000228881836, 18.389999389648438, 20.40999984741211, 22.43000030517578, 23.40999984741211, 23.170000076293945, 23.790000915527344, 24.809999465942383, 23.770000457763672, 24.43000030517578, 23.389999389648438, 21.219999313354492, 24.729999542236328, 25.1200008392334, 24.010000228881836, 23.75, 24.540000915527344, 26.100000381469727, 26.5, 26.049999237060547, 25.889999389648438, 29.040000915527344, 27.600000381469727, 28.75, 27.75, 29.75, 29.540000915527344, 29.760000228881836, 30.020000457763672, 30.0, 30.200000762939453, 30.1299991607666, 32.38999938964844, 33.11000061035156, 32.939998626708984, 32.58000183105469, 30.209999084472656, 30.489999771118164, 33.91999816894531, 35.02000045776367, 34.75, 35.040000915527344]
assets:[0, 99.99994815826416, 200.54308216323852, 297.0516722288132, 413.9267017456055, 543.1175334243775, 665.4048796979905, 786.8022049175262, 825.1239428649902, 962.0159283386231, 1092.1411406503678, 1116.4200829467773, 1339.0511059890748, 1571.5781583824157, 1740.2432046569822, 1822.4016010007856, 1971.1657268577574, 2155.678828597069, 2165.3163066997527, 2325.437983049011, 2326.4418482925416, 2210.6061604682923, 2676.263239461136, 2818.469118162155, 2793.926077633858, 2863.6704999999997, 3058.9258381210325, 3353.3802490119933, 3504.7733999999996, 3545.2590161682133, 3623.484055577087, 4164.347747286987, 4057.8514160850523, 4326.929625, 4276.427625, 4684.6373, 4751.568227264404, 4886.955109585189, 5029.649942695236, 5126.298, 5260.474712894822, 5348.282748030281, 5849.449266773987, 6079.476207069397, 6148.2606256748195, 6181.068173387146, 5831.433102275848, 5985.482708068275, 6758.824211148071, 7078.007858520126, 7123.437250000001, 7282.885486287689]
shares:[0, 6.035, 12.0374, 18.1461, 23.9264, 29.326, 34.5127, 39.5378, 44.9904, 50.2096, 55.2703, 60.708, 65.6076, 70.0659, 74.3376, 78.6535, 82.8569, 86.8875, 91.0945, 95.1878, 99.4631, 104.1756, 108.2193, 112.2002, 116.3651, 120.5756, 124.6506, 128.482, 132.2556, 136.0944, 139.9569, 143.4004, 147.0236, 150.5019, 154.1055, 157.4668, 160.852, 164.2122, 167.5433, 170.8766, 174.1879, 177.5069, 180.5943, 183.6145, 186.6503, 189.7197, 193.0299, 196.3097, 199.2578, 202.1133, 204.991, 207.8449]
growth_rate:42.8
