ticker:VCYT
price:[31.729999542236328, 30.610000610351562, 32.720001220703125, 30.760000228881836, 32.4900016784668, 41.459999084472656, 42.81999969482422, 37.34000015258789, 34.65999984741211, 42.959999084472656, 46.6349983215332, 51.439998626708984, 53.20000076293945, 57.619998931884766, 55.540000915527344, 47.93000030517578, 55.79999923706055, 48.939998626708984, 51.9900016784668, 50.790000915527344, 55.2400016784668, 56.70000076293945, 73.04000091552734, 75.7300033569336, 72.95999908447266, 58.060001373291016, 47.5099983215332, 52.47999954223633, 51.9900016784668, 48.33000183105469, 52.720001220703125, 52.56999969482422, 48.16999816894531, 49.45000076293945, 49.75, 44.349998474121094, 36.560001373291016, 37.7599983215332, 39.04999923706055, 32.939998626708984, 36.13999938964844, 37.470001220703125, 42.0, 39.5, 37.970001220703125, 38.130001068115234, 39.25, 44.560001373291016, 46.970001220703125, 40.54999923706055, 39.029998779296875, 47.720001220703125]
assets:[0, 99.99981099395752, 206.89183971862795, 294.4993181913376, 411.0635012359619, 624.5534262084961, 745.0423026901245, 749.6938530635834, 795.8871784961701, 1086.4755608459473, 1279.4171884517668, 1511.2402876544952, 1662.9469038482666, 1901.1084827587126, 1932.4810078552248, 1767.696755255127, 2157.9477904949185, 1992.6507720848083, 2216.8328755691527, 2265.6657558403017, 2564.1745899124144, 2731.94778676033, 3619.2489093658446, 3852.5443037742616, 3811.6273441703797, 3133.213780109787, 2663.8808548885345, 3042.5489654609682, 3114.138712538147, 2994.908720466614, 3366.9470619598387, 3457.365912929535, 3267.99236877594, 3454.8292483028413, 3575.7912, 3287.6653868865965, 2810.1918175582887, 3002.42962653923, 3205.001352382278, 2803.5265771190643, 3175.8783403640746, 3392.754983529663, 3902.9298000000003, 3770.61075, 3724.5609537414553, 3840.255431575012, 4053.0570500000003, 4701.383152891541, 5055.653657391357, 4464.631960998917, 4397.275782470703, 5476.328252087403]
shares:[0, 3.2669, 6.3231, 9.5741, 12.652, 15.064, 17.3994, 20.0775, 22.9627, 25.2904, 27.4347, 29.3787, 31.2584, 32.9939, 34.7944, 36.8808, 38.6729, 40.7162, 42.6396, 44.6085, 46.4188, 48.1825, 49.5516, 50.8721, 52.2427, 53.9651, 56.0699, 57.9754, 59.8988, 61.9679, 63.8647, 65.7669, 67.8429, 69.8651, 71.8752, 74.13, 76.8652, 79.5135, 82.0743, 85.1101, 87.8771, 90.5459, 92.9269, 95.4585, 98.0922, 100.7148, 103.2626, 105.5068, 107.6358, 110.1019, 112.664, 114.7596]
growth_rate:7.38
