ticker:VECO
price:[11.59000015258789, 10.680000305175781, 12.130000114440918, 11.520000457763672, 11.619999885559082, 12.670000076293945, 12.40999984741211, 12.960000038146973, 12.729999542236328, 15.010000228881836, 15.130000114440918, 16.040000915527344, 16.889999389648438, 17.670000076293945, 17.450000762939453, 18.610000610351562, 19.0, 17.360000610351562, 19.68000030517578, 19.93000030517578, 20.68000030517578, 18.459999084472656, 19.969999313354492, 22.1200008392334, 22.59000015258789, 21.5, 21.299999237060547, 22.360000610351562, 21.190000534057617, 21.149999618530273, 21.59000015258789, 21.280000686645508, 20.979999542236328, 22.600000381469727, 23.010000228881836, 22.670000076293945, 22.06999969482422, 22.6200008392334, 23.81999969482422, 24.3700008392334, 25.309999465942383, 23.18000030517578, 23.860000610351562, 23.280000686645508, 22.329999923706055, 21.059999465942383, 22.600000381469727, 23.200000762939453, 23.06999969482422, 21.65999984741211, 20.68000030517578, 22.81999969482422]
assets:[0, 100.0000468574524, 213.57655101499554, 302.83662003364566, 405.46595200672147, 542.1049582643509, 630.9802372417449, 758.9440822339058, 845.475649597168, 1096.9037987262725, 1205.6733971195222, 1378.1889586639404, 1551.2231469436645, 1722.8603474388121, 1801.4106937602996, 2021.1614482879638, 2163.5186, 2076.7734010162353, 2454.3144860588072, 2585.4930305900575, 2782.7897650657656, 2584.056515843201, 2895.428233444023, 3307.154689473534, 3477.4232994888303, 3409.6334, 3477.914995425415, 3750.9951943893434, 3654.7220331109997, 3747.8222324028015, 3925.791769745636, 3969.4223680820464, 4013.461324430084, 4423.366994662857, 4603.613046792411, 4635.588819600677, 4612.899190214539, 4827.856901120186, 5183.977499584198, 5403.674825087166, 5712.104946470833, 5331.395434190368, 5587.795016938781, 5551.963555755616, 5425.401732463264, 5216.835647706986, 5698.314376182938, 5949.5961156543735, 6016.256809415435, 5748.55312950325, 5588.461950469207, 6266.764420193482]
shares:[0, 9.3633, 17.6073, 26.2879, 34.8938, 42.7865, 50.8445, 58.5605, 66.416, 73.0782, 79.6876, 85.922, 91.8427, 97.502, 103.2327, 108.6062, 113.8694, 119.6298, 124.7111, 129.7287, 134.5643, 139.9814, 144.9889, 149.5097, 153.9364, 158.5876, 163.2824, 167.7547, 172.4739, 177.202, 181.8338, 186.533, 191.2994, 195.7242, 200.0701, 204.4812, 209.0122, 213.4331, 217.6313, 221.7347, 225.6857, 229.9998, 234.1909, 238.4864, 242.9647, 247.713, 252.1378, 256.4481, 260.7827, 265.3995, 270.2351, 274.6172]
growth_rate:22.88
