ticker:VECT
price:[24.229999542236328, 16.1200008392334, 16.1299991607666, 15.550000190734863, 13.5, 13.770000457763672, 14.880000114440918, 14.899999618530273, 16.190000534057617, 16.5, 16.0, 12.609999656677246, 11.119999885559082, 10.619999885559082, 10.800000190734863, 9.430000305175781, 9.239999771118164, 8.40999984741211, 7.769999980926514, 7.309999942779541, 6.699999809265137, 8.489999771118164]
assets:[0, 100.00042520618439, 200.06199259090425, 292.8687035923004, 354.2589, 461.34458733673097, 598.5331246032714, 699.3374420955658, 859.8849273649215, 976.34955, 1046.7632, 924.9800438162804, 915.6841745762824, 974.5113674986839, 1091.0289792682647, 1052.6303850654601, 1131.4213399738312, 1129.789287501526, 1143.8123731922149, 1176.0963877938748, 1177.9544364661217, 1592.6619800634385]
shares:[0, 6.2035, 12.4031, 18.834, 26.2414, 33.5036, 40.224, 46.9354, 53.1121, 59.1727, 65.4227, 73.3529, 82.3457, 91.7619, 101.0212, 111.6257, 122.4482, 134.3388, 147.2088, 160.8887, 175.8141, 187.5927]
growth_rate:-24.16
