ticker:VELOU
price:[10.199999809265137, 10.079999923706055, 10.0600004196167, 9.949999809265137, 9.90999984741211, 10.0, 10.050000190734863, 10.050000190734863, 10.0, 9.949999809265137, 9.979999542236328, 9.975000381469727, 9.9399995803833, 9.949999809265137, 9.930000305175781, 9.949999809265137, 9.949999809265137, 9.930000305175781, 9.949999809265137, 9.970000267028809, 10.0600004196167, 10.064000129699707, 10.130000114440918, 10.119999885559082, 10.097999572753906, 10.069999694824219, 10.116999626159668, 10.010000228881836]
assets:[0, 99.99964724311829, 199.80166833400727, 297.6174292948723, 396.42080489616393, 500.02099999999996, 602.5206264349938, 702.5201383328438, 799.0250000000001, 895.0303428428649, 997.7284982360841, 1097.2290944608687, 1193.3794516215326, 1294.5805451837539, 1391.9785057792665, 1494.7825013460158, 1594.7829844290732, 1691.5775379867555, 1794.9849405913353, 1898.5931328504562, 2015.7323440790178, 2116.5337008768083, 2230.4143081974985, 2328.212233671665, 2423.151320476532, 2516.4325037384033, 2628.1779756843566, 2700.3817457450864]
shares:[0, 9.9206, 19.861, 29.9113, 40.0021, 50.0021, 59.9523, 69.9025, 79.9025, 89.9528, 99.9728, 109.9979, 120.0583, 130.1086, 140.1791, 150.2294, 160.2797, 170.3502, 180.4005, 190.4306, 200.371, 210.3074, 220.1791, 230.0605, 239.9635, 249.894, 259.7784, 269.7684]
growth_rate:0.01
