ticker:VENAU
price:[10.489999771118164, 10.399999618530273, 10.34000015258789, 10.100000381469727, 10.100000381469727, 10.100000381469727, 10.029999732971191, 10.055000305175781, 10.029999732971191, 10.859999656677246, 10.710000038146973, 10.607999801635742, 10.550000190734863, 10.449999809265137, 10.350000381469727, 10.430000305175781, 10.649999618530273, 10.890000343322754, 10.880000114440918, 10.850000381469727, 10.916999816894531, 10.899999618530273, 10.819999694824219, 10.880000114440918, 10.869999885559082, 10.894000053405762, 10.894000053405762, 10.75, 10.710000038146973]
assets:[0, 100.00015633201599, 199.42344694290162, 294.7947711341858, 394.7948749111176, 494.79497868804935, 591.3657752560615, 692.8397960281372, 791.1172319380761, 956.5835217590333, 1043.3714167162896, 1133.4340156053543, 1227.2372121873855, 1315.6048159873963, 1403.0150017108915, 1513.8592652946472, 1645.7913010498048, 1782.8792752078054, 1881.2423237877845, 1976.0552344751359, 2088.2572182746885, 2185.005203530884, 2268.968002004242, 2381.5504250502586, 2479.3611008969306, 2584.8357336716654, 2684.836117761898, 2749.3469, 2839.1171231123926]
shares:[0, 9.6154, 19.2866, 29.1876, 39.0886, 48.9896, 58.9597, 68.905, 78.8751, 88.0832, 97.4203, 106.8471, 116.3258, 125.8952, 135.557, 145.1447, 154.5344, 163.7171, 172.9083, 182.1249, 191.2849, 200.4592, 209.7013, 218.8925, 228.0921, 237.2715, 246.4509, 255.7532, 265.0903]
growth_rate:1.4
