ticker:VENA
price:[9.890000343322754, 9.899999618530273, 9.9399995803833, 9.960000038146973, 9.90999984741211, 9.84000015258789, 9.90999984741211, 9.930000305175781, 10.029999732971191, 9.949999809265137, 9.9399995803833, 9.949999809265137, 10.010000228881836, 9.977999687194824, 9.949999809265137, 9.949999809265137, 9.949999809265137, 9.979999542236328, 9.958999633789062, 9.994999885559082, 9.960000038146973]
assets:[0, 99.9998961467743, 200.40430753993988, 300.8079371520996, 399.29767785186766, 496.477207698822, 600.0088687614441, 701.2198805503845, 808.2815704811096, 901.8351477124214, 1000.9291317458153, 1101.9366088766099, 1208.5814016345978, 1304.7172522977828, 1401.056488142681, 1501.0569712257386, 1601.057454308796, 1705.884315754318, 1802.2951022262573, 1908.810095644474, 2002.1263396681784]
shares:[0, 10.101, 20.1614, 30.2016, 40.2924, 50.455, 60.5458, 70.6163, 80.5864, 90.6367, 100.6971, 110.7474, 120.7374, 130.7594, 140.8097, 150.86, 160.9103, 170.9303, 180.9715, 190.9765, 201.0167]
growth_rate:0.11
