ticker:VEON
price:[1.2999999523162842, 1.2899999618530273, 1.3799999952316284, 1.2799999713897705, 1.25, 1.3600000143051147, 1.340000033378601, 1.2999999523162842, 1.25, 1.350000023841858, 1.399999976158142, 1.4500000476837158, 1.5, 1.4800000190734863, 1.5499999523162842, 1.5499999523162842, 1.6100000143051147, 1.5099999904632568, 1.7000000476837158, 1.8899999856948853, 1.7999999523162842, 1.6100000143051147, 1.6799999475479126, 1.75, 1.8200000524520874, 1.7799999713897705, 1.75, 1.8799999952316284, 1.7999999523162842, 1.6799999475479126, 1.7599999904632568, 1.7699999809265137, 1.809999942779541, 1.7300000190734863, 1.7999999523162842, 1.809999942779541, 1.850000023841858, 1.7699999809265137, 1.8200000524520874, 1.7899999618530273, 1.7300000190734863, 1.6699999570846558, 1.7400000095367432, 2.049999952316284, 1.899999976158142, 1.8700000047683716, 1.7300000190734863, 1.75, 1.7599999904632568, 1.6399999856948853, 1.75, 2.119999885559082]
assets:[0, 100.00002304286957, 206.9768152848244, 291.9784894737721, 385.13525000000004, 519.0271414593697, 611.3944452294708, 693.143854575634, 766.4845, 927.8033113855959, 1062.1664019114137, 1200.100949465704, 1341.4837499999999, 1423.5973663465977, 1590.9295610571382, 1690.929512980771, 1856.3849174942852, 1841.0815313722371, 2172.7408209437367, 2515.576561959994, 2495.7872338842158, 2332.3431037232517, 2533.7492088925956, 2739.32225, 2948.895306986654, 2984.0843340363263, 3033.7909, 3359.158235479939, 3316.2153321502924, 3195.134276243174, 3447.2836453205346, 3566.870508563471, 3747.4776385290625, 3681.843476592827, 3930.8197358688353, 4052.6575658812526, 4242.219329671561, 4158.771954185152, 4376.251642122817, 4404.1153691432, 4356.491584030914, 4305.399167360663, 4585.865203134608, 5502.887032000923, 5200.236854745627, 5218.127862305868, 4927.465980325985, 5084.430925, 5213.48481975019, 4958.019912753021, 5390.5701500000005, 6630.290314086533]
shares:[0, 77.5194, 149.9832, 228.1082, 308.1082, 381.6376, 456.2645, 533.1876, 613.1876, 687.2617, 758.6903, 827.6558, 894.3225, 961.8901, 1026.4062, 1090.9223, 1153.0341, 1219.2593, 1278.0828, 1330.9929, 1386.5485, 1448.6603, 1508.1841, 1565.327, 1620.2721, 1676.4519, 1733.5948, 1786.7863, 1842.3419, 1901.8657, 1958.6839, 2015.1811, 2070.4297, 2128.2332, 2183.7888, 2239.0374, 2293.0915, 2349.5887, 2404.5338, 2460.3997, 2518.2032, 2578.0834, 2635.5547, 2684.3352, 2736.9668, 2790.4427, 2848.2462, 2905.3891, 2962.2073, 3023.1829, 3080.3258, 3127.4956]
growth_rate:30.01
