ticker:VERB
price:[1.159999966621399, 1.2799999713897705, 1.1699999570846558, 1.0800000429153442, 1.0700000524520874, 1.100000023841858, 1.2100000381469727, 1.1399999856948853, 1.059999942779541, 1.090000033378601, 1.1799999475479126, 1.0800000429153442, 1.100000023841858, 1.2200000286102295, 1.3799999952316284, 1.7899999618530273, 1.9600000381469727, 1.649999976158142, 1.7899999618530273, 1.7899999618530273, 1.7899999618530273, 1.6200000047683716, 1.9600000381469727, 2.2699999809265137, 2.319999933242798, 2.2799999713897705, 1.9500000476837158, 1.7699999809265137, 1.6299999952316284, 1.4800000190734863, 1.340000033378601, 1.2599999904632568, 1.1299999952316284, 1.2300000190734863, 1.159999966621399, 1.100000023841858, 0.9860000014305115, 1.149999976158142, 1.2100000381469727, 1.3300000429153442, 1.2699999809265137, 1.2100000381469727, 1.2999999523162842, 1.8200000524520874, 2.200000047683716, 2.9200000762939453, 2.490000009536743, 2.3299999237060547, 2.240000009536743, 1.9600000381469727, 1.9500000476837158, 2.1500000953674316]
assets:[0, 99.99999776482582, 191.40625997925997, 276.68272699438336, 374.1208103396416, 484.6101805036426, 633.0711729584693, 696.4471952607392, 747.5736516448021, 868.7314436027884, 1040.461531750524, 1052.2869178141236, 1171.7737053975106, 1399.603552822113, 1683.1581181841134, 2283.226754341793, 2600.0696066044807, 2288.8340969272376, 2583.038143952465, 2683.03810282135, 2783.0380616902353, 2618.7272537080644, 3268.3367156107906, 3885.2674993543624, 4070.8458828628063, 4100.658836543512, 3607.142653206134, 3374.175566639948, 3207.291658617449, 3012.1422148189545, 2827.2099244241117, 2758.4212111219404, 2573.8222331389907, 2901.594152994728, 2836.4626583817603, 2789.749220466185, 2600.6297267730533, 3133.1887350425723, 3396.659593084526, 3833.5184416968104, 3760.5776395217895, 3682.9126901090626, 4056.8481011956933, 5779.587798566723, 7086.314773591733, 9505.47245235958, 8205.69368842795, 7778.420019301987, 7577.966400263, 6730.720686998272, 6796.3804061931605, 7593.445156822014]
shares:[0, 78.125, 163.5951, 256.1877, 349.6456, 440.5547, 523.1993, 610.9186, 705.2582, 797.0013, 881.7471, 974.3397, 1065.2488, 1147.216, 1219.6798, 1275.5457, 1326.5661, 1387.1722, 1443.0381, 1498.904, 1554.7699, 1616.4983, 1667.5187, 1711.5716, 1754.675, 1798.5346, 1849.8167, 1906.3139, 1967.6636, 2035.2312, 2109.8581, 2189.2232, 2277.7188, 2359.0196, 2445.2265, 2536.1356, 2637.5555, 2724.512, 2807.1566, 2882.3446, 2961.0848, 3043.7294, 3120.6525, 3175.5976, 3221.0521, 3255.2987, 3295.4593, 3338.3778, 3383.0207, 3434.0411, 3485.3232, 3531.8348]
growth_rate:48.89
