ticker:VERI
price:[7.659999847412109, 6.849999904632568, 9.619999885559082, 8.40999984741211, 8.850000381469727, 11.09000015258789, 9.739999771118164, 9.710000038146973, 9.380000114440918, 9.90999984741211, 12.119999885559082, 17.420000076293945, 21.299999237060547, 27.149999618530273, 30.979999542236328, 25.5, 30.690000534057617, 28.450000762939453, 38.45000076293945, 38.689998626708984, 41.650001525878906, 39.27000045776367, 44.15999984741211, 47.0, 40.06999969482422, 36.04999923706055, 33.209999084472656, 32.33000183105469, 26.6299991607666, 23.489999771118164, 24.530000686645508, 24.43000030517578, 27.510000228881836, 26.34000015258789, 24.1200008392334, 19.959999084472656, 18.329999923706055, 17.940000534057617, 19.170000076293945, 18.0, 21.670000076293945, 22.93000030517578, 20.809999465942383, 18.920000076293945, 18.31999969482422, 17.059999465942383, 21.149999618530273, 20.68000030517578, 21.979999542236328, 20.139999389648438, 17.729999542236328, 20.18000030517578]
assets:[0, 99.99972360777855, 240.43746713972092, 310.19527537193295, 426.42399338054656, 634.3546627281189, 657.1334345579147, 755.1098049665451, 829.4471461196899, 976.3133649673462, 1294.0378437812806, 1959.9120145837783, 2496.447240580368, 3282.0901488851546, 3845.08883918457, 3264.9384, 4029.4497581192013, 3835.3474478519443, 5283.449209836197, 5416.425702745438, 5930.814442279816, 5691.91167634964, 6500.683177537919, 7018.7544, 6083.860109664917, 5573.499317045975, 5234.420573698426, 5195.719031266784, 4379.678844976234, 3963.260949382782, 4238.730152650833, 4321.44962698288, 4966.273052319146, 4855.0573121253965, 4545.86037816906, 3861.8306828651425, 3646.46020482254, 3668.8754232191086, 4020.4205980007173, 3875.0436, 4765.122499776649, 5142.1901484375, 4766.767611668014, 4433.841473879242, 4393.23302281723, 4191.078888799668, 5295.85626948185, 5278.170953890229, 5709.970875082016, 5331.97420841217, 4793.938337227249, 5556.383482027435]
shares:[0, 14.5985, 24.9935, 36.8841, 48.1835, 57.2006, 67.4675, 77.7662, 88.4272, 98.518, 106.7688, 112.5093, 117.2041, 120.8873, 124.1152, 128.0368, 131.2952, 134.8101, 137.4109, 139.9955, 142.3965, 144.943, 147.2075, 149.3352, 151.8308, 154.6047, 157.6158, 160.7089, 164.4641, 168.7212, 172.7978, 176.8911, 180.5261, 184.3226, 188.4685, 193.4785, 198.934, 204.5081, 209.7246, 215.2802, 219.8949, 224.256, 229.0614, 234.3468, 239.8053, 245.667, 250.3951, 255.2307, 259.7803, 264.7455, 270.3857, 275.3411]
growth_rate:8.95
