ticker:VERO
price:[2.6700000762939453, 2.109999895095825, 2.359999895095825, 2.190000057220459, 2.2699999809265137, 2.630000114440918, 2.619999885559082, 2.5399999618530273, 2.109999895095825, 2.130000114440918, 2.0799999237060547, 2.3299999237060547, 2.299999952316284, 2.4200000762939453, 2.109999895095825, 2.1649999618530273, 1.8300000429153442, 1.7300000190734863, 1.8700000047683716, 2.2699999809265137, 2.369999885559082, 1.899999976158142, 2.1500000953674316, 2.8399999141693115, 3.3299999237060547, 2.5999999046325684, 2.369999885559082, 2.680000066757202, 2.630000114440918, 2.369999885559082, 2.4200000762939453, 2.240000009536743, 1.9800000190734863, 1.8700000047683716, 1.899999976158142, 1.7599999904632568, 1.7999999523162842, 2.0299999713897705, 2.0399999618530273, 2.2799999713897705, 2.4100000858306885, 2.7300000190734863, 3.180000066757202, 3.140000104904175, 3.109999895095825, 2.450000047683716, 2.4700000286102295, 2.309999942779541, 2.0999999046325684, 2.0399999618530273, 1.8700000047683716, 2.2200000286102295]
assets:[0, 100.00006902823448, 211.84845858314037, 296.58820374927524, 407.42254757666586, 572.0358078913689, 669.8606107406616, 749.406922745037, 722.5388690770865, 829.387751561451, 909.9184306243897, 1119.283732349968, 1204.8724550205231, 1367.7354011198042, 1292.5295987385034, 1426.2212203701972, 1305.5357556161284, 1334.1950447096824, 1542.1645069324136, 1972.0393294301032, 2158.9132387518885, 1830.7744270268083, 2171.6658613284585, 2968.6189662821766, 3580.8101899597173, 2895.8276337816715, 2739.6582477092743, 3198.010311660528, 3238.3459669122694, 3018.205045258999, 3181.880472313309, 3045.2116929649114, 2791.749734893131, 2736.6524419782754, 2880.555953853786, 2768.304512999654, 2931.2205423491714, 3405.7654620001317, 3522.542598130226, 4036.959285342836, 4367.137055532932, 5047.005635261536, 5978.929595514655, 6003.722904578209, 6046.361965048671, 4863.211384651423, 5002.9109579491615, 4778.835481624604, 4444.3956981663705, 4417.413061396599, 4149.295325580418, 5025.901354771257]
shares:[0, 47.3934, 89.7663, 135.4284, 179.4813, 217.5041, 255.672, 295.0421, 342.4355, 389.3839, 437.4608, 480.3793, 523.8576, 565.1799, 612.5733, 658.7627, 713.4075, 771.211, 824.6869, 868.7398, 910.9339, 963.5655, 1010.0771, 1045.2884, 1075.3184, 1113.7799, 1155.974, 1193.2874, 1231.3102, 1273.5043, 1314.8266, 1359.4695, 1409.9746, 1463.4505, 1516.0821, 1572.9003, 1628.4559, 1677.717, 1726.7366, 1770.5962, 1812.09, 1848.72, 1880.1665, 1912.0136, 1944.1679, 1984.9842, 2025.47, 2068.76, 2116.379, 2165.3986, 2218.8745, 2263.9195]
growth_rate:-1.45
