ticker:VERU
price:[2.690000057220459, 2.7300000190734863, 2.880000114440918, 2.5799999237060547, 2.5, 2.7100000381469727, 2.559999942779541, 2.4600000381469727, 2.5199999809265137, 2.4800000190734863, 2.75, 3.0399999618530273, 3.0799999237060547, 3.299999952316284, 6.360000133514404, 8.8100004196167, 8.670000076293945, 8.649999618530273, 9.550000190734863, 8.899999618530273, 9.020000457763672, 8.819999694824219, 10.899999618530273, 20.780000686645508, 17.290000915527344, 13.819999694824219, 12.329999923706055, 14.970000267028809, 14.119999885559082, 11.34000015258789, 11.199999809265137, 10.350000381469727, 9.420000076293945, 9.010000228881836, 8.84000015258789, 7.809999942779541, 7.559999942779541, 8.119999885559082, 8.829999923706055, 8.729999542236328, 8.890000343322754, 8.420000076293945, 8.1899995803833, 7.869999885559082, 7.71999979019165, 6.940000057220459, 6.900000095367432, 6.869999885559082, 7.0, 7.570000171661377, 7.349999904632568, 9.09000015258789]
assets:[0, 99.9999006986618, 205.49434416561127, 284.08869359912876, 375.27975, 506.8033401339531, 578.7514750638962, 656.1440021747588, 772.1473981557368, 859.8911506133556, 1053.508225, 1264.6053281312943, 1381.2447537855148, 1579.9050071709871, 3144.908130020523, 4456.389823256016, 4485.572796471978, 4575.225268230057, 5151.260552882194, 4900.651289949417, 5066.728187135696, 5054.383733116149, 6346.34710789547, 12198.8162830925, 10250.026055751801, 8292.906408874513, 7498.808800599861, 9204.39298718424, 8781.765900824832, 7152.777672245788, 7164.4718779897685, 6720.739627706146, 6216.8468003511425, 6046.262466593742, 6032.181844121933, 5429.337016221619, 5355.542515464735, 5852.249565520096, 6463.960826149368, 6490.756405652618, 6709.717091122437, 6454.985084488869, 6378.660780187702, 6229.4338754152295, 6210.702775210189, 5683.196582858086, 5750.440759478951, 5825.438386959458, 6035.672299999999, 6627.148323280763, 6534.549020213175, 8181.503723337554]
shares:[0, 36.63, 71.3522, 110.1119, 150.1119, 187.0123, 226.0748, 266.7252, 306.4077, 346.7303, 383.0939, 415.9886, 448.4561, 478.7591, 494.4824, 505.8331, 517.3671, 528.9278, 539.399, 550.635, 561.7215, 573.0594, 582.2337, 587.046, 592.8297, 600.0656, 608.1759, 614.8559, 621.9381, 630.7564, 639.685, 649.3468, 659.9625, 671.0613, 682.3735, 695.1776, 708.4051, 720.7204, 732.0454, 743.5002, 754.7488, 766.6253, 778.8353, 791.5418, 804.4952, 818.9044, 833.3972, 847.9532, 862.2389, 875.4489, 889.0543, 900.0554]
growth_rate:60.42
