ticker:VERX
price:[24.0, 23.010000228881836, 22.299999237060547, 22.760000228881836, 24.579999923706055, 25.299999237060547, 27.350000381469727, 25.920000076293945, 24.239999771118164, 28.329999923706055, 24.989999771118164, 26.100000381469727, 25.93000030517578, 26.0, 27.260000228881836, 34.310001373291016, 34.11000061035156, 34.849998474121094, 32.9900016784668, 34.939998626708984, 33.31999969482422, 32.849998474121094, 34.029998779296875, 38.040000915527344, 38.97999954223633, 30.75, 30.559999465942383, 24.850000381469727, 26.25, 24.969999313354492, 23.18000030517578, 20.549999237060547, 23.290000915527344, 22.850000381469727, 20.43000030517578, 17.389999389648438, 18.600000381469727, 18.75, 19.209999084472656, 18.239999771118164, 19.1299991607666, 20.81999969482422, 22.139999389648438, 19.989999771118164, 19.520000457763672, 18.15999984741211, 19.489999771118164, 18.899999618530273, 19.079999923706055, 19.209999084472656, 19.209999084472656, 22.6200008392334]
assets:[0, 99.99915999469758, 196.91345326309204, 300.9759670267105, 425.04227468070985, 537.4934237915039, 681.0450944990158, 745.4358741941452, 797.1202724733354, 1031.6171162218093, 1009.9933317495346, 1154.8545468790055, 1247.3315486801148, 1350.7, 1516.1575967300416, 2008.267310382843, 2096.5609545150755, 2242.043286833954, 2222.3813600704193, 2453.74176555748, 2439.9735976524353, 2505.5547936172484, 2695.557039306641, 3113.193674926758, 3290.122453362274, 2695.46505, 2778.811583438301, 2359.601966222, 2592.536625, 2566.119386434746, 2482.165428678894, 2300.5395345901493, 2707.278615422821, 2756.132771012306, 2564.2367573036195, 2282.6756628829958, 2541.504052124023, 2661.999375, 2827.3065342536925, 2784.5439010585783, 3020.412611494446, 3387.2453083503724, 3701.9983019439696, 3442.499849584007, 3461.5617131771087, 3320.3870841007233, 3663.564491976738, 3652.661176276207, 3787.4486728553775, 3913.2535454986573, 4013.2531167327884, 4825.653713038445]
shares:[0, 4.3459, 8.8302, 13.2239, 17.2922, 21.2448, 24.9011, 28.7591, 32.8845, 36.4143, 40.4159, 44.2473, 48.1038, 51.95, 55.6184, 58.533, 61.4647, 64.3341, 67.3653, 70.2273, 73.2285, 76.2726, 79.2112, 81.84, 84.4054, 87.6574, 90.9297, 94.9538, 98.7633, 102.7681, 107.0822, 111.9484, 116.2421, 120.6185, 125.5133, 131.2637, 136.64, 141.9733, 147.1789, 152.6614, 157.8888, 162.6919, 167.2086, 172.2111, 177.3341, 182.8407, 187.9715, 193.2625, 198.5036, 203.7092, 208.9148, 213.3357]
growth_rate:-5.38
