ticker:VERY
price:[8.149999618530273, 9.520000457763672, 10.109999656677246, 9.880000114440918, 10.34000015258789, 10.550000190734863, 10.600000381469727, 11.229999542236328, 10.520000457763672, 11.0, 11.199999809265137, 10.529999732971191, 10.800000190734863, 10.470000267028809, 10.850000381469727, 11.0, 10.0, 10.010000228881836, 9.460000038146973, 8.399999618530273, 9.149999618530273, 8.899999618530273, 10.300000190734863, 9.710000038146973, 10.420000076293945, 10.1899995803833, 11.25, 11.260000228881836, 11.449999809265137, 11.0, 9.930000305175781, 14.289999961853027, 10.770000457763672, 10.539999961853027, 11.109999656677246, 10.65999984741211, 11.100000381469727, 9.510000228881836, 9.0600004196167, 9.140000343322754, 8.859999656677246, 8.380000114440918, 9.649999618530273, 9.0, 8.100000381469727, 7.730000019073486, 7.974999904632568, 7.869999885559082, 8.930000305175781, 9.0, 9.789999961853027, 9.25]
assets:[0, 99.99998880844117, 206.1974869977951, 301.506975492382, 415.5449601322174, 523.9847494731903, 626.468502545166, 763.7017338695526, 815.4178594818115, 952.6230999999999, 1069.943821778965, 1105.9384939546585, 1234.296381798458, 1296.5817990682601, 1443.6402907562253, 1563.5982999999999, 1521.453, 1622.9743901098252, 1633.7997125882148, 1550.7314895765303, 1789.1900104074477, 1840.305431121254, 2229.7914212911605, 2202.065851651096, 2463.081702034378, 2508.713699693012, 2869.67925, 2972.230196416473, 3122.382887987137, 3099.6691, 2898.1559870681767, 4270.659373599529, 3318.68517305603, 3347.8128098834036, 3628.8614098604203, 3581.878274728775, 3829.7232416147235, 3381.1407843755724, 3321.149721820068, 3450.4753476090427, 3444.771410515976, 3358.147613860321, 3967.079138179207, 3799.8666000000003, 3519.880275768852, 3459.095389535189, 3668.7304336282255, 3720.427543899727, 4321.527195684815, 4455.4023, 4946.487548725891, 4773.6475]
shares:[0, 10.5042, 20.3954, 30.5169, 40.1881, 49.6668, 59.1008, 68.0055, 77.5112, 86.6021, 95.5307, 105.0274, 114.2867, 123.8378, 133.0544, 142.1453, 152.1453, 162.1353, 172.7061, 184.6109, 195.5399, 206.7759, 216.4846, 226.7833, 236.3802, 246.1937, 255.0826, 263.9636, 272.6972, 281.7881, 291.8586, 298.8565, 308.1416, 317.6293, 326.6302, 336.0111, 345.0201, 355.5353, 366.5728, 377.5137, 388.8004, 400.7336, 411.0963, 422.2074, 434.5531, 447.4897, 460.0289, 472.7354, 483.9336, 495.0447, 505.2592, 516.07]
growth_rate:-6.4
