ticker:VFF
price:[5.230000019073486, 5.579999923706055, 5.739999771118164, 4.840000152587891, 4.630000114440918, 4.994999885559082, 4.929999828338623, 5.380000114440918, 4.650000095367432, 5.960000038146973, 5.909999847412109, 7.989999771118164, 10.630000114440918, 10.75, 9.6899995803833, 9.819999694824219, 12.0, 10.140000343322754, 12.510000228881836, 12.649999618530273, 12.520000457763672, 11.819999694824219, 15.09000015258789, 16.209999084472656, 17.084999084472656, 15.789999961853027, 13.579999923706055, 16.68000030517578, 14.649999618530273, 13.100000381469727, 13.800000190734863, 12.8100004196167, 11.319999694824219, 11.289999961853027, 11.170000076293945, 11.109999656677246, 8.694999694824219, 8.680000305175781, 9.75, 10.34000015258789, 10.729999542236328, 9.989999771118164, 10.8100004196167, 10.520000457763672, 10.199999809265137, 9.4399995803833, 9.489999771118164, 9.649999618530273, 9.90999984741211, 8.890000343322754, 9.039999961853027, 9.539999961853027]
assets:[0, 99.99973663272857, 202.86708991069793, 271.058884545517, 359.298194880867, 487.6228778280259, 581.2775457600593, 734.3355836204528, 734.6953650679588, 1041.6739066672326, 1132.9351507492065, 1631.6666172592163, 2270.790191446972, 2396.4244, 2260.1255411273, 2390.447173712158, 3021.1164, 2652.8431138206483, 3372.8862137100223, 3510.631689134407, 3574.5540306949615, 3474.698124288177, 4535.972559867097, 4972.637675149536, 5341.056033290863, 5036.217329833031, 4431.338663104249, 5542.910885412598, 4968.323225630379, 4542.664862281608, 4885.402927522946, 4634.928442826175, 4195.81448688507, 4284.694981522751, 4339.1540796375275, 4415.846012540912, 3555.9662011932373, 3649.8316283226013, 4199.753025, 4553.892201202011, 4825.654198127747, 4592.850446772766, 5069.841551798344, 5033.832843040466, 4980.711926863193, 4709.5997426539425, 4834.544676399421, 5016.054361712647, 5251.201891145324, 4810.715227784919, 4991.885266935254, 5367.985304535389]
shares:[0, 17.9211, 35.3427, 56.0039, 77.6022, 97.6222, 117.9062, 136.4936, 157.999, 174.7775, 191.698, 204.2136, 213.6209, 222.9232, 233.2431, 243.4264, 251.7597, 261.6216, 269.6152, 277.5203, 285.5075, 293.9677, 300.5946, 306.7636, 312.6167, 318.9498, 326.3136, 332.3088, 339.1347, 346.7683, 354.0147, 361.8211, 370.655, 379.5124, 388.465, 397.4659, 408.9668, 420.4875, 430.7439, 440.4151, 449.7348, 459.7448, 468.9955, 478.5012, 488.3051, 498.8983, 509.4357, 519.7984, 529.8892, 541.1378, 552.1997, 562.6819]
growth_rate:5.25
