ticker:VG
price:[10.5, 10.199999809265137, 10.3100004196167, 10.130000114440918, 10.149999618530273, 10.640000343322754, 10.90999984741211, 10.6899995803833, 10.579999923706055, 12.710000038146973, 12.869999885559082, 13.020000457763672, 12.930000305175781, 13.59000015258789, 13.399999618530273, 13.4399995803833, 13.75, 12.880000114440918, 13.1899995803833, 13.390000343322754, 13.470000267028809, 12.479999542236328, 13.720000267028809, 15.350000381469727, 13.40999984741211, 13.220000267028809, 12.479999542236328, 12.260000228881836, 12.0600004196167, 12.010000228881836, 12.069999694824219, 12.369999885559082, 13.350000381469727, 14.039999961853027, 13.550000190734863, 13.109999656677246, 13.079999923706055, 13.84000015258789, 13.779999732971191, 13.640000343322754, 14.720000267028809, 14.670000076293945, 14.670000076293945, 14.569999694824219, 14.279999732971191, 13.949999809265137, 14.430000305175781, 14.260000228881836, 14.699999809265137, 13.4399995803833, 13.140000343322754, 13.550000190734863]
assets:[0, 99.99977813005448, 201.0780001838684, 297.56774036169054, 398.15505003604886, 517.3764006942749, 630.505256181717, 717.7907118244171, 810.4047181560517, 1073.5577792221068, 1187.0721614444733, 1300.9076677379608, 1391.9158258522034, 1562.9655325489043, 1641.1140332809448, 1746.0131934868812, 1886.2855000000002, 1866.935408588028, 2011.8693169959067, 2142.3759529310228, 2255.175731706524, 2189.427471692276, 2506.9664687924387, 2904.8064421886447, 2637.683942986679, 2700.3119665431977, 2649.159454829407, 2702.4595904521943, 2758.374149975109, 2846.938127255821, 2961.160786130524, 3134.7608389987945, 3483.108549528122, 3763.1341697754856, 3731.8001325302125, 3710.62021682682, 3802.12969382267, 4123.048149457169, 4205.173618512154, 4262.451003287125, 4699.9474132596015, 4783.982379879952, 4883.981902400016, 4950.689201305389, 4952.1511113972665, 4937.711242487908, 5207.611064134217, 5246.259788205719, 5508.135498531055, 5136.009823646164, 5121.366379811382, 5381.165775747299]
shares:[0, 9.8039, 19.5032, 29.3749, 39.2271, 48.6256, 57.7915, 67.146, 76.5978, 84.4656, 92.2356, 99.9161, 107.6501, 115.0085, 122.4712, 129.9117, 137.1844, 144.9484, 152.5299, 159.9982, 167.4221, 175.4349, 182.7235, 189.2382, 196.6953, 204.2596, 212.2724, 220.429, 228.7209, 237.0473, 245.3323, 253.4164, 260.907, 268.0295, 275.4096, 283.0374, 290.6827, 297.9081, 305.165, 312.4964, 319.2899, 326.1065, 332.9231, 339.7865, 346.7893, 353.9578, 360.8878, 367.9004, 374.7031, 382.1436, 389.7539, 397.134]
growth_rate:5.51
