ticker:VGIT
price:[70.36000061035156, 70.54000091552734, 70.44000244140625, 70.55000305175781, 70.38999938964844, 70.18000030517578, 70.26000213623047, 70.0199966430664, 69.95999908447266, 70.01000213623047, 69.83000183105469, 69.9800033569336, 70.02999877929688, 69.69000244140625, 69.97000122070312, 69.86000061035156, 69.33999633789062, 69.41999816894531, 68.91000366210938, 69.01000213623047, 69.08000183105469, 69.11000061035156, 68.87000274658203, 68.83000183105469, 68.45999908447266, 68.08999633789062, 67.66999816894531, 67.51000213623047, 67.33000183105469, 67.48999786376953, 67.31999969482422, 67.44999694824219, 67.62999725341797, 67.70999908447266, 67.61000061035156, 67.80000305175781, 67.66000366210938, 67.68000030517578, 67.76000213623047, 67.83000183105469, 68.06999969482422, 67.7699966430664, 67.5999984741211, 67.83000183105469, 68.0999984741211, 68.20999908447266, 68.37999725341797, 68.55000305175781, 68.22000122070312, 68.23999786376953, 68.30000305175781, 68.2300033569336]
assets:[0, 99.99750529785156, 199.85237492675782, 300.1620429840088, 399.4843635360718, 498.2920381668091, 598.8611282081604, 696.818000592804, 796.2217455802918, 896.7931223640442, 994.4839710769653, 1096.621642604828, 1197.4079341278077, 1291.5926912475586, 1396.783146368408, 1494.5848530578612, 1583.462024371338, 1685.2884695480348, 1772.9096832183839, 1875.4848280563353, 1977.387420413208, 2078.248294354248, 2171.0304185821533, 2269.772555381775, 2357.5706804718016, 2444.825790509033, 2529.7481435485843, 2623.7694820243833, 2716.7723068832397, 2823.2280926376343, 2916.11389078064, 3021.74637328186, 3129.808064892578, 3233.511319278717, 3328.737814050293, 3438.0906947525023, 3530.9929091156005, 3632.033680377197, 3736.32717379303, 3840.1887706649777, 3953.7778622741703, 4036.3538920623782, 4126.22954686203, 4240.270470465088, 4357.1468623718265, 4464.187557080841, 4575.312454225922, 4686.688303645325, 4764.1233192474365, 4865.518671686554, 4969.795082058716, 5064.699503184509]
shares:[0, 1.4176, 2.8372, 4.2546, 5.6753, 7.1002, 8.5235, 9.9517, 11.3811, 12.8095, 14.2415, 15.6705, 17.0985, 18.5334, 19.9626, 21.394, 22.8362, 24.2767, 25.7279, 27.177, 28.6246, 30.0716, 31.5236, 32.9765, 34.4372, 35.9058, 37.3836, 38.8649, 40.3501, 41.8318, 43.3172, 44.7998, 46.2784, 47.7553, 49.2344, 50.7093, 52.1873, 53.6648, 55.1406, 56.6149, 58.084, 59.5596, 61.0389, 62.5132, 63.9816, 65.4477, 66.9101, 68.3689, 69.8347, 71.3001, 72.7642, 74.2298]
growth_rate:-0.69
