ticker:VGLT
price:[99.33000183105469, 100.25, 99.77999877929688, 100.69999694824219, 99.29000091552734, 97.70999908447266, 98.48999786376953, 96.47000122070312, 96.23999786376953, 97.25, 96.44999694824219, 98.44000244140625, 97.69000244140625, 94.69000244140625, 96.81999969482422, 95.47000122070312, 95.62000274658203, 95.86000061035156, 92.1500015258789, 92.41999816894531, 92.38999938964844, 92.48999786376953, 90.13999938964844, 89.54000091552734, 87.4000015258789, 87.19999694824219, 84.68000030517578, 83.0199966430664, 82.27999877929688, 83.37999725341797, 83.80000305175781, 83.81999969482422, 84.83999633789062, 85.33000183105469, 84.55999755859375, 84.8499984741211, 83.56999969482422, 83.9000015258789, 84.33000183105469, 85.1500015258789, 86.54000091552734, 88.43000030517578, 86.33999633789062, 88.05999755859375, 89.0, 89.97000122070312, 90.11000061035156, 90.7699966430664, 89.7699966430664, 90.13999938964844, 91.30999755859375, 90.62999725341797]
assets:[0, 99.999375, 199.53006355895997, 301.3648808670044, 397.1500746620178, 490.82663840103146, 594.7417011001587, 682.5445526367188, 780.9202146659851, 889.11785, 981.8030989349364, 1102.0555153320313, 1193.6546018310546, 1257.0003134094238, 1385.2715096336365, 1465.9514157440185, 1568.2541030464172, 1672.1914366470335, 1707.475023273468, 1812.4763100906373, 1911.8909303695677, 2013.960454483795, 2062.7907880325315, 2149.0585159736634, 2197.699258368683, 2292.6710397628785, 2326.4136483840944, 2380.8059537315366, 2459.5877755096435, 2592.467550602722, 2705.524998527527, 2806.1678597831724, 2940.316721081543, 3057.2971686050414, 3129.7092616394043, 3240.446896726227, 3291.563220980072, 3404.561381918335, 3522.008794473267, 3656.2559155197146, 3815.93807036972, 3999.2732928016662, 4004.75122013855, 4184.531829986572, 4329.2002999999995, 4476.385434735107, 4583.355071044922, 4716.926414554596, 4764.964490814972, 4884.6054409255985, 5048.009298028564, 5110.417096126556]
shares:[0, 0.9975, 1.9997, 2.9927, 3.9999, 5.0233, 6.0386, 7.0752, 8.1143, 9.1426, 10.1794, 11.1952, 12.2188, 13.2749, 14.3077, 15.3551, 16.4009, 17.4441, 18.5293, 19.6113, 20.6937, 21.7749, 22.8843, 24.0011, 25.1453, 26.2921, 27.473, 28.6775, 29.8929, 31.0922, 32.2855, 33.4785, 34.6572, 35.8291, 37.0117, 38.1903, 39.3869, 40.5788, 41.7646, 42.939, 44.0945, 45.2253, 46.3835, 47.5191, 48.6427, 49.7542, 50.864, 51.9657, 53.0797, 54.1891, 55.2843, 56.3877]
growth_rate:0.2
