ticker:VGSH
price:[62.06999969482422, 62.099998474121094, 62.08000183105469, 62.099998474121094, 62.04999923706055, 62.040000915527344, 62.04999923706055, 62.040000915527344, 62.040000915527344, 62.0, 61.970001220703125, 61.9900016784668, 62.0099983215332, 61.970001220703125, 62.0099983215332, 62.0099983215332, 61.619998931884766, 61.599998474121094, 61.59000015258789, 61.599998474121094, 61.619998931884766, 61.630001068115234, 61.61000061035156, 61.599998474121094, 61.599998474121094, 61.59000015258789, 61.52000045776367, 61.52000045776367, 61.529998779296875, 61.560001373291016, 61.5099983215332, 61.52000045776367, 61.52000045776367, 61.529998779296875, 61.540000915527344, 61.54999923706055, 61.529998779296875, 61.540000915527344, 61.56999969482422, 61.540000915527344, 61.540000915527344, 61.40999984741211, 61.40999984741211, 61.439998626708984, 61.47999954223633, 61.459999084472656, 61.4900016784668, 61.529998779296875, 61.47999954223633, 61.459999084472656, 61.459999084472656, 61.47999954223633]
assets:[0, 99.9996275428772, 199.96589389801025, 300.0299326278687, 399.7881450843811, 499.7260033744812, 599.8063176250457, 699.7119463256836, 799.7142238014221, 899.1984, 998.7643126739503, 1099.088928759384, 1199.4407945339203, 1298.6681335815429, 1399.5036521186828, 1499.5009754119874, 1590.0671004379274, 1689.5524381484986, 1789.2757304328918, 1889.5676331939699, 1990.1780775024415, 2090.5019622306822, 2189.822734693909, 2289.468663288116, 2389.4701008110046, 2489.079789166641, 2586.2516032440185, 2686.2523639881138, 2786.687491714478, 2888.0443724269867, 2985.701469527054, 3086.187734963989, 3186.1884957080842, 3286.7048737945556, 3387.241652391815, 3487.7922567672726, 3586.6574648437504, 3687.2430028549197, 3789.0424092193603, 3887.1987738296507, 3987.201275317383, 4078.778497865296, 4178.778541616822, 4280.819616316224, 4383.603891360855, 4482.179397232056, 4584.3686281375885, 4687.349154006958, 4783.537436383056, 4881.982837276459, 4981.984401786804, 5083.602870148849]
shares:[0, 1.6103, 3.2211, 4.8314, 6.443, 8.0549, 9.6665, 11.2784, 12.8903, 14.5032, 16.1169, 17.7301, 19.3427, 20.9564, 22.569, 24.1816, 25.8044, 27.4278, 29.0514, 30.6748, 32.2976, 33.9202, 35.5433, 37.1667, 38.7901, 40.4137, 42.0392, 43.6647, 45.2899, 46.9143, 48.5401, 50.1656, 51.7911, 53.4163, 55.0413, 56.666, 58.2912, 59.9162, 61.5404, 63.1654, 64.7904, 66.4188, 68.0472, 69.6748, 71.3013, 72.9284, 74.5547, 76.1799, 77.8064, 79.4335, 81.0606, 82.6871]
growth_rate:-0.32
