ticker:VIACP
price:[67.5, 67.0999984741211, 65.25, 64.95999908447266, 69.95999908447266, 72.54000091552734, 69.13999938964844, 69.19000244140625, 72.37999725341797, 72.79000091552734, 74.0, 76.18000030517578, 70.11000061035156, 72.56999969482422, 73.69000244140625, 74.48999786376953, 72.54000091552734, 73.76000213623047, 72.68000030517578, 70.33000183105469, 68.81999969482422, 67.16000366210938, 67.47000122070312, 67.4000015258789]
assets:[0, 99.99912772598266, 197.244225, 296.3670038230896, 419.1793265144348, 534.6343147476196, 609.5728046188354, 710.0139670532226, 842.7492600204467, 947.5219999176026, 1063.2764, 1194.601438785553, 1199.4138464416505, 1341.4999863586427, 1462.2012424438478, 1578.0780537437438, 1636.763564657593, 1764.2876190971374, 1838.4551437194825, 1879.013691920471, 1938.6731554031373, 1991.9119806152344, 2101.103549014282, 2198.9250497817993]
shares:[0, 1.4903, 3.0229, 4.5623, 5.9917, 7.3702, 8.8165, 10.2618, 11.6434, 13.0172, 14.3686, 15.6813, 17.1076, 18.4856, 19.8426, 21.1851, 22.5636, 23.9193, 25.2952, 26.7171, 28.1702, 29.6592, 31.1413, 32.625]
growth_rate:-4.39
