ticker:VIACA
price:[31.18000030517578, 31.780000686645508, 33.0099983215332, 31.780000686645508, 29.979999542236328, 30.8700008392334, 30.040000915527344, 30.829999923706055, 29.860000610351562, 30.3799991607666, 31.690000534057617, 35.38999938964844, 36.36000061035156, 37.849998474121094, 36.61000061035156, 36.369998931884766, 37.029998779296875, 37.81999969482422, 40.65999984741211, 45.849998474121094, 46.0, 48.65999984741211, 54.060001373291016, 58.2599983215332, 62.66999816894531, 64.26000213623047, 74.2300033569336, 94.76000213623047, 97.26000213623047, 49.5099983215332, 47.47999954223633, 46.86000061035156, 44.31999969482422, 46.540000915527344, 45.20000076293945, 44.31999969482422, 44.029998779296875, 45.970001220703125, 46.540000915527344, 45.810001373291016, 46.86000061035156, 43.880001068115234, 48.529998779296875, 47.279998779296875, 45.79999923706055, 44.0, 44.7599983215332, 44.529998779296875, 45.63999938964844, 43.869998931884766, 44.40999984741211, 45.5]
assets:[0, 99.99895016059875, 203.86974963378907, 296.2722344013214, 379.49283020553594, 490.7589253417969, 577.5640776023865, 692.7531812856673, 770.958341758728, 884.3830415693284, 1022.5190642320633, 1241.9058585815428, 1375.946051097107, 1532.3306932258606, 1582.130464376831, 1671.7579119037628, 1802.0945145935057, 1940.5404023414612, 2186.2597297954558, 2565.3211696266176, 2673.7132, 2928.3247288173675, 3353.293231184006, 3713.8127230052946, 4094.9328843566896, 4298.827066908265, 5065.796887092591, 6566.858672040557, 6840.111156237031, 3581.944407566452, 3535.075885917663, 3588.9137267456053, 3494.3793519386295, 3769.414294151306, 3760.8841434806823, 3787.6625179191587, 3862.879479904175, 4133.08006375122, 4284.328210280609, 4317.125367418671, 4516.0763268219, 4328.880581372451, 4887.61632605896, 4861.726626477051, 4809.540359882354, 4720.518, 4902.052352176666, 4976.86414256897, 5200.924386447144, 5099.224938847732, 5261.989887920379, 5491.1402]
shares:[0, 3.1466, 6.176, 9.3226, 12.6582, 15.8976, 19.2265, 22.4701, 25.8191, 29.1107, 32.2663, 35.092, 37.8423, 40.4843, 43.2158, 45.9653, 48.6658, 51.3099, 53.7693, 55.9503, 58.1242, 60.1793, 62.0291, 63.7455, 65.3412, 66.8974, 68.2446, 69.2999, 70.3281, 72.3479, 74.454, 76.588, 78.8443, 80.993, 83.2054, 85.4617, 87.7329, 89.9082, 92.0569, 94.2398, 96.3738, 98.6527, 100.7133, 102.8284, 105.0118, 107.2845, 109.5186, 111.7643, 113.9554, 116.2349, 118.4866, 120.6844]
growth_rate:7.67
