ticker:VIAC
price:[28.75, 29.280000686645508, 30.15999984741211, 29.530000686645508, 27.969999313354492, 28.920000076293945, 27.940000534057617, 29.280000686645508, 28.56999969482422, 29.299999237060547, 30.200000762939453, 33.9900016784668, 35.06999969482422, 36.95000076293945, 35.599998474121094, 35.2599983215332, 35.9900016784668, 37.2599983215332, 40.060001373291016, 45.29999923706055, 45.58000183105469, 48.5, 54.040000915527344, 58.310001373291016, 62.689998626708984, 64.48999786376953, 74.23999786376953, 94.94000244140625, 97.3499984741211, 48.22999954223633, 44.63999938964844, 41.880001068115234, 39.349998474121094, 41.709999084472656, 41.02000045776367, 39.38999938964844, 38.90999984741211, 42.150001525878906, 42.41999816894531, 41.70000076293945, 42.349998474121094, 40.029998779296875, 43.81999969482422, 44.15999984741211, 42.77000045776367, 40.290000915527344, 40.9900016784668, 40.93000030517578, 41.5, 39.15999984741211, 39.709999084472656, 40.88999938964844]
assets:[0, 99.9999863451004, 203.00394297294616, 298.7638759469986, 382.9820125980377, 495.9895693084717, 579.1822410707474, 706.9597605789185, 789.8176415634155, 909.9993763046265, 1037.952886221695, 1268.2111496257783, 1408.5058767433168, 1584.0132777065278, 1626.1402903007508, 1710.6106105705262, 1846.024359093094, 2011.164299402237, 2262.300445553589, 2658.217545230484, 2774.6461474639896, 3052.40085, 3501.067923313904, 3877.7083873260494, 4268.988298483277, 4491.560677217102, 5270.624104339599, 6840.208813897706, 7113.841403496552, 3624.4024745998386, 3454.618128765869, 3341.0273412101747, 3239.193499393463, 3533.462572441101, 3575.007895895386, 3532.948130256653, 3589.8949509220124, 3988.8232444000246, 4114.3750104034425, 4144.542225828171, 4309.146224740601, 4173.083339743042, 4668.188387489319, 4804.409263399124, 4753.1841228729245, 4577.572628018189, 4757.1028427947995, 4850.139548162842, 5017.682, 4834.756237161255, 5002.661713661957, 5251.3186166152955]
shares:[0, 3.4153, 6.7309, 10.1173, 13.6926, 17.1504, 20.7295, 24.1448, 27.645, 31.058, 34.3693, 37.3113, 40.1627, 42.8691, 45.6781, 48.5142, 51.2927, 53.9765, 56.4728, 58.6803, 60.8742, 62.9361, 64.7866, 66.5016, 68.0968, 69.6474, 70.9944, 72.0477, 73.0749, 75.1483, 77.3884, 79.7762, 82.3175, 84.715, 87.1528, 89.6915, 92.2615, 94.634, 96.9914, 99.3895, 101.7508, 104.2489, 106.531, 108.7955, 111.1336, 113.6156, 116.0552, 118.4984, 120.908, 123.4616, 125.9799, 128.4255]
growth_rate:2.97
