ticker:VIAV
price:[12.130000114440918, 11.539999961853027, 11.930000305175781, 11.5600004196167, 11.8100004196167, 12.680000305175781, 12.300000190734863, 13.119999885559082, 12.350000381469727, 13.0, 13.270000457763672, 13.6899995803833, 13.960000038146973, 13.6899995803833, 13.350000381469727, 14.109999656677246, 14.699999809265137, 14.979999542236328, 15.479999542236328, 15.829999923706055, 16.059999465942383, 15.449999809265137, 16.579999923706055, 16.979999542236328, 16.440000534057617, 16.18000030517578, 15.539999961853027, 16.43000030517578, 16.510000228881836, 16.270000457763672, 16.020000457763672, 16.360000610351562, 16.600000381469727, 16.850000381469727, 16.360000610351562, 16.360000610351562, 16.469999313354492, 16.959999084472656, 17.530000686645508, 17.299999237060547, 17.649999618530273, 17.1200008392334, 17.59000015258789, 17.469999313354492, 17.170000076293945, 16.760000228881836, 16.420000076293945, 16.690000534057617, 16.139999389648438, 16.020000457763672, 16.1299991607666, 16.670000076293945]
assets:[0, 99.9998696694374, 203.37906620254515, 297.07120278339386, 403.4957503364563, 533.2193728332519, 617.239839571476, 758.3897853848457, 813.881080139351, 956.7167999999999, 1076.587175138092, 1210.661422891617, 1334.5383116467476, 1408.7269678206444, 1473.7399171113968, 1657.6385266665459, 1826.9512562950133, 1961.750780052185, 2127.2290290950777, 2275.32503903389, 2408.3848219118117, 2416.9083601625443, 2693.6796356048585, 2858.6661249332424, 2867.754237159729, 2922.4009131202697, 2906.8051668644907, 3173.2820439414977, 3288.7326095924377, 3340.9258229984284, 3389.590194855881, 3561.529596871948, 3713.7769853429795, 3869.707057606888, 3857.1760759017943, 3957.1765796325685, 4083.7824457443235, 4305.278807594299, 4549.973033221245, 4590.274537566375, 4783.141071621895, 4739.511304333878, 4969.625347109985, 5035.722061074639, 5049.247168436051, 5028.677172673797, 5026.662833355904, 5209.318015691185, 5137.650711714173, 5199.452950571823, 5335.153683415413, 5613.764220692635]
shares:[0, 8.6655, 17.0477, 25.6982, 34.1656, 42.052, 50.1821, 57.8041, 65.9013, 73.5936, 81.1294, 88.434, 95.5973, 102.9019, 110.3925, 117.4797, 124.2824, 130.958, 137.4179, 143.735, 149.9617, 156.4342, 162.4656, 168.3549, 174.4376, 180.6181, 187.0531, 193.1395, 199.1964, 205.3427, 211.5849, 217.6974, 223.7215, 229.6562, 235.7687, 241.8812, 247.9528, 253.849, 259.5535, 265.3338, 270.9995, 276.8406, 282.5256, 288.2497, 294.0738, 300.0404, 306.1305, 312.1221, 318.3179, 324.5601, 330.7597, 336.7585]
growth_rate:10.07
