ticker:VICR
price:[83.11000061035156, 81.88999938964844, 79.9000015258789, 75.2699966430664, 77.38999938964844, 86.66999816894531, 85.9000015258789, 83.73999786376953, 78.0, 83.91999816894531, 78.2699966430664, 82.0199966430664, 82.3499984741211, 84.11000061035156, 83.30999755859375, 91.26000213623047, 93.87999725341797, 92.22000122070312, 99.5, 97.47000122070312, 98.56999969482422, 86.54000091552734, 95.44999694824219, 102.95999908447266, 98.19000244140625, 98.48999786376953, 91.37999725341797, 98.55000305175781, 87.81999969482422, 85.93000030517578, 88.31999969482422, 85.58999633789062, 85.55999755859375, 90.20999908447266, 92.2300033569336, 86.75, 78.5, 86.2699966430664, 90.08000183105469, 93.4000015258789, 92.9800033569336, 89.47000122070312, 100.0, 107.97000122070312, 107.01000213623047, 105.61000061035156, 107.80000305175781, 115.61000061035156, 121.54000091552734, 118.37000274658203, 120.79000091552734, 122.83999633789062]
assets:[0, 100.00406725463867, 197.57672377319335, 286.13136523895264, 394.1937008911133, 541.4621465606689, 636.6478613090516, 720.6412996162416, 771.2484000000001, 929.7832277130127, 967.1823485183716, 1113.519878425598, 1217.997652431488, 1344.0273437530518, 1431.240765057373, 1667.82216904068, 1815.7048628791808, 1883.6027469329833, 2132.29495, 2188.7960944122315, 2313.4970348373413, 2131.142716545868, 2450.5641316497804, 2743.3794716056823, 2716.2791325378416, 2824.5749507354735, 2720.6657962257386, 3034.137783956909, 2803.7852202568056, 2843.440896098328, 3022.522357556152, 3029.0984423950194, 3128.039286743164, 3398.0392665138247, 3574.1247590888975, 3461.75875, 3232.54365, 3652.5077448738098, 3913.81393555603, 4158.065327930451, 4239.367465057373, 4179.331644021607, 4771.21, 5251.477310372925, 5304.7854338989255, 5335.385547834778, 5546.0190970047, 6047.825034928894, 6458.040102646637, 6389.600911260223, 6620.234212178039, 6832.593992306518]
shares:[0, 1.2212, 2.4728, 3.8014, 5.0936, 6.2474, 7.4115, 8.6057, 9.8878, 11.0794, 12.357, 13.5762, 14.7905, 15.9794, 17.1797, 18.2755, 19.3407, 20.4251, 21.4301, 22.4561, 23.4706, 24.6261, 25.6738, 26.6451, 27.6635, 28.6788, 29.7731, 30.7878, 31.9265, 33.0902, 34.2224, 35.3908, 36.5596, 37.6681, 38.7523, 39.905, 41.1789, 42.3381, 43.4482, 44.5189, 45.5944, 46.7121, 47.7121, 48.6383, 49.5728, 50.5197, 51.4473, 52.3123, 53.1351, 53.9799, 54.8078, 55.6219]
growth_rate:33.97
