ticker:VIEW
price:[9.6899995803833, 9.699999809265137, 9.6899995803833, 9.800000190734863, 9.979999542236328, 10.010000228881836, 10.479999542236328, 10.489999771118164, 10.600000381469727, 11.569999694824219, 11.020000457763672, 11.699999809265137, 12.489999771118164, 12.1899995803833, 10.850000381469727, 11.0, 11.399999618530273, 10.979999542236328, 9.970000267028809, 8.380000114440918, 8.729999542236328, 8.579999923706055, 7.840000152587891, 8.079999923706055, 8.210000038146973, 7.0, 8.039999961853027, 8.720000267028809, 7.400000095367432, 6.309999942779541, 8.720000267028809, 7.920000076293945, 8.09000015258789, 9.609999656677246, 8.90999984741211, 8.380000114440918, 7.550000190734863, 7.25, 7.070000171661377, 6.710000038146973, 6.090000152587891, 6.179999828338623, 5.28000020980835, 4.409999847412109, 4.670000076293945, 5.010000228881836]
assets:[0, 100.00020803365707, 199.8969393436432, 302.16634588098526, 407.71591529884336, 508.94144463710785, 632.8379163578034, 733.441901996994, 841.133350270462, 1018.104437145996, 1069.7070364349365, 1235.7141998552322, 1419.1512439937592, 1485.0637648796082, 1421.8165999889375, 1541.4729000000002, 1697.5260631969452, 1734.9859616672513, 1675.3927428724287, 1508.2039285966873, 1671.1960343696594, 1742.4812965057372, 1692.1973929347992, 1843.9989985883713, 1973.6675891704558, 1782.7858999999999, 2147.6568498101237, 2429.2996423913955, 2161.561487857103, 1943.169530378914, 2785.3311492939947, 2629.7964253330233, 2786.2437835521696, 3409.74031518507, 3261.3717941474915, 3167.373559255028, 2953.659734617996, 2936.2956750000003, 2963.3948139519694, 2912.5003435578346, 2743.3873377368927, 2883.9296738933085, 2563.9401178818225, 2241.4723864440916, 2473.6229194116595, 2753.7155638034824]
shares:[0, 10.3093, 20.6292, 30.8333, 40.8533, 50.8433, 60.3853, 69.9182, 79.3522, 87.9952, 97.0696, 105.6166, 113.623, 121.8264, 131.043, 140.1339, 148.9058, 158.0133, 168.0434, 179.9766, 191.4314, 203.0864, 215.8415, 228.2177, 240.398, 254.6837, 267.1215, 278.5894, 292.1029, 307.9508, 319.4187, 332.045, 344.4059, 354.8117, 366.035, 377.9682, 391.2132, 405.0063, 419.1506, 434.0537, 450.4741, 466.6553, 485.5947, 508.2704, 529.6837, 549.6438]
growth_rate:-38.81
