ticker:VIGI
price:[72.05999755859375, 72.72000122070312, 73.37999725341797, 71.22000122070312, 72.52999877929688, 74.5999984741211, 73.88999938964844, 74.01000213623047, 70.22000122070312, 75.87000274658203, 77.80000305175781, 78.2300033569336, 79.05999755859375, 79.7699966430664, 79.7300033569336, 81.06999969482422, 80.2699966430664, 81.38999938964844, 83.30999755859375, 82.31999969482422, 83.94999694824219, 80.68000030517578, 83.86000061035156, 85.86000061035156, 84.86000061035156, 81.5199966430664, 82.13999938964844, 83.48999786376953, 83.55000305175781, 83.41999816894531, 83.94999694824219, 84.8499984741211, 85.91000366210938, 85.77999877929688, 84.62999725341797, 86.5999984741211, 85.58999633789062, 86.3499984741211, 87.77999877929688, 88.2300033569336, 88.95999908447266, 87.4000015258789, 88.18000030517578, 87.77999877929688, 87.80999755859375, 87.69000244140625, 88.02999877929688, 88.1500015258789, 88.61000061035156, 90.12999725341797, 89.62000274658203, 90.77999877929688]
assets:[0, 99.99727367858887, 200.90709448013305, 294.9932450561524, 400.4163642608642, 511.8455095306397, 606.9767889862061, 707.9648784347534, 771.7107914154053, 933.800406804657, 1057.5510014831543, 1163.3974949226379, 1275.7437446044921, 1387.2002416229248, 1486.5021285873415, 1611.4851329338073, 1695.5832740898131, 1819.2455443572999, 1962.1587174987792, 2038.8441284416197, 2179.215995780945, 2194.334648300171, 2380.827347328186, 2537.6094900390626, 2608.0533147583005, 2605.403548711395, 2725.216257749939, 2870.002072566223, 2972.0657735580444, 3067.445094670105, 3186.9349691482544, 3321.1053052757266, 3462.5941066009523, 3557.356595376587, 3609.664031851959, 3793.686133155823, 3849.444321295166, 3983.6276546058652, 4149.597548294068, 4270.870365496064, 4406.206546653748, 4428.942637322998, 4568.464727810669, 4647.7402633667, 4749.326651953124, 4842.838226831054, 4961.6172151977535, 5068.378267733765, 5194.823312782288, 5383.933411932373, 5453.466787132263, 5624.056952374267]
shares:[0, 1.3751, 2.7379, 4.142, 5.5207, 6.8612, 8.2146, 9.5658, 10.9899, 12.3079, 13.5932, 14.8715, 16.1364, 17.39, 18.6442, 19.8777, 21.1235, 22.3522, 23.5525, 24.7673, 25.9585, 27.198, 28.3905, 29.5552, 30.7336, 31.9603, 33.1777, 34.3754, 35.5723, 36.7711, 37.9623, 39.1409, 40.3049, 41.4707, 42.6523, 43.807, 44.9754, 46.1335, 47.2727, 48.4061, 49.5302, 50.6744, 51.8084, 52.9476, 54.0864, 55.2268, 56.3628, 57.4972, 58.6257, 59.7352, 60.851, 61.9526]
growth_rate:10.28
