ticker:VIH
price:[9.899999618530273, 9.75, 10.0, 10.050000190734863, 10.211000442504883, 10.079999923706055, 16.479999542236328, 14.420000076293945, 15.020000457763672, 14.930000305175781, 16.920000076293945, 18.25, 18.729999542236328, 14.970000267028809, 13.390000343322754, 14.670000076293945, 13.649999618530273, 12.75, 14.0600004196167, 14.25, 11.6899995803833, 10.920000076293945, 10.9399995803833, 10.989999771118164, 10.260000228881836, 10.1899995803833, 10.199999809265137, 10.25, 10.34000015258789, 10.130000114440918, 10.0, 10.09000015258789, 9.930000305175781, 9.90999984741211, 9.890000343322754, 9.84000015258789, 9.90999984741211, 9.930000305175781, 9.880000114440918, 9.970000267028809, 9.989999771118164]
assets:[0, 99.9999, 202.564, 303.57633576145173, 408.4400177001953, 503.19964419136045, 922.6921023704529, 907.3554328006744, 1045.1096558517456, 1138.846986278534, 1390.642962270546, 1599.9556, 1742.036051424408, 1492.3263926195143, 1434.8202157891274, 1671.979517695427, 1655.727208728218, 1646.55795, 1915.7341091745377, 2041.6217250000002, 1774.8458762912749, 1757.9398322820662, 1861.1597706130028, 1969.6662239789962, 1938.8332692518234, 2025.604800587082, 2127.5924602150917, 2238.0219, 2357.6730667922975, 2409.7902722239496, 2478.8650000000002, 2601.174796336746, 2659.927335746765, 2754.5696835868835, 2849.010420900917, 2934.606861506653, 3055.482864953613, 3161.6495381660466, 3245.730213595581, 3375.296731401348, 3482.0673672220228]
shares:[0, 10.2564, 20.2564, 30.2066, 40.0, 49.9206, 55.9886, 62.9234, 69.5812, 76.2791, 82.1893, 87.6688, 93.0078, 99.6878, 107.1561, 113.9727, 121.2987, 129.1418, 136.2542, 143.2717, 151.826, 160.9835, 170.1243, 179.2235, 188.9701, 198.7836, 208.5875, 218.3436, 228.0148, 237.8865, 247.8865, 257.7973, 267.8678, 277.9586, 288.0698, 298.2324, 308.3232, 318.3937, 328.5152, 338.5453, 348.5553]
growth_rate:-12.95
