ticker:VIHAU
price:[10.0, 9.989999771118164, 9.949999809265137, 9.949999809265137, 9.920000076293945, 9.920000076293945, 9.960000038146973, 9.979999542236328, 9.989999771118164, 10.100000381469727, 10.079999923706055, 10.461000442504883, 10.489999771118164, 10.472000122070312, 10.699999809265137, 18.25, 16.75, 16.889999389648438, 16.549999237060547, 18.829999923706055, 20.360000610351562, 21.170000076293945, 16.899999618530273, 14.40999984741211, 16.850000381469727, 16.389999389648438, 15.140000343322754, 15.65999984741211, 16.360000610351562, 14.40999984741211, 11.859999656677246, 11.800000190734863, 11.90999984741211, 11.109999656677246, 11.199999809265137, 11.0600004196167, 11.460000038146973, 11.09000015258789, 11.199999809265137, 10.8100004196167, 10.805000305175781, 10.739999771118164, 10.600000381469727, 10.880000114440918, 10.774999618530273, 10.4399995803833, 10.444999694824219, 10.300000190734863, 10.539999961853027]
assets:[0, 99.99989770889282, 199.59998117380144, 299.60046425685886, 398.69670706634525, 498.696259835434, 600.7075223007201, 701.9133278045654, 802.6165616111755, 911.4543344249724, 1009.6490803581238, 1147.811305452919, 1250.9933147045135, 1348.847022923279, 1478.214603649807, 2621.2548, 2505.808375, 2626.7529730773927, 2673.875801736832, 3142.241173268509, 3497.558992849731, 3736.706128466606, 3083.011160409737, 2728.7683541049955, 3290.821924501419, 3300.9835740737913, 3149.230593413639, 3357.3943472862243, 3607.4701145858767, 3277.483856294632, 2797.4987670181276, 2883.346566606331, 3010.225068433762, 2908.0268561357498, 3031.5845883724214, 3093.6900453746794, 3305.5774190032957, 3298.852516389084, 3431.5735415606496, 3412.081504448319, 3510.503540150452, 3589.3852515060426, 3642.596851088715, 3838.8165523784637, 3901.7685143648146, 3880.4601480319975, 3982.3190756469726, 4027.03536457243, 4220.869464723587]
shares:[0, 10.01, 20.0603, 30.1106, 40.1912, 50.2718, 60.312, 70.332, 80.342, 90.243, 100.1636, 109.7229, 119.2558, 128.8051, 138.1509, 143.6304, 149.6005, 155.5212, 161.5635, 166.8742, 171.7858, 176.5095, 182.4267, 189.3663, 195.301, 201.4023, 208.0073, 214.393, 220.5055, 227.4451, 235.8768, 244.3514, 252.7477, 261.7486, 270.6772, 279.7188, 288.4448, 297.4619, 306.3905, 315.6412, 324.8962, 334.2072, 343.6412, 352.8324, 362.1131, 371.6916, 381.2656, 390.9743, 400.462]
growth_rate:-12.07
