ticker:VII
price:[10.149999618530273, 10.239999771118164, 10.210000038146973, 9.920000076293945, 9.899999618530273, 9.800000190734863, 9.770000457763672, 9.880000114440918, 9.930000305175781, 9.859999656677246, 9.880000114440918, 9.859999656677246, 9.859999656677246, 9.800000190734863, 9.800000190734863, 9.760000228881836, 9.75, 9.770000457763672, 9.739999771118164, 9.75, 9.680000305175781, 9.6899995803833, 9.6899995803833, 9.699999809265137, 9.706999778747559, 9.789999961853027, 9.779999732971191, 9.699999809265137, 9.743000030517578, 9.75]
assets:[0, 99.99974176483154, 199.70657974615096, 294.0337622613907, 393.44083483982087, 489.4668895263672, 587.9683975486755, 694.5887080454826, 798.1039145278932, 892.4778689241409, 994.2886315169334, 1092.2759719672204, 1192.276088485241, 1285.0211050100324, 1385.0212869563102, 1479.3681306926728, 1577.85225, 1681.088806765747, 1775.9263002672196, 1877.7495749999998, 1964.2685659263611, 2066.297448520851, 2166.297275190449, 2268.5331353929523, 2370.169784376526, 2490.435993295956, 2587.8915973413464, 2666.7229775631904, 2778.5447978031157, 2880.540975]
shares:[0, 9.7656, 19.5599, 29.6405, 39.7415, 49.9456, 60.181, 70.3025, 80.373, 90.515, 100.6365, 110.7785, 120.9205, 131.1246, 141.3287, 151.5746, 161.831, 172.0664, 182.3333, 192.5897, 202.9203, 213.2402, 223.5601, 233.8694, 244.1712, 254.3857, 264.6106, 274.9199, 285.1837, 295.4401]
growth_rate:-0.67
