ticker:VIIAU
price:[10.46500015258789, 10.550000190734863, 10.449999809265137, 10.609999656677246, 10.569999694824219, 10.5600004196167, 10.600000381469727, 10.84000015258789, 11.050000190734863, 10.850000381469727, 10.399999618530273, 10.449999809265137, 10.220000267028809, 9.989999771118164, 10.199999809265137, 10.399999618530273, 10.25, 10.199999809265137, 10.100000381469727, 10.25, 10.1899995803833, 10.130000114440918, 10.100000381469727, 10.140000343322754, 10.199999809265137, 10.140000343322754, 10.109999656677246, 10.119999885559082, 10.140000343322754, 10.125, 10.109999656677246, 10.079999923706055, 10.039999961853027, 10.140000343322754, 9.899999618530273, 9.970000267028809, 9.899999618530273]
assets:[0, 100.00028680791854, 199.05264136686327, 302.10064222450256, 400.9613114234924, 500.5820358913421, 602.4785816818237, 716.1196780803681, 829.9931393265724, 914.9707671689987, 977.0227641630173, 1081.7202352562906, 1157.91172225399, 1231.8528857769013, 1357.7474746108057, 1484.3701055536271, 1562.961, 1655.3365490460396, 1739.1079556848524, 1864.93625, 1954.019034534931, 2042.5139490747451, 2136.465200692749, 2244.926110009289, 2358.2093559026716, 2444.337328761005, 2537.1054248431205, 2639.6147501502037, 2744.8311689352036, 2840.7702375000003, 2936.561621278095, 3027.847513082695, 3115.832664161396, 3246.8666419332503, 3270.0173939987185, 3393.1390438792228, 3469.315276319313]
shares:[0, 9.4787, 19.0481, 28.4732, 37.9339, 47.4036, 56.8376, 66.0627, 75.1125, 84.3291, 93.9445, 103.5139, 113.2986, 123.3086, 133.1125, 142.7279, 152.484, 162.2879, 172.1889, 181.945, 191.7585, 201.6302, 211.5312, 221.3931, 231.197, 241.0589, 250.9501, 260.8315, 270.6934, 280.5699, 290.4611, 300.3817, 310.3419, 320.2038, 330.3048, 340.3349, 350.4359]
growth_rate:-3.63
