ticker:VINC
price:[10.090999603271484, 10.071000099182129, 10.25, 10.100000381469727, 12.850000381469727, 13.5, 13.399999618530273, 14.199999809265137, 15.479999542236328, 15.630000114440918, 16.25, 16.399999618530273, 16.420000076293945, 16.309999465942383, 15.210000038146973, 16.739999771118164, 19.559999465942383, 20.90999984741211, 21.399999618530273, 21.0, 20.809999465942383, 19.09000015258789, 19.639999389648438, 16.75, 18.450000762939453, 19.299999237060547, 18.93000030517578, 22.469999313354492, 24.030000686645508, 19.020000457763672, 19.229999542236328, 19.059999465942383, 17.600000381469727, 16.350000381469727, 16.0, 15.75, 16.860000610351562, 14.890000343322754, 13.880000114440918, 12.720000267028809, 13.329999923706055, 12.149999618530273, 11.529999732971191, 15.239999771118164, 14.279999732971191, 14.59000015258789, 15.289999961853027, 13.25, 12.34000015258789, 12.960000038146973, 11.859999656677246, 16.229999542236328]
assets:[0, 99.99999548482896, 201.7774, 298.82467128639223, 480.18780925502773, 604.47735, 699.9999000724792, 841.7916086930276, 1017.6706499061585, 1127.5325782556533, 1272.258, 1384.002527807617, 1485.6898169031144, 1575.7367754037857, 1569.463626936245, 1827.3383750152586, 2235.170038971901, 2489.437940833664, 2647.77487280159, 2698.2837, 2773.870959812736, 2644.6026271385194, 2820.794912338257, 2505.717925, 2860.0305582672117, 3091.7923277797695, 3132.5194135002134, 3818.315748318672, 4183.406849538804, 3411.2104540992736, 3548.8733395202635, 3617.500222638321, 3440.398794568634, 3296.0521669017794, 3325.4944, 3373.53345, 3711.2874023529052, 3377.6432108792305, 3248.5349107842444, 3077.0431125958444, 3324.605954971695, 3130.305246718788, 3070.569217887211, 4158.584457544327, 3996.6263492650987, 4183.387825751495, 4484.098288812637, 3985.8279, 3812.0839531375887, 4103.61423607874, 3855.313484396553, 5375.86274837494]
shares:[0, 9.9295, 19.6856, 29.5866, 37.3687, 44.7761, 52.2388, 59.2811, 65.741, 72.139, 78.2928, 84.3904, 90.4805, 96.6117, 103.1863, 109.16, 114.2725, 119.0549, 123.7278, 128.4897, 133.2951, 138.5334, 143.625, 149.5951, 155.0152, 160.1965, 165.4791, 169.9295, 174.091, 179.3486, 184.5488, 189.7954, 195.4772, 201.5934, 207.8434, 214.1926, 220.1238, 226.8397, 234.0443, 241.9059, 249.4078, 257.6383, 266.3113, 272.873, 279.8758, 286.7298, 293.27, 300.8172, 308.9209, 316.6369, 325.0686, 331.23]
growth_rate:5.41
