ticker:VINO
price:[7.050000190734863, 14.819999694824219, 18.75, 17.399999618530273, 5.099999904632568, 4.420000076293945, 3.380000114440918, 4.019999980926514, 5.03000020980835, 4.269999980926514, 3.8499999046325684, 4.119999885559082, 3.5299999713897705, 3.632999897003174, 4.341000080108643, 4.139999866485596, 4.050000190734863, 3.4700000286102295, 3.549999952316284, 3.809999942779541, 4.090000152587891, 5.949999809265137, 5.340000152587891, 4.789999961853027, 4.579999923706055, 3.5, 3.390000104904175, 3.3399999141693115, 3.5399999618530273, 3.2100000381469727, 3.069999933242798, 3.319999933242798, 3.4100000858306885]
assets:[0, 99.9994299407959, 226.516875, 310.2071931991577, 190.9225764298439, 265.46608858222964, 303.0034902591705, 460.37682981567383, 676.0435971987247, 673.8978019897937, 707.6126574718952, 857.2372521885871, 834.4775202366591, 958.8264190169334, 1245.6829645877838, 1288.0044664620398, 1360.0046440494539, 1265.2383504319191, 1394.4080312702656, 1596.5336130224703, 1813.8643516708373, 2738.7509972058297, 2557.9716790927887, 2394.5099639304162, 2389.5316041950227, 1926.0611999999999, 1965.5278238236187, 2036.5375596654414, 2258.485991662598, 2147.94905552578, 2154.268994155383, 2429.698127144623, 2595.563508331084]
shares:[0, 6.7476, 12.0809, 17.828, 37.4358, 60.0602, 89.646, 114.5216, 134.4023, 157.8215, 183.7955, 208.0673, 236.3959, 263.9214, 286.9576, 311.1122, 335.8036, 364.622, 392.791, 419.0377, 443.4876, 460.2943, 479.0209, 499.8977, 521.7318, 550.3032, 579.8017, 609.7418, 637.9904, 669.143, 701.7163, 731.8368, 761.1623]
growth_rate:-18.89
