ticker:VINP
price:[17.049999237060547, 18.75, 18.59000015258789, 19.399999618530273, 15.670000076293945, 17.190000534057617, 14.529999732971191, 14.0, 13.029999732971191, 12.850000381469727, 12.489999771118164, 12.25, 11.819999694824219, 11.100000381469727, 11.050000190734863, 11.600000381469727, 13.050000190734863, 14.479999542236328, 14.380000114440918, 15.390000343322754, 14.75, 15.050000190734863, 14.0, 12.989999771118164, 12.359999656677246, 13.020000457763672, 12.970000267028809, 13.289999961853027, 13.15999984741211, 13.8100004196167, 14.449999809265137, 14.149999618530273]
assets:[0, 99.999375, 199.1453766345978, 307.8217339471817, 348.6371306974411, 482.45455498886105, 507.7987896677971, 589.2768, 648.4483607110977, 739.4905369527817, 818.7731919958114, 903.0406, 971.3415709213258, 1012.1735147850037, 1107.6144491186142, 1262.7447215257644, 1520.5873272244453, 1787.2113194999695, 1874.8687289208412, 2106.5524669933316, 2118.951075, 2262.0481386678694, 2204.2314, 2145.2114292016986, 2141.1709445248603, 2355.50557081604, 2446.4598153681754, 2606.8202025175096, 2681.321016910553, 2913.756797534466, 3148.7893434370994, 3183.415974178314]
shares:[0, 5.3333, 10.7125, 15.8671, 22.2487, 28.066, 34.9483, 42.0912, 49.7658, 57.5479, 65.5543, 73.7176, 82.1778, 91.1868, 100.2366, 108.8573, 116.5201, 123.4262, 130.3803, 136.878, 143.6577, 150.3022, 157.4451, 165.1433, 173.2339, 180.9144, 188.6245, 196.149, 203.7478, 210.9889, 217.9093, 224.9764]
growth_rate:2.69
