ticker:VIOT
price:[5.900000095367432, 5.849999904632568, 5.880000114440918, 5.760000228881836, 6.019999980926514, 6.03000020980835, 6.099999904632568, 5.849999904632568, 5.710000038146973, 6.090000152587891, 6.300000190734863, 6.130000114440918, 5.639999866485596, 5.510000228881836, 5.510000228881836, 5.699999809265137, 5.400000095367432, 5.150000095367432, 5.570000171661377, 6.380000114440918, 7.400000095367432, 7.480000019073486, 7.5, 8.899999618530273, 15.880000114440918, 10.380000114440918, 9.729999542236328, 13.5, 13.109999656677246, 10.399999618530273, 9.270000457763672, 9.609999656677246, 7.849999904632568, 8.140000343322754, 7.789999961853027, 7.110000133514404, 7.199999809265137, 7.619999885559082, 8.149999618530273, 8.460000038146973, 8.15999984741211, 8.960000038146973, 8.229999542236328, 7.539999961853027, 7.260000228881836, 6.769999980926514, 6.010000228881836, 5.579999923706055, 5.619999885559082, 5.28000020980835, 4.989999771118164, 4.929999828338623]
assets:[0, 99.99989836978914, 200.51270790252684, 296.42055577869417, 409.80066270160677, 510.48112476172446, 616.4068203630924, 691.1441437328815, 774.6037591749191, 926.1538252052306, 1058.0900720340728, 1129.5383410873415, 1139.2489530308246, 1212.9896333868028, 1312.9895255407334, 1458.2651512031555, 1481.514326164484, 1512.925828016281, 1736.3099745111942, 2088.807571467876, 2522.754752511978, 2650.027870757389, 2757.11325, 3371.7746454797743, 6116.1550480767255, 4097.839281179237, 3941.2306955783847, 5568.305850000001, 5507.443994771862, 4468.986956078529, 4083.41480764389, 4333.183441194534, 3639.5935807836054, 3874.05001339674, 3807.4754363551137, 3575.1156791349413, 3720.370221443844, 4037.3921693644525, 4418.207703200913, 4686.262203130817, 4620.082569606781, 5173.0318300240515, 4851.5682701492315, 4544.814901006507, 4476.042063113594, 4273.939576958799, 3894.14719430275, 3715.5305551984784, 3842.165187761402, 3709.7212834110737, 3605.9674466011043, 3662.6092764688497]
shares:[0, 17.094, 34.1008, 51.4619, 68.0732, 84.6569, 101.0503, 118.1443, 135.6574, 152.0778, 167.9508, 184.264, 201.9945, 220.1433, 238.2921, 255.836, 274.3545, 293.772, 311.7253, 327.3993, 340.9128, 354.2818, 367.6151, 378.8511, 385.1483, 394.7822, 405.0597, 412.4671, 420.0949, 429.7103, 440.4978, 450.9036, 463.6425, 475.9275, 488.7645, 502.8292, 516.7181, 529.8415, 542.1114, 553.9317, 566.1866, 577.3473, 589.498, 602.7606, 616.5347, 631.3057, 647.9446, 665.8657, 683.6593, 702.5987, 722.6388, 742.9228]
growth_rate:-28.18
