ticker:VIR
price:[28.56999969482422, 28.3799991607666, 32.720001220703125, 35.90999984741211, 33.33000183105469, 40.88999938964844, 39.439998626708984, 34.709999084472656, 31.440000534057617, 32.439998626708984, 26.979999542236328, 29.020000457763672, 29.639999389648438, 31.40999984741211, 32.130001068115234, 30.709999084472656, 29.540000915527344, 26.780000686645508, 27.81999969482422, 39.310001373291016, 40.529998779296875, 64.54000091552734, 66.72000122070312, 69.70999908447266, 76.58000183105469, 62.630001068115234, 45.18000030517578, 52.81999969482422, 53.66999816894531, 51.529998779296875, 49.56999969482422, 43.130001068115234, 46.380001068115234, 48.90999984741211, 47.7400016784668, 42.970001220703125, 42.209999084472656, 45.279998779296875, 41.90999984741211, 44.939998626708984, 45.529998779296875, 46.150001525878906, 45.5099983215332, 41.630001068115234, 39.0099983215332, 36.81999969482422, 36.88999938964844, 35.650001525878906, 38.31999969482422, 42.38999938964844, 46.470001220703125, 49.95000076293945]
assets:[0, 99.9997650428772, 215.29106403198242, 336.2791935710907, 412.118806640625, 605.5972469604492, 684.1222721790314, 702.07568048172, 735.934956501007, 859.3420516212464, 814.7042541770935, 976.3053654003143, 1097.1631094070435, 1262.681993865967, 1391.6274582626343, 1430.1247343650818, 1475.6382517341613, 1437.764676864624, 1593.5991325187683, 2351.7758661590574, 2524.763584957886, 4120.433732450104, 4359.611647763061, 4654.982782864379, 5213.735000662232, 4363.989581425095, 3248.094135939789, 3897.350087482452, 4060.0655904830937, 3998.1765342864987, 3946.0991377059936, 3533.4339635055544, 3899.6907838085176, 4212.4177558582305, 4211.651592075348, 3890.8390765319823, 3922.0222639320373, 4307.277995880127, 4086.7069501209257, 4482.167161032486, 4641.013918569946, 4804.210543843842, 4837.585393583679, 4525.151975103378, 4340.357740249252, 4196.692017216492, 4304.671894778443, 4259.975542333985, 4679.025242736816, 5275.986494033813, 5883.794557559205, 6424.414253126906]
shares:[0, 3.5236, 6.5798, 9.3645, 12.3648, 14.8104, 17.3459, 20.2269, 23.4076, 26.4902, 30.1966, 33.6425, 37.0163, 40.2, 43.3124, 46.5687, 49.9539, 53.688, 57.2825, 59.8264, 62.2937, 63.8431, 65.3419, 66.7764, 68.0822, 69.6789, 71.8923, 73.7855, 75.6487, 77.5893, 79.6066, 81.9252, 84.0813, 86.1259, 88.2206, 90.5478, 92.9169, 95.1254, 97.5115, 99.7367, 101.9331, 104.0999, 106.2972, 108.6993, 111.2627, 113.9786, 116.6894, 119.4944, 122.104, 124.463, 126.6149, 128.6169]
growth_rate:25.97
