ticker:VIRC
price:[2.200000047683716, 2.0999999046325684, 2.119999885559082, 2.049999952316284, 2.299999952316284, 2.200000047683716, 2.0899999141693115, 2.0899999141693115, 1.9600000381469727, 1.9900000095367432, 2.180000066757202, 2.2100000381469727, 2.4000000953674316, 2.450000047683716, 2.309999942779541, 2.490000009536743, 2.509999990463257, 2.5299999713897705, 2.4000000953674316, 2.6700000762939453, 2.740000009536743, 2.75, 3.309999942779541, 3.5799999237060547, 3.569999933242798, 3.0999999046325684, 3.319999933242798, 3.4700000286102295, 3.299999952316284, 3.190000057220459, 3.0999999046325684, 3.1700000762939453, 3.1700000762939453, 3.0799999237060547, 3.190000057220459, 3.25, 3.190000057220459, 3.1600000858306885, 3.109999895095825, 3.5, 3.690000057220459, 3.5999999046325684, 3.4000000953674316, 3.7200000286102295, 3.7100000381469727, 3.430000066757202, 3.2899999618530273, 3.319999933242798, 3.490000009536743, 3.740000009536743, 3.490000009536743, 3.680000066757202]
assets:[0, 99.99989545869828, 200.9522451522827, 294.3170581540823, 430.20947108087535, 511.5046310865641, 585.9293859374523, 685.9294028307199, 743.2639624659538, 854.6405280957222, 1036.2394877323152, 1150.4997208588602, 1349.4115736207964, 1477.524223756671, 1493.0941040149212, 1709.4390395471812, 1823.1693660728693, 1937.6966180877687, 1938.1313570144177, 2256.171157468986, 2415.32179040668, 2524.136725, 3138.1427597504617, 3494.1243175361633, 3584.3641849741934, 3212.4731711724758, 3540.4552328099726, 3800.415513334513, 3714.2278263308526, 3690.4204701967237, 3686.3019565957543, 3869.5411111301423, 3969.540982536888, 3956.840789986038, 4198.156829304218, 4377.118850000001, 4396.310700858593, 4454.966225004054, 4484.475855733037, 5146.83785, 5526.237811694812, 5491.451374526215, 5286.371148278713, 5883.911769252705, 5968.094900365162, 5617.672631335306, 5488.3795813632005, 5638.425606624842, 6027.140323469711, 6558.884018724703, 6220.455960997963, 6659.105480799794]
shares:[0, 47.619, 94.7888, 143.5693, 187.0476, 232.5021, 280.349, 328.1959, 379.2163, 429.4676, 475.3392, 520.5881, 562.2548, 603.0711, 646.3611, 686.5217, 726.3623, 765.888, 807.5547, 845.0079, 881.5043, 917.8679, 948.0794, 976.0124, 1004.0236, 1036.2817, 1066.4022, 1095.2206, 1125.5236, 1156.8716, 1189.1297, 1220.6754, 1252.2211, 1284.6886, 1316.0366, 1346.8058, 1378.1538, 1409.7994, 1441.9537, 1470.5251, 1497.6254, 1525.4032, 1554.815, 1581.6967, 1608.6509, 1637.8054, 1668.2005, 1698.321, 1726.9743, 1753.7123, 1782.3656, 1809.5395]
growth_rate:30.57
