ticker:VIRI
price:[10.399999618530273, 9.140000343322754, 7.510000228881836, 8.359999656677246, 8.15999984741211, 7.800000190734863, 6.789999961853027, 7.550000190734863, 7.610000133514404, 7.599999904632568, 6.190000057220459, 5.010000228881836, 6.590000152587891, 5.730000019073486, 5.300000190734863, 5.730000019073486, 6.170000076293945, 5.579999923706055, 5.514999866485596, 5.409999847412109, 4.929999828338623, 4.789999961853027, 5.71999979019165, 5.25, 5.449999809265137, 6.130000114440918, 6.039999961853027, 6.590000152587891, 6.230000019073486, 6.369999885559082, 5.710000038146973, 5.710000038146973, 5.949999809265137, 5.210000038146973, 5.050000190734863, 4.610000133514404, 5.260000228881836, 5.059999942779541]
assets:[0, 99.99982975625991, 182.16632055187225, 302.78413956546785, 395.54048860359194, 478.0900916908264, 516.1832661000252, 673.9590720261573, 779.3150006727695, 878.2909489789009, 815.3449505370617, 759.9158327167511, 1099.5698624599456, 1056.0751025153636, 1076.8232987524034, 1264.1881302081108, 1461.2639470689774, 1421.5317645637513, 1504.972871565628, 1576.3197705402376, 1536.4615615007879, 1592.8297043148996, 2002.0845825639724, 1937.5776, 2111.389876107216, 2474.829392202568, 2538.494203967571, 2869.6485164451597, 2812.8848806118012, 2976.0957965326306, 2767.740369490528, 2867.7401711586, 3088.275406001377, 2804.187698531914, 2818.0707964365006, 2672.536015401745, 3149.3578090400697, 3129.609964609146]
shares:[0, 10.9409, 24.2565, 36.2182, 48.4731, 61.2936, 76.0211, 89.2661, 102.4067, 115.5646, 131.7197, 151.6798, 166.8543, 184.3063, 203.1742, 220.6262, 236.8337, 254.7548, 272.8872, 291.3715, 311.6555, 332.5323, 350.0148, 369.0624, 387.411, 403.7242, 420.2805, 435.455, 451.5064, 467.205, 484.7181, 502.2312, 519.0379, 538.2318, 558.0338, 579.7258, 598.7372, 618.5]
growth_rate:-15.42
