ticker:VIRX
price:[1.340000033378601, 1.25, 1.5199999809265137, 1.3600000143051147, 1.2999999523162842, 1.409999966621399, 1.399999976158142, 1.4600000381469727, 1.149999976158142, 1.1299999952316284, 1.2699999809265137, 1.2699999809265137, 1.5, 1.7300000190734863, 1.7899999618530273, 1.8700000047683716, 1.8600000143051147, 1.9900000095367432, 2.4200000762939453, 2.890000104904175, 3.0299999713897705, 2.4800000190734863, 2.990000009536743, 15.699999809265137, 9.739999771118164, 9.710000038146973, 8.829999923706055, 8.739999771118164, 9.539999961853027, 8.510000228881836, 8.0, 8.739999771118164, 10.800000190734863, 10.5, 7.679999828338623, 9.869999885559082, 10.380000114440918, 10.079999923706055, 11.880000114440918, 12.760000228881836, 11.420000076293945, 12.460000038146973, 11.600000381469727, 11.020000457763672, 10.609999656677246, 10.520000457763672, 11.430000305175781, 10.260000228881836, 9.069999694824219, 9.819999694824219, 9.220000267028809]
assets:[0, 100.0, 221.60003721928598, 298.2737071373821, 385.11458587408066, 517.7012277445793, 614.0296295431375, 740.3451413437843, 683.1485158369303, 771.2677107454061, 966.8230454797745, 1066.8230979779244, 1360.0273499999998, 1668.5649503961563, 1826.4341580765724, 2008.0624791204216, 2097.324112130356, 2343.9113622328045, 2950.3847170150757, 3623.3934085256337, 3898.9209411851407, 3291.1961213123323, 4068.0146129751206, 21460.477319282723, 13413.69684678936, 13472.38230292797, 12351.403893280029, 12325.511261221314, 13553.704997803688, 12190.36002486744, 11559.7976, 12729.078128652764, 15829.296759555435, 15489.5937, 11429.530880530072, 14788.733081527233, 15652.892776575278, 15300.496396192933, 18132.72810667391, 19575.893435141563, 17620.117967715265, 19324.75233116379, 18090.941834926416, 17286.39478406563, 16743.252132214926, 16701.22765873146, 18245.91522715759, 16478.223163599014, 14667.005806503295, 15979.8233093956, 15103.460383425047]
shares:[0, 80.0, 145.7895, 219.3189, 296.242, 367.164, 438.5926, 507.0857, 594.0422, 682.5378, 761.278, 840.0182, 906.6849, 964.4884, 1020.3543, 1073.8302, 1127.5936, 1177.8449, 1219.1672, 1253.7693, 1286.7726, 1327.0952, 1360.54, 1366.9094, 1377.1763, 1387.475, 1398.8, 1410.2416, 1420.7238, 1432.4747, 1444.9747, 1456.4163, 1465.6756, 1475.1994, 1488.2202, 1498.3519, 1507.9858, 1517.9064, 1526.3239, 1534.1609, 1542.9175, 1550.9432, 1559.5639, 1568.6383, 1578.0634, 1587.5691, 1596.318, 1606.0646, 1617.09, 1627.2733, 1638.1193]
growth_rate:202.07
