ticker:VISL
price:[1.2999999523162842, 1.3799999952316284, 1.3799999952316284, 1.3899999856948853, 1.340000033378601, 1.3600000143051147, 1.340000033378601, 1.2999999523162842, 1.2200000286102295, 1.2999999523162842, 1.1299999952316284, 1.2999999523162842, 1.309999942779541, 1.3200000524520874, 1.2200000286102295, 1.2599999904632568, 1.5399999618530273, 1.3200000524520874, 1.6699999570846558, 2.0, 2.5399999618530273, 2.319999933242798, 3.6600000858306885, 4.090000152587891, 4.420000076293945, 3.240000009536743, 3.049999952316284, 3.509999990463257, 3.6700000762939453, 3.200000047683716, 3.180000066757202, 2.9600000381469727, 2.2300000190734863, 2.559999942779541, 2.7699999809265137, 2.4200000762939453, 2.259999990463257, 2.299999952316284, 2.369999885559082, 2.5799999237060547, 2.990000009536743, 2.700000047683716, 2.940000057220459, 3.0, 2.6500000953674316, 2.3499999046325684, 2.3399999141693115, 2.299999952316284, 2.1600000858306885, 2.0, 1.7899999618530273, 2.069999933242798]
assets:[0, 100.00004365446568, 200.00008730893137, 301.4492968976498, 390.60585572975873, 496.4357732217431, 589.1353026750088, 671.5491653677225, 730.2230871244669, 878.1065477912425, 863.2772823571444, 1093.1508499034644, 1201.559719516182, 1310.7320680838109, 1311.4341507544516, 1454.4319749916315, 1877.6391014894486, 1709.4050839256524, 2262.656221854687, 2809.768, 3668.4053589060786, 3450.669300708175, 5543.728564006019, 6295.041116852569, 6902.95368315239, 5160.083631188393, 4957.486087494635, 5805.172487227225, 6169.796039261055, 5479.6586416532755, 5545.4106804138655, 5261.765923810958, 4064.1005527607917, 4765.5143894824505, 5256.435617805577, 4692.265197930336, 4482.032659086728, 4661.3606833604335, 4903.228062236309, 5437.691431200409, 6401.820848418904, 5880.908443860579, 6503.655858578969, 6736.3832999999995, 6050.472002742624, 5465.512513199187, 5542.254930711293, 5547.515704988623, 5309.841162994123, 5016.5194, 4589.784726186371, 5407.739861601162]
shares:[0, 72.4638, 144.9276, 216.87, 291.4969, 365.0263, 439.6532, 516.5763, 598.5435, 675.4666, 763.9622, 840.8853, 917.2212, 992.9788, 1074.946, 1154.3111, 1219.2462, 1295.0038, 1354.884, 1404.884, 1444.2541, 1487.3575, 1514.6799, 1539.1298, 1561.7542, 1592.6184, 1625.4053, 1653.8953, 1681.1433, 1712.3933, 1743.8398, 1777.6236, 1822.4666, 1861.5291, 1897.6302, 1938.9525, 1983.2003, 2026.6786, 2068.8727, 2107.6324, 2141.0772, 2178.1142, 2212.1278, 2245.4611, 2283.1969, 2325.7501, 2368.4851, 2411.9634, 2458.2597, 2508.2597, 2564.1256, 2612.4348]
growth_rate:6.03
