ticker:VITL
price:[36.970001220703125, 34.47999954223633, 38.5099983215332, 39.369998931884766, 39.36000061035156, 39.560001373291016, 36.72999954223633, 35.189998626708984, 34.560001373291016, 36.56999969482422, 29.8700008392334, 29.760000228881836, 29.43000030517578, 27.579999923706055, 27.049999237060547, 27.40999984741211, 26.65999984741211, 25.309999465942383, 27.15999984741211, 25.68000030517578, 26.34000015258789, 24.729999542236328, 26.459999084472656, 27.329999923706055, 29.6200008392334, 27.1200008392334, 26.6299991607666, 28.360000610351562, 26.600000381469727, 21.1200008392334, 21.959999084472656, 23.34000015258789, 24.81999969482422, 25.520000457763672, 24.31999969482422, 20.860000610351562, 20.3700008392334, 19.950000762939453, 21.290000915527344, 21.65999984741211, 21.649999618530273, 21.010000228881836, 21.219999313354492, 19.8700008392334, 19.93000030517578, 19.200000762939453, 18.989999771118164, 17.40999984741211, 17.040000915527344, 17.729999542236328, 17.389999389648438, 17.190000534057617]
assets:[0, 99.99889467239379, 211.68560977363586, 316.41274441566463, 416.3343424560547, 518.449641997528, 581.3624327545166, 656.9867173610687, 745.2242216125487, 888.5668815849303, 825.7711082010269, 922.7296390966416, 1012.4979584991454, 1048.850849098587, 1128.6963831653595, 1243.7177790763856, 1309.6858225040437, 1343.366186654091, 1541.5581353393554, 1557.5562185096742, 1697.586669834137, 1693.8244396465302, 1912.317053833008, 2075.1942242069244, 2349.0763685571674, 2250.8081976516723, 2310.1417751968384, 2560.2189070999148, 2501.333695871544, 2086.020370890999, 2268.986161404419, 2511.5730704196926, 2770.832787931061, 2948.9789648971555, 2910.3111314804078, 2596.262793965149, 2635.2771935720443, 2680.9409525260926, 2961.013327331543, 3112.4726660736083, 3211.0348484220503, 3216.1120880361555, 3348.257007655716, 3235.243471644402, 3345.013384220123, 3322.491012023926, 3386.1505361875534, 3204.4166729152676, 3236.3153578811643, 3467.363814477539, 3500.871205126953, 3560.6077856206894]
shares:[0, 2.9002, 5.4969, 8.0369, 10.5776, 13.1054, 15.828, 18.6697, 21.5632, 24.2977, 27.6455, 31.0057, 34.4036, 38.0294, 41.7263, 45.3746, 49.1255, 53.0765, 56.7584, 60.6525, 64.449, 68.4927, 72.272, 75.931, 79.3071, 82.9944, 86.7496, 90.2757, 94.0351, 98.7699, 103.3236, 107.6081, 111.6371, 115.5556, 119.6674, 124.4613, 129.3705, 134.383, 139.08, 143.6968, 148.3157, 153.0753, 157.7878, 162.8205, 167.8381, 173.0464, 178.3123, 184.0561, 189.9246, 195.5648, 201.3152, 207.1325]
growth_rate:-30.18
