ticker:VIVE
price:[5.380000114440918, 5.360000133514404, 5.460000038146973, 5.199999809265137, 5.300000190734863, 5.449999809265137, 5.369999885559082, 5.400000095367432, 4.449999809265137, 4.900000095367432, 4.949999809265137, 5.03000020980835, 5.559999942779541, 4.940000057220459, 5.039999961853027, 4.639999866485596, 4.590000152587891, 4.699999809265137, 4.679999828338623, 3.1700000762939453, 3.430000066757202, 3.7799999713897705, 3.8299999237060547, 4.190000057220459, 4.150000095367432, 3.4000000953674316, 2.950000047683716, 3.5299999713897705, 3.4200000762939453, 2.994999885559082, 3.0899999141693115, 3.25, 2.630000114440918, 3.0, 3.059999942779541, 2.7699999809265137, 2.4100000858306885, 2.5999999046325684, 2.75, 2.7200000286102295, 2.930000066757202, 2.680000066757202, 2.809999942779541, 2.759999990463257, 2.7200000286102295, 2.4700000286102295, 2.740000009536743, 2.555000066757202, 2.5, 2.4000000953674316, 2.450000047683716, 2.619999885559082]
assets:[0, 99.9999144909382, 201.86548341035842, 292.25298928022386, 397.8731343185425, 509.1335321817398, 601.660157177925, 705.0213124511242, 680.9897008115768, 849.8540565404893, 958.5258830657959, 1074.0172137987613, 1287.1839107530118, 1243.6489664052963, 1368.8241736395837, 1360.1871928610801, 1445.5301250545501, 1580.172365873623, 1673.4481306182863, 1233.5107466875077, 1434.6819059228421, 1681.0778752761842, 1803.3144830778122, 2072.8164923072814, 2153.0283494768146, 1863.926972281742, 1717.230722757268, 2154.8556535351513, 2187.7073588037492, 2015.8430754733083, 2179.784819452286, 2392.6539, 2036.2092086029054, 2422.6719000000003, 2571.1251719212532, 2427.4565202851772, 2211.974957778144, 2486.3627488007546, 2729.80675, 2800.0270534519914, 3116.205672999716, 2950.317737490654, 3193.430054971695, 3236.6075528164147, 3289.700226602602, 3087.3380037609104, 3524.8204042683606, 3386.8306719913244, 3413.92425, 3377.3674942045213, 3547.729184048533, 3893.8978019155506]
shares:[0, 18.6567, 36.9717, 56.2025, 75.0704, 93.419, 112.041, 130.5595, 153.0314, 173.4396, 193.6416, 213.5223, 231.5079, 251.7508, 271.5921, 293.1438, 314.9303, 336.2069, 357.5744, 389.1201, 418.2746, 444.7296, 470.8393, 494.7056, 518.802, 548.2138, 582.1121, 610.4407, 639.6805, 673.0695, 705.432, 736.2012, 774.224, 807.5573, 840.237, 876.3381, 917.8319, 956.2934, 992.657, 1029.4217, 1063.5514, 1100.8648, 1136.452, 1172.6839, 1209.4486, 1249.9344, 1286.4308, 1325.5697, 1365.5697, 1407.2364, 1448.0527, 1486.2206]
growth_rate:-23.65
