ticker:VIVO
price:[13.699999809265137, 15.15999984741211, 16.649999618530273, 16.5, 17.15999984741211, 18.84000015258789, 18.079999923706055, 18.329999923706055, 17.149999618530273, 18.68000030517578, 16.920000076293945, 19.0, 18.739999771118164, 18.149999618530273, 19.579999923706055, 20.65999984741211, 20.90999984741211, 18.690000534057617, 21.690000534057617, 21.59000015258789, 22.969999313354492, 22.100000381469727, 29.020000457763672, 29.81999969482422, 24.040000915527344, 21.079999923706055, 21.90999984741211, 23.760000228881836, 25.75, 25.3799991607666, 28.299999237060547, 25.040000915527344, 23.25, 21.959999084472656, 19.579999923706055, 20.450000762939453, 19.06999969482422, 19.510000228881836, 20.760000228881836, 18.889999389648438, 20.649999618530273, 20.389999389648438, 20.979999542236328, 21.950000762939453, 22.049999237060547, 18.1299991607666, 19.389999389648438, 20.5, 20.6299991607666, 20.020000457763672, 19.459999084472656, 20.010000228881836]
assets:[0, 99.9999069934845, 209.82829019260407, 307.93785, 420.25526026306153, 561.3999765468598, 638.7537413045884, 747.5853808883667, 799.4592372175216, 970.7809358596802, 979.3160684158324, 1199.7056, 1283.2889483264923, 1342.8858017757416, 1548.6898839654923, 1734.1136151924134, 1855.097548462677, 1758.144053238106, 2140.3497317003253, 2230.4823467639926, 2473.0511940727233, 2479.3835727968217, 3355.7335569335937, 3548.2429976875305, 2960.4876487457273, 2695.9675662425993, 2902.1175127887727, 3247.162807280159, 3619.1264499999997, 3667.123084740257, 4189.030977067948, 3806.478275174713, 3634.37025, 3532.7204247184754, 3249.849227336884, 3494.250730361938, 3358.4519722549435, 3535.941715481949, 3862.4893865844724, 3614.567381210327, 4051.339945159149, 4100.3310052612305, 4318.9762737640385, 4618.662090535736, 4739.702461004257, 3997.088280975723, 4374.878307289123, 4725.32175, 4855.2868064857485, 4811.723026021576, 4777.128145252228, 5012.14487733078]
shares:[0, 6.5963, 12.6023, 18.6629, 24.4904, 29.7983, 35.3293, 40.7848, 46.6157, 51.969, 57.8792, 63.1424, 68.4786, 73.9882, 79.0955, 83.9358, 88.7182, 94.0687, 98.6791, 103.3109, 107.6644, 112.1893, 115.6352, 118.9887, 123.1484, 127.8922, 132.4563, 136.6651, 140.5486, 144.4887, 148.0223, 152.0159, 156.317, 160.8707, 165.978, 170.868, 176.1118, 181.2374, 186.0544, 191.3482, 196.1908, 201.0952, 205.8616, 210.4174, 214.9525, 220.4682, 225.6255, 230.5035, 235.3508, 240.3458, 245.4845, 250.482]
growth_rate:-1.72
