ticker:VJET
price:[8.260000228881836, 8.8100004196167, 7.260000228881836, 7.099999904632568, 9.65999984741211, 9.6899995803833, 8.960000038146973, 10.149999618530273, 9.029999732971191, 8.279999732971191, 9.140000343322754, 12.220000267028809, 11.369999885559082, 11.569999694824219, 10.109999656677246, 11.279999732971191, 11.5, 9.760000228881836, 13.699999809265137, 14.970000267028809, 17.940000534057617, 14.25, 22.43000030517578, 26.5, 22.079999923706055, 17.0, 14.199999809265137, 16.43000030517578, 16.3700008392334, 14.720000267028809, 15.960000038146973, 15.930000305175781, 14.350000381469727, 14.90999984741211, 14.729999542236328, 13.520000457763672, 12.930000305175781, 13.84000015258789, 14.920000076293945, 15.119999885559082, 14.149999618530273, 13.5, 14.520000457763672, 13.140000343322754, 13.569999694824219, 9.0, 8.579999923706055, 8.920000076293945, 9.0, 8.489999771118164, 7.130000114440918, 7.739999771118164]
assets:[0, 99.99967176294327, 182.40605375061037, 278.38602626070974, 478.7621504375458, 580.2488028728485, 636.5354267100334, 821.0750841413497, 830.4737244418144, 861.4975402168274, 1050.976649477482, 1505.1349888898849, 1500.4408978978156, 1626.8333600898743, 1521.5458493302344, 1797.6292614451406, 1932.69, 1740.2656248109818, 2542.7912045986177, 2878.509495345688, 3549.595947668266, 2919.4944, 4695.386356884003, 5647.38055, 4805.440399395561, 3799.8417000000004, 3273.986036023712, 3888.139856219482, 3973.9404787302014, 3673.390786637306, 4082.8345417586324, 4175.1606859848025, 3861.0512826393124, 4111.7261849208835, 4162.088048654938, 3920.191732730865, 3849.1188608474736, 4220.015342526245, 4649.322679774476, 4811.646635581397, 4602.962330908776, 4491.51885, 4930.878899452972, 4562.2409692025185, 4811.537860793304, 3291.1452, 3237.5582952114105, 3465.853541643906, 3596.9373, 3493.111072829247, 3033.554803690434, 3393.0874156620025]
shares:[0, 11.3507, 25.1248, 39.2093, 49.5613, 59.8812, 71.0419, 80.8941, 91.9683, 104.0456, 114.9865, 123.1698, 131.9649, 140.6079, 150.4991, 159.3643, 168.06, 178.3059, 185.6052, 192.2852, 197.8593, 204.8768, 209.3351, 213.1087, 217.6377, 223.5201, 230.5624, 236.6488, 242.7575, 249.551, 255.8167, 262.0942, 269.0628, 275.7697, 282.5586, 289.955, 297.689, 304.9144, 311.6168, 318.2306, 325.2977, 332.7051, 339.5922, 347.2025, 354.5717, 365.6828, 377.3378, 388.5486, 399.6597, 411.4383, 425.4635, 438.3834]
growth_rate:-33.47
