ticker:VKTX
price:[6.119999885559082, 5.730000019073486, 6.840000152587891, 6.03000020980835, 5.550000190734863, 6.119999885559082, 5.900000095367432, 5.71999979019165, 5.630000114440918, 6.050000190734863, 6.090000152587891, 6.309999942779541, 6.679999828338623, 6.329999923706055, 6.289999961853027, 6.420000076293945, 6.199999809265137, 5.630000114440918, 6.639999866485596, 6.480000019073486, 6.820000171661377, 7.309999942779541, 9.670000076293945, 8.390000343322754, 7.670000076293945, 6.739999771118164, 6.650000095367432, 6.75, 6.289999961853027, 6.199999809265137, 6.28000020980835, 5.920000076293945, 5.869999885559082, 6.019999980926514, 6.389999866485596, 5.900000095367432, 6.170000076293945, 5.989999771118164, 5.239999771118164, 5.260000228881836, 6.079999923706055, 6.139999866485596, 6.730000019073486, 6.190000057220459, 6.170000076293945, 5.840000152587891, 5.769999980926514, 6.150000095367432, 6.119999885559082, 5.909999847412109, 5.800000190734863, 6.230000019073486]
assets:[0, 99.99996033287049, 219.37180089378356, 293.39327820835115, 370.03849271697993, 508.0426104998588, 589.7799395331859, 671.7865193590164, 761.2165514732361, 918.0034339413643, 1024.0731106586456, 1161.0677534711838, 1329.1496258437635, 1359.5086426141738, 1450.918065200615, 1580.9051167871476, 1626.7305299557686, 1577.1764090592385, 1960.1153445868017, 2012.8837019248008, 2218.4983158402442, 2477.891879603815, 3377.868340650559, 3030.746672019577, 2870.658598554611, 2622.586482940292, 2687.5669485423086, 2827.98135, 2735.259948411465, 2796.122413980961, 2932.201805961847, 2864.1137969112397, 2939.923698683548, 3115.0495921304228, 3406.5063728235245, 3245.2879724567415, 3493.8014142019274, 3491.87515857315, 3154.6622142051697, 3266.7031541461943, 3875.9610393630983, 4014.210340710926, 4499.940482753277, 4238.8755181842325, 4325.179925482178, 4193.849525577164, 4243.580528972292, 4623.054086689233, 4700.502632102966, 4639.210995222092, 4652.863973010922, 5097.817754607248]
shares:[0, 17.452, 32.0719, 48.6556, 66.6736, 83.0135, 99.9627, 117.4452, 135.2072, 151.7361, 168.1565, 184.0044, 198.9745, 214.7723, 230.6706, 246.2469, 262.3759, 280.1379, 295.1981, 310.6302, 325.293, 338.9729, 349.3142, 361.2332, 374.271, 389.1078, 404.1454, 418.9602, 434.8585, 450.9875, 466.9111, 483.803, 500.8388, 517.4501, 533.0996, 550.0488, 566.2563, 582.9508, 602.0348, 621.0462, 637.4936, 653.7802, 668.639, 684.7941, 701.0016, 718.1249, 735.4559, 751.7161, 768.056, 784.9765, 802.2179, 818.2693]
growth_rate:-0.04
