ticker:VLDRW
price:[3.950000047683716, 3.2699999809265137, 3.369999885559082, 2.6600000858306885, 2.5999999046325684, 3.5, 3.450000047683716, 4.205999851226807, 3.950000047683716, 3.8350000381469727, 5.360000133514404, 6.432000160217285, 9.899999618530273, 8.510000228881836, 9.319999694824219, 8.529999732971191, 8.649999618530273, 8.199999809265137, 8.78499984741211, 8.729999542236328, 7.369999885559082, 4.650000095367432, 4.289999961853027, 4.960000038146973, 4.46999979019165, 4.429999828338623, 4.070000171661377, 4.119999885559082, 3.619999885559082, 3.799999952316284, 3.930000066757202, 3.305000066757202, 3.0, 2.930000066757202, 2.9600000381469727, 3.069999933242798, 3.6600000858306885, 3.369999885559082, 3.5199999809265137, 3.259999990463257, 3.0, 2.7100000381469727, 2.3350000381469727, 2.2799999713897705, 1.9500000476837158, 1.850000023841858, 1.2999999523162842, 1.7000000476837158, 1.7100000381469727]
assets:[0, 99.99986941671371, 203.05799510440826, 260.2772843984127, 354.4062470004559, 577.08525, 668.8411592442989, 915.4047432206154, 959.6884565851927, 1031.7480847628592, 1542.0259424109458, 1950.4313669840813, 3102.0629104703903, 2766.5210804073336, 3129.844161515808, 2964.545962195873, 3106.251193012619, 3044.654189180279, 3361.863947107315, 3440.8167025783537, 3004.790225341797, 1995.8311909327508, 1941.3150727376938, 2344.504226031399, 2212.8899351336004, 2293.0879641434194, 2206.742290074301, 2333.851803172779, 2150.617316011429, 2357.5541704165935, 2538.207442115426, 2234.548552635312, 2128.3343999999997, 2178.673334638953, 2300.980597653866, 2486.4899579312323, 3064.349711862087, 2921.5459127880094, 3151.5851669228077, 3018.797481168866, 2878.0344, 2699.8245300037383, 2426.2326926374435, 2469.083561017084, 2211.7163790835143, 2198.295088330507, 1644.7478496710064, 2250.824203133917, 2364.064279737949]
shares:[0, 30.581, 60.2546, 97.8486, 136.3101, 164.8815, 193.867, 217.6426, 242.9591, 269.0347, 287.6914, 303.2387, 313.3397, 325.0906, 335.8202, 347.5435, 359.1042, 371.2993, 382.6823, 394.1371, 407.7056, 429.211, 452.521, 472.6823, 495.0537, 517.6271, 542.1971, 566.4689, 594.0932, 620.409, 645.8543, 676.1115, 709.4448, 743.5745, 777.3583, 809.9316, 837.254, 866.9276, 895.3367, 926.0115, 959.3448, 996.2452, 1039.0718, 1082.9314, 1134.2135, 1188.2676, 1265.1907, 1324.0142, 1382.4937]
growth_rate:-50.75
