ticker:VLDR
price:[25.780000686645508, 28.899999618530273, 26.049999237060547, 20.420000076293945, 17.079999923706055, 16.920000076293945, 16.5, 13.180000305175781, 12.229999542236328, 13.869999885559082, 14.510000228881836, 16.360000610351562, 16.059999465942383, 15.119999885559082, 18.329999923706055, 20.06999969482422, 24.68000030517578, 22.81999969482422, 23.940000534057617, 22.950000762939453, 23.149999618530273, 21.709999084472656, 23.25, 23.219999313354492, 21.110000610351562, 14.6899995803833, 12.960000038146973, 13.859999656677246, 13.4399995803833, 12.600000381469727, 12.779999732971191, 13.380000114440918, 13.380000114440918, 14.0, 13.770000457763672, 11.8100004196167, 9.680000305175781, 10.220000267028809, 9.649999618530273, 10.079999923706055, 11.069999694824219, 10.789999961853027, 11.119999885559082, 10.109999656677246, 9.649999618530273, 9.079999923706055, 7.78000020980835, 8.010000228881836, 7.449999809265137, 7.230000019073486, 6.170000076293945, 6.809999942779541]
assets:[0, 99.99977868003845, 190.13894443130494, 249.0464049304962, 308.31107862281794, 405.4235058280945, 495.3597, 495.68794947738644, 559.9590900409698, 735.0475789351464, 868.9647367071152, 1079.7567682830809, 1159.9575514268874, 1192.0653269774436, 1545.1420075687408, 1791.8174607543947, 2303.391832482147, 2229.796938180542, 2439.2346844148638, 2438.3641410598752, 2559.6144328222276, 2500.399211556244, 2777.76585, 2874.1808030067446, 2713.004503440857, 1987.9227242154122, 1853.8100694565771, 2082.5467224137305, 2119.4395498279573, 2086.9746031839372, 2216.7880816818238, 2420.8621527059554, 2520.8615975612643, 2737.6734, 2792.6979238391878, 2495.1897256556513, 2145.1684116294864, 2364.836521788597, 2332.942412777519, 2536.897084798622, 2886.0562994377137, 2913.057214701176, 3102.149704074383, 2920.3896658272743, 2887.5134158550263, 2816.9555683307644, 2513.647269787168, 2687.958229807091, 2600.0357784338953, 2623.2565689204216, 2338.6577019182205, 2681.2413494710922]
shares:[0, 3.4602, 7.299, 12.1962, 18.051, 23.9612, 30.0218, 37.6091, 45.7857, 52.9955, 59.8873, 65.9998, 72.2265, 78.8403, 84.2958, 89.2784, 93.3303, 97.7124, 101.8895, 106.2468, 110.5665, 115.1727, 119.4738, 123.7804, 128.5175, 135.3249, 143.0409, 150.2559, 157.6964, 165.6329, 173.4576, 180.9314, 188.4052, 195.5481, 202.8103, 211.2777, 221.6083, 231.393, 241.7557, 251.6763, 260.7097, 269.9775, 278.9703, 288.8615, 299.2242, 310.2374, 323.0909, 335.5753, 348.9981, 362.8294, 379.0369, 393.7212]
growth_rate:-47.43
