ticker:VLGEA
price:[24.989999771118164, 25.059999465942383, 25.65999984741211, 24.100000381469727, 24.479999542236328, 25.239999771118164, 24.06999969482422, 23.329999923706055, 22.649999618530273, 23.06999969482422, 23.540000915527344, 23.579999923706055, 22.899999618530273, 22.799999237060547, 23.010000228881836, 22.329999923706055, 21.790000915527344, 22.059999465942383, 22.149999618530273, 23.170000076293945, 21.81999969482422, 21.06999969482422, 21.389999389648438, 22.34000015258789, 22.959999084472656, 23.049999237060547, 25.139999389648438, 25.239999771118164, 23.940000534057617, 24.610000610351562, 24.040000915527344, 24.510000228881836, 24.899999618530273, 24.799999237060547, 24.3799991607666, 25.25, 25.31999969482422, 24.43000030517578, 24.110000610351562, 24.020000457763672, 24.350000381469727, 22.899999618530273, 23.6299991607666, 23.43000030517578, 23.280000686645508, 23.520000457763672, 23.1200008392334, 22.549999237060547, 22.34000015258789, 22.8700008392334, 22.1200008392334, 22.0]
assets:[0, 99.99942186889649, 202.393248796463, 290.0892945917129, 394.66410461997987, 506.9176314031601, 583.4182806030273, 665.481248823738, 746.0841924345017, 859.9180896247863, 977.4373340148925, 1079.0986105085374, 1147.9792708768844, 1242.9670384075166, 1354.4146334724426, 1414.3888941675186, 1480.1860461914061, 1598.5271233007431, 1705.0493806354523, 1883.5657672021866, 1873.820839792633, 1909.4139403442382, 2038.413466835022, 2228.9467072242737, 2390.8063366668703, 2500.1780972457886, 2826.8747733688356, 2938.120225356484, 2886.7906003990174, 3067.5824340789795, 3096.5324179267886, 3257.072655415535, 3408.8995877754214, 3495.2102124744415, 3536.016566279602, 3762.1994999999997, 3872.6281213241573, 3836.504348925018, 3886.2524223815917, 3971.7455076919555, 4126.31210464325, 3980.597013690948, 4207.4891235685345, 4271.877148641204, 4344.527696142197, 4489.316583374405, 4512.968675816345, 4501.705957692719, 4559.783921144485, 4767.960644964218, 4711.599994758225, 4786.0406]
shares:[0, 3.9904, 7.8875, 12.0369, 16.1219, 20.0839, 24.2384, 28.5247, 32.9397, 37.2743, 41.5224, 45.7633, 50.1301, 54.5161, 58.862, 63.3403, 67.9296, 72.4627, 76.9774, 81.2933, 85.8763, 90.6224, 95.2975, 99.7738, 104.1292, 108.4676, 112.4453, 116.4073, 120.5844, 124.6478, 128.8075, 132.8875, 136.9036, 140.9359, 145.0376, 148.998, 152.9474, 157.0407, 161.1884, 165.3516, 169.4584, 173.8252, 178.0571, 182.3251, 186.6206, 190.8723, 195.1976, 199.6322, 204.1085, 208.481, 213.0018, 217.5473]
growth_rate:-6.16
