ticker:VLON
price:[7.829999923706055, 7.039999961853027, 6.110000133514404, 5.000999927520752, 5.559999942779541, 5.019999980926514, 4.409999847412109, 4.880000114440918, 4.659999847412109, 4.550000190734863, 4.489999771118164, 4.28000020980835, 4.079999923706055, 3.6600000858306885, 3.8299999237060547, 4.0, 4.03000020980835, 4.980000019073486, 5.340000152587891, 5.409999847412109, 5.429999828338623, 5.260000228881836, 5.110000133514404, 4.760000228881836, 4.590000152587891, 4.46999979019165, 4.110000133514404, 4.010000228881836, 5.510000228881836, 7.03000020980835]
assets:[0, 99.99967945814133, 186.78942508168223, 252.88606343493464, 381.15300807738305, 444.1344583125114, 490.1657500400543, 642.4056550650597, 713.4445786388397, 796.6035683934211, 886.098760830307, 944.655538307619, 1000.5126772909165, 997.5187493928195, 1143.8516912143707, 1294.6232, 1404.3329641118526, 1835.3790070295333, 2068.0571030937194, 2195.1664070858, 2303.281580185175, 2331.1716114377973, 2364.693441784859, 2302.728174725342, 2320.4878881412506, 2359.821510237074, 2269.768945734024, 2314.543661108971, 3280.332903262901, 4285.2526228921415]
shares:[0, 14.2045, 30.5711, 50.5671, 68.5527, 88.473, 111.1487, 131.6405, 153.0997, 175.0777, 197.3494, 220.7139, 245.2237, 272.5461, 298.6558, 323.6558, 348.4697, 368.55, 387.2766, 405.7609, 424.1771, 443.1885, 462.758, 483.7664, 505.5529, 527.9243, 552.2552, 577.1929, 595.3417, 609.5665]
growth_rate:47.77
