ticker:VLY
price:[7.849999904632568, 7.300000190734863, 7.099999904632568, 6.75, 7.090000152587891, 7.579999923706055, 7.570000171661377, 8.079999923706055, 7.639999866485596, 7.5, 8.989999771118164, 9.199999809265137, 9.5, 9.779999732971191, 9.710000038146973, 9.739999771118164, 9.710000038146973, 9.75, 10.59000015258789, 10.65999984741211, 10.989999771118164, 10.210000038146973, 11.130000114440918, 11.75, 12.119999885559082, 12.25, 12.989999771118164, 14.0600004196167, 14.369999885559082, 13.989999771118164, 13.800000190734863, 13.800000190734863, 13.930000305175781, 14.010000228881836, 13.770000457763672, 14.5, 14.520000457763672, 14.369999885559082, 14.319999694824219, 14.270000457763672, 14.050000190734863, 12.90999984741211, 13.760000228881836, 13.3100004196167, 13.319999694824219, 12.779999732971191, 12.84000015258789, 12.890000343322754, 13.4399995803833, 13.229999542236328, 13.100000381469727, 13.399999618530273]
assets:[0, 99.9997826128006, 197.2600073503971, 287.53582500000005, 402.01931565208434, 529.8033366674424, 629.1041072659016, 771.4872807153702, 829.4755495043278, 914.2755000000001, 1195.911800552559, 1323.8477725539208, 1467.0166, 1610.2544620343208, 1698.7295506736757, 1803.9774996080398, 1898.421527458191, 2006.2419000000002, 2279.0876998386384, 2394.1528177299497, 2568.268432512283, 2485.9890062882423, 2809.9955808929444, 3066.52675, 3263.089385188866, 3398.0899750000003, 3703.361901747322, 4108.4122646143915, 4298.995267763328, 4285.31320389061, 4327.1142598066335, 4427.1145811887745, 4568.820006092834, 4695.059296703339, 4714.630590731049, 5064.5716, 5171.558071040726, 5218.132074443436, 5299.975087051392, 5381.469751630783, 5398.503228287029, 5060.474650188446, 5493.658075380707, 5413.995735683919, 5518.062953575134, 5394.357373288823, 5519.683661594772, 5641.178461251736, 5981.880389236831, 5988.413762798309, 6029.571235580063, 6267.652841573143]
shares:[0, 13.6986, 27.7831, 42.5979, 56.7023, 69.8949, 83.1049, 95.4811, 108.5701, 121.9034, 133.0269, 143.8965, 154.4228, 164.6477, 174.9464, 185.2133, 195.512, 205.7684, 215.2113, 224.5922, 233.6914, 243.4857, 252.4704, 260.981, 269.2318, 277.3951, 285.0933, 292.2057, 299.1646, 306.3126, 313.559, 320.8054, 327.9842, 335.122, 342.3842, 349.2808, 356.1679, 363.1268, 370.11, 377.1177, 384.2351, 391.981, 399.2484, 406.7615, 414.269, 422.0937, 429.8819, 437.6399, 445.0804, 452.639, 460.2726, 467.7353]
growth_rate:22.9
