ticker:VLYPO
price:[24.5, 24.579999923706055, 24.690000534057617, 24.399999618530273, 24.719999313354492, 25.219999313354492, 25.049999237060547, 24.959999084472656, 24.1299991607666, 24.799999237060547, 25.219999313354492, 25.690000534057617, 25.75, 25.450000762939453, 25.719999313354492, 25.510000228881836, 25.549999237060547, 26.200000762939453, 25.6299991607666, 25.600000381469727, 25.719999313354492, 25.600000381469727, 25.610000610351562, 25.299999237060547, 25.350000381469727, 25.219999313354492, 25.530000686645508, 25.489999771118164, 25.540000915527344, 25.510000228881836, 25.75, 25.979999542236328, 26.0, 25.989999771118164, 25.75, 25.75, 25.600000381469727, 25.729999542236328, 26.049999237060547, 26.059999465942383, 26.18000030517578, 25.940000534057617, 25.8700008392334, 25.719999313354492, 25.860000610351562, 25.780000686645508, 25.90999984741211, 26.34000015258789, 26.479999542236328, 26.309999465942383, 26.06999969482422, 26.100000381469727]
assets:[0, 99.99881368961334, 200.44576933574675, 298.09235533962254, 402.0015728336334, 510.1324921110153, 606.6934465221406, 704.5134461585999, 781.0856598340988, 902.7745322273255, 1018.0632782819748, 1137.0368546373368, 1239.69255, 1325.2502547283173, 1439.3091655748367, 1527.5566707056046, 1629.9519813285829, 1771.4187315834047, 1832.8806929838179, 1930.73410877018, 2039.7837015439986, 2130.265631743431, 2231.0971551727293, 2304.091170518494, 2408.645496245575, 2496.293186035347, 2626.9783516542434, 2722.8621675506593, 2828.202649382019, 2924.8796882427214, 3052.397275, 3179.6609679748535, 3282.11, 3380.846744226456, 3449.6270750000003, 3549.6272000000004, 3628.948534075546, 3747.376312330246, 3893.9825409549712, 3995.4774221191406, 4113.875505954743, 4176.163693979644, 4264.894707354927, 4340.165008130836, 4463.790387355041, 4549.98192718792, 4672.925474480438, 4850.476786098861, 4976.256561974716, 5044.308326607323, 5098.293459319306, 5204.159986062431]
shares:[0, 4.0683, 8.1185, 12.2169, 16.2622, 20.2273, 24.2193, 28.2257, 32.3699, 36.4022, 40.3673, 44.2599, 48.1434, 52.0727, 55.9607, 59.8807, 63.7946, 67.6114, 71.5131, 75.4193, 79.3073, 83.2135, 87.1182, 91.0708, 95.0156, 98.9807, 102.8977, 106.8208, 110.7362, 114.6562, 118.5397, 122.3888, 126.235, 130.0826, 133.9661, 137.8496, 141.7558, 145.6423, 149.4811, 153.3184, 157.1381, 160.9932, 164.8587, 168.7467, 172.6137, 176.4927, 180.3522, 184.1487, 187.9251, 191.7259, 195.5617, 199.3931]
growth_rate:2.04
