ticker:VLYPP
price:[27.049999237060547, 27.600000381469727, 27.420000076293945, 26.59000015258789, 27.649999618530273, 28.31999969482422, 27.5, 27.229999542236328, 26.440000534057617, 26.579999923706055, 27.3799991607666, 28.5, 27.950000762939453, 28.209999084472656, 28.5, 28.75, 28.440000534057617, 28.3700008392334, 27.93000030517578, 27.579999923706055, 28.43000030517578, 27.690000534057617, 28.049999237060547, 28.040000915527344, 27.18000030517578, 26.469999313354492, 26.75, 27.489999771118164, 27.309999465942383, 27.399999618530273, 27.799999237060547, 27.770000457763672, 28.0, 27.8700008392334, 27.989999771118164, 27.989999771118164, 27.489999771118164, 28.06999969482422, 28.209999084472656, 29.59000015258789, 29.139999389648438, 28.610000610351562, 28.209999084472656, 28.489999771118164, 28.18000030517578, 28.450000762939453, 28.190000534057617, 30.040000915527344, 30.280000686645508, 30.09000015258789, 30.299999237060547, 30.299999237060547]
assets:[0, 100.00032138214112, 199.34888455467225, 293.31429168319704, 405.00613441238403, 514.820778452301, 599.91525, 694.0246133327485, 773.8882396316528, 877.9852414798736, 1004.4106272134782, 1145.49765, 1223.3910983943938, 1334.770211681366, 1448.49255, 1561.19975, 1644.3667028785705, 1740.3208204816817, 1813.3301328132627, 1890.6062367700574, 2048.8733609931946, 2095.5432434167865, 2222.788529541778, 2321.995279814911, 2350.7792003944396, 2389.372722018433, 2514.647125, 2684.2115456512447, 2766.6367648973464, 2875.7532599630354, 3017.7343971817013, 3114.4777533393863, 3240.272, 3325.228327130699, 3439.5455238739014, 3539.545396056175, 3576.3170182235717, 3751.771598210907, 3870.4823993873592, 4159.82140145111, 4196.559130101014, 4220.232580032348, 4261.227559706115, 4403.522626623153, 4455.607480252075, 4598.296808311844, 4656.274881212807, 5061.848298269653, 5202.288825969887, 5269.646681722641, 5406.422803868866, 5506.421891350937]
shares:[0, 3.6232, 7.2702, 11.031, 14.6476, 18.1787, 21.8151, 25.4875, 29.2696, 33.0318, 36.6841, 40.1929, 43.7707, 47.3155, 50.8243, 54.3026, 57.8188, 61.3437, 64.9241, 68.5499, 72.0673, 75.6787, 79.2438, 82.8101, 86.4893, 90.2672, 94.0055, 97.6432, 101.3049, 104.9545, 108.5516, 112.1526, 115.724, 119.3121, 122.8848, 126.4575, 130.0952, 133.6577, 137.2025, 140.582, 144.0137, 147.509, 151.0538, 154.5638, 158.1124, 161.6273, 165.1747, 168.5036, 171.8061, 175.1295, 178.4298, 181.7301]
growth_rate:7.97
