ticker:VMAC
price:[9.8100004196167, 9.800000190734863, 9.8100004196167, 9.859999656677246, 9.829999923706055, 9.800000190734863, 9.789999961853027, 9.770000457763672, 9.779999732971191, 9.800000190734863, 9.84000015258789, 9.850000381469727, 9.824999809265137, 9.960000038146973, 9.949999809265137, 9.949999809265137, 10.010000228881836, 10.09000015258789, 10.140000343322754, 10.25, 10.239999771118164, 10.020000457763672, 10.300000190734863, 10.25, 10.270000457763672, 10.149999618530273, 10.029999732971191, 9.989999771118164, 9.9399995803833, 9.930000305175781, 9.899999618530273, 9.9399995803833, 9.90999984741211, 9.949999809265137, 9.949999809265137, 9.920000076293945, 9.925000190734863, 9.899999618530273, 9.979999542236328, 9.979999542236328, 9.989999771118164, 9.970000267028809, 9.979999542236328, 9.970000267028809, 9.960000038146973, 9.970000267028809, 9.970000267028809, 9.949999809265137, 9.949999809265137, 10.0, 9.989999771118164, 10.020000457763672]
assets:[0, 100.00018194627762, 200.1024265592575, 301.12241751499175, 400.20583789386745, 498.9846497116089, 598.475424668026, 697.2526916690825, 797.9658262126923, 899.5978775086403, 1003.2696875576019, 1104.2894527668, 1201.4864541752816, 1317.9958490479469, 1416.6730128433228, 1516.6734959263802, 1625.8192321748734, 1738.8127532955168, 1847.428970550728, 1967.470075, 2065.550289831352, 2121.172974905777, 2280.446822229195, 2369.376675, 2473.999976273346, 2545.092104347229, 2615.0024733807563, 2704.573657035255, 2791.0375721764563, 2888.2299587631223, 2979.5038851928707, 3091.5426454906465, 3182.2119430023195, 3295.0568618359566, 3395.0573449190138, 3484.820634801483, 3586.577468925476, 3677.5429582958222, 3807.2600453681944, 3907.2596407814026, 4011.174718099594, 4103.144636895466, 4207.25942502098, 4303.04413924942, 4398.728440847206, 4503.145035608769, 4603.145135287094, 4693.911415020848, 4793.911898103905, 4918.002, 5013.083783144761, 5128.138038278961]
shares:[0, 10.2041, 20.3978, 30.5398, 40.7127, 50.9168, 61.1313, 71.3667, 81.5916, 91.7957, 101.9583, 112.1106, 122.2887, 132.3289, 142.3792, 152.4295, 162.4195, 172.3303, 182.1922, 191.9483, 201.7139, 211.6939, 221.4026, 231.1587, 240.8958, 250.748, 260.7181, 270.7281, 280.7885, 290.859, 300.96, 311.0204, 321.1112, 331.1615, 341.2118, 351.2924, 361.368, 371.469, 381.489, 391.509, 401.519, 411.5491, 421.5691, 431.5992, 441.6394, 451.6695, 461.6996, 471.7499, 481.8002, 491.8002, 501.8102, 511.7902]
growth_rate:0.55
