ticker:VMACU
price:[9.989999771118164, 9.979999542236328, 10.029999732971191, 10.09000015258789, 10.069999694824219, 10.149999618530273, 10.100000381469727, 10.130000114440918, 10.0, 10.034000396728516, 10.067999839782715, 10.149999618530273, 10.199999809265137, 10.25, 10.5, 10.5, 10.6899995803833, 10.760000228881836, 10.75, 11.100000381469727, 10.914999961853027, 10.670000076293945, 11.329999923706055, 11.149999618530273, 11.0, 11.0600004196167, 10.5, 10.600000381469727, 10.449999809265137, 10.199999809265137, 10.199999809265137, 10.3100004196167, 10.3100004196167, 10.550000190734863, 10.550000190734863, 10.550000190734863, 10.600000381469727, 10.600000381469727, 10.600000381469727, 10.960000038146973, 11.489999771118164, 11.199999809265137, 11.199999809265137, 11.199999809265137, 11.0, 11.0, 11.100000381469727, 11.100000381469727, 11.100000381469727, 10.8100004196167, 10.8100004196167, 10.699999809265137]
assets:[0, 99.999595413208, 200.50069766206744, 301.70008556251526, 401.1021858444214, 504.2885210472107, 601.8044827297211, 703.5923269486427, 794.563, 897.264397076416, 1000.3051172816276, 1108.4520233407975, 1213.912177300453, 1319.862775, 1452.0544499999999, 1552.0543499999999, 1680.138682049179, 1791.140842100334, 1889.4759, 2050.9936904857636, 2116.8103411019324, 2169.2963755111696, 2403.4793368154524, 2465.2950206560135, 2532.1296, 2645.9414123870847, 2611.9694999999997, 2736.845898492813, 2798.1170289283755, 2831.17620705843, 2931.1759851884844, 3062.7866696553233, 3162.7864567253114, 3336.4111853194236, 3436.411472127342, 3536.411758935261, 3653.172471469307, 3753.1728750680923, 3853.1732786668776, 4084.0357742147444, 4381.529870719528, 4370.943285563279, 4470.943603860283, 4570.9439221572875, 4589.3198999999995, 4689.3198, 4831.950046057891, 4931.949949494552, 5031.949852931213, 5000.484589106083, 5100.484659987831, 5148.5831082229615]
shares:[0, 10.02, 19.9901, 29.9009, 39.8314, 49.6836, 59.5846, 69.4563, 79.4563, 89.4224, 99.3549, 109.2071, 119.011, 128.7671, 138.2909, 147.8147, 157.1692, 166.4629, 175.7652, 184.7742, 193.9359, 203.308, 212.1341, 221.1027, 230.1936, 239.2352, 248.759, 258.193, 267.7624, 277.5663, 287.3702, 297.0695, 306.7688, 316.2475, 325.7262, 335.2049, 344.6389, 354.0729, 363.5069, 372.631, 381.3342, 390.2628, 399.1914, 408.12, 417.2109, 426.3018, 435.3108, 444.3198, 453.3288, 462.5795, 471.8302, 481.176]
growth_rate:0.95
