ticker:VMAR
price:[14.119999885559082, 14.90999984741211, 12.510000228881836, 13.020000457763672, 14.119999885559082, 13.449999809265137, 13.34000015258789, 14.369999885559082, 15.640000343322754, 14.829999923706055, 14.649999618530273, 15.149999618530273, 13.949999809265137, 11.40999984741211, 9.279999732971191, 10.0600004196167, 9.010000228881836, 7.099999904632568, 7.570000171661377, 7.940000057220459, 6.349999904632568, 6.789999961853027, 7.150000095367432, 7.179999828338623, 7.480000019073486, 6.860000133514404, 7.369999885559082, 9.680000305175781, 11.5, 10.0600004196167, 9.3100004196167, 9.829999923706055, 8.140000343322754, 7.679999828338623, 7.46999979019165, 6.940000057220459, 7.079999923706055, 6.699999809265137, 6.235000133514404, 6.900000095367432, 6.420000076293945]
assets:[0, 99.99987797660827, 183.90325836467744, 291.40063024520873, 416.02038062820435, 496.27943796224594, 592.2213027740478, 737.9469151230811, 903.1662278259278, 956.3911440797807, 1044.7823027950285, 1180.4410052770615, 1186.941313771248, 1070.8239216796874, 970.9246120619774, 1152.5330020737647, 1132.2389757623673, 992.2193066724777, 1157.901170257187, 1314.4963874730586, 1151.2657777097227, 1331.0382605220796, 1501.6087000286102, 1607.9092655576706, 1775.0922685263633, 1727.9592596308232, 1956.4224816207886, 2669.6298601638796, 3271.56485, 2961.908581545353, 2841.0900020524978, 3099.775464941597, 2666.8537744805335, 2616.1466295245646, 2644.6114957213404, 2556.9750090823172, 2708.556630812645, 2663.1822541848182, 2578.349629211998, 2953.3463208192825, 2847.8959838438036]
shares:[0, 6.7069, 14.7005, 22.381, 29.4632, 36.8981, 44.3944, 51.3533, 57.7472, 64.4903, 71.3162, 77.9169, 85.0854, 93.8496, 104.6255, 114.5659, 125.6647, 139.7492, 152.9592, 165.5537, 181.3017, 196.0292, 210.0152, 223.9428, 237.3118, 251.8891, 265.4576, 275.7882, 284.4839, 294.4243, 305.1654, 315.3383, 327.6233, 340.6441, 354.031, 368.4402, 382.5645, 397.4899, 413.5284, 428.0212, 443.5975]
growth_rate:-28.8
