ticker:VMBS
price:[54.369998931884766, 54.27000045776367, 54.189998626708984, 54.2400016784668, 54.25, 54.08000183105469, 54.04999923706055, 54.11000061035156, 54.130001068115234, 54.16999816894531, 54.04999923706055, 54.119998931884766, 54.099998474121094, 54.08000183105469, 54.06999969482422, 54.150001525878906, 54.0099983215332, 54.06999969482422, 54.09000015258789, 54.029998779296875, 54.04999923706055, 54.11000061035156, 54.09000015258789, 53.9900016784668, 53.849998474121094, 53.72999954223633, 53.66999816894531, 53.4900016784668, 53.310001373291016, 53.369998931884766, 53.36000061035156, 53.439998626708984, 53.58000183105469, 53.66999816894531, 53.650001525878906, 53.63999938964844, 53.43000030517578, 53.439998626708984, 53.459999084472656, 53.459999084472656, 53.439998626708984, 53.310001373291016, 53.29999923706055, 53.380001068115234, 53.43000030517578, 53.38999938964844, 53.5099983215332, 53.599998474121094, 53.4900016784668, 53.459999084472656, 53.41999816894531, 53.5]
assets:[0, 99.99790284347534, 199.85271493530274, 300.0394172847748, 400.09375, 498.8393448898315, 598.5605015510558, 699.225660887146, 799.4838767757416, 900.0724385757446, 998.0764759117127, 1099.3665983028413, 1198.9587561836242, 1298.514923965454, 1398.2772271080016, 1500.344922277832, 1596.4653373867036, 1698.241364414978, 1798.8711350746153, 1896.8743911437987, 1997.57446680336, 2099.7926836853026, 2199.01813820343, 2294.953001346588, 2389.001332305908, 2483.679974839783, 2580.90433994751, 2672.2481548526766, 2763.2546181827547, 2866.363880634308, 2965.8288739242553, 3070.277553100586, 3178.3228446166995, 3283.65929597168, 3382.4340912010193, 3481.804544381714, 3568.1729663803103, 3668.842945718765, 3770.218321433258, 3870.2205957206725, 3968.7749380111695, 4059.11946256485, 4158.35934047699, 4264.603017333222, 4368.597114952087, 4465.325988952636, 4575.361704483033, 4683.058666683198, 4773.447749786376, 4870.772592585755, 4967.130321743774, 5074.5713]
shares:[0, 1.8426, 3.688, 5.5317, 7.375, 9.2241, 11.0742, 12.9223, 14.7697, 16.6157, 18.4658, 20.3135, 22.1619, 24.011, 25.8605, 27.7072, 29.5587, 31.4082, 33.257, 35.1078, 36.9579, 38.806, 40.6548, 42.507, 44.364, 46.2252, 48.0884, 49.9579, 51.8337, 53.7074, 55.5815, 57.4528, 59.3192, 61.1824, 63.0463, 64.9106, 66.7822, 68.6535, 70.5241, 72.3947, 74.266, 76.1418, 78.018, 79.8914, 81.763, 83.636, 85.5048, 87.3705, 89.24, 91.1106, 92.9826, 94.8518]
growth_rate:-0.5
