ticker:VMD
price:[9.8100004196167, 8.720000267028809, 9.470000267028809, 8.779999732971191, 8.489999771118164, 8.739999771118164, 8.869999885559082, 9.520000457763672, 8.010000228881836, 9.15999984741211, 8.470000267028809, 9.15999984741211, 9.510000228881836, 9.029999732971191, 8.8100004196167, 8.279999732971191, 8.0, 7.760000228881836, 8.100000381469727, 8.40999984741211, 8.619999885559082, 8.390000343322754, 10.100000381469727, 10.119999885559082, 10.800000190734863, 9.430000305175781, 9.59000015258789, 10.25, 9.220000267028809, 9.65999984741211, 10.279999732971191, 10.279999732971191, 9.699999809265137, 9.510000228881836, 10.0600004196167, 9.569999694824219, 8.489999771118164, 8.920000076293945, 7.809999942779541, 7.159999847412109, 7.510000228881836, 7.309999942779541, 7.5, 7.230000019073486, 7.119999885559082, 6.579999923706055, 6.900000095367432, 6.960000038146973, 6.610000133514404, 6.53000020980835, 6.380000114440918, 6.239999771118164]
assets:[0, 100.00009106225967, 208.6013778820038, 293.4021290766716, 383.71148265552523, 495.0099890367508, 602.3732232281685, 746.5155958957672, 728.108219805336, 932.6427884639741, 962.3893813406944, 1140.7891289966583, 1284.3778359117507, 1319.5511519791605, 1387.4023900814057, 1403.9377107232094, 1456.4616, 1512.7678126192093, 1679.0490790748595, 1843.3088125556947, 1989.3365035891532, 2036.2572783246042, 2551.275246359825, 2656.3269179612157, 2934.8158118307115, 2662.5294671653746, 2807.7046226737975, 3100.935575, 2889.3295696805003, 3127.2153286029816, 3427.926562957668, 3527.9262883601186, 3428.880092576599, 3461.7161633148194, 3761.921060914993, 3678.6858716911315, 3363.5366963224415, 3633.892963081169, 3281.6932479564666, 3108.569065752792, 3360.5245854185105, 3371.0298656126024, 3558.64875, 3530.5377033139225, 3576.8223665091514, 3405.5467345132824, 3671.1664407405374, 3803.0894848443027, 3711.8422699749467, 3766.9181230307577, 3780.388679810524, 3797.4329807109834]
shares:[0, 11.4679, 22.0276, 33.4171, 45.1957, 56.6373, 67.9113, 78.4155, 90.8999, 101.8169, 113.6233, 124.5403, 135.0555, 146.1297, 157.4804, 169.5577, 182.0577, 194.9443, 207.29, 219.1806, 230.7815, 242.7005, 252.6015, 262.4829, 271.7422, 282.3467, 292.7742, 302.5303, 313.3763, 323.7283, 333.4559, 343.1835, 353.4928, 364.008, 373.9484, 384.3977, 396.1763, 407.3871, 420.1912, 434.1577, 447.4733, 461.1532, 474.4865, 488.3178, 502.3627, 517.5603, 532.0531, 546.4209, 561.5495, 576.8634, 592.5374, 608.563]
growth_rate:-25.54
