ticker:VNDA
price:[10.260000228881836, 9.739999771118164, 9.850000381469727, 9.319999694824219, 9.770000457763672, 10.970000267028809, 10.789999961853027, 10.25, 10.6899995803833, 11.729999542236328, 13.170000076293945, 12.359999656677246, 12.40999984741211, 13.350000381469727, 12.779999732971191, 13.8100004196167, 13.279999732971191, 13.140000343322754, 13.800000190734863, 13.729999542236328, 14.199999809265137, 14.34000015258789, 15.15999984741211, 18.229999542236328, 18.700000762939453, 18.649999618530273, 18.25, 17.90999984741211, 17.469999313354492, 15.470000267028809, 15.710000038146973, 16.25, 16.670000076293945, 16.969999313354492, 16.600000381469727, 17.860000610351562, 18.649999618530273, 18.489999771118164, 17.690000534057617, 18.100000381469727, 19.18000030517578, 19.170000076293945, 20.780000686645508, 20.81999969482422, 20.520000457763672, 18.93000030517578, 19.639999389648438, 16.309999465942383, 16.0, 16.469999313354492, 15.8100004196167, 17.280000686645508]
assets:[0, 99.99960365009308, 201.12912778930664, 290.30680649414063, 404.3236529441833, 553.9850134849548, 644.8945597200394, 712.619975, 843.2100629013062, 1025.2430149898528, 1251.1039122476577, 1274.156520607853, 1379.3106740406035, 1583.786640255928, 1616.16387823143, 1846.4177711033822, 1875.555610287094, 1955.7826171008112, 2154.0185697714805, 2243.0919932144166, 2419.877347496128, 2543.735343067169, 2789.192863926315, 3454.0234292678833, 3643.074308633423, 3733.3326786378857, 3753.26215, 3783.338814767075, 3790.3923770214083, 3456.4606126622202, 3610.084171765995, 3834.1728749999997, 4033.27151145916, 4205.856508821296, 4214.155776841736, 4634.025412364197, 4939.001068976975, 4996.628447148323, 4880.441177339554, 5093.55549735012, 5497.481013471222, 5594.614996265793, 6164.480713696479, 6276.347140002442, 6285.910208227157, 5898.843650096893, 6220.087970698548, 5265.4598805868145, 5265.3808, 5520.050382865334, 5398.846373291969, 6000.825838451386]
shares:[0, 10.2669, 20.4192, 31.1488, 41.3842, 50.5, 59.7678, 69.5239, 78.8784, 87.4035, 94.9965, 103.0871, 111.1451, 118.6357, 126.4604, 133.7015, 141.2316, 148.8419, 156.0883, 163.3716, 170.4139, 177.3874, 183.9837, 189.4692, 194.8168, 200.1787, 205.6582, 211.2417, 216.9658, 223.4299, 229.7953, 235.9491, 241.9479, 247.8407, 253.8648, 259.4639, 264.8258, 270.2341, 275.887, 281.4119, 286.6257, 291.8422, 296.6545, 301.4576, 306.3309, 311.6135, 316.7051, 322.8363, 329.0863, 335.1579, 341.483, 347.27]
growth_rate:17.66
