ticker:VNET
price:[22.760000228881836, 20.65999984741211, 21.139999389648438, 20.520000457763672, 22.84000015258789, 23.030000686645508, 24.079999923706055, 23.8799991607666, 22.959999084472656, 26.5, 24.5, 24.1299991607666, 29.989999771118164, 28.040000915527344, 28.6200008392334, 32.0, 32.36000061035156, 34.689998626708984, 37.2400016784668, 39.65999984741211, 41.16999816894531, 37.72999954223633, 40.59000015258789, 41.599998474121094, 39.810001373291016, 36.439998626708984, 33.33000183105469, 33.790000915527344, 32.540000915527344, 31.790000915527344, 33.540000915527344, 30.670000076293945, 27.90999984741211, 29.389999389648438, 27.90999984741211, 25.700000762939453, 25.770000457763672, 21.350000381469727, 22.31999969482422, 20.399999618530273, 23.0, 24.850000381469727, 22.579999923706055, 21.43000030517578, 19.739999771118164, 17.93000030517578, 15.800000190734863, 17.329999923706055, 18.079999923706055, 18.8799991607666, 15.949999809265137, 17.850000381469727]
assets:[0, 100.00059726142884, 202.32459215850832, 296.39088661193847, 429.90133487205503, 533.4784509057998, 657.8005819158554, 752.3369855600357, 823.3524551689148, 1050.29835, 1071.02975, 1154.8545208345413, 1535.3110472826004, 1535.4816661346435, 1667.2438388891221, 1964.144, 2086.239531349182, 2336.4546635055544, 2608.204065555954, 2877.69389492836, 3087.259939692688, 2929.300569459915, 3251.3483102226255, 3432.249474105835, 3384.562715754318, 3198.050803477097, 3025.110958190918, 3166.863086804962, 3149.7093886184693, 3177.1117654983523, 3452.007328227997, 3256.620350101089, 3063.555088251114, 3326.0074509277347, 3258.5176011852263, 3100.4994920425415, 3208.9448820018765, 2758.554554288292, 2983.884871202087, 2827.2073871326447, 3287.5371999999998, 3651.9684810609815, 3418.3681244499203, 3344.2715556243897, 3180.538373122215, 2988.907741872406, 2733.839273002434, 3098.571059358788, 3332.670113936806, 3580.133056859779, 3124.5299976359365, 3596.7304518651963]
shares:[0, 4.8403, 9.5707, 14.444, 18.8223, 23.1645, 27.3173, 31.5049, 35.8603, 39.6339, 43.7155, 47.8597, 51.1941, 54.7604, 58.2545, 61.3795, 64.4697, 67.3524, 70.0377, 72.5591, 74.9881, 77.6385, 80.1022, 82.506, 85.0179, 87.7621, 90.7624, 93.7219, 96.795, 99.9406, 102.9221, 106.1826, 109.7655, 113.168, 116.7509, 120.642, 124.5225, 129.2063, 133.6866, 138.5886, 142.9364, 146.9605, 151.3892, 156.0556, 161.1215, 166.6987, 173.0278, 178.7981, 184.3291, 189.6257, 195.8953, 201.4975]
growth_rate:-29.48
