ticker:VNOM
price:[9.479999542236328, 7.940000057220459, 7.989999771118164, 7.519999980926514, 7.460000038146973, 7.840000152587891, 7.710000038146973, 7.630000114440918, 7.010000228881836, 7.519999980926514, 9.220000267028809, 10.100000381469727, 11.460000038146973, 12.869999885559082, 12.890000343322754, 12.550000190734863, 11.800000190734863, 11.619999885559082, 13.710000038146973, 14.40999984741211, 14.600000381469727, 13.739999771118164, 14.850000381469727, 17.040000915527344, 15.960000038146973, 15.680000305175781, 16.329999923706055, 16.8799991607666, 16.700000762939453, 15.619999885559082, 15.3100004196167, 15.09000015258789, 16.600000381469727, 17.280000686645508, 18.010000228881836, 18.93000030517578, 18.549999237060547, 17.799999237060547, 18.030000686645508, 18.68000030517578, 19.1299991607666, 18.3799991607666, 19.309999465942383, 18.829999923706055, 18.290000915527344, 16.790000915527344, 17.489999771118164, 18.010000228881836, 17.93000030517578, 18.020000457763672, 17.170000076293945, 18.239999771118164]
assets:[0, 100.00033072066307, 200.6296932527542, 288.8281592674255, 386.5234899765015, 506.2123458522796, 597.8187539578438, 691.6160193734169, 735.4163200119018, 888.9203977453708, 1189.8733044610026, 1403.4405030069352, 1692.418535633564, 2000.6479172101022, 2103.7576210331913, 2148.2663626493454, 2119.884194265747, 2187.5474804556848, 2681.0042174596783, 2917.8895151023867, 3056.3626198568345, 2976.329896420097, 3316.775800201988, 3905.915825857544, 3758.3581649830817, 3792.4228898109436, 4049.634223080063, 4286.027594908905, 4340.323518287659, 4159.630961524201, 4177.077937485409, 4217.054460642242, 4739.039488903618, 5033.16826400013, 5345.796705937576, 5718.8742441955565, 5704.072825398255, 5573.450321112061, 5745.467063807488, 6052.596562881469, 6298.40300968895, 6151.471421122933, 6562.727314494324, 6499.594382665444, 6413.202263020325, 5987.242129473115, 6336.859534073067, 6625.263142197799, 6695.833103965759, 6829.443221488952, 6607.29933435917, 7119.053670667648]
shares:[0, 12.5945, 25.1101, 38.408, 51.8128, 64.5679, 77.5381, 90.6443, 104.9096, 118.2075, 129.0535, 138.9545, 147.6805, 155.4505, 163.2085, 171.1766, 179.6512, 188.2571, 195.551, 202.4906, 209.3399, 216.6179, 223.3519, 229.2204, 235.4861, 241.8637, 247.9874, 253.9116, 259.8996, 266.3016, 272.8333, 279.4602, 285.4843, 291.2713, 296.8238, 302.1064, 307.4972, 313.1152, 318.6615, 324.0148, 329.2422, 334.6829, 339.8616, 345.1723, 350.6398, 356.5957, 362.3133, 367.8658, 373.443, 378.9924, 384.8165, 390.299]
growth_rate:39.59
