ticker:VNQI
price:[49.25, 48.88999938964844, 49.59000015258789, 47.79999923706055, 49.099998474121094, 49.81999969482422, 48.709999084472656, 49.13999938964844, 46.97999954223633, 50.27000045776367, 52.5099983215332, 53.08000183105469, 53.86000061035156, 54.040000915527344, 53.720001220703125, 54.22999954223633, 53.619998931884766, 54.310001373291016, 54.29999923706055, 53.650001525878906, 53.90999984741211, 53.060001373291016, 54.099998474121094, 54.75, 54.689998626708984, 54.650001525878906, 54.619998931884766, 55.31999969482422, 55.97999954223633, 55.959999084472656, 56.02000045776367, 56.5, 57.970001220703125, 57.56999969482422, 57.13999938964844, 58.43000030517578, 57.029998779296875, 57.61000061035156, 58.880001068115234, 59.63999938964844, 60.52000045776367, 58.54999923706055, 59.220001220703125, 58.91999816894531, 59.66999816894531, 58.61000061035156, 58.7400016784668, 58.400001525878906, 58.810001373291016, 59.40999984741211, 58.810001373291016, 59.5]
assets:[0, 99.99960475158692, 201.42962161979673, 294.1611953048706, 402.1633575019836, 508.0593748878479, 596.7413277839661, 702.0091172805786, 771.1532024860383, 925.159034424591, 1066.3835479133606, 1177.9567086349487, 1295.2683826782227, 1399.5981957115173, 1491.3102098876952, 1605.468290447998, 1687.4106423866272, 1809.1258867458346, 1908.7915831806185, 1985.940646482849, 2095.5625590686795, 2162.5240279701234, 2304.9087949905393, 2432.602725, 2529.937460472107, 2628.085783378601, 2726.641270679474, 2861.5874122138976, 2995.7304895030975, 3094.660697370148, 3197.98015413208, 3325.3809499999998, 3511.898034951782, 3587.664511981964, 3660.868336895752, 3843.5137340744013, 3851.4240165618894, 3990.592893278503, 4178.566475801468, 4332.500043661499, 4496.424214010239, 4450.057562013245, 4600.979554840088, 4677.670438632202, 4837.2140385635375, 4851.284553520202, 4962.044019787979, 5033.320931510925, 5168.658114694977, 5321.389332332611, 5367.647635341645, 5530.62615]
shares:[0, 2.0454, 4.0619, 6.154, 8.1907, 10.1979, 12.2509, 14.2859, 16.4145, 18.4038, 20.3082, 22.1921, 24.0488, 25.8993, 27.7608, 29.6048, 31.4698, 33.3111, 35.1527, 37.0166, 38.8715, 40.7562, 42.6046, 44.4311, 46.2596, 48.0894, 49.9202, 51.7279, 53.5143, 55.3013, 57.0864, 58.8563, 60.5813, 62.3183, 64.0684, 65.7798, 67.5333, 69.2691, 70.9675, 72.6442, 74.2965, 76.0044, 77.693, 79.3902, 81.0661, 82.7723, 84.4747, 86.187, 87.8874, 89.5706, 91.271, 92.9517]
growth_rate:8.44
