ticker:VOD
price:[14.180000305175781, 14.119999885559082, 14.029999732971191, 13.359999656677246, 13.460000038146973, 14.630000114440918, 14.279999732971191, 14.84000015258789, 13.510000228881836, 13.970000267028809, 16.1200008392334, 16.469999313354492, 16.850000381469727, 17.549999237060547, 17.209999084472656, 17.149999618530273, 16.709999084472656, 16.479999542236328, 17.540000915527344, 17.360000610351562, 17.579999923706055, 17.149999618530273, 18.59000015258789, 18.700000762939453, 18.489999771118164, 17.18000030517578, 17.709999084472656, 18.8700008392334, 18.739999771118164, 18.8700008392334, 18.729999542236328, 18.68000030517578, 18.950000762939453, 18.690000534057617, 18.950000762939453, 20.020000457763672, 20.079999923706055, 18.3700008392334, 18.469999313354492, 18.479999542236328, 18.59000015258789, 17.889999389648438, 17.290000915527344, 17.149999618530273, 16.670000076293945, 16.290000915527344, 16.5, 16.329999923706055, 16.739999771118164, 16.950000762939453, 16.989999771118164, 17.229999542236328]
assets:[0, 100.00066318950654, 199.36349020557404, 289.8425205516815, 392.011733111, 526.0874891152382, 613.5016325278282, 737.5598795837402, 771.4574900697708, 897.7247901595117, 1135.8861871360778, 1260.5478674468995, 1389.6313264600753, 1547.3606177326203, 1617.3836669593811, 1711.7448919254302, 1767.8276691421509, 1843.4955967933654, 2062.070913632965, 2140.909923271179, 2268.04149815712, 2312.565973561287, 2606.740014396286, 2722.164721061325, 2791.594279443741, 2693.8120218513486, 2876.914969276428, 3165.3520647773744, 3243.5453963848113, 3366.045845703125, 3441.0717698997496, 3531.885565700531, 3682.934543277359, 3732.4043206516267, 3884.325676385498, 4203.6515481178285, 4316.25019960041, 4048.68205296402, 4170.721626948166, 4272.980606155014, 4398.414485102463, 4332.793264178466, 4287.479332027436, 4352.762513180924, 4330.936033821487, 4332.210084477997, 4488.05775, 4541.817154780579, 4755.849000974465, 4915.510391252899, 5027.109868276977, 5198.122007897186]
shares:[0, 7.0822, 14.2098, 21.6948, 29.1242, 35.9595, 42.9623, 49.7008, 57.1027, 64.2609, 70.4644, 76.536, 82.4707, 88.1687, 93.9793, 99.8102, 105.7946, 111.8626, 117.5639, 123.3243, 129.0126, 134.8435, 140.2227, 145.5703, 150.9786, 156.7993, 162.4458, 167.7452, 173.0814, 178.3808, 183.7198, 189.0731, 194.3501, 199.7006, 204.9776, 209.9726, 214.9527, 220.3964, 225.8106, 231.2219, 236.6011, 242.1908, 247.9745, 253.8054, 259.8042, 265.9429, 272.0035, 278.1272, 284.1009, 290.0006, 295.8864, 301.6902]
growth_rate:1.92
