ticker:VONE
price:[157.6300048828125, 153.1300048828125, 152.77999877929688, 151.99000549316406, 154.6699981689453, 160.91000366210938, 161.27000427246094, 160.25999450683594, 151.3300018310547, 162.5, 165.9199981689453, 165.52999877929688, 169.69000244140625, 172.8800048828125, 171.42999267578125, 173.35000610351562, 173.49000549316406, 175.2100067138672, 179.02999877929688, 176.6199951171875, 180.0, 173.6999969482422, 182.47999572753906, 185.33999633789062, 183.91000366210938, 178.91000366210938, 179.57000732421875, 184.74000549316406, 183.35000610351562, 185.05999755859375, 187.4600067138672, 192.36000061035156, 195.33999633789062, 195.19000244140625, 195.14999389648438, 196.8300018310547, 194.11000061035156, 193.44000244140625, 195.97999572753906, 197.0800018310547, 198.27999877929688, 194.7100067138672, 200.30999755859375, 202.58999633789062, 203.3699951171875, 200.85000610351562, 205.3000030517578, 204.4199981689453, 206.38999938964844, 207.57000732421875, 206.1300048828125, 209.9199981689453]
assets:[0, 99.99389318847656, 199.75984840393068, 298.72115679626467, 403.98256821746827, 520.2864058410645, 621.4539614639282, 717.5641254043579, 777.5789484085083, 934.97625, 1054.653876361084, 1152.171556503296, 1281.125580432129, 1405.2032556884765, 1493.4123811950683, 1610.1441966918944, 1711.444206188965, 1828.404025062561, 1968.2737095794678, 2041.7801295532227, 2180.862, 2204.5308812683106, 2415.962151434326, 2553.8183435394285, 2634.1062004516602, 2662.485001498413, 2772.3095150756835, 2952.1268137802126, 3029.913855862427, 3158.1784003356934, 3299.12740415802, 3485.37085105896, 3639.3599377716064, 3736.561254736328, 3835.790220031738, 3968.821107920837, 4013.9812916213987, 4100.134947747803, 4253.980983261108, 4377.8563286743165, 4504.505184268189, 4523.405520973206, 4753.49645906372, 4907.600848287963, 5026.4927993164065, 5064.211968893433, 5276.4153784332275, 5353.800636044311, 5505.391316719056, 5636.874903900147, 5697.76314296875, 5902.530508514404]
shares:[0, 0.653, 1.3075, 1.9654, 2.6119, 3.2334, 3.8535, 4.4775, 5.1383, 5.7537, 6.3564, 6.9605, 7.5498, 8.1282, 8.7115, 9.2884, 9.8648, 10.4355, 10.9941, 11.5603, 12.1159, 12.6916, 13.2396, 13.7791, 14.3228, 14.8817, 15.4386, 15.9799, 16.5253, 17.0657, 17.5991, 18.119, 18.6309, 19.1432, 19.6556, 20.1637, 20.6789, 21.1959, 21.7062, 22.2136, 22.7179, 23.2315, 23.7307, 24.2243, 24.716, 25.2139, 25.701, 26.1902, 26.6747, 27.1565, 27.6416, 28.118]
growth_rate:15.74
