ticker:VONG
price:[56.255001068115234, 54.22999954223633, 53.75, 54.53499984741211, 55.372501373291016, 57.70750045776367, 57.9275016784668, 57.26499938964844, 54.060001373291016, 58.93000030517578, 58.26250076293945, 57.98749923706055, 59.349998474121094, 60.29249954223633, 59.7400016784668, 61.337501525878906, 61.5, 61.95249938964844, 62.79499816894531, 61.244998931884766, 63.625, 61.532501220703125, 64.69249725341797, 65.50250244140625, 64.4124984741211, 61.494998931884766, 60.52000045776367, 61.974998474121094, 61.39500045776367, 61.98249816894531, 63.41749954223633, 66.02249908447266, 67.19999694824219, 67.12000274658203, 66.80000305175781, 66.05000305175781, 64.68000030517578, 64.70999908447266, 65.87999725341797, 65.95999908447266, 67.25, 67.4800033569336, 69.27999877929688, 70.80000305175781, 71.45999908447266, 70.6500015258789, 73.02999877929688, 72.0999984741211, 72.77999877929688, 72.93000030517578, 72.7300033569336, 74.22000122070312]
assets:[0, 100.0001191558838, 199.116875, 302.02573615493776, 406.66672458572384, 523.8167524051667, 625.8139716331482, 718.658562840271, 778.436989774704, 948.5608569122314, 1037.8182735900878, 1132.919168844223, 1259.5375376174927, 1379.5406235260011, 1466.8978192142488, 1606.122477455139, 1710.3765, 1822.9584897903442, 1947.7501352050783, 1999.6737131256102, 2177.3811124999997, 2205.774031008911, 2419.0530190467834, 2549.344294519043, 2606.921961994171, 2588.8410630340577, 2647.792384027481, 2811.4524232795716, 2885.141396011734, 3012.75229724884, 3182.5057465278624, 3413.231157669067, 3574.105757688904, 3669.853270172119, 3752.356571426392, 3810.226526046753, 3831.1969260765077, 3932.9766793556214, 4104.086660897827, 4209.072441577911, 4391.391374999999, 4506.409096180725, 4726.614060717774, 4930.31397251587, 5076.275370964051, 5118.733910552978, 5391.169448886108, 5422.518315241241, 5573.659700515747, 5685.14877878952, 5769.554798300171, 5987.7505524810795]
shares:[0, 1.844, 3.7045, 5.5382, 7.3442, 9.0771, 10.8034, 12.5497, 14.3995, 16.0964, 17.8128, 19.5373, 21.2222, 22.8808, 24.5547, 26.185, 27.811, 29.4251, 31.0176, 32.6504, 34.2221, 35.8473, 37.3931, 38.9198, 40.4723, 42.0984, 43.7507, 45.3643, 46.9931, 48.6065, 50.1834, 51.698, 53.1861, 54.676, 56.173, 57.687, 59.2331, 60.7785, 62.2964, 63.8125, 65.2995, 66.7814, 68.2248, 69.6372, 71.0366, 72.452, 73.8213, 75.2083, 76.5823, 77.9535, 79.3284, 80.6757]
growth_rate:17.41
