ticker:VONV
price:[53.30500030517578, 52.23500061035156, 52.505001068115234, 51.06999969482422, 52.14500045776367, 54.17499923706055, 54.119998931884766, 54.20000076293945, 51.31999969482422, 53.98500061035156, 57.14500045776367, 57.15999984741211, 58.790000915527344, 59.875, 59.4900016784668, 59.20500183105469, 59.20500183105469, 59.90999984741211, 61.76499938964844, 61.665000915527344, 61.5, 59.39500045776367, 62.220001220703125, 63.400001525878906, 63.595001220703125, 62.9900016784668, 64.66999816894531, 66.79000091552734, 66.26000213623047, 66.84500122070312, 67.01499938964844, 67.87000274658203, 68.76000213623047, 68.80999755859375, 69.0999984741211, 71.01000213623047, 70.44999694824219, 70.04000091552734, 70.69999694824219, 71.26000213623047, 70.83000183105469, 67.97000122070312, 70.16000366210938, 70.23999786376953, 70.0199966430664, 69.02999877929688, 69.7300033569336, 70.12999725341797, 70.79000091552734, 71.58999633789062, 70.69000244140625, 71.77999877929688]
assets:[0, 99.99868516845703, 200.51659907913208, 295.036495236969, 401.2453495223999, 516.8674152210235, 616.3401958358766, 717.2502900962829, 779.1402353668213, 919.6020943969727, 1073.4288320987703, 1173.7120048667907, 1307.1839123565674, 1431.3058875000002, 1522.1052339450835, 1614.8105044418335, 1714.8077525344847, 1835.2290163257599, 1992.0509368148803, 2088.8279080123903, 2183.2377, 2208.5080600212095, 2413.5511793518067, 2559.324921596527, 2667.199789196777, 2741.828793060303, 2914.9548984664916, 3110.5105276374816, 3185.8272847114563, 3313.954572018433, 3422.382302330017, 3566.046045311737, 3712.806331349182, 3815.5074836242675, 3931.5895231819154, 4140.266578553772, 4207.611977734375, 4283.128159986877, 4423.4867090606685, 4558.5237146553045, 4631.0142627182, 4544.018882608032, 4790.426826043701, 4895.889403099823, 4980.557371219635, 5010.135184402466, 5160.940684457397, 5290.543875800323, 5440.3319133598325, 5601.809828445435, 5631.38473348999, 5818.213937054444]
shares:[0, 1.9144, 3.819, 5.7771, 7.6948, 9.5407, 11.3884, 13.2334, 15.182, 17.0344, 18.7843, 20.5338, 22.2348, 23.9049, 25.5859, 27.2749, 28.9639, 30.6331, 32.2521, 33.8738, 35.4998, 37.1834, 38.7906, 40.3679, 41.9404, 43.528, 45.0743, 46.5715, 48.0807, 49.5767, 51.0689, 52.5423, 53.9966, 55.4499, 56.8971, 58.3054, 59.7248, 61.1526, 62.567, 63.9703, 65.3821, 66.8533, 68.2786, 69.7023, 71.1305, 72.5791, 74.0132, 75.4391, 76.8517, 78.2485, 79.6631, 81.0562]
growth_rate:14.08
