ticker:VOR
price:[37.5, 48.779998779296875, 48.90999984741211, 44.959999084472656, 33.369998931884766, 44.400001525878906, 40.599998474121094, 36.58000183105469, 38.779998779296875, 32.02000045776367, 30.100000381469727, 29.75, 28.18000030517578, 24.530000686645508, 19.5, 21.579999923706055, 21.100000381469727, 20.420000076293945, 21.270000457763672, 20.860000610351562, 21.299999237060547, 20.3799991607666, 19.18000030517578, 15.6899995803833, 13.0, 12.520000457763672, 13.5, 14.140000343322754, 13.270000457763672, 15.369999885559082, 14.6899995803833]
assets:[0, 99.99899749755859, 200.2668853752136, 284.0932422149658, 310.85822504997253, 513.610337651062, 569.6545185905456, 613.2490986968995, 750.1292723876953, 719.3677342842102, 776.233859837532, 867.20655, 921.4409219787598, 902.0907752513885, 817.1124, 1004.2706144495011, 1081.9320595603942, 1147.0649162857055, 1294.8134048664094, 1369.8553800811767, 1498.748886316681, 1534.0147648303987, 1543.6908165618895, 1362.8004145529746, 1229.1526000000001, 1283.7682949378968, 1484.2548, 1654.6190061745644, 1652.8143860157013, 2014.375278001499, 2025.2558891489982]
shares:[0, 2.05, 4.0946, 6.3188, 9.3155, 11.5678, 14.0309, 16.7646, 19.3432, 22.4662, 25.7885, 29.1498, 32.6984, 36.775, 41.9032, 46.5371, 51.2764, 56.1736, 60.8751, 65.669, 70.3638, 75.2706, 80.4844, 86.8579, 94.5502, 102.5374, 109.9448, 117.0169, 124.5527, 131.0589, 137.8663]
growth_rate:-32.49
