ticker:VOSOU
price:[10.350000381469727, 10.300000190734863, 10.390000343322754, 10.329999923706055, 10.34000015258789, 10.199999809265137, 10.170000076293945, 10.039999961853027, 9.949999809265137, 10.020000457763672, 10.0, 10.09000015258789, 10.079999923706055, 9.979999542236328, 9.970000267028809, 9.970000267028809, 9.979999542236328, 10.168999671936035, 10.109999656677246, 10.380000114440918, 10.5, 10.609999656677246, 10.619999885559082, 10.800000190734863, 10.720000267028809, 10.619999885559082, 10.600000381469727, 10.510000228881836, 10.479999542236328, 10.45199966430664, 10.473999977111816, 10.27239990234375]
assets:[0, 99.99961185178758, 200.87299363756182, 299.71255178642275, 400.00290590286255, 494.5867707514763, 593.1316934495926, 685.5502733952521, 779.4053750593185, 884.888284426117, 983.1220000000001, 1091.9700865135192, 1190.8874789863587, 1279.07266933136, 1377.7912259016991, 1477.791325580025, 1579.273051561737, 1709.181059259796, 1799.2645068992613, 1947.3160474694253, 2069.82825, 2191.512405086136, 2293.578011284447, 2432.45272295866, 2514.4350226330757, 2590.979426079655, 2686.100516666603, 2763.2934641777038, 2855.4058272766115, 2947.7764201244354, 3053.981680926323, 3095.199413854981]
shares:[0, 9.7087, 19.3333, 29.0138, 38.685, 48.4889, 58.3217, 68.2819, 78.3322, 88.3122, 98.3122, 108.223, 118.1436, 128.1636, 138.1937, 148.2238, 158.2438, 168.0776, 177.9688, 187.6027, 197.1265, 206.5516, 215.9678, 225.2271, 234.5555, 243.9717, 253.4057, 262.9204, 272.4624, 282.0299, 291.5774, 301.3122]
growth_rate:-0.15
