ticker:VOSO
price:[9.850000381469727, 9.6899995803833, 9.710000038146973, 9.819999694824219, 9.859999656677246, 9.699999809265137, 9.699999809265137, 9.720000267028809, 9.680000305175781, 9.699999809265137, 9.800000190734863, 9.829999923706055, 9.899999618530273, 9.899999618530273, 9.895000457763672, 9.920000076293945, 9.920000076293945, 9.899999618530273, 9.899999618530273, 9.859999656677246, 9.890000343322754, 9.890999794006348, 9.845000267028809, 9.878000259399414, 9.880000114440918]
assets:[0, 99.99982666959762, 200.20660678653718, 302.4746486000061, 403.7068399430275, 497.1560302242279, 597.156238257885, 698.3878511861801, 795.514041079712, 897.1578323588371, 1006.4070995874405, 1109.4875163888933, 1217.38810309124, 1317.3879992380143, 1416.7226275405885, 1520.3015156925203, 1620.301068461609, 1717.03415383873, 1817.0340499855042, 1909.6926215049743, 2015.5029499664306, 2115.7066161375046, 2205.866821830368, 2313.2607225469587, 2413.7294759584424]
shares:[0, 10.3199, 20.6186, 30.8019, 40.9439, 51.2532, 61.5625, 71.8506, 82.1812, 92.4905, 102.6946, 112.8675, 122.9685, 133.0695, 143.1756, 153.2562, 163.3368, 173.4378, 183.5388, 193.6808, 203.792, 213.9022, 224.0596, 234.1831, 244.3046]
growth_rate:0.57
