ticker:VOXX
price:[5.960000038146973, 6.400000095367432, 8.59000015258789, 7.590000152587891, 7.880000114440918, 8.930000305175781, 10.390000343322754, 13.869999885559082, 11.329999923706055, 10.380000114440918, 11.0600004196167, 11.579999923706055, 12.829999923706055, 13.1899995803833, 12.369999885559082, 13.140000343322754, 14.239999771118164, 12.760000228881836, 14.619999885559082, 21.540000915527344, 21.329999923706055, 18.68000030517578, 22.280000686645508, 21.639999389648438, 24.299999237060547, 20.729999542236328, 20.18000030517578, 23.75, 23.049999237060547, 19.350000381469727, 19.809999465942383, 19.450000762939453, 17.469999313354492, 17.690000534057617, 17.049999237060547, 17.3700008392334, 13.720000267028809, 14.789999961853027, 15.039999961853027, 16.110000610351562, 15.1899995803833, 13.220000267028809, 13.960000038146973, 13.680000305175781, 13.5600004196167, 10.6899995803833, 10.770000457763672, 11.420000076293945, 11.460000038146973, 11.670000076293945, 10.210000038146973, 10.609999656677246]
assets:[0, 100.00000149011612, 234.21838016052246, 306.95175017089844, 418.68016608047486, 574.4687056320191, 768.3903973903657, 1125.7529927114485, 1019.5946241342544, 1034.1033594011308, 1201.8482175981521, 1358.3548350505828, 1604.9816704559328, 1750.0161693263055, 1741.220975891113, 1949.6068169394493, 2212.8162204330442, 2082.8327013607027, 2486.4423865368844, 3763.335411955261, 3826.644646312713, 3451.2290603828433, 4216.3475379432675, 4195.2319896743775, 4810.911418953323, 4204.122681163788, 4192.580719403076, 5034.280374999999, 4985.9015399700165, 4285.562619486427, 4487.442300023079, 4505.89415174675, 4147.196148997497, 4299.421954798699, 4243.874390098572, 4423.526052723122, 3593.999345949078, 3974.288923749352, 4141.467029495716, 4536.105759857178, 4377.060658085728, 3909.3973269653316, 4228.228543554021, 4243.4211826629635, 4306.197805256081, 3494.782145818615, 3620.936619902802, 3939.4706343185426, 4053.2690774921416, 4227.543885638046, 3798.6478711926457, 4047.4687170303346]
shares:[0, 15.625, 27.2664, 40.4416, 53.132, 64.3302, 73.9548, 81.1646, 89.9907, 99.6246, 108.6662, 117.3018, 125.096, 132.6775, 140.7616, 148.3719, 155.3944, 163.2314, 170.0713, 174.7138, 179.402, 184.7553, 189.2436, 193.8647, 197.9799, 202.8038, 207.7592, 211.9697, 216.3081, 221.4761, 226.5241, 231.6655, 237.3896, 243.0425, 248.9076, 254.6647, 261.9533, 268.7146, 275.3635, 281.5708, 288.1541, 295.7184, 302.8817, 310.1916, 317.5662, 326.9207, 336.2058, 344.9624, 353.6884, 362.2574, 372.0517, 381.4768]
growth_rate:-20.64
