ticker:VPCBU
price:[10.0, 10.029999732971191, 9.960000038146973, 9.899999618530273, 9.949999809265137, 10.039999961853027, 10.029999732971191, 9.970000267028809, 9.9399995803833, 10.0, 10.0, 9.920000076293945, 10.0, 9.9399995803833, 10.0, 10.0, 10.050000190734863, 10.050000190734863, 10.050000190734863, 10.039999961853027, 10.050000190734863, 10.020000457763672, 10.140000343322754, 10.149999618530273, 10.100000381469727, 10.180000305175781, 10.140000343322754]
assets:[0, 100.00010033769608, 199.30258876333238, 298.1018585134506, 399.60791233978273, 503.2228700880051, 602.7217409537316, 699.1163587245941, 797.013022354126, 901.8240000000001, 1001.8240000000001, 1093.8089684123993, 1202.63, 1295.414541314125, 1403.234, 1503.234, 1610.749710569763, 1710.7492224676134, 1810.7487343654634, 1908.9473607469558, 2010.8482581630706, 2104.845384159851, 2230.052757505703, 2332.2516873464583, 2420.763041430473, 2539.9375621421814, 2629.957133045769]
shares:[0, 9.9701, 20.0103, 30.1113, 40.1616, 50.1218, 60.0919, 70.122, 80.1824, 90.1824, 100.1824, 110.263, 120.263, 130.3234, 140.3234, 150.3234, 160.2736, 170.2238, 180.174, 190.1342, 200.0844, 210.0644, 219.9263, 229.7785, 239.6795, 249.5027, 259.3646]
growth_rate:1.15
