ticker:VPN
price:[14.437000274658203, 15.579999923706055, 15.343999862670898, 15.097999572753906, 15.119000434875488, 15.21500015258789, 14.85200023651123, 15.050000190734863, 15.180000305175781, 15.579999923706055, 15.430000305175781, 15.609000205993652, 15.99899959564209, 15.739999771118164, 16.291000366210938, 16.204999923706055, 16.229999542236328, 15.449999809265137, 14.57800006866455, 15.149999618530273, 15.350000381469727, 15.428999900817871, 15.869999885559082, 15.880000114440918, 16.25, 16.579999923706055, 16.600000381469727, 16.18000030517578, 15.954999923706055, 16.06999969482422, 16.41200065612793, 16.93600082397461, 17.43000030517578, 17.270000457763672, 17.229999542236328, 17.260000228881836, 17.479999542236328, 17.371000289916992, 17.309999465942383, 17.360000610351562, 17.614999771118164, 17.690000534057617, 17.649999618530273, 17.56999969482422, 17.860000610351562]
assets:[0, 100.0002295103073, 198.48537902355196, 295.30328344345094, 395.71413408212663, 498.2273519966126, 586.3406321372032, 694.1571787973403, 800.1529960861205, 921.2376054887771, 1012.368492022705, 1124.1133678350448, 1252.2001009519577, 1331.9282246318817, 1478.5549022369385, 1570.7490221048356, 1673.171751808548, 1692.7606891023636, 1697.2217909941673, 1863.816583069992, 1988.422164415169, 2098.6556523092268, 2258.6406017126087, 2360.063385008049, 2515.0515, 2666.1269917316436, 2769.3432036397935, 2799.2759647979738, 2860.348566322327, 2980.9656593902587, 3144.4063885087967, 3344.8008867321014, 3542.3634530220033, 3609.84630268364, 3701.484618659592, 3807.928866496277, 3956.4650483886717, 4031.793533389473, 4117.635163960457, 4229.529788703919, 4391.657245436669, 4510.355752166748, 4600.156465576743, 4679.305570724488, 4856.539587968446]
shares:[0, 6.4185, 12.9357, 19.5591, 26.1733, 32.7458, 39.4789, 46.1234, 52.711, 59.1295, 65.6104, 72.017, 78.2674, 84.6206, 90.759, 96.9299, 103.0913, 109.5638, 116.4235, 123.0242, 129.5389, 136.0202, 142.3214, 148.6186, 154.7724, 160.8038, 166.8279, 173.0084, 179.276, 185.4988, 191.5919, 197.4965, 203.2337, 209.0241, 214.8279, 220.6216, 226.3424, 232.0991, 237.8761, 243.6365, 249.3135, 254.9664, 260.6321, 266.3236, 271.9227]
growth_rate:10.38
