ticker:VRA
price:[7.590000152587891, 7.380000114440918, 7.809999942779541, 6.460000038146973, 6.889999866485596, 7.139999866485596, 7.420000076293945, 7.28000020980835, 6.340000152587891, 6.670000076293945, 7.119999885559082, 9.020000457763672, 8.989999771118164, 8.270000457763672, 7.25, 7.760000228881836, 8.100000381469727, 7.960000038146973, 7.980000019073486, 8.039999961853027, 8.470000267028809, 8.449999809265137, 8.979999542236328, 8.970000267028809, 9.239999771118164, 9.489999771118164, 10.140000343322754, 11.420000076293945, 11.40999984741211, 10.300000190734863, 10.239999771118164, 11.170000076293945, 10.949999809265137, 11.300000190734863, 11.100000381469727, 11.039999961853027, 10.90999984741211, 10.399999618530273, 11.479999542236328, 12.640000343322754, 12.720000267028809, 11.4399995803833, 11.989999771118164, 12.199999809265137, 11.75, 11.079999923706055, 10.890000343322754, 11.010000228881836, 11.359999656677246, 11.640000343322754, 11.119999885559082, 11.850000381469727]
assets:[0, 99.99973955068589, 205.82630049200057, 270.24828759584426, 388.23702347674373, 502.32398060679435, 622.0230583957673, 710.2870524703503, 718.574349294281, 855.9764507909775, 1013.7256477062225, 1384.2426442501067, 1479.6388903289794, 1461.1362378772735, 1380.92345, 1578.0643345451356, 1747.2065322847366, 1817.0077167077065, 1921.5728325928687, 2036.020646339798, 2244.912586774063, 2339.611442189884, 2586.356608158111, 2683.4769408846855, 2864.2502410503384, 3041.7461146385194, 3350.084747428036, 3872.975399874306, 3969.583445914078, 3683.4098482091904, 3761.952683913803, 4203.615064711762, 4220.821966478729, 4455.734715209198, 4476.872133855057, 4552.672976268959, 4599.063522677231, 4484.075275525093, 5049.729210642624, 5659.981065734196, 5795.8032496703145, 5312.577933135795, 5667.99062680149, 5867.262948271179, 5750.8471500000005, 5522.926789970588, 5528.219376284981, 5689.136863268853, 5969.98994757452, 6217.138359375, 6039.396481845856, 6535.867710399627]
shares:[0, 13.5501, 26.3542, 41.8341, 56.3479, 70.3535, 83.8306, 97.5669, 113.3398, 128.3323, 142.3772, 153.4637, 164.5872, 176.6791, 190.4722, 203.3588, 215.7045, 228.2673, 240.7986, 253.2364, 265.0428, 276.8771, 288.013, 299.1613, 309.9838, 320.5212, 330.3831, 339.1397, 347.9039, 357.6126, 367.3782, 376.3308, 385.4632, 394.3128, 403.3218, 412.3798, 421.5457, 431.1611, 439.8719, 447.7833, 455.6449, 464.3862, 472.7265, 480.9232, 489.4338, 498.4591, 507.6418, 516.7245, 525.5273, 534.1184, 543.1112, 551.55]
growth_rate:28.15
