ticker:VRAY
price:[2.7799999713897705, 2.9000000953674316, 3.180000066757202, 3.259999990463257, 3.4100000858306885, 3.1600000858306885, 3.1500000953674316, 3.049999952316284, 2.9700000286102295, 2.7799999713897705, 3.9000000953674316, 3.7300000190734863, 3.930000066757202, 3.700000047683716, 4.099999904632568, 4.105000019073486, 4.139999866485596, 3.819999933242798, 5.28000020980835, 5.179999828338623, 4.480000019073486, 4.440000057220459, 5.099999904632568, 5.090000152587891, 5.0, 4.360000133514404, 4.210000038146973, 4.769999980926514, 4.429999828338623, 4.599999904632568, 4.409999847412109, 4.289999961853027, 4.380000114440918, 4.599999904632568, 4.809999942779541, 5.440000057220459, 5.179999828338623, 5.900000095367432, 5.880000114440918, 6.460000038146973, 5.809999942779541, 5.769999980926514, 6.559999942779541, 6.559999942779541, 6.909999847412109, 6.429999828338623, 6.460000038146973, 6.639999866485596, 6.159999847412109, 5.5, 5.550000190734863, 5.920000076293945]
assets:[0, 100.00012328853606, 209.6551784012556, 314.9293650787115, 429.4199468086242, 497.9376455247879, 596.3617980550766, 677.4296944090605, 759.6609643178701, 811.0630456529856, 1237.8222002686978, 1283.866006565094, 1452.7060536764861, 1467.6875289148093, 1726.3562098443508, 1828.4614234957694, 1944.0512013046266, 1893.7863589047433, 2717.589707987309, 2766.1199083328247, 2492.3198826109888, 2570.0669491217136, 3052.1036129271984, 3146.1194233142855, 3190.4905000000003, 2882.1078922575475, 2882.952875122547, 3366.433687538862, 3226.478295974779, 3450.293408468342, 3407.7810770893097, 3415.0523246331213, 3586.696683713436, 3866.8500798322675, 4143.380126709747, 4786.068530342102, 4657.322305659771, 5404.672667360974, 5486.351746779442, 6127.522570183659, 5610.976070739651, 5672.346193249321, 6548.9758628757, 6648.975846003437, 7103.723075134278, 6710.266159856366, 6841.574152400207, 7132.20579258852, 6716.624825624085, 6096.986499999999, 6252.413764874458, 6769.241255238533]
shares:[0, 34.4828, 65.9293, 96.6041, 125.9296, 157.5752, 189.3212, 222.1081, 255.7781, 291.7493, 317.3903, 344.2, 369.6453, 396.6723, 421.0625, 445.423, 469.5776, 495.7556, 514.695, 534.0, 556.3214, 578.8439, 598.4517, 618.0981, 638.0981, 661.0339, 684.7869, 705.7513, 728.3247, 750.0638, 772.7395, 796.0495, 818.8805, 840.6196, 861.4096, 879.792, 899.097, 916.0462, 933.053, 948.5329, 965.7446, 983.0756, 998.3195, 1013.5634, 1028.0352, 1043.5873, 1059.0672, 1074.1274, 1090.3612, 1108.543, 1126.561, 1143.4529]
growth_rate:32.73
