ticker:VRCA
price:[8.399999618530273, 8.390000343322754, 9.59000015258789, 8.149999618530273, 7.809999942779541, 8.90999984741211, 8.6899995803833, 8.470000267028809, 7.409999847412109, 7.639999866485596, 8.640000343322754, 9.460000038146973, 9.420000076293945, 9.920000076293945, 10.800000190734863, 10.569999694824219, 12.0, 11.510000228881836, 12.109999656677246, 10.890000343322754, 12.640000343322754, 11.75, 13.960000038146973, 13.640000343322754, 14.899999618530273, 13.710000038146973, 13.680000305175781, 16.93000030517578, 15.829999923706055, 13.239999771118164, 15.329999923706055, 13.760000228881836, 12.6899995803833, 13.529999732971191, 13.199999809265137, 11.5, 11.699999809265137, 11.350000381469727, 11.260000228881836, 9.770000457763672, 10.489999771118164, 11.569999694824219, 11.430000305175781, 11.550000190734863, 10.369999885559082, 10.279999732971191, 10.569999694824219, 10.699999809265137, 10.600000381469727, 10.739999771118164, 9.850000381469727, 11.069999694824219]
assets:[0, 100.0004140920639, 214.30293840980528, 282.12364679489133, 370.3541022865772, 522.5162490516663, 609.6147675633431, 694.181740885067, 707.3067154350281, 829.2608655080795, 1037.8031452385903, 1236.2980789853098, 1331.070502780533, 1501.7213555496214, 1734.9390306401253, 1797.9907720886229, 2141.238, 2153.804188829422, 2366.0783749208454, 2227.711831231785, 2685.7005049479485, 2596.596075, 3184.9768007032394, 3211.9691048461914, 3608.6756076107026, 3420.4654085171696, 3512.9803023681643, 4447.570335170746, 4258.596077475357, 3661.83307669735, 4339.872389401436, 3995.4100824590682, 3784.7200418517114, 4135.24552738657, 4134.386460259723, 3701.9282, 3866.30939697094, 3850.6510694190983, 3920.1172836841583, 3501.380580053711, 3859.4146287912367, 4356.760904084014, 4404.043125585938, 4550.279655142594, 4185.402469810868, 4249.077521627808, 4468.944077973175, 4623.9075475756645, 4680.6941084474565, 4842.514462800407, 4541.2264458721165, 5203.692468545532]
shares:[0, 11.919, 22.3465, 34.6164, 47.4205, 58.6438, 70.1513, 81.9577, 95.453, 108.542, 120.1161, 130.6869, 141.3026, 151.3832, 160.6425, 170.1032, 178.4365, 187.1246, 195.3822, 204.5649, 212.4763, 220.9869, 228.1502, 235.4816, 242.193, 249.4869, 256.7968, 262.7035, 269.0206, 276.5735, 283.0967, 290.3641, 298.2443, 305.6353, 313.2111, 321.9068, 330.4538, 339.2644, 348.1454, 358.3808, 367.9137, 376.5567, 385.3056, 393.9636, 403.6068, 413.3344, 422.7951, 432.1409, 441.5749, 450.8859, 461.0382, 470.0716]
growth_rate:2.03
