ticker:VRDN
price:[13.499993324279785, 13.634993553161621, 12.70499324798584, 12.119994163513184, 11.099994659423828, 8.999995231628418, 8.249996185302734, 7.349996089935303, 19.64999008178711, 15.599991798400879, 15.779999732971191, 17.239999771118164, 16.93000030517578, 16.729999542236328, 18.309999465942383, 19.950000762939453, 17.6299991607666, 16.450000762939453, 18.790000915527344, 23.030000686645508, 21.780000686645508, 17.81999969482422, 20.700000762939453, 18.989999771118164, 18.299999237060547, 16.440000534057617, 16.049999237060547, 18.0, 17.979999542236328, 18.09000015258789, 15.770000457763672, 15.65999984741211, 14.760000228881836, 18.450000762939453, 18.25, 17.530000686645508, 17.420000076293945, 17.75, 18.010000228881836, 16.049999237060547, 16.239999771118164, 16.93000030517578, 18.25, 17.68000030517578, 17.790000915527344, 18.049999237060547, 17.200000762939453, 15.524999618530273, 14.470000267028809, 11.774999618530273, 13.579999923706055, 13.760000228881836]
assets:[0, 100.00040621824265, 193.1794223356247, 284.2841591005325, 360.35910661926266, 392.1828922139168, 459.5008625324249, 509.3731040227413, 1461.7942021682738, 1260.508977295208, 1375.0533967313766, 1602.2769587278365, 1673.4661961654663, 1753.6971070156096, 2019.3182911014555, 2300.1852129650115, 2132.695709478188, 2089.9512119304654, 2487.2455741889953, 3148.498180873298, 3077.607751025963, 2618.043075164795, 3141.160945773697, 2981.673036062622, 2973.334466039658, 2771.126490020752, 2805.3873916454318, 3246.2298, 3342.622158898163, 3463.07184221077, 3118.94180353508, 3197.1862848472597, 3113.440500279808, 3991.8015750679015, 4048.530725, 3988.8079102405545, 4063.777683798027, 4240.760775, 4402.879541954422, 4023.7203637317657, 4171.352749210167, 4448.584442189026, 4895.432925, 4842.534403587341, 4972.662834908295, 5145.33819751625, 5003.038181919479, 4615.823024083137, 4402.154642237186, 3682.264928207207, 4346.7230415796275, 4504.337450924492]
shares:[0, 7.3341, 15.205, 23.4558, 32.4648, 43.5759, 55.6971, 69.3025, 74.3916, 80.8019, 87.139, 92.9395, 98.8462, 104.8235, 110.285, 115.2975, 120.9697, 127.0487, 132.3707, 136.7129, 141.3043, 146.916, 151.7469, 157.0128, 162.4773, 168.56, 174.7905, 180.3461, 185.9078, 191.4357, 197.7769, 204.1626, 210.9377, 216.3578, 221.8373, 227.5418, 233.2823, 238.9161, 244.4686, 250.6991, 256.8567, 262.7634, 268.2429, 273.899, 279.5201, 285.0603, 290.8743, 297.3155, 304.2263, 312.7189, 320.0827, 327.3501]
growth_rate:-11.68
