ticker:VREX
price:[10.84000015258789, 10.699999809265137, 12.430000305175781, 12.069999694824219, 12.369999885559082, 13.520000457763672, 13.619999885559082, 14.1899995803833, 13.399999618530273, 14.140000343322754, 14.569999694824219, 14.760000228881836, 16.600000381469727, 16.489999771118164, 16.15999984741211, 17.040000915527344, 16.25, 16.68000030517578, 18.3799991607666, 18.459999084472656, 20.270000457763672, 19.360000610351562, 23.450000762939453, 23.5, 22.90999984741211, 22.93000030517578, 23.239999771118164, 23.420000076293945, 22.399999618530273, 21.170000076293945, 20.8799991607666, 21.950000762939453, 22.729999542236328, 22.8700008392334, 23.739999771118164, 24.520000457763672, 23.93000030517578, 25.40999984741211, 25.09000015258789, 25.170000076293945, 25.81999969482422, 26.459999084472656, 27.979999542236328, 27.65999984741211, 26.829999923706055, 25.940000534057617, 26.690000534057617, 27.299999237060547, 28.920000076293945, 27.579999923706055, 27.56999969482422, 28.600000381469727]
assets:[0, 100.00005821743012, 216.16889230728148, 309.90810516433714, 417.6111961364746, 556.4345468399048, 660.5495644497871, 788.1934596920967, 844.3125359642029, 990.9382940602303, 1121.072599518585, 1235.6924591617583, 1489.7354942342758, 1579.8640040714265, 1648.247264436722, 1838.0026587524414, 1852.7892499999998, 2001.816876625061, 2305.838900715065, 2415.874848184204, 2752.7511961662294, 2729.169606040955, 3405.7350658046726, 3512.9962, 3524.797407523727, 3627.8745842834473, 3776.920606802559, 3906.174972724915, 3836.0514546724316, 3725.4119334259035, 3774.3793122957227, 4067.7982863887787, 4312.349151152801, 4438.9093598894115, 4707.770150611495, 4962.448416643906, 4943.043081037903, 5348.756688880539, 5381.398574727631, 5498.557672666931, 5740.55536815033, 5982.846578990937, 6426.533032859421, 6453.033708401489, 6359.396829916382, 6248.445486644172, 6529.105436645126, 6778.327730569458, 7280.557963206863, 7043.21490051651, 7140.660247959137, 7507.431460134887]
shares:[0, 9.3458, 17.3909, 25.6759, 33.76, 41.1564, 48.4985, 55.5457, 63.0084, 70.0805, 76.9439, 83.719, 89.7431, 95.8074, 101.9955, 107.864, 114.0178, 120.013, 125.4537, 130.8708, 135.8042, 140.9695, 145.2339, 149.4892, 153.8541, 158.2152, 162.5181, 166.788, 171.2523, 175.976, 180.7653, 185.3211, 189.7206, 194.0931, 198.3054, 202.3837, 206.5626, 210.4981, 214.4838, 218.4568, 222.3298, 226.1091, 229.6831, 233.2984, 237.0256, 240.8807, 244.6274, 248.2904, 251.7482, 255.374, 259.0011, 262.4976]
growth_rate:47.2
