ticker:VRIG
price:[24.899999618530273, 24.8799991607666, 24.920000076293945, 24.829999923706055, 24.860000610351562, 24.8700008392334, 24.885000228881836, 24.8799991607666, 24.8799991607666, 24.8799991607666, 24.969999313354492, 24.989999771118164, 24.959999084472656, 24.959999084472656, 24.979999542236328, 25.020000457763672, 24.989999771118164, 24.989999771118164, 25.020000457763672, 25.06999969482422, 25.06999969482422, 25.09000015258789, 25.110000610351562, 25.100000381469727, 25.100000381469727, 25.100000381469727, 25.09000015258789, 25.079999923706055, 25.079999923706055, 25.06999969482422, 25.06999969482422, 25.09000015258789, 25.09000015258789, 25.075000762939453, 25.079999923706055, 25.104999542236328, 25.104999542236328, 25.104999542236328, 25.094999313354492, 25.104999542236328, 25.104999542236328, 25.110000610351562, 25.094999313354492, 25.104999542236328, 25.104999542236328, 25.114999771118164, 25.100000381469727, 25.100000381469727, 25.100000381469727, 25.110000610351562, 25.110000610351562, 25.100000381469727]
assets:[0, 100.00018062686921, 200.1599326128006, 299.43738407993317, 399.7985298156739, 499.9591398710251, 600.2610445209503, 700.1405923833847, 800.1407730102538, 900.1409536371231, 1003.3969494077683, 1104.2006328866958, 1202.8747718788147, 1302.874512210846, 1403.9184402729036, 1506.1664975566864, 1604.3604843057633, 1704.3604673898697, 1806.4065030498502, 1910.015587749481, 2010.0148025321962, 2111.6195748420714, 2213.303426799011, 2312.4228751441956, 2412.423786664009, 2512.4246981838223, 2611.424922881699, 2710.383051754952, 2810.3820274507525, 2909.260649585724, 3009.2598643684387, 3111.6618189239502, 3211.6630325321194, 3309.742128203201, 3410.4009616254802, 3513.801176929474, 3613.8019216060634, 3713.8026662826537, 3812.3243871877667, 3913.8443236351013, 4013.8450683116907, 4114.645228015137, 4212.188106246758, 4313.867386341095, 4413.868131017685, 4515.626728847504, 4612.930780107308, 4712.931691627121, 4812.9326031469345, 4914.8507274658205, 5014.851304896546, 5112.855017705155]
shares:[0, 4.0193, 8.0321, 12.0595, 16.082, 20.1029, 24.1214, 28.1407, 32.16, 36.1793, 40.1841, 44.1857, 48.1921, 52.1985, 56.2017, 60.1985, 64.2001, 68.2017, 72.1985, 76.1873, 80.1761, 84.1618, 88.1443, 92.1284, 96.1125, 100.0966, 104.0823, 108.0695, 112.0567, 116.0455, 120.0343, 124.02, 128.0057, 131.9937, 135.9809, 139.9642, 143.9475, 147.9308, 151.9157, 155.899, 159.8823, 163.8648, 167.8497, 171.833, 175.8163, 179.798, 183.7821, 187.7662, 191.7503, 195.7328, 199.7153, 203.6994]
growth_rate:0.25
