ticker:VRM
price:[58.040000915527344, 51.220001220703125, 46.689998626708984, 49.529998779296875, 50.5099983215332, 49.52000045776367, 48.38999938964844, 46.099998474121094, 41.099998474121094, 42.90999984741211, 36.22999954223633, 36.47999954223633, 37.43000030517578, 33.130001068115234, 34.720001220703125, 41.040000915527344, 42.88999938964844, 40.970001220703125, 40.7400016784668, 36.84000015258789, 36.54999923706055, 36.83000183105469, 46.709999084472656, 50.93000030517578, 49.47999954223633, 44.25, 31.969999313354492, 37.599998474121094, 36.779998779296875, 37.43000030517578, 39.220001220703125, 40.34000015258789, 41.47999954223633, 45.4900016784668, 46.27000045776367, 39.900001525878906, 38.86000061035156, 44.09000015258789, 44.209999084472656, 43.540000915527344, 44.2400016784668, 41.08000183105469, 44.15999984741211, 42.97999954223633, 41.45000076293945, 38.150001525878906, 38.599998474121094, 37.040000915527344, 37.529998779296875, 30.049999237060547, 25.020000457763672, 27.229999542236328]
assets:[0, 100.00193038330077, 191.15819237747192, 302.78678853759766, 408.7774164161682, 500.7660526290893, 589.3369635665894, 661.4473881065369, 689.7072943939208, 820.0830440837859, 792.4153039878845, 897.8822287330627, 1021.2663293266297, 1003.9417353672028, 1152.1242165069582, 1461.8407286109925, 1627.7355228363037, 1654.8684833068849, 1745.5787039169313, 1678.4746149520874, 1765.2626231521606, 1878.7867854064941, 2482.7905943367005, 2807.0986408203125, 2827.1783178443907, 2628.348225, 1998.9433890670775, 2450.963420535278, 2497.512715109253, 2641.652215538025, 2867.9821992645266, 3049.881507536316, 3236.0704602874753, 3648.9122496356963, 3811.4774067081453, 3386.7520295181275, 3398.4741513778686, 3955.8606296905514, 4066.6258187858584, 4104.9948263168335, 4270.991698041535, 4065.9219372299194, 4470.767216551972, 4451.305314590836, 4392.846210855865, 4143.113055711365, 4291.984010335541, 4218.526448270416, 4374.331525720215, 3602.496078536224, 3099.4826607078553, 3473.2572396110536]
shares:[0, 1.9524, 4.0942, 6.1132, 8.093, 10.1124, 12.1789, 14.3481, 16.7812, 19.1117, 21.8718, 24.613, 27.2847, 30.3031, 33.1833, 35.6199, 37.9514, 40.3922, 42.8468, 45.5612, 48.2972, 51.0124, 53.1533, 55.1168, 57.1378, 59.3977, 62.5256, 65.1852, 67.9041, 70.5758, 73.1255, 75.6044, 78.0152, 80.2135, 82.3747, 84.881, 87.4543, 89.7224, 91.9843, 94.281, 96.5414, 98.9757, 101.2402, 103.5669, 105.9794, 108.6006, 111.1913, 113.8911, 116.5556, 119.8834, 123.8802, 127.5526]
growth_rate:-31.9
