ticker:VRME
price:[3.609999895095825, 3.640000104904175, 3.140000104904175, 3.319999933242798, 3.5, 3.299999952316284, 3.369999885559082, 3.2300000190734863, 2.6700000762939453, 2.880000114440918, 3.069999933242798, 3.069999933242798, 3.390000104904175, 3.4100000858306885, 3.319999933242798, 3.4000000953674316, 3.7300000190734863, 3.5999999046325684, 3.390000104904175, 4.340000152587891, 4.869999885559082, 4.360000133514404, 4.860000133514404, 4.900000095367432, 4.699999809265137, 4.420000076293945, 3.893199920654297, 4.199999809265137, 4.590000152587891, 4.099999904632568, 4.360000133514404, 4.380000114440918, 4.199999809265137, 4.139999866485596, 4.170000076293945, 4.090000152587891, 3.2799999713897705, 3.369999885559082, 3.4700000286102295, 3.430000066757202, 3.799999952316284, 3.9200000762939453, 4.360000133514404, 4.0, 3.809999942779541, 3.5899999141693115, 3.859999895095825, 3.869999885559082, 3.950000047683716, 3.700000047683716, 3.440000057220459, 3.609999895095825]
assets:[0, 99.99990288197995, 186.2635502228737, 296.94112602922917, 413.04025, 489.43784292781356, 599.8198766308784, 674.9017209853649, 657.890955798912, 809.6351361720084, 963.0485410584927, 1063.0485698839902, 1273.854915419674, 1381.3702337694883, 1444.9117789463044, 1579.7291243102072, 1833.055916373396, 1869.1692704839231, 1860.1344155622007, 2481.411145242691, 2884.440544218063, 2682.3741061411856, 3089.9856548883913, 3215.417792580843, 3184.1760807801243, 3094.480507414055, 2825.663089811325, 3148.336657024384, 3540.682512704849, 3262.7007941084385, 3569.6040493104456, 3685.9781463074683, 3634.499234946251, 3682.5779052373887, 3809.263377693939, 3836.1841501186373, 3176.4507002929927, 3363.6093547760966, 3563.419716380477, 3622.3428085007195, 4113.091068387508, 4342.97827652626, 4930.455574983216, 4623.3536, 4503.744163360548, 4343.685573149991, 4770.36929035449, 4882.727771611404, 5083.6630963691, 4861.912172657847, 4620.2644208528045, 4948.591105197263]
shares:[0, 27.4725, 59.3196, 89.4401, 118.0115, 148.3145, 177.9881, 208.9479, 246.4011, 281.1233, 313.6966, 346.2699, 375.7684, 405.0939, 435.2144, 464.6262, 491.4359, 519.2137, 548.7122, 571.7537, 592.2876, 615.2234, 635.7995, 656.2077, 677.4843, 700.1087, 725.7945, 749.604, 771.3905, 795.7807, 818.7165, 841.5475, 865.357, 889.5116, 913.4924, 937.9423, 968.4301, 998.1037, 1026.9221, 1056.0766, 1082.3924, 1107.9026, 1130.8384, 1155.8384, 1182.0851, 1209.9403, 1235.847, 1261.6868, 1287.0033, 1314.0303, 1343.1001, 1370.8009]
growth_rate:-2.97
