ticker:VRNA
price:[6.550000190734863, 6.840000152587891, 6.659999847412109, 6.429999828338623, 6.079999923706055, 6.050000190734863, 5.630000114440918, 6.110000133514404, 5.869999885559082, 5.989999771118164, 6.699999809265137, 7.050000190734863, 7.25, 7.550000190734863, 7.920000076293945, 7.670000076293945, 7.5, 7.0, 7.079999923706055, 7.5, 7.800000190734863, 7.900000095367432, 8.350000381469727, 8.5, 9.319999694824219, 9.130000114440918, 8.760000228881836, 8.770000457763672, 8.300000190734863, 8.350000381469727, 8.619999885559082, 8.529999732971191, 8.0, 7.699999809265137, 6.880000114440918, 6.21999979019165, 5.920000076293945, 5.849999904632568, 6.050000190734863, 6.010000228881836, 7.28000020980835, 6.909999847412109, 6.769999980926514, 5.96999979019165, 5.650000095367432, 5.71999979019165, 5.909999847412109, 6.28000020980835, 6.199999809265137, 5.940000057220459, 5.590000152587891, 6.099999904632568]
assets:[0, 100.0001182308197, 197.3684294780731, 290.55240224313735, 374.73714729766846, 472.8879799084664, 540.0594499777793, 686.1035239925861, 759.1535841996192, 874.6729445781708, 1078.3488893016815, 1234.680633403778, 1369.7069749999998, 1526.3842935608864, 1701.1875043876648, 1747.48833138237, 1808.75625, 1788.1724000000002, 1908.608679432869, 2121.831, 2306.7041964062687, 2436.2770794103144, 2675.0520472097396, 2823.1067, 3195.4532313674927, 3230.30999149065, 3199.399115594101, 3303.051411407852, 3226.034944134617, 3345.468567837715, 3553.644948821068, 3616.5416097853663, 3491.8328, 3460.888884271145, 3192.3269331007, 2986.086303275585, 2942.0630299158097, 3007.2749359750273, 3210.087751202583, 3288.863844251442, 4083.848613695812, 3976.2903121948248, 3995.728458742619, 3623.5594306544303, 3529.3318845722674, 3673.057825273037, 3895.0651844348904, 4238.91912961793, 4284.919688180065, 4205.229574509287, 4057.446828754425, 4527.624889215088]
shares:[0, 14.6199, 29.6349, 45.187, 61.6344, 78.1633, 95.9253, 112.2919, 129.3277, 146.0222, 160.9476, 175.132, 188.9251, 202.1701, 214.7964, 227.8342, 241.1675, 255.4532, 269.5775, 282.9108, 295.7313, 308.3895, 320.3655, 332.1302, 342.8598, 353.8127, 365.2282, 376.6307, 388.6789, 400.6549, 412.2558, 423.9791, 436.4791, 449.4661, 464.001, 480.0782, 496.9701, 514.0641, 530.593, 547.2319, 560.9682, 575.44, 590.211, 606.9614, 624.6605, 642.143, 659.0635, 674.9871, 691.1161, 707.9511, 725.8402, 742.2336]
growth_rate:-11.22
