ticker:VRNS
price:[37.900001525878906, 35.973331451416016, 37.20000076293945, 37.89666748046875, 38.9566650390625, 41.720001220703125, 42.526668548583984, 41.42333221435547, 38.52333450317383, 42.220001220703125, 39.733333587646484, 40.6533317565918, 40.34333419799805, 42.03666687011719, 45.040000915527344, 53.723331451416016, 56.6966667175293, 54.53666687011719, 57.8033332824707, 57.61000061035156, 61.34000015258789, 58.92333221435547, 63.2599983215332, 71.5, 69.89666748046875, 61.18000030517578, 53.606666564941406, 58.503334045410156, 52.98500061035156, 53.36000061035156, 53.220001220703125, 53.7599983215332, 55.220001220703125, 54.9900016784668, 52.95000076293945, 47.689998626708984, 45.56999969482422, 47.130001068115234, 48.29999923706055, 47.81999969482422, 52.93000030517578, 56.81999969482422, 58.189998626708984, 58.849998474121094, 60.11000061035156, 56.97999954223633, 63.0099983215332, 61.20000076293945, 58.189998626708984, 60.13999938964844, 57.2599983215332, 66.58000183105469]
assets:[0, 99.99866676864623, 203.40960417175293, 307.22070393066406, 415.81565129394534, 545.3096199554443, 655.8547876899719, 738.8389803749085, 787.1126229022979, 962.6413598327637, 1005.9446997718811, 1129.2357268692017, 1220.623885161209, 1371.8582159729003, 1569.8692319107054, 1972.527326902771, 2181.699074623871, 2198.5802808685303, 2430.2717838615417, 2522.1427827209473, 2785.443272929001, 2775.701410621643, 3079.9901462791445, 3581.1776, 3600.8736082580567, 3251.814904220581, 2949.2779744033814, 3318.6776780601504, 3105.641631774902, 3227.623708918762, 3319.1558501312256, 3452.8326601974486, 3646.601874612427, 3731.412551894379, 3692.9872132110595, 3426.130574340439, 3373.8250544059756, 3589.3219083454132, 3778.4268303165436, 3840.878465488434, 4351.311809088134, 4771.101508374786, 4986.138050326538, 5142.689506658935, 5352.7955543518065, 5174.06885843277, 5821.619764923095, 5754.3912717361445, 5571.372323514938, 5858.074962547303, 5677.540695573807, 6701.656690306091]
shares:[0, 2.7798, 5.468, 8.1068, 10.6738, 13.0707, 15.4222, 17.8363, 20.4321, 22.8006, 25.3174, 27.7772, 30.2559, 32.6348, 34.855, 36.7164, 38.4802, 40.3138, 42.0438, 43.7796, 45.4099, 47.107, 48.6878, 50.0864, 51.5171, 53.1516, 55.017, 56.7263, 58.6136, 60.4877, 62.3667, 64.2268, 66.0377, 67.8562, 69.7448, 71.8417, 74.0361, 76.1579, 78.2283, 80.3195, 82.2088, 83.9687, 85.6872, 87.3864, 89.05, 90.805, 92.392, 94.026, 95.7445, 97.4073, 99.1537, 100.6557]
growth_rate:31.41
