ticker:VRNT
price:[24.57972526550293, 25.506877899169922, 23.871625900268555, 23.92256736755371, 24.997453689575195, 27.106470108032227, 26.97402000427246, 26.6530818939209, 24.717269897460938, 26.28120231628418, 27.69740104675293, 28.87417221069336, 30.025470733642578, 29.027000427246094, 30.09169578552246, 32.282222747802734, 33.74936294555664, 34.22312927246094, 35.323486328125, 36.60213851928711, 36.77024841308594, 37.610801696777344, 50.79999923706055, 50.75, 50.439998626708984, 49.290000915527344, 47.959999084472656, 49.43000030517578, 47.27000045776367, 45.43000030517578, 45.5, 46.20000076293945, 48.63999938964844, 48.060001373291016, 48.56999969482422, 46.66999816894531, 45.349998474121094, 45.25, 46.11000061035156, 46.16999816894531, 46.33000183105469, 45.0, 45.369998931884766, 44.4900016784668, 43.33000183105469, 41.90999984741211, 42.470001220703125, 42.66999816894531, 42.880001068115234, 42.70000076293945, 42.72999954223633, 44.66999816894531]
assets:[0, 99.99971480369568, 193.58933740081787, 294.0035684337616, 407.2135200939178, 541.571008876419, 638.9255196352004, 731.3232528545379, 778.2084123596192, 927.447861020279, 1077.4233612384796, 1223.199444778824, 1371.9718495147706, 1426.3490658943176, 1578.6675351305007, 1793.5873829788209, 1975.100467917633, 2102.8264888946533, 2270.438277832031, 2452.625117258835, 2563.890142173767, 2722.4992527030945, 3777.213623271942, 3873.49375, 3949.8352364608763, 3959.781229550171, 3952.9350645408626, 4174.096603770447, 4091.6959666240696, 4032.4258860877994, 4138.639050000001, 4302.310391047668, 4629.530821907044, 4674.325345566559, 4823.9286566902165, 4735.222020217895, 4701.293756816864, 4790.9252, 4981.97807094574, 5088.460136196899, 5206.093039755249, 5156.64, 5299.038932248306, 5296.258861811066, 5258.169383201599, 5185.8511791191095, 5355.144381921386, 5480.36388482666, 5607.3362676753995, 5683.797101554871, 5787.791256995773, 6150.562910884094]
shares:[0, 3.9205, 8.1096, 12.2898, 16.2902, 19.9794, 23.6867, 27.4386, 31.4844, 35.2894, 38.8998, 42.3631, 45.6936, 49.1387, 52.4619, 55.5596, 58.5226, 61.4446, 64.2756, 67.0077, 69.7273, 72.3861, 74.3546, 76.325, 78.3076, 80.3364, 82.4215, 84.4446, 86.5601, 88.7613, 90.9591, 93.1236, 95.1795, 97.2602, 99.3191, 101.4618, 103.6669, 105.8768, 108.0455, 110.2114, 112.3698, 114.592, 116.7961, 119.0438, 121.3517, 123.7378, 126.0924, 128.436, 130.7681, 133.11, 135.4503, 137.6889]
growth_rate:20.6
