ticker:VRPX
price:[6.449999809265137, 5.389999866485596, 4.929999828338623, 5.599999904632568, 5.300000190734863, 4.539999961853027, 4.940000057220459, 4.860000133514404, 4.320000171661377, 4.289999961853027, 3.9700000286102295, 4.059999942779541, 3.890000104904175, 4.150000095367432, 4.309999942779541, 4.880000114440918, 4.5, 3.869999885559082, 3.9100000858306885, 4.78000020980835, 4.420000076293945, 5.199999809265137, 4.139999866485596, 4.449999809265137, 4.690000057220459, 4.53000020980835, 15.550000190734863, 17.84000015258789, 19.100000381469727]
assets:[0, 100.00012852292062, 191.46591033320428, 317.48639459323886, 400.47808441228864, 443.0508782773018, 582.0861347423553, 672.6594964793682, 697.9193557328224, 793.0725589479446, 833.9155770097018, 952.820274571228, 1012.9237403161765, 1180.6256421308992, 1326.143882393837, 1601.5272215574264, 1576.818, 1456.0634629423141, 1571.1131064884187, 2020.695854694319, 1968.5093559785844, 2415.8933913855553, 2023.4228647449017, 2274.9351324922563, 2497.628576472378, 2512.4219213635924, 8724.31827701168, 10109.121718464661, 10923.106858158875]
shares:[0, 18.5529, 38.8369, 56.694, 75.5619, 97.5883, 117.8312, 138.4073, 161.5554, 184.8654, 210.0543, 234.6848, 260.3917, 284.4881, 307.69, 328.1818, 350.404, 376.2438, 401.8192, 422.7397, 445.3641, 464.5949, 488.7495, 511.2214, 532.5434, 554.6185, 561.0494, 566.6548, 571.8904]
growth_rate:290.11
