ticker:VRRM
price:[10.229999542236328, 10.09000015258789, 9.6899995803833, 9.539999961853027, 10.109999656677246, 10.739999771118164, 10.210000038146973, 10.800000190734863, 9.609999656677246, 10.239999771118164, 11.960000038146973, 12.380000114440918, 12.720000267028809, 12.989999771118164, 13.369999885559082, 13.600000381469727, 13.529999732971191, 13.420000076293945, 12.899999618530273, 13.020000457763672, 13.510000228881836, 12.800000190734863, 14.59000015258789, 14.210000038146973, 14.029999732971191, 14.25, 14.569999694824219, 14.59000015258789, 14.180000305175781, 14.130000114440918, 14.050000190734863, 14.100000381469727, 14.300000190734863, 13.460000038146973, 13.4399995803833, 14.520000457763672, 14.890000343322754, 15.109999656677246, 14.25, 14.59000015258789, 14.710000038146973, 15.300000190734863, 15.779999732971191, 15.670000076293945, 15.359999656677246, 14.640000343322754, 15.359999656677246, 15.3100004196167, 15.300000190734863, 15.979999542236328, 15.350000381469727, 15.699999809265137]
assets:[0, 99.99997351226807, 196.03547451086044, 293.00106482839584, 410.5074370596886, 536.0881625753403, 609.6329762777328, 744.8619731547356, 762.788917748928, 912.7946035974503, 1166.1155517193795, 1307.0655560825348, 1442.9619182918548, 1573.5903862735747, 1719.622645280838, 1849.204291868782, 1939.6864687182426, 2023.917181506157, 2045.4935995121004, 2164.5216941013337, 2345.981817744827, 2322.6918746108054, 2747.5056657344817, 2775.946243452072, 2840.78312193222, 2985.327975, 3152.366590972137, 3256.693753059769, 3265.176204271698, 3353.6622691617968, 3434.6742866271975, 3546.8973959598543, 3697.207849313736, 3580.028894146156, 3674.7095812701227, 4069.9996883125305, 4273.711519540118, 4436.854969187737, 4284.326625, 4486.549061922074, 4623.450097989846, 4908.89031119585, 5162.8940006336215, 5226.9040294486995, 5223.499659245682, 5078.648327099419, 5428.417414665413, 5510.747384038639, 5607.147129900552, 5956.353069374084, 5821.529089673424, 6054.266896448421]
shares:[0, 9.9108, 20.2307, 30.7129, 40.6041, 49.9151, 59.7094, 68.9687, 79.3745, 89.1401, 97.5013, 105.5788, 113.4404, 121.1386, 128.618, 135.9709, 143.3619, 150.8135, 158.5654, 166.2459, 173.6478, 181.4603, 188.3143, 195.3516, 202.4792, 209.4967, 216.3601, 223.2141, 230.2663, 237.3434, 244.4608, 251.553, 258.546, 265.9754, 273.4159, 280.303, 287.0189, 293.637, 300.6545, 307.5085, 314.3066, 320.8425, 327.1796, 333.5612, 340.0716, 346.9022, 353.4126, 359.9443, 366.4802, 372.738, 379.2527, 385.6221]
growth_rate:18.71
