ticker:VRSK
price:[182.77000427246094, 181.63999938964844, 181.5800018310547, 181.33999633789062, 182.10000610351562, 187.17999267578125, 192.47000122070312, 189.25, 177.97000122070312, 197.35000610351562, 203.6999969482422, 204.3699951171875, 198.22999572753906, 195.67999267578125, 193.99000549316406, 204.47000122070312, 201.22999572753906, 207.58999633789062, 200.89999389648438, 190.02000427246094, 192.75999450683594, 183.5, 187.42999267578125, 189.5, 190.49000549316406, 163.85000610351562, 168.1199951171875, 171.75999450683594, 171.8699951171875, 178.6300048828125, 179.80999755859375, 182.6999969482422, 185.4600067138672, 188.8800048828125, 188.1999969482422, 178.77000427246094, 175.0, 173.50999450683594, 172.8300018310547, 172.64999389648438, 172.1999969482422, 171.08999633789062, 174.6999969482422, 177.5, 181.7100067138672, 186.99000549316406, 188.38999938964844, 189.94000244140625, 188.1300048828125, 191.24000549316406, 196.38999938964844, 199.52000427246094]
assets:[0, 99.99281966400146, 199.95589801635742, 299.70061194763184, 400.9477934387207, 512.1244599609375, 626.6053359741211, 716.122, 773.4398283050538, 957.6606396179199, 1088.470933692932, 1192.049307519531, 1256.2429519241332, 1340.0752938415528, 1428.5036024505616, 1605.6824725860595, 1680.2302183258057, 1833.331052658081, 1874.2563130584717, 1872.7611541076662, 1999.7692870117187, 2003.7098999999998, 2146.616963116455, 2270.3237000000004, 2382.1918126953124, 2149.0402950531006, 2305.0428170532227, 2454.9484254867552, 2556.514616369629, 2757.0648103637695, 2875.2697469604495, 3021.4742795303346, 3167.119080653382, 3325.5158059692385, 3413.533904647827, 3342.4985238830564, 3372.0049999999997, 3443.2884899887085, 3529.7935423965455, 3626.1160268096924, 3716.6614141326904, 3792.7059298187255, 3972.730340602112, 4136.40675, 4334.510500152588, 4560.461845971679, 4694.603428790283, 4833.232296124268, 4887.1660148437495, 5067.955765571594, 5304.434966514587, 5488.974885539245]
shares:[0, 0.5505, 1.1012, 1.6527, 2.2018, 2.736, 3.2556, 3.784, 4.3459, 4.8526, 5.3435, 5.8328, 6.3373, 6.8483, 7.3638, 7.8529, 8.3498, 8.8315, 9.3293, 9.8556, 10.3744, 10.9194, 11.4529, 11.9806, 12.5056, 13.1159, 13.7107, 14.2929, 14.8747, 15.4345, 15.9906, 16.5379, 17.0771, 17.6065, 18.1378, 18.6972, 19.2686, 19.8449, 20.4235, 21.0027, 21.5834, 22.1679, 22.7403, 23.3037, 23.854, 24.3888, 24.9196, 25.4461, 25.9776, 26.5005, 27.0097, 27.5109]
growth_rate:7.63
