ticker:VRSN
price:[203.5399932861328, 198.1300048828125, 204.67999267578125, 205.5800018310547, 202.16000366210938, 209.55999755859375, 207.33999633789062, 200.8000030517578, 190.6999969482422, 206.6699981689453, 198.50999450683594, 196.44000244140625, 200.52000427246094, 203.99000549316406, 209.99000549316406, 217.82000732421875, 214.58999633789062, 216.39999389648438, 202.44000244140625, 195.27000427246094, 194.75, 194.07000732421875, 199.52000427246094, 202.38999938964844, 197.9499969482422, 194.02999877929688, 193.77000427246094, 188.10000610351562, 192.0500030517578, 199.67999267578125, 201.89999389648438, 205.3000030517578, 208.16000366210938, 211.47000122070312, 218.77000427246094, 222.88999938964844, 220.9199981689453, 221.38999938964844, 219.9199981689453, 219.25999450683594, 221.0, 223.1699981689453, 227.72999572753906, 231.3300018310547, 233.02999877929688, 229.74000549316406, 222.5399932861328, 216.3699951171875, 213.91000366210938, 209.44000244140625, 213.0399932861328, 214.66000366210938]
assets:[0, 99.99621346435548, 203.3086367248535, 304.1967287094116, 399.1447112304687, 513.7572900146484, 608.3148152557372, 689.1255304733277, 754.4663979263306, 917.656125869751, 981.4334128417969, 1071.2069773132325, 1193.454961428833, 1314.103615386963, 1452.7528560028074, 1606.923540032959, 1683.0937182769776, 1797.2885093078614, 1781.3505574829103, 1818.2566447830202, 1913.4187499999998, 2006.742096734619, 2163.096126319885, 2294.2120770812985, 2343.886323864746, 2397.473470916748, 2494.2656259963987, 2521.273671810913, 2674.2194724945066, 2880.463766345215, 3012.4892389312745, 3163.221387020874, 3307.287770184326, 3459.881836972046, 3679.317685855103, 3848.6193304611206, 3914.613999554443, 4022.9440959091185, 4096.229885894776, 4183.941141178894, 4317.1466, 4459.539122410583, 4650.656426748657, 4824.178991184997, 4959.624070019531, 4989.608309303283, 4933.244317167663, 4896.474626501465, 4940.807700585938, 4937.569001556396, 5122.44011856842, 5261.402553759765]
shares:[0, 0.5047, 0.9933, 1.4797, 1.9744, 2.4516, 2.9339, 3.4319, 3.9563, 4.4402, 4.944, 5.4531, 5.9518, 6.442, 6.9182, 7.3773, 7.8433, 8.3054, 8.7994, 9.3115, 9.825, 10.3403, 10.8415, 11.3356, 11.8408, 12.3562, 12.8723, 13.4039, 13.9246, 14.4254, 14.9207, 15.4078, 15.8882, 16.3611, 16.8182, 17.2669, 17.7196, 18.1713, 18.626, 19.0821, 19.5346, 19.9827, 20.4218, 20.8541, 21.2832, 21.7185, 22.1679, 22.6301, 23.0976, 23.5751, 24.0445, 24.5104]
growth_rate:3.16
