ticker:VRTS
price:[138.6699981689453, 135.0, 139.1300048828125, 134.75, 142.41000366210938, 155.61000061035156, 164.91000366210938, 177.55999755859375, 159.5500030517578, 169.02000427246094, 181.77999877929688, 178.75, 185.1199951171875, 206.0, 210.82000732421875, 208.47000122070312, 214.86000061035156, 217.0, 233.86000061035156, 226.97000122070312, 223.02999877929688, 210.0, 241.64999389648438, 257.94000244140625, 247.0, 250.89999389648438, 245.91000366210938, 259.30999755859375, 256.3299865722656, 240.0800018310547, 240.9499969482422, 252.9199981689453, 260.0, 256.80999755859375, 273.4599914550781, 275.5799865722656, 268.0400085449219, 277.4700012207031, 281.2300109863281, 294.25, 293.739990234375, 263.6099853515625, 274.79998779296875, 274.55999755859375, 276.260009765625, 261.8299865722656, 265.0, 276.1300048828125, 312.67999267578125, 313.0899963378906, 298.9200134277344, 317.0199890136719]
assets:[0, 99.9945, 203.06024212646486, 296.6656, 413.5301686340332, 551.8553061645508, 684.8382632080078, 837.3729484863281, 852.4437563049318, 1003.0323133544922, 1178.7524020843505, 1259.097125, 1403.9685549682617, 1662.317, 1801.20397857666, 1881.1290560150146, 2038.7850597915647, 2159.0849, 2426.8353843338014, 2455.3387762054444, 2512.7228752471924, 2465.9249999999997, 2937.569820803833, 3235.599390625, 3198.3783, 3348.8876685333253, 3382.295372369385, 3666.5915034790037, 3724.449071896362, 3588.3317393676757, 3701.3292831207273, 3985.2098271484374, 4196.764, 4245.274707641602, 4620.516745620727, 4756.345220245361, 4726.215450668335, 4992.489984963989, 5160.148856582642, 5499.0322750000005, 5589.490152172852, 5116.142595703125, 5433.317878643798, 5528.5675668396, 5662.805306176758, 5467.010119628906, 5633.211, 5969.792640563965, 6859.980163311768, 6968.9763014862065, 6753.559647375489, 7262.484120318603]
shares:[0, 0.7407, 1.4595, 2.2016, 2.9038, 3.5464, 4.1528, 4.716, 5.3428, 5.9344, 6.4845, 7.0439, 7.5841, 8.0695, 8.5438, 9.0235, 9.4889, 9.9497, 10.3773, 10.8179, 11.2663, 11.7425, 12.1563, 12.544, 12.9489, 13.3475, 13.7542, 14.1398, 14.5299, 14.9464, 15.3614, 15.7568, 16.1414, 16.5308, 16.8965, 17.2594, 17.6325, 17.9929, 18.3485, 18.6883, 19.0287, 19.408, 19.7719, 20.1361, 20.4981, 20.88, 21.2574, 21.6195, 21.9393, 22.2587, 22.5932, 22.9086]
growth_rate:42.4
