ticker:VRTX
price:[266.5, 257.9599914550781, 265.3900146484375, 268.17999267578125, 260.79998779296875, 269.95001220703125, 218.0800018310547, 211.5800018310547, 208.36000061035156, 220.27999877929688, 225.52000427246094, 215.2100067138672, 226.7100067138672, 228.32000732421875, 224.1699981689453, 236.72000122070312, 234.4600067138672, 236.33999633789062, 237.0, 225.5500030517578, 237.58999633789062, 229.0800018310547, 215.25999450683594, 213.97999572753906, 207.02000427246094, 212.5500030517578, 211.97999572753906, 214.3300018310547, 216.11000061035156, 214.63999938964844, 213.0399932861328, 213.35000610351562, 219.38999938964844, 217.89999389648438, 218.1999969482422, 215.00999450683594, 217.08999633789062, 213.42999267578125, 208.6300048828125, 209.92999267578125, 193.02000427246094, 187.85000610351562, 194.33999633789062, 200.5399932861328, 198.16000366210938, 202.27999877929688, 200.5, 201.5800018310547, 200.6699981689453, 194.36000061035156, 195.85000610351562, 199.9199981689453]
assets:[0, 100.01108868713379, 202.89066619873046, 305.02792366943356, 396.6246214355468, 510.5294630859375, 512.4225803024292, 597.1422391677856, 688.046394015503, 827.415731414795, 947.093809942627, 1003.8040343154908, 1157.4452682769777, 1265.6691286010741, 1342.666204032898, 1517.8249758270265, 1603.3313099121094, 1716.1828834075927, 1820.9658, 1832.9997648010253, 2030.8480116973878, 2058.1005524505613, 2033.9486360961914, 2121.8470356338503, 2152.8217264297487, 2310.3335131713866, 2404.1287255447387, 2530.787228620911, 2651.79937348938, 2733.762352226257, 2813.3848473373414, 2917.4759934631347, 3100.068447375488, 3179.008380953979, 3283.386274078369, 3335.385541786194, 3467.6436385040283, 3509.1732535766605, 3530.2491756225586, 3652.236054577637, 3458.049886543274, 3465.419342596436, 3685.152746557617, 3902.728863340759, 3956.403185116577, 4138.669003024292, 4202.25945, 4324.898939285278, 4405.368670802307, 4366.841621713257, 4500.319780249024, 4693.841669009399]
shares:[0, 0.3877, 0.7645, 1.1374, 1.5208, 1.8912, 2.3497, 2.8223, 3.3022, 3.7562, 4.1996, 4.6643, 5.1054, 5.5434, 5.9895, 6.4119, 6.8384, 7.2615, 7.6834, 8.1268, 8.5477, 8.9842, 9.4488, 9.9161, 10.3991, 10.8696, 11.3413, 11.8079, 12.2706, 12.7365, 13.2059, 13.6746, 14.1304, 14.5893, 15.0476, 15.5127, 15.9733, 16.4418, 16.9211, 17.3974, 17.9155, 18.4478, 18.9624, 19.4611, 19.9657, 20.4601, 20.9589, 21.455, 21.9533, 22.4678, 22.9784, 23.4786]
growth_rate:-7.96
