ticker:VS
price:[3.6784000396728516, 4.067200183868408, 3.638400077819824, 3.2432000637054443, 3.368000030517578, 2.9823999404907227, 3.169600009918213, 2.939199924468994, 2.763200044631958, 3.233599901199341, 3.808000087738037, 5.179200172424316, 5.5808000564575195, 6.239999771118164, 10.235199928283691, 12.5, 12.406800270080566, 12.5, 12.319999694824219, 7.559999942779541, 11.949999809265137, 7.179999828338623, 8.954999923706055, 10.399999618530273, 10.8100004196167, 10.0, 9.329999923706055, 8.859999656677246, 7.760000228881836, 7.949999809265137, 7.489999771118164, 6.900000095367432, 7.400000095367432, 7.25, 9.649999618530273, 8.100000381469727, 7.539999961853027, 7.289999961853027, 7.039999961853027, 6.860000133514404, 6.46999979019165, 5.28000020980835, 5.380000114440918, 5.78000020980835, 5.389999866485596, 5.119999885559082, 4.420000076293945, 4.769999980926514, 4.619999885559082, 4.329999923706055, 4.239999771118164, 4.170000076293945]
assets:[0, 99.99984420075417, 189.45694965219496, 268.8781499215126, 379.2246786361694, 435.8073666641235, 563.1621683222294, 622.2256848101616, 684.966619543767, 901.5735695729734, 1161.7244843666554, 1680.0429357714654, 1910.3151143654825, 2235.959773985481, 3767.5474115214347, 4701.21375, 4766.161652713394, 4901.965, 4931.376789846038, 3126.0720723392487, 5041.344029534721, 3129.025257190418, 4002.56527239933, 4748.428705828666, 5035.626819470215, 4758.304, 4539.497467879295, 4410.819701081848, 3963.201284894943, 4160.238080188369, 4019.5196121702197, 3802.8957225612166, 4178.467773849964, 4193.7690250000005, 5682.051015385437, 4869.390559324074, 4632.741102561665, 4579.135473038387, 4522.100327496529, 4506.478833708429, 4350.27969592967, 3650.151265043974, 3819.283063242054, 4203.244474573659, 4019.6344424305917, 3918.2801044196126, 3482.5777301130297, 3858.3475675718782, 3837.015702954197, 3696.1641428741455, 3719.338399224281, 3757.9344297548296]
shares:[0, 24.5869, 52.0715, 82.9052, 112.5964, 146.1264, 177.6761, 211.699, 247.8889, 278.8142, 305.0747, 324.3827, 342.3013, 358.3269, 368.0971, 376.0971, 384.1572, 392.1572, 400.2741, 413.5016, 421.8698, 435.7974, 446.9643, 456.5797, 465.8304, 475.8304, 486.5485, 497.8352, 510.7218, 523.3004, 536.6515, 551.1443, 564.6578, 578.4509, 588.8136, 601.1593, 614.4219, 628.1393, 642.3438, 656.9211, 672.3771, 691.3165, 709.9039, 727.2049, 745.7578, 765.2891, 787.9135, 808.8779, 830.5229, 853.6176, 877.2025, 901.1833]
growth_rate:-26.32
