ticker:VSAT
price:[37.189998626708984, 35.95000076293945, 35.11000061035156, 32.939998626708984, 34.47999954223633, 35.619998931884766, 34.720001220703125, 35.7400016784668, 33.900001525878906, 33.220001220703125, 34.59000015258789, 34.75, 35.540000915527344, 35.31999969482422, 34.849998474121094, 31.40999984741211, 33.43000030517578, 32.650001525878906, 34.220001220703125, 38.689998626708984, 40.75, 43.540000915527344, 53.959999084472656, 59.880001068115234, 56.810001373291016, 51.13999938964844, 49.34000015258789, 55.290000915527344, 52.459999084472656, 49.650001525878906, 50.34000015258789, 48.91999816894531, 49.08000183105469, 47.68000030517578, 51.790000915527344, 49.58000183105469, 48.599998474121094, 46.97999954223633, 53.18000030517578, 54.7599983215332, 51.560001373291016, 46.880001068115234, 52.400001525878906, 48.63999938964844, 50.5, 48.040000915527344, 50.11000061035156, 49.63999938964844, 51.869998931884766, 54.83000183105469, 51.34000015258789, 52.25]
assets:[0, 99.99852212219238, 197.66228143615723, 285.44485209960936, 398.7887787055969, 511.9733686477661, 599.0380690612793, 716.6370696556091, 779.7441050971985, 864.1020617523194, 999.7374794101715, 1104.36195, 1229.4672376716612, 1321.8580525787352, 1404.26674851532, 1365.6533963657378, 1553.4787421813965, 1617.2329355804445, 1794.9998980316163, 2129.4704414150237, 2342.851975, 2603.25665473938, 3326.267015563965, 3791.1944836257935, 3696.8256243648525, 3427.8579050888056, 3407.208248537064, 3918.0872118782045, 3817.5403633766173, 3713.0555041122434, 3864.6571857143404, 3855.644331684875, 3968.2555720458986, 3955.060793314362, 4395.9870677108765, 4308.398041114808, 4323.2371642646785, 4279.1309763050085, 4943.852138370514, 5190.7385728969575, 4987.409244838715, 4634.711609597397, 5280.437233765411, 5001.534401239014, 5292.7939, 5134.966873860169, 5456.22741645813, 5505.051112312317, 5852.357117487335, 6286.3255059326175, 5986.192677791596, 6192.299025]
shares:[0, 2.7816, 5.6298, 8.6656, 11.5658, 14.3732, 17.2534, 20.0514, 23.0013, 26.0115, 28.9025, 31.7802, 34.5939, 37.4252, 40.2946, 43.4783, 46.4696, 49.5324, 52.4547, 55.0393, 57.4933, 59.79, 61.6432, 63.3132, 65.0735, 67.0289, 69.0557, 70.8643, 72.7705, 74.7846, 76.7711, 78.8153, 80.8528, 82.9501, 84.881, 86.8979, 88.9555, 91.0841, 92.9645, 94.7907, 96.7302, 98.8633, 100.7717, 102.8276, 104.8078, 106.8894, 108.885, 110.8995, 112.8274, 114.6512, 116.599, 118.5129]
growth_rate:21.42
