ticker:VSDA
price:[36.439998626708984, 35.970001220703125, 36.060001373291016, 35.680999755859375, 36.32500076293945, 37.577999114990234, 37.68199920654297, 37.61600112915039, 35.36000061035156, 37.599998474121094, 38.87099838256836, 38.757999420166016, 39.20000076293945, 39.36000061035156, 38.959999084472656, 39.20000076293945, 39.15999984741211, 39.619998931884766, 40.28499984741211, 39.45000076293945, 39.422000885009766, 38.20800018310547, 39.40599822998047, 39.67499923706055, 39.5, 39.0, 39.81999969482422, 40.93000030517578, 40.6609992980957, 41.737998962402344, 41.63999938964844, 42.369998931884766, 43.07500076293945, 43.38999938964844, 43.16999816894531, 44.209999084472656, 44.07500076293945, 43.93000030517578, 44.084999084472656, 44.189998626708984, 44.0629997253418, 42.939998626708984, 44.130001068115234, 44.62099838256836, 44.709999084472656, 44.959999084472656, 45.209999084472656, 45.35900115966797, 45.54899978637695, 45.95199966430664, 45.97999954223633, 45.78499984741211]
assets:[0, 100.00020039367676, 200.252005626297, 298.1468658599854, 403.5271684753418, 517.4452900135041, 618.8778503684997, 717.7922951465607, 774.7446853729248, 923.8244425094605, 1055.0521864990235, 1151.9846377658844, 1265.1212246227265, 1370.2869332489013, 1456.3598297767637, 1565.330510465622, 1663.7321735172272, 1783.2763419246676, 1913.2071557533263, 1973.5533531673432, 2072.1544013191224, 2108.344195703888, 2274.451168237305, 2389.9783115413666, 2479.43475, 2548.0494, 2701.6237172950746, 2876.932884450531, 2958.0267074375156, 3136.376889230347, 3229.011228669739, 3385.621371651077, 3541.95393273468, 3667.856445405579, 3749.2582199752806, 3939.5795444168093, 4027.5515322170254, 4114.299322581482, 4228.813860678863, 4338.887814160537, 4426.41913820877, 4413.604934845734, 4635.918394207, 4787.498468961716, 4897.045960723114, 5024.428265686798, 5152.366587661743, 5269.346092918396, 5391.4164695144655, 5539.118372335052, 5642.495417824936, 5718.564794941712]
shares:[0, 2.7801, 5.5533, 8.3559, 11.1088, 13.7699, 16.4237, 19.0821, 21.9102, 24.5698, 27.1424, 29.7225, 32.2735, 34.8142, 37.3809, 39.9319, 42.4855, 45.0095, 47.4918, 50.0267, 52.5634, 55.1807, 57.7184, 60.2389, 62.7705, 65.3346, 67.8459, 70.2891, 72.7485, 75.1444, 77.5459, 79.9061, 82.2276, 84.5323, 86.8487, 89.1106, 91.3795, 93.6558, 95.9241, 98.1871, 100.4566, 102.7854, 105.0514, 107.2925, 109.5291, 111.7533, 113.9652, 116.1698, 118.3652, 120.5414, 122.7163, 124.9004]
growth_rate:12.13
