ticker:VSEC
price:[29.190000534057617, 28.329999923706055, 30.420000076293945, 29.75, 31.299999237060547, 30.649999618530273, 31.459999084472656, 31.3799991607666, 28.959999084472656, 30.5, 32.810001373291016, 35.5, 35.349998474121094, 36.52000045776367, 37.58000183105469, 40.540000915527344, 40.709999084472656, 38.4900016784668, 40.130001068115234, 40.849998474121094, 41.38999938964844, 34.599998474121094, 34.9900016784668, 34.95000076293945, 37.619998931884766, 38.560001373291016, 39.34000015258789, 43.81999969482422, 39.86000061035156, 39.31999969482422, 40.400001525878906, 41.84000015258789, 44.83000183105469, 44.04999923706055, 43.150001525878906, 43.93000030517578, 43.650001525878906, 45.25, 47.56999969482422, 50.0, 50.77000045776367, 50.04999923706055, 50.18000030517578, 50.099998474121094, 48.619998931884766, 52.599998474121094, 51.869998931884766, 50.04999923706055, 46.900001525878906, 47.619998931884766, 47.45000076293945, 49.7599983215332]
assets:[0, 99.99923373069763, 207.37618252010344, 302.8074, 418.58427979698183, 509.8903286539078, 623.3641518592834, 721.7776366966248, 766.1136077804565, 906.8534500000001, 1075.5380930175781, 1263.71835, 1358.3802513656617, 1503.33851484375, 1646.9736442474366, 1876.6979923820495, 1984.567674369049, 1976.3461161842347, 2160.5551145061495, 2299.319779113007, 2429.7129951705933, 2131.121166016388, 2255.144097179031, 2352.5649363552093, 2632.290135263443, 2798.064083651352, 2954.6621834602356, 3391.137754383087, 3184.6825107650757, 3241.536842841339, 3430.5701695701596, 3652.8495813217164, 4013.890077944946, 4044.0498249576567, 4061.4248536209107, 4234.838850418853, 4307.849205590058, 4565.75215, 4899.843164566039, 5250.139999999999, 5430.993873968124, 5453.9734418621065, 5568.138427863312, 5659.260757637787, 5592.082659149552, 6149.844541598511, 6164.495210059738, 6048.197062804032, 5767.5417576454165, 5956.085652405167, 6034.823957032776, 6428.613607154846]
shares:[0, 3.5298, 6.8171, 10.1784, 13.3733, 16.6359, 19.8145, 23.0012, 26.4542, 29.7329, 32.7808, 35.5977, 38.4266, 41.1648, 43.8258, 46.2925, 48.7489, 51.347, 53.8389, 56.2869, 58.7029, 61.5931, 64.4511, 67.3123, 69.9705, 72.5639, 75.1058, 77.3879, 79.8967, 82.4399, 84.9151, 87.3052, 89.5358, 91.8059, 94.1234, 96.3997, 98.6907, 100.9006, 103.0028, 105.0028, 106.9725, 108.9705, 110.9633, 112.9593, 115.0161, 116.9172, 118.8451, 120.8431, 122.9753, 125.0753, 127.1828, 129.1924]
growth_rate:26.05
