ticker:VSMV
price:[32.512001037597656, 32.189998626708984, 32.040000915527344, 31.714000701904297, 32.104000091552734, 32.93600082397461, 32.944000244140625, 32.39400100708008, 30.59000015258789, 32.507999420166016, 32.9379997253418, 32.849998474121094, 33.28499984741211, 33.54999923706055, 33.446998596191406, 33.849998474121094, 33.77000045776367, 34.007999420166016, 34.45000076293945, 34.31800079345703, 34.63999938964844, 33.84199905395508, 34.69599914550781, 34.65599822998047, 34.529998779296875, 33.77000045776367, 34.18000030517578, 34.95000076293945, 34.9900016784668, 36.09299850463867, 36.20000076293945, 36.83100128173828, 37.4630012512207, 37.58000183105469, 37.130001068115234, 38.266998291015625, 38.111000061035156, 37.78799819946289, 37.749000549316406, 38.09000015258789, 38.196998596191406, 37.04499816894531, 37.96500015258789, 38.678001403808594, 38.92499923706055, 38.96799850463867, 39.41899871826172, 39.1879997253418, 39.249000549316406, 39.90800094604492, 40.180999755859375, 39.94200134277344]
assets:[0, 100.00144973373412, 199.5355137016296, 297.50586918449403, 401.1651643440246, 511.56196479797364, 611.687724533081, 701.4758948078155, 762.4098688030243, 910.2142313648225, 1022.2538780757903, 1119.521377998352, 1234.3475913414002, 1344.1740094329834, 1440.0471457595825, 1557.3978097961426, 1653.7169224166869, 1765.372253900528, 1888.318226819229, 1981.0820954040528, 2099.66892300415, 2151.298653660965, 2305.587308818054, 2402.929086872864, 2494.1915898254397, 2539.2946604209897, 2670.1245338401795, 2830.275526783371, 2933.516253720474, 3125.9893353878024, 3235.2556081851963, 3391.6490488311765, 3549.847892860794, 3660.934796376038, 3717.0955459293364, 3930.9199989471435, 4014.8947678298946, 4080.865741153336, 4176.655117977905, 4314.385755283355, 4426.505018717957, 4393.003334863281, 4602.102132496643, 4788.529963798524, 4919.107853584289, 5024.541520787811, 5182.691694480896, 5252.3205775878905, 5360.495048423768, 5550.500550778199, 5688.468334536743, 5754.63186085968]
shares:[0, 3.1066, 6.2277, 9.3809, 12.4958, 15.532, 18.5675, 21.6545, 24.9235, 27.9997, 31.0357, 34.0798, 37.0842, 40.0648, 43.0546, 46.0088, 48.97, 51.9105, 54.8133, 57.7272, 60.614, 63.5689, 66.4511, 69.3366, 72.2326, 75.1938, 78.1195, 80.9807, 83.8387, 86.6093, 89.3717, 92.0868, 94.7561, 97.4171, 100.1103, 102.7235, 105.3474, 107.9937, 110.6428, 113.2682, 115.8862, 118.5856, 121.2196, 123.805, 126.374, 128.9402, 131.477, 134.0288, 136.5766, 139.0824, 141.5711, 144.0747]
growth_rate:12.84
