ticker:VSSYW
price:[3.75, 2.7200000286102295, 4.25, 5.0, 4.599999904632568, 4.1620001792907715, 3.5, 4.5, 4.0, 3.7899999618530273, 3.700000047683716, 3.740999937057495, 3.700000047683716, 3.746000051498413, 4.949999809265137, 4.300000190734863, 4.75, 3.25, 3.4000000953674316, 3.5399999618530273, 3.4000000953674316, 2.950000047683716, 2.7799999713897705, 3.3399999141693115, 3.2200000286102295, 2.7300000190734863, 2.380000114440918, 2.390000104904175, 1.7999999523162842, 2.190000057220459, 2.0799999237060547, 2.109999895095825]
assets:[0, 99.9999850518465, 256.249925, 401.4705, 469.3527102693557, 524.6621588014126, 541.21025, 795.8416500000001, 807.4148, 865.0254222933769, 944.4838421720266, 1054.9496369504213, 1143.3877047353983, 1257.6026420889855, 1761.8078921134947, 1630.459452322197, 1901.0887, 1400.7448, 1565.3947239081383, 1729.8521333591461, 1761.4400894070625, 1628.308281319928, 1634.4734611788988, 2063.719814966917, 2089.574260566211, 1871.5954660761356, 1731.647385265255, 1838.9232017157792, 1484.963060661912, 1906.7051538185121, 1910.934409907341, 2038.4960076508282]
shares:[0, 36.7647, 60.2941, 80.2941, 102.0332, 126.0601, 154.6315, 176.8537, 201.8537, 228.2389, 255.2659, 281.9967, 309.0237, 335.7188, 355.9208, 379.1766, 400.2292, 430.9984, 460.4102, 488.6588, 518.0706, 551.9689, 587.9401, 617.8802, 648.9361, 685.5661, 727.5829, 769.4239, 824.9795, 870.6416, 918.7185, 966.1119]
growth_rate:-34.24
