ticker:VSTA
price:[15.420000076293945, 15.399999618530273, 16.209999084472656, 15.630000114440918, 15.220000267028809, 14.75, 13.859999656677246, 13.300000190734863, 11.5600004196167, 12.619999885559082, 12.890000343322754, 13.3100004196167, 14.100000381469727, 14.880000114440918, 15.460000038146973, 14.699999809265137, 15.029999732971191, 14.5, 13.880000114440918, 14.4399995803833, 13.699999809265137, 14.380000114440918, 14.350000381469727, 14.40999984741211, 15.0600004196167, 13.369999885559082, 13.609999656677246, 12.100000381469727, 11.729999542236328, 10.289999961853027, 9.899999618530273, 9.170000076293945, 9.100000381469727, 9.220000267028809, 9.789999961853027, 9.020000457763672, 8.229999542236328, 8.220000267028809, 8.789999961853027, 8.6899995803833, 8.859999656677246, 8.680000305175781, 8.510000228881836, 8.0600004196167, 7.730000019073486, 7.840000152587891, 7.320000171661377, 7.039999961853027, 6.699999809265137, 6.25, 5.769999980926514, 5.710000038146973]
assets:[0, 99.99989752292633, 205.259113407135, 297.9156171813011, 390.100782844162, 478.054875, 549.2094163956642, 627.0191989920617, 644.9879114124299, 804.1299867079734, 921.3346875395774, 1051.3542711454393, 1213.7562328376769, 1380.899722620392, 1534.7250257868768, 1559.2789597681046, 1694.2837738986968, 1734.5393000000001, 1760.372654514313, 1931.3961518749236, 1932.4192230963708, 2128.334924938011, 2223.894179118347, 2333.192243293762, 2538.436864728451, 2353.578570854473, 2495.8262350408554, 2318.9203031072616, 2348.010430368805, 2159.7639759933472, 2177.906856080246, 2117.313586615944, 2201.1508622716906, 2330.177121486378, 2574.2334979694365, 2471.766059441757, 2355.2810209960935, 2452.4189956674577, 2722.4774641849517, 2791.5050762057303, 2946.1146818387983, 2986.2612289924623, 3027.7746834339146, 2967.668780501652, 2946.1635082695484, 3088.088252102661, 2983.2660699605945, 2969.151663911343, 2925.755246709919, 2829.249375, 2711.9628840352534, 2783.7620585975646]
shares:[0, 6.4935, 12.6625, 19.0605, 25.6308, 32.4105, 39.6255, 47.1443, 55.7948, 63.7187, 71.4767, 78.9898, 86.082, 92.8024, 99.2707, 106.0734, 112.7268, 119.6234, 126.828, 133.7532, 141.0525, 148.0066, 154.9752, 161.9148, 168.5549, 176.0343, 183.3818, 191.6463, 200.1714, 209.8896, 219.9906, 230.8957, 241.8847, 252.7307, 262.9452, 274.0317, 286.1824, 298.3478, 309.7244, 321.2319, 332.5186, 344.0393, 355.7902, 368.1971, 381.1337, 393.8888, 407.55, 421.7545, 436.6799, 452.6799, 470.0109, 487.524]
growth_rate:-45.42
