ticker:VSTM
price:[1.149999976158142, 1.2200000286102295, 1.3899999856948853, 1.2699999809265137, 1.2699999809265137, 1.399999976158142, 1.309999942779541, 1.2200000286102295, 1.2000000476837158, 1.2200000286102295, 1.5399999618530273, 1.4800000190734863, 1.9900000095367432, 2.190000057220459, 2.390000104904175, 2.200000047683716, 2.299999952316284, 2.130000114440918, 2.5299999713897705, 2.450000047683716, 2.200000047683716, 1.9500000476837158, 2.3299999237060547, 2.369999885559082, 2.799999952316284, 2.3499999046325684, 2.2200000286102295, 2.359999895095825, 2.440000057220459, 2.4700000286102295, 2.640000104904175, 2.759999990463257, 2.680000066757202, 2.799999952316284, 3.069999933242798, 2.8499999046325684, 2.940000057220459, 3.190000057220459, 3.869999885559082, 4.0, 4.5, 4.769999980926514, 4.309999942779541, 3.9200000762939453, 3.7799999713897705, 3.490000009536743, 3.309999942779541, 3.2300000190734863, 3.049999952316284, 2.7799999713897705, 2.559999942779541, 2.759999990463257]
assets:[0, 99.99998634510041, 213.93434179830552, 295.4652415625572, 395.4652940607071, 535.9460308728933, 601.4923687269687, 660.168489481616, 749.3460297763348, 861.8351042109012, 1187.8902125750542, 1241.6088680012226, 1769.460646479845, 2047.2959304918766, 2334.263629457736, 2248.6944087391375, 2450.9077791876557, 2369.753992322445, 2914.7780530385494, 2922.6111818820236, 2724.3854590494634, 2514.7963064947844, 3104.8591063339236, 3258.1613716721536, 3949.30473274374, 3414.594981429291, 3325.702566859961, 3635.4313944017176, 3858.666598489618, 4006.109101403117, 4381.833366118407, 4681.007455825519, 4645.3261237123015, 4953.325635645366, 5530.967753729009, 5234.6116398380755, 5499.915437043428, 6067.595433837176, 7461.001030368519, 7811.6292, 8888.08275, 9521.36786492753, 8703.164782454967, 8015.639676006317, 7829.366520740748, 7328.700927026343, 7050.716276113223, 6980.306529219436, 6691.311020388007, 6198.96542220366, 5808.399742172146, 6362.18113401649]
shares:[0, 81.9672, 153.9096, 232.6498, 311.39, 382.8186, 459.1545, 541.1217, 624.455, 706.4222, 771.3573, 838.9249, 889.1762, 934.8383, 976.6793, 1022.1338, 1065.6121, 1112.5605, 1152.0862, 1192.9025, 1238.357, 1289.6391, 1332.5576, 1374.7517, 1410.466, 1453.0192, 1498.0642, 1540.4371, 1581.4207, 1621.9065, 1659.7853, 1696.0172, 1733.3306, 1769.0449, 1801.6182, 1836.7059, 1870.7195, 1902.0675, 1927.9073, 1952.9073, 1975.1295, 1996.0939, 2019.2958, 2044.806, 2071.261, 2099.9143, 2130.1258, 2161.0856, 2193.8725, 2229.8437, 2268.9062, 2305.1381]
growth_rate:24.75
