ticker:VTAQ
price:[10.142999649047852, 10.15999984741211, 10.15999984741211, 10.09000015258789, 9.949999809265137, 9.949999809265137, 9.829999923706055, 9.819999694824219, 9.90999984741211, 9.989999771118164, 10.0, 10.0, 10.0, 9.944999694824219, 9.880000114440918, 9.880000114440918, 9.930000305175781, 9.949999809265137, 10.039999961853027, 9.970000267028809, 9.930000305175781, 9.949999809265137, 9.90999984741211, 9.920000076293945, 9.9399995803833, 9.930000305175781, 9.930000305175781, 9.90999984741211, 9.899999618530273, 9.897000312805176, 10.050000190734863]
assets:[0, 99.99979849815368, 199.99959699630736, 298.6216265159607, 394.47868743810653, 494.4791705211639, 588.5152144323349, 687.916510621643, 794.2210817710876, 900.6324453655243, 1001.5340000000001, 1101.534, 1201.534, 1294.9254817634583, 1386.4623920595168, 1486.4628132178304, 1593.9854949874878, 1697.1963424658775, 1812.5483011132242, 1899.9111668857574, 1992.288730228424, 2096.3017798152923, 2187.8742703125004, 2290.0816176128387, 2394.6989749078753, 2492.290063594818, 2592.290131668091, 2687.0687106262208, 2784.357072712326, 2883.5138042365074, 3028.0901824688913]
shares:[0, 9.8425, 19.685, 29.5958, 39.6461, 49.6964, 59.8693, 70.0526, 80.1434, 90.1534, 100.1534, 110.1534, 120.1534, 130.2087, 140.3302, 150.4517, 160.5222, 170.5725, 180.5327, 190.5628, 200.6333, 210.6836, 220.7744, 230.855, 240.9154, 250.9859, 261.0564, 271.1472, 281.2482, 291.3523, 301.3025]
growth_rate:0.94
