ticker:VTAQU
price:[10.1899995803833, 10.300000190734863, 10.300000190734863, 10.5, 10.550000190734863, 10.380000114440918, 10.970000267028809, 11.180000305175781, 11.260000228881836, 10.859999656677246, 10.460000038146973, 10.65999984741211, 10.449999809265137, 10.449999809265137, 10.539999961853027, 10.628999710083008, 10.585000038146973, 10.614999771118164, 10.729999542236328, 10.520000457763672, 10.359999656677246, 10.279999732971191, 10.449999809265137, 10.524999618530273, 10.539999961853027, 10.524999618530273, 10.5, 10.510000228881836, 10.470000267028809, 10.569999694824219, 10.729999542236328, 10.75, 10.59000015258789, 10.399999618530273, 10.460000038146973, 10.270000457763672]
assets:[0, 99.99961185178758, 199.99922370357515, 303.88259999999997, 405.3299523280144, 498.798449499321, 627.1505272659302, 739.1556581764221, 844.4448431650161, 914.4467230911255, 980.7651675767898, 1099.518222261429, 1177.8581435015678, 1277.8583716763496, 1388.864226973343, 1500.591550069809, 1594.3793912459373, 1698.8978068681715, 1817.3035404701234, 1881.736677881241, 1953.1168632751464, 2038.0346190608977, 2171.7377703611373, 2287.3244920978545, 2390.5847693478586, 2487.1826573541643, 2581.2748500000002, 2683.7327624450686, 2773.518775736332, 2900.008370271301, 3043.9066571407316, 3149.58015, 3202.7030351467133, 3245.241880965233, 3363.9642542681695, 3402.8598976753237]
shares:[0, 9.7087, 19.4174, 28.9412, 38.4199, 48.0538, 57.1696, 66.1141, 74.9951, 84.2032, 93.7634, 103.1443, 112.7137, 122.2831, 131.7708, 141.179, 150.6263, 160.0469, 169.3666, 178.8723, 188.5248, 198.2524, 207.8218, 217.323, 226.8107, 236.3119, 245.8357, 255.3504, 264.9015, 274.3622, 283.6819, 292.9842, 302.4271, 312.0425, 321.6027, 331.3398]
growth_rate:-2.78
