ticker:VTC
price:[92.4000015258789, 92.63099670410156, 92.76599884033203, 92.05000305175781, 92.16000366210938, 92.19000244140625, 92.44999694824219, 92.06999969482422, 91.6500015258789, 92.83999633789062, 92.68000030517578, 93.73999786376953, 93.95999908447266, 93.37999725341797, 93.63200378417969, 93.7300033569336, 93.86000061035156, 94.16500091552734, 92.79000091552734, 93.0469970703125, 92.86000061035156, 92.79000091552734, 92.27999877929688, 92.26000213623047, 91.44000244140625, 90.83000183105469, 89.375, 88.75, 88.58000183105469, 89.2300033569336, 89.73999786376953, 89.93000030517578, 90.12300109863281, 90.45999908447266, 90.20999908447266, 90.44499969482422, 90.05000305175781, 90.18000030517578, 90.52999877929688, 90.69000244140625, 91.54000091552734, 91.93299865722656, 91.44999694824219, 91.94000244140625, 92.26000213623047, 92.41000366210938, 92.7750015258789, 92.98999786376953, 92.25, 92.43000030517578, 92.58000183105469, 92.61499786376953]
assets:[0, 100.00442404174804, 200.1519190979004, 298.6102098999024, 398.96987185363776, 499.09823521728515, 600.5089551773071, 698.0379096862792, 794.8529682334901, 905.171396295166, 1003.6131873046875, 1115.0935185882568, 1217.712192134857, 1310.1960654632567, 1413.7308987365723, 1515.2111152671814, 1617.3110565170289, 1722.5697782478333, 1797.416549734497, 1902.3923786010741, 1998.5700771362306, 2097.0632996910094, 2185.5410350891116, 2285.0680549095155, 2364.7573351379397, 2448.9857583694456, 2509.75725, 2592.21, 2687.242657548523, 2806.961753601074, 2923.002236418915, 3029.1931372795107, 3135.694638725281, 3247.423507133484, 3338.446541118622, 3447.1393178688054, 3532.0852997009274, 3637.1848623085025, 3751.3006124176027, 3857.9345658569337, 3994.091627946472, 4111.234506651306, 4189.635290188598, 4312.087248504638, 4427.096202507019, 4534.290890689087, 4652.202451515198, 4762.984886581421, 4825.0809, 4934.495725292206, 5042.499411730957, 5144.401932840729]
shares:[0, 1.0796, 2.1576, 3.244, 4.3291, 5.4138, 6.4955, 7.5816, 8.6727, 9.7498, 10.8288, 11.8956, 12.9599, 14.0308, 15.0988, 16.1657, 17.2311, 18.2931, 19.3708, 20.4455, 21.5224, 22.6001, 23.6838, 24.7677, 25.8613, 26.9623, 28.0812, 29.208, 30.3369, 31.4576, 32.5719, 33.6839, 34.7935, 35.899, 37.0075, 38.1131, 39.2236, 40.3325, 41.4371, 42.5398, 43.6322, 44.7199, 45.8134, 46.9011, 47.985, 49.0671, 50.145, 51.2204, 52.3044, 53.3863, 54.4664, 55.5461]
growth_rate:0.87
