ticker:VTGN
price:[0.6100000143051147, 0.6100000143051147, 0.6399999856948853, 0.6200000047683716, 0.7300000190734863, 0.75, 0.8199999928474426, 0.7799999713897705, 0.7200000286102295, 0.6800000071525574, 0.699999988079071, 0.7099999785423279, 0.7699999809265137, 0.7699999809265137, 0.7400000095367432, 1.3600000143051147, 1.3899999856948853, 1.940000057220459, 2.1700000762939453, 2.4000000953674316, 2.2100000381469727, 2.119999885559082, 2.0299999713897705, 1.909999966621399, 2.9600000381469727, 2.4700000286102295, 2.130000114440918, 2.3499999046325684, 2.3499999046325684, 2.1500000953674316, 2.190000057220459, 2.1600000858306885, 2.049999952316284, 2.0399999618530273, 2.5299999713897705, 2.569999933242798, 2.140000104904175, 2.819999933242798, 2.5899999141693115, 2.4100000858306885, 2.799999952316284, 2.890000104904175, 2.6500000953674316, 3.390000104904175, 3.0999999046325684, 2.740000009536743, 2.869999885559082, 2.6600000858306885, 2.7799999713897705, 2.7699999809265137, 2.690000057220459, 3.049999952316284]
assets:[0, 99.99998634510041, 204.91801141972542, 298.5143162958503, 451.4765417962074, 563.845725, 716.4713037504852, 781.5214393339634, 821.40447263968, 875.7708532117665, 1001.5287629440666, 1115.8363212771117, 1310.1323295470238, 1410.132304069948, 1455.1921107537746, 2774.4071011825085, 2935.6071337883473, 4197.17848379612, 4794.782041577339, 5402.98485469532, 5075.248512604237, 4968.563807789134, 4857.634433537913, 4670.483572379994, 7338.027166568756, 6223.286102084875, 5466.639755712319, 6131.268661181545, 6231.268677123356, 5800.948367312336, 6008.872882000208, 6026.559647473955, 5819.651179632879, 5891.262645836354, 7406.320904246426, 7623.416758977437, 6447.90399008038, 8596.770078490663, 7995.614894031214, 7539.935667530227, 8860.09080911355, 9244.880002580096, 8577.13897367158, 11072.264436633253, 10225.079055438851, 9137.65096580417, 9671.188715362454, 9063.541450454879, 9572.422551485897, 9637.989455635357, 9459.636178221082, 10825.609440752363]
shares:[0, 163.9344, 320.1844, 481.4747, 618.461, 751.7943, 873.7455, 1001.9506, 1140.8395, 1287.8983, 1430.7554, 1571.6005, 1701.4706, 1831.3407, 1966.4758, 2040.0052, 2111.9476, 2163.494, 2209.5769, 2251.2436, 2296.4925, 2343.6623, 2392.9234, 2445.2794, 2479.0632, 2519.549, 2566.4974, 2609.0506, 2651.6038, 2698.1154, 2743.7775, 2790.0738, 2838.8543, 2887.8739, 2927.3996, 2966.3101, 3013.0391, 3048.5001, 3087.1101, 3128.6039, 3164.3182, 3198.9203, 3236.6561, 3266.1546, 3298.4127, 3334.9091, 3369.7523, 3407.3463, 3443.3175, 3479.4186, 3516.5933, 3549.3802]
growth_rate:112.27
