ticker:VTHR
price:[155.89999389648438, 150.6699981689453, 150.5399932861328, 149.4600067138672, 152.32000732421875, 158.55999755859375, 159.05999755859375, 158.0, 149.19000244140625, 160.14999389648438, 164.0, 164.1699981689453, 168.2100067138672, 171.2100067138672, 170.1199951171875, 172.25999450683594, 172.4600067138672, 174.0800018310547, 178.14999389648438, 176.2899932861328, 179.64999389648438, 173.16000366210938, 182.02000427246094, 185.0800018310547, 183.7100067138672, 178.58999633789062, 178.64999389648438, 185.00999450683594, 183.69000244140625, 181.72999572753906, 186.7899932861328, 191.30999755859375, 194.1699981689453, 194.22999572753906, 194.00999450683594, 195.63999938964844, 192.7899932861328, 192.2100067138672, 194.82000732421875, 195.80999755859375, 197.4600067138672, 193.42999267578125, 199.27000427246094, 201.0399932861328, 201.69000244140625, 198.64999389648438, 202.97000122070312, 202.3800048828125, 204.25, 205.2899932861328, 203.5500030517578, 207.7100067138672]
assets:[0, 99.999677784729, 199.9171110839844, 298.48657940826416, 404.1963714355469, 520.7585999816895, 622.4017704467773, 718.2521999999999, 778.2048907348633, 935.3720543518067, 1057.8656, 1158.9581020736694, 1287.4793913879394, 1410.4451563095092, 1501.4620649047854, 1620.3464123291014, 1722.2201190460205, 1838.3892673370362, 1981.3664171173095, 2060.671360520935, 2199.9399302581787, 2220.465358959961, 2434.080709133911, 2574.9995574752807, 2655.932309063721, 2681.9038340057373, 2782.8130899261473, 2981.8800854644774, 3060.6060826782227, 3127.954859461975, 3315.055405845642, 3495.2719173950195, 3647.5222496032716, 3748.6583405410765, 3844.4050461502075, 3976.6960115936276, 4018.7652470474245, 4106.682119445801, 4262.44745824585, 4384.107521337891, 4521.044313720703, 4528.776418518067, 4765.502298175049, 4907.828524099731, 5023.694580810547, 5047.974454901123, 5257.755208621215, 5342.467844897461, 5491.8331499999995, 5619.7930372085575, 5672.165095040893, 5888.080186322021]
shares:[0, 0.6637, 1.328, 1.9971, 2.6536, 3.2843, 3.913, 4.5459, 5.2162, 5.8406, 6.4504, 7.0595, 7.654, 8.2381, 8.8259, 9.4064, 9.9862, 10.5606, 11.1219, 11.6891, 12.2457, 12.8232, 13.3726, 13.9129, 14.4572, 15.0171, 15.5769, 16.1174, 16.6618, 17.2121, 17.7475, 18.2702, 18.7852, 19.3001, 19.8155, 20.3266, 20.8453, 21.3656, 21.8789, 22.3896, 22.896, 23.413, 23.9148, 24.4122, 24.908, 25.4114, 25.9041, 26.3982, 26.8878, 27.3749, 27.8662, 28.3476]
growth_rate:15.45
