ticker:VTIP
price:[50.95000076293945, 50.970001220703125, 51.060001373291016, 50.95000076293945, 50.720001220703125, 50.849998474121094, 50.810001373291016, 50.79999923706055, 50.63999938964844, 50.630001068115234, 50.72999954223633, 50.790000915527344, 50.93000030517578, 51.099998474121094, 51.15999984741211, 51.310001373291016, 51.0, 51.099998474121094, 51.189998626708984, 51.22999954223633, 51.349998474121094, 51.34000015258789, 51.41999816894531, 51.47999954223633, 51.33000183105469, 51.41999816894531, 51.5, 51.599998474121094, 51.540000915527344, 51.63999938964844, 51.59000015258789, 51.650001525878906, 51.7400016784668, 51.7599983215332, 51.9900016784668, 52.27000045776367, 52.349998474121094, 52.310001373291016, 52.38999938964844, 52.43000030517578, 52.31999969482422, 52.130001068115234, 52.31999969482422, 52.04999923706055, 52.04999923706055, 52.279998779296875, 52.41999816894531, 52.61000061035156, 52.38999938964844, 52.45000076293945, 52.27000045776367, 52.63999938964844]
assets:[0, 99.99804539489746, 200.1756293838501, 299.74394948844906, 398.39039358825687, 499.41309001388555, 599.0194301902771, 698.9013095035552, 796.698854397583, 896.5408699138641, 998.3105879917144, 1099.491781819153, 1202.523516205597, 1306.534980986023, 1408.0715598003387, 1512.1980984733582, 1603.0626, 1706.203399051666, 1809.2081214637758, 1910.622832927704, 2015.0971801208498, 2114.7048742851257, 2218.001621017456, 2320.589679365158, 2413.8292671066283, 2518.0630203323367, 2621.9782999999998, 2727.0702393569945, 2823.897266162109, 2929.3770813766478, 3026.5428359516145, 3130.062402470398, 3235.5144389614106, 3336.7652277957914, 3451.590216432571, 3570.176933266449, 3675.63997286377, 3772.832694047928, 3878.6045418136596, 3981.565681175232, 4073.2113842414856, 4158.420611203766, 4273.576055072785, 4351.520471216202, 4451.518929750442, 4571.190569265747, 4683.433284405517, 4800.410027691651, 4880.338003143311, 4985.928542525482, 5068.815343391037, 5204.695715652466]
shares:[0, 1.9619, 3.9204, 5.8831, 7.8547, 9.8213, 11.7894, 13.7579, 15.7326, 17.7077, 19.6789, 21.6478, 23.6113, 25.5682, 27.5229, 29.4718, 31.4326, 33.3895, 35.343, 37.295, 39.2424, 41.1902, 43.135, 45.0775, 47.0257, 48.9705, 50.9122, 52.8502, 54.7904, 56.7269, 58.6653, 60.6014, 62.5341, 64.4661, 66.3895, 68.3026, 70.2128, 72.1245, 74.0333, 75.9406, 77.8519, 79.7702, 81.6815, 83.6027, 85.5239, 87.4367, 89.3444, 91.2452, 93.154, 95.0606, 96.9737, 98.8734]
growth_rate:2.05
