ticker:VTIQ
price:[10.399999618530273, 10.140000343322754, 10.020000457763672, 9.989999771118164, 9.930000305175781, 10.050000190734863, 9.979999542236328, 9.90999984741211, 10.0, 9.899999618530273, 9.789999961853027, 9.760000228881836, 9.744999885559082, 9.84000015258789, 9.890000343322754, 9.920000076293945, 10.039999961853027, 9.979999542236328, 9.850000381469727, 9.899999618530273, 9.800000190734863, 9.720000267028809, 9.6899995803833, 9.680000305175781, 9.670000076293945, 9.65999984741211, 9.670000076293945]
assets:[0, 99.99966938581467, 198.815847082901, 298.2204741674423, 396.42944418334963, 501.2196395124435, 597.7281205833435, 693.5354833213806, 799.8340000000001, 891.8355256355286, 981.9262271739007, 1078.9172733016967, 1177.2593286747933, 1288.7359639842987, 1395.2842154360771, 1499.5161395326613, 1617.655837853718, 1707.9880996578215, 1785.7400591579437, 1894.8044869888304, 1975.6653384518625, 2059.537808579826, 2153.180891758442, 2250.959198964691, 2348.634146530151, 2446.2056253601077, 2548.738359108925]
shares:[0, 9.8619, 19.8419, 29.8519, 39.9224, 49.8726, 59.8926, 69.9834, 79.9834, 90.0844, 100.2989, 110.5448, 120.8065, 130.9691, 141.0803, 151.1609, 161.1211, 171.1411, 181.2934, 191.3944, 201.5985, 211.8866, 222.2065, 232.5371, 242.8784, 253.2304, 263.5717]
growth_rate:-1.97
