ticker:VTIQW
price:[2.200000047683716, 2.299999952316284, 1.75, 1.5800000429153442, 1.2799999713897705, 1.5800000429153442, 1.6399999856948853, 1.2100000381469727, 1.190000057220459, 1.2200000286102295, 1.0499999523162842, 1.100000023841858, 1.0499999523162842, 1.1299999952316284, 1.2100000381469727, 1.2000000476837158, 1.3300000429153442, 1.3200000524520874, 1.340000033378601, 1.3300000429153442, 1.2999999523162842, 1.2699999809265137, 1.2699999809265137, 1.25, 1.090000033378601, 0.8600000143051147, 0.8100000023841858]
assets:[0, 100.00008792679309, 176.0871, 258.98144103435277, 309.8077370752573, 482.4188851032734, 600.7385547599793, 543.22782312603, 634.2488484974862, 750.2382855938434, 745.6968411356211, 881.2062790996313, 941.1513922594308, 1112.8582343039632, 1291.6446697209358, 1380.9698948748112, 1630.574998614049, 1718.315084279704, 1844.3501839416622, 1930.5864332945705, 1987.0392671158313, 2041.1846093444824, 2141.184661842632, 2207.4652499999997, 2024.909739007938, 1697.6352122382164, 1698.9354770007133]
shares:[0, 43.4783, 100.6212, 163.9123, 242.0373, 305.3284, 366.304, 448.9486, 532.9822, 614.9494, 710.1875, 801.0966, 896.3347, 984.8303, 1067.4749, 1150.8082, 1225.9962, 1301.7538, 1376.3807, 1451.5687, 1528.4918, 1607.232, 1685.9722, 1765.9722, 1857.7153, 1973.9944, 2097.4512]
growth_rate:-34.66
