ticker:VTIQU
price:[11.170000076293945, 11.329999923706055, 11.529999732971191, 11.140000343322754, 11.5, 11.489999771118164, 11.25, 10.6899995803833, 10.699999809265137, 10.619999885559082, 10.300000190734863, 10.25, 10.180000305175781, 10.300000190734863, 10.300000190734863, 10.140000343322754, 10.199999809265137, 10.149999618530273, 9.9399995803833, 9.979999542236328, 10.0, 10.140000343322754, 10.149999618530273, 10.15999984741211, 10.300000190734863, 10.210000038146973, 10.149999618530273, 10.149999618530273, 10.100000381469727, 9.979999542236328, 9.9399995803833, 9.949999809265137, 9.899999618530273, 9.829999923706055, 9.800000190734863]
assets:[0, 99.99971232662202, 201.76461832723615, 294.9404210897446, 404.47225000000003, 504.12029295787806, 593.5905, 664.042462934208, 764.6637163693428, 858.9466527440071, 933.0646572784425, 1028.5352249999999, 1121.511291620636, 1234.731062864685, 1334.7306747164725, 1413.9966838754654, 1522.3632315325735, 1614.9004643068313, 1681.4890950160027, 1788.25523997612, 1891.839, 2018.3244803369523, 2120.314620311737, 2222.4034466228486, 2353.026803573227, 2432.4661440882683, 2518.1712603590013, 2618.171086600685, 2705.273992176247, 2773.131494801712, 2862.0171211800575, 2964.896963164902, 3049.9978224765778, 3128.431880719185, 3218.8845426483153]
shares:[0, 8.8261, 17.4991, 26.4758, 35.1715, 43.8747, 52.7636, 62.1181, 71.4639, 80.8801, 90.5888, 100.3449, 110.1681, 119.8768, 129.5855, 139.4474, 149.2513, 159.1035, 169.1639, 179.1839, 189.1839, 199.0458, 208.898, 218.7405, 228.4492, 238.2435, 248.0957, 257.9479, 267.8489, 277.8689, 287.9293, 297.9796, 308.0806, 318.2535, 328.4576]
growth_rate:-5.33
