ticker:VTNR
price:[0.550000011920929, 0.5009999871253967, 0.47699999809265137, 0.46700000762939453, 0.5059999823570251, 0.5370000004768372, 0.4749999940395355, 0.453000009059906, 0.41200000047683716, 0.421999990940094, 0.4699999988079071, 0.531000018119812, 0.7400000095367432, 0.7950000166893005, 0.7200000286102295, 0.6499999761581421, 0.6679999828338623, 0.7120000123977661, 0.8199999928474426, 1.1399999856948853, 1.2799999713897705, 1.649999976158142, 2.109999895095825, 2.119999885559082, 2.119999885559082, 1.5399999618530273, 1.3700000047683716, 1.440000057220459, 1.5099999904632568, 1.2899999618530273, 1.5499999523162842, 1.5499999523162842, 1.2899999618530273, 1.3700000047683716, 1.3600000143051147, 1.3799999952316284, 1.9199999570846558, 1.809999942779541, 7.809999942779541, 8.760000228881836, 7.96999979019165, 7.440000057220459, 9.329999923706055, 11.039999961853027, 10.449999809265137, 8.210000038146973, 8.550000190734863, 8.609999656677246, 8.75, 8.109999656677246, 7.489999771118164, 7.929999828338623]
assets:[0, 99.99999823021888, 195.20957801942825, 291.1171571559906, 415.42886971501713, 540.8800402802825, 578.4320502416342, 651.6415096326947, 692.6628880016685, 809.4750654214025, 1001.5480954597056, 1231.5362883248688, 1816.265199407101, 2051.25793006171, 1957.7430777937175, 1867.406836503923, 2019.1196605130435, 2252.115633615172, 2693.7285945035997, 3844.939739752364, 4417.125277269554, 5793.950661279666, 7509.233683658767, 7644.822407320499, 7744.8223779223445, 5725.956094163704, 5193.870175077594, 5559.25054090476, 5929.491669550967, 5165.592126246738, 6306.7191659820555, 6406.719117905688, 5432.04368236742, 5868.9147984271285, 5926.076030333233, 6113.224166876721, 8605.35513565532, 8212.339885379075, 35535.56690564642, 39958.07616002712, 36454.54950434265, 34130.34628649382, 42900.554415190505, 50863.35755224971, 48245.11603942337, 38003.580335579965, 39677.41987513065, 40055.855404777336, 40807.172, 37922.4175976203, 35123.29334269104, 37286.610983853585]
shares:[0, 199.6008, 409.2444, 623.3772, 821.0057, 1007.2254, 1217.7517, 1438.5022, 1681.2206, 1918.1874, 2130.9534, 2319.2773, 2454.4124, 2580.1986, 2719.0875, 2872.9337, 3022.6343, 3163.0837, 3285.0349, 3372.7542, 3450.8792, 3511.4853, 3558.8787, 3606.0485, 3653.2183, 3718.1534, 3791.1461, 3860.5905, 3926.8157, 4004.3351, 4068.8512, 4133.3673, 4210.8867, 4283.8794, 4357.4088, 4429.8726, 4481.9559, 4537.2045, 4550.0086, 4561.4241, 4573.9712, 4587.4121, 4598.1302, 4607.1882, 4616.7576, 4628.9379, 4640.6338, 4652.2482, 4663.6768, 4676.0073, 4689.3584, 4701.9687]
growth_rate:631.11
