ticker:VTRS
price:[15.8100004196167, 15.329999923706055, 15.729999542236328, 14.420000076293945, 14.890000343322754, 15.640000343322754, 15.710000038146973, 15.6899995803833, 14.539999961853027, 14.649999618530273, 15.550000190734863, 17.1299991607666, 17.049999237060547, 17.600000381469727, 17.34000015258789, 17.75, 17.770000457763672, 18.739999771118164, 18.299999237060547, 17.049999237060547, 17.43000030517578, 16.989999771118164, 17.899999618530273, 18.239999771118164, 18.209999084472656, 14.850000381469727, 13.90999984741211, 14.359999656677246, 14.779999732971191, 14.359999656677246, 13.899999618530273, 13.399999618530273, 13.399999618530273, 13.359999656677246, 13.300000190734863, 14.079999923706055, 16.0, 15.3100004196167, 15.239999771118164, 15.390000343322754, 15.729999542236328, 14.260000228881836, 14.569999694824219, 14.710000038146973, 14.3100004196167, 13.760000228881836, 13.920000076293945, 14.069999694824219, 14.25, 14.949999809265137, 14.6899995803833, 14.369999885559082]
assets:[0, 100.00065550231933, 202.610259103775, 285.73662751178745, 395.04957710876465, 514.948575303936, 617.2537564988137, 716.4681408386231, 763.954861995697, 869.733852353096, 1023.1651325500488, 1227.1263328805924, 1321.3954008712767, 1464.0208317317963, 1542.393013572693, 1678.8624499999999, 1780.7548468730924, 1977.9601258420944, 2031.5195153045654, 1992.7544658298493, 2137.167286418915, 2183.2166695886613, 2400.1518788499834, 2545.742176055145, 2641.5552141929625, 2254.1513529050826, 2211.464633740997, 2383.007479026413, 2552.70548388052, 2580.1659663126948, 2597.51377871418, 2604.078205867386, 2704.0783830205914, 2796.006112148762, 2883.449351351452, 3152.5542229175567, 3682.448, 3623.6428563168524, 3707.0750803253172, 3843.561784742832, 4028.474904766083, 3752.005700222015, 3933.570635609436, 4071.367615558148, 4060.6572350719453, 4004.5866266117096, 4151.151430751991, 4295.88326082306, 4450.840725, 4769.479004150105, 4786.532172273731, 4782.264111914635]
shares:[0, 6.5232, 12.8805, 19.8153, 26.5312, 32.9251, 39.2905, 45.664, 52.5416, 59.3675, 65.7984, 71.6361, 77.5012, 83.183, 88.95, 94.5838, 100.2113, 105.5475, 111.012, 116.8771, 122.6143, 128.5001, 134.0867, 139.5692, 145.0607, 151.7947, 158.9838, 165.9476, 172.7135, 179.6773, 186.8715, 194.3342, 201.7969, 209.2819, 216.8007, 223.903, 230.153, 236.6847, 243.2464, 249.7441, 256.1014, 263.114, 269.9774, 276.7755, 283.7636, 291.031, 298.2149, 305.3222, 312.3397, 319.0287, 325.8361, 332.795]
growth_rate:-6.23
