ticker:VTRU
price:[16.0, 13.755000114440918, 13.239999771118164, 13.720000267028809, 14.210000038146973, 12.359999656677246, 11.449999809265137, 14.1899995803833, 14.449999809265137, 13.899999618530273, 14.100000381469727, 14.640000343322754, 14.340999603271484, 14.729999542236328, 13.619999885559082, 14.75, 15.640000343322754, 15.569999694824219, 15.239999771118164, 15.100000381469727, 15.699999809265137, 16.049999237060547, 15.170000076293945, 15.1899995803833, 14.199999809265137, 14.5, 14.5, 14.1899995803833, 14.380000114440918, 13.40999984741211, 12.699999809265137, 12.710000038146973, 11.399999618530273, 12.199999809265137, 14.800000190734863, 13.649999618530273, 14.899999618530273, 16.0, 16.5, 16.75, 17.799999237060547, 17.350000381469727, 16.84000015258789, 16.389999389648438, 17.639999389648438, 17.5, 17.010000228881836, 17.209999084472656, 16.0, 17.270000457763672, 17.0]
assets:[0, 100.00022633199693, 196.25651660728454, 303.3711579044342, 414.2058701119423, 460.2802072148323, 526.3919862313271, 752.3580347517967, 866.1431035672188, 933.175084390068, 1046.6021383153914, 1186.6847558289528, 1262.448233775711, 1396.6926645950316, 1391.4423423085211, 1606.88565, 1803.844131597233, 1895.770465842438, 1955.5906746299745, 2037.6257614763263, 2218.5905230469702, 2368.048987434387, 2338.2127917594908, 2441.295719560337, 2382.186288002396, 2532.5149, 2632.5155999999997, 2676.2339208602903, 2812.067980379391, 2722.3801610229493, 2678.24199977684, 2780.3506383447643, 2593.7837732061384, 2875.803475039673, 3588.6803662490843, 3409.8299647071835, 3822.085322146988, 4204.2528, 4435.6356, 4602.841375, 4991.377886060714, 4965.19187916832, 4919.240220573425, 4887.78792098236, 5360.5594385223385, 5418.0157500000005, 5366.311470207596, 5529.407489849853, 5240.6464, 5756.623068586731, 5766.6244]
shares:[0, 7.2701, 14.823, 22.1116, 29.1489, 37.2395, 45.9731, 53.0203, 59.9407, 67.1349, 74.2271, 81.0577, 88.0307, 94.8196, 102.1617, 108.9414, 115.3353, 121.7579, 128.3196, 134.9421, 141.3115, 147.542, 154.134, 160.7173, 167.7596, 174.6562, 181.5528, 188.6, 195.5541, 203.0112, 210.8852, 218.753, 227.5249, 235.7216, 242.4784, 249.8044, 256.5158, 262.7658, 268.8264, 274.7965, 280.4145, 286.1782, 292.1164, 298.2177, 303.8866, 309.6009, 315.4798, 321.2904, 327.5404, 333.3308, 339.2132]
growth_rate:15.33
