ticker:VTSI
price:[3.4100000858306885, 3.890000104904175, 3.700000047683716, 3.5999999046325684, 3.859999895095825, 4.050000190734863, 3.9800000190734863, 3.8399999141693115, 3.5999999046325684, 3.950000047683716, 4.099999904632568, 4.019999980926514, 4.019999980926514, 4.156499862670898, 3.8299999237060547, 3.609999895095825, 3.619999885559082, 3.5199999809265137, 3.8499999046325684, 4.204999923706055, 4.045000076293945, 3.930000066757202, 4.369999885559082, 4.949999809265137, 5.639999866485596, 5.699999809265137, 4.78000020980835, 5.349999904632568, 4.889999866485596, 4.710000038146973, 5.570000171661377, 4.869999885559082, 5.050000190734863, 5.690000057220459, 5.900000095367432, 5.650000095367432, 5.630000114440918, 5.730000019073486, 5.659999847412109, 5.639999866485596, 6.360000133514404, 6.909999847412109, 7.820000171661377, 7.559999942779541, 8.4399995803833, 7.0, 7.440000057220459, 7.090000152587891, 7.269999980926514, 7.670000076293945, 6.900000095367432, 7.400000095367432]
assets:[0, 99.99984369676113, 195.1154325145483, 289.842112321806, 410.7750128362656, 530.9947150072098, 621.8168949799538, 699.944048355031, 756.1976199676037, 929.7170412233829, 1065.0225352272032, 1144.2415385709762, 1244.241450096512, 1386.4898939409256, 1377.578968558502, 1398.448979362011, 1502.3227585062982, 1560.8221995425224, 1807.1491452355385, 2073.782335374069, 2094.8752020120623, 2135.317590271711, 2474.3861422011373, 2902.79423314867, 3407.4262233367917, 3543.6756314206123, 3071.714174826622, 3538.0062969326023, 3333.8038639752863, 3311.087165816975, 4015.659317758274, 3610.9982621445656, 3844.4646502026553, 4431.683856566429, 4695.243675893784, 4596.292592581702, 4680.022608130741, 4863.1489991879935, 4903.738401800156, 4986.410737957859, 5722.974252141428, 6317.88541548729, 7249.908083146954, 7108.862238194131, 8036.348160451889, 6765.2179, 7290.460520070363, 7047.495601673126, 7326.4166347785, 7829.520737880707, 7143.506618733025, 7761.151920021773]
shares:[0, 25.7069, 52.7339, 80.5117, 106.4184, 131.1098, 156.2354, 182.2771, 210.0549, 235.3714, 259.7616, 284.6372, 309.5128, 333.5715, 359.6812, 387.382, 415.0063, 443.4154, 469.3894, 493.1706, 517.8925, 543.3378, 566.2211, 586.4231, 604.1536, 621.6975, 642.618, 661.3096, 681.7595, 702.9909, 720.9442, 741.4781, 761.2801, 778.8548, 795.804, 813.5031, 831.2651, 848.7171, 866.3849, 884.1154, 899.8387, 914.3105, 927.0982, 940.3257, 952.174, 966.4597, 979.9006, 994.005, 1007.7602, 1020.798, 1035.2908, 1048.8043]
growth_rate:52.18
