ticker:VTVT
price:[1.75, 1.7799999713897705, 2.069999933242798, 1.75, 1.75, 1.850000023841858, 1.7100000381469727, 1.649999976158142, 1.7000000476837158, 1.6699999570846558, 1.7599999904632568, 1.9299999475479126, 2.1500000953674316, 2.0, 3.0999999046325684, 2.109999895095825, 2.049999952316284, 1.8600000143051147, 2.0999999046325684, 2.0899999141693115, 2.200000047683716, 2.0399999618530273, 2.440000057220459, 2.700000047683716, 2.740000009536743, 2.6600000858306885, 2.440000057220459, 2.700000047683716, 2.859999895095825, 2.609999895095825, 2.890000104904175, 2.75, 2.7100000381469727, 2.5, 2.559999942779541, 2.4700000286102295, 2.3399999141693115, 2.4800000190734863, 2.4600000381469727, 2.5, 2.680000066757202, 2.440000057220459, 2.2899999618530273, 2.2200000286102295, 2.1700000762939453, 2.0199999809265137, 2.0199999809265137, 1.9199999570846558, 1.899999976158142, 1.840000033378601, 1.7100000381469727, 1.850000023841858]
assets:[0, 100.00004239268303, 216.29222302460673, 282.855825, 382.8559, 504.7334715047478, 566.5373766384125, 646.6589156560301, 766.2546214928627, 852.7323720866442, 998.6880585885049, 1195.1522745190503, 1431.3872884919642, 1431.523, 2318.860688663292, 1678.3213465578556, 1730.596634745717, 1670.1998468453764, 1985.7092998228552, 2076.253566733837, 2285.5301095375303, 2219.3096345000267, 2754.46848459506, 3147.9773055952787, 3294.6140974671125, 3298.421120430732, 3125.619333298922, 3558.6770128484964, 3869.5612680653335, 3631.312951046014, 4120.87947158389, 4021.25185, 4062.761055188942, 3847.9345000000003, 4040.2848376925945, 3998.243633312011, 3887.8094713959936, 4220.413688458872, 4286.378112468434, 4456.07525, 4876.912701480985, 4540.174230471659, 4361.064935353088, 4327.757299773932, 4330.285279246331, 4130.956722994185, 4230.956822049951, 4121.503395877218, 4178.571147565842, 4146.616347221875, 3953.648851198673, 4377.339446412921]
shares:[0, 56.1798, 104.489, 161.6319, 218.7748, 272.8289, 331.3084, 391.9145, 450.738, 510.6182, 567.4364, 619.2499, 665.7615, 715.7615, 748.0196, 795.413, 844.1935, 897.9569, 945.5759, 993.4228, 1038.8773, 1087.8969, 1128.8805, 1165.9175, 1202.4139, 1240.0079, 1280.9915, 1318.0285, 1352.9935, 1391.3077, 1425.9098, 1462.2734, 1499.1738, 1539.1738, 1578.2363, 1618.7221, 1661.4571, 1701.7797, 1742.4301, 1782.4301, 1819.7435, 1860.7271, 1904.3952, 1949.4402, 1995.5231, 2045.0281, 2094.5331, 2146.6164, 2199.248, 2253.5958, 2312.0753, 2366.1294]
growth_rate:-14.17
