ticker:VTWG
price:[160.0, 156.3300018310547, 161.6199951171875, 157.8000030517578, 163.60000610351562, 174.1300048828125, 174.07000732421875, 172.41000366210938, 162.41000366210938, 176.72000122070312, 182.7899932861328, 186.47999572753906, 192.1999969482422, 195.85000610351562, 200.1199951171875, 209.24000549316406, 214.07000732421875, 208.5500030517578, 220.9600067138672, 223.57000732421875, 230.10000610351562, 218.30999755859375, 237.60000610351562, 242.97999572753906, 238.10000610351562, 225.14999389648438, 216.22000122070312, 230.67999267578125, 224.32000732421875, 216.8699951171875, 221.9600067138672, 220.66000366210938, 222.39999389648438, 224.4499969482422, 223.25, 216.97999572753906, 210.5800018310547, 211.2100067138672, 217.0399932861328, 216.08999633789062, 223.69000244140625, 217.6300048828125, 227.57000732421875, 226.57000732421875, 224.38999938964844, 210.99000549316406, 218.07000732421875, 218.42999267578125, 220.63999938964844, 216.47000122070312, 210.7899932861328, 222.5399932861328]
assets:[0, 100.00430217132569, 203.38260185546875, 298.5733857742309, 409.53989527893066, 535.9025030273438, 635.7210737487793, 729.6563764984131, 787.3312157531739, 956.7090706085206, 1089.5745919799804, 1211.579180241394, 1348.7442585845947, 1474.3588459472655, 1606.503284802246, 1779.7117907226561, 1920.7859547180176, 1971.256338845825, 2188.5646744995115, 2314.419072821045, 2482.019735836792, 2454.8522605468747, 2771.770391201782, 2934.5423024002075, 2975.6072062774656, 2913.7561310119627, 2898.191274362183, 3192.0113306518556, 3204.0075286132815, 3197.596269006348, 3372.6379100158692, 3452.8877373046876, 3580.106141748047, 3713.098744514465, 3793.24075, 3786.7131874374386, 3775.0255768249513, 3886.327486537171, 4093.5913133697513, 4175.679871234131, 4422.530300268555, 4402.720287780761, 4703.803780389404, 4783.142081622314, 4837.130338842773, 4648.278613018799, 4904.263622717285, 5012.356727929688, 5163.0642417175295, 5165.4937571289065, 5129.953908605957, 5515.920781588746]
shares:[0, 0.6397, 1.2584, 1.8921, 2.5033, 3.0776, 3.6521, 4.2321, 4.8478, 5.4137, 5.9608, 6.4971, 7.0174, 7.528, 8.0277, 8.5056, 8.9727, 9.4522, 9.9048, 10.3521, 10.7867, 11.2448, 11.6657, 12.0773, 12.4973, 12.9414, 13.4039, 13.8374, 14.2832, 14.7443, 15.1948, 15.648, 16.0976, 16.5431, 16.991, 17.4519, 17.9268, 18.4003, 18.861, 19.3238, 19.7708, 20.2303, 20.6697, 21.1111, 21.5568, 22.0308, 22.4894, 22.9472, 23.4004, 23.8624, 24.3368, 24.7862]
growth_rate:8.16
