ticker:VTWO
price:[61.56999969482422, 59.9900016784668, 61.560001373291016, 59.130001068115234, 61.76499938964844, 65.69499969482422, 65.56500244140625, 65.82499694824219, 61.834999084472656, 66.03500366210938, 70.06999969482422, 71.62000274658203, 74.44499969482422, 76.04499816894531, 76.8550033569336, 78.6449966430664, 80.31999969482422, 79.13500213623047, 83.83000183105469, 84.98999786376953, 86.80500030517578, 83.0, 89.53500366210938, 91.7750015258789, 90.81999969482422, 88.02999877929688, 87.91999816894531, 94.43000030517578, 91.56999969482422, 88.94000244140625, 90.30999755859375, 89.9000015258789, 90.77999877929688, 91.16000366210938, 90.83999633789062, 90.94999694824219, 89.12000274658203, 88.83999633789062, 91.0999984741211, 91.80000305175781, 93.72000122070312, 89.7300033569336, 93.77999877929688, 92.5, 91.37000274658203, 86.80999755859375, 88.62999725341797, 89.25, 90.1500015258789, 89.29000091552734, 87.05000305175781, 91.4000015258789]
assets:[0, 99.9973337978363, 202.61243251991272, 294.61523032188416, 407.74164347076413, 533.6864690208434, 632.6301520568848, 735.1401484176637, 790.5790137947082, 944.2741383666992, 1101.969864200592, 1226.3493070297243, 1374.7236978645326, 1504.268922279358, 1620.2956082725525, 1758.0302549591063, 1895.4716727981568, 1967.5098176124573, 2184.240995709228, 2314.4646198257446, 2463.8904896621702, 2455.8869999999997, 2749.2528689483643, 2918.032061016083, 2987.6692019607544, 2995.889736456299, 3092.1463356018066, 3421.1044810562134, 3417.4931156105044, 3419.3428638610844, 3572.013271435547, 3655.7925520500185, 3791.580975015259, 3907.455048971558, 3993.7350189971926, 4098.570662475586, 4116.105358853913, 4203.17125473938, 4410.096266133118, 4543.980811058044, 4739.017465725708, 4637.264519486999, 4946.566705612182, 4979.053, 5018.232427848053, 4867.783803100586, 5069.83969188919, 5205.300975, 5357.794890686036, 5406.67920643692, 5371.046123295593, 5739.444815817261]
shares:[0, 1.6669, 3.2913, 4.9825, 6.6015, 8.1237, 9.6489, 11.1681, 12.7853, 14.2996, 15.7267, 17.123, 18.4663, 19.7813, 21.0825, 22.354, 23.599, 24.8627, 26.0556, 27.2322, 28.3842, 29.589, 30.7059, 31.7955, 32.8966, 34.0326, 35.17, 36.229, 37.3211, 38.4455, 39.5528, 40.6651, 41.7667, 42.8637, 43.9645, 45.064, 46.1861, 47.3117, 48.4094, 49.4987, 50.5657, 51.6802, 52.7465, 53.8276, 54.9221, 56.074, 57.2023, 58.3227, 59.432, 60.5519, 61.7007, 62.7948]
growth_rate:12.54
