ticker:VTWV
price:[92.43000030517578, 88.44000244140625, 90.20999908447266, 85.05999755859375, 90.0199966430664, 95.13999938964844, 94.80999755859375, 96.66999816894531, 90.36000061035156, 94.80999755859375, 103.43000030517578, 106.13999938964844, 110.7300033569336, 113.62999725341797, 113.44999694824219, 114.29000091552734, 115.68000030517578, 115.48999786376953, 122.18000030517578, 124.30999755859375, 125.91000366210938, 121.33000183105469, 129.47999572753906, 133.25999450683594, 133.25999450683594, 132.58999633789062, 137.38999938964844, 148.5, 143.88999938964844, 140.2100067138672, 141.32000732421875, 140.9199981689453, 142.32000732421875, 142.3699951171875, 142.3000030517578, 146.49000549316406, 144.75999450683594, 143.3699951171875, 146.8300018310547, 149.5, 150.74000549316406, 142.4199981689453, 148.60000610351562, 145.02000427246094, 143.1300048828125, 136.92999267578125, 138.24000549316406, 140.0, 141.5500030517578, 141.33999633789062, 138.0800018310547, 144.24000549316406]
assets:[0, 99.99911076049806, 201.99822994995117, 290.4628796630859, 407.4034988075256, 530.5767485961915, 628.7324988098145, 741.0625389633178, 792.6921413543702, 931.7262890075683, 1116.433766294098, 1245.690874836731, 1399.5608044296264, 1536.2093848678587, 1633.7707160522461, 1745.8711959854127, 1867.1099089256286, 1964.0460016708373, 2177.8218514396667, 2315.783375518799, 2445.5877741302493, 2456.6292120742796, 2721.6436141937256, 2901.0967324127196, 3001.0950322906497, 3086.0056467651366, 3297.7309383499146, 3664.4008500000004, 3650.6475635147094, 3657.2798781265255, 3786.231504229736, 3875.5113296432496, 4014.0077185729983, 4115.418263854981, 4213.389250360107, 4437.445948397827, 4485.041005807495, 4541.975782312012, 4751.595055255127, 4937.999949999999, 5078.958375083924, 4898.621289019776, 5211.179314041137, 5185.639814775085, 5218.061962011719, 5092.029330633545, 5240.747728248596, 5407.472, 5567.345635029602, 5659.083845373535, 5628.555114639282, 5979.656939726257]
shares:[0, 1.1307, 2.2392, 3.4148, 4.5257, 5.5768, 6.6315, 7.6659, 8.7726, 9.8273, 10.7941, 11.7363, 12.6394, 13.5194, 14.4008, 15.2758, 16.1403, 17.0062, 17.8247, 18.6291, 19.4233, 20.2475, 21.0198, 21.7702, 22.5206, 23.2748, 24.0027, 24.6761, 25.3711, 26.0843, 26.7919, 27.5015, 28.2041, 28.9065, 29.6092, 30.2918, 30.9826, 31.6801, 32.3612, 33.0301, 33.6935, 34.3956, 35.0685, 35.7581, 36.4568, 37.1871, 37.9105, 38.6248, 39.3313, 40.0388, 40.763, 41.4563]
growth_rate:17.25
