ticker:VUZI
price:[4.389999866485596, 4.010000228881836, 4.739999771118164, 4.099999904632568, 4.440000057220459, 4.559999942779541, 4.869999885559082, 4.389999866485596, 3.940000057220459, 3.930000066757202, 3.759999990463257, 3.880000114440918, 4.139999866485596, 4.210000038146973, 4.340000152587891, 8.3100004196167, 9.050000190734863, 9.079999923706055, 9.029999732971191, 8.989999771118164, 12.369999885559082, 11.050000190734863, 12.479999542236328, 16.950000762939453, 17.729999542236328, 18.81999969482422, 16.040000915527344, 22.1200008392334, 28.809999465942383, 22.84000015258789, 24.850000381469727, 29.270000457763672, 22.93000030517578, 23.1299991607666, 23.06999969482422, 18.81999969482422, 15.699999809265137, 16.0, 17.459999084472656, 18.729999542236328, 18.690000534057617, 15.75, 17.56999969482422, 17.729999542236328, 16.8799991607666, 14.119999885559082, 14.369999885559082, 14.800000190734863, 13.539999961853027, 12.220000267028809, 11.720000267028809, 12.600000381469727]
assets:[0, 100.00018270778656, 218.20446746349336, 288.7420832837581, 412.6864613184929, 523.840025426674, 659.4520415034294, 694.454517879343, 723.2689625040053, 821.43328695333, 885.9003657530308, 1014.1738299131393, 1182.1339058763504, 1302.1218577985762, 1442.3300447101592, 2861.6965625024795, 3216.5284427905085, 3327.190728043556, 3408.8691461953167, 3493.7692270500183, 4907.333579599857, 4483.673492393016, 5163.913058588791, 7113.488180186462, 7540.834755306244, 8104.428238582611, 7007.281315959931, 9763.407814423943, 12816.263669421958, 10260.481788547517, 11263.439107903861, 13366.836481048585, 10571.525811696625, 10763.73246245594, 10835.810445661164, 8939.61653903961, 7557.596828184891, 7802.0096, 8613.942928321838, 9340.500931716919, 9420.554594187737, 8038.669275, 9067.581666503907, 9250.155643173981, 8906.691045180512, 7550.38471480503, 7784.0665570086485, 8116.993504607678, 7525.95171879673, 6892.254896608067, 6710.247476886463, 7314.088541436768]
shares:[0, 24.9377, 46.0347, 70.4249, 92.9474, 114.8772, 135.4111, 158.1901, 183.5708, 209.0161, 235.6118, 261.385, 285.5396, 309.2926, 332.3341, 344.3678, 355.4175, 366.4307, 377.5049, 388.6284, 396.7125, 405.7623, 413.7751, 419.6748, 425.315, 430.6285, 436.8629, 441.3837, 444.8547, 449.233, 453.2571, 456.6736, 461.0347, 465.3581, 469.6927, 475.0062, 481.3756, 487.6256, 493.353, 498.692, 504.0425, 510.3917, 516.0832, 521.7234, 527.6476, 534.7298, 541.6887, 548.4455, 555.831, 564.0143, 572.5467, 580.4832]
growth_rate:43.41
