ticker:VVOS
price:[8.989999771118164, 7.699999809265137, 7.380000114440918, 5.909999847412109, 6.230000019073486, 7.53000020980835, 6.699999809265137, 6.539999961853027, 7.050000190734863, 6.840000152587891, 8.239999771118164, 7.510000228881836, 6.610000133514404, 7.440000057220459, 6.949999809265137, 6.909999847412109, 7.349999904632568, 9.550000190734863, 8.369999885559082, 7.650000095367432, 6.949999809265137, 6.75, 5.96999979019165, 5.670000076293945, 5.380000114440918, 5.150000095367432, 5.949999809265137, 4.940000057220459, 4.989999771118164, 4.510000228881836, 4.630000114440918, 4.059999942779541, 3.9700000286102295, 3.0199999809265137, 2.8399999141693115, 3.2699999809265137, 3.8399999141693115, 5.28000020980835, 5.260000228881836]
assets:[0, 99.99989752292633, 195.84380103693007, 256.8344093688965, 370.7410711350441, 548.1026912717819, 587.6878032697678, 673.6533500706672, 826.1859973521232, 901.5763161125184, 1186.1092390535355, 1181.0293949941636, 1139.4946180164814, 1382.5781866333007, 1391.5213168112755, 1483.512704240799, 1677.9763132279872, 2280.2277605412482, 2098.4820103079796, 2017.9675151566507, 1933.3168919423103, 1977.681825, 1849.1495260138988, 1856.227614976883, 1861.2885115924835, 1881.7168198455333, 2274.0220971033095, 1988.0116330273154, 2108.133187303925, 2005.3467967710494, 2158.704217357254, 1992.9455699120044, 2048.7669487646576, 1658.507885525322, 1659.656473841739, 2010.9424052704333, 2461.473736981773, 3484.526634462643, 3571.3276514015197]
shares:[0, 12.987, 26.5371, 43.4576, 59.509, 72.7892, 87.7146, 103.0051, 117.1895, 131.8094, 143.9453, 157.2609, 172.3895, 185.8304, 200.2189, 214.6907, 228.2961, 238.7673, 250.7147, 263.7866, 278.1751, 292.9899, 309.7403, 327.377, 345.9644, 365.3819, 382.1886, 402.4315, 422.4716, 444.6445, 466.2428, 490.8733, 516.0622, 549.1748, 584.3861, 614.9671, 641.0088, 659.9482, 678.9596]
growth_rate:-6.02
