ticker:VVPR
price:[11.609999656677246, 6.340000152587891, 8.739999771118164, 8.5, 12.270000457763672, 16.280000686645508, 8.949999809265137, 7.400000095367432, 5.880000114440918, 7.75, 6.820000171661377, 9.430000305175781, 10.050000190734863, 9.170000076293945, 7.25, 7.170000076293945, 10.069999694824219, 9.279999732971191, 10.300000190734863, 10.899999618530273, 13.880000114440918, 12.850000381469727, 13.869999885559082, 13.6899995803833, 12.220000267028809, 9.670000076293945, 7.619999885559082, 10.220000267028809, 9.399999618530273, 8.59000015258789, 10.369999885559082, 9.779999732971191, 8.5, 8.65999984741211, 7.599999904632568, 6.739999771118164, 6.460000038146973, 6.960000038146973, 6.900000095367432, 7.090000152587891, 7.5, 6.980000019073486, 7.670000076293945, 7.300000190734863, 7.019999980926514, 6.400000095367432, 6.349999904632568, 6.590000152587891, 6.380000114440918, 5.960000038146973, 5.570000171661377, 5.699999809265137]
assets:[0, 100.00018840675354, 237.85472377109528, 331.3232, 578.2753055740357, 867.2633125787736, 576.7818427081108, 576.8921674346924, 558.3953868679047, 835.9801, 835.6628050338745, 1255.4696916297914, 1438.0133222914696, 1412.097481748581, 1216.434725, 1303.0120008649826, 1930.0322535095215, 1878.6199459433556, 2185.1059004636763, 2412.3933655729293, 3171.9284141526223, 3036.547610144043, 3377.580762131691, 3433.747598751068, 3165.03994716177, 2604.5777745494843, 2152.41831967392, 2986.8390240403173, 2847.190324455643, 2701.8471079940796, 3361.717526900864, 3270.4524487050057, 2942.4178, 3097.80405141716, 2818.62716463089, 2599.6772237182618, 2591.679017304134, 2892.2732558522225, 2967.340211012697, 3149.0498007724764, 3431.1525, 3293.25893699913, 3718.8102749912264, 3639.415095090866, 3599.8208902192114, 3381.888050394058, 3455.4667481040956, 3686.0671603488922, 3668.605335805416, 3527.0982225751873, 3396.2981356702326, 3575.5654203535078]
shares:[0, 15.7729, 27.2145, 38.9792, 47.1292, 53.2717, 64.4449, 77.9584, 94.9652, 107.8684, 122.5312, 133.1357, 143.0859, 153.991, 167.7841, 181.7311, 191.6616, 202.4375, 212.1462, 221.3205, 228.5251, 236.3072, 243.517, 250.8216, 259.0049, 269.3462, 282.4696, 292.2543, 302.8926, 314.534, 324.1772, 334.4021, 346.1668, 357.7141, 370.872, 385.7088, 401.1887, 415.5565, 430.0493, 444.1537, 457.487, 471.8136, 484.8514, 498.55, 512.795, 528.42, 544.168, 559.3425, 575.0165, 591.795, 609.7483, 627.2922]
growth_rate:-29.89
