ticker:VWOB
price:[80.62000274658203, 80.5, 79.88999938964844, 78.55999755859375, 78.5999984741211, 79.83000183105469, 79.58999633789062, 78.94999694824219, 78.30000305175781, 79.94000244140625, 80.80000305175781, 80.9800033569336, 81.19999694824219, 81.41999816894531, 81.5999984741211, 82.06999969482422, 82.06999969482422, 82.30000305175781, 81.41999816894531, 80.68000030517578, 80.9000015258789, 80.9000015258789, 81.08000183105469, 80.5999984741211, 79.75, 78.44000244140625, 77.41999816894531, 77.26000213623047, 77.80000305175781, 77.69999694824219, 77.7699966430664, 77.88999938964844, 78.87999725341797, 79.16000366210938, 78.83999633789062, 79.22000122070312, 78.91999816894531, 78.9800033569336, 79.47000122070312, 79.52999877929688, 80.22000122070312, 79.87000274658203, 79.66000366210938, 79.5999984741211, 79.62999725341797, 79.8499984741211, 80.0199966430664, 80.06999969482422, 79.45999908447266, 79.77999877929688, 79.62000274658203, 80.2300033569336]
assets:[0, 99.9971, 199.23766947784424, 295.91979880371093, 396.07325231094364, 502.2744055206299, 600.761210357666, 695.9284330993652, 790.1958007980347, 906.7434596923829, 1016.496358392334, 1118.7630403770447, 1221.8001140808105, 1325.1104701995848, 1428.040773296356, 1536.2683242874145, 1636.2706189155579, 1740.8590445526122, 1822.2446950195313, 1905.6858112083435, 2010.8827979278565, 2110.8832898139954, 2215.575914035034, 2302.45985641098, 2378.1769, 2439.1154079162598, 2507.401480697632, 2602.217309951019, 2720.4015867095945, 2816.904609362793, 2919.439011982727, 3023.9468133041382, 3162.3779698867797, 3273.6065394439697, 3360.373511911011, 3476.5697535705563, 3563.4036493240355, 3666.1095918228148, 3788.8515131988524, 3891.7130072662353, 4025.4797712554932, 4107.91391626358, 4197.110340948487, 4293.950277687835, 4395.567885388947, 4507.708083860779, 4617.305844298554, 4720.190538009643, 4784.230922876739, 4903.49413097229, 4993.663066262055, 5131.920187726593]
shares:[0, 1.2422, 2.4939, 3.7668, 5.0391, 6.2918, 7.5482, 8.8148, 10.0919, 11.3428, 12.5804, 13.8153, 15.0468, 16.275, 17.5005, 18.719, 19.9375, 21.1526, 22.3808, 23.6203, 24.8564, 26.0925, 27.3258, 28.5665, 29.8204, 31.0953, 32.387, 33.6813, 34.9666, 36.2536, 37.5394, 38.8233, 40.091, 41.3543, 42.6227, 43.885, 45.1521, 46.4182, 47.6765, 48.9339, 50.1805, 51.4325, 52.6878, 53.9441, 55.1999, 56.4522, 57.7019, 58.9508, 60.2093, 61.4627, 62.7187, 63.9651]
growth_rate:0.63
