ticker:VWTR
price:[8.670000076293945, 9.800000190734863, 8.949999809265137, 8.989999771118164, 9.1899995803833, 9.079999923706055, 8.930000305175781, 8.270000457763672, 8.289999961853027, 9.069999694824219, 9.020000457763672, 9.029999732971191, 8.970000267028809, 8.930000305175781, 8.6899995803833, 9.010000228881836, 9.350000381469727, 9.520000457763672, 9.420000076293945, 9.5, 8.600000381469727, 9.15999984741211, 10.09000015258789, 9.270000457763672, 9.069999694824219, 9.020000457763672, 9.119999885559082, 9.15999984741211, 8.979999542236328, 9.050000190734863, 9.529999732971191, 9.569999694824219, 10.5, 10.5, 10.819999694824219, 11.489999771118164, 12.119999885559082, 13.399999618530273, 13.260000228881836, 13.470000267028809, 12.329999923706055, 12.819999694824219, 13.470000267028809, 13.1899995803833, 13.670000076293945, 13.970000267028809, 13.850000381469727, 14.890000343322754]
assets:[0, 100.00018194627762, 191.32683092260362, 292.1821845611572, 398.6823997961044, 493.91022784996034, 585.7508680175781, 642.4591205615998, 744.0125745763778, 914.0165212463379, 1008.9781532054901, 1110.0966961730003, 1202.7209578039171, 1297.3575883361816, 1362.4902612090111, 1512.6628094263076, 1669.7445731237412, 1800.1035665569304, 1881.1947392360687, 1997.17075, 1907.9651246315002, 2132.2043084815978, 2448.6836150306704, 2349.682775030136, 2398.9886162818907, 2485.7641981521606, 2613.3222872071265, 2724.783934610367, 2771.24043073349, 2892.842515968609, 3146.2750908419607, 3259.480648059082, 3676.2326999999996, 3776.2326000000003, 3991.317193425751, 4338.468798577309, 4676.348031844425, 5270.219849967957, 5315.158381745338, 5499.335047018623, 5133.9123492330555, 5437.936190551758, 5813.650768249607, 5792.80248171215, 6103.609923064994, 6337.559074138928, 6383.120310809898, 6962.43015053463]
shares:[0, 10.2041, 21.3773, 32.5008, 43.3822, 54.3954, 65.5936, 77.6855, 89.7482, 100.7736, 111.8601, 122.9343, 134.0826, 145.2808, 156.7883, 167.8871, 178.5823, 189.0865, 199.7022, 210.2285, 221.8564, 232.7734, 242.6842, 253.4717, 264.4971, 275.5836, 286.5485, 297.4655, 308.6014, 319.6511, 330.1443, 340.5936, 350.1174, 359.6412, 368.8833, 377.5865, 385.8373, 393.3, 400.8415, 408.2654, 416.3757, 424.176, 431.5999, 439.1814, 446.4967, 453.6549, 460.8751, 467.591]
growth_rate:48.14
