ticker:VXRT
price:[4.929999828338623, 5.300000190734863, 8.220000267028809, 7.400000095367432, 6.900000095367432, 7.289999961853027, 6.079999923706055, 5.639999866485596, 4.920000076293945, 5.119999885559082, 5.070000171661377, 6.400000095367432, 7.03000020980835, 7.800000190734863, 7.440000057220459, 7.369999885559082, 6.78000020980835, 5.710000038146973, 6.550000190734863, 7.179999828338623, 7.139999866485596, 11.979999542236328, 7.699999809265137, 8.479999542236328, 7.460000038146973, 7.150000095367432, 6.019999980926514, 6.739999771118164, 6.880000114440918, 5.989999771118164, 6.099999904632568, 5.53000020980835, 5.349999904632568, 5.559999942779541, 10.779999732971191, 7.199999809265137, 6.610000133514404, 6.699999809265137, 6.619999885559082, 6.869999885559082, 8.739999771118164, 7.800000190734863, 8.539999961853027, 7.480000019073486, 7.360000133514404, 7.159999847412109, 8.140000343322754, 7.190000057220459, 8.75, 8.649999618530273, 8.34000015258789, 9.050000190734863]
assets:[0, 99.99987359876631, 255.09373428678512, 329.6463242483139, 407.373245630455, 530.3985272245408, 542.3627451942444, 603.1128217226506, 626.119701709175, 751.5719512010575, 844.2325995842457, 1165.6979373702525, 1380.4466941990377, 1631.6477198989867, 1656.3411727387904, 1740.7571229696273, 1701.4024066502095, 1532.8917642408371, 1858.396184116173, 2137.1427449046137, 2225.2366503891944, 3833.659753513336, 2564.0383364868167, 2923.772402170181, 2672.0921916638376, 2661.0534304934026, 2340.495324584484, 2720.421623617935, 2876.9291518544196, 2604.768172470093, 2752.6017769658088, 2595.391680469227, 2610.9123034586905, 2813.39666704607, 5554.750602404594, 3810.03757906847, 3597.8263776719573, 3746.8134233361247, 3802.0751262729646, 4045.657744607163, 5246.87707059555, 4782.567776949025, 5336.298398163509, 4773.947696173239, 4797.360695026731, 4766.99758640976, 5519.463984795761, 4975.300289595128, 6154.7815, 6184.440922262764, 6062.802308924484, 6678.9399607631685]
shares:[0, 18.8679, 31.0333, 44.5468, 59.0396, 72.757, 89.2044, 106.9349, 127.2601, 146.7914, 166.5153, 182.1403, 196.3651, 209.1856, 222.6265, 236.195, 250.9443, 268.4574, 283.7246, 297.6522, 311.6578, 320.005, 332.992, 344.7845, 358.1893, 372.1753, 388.7866, 403.6234, 418.1583, 434.8528, 451.2462, 469.3294, 488.021, 506.0066, 515.283, 529.1719, 544.3005, 559.2259, 574.3316, 588.8876, 600.3292, 613.1497, 624.8593, 638.2283, 651.8153, 665.7818, 678.0668, 691.975, 703.4036, 714.9643, 726.9547, 738.0044]
growth_rate:30.96
