ticker:VXUS
price:[53.18000030517578, 53.13999938964844, 53.470001220703125, 51.4900016784668, 52.36000061035156, 54.02000045776367, 53.349998474121094, 53.66999816894531, 50.970001220703125, 54.83000183105469, 56.56999969482422, 57.52000045776367, 58.68000030517578, 59.54999923706055, 59.29999923706055, 60.279998779296875, 59.36000061035156, 60.15999984741211, 62.779998779296875, 61.849998474121094, 62.79999923706055, 60.310001373291016, 62.86000061035156, 64.38999938964844, 64.22000122070312, 61.70000076293945, 62.15999984741211, 63.310001373291016, 63.41999816894531, 63.04999923706055, 63.54999923706055, 64.12000274658203, 65.1500015258789, 65.12000274658203, 64.44000244140625, 66.08000183105469, 64.97000122070312, 65.31999969482422, 66.41999816894531, 67.33000183105469, 67.41999816894531, 65.48999786376953, 66.41000366210938, 65.83000183105469, 65.61000061035156, 64.83000183105469, 65.06999969482422, 64.94000244140625, 65.45999908447266, 65.98999786376953, 64.02999877929688, 65.63999938964844]
assets:[0, 99.99885085144042, 200.61944458007812, 293.1892185573578, 398.1454446411133, 510.769908328247, 604.4341427124023, 708.0575518432618, 772.4350774993896, 930.9311860885621, 1060.472528279114, 1178.2799533771515, 1302.0446587715148, 1421.3512917900086, 1515.3818305034638, 1640.4237187805177, 1715.3852976379394, 1838.5016273368835, 2018.5715787506106, 2088.668263471222, 2220.752413020706, 2232.700374839783, 2427.100055566406, 2586.172813485718, 2679.341936929321, 2674.201433067322, 2794.141721141052, 2945.8333568996427, 3050.952193913269, 3133.1499170871734, 3257.998745886612, 3387.2225010917664, 3541.632262948608, 3639.9997695251463, 3701.987924255371, 3896.2024599624633, 3930.7565408538817, 4051.930221069336, 4220.16727565918, 4377.985243060303, 4483.834398223877, 4455.481024665833, 4618.071962658691, 4677.741687110901, 4762.111625300598, 4805.497953726196, 4923.287274909973, 5013.452610479737, 5153.600267921448, 5295.327784579467, 5238.050886138916, 5469.761457139588]
shares:[0, 1.8818, 3.752, 5.6941, 7.604, 9.4552, 11.3296, 13.1928, 15.1547, 16.9785, 18.7462, 20.4847, 22.1889, 23.8682, 25.5545, 27.2134, 28.898, 30.5602, 32.1531, 33.7699, 35.3623, 37.0204, 38.6112, 40.1642, 41.7213, 43.342, 44.9508, 46.5303, 48.1071, 49.6931, 51.2667, 52.8263, 54.3612, 55.8968, 57.4486, 58.9619, 60.5011, 62.032, 63.5376, 65.0228, 66.506, 68.033, 69.5388, 71.0579, 72.5821, 74.1246, 75.6614, 77.2013, 78.729, 80.2444, 81.8062, 83.3297]
growth_rate:7.25
