ticker:VYGR
price:[10.770000457763672, 10.010000228881836, 11.609999656677246, 11.520000457763672, 10.510000228881836, 11.579999923706055, 12.279999732971191, 11.029999732971191, 10.630000114440918, 10.979999542236328, 8.550000190734863, 8.329999923706055, 8.460000038146973, 8.09000015258789, 7.989999771118164, 8.779999732971191, 7.980000019073486, 7.150000095367432, 8.329999923706055, 8.5, 9.039999961853027, 7.550000190734863, 7.449999809265137, 7.210000038146973, 6.739999771118164, 5.670000076293945, 5.53000020980835, 5.730000019073486, 5.539999961853027, 4.820000171661377, 4.849999904632568, 4.760000228881836, 4.559999942779541, 4.670000076293945, 4.820000171661377, 4.309999942779541, 4.559999942779541, 4.260000228881836, 4.260000228881836, 4.210000038146973, 4.730000019073486, 4.489999771118164, 4.349999904632568, 4.119999885559082, 3.9100000858306885, 3.4100000858306885, 3.119999885559082, 3.1500000953674316, 3.309999942779541, 2.9600000381469727, 2.880000114440918, 3.0799999237060547]
assets:[0, 99.99990228652955, 215.9843066130638, 314.3105404895782, 386.75329442253116, 526.1280325336456, 657.9316856932641, 690.9599942723274, 765.9021382455826, 891.120292848587, 793.9051377105712, 873.4771279998779, 987.1085744509697, 1043.9368556900024, 1131.0324076004028, 1342.8614491591454, 1320.5048671562195, 1283.1590371149061, 1594.9250933921815, 1727.4745500000001, 1937.219559825325, 1717.921003399658, 1795.1668540401458, 1837.335845721054, 1817.5649542778017, 1629.0199389196396, 1688.7973630730153, 1849.87492515769, 1888.535018996048, 1743.0937760792256, 1853.9430185451986, 1919.540064299965, 1938.8868956701756, 2085.658460073471, 2252.649734226751, 2114.298917930126, 2336.937954675293, 2283.192278671646, 2383.1923760444643, 2455.220660246849, 2858.4780735266686, 2813.4387955823895, 2825.7146980503085, 2776.3088908826826, 2734.797948033142, 2485.07950555017, 2373.738344931793, 2496.5628155843738, 2723.37229392066, 2535.402536674976, 2566.8781499985694, 2845.13329752388]
shares:[0, 9.99, 18.6033, 27.2839, 36.7986, 45.4342, 53.5775, 62.6437, 72.051, 81.1585, 92.8544, 104.8592, 116.6795, 129.0404, 141.556, 152.9455, 165.4768, 179.4628, 191.4676, 203.2323, 214.2942, 227.5392, 240.962, 254.8316, 269.6684, 287.3051, 305.3883, 322.8403, 340.8908, 361.6377, 382.2563, 403.2647, 425.1945, 446.6078, 467.3547, 490.5566, 512.4864, 535.9606, 559.4348, 583.1878, 604.3294, 626.6011, 649.5896, 673.8614, 699.4368, 728.7623, 760.8136, 792.5596, 822.7711, 856.5549, 891.2771, 923.7446]
growth_rate:-44.21
