ticker:VYMI
price:[54.08000183105469, 54.02000045776367, 54.20000076293945, 51.47999954223633, 52.130001068115234, 53.689998626708984, 52.970001220703125, 53.63999938964844, 50.65999984741211, 53.95000076293945, 57.040000915527344, 58.209999084472656, 59.65999984741211, 60.75, 60.61000061035156, 61.29999923706055, 60.40999984741211, 60.779998779296875, 63.9900016784668, 63.52000045776367, 63.70000076293945, 61.08000183105469, 63.11000061035156, 64.3499984741211, 64.69000244140625, 63.34000015258789, 64.98999786376953, 66.33000183105469, 66.22000122070312, 65.87999725341797, 65.88999938964844, 66.44000244140625, 67.55999755859375, 67.30999755859375, 66.94000244140625, 69.41999816894531, 69.11000061035156, 69.06999969482422, 69.86000061035156, 71.02999877929688, 70.97000122070312, 68.44000244140625, 68.98999786376953, 68.37999725341797, 68.0999984741211, 67.11000061035156, 67.25, 67.54000091552734, 68.08999633789062, 69.08999633789062, 67.16999816894531, 68.4800033569336]
assets:[0, 100.00182484741211, 200.33404281997682, 290.280273418808, 393.94641807174685, 505.7329420642852, 598.9529918029784, 706.5299799606323, 767.2760936889648, 917.1068529693603, 1069.636913168335, 1191.5761442588807, 1321.2601866207121, 1445.40045, 1542.0699405288697, 1659.6239193443298, 1735.530967616272, 1846.162072921753, 2043.6614816055298, 2128.6504953403473, 2234.6852067649843, 2242.772155233765, 2417.3086643783568, 2564.804324182892, 2678.353702081299, 2722.4608845584867, 2893.3807008941653, 3053.037324279785, 3147.973040029907, 3231.809145263672, 3332.3010621322633, 3460.115599145508, 3618.4459092407224, 3705.058622613525, 3784.6940220336915, 4024.9090158370973, 4106.937807270813, 4204.5602544227595, 4352.648296028137, 4525.548518225098, 4621.722613494873, 4556.961214556884, 4693.582726666259, 4752.081585125732, 4832.62105171814, 4862.367851222229, 4972.512075000001, 5093.954671050263, 5235.433009420776, 5412.323770120239, 5361.918990834045, 5566.492944873047]
shares:[0, 1.8512, 3.6962, 5.6387, 7.557, 9.4195, 11.3074, 13.1717, 15.1456, 16.9992, 18.7524, 20.4703, 22.1465, 23.7926, 25.4425, 27.0738, 28.7292, 30.3745, 31.9372, 33.5115, 35.0814, 36.7186, 38.3031, 39.8571, 41.4029, 42.9817, 44.5204, 46.028, 47.5381, 49.056, 50.5737, 52.0788, 53.559, 55.0447, 56.5386, 57.9791, 59.4261, 60.8739, 62.3053, 63.7132, 65.1222, 66.5833, 68.0328, 69.4952, 70.9636, 72.4537, 73.9407, 75.4213, 76.8899, 78.3373, 79.8261, 81.2864]
growth_rate:9.15
