ticker:VYNE
price:[5.400000095367432, 6.039999961853027, 7.320000171661377, 6.079999923706055, 6.440000057220459, 7.480000019073486, 7.880000114440918, 7.519999980926514, 6.400000095367432, 6.699999809265137, 6.760000228881836, 6.679999828338623, 6.880000114440918, 6.800000190734863, 6.800000190734863, 7.159999847412109, 7.079999923706055, 6.320000171661377, 6.559999942779541, 6.679999828338623, 7.519999980926514, 7.920000076293945, 11.0, 10.600000381469727, 8.600000381469727, 7.460000038146973, 6.679999828338623, 7.389999866485596, 7.820000171661377, 6.849999904632568, 6.920000076293945, 6.005000114440918, 5.34499979019165, 5.179999828338623, 4.940000057220459, 3.630000114440918, 3.5299999713897705, 3.6600000858306885, 3.950000047683716, 3.8299999237060547, 3.990000009536743, 3.640000104904175, 3.740000009536743, 3.2699999809265137, 3.0999999046325684, 2.690000057220459, 2.700000047683716, 2.700000047683716, 2.609999895095825, 1.7799999713897705, 1.4299999475479126, 1.649999976158142]
assets:[0, 100.00005136842728, 221.19210518717767, 283.72258843975067, 400.5222795587063, 565.2030134412288, 695.4281340996743, 763.6575020630837, 749.9212911746979, 885.07399480381, 993.0000936212539, 1081.2488202142715, 1213.6217001872064, 1299.5099564502716, 1399.5100792551996, 1573.6018544647218, 1656.0197701547625, 1578.2550908679484, 1738.188752838421, 1869.9851239454747, 2205.1332104069706, 2422.427855335426, 3464.4829999999997, 3438.5023237438204, 2889.7282681795123, 2606.6709753293035, 2434.123801448345, 2792.840573542023, 3055.346793069696, 2776.358391346836, 2904.7302360250474, 2620.6511074433324, 2432.619511511898, 2457.524526559448, 2443.6624183051586, 1895.6466807629583, 1943.4248932487726, 2114.9958315987824, 2382.577618762064, 2410.195588988686, 2610.8828402404306, 2481.857995526719, 2650.0409607574225, 2417.014272901869, 2391.359146432972, 2175.08266726737, 2283.1683703222034, 2383.1682720882654, 2403.7292543864965, 1739.3250140435457, 1497.3229150785207, 1827.680388590729]
shares:[0, 16.5563, 30.2175, 46.6649, 62.1929, 75.5619, 88.2523, 101.5502, 117.1752, 132.1006, 146.8935, 161.8636, 176.3985, 191.1044, 205.8103, 219.7768, 233.9011, 249.7239, 264.9678, 279.9379, 293.2358, 305.8621, 314.953, 324.387, 336.0149, 349.4197, 364.3898, 377.9216, 390.7093, 405.3078, 419.7587, 436.4115, 455.1206, 474.4256, 494.6685, 522.2167, 550.5453, 577.8677, 603.1842, 629.2939, 654.3566, 681.8291, 708.5671, 739.1481, 771.4062, 808.5809, 845.6179, 882.6549, 920.9691, 977.1489, 1047.079, 1107.6851]
growth_rate:-64.16
