ticker:VYNT
price:[3.9700000286102295, 4.260000228881836, 4.329999923706055, 3.809999942779541, 2.25, 2.2200000286102295, 2.2699999809265137, 2.240000009536743, 2.440000057220459, 2.559999942779541, 2.640000104904175, 2.700000047683716, 2.5799999237060547, 2.7699999809265137, 3.25, 3.180000066757202, 4.210000038146973, 4.0, 4.079999923706055, 4.809999942779541, 4.019999980926514, 3.6500000953674316, 3.5999999046325684, 3.5799999237060547, 3.25, 3.3299999237060547, 3.240000009536743, 3.690000057220459, 4.039999961853027, 3.759999990463257, 3.809999942779541, 3.930000066757202, 3.7100000381469727, 3.440000057220459, 3.0799999237060547, 3.0799999237060547, 2.950000047683716, 2.7200000286102295, 2.5799999237060547, 2.3399999141693115, 2.700000047683716, 2.630000114440918]
assets:[0, 100.00009737281799, 201.6433334470749, 277.42743183345794, 263.83500000000004, 360.3171046435833, 468.43242906403543, 562.2417943937302, 712.4419527074814, 847.4800450573445, 973.9638867018461, 1096.09930935781, 1147.3837580703735, 1331.8810858290196, 1662.676275, 1726.8646922517778, 2386.1951836214066, 2367.1688, 2514.512112979889, 3064.412483545303, 2661.1097393739697, 2516.18195074296, 2581.7136516079427, 2667.3709491552354, 2521.495925, 2683.5633555166246, 2711.0346919797657, 3187.567435429287, 3589.911242102909, 3441.105367272091, 3586.8646291306973, 3799.836892546177, 3687.1234359117507, 3518.7884425310135, 3250.542907481575, 3350.5428050045016, 3309.1239084885838, 3151.1243851449967, 3088.9340626562116, 2901.591235570264, 3447.989970893693, 3458.5976934962273]
shares:[0, 23.4742, 46.5689, 72.8156, 117.26, 162.305, 206.3579, 251.0008, 291.9844, 331.0469, 368.9257, 405.9627, 444.7224, 480.8235, 511.5927, 543.0392, 566.7922, 591.7922, 616.302, 637.092, 661.9676, 689.3649, 717.1427, 745.0757, 775.8449, 805.8749, 836.7391, 863.8394, 888.5919, 915.1876, 941.4343, 966.8796, 993.8338, 1022.9036, 1055.3711, 1087.8386, 1121.7369, 1158.5016, 1197.2613, 1239.9963, 1277.0333, 1315.0561]
growth_rate:-15.64
