ticker:WABC
price:[60.900001525878906, 56.689998626708984, 56.439998626708984, 52.84000015258789, 54.41999816894531, 56.779998779296875, 55.619998931884766, 54.459999084472656, 52.369998931884766, 52.54999923706055, 57.40999984741211, 57.88999938964844, 56.83000183105469, 54.25, 53.83000183105469, 53.54999923706055, 54.209999084472656, 55.290000915527344, 60.709999084472656, 59.43000030517578, 61.52000045776367, 55.81999969482422, 57.83000183105469, 59.2400016784668, 59.970001220703125, 60.11000061035156, 63.25, 66.43000030517578, 64.05000305175781, 63.88999938964844, 63.310001373291016, 64.01000213623047, 64.7699966430664, 64.80000305175781, 63.400001525878906, 64.33999633789062, 64.18000030517578, 63.65999984741211, 62.72999954223633, 62.939998626708984, 61.040000915527344, 57.66999816894531, 59.20000076293945, 57.65999984741211, 56.810001373291016, 56.79999923706055, 55.7400016784668, 55.54999923706055, 57.54999923706055, 58.52000045776367, 56.88999938964844, 57.310001373291016]
assets:[0, 100.00115757751465, 199.56054714431764, 286.83137282829284, 395.4102646957398, 512.5587269805909, 602.0864884376525, 689.5289404083252, 763.0675434368134, 865.6876674316406, 1045.7518522205353, 1154.49446882782, 1233.3531147384645, 1277.35965, 1367.4704515151977, 1460.3566741939546, 1578.356649343872, 1709.7990463119506, 1977.4096641799924, 2035.7211734535217, 2207.3130084243776, 2102.800790503693, 2278.519421144104, 2434.0709609653472, 2564.0653781921387, 2670.0501611114505, 2909.5253, 3155.803665497589, 3142.7414997406004, 3234.8912270965575, 3305.5227987018584, 3442.073854873657, 3582.9401973014833, 3684.599453526306, 3704.994649169922, 3859.9236643005374, 3950.3239447837827, 4018.3146803684235, 4059.609558375549, 4173.198844944764, 4147.2224702034, 4018.2551614181516, 4224.861334447861, 4214.9575208457945, 4252.825107805253, 4352.07842154274, 4370.857805617142, 4455.959853800583, 4716.3893324749, 4895.882722297287, 4859.515302864074, 4995.391883702087]
shares:[0, 1.764, 3.5358, 5.4283, 7.2659, 9.0271, 10.825, 12.6612, 14.5707, 16.4736, 18.2155, 19.9429, 21.7025, 23.5458, 25.4035, 27.2709, 29.1156, 30.9242, 32.5714, 34.2541, 35.8796, 37.6711, 39.4003, 41.0883, 42.7558, 44.4194, 46.0004, 47.5057, 49.067, 50.6322, 52.2117, 53.774, 55.3179, 56.8611, 58.4384, 59.9926, 61.5507, 63.1215, 64.7156, 66.3044, 67.9427, 69.6767, 71.3659, 73.1002, 74.8605, 76.6211, 78.4151, 80.2153, 81.9529, 83.6617, 85.4195, 87.1644]
growth_rate:-2.05
