ticker:WAFDP
price:[25.399999618530273, 25.3799991607666, 25.200000762939453, 24.639999389648438, 24.84000015258789, 24.850000381469727, 24.850000381469727, 25.6299991607666, 25.5, 25.600000381469727, 25.799999237060547, 25.889999389648438, 25.739999771118164, 26.15999984741211, 25.850000381469727, 26.200000762939453, 26.100000381469727, 26.170000076293945, 26.280000686645508, 26.5, 26.790000915527344, 26.719999313354492, 26.510000228881836, 26.09000015258789, 26.170000076293945, 26.579999923706055, 26.149999618530273]
assets:[0, 99.99973469333649, 199.29168603363038, 294.86194469604493, 397.2561864402771, 497.41500263576506, 597.4138891708375, 716.1662515497208, 812.53455, 915.7196936452865, 1022.8745097522735, 1126.442805444336, 1219.9164011524201, 1339.8210161849975, 1423.9446860132216, 1543.2245849384308, 1637.3339339307786, 1741.72603607769, 1849.0477083120345, 1964.52715, 2086.024853288269, 2180.5737199640275, 2263.4370745420456, 2327.5776196128845, 2434.715489097977, 2572.8589366149904, 2631.236496616173]
shares:[0, 3.9401, 7.9084, 11.9668, 15.9926, 20.0167, 24.0408, 27.9425, 31.8641, 35.7703, 39.6463, 43.5088, 47.3938, 51.2164, 55.0849, 58.9017, 62.7331, 66.5543, 70.3595, 74.1331, 77.8658, 81.6083, 85.3805, 89.2134, 93.0346, 96.7968, 100.6209]
growth_rate:1.2
