ticker:WAFD
price:[23.790000915527344, 22.530000686645508, 22.200000762939453, 20.540000915527344, 21.489999771118164, 23.209999084472656, 22.489999771118164, 23.229999542236328, 21.290000915527344, 20.93000030517578, 24.25, 24.299999237060547, 24.6200008392334, 24.860000610351562, 25.43000030517578, 25.719999313354492, 25.559999465942383, 25.739999771118164, 28.510000228881836, 28.309999465942383, 28.56999969482422, 26.18000030517578, 27.899999618530273, 29.829999923706055, 30.139999389648438, 30.219999313354492, 31.229999542236328, 33.86000061035156, 32.90999984741211, 32.04999923706055, 30.8799991607666, 31.09000015258789, 33.060001373291016, 32.970001220703125, 32.54999923706055, 33.04999923706055, 33.52000045776367, 33.79999923706055, 33.34000015258789, 33.59000015258789, 33.04999923706055, 30.780000686645508, 32.65999984741211, 31.739999771118164, 31.190000534057617, 31.850000381469727, 31.770000457763672, 32.27000045776367, 32.900001525878906, 33.45000076293945, 33.459999084472656, 33.66999816894531]
assets:[0, 99.9994080476761, 198.53460682296753, 283.68822264480593, 396.8085477737427, 528.5682721504211, 612.171046769905, 732.3141205692291, 771.1557681617736, 858.1153615119933, 1094.23275, 1196.4882224342346, 1312.2435827310562, 1425.0348989868164, 1557.7095826934815, 1675.472771269989, 1765.0508751205443, 1877.4807313053132, 2179.52394449749, 2264.233757286072, 2385.0292885238646, 2285.5114086418153, 2535.6663553304675, 2811.0718048103336, 2940.2865424575807, 3048.0918787425994, 3249.96239436264, 3623.6532473190305, 3621.985726206589, 3627.3355836524966, 3594.9167183000563, 3719.365116254425, 4055.040588443756, 4144.002750430298, 4191.212766762162, 4355.593299453736, 4517.5340376934055, 4655.270514920425, 4691.914883473587, 4827.097997927856, 4849.495793052292, 4616.415282983779, 4998.377824647522, 4957.578480250168, 4971.67360912857, 5176.876767003822, 5263.872888845444, 5446.717843264008, 5653.052632184601, 5847.555193373108, 5949.301601216126, 6086.640046994019]
shares:[0, 4.4385, 8.943, 13.8115, 18.4648, 22.7733, 27.2197, 31.5245, 36.2215, 40.9993, 45.123, 49.2382, 53.2999, 57.3224, 61.2548, 65.1428, 69.0552, 72.9402, 76.4477, 79.98, 83.4802, 87.2999, 90.8841, 94.2364, 97.5543, 100.8634, 104.0654, 107.0187, 110.0573, 113.1774, 116.4157, 119.6322, 122.657, 125.6901, 128.7623, 131.788, 134.7713, 137.7299, 140.7293, 143.7064, 146.7321, 149.981, 153.0428, 156.1934, 159.3996, 162.5393, 165.6869, 168.7858, 171.8253, 174.8148, 177.8034, 180.7734]
growth_rate:19.35
