ticker:WAFU
price:[3.8499999046325684, 3.25, 3.299999952316284, 2.890000104904175, 3.390000104904175, 3.200000047683716, 4.840000152587891, 4.53000020980835, 3.799999952316284, 4.179999828338623, 4.369999885559082, 4.329999923706055, 4.364999771118164, 4.179999828338623, 4.099999904632568, 4.070000171661377, 3.7769999504089355, 3.930000066757202, 4.289999961853027, 4.449999809265137, 4.639999866485596, 6.139999866485596, 7.550000190734863, 7.53000020980835, 6.360000133514404, 5.289999961853027, 4.150000095367432, 5.119999885559082, 5.940000057220459, 12.65999984741211, 10.319999694824219, 9.300000190734863, 7.710000038146973, 7.5, 8.170000076293945, 6.880000114440918, 6.389999866485596, 7.704999923706055, 7.070000171661377, 7.010000228881836, 7.440000057220459, 8.130000114440918, 8.460000038146973, 8.100000381469727, 8.529999732971191, 7.610000133514404, 5.849999904632568, 6.099999904632568, 6.46999979019165, 6.889999866485596, 5.75, 7.03000020980835]
assets:[0, 99.99990000000001, 201.53825708785058, 276.4987370366335, 424.3358051311493, 500.5529674588203, 857.086587020874, 902.1907647852421, 856.8046092485189, 1042.4848511879445, 1189.8705608398438, 1278.9793564645768, 1389.3174441501617, 1430.4343972558975, 1503.0575050383568, 1592.0595251486777, 1577.44665508852, 1741.3464805794956, 2000.858985208225, 2175.4829767549513, 2368.368683851004, 3234.004855676508, 4076.6671479884153, 4165.867949073553, 3618.5818599642753, 3109.7952475748066, 2539.631568360996, 3233.232311731624, 3851.054695097494, 8307.803335868073, 6872.237436779022, 6293.005089064026, 5317.104380307579, 5272.28025, 5843.270656566238, 5020.649123512745, 4763.073950479031, 5843.268530140686, 5461.701685611487, 5515.350412080383, 5953.667349789191, 6605.821838986015, 6973.954501446247, 6777.190939171982, 7236.966928449154, 6556.426816029882, 5140.091301205587, 5459.753064642191, 5890.918633970022, 6373.327733497667, 5418.81495, 6725.0908227084155]
shares:[0, 30.7692, 61.0722, 95.6743, 125.1728, 156.4228, 177.084, 199.1591, 225.4749, 249.3983, 272.2816, 295.3763, 318.2858, 342.2092, 366.5994, 391.1694, 417.6454, 443.0907, 466.4007, 488.8726, 510.4243, 526.7109, 539.9559, 553.2361, 568.9594, 587.863, 611.9594, 631.4907, 648.3257, 656.2246, 665.9145, 676.6672, 689.6374, 702.9707, 715.2106, 729.7455, 745.395, 758.3736, 772.5179, 786.7832, 800.2241, 812.5242, 824.3445, 836.6902, 848.4135, 861.5541, 878.6481, 895.0415, 910.4975, 925.0113, 942.4026, 956.6274]
growth_rate:31.86
