ticker:WALDU
price:[10.15999984741211, 10.050000190734863, 10.050000190734863, 10.100000381469727, 10.25, 10.199999809265137, 10.380000114440918, 10.1899995803833, 10.380000114440918, 10.15999984741211, 10.149999618530273, 10.15999984741211, 10.149999618530273, 10.1899995803833, 10.170000076293945, 10.229999542236328, 10.020000457763672, 10.399999618530273, 10.3100004196167, 10.239999771118164, 10.09000015258789, 10.100000381469727, 10.100000381469727, 10.199999809265137, 10.229999542236328]
assets:[0, 99.99951189785004, 199.99902379570008, 300.9941513683319, 405.46437499999996, 503.48627058506014, 612.3712207514762, 701.1616431266785, 814.2352349770546, 896.9776185287476, 996.0945725635529, 1097.0757675235748, 1195.995770050621, 1300.7086104377747, 1398.1553384887695, 1506.4042605926513, 1575.4807439758301, 1735.2295363521575, 1820.213047082615, 1907.8542933561323, 1979.9072529415132, 2081.8696486307144, 2181.869752407646, 2303.4720769262312, 2410.247226148224]
shares:[0, 9.9502, 19.9004, 29.8014, 39.5575, 49.3614, 58.9953, 68.8088, 78.4427, 88.2852, 98.1374, 107.9799, 117.8321, 127.6456, 137.4784, 147.2536, 157.2336, 166.849, 176.5483, 186.3139, 196.2247, 206.1257, 216.0267, 225.8306, 235.6058]
growth_rate:0.43
