ticker:WASH
price:[33.970001220703125, 33.150001525878906, 33.38999938964844, 31.059999465942383, 31.479999542236328, 33.97999954223633, 33.2400016784668, 35.90999984741211, 33.77000045776367, 33.40999984741211, 37.560001373291016, 39.13999938964844, 40.869998931884766, 42.84000015258789, 44.70000076293945, 45.02000045776367, 44.29999923706055, 44.79999923706055, 47.15999984741211, 47.15999984741211, 46.650001525878906, 43.58000183105469, 45.7400016784668, 45.90999984741211, 46.52000045776367, 47.54999923706055, 51.560001373291016, 54.5, 53.790000915527344, 52.970001220703125, 51.9900016784668, 52.189998626708984, 51.63999938964844, 52.91999816894531, 51.04999923706055, 52.43000030517578, 53.38999938964844, 53.630001068115234, 54.9900016784668, 55.310001373291016, 54.20000076293945, 50.630001068115234, 51.970001220703125, 51.18000030517578, 51.650001525878906, 50.86000061035156, 47.900001525878906, 48.75, 51.31999969482422, 52.06999969482422, 52.310001373291016, 53.86000061035156]
assets:[0, 100.0002946029663, 200.72398133087157, 286.7179610700607, 390.5943903202057, 521.6133809730529, 610.253190814972, 759.2702637737274, 814.0224840343476, 905.3441758651733, 1117.8006648696899, 1264.8208222763062, 1420.7269898700713, 1589.2097816604614, 1758.207480009079, 1870.792613022232, 1940.8715665740965, 2062.7756448711393, 2271.4378126506804, 2371.435876327133, 2445.789604999542, 2384.8327982009887, 2603.0360515205384, 2712.711706983948, 2848.7545720321655, 3011.8264616752626, 3365.821421648026, 3657.7457, 3710.095386147308, 3753.5390385009764, 3784.0922721672055, 3898.6503064136505, 3957.5656172241215, 4155.659280212402, 4108.8153435939785, 4319.88598714447, 4498.983044567872, 4619.205621997833, 4836.343152620316, 4964.487448263168, 4964.855569887161, 4737.833987951661, 4963.228662579346, 4987.782755741119, 5133.5866216598515, 5155.067941864014, 4955.049187845611, 5142.97875, 5514.108159210205, 5694.692793624115, 5820.941870816803, 6093.424239051819]
shares:[0, 3.0166, 6.0115, 9.2311, 12.4077, 15.3506, 18.359, 21.1437, 24.1049, 27.098, 29.7604, 32.3153, 34.7621, 37.0964, 39.3335, 41.5547, 43.812, 46.0441, 48.1645, 50.2849, 52.4285, 54.7231, 56.9094, 59.0876, 61.2372, 63.3402, 65.2797, 67.1146, 68.9737, 70.8616, 72.785, 74.7011, 76.6376, 78.5272, 80.4861, 82.3934, 84.2664, 86.131, 87.9495, 89.7575, 91.6025, 93.5776, 95.5018, 97.4557, 99.3918, 101.358, 103.4457, 105.497, 107.4456, 109.3661, 111.2778, 113.1345]
growth_rate:19.48
