ticker:WATT
price:[3.119999885559082, 3.0199999809265137, 3.180000066757202, 2.880000114440918, 2.7699999809265137, 2.869999885559082, 2.559999942779541, 2.549999952316284, 2.309999942779541, 2.1500000953674316, 2.0399999618530273, 1.9500000476837158, 2.0299999713897705, 1.840000033378601, 1.7400000095367432, 1.7899999618530273, 2.059999942779541, 1.7999999523162842, 2.4200000762939453, 2.880000114440918, 3.390000104904175, 3.3399999141693115, 3.7899999618530273, 4.349999904632568, 7.230000019073486, 4.360000133514404, 3.7100000381469727, 4.400000095367432, 4.099999904632568, 3.930000066757202, 4.150000095367432, 3.940000057220459, 3.2799999713897705, 3.319999933242798, 3.119999885559082, 2.700000047683716, 2.5, 2.690000057220459, 2.7300000190734863, 2.799999952316284, 3.0, 2.7200000286102295, 2.8299999237060547, 2.7100000381469727, 2.619999885559082, 2.380000114440918, 2.3499999046325684, 2.5199999809265137, 2.490000009536743, 2.390000104904175, 2.2300000190734863, 2.390000104904175]
assets:[0, 100.00005136842728, 205.2979423097849, 285.9301553618431, 375.0092454177856, 488.54745251922606, 535.7775240244388, 633.6846781504155, 674.0436613034248, 727.3566422633171, 790.1429852247238, 855.2838659144163, 990.3724320419789, 997.6774580984115, 1043.4559077190638, 1173.44020299263, 1450.4395737112523, 1367.3744637769462, 1938.3590771095276, 2406.807455637932, 2933.01283576262, 2989.752827169895, 3492.5637968467713, 4108.615364924574, 6928.802556278896, 4278.365235014534, 3740.535564460945, 4536.214858319808, 4326.927109354162, 4247.518134150743, 4585.292775370503, 4453.2658346745975, 3807.2871907904387, 3953.717536500263, 3815.5417720467567, 3401.9112300799134, 3249.91775, 3596.9115185118676, 3750.3970402026175, 3946.5610127904656, 4328.4582, 4024.4687943312406, 4287.222918420792, 4205.432801197243, 4165.768640040303, 3884.1718487681387, 3935.2113753016947, 4319.886279303456, 4368.459004731274, 4293.019046433305, 4105.620031115914, 4500.19381552682]
shares:[0, 33.1126, 64.5591, 99.2813, 135.3824, 170.2256, 209.2881, 248.5038, 291.7938, 338.3054, 387.325, 438.6071, 487.8682, 542.216, 599.6873, 655.5532, 704.0969, 759.6525, 800.9748, 835.697, 865.1955, 895.1356, 921.5208, 944.5093, 958.3406, 981.2764, 1008.2306, 1030.9579, 1055.3481, 1080.7934, 1104.8898, 1130.2705, 1160.7583, 1190.8788, 1222.9301, 1259.9671, 1299.9671, 1337.1418, 1373.7718, 1409.4861, 1442.8194, 1479.5841, 1514.9198, 1551.8202, 1589.9881, 1632.0049, 1674.5581, 1714.2406, 1754.4012, 1796.2422, 1841.0852, 1882.9262]
growth_rate:-11.76
