ticker:WB
price:[36.08000183105469, 33.25, 36.779998779296875, 32.540000915527344, 38.54999923706055, 41.22999954223633, 38.349998474121094, 40.0, 41.54999923706055, 44.16999816894531, 46.380001068115234, 45.04999923706055, 43.11000061035156, 41.90999984741211, 39.650001525878906, 46.22999954223633, 44.310001373291016, 40.9900016784668, 43.380001068115234, 41.099998474121094, 42.959999084472656, 45.58000183105469, 51.06999969482422, 61.81999969482422, 59.70000076293945, 55.16999816894531, 53.97999954223633, 52.11000061035156, 52.279998779296875, 49.209999084472656, 50.0099983215332, 49.380001068115234, 49.47999954223633, 51.66999816894531, 50.400001525878906, 47.90999984741211, 48.90999984741211, 48.060001373291016, 50.84000015258789, 47.72999954223633, 48.689998626708984, 47.54999923706055, 52.38999938964844, 54.310001373291016, 60.029998779296875, 60.290000915527344, 59.20000076293945, 56.400001525878906, 55.66999816894531, 52.650001525878906, 49.88999938964844, 48.68000030517578]
assets:[0, 99.999375, 210.6169850097656, 286.3357380561829, 439.2194163074493, 569.7532406742096, 629.9562499351501, 757.0600000000001, 886.3944437240601, 1042.2882807922363, 1194.4380815074921, 1260.1881336582182, 1305.9183154891969, 1369.568503013611, 1395.7157387123107, 1727.3377028961181, 1755.5977024108888, 1724.055866596985, 1924.5797753875734, 1923.4264985908508, 2110.4700990234373, 2339.179367970276, 2720.9278717407224, 3393.6707032470704, 3377.2887431602476, 3221.0231050964358, 3251.5446504261017, 3238.902298936462, 3349.469733792114, 3252.780939483642, 3405.6608816970825, 3462.7577609012606, 3569.76920297432, 3827.770301353455, 3833.6861960662845, 3744.28147207489, 3922.4352577629093, 3954.266374991226, 4283.000560854721, 4120.998614476776, 4303.884262609864, 4303.113260956574, 4841.11884960022, 5118.538406428147, 5757.627257919311, 5882.56170832901, 5876.209835729599, 5698.2782741645815, 5724.523643713379, 5513.976744803619, 5324.924271855163, 5295.77553319931]
shares:[0, 3.0075, 5.7264, 8.7995, 11.3935, 13.8189, 16.4265, 18.9265, 21.3332, 23.5972, 25.7533, 27.9731, 30.2927, 32.6788, 35.2009, 37.364, 39.6208, 42.0604, 44.3656, 46.7987, 49.1264, 51.3203, 53.2784, 54.896, 56.571, 58.3836, 60.2361, 62.1551, 64.0679, 66.1, 68.0996, 70.1247, 72.1457, 74.0811, 76.0652, 78.1524, 80.197, 82.2777, 84.2447, 86.3398, 88.3936, 90.4966, 92.4054, 94.2467, 95.9125, 97.5711, 99.2603, 101.0333, 102.8296, 104.7289, 106.7333, 108.7875]
growth_rate:3.84
