ticker:WBA
price:[36.88999938964844, 34.70000076293945, 36.93000030517578, 35.43000030517578, 35.77000045776367, 36.34000015258789, 37.40999984741211, 38.040000915527344, 34.040000915527344, 37.310001373291016, 42.709999084472656, 37.529998779296875, 39.0, 43.40999984741211, 41.529998779296875, 40.689998626708984, 39.619998931884766, 39.880001068115234, 45.209999084472656, 48.91999816894531, 47.45000076293945, 50.25, 49.810001373291016, 50.380001068115234, 48.86000061035156, 47.93000030517578, 47.20000076293945, 53.209999084472656, 52.540000915527344, 52.029998779296875, 54.75, 54.18000030517578, 53.29999923706055, 53.02000045776367, 53.099998474121094, 54.529998779296875, 54.709999084472656, 54.880001068115234, 52.65999984741211, 54.849998474121094, 55.310001373291016, 50.84000015258789, 52.15999984741211, 48.16999816894531, 47.40999984741211, 46.02000045776367, 46.529998779296875, 47.150001525878906, 47.099998474121094, 49.290000915527344, 48.29999923706055, 48.47999954223633]
assets:[0, 99.99846219863892, 206.42392970581054, 298.0407055671692, 400.8994341304779, 507.2882321300507, 622.2255634620667, 732.7036736343383, 755.6573843238831, 928.2467171665191, 1162.5960720787048, 1121.591519519043, 1265.5227, 1508.6233836971282, 1543.2879786376955, 1612.0726415924073, 1669.6818429870607, 1780.6380596912386, 2118.621935096741, 2392.4814304504393, 2420.590613920212, 2663.425875, 2740.1029665462493, 2871.458540878296, 2884.8263580368043, 2929.917781655121, 2985.291488254166, 3465.4076103744505, 3521.7720233680725, 3587.5880848297115, 3875.1393000000003, 3934.7954321632383, 3970.8872531604766, 4050.0281709671017, 4156.136880569457, 4368.065569216918, 4482.4832319892885, 4596.414121458816, 4510.481700930405, 4798.063951522065, 4938.303693613052, 4639.205937923813, 4859.6585137836455, 4587.917756602478, 4615.534161145019, 4580.214177559662, 4730.974849884033, 4894.014563381195, 4988.822418379211, 5320.786592829895, 5313.917616062165, 5433.720764693069]
shares:[0, 2.8818, 5.5896, 8.4121, 11.2077, 13.9595, 16.6326, 19.2614, 22.1991, 24.8793, 27.2207, 29.8852, 32.4493, 34.7529, 37.1608, 39.6184, 42.1424, 44.6499, 46.8618, 48.906, 51.0135, 53.0035, 55.0111, 56.996, 59.0427, 61.1291, 63.2477, 65.127, 67.0303, 68.9523, 70.7788, 72.6245, 74.5007, 76.3868, 78.27, 80.1039, 81.9317, 83.7539, 85.6529, 87.4761, 89.2841, 91.2511, 93.1683, 95.2443, 97.3536, 99.5266, 101.6758, 103.7967, 105.9198, 107.9486, 110.019, 112.0817]
growth_rate:6.54
