ticker:WBND
price:[28.549999237060547, 28.559999465942383, 28.600000381469727, 28.3799991607666, 28.360000610351562, 28.3799991607666, 28.389999389648438, 28.350000381469727, 28.049999237060547, 28.530000686645508, 28.6200008392334, 28.809999465942383, 28.719999313354492, 28.700000762939453, 28.860000610351562, 28.81999969482422, 28.829999923706055, 28.229999542236328, 27.90999984741211, 27.950000762939453, 27.90999984741211, 27.93000030517578, 27.770000457763672, 27.81999969482422, 27.530000686645508, 27.139999389648438, 26.920000076293945, 26.81999969482422, 26.729999542236328, 26.790000915527344, 26.940000534057617, 26.969999313354492, 27.15999984741211, 27.25, 27.18000030517578, 27.280000686645508, 27.229999542236328, 27.290000915527344, 27.43000030517578, 27.190000534057617, 27.31999969482422, 27.309999465942383, 27.190000534057617, 27.190000534057617, 27.280000686645508, 27.260000228881836, 27.31999969482422, 27.420000076293945, 27.200000762939453, 27.200000762939453, 27.229999542236328, 27.350000381469727]
assets:[0, 99.99998213005065, 200.139942669487, 298.6001611700058, 398.38994457397456, 498.67064125366215, 598.8472911254883, 698.002524392128, 790.6172784957886, 904.1471047605514, 1007.000453528595, 1113.685101355362, 1210.206203066063, 1309.3629148071288, 1416.6623939605713, 1514.6984879608156, 1615.2238097255706, 1681.6074357318878, 1762.5444003639223, 1865.0700109100344, 1962.399536271286, 2063.8063755500793, 2151.983422473526, 2255.8570072540283, 2332.3416581726074, 2399.3007900421144, 2479.851563028145, 2570.640648749542, 2662.0139244117736, 2767.988437593842, 2883.4879351621626, 2986.6981789598467, 3107.7395265403748, 3218.036975, 3309.771151161957, 3421.9487261314393, 3515.676132897949, 3623.4216845588685, 3742.0088706321717, 3809.267413820457, 3927.479444128418, 4026.0428522691723, 4108.351981694985, 4208.351365659141, 4322.281500793075, 4419.113185103989, 4528.839081410981, 4645.416894925499, 4708.146052059937, 4808.146854864884, 4913.4491923999785, 5035.102250228119]
shares:[0, 3.5014, 6.9979, 10.5215, 14.0476, 17.5712, 21.0936, 24.6209, 28.186, 31.6911, 35.1852, 38.6562, 42.1381, 45.6224, 49.0874, 52.5572, 56.0258, 59.5681, 63.151, 66.7288, 70.3117, 73.8921, 77.4931, 81.0876, 84.72, 88.4046, 92.1193, 95.8479, 99.589, 103.3217, 107.0337, 110.7415, 114.4234, 118.0931, 121.7723, 125.438, 129.1104, 132.7747, 136.4203, 140.0981, 143.7584, 147.4201, 151.0979, 154.7757, 158.4414, 162.1098, 165.7701, 169.4171, 173.0936, 176.7701, 180.4425, 184.0988]
growth_rate:-1.27
