ticker:WDAY
price:[215.8000030517578, 206.1999969482422, 200.4499969482422, 215.77999877929688, 218.97999572753906, 225.72999572753906, 229.4499969482422, 224.13999938964844, 210.1199951171875, 225.0, 222.0, 209.39999389648438, 223.86000061035156, 222.17999267578125, 219.24000549316406, 241.38999938964844, 248.75999450683594, 239.61000061035156, 227.64999389648438, 222.55999755859375, 235.52999877929688, 227.52999877929688, 263.95001220703125, 281.3599853515625, 276.3399963378906, 245.17999267578125, 237.02000427246094, 252.72999572753906, 251.22999572753906, 249.66000366210938, 254.97000122070312, 257.6099853515625, 256.3500061035156, 254.8000030517578, 247.0, 236.7100067138672, 228.77000427246094, 231.4199981689453, 228.72000122070312, 223.30999755859375, 230.08999633789062, 236.49000549316406, 243.0, 238.3000030517578, 239.94000244140625, 227.52999877929688, 240.39999389648438, 234.39999389648438, 235.72000122070312, 236.67999267578125, 235.9499969482422, 269.2799987792969]
assets:[0, 100.00699851989746, 197.2227519973755, 312.2983922332764, 416.93791186523435, 529.7882999725342, 638.5134515075683, 723.7256440292358, 778.4525579101563, 933.57, 1021.1334, 1063.18658901062, 1236.602643371582, 1327.3254942443848, 1409.7570833221437, 1652.1938508224487, 1802.6393001937868, 1836.3231226776124, 1844.6706655426024, 1903.4221231201172, 2114.3527990417483, 2142.5362335052487, 2585.495949572754, 2856.0289393066405, 2905.079479501343, 2677.5126280151367, 2688.399398460388, 2966.5952358489994, 3048.97747414856, 3129.9125679107665, 3296.4816487823487, 3430.617935925293, 3513.8408036621095, 3592.6036030288697, 3582.6362, 3533.393941218567, 3514.8680996429443, 3655.579717076111, 3712.926139816284, 3725.10106227417, 3938.197368319702, 4147.750908343505, 4361.9229, 4377.5472260604865, 4507.680843865966, 4374.537262530517, 4721.984760113525, 4704.126597509766, 4830.609985015869, 4950.280386810303, 5035.007769877625, 5846.257269497681]
shares:[0, 0.485, 0.9839, 1.4473, 1.904, 2.347, 2.7828, 3.2289, 3.7048, 4.1492, 4.5997, 5.0773, 5.524, 5.9741, 6.4302, 6.8445, 7.2465, 7.6638, 8.1031, 8.5524, 8.977, 9.4165, 9.7954, 10.1508, 10.5127, 10.9206, 11.3425, 11.7382, 12.1362, 12.5367, 12.9289, 13.3171, 13.7072, 14.0997, 14.5046, 14.9271, 15.3642, 15.7963, 16.2335, 16.6813, 17.1159, 17.5388, 17.9503, 18.3699, 18.7867, 19.2262, 19.6422, 20.0688, 20.493, 20.9155, 21.3393, 21.7107]
growth_rate:14.63
