ticker:WDC
price:[38.15999984741211, 37.369998931884766, 37.209999084472656, 38.470001220703125, 35.959999084472656, 38.119998931884766, 37.939998626708984, 41.720001220703125, 37.72999954223633, 39.810001373291016, 41.470001220703125, 42.41999816894531, 45.849998474121094, 51.75, 51.09000015258789, 53.189998626708984, 49.91999816894531, 55.38999938964844, 51.81999969482422, 51.209999084472656, 50.709999084472656, 56.43000030517578, 59.7400016784668, 65.56999969482422, 68.87999725341797, 68.52999877929688, 68.06999969482422, 68.47000122070312, 70.58000183105469, 67.27999877929688, 71.37000274658203, 72.93000030517578, 68.88999938964844, 68.06999969482422, 70.62999725341797, 71.6500015258789, 71.87000274658203, 72.33999633789062, 75.2300033569336, 77.16999816894531, 74.77999877929688, 69.47000122070312, 70.75, 70.20999908447266, 70.16999816894531, 64.19999694824219, 63.75, 64.93000030517578, 68.76000213623047, 63.150001525878906, 60.040000915527344, 63.2400016784668]
assets:[0, 99.99838014183044, 199.56838808975218, 306.3250787200928, 386.3398461639405, 509.54621372261045, 607.1386220237732, 767.6271624603271, 794.2127173641205, 937.9952903572083, 1077.1086357055663, 1201.784000125122, 1398.9568134429933, 1678.977, 1757.5624222492218, 1929.8076161750791, 1911.1671618988037, 2220.585075531006, 2177.4660231765747, 2251.8316847419737, 2329.8455529365538, 2692.6477525619507, 2950.5885529003144, 3338.5358764617918, 3607.0663681686406, 3688.736832293701, 3763.9782821250915, 3886.0970832824705, 4105.850446517945, 4013.877631173706, 4357.880915707397, 4553.136607052613, 4400.9136090087895, 4448.5310410560605, 4715.830719615937, 4883.936374009704, 4998.932415039062, 5131.62572421875, 5436.639129595184, 5676.833424302674, 5601.021908569336, 5303.305158187866, 5501.017675, 5559.031139511108, 5655.86324341278, 5274.665329267883, 5337.6918749999995, 5536.490224021912, 5963.066789260101, 5576.549294744873, 5401.918962371826, 5789.830845669174]
shares:[0, 2.6759, 5.3633, 7.9627, 10.7436, 13.3669, 16.0026, 18.3995, 21.0499, 23.5618, 25.9732, 28.3306, 30.5116, 32.444, 34.4013, 36.2814, 38.2846, 40.09, 42.0198, 43.9725, 45.9445, 47.7166, 49.3905, 50.9156, 52.3674, 53.8266, 55.2957, 56.7562, 58.173, 59.6593, 61.0604, 62.4316, 63.8832, 65.3523, 66.7681, 68.1638, 69.5552, 70.9376, 72.2669, 73.5627, 74.9, 76.3395, 77.7529, 79.1772, 80.6023, 82.1599, 83.7285, 85.2686, 86.7229, 88.3064, 89.972, 91.5533]
growth_rate:13.53
