ticker:WDFC
price:[193.7899932861328, 195.60000610351562, 194.07000732421875, 190.75999450683594, 187.8000030517578, 198.22000122070312, 197.92999267578125, 235.10000610351562, 243.3800048828125, 258.4200134277344, 260.0299987792969, 255.6699981689453, 254.88999938964844, 254.50999450683594, 262.07000732421875, 266.5, 260.92999267578125, 265.67999267578125, 301.1499938964844, 278.3999938964844, 288.92999267578125, 304.4100036621094, 315.5, 332.2799987792969, 314.0799865722656, 311.75, 319.55999755859375, 304.3900146484375, 296.8699951171875, 306.6600036621094, 307.0400085449219, 280.07000732421875, 257.5199890136719, 258.19000244140625, 248.74000549316406, 242.83999633789062, 252.47999572753906, 242.1999969482422, 244.8000030517578, 244.5, 253.1300048828125, 247.91000366210938, 258.3399963378906, 255.72000122070312, 255.02999877929688, 252.2899932861328, 239.22999572753906, 242.99000549316406, 244.2100067138672, 241.4600067138672, 233.58999633789062, 233.00999450683594]
assets:[0, 99.99072312011718, 199.21286251831054, 295.8115234817505, 391.2249663574219, 512.9338971588135, 612.1776743469238, 827.152351473999, 956.2887151855468, 1115.3924619567872, 1222.3490182617188, 1301.8460636764526, 1397.8677346527102, 1495.7806887161255, 1640.217554840088, 1767.93435, 1830.9718516052246, 1964.3050258483888, 2326.5643928466798, 2250.808270654297, 2435.939875250244, 2666.448986077881, 2863.6041999999998, 3115.9224605529785, 3045.256733807373, 3122.6750500000003, 3300.894994781494, 3244.188776123047, 3264.026222314453, 3471.667235458374, 3575.972163519287, 3361.8763469177247, 3191.1877038574216, 3299.4874981994626, 3278.7166344070433, 3300.9483542205808, 3531.9931562316897, 3488.188576048279, 3625.6349251983643, 3721.1922, 3952.549087243652, 3971.047229660034, 4238.119307922363, 4295.149856503295, 4383.557631018067, 4436.4690739379885, 4306.809767083741, 4474.490858152772, 4596.960324380493, 4645.183463160705, 4593.780867980957, 4682.3824416137695]
shares:[0, 0.5112, 1.0265, 1.5507, 2.0832, 2.5877, 3.0929, 3.5183, 3.9292, 4.3162, 4.7008, 5.0919, 5.4842, 5.8771, 6.2587, 6.6339, 7.0171, 7.3935, 7.7256, 8.0848, 8.4309, 8.7594, 9.0764, 9.3774, 9.6958, 10.0166, 10.3295, 10.658, 10.9948, 11.3209, 11.6466, 12.0037, 12.392, 12.7793, 13.1813, 13.5931, 13.9892, 14.4021, 14.8106, 15.2196, 15.6147, 16.0181, 16.4052, 16.7963, 17.1884, 17.5848, 18.0028, 18.4143, 18.8238, 19.2379, 19.666, 20.0952]
growth_rate:-8.19
