ticker:WEN
price:[21.579999923706055, 21.469999313354492, 20.959999084472656, 21.34000015258789, 23.18000030517578, 24.309999465942383, 24.190000534057617, 23.68000030517578, 21.850000381469727, 22.239999771118164, 22.68000030517578, 22.510000228881836, 22.149999618530273, 22.190000534057617, 22.059999465942383, 22.940000534057617, 22.450000762939453, 21.920000076293945, 21.510000228881836, 21.649999618530273, 20.850000381469727, 20.399999618530273, 21.239999771118164, 21.040000915527344, 20.65999984741211, 20.43000030517578, 19.65999984741211, 20.510000228881836, 20.649999618530273, 20.739999771118164, 20.739999771118164, 21.290000915527344, 22.469999313354492, 22.600000381469727, 22.56999969482422, 22.799999237060547, 23.399999618530273, 23.59000015258789, 23.219999313354492, 22.860000610351562, 24.139999389648438, 23.100000381469727, 23.170000076293945, 23.170000076293945, 23.010000228881836, 22.09000015258789, 22.81999969482422, 23.209999084472656, 22.229999542236328, 23.700000762939453, 23.719999313354492, 23.34000015258789]
assets:[0, 100.00081580181123, 197.6255433677673, 301.2077001537323, 427.17958962402344, 548.003300961113, 645.2972922466279, 731.6930654296875, 775.1484285329819, 888.9839428510666, 1006.572433544159, 1099.0282511749267, 1181.4521846529008, 1283.5850188926697, 1376.065264686394, 1530.9582856416703, 1598.255964315033, 1660.5233017795563, 1729.4642464027404, 1840.7197725667952, 1872.7032492628095, 1932.2859238672256, 2111.8506972427367, 2191.9662313804624, 2252.377975364685, 2327.3039147644045, 2339.5891318416593, 2540.74191035347, 2658.0844708969116, 2769.66934543457, 2869.6693283309937, 3045.7688209762573, 3314.58105671196, 3433.758177959061, 3529.200885280609, 3665.1659973552705, 3861.6176970474244, 3992.9731708278655, 4030.344042817497, 4067.859384609985, 4395.630762861633, 4306.258181112862, 4419.30679455185, 4519.3061978811265, 4588.097403638077, 4504.652474116135, 4753.51547243042, 4934.7544983467105, 4826.3929916141515, 5245.547238862228, 5349.974685129166, 5364.267245069504]
shares:[0, 4.6577, 9.4287, 14.1147, 18.4288, 22.5423, 26.6762, 30.8992, 35.4759, 39.9723, 44.3815, 48.824, 53.3387, 57.8452, 62.3783, 66.7375, 71.1918, 75.7538, 80.4028, 85.0217, 89.8179, 94.7199, 99.428, 104.1809, 109.0212, 113.916, 119.0025, 123.8782, 128.7208, 133.5424, 138.364, 143.061, 147.5114, 151.9362, 156.3669, 160.7529, 165.0264, 169.2655, 173.5721, 177.9466, 182.0891, 186.4181, 190.734, 195.0499, 199.3958, 203.9227, 208.3048, 212.6133, 217.1117, 221.3311, 225.547, 229.8315]
growth_rate:5.18
