ticker:WERN
price:[45.689998626708984, 45.43000030517578, 42.95000076293945, 42.709999084472656, 42.95000076293945, 43.59000015258789, 42.970001220703125, 41.119998931884766, 38.02000045776367, 38.650001525878906, 41.0, 41.0, 40.22999954223633, 39.61000061035156, 40.029998779296875, 40.099998474121094, 39.54999923706055, 39.220001220703125, 42.2400016784668, 41.939998626708984, 42.959999084472656, 39.2400016784668, 40.97999954223633, 42.7400016784668, 43.5099983215332, 42.91999816894531, 45.93000030517578, 47.34000015258789, 46.66999816894531, 47.130001068115234, 47.619998931884766, 48.150001525878906, 48.099998474121094, 45.40999984741211, 46.22999954223633, 48.220001220703125, 48.470001220703125, 48.52000045776367, 47.9900016784668, 45.7599983215332, 45.33000183105469, 42.65999984741211, 44.59000015258789, 44.59000015258789, 44.400001525878906, 44.93000030517578, 44.72999954223633, 45.709999084472656, 45.34000015258789, 46.150001525878906, 46.59000015258789, 47.70000076293945]
assets:[0, 100.00051667175293, 194.54202845573423, 293.45613270950315, 395.1056470184326, 500.9929487537384, 593.8669018707275, 668.2986706405641, 717.9164606437683, 829.8116677604675, 980.2649, 1080.2639, 1159.9757148010253, 1242.0983211395264, 1355.2676476715087, 1457.638954534149, 1537.6446453380586, 1624.814054571533, 1849.9262175094605, 1936.789136581421, 2083.890747589874, 2003.4414496959687, 2192.278349511337, 2386.430733718872, 2529.4232954235076, 2595.123353286743, 2877.119521116638, 3065.444901880646, 3122.05953250885, 3252.8325527194975, 3386.6533700374607, 3524.344176686859, 3620.684095140839, 3518.1987711780544, 3681.7294255439756, 3940.2106037475587, 4060.6373632659916, 4164.825835293198, 4219.333736572647, 4123.268712759399, 4184.521261029053, 4038.046275556564, 4320.735342785644, 4420.737336127853, 4501.902634715271, 4655.642138622284, 4734.916466543198, 4938.654573083496, 4998.680608822632, 5187.980111532593, 5337.443597480774, 5564.605769003296]
shares:[0, 2.2012, 4.5295, 6.8709, 9.1992, 11.4933, 13.8205, 16.2524, 18.8826, 21.4699, 23.9089, 26.3479, 28.8336, 31.3582, 33.8563, 36.3501, 38.8785, 41.4282, 43.7956, 46.18, 48.5077, 51.0561, 53.4963, 55.836, 58.1343, 60.4642, 62.6414, 64.7538, 66.8965, 69.0183, 71.1183, 73.1951, 75.2741, 77.4763, 79.6394, 81.7132, 83.7763, 85.8373, 87.9211, 90.1064, 92.3124, 94.6565, 96.8992, 99.1419, 101.3942, 103.6199, 105.8555, 108.0432, 110.2488, 112.4156, 114.562, 116.6584]
growth_rate:9.11
