ticker:WETF
price:[3.640000104904175, 3.2699999809265137, 3.430000066757202, 3.140000104904175, 3.309999942779541, 3.9700000286102295, 4.159999847412109, 3.9600000381469727, 3.640000104904175, 3.7699999809265137, 3.9000000953674316, 4.239999771118164, 4.369999885559082, 5.110000133514404, 4.929999828338623, 5.090000152587891, 5.5, 5.349999904632568, 5.599999904632568, 5.269999980926514, 5.429999828338623, 5.340000152587891, 5.480000019073486, 5.840000152587891, 5.75, 5.300000190734863, 6.0, 6.170000076293945, 6.349999904632568, 6.360000133514404, 6.449999809265137, 6.579999923706055, 6.559999942779541, 6.46999979019165, 6.789999961853027, 7.059999942779541, 6.650000095367432, 6.880000114440918, 6.699999809265137, 6.980000019073486, 6.980000019073486, 6.170000076293945, 6.289999961853027, 6.369999885559082, 6.239999771118164, 6.099999904632568, 5.849999904632568, 6.179999828338623, 6.550000190734863, 6.289999961853027, 6.110000133514404, 6.349999904632568]
assets:[0, 99.99986941671371, 204.89276898777484, 287.5693736073971, 403.1384640308857, 583.5225142052174, 711.4494139041901, 777.245047487259, 814.4372834719419, 943.5243042264461, 1076.0595563130855, 1269.8697554504392, 1408.8044961064338, 1747.3665896553039, 1785.815529818344, 1943.773330270386, 2200.3442999999997, 2240.3349300644877, 2445.0232383615016, 2400.941373310375, 2573.8351226320265, 2631.17507118454, 2800.1572577461243, 3084.1093365818024, 3136.5801500000002, 2991.1086376431463, 3486.1607999999997, 3684.9356765653606, 3892.4375465414523, 3998.5676999412535, 4155.151152126789, 4338.898667691231, 4425.7105213961595, 4464.992145209789, 4785.826228112698, 5076.131486858559, 4881.342130003166, 5150.170629667186, 5115.427744374561, 5429.206648835802, 5529.20631710906, 4987.565219672775, 5184.568321557141, 5350.508794874859, 5341.314380081749, 5321.477046803999, 5203.383620173789, 5596.907574535132, 6031.99801065073, 5892.560024263382, 5823.93359326334, 6152.696517595768]
shares:[0, 30.581, 59.7355, 91.5826, 121.7941, 146.983, 171.0215, 196.274, 223.7465, 250.2717, 275.9127, 299.4976, 322.3809, 341.9504, 362.2344, 381.8808, 400.0626, 418.7542, 436.6113, 455.5866, 474.0028, 492.7294, 510.9776, 528.1009, 545.4922, 564.3601, 581.0268, 597.2343, 612.9823, 628.7056, 644.2095, 659.4071, 674.651, 690.107, 704.8345, 718.9988, 734.0364, 748.5713, 763.4967, 777.8233, 792.1499, 808.3574, 824.2557, 839.9543, 855.9799, 872.3733, 889.4673, 905.6485, 920.9157, 936.814, 953.1806, 968.9286]
growth_rate:20.64
