ticker:WEYS
price:[17.719999313354492, 17.40999984741211, 17.030000686645508, 15.479999542236328, 16.049999237060547, 17.290000915527344, 16.790000915527344, 16.170000076293945, 15.84000015258789, 17.079999923706055, 17.25, 16.8700008392334, 18.510000228881836, 17.020000457763672, 17.950000762939453, 16.829999923706055, 16.309999465942383, 15.84000015258789, 17.1200008392334, 17.6200008392334, 16.979999542236328, 17.260000228881836, 19.15999984741211, 18.690000534057617, 18.100000381469727, 17.549999237060547, 18.739999771118164, 20.65999984741211, 23.489999771118164, 22.8700008392334, 22.899999618530273, 21.75, 21.799999237060547, 21.049999237060547, 19.670000076293945, 20.75, 21.389999389648438, 21.959999084472656, 20.579999923706055, 21.299999237060547, 21.75, 21.31999969482422, 23.139999389648438, 22.510000228881836, 22.0, 21.829999923706055, 23.93000030517578, 22.309999465942383, 23.360000610351562, 25.239999771118164, 23.959999084472656, 22.8700008392334]
assets:[0, 99.99955712356568, 197.8170819759369, 279.81182772560123, 390.11449145584106, 520.2543985481262, 605.2090150009155, 682.8607202219009, 768.9242954071045, 929.1178358497621, 1038.3654749999998, 1115.4916914924622, 1323.933319370842, 1317.3599494312286, 1489.3420783023835, 1496.4141982164383, 1550.1790062406542, 1605.507567465973, 1835.245257964897, 1988.8452607278825, 2016.6058736343384, 2149.8590265089033, 2486.5177201976776, 2525.523702165604, 2545.7994436544423, 2568.4406333438874, 2842.597479281807, 3233.835400115967, 3776.8043781995775, 3777.117858604431, 3882.0720553321835, 3787.1208749999996, 3895.8277236568447, 3861.7970750324253, 3708.6250883846283, 4012.2511250000002, 4236.002753128051, 4448.882802523041, 4269.3086361728665, 4518.67129814682, 4714.1363249999995, 4720.936568424225, 5223.942794210816, 5181.718765687752, 5164.319600000001, 5224.414522741127, 5826.993362310791, 5532.52067656231, 5892.903545970154, 6467.161849354362, 6239.1909495964055, 6055.354158206177]
shares:[0, 5.7438, 11.6158, 18.0757, 24.3062, 30.0899, 36.0458, 42.2301, 48.5432, 54.398, 60.1951, 66.1228, 71.5253, 77.4007, 82.9717, 88.9135, 95.0447, 101.3578, 107.1989, 112.8743, 118.7636, 124.5573, 129.7765, 135.127, 140.6519, 146.3499, 151.6861, 156.5264, 160.7835, 165.156, 169.5228, 174.1205, 178.7077, 183.4583, 188.5422, 193.3615, 198.0366, 202.5903, 207.4494, 212.1442, 216.7419, 221.4323, 225.7538, 230.1963, 234.7418, 239.3227, 243.5016, 247.9839, 252.2647, 256.2267, 260.4003, 264.7728]
growth_rate:18.73
