ticker:WFCF
price:[28.479999542236328, 29.760000228881836, 31.360000610351562, 29.1200008392334, 28.959999084472656, 33.599998474121094, 31.68000030517578, 30.559999465942383, 28.799999237060547, 30.399999618530273, 32.31999969482422, 37.599998474121094, 43.52000045776367, 11.800000190734863, 12.25, 13.699999809265137, 13.5, 14.0, 13.5, 13.25, 12.75, 13.800000190734863, 14.40999984741211, 14.079999923706055, 14.25, 14.180000305175781, 14.199999809265137, 13.5, 14.5, 13.100000381469727, 13.899999618530273, 14.25, 15.65999984741211, 15.069999694824219, 13.579999923706055, 13.859999656677246, 13.9399995803833, 14.489999771118164, 14.90999984741211, 15.479999542236328, 15.25, 14.479999542236328, 15.229999542236328, 15.369999885559082, 15.5, 15.029999732971191, 14.34000015258789, 14.5, 13.6899995803833, 13.699999809265137, 13.210000038146973, 13.199999809265137]
assets:[0, 99.99955276908874, 205.3766439971924, 290.70788037815095, 389.10944369888307, 551.4532549568175, 619.9427579719543, 698.0270598014831, 757.825899924469, 899.9281487073899, 1056.7670300216676, 1329.4081060501098, 1638.7195052368165, 544.3222087984085, 665.0806749999999, 843.8049082523346, 931.4865, 1065.9866000000002, 1127.91555, 1207.0286250000001, 1261.4799, 1465.3668202533722, 1630.1398787384035, 1692.8088228273393, 1813.24695, 1904.340008984375, 2007.0265530415536, 2008.08855, 2256.83655, 2138.935312285423, 2369.556564970207, 2529.2211, 2879.4809059429167, 2870.994683860779, 2687.1343369033816, 2842.5390135881426, 2958.946130930901, 3175.6906568372724, 3367.73955753479, 3596.4853216472625, 3643.049625, 3559.1056954841615, 3843.451822478485, 3978.782686375046, 4112.4352, 4087.736081375694, 4000.0756445636744, 4144.70755, 4013.1754619908334, 4116.107402694512, 4068.8887297498704, 4165.80905980568]
shares:[0, 3.3602, 6.549, 9.9831, 13.4361, 16.4123, 19.5689, 22.8412, 26.3134, 29.6029, 32.697, 35.3566, 37.6544, 46.129, 54.2923, 61.5916, 68.999, 76.1419, 83.5493, 91.0965, 98.9396, 106.186, 113.1256, 120.2279, 127.2454, 134.2976, 141.3399, 148.7473, 155.6439, 163.2775, 170.4717, 177.4892, 183.8749, 190.5106, 197.8744, 205.0894, 212.263, 219.1643, 225.8712, 232.3311, 238.8885, 245.7946, 252.3606, 258.8668, 265.3184, 271.9718, 278.9453, 285.8419, 293.1465, 300.4458, 308.0158, 315.5916]
growth_rate:-18.32
