ticker:WFRD
price:[6.670000076293945, 6.849999904632568, 6.916999816894531, 6.800000190734863, 7.550000190734863, 10.0, 11.449999809265137, 11.699999809265137, 12.869999885559082, 11.350000381469727, 11.5, 10.279999732971191, 12.350000381469727, 11.942000389099121, 10.75, 10.239999771118164, 10.600000381469727, 11.484999656677246, 11.75, 11.40999984741211, 11.600000381469727, 14.8100004196167, 15.739999771118164, 17.889999389648438, 19.0, 18.68000030517578, 18.190000534057617, 16.290000915527344, 16.440000534057617, 17.440000534057617, 15.680000305175781, 15.0600004196167, 14.529999732971191, 15.789999961853027, 15.760000228881836]
assets:[0, 99.99972360777855, 200.97757987976073, 297.5782083468437, 430.399085873127, 670.065, 867.2241305537224, 986.1590539235115, 1184.7748664649012, 1144.848433477974, 1259.9791, 1226.3114481458663, 1573.2443185947418, 1621.269856824875, 1559.441225, 1585.4581405622482, 1741.1974026617052, 1986.5707271151543, 2132.4076250000003, 2170.70340797081, 2306.8503158615113, 3045.211552280998, 3336.436083483505, 3892.1751022109984, 4233.6693000000005, 4262.365109634399, 4250.557469796181, 3906.5735375564577, 4042.5451673231123, 4388.441286385345, 4045.571790737915, 3985.60652105093, 3945.342451493454, 4387.4709704003335, 4479.1354810503]
shares:[0, 14.5985, 29.0556, 43.7615, 57.0065, 67.0065, 75.7401, 84.2871, 92.0571, 100.8677, 109.5634, 119.291, 127.3882, 135.762, 145.0643, 154.8299, 164.2639, 172.9709, 181.4815, 190.2457, 198.8664, 205.6186, 211.9718, 217.5615, 222.8247, 228.178, 233.6755, 239.8142, 245.8969, 251.6308, 258.0084, 264.6485, 271.5308, 277.8639, 284.2091]
growth_rate:31.74
