ticker:WHF
price:[10.300000190734863, 10.399999618530273, 10.239999771118164, 9.510000228881836, 10.390000343322754, 10.699999809265137, 10.829999923706055, 10.720000267028809, 10.010000228881836, 10.420000076293945, 11.710000038146973, 13.449999809265137, 13.470000267028809, 13.9399995803833, 13.75, 13.579999923706055, 13.260000228881836, 13.609999656677246, 13.359999656677246, 13.609999656677246, 13.619999885559082, 13.550000190734863, 14.149999618530273, 14.220000267028809, 14.390000343322754, 14.680000305175781, 14.960000038146973, 15.760000228881836, 15.8100004196167, 15.15999984741211, 15.199999809265137, 16.18000030517578, 16.079999923706055, 15.880000114440918, 15.390000343322754, 15.5600004196167, 15.25, 15.329999923706055, 15.630000114440918, 15.739999771118164, 15.829999923706055, 14.819999694824219, 15.010000228881836, 15.149999618530273, 15.279999732971191, 15.100000381469727, 15.25, 15.1899995803833, 15.850000381469727, 15.649999618530273, 15.40999984741211, 15.800000190734863]
assets:[0, 100.00015633201599, 198.46143556404115, 284.3128688426971, 410.6211255683899, 522.8726106794358, 629.2251615673065, 722.8346100053787, 774.9602037197113, 906.7015166387558, 1118.9513956451417, 1385.2168253561974, 1487.2766094837189, 1639.1710946582793, 1716.829125, 1795.6032679121017, 1853.2918879898073, 2002.2092404927255, 2065.4305629229543, 2204.0795604003906, 2305.6984546265603, 2393.8487236967085, 2599.8487649106983, 2712.709634940338, 2845.1405028805734, 3002.478442417145, 3159.7464880571365, 3428.71728179512, 3539.5950669451713, 3494.070700831604, 3603.2891547846793, 3935.607094230652, 4011.2830129678728, 4061.3910172688484, 4036.070682037353, 4180.653132742405, 4197.362725, 4319.382311503411, 4503.911135977078, 4635.607794591713, 4762.113549048614, 4558.276226135255, 4716.715453923416, 4860.709212609673, 5002.418264579201, 5043.489217413139, 5193.590325, 5273.156708331489, 5602.272979832649, 5631.581937729836, 5645.219212101745, 5888.089691079998]
shares:[0, 9.6154, 19.381, 29.8962, 39.5208, 48.8666, 58.1002, 67.4286, 77.4186, 87.0155, 95.5552, 102.9901, 110.414, 117.5876, 124.8603, 132.2241, 139.7656, 147.1131, 154.5981, 161.9456, 169.2877, 176.6678, 183.7349, 190.7672, 197.7165, 204.5285, 211.213, 217.5582, 223.8833, 230.4796, 237.0585, 243.239, 249.4579, 255.7551, 262.2528, 268.6795, 275.2369, 281.7601, 288.1581, 294.5113, 300.8284, 307.576, 314.2382, 320.8389, 327.3834, 334.0059, 340.5633, 347.1466, 353.4557, 359.8455, 366.3348, 372.6639]
growth_rate:15.45
