ticker:WHFBZ
price:[25.299999237060547, 25.229999542236328, 25.200000762939453, 25.549999237060547, 25.399999618530273, 25.600000381469727, 25.420000076293945, 25.739999771118164, 25.395000457763672, 25.510000228881836, 25.639999389648438, 25.469999313354492, 25.75, 25.799999237060547, 26.0, 25.709999084472656, 25.75, 25.709999084472656, 25.733999252319336, 25.864999771118164, 25.770000457763672, 25.770000457763672, 25.979999542236328, 25.433000564575195, 25.59000015258789, 25.562000274658203, 25.75, 25.649999618530273, 25.989999771118164, 25.950000762939453, 25.989999771118164, 25.899999618530273, 25.850000381469727, 25.56999969482422, 25.889999389648438, 25.75, 25.479999542236328, 25.450000762939453, 25.40999984741211, 25.56999969482422, 25.510000228881836, 25.510000228881836, 25.510000228881836, 25.6200008392334, 25.770000457763672, 25.799999237060547, 25.799999237060547, 25.799999237060547, 25.790000915527344, 25.559999465942383, 25.386999130249023, 25.44499969482422]
assets:[0, 99.99910318565368, 199.88136605148316, 302.65762596244815, 400.88057397937774, 504.0358475107193, 600.4915778022767, 708.0507657039642, 798.5610263946533, 902.1764640945435, 1006.7750880340576, 1100.1002103424073, 1212.194125, 1314.5486611270906, 1424.7402, 1508.8478582702635, 1611.195525, 1708.6916811538697, 1810.2864848035815, 1919.5011225141525, 2012.4514917480467, 2112.451978524399, 2229.665912713623, 2282.7211625730515, 2396.8131532917023, 2494.1917271995544, 2612.5357750000003, 2702.389054809761, 2838.209336005211, 2933.8422112560274, 3038.3635222425464, 3127.841943931389, 3221.804457544327, 3286.905838771057, 3428.0404501846315, 3509.5035500000004, 3572.703615814209, 3668.497994974136, 3762.7331054046635, 3886.425165615845, 3977.304951685333, 4077.30415258255, 4177.303353479767, 4295.316116701508, 4420.464759522629, 4525.611406171799, 4625.612203214645, 4725.613000257492, 4823.782403240966, 4880.76369001999, 4947.728111892318, 5059.03081832428]
shares:[0, 3.9635, 7.9318, 11.8457, 15.7827, 19.6889, 23.6228, 27.5078, 31.4456, 35.3656, 39.2658, 43.192, 47.0755, 50.9515, 54.7977, 58.6872, 62.5707, 66.4602, 70.3461, 74.2123, 78.0928, 81.9733, 85.8224, 89.7543, 93.6621, 97.5742, 101.4577, 105.3563, 109.2039, 113.0575, 116.9051, 120.7661, 124.6346, 128.5454, 132.4079, 136.2914, 140.216, 144.1453, 148.0808, 151.9916, 155.9116, 159.8316, 163.7516, 167.6548, 171.5353, 175.4113, 179.2873, 183.1633, 187.0408, 190.9532, 194.8922, 198.8222]
growth_rate:-0.8
