ticker:WHLM
price:[2.4700000286102295, 3.0, 3.1700000762939453, 3.2899999618530273, 3.299999952316284, 3.009999990463257, 3.009999990463257, 3.240000009536743, 2.859999895095825, 3.440000057220459, 3.559999942779541, 3.5799999237060547, 3.799999952316284, 4.320000171661377, 4.400000095367432, 4.150000095367432, 4.190000057220459, 4.590000152587891, 4.599999904632568, 4.5, 4.710000038146973, 5.039999961853027, 5.760000228881836, 6.369999885559082, 6.46999979019165, 6.539999961853027, 6.739999771118164, 6.289999961853027, 5.559999942779541, 5.210000038146973, 5.199999809265137, 5.25, 7.300000190734863, 6.019999980926514, 5.340000152587891, 5.059999942779541, 5.0, 4.940000057220459, 5.340000152587891, 5.210000038146973, 5.139999866485596, 4.929999828338623, 5.099999904632568, 4.940000057220459, 5.059999942779541, 5.449999809265137, 4.389999866485596, 4.369999885559082, 5.550000190734863, 6.139999866485596, 5.409999847412109, 5.800000190734863]
assets:[0, 99.9999, 205.66643494987488, 313.45178536558154, 414.4044240120173, 477.98709548556803, 577.9871211687326, 722.1522621256114, 737.4552629503012, 987.0092884177684, 1121.4398539749145, 1227.7402098354341, 1403.1879823923111, 1695.2030593613147, 1826.5957995903968, 1822.8120118884087, 1940.3810654986858, 2225.6203879875184, 2330.4689716845987, 2379.8065500000002, 2590.864103983784, 2872.3897222593305, 3382.7312064176563, 3840.9717019946097, 4001.2697912473204, 4144.560167825317, 4371.30503555603, 4179.452745652866, 3794.3969409501556, 3655.5413007654192, 3748.5249025049206, 3884.56845, 5501.399863740921, 4636.770739309072, 4213.016082384873, 4092.1084797248363, 4143.5855, 4193.862448577881, 4633.446576398468, 4620.6474388318065, 4658.565890991115, 4568.235454935169, 4825.760669760704, 4774.364325301885, 4990.340441567278, 5474.971163391208, 4510.114213832521, 4589.56703380909, 5928.855413754844, 6659.129487197113, 5967.408902690507, 6497.592313675404]
shares:[0, 33.3333, 64.879, 95.2741, 125.5771, 158.7997, 192.0223, 222.8865, 257.8515, 286.9213, 315.0112, 342.9442, 369.26, 392.4081, 415.1354, 439.2318, 463.0981, 484.8846, 506.6237, 528.8459, 550.0773, 569.9186, 587.2797, 602.9783, 618.4343, 633.7248, 648.5616, 664.4599, 682.4455, 701.6394, 720.8702, 739.9178, 753.6164, 770.2277, 788.9543, 808.7171, 828.7171, 848.96, 867.6866, 886.8805, 906.3358, 926.6198, 946.2276, 966.4705, 986.2333, 1004.5819, 1027.3609, 1050.2442, 1068.2622, 1084.5488, 1103.0331, 1120.2745]
growth_rate:27.4
