ticker:WHLRD
price:[14.800000190734863, 14.850000381469727, 15.25, 15.0, 15.390000343322754, 15.119999885559082, 15.829999923706055, 15.600000381469727, 15.0, 14.470000267028809, 15.899999618530273, 16.399999618530273, 17.0, 17.25, 17.209999084472656, 17.350000381469727, 17.75, 18.0, 18.0, 17.729999542236328, 17.610000610351562, 17.489999771118164, 17.610000610351562, 17.989999771118164, 17.700000762939453, 16.940000534057617, 17.989999771118164, 18.059999465942383, 17.760000228881836, 17.950000762939453, 18.100000381469727, 17.959999084472656, 18.049999237060547, 18.225000381469727, 18.100000381469727, 18.100000381469727, 18.0, 18.200000762939453, 18.25, 18.40999984741211, 18.280000686645508, 18.100000381469727, 18.0, 18.06999969482422, 17.83099937438965, 17.020000457763672, 17.270000457763672, 17.200000762939453, 16.950000762939453, 16.8700008392334, 16.959999084472656, 16.940000534057617]
assets:[0, 99.99990256881713, 202.69385, 299.3715, 407.1547710828781, 500.0123482154846, 623.4914579950332, 714.433217470169, 786.9555, 859.149030854702, 1044.054394951248, 1176.8869326251984, 1319.9446, 1439.355525, 1536.0182332878112, 1648.5137562454222, 1786.51975, 1911.6828, 2011.6835999999998, 2081.509038258362, 2167.42126512146, 2252.6525045207977, 2368.1083540771483, 2519.208029948807, 2578.59806114769, 2567.878778956032, 2827.043911032295, 2938.0440571182253, 2989.238918523788, 3121.2179326629634, 3247.301158439064, 3322.1831586486815, 3438.8317046470643, 3572.172974769592, 3647.673166877174, 3747.6738589847564, 3826.9692, 3969.49114640007, 4080.39705, 4216.169797055054, 4286.398757008553, 4344.191951556778, 4420.1916, 4537.3805373703, 4577.367319800567, 4469.176396201325, 4634.822556851958, 4716.037249188996, 4747.490118690109, 4825.083412033844, 4950.823860746766, 5044.986259050369]
shares:[0, 6.734, 13.2914, 19.9581, 26.4558, 33.0696, 39.3867, 45.797, 52.4637, 59.3745, 65.6638, 71.7614, 77.6438, 83.4409, 89.2515, 95.0152, 100.649, 106.2046, 111.7602, 117.4004, 123.079, 128.7966, 134.4752, 140.0338, 145.6835, 151.5867, 157.1453, 162.6824, 168.313, 173.884, 179.4089, 184.9768, 190.517, 196.004, 201.5289, 207.0538, 212.6094, 218.1039, 223.5834, 229.0152, 234.4857, 240.0106, 245.5662, 251.1002, 256.7084, 262.5838, 268.3742, 274.1882, 280.0879, 286.0156, 291.9118, 297.815]
growth_rate:-1.08
