ticker:WHLRP
price:[9.5, 10.539999961853027, 11.0, 11.0, 10.84000015258789, 10.989999771118164, 10.989999771118164, 10.479999542236328, 10.479999542236328, 9.800000190734863, 10.579999923706055, 10.260000228881836, 10.75, 10.949999809265137, 11.644000053405762, 12.020000457763672, 12.050000190734863, 13.0, 13.470000267028809, 13.5, 12.529999732971191, 12.536999702453613, 12.350000381469727, 12.5, 13.0, 12.779999732971191, 12.029999732971191, 12.989999771118164, 12.177000045776367, 11.776000022888184, 11.475000381469727, 11.720000267028809, 11.895000457763672, 12.100000381469727, 12.375, 13.130000114440918, 13.170000076293945, 13.640000343322754, 13.989999771118164, 14.239999771118164, 14.5, 14.640000343322754, 14.9399995803833, 14.892999649047852, 14.6899995803833, 13.704999923706055, 13.16100025177002, 13.34000015258789, 14.435999870300293, 14.0, 14.079000473022461, 9.880000114440918]
assets:[0, 100.00035763807297, 204.36460000000002, 304.3645, 399.9374696296692, 505.4718514728546, 605.4720573902131, 677.3747704124452, 777.3749260444641, 826.9347960944176, 992.7520748411179, 1062.725693707466, 1213.47935, 1336.0554667276383, 1520.7331881749155, 1669.8400995933532, 1774.0082580801009, 2013.8677, 2186.6767393486025, 2291.5467, 2226.894202542305, 2328.1383965452196, 2393.4127839282987, 2522.4825, 2723.3817, 2777.293309970474, 2714.3071857507703, 3030.9098825958254, 2941.2155432567597, 2944.3579961227415, 2969.0989737033847, 3132.4911993707656, 3279.2648746982577, 3435.780588317871, 3613.8663, 3934.3480752917285, 4046.3337024404527, 4290.736271999073, 4500.83614536457, 4681.266068757248, 4866.7394, 5013.728709576988, 5216.46818148613, 5300.058164504624, 5327.816055812073, 5070.573130772782, 4969.30415306282, 5136.891220757675, 5658.932159557533, 5588.0202, 5719.553113064003, 4113.721815649605]
shares:[0, 9.4877, 18.5786, 27.6695, 36.8946, 45.9938, 55.093, 64.635, 74.177, 84.3811, 93.8329, 103.5795, 112.8818, 122.0142, 130.6023, 138.9218, 147.2206, 154.9129, 162.3368, 169.7442, 177.725, 185.7014, 193.7986, 201.7986, 209.4909, 217.3156, 225.6282, 233.3264, 241.5386, 250.0304, 258.745, 267.2774, 275.6843, 283.9488, 292.0296, 299.6457, 307.2387, 314.5701, 321.7181, 328.7406, 335.6372, 342.4678, 349.1612, 355.8758, 362.6832, 369.9798, 377.578, 385.0743, 392.0014, 399.1443, 406.2471, 416.3686]
growth_rate:-19.34
