ticker:WILC
price:[18.690000534057617, 18.8700008392334, 19.6200008392334, 18.940000534057617, 19.450000762939453, 19.079999923706055, 19.31999969482422, 20.040000915527344, 19.1299991607666, 19.299999237060547, 19.989999771118164, 19.209999084472656, 19.020000457763672, 19.299999237060547, 19.719999313354492, 19.950000762939453, 20.989999771118164, 21.40999984741211, 22.579999923706055, 21.280000686645508, 20.829999923706055, 20.010000228881836, 24.219999313354492, 24.299999237060547, 24.31999969482422, 22.5, 21.969999313354492, 23.299999237060547, 22.549999237060547, 23.18000030517578, 23.260000228881836, 23.399999618530273, 23.030000686645508, 22.829999923706055, 22.649999618530273, 23.079999923706055, 23.010000228881836, 23.489999771118164, 22.549999237060547, 22.90999984741211, 22.469999313354492, 21.700000762939453, 22.200000762939453, 22.15999984741211, 21.860000610351562, 20.829999923706055, 20.5, 21.84000015258789, 22.709999084472656, 22.8700008392334, 22.520000457763672, 21.90999984741211]
assets:[0, 99.99968244743347, 203.97345272483827, 296.90344837188724, 404.89844588241573, 497.1961780118942, 603.450530467987, 725.9390131645202, 792.9748122121812, 900.020724421692, 1032.1976311815263, 1091.9213209602356, 1181.1211064266206, 1298.5078086692808, 1426.7656143203737, 1543.4058740238188, 1723.8646022024154, 1858.3580127555845, 2059.9124270399093, 2041.3159858675003, 2098.149651315117, 2115.5532721984864, 2660.654116569519, 2769.4417530487062, 2871.7201559646605, 2756.8125, 2791.8750117433547, 3060.8859497737885, 3062.359801390457, 3247.916738760376, 3359.125497054291, 3479.3436032793043, 3524.3293680788042, 3593.7227969903943, 3665.388283267784, 3834.9750953229905, 3923.343099025726, 4105.185178999901, 4040.907998283005, 4205.419137990571, 4224.651980901718, 4179.882356958389, 4376.19291039505, 4468.306913232422, 4507.816305862427, 4395.417437900925, 4425.7819, 4815.077937641144, 5106.886063121796, 5242.865360391235, 5262.629094973374, 5220.079373645783]
shares:[0, 5.2994, 10.3962, 15.676, 20.8174, 26.0585, 31.2345, 36.2245, 41.4519, 46.6332, 51.6357, 56.8413, 62.0989, 67.2802, 72.3512, 77.3637, 82.1279, 86.7986, 91.2273, 95.9265, 100.7273, 105.7248, 109.8536, 113.9688, 118.0806, 122.525, 127.0767, 131.3685, 135.8031, 140.1172, 144.4164, 148.6899, 153.0321, 157.4123, 161.8273, 166.1601, 170.506, 174.7631, 179.1977, 183.5626, 188.013, 192.6213, 197.1258, 201.6384, 206.213, 211.0138, 215.8918, 220.4706, 224.8739, 229.2464, 233.6869, 238.251]
growth_rate:2.35
