ticker:WIMI
price:[6.070000171661377, 6.610000133514404, 6.550000190734863, 5.900000095367432, 5.25, 5.28000020980835, 6.0, 5.630000114440918, 5.619999885559082, 6.150000095367432, 5.840000152587891, 6.320000171661377, 6.489999771118164, 6.300000190734863, 6.010000228881836, 6.25, 6.079999923706055, 5.760000228881836, 6.099999904632568, 6.329999923706055, 8.569999694824219, 7.820000171661377, 10.0, 10.970000267028809, 10.75, 8.289999961853027, 7.460000038146973, 8.710000038146973, 8.5600004196167, 6.099999904632568, 6.639999866485596, 6.230000019073486, 5.820000171661377, 6.010000228881836, 6.050000190734863, 5.380000114440918, 5.03000020980835, 5.079999923706055, 5.309999942779541, 5.289999961853027, 5.940000057220459, 5.53000020980835, 5.739999771118164, 5.059999942779541, 4.929999828338623, 4.429999828338623, 4.289999961853027, 4.159999847412109, 4.0, 3.9000000953674316, 3.740000009536743, 4.130000114440918]
assets:[0, 100.00004801988602, 199.09249579753876, 279.33550451517107, 348.56115, 450.55297790336607, 611.9922, 674.2527547055245, 773.0551502581598, 945.9591896688938, 998.2767780830384, 1180.3270240595818, 1312.076114727211, 1373.664011588192, 1410.4316617141724, 1566.755, 1624.1394356197357, 1638.6584331144334, 1835.3844413055897, 2004.5875408391953, 2813.9516867958073, 2667.689834560013, 3511.368, 3951.9711181978223, 3972.715175, 3163.6098894424435, 2946.867119068909, 3540.645500506878, 3579.669767477703, 2650.9324685553074, 2985.604891966677, 2901.2530698823452, 2810.3197788906095, 3002.065431329155, 3122.0457284269337, 2876.2987011833193, 2789.178877340555, 2916.9039521924974, 3148.968557066775, 3237.1080896567346, 3734.8623539782043, 3577.0690227140904, 3812.906777960777, 3461.2033988593575, 3472.279238096094, 3220.121246221113, 3218.3566843821527, 3220.8307938606263, 3196.9528, 3217.0289586666104, 3185.0483361216548, 3617.1792392308234]
shares:[0, 15.1286, 30.3958, 47.345, 66.3926, 85.332, 101.9987, 119.7607, 137.5543, 153.8145, 170.9378, 186.7606, 202.1689, 218.0419, 234.6808, 250.6808, 267.1282, 284.4893, 300.8827, 316.6805, 328.3491, 341.1368, 351.1368, 360.2526, 369.5549, 381.6176, 395.0224, 406.5035, 418.1857, 434.5791, 449.6393, 465.6907, 482.8728, 499.5117, 516.0406, 534.628, 554.5087, 574.1937, 593.0261, 611.9297, 628.7647, 646.8479, 664.2695, 684.0323, 704.3163, 726.8897, 750.1997, 774.2382, 799.2382, 824.8792, 851.6172, 875.8303]
growth_rate:-29.07
