ticker:WINA
price:[152.3699951171875, 157.00999450683594, 158.89999389648438, 165.07000732421875, 175.5, 181.00999450683594, 164.33999633789062, 169.60000610351562, 169.41000366210938, 171.25, 172.94000244140625, 178.39999389648438, 179.00999450683594, 182.1199951171875, 183.8699951171875, 193.0, 184.00999450683594, 185.8000030517578, 185.39999389648438, 183.0, 183.99000549316406, 170.6300048828125, 182.36000061035156, 180.22000122070312, 179.13999938964844, 176.49000549316406, 180.25, 181.86000061035156, 187.77000427246094, 186.0500030517578, 191.05999755859375, 189.0, 196.3699951171875, 191.99000549316406, 192.57000732421875, 198.72999572753906, 197.0800018310547, 192.8699951171875, 195.82000732421875, 196.50999450683594, 198.39999389648438, 189.6300048828125, 190.94000244140625, 194.89999389648438, 192.8000030517578, 215.19000244140625, 208.47999572753906, 210.82000732421875, 203.00999450683594, 201.75, 208.39999389648438, 205.97999572753906]
assets:[0, 99.99966550140381, 201.19917227172851, 309.0110537109375, 428.5359, 541.9982265518188, 592.0841388061523, 711.031065588379, 810.2372245147706, 919.03025, 1028.0937265136718, 1160.5454802947997, 1264.5087001968384, 1386.4795228271485, 1499.8091631713867, 1674.275, 1696.2777333618164, 1812.7763097747804, 1908.878337158203, 1984.1591999999998, 2094.891803544617, 2042.782418457031, 2283.220151641846, 2356.4305819610595, 2442.305181678772, 2506.175727003479, 2659.570725, 2783.3309373413085, 2973.788665664673, 3046.550194972229, 3228.5891567443846, 3293.7785999999996, 3522.210054418945, 3543.6555263900755, 3654.3625149902346, 3871.260316772461, 3939.1168285980225, 3954.972832873535, 4115.470765930176, 4229.975886756897, 4370.652665542602, 4277.446094140625, 4406.990726348877, 4598.392495996093, 4648.8515135849, 5288.724690002442, 5223.820708946228, 5382.445606994629, 5283.0508930480955, 5350.2687750000005, 5626.612275210571, 5661.27779057312]
shares:[0, 0.6369, 1.2662, 1.872, 2.4418, 2.9943, 3.6028, 4.1924, 4.7827, 5.3666, 5.9448, 6.5053, 7.0639, 7.613, 8.1569, 8.675, 9.2184, 9.7566, 10.296, 10.8424, 11.3859, 11.972, 12.5204, 13.0753, 13.6335, 14.2001, 14.7549, 15.3048, 15.8374, 16.3749, 16.8983, 17.4274, 17.9366, 18.4575, 18.9768, 19.48, 19.9874, 20.5059, 21.0166, 21.5255, 22.0295, 22.5568, 23.0805, 23.5936, 24.1123, 24.577, 25.0567, 25.531, 26.0236, 26.5193, 26.9991, 27.4846]
growth_rate:11.01
