ticker:WINC
price:[25.65999984741211, 25.56999969482422, 25.639999389648438, 25.399999618530273, 25.4950008392334, 25.610000610351562, 25.584999084472656, 25.704999923706055, 25.60099983215332, 25.760000228881836, 25.875, 26.020000457763672, 26.075000762939453, 26.184999465942383, 26.200000762939453, 26.239999771118164, 26.295000076293945, 26.200000762939453, 26.219999313354492, 26.270000457763672, 26.25, 26.274999618530273, 26.2549991607666, 26.25, 26.2549991607666, 26.149999618530273, 26.100000381469727, 26.020000457763672, 26.030000686645508, 26.059999465942383, 26.06999969482422, 26.135000228881836, 26.165000915527344, 26.235000610351562, 26.20800018310547, 26.23200035095215, 26.225000381469727, 26.239999771118164, 26.299999237060547, 26.270000457763672, 26.360000610351562, 26.30500030517578, 26.309999465942383, 26.31999969482422, 26.360000610351562, 26.325000762939453, 26.360000610351562, 26.3799991607666, 26.299999237060547, 26.309999465942383, 26.298999786376953, 26.32900047302246]
assets:[0, 99.99915480651856, 200.27403523254395, 298.3991955184936, 399.5143116510391, 501.3157619476318, 600.8253260002136, 703.6435269115448, 800.7967146497726, 905.7705520479203, 1009.8132750000001, 1115.472215624237, 1217.8303031330108, 1322.9682945173263, 1423.7263814586638, 1525.900594690132, 1629.0988412267686, 1723.2133501796723, 1824.5291402194978, 1928.0078735961913, 2026.5393749999998, 2128.4694040981294, 2226.849259819412, 2326.4246249999997, 2426.8677199258805, 2517.1623532802582, 2612.349038181305, 2704.3419115768434, 2805.380721003151, 2908.6138723926542, 3009.7293247680664, 3117.2338577997207, 3220.812185697937, 3329.428833958435, 3426.001511936188, 3529.1379064155576, 3628.197332775879, 3730.273119462204, 3838.803118639755, 3934.4238175586697, 4047.9023217269896, 4139.457437523651, 4240.243170928765, 4341.855061656952, 4448.453075001526, 4542.547361650086, 4648.586107635498, 4752.114152819825, 4837.703389662552, 4939.54190873394, 5037.476102781296, 5143.222800002289]
shares:[0, 3.9108, 7.811, 11.748, 15.6703, 19.575, 23.4835, 27.3738, 31.2799, 35.1619, 39.0266, 42.8698, 46.7049, 50.5239, 54.3407, 58.1517, 61.9547, 65.7715, 69.5854, 73.392, 77.2015, 81.0074, 84.8162, 88.6257, 92.4345, 96.2586, 100.09, 103.9332, 107.7749, 111.6122, 115.448, 119.2743, 123.0962, 126.9079, 130.7235, 134.5356, 138.3488, 142.1598, 145.9621, 149.7687, 153.5623, 157.3639, 161.1647, 164.9641, 168.7577, 172.5564, 176.35, 180.1408, 183.9431, 187.7439, 191.5463, 195.3444]
growth_rate:0.85
