ticker:WING
price:[142.8699951171875, 134.55999755859375, 132.72999572753906, 135.67999267578125, 142.82000732421875, 131.25999450683594, 129.91000366210938, 126.51000213623047, 116.33000183105469, 132.27999877929688, 129.97999572753906, 129.0, 126.01000213623047, 124.54000091552734, 131.17999267578125, 144.3000030517578, 140.75999450683594, 132.5500030517578, 146.8000030517578, 144.9499969482422, 155.44000244140625, 150.0500030517578, 155.10000610351562, 170.80999755859375, 140.4600067138672, 136.14999389648438, 120.52999877929688, 128.39999389648438, 131.4199981689453, 125.12999725341797, 135.8300018310547, 137.66000366210938, 137.25, 142.3699951171875, 158.41000366210938, 146.19000244140625, 136.22999572753906, 137.7899932861328, 142.67999267578125, 137.8000030517578, 149.52000427246094, 144.7100067138672, 156.5800018310547, 156.8800048828125, 158.0800018310547, 154.9199981689453, 169.83999633789062, 171.30999755859375, 176.69000244140625, 170.0399932861328, 166.17999267578125, 171.86000061035156]
assets:[0, 100.00499018554687, 198.64371160583497, 303.054831640625, 419.005337487793, 485.0844356994629, 580.1001303527831, 664.9239202278137, 711.416126197815, 908.9620116119385, 993.1511513549805, 1085.664, 1160.5017156738281, 1246.9692131668091, 1413.4513030822754, 1654.8180049972534, 1714.2174411026, 1714.2294244674683, 1998.5205615463256, 2073.3357663482666, 2323.3772604919436, 2342.8057226486208, 2521.6469192321774, 2877.0552748779296, 2465.845647865295, 2490.183388366699, 2304.497417660523, 2554.9672785491944, 2715.0583101715088, 2685.114559062195, 3014.719724639893, 3155.332475939941, 3245.93505, 3467.0225950927734, 3957.6363264923093, 3752.331887664795, 3596.689855200195, 3737.870484870911, 3970.5273721801755, 3934.727507139587, 4369.378228852845, 4328.811727836609, 4783.894847943115, 4893.055976293946, 5030.485050268554, 5029.9270085495, 5614.349806942749, 5762.936841870117, 6043.9288995117195, 5916.456546394348, 5882.156874749755, 6183.213473959351]
shares:[0, 0.7432, 1.4966, 2.2336, 2.9338, 3.6956, 4.4654, 5.2559, 6.1155, 6.8715, 7.6408, 8.416, 9.2096, 10.0126, 10.7749, 11.4679, 12.1783, 12.9327, 13.6139, 14.3038, 14.9471, 15.6135, 16.2582, 16.8436, 17.5555, 18.29, 19.1197, 19.8985, 20.6594, 21.4586, 22.1948, 22.9212, 23.6498, 24.3522, 24.9835, 25.6675, 26.4016, 27.1273, 27.8282, 28.5539, 29.2227, 29.9137, 30.5524, 31.1898, 31.8224, 32.4679, 33.0567, 33.6404, 34.2064, 34.7945, 35.3963, 35.9782]
growth_rate:21.24
