ticker:WINT
price:[6.599999904632568, 6.829999923706055, 6.619999885559082, 6.599999904632568, 5.869999885559082, 5.849999904632568, 6.599999904632568, 6.670000076293945, 6.260000228881836, 6.659999847412109, 6.5, 6.539999961853027, 6.690000057220459, 6.170000076293945, 6.25, 5.710000038146973, 5.579999923706055, 5.130000114440918, 5.360000133514404, 5.880000114440918, 5.440000057220459, 5.570000171661377, 5.559999942779541, 5.5, 5.570000171661377, 5.099999904632568, 3.6700000762939453, 4.190000057220459, 4.0, 2.4200000762939453, 2.5199999809265137, 2.390000104904175, 2.140000104904175, 2.240000009536743, 2.2200000286102295, 2.049999952316284, 1.7599999904632568, 1.840000033378601, 1.7699999809265137, 2.700000047683716, 2.4200000762939453, 2.190000057220459, 2.359999895095825, 2.180000066757202, 2.1500000953674316, 1.7100000381469727, 1.8300000429153442, 1.8899999856948853, 1.809999942779541, 1.8200000524520874, 1.6799999475479126, 1.8600000143051147]
assets:[0, 100.00007788295746, 196.925136595726, 296.33009571814534, 363.55433391218185, 462.315547463274, 621.5866710183144, 728.1792493291855, 783.4183706438064, 933.4769006130218, 1011.0509500000001, 1117.2726654830933, 1242.8983156306745, 1246.2906554107665, 1362.45, 1344.7341299838065, 1414.1181766651152, 1400.0765532331466, 1562.8479349296092, 1814.4674873145102, 1778.6912507091047, 1921.196661209202, 2017.747331234455, 2095.973, 2222.6489694996358, 2135.1001700747015, 1636.4350510190964, 1968.3002928799629, 1979.0456, 1297.3225948999404, 1450.9308130181314, 1476.0812727895739, 1421.6795376916407, 1588.1131907613517, 1673.9335235728024, 1645.7493917192937, 1512.936119801998, 1681.70593450706, 1717.7279874897956, 2720.263008041573, 2538.161662019157, 2396.9314106271745, 2682.9944367384196, 2578.3595449559925, 2642.877512229967, 2202.009457122803, 2456.5364256082535, 2637.078613040364, 2625.456140000105, 2739.9616669652223, 2629.19521391263, 3010.894739156556]
shares:[0, 14.6413, 29.747, 44.8985, 61.9343, 79.0283, 94.1798, 109.1723, 125.1467, 140.1617, 155.5463, 170.8368, 185.7845, 201.992, 217.992, 235.5051, 253.4262, 272.9194, 291.5761, 308.5829, 326.9653, 344.9186, 362.9042, 381.086, 399.0393, 418.6471, 445.8951, 469.7614, 494.7614, 536.0837, 575.7662, 617.6072, 664.3362, 708.9791, 754.0241, 802.8046, 859.6228, 913.9706, 970.4678, 1007.5048, 1048.8271, 1094.4892, 1136.8621, 1182.7337, 1229.2453, 1287.7248, 1342.3696, 1395.2797, 1450.5283, 1505.4734, 1564.9972, 1618.7606]
growth_rate:-40.96
