ticker:WIRE
price:[50.58000183105469, 48.91999816894531, 48.38999938964844, 45.939998626708984, 47.43000030517578, 49.4900016784668, 47.970001220703125, 48.540000915527344, 46.209999084472656, 48.63999938964844, 51.060001373291016, 51.790000915527344, 52.529998779296875, 54.150001525878906, 56.459999084472656, 56.45000076293945, 57.15999984741211, 60.56999969482422, 61.2599983215332, 61.11000061035156, 60.11000061035156, 57.75, 62.099998474121094, 64.69000244140625, 66.94999694824219, 65.52999877929688, 66.95999908447266, 71.31999969482422, 70.33000183105469, 68.0999984741211, 68.44999694824219, 68.95999908447266, 70.87999725341797, 71.87000274658203, 74.68000030517578, 81.68000030517578, 81.31999969482422, 80.61000061035156, 82.19999694824219, 82.0999984741211, 82.33999633789062, 74.44999694824219, 77.25, 75.25, 72.81999969482422, 68.48999786376953, 69.69999694824219, 78.43000030517578, 85.97000122070312, 87.87999725341797, 85.58999633789062, 86.7300033569336]
assets:[0, 100.00226025695801, 198.91677049102782, 288.84774136543274, 398.2175395622253, 515.5126024837493, 599.6777822601318, 706.8055153312682, 772.8760976875305, 913.5175565368652, 1058.9691104816436, 1174.1103947555541, 1290.8879490020752, 1430.6971903152466, 1591.73158618927, 1691.4508878604888, 1812.7265071609497, 2020.869583818054, 2143.891657259369, 2238.642652359009, 2302.0086493743897, 2311.62855, 2585.7507864646914, 2793.59247243042, 2991.1919636535645, 3027.748063598633, 3193.817860331726, 3501.7763250160215, 3553.170154507446, 3540.505300669861, 3658.7002518814083, 3785.959117736816, 3991.366053335571, 4147.114768486023, 4409.2565780181885, 4922.551402391815, 5000.85470123291, 5057.18930329132, 5256.936404830933, 5350.539000556946, 5466.181826889037, 5042.4015083084105, 5332.0422, 5293.995524999999, 5223.036324111175, 5012.467889659119, 5201.020742277527, 5952.452716161346, 6624.702145065308, 6871.881841227722, 6792.815823358154, 6983.2917182922365]
shares:[0, 2.0442, 4.1107, 6.2875, 8.3959, 10.4165, 12.5011, 14.5613, 16.7253, 18.7812, 20.7397, 22.6706, 24.5743, 26.421, 28.1922, 29.9637, 31.7132, 33.3642, 34.9966, 36.633, 38.2966, 40.0282, 41.6385, 43.1843, 44.678, 46.204, 47.6974, 49.0995, 50.5214, 51.9898, 53.4507, 54.9008, 56.3116, 57.703, 59.042, 60.2663, 61.496, 62.7365, 63.953, 65.171, 66.3855, 67.7287, 69.0232, 70.3521, 71.7253, 73.1854, 74.6201, 75.8951, 77.0583, 78.1962, 79.3646, 80.5176]
growth_rate:36.93
