ticker:WISA
price:[1.809999942779541, 2.0199999809265137, 1.899999976158142, 1.850000023841858, 1.909999966621399, 2.2799999713897705, 2.130000114440918, 2.190000057220459, 1.9800000190734863, 1.9600000381469727, 2.509999990463257, 2.7799999713897705, 2.7300000190734863, 2.7200000286102295, 2.609999895095825, 2.8399999141693115, 3.140000104904175, 3.5399999618530273, 4.039999961853027, 4.150000095367432, 3.5899999141693115, 3.3399999141693115, 3.700000047683716, 4.170000076293945, 4.110000133514404, 3.259999990463257, 3.1500000953674316, 3.6500000953674316, 3.309999942779541, 3.1600000858306885, 3.0799999237060547, 3.0799999237060547, 2.7699999809265137, 2.740000009536743, 2.630000114440918, 2.9800000190734863, 3.690000057220459, 4.559999942779541, 4.199999809265137, 4.769999980926514, 4.309999942779541, 4.03000020980835, 4.360000133514404, 3.940000057220459, 3.75, 3.359999895095825, 3.9100000858306885, 3.5399999618530273, 3.5999999046325684, 3.2100000381469727, 3.3499999046325684, 3.2899999618530273]
assets:[0, 100.00009905576707, 194.0595375648737, 288.95279872387647, 398.3241900390029, 575.4863567785978, 637.6255452584267, 755.5868117420197, 783.1333695439815, 875.2229250342369, 1220.8210743614911, 1452.1443830553294, 1526.0266036617757, 1620.4367530445097, 1654.9043634841441, 1900.7389545557262, 2201.521269550562, 2581.9697721767425, 3046.6548712325093, 3229.6085092167377, 2893.805949814105, 2792.2873562443256, 3193.2524811530116, 3698.8818076744083, 3745.6605406787394, 3071.010293016124, 3067.3872478662965, 3654.274245479107, 3413.87601598382, 3359.168887240434, 3374.1263644203186, 3474.1262619432446, 3224.4578117972374, 3289.536055449438, 3257.474483744621, 3790.9784162641527, 4794.19825734315, 6024.537404402017, 5648.9157434654235, 6515.554761946679, 5987.220473512411, 5698.259902660656, 6264.8667518463135, 5761.370281672143, 5583.53775, 5102.849648681474, 6038.137669546676, 5566.753662012768, 5761.105407382822, 5236.985699235249, 5565.389681565094, 5565.711030466557]
shares:[0, 49.505, 102.1366, 156.1907, 208.5467, 252.4063, 299.3547, 345.0168, 395.5219, 446.5423, 486.3829, 522.3541, 558.9841, 595.7488, 634.063, 669.2743, 701.1214, 729.37, 754.1225, 778.2189, 806.0741, 836.0142, 863.0412, 887.022, 911.3529, 942.0277, 973.7737, 1001.171, 1031.3825, 1063.0281, 1095.4956, 1127.9631, 1164.0642, 1200.5606, 1238.5834, 1272.1404, 1299.2407, 1321.1705, 1344.98, 1365.9444, 1389.1463, 1413.9602, 1436.896, 1462.2767, 1488.9434, 1518.7053, 1544.2807, 1572.5293, 1600.3071, 1631.4597, 1661.3104, 1691.7055]
growth_rate:9.13
