ticker:WISH
price:[23.549999237060547, 20.09000015258789, 18.239999771118164, 20.360000610351562, 24.834999084472656, 24.75, 30.06999969482422, 28.600000381469727, 27.450000762939453, 22.260000228881836, 19.610000610351562, 17.770000457763672, 18.639999389648438, 17.860000610351562, 16.209999084472656, 15.649999618530273, 13.649999618530273, 12.4399995803833, 13.539999961853027, 13.869999885559082, 12.609999656677246, 9.789999961853027, 9.319999694824219, 7.940000057220459, 8.289999961853027, 10.0, 11.399999618530273, 14.039999961853027, 11.649999618530273, 11.140000343322754, 9.270000457763672, 9.180000305175781, 9.9399995803833, 9.829999923706055, 7.550000190734863, 6.630000114440918, 6.940000057220459, 7.210000038146973]
assets:[0, 99.99998475952148, 190.79222160587312, 312.96782138214115, 481.7567627403259, 580.107825, 804.8024928321838, 865.458891543579, 930.6593358665466, 854.6994207881928, 852.9487425476075, 872.9175094867707, 1015.6544227432252, 1073.1538566741945, 1074.0096993408204, 1136.9067422878265, 1091.6150394931794, 1094.8493390693666, 1291.6604823609352, 1423.1410472577095, 1393.8576610505104, 1182.1464113937377, 1225.393559875488, 1143.951538244009, 1294.3773820438385, 1661.372, 1993.9636732774734, 2555.7236570560453, 2220.6681722860335, 2223.454948524475, 1950.2180613040925, 2031.283453527069, 2299.450916928768, 2374.0039615745545, 1923.3700985898972, 1788.9994508800507, 1972.6478242645264, 2149.393299372101]
shares:[0, 4.9776, 10.4601, 15.3717, 19.3983, 23.4387, 26.7643, 30.2608, 33.9038, 38.3962, 43.4956, 49.1231, 54.4879, 60.087, 66.256, 72.6458, 79.9718, 88.0104, 95.3959, 102.6057, 110.5359, 120.7504, 131.48, 144.0745, 156.1372, 166.1372, 174.9091, 182.0316, 190.6153, 199.592, 210.3795, 221.2727, 231.3331, 241.506, 254.751, 269.834, 284.2432, 298.1128]
growth_rate:-41.91
