ticker:WIX
price:[258.489990234375, 254.10000610351562, 252.27999877929688, 248.25, 253.57000732421875, 291.82000732421875, 276.3599853515625, 271.8699951171875, 247.32000732421875, 286.2900085449219, 244.25999450683594, 256.6700134277344, 258.6199951171875, 255.8300018310547, 266.4100036621094, 273.45001220703125, 267.1000061035156, 249.9600067138672, 263.5299987792969, 241.27999877929688, 249.49000549316406, 247.0500030517578, 277.1300048828125, 292.80999755859375, 353.0899963378906, 348.57000732421875, 308.7300109863281, 300.2200012207031, 289.6000061035156, 280.7799987792969, 293.29998779296875, 298.17999267578125, 295.25, 296.1000061035156, 317.8800048828125, 288.7900085449219, 222.63999938964844, 248.16000366210938, 259.8599853515625, 256.29998779296875, 280.1700134277344, 299.70001220703125, 303.0799865722656, 288.79998779296875, 294.80999755859375, 276.29998779296875, 302.510009765625, 298.6400146484375, 267.67999267578125, 205.49000549316406, 210.5500030517578, 223.50999450683594]
assets:[0, 99.98835240173341, 199.27597103576662, 296.087775, 402.4409586242676, 563.1542501342773, 633.3065424316405, 723.0110650146485, 757.7143064392089, 977.1077991638183, 933.6594030029297, 1081.0940965576171, 1189.3157715454101, 1276.4893771362306, 1429.289669647217, 1567.059984954834, 1630.6722472625734, 1626.0398356750488, 1814.324982595825, 1761.1509670898438, 1921.0730422973634, 2002.2908647338866, 2346.0717693359375, 2578.806929498291, 3209.693993710327, 3268.6106726806643, 2995.020709579468, 3012.467536248779, 3005.9032633514403, 3014.369832894897, 3248.766644787597, 3402.830076416016, 3469.394175, 3579.3753137817384, 3942.6657005615234, 3681.8704559417724, 2938.514031944275, 3375.3482898101806, 3634.4797131225587, 3684.6967745056154, 4127.856875836182, 4515.610053924561, 4666.522553253174, 4546.6648478210445, 4741.281785736084, 4543.587519262695, 5074.605413818359, 5109.700786633301, 4679.983151947022, 3692.675947712707, 3883.5948062896728, 4222.6402202209465]
shares:[0, 0.3935, 0.7899, 1.1927, 1.5871, 1.9298, 2.2916, 2.6594, 3.0637, 3.413, 3.8224, 4.212, 4.5987, 4.9896, 5.365, 5.7307, 6.1051, 6.5052, 6.8847, 7.2992, 7.7, 8.1048, 8.4656, 8.8071, 9.0903, 9.3772, 9.7011, 10.0342, 10.3795, 10.7357, 11.0766, 11.412, 11.7507, 12.0884, 12.403, 12.7493, 13.1985, 13.6015, 13.9863, 14.3765, 14.7334, 15.0671, 15.397, 15.7433, 16.0825, 16.4444, 16.775, 17.1099, 17.4835, 17.9701, 18.445, 18.8924]
growth_rate:-17.2
