ticker:WKEY
price:[8.350000381469727, 6.449999809265137, 6.989999771118164, 6.329999923706055, 6.099999904632568, 6.510000228881836, 6.170000076293945, 6.260000228881836, 5.090000152587891, 5.269999980926514, 5.760000228881836, 5.949999809265137, 6.070000171661377, 5.829999923706055, 5.510000228881836, 6.269999980926514, 6.041999816894531, 7.090000152587891, 7.070000171661377, 6.789999961853027, 6.679999828338623, 6.389999866485596, 7.070000171661377, 10.529999732971191, 10.520000457763672, 7.480000019073486, 5.849999904632568, 6.590000152587891, 10.8100004196167, 15.239999771118164, 13.489999771118164, 10.550000190734863, 9.039999961853027, 9.949999809265137, 8.680000305175781, 7.829999923706055, 7.429999828338623, 7.380000114440918, 7.840000152587891, 7.789999961853027, 8.399999618530273, 7.659999847412109, 7.659999847412109, 6.78000020980835, 7.190000057220459, 6.75, 6.539999961853027, 6.840000152587891, 6.659999847412109, 6.059999942779541, 6.340000152587891, 7.099999904632568]
assets:[0, 100.00015204286575, 208.37259217700958, 288.6980035203934, 378.20792408709525, 503.62859070682526, 577.3256731388092, 685.7467170726776, 657.5801737129211, 780.8342901739597, 953.4355578861235, 1084.8854802226067, 1206.7658081276893, 1259.0520305234909, 1289.944500583458, 1567.8680442305088, 1610.8545501823428, 1990.261593833542, 2084.6475246157647, 2102.0868911902426, 2168.032688286304, 2173.911821577692, 2505.25173282814, 3831.301441842556, 3927.6632109069824, 2892.6730873761176, 2362.3177114892005, 2761.140868932724, 4629.276741696739, 6626.380856481743, 5965.477550785065, 4765.3665111536975, 4183.308798347282, 4704.41662481947, 4203.953299804687, 3892.2757360744477, 3793.436936357117, 3867.908981979275, 4208.99816191864, 4282.155189030647, 4717.4717057651515, 4401.884788314056, 4501.884554322052, 4084.697232401705, 4431.706806269026, 4260.5034749999995, 4227.9543233388895, 4521.897424875259, 4502.899822833633, 4197.233528368378, 4491.16544609108, 5129.538351099873]
shares:[0, 15.5039, 29.8101, 45.6079, 62.0013, 77.3623, 93.5698, 109.5442, 129.1906, 148.1659, 165.527, 182.3337, 198.8082, 215.9609, 234.1097, 250.0587, 266.6095, 280.7139, 294.8582, 309.5857, 324.5558, 340.2053, 354.3496, 363.8463, 373.352, 386.721, 403.815, 418.9895, 428.2402, 434.8019, 442.2148, 451.6935, 462.7554, 472.8057, 484.3264, 497.0978, 510.5568, 524.1069, 536.862, 549.699, 561.6038, 574.6586, 587.7134, 602.4627, 616.3709, 631.1857, 646.4762, 661.0961, 676.1111, 692.6128, 708.3857, 722.4702]
growth_rate:0.58
