ticker:WKHS
price:[19.709999084472656, 23.690000534057617, 30.600000381469727, 24.809999465942383, 23.6200008392334, 26.770000457763672, 22.809999465942383, 20.34000015258789, 15.380000114440918, 17.290000915527344, 19.219999313354492, 25.780000686645508, 27.18000030517578, 22.06999969482422, 21.780000686645508, 21.149999618530273, 22.969999313354492, 19.780000686645508, 25.565000534057617, 23.34000015258789, 23.510000228881836, 34.31999969482422, 40.61000061035156, 36.189998626708984, 32.959999084472656, 16.170000076293945, 13.729999542236328, 16.8700008392334, 16.1200008392334, 13.449999809265137, 14.140000343322754, 13.074999809265137, 13.229999542236328, 12.680000305175781, 12.390000343322754, 9.640000343322754, 8.100000381469727, 8.460000038146973, 9.369999885559082, 13.050000190734863, 15.529999732971191, 14.869999885559082, 15.609999656677246, 14.170000076293945, 12.979999542236328, 11.170000076293945, 10.789999961853027, 11.539999961853027, 10.100000381469727, 9.40999984741211, 8.899999618530273, 9.59000015258789]
assets:[0, 100.000230254364, 229.1695228569031, 285.80623184776306, 372.09768322086336, 521.7205389213563, 544.5431172504425, 585.5764003929138, 542.7817360387803, 710.1885166053772, 889.4631282234192, 1293.0474944400787, 1463.2679324295043, 1288.164086187744, 1371.23835123024, 1431.573679179573, 1654.7633445339202, 1524.9549769374846, 2070.954224262619, 1990.7129590145112, 2105.2123744953155, 3173.1997157836913, 3854.766233935547, 3535.212777850342, 3319.691555789185, 1728.623135156059, 1567.7792197296144, 2026.3249678037641, 2036.2398180099487, 1798.9710994887353, 1991.2598923482894, 1941.2818316810608, 2064.295350574493, 2078.477754023743, 2130.9412910476685, 1757.9716706090928, 1577.1340642751693, 1747.2285798784255, 2035.169597143364, 2934.4674128892902, 3592.1293162355423, 3539.4688977599144, 3815.609973080349, 3563.626072187233, 3364.3522793498996, 2995.209829458046, 2993.3132344174387, 3301.374729086876, 2989.418312908173, 2885.190643215179, 2828.820378751755, 3148.133325090408]
shares:[0, 4.2212, 7.4892, 11.5198, 15.7535, 19.489, 23.873, 28.7894, 35.2914, 41.0751, 46.278, 50.157, 53.8362, 58.3672, 62.9586, 67.6867, 72.0402, 77.0958, 81.0074, 85.2919, 89.5454, 92.4592, 94.9216, 97.6848, 100.7188, 106.9031, 114.1864, 120.1141, 126.3176, 133.7525, 140.8246, 148.4728, 156.0314, 163.9178, 171.9888, 182.3622, 194.7079, 206.5282, 217.2006, 224.8634, 231.3026, 238.0275, 244.4337, 251.4909, 259.1951, 268.1477, 277.4155, 286.081, 295.982, 306.609, 317.845, 328.2725]
growth_rate:-38.27
