ticker:WKSP
price:[0.33000001311302185, 0.2750000059604645, 0.27300000190734863, 0.22300000488758087, 0.20000000298023224, 0.2070000022649765, 0.19099999964237213, 0.15199999511241913, 0.14900000393390656, 0.12200000137090683, 0.12999999523162842, 0.12999999523162842, 0.18000000715255737, 0.15800000727176666, 0.1589999943971634, 0.12300000339746475, 0.12800000607967377, 0.14800000190734863, 0.13300000131130219, 0.1340000033378601, 0.18000000715255737, 0.12999999523162842, 0.12999999523162842, 0.18400000035762787, 0.5460000038146973, 0.37700000405311584, 0.4000000059604645, 0.45500001311302185, 0.4230000078678131, 0.36000001430511475, 0.3799999952316284, 0.3400000035762787, 0.22599999606609344, 0.32899999618530273, 0.289000004529953, 0.3190000057220459, 0.2879999876022339, 0.35199999809265137, 0.44999998807907104, 0.4399999976158142, 0.6570000052452087, 0.4869999885559082, 0.578000009059906, 0.48500001430511475, 0.4950000047683716, 0.4339999854564667, 0.4359999895095825, 0.4000000059604645, 5.460000038146973, 5.21999979019165, 4.960000038146973, 5.150000095367432]
assets:[0, 100.00001216744184, 199.27274779224393, 262.7759136593655, 335.6734650019243, 447.4220385956541, 512.8386853397623, 508.122926861237, 598.0942107909173, 589.7147128265894, 728.3845002830149, 828.3845006150365, 1246.9940055510879, 1194.5836397793234, 1302.1441917150855, 1107.3191540859973, 1252.3321554825827, 1548.0090095499518, 1491.1162014015333, 1602.3276189130247, 2252.3804095015525, 1726.7190606643198, 1826.7190609963418, 2685.510162819637, 8068.959554974794, 5671.424480673316, 6117.426531156758, 7058.572769926849, 6662.1456006161125, 5769.911281275666, 6190.461590319943, 5638.834167311888, 3848.166139616256, 5701.976413386583, 5108.72715077714, 5739.044855043817, 5281.331705450284, 6554.96121248126, 8479.92181535878, 8391.479270529897, 12630.004442132586, 9461.966461551714, 11330.014035393184, 9607.0188478598, 9905.101515916574, 8784.472489428405, 8924.95401126033, 8288.031523501291, 113231.62930110692, 108354.40977689256, 103057.4518166068, 107105.21839336882]
shares:[0, 363.6364, 729.9368, 1178.3673, 1678.3673, 2161.4591, 2685.0193, 3342.9141, 4014.055, 4833.7271, 5602.9579, 6372.1887, 6927.7442, 7560.6556, 8189.5864, 9002.5945, 9783.8445, 10459.5202, 11211.3999, 11957.6685, 12513.224, 13282.4548, 14051.6856, 14595.1639, 14778.3141, 15043.5661, 15293.5661, 15513.3463, 15749.7529, 16027.5307, 16290.6886, 16584.8062, 17027.2841, 17331.2355, 17677.2563, 17990.7359, 18337.9581, 18622.049, 18844.2712, 19071.5439, 19223.7509, 19429.0897, 19602.1001, 19808.2857, 20010.3059, 20240.7207, 20470.0785, 20720.0785, 20738.3935, 20757.5506, 20777.7119, 20797.1294]
growth_rate:2000.1
