ticker:WLDN
price:[28.450000762939453, 27.56999969482422, 27.65999984741211, 27.579999923706055, 26.899999618530273, 28.40999984741211, 31.329999923706055, 28.959999084472656, 26.170000076293945, 35.06999969482422, 38.02000045776367, 37.279998779296875, 38.16999816894531, 36.75, 38.13999938964844, 41.790000915527344, 41.36000061035156, 41.70000076293945, 48.20000076293945, 48.869998931884766, 50.36000061035156, 44.689998626708984, 52.81999969482422, 49.439998626708984, 46.16999816894531, 43.86000061035156, 45.150001525878906, 48.15999984741211, 40.959999084472656, 37.20000076293945, 42.54999923706055, 42.34000015258789, 39.59000015258789, 39.279998779296875, 38.16999816894531, 37.810001373291016, 38.400001525878906, 38.08000183105469, 36.36000061035156, 39.20000076293945, 39.099998474121094, 39.02000045776367, 38.119998931884766, 38.58000183105469, 39.13999938964844, 38.16999816894531, 40.38999938964844, 41.25, 36.13999938964844, 37.029998779296875, 37.06999969482422, 37.83000183105469]
assets:[0, 99.99914589309692, 200.32478289489745, 299.74495517082215, 392.355324435997, 514.3800932373047, 667.2475403751373, 716.771561340332, 747.7187741798401, 1102.0046004104613, 1294.7026795883178, 1369.5031231567382, 1502.1993629379272, 1546.31505, 1704.8007627182008, 1967.9496491134644, 2047.7005422180175, 2164.534449602127, 2601.9324411849975, 2738.098074155426, 2921.5800394088747, 2692.6394522571563, 3282.4830350349425, 3172.436167879486, 3062.6083395400997, 3009.3793798782344, 3197.888823075104, 3511.080708875656, 3086.167995018768, 2902.8685795352935, 3420.351903671646, 3503.469886626053, 3375.9184930114748, 3449.483076800537, 3452.0068434036257, 3519.449452829361, 3674.369426006317, 3743.751604016113, 3674.6543776840213, 4061.6727990512845, 4151.309397994995, 4242.816337774658, 4244.955405057144, 4396.179634648132, 4559.989972891235, 4546.981946876525, 4911.440081781006, 5116.01475, 4582.248346612549, 4795.092304928588, 4900.272138658905, 5100.73641988678]
shares:[0, 3.6271, 7.2424, 10.8682, 14.5857, 18.1056, 21.2974, 24.7504, 28.5716, 31.423, 34.0532, 36.7356, 39.3555, 42.0766, 44.6985, 47.0914, 49.5092, 51.9073, 53.982, 56.0282, 58.0139, 60.2515, 62.1447, 64.1674, 66.3333, 68.6133, 70.8281, 72.9045, 75.3459, 78.0341, 80.3843, 82.7461, 85.272, 87.8178, 90.4377, 93.0825, 95.6867, 98.3128, 101.0631, 103.6141, 106.1716, 108.7344, 111.3577, 113.9497, 116.5046, 119.1245, 121.6004, 124.0246, 126.7916, 129.4921, 132.1897, 134.8331]
growth_rate:0.01
