ticker:WLFC
price:[21.09000015258789, 20.1200008392334, 20.290000915527344, 18.940000534057617, 18.670000076293945, 20.489999771118164, 20.510000228881836, 22.719999313354492, 21.209999084472656, 22.010000228881836, 27.139999389648438, 28.6299991607666, 31.790000915527344, 40.90999984741211, 39.220001220703125, 34.380001068115234, 32.9900016784668, 30.459999084472656, 32.04999923706055, 36.04999923706055, 30.5, 27.719999313354492, 33.70000076293945, 33.90999984741211, 34.970001220703125, 32.29999923706055, 34.88999938964844, 35.65999984741211, 42.66999816894531, 42.91999816894531, 42.790000915527344, 43.58000183105469, 42.5099983215332, 42.7400016784668, 42.81999969482422, 42.2599983215332, 45.7599983215332, 43.790000915527344, 44.349998474121094, 44.66999816894531, 45.779998779296875, 43.61000061035156, 42.880001068115234, 42.0099983215332, 42.91999816894531, 42.0099983215332, 41.880001068115234, 41.599998474121094, 41.310001373291016, 37.380001068115234, 36.900001525878906, 38.70000076293945]
assets:[0, 100.00042817115784, 200.8446320625305, 287.48079810619356, 383.3828505666733, 520.7553931829452, 621.2643149330139, 788.2067601787567, 835.8224339218139, 967.3483140594483, 1292.8138709259033, 1463.7888710918426, 1725.3514356887817, 2320.3251893455504, 2324.4714223480223, 2137.6178224113464, 2151.192235448456, 2086.2175212951656, 2295.1164703655245, 2681.5575632492064, 2368.72455, 2252.820976195908, 2838.8206642684936, 2956.5111566963196, 3148.929711920166, 3008.5059089378356, 3349.7469734008787, 3523.6751309223177, 4316.3562037765505, 4441.644682510376, 4528.1919408844, 4711.791353970337, 4696.105020578766, 4821.5124113483425, 4930.538838860321, 4966.05692276001, 5477.348247092056, 5341.54372267685, 5509.853105431365, 5649.60674941864, 5889.995128945923, 5710.808077926636, 5715.2137743625635, 5699.257015291977, 5922.710811325073, 5897.136710385894, 5978.889464486695, 6038.913698493958, 6096.815041679764, 5616.797458497238, 5644.670723416901, 6020.021188679885]
shares:[0, 4.9702, 9.8987, 15.1785, 20.5347, 25.4151, 30.2908, 34.6922, 39.407, 43.9504, 47.635, 51.1278, 54.2734, 56.7178, 59.2675, 62.1762, 65.2074, 68.4904, 71.6105, 74.3844, 77.6631, 81.2706, 84.238, 87.187, 90.0466, 93.1426, 96.0088, 98.8131, 101.1567, 103.4866, 105.8236, 108.1182, 110.4706, 112.8103, 115.1457, 117.512, 119.6973, 121.9809, 124.2357, 126.4743, 128.6587, 130.9518, 133.2839, 135.6643, 137.9942, 140.3746, 142.7624, 145.1662, 147.5869, 150.2621, 152.9721, 155.5561]
growth_rate:18.04
