ticker:WLTW
price:[208.42999267578125, 206.1199951171875, 205.30999755859375, 198.6699981689453, 209.61000061035156, 211.44000244140625, 216.75999450683594, 209.75, 182.47999572753906, 192.1699981689453, 206.80999755859375, 199.39999389648438, 209.5500030517578, 214.49000549316406, 204.39999389648438, 204.88999938964844, 211.80999755859375, 210.67999267578125, 203.63999938964844, 206.64999389648438, 206.5, 202.94000244140625, 223.91000366210938, 227.4199981689453, 224.97999572753906, 220.63999938964844, 228.02000427246094, 222.75999450683594, 220.0, 229.36000061035156, 233.58999633789062, 239.97999572753906, 240.39999389648438, 232.88999938964844, 258.8599853515625, 270.07000732421875, 264.8500061035156, 262.80999755859375, 261.3599853515625, 259.7300109863281, 257.489990234375, 225.1999969482422, 235.5, 231.6999969482422, 228.2100067138672, 222.36000061035156, 226.41000366210938, 206.0800018310547, 215.97999572753906, 219.24000549316406, 218.75, 219.3000030517578]
assets:[0, 100.00942163085938, 199.62291062622072, 293.1574492980957, 409.30544819183353, 512.868869921875, 625.7644281417846, 705.536075, 713.8069992874146, 851.7166488845826, 1016.5952239990236, 1080.1697069366455, 1235.1505829879761, 1364.26367993927, 1400.0786381927492, 1503.4418375213622, 1654.2148999328613, 1745.3994673217771, 1787.083542643738, 1913.4962834838868, 2012.11535, 2077.4359229919437, 2392.097742123413, 2529.5926396331784, 2602.4561005783085, 2652.247240663147, 2840.969639231873, 2875.4305610931397, 2939.794, 3164.869840422058, 3323.2381598999027, 3514.147067436218, 3620.3037080841063, 3607.2099115463257, 4109.454039453125, 4387.422303985596, 4402.628136459351, 4468.7160744873045, 4544.056977319336, 4615.713971240234, 4675.915226660157, 4189.530663226318, 4481.1411, 4508.835600613404, 4540.922713592529, 4524.51458441925, 4706.928130133057, 4384.269606954956, 4694.886755126953, 4865.746909913635, 4954.8625, 5067.321310516358]
shares:[0, 0.4852, 0.9723, 1.4756, 1.9527, 2.4256, 2.8869, 3.3637, 3.9117, 4.4321, 4.9156, 5.4171, 5.8943, 6.3605, 6.8497, 7.3378, 7.8099, 8.2846, 8.7757, 9.2596, 9.7439, 10.2367, 10.6833, 11.123, 11.5675, 12.0207, 12.4593, 12.9082, 13.3627, 13.7987, 14.2268, 14.6435, 15.0595, 15.4889, 15.8752, 16.2455, 16.6231, 17.0036, 17.3862, 17.7712, 18.1596, 18.6036, 19.0282, 19.4598, 19.898, 20.3477, 20.7894, 21.2746, 21.7376, 22.1937, 22.6508, 23.1068]
growth_rate:-0.64
