ticker:WMG
price:[29.09000015258789, 29.010000228881836, 28.479999542236328, 27.010000228881836, 27.989999771118164, 27.93000030517578, 29.309999465942383, 29.5, 26.530000686645508, 27.010000228881836, 29.350000381469727, 29.079999923706055, 28.350000381469727, 29.56999969482422, 33.15999984741211, 37.099998474121094, 37.45000076293945, 37.9900016784668, 36.20000076293945, 34.970001220703125, 38.7400016784668, 35.09000015258789, 37.91999816894531, 37.36000061035156, 36.380001068115234, 35.470001220703125, 35.04999923706055, 33.75, 33.25, 32.540000915527344, 34.02000045776367, 37.08000183105469, 36.95000076293945, 37.72999954223633, 37.959999084472656, 36.630001068115234, 34.709999084472656, 34.560001373291016, 35.88999938964844, 35.29999923706055, 34.97999954223633, 34.720001220703125, 36.560001373291016, 36.33000183105469, 37.41999816894531, 35.560001373291016, 37.709999084472656, 37.790000915527344, 35.5, 35.2599983215332, 36.439998626708984, 37.9900016784668]
assets:[0, 100.00037178897857, 198.17238081474306, 287.9428084400177, 398.39006374225613, 497.5366464363098, 622.11939366436, 726.1513500000001, 753.0434574901581, 866.6671763441086, 1041.7518485399248, 1132.1687290296554, 1203.746686197281, 1355.5479260101317, 1620.1213245449067, 1912.6199313362122, 2030.6626263690948, 2159.944339430237, 2158.1716454849243, 2184.841748266602, 2520.3818951992034, 2382.916293362045, 2675.096606826782, 2735.5926446914673, 2763.835975146103, 2794.7026781799314, 2861.6116227108, 2855.476125, 2913.17215, 2950.964825026703, 3185.180376858902, 3571.6792643737795, 3659.158575553894, 3836.401445454407, 3959.7897124969486, 3921.0511383361813, 3815.524417359924, 3899.035162933731, 4149.084913439941, 4180.878959638596, 4242.979498474503, 4311.442951583862, 4639.92848628807, 4710.736953424072, 4952.0727496826175, 4805.923517599868, 5196.494438838959, 5307.51871158371, 5085.8933, 5151.510436774825, 5423.907951592636, 5754.619082249451]
shares:[0, 3.4471, 6.9583, 10.6606, 14.2333, 17.8137, 21.2255, 24.6153, 28.3846, 32.0869, 35.4941, 38.9329, 42.4602, 45.842, 48.8577, 51.5531, 54.2233, 56.8556, 59.618, 62.4776, 65.0589, 67.9087, 70.5458, 73.2225, 75.9713, 78.7906, 81.6437, 84.6067, 87.6142, 90.6873, 93.6267, 96.3236, 99.03, 101.6804, 104.3148, 107.0448, 109.9258, 112.8193, 115.6056, 118.4385, 121.2973, 124.1775, 126.9127, 129.6652, 132.3376, 135.1497, 137.8015, 140.4477, 143.2646, 146.1007, 148.8449, 151.4772]
growth_rate:12.84
