ticker:WMPN
price:[31.5, 32.25, 34.75, 34.75, 35.0, 34.79999923706055, 34.79999923706055, 34.79999923706055, 34.5, 34.5, 34.400001525878906, 34.5, 34.75, 34.75, 37.0, 38.0, 38.0, 38.0, 38.0, 39.0, 39.0, 38.0099983215332, 37.0, 37.619998931884766, 36.619998931884766, 36.5, 37.0, 38.0, 38.0, 11.4399995803833, 11.359999656677246, 11.399999618530273, 11.380000114440918, 11.390000343322754, 11.579999923706055, 11.609999656677246, 11.359999656677246, 11.390000343322754, 11.25, 11.329999923706055, 11.529999732971191, 11.149999618530273, 11.829999923706055, 11.90999984741211, 11.8100004196167, 11.699999809265137, 11.75, 12.289999961853027, 12.180000305175781, 12.489999771118164, 12.25, 12.210000038146973]
assets:[0, 100.0008, 207.75287500000002, 307.75295, 409.9655, 507.6241088710785, 607.6253866786957, 707.6266644863128, 801.5281500000001, 901.52985, 998.9175643089294, 1101.82305, 1209.80735, 1309.8074250000002, 1494.615, 1635.0108, 1735.0116, 1835.0124, 1935.0131999999999, 2085.9345000000003, 2185.9344, 2230.445706506729, 2271.1784000000002, 2409.237399596405, 2445.1942306797027, 2537.1807, 2671.9365000000003, 2844.1518, 2944.1526, 986.3453238210677, 1079.447615376854, 1183.2481404058456, 1281.171792883873, 1382.2972756658555, 1505.355986082077, 1609.2562474122046, 1674.603677390003, 1779.0257946242332, 1857.159, 1970.3651637319565, 2105.146198245907, 2135.765701930046, 2366.018912741089, 2482.018957201004, 2561.1792840003013, 2637.3238670060155, 2748.594075, 2974.912474766159, 3048.286240376282, 3225.8696788852694, 3263.883875, 3353.226205476284]
shares:[0, 3.1008, 5.9785, 8.8562, 11.7133, 14.5869, 17.4605, 20.3341, 23.2327, 26.1313, 29.0383, 31.9369, 34.8146, 37.6923, 40.395, 43.0266, 45.6582, 48.2898, 50.9214, 53.4855, 56.0496, 58.6805, 61.3832, 64.0414, 66.7721, 69.5118, 72.2145, 74.8461, 77.4777, 86.219, 95.0218, 103.7937, 112.581, 121.3606, 129.9962, 138.6095, 147.4123, 156.1919, 165.0808, 173.9069, 182.5799, 191.5485, 200.0016, 208.3979, 216.8653, 225.4123, 233.9229, 242.0596, 250.2698, 258.2762, 266.4395, 274.6295]
growth_rate:-34.25
