ticker:WNEB
price:[5.570000171661377, 5.619999885559082, 6.360000133514404, 5.25, 5.789999961853027, 6.900000095367432, 6.880000114440918, 6.659999847412109, 5.760000228881836, 5.909999847412109, 6.340000152587891, 6.0, 6.730000019073486, 6.880000114440918, 6.519999980926514, 6.5, 6.75, 6.889999866485596, 6.650000095367432, 6.71999979019165, 6.659999847412109, 6.409999847412109, 7.230000019073486, 7.550000190734863, 7.570000171661377, 8.010000228881836, 8.600000381469727, 9.0600004196167, 8.329999923706055, 8.59000015258789, 8.5, 8.09000015258789, 8.109999656677246, 7.869999885559082, 8.100000381469727, 8.319999694824219, 8.579999923706055, 8.479999542236328, 8.510000228881836, 8.59000015258789, 8.510000228881836, 8.010000228881836, 8.029999732971191, 8.130000114440918, 8.0, 7.989999771118164, 8.109999656677246, 8.460000038146973, 8.539999961853027, 8.760000228881836, 8.869999885559082, 8.729999542236328]
assets:[0, 100.00002996368409, 213.16748847498894, 275.96362500000004, 404.34870033597946, 581.8666580421925, 680.1802033140183, 758.4301266235351, 755.9395500383376, 875.6255773925781, 1039.3346110141754, 1083.5976, 1315.4350357280732, 1444.753928031826, 1469.156159702158, 1564.6494500000001, 1724.828175, 1860.6024349452496, 1895.7920021874904, 2015.7479370653627, 2097.750101938248, 2119.005570557785, 2490.079968569088, 2700.290788217163, 2807.4435716630933, 3070.623975741577, 3396.7997706716537, 3678.4888223703388, 3482.0982381076815, 3690.782901560974, 3752.11335, 3671.1288092422487, 3780.204654971599, 3768.3369552030563, 3978.4666573659897, 4186.5231744392395, 4417.352042720604, 4465.867950925445, 4581.667536226845, 4724.738026927566, 4780.736014580917, 4599.84676143837, 4711.331732329846, 4870.0034005519865, 4892.1312, 4986.01553717041, 5160.899656522273, 5483.626512726212, 5635.4810708271025, 5880.657357650185, 6054.501374884701, 6058.940073295212]
shares:[0, 17.7936, 33.5169, 52.5645, 69.8357, 84.3285, 98.8634, 113.8784, 131.2395, 148.16, 163.9329, 180.5996, 195.4584, 209.9933, 225.3307, 240.7153, 255.5301, 270.0439, 285.0815, 299.9625, 314.9775, 330.5781, 344.4094, 357.6544, 370.8644, 383.3488, 394.9767, 406.0142, 418.019, 429.6604, 441.4251, 453.786, 466.1165, 478.823, 491.1687, 503.1879, 514.8429, 526.6354, 538.3863, 550.0277, 561.7786, 574.263, 586.7163, 599.0164, 611.5164, 624.032, 636.3625, 648.1828, 659.8924, 671.3079, 682.5819, 694.0367]
growth_rate:18.8
