ticker:WNW
price:[77.9800033569336, 45.0099983215332, 37.529998779296875, 33.61000061035156, 24.93000030517578, 22.100000381469727, 17.8700008392334, 15.670000076293945, 32.189998626708984, 16.979999542236328, 11.449999809265137, 9.819999694824219, 11.079999923706055, 13.399999618530273, 10.09000015258789, 10.029999732971191, 10.149999618530273, 9.029999732971191, 8.859999656677246, 8.970000267028809, 7.820000171661377, 6.96999979019165, 7.010000228881836, 7.139999866485596, 6.579999923706055, 6.699999809265137, 6.480000019073486, 7.400000095367432, 7.989999771118164, 6.75, 5.71999979019165, 5.579999923706055, 5.159999847412109, 5.070000171661377, 5.0, 4.389999866485596, 5.150000095367432, 4.909999847412109, 5.0]
assets:[0, 99.9987132709503, 183.37908003540036, 264.2250197982788, 295.9864146232605, 362.386966255188, 393.0256504577637, 444.639386164856, 1013.3990987663269, 634.5612608928681, 527.8988062062264, 552.7481428222655, 723.6713590169907, 975.1983722381591, 834.3098246170044, 929.3486822579383, 1040.4673258958817, 1025.6571686699867, 1106.3481571292878, 1220.0841873208046, 1163.662945544243, 1137.1777697690964, 1243.703725607872, 1366.7680484421253, 1359.5707702360153, 1484.3655277432442, 1535.6252205200194, 1853.6460038888456, 2101.4362568021775, 1875.3059250000001, 1689.1479700424195, 1747.8049621026992, 1716.2494892482757, 1786.3151884815215, 1861.652, 1734.5302132472038, 2134.8135745323657, 2135.3270186405184, 2274.4675]
shares:[0, 2.2217, 4.8862, 7.8615, 11.8727, 16.3976, 21.9936, 28.3752, 31.4818, 37.3711, 46.1047, 56.288, 65.3133, 72.776, 82.6868, 92.6569, 102.5091, 113.5833, 124.87, 136.0183, 148.806, 163.1532, 177.4185, 191.4241, 206.6217, 221.5471, 236.9792, 250.4927, 263.0083, 277.8231, 295.3056, 313.2267, 332.6065, 352.3304, 372.3304, 395.1094, 414.5269, 434.8935, 454.8935]
growth_rate:-40.15
