ticker:WOOD
price:[65.83999633789062, 64.86000061035156, 66.80999755859375, 63.68000030517578, 65.93000030517578, 67.55000305175781, 67.0199966430664, 67.4800033569336, 63.27000045776367, 67.94000244140625, 69.37999725341797, 70.88999938964844, 72.76000213623047, 74.58999633789062, 76.91000366210938, 79.73999786376953, 79.13999938964844, 79.62000274658203, 82.77999877929688, 80.29000091552734, 82.7699966430664, 79.19999694824219, 83.12000274658203, 86.94000244140625, 86.06999969482422, 83.19000244140625, 84.55999755859375, 86.83000183105469, 85.43000030517578, 86.27999877929688, 86.9800033569336, 90.54000091552734, 94.02999877929688, 92.41999816894531, 91.7699966430664, 96.75, 94.02999877929688, 91.56999969482422, 91.4800033569336, 90.08999633789062, 88.25, 84.1500015258789, 86.38999938964844, 87.56999969482422, 89.70999908447266, 85.8499984741211, 87.47000122070312, 87.62000274658203, 87.27999877929688, 89.38999938964844, 85.97000122070312, 89.5199966430664]
assets:[0, 100.00114894104004, 203.008858581543, 293.50112140655517, 403.8739958694458, 513.7988332122803, 609.7680354576111, 713.9519315170288, 769.4074945667267, 926.1988772827149, 1045.827140598297, 1168.5861949386597, 1299.413602150726, 1432.0980936889648, 1576.6396930725098, 1734.655939528656, 1821.6049359512328, 1932.6561366691587, 2109.3585388946535, 2145.9108544692995, 2312.1964102233887, 2312.4656708953858, 2526.9228914985656, 2743.0527110290527, 2815.599293016815, 2821.388932800293, 2967.8529703125, 3147.5267853744504, 3196.773525419617, 3328.578816906738, 3455.585063365936, 3697.019857383728, 3939.5278438568116, 3972.0728913040157, 4044.138566065979, 4363.59915, 4340.923102645874, 4327.360103578186, 4423.103902309417, 4455.89626387024, 4464.885200000001, 4357.455379013061, 4573.4433726882935, 4735.908181495667, 4951.642080466461, 4838.583179000092, 5029.883697195434, 5138.510109074402, 5218.567135012818, 5444.726984823608, 5336.415885772705, 5656.777539875031]
shares:[0, 1.5418, 3.0386, 4.609, 6.1258, 7.6062, 9.0983, 10.5802, 12.1607, 13.6326, 15.0739, 16.4845, 17.8589, 19.1996, 20.4998, 21.7539, 23.0175, 24.2735, 25.4815, 26.727, 27.9352, 29.1978, 30.4009, 31.5511, 32.7129, 33.915, 35.0976, 36.2493, 37.4198, 38.5788, 39.7285, 40.833, 41.8965, 42.9785, 44.0682, 45.1018, 46.1653, 47.2574, 48.3505, 49.4605, 50.5936, 51.782, 52.9395, 54.0814, 55.1961, 56.3609, 57.5041, 58.6454, 59.7911, 60.9098, 62.073, 63.1901]
growth_rate:10.92
