ticker:WOOF
price:[27.709999084472656, 26.06999969482422, 26.030000686645508, 26.350000381469727, 25.729999542236328, 23.59000015258789, 19.93000030517578, 19.459999084472656, 22.709999084472656, 23.219999313354492, 20.989999771118164, 21.670000076293945, 21.75, 22.709999084472656, 24.280000686645508, 23.6200008392334, 23.81999969482422, 24.65999984741211, 24.700000762939453, 22.649999618530273, 22.09000015258789, 23.799999237060547, 22.270000457763672, 22.559999465942383, 21.56999969482422, 21.450000762939453, 19.200000762939453, 20.969999313354492, 20.6299991607666, 19.969999313354492, 19.639999389648438, 21.540000915527344, 21.530000686645508, 21.530000686645508]
assets:[0, 99.99930482940674, 199.84533027172088, 302.3030143764496, 395.189635969162, 462.32154099044794, 490.592901512146, 579.0225427589417, 775.7236067276001, 893.1433415885924, 907.3683041057586, 1036.7643146501541, 1140.59175, 1290.934000957489, 1480.1792538599013, 1539.9437467151643, 1652.9841148223877, 1811.2769887924196, 1914.2154791267394, 1855.3430087524414, 1909.4706581897735, 2157.2842908454895, 2118.6008185482024, 2246.1886028265, 2247.6198522003174, 2335.11572305603, 2190.172887029648, 2492.0789123989102, 2551.673021197319, 2570.039061632156, 2627.5687423431395, 2981.762940735626, 3080.3790122409823, 3180.3794064302447]
shares:[0, 3.8358, 7.6775, 11.4726, 15.3591, 19.5982, 24.6158, 29.7545, 34.1578, 38.4644, 43.2286, 47.8433, 52.441, 56.8443, 60.9629, 65.1966, 69.3948, 73.45, 77.4986, 81.9136, 86.4405, 90.6422, 95.1325, 99.5651, 104.2012, 108.8632, 114.0715, 118.8402, 123.6875, 128.695, 133.7866, 138.4291, 143.0738, 147.7185]
growth_rate:-3.62
