ticker:WORX
price:[1.5199999809265137, 1.5399999618530273, 1.5, 1.2899999618530273, 1.4199999570846558, 1.590000033378601, 1.4700000286102295, 1.3300000429153442, 1.0700000524520874, 1.0499999523162842, 1.1200000047683716, 1.0800000429153442, 2.2200000286102295, 1.75, 1.600000023841858, 1.5800000429153442, 1.5199999809265137, 1.350000023841858, 1.9500000476837158, 1.7200000286102295, 1.8799999952316284, 2.0299999713897705, 2.2699999809265137, 2.619999885559082, 2.7200000286102295, 2.0, 1.5, 2.109999895095825, 2.1500000953674316, 2.059999942779541, 2.0399999618530273, 1.9700000286102295, 1.590000033378601, 1.6200000047683716, 1.6299999952316284, 1.409999966621399, 1.3700000047683716, 1.590000033378601, 1.5299999713897705, 1.6799999475479126, 2.009999990463257, 1.6699999570846558, 1.6299999952316284, 1.6699999570846558, 1.6699999570846558, 2.6700000762939453, 1.9299999475479126, 2.2100000381469727, 3.2200000286102295, 2.7300000190734863, 2.75, 2.859999895095825]
assets:[0, 100.00005152292252, 197.40269999999998, 269.7663400226593, 396.9520420032859, 544.4745234300614, 603.3820917434692, 645.9171808419227, 619.6476233755232, 708.0653678445816, 855.2697476412892, 924.7244407452464, 2000.8223117855787, 1677.22485, 1633.4627443404913, 1713.0444205290437, 1747.9920740655898, 1652.4930441840768, 2486.934510813475, 2293.6036981514694, 2606.962153387785, 2914.9644519173385, 3359.590891771317, 3977.5892442599297, 4229.405836486864, 3209.8572, 2507.39295, 3627.065976670909, 3795.825813371229, 3736.93053619957, 3800.6496729297637, 3770.2353047549727, 3142.981844980085, 3302.28333972007, 3422.667795987392, 3060.712589544463, 3073.8839436988474, 3667.5004369912144, 3629.10408713758, 4084.8985364634154, 4987.289361337065, 4243.668119947016, 4242.023479590464, 4446.122047744393, 4546.121979174613, 7368.351150547027, 5426.186167531192, 6313.405232976151, 9298.717048620629, 7983.694774779081, 8142.183225000001, 8567.870139732384]
shares:[0, 64.9351, 131.6018, 209.1212, 279.5437, 342.4368, 410.464, 485.652, 579.1099, 674.348, 763.6337, 856.2263, 901.2713, 958.4142, 1020.9142, 1084.2053, 1149.9948, 1224.0689, 1275.351, 1333.4905, 1386.682, 1435.9431, 1479.996, 1518.1639, 1554.9286, 1604.9286, 1671.5953, 1718.9887, 1765.5003, 1814.044, 1863.0636, 1913.825, 1976.7181, 2038.4465, 2099.7962, 2170.7182, 2243.7109, 2306.604, 2371.9635, 2431.4873, 2481.2385, 2541.1187, 2602.4684, 2662.3486, 2722.2288, 2759.682, 2811.4955, 2856.7444, 2887.8003, 2924.4303, 2960.7939, 2995.7589]
growth_rate:68.0
