ticker:WPRT
price:[1.659999966621399, 1.6200000047683716, 2.25, 1.6100000143051147, 1.75, 2.0799999237060547, 2.0199999809265137, 2.069999933242798, 1.7699999809265137, 1.9199999570846558, 2.5999999046325684, 3.4700000286102295, 4.150000095367432, 4.230000019073486, 4.059999942779541, 5.090000152587891, 5.429999828338623, 5.329999923706055, 5.659999847412109, 6.829999923706055, 8.199999809265137, 7.440000057220459, 8.649999618530273, 11.930000305175781, 10.25, 9.369999885559082, 7.989999771118164, 9.739999771118164, 8.850000381469727, 7.170000076293945, 7.190000057220459, 6.690000057220459, 6.489999771118164, 6.889999866485596, 6.829999923706055, 6.25, 5.360000133514404, 5.840000152587891, 6.260000228881836, 5.510000228881836, 5.650000095367432, 5.039999961853027, 5.400000095367432, 5.119999885559082, 4.78000020980835, 4.0, 4.0, 4.010000228881836, 5.019999980926514, 4.449999809265137, 3.7899999618530273, 4.090000152587891]
assets:[0, 100.00000829434394, 238.8888, 270.93820840733054, 394.498125, 568.8891311332702, 652.4789818390847, 768.6294772118092, 757.2339578400612, 921.4062514049649, 1347.737510565281, 1898.7111456549167, 2370.7929644810674, 2516.4951143471244, 2515.3591605492593, 3253.4924675331113, 3570.817843113899, 3605.0568453969954, 3928.2589360980983, 4840.2843459320065, 5911.1756825039865, 5463.311082017899, 6451.83317047062, 8998.30890718155, 7831.1537499999995, 7258.820849344063, 6289.751789823532, 7767.356643473626, 7157.608613521004, 5898.875933768273, 6015.330202872038, 5697.018066727352, 5626.703246563911, 6073.4956093078135, 6120.606079630279, 5700.8475, 4989.046852274179, 5535.827248640442, 6033.951620616913, 5411.034012770844, 5648.519230342436, 5138.67912910614, 5605.727679000712, 5415.060358963966, 5155.4668362886905, 4414.198, 4514.198, 4625.483936012268, 5890.505627619028, 5321.663101904106, 4632.382787374306, 5099.062495233536]
shares:[0, 61.7284, 106.1728, 168.2846, 225.4275, 273.5044, 323.0094, 371.3186, 427.8158, 479.8991, 518.3606, 547.179, 571.2754, 594.9161, 619.5466, 639.193, 657.6092, 676.3709, 694.0387, 708.68, 720.8751, 734.316, 745.8767, 754.2589, 764.015, 774.6874, 787.203, 797.4699, 808.7693, 822.7163, 836.6245, 851.5722, 866.9805, 881.4943, 896.1356, 912.1356, 930.7923, 947.9156, 963.89, 982.0388, 999.7379, 1019.5792, 1038.0977, 1057.629, 1078.5495, 1103.5495, 1128.5495, 1153.4872, 1173.4075, 1195.8794, 1222.2646, 1246.7145]
growth_rate:-0.02
