ticker:WRAP
price:[8.09000015258789, 7.730000019073486, 8.819999694824219, 6.860000133514404, 6.579999923706055, 6.380000114440918, 6.050000190734863, 5.599999904632568, 5.170000076293945, 6.340000152587891, 6.090000152587891, 6.0, 5.829999923706055, 5.53000020980835, 5.460000038146973, 5.809999942779541, 5.699999809265137, 4.829999923706055, 4.929999828338623, 5.179999828338623, 5.159999847412109, 5.559999942779541, 6.650000095367432, 7.119999885559082, 5.929999828338623, 5.260000228881836, 5.21999979019165, 5.929999828338623, 5.650000095367432, 5.550000190734863, 5.400000095367432, 5.389999866485596, 5.039999961853027, 5.849999904632568, 5.880000114440918, 6.019999980926514, 5.889999866485596, 7.119999885559082, 8.960000038146973, 8.039999961853027, 8.529999732971191, 9.180000305175781, 8.3100004196167, 7.440000057220459, 7.0, 6.5, 6.699999809265137, 6.920000076293945, 7.929999828338623, 7.78000020980835, 7.239999771118164, 7.610000133514404]
assets:[0, 99.99991824674606, 214.1010825920105, 266.5233531872749, 355.64504787635803, 444.8352999792099, 521.8264314513207, 583.0126300713539, 638.2458154186249, 882.6846192440033, 947.8786827495576, 1033.8708000000001, 1104.5780205450058, 1147.7388245452403, 1233.210350615978, 1412.2622500911712, 1485.524260291004, 1358.7862045368195, 1486.9185142258643, 1662.3199609119415, 1755.901508075714, 1992.0178754992482, 2482.5394656020167, 2757.996747670269, 2397.039355610609, 2226.210410870552, 2309.2809271826745, 2723.3785131637574, 2694.7873204858306, 2747.0919194083212, 2772.8460489702225, 2867.711159964609, 2781.496346947288, 3328.5224157380103, 3445.5918670606616, 3627.629714506388, 3649.29195527792, 4511.367919488049, 5777.227032596397, 5284.029478929137, 5706.065698373509, 6240.877245468903, 5749.4217083192825, 5247.496768358088, 5037.1608, 4777.3635, 5024.359336967087, 5289.338734315682, 6161.337074625015, 6144.792763710642, 5818.290428063393, 6215.634268050813]
shares:[0, 12.9366, 24.2745, 38.8518, 54.0494, 69.7234, 86.2523, 104.1094, 123.4518, 139.2247, 155.6451, 172.3118, 189.4645, 207.5477, 225.8627, 243.0744, 260.6183, 281.3222, 301.6062, 320.9112, 340.291, 358.2766, 373.3142, 387.3591, 404.2225, 423.2339, 442.391, 459.2544, 476.9535, 494.9715, 513.49, 532.0429, 551.8842, 568.9782, 585.985, 602.5963, 619.5742, 633.6191, 644.7798, 657.2176, 668.9409, 679.8341, 691.8678, 705.3087, 719.5944, 734.979, 749.9044, 764.3553, 776.9656, 789.8191, 803.6313, 816.7719]
growth_rate:21.88
