ticker:WRLD
price:[97.0999984741211, 86.62999725341797, 97.95999908447266, 95.20999908447266, 108.9800033569336, 105.12999725341797, 107.61000061035156, 100.30999755859375, 83.98999786376953, 95.75, 108.93000030517578, 109.76000213623047, 114.5199966430664, 120.20999908447266, 114.0, 105.55000305175781, 103.43000030517578, 102.22000122070312, 123.87999725341797, 141.0500030517578, 112.19000244140625, 143.4199981689453, 130.52999877929688, 133.30999755859375, 120.33000183105469, 126.55000305175781, 143.92999267578125, 146.75999450683594, 134.0500030517578, 126.80000305175781, 130.22000122070312, 130.61000061035156, 131.82000732421875, 129.3300018310547, 130.74000549316406, 134.2899932861328, 148.3699951171875, 155.6999969482422, 160.61000061035156, 152.39999389648438, 162.10000610351562, 162.66000366210938, 164.4600067138672, 161.80999755859375, 165.8300018310547, 164.3000030517578, 180.88999938964844, 189.57000732421875, 185.0, 179.86000061035156, 191.82000732421875, 192.3300018310547]
assets:[0, 99.99700582962036, 213.07279400863646, 307.0903310470581, 451.50415390777584, 535.5532320083618, 648.1888386764526, 704.2163068603516, 689.6418724594116, 886.20455, 1108.1884651046753, 1216.6347436790466, 1369.3957638587954, 1537.4378042907715, 1558.0152, 1542.528854598999, 1611.542834754944, 1692.6916662139893, 2151.361972301483, 2549.5493301620486, 2127.885338305664, 2820.225185993958, 2666.753981060791, 2823.545741290283, 2648.619769303894, 2885.5298945846557, 3381.822286907959, 3548.3191191879273, 3341.0220610610963, 3260.3197184677124, 3448.251676324463, 3558.5739546295163, 3691.5402131103515, 3721.8070606933593, 3862.3866122817994, 4067.2678846557615, 4593.713092822266, 4920.664853553772, 5175.833940669251, 5011.262319302368, 5430.220524462891, 5548.983364929199, 5710.396799119568, 5718.381494720459, 5960.4443388137815, 6005.444421546936, 6711.83298235321, 7133.898515624999, 7061.912499999999, 6965.7080336379995, 7528.896923474121, 7648.906473820496]
shares:[0, 1.1543, 2.1751, 3.2254, 4.143, 5.0942, 6.0235, 7.0204, 8.211, 9.2554, 10.1734, 11.0845, 11.9577, 12.7896, 13.6668, 14.6142, 15.581, 16.5593, 17.3665, 18.0755, 18.9668, 19.6641, 20.4302, 21.1803, 22.0113, 22.8015, 23.4963, 24.1777, 24.9237, 25.7123, 26.4802, 27.2458, 28.0044, 28.7776, 29.5425, 30.2872, 30.9612, 31.6035, 32.2261, 32.8823, 33.4992, 34.114, 34.7221, 35.3401, 35.9431, 36.5517, 37.1045, 37.632, 38.1725, 38.7285, 39.2498, 39.7697]
growth_rate:49.98
