ticker:WSBCP
price:[26.319000244140625, 26.299999237060547, 26.65999984741211, 26.75, 27.1200008392334, 27.15999984741211, 27.229999542236328, 26.913000106811523, 26.43000030517578, 26.989999771118164, 27.600000381469727, 27.440000534057617, 27.829999923706055, 28.200000762939453, 28.0, 27.92099952697754, 27.81999969482422, 28.049999237060547, 28.030000686645508, 27.959999084472656, 27.690000534057617, 27.209999084472656, 27.209999084472656, 27.450000762939453, 27.149999618530273, 27.149999618530273, 27.25, 27.299999237060547, 27.450000762939453, 27.940000534057617, 28.68000030517578, 28.649999618530273, 28.469999313354492, 28.170000076293945, 28.709999084472656, 28.299999237060547, 27.899999618530273, 28.0, 28.049999237060547, 28.049999237060547, 28.030000686645508, 27.850000381469727, 27.790000915527344, 28.219999313354492, 28.780000686645508, 28.799999237060547, 28.450000762939453, 28.799999237060547, 28.489999771118164, 28.1200008392334, 28.020000457763672, 28.040000915527344]
assets:[0, 100.00048709907531, 201.36831084747317, 302.047625, 406.2250685707092, 506.8246091526031, 608.1303027767182, 701.051357182312, 788.470341104126, 905.1771173238754, 1025.635334175682, 1119.6892217922211, 1235.6019026126862, 1352.029296578598, 1442.4396000000002, 1538.368895137787, 1632.8030760887145, 1746.303192501831, 1845.0579771980285, 1940.4491004615782, 2021.7106259927748, 2086.6640837905884, 2186.6635514259337, 2305.95103909111, 2380.7481715494155, 2480.7470501443863, 2589.8836, 2694.6355046943663, 2809.441698085022, 2959.592054570961, 3137.97921339035, 3234.69669193058, 3314.3748280632017, 3379.4506801527023, 3544.2321609786986, 3593.6188031196593, 3642.8248301925664, 3755.8808, 3862.5886799404143, 3962.589732220459, 4059.7643914512632, 4133.694791620445, 4224.788784183502, 4390.159895179176, 4577.277795206643, 4680.457796010208, 4723.576386671448, 4881.686270679474, 4929.140330400467, 4965.12605218277, 5047.469644460678, 5151.071544186401]
shares:[0, 3.8023, 7.5532, 11.2915, 14.9788, 18.6607, 22.3331, 26.0488, 29.8324, 33.5375, 37.1607, 40.805, 44.3982, 47.9443, 51.5157, 55.0972, 58.6917, 62.2568, 65.8244, 69.4009, 73.0123, 76.6874, 80.3625, 84.0055, 87.6887, 91.3719, 95.0416, 98.7046, 102.3476, 105.9267, 109.4135, 112.9039, 116.4164, 119.9663, 123.4494, 126.983, 130.5672, 134.1386, 137.7037, 141.2688, 144.8364, 148.4271, 152.0255, 155.5691, 159.0437, 162.5159, 166.0308, 169.503, 173.013, 176.5692, 180.1381, 183.7044]
growth_rate:1.0
