ticker:WSBC
price:[23.290000915527344, 22.149999618530273, 22.420000076293945, 20.510000228881836, 22.34000015258789, 23.81999969482422, 23.639999389648438, 24.93000030517578, 24.290000915527344, 23.450000762939453, 27.43000030517578, 28.75, 29.75, 30.020000457763672, 29.8799991607666, 29.280000686645508, 29.68000030517578, 29.959999084472656, 31.719999313354492, 31.68000030517578, 31.649999618530273, 29.0, 31.079999923706055, 30.850000381469727, 31.059999465942383, 32.279998779296875, 35.040000915527344, 37.25, 36.5099983215332, 36.61000061035156, 36.70000076293945, 36.34000015258789, 36.72999954223633, 37.59000015258789, 36.290000915527344, 39.0099983215332, 39.4900016784668, 39.41999816894531, 38.91999816894531, 38.880001068115234, 37.61000061035156, 34.849998474121094, 37.150001525878906, 35.400001525878906, 34.290000915527344, 33.29999923706055, 32.02000045776367, 32.279998779296875, 33.810001373291016, 34.279998779296875, 33.9900016784668, 35.18000030517578]
assets:[0, 100.00060327777864, 201.21950068473816, 284.07786017017366, 409.4251827964783, 536.5502571258545, 632.4952756698608, 767.0088543891907, 847.3178179367065, 918.015939867401, 1173.8229750595092, 1330.311375, 1476.58175, 1589.982306245041, 1682.566656742096, 1748.7802490106583, 1872.671491255188, 1990.3386111785887, 2207.2615282192232, 2304.4792541992188, 2402.298271045685, 2301.1587, 2566.207217700577, 2647.21693773365, 2765.2375864534374, 2973.8529915405275, 3328.123814957428, 3638.032425, 3665.7608244747166, 3775.801700949097, 3885.0841007652284, 3946.9746325729366, 4089.3344990348814, 4285.083344394302, 4236.890267888642, 4654.450642734909, 4811.722438515472, 4903.193400247193, 4941.00274354248, 5035.924362347412, 4971.4290376785275, 4706.600328925323, 5117.223245182037, 4976.1711344924925, 4920.138500365448, 4878.086918237686, 4790.579510486984, 4929.478613586426, 5263.125150777054, 5436.290178414917, 5490.299602117539, 5782.515542161561]
shares:[0, 4.5147, 8.975, 13.8507, 18.327, 22.5252, 26.7553, 30.7665, 34.8834, 39.1478, 42.7934, 46.2717, 49.633, 52.9641, 56.3108, 59.7261, 63.0954, 66.4332, 69.5858, 72.7424, 75.902, 79.3503, 82.5678, 85.8093, 89.0289, 92.1268, 94.9807, 97.6653, 100.4043, 103.1358, 105.8606, 108.6124, 111.335, 113.9953, 116.7509, 119.3143, 121.8466, 124.3834, 126.9528, 129.5248, 132.1837, 135.0531, 137.7449, 140.5698, 143.4861, 146.4891, 149.6121, 152.71, 155.6677, 158.5849, 161.5269, 164.3694]
growth_rate:13.38
