ticker:WSBF
price:[15.739999771118164, 15.050000190734863, 15.699999809265137, 14.899999618530273, 15.930000305175781, 16.540000915527344, 16.450000762939453, 17.020000457763672, 16.8799991607666, 16.770000457763672, 17.93000030517578, 18.079999923706055, 18.020000457763672, 18.020000457763672, 18.06999969482422, 18.520000457763672, 18.59000015258789, 18.81999969482422, 18.889999389648438, 19.219999313354492, 19.270000457763672, 18.469999313354492, 19.190000534057617, 19.719999313354492, 19.81999969482422, 19.43000030517578, 20.670000076293945, 21.030000686645508, 20.770000457763672, 20.65999984741211, 20.65999984741211, 20.850000381469727, 20.799999237060547, 20.459999084472656, 19.700000762939453, 20.040000915527344, 19.979999542236328, 19.75, 19.780000686645508, 20.31999969482422, 20.06999969482422, 19.3700008392334, 19.729999542236328, 19.43000030517578, 19.399999618530273, 19.280000686645508, 19.56999969482422, 19.729999542236328, 20.5, 20.559999465942383, 20.049999237060547, 20.399999618530273]
assets:[0, 99.99972626733779, 204.31822751779555, 293.90696247539523, 414.22461193542483, 530.0855273414611, 627.2006940891265, 748.9327821430207, 842.7727820993424, 937.280356584549, 1102.1122937583923, 1211.3328748884203, 1307.313191209793, 1407.3133817501068, 1511.2175654777527, 1648.8523087551118, 1755.083773405838, 1876.7981215667726, 1983.7786219024658, 2118.4340903177263, 2223.944971830368, 2231.617350036812, 2418.6097983098985, 2585.4082579767223, 2698.5187244499207, 2745.4201831207274, 3020.629064149284, 3173.237833608627, 3234.0053832763674, 3316.8782695026393, 3416.878866764069, 3548.3031049194337, 3639.793946493149, 3680.2975773170474, 3643.590001108551, 3806.473925898743, 3895.0769347595215, 3950.238975, 4056.239246808815, 4266.976415916443, 4314.479946395874, 4263.999638743972, 4443.247194910431, 4475.686969297028, 4568.775570162391, 4640.514933269119, 4810.315709987641, 4949.643282161331, 5242.81145, 5358.155852818871, 5325.243707364655, 5518.203976812363]
shares:[0, 6.6445, 13.0139, 19.7253, 26.0028, 32.0487, 38.1277, 44.0031, 49.9273, 55.8903, 61.4675, 66.9985, 72.5479, 78.0973, 83.6313, 89.0309, 94.4101, 99.7236, 105.0174, 110.2203, 115.4097, 120.8239, 126.0349, 131.1059, 136.1513, 141.298, 146.1359, 150.891, 155.7056, 160.5459, 165.3862, 170.1824, 174.9901, 179.8777, 184.9538, 189.9438, 194.9488, 200.0121, 205.0677, 209.989, 214.9716, 220.1342, 225.2026, 230.3493, 235.5039, 240.6906, 245.8005, 250.8689, 255.7469, 260.6107, 265.5982, 270.5002]
growth_rate:8.2
