ticker:WSC
price:[17.989999771118164, 16.93000030517578, 17.030000686645508, 16.399999618530273, 17.469999313354492, 17.719999313354492, 17.360000610351562, 18.6200008392334, 18.579999923706055, 20.190000534057617, 20.979999542236328, 21.450000762939453, 21.200000762939453, 21.579999923706055, 22.1200008392334, 22.235000610351562, 22.549999237060547, 23.170000076293945, 25.81999969482422, 26.81999969482422, 25.530000686645508, 23.709999084472656, 25.889999389648438, 26.780000686645508, 26.700000762939453, 27.729999542236328, 26.079999923706055, 27.739999771118164, 26.81999969482422, 27.3799991607666, 28.979999542236328, 29.739999771118164, 28.90999984741211, 29.75, 29.270000457763672, 29.3700008392334, 27.729999542236328, 29.139999389648438, 29.0, 27.860000610351562, 29.489999771118164, 27.809999465942383, 28.030000686645508, 27.729999542236328, 28.010000228881836, 27.1200008392334, 28.450000762939453, 28.709999084472656, 28.600000381469727, 27.68000030517578, 26.979999542236328, 29.5]
assets:[0, 100.00043280258178, 200.59126908779146, 293.17131318073274, 412.2989717948914, 518.1983439199448, 607.6711973648072, 751.7769478837967, 850.1613405090332, 1023.8288700819015, 1163.8885526050567, 1289.9622908817291, 1374.9281694805143, 1499.5726146984102, 1637.096838111496, 1745.6076399169922, 1870.3375267204285, 2021.7609156572341, 2352.9946461891177, 2544.126397051239, 2521.759006824303, 2441.9852747062682, 2766.512130780029, 2961.61366593647, 3052.765947231293, 3270.531606010437, 3175.928502709198, 3478.077233302498, 3462.7274785987856, 3635.028924581528, 3947.4497796466826, 4150.972364053726, 4135.124482174683, 4355.272075, 4385.003162578582, 4499.983418584824, 4348.7072642120365, 4669.827688188171, 4747.3928000000005, 4660.771938107299, 5033.459324933625, 4846.710020924759, 4985.051532117844, 5031.697152937317, 5182.505476348496, 5117.834342372322, 5468.818466656494, 5618.796597823333, 5697.268795990753, 5613.999533895111, 5572.025519460678, 6192.46595]
shares:[0, 5.9067, 11.7787, 17.8763, 23.6004, 29.2437, 35.0041, 40.3747, 45.7568, 50.7097, 55.4761, 60.1381, 64.8551, 69.489, 74.0098, 78.5072, 82.9418, 87.2577, 91.1307, 94.8593, 98.7763, 102.9939, 106.8564, 110.5905, 114.3358, 117.942, 121.7764, 125.3813, 129.1099, 132.7622, 136.2129, 139.5754, 143.0344, 146.3957, 149.8122, 153.217, 156.8232, 160.2549, 163.7032, 167.2926, 170.6836, 174.2794, 177.847, 181.4532, 185.0234, 188.7107, 192.2256, 195.7087, 199.2052, 202.8179, 206.5243, 209.9141]
growth_rate:21.42
