ticker:WSFS
price:[30.440000534057617, 27.770000457763672, 27.270000457763672, 25.639999389648438, 28.25, 30.649999618530273, 29.989999771118164, 32.029998779296875, 31.690000534057617, 32.02000045776367, 37.529998779296875, 38.72999954223633, 39.9900016784668, 41.880001068115234, 42.11000061035156, 41.61000061035156, 44.59000015258789, 44.880001068115234, 46.290000915527344, 46.650001525878906, 46.540000915527344, 42.970001220703125, 45.2599983215332, 45.25, 45.790000915527344, 53.13999938964844, 52.099998474121094, 52.59000015258789, 51.959999084472656, 50.79999923706055, 50.369998931884766, 50.68000030517578, 50.06999969482422, 49.65999984741211, 51.09000015258789, 52.33000183105469, 53.290000915527344, 52.95000076293945, 53.209999084472656, 53.43000030517578, 52.060001373291016, 47.209999084472656, 48.459999084472656, 45.849998474121094, 45.02000045776367, 44.41999816894531, 43.27000045776367, 43.779998779296875, 45.16999816894531, 45.56999969482422, 44.70000076293945, 46.099998474121094]
assets:[0, 99.99977164840698, 198.19836332702636, 286.3526411834717, 415.50100000000003, 550.7988831447601, 638.9369451236724, 782.3999831817627, 874.095777730751, 983.196528055954, 1252.3835652648925, 1392.4286895423888, 1537.7275365417481, 1710.4043716224671, 1819.7963093765259, 1898.1899738433838, 2134.135374303055, 2248.0168135013582, 2418.6432898361204, 2537.452192997742, 2631.4693857658385, 2529.6138928619384, 2764.426385481262, 2863.813675, 2997.9904139419555, 3579.2127748901366, 3609.1648742965695, 3743.1090378604886, 3798.270737075043, 3813.4746627273557, 3881.1947866977694, 4005.083316117096, 4056.8766622734074, 4123.657135329438, 4342.399671969222, 4547.791139129639, 4731.219506282806, 4801.034814176559, 4924.606699267578, 5044.967488815308, 5015.611506306839, 4648.348440856171, 4871.426869966888, 4709.056188283538, 4723.809086031723, 4760.8510057510375, 4737.597734120178, 4893.434937557984, 5148.801615283203, 5294.3954765441895, 5293.315980346299, 5559.102005997467]
shares:[0, 3.601, 7.268, 11.1682, 14.708, 17.9706, 21.305, 24.4271, 27.5827, 30.7057, 33.3702, 35.9522, 38.4528, 40.8406, 43.2153, 45.6186, 47.8613, 50.0895, 52.2498, 54.3934, 56.5421, 58.8693, 61.0788, 63.2887, 65.4726, 67.3544, 69.2738, 71.1753, 73.0999, 75.0684, 77.0537, 79.0269, 81.0241, 83.0378, 84.9951, 86.906, 88.7825, 90.6711, 92.5504, 94.422, 96.3429, 98.4611, 100.5247, 102.7057, 104.9269, 107.1781, 109.4892, 111.7733, 113.9872, 116.1816, 118.4187, 120.5879]
growth_rate:9.0
