ticker:WSTG
price:[24.010000228881836, 25.719999313354492, 25.219999313354492, 23.3700008392334, 23.479999542236328, 23.239999771118164, 22.520000457763672, 22.799999237060547, 22.1200008392334, 22.18000030517578, 20.31999969482422, 21.829999923706055, 21.670000076293945, 20.510000228881836, 19.15999984741211, 18.700000762939453, 19.399999618530273, 19.100000381469727, 18.540000915527344, 19.059999465942383, 18.780000686645508, 18.149999618530273, 19.030000686645508, 20.350000381469727, 20.25, 20.5, 24.979999542236328, 25.260000228881836, 25.020000457763672, 25.200000762939453, 25.299999237060547, 25.239999771118164, 25.350000381469727, 24.68000030517578, 24.5, 24.399999618530273, 24.520000457763672, 25.6299991607666, 28.850000381469727, 29.100000381469727, 27.170000076293945, 25.8700008392334, 24.260000228881836, 25.270000457763672, 25.0, 27.389999389648438, 28.579999923706055, 28.350000381469727, 28.25, 27.100000381469727, 27.600000381469727, 27.549999237060547]
assets:[0, 99.99935733032227, 198.05517660770417, 283.5271871816635, 384.8606724967956, 480.92623126354215, 566.0266995056152, 673.0650974777221, 752.991372568512, 855.0345757644653, 883.3327387336731, 1048.9751563339232, 1141.2873930181504, 1180.1946371704103, 1202.5122464233398, 1273.6420919631958, 1421.3176920520782, 1499.3385699451446, 1555.3781508064271, 1699.0026343942643, 1774.0433748636246, 1814.5298768629075, 2002.5079422550202, 2241.41009201622, 2330.396325, 2459.16565, 3096.583193254471, 3231.292067278862, 3300.590922387314, 3424.337383673096, 3537.9265933113097, 3629.537207086563, 3745.35608636055, 3746.3672823249817, 3819.04285, 3903.4558189733507, 4022.6531950988774, 4304.755710044288, 4945.579580393029, 5088.43479670391, 4850.953549621582, 4718.851134081458, 4525.17660069294, 4813.571199197388, 4862.14, 5426.961353067016, 5762.745432616425, 5816.368293263436, 5895.851275, 5755.842251021385, 5962.038922403526, 6051.23886742363]
shares:[0, 3.888, 7.8531, 12.1321, 16.391, 20.6939, 25.1344, 29.5204, 34.0412, 38.5498, 43.4711, 48.052, 52.6667, 57.5424, 62.7616, 68.1092, 73.2638, 78.4994, 83.8931, 89.1397, 94.4645, 99.9741, 105.229, 110.143, 115.0813, 119.9593, 123.9625, 127.9213, 131.9181, 135.8864, 139.839, 143.801, 147.7458, 151.7977, 155.8793, 159.9777, 164.056, 167.9577, 171.4239, 174.8603, 178.5408, 182.4063, 186.5283, 190.4856, 194.4856, 198.1366, 201.6356, 205.1629, 208.7027, 212.3927, 216.0159, 219.6457]
growth_rate:18.65
