ticker:WTBA
price:[17.459999084472656, 16.5, 17.3799991607666, 15.979999542236328, 16.280000686645508, 17.170000076293945, 17.209999084472656, 17.950000762939453, 16.59000015258789, 17.100000381469727, 19.350000381469727, 19.059999465942383, 19.729999542236328, 19.969999313354492, 20.65999984741211, 20.389999389648438, 19.40999984741211, 19.299999237060547, 20.459999084472656, 20.989999771118164, 21.010000228881836, 20.600000381469727, 22.110000610351562, 22.18000030517578, 22.149999618530273, 22.829999923706055, 25.1200008392334, 26.719999313354492, 25.829999923706055, 24.610000610351562, 24.239999771118164, 24.8799991607666, 25.469999313354492, 24.690000534057617, 26.260000228881836, 27.399999618530273, 27.809999465942383, 27.389999389648438, 27.920000076293945, 29.270000457763672, 28.450000762939453, 25.889999389648438, 27.229999542236328, 27.709999084472656, 27.690000534057617, 27.6299991607666, 28.489999771118164, 29.479999542236328, 31.15999984741211, 31.219999313354492, 29.280000686645508, 31.139999389648438]
assets:[0, 99.9999, 205.33252408504484, 288.7921497272491, 394.2137046268463, 515.764481291771, 616.9664201789856, 743.494416601181, 787.1623272399902, 911.3616203308105, 1131.278422302246, 1214.3240019748687, 1357.0096385154723, 1473.5163543348312, 1624.4296760025024, 1703.2011170166015, 1721.3408984680175, 1811.5847783870697, 2020.467875589752, 2172.8071133069993, 2274.8766837823864, 2330.4842231557845, 2601.3101128097533, 2709.5465432807923, 2805.8822116767883, 2992.022168001175, 3392.14211332798, 3708.2015047073364, 3684.688234116554, 3610.6537785476685, 3656.3688374753956, 3852.9067180366515, 4044.2742169704434, 4020.4209269638063, 4376.074104141808, 4666.0473150381085, 4835.866902132988, 4862.834186637879, 5056.931837818527, 5401.447833475113, 5350.125063473511, 4968.707711863709, 5325.87476546669, 5519.757000629425, 5615.77301131153, 5703.605466758728, 5981.133571949004, 6288.97125034523, 6747.3645549587245, 6860.357577114868, 6534.057609230233, 7049.130521835327]
shares:[0, 6.0606, 11.8143, 18.0721, 24.2146, 30.0387, 35.8493, 41.4203, 47.448, 53.296, 58.464, 63.7106, 68.779, 73.7865, 78.6268, 83.5312, 88.6832, 93.8645, 98.7521, 103.5163, 108.2759, 113.1303, 117.6531, 122.1617, 126.6764, 131.0566, 135.0375, 138.78, 142.6515, 146.7149, 150.8403, 154.8596, 158.7858, 162.836, 166.6441, 170.2937, 173.8895, 177.5405, 181.1222, 184.5387, 188.0536, 191.9161, 195.5885, 199.1973, 202.8087, 206.428, 209.938, 213.3301, 216.5393, 219.7424, 223.1577, 226.369]
growth_rate:38.22
