ticker:WTER
price:[1.4299999475479126, 1.3300000429153442, 1.3600000143051147, 1.25, 1.350000023841858, 1.4800000190734863, 1.6299999952316284, 1.4500000476837158, 1.25, 1.4900000095367432, 1.2699999809265137, 1.1100000143051147, 1.190000057220459, 1.090000033378601, 1.059999942779541, 1.0299999713897705, 1.0499999523162842, 1.0099999904632568, 1.0499999523162842, 1.1200000047683716, 1.2400000095367432, 1.2000000476837158, 1.2699999809265137, 1.3700000047683716, 1.2599999904632568, 1.149999976158142, 1.100000023841858, 1.2000000476837158, 1.1200000047683716, 1.1299999952316284, 1.0800000429153442, 1.0800000429153442, 1.0299999713897705, 1.090000033378601, 1.1299999952316284, 1.0399999618530273, 1.059999942779541, 1.2300000190734863, 1.1699999570846558, 1.3600000143051147, 1.4500000476837158, 1.4199999570846558, 1.600000023841858, 1.4600000381469727, 1.5499999523162842, 1.5800000429153442, 1.7300000190734863, 1.9600000381469727, 2.069999933242798, 2.049999952316284, 1.7599999904632568, 1.899999976158142]
assets:[0, 100.0000432267189, 202.25566612741946, 285.89675, 408.7685322191119, 548.1314750640393, 703.6853419414521, 725.9777588740111, 725.842875, 965.2047221777916, 922.6913081425666, 906.4467686818242, 1071.7762885357379, 1081.7110191247702, 1151.9390378165244, 1219.3370381305695, 1343.0134640096426, 1391.8510908576966, 1546.9738547471763, 1750.1055114510298, 2037.616871671152, 2071.8873223294017, 2292.747348566389, 2573.278680956459, 2466.6650633301974, 2351.3212312522887, 2349.0899809151533, 2662.6436258039475, 2585.133947006142, 2708.215505571878, 2688.383086826742, 2788.383098800385, 2759.2911283553835, 3020.026686480975, 3230.8532723664525, 3073.528527263641, 3232.634761497307, 3851.0764317182543, 3763.2188669659495, 4474.340071063197, 4870.436190165854, 4869.668190828525, 5586.950323252046, 5198.092155816078, 5618.522132153535, 5827.267994277978, 6480.489592448283, 7442.057620842838, 7959.7237543000465, 7982.818304316855, 6953.541722321511, 7606.664344548941]
shares:[0, 75.188, 148.7174, 228.7174, 302.7915, 370.3591, 431.7088, 500.6743, 580.6743, 647.7884, 726.5286, 816.6187, 900.6523, 992.3954, 1086.735, 1183.8224, 1279.0605, 1378.0704, 1473.3085, 1562.5942, 1643.2394, 1726.5727, 1805.3129, 1878.3056, 1957.6707, 2044.6272, 2135.5363, 2218.8696, 2308.1553, 2396.6509, 2489.2435, 2581.8361, 2678.9235, 2770.6666, 2859.1622, 2955.316, 3049.6556, 3130.9564, 3216.4265, 3289.9559, 3358.9214, 3429.3439, 3491.8439, 3560.337, 3624.8531, 3688.1442, 3745.9477, 3796.9681, 3845.2773, 3894.0578, 3950.876, 4003.5076]
growth_rate:49.15
