ticker:WTFC
price:[45.279998779296875, 42.16999816894531, 41.2400016784668, 38.65999984741211, 42.84000015258789, 48.310001373291016, 47.349998474121094, 50.15999984741211, 49.22999954223633, 47.630001068115234, 52.52000045776367, 54.7599983215332, 57.54999923706055, 59.25, 60.959999084472656, 60.83000183105469, 61.91999816894531, 61.09000015258789, 64.80000305175781, 67.7699966430664, 65.87999725341797, 60.189998626708984, 65.63999938964844, 69.18000030517578, 68.83999633789062, 73.66000366210938, 79.43000030517578, 83.08000183105469, 81.54000091552734, 78.9800033569336, 76.12000274658203, 76.73999786376953, 78.19999694824219, 77.18000030517578, 77.0999984741211, 78.43000030517578, 80.62000274658203, 79.33000183105469, 80.41999816894531, 81.23999786376953, 80.77999877929688, 74.3499984741211, 79.02999877929688, 74.87000274658203, 75.31999969482422, 72.36000061035156, 70.1500015258789, 71.4000015258789, 73.83999633789062, 74.29000091552734, 72.86000061035156, 75.19000244140625]
assets:[0, 100.00193365783691, 197.79529605026244, 285.42291287345887, 416.28484948272705, 569.4396481872559, 658.1223637916565, 797.1778295749664, 882.3985117950439, 953.7193263874053, 1151.6323100376128, 1300.7525721302031, 1467.0242955516815, 1610.3616749999999, 1756.8366936149598, 1853.0886777801513, 1986.2944692626954, 2059.6676821445462, 2284.7509076004026, 2489.4698336860656, 2520.041654937744, 2402.3874911872867, 2719.9180907089235, 2966.60444508667, 3052.021237640381, 3365.717083331299, 3729.365602328491, 4000.7424121749877, 4026.583863210297, 4000.163414021301, 3955.309522716522, 4087.5252902145385, 4265.293713546753, 4309.661755040741, 4405.19322281723, 4581.182590825653, 4809.104093837738, 4832.1570045333865, 4998.553238189697, 5149.519124591828, 5220.358953112793, 4904.824789338683, 5313.558258926392, 5133.858549333954, 5264.717338668823, 5157.82084350586, 5100.290935939789, 5291.175653076934, 5571.995659655762, 5705.954955318451, 5696.121987716675, 5978.28190411377]
shares:[0, 2.3714, 4.7962, 7.3829, 9.7172, 11.7872, 13.8991, 15.8927, 17.924, 20.0235, 21.9275, 23.7537, 25.4913, 27.1791, 28.8195, 30.4634, 32.0784, 33.7153, 35.2585, 36.7341, 38.252, 39.9134, 41.4369, 42.8824, 44.335, 45.6926, 46.9516, 48.1553, 49.3817, 50.6478, 51.9615, 53.2646, 54.5434, 55.8391, 57.1361, 58.4111, 59.6515, 60.9121, 62.1556, 63.3865, 64.6244, 65.9694, 67.2347, 68.5703, 69.898, 71.28, 72.7055, 74.1061, 75.4604, 76.8065, 78.179, 79.509]
growth_rate:17.22
