ticker:WTFCP
price:[26.690000534057617, 26.889999389648438, 26.989999771118164, 26.790000915527344, 26.6299991607666, 26.479999542236328, 26.450000762939453, 26.75, 26.6200008392334, 26.81999969482422, 27.219999313354492, 27.799999237060547, 27.889999389648438, 28.260000228881836, 28.600000381469727, 28.75, 28.790000915527344, 28.489999771118164, 28.350000381469727, 28.200000762939453, 28.31999969482422, 28.25, 28.260000228881836, 27.75, 27.719999313354492, 27.5, 27.81999969482422, 28.329999923706055, 28.260000228881836, 28.31999969482422, 28.18000030517578, 28.209999084472656, 27.700000762939453, 28.079999923706055, 27.8799991607666, 28.1299991607666, 27.940000534057617, 28.209999084472656, 28.440000534057617, 28.479999542236328, 28.450000762939453, 28.299999237060547, 28.559999465942383, 28.389999389648438, 28.690000534057617, 28.670000076293945, 28.399999618530273, 28.809999465942383, 29.09000015258789, 28.90999984741211, 28.809999465942383, 28.8700008392334]
assets:[0, 100.00121873016357, 200.37375830078125, 298.88800321426396, 397.10388448543546, 494.8661754451752, 594.3050671424866, 701.045275, 797.6390431467056, 903.6328397178651, 1017.1106603425981, 1138.782488747406, 1242.4687938095094, 1358.9527610063553, 1475.3024196777344, 1583.041125, 1685.2428565910338, 1767.681978798866, 1858.9945750141142, 1949.1586727336885, 2057.4536418289185, 2152.3675, 2253.130254248428, 2312.46855, 2409.9684243032457, 2490.84275, 2619.8260632614133, 2767.852324546051, 2861.0141631717684, 2967.0892000267027, 3052.420999056244, 3155.669232585907, 3198.618808099365, 3342.4999829183575, 3418.6928930917743, 3549.347652108383, 3625.3743272970196, 3760.4069829597474, 3891.067021068001, 3996.5385277629853, 4092.3277697433473, 4170.75200756073, 4309.069887422562, 4383.421583761597, 4529.740817320061, 4626.583991311837, 4683.0122570976255, 4850.618608082962, 4997.760932215118, 5066.835957257081, 5149.309158546066, 5260.033316905976]
shares:[0, 3.7189, 7.424, 11.1567, 14.9119, 18.6883, 22.469, 26.2073, 29.9639, 33.6925, 37.3663, 40.9634, 44.5489, 48.0875, 51.584, 55.0623, 58.5357, 62.0457, 65.573, 69.1191, 72.6502, 76.19, 79.7286, 83.3322, 86.9397, 90.5761, 94.1706, 97.7004, 101.239, 104.7701, 108.3187, 111.8635, 115.4736, 119.0349, 122.6217, 126.1766, 129.7557, 133.3005, 136.8167, 140.3279, 143.8428, 147.3764, 150.8778, 154.4002, 157.8857, 161.3737, 164.8948, 168.3658, 171.8034, 175.2624, 178.7334, 182.1972]
growth_rate:3.14
