ticker:WTFCM
price:[25.68899917602539, 25.756999969482422, 25.649999618530273, 25.791000366210938, 25.649999618530273, 25.649999618530273, 25.6299991607666, 25.649999618530273, 26.1299991607666, 26.202999114990234, 27.479999542236328, 27.209999084472656, 27.1200008392334, 27.850000381469727, 27.799999237060547, 28.565000534057617, 28.049999237060547, 28.040000915527344, 27.389999389648438, 27.479999542236328, 27.540000915527344, 27.649999618530273, 27.549999237060547, 27.0, 26.510000228881836, 26.709999084472656, 27.243999481201172, 27.649999618530273, 27.729999542236328, 27.559999465942383, 27.25, 27.940000534057617, 27.969999313354492, 28.1299991607666, 27.940000534057617, 27.979999542236328, 27.690000534057617, 27.920000076293945, 28.18000030517578, 28.315000534057617, 28.239999771118164, 28.604000091552734, 28.690000534057617, 27.979999542236328, 27.90999984741211, 27.600000381469727, 27.739999771118164, 27.959999084472656, 28.40999984741211, 28.5, 28.670000076293945, 28.649999618530273]
assets:[0, 99.99897668151856, 199.58264703178406, 300.679219569397, 399.0344790655136, 499.03356757831574, 598.6450163978576, 699.1112596027374, 812.1935379142761, 914.4637067138672, 1059.0297183586122, 1148.6238543525694, 1244.8243105213164, 1378.3327238794327, 1475.857479496765, 1616.4705282218933, 1687.3280691059113, 1786.7256823379516, 1845.3080828796387, 1951.3712554939268, 2055.6324863365176, 2163.841965146828, 2256.0170925243374, 2310.9786000000004, 2369.0396604537964, 2486.9119237571717, 2636.6306793914796, 2775.921711702347, 2883.953228392029, 2966.271718519592, 3032.905925, 3209.7025573516844, 3313.149907664299, 3432.101815606308, 3508.9204050710678, 3613.944306874466, 3676.4872099084855, 3807.0260264030458, 3942.4778546951297, 4061.3649331026077, 4150.607854359818, 4304.106822576141, 4417.046495222282, 4407.736893887711, 4496.708461415863, 4546.763342842483, 4669.826459469414, 4806.860674603271, 4984.224804230118, 5100.01515, 5230.437266918755, 5326.788424074745]
shares:[0, 3.8824, 7.781, 11.6583, 15.5569, 19.4555, 23.3572, 27.2558, 31.0828, 34.8992, 38.5382, 42.2133, 45.9006, 49.4913, 53.0884, 56.5892, 60.1543, 63.7206, 67.3716, 71.0106, 74.6417, 78.2583, 81.8881, 85.5918, 89.364, 93.1079, 96.7784, 100.395, 104.0012, 107.6296, 111.2993, 114.8784, 118.4537, 122.0086, 125.5877, 129.1617, 132.7731, 136.3548, 139.9034, 143.4351, 146.9762, 150.4722, 153.9577, 157.5317, 161.1146, 164.7378, 168.3427, 171.9192, 175.4391, 178.9479, 182.4359, 185.9263]
growth_rate:4.45
