ticker:WTRH
price:[3.609999895095825, 3.765000104904175, 3.5850000381469727, 3.4000000953674316, 3.4600000381469727, 3.380000114440918, 3.259999990463257, 3.0199999809265137, 2.549999952316284, 3.130000114440918, 2.619999885559082, 3.740000009536743, 3.430000066757202, 3.549999952316284, 3.5450000762939453, 3.3299999237060547, 3.2200000286102295, 2.7799999713897705, 3.2799999713897705, 3.059999942779541, 3.380000114440918, 3.5399999618530273, 4.039999961853027, 3.9600000381469727, 3.930000066757202, 3.180000066757202, 3.200000047683716, 2.930000066757202, 2.880000114440918, 2.809999942779541, 2.8399999141693115, 2.809999942779541, 2.6600000858306885, 2.559999942779541, 2.4600000381469727, 2.130000114440918, 2.0299999713897705, 2.0299999713897705, 2.0299999713897705, 2.009999990463257, 2.2899999618530273, 1.9800000190734863, 1.9199999570846558, 1.809999942779541, 1.7999999523162842, 1.4700000286102295, 1.649999976158142, 1.7100000381469727, 1.6299999952316284, 1.149999976158142, 1.1399999856948853, 1.2899999618530273]
assets:[0, 99.99990878629686, 195.2190260772705, 285.1450879981041, 390.176938301754, 481.1555222910881, 564.0729083498717, 622.5461180681706, 625.6598283004761, 867.9668727351188, 826.5407958969115, 1279.871387263584, 1273.785747791362, 1418.3495859486818, 1516.351803634262, 1524.3867190746307, 1574.0316479855298, 1458.9464869853257, 1821.3469201130627, 1799.1832703561781, 2087.3332666734696, 2286.1418873645785, 2709.043386420345, 2755.3989145429614, 2834.5247311488392, 2393.5847782481196, 2508.63875738163, 2396.972403612685, 2456.0684175953866, 2496.3721961659908, 2623.0239207267764, 2695.315977114868, 2651.438077554417, 2651.759812728548, 2648.1755270649905, 2392.932653567791, 2380.588274448681, 2480.5883060393094, 2580.588337629938, 2655.163757402182, 3125.0372269429204, 2801.997422991848, 2817.088257033169, 2755.692513882875, 2840.467784753299, 2419.7154500942947, 2816.0071093097927, 3018.4074223351477, 2977.1953172905683, 2200.4751593796373, 2281.3406113729475, 2681.5169867040636]
shares:[0, 26.5604, 54.4544, 83.8662, 112.7679, 142.3537, 173.0285, 206.1411, 245.3568, 277.3057, 315.4736, 342.2116, 371.3661, 399.5351, 427.7438, 457.7738, 488.8297, 524.8009, 555.2887, 587.9684, 617.5542, 645.8028, 670.5553, 695.8078, 721.2531, 752.6996, 783.9496, 818.0793, 852.8015, 888.3887, 923.6, 959.1872, 996.7812, 1035.8437, 1076.4941, 1123.4425, 1172.7036, 1221.9647, 1271.2258, 1320.977, 1364.6451, 1415.1502, 1467.2335, 1522.4821, 1578.0377, 1646.0649, 1706.671, 1765.1505, 1826.5002, 1913.4567, 2001.176, 2078.6954]
growth_rate:-47.42
