ticker:WVE
price:[12.069999694824219, 13.600000381469727, 19.540000915527344, 9.270000457763672, 8.039999961853027, 8.4399995803833, 8.920000076293945, 7.989999771118164, 7.070000171661377, 7.21999979019165, 8.079999923706055, 8.630000114440918, 9.260000228881836, 8.760000228881836, 8.84000015258789, 8.40999984741211, 8.90999984741211, 7.869999885559082, 10.350000381469727, 9.130000114440918, 9.970000267028809, 10.170000076293945, 11.5600004196167, 10.6899995803833, 10.109999656677246, 9.40999984741211, 9.4399995803833, 9.930000305175781, 9.9399995803833, 7.349999904632568, 6.090000152587891, 6.230000019073486, 6.269999980926514, 6.070000171661377, 6.150000095367432, 6.079999923706055, 6.210000038146973, 6.849999904632568, 6.840000152587891, 6.769999980926514, 7.239999771118164, 7.239999771118164, 7.050000190734863, 6.679999828338623, 7.0, 6.650000095367432, 5.840000152587891, 5.510000228881836, 5.940000057220459, 6.409999847412109, 6.039999961853027, 5.940000057220459]
assets:[0, 99.99944280490875, 243.67553541717527, 215.60259764671324, 286.9950346383095, 401.2730280496597, 524.0946044826508, 569.4520776874542, 603.8833576624394, 716.6954451733112, 902.0633114824294, 1063.4662841024399, 1241.1002366765977, 1274.0859692893982, 1385.7212959190367, 1418.3161982666015, 1602.638999554062, 1515.5746719614028, 2093.1633771476745, 1946.4329413977623, 2225.5134296064375, 2370.1571637805937, 2794.1018094231604, 2683.818466651535, 2638.2044104099273, 2555.5395285606382, 2663.686569596672, 2901.950240184784, 3004.8728071494106, 2321.9127448728086, 2023.8708717090608, 2170.396815644789, 2284.332164051008, 2311.4669913689613, 2441.931337866783, 2514.137120451737, 2667.893641388416, 3042.8453076367377, 3138.4034260120393, 3206.2848539667607, 3528.877972439766, 3628.8782972784043, 3633.6455333067897, 3542.9436529541017, 3812.6655, 3722.0323183775427, 3368.6721040168763, 3278.3189981792448, 3634.1585630081177, 4021.7095422645566, 3889.567299434567, 3925.1704518114566]
shares:[0, 7.3529, 12.4706, 23.2581, 35.6959, 47.5442, 58.755, 71.2706, 85.4149, 99.2653, 111.6415, 123.229, 134.0281, 145.4436, 156.7558, 168.6464, 179.8697, 192.5762, 202.238, 213.1909, 223.221, 233.0538, 241.7043, 251.0588, 260.95, 271.577, 282.1702, 292.2407, 302.3011, 315.9065, 332.3269, 348.3783, 364.3273, 380.8018, 397.062, 413.5094, 429.6125, 444.211, 458.8309, 473.6019, 487.4141, 501.2263, 515.4107, 530.3808, 544.6665, 559.7041, 576.8274, 594.9762, 611.8112, 627.4118, 643.9681, 660.8031]
growth_rate:-23.04
