ticker:WVFC
price:[13.369999885559082, 13.960000038146973, 13.109999656677246, 13.140000343322754, 13.199999809265137, 13.279999732971191, 13.470000267028809, 13.449999809265137, 14.210000038146973, 14.119999885559082, 14.850000381469727, 15.380000114440918, 14.989999771118164, 15.800000190734863, 14.899999618530273, 14.3100004196167, 14.859999656677246, 14.329999923706055, 14.739999771118164, 15.449999809265137, 15.0, 14.699999809265137, 15.149999618530273, 15.149999618530273, 15.25, 15.15999984741211, 15.25, 15.720000267028809, 16.049999237060547, 15.979999542236328, 15.8100004196167, 15.800000190734863, 15.800000190734863, 15.800000190734863, 16.200000762939453, 16.040000915527344, 15.760000228881836, 16.260000228881836, 16.3799991607666, 16.450000762939453, 16.719999313354492, 16.399999618530273, 16.790000915527344, 16.399999618530273, 16.600000381469727, 16.479999542236328, 16.389999389648438, 16.389999389648438, 16.299999237060547, 16.399999618530273, 16.229999542236328, 15.800000190734863]
assets:[0, 99.99966827325821, 193.9113159218788, 294.3544036909103, 395.6990342823029, 498.09693398447035, 605.2232759979248, 704.3240350119592, 844.1223162660599, 938.776664391327, 1087.3110879310607, 1226.118217123413, 1295.0265532262804, 1465.00445768528, 1481.5546420692444, 1522.8888476561547, 1681.4208491527559, 1721.4514268348694, 1870.704960951805, 2060.8136745586394, 2100.7904999999996, 2158.7743519895553, 2324.8598564611434, 2424.8604589431766, 2540.86655, 2625.871153570175, 2741.460475, 2925.9510737018586, 3087.373038241196, 3173.907559080124, 3240.142591997337, 3338.092900296879, 3438.092681504059, 3538.092462711239, 3727.663915554428, 3790.8473003730774, 3824.6731035455705, 4046.0148809532166, 4175.874398048019, 4293.719979139709, 4464.194672667503, 4478.756255822563, 4685.2631874786375, 4676.433651224517, 4833.463611073495, 4898.523303934097, 4971.771916854858, 5071.772220130921, 5143.922789233017, 5275.481357290459, 5320.795982928085, 5279.826023737144]
shares:[0, 7.1633, 14.7911, 22.4014, 29.9772, 37.5073, 44.9312, 52.3661, 59.4034, 66.4856, 73.2196, 79.7216, 86.3927, 92.7218, 99.4332, 106.4213, 113.1508, 120.1292, 126.9135, 133.386, 140.0527, 146.8554, 153.4561, 160.0568, 166.6142, 173.2105, 179.7679, 186.1292, 192.3597, 198.6175, 204.9426, 211.2717, 217.6008, 223.9299, 230.1027, 236.3371, 242.6823, 248.8324, 254.9374, 261.0164, 266.9973, 273.0949, 279.0508, 285.1484, 291.1725, 297.2405, 303.3418, 309.4431, 315.5781, 321.6757, 327.8371, 334.1662]
growth_rate:3.53
