ticker:WVVIP
price:[5.47599983215332, 5.605000019073486, 5.324999809265137, 5.349999904632568, 5.383999824523926, 5.5, 5.465000152587891, 5.465000152587891, 5.25, 5.449999809265137, 5.610000133514404, 5.599999904632568, 5.949999809265137, 5.6020002365112305, 5.75, 5.860000133514404, 5.349999904632568, 5.360000133514404, 5.441999912261963, 5.48799991607666, 5.400000095367432, 5.460000038146973, 5.224999904632568, 5.27400016784668, 5.090000152587891, 5.269999980926514, 5.070000171661377, 5.109000205993652, 5.199999809265137, 5.070000171661377, 5.119999885559082, 5.175000190734863, 5.13100004196167, 5.297999858856201, 5.550000190734863, 5.349999904632568, 5.230999946594238, 5.039999961853027, 5.127999782562256, 5.160999774932861, 5.099999904632568, 5.059999942779541, 5.116000175476074, 5.091000080108643, 5.105000019073486, 5.110000133514404, 5.170000076293945, 5.309999942779541, 5.320000171661377, 5.418000221252441, 5.480000019073486, 5.949999809265137]
assets:[0, 99.99992634029388, 195.00415551519393, 295.9197297250271, 397.80059583482745, 506.37125, 603.1491138404846, 703.1493261325836, 775.486425, 905.0286033265114, 1031.5982405513764, 1129.7591007603169, 1300.36888831501, 1324.3139763113022, 1459.3011250000002, 1587.2179541632174, 1549.0812373865606, 1651.9766971497538, 1777.2494197464941, 1892.2722494630814, 1961.9296546489238, 2083.728752558231, 2094.0446342792034, 2213.682460451126, 2236.451393044281, 2415.53980025754, 2423.868724067974, 2542.5138776135445, 2687.800341412067, 2720.6056941149714, 2847.4362243548394, 2978.0242397609713, 3052.7038679652214, 3252.0606573619843, 3506.7454205150602, 3480.3760979599, 3502.9621306365966, 3475.0583016978267, 3635.7338978374005, 3759.1308246672634, 3814.6999686670306, 3884.780548069382, 4027.774243350506, 4108.091894842243, 4219.388699764633, 4323.521545965242, 4474.287125027275, 4695.4476304019445, 4804.290527020884, 4992.790687688351, 5149.924821924638, 5691.615117547989]
shares:[0, 17.8412, 36.6205, 55.3121, 73.8857, 92.0675, 110.3658, 128.6641, 147.7117, 166.0603, 183.8856, 201.7427, 218.5494, 236.4002, 253.7915, 270.8563, 289.5479, 308.2046, 326.5802, 344.8018, 363.3203, 381.6353, 400.7741, 419.735, 439.3814, 458.3567, 478.0806, 497.6539, 516.8847, 536.6086, 556.1399, 575.4636, 594.953, 613.828, 631.846, 650.5376, 669.6544, 689.4957, 708.9965, 728.3726, 747.9804, 767.7432, 787.2897, 806.9322, 826.5208, 846.0903, 865.4327, 884.2651, 903.0621, 921.5191, 939.7673, 956.574]
growth_rate:11.6
