ticker:WVVI
price:[6.25, 6.179999828338623, 6.389999866485596, 6.25, 6.320000171661377, 6.360000133514404, 6.190000057220459, 6.25, 6.110000133514404, 6.119999885559082, 6.309999942779541, 6.570000171661377, 6.739999771118164, 6.670000076293945, 6.650000095367432, 6.449999809265137, 6.480000019073486, 6.369999885559082, 6.300000190734863, 6.539999961853027, 6.710000038146973, 6.880000114440918, 7.110000133514404, 8.0, 8.25, 7.960000038146973, 7.849999904632568, 8.079999923706055, 8.8100004196167, 9.050000190734863, 9.149999618530273, 9.260000228881836, 9.460000038146973, 9.649999618530273, 13.100000381469727, 15.09000015258789, 14.199999809265137, 14.819999694824219, 14.369999885559082, 13.510000228881836, 13.800000190734863, 13.720000267028809, 13.970000267028809, 13.979999542236328, 13.710000038146973, 12.819999694824219, 13.039999961853027, 12.869999885559082, 12.65999984741211, 12.949999809265137, 12.779999732971191, 12.619999885559082]
assets:[0, 99.99981322231292, 203.39816875014304, 298.941875, 402.29013092684744, 504.8364585979462, 591.3424664663792, 697.0743749999999, 781.459852076292, 882.7389914932252, 1010.1445438397884, 1151.767020093441, 1281.569168479538, 1368.2591366506576, 1464.1564559974195, 1520.1217650480269, 1627.1921567895413, 1699.5701144661903, 1780.8935039172175, 1948.7368686332702, 2099.3919329352375, 2252.580837469101, 2427.885162591791, 2831.7976, 3020.291175, 3014.123266444683, 3072.471122673416, 3262.492273194504, 3657.2470191931725, 3856.8765912862777, 3999.494113258362, 4147.575400516701, 4337.155543489361, 4524.265291153336, 6241.749321758652, 7289.9232407146455, 6959.968026513481, 7363.853332362365, 7240.254029339504, 6906.947087015152, 7155.209018894767, 7213.729180398942, 7445.174736310387, 7550.504086764908, 7504.678532881165, 7117.503580570221, 7339.644826528739, 7343.959128697014, 7324.127677724075, 7591.89983318224, 7592.237445365716, 7597.18566510706]
shares:[0, 16.1812, 31.8307, 47.8307, 63.6535, 79.3768, 95.5319, 111.5319, 127.8985, 144.2384, 160.0863, 175.307, 190.1438, 205.1363, 220.1739, 235.6778, 251.1099, 266.8085, 282.6815, 297.972, 312.8751, 327.41, 341.4747, 353.9747, 366.0959, 378.6587, 391.3976, 403.7738, 415.1245, 426.1742, 437.1032, 447.9023, 458.4731, 468.8358, 476.4694, 483.0963, 490.1386, 496.8862, 503.8451, 511.247, 518.4934, 525.782, 532.9402, 540.0933, 547.3872, 555.1875, 562.8562, 570.6262, 578.5251, 586.2471, 594.0718, 601.9957]
growth_rate:48.96
