ticker:WW
price:[22.6200008392334, 20.559999465942383, 19.75, 18.1200008392334, 20.809999465942383, 24.1200008392334, 24.1299991607666, 25.3799991607666, 21.15999984741211, 23.25, 25.979999542236328, 27.440000534057617, 29.920000076293945, 32.7599983215332, 29.040000915527344, 26.799999237060547, 28.239999771118164, 24.399999618530273, 24.030000686645508, 25.979999542236328, 24.350000381469727, 26.559999465942383, 25.399999618530273, 28.15999984741211, 27.489999771118164, 29.489999771118164, 35.0, 35.900001525878906, 33.709999084472656, 30.059999465942383, 31.799999237060547, 29.770000457763672, 29.100000381469727, 28.75, 27.739999771118164, 37.040000915527344, 37.310001373291016, 37.0099983215332, 39.29999923706055, 39.97999954223633, 38.68000030517578, 35.279998779296875, 35.70000076293945, 36.7599983215332, 33.720001220703125, 30.229999542236328, 30.510000228881836, 30.739999771118164, 31.309999465942383, 23.040000915527344, 21.780000686645508, 22.75]
assets:[0, 99.99972540245057, 196.06022499999997, 279.87972096271517, 421.429542184639, 588.4604844749451, 688.7039580471039, 824.3804427404403, 787.3085783226013, 965.0726249999999, 1178.3904272369384, 1344.612162169838, 1566.1354759935377, 1814.7925230186463, 1708.7165578697204, 1676.9134722618103, 1867.0169848680496, 1713.1459332166671, 1787.1688230674742, 2032.194534193039, 2004.694136405754, 2286.640658021164, 2286.772125656128, 2635.2550257205967, 2672.555785748291, 2966.9947749721528, 3621.3554999999997, 3814.475682128906, 3681.7825030067447, 3383.1326998939517, 3678.964171735001, 3544.1126004966736, 3564.348466724777, 3621.479375, 3594.2551263439177, 4899.25128909607, 5034.962299324799, 5094.478082956695, 5509.698763039017, 5705.033990678407, 5619.5271443367, 5225.567579193115, 5387.776285141373, 5647.747326123046, 5280.687071166993, 4834.139686798096, 4978.9147333511355, 5116.448559904289, 5311.321855404281, 4008.4279352806093, 3889.217696613121, 4162.428725]
shares:[0, 4.8638, 9.9271, 15.4459, 20.2513, 24.3972, 28.5414, 32.4815, 37.2074, 41.5085, 45.3576, 49.0019, 52.3441, 55.3966, 58.8401, 62.5714, 66.1125, 70.2109, 74.3724, 78.2215, 82.3283, 86.0934, 90.0304, 93.5815, 97.2192, 100.6102, 103.4673, 106.2528, 109.2193, 112.546, 115.6907, 119.0498, 122.4862, 125.9645, 129.5694, 132.2692, 134.9494, 137.6514, 140.1959, 142.6972, 145.2825, 148.117, 150.9181, 153.6384, 156.604, 159.912, 163.1896, 166.4427, 169.6366, 173.9769, 178.5683, 182.9639]
growth_rate:-18.38
