ticker:WWD
price:[84.5, 82.23999786376953, 83.18000030517578, 76.02999877929688, 81.8499984741211, 86.73999786376953, 85.19000244140625, 86.86000061035156, 79.55000305175781, 88.5, 105.18000030517578, 108.63999938964844, 114.33000183105469, 117.87999725341797, 118.2300033569336, 118.94000244140625, 121.0, 121.52999877929688, 125.0, 122.7699966430664, 122.0199966430664, 111.94999694824219, 116.66000366210938, 116.08000183105469, 115.81999969482422, 114.22000122070312, 115.2300033569336, 120.75, 121.02999877929688, 123.33999633789062, 123.13999938964844, 122.70999908447266, 123.66999816894531, 124.18000030517578, 125.01000213623047, 129.92999267578125, 121.9000015258789, 121.52999877929688, 127.18000030517578, 126.95999908447266, 123.19000244140625, 117.83999633789062, 123.72000122070312, 124.01000213623047, 123.04000091552734, 117.29000091552734, 119.55999755859375, 121.55999755859375, 113.62000274658203, 116.75, 118.7300033569336, 123.3499984741211]
assets:[0, 100.00383740234375, 201.1458767379761, 283.8580004425049, 405.5831124389648, 529.8165809516908, 620.3450787780762, 732.5077571472167, 770.8633945724488, 957.5877, 1238.0737835922241, 1378.8045522537232, 1551.023670840454, 1699.1812204093933, 1804.2253202278139, 1915.064873309326, 2048.2275, 2157.1939373321534, 2318.7875, 2377.4164309936523, 2462.8882182426455, 2359.6372556762694, 2558.9138483276365, 2646.1945457412717, 2740.2664467796326, 2802.410573950195, 2927.187775276184, 3167.4174000000003, 3274.7570889709473, 3437.263685943604, 3531.692124494934, 3619.355964996338, 3747.670890512085, 3863.128047493744, 3988.944158164978, 4245.930258654786, 4083.515961115265, 4171.116159103393, 4465.035450714111, 4557.305343136597, 4521.984695617676, 4425.59890246582, 4746.431242831421, 4857.558590677642, 4919.557572605896, 4789.654477386474, 4982.352042260743, 5165.692096252441, 4928.2789811332705, 5164.0393, 5351.612425309753, 5659.85300498581]
shares:[0, 1.216, 2.4182, 3.7335, 4.9552, 6.1081, 7.2819, 8.4332, 9.6903, 10.8202, 11.771, 12.6915, 13.5662, 14.4145, 15.2603, 16.1011, 16.9275, 17.7503, 18.5503, 19.3648, 20.1843, 21.0776, 21.9348, 22.7963, 23.6597, 24.5352, 25.403, 26.2312, 27.0574, 27.8682, 28.6803, 29.4952, 30.3038, 31.1091, 31.909, 32.6786, 33.4989, 34.3217, 35.108, 35.8956, 36.7074, 37.556, 38.3643, 39.1707, 39.9834, 40.836, 41.6724, 42.495, 43.3751, 44.2316, 45.0738, 45.8845]
growth_rate:10.98
