ticker:WYNN
price:[87.72000122070312, 82.11000061035156, 77.69999694824219, 72.36000061035156, 73.19999694824219, 72.66999816894531, 71.12000274658203, 76.55999755859375, 72.43000030517578, 80.06999969482422, 92.19000244140625, 95.29000091552734, 101.22000122070312, 113.5, 110.9800033569336, 115.93000030517578, 114.38999938964844, 112.83000183105469, 109.02999877929688, 106.2300033569336, 107.44999694824219, 99.52999877929688, 116.98999786376953, 117.8499984741211, 123.66000366210938, 131.72999572753906, 133.32000732421875, 137.0500030517578, 135.47999572753906, 127.43000030517578, 128.10000610351562, 131.38999938964844, 127.27999877929688, 124.1500015258789, 128.39999389648438, 126.29000091552734, 126.66999816894531, 127.36000061035156, 131.8699951171875, 128.16000366210938, 127.16999816894531, 124.44000244140625, 124.05999755859375, 121.5, 113.87000274658203, 104.69999694824219, 103.56999969482422, 98.33000183105469, 98.9000015258789, 95.5199966430664, 88.30000305175781, 101.05000305175781]
assets:[0, 100.00176974334717, 194.63072235565187, 281.2560863723755, 384.51958396911624, 481.7366848617554, 571.4634460693359, 715.1775611938476, 776.5944632720947, 958.5099593467712, 1203.5957958740235, 1344.0654629135133, 1527.7033564239503, 1813.049, 1872.7986546485902, 2056.3315664131164, 2129.0152296401975, 2199.9819417022704, 2225.8910370788576, 2268.732935693359, 2394.791806983948, 2318.2726375671386, 2824.957478416443, 2945.719636859894, 3190.947466497803, 3499.1833955093384, 3641.4226880493165, 3843.3069405807496, 3899.276853033447, 3767.5826460227963, 3887.3868352203367, 4087.227545013428, 4059.379185067749, 4059.556069894409, 4298.523635668946, 4327.882557374573, 4440.910798805237, 4565.104597877502, 4826.758309277344, 4790.966968899536, 4853.951660110473, 4849.750439147949, 4934.945424884033, 4933.10655, 4723.3163269279485, 4442.944370498658, 4494.9897717552185, 4367.572856330871, 4492.888609318543, 4439.339603984832, 4203.786545288086, 4910.787628308105]
shares:[0, 1.2179, 2.5049, 3.8869, 5.253, 6.6291, 8.0352, 9.3414, 10.722, 11.9709, 13.0556, 14.105, 15.0929, 15.974, 16.8751, 17.7377, 18.6119, 19.4982, 20.4154, 21.3568, 22.2875, 23.2922, 24.147, 24.9955, 25.8042, 26.5633, 27.3134, 28.0431, 28.7812, 29.5659, 30.3465, 31.1076, 31.8933, 32.6988, 33.4776, 34.2694, 35.0589, 35.8441, 36.6024, 37.3827, 38.169, 38.9726, 39.7787, 40.6017, 41.4799, 42.435, 43.4005, 44.4175, 45.4286, 46.4755, 47.608, 48.5976]
growth_rate:-3.71
