ticker:XAIR
price:[5.21999979019165, 5.099999904632568, 5.690000057220459, 5.110000133514404, 5.360000133514404, 5.519999980926514, 5.900000095367432, 5.949999809265137, 5.239999771118164, 5.53000020980835, 5.440000057220459, 5.389999866485596, 5.269999980926514, 5.619999885559082, 5.369999885559082, 5.300000190734863, 5.210000038146973, 5.269999980926514, 6.119999885559082, 6.21999979019165, 6.289999961853027, 5.920000076293945, 6.349999904632568, 6.260000228881836, 6.730000019073486, 5.929999828338623, 5.670000076293945, 6.139999866485596, 5.880000114440918, 5.320000171661377, 5.559999942779541, 5.949999809265137, 5.449999809265137, 5.53000020980835, 6.139999866485596, 5.179999828338623, 5.03000020980835, 5.139999866485596, 4.949999809265137, 4.909999847412109, 5.510000228881836, 5.130000114440918, 7.150000095367432, 6.269999980926514, 6.260000228881836, 6.329999923706055, 8.0, 7.880000114440918, 8.25, 7.820000171661377, 8.75, 11.390000343322754]
assets:[0, 99.99977813005448, 211.5684271275997, 290.0027275772095, 404.1906420681476, 516.2557902161599, 651.7954305356026, 757.3189507231713, 766.9499464998245, 909.3958155025006, 994.5957544616222, 1085.4543431124687, 1161.288236796999, 1338.413650745678, 1378.8758136145593, 1460.901592574501, 1536.0940082470893, 1653.78396401453, 2020.523470217228, 2153.5387093584536, 2277.775042185974, 2243.7883649168016, 2506.765967352152, 2571.2368760110853, 2864.2846431176663, 2623.804921046209, 2608.764767102814, 2925.01120439558, 2901.1508964643476, 2724.850887923241, 2947.776305663109, 3254.544580671406, 3081.0532971716884, 3226.280095405149, 3682.162217931318, 3206.4494197406293, 3213.598726043701, 3383.8762501019, 3358.79118557806, 3431.6494663547514, 3950.995805121803, 3778.513383291721, 5366.348916576911, 4805.875356380415, 4898.21042109127, 5052.982574097633, 6486.076, 6488.785306236362, 6893.461575, 6634.16596163044, 7523.13975, 9892.978428198814]
shares:[0, 19.6078, 37.1825, 56.752, 75.4087, 93.5246, 110.4738, 127.2805, 146.3645, 164.4477, 182.8301, 201.383, 220.3583, 238.1519, 256.7739, 275.6418, 294.8357, 313.811, 330.1509, 346.2281, 362.1264, 379.0183, 394.7663, 410.7407, 425.5995, 442.4629, 460.0996, 476.3862, 493.393, 512.19, 530.1756, 546.9823, 565.3309, 583.4141, 599.7007, 619.0057, 638.8864, 658.3417, 678.5437, 698.9103, 717.0591, 736.5523, 750.5383, 766.4873, 782.4617, 798.2595, 810.7595, 823.4499, 835.5711, 848.3588, 859.7874, 868.567]
growth_rate:93.98
