ticker:XBIOW
price:[1.2000000476837158, 1.2000000476837158, 1.2000000476837158, 1.2000000476837158, 1.2000000476837158, 1.2000000476837158, 1.2000000476837158, 1.2000000476837158, 1.2000000476837158, 1.2000000476837158, 0.41100001335144043, 0.41100001335144043, 1.649999976158142, 0.6000000238418579, 2.569999933242798, 1.3300000429153442, 1.684999942779541, 1.7999999523162842, 1.9900000095367432, 1.7899999618530273, 1.7899999618530273, 1.7599999904632568, 2.240000009536743, 2.490000009536743, 2.490000009536743, 2.299999952316284, 2.7709999084472656, 2.0899999141693115, 5.849999904632568, 2.994999885559082, 2.1500000953674316, 2.1500000953674316, 1.1299999952316284, 2.2699999809265137, 2.2200000286102295, 2.1500000953674316, 2.1500000953674316, 2.1500000953674316, 1.850000023841858, 1.899999976158142, 2.5339999198913574, 2.049999952316284, 1.5700000524520874, 1.5, 1.5, 1.7300000190734863, 1.7999999523162842, 2.0, 1.8700000047683716, 2.0999999046325684, 1.3639999628067017, 1.5800000429153442]
assets:[0, 99.99996397364139, 199.99992794728277, 299.9998919209242, 399.99985589456554, 499.99981986820694, 599.9997838418484, 699.9997478154897, 799.9997117891311, 899.9996757627725, 408.249888962102, 508.24989121062754, 2140.4192390717744, 878.3343349018693, 3862.1984696772097, 2098.725437719941, 2758.9114033108713, 3047.205159276629, 3468.854785623908, 3220.226041373253, 3320.226000242138, 3364.5798377686738, 4382.192658657074, 4971.276553040075, 5071.276447423077, 4784.31155081141, 5864.055401853942, 4522.907159256339, 12759.812116987943, 6632.587479064465, 4861.2901806319705, 4961.290125067663, 2707.561687574637, 5539.0841574583055, 5517.077915101289, 5443.116111439991, 5543.116055875683, 5643.116000311375, 4955.704398866595, 5189.642264878571, 7021.343814030647, 5780.25059054935, 4526.826367236614, 4424.9932499999995, 4524.9933, 5318.825719640779, 5634.038190748954, 6360.0426, 6046.639779418516, 6890.343707088375, 4575.442395237684, 5399.999484672678]
shares:[0, 83.3333, 166.6666, 249.9999, 333.3332, 416.6665, 499.9998, 583.3331, 666.6664, 749.9997, 993.3087, 1236.6177, 1297.2238, 1463.8905, 1502.801, 1577.989, 1637.3362, 1692.8918, 1743.1431, 1799.009, 1854.8749, 1911.6931, 1956.336, 1996.4966, 2036.6572, 2080.1355, 2116.2236, 2164.0705, 2181.1645, 2214.5535, 2261.0651, 2307.5767, 2396.0723, 2440.1252, 2485.1702, 2531.6818, 2578.1934, 2624.705, 2678.7591, 2731.3907, 2770.854, 2819.6345, 2883.3288, 2949.9955, 3016.6622, 3074.4657, 3130.0213, 3180.0213, 3233.4972, 3281.1162, 3354.43, 3417.7211]
growth_rate:5.88
