ticker:XBIO
price:[0.8299999833106995, 0.8700000047683716, 0.9900000095367432, 0.9100000262260437, 0.8700000047683716, 0.9599999785423279, 0.890999972820282, 0.8960000276565552, 0.8640000224113464, 0.8299999833106995, 0.8539999723434448, 0.8799999952316284, 1.0099999904632568, 1.100000023841858, 2.2799999713897705, 1.7699999809265137, 2.190000057220459, 2.0399999618530273, 2.4200000762939453, 2.7200000286102295, 2.630000114440918, 2.369999885559082, 2.9700000286102295, 3.369999885559082, 3.1500000953674316, 2.390000104904175, 2.009999990463257, 2.569999933242798, 2.5299999713897705, 2.319999933242798, 2.0999999046325684, 2.1700000762939453, 1.899999976158142, 1.940000057220459, 1.9600000381469727, 1.8600000143051147, 1.659999966621399, 1.909999966621399, 1.909999966621399, 2.3499999046325684, 2.200000047683716, 2.1500000953674316, 2.059999942779541, 1.9900000095367432, 1.940000057220459, 1.7699999809265137, 2.5199999809265137, 4.070000171661377, 3.549999952316284, 3.450000047683716, 3.200000047683716, 3.0]
assets:[0, 99.99997554808854, 213.79307605948446, 296.5168655455649, 383.4831261018276, 523.1538123066008, 585.5520844378889, 688.8380116621495, 764.2366182235777, 834.1624332270026, 958.2827629662753, 1087.4577061074972, 1348.1048602707624, 1568.2330739905358, 3350.519237956524, 2701.0610348934174, 3441.9908969325543, 3306.2379341750143, 4022.1059508026124, 4620.714016602826, 4567.8228597626685, 4216.2506524086, 5383.656087861156, 6208.7273771595, 5903.410138727952, 4579.095366990042, 3951.0380872537135, 5151.82469317844, 5171.640745517063, 4842.373924662352, 4483.183116404915, 4732.622823391915, 4243.770976747692, 4433.113724755049, 4578.815869116307, 4445.202688187706, 4067.2238522179246, 4779.757535470354, 4879.757493722785, 6103.889987292623, 5814.280246021128, 5782.1375864779475, 5640.094237335539, 5548.440814589977, 5509.032906489372, 5126.282440759277, 7398.435940002393, 12049.061719196177, 10609.623222491193, 10410.760853890944, 9756.35790538106, 9246.585299999999]
shares:[0, 114.9425, 215.9526, 325.8427, 440.7852, 544.9519, 657.1853, 768.7924, 884.5331, 1005.015, 1122.111, 1235.7474, 1334.7573, 1425.6664, 1469.526, 1526.0232, 1571.6853, 1620.7049, 1662.0272, 1698.7919, 1736.8147, 1779.0088, 1812.6788, 1842.3524, 1874.0984, 1915.9394, 1965.6906, 2004.6011, 2044.1268, 2087.2302, 2134.8492, 2180.9321, 2233.5637, 2285.1101, 2336.1305, 2389.8939, 2450.1349, 2502.4909, 2554.8469, 2597.4001, 2642.8546, 2689.3662, 2737.9099, 2788.1612, 2839.7076, 2896.2048, 2935.8873, 2960.4573, 2988.6263, 3017.6118, 3048.8618, 3082.1951]
growth_rate:81.31
