ticker:XBIT
price:[18.270000457763672, 18.989999771118164, 21.15999984741211, 18.950000762939453, 18.209999084472656, 19.739999771118164, 19.030000686645508, 18.309999465942383, 17.110000610351562, 18.549999237060547, 19.540000915527344, 17.40999984741211, 19.389999389648438, 19.049999237060547, 18.780000686645508, 17.030000686645508, 16.690000534057617, 15.649999618530273, 17.489999771118164, 16.360000610351562, 16.850000381469727, 18.729999542236328, 20.010000228881836, 20.270000457763672, 19.75, 19.0, 18.760000228881836, 19.959999084472656, 19.700000762939453, 19.030000686645508, 17.1200008392334, 16.950000762939453, 16.809999465942383, 16.90999984741211, 17.079999923706055, 17.040000915527344, 17.110000610351562, 17.649999618530273, 17.25, 16.950000762939453, 16.959999084472656, 15.930000305175781, 17.1299991607666, 16.68000030517578, 17.969999313354492, 16.329999923706055, 15.970000267028809, 16.200000762939453, 16.170000076293945, 15.960000038146973, 15.5600004196167, 16.1299991607666]
assets:[0, 99.99943979473115, 211.42648647537231, 289.3437716491699, 378.0450439933777, 509.8091820888519, 591.4733543416977, 669.0949864841461, 725.2433068710327, 886.2800085483551, 1033.5800724273681, 1020.9119450523377, 1237.0179740615845, 1315.3262473220827, 1396.6836750663758, 1366.534939098358, 1439.252182054138, 1449.5686946666717, 1719.9980594913484, 1708.8724117538452, 1860.0546921100615, 2167.5853870239257, 2415.7172826318742, 2547.1059605220794, 2581.76345, 2583.7226, 2651.0863163446425, 2920.6648300346374, 2982.619515510559, 2981.1809145677566, 2781.965896373749, 2854.341143477249, 2930.7645718889235, 3048.199954494476, 3178.8441858005526, 3271.3990157661437, 3384.837200744629, 3591.6637273733136, 3610.2663, 3647.479139177322, 3749.630229589081, 3621.9117753860473, 3994.7483512891768, 3989.807700997162, 4398.371174935341, 4096.961828858948, 4106.642449665736, 4265.785820897294, 4357.886168561554, 4401.290806519794, 4390.98232641449, 4651.83368996811]
shares:[0, 5.2659, 9.9918, 15.2688, 20.7603, 25.8262, 31.0811, 36.5426, 42.3871, 47.7779, 52.8956, 58.6394, 63.7967, 69.046, 74.3708, 80.2428, 86.2344, 92.6242, 98.3418, 104.4543, 110.389, 115.728, 120.7255, 125.6589, 130.7222, 135.9854, 141.3159, 146.3259, 151.402, 156.6569, 162.498, 168.3977, 174.3465, 180.2602, 186.115, 191.9835, 197.828, 203.4937, 209.2908, 215.1905, 221.0867, 227.3642, 233.2019, 239.1971, 244.7619, 250.8856, 257.1473, 263.3201, 269.5044, 275.7701, 282.1968, 288.3964]
growth_rate:-8.79
