ticker:XCUR
price:[1.8899999856948853, 1.8300000429153442, 2.049999952316284, 1.75, 1.6699999570846558, 1.909999966621399, 1.9800000190734863, 1.6699999570846558, 1.5, 1.5499999523162842, 1.7200000286102295, 1.4500000476837158, 1.600000023841858, 1.5099999904632568, 1.6299999952316284, 1.9900000095367432, 1.9299999475479126, 1.7699999809265137, 2.0, 2.309999942779541, 2.3299999237060547, 2.130000114440918, 2.3299999237060547, 2.7200000286102295, 2.5199999809265137, 2.1700000762939453, 2.059999942779541, 2.450000047683716, 2.450000047683716, 2.190000057220459, 2.240000009536743, 2.0299999713897705, 1.7999999523162842, 1.7999999523162842, 1.9700000286102295, 1.809999942779541, 1.4850000143051147, 1.6200000047683716, 1.6699999570846558, 1.6699999570846558, 1.6799999475479126, 1.659999966621399, 1.559999942779541, 1.5299999713897705, 1.559999942779541, 1.399999976158142, 1.4299999475479126, 1.350000023841858, 1.309999942779541, 1.190000057220459, 1.149999976158142, 1.3700000047683716]
assets:[0, 99.9999863451004, 212.02186006829737, 280.99435, 368.148818539381, 521.0563948941707, 640.1528161666394, 639.9267825552821, 674.7846, 797.2773504728078, 984.7206563796996, 930.1424055880308, 1126.3640167841315, 1163.0060696547748, 1355.4304080348493, 1754.7893714095355, 1801.881147029829, 1752.5024691150666, 2080.2288, 2502.664102007103, 2624.332271068382, 2499.068003270245, 2833.722141212082, 3408.036275847316, 3257.4452153449056, 2905.0222851362228, 2857.76293662014, 3498.795823096156, 3598.795760042429, 3316.882763663721, 3492.6107028697015, 3265.1784229815244, 2995.2321406534434, 3095.2322180043457, 3487.559803649688, 3304.306030539274, 2810.9915730784896, 3166.536249320507, 3364.2686875456575, 3464.268618975878, 3585.012704070592, 3642.3340787614347, 3522.916358780193, 3555.168062520146, 3724.8772273723125, 3442.8386413688067, 3616.6137253433944, 3514.2859070645213, 3510.1587326771737, 3288.6177561312675, 3278.0757370387673, 4005.185971940303]
shares:[0, 54.6448, 103.4253, 160.5682, 220.4484, 272.8044, 323.3095, 383.1897, 449.8564, 514.3725, 572.512, 641.4775, 703.9775, 770.2027, 831.5524, 881.8037, 933.6172, 990.1144, 1040.1144, 1083.4044, 1126.3229, 1173.2713, 1216.1898, 1252.9545, 1292.637, 1338.7199, 1387.2636, 1428.0799, 1468.8962, 1514.5583, 1559.2012, 1608.4623, 1664.0179, 1719.5735, 1770.3349, 1825.5835, 1892.9236, 1954.652, 2014.5322, 2074.4124, 2133.9362, 2194.1772, 2258.2798, 2323.6393, 2387.7419, 2459.1705, 2529.1006, 2603.1747, 2679.5106, 2763.5442, 2850.5007, 2923.4934]
growth_rate:-21.47
