ticker:XEL
price:[70.0199966430664, 68.86000061035156, 66.9000015258789, 68.5, 70.4800033569336, 72.70999908447266, 73.12999725341797, 71.47000122070312, 70.02999877929688, 73.30999755859375, 74.08000183105469, 69.30999755859375, 67.62000274658203, 65.75, 65.0, 66.0999984741211, 64.62999725341797, 66.66999816894531, 65.76000213623047, 64.95999908447266, 64.76000213623047, 63.9900016784668, 63.439998626708984, 61.540000915527344, 62.06999969482422, 58.59000015258789, 61.349998474121094, 62.08000183105469, 62.9900016784668, 66.30999755859375, 66.79000091552734, 67.43000030517578, 70.37000274658203, 71.08000183105469, 71.30000305175781, 71.31999969482422, 71.72000122070312, 72.04000091552734, 70.87999725341797, 70.08000183105469, 69.54000091552734, 66.5999984741211, 67.0999984741211, 66.81999969482422, 67.66999816894531, 69.12999725341797, 68.2699966430664, 68.25, 69.08000183105469, 69.04000091552734, 70.61000061035156, 68.69999694824219]
assets:[0, 99.99849288635254, 197.15430449676515, 301.87265, 410.5953555564881, 523.5847034072875, 626.6070684661865, 712.3843841674804, 798.0338540893555, 935.4135758483887, 1045.2391938354492, 1077.9368060302734, 1151.6565527778628, 1219.8071499999999, 1305.8954999999999, 1427.9979270355225, 1496.242603414154, 1643.4687908630372, 1721.0378959083557, 1800.1000386299133, 1894.560338495636, 1972.0310737266539, 2055.081659513474, 2093.5354451454164, 2211.566503126526, 2187.5748356971744, 2390.6253905410767, 2519.069898300171, 2655.9986167732236, 2895.989678375244, 3016.951094355011, 3145.8590052375794, 3383.023808041382, 3517.1593266036984, 3628.043615286255, 3729.0589000434875, 3849.972697528076, 3967.1491984169006, 4003.2668048744204, 4058.080618029785, 4126.8096303314205, 4052.3368471565245, 4182.758924882507, 4265.307676519776, 4419.56818241272, 4614.925052645874, 4657.515710983276, 4756.151400000001, 4913.992114251709, 5011.144194451905, 5225.097679165649, 5183.758269729614]
shares:[0, 1.4522, 2.947, 4.4069, 5.8257, 7.201, 8.5684, 9.9676, 11.3956, 12.7597, 14.1096, 15.5524, 17.0313, 18.5522, 20.0907, 21.6036, 23.1509, 24.6508, 26.1715, 27.7109, 29.2551, 30.8178, 32.3941, 34.0191, 35.6302, 37.337, 38.967, 40.5778, 42.1654, 43.6735, 45.1707, 46.6537, 48.0748, 49.4817, 50.8842, 52.2863, 53.6806, 55.0687, 56.4795, 57.9064, 59.3444, 60.8459, 62.3362, 63.8328, 65.3106, 66.7572, 68.222, 69.6872, 71.1348, 72.5832, 73.9994, 75.455]
growth_rate:1.64
