ticker:XELA
price:[1.055999994277954, 1.0950000286102295, 1.2480000257492065, 1.1100000143051147, 1.1430000066757202, 1.2510000467300415, 1.2450000047683716, 1.3140000104904175, 1.125, 1.187999963760376, 1.0920000076293945, 1.1009999513626099, 1.1970000267028809, 1.1490000486373901, 1.1100000143051147, 1.3739999532699585, 1.3280999660491943, 1.24590003490448, 1.5240014791488647, 2.4840025901794434, 3.09000301361084, 2.1500000953674316, 3.0, 2.740000009536743, 2.5899999141693115, 2.1600000858306885, 1.7300000190734863, 3.934999942779541, 2.819999933242798, 2.359999895095825, 2.2100000381469727, 2.1700000762939453, 1.8200000524520874, 1.9199999570846558, 1.9500000476837158, 1.6699999570846558, 1.5499999523162842, 1.8799999952316284, 2.9100000858306885, 3.2699999809265137, 2.430000066757202, 2.630000114440918, 3.2200000286102295, 2.6600000858306885, 2.25, 2.4200000762939453, 2.5899999141693115]
assets:[0, 100.00000161280633, 213.97259961476328, 290.3121787413955, 398.94312113003735, 536.6384876456738, 634.0646829284788, 769.2056197410107, 758.5664625, 901.0461757138253, 928.2344044852257, 1035.8846122391224, 1226.2070667544365, 1277.035881657171, 1333.6899921879174, 1750.891850251782, 1792.4013236000537, 1781.464492758572, 2279.110988834882, 3814.7717050312995, 4845.428163637733, 3471.41122398119, 4943.829299999999, 4615.364246064067, 4462.6980571094755, 3821.7870798641684, 3160.9683238501075, 7289.832544495535, 5324.225579960847, 4555.734829493379, 4366.175746364879, 4387.149914245606, 3779.5451509258387, 4087.2121966436866, 4251.0751789523365, 3740.6641328731184, 3571.873830115986, 4432.337432757961, 6960.6928513062, 7921.809085793115, 5986.849241471315, 6579.5941073021895, 8155.624444464063, 6837.25517661891, 5883.39225, 6427.915388649178, 6979.462615705752]
shares:[0, 91.3242, 171.4524, 261.5425, 349.0316, 428.9676, 509.2889, 585.3924, 674.2813, 758.4564, 850.0315, 940.858, 1024.4002, 1111.4324, 1201.5225, 1274.3027, 1349.5982, 1429.8615, 1495.4782, 1535.7358, 1568.0982, 1614.6098, 1647.9431, 1684.4395, 1723.0495, 1769.3458, 1827.1493, 1852.5623, 1888.0233, 1930.3962, 1975.6451, 2021.728, 2076.6731, 2128.7564, 2180.0385, 2239.9187, 2304.4348, 2357.6263, 2391.9906, 2422.5716, 2463.7239, 2501.7467, 2532.8026, 2570.3966, 2614.841, 2656.1633, 2694.7733]
growth_rate:51.73
