ticker:XELB
price:[0.7602999806404114, 0.7265999913215637, 0.7612000107765198, 0.6690000295639038, 0.7839000225067139, 0.7888000011444092, 0.9449999928474426, 1.0800000429153442, 0.8895999789237976, 0.9121999740600586, 0.949999988079071, 1.0700000524520874, 1.1201000213623047, 1.090000033378601, 1.0399999618530273, 1.0800000429153442, 1.1399999856948853, 1.2100000381469727, 1.3616000413894653, 1.3799999952316284, 1.3899999856948853, 1.7400000095367432, 1.8600000143051147, 1.9500000476837158, 2.015000104904175, 1.75, 1.5399999618530273, 1.8600000143051147, 2.069999933242798, 1.909999966621399, 1.9299999475479126, 2.2899999618530273, 1.7400000095367432, 1.559999942779541, 1.75, 1.899999976158142, 1.909999966621399, 2.380000114440918, 2.809999942779541, 2.390000104904175, 2.390000104904175, 2.2200000286102295, 2.359999895095825, 2.75, 2.609999895095825, 2.119999885559082, 2.2300000190734863, 2.4000000953674316, 2.299999952316284, 1.9900000095367432, 1.590000033378601, 1.7599999904632568]
assets:[0, 99.99999498561024, 204.7618894588709, 279.9601887717724, 428.04304159963135, 530.7186025299787, 735.8127154307484, 940.9288693891525, 875.0465680685937, 997.2768519607544, 1138.6023457124234, 1382.4258367673992, 1547.154283946991, 1605.5782241669297, 1631.9276921412468, 1794.6942833147407, 1994.399422973585, 2216.862607889748, 2594.6116641501426, 2729.6739385680435, 2849.454100674987, 3666.9426620980976, 4019.8351929162386, 4314.343515499449, 4558.155111304951, 4058.6953750000002, 3671.651893050385, 4534.592614875198, 5146.562588024092, 4848.760677264476, 4999.53304512645, 6032.088441517067, 4683.333739668822, 4298.850814319086, 4922.429050000001, 5444.351511682391, 5573.005924607778, 7044.374318724632, 8417.096870601368, 7259.0259066201215, 7359.025901009417, 6935.580233382226, 7472.9587838200805, 8807.897175, 8459.494858986067, 6971.313707677556, 7433.03316457572, 8099.677281852246, 7862.19034700067, 6902.5040830790995, 5615.066196876132, 6315.419053779245]
shares:[0, 137.6273, 268.9988, 418.4756, 546.0429, 672.8177, 778.6378, 871.2304, 983.6405, 1093.2656, 1198.5288, 1291.9867, 1381.2644, 1473.0075, 1569.1613, 1661.7539, 1749.4732, 1832.1178, 1905.5608, 1978.0246, 2049.967, 2107.4383, 2161.2017, 2212.4838, 2262.1116, 2319.2545, 2384.1896, 2437.953, 2486.2622, 2538.6182, 2590.4317, 2634.0998, 2691.5711, 2755.6737, 2812.8166, 2865.4482, 2917.8042, 2959.821, 2995.4082, 3037.2492, 3079.0902, 3124.1352, 3166.5081, 3202.8717, 3241.1859, 3288.3557, 3333.1987, 3374.8654, 3418.3437, 3468.595, 3531.4881, 3588.3063]
growth_rate:23.83
