ticker:XENE
price:[11.220000267028809, 10.829999923706055, 11.4399995803833, 11.010000228881836, 10.920000076293945, 11.850000381469727, 11.279999732971191, 10.720000267028809, 9.720000267028809, 10.970000267028809, 11.649999618530273, 11.039999961853027, 11.399999618530273, 11.1899995803833, 12.1899995803833, 13.1899995803833, 15.270000457763672, 15.380000114440918, 15.300000190734863, 16.059999465942383, 15.970000267028809, 14.350000381469727, 16.139999389648438, 15.050000190734863, 14.9399995803833, 18.68000030517578, 19.920000076293945, 20.549999237060547, 18.90999984741211, 17.479999542236328, 18.889999389648438, 17.6200008392334, 19.6299991607666, 17.969999313354492, 18.31999969482422, 18.510000228881836, 17.34000015258789, 19.170000076293945, 18.469999313354492, 18.549999237060547, 18.600000381469727, 18.049999237060547, 18.59000015258789, 18.5, 18.610000610351562, 18.079999923706055, 18.299999237060547, 17.270000457763672, 16.5, 18.450000762939453, 16.440000534057617, 17.360000610351562]
assets:[0, 99.99988729553222, 205.6328484574318, 297.9041821929932, 395.4688947629929, 529.148732034111, 603.6954337088586, 673.725216782093, 710.8780515293121, 902.2978799634934, 1058.2288803491592, 1102.8198201893806, 1238.7809585475923, 1315.9618546524048, 1533.5628972101213, 1759.3678790287972, 2136.812095057297, 2252.2056907584188, 2340.489989177322, 2556.750308978081, 2642.421796183014, 2474.3734357769013, 2883.023530975342, 2788.3210603375433, 2867.940585448742, 3685.885356216431, 4030.5590314371107, 4258.031766916275, 4018.21801457634, 3814.354400110245, 4222.033870582581, 4038.181746336937, 4598.83572038784, 4309.937214314461, 4493.881269140626, 4640.488524381065, 4447.167297134019, 5016.5053039649965, 4933.325734597397, 5054.693002106476, 5168.317005997657, 5115.490718777847, 5368.5299250652315, 5442.53905, 5574.901110839844, 5516.132040723038, 5683.253253061294, 5463.376733813859, 5319.78645, 6048.489580115509, 5489.547982329369, 5896.749527320862]
shares:[0, 9.2336, 17.9749, 27.0576, 36.2151, 44.6539, 53.5191, 62.8475, 73.1356, 82.2514, 90.8351, 99.8931, 108.665, 117.6016, 125.805, 133.3865, 139.9353, 146.4373, 152.9732, 159.1999, 165.4616, 172.4302, 178.626, 185.2705, 191.9639, 197.3172, 202.3373, 207.2035, 212.4917, 218.2125, 223.5063, 229.1817, 234.2759, 239.8407, 245.2992, 250.7017, 256.4687, 261.6852, 267.0994, 272.4902, 277.8665, 283.4067, 288.7859, 294.1913, 299.5648, 305.0958, 310.5603, 316.3507, 322.4113, 327.8314, 333.9141, 339.6745]
growth_rate:15.62
