ticker:XENT
price:[18.155000686645508, 18.75, 17.559999465942383, 16.229999542236328, 16.190000534057617, 17.950000762939453, 17.110000610351562, 16.1200008392334, 15.5, 17.079999923706055, 18.84000015258789, 18.65999984741211, 20.25, 21.979999542236328, 21.729999542236328, 21.729999542236328, 23.0, 22.899999618530273, 22.579999923706055, 23.979999542236328, 26.600000381469727, 22.469999313354492, 24.06999969482422, 25.350000381469727, 24.3700008392334, 22.809999465942383, 23.81999969482422, 22.399999618530273, 20.280000686645508, 19.6200008392334, 20.989999771118164, 20.489999771118164, 19.979999542236328, 21.170000076293945, 21.809999465942383, 21.040000915527344, 17.65999984741211, 18.040000915527344, 17.649999618530273, 16.459999084472656, 16.540000915527344, 16.34000015258789, 16.489999771118164, 18.450000762939453, 19.5, 18.600000381469727, 20.010000228881836, 23.350000381469727, 27.3700008392334, 27.510000228881836, 27.520000457763672, 27.579999923706055]
assets:[0, 99.999375, 193.6534301103592, 278.9855771312713, 378.2987904788971, 519.4227620773315, 595.114908229065, 660.6814583961486, 735.2704, 910.2205239341736, 1104.0145889415742, 1193.4674662406921, 1395.162225, 1614.3540363788604, 1695.9916962722777, 1795.9909811656953, 2000.9562999999998, 2092.2561751470566, 2163.0194806915283, 2397.12948024025, 2759.0344995672226, 2430.6584707231523, 2703.734925720215, 2947.5155243545532, 2933.5680950237274, 2845.7800953708647, 3071.7890486450196, 2988.668429103279, 2805.8131309999467, 2814.498930388451, 3111.026519076347, 3136.9185639593125, 3158.8399256275175, 3446.97985842247, 3651.1880195940016, 3622.2844296188355, 3140.377110866165, 3307.9498678779605, 3336.435907889557, 3211.485731372833, 3327.0939601623536, 3386.8637276275635, 3517.9551141706465, 4036.1000268997195, 4365.7965, 4264.297467457008, 4687.558661618042, 5569.990815997124, 6628.9348302598955, 6762.841127266503, 6865.298930196381, 6980.266308690643]
shares:[0, 5.3333, 11.0281, 17.1895, 23.3662, 28.9372, 34.7817, 40.9852, 47.4368, 53.2916, 58.5995, 63.9586, 68.8969, 73.4465, 78.0484, 82.6503, 86.9981, 91.3649, 95.7936, 99.9637, 103.7231, 108.1735, 112.328, 116.2728, 120.3762, 124.7602, 128.9584, 133.4227, 138.3537, 143.4505, 148.2147, 153.0951, 158.1001, 162.8238, 167.4089, 172.1618, 177.8243, 183.3675, 189.0332, 195.1085, 201.1544, 207.2744, 213.3387, 218.7588, 223.887, 229.2633, 234.2608, 238.5435, 242.1971, 245.8321, 249.4658, 253.0916]
growth_rate:36.87
