ticker:XERS
price:[4.480000019073486, 4.909999847412109, 6.340000152587891, 5.75, 5.699999809265137, 5.849999904632568, 5.079999923706055, 5.559999942779541, 4.730000019073486, 5.449999809265137, 5.28000020980835, 4.519999980926514, 4.53000020980835, 4.21999979019165, 4.570000171661377, 4.639999866485596, 5.449999809265137, 4.920000076293945, 5.71999979019165, 5.369999885559082, 5.340000152587891, 5.079999923706055, 7.349999904632568, 6.840000152587891, 5.980000019073486, 5.449999809265137, 4.840000152587891, 4.809999942779541, 4.440000057220459, 4.360000133514404, 4.510000228881836, 4.230000019073486, 3.9100000858306885, 4.0, 3.8299999237060547, 3.25, 3.440000057220459, 3.4700000286102295, 3.119999885559082, 4.050000190734863, 3.950000047683716, 4.110000133514404, 4.809999942779541, 4.25, 3.9700000286102295, 3.4600000381469727, 3.359999895095825, 3.069999933242798, 2.309999942779541, 2.319999933242798, 2.200000047683716, 2.8299999237060547]
assets:[0, 100.00000289230346, 229.12443551445006, 307.8021, 405.12577644357685, 515.7868865915775, 547.8967877714157, 699.6665007994175, 695.2196598034382, 901.0457434659004, 972.9398306611538, 932.8954520633697, 1034.959634934473, 1064.1345590937615, 1252.3920950431825, 1371.5751445333958, 1711.0094551194193, 1644.617773502922, 2012.0350941989898, 1988.9212256137848, 2077.810079372406, 2076.643008811951, 3104.5914497174263, 2989.1710386829377, 2713.3394946543217, 2572.8593449570653, 2384.8882951869964, 2470.1057256152626, 2380.097550673485, 2437.213042633724, 2621.061950018501, 2558.3353135357856, 2464.7968021061897, 2621.5312, 2610.116223006248, 2314.850525, 2550.180402419329, 2672.4201750341654, 2502.867652195358, 3348.915187717247, 3366.2259856364967, 3602.5795170307156, 4316.1572486543655, 3913.65245, 3755.811778066659, 3373.3270371913914, 3375.8318786015275, 3184.4654947537424, 2496.128650168991, 2606.9342769863606, 2572.0928757486104, 3408.6466121063236]
shares:[0, 20.3666, 36.1395, 53.5308, 71.0747, 88.1687, 107.8537, 125.8393, 146.9809, 165.3295, 184.2689, 206.3928, 228.4679, 252.1646, 274.0464, 295.5981, 313.9467, 334.2719, 351.7544, 370.3764, 389.103, 408.788, 422.3934, 437.0133, 453.7357, 472.0843, 492.7455, 513.5355, 536.058, 558.9938, 581.1667, 604.8074, 630.3828, 655.3828, 681.4925, 712.2617, 741.3315, 770.1499, 802.2012, 826.8926, 852.2091, 876.54, 897.33, 920.8594, 946.0483, 974.95, 1004.7119, 1037.2852, 1080.5752, 1123.6786, 1169.1331, 1204.4688]
growth_rate:-33.16
