ticker:XFOR
price:[8.260000228881836, 7.860000133514404, 7.46999979019165, 6.090000152587891, 6.659999847412109, 7.400000095367432, 6.730000019073486, 6.46999979019165, 5.739999771118164, 5.53000020980835, 6.440000057220459, 6.53000020980835, 6.800000190734863, 6.920000076293945, 6.010000228881836, 6.449999809265137, 7.010000228881836, 6.429999828338623, 8.270000457763672, 8.5, 8.489999771118164, 7.809999942779541, 8.390000343322754, 8.869999885559082, 9.640000343322754, 9.569999694824219, 9.5, 9.550000190734863, 9.899999618530273, 9.149999618530273, 9.029999732971191, 9.020000457763672, 9.010000228881836, 8.619999885559082, 8.380000114440918, 8.050000190734863, 7.630000114440918, 7.900000095367432, 9.5, 8.9399995803833, 8.739999771118164, 7.420000076293945, 7.0, 6.190000057220459, 6.329999923706055, 5.590000152587891, 5.75, 5.75, 6.099999904632568, 5.659999847412109, 4.760000228881836, 4.949999809265137]
assets:[0, 99.99963769865036, 195.0379595220089, 259.00709748954773, 383.24902521934507, 525.8321667766571, 578.2227576387405, 655.8845827310562, 681.882124810028, 756.9353687181472, 981.4946487207413, 1095.2109821890353, 1240.49547479496, 1362.3867790205002, 1283.2288048698426, 1477.175731317997, 1705.4265036834715, 1664.3212225677014, 2240.5813000213625, 2402.89475, 2500.0680616006853, 2399.827104417515, 2678.047837586975, 2931.2617661808013, 3285.72278101902, 3361.86337579422, 3437.2729, 3555.3638410085678, 3785.6648141296387, 3598.872359960556, 3651.674100015259, 3747.630692191696, 3843.4759866361615, 3777.1098258543016, 3771.946991511345, 3723.410058221626, 3629.145462432861, 3857.5684665678978, 4738.84795, 4559.505277990532, 4557.502596648788, 3969.1843508119587, 3844.5134, 3499.6483793508055, 3678.8003586603163, 3348.7354294090273, 3544.5846249999995, 3644.5845999999997, 3966.428557988834, 3780.325218086243, 3279.213661679077, 3510.1062447475433]
shares:[0, 12.7226, 26.1095, 42.5299, 57.5449, 71.0584, 85.9172, 101.3732, 118.7948, 136.878, 152.406, 167.7199, 182.4258, 196.8767, 213.5156, 229.0195, 243.2848, 258.8369, 270.9288, 282.6935, 294.4721, 307.2762, 319.1952, 330.4692, 340.8426, 351.2919, 361.8182, 372.2894, 382.3904, 393.3194, 404.3936, 415.4801, 426.5789, 438.1798, 450.113, 462.5354, 475.6416, 488.2998, 498.8261, 510.0118, 521.4534, 534.9305, 549.2162, 565.3713, 581.1691, 599.0582, 616.4495, 633.8408, 650.2342, 667.902, 688.9104, 709.1124]
growth_rate:-31.17
