ticker:XGN
price:[12.279999732971191, 12.75, 12.75, 10.630000114440918, 11.1899995803833, 14.350000381469727, 15.930000305175781, 14.600000381469727, 14.260000228881836, 15.0, 14.789999961853027, 14.729999542236328, 14.75, 14.850000381469727, 13.220000267028809, 12.0, 12.270000457763672, 13.199999809265137, 15.6899995803833, 15.350000381469727, 16.059999465942383, 15.699999809265137, 18.450000762939453, 18.200000762939453, 18.079999923706055, 18.290000915527344, 19.030000686645508, 20.020000457763672, 20.0, 17.59000015258789, 17.5, 16.34000015258789, 16.6200008392334, 15.75, 16.860000610351562, 15.329999923706055, 12.489999771118164, 13.350000381469727, 14.25, 13.329999923706055, 14.979999542236328, 15.630000114440918, 15.25, 15.020000457763672, 14.5, 13.270000457763672, 13.010000228881836, 11.920000076293945, 10.449999809265137, 12.279999732971191, 13.960000038146973, 13.75]
assets:[0, 99.99952499999999, 199.99904999999998, 266.74390787172314, 380.7968047204017, 588.3313606397629, 753.1098804275513, 790.2323206472397, 871.8293199934006, 1017.072, 1102.8326161555292, 1198.3591127586365, 1299.986825, 1408.800231189537, 1354.164287352562, 1329.1956, 1459.1030554355623, 1669.6956958735466, 2084.6612082473753, 2139.487658169365, 2338.4483422374724, 2386.0294510128024, 2903.9655450839996, 2964.6163242759703, 3045.069747150421, 3180.439114200592, 3409.1180550086974, 3686.470872292328, 3782.788, 3426.961225727844, 3509.42725, 3376.8031895336153, 3534.6669884843827, 3449.639025, 3792.7566113021853, 3548.574585339546, 2991.173840186119, 3297.1310292139055, 3619.4087999999997, 3485.7349950494763, 4017.202955241013, 4291.515064421939, 4287.179125000001, 4322.520317737198, 4272.87305, 4010.4157473438263, 4031.8394019311904, 3794.0454322837827, 3426.1557474653246, 4126.1425382769585, 4790.630877090836, 4818.565125]
shares:[0, 7.8431, 15.6862, 25.0935, 34.0301, 40.9987, 47.2762, 54.1255, 61.1381, 67.8048, 74.5661, 81.355, 88.1347, 94.8687, 102.433, 110.7663, 118.9163, 126.4921, 132.8656, 139.3803, 145.607, 151.9764, 157.3965, 162.891, 168.422, 173.8895, 179.1444, 184.1394, 189.1394, 194.8244, 200.5387, 206.6587, 212.6755, 219.0247, 224.9559, 231.4791, 239.4855, 246.9761, 253.9936, 261.4955, 268.1711, 274.5691, 281.1265, 287.7843, 294.6809, 302.2167, 309.9031, 318.2924, 327.8618, 336.0051, 343.1684, 350.4411]
growth_rate:-5.52
