ticker:XLNX
price:[101.63999938964844, 98.6500015258789, 100.72000122070312, 100.3499984741211, 102.58999633789062, 120.94000244140625, 118.0199966430664, 116.81999969482422, 118.69000244140625, 134.1199951171875, 127.6500015258789, 132.3800048828125, 137.49000549316406, 147.91000366210938, 143.8300018310547, 149.19000244140625, 141.99000549316406, 141.77000427246094, 147.99000549316406, 136.60000610351562, 142.94000244140625, 130.57000732421875, 136.47999572753906, 145.75, 138.7100067138672, 130.3000030517578, 119.94999694824219, 125.44999694824219, 122.87999725341797, 123.13999938964844, 129.85000610351562, 129.72000122070312, 128.63999938964844, 129.66000366210938, 127.95999908447266, 124.43000030517578, 118.0, 122.80999755859375, 127.0, 128.6300048828125, 128.5, 131.9199981689453, 132.1199951171875, 144.55999755859375, 135.58999633789062, 128.6300048828125, 137.86000061035156, 149.83999633789062, 150.19000244140625, 146.6300048828125, 144.27000427246094, 156.27000427246094]
assets:[0, 100.00150654678345, 202.10475444946292, 301.36108041763305, 408.0927464324951, 581.0925237304688, 667.0608230262757, 760.2762400138855, 872.4427319458008, 1085.8623044677734, 1133.4809535491943, 1275.4813470458985, 1424.7126839218138, 1632.689784423828, 1687.6580924850464, 1850.5527902832032, 1861.2475890060425, 1958.3683080184937, 2144.286385592651, 2079.256992904663, 2275.762072869873, 2178.8217122192386, 2377.440581575012, 2638.92035, 2611.4516833999633, 2553.124319796753, 2450.326542658997, 2662.676185226441, 2708.1276834686278, 2813.8598120529173, 3067.1869941711425, 3164.1172977752685, 3237.7787366378784, 3363.4453249969483, 3419.3470955352786, 3425.022859400177, 3348.0376, 3584.516803741455, 3806.8123, 3955.668499157715, 4051.66925, 4259.49886087799, 4365.958086645508, 4877.049549633789, 4674.4244467498775, 4534.4777951293945, 4959.858171958923, 5490.871681802369, 5603.694124090575, 5570.86978651123, 5581.200531283569, 6145.427307017517]
shares:[0, 1.0137, 2.0066, 3.0031, 3.9779, 4.8048, 5.6521, 6.5081, 7.3506, 8.0962, 8.8796, 9.635, 10.3623, 11.0384, 11.7337, 12.404, 13.1083, 13.8137, 14.4894, 15.2215, 15.9211, 16.687, 17.4197, 18.1058, 18.8267, 19.5942, 20.4279, 21.225, 22.0388, 22.8509, 23.621, 24.3919, 25.1693, 25.9405, 26.722, 27.5257, 28.3732, 29.1875, 29.9749, 30.7523, 31.5305, 32.2885, 33.0454, 33.7372, 34.4747, 35.2521, 35.9775, 36.6449, 37.3107, 37.9927, 38.6858, 39.3257]
growth_rate:20.5
