ticker:XLRN
price:[90.33999633789062, 90.38999938964844, 106.55999755859375, 108.13999938964844, 106.4800033569336, 118.9800033569336, 116.80999755859375, 109.33999633789062, 104.58000183105469, 113.44000244140625, 114.02999877929688, 113.54000091552734, 117.75, 118.8499984741211, 124.27999877929688, 134.9499969482422, 130.9199981689453, 127.94000244140625, 115.79000091552734, 126.19000244140625, 124.61000061035156, 115.52999877929688, 128.02000427246094, 130.8699951171875, 134.72000122070312, 136.16000366210938, 127.79000091552734, 137.55999755859375, 138.00999450683594, 136.61000061035156, 138.02999877929688, 126.8499984741211, 122.05000305175781, 122.12999725341797, 124.97000122070312, 118.18000030517578, 126.08999633789062, 129.67999267578125, 130.88999938964844, 124.5199966430664, 133.44000244140625, 128.24000549316406, 127.22000122070312, 126.33000183105469, 120.23999786376953, 117.26000213623047, 122.80999755859375, 125.05999755859375, 124.56999969482422, 122.66999816894531, 122.13999938964844, 129.52000427246094]
assets:[0, 99.99845632476807, 217.88322700805665, 321.11091418762203, 416.17709312057497, 565.0360359420775, 654.7317173156739, 712.8639741241456, 781.8296356887818, 948.0634764038086, 1052.9986207275392, 1148.4684632606507, 1291.0581, 1403.1193119857787, 1567.2204966064453, 1801.7713892547608, 1847.9619581542968, 1905.8966283691407, 1824.8967304290773, 2088.8104914123537, 2162.6564045928953, 2105.0721077575686, 2432.64892318573, 2586.8024974853515, 2762.90514503479, 2892.4333417938233, 2814.625886164856, 3129.820088452149, 3240.0606410369874, 3307.191504776001, 3441.5709745635986, 3262.810290751648, 3239.341335997009, 3341.46451185379, 3519.167731375122, 3427.9645428520203, 3757.4062368713376, 3964.3822160949708, 4101.372685874939, 4001.773844116211, 4388.441360290527, 4317.430616937256, 4383.085258056641, 4452.425116534424, 4337.790186933135, 4330.282892888641, 4635.242299853516, 4820.162473901367, 4901.281379992675, 4926.5252624633795, 5005.236104988098, 5407.667410382081]
shares:[0, 1.1063, 2.0447, 2.9694, 3.9085, 4.749, 5.6051, 6.5197, 7.4759, 8.3574, 9.2344, 10.1151, 10.9644, 11.8058, 12.6104, 13.3514, 14.1152, 14.8968, 15.7604, 16.5529, 17.3554, 18.221, 19.0021, 19.7662, 20.5085, 21.2429, 22.0254, 22.7524, 23.477, 24.209, 24.9335, 25.7218, 26.5411, 27.3599, 28.1601, 29.0063, 29.7994, 30.5705, 31.3345, 32.1376, 32.887, 33.6668, 34.4528, 35.2444, 36.0761, 36.9289, 37.7432, 38.5428, 39.3456, 40.1608, 40.9795, 41.7516]
growth_rate:6.03
