ticker:XM
price:[44.0, 55.2400016784668, 45.36000061035156, 45.09000015258789, 38.0, 34.5099983215332, 37.83000183105469, 33.7599983215332, 33.0, 32.43000030517578, 32.08000183105469, 33.9900016784668, 40.63999938964844, 37.349998474121094, 35.61000061035156, 33.150001525878906, 33.279998779296875, 34.439998626708984, 32.06999969482422, 37.130001068115234, 37.220001220703125, 37.63999938964844, 36.150001525878906, 35.52000045776367, 36.400001525878906, 38.02000045776367, 41.72999954223633, 43.459999084472656, 43.790000915527344, 44.43000030517578, 44.06999969482422, 45.279998779296875]
assets:[0, 100.00097503852844, 182.11586645050048, 281.03244395103457, 336.8434, 405.90660025787355, 544.9563083770752, 586.3267708492278, 673.1274, 761.5018091659546, 853.2831367034912, 1004.0850435829163, 1300.5287484680175, 1295.245657084656, 1334.904970880127, 1342.6877718032836, 1447.9528428894043, 1598.422328263092, 1588.4270848846436, 1939.0474717803954, 2043.7465450286866, 2166.806788864136, 2181.0344270606997, 2243.024092906952, 2398.5963005485532, 2605.347145368576, 2959.579200534439, 3182.27585896225, 3306.4384621284485, 3454.7613057296753, 3526.7678305778504, 3723.6006996154783]
shares:[0, 1.8103, 4.0149, 6.2327, 8.8643, 11.762, 14.4054, 17.3675, 20.3978, 23.4814, 26.5986, 29.5406, 32.0012, 34.6786, 37.4868, 40.5034, 43.5082, 46.4118, 49.53, 52.2232, 54.9099, 57.5666, 60.3329, 63.1482, 65.8955, 68.5257, 70.9221, 73.2231, 75.5067, 77.7574, 80.0265, 82.235]
growth_rate:20.12
