ticker:XNCR
price:[33.619998931884766, 38.060001373291016, 43.02000045776367, 37.75, 36.630001068115234, 41.95000076293945, 40.900001525878906, 39.47999954223633, 38.380001068115234, 37.88999938964844, 40.720001220703125, 40.970001220703125, 42.75, 39.119998931884766, 43.380001068115234, 44.83000183105469, 46.08000183105469, 43.630001068115234, 49.380001068115234, 48.459999084472656, 48.5, 45.75, 51.18000030517578, 51.630001068115234, 50.9900016784668, 49.27000045776367, 44.900001525878906, 47.029998779296875, 46.220001220703125, 42.02000045776367, 42.97999954223633, 40.470001220703125, 42.2599983215332, 43.58000183105469, 42.560001373291016, 39.61000061035156, 40.540000915527344, 40.150001525878906, 38.459999084472656, 36.45000076293945, 37.290000915527344, 36.939998626708984, 36.29999923706055, 35.380001068115234, 34.099998474121094, 33.11000061035156, 31.860000610351562, 30.780000686645508, 31.219999313354492, 32.2400016784668, 31.739999771118164, 33.150001525878906]
assets:[0, 99.99884760818482, 213.03074026679994, 286.93397500000003, 378.4208780345917, 533.3816747005463, 620.0317531318665, 698.5038399009704, 779.0410996807099, 869.0942830001832, 1034.0070629974366, 1140.3549169769287, 1289.9000250000001, 1280.370181041336, 1519.7966474208833, 1670.594501234436, 1817.1740882080078, 1820.5577805694581, 2160.488620732498, 2220.238472054291, 2322.0733, 2290.4097, 2662.255665874481, 2785.6657296295166, 2851.136537852478, 2854.9600305252075, 2701.740851815796, 2929.907784951782, 2979.447584689331, 2808.705072597885, 2972.8749923370365, 2899.2627934509273, 3127.4976617832185, 3325.1846457107545, 3347.3568760097505, 3215.337838545227, 3390.8305405761716, 3458.21197642746, 3412.6480227630614, 3334.296624790573, 3511.1369902038573, 3578.1818849765777, 3616.1877739963534, 3624.5395894241333, 3593.410099205017, 3589.084334161377, 3553.584818077087, 3533.125470817566, 3683.63210898304, 3903.980491247559, 3943.4347035633086, 4218.616154180908]
shares:[0, 2.6274, 4.9519, 7.6009, 10.3309, 12.7147, 15.1597, 17.6926, 20.2981, 22.9373, 25.3931, 27.8339, 30.1731, 32.7293, 35.0345, 37.2651, 39.4352, 41.7272, 43.7523, 45.8159, 47.8778, 50.0636, 52.0175, 53.9544, 55.9156, 57.9452, 60.1724, 62.2987, 64.4623, 66.8421, 69.1688, 71.6398, 74.0061, 76.3007, 78.6503, 81.1749, 83.6416, 86.1323, 88.7324, 91.4759, 94.1576, 96.8647, 99.6195, 102.446, 105.3786, 108.3988, 111.5375, 114.7864, 117.9895, 121.0912, 124.2418, 127.2584]
growth_rate:-17.28
