ticker:XNET
price:[3.4200000762939453, 3.2100000381469727, 3.4700000286102295, 3.430000066757202, 3.380000114440918, 3.069999933242798, 2.880000114440918, 2.8299999237060547, 2.630000114440918, 2.7300000190734863, 2.7699999809265137, 2.75, 2.9700000286102295, 2.9200000762939453, 2.7899999618530273, 3.0399999618530273, 2.930000066757202, 2.890000104904175, 4.300000190734863, 3.8499999046325684, 4.320000171661377, 4.570000171661377, 5.489999771118164, 7.440000057220459, 10.300000190734863, 6.53000020980835, 5.840000152587891, 7.5, 9.25, 6.730000019073486, 6.650000095367432, 6.800000190734863, 5.449999809265137, 5.440000057220459, 5.309999942779541, 4.71999979019165, 4.260000228881836, 4.420000076293945, 4.849999904632568, 4.820000171661377, 5.050000190734863, 4.920000076293945, 4.579999923706055, 4.309999942779541, 4.090000152587891, 3.7699999809265137, 3.5799999237060547, 3.640000104904175, 3.869999885559082, 3.4800000190734863, 3.2699999809265137, 3.680000066757202]
assets:[0, 99.99984718837737, 208.09937171578406, 305.70047094976906, 401.2442075854301, 464.4437119006634, 535.6996052867889, 626.3992581129074, 682.130768682003, 808.0671746456622, 919.9070216657639, 1013.265, 1194.3261115050316, 1274.2197052928925, 1317.4907129862786, 1535.5453247314454, 1579.982904998374, 1658.4132661987783, 2567.5352738880156, 2398.8394605789185, 2791.6847669315816, 3053.2404216878413, 3767.8966429138186, 5206.22113604064, 7307.537015320588, 4732.83640706563, 4332.735825205994, 5664.30075, 7085.970824999999, 5255.522295894671, 5293.04962090745, 5512.441914619827, 4518.059651880455, 4609.770096487713, 4599.610096434689, 4188.541973815441, 3880.3370804832457, 4126.07714322052, 4627.482879008006, 4698.859589347029, 5023.0791447180745, 4993.772033437919, 4748.673992896272, 4568.730532344579, 4435.524183478546, 4188.490336809254, 4077.399385105896, 4245.735798361373, 4614.010072557736, 4249.032347288466, 4092.625047128248, 4705.767701365185]
shares:[0, 31.1526, 59.971, 89.1255, 118.7113, 151.2846, 186.0068, 221.3425, 259.3653, 295.9953, 332.0964, 368.46, 402.13, 436.3766, 472.2189, 505.1136, 539.2433, 573.8454, 597.1012, 623.0752, 646.2233, 668.1051, 686.32, 699.7609, 709.4696, 724.7835, 741.9068, 755.2401, 766.0509, 780.9097, 795.9473, 810.6532, 829.0018, 847.3842, 866.2166, 887.403, 910.8772, 933.5016, 954.1202, 974.8671, 994.6691, 1014.9943, 1036.8284, 1060.0303, 1084.4802, 1111.0054, 1138.9384, 1166.4109, 1192.2507, 1220.9863, 1251.5673, 1278.7412]
growth_rate:-7.73
