ticker:XOG
price:[29.06999969482422, 28.0, 29.0, 31.799999237060547, 35.5, 33.650001525878906, 34.93000030517578, 35.4900016784668, 34.689998626708984, 35.95000076293945, 36.025001525878906, 37.91999816894531, 40.040000915527344, 40.0, 41.779998779296875, 43.439998626708984, 47.029998779296875, 49.61000061035156, 49.119998931884766, 54.599998474121094, 58.34000015258789, 54.70000076293945, 56.7599983215332, 57.68000030517578, 54.16999816894531, 46.45000076293945, 43.59000015258789, 44.4900016784668, 44.130001068115234, 42.38999938964844, 38.189998626708984, 46.7400016784668, 44.9900016784668, 45.529998779296875]
assets:[0, 99.9992, 203.5713, 323.22791224517823, 460.83615, 536.8218393424987, 657.2428857421875, 767.7800493114472, 850.4738823318481, 981.3631208267211, 1083.408690888977, 1240.3972681045534, 1409.7443682342528, 1508.3359999999998, 1675.4573330474855, 1842.025357767105, 2094.255251641846, 2309.1421274093627, 2386.333052109146, 2752.5606430755615, 3041.1066899539946, 2951.36589116478, 3162.513854480362, 3313.773697532654, 3212.11838142395, 2854.3479018825533, 2778.6009697265627, 2935.970843764877, 3012.2123739070894, 2993.4418698989866, 2796.852187426758, 3523.0136045139316, 3491.107156244659, 3633.011616595459]
shares:[0, 3.5714, 7.0197, 10.1644, 12.9813, 15.9531, 18.816, 21.6337, 24.5164, 27.298, 30.0738, 32.7109, 35.2084, 37.7084, 40.1019, 42.4039, 44.5302, 46.5459, 48.5817, 50.4132, 52.1273, 53.9555, 55.7173, 57.451, 59.297, 61.4499, 63.744, 65.9917, 68.2577, 70.6167, 73.2352, 75.3747, 77.5974, 79.7938]
growth_rate:10.09
