ticker:XOMAP
price:[24.25, 24.488000869750977, 24.989999771118164, 25.110000610351562, 24.950000762939453, 25.201000213623047, 25.229999542236328, 25.613000869750977, 25.5, 25.549999237060547, 25.458999633789062, 25.06100082397461, 25.200000762939453, 25.084999084472656, 25.270000457763672, 25.110000610351562, 25.115999221801758, 25.200000762939453, 25.280000686645508, 25.45599937438965, 25.34000015258789, 25.174999237060547, 25.43000030517578, 25.469999313354492, 25.483999252319336, 25.599000930786133, 26.077999114990234, 26.170000076293945, 26.1200008392334, 26.5, 26.09000015258789, 26.149999618530273, 26.149999618530273, 25.989999771118164, 26.600000381469727, 26.2189998626709, 26.264999389648438, 26.21419906616211]
assets:[0, 99.99920035171507, 202.0491461494446, 303.01995436553955, 401.0887272647858, 505.12380808181763, 605.7041680103302, 714.8998350761414, 811.7466000000001, 913.3383777271272, 1010.085810470581, 1094.2961192790985, 1200.3667563415527, 1294.8876527404784, 1404.4383964412689, 1495.546614352417, 1595.903241352272, 1701.2419715057374, 1806.6428330713272, 1919.2194344329835, 2010.473078106308, 2097.382053937912, 2218.6276616249083, 2322.117666398048, 2423.3932636995314, 2534.329251048851, 2681.751901389313, 2791.2136981372832, 2885.881352723122, 3027.8661500000003, 3081.020298019409, 3188.1059684926986, 3288.1061820339205, 3367.986892339706, 3547.0355708679194, 3596.2294839637757, 3702.537566459656, 3795.3756262359616]
shares:[0, 4.0836, 8.0852, 12.0677, 16.0757, 20.0438, 24.0073, 27.9116, 31.8332, 35.7471, 39.675, 43.6653, 47.6336, 51.62, 55.5773, 59.5598, 63.5413, 67.5096, 71.4653, 75.3936, 79.3399, 83.3121, 87.2445, 91.1707, 95.0947, 99.0011, 102.8358, 106.657, 110.4855, 114.2591, 118.092, 121.9161, 125.7402, 129.5878, 133.3472, 137.1612, 140.9685, 144.7832]
growth_rate:2.58
