ticker:XOMAO
price:[24.770000457763672, 24.65999984741211, 24.624000549316406, 24.329999923706055, 24.100000381469727, 24.34000015258789, 24.350000381469727, 24.290000915527344, 24.450000762939453, 24.649999618530273, 25.049999237060547, 25.049999237060547, 25.142000198364258, 24.920000076293945, 25.0, 25.059999465942383, 24.84000015258789, 25.93000030517578, 25.8700008392334, 25.93000030517578, 25.959999084472656, 25.989900588989258]
assets:[0, 100.0012313812256, 199.85577565841677, 297.4707440671921, 394.65919624691014, 498.5902991256714, 598.7957293807983, 697.3197752830506, 801.9135700229644, 908.4732709409714, 1023.2148138362884, 1123.2144107906342, 1227.339424283409, 1316.5011760305404, 1420.7275, 1524.1366375188827, 1610.7572618946074, 1781.4376949661257, 1877.316111900902, 1981.6691573226929, 2083.9622905052183, 2186.361402197838]
shares:[0, 4.0552, 8.1163, 12.2265, 16.3759, 20.4844, 24.5912, 28.7081, 32.7981, 36.8549, 40.8469, 44.8389, 48.8163, 52.8291, 56.8291, 60.8195, 64.8453, 68.7018, 72.5673, 76.4238, 80.2759, 84.1235]
growth_rate:4.11
