ticker:XOMA
price:[19.15999984741211, 18.969999313354492, 19.780000686645508, 18.860000610351562, 19.65999984741211, 19.770000457763672, 21.229999542236328, 22.559999465942383, 24.809999465942383, 25.600000381469727, 28.43000030517578, 32.68000030517578, 32.04999923706055, 32.9900016784668, 37.97999954223633, 45.560001373291016, 43.25, 44.130001068115234, 41.70000076293945, 39.93000030517578, 39.310001373291016, 36.220001220703125, 43.83000183105469, 38.970001220703125, 36.86000061035156, 36.20000076293945, 36.95000076293945, 40.90999984741211, 34.790000915527344, 39.9900016784668, 40.63999938964844, 38.9900016784668, 37.5, 37.290000915527344, 38.060001373291016, 31.75, 29.920000076293945, 31.270000457763672, 29.469999313354492, 29.40999984741211, 31.549999237060547, 30.40999984741211, 35.470001220703125, 33.29999923706055, 34.540000915527344, 32.59000015258789, 33.400001525878906, 32.400001525878906, 31.389999389648438, 29.520000457763672, 26.600000381469727, 29.1299991607666]
assets:[0, 100.00035138034819, 204.27004509105683, 294.7686075393677, 407.2726248390198, 509.5519917984009, 647.181675045395, 787.7252453523636, 966.2874541997909, 1097.0547363473893, 1318.3303871513367, 1615.4083630851746, 1684.2659199066163, 1833.663469293213, 2211.020865351105, 2752.293350960922, 2712.7438, 2867.9381614151002, 2810.0171014118196, 2790.74365832901, 2847.4120874740597, 2723.588345791626, 3395.82581786499, 3119.2874987091063, 3050.397268510437, 3095.77700524559, 3259.9175123104096, 3709.289231164932, 3254.3923666419983, 3840.8197162075044, 4003.2472038772585, 3940.7155706424714, 3890.1225, 3968.3385044288634, 4150.27949175148, 3562.2007750000002, 3456.8820088148113, 3712.8591393527986, 3599.135652140808, 3691.8078708457947, 4060.4407318107606, 4013.7246498603818, 4781.579625558472, 4589.049584859848, 4859.933558818817, 4685.558832938003, 4902.014683948517, 4855.247148657989, 4803.894116592407, 4617.710351606369, 4260.945001106072, 4766.2155066856385]
shares:[0, 5.2715, 10.3271, 15.6293, 20.7158, 25.774, 30.4843, 34.9169, 38.9475, 42.8537, 46.3711, 49.4311, 52.5512, 55.5824, 58.2154, 60.4103, 62.7224, 64.9884, 67.3865, 69.8909, 72.4348, 75.1957, 77.4772, 80.0433, 82.7563, 85.5187, 88.2251, 90.6695, 93.5439, 96.0445, 98.5051, 101.0699, 103.7366, 106.4183, 109.0457, 112.1953, 115.5375, 118.7355, 122.1288, 125.529, 128.6986, 131.987, 134.8063, 137.8093, 140.7045, 143.7729, 146.7669, 149.8533, 153.039, 156.4265, 160.1859, 163.6188]
growth_rate:-6.54
