ticker:XONE
price:[13.479999542236328, 15.510000228881836, 13.420000076293945, 11.649999618530273, 11.729999542236328, 13.430000305175781, 12.199999809265137, 12.069999694824219, 10.050000190734863, 10.069999694824219, 10.449999809265137, 10.84000015258789, 12.710000038146973, 11.899999618530273, 11.270000457763672, 11.789999961853027, 10.850000381469727, 9.489999771118164, 13.020000457763672, 15.260000228881836, 22.549999237060547, 27.739999771118164, 40.13999938964844, 54.22999954223633, 44.13999938964844, 34.099998474121094, 28.469999313354492, 36.38999938964844, 33.68000030517578, 29.520000457763672, 31.290000915527344, 29.030000686645508, 25.020000457763672, 24.040000915527344, 23.25, 20.489999771118164, 19.219999313354492, 20.5, 21.31999969482422, 22.079999923706055, 21.3799991607666, 20.020000457763672, 23.020000457763672, 20.100000381469727, 19.579999923706055, 16.309999465942383, 16.3799991607666, 16.600000381469727, 16.940000534057617, 24.239999771118164, 22.809999465942383, 24.209999084472656]
assets:[0, 100.00072647571564, 186.52592306041717, 261.9246114234924, 363.72265280570986, 516.4358887351989, 569.1373111021041, 663.0726752349854, 652.1023023759842, 753.4001181678772, 881.8305489047051, 1014.7410862838744, 1289.7930098711013, 1307.5957580833435, 1338.3700313617705, 1500.1230461462976, 1480.5205270528793, 1394.943607356453, 2013.821698802948, 2460.28590690136, 3735.6125786121365, 4695.383321258545, 6894.257637168885, 9414.289959532547, 7762.672164660645, 6096.991067176819, 5190.362727817726, 6734.2568680496215, 6332.749417381287, 5650.556127622604, 6089.359594171143, 5749.539688993645, 5055.33863049202, 4957.327052792359, 4894.4202749999995, 4413.404569700432, 4239.854968528748, 4622.217, 4907.104937759399, 5182.030254094315, 5117.745365112114, 4892.20142586174, 5725.297407850266, 5099.064576773071, 5067.14929825573, 4320.898881515694, 4439.443326543998, 4599.0699456871025, 4793.268015114593, 6958.843374292374, 6648.316494340896, 7156.366784374238]
shares:[0, 6.4475, 13.8991, 22.4828, 31.0079, 38.4539, 46.6506, 54.9356, 64.8858, 74.8163, 84.3857, 93.6108, 101.4786, 109.882, 118.7551, 127.2369, 136.4535, 146.9909, 154.6714, 161.2245, 165.6591, 169.264, 171.7553, 173.5993, 175.8648, 178.7974, 182.3099, 185.0579, 188.027, 191.4145, 194.6104, 198.0551, 202.0519, 206.2116, 210.5127, 215.3931, 220.596, 225.474, 230.1644, 234.6934, 239.3707, 244.3657, 248.7097, 253.6848, 258.7921, 264.9233, 271.0283, 277.0524, 282.9556, 287.081, 291.465, 295.5955]
growth_rate:40.32
