ticker:XOS
price:[9.989999771118164, 9.970000267028809, 10.079999923706055, 10.069999694824219, 10.130000114440918, 10.319999694824219, 10.3100004196167, 10.15999984741211, 10.430000305175781, 12.319999694824219, 13.180000305175781, 11.529999732971191, 10.479999542236328, 10.579999923706055, 10.199999809265137, 10.149999618530273, 10.0, 9.989999771118164, 9.899999618530273, 9.899999618530273, 9.90999984741211, 9.880000114440918, 9.880000114440918, 9.869999885559082, 9.890000343322754, 9.920000076293945, 9.989999771118164, 9.930000305175781, 9.989999771118164, 9.960000038146973, 9.9399995803833, 9.960000038146973, 9.90999984741211, 9.960000038146973, 9.96500015258789, 9.850000381469727, 7.550000190734863, 6.039999961853027, 6.619999885559082, 7.059999942779541]
assets:[0, 100.00009967832564, 201.1030544778824, 300.90367488098144, 402.69688154935835, 510.24968091125487, 609.7550758170128, 700.8835254737854, 819.5091129783631, 1068.0109175445557, 1242.5642987709045, 1187.0077075095178, 1178.910868505478, 1290.1601046964645, 1343.8214148712157, 1437.2338559841157, 1515.9940000000001, 1614.4778690105438, 1699.9328944976805, 1799.9327906444548, 1901.750772718048, 1995.9941791197775, 2095.994600278091, 2193.8729775624274, 2298.3183887841224, 2405.289522498894, 2522.262155212212, 2607.113636123657, 2722.86634561615, 2814.6900347803116, 2909.0382891950608, 3014.8920115470887, 3099.7567802719113, 3215.3967723150254, 3317.010737291336, 3378.731370851135, 2689.7887379518506, 2251.8309737780573, 2568.066103605461, 2838.753258992243]
shares:[0, 10.0301, 19.9507, 29.8812, 39.7529, 49.4428, 59.1421, 68.9846, 78.5723, 86.6892, 94.2765, 102.9495, 112.4915, 121.9433, 131.7472, 141.5994, 151.5994, 161.6094, 171.7104, 181.8114, 191.9022, 202.0237, 212.1452, 222.2769, 232.3881, 242.4687, 252.4787, 262.5492, 272.5592, 282.5994, 292.6598, 302.7, 312.7908, 322.831, 332.8661, 343.0184, 356.2634, 372.8197, 387.9254, 402.0897]
growth_rate:-27.21
