ticker:XP
price:[46.810001373291016, 44.439998626708984, 43.060001373291016, 43.08000183105469, 40.90999984741211, 42.56999969482422, 42.220001220703125, 43.459999084472656, 40.08000183105469, 42.13999938964844, 38.56999969482422, 40.0, 41.65999984741211, 38.459999084472656, 35.77000045776367, 40.38999938964844, 41.349998474121094, 39.66999816894531, 40.45000076293945, 39.790000915527344, 42.11000061035156, 43.63999938964844, 48.54999923706055, 48.41999816894531, 49.95000076293945, 44.13999938964844, 40.79999923706055, 40.66999816894531, 39.63999938964844, 37.619998931884766, 39.689998626708984, 39.0099983215332, 38.869998931884766, 40.029998779296875, 39.599998474121094, 44.779998779296875, 42.900001525878906, 40.5, 39.65999984741211, 40.45000076293945, 44.18000030517578, 46.0, 44.90999984741211, 42.439998626708984, 40.349998474121094, 41.7599983215332, 40.959999084472656, 41.060001373291016, 48.02000045776367, 47.40999984741211, 45.11000061035156, 48.65999984741211]
assets:[0, 99.99888490982056, 196.89185627937317, 296.9849166229248, 382.0257605751038, 497.5283574333191, 593.435893157959, 710.8665130249024, 755.5801785186768, 894.4130590454101, 918.6409677314758, 1052.7, 1196.3877096179963, 1204.4902513275147, 1220.2434876159668, 1477.8498826675416, 1612.9766054786683, 1647.4434529586792, 1779.8364385700227, 1850.7960815849303, 2058.7073978393555, 2233.508260762024, 2584.8019593811036, 2677.8825247329714, 2862.499678722, 2629.5433556396483, 2530.570992679596, 2622.5072239288334, 2656.0900511032105, 2620.7407955913545, 2864.9431708717348, 2915.856938540649, 3005.3933344142915, 3195.0824185668944, 3260.7628743553164, 3787.2952647583006, 3728.2932726089475, 3619.7158499999996, 3644.6389719776153, 3817.238256998062, 4269.237133489991, 4545.108200000001, 4537.409978583527, 4387.858726015854, 4271.773638458251, 4521.045994284821, 4534.43573864746, 4645.508025373459, 5532.960492744445, 5562.676915096665, 5392.81486396637, 5917.211693444824]
shares:[0, 2.2502, 4.5725, 6.8938, 9.3382, 11.6873, 14.0558, 16.3568, 18.8518, 21.2248, 23.8175, 26.3175, 28.7179, 31.318, 34.1136, 36.5895, 39.0079, 41.5287, 44.0009, 46.5141, 48.8888, 51.1803, 53.24, 55.3053, 57.3073, 59.5728, 62.0238, 64.4826, 67.0053, 69.6635, 72.183, 74.7464, 77.3191, 79.8172, 82.3425, 84.5756, 86.9066, 89.3757, 91.8971, 94.3693, 96.6328, 98.8067, 101.0334, 103.3897, 105.868, 108.2626, 110.704, 113.1395, 115.222, 117.3313, 119.5481, 121.6032]
growth_rate:16.02
