ticker:XPDI
price:[9.949999809265137, 9.970000267028809, 10.010000228881836, 9.960000038146973, 9.859999656677246, 9.75, 9.760000228881836, 9.84000015258789, 9.819999694824219, 9.75, 9.779999732971191, 9.824999809265137, 9.800000190734863, 9.789999961853027, 9.739999771118164, 9.949999809265137, 9.920000076293945, 10.029999732971191, 10.25, 10.289999961853027, 10.079999923706055, 10.069999694824219, 10.149999618530273]
assets:[0, 100.00009967832564, 200.40120558223722, 299.4005891467095, 396.3946641976357, 491.972325, 592.4769098941803, 697.3332588134765, 795.9158852653503, 890.242275, 992.9809768880845, 1097.5497461930274, 1194.7572232532502, 1293.5380099596978, 1386.9311634082794, 1516.8346859232902, 1612.2609083997725, 1730.1388459384918, 1868.088125, 1975.3784956768989, 2035.0642885969162, 2133.0454613571164, 2249.99101543808]
shares:[0, 10.0301, 20.0201, 30.0603, 40.2023, 50.4587, 60.7046, 70.8672, 81.0505, 91.3069, 101.5318, 111.7099, 121.914, 132.1285, 142.3954, 152.4457, 162.5263, 172.4964, 182.2525, 191.9707, 201.8913, 211.8218, 221.674]
growth_rate:2.27
