ticker:XPDIU
price:[11.3100004196167, 11.520000457763672, 10.850000381469727, 10.300000190734863, 10.25, 10.279999732971191, 10.069999694824219, 10.149999618530273, 10.329999923706055, 10.239999771118164, 10.079999923706055, 10.140000343322754, 10.0600004196167, 10.09000015258789, 10.079999923706055, 10.100000381469727, 10.100000381469727, 10.100000381469727, 10.135000228881836, 10.119999885559082, 10.149999618530273, 10.140000343322754, 10.149999618530273, 10.279999732971191, 10.300000190734863, 10.5, 10.729999542236328, 10.770000457763672, 10.6899995803833, 10.670000076293945]
assets:[0, 100.00051597366333, 194.18462682724, 284.34077526540756, 382.9605, 484.0810754257202, 574.1923895988464, 678.753819490242, 790.790418159485, 883.9003962432861, 970.089112657547, 1075.8631624268533, 1167.3755266928674, 1270.8567082187653, 1369.5968056337358, 1472.3144256082535, 1572.3145293851853, 1672.3146331621172, 1778.1097776556014, 1875.477846791363, 1981.0373405462265, 2079.085390394211, 2181.135448025894, 2309.0709240205765, 2413.562994694233, 2560.42815, 2716.5139841079713, 2826.6415471424107, 2905.6445099441526, 3000.208760452461]
shares:[0, 8.6806, 17.8972, 27.6059, 37.362, 47.0896, 57.0201, 66.8723, 76.5528, 86.3184, 96.239, 106.1009, 116.0413, 125.9521, 135.8727, 145.7737, 155.6747, 165.5757, 175.4425, 185.3239, 195.1761, 205.038, 214.8902, 224.6178, 234.3265, 243.8503, 253.17, 262.4551, 271.8096, 281.1817]
growth_rate:3.46
