ticker:XPEL
price:[23.56999969482422, 23.920000076293945, 26.25, 23.739999771118164, 26.559999465942383, 28.010000228881836, 27.5, 26.600000381469727, 24.780000686645508, 28.399999618530273, 37.52000045776367, 35.95000076293945, 38.59000015258789, 43.029998779296875, 46.52000045776367, 53.20000076293945, 51.5099983215332, 51.560001373291016, 54.90999984741211, 55.34000015258789, 53.86000061035156, 48.0099983215332, 55.880001068115234, 56.41999816894531, 54.91999816894531, 48.349998474121094, 49.779998779296875, 63.040000915527344, 56.06999969482422, 52.86000061035156, 54.7599983215332, 58.08000183105469, 60.7599983215332, 64.83000183105469, 64.0999984741211, 62.9900016784668, 75.19999694824219, 76.77999877929688, 82.0, 88.47000122070312, 90.20999908447266, 84.4000015258789, 86.31999969482422, 82.9000015258789, 84.5199966430664, 83.94000244140625, 101.4000015258789, 92.5999984741211, 83.88999938964844, 75.55000305175781, 69.75, 77.81999969482422]
assets:[0, 99.99995231895447, 209.740125, 289.6849732070923, 424.096791472435, 547.2509814718246, 637.28775, 716.4311102743148, 767.4118412647248, 979.5188268430709, 1394.0668730083464, 1435.7315854694366, 1641.1632444892882, 1929.9901112487794, 2186.5237575157166, 2600.495837293625, 2617.88749369545, 2720.4294164581297, 2997.1854676712032, 3120.6558126045225, 3137.199613551331, 2896.4528007377626, 3471.248902350998, 3604.7921650100707, 3608.952347676087, 3277.2209165740965, 3474.1461148071294, 4499.562017346954, 4102.069963673401, 3967.227621807861, 4209.828198963165, 4565.064911920165, 4875.710369310761, 5302.3097067581175, 5342.606672821044, 5350.093586561584, 6487.157816738892, 6723.455577105713, 7280.5586, 7955.010181762695, 8211.464397663116, 7782.600100702667, 8059.64657950592, 7840.325674311065, 8093.541906543732, 8138.000024694824, 9930.751109439088, 9168.909228913117, 8406.474225837706, 7670.735354850768, 7181.8506, 8112.781660185242]
shares:[0, 4.1806, 7.9901, 12.2024, 15.9675, 19.5377, 23.1741, 26.9335, 30.969, 34.4901, 37.1553, 39.9369, 42.5282, 44.8522, 47.0018, 48.8815, 50.8229, 52.7624, 54.5836, 56.3906, 58.2473, 60.3302, 62.1197, 63.8921, 65.7129, 67.7812, 69.79, 71.3763, 73.1598, 75.0516, 76.8778, 78.5996, 80.2454, 81.7879, 83.348, 84.9356, 86.2654, 87.5678, 88.7873, 89.9176, 91.0261, 92.2109, 93.3694, 94.5757, 95.7589, 96.9502, 97.9364, 99.0163, 100.2083, 101.5319, 102.9656, 104.2506]
growth_rate:59.07
