ticker:XPER
price:[11.869999885559082, 11.369999885559082, 13.0, 11.380000114440918, 11.15999984741211, 12.369999885559082, 12.460000038146973, 12.75, 12.399999618530273, 13.460000038146973, 18.190000534057617, 18.700000762939453, 19.34000015258789, 19.809999465942383, 19.530000686645508, 20.440000534057617, 20.799999237060547, 20.899999618530273, 21.559999465942383, 21.479999542236328, 21.829999923706055, 19.260000228881836, 21.290000915527344, 21.020000457763672, 21.700000762939453, 21.100000381469727, 22.450000762939453, 24.06999969482422, 24.459999084472656, 22.170000076293945, 22.329999923706055, 22.329999923706055, 22.389999389648438, 21.190000534057617, 20.549999237060547, 20.889999389648438, 20.940000534057617, 20.889999389648438, 21.420000076293945, 22.09000015258789, 22.399999618530273, 21.5, 22.15999984741211, 21.25, 20.540000915527344, 19.770000457763672, 20.610000610351562, 20.770000457763672, 21.010000228881836, 20.1200008392334, 20.81999969482422, 21.780000686645508]
assets:[0, 100.00028599348067, 214.33620000000002, 287.62608889245985, 382.0659427761078, 523.490973156929, 627.2999479205132, 741.89955, 821.5334547266007, 991.7610688107492, 1440.2769662864685, 1580.6587044891355, 1734.755465686798, 1876.9142474002838, 1950.385001572609, 2141.263795947075, 2278.976876407623, 2389.933766378593, 2565.4049324529647, 2655.8859513999937, 2799.162655217171, 2569.623006536865, 2940.459960447693, 3003.169505401612, 3200.3226225185394, 3211.8336180671695, 3517.3291745326997, 3871.139538919067, 4033.8623310142516, 3756.2032539262773, 3883.3120347320555, 3983.3124733903887, 4094.0158663970947, 3974.595686172867, 3954.5514331832883, 4119.979993624878, 4229.840321878623, 4319.740612788391, 4529.33612813263, 4771.009277956009, 4937.963435906982, 4839.564, 5088.1265409645075, 4979.1831250000005, 4912.819038978577, 4828.648635804749, 5133.811004034424, 5273.665122229767, 5434.602133204269, 5304.38873325348, 5588.9352920783995, 5946.639325476265]
shares:[0, 8.7951, 16.4874, 25.2747, 34.2353, 42.3194, 50.3451, 58.1882, 66.2527, 73.6821, 79.1796, 84.5272, 89.6978, 94.7458, 99.8661, 104.7585, 109.5662, 114.3509, 118.9891, 123.6446, 128.2255, 133.4176, 138.1146, 142.872, 147.4803, 152.2196, 156.6739, 160.8284, 164.9167, 169.4273, 173.9056, 178.3839, 182.8502, 187.5694, 192.4356, 197.2226, 201.9981, 206.7851, 211.4536, 215.9805, 220.4448, 225.096, 229.6086, 234.3145, 239.183, 244.2412, 249.0932, 253.9078, 258.6674, 263.6376, 268.4407, 273.0321]
growth_rate:16.6
