ticker:XRAY
price:[44.7599983215332, 44.15999984741211, 46.33000183105469, 43.369998931884766, 43.65999984741211, 45.5, 45.68000030517578, 49.150001525878906, 47.189998626708984, 45.7400016784668, 51.36000061035156, 49.400001525878906, 51.65999984741211, 53.75, 52.959999084472656, 52.599998474121094, 51.81999969482422, 52.36000061035156, 58.18000030517578, 58.439998626708984, 57.22999954223633, 53.4900016784668, 55.2400016784668, 55.349998474121094, 52.7599983215332, 53.06999969482422, 60.0, 62.880001068115234, 62.7599983215332, 61.279998779296875, 63.439998626708984, 64.19999694824219, 65.41999816894531, 66.19999694824219, 67.51000213623047, 68.47000122070312, 67.83000183105469, 67.4800033569336, 66.91999816894531, 66.27999877929688, 65.56999969482422, 63.18000030517578, 64.18000030517578, 63.88999938964844, 62.41999816894531, 61.15999984741211, 63.59000015258789, 66.04000091552734, 60.290000915527344, 58.689998626708984, 59.86000061035156, 62.09000015258789]
assets:[0, 100.00031965446472, 204.9129650985718, 291.81937481307983, 393.7695386238098, 510.3644, 612.3815160911561, 758.9005985603333, 828.637499885559, 903.1774991428375, 1114.1473572402956, 1171.6297161895752, 1325.228810085678, 1478.84525, 1557.108709082031, 1646.5219722358704, 1722.108139858246, 1840.056085449219, 2144.5846272491453, 2254.1710030288696, 2307.496412543106, 2256.7003788131715, 2430.5324538516998, 2535.3731001052856, 2516.736335934448, 2631.5236978675844, 3075.156, 3322.7616084423066, 3416.422096630478, 3435.859227557373, 3656.967000837326, 3800.774639329529, 3973.002282798767, 4120.373870054626, 4301.91286212616, 4463.086936569213, 4521.371564053345, 4598.040192739106, 4659.880384497071, 4715.3181851562495, 4764.807952823639, 4691.133976659393, 4865.383135134888, 4943.399256774902, 4929.663049391174, 4930.156515699768, 5226.042418540192, 5527.389580627441, 5146.125376145935, 5109.557149441147, 5311.419756156922, 5609.2913307849885]
shares:[0, 2.2645, 4.4229, 6.7286, 9.019, 11.2168, 13.4059, 15.4405, 17.5596, 19.7459, 21.6929, 23.7172, 25.6529, 27.5134, 29.4016, 31.3027, 33.2325, 35.1424, 36.8612, 38.5724, 40.3197, 42.1892, 43.9995, 45.8062, 47.7016, 49.5859, 51.2526, 52.8429, 54.4363, 56.0682, 57.6445, 59.2021, 60.7307, 62.2413, 63.7226, 65.1831, 66.6574, 68.1393, 69.6336, 71.1424, 72.6675, 74.2503, 75.8084, 77.3736, 78.9757, 80.6108, 82.1834, 83.6976, 85.3562, 87.0601, 88.7307, 90.3413]
growth_rate:9.99
