ticker:XSPA
price:[1.809999942779541, 1.8200000524520874, 1.9199999570846558, 1.9199999570846558, 1.9199999570846558, 2.3499999046325684, 2.1500000953674316, 1.9700000286102295, 1.8600000143051147, 1.899999976158142, 1.8700000047683716, 1.6200000047683716, 1.6799999475479126, 1.5700000524520874, 1.4500000476837158, 1.340000033378601, 1.350000023841858, 1.190000057220459, 1.2000000476837158, 1.350000023841858, 1.7400000095367432, 2.2200000286102295, 2.1500000953674316, 2.680000066757202, 2.4700000286102295, 1.7599999904632568, 1.6200000047683716, 2.130000114440918, 2.0, 1.7699999809265137, 1.6699999570846558, 1.5700000524520874, 1.3600000143051147, 1.3899999856948853, 1.3700000047683716, 1.2599999904632568, 1.2000000476837158, 1.3300000429153442, 1.3899999856948853, 1.3200000524520874, 1.6699999570846558, 1.4800000190734863, 1.6299999952316284, 1.4700000286102295, 1.4800000190734863, 1.3899999856948853, 1.5700000524520874, 1.6200000047683716, 1.659999966621399, 1.75, 1.5199999809265137, 1.7400000095367432]
assets:[0, 100.00008488198519, 205.4945234068394, 305.4944571716666, 405.49439093649386, 596.3082458006859, 645.5585986350059, 691.5117740427971, 752.8993617904902, 869.0907690943479, 955.3682294361234, 927.6452127304673, 1062.002390842712, 1092.4666384981872, 1108.9659814687013, 1124.8375680190325, 1233.2319067796589, 1187.0711100796223, 1297.0464515399933, 1559.1772625360607, 2109.6062875625134, 2791.5665639762874, 2803.5442243566513, 3594.6503215405937, 3412.9798435328485, 2531.920850280523, 2430.5180831540824, 3295.681443070793, 3194.5364, 2927.1647264569283, 2861.7880784583094, 2790.423736225188, 2517.182274476898, 2672.708235493958, 2734.252037516737, 2614.713550209641, 2590.2034629254345, 2970.8088598596096, 3204.8301150176526, 3143.4359809089187, 4076.922465232015, 3713.0811758522987, 4189.406916744387, 3878.1768604799504, 4004.5590396087173, 3861.038405264318, 4461.0292350384, 4703.100097843289, 4919.225973086214, 5285.931175, 4691.208773133088, 5470.199675981546]
shares:[0, 54.9451, 107.0284, 159.1117, 211.195, 253.7482, 300.2598, 351.0212, 404.7846, 457.4162, 510.8921, 572.6205, 632.1443, 695.8386, 764.8041, 839.431, 913.5051, 997.5387, 1080.872, 1154.9461, 1212.4174, 1257.4624, 1303.974, 1341.2874, 1381.7732, 1438.5914, 1500.3198, 1547.2682, 1597.2682, 1653.7654, 1713.6456, 1777.3399, 1850.8693, 1922.8117, 1995.8044, 2075.1695, 2158.5028, 2233.6908, 2305.6332, 2381.3908, 2441.271, 2508.8386, 2570.1883, 2638.2155, 2705.7831, 2777.7255, 2841.4198, 2903.1482, 2963.3892, 3020.5321, 3086.3216, 3143.7929]
growth_rate:7.26
