ticker:XT
price:[48.310001373291016, 47.77000045776367, 48.459999084472656, 47.63999938964844, 48.599998474121094, 50.970001220703125, 50.84000015258789, 50.65999984741211, 47.79999923706055, 51.97999954223633, 52.31999969482422, 52.880001068115234, 54.439998626708984, 55.439998626708984, 55.11000061035156, 56.75, 56.77000045776367, 57.2400016784668, 59.40999984741211, 59.2400016784668, 60.459999084472656, 58.310001373291016, 60.349998474121094, 62.220001220703125, 61.52000045776367, 58.709999084472656, 57.470001220703125, 58.720001220703125, 58.709999084472656, 59.220001220703125, 60.290000915527344, 61.31999969482422, 61.75, 62.16999816894531, 61.36000061035156, 61.439998626708984, 60.36000061035156, 60.93000030517578, 61.7400016784668, 62.09000015258789, 62.810001373291016, 61.77000045776367, 63.13999938964844, 63.470001220703125, 63.560001373291016, 62.58000183105469, 63.779998779296875, 63.97999954223633, 64.9800033569336, 64.94999694824219, 64.19000244140625, 65.77999877929688]
assets:[0, 100.00171895828247, 201.44821619415282, 298.0406001815796, 404.0458073143006, 523.7473445434571, 622.4137858680725, 720.2078878307342, 779.5510675575256, 947.7201436538695, 1053.9183778526306, 1165.2002475357056, 1299.575315217209, 1423.4496847400665, 1514.9794277786257, 1660.06235, 1760.647763196945, 1875.2225229877472, 2046.312093744278, 2140.4538166461944, 2284.5354794059754, 2303.297533246231, 2483.8792021980285, 2660.844574203491, 2730.909732320404, 2706.172826799774, 2749.0142913909913, 2908.806828469849, 3008.3120950881957, 3134.4436006103515, 3291.0743959762576, 3447.300006843567, 3571.4718000000003, 3695.76392815094, 3747.61112527771, 3852.4968098899844, 3884.775675282288, 4021.4592291419985, 4174.920653499603, 4298.590054563904, 4448.436694261551, 4474.77943516159, 4674.026850817871, 4798.452685287476, 4905.255817984009, 4929.627000238037, 5124.155259927368, 5240.224280507278, 5422.12642011261, 5519.619610653687, 5555.034906280517, 5792.632738504029]
shares:[0, 2.0934, 4.157, 6.2561, 8.3137, 10.2756, 12.2426, 14.2165, 16.3086, 18.2324, 20.1437, 22.0348, 23.8717, 25.6755, 27.4901, 29.2522, 31.0137, 32.7607, 34.4439, 36.1319, 37.7859, 39.5009, 41.1579, 42.7651, 44.3906, 46.0939, 47.8339, 49.5369, 51.2402, 52.9288, 54.5874, 56.2182, 57.8376, 59.4461, 61.0758, 62.7034, 64.3601, 66.0013, 67.621, 69.2316, 70.8237, 72.4426, 74.0264, 75.6019, 77.1752, 78.7732, 80.3411, 81.9041, 83.443, 84.9826, 86.5405, 88.0607]
growth_rate:13.58
