ticker:XTLB
price:[1.75, 2.0799999237060547, 2.069999933242798, 1.8600000143051147, 1.8300000429153442, 2.1500000953674316, 1.9500000476837158, 2.369999885559082, 2.140000104904175, 2.2799999713897705, 2.299999952316284, 2.4100000858306885, 2.509999990463257, 2.4100000858306885, 2.390000104904175, 2.880000114440918, 2.75, 3.0299999713897705, 3.509999990463257, 3.8299999237060547, 3.4800000190734863, 3.109999895095825, 3.049999952316284, 3.559999942779541, 3.799999952316284, 3.2200000286102295, 3.75, 3.390000104904175, 3.390000104904175, 3.4100000858306885, 3.4100000858306885, 3.2799999713897705, 3.1700000762939453, 3.2100000381469727, 3.690000057220459, 3.4000000953674316, 3.380000114440918, 3.490000009536743, 3.5299999713897705, 3.450000047683716, 3.569999933242798, 3.359999895095825, 3.5899999141693115, 3.940000057220459, 3.6700000762939453, 3.5, 4.449999809265137, 3.5, 3.559999942779541, 3.549999952316284, 4.590000152587891, 4.630000114440918]
assets:[0, 99.99994833202362, 199.51922056553363, 279.2780721479058, 374.7735777888179, 540.3077089663983, 590.0466144285202, 817.13353754282, 837.8337950711489, 992.6451835439443, 1101.3526771667002, 1254.0261926613807, 1406.0603286576747, 1450.0421036423681, 1538.0085655077457, 1953.332429618454, 1965.161, 2265.2500976107835, 2724.101515598559, 3072.452748796463, 2891.680263848972, 2684.2312684575318, 2732.4455472809314, 3289.346319129801, 3611.1000546866653, 3159.9322160765173, 3780.045375, 3517.1610428391937, 3617.1609609337092, 3738.501080099153, 3838.5010376161817, 3792.165078922343, 3764.9888026138306, 3912.4963484952923, 4597.542656293631, 4336.218341627646, 4410.711207339001, 4654.254938718176, 4807.598741034984, 4798.644741323828, 5065.55394427669, 4867.580104026938, 5300.7777552675725, 5917.56685594058, 5612.048511666298, 5452.08965, 7031.942208598519, 5630.7412, 5827.26814233737, 5910.899375604606, 7742.543531389618, 7910.0167425139425]
shares:[0, 48.0769, 96.3861, 150.1495, 204.7943, 251.3059, 302.588, 344.7821, 391.5111, 435.3707, 478.849, 520.3428, 560.1834, 601.6772, 643.5182, 678.2404, 714.604, 747.6073, 776.0973, 802.207, 830.9426, 863.0969, 895.8838, 923.9737, 950.2895, 981.3454, 1008.0121, 1037.5106, 1067.0091, 1096.3346, 1125.6601, 1156.1479, 1187.6936, 1218.8462, 1245.9465, 1275.3583, 1304.9441, 1333.5974, 1361.926, 1390.9115, 1418.9227, 1448.6846, 1476.5398, 1501.9205, 1529.1685, 1557.7399, 1580.2118, 1608.7832, 1636.8731, 1665.0421, 1686.8286, 1708.4269]
growth_rate:55.1
