ticker:XXII
price:[0.6010000109672546, 0.5600000023841858, 0.5699999928474426, 0.628000020980835, 0.7059999704360962, 0.7670000195503235, 0.8550000190734863, 0.8529999852180481, 0.7269999980926514, 0.8360000252723694, 0.8159999847412109, 1.350000023841858, 1.600000023841858, 1.690000057220459, 2.5399999618530273, 2.2100000381469727, 2.2899999618530273, 2.200000047683716, 2.630000114440918, 2.7799999713897705, 2.7899999618530273, 2.5, 3.009999990463257, 4.099999904632568, 4.139999866485596, 3.3499999046325684, 2.4000000953674316, 3.049999952316284, 3.200000047683716, 3.059999942779541, 3.4800000190734863, 3.609999895095825, 3.2100000381469727, 5.150000095367432, 4.679999828338623, 4.369999885559082, 3.9100000858306885, 4.550000190734863, 4.5, 4.630000114440918, 4.789999961853027, 4.46999979019165, 4.769999980926514, 3.9600000381469727, 3.819999933242798, 3.059999942779541, 3.1600000858306885, 3.2100000381469727, 3.5299999713897705, 4.03000020980835, 3.4800000190734863, 3.9700000286102295]
assets:[0, 99.9999844257474, 201.78569746792317, 322.31831036832335, 462.3514734389305, 602.2997276522219, 771.4032472085953, 869.5987678304017, 841.1469220931768, 1067.2611238634167, 1141.7284922502517, 1988.8891551250456, 2457.2019566151616, 2695.419623262215, 4151.1039036566735, 3711.787442069435, 3946.150605264759, 3891.0617643364903, 4751.587542758942, 5122.590299281121, 5241.016881340885, 4796.25175, 5874.687114386917, 8102.065161543131, 8281.109666935396, 6800.897786392784, 4972.285397580862, 6418.945719646168, 6834.631781843948, 6635.616301917315, 7646.3872379089835, 8032.027751594664, 7242.052517063046, 11718.86950700941, 10749.379753715086, 10137.348312524604, 9170.259269301701, 10771.273691529084, 10752.9075, 11163.547454932308, 11649.328286226177, 10971.084790050269, 11807.399895786522, 9902.369759390258, 9652.285679319479, 7831.935519546747, 8187.8815943960435, 8417.436403031063, 9356.557561166215, 10781.849665320588, 9410.380803577233, 10835.40563908651]
shares:[0, 178.5714, 354.01, 513.2457, 654.8888, 785.2669, 902.226, 1019.4593, 1157.0109, 1276.6281, 1399.1771, 1473.2512, 1535.7512, 1594.9228, 1634.2929, 1679.5418, 1723.2099, 1768.6644, 1806.6872, 1842.6584, 1878.5007, 1918.5007, 1951.7233, 1976.1135, 2000.2681, 2030.1188, 2071.7855, 2104.5724, 2135.8224, 2168.5021, 2197.2377, 2224.9385, 2256.0911, 2275.5086, 2296.8761, 2319.7594, 2345.3348, 2367.3128, 2389.535, 2411.1333, 2432.0101, 2454.3815, 2475.3459, 2500.5984, 2526.7764, 2559.4561, 2591.1017, 2622.2543, 2650.5829, 2675.3968, 2704.1324, 2729.3213]
growth_rate:112.46
