ticker:YELL
price:[4.159999847412109, 4.130000114440918, 4.179999828338623, 3.819999933242798, 4.239999771118164, 4.989999771118164, 4.869999885559082, 4.460000038146973, 3.9200000762939453, 4.110000133514404, 4.239999771118164, 5.059999942779541, 6.239999771118164, 6.269999980926514, 5.239999771118164, 4.809999942779541, 4.659999847412109, 4.429999828338623, 4.670000076293945, 5.190000057220459, 5.449999809265137, 5.199999809265137, 5.110000133514404, 6.170000076293945, 6.909999847412109, 5.96999979019165, 5.889999866485596, 9.569999694824219, 8.84000015258789, 8.430000305175781, 9.050000190734863, 9.460000038146973, 8.770000457763672, 8.729999542236328, 9.170000076293945, 7.170000076293945, 6.340000152587891, 6.230000019073486, 6.360000133514404, 5.920000076293945, 6.449999809265137, 6.289999961853027, 6.610000133514404, 6.570000171661377, 6.179999828338623, 5.340000152587891, 5.150000095367432, 5.199999809265137, 6.300000190734863, 6.190000057220459, 5.679999828338623, 6.090000152587891]
assets:[0, 100.0001057709694, 201.21056173682211, 283.88138503897187, 415.0934335926056, 588.5180780057907, 674.3654421529769, 717.5912601376534, 730.7080062215805, 866.1249881362914, 993.5205623682021, 1285.663507461214, 1685.4819701768877, 1793.5855355438707, 1598.94558215847, 1567.7343443500042, 1618.8443369922638, 1638.944443491316, 1827.736223859787, 2131.2527634973526, 2338.0204881757736, 2330.7719945077897, 2390.4320014573573, 2986.2948449264527, 3444.4566459388734, 3075.890753901577, 3134.6726539433002, 5193.177560395813, 4897.041844528198, 4769.916724676514, 5220.728815030384, 5557.247696409321, 5251.9095121314995, 5327.955386624909, 5696.489328394508, 4554.07071945858, 4126.891227323914, 4155.2891507216455, 4341.996895150804, 4141.607189374924, 4612.392928605556, 4597.97739211464, 4931.896925618649, 5002.051891693926, 4805.125996528387, 4252.002355498886, 4200.713967788601, 4341.497520754814, 5359.89148227272, 5366.306034606218, 5024.170576159144, 5486.831312475204]
shares:[0, 24.2131, 48.1365, 74.3145, 97.8994, 117.9395, 138.4734, 160.8949, 186.4051, 210.736, 234.3209, 254.0837, 270.1093, 286.0583, 305.1423, 325.9323, 347.3915, 369.9649, 391.3782, 410.646, 428.9946, 448.2254, 467.7949, 484.0024, 498.4742, 515.2246, 532.2025, 542.6518, 553.964, 565.8264, 576.8761, 587.4469, 598.8494, 610.3042, 621.2093, 635.1563, 650.9292, 666.9806, 682.7039, 699.5958, 715.0997, 730.998, 746.1266, 761.3473, 777.5285, 796.2551, 815.6726, 834.9034, 850.7764, 866.9315, 884.5371, 900.9575]
growth_rate:7.58
