ticker:YGMZ
price:[3.9000000953674316, 3.799999952316284, 3.740000009536743, 3.7219998836517334, 3.799999952316284, 4.172999858856201, 4.010000228881836, 4.150000095367432, 11.239999771118164, 11.579999923706055, 10.15999984741211, 10.899999618530273, 10.600000381469727, 17.299999237060547, 35.34000015258789, 12.149999618530273, 11.880000114440918, 10.899999618530273, 8.479999542236328, 8.149999618530273, 5.980000019073486, 6.099999904632568, 5.070000171661377, 5.46999979019165, 4.900000095367432, 4.409999847412109, 4.340000152587891, 4.690000057220459, 4.559999942779541, 4.28000020980835, 4.610000133514404, 4.650000095367432, 4.900000095367432, 5.079999923706055, 4.360000133514404, 4.510000228881836, 4.559999942779541, 4.46999979019165, 4.070000171661377, 3.9000000953674316, 3.9000000953674316, 4.110000133514404, 3.7300000190734863, 3.430000066757202, 3.5299999713897705, 3.640000104904175]
assets:[0, 100.00003874516487, 198.42121250596048, 297.46632490131856, 403.70021493422985, 543.3266681230068, 622.1042175083161, 743.8236070931434, 2114.5968929401397, 2278.5618449878693, 2099.1524884738924, 2352.043337685013, 2387.3087659137727, 3996.2669537624356, 8263.47448767929, 2941.0082526620863, 2975.65253266468, 2830.1859909513473, 2301.833123743439, 2312.25676677227, 1796.6007077303411, 1932.652599784899, 1706.3197117730142, 1940.9402645529271, 1838.6853457858563, 1754.8165552825928, 1826.962558233261, 2074.2983843075276, 2116.8016774376392, 2086.82281429739, 2347.7227819945338, 2468.0935706184387, 2700.7869525647166, 2899.9992364463806, 2588.9759272810934, 2778.0460379854203, 2908.8444834988118, 2951.433134468603, 2787.3229305615905, 2770.898977757311, 2870.898880202627, 3125.4857695322034, 2936.511520015955, 2800.3309445021155, 2981.973123831463, 3174.8958154999495]
shares:[0, 26.3158, 53.0538, 79.9211, 106.2369, 130.2005, 155.1382, 179.2346, 188.1314, 196.767, 206.6095, 215.7838, 225.2178, 230.9981, 233.8278, 242.0583, 250.4758, 259.6501, 271.4426, 283.7125, 300.4349, 316.8283, 336.5522, 354.8337, 375.2419, 397.9176, 420.9591, 442.2811, 464.2109, 487.5754, 509.2674, 530.7728, 551.181, 570.866, 593.8018, 615.9747, 637.9045, 660.2759, 684.8459, 710.4869, 736.1279, 760.4588, 787.2685, 816.423, 844.7516, 872.2241]
growth_rate:-29.45
