ticker:YI
price:[5.960000038146973, 5.570000171661377, 5.900000095367432, 6.119999885559082, 6.230000019073486, 6.570000171661377, 6.800000190734863, 7.0, 6.940000057220459, 6.840000152587891, 7.269999980926514, 6.800000190734863, 7.139999866485596, 6.539999961853027, 6.5, 6.400000095367432, 6.929999828338623, 6.949999809265137, 6.940000057220459, 7.019999980926514, 11.899999618530273, 11.020000457763672, 12.699999809265137, 23.06999969482422, 20.239999771118164, 19.540000915527344, 15.270000457763672, 17.200000762939453, 16.209999084472656, 13.84000015258789, 14.069999694824219, 11.180000305175781, 12.229999542236328, 12.279999732971191, 12.460000038146973, 11.449999809265137, 10.399999618530273, 9.520000457763672, 9.729999542236328, 9.350000381469727, 9.3100004196167, 9.390000343322754, 9.220000267028809, 8.550000190734863, 7.860000133514404, 7.25, 6.869999885559082, 5.889999866485596, 6.170000076293945, 5.860000133514404, 5.630000114440918, 6.320000171661377]
assets:[0, 99.9998840818882, 205.9247533285618, 313.6034821357727, 419.2403752835274, 542.1202791645527, 661.0987385433197, 780.5427, 873.8521892049313, 961.2607894439698, 1121.6912050571443, 1149.1748722334862, 1306.6335415666103, 1296.832288435745, 1388.9005, 1467.5328218679429, 1689.0627181606292, 1793.9374257674217, 1891.3561335942745, 2013.1583885302066, 3512.619277398491, 3352.8626892757416, 3964.006490466595, 7300.7574804237365, 6505.172358436966, 6380.191328937531, 5085.953093466568, 5828.775818546676, 5593.2812570961005, 4875.509581753158, 5056.532770324708, 4117.912742404938, 4604.6572006496435, 4723.482249287796, 4892.719300979328, 4596.118088437557, 4274.64008320713, 4012.940088959885, 4201.460506335449, 4137.375168800354, 4219.674831187534, 4355.9338322642325, 4377.072500768375, 4158.998822779656, 3923.359938644409, 3718.875175, 3623.954480631923, 3207.0000853037836, 3459.4554917772293, 3385.641447138548, 3352.7579631514545, 3863.664480943346]
shares:[0, 17.9533, 34.9025, 51.2424, 67.2938, 82.5145, 97.2204, 111.5061, 125.9153, 140.5352, 154.2904, 168.9963, 183.0019, 198.2924, 213.677, 229.302, 243.732, 258.1205, 272.5297, 286.7747, 295.1781, 304.2525, 312.1265, 316.4611, 321.4018, 326.5195, 333.0683, 338.8823, 345.0513, 352.2767, 359.384, 368.3285, 376.5051, 384.6484, 392.6741, 401.4077, 411.0231, 421.5273, 431.8048, 442.5, 453.2411, 463.8907, 474.7367, 486.4326, 499.1552, 512.9483, 527.5043, 544.4822, 560.6897, 577.7545, 595.5165, 611.3393]
growth_rate:-24.24
