ticker:YJ
price:[2.259999990463257, 2.069999933242798, 1.7999999523162842, 1.7599999904632568, 1.809999942779541, 1.7000000476837158, 1.8300000429153442, 1.8799999952316284, 1.9500000476837158, 1.840000033378601, 1.8700000047683716, 1.8899999856948853, 3.809999942779541, 2.7200000286102295, 2.3499999046325684, 2.299999952316284, 2.0399999618530273, 1.850000023841858, 2.259999990463257, 2.2799999713897705, 2.559999942779541, 2.309999942779541, 2.9200000762939453, 3.3399999141693115, 3.109999895095825, 2.5, 2.390000104904175, 2.5199999809265137, 2.630000114440918, 2.109999895095825, 2.2090001106262207, 2.140000104904175, 1.9900000095367432, 2.0299999713897705, 2.0299999713897705, 1.9900000095367432, 1.899999976158142, 1.8799999952316284, 1.7999999523162842, 1.8200000524520874, 1.8200000524520874, 1.7100000381469727, 1.7799999713897705, 1.6200000047683716, 1.690000057220459, 1.4500000476837158, 1.2100000381469727, 1.149999976158142, 1.0499999523162842, 0.9300000071525574, 0.7599999904632568, 0.7910000085830688]
assets:[0, 100.00004077501296, 186.9566350473404, 282.8020784676075, 390.83618364429475, 467.08368310134415, 602.80183113631, 719.2718301756621, 846.0533456887007, 898.327208296144, 1012.9737665830135, 1123.8077884940744, 2365.4537044744493, 1788.722882814622, 1645.4038982264044, 1710.3954245399952, 1617.046361762047, 1566.4392351874708, 2013.5960335030318, 2131.415337254262, 2493.16807227335, 2349.694519796276, 3070.176848217773, 3611.7773771852253, 3463.0620111865996, 2883.812, 2856.924387398863, 3112.321692443323, 3348.177138691425, 2786.179956477761, 3016.90633618598, 3022.670754173255, 2910.8012719495296, 3069.30981574204, 3169.309847332668, 3206.860538368344, 3161.826630324304, 3228.544295811224, 3191.1594354631425, 3326.6170258725288, 3426.6171107545138, 3319.5138050522805, 3555.4002448534725, 3335.813775818765, 3579.953992211008, 3171.5581342977043, 2746.610546590805, 2710.4148188075424, 2574.7265130737783, 2380.4721933080255, 2045.332038334465, 2228.760066784072]
shares:[0, 48.3092, 103.8648, 160.683, 215.9316, 274.7551, 329.3999, 382.5914, 433.8735, 488.2213, 541.6972, 594.6073, 620.854, 657.6187, 700.1719, 743.6502, 792.6698, 846.7239, 890.9717, 934.8313, 973.8938, 1017.1838, 1051.4304, 1081.3705, 1113.5248, 1153.5248, 1195.3658, 1235.0483, 1273.0711, 1320.4645, 1365.7339, 1412.4629, 1462.7142, 1511.9753, 1561.2364, 1611.4877, 1664.1193, 1717.3108, 1772.8664, 1827.8115, 1882.7566, 1941.2361, 1997.4159, 2059.1443, 2118.3159, 2187.2814, 2269.926, 2356.8825, 2452.1206, 2559.6475, 2691.2264, 2817.6486]
growth_rate:-56.3
