ticker:YLDE
price:[32.970001220703125, 32.5620002746582, 32.62799835205078, 32.11199951171875, 32.48899841308594, 33.32500076293945, 33.691001892089844, 33.310001373291016, 31.690000534057617, 33.571998596191406, 34.8120002746582, 34.540000915527344, 35.20899963378906, 35.55699920654297, 35.361000061035156, 35.80099868774414, 35.617000579833984, 36.0099983215332, 36.29899978637695, 35.724998474121094, 35.8489990234375, 34.867000579833984, 35.946998596191406, 36.27199935913086, 35.86899948120117, 35.53099822998047, 35.46200180053711, 37.08000183105469, 36.827999114990234, 37.77000045776367, 37.619998931884766, 38.5880012512207, 39.34000015258789, 39.20800018310547, 39.400001525878906, 40.29999923706055, 40.095001220703125, 39.7400016784668, 40.08700180053711, 40.3489990234375, 40.13999938964844, 39.02000045776367, 39.82600021362305, 40.284000396728516, 40.47200012207031, 40.48699951171875, 40.310001373291016, 40.582000732421875, 40.81399917602539, 41.20000076293945, 41.361000061035156, 41.487998962402344]
assets:[0, 100.00115904350281, 200.2053978881836, 297.0392066833496, 400.52762133636475, 510.8356041950226, 616.4476307197571, 709.4763812499999, 774.9726250602722, 920.9974234886168, 1055.015961523819, 1146.772932396698, 1268.9851603012085, 1381.5280914711, 1473.9136684440612, 1592.2529967372893, 1684.0679533161162, 1802.6497129764557, 1917.1171541175843, 1986.8029201400757, 2093.6998446655275, 2136.346452627182, 2302.5202904815674, 2423.335904383469, 2496.410625892639, 2572.884856228638, 2667.8879580585476, 2889.614878692627, 2969.9755746288297, 3145.9426551280976, 3233.4501941951753, 3416.651089185333, 3583.232771898269, 3671.2097307449344, 3789.1887667472843, 3975.7440347332, 4055.521164471436, 4119.615481996918, 4255.588006742859, 4383.402276708985, 4460.697922172547, 4436.234578043747, 4627.8688420234685, 4781.090473485565, 4903.401363589477, 5005.217460736084, 5083.337064180374, 5217.635950567627, 5347.462416242599, 5498.037101812362, 5619.5205454925535, 5736.773800525665]
shares:[0, 3.0711, 6.136, 9.2501, 12.3281, 15.3289, 18.2971, 21.2992, 24.4548, 27.4335, 30.3061, 33.2013, 36.0415, 38.8539, 41.6819, 44.4751, 47.2827, 50.0597, 52.8146, 55.6138, 58.4033, 61.2713, 64.0532, 66.8101, 69.598, 72.4124, 75.2323, 77.9292, 80.6445, 83.2921, 85.9503, 88.5418, 91.0837, 93.6342, 96.1723, 98.6537, 101.1478, 103.6642, 106.1588, 108.6372, 111.1285, 113.6913, 116.2022, 118.6846, 121.1554, 123.6253, 126.1061, 128.5702, 131.0203, 133.4475, 135.8652, 138.2755]
growth_rate:12.49
