ticker:YMAB
price:[38.459999084472656, 39.439998626708984, 41.25, 37.5, 38.869998931884766, 39.2400016784668, 40.349998474121094, 41.380001068115234, 42.7400016784668, 47.31999969482422, 48.060001373291016, 41.029998779296875, 48.189998626708984, 51.290000915527344, 51.59000015258789, 53.7400016784668, 53.5, 49.5099983215332, 51.349998474121094, 47.54999923706055, 44.900001525878906, 42.0099983215332, 47.380001068115234, 47.72999954223633, 41.75, 35.16999816894531, 32.63999938964844, 36.02000045776367, 35.0, 31.020000457763672, 30.280000686645508, 26.3799991607666, 26.219999313354492, 27.350000381469727, 30.06999969482422, 34.20000076293945, 34.189998626708984, 35.650001525878906, 35.83000183105469, 33.22999954223633, 36.290000915527344, 36.220001220703125, 34.33000183105469, 34.599998474121094, 32.939998626708984, 31.65999984741211, 35.33000183105469, 33.099998474121094, 29.25, 29.09000015258789, 28.389999389648438, 29.81999969482422]
assets:[0, 100.00011651802062, 204.587625, 285.99, 396.4390061061859, 500.2119213962555, 614.3610067672729, 730.0425308441162, 854.0349875392914, 1045.5543212570192, 1161.903399200821, 1091.9436665130615, 1382.4939566024782, 1571.4281770500183, 1680.6216399707796, 1850.6605598018646, 1942.39775, 1897.5350486705781, 2068.0544335472105, 2015.0120526691437, 2002.7151780601503, 1973.8103641384123, 2326.116414439011, 2443.2986765670776, 2237.1821, 1984.5902416763306, 1941.8253716888428, 2242.9077965042115, 2279.3925, 2120.1922152877805, 2169.6135251993182, 1990.1730866861342, 2078.102753578949, 2267.662376628685, 2593.185654682159, 3049.3507280254366, 3148.457822537613, 3382.9035097938536, 3499.985651863098, 3346.0084059066776, 3754.1280147094726, 3846.8864876495363, 3746.1515938079833, 3875.615029083252, 3789.6743740058896, 3742.414605963135, 4276.233898625183, 4106.319610702515, 3728.6964, 3808.299915975952, 3816.660669946289, 4108.906703949738]
shares:[0, 2.5355, 4.9597, 7.6264, 10.1991, 12.7475, 15.2258, 17.6424, 19.9821, 22.0954, 24.1761, 26.6133, 28.6884, 30.6381, 32.5765, 34.4373, 36.3065, 38.3263, 40.2737, 42.3767, 44.6039, 46.9843, 49.0949, 51.19, 53.5852, 56.4285, 59.4922, 62.2684, 65.1255, 68.3492, 71.6517, 75.4425, 79.2564, 82.9127, 86.2383, 89.1623, 92.0871, 94.8921, 97.6831, 100.6924, 103.448, 106.2089, 109.1218, 112.012, 115.0478, 118.2064, 121.0369, 124.058, 127.4768, 130.9144, 134.4368, 137.7903]
growth_rate:-19.43
