ticker:YMTX
price:[26.399999618530273, 25.799999237060547, 25.399999618530273, 22.399999618530273, 21.399999618530273, 23.0, 24.600000381469727, 22.200000762939453, 19.540000915527344, 22.399999618530273, 21.799999237060547, 20.799999237060547, 21.799999237060547, 20.399999618530273, 24.0, 22.600000381469727, 19.68000030517578, 17.0, 21.399999618530273, 21.43000030517578, 19.899999618530273, 17.899999618530273, 20.6299991607666, 21.56999969482422, 20.5, 17.770000457763672, 16.979999542236328, 19.270000457763672, 19.329999923706055, 17.6299991607666, 19.639999389648438, 17.93000030517578, 17.649999618530273, 18.06999969482422, 16.739999771118164, 14.800000190734863, 14.100000381469727, 14.239999771118164, 15.380000114440918, 15.920000076293945, 16.190000534057617, 12.199999809265137, 11.90999984741211, 11.100000381469727, 11.039999961853027, 9.850000381469727, 9.010000228881836, 9.079999923706055, 10.5, 9.670000076293945, 8.6899995803833, 10.079999923706055]
assets:[0, 100.00079704284667, 198.45019701957702, 275.0115153165817, 362.73427353401183, 489.854, 623.9298096752167, 663.0585227870941, 683.6108400299072, 883.66878495121, 960.0000264026643, 1015.9634827346802, 1164.8088392349243, 1190.0054177474974, 1500.0072, 1512.5072855298997, 1417.0859739746093, 1324.1096, 1766.8203485052109, 1869.2982096199034, 1835.8386448081972, 1751.3323826770782, 2118.434786821556, 2314.9613912475584, 2300.1246, 2093.8160529376983, 2100.7315833663943, 2484.0456570091246, 2591.7799207704547, 2463.843509714699, 2844.7458915939333, 2697.0611269050596, 2754.9425504573824, 2920.498648677063, 2805.541935640526, 2580.408153254986, 2558.361879215431, 2683.7643408634185, 2998.6170903123857, 3203.9000153541565, 3358.2383837778093, 2630.6054388731004, 2668.0745928173064, 2586.6186588933942, 2672.637158765125, 2484.5542462215426, 2372.6736382732392, 2491.10705906868, 2980.6854, 2845.069709446907, 2656.7379557132717, 3181.693511918259]
shares:[0, 3.876, 7.813, 12.2773, 16.9502, 21.298, 25.363, 29.8675, 34.9852, 39.4495, 44.0367, 48.8444, 53.4316, 58.3336, 62.5003, 66.9251, 72.0064, 77.8888, 82.5617, 87.2281, 92.2532, 97.8398, 102.6871, 107.3232, 112.2012, 117.8287, 123.718, 128.9074, 134.0807, 139.7529, 144.8445, 150.4217, 156.0874, 161.6214, 167.5951, 174.3519, 181.4441, 188.4666, 194.9686, 201.25, 207.4267, 215.6234, 224.0197, 233.0287, 242.0867, 252.239, 263.3378, 274.351, 283.8748, 294.2161, 305.7236, 315.6442]
growth_rate:-37.61
