ticker:YNDX
price:[64.44000244140625, 61.81999969482422, 60.970001220703125, 63.33000183105469, 62.5, 60.93000030517578, 57.9900016784668, 59.119998931884766, 57.56999969482422, 63.810001373291016, 62.11000061035156, 61.939998626708984, 67.19000244140625, 68.05000305175781, 70.27999877929688, 69.2699966430664, 67.6500015258789, 69.58000183105469, 70.9000015258789, 67.31999969482422, 66.44000244140625, 62.63999938964844, 66.9800033569336, 73.83000183105469, 67.26000213623047, 63.9900016784668, 63.630001068115234, 67.80000305175781, 65.55000305175781, 63.0099983215332, 64.97000122070312, 62.02000045776367, 61.93000030517578, 60.880001068115234, 65.55000305175781, 65.61000061035156, 63.43000030517578, 64.88999938964844, 67.54000091552734, 67.62000274658203, 70.26000213623047, 69.58000183105469, 70.52999877929688, 71.31999969482422, 70.44000244140625, 69.63999938964844, 70.33999633789062, 67.93000030517578, 67.80000305175781, 67.94000244140625, 68.11000061035156, 72.41000366210938]
assets:[0, 100.00003150634765, 198.62806997680664, 306.31455285644535, 402.3, 492.1925424652099, 568.4411924530029, 679.5193557231903, 761.7029089622498, 944.2667813220978, 1019.1071010147095, 1116.3198192497255, 1310.937418634033, 1427.7162840270996, 1574.5038966522218, 1651.8746829475404, 1713.2430536430359, 1862.120883003235, 1997.4444729881286, 1996.5832829490662, 2070.4830840820314, 2052.061324005127, 2294.2392629837036, 2628.8722581985476, 2494.9357932411194, 2473.635898883819, 2559.7204089683532, 2827.470307267761, 2833.641416923523, 2823.8371817783354, 3011.6779095855713, 2974.9319679576874, 3070.6132751312257, 3118.5537027137757, 3457.7757709808347, 3560.9434171264647, 3542.622604044342, 3724.166844970703, 3976.255457899475, 4080.9685957603456, 4340.2975799652095, 4398.291075744629, 4558.339715106202, 4709.395087848663, 4751.283824676513, 4797.325457954407, 4945.54887052002, 4876.103730905915, 4966.770583560181, 5077.02729644165, 5189.73003950653, 5617.3725770965575]
shares:[0, 1.6176, 3.2578, 4.8368, 6.4368, 8.078, 9.8024, 11.4939, 13.2309, 14.7981, 16.4081, 18.0226, 19.5109, 20.9804, 22.4033, 23.8469, 25.3251, 26.7623, 28.1727, 29.6581, 31.1632, 32.7596, 34.2526, 35.6071, 37.0939, 38.6566, 40.2282, 41.7031, 43.2287, 44.8157, 46.3549, 47.9673, 49.582, 51.2246, 52.7502, 54.2744, 55.8509, 57.392, 58.8726, 60.3515, 61.7748, 63.212, 64.6298, 66.0319, 67.4515, 68.8875, 70.3092, 71.7813, 73.2562, 74.7281, 76.1963, 77.5773]
growth_rate:10.14
