ticker:YORW
price:[44.650001525878906, 43.209999084472656, 44.06999969482422, 41.86000061035156, 42.68000030517578, 43.58000183105469, 45.22999954223633, 46.27000045776367, 42.25, 43.900001525878906, 46.18000030517578, 46.099998474121094, 46.029998779296875, 46.540000915527344, 49.33000183105469, 47.2599983215332, 47.220001220703125, 46.599998474121094, 47.84000015258789, 46.119998931884766, 45.709999084472656, 43.439998626708984, 44.83000183105469, 44.720001220703125, 42.939998626708984, 41.61000061035156, 42.77000045776367, 47.900001525878906, 51.279998779296875, 48.15999984741211, 48.90999984741211, 48.56999969482422, 51.970001220703125, 51.58000183105469, 51.63999938964844, 49.0099983215332, 48.59000015258789, 49.189998626708984, 50.33000183105469, 50.75, 52.470001220703125, 47.2400016784668, 46.38999938964844, 45.630001068115234, 44.66999816894531, 47.56999969482422, 47.689998626708984, 48.2599983215332, 49.869998931884766, 49.34000015258789, 51.5099983215332, 50.61000061035156]
assets:[0, 100.00090088119507, 201.99043660125733, 291.8604822555542, 397.577006842804, 505.9594632583618, 625.1147776733399, 739.487147315979, 775.241025, 905.516551473999, 1052.5438029556276, 1150.7205019119262, 1248.9733838775635, 1362.812230809021, 1544.512491329956, 1579.7032518959047, 1678.3641133880617, 1756.3259824905394, 1903.0608540699004, 1934.641715194702, 2017.44280659256, 2017.2536242275237, 2181.799978114319, 2276.4448301391603, 2285.8335348953246, 2315.0347989578245, 2479.573668538666, 2876.9842616477968, 3179.9957963012694, 3086.5165982208255, 3234.584583908844, 3312.0999901893615, 3643.9545905914306, 3716.6073479370116, 3820.93134283905, 3726.3330933826446, 3794.3979709156038, 3941.250259967804, 4132.591417347717, 4267.075225, 4511.696018963623, 4161.990591878128, 4187.101037910462, 4218.502724747467, 4229.748522619629, 4604.347840461731, 4715.963815198135, 4872.329430541992, 5134.874414021301, 5180.305296020508, 5508.139254515839, 5511.899739472961]
shares:[0, 2.3143, 4.5834, 6.9723, 9.3153, 11.6099, 13.8208, 15.982, 18.3489, 20.6268, 22.7922, 24.9614, 27.1339, 29.2826, 31.3098, 33.4258, 35.5435, 37.6894, 39.7797, 41.948, 44.1357, 46.4377, 48.6683, 50.9044, 53.2332, 55.6365, 57.9746, 60.0623, 62.0124, 64.0888, 66.1334, 68.1923, 70.1165, 72.0552, 73.9917, 76.0321, 78.0901, 80.123, 82.1099, 84.0803, 85.9862, 88.1031, 90.2587, 92.4502, 94.6888, 96.791, 98.8879, 100.96, 102.9652, 104.992, 106.9334, 108.9093]
growth_rate:8.08
