ticker:YQ
price:[10.569999694824219, 16.31999969482422, 14.149999618530273, 13.789999961853027, 12.8100004196167, 13.300000190734863, 12.079999923706055, 16.899999618530273, 16.290000915527344, 14.460000038146973, 15.40999984741211, 16.90999984741211, 13.859999656677246, 12.279999732971191, 11.15999984741211, 9.930000305175781, 6.880000114440918, 7.489999771118164, 6.960000038146973, 6.28000020980835, 7.289999961853027, 6.570000171661377, 5.670000076293945, 4.730000019073486, 4.710000038146973, 4.860000133514404, 4.309999942779541, 4.559999942779541, 4.0, 3.690000057220459, 3.1500000953674316, 2.7899999618530273, 2.5199999809265137, 1.409999966621399, 1.1200000047683716, 1.1200000047683716, 1.0800000429153442, 1.0700000524520874, 1.059999942779541, 1.100000023841858]
assets:[0, 100.0007981300354, 186.70358496665955, 281.9530972200394, 361.9158178552628, 475.7596268228531, 532.1179566392899, 844.4372109392167, 913.9570173660279, 911.2836624040604, 1071.15371239357, 1275.419828491211, 1145.3765116281509, 1114.8066197585106, 1113.1307487804413, 1090.4470955123902, 855.5163182305336, 1031.3684744831085, 1058.3877178009034, 1054.9822592458725, 1324.6527710683822, 1293.8229068050862, 1216.5869683700562, 1114.8950604957581, 1210.1808158014298, 1348.7214790522098, 1296.0885287928581, 1471.267565538025, 1390.5856, 1382.815344443178, 1280.452043766165, 1234.1146331262587, 1214.6840908062459, 779.644676543653, 719.2922270623684, 819.2922114881158, 890.0318153666855, 981.7907461280108, 1072.6150020985604, 1213.0911362930417]
shares:[0, 6.1275, 13.1946, 20.4462, 28.2526, 35.7714, 44.0495, 49.9667, 56.1054, 63.021, 69.5103, 75.424, 82.639, 90.7823, 99.7429, 109.8134, 124.3483, 137.6994, 152.0672, 167.9908, 181.7082, 196.9289, 214.5656, 235.7072, 256.9386, 277.5147, 300.7166, 322.6464, 347.6464, 374.7467, 406.4927, 442.335, 482.0175, 552.9395, 642.2252, 731.5109, 824.1035, 917.5614, 1011.901, 1102.8101]
growth_rate:-68.9
