ticker:YSACU
price:[10.020000457763672, 10.020000457763672, 10.074999809265137, 10.100000381469727, 10.100000381469727, 10.100000381469727, 10.180000305175781, 10.628000259399414, 10.710000038146973, 10.625, 10.649999618530273, 10.829999923706055, 10.850000381469727, 10.869999885559082, 10.710000038146973, 11.140000343322754, 11.010000228881836, 11.149999618530273, 10.979999542236328, 10.498000144958496, 10.60099983215332, 10.270000457763672, 10.399999618530273, 10.380000114440918, 10.420000076293945, 10.329999923706055, 10.289999961853027, 10.329999923706055, 10.350000381469727, 10.289999961853027, 10.3149995803833, 10.329999923706055, 10.338000297546387, 10.380000114440918, 10.399999618530273, 10.40999984741211, 10.420000076293945, 10.404999732971191, 10.470000267028809, 10.460000038146973, 10.399999618530273, 10.479999542236328, 10.454999923706055, 10.420000076293945, 10.508999824523926, 10.489999771118164]
assets:[0, 99.99960456848144, 200.5489162033081, 301.04667137031555, 401.04677514724733, 501.0468789241791, 605.015742137146, 731.6411030572892, 837.286382982254, 930.641625, 1032.8316380052568, 1150.2878648965834, 1252.412289032936, 1354.7204767373084, 1434.7801491104126, 1592.3861830756186, 1673.8040927959441, 1795.0874985855105, 1867.7187841335297, 1885.7295210385323, 2004.231388866806, 2041.6524700023651, 2167.4961604967116, 2263.3278849534986, 2372.0494553678514, 2451.5610338935853, 2542.068344576073, 2651.949603413582, 2757.083816617775, 2841.1008884675025, 2948.0031555745127, 3052.2897834568025, 3154.6542301966665, 3267.470412024307, 3373.7661162509917, 3477.0096960346223, 3580.349538214874, 3675.19573768158, 3798.154881868839, 3894.526836203098, 3972.187294301033, 4102.742708793258, 4192.955763902473, 4278.918847329712, 4415.466620771885, 4507.483667650986]
shares:[0, 9.98, 19.9056, 29.8066, 39.7076, 49.6086, 59.4318, 68.8409, 78.178, 87.5898, 96.9795, 106.2131, 115.4297, 124.6293, 133.9664, 142.9431, 152.0258, 160.9944, 170.1019, 179.6275, 189.0606, 198.7977, 208.4131, 218.047, 227.6439, 237.3244, 247.0426, 256.7231, 266.3849, 276.1031, 285.7977, 295.4782, 305.1513, 314.7852, 324.4006, 334.0067, 343.6036, 353.2144, 362.7655, 372.3257, 381.9411, 391.4831, 401.0479, 410.6448, 420.1605, 429.6934]
growth_rate:0.17
