ticker:YSAC
price:[10.197999954223633, 10.369999885559082, 10.630000114440918, 10.119999885559082, 10.449999809265137, 10.359999656677246, 10.329999923706055, 10.1899995803833, 10.479999542236328, 10.449999809265137, 10.4399995803833, 10.260000228881836, 10.09000015258789, 10.100000381469727, 10.0, 9.989999771118164, 10.0, 10.079999923706055, 10.09000015258789, 10.0600004196167, 10.069999694824219, 10.0600004196167, 10.0, 10.0, 10.039999961853027, 10.050000190734863, 10.0600004196167, 10.050999641418457, 10.050000190734863, 10.050000190734863, 10.039999961853027, 10.069999694824219, 10.069999694824219, 10.069999694824219, 10.079999923706055, 10.069999694824219, 10.0600004196167, 10.09000015258789, 10.100000381469727]
assets:[0, 99.99998289642335, 202.5068171801567, 292.7908246890068, 402.3385776564598, 498.87335146770477, 597.428314587593, 689.3310536138534, 808.9490686653138, 906.633623451996, 1005.7655475750923, 1088.4249422807693, 1170.3905766994476, 1271.5506580255508, 1358.9609999999998, 1457.6019056047442, 1559.0610000000001, 1671.5331233484267, 1773.1914018154146, 1867.9197519135475, 1969.7765283050535, 2067.821014251709, 2155.488, 2255.488, 2364.5103510160443, 2466.865006817627, 2569.320083169937, 2667.021698750782, 2766.7560075091365, 2866.7555194069864, 2963.9033687386514, 3072.7597068786617, 3172.7598388481138, 3272.7599708175658, 3376.00970244751, 3472.660541759491, 3569.2126988768578, 3679.856352649307, 3783.5035729002]
shares:[0, 9.6432, 19.0505, 28.9319, 38.5013, 48.1538, 57.8343, 67.6478, 77.1898, 86.7592, 96.3377, 106.0843, 115.9951, 125.8961, 135.8961, 145.9061, 155.9061, 165.8267, 175.7375, 185.6779, 195.6084, 205.5488, 215.5488, 225.5488, 235.509, 245.4592, 255.3996, 265.3489, 275.2991, 285.2493, 295.2095, 305.14, 315.0705, 325.001, 334.9216, 344.8521, 354.7925, 364.7033, 374.6043]
growth_rate:-0.43
