ticker:YTEN
price:[4.579999923706055, 6.960000038146973, 7.639999866485596, 7.400000095367432, 7.409999847412109, 7.079999923706055, 6.400000095367432, 6.010000228881836, 5.489999771118164, 5.940000057220459, 6.019999980926514, 6.559999942779541, 6.960000038146973, 6.809999942779541, 6.630000114440918, 5.75, 5.929999828338623, 5.78000020980835, 7.099999904632568, 13.710000038146973, 16.0, 14.880000114440918, 17.81999969482422, 19.719999313354492, 18.6200008392334, 14.4399995803833, 13.020000457763672, 16.34000015258789, 15.479999542236328, 12.489999771118164, 13.130000114440918, 11.380000114440918, 9.109999656677246, 9.569999694824219, 9.25, 10.829999923706055, 7.489999771118164, 8.180000305175781, 8.239999771118164, 8.289999961853027, 9.140000343322754, 8.539999961853027, 10.020000457763672, 8.789999961853027, 8.550000190734863, 7.21999979019165, 8.029999732971191, 7.099999904632568, 7.46999979019165, 6.610000133514404, 6.03000020980835, 6.440000057220459]
assets:[0, 99.99988854808808, 209.76994833412172, 303.1802239072323, 403.590087689209, 485.61648676700594, 538.9753680313587, 606.131361083603, 653.6871357473374, 807.267985776472, 918.1402970910071, 1100.4983744007588, 1267.6018389475823, 1340.2828987383843, 1404.857244249344, 1318.3904750000002, 1459.6617487457752, 1522.7393212739469, 1970.4927935322762, 3904.9932618653297, 4657.2496, 4431.241714080334, 5406.769671406555, 6083.249052182769, 5843.920779394914, 4632.019745396614, 4276.516800355911, 5466.9964010524745, 5279.258795885467, 4359.5569821102135, 4682.944527816487, 4158.789177822113, 3429.2234217650416, 3702.378319935608, 3678.57885, 4406.919742954636, 3147.8139648080823, 3537.7994159866334, 3663.748626232338, 3785.9799785785676, 4274.168522549153, 4093.5883477145194, 4903.015681994248, 4401.14858589983, 4380.980767731667, 3799.4945655892375, 4325.753629151822, 3924.763507282448, 4229.293516212701, 3842.387128611803, 3605.2334094408034, 3950.3655870996477]
shares:[0, 14.3678, 27.4568, 40.9703, 54.4656, 68.5899, 84.2149, 100.8538, 119.0687, 135.9037, 152.515, 167.7589, 182.1267, 196.811, 211.894, 229.2853, 246.1487, 263.4497, 277.5342, 284.8281, 291.0781, 297.7985, 303.4102, 308.4812, 313.8518, 320.777, 328.4575, 334.5775, 341.0374, 349.0438, 356.6599, 365.4472, 376.4241, 386.8734, 397.6842, 406.9178, 420.2689, 432.4938, 444.6297, 456.6924, 467.6333, 479.3429, 489.3229, 500.6995, 512.3954, 526.2458, 538.6991, 552.7836, 566.1705, 581.2991, 597.8828, 613.4108]
growth_rate:-22.54
