ticker:YTRA
price:[0.6200000047683716, 0.5550000071525574, 0.7120000123977661, 0.7009999752044678, 0.7540000081062317, 0.7950000166893005, 0.8230000138282776, 1.1799999475479126, 1.0, 0.9700000286102295, 1.399999976158142, 1.4500000476837158, 1.7100000381469727, 2.319999933242798, 1.809999942779541, 1.9199999570846558, 1.840000033378601, 1.9299999475479126, 1.940000057220459, 2.2100000381469727, 2.180000066757202, 1.9600000381469727, 2.680000066757202, 2.640000104904175, 2.6700000762939453, 2.309999942779541, 2.0999999046325684, 2.359999895095825, 2.4800000190734863, 2.390000104904175, 2.4700000286102295, 2.8399999141693115, 2.359999895095825, 2.0999999046325684, 2.049999952316284, 2.0299999713897705, 1.9800000190734863, 2.140000104904175, 2.109999895095825, 2.0799999237060547, 2.2799999713897705, 2.549999952316284, 2.4700000286102295, 2.2100000381469727, 2.125, 1.9249999523162842, 1.899999976158142, 1.8700000047683716, 1.9199999570846558, 1.8700000047683716, 1.7699999809265137, 1.899999976158142]
assets:[0, 100.00001228874923, 228.28827917509076, 324.76137151265146, 449.3153908305764, 573.7476960445881, 693.95517536003, 1094.9782373272062, 1027.9477, 1097.1093173593283, 1683.4567113309026, 1843.5802306267262, 2274.1531617321966, 3185.400508341193, 2585.161559273958, 2842.270784470296, 2823.8428992260456, 3061.965567784202, 3177.830867730379, 3720.106324213028, 3769.6072834350584, 3489.1881479091644, 4870.930673331976, 4898.230322638178, 5053.89202241249, 4472.468043213558, 4165.879850814629, 4781.6554954509975, 5124.790831414366, 5038.8106921683075, 5307.473570476937, 6202.520052546977, 5254.206770445658, 4775.353373136568, 4761.654609242249, 4815.199517135978, 4796.59875420599, 5284.202963035012, 5310.124905993223, 5334.625516327095, 5947.570305367828, 6751.887833743095, 6640.064026912451, 6041.110023276043, 5908.7594875, 5452.64090493393, 5481.82749121213, 5495.272335012567, 5742.204543651724, 5692.668039515913, 5488.247259858751, 5991.338894818604]
shares:[0, 180.1802, 320.6296, 463.283, 595.909, 721.6952, 843.2019, 927.9477, 1027.9477, 1131.0405, 1202.4691, 1271.4346, 1329.9141, 1373.0175, 1428.2661, 1480.3494, 1534.6972, 1586.5107, 1638.0571, 1683.306, 1729.1776, 1780.198, 1817.5114, 1855.3902, 1892.8434, 1936.1334, 1983.7524, 2026.1253, 2066.4479, 2108.2889, 2148.7747, 2183.986, 2226.3589, 2273.9779, 2322.7584, 2372.0195, 2422.5246, 2469.2536, 2516.647, 2564.7239, 2608.5835, 2647.7992, 2688.285, 2733.5339, 2780.5927, 2832.5408, 2885.1724, 2938.6483, 2990.7316, 3044.2075, 3100.7047, 3153.3363]
growth_rate:17.48
