ticker:YVR
price:[1.4900000095367432, 1.3799999952316284, 1.5, 1.5, 1.409999966621399, 1.4199999570846558, 1.5499999523162842, 1.6699999570846558, 1.3799999952316284, 1.9199999570846558, 1.8799999952316284, 1.7699999809265137, 1.7400000095367432, 1.690000057220459, 1.590000033378601, 1.5700000524520874, 1.5499999523162842, 1.559999942779541, 1.7899999618530273, 1.7200000286102295, 2.2799999713897705, 1.8700000047683716, 2.200000047683716, 2.2300000190734863, 1.9500000476837158, 1.7599999904632568, 1.8200000524520874, 2.119999885559082, 3.299999952316284, 3.700000047683716, 3.6500000953674316, 3.549999952316284, 2.7100000381469727, 2.880000114440918, 2.4600000381469727, 2.0899999141693115, 1.840000033378601, 1.8700000047683716, 1.8899999856948853, 1.8799999952316284, 1.9500000476837158, 1.690000057220459, 1.690000057220459, 1.6799999475479126, 1.600000023841858, 2.2200000286102295, 1.7999999523162842, 1.7400000095367432, 1.9500000476837158, 1.659999966621399, 1.6200000047683716, 1.7400000095367432]
assets:[0, 100.00004365446568, 208.69575000000003, 308.6958, 390.1740627635002, 492.9411991022945, 638.0695703706265, 787.4684397637844, 750.7224814059973, 1144.4833664188027, 1220.640004904008, 1249.2196125384332, 1328.0464812788725, 1389.884270059061, 1407.6426115504025, 1489.936486777246, 1570.956261671591, 1681.0915063379289, 2028.9447297608378, 2049.6005380927563, 2816.912148652411, 2410.3621251462578, 2935.7201036300185, 3075.7525023073194, 2789.5595032136202, 2617.7562258154153, 2806.9980928972004, 3369.6897860988615, 5345.271942762899, 6093.183758525848, 6110.843664664507, 6043.423003824543, 4713.430167348004, 5109.106667017651, 4464.02849122324, 3892.609374140978, 3526.986399981451, 3684.4914903952003, 3823.8978670575143, 3903.665642098868, 4149.015101456642, 3695.813129133797, 3795.8131365196227, 3873.3524390681982, 3788.907256459117, 5357.108709039689, 4443.601562284756, 4395.481710091138, 5025.97107290101, 4378.518831958532, 4373.012460871697, 4796.9393842914815]
shares:[0, 72.4638, 139.1305, 205.7972, 276.7192, 347.1417, 411.6578, 471.538, 544.0018, 596.0851, 649.2766, 705.7738, 763.2451, 822.4167, 885.3098, 949.0041, 1013.5202, 1077.6228, 1133.4887, 1191.6282, 1235.4878, 1288.9637, 1334.4182, 1379.2612, 1430.5433, 1487.3615, 1542.3066, 1589.4764, 1619.7794, 1646.8064, 1674.2037, 1702.3727, 1739.2731, 1773.9953, 1814.6457, 1862.4926, 1916.8404, 1970.3163, 2023.2264, 2076.4179, 2127.7, 2186.8716, 2246.0432, 2305.567, 2368.067, 2413.112, 2468.6676, 2526.1389, 2577.421, 2637.662, 2699.3904, 2756.8617]
growth_rate:-5.94
