ticker:YY
price:[80.83000183105469, 74.91000366210938, 81.05000305175781, 77.08999633789062, 81.52999877929688, 82.66999816894531, 80.0199966430664, 85.12999725341797, 91.37999725341797, 100.83000183105469, 94.12000274658203, 85.22000122070312, 91.36000061035156, 85.11000061035156, 84.86000061035156, 82.27999877929688, 77.3499984741211, 79.9800033569336, 82.52999877929688, 90.08000183105469, 91.0, 92.04000091552734, 114.77999877929688, 135.25999450683594, 127.36000061035156, 117.9000015258789, 116.5999984741211, 117.69999694824219, 115.4000015258789, 96.12999725341797, 98.88999938964844, 100.01000213623047, 97.47000122070312, 99.0999984741211, 95.05999755859375, 87.75, 87.56999969482422, 86.05999755859375, 76.94999694824219, 70.87999725341797, 72.9000015258789, 67.7300033569336, 70.6500015258789, 64.20999908447266, 59.939998626708984, 60.93000030517578, 55.0, 53.45000076293945, 49.08000183105469, 45.20000076293945, 46.81999969482422, 61.970001220703125]
assets:[0, 99.9973638885498, 208.1931428390503, 298.02221684265135, 415.1833657836914, 520.9863284606934, 604.2870086494446, 742.8784080322265, 897.4155390266419, 1090.2243947982788, 1117.6750326156616, 1111.9846639282227, 1292.1044886322022, 1303.7149893493652, 1399.8845140686037, 1457.3268823791504, 1470.0057810012818, 1619.9869699943542, 1771.6384717956544, 2033.7091773391724, 2154.4796, 2279.10370667038, 2942.1901427093503, 3567.157731130981, 3458.817424575806, 3301.9074427337646, 3365.495715957642, 3497.24354932251, 3528.9089666610716, 3039.6401261528017, 3226.9092370834355, 3363.456383843994, 3378.037326306153, 3534.530275577545, 3490.441508355713, 3322.030725, 3415.212474098206, 3456.3244099487306, 3190.446908470154, 3038.774330248261, 3225.373087510681, 3096.636072480011, 3330.1372769233703, 3126.5839064201355, 3018.662246839142, 3168.518433869934, 2960.144, 2976.721407489395, 2833.349241705322, 2709.3603657318117, 2906.4638490554808, 3946.9375447479247]
shares:[0, 1.3349, 2.5687, 3.8659, 5.0924, 6.302, 7.5517, 8.7264, 9.8207, 10.8125, 11.875, 13.0484, 14.143, 15.318, 16.4964, 17.7118, 19.0046, 20.2549, 21.4666, 22.5767, 23.6756, 24.7621, 25.6333, 26.3726, 27.1578, 28.006, 28.8636, 29.7132, 30.5798, 31.6201, 32.6313, 33.6312, 34.6572, 35.6663, 36.7183, 37.8579, 38.9998, 40.1618, 41.4613, 42.8721, 44.2438, 45.7203, 47.1357, 48.6931, 50.3614, 52.0026, 53.8208, 55.6917, 57.7292, 59.9416, 62.0774, 63.6911]
growth_rate:-22.61
