ticker:Z
price:[83.87999725341797, 85.37999725341797, 95.87000274658203, 101.2699966430664, 108.18000030517578, 104.26000213623047, 97.11000061035156, 96.16000366210938, 88.62000274658203, 118.41999816894531, 106.02999877929688, 111.55999755859375, 108.05000305175781, 106.97000122070312, 126.47000122070312, 135.1999969482422, 138.63999938964844, 129.8000030517578, 144.61000061035156, 137.5, 145.82000732421875, 130.4600067138672, 156.77000427246094, 197.80999755859375, 181.22000122070312, 161.3300018310547, 135.16000366210938, 150.7100067138672, 134.61000061035156, 127.23999786376953, 133.41000366210938, 145.11000061035156, 134.61000061035156, 137.0, 130.1199951171875, 118.54499816894531, 111.87999725341797, 109.83000183105469, 117.31999969482422, 108.80000305175781, 110.83999633789062, 115.95999908447266, 118.61000061035156, 117.31999969482422, 115.29000091552734, 104.1500015258789, 111.63999938964844, 106.26000213623047, 101.1500015258789, 96.41000366210938, 96.02999877929688, 99.23999786376953]
assets:[0, 99.99705278320313, 212.2849470817566, 324.24627525177004, 446.3723172592163, 530.1933888633728, 593.8373647323608, 688.0248262023925, 734.0749307510376, 1080.925901286316, 1067.8281177062988, 1223.523117224121, 1285.0278812942504, 1372.1790846588135, 1722.3190646240234, 1941.2015561828614, 2090.5941427963257, 2057.2911083694457, 2392.022942095947, 2374.41875, 2618.0961575012207, 2442.315693688965, 3034.8634817092893, 3929.337353503418, 3699.787544921875, 3393.7056525177, 2943.203691744995, 3381.8119826538086, 3120.542495149231, 3049.688268798828, 3297.575106518555, 3686.766252507019, 3519.997671960449, 3682.4915, 3597.557625, 3377.536669830322, 3287.6384712905883, 3327.39875247345, 3654.318546494293, 3488.9332178619384, 3654.3503432617185, 3923.158689025879, 4112.813632164001, 4168.086289157868, 4195.968054320526, 3890.533721999359, 4270.319288653564, 4164.53137772293, 4064.2576363105777, 3973.7986079437255, 4058.1317184143068, 4293.787215572357]
shares:[0, 1.1712, 2.2143, 3.2018, 4.1262, 5.0853, 6.1151, 7.155, 8.2834, 9.1279, 10.071, 10.9674, 11.8929, 12.8277, 13.6184, 14.358, 15.0793, 15.8497, 16.5412, 17.2685, 17.9543, 18.7208, 19.3587, 19.8642, 20.416, 21.0358, 21.7757, 22.4392, 23.1821, 23.968, 24.7176, 25.4067, 26.1496, 26.8795, 27.648, 28.4916, 29.3854, 30.2959, 31.1483, 32.0674, 32.9696, 33.832, 34.6751, 35.5275, 36.3949, 37.3551, 38.2508, 39.1919, 40.1805, 41.2177, 42.259, 43.2667]
growth_rate:-15.81
