ticker:ZBRA
price:[260.54998779296875, 249.9600067138672, 256.1499938964844, 257.4599914550781, 258.80999755859375, 284.0, 293.0, 303.7200012207031, 283.6400146484375, 346.42999267578125, 345.8599853515625, 354.989990234375, 377.0, 378.4700012207031, 377.55999755859375, 373.0, 376.8900146484375, 384.3299865722656, 405.4700012207031, 409.2200012207031, 408.8399963378906, 387.8299865722656, 407.1099853515625, 477.739990234375, 490.94000244140625, 499.42999267578125, 478.1499938964844, 472.8500061035156, 459.95001220703125, 476.9599914550781, 491.7799987792969, 507.510009765625, 513.489990234375, 497.4100036621094, 487.739990234375, 488.5799865722656, 486.7300109863281, 494.3299865722656, 497.04998779296875, 516.5700073242188, 508.4800109863281, 493.42999267578125, 510.6499938964844, 539.9400024414062, 547.72998046875, 518.3300170898438, 548.6099853515625, 552.47998046875, 562.27001953125, 571.0700073242188, 571.489990234375, 587.9600219726562]
assets:[0, 100.00899868621826, 202.4865701751709, 303.5195839263916, 405.11528917846675, 544.5416, 661.7991000000001, 786.0273631591797, 834.0718270751953, 1118.7263753479003, 1216.8737724609375, 1348.9974618896485, 1532.6558000000002, 1638.6237172851563, 1734.699408782959, 1813.7497999999998, 1932.6543061157229, 2070.8084006500244, 2284.7018158782957, 2405.845309176636, 2503.6134855743408, 2474.937059310913, 2697.95858392334, 3266.0216692382814, 3456.266711187744, 3616.0229759704594, 3561.9305645324707, 3622.4566117584227, 3623.6241811706545, 3857.6524108886715, 4077.495503878784, 4307.897215893555, 4458.633585205078, 4418.99047253418, 4433.068771240234, 4540.715821206665, 4623.545720361328, 4795.742364730834, 4922.136914117431, 5215.44576494751, 5233.784753082275, 5178.893174127197, 5459.614409744262, 5872.765424554443, 6057.510172998047, 5832.3530182983395, 6273.080877502442, 6417.331213134766, 6631.075248339844, 6834.851382659913, 6939.8886964111325, 7239.904526562499]
shares:[0, 0.4001, 0.7905, 1.1789, 1.5653, 1.9174, 2.2587, 2.588, 2.9406, 3.2293, 3.5184, 3.8001, 4.0654, 4.3296, 4.5945, 4.8626, 5.1279, 5.3881, 5.6347, 5.8791, 6.1237, 6.3815, 6.6271, 6.8364, 7.0401, 7.2403, 7.4494, 7.6609, 7.8783, 8.088, 8.2913, 8.4883, 8.683, 8.884, 9.089, 9.2937, 9.4992, 9.7015, 9.9027, 10.0963, 10.293, 10.4957, 10.6915, 10.8767, 11.0593, 11.2522, 11.4345, 11.6155, 11.7934, 11.9685, 12.1435, 12.3136]
growth_rate:41.96
