ticker:ZCMD
price:[1.7200000286102295, 1.7400000095367432, 1.7599999904632568, 1.75, 1.7000000476837158, 1.7400000095367432, 1.7300000190734863, 1.8899999856948853, 1.7100000381469727, 1.8600000143051147, 2.0199999809265137, 1.840000033378601, 1.8300000429153442, 1.8200000524520874, 1.7300000190734863, 1.809999942779541, 1.7599999904632568, 1.7000000476837158, 1.8200000524520874, 1.8600000143051147, 1.9600000381469727, 1.8300000429153442, 2.0799999237060547, 2.2200000286102295, 2.2799999713897705, 1.909999966621399, 1.7000000476837158, 1.8600000143051147, 2.259999990463257, 2.069999933242798, 1.9900000095367432, 2.0199999809265137, 1.7599999904632568, 1.8079999685287476, 1.8200000524520874, 1.8200000524520874, 1.75, 1.8300000429153442, 1.7599999904632568, 1.7599999904632568, 1.809999942779541, 1.690000057220459, 1.7400000095367432, 1.7649999856948853, 1.7599999904632568, 1.7100000381469727, 1.659999966621399, 1.6799999475479126, 1.6699999570846558, 1.6799999475479126, 1.6399999856948853, 1.690000057220459]
assets:[0, 100.00006254808902, 201.1495189100504, 300.0067, 391.4350409794569, 500.64533074398037, 597.7681175904751, 753.0531063002587, 781.3337304301261, 949.8716893053889, 1131.5811633152487, 1130.7471805123687, 1224.601807718146, 1317.9100859819412, 1352.7387419141292, 1515.293037096262, 1573.434183474183, 1619.7943854340076, 1834.1328988593937, 1974.44339718529, 2180.59627844038, 2135.964887090528, 2527.7631712821963, 2797.9011120579244, 2973.519874687243, 2590.9749287208797, 2406.1033974893808, 2732.560059015906, 3420.207371567416, 3232.6677667469266, 3207.73394937253, 3356.0918003107067, 3024.119631613493, 3206.5955201838615, 3327.878467908883, 3427.878552790868, 3396.03705, 3651.2845276262997, 3611.617836430073, 3711.617867888212, 3917.061420167923, 3757.366987217903, 3968.531643751073, 4125.550679062903, 4213.863609166741, 4194.1516355638505, 4171.515508120871, 4321.774665067792, 4396.049771031142, 4522.373378804803, 4514.697904619956, 4752.341338906002]
shares:[0, 57.4713, 114.2895, 171.4324, 230.2559, 287.7272, 345.5307, 398.4408, 456.9203, 510.6837, 560.1887, 614.5365, 669.1813, 724.1264, 781.9299, 837.1785, 893.9967, 952.8202, 1007.7653, 1061.5287, 1112.5491, 1167.1939, 1215.2708, 1260.3158, 1304.1754, 1356.5314, 1415.3549, 1469.1183, 1513.3661, 1561.6753, 1611.9266, 1661.4316, 1718.2498, 1773.5595, 1828.5046, 1883.4497, 1940.5926, 1995.2374, 2052.0556, 2108.8738, 2164.1224, 2223.294, 2280.7653, 2337.4225, 2394.2407, 2452.7202, 2512.9612, 2572.485, 2632.3652, 2691.889, 2752.8646, 2812.0362]
growth_rate:-6.82
