ticker:ZEAL
price:[35.803001403808594, 31.6200008392334, 36.5, 35.4900016784668, 41.150001525878906, 42.20000076293945, 40.13999938964844, 37.22999954223633, 33.75, 39.29999923706055, 37.27000045776367, 35.95000076293945, 37.62900161743164, 37.060001373291016, 37.36000061035156, 34.470001220703125, 35.81100082397461, 35.939998626708984, 37.650001525878906, 37.61000061035156, 37.185001373291016, 31.8799991607666, 32.720001220703125, 34.5, 33.56999969482422, 35.130001068115234, 30.996999740600586, 31.010000228881836, 31.0, 32.189998626708984, 31.690000534057617, 32.79999923706055, 32.560001373291016, 32.849998474121094, 33.0, 32.04999923706055, 29.0, 31.045000076293945, 30.628999710083008, 31.219999313354492, 32.040000915527344, 30.829999923706055, 30.899999618530273, 28.922000885009766, 29.8700008392334, 29.700000762939453, 29.25, 30.5, 29.959999084472656, 26.93000030517578, 27.28499984741211, 28.375]
assets:[0, 100.00141465415955, 215.43395, 309.4728146362305, 458.8266320137024, 570.5355703147889, 642.6855442276001, 696.0930244411468, 731.028375, 951.2407615333557, 1002.1045913082122, 1066.6113576358796, 1216.4252094863891, 1298.0302540996552, 1408.5392710113524, 1399.5820125640869, 1554.0291240566253, 1659.6264745845795, 1838.5888795143128, 1936.636717428589, 2014.7540259075165, 1827.3201078962327, 1975.466801699829, 2182.93575, 2224.0930477813718, 2427.4479438056946, 2241.861105938912, 2342.8024162919996, 2442.0467, 2635.791124551773, 2694.851096415138, 2889.2436927951812, 2968.1046051864623, 3094.5388412590028, 3208.6692, 3216.2975484371186, 3010.2232, 3322.494893665123, 3377.9743652259826, 3543.1546000726703, 3736.216546760559, 3695.11730885582, 3803.5056730445863, 3660.0329367965696, 3879.9996030132293, 3957.917141671753, 3997.9484999999995, 4268.80135, 4293.2229288063045, 3959.0278188644406, 4111.216465008544, 4375.453375]
shares:[0, 3.1626, 5.9023, 8.72, 11.1501, 13.5198, 16.0111, 18.6971, 21.6601, 24.2046, 26.8877, 29.6693, 32.3268, 35.0251, 37.7018, 40.6029, 43.3953, 46.1777, 48.8337, 51.4926, 54.1819, 57.3187, 60.3749, 63.2735, 66.2524, 69.099, 72.3251, 75.5499, 78.7757, 81.8823, 85.0379, 88.0867, 91.158, 94.2021, 97.2324, 100.3525, 103.8008, 107.0219, 110.2868, 113.4899, 116.611, 119.8546, 123.0908, 126.5484, 129.8962, 133.2632, 136.682, 139.9607, 143.2985, 147.0118, 150.6768, 154.201]
growth_rate:-14.21
