ticker:ZEST
price:[12.449999809265137, 11.449999809265137, 9.399999618530273, 10.75, 10.300000190734863, 12.0, 10.899999618530273, 9.550000190734863, 7.599999904632568, 8.25, 7.900000095367432, 8.949999809265137, 9.0, 8.5, 9.0, 10.010000228881836, 12.0, 10.0, 9.0, 8.819999694824219, 8.8100004196167, 8.510000228881836, 8.550000190734863, 10.0, 10.220000267028809, 11.289999961853027, 12.510000228881836, 16.219999313354492, 15.899999618530273, 13.800000190734863, 12.5, 12.649999618530273, 5.079999923706055, 4.710000038146973, 3.369999885559082, 3.75, 3.25, 3.2699999809265137, 3.390000104904175, 3.319999933242798, 4.809999942779541, 7.0, 6.061999797821045, 4.855000019073486, 4.885000228881836, 5.210000038146973, 5.900000095367432, 5.420000076293945, 4.699999809265137, 4.519999980926514, 4.050000190734863, 4.320000171661377]
assets:[0, 99.999718334198, 182.0958526102066, 308.24764999999996, 395.3438773209572, 560.5944, 609.2064286794663, 633.7542476574897, 604.3489524164199, 756.0366, 823.9621099467278, 1033.4761679754258, 1139.2496999999998, 1175.958, 1345.1319, 1596.0855274950027, 2013.3888, 1777.824, 1700.0414999999998, 1766.040886894226, 1864.0383897833824, 1900.5638811168672, 2009.497139828205, 2450.2889999999998, 2604.195060042572, 2976.8455799417493, 3398.5242081790925, 4506.399165229415, 4517.493581617165, 4020.8439555735586, 3742.06875, 3886.9729727855683, 1660.9344230552674, 1639.96078328228, 1273.390178757286, 1516.9773750000002, 1414.7136249999999, 1523.419416114092, 1679.3246919670105, 1744.6483449193238, 2627.638033741236, 3924.0053999999996, 3498.1885241289137, 2901.6669848995684, 3019.5969439802166, 3320.4914083122258, 3860.249702396965, 3646.1955673252105, 3261.829947628784, 3236.9089423408986, 3000.3280263005254, 3300.3496671441076]
shares:[0, 8.7336, 19.3719, 28.6742, 38.3829, 46.7162, 55.8905, 66.3617, 79.5196, 91.6408, 104.299, 115.4722, 126.5833, 138.348, 149.4591, 159.4491, 167.7824, 177.7824, 188.8935, 200.2314, 211.5821, 223.333, 235.0289, 245.0289, 254.8136, 263.671, 271.6646, 277.8298, 284.1191, 291.3655, 299.3655, 307.2706, 326.9556, 348.187, 377.8606, 404.5273, 435.2965, 465.8775, 495.376, 525.4965, 546.2865, 560.5722, 577.0684, 597.6657, 618.1365, 637.3304, 654.2796, 672.7298, 694.0064, 716.1303, 740.8217, 763.9698]
growth_rate:-35.29
