ticker:ZEUS
price:[11.729999542236328, 11.010000228881836, 12.0, 11.289999961853027, 11.829999923706055, 12.279999732971191, 11.979999542236328, 12.710000038146973, 11.40999984741211, 12.279999732971191, 13.279999732971191, 14.1899995803833, 15.59000015258789, 15.949999809265137, 15.130000114440918, 13.949999809265137, 13.75, 13.329999923706055, 15.020000457763672, 15.109999656677246, 15.65999984741211, 13.649999618530273, 15.550000190734863, 15.770000457763672, 16.270000457763672, 17.84000015258789, 21.09000015258789, 29.0, 26.690000534057617, 28.93000030517578, 30.530000686645508, 28.5, 28.520000457763672, 28.43000030517578, 29.049999237060547, 32.97999954223633, 31.229999542236328, 31.530000686645508, 35.75, 34.52000045776367, 35.119998931884766, 30.579999923706055, 29.8700008392334, 29.719999313354492, 29.5, 28.540000915527344, 28.90999984741211, 30.1200008392334, 31.010000228881836, 30.110000610351562, 26.81999969482422, 28.049999237060547]
assets:[0, 100.00052907886506, 208.99200000000002, 296.6266849977493, 410.81449235057835, 526.4411325525283, 613.579636554718, 750.9678102539062, 774.1570796470643, 933.1854237078667, 1109.1774496971132, 1285.1825859954834, 1511.9805747985838, 1646.8949003059388, 1662.2272025728225, 1632.5894026780127, 1709.18275, 1756.9753029439923, 2079.727841383743, 2192.188970190048, 2371.9841588878635, 2167.5339444250108, 2569.2425615140914, 2705.5927445365905, 2891.3759483501435, 3270.3842279720307, 3966.1664476955416, 5553.714599999999, 5211.332033276939, 5748.700611641693, 6166.638824692916, 5856.6075, 5960.717171673202, 6041.90670585556, 6273.666885234833, 7222.3923377529145, 6939.152871287155, 7105.812205747033, 8156.859425000001, 7976.21892177124, 8214.855734159088, 7252.912395904732, 7184.514808857537, 7248.434408533478, 7294.7777, 7157.389859600067, 7350.179546205521, 7757.815848155976, 8087.048343689728, 7952.340217199707, 7183.420442262267, 7612.8623579357145]
shares:[0, 9.0827, 17.416, 26.2734, 34.7265, 42.8698, 51.217, 59.0848, 67.849, 75.9923, 83.5224, 90.5696, 96.984, 103.2536, 109.863, 117.0315, 124.3042, 131.8061, 138.4639, 145.082, 151.4677, 158.7937, 165.2246, 171.5658, 177.7121, 183.3175, 188.0591, 191.5074, 195.2541, 198.7107, 201.9862, 205.495, 209.0013, 212.5187, 215.961, 218.9931, 222.1951, 225.3667, 228.1639, 231.0608, 233.9082, 237.1783, 240.5261, 243.8908, 247.2806, 250.7845, 254.2435, 257.5636, 260.7884, 264.1096, 267.8382, 271.4033]
growth_rate:49.27
