ticker:ZG
price:[83.44000244140625, 85.23999786376953, 95.30999755859375, 101.19999694824219, 108.0, 104.63999938964844, 97.87000274658203, 96.76000213623047, 89.33000183105469, 119.58000183105469, 107.97000122070312, 113.43000030517578, 110.5999984741211, 110.43000030517578, 129.02999877929688, 140.14999389648438, 143.86000061035156, 135.94000244140625, 150.02000427246094, 143.89999389648438, 152.0500030517578, 138.72000122070312, 163.75999450683594, 202.94000244140625, 191.4600067138672, 169.82000732421875, 139.97000122070312, 156.8300018310547, 141.7100067138672, 132.0800018310547, 135.4199981689453, 147.60000610351562, 136.13999938964844, 138.94000244140625, 133.35000610351562, 119.4000015258789, 113.31999969482422, 111.48999786376953, 118.29000091552734, 110.44999694824219, 113.47000122070312, 117.98999786376953, 118.95999908447266, 118.02999877929688, 116.58999633789062, 105.61000061035156, 113.27999877929688, 107.12999725341797, 103.23999786376953, 99.33000183105469, 97.75, 98.62999725341797]
assets:[0, 100.00356549377442, 211.81693857421874, 324.90259020233157, 446.7312, 532.8373408920288, 598.3674097923279, 691.5824392684937, 738.4732591369628, 1088.5487146682738, 1082.8635332427978, 1237.6233903297425, 1306.750041971588, 1404.7469048820496, 1741.3501545257568, 1991.4192932739256, 2144.1326070968626, 2126.0880441833497, 2446.3011996688842, 2446.5013562316894, 2685.0662088912964, 2549.673622436523, 3109.9005516815187, 3953.9612435668946, 3830.291456315613, 3497.3751228393553, 2982.620756011963, 3441.8853181854247, 3210.057585084534, 3091.913594863892, 3270.0950317840575, 3664.2144315216065, 3479.711156399536, 3651.2737941589353, 3604.370654974365, 3327.307902521515, 3257.88199922638, 3305.2659236686704, 3606.8632209159855, 3467.8095991836544, 3662.6300874023436, 3908.5248702354434, 4040.654808902741, 4109.060968502808, 4158.928395367431, 3867.2586853500366, 4248.1245622222905, 4117.487879436493, 4067.9759598258975, 4013.9055079925533, 4050.0562, 4186.517904416656]
shares:[0, 1.1732, 2.2224, 3.2105, 4.1364, 5.0921, 6.1139, 7.1474, 8.2668, 9.1031, 10.0293, 10.9109, 11.8151, 12.7207, 13.4957, 14.2092, 14.9043, 15.6399, 16.3065, 17.0014, 17.6591, 18.38, 18.9906, 19.4834, 20.0057, 20.5946, 21.309, 21.9466, 22.6523, 23.4094, 24.1478, 24.8253, 25.5598, 26.2795, 27.0294, 27.8669, 28.7494, 29.6463, 30.4917, 31.3971, 32.2784, 33.1259, 33.9665, 34.8137, 35.6714, 36.6183, 37.5011, 38.4345, 39.4031, 40.4098, 41.4328, 42.4467]
growth_rate:-17.91
