ticker:ZGNX
price:[23.690000534057617, 24.18000030517578, 24.209999084472656, 17.5, 17.579999923706055, 18.309999465942383, 20.399999618530273, 21.290000915527344, 21.31999969482422, 21.450000762939453, 21.600000381469727, 19.8799991607666, 21.559999465942383, 22.229999542236328, 19.940000534057617, 19.989999771118164, 20.18000030517578, 19.989999771118164, 21.81999969482422, 18.639999389648438, 19.299999237060547, 18.959999084472656, 21.040000915527344, 22.530000686645508, 22.989999771118164, 21.209999084472656, 20.739999771118164, 20.479999542236328, 20.860000610351562, 18.760000228881836, 20.639999389648438, 19.270000457763672, 19.0, 19.020000457763672, 18.889999389648438, 18.8700008392334, 19.1200008392334, 18.239999771118164, 17.549999237060547, 17.31999969482422, 18.200000762939453, 17.989999771118164, 18.700000762939453, 17.739999771118164, 17.670000076293945, 16.989999771118164, 17.81999969482422, 16.209999084472656, 14.270000457763672, 13.75, 13.739999771118164, 14.59000015258789]
assets:[0, 99.99880926208496, 200.12227343215943, 244.65699999999998, 345.7757444993973, 460.13394857902523, 612.6568685436249, 739.3846997955322, 840.4258599700928, 945.5503536315919, 1052.161938581848, 1068.3789868984222, 1258.66414482193, 1397.777911216736, 1353.7864562587738, 1457.1810283155442, 1571.0311857582092, 1656.2394470363615, 1907.8622213165283, 1729.8143113586425, 1891.062175245285, 1957.7488334655761, 2272.524186885834, 2533.4580232120516, 2685.183694267082, 2577.2842557518006, 2620.1733530843735, 2687.3261479335783, 2837.1895430145264, 2651.566572350502, 3017.289270774841, 2917.013662294388, 2976.1429000000003, 3079.275308110428, 3158.228442955017, 3254.884557759285, 3398.0065491485598, 3341.6135580682753, 3315.203630880356, 3371.757084590149, 3643.0704927165984, 3701.034079912758, 3947.100791037369, 3844.469056398583, 3929.299120965576, 3878.086377756119, 4167.540162628937, 3891.010897238922, 3525.3379710884096, 3496.8738749999998, 3594.330354125404, 3916.686999962235]
shares:[0, 4.1356, 8.2661, 13.9804, 19.6687, 25.1302, 30.0322, 34.7292, 39.4196, 44.0816, 48.7112, 53.7414, 58.3796, 62.878, 67.893, 72.8955, 77.8509, 82.8534, 87.4364, 92.8012, 97.9825, 103.2568, 108.0097, 112.4482, 116.7979, 121.5127, 126.3343, 131.2171, 136.011, 141.3415, 146.1865, 151.3759, 156.6391, 161.8967, 167.1905, 172.4899, 177.72, 183.2025, 188.9005, 194.6742, 200.1687, 205.7273, 211.0749, 216.7119, 222.3712, 228.257, 233.8687, 240.0377, 247.0454, 254.3181, 261.5961, 268.4501]
growth_rate:-23.2
