ticker:ZGYHU
price:[10.050000190734863, 10.029999732971191, 10.0600004196167, 10.079999923706055, 10.069999694824219, 10.15999984741211, 10.140000343322754, 10.164999961853027, 10.164999961853027, 10.130000114440918, 10.249199867248535, 10.300000190734863, 10.332799911499023, 10.3951997756958, 10.471500396728516, 10.600000381469727, 10.47700023651123, 10.4399995803833, 10.664999961853027, 10.92140007019043, 11.100000381469727, 10.850000381469727, 11.029999732971191, 11.25, 13.0, 11.0, 10.649999618530273, 10.699999809265137, 10.699999809265137, 10.412699699401855, 10.678000450134277, 10.678000450134277, 11.0, 11.0, 11.0, 10.5, 10.5, 10.5, 10.5, 10.600000381469727, 11.0, 11.0, 11.0, 10.999899864196777, 10.649999618530273, 10.85770034790039, 10.85770034790039, 10.85770034790039, 10.65999984741211, 10.699999809265137, 11.0, 10.780099868774414]
assets:[0, 100.00010033769608, 200.29963835477827, 300.6974857240677, 400.3992998657227, 503.97764843101504, 602.9852604160309, 704.4721078562737, 804.4723279809953, 901.7027131867408, 1012.3134708881378, 1117.33063069067, 1220.8885060230255, 1328.2612046192169, 1438.0103106311797, 1555.6571159845353, 1637.6054265678406, 1731.821582392597, 1869.1457603143692, 2014.0820074842452, 2147.01868378582, 2198.6625223016736, 2335.1380804678915, 2481.714, 2967.7583, 2611.18, 2628.0972108648302, 2740.4358011498452, 2840.435859367275, 2864.1692428159713, 3037.1436680316924, 3137.1431422472, 3331.7448999999997, 3431.7448000000004, 3531.7447, 3471.21075, 3571.21065, 3671.21055, 3771.2104499999996, 3907.1272806085585, 4154.565799999999, 4254.5657, 4354.5656, 4454.526048945046, 4412.830536937904, 4598.891902436829, 4698.892408411027, 4798.892914385223, 4811.5135211277, 4929.568022127056, 5167.7802, 5164.472032593155]
shares:[0, 9.9701, 19.9105, 29.8311, 39.7616, 49.6041, 59.466, 69.3037, 79.1414, 89.0131, 98.77, 108.4787, 118.1566, 127.7764, 137.3261, 146.7601, 156.3048, 165.8833, 175.2598, 184.4161, 193.4251, 202.6417, 211.7079, 220.5968, 228.2891, 237.38, 246.7697, 256.1155, 265.4613, 275.065, 284.43, 293.795, 302.8859, 311.9768, 321.0677, 330.5915, 340.1153, 349.6391, 359.1629, 368.5969, 377.6878, 386.7787, 395.8696, 404.9606, 414.3503, 423.5604, 432.7705, 441.9806, 451.3615, 460.7073, 469.7982, 479.0746]
growth_rate:1.26
