ticker:ZGYH
price:[9.880000114440918, 9.84000015258789, 9.819999694824219, 9.850000381469727, 9.869999885559082, 9.90999984741211, 9.87600040435791, 9.84000015258789, 9.850000381469727, 9.850000381469727, 9.890000343322754, 9.90999984741211, 9.949999809265137, 9.947999954223633, 9.949999809265137, 9.960000038146973, 10.050000190734863, 9.9399995803833, 10.140000343322754, 10.206000328063965, 10.180000305175781, 10.079999923706055, 10.130000114440918, 10.25, 10.369999885559082, 10.0600004196167, 9.970000267028809, 10.0, 9.970000267028809, 9.989999771118164, 10.029999732971191, 10.050000190734863, 10.029999732971191, 10.069999694824219, 10.069999694824219, 10.109999656677246, 10.109999656677246, 10.079999923706055, 10.130000114440918, 10.130000114440918, 10.15999984741211, 10.140000343322754, 10.1899995803833, 10.15999984741211, 10.140000343322754, 10.149999618530273, 10.149999618530273, 10.149999618530273, 10.180000305175781, 10.15999984741211, 10.199999809265137, 10.229999542236328]
assets:[0, 99.99998555068969, 199.79673179092407, 300.40728163414, 401.01710835027694, 502.6421292606354, 600.9180834036827, 698.7275868350982, 799.4378509605407, 899.438009833336, 1003.0903178214073, 1105.118587984085, 1209.5796868131638, 1309.3368527750015, 1409.600552978897, 1511.0176617872237, 1624.6709708339692, 1706.8887759437562, 1841.2324163409232, 1953.217198584652, 2048.24151140213, 2128.1208318925856, 2238.677349290848, 2365.196725, 2492.8867894890786, 2518.3651750445365, 2595.8351315248487, 2703.6459999999997, 2795.535233873463, 2901.142886531639, 3012.759163791275, 3118.766309189796, 3212.559767471981, 3325.3716912231444, 3425.3718231925964, 3538.978082820797, 3638.9781114249226, 3728.17969978199, 3846.673047456741, 3946.6733695864677, 4058.36113904953, 4150.372106524372, 4270.836700130081, 4358.262998545456, 4449.683622658538, 4554.071378843308, 4654.071205084992, 4754.071031326675, 4868.122973936463, 4958.558461529922, 5078.080105042458, 5193.015793627166]
shares:[0, 10.1626, 20.3459, 30.4982, 40.6299, 50.7207, 60.8463, 71.0089, 81.1612, 91.3135, 101.4247, 111.5155, 121.5658, 131.6181, 141.6684, 151.7086, 161.6588, 171.7192, 181.5811, 191.3793, 201.2025, 211.1231, 220.9948, 230.7509, 240.3941, 250.3345, 260.3646, 270.3646, 280.3947, 290.4047, 300.3748, 310.325, 320.2951, 330.2256, 340.1561, 350.0473, 359.9385, 369.8591, 379.7308, 389.6025, 399.445, 409.3069, 419.1204, 428.9629, 438.8248, 448.677, 458.5292, 468.3814, 478.2046, 488.0471, 497.851, 507.6262]
growth_rate:1.82
