ticker:ZI
price:[32.61000061035156, 31.989999771118164, 32.34000015258789, 39.209999084472656, 42.060001373291016, 42.279998779296875, 42.630001068115234, 43.16999816894531, 37.9900016784668, 41.66999816894531, 42.2400016784668, 43.59000015258789, 48.779998779296875, 46.11000061035156, 41.7599983215332, 42.849998474121094, 44.84000015258789, 48.22999954223633, 45.56999969482422, 45.34000015258789, 46.27000045776367, 48.0099983215332, 58.08000183105469, 57.84000015258789, 54.7400016784668, 52.41999816894531, 45.9900016784668, 48.34000015258789, 48.84000015258789, 52.900001525878906, 48.16999816894531, 47.27000045776367, 47.90999984741211, 51.33000183105469, 51.86000061035156, 42.97999954223633, 40.20000076293945, 42.36000061035156, 43.83000183105469, 44.20000076293945, 46.439998626708984, 51.38999938964844, 53.849998474121094, 51.900001525878906, 52.68000030517578, 49.75, 53.84000015258789, 53.75, 64.54000091552734, 62.4900016784668, 61.08000183105469, 63.189998626708984]
assets:[0, 100.00073928451538, 201.09335494880676, 343.81287697219847, 468.804981306839, 571.2577475067138, 675.9881899372101, 784.5499617233277, 790.4123769218445, 966.9773095092773, 1080.2035629234315, 1214.726893252182, 1459.3561014801026, 1479.476257583618, 1439.9014461257937, 1577.4841288261416, 1750.7464179576873, 1983.1066521778107, 1973.7323837821962, 2063.7725249454497, 2206.1027248256682, 2389.063934476471, 2990.1675822692873, 3077.811008119583, 3012.8513743816375, 2985.161635726929, 2718.993285233307, 2957.929443336868, 3088.524393649292, 3445.271299377441, 3237.2165569458007, 3276.7327967319493, 3421.0949861042022, 3765.3071513168334, 3904.1867979492185, 3335.673466473007, 3219.919561109543, 3492.9294023284915, 3714.141206163025, 3845.4928863773343, 4140.3766535636905, 4681.695751396179, 5005.80431315689, 4924.536834783173, 5098.54954153595, 4914.976624999999, 5419.044471358108, 5509.987749999999, 6716.084127270507, 6602.762316348649, 6553.780360469055, 6880.177602474975]
shares:[0, 3.126, 6.2181, 8.7685, 11.1461, 13.5113, 15.8571, 18.1735, 20.8058, 23.2056, 25.573, 27.8671, 29.9171, 32.0858, 34.4804, 36.8141, 39.0443, 41.1177, 43.3121, 45.5177, 47.6789, 49.7618, 51.4836, 53.2125, 55.0393, 56.947, 59.1214, 61.1901, 63.2376, 65.128, 67.204, 69.3195, 71.4067, 73.3549, 75.2832, 77.6099, 80.0975, 82.4582, 84.7397, 87.0021, 89.1554, 91.1013, 92.9583, 94.8851, 96.7834, 98.7935, 100.6509, 102.5114, 104.0608, 105.6611, 107.2983, 108.8808]
growth_rate:34.91
