ticker:ZIONP
price:[23.257999420166016, 23.389999389648438, 23.729999542236328, 24.26449966430664, 24.719999313354492, 24.32859992980957, 24.692100524902344, 24.5, 24.940000534057617, 24.440000534057617, 24.75, 24.790000915527344, 24.969999313354492, 24.514999389648438, 24.969999313354492, 24.867799758911133, 25.0, 24.979999542236328, 24.8700008392334, 24.88010025024414, 24.940000534057617, 24.889999389648438, 25.190000534057617, 24.8700008392334, 25.000099182128906, 24.559999465942383, 24.760000228881836, 24.940000534057617, 24.959999084472656, 25.18000030517578, 25.299999237060547, 25.020000457763672, 25.052499771118164, 25.100000381469727, 25.15730094909668, 25.170000076293945, 25.100000381469727, 25.010000228881836, 24.829999923706055, 25.030000686645508, 25.149999618530273, 25.540000915527344, 25.850000381469727, 25.461999893188477, 25.454999923706055, 25.361400604248047, 25.200000762939453, 25.1200008392334, 25.38409996032715, 25.449899673461914, 25.359699249267578, 25.200000762939453]
assets:[0, 99.99926439056395, 201.45345811386107, 305.9898994667053, 411.73383656330105, 505.2150047224045, 612.7641050460815, 707.9961, 820.7105735744477, 904.2580237596511, 1015.7276249999999, 1117.3696272659301, 1225.4826203006744, 1303.1511770553589, 1427.3375977499009, 1521.4965397693634, 1629.585, 1728.2812363288879, 1820.6705864381788, 1921.4105260055542, 2026.0358593849182, 2121.974496965027, 2247.5500886507034, 2318.99825425415, 2431.129644946289, 2488.3331858911515, 2608.5972521139147, 2727.560664407158, 2829.747544205475, 2954.68922181015, 3068.7709974590302, 3134.808399354172, 3238.8798646593095, 3345.021830837631, 3452.6584226966856, 3554.4016967739108, 3644.5175453893667, 3731.4495171487806, 3804.5941193098065, 3935.2392349550246, 4054.1044885082247, 4216.970847164917, 4368.156329461098, 4402.591116131401, 4501.380730508423, 4584.828928955841, 4655.652260951614, 4740.87263838768, 4890.716463206291, 5003.394286023331, 5085.661983117295, 5153.63703602829]
shares:[0, 4.2753, 8.4894, 12.6106, 16.6559, 20.7663, 24.8162, 28.8978, 32.9074, 36.9991, 41.0395, 45.0734, 49.0782, 53.1573, 57.1621, 61.1834, 65.1834, 69.1866, 73.2075, 77.2268, 81.2364, 85.2541, 89.2239, 93.2448, 97.2448, 101.3165, 105.3553, 109.3649, 113.3713, 117.3427, 121.2953, 125.2921, 129.2837, 133.2678, 137.2428, 141.2158, 145.1999, 149.1983, 153.2257, 157.2209, 161.197, 165.1124, 168.9809, 172.9083, 176.8368, 180.7798, 184.7481, 188.729, 192.6685, 196.5978, 200.5411, 204.5094]
growth_rate:1.05
