ticker:ZION
price:[33.68000030517578, 31.489999771118164, 31.420000076293945, 28.450000762939453, 29.850000381469727, 31.579999923706055, 31.139999389648438, 33.20000076293945, 32.27000045776367, 31.950000762939453, 37.47999954223633, 38.279998779296875, 39.459999084472656, 44.02000045776367, 41.68000030517578, 41.08000183105469, 43.34000015258789, 43.439998626708984, 48.720001220703125, 49.13999938964844, 48.119998931884766, 44.13999938964844, 47.72999954223633, 49.58000183105469, 51.70000076293945, 53.16999816894531, 55.790000915527344, 59.060001373291016, 56.45000076293945, 55.849998474121094, 55.40999984741211, 55.939998626708984, 56.119998931884766, 54.27000045776367, 55.79999923706055, 59.27000045776367, 60.20000076293945, 58.099998474121094, 57.880001068115234, 58.130001068115234, 55.27000045776367, 50.29999923706055, 55.47999954223633, 53.2599983215332, 52.290000915527344, 49.599998474121094, 50.86000061035156, 52.150001525878906, 54.9900016784668, 55.40999984741211, 53.869998931884766, 58.54999923706055]
assets:[0, 99.99964327316285, 199.7777864850998, 280.89254753265385, 394.71551004428864, 517.5930407495499, 610.3813560363769, 750.7582572525024, 829.7294787700653, 921.5019220046996, 1180.998533575821, 1306.2054303466796, 1446.4694024398802, 1713.6237838199615, 1722.5302126121521, 1797.734824130249, 1996.6348010295867, 2101.240517572403, 2456.6378535522463, 2577.8155719818114, 2624.30594574852, 2507.2490733306886, 2811.1681020389556, 3020.1261475372316, 3249.2623279495238, 3441.651445477295, 3711.240124902344, 4028.7661816787718, 3950.7266883953093, 4008.734170477295, 4077.1509037723545, 4216.147350496292, 4329.714037593842, 4286.982708160401, 4507.841998365402, 4888.168820753097, 5064.866864189148, 4988.186988995361, 5069.298345548629, 5191.195111386109, 5035.787916707993, 4682.960108969879, 5265.223944556808, 5154.539919556808, 5160.662289356232, 4995.176166329956, 5222.07090666809, 5454.5198945961, 5851.563064608002, 5996.254084487534, 5929.600070429993, 6544.736479718399]
shares:[0, 3.1756, 6.3583, 9.8732, 13.2233, 16.3899, 19.6012, 22.6132, 25.7121, 28.842, 31.5101, 34.1224, 36.6566, 38.9283, 41.3275, 43.7618, 46.0691, 48.3711, 50.4236, 52.4586, 54.5367, 56.8022, 58.8973, 60.9142, 62.8484, 64.7292, 66.5216, 68.2148, 69.9863, 71.7768, 73.5815, 75.3691, 77.151, 78.9936, 80.7857, 82.4729, 84.134, 85.8552, 87.5829, 89.3032, 91.1125, 93.1006, 94.9031, 96.7807, 98.6931, 100.7092, 102.6754, 104.5929, 106.4114, 108.2161, 110.0724, 111.7803]
growth_rate:28.33
