ticker:ZIONL
price:[27.5, 27.68000030517578, 27.68000030517578, 27.719999313354492, 27.75, 27.639999389648438, 27.6299991607666, 27.549999237060547, 26.959999084472656, 27.469999313354492, 27.6299991607666, 28.440000534057617, 28.450000762939453, 28.010000228881836, 28.100000381469727, 27.709999084472656, 27.579999923706055, 27.770000457763672, 27.6200008392334, 27.770000457763672, 27.649999618530273, 27.229999542236328, 28.6299991607666, 28.25, 28.329999923706055, 27.600000381469727, 27.829999923706055, 27.56999969482422, 27.780000686645508, 27.93000030517578, 27.790000915527344, 27.75, 28.040000915527344, 28.329999923706055, 27.969999313354492, 27.989999771118164, 27.860000610351562, 27.979999542236328, 27.75, 27.850000381469727, 27.81999969482422, 27.719999313354492, 27.8700008392334, 27.639999389648438, 27.68000030517578, 27.549999237060547, 27.75, 27.65999984741211, 27.8799991607666, 27.969999313354492, 27.8700008392334, 27.899999618530273]
assets:[0, 99.99953710250854, 199.99907420501708, 300.2879805616379, 400.61287500000003, 499.0236049804688, 598.8443128107072, 697.1114056949615, 782.1823654380798, 896.9778875789642, 1002.2036185590745, 1131.5849612493514, 1231.9817630378725, 1312.9295467285158, 1417.1476492383956, 1497.4788315238952, 1590.4530976003646, 1701.4096110462187, 1792.2204244565962, 1901.9534463520051, 1993.7336374937056, 2063.4485203113554, 2269.5372524728773, 2339.413575, 2446.0376904127124, 2483.0091943185807, 2603.6996518621445, 2679.3738783416748, 2799.7823672029494, 2914.900516849518, 3000.2890898429873, 3095.9703750000003, 3228.3238174072267, 3361.711448946762, 3418.993979065895, 3521.4386652042385, 3605.0840789794925, 3720.6124591293333, 3790.0283999999997, 3903.6872084699626, 3999.481052127075, 4085.1046148088453, 4207.210734689332, 4272.488837654114, 4378.671568275451, 4458.107816542053, 4590.4716, 4675.582756206894, 4812.770915127755, 4928.3082850132, 5010.68892388401, 5116.081520049095]
shares:[0, 3.6127, 7.2254, 10.8329, 14.4365, 18.0544, 21.6737, 25.3035, 29.0127, 32.653, 36.2723, 39.7885, 43.3034, 46.8736, 50.4323, 54.0411, 57.6669, 61.2679, 64.8885, 68.4895, 72.1061, 75.7785, 79.2713, 82.8111, 86.3409, 89.9641, 93.5573, 97.1844, 100.7841, 104.3645, 107.9629, 111.5665, 115.1328, 118.6626, 122.2379, 125.8106, 129.4, 132.974, 136.5776, 140.1683, 143.7628, 147.3703, 150.9584, 154.5763, 158.189, 161.8188, 165.4224, 169.0377, 172.6245, 176.1998, 179.7879, 183.3721]
growth_rate:0.32
