ticker:ZIONO
price:[27.040000915527344, 27.06999969482422, 26.8799991607666, 27.299999237060547, 27.329999923706055, 27.700000762939453, 27.329999923706055, 27.65999984741211, 27.25, 26.959999084472656, 27.450000762939453, 27.729999542236328, 28.84000015258789, 27.600000381469727, 27.329999923706055, 26.969999313354492, 26.860000610351562, 27.0, 26.649999618530273, 26.75, 27.780000686645508, 27.079999923706055, 27.270000457763672, 27.1200008392334, 26.780000686645508, 26.1200008392334, 26.530000686645508, 27.15999984741211, 27.299999237060547, 27.770000457763672, 27.920000076293945, 27.510000228881836, 27.31999969482422, 27.399999618530273, 27.3700008392334, 27.280000686645508, 26.809999465942383, 27.780000686645508, 27.75, 27.84000015258789, 28.5, 28.25, 28.43000030517578, 28.219999313354492, 28.020000457763672, 28.020000457763672, 27.700000762939453, 27.600000381469727, 27.780000686645508, 27.649999618530273, 27.510000228881836, 27.450000762939453]
assets:[0, 99.99928587265015, 199.2963777776718, 302.41028154869076, 402.74307787570956, 508.1952939971924, 601.4075803211213, 708.6685580905914, 798.1634, 889.6691857879639, 1005.8393979560852, 1116.0992055755617, 1260.7752146705627, 1306.5674580585478, 1393.7862681091308, 1475.4261764362336, 1569.4083476623537, 1677.5883, 1755.8405548667906, 1862.4286250000002, 2034.1405462783814, 2082.8852741317746, 2197.4984468879697, 2285.41060672245, 2356.757892427826, 2398.6754250692366, 2536.3264316448212, 2696.5561408504486, 2810.455751457596, 2958.84078577385, 3074.8240244022372, 3129.669674038696, 3208.0536961647035, 3317.4467338136674, 3413.813675676155, 3502.5884081611634, 3542.2443694381714, 3770.404479194069, 3866.3325750000004, 3978.8733338077545, 4173.20085, 4236.593175, 4363.587125839997, 4431.355450176811, 4499.950429515839, 4599.951009149551, 4647.417488003541, 4730.640065383911, 4861.491786162757, 4938.7406268632885, 5013.733304714012, 5102.798676826095]
shares:[0, 3.6941, 7.4143, 11.0773, 14.7363, 18.3464, 22.0054, 25.6207, 29.2904, 32.9996, 36.6426, 40.2488, 43.7162, 47.3394, 50.9984, 54.7062, 58.4292, 62.1329, 65.8852, 69.6235, 73.2232, 76.916, 80.583, 84.2703, 88.0044, 91.8329, 95.6022, 99.2841, 102.9471, 106.5481, 110.1298, 113.7648, 117.4251, 121.0747, 124.7283, 128.394, 132.124, 135.7237, 139.3273, 142.9193, 146.4281, 149.9679, 153.4853, 157.0289, 160.5978, 164.1667, 167.7768, 171.4, 174.9997, 178.6163, 182.2513, 185.8943]
growth_rate:0.05
